0.688275303494494,2.959191180638555e-16,3.163100379618929e-8,6.621256482076497e-5,1.0164697953176893e-11,0.0015854322276486338,3.918945447042616e-13,4.421708159624643e-8,1.496044913106074e-14,0.020096500620673016,6.58274817611731e-6,3.114214615353006e-10,0.052436356009609365,6.956234627506958e-15,4.167409594490712e-10,4.880468288674858e-6,7.023437276646293e-13,0.003174824799951863,7.898491612668355e-16,0.0002870961703106274,0.15290737017014144,1.4200240832866915e-8,1.774398575090652e-11,2.271549658501062e-16,0.22629131514923842,9.95151106166681e-7,6.654008713889332e-12,6.923688488174352e-10,2.4622794925789265e-6,0.09856705547352888,8.674038386947438e-15,1.0108222457043681e-16,0.00033336781941802735,0.00032905644628806,7.987638723270135e-7,2.7174460834074887e-7,0.011991586716409996,5.750380325008251e-12,1.0332309149954258e-8,2.591724806896164e-13,0.22263296965888343,1.3664202150607706e-10,6.33485474771419e-5,7.312230496289669e-9,2.2835339990288714e-5,1.0108081065168743e-16,1.1780225527514594e-13,1.7852922232271803e-5,9.161378107986017e-14,3.7300805494515075e-14,1.9091574200171876e-10,0.04856879075610617,0.012276619486146906,8.018356481608652e-8,0.234268626846864,3.5089291937328218e-9,5.122131943858417e-15,1.7397140693013565e-7,2.7779046505482103e-11,3.430723436961301e-9,0.36080209944419356,0.009112576002723763,3.446158607328414e-14,1.0049447368780685e-12,0.00356310050930549,1.0107945981961144e-16,0.0005082533670828094,0.21369166631046121,1.9600429736000173e-15,3.8137390192529424e-11,0.08435082411688632,4.190645201921585e-5,0.23509856240231472,1.2634035881376222e-15,0.006880570865489599,4.3163510492943584e-11,4.1075100401389106e-7,6.480119189574713e-8,6.393418129155941e-10,2.414395978259431e-15,0.0011741586279069166,3.981051491607386e-7,1.0287830411715997e-8,7.091000425433975e-10,5.012562503376672e-5,7.525247900243445e-6,6.023555647689942e-15,2.3452631600821065e-12,0.0022368119144031795,4.263127574538599e-14,1.4524531051388898e-12,0.0025452133684364994,3.1110541450009455e-6,1.4810180431178066e-12,1.2755383540913256e-10,1.0639890931934655e-6,1.3239095516723503e-12,4.6344774218021235e-15,0.000884225266705609,0.1417093475949645,8.954552562395942e-5,0.054326917791911074,7.740178916254243e-16,0.5174078678193264,8.756453058416545e-6,8.05097958581183e-6,2.3051818901449e-7,0.09797889365882821,0.013399779277510323,2.6008976365749725e-9,4.170283251310265e-12,8.443147863796132e-16,3.8765277595141377e-13,0.0001722367053521211,4.0171113759882114e-11,1.140674556009118e-7,3.4948864642768543e-16,0.06270659611621358,0.02436255883254779,3.3454998095556244e-9,0.000545943874274085,1.9119622074671248e-16,1.9986225759771242e-8,0.06125202170534538,2.2165389893168457e-14,6.035062514343189e-12,7.989068711285256e-10,2.7476588694191426e-6,1.0893786174421115e-10,0.00026356869158156024,0.43384015489069716,1.8500955239423407e-13,9.821588722347047e-9,0.013069320327432824,9.259368179263192e-16,3.328943947544319e-9,9.546995170949828e-14,2.059074128882331e-10,3.5780912254434833e-8,1.659836511576924e-6,7.06158720331521e-12,1.9196171376368403e-13,0.002048876099609938,2.6712037494610925e-13,1.5447773693762118e-6,1.7800385265750866e-9,0.00016235134058478995,0.1672574308146679,0.2417014922112022,0.002025428683164017,6.305355325825022e-10,1.4599558605736292e-15,5.805304023557939e-12,7.476472060230669e-12,3.256338480859562e-5,7.265666719920686e-7,4.036374820017487e-10,1.2404927663338413e-7,2.6317719393411814e-5,0.02252541779650876,2.90007842695142e-14,0.6026847285611121,1.8652716052535216e-16,3.2255599958071076e-16,6.396236771202935e-5,5.391290001387012e-8,9.51613038660184e-13,7.320356616514831e-11,0.022032155697226486,0.37634894263271856,9.438528661235935e-14,0.3803842834668467,9.34798504772289e-5,0.035929327984902545,0.005497555755267124,2.962535594409991e-11,4.5093107038269366e-7,2.591200533290143e-16,4.765131931653671e-15,0.1469346158059545,6.2072454488010615e-9,2.3038592526900377e-10,3.961570502606584e-13,4.666009346468517e-6,0.001020765572645751,1.5741461966568974e-7,2.7518288874852094e-11,0.00017429508988083532,4.322790224441009e-14,0.00016162148822676563,1.1237751568454519e-8,3.039290240289542e-14,0.0012636468862224854,1.860358167306058e-9,4.470936054350013e-13,0.13969061163757282,9.26319566748719e-7,4.666776880298785e-11,2.2689606715954876e-14,0.00015347713121323468,0.014687224175593188,4.240203950141191e-12,1.580012800445601e-9,2.1121006779532688e-7,1.854619788763537e-5,1.305395054118907e-7,0.43168881228894046,3.989799132692513e-11,1.031624567194497e-14,6.085334436391091e-8,0.001581980466367166,3.6412584934791024e-16,0.0519039173081033,2.4638005114228984e-8,1.426872081563717e-5,2.580380954155303e-15,2.9048112524606847e-7,1.3314267425378626e-14,9.299462501097676e-13,0.0009879611619706165,0.004096594385131256,1.4239592137645264e-5,3.9793264879451103e-10,2.0014627941833925e-13,0.4470674167262169,0.26848620302864995,1.769730452142698e-15,1.716298636702773e-11,3.064558369973182e-5,1.6972615145481938e-13,0.24100478406177087,1.3434210597347025e-7,0.0069822302228045125,1.6245485323490527e-9,5.703816667436124e-7,0.028095688870880944,1.1543375159510774e-16,2.0444926669260496e-16,1.330071485019007e-5,5.98721970535919e-6,1.4451934339656166e-12,0.043864217031659665,4.7379763086390304e-14,1.8829834704179544e-8,1.8342524996028492e-16,0.26848620302865,1.5815652207754906e-12,0.15486166608792568,1.04910576204148e-10,3.477687257413654e-5,1.150421713578986e-14,6.710600250653311e-12,9.913718920408469e-16,0.0004878577075851458,5.136565490145661e-14,0.008426227897267677,2.0311903483777326e-11,1.5195879364644248e-11,0.0007208471737894715,9.008015613840295e-6,1.3307400065717886e-13,2.0570495765860695e-9,3.103810262820863e-6,8.534522486129511e-7,0.15986251166917578,5.03917055435938e-16,0.1292335184111909,0.02395173269780983,0.004046322805538901,3.5852844770099837e-8,3.142615365140063e-12,5.949345070279492e-15,2.0775935514205776e-8,0.08583119860480697,0.5452536542229042,2.1921729155170688e-8,5.215265560002825e-15,0.0003261518039312221,1.1824018765076625e-8,0.0037820564450161687,1.485395490297551e-5,1.4973656976215156e-9,0.005575491065907581,3.4029068449024803e-15,3.3017259716622766e-10,4.732129992849726e-7,0.025380180151320233,1.710429065596136e-11,0.21543216389845218,7.50484384170148e-13,6.394301561460879e-5,9.466495253390763e-16,0.0007871527088728705,0.045361989478195225,1.3545418665988473e-11,7.643373901282002e-8,5.944090748030696e-10,2.6841013508285125e-14,7.624657485261251e-13,0.42661368389477344,1.1543375159510776e-16,2.131709289262613e-14,9.143856538053347e-7,0.20784628137226252,6.53378695985104e-9,2.749370372439454e-10,4.535215979577648e-12,3.083720078794921e-8,0.0001387798227295794,1.8842369584680555e-5,3.2984265927309215e-13,7.704353602761487e-11,2.292615070965894e-15,0.6026847285611114,1.3817318910897595e-13,2.761912699808005e-6,1.414466531033819e-9,0.009598565609598294,4.131599764197048e-5,5.960622511993669e-16,2.414828401460821e-9,1.4776767367338818e-6,8.803695267619206e-11,0.0005531254283820423,9.05939874582068e-14,8.086368475813891e-9,0.00012974243562041874,3.5678590559850447e-12,0.15935575065652635,2.59120053329014e-16,0.007217737725690653,3.4818577070677226e-10,4.431306904509981e-8,0.2512051632361764,1.6149281371898124e-11,8.559092747095171e-14,1.200268497585644e-7,0.0049127025769934475,3.2522666406436756e-12,0.3284120604157608,7.595784964852728e-5,1.4957578073837856e-7,1.6573856734069612e-6,8.525806664006688e-15,0.017011592913831464,1.447407559959159e-6,6.282994817688581e-15,1.771456108890318e-10,0.00010080742295821346,0.10366476449743083,1.1372982860774095e-11,1.3648045518120032e-6,0.0007785541132596562,0.04612745133360011,5.363720478743828e-6,4.429967413384317e-9,1.2125257685753905e-10,8.308588564788377e-6,0.000404412979490116,2.1273979174326533e-8,0.05409986749011749,0.0017193100023258781,0.012592863720770875,7.205497397142101e-12,7.564587473213032e-11,2.965296969705567e-13,4.339964970719262e-14,4.9110705956016995e-5,2.4484053878443825e-6,0.388071037168273,8.403929249904146e-10,0.08577946962865395,1.838087447229159e-12,0.010910233183709678,6.69075476490372e-8,0.0011297045155449679,0.01487903397567505,0.00038943062716411216,0.3563906505444341,3.0696161493755216e-5,9.703067963246367e-16,0.1921157743819738,0.4811132484278703,1.9369084764618093e-7,4.991090883459311e-12,4.268743788347721e-6,1.0466775501510083e-8,2.772888278838302e-15,3.552422185675931e-7,1.2473587644759315e-6,1.5343064849445264e-5,8.120161108911248e-10,1.446742833618856e-8,3.910876851640773e-16,3.9302220841712375e-15,6.27199030532433e-8,3.9547704785550475e-14,1.972345884384501e-16,0.0001284645038515125,0.012988099322319875,0.26643658317713503,1.6663237209424303e-16,0.0006407363157130693,6.582423029623679e-16,0.22289982485229992,2.3386506882966536e-12,5.544355827565738e-8,1.2748474446115371e-15,6.564661777143688e-8,0.5706716348802289,0.5034730477364763,0.24762578780088124,0.552503984704534,0.1933904645166536,7.980621354195102e-13,0.00022282296878808859,0.0008079285113545027,5.277387347520012e-9,0.0026924654276818823,0.005374146888586115,3.1246036230133726e-5,4.581909104992552e-16,7.823954859960966e-6,7.023514303256295e-10,1.0403435130928805e-8,0.04223604613829902,5.0348657534299487e-11,0.0010572311427006328,2.5582931998067607e-13,0.1946886247903125,0.2165456992301755,0.0007471650739015392,1.1183651946623349e-14,0.005934226522557678,1.0815236499436814e-10,9.5441100414156e-16,0.339211889707361,3.181971035446213e-15,1.5640597934180622e-10,1.8048701554884612e-14,5.9402634856496656e-5,0.04842750646076427,0.06261563829643373,3.736474564196364e-7,0.5417757074177987,1.6798990458854225e-9,0.3394260803078316,2.136318824829466e-12,0.04503459690665388,0.0042470458947188455,0.0052846451758755625,1.0772618639902294e-15,5.088203125071543e-16,1.480013660977278e-12,9.97924643092745e-9,6.821782149073366e-5,2.083430004842003e-11,0.11969914940936022,2.3837474132425037e-15,0.0001228111600685594,0.008127571399899801,0.0021453529706447526,1.755016742654055e-12,0.458388974780448,1.0540584423200179e-14,4.3702507356367046e-8,4.320728198262238e-14,0.10307631634386628,0.2618213471837014,0.0898858950995175,1.565742917710493e-14,0.0778948456773834,0.09687347269628484,0.06018804423760178,0.0016180968119626402,3.1283285184576274e-15,1.0530888098273943e-9,5.849212581327812e-12,0.17040055064030324,0.031818902654774626,0.5552183519413245,4.293083270725463e-9,0.022163961089738886,2.3602126205291866e-16,1.432240553392005e-9,1.5016017314079674e-7,0.014354378299714124,9.66796173834853e-13,1.9994173381748863e-11,0.011948977848342649,0.004543417635427957,6.971150823872253e-9,4.9525871114302336e-8,3.7987554650950686e-7,1.631812954752638e-5,2.3883269276897446e-12,1.2503280494638179e-13,0.19157587245416427,0.0019453845444407473,3.596577377792741e-14,1.2739281800478994e-6,0.002698660606843301,2.843595492013529e-6,1.6265402550750777e-9,5.064487817901428e-6,1.6671549339746641e-12,5.773039138146656e-10,1.225270118693598e-10,1.0908638649393375e-9,0.31178893746296393,5.8908567411135725e-9,3.2156809575089273e-6,6.105125513266276e-14,1.589525860883391e-15,8.275550784152109e-7,0.14980428455766082,4.758226610337257e-16,1.3123544897905415e-13,7.726182493381224e-14,3.065819135783174e-12,9.326478346610682e-10,0.03334304072492095,0.0005437243232841164,2.2558364560322933e-10,8.369501412441473e-6,1.5932792208673644e-11,6.808801192429169e-14,6.14517255952324e-14,2.8115118705433887e-11,1.1742863157161458e-6,9.295868110573842e-16,2.1551803481591647e-13,1.983683755417093e-5,0.09447165508488882,5.408423098733178e-6,4.596284267097968e-8,1.0154245739718512e-12,2.701083208639194e-10,3.0099764863678205e-13,3.528223538609512e-7,6.823945186285783e-15,0.00023384004485526037,0.00023595085118953592,3.751910429184721e-13,4.2069547301638616e-7,1.0100363723872369e-12,1.519950677425105e-14,5.148280091385574e-13,0.3318951763467839,8.948709124307828e-12,2.469819971266592e-6,6.449581318295488e-7,1.6692369347818106e-14,1.32272583285175e-14,3.241665417403564e-11,4.793978705405143e-14,2.9343873977466075e-7,0.03862496165448689,3.4929225174475225e-16,0.005377498661523203,0.026806700398084856,2.0679993664054356e-15,0.30984236845857366,4.518534702577378e-7,4.504619177690032e-11,2.0723200974453956e-10,0.2166776257329791,0.00010494675787775684,6.111544794331263e-9,2.5480317200852666e-14,0.2576596140676009,0.025091353252101278,9.704045289063455e-15,0.002707645639057887,1.4334163108111507e-10,2.3435644621799297e-5,9.425232409397647e-8,2.5278967333482853e-7,3.8740734141658025e-10,5.184723322960785e-13,6.746042022379527e-11,0.00017482073446864574,2.637421936336365e-5,3.00702798173193e-11,2.8576025239183193e-12,7.880463598349106e-13,0.49879226886698086,0.005146199832213582,4.039312008533313e-16,1.52215811086065e-14,1.1525448040670871e-9,1.9221929356054652e-16,3.5248106368970897e-12,2.748333812811363e-9,1.5118621277688482e-8,3.3426429751383564e-10,1.320552123970322e-9,0.0020559158253793198,1.15995151475484e-7,4.0150768178057307e-16,0.6109855589047819,1.3473496339626337e-8,1.8397204888190777e-7,5.1116965246458835e-5,8.173790038645938e-5,4.173870547055508e-15,1.0107945878329085e-16,0.34773708715205587,0.1455915351305238,0.36609476763559934,6.6454247604868674e-9,3.203414486761637e-13,1.0831227377994463e-12,0.00027560565596113415,1.585589893033415e-5,0.2350989013945886,2.9881628776313813e-5,0.0016686030084229954,2.612487212808432e-12,0.5529389537191612,2.406511150281289e-10,2.1778929417239654e-7,7.072910345285382e-7,0.00134424798314905,1.1989015017393513e-10,1.3873061448985488e-11,5.53693629860558e-10,0.1892405976564521,3.130698018715848e-16,0.0012233169460149375,4.348676828461127e-13,0.0008014688619430533,2.1197467934583647e-13,2.096968322034383e-16,0.003078699130186234,2.9255428668176246e-8,8.00618569483576e-5,0.0006553491479955236,2.729734530676961e-6,1.5381391445706182e-6,3.7897687760625893e-13,0.07579446776477074,0.03066823239038913,2.8536287667094303e-9,3.6270851910158726e-5,0.020099805439600806,5.4975197971252725e-8,0.00040646986858580166,6.530978089838509e-11,2.2718121776359528e-6,7.588788285075599e-14,2.4558796495996848e-8,0.19286126993648942,3.872038124577268e-15,0.018742166620250963,0.3475887313647316,6.392805156296177e-7,2.167453044420468e-15,1.739583881364637e-13,0.0513259195085523,0.017442689101617927,1.2913110045236818e-10,2.684062248142249e-14,6.308848965961621e-14,1.3042181059540774e-11,8.288529239045095e-9,0.013600748619951518,5.899110332700371e-8,0.006610435861168055,6.835329898073846e-16,4.3895045023393704e-7,3.9085937563357855e-11,1.381586874135881e-9,0.022723994524040204,2.11345196602618e-6,9.14778800993159e-13,1.1050704218963792e-9,2.032378054171435e-5,5.462029046101388e-6,8.714468738232677e-13,0.08378459312982268,0.002971801357510771,2.6095842744954048e-11,5.884875096433119e-9,1.4813015109207888e-8,2.622344218023754e-9,1.4064958897499119e-14,0.00019301377100710074,5.315361939737789e-9,0.2605675296783871,0.02459137893955067,5.22182362722947e-6,0.147437855439998,4.824793622780912e-10,3.1146124567792604e-14,2.3765044094817044e-15,9.948925614149023e-5,7.878070460866022e-6,0.0007183899674012247,0.38015891554404085,3.459586427359702e-13,3.553341471087247e-7,4.429919559446696e-15,2.134956491428675e-10,9.880989492023229e-12,1.3027376481297025e-13,0.005905504534933276,1.2153210897044057e-11,8.292677005685007e-5,2.0818712469065457e-5,0.0032404800437557607,1.1485983471991632e-15,0.020115523819563403,1.0476019667289011e-7,0.00016653878217996358,0.22784427732417445,0.13591673449038796,2.5968051637611148e-9,2.4354873488335827e-8,6.492378610036201e-16,1.6801171566993552e-16,2.4206336478622404e-16,0.00015165145038900958,3.709181205044254e-15,1.3083337547444502e-5,0.0030328108579553282,0.0005569332661339245,0.1539951873732805,7.49531755439809e-7,0.017479687991231348,1.3668706076575539e-16,1.7525872754663436e-5,0.0005008823697859272,5.403934793237435e-7,0.023525372095739253,0.07987700692222617,0.06152257448895219,1.3592691618898035e-15,0.00013713470526843888,3.865564208087333e-11,3.134240569947965e-7,0.24041596215642344,2.8817258614108e-10,1.6726895245301967e-12,1.0017378391625871e-5,6.181978562605314e-15,6.190583256701809e-6,0.007678511613596016,1.4100061030641927e-11,3.2561976265285825e-8,3.020756362198194e-9,0.001769797941324096,3.287165918677315e-8,0.40049397985381824,6.148186918092548e-14,7.055409685805683e-9,2.484982655696988e-5,2.4379877070807834e-11,0.08238788332135352,6.496320605512007e-13,0.03526844696139818,0.007646348303202138,0.2254422038442219,4.1393669800835675e-13,6.9043013327131e-11,1.2274971353613342e-8,6.666446382086243e-9,0.4037539271589225,4.334668573795926e-12,5.402558863610539e-14,1.7475871541173983e-6,0.0008297499527412542,8.94548719732472e-14,1.560701828592616e-8,1.8125667078632506e-8,5.9117735713733916e-5,0.00012600696877505905,1.1491457031104287e-14,1.990627591507379e-15,0.001848298158659449,3.670733908417944e-5,4.85750612733688e-8,7.251456432010563e-12,1.1294415600713426e-7,0.0030700978429457253,2.299084329062248e-8,5.906319651607466e-11,3.42834470504223e-11,0.13587251953911147,0.003048466355938614,3.303685956935875e-5,0.00013117304339297265,6.264433994777538e-5,0.0003069593296264707,5.787785496647993e-14,2.1681772898447104e-14,0.24521341788619988,1.7031495703086985e-6,1.6811216785813478e-16
0.0,0.688275303494494,3.3746181713437334e-8,1.1765134510584656e-11,7.567988642910615e-5,3.2604499297160446e-13,0.0013552420735388783,2.41301158445154e-8,0.0189667457221503,1.3835595279437957e-14,1.4043097995938434e-10,1.0823204449939828e-5,3.5373969831504395e-15,0.03312984284020212,2.337857998383738e-6,1.1672288676571927e-9,0.004218341735916092,5.268437874498765e-13,0.12795970076087104,1.4130834062723444e-11,4.789002172819108e-16,4.866507900393263e-7,4.540967676865994e-5,0.21013280337036624,6.32735276722881e-17,6.328272199882936e-9,0.0005921084220791176,1.4359405178646775e-6,3.9476555912435156e-10,1.1632995006089716e-14,0.12047272555683144,0.23509890135534933,1.9586108201127968e-12,1.987567752896166e-12,1.2708030454168606e-9,3.843394559857326e-9,1.1719848580339562e-13,0.00043058129360677656,1.0266060208505224e-7,0.0019260956339233232,8.044950879088067e-17,4.195905514042701e-5,8.781976214708674e-11,1.444306566170802e-7,3.729378704861233e-11,0.23509857360501732,0.02043986065245953,4.8568490004541726e-11,0.0045728907874148786,0.009402489191013249,4.920768064780396e-6,1.698490496033653e-14,2.2193214107472672e-13,7.735154458295828e-8,1.5447958897405234e-17,1.9054441136638742e-6,0.19438838961087906,6.053258325530415e-9,3.001655191477181e-5,3.0370806137056195e-7,1.513980997691154e-15,3.8810644525396255e-14,0.010005428137312498,0.0006001073030201873,1.2413595075804785e-13,0.2350985624104865,8.990874360913482e-12,1.6742647550699432e-15,0.30392139356865266,2.236498482239289e-5,1.639276936289146e-15,1.9359811343497625e-11,1.4757775779704807e-21,0.09940356974031858,5.528010114241488e-14,0.00015066420785411796,1.6870838143149135e-8,5.956970387072419e-8,1.5503763188602148e-6,0.06740480156717667,3.073058315032924e-12,2.6007561205842167e-9,3.65587354044332e-7,7.88814498812307e-6,1.129380331855059e-10,8.420156316186114e-10,0.03665672867465069,0.0002840524753511572,2.170362280956648e-13,0.05437587651802264,0.0021558228085879943,1.3280170568998731e-12,3.090699146231314e-10,0.00042686909543087243,7.209240266638214e-6,9.448365657751581e-10,0.0004711925993530444,0.04392232055779999,6.437439799208873e-13,5.809071877466523e-16,8.451785851775959e-12,3.3505768267172404e-15,0.4566252358527299,4.494636424383795e-16,1.0380117310677408e-10,6.576197100075647e-10,3.028131848477067e-8,1.3194019006272827e-14,2.364727525187752e-14,3.980851454511029e-7,0.0010072662086664064,0.42702165106592255,0.00448367725301059,2.6093439074948824e-11,2.1309200753633795e-5,9.287694556360405e-9,0.18336022968901936,2.6781470245092683e-15,1.065427876799843e-14,1.7738975385856376e-6,1.1195728041822012e-12,0.4446911426279348,1.7487760303134406e-7,2.4239146646404735e-14,0.06541027087831612,0.00012157052259656759,7.015446280098474e-6,3.519972870579651e-10,8.366733222708048e-6,2.5508160506326328e-12,7.848964322048651e-19,0.007838620786811155,6.186115827411287e-7,1.7982741685918505e-13,0.11784917791584747,3.12789887246397e-7,0.021687130550500915,2.8573066946198374e-5,2.983132029697729e-8,2.0047638648211517e-9,0.00010543577730791225,0.007954782592576199,1.540401742305878e-12,0.0018775223361898257,3.6571691531715662e-9,2.0417279178379737e-6,1.6937194640020308e-11,5.445497321962464e-15,1.3941814240359613e-15,9.247594919456631e-13,1.5711976078203385e-6,0.2960004514779025,0.0003906589073591476,0.0003368445493865339,1.6196726694404394e-10,1.4012808252045142e-9,8.373900958742013e-6,4.7548648500177295e-8,1.2127369058573286e-10,5.2120293684903856e-14,0.03555443847026157,2.5914322693888185e-28,0.433841554057085,0.18868750057503333,1.2218112414463943e-11,1.9775395065161907e-8,0.0025614835014371386,5.228045772143687e-5,5.068090993145558e-14,5.916465940779848e-16,0.0056172166855301036,5.333981609469885e-16,5.270560671273382e-11,5.2308068372981224e-14,4.2002117687379985e-13,9.187953915096032e-5,7.640549696479834e-9,0.6026847285611121,0.11596772745046928,3.6216625671875256e-15,7.71098130129154e-7,2.349765174029074e-5,0.0013427643395822813,8.810138597412496e-10,7.036998273181892e-13,2.2989775736504227e-8,0.00010415950463274175,5.326414150599481e-12,0.026023763367588274,1.54273854260281e-11,1.1749976295623863e-7,0.011037162696539794,2.9199925152773363e-12,2.298565555886384e-6,0.006887313284722996,9.206677720660745e-16,3.783416880286932e-9,5.849937385718224e-5,0.039328838723373165,6.150245575530455e-12,2.8182250341273384e-14,0.00021483181286738193,6.466702497715697e-7,1.9632134768512778e-8,2.8803587944961653e-10,8.101762226166691e-9,1.0159831403654497e-16,0.00011131709025663037,0.08609992093561811,1.318229793275349e-7,4.3454214586233535e-13,0.45840311050933286,2.459343160553435e-14,5.6257199705065487e-8,3.787150361479652e-10,0.08024857095813753,4.695573384891076e-9,0.09758125296141826,0.0008130424123279439,2.2529198767492043e-12,1.3974406488218193e-13,2.3046060086366228e-10,3.142142804558329e-6,0.007127166193318622,2.489880472798774e-18,1.1544288185952802e-28,0.10077478280363884,0.0002836808362896672,3.504876597915669e-11,0.0034875631383393967,3.4669985472002897e-15,5.191996610197702e-8,2.2407406325024302e-13,4.5751883658781266e-6,6.5367428969719805e-9,1.0638452703894577e-13,0.26848620302864995,0.21570571795682644,8.753478116647582e-11,7.08484167669731e-10,0.0014560520148389606,6.4137283239535544e-15,0.02321345933518593,5.660627940856791e-8,0.42661368606498123,1.1545483215373638e-28,0.0012725511541328445,4.628144444604735e-16,1.1158244693941649e-5,8.168280491156309e-11,0.02304625256249805,0.00011042692648787207,0.30001997331219593,8.262141658497358e-12,0.0072969145969758445,4.28563809528023e-14,5.1673076271051064e-5,6.636131665246304e-5,3.1852545524144382e-12,1.0072749697284992e-10,0.010824479374740268,6.442640130504089e-7,1.9587380825619574e-9,1.5544661813229964e-9,4.2366586051111584e-16,0.517223072623383,1.0854706694429243e-15,1.0905237045793161e-14,7.348485352778885e-13,1.0637006778348148e-7,0.0016233544569396513,0.108552305674021,3.7395967783175225e-7,7.8225634303037e-15,3.2101622248273985e-16,1.7518353887961143e-7,0.17402374866704487,1.9181132501623148e-11,8.983355932800228e-8,1.1547534331934156e-13,4.969669502548591e-10,8.732449199545252e-7,2.951604244680388e-13,0.21630074060208698,3.7415960059423535e-6,2.1782854394023673e-9,1.0072162122367517e-14,0.0002845635005735315,3.587483606303114e-15,0.0040065890588444255,4.389610088421535e-11,0.11647609816023335,7.361360835290905e-13,6.066672284134198e-15,0.00020205684155569334,1.8168838701507486e-8,1.3467065872027574e-5,0.01535778377007372,0.0009577595641367909,3.1096490099672136e-20,0.26848620302865,0.06940302844425104,8.814982139009786e-9,1.4724672099266228e-16,8.765850079420529e-7,3.4783928735582475e-6,0.00020251700955384365,1.1762425127437384e-7,5.213049717214676e-12,4.584041264613042e-11,0.008867642258752481,1.4993004863388877e-5,0.28082090942141974,2.591430910988713e-28,0.016558801834805355,1.2870608644493675e-9,2.521922939856124e-6,2.996569465867306e-13,1.966010833275375e-11,0.1774853100961018,1.4327408690348221e-6,2.6922462814693115e-9,5.867604111097113e-5,1.4630611927252261e-12,0.004614883489300685,1.6820486920521649e-7,4.042905542405434e-11,0.0007686625118973737,6.2187669849228214e-15,0.6026847285611114,5.206920726561304e-14,1.7416107905029723e-5,3.1411634275895624e-8,1.0224482172009687e-16,0.0001962156907759632,0.026964855795113787,8.821028246487518e-9,8.390252066485517e-14,0.0007076939521736985,2.7929853545499688e-15,1.3331800242017169e-11,2.340243897240977e-8,7.790003386071178e-10,0.17507037080463053,6.793395033565537e-14,6.866738673029525e-10,0.03559122410710877,1.6835429065049814e-5,2.8741889425008527e-11,1.1278998830015113e-15,0.0005276726472881283,4.382463983020873e-9,7.393258621036274e-12,4.0902244999970245e-14,2.17326627530721e-10,2.988336977229232e-7,2.632201201855575e-5,3.7374738516699666e-10,6.167682098662439e-12,2.753922965982245e-7,3.372210524775489e-15,2.9637151680781435e-13,1.0798120679373263e-13,0.00033225375918182517,7.470317038155712e-5,0.004324292343356759,0.010453974630690255,6.14388943566205e-11,2.4647191969707516e-9,1.260730690767814e-15,1.4709184855536536e-6,1.592026116824103e-15,0.0020645428840196643,1.2320076902983043e-13,5.252958044746662e-8,2.297547468515649e-12,2.8009940251819787e-14,6.483529773119644e-12,4.027269695298625e-16,3.573545155350307e-11,0.5471568448385801,2.234386909022654e-16,1.2938616359745917e-16,7.07323792996412e-9,0.00014433941248782398,1.3468217478125408e-9,3.310417350491201e-7,0.22244261385457365,2.5540904107124938e-8,8.013105826692038e-10,7.505587543325177e-11,4.05336973076713e-6,3.0856959784641883e-7,0.5456672020674483,0.060209869721749604,1.698433656524947e-8,0.04751669421606382,0.251760867133736,5.678164072877732e-12,2.4626524948477244e-14,1.1353985322243642e-15,0.22489365641675554,3.4521860774004315e-12,0.16982674122809596,2.2205617825859803e-16,0.0003560714744161307,6.065992918366632e-8,0.12165412443850775,5.771324411101543e-8,1.2289331724937473e-16,9.543413862882519e-16,5.0410152533014266e-17,2.40728244025068e-28,3.5696432915511024e-16,0.0037722169424638315,1.12207189235557e-11,2.5620794411198284e-12,1.1878729971899362e-6,7.080573521342308e-13,1.6610472975561232e-13,1.7111187326573028e-10,0.34751367873562944,4.1211011282376596e-10,4.990441187372171e-6,7.968853838161482e-7,4.6225898372839004e-14,1.726287713446749e-5,3.947839179200383e-12,0.013351314476868752,2.1031157739655856e-16,1.5476543204511443e-15,7.816446942010024e-13,0.029515845855368244,8.895214099293238e-14,2.7639431314941622e-5,0.2887421623149449,1.5493516981837623e-15,0.10303923829118444,2.0515120994573463e-5,0.020581044031793352,5.060161933126506e-11,9.847850760777721e-15,1.3317163704164406e-14,2.7752873126287176e-9,3.20762634782281e-16,3.881270847665401e-6,1.4597186814750505e-28,0.0003086306120199382,1.5350554903551026e-14,1.0551575105479704e-12,6.130310508782848e-13,0.4147775317804319,0.39591338823029665,0.0005435187298751491,3.5869048220196833e-7,3.951964058181597e-11,3.91634505997895e-5,9.302801461631521e-15,0.18987680610347335,2.273555297578534e-11,4.571155741079253e-13,1.5459526089861707e-12,0.0011260752046930215,6.336468215560378e-16,0.08405609604732567,1.8662490469669745e-7,0.02419160513205286,1.790710244891236e-14,7.38185239314115e-16,2.1042475089602418e-15,0.08406346456805061,2.662859884108019e-15,8.022808183189539e-15,2.872882129209832e-14,1.2899515720191259e-12,0.3022708282667319,3.191240398612175e-6,0.0007181559802145505,7.731976402681444e-15,3.012711994545236e-14,1.0811529067272016e-16,2.027947266978475e-6,1.0634741382924401e-13,0.3200698007010221,7.113267242811744e-7,4.8277449915370404e-8,4.8978330877354414e-14,0.001747252713601161,4.06790477944734e-5,2.3675951280836496e-13,3.5723928044809347e-13,1.5139260681626904e-7,1.414544216302358e-7,1.0001795609398765e-8,2.464790950911453e-10,0.0008641912169055556,0.003542008014244177,4.169491954901273e-16,1.7241701102394363e-12,0.047854608353485165,2.897408937420338e-9,2.1920253351872773e-13,3.395790690637811e-10,4.003682956707972e-6,1.594387345522997e-9,0.0026819754501043323,1.000202858293484e-5,4.427977630432343e-5,2.1888308089052098e-6,1.4355078266046525e-16,3.624668216828077e-7,1.0095409528496729e-9,0.006353974795871221,0.4241887328730386,5.412463863208993e-9,6.5481684483457535e-15,0.38909680443306843,0.003403060337748433,0.010195719690156552,0.00022364766169196557,5.76650066719216e-6,6.87907833222295e-15,1.1247866104343036e-12,2.913467863980509e-5,4.0832725162418167e-10,0.00010135861222321215,0.006991810113288343,0.03175874775311642,0.00016141792918836676,6.081586783525994e-9,0.20428664167705926,0.007312980259088994,2.802318449595661e-10,1.3405132846895958e-15,2.2070902488978395e-10,1.2216364147170272e-7,0.0032051399400758883,7.0330930786282995e-6,0.003340410983695995,1.014812142315243e-8,0.09435362633054602,2.9167711637508297e-12,6.278339669794641e-12,0.007936356884186004,1.459582108970939e-8,0.0005974602312767248,0.10818769176488828,0.0010723922127026432,6.000119334313814e-16,0.00027049217137216174,8.1576607798063e-10,2.0564653111524694e-9,0.01746959463968445,0.06243243551929552,3.347768350291972e-5,0.02663117069188905,1.2863208128737402e-8,5.570813925323791e-15,0.630675661079007,2.813486099825527e-13,2.1677690388711216e-14,0.07424042776871474,6.299994007146624e-16,4.703445598115532e-9,6.176587298224165e-5,5.881421139253842e-6,9.2084183921698e-16,5.0904104136162806e-11,4.3234752025153187e-7,0.03332594066786497,2.7420514787830623e-15,5.0202554717924934e-14,0.032793948398004626,1.7278434043524945e-13,8.054193244051716e-6,1.2898119761237304e-10,1.4033391637898922e-8,1.840129076472573e-8,1.4013111022395278e-5,0.0010659014660987802,1.683986958603618e-5,4.034785187829944e-12,2.2421906175334344e-10,0.00020405659580311137,0.00023816278565169923,0.0036434121009776693,2.3914959234962367e-28,3.28798360506639e-13,0.526117599618241,0.057017151024307,8.780050785006804e-7,0.4470809191737176,0.0011683399373511305,7.790025243007072e-7,7.040427653462317e-8,6.753365457364793e-6,5.890946678945667e-6,3.158777232665571e-13,1.8712523524789526e-8,0.173938886950513,2.7339057037661785e-28,1.0281539475836506e-7,6.905870892282403e-9,1.2423949225364606e-10,7.589613773438989e-11,0.1726710399455939,0.2350985626736148,2.74325943097746e-17,3.392612058217018e-15,2.292089204785188e-16,1.586997842432199e-7,0.0020316281381142424,0.0012692405878845985,1.5709576951431494e-11,2.3173745728775154e-10,5.9243455029457585e-22,7.741831748350544e-11,1.3788922690432552e-12,0.000506273024869068,1.1493921550571885e-16,1.3073488375207672e-5,3.2068428601981356e-8,1.2097194816151236e-8,8.755701594983686e-13,7.643674617434428e-6,0.0003396252993789048,7.106972391942487e-6,2.7832405887139348e-15,0.5833030255503477,4.416851228215184e-13,0.007049474759820783,1.5356639492687188e-12,0.0022816229061128493,0.33149365361966815,5.979513974396353e-13,1.2055853107583653e-7,2.016958363919586e-11,5.960591572981609e-12,2.4201468376991084e-9,1.3212096715324232e-9,0.0043238744130391655,7.393567064939488e-15,6.122044888808537e-14,1.916243999048944e-6,6.731677167149618e-11,1.0468077982272396e-13,2.3790493523000366e-8,2.0177845048916954e-12,4.104609944498632e-5,5.624789051926524e-10,0.03343273320791096,5.4578674151383155e-8,2.427103733614211e-15,0.11459050753017677,1.3066922511264703e-13,1.49464018103187e-28,3.571113538758345e-9,0.12688356026502653,0.0134256137728358,4.1740517078117187e-14,1.1837346388630584e-13,4.526810294562409e-5,0.054526375678567676,0.015456153429370264,6.02503833106486e-5,7.330080874805122e-7,2.319325680306839e-14,1.8064571664728665e-8,7.665812792148501e-14,0.13748229858994715,2.9363394284139014e-9,4.438356748165471e-5,2.377842796725293e-6,1.5477150367045887e-14,1.178774042309063e-9,0.000651482697953679,1.1049742421110803e-6,1.4500328488730659e-10,1.0878976099375738e-9,0.0014108810744315758,1.7806944677903245e-14,1.190598274853044e-12,9.995960589735854e-5,9.723464375649335e-7,1.4924970133882193e-7,2.966528221164936e-6,0.036608449375650526,3.2766812507374127e-11,1.1370743455459842e-6,3.351371813068674e-17,2.4912233743229975e-14,1.7933360244363037e-10,1.0758078900360724e-14,4.4125876589854574e-6,0.031677280842501904,0.1767321354174617,7.527737434088006e-12,1.1611413018350964e-10,1.8901709764569183e-12,3.3933060530181643e-16,0.004525313770388779,9.796928333348544e-9,0.20006985862668403,1.4587784396161112e-5,7.766080172383649e-5,0.009780779641874496,5.37222445112907e-13,0.0002007406461306776,9.195161253566504e-12,4.118827109018492e-11,4.246668426393224e-13,0.12171267733072859,1.772944838946062e-14,6.694526759841995e-8,2.7171286898168155e-11,5.180773439628824e-15,4.0649653674376444e-15,5.044377689228342e-7,2.53000779100922e-7,0.23635148627602165,0.39077676139966677,0.2438105328150524,1.1903800419453398e-11,0.05102666480119114,4.709603339816658e-10,1.0342882458863967e-12,6.76456078465467e-12,1.5417373836865114e-15,2.8594540327438806e-9,1.8057093070355273e-13,0.2534553334548998,1.0588792456643472e-10,4.4968950023507454e-12,1.3096308574334746e-8,2.8260271759135023e-14,7.455090234348983e-15,2.2724625622532266e-14,0.1748938223670601,1.5416937790293578e-11,7.739285547083495e-5,4.1208109075057205e-9,5.196727024442887e-16,3.3259173001142057e-6,0.00045721351549072,7.136754272883285e-10,0.1042398173895106,3.1862741789978796e-10,1.9864594226080565e-13,0.00034725175589253067,2.617081658461544e-7,1.140413598155654e-6,2.7739481856617976e-12,2.1009614711311615e-7,1.6193283812334766e-16,0.012002042267428436,3.573672266504663e-7,8.393786814147059e-11,0.00020124617665297022,2.1853714525081416e-14,0.006204202020971908,2.731201494584565e-14,1.2637648315425467e-13,6.734342589361235e-17,0.0016234603330380975,1.284664069456048e-5,5.892788004252251e-7,2.0214033954989426e-7,1.2081008867803868e-15,0.0003768881695217322,0.008697736393868172,3.3853624381222616e-9,8.3113534840903e-13,0.013682278142986433,4.4347322642150275e-7,5.879321255448967e-8,3.045238888577e-11,4.2944989898583994e-11,0.023065060776922306,0.25217464352669167,2.721184464522162e-13,1.3191260511110732e-10,2.7224941511736575e-8,0.0005233747744628076,1.9628012161277637e-8,1.160669325839256e-12,1.1566187821757479e-7,8.72943446901648e-5,3.0328206862471626e-5,3.642582239767481e-15,1.8743242000625296e-13,2.91604200067205e-11,5.54864034493787e-12,3.439695296822882e-11,1.5732494289998507e-11,0.019689649488267125,0.07489673061922085,1.0001278707066767e-15,1.5517591701719974e-9,0.25030049717273956
0.0,0.0,0.6882753034944924,5.851879626416193e-5,5.464177019996099e-5,0.00017861004050379845,0.00022430723084765082,0.009163881376277437,2.5602263444071025e-7,2.2354455665633305e-7,0.019725770171366463,0.0195939129029494,1.5935597073458604e-6,3.1875106183762467e-6,0.0018807351372059431,0.01958707181497453,2.299698084767152e-5,8.338882710892125e-6,3.231908719767983e-9,0.0015200188837864851,-7.600138602919301e-10,0.09665995058149796,0.006462560806534871,2.0350801959695408e-7,1.3362669447526326e-7,0.08605657095790391,0.0002918975008979524,0.11728232909483899,0.0010115333729749229,2.3425172608140384e-6,1.885501807516781e-6,-9.239262367610706e-9,0.0005267015767149687,2.1016217487906113e-5,0.17033108515429488,0.007794417901646854,1.9057245437165977e-5,0.000685686100213734,0.012758317378389353,3.566968613594892e-6,-6.588334343331754e-9,0.006319763910280659,0.0024389217168904963,0.28186460098483507,0.00026431528603579904,4.655708987991881e-8,1.2274763205224022e-5,0.014210477092315005,3.496194173150117e-5,3.5270034865364783e-7,0.000611874302460877,3.4706164319006283e-7,2.0700935960334395e-5,0.1559126018062387,5.1412796466078225e-8,0.07289607577061695,3.755142204402793e-7,0.2506414330934711,0.00021842210110810688,0.00446112340772923,1.0848766096536976e-7,2.5291125621751315e-5,2.410732558374005e-5,7.136287296018728e-6,1.7113348492671575e-6,-1.0181997356006201e-8,0.0003439445054472398,6.269583273443911e-8,1.4777508749431475e-7,0.007224536032849094,1.3302625294993184e-6,0.0038669105114233727,-9.54378788899174e-9,6.354289995222997e-7,4.773033517842234e-7,0.0016900941365289082,0.17307428104222009,0.3377567557153114,0.06515623549396936,4.316493821359592e-8,0.00013847463347679798,0.003657194533178298,0.35049707520027024,0.008403239251896524,0.0051137940424836655,0.014846674821712296,6.27254588968605e-8,0.0011151501019099775,7.24735424055427e-5,3.3166898147153206e-6,0.0002140423763087722,9.089511743989456e-5,0.00143161308485353,1.7166209605923833e-5,0.03276185352923508,0.08185771330463347,0.000394373627930443,3.7040376539859744e-6,4.5023286245218025e-6,3.0978077973312187e-7,0.003232083652493955,3.263779208344923e-8,1.7490308714805167e-8,6.583318837968106e-8,0.00035901732456084304,0.03624167678475013,0.1294976822317968,1.2847524400975486e-6,9.387374870830058e-6,0.006468550947551747,0.0001848469019361836,1.880720699996272e-7,6.0801275439988894e-5,0.0009069424928467733,0.00017464914650816495,0.5158675227036489,-1.5314751991488215e-9,4.565501428386438e-8,7.596109216956143e-6,0.025316864964166956,0.0005439359953751944,6.10951066841225e-8,0.029247401311566217,1.6285551196995843e-6,1.593223681822945e-6,0.0015029836604945285,0.015522657722476412,0.06819943880171646,0.0006691831048101233,1.5414639091881983e-5,-1.1355986137047907e-8,5.9631390548701105e-6,0.08160809625094553,6.20818012441317e-6,8.059487347469841e-7,0.32222117913160603,3.6789795838328545e-6,0.005189124783538381,0.015888394824619304,0.008041738466547375,6.784920290146202e-5,5.482041743678298e-5,0.00021248334482465079,2.155498659462398e-6,0.12309048800716615,0.07110871123481026,0.001661459330982052,1.9574799707639147e-7,5.398801732643688e-7,2.4346773199198657e-5,0.001493815228836322,3.98876586141415e-7,7.610360456759468e-5,0.0014820845910722455,0.0024806974238556928,0.004208632370597688,0.041106121733818314,0.4137969226548313,0.008732102345331977,1.5443578271447594e-5,5.548396832159566e-6,-6.460339484257775e-9,-1.2152050953606981e-8,1.6622817011438016e-7,0.0001028188123718106,0.38294853273734497,2.1417207241381938e-5,0.008731743384071441,1.692801792200272e-6,6.061046542840421e-9,1.1601244238659623e-6,2.048111666241078e-7,0.004899257931209032,4.6585064186868986e-6,8.057886754836531e-5,0.0005478689237708894,0.018359079157615275,-6.892344978078806e-9,1.070190931603439e-7,7.450796434264556e-7,0.20281879893437088,0.0032183092571563604,0.00013317238140884798,0.05981363070613915,0.00025464899751852157,0.0530754511267859,0.0026689949463037255,0.001622234404654602,1.3813648234416897e-5,0.00016855437200665368,0.5217893825061163,1.2613825710913824e-5,7.20719955632362e-5,0.01119597967618068,4.186499662343612e-5,8.357436840355522e-9,0.021432464181153327,0.0004587684472680018,4.851230261308688e-7,4.552231832587456e-5,3.1972226733349516e-7,3.323485767063487e-5,0.12061293657662549,0.39232153158154115,0.0039614150305229984,0.006633433849747064,9.47355944910891e-8,0.003934539919484855,3.1163144484192824e-7,0.3122928432773654,4.039965866841001e-6,8.39182405393223e-8,5.8367447008586105e-6,0.013129291486968142,0.008308330537761394,1.6469612812880352e-6,0.305871971768206,1.3763044312968943e-6,0.00040330712931543677,0.0002810996382445959,6.144327299871375e-5,0.025151970963863977,0.06522788332357332,3.6589786324666936e-6,2.5509096967563077e-8,6.874856964227307e-8,2.131687502430225e-8,0.0006416350229783124,0.00018242289825932275,7.808701081046794e-5,4.25981366100652e-7,0.09423110182624841,4.641727786466649e-6,0.04880650992572144,0.26613161598445745,8.126464319733305e-6,7.334581408278132e-8,-7.943199984621623e-9,0.018080518570595786,0.004997478082249471,0.0002004026430522154,8.26923731266031e-8,1.6922494149042415e-6,0.38414867440725425,-1.5790728438841224e-8,-1.0461241784147048e-8,4.194935188348638e-5,4.410239638447624e-7,0.02122985197655181,0.000692412445803339,8.683337329018488e-6,0.0028034452984727716,1.40487618304089e-8,0.00033309965188817035,8.073250131433001e-7,6.415670606747456e-7,0.0001287167530477098,0.004122193603139962,0.0006571858006099545,0.0005961129290375477,2.279626216975415e-5,0.004295281046937095,0.0398337952901394,0.0036151027101434248,2.340065852872689e-9,1.9414235307821563e-8,7.105848167854438e-7,1.0459151556258215e-7,3.8080064644272324e-5,0.5489600303042944,0.00023664932266710982,1.2530718020451036e-6,0.09259132590975928,2.9264741598740977e-7,1.8891084799262467e-8,0.2812930202003717,4.016416858068775e-7,0.0007538229874500506,0.007860848722691315,9.413889686036845e-7,0.018961666034651232,0.16851275532532464,7.649506656779051e-5,7.724428983524331e-7,0.0013241983251876816,0.14175599390905508,4.237117932166321e-6,0.0010881386637226877,1.5405750036459602e-7,0.0001156676477680566,0.0007227129429181668,1.348221705209342e-8,8.642287075207808e-6,3.3389554680749132e-6,0.00018041113206217451,0.012550839929397725,0.018029265595537414,3.3517662339426143e-7,7.948084439278929e-6,-1.48003454113544e-8,-1.1160789220307968e-8,4.5523354747132426e-6,0.0779046340760475,-6.715091381233357e-9,0.03040194107660924,0.03496708604563879,0.0015530619476974592,0.05879310863557589,0.001248213105932173,0.007964764845987654,1.862987240523786e-5,0.00039823687647359325,9.794966123059307e-8,8.425570929906996e-9,4.763573259799169e-6,0.0927640031436709,0.10390248231851396,1.6040613480153012e-5,0.006663825291997385,4.173999479372451e-7,0.016745684196960032,0.13208663009055804,0.003755896081331881,1.2198432839846062e-5,5.885903995273696e-5,0.010110624270419994,0.0012669476289145331,6.753893164815809e-5,1.3511931586198865e-6,8.988992239138219e-9,1.9517019571357254e-5,0.01343073699629486,0.5976826514115542,1.266796288170367e-7,0.002434160878100904,1.298537785146195e-5,0.01169593955546228,5.155979589504822e-5,0.0007104559267277894,2.990192664823154e-7,0.003639194180262651,0.030176609799649746,0.10005001687406749,8.093134515547107e-7,1.2683785075742753e-6,0.0025765830422384115,1.124300440635193e-7,0.001373584175517562,0.0003343823465968801,8.19569312436873e-9,0.000564005204872793,0.028895301746762747,0.0003833682758409663,1.5948597128138669e-6,0.000964668188368977,0.2793866250904096,0.00921579376188972,0.002350102233295933,0.0006877308391624184,0.3313673508430135,2.5939817382780247e-6,3.7917510950179444e-6,3.147863541143059e-5,0.00016130237441674294,0.002065414876438961,4.834174435916172e-6,2.4529351914471158e-5,0.008535088448348436,0.018210516507398664,1.6558069821537972e-7,0.002767739700825404,7.597787485344384e-7,8.878090273569441e-5,3.854654562945639e-6,0.03554370753765984,0.0004239395905117008,1.44647282620125e-5,8.555005871385763e-5,7.830577356876772e-9,0.008633250659916592,7.779243240412318e-8,1.4768591646266142e-7,-1.0092080005457616e-8,0.008978544970593458,2.9491041534463893e-5,0.012878088625827106,0.022301802998883128,1.0304952306065267e-7,0.17174856577616746,0.0016897393978603814,0.00036210373701635546,0.004461514930045452,0.3282615184203352,-5.9339042798264004e-9,4.97949447292331e-8,0.6295395286133268,4.45225482976121e-6,-8.736095726373038e-9,3.11410999113995e-5,2.2513480144530664e-7,2.580913911104646e-7,8.254790726530635e-8,7.938800060884063e-5,2.4699957119371756e-9,-4.914912203094957e-9,0.0007918642053113422,0.03918592603044757,8.423826657162474e-7,0.5961172976656673,3.8893111724648686e-8,8.801004292500791e-8,-9.271416036302056e-9,-1.570190740644424e-8,-2.9829199783809525e-9,4.36236421838301e-5,0.00022414246670156195,3.472906704694893e-5,0.08018678843848386,9.899463727263753e-5,3.921980259568416e-5,0.013041404324575926,2.039927075037542e-7,0.00445103518936762,0.03648498455201431,0.16321732013820084,4.838390603242475e-6,0.015459607004857247,0.00016587101967623156,2.6525066283455972e-5,2.473165112013393e-7,2.8674563846032012e-8,0.00023160952932779289,1.4542567481714248e-7,1.0110985931344646e-6,0.0016163447196219428,2.8985697092284685e-8,6.759554355696192e-8,1.7552347251801559e-6,0.019436121831003596,9.67449421482969e-6,0.0042275492508048575,4.786014328568778e-6,2.519405499156371e-6,0.2792761607423678,9.829699625919521e-8,0.04399798701011713,7.291420597499373e-8,1.3976366368065603e-5,3.4925362381594816e-7,6.34299661833241e-5,3.0886265960995986e-5,1.0822659562882137e-7,-2.386319504174374e-9,1.2689952471753258e-5,0.03844828707991661,0.0003770626366453777,0.00010079128880616803,3.895436715304215e-7,5.217793278758098e-7,0.0036739316399645597,2.594705432080975e-5,4.4233555798701233e-5,2.628120159015414e-5,7.310878091115123e-8,3.08282637779086e-6,0.21290077114603603,8.862864422074818e-7,1.254432136977748e-6,1.0902449542385972e-8,2.654274843987655e-8,6.784910477731435e-7,1.5680990834510466e-6,2.0506793372893367e-6,1.823717226256936e-6,2.0275334746943602e-5,3.9601826366427555e-7,0.009429667555343533,0.0007177524312261971,7.213780639043893e-7,5.946777205232214e-7,-8.110605630526636e-9,0.0633481663200688,6.168516628534611e-6,-7.956256650096006e-9,0.0026204866643713756,0.32444077450522246,1.2702735987657725e-5,0.00027566220823579626,0.0042040275085488766,3.1247782050565746e-5,1.0249883647825301e-5,0.4693963773372461,0.15058294619897775,0.1953338513675977,0.002201422310177072,0.00048335634199780534,1.0770075241130982e-6,3.097205913497872e-7,8.24296409542767e-5,1.5677546866628344e-6,0.09434139329447323,1.9807435525675434e-6,0.039027080210956,0.025278747420838438,0.04367768511851827,8.37194222987041e-5,0.016986637088152068,0.0019490506521374561,0.10026764031955666,8.301215632381306e-8,0.20420627146446318,0.0049622555266877685,5.566660492100846e-7,1.5593848553201445e-7,0.02008490405986483,4.7450689965642545e-7,9.608767710914022e-8,1.9152297441891905e-6,3.462760053249869e-5,0.000830590516406239,0.04952265919420279,1.1538366427832793e-7,7.435408062336072e-6,0.012806888089789671,0.022981390878530385,0.00411764565651817,3.074676539673421e-5,5.7597996294656595e-6,0.0006062599426164295,0.1485712801472713,5.399213623730408e-7,5.205559513459657e-5,0.009155714947677236,2.1394955853734463e-8,0.040984159395817885,0.0636209780278626,7.574576926839154e-5,0.0021845164969799924,0.00012074837293406417,0.03753453999938612,2.7208199713694953e-7,0.0012748044371539678,0.0017315552834777192,1.3184612680005396e-5,0.05726000110703135,0.0005266106536026658,1.4674505285605434e-6,3.908793916323722e-6,2.678583667686095e-7,0.001337747802222022,0.05491939389626421,0.1961343185595433,1.6644796799812843e-7,4.57101129950101e-6,0.008679414250143598,1.1587947554143935e-5,0.3780302983120369,5.4669559334351096e-8,-7.35541616391902e-9,4.7021923382385385e-6,5.95224022126285e-6,1.996916092617975e-8,4.448795445483392e-9,0.17385963151736678,0.005357835547810227,0.036820448557118274,9.135491745037964e-9,0.002621518971484718,0.015826096318269832,9.879898207045184e-6,2.9167469538900147e-7,1.2633266887257194e-5,5.783593473264001e-6,0.00010008077331263066,0.0005906171102477251,0.0017681333718227855,0.4413541387534704,0.038085002969862634,0.005275152031734703,6.691171041116574e-6,0.016171667923637445,3.927837580785954e-5,0.008963282166697163,0.0014575468603260427,3.074594861502881e-5,0.00012307710842757776,4.9770770138391785e-8,4.919699581797138e-5,7.782018593907986e-8,3.036438506798544e-6,0.0038601487404145915,2.661534912169743e-8,0.0002706602591950273,0.22073096952545673,0.6213193416728183,0.0017204659241898451,0.022770829018677594,0.00014290001918177052,0.3293981950706721,-3.525188148572419e-9,-8.581528673182428e-9,0.011699534072725904,0.4224058242975345,0.005998581574766875,0.0016433504651259551,1.1665025620445863e-6,8.72689874052291e-8,-1.1386615052070852e-8,1.3007089401288026e-7,1.6149004730621349e-7,0.006253137514594472,0.0001538385056972235,1.3181517449606043e-5,0.0016393824023233849,0.019397995934284665,-8.660205321490174e-9,0.012344366054860818,0.0002223510759601805,0.0005039658348380639,4.460348177501446e-9,0.028455263176411935,0.22460927706138273,0.10645408226373093,0.0002995596636691787,0.01833734812560443,0.0004161403183759066,0.04350710263459112,8.261772450554778e-7,5.178835644448533e-8,0.00013831895000391574,6.659700721857681e-5,2.5696116327111527e-5,7.540427472339464e-5,1.1720561811875406e-7,0.00014571411622708147,0.4583138089106572,0.0028320626389330304,0.00014783525582618188,0.054282748879375654,0.006715328826740334,1.1501281110785083e-5,1.3533509989795241e-7,2.288347368997267e-6,0.127644035233812,0.0006482430305900143,6.3600343901035994e-6,0.011443370371111957,0.0007783649956380973,0.0006791028012571031,0.0018076872587041311,5.006780730801201e-6,0.6362711249122553,6.370702953631912e-8,9.313480026951103e-8,4.694087670398858e-6,4.8739320289391903e-8,0.010867731971386635,5.7228524192762275e-8,6.405475197732539e-6,4.925711491298056e-6,2.0348129721844678e-5,0.0073254404115168995,5.4493438425617405e-6,1.3924937670707084e-6,0.00011510614558569802,0.0440588639797058,3.625136633936813e-7,0.014792690494181667,3.42363875785047e-5,3.5123743899735365e-7,0.20702997172270357,0.008823733255287193,0.006506589405424403,7.618451671836789e-6,0.004381985970643297,1.1157183064018988e-5,0.002581506966248237,0.0011081490468741223,0.02605549861567514,0.00022674013572110058,7.222023398267131e-7,0.00015871963790886832,0.00028039016997740286,0.1726783426012023,0.5253192917405864,0.04888485309447085,3.661392478799695e-7,0.0019477231298003488,0.04461471832771838,9.966267385459623e-8,1.1382613377406606e-5,0.0005535753442770594,9.035847219605024e-7,0.00286156475320686,6.543981959213123e-7,4.979662049919604e-8,6.769469310248795e-5,0.028847607188740913,0.00042804779414533486,1.7787344798018814e-7,6.040492974277073e-6,0.29217052200395643,1.7623286169587072e-7,0.0027986149109585066,0.0023030501735918202,4.23534599658752e-5,4.657235150031961e-5,0.0001452087068152015,0.002043846102286112,0.00016877172906272953,7.2803845368276965e-6,9.483681298380562e-9,1.932014856280269e-7,0.15579944679120622,0.0005560623808163257,6.560023909294822e-7,1.428805010790584e-6,0.24443305574837393,0.12385939859728261,2.2135282239228195e-7,-1.4131655271458196e-8,1.5866298848245552e-7,0.0027531167050108512,1.764989911524438e-6,0.009503502743644032,3.0753396554492906e-5,0.000796419756475589,8.597025837229608e-7,0.21717796271198422,1.597483127651554e-5,-9.667426415293006e-9,0.019041306235327755,0.0008608211820358711,0.23898429350601955,5.521385397473706e-7,2.9443778558076717e-6,4.383484566414094e-6,5.548713019988477e-7,0.00018511150124504093,0.0004432008444235763,0.005788621261560602,1.990139422586773e-7,0.061636123308678084,0.0007394897952418531,0.013343704237438896,2.3195997904683767e-6,0.04567187892623367,5.520732134248603e-5,0.0014319203946047464,0.18506425583263858,0.13272765062333494,0.0001435444091997661,0.38072532306295725,-9.890598558664625e-9,1.668770201355908e-5,0.35340524146717656,0.0005415560046034552,0.0016199804661646152,2.690403458777042e-6,4.0617384898935404e-5,9.512355709531362e-7,1.7171137549473026e-6,7.617611059030194e-8,3.932607842162164e-6,0.011766996423091286,0.05994050555688118,0.3511553531352067,2.0793979195117483e-7,0.001205711272543925,6.027992323404787e-7,0.041255633006340026,0.0003777768144946923,1.741703873485138e-6,0.1720443853286276,0.008827120880741307,0.000292867135445917,0.001149706398046469,5.099278522061993e-6,6.303687115214763e-7,2.0624418154618325e-6,0.010119536263556942,0.014972486270684924,0.0008980706019562494,0.5653327847432393,9.385849852649571e-5,0.022836345058550703,0.005460430191466959,0.0001806023352895143,7.709245338855432e-8,7.332103367871902e-5,0.00861468228303979,0.0022420145719031425,0.0051472104589170495,0.0005614032846531448,1.1659921028511407e-6,9.354059675099146e-7,4.673021413920082e-7,0.13013028128804877,1.305442943520934e-7
0.0,0.0,0.0,0.6882752978219431,2.467111048861322e-6,0.001991864387110009,-1.759854586743986e-8,0.005769573724213297,2.6552714626289793e-9,0.007933663942951965,0.006711679058822314,1.7922925452299588e-6,9.607863717256193e-5,-2.2156647136903927e-10,4.854882822740402e-5,0.045664211962561686,4.5935650408173626e-8,0.11688147749783802,2.555906864075898e-10,0.07553004621532398,0.0008500051989291118,0.00034348945880744797,-4.922113671764845e-7,-1.985763641797862e-11,-1.77765235369424e-5,0.009628026314731678,2.2271589117179622e-7,-8.161166000097618e-6,0.15060668227226548,0.0006785562421996251,-2.3901375540959417e-11,1.7017279864713994e-11,0.009725698833091807,0.24867892974891076,0.0008674939634746233,0.015974965765642737,0.0044025075010183596,1.9273804541298173e-8,0.0009307216444779021,4.233973332446313e-8,0.00016589623755391755,2.205364212885294e-6,0.2206785227456005,2.892715107842615e-6,0.3228622265515592,-7.17953948341973e-12,2.0661841989832545e-9,0.0067456007187898905,-2.359196692423792e-9,1.1043732288497726e-8,3.9814009092676755e-5,0.008466103414054961,0.013030405872202094,0.0015551117821342145,-1.7451916070454048e-5,5.11853750123431e-5,2.1414070944988046e-10,0.00041238526429175035,3.7694479638691506e-6,0.0005821043551564525,0.00035970856705248253,0.0004176323928519551,-1.9102480843558696e-9,2.677561661889517e-7,0.043618577633827614,3.129081511287709e-11,0.21009935312474773,0.0006899586519282687,7.48966539384269e-11,-4.126536008495236e-7,2.3140562309867647e-5,0.01522324157989878,0.00017123001278008303,-4.6266172535927475e-11,0.04043481321059195,1.19346550366387e-6,0.003993050896643464,0.00043126727518616155,-2.6803436404227274e-6,4.4736227945529915e-10,0.11774094442210706,0.03716581020692404,2.1672061101671843e-5,3.455013138599654e-5,0.11825448094930223,0.06648944117207889,1.871009742607183e-9,-8.655659690891706e-8,0.002562466112306897,1.4005864600871346e-9,1.7800829722756354e-9,0.05206838506729568,0.10433481734140644,2.2772973468299634e-7,-2.4141884346018142e-6,0.001866282967191976,-2.542750127760929e-8,-2.9589045234759337e-10,0.22698630635539568,9.487736065385715e-6,0.009179153364728335,0.0041680951455977215,5.374869441448647e-11,5.425180990159363e-5,0.34352282681045987,0.022559943647499234,0.0041564805679221006,0.0015727015687216346,0.00048006114737112496,0.0002651581585514803,1.5072541603984726e-7,-9.090662373478672e-12,5.919819498658569e-10,0.23989180862929424,9.131525776399755e-6,0.00013443321617772865,6.529842995642335e-11,0.0020277613259385347,0.0001461049779227467,0.00014728015329145222,0.0042766941930174026,-1.0796499407037801e-11,0.001447851771591538,0.003623661747305387,8.527868583994755e-10,-9.302255553260002e-8,2.202011581691547e-5,0.002209641138671472,1.3762541896358928e-5,0.4738529052983749,5.598355827681522e-5,1.4013354026094572e-8,0.00023093960957899177,0.02996408314631148,-6.64343646205349e-11,-1.9682197578582563e-5,6.607312921922453e-9,6.435449343320139e-6,0.0028158720701518757,0.06220232547467884,1.0201100608369567e-6,-2.9628954216824436e-9,0.02731108410608658,7.450017116731579e-8,0.006602184555984828,1.15897201206364e-5,0.06797208772868164,0.0020715074168261333,4.639173039755006e-5,0.09742210809776422,0.00012177959230512866,-1.8473085042293346e-11,6.994907374099842e-7,-6.791013630218624e-8,0.25902504384655034,0.03536240800382073,-9.258247824462013e-7,0.000766200173949243,0.04403325397665505,0.0013605997931118831,-7.399838597577744e-12,1.7637084475420532e-5,1.0915488415550079e-11,-1.487158115247366e-11,0.4045351570704466,0.00012631367441092502,8.755802344622322e-8,-1.1395612579536199e-7,0.011757885264827345,0.00043971483607791053,1.972889948320974e-8,6.656091597618011e-6,0.07744397345807494,0.004883176558638795,0.009072245634673076,1.873403934364278e-6,0.021798021858464238,3.719890031105608e-12,7.102026276702601e-10,0.0002465284986819898,2.8560486440971936e-5,1.3067579319750768e-5,-8.791523345828293e-9,0.010781054517395009,0.004863378685991498,0.005123027643279703,1.200571987783668e-7,0.012468217951050629,-7.756845115821493e-10,0.5829782288023772,-1.6901186733669803e-5,-8.625142252887159e-10,0.2119862156354147,0.00012318165652507943,7.778188774316256e-9,0.0010829508311947424,0.022510180367809305,5.133950592822629e-6,3.2619584409608735e-9,0.5253505178635197,0.019773661605843436,8.390071400318662e-7,-3.6400667377942366e-6,0.0008565258788369189,0.1879233964933663,0.014690998058087833,-2.5331996406748518e-5,1.4515973072165395e-7,1.1150214534341636e-9,0.0006648021678302423,0.14637928152376234,-9.524099356730516e-12,0.0010124111267642067,0.0027643485099641024,0.09473982956150936,-1.2678363876881e-10,0.0004955897910731541,3.138447016858426e-10,-3.0107253105859164e-8,0.0324820410260273,0.0015455896463163917,0.018249705089306224,-4.191198192464823e-6,2.708871684630852e-8,-2.3358532708734508e-5,-2.1898319914187104e-5,4.418750530891729e-10,5.922843747460624e-7,0.545309483245295,-5.747003560671891e-9,0.0004258710132102425,0.004141774373515781,0.05323012960156368,2.116969284295986e-5,0.0016961083177325573,0.009971485364929748,-1.0127088045447517e-11,6.569898938556153e-11,0.008152286733423062,0.1323961107171554,3.5037957869385143e-9,0.005621435983912885,3.7239798740047377e-9,3.0175249091285956e-5,2.3807929728965998e-11,0.00014391004530737937,1.1204173963812155e-7,-3.4161869328060175e-6,-1.3833437265179744e-6,0.4416748410244426,-6.90670107312589e-10,-2.1573247328812939e-7,1.322935544566581e-10,0.1863721187730841,8.814792882699498e-9,0.019526187165133314,3.753351372101728e-6,-2.8098329740853327e-7,0.022640527732574838,0.20526207337223007,1.058210509086217e-10,0.0002962138752829634,0.02357385797322607,0.05384858062675682,0.0004499203356257054,1.4017007215159917e-11,1.734448475534774e-5,0.011112738414380626,0.04880640297288575,0.00011177825356380183,5.815998373888023e-8,-9.136140993713512e-12,0.0006320476870504288,0.002543500886369577,9.697138004815137e-5,0.0001513468900826815,2.0403555134915283e-10,0.25772063780147375,0.0017887119641671217,0.07036198647274937,0.05760577947554907,-9.738235989849138e-6,0.005083110666554347,-1.384914093600657e-11,4.8546291899698036e-5,0.0009777361236713417,0.00023868812303338283,2.8652268590726864e-7,0.0012289914254588095,9.518469562175052e-10,0.3161276821110132,1.7797183380311537e-10,0.14481201768287447,0.00012483471840719952,1.4041118288855407e-6,0.0072491885609801705,1.133661482699299e-5,6.283318405480501e-9,1.4582122757722526e-7,0.00012645236784111452,2.651990977668551e-11,-6.5916999393362e-11,0.012970762510121796,0.0003942264779501906,0.0003426425247305463,-1.6731160795989075e-6,-1.1165909943117668e-7,0.0012201735718369922,0.014172607490237264,0.011750569509117787,1.277975817365364e-8,1.305495450007534e-5,1.6932336331468755e-10,-1.3523303824922263e-5,1.0384259988865387e-8,0.005960752585835895,-5.41102017655641e-7,0.027693314897090652,0.008924576728077413,-3.5142892218161775e-11,0.0001191219437488599,0.0044081715439460685,1.777307135988007e-6,0.301989980161053,-4.6476658751745685e-9,0.0009305346298617849,0.2641844340248716,3.246944814633933e-7,0.0003816258195802741,-3.167185175797818e-12,0.0008934644803907206,5.4947095921711635e-6,5.3517249711315274e-5,-1.7185299766597804e-5,-6.024073173290796e-8,5.012873901496875e-10,0.008040826902745872,0.0007551044280777593,-3.428273551776637e-8,0.0004169294860121678,0.01431544232666822,0.008561366820062939,0.0020010759601528476,2.4368881739485177e-10,0.02582081470283153,0.06005719591334606,1.139641564068687e-9,1.8194061859769872e-5,0.5359801713430538,0.0016772036162402287,3.062269763947733e-7,0.029108665272429685,0.16115368747887424,0.009388099096341888,0.1808817650685047,-9.346934852916877e-6,6.36422166577115e-7,0.19893292402542218,0.052399351018012644,0.00013918870875994984,5.191340990994135e-5,0.08065964819285378,0.002313676052680584,4.83122810042762e-7,2.765727539632849e-6,4.2627149687541944e-8,-1.8704499265938044e-9,0.033424192243533955,0.05026341388045673,0.0001648800609465847,0.00010928207845898008,4.3635685313237804e-5,6.805678381043094e-8,0.023456219345261143,0.004247623254393338,0.023165162454776147,0.00043251163601686705,0.4498661700731628,0.00022343451567861895,0.01181571700094388,2.17080116875209e-11,-6.433364504662449e-6,0.00016396877885487536,0.015611396587379365,1.2492101124278214e-6,0.069979669376374,0.0008062104666190883,2.436925782095347e-10,0.004701282927608271,0.09132650948531995,0.3865218437284604,7.606122946848416e-5,6.467228423188254e-5,2.3471977632210848e-11,1.0191406198247977e-9,5.30149633222789e-5,6.967400242252886e-10,4.360280975836841e-11,0.6258734191072646,0.021470687120678546,7.65315745358053e-5,-9.560677267313498e-12,0.2063320166239941,1.583708721051957e-10,0.00036560051208033267,-5.554827399314103e-8,0.0031992822823083697,-6.636241371081021e-11,0.00020999015156881171,-7.85507132894011e-6,0.00018872071330484165,0.00024048127618836394,8.613232935768485e-5,0.0006138422647809701,2.8367338206516595e-8,0.31950240987697254,0.30777652129794975,9.005210281023291e-5,0.01602186574261459,0.0034865185737327025,0.050634648074088844,-1.9245794005415455e-11,0.1099297871200962,4.313967513651468e-6,0.00012694361125190073,0.0038319354251261433,-1.1601717951249782e-6,0.1453961765537316,4.066477433128569e-9,-1.1892685099921347e-5,0.0011424767651836674,0.005912199871300879,2.708798650349422e-9,0.04432615547288055,6.4335109633189345e-6,7.823817954610863e-11,0.0005734398845544591,-1.3010830355944036e-10,-6.007741406527661e-7,-7.200019956845343e-10,0.06127304896975818,0.00021947643154369075,0.0007672290474653629,0.00045674095541051337,8.304550356592095e-7,2.5237650187668783e-5,-2.6898480718585963e-5,5.532899709366031e-7,0.006899701555635484,0.05626494279115374,0.04618924439003138,2.076828195499772e-11,5.8178498036420444e-11,3.143919268179037e-7,0.0004397517477969521,0.5549360673898511,4.891922379868951e-6,0.0027586188245623117,-6.987799207204223e-12,0.039947485355273725,0.03551317393419375,0.1335989808139066,2.2120606237019878e-7,0.00010113789467157914,-1.4173822337016656e-10,0.0006955454742035162,6.108104756747141e-9,0.0028706006710427293,0.0005577308358688365,0.002165618824163553,1.1319278926449863e-9,5.6654073533526493e-5,0.00038322651369194,0.004427911511008039,0.19767678323152563,5.2465273375555074e-11,5.4989423692705715e-5,1.885323458214137e-8,0.001102136535295844,0.013515575292553261,0.00010339820970990617,9.054550835947898e-5,0.012630322621648662,2.6806768142430802e-11,0.0002606919124647545,0.001304406334052806,0.0013741846725806898,-1.646740433560791e-8,-2.4832775433989665e-7,0.009660815849494377,0.051290313339521824,-2.478791720958284e-5,0.0010702861797222448,0.0020911671355077367,0.2539477249299389,-1.9552721616813227e-8,3.5722518451176004e-8,-3.5839454810764395e-6,0.08448402222267738,2.404818339626969e-9,0.005645524402282657,0.09925751235323022,0.003856759348450729,4.568231403419265e-5,0.028976356349487215,6.056499439966019e-8,1.0934885726338294e-5,7.125029399492878e-6,-3.300130462201812e-6,-1.2850483731192718e-5,1.6614608876921135e-5,0.10255527363954377,1.7821955859927715e-8,3.711257898506433e-11,0.029271178325445645,0.001207376994125151,-6.428467115286905e-12,2.190398741860629e-8,-2.4775121275736127e-9,-5.245551972509814e-8,5.205437119890791e-6,0.004466889676686636,0.31498450782903564,2.2248824062708744e-6,0.022480407551975386,-2.7072119594915635e-7,-2.2119813356928493e-9,1.4280483913190196e-9,1.6103215756106755e-6,0.006454239002108907,-4.312489573273882e-11,-2.199333822977774e-9,0.0838511898713303,0.001133721023789065,0.004358100538118631,0.0021297175418076237,2.2653760005590446e-8,2.2198708930639e-5,-8.521974391593685e-9,0.010179767680910766,5.609099665089755e-10,0.006824569592211623,0.017219992937301868,2.474695009331745e-8,0.011070089617386359,-4.1102662980294555e-8,4.011993050619135e-10,1.4045830009326908e-7,5.712285589057189e-6,-2.4684620171888234e-8,0.005743181664163335,0.0009349243344056412,5.0519883893824924e-9,-2.636933686926938e-10,-6.08773468731062e-7,-4.0298417950403853e-10,0.0009549423796648495,0.006377682318529376,1.2950227461190098e-11,0.07531402368161057,0.0007148010241163553,6.582045095295945e-10,0.0005654102226396631,0.0015036988398209805,-3.8826333883959345e-8,-2.3390043593794087e-6,0.0009313704531833489,0.1500832962219095,0.0004891007801689728,-6.38287469982346e-10,0.00040281697557803655,0.0015785926872231998,-4.3959393451228726e-10,0.0012822049580251183,2.5939374458167307e-5,0.21129886330772552,0.00018668909913121756,0.010870117304944004,1.9542789980337046e-5,8.276901331804961e-8,-1.1201577338536152e-6,0.33273755595103705,0.08625706343200625,6.797908810142306e-7,4.284540724885531e-7,6.04719080637544e-10,-3.285303267909998e-5,0.009444504221290366,-8.714295965778174e-12,-1.0985734922002134e-11,0.00012514389706409158,-6.453644893501886e-12,6.022251927105073e-8,-8.697092063072641e-6,-2.2460541798247646e-5,4.1784161940726737e-5,3.692459575383151e-5,0.002493718872798621,0.0004544630915114547,1.3041227254144023e-10,2.5869939541177798e-5,0.001562767922350483,0.0002702674570647464,0.11470177536507907,0.33247151139774517,-4.7630278188113596e-11,-1.096962706957369e-11,0.00012561488201930787,0.0012545306986007018,-1.7457368130426474e-5,0.0010631259948394728,-1.1585000617145998e-8,1.7624144797042074e-7,0.08070416072766619,0.026244682897895662,9.134714836794687e-5,0.020540325963262242,0.020403951854035665,-1.9304090797693702e-8,4.101596379394456e-5,-9.058788238927759e-7,0.0023141833779614196,0.009314508287384159,0.006494023056552743,-9.63351759720404e-7,6.398647926262195e-7,5.47544859126784e-7,0.00013270747330358887,-8.922013096454687e-12,0.004140872361763009,1.1025029844776969e-9,0.17372379471823265,-5.0284502686987685e-9,-1.4172575108546347e-11,0.008318810967071598,0.00010732965491751535,0.03372908749499275,0.2758658461119809,0.018560163183899768,0.0462233088730748,2.810595186160282e-8,0.004817391851877372,0.012974687922876406,1.1810860769649665e-5,0.38744933668145143,0.011709647715146427,0.00616020109864448,0.0073861098176319345,6.281462967662264e-6,0.11098515902647964,2.909221180720979e-9,1.862343894917824e-6,0.001339065948781975,5.389773019670055e-10,0.023543429473537908,-2.5184253542636855e-5,0.028041851710200745,2.6983064374553094e-10,1.1847212335557368e-8,0.0032055541733010257,0.004476845048216217,1.523983120151798e-6,-4.7728096965678344e-11,7.898153268238008e-9,1.8338054010144408e-6,0.0003404147921313649,0.012032816627576765,0.004361375727426517,0.0010172214130251193,-2.7025999014144675e-11,0.0007975756165267592,-5.635686425853487e-7,0.00012495612918669136,0.000290818927367578,0.0881512063896411,1.4316152875456803e-7,0.00018199766335240113,0.3402726163974901,0.03579866366481752,-1.2446671715032985e-8,0.004795296429915541,0.025572808852001506,2.9499601107285462e-6,3.7245161238077563e-5,2.0909697974449464e-6,5.1367496514253016e-5,1.685357615798128e-9,0.16480071327480333,0.00017071264078212983,-2.0695004406599855e-5,0.0004768572611183123,0.2507320795668897,0.0016076168732944924,4.6235309488280314e-5,4.435799701637656e-9,3.582806046941354e-10,0.3899761385941042,0.004394816485320074,0.014387051195271675,-9.912670276818909e-6,4.604298171054952e-8,0.0012562918029678455,3.7101015399998756e-10,1.2256414999911598e-5,-1.4010490455433978e-7,-2.5517299047055648e-9,0.024765997242853145,1.4207002723679483e-6,0.0157551578760766,0.5293147075990305,0.09159658100490362,3.2587260992713555e-10,0.014528646529409784,0.002087440082269797,0.4063239690847679,0.0005874535363215881,0.0001539452128063118,-1.3353201531238303e-5,0.0005315772613711557,-1.5451884333943868e-11,1.9975121520784173e-11,-1.6174937651577656e-11,0.023532241808842648,-1.238538359643146e-10,0.09637901948836415,0.10352975383399354,0.059343823494637356,3.309018689405425e-5,0.0013486735848437796,0.012349067727047228,2.675549995361224e-11,0.012199648291485671,0.027090732223387523,0.003233099467537787,0.012367661528278343,0.00022471707406108418,0.001192245118995484,-3.741861665498485e-11,0.48534009559872987,3.824304357008918e-6,0.026871687315666765,1.1944989399885218e-5,-4.4418168148809776e-6,-5.611467153473647e-8,0.08235217584420328,-1.4121487891941141e-10,0.0065428174049585,0.0036632623321820384,8.107565608481457e-8,0.0005733165660990888,1.0298076948295272e-5,0.10747012524605831,0.00023441716645819895,0.00024778340373274766,-7.91611039179282e-10,-3.3954295469225637e-6,0.44195469472901555,3.4665915254326126e-7,0.0018822950125581095,2.046690305385749e-8,0.007157026402897915,0.05176799579846228,-1.4756424726323912e-5,9.418272793042172e-8,-6.466854864423145e-7,0.000463245673762409,-9.305515511190969e-6,0.0001158856667966703,-7.71301877085981e-8,1.3203015721830962e-8,0.02095296043310722,0.004146267052852087,1.2395103224976433e-8,0.00021067176783559396,0.0026223445845749136,0.4609816487495069,0.30965647643861866,-3.523873096266808e-10,-3.395741717007175e-11,0.1294371073420654,0.05546375903870002,0.004332621265305005,1.7538037919626424e-8,0.000233236999196053,0.04167772775243735,0.001971521375794819,2.443611384361795e-7,6.810255477566818e-6,0.002335104301204751,0.0020751757492827173,0.009723848460275632,0.008470389761409227,0.031990564991979206,0.24868778609539804,8.107561073212659e-9,1.541823186980141e-9,2.1772035111506893e-5,0.00308336070790147,-1.4504535966689577e-11
0.0,0.0,0.0,0.0,0.6882752971603607,-2.0250459299433218e-8,0.0024783335233467176,0.002980100887883539,0.00952630811004981,-2.6306859266039397e-8,-9.870763188067412e-7,0.024303933615853566,-4.491687026901705e-10,0.0001969573135982114,0.07721346824316197,2.7341033480016266e-5,0.08836193418290139,-3.5897452477066143e-7,0.0013483368101647943,-2.3671723899548815e-7,-2.8939615314233464e-9,0.006974951852686749,0.008850834292485916,-1.6898752723643063e-5,5.040697207710819e-11,9.34186474969435e-5,0.18146968137420946,0.0012353880335971923,6.816359448938544e-5,-2.459590896318305e-9,0.0005938949669965866,0.00010441120973292481,-6.642043070897677e-8,-6.289529379000526e-7,-1.0743030373246255e-5,0.0003324663889755436,-1.5728145326449013e-8,0.053938021479805594,0.006231082848725464,0.08138633192832508,-5.672486857145355e-10,0.10236455545506228,1.685832837681531e-6,0.0003063746976694982,3.1848636464424018e-6,-2.0720209802744298e-5,0.009010582085272795,-1.022509481914352e-6,0.0015310554613246,0.033444128968987206,0.22050706484166102,-2.8215504260029725e-8,-4.3367108235594606e-8,0.001327474359213875,5.580452859430314e-11,0.012570313397991393,0.0011615072659304868,-3.640856256365622e-8,0.33970436474997184,0.02651807621802071,-1.2312700016063986e-9,-3.3692609663573972e-9,0.00042696279762825286,0.32102402720679235,-1.3836322410949452e-7,0.00019571118153959154,-4.77945451639515e-7,-2.3460626318126708e-9,0.0004542220265662263,0.01193190902662112,-1.834637492389662e-10,-2.694934165837753e-7,-5.867267726017288e-10,3.644934200453032e-5,-1.3091708425473647e-7,0.2479658130617776,0.00019852724591473494,0.00034976620578155233,0.002238355042185377,0.002087432049499829,-3.3079670050163236e-7,0.00039554827299865283,0.00102707365123043,0.09847920252658166,1.164006678350891e-6,2.1168609154529446e-5,0.007684286257218628,0.006625552409133472,-1.3712308372302042e-8,0.005988859821498776,0.028822496304900837,-1.6114735235805532e-7,3.166427207520928e-5,0.23143725457102612,0.0038329381997668677,-2.910492096909102e-6,0.008611201779238551,7.92721413599354e-5,-6.624287297234402e-7,-5.647811630484383e-11,-2.649711712133789e-7,-1.4021344482383034e-8,0.0003149217267747465,-1.8996038469876514e-10,1.8318456919403483e-5,2.9685089340858083e-6,0.0006028757510767629,-5.368632623646909e-9,-2.3236332322102492e-9,0.019483926009805527,0.1608142701785501,3.438028586346278e-5,0.011764545499192003,-1.3525035488899256e-7,0.5046967677295657,-2.3733105427619686e-5,0.0003721160131381147,-6.835934421594445e-9,-1.0885273378526769e-9,0.032083234256183306,-5.4993876147139294e-8,-3.6035521920389485e-5,0.008670449963966249,-1.218382825761869e-8,0.003798396915291396,0.015161137085949516,0.05364430497590573,-4.581234307041966e-6,0.18140979289115128,-1.1287113273590016e-6,-1.9117091311219614e-10,0.03549908346156496,0.008038961850485138,-9.680981914316844e-8,8.333321929550827e-6,0.00034432989327672683,0.020662281070212063,0.14218038252200974,0.0021145295367751833,0.00015423109492248302,0.394751635069964,0.004139017717339952,-9.641903718320518e-8,0.14129256099852014,1.9537468913786146e-5,0.007325861184414229,-1.8573605727153567e-7,-7.003687319156008e-9,-1.9973504951578568e-10,-2.913790720184696e-7,0.0978715970031402,7.744426018885181e-5,0.4746481024802331,0.03421288098549522,6.571493931847947e-6,0.00013109857828817972,0.01192373650385458,0.00027022311999545096,3.8625172144893467e-7,-5.688646037869642e-9,0.001645502639287098,-5.999936836312598e-11,6.356839702720576e-5,-6.352179121105135e-6,4.83718912366047e-8,2.7393529340657553e-5,0.1439730660719824,0.04262882038875068,-3.8703347948600655e-8,-1.500231141247263e-9,0.050612558661721894,-3.833461009015328e-11,-1.3899012153993794e-7,-1.6453501699782608e-8,-3.472133502622404e-8,0.33254511968813905,0.0005306391227438512,2.0158901102787306e-5,0.003293357007223409,-8.912237255419915e-10,0.0027852460878864125,0.2180572491434991,0.004245180920116434,8.529269383059029e-7,-3.443472135686195e-8,0.0008239815479695013,0.06737904460812212,-1.5200254300579357e-7,0.0013180410645385195,-5.378329675674688e-7,0.000150687654672621,0.0006587259738926275,-5.865549164275291e-7,0.05497989684665884,0.024143597301304612,-3.67830194024615e-9,0.000157960916023443,0.5114302399215478,0.012104016375133933,-8.902189321907365e-7,-6.499698585704013e-8,0.5158835946622948,0.0011269174884372469,6.542120297929393e-5,1.2196558550727285e-5,0.0011173178066403713,7.94803773384703e-11,0.07807633038082942,0.004798026370133983,0.0011818192043631219,-4.426758783339879e-7,-1.704561199481836e-5,-3.826715377057979e-9,0.005055159381510001,9.103860497196595e-6,5.945654548880228e-5,-1.2063916875178636e-5,0.0017889256696386885,0.005428155507220794,-1.1139574208870433e-7,-9.777584667368191e-9,-7.401345586056977e-7,0.002846665836546072,0.06548570703623859,7.812044359963297e-11,6.967450050006665e-11,0.0021671478395307022,0.2599368532259873,3.839690838113397e-6,0.0019788463445959176,-1.4747818190783303e-9,0.0015733763687345542,-1.692898166480051e-7,0.02253279667102699,8.705692723368217e-6,-3.3193806715677596e-8,-2.5029423242507116e-5,0.00039154724274072385,-1.166634214918088e-6,4.62143605466755e-5,0.027447367679773273,-1.8825002389780857e-8,0.012530507451095019,0.00011596139577884668,0.00014450921042385997,-4.9292007219158e-10,0.14744763351591172,-2.3001398936076346e-11,0.007115811762078597,6.027973295340172e-6,0.00017575008379172339,0.009074042157837945,0.0007323751363882159,-4.2979358604349167e-7,0.02516396670871114,-6.358803286609993e-8,0.5799130825447368,0.014616908690719558,-1.1109747191828948e-7,1.0404894201763619e-5,0.005421270517488668,0.040448691515712835,3.062611701567768e-5,0.0001902666552308844,-1.5326851144632089e-9,9.094795143836762e-5,-1.1479899443900121e-10,-3.694203262151224e-8,-1.522848403432452e-7,0.00032146677516334585,0.09067318345944769,0.0004328596808370318,0.007211584971607124,-8.560011153443735e-9,-3.326253398120331e-10,0.0009452353415343046,0.001113520391975021,-4.1804069628978033e-7,0.009447734046265843,-2.235481984619379e-7,5.667044397070208e-6,0.0010559663099568486,-2.2059788631515137e-8,0.0002499802603073284,0.13796845941708927,-3.469443921785608e-6,-1.13017697001584e-9,0.15274009262893032,-4.1700936013302656e-9,0.01952472533584145,1.2393407386508634e-6,0.0009245350763552889,-4.1834548684617307e-7,-6.82843730931744e-10,0.5459761561308457,0.0017979379915592638,0.06415411138821822,0.020775575000667016,0.20458292272099105,-4.326785172173399e-10,0.0001644868449994208,0.0012430380550278685,0.0001876038439852368,-1.3471143083859436e-9,0.02257312076983601,0.0040312614752238615,0.011967635628254196,0.003518699170704446,-1.2363664968072156e-7,-4.6539302951074085e-7,0.033063894845179485,0.3490266832390077,0.000913104474849577,4.572910509571132e-11,0.029966847779508,-7.464667214405744e-7,0.005008019777385044,-8.919623125240521e-8,-5.061005049716074e-7,-8.784844234340599e-7,0.028506163008299484,5.156700104133325e-6,0.13561881593751213,-8.205956624165909e-7,0.0008924913997953501,0.01193032641296223,2.2796005877655963e-7,0.3100601798932943,-1.3928226336919766e-9,-1.545691658987933e-5,-4.445014523928414e-9,0.06226853667836347,2.0447811910680048e-5,4.896253782880485e-11,0.05155037483794029,0.004964783967399102,0.0007089101150439057,-6.513064353840048e-9,0.02457414957926129,-1.4372332738446578e-9,-2.891298002522203e-7,0.0014673526913174457,-5.698471559713729e-6,0.0014077564669700189,-8.433851281191664e-8,6.7400647939285e-5,0.00467727632156521,0.2834508297483515,5.166052267141522e-7,-5.6857150720370235e-9,0.21067235618811947,0.0001654585799683922,-4.1490894007121723e-7,-3.117456999953055e-8,2.6262787523514164e-5,0.0004951950888055779,0.04107282439239425,3.137135520879371e-5,-1.7034935370703343e-7,0.0013865719208863245,-3.801799953879629e-10,-2.473230343965004e-7,-9.981773834419583e-9,0.29490375548953396,0.2484626282947781,0.09092823490116823,0.0006457977594338478,-4.1964340750885445e-7,0.00010568762051661232,-5.735421907803121e-10,0.06521443034521322,-2.075099901839737e-10,0.10326026394561034,-7.590375250131964e-8,0.0030245408323585346,-9.766705550887556e-8,-2.569520328449547e-9,-9.837552647199193e-7,-7.631770721183964e-10,-6.003913933801245e-7,0.00015733937881938286,1.0539916325378879e-11,-5.605002090227269e-10,0.0007452132563932939,0.6285719804922675,5.484275858901173e-5,0.014951908557145129,0.0012609897327252849,0.0003946787266819863,0.000132735260484214,9.93201864856216e-6,0.10993912280224086,0.0011862901111418338,0.0001393583519767033,0.004520543206648161,-2.0324147221392843e-5,0.0038049245747339604,0.00026148142985230695,-1.0149883660696273e-6,-7.057315245471851e-8,-2.800722029440032e-10,-1.671163644134411e-5,-5.33063789224193e-7,0.0008628394748190993,-1.2483212088797893e-9,0.010076419365195615,0.003054578587178778,2.3907073848536444e-5,0.00015783689685480544,2.4101287736985274e-11,-6.496150725395281e-10,-8.230667310189326e-10,-2.9427059521172424e-10,-2.093024746836523e-9,0.05691314518868889,-5.029427246609678e-7,-8.267372879465149e-7,0.009920607549011296,-5.634118703235606e-8,-1.4184632385202268e-8,3.9809715601664584e-7,-1.439097336509623e-5,1.9495379793094078e-5,0.014303242895835077,0.00563756864849159,-1.3035335504576256e-8,0.00623475090031282,-3.9725821094173585e-7,0.015872038624217603,2.127362876682792e-11,-3.880643156802195e-9,-3.534723046188057e-8,0.01036154878851298,-1.423945183744665e-7,0.21441675319422715,0.0004410879118483774,-1.9545589110418797e-9,8.654630934275818e-5,0.02083346676792134,0.00036025416013812174,-1.58127563029716e-8,-1.1128360049826136e-9,-2.7621620951402967e-9,-1.6451165079622917e-5,-1.0091065779614509e-11,0.021823306909876047,8.649917872490893e-11,0.46757307976479195,-2.300420353022541e-8,-1.755843105117549e-7,-1.4532070119010017e-7,0.00016257003155062971,0.000339061146848492,0.33775989795474265,0.009167707012860392,1.8238720381638456e-6,0.6274008063304481,-9.297419552679161e-9,0.00018278014292779206,-2.8842210237486866e-7,-1.1362333457478916e-7,-3.933627974923261e-7,0.27151631931896447,-3.5026498119044855e-10,0.0005011543849838647,0.0022504229015207623,0.020307845134907847,-9.698853900623538e-9,-1.9000483585428974e-9,-7.319192150314609e-9,0.0048177280133530065,-3.151589576917028e-10,-1.4491046229299968e-9,-1.4855764893762256e-8,-5.759131821444415e-7,0.00043105761240486926,0.05281756479921502,0.06435283263558107,-3.76888073378694e-9,-4.472267649579317e-8,-3.533791961039226e-10,0.018643753277354718,-4.161398998086984e-8,0.00015945690778422676,0.05295628019888339,0.00040560067118389356,-5.498664136476576e-9,0.010439079338815351,0.01467143300218018,-3.3373013570683457e-8,-1.6084952746635638e-7,0.00016391073711560184,0.002400958108398965,6.0115091541571e-5,1.6352712856930415e-5,0.022984498714387912,0.08302726985428464,-1.1966703057621379e-11,-2.5081914057160914e-7,0.009071962590064904,1.6719678993418802e-5,-3.0964570696958846e-7,-1.7290211697939442e-6,0.038003824042030676,1.9624486997149452e-5,0.09916389910882124,0.049652983814091535,0.30617295943204176,0.0034850738503919994,3.7652911449889745e-11,0.0011097115927047533,8.113424210530195e-5,0.0488177713519102,0.0002686663067332343,0.00031048614493257273,-4.104663260171247e-9,6.990085289385068e-6,0.05054784568322867,0.0013099747677087412,0.012526710028886945,0.016180302372837213,-1.4931940563669187e-8,-8.700096603560757e-7,0.06487738828964316,1.987508847872834e-6,0.02040590596646687,0.0010965552971208806,0.006245849585442587,0.4050576481264824,4.452600054713206e-5,1.1386996743471737e-5,0.005287232611205222,4.440576611550028e-6,-3.84030583464621e-9,-2.614851512674085e-6,0.0044588596459658675,0.04819792923605406,0.12483016401914339,0.003539768893634171,0.00039174977069113514,0.002556635344276248,-1.168262835672008e-7,-1.7089801857662137e-7,0.05761678599200419,0.0005013719644720166,0.004382156397432682,0.0021788462686459418,0.21650517651117537,-4.01090645771089e-11,0.04546540235971649,4.0854973021273313e-7,-1.0120532913183022e-5,0.017700928005944607,0.0004982081272263217,0.011240726866984208,0.0019094008257292685,2.533999573391784e-5,-2.135618947671941e-8,7.620432460329329e-5,-2.372986809957068e-7,-2.8379306096195403e-9,0.003114581438079625,-1.9276228418627837e-9,1.0437969817764255e-5,0.04366746006290156,0.0047277566072916844,-3.1683434241016662e-9,1.880833151066419e-7,0.018358120869373544,0.0007184064113391226,-1.387754630487352e-9,-6.187522924685768e-9,0.0002015614387718613,-1.1963268534528447e-8,0.2672378000389855,5.866080716021387e-6,1.796932694684057e-6,0.0009487199940351803,0.14505601397712878,0.1278459012204645,0.008170467082056843,-6.743350623419824e-7,2.798169591431742e-6,0.21357999568757835,0.30979984594704085,0.019567704672972194,1.0876639208386621e-10,-3.35007249864387e-8,-1.5508036641285432e-5,0.0009685831971993101,0.03676738952998642,-2.6957203046106797e-5,0.08696052895813482,0.001242338744452651,5.48100942894866e-5,0.19052888190234493,0.05088038413823196,-1.9004755017418275e-8,5.891413668155717e-5,0.000734790951644226,-8.807762061589581e-11,0.008288080612843847,-1.8548236683751187e-5,1.1517092292337417e-6,1.7708046004680897e-6,0.0002412112245224429,-2.283436632834271e-5,-4.2973680902807934e-10,-4.248691934070633e-9,4.727050958333874e-11,0.015381604245428782,0.0027818610869822014,0.24429877204143302,-2.444857421544136e-7,1.229156327812242e-7,-3.127214938719622e-10,-6.717239777762382e-7,-7.683608815143282e-8,0.021490764413976817,-1.406143118517395e-10,0.015152610826985909,0.0003617617809828092,0.00022099357699677306,-4.2812315761271236e-8,0.006762071751965455,0.3181698662855201,0.013332328103287036,-5.140739892165709e-10,-2.970647937505899e-5,-2.3385131983647162e-8,0.014511310227249014,-4.839041500619895e-7,0.0027928988686499764,-2.735557818006655e-5,-3.6962383196125704e-8,0.00041403160743434,-2.0067549854877213e-7,-6.738150430027649e-7,3.120198004489281e-5,8.553632233592163e-5,0.059268120135328416,-1.617405720000584e-8,-4.279783157526434e-8,0.005950404847055771,4.27302753542361e-6,-3.8597223335718636e-8,0.0025925358444908874,-8.080540815903376e-8,0.3937251401050178,7.215110769234947e-5,0.010685397524855478,4.938360675877167e-5,-4.540841932079815e-9,0.0025415589462218927,-7.670693280633291e-8,8.253695185271609e-11,0.0002599092105948843,0.001342824910599976,0.03266083501783306,-1.0999059668657275e-8,-1.6134932974837434e-8,0.08819774067731977,0.0015429982648778773,0.024135491944879225,0.39993140014370676,0.01565111351339708,-3.9607503016880913e-8,0.0013522299410899884,-5.995170168009246e-9,1.2698045838593574e-5,-7.573603833633757e-6,0.01729493320541759,0.07367892707253018,-1.5683163996075453e-9,0.00011343266516323837,0.17910188952356068,0.06738042084339674,1.1900008681776558e-5,1.7371478276618075e-5,0.010020766966012408,-1.6073898901241497e-8,-8.893280786517113e-8,0.5813713871889336,0.004055811225515738,0.0002748689396608558,0.02280791535103964,0.006527018768401734,-1.6677323345794212e-7,0.017108055390956424,6.310612308532344e-11,-2.4787628140064904e-9,3.184768227607302e-5,-5.4731596788540574e-9,0.11047267977946425,0.015648837487108047,0.0018039687359187092,-4.551775896147666e-7,-2.0096642194999992e-6,-7.304503341033368e-8,2.02539538591401e-11,0.09681339363099568,2.4660796300404346e-5,0.0018495391123586797,0.1497410637831349,0.015934186790662656,0.002755676083452332,-8.072841445647828e-8,0.575717176678236,-1.7351549969449884e-7,6.245152041019617e-6,-2.830655663429722e-7,0.0016697400708833106,-4.806679738945195e-8,0.0012350815924653832,-1.0171826577338145e-7,-2.0361857416500643e-9,-6.323030122671397e-10,0.0006506230216225546,0.003760804355236886,1.5459241592508344e-5,0.00012076232866016315,-1.7879135361575037e-5,-2.448237955478017e-7,0.00011304494723496921,1.1985084550960915e-5,-3.131580193511917e-7,-1.9965008132889304e-7,-1.7986648514081964e-10,-8.100291550975049e-6,-4.111412436373281e-8,0.00016319906573267727,-1.136944947044553e-6,-1.3347248436014224e-7,8.958914514757504e-5,-4.084610082424072e-8,-9.873547456210466e-10,-4.3155939229026385e-9,4.695889484049511e-5,-3.527249840718735e-7,0.5141873394890514,0.0005252730834908058,-5.6016101570881183e-11,0.0022938215392467416,0.006735772675891234,1.800221262705801e-5,0.0002458673561412554,-2.4660007287664165e-6,-1.604874978364709e-8,0.09578944608626187,0.0032537121565680113,0.0034482082714763253,-3.1311794002817494e-7,0.0011793898201943442,-8.470097208648543e-10,0.0018410204392544376,0.0007169557947042544,8.292689622740618e-6,0.14193717413085455,-6.491369180450611e-9,0.0474565367200972,-2.37698210859818e-8,-1.6611427533721117e-7,4.462660134692034e-11,0.16253798921057938,0.00912188360831182,0.012486774664357377,0.0003385962602217913,-4.1019254654258097e-10,0.018477985839500864,0.0380849502265508,7.490914156187145e-5,-4.191074932777078e-8,0.035832100677905876,0.0037815226416515356,0.006537485001051891,1.2983760080612792e-6,3.7048486227390835e-7,0.00030044046013233254,9.648200506825676e-5,-3.981957022776701e-7,2.9932865971810275e-7,0.002290946528596518,0.06454059402436134,8.076609075072316e-6,-1.3210397120950437e-7,0.007243229805913644,0.0779290074487283,0.5355633194149151,-7.890846104316268e-9,-1.2328547652146135e-8,-6.311919234763866e-7,-1.9196433676101213e-7,-3.0884035540236074e-7,-4.1870322266626383e-7,0.02559561948290225,0.006320942343695342,-1.1049139192955674e-10,-4.272703464650214e-6,-2.2104557006238385e-5
0.0,0.0,0.0,0.0,0.0,0.6882705720716277,-5.482526448455425e-8,-1.5744801378107422e-5,2.0920692644944054e-10,0.0044751550334897515,0.013335935387799867,-4.515950028077146e-6,0.04557191527058182,-7.842644234466373e-10,-5.597173998377749e-7,0.0017051792124454107,-3.17387852699986e-9,0.035276125820406685,3.813103803062906e-11,0.1429945650749848,-0.00010284181453397247,-1.8206856059461055e-5,-1.5402856440108502e-6,-5.122650849444951e-11,0.006312142739731316,0.0005633462152269057,-6.606413576341555e-8,-2.572409292262036e-5,-0.00030456275070081973,0.062119216444604074,-4.5079970480986293e-10,5.331135363087011e-12,0.24770604568791446,0.008968261688311663,0.0034881371971634445,-1.7635241220627426e-5,0.2201435472964552,-1.645840755722279e-7,-4.56709455449676e-6,1.3967122002396887e-9,-0.0003424373978480703,-1.4899307447510055e-6,0.015013977129404176,-4.6875766879419363e-5,0.0005486487602050375,-1.2220856589558763e-11,-2.7711013428899034e-9,0.0524179006384435,-8.560402820051369e-9,8.649185490841397e-10,-2.490955870528258e-7,0.007769309734849229,0.20170890374849482,-2.517244143393846e-6,0.0025272348177192653,-1.5545582773300928e-5,-5.982173820247551e-11,0.0004491023194038599,-5.2758464454149226e-8,-2.545655951824012e-6,0.004058324236575073,0.35751983444946234,-5.938170292883577e-9,6.930046718505428e-9,0.013452899173821548,8.211613348488128e-12,0.07074986082491687,0.0021708965930467817,-2.3649580254606642e-11,-1.7061548218572386e-6,0.04423901604457703,0.06080633365867461,-0.000478859626466381,-1.569454792106421e-10,0.005669775578746331,-4.001087040467483e-7,0.00026039712224330136,5.212919773948714e-6,-1.4348020171407175e-5,4.9395422354917053e-11,0.11501393123953474,-8.295999757734263e-5,-6.271859923209578e-5,-2.0020692401972342e-6,0.021689804113142946,0.0023908915524243476,2.051124350568276e-10,-2.701653796595045e-7,0.3925391484405286,-6.491234554312457e-10,-5.1482955444344684e-8,0.21219554059925497,-2.7458751510488873e-5,1.9730228119640487e-9,-7.578479241738418e-6,0.0026643768171748703,-9.570339752447967e-8,-9.164445826926849e-10,0.007969317208217305,0.012068824144396965,0.18226068858777236,0.0008804214729338041,4.756157643819561e-12,0.0028014498074265346,-0.0005998816144475854,0.008089060192466755,6.331379277691463e-5,0.0333951092426771,0.15979594842856584,-2.059155852570257e-6,-4.066181773146849e-8,-4.5858934303939576e-11,-1.4590128810447933e-8,0.03438620654113093,-5.283043354143373e-8,0.00045846858205233565,1.1145343023224071e-11,0.0013221142690860227,0.16586117694803781,-5.768478153926453e-6,0.5351450918630759,-1.629323270648448e-11,-8.358304485355701e-6,0.036054304200547435,-2.8567550244533997e-10,-3.6154073237221926e-7,-3.5678704607677292e-6,0.01062037908547074,-1.899365482997056e-7,0.0036572537378182315,-0.0005695656278669421,-4.645647774627138e-10,-1.604126672298727e-5,0.06530110266109149,-2.002631068828988e-10,-6.244237569909368e-5,-3.198071169034823e-10,-1.226776732775298e-6,-7.6283994276334276e-6,2.516931230059197e-5,-7.669926739055225e-9,-1.3369078520255942e-8,0.39921396772234535,3.4126497386497156e-9,0.0018218229007861758,-1.5409108547776918e-5,0.08634484633827555,0.0059875808287126395,0.020330734804323448,0.06113122528131434,-6.788867406574969e-7,-9.70407673229937e-11,-6.488997318714753e-9,-3.571742626911719e-7,0.004821770667549,-2.8306317984566358e-5,-9.399650882038817e-6,7.29595143443704e-5,0.02075749840275614,0.24894924091664877,-1.3253820620627359e-9,-0.00032386311074948106,4.874849263276874e-12,-4.160477377379419e-11,0.0021316684114606197,7.346239440779827e-5,-1.2608868440543496e-9,-2.0652424740068307e-6,0.027256529182205242,0.00012768303564890274,1.1461713902168745e-9,0.008687901800495841,0.06534331666867477,0.0822606087864564,0.48086427926879527,-1.2649959064424124e-7,-4.654197919734641e-6,2.304364115979281e-12,6.82489166343522e-11,0.02402436737707774,-4.012247277766949e-5,-7.811093768813533e-7,-3.247169206000758e-8,0.006766069568710957,0.50438581380804,1.314774963817698e-5,-6.365609522485799e-7,0.22137339754472252,-3.375782067888914e-9,0.007734293271488153,-7.745289093500686e-5,-3.095748348076353e-9,0.06477237988887721,-2.7807411940415042e-6,-9.60148947538955e-9,0.000227850171639644,0.00014334443111839462,-1.0880658114387909e-7,2.2651287205658185e-10,0.0035147326699112567,0.0052738934004794066,4.710365635535266e-9,-2.520299220048452e-5,0.00030870707719821155,0.002939040762855889,-3.5092328750113424e-5,0.004479012615046488,-9.373625694185489e-7,6.058907820993296e-11,-2.347922070803282e-5,0.013019628812939537,-2.1420631386789597e-11,0.12574491947322733,-8.95850685700491e-6,0.004425853302472538,-4.0736954993868815e-10,0.001008823895308912,-2.8986455368620004e-10,-9.821022461129114e-8,0.25724903627838547,0.49121708334661635,0.021323011264954353,-1.4693343427340875e-5,9.475805461393702e-10,0.001275267095331236,0.0034459529617703643,5.718488535796345e-11,-1.485847488943377e-7,-0.0002076327524131602,-1.9128035129955337e-8,0.014498402749064427,4.940511779574483e-6,0.03769858307492905,-1.0849782368079675e-5,0.0011469354658789524,0.11787417504853116,-1.9032109718309233e-11,1.3315242781561656e-11,0.032220447998427014,0.00044759026837057206,-4.8144383523221507e-8,0.0020664969329068617,-6.054716454541263e-11,-3.537694702595631e-5,8.128099106113739e-12,-0.0005247660652083288,-6.224556569594365e-9,0.01772843621041486,-4.943303726155348e-6,0.001604679407363655,-2.1443574124250744e-9,-6.742214263843429e-7,1.7671896790349696e-11,0.07089087421131043,5.156352900910816e-10,0.008636998405936994,-2.4510808672594958e-8,-9.85179444465861e-7,0.3792234676908418,9.289437653648424e-5,-5.461192222179804e-9,-1.7443343138901863e-6,0.0016398273755176055,-8.929579968432816e-5,2.5614147698421184e-5,-2.2042708104050346e-12,0.02584714647166474,0.0022058439183582665,0.1557104605899357,-5.029556226100211e-5,-5.518771075665417e-8,-2.9859098960821455e-10,-1.7013545662793133e-5,0.007955948372557592,0.0007517095835564757,-3.960880883812808e-5,-6.768802780585517e-11,0.061025041707884614,-6.2561080514719776e-6,0.007594738124199311,0.008701146720247058,-3.5654890745984006e-5,0.5247394855363731,-1.8480701940319202e-10,-4.3671066067889056e-7,0.0012523720702908344,0.09396074256092331,-2.5838829228047354e-7,0.005056816591793032,-2.7792004946031233e-8,0.0073241800191936185,2.3334187105256573e-11,0.013768608400469833,0.08711761316684168,-3.142680710079566e-8,-1.6923954822487017e-5,-4.159805537101418e-6,5.101819857407187e-10,3.655087708847373e-9,-0.0007422094265625123,7.55127567562026e-12,-1.0919326313585214e-9,0.0003486380999842484,-0.00035177473775271006,-7.020017107681379e-6,-7.937468816450606e-6,-3.748521368979509e-7,-9.756132481550913e-6,0.1451503066772153,0.03218392793812298,-3.6479772164358277e-9,-1.2083315825159364e-7,1.9955430283747478e-12,0.00042235464499359055,-3.235991645070536e-10,0.005058592547486342,-2.2725865478870164e-5,0.13194406412393742,0.10234754263079093,-1.0396051714167199e-10,-3.891945542862631e-6,0.002418020555668976,-8.897568634686371e-7,0.00921301116819035,-1.4459750277360746e-8,-4.3862459879539875e-6,0.026666466791448636,-8.237441952162463e-9,0.041303933056992266,-2.691455047143967e-12,0.24356100718236548,-3.1195859579542126e-6,3.425940172831772e-5,0.005866667255145924,-5.837031592449734e-7,-3.0641183321685505e-9,-1.1916362785380051e-5,0.5109253763135558,-1.7191307148717016e-7,0.010688946818741425,0.12506779103339002,-9.87931368743674e-6,0.005431048701274306,-1.6039914935653475e-10,0.018089838614148198,-3.484118751550859e-5,1.0642482020436811e-10,-3.6407022213741126e-7,0.006227474214164174,0.00021650932799566856,-1.3108308752158964e-7,0.0002554795818027087,0.1263807079543907,0.030795816733580006,-0.00013798064585217407,-5.2887334905000213e-5,-2.162239360639744e-6,0.0002862113215815197,0.15949369489844056,-5.179216961617795e-5,0.07497598159278752,0.01567241618344724,0.37614607926071514,-3.172883403218486e-8,-4.906511695803654e-7,1.3639659400164269e-9,-6.034312442806631e-9,0.05948721111865478,0.00039183776604091833,0.006451360369055625,-9.194852538987703e-7,0.025371188233106887,-1.884690178299499e-8,0.042777678796701024,-1.0812707686324032e-5,0.419373820287923,0.24310663022478102,0.017281913985208133,0.0002372476639117972,0.06389286234247347,-1.482662842832639e-11,0.0063883759086671345,-0.0005375877578474687,-2.9665321645089874e-5,7.760041587619384e-9,0.0007627637669412679,-6.269569767734268e-6,1.0756869714599981e-11,0.00015625325470336663,-0.0001928750968936138,-0.000294158334322113,-1.2145974143212977e-6,-5.5365426979341596e-5,5.518104018347967e-12,1.176889267629528e-10,0.0001758920479806556,-9.924395234650863e-10,9.750496533541414e-12,0.0013797329375029122,0.0036967416502429644,0.009941218720630219,-2.107259769837516e-11,0.039151502385452105,2.4317937851313172e-11,-0.0002792948557567962,-1.9184942603688746e-7,-9.378268244165128e-6,-2.088108565977353e-10,1.4444868242032159e-5,0.001806450848153562,0.003506725179933002,-0.00046983936776756185,-0.0007872771222524387,-0.00019876858123670606,-9.101908060448327e-9,0.019819041891419743,0.02443436893357426,-1.659962920459563e-5,0.33696934828898023,0.32388349350958584,0.026912144313836546,-5.126141720969949e-11,0.0011161660949213321,-8.22285787682224e-6,-3.157641347408645e-5,0.09013317972341287,-3.636095989717863e-6,0.10744108544695627,-6.079305810957961e-9,0.010796968725615605,0.0009309200630999917,0.35429712624908627,2.60976850967234e-10,0.010261499067792014,-3.919481924682539e-7,5.534438146307856e-12,0.00244333484104132,-4.335025550695308e-10,-4.536147331053453e-6,-2.3825394916775727e-9,0.040235934511312646,0.11758823417841749,0.0614448617099929,0.0016972234449666224,0.004378763267181485,-9.755801665250717e-6,0.003654761927082312,8.762197376751306e-9,0.007860018166815218,0.22216930711438254,0.15492190660163302,-2.2250663875212792e-11,1.0409246701523533e-11,5.9374897233899614e-9,-8.153742204076466e-6,0.003329995161190708,-1.9703698092356415e-8,0.010819058912970924,-1.2446432642080221e-10,0.12089861888859785,0.17396802112689078,0.08490671654778914,9.380246497592847e-10,0.003000210563748275,-7.500758018506239e-10,-2.5833386457272665e-5,3.606288388531293e-10,0.0314252934121579,0.0003257175706003323,0.0007866510236740076,-2.985488883417643e-11,0.048813100623496225,0.05705192155705801,0.03917260697898865,0.03618181238614672,-8.604630857142198e-11,-2.2453961994877686e-6,-1.7234445830817612e-7,0.021560393858562704,0.011298423079092729,-0.00044214364893547153,-1.3575728017286216e-5,0.08478705388697867,6.603092282579779e-12,-1.304659248657048e-6,7.02695297296624e-5,0.18861486833852883,-6.706855114773119e-8,-1.0006083191703303e-6,0.29637385987941983,0.06032196303086158,-7.902647081709223e-5,-1.6437115085042345e-5,0.00043254257337640664,0.0012454053401220332,-1.1697068629232492e-7,2.074446603107663e-9,0.012777811242003974,0.13970678311268359,-1.2826904445637462e-10,0.0014400894102353202,0.011243996360331956,0.006428371921018291,-5.702620784063391e-6,0.0031958604472741682,-1.772830902741707e-8,-3.906147748332527e-6,-4.706625668024202e-7,-2.198553727246651e-5,0.0037916212586651308,-3.844398432154316e-5,7.664741079423261e-5,1.2474476249550617e-9,-3.105463309169834e-11,5.0262272396916425e-5,0.014213222581936283,-2.3747208636739223e-11,9.526387675332968e-10,-8.49879984632629e-9,-2.006807672642579e-7,-1.1132422609148322e-5,0.0027780817417419395,0.006359641711287113,-2.9946168215931954e-6,0.007820765950920412,-9.85840421778835e-7,-7.544990203276554e-9,-1.2447227734493404e-9,-1.3802176708233564e-7,0.0011805049735140907,-1.340703384457246e-10,-1.2651859631606703e-8,0.008460279096358663,0.0006669613180270928,0.016269927876900025,-1.1495301408627716e-5,-1.7199106489501215e-8,-5.617528816746025e-7,-2.9527919562361686e-8,4.908355566332622e-5,6.021621004201288e-12,0.34422248900261304,0.26289988573154394,-1.6189035352697814e-9,7.107248769960848e-5,-1.2817171046387063e-7,-3.0125311468840824e-10,5.007199495586571e-9,0.011169951835130424,-3.2156133180970223e-7,0.003950317668787437,0.002316091950348051,4.6497792808501444e-10,-1.118458599669009e-9,-2.0574386602370863e-6,-2.8085877687946596e-9,0.0005606349946661737,0.0013505556665578393,4.044196006903691e-12,0.03216755149451757,0.11713628899616572,8.477150756871284e-11,6.472866798775222e-5,0.0008071303594117985,-1.2722568844239967e-6,-8.449846069457467e-6,0.0002438738227154885,0.03921693373967287,-4.423241509575427e-6,-2.4235680017762793e-9,0.010207555012844599,0.2097340892564642,-1.426845315264401e-9,0.6404308077445591,-2.039474023234468e-7,0.003042002264788538,0.00022787878416868101,5.81425865398199e-6,-1.2674710279335345e-6,1.8848785107159976e-9,-3.7940917853555704e-6,0.005689827371937173,0.012695609347258524,-3.4524826717428863e-7,4.2364688467581304e-10,-2.9596822356198636e-8,0.002494759031381799,0.3146392068784708,-1.985570990872982e-11,-7.244570901428551e-10,-1.1857005184610306e-6,-7.424143909465948e-12,-6.350767238924375e-8,-4.542710733346613e-5,-7.215826198676245e-5,-5.087204827702154e-7,-5.186642055432154e-6,0.6326819117687217,0.00015659031343042182,2.2124932603686774e-11,-0.0004302074577055126,-6.131499648258862e-6,0.0007130911199489668,0.023951793848430193,0.013678938834892743,-2.8288348167713444e-10,-2.2443706130595294e-11,-0.0005754217070796827,0.004121871335579977,0.0072735402451948325,-4.143409366428528e-6,-3.762299830655397e-8,3.457326228951206e-9,0.1374436188288588,0.01785393940002115,-0.00043434053716808857,0.047357537855309974,0.39421110051194824,-1.217974102059373e-7,0.00015963192171011402,-6.582518655810908e-6,0.00011077581150862211,0.0003093544227987881,0.6139462966644482,-4.2483085627344555e-6,-9.287241927304422e-8,-9.88554065521895e-6,0.028251500816666508,-1.3781610395383682e-11,0.39778734426123047,-1.5945760295308566e-8,0.025960600531896375,-1.8421954685479792e-8,-3.003102652584114e-11,0.5773821839160197,-5.07396407975362e-5,0.07270557159139167,0.04970239733403079,0.0017189834945202523,9.114848212316472e-5,-1.1625055109683092e-9,0.003596391472436061,0.03793102959449536,-2.7191164361250333e-5,0.002153600989722448,0.08577751900413624,-1.6079544521679265e-5,0.41334423866475806,-1.671964253456854e-7,-0.00015632322382503312,-9.318698161172661e-10,-4.516460964779942e-5,0.0020884665744774766,5.0070269454821713e-11,0.058977942510489975,0.0024430374015598838,1.5015952546753992e-6,2.4495138959865224e-11,-6.524460876015316e-10,0.09679016858380343,0.25775251595769044,-1.7267341653270664e-6,-1.3047048052775278e-9,3.4331072791802597e-10,-2.1092674193410564e-8,-9.495527942828108e-6,0.006157952028249171,-9.039529171298041e-6,0.3779954451106744,-8.705594321428949e-11,0.0013645839751969483,-2.0929216459842925e-6,-1.7814682203340032e-6,0.1544908794982111,-4.762064378784887e-5,2.1330545991648247e-9,-1.080746149323206e-6,0.0008642560492088106,0.0027316461640989474,-5.511140723074364e-8,0.017524353434203437,0.4309013827815084,-5.8481710619089334e-8,-3.475026685901787e-5,-7.739828673033588e-5,-1.0714241495078229e-5,9.641243873556675e-11,0.06829531337403992,-9.562345684692989e-6,0.004834346908883438,0.21519416957935228,-0.00047224163473530065,0.025454387624410376,-7.77254665438539e-7,2.8559978139771146e-10,3.9654809047815005e-11,0.003419535390094149,0.026467254543100838,0.3552491196422529,0.007813430944279198,1.2311179928549625e-9,0.0006287467400813298,9.518340116546507e-12,-6.80366493787673e-7,-5.518631517589629e-7,-1.0352259533919931e-8,0.2589933773871688,-2.2141727035604454e-8,0.10137353965878729,-0.000722824663952868,0.034372280834850825,4.582832041395791e-11,0.003675369357717368,5.636641260077655e-6,0.019093001296316626,0.02127412986806931,0.04514253392835205,-4.9411486119309525e-5,-1.9909251751966894e-5,-5.468092847846786e-11,7.025995765734689e-12,-4.0077640557257723e-11,0.17961937716233473,-4.3472327520030797e-10,0.003906318128306784,0.09093252098179688,0.21921403771951445,0.03069518023688749,0.002225304262605235,0.18183370829956175,7.139793308766636e-12,0.03640033596141229,0.29682329229023247,0.000563795002470955,0.010048055591101862,0.08067510393335893,0.09827730325066572,-1.3668426785366474e-10,0.007680431636827278,-1.0153749227386333e-7,-5.52756384252229e-5,0.008169099166142203,-1.3967630592934068e-5,-1.7956176544164904e-7,0.003119266400836057,-5.686645692719958e-10,0.014980036246579218,0.4826283569507983,-3.428344461887866e-7,-2.7468896624458943e-5,-2.7688431445209356e-5,0.16869215827178582,-5.037123572186247e-5,-0.0005260820498725231,-4.063983715140819e-9,-6.535813251199651e-5,0.00039345499678549096,-3.857177298932092e-7,0.06344864134830583,-8.635730345301109e-9,0.018799020484971545,0.017013890550252816,0.003574968341092828,3.5460003304365334e-9,-2.7542084808722822e-6,-1.2374262537209194e-5,-6.166646352015659e-5,0.008209041202634158,-2.914855749453188e-7,9.335429568956427e-10,0.0006625576186573315,0.5940206112900246,5.885112008586498e-10,-3.0608704502600465e-5,-8.441226262873091e-6,0.0028841603855246575,0.022256178044725492,-1.2536244721333343e-9,-1.540327221018519e-10,0.0089336898327373,0.02953965947530097,-1.1059277222768652e-5,-2.1569090941296645e-7,0.0002513998494392794,0.2630649062218516,-8.444768328425724e-6,-1.2970601124221343e-6,-4.67628348089819e-8,0.0023543839484256456,0.4758332801308799,0.0799674853404317,0.23774428398136635,0.07029379124755651,0.05052477922479872,4.4146276727186676e-10,-5.0421012852198485e-11,0.01819892584087525,0.004149019780104621,-3.32045044614493e-11
0.0,0.0,0.0,0.0,0.0,0.0,0.6882694706788685,-1.1488892996162468e-5,0.004171961148754896,5.84590321737011e-10,-5.719219653034478e-6,0.011323421685512187,3.137451184095756e-9,0.06440918876518839,-2.9671004752448985e-5,-5.584428950034982e-6,0.09067179794403145,4.524474549039824e-9,3.5193927697958316e-5,-4.456382130739891e-7,2.4205592848736288e-11,0.00019972795134621865,0.12508124559661948,0.007394464151889468,4.6030267655402766e-10,-2.206819912705821e-5,0.08765030263164442,0.006948176881118585,-5.270582653163643e-7,4.244730729445825e-9,0.04383789105452393,-0.0003714269405084663,-1.4035984334363614e-7,2.9308761024470175e-9,-4.548691278269067e-5,-3.071411652453284e-6,1.1806875019595893e-8,0.18253487726443537,-1.1930650048147242e-5,0.015148545596474907,-1.892666374382073e-11,0.021519940407393,-7.239811474890837e-7,0.0004177540631012835,-8.162438039121897e-8,0.0018698121739911323,0.13824936021665685,-4.194341950191444e-6,0.2888547778388595,0.004175641729717699,-0.0005148836108811776,8.289952404398624e-10,1.0156786365952198e-8,-7.099355795145237e-6,1.8454905082311172e-10,0.0014436476628957007,0.009730288802304766,-5.5651896438404186e-5,0.0008845572264098351,-7.352152108892284e-5,3.029969790271352e-10,2.0663219556419773e-8,0.3032818615561319,0.006884799474265556,2.1566904109252366e-9,-0.0004096158420038958,-9.17346263314373e-8,1.7943555761397927e-10,0.004374801483284789,0.04237955385089978,3.1099315742988593e-9,-1.1507919974570439e-6,-2.8661368902634172e-11,0.018040472037392372,1.8091586752481916e-9,0.041073245053138155,-3.841990850110221e-5,-8.57223043176148e-6,0.004370240580248723,0.0010382344706627057,-2.8959702694407308e-8,-2.345623495209635e-6,0.000835614267080133,0.0015785324423031974,-1.513842508112248e-6,-4.288824064182372e-6,0.001249781768583892,0.42198966439822344,9.050296860877534e-9,0.054746162951602444,0.41910233911384287,-9.087820890922873e-9,-5.184967407993842e-7,0.011109088290005004,0.028385633181054665,-2.224837714182631e-5,0.3164512837653265,0.08216357530800786,7.443041059973325e-9,8.64952928433345e-10,-9.592326531962807e-7,2.1702455641836716e-10,0.0004930544514218184,2.0462254004475927e-10,-1.6204862616884627e-7,-1.0346905834922337e-5,-2.5236653258636923e-5,2.3195618642151555e-9,9.836062763982954e-9,-2.1271374781260087e-5,0.11332723379425008,0.006352098953216082,0.31327443696811147,-2.6360419225727616e-7,-0.0008723101969194706,-0.00010157454748937227,-0.00010477028823237522,1.6754423302126105e-10,1.0857439973208224e-8,0.0003919328374525927,-1.2342966885424755e-7,0.0024537132717498524,-9.764647123707395e-6,2.5019975666284316e-9,0.029970403597935142,0.14836792599162713,0.0027537780841758227,-1.9300083070591057e-5,9.236179478261771e-5,1.1779891783394621e-8,-3.9689642550607076e-11,0.04690004540668575,0.0002786427272075551,4.3961337124063614e-9,0.024090809167311437,0.0016611343374569427,0.043861818601299896,0.008872468899747767,-8.165777510614943e-6,-2.7215450548602575e-6,0.0038903710272284657,0.4296748162140017,-3.232062551722031e-8,0.008607456755837028,-3.252318964115162e-5,0.0026006424940441713,-4.916544743702555e-7,4.940788306952965e-10,1.4526450889125751e-9,9.334979977650394e-10,-0.0002498253982370617,0.012408956551546606,0.017031398383478998,0.27034458115799964,-7.467204647755367e-7,-1.5888671865871579e-6,0.015665509802001064,-4.817666283208519e-5,-2.5700987304870914e-6,1.509476124131647e-8,0.09107520541935422,-2.3105462557308707e-11,-0.0004882577544904282,0.005754436243297059,-2.0570781804843195e-8,-4.5107158646203325e-5,0.05743387290961121,0.060041786235958766,2.0860177920369377e-9,2.4928856432370815e-11,0.009866907608287363,6.282642510621811e-10,-1.4564954168333619e-6,5.290523398105466e-9,1.3818048535606619e-8,0.011177625696157418,-6.266699008714125e-6,-0.00027687057010061404,0.0025721205863615975,1.6906992090894294e-9,0.0012919169853982903,0.003738109798507498,0.40462161493390514,-1.6832265728781214e-5,-3.768922675214348e-8,-1.216405100122666e-5,0.0704663512337712,-4.7318360049768304e-7,0.2002396763533905,-3.3381834140365e-8,0.0004492341192638021,0.1660163935265797,-9.343952413089791e-9,0.00024086935565757403,0.23931661972488527,5.64793474633268e-11,-6.096430058827211e-6,0.0031517068998910248,0.00834263253547667,3.1359036169647884e-9,1.060529216469391e-9,0.004766085177958356,0.0019673094249532817,-7.565822343530615e-5,-1.1923302433272473e-6,-5.3898781669172076e-6,3.261681058609226e-10,0.08136178035789433,0.006706773964914601,3.926521890684648e-5,5.131839479440235e-9,0.003104128466225303,8.241235092933068e-9,-1.6197712151419962e-5,-2.4349452089475794e-6,0.04223841098021242,-7.280101466783883e-5,0.02942698875881455,0.5772015804933345,-6.422585626633931e-8,2.0229749883182516e-8,-7.315548383482806e-6,0.011350641801800329,0.027189385210924684,9.270785820434034e-11,2.521289732875933e-10,0.0005157773152592058,0.053428377438813145,-5.4178029627411085e-8,0.4927546394139494,1.0380881651526277e-9,-1.6352836720688e-5,3.5400485665257964e-9,0.003617067607899289,-6.496886468195672e-5,7.244863300879828e-9,0.002945672995253378,-0.00032873440766942937,-5.301211154810708e-6,-1.5803462257003669e-6,0.31255589749527996,3.5038409770113526e-10,0.023533111776525083,8.83598772542243e-5,-0.0006346799353499097,-3.306682455178955e-11,0.05650882037904192,1.274249409677967e-9,0.030855105023602305,-2.1527317701856488e-7,0.15435620495085067,0.23668416426230376,0.00034745258977091076,-8.922582034354296e-8,0.008592092117202688,1.217452516747543e-9,0.0003917697601323247,0.12236494126421527,-1.6935530361771454e-7,-2.0635854721784327e-7,0.2144278203510621,-8.876285895652795e-5,-1.1037171221377479e-5,-1.645693957034501e-6,1.833657144486716e-11,0.0006332654359414028,1.8377409195768531e-9,5.603559930546496e-10,2.481106229964259e-9,0.00012345093631449877,0.2425526510571332,0.03011627219315234,0.00010139550264534622,6.384214958062445e-10,5.7647533844963846e-11,0.00018629834756982557,0.01027309059867429,-2.1490677260888455e-7,-2.8964774944836975e-5,2.918270602758938e-9,-5.491835425185248e-6,0.0036375811902624707,1.840695912678619e-8,0.02136583417957163,-0.0001875531600818859,-3.635503504554117e-5,6.17698286356456e-9,0.09211471777623763,4.01162857005335e-10,0.4345502199909443,-2.1152989834500358e-7,0.00034041025633084303,3.656899684913014e-9,5.9052305986503585e-9,0.0121480412180453,-8.322652715717207e-6,0.007172046926737628,0.00471986975633802,0.013397174257591203,-4.969058539812038e-11,-0.0004488118611192743,0.08705274149893946,-1.9893412808060007e-5,-1.0984134277611377e-11,0.00012598287851413572,0.00891677776399046,0.28148307416003515,5.6968995680486355e-6,-3.6564021832292007e-7,-2.352810109365851e-6,0.12807811094024557,-0.00030692906028964773,0.0027780118269595993,3.0491421721048896e-11,0.04915958931220835,-2.562729175167503e-5,0.0054394619216793,6.585322242418935e-9,-1.98330172749239e-6,0.013568054203356845,0.0002641611825132952,-3.5164919209787914e-5,0.023988360780636812,7.68217380118832e-9,0.4890556547915699,-2.7277940567870893e-5,-3.718487692016432e-7,0.03732826088400036,2.883460735711887e-9,0.000361055421191318,1.3396465096669426e-8,0.01031052522124509,-3.27494046266113e-5,4.2702306220974293e-10,0.16208253498276337,0.1660638753369943,-4.898645558156278e-6,2.4799240926085463e-8,0.40715156238371253,7.7387145640946e-10,-1.0831318151574246e-6,-1.041352819097094e-5,-2.761727676225127e-5,0.01964873321059941,2.0117391563568115e-9,-9.527827495098226e-7,0.002277875164788146,0.0008013999376467683,-8.797532496691919e-8,7.804996575834979e-11,0.10446669897360195,-8.124399112555795e-6,-1.0101247420325688e-7,2.3099318207365216e-9,-3.6776045987975116e-7,0.0011096385141764603,0.02389034011284001,-7.837348509755149e-7,-1.9433376950484096e-7,0.0003395411477804911,5.166381781123948e-9,3.034396148948383e-9,2.031280726019069e-8,0.028892050951446126,0.017633475810169243,0.026778925724850404,0.29680197190490754,-2.5309354279172165e-6,-5.314044073734519e-6,4.684038703598939e-10,-9.158635398256093e-5,1.7856656448153677e-9,0.14744463052099893,3.0878826004470645e-9,-1.2396450630086241e-5,-9.531672186088648e-8,1.4896651618972225e-8,-9.567499732384598e-9,2.4915920851886433e-11,-2.5609041585927477e-6,0.0025611768512753584,4.6244818640842344e-10,-3.344541600462042e-11,-4.665895757104285e-6,0.0015812058638136354,-3.78376355385207e-6,-5.198362365851858e-6,0.0028097764016215966,-3.599961195395124e-5,-9.389811825193965e-7,-1.324852783147141e-7,0.00014025032758861573,0.0005154704278820324,-0.0002826744348454392,0.0011095010834388827,-8.750323438990926e-5,0.0728052468639517,-0.0003606186988889833,1.034327588171673e-8,1.0277192649300178e-9,7.141643666361263e-10,0.003106043210620488,-1.3896395226681784e-8,1.0134476370023551e-5,-6.861363754438081e-12,0.3529846509874359,-1.0846896502089081e-5,0.024424334762839423,-1.70985069609266e-5,1.3142510143432314e-10,2.5897418708513483e-10,-2.5406197730197047e-11,-5.4527215354332276e-11,8.337575721051276e-12,0.15495440966119475,-5.623842544781109e-8,2.1844681243109373e-9,0.0007838776550844948,-2.984073032234286e-9,1.3826347152014466e-8,-3.832914629824133e-6,0.007231134032289321,-1.3447462108910273e-6,0.005782230196966826,0.0006971389738041258,5.821968223760856e-9,0.05856928754065131,-3.693579309873421e-8,0.22180120212473617,7.822516011818318e-10,1.0838904772100609e-10,-4.246995480017537e-8,0.0026289247337262568,2.150820250410151e-9,0.004045827539043381,0.0008412370368724168,1.9520870231828838e-10,0.04521469346934441,0.033490736017466785,0.156942762154794,-1.2554345441104203e-6,7.886492933947043e-9,4.139853369797198e-9,-6.988421743451901e-5,3.180780899836422e-10,0.0027654054121395294,2.672675989481993e-10,0.004317784407979484,7.767180957061078e-10,2.6241790613526743e-10,4.530763290147416e-9,0.0034900960951823336,-0.00016956649332589452,0.009182511408842766,5.990158465969764e-5,-1.0478295240198982e-7,-0.0007371190141293261,8.444292451126953e-10,0.01477132385543439,-1.0929644069398659e-6,7.170275679598759e-9,-1.9715593293196207e-9,0.030024862965628174,2.199629429617554e-10,0.06680079505795226,6.769861336454305e-5,0.012574618990817384,2.22100166568757e-9,4.364659821275551e-11,1.361122642289204e-10,0.013850825648000156,3.4016888491418164e-9,3.9205252009888035e-9,2.7200228256372516e-9,3.793059667873321e-9,0.011363327368862211,0.000567660364940874,0.2740686299257931,1.5342246894673204e-9,1.221892260035544e-9,-2.8758136907743554e-11,0.00109204559694063,5.31522119519007e-9,-0.000337250002976097,-0.00014080347598971615,-4.278426396208947e-5,1.1141045256023164e-8,0.6030093545159455,0.06761666655355823,1.4316228210877439e-8,3.535773238563611e-9,0.0007537330419404637,2.378067568690563e-5,-4.48429045631985e-5,-6.93468068601972e-7,0.3921292353589888,0.007229358329482024,9.208948549513951e-10,-1.1077498824284272e-8,0.026011833309670822,-2.4969625387678216e-5,3.937980281471303e-9,-1.1060177172091989e-5,0.0015822948825539407,-1.2239825261141944e-5,0.17126594877729615,0.0054256510247578825,0.0066086399677632475,0.005776127820193849,2.7556538654963517e-10,0.0007516559696803522,-1.6722622007888343e-6,0.005382938263185421,0.004873758214080745,-6.181932806673798e-6,1.029854719342738e-9,0.0033886595327457135,0.012844048034619094,0.36652053230630377,0.2170757669188962,0.007016927059925195,3.533618252872733e-10,9.419164472781092e-9,0.02160521772689225,-6.6083248436661e-6,0.16483929674093417,0.30652915210200765,0.08110522162713191,0.020924420332650955,-3.8065572092734956e-5,0.017022372158318,0.38472784320400766,-2.681665787090009e-6,8.926892492353675e-11,-1.179078615119052e-5,-3.7053993729434066e-6,0.2220067829798775,0.0005553643392298205,0.6126210941445048,-9.91204901205766e-6,0.006249775180242162,-3.5965830845374145e-7,-5.031040233072414e-7,0.08378231615504399,-1.4523032650108736e-5,0.5898320395157474,0.031247146158351544,0.008459162492522576,8.062437845558857e-10,0.1802326283311002,-1.5288439660618896e-5,-5.108546513371936e-5,0.002577196550838586,0.09223277866813372,0.08069905795056828,0.165483528839242,-8.179597050691237e-5,3.305315779528286e-10,-0.0003211045296959394,3.89172721019564e-9,7.509790846527912e-9,0.0004590190369630543,2.5171198344800088e-11,-4.2723214396091217e-5,0.06255118706303447,0.018154849777838353,5.1801344398409453e-11,-7.778653355785589e-7,-7.503837803776309e-7,0.1639715861779192,7.373002224438051e-10,1.2849344068655726e-8,0.11126809307149041,2.0223548470647724e-8,-0.00045276791880442395,-5.353880278417072e-7,-7.608512488680568e-5,-1.1067909453138789e-5,0.002651792661654214,0.015244464955493395,0.04725740362590739,-5.285962146225921e-10,-2.6322413992594135e-6,0.060668783858465254,0.007749337370177189,0.43328884445573146,1.8188889301125876e-10,1.025193715641933e-8,0.002879602146245705,0.05925696542201184,-2.934959274985431e-5,0.0010689749207514125,0.20673022098080432,0.002698589992964363,0.00024335415318980144,-4.26621590264007e-5,0.002315667403648699,6.537915923691687e-9,-5.57167840175058e-5,-0.0001755606170806622,-3.059987259160726e-11,-2.2289341153602678e-5,-9.293029280727076e-5,-1.7747334401888683e-6,-4.864132112882308e-7,0.030835712634716895,0.0035048204620471007,-3.750676861351606e-11,3.3512511655941693e-10,5.282004968993159e-10,-4.452431464308748e-5,0.6231485761595751,0.021623230731214037,-4.817205088721226e-7,-5.65005095237297e-6,-2.8421327953906848e-11,-3.6451517048486067e-6,-3.5975904424201366e-8,0.2663356712284167,1.287703052688204e-11,0.023825410970427726,-4.013761091958167e-5,-2.6038058453131895e-5,-4.26800564224074e-8,0.017518615362248562,0.04660647360985951,0.011195847629025889,1.9976944249202574e-9,0.0020035961115436986,-1.0621560295382899e-8,0.38765324993539746,3.9159370586542495e-10,0.3781525580491242,0.004491324674387101,1.5035711250443827e-9,0.0001552048945098906,-8.428071113990051e-7,-3.1567339882911793e-8,-1.4873195955328478e-5,-2.134513225454079e-6,0.05874523524828443,4.257334488960272e-10,2.7972623249251305e-9,0.003062115355266289,-1.975491199136404e-7,5.300631703455823e-9,-1.052594042456938e-5,-2.0402777437003898e-7,0.0028012530211230183,-7.630639426062684e-7,0.06836057632155108,9.258197845551641e-5,1.9706412409927487e-10,0.002286711937666606,4.122529966921571e-9,1.7838282244243634e-10,-3.6976935321265624e-6,0.0014953124663456866,0.059320248852509666,6.3011238449591095e-9,1.4402627205450439e-8,0.027953412059890416,0.09703121738250993,0.016802231726890052,0.002134838905002651,0.00016040852034502793,8.283008507715849e-10,-6.804207744534175e-6,1.956440494888204e-8,0.010970768871872021,-5.211598596365625e-5,0.08858579736713575,6.693798353670579e-5,9.951646105589895e-9,-1.6119062507118685e-6,0.013412929152473066,-0.00015711718209966523,-3.591830235148628e-7,-7.385694982075623e-6,0.46646046987712425,1.3516331507751218e-9,-1.3455650233785176e-8,0.005405799375100995,0.001370958651757665,0.0004370718707134303,0.0017040813222611332,0.006714929492500571,-5.756275112976193e-7,0.0003765935577477949,3.530978432489615e-10,1.3627267846769944e-8,-2.6805229530978735e-7,1.8068045530503218e-9,0.0001636862371357307,0.0103193576112884,0.0013004767356378426,-8.557249400607073e-9,-8.394704597034958e-6,-1.0189648652132955e-7,5.663813104697757e-10,0.03222060008481863,-6.654274830456579e-5,0.004584869886978714,0.0022943565104663333,0.1089705955668069,0.39033870393887043,7.201122353260868e-9,0.010223463092778965,-6.069535972306948e-7,-5.903863551203015e-8,3.857270694274715e-9,0.00020853537827047712,7.773154766400739e-10,-1.4786309028266357e-5,-1.5502182734897782e-7,1.512250053823232e-9,3.1563233713664226e-9,0.002223804412297386,9.260590653681545e-5,0.007296005086236688,-0.0005679650042533133,0.00580352349262075,-8.153616478326368e-7,0.041039315599404824,-2.781264241490353e-6,1.5680177047117145e-9,-2.225189430339903e-7,2.1780162203273443e-9,-5.6155570143194165e-5,1.0004321207287246e-8,-0.000391508813864602,-5.587165649813275e-6,-2.3725957405967306e-7,-5.534615716882741e-5,1.0922542186227437e-9,5.518177470621999e-9,6.511028330611098e-9,0.016557853102041893,-4.15010785266357e-8,0.005190483466946515,-3.290166716009791e-6,5.889729568662273e-10,0.014601863904823166,0.4961529343707493,-3.876140779317733e-6,0.05528868266233657,-1.3101621126368059e-5,2.1539080513317174e-8,0.1647255739387795,0.00011376084776961554,0.002023391569960714,-2.6624075318221803e-8,0.00020290959331031814,-2.9417434598005e-11,0.1929746032989367,0.0011190888260504597,-1.7841160780324542e-7,0.07920435487345104,4.2884244976559825e-9,0.1943398053952535,1.4704901253168896e-9,2.746130479434549e-9,2.6036761401847816e-10,0.01223402416939811,0.02702236534243472,0.0001373771320252759,0.0007391144771104026,5.933212741074242e-10,0.35855014603674673,0.00652948681290722,-1.122392612676794e-5,-6.819831958065752e-8,0.018926397729688616,0.00033057577520124385,-2.128425414475373e-5,-8.023053260142323e-8,-3.362267301721448e-7,0.09066163238411971,0.018752828853775258,4.82009053054447e-9,-2.9834159667332775e-6,-9.448261197335269e-6,0.23268632366899086,-9.317489776707822e-5,-6.338325182694562e-9,-1.635396549413087e-5,0.0676264385420806,-0.0004468631787286358,2.516152058896953e-10,1.5385385090629033e-8,-2.55863244555952e-6,-6.587995419324058e-7,-1.530994122234314e-6,-1.5790702382286132e-7,0.015030667990022537,0.01796002473644066,1.3045151871094405e-9,-3.534513677595067e-5,0.004978039304985603
0.0,0.0,0.0,0.0,0.0,0.0,0.0,0.6881836581294285,-3.647514083601813e-5,-5.852645085579857e-5,0.0006973118298690287,0.0026857947678468296,2.998388921348908e-7,2.6931682947923384e-7,0.03665242278553942,0.03795554256501815,-0.00030776932449707824,-0.0007888993882340372,-5.341667409908515e-6,-0.00026423107489439513,-6.496572102667887e-6,0.1368428414923824,-5.6674368105109335e-5,1.8863150995687945e-7,2.798682877724348e-7,0.08201532453649389,-0.0004571518562871749,-0.00031678943095055193,0.09421586440491142,-3.692112155061793e-6,-1.6130199285734728e-6,-4.249232967747758e-7,-5.470614491704546e-5,-0.0013601530446235065,0.0006202660610247473,0.23644878767975175,-2.6769826774381603e-5,-0.00013657616215769617,0.2827544990754075,-0.0002862329741602536,-1.2836724626345492e-6,0.0022720625950739975,0.0036348925774236708,0.0057212902087832775,0.00620737895675252,1.137148177805874e-7,-3.164694964984958e-5,1.1763249028647153e-5,-1.2737500954711484e-6,-0.00012597794110082706,0.03343322138296214,-6.274883103666178e-5,-8.814986679676772e-5,0.2343113501536866,1.9181889144593435e-7,0.03310254225823379,-4.408317849590179e-6,0.008166939583939508,0.002678147991801308,0.26911896548444303,-2.651004769368201e-6,4.816136206478561e-6,3.1304357609245723e-6,-0.0010059596502850407,-0.0003056509085612389,-7.917982151804774e-7,-0.0009723823272490819,-5.199866121302991e-6,-1.7267760323074905e-6,6.649043460270717e-5,8.202610506477243e-7,2.5894189412745738e-5,-1.3320156052543342e-6,1.4950347356488617e-7,-0.0002904991070310097,0.0004605458587964156,0.1156420309182829,0.06355115885490907,0.0011286528369467577,-8.176442606815603e-6,-0.0006960136764578528,0.3267074657064958,0.015684345174304885,0.027906148648576264,0.002929070939864592,0.0318126395939551,-2.9841580965965302e-5,-2.5322515803467066e-5,-9.550793101831395e-6,-2.210299170255041e-5,-9.120715709383591e-5,-0.0003342116456180078,0.04603665282671047,-0.0006822406234330828,-0.00011295440583075762,0.002954736636036274,-2.586033998703726e-5,1.0138765953703375e-6,-0.0014510972731784457,2.007086066169673e-7,-5.660832369352641e-5,-3.134311371171614e-5,-1.246202814735397e-6,-3.513184738224259e-7,0.0317472644384157,0.008151191515031839,0.24220133708077035,-1.1023976061032672e-5,1.642799659941735e-8,0.13334042744620708,-0.0004660012723368661,-3.212176240781713e-8,-3.749590411873804e-5,-0.000146362103672106,0.007450362707313733,0.0010700822457460743,-1.483861188232014e-6,-1.5262042416703132e-5,2.6103365381900505e-6,0.08813868108046657,-2.0766586555529906e-5,1.8470656965655428e-7,0.42697397416229643,-2.6100385033102794e-5,-1.4198412828301771e-5,-3.9380130524274425e-5,0.018012392959825343,0.0002693327116783328,0.012110158874249145,-0.0024369212607839416,-4.448257567089234e-7,-0.00012945730512781747,0.10291455728803249,-0.00021222382495885515,3.5916603760625105e-7,-0.000691983711500768,-7.70837114880286e-5,0.005994674249175465,0.40084821511294383,0.16727695127184286,-0.00043398103217631847,-8.726273884309503e-6,-0.0001680416154974142,-0.0004963381029856234,0.027052368395151977,0.01045745814834828,-0.00013408290979393867,-1.551055085632285e-5,1.0658877737525831e-7,-0.0006345404681180657,0.08530615586628403,-1.0391153788531344e-7,-0.001121914613474158,-8.769481853795689e-5,0.012350871973265074,0.13268713386373535,0.0015809453548015183,0.07592474739405683,0.0018680490667277296,-4.442203932592242e-6,-4.862679394443042e-6,-1.4340887085682488e-7,-2.629940652796356e-7,1.1969715407752339e-7,0.00011088900319536009,0.010713393228849033,-0.0004885416628516413,0.00037356501548993347,-8.524260971330416e-5,-3.3642200527408894e-6,-0.00018656362826114937,1.4688790870747656e-7,0.0004400153110822354,-3.40050427293077e-5,-5.263172881888735e-5,0.0007743988209119873,0.3634682290781617,-8.539788535228173e-8,-1.287419829452973e-5,-1.3232846408819242e-6,0.019602147049431796,0.011712056785142241,-9.57338228747956e-6,0.0068052538964681565,-2.302363763385375e-5,0.3175048042636626,7.925703847202071e-5,-6.623364353755525e-5,-1.8585755852300723e-6,-0.0011125518873169884,0.0014899932880352098,1.101741152884638e-7,-0.0012658514838429639,0.08076700216639889,-8.320460462892661e-5,-8.241969256402897e-6,0.14282416677698445,0.003494464731015805,-4.6429257798645216e-5,-0.0018935957444982897,-0.00014453704479844447,-0.0011326353914672543,0.0021876435446289014,0.03757752077158855,0.021186287949694085,0.5566125716476962,2.9692755485866056e-7,0.00016300689044177464,-1.8579004915728343e-5,0.13429494410541068,-0.0009729337070695857,1.1946276261104078e-7,-4.705065248828123e-6,0.5630073535027313,0.01579819352526703,4.5042379919913257e-7,0.004364222053948338,-6.487101948301571e-6,-1.3176169621223975e-5,-0.0001920880423682678,-4.2450427471962364e-7,0.0017924724196412562,0.00018042073894440847,-0.0002389094150681104,2.0907756123145843e-7,2.4688817134714194e-7,-8.532203842644016e-6,-0.00032501330338795313,0.007576758949113677,3.7652359714012144e-8,-2.9022740026994045e-6,0.42207125359082354,-0.00037314497432002,0.017279732701096184,0.018574645390388625,-6.979131870528064e-5,1.4860550265469034e-7,-1.57002951903266e-6,0.00024350097189709076,0.06632719843062752,-8.639021584403387e-5,-4.2009912141684616e-5,-4.7228616737569125e-5,0.008809230831010144,-5.900840496973847e-7,-1.122256692042206e-6,-0.00047097748231915106,4.269280949477134e-7,8.951323257153196e-5,0.01157800232837784,1.7847313981181401e-6,-4.4407974617641403e-5,-2.9039286539433617e-6,-0.0008708145784899712,-9.397536526489225e-5,-0.00014102390344347896,0.0018000841651459106,-3.438766713318484e-5,-0.00012808133442969167,0.018154393256642188,-1.6827301674742607e-5,0.16430761942535405,0.039291464154846065,0.1940571709862426,-3.4387837871709225e-6,-3.522996752102811e-7,4.512771454164488e-7,-8.236484423471963e-5,-0.00032577070832564545,0.027664840412905078,-0.0002802326968104253,-1.207466044172319e-6,0.22022032706763947,-1.891119263794776e-5,-7.266853243678318e-7,0.04678240742185741,-4.207778064766185e-6,-0.0007704823801323072,0.5094391993815518,-0.0004946080541212604,0.011216081746386981,0.0005046377443948075,-2.4358848139752656e-5,-6.378048679502604e-7,0.038694218158227364,0.0049492555936078075,3.2180624308816514e-7,-0.00020060823724422737,-9.201388873611046e-6,-6.230090433268504e-5,0.002587953787820362,-3.6523542513680076e-6,-0.000914318458387266,1.0151420681589681e-6,-0.0006006352255075359,0.5824777783653803,0.010476124920187098,-7.898006338775874e-5,-0.0006709320549839102,-9.924716660470793e-7,-6.671831244469589e-7,-3.4136682663712235e-6,0.14762846699749932,-3.03545500953483e-6,0.16963077055868858,0.0005768649661299131,-4.1259560678232994e-5,0.29014232352197533,-6.573467043442284e-5,0.00021210169372855544,-0.00011825667155930837,0.011473076797772923,-3.5664855670499838e-6,1.1389470676162534e-7,-0.0001110357895812197,0.006864697563559877,0.004232520505810489,-0.000191844911918723,-3.9944600834702774e-5,2.25175020825856e-7,0.0721171975464746,0.014175098381701974,0.0016012039068302318,-0.0017856900281255437,4.097525539012708e-6,0.33190681817090745,0.0006551504422836224,-0.0008863034193192979,-1.9500431153384873e-6,6.791338063882197e-8,-1.1185533090217542e-6,0.005565736660853756,0.005949820739984689,2.653014567930654e-7,-7.204610308740613e-5,-1.616284129175127e-5,0.3369298082230095,5.638257220511152e-6,-7.296580505253993e-5,-2.927762691347773e-6,-4.623163271926988e-5,0.5514459604764028,0.0014120167444238018,-5.196574475520614e-6,-0.00018690865301884612,0.08252716281817668,-1.812987602226431e-5,0.016101741084394,0.0011068718083556528,-1.2737778310783061e-5,-0.0004561625222809526,0.15608310615378612,-0.0008332756429269187,-6.852810805430786e-5,0.04142857590742789,0.0026511977431545584,0.0011186869179955242,0.049175248145012056,-0.0002548145504034506,0.04954985480472017,1.2912070647035676e-6,-0.0005439764392442829,-8.426731396895175e-6,-0.0006309331119764836,0.002105290600807368,-0.00032549186791111376,2.196177286841134e-6,0.00039314814743392185,0.11849506576957904,-1.1115285387785085e-6,0.07398834136856575,2.4084719170379165e-7,-0.00033538039934160197,-0.00016682252767182988,0.5902623195902518,-0.0001357023040310733,2.2052646362779716e-6,-0.002103449363309301,-1.7069676736143886e-6,5.3533623887762684e-5,-5.838438785971321e-7,1.9438628335117025e-7,-1.27363062040954e-6,0.4267921340533134,-0.0011209193561228072,0.07143541091833434,0.312356709860787,-4.931940886563043e-6,0.19283131075258966,0.15621776195389497,0.01823749187082265,0.05693306781109763,0.028802171680797954,-5.617773075032353e-7,-1.766041893137612e-5,0.0007632497221738343,-1.343072213690456e-5,-1.051617132554515e-6,-0.0021601767364435405,-0.00015700660282625284,-3.5788735812813415e-7,1.1787466007941671e-7,-0.001143113465610782,-3.4258387800603303e-6,-2.8108769658417833e-6,-3.2212433032942684e-5,0.5057840353465977,3.0284853626574767e-7,0.02995882742461858,1.0211434452987533e-7,-1.3630303723337566e-6,-1.8624185936142193e-6,-6.823879857810516e-7,-4.703826196754692e-6,-0.00019545471079111793,-0.0010360288107112046,-0.0017933519073237622,0.05029753414718489,-0.0001002847652769514,-1.7622526997681674e-5,0.0024347766091485897,1.7622057333765223e-7,0.030463108035706683,0.005207834224136657,0.06141119780646067,-2.6194676251203507e-5,-7.341601529305066e-5,-0.0008349752314421128,-5.506813424920139e-5,3.3579326893598217e-7,-8.675451322025646e-6,-3.209579651577116e-5,-3.996202319496871e-5,-0.00031537906357381767,0.005682075316973165,-1.738229848543244e-6,-4.317082536196181e-6,3.9238485710535657e-7,0.000669370717080691,1.111170237215586e-6,0.0005805337245101401,9.896225953093309e-7,-4.350655633531738e-6,0.0008931669354628995,9.409512616672728e-8,0.019549348927419122,2.901905459425235e-7,-0.0012696419584947557,-5.1115386373533964e-5,-0.0003710957890686939,-0.00031204514114607725,-5.885271449058232e-7,-1.3552935972293256e-6,-0.0010184275883591823,0.17501919151368656,0.0037281242254249974,0.0028113986145086155,-2.048263496277072e-5,-4.807096574519762e-7,-3.9916985851275e-5,-0.0002429835224928351,-0.0008532121424926132,-0.0008549825555125087,-7.053522033822894e-7,-8.760853497160165e-7,0.17206248348513367,-7.705806269618237e-5,-2.0745329434320144e-5,-4.254638255711954e-6,-1.636995092912775e-5,-1.848158597131048e-5,6.693079367044608e-7,-1.598354908223369e-6,-3.195161480834845e-5,-0.0012578063621815664,-1.5172787502388058e-6,0.03965452309792169,-0.00017550626769018094,-7.82237712642977e-6,-9.932911781189725e-5,-8.056807857462436e-7,0.055161577636705594,-8.955209738122872e-5,-6.432312914403868e-7,0.15322500471313952,0.12012373455139479,-5.840741454947839e-6,-2.846769821625126e-5,5.232391533702867e-6,-6.21002059322873e-5,-0.0003522030630490191,-0.0008121626318012841,0.2343478257008995,0.044228984108826974,0.028084987874056083,-6.910139055605127e-5,-0.0003019248361909078,3.168090624370014e-7,-0.0005328960458976692,-3.440039990146043e-5,0.02258968773474701,-0.0006832268632731685,0.001429176829345744,0.03310268575803072,0.029024888284197407,-0.0003276201381651447,0.009912751263771107,0.006161650596728524,0.002245426718451319,1.8524107679281516e-7,0.012077653601162246,0.10449506783576215,-0.00018165035775214046,-9.860368976892458e-7,0.2572947392539544,-8.783003483527674e-6,2.8202885492777158e-8,-0.0001833519337010714,7.642577450809291e-7,-3.756986302167443e-5,0.006488470668965806,-3.327295421301505e-5,-0.001896599941863051,0.002752593120625491,0.005595938928831652,-4.540198058059127e-5,6.26887327583044e-7,-2.246205225853179e-5,0.0002186804941847433,0.04648382003191277,2.3277003370612348e-7,-1.3573701705418903e-5,0.008711042734682012,-8.586549850568573e-6,0.0004591889918593578,0.45501354729972976,-0.00016210904228009432,0.018758612236256078,-3.9785844482302894e-6,0.23890493498645685,-9.89007833201248e-6,-4.27956955143601e-5,-8.870300406571662e-5,-0.0002070653358964365,0.2924798378007793,-1.088783644472097e-5,-7.973326352158657e-6,-0.0007276548353689606,2.100931245093842e-7,-9.754609279830801e-5,0.005348798714131814,0.0024780860988557855,-6.773296582815294e-5,-4.526037272125681e-7,-2.165710449295888e-5,-4.654296238248074e-6,0.02521405836819125,-4.7688563777092564e-5,-3.1025848126539794e-7,-0.0005231658381068379,-2.672788642369662e-6,-1.2235664296496602e-5,-4.3247295685523315e-6,0.01600378636630182,0.00020318173962650713,0.00017753812951629234,-7.100672223930244e-6,0.0007678907500146152,0.21838401418841286,-1.5001251998193905e-7,-2.828489784203748e-6,-6.911756801193423e-6,1.0012985429037342e-6,4.440809963128175e-6,0.02258196593289701,0.010900578954037433,0.008185891170010322,0.4526913908932419,0.016995583764896748,-0.00042931644663704946,6.872567246997272e-6,-0.0014410301684531217,0.006092875741055692,2.1974347900698294e-5,-0.0007666668519303684,-6.224455045004196e-5,3.099037634688979e-7,-5.885580435061769e-5,1.0970388508511131e-7,-2.800476735830454e-6,0.07747429911517996,1.2563045678520103e-7,-0.00025993680425632305,0.002569071657884639,-0.00065235856702722,0.03465228253525794,0.02838998023558195,-4.3118435976388835e-6,0.027224435582403207,-2.927496076630973e-6,-2.0933722446082397e-7,0.44562067994348564,0.0028939733707603822,0.00301646136663745,0.003747114834843569,-4.482711684228046e-7,1.489493362590485e-7,-9.812500582613145e-7,-9.399581653706365e-6,2.9952518470286093e-7,0.38973778548647847,-1.3890459080408328e-6,-0.000798154881884077,-0.00026194293597756784,0.0025775914591884288,-7.146437885790237e-7,0.0004211125407434232,-0.00012360042893263092,-6.291351584828718e-5,-3.1152946025172626e-7,0.0009354585671156732,0.1424619354750118,0.1551024916034383,-3.167494526776831e-5,0.0002760240569488141,-0.0005246289448502658,0.0028295076151228886,-3.6908681526177026e-7,1.52072001968582e-7,-2.0003460925070536e-5,-4.655432107563176e-5,-0.001051344597417063,-4.622985095209092e-6,1.8322269299176954e-7,-4.466225645935964e-5,0.02939868836015261,1.3399313669213174e-5,-0.0014323922638833462,0.03931518009557191,0.09736120941261388,-0.00021026635451662897,-3.606007985127843e-5,-9.403721280681815e-5,0.01210074026374845,0.008321411289236086,-8.277945333714918e-5,0.6622286223905027,-4.2179137633172976e-5,0.005030648013088667,0.09522173212938907,-3.9466539786484436e-5,0.0028266412897026048,-1.0117876354770654e-5,-9.941871891562614e-6,-0.00016826435625460858,2.495629321589277e-7,0.22126354629890943,-5.2680556595118135e-6,-0.00012010885258984441,-2.1501218623944062e-5,-2.6625733385902273e-5,0.0017293684910645413,-4.395759817850602e-6,-9.066575659847723e-5,0.00044127633989508446,0.15843205996174828,-8.799980992342627e-5,0.39781887536579325,9.207016163485975e-7,1.287814497400668e-7,0.004527511723833297,1.4223702870620327e-5,0.08460308029770575,1.2845908056845233e-6,0.13614371263195163,-0.000567990631290746,0.11604724918916864,0.021443048624107425,0.02588315720296613,-2.8525084230973916e-5,-3.538533397254083e-5,-0.0001599595824821217,0.0009552386935398588,0.02406594679347445,0.007247737184900622,0.03520053920349722,-2.5089137242527184e-5,-5.178617203871946e-5,0.09129223445473125,2.689986565123066e-7,1.2615010648954938e-6,0.05087522548572394,-1.1510831859386037e-5,0.03635573213502826,-5.9736075059361e-5,-7.097822630369692e-6,-0.0009550985559051264,9.453375197660819e-5,-8.268086931356189e-5,2.5393627058552675e-7,-0.0003455730638427009,0.02542641769012506,-7.204346596771684e-6,0.010887996367314766,-3.0493752219045737e-5,-4.252785935309941e-6,-0.00016475122104686753,-0.0007042090988902544,-4.8714251761470613e-5,0.012017590026309323,-0.0006222695865860395,-6.598347640222489e-6,-0.00010703511034910398,0.2660890706266431,-0.00013217637048279016,-3.965207442349453e-6,-1.4756839284247404e-7,0.0006050576128093088,0.16465862274365128,5.823710449234992e-8,-4.937318576846402e-7,1.6663391443227603e-7,-8.823280704091967e-5,2.2042177748489338e-7,0.02011950107034573,-0.0006813842285813485,-0.00029994127162903813,4.409859797872248e-7,0.0053962150421063915,-8.448623789155401e-5,-6.602589386772381e-7,0.0004249931308347362,-0.00014551506984884533,0.06534902656675158,-9.068986018493108e-5,1.2174559738082366e-7,-6.665494079800405e-6,8.419801338181787e-8,-0.0007175930682235595,0.002139414467970078,0.37897199788414665,9.429502400143827e-8,-0.00018422828320276263,-2.131274790042004e-5,0.02833901148285388,-6.886868240475613e-8,0.001179443142222758,-1.5531538586413238e-5,-0.0001733637506044612,0.16759405187160667,0.010485116803633834,-0.0006571617462363743,0.06768963944452484,-1.9169619594748223e-6,-3.915577974924978e-6,0.0065218505286363405,0.015578367546298712,-4.790187435529549e-5,-1.2602609673125914e-5,-0.00016551691791881755,-5.2412380685010796e-5,-0.00036763196491140885,1.9476707602006274e-7,-0.000560123855155214,0.00015437765988292573,0.19465991293563584,0.0032122704196206405,-6.978311694390644e-7,-5.616364928054308e-5,-0.00014258014183470797,0.07836236071608842,-1.7530836459118912e-5,-0.00013385205277677582,0.08312151257559731,0.5943473010336736,0.0026666581591387756,0.0009274521029056283,2.888024870563861e-7,-7.568676811831929e-8,-0.0008772745825296012,0.0019208381354198557,0.5228069312279133,-0.00016296849125471604,0.011657040770564675,-0.0002691558680768491,0.5053607985483769,0.00038067340216343346,0.005079448824784535,-1.760332455203033e-5,-4.471921602690519e-6,-8.180562023900299e-6,-5.4231587592385586e-5,0.00013434622304642587,-0.0008031825268197355,-9.65849997694635e-5,-2.4169333578276453e-5,2.459155039353512e-7,0.005072940224184637,1.7008535889669473e-7
0.0,0.0,0.0,0.0,0.0,0.0,0.0,0.0,0.687935315869605,-2.7686852603280084e-9,7.866234668717381e-8,-0.0003169154931552271,-1.1712692436001463e-11,0.007157815184448921,-0.0004178582098913172,1.7649228414309303e-6,0.07498748228494465,-3.72900659579008e-8,0.12982745184194425,-8.454875206024358e-9,-3.07643460450223e-10,-7.706986675732416e-5,-0.0006454404496937892,-0.0035277463038057974,9.445426918640952e-12,3.292605663640743e-6,0.02402101674191247,-4.987524822819649e-5,4.138635000839437e-6,-2.094035023827786e-10,0.09844347682225468,0.049074740740895316,-1.427976348574011e-9,-6.36076797729863e-8,4.045900101989434e-7,9.288109673923072e-6,-1.362712876653086e-9,0.000639961870622769,-3.863643418582002e-5,0.23637388859522968,-6.055445666933153e-11,1.8140625578115425e-5,1.750007785927387e-7,-5.964779025825121e-6,2.9836842051258604e-7,-0.005736575554923761,0.216336608698913,3.5314063361318075e-8,0.0038145898505236903,0.3502162261801706,-0.0022785749082313775,-2.9745018184217124e-9,-4.2403588986713e-9,3.006183037789493e-7,7.553771700165454e-12,-9.59717530861541e-5,0.08203754588039694,7.059852364886665e-7,0.0023078764949351974,-0.00029804054657881326,-1.2795361138392875e-10,5.732353232791455e-11,0.012015159397833056,0.05223858864231917,-1.442537167605139e-8,0.026179219893596777,-4.5026208516796125e-8,-2.473061538749468e-10,0.12865895165135194,-0.00034991739263408306,1.3148432601297112e-11,1.0668179367832083e-8,-6.281749731159132e-11,0.0012164539778396987,-1.3745255010150122e-8,-0.00021466455553105585,4.433652323884849e-6,-9.407411344616624e-7,-5.151866302295852e-5,0.4164897248018128,-3.2386495144155596e-8,1.2395423699986297e-5,-1.2676020962252168e-5,-0.0010627492056283548,1.5252179705254863e-7,1.4414547967731164e-6,0.3503685807981541,-0.0014624687108222391,-5.264375999513254e-10,0.2023315338488402,0.02445364944669573,-1.5700355043771578e-8,2.1181923451498282e-6,0.06957632309625737,-0.00018204772321857968,3.060171392579181e-7,-0.0009745424339044947,0.011008425377071225,-6.853911304348888e-8,2.356920324124105e-12,5.267223044213118e-9,-1.4845328916738472e-9,0.03135534161086714,-1.8290807615322034e-11,1.4519857995272635e-6,4.610721543294147e-7,5.515435241354899e-6,-5.40594113366704e-10,-8.041152264912426e-11,-0.00014250084134602065,0.012648477193667605,0.015863028701885547,0.013964991667787176,-3.0719171452567857e-9,-0.003970886892827929,8.82480703456564e-7,0.1291630822438533,-7.226680064468866e-10,3.390392010631159e-11,-0.00036707122067570125,3.7640034845267756e-11,-0.006789661602637299,-8.180958359376956e-5,-1.2533860659179028e-9,0.38968587532570603,-0.0007766162906711605,-0.0002846401511130476,1.7234909446191507e-7,-0.0003586053606775806,-1.1489306055216258e-7,-2.0707708738699785e-11,0.34226624334821315,-6.082150709313055e-5,-1.0065627905135368e-8,0.0023849928633963425,-1.2800498108120347e-5,0.2025211509309162,-0.0013779337469864274,1.8655854233581289e-6,6.947763958974947e-6,0.016297283995307884,0.03655414170494012,-7.631246625978585e-9,0.1351071432379439,1.4271128761796472e-6,-9.847681468580471e-5,-2.2590192476655736e-9,-7.376925949181611e-10,-6.926803994866036e-12,-2.9846063151579304e-8,-0.0010874083487770042,0.008484461187753492,0.013995861017590115,0.0012879007174053901,5.835254162680681e-7,5.7273154489038734e-6,-0.00014317599147987484,1.7876181310501177e-6,1.072728250622393e-7,-3.338777005433198e-10,0.039010305924265264,-6.602971224780408e-12,0.035497768672358716,-0.003506423530802955,8.462891525562226e-9,4.091405705213743e-7,0.12544216991966034,-0.00044529043984512206,-4.040930608670265e-9,-1.5938719390517315e-10,0.40371922462132825,1.7676005356296024e-12,3.312322120792277e-8,-1.6514987290859926e-9,-2.59759993476589e-9,0.004826182707377666,1.2698087612913778e-5,-0.0038742950889401077,0.21776250193758878,-7.656361815452366e-11,-3.666470201284692e-5,-0.001458289946732528,-7.092784743452335e-5,4.4050536785001916e-7,-7.776847923297966e-10,9.079108711706526e-6,-0.000648977869306933,7.790571612964161e-10,0.06386055903607878,-5.197445705412363e-8,-4.190153232627731e-6,0.007261950093928381,-5.949480687773084e-8,-0.0005075619625252774,0.11497872815952202,-3.9033078601906937e-10,6.0334089517393154e-6,-0.00329771353070329,0.3463830201030777,-8.824056603438523e-8,-6.839404171353036e-9,0.0239230969049578,-2.4880471867345462e-5,1.621415008931691e-6,9.749252828973958e-7,1.570006259875539e-5,1.1362297876285932e-11,0.0005736705899702808,0.438302115102894,-6.652769659476339e-6,-4.592708550530049e-8,-0.006770643330284799,-2.903416853843637e-10,-2.6456434480954804e-5,7.575525381300818e-7,0.005747873971100906,7.549988513339509e-7,0.08428337354503045,-0.0012145404018161178,-8.53310588330023e-9,-1.8703693686206338e-10,1.447023877307832e-7,-9.225485399072742e-5,0.19336432431283107,9.127265812928696e-12,9.602486926980233e-12,0.2840210977536079,0.0012847061747595276,3.562460408101353e-7,0.0032521570369042573,-1.4574069656343213e-10,4.704033603914843e-6,-1.763976256048477e-8,-0.00024426456671257206,1.2782921219382127e-6,-3.3569220203289887e-9,-0.006293439748862226,0.048515058144932885,5.5027355011497914e-8,2.9697090605606244e-6,0.004607906984886011,-1.9891401307425683e-9,0.5573301462167256,-1.5695959286212678e-6,0.016457414175088895,-5.2836488348123255e-11,0.0898733711130407,9.686662310244367e-12,-0.0002374258493291928,5.384259330156664e-7,0.014170000007257542,-0.001038409024465161,0.12465900579060157,-3.974285831204669e-8,0.5361616977278472,-6.664614748418235e-9,0.000721910334312169,-0.000704843513298882,-4.6068663797243555e-9,8.564626532196104e-7,0.02626739589885284,-0.00041115860427601563,1.754337080414601e-6,8.087986115947153e-6,-1.6275304983160464e-10,0.041602160082646555,6.186093554887745e-12,-3.899836459591909e-9,-1.5355623325280915e-8,-2.1425055756087306e-6,0.023275995326163597,0.024539358864019572,-6.49551493470595e-5,-8.988427376915867e-10,-3.4873579284347985e-11,-1.0118795830009813e-5,0.230675008541364,-3.410664979651048e-8,-8.680404655185183e-5,-2.339323994668193e-8,5.564314690372444e-7,-3.191416245286164e-5,-1.2990754733558638e-9,0.05911262888913912,-0.0010797775480193834,4.885839329922203e-7,-3.5763028783635774e-11,0.006215078219294707,-4.3867379051311624e-10,0.02215532045633381,1.2763428996915716e-7,0.24971134666887046,-4.297838964452866e-8,-7.073073815800878e-13,0.009016162951917346,1.0714980598128724e-5,-0.0005666180463534021,0.568570635053569,0.11640062634629268,-4.657295005172257e-11,0.04124412521831244,0.0909527013481201,5.879571789082528e-6,-1.4357909426528203e-10,-0.00023493492057987392,-9.711178038729924e-5,-0.0011805588775342301,-1.5838504643245936e-5,-9.157117317052513e-11,2.9175291105780583e-8,0.07969503095628654,-0.0019630393683928936,0.0802019786345285,5.145281827567397e-12,0.33386004563507027,5.194552871861966e-7,-6.459397967957174e-5,-9.11864399369765e-9,1.454694878274497e-8,-0.00131747736456906,-0.0001981113953810399,8.761767655569125e-7,-0.001170049462522783,-8.409727460725355e-8,0.00666487719235752,-0.00010466251782705249,3.3729628953847546e-8,0.04626579726426172,-1.1597811527028919e-10,0.005052702940048555,-1.634865469330409e-10,-0.0002334900547313972,1.9221311956575417e-7,9.030078851008141e-12,-0.00020554423322925405,0.09118396725559663,1.108506399322949e-5,6.205899206865241e-11,0.003612516178076766,-1.4487559979516867e-10,6.76235636717787e-9,1.1184818872625915e-5,2.8916169463026724e-7,0.15079887298777195,-8.852195049073421e-9,3.695359780135736e-6,0.6040626928573796,-0.002725027021113368,5.4501150329839614e-8,-6.0336252768146e-10,0.00825177563684038,6.2461908112174565e-6,-3.828552707963421e-8,-3.2579648190958967e-9,1.9034296364624846e-6,-1.2068023709020274e-5,-0.0005116511283593493,2.21472778560438e-6,-1.040467988412262e-8,-1.1270100503817622e-5,1.8459942082322597e-11,-2.5633249673939427e-8,-5.650574586322326e-10,0.025522916504304365,0.00048656617889334547,0.2423690067634648,0.0105723822379456,3.990345406681362e-8,5.078297845136364e-6,-5.640829503585623e-11,-0.0005363261097604577,-3.3448395987827547e-12,0.025681085703723308,-7.894280773969833e-9,-5.666515688501101e-6,-5.604178053375102e-9,-1.8610521085648237e-11,-9.866653270643321e-8,-8.09228009753036e-11,2.3646198103967874e-8,0.029129061849132627,5.3808522194659655e-12,-5.998889725124065e-11,1.4255306578521916e-5,0.008183098471327607,3.1163453317964832e-6,-0.0001616517551073023,0.22063790545021203,5.930370457330483e-6,6.619388070722714e-6,8.499054365709843e-7,-0.001093429248969557,-1.4790134432574865e-5,0.012192327071700216,0.3944318579675384,7.49783023669451e-7,0.266767948909508,0.07057110885498383,-1.0166476321020983e-7,-7.431699767808436e-9,-2.2832197043517686e-11,-0.005129081371580906,-5.3347210880105066e-8,0.16301386651185149,-1.3292383684753027e-10,-0.001253631048028218,-5.712489577750546e-6,0.0021436838068851142,2.667525638647849e-8,3.745710388162565e-12,-6.661363551990327e-11,-8.793953784527359e-11,-3.1847606671701915e-11,-2.2265386352484035e-10,0.11938827122774509,-4.691895073972089e-8,-8.45733873834105e-8,-0.00011778998970704613,-4.7112362520108025e-9,-9.469668668244487e-10,1.4552361559662455e-7,-0.003343333754570774,1.4217917724574894e-6,-0.00019033616155798326,-5.542498221465959e-5,-1.284743382358837e-9,-0.0003442953072520988,-3.906153561858083e-8,0.11133129026552088,9.434727553067924e-12,-4.1141425840235357e-10,-1.1672390102936031e-9,0.5641832355039531,-1.490853383063098e-8,0.00016729926572763611,0.14056327636665872,-2.0580552714772285e-10,0.017102362269925012,-0.00022132507345157243,0.011605528578538159,3.7389574248094146e-8,-1.8190449236300655e-11,-2.3994634237371933e-10,6.175319098208144e-7,1.832954602223167e-12,-0.00015030319301728668,1.1527669489414935e-11,0.026087450471818107,-2.421990636547998e-9,-1.750511516467708e-8,-1.4774755115622033e-8,0.012019872833490031,0.07822312160087679,0.06164978971891419,-6.653252835669053e-5,1.750102441494932e-7,-0.003425322310997344,-9.759047892551037e-10,0.01219600449428801,7.406351565087645e-9,-1.15220936205655e-8,-4.0247875139273764e-8,0.04640533512982361,-3.5200326010402506e-11,0.03990215230654243,-1.3206943534922353e-5,0.33535305439372326,-9.990625971583489e-10,-2.016017820912997e-10,-7.753249224614001e-10,0.20947212425999165,3.5935298246380772e-12,-1.0793847614317664e-10,-1.5334982527520435e-9,-5.9326403767049165e-8,0.05355097871940159,-0.0003160291083943493,0.004922053536435161,-3.826727563587743e-10,-4.706961226921507e-9,-3.7902383794636185e-11,-0.0001928317776753838,-4.277035707149754e-9,0.06779627812509534,-0.000601268467911596,1.8226586473640384e-6,-3.6808474689150396e-10,0.004761061713418342,-0.0004882936860692787,-3.0507412540387442e-9,-1.6621098906356506e-8,-5.9648726584112014e-6,-1.6925693261261496e-5,1.8187791809083888e-6,1.2954420147125053e-6,0.0014270917090794272,0.20994991559498136,7.390816939415518e-12,-2.4943258260878968e-8,0.46299336202030356,1.1143637004552426e-6,-3.22879900314036e-8,1.539384835507217e-7,-0.0004326465963909446,1.378986192089096e-6,0.06571028070747795,-0.0005555881552480458,-0.002099976365886933,-6.788023040659775e-5,6.490426213291544e-12,-1.711146987464322e-5,4.527464538729697e-6,0.2942906844486173,0.06360411712225743,1.0022944643669805e-5,-4.235640995685764e-10,-0.004459246665071798,0.3494103419241858,0.024170567864570242,-0.0009232098528411006,-0.00012890643229819464,-1.574776181190915e-9,-8.952602129810247e-8,-0.0005251151017433605,3.052820717697818e-7,-0.0005195517493113855,0.0065834342836067795,0.09763101944745071,-0.00070350664812594,2.1607623137961272e-6,0.004358991738097168,0.0194783070622068,4.193053094740627e-7,-4.0663218518007865e-10,1.183614758527282e-7,-2.7655817846777066e-5,0.024677152893873604,-0.00046801041436045647,0.009806753977746118,8.911404639532906e-6,0.4282364074590389,9.50941472683761e-10,9.645573851160545e-12,0.1956523907412951,9.354662572243616e-6,-0.0014274347135751085,0.246583150329625,0.08703285516087102,3.2961676177459798e-12,-0.00020937620947994828,3.561845836739119e-7,5.218647817263164e-7,0.40320347317328925,0.05918586276064197,-0.0005022711758348584,0.041901085225609314,1.5717894130594028e-6,-2.2584410362155263e-9,0.019237903863656265,-2.4746542002026254e-8,-1.8837242289325547e-10,0.226036791010609,-2.0488055086084378e-10,9.316388756922424e-7,-0.000581054507692206,-0.00014875039653747778,-3.3640537793468756e-10,4.423636570281816e-8,-0.00016718232418849946,0.0411164894251548,-1.399229290207746e-10,-4.3259497403155543e-10,0.011733774011952115,4.314539383264131e-11,-0.002245270224413173,5.210073360235308e-7,7.813123520307169e-7,1.2990445618705931e-5,-0.001493253430093215,0.1506618764303173,-0.00032266525468827305,-6.677942112003959e-8,3.0940269839168455e-7,0.003055435138675156,0.040081477128152784,0.03804128417054618,1.3164917465256945e-11,-2.8651748636420408e-9,0.0020465580358353013,0.035908087687587346,-0.00024889515716770876,-0.009059486816273552,0.02752439500459552,-2.5419392262466492e-5,-1.9784291970774628e-6,-0.0018111660337875258,-0.0004320692354931642,-2.5790137445935504e-10,9.70757735733641e-7,0.08179003355328213,-9.646959911685269e-12,-6.587495336384815e-5,8.652603002710817e-7,1.5520946054579436e-7,1.8052983916655028e-7,0.02967548613840137,-0.0052163771587905245,-4.611321212997384e-11,-4.4704316714886207e-10,9.816714898812432e-12,-0.00016290181129121687,0.0009480613776656524,0.08399530732784113,-8.2457586855643e-9,1.6474887829414468e-7,-3.356699000064541e-11,4.9886856319906427e-8,-5.5346846641796665e-9,-0.00011991582484760284,-1.4831556469587124e-11,-0.00023768752880710188,4.3540666304956005e-6,5.7177636024827796e-6,-1.138729581283466e-9,-0.00017313893044090185,0.012471092006497845,-0.0001852937918041006,-3.3938561107257315e-11,-0.006043963436743229,-8.583798462796479e-10,0.04906230747302723,-4.9319140435030296e-8,0.0012528885258343298,-0.005505193057564132,-2.114623855608284e-9,-4.17800443397588e-6,7.55176583962215e-9,-6.722114193697064e-8,1.8547079552073308e-6,4.308585883969345e-6,0.23188789722968775,-1.7090611875797905e-9,-4.469089848004542e-9,-7.070149955996437e-5,3.951378906621933e-7,-3.949729237005787e-9,4.621468923009676e-6,-3.0855752101310795e-10,-0.0006921257848238002,4.213204057530502e-6,0.32395211461233236,-9.8558127737249e-7,-4.801642985984264e-10,0.3668938837618197,-7.982328056240745e-9,1.0337313010218676e-11,8.950174602192092e-6,0.31436156270993687,0.16143315637998473,-1.068366445814158e-9,-1.3746765945627727e-9,-0.0007583061231877447,0.13546844687945173,0.5391669031583797,0.007659855190186856,-0.00017718851284054642,-4.161217199466323e-9,8.45443018267722e-6,-1.1791146919819557e-10,-0.0010320942651205274,6.002496898550187e-7,-0.0004157497042607023,-0.0008258683549064026,-2.135890938485253e-11,5.855323118340094e-6,0.10060410103903968,-0.0007124446918166176,9.878635041273625e-7,1.1909939137364815e-6,0.001384920869480061,-1.6845827498017507e-9,-7.424104132398353e-9,-0.0018962820560349456,-3.8070689394072156e-5,-4.61539441265547e-6,-0.00025277982040846535,0.6395504606288652,2.875845182025789e-9,-0.00014034793174507202,9.815591334588174e-12,-5.258786285828284e-11,2.2960128027349567e-6,-5.591406846392249e-10,-0.000760371978825528,0.47536375543756415,0.1499173949655138,-4.288376995765153e-8,7.399177960502068e-8,-3.061315129217992e-9,7.347687413674178e-12,0.14308541691465423,1.3981405334451897e-6,0.1895857718386025,-0.0003425333618107814,-0.0006577423166882485,0.02500735733140926,-7.819528413139513e-9,0.003508928680145726,2.6968596369714384e-9,5.581629093016467e-7,-2.93704721921235e-8,0.19326032946586202,-5.066456330798273e-9,-9.794598997207924e-7,-4.927325448617895e-9,-1.9999195880074455e-10,-3.297572218499634e-11,-1.9639880832957086e-5,-2.4196723148293e-5,-0.0019269150262383981,0.039218255425839225,-0.004881951591870857,2.6204485958006914e-9,0.0052179768863530734,9.293634051726039e-7,-3.2179502354247636e-8,-1.2151568588694794e-8,2.90206591766853e-12,6.933175460824677e-7,-4.070610946180266e-9,0.056939468364451996,6.640838824495023e-8,-4.889683948235987e-9,2.8091052149169597e-6,-4.293004800537523e-9,-3.972235969404792e-11,-3.684390811464964e-10,0.002878020338028833,-3.158560089177084e-8,-0.00012248023005368366,1.3816886894266357e-5,-4.00760159423158e-13,-9.946322138362369e-5,-0.0015074276739187834,1.322379358133654e-6,0.03211853406731884,1.6322173721760375e-7,-9.101707187357674e-10,0.0028748337564480863,-2.921414436010449e-5,-4.998877998556273e-5,-3.075063327484172e-8,-9.51870855994353e-6,-9.049311552650165e-11,0.015027901665237245,-1.3324794717284068e-5,7.248022008544904e-7,-4.8277363089280354e-5,-6.312546066011357e-10,0.0772819016868967,-2.487146184550179e-9,-1.7391868484293733e-8,7.0673044288719655e-12,0.15187054861586072,-0.00024684430440385745,-0.00012844517943745413,-8.095688021838175e-6,-3.7913550080655695e-11,-0.0004139414866926116,0.43762491914205953,3.4673161894965803e-6,-2.658768408975696e-10,0.27575475913813463,-2.9007612694686675e-5,-4.771349472173952e-5,1.29440156086931e-7,4.8326621116340804e-8,0.008065160772989823,0.02169283051302967,-4.146748325436057e-8,1.1609687830860645e-7,3.8351023389588325e-6,0.0061656129764306004,1.092117996212366e-6,-1.2607785441245502e-8,-5.598904579981435e-5,-0.00024735900658684,-0.002542988999165031,-8.349262877027263e-10,-3.385033773308172e-10,2.079152325769038e-8,2.8888377453661717e-9,1.8942854376406922e-8,-3.646466146127123e-8,0.4326630362278504,0.34952777944509317,8.753114390213362e-13,5.121090325976241e-7,-0.005234203136601483
0.0,0.0,0.0,0.0,0.0,0.0,0.0,0.0,0.0,0.687921543929038,-0.00014239609353441162,2.3507697370106444e-7,0.005146451043182585,1.1175629130281467e-11,2.705692664432496e-6,-0.00022068180947303428,-2.305904469719122e-8,0.10564052642987706,1.1657996643352434e-10,0.0029143900178004905,0.10660122610911921,8.175603140493962e-6,9.15064648444791e-9,-4.585904567027007e-12,-0.004742336956628586,-9.068609960329721e-5,-3.35655228350641e-8,2.018073418703824e-7,-0.001352664801601436,0.1135666388386127,2.473181340679918e-10,1.6547666516221721e-10,-0.0009728131312157929,0.05231493707138203,-2.7671814260513985e-5,-8.64499889751999e-5,0.026705108627507843,-9.018883651921826e-9,1.6614329169342913e-5,-2.0702253473552527e-8,0.08159695008600235,1.8670130117999985e-7,-0.0013824997852807223,6.982831888293356e-7,0.0013888195939388986,-1.565183942270294e-11,-1.5975902715089565e-9,-0.0003249350616513056,-2.0792549427890043e-10,-8.157647501423261e-9,2.433684485763152e-6,0.3386567391414444,0.16029472107879103,8.009323524861842e-6,-0.0059722510972850616,2.480674637127013e-6,-1.0748053644147894e-11,-6.381986569405756e-6,2.0750208052163947e-7,1.6853570922841653e-5,0.0378968698360239,0.0107356222061901,1.264184749503153e-10,-7.602011508766789e-8,0.3455947718668627,4.544022202934407e-11,0.005293342701837391,0.22137796970305218,3.8398479533492503e-10,1.976836123001975e-8,0.005648218289713346,-0.0004508894505706145,0.027740770393639425,5.031241686562308e-12,0.2970842810696087,3.8519303965359906e-8,-1.9783898961242374e-5,9.017262711048366e-7,2.020910519178918e-7,1.0550158055098799e-9,0.04349196231531525,-0.00033448829058404996,1.5507912327507867e-6,2.0245538124438963e-6,0.00022341097762676768,-0.0006074281732839276,-8.574680920464847e-10,1.4773415967936565e-10,0.0007880378955998434,-8.949392369051608e-10,-6.623815632866467e-9,0.0192383271355895,-0.00040485047803510076,-5.102085006297729e-8,5.802771530232835e-8,-3.4758532222924134e-5,-1.3493705269076526e-9,7.198443497285842e-11,0.07078890358570396,-0.0013669392161433013,-0.0008841274923678328,0.2932690618555119,3.117526373027686e-11,0.030252414496814758,-0.0027198927039585683,-0.00013628258221315165,-2.1668783840447278e-5,0.08604110909402563,0.007467945437705303,9.148029757713574e-6,-3.493832122135061e-8,5.7390401794663626e-11,-2.8773280847818188e-9,0.005590493846703491,5.564464765310876e-7,-3.834968105652386e-6,4.0723067546411404e-10,0.4549609301149878,0.013954559281643988,5.989794647297464e-6,-0.0015900804924372683,-1.4869578672692237e-11,2.1438347881182673e-5,0.3992062653528201,4.738189617306111e-10,6.615907028728025e-11,1.3656917127882945e-6,-7.829613528709318e-5,9.173568782778585e-7,0.021369443072125183,0.03777006562963052,-8.446702249796262e-9,6.95246406736571e-6,0.15365808592308697,2.1815374281408373e-11,4.945805652866863e-7,-5.060166252165518e-9,4.5393221340144314e-7,1.260378515330313e-5,-0.0005772596474834358,-3.094747597995382e-8,-6.950173753221522e-10,0.022039914170920015,-3.711051543586161e-8,-4.9147722968273154e-5,8.518013263983388e-7,-0.0003507339395711196,0.25630235087378167,0.016325680769768598,0.12503625074440214,5.985542429898114e-6,1.845399363887852e-11,-8.471264745989843e-8,-3.609965571547088e-9,-0.0008974542184786979,-0.00019715486387199705,2.006329248791294e-7,2.354439621725302e-7,-0.00045382587249271516,0.060251977788041255,-2.639173762083981e-10,-0.0041047297098937025,1.2321155051109692e-10,-8.675738399688996e-12,0.008409261296949758,-9.277305237620334e-7,-3.64829594603994e-8,4.6332333390171385e-8,0.540607249955978,0.09198371810353632,-1.2526600042841717e-8,-0.0007734710031384954,-0.00015130303454004293,0.09881774506746778,0.022032608872711388,6.255253077581915e-8,-0.0001843093537048777,-2.1910631938942566e-11,-1.0326326232954077e-10,0.01855349628964437,1.6095194839026771e-6,8.79278723799286e-7,-7.249047537994335e-10,-0.00012369766425508787,-0.0010326941440012682,-1.0508219538514604e-5,1.1450721798755027e-8,-0.0010349427143149421,6.423249075106992e-12,0.0021725352058317854,7.261797178698781e-7,-5.114364038445198e-11,0.04929082435618918,5.702750851235672e-6,-5.911331624761337e-9,0.22084752856483175,-0.00012897607800673643,2.628286016420174e-7,-2.1369943711508e-9,0.016775326237450445,0.536792669400952,-8.50966465695178e-8,3.599581186179765e-7,-6.746193873996667e-6,-0.0015396729588687634,-9.935363506607839e-5,-0.004819146466259853,2.1158412455815453e-8,3.4933830168579686e-10,5.104090198276945e-6,0.14870928470708014,-2.0158361819008203e-11,0.06134604407665013,2.175052328948925e-5,-0.00025597364700063086,3.142748527707875e-11,-1.0539106526028735e-5,-1.711510758622434e-10,-5.472677490514663e-10,0.0027007006234570597,0.0034447528293046615,-0.0001693166466313435,1.4068292462119986e-7,-1.7364897552659128e-8,-0.009567397499810332,-0.0066720455745947795,4.946888637854806e-10,-2.3268703230573988e-8,-0.001463654941296766,-1.6034399877885267e-10,0.121218513401516,-2.4454164456542975e-6,0.29606197155324687,1.319132876692482e-6,-1.708070976763373e-5,0.19909044754474314,-1.593450538595692e-11,7.613979685944198e-11,-0.0002483995755487518,-0.0010176085484145776,-6.323025866027426e-9,0.523775063334234,-1.3504779694249018e-9,5.859821578107965e-7,2.1788851734262215e-11,0.0437029914397714,-3.511086505969835e-8,-0.00034290355290796185,4.9694276062226736e-8,-0.0028936292186344196,1.036160606386313e-10,2.382645185477236e-9,2.808753843780427e-10,0.018962094832107323,-4.967925449744084e-9,0.5564987651981973,1.3760767139400682e-7,5.9261461419894455e-9,0.0034288453538415887,-0.00020864071358557676,-1.272340321944602e-9,1.1068344366236114e-5,-0.00022856555605750125,-0.0004247502419399886,0.1724624979226631,1.40289293025826e-10,0.0015960240880939407,0.3998259000680163,0.1199405701422815,1.7945164362702247e-6,-2.076053655020602e-8,-1.1293200060106906e-11,1.2872383021617828e-5,0.4655207967521974,0.007446487131589008,2.6144273182165716e-6,6.027235562640376e-10,0.004584249756461823,2.4941114705410152e-5,0.2105202624503143,-0.00043700368918272607,3.417823358786424e-7,0.026538495975867483,1.7627341215093542e-10,2.831287230666265e-6,-1.7263181125002153e-5,0.007848169410804552,-1.231525968903768e-8,0.11353776867501779,-4.687881514692296e-9,0.0027131214844996147,7.275125954598655e-10,0.11209975826014315,0.009593121927381308,-4.429007540105651e-8,-1.6378835132001773e-5,8.048832003895779e-7,-3.7087310334973884e-9,-5.027342583084788e-8,0.01744251902071378,1.1558390209036997e-10,5.605565239909182e-11,-9.24528420331876e-5,0.05765744344231148,1.1074831392397189e-5,1.1006406957036724e-7,-4.5744545813764385e-11,1.5112438754886442e-5,-0.000756047841254347,-0.0002870933429079065,-8.703185697122692e-9,8.602041556064667e-7,5.004736595629871e-11,0.0053532762479002105,-7.1040033899900315e-9,-6.290087802071788e-5,5.053140788910836e-7,0.08051781418181064,-0.0005659901309854873,3.237881591464718e-12,5.1533089981265765e-6,-5.1967014489641724e-5,1.2735670224767945e-7,0.0621187289006411,1.2329815967315755e-10,1.9626128151961843e-5,-0.000794810703283483,-6.660841287455639e-8,0.05882988570483206,2.527044221794588e-11,0.005254048626761883,4.467691012406127e-7,-2.8959957956178487e-7,-0.005604708738887387,-3.8337726862908184e-10,-9.47532108542756e-10,-2.8711298961961127e-5,0.00629174687437514,-4.2541895853518924e-9,0.07146526596849324,-0.0007133276333810433,-3.930685529930012e-5,-5.030323743078274e-5,2.0030434921282584e-10,0.2949149192181654,-0.00030095139060157814,1.0542387411831427e-9,1.1900562197288068e-6,0.0025463280398657,0.17290490672118872,-3.3191433143487234e-8,-0.0002697441502661014,0.01302607965899075,0.40823506128124804,-0.0009310352149021504,6.098216564155877e-7,1.017668765317183e-7,-0.0017111758080444453,0.0005828067107462486,3.42006981634034e-6,0.009575943617207297,0.20748698951225447,0.03388485136193712,-4.652496991837029e-8,1.6539660275521502e-7,-2.370799626300984e-8,5.503914010864705e-11,-0.00020539484739950478,-0.0003972956024243699,0.06336635948901598,5.284671956643869e-6,0.0021955611405948946,-2.5236427447427925e-8,0.3990018739045293,7.00456527977381e-6,0.0036766116162134307,0.011148651014847409,0.020799567360956228,0.09890267850217783,-0.0004322922942274303,7.125943616048747e-11,-0.003893114801189965,0.04813911429530983,-9.920452803334511e-5,-8.469705475589483e-8,-0.0006446344264794155,1.825016522154653e-5,5.116993581211895e-10,-2.671539159132646e-5,-0.0008425527961412406,-0.0017660685170700265,4.081141154861595e-6,2.11853500497412e-6,6.552404571760442e-12,2.454606066178403e-10,-1.4609509155794914e-6,1.3946535833059334e-11,2.043622511761133e-10,0.007118619322990384,0.3809180747753456,0.004674833629788564,-1.3676282957031993e-11,0.04674872205726246,3.958269245261191e-10,0.10785000740780784,-1.0149721103685772e-9,1.4466701022230394e-5,1.640827752724579e-11,6.213160179655676e-7,-0.006734641797294812,0.04748905662709552,0.04612974090346178,0.02009277734517996,0.10944477352236713,-1.4311944496988594e-8,0.01591745131907052,0.032489629779636445,3.4286336723171294e-6,0.008167500887169271,0.008089046744220492,-0.00033372879003933163,-4.670769943013004e-12,-0.00036381242769692457,4.428692025254521e-7,4.24079624052952e-6,0.26332485511792714,2.6359953096119672e-8,0.012930838965543034,-3.8254043653906865e-9,-0.002843173502835662,0.12457423042258123,-0.0009083546617051371,-7.649425210736065e-10,0.3942042485334172,4.369963484635572e-7,4.3321728751832287e-10,0.13733669318579378,7.089333163614988e-11,9.068053731460969e-8,4.242715678312274e-11,-0.0005681559210213206,0.0296819990729175,0.035166218402848226,-1.3895123623789767e-5,0.001973317115231572,1.5080471879965726e-6,-0.006966869720997544,-9.601727305436106e-8,0.6060945211660186,0.05994766714885752,0.052915973201471886,1.445100348451023e-12,2.1196938915069077e-10,-7.675824131778975e-8,1.1343349112093034e-5,-0.0023185493822479378,2.112059530501267e-7,0.18018978599111943,3.371038230490614e-12,5.923334685682241e-5,0.13911220381343525,0.04140694786825006,-6.45789910928111e-8,0.007391265372415432,5.411795234479821e-11,8.835911632446562e-6,-4.508704873490076e-9,0.2669385972164484,0.1572398608996797,0.34013678871428793,-5.690392007176002e-10,0.005875911780139103,0.032214808111596126,0.1545797033559637,0.08361505725853932,9.318647034627968e-11,2.917401067571611e-6,-1.1890229066130682e-8,0.10278819192343167,0.3464691253957038,0.010204972183317926,3.881330801578608e-6,0.127830703293616,2.2422819700782076e-10,1.0317766554492004e-5,-2.7806789760822307e-6,0.01568106908013926,-1.9671596330473308e-9,9.050290784433194e-9,0.05864420857911371,0.22961420544151814,6.296801899712873e-7,9.028589908580342e-6,-1.9844589958171977e-5,-0.0016329714178527166,-4.472951324124336e-9,-2.2071016291474054e-8,-0.0024441247154848135,0.06703335209582906,-7.620758647332212e-10,-6.176327040046662e-5,0.2013364356280361,-7.633894843565968e-5,2.3686838438322224e-6,-0.0002285095072904312,-2.4464708628323618e-8,7.510997310503923e-7,4.648622596551181e-7,3.4866574751055974e-7,-0.006395137301545234,1.058172986079712e-6,-0.0009377414720832059,-1.260774756239895e-8,1.780376996942939e-10,-0.00023650853949696202,0.26838435895345053,-1.79646673136481e-11,-1.2480463067286883e-8,-2.5433810970430173e-11,-1.2497773356609992e-9,5.761595072576891e-7,0.6312502310387011,0.04581920531901142,2.316863601528452e-7,-0.0002449885002346195,5.172659556018461e-9,-7.371749255623209e-11,-1.3569484530922063e-9,1.7654445198598012e-8,-5.719276504279634e-5,2.451989431563563e-11,-1.1079124834903033e-9,-0.0007292883598383392,0.32477467671990773,-0.00013018220439756412,1.7793717749354895e-5,-1.2188785868824093e-8,1.4103271799327663e-6,-4.2916266279653703e-10,-5.0184156092016285e-5,9.692009432337757e-10,-0.001370454904517271,-0.00039228924591420587,-1.4942986574546914e-8,-8.572647578965405e-5,-1.2037295977596332e-10,3.686179259016729e-10,-5.4825143974873194e-8,0.005320361116423409,-4.68071299377075e-9,-7.837157686331491e-5,-2.2393109581521436e-5,-3.5225982220364915e-9,1.4947153953194506e-10,1.6311201836970137e-8,-2.751859678389595e-10,-8.183630668582788e-6,0.3505440524501983,5.4060559021608166e-11,0.1545486825762004,0.018380551440627918,-2.0201759340235703e-11,0.07215645135751574,-1.869882230847048e-5,2.6335432696793078e-8,8.647538293525697e-8,0.1432292153626715,0.0014183248260041723,1.4090673688618154e-5,6.112052023024461e-11,0.03718242853359136,0.040380688505673404,5.810494363609059e-11,0.002419372324914208,1.6678128275855954e-6,8.246443788405112e-5,-2.639982097738396e-6,-6.239262113416389e-5,1.2518298205260746e-6,-3.181820039545072e-8,3.3639443078672195e-8,0.028124891645361937,-0.00012470054348897542,5.501617178512546e-9,-5.713281129085792e-8,-4.591419370028739e-9,-0.009323643940007655,0.014682123108462555,1.4737688178192762e-11,-1.0301916704352238e-10,5.539066988902719e-6,-2.760533565204629e-11,-1.902563789876891e-8,5.742498088267074e-7,5.801833130536555e-7,2.528539651905195e-6,2.095183537973795e-6,0.00043235767440390373,-3.353086253873741e-6,1.0680989752549801e-10,0.017374879331586168,2.318013211899541e-5,-6.555704642481928e-6,-0.0007047307010317823,-0.000638245572337233,6.639413232047679e-11,-1.1933430689857023e-11,0.05254371507935847,0.3236297480179604,-0.004240298964554728,2.2171269684957412e-5,-2.0690028896024853e-10,-6.01186217120379e-8,0.0007608898450362433,-0.0002929761049981976,0.05199874790303482,-0.0003507387680777906,0.004915482518298125,-3.886872261816751e-9,0.029627779281915723,1.270232873839784e-7,-5.512277628478609e-6,-7.527878135071718e-5,0.002467705899687036,5.707663190608816e-8,-3.810165457659806e-8,2.916632200048275e-7,0.01772966609712746,-1.4054263233106182e-11,-0.0004763265735473061,-3.457487665784695e-9,0.08105122613522102,-4.4840506637043887e-10,-1.1114545573826683e-11,0.015829395786177078,1.7053558347126013e-6,-0.0005275435509184621,0.012746364441659877,-0.00011003365227041552,-0.0002458823242597579,-1.4993252088240824e-8,0.36501081604939356,0.22272538637157163,1.0791074691018683e-6,-0.00013302232601728356,0.32787131918651846,-3.3830613066037345e-6,-0.0014846626787144955,3.8270725169572946e-7,-0.0008068233467818573,-1.727201947004947e-9,4.5455009389677466e-7,0.2501207285016909,7.203116682733018e-10,0.31095784657608205,-0.00832257630882008,-0.00019074467448724374,8.643864203335749e-10,-8.495178650318436e-9,0.12747205161872105,0.10415925009592851,1.4435099457291948e-7,1.559519907445936e-10,-4.7154891565777534e-9,3.6492886795416716e-8,9.987822014175894e-6,0.6558687775268714,1.3500698072059667e-6,0.00604500647123064,-1.270024664644471e-12,-1.5809198556208426e-5,1.952585555986962e-8,5.898598278465881e-6,0.010932499573021623,-0.0007403212501745384,-4.240988566470362e-8,8.028514243720513e-6,-0.002585733025475146,-0.0003417807497394653,-1.9992010885883038e-9,0.2795633400395738,0.0239336628544368,7.237212707117294e-8,1.953553732513904e-6,1.0887023819594093e-6,2.5301177209429336e-6,6.668812186193642e-10,0.001375215141953522,6.327454509906696e-6,-0.0060886176848554945,0.03233788764526317,-0.0021233631769108393,0.2041382100991265,2.6726073397383477e-6,-2.62800358499328e-9,6.324407122301923e-11,0.014930133328157055,-0.0001790126648065243,-9.059073089545993e-5,0.0004423243467651186,-2.5654115656393025e-8,-1.3581613951692072e-5,2.1291330826997602e-10,8.284869605459516e-7,2.4253607810482423e-9,-4.028310440014462e-10,0.09840883181574776,-5.294789920529002e-8,-0.0006185484098472985,-0.003337365850277935,0.20442177861294147,2.7636377153367806e-10,0.5193001419088744,1.3258699625926403e-6,4.920515436062236e-5,0.09482705029706309,0.03656529194066529,4.6388109664687705e-7,9.864198141023761e-6,-7.947085107012e-12,1.2069467868933057e-10,-1.069473803166322e-11,-0.0005854433743054575,1.2903246598797669e-11,-0.0008450607980889935,0.05525548020430286,0.006310708613761035,0.009982180472109694,-2.2371775732169045e-5,0.16626633576968367,1.7925786946040026e-10,-0.00023407156858296042,0.00036038347372831117,-2.3860049410582625e-5,0.6375467600644456,0.03156239653415765,0.13377026644611054,7.619806719227607e-12,0.009286195125806163,1.6357886601719313e-7,-0.00021643973457290168,-0.0023299655831926576,1.0873284104229146e-7,-3.957756607862747e-10,-0.00047736896704508066,9.049335432511981e-11,-0.00011870425138541641,0.02433019554033785,-1.0003270668749691e-8,8.714974449728392e-6,9.385247049924335e-7,0.02539871788365171,3.966073404026761e-6,0.03447495771126254,-3.3560960183006847e-10,9.699769790703944e-7,-0.002492839048126445,-2.3907232028797164e-10,0.12016770964539751,-1.228793771798745e-8,0.5865258764963033,0.2807376210415071,-0.005468059651384764,-4.1837409589721153e-8,3.5337036014374426e-8,1.2041671623030276e-5,7.028498476919524e-7,0.01609362566952999,-1.9383263053989755e-9,-9.062097151783475e-9,-0.00012133535498803562,-0.0014198147023452147,-9.061530871141294e-9,5.545836814006177e-6,2.3693538582681872e-5,0.0026983205870861294,0.0024782974729009423,2.098054620372272e-12,6.984759634934217e-11,0.12772250484174566,-0.00010394135578624943,7.2852389482491424e-6,-1.0432713633581483e-8,-2.342562854024008e-6,0.05959061872487717,2.36856449652531e-5,4.044896220875304e-8,3.8259352755561674e-7,0.19938907518148316,0.0018347439159362828,-0.00048003657293050337,-0.001072454625541588,-0.0005028655903370642,0.002053973842812798,-5.598166657887551e-9,-4.390473530002639e-10,0.004533554713407112,-4.729968836223335e-5,-1.1334161893926575e-11
0.0,0.0,0.0,0.0,0.0,0.0,0.0,0.0,0.0,0.0,0.6878302021470633,-0.0002788053828844581,-0.00039679292610270633,4.6833720859647436e-7,-8.057525224737153e-5,0.06967679935639923,7.305643368002853e-7,2.697876290426138e-5,-7.256234383909598e-9,0.06799362467855079,1.6397791200282712e-5,0.00014415879143491508,-0.00015840059682743494,5.632612469624964e-8,-0.00010800580466227406,0.11896429902675879,-5.903173987446873e-6,-0.0026213296901283073,0.011643851610238723,-0.0009452176534943988,3.066797232606547e-7,-7.897754184549128e-9,0.08439733800884192,-0.0013601269213082566,0.1926743380900419,0.0016957775102578521,0.0005278181881509238,-1.0963631706694246e-5,-0.0004801338268535543,4.1416282505042496e-7,2.022129389184474e-5,-0.00015526967812951582,0.19118822816022873,0.001852084357007413,0.0038226581922117396,1.5086811002749705e-8,8.531550514699525e-7,0.3316665743842997,1.7012362193026143e-6,1.6305429585036429e-7,-4.240773312577109e-5,-6.252677163204051e-5,-0.0022412419127418684,-6.510553903616008e-5,-3.0387538624065426e-5,-0.0015936149555470607,6.976653735465731e-8,0.11705705595964831,-7.613681221787546e-6,-0.0002863581742339913,-3.6479741539453534e-5,-0.004635648672758072,1.89530412315149e-6,1.3923861304712024e-6,-0.0004734298603865011,-5.063194469229664e-9,0.049053518079512304,3.1120740313548096e-6,2.0180852977482304e-8,-0.00011748189915297896,-0.0007115122747664921,0.37921805271729586,1.1554643870050336e-5,1.363200157944435e-7,-0.00032054963317185565,-3.408651557591854e-5,0.021729324963579117,0.020034570339245033,-0.0006956163273821153,-2.8848012685133814e-8,0.00531558975360747,0.004284960495855374,-0.006259747987030105,-0.00013643673443590937,0.12386683674895599,0.23491525855069295,1.0277720770511797e-8,-2.457621205555888e-5,0.00875347426769839,3.875150533272455e-7,-1.833855281252546e-6,0.013939511136866204,0.00727375080281541,6.713809284263707e-7,-0.0007791330742265586,0.3909263108249399,-4.822404756699537e-6,5.847165516167332e-7,-0.0014545386627389152,-0.00013117109474561863,0.13641092421185994,1.323811412665706e-5,1.9229361311307306e-9,-4.292787882879174e-5,0.012289152199190289,0.23341579250480324,0.0257344403862799,-0.00026096976164874077,-0.0005434927894385493,-0.00026778395462959527,-1.8485528529991269e-6,4.613017372169607e-8,1.4517288622286384e-6,0.03379919565660107,-9.760872983541002e-6,0.038803093072635575,-1.3579858724956025e-8,5.3374500863061286e-5,-0.0024612421364342573,-0.00028199599896329685,0.024360120008481683,1.9300301872323496e-8,-4.464133645304141e-5,-0.0004899801452000961,1.8313284969708825e-7,-2.5821569477251606e-5,-0.0003769740564001386,0.3463749061211756,-2.81337314024459e-5,-0.002191450953837631,1.5215272440850157e-5,3.795482787686696e-7,-0.0016450557285432239,2.3764235479568348e-5,1.7863917134006163e-7,-0.006270534951993918,3.7426487634915267e-7,-8.527890684730594e-5,-0.00038464571316533275,0.030996143635663245,-6.665763148585409e-7,2.1740470548903867e-6,0.0066217482386147055,7.187086977950049e-7,0.10789456118014978,-0.0006703165489776166,0.20324167332534687,-4.279534140445413e-5,-0.0003311779351475844,-0.00037654341042021655,-0.00010351576219290795,9.29676676348071e-8,5.44986070246144e-7,-3.4817707865120255e-5,0.07133258334363173,0.003733665381608292,-0.0009654370868337816,0.006811229285531969,0.5134367151278298,-0.003388970906173683,6.455561772750219e-7,7.012238942921333e-6,-7.479515448410166e-9,4.458624590200126e-8,4.600632099507344e-5,0.04034005231134622,6.598233157886014e-7,-0.0001929224837982412,-0.00037357058948165196,1.3826973928497252e-5,2.693345605837733e-7,-0.00012746850433659326,0.22781555676123344,-0.0003431365656901085,0.0010444132576302053,-1.3775009329328139e-5,0.01300093884652941,-1.5085569632468652e-9,1.2019346066412865e-8,-0.00022919681056362827,-0.0023694135939207415,-7.799759140645538e-5,7.734679423367743e-7,0.4230709337496317,0.025923669257704944,0.0020796535052204266,-4.562730664453014e-5,0.14379593232331914,1.3041876053088422e-6,0.015269048295678647,-0.004978126262774825,1.122304909015664e-6,0.004508132172561278,-0.0002856373038651238,1.0221849150060279e-6,3.2090736675725e-5,0.012830574078197512,-1.0516558609196282e-5,8.412158275517103e-8,-0.001657223512241159,-0.000127558134252435,1.1731998147133493e-6,-0.0008336570601078449,0.05883970501766677,0.15462235104456518,0.0014365228022868617,-7.789277553046926e-5,-9.655352684005662e-5,2.374138041426603e-8,0.0045628424173561775,-0.0011117032756538428,2.4520697094657746e-8,-0.0014898977829629616,-0.0004601344225255571,0.09028192060972712,3.1031359990737336e-7,0.1334592632499699,2.1544410358487607e-7,-4.760208450112956e-6,0.04627926664178759,-0.0002127398418550654,0.33711735003878057,-0.0013034502888539788,4.6642894735753067e-7,-1.4451472663122283e-5,-5.366479403358662e-5,-1.6949471427109074e-8,-1.0386103202524257e-5,0.004952014118582644,2.2929121363922873e-6,-0.00021419833684058429,0.004324542456008102,-0.0006097743051363435,-0.0008220761522861403,0.08234587761705695,-0.0010791883677074288,2.3228508697204437e-8,-5.9263584589884784e-9,0.5624923937468674,0.05039671891620855,-1.138516209736811e-6,2.7966774400561657e-5,1.5400592482887555e-7,0.010958923495387232,-5.952131092381757e-9,1.5640562576168843e-5,8.168341606670107e-8,-0.0002936443307526158,-0.0004254513700899951,0.044332232075131914,1.0551768047843584e-6,-6.797821126311951e-5,-7.70632971150225e-9,0.014449386353255511,1.2059137843414842e-7,-0.0001848256855318541,-3.807941517320875e-6,-8.564584532849623e-5,0.031893689501390106,0.007141027160784332,1.3439858839710082e-6,-0.00022974424887518355,0.23399960333206501,0.0057363436190516585,3.0409172480583967e-5,4.442483545594031e-10,-0.00036557832772369446,-3.8292584522817964e-5,-0.0005996389501420912,-0.004867310641768813,-3.0938337464772084e-6,2.2314362850296616e-7,-0.0010066013444210247,-5.251000812349986e-5,-4.039537913550628e-6,0.004093490972170535,5.4423996721120875e-8,0.060172205433611556,-0.00041363006945408594,-0.0005634966397528819,0.3370623572404561,-0.0029970207332543123,-0.004041470017097672,1.517396840442058e-7,-6.649230687237087e-5,0.24114099311056314,-0.0006024444420027028,-2.59892784767544e-5,-3.64053289752463e-5,1.0321583012513616e-6,0.01963033082200552,-2.1060959863872438e-8,-0.0010701032938210898,-0.001055041173615443,-2.482199478140318e-6,0.00021125744461961132,-0.000364224359382145,7.608949565135253e-8,8.797477690453874e-7,1.4388119990361958e-5,-7.262971470262715e-9,6.058881409287956e-7,0.0379585711076696,1.3899324236767117e-5,-0.0005198755052793892,-0.00045516946085951917,-3.269478007932313e-5,-0.0009111028489025935,0.1724761818349035,0.5544883730857956,8.502568245955271e-7,-1.9607906642358856e-5,1.6815294904471022e-8,-8.294274226947377e-6,4.131079532059977e-7,0.22437316965785079,-0.0023172421191822723,0.0010391526675937015,0.2232958109472855,1.0245755136488234e-7,-0.0004337318198324614,0.25755882665259283,-6.277736695028424e-5,-0.001757954754551943,2.548973522643667e-6,-0.00045033377041112717,0.13016867371501684,7.304203303838817e-8,-0.0005855438997879771,2.046855253552493e-9,0.00028729077448595247,-0.0003245654132876738,0.01749421020197143,-8.669363991098313e-5,-5.261239817844092e-5,1.0899281621887486e-6,0.0005340585879425882,-0.005507906303385691,-1.4465698249623192e-5,-0.0001382102472342906,0.25698196082542946,0.004787925193193714,0.38619222961605926,1.3385267972407452e-7,-0.00020700064126581531,0.005500857015941497,-2.798640506796096e-8,-3.669271457542832e-5,0.015384981244351021,1.842656297885331e-5,-1.0906190460191825e-5,0.061353776579952994,0.03254182278075533,-0.00033265974547220785,0.010038368828693108,-0.002513172144647711,-0.00014500970529219965,0.05705464449116445,0.10292007473867722,-0.005125342579551143,-0.0011781512690644499,-0.0007607223747036643,-0.003735676324871165,-2.7542724476742384e-6,-5.019493816994349e-5,5.418484294524422e-7,1.8678950969381018e-6,0.23781797126337248,0.04684383623007565,-9.620847019561463e-5,-0.0001313708202822241,-0.000250407105905445,-3.655002246671342e-9,-0.0006399205170480017,0.0016927582869282554,0.03476321330633542,-0.0024043259314438224,0.004434173278357919,1.313641565570061e-5,0.41685323819088743,1.6886145728358837e-8,-7.315675442969217e-5,1.6533521647616114e-5,0.0015633842479283767,1.5019607982975452e-6,0.11361421736458147,-0.0002476931405592689,2.352954263414064e-9,0.027444069715284024,0.008786567575980474,0.009032416115410885,-0.00013052677458855693,-0.0017116941015434546,-2.767946762838649e-9,-1.2668332179671995e-8,0.015910871413293545,4.786165049221784e-7,-9.416309043916444e-9,-0.00183572338169638,-0.0001409533855584094,-0.00010579705470406837,2.4526146287297298e-8,0.0019246524855522135,-1.3910510640099571e-8,2.296041677252322e-5,-1.421424264918303e-5,-1.9251833480969784e-5,1.821120246895995e-7,0.00670752841139112,-2.3751837322843206e-5,-4.516824009324317e-5,1.4559401169995956e-5,1.5652452929033087e-5,2.0186778762674626e-5,4.3950157465666894e-7,0.0070172833458510345,0.002737723407435464,-0.00046648464455927534,0.014428835847594843,0.00310783876868907,0.3598241410485879,5.514570132391831e-8,0.03464256067895246,-0.0004531275964972454,-0.0025639595171353924,-0.0012666094314033296,-0.0003747532706971905,0.025744034135369003,1.2715123036495668e-6,-0.00018147553940097281,7.113185526740176e-6,0.038140802482922107,9.238588673745035e-9,-0.0004119017566535573,-4.461097644846041e-5,-7.466961853797368e-9,-1.4095359442696952e-5,3.2799632393620903e-7,-0.000467562889049389,1.0766631431571138e-6,0.3699128787955632,-0.0017888880073908566,-0.00045024988208476467,0.11575109439361858,-6.995140363473585e-5,-0.0010064030476031002,-6.44540027192409e-5,1.7236269036582979e-6,-4.774319419394255e-5,0.0036374535353826056,0.0034717525928517835,2.6225703070082163e-8,-8.442146874930163e-9,1.29900867930128e-6,-0.0008674689034781992,0.030149179837198815,-3.7136542295287476e-6,-8.045398800950008e-5,1.1115203893981133e-7,0.14205163047703775,-0.0006950557617526235,0.005895451447166894,9.94853035791347e-7,-3.0067019847272092e-5,4.783403387904326e-7,-0.0016745813676426636,1.552050060844584e-7,-0.00037688751034305114,2.1821848804902202e-5,3.866098915671164e-5,1.027151705564076e-7,-0.0006426500609023765,-0.0006539939124784621,-0.0002487834571785945,0.00019103250540225317,8.114982124295234e-8,-0.0002535223473659915,-1.4155480013345848e-5,-0.00023052403319662708,-0.00011308319275590367,1.045528958398872e-5,-0.0010260157388282038,-0.00012672558184529734,-9.495039240039682e-9,-0.000177160407570371,0.0238071679150314,-0.00029618637057614755,-1.6810255347942456e-6,-7.093252766347336e-5,-0.0009225340855711679,-0.0008118666438398475,-0.007847995961854553,0.004192998051059618,0.10894459482208485,0.05661566530261672,-7.221076573213859e-6,4.3937752231357463e-7,-0.0001837019338252169,0.0020895372118121076,1.7251695981138574e-7,0.2508103523522899,-0.0008074522313026404,0.5980379830827042,-0.00030403186637695153,0.20827110375768573,-1.1717908210885591e-7,-0.00023707939659296234,-4.270003673980373e-5,-0.0017829521190623804,-4.3993584317997996e-5,-4.217472742745143e-5,0.04309475115428701,2.5383516145841224e-7,3.065571211588087e-8,0.017052434596183497,-0.0001817560608883993,2.6664055724401523e-8,2.75835036204176e-7,2.153296772214884e-6,-1.3511262311995523e-5,-0.0011426367381466027,4.484384884014588e-5,-0.0018105491723814015,-0.00027079113989931825,0.5552597849392557,-0.0001008036483937565,1.8641875142838527e-6,5.767592717027341e-7,-1.0100762398870403e-5,0.12773044884840043,1.266984512928588e-7,2.034508645498363e-6,0.3738450894622342,4.518969614895102e-5,0.5333090749365182,0.0005666613766793175,5.94945658035806e-7,-7.045978582518849e-5,2.0086198170214498e-6,0.005796247039224023,9.595806195330014e-9,0.06286460794343997,0.08213549115976636,6.584523930026345e-7,0.02639019624251684,-8.442186693621056e-6,2.055490912846092e-7,1.0312026580900776e-6,-0.00018570778102197313,-2.5153229023681033e-5,0.47479584220263643,0.22257773217562868,6.589668051681464e-8,6.426240172227269e-7,-0.00019052998687968482,1.1145443133342943e-6,0.04553670927175674,6.48703691332065e-7,-4.2695821930243995e-9,-0.00022664432951199535,-0.0006036533240946722,-5.576568059593536e-9,1.1489821866391537e-5,0.175627873063073,-0.00010085906593871829,-0.0007181401498304042,1.869221596442658e-5,0.08613371453974691,-0.00046261169241395216,1.110270569702505e-6,-9.879016984848086e-5,-0.0018767434039365307,7.835662273663525e-7,-0.004427569240439655,-3.3700011168414825e-5,0.032023589204312454,0.056846429297396764,0.006563304722846587,-9.17535290148355e-5,5.56799372916998e-7,-0.00035147115793216177,-0.0013364296282079903,0.15011415147446025,-3.3816359026715736e-5,5.032789302174572e-7,5.445850044420557e-7,-4.153948033664659e-5,0.005192194265312854,2.1493687114748318e-8,4.296765774769514e-7,-0.00016334697311892174,9.247823799586209e-9,-4.750330698487921e-6,-0.004592017883051742,-0.007040855852423387,-6.425887388633558e-5,-0.00048546635849975196,0.004121527621112496,0.058107655983376284,-6.690827503478062e-9,8.801947140836063e-6,-0.0005003520595802439,0.07599747664773739,0.3056280999332958,0.08823539270496616,2.2535042980203026e-7,2.7246602655235255e-8,1.8195835485739377e-5,-1.1647417706478468e-5,-0.00011912101305903,-0.00037256918698581393,1.494359773667328e-6,1.0463840329354885e-6,0.1328348382116382,0.5656240629052779,1.630824236141631e-5,0.4350257021794072,0.02641676496748448,-7.1753889634468936e-6,9.579833315421195e-7,-0.000613771561749192,0.0101314086669972,0.05649376646975394,0.008854195016197313,-0.0002689619692375356,-8.563026645100401e-6,-0.0008190433109424542,-0.00037836690971314123,1.582940625100844e-8,0.021171427965733985,1.659623208464876e-6,-0.0005290388876556532,1.657869220302289e-6,3.465024914810496e-8,-0.0003323941357891915,0.0035189726065045297,0.30646064308019044,0.020430502544470302,0.08843489545500273,0.010637681617039712,4.651866577789004e-7,-7.661093527010189e-6,-0.0001952304919742728,-0.0024195152598511472,0.018923209290686673,-0.0011365050694814745,1.5580761368297713e-5,0.0582910228365362,-1.9757807663197855e-5,0.009258341165333639,4.6263261890207196e-7,0.001130404587623012,8.917681644692893e-6,-1.1557037014549059e-8,-0.0005731203800242445,-3.388633530516904e-5,0.006538328581923108,-1.7755388821513933e-8,5.138643724511872e-7,-0.000933041771095237,-0.0032071720661848123,-0.0001409851067625564,6.567061715133323e-7,1.6989189019644835e-7,-2.7271441676662057e-6,-0.00024195431667884028,-6.682944028688567e-5,-0.00012004721275541609,-0.0015077717865065977,8.376835278626187e-8,0.2023279919169735,-0.00021572228758925374,-0.00015230841406215742,-0.0014882912141156541,0.01912397900186315,6.480219119070632e-7,-0.00015386508692422042,0.053918554530427966,0.3008583661867933,-9.02115014416817e-7,-0.00015356772616344057,0.0067124685788738,-4.975985220451017e-6,-0.003512698073264359,-0.007627638841074811,-0.0006851229740626502,7.975740296714911e-9,0.11415803111557475,-0.0009543971329864184,-7.83864794936268e-5,-0.003075602111997138,0.013260482576838385,-0.00032286651630362284,-9.891105523061492e-5,9.953901980202448e-8,2.4224343350777912e-9,-0.0008486206177240497,0.4007272547095242,0.05492111133999242,-0.000131834098379375,6.203043910420923e-7,0.10837673558574677,2.2334573305170636e-8,-7.76739413193033e-5,-3.969834376414695e-5,2.211389932919279e-6,-0.0015902540529366608,-9.980147466508126e-7,0.24868878428635635,0.0072002383291989115,-0.0007358624170456481,-1.149378402854158e-8,-6.517662183697423e-5,0.011325400592420999,0.06028637554569439,-0.00028753894455742896,-0.000715315792498968,-0.004104332473868944,-0.0019815548197528454,5.615647830851862e-8,-8.19145881384046e-9,4.478133113397312e-8,0.16024604351951305,3.0356931826103673e-7,0.2636736944060805,0.003693200371433266,0.038771066693874756,-0.0004981646565381094,0.1397806666405115,-0.0017563010029021883,-8.630060516250492e-9,0.3568775894868959,0.08035667937047081,0.05990995517601763,-0.0001161623620123115,-0.001181965395567868,-0.001452452138216803,1.247232883252752e-7,0.0055689959629132745,-1.0899746247504332e-5,0.0030619213923558947,-9.074650445284422e-5,-0.0014307939275905405,-1.3870549747939365e-5,0.12231807018777749,3.9787440184775793e-7,0.37078240024206627,-0.003436910148698228,-3.2524758747563065e-5,0.0005869685885151047,-0.0014122487096395458,0.015619780166333821,-0.0028562311694068474,1.4042567754385998e-5,1.2696569398092075e-6,-0.005308025239479795,0.02277177864498244,-3.0303617180480243e-5,-0.0006846748092944714,9.373071252382502e-7,-0.00022061928168843402,-0.00041960898386831676,-4.231682759919917e-5,7.959591200057321e-7,-0.00018261326763624404,-0.0006628675610367157,-0.002380016896543369,-0.000106788314678383,-2.5856195490237636e-5,1.8949195716429069e-7,0.04088263496701653,0.01991939222059309,2.7741823251559943e-7,-0.0030702027879628323,-0.00038783156708194905,0.007910950712455685,0.049470608494447205,6.474183790691248e-7,1.3746971583920337e-7,-0.0009534186510645645,0.2193033656185788,-0.00023719750201499888,-2.0402726898552278e-5,0.02228247046078315,0.0012677181637216182,-0.00037259504822616306,-0.00012472359843617548,-7.999384531488978e-6,-2.279836716639627e-6,0.0036787932956798856,0.3075702401707512,0.10268524088817668,0.3620573448517741,0.07265910915074386,1.83705436158342e-7,1.211018303503845e-7,-0.0002795018878566718,0.2617568436458717,3.844132395176352e-8
0.0,0.0,0.0,0.0,0.0,0.0,0.0,0.0,0.0,0.0,0.0,0.6874683113478818,1.0250698950319564e-7,-0.00042362628734812807,0.03185309401834034,-0.00035098441632680326,0.005215540415322133,3.047696632314559e-6,2.0579291534807726e-5,-3.804224213242854e-6,-7.010898072278108e-9,0.10557832192778967,0.16209688960268903,-0.00010887704687868722,-5.31378305281812e-9,0.001338368561256989,0.024106594540426435,0.23677168520968486,-0.0003074393691584723,-5.666615001969331e-8,-0.0004583978584572749,2.2332966995927023e-5,2.6390150967952938e-5,3.960805178069552e-6,-0.0035588445800303122,-0.0007724816614472851,1.4388600602057776e-6,0.10409164618016276,0.003866819346401813,-0.0020337089088163936,-1.72120151988651e-8,0.23792366438272444,6.258023695299505e-5,0.09311311353874732,-2.523149879622657e-5,-2.247310759756575e-5,-0.0007722726402610421,-0.0002067606206849395,0.0011059869573363174,-0.0007578044830277643,0.06080284091944211,1.3473443313431778e-7,2.2649921550254034e-7,0.006587433613684607,4.498635144332049e-9,0.15042272175569846,2.104223144470416e-5,0.0009241152347345777,0.012820494224000578,0.01819804350076937,7.286482083568804e-9,-2.0124719047434584e-7,-0.0034869996940513643,-0.006572906034811773,8.420315097499814e-7,9.86998784520894e-6,2.205777787947331e-5,-4.274850730411379e-8,1.5595366677645228e-6,0.4057349852879207,-3.753787639906599e-8,8.980709859675534e-5,-2.9531292154618505e-9,-0.00015954646258818447,8.475885890938239e-7,0.20859266162265105,-0.0008702690116035687,0.027743990863041697,0.42051694494095476,0.00011772341548902064,2.708587615117603e-6,-0.0009267674374468942,0.07746984729929186,0.3421363373199765,-5.5736456945665825e-5,9.598959555828576e-5,-6.344644486405781e-5,0.03747435204555799,4.755786292263871e-6,4.5442206962538886e-5,0.010456660543615453,7.291550252846142e-6,-0.00017782420421645514,-0.004502954275096289,0.33297834848049257,-0.0005911888787953091,0.04440354277287553,-0.0010885672907157155,4.634215156946128e-6,1.9255767139063704e-8,-2.292025179196553e-5,2.344017532716179e-8,1.3776829414830963e-5,-9.69881852810342e-9,-0.00010482843347500266,-0.0006172710372855529,0.007914976375942432,1.0660238292291933e-7,6.368623047916492e-7,0.012840176349853294,0.044123292679979206,-7.580072022608291e-5,0.008154360278499435,-1.967828458274442e-6,0.03202501281252416,-0.007887207136629487,4.830305505633179e-5,-7.130489586053005e-8,-1.1904441135796324e-7,0.18433020495095098,-1.7984254451302897e-7,-3.946770024138548e-5,0.0220388009045932,-3.891748928460524e-8,-0.00014238477330507174,0.14285562802047877,0.1943112677656571,-0.001416799256180645,0.03286327694380714,7.83735420471942e-6,-8.678880776014531e-9,-0.000588522199711543,0.05360706692089034,1.1157677071632722e-6,-0.00033576115063250393,0.09232115824441377,0.0005002414856816935,0.46078389746381393,3.766471466752097e-5,-0.0002702539392674477,-0.002623543432307108,-0.0026735254332981248,1.0846771227289299e-6,-0.00335915793936137,-0.001935451885026109,0.4240700664677786,6.263184342005602e-5,-1.2385991430530988e-8,-2.0304239255150515e-8,2.0425917346273113e-6,0.04712461360525397,-0.00011932811309697469,0.014277284629164722,0.07152787995484017,-3.548289863827996e-5,-0.00048216074340035904,0.3978621291547007,0.0024597716500560024,0.00011790439449487504,-1.2163066905833593e-7,-1.2935552473977524e-5,2.903958895254971e-9,1.812870767101772e-5,-5.8671474644229026e-5,-2.281327196572783e-6,0.010722810668839176,0.00043086826703564956,0.3849768115093631,1.1646789558390335e-7,-1.2872742357389885e-8,-0.0012272213165193736,4.0057525127998296e-10,-1.77590235727561e-6,4.3063513808726386e-7,2.0620132343069997e-6,0.041250222198759935,-6.697971876022e-6,4.948603580682133e-6,2.9040821746024247e-5,5.02022537770274e-8,0.20362885773646158,0.21546301291121445,0.01279270296445434,-0.00073191873563683,8.357495759871955e-6,0.00018871238185709418,0.29548888885166164,2.4812069429910194e-5,-0.002039968530181769,1.1326896724374608e-5,0.046599282179804344,-0.00043565804342118625,5.971667091301783e-6,0.09836153053595388,0.0005245161315767554,-3.147500047030193e-8,-0.0005351293113884526,0.09410033521505172,-5.118516886146632e-5,5.525483451593293e-6,3.1473354933993134e-7,-0.00704417396968744,0.2675404397590221,0.001958985728115308,2.3723894282954102e-5,-0.0011660359335343231,-4.097844114614736e-9,0.176109997757306,5.388863959108998e-5,0.03530643913078211,3.0261004133260537e-6,-3.391670352295852e-5,8.96130401836893e-8,0.0021173403921587353,-0.00014393227797534697,-0.0004898551758642073,-0.0036178077412406385,3.205092455224268e-5,0.018700711346658964,1.709820167122892e-5,1.7341647383748447e-6,-0.0004103248967563372,0.4290587004239593,-0.00038941143476040356,4.584112458726765e-9,5.099269010336956e-10,6.227685403101785e-5,0.1284732912017246,-2.6388835314028683e-5,-0.0001386686840116742,-3.2388747235491956e-8,0.005854227489344483,1.1772787645892778e-6,0.439657309000944,-0.0041234451889815265,3.7756896095727455e-7,-4.25584295993455e-5,1.3744402781285895e-5,-0.0001441422099819333,-0.0001804912624018316,0.033028871045306815,-4.353103800373413e-9,-0.0001712308532171599,0.03914507691880268,1.0825765259805173e-5,-7.802298269044839e-9,0.001104605141540544,-1.5652964341335474e-8,0.4901958703543721,-1.5128623703331042e-5,-0.0019558192629666594,0.08760085740013879,3.721407299461984e-5,3.1548126511537213e-6,-0.0005276869210569855,2.853408433373178e-7,0.009504418534682774,0.22020979409213315,4.070985282460274e-7,-7.105161014043772e-5,0.0019344720239412674,0.025369900851543146,0.0002509836171281103,-0.000634346075518133,-3.4163797800150453e-8,7.571082340402771e-6,2.091509919138373e-9,1.5785846752475248e-7,1.1467433392948506e-6,0.019319176912277167,0.028736243388129187,-0.00012402190236285616,0.04730891026885004,-6.601440872692301e-8,3.3128771920664973e-9,0.07873933076065476,-2.0041792376537658e-5,1.827757611680552e-5,0.006004525561320897,1.5227139631193291e-6,-0.00011152399880205034,0.24009478552635757,4.0933705227061915e-8,-0.00023259913143020133,0.04833471064280307,-0.0006309823478122573,2.8228858504225056e-7,0.07433574216933182,1.1609580208537637e-8,0.009279620443533374,-1.2395175865748336e-5,8.26022358890472e-5,2.730394362226101e-6,5.867259564178818e-8,0.022219054288467557,-0.0007942122994695769,0.47740034017753574,-0.0003510465137809019,-0.004530457585863925,-1.079810656986108e-9,1.7830236477321815e-5,-0.000713385334209377,-0.00024511961779172774,-5.303455819718171e-9,0.07695241747655274,0.546375927492698,0.09133082821175918,0.008096267440832217,4.9023140326371015e-5,9.945058105010541e-5,0.003729238284769823,0.040193820962870504,2.3705340080149436e-5,-3.1355198744894748e-9,-9.93414039079106e-5,-0.0017420700745984195,0.27483966579765434,1.8091231613334638e-6,-7.111697419567484e-5,-0.00017360676242058855,0.05856177913441815,-0.00132635096485508,0.41347029098799426,5.580223561327663e-6,-0.004639238446948056,0.008156108046621985,4.72973199306423e-5,0.005381058782199373,-9.632410008616297e-9,-5.284980469115496e-6,1.3292078476154009e-6,0.29573728782877934,0.007746828093436345,1.2250108673162556e-9,0.17740863109348431,-0.0002770362094925726,-0.0008934346483119633,-2.165243087552916e-7,0.03506627212171575,-5.401761912247999e-9,2.7270721629545776e-5,0.0019681800621006986,-0.0016882878759629314,-7.646976882253309e-5,6.043746660468447e-7,-0.0003115618431981959,0.00011644112306420644,0.17093576495454707,-2.5703443482543223e-8,-4.398104924248184e-9,0.07663785374645624,0.00040232322019198113,1.1238694555928501e-5,1.5175085434961427e-7,-0.0001515103285391954,0.13787859648554465,0.5870210950975054,-0.00010366482027488887,3.436557436613873e-5,0.04761563358947289,-6.062424006794203e-8,1.601852770430136e-6,2.354195256931141e-7,0.010962735983168439,0.14924303129196168,-0.0015395093531184025,-0.0025932404966172978,-9.572731099571783e-5,-0.0002739030253467501,-1.8176290096273344e-8,0.033195784175905005,4.7559196263948806e-8,0.02169451823816658,4.114186693556978e-7,0.006328621854219709,8.411882749216026e-6,2.676244537923968e-7,9.004155650487371e-6,-2.097215932320276e-8,-1.3924124528494032e-5,-1.0677532178034967e-5,9.75895718296751e-9,-8.464802213801515e-9,-0.001110556919631991,-0.0068173255545943955,3.5408719361886096e-5,0.03712214261563152,5.0000828922260106e-5,0.0028808993056145455,-0.0004946993968326807,-6.401030908012574e-5,0.12367653254074913,0.10625028462006728,1.0536803550644608e-5,4.166139485158842e-5,-0.0066959031703741154,-0.0005383978215967189,2.7484618140776154e-5,6.967775721841234e-6,4.0019648796772626e-7,1.7482574958209818e-8,-3.4385666999309216e-5,3.7353099652043684e-6,4.883532336308621e-5,-1.9185832848757523e-8,0.05942475113846866,0.00369023308031815,-0.00029453316725562356,0.009817079548067074,3.4389528110267474e-9,-8.350946476033002e-9,-6.057461627606062e-9,-2.880210440808789e-9,-1.351955447327482e-8,0.001847229837131936,2.9395567298022853e-6,7.801345336057992e-6,0.23786460521600808,6.918729165728354e-6,2.743422272368186e-6,-9.566819429896108e-5,-9.530303658748477e-5,-0.00014523101829407243,0.6100178385340309,0.12336165011992663,-2.5045286381885177e-8,0.2655330252533613,1.3098174570648273e-5,0.0007402695790695274,-9.466157910034752e-9,-2.3476518204608414e-9,1.3549255305299591e-5,-5.5993577594760056e-5,8.834634953262785e-7,0.08848505738112475,4.3310692245444287e-5,-2.225902720250981e-8,-0.0005863178847314023,0.3701800623815645,-0.0013752253935139691,0.00010127283464081981,-8.808161398051152e-8,1.8153736675668934e-7,-0.005496388423073858,-2.968654090861228e-9,0.21614283558796435,-2.7823872917829366e-9,-0.008062902721171496,3.1676946179677526e-9,3.265660309703895e-6,3.2757714370387167e-6,-7.715361261188637e-6,2.892166704306183e-5,-0.0066430566404020956,0.022984249275309444,2.3702528856420803e-6,0.014411099785005784,4.7653877029315924e-8,-8.089313795519219e-5,-2.5506010682625428e-5,1.2310762912224292e-6,5.8603476413040644e-6,0.0029450105022127003,6.565823285775185e-9,-0.0005853016735992002,0.026549264982140174,-0.00014937720580766655,1.458453630390194e-8,-2.7632098734842186e-8,-3.6989151414287374e-8,8.276982604726497e-5,1.8171727061209537e-8,6.153296042183065e-8,1.995536657483831e-7,4.661019674811918e-6,-6.322059369182656e-5,0.0864512972526892,0.06701181083145329,2.976843958957256e-8,2.6590361263589605e-7,1.0783251618276976e-9,0.22029860552716984,7.248595093447301e-7,2.8888709039897347e-5,0.03177748280769317,0.012334466918956675,8.996824763825245e-7,0.012148870783240038,0.2968702994897004,1.181579455434516e-6,1.0634078140558278e-6,0.04814195670950824,0.03833788031283602,0.0028478233397051583,-7.31627921423512e-5,0.0476724312072753,-0.0020368653869922045,1.6137456494014773e-9,2.0349448450141257e-6,-5.55909612086804e-5,0.00023647354007586653,2.111904764036417e-6,-0.00023780249781483057,0.3740452987732416,-0.000432603496821445,0.009305400995958148,0.5926036478693593,0.22160124967573736,0.39847869066666214,6.913383921151835e-9,0.16541530101364882,-0.00020684536800281538,-0.0011740140020358866,-2.5209729395829433e-5,-0.00038258151849305627,-5.071575851013368e-8,-2.5853096325531337e-5,-0.0012741018766897181,-0.0035430273287565244,0.0879496551777404,0.3283736822239802,-6.215594433131796e-8,6.078732642722296e-6,0.508506550586081,5.186362514534178e-5,0.13994071030681055,-0.0010010399416396417,0.0005564491016445354,0.12626399070769245,-0.0009754928929549441,-0.00023086584008778755,0.0013204658268652829,0.00010558171662138919,-5.7916807457550366e-8,-0.0006461963252668751,0.01622713179415231,0.016053292080857637,0.06719042109329684,-0.0023544538809490427,-0.0005252238158852132,7.619328063127024e-5,-3.834061967813999e-6,-6.357271564257917e-6,0.0007243751576692816,0.0023656528821168017,0.014041570637069914,-0.00017693274339687946,-0.004856035843362907,-1.133457106905907e-8,0.14286747686065004,-0.00023277728077715905,-0.00315608050466119,-0.00031671684160584836,-0.0010571681683528165,0.29996031847147153,-0.0006325855007198749,-0.004599913586006464,6.048233525958734e-8,1.0631932981514403e-5,1.947090517066326e-6,4.161487834570548e-7,1.1546506471703543e-5,-3.835794567144874e-9,0.000496957128533638,0.3838237787209002,0.5146567341633245,-1.4227765519420543e-8,-1.8364725904174317e-5,0.02421076128196443,-0.001680513917783119,2.041701890331025e-8,3.5742558664599346e-7,-0.001171600447261475,-1.4945825893830302e-7,0.055302554761297376,-5.045748036456742e-5,0.0016745974913880996,0.0006371979945400099,0.36315071433184254,-0.0029886712811112268,0.3984669823144509,3.898586962872744e-6,-0.00012190385836459555,0.12142864757282572,-0.004887940541202287,0.003505022312282315,3.424763666191659e-10,3.609375996181725e-6,-3.9235172113223914e-5,-0.00012585558604001677,0.020934672956850982,-1.1188754932978383e-5,0.020335298975621096,0.1575474326339593,0.017145268659538592,0.10804049140720091,0.2726928190931865,2.4534099930459793e-6,0.00812536718374864,1.7820999522476334e-5,-4.299610791711001e-9,0.005134026677024387,-0.0059561461224369155,4.6826733787251293e-5,1.0353787879955163e-5,-0.0002985611926809594,-5.483498500402136e-5,-1.0611671183908341e-8,-5.711618951167087e-8,-4.264026602031703e-9,0.010739312247074412,0.0018766650396316853,-0.002725157525767172,2.6452046245212863e-5,-6.178726062514307e-5,-1.1286124197364585e-8,-7.87691639695794e-5,9.705016213419751e-6,0.06723041621890286,-7.74153650807962e-9,0.5366990735032516,0.0007809171444369069,0.0014216248146424807,3.798882024617546e-7,0.5642182451297209,0.04456914456242772,0.5910307630651505,9.141775031196526e-9,-2.8430307475659575e-5,8.62892457611815e-6,0.001974759346299571,3.2487282846674705e-6,0.0055124658129353105,-6.767116907781656e-5,3.204451167967322e-7,0.049505883979927376,8.298214419332174e-5,1.3559000725562026e-5,-0.0008342389199091231,-0.00037402859294192596,-0.0006389200232240802,2.4481007526692473e-8,4.1775190360567966e-7,0.2814035374956686,-2.81366624771208e-5,1.5638819738308638e-7,-0.00032266260287200496,8.225356442919881e-6,0.06795315555354352,-0.0003308162266272226,-0.00019042189811273536,0.016546350330811758,-3.272003287218389e-8,8.30431526757093e-5,5.902269734239407e-7,3.129078480167057e-9,-0.0006630726748486398,9.156726079463449e-5,0.001037873951257834,2.0185226006659817e-7,-2.256333487296626e-8,0.4878765608816122,-0.0009371431727855028,-0.00038886894937060996,0.0024214419848909902,0.10595747337339813,9.802256750379346e-8,-0.0006054278664563204,1.089620563717172e-6,-0.00010355850148576012,-0.00207881082038928,0.23200915894985194,0.12648842153294607,2.287222413524234e-7,-0.0003940917266454414,-0.0038441437991489757,0.03717648365702312,-3.843027463434134e-5,0.00013159428579150075,0.021372870727749137,7.710052724595717e-8,2.775592449464107e-6,0.061666213962065314,0.1312804182986287,0.03827355416537171,0.3355571215131599,6.23957673104817e-5,1.4419363441223243e-5,0.079104849223669,-1.5165790477564313e-9,-1.3621897036850598e-7,-0.0001681029632435263,-9.303018051012594e-9,0.07128193934498912,-0.0001340927740953406,2.892767025513891e-5,1.814961516137784e-6,-0.0005184732055969904,1.661541527536305e-5,-7.786052941143353e-9,-0.0002972755671170228,-0.00031250772914149345,3.6067626807604246e-5,0.10753423337180266,0.1970226070264666,-0.0020206813914651046,6.113545444202245e-7,0.031079991749679733,6.636434668277982e-5,-3.934464926657202e-5,1.9899542476134036e-6,3.843277162727042e-5,2.0282104473703292e-7,0.018590303179535486,2.591587561511862e-5,-8.384351544092635e-9,-4.113094162445421e-8,0.16539223128653213,0.02566553551408768,-6.217967154259566e-5,1.9497873372317582e-5,-7.626943199664122e-5,4.615882394659863e-6,-0.0003110110220247698,8.098866482560957e-5,4.4131604200652465e-6,5.677971515856262e-7,-2.7442189977344217e-8,-0.004091456815113424,4.1052849791615296e-7,2.439037142632106e-5,-0.00029326838641058003,1.7467125292092216e-5,-0.001273088302331862,1.177781588734604e-7,-3.25114643137231e-8,-6.913937876345049e-8,-0.00016079378797006192,2.6377830016766845e-6,0.0591554929179048,-0.0010548506501445267,1.3365635312524178e-8,0.3169518245914217,0.031969231726335375,-0.0001821222366507652,-0.0006190541429849422,-0.0008653227507878846,5.355528477937211e-7,0.10785015160899257,0.059887044667052115,0.304532915933212,7.986635051382404e-6,0.04684473838616274,-2.3376354718964175e-9,0.00032719726551346125,0.11049927500675477,-4.428561758661436e-5,0.21015048899854163,9.396514532570105e-8,0.005599685441799308,3.3658686431922168e-9,1.159005433360905e-6,5.833821693069558e-9,-0.0038151574277192992,0.5030778765098901,0.07263715516317466,0.09956755439641396,3.591588452631615e-9,0.06734012884311479,-0.0008665461686570497,-0.0006204565540826225,2.834093221350481e-6,-0.0002918878987274801,0.05471472067460528,0.0033859514295420962,-9.875252594110384e-6,3.8482567395088693e-7,-0.0005033922571150208,-0.00022019204710825227,2.771944873098245e-6,-0.00012567174358021598,-0.00020353069458413259,0.05481252121452816,-0.0054447157278404565,1.1908876667783894e-6,0.0093723186592258,0.2930264122213054,0.023670999644287257,9.515310792566266e-9,3.043726933385566e-6,-7.68380032805944e-5,-1.2091879444900799e-5,5.495678050445865e-5,3.0238825071119276e-5,-0.00032043240122307614,2.566163538188801e-5,-7.658672890829946e-9,-0.002287943233362448,-7.267844623897925e-5
0.0,0.0,0.0,0.0,0.0,0.0,0.0,0.0,0.0,0.0,0.0,0.0,0.6847407318618717,8.525227231457945e-11,-6.124068891167822e-8,-5.735585088407347e-5,-2.4776409720527594e-10,0.004098877148206318,-5.458791854038191e-12,-0.006641191811046593,-0.0029995209257573326,1.0761150458526746e-6,-2.8130603322481558e-8,1.7889413892676666e-11,0.10434002823836139,4.8507268563679916e-5,-3.1377760592440807e-9,-7.834743808183157e-8,2.0215109222618863e-5,0.2396098439830418,7.21511915126049e-11,-6.704492002934301e-12,0.0031424015798753643,-0.0007872886790843194,-8.33514429866127e-5,7.265073771850833e-7,0.18461283032444675,-1.3008992561626891e-8,-3.7222366756471e-7,7.065344142843967e-10,-0.01464655816526926,-4.2734260059119585e-8,-0.00023864242796832198,4.16199774373123e-6,-6.993023895182172e-5,4.2107417047651275e-12,1.6863780854965738e-10,-0.002549256555414831,-2.2403771864052723e-12,2.733538197849617e-10,-5.649585900338163e-8,0.04532376482661058,0.028951255350020334,-2.391929628008709e-7,0.15094037257142745,-9.308182625205504e-8,2.6341336294223033e-14,5.179967857511459e-5,-6.33678524379408e-9,-3.289370390947672e-7,0.14586541646395482,0.15983553335882983,5.702431839156175e-10,2.469429603208269e-9,-0.0016826332512256228,-2.4815389813438446e-12,-3.818809695751053e-5,0.010279170132343085,-6.9864440366544374e-12,-2.877043593832683e-8,0.3590929136603818,-0.0009750433410878822,-0.014607192459551279,2.926150410925784e-11,0.002783685416730456,-2.8428708675567544e-8,-2.5733027483104276e-6,1.2825206954312015e-5,3.942289418167599e-7,-3.840080856007118e-11,-0.004403590389178894,5.872305203131528e-6,-6.410583605475404e-8,-4.264779410719951e-8,-0.0010761015589296115,5.936895962567588e-5,2.622707509243e-11,-6.239140904362507e-9,0.07830719538876496,2.6551460430761136e-11,-1.488835184273344e-9,0.015114098942443805,-2.577259155631687e-6,1.6461110689169832e-9,-6.637133965375617e-8,0.0001332184654772096,-5.280040647861535e-9,1.7726742485850324e-10,-7.437889307789449e-5,0.43164656192300177,-0.008628639852309135,0.009586925059569313,-2.5126127922015344e-12,0.023823253919950844,3.349994997004322e-5,-0.0003089248379817994,1.2813486162854642e-5,0.3582769973656326,0.39452140519973156,-1.96455185831756e-7,-5.306919792581772e-9,1.147771183305133e-11,-9.225675668842499e-10,-0.0017295699018684597,-1.564659115114796e-8,-3.594166845328622e-6,-1.5325571856599145e-11,0.0009792806129703827,0.31996621413802623,5.8250077936047835e-8,-0.01763635243402866,6.68736746889948e-12,-8.239019106378406e-9,0.06682762725020062,1.723457720493489e-11,-1.5842415870001242e-8,-6.339911290512846e-8,-0.0003821193848988912,-2.4018376592026248e-8,-0.00012573560950779477,-0.025071943874455774,2.5806533439945247e-10,-1.6554977888315203e-7,0.04229641485279122,5.464080317391146e-11,-6.697149406943162e-8,4.251727955038234e-11,-5.2780883547350944e-8,-3.7836173965133855e-7,1.8101852292793224e-5,8.886684117915251e-10,4.712535740861795e-10,-0.009639243359879859,1.2291623360000689e-9,-4.007673003998611e-5,4.668273567571887e-7,-0.0009938190868132445,0.07013097377078968,0.21975310578018634,-0.002093492100242637,-1.2340480482820744e-7,2.056720272600008e-11,-2.7642185851669525e-10,-1.1514662487182961e-8,-0.00019717063450402252,1.2363021785477965e-6,-8.146110116798319e-8,-3.494321887455973e-7,-0.0002558453187398532,0.16694603453911427,4.11612449625619e-11,0.01409200889905591,-5.27231277048886e-12,1.0618533122892331e-11,-0.00020885677378194013,2.2175967392910353e-5,6.646858048001484e-10,-5.074231866875681e-8,0.012895924815304787,-0.0019024448463731505,4.2893088295667394e-10,0.21670285258188857,-0.002738439952920159,0.22613261087976264,0.04862521364338786,-7.83757483836923e-9,7.741775506218308e-6,-3.342506354817012e-13,-1.737306986680804e-12,0.5285205239487438,9.713454389996287e-7,-4.530484252108774e-8,-1.4169062702611984e-9,-7.170533496583741e-5,0.011665331315299047,-1.9314929815801434e-7,-3.378119451080362e-8,-0.005955149875121174,3.401330173809694e-10,-0.00010499635074316349,1.7235083662198662e-6,1.3563502177946969e-10,-0.0011355386252662623,-1.1074212357888407e-7,6.037432828729625e-11,-0.0024720258027393313,-2.2725136980752692e-6,-1.7699621610459207e-8,5.188836396524196e-11,-0.0002788101209228921,0.0029059333109152617,2.685452762555333e-9,1.0135184749601966e-6,1.979363923141334e-5,7.486502932465303e-6,1.8373909900993202e-6,0.06557829508173041,-2.90585156997273e-8,-1.3762863020689372e-11,4.325816642570652e-6,-0.0006725305696369488,6.28009082582099e-12,0.38234097580127474,-4.618621640945191e-7,-0.0001958422639424589,8.281996269185301e-11,2.782120607445396e-5,8.300366882772225e-12,-2.521509370845375e-9,0.00726943302330176,0.10734219359402665,-0.0009516135688309329,3.283219519070845e-8,4.109670960115871e-10,0.09578806589597401,0.11437714189769424,-1.9124994511135698e-11,-1.6445086409406407e-8,-1.0347368004189285e-5,1.9977381088822366e-10,0.11633870124939921,1.8675585197415804e-6,0.0038839784282292656,7.52950113528289e-8,-1.7191477289040398e-5,0.0996003633645933,7.37035063314501e-12,-3.6611254743334956e-12,-0.0010785432307775587,6.93741175390967e-6,-4.133310255666262e-9,0.006071515144467653,5.533818873284325e-11,9.431494957637012e-6,-2.199607594278961e-12,-0.01772521578599487,4.967991156380753e-10,0.22499555113048558,-3.2840790573631724e-8,-4.027670485418728e-6,3.190730607959249e-10,-1.4824980692317377e-8,-1.1080915587537888e-11,-0.0032620398309319574,1.763074265871069e-10,-0.0013663273174179412,-4.2346185088986175e-9,-2.5965825425134445e-8,-0.014386580763345811,-2.097676796694672e-5,-1.561141853415286e-10,-2.2419065986293634e-7,7.899812292452278e-5,5.9579203935821335e-6,-0.008220961045337602,-3.806704718369263e-12,0.4549901837287821,0.008023426935775976,-0.0006509204700670934,1.6815148184907222e-8,-3.7110850870831615e-9,2.8421945271593806e-11,1.6609336626351032e-7,0.026720309092787,0.055321014150421954,5.125294789589777e-6,-6.974606222694388e-12,-0.0018744074514917004,-4.808785681128577e-7,0.0013411264096229068,-0.00019292312972196565,3.048853740571391e-7,0.029331311830460748,3.554026327937998e-11,-6.423928356274907e-8,9.437535130937938e-5,0.5687105607740027,-1.1559362521916504e-8,0.12210812968435442,-1.1054826124761476e-9,-0.00041631255526791553,-2.6729266158331272e-11,-0.0012626743781003673,0.6000603386529981,-2.347846924530117e-9,1.800002811719491e-7,-5.247143129207182e-8,1.2526159911360104e-10,1.653418824164365e-9,-0.019131633731123268,-5.0661958756315076e-12,1.2505679730807927e-10,2.981466610854496e-6,-0.010250593061923781,-9.185819419621082e-8,1.2594649047214631e-7,-1.2196003051222822e-8,-3.517259369172931e-7,-0.0008101942684333662,-0.0004839413629145937,-3.0956039320785423e-10,-2.3231867563284814e-8,-3.740831731761282e-12,-0.010833267356376321,1.660896354417013e-10,-0.00015094062536720855,-8.516169071015431e-8,0.05218721073731132,-0.0050267710754757595,2.9044053209054524e-11,-1.2078961969915712e-7,3.599912168083836e-5,-4.787361953348887e-8,-0.0005974367812732228,7.600560168717142e-10,-4.0579682190512946e-7,-0.0004102080206880106,5.163786245791497e-10,0.37356800290176934,3.374814858689091e-13,0.24837210756416006,-5.96724776515141e-8,9.373283284601878e-6,0.18574380343490904,-2.395046815098798e-8,1.0683495088711535e-10,1.4334181716626003e-7,0.08200308955002863,-5.542104841787958e-9,0.18258772931763462,-0.004212120994250044,2.8180100503396587e-6,-4.134495640024313e-5,1.2113116363776039e-11,0.023511922975460637,7.345570030084403e-7,-3.8166522743425956e-11,-4.3388606847104746e-8,-0.00028664667641407085,0.003809763191459644,-1.0186435096645338e-8,2.6677754858317457e-5,-0.0031255377022760245,0.06367826629223548,2.565768217000582e-6,1.7196260784905894e-6,-4.585844537384922e-8,2.876693970131136e-5,0.0002561483011788455,-7.309181813800487e-8,0.3973602031050199,-0.0016061362108887537,0.13825891239291951,-8.612469991514791e-10,-2.563210095708662e-8,6.990338995518269e-10,4.578385243518225e-10,-0.0029332785193168015,6.725568979968762e-6,0.06452064932401728,-1.1259809620054556e-7,0.614128025121702,-2.455181464808799e-9,0.005709019002856344,9.845055916086378e-7,-0.005547534280510839,0.332013074922843,-0.0005272373032090928,-0.011698768468588343,-0.0023698878675668094,7.814100523297988e-13,0.28887488005134737,-0.020595440186797494,1.4912658796712734e-6,2.6739786431262895e-9,4.1217221567511986e-5,-1.2632587084242818e-7,-1.7061060545345878e-11,8.009155710119925e-6,1.3555290902664043e-5,2.7030197983924696e-6,-8.726893211771367e-8,2.3754483511771607e-6,-1.7451825195376166e-12,-1.11453586078017e-11,-8.147447791906737e-7,9.313738263207982e-11,-8.251229007827293e-12,-5.5307666009054944e-5,0.005114509710840818,0.35334417006114116,6.308458959577586e-12,-0.0019302627317289557,-1.5184674941566786e-11,-0.012482803020330951,-7.5980314936299e-9,-1.2842949613150686e-7,4.955287930814852e-11,3.4547901153963388e-6,0.08630512591853932,0.06200037456406658,-0.014830823103005686,-0.02355897758837719,-0.007794262495670865,5.24636537972465e-12,-0.0010788914702008219,0.0002745813895190245,6.57507707188351e-7,0.036541875799535856,0.13165129589557084,-0.0010618605682195048,1.593883860487588e-11,-5.0124850351276295e-5,1.3070477003339146e-7,2.70537544325612e-7,0.09447316447037066,-4.836640505348851e-8,0.00193937054474197,2.0900929401016463e-11,0.15914539039074566,0.027680637035670093,0.016892524463340573,2.3318015520400773e-11,-6.126115248615625e-5,-2.3034580455523625e-8,-1.4911759780223793e-11,0.02911005112586254,9.522303851220354e-11,-6.689895888135687e-8,2.4792905547529056e-10,-0.0006659733321343226,0.3489313199247197,0.5240537072852288,-2.859678983665467e-5,0.08461823264030187,-7.842593547556062e-8,0.060527645379899624,3.0821718692739e-9,0.016085512019866015,0.009365744796294989,0.026979829942650115,2.1684220467577975e-12,-8.579710887559857e-12,2.4844135928191438e-9,-2.5117485406294426e-7,-4.2496181603858e-5,-6.278117602880229e-9,0.1467125028502191,1.6528551632839242e-11,-0.005853339330217238,0.016687590274976027,0.004650195236174241,8.903143463885035e-10,0.14068804332847992,1.0288258006714865e-10,3.416941406983838e-7,1.1465846027146286e-10,0.15661488565530035,-0.004737018756403539,0.003306929253039787,3.177552919744409e-12,0.5936827853188881,0.5604444832137017,0.20876599311148183,-3.775721655092978e-5,1.0436418336399896e-11,-7.656670542566888e-8,-9.35017854928351e-9,0.29502020296817916,0.03636422159410789,0.0016934002834140508,1.0806832015649637e-7,0.10958693041461971,-8.846833268756e-12,-2.0497069717433193e-7,1.1154555895594302e-5,0.30802692555805544,-1.6591024457395144e-9,-2.7163283017375214e-8,0.09387273703558875,5.451072698270892e-5,-2.602285211935134e-8,3.4992868776725715e-6,4.753123395565388e-5,-2.4986085662612072e-5,-6.2652262545170525e-9,7.372535135323513e-10,0.31529313044380897,-0.004183239791136789,2.8497577299166964e-11,9.3789435754498e-5,5.366750680145424e-6,0.0001365990105244998,7.243754642010343e-8,-3.7194216939657946e-5,-8.628481216148425e-10,-5.262048275321061e-9,-3.737807459881678e-8,1.8899296936039187e-7,0.1996139628053249,2.3713987549539202e-6,2.441739773381521e-5,4.2285632514024443e-10,1.2764731849471439e-12,6.6687545299779784e-6,0.07660961207140551,5.223088911919082e-12,4.34184947667577e-10,5.883287223185693e-10,-1.0228256008600172e-8,-8.001319129180381e-8,0.0012379295162245501,-0.00014834040396978984,-6.265863090851311e-8,7.696836454458606e-5,-2.3463042013975203e-8,2.635605074122181e-10,-2.429208244446531e-11,-1.7011391235261642e-8,1.4786272390256063e-5,3.748864629942107e-11,-3.2758575315034357e-11,-2.848620635492576e-5,-0.0016279097588425815,-0.0004873206122420758,5.240719273237376e-7,-1.893586683757799e-9,-3.994803053120634e-8,4.138487098023604e-10,-3.17109800854665e-7,-2.9526660641962664e-11,-0.01454888953427234,-0.011741467696860101,2.090885469746827e-10,1.2671581968715922e-5,-2.3195341642470456e-9,2.5505271180934984e-11,1.7990432674648191e-9,0.14546268101775864,-1.7974274942004694e-8,0.00014096075188928473,1.2406926440004052e-5,1.1642881572448224e-10,1.7263979501274698e-10,-3.6682871993553196e-8,1.5039380679028324e-10,-5.528559653314433e-6,0.009760156208079001,-2.7405848484436783e-12,0.007934094899809495,0.46555907148798614,-1.420402791669263e-12,0.007560106481136802,7.23773215035198e-5,-4.217822019128238e-8,-1.7868872984185202e-9,0.002979678464635769,-0.0019596253645687177,-2.716942892416273e-7,2.837881044227003e-10,0.28777268609127243,0.3008253280493626,2.013922861297042e-10,0.029251564908383324,-4.124161990189269e-8,-0.00016614050952451576,2.3560925159159376e-5,2.928563385341313e-6,-5.156923441358676e-8,1.0618137579783626e-9,-4.4103104745314946e-8,-0.000503304606644655,-0.0005989732587298694,-1.8204521949193614e-8,1.8005863445833219e-9,-4.2367295145127826e-10,0.06744852261871766,0.08099306690478707,6.145981329127656e-12,4.1393303082970396e-11,-1.1961144332880934e-7,2.5552201072008954e-12,-2.8109539874856657e-9,-8.261802425043691e-8,4.916111944709973e-8,-6.256953542362867e-8,-5.381878073340555e-8,0.029467123973246794,2.9007631143685897e-5,-4.862999677710281e-12,-0.02317958054889918,-4.78508204205789e-7,5.756118689989723e-6,-0.0006909901767641656,-0.0004868037836009711,5.061106119035574e-11,9.156156989256945e-12,-0.021518046034512663,0.021055162891974757,0.13741636357422352,-4.296161755850306e-7,-9.579675585139197e-11,1.5958744424152509e-9,-0.00419432526414606,-0.0003793505572333772,-0.016264855591256493,-0.0018925999207520278,0.010992098812208842,-8.265240175360735e-9,-0.01647878390786036,-5.65762823405455e-8,-7.398733523086592e-7,1.8690415126379187e-5,-0.013332920032304752,1.0478267269951439e-8,-5.928399264359537e-9,1.0044856772110859e-8,0.45755368500851856,4.966713096434929e-12,0.035904208052347016,-1.384516355712377e-10,-0.0015195021332061844,-5.176733821938845e-10,1.1256352149375265e-11,0.0006314491882897364,5.514597377902851e-6,-0.0010709404973434729,0.00023321702882378594,-4.5944188091638645e-5,-2.2590860571242786e-6,3.913866570906764e-10,0.030825998997140648,0.08319417948146653,1.1976312082214002e-7,-0.00012312737485105585,0.029526304028623968,1.4299492392500876e-8,-0.01079277004045555,-1.7621856504442264e-8,9.113980632935537e-6,7.67084343452435e-11,3.6520883180598017e-6,0.0204643079636214,-2.6339443733231705e-11,0.03225937155119813,0.11959802076163283,2.130081122909638e-6,-3.0577499210690124e-11,3.971417631129166e-11,0.25764404495633547,0.08131978597834065,-5.609551063713354e-8,1.5491328966801694e-10,1.528289561904253e-10,-1.262999740844575e-9,2.508706395249513e-7,-0.0008001365890642688,-2.3470315441594425e-7,0.18494188347407964,1.877086064276831e-11,5.657394181429463e-5,-4.000523499532937e-8,-9.658996081345333e-8,0.4741419740962482,1.203701773408767e-5,1.3893406816781046e-9,-1.6348255841446888e-7,1.5713516582251517e-5,8.372251753836558e-5,-2.6286087036565305e-9,0.11678775542438322,0.0012627498172011358,-9.775380563625984e-9,-9.138603687199732e-8,-2.260600145582314e-9,1.4924440791567322e-7,-2.1769008461482308e-11,-0.002693177244636332,-1.2053836702795415e-7,0.12107199248185684,0.24756704829464132,2.8539083892883037e-5,0.1835929961629763,-6.442053353461286e-8,7.373531905099304e-11,-5.29966231711273e-12,-0.00031515593504466893,-0.0011873875023569905,0.002471091429628379,0.10883571357514633,5.656035284699019e-10,3.4178017667938324e-5,-8.522924401802018e-12,-3.439507560432858e-8,-2.065503056590351e-8,3.986309876694869e-10,0.0061554823676499915,-3.201438898923943e-9,-0.0011861306379982522,3.5548428273624456e-5,-0.00019148054737675333,-1.1272236550968362e-11,0.005112285621653569,6.763144602526893e-6,-0.00026320350162180675,0.24843158677378663,0.3131984749858666,4.793261153063617e-7,-2.1943657311529537e-7,1.1601145411961364e-11,-5.443246965908026e-12,1.3006963275080256e-11,-0.007254679205209713,5.961976332336537e-11,3.410291617875625e-5,0.00789696759022839,-0.009333812085318353,0.2975407930510801,-4.409540240304168e-5,0.05888569202901903,-7.293036651821044e-12,-0.0017228914016163485,-0.006290480545348931,4.454694622700052e-6,0.007067985443348338,0.43810859764944904,0.20515851597314166,2.836335944235494e-11,-0.0004327570806165896,-1.1711941897429716e-8,3.6206930028181433e-6,0.33332347648721894,-7.489719941857252e-8,-4.734461110920363e-9,-9.191760401798706e-5,1.0265054810312202e-10,-0.0006005908524926971,0.07937404074537183,-1.581297060698873e-8,1.9274905399587204e-6,7.882811505244205e-7,0.0012932389493863303,1.2824473276433512e-6,-0.010959037251703406,4.4137539311827946e-11,7.212283547922435e-7,-5.09120000539648e-6,-2.6847196101369206e-8,0.3241406943390006,-5.028231892748617e-10,0.018834188370094297,0.005854223279299372,0.19310665279658673,1.3876408734969134e-9,-1.9069832266785726e-8,1.2481798752317306e-7,2.3743294043256675e-6,0.2175551815950198,-9.853268995166432e-9,3.073387063265329e-10,-1.4957872086409627e-5,-0.010253537947008222,2.2814261292662327e-10,-1.3538083757486083e-7,-4.5507945685778884e-7,-0.00019034514711747507,-0.001029354382817961,1.0808575399574932e-10,3.548139236901436e-11,0.0003470654454585172,-0.0014330149433840502,-2.657576896791904e-7,-8.529088093642663e-9,-1.4405292815786366e-6,-0.00413453445410119,-3.2776067126411585e-7,-4.2052140304266057e-8,-1.112665446063573e-8,0.045718158355587124,0.08813933066924856,-0.0036757754487806524,-0.010880406491812525,-0.0020631024514083853,-0.00041580811729458343,1.6108516380335488e-10,9.153626544350182e-12,0.2982936133574303,-6.836776266933688e-5,1.2171907042564532e-11
0.0,0.0,0.0,0.0,0.0,0.0,0.0,0.0,0.0,0.0,0.0,0.0,0.0,0.6844160362939709,9.012962075729475e-6,1.3942268887875097e-7,0.02143928419917745,2.2879494327431992e-9,0.0006211788799910506,-1.3158234998057267e-8,-1.2436804459572927e-11,5.625141425200788e-5,-0.00847287186811091,0.08842496327007184,2.0778611925379324e-11,2.569662698996022e-6,-0.0051896197023828,-0.0003862390370577403,-2.517039545714616e-7,2.4576739145218233e-10,0.22874427984931595,-0.010530688402892561,-2.995080735859604e-8,4.485063490222829e-9,1.2804750614056436e-6,-5.037246976367957e-7,-4.009026014133727e-10,0.00253008937289779,2.171283840454205e-6,-0.0020209355364344613,-2.1225668853015632e-11,-0.0014292055285530763,-3.654485199771088e-8,3.943784268361756e-5,-1.8066331869596635e-8,0.08604302538204114,0.07711851767502956,-2.1230184943910158e-8,0.25413731450700927,0.005879764817847791,6.175657490262149e-5,1.1109895581184067e-10,9.460779892264968e-10,4.230303993796185e-6,-9.991793338747087e-12,-2.0654331338573693e-5,0.19848960767754045,5.567306805600536e-6,-0.00014831392769370824,1.4597062660152357e-5,-1.0785535531869366e-11,1.3778327205977365e-9,0.2444254852481204,-3.415338481202271e-5,9.695916039136773e-10,-0.009357003345167382,-1.148707311786415e-8,-4.263597168732949e-11,0.031302967921758684,-0.0009295027658555475,1.7044552445622978e-10,-1.1003455201240101e-7,-4.771563803398422e-12,0.4381442841856756,8.818644872390254e-10,-0.0014712943626986469,2.359195271676647e-6,2.0512670780209775e-5,7.104695830353865e-5,9.906421653432187e-5,1.0290406604673623e-9,-7.34714526558347e-7,-1.779697116010655e-5,0.00014941960287363505,-1.7997510690388334e-9,2.2206564110820673e-7,0.010406964987720143,-0.022735745333180676,-3.739717592699813e-9,0.2248518449588067,-0.01017710559372317,-3.9373394615081625e-9,-1.2153348033088508e-7,-0.0013009290887107904,-0.0018973982406071072,1.2396501135372435e-6,0.015253838862045436,0.38498347769783486,4.705005736309093e-9,-2.1036718260446393e-11,-3.113525758240127e-8,1.315829187385273e-11,0.025560180110005458,3.965837846610778e-12,-9.212797993752195e-8,2.7266586958942706e-7,7.088304969936452e-6,2.514885498935334e-11,-6.314851253583816e-11,6.5481136476888175e-6,0.004117154256453861,0.062351466401855085,0.11373494874663664,-3.2518193942492607e-9,5.931677726266107e-5,3.1535052113925484e-6,-0.007199564722191154,-8.648055582721609e-11,7.035478747659346e-10,9.637212248658863e-5,-6.933197137957539e-9,0.026430645843845798,1.3946059852420346e-5,1.2294734753474277e-10,0.08085710235902455,-0.00043665029538864525,-9.7552682398171e-5,4.20636389684104e-7,-2.2084954675099127e-5,7.823762356528676e-9,-9.680421727118338e-12,0.006115664970034971,1.0060060623791603e-5,5.284092791441385e-10,0.21726169853813482,-7.271543504853459e-5,0.09268527959766704,-8.822173200049808e-6,-3.3077387808161344e-9,-1.3587300945756706e-7,-0.0004961942547713928,0.08965188608478238,-1.1206871900958259e-9,0.0009677800058182839,1.2838602020172925e-6,0.00014685013460102734,-6.014977488493228e-8,-1.5289572351832835e-11,7.066906527109827e-11,2.0713367278943813e-9,4.098874549106959e-5,0.2375303992740136,9.152906041865772e-5,-0.016069547583231904,-2.3400900889740276e-8,-3.1767039395837845e-7,-0.0009310167182272932,5.225875770935154e-6,-6.946137842950227e-8,1.0247387745986263e-9,0.5090050812502581,-2.7055386584781407e-12,-0.01603277805458115,0.20130751735500121,3.082298875034306e-11,1.2290616459452916e-5,0.0011880914588673558,-0.003259823411700271,2.35359320390477e-10,-1.7355277264029408e-11,0.00022790036247692834,1.0354661192450487e-11,-4.0864193698872995e-8,8.54993937165088e-11,-4.826747294666136e-10,-0.0008557119410672393,1.251474964774608e-7,0.008941148564586417,0.0439043999965384,-1.129805762699862e-11,4.523348695341524e-5,-0.00010745625561197535,0.07131598605756409,6.131942225270095e-7,-9.48810008196919e-9,6.666211495865095e-7,-0.0010623989127366898,-4.49531647543099e-8,0.24981611433339954,3.909603835880235e-10,-3.209504300457437e-6,0.4748244812765986,2.614658271582684e-9,3.9516354934639106e-5,0.019527058677206124,-4.109587172211786e-11,-1.1960731606852388e-8,-5.016360284801846e-6,0.05114639682550838,6.164443885970092e-9,3.313272647220922e-10,-0.0004494254280837282,7.570717203366791e-5,7.74684640770408e-6,-1.4466836202724624e-8,-9.202103079625585e-7,1.641489635151805e-11,-0.005481010103983719,0.04094992709752176,2.055265179107768e-5,3.1840157781672206e-9,0.09491715242949351,3.755687409403166e-10,1.536673368335886e-6,2.6583937429896476e-8,0.48379542306565515,3.698769751504964e-6,0.367391154364117,-0.0013704668580517816,-1.5661802316442696e-8,-3.9460518643652807e-10,9.543948421831487e-8,-0.00048105144673911963,0.017338075998575654,-6.6260361787079455e-12,2.5912272689339543e-12,0.002152290082441925,-0.00023816663116862322,-2.298851864078268e-8,0.14399868145175018,3.028173233449445e-11,4.544995581381846e-6,1.2276440233094332e-9,5.696747532009109e-5,2.53193064275405e-6,4.497055611231491e-10,0.07220084331110085,-0.007268762055324657,-4.763761933124971e-8,-8.603957396690977e-8,0.027643338846049723,-1.7538903664662976e-11,0.019338116045914944,2.3127224308461403e-5,-0.012154849490471992,-1.0298106790535062e-11,-0.0029661547069737156,6.136876507010182e-11,-0.0014288574611794759,-3.3724967738623654e-8,0.3730646696216893,-0.014977889808827341,0.0024463761802867613,1.9441464243077894e-11,-0.001531089839735594,3.3643336417879995e-10,-9.588688610063126e-5,-0.004967872087950505,-7.964831522851248e-9,-5.100788762463354e-8,0.25276811508792185,1.839168860938319e-5,8.816833219261581e-7,-4.695186247702132e-7,-4.181218673072998e-11,-0.004222537146085113,4.808649610455086e-11,1.5316310222337365e-10,1.2419747008404457e-9,2.128193322789907e-6,-0.0022159868126396527,0.5095736219316863,2.1708884275463278e-5,-4.801192563920353e-11,-6.060185891775149e-12,4.1825085933988455e-5,0.06190156489163952,-1.183201302038502e-8,4.7181593859431775e-6,1.5810747918328726e-9,1.326383850750104e-7,-0.00010157224952338116,1.3455467323662106e-9,0.16250172845425895,2.767756421520583e-5,2.572306193744661e-6,2.526654219890894e-11,-0.0059082225012008814,-7.768547874803088e-12,0.04620579563444243,-6.928969698949801e-9,-0.0030080390895529277,3.0303747382321837e-9,2.127147364890952e-10,-0.0006185382428948676,-5.734330063428417e-7,-0.00014539691765668214,0.00407740831524387,-0.0012024523096678269,-3.480440946443745e-12,-0.01140787483502805,0.38080864183004853,1.2703429518776174e-6,-8.586207603555592e-12,3.8369919029214206e-5,-1.9049655457668512e-5,-0.009869382087091675,3.7854228132779313e-6,-5.7879031459204935e-8,-1.2544101255002763e-7,0.0764020284617319,7.628499225824848e-6,0.0740051707415571,2.4545491753792435e-12,0.03735503811322703,7.985536200000893e-7,-0.0002481908384545457,7.191769335256426e-11,-3.895722605609171e-8,0.22853467753068352,1.128894112445201e-5,1.870501687041106e-6,-0.00039666201816262943,5.807758248083166e-9,0.12029727629486903,5.529726800887762e-6,-3.013421753781044e-8,-0.0014018686681652275,1.1969914381017154e-10,-0.006891436688975584,-4.635667735817468e-10,-0.0005943853524615711,8.982131893776813e-6,2.7954404953479426e-12,-0.006904144192082209,0.27242424582297453,-5.797711260561953e-7,1.6449764727251416e-9,-0.020225320950353225,8.640672968708442e-12,-7.186985106953148e-8,1.4851365943200609e-6,9.228860033078121e-7,0.19572981837601625,5.328851393385061e-10,-2.0784282314134562e-7,0.001148334632265001,8.46853676714472e-5,-4.624158434707223e-9,-1.22584875105234e-11,-0.0033430635357061646,7.337430364367155e-7,-6.38455713814048e-9,1.9095619383088266e-10,-1.1363851546086446e-7,1.7793993760056057e-5,-0.00039777323866569585,-8.865570198992442e-8,-3.310556099650295e-8,2.4788307868142934e-6,3.064719900290142e-10,1.8037634344834717e-9,1.0771849467644772e-9,-0.002039338796296541,-0.0011015290267593332,0.0030630819057314764,0.33512506934498054,-2.1008215857799518e-8,1.0546562878982357e-7,9.320403259284997e-12,1.9252488147682962e-5,-1.7919331525116764e-11,0.013595333183876474,6.041246661237704e-10,4.285648806707097e-6,-1.0802764465767127e-8,5.830751628502051e-10,5.392670329497403e-9,-2.2427539363532665e-11,-8.809156969958458e-8,0.04624439839509795,-1.678449560654942e-11,-1.0854604881541622e-11,-8.024971623889432e-7,-6.280056555579727e-5,1.8609373701407342e-7,2.3099009770393066e-5,0.025539665414478163,4.596235703350464e-6,-3.9738982333833046e-7,-5.3575408764926695e-8,6.355640600554024e-5,3.4254766264924845e-5,0.00434006625936758,0.006597916339104931,2.7844974873125497e-6,0.13026094992275,-0.010257949098064207,6.8841534208450076e-9,4.1064678788218503e-10,-1.729993356693054e-11,0.12644635670614054,3.224248311859465e-9,-0.0040621144958624894,-2.4471798602903034e-11,-0.0032954842185831004,2.37505720386447e-6,0.3593922105013215,8.104058768738815e-6,-2.8129703879773597e-12,-2.023222894740994e-12,-8.756878408626951e-12,-4.873544805015855e-12,-1.901598723712994e-11,0.0004950935952606893,2.4961837169139355e-9,4.566578101582135e-9,0.00011102105386741992,-5.220232493660405e-9,-1.5142471450419066e-9,-8.026801494861816e-10,0.11664401503359122,-3.807243471877505e-8,0.00013881025278076985,2.5898329622343355e-5,3.975526105231773e-10,-0.004051712814306497,-5.671331065091714e-9,0.09667901762800407,3.594120584959333e-11,-1.1853021677662174e-11,-1.4205486581354547e-8,0.006558810178207415,9.625354180977823e-10,-0.0002862026379765543,-0.00034358230140606703,-2.1273821172881675e-11,0.3034378489678182,-0.002226328339197256,0.5500270372544473,-8.847108851513076e-8,4.96864632564914e-10,3.0114838266850787e-11,2.0706490536335587e-6,1.0046603294392469e-11,-8.168847140622942e-5,1.339317517296465e-11,-0.00011491361694859542,1.138654759252375e-11,-1.1387557613799344e-10,-3.930752930468441e-10,0.11872577183642005,-0.008158241492297606,-0.0006692888977564509,8.008587342199469e-6,-1.4347081619021656e-8,4.137670835572891e-5,1.6456490892539824e-11,0.35953746250065305,-2.5978164395208975e-8,9.044990089026816e-10,6.095949020699865e-10,0.0016017208140553956,-9.797758220864425e-12,0.5102339879569643,1.1084940845251565e-5,0.04182665032724978,8.686010847441745e-11,-3.328659568192694e-11,-4.9983546397041424e-11,0.15052779474658617,1.0569228420633024e-10,1.0509905097563775e-10,8.08218768469668e-11,3.6969796547947244e-9,0.1869970748258591,1.390481626577218e-6,-0.008587389973898168,2.3478348498672555e-11,2.3280893251763414e-10,-3.77745908019698e-12,6.513278526287754e-5,1.8704017473137042e-10,-0.012234641071086617,2.62962562286938e-5,1.1814941492161973e-5,-1.5599043643071004e-10,0.0030774486697272454,-0.0012722279610271154,2.766250963592501e-10,1.2759566806233068e-9,-2.9480198853690064e-5,2.3611620525121363e-5,5.684249352544128e-6,-5.642779108042603e-8,0.0022935020549418915,0.0023473651919052227,1.3883166434928956e-11,1.2359264556800888e-9,0.06794085867845774,2.0790806691460126e-6,2.218087169984463e-9,3.6094982377109184e-7,0.00016329188924989462,5.47413305595479e-7,0.0012464228245399696,0.00015389743910759366,-0.00017263577430297046,-0.00012377667861252574,-1.2472696869389237e-11,6.773091909308413e-5,-1.2648444248944187e-7,0.004255020622174057,0.0558976113291215,-1.9125623504942324e-8,5.745043588603518e-12,0.1310552887725971,-0.0019496121374506037,0.1768494455109852,0.0029217550392920126,-0.0003325165684254747,-7.49048303049897e-11,6.126746374998843e-9,-0.0009741471426111599,1.9293949892787585e-7,-0.010862363450860208,0.30966641235503506,0.2817240351298604,-0.00023121156915574033,2.3662221307239674e-6,0.16628454537820286,0.1729542357029105,2.1387968737962757e-8,-7.050127251973999e-11,1.8083515458034666e-7,9.97387237218274e-6,0.037214956182573054,-2.2707586975630205e-5,0.0372242336943835,1.7870782397678151e-7,0.025369015867442304,-1.672058424867458e-8,-2.0009136099347318e-8,0.02127411865931039,2.4203498624383202e-6,-0.022996925298288434,0.15550998625457768,0.00028056414938446337,3.746545643570563e-11,-0.0027666418684732306,8.038879438502043e-7,2.042971933602388e-6,0.008741927277254223,0.32911751503587,-0.004340104871080242,0.4299455990691209,3.586393262942616e-6,5.085993344970714e-11,-0.009736795876515911,1.565431177818307e-9,1.905559682095783e-11,0.0066015100342136125,-1.0085317622859001e-11,3.915136617876493e-6,-0.002026069071717999,-0.0007595164048025715,-2.141576613815016e-11,-9.204929936520933e-9,1.2918074562709372e-5,0.39354495585187893,-1.2031972982453875e-11,4.531435092794037e-10,0.5834574781325358,1.3193003837748336e-9,4.4195334778570486e-5,-2.1670458939452542e-8,8.07887813404777e-6,7.927345859013336e-7,0.0001279739208035823,-0.001869766650832716,-0.0026153643338170385,4.777791123596261e-9,2.500081878698666e-8,-0.0035304370657365186,-0.0009166276430540961,0.0043842292180210326,5.604710403705741e-12,-2.0689746991754626e-9,0.026446063101778716,0.5675729074496377,9.404478683851743e-6,0.059858172791374224,-0.009782358150023571,-0.00011234691695948555,-8.6087148499665e-6,6.233037806028456e-5,5.952592624085312e-6,-1.8068527311447427e-9,1.073404093527283e-5,-0.003675906438116476,-3.440141801210416e-12,3.632476929308673e-6,3.803313592239588e-6,-3.955160739089487e-8,-1.8571374654501592e-8,0.3618506723186185,0.045688396215781704,-1.3243712875774149e-11,-5.268879664714608e-11,1.948658274298147e-11,8.494713050045187e-6,0.05449842131364556,0.00030446660944383685,-3.556904411017487e-8,3.0514938206777186e-8,-1.4001246319906798e-11,-5.464805966224729e-8,-9.02439467043717e-9,0.008563471340352548,-4.598319680543196e-12,-0.001218638749630186,3.474805470772164e-6,2.8793133956284033e-6,-2.393499445699249e-9,-0.0002795894884402937,-0.002580967175362772,-0.0003054811472953584,4.872471435133711e-11,0.03404976180645318,-8.230410540146265e-9,0.06442454594476466,3.375717563614081e-9,0.13176665882463223,0.05403590320549966,3.4979962990735513e-10,2.291831004143024e-5,-8.965942099959311e-8,-1.59334670136092e-9,5.636587036781052e-7,-1.7259294028395457e-7,0.0010986460675781393,1.2348035317832676e-11,2.4911677841715515e-10,-4.337133836490098e-5,-2.2991443301949285e-8,5.252008964368926e-10,-2.401519723919948e-7,-1.8432984224320442e-8,-0.00018589998070945798,-2.4827257448026816e-7,0.09600978301898469,4.627193908746145e-6,-3.8679153581916796e-11,0.014114790308207207,5.870299235965507e-10,-4.07388359353465e-12,-3.6007439285901806e-7,0.0042804283207729145,0.06578175044653059,2.496726371132498e-10,1.0485946513730696e-9,-0.0009773298726690554,0.23312133740828747,0.010531126435110434,-0.00030138795655302176,5.808961473224712e-5,1.16711773430096e-10,-3.9784829709006527e-7,1.3072185626379043e-10,0.31925803877264525,2.9386164868637203e-6,-0.006070820047113212,7.595646524394099e-5,3.085747676266289e-10,-2.6724580158208065e-7,-0.0015887193638989459,2.9038145261480886e-5,-5.2859744248740095e-8,4.6421391315754983e-7,0.03417571746775025,6.120458911408187e-11,-1.6354107196068902e-9,-4.914086425069793e-5,-2.6237047758041682e-5,-1.0802043662274435e-5,0.00011339945781494439,0.010320175870294459,-2.3054569652143238e-8,1.8178378220572975e-5,9.349093179164062e-12,9.028760424185674e-10,-1.4285974703083386e-7,5.6580106267941833e-11,1.7840195829577674e-5,0.03244642834036782,0.029640159889250364,3.2980441410552928e-9,7.256929964039417e-8,-1.8975729168603232e-8,2.6489623501578787e-11,0.01106329945677078,5.385780879930717e-6,0.06716031813789766,-0.00013242213707452994,-0.0012129105105205815,0.1945643307928054,1.053481659650521e-9,-6.653652549207595e-5,-7.963290674975226e-8,-3.653132680366897e-8,2.039575542149654e-9,0.0011991850768387313,2.0489018753785846e-10,1.3368511883578246e-5,-1.2453113499157522e-8,4.266248926136429e-11,1.7329838398094823e-10,-5.4708159057387736e-5,7.884471845408197e-6,0.2366397584937854,-0.015195911833902377,0.13279580599946664,-4.15556895429731e-8,0.6390668048614758,7.887637884783822e-8,7.628340062692732e-10,-8.173160870148236e-9,1.128589280587589e-10,1.8288333241939008e-6,7.338320678867954e-10,-0.010961973829814254,1.833354305853361e-8,-2.4980958807865982e-8,3.587514224162251e-6,1.4370917902141486e-10,2.943026533313354e-10,4.116296264694457e-10,0.3519598707698627,1.81580545599479e-9,-0.00028338680020997424,-8.033546082700691e-7,-1.8036546027996713e-11,-0.0009063257865625403,-0.017231896523061205,8.493816695670087e-8,0.4014490054004926,2.5152346428105065e-7,9.767647595039844e-10,-0.008568705767608348,3.085005336534497e-5,7.840063335657836e-5,-2.9413101224105765e-9,1.445033193654933e-5,-6.018360420737791e-12,0.38398535014426477,-1.2833627579143049e-5,-4.42285974249759e-8,-0.0017666626933575853,1.5582702098872765e-10,0.039185100966006615,7.580208671774392e-11,1.1441433785466597e-9,-1.2294974190618e-11,-0.00036918361001467563,-0.0005648553671137194,3.579462858443361e-5,1.61194556604319e-5,1.4247237251003402e-12,-0.015392478067199324,0.0030460712945297353,3.95588251050828e-7,-6.409596468850191e-9,0.02937676132304812,7.257349711804267e-6,2.6559369257681893e-6,-7.845338535692225e-9,-7.720706778382982e-9,0.6518146510390901,0.19446917237012878,2.849601741908563e-9,7.549044146141191e-9,-1.427231725387415e-7,-0.013346222253976163,3.992103320903703e-6,6.390181914165537e-10,6.062503290080084e-6,-0.0038604530721906894,2.834228569144714e-6,-4.1213280699792256e-12,-1.8475497649481784e-9,-5.387705079333231e-8,-2.526383989466587e-8,-9.01533849356041e-8,-1.735657014447784e-8,0.025060986274424796,0.10630100374414006,4.522365665969218e-11,1.2317667587964876e-6,0.08215266077198742
0.0,0.0,0.0,0.0,0.0,0.0,0.0,0.0,0.0,0.0,0.0,0.0,0.0,0.0,0.6822017534670396,-0.0006345840603918419,-0.00723779483618039,3.487585578934463e-5,-4.7112200740082115e-5,2.2044533568783985e-5,-1.283931723168771e-7,0.04859960048955885,-0.004128630634513587,3.5969018736881814e-6,6.606547336992876e-9,-0.003153626909855493,0.00886198554888417,0.003816910372042017,-0.0038764154956581883,-3.3233016019530855e-7,5.092689232847272e-5,2.3444263636992318e-5,9.959985550061578e-6,7.07903384574501e-5,-0.0001823764517092807,0.0017196270180000377,1.1956705635307092e-6,-0.007709429157373191,0.1655379296632681,-0.0012639041530395744,-2.628083897101546e-7,0.12071807764845774,-0.00014695703578116354,-0.0023701266975737012,-0.0001142876434703338,-1.892598480971724e-6,-0.00016023295824945402,1.582110232861557e-5,-0.00017006964122903207,-0.0026685110901412865,0.3360007371640988,1.4743893910974702e-6,3.3345160362233666e-6,0.033361568203067515,2.617500088313838e-8,0.20197045636969013,-6.018443940655323e-5,-0.0008723484249294955,0.21525124543222654,0.19063022940540958,-2.0359900199844033e-8,-6.219881661337504e-7,0.00016314957757616118,-0.02222331362291012,1.3033017620497904e-5,-3.174433154833983e-6,4.741934444766671e-5,-6.33424717175733e-7,5.42451813671925e-5,-0.01614571145503969,-8.513653578953281e-8,2.934544244938704e-5,-5.017279326623176e-8,-3.214532630087494e-7,1.180802014743796e-5,0.013477093048852857,0.0021322761323699655,-0.0011136901938184629,-0.010997819113882524,0.00014117052388876842,3.5331420522935685e-5,-0.011453636152559407,0.021416699257690273,0.20689334840753093,-5.299183634031964e-5,-0.0013392778119943982,-0.0004797277696847405,-0.0014337539150749096,1.2971591696034191e-6,-0.000362012359471425,-0.0005226626524604958,1.61263349402123e-5,-0.0008487011313089633,0.0058220468387851715,-0.003411180772264331,-0.00025112698949617473,-0.002639259771066198,5.219247288089329e-5,6.445426397393797e-5,2.538797652470032e-8,1.2266318838736851e-5,2.4927503582245577e-7,-1.1911830402439552e-5,-1.0441628077783678e-7,-0.0013664110624654407,-0.00018137734028573233,-0.0054906543360335605,1.685217056519119e-7,-1.4454000013919074e-8,0.400523328714164,-0.012392845280446351,1.1876231125132409e-5,-0.001319336957382701,3.833525131158425e-5,0.1264842582421538,-0.0004123484995611862,5.606740212001171e-5,-1.0877003378156398e-6,-3.4458649261706474e-7,0.1711475557881174,2.862716648578573e-6,6.679419643484867e-7,0.0633671871534125,-4.002018413506132e-7,6.833574334879505e-5,-0.0071334475084879004,0.39192191274204213,-5.267918459987444e-5,0.49141560295488734,0.0001084265030020911,-1.2955757892847477e-7,-0.0008322518451509735,0.1826705672589618,8.909637795408857e-6,1.5181153811454461e-5,0.0031628205419214515,-0.0016987859832608599,0.06539874595176823,0.05284622302875533,-0.006479966394284377,0.05813864610412415,3.987356904190913e-5,8.616599433953783e-6,-0.011087461510667477,-0.00033490856751449425,0.01494385909530486,2.276511101704749e-5,-3.081364668445372e-7,-7.625729232785437e-8,3.026043388047968e-5,0.3773081175526118,1.6422186697801377e-6,-0.025154266961604336,-0.0005565688522028003,-0.00040087860747262273,-0.0010055438375965859,0.043017788330252375,0.005851672711291785,-4.9235632327084904e-5,-2.8720824661744856e-7,-0.0001251480821844846,2.4360245030885197e-8,1.8318327422350188e-5,-1.47672647136992e-6,5.1605704175690236e-5,-0.0013891549848199754,-0.0069779268600919635,0.002391906680425573,1.807373901240354e-6,-2.1025274389001414e-7,-0.0027132335635580793,5.7155656432539875e-9,5.228844614031315e-6,1.13604876844308e-6,2.4650637792510135e-6,0.11427297531066258,-0.011719023408669269,-5.493056787429397e-6,-0.00017098075074644032,1.6930120008575387e-8,0.020021334229088555,0.2775335329727727,-0.0009120326547129502,-0.00028378421526618853,3.381628884943145e-6,0.015006979247522142,-0.011521048581875078,1.491696468848139e-5,8.455876593501725e-5,5.0575346490083454e-5,0.0003780070454484252,-3.225021901771353e-5,5.928927267191118e-5,0.4719511149131868,-0.0005218930688570276,-4.958170663556257e-7,-0.00046947064479143226,0.060850692304115085,-0.0008697336365242236,0.00010023543774227325,4.417258610236598e-6,-0.0028677209679263496,-0.006061208785424224,-0.0011153207573365914,-0.0009054647351007473,-0.014273797994555623,5.162798002232382e-9,0.02073603136865037,-8.430034709085576e-5,0.010225869603691814,4.3893373150093617e-5,-2.513269305886503e-6,-1.101027146942535e-7,0.061065631285443164,-0.0003333849035313178,1.72406279154135e-5,-0.000581790413183554,-0.00011615962011534564,-0.0010398010675067328,1.2692804758354045e-5,5.973965654101628e-8,-3.791952222457761e-5,-0.005929051683859134,-0.0053649160224260445,3.582006915714424e-8,2.1152189954993802e-8,-9.069254505726477e-7,-0.012734831636416937,-0.00028067623373783323,-0.00010233884095200251,-3.516534941759858e-7,0.009815944556702434,1.5926991232978632e-5,0.10374782563288437,-0.00022570033018524285,2.315019758948614e-6,-6.488323253112971e-7,-8.010749976775503e-6,1.9263023979684935e-5,-0.0023567913207703586,-0.0035304063131903055,-1.6012899085075588e-7,-0.00016472936186597272,-0.001739663603308518,-4.5709011358784775e-6,-1.220891432589843e-7,0.0008869232468061408,-2.1708688678435095e-8,-0.014433916651149742,-0.0005043473826558246,9.370088212867811e-5,-0.002820549020551244,1.4726743714852475e-5,4.995722098752809e-5,-0.0005567546007706481,4.377849412914471e-6,0.09908331178818748,-0.008943410284546097,8.862625572007472e-6,-0.0003920277889175211,-0.0005322164099406903,0.38867349396051765,-0.0016453808169865191,-0.0051966984938170225,-5.210161581923284e-7,2.1208613287258425e-5,-1.4830791333672114e-8,2.1098082008696964e-6,1.5084878509758714e-5,0.007843745095880882,-0.004486335167333518,-2.4402053523310825e-5,0.10660921405587438,-9.6615831742559e-7,7.802978924018419e-9,0.002871004645896086,8.401323968679576e-5,4.529173446906841e-5,0.06878904054854938,2.125918103084957e-5,-0.0004002007644598027,-2.1427237258576335e-5,7.295593639288772e-7,3.3069732572427014e-5,0.6042473760005143,-0.0004766843948061942,-3.17319973885049e-8,0.017715223397966277,-2.7305192623658706e-8,-0.001551871032956034,-2.4103539506734483e-5,9.86975225360582e-5,4.441811874593388e-5,-1.1152364074506019e-7,0.01573593019478596,0.008714166328030097,0.1568439568483042,-0.0011447697609396452,-0.006981283853645031,-2.4978010196111725e-8,1.1106544455876908e-5,4.7455027700561365e-6,-0.0019656884225565546,-9.127011327571671e-8,0.22895708543122412,-0.016946192248253097,-0.0042405571412785295,0.094978726858169,1.783472025516345e-5,3.0710293480789423e-5,-0.0028801109422459227,0.32117469499552875,-3.8021509755514784e-5,-2.776413535588897e-8,-0.0018178152202438054,-0.00019401117371486558,0.05041462854349472,8.385267651817219e-6,1.608582546765304e-5,5.007196463546256e-6,0.4630256768872127,-0.000640388119736547,0.009727140410760601,8.286258005220273e-5,0.0002120136101606535,0.19344490924544588,-1.919698902840798e-5,-0.007273617764041849,-1.5664420525680531e-7,5.822429806393241e-6,1.2326083601731253e-7,0.1968790709515934,-0.0009060106064592705,1.9923706875463257e-8,-0.005808704334942904,-0.0002914175593962317,0.010482037718262687,-7.184116612009644e-7,-0.000875896025248977,-1.4420992959885536e-7,2.2286887557140494e-5,-0.010218232606938174,-0.00015812918308392795,-1.381533395224805e-5,7.192825156365272e-6,-0.0011396096974594842,0.00013824559516422194,0.20860584703396995,-1.312595550949145e-5,-1.0952612702001803e-7,-0.004912482965997673,-0.005840403739782783,4.2477057790194796e-5,1.476130756257363e-6,-0.0011983988072352609,-0.0013751106204899538,-0.008380207746285864,-0.002077980939066509,2.0250111211791723e-5,0.03420779473738255,-1.5646882678091464e-7,2.517855541989493e-5,-2.2308658706722378e-8,0.02310892887477713,0.12137153448724763,-0.0053749912206668745,9.470958078173034e-5,6.648322779547687e-6,-0.003434243302781275,-2.0087999760939253e-7,0.6106211393191717,1.7520206331834303e-8,-0.00858191477532559,6.198432920383523e-6,0.004621085996724263,9.25919532115659e-6,-2.95281242327068e-7,9.968094450725293e-5,-3.11894732321784e-7,2.6661328126662937e-5,5.274547981901467e-6,2.7055264681337928e-8,-1.328606720391413e-7,-0.0036683046388830596,-0.02378103655258804,-0.002918786114426039,0.11358552483811031,4.2888248144193636e-5,-0.0013091526415970618,-0.0061758964888312335,-0.0006575992827623636,0.46031072137293966,0.009146987104363164,-6.992033467328333e-6,-0.00012842565554688727,-0.00034037000752925846,2.2338575083341823e-5,2.239982412499872e-5,9.597277336500644e-5,5.5177940133467e-6,2.1407257169854693e-8,-1.80784132137411e-6,5.9340469179948295e-5,3.063755027456204e-5,-2.973556806313864e-7,-0.003144923167807329,0.043740943376708204,9.52020088480205e-6,0.0018765144122873895,2.7816263095238615e-8,-1.2364020554296947e-7,-9.853750154815547e-8,-4.9438449236464305e-8,-2.1928419354640614e-7,-0.0008374968430529827,7.171410976130307e-5,8.01704561921683e-5,0.05285498921212227,5.803522562884371e-6,1.1081882338589418e-6,-6.229414811491031e-5,2.5575853134346116e-6,-0.0006055089681812496,0.010312146814807313,0.08341529432996238,8.40493059134329e-8,-0.0048722423057247005,3.944500060187818e-5,-0.0009196660515795461,-4.4885440781512996e-9,-9.962498003507567e-8,4.927379913922428e-6,-0.00044106909130785493,1.2833099270191809e-5,0.30149184296576664,5.99903095449845e-5,-3.4442480868117234e-7,3.1565097294233475e-5,0.02535569075772692,4.312941140133297e-5,2.2418699371584216e-6,-2.7532887717581674e-7,7.317479607442101e-8,-0.0002914126154898746,-1.0024925464291711e-8,0.24685040479719123,1.4548014369907175e-8,-0.02765113552044327,-5.707450597506913e-8,1.708109370387871e-5,1.4081975111771342e-5,-9.451472551091117e-6,2.0483467420583413e-5,-0.014054908357107813,0.2224466942633373,-0.00016264315917308681,0.053391000481523315,2.1426291471284148e-7,-1.0033118866300682e-5,1.5690910618822573e-5,1.0620231713722738e-5,3.8490265885970175e-5,-0.01929937223775029,1.2771887139799225e-8,9.852076711472447e-6,0.04704235730332938,-0.0015807566534319817,-1.2718400415676854e-7,-4.256150826747697e-7,-5.971154418135651e-7,-0.0003136182244743281,-5.0526512203390845e-8,-5.484472259282368e-8,8.23963522854741e-7,5.714280624151237e-5,-1.9359003782832447e-6,0.5698973911714883,-0.003884259824333819,-4.4806514979111234e-8,3.0770221232025097e-6,-3.2478418065436083e-9,0.1635847118669652,3.5172906196057693e-6,3.171611547576329e-5,0.298934651874271,-0.00018314765041357707,2.3467256318138864e-7,-0.0008643348275040656,-0.012706120300632772,2.5513350152208546e-6,1.5767120371581853e-5,0.0019101477316158936,0.011929922689373535,-0.0019367695760070778,-0.0010503284660776492,-0.0033044603418369897,-0.006713808926699259,9.073461970496414e-9,2.6038818273309893e-5,-0.0003075655466572942,-0.0010693975877091985,3.005393096546983e-5,-7.858134172560865e-5,0.1303877827730899,-0.0009070308501755127,-0.004163934872488048,0.06454862733603824,0.13229555361153203,0.005802595883667652,3.148085643776263e-8,0.0002460816631435471,-0.004236942851739673,-0.0039604058338847834,2.16661164023533e-5,-0.006501146033190128,-6.621473014214845e-7,-4.291932942307791e-6,-0.001106441717879083,0.00014653737236114723,-0.004758808400035797,0.12290121527103116,-9.489641299448922e-7,8.437671916535663e-5,0.05369813806269317,-0.00023324256889629486,-0.0017667724616816296,-2.5190785997353206e-5,-0.000517357294067065,-0.001270779883354746,-0.0012667544611600992,1.1919588939022918e-5,-0.00041002734860340285,-0.00036020675301247715,-8.831945556252902e-7,-2.0851608939199155e-5,0.040323041951919575,-0.00446843846388787,0.5777152858797363,6.489259480940154e-5,0.0036665312401443885,0.00012974988320220242,6.731618514039799e-6,1.0674315824948745e-5,-0.003576010721249109,-0.008731275949108152,-0.0005849349039516833,2.7096228129637803e-5,-0.016201926123782923,-3.246097668427367e-8,-0.007727425795539777,-0.00029095781018352677,-0.00033757061708507936,-0.0013139544261048996,6.151913304467199e-5,-0.0099065620136346,-9.388781369808637e-5,0.00010893458704732174,7.545021010261308e-7,5.4012939370113085e-6,2.2786263043092616e-5,5.5410951015302524e-8,-0.00014909762529235235,-8.928854250265348e-8,-0.000975074719931763,-0.010633110680071493,-0.01258385805869073,-2.439937072955079e-7,4.730750011954367e-6,0.2876635207789213,6.44231796573396e-5,-1.4208416547763945e-9,4.22318930799396e-8,4.413160857578357e-5,-5.65110338217086e-7,0.39087013611475246,-0.00023409715364881218,-0.0010529107051939469,-0.00482465609211159,0.17093531718172228,-0.0005567581375842034,-0.01133801073085764,8.418352058144048e-5,-0.00013026212576246787,0.026294347975133598,0.01795062021332512,-0.0004039218587511964,2.550181931142217e-8,3.1036958945541812e-6,5.0948386412996445e-6,-6.462293477339421e-5,0.5693492904856765,-3.852008626153342e-6,0.0009206967697878086,0.015773544579951337,0.0007574004283533027,0.4233869740241725,0.31821424952083205,6.08070052302617e-7,-0.0016087378796070654,-1.974430207041174e-5,-6.030139238375079e-8,0.12032973026787135,-0.0005412011690094891,-0.00010021583804424271,-0.00012727893128847771,1.0352363143616364e-5,8.444879934554488e-7,-1.6314364197415784e-7,-8.43472449635703e-7,5.892060628012035e-9,0.11880632436361323,-0.00019915843366743349,-0.015130214056771426,2.409482861310196e-5,-7.95548665239313e-5,-1.7255520375795425e-7,1.1131723258397138e-5,7.939288868323375e-6,-0.004473562429776649,-1.0385026340700388e-7,0.008081503164231969,0.0064548781685139145,-0.004069111990356561,2.2028483906801343e-6,-0.019906828612101874,0.016475541279215335,0.0180974381322614,-4.2010470113988785e-8,-8.104500609388221e-8,2.883138010344605e-6,-0.0007703023046556147,5.2217377736948144e-5,-0.00046952780240736296,1.707396780304472e-6,2.04491864374745e-6,0.0017875738047661936,2.4346156424408566e-5,6.554638220376634e-5,-0.000518820711670489,-0.0011226928396847371,-0.0011174117510543394,1.8349793073107133e-7,3.328539625152759e-6,0.05493993513130492,-0.00024232356382790664,2.484936465711285e-6,0.007492354670087707,6.763568824123511e-6,0.21160082696555504,-0.0029228435638496363,-0.000438264708659177,-0.00032110813440304844,-5.256222186338031e-7,4.4372481655741944e-5,6.380537169197729e-6,2.966715751871337e-8,-0.0027361633677096806,0.00011675922528445775,-0.002738775146187989,4.214939722507927e-7,5.848604728137411e-7,0.019891204088907332,5.752588121551096e-5,-0.0010296521051081232,0.11157132731419263,0.10801568902944193,1.5001382008454813e-6,0.02919677258901292,-1.295753690178352e-7,-9.043199203838417e-7,-0.0005061589685972004,-0.00016252015147564112,0.3108511607735496,-1.68463835599883e-7,-0.00469522356267762,0.001642616172065313,0.4282543102769521,-0.0009267838703480302,-0.0011006768353570863,-0.001634570542849192,4.869693668511351e-7,7.980247199035487e-6,0.016361136118422815,0.07638137518061691,0.005558767374319276,0.1228077705116566,8.64414047232458e-5,2.0683015080995983e-5,0.2871458779426159,1.640942949882071e-8,-4.10308035201784e-7,-0.002157293325430109,-2.917466713508794e-7,0.630179478507391,-0.0009626441760078145,-7.710424990640331e-5,7.844076672947439e-5,2.5742596037345645e-6,8.580128278885785e-6,-1.4133120538374226e-8,-0.007817744496468541,-0.0011508940990037698,-4.322624509711084e-5,0.42724816687429285,-0.009234227003907308,-3.1585773058936544e-5,7.32025799976378e-6,-0.01636243050846042,2.314634817100203e-5,-0.000526226405752993,2.803506407487254e-5,-2.882340384690576e-5,2.772021108520676e-6,-0.0002579681253636735,1.0439374444198935e-5,-1.9493051352006475e-7,-1.670360574245388e-7,0.00098128966635573,0.09863921661003414,-2.845173384944443e-6,1.452024526497681e-5,5.184282043914072e-7,1.688638557472298e-5,6.336616030411797e-7,-0.0008529701206217284,3.058175900480157e-5,1.8989020637196244e-5,-7.310936484285528e-8,-0.00026384229353217304,3.104781215221397e-6,2.2845094598055313e-5,2.407901155309583e-6,1.3527718003832496e-5,-0.0006025080598528,1.6390046130988625e-6,-1.8542445649258163e-7,-3.177286871165755e-7,1.0823012764055297e-6,6.492144206407862e-5,0.09845783417502711,-0.009770189681017257,2.806524268307589e-8,0.0004497322814293175,-0.001504503148776621,-0.0008019685209884384,2.9879397027285437e-5,-4.427635004233247e-5,3.720760139786885e-7,0.000605275027960285,0.03168330828916563,0.01075257658771053,3.121838603715122e-5,0.020284633182413032,-5.0023500034601995e-8,-0.00016295897643201637,0.007042330376991989,-0.0006261721571322529,-0.007771570336186285,7.154905463762793e-8,-0.0034586399224088293,1.0120422732905593e-7,1.539861897114396e-5,2.6944691680669203e-8,-0.009835851781524328,-0.018851567999152864,0.13563740283518588,-0.0009569969019358126,-2.0949667726487604e-8,-0.0028959387460515624,-0.0025449527435929447,-0.000654499049875768,2.4695474388958404e-6,-0.00291815069256516,0.09154468153056128,0.039583637024257864,-4.393286530107416e-5,3.536693168116e-7,-3.2851835771041206e-6,1.617966928189723e-5,3.865660416563023e-5,-3.226534412665103e-5,0.03314707230616314,0.0014641928954577741,0.00011870289132101528,1.2868263778186091e-5,0.0782782059953523,0.013057217102287919,0.1432336498031925,6.174232366763387e-9,6.021840127245714e-7,2.0168411359535418e-5,1.0006278682936701e-5,2.225806214311204e-5,4.163829716504205e-5,-0.0017350978323947843,-0.00028987899370562286,-2.4697051530040865e-8,-0.0002613626104988325,1.1818995659779712e-6
0.0,0.0,0.0,0.0,0.0,0.0,0.0,0.0,0.0,0.0,0.0,0.0,0.0,0.0,0.0,0.6818761279477904,1.1112665329845157e-5,-0.003939250766354639,-1.2178423689654518e-7,0.04871281662119895,-1.4897676774800989e-5,0.0019080678663655687,-5.414745536080114e-5,-2.2155883833316872e-8,4.129774853242146e-6,0.1946472129381949,5.6699896057149575e-5,-0.0020987344400653727,0.22396650315136502,0.00011101598364696326,-1.1626499700536667e-7,-7.361224508022548e-8,-0.0052341310866730285,0.0046128541933631185,0.1087710175019672,0.20052453999546038,-0.0002541545829917847,4.327629869097438e-5,0.0058183351082489836,1.141327519246853e-5,1.728623553749853e-5,0.0002999970363287123,0.11112308383993014,-0.00485782326749329,0.14222841449247053,-9.349787561638656e-9,1.4597983101006432e-6,0.03823209173759765,1.6803159961643367e-6,2.045711990695062e-6,-0.0011180089971342514,-0.0002660694658876229,0.0014125623537662214,0.0729814870905742,7.93596101701827e-6,0.002914228958513896,-2.3669540471333967e-8,0.017677165967975444,0.0001643538110136702,-0.00973610122841262,1.0119437793769035e-5,-0.00013210854767000825,-2.2805913429402404e-7,2.199902902160931e-5,-0.000625034285280198,-2.99443543850377e-8,0.011135355665560323,6.226006422045589e-5,-1.704414359795359e-7,3.2248386569966366e-5,9.916310554107667e-6,-0.015453105622535218,-3.22111149362246e-6,-6.734416095160828e-8,-0.0019470475289370302,0.00012646917494756515,0.23657258744970233,0.01352738774212305,-0.0011860821007801134,-4.862640398980768e-7,0.016325445402065524,0.13289873226828172,0.001267695896954261,-0.0003711291356316699,0.26618398391374176,0.34256038655044013,-2.0117397852205976e-9,-2.0840364294618775e-6,-0.001265550978309834,5.476783769184759e-7,1.0800431766569173e-5,0.0005819259428473574,0.38667780825335424,3.941934581751901e-5,-0.0004949857251090633,0.04264291578794081,1.4925898024977396e-5,-1.5878182534241863e-7,-0.00994411108555268,2.182732031854141e-5,0.008646051549559773,-0.0001331474092111888,-2.8508274419048518e-8,1.54800363128644e-5,0.13898712241969796,0.4628853247536331,0.08132918556256033,5.956076004193131e-6,-0.0002267141003121887,-0.00021431999882487763,3.4862457604767155e-5,-3.654034592113114e-8,5.868301415158241e-6,0.10505687889574125,-0.00020170347821741742,0.02981993071430154,-1.8504328821256693e-7,7.621908462471427e-5,-4.6314952082239765e-5,-0.0013015327772656713,0.0009759544288913501,2.414676976213634e-12,-0.004404013842792418,0.0002546939900447839,-1.0445171230422525e-7,3.6074716771919643e-5,0.0010340855698654288,0.11687951628077317,0.00021132995085290472,-0.016352851066931448,8.558737981547928e-6,4.976305061719441e-6,0.009458828269106248,-0.000733907153182361,-7.115434097733419e-8,-0.0052341947430455974,2.075598136397466e-6,0.00012614014941966074,0.03387818711469809,0.3048689110732242,9.47299161420974e-5,1.174750302906799e-6,0.007395011743623768,1.0464296603593787e-5,0.3930893495732416,-0.0007852442314325787,0.008425006427251993,2.3051546539406966e-5,2.3088353884056184e-5,0.003981327089170821,-0.003198876307004731,-4.366967784880856e-8,4.020982582941942e-5,2.146684629850623e-5,0.3178439955442774,0.3281183957571319,-0.00021787472428641975,0.07765688803940239,0.061022138704989966,0.00018365307791059306,4.536863118193587e-7,-2.228834978515568e-6,-5.247373184352359e-8,-3.200570022825946e-8,0.05336038711294642,0.0014286551950925702,1.82775647699553e-5,6.962360283321284e-5,0.00024338278970455386,1.0401953582073013e-5,4.673485555988147e-6,1.3953383267409746e-5,0.09284855386116159,-6.927663321787717e-5,0.0006285494734128644,0.00017204879736675065,0.1571221376356347,7.423863067538892e-9,-9.819795956760715e-8,2.4712354016178283e-5,-0.0009940980029248213,0.00016766449919205072,6.031578995512002e-6,0.2497880309150717,-0.0017229448326838254,0.13956926874775213,9.924348662595882e-5,-0.003153483023608306,1.1368846621638063e-7,0.01455182415405732,-0.006748896932775271,5.26719748057996e-7,0.005325272189557025,-0.00047468937047133355,5.5413101620008504e-6,1.744782402837268e-5,0.4309766834660384,-1.8866321929079005e-5,4.803091077875608e-7,0.005482787228474039,-0.0007023216028380983,5.172375590686669e-5,-0.002339066347670942,0.060969098645586,0.2653848567111551,0.049443454964893406,3.912037083121483e-6,9.579308124861723e-5,-2.5847836780159596e-7,0.025517700931085793,-0.00491689809019041,-6.978520116562587e-9,3.548855668509775e-5,0.0011115482273039302,0.5416073291724408,-1.0483781395203071e-7,0.04664413603098733,1.1602242854499688e-7,4.484441227708146e-6,-0.0001726947459032627,-0.0006181137552625865,0.23065830722854666,-0.0011037363540705534,5.671709740588832e-6,3.4938484846953645e-6,5.0443156245868906e-6,-3.00947281148106e-7,7.652855180192659e-5,0.08122352502376691,1.5766852126184162e-6,6.78070754494948e-5,0.08024197029063705,-0.0007513315637725713,0.0001436188532991449,0.1851090697856944,0.00025410012921310576,-8.782574372622206e-9,-5.401707769620317e-8,0.022777084011285555,0.477815793774105,1.6657104254257015e-5,-8.836549576682265e-5,8.351639630555342e-7,-0.004790994057608239,-1.5860138452984974e-8,3.9807048079150955e-6,2.8220306844180074e-5,9.852064914370964e-6,-0.00021223540165862367,0.1271443185802778,-2.006125293062715e-7,-1.4083414988210508e-5,-1.5029136934573174e-7,0.039861821640156565,2.422766256007524e-6,-0.0002645983409116238,4.186063338163972e-5,1.76459361976185e-5,0.010704887876772847,0.26146741618184294,2.3071436850629035e-6,-0.0046206463165724375,0.29132093437762696,0.28414387457547097,3.626068826606007e-5,-6.06258705835515e-8,1.9229690452991132e-5,-0.0004606296887783673,0.004216461676676319,0.014397982635570565,2.631248229988039e-5,-4.363093174364048e-9,0.011017803969332225,0.00013539367693177613,1.9546351788353145e-6,0.0014490225932830886,-2.5782103285716447e-7,0.047572843544814385,-0.01433681102860409,-0.0033881299157792915,0.3656644954986985,-0.0030514439740833683,0.0010967463063221248,-9.875166572623505e-8,-0.0006405921077499892,0.034757741562897584,-8.573865583399446e-5,8.541710029495484e-5,-2.313792453859599e-6,7.788019804185244e-6,0.1660895645877164,-3.3336313440376134e-7,-1.928109881094373e-6,-2.195756693359097e-5,7.598125996048822e-5,0.04463969506494268,0.0003334717897444986,1.005313347318809e-6,2.3501116726440932e-5,-3.9098492756107535e-6,-5.669511260988754e-8,4.939423885970394e-8,0.364553582082819,-5.862496534032979e-6,-0.00045630240327018847,-0.0005006490741274953,1.2898848826633513e-5,0.030498815893882696,-0.009131697286590914,-0.01615432715864811,5.467690495338374e-6,-9.591291397700829e-5,-5.890238579254665e-8,2.823883948113275e-6,3.1234552093609774e-6,0.33222207376461826,-0.0006568232768552541,-0.0003460498096104153,0.018371166043726576,-5.072046811273236e-8,0.0019164365255524315,0.1937675464108169,0.00015460704257899696,-0.007162372866186242,-2.165953949631944e-7,-0.003725746943930867,0.05794596714249375,4.410553998890886e-5,5.2597943269438955e-5,-9.327591100750817e-9,-0.00044799632627880653,0.0005118411844000484,0.0008503430017331239,9.326194738464912e-6,5.295659567870647e-5,1.0949192145497736e-6,0.11210303168463709,-0.00017132952339299378,1.3188685457889684e-5,3.492752400774248e-5,-0.00226479291469369,0.0579971771051471,0.09629835927084804,-9.565939080632598e-8,-0.0009729065771425624,0.3936553408797822,-4.894388706160822e-7,-0.0003141387274044681,0.07912183766898742,-3.843835674478888e-5,6.518065357432495e-5,0.28640110758142107,0.02077639450010466,-1.6239709554158222e-5,0.32595489986538106,-0.004854814471425713,0.0001221089197812589,0.29725242814685526,0.001746865025416239,0.012891167342989611,-3.265279414766865e-7,-0.0007684432481346498,0.00013543814057907772,7.733226459424218e-5,0.00022478221839007477,9.346027761154208e-6,1.3616415590367217e-7,0.10780340523568226,0.5176084773024469,3.3174797355531744e-5,-0.0012836097623549923,2.127720939626915e-5,2.0194365001229575e-5,0.00043855900407096377,0.016870211984879983,0.003887683529863742,-0.0001845712701891407,0.005856172088398963,2.649496867728648e-5,0.0057471063743410105,-3.944492599726441e-8,1.58072405444646e-5,6.509205648356985e-6,0.12208228891113493,2.5621200921219526e-5,0.3862116117670573,-0.00594194007001301,-2.528746102202067e-7,0.16528081103093475,0.21539117598337923,0.1655459457979061,-0.0011630013235570294,3.593191852864902e-5,-9.314249593581616e-9,-2.888472108085685e-7,0.01270749586146004,2.132527820880698e-7,-9.834098635438198e-8,-0.014170695213587766,-0.0009901513936253522,2.073983256004869e-5,-1.7365858226729424e-8,0.016400825367588936,-2.0609328710788592e-7,1.488373651441843e-5,1.409086894474794e-5,0.03600292387229444,-7.966834470887526e-8,0.022160204197501202,3.7547574669381547e-6,1.9432733939102442e-5,-9.422222181104619e-7,-2.0332515756737098e-7,4.080902913853807e-7,1.18317582576793e-5,0.052249664532464955,-0.006644117017875681,-6.217748217866333e-5,-0.0005156777953484295,-0.0006246828471116842,0.20048896956210738,-2.2583540907328678e-8,0.5479228767466285,-0.0002864915608933785,0.005147091359115478,0.0003761952340670911,-0.0001865313246931639,0.003459850016122462,3.3413581155352296e-6,7.038913402087499e-6,-1.4250526090470222e-5,-0.0029360990229653715,-1.605925426358601e-8,-0.0014990386334382579,0.00033587792611686554,-1.9397768692355914e-7,3.3926929045229074e-5,-1.0758057201884557e-7,-3.2131356560518505e-5,4.61167868013585e-8,0.028495670974714126,1.5733179319039886e-5,-1.2920168355343335e-5,0.07708476696521227,8.327815152459294e-6,0.0014848204345428923,1.8123565374224579e-6,2.8263151170091e-5,5.927563611060278e-6,0.002506568288454631,-0.00030186386297156436,-1.697788279429751e-8,-1.0332847751184228e-7,3.213472000531058e-5,0.008960794681805388,0.06380752216342918,-7.054360840567053e-5,-3.251135968653524e-5,-3.7202630923069004e-8,0.05313924980927295,0.0015289061165368195,-0.0012756024960588685,2.441461980622952e-5,8.593548164874666e-6,-3.430072935886112e-8,0.033125973106391246,1.2571677726066691e-6,9.951398809918837e-5,2.8862246462263578e-5,6.431867067568385e-6,1.434767593443906e-7,1.2016499503767148e-5,2.1988340041892464e-5,-5.562408325709244e-5,-0.003087293704617847,-6.117298548890552e-8,0.0009953709275773114,3.410387764265627e-5,3.4870913573714694e-5,-0.0004727522064643817,-2.4940060590627506e-6,0.0012955336160092872,-0.00021306635232746268,-9.952601334741641e-8,-0.005831425500804804,0.05826756336848766,-0.0002519596245166037,5.970658790464612e-6,4.8060974221647836e-5,0.00038182127414017206,0.0013527519548786238,-0.006552607887782973,0.015327441853355234,0.07577887538275373,0.3404142872919873,1.8623124103746103e-5,6.089025696907286e-6,1.5878996545097368e-5,0.009517311222991648,3.332342759070202e-7,0.14304151967564005,-0.0040717855651303805,0.02778988771838041,-0.0002875809301982311,0.5172731557591016,1.947042836484032e-5,4.956728048370142e-5,9.054133640624589e-5,-0.0014914429846949516,1.066571499673574e-5,-0.002791220629209983,0.34533446822444247,3.340445131799538e-6,-8.614313429482255e-8,0.3085634006453849,0.0001195104642380394,-1.1726750469790455e-8,6.450007925510608e-6,1.249906872401237e-7,2.541227951558496e-5,0.0003483444474614788,6.522769535786272e-5,-0.012912316835410798,0.00020166025292646186,0.1335638189407517,-1.5354636713368605e-6,8.552479272844858e-7,1.0741757632438746e-6,7.50977847685965e-5,0.282295222545557,-5.2700946724894356e-8,2.6447329769303683e-6,0.1927033018091045,6.219121680429025e-5,0.07197925907916752,0.01676162887126136,1.272187439999096e-5,0.0003887311394282404,1.0374178117983278e-6,0.2510300081952848,-4.2162910732916287e-7,0.003036434274129454,0.013214902830271243,7.32192803621667e-6,0.14344373931340867,-9.977432989471826e-8,-1.224227819294191e-7,1.56641281309994e-5,1.3330217387639685e-5,4.9052656485704025e-5,0.09492652782873882,0.07878039225272969,7.074430148576125e-7,-9.859641083062155e-8,-3.890660109859788e-5,5.87054057206607e-7,0.12081427144474198,-0.00023119891170758478,-2.453576949005256e-8,-0.002724840736803891,-0.00011211710165608716,-1.5017707699650593e-7,-5.443008618057542e-6,0.058954355326512144,9.153245390224129e-5,-0.0005167106010275565,-7.342869380246651e-7,0.15728319567908697,-0.0005880563452081419,4.50529176174504e-9,1.9529222156079335e-5,-4.3443153234979336e-5,-8.971196305064853e-8,-0.00014545503546018398,-0.0004996319693558662,0.3343126938942422,0.011551825412797844,0.1351320989357956,-0.0001383135674939021,1.9281483631809385e-5,-0.00014652007751703012,0.014146821366524375,0.389391324160134,0.00012094860168473225,5.8776024921958344e-5,6.533064886995446e-6,2.1676908298924162e-6,-0.00043260836240534376,-1.1606869399961148e-8,1.6774791503087894e-7,-0.00037665225599422885,2.6813634446209295e-9,2.888197562727769e-5,-0.0026236120150005685,-0.005842686558034354,-0.0007804502997357184,0.0007430260344923078,-0.0006664310449765973,0.019159319017110068,-8.571604226582765e-8,3.6064220579450395e-6,-0.003882710189247071,0.04027004841922891,0.15064424779982488,0.16152952053420794,-7.20193554644401e-8,-7.3196245785305154e-9,8.927333305006726e-6,9.210590225624739e-5,7.77959986623898e-6,-0.012823117705554759,1.87808813801939e-6,2.2439456240057215e-5,0.026903626366417435,0.12686733754249285,1.0671950001484512e-5,0.06095276016307357,0.000516725990726438,2.5107849756887874e-5,9.456941286045557e-6,-0.00017615441371279087,0.1504880222675896,0.2289419762908229,0.002103227119786053,-0.0001361737194800572,8.911924613079962e-5,-0.00032266979712690304,2.9753090571255595e-5,1.324388447905959e-10,-0.002028254394910287,4.470711009663357e-6,0.005148866095905154,3.5747893297429455e-6,-9.096135547823562e-9,0.002256418811414041,0.002273321774451159,-0.0023023944460352683,0.004067989182826793,0.5875972608214531,0.4805469450849382,9.40689779359525e-6,-9.911493605349596e-5,-0.0003236779659252663,-0.00030435800818048604,0.1906971236517297,0.0006924533676689716,0.01622438726462463,-0.0005346386780428893,0.00012587396600004507,0.35399868010199514,1.0722869496296363e-6,-0.004324018371111318,3.514080560563052e-5,-3.778178733955193e-7,-0.00012442998543958517,5.33948764946582e-6,0.3136316054783927,-3.9207509673966114e-7,3.6486734527358723e-6,7.162563224499938e-5,0.0006648395780712232,0.00017388796941314178,2.8986506762547073e-8,1.9319815355385646e-6,0.0001241397297030633,-0.0011712922550610916,-9.695409674684474e-5,0.05862823934513931,-0.00044829897426700087,-5.225042769518149e-8,0.04921168566253106,-3.756086607182828e-5,-0.002381566580989776,-0.00011569028998383513,0.3779291365525977,2.870910396539471e-5,-0.003834849043641586,0.18980151859951006,0.2993481244132678,9.4644607498983e-6,-4.421352109057501e-5,0.004089596367249428,2.3445495935750827e-5,0.002713551419073085,-0.0014221058367769105,0.00017376153515458954,-2.7524301001889014e-7,0.0805060657870449,0.004074473249566517,5.261823911355296e-6,1.092825189958394e-5,0.1828347133744372,8.893781047749284e-5,-8.329577914975986e-5,6.794755840611473e-7,-1.1061018938244027e-7,0.03127987698311659,0.07033654612902696,-0.001458214699643737,8.899372249369293e-6,8.633130381824901e-6,0.07950886977144377,-1.5204284088030727e-7,0.00046471641923454893,4.359422785536767e-5,1.0231399758839672e-6,0.003218876754813904,4.270732151921178e-5,-0.011957577927757663,0.06567857075403298,-0.0010623726324525628,-1.9881365841855334e-7,-0.0005289708727387101,0.037690111574238405,0.04186623092834028,5.522516211864722e-5,4.045503903420949e-5,-0.004276514241020172,0.023589924871275973,-3.336558612866864e-8,-5.522590353684066e-8,-2.3304079376063455e-8,0.014147650486166901,-5.995802727747236e-8,0.2905789997652582,-0.0014295617402907597,0.026715231958990445,1.897500413560955e-5,0.16052289619830523,0.0007720748633601612,-8.256741056921714e-8,0.10798517649242352,0.004216361628909567,0.20675970124178472,-0.00012221343860078615,2.6952753412153898e-5,0.00017224785553153772,-5.8202289207598e-8,0.05194968434255003,8.459077321490816e-5,0.1429503260312054,1.8483731228799115e-5,-0.0010530992867373685,3.382816110381884e-6,0.6008803394364626,-9.833013082701871e-8,0.1861447074612026,0.00031339942778237925,5.913777211706218e-5,0.01262595708147226,-0.001549191350420294,0.005245386243136082,0.015496406570879284,-3.7648587333153388e-6,1.1179568152272546e-6,-0.0036301906686099696,0.15728816915363047,9.614409028380851e-5,5.9028826045064434e-5,8.832337108908269e-6,0.0001999167864360678,-0.0020088001625668504,1.0471261624667472e-5,1.4839494442478774e-5,-2.1859108727936013e-5,0.0027491317698413783,-0.00570276150163716,1.9064653986567695e-5,1.3746185220562692e-5,2.73366379234222e-6,0.5584422917583635,-0.0001373244151106351,2.7955717140471044e-6,0.01333934641968937,-0.013503314567997074,0.10548240546035242,0.13519534468949823,1.0382358370526896e-7,-6.58893670851121e-8,-0.0060414568481424406,0.23374940871071936,0.03316272562556897,3.492339110373612e-5,0.04152159786559906,0.006588641185092709,-0.0005785133811069072,0.00011213657550051072,-5.862405159704608e-5,-4.37722285684258e-5,-0.0008994809595637096,0.018532981698157255,0.005801432272430461,0.015345329152354889,0.02182508362656233,1.7481524056376442e-6,9.832330520712348e-8,1.8917855192615398e-5,0.20421570684590876,-1.5005413056867288e-8
0.0,0.0,0.0,0.0,0.0,0.0,0.0,0.0,0.0,0.0,0.0,0.0,0.0,0.0,0.0,0.0,0.6719475011645788,1.039654276934395e-7,0.0009546935492304806,-6.783864388721222e-7,-6.24875227503052e-11,-0.00034539780489905756,-0.005015838781294691,-0.0033636943436297574,1.214009346423983e-10,-1.036124004686627e-5,0.1625388280890255,-0.0021344272373255697,-7.841216597098811e-6,-1.7027617492833667e-9,0.014014229722887525,-0.004761140507925259,-1.1327246703102983e-7,1.1244036967268523e-7,2.6608455516489268e-5,9.265250579737919e-5,-4.950228074691524e-9,0.14102429219621734,0.0012410575504776787,0.20510096792871815,-7.26147880825223e-10,0.008524544039114531,-2.4689059428660335e-6,-0.0006963656804230236,-9.313391406058329e-7,-0.0026328212371416254,0.18727112441936689,1.0427136556093768e-6,0.08131346869403529,0.18050519340565638,-0.01575496912428376,5.641965743167533e-9,-1.712396571810621e-8,0.00033348730778054534,6.597103232787084e-11,0.0008870760358597894,0.03519831187752689,-6.7017502768882525e-6,-0.016743566467555617,-0.0006075520420131192,-1.321888799267516e-10,3.1609400382357315e-9,-0.0010423809756103478,0.2738497547181342,3.3403798811920726e-8,-0.0009756892096570402,-2.642802246595858e-7,-2.0267866342086286e-9,-0.0011633564560086724,0.0030014756859762667,4.470524182551135e-10,-4.3507447217476864e-7,-6.549695678228454e-11,-0.008016867867222454,4.62798408850418e-8,0.06542766245246985,7.197232301661122e-5,-0.00016803110473139594,-0.002901071092020582,-0.02468077241409501,-1.8920855549968582e-7,-1.2856463346002437e-5,-0.0003421928665431607,-0.0019119504809538316,-3.315954160326171e-6,-7.427602129276306e-6,0.033057653736480355,-0.007151750036801184,-1.5506493176046317e-8,0.16521714661257972,0.2179243296802662,-3.810112361670536e-8,3.2268757978924154e-6,0.12226064023006683,-0.003788739892261434,3.945463896085464e-6,0.06734126311099083,-0.010856578883973591,2.429555748182968e-7,4.7781137223676177e-11,5.515927030023364e-8,2.1165786096403427e-9,0.006283049346902306,-3.654752986899035e-10,-3.850231349190067e-6,-8.428556304633773e-7,-3.0960021034821707e-5,-2.966339031625863e-10,-9.160760173374059e-10,0.0023359122387034384,0.3821019511524723,-0.0007542732724440645,0.3193024120603683,-1.3612757020679049e-6,-0.031056331696656326,6.265547591677677e-5,-0.010316185444236233,-3.024883522402918e-9,1.6235816919270748e-9,-0.000739146749856831,-1.1121086599636698e-8,-0.001568704008393517,-7.554609091378043e-6,-4.603275474479749e-9,0.0467307087293715,0.02615064492771921,0.0014651450418683375,9.385089980421413e-6,-0.009726222210363273,4.0199512337206305e-7,-3.7608195423002196e-10,0.25779811961469823,0.0011906997392575,1.938119083436764e-8,-0.006949458827413057,-0.0007720242279092189,0.3577476812905045,0.00872397197805413,0.0005284376518176983,-1.1118037879568185e-5,0.01407888264208742,0.11692285632144706,-1.0847105749471939e-7,0.38083467331624943,1.8722840027788636e-5,-0.0021424548378251806,-5.969482527996893e-7,-1.0066595169664421e-9,-9.049792933671868e-11,-5.431933433813807e-9,-0.005414092704563674,0.00014478329423619877,0.21318878242161599,0.0458214916645072,-4.2965573879874475e-6,3.340198696236731e-5,-0.0015590395499078238,8.14321096662638e-5,-1.942926752186393e-6,-2.068875793159768e-9,0.08936121050508135,7.724818114897643e-11,-0.0033516703736153203,-0.004872722277731043,-2.636470652834529e-7,-8.02124984446182e-5,0.48346773712876234,0.01126699028733893,-9.07416366450309e-10,-5.521506195452422e-10,0.2115334860524693,4.108736835999022e-11,-1.3941182159886965e-6,-2.0948619747156672e-11,-2.1724725449062947e-8,0.014120944795505436,-1.1662867726707908e-5,0.0013326407422797233,0.03443443386331437,-1.637809606833689e-10,-0.0011199561615557474,-0.0027341939111749317,0.10080921923361583,2.3749717593535595e-6,-3.43576219643397e-8,0.00022979193314438557,0.04361469829377254,-1.2960437307096937e-7,0.0485753346798794,-2.206917919857857e-7,-0.00036545136390864777,0.03962943239186106,-2.9377978402776728e-9,0.0004733115283307868,0.3233715161488168,-1.1657548702957897e-9,4.2468028886956535e-5,0.003290784559710965,0.1368961458744566,1.895076664629627e-7,1.7037341735098706e-8,0.0812250523005097,-0.0019387883175739588,3.0393412440785137e-7,-5.701495328047117e-6,-1.1906414219328553e-5,6.555616919585761e-11,0.02501696597029833,0.03017346236719609,-9.203454861085573e-5,1.4530904637847028e-7,-0.0013853507714591256,-9.784246678857887e-10,0.00037241939401868755,-4.932519514652736e-6,-0.00985622298082483,2.8399302561089454e-5,0.06958123272696484,0.031412712484484316,-1.1247976596411026e-7,-3.5004022425250318e-9,-1.2920288072584856e-7,-0.0033818071677385367,0.4991095893365058,9.410415964320271e-11,9.607168873119619e-11,-0.008068329413445529,0.14731906362328331,-1.1594246040151248e-6,0.06336229363310214,-1.4513654990998057e-9,0.00013888086207249295,3.548925963340875e-8,-0.0009697029449706688,3.951041720884529e-5,-2.5380338199859026e-9,-0.0026320123006055127,-0.0009910700952970354,7.973433960954097e-7,-6.131458769539565e-6,0.2743715813982909,7.720381062965661e-10,0.0966157631128034,-0.00029421903869386985,0.0005959127373524328,-2.9444096217938073e-10,0.26846906147241795,2.08086529796768e-10,-0.002798436575223583,-2.767208992931555e-6,-0.008626989229492347,-0.0061805542254027256,-0.0007649920153514503,-4.95683793861159e-7,0.09022818824366913,1.1754301332977816e-8,-0.020668943579949643,0.006940179638140042,-1.5809664791805209e-7,-9.242579733525845e-7,0.23174823092228222,0.00010314336183403809,-6.823721427498415e-6,1.1582226799468492e-5,-1.4502222657966583e-9,-0.0022226530220349912,1.9571316600702387e-10,9.670244581904394e-9,-4.175894456218614e-8,-4.2216669459975056e-5,0.3542459170893976,0.01834754284677771,0.00048319522060673656,-3.739899567389126e-9,1.0994872356850794e-11,-0.00047780867686086524,0.005002723029269472,-7.724117643697737e-7,-4.211832769999481e-5,8.178698967759781e-8,-4.594438713978395e-6,-0.0018977366504129968,-1.6029127118346098e-8,0.003504085314818127,-0.006193234702727495,4.529540170821287e-6,-2.1405500445331317e-10,0.07852955638884036,-8.905903855324418e-11,0.3342893391404554,-1.8538835455625e-6,-0.017532720161178354,9.45228088935364e-8,4.529293656147106e-10,0.07465852833036132,0.00017372116961662709,0.0012539170131570603,0.08921809970925307,0.2529015525090388,-1.7112807650175792e-11,-0.003176305335695686,0.04873414755058273,3.117070570545439e-5,-1.0805784542762437e-10,0.00045122702754573523,-0.0033556136750828055,0.015792707727519437,0.0007967776832959506,-2.2200450605745675e-7,-5.021851512707981e-7,0.558212097811736,-0.022748025263489794,0.01857826608105296,-8.882106416648931e-11,0.34630855874448385,1.0458258439909742e-5,-0.0013433727033547885,6.6795868242190144e-9,2.8436194583014756e-7,-0.0061952524212584535,0.0024908964164997356,9.336111147988464e-6,0.02725520994122296,2.539107588293498e-7,0.004896647797750541,0.0009579506219925934,-1.3134871268850843e-6,0.2743569997140409,-6.454947725541588e-10,-0.001273064598886934,-2.8078835599213415e-9,0.0023811977668359466,-5.729387293148061e-5,1.0224307662224799e-10,0.04914665129770733,0.18875816623636554,0.0001952234969805351,3.7289636163125946e-9,0.07752032284286683,-6.413113866778411e-10,-1.5702578076731938e-7,-4.842474346062403e-6,1.1849253645358907e-5,0.03468970096409901,2.395210297680781e-8,1.3678542223413745e-5,-0.023871548127338823,-0.010835621765072667,-9.91645327097617e-7,2.673988047609205e-10,0.1968022056510021,-1.0837732322504212e-5,-3.2550655725490245e-7,1.7049007089821899e-9,-1.2466272598018153e-6,-0.0010490422923455974,0.00813375843730743,-7.201208120470255e-6,-2.689858776174712e-7,3.0314568590233447e-5,7.445690051262444e-10,6.040950581569736e-8,-3.5972301502124924e-9,0.10287283549122848,0.016846367832661423,0.41727440597549875,0.02016138019910572,-8.7827054568407e-7,1.680196484961556e-6,-7.435588956282759e-10,0.00016858745432940788,3.318525272163475e-11,0.5397779346593166,3.4709769948506086e-9,8.771318506280303e-6,-1.1361904617926359e-7,8.979394743096995e-10,6.71400529443617e-8,-9.480365177673185e-10,4.329981726598262e-8,0.002974766049486364,5.784579019901059e-11,-3.5758518915762525e-10,8.101760991573905e-5,0.059173375789530955,-9.505791864051549e-6,-0.00011682271460810602,0.0016747313403776898,3.5554882585063e-5,-9.89104487898774e-6,-2.167597404921661e-6,-0.0037696768504142408,-0.0006186430055935547,0.002853127474018573,0.00149929444008699,5.351038151851241e-5,0.08338065015277854,-0.005208389897907209,3.5031756332618167e-7,2.2633396256698396e-8,-2.7150811026761856e-11,-0.0034746769328050427,-1.1664914902112501e-7,-0.008316466375772805,-7.606639105801783e-10,0.036199626230126014,0.0003892087456916579,-0.008472324366115582,-2.7614883591428818e-5,7.092152827895517e-11,-4.501773039387578e-10,-1.8621442045399225e-10,-1.1464143304686959e-10,-4.288274712449213e-10,0.3713941315003814,-5.235831591638853e-7,1.9452375451112118e-7,-0.0009520131697183713,-3.6857651017325857e-8,-9.720566784072582e-9,-2.2772024870480244e-6,-0.002912126150027063,-2.4772242634910244e-6,-0.002172461729213239,-1.209518232778779e-5,-5.533514276985741e-9,-0.0042296774325331675,-8.659480278841774e-8,0.3560357536006086,1.5386542466255932e-10,-4.151602775510859e-11,-5.408101366289929e-8,0.027262488381181834,4.30443257209938e-8,-0.003710925701782043,-0.007139873346988435,-1.1080653220325336e-9,-0.005221776757222273,0.00037978454230864876,0.009291024372057784,-1.2496906469934153e-6,4.601726331970244e-10,-4.978247334633659e-10,4.262837281412186e-5,-2.9012517905859393e-11,0.0009989417557751483,1.0184093407111838e-10,0.165678468284082,-5.042906072913911e-10,-3.2285396382365795e-8,4.784298031804761e-9,0.006114476300721056,-0.002749557948080568,0.21414500303630726,0.0015643187413758501,-1.3119407872560618e-6,-0.026798196783365213,5.172236245064526e-10,0.005261690203245482,-6.005773499338977e-7,-1.248639493558147e-8,4.5471259695700086e-8,0.44786070065663436,-1.311833198207229e-11,0.018381569150194565,0.0002958954732415087,0.22210456630921382,-1.966710820986496e-9,-1.1926898944697582e-9,-1.2224873176202856e-9,0.10039215962136647,2.9742297901828316e-10,-2.822163273008769e-10,9.242245186829945e-10,1.2871223082522927e-7,0.012897996421428169,0.001968579658443098,0.16374448623807156,-6.34133607340665e-10,1.0890952114978414e-8,1.4803455507999028e-11,-3.8928708636769785e-5,4.193631755057629e-9,-0.005620081008409155,-0.002090009839835126,-3.370026396215659e-5,-2.2634620033522902e-9,0.11730319790021199,0.008438289926791433,-1.0478050893716542e-8,6.357440546940899e-9,-0.00039520375081808186,-0.00012291239352696986,-1.690658114796956e-5,-5.215936141657242e-6,0.14078248217702607,0.3323531544131366,1.2642031397096322e-10,-1.0432109233224558e-7,0.11465427933078967,-2.974469233143516e-6,1.0730241264020672e-7,1.3952505172087618e-6,-0.0009969743715476747,-1.974341800382497e-6,0.4713938777097503,0.0003896473208185529,0.005619185542941401,-0.002627397351511918,6.962052379508209e-11,-0.0011149361028033114,-9.94672580570569e-6,0.24384639267934155,0.002829012753317979,1.6458762089743983e-5,-2.872530799240897e-9,-0.000650223209751877,0.171767126793002,0.039644413482551,0.042051078477502016,-0.00032562357076998714,-2.626333284824127e-9,3.1619098636207207e-7,0.00652967814956422,-2.617189595534393e-6,0.005580669316115735,0.05432463342208495,0.22037330182010603,0.08274500686244889,1.2706630037756866e-5,-0.004264239341683222,0.19553189101727045,-4.272095986831251e-6,-2.4601717468285783e-9,3.975363105093854e-6,0.00017880472810854998,0.5272923103535537,-0.0033069698955253595,0.06330179846309868,0.00011294320114009435,-0.0034724743989929985,-1.1236419427784916e-8,-1.4559795352171085e-7,0.5276511349834472,-1.3538196934440555e-5,-0.006019324341352762,0.04217626738758523,0.35310380432283367,-8.965020325150693e-12,0.07846870178283495,3.936611719394247e-7,2.3900289862500466e-5,0.09506352542566476,0.013225817863874728,-0.0003198426903691701,0.09864307027862435,5.285122100190515e-5,4.280633455102933e-9,-0.00027007577869074285,7.062168247142865e-8,-8.193591561235628e-10,0.007957443306032352,-1.1871734222816878e-10,-3.032893103489806e-6,0.01961408715619446,-0.003628136438959498,-4.730502992324573e-10,-2.09715945679138e-6,0.0013473676009806033,0.026936480706735294,-1.8537976672852262e-10,-1.5784756531812516e-9,-0.0038769683743861893,2.909400200864335e-9,-0.018183072449833696,-3.284502707801229e-6,-1.1183506941040369e-5,6.308365301105977e-5,-0.0011816322688034434,0.19486507184133983,-0.0025266190475893716,6.707637011127132e-8,-4.306526319799644e-6,0.06746250720220502,0.07039409517685344,0.24366654667788004,9.988264965571543e-11,-1.6218597410012672e-8,-0.0011767717592073555,0.050535417765128425,0.0024436536598378793,-0.001044222681236581,0.22448464675670043,-0.001085665879298342,-0.000138956611814333,-0.010186867672799905,0.000586561208676651,-7.871536490784039e-9,-5.437621574115496e-5,-0.0005615884331933409,-1.8017354692102963e-10,0.0006077942402885599,4.722763074094339e-5,-2.7882056531381404e-6,-2.5924931502717935e-6,0.005436640386724428,-0.0021169151140721042,-4.4016964971003823e-10,-2.841805712302676e-9,9.075852780444748e-11,-0.00018385540317722977,0.04566409552826562,0.4072914782636974,-5.904832687559108e-7,-1.4912395430204105e-6,-4.729654055549017e-10,-3.083301132746231e-7,-7.226749551041426e-8,0.11297378403082928,-3.3148384387209156e-10,-0.0013718033976308683,0.00011377094321659575,4.403440254037614e-6,-3.327648820002808e-8,-0.0022983007404237367,0.12083850327656874,-0.002202375569577136,-9.469458836503184e-11,-0.0009918371646485747,-3.2064891090045046e-8,0.3101054638932156,3.3845747120866995e-8,0.10242059505076273,-0.002266524094673185,-3.452025504820977e-8,-0.00031034007260075547,-5.917725411533912e-7,-4.9514194778654014e-8,8.117204913993773e-6,1.8334818525016657e-5,0.3221310194088737,1.4263429379902255e-9,7.936050299690114e-9,-0.0011855724903157825,-2.2163045847453987e-6,-6.9428442650451346e-9,0.00011109022753786123,-4.8913365098712336e-8,-0.010283954685677091,4.931782338190354e-7,0.19741702555756402,-0.0001273116606792596,-1.492934041114349e-9,-0.004053250571283516,9.706033653516528e-9,9.217578420683686e-11,4.4418684082205664e-5,-0.015722805627185022,0.4829400626499457,-1.7071878334104593e-9,-8.935716340686037e-9,0.015785798551798153,0.04799198033698824,0.1620355439637287,-0.007671003974764314,-0.0002931704070499035,4.09051274174065e-9,0.000355829278010312,-1.2875836954458187e-9,-0.00673126746137977,1.59016338438513e-5,0.0006926722710128172,-0.0026430478336216833,4.088201893885806e-10,-3.587283201896941e-6,0.16000407537243563,-0.0020705498576240955,-4.271305896455062e-6,-6.33097673690691e-6,0.1460589109906404,8.780565620596937e-10,-7.179365235959599e-8,0.030042413008722214,-0.00011159945284703942,-0.00023838400233487233,-0.0007690467592725894,0.004284153922954166,-1.2885687081117258e-6,0.0015751631064698378,1.0906306425100804e-10,6.680616648130364e-10,-5.416661122737544e-6,-1.8491723595827623e-9,-0.0025185852641581925,0.13875612028592887,0.01740837349931172,-6.711244708155423e-8,2.998690382421449e-6,-9.654761892563417e-8,2.7027418272580593e-11,0.5730091022047576,8.007955944301665e-6,0.02364093351159736,-0.0030715218331509807,0.017394254135199617,0.10667242395911998,-4.0167442780588864e-8,0.10133516319703499,-3.094079478936594e-7,-1.7029005868691685e-6,6.166254438826863e-8,-0.002797557840551281,1.1766081667879734e-8,-6.22523627981703e-5,-8.391197523517798e-7,-9.723307372636467e-10,-2.538955749006671e-10,-0.001311508218893979,0.0007277468448409765,-0.00331113475242688,-0.00309141346911066,-0.004011791746611108,-2.3979211274672936e-7,-0.006479962505679324,-6.203643050899151e-6,4.468024314744609e-8,-3.8414119245979715e-7,1.485534305262602e-10,3.220151899774601e-5,-9.268454741109394e-9,-0.004930229148601426,6.720935907092287e-7,-1.8579899515847438e-7,3.298275972926753e-5,4.193902559521693e-9,5.0465065950899686e-11,-2.557878187650327e-9,-0.004598351977414837,-4.596683552426993e-7,0.004959626300926619,1.6022798342587307e-5,3.82290761333918e-11,-0.003112102399621839,0.009277598095381302,-5.507793940046031e-6,0.003062136477907488,4.108673543008658e-6,-8.152312284443988e-9,0.09212877594737454,-9.70330649223573e-5,-0.0018034354545253737,-8.622345297538801e-8,-8.985681230049288e-5,-6.51311353263786e-11,0.10743971642998787,-0.0007554538747567143,-2.8168001636066625e-6,0.0881266418219743,-1.251807014821189e-9,0.5834884498865295,-3.0415498032802456e-9,5.2143154895304735e-8,6.452618075835146e-11,0.3445769693215543,-0.0003405307061015874,0.00030253579992713315,-0.0007605132082047317,-1.353499046917228e-10,0.039099138119070946,0.18386148603192098,1.9230862613655318e-5,-1.7390852165387156e-8,0.3489829165264712,0.000501460159143432,-4.986611325878407e-6,-1.0673193351593412e-6,-1.848165959460494e-6,0.009805881304547407,-0.00032613066384054774,1.469936633196185e-7,-2.4294606696676065e-6,0.00035466221729744355,0.10091905947063504,5.6065250558890916e-5,-8.551319354155168e-8,0.0003183607339787028,0.02391115269784182,-0.029305119978097472,4.762712964255117e-10,-8.688010288537607e-9,3.310632963172622e-7,1.2970451759622204e-8,-6.504011119663068e-7,-5.074618816052252e-7,0.2252515062895209,0.0983926794562141,6.949442650921604e-11,1.5990781905186483e-5,-0.003042999778297321
0.0,0.0,0.0,0.0,0.0,0.0,0.0,0.0,0.0,0.0,0.0,0.0,0.0,0.0,0.0,0.0,0.0,0.6690398084962541,3.0961973326937633e-9,0.03773449020379098,0.00036803992124833913,0.0001304685007430446,-8.059378126729619e-7,3.669679763176407e-10,-0.0008919365374810364,0.0004945066356786332,-7.270132026452562e-7,-1.238844574621679e-5,-0.01685192542660243,0.006501075655261157,-6.432840447442169e-10,1.2827048058300784e-9,0.021503962395488886,0.15447739509869032,0.0004714992437827665,-0.0006930553814200357,0.11628845769100439,3.2108451784413416e-8,0.00022304851324415453,-1.7354043942529927e-7,-0.009612694368208035,-3.135487035666956e-6,0.007134619995689546,-2.0268824777898383e-5,-0.02511142488482743,5.4495485553875676e-11,-3.0257059465220855e-8,-0.0011003550213177773,-1.7497646328166688e-9,1.4978413324276836e-8,8.913448083908922e-6,0.11341341865392066,0.19292401097850884,0.0005202967614025857,-0.0007011155634285378,3.90902843650908e-5,-3.342928458853143e-9,8.267993862504547e-5,-7.561687425981775e-6,0.00016307581068864408,0.00816961376969644,-0.0013800897149625015,8.162817946471629e-9,2.355159446572435e-7,0.2543377816423565,7.48936855068618e-10,0.17102260599994934,-0.017143039960764606,1.5126703054960572e-9,-6.358191894086953e-7,-0.0032375756876119534,0.0027597839752198238,-0.0008586510859798685,2.389310770861641e-10,0.3453742796700629,-3.8383773562067045e-7,0.0011316871536654297,0.0001226442642934605,-6.233712180573883e-6,7.525749503633705e-9,0.2281699402762103,-0.0037601531320144333,2.4653077171324123e-5,1.37609673095548e-5,0.0018918070500433567,-0.002137062955096456,8.406148493738587e-9,-1.1892162605296222e-7,0.039750081840602094,-1.6541467079546273e-8,-8.205053138689953e-8,0.334154291770185,-0.0101942151008423,-7.72854272534548e-7,-3.904735951521952e-6,0.00015238977588618062,-9.511189136219037e-9,2.9894363632501302e-9,0.4959986799345852,-0.0016388582543931365,-0.00195389134007246,0.024900724369608294,-2.4238728683922527e-10,-0.0027115399108264275,-0.03520088772357043,0.0016447601204979013,0.0003476919007946704,0.04455187379147958,0.014222786434301858,9.513335091923079e-5,1.1530730024018291e-7,2.2797427203921144e-10,-2.2322318902779023e-8,0.033195293639390534,-3.107640012660965e-7,0.00015039461908241411,2.970980556424957e-9,-0.0363587724947502,-0.0034970665290512235,6.732947325596052e-5,-0.0012804520017326909,1.0510437727987986e-10,0.0002788530300493121,0.02664641646509521,-4.450651392928957e-9,-8.836311338897891e-8,3.1016328224057274e-6,0.0002585100552604206,-1.2321861191599916e-5,0.2225533828866477,-0.004740486926119414,-8.027917190333486e-8,0.00013812485865332994,0.4333869469632619,1.0555606057693323e-9,-2.8318018150367787e-5,-2.634793486273812e-8,1.567334220503642e-6,0.0002699920430067393,-0.0050643944873429315,-2.9102127491736753e-6,-9.709777927006295e-9,0.14131004495279298,8.810354135997124e-8,0.001844278661873725,4.38761928341445e-6,0.030064990914842552,0.01461994290080842,-0.001642755401578478,0.35440266415288363,4.313879614657258e-5,-3.281292168421783e-10,2.961825315442561e-7,-2.454128233831215e-7,-0.01276056820229102,-0.002522712055896475,-3.091246668589725e-6,0.00047557562034146846,0.0026750013744983856,0.02831261314400357,-9.61412154824872e-9,0.0014457723443775164,9.140825813079021e-10,1.3027740856337867e-10,-0.002916863569997117,1.2825344653994145e-5,-1.0479547583962223e-7,-9.339701422597657e-7,0.10211487399513254,-0.002557317770330027,-2.981661261402969e-8,-0.0003657519177986032,0.010608129786936874,0.1295564665855789,0.13713762068516905,-4.3126404594391895e-6,-0.0012939662417519374,-2.3111765657175607e-10,1.316288773374234e-9,0.0072083966347190375,1.4054611707679142e-5,-2.4136653695835163e-6,-9.319230903503866e-10,0.0010661240369510977,0.02571419365208574,0.000547060421570565,-3.111589265901743e-8,0.006588671220401662,-2.0124659570104224e-9,0.07070160479552506,-3.381912879964382e-5,-1.1094829873385593e-9,0.39074326214460925,4.9724790016820314e-5,-7.316037873466698e-8,-0.013721731199975957,5.3430100446444024e-5,-7.711619545007783e-8,-2.2046687450768667e-9,0.07578815995286639,0.15451660811660267,-6.969562713389216e-7,-1.0819559381253484e-5,0.0003397565098399748,-0.009544803222192479,-0.0010624869875624175,-0.0007331195810967052,-1.0815180689370506e-6,2.6260197131620325e-9,0.0002445713823924357,0.49408872436297896,-1.2760751331398403e-10,0.027370436364239102,0.000271080279158441,-0.0033537074884650965,1.1968501305912232e-9,0.0002216803963060593,-7.681908436512827e-9,-1.9901899861622037e-8,0.12245347360498549,0.022471684620717313,0.000905370228707352,-7.0410698611581335e-6,-1.150865950360824e-11,0.00021034053525698855,-0.0006919117367514096,6.0191118635544835e-9,1.9682690798817571e-7,-0.038574589143573076,3.930059706500252e-9,-0.003767958192270061,0.0004706729375995929,0.44393017550814995,1.1687012892991593e-5,0.0009683379777519453,0.19391691139211842,1.3242335388691658e-10,1.258370742809161e-9,-0.00029047610691183145,-0.010544068863458848,2.0046795294316177e-9,0.006859614967336161,-1.919794511823625e-8,-1.7752845376948734e-5,3.4081216346391166e-10,-0.0040773259282595176,-4.088721115990318e-7,-0.0019333892755780387,-2.3241044225064546e-6,-0.02365354848117116,4.9227143473783615e-9,-3.398334356046426e-7,2.138433044436864e-9,0.12009700593339229,-3.6399896152288856e-8,0.11663421862571831,-3.1063611745891237e-6,-4.075470805086663e-7,0.0464501138765792,-0.02011998757046374,-2.099512621384527e-8,0.00010134534490386237,0.0002650871980747816,-0.005089483949900056,-0.01822640036017872,7.864920808628565e-10,-0.002418970026319996,0.09611131384585443,0.3350775340159905,0.00010946781564090791,-8.174728599340187e-8,-2.808480981525947e-9,0.00023967212742699207,-0.016848001599103768,0.0028625172816319445,5.230234420786405e-5,1.5030533286475424e-9,0.09201916855894833,0.0002528452801346131,0.48252238859042373,0.00020382992519884653,-1.6336413534588426e-5,0.07318379325828195,1.5780579105469264e-10,2.6227860127702233e-6,0.00014470891114556496,0.005829989513692236,-9.532085363130712e-7,0.021139747256614393,-3.0999957574690417e-8,-0.0054180149604995025,5.213529907454873e-9,0.2660637199420167,-0.0007411719576092811,-1.0939054671411873e-6,-6.106846764528898e-5,2.671024633794338e-6,2.5897719858167617e-9,-2.0567169466443577e-7,0.0006257504986931885,1.1196141323600909e-9,-4.460468818027318e-9,0.0009987861150212813,-0.0008675510022647208,0.00013855720315541012,-3.438785769823084e-6,-1.4211641601101892e-7,0.0003541788122975666,0.010830538272163515,0.0007393578488801885,-4.001071739845032e-8,-5.840814814462924e-6,-9.095308085485175e-10,-0.001465866470662535,-3.728350307759483e-8,0.0015671749239327445,-1.9942841533631706e-6,0.4097128606953463,-0.001704401126119362,5.140070734465499e-10,5.500796011665165e-5,0.0009070376037124427,2.8106049058319037e-7,0.32095048461110853,1.0759134462134129e-8,0.00022239696137176519,0.033246362342220274,-3.40494464705937e-7,0.005748747507794117,2.34400381749426e-10,0.02434610616588809,-2.647410128933756e-6,8.19899840995091e-6,-0.0010548638999846628,-2.340698353493751e-7,-1.9680757549569652e-8,-5.015497406374611e-5,-7.495094076100383e-5,-1.1427438975023629e-7,0.004986835114733723,0.0021015012898623004,-9.120041986369154e-5,0.00034612057634634446,-2.721217482965632e-9,0.3311606824418274,-0.005170864427946582,7.526586054224608e-9,2.926069229869177e-6,0.007749650533957466,0.0047560339644676965,-1.9450359756029742e-7,-0.0010519753699488074,0.18614466433568128,0.13307787126358767,-0.0187981617800299,-2.3178133209334853e-5,-1.815615946540862e-7,-0.01712869834459762,0.06892749891678009,0.00011995300494469005,-0.0038033767963629073,0.3119238511899602,0.05077761515777108,-1.4603142212347448e-6,-3.4474220929272994e-6,-4.697496304444958e-8,5.19136750829681e-9,0.0024685948849129686,-0.0021028645350530365,-0.0037611618140452408,3.091623470221335e-5,-0.0015470491711369414,3.971370028860039e-8,0.22574123870738644,0.00024296877336299903,0.08446130033461212,0.006834466128615107,0.20354187656649778,-0.009656825120192227,-4.6231219976830735e-6,-9.134869293378152e-11,-0.0012419472671316085,-0.0032182322282390233,-0.000903309711295182,2.5380815756810765e-7,-0.0038324343116935135,0.00021653531331308358,2.722535617178667e-9,0.0007328984003767934,-0.010107104686154342,-0.03613024168571028,2.454071161666876e-5,2.9812245319211697e-5,-1.0715864112866914e-10,7.926649155647362e-9,6.529856446523096e-5,-1.0372682063768617e-8,1.769650049452068e-9,0.08337411533093092,0.20018283273142323,0.0019925106618189185,8.213719443085337e-11,0.2009821547601274,3.6950174301640885e-9,-0.00955896851504872,-5.243738728139182e-8,0.0003755485482574396,7.906037857909636e-10,0.00015015660671586137,0.0006852575170252963,-0.00028671739146937664,-0.0023152758454900893,-0.0007782891947411971,-0.00470974818656931,-1.4858359043244256e-7,0.0673716988990621,0.41754352247699256,4.563300225596368e-5,0.17123444135539656,0.07863975914893398,0.002033773722053435,1.8828990724908324e-10,-0.007389660240716985,9.696718969628763e-7,8.455254056761241e-5,0.05847920036147233,-1.906124476173302e-6,0.2921660340381716,-4.294893190946147e-8,-0.0013567287780698373,0.010013932405097199,0.033144982462318076,8.453561235580183e-9,0.31893658826154847,-8.283184250815902e-6,2.5799588233887852e-9,-0.004449821725689421,1.322733815130417e-9,-2.2011945301355156e-6,2.141783777896181e-9,0.00890289029861954,-0.00010037295139547428,0.02613089072793243,0.00036532039509663155,-0.0004171255268908531,1.5018976736852979e-5,-0.0005626817679123076,3.0538411247600836e-7,0.02617894823491012,0.42241378973290117,0.4729186596257696,-8.921135931381337e-10,1.5499165873306928e-9,-1.330944404364113e-7,0.00018702327640427596,-0.006311943850951111,-3.7098683054559404e-7,0.05115462895474921,-1.2646809241304701e-9,0.009004222948099081,0.39318410841786516,0.5295167409259912,1.8507157835540627e-7,0.003303718264634647,-1.635928587200543e-9,0.0003169363924814287,-5.7339364453004625e-9,0.042046192510551,-0.011486532602307663,-0.014216542982366007,-6.9969256820284275e-9,-0.0023995632156351716,0.010021784191191934,0.10581698453824202,0.5365025794855882,-1.2879303170013533e-9,1.4598962440521346e-5,-9.649901480196138e-8,0.024603846886549093,0.18491770101833324,0.0020276510883031136,5.2442307208721356e-5,0.2581745103052087,1.613039255115923e-9,9.102380918663268e-5,0.00037104206887896853,0.044214939559207626,-2.118226626055266e-8,-3.371064087806727e-7,0.1908951198617497,0.3554431016400047,-3.49459852443415e-5,0.00024966769069260605,0.00036169511795149144,-0.01929182552433458,-2.2416007572287308e-8,4.158361189869035e-8,-0.0017363368078873527,0.28959742710573844,-1.00961455931418e-8,0.0005795722322967054,0.5214154716907015,4.4093529232059495e-5,2.33150127988904e-5,0.0011950057412288219,-1.1835349874446413e-7,4.738481346076677e-6,-9.541436415662192e-7,-7.180058273373519e-6,-0.0004339197412085279,-2.7179727614061013e-6,-0.008877301918028558,2.113300820990523e-8,3.07165537014785e-10,-0.0013597374492099236,-0.006792181537626559,-3.059429192899561e-10,-9.63414138499088e-8,3.3477954414726333e-9,-3.6413268475526556e-8,1.5070453416440669e-6,-0.03069446978436713,0.39141231630515344,-8.366388331359707e-7,0.0006220859457853042,-5.401093982378179e-7,1.4069161153155614e-9,-2.2647808492038346e-8,1.8478759802765848e-7,0.0012439520584032922,6.214601749966263e-10,-1.4054057471687981e-8,-0.00017184357801736225,-0.03004340370259784,-5.808248597644589e-5,0.0003599505919607723,-1.3157201800409428e-8,-9.335093237733905e-6,-1.2217722701499494e-9,0.0005077095296793736,4.1586315825242224e-9,-0.0017659710536343642,0.008758894429535018,-5.985610505455876e-8,-1.1965356315781972e-5,-3.946000441467927e-8,-3.2285737292303986e-9,1.5413282142568658e-7,-0.001313412431149384,-4.9142611862407386e-8,0.0004040028915728454,0.0003503293052586696,1.1145840804818365e-8,2.629594347250375e-10,-9.724194481343926e-7,-8.697610480340135e-9,0.0006569676310183513,0.04645216960088664,3.399199128712045e-10,0.6206202094536671,0.024749390500284758,5.3136466310454444e-9,0.003983708952693887,0.0002808848149354369,-3.5166312692133915e-7,-4.013728260691883e-6,-0.0011230033872672513,0.012496436886310008,0.00016840864825451505,2.598059925640479e-10,0.010898813099628504,0.04573392831855358,2.3490725630656714e-9,0.000423265736311812,-8.907150536638785e-7,-0.013224121261764409,6.0636361265586104e-5,-2.2876201220588192e-5,6.068854345703117e-6,-3.1109584275699454e-7,-1.8414793306401247e-6,0.07757883635729271,-0.0004449577698141989,-1.1587030957383177e-6,-1.3695827401538346e-6,-5.6710181264796136e-8,-0.0002885075492518293,0.16520097842550885,1.5121362506935284e-10,-6.027092687530306e-9,4.024920878394914e-5,-1.4833319850504434e-10,-2.682075903839435e-7,-1.1600706484535255e-5,-3.084041012595705e-5,7.4351349387623784e-6,1.527075846256881e-5,0.017108859883671088,0.0001155028628020093,2.007732408245573e-9,-0.002083980116745889,0.0002690538237400964,0.0001989612027180166,0.004969831108755729,0.003969745650569792,-6.470431690371512e-10,1.8692582231553769e-10,-0.0055910467673994674,-0.02044879364824057,-0.0008793911560952857,0.00022133149220918222,3.522168097305979e-9,4.769175776073729e-8,0.044010018101166955,0.0010498568037028368,-0.006543118887344177,0.0010176767556559754,0.12710397518241717,-6.323167107337649e-10,-0.0034590868382292335,-2.494496636999714e-6,0.0008150731764788927,0.0006556391415855492,0.02805967175767968,-1.7692991040042469e-6,-1.0816195430410216e-6,-1.9353556334154515e-6,0.0016064873577421545,-1.1778292058199857e-11,0.038645014602297086,-3.7189238522733644e-8,0.2595479325316613,-1.3321250919933457e-9,2.0002252568363567e-10,0.07915137529256451,4.2020190230339254e-5,0.010041062682399994,0.2706986606667427,0.001962828219932942,-0.0026333711193393316,-1.3883565451198036e-7,0.03898285321729078,0.2363896104313549,7.976785369728811e-6,-0.023382859308641805,0.15772548316636598,1.1640708432069183e-5,0.007171014648232666,-5.40865389114218e-6,-0.01151096586582075,-2.4315100877941747e-8,-2.016828731090576e-5,-0.006908261769068026,5.543951063565721e-9,0.3218531379191662,-0.0004418723167735933,-0.0014548891158895486,5.45897845442761e-9,-3.154458892640911e-8,0.08235188604213321,0.08843838195656858,-2.866840418052956e-7,-4.292805419716093e-9,-2.287129683197073e-8,-4.639167511554693e-6,0.00013057258684991043,0.044181520371225844,0.00020174982341310697,0.019271900021739542,1.944517837982337e-10,0.00022094376199791212,-1.1215016182840772e-6,5.099121571091876e-5,0.005058936989311596,-0.008070184434540502,-5.071814664701974e-7,6.394991858179001e-5,-0.0244439038499569,-0.0001199638821450901,-7.3186129573275835e-9,0.07885078073287827,0.18878793304059382,1.2086708788698546e-8,3.679650050250086e-5,2.4938783074911653e-6,2.877812495366956e-5,2.0435178672103576e-9,0.036202787155591915,9.373068738843056e-5,-0.0008219727162561398,0.005746712423144768,-0.02723506759997203,0.02010647822702348,2.226347952250144e-6,-2.753837363114319e-9,1.3108303071252184e-9,0.024800381577029608,-0.00044055196595851984,0.0497736701248907,-0.0010680294463757815,2.0164144739801402e-8,0.00041091521734498606,2.3525404737829343e-10,-8.922383935433627e-6,-1.5792608644701015e-7,-4.62491327705062e-9,0.2553747450975682,2.3339371317669017e-7,0.006438147347416959,-0.043084152690711676,0.4872927896489695,4.3778822103547595e-9,0.11166647521344727,0.00031692172953654723,0.05578556011678788,0.007659121350213372,-0.0009801452965284738,-2.2329273269520886e-5,0.0002623816816244192,-1.3720474620673452e-10,1.0117844546932604e-9,2.307383492072544e-10,0.00822563447449709,1.9664542829991008e-10,-0.0030799653798393818,0.5804367797503418,0.0679175021124149,-0.0022359114844042113,0.0008079799767436353,0.2129476403267399,1.4683975721201735e-9,6.58621307678864e-5,0.04463462127190217,0.0010252192450895153,0.08032856078846208,0.0015259904095596927,0.018673086634832095,1.8606655459136854e-11,0.034502368050163615,-2.673307886717945e-6,-0.002315397030035284,-0.00043810612271716657,-7.001937854575086e-6,-6.219212945881219e-8,-0.002621069839809693,3.009365877935925e-10,0.0005850573758036791,0.06729848061409502,-3.405225219874257e-7,0.00020814754622372212,1.3516306559912056e-6,0.34354960849662997,0.00014912673433009662,0.0013836387636718768,-8.317657918826456e-9,-1.1800854570597631e-5,-0.03338257300095048,-7.82594910162578e-9,0.047629068371215576,-5.12662707412218e-8,0.03799701660259833,0.46693870243928853,-0.0008785045283330266,-8.811705435902777e-9,-1.0963955439441832e-6,0.00017891922920595696,-2.6960393636067206e-5,0.002388743465393415,-1.22030297541623e-7,1.5016540968293452e-10,0.001281388400985195,0.0060874329021182606,-8.196276693559598e-9,0.00014788514990798606,0.00024217531088597185,-0.01480430819935464,0.018712664106465812,-2.9377707798604823e-10,1.929624356245851e-10,0.5679370341366569,0.002101852348599512,0.00019924926206851704,-2.890576715209333e-7,0.00023386351608583494,0.2537102961852977,0.00031348171287921063,-8.612359471203605e-7,-2.711555791463548e-6,0.02492497697765919,0.030933352298289037,-0.0010458655197666668,-0.0019300945966341954,0.005539486807063851,0.10506682058628751,-9.36860762233672e-9,-5.98214377160168e-9,-0.0012902536105832234,0.0009668336951042427,2.390431200664625e-10
0.0,0.0,0.0,0.0,0.0,0.0,0.0,0.0,0.0,0.0,0.0,0.0,0.0,0.0,0.0,0.0,0.0,0.0,0.6636949012193016,1.2176914680444093e-8,-1.8354453166447886e-11,4.080826711521025e-6,0.00011443241797241214,-0.032342574371309704,5.790096169311767e-12,-3.756331376585698e-7,-0.003881017541837627,3.358133219462214e-6,-3.9389758661810226e-7,-4.569484792082581e-11,0.0160175513818464,0.17349101743448384,-9.660184381482095e-11,7.541111538393979e-9,2.93868241860611e-8,-4.90382189130575e-7,-4.706561331038253e-10,-0.000129035279488738,8.279325225222331e-6,-0.028913334677355206,1.9351765986097386e-11,-0.00015736841357025976,5.484777872453977e-9,-1.4818698436979246e-6,5.77448994895475e-9,-0.03528597927600647,-0.020880039377882076,1.2118007938453189e-8,-0.00041950844699322214,0.05906867206878381,0.00013999875820436218,-4.148605324136445e-10,-2.4852773785780304e-10,1.0489549016679789e-6,8.122352215148436e-12,4.99360694340408e-6,0.18685955316932243,-1.5029973250501692e-7,-0.0007698969801574859,2.671491887909761e-5,-3.777036585006498e-11,-1.0032562186716585e-10,-0.002659420594035066,-0.0010672835210674997,1.0985338769425677e-10,0.3380523370109864,6.754201039233799e-9,2.285098791705282e-11,0.16527431093453507,3.0480935906007447e-5,7.104118508871438e-12,3.3235668910549846e-11,-2.0985955714620074e-12,-0.003915522695652398,-6.776763747730215e-10,-0.0002223250553276966,-1.927825491617191e-7,-6.744413885971787e-7,-3.972373054005895e-6,0.24703218362833718,6.040866466388053e-9,-1.2827620313339013e-6,2.659107464834988e-7,5.1984285985626845e-5,4.451600329457769e-8,-8.823964004517804e-8,0.3165431455094301,0.0002945721377437852,-3.213608443523358e-10,0.03688110202731303,-0.0037505711176844298,3.536329182869892e-10,-9.235700280559507e-8,-0.009951937456183259,2.3532749031837515e-5,-2.3317428743819564e-8,0.0001425693790304723,-0.004905740408203971,2.9111538872971716e-9,1.5687621977296997e-11,3.6927772289024153e-9,-1.1294562847073378e-10,0.27300440222039624,4.257541831973539e-12,-1.2585847451025798e-7,6.506404815722192e-8,-8.416373758632778e-7,-1.8740029538673487e-10,-1.2069903583017296e-10,1.8831704138490973e-5,-0.0008683889476647122,-0.00914348621971779,-0.0004702475536892223,2.392826209388272e-8,0.0002122691832601901,1.6140042054049253e-8,0.31379157896217297,6.529921538931974e-11,-3.6284442810180863e-11,2.3335302745074303e-5,5.916546810919631e-10,-0.06188005938180784,7.369360800189421e-6,-1.1686191556793763e-10,0.020220238591807247,9.939740527407741e-5,-1.437624395164244e-5,3.002011414539475e-8,-0.00015480822410931372,7.830385168172502e-9,9.506498424204264e-12,-0.03682739292737406,7.72069437781062e-6,-1.1703419658002663e-9,-0.013710857186700327,2.773250106845949e-7,0.02916065260111567,3.7985752065504216e-5,1.9330692060709048e-6,-6.84467823876457e-7,-0.0028812852955250926,-0.005292279962779555,1.80617456423278e-9,0.002528505158958275,-1.521851747924547e-8,-3.0030356015193864e-6,3.96070091518928e-9,-9.634810933828905e-11,3.853243256362932e-12,2.4293496420282363e-9,7.940068419072803e-5,0.006439168733263614,-0.0007407789111601744,-0.0002664886782253966,1.071100235702967e-8,-3.447076078731692e-7,3.2749110316413593e-7,-1.2893529111282955e-8,5.9695643412204795e-9,-1.3380295666962832e-10,0.008189071599761389,-4.4368832090200994e-12,0.10453810009333483,-0.021451474925749767,1.3061562243079225e-8,-3.6937682420031367e-7,-0.011548874515566795,1.7605634713074632e-8,-2.2776177961737607e-10,-8.920273956138121e-12,-0.020149988700456405,5.494080072410574e-12,1.9360879401470398e-8,-4.93111614181988e-10,-2.5059627805711695e-10,-0.0011778413178679583,-1.3442757484854923e-6,0.036094610195845714,0.42220074524253026,-2.604739496423467e-11,-1.1818832869490608e-6,-2.2047604122834258e-5,2.3328212072788015e-5,1.703671336951374e-8,-1.0633779065693676e-10,-9.142778328734402e-9,-1.9915260195753047e-6,1.1051377808060313e-9,-0.007380210904730467,8.30851132901177e-9,-3.7462580417866173e-7,-0.0006083879825188016,5.793805370460219e-9,3.420790857124184e-5,-0.014727823789363386,1.3324346631433898e-11,-3.280619590044309e-7,0.0001243731483112392,0.1507563015400754,1.1026752770343241e-8,-3.672015062084107e-10,-0.002847186840605214,-3.3330411244443287e-6,-2.695997032889836e-7,-4.983657153467946e-8,-1.636236366833584e-6,4.796090000345315e-12,-0.00022475965187772386,0.21165819126222254,-7.251451283742014e-8,1.5676263651480884e-9,-0.04113183842378702,-1.3599238635788575e-10,4.109420676771592e-6,4.992798799971802e-8,-0.004998326554486693,-4.8180408103348776e-8,0.07048480192088422,0.00022615325744640104,7.76441217448174e-10,-2.415492469194724e-10,4.4129797556419513e-8,3.7209994728089595e-6,0.011335255342002857,3.9106172742935524e-12,6.788070579996567e-12,0.5132305093078766,-0.00025760419673266215,-1.8344351368566073e-8,-0.0005686519371454762,-7.456873636888526e-12,-1.322863182236749e-7,-4.552039087655968e-10,3.6275515292895388e-6,-2.5462644312635225e-8,-5.964917161889438e-10,-0.04271994471780693,0.48254723810233074,8.83708359191737e-9,-1.9965807852513128e-7,-0.0003741351319385678,-6.514175980915055e-11,-0.029926274839516126,-7.83600176920379e-7,0.25017252563215003,6.391705074872293e-12,-0.012601365148080395,8.616109476606036e-12,2.1395333453108483e-5,-3.1078986824759546e-8,-0.003813831563558973,0.00019856080684852717,0.4797040059940692,1.2661929141626367e-8,-0.04543630130518586,-1.1740332139953356e-10,-0.0005266121654109974,9.988432687809608e-5,3.0198470650215693e-9,-1.7417529946238948e-8,0.0005194090880736594,3.685510728898982e-5,-1.4421442127999303e-7,-6.939553637719443e-7,3.4957693867563493e-11,0.07999018097530818,1.3896819832653218e-11,-3.0183559788167587e-10,9.425172612306729e-10,4.769271761537194e-8,-0.002952876663420491,0.02666708612163446,6.677602042849555e-6,-2.0600195792363467e-13,-1.1884918012631929e-11,-1.0027417017547497e-6,0.13137883434472356,1.400857080143403e-8,8.52808261621357e-6,-5.487553421151656e-10,2.3212727355617717e-8,-5.810878362167941e-7,-4.687013307272964e-11,0.02623238807742708,3.537776724511734e-5,-6.094665842196894e-8,-5.0891895201375666e-11,-0.0012249647853659717,-1.0108290093515578e-10,-0.002340241141519082,2.5554352868497723e-8,0.3458409003166977,3.507865686821693e-9,-1.512767008225244e-11,-0.001436337217404878,-3.6049260578005577e-7,3.256376665779048e-7,0.04327058971579788,-0.01226907915755665,-6.412474872552323e-12,0.28036188990667626,0.007223735848648998,-4.2639127202315317e-7,-6.9728954282370894e-12,2.0056472085967197e-5,-2.0120230701016812e-6,0.0002012137852515763,4.290819980843154e-6,2.0417848983049038e-11,7.0906788352859e-11,0.0024227103809865034,-4.859962060182238e-5,0.3489968596311392,4.2847250192896556e-12,-0.00585577545484388,4.45472958593433e-8,5.24542050630777e-7,-1.044522313982403e-9,6.721523045655588e-9,-0.020595150746395032,1.6634216016818132e-5,-4.606493230028594e-8,7.514346458816222e-6,6.151062903339019e-9,-0.0014031291191368294,1.3542342296360391e-5,9.243311143415624e-9,-0.0054408866335746665,-3.368595457460747e-11,-0.028082577088150932,-2.0262991526196483e-10,-5.1817970888558096e-5,-2.5665655568567256e-7,9.338765089736256e-12,-4.679713747450185e-5,-0.0004522887853781413,-2.735281561547685e-7,-1.2765305221591102e-10,-0.000626566880354669,-3.168746177344646e-11,2.3363632780755934e-9,-1.2634950313534083e-6,1.2607513284232038e-8,0.12192298914783173,-9.321238561326838e-10,-2.0513612369989103e-7,0.100696819591746,0.00013714831789796123,1.2407865209488054e-8,-4.096764387129175e-11,-0.0012573063373155157,-6.376354181583469e-7,8.016440033997871e-9,-4.573727955552582e-10,-1.0749628816063874e-7,-1.5019212268902446e-6,7.298846405031559e-6,-1.759199621956661e-7,2.228286179965327e-9,9.169456913960321e-7,-1.2567460342900269e-12,1.1184608912420875e-9,-2.2309320792046898e-10,-0.004163852139092992,-0.00039351127937769457,-0.01430358116375861,-0.002025594420822906,2.3411325777037024e-8,-3.824837470659226e-7,2.142825268642982e-12,3.5337116689010624e-5,1.4229069085502608e-11,-0.0011127195276703667,-2.8312629878517023e-10,3.6070881214673473e-7,1.4426162505149265e-9,-1.1073997850066434e-10,1.1124848934056608e-8,1.6025448765029248e-11,5.0746764319244395e-9,0.10316783170684159,1.2605329868595388e-11,1.7135966130338628e-12,-1.0729267682318467e-6,-0.0003556258545829559,-2.6156337751498384e-7,1.4070150143755678e-5,0.3504586500596507,-5.560332573203454e-7,-6.583737368804714e-7,-4.936574799985754e-8,6.349569405731821e-5,-8.992075786435514e-7,0.17878311094278745,0.38310362872783976,1.0447889813330864e-8,-0.008676877134729966,0.3387045546901828,7.525466863445411e-9,-5.121407389623484e-10,-2.012367279931802e-12,-0.03110322769512595,8.603590807314848e-9,0.5317171825874807,1.4928357557597923e-11,0.00020855917847692308,1.958710411844558e-6,-0.01003813187580833,-1.9615532377800088e-7,8.259911368402129e-13,-8.195927211168547e-12,-1.4466606020721337e-13,-1.8574960817351496e-12,-1.8020646483272893e-12,-0.01585830044147807,1.6904019165316674e-8,5.7190638956092255e-9,3.2285409659147553e-6,-2.777128434708105e-10,-3.873990294497908e-10,3.312936763768054e-8,-0.039747655809491356,-4.038434958505915e-9,-2.923174061374111e-6,3.1198063389634243e-6,-1.8870394954541901e-10,5.41143875508398e-5,3.75464465714363e-9,-0.00800139666039551,7.320287338719764e-12,-5.977841931886398e-11,-2.347767080466684e-10,0.15583030557182617,-3.6490516574676026e-10,-0.0003027949752053929,0.26394826617565675,-1.0078711111596397e-11,-0.005721555577113233,-5.22791031483831e-7,-0.0019496273504880696,5.592321621035942e-9,-2.998169040359621e-11,-1.1732107535911464e-10,2.4345809198648652e-8,2.621396582178114e-12,8.764371793589555e-7,4.624745612299379e-12,-0.0008811147529507174,-1.2521509055137963e-10,4.3870387805952937e-10,-6.923269576948563e-10,0.08961901093274369,0.3419519716829164,-0.005546128208041633,1.0600533604342846e-5,-5.375766207866841e-9,0.00017536698650732008,-2.197007946887856e-10,0.029503374212021732,1.2899770185564066e-8,-3.464774434867302e-10,1.5946018205147858e-9,-0.001295727294771927,-1.1875776613306761e-11,0.007662972630091635,1.8838679682621026e-6,0.08071274764207247,-1.891534989248886e-10,1.2678535487248928e-11,2.7041534617925997e-12,0.1656001647789994,7.857446545760134e-12,-4.8853826503225106e-11,-4.121296873524198e-10,3.2273431958864655e-9,0.10880908519114399,6.82130841240351e-6,-0.0008020714260774781,-1.1191682480891838e-10,-6.103382717672813e-10,-1.0226682288069394e-11,9.7662104543584e-6,-8.547053146692589e-10,0.20154656820188727,4.9045084049514977e-5,-4.961794244896053e-7,-2.3961932653090047e-10,-0.000721436321054455,5.114046568525309e-5,-5.374144764416088e-10,3.3889829565016887e-10,3.6943194017072714e-8,5.651710500780996e-7,-3.0261526295889176e-7,-6.017717251169555e-8,-0.00020706112326832423,0.011746971839032842,1.2772395107174457e-11,3.4054547078910755e-9,0.036926493073721936,-1.1839264004783751e-7,9.906902183992002e-11,-3.504586673882965e-9,1.8203394258907167e-5,-2.4325156243842532e-8,-0.0075529506592481414,1.2032908168789267e-5,1.740230974569633e-6,-1.4447391269306395e-6,8.114035659093778e-12,-2.2302677023439326e-6,-4.1497108697047507e-7,0.03255124668398937,0.12280150089954095,-8.928272558806087e-7,-1.6999845312679103e-11,-0.016671496401790435,-0.03866291136871621,-0.003944707135310676,0.000127259814825876,-3.856151453074154e-6,5.197748640713708e-11,5.0361023332179305e-9,-1.7846317184504273e-5,-2.0893780172540134e-9,6.856677354289691e-5,-0.000981364816810026,0.017806906968197492,-0.00010045059857135691,-1.5780489555723078e-7,-0.019361336736721944,-0.0017029801814828218,-3.5376379421249713e-9,5.548295975669455e-11,1.802364928529951e-8,2.932100501842575e-6,-0.000864555969952068,-6.382592765413323e-5,-0.0016412094941620147,-3.9752992335627034e-7,0.14552040394791452,1.5790635544021332e-9,4.0946013531340425e-9,-0.01102309873974185,-1.0682532693057116e-6,0.00029338690517039895,0.05708772379337238,-0.0003244472018559041,5.269416714065704e-12,-3.266170395319699e-5,-1.859289682207239e-8,-4.959878335193478e-9,0.13735253322726895,-0.002868161328838378,7.024634586379896e-5,0.00027377916869445693,-5.374630140170732e-8,-1.7620629035588975e-10,0.10591695021311502,-8.865802754260196e-10,-1.3615678098572578e-10,0.5519787366911652,-2.913716003551255e-11,-1.4176043817969766e-7,1.755939420373976e-5,8.617343657819697e-6,-2.127206289774406e-11,3.0881118399298725e-8,1.9121157183867178e-5,-0.00414056593007966,-4.631148544598054e-11,-2.2450488477953387e-10,-0.002602070107709428,-1.0537703329647567e-10,8.25439969529738e-5,2.6051163210530517e-8,-2.007853128175068e-7,-1.1059486049173881e-6,6.542120646543516e-5,-0.01977771392673575,3.92521050209922e-5,1.072806239273872e-8,5.7098826555868705e-8,-0.0007495613587104396,-0.006105961188055113,-0.005560220290230298,4.689749592711544e-12,-5.28868357114834e-10,-0.042664281593724505,0.015227262239523214,2.131900539869251e-5,-0.04554971738358357,-0.004290536372270566,4.0790842122119937e-7,-9.766137637825137e-9,8.937279676145934e-5,1.1246247910320347e-5,-1.6070488911083602e-10,-3.7255453449358306e-7,0.609386039823983,3.75050294595236e-12,8.793583049538415e-6,-2.1438194881022492e-8,1.8248717072327726e-8,1.6444613101705997e-8,0.016825312234541902,-0.03905773980862376,9.891470275796527e-12,2.124075766254976e-11,6.4584959961699014e-12,1.5426219903373632e-5,-0.00018522810432751024,-0.0047713568140337805,7.95183520870688e-9,1.6472226517040607e-8,1.3630078230509974e-11,1.4810080734638674e-8,3.80345050218937e-10,3.0595167639545215e-6,6.546836436939335e-12,6.617190128797835e-6,-8.824742754681327e-8,-5.855764654413588e-7,5.640575283603371e-10,5.895225391446396e-6,-0.0021135820619186375,-1.0015177735175916e-6,-5.76727732485719e-12,-0.05592885731758273,-2.996648881425032e-10,-0.005478609283083491,5.382112624607227e-9,-0.00014487957054751572,-0.04916256439211216,3.1535732501088333e-10,-7.160720254370467e-7,2.0356113506508983e-9,6.923757697898905e-9,-1.9312669949189557e-8,-2.275758404416042e-7,-0.02818265056561698,-1.7883060352082257e-10,-7.937568386826161e-10,-7.116880139164825e-8,3.6832557375504155e-9,-3.2210340020533777e-10,-1.2987317257009393e-8,6.844411683347004e-10,-0.0003083242881180459,-3.2764715996389635e-7,-0.004729692047792021,-2.4238819087265346e-7,-1.801136405515589e-11,0.3405369857570399,-8.1377714693712e-10,6.6744477289026325e-12,-6.407036443461419e-7,0.28742248041343116,0.013116740119036354,-3.244274717607468e-10,-2.1907100144128336e-10,-1.1574481805262958e-5,-0.004387187961785142,-0.017280652928091153,-0.0016374534204438795,1.2486744336415685e-5,-6.091086080067748e-11,6.175885055568519e-7,-2.1008373968714571e-10,-0.010130490416223163,-4.897671647934611e-8,4.7904628035483686e-5,5.712468554972405e-5,-7.089398887207973e-11,-5.112009763701318e-7,-0.013842332503584602,5.541727589251018e-5,-6.629549845163396e-8,-7.270953566287045e-8,-0.00014966913100586358,-3.2036990175587316e-10,8.362172992776689e-10,2.3522134501707792e-5,1.7017403698360678e-6,-2.621413801303943e-8,8.90688551243535e-6,0.037267595418614664,1.811692667329381e-8,1.3244925945233674e-5,6.88207405610114e-12,-7.662373397414463e-11,-2.066470254976484e-7,-1.0747236273835779e-10,1.2315017681587033e-5,0.09048969903860091,0.5256933091476803,1.2792896608958936e-8,1.9851737987470398e-8,4.112587497770804e-10,5.2552507267418774e-12,0.003996642810586733,-1.8423237673035367e-7,0.3547438144107499,-0.0001299412102988981,7.843326763197211e-5,-0.00316905913136777,2.6575140126039104e-10,-0.0002809654651436397,4.6033364559248455e-11,-4.574658587588536e-8,6.044456778702574e-10,0.6217241568970235,-3.147559373444516e-10,-4.803421012298462e-7,9.33780418661505e-9,-4.57507422732107e-11,-6.3280793159309705e-12,-6.422058318639805e-7,4.296197009134279e-6,-0.012065516480245847,0.20409416700534835,-0.034910087026619956,5.03802978516361e-9,-5.3483748485941706e-5,-4.062951020424516e-8,4.3685559366366196e-10,7.246075792134418e-9,5.953132523675281e-12,1.8010872160541692e-8,-4.949893184790894e-10,0.24675839611748734,2.4961862834927484e-8,2.1929733145708576e-9,-2.0534181224640246e-7,-2.1608729596447243e-10,-2.38081433330039e-11,-8.956764413330414e-11,-0.004341688553397652,1.569792833742953e-8,-0.00041323470799821757,-1.2994030503348635e-6,9.578890784038187e-12,9.81934410458313e-6,0.00029132223111222907,3.3956583855270542e-9,0.0020771321827527138,3.887845418227615e-8,-2.2183544325837133e-10,-0.0005943432263315479,1.5631651210189673e-6,-2.693386821588754e-6,2.940938063357298e-9,3.051351789759836e-7,-1.2583334936695143e-11,1.4478893565599791e-5,-5.84915416875084e-7,-4.199652981721418e-8,-0.00014833363728993724,-2.028048632609304e-10,-0.004374280664319269,-1.2525088804787536e-10,-8.58286526555944e-10,9.636644640225829e-12,-0.008936507026361668,1.5751604178835514e-5,1.0966814188995024e-5,-1.1546589388861517e-6,-9.16946303903346e-12,6.15002409772048e-5,0.014700975439921589,-1.4153356410047654e-7,2.4502661722557907e-10,0.03513980204040148,3.4686047795817734e-6,4.786545110966205e-6,1.1893669001178771e-8,2.5254014967451608e-8,-0.0002773851218759587,0.003216382773574069,4.685857285745168e-10,4.272599802705258e-8,1.0539011435908245e-6,-0.0011086690689054955,-2.8348641400781933e-8,1.5669345372038973e-9,6.5111757368462305e-6,-8.373308906004307e-5,-4.174645526244074e-5,-1.2285198384766058e-10,-2.8012644026340006e-10,7.395653488000544e-9,2.6826820944196786e-9,5.704426592240954e-9,8.550761117044475e-9,0.038081611353483175,0.12296227763579538,7.341068967341996e-12,1.9657137286501634e-8,-0.0393230518235992
0.0,0.0,0.0,0.0,0.0,0.0,0.0,0.0,0.0,0.0,0.0,0.0,0.0,0.0,0.0,0.0,0.0,0.0,0.0,0.6626429161535281,-0.00046737437507433433,-8.932644810876287e-5,8.427051205214186e-6,-1.445014132285863e-9,2.3881534905837787e-5,-0.014584174750858393,-3.962532361594304e-6,0.00020952497442243043,-0.022101253092442874,-0.0013318789833095528,1.8083976292772833e-8,-2.5141924784673194e-9,0.15093473515677983,0.07813794763396106,-0.0035431353570502255,-0.013293302503858656,-0.011120352486897661,-2.279807852048132e-6,-0.00023458826239863874,-7.079524176507411e-7,0.00011987307811964385,-1.6018366790636338e-5,0.18413849205143512,-0.00021960574267157958,0.040415379186777234,-1.4747934613512136e-10,6.662633116630022e-8,0.1880355652290792,-7.611903364921265e-8,6.776032833996171e-8,8.532738559664675e-5,-0.005335254997135405,0.032640449256065976,-0.0038826663666893866,0.001092817063181989,-8.6362976757733e-5,3.8991374004622876e-8,-0.009865933210135324,-1.698950748360414e-5,0.0008000538017435629,0.0007857938096271208,-0.04105983738925414,-4.458753025399758e-8,-1.1034221994244392e-6,0.0014807816915279718,-4.728677025383527e-9,0.31089178246859417,0.0007107343014030029,8.782732743956519e-9,-1.7298889848192371e-6,-0.0030546016370263493,0.15820497740851963,-0.00019430796831306678,1.49025755374658e-9,-0.0182704063555743,-7.202733738871445e-6,-0.010977587350375163,-0.0023851975024485354,4.1744408198634235e-5,7.866549913392033e-9,0.3107912048772047,-0.011392644824001945,0.00023253073424449016,3.8551194644366635e-5,0.31103308355112835,0.003020391400167002,3.8320410590788414e-8,9.312212097728669e-7,-0.019714211720208583,1.32959893102088e-7,-4.339984702482014e-7,0.11195395323455157,-0.01682125337245705,-3.220660660592219e-6,5.484807824448326e-5,-0.025332201080249948,-7.949636013314444e-7,-1.1804995753055579e-8,-0.013732721838941338,0.0024689804839411657,0.3874759444513459,-0.0023773531593952444,4.625687904780763e-9,0.00021870378487713748,-0.01967958431430229,0.06283491884694392,-0.005924773125924628,-0.00016264725938346715,-0.01765772024403726,8.476291072636541e-5,-1.6823723960097894e-6,1.8509204797931355e-9,-7.841632829434152e-8,0.4526520100141132,1.4107396855045243e-5,-0.0025676140791750283,-2.1120517217490173e-9,0.0008184291464572607,-0.01977538137301641,0.00014021528751958625,0.1726498036500042,-6.827202404812794e-10,0.0005103942340050248,0.0032159607506747666,5.338500569819469e-8,-1.878663250079249e-6,-5.1856963930776635e-5,0.020436867907166624,-2.366092046596536e-5,0.008679661941257561,-4.5325328433496264e-5,-1.2200048545275888e-7,-0.0004210096941348303,-0.004095643838444042,-3.4609260580433975e-9,0.0005093843991652571,2.398441215525396e-7,-4.817836121204273e-6,-0.0020997044505502143,-0.020182974889691205,-8.77115942580345e-6,-2.4352270519208478e-8,0.2534314387960275,-2.577333315797672e-7,-0.0071501645146315445,2.5603845791127638e-5,0.33345746597353787,-0.00017650043966361154,-0.00013388430807331433,0.09788820274292319,0.0002560029684127671,5.32851089980914e-9,-2.290272546539258e-6,-1.6217779835558548e-7,0.11593598342435801,-0.02078673484197064,4.755235359956092e-5,-0.0035186021983960305,0.11118269682591876,-0.014969732262358555,5.5811921279485186e-8,8.337388035584386e-5,-1.536347938306998e-9,4.032214905073356e-10,0.08187624567663555,-0.003655743831971597,-8.089181635944055e-7,1.1940644620432442e-6,0.004230816550584017,-8.00989842752233e-5,-1.1655385072625884e-7,0.001025939490015555,0.45416799874458763,-0.004109042762188813,0.028172504038828722,-1.4560640688684797e-5,-0.011078841212457249,4.6141794762511004e-10,4.045966214083251e-8,0.002212495230553735,7.854114854248321e-5,-1.0240766789690813e-5,-3.200319215064446e-7,0.008535590218168736,0.058438529518855226,-0.00824660288538107,-5.339604703401177e-6,0.3113033121609125,6.026075544532029e-9,0.11421720541107423,0.0003674221329519279,-1.957096444499985e-8,0.1859708659262888,7.875543161652117e-5,-8.852619084946095e-8,-1.2431527096599447e-5,-0.022619368657225664,1.8401259241065946e-6,1.1808814145931909e-7,0.06458128589824472,-0.008046638587333031,-4.092094249638779e-6,4.964399371774126e-5,-0.006094951304313603,0.04070950465840503,-0.00414121845709961,7.54130330247114e-5,-3.2139392745584838e-6,5.124006718625006e-8,-0.0016425773915830309,-0.003429429981917717,9.836802982849545e-10,-0.007924672024541207,0.00013336623768212742,0.07775673701543333,-2.763399023754452e-9,-0.00951885650557701,6.739545288201293e-8,-1.1198647429692649e-7,0.18969055533524914,-0.04051149288834341,0.14633344608834692,9.468152927344104e-5,1.64430816000577e-7,0.0007321530237208971,0.000568343934828818,7.53188069007813e-9,-4.279879254314557e-6,0.009848241483437698,-1.1110085604823705e-7,0.0009312476601462001,-0.004708297587051387,0.0046989695105755964,1.832687394931948e-5,-0.006385720512743292,0.0037063210849061284,-6.513450029784435e-10,-5.254587783384912e-9,0.0935423549593646,-0.012739867867917762,-7.222489590304998e-7,-0.0016559221042487123,3.447913812025066e-8,-0.0010624714188114093,-2.6300971166352127e-9,-9.323968937358193e-5,-1.952515611817024e-6,-0.0004906184721660748,2.1149073824170152e-5,0.04217537732848513,-2.2922652202114142e-8,3.07688826142204e-6,2.791931302496682e-9,0.45550348266417656,-9.690273094982097e-8,-0.0014230760414654948,-5.164646852740478e-6,8.469377109191107e-7,0.4205341977096984,0.007680582949387677,5.945071794463258e-8,0.0003975414876097083,-0.01472062465592788,-0.020465628848310616,0.00036753106216595705,6.942657529475458e-10,0.0006137018843594271,-0.006480465047163919,0.10921632001610447,-0.0003425941245980883,-1.253350894550654e-6,2.3816380575743284e-8,-0.00047033955111431717,0.001527051754500383,0.00034247829226791675,-0.0006115695673427179,2.2220073500429947e-8,0.47049203397394396,0.001184343817810986,-0.023606771213478792,0.07493800183719893,0.00023597812901445444,0.019118216325169714,9.048289441424862e-9,4.7056689393063406e-5,-0.018275340826800126,-0.007919201949994637,-5.250367004233482e-6,-6.610268808187674e-5,-1.7455793295011195e-7,0.19573230106439696,1.4571602244678981e-9,0.040849291014035075,-0.006740031997352851,-5.859465196646742e-6,-0.0030568568769533343,-8.030764671209933e-6,3.0270948317767206e-8,-1.5414579461683625e-6,-0.00024397882709876814,-4.013078863981815e-9,3.744255332704475e-8,-0.017648423971572368,-0.00027326071752343725,0.0001560805519139689,2.0926040770597194e-5,1.0706386393647368e-7,-0.0016654873908059475,0.2142516822267773,0.0795318359237356,2.2238579982650998e-7,2.6980654641375676e-6,1.9750730812524242e-8,-5.816864927678369e-5,1.4179419521721138e-7,0.011633664319582071,0.0001291184269162901,0.009719360054314858,0.3095790564367891,-1.0877922465187228e-9,-7.341388458800881e-5,-0.013450336440594575,-8.171842616465063e-6,0.030742660424641702,-6.400937915771622e-8,0.00042550746211882177,0.2726574599501777,-2.981717527969083e-6,-0.00013160606542167945,-3.728504440133937e-10,-0.026670057494950983,-2.2856598693039662e-5,-0.0015802314216701995,0.000917919221759404,-1.7331908214661259e-6,9.894358326321628e-8,-0.007455732602826146,-0.049009864737813665,-2.760910782646838e-7,0.0010166877343758783,0.30035479578427454,-0.003992216479551204,-0.011183361762084157,4.2743888902673184e-8,-0.012525904137588209,-0.022874831023744834,1.170214364361832e-8,2.5255946510551304e-5,0.15110042177505478,-0.0008997808109151459,-3.778633753332049e-6,-0.017311003400598,0.4422787897606289,-0.0013344739161808567,-0.013312838371600792,0.00017676147920792117,-6.396334509286035e-6,-0.007580513245804467,0.313005469369593,-0.00037089171162007535,-0.007045896565947908,0.013753355601653187,-0.020662959109531358,-6.210298722760542e-6,-1.5715462459333494e-5,-2.2695615060996306e-7,-4.302094973984998e-8,0.37897070620985907,-0.023297440165148495,0.0005347692554379332,0.00011250060627570212,0.0022905155126229904,-6.715694836889142e-7,0.011491720740015308,-0.0009816402550521068,0.2784399903402908,-0.02837486969636904,0.15459063458247582,0.00022232602125012483,0.19947124668960534,4.7782378371698575e-9,0.0018951610879218567,-0.00011159222556998404,-0.008709704226600536,-1.590906393625189e-6,-0.014560274429751222,0.0005730104171615055,1.5856548809717717e-8,-0.009310446694852457,-0.01959671962076889,9.507563017220334e-5,0.00010180195764452695,-9.215780087616285e-5,7.917384831392259e-10,2.1408882053808154e-8,-0.0011538476058311998,6.067337498248824e-8,-3.908062823166648e-9,0.009871803109862515,-0.01166066774248042,0.0022046258650220076,3.0417235851971296e-11,0.22324765331752383,-1.7242826926814877e-9,3.726223095649408e-5,-4.85727719047034e-7,-0.0020648679936080033,-1.4277775693920265e-9,-0.0013590655670311722,0.0005964592398373532,0.0004593576046295494,-0.00018228389051705158,-0.00019159712605444108,-0.00021671764638769638,-5.036013581289144e-7,0.2880500632305678,0.07379072630458257,2.8774306718185957e-6,0.05520051530281015,-0.01757890205355878,0.22213295595970062,-1.1455187317138547e-10,0.012922857514018673,1.3038587808953972e-5,-0.00015300042313372717,0.004030431499044804,2.3364626993054303e-5,0.2255943505121421,1.1444272585594434e-7,-0.00010754847851489181,-0.0005830324851769026,0.0611957547534381,3.5594482292846205e-8,-0.0105115946029416,-2.7784075775852427e-5,2.7469759044130486e-9,0.0003613261320581864,-2.257605840384369e-9,1.785369937283339e-5,-1.6828199270555344e-8,0.21961664663894936,-0.0107937724307332,-0.001979568424115673,-0.005036192402169568,0.0003896482050744185,-4.286187099588992e-5,4.233653469600065e-5,-1.6254703060819598e-6,-0.0006138864286143023,0.11430049879565751,0.038434883774741545,7.962462753286152e-9,-9.323627882866311e-10,-2.1522801650455594e-6,-0.0004178668375559761,0.07541726941083857,4.745807326472387e-6,-0.0011332804818589646,1.2164039709487879e-8,0.5637568953313169,0.05220946702781699,0.08875993961476764,-1.060601987465273e-6,0.0009589701893105633,1.7704075005062658e-8,-0.0016210858817889944,1.5795570138215733e-7,0.0005518352961272622,0.00018089396956521002,-0.0002644256657746514,9.807847929615979e-8,-0.0013748647390703006,-0.001156185072818485,-0.002519445331901126,0.05703603243532715,1.798821108272798e-8,-4.88066858560543e-5,-1.5466340433885525e-6,0.0008517697697808009,-0.008073901549959019,-7.806684601312739e-5,-1.182941545665132e-5,-0.0033786006371562113,-1.9364077518129913e-9,0.00047499396162583294,-0.004292187517553576,-0.017254983320669545,-1.9769766848329422e-7,-2.4870872347505427e-6,0.00870729272463877,0.03939769768927168,0.0006325324380815116,-0.0010779586099066007,-0.010575967211959338,0.027113913441204222,-8.078246542519919e-7,-3.111978777430534e-8,0.0011732956647152414,0.21773383322425827,9.680668700333056e-8,-0.01819742554199981,-0.017753921133261845,-0.02473118149057557,3.699267475976923e-5,0.004055620565700469,-8.462512659761626e-7,1.8643742052963152e-6,-4.992475538134903e-6,0.00012206191725273787,0.0014170359296737085,-6.259002846042642e-5,-0.02041022689697582,5.1329379420860073e-8,7.566182900686383e-9,-0.018912998904196,0.001535528100553948,2.4185226016329414e-9,-3.358669537234518e-7,-3.430455351658286e-8,-1.3354070686909444e-6,2.4175109027967645e-5,0.0006521324756323625,-0.0036915154230636677,-4.797027427765429e-6,0.011860453611027088,3.429981021664177e-6,-5.457287760490268e-8,1.5272263592795105e-7,-4.264945215735816e-6,-0.012794060875757796,-1.1092431617802242e-9,-2.6131587063719952e-8,0.06924037877755904,0.0006765935591683328,0.031177215908757928,-0.0008172678028199575,-2.488522877151354e-7,-3.242426636591342e-5,-6.470591761819326e-8,-0.014509230534579096,2.640374646397034e-8,0.33013548081937494,0.4964426659313416,3.825081238563061e-8,-0.009608053833711563,2.798519253309968e-7,5.059435673539076e-8,-6.162339271495158e-7,0.00011995624249726179,-2.3490970148273526e-6,-0.022223361146586525,-0.012106463109073682,6.293662005987164e-8,6.9581083304975205e-9,7.23231993108979e-6,3.942859209326752e-8,-0.005187684321010281,-0.0037203378115274834,-3.63595531277521e-10,-0.01194259475927036,-0.009857662605185084,1.3797980484778685e-8,-0.0003297941087984203,-0.014320507189590386,-3.7068438578586593e-6,4.4333856127311395e-5,-0.0003436730913548521,0.4690912705824476,0.00017860770864950174,3.4339440013465973e-10,0.0015625436221201466,-0.015862940512035757,-1.1142185939750925e-8,-0.03873943425572509,3.473635716442985e-5,0.09268127846949496,-0.004875394248622132,-0.008617554586746071,1.665062327990784e-5,-1.378547314322669e-6,1.7703861146235944e-5,0.09596779554526966,0.18976396975744694,-7.45896114018459e-6,-5.075351521392987e-6,-2.014829286238203e-7,0.00030806971246904725,0.008111762274025444,1.9605561426866936e-10,4.1537393509251844e-8,5.5596798297567496e-5,4.686952434557332e-10,-1.6713807530756743e-6,0.0003245734202092699,0.0005578215812652301,6.114512479978007e-5,-1.9725010290689645e-5,-0.013343127262814409,-0.005492550662620683,-4.200268199969293e-9,-0.00010146225305967978,0.0004729865589704293,-0.0052519424343461475,0.23342827616948625,0.23891080211931845,1.1274782923904728e-8,-9.991309521098916e-10,-4.528103521184847e-5,0.0010631385642679947,0.0003578102991605142,0.0010572346038566376,-1.254537212960701e-7,-1.097147338630351e-6,0.5382692945957024,0.08519920875066633,3.505699525345384e-5,0.22212365732241163,0.14623354567223715,-1.3027761464527954e-6,6.330378002052095e-6,2.800705680200734e-5,-0.007390263990157694,-0.01332864852403964,0.1362333267914853,5.982313827524072e-6,-6.3661259535791905e-6,3.773713395613072e-5,0.001081854441606124,1.090424045661078e-10,0.01476491123798544,-1.801293074794457e-8,0.10602288872547831,-1.8106330894453265e-7,-9.20512614837673e-10,0.08563501428497222,-0.0006470872364571718,0.24463158153206027,0.21399388841279093,-0.00832578219821775,-0.024830952114698136,-4.022776030642226e-7,-0.002393509448567077,-0.006126894202983853,0.00010420722415532111,0.08079986503749269,0.013732085887176802,-0.0010913958004717525,0.23659931149050228,-1.2070641323493593e-5,-0.023870542921624514,1.2260963948846524e-7,-0.00016847132636573588,0.00012584155999317224,2.051826216059212e-8,0.0020119420559754617,0.0007952884172645436,-0.01965724279927969,8.988255262710565e-9,2.68218716625018e-7,-0.0030005489872086083,0.004783829746548623,-7.3971624964736765e-6,3.271752560749752e-8,2.8803439343798842e-8,-1.2088730449601848e-5,0.00017103370230016102,-0.0007505333605897997,-0.0037998110567360483,-0.0392095837969901,9.83155489039217e-10,-0.014391802507412876,9.42383965212725e-6,0.00020509870726641437,-0.016753252781836248,-0.024143265237376373,-2.228297114782966e-6,0.00031549291203912473,0.019579144185481713,-0.004991143412198716,-4.2809174390453567e-7,-0.0019370911653335571,0.17156975717002687,-1.2392169436038448e-6,2.001788599677998e-5,0.00042823155150249054,2.1044984837980935e-5,2.5162362561167216e-8,0.5445014533410508,-0.0001551605444043668,0.00041924117071674336,-0.020940070251492585,-0.02146144917698543,0.0008888798392605765,9.183325998085624e-6,1.0583915363935029e-7,1.9784282408951902e-8,0.09450477257014592,0.09009485834282328,0.18550616382208984,0.0001286965279519211,5.457548640199694e-8,-0.009499186264388336,3.251930468011415e-8,-3.607762599597997e-5,-2.259035780769456e-6,-2.2558424255565006e-8,0.08924784675345764,-2.537683804717521e-6,0.20838323062853703,-0.014715880137997697,0.019441043789909424,2.985379669026003e-9,-0.006847166536490755,-0.0027482323531201913,0.2301004698505609,0.0010261114120164144,-0.0017256652435772297,0.00032521240181301896,-0.001160663302263485,2.4163839402943382e-9,-2.7551385831729494e-9,-6.161025479194806e-10,0.476130809837186,1.5832138173260493e-9,0.030140005632067254,0.0570737161994398,0.5849410204700922,-0.0011476821664608728,-0.004525218506918456,0.016985918843741246,-3.273795211090203e-9,0.1863453548918628,0.3781898249420197,-0.009796891051706006,-0.0017153777828153726,-0.00528188361133464,-0.0026391287619718777,2.9504649591985885e-9,0.16830586309986456,-7.3632012989570205e-6,-0.011005615095228318,0.002148153119383742,0.00010911318925419359,2.3082694482529484e-7,0.032766954535656666,5.8530166193443456e-9,0.06320388314301331,-0.011201392964445396,-2.727600487388056e-6,-0.000710851820589854,6.820234128585432e-5,0.23228577341323955,-0.0006534442272069232,-0.0002589373227379616,7.898037255269501e-9,0.00034309530157521144,0.01992086294111387,-5.119827084229225e-6,-0.001430614937519072,1.622204175611488e-8,0.0026155239308426623,-0.016129783057901758,0.0013578459047177871,-6.803624121425085e-7,8.110296163185037e-7,-1.7058710608128867e-5,0.0001533255006395343,0.001262700602625025,-1.2091053548971395e-9,1.2200041954380746e-8,-0.020143214773333966,0.1054146446118786,1.913937743395808e-7,-0.0005425838245618105,0.0011169224353443242,0.10276332751888347,0.35923808263112883,-3.2287915628714374e-9,4.024366442473053e-9,-0.024028792253709685,0.29417570990934216,-0.0020972775424211,-1.5605795307572377e-6,-0.0022268221975930303,0.18578800111541824,0.000293888055482317,-3.3331435811293474e-6,2.2588725851857057e-6,-0.0013048269562110813,-0.031309713018135385,0.2581331310443301,0.3884225723235464,0.2811901991300797,0.33127269577261054,1.2357986457551294e-7,9.865708278098395e-8,0.0005362866434469377,-0.0031653357194180278,-1.0108494037343084e-9
0.0,0.0,0.0,0.0,0.0,0.0,0.0,0.0,0.0,0.0,0.0,0.0,0.0,0.0,0.0,0.0,0.0,0.0,0.0,0.0,0.6625468462711297,-4.678903368366249e-7,8.287639056662205e-9,-2.4198369184060487e-12,-0.04334584688127822,-4.483744869210313e-6,2.4397132939346306e-9,1.4628833466458336e-7,5.884873136578061e-5,0.002743798177551843,5.37614400089417e-12,-2.591805076716102e-12,0.0003120380978270415,-0.006339289634007919,-1.5997214383877869e-6,-6.486935068351154e-6,0.0007237670812663496,-5.245468753831109e-10,-1.1213359945729294e-6,5.358843043433078e-10,0.27642249912713623,1.6541927439396035e-8,0.0001833701323090756,-3.4536811439265537e-7,-0.00041106485616437284,-9.609024893791676e-14,1.3415692117482905e-10,0.0001654004617839232,-4.526110168798032e-11,-5.1321473450568544e-11,-1.4306537056798698e-8,0.15034543999529695,-0.01613537997300332,-2.209351592561339e-6,-0.040977635140706174,-7.580134732769271e-8,2.8927644229242574e-11,-8.60318618040574e-6,2.7684465111759652e-8,-4.70373778943998e-7,0.18858036584289467,-0.0017511336013546657,-7.803263190438421e-11,-1.321104871115111e-9,-0.03242296868366187,2.188886875174323e-12,-8.608722351352384e-5,0.25455594366270773,-6.674602369712271e-13,1.599908995891498e-9,-0.010839171616737713,0.00016200982199085026,0.40625145547370156,2.529458879609239e-12,0.025989037258896563,1.403072408008738e-9,-3.9145368744068885e-6,-1.921618574530401e-6,7.489446274772897e-9,-2.389959802078258e-11,-0.005158041113614711,1.2068482041741029e-5,2.0805511240866886e-7,-3.566300986662799e-8,8.305455284757129e-5,3.332551873156412e-5,-2.0084574779431428e-11,1.1848488880603712e-9,0.0003490153078596051,1.0053439019529294e-10,3.3471865751041687e-10,-0.0004794701669115876,-4.039751523257106e-5,2.4103181376132985e-9,4.310274310700971e-8,-2.2313295156510016e-5,-1.5184431027667543e-10,-2.150818952904535e-11,-0.0011478212366790432,-0.014051973473821021,0.0003866865806462204,0.3755501535573895,7.786257346957634e-12,0.02528898834917556,0.00012755772174120967,4.4955258685603285e-5,-2.1126583009292977e-6,0.05332642770018631,0.0006863656189777275,-3.962603640500319e-7,-7.778520434434272e-10,-6.47047846214809e-13,5.0778640695657236e-11,-0.0006094195331730672,5.233796659165486e-9,-1.677377445563818e-6,-6.619782459368109e-12,0.19536506132063233,-0.0032608164900062614,-2.0269004790969937e-7,0.000343996414855661,-1.826613285555888e-12,-8.612455100191894e-7,0.005447970977973676,3.144298598120095e-11,-3.647386266035996e-11,1.9483457559566853e-9,1.7916881263043594e-5,4.6302650367649776e-8,-0.000785612305545791,0.12767628124201494,3.0275248312024195e-10,-4.736741107583761e-7,0.008009943714241177,-6.0391549386020936e-12,3.4334430221771525e-7,1.6664606568075404e-10,-3.642727136005354e-9,-2.253003601023299e-6,2.063025982104441e-5,1.0029854725597694e-8,2.411262099922294e-12,-0.0026418627849360554,-4.6295172425724756e-10,6.949488678137518e-7,-2.6561562779055032e-8,0.00026967561112661484,0.27867566324664544,-0.016944009468804984,-0.014034086512100882,-1.1253097712381317e-7,4.303731962081164e-12,-1.7416426793607403e-9,1.8636654697817756e-9,1.1198851603861936e-5,-1.2228957921880577e-5,4.958275759806376e-8,-1.3678138820051644e-6,9.759443135840032e-5,-0.006923309696776072,4.952701999337208e-11,0.04303510678326335,-2.2270333456419997e-12,9.710907043044165e-13,-0.0013162110272646283,-3.3415449263842737e-6,2.3997095037496877e-10,8.263937628954879e-9,-0.029608325386648895,0.44515430676768886,8.558683602123362e-11,-0.034582063964757714,0.00027501068256155275,0.014800501125193684,-0.0019384778495105386,1.5562203603763823e-8,4.4800188882367535e-6,1.920855334253564e-12,1.3156384486301937e-11,0.020737617591823822,-1.2403513979412003e-8,1.4021951027151624e-8,-1.1276128339374656e-10,8.849888161365176e-6,0.0003280420700302382,-4.192968543203404e-6,-6.502490318675309e-10,0.00037268177044781555,-9.611872551082322e-12,-5.663663074087886e-5,1.6595863796140933e-7,-1.659646551910027e-11,-0.004289192422693072,-1.5770199158018534e-7,2.871098216377071e-10,0.5180377391541241,-9.831220002482262e-6,1.8309903299989393e-9,4.043938346415756e-11,-0.0018812489457274812,0.03235974827036194,1.850122308598381e-9,-2.005084516674298e-8,-4.014694306522406e-6,0.00010348991150569441,3.2596665074391087e-6,-0.06663009390979861,6.857724943154412e-9,6.4217506854119976e-12,-1.1123392248314134e-6,-0.009491606873682692,7.869985769022405e-13,4.667081006480077e-5,-1.2474392737398885e-6,1.2362101137986628e-5,-5.2589111108951e-12,-7.697333903432887e-6,5.1740393951829985e-11,1.2341074422973086e-10,9.649360493174037e-5,-0.00010758481257102329,0.00010532332072169853,6.401303098153543e-8,3.0832212839728925e-11,-0.05433527207823261,-0.05094178997011504,-1.2947437178424832e-11,-1.3732853004518551e-9,-9.101186769444256e-5,-9.076002342282302e-11,0.06668084376934134,-2.19757561986707e-6,-0.017929712683893796,-1.4736076882138343e-8,-1.93608632999982e-6,-0.0032303325324838737,-1.032851281364683e-12,2.7658264748868404e-12,8.26199777712786e-5,3.215401728141383e-5,-1.648433827645715e-10,0.19888131660584646,8.737798357584452e-11,-1.1252015833150736e-6,2.6995395408961477e-12,0.33813290488786474,1.269656430275917e-9,-0.024930991975642487,1.8158515721563838e-8,0.00016668727863012887,-4.144083190393691e-11,3.4243886632333558e-9,1.2965159416345487e-12,-0.002221833590198663,1.2355557394856488e-10,-0.03811711050820944,1.1869262238157052e-8,2.8021430135811097e-9,-0.00019801049462879158,-0.00013460670301068922,8.2340316267661e-11,-3.2424266760593654e-7,1.7366482798135255e-6,5.197794504716283e-6,0.35490426081511117,-1.574045875992917e-12,-0.014430419098468771,0.15783957843381588,-0.013301919573106615,-1.6085960290649598e-8,1.92205815106813e-10,2.0994473113110064e-11,-8.383461537432428e-7,0.10034952013271546,0.11481380087763361,-6.539768991742842e-7,2.108735654322272e-12,-0.00026463937331349123,-7.418330562957534e-7,0.00841331514428508,6.338065053781428e-5,1.4217250397606794e-7,-0.0033743239395343802,1.6703678766481902e-12,2.074895442914232e-9,-1.5913183361991486e-5,0.0009959277421723164,3.8591631514597685e-9,0.2863920218927814,8.655707552546599e-11,-0.00047361885356274797,-1.4199973651162518e-11,-0.012728919776755974,-0.0020454103198510156,3.432195935870412e-9,-1.2147935374461477e-6,3.733569128450959e-9,-5.444800330461176e-12,4.428340850898889e-10,0.3004371661591409,-2.614691953466993e-13,2.2809418866497922e-11,-4.223860709059001e-6,0.5775680875045146,-4.4938355842414276e-7,8.702568988110429e-9,1.0757736003303685e-9,-1.6793476624439487e-6,0.0002736990397266311,7.726461085603219e-5,2.163680532918488e-10,2.5796462080654355e-8,1.6268207432767715e-11,-0.03335216458074021,1.8694024839569013e-10,1.2489276195084558e-5,1.0491820367815718e-7,0.0016509345697669775,0.0002851412520370541,-1.7243270973720118e-12,-2.0440053301175013e-7,-8.180653218999033e-6,-1.3342612466552066e-9,-0.005142600283039498,-1.0771979492709539e-10,-8.70258514740382e-7,0.00020280761293759914,7.535786912604721e-10,0.01469585907048908,-1.7381137649545766e-12,0.00044675431090486213,2.1753059737486724e-8,-1.4468674715372445e-6,-0.04384828721397492,1.6176009143273056e-9,9.324919979356497e-11,-4.089264182925895e-6,-0.0009756575153095087,7.88556466853277e-10,0.11649145250217305,0.0003023088468631868,2.1038448111401567e-7,-9.246359843106224e-6,2.503894360438076e-11,0.03502149322411855,-2.0341386987701653e-5,-2.5776793836856332e-11,-2.3966013167883963e-9,-0.00044978655052842664,0.5941836938434505,4.041445112980641e-10,5.631122134872184e-6,-0.0010835965634594996,0.03444473466143628,-2.2694870233012895e-5,3.186085279346391e-8,8.773330213374293e-12,8.480855718383624e-5,0.00023156435645258123,-1.4386020664940137e-7,-0.006311423276441592,-0.021851834860321127,-0.0036188433474293354,4.840206555484539e-9,1.3788202794830283e-8,1.2658373152753387e-10,-6.421999229048334e-11,0.000258169945663863,4.8515888543628264e-6,0.06449894997221554,-1.0139642106559992e-7,-0.0037893428132788664,-2.9173685851416844e-10,-0.03378097423680418,-8.092735710257196e-7,-0.00017825203667337102,-0.0009859749669562275,-0.0017486050274358855,0.23935698522819726,0.00018457094834650222,3.936169118903929e-12,-0.02678837226701049,0.2863510956287483,-7.100725084370852e-7,-1.5248789112607594e-9,2.6815755803139953e-5,-6.565810914210691e-7,-9.59316295666002e-14,-3.1822743307322886e-6,3.424373266087746e-5,-2.3118963863965064e-5,-6.447341977474364e-8,-1.688199618829928e-7,4.21853507137387e-12,-2.0146970754325225e-11,-7.61187306146355e-7,5.353032360562967e-11,-1.7455892503787702e-12,-0.00030464972390355227,0.06962729119781391,0.010545817853375756,2.7403668825010496e-13,-0.005636375332952225,-5.31319580392107e-12,0.46176863233723076,2.6401373296323746e-10,-1.9783085005529987e-6,-2.53259687980365e-12,-7.522645487570413e-7,-0.03620824324651402,0.12752328347931707,0.46802140826354,0.20329360600536645,0.6153535469096408,5.228196270505029e-10,-0.002047420764443063,-0.001055027204031639,-1.6662916402503744e-7,-6.509440996569031e-5,0.00017931655944656598,0.00015358190758469391,-1.0681810703984884e-12,-2.890958410584977e-5,-4.006295420847138e-9,-1.9430174678118796e-7,-0.01382039619203866,2.0272443001839114e-8,-0.00042211833384940724,1.9573847848515107e-10,-0.03464700370580112,0.520165665617526,0.0003385597153598306,-2.4056651457182057e-11,-0.015668213784111474,3.1381169841134394e-8,-4.702287260165221e-12,0.30529765225271516,-8.265147230242252e-12,2.5385734678391163e-8,-2.6731636909384344e-11,0.0001869925541809435,-0.005436281707234648,0.011937972407876165,-3.105555339436241e-6,-0.03948825069186032,-1.3264395007742479e-8,-0.06313402582459747,-1.7588467464187515e-9,0.07188272299600883,-0.004419443553629271,-0.00027190923930200115,8.598081256977238e-12,8.412206723725786e-15,-3.27306201076512e-11,-7.68488442753965e-7,0.00014954619932440358,2.8967251266357934e-9,0.1844130302430712,1.169025972921391e-11,0.00034466011858307754,-0.011074483858195632,-0.0009874555483271096,-1.0463977964547551e-9,0.0696198034977734,9.544111492636169e-12,-1.0891764427424072e-6,6.19610673397223e-11,0.06442639979260167,0.4235420451852056,0.4034612696142185,5.749489211703525e-11,-0.00562409531073008,0.007377429109042667,0.04947599124420898,-0.005384396655705422,1.3150570368218024e-11,-4.988733632316921e-8,4.2806302398512926e-10,0.09393848475614805,0.087624762974381,0.18827227650887024,-1.429910227671161e-7,0.010973447436153834,-3.2571479787918967e-12,-2.5515056247989285e-7,-2.3751573583456863e-6,0.0008052648357309736,8.717916904897534e-11,6.532941086716182e-10,-0.003294276648412503,-0.023591917020985505,4.239119956026732e-7,-1.0669559850439227e-6,-7.2179802619484495e-6,5.694817539664904e-5,2.618432132410687e-11,-1.9957421343277613e-10,-0.027645858816639463,-0.007822371402715227,6.615742796490593e-11,-1.1895089635180978e-5,-0.005878133840136477,-2.239041032007102e-5,-6.85982710730049e-8,1.3974115613365607e-5,3.458503487242275e-10,-1.2824132862054303e-8,6.142823924476197e-9,7.392220880090027e-8,-0.0404801579804457,-1.6893752929765427e-7,3.912399534065642e-5,-8.534668351089658e-11,3.291568049914161e-12,1.4251804329848193e-6,0.08957521658672943,2.8154898426209734e-12,3.099888989925886e-10,-5.897551813208722e-11,-1.3323496357769492e-10,4.241965331359277e-8,0.0666740770526419,-0.0012069402918186759,1.06973296837143e-8,1.385043195005989e-5,5.218424329076742e-9,-5.319367216504525e-11,1.2807946206228703e-10,-1.0643601019088647e-9,-4.1300945496560136e-6,-3.4047878162464e-12,1.8733189923176918e-11,7.967997269555505e-5,0.2890205739205323,2.61338505955034e-5,-1.3228044202542873e-6,4.135306051439259e-12,3.589568280775626e-8,-4.1003155043340095e-11,-6.305545524017027e-6,-7.229170953869608e-12,0.0004194173053125558,0.00038207078941233534,2.5679994470768517e-10,-2.387833732590595e-7,3.927339086130649e-10,2.6461666049278213e-11,-8.426341034992767e-10,-0.0360862113019281,1.1380733822375191e-11,-1.830702323722904e-5,-9.616817819787601e-6,-3.111428966559104e-11,-6.522391257539959e-12,8.252948696144951e-9,3.193915283098767e-11,-1.9671952640903345e-6,0.27107837930897793,5.030580344032898e-13,0.0034256827167094303,0.002079022696952638,-8.048489022248983e-12,0.5271583014414917,-1.1463383208589627e-5,1.766132688707873e-9,3.2247687701551295e-8,0.5915062365835057,6.4323310174819825e-6,-6.250172936470645e-7,-1.6086971457957572e-11,0.10207223869418258,-0.0014961171835404588,-1.9911545758533238e-11,-0.0003779166568674313,1.355043296351175e-8,-0.0001208895577322519,-4.205899225545799e-6,-1.2769501166899012e-6,-1.3732324405214533e-8,9.39696532775912e-10,1.6293018797072848e-8,-0.003610479914294864,7.505315688706188e-5,4.626650851287763e-9,4.454135138538358e-9,2.1353788625263694e-10,-0.07700872031406898,-4.332223475211037e-5,-1.445311475028647e-12,3.5730696701007655e-11,-1.594448603607765e-7,4.71381699086976e-13,9.535325939643777e-10,2.3181140010740638e-7,3.7228740435688644e-7,-1.0868244970279265e-8,-3.326585188533719e-8,7.907605047313579e-5,-4.533610217604581e-6,2.4057536168433517e-12,0.059162957292460086,-1.0811165666494094e-6,-3.917637956863969e-6,0.00017217633660447998,5.294246297394163e-5,6.611940478236741e-12,-1.7056106737409114e-12,0.26503915384361515,0.19481539145118093,-0.054956980711968716,-6.451245260082864e-7,-8.034876836549152e-11,-5.005810045836562e-10,0.0002558317047332039,6.834206745811377e-5,0.21070622152544358,0.00017915982545760645,-0.00016088374229515558,-2.5876677730162347e-10,0.05683109109196462,2.8389940453956262e-8,-2.960963126082747e-6,-3.004277958506324e-6,-0.0002565896883614591,5.1229033953926325e-9,3.5595805988543185e-9,2.940219914083767e-8,0.002280523914887502,-8.510017749519686e-13,0.00034950923462276806,1.3698556550463774e-10,-0.009482564224307483,-8.101847954137746e-11,-1.9597276388999305e-12,-0.002015431796844629,-6.126940234217365e-7,0.00022656063527566473,-0.0004576324475294465,1.3286316404538306e-6,-1.5749350646114362e-5,4.817955719918935e-10,0.27285982826934596,0.034918807295876264,6.335611099970499e-8,-0.00019452485853940093,-0.02590139519066192,-5.694238141130322e-7,0.00039790783105015434,2.1261649470447687e-8,9.866462797151725e-6,1.281536101900914e-10,-2.69966876802721e-7,0.3849437580122562,-1.0797261881193705e-11,-0.0048550201156992824,-0.058535740129277085,-4.92887304675306e-6,-1.4332901378764458e-11,1.935472858238225e-10,0.009392070941643725,-0.010787579177568994,3.1262175763151163e-9,1.835976904396301e-11,9.949612921776094e-11,1.6516739772355073e-8,-4.113822539269812e-7,-0.026627590124899243,-2.8719016490437115e-6,-0.0002391553404868819,1.8927634240020337e-12,-1.2115877703648915e-5,1.1489526190614086e-8,-1.4214642122691306e-7,-0.0005511773109170701,2.0200502329662827e-5,1.5457325893770107e-9,-1.851336829079097e-7,0.00014176362510457752,1.2893059141835311e-5,-7.36555583502541e-11,0.12064861593439556,-0.002501708246809449,2.0883399833796965e-10,2.9338686997283282e-8,3.420088075535782e-7,-7.761588309893869e-8,-9.671999603025999e-13,0.00010387765450120957,-3.1957552913068224e-7,-0.04928043525459787,-0.004694205879625716,9.755634853179254e-5,0.0819553227455437,-6.051434566858146e-10,3.7961885431050893e-11,1.0017929133599624e-11,-0.0020873991466340883,7.706200367714464e-5,0.00026272479531419025,-0.04935674855121116,-8.415782763514377e-11,-6.650208520043246e-6,1.4709632551684815e-11,3.4805415117207684e-8,1.3453574489841938e-10,-2.289819250206003e-11,-0.010965143179025257,-1.3886029144220268e-9,0.00023343785753069133,0.00015781849639574298,-0.01673716368927426,-5.296913727811961e-12,0.08365777219969436,-1.581629016107688e-6,0.00011694210886003427,0.07045835030614904,-0.005248952758627774,1.9244089492912059e-7,-9.759367434540707e-7,3.046932367240325e-12,-9.975065339556289e-13,-8.833284384506017e-13,0.00039814772533614136,2.227799738312586e-12,6.163877061699834e-5,-0.0008586427750967545,-0.00048460086291013903,-0.01637587937786266,-1.3692223940847794e-6,-0.011874975292333686,-2.1326454061775423e-12,0.0001458965240537499,0.00025638292396637665,-3.536887704390158e-6,0.005007911964083967,-0.004104349165958656,-0.005601198111700662,2.9286110021585336e-12,-0.0012562395655537995,1.0348896688796799e-8,4.665778317284574e-6,-0.0186545855461556,7.999828911223401e-8,5.528793138466253e-10,2.6030640348670773e-5,-1.6807747000141233e-12,4.998413797626704e-5,-0.002704142830431978,1.7725760648919124e-9,-7.789962975289838e-7,-8.030054227749726e-9,-0.001723385651204709,-3.7744405769203695e-7,0.4105596493572523,1.732770386616733e-11,2.0746975264865001e-7,7.447988869096034e-5,-3.820408834852378e-10,0.023615288542326824,2.215563565136671e-10,-0.008090713674353165,0.005929488701899934,-0.037167004870250826,-1.6463597662474898e-10,3.0848437394453564e-9,-5.897880056718719e-7,-1.2983462755487136e-8,0.03627848273847772,1.0103697507915118e-9,-4.619606906322528e-12,-6.627233198078806e-6,0.00030538010629388673,7.664899760246726e-11,-4.055635912220651e-7,-7.138235434787572e-7,-0.0005697469953550579,-0.0002768107126268219,-3.620619456721976e-12,3.722302415165323e-13,0.0007506715179498182,0.00016739135949609676,-1.950623330962527e-6,1.4904054662510538e-9,-1.084736944862883e-6,-0.006961387051516688,-1.145683909775562e-6,6.266358476593108e-9,1.2234781367551642e-8,0.4038492828250613,0.00015526415463742172,0.0002351627044974356,0.0004155171340016968,0.00023988309039583866,8.36458775972783e-5,6.692446847292397e-11,5.1947388248368976e-11,-0.023551392390733596,-4.187045328348096e-7,-1.6578782155124185e-12
0.0,0.0,0.0,0.0,0.0,0.0,0.0,0.0,0.0,0.0,0.0,0.0,0.0,0.0,0.0,0.0,0.0,0.0,0.0,0.0,0.0,0.6573374001999713,-0.020072087181698037,5.668703909740541e-6,1.5705567863323185e-7,0.051061059161817114,-0.002832557237859719,0.030232091715769877,-0.012575820583799613,-1.1875114147757646e-6,5.858646906495329e-5,-3.189782982409858e-6,1.666211455944357e-5,0.00015420104117119143,-0.013588638579298802,-0.02489915783333916,-1.2720497699256533e-5,-0.011693277065418239,0.07989343437137554,-6.705262584827308e-5,1.271546261652269e-6,-0.009222157899954782,0.0008585661075173405,0.21950570108675396,-0.0012905528016155623,-5.7764122166389954e-6,0.00022131574569247476,-0.0014645758031336731,-0.0001275386481706728,0.00017950797301126705,0.022563187051005636,-1.704599277607578e-5,-1.9574502710452272e-5,0.16248670364623008,1.0077989483512076e-7,0.24817981829430377,6.06871316029511e-6,0.02234126371931979,-0.012599437234704178,0.19509312205154786,-1.5575886793907562e-6,1.8672989670151958e-6,0.000457409384445875,0.000688922603169019,-9.464752374511772e-6,-1.8246448601786644e-6,0.0003199633126146802,1.612778246979536e-6,2.7623352373415487e-6,-0.04438145869577009,6.037256399983268e-7,-4.098049239256741e-5,3.0058843098034565e-7,-1.9515934820434246e-5,-2.7890383783690522e-5,-0.012784330747535825,0.04720932875207134,0.2481291486762888,0.06311683607633968,-1.3218306819512467e-5,8.084791838291521e-5,-0.03464233945780612,0.2437542313537144,0.13449293732270878,-0.00038903830179818873,0.006905408655335173,3.592823952397338e-5,-0.005005635373727801,6.581658749472119e-7,9.325318079397083e-5,-0.0010270172642136612,3.139815725896469e-5,-0.007238420849803389,-0.0010995758025847521,-0.028383350376488776,0.002565393109506,-0.0058227902002402415,0.00011186494797584379,0.0001318181240214541,1.9956816577597413e-7,-0.00030132708272304797,-3.744102179584093e-6,-1.8025449052075744e-7,2.708722441191214e-7,-0.004651674059788602,-0.0004249138098637766,0.17281063470383856,-7.53638531497295e-6,-1.2895536730168976e-6,0.08812294644795414,-0.003599542287155407,5.886991621468745e-6,-0.0007872019508777086,-2.8255085605039618e-6,0.00020545683551381614,-0.027036806224172018,-6.8248529740066166e-6,3.902438591847192e-6,1.2161550615051855e-6,0.4265281787416672,-2.1945160663198664e-5,2.304358489050396e-6,0.36540888254867704,-5.459307090101516e-6,5.6087427821237685e-5,-0.018057437098089914,0.06796488955991174,-0.006209750562368293,-0.01959392973132578,0.0003458096019904341,6.267746233281545e-7,0.00011353919787981434,0.3354946351958409,-4.929856030142321e-5,2.4311430979782188e-5,0.0950152000042156,0.000172924696796151,0.01069310048724196,0.005309798241402973,-0.004975239089839931,-0.004787721655402147,0.0004562182635232317,1.987102728302925e-5,0.0005015233755235861,0.006666836163656279,0.2417247865461935,0.0002551158869407102,-3.524768278873618e-6,2.3268794874855136e-7,2.930490606425931e-5,0.08415402785669293,-2.6988925081898222e-6,-5.356774279919545e-5,-0.008343069731447534,-0.0009979988924994846,-0.016809362567509614,0.006127280122138795,0.10354339808435042,0.0011087776078561671,-2.046214576824315e-6,2.0873000885138606e-5,-1.977690725698029e-7,-1.6866484109049104e-6,-1.1723923338760616e-5,-0.00017236069741654084,0.06927041478067172,8.515238659989701e-5,-0.03391154792914445,-1.362414573272521e-5,1.6002936874322305e-7,0.00014908601323006075,3.105610516976407e-8,-2.6715765652427724e-5,-1.8938063808993277e-5,-4.512652561076247e-6,-0.007373269801526238,0.007926028670618255,-1.1071979018986127e-6,2.083244805469606e-5,-1.3293307463689267e-6,0.3880123516721992,0.0163150766117821,-0.0016650864352727923,0.001959884197716848,3.449540329874399e-6,0.031040517182253966,-0.02923454348607025,-6.558977100471508e-5,0.00029603605220158253,0.0003525204276264374,0.11665978996933751,4.009675695028509e-5,0.00015660257358619519,0.18583851115149916,0.00015387449937560388,1.5277815323198961e-6,-0.003780588584646213,0.0020019836671827844,9.539799601981614e-5,0.0002383672703922847,-1.5721153216623834e-5,-0.0010187486445040034,0.15379462910597747,0.06863888495223905,0.0009009512672277696,-0.04139887590908982,1.3003465159587687e-7,-0.015999064053375443,2.422276852299804e-5,0.3798584982910966,5.082511772558903e-5,-4.201900876240065e-6,-3.6240710382588435e-6,0.06060845408190147,-0.0011063977058845358,2.1343244127942514e-5,-0.0046745688240779825,1.437600863315116e-5,-0.0024858505721965683,6.452932409424723e-5,3.4896385645597555e-7,-0.001581813059893738,0.003625804806852422,0.0003566210044415773,-2.5760706825979715e-8,1.1490510199390434e-7,-3.06087874308463e-6,-0.009106718943279678,-0.0012820658561537687,4.452382574523532e-5,-5.6054312255717494e-8,0.15854730821188193,-3.254511721537762e-5,0.214984444637936,0.0027839392553116434,-2.5920872068244775e-5,-1.8218622453030936e-6,-2.2662953033150283e-6,-0.0011977111346304812,-0.004330941021107452,-0.003747643424473829,-1.5828314526429394e-6,6.658041284919922e-5,0.15212146534696022,-7.903397654566953e-7,6.634758004512889e-7,-0.0005980687780687474,3.3001525033860493e-7,-0.044511412747241526,-0.0008890703220280531,0.00023312198084275568,-0.011376344036513202,-1.9328618389171207e-6,0.00012371263850949433,2.9990793651398967e-5,-9.311378825647378e-6,-0.005169071100974939,-0.026969550303476846,8.523812937029072e-6,-0.0032719651871474602,-0.0001042342759372155,0.13870780309084704,0.018049616709287106,-0.023453939692284043,2.216205844739777e-6,-4.0182271424674175e-8,3.714877737646005e-7,-1.1701227618448268e-5,-6.8778891288374236e-6,0.15003078319666976,-0.00270186223068205,-1.2489477653774572e-5,0.4857436297939627,5.308500141375333e-7,-4.867495599663915e-7,0.4197026220905895,1.2032199234290803e-5,0.00031321050078884373,0.13932471820278794,-2.18444309276804e-5,0.002366713583949878,0.0997932750767001,-1.1088502307134573e-6,2.4161840632285178e-5,0.009877207077314593,0.007293254465052817,-5.980745585095531e-7,-0.007170750859357338,-3.99650783927471e-6,-0.0008362435901229551,-0.0005190290808814045,-1.0533877139701952e-5,7.913764200829722e-5,3.338763017869053e-7,-0.0021628290182498003,-0.023959503228240774,0.06368290526622504,8.09435073183342e-5,-5.646485036911199e-5,6.0515825898770765e-9,-2.7508395620074057e-6,0.00010340942416793976,0.03096733774837378,2.9508917801043424e-7,0.4316329558676013,-0.007287912933095257,-0.01183535318582682,0.1682422259115551,1.0641029920757527e-5,-8.096962692911376e-5,-2.3109467303116428e-5,-0.008391862747343107,4.1687445347878384e-6,1.9741149560026963e-7,0.0002098431701758076,-0.0026748003668612946,0.10482664323083259,-4.062461388125171e-5,-0.0006814105392790559,1.2269073845148363e-6,0.15399516202865815,0.009548255552125386,-0.020668698614190063,0.00021047024703283552,0.0006276963814896823,0.14196820379750222,0.0005928479655031518,-0.0007637816150066797,-1.1017715824804026e-6,1.0407217628118955e-6,-1.7412691885123662e-6,0.013662521824965185,0.045533443342071614,1.617158435995209e-7,-0.019589455825287223,0.00015380202857586062,-0.026577993778901503,2.2624751770379327e-6,-0.00416044301575033,-1.2434045704496903e-6,-0.00021600533927270944,0.06302289558833768,-0.005068326330750694,2.3556656309546433e-5,-3.977205068676507e-5,-0.011617826883757044,-1.1588224573419961e-5,0.02638770402334196,-0.00010502846928540831,-8.363177688788984e-7,-0.006462932778268532,0.024150925534280974,0.00019352302603414714,-2.0125814554161685e-5,-0.00648408239581776,0.19526962367922926,-0.037425260852334906,-0.0033698445509467256,0.00014276389137918226,0.3019344055680652,8.146486067422105e-7,1.6160695257887277e-5,-3.3328332745615323e-6,-0.002846996423018037,-0.007561391490326247,0.00027865478060922427,0.0003380450458013181,-0.0006462960037328546,0.0017431128512740155,2.5650383464153295e-7,0.04901332391676011,1.784637006316653e-7,-0.0016600151428296792,-2.3340671272336365e-5,0.1595640692370191,3.208796077829808e-5,1.589637342071559e-7,0.0003361947888335875,1.1098183766267715e-6,-0.0005994234412790339,5.254628723797393e-7,1.6024749990205637e-7,4.229395960066465e-7,-0.037281186812068386,0.0005134928784438953,0.006525632914246342,0.42715749533050285,1.5455046313101297e-6,0.10906493493272053,-0.01946900717516715,-0.0029768938064727267,0.11121904177365986,0.39889383436365,-5.511483265468913e-7,8.057581261349861e-6,-0.022002540762803544,0.00012574411479839698,-4.084076271891989e-6,0.0003277817575270385,-2.079402622216915e-5,-4.2423366599374566e-7,-8.003593986998022e-6,0.00013235012878615556,-5.893297879789149e-6,1.2833982475551214e-6,-0.007786002162402094,0.10501635533731389,5.661635191387724e-6,0.11044251517989669,-1.1054214889718309e-7,-2.0698009305527137e-7,4.805568152852745e-7,1.4159906738662816e-7,6.807221503253899e-7,-8.482663965279121e-5,0.0001040398603129423,0.0002445399532624941,0.524853894691941,7.574721508684075e-6,-4.984214304193701e-6,-2.9161068533359222e-5,1.7636268896033515e-6,-0.0034495922019786517,0.08795356898970053,0.47183460831032475,-8.674962447974694e-6,-0.02952936056262375,0.00017843152485501053,0.000169531958440454,2.3170871786229892e-7,-1.919377851842973e-6,1.0133106608970659e-5,3.2803296738906787e-5,-2.054655217812684e-5,-0.008977440971417859,-3.916389385056795e-6,4.963707555347555e-8,5.357583948997692e-5,-0.02333136438821594,0.00014711005738325336,0.0005177456103767205,5.373495478417604e-7,-4.080148548036081e-6,-0.02004093765564442,3.605911998328014e-8,0.14962338594530014,1.107436593720021e-7,0.0007186903104322471,-5.035215349443696e-6,1.3363317562121936e-6,-2.327386242709384e-5,-4.916598008483925e-6,-2.619118980621431e-6,4.135624927672848e-5,0.2426081296683986,-0.0001358132354657898,-0.000532636925470338,-8.982213666585323e-6,-1.4958992967853242e-5,-0.0002396723075381863,-3.0409658258743435e-5,7.18998054061516e-5,0.00030438585475985643,-6.100813600662416e-7,5.218846897632971e-5,0.34003310977601503,0.00015622394189124454,-7.767391797282404e-6,1.236891022999168e-6,1.2457943490613355e-6,4.8576392212120275e-5,4.199799973271933e-7,-1.5930572962005754e-6,-1.6772138664596388e-5,0.00010457014670300127,3.6675602038959656e-6,0.07609029124426171,-0.007269909497047507,-4.578848664575378e-6,-2.557322909571593e-5,-2.9065288121153504e-7,0.4128228129691761,-3.447025051651742e-5,-3.5812270106985765e-6,0.1462012798048174,0.20015634136188068,-4.8905238533161365e-6,-0.0014238678404568232,-0.03494886427857619,-1.8498477510959367e-5,-1.7098664941155266e-5,0.08686009107166981,0.4716503056164353,0.06684198700133322,-0.002474915941245129,-0.005762519496021228,0.00036726838514169455,2.5636897968101e-7,4.0548320408855066e-5,8.385438890138649e-5,0.0232764040443223,-1.6035959982282953e-7,0.000489604254525166,0.27587028269488173,0.007195330460207176,-0.0006654166800464074,0.08284049988812216,0.004999760354431752,0.09616708538767797,4.9848061403333174e-8,0.3357733656101816,-0.005007022662392377,0.0002481919718232192,3.5395893256294616e-6,-0.0009180056221696935,-3.531475804683254e-7,-7.902228823814014e-6,1.715578838283936e-5,0.0005015567196036075,-0.011362162282568478,0.07610720910715416,3.128620671588734e-6,0.00022516836516993797,-0.012223353432389571,0.0036480664733683334,-0.016570364874211364,0.0001402629366583131,5.94635778684261e-5,-0.004870128075853651,0.02759970065938662,1.589063926517375e-5,-3.053422230988583e-5,0.0027653582687079104,3.364342118155211e-6,-0.002979013270443858,0.312680716249312,-0.0013515038025081474,-0.0035950772923118227,0.00038548207367621225,0.005807445063251861,3.596335639845795e-6,-8.81457842153022e-5,-0.00010041153233141423,0.00023135093265674978,0.07782028913126493,-0.0019000159358092026,4.975191675458537e-5,0.0006049214399985659,1.9647598283533021e-7,-0.016400614806864347,0.005115575810877937,-0.008024523964067611,9.570790855288799e-5,0.00013035234051477014,-0.034813177563278445,0.00012019100174090205,0.013056204070578739,-6.371664742717324e-6,-3.4850511942371766e-7,-3.827330153982396e-5,-3.1708736921884715e-6,9.025998956995694e-6,-7.030006412832172e-7,0.02751414466171145,-0.03753261116548964,-0.029395978121256626,-1.2396292354619995e-7,-0.00015072299580213774,0.23263908561218136,0.00021835465398952137,-2.0681922542249186e-6,-5.147781073298343e-6,0.00010971733127786628,2.0271248246600613e-6,0.0026704446035941665,-0.0016655049393892495,0.027603566220116227,0.03486884869042425,0.0660733337077881,-0.00028798796726257133,-0.04149588710437206,0.00015293125358453098,-0.0005195567734700004,-0.009610924562568426,-0.0021372967115382137,-0.00019565652161154714,6.445767918216519e-8,-9.113709449853747e-6,2.932290464951958e-6,4.657034985110868e-6,0.04783160902538689,-4.336707832166728e-6,-0.0021278724152634255,0.13558421620298006,0.043869563831692694,0.04061308482801322,0.15782466252217817,1.3532302564362197e-6,0.08932551484254919,-2.005056219095994e-6,2.74035541306059e-7,0.11707023473792079,-0.01617453423040085,0.0007956447532943424,8.780957418793664e-5,1.6223383087788875e-5,2.446621662472034e-6,7.82309028294706e-7,1.5999509379541633e-6,1.4820951717321508e-7,0.18660536831403865,-0.00022854067906403786,0.00038379075581247414,0.00013875079924828391,0.0007527275347197541,9.024361641958485e-7,-0.0006681059046763438,2.7860082961254448e-5,-0.008289852784429967,4.1625588910421757e-7,-0.024145720867719524,0.08459468708632688,0.06790487600401865,1.945327301743694e-6,-0.043629484528160296,-0.004130721898363737,0.03241410022324779,-3.431610367943738e-7,4.969869260421275e-7,5.176883727961237e-6,1.9106269631430203e-5,0.00010308714758819046,-0.0006977903488160704,3.4837436405182013e-6,3.712500638725814e-6,0.26823271979433005,0.00013964139667898095,0.0003031648997792002,0.00534025623795054,-0.00990032037200949,5.644594830851701e-5,-6.745482589598483e-6,-3.334844817546491e-5,0.23941630714718268,-0.0012943089812005061,-1.997554891318683e-5,-0.00922317731895565,-2.702159588548793e-5,-0.006177112512009375,-0.013103772555667395,0.00014990478494432204,0.06176137203609598,1.7684494318572205e-8,2.413593741646174e-7,-3.898217276713254e-5,7.401009918604761e-8,-0.01727029211135395,-8.170767944418783e-6,0.00020526335941556802,-1.225867698703156e-5,-8.866768117620437e-6,-0.02470447182545987,0.00014762066200683742,0.00010717595237004943,-0.007734600300230523,0.5851018209070535,-4.032392512885318e-6,-0.015008070987070554,-3.387032851289973e-7,-1.6490127822104812e-5,0.0009490036625805987,-0.02520916452783377,0.21558282836918657,-1.3626604710087146e-7,-0.01263318348311539,-0.0006322335252502477,0.10795931358603868,-0.0016982949089507779,0.010365531221013613,-0.0026505058482130845,-1.3263607315192205e-5,1.3667507829478069e-5,5.2479372251337926e-5,0.288937612009032,0.13676582525087172,0.34524861616268177,7.31263023605453e-6,0.00018618062641731435,0.3077334611755961,1.3849860009075117e-7,4.315309471947906e-7,-0.007214277793573043,-4.250113496743022e-6,0.025463201282008848,0.0001037814398266585,8.361444884558754e-6,4.14116212620861e-5,-0.0028594112756382293,2.6052087549299916e-5,1.690582144504729e-7,0.00041390639380312235,0.037380814502280035,1.1582906341618252e-5,-0.0019729829751807897,-0.024342821999544236,0.0003428603056263628,-1.37401166776264e-5,-0.00029091174573038416,-5.508689754433251e-6,-0.0018306123102128833,-1.3033665474847516e-6,-1.3329558423654978e-6,-1.2629059824898576e-5,0.30553193612410373,0.0004690532338382829,-1.7669402626499431e-6,1.744038080778596e-7,0.131202705779421,0.30803227404781935,-1.3206307862101582e-5,-2.2289999028290356e-6,-3.0171034075130475e-6,-0.00014351031504538346,-1.4936725238136666e-5,0.0038096410682374963,2.155174474881058e-5,4.1980650590798304e-5,3.9640156270926106e-7,-0.009821421840759077,-2.458731409150177e-5,-3.578330785562116e-6,-0.0016548315247896122,3.5503065039666885e-5,0.044929723889461884,-1.0292429921486595e-5,-4.2410325548367585e-9,-2.659360682455186e-6,-9.788227908700311e-6,6.356515852280803e-5,-0.003543018011498605,-0.03784464501947149,1.538892915702994e-8,-0.008789985154090116,-0.004258376770161026,0.00041817673348274815,5.587543859008774e-5,-0.003460568760628486,-2.8573644058365267e-6,-0.010926369137619789,0.5531067689258464,0.29149193956421104,9.907652479362827e-5,0.349153407847458,-1.4726798449892299e-7,-4.7717898024799855e-6,0.22309452034067664,-0.002018867241248586,-0.018509169096012468,-7.718376813231737e-6,-0.000181980425517275,-6.666615485805201e-6,-3.8599510304818714e-5,1.2094164275985888e-7,0.0003276912896945066,-0.04878169804962302,0.5452887096472381,0.19322915658585624,-5.194587683532946e-7,-0.008410218850470112,0.00016369827704582358,0.0057169430280650125,-7.182263699114344e-6,0.00024681978826652547,0.3647064155310454,0.09125895158153274,-0.0005302450332678408,-1.862431095359176e-5,1.8746624248946026e-5,1.539169924028069e-5,2.3657299941199794e-5,-0.0005672437782797716,-0.00286588224764293,-0.0059546359606904315,0.0031389031370804526,9.979480607106676e-6,0.20402016706464796,-0.024664108722694242,-0.00422505136936175,-4.556877419120796e-6,3.126417976274637e-7,-0.0008104719214667914,-0.0001908467420709916,-2.9494377147503e-5,0.00041989606395764626,0.00016530290709163248,6.254814715577847e-5,1.9072358059044308e-7,-0.003977353229664644,1.3142307563097765e-6
0.0,0.0,0.0,0.0,0.0,0.0,0.0,0.0,0.0,0.0,0.0,0.0,0.0,0.0,0.0,0.0,0.0,0.0,0.0,0.0,0.0,0.0,0.6566313473262204,9.99297872902007e-6,-2.3830246941037658e-9,0.0006373632297795011,0.072556969087905,0.08189757543998279,-0.00031230487648352287,-8.593349398592129e-8,-0.003006178024235277,-0.00010339802877702331,7.967871015825273e-6,3.3300318686961635e-6,-0.0007938344059938713,-0.0005793252347710688,4.45829222321219e-9,0.15805409137132456,0.0027628437084280632,0.0005589568422978048,2.845536291726998e-8,0.1650097605787976,4.2196882295974494e-5,-0.0053815379543691415,-2.3390427558466657e-5,0.0008057853895918284,-0.013266350741427417,-3.48793286170687e-5,-0.02472566593756422,0.0010237100373878603,-0.010822263659942623,-3.628457307641789e-7,-9.54943720136667e-7,0.003497726529430253,-6.939455323805758e-9,0.0045201264579617425,0.0014382943781921821,-0.0011090137067923307,0.009019111533447383,0.002886670285535702,-4.570389889543447e-8,1.1034335868543501e-7,-0.03263293686464689,0.0013110323529259066,-2.6827434706691534e-7,-0.00010285576634944982,1.079971642568926e-5,3.029932035888917e-8,-0.00016545378932225264,0.2719933776519258,-1.934801316246113e-9,3.141762843104312e-5,6.41487331645921e-9,0.002960804643649021,-5.554466288017516e-7,0.15292028447374906,0.0006285283901852165,0.0005308427935770061,-0.015321645864695397,-2.67871574601753e-5,7.009896529312521e-9,-0.0008934660474509323,0.009853414113147966,-0.04724493851207435,5.701694433574112e-6,0.0001443275941442968,0.0004139173808549039,0.30202258640871366,1.4297567945153226e-6,-0.002959981499394931,0.03135671189743114,1.336622975492213e-6,-0.00015697620718695016,0.003938074734233371,0.31176601587898023,-0.0003208543682094879,0.09743383464784651,-0.006467043008797884,2.9362150729359485e-6,-1.8031964304608358e-8,-2.8090597874964255e-6,-7.145206127577807e-8,0.00028051178524419703,1.018438091175186e-9,-0.0001105832907655019,-6.674065041827394e-5,0.002665906063681219,-1.8145068319809469e-7,2.0185681256207895e-7,0.002988198995489658,0.04202375961126693,-0.00013085570133027628,-0.01742206831654763,3.974782145422974e-6,-0.005261780822446103,-0.0017603383521447925,-9.914349798763021e-5,8.824104358395218e-8,4.7659492126782424e-8,-0.02054997777613708,-4.776533767818468e-7,-3.77544152029683e-5,0.006626957165013168,-1.9855957486006022e-7,-0.0023250110541095785,0.28352510243726803,0.007607949104380154,-0.0003063515431042903,0.0018754706505455185,7.633830938799169e-6,1.5194595853734174e-8,-0.0023892077738818245,0.005745412171930075,-1.095714128587326e-6,-0.0007581332717511564,0.020754548701387446,-0.0014752721296674238,-0.00211775591753296,0.00048418720747703514,-0.00014330836258350993,0.0093231238355727,-0.03795489182322965,-1.445497909158784e-6,0.001649157338970935,-0.00019399357084347817,-0.04213522340412389,2.360271930906325e-5,-8.647310711168425e-8,-1.4755216508423308e-8,-5.811167054206497e-8,-0.005948928957360798,0.0012378125428186115,0.01201874427899007,0.35164404289241075,-2.4089015443274397e-6,-0.0003950402847508972,0.15215799822546938,0.0012777535335301566,5.7458078557016e-5,-1.6276488046003837e-7,-0.004732548611637466,-4.9724318410228745e-9,-0.00014520815099592973,0.0016973758788541753,-1.6113252839758623e-6,-0.0017957969247090982,0.002957222954370925,0.407165217645387,-3.8943162121702463e-7,2.1422152900972115e-9,0.0006466303432231406,-1.4209733803951795e-8,1.407877405493016e-5,-3.963867690540085e-7,-1.2222381413963008e-7,0.050260195071007395,8.629347379413254e-5,0.0001569114250001529,0.0005483753296557887,-5.4341688440635364e-8,-0.006936798265484607,0.003533011683085117,-0.0009819826549834498,-0.0001248184492427338,2.352672680348998e-6,0.0007666827376848556,0.26369671916341103,8.58835543724694e-6,-0.021270560453113836,1.06819695581811e-5,0.0040209230783059945,-0.013866436819303328,2.8682290783331145e-6,-0.007160234678751261,-0.014487318646012593,3.4717050235443675e-8,-9.577168741343352e-5,0.006216712240061925,0.0007545626949518548,5.716047720914921e-6,-3.214236493946004e-7,0.004178302502606443,-0.01698699151986598,-0.0005140709864051923,4.294774795077878e-5,-0.001068171518420607,-2.0239864337988954e-9,0.3958584488673872,0.00013177329632278517,0.004159281931707756,1.0832782861573494e-6,0.0007457053725232905,-9.894408192731646e-8,0.0017559338709679556,-3.397534876533645e-6,0.00014600215992283255,-0.0013022265900198091,0.0011754199404929418,0.08288619849191453,4.795648470058033e-6,6.23897231088423e-7,-6.1009273929417626e-5,0.09563818684147236,0.0009482473906992757,-6.369426390651056e-9,-4.11361772462553e-9,3.713855326973211e-5,0.09567589180414124,-2.7299311107879534e-5,-0.03645091433557124,-2.616515571846337e-8,0.003187359971689226,-8.57740431734892e-7,-0.02931573847362836,-0.0007228072726687175,-7.156005372291374e-7,0.00046591617111752204,-9.528466135812102e-5,-1.8579066837792722e-5,-8.677826513392076e-5,0.034320205673782585,-2.386799884515745e-8,-0.0015316115437868899,-0.0025914999213885086,-8.57555077274368e-5,1.498443352754677e-8,0.009353887086959691,-5.015393366307074e-9,0.26576505969405284,-1.073020558792176e-5,-0.015526651606944072,0.5448047746489652,-4.434734865541571e-6,1.6702679367918691e-6,2.665434945118381e-5,-2.2228218169659738e-7,0.0043993779999535335,0.49614689233887954,-1.5116320527650212e-6,-6.525769498580398e-5,-0.018221152977423456,0.0012210056436699895,0.0002476421828786183,-0.0005812176581565958,4.899113724650323e-8,-0.00014320427873346092,-1.326282291891295e-8,-2.3079773603293857e-7,-1.1570746116268942e-6,0.003280410461465579,0.05520241135836802,0.002426958958160274,0.007101527658635799,-5.726823071230597e-9,-1.4933462227485803e-8,-0.0015166659879283237,-0.0004629200208238467,1.148573135830781e-5,0.0032662480302104867,-4.1069291069304225e-7,5.009963007020529e-5,0.023953436113833815,-5.43759726806716e-7,-0.0009185561918397596,-0.004360248570202682,-0.0006077120985029204,7.307981141810284e-8,0.20086169670159293,-9.679818743560147e-8,-0.011132449147370136,-2.8761723112581665e-6,-6.939544919127412e-5,1.556632465197141e-6,2.2661855375118253e-8,0.02372653678551185,-0.0005014065788716043,0.000859587258293244,0.0004954880542846819,0.0018864202911277167,9.07658260908151e-10,-0.00011666407646121582,-0.006393748375828965,0.0004936366844652527,5.824701723841054e-9,0.00034379526056103497,0.01536650386699137,0.3639029221940172,0.004230855633424827,1.5774837637561372e-5,3.6153192963432936e-5,-0.006987400828730349,-0.0020976253639513227,0.0006854206654128234,4.600995148111448e-9,-0.0023870515639091926,-0.00031111591599791466,0.046393583601177034,-8.664508328355204e-7,-9.540317500288991e-6,0.0008957887985171016,0.0008925466620039932,-0.00031758225846201043,0.10444564736609054,4.556874558916633e-6,-0.04539441629501645,0.003833488933838998,2.82877098816165e-5,0.015891135419671455,-6.14123574458305e-8,-0.0001433051132067634,4.2591829301322514e-7,0.07702790971338692,-0.001436538122642788,-7.344664780020099e-9,0.4096021709045955,-0.015145454593993678,-0.0005617585268392778,1.3325414099764243e-7,0.19243093910114162,-4.736854413371026e-8,1.317940536277558e-5,0.0012658438208228374,-0.0004358339983972603,8.645749156621135e-5,-8.512137004776861e-7,-0.0002654552965111837,1.4563354034067045e-6,-0.020436190505585868,2.5936383388980633e-6,-1.559966893001673e-8,0.12104796088152456,0.0004355624415849159,4.464604459007714e-6,-4.89155035591723e-7,-0.00014357902664848216,-0.0005010292211476828,0.11846402875553182,-6.778325244306225e-5,1.133966166878834e-5,0.006781813801417741,8.589378572670904e-9,2.328231930662385e-7,-1.2446746102129844e-7,0.034770066763384705,0.1022454651206015,0.0007936942099253134,-0.030212335518570166,-8.307322655251572e-6,2.0196358924878884e-5,-6.274078697992945e-9,-0.0007718537327019988,-1.7558985622401415e-8,0.014385674331898845,-7.00705336227443e-7,0.0033164510486105156,1.3964450026272782e-6,1.6410308352153238e-7,7.947812531364742e-6,2.3391300031190917e-8,9.215517263224923e-6,0.0002428691753960912,-1.3217766433757944e-8,9.879186122828787e-9,-0.0009066415633280376,0.0007501227645078449,0.0001335710984424582,0.005688304674798994,5.596474930405802e-5,0.0016628254703278025,-0.0004933189320316296,-6.492531463944908e-5,-0.01571619124088302,-0.0004842536303677434,9.881805571898426e-5,0.0001889050165973671,-0.0014882324657791747,-0.006915956829467616,-0.00011587898552485449,7.291032349696121e-6,-4.1592347316290845e-7,-3.103638963691493e-8,0.0011351206304043853,2.140001412844604e-6,-7.197862440412605e-5,2.822107457838017e-8,0.20900501368748567,0.002589022664517714,0.001019837330844969,0.0005067328218680188,-8.182734933756251e-9,-1.2805290119118504e-8,1.0329932884849119e-8,4.453821983231355e-9,1.4683921098966207e-8,-0.001346489000365559,3.5135985802550315e-6,5.564718905495555e-6,-0.02333328578223497,1.4009766540540725e-6,6.049770273922171e-7,1.1712605006095841e-5,0.00040417192419120495,-5.4606904444917735e-5,-0.0434221736219308,0.0021343838613900093,-3.4559253830447733e-7,0.5199826139251224,5.24057063183237e-6,-0.018242334820366204,-3.881056886315538e-9,-4.3461977820698076e-8,3.965194001860434e-6,0.00033816805568430934,-4.44685157514341e-7,0.02838897412555921,-0.00010809528874793936,-5.228909302049e-9,-0.0025484455652878013,0.314768214799434,-0.013092887653499714,4.3130839703376475e-5,-1.0104732179295554e-8,-7.900562504786951e-8,-0.001230201665140066,-6.520910943090341e-9,0.009028387220985423,-1.1301910593096452e-9,0.0010899511661888275,-1.1858942905010734e-7,-5.629190351944535e-7,-4.3904076145170806e-7,0.001047482325487641,-9.293963090577582e-5,0.0023820064746923344,0.005420020137084756,3.2302534238800765e-6,-0.0019899104114836272,-2.0623184963140594e-7,0.002516822238004866,-1.3726689500075587e-6,-1.2185855905401992e-6,1.6533750655559344e-6,0.005564662959977379,-2.3600538465380014e-8,-0.002512066820880142,0.006189382641154725,0.0007260860963348621,-2.155884514645051e-7,2.6161343509640122e-8,3.144262541072912e-8,0.0008739468380139475,-6.341867931391926e-9,-5.516676202650664e-8,-3.775724686772104e-7,2.0718236845017037e-6,0.0008694165055106586,-0.0013698094335539322,0.18442859578599538,-1.2719760320839362e-7,-5.450100441606711e-7,-6.753995086174111e-9,-0.015083637805108175,-7.517332145793167e-7,-0.00012574459436309987,-0.0010665948331699331,0.0019230848413625793,1.5124314972166134e-7,0.0317126161828726,0.3354899354638447,-4.959693079916309e-7,-7.844930016811989e-7,0.01037173267262228,0.0059091501265084246,8.819701157202109e-5,-3.90776035715308e-5,0.12093693005794419,0.001531110754691938,-1.1843349988646853e-8,-6.43275081130509e-7,-0.0013437247419919285,3.535041299919732e-6,2.5342027561202832e-8,-0.00010009390969987239,-0.04958262744436274,6.442845266412403e-5,0.011902269590268778,-0.05280030072459438,0.018702486817170277,0.02094794166939319,-1.1204267833284752e-8,-0.011754171942778429,-0.00012148868291476648,0.0012414732237449287,5.439400774706981e-5,-7.17255289990697e-5,-3.709957974638287e-8,0.001172660047588686,0.00019705787680016903,-0.03773231188793539,0.1999974291652484,0.05046507932997214,7.162782802591105e-8,4.971389725969204e-6,0.13917448944478433,5.120290556906219e-5,0.5945270570919562,-0.028830839440776804,-0.00501233494216761,0.05366645817510986,4.52636214945492e-5,-0.00038372348047812526,-0.03151324047509579,8.469452459911359e-5,7.530550776663317e-8,-0.0001394086117189177,0.006130299429243291,0.001370082244528155,0.0008652173859486854,-0.035009547370088004,0.00012609879579732636,-0.0002468686206979611,-1.0339311786703478e-6,-1.583301682507939e-6,-0.0031094379007022845,0.0014139330370516547,0.12709361872542943,-0.0018096551079358088,0.0015208258436690573,-8.039209709542378e-9,0.2746119564508761,-0.0001066502542737865,-0.0008780622786930542,0.0007131617268884878,-0.008133128664371287,0.533701840015585,-0.014434517781007123,-0.0007717642029147802,-1.2340707834873033e-7,-8.05156866274208e-5,-8.265058114819386e-7,4.155966421530162e-8,0.00016129350480638345,-1.6812685384438637e-8,-0.00046302410860577295,0.33731510656946545,0.14999071045854573,-3.062309548241447e-9,5.126737228518568e-6,0.004356397106659802,-0.015935460526184116,-6.545364764668099e-8,-5.4859648862307244e-8,-0.00747005715992736,1.0583989127793196e-7,-0.007578051023260337,-1.9936483917048753e-5,-0.0017170529236966525,0.0007007937000242754,-0.04137812915763219,0.00138636546276748,0.4069307088936426,3.74743680189932e-6,3.602291347856859e-6,0.19549373809944223,0.006193062122797273,-0.007312746458646002,-2.753776211981314e-9,4.6060053409905586e-7,-9.121283343470221e-5,-0.0003998127991931596,0.0016575936278557203,0.000600319309134074,0.07012930129145972,0.027610760836921606,0.0037233507978620415,-0.015003964665173303,-0.01426053862763097,7.627516975360041e-7,-0.0008407996140514897,-6.408270749530002e-5,7.319342603123542e-9,0.0032071278912698177,-0.0016591290989341726,4.404739343818239e-5,1.7188306802873585e-5,0.00029534650735786464,4.443415873672498e-5,1.812718654065949e-8,2.6251974827288746e-8,-6.023760547411376e-9,0.003915575414908572,-0.021842254694007624,0.003095988559707105,1.1181808452693556e-5,1.9843720576865283e-5,2.0613378850725348e-8,2.2907366579475972e-7,2.1329567900542892e-6,0.12675916566162623,9.164311135842156e-9,0.20066120991353442,0.0013565003319475405,0.0010199080607402068,-6.770292902600713e-7,0.09873397099638094,0.07822357476709318,0.04436557664831253,-3.606161275839941e-8,0.0001331201267350764,2.5323886993466125e-6,-0.0253751556754847,1.8073869495338635e-6,-0.021064682534219337,6.40688227265381e-6,-8.109834646050448e-7,0.00025273903126203585,2.9983543231672452e-5,8.074570040960062e-6,1.3063868240968542e-5,-0.00022009575230673054,-0.0014717794735156036,-1.4191574142959933e-7,-7.368260365510485e-7,0.005387030003980101,-1.9567205188785546e-5,-6.920077352082731e-7,-0.00016246173428881863,2.211778961275655e-6,0.015763943703228273,-0.0003128038978019033,-0.005537798631768619,0.0003562295001039893,-2.745205776744235e-9,6.801119667604281e-5,-9.804045652850167e-7,-5.580223628007053e-9,-0.0004169684918618933,-6.438857968027108e-5,-0.002242205975325301,-3.1091564369665845e-7,-5.137914490724956e-7,0.15956629637946704,-0.00934239257027513,-0.0003223328871250507,0.010424030370216837,-0.0024665563044434452,-9.416414753417227e-8,-0.00015569629047121762,4.258394424491676e-7,0.0024449423108358877,-0.0009044103765534418,0.5917077821657069,-0.01687194419133878,1.0222362591940001e-7,-0.00030680423159084333,0.002574785391848184,-0.002238964229244974,-2.739647456483377e-5,0.00016494474435652784,0.027886501308009386,-3.058959622255063e-7,-6.454835716243237e-7,0.013360146360568361,0.00976257546000378,0.006423890533149756,-0.0342491700542944,-0.00022498214293908888,1.2699798704368634e-5,0.0017474818359640265,-3.901066572490057e-9,-1.2242847247538619e-8,-0.00017457908139989467,-1.3141767142267737e-7,-0.004475760237794532,0.0004063994038612323,0.0003498216812636623,2.1287490172101835e-6,-0.0001018430524054414,4.5698528250555445e-6,-5.15887510364737e-9,0.0013309888647589103,-0.000651637405667418,0.00046912816198858273,0.01242816512102943,0.32808994178027723,-0.0370771664248235,-1.2870222625331014e-6,0.015031545329119312,2.222747704984975e-5,-4.238326700726414e-5,-2.408118042206489e-7,1.4245035559866244e-5,-2.520792609404695e-7,0.004471785292811387,1.8574375461916927e-5,-6.961721522890411e-8,-2.8611296768574104e-8,0.015579991928442352,0.006497297957227648,0.0019380725898727113,-0.00013487250191984585,0.0008117696720941451,4.510868278342918e-6,0.0024103996885396434,0.00010043820099252765,4.7263456099828216e-7,-1.1428743022557157e-6,-1.1642535049356383e-8,-0.0008595851693015245,-8.681708755714981e-7,-0.00011343213024633391,-4.7909783974487486e-5,4.8446216857606635e-6,0.00014715723632632472,-2.3919349608304336e-7,-2.6793343293701105e-8,-1.491383071865687e-7,0.0020772936698419146,3.902553981278412e-6,0.02227975974962035,-0.0009591715391535911,-1.9346751754808676e-8,0.17038637825022457,0.1991288295662925,2.311641126111021e-5,-0.002554794156172936,-0.00016819238094939405,-1.634918677575164e-7,0.29083164541565654,0.005658495172723433,-0.020148932689371457,2.0309307887370934e-6,0.0048107389087757,-3.3783199563807434e-9,-0.016878158053732287,0.007766791192643419,-3.965002458256206e-5,0.21610042227112686,-2.065036423614143e-7,-0.007473432870208244,-1.9866569311469727e-7,-8.262397039769766e-7,-8.967308675232496e-9,0.001479917867596001,0.18154427322819086,0.00404401464058253,0.00031041579259965586,-2.8465127570807795e-8,0.31126654663838726,0.0008224332007254022,7.04493736635531e-5,5.495439125886507e-7,0.0007374140633194947,0.007035189489143702,0.0022307879401080558,-6.770718804471615e-6,8.144574521581553e-6,-0.0035897959537608856,-0.00021649472582510804,5.86578739264714e-7,-4.632407145024232e-6,0.00015864856432381278,0.22568823388829368,-0.001186430362219479,-1.3532851719884459e-6,0.004632043405497941,0.3846205672503194,-0.00046065605213546005,-9.923849315015194e-8,9.677751262552884e-7,-7.763510157571034e-6,-1.7499663855320554e-6,2.6095974457740323e-5,1.6122915292739335e-5,0.0003597811443788386,-0.00010920901766034205,-1.5581010071904593e-8,-0.0004977878635839619,0.00028819753032777753
0.0,0.0,0.0,0.0,0.0,0.0,0.0,0.0,0.0,0.0,0.0,0.0,0.0,0.0,0.0,0.0,0.0,0.0,0.0,0.0,0.0,0.0,0.0,0.6485550341207484,-1.9932378132106605e-12,-4.15821123767533e-7,0.000654822271420236,9.481515925293518e-6,6.771500986944601e-8,-1.1458216905022324e-11,0.09822978984013411,-0.05072138868195195,1.8819193227714806e-9,-4.1508026129008825e-10,-3.843487039124509e-8,6.411183435014192e-7,7.861329543624263e-11,-0.0011190588951779231,5.528579705698168e-6,0.0006586711268364967,-6.113634315186408e-12,5.328149709403952e-5,-9.323378100402642e-9,3.891807727494351e-7,1.1342434894510229e-8,0.29409762742217643,0.00046651603901525315,4.21428905050118e-9,-0.023075509403293736,0.0026307393542327738,-7.678084504136511e-5,7.708191754431344e-11,7.752129061404846e-11,6.783301523467459e-7,1.394768746912952e-12,1.4177478101894517e-5,0.005473955091411347,-2.4966264732990514e-7,-9.800291488443315e-5,-3.8036933528811617e-6,9.03240365418589e-12,-1.3797154278556328e-10,0.01750963501518488,0.0014410544644594544,6.806723583499868e-11,-0.0490089353507541,-1.2965396830871106e-9,-8.181170052331534e-12,0.03355611216539609,-0.00019871226590082494,-1.693024852189625e-11,6.451668357083045e-9,-1.3556492130939845e-12,0.18272324656440297,1.296629182560306e-10,0.0001512151293722366,-1.407767162880586e-7,-1.1548793885281982e-6,8.537934397036638e-7,0.00040814627326565784,-2.90479854830633e-10,2.058680530424831e-7,2.5497747700626515e-6,7.251269067998358e-6,-5.705519496178892e-9,-7.730730975600646e-8,0.007214894078607818,-4.6390241907359664e-5,2.1033197336725964e-10,-0.013264150492188775,0.0005623177207257539,1.6761971599053323e-10,8.615851220709062e-8,0.0004956028668830242,1.1802798421424027e-5,-6.541991543927078e-8,-0.0037553173890564557,0.16270733251892322,-5.841222940420527e-10,3.071208684530731e-12,2.8201337824623493e-9,1.6443376472183174e-11,-0.04152693509398478,-1.8591229177524817e-12,2.3177122684791243e-8,-3.269192994901648e-8,-1.1299467638752024e-6,3.550868142183185e-11,-8.6338527066991e-12,1.1145985999287847e-5,0.0004021717393984737,0.2977453786160246,-0.011829551085447917,-1.5980086505437115e-9,-0.00015735106392453745,-1.050697874763122e-7,-0.02576907977272016,-1.9193223679914097e-11,-7.099869659321685e-11,5.191614075468236e-6,6.649540928185541e-10,0.396958733705583,-1.7851575686095314e-6,1.8725851290348107e-11,0.004370288980992426,-0.0010604678717830985,2.042392408997333e-5,-1.0104022735692391e-8,-5.1946802262973475e-5,-1.5623658696149795e-9,-3.195759056481537e-12,-0.0002170842699562781,6.988129830031433e-6,2.32723305530388e-10,0.46581044286668144,3.1355876235681035e-6,-0.00877049255577732,2.770648697367138e-5,2.5298695849182556e-6,-7.921334002109189e-9,3.2085550452532915e-5,0.0018009775525697797,1.6724413923964645e-10,0.002156041614138208,-1.1491052565387636e-7,1.1168159715455715e-5,1.5991394147946124e-9,1.574325521886754e-11,-5.7256992250468234e-12,-7.826075695199704e-11,-2.544369688329062e-5,0.28066798976690804,0.0008968568888031451,0.0001838503208612541,-1.0984483119804464e-9,3.003811645376968e-7,2.557079408836251e-5,-3.4811370869711454e-7,-6.288045591335013e-9,-6.629862641987013e-11,-0.029576990886760347,1.375887167970651e-12,-0.07272306333674808,0.33024183235912985,2.3728179753374916e-9,-4.1773197845802263e-7,0.0015961990003956696,-1.8274530214308505e-5,6.22228779421463e-11,-7.724605019106805e-13,0.0009496384921495882,4.1278864154022463e-13,-1.403275682166171e-9,8.613629257080873e-11,8.574090195066004e-11,4.397175237241934e-5,-1.052367240254692e-7,-0.0449762054985824,-0.004452205856379755,9.758374003896818e-12,5.209081118367258e-6,-1.0849310244332876e-5,-0.00941802419702641,-5.962215159548184e-8,6.275761376795954e-10,8.712094477391952e-7,-0.00024948149635473316,3.0779863383243714e-9,0.020969443632724797,-2.6517627353856926e-9,5.935619013723392e-7,-0.03278996837228919,-7.131887574634352e-10,6.892566712376041e-6,0.00025092501893535766,-7.510615604532381e-12,2.24611040987539e-7,-9.411545050510527e-6,-0.003472657758050461,-6.625036881573711e-10,7.311050572602037e-11,0.00038260438649724636,3.059127830259339e-6,-5.456862515087967e-7,-2.204971497476107e-8,2.5550180033356776e-7,-1.5082890052390628e-12,0.00012313141358537744,-0.002990674763571258,-1.2792215319399908e-6,-1.889770628070301e-10,0.2927679062465804,-1.2946255078227972e-11,1.3798977668681082e-6,-3.4296139464235396e-9,0.21372299937788083,-1.5317459650668353e-7,-0.009993791856819138,-0.002389115249799192,7.559753515597756e-10,-1.8384170693011822e-11,-1.0073785214363532e-8,4.526894649391769e-6,0.00043709353573416043,1.480919843245847e-12,-3.2425629999902186e-14,0.002584724652376004,0.00027815991546725733,7.751615862824186e-9,-0.010640205212033774,-2.394490317624125e-12,-3.0660229763716013e-7,1.6039914984183787e-10,2.082539449420102e-5,-1.700333040930269e-7,1.0918997477629047e-10,0.4726295157779486,-0.03464836246735679,5.056027367444494e-9,1.8324931672675968e-8,-0.004042804563991196,5.9879621186307495e-12,-0.0017678998637042933,-3.58935280229452e-7,-0.09011652096578225,-3.16118112869887e-12,0.0009989506172864472,-5.9694737662076264e-12,-4.284015290366311e-5,-5.507777843023408e-10,0.066864442787765,-1.0427126196832612e-5,-0.03291425754602276,-7.898927492783846e-10,-0.00014927925095518433,4.964928386339198e-11,-0.00011575294752094277,-0.00036809232686371745,6.647735484468849e-10,3.1288194039619573e-8,-0.022595088012614947,3.812688108676526e-7,-1.7015052593450347e-7,2.4475349770272855e-7,-1.0668007475768704e-11,0.002527581917271288,-4.1358739973375254e-12,5.268432136235063e-11,7.961741062480009e-11,2.3083833592077754e-8,0.0003028405070691596,0.03988261387306658,1.5141700973886417e-6,-4.362683283238991e-12,3.216280757025511e-12,-6.83488605430691e-7,0.024075830296774556,-2.1350860448791634e-9,-1.1457800741044921e-6,1.052383236425412e-10,-3.834293706951012e-8,5.798572673547023e-6,-5.10252901263396e-11,0.18700073491667227,-3.0288367304815627e-5,-1.2859013152734846e-7,-7.211308218645611e-12,0.0003320486250273378,1.955358195264204e-11,-0.00438569192051337,1.8159026271915074e-9,-0.006549320120642017,-2.352928582632484e-10,-2.21955435592579e-11,0.0003038183202163352,1.021143527421197e-6,2.903545033378952e-5,0.001646832968723035,0.0011518893615484146,-1.2051266286257545e-14,-0.0580033272530829,0.030674448897819517,-1.3321878783752671e-7,-1.292273752066722e-12,3.7704108523374816e-6,-1.3058652352803249e-5,-0.0008510897719786281,2.967223856829362e-6,3.5395942584390673e-9,7.229713106626302e-9,-0.006560025804978898,-0.00011758757878661911,-0.012039379043705077,-1.3427789786236473e-12,-0.0027466272082471636,-5.6368638270869745e-8,1.542780674216386e-5,2.2039505578135587e-10,3.857816000685263e-9,0.49520770445839324,1.4750647800550704e-5,-1.5611528386233985e-7,1.8092118559198384e-5,-8.466668002029082e-10,0.003850266893086715,3.805585744717537e-6,-4.687800000345533e-9,0.0011136309679832706,-2.3640094768508205e-12,0.058957161637411666,9.30379955850947e-12,3.2523821444853565e-5,-2.688120750075172e-7,1.0148168715908849e-13,-0.00023268885068853404,-0.01280991226831805,1.1460050955292025e-6,-1.638367011835526e-10,0.00024544135178682314,5.9177489796814256e-12,4.83701710658741e-9,-4.274506055461565e-7,-3.7108519112172296e-8,0.02727409234794345,1.8131247366710686e-10,1.6942131089855884e-7,0.0008762275694400624,-5.2176910161925e-5,-3.480703712391749e-10,3.6100978669678433e-12,0.0004829609440974335,-2.2481022640884786e-7,-6.901502255575758e-10,8.934043041757785e-11,5.6852982241702156e-8,2.0226284079683862e-6,-4.4557399874414194e-5,2.496420762736571e-9,1.2797497929324057e-9,1.3175241243736181e-6,-3.075865347905529e-11,-1.6799608888641272e-11,-6.75102350027477e-11,0.00041973567105505643,6.375352157213461e-5,0.001338693349450969,-0.003228521419574775,-5.393234512677097e-10,-2.81155606542635e-9,-2.2607033882199813e-12,1.3024155409322113e-6,2.7573391734033596e-12,-0.00017255454674692362,1.1326903209808435e-10,-9.29801818103582e-7,7.000602137957218e-10,-6.72153520853785e-11,-1.7439735964823446e-9,-5.49756412978649e-12,6.305905514421727e-9,0.06487176880531964,2.3910604304902865e-12,-2.1101996846379646e-12,6.756401137947965e-7,0.0003052599214028171,-8.460567382517246e-8,-1.845352994828694e-6,-0.007082554559075898,-5.998788083450721e-7,1.096009923799451e-7,1.938412413965346e-8,-1.2819492498463434e-5,9.438044127793103e-7,-0.0722226816777304,0.005952342523022579,-9.705619354611784e-8,0.007864599592898062,-0.04728987667788723,-1.4969618993630725e-9,9.513710404242518e-11,5.665789369370235e-12,0.3302937868848766,-5.587612945638697e-10,-0.013983446730364795,-6.121544139923779e-12,-0.0019226363974627883,1.2190347451809938e-6,0.3437339723809646,-4.296995970361471e-7,1.5002180120761177e-12,1.0163390060507716e-12,-2.2155687211079517e-12,-7.562557584123893e-13,-3.211950607485371e-12,0.0008919132859587048,-6.858682630958452e-10,-1.2077592751447175e-9,6.786598703546487e-6,3.358197013474806e-10,1.0263147087637823e-10,-9.620714014596504e-9,0.5182191863777845,3.118134033689909e-8,1.217562362192581e-5,5.122744834220016e-6,2.177988133661499e-11,6.928969948518109e-6,-5.259456748110736e-10,-0.005380900718364026,-3.464502236489182e-12,9.060231180083163e-12,8.912437527115637e-10,0.003275798232661762,1.0504110990315196e-10,-2.2111290102332445e-5,-0.019584346958881647,-4.666191417004135e-13,0.2635196543945336,3.294861452777285e-5,0.0001172827018291821,8.967196432955481e-11,-4.46783457147759e-11,1.6509304889053744e-11,-6.467704257843566e-8,-3.790694612129137e-13,2.0675114329202146e-5,-1.2487250606898675e-12,0.0008610220215115366,2.1510818786458342e-11,1.1095338315125134e-10,1.9083069012018503e-10,0.07286413811713804,-0.058724717964099026,0.0010448430192942042,7.105720598707884e-6,-1.9423705327459057e-9,-0.00013686238980726572,4.189999160531767e-11,0.12156517878495847,9.725909285570298e-10,1.640437763010694e-10,-2.7013726952756406e-10,0.0017925145401819047,4.720752920168329e-12,0.06681133174468214,4.380234167222368e-7,-0.0027511652497707365,3.147586304280821e-11,-6.0587376674414865e-12,-6.604832964093612e-12,-0.012934943332232355,-1.0144330235352562e-11,3.093916879105169e-13,7.65237061373499e-11,-4.665993710622952e-10,0.09423641317910685,1.4258631944258883e-5,-0.00017648178992128515,2.1401459757871195e-11,1.1593220680729228e-10,1.6563624132442341e-12,1.1887347834329548e-5,1.6299185967536747e-10,-0.05662688333313071,-1.0061008830677523e-5,-1.0989972153274159e-6,1.6600354992359883e-11,-0.0017246355435939474,-0.0003676554331818049,8.859312023729342e-11,1.0409170418019314e-10,1.3179160103154134e-6,-2.048995179616377e-6,-5.186174946432793e-7,6.709392932558206e-9,-0.0021785500839124577,0.0021911312114476335,-7.99358250167976e-13,-9.41577646373357e-11,-0.004441891412331904,-2.2044569250659493e-7,1.9133378141408504e-11,-1.9933380294794418e-8,1.5542352575740933e-5,-9.13412046217144e-8,0.0009453927086276367,2.260722226689433e-5,1.0567784868994332e-5,9.883812334152658e-6,2.1890075710024473e-12,2.019618202766649e-6,1.1168209610057948e-9,0.0022964456959204886,0.08253005504956883,8.494466669507978e-8,-1.0467784869623514e-12,0.21339329612456406,0.0003521963053647251,0.00794806293039534,-0.0018848763566332162,2.4495567188172024e-5,-1.5592553101897412e-11,-1.0075329588481771e-9,3.0394243428713135e-5,-3.7485842486149635e-8,4.268430908599775e-5,-0.02008437108509492,-0.023390046715992978,0.0002494668031774621,-2.706056096771058e-7,0.4928240884656815,-0.01281326873970031,-2.900501869056035e-8,-1.639692056725829e-11,-3.904037314737214e-9,-7.621699019114077e-7,-0.0032456003403626955,-1.547369894050566e-5,0.0005121754153909136,4.789892797246042e-7,-0.0001223459812753403,1.548272486240886e-9,1.6343434928646208e-9,-0.0004981903908349648,-5.800455708581796e-7,-9.548479502567655e-5,0.018070644918374075,0.0019010062174864787,-3.1593193505492842e-12,-0.0007508622765129052,-6.766711544696429e-8,-8.246972948695779e-8,0.003987871122089218,0.08307388538048038,-0.00012624174794518699,-0.017419452421784276,-2.421648891349789e-7,2.8279545543892825e-11,-0.0670179434630212,1.764416679640922e-10,4.4314210897123555e-12,0.008832683048884703,3.4841372169612033e-12,-2.70098031677536e-7,-0.00015999311052195559,-1.1264945537102005e-5,4.666684051880652e-13,-2.9092285599319653e-9,5.999990562667618e-6,0.03086732799207174,1.2505846073005887e-11,-1.7526933665585397e-11,0.04648145462653921,-1.3071745955777097e-10,-9.086442032681261e-5,9.139474337514484e-9,-3.105967992277832e-7,6.26049629790847e-8,5.7419370728261585e-6,0.0007341173240592899,-5.136739191023746e-5,-1.6390980447344726e-10,-1.0118170541171838e-8,0.00023683217258682626,0.00027990260625120874,0.0004497310945329403,-2.0821428144217674e-13,1.8358671567898036e-10,0.2792883367183255,-0.015507320707866958,1.213322356269644e-5,0.16538055958832976,0.0008122497017828426,6.6864903717062164e-6,3.567245734353902e-7,-4.681314277741633e-5,1.983709320369626e-5,9.319098917814993e-11,-5.887903006495575e-7,-0.01563241983710153,-1.5544697478339314e-12,2.174728065051898e-6,-1.4034916044975105e-7,-9.800837323568057e-9,-5.30669147296468e-9,0.17817052173119952,0.568434277519127,-3.823514042675565e-12,-8.56985516095552e-12,-1.4647849193700118e-12,-2.0202068433911705e-6,-0.004909356588463285,0.0018142951001966115,7.022130232884158e-10,-1.3547868534256814e-8,-4.364002030587502e-12,2.0212910540154685e-9,5.389828052627221e-10,-0.0025216997534141835,-2.309750557396953e-12,9.243185295843701e-6,-1.4749140205360076e-7,-4.841683387206651e-7,2.647105624607287e-10,-5.345848297645722e-5,0.0004648696148153843,1.4624660819475631e-5,-9.24612973150864e-14,0.25890156649213614,5.027095450234655e-10,-0.0033627624067501445,-3.5800711375142847e-10,-0.014380890183536187,0.5563406565582942,4.8707904989633196e-11,-4.679647152071042e-7,4.022249810761037e-9,-1.5078265302738363e-9,-5.3658739661603205e-8,1.7553346897238397e-7,0.0006131700662321973,2.9975971143384253e-11,1.5273245985397434e-10,1.272544710146288e-5,7.017092903382692e-9,8.54948640520559e-11,6.075031762395956e-7,1.4159806622227428e-9,-6.354803763334103e-5,1.164636349855466e-7,-0.004438718788012024,-3.6790641370560996e-8,-6.505312462466892e-13,-0.0026022823627526058,1.78869398148376e-10,8.666224013720435e-13,3.482429327830472e-7,-0.004844955352642108,-0.005558083872455387,4.29875300862099e-11,-1.160053984167765e-11,1.302789270263812e-5,0.03106068378995415,-0.0008854857164437561,-6.349077548996818e-5,8.841889702564469e-7,2.0699585294625265e-11,1.8379668335275216e-6,-4.7258524913516e-11,0.2627700625813516,-1.3339078227445912e-7,2.7157799886600296e-5,-7.012755666641563e-6,-3.65306470724014e-11,9.05882084050488e-8,0.0006369219188112104,-9.585490038694065e-6,7.47337799213354e-10,-1.0455801302782515e-7,-0.005567035844296454,5.98248683858972e-11,1.8075030694375332e-10,0.00010289029195114525,7.653341288069323e-6,7.805735504863124e-7,1.5330308077174256e-5,-0.0011065251360513463,-2.110303441648824e-9,1.0854067506545558e-5,-7.40014484716199e-13,-7.921233967117144e-11,3.700193524364871e-8,1.627738908118142e-11,-1.0299438269457715e-5,-0.0018982258367660815,-0.010314381139602124,7.740040199781207e-10,1.698821775655353e-9,1.1830201496487741e-9,-2.303255371919905e-12,0.001389878011866079,-3.803049657838029e-7,-0.006704558178979981,-1.2934476407042092e-5,-0.0006911410776698179,-0.0052769472699437945,9.433459522149044e-11,0.0004147294285456543,4.772843674191849e-9,8.774625309510498e-9,3.5219191616730485e-11,0.0010949426434532362,5.74581678129804e-11,-1.6985349065656923e-6,-3.988625868760654e-9,6.208469256806898e-12,-1.351262343245242e-11,4.113282423397053e-6,2.7847788473209705e-6,0.2690419680844737,-0.08093159126188593,0.522296651866111,2.6878511217929247e-9,0.05105333467388993,-4.5995734679492476e-8,-4.769421369161579e-11,2.671716208007344e-10,-1.0170460166915207e-11,-8.838738531616029e-8,1.0008605767091507e-10,-0.052451150507873905,-3.194252552875829e-10,1.4900708694780417e-9,-3.6045714808200313e-7,4.7185934464248294e-11,-2.3678947493076795e-11,-1.5264086119037834e-11,0.26958749171413443,-2.78508742674605e-10,-2.709715761904358e-6,3.685094496773713e-7,3.4916475451948026e-12,1.236340173486304e-5,-0.0008673308421428123,-2.0501260571434323e-8,0.15737652068936123,-1.2065035902499709e-8,-5.199664499757107e-11,0.0001792152420574166,-1.0374189481229019e-6,7.582623670533327e-6,-1.9127648142514358e-10,1.7895923055435235e-8,7.970420242367494e-13,-0.030351276019167216,2.625570920292832e-6,8.571777385991821e-9,-2.735555580139483e-5,2.6921804505365908e-11,-0.0024374971773598562,2.86306864478632e-11,1.794956083957029e-10,1.7269361368769162e-12,0.0017195526490247802,-0.00010602773002050151,1.875043188758486e-6,1.1527785053227853e-6,3.7895973149327975e-12,-0.0004831221031230173,0.0015877923139419486,1.6753741566297988e-8,5.22860919152448e-10,-0.0013128819461868022,3.5669757634306334e-6,-6.686717247797838e-7,3.401332236072055e-9,-2.5660029776868883e-9,-0.022506652479186234,0.3133996447909154,-9.699232684922006e-11,-6.669609495408611e-9,1.7435585296218953e-6,0.0003941111329940962,-2.1029527952372034e-7,6.75433681629154e-11,3.3118466921790497e-7,4.0201196853541216e-5,-0.00015275351868017595,2.0911984852368376e-11,8.212452766108952e-11,4.8692461885333415e-9,2.291773459746116e-9,3.861661091124151e-9,-2.1335015693138288e-9,-0.001309672054120282,-0.007555324248643593,-3.1012115234773745e-12,-7.11178060494953e-8,0.5965646119869706
0.0,0.0,0.0,0.0,0.0,0.0,0.0,0.0,0.0,0.0,0.0,0.0,0.0,0.0,0.0,0.0,0.0,0.0,0.0,0.0,0.0,0.0,0.0,0.0,0.6400674098315757,6.096302462348644e-6,-3.624182446750401e-11,-2.0260585339118306e-7,-2.5031367164074214e-5,0.0401142250103767,-2.6718714578960558e-11,2.695942744068248e-12,-0.002097206285481588,0.0001367471315351814,1.5062376915231586e-5,-2.2224662601812234e-6,-0.022039935834090887,5.803433410403765e-9,2.296915494790826e-7,-3.843555900717538e-10,-0.03989843922493356,-6.360329813211086e-9,-6.149553990209241e-5,-6.414431889953669e-9,-4.4907452627555325e-5,3.872921128405864e-12,-1.5125032056631706e-10,3.412163252224678e-5,6.876606467454144e-11,-9.378248693615765e-11,1.5774334459416278e-8,-0.005722543677310065,-0.00216780647893485,2.3817365754426562e-7,0.31669322854072174,-1.3689115482807808e-7,-8.298270360526773e-12,7.006102612037798e-6,-7.415983917667509e-9,2.3053765744176969e-7,-0.013796558041547061,0.008188995070100735,-2.0105212531468755e-10,-2.879917225925579e-10,-1.9669158806440387e-5,-9.330107605760867e-13,-0.00038203174621171516,-0.015987048378807402,2.0762367311944028e-12,1.4871227800876128e-8,0.256194864485618,-0.00026776387767486607,-0.04331782986927635,9.902560334409829e-12,0.0019261488741091572,6.850084257746631e-9,1.7389333551159793e-6,1.1998076601543628e-6,-6.522117796051931e-8,2.2063513593479686e-11,-3.0020933025981e-5,-5.966448934303769e-6,-5.042346294635681e-7,-9.142463989478693e-9,1.1536232340955145e-6,1.2609728114915157e-6,-7.867657516251625e-12,1.592053848306637e-9,-0.011272341849612408,-6.651361012275696e-11,3.593524983333531e-10,-0.003328672449316436,-1.776267553198776e-5,-1.163053762452614e-9,-4.222821762690356e-8,1.9778678025634362e-5,2.7681377893416294e-9,-4.7935321826230407e-11,0.0008216479823732898,0.19947938397094547,2.89589379811914e-5,0.009987937320702646,-2.4749083936574273e-12,0.09172517309365903,-5.119444826008472e-5,1.7200044794898562e-5,1.4659749834340964e-6,-0.03394774620515004,-0.03535802614397106,1.0032457023111378e-7,2.1778445683123918e-9,-1.1532193159547653e-12,3.782973449427608e-10,2.5802299589957937e-7,2.0489240012926484e-9,3.0019431634460073e-6,7.268816703182582e-12,0.00029171477594470215,0.04421957695233976,-1.7523706011950213e-8,-2.8408540897797374e-5,7.052106252919063e-13,3.2774772240680367e-7,-0.004343800733113054,-2.8634675291637046e-11,7.852496692231438e-9,-3.775923309188731e-8,2.784374035274083e-5,-1.1753450449091906e-8,0.0003360037045548079,-0.07456822486734593,-2.2260379148616577e-10,-6.411439176233126e-8,-0.006563663955734188,-8.552651783574556e-12,-5.039982624922681e-7,-1.2632198233605288e-10,7.970557300265613e-9,1.3797785364385371e-7,-7.822355354869412e-6,-3.3180005924232e-9,-2.2142965852074054e-10,-0.00034495718935744526,-2.5757758936627736e-10,8.373040268272192e-6,-9.607681663248752e-8,-0.00046617549289595294,-0.01703488913221765,0.2973238786805779,-3.724516696881057e-5,5.8681772622026866e-8,1.5943034440141699e-12,5.328244613568725e-10,2.6407221517453906e-9,-2.9087271217693606e-5,-5.685959609102641e-6,-6.341226641973405e-8,6.844145973164481e-7,-4.9354776697991576e-5,0.007095884797629762,-2.2118863731808665e-11,-0.04910692601441438,1.7398002457429017e-12,6.740623847597484e-12,-2.5582798351677888e-5,2.417385975385574e-6,-3.413927088711834e-10,6.2683993426108884e-9,-0.003086639643039259,-0.05254091264619146,-1.8163137256332208e-10,0.33598077628213074,-5.1535587447892936e-5,-0.027520867150761626,-0.005930783836271491,-4.1401441645087726e-9,-2.1438515624679588e-6,-4.046277788337307e-13,-9.828312569627928e-12,0.01989527493015625,-2.6469542206030467e-7,-5.210457135007718e-9,8.253423696775488e-10,2.2546142009640643e-5,-0.003839821747523454,2.7866662750145804e-8,1.3741454178673998e-8,-0.0006250587095723345,-1.403427657128064e-10,3.0871850903510856e-5,-4.528372267384222e-7,-1.7871494653139274e-11,2.1647037181886454e-5,1.4042758397708714e-8,-1.9287502621603752e-10,-0.0022448570161664235,-1.9048138231820653e-6,2.351553300990266e-9,-5.299473464068782e-11,8.417937264990802e-5,0.001774332798179087,-1.256358440718388e-9,-1.1561539843413512e-7,3.863527553721159e-6,-2.1420905897147517e-5,-1.7354459044944417e-6,0.4527498777511116,2.0330234062537017e-9,-4.6023539224612946e-12,3.268552354493084e-7,0.0006999513004848454,2.8758595636492043e-12,-0.005372859665596907,3.340193435379699e-7,-4.569385164539441e-6,-7.860699116609726e-12,8.731384764914159e-6,-1.7336555859108004e-11,1.1154031948408543e-9,-0.002675253444559585,-0.009892913337165923,2.7812550260936206e-5,-9.053519528088735e-8,-2.172661881747859e-10,0.17325886738148905,0.5066981326695912,9.777044928765593e-12,5.796394468338297e-9,-6.0355933750232836e-5,1.1598993945816913e-12,0.0499197462412223,3.8479674160580176e-7,-0.0007658097411174541,-8.72024226721196e-8,6.535646296410635e-6,-0.011061940639317532,2.728267673345441e-12,-9.564150845860455e-13,-2.756827181893909e-6,-1.7129146294466194e-5,1.896135097965592e-9,0.004191869543905872,-6.614010918036821e-11,5.619887481579683e-7,-1.4926911375916375e-12,-0.054366147657930276,-5.815403867194786e-10,0.4937812500446628,-6.805285612953736e-9,-4.8458605444674887e-5,-1.0207570160177757e-10,2.2129494429943635e-9,1.7075517992560905e-12,2.4779355264589344e-5,-1.0212270750227415e-10,-0.00025650573171453784,-2.709549644828127e-9,8.506711375059638e-9,-7.840118124509472e-5,-3.3451439165403264e-5,3.0639995922758955e-11,1.2833068022576895e-7,9.397106446523411e-6,-8.89205277661949e-6,-0.015950939113697687,1.3487692526072057e-12,0.2731302338473168,0.005417711061571075,-0.0006460966582174934,-3.384632083381906e-7,1.2296806329527942e-9,1.9296359491131137e-12,7.17331059065867e-8,-0.006255327453778167,-0.02696480189553634,1.499828289346768e-7,-3.731951512440003e-13,-0.00011384812921545368,3.9255720090771256e-7,0.0014097509759770242,7.059392807555652e-6,-2.561282794523179e-7,-0.0004917484189514407,-9.780096785912261e-12,6.49057849118006e-9,1.3588426470307017e-5,-0.0371871354617653,1.2575198555699358e-9,-0.026954575485527127,3.940192784494454e-10,-2.7483725263525886e-5,1.4227336539428943e-11,0.000218530197975866,0.028971419909066886,-7.814833111821772e-10,-3.600655677438044e-7,-2.4941915166425198e-8,-4.9810539227245883e-11,-6.047364603961571e-10,-0.09026089516768848,9.661251440387326e-13,-5.3557467434599394e-11,1.5696059166901767e-6,-0.022462226552993982,5.8784763734462845e-8,-2.0345566308461933e-8,4.516328719140739e-9,2.0618947893617195e-7,-0.0009120391442251085,-9.686705407211253e-5,-3.49882295441856e-11,-3.541213484554019e-9,-5.436478371786506e-12,0.06435806567606271,-1.756486045795366e-10,1.767100213321557e-5,-1.9028229551609857e-7,-0.00799020537527792,3.1857550172856515e-5,1.6740400069958352e-12,2.1918182061175286e-9,1.5575164885312773e-5,1.388829137258855e-8,0.0004223930246751356,-2.729888585338292e-10,2.777117349663968e-7,-0.00011366975228146542,-4.365836059474259e-10,0.06895652176863237,4.3250297074259683e-13,-0.02613605150912997,-2.3232830819877265e-8,1.0645564910342572e-6,0.4974173250951892,7.566427717071668e-9,-9.699803734923318e-11,-7.693087200019903e-7,0.0022304813104738162,1.5629509851901467e-9,0.033384090993013635,-0.0002528518513307122,-2.403167463418998e-7,2.3432917948183823e-5,-1.3652924920767938e-11,-0.0028173022891752773,-1.006239075807794e-5,2.2708878409947144e-11,4.1234053067669e-9,-2.3925371855023816e-5,0.009923505418465059,3.0305974177751124e-9,-1.85525955852408e-7,-0.0003076787079483085,-0.009964294575554129,-2.997365222840298e-5,-2.7651014836612055e-7,1.6560956415306773e-8,-2.661059278169623e-5,-0.0011406868231212137,-3.69204390420435e-7,0.14372844483032118,0.00017748108232000653,-0.004336960193949231,-1.4589957707072977e-9,-2.0461286176864473e-9,-3.0974485517732046e-10,-1.4817051285455212e-10,2.4101779575960577e-5,-3.989962939232883e-6,0.0819109929630365,3.653949480933445e-8,0.07544514904728468,9.712198344682596e-10,-0.0017474170009978691,2.9426074203329007e-7,-0.0014913215683332284,-0.010820649186549134,0.0001611919301847309,-0.04343083741440752,-6.94568082212169e-5,-5.971168196160805e-13,0.2876612714436099,-0.08445453449839699,-1.988308184894793e-6,-2.2113597358712007e-10,-3.7694841308979095e-6,2.233500079420987e-7,3.918706648447591e-12,1.733644842207157e-6,-1.5377467046882545e-5,-5.5499415313476445e-5,1.2986900413262103e-8,-2.385283561526772e-7,-1.623149720439279e-12,8.299889271109897e-12,1.2322287079666606e-6,-7.185814247870906e-11,2.6396988041471018e-12,0.00012337678538600126,0.00314482666490576,0.11458674195175877,5.022623501659786e-12,9.525558805289149e-5,6.148062111448742e-12,-0.02954132940638881,3.4040955829053875e-9,2.739077598443034e-7,-6.081888316418598e-13,4.62886032867544e-7,0.1432989152628639,0.026584980503831082,-0.041203206946426686,-0.10303036069255402,-0.013480739770621782,-2.4314370207525046e-10,2.6673223065383632e-5,0.00029456689080426646,-1.0633705764591322e-7,-0.006708104743159306,-0.01666718296046759,1.6864972042268228e-6,1.2425605181765455e-12,-1.379602531438761e-5,-3.687101596162831e-8,-2.247704893282447e-7,-0.001614278189656511,-1.1851777182009608e-8,-0.0008306171029797095,-1.377882448107956e-10,0.5967650000145104,-0.020446477953382655,-0.004392011466882681,-4.559518868970572e-12,0.0006135358991915697,-9.96025942252596e-9,6.0094510220814824e-12,-0.025822128682237586,-2.2436738675054685e-11,-1.8789532178772257e-8,-6.525969651143843e-11,-0.00015921683714268127,0.06346718135701662,-0.03699396552939633,8.987678094121e-6,0.2587887349378717,-9.14089630321026e-8,0.5466925673984622,-2.832272917118198e-10,-0.002976645775735644,-0.002305257803220821,-0.00457739583122068,5.311345307564091e-13,1.6747543383901521e-12,-6.628047728235424e-10,9.033955377380959e-8,-3.928234487061085e-5,6.408918077678847e-10,-0.024139478409558417,5.330474006083788e-12,1.8066126038932644e-5,-0.002841065592021661,-0.0008175228711988279,1.9262124185450615e-11,0.03714349831678207,-2.627748888049714e-11,2.3343604889946174e-8,-9.39614979780136e-11,-0.013542702658616195,-0.030511011044609855,0.0042000936738450425,-3.321844081665838e-11,0.11705660898886354,0.013323610379164496,-0.027430475482794536,0.000315360891491125,-3.4378451851968735e-12,-1.5913347885165182e-8,3.2460247638717397e-9,-0.015002923053376919,-0.004500547353857389,-0.08448755745392009,-1.0785329862167904e-7,-0.01554736297013949,3.4774965662287053e-12,1.2287817371667054e-7,1.5817942361998582e-6,-0.03147779888063406,6.557815678393873e-10,1.3283959724975496e-8,-0.010185384472514646,-0.0005641840372213043,-6.248044457716872e-7,3.6758620448010936e-7,6.469144336360601e-6,-3.288510231652482e-5,2.7198809191624013e-9,-2.0105099708164846e-10,0.4113846063338784,-0.00016436751144825528,-5.390645299353261e-11,1.340187095115138e-5,0.0009539415995155023,2.1150144787851666e-5,-4.546519960721705e-8,1.0021002108717939e-5,1.1301677939225319e-10,-1.340150628811105e-8,2.0340084180670932e-9,-1.5193311870904783e-7,0.2687412565707677,-1.2078529170318886e-7,-1.3488678359539093e-5,-1.357049187750023e-10,-8.540924168231852e-13,-2.99249936327181e-6,0.0015015923084536736,3.913660124399117e-12,-2.4126551147001693e-10,-2.2690951519847308e-10,5.1794521893595835e-9,-9.304919987091132e-8,0.00047482032493391965,0.0006157816688113868,-2.3003243024593654e-9,1.0801326575962999e-5,2.596030033481948e-9,-5.7052481558411185e-11,-5.8063041142188465e-11,4.634512409752377e-9,8.183020478942121e-6,-4.977933680105868e-12,1.1392319431844636e-11,-1.1964787832291532e-5,-0.002330923558368094,2.8071312036464277e-5,3.5287341130580123e-7,7.046067113732687e-10,-1.3885049364305804e-8,-1.7142350240202542e-10,-4.936824578450663e-7,9.871986784486814e-12,1.2933295781218987e-5,8.550801501957487e-6,-2.377355806070571e-10,5.656306075933444e-7,7.162074907293726e-10,-2.4864547114185818e-11,-2.8134299366442357e-10,0.3987125190063704,7.464866810313215e-9,2.1130878264291387e-5,1.458802719977217e-5,-4.095411489906307e-11,-5.98325330909312e-11,4.784386677933952e-9,-6.635063188795686e-11,3.6565963063205387e-6,0.008021871100805943,-1.361613923129878e-13,-0.0005607665061710307,-0.03948940517100365,4.023411252981995e-13,-0.04167405791673517,1.0207671524260166e-5,1.4337282383477999e-8,-3.362535814095728e-8,-0.01716564704290554,4.2475225925331307e-7,1.5738096475358428e-7,-1.0114451173756594e-10,0.004538920112196487,-0.017728739309549837,-4.7971889915189374e-11,0.00041167973166541746,3.416593452267322e-9,-2.5919989281365008e-5,3.576971753830885e-6,-5.156123525087373e-7,-6.531103308973324e-10,-5.91031211146749e-10,-3.708571446765698e-9,6.061293162589759e-5,4.087114573293543e-6,2.3658570908439645e-9,-1.8149935647155361e-9,1.5972193395295517e-11,0.3665784465264841,-0.011670732418837029,1.2940034737314568e-13,-1.0295091587935512e-11,4.139475244298248e-8,2.537552993876041e-12,5.134533392733342e-10,-3.7628730785597943e-7,-5.529507006577456e-7,7.547948856349859e-9,-4.732329084526422e-8,-0.003991271711478859,3.5353011499380035e-6,-6.771892596415562e-13,-0.058101802938081634,3.475117087558689e-7,5.404596042740062e-6,-4.314844622821656e-5,-3.951282713402985e-5,-7.870378312491367e-12,1.085482869832285e-12,-0.0701918606896923,-0.009373115124004258,0.5014987369855641,3.2931547823405505e-7,1.322328373053602e-10,-3.4585874362772026e-10,-0.00033567775195144256,1.9564388718264184e-6,-0.04932134967320739,-1.5049796102532256e-5,-0.0036058065901018637,3.998476223600797e-9,-0.021264271062072914,-2.4836010460350106e-8,9.561629866514226e-7,2.871476982870651e-6,-0.00016971457702719,6.042300351992495e-9,1.347675626578941e-10,-5.281353018756289e-8,0.13717757175220102,9.210088840388034e-13,-0.006787481313447157,-4.593507278542447e-11,0.0001579995529841051,3.5299202520067506e-10,6.564809974985515e-13,-0.00046973315900002166,1.1030992987838245e-7,-0.00035119188783673544,-0.0001440364359864172,5.525046778766416e-6,-6.513175933582298e-6,-3.2548851473265345e-10,-0.0025830858385728437,-0.012807554807571524,-2.2330716263426873e-7,-4.549712561182126e-5,-0.00334466760467151,-8.641017876163104e-8,-0.0008362418554523749,-4.692166098802579e-9,-1.8686103095772723e-5,-1.0821652594881863e-10,-2.3841325135252222e-8,-0.01575453515392719,1.0583417512248124e-11,-0.005271278473920663,0.3514011783332341,-3.7765111191211947e-6,1.5008814817490934e-11,-1.5248871846164901e-10,-0.020934703272099092,-0.0005858825606399646,1.0718521119493798e-8,-7.356739498980978e-11,-1.0664305545557271e-10,-4.867644296491564e-9,2.769585062052881e-8,-0.00021624160898309664,-9.940516013457305e-8,-0.014688774847130586,8.741052918123004e-12,1.2337686552387062e-5,-1.4876961901158259e-9,3.016122728973643e-8,-0.01643025865102818,-1.3281758724191795e-5,-8.463362420761032e-10,8.322978687314745e-8,-4.2511936717089034e-5,9.11368680961954e-6,1.294608972983104e-9,-0.01829659953834478,-0.0017615776072449905,1.7175457405747482e-9,-2.960552728633612e-7,-5.987175146633151e-7,-8.945457089586882e-8,4.1667213930687526e-12,-8.29861041117224e-5,-3.4013479287148396e-8,0.5815293320729822,0.02091118810224879,-3.977462479826879e-5,-0.006009631561749041,-2.964059891680885e-9,-6.000472187841927e-11,-5.121192336269265e-12,4.202595619537234e-6,3.4898543411988974e-5,-0.002477249478833698,0.43803138624188226,-2.344009438439476e-10,6.89794315377271e-6,-5.628090746841882e-12,-1.4407580723968765e-8,1.0117267940611014e-8,-1.5971241809743934e-10,-0.0011613708716413026,1.0266418163535748e-9,-0.000548858924494478,-6.270959786534809e-5,6.712018710116522e-5,4.033059273070002e-12,0.003091967698454248,7.998228445637381e-7,-6.149321320231285e-5,0.033797374509322756,0.1506067573516525,-3.5530297178872504e-7,4.636624589319449e-9,6.776794147826043e-12,1.209216273857781e-12,3.4977193980819736e-12,-0.00016818655150362428,7.276318883279288e-12,-5.282100066833614e-6,-0.0013102699533599253,-3.514676001679157e-5,0.3040908476733619,1.0970009379429416e-5,-0.005669598547006716,2.5847135254148103e-12,3.259981770769039e-5,-0.0009823077423243523,4.299170735427056e-6,-0.0014101975999102768,0.07741074173037452,0.016788679182231515,5.326624898282263e-12,6.671599979954318e-6,-1.5594819877417637e-9,-4.052271433588674e-6,0.21230242517388337,-9.847298844865803e-8,1.6882621014241558e-9,-2.590606900831289e-6,-2.5107295621691342e-11,3.0272427709054325e-5,-0.004151207747896846,4.062383423417147e-9,7.786999562904783e-8,-1.7515951788890312e-7,-0.0010832642029476793,-2.173463684883566e-7,-0.0734698685219051,-4.331621033881076e-12,-4.6568529258127615e-7,-5.474547419981057e-5,9.38920241789922e-9,-0.019286086610993486,2.7257985373200688e-11,-0.004082277215025061,7.826504436523482e-5,0.32130350209129727,-3.781804410889343e-10,1.3140012205401628e-8,5.120399109368036e-8,-2.831880059877422e-7,0.12072213780551086,3.240372358992168e-9,-1.17385356759915e-10,1.1071425729736417e-6,-0.0009730548178096717,-1.5433076342309868e-10,-1.904843002720551e-7,3.852631262263481e-7,-3.9849603661727435e-5,-2.159363301740612e-5,-8.909292975506704e-12,-5.773949312615823e-12,0.0011111950981974373,1.6257634222233407e-5,5.271075081897383e-8,1.969849933378169e-9,1.7738029903193838e-6,-0.000515240598441076,3.7411100551707756e-7,6.0047343699904395e-9,-1.2583679994731478e-9,-0.010576346679088506,-0.01061393712714472,-2.950087661995553e-6,2.5350412719008322e-5,-0.0001737536134736302,-0.00023472564013819907,-1.1037125158059476e-10,-3.690228013797198e-11,0.3507007611501628,1.83428191985694e-5,1.7576111191969395e-12
0.0,0.0,0.0,0.0,0.0,0.0,0.0,0.0,0.0,0.0,0.0,0.0,0.0,0.0,0.0,0.0,0.0,0.0,0.0,0.0,0.0,0.0,0.0,0.0,0.0,0.6361016043741285,0.00019213922147818255,-0.01223543257086105,0.025880148801003616,6.754101510536165e-5,-9.165939703904492e-8,2.59802132048831e-7,-0.005944881777660935,-0.0016375970846637068,0.12808066115974717,0.017058831873755724,-0.00021867644779572108,0.0005613099884375096,-0.0247643922401652,2.852056248265928e-5,1.4062466804173986e-5,0.0005017354935337275,0.018041062415529684,0.003362441446787783,-0.034274221366245146,-4.460504580922809e-7,4.851328218229961e-6,-0.03347393213606491,3.947764671608608e-5,-1.4562001009223448e-5,-0.002882979618843888,-0.00015065866075891036,0.000601605408895335,0.05680581713707285,1.1589675331408464e-5,-0.0173238196412922,-1.994699489457349e-6,0.29339280215021896,0.0017257362125709154,-0.0314342630142425,9.027312411494815e-6,-0.0002701832769430123,1.0272974946607815e-5,-6.0944311028126436e-5,-0.0003342491451510625,3.3727087071506657e-7,0.0060549805112433235,3.3950836682990704e-5,-1.19686499480314e-7,0.002143198789882542,-8.967848102032269e-7,-0.03060899311203019,1.3257124532908868e-6,-2.295584500033007e-6,-0.00045690311408280005,0.0007035680403040942,0.2401553716917564,0.18495241427876455,-0.005793976812764794,8.537652308848012e-8,0.0023457336107815144,0.1088060955407718,-0.023609028189363907,-0.008304223680418464,-0.03841486341302066,0.22124331892137716,-3.8106901415397374e-6,-7.961644791623102e-5,-0.0013424600131198797,-1.5816887378391925e-6,3.884480891726248e-5,0.0017511171518556146,-0.069911323693586,0.0001750179444357092,-0.0015779925425950694,0.24424628503759452,0.0002563060421090775,6.126639570093502e-7,0.00030783250308070114,3.3444176225928395e-5,-0.009855491305243833,-4.29501005400885e-5,-2.303399283967263e-7,9.881427366114339e-6,-0.0036512555756969467,0.01938248482291072,0.3943212742235759,-5.846209154338131e-6,-0.00031402142106058044,-0.01568357636011932,0.00017997020685335446,-7.169743512016602e-8,7.544677419581131e-5,-0.0134996919413648,-7.462150403417126e-5,0.09685621339966588,3.790281922591743e-7,5.3706719320518925e-5,-0.00011844017770658687,-0.02363192897900735,0.00041678330270410017,1.1947853865918544e-7,-0.008950420198038142,7.958410277122354e-5,-7.101250779455175e-7,0.0007731134044307788,-0.004223593822989579,0.022546922576762496,0.0027252390558630663,0.0015921432975130395,5.496204158164573e-6,5.392147746965959e-6,-0.019598973842769037,-0.00021265138844318008,-4.285371205249314e-7,-0.029365869326690594,-8.214355654545077e-6,-0.0004477073224941696,-0.01756669130433609,0.23124454881262796,0.0006745854184973537,1.8914948014303424e-5,0.0036166560129288466,-4.060837664208037e-5,0.25215803924314595,-0.011675255342887141,-0.0054021716756472256,-1.2178103512242e-6,2.10441618777735e-5,0.00035685785888737455,-0.011193003206860305,-1.1648729610638143e-6,-2.6510071543113995e-5,7.284907898919816e-5,-0.03200986271891468,-0.013595744742781574,-0.003552445071331358,0.1263704054239062,0.01127955844588827,8.429926868064731e-5,5.071183952384169e-6,-3.8559222246251394e-7,1.9920721997382694e-7,-1.1388499391761375e-6,-0.01428273340885793,0.14846117838352146,8.566229964738274e-6,0.0012183483907171944,-2.7153094477507756e-5,6.469931475666366e-6,-5.775065480343597e-6,1.7830796546212823e-5,-0.013630597128288409,-7.324128804673374e-5,0.0005695701738315164,0.0009564130973983094,0.2831803823956412,-1.092134558321445e-7,-2.2486310511325658e-6,3.550010864061595e-5,-0.017146340276246445,-0.0005666012895174063,0.00011092623898958659,0.1730208499485795,-0.001685002854750019,0.06668840317877014,0.0015185344915398622,-0.009666694489990565,7.323172393768084e-6,0.0035448623731048766,-0.020436795233077266,1.4720711077461205e-5,0.0021228256849518835,-0.014973784585918408,1.6601417507680855e-5,2.0582957627577066e-5,0.0836365298432208,-0.0001157509530770442,-7.583779118897938e-6,-0.0029069857045375767,-0.00022455498850392877,0.00016792322630785817,-0.010505212250551762,0.3209802877385338,0.062327984961609,0.0664098509700524,1.8239567442915314e-6,0.00043814880634830347,-2.3144822925540626e-6,0.11686404212006213,-0.0002908057858120627,-4.6665520516938896e-7,-4.855594285044391e-6,-0.026768201380842314,-0.061460133227359895,-1.524946725501645e-6,0.2623022709074665,-2.0238712263296e-6,5.7306754480524765e-5,0.00042631494502267053,-0.0007574347487936105,-0.020693522132170027,-0.005239100482286053,-2.4985891533213257e-5,7.185278933523203e-6,4.59706169365422e-6,-3.15589296454892e-7,0.0004800247453472406,-0.01438384684344474,4.274885933911961e-5,4.1050668842717954e-5,0.14523539026130167,-0.0003065349742188547,-0.012535707208941772,0.26853809318559374,8.130422697389017e-5,-1.7614977795229234e-7,3.8723909731066693e-7,-0.035064292628470946,0.03874706759597727,0.0002043699626757424,-1.5264112190538586e-5,-5.917742800652503e-7,0.04790699148882521,2.0740626880835035e-7,5.62117670919703e-6,8.552262489009961e-5,5.9602162703907635e-6,0.0009676561177137427,0.005693156658799527,3.7777633949196385e-6,-8.683320192837205e-5,8.724717534412032e-8,-7.45618072857184e-5,2.9065257469899313e-6,-0.00016156132970316167,0.0006949752477023125,0.0008979647124903501,0.003959855415956657,-0.057266962589997965,3.1009402155910245e-5,-0.02092439875059697,0.44146528849981304,0.04220352484294267,2.7712097883291884e-5,1.2298252138844957e-7,2.2957794927969974e-5,-0.00015104502140597128,0.0011788532150625913,0.01455844006011267,0.0001222761883977224,-2.0132163161619344e-6,-0.006574744428658132,5.182861957772916e-5,3.3566975623699216e-6,0.05221664846100378,-4.895093140293701e-7,0.002775438705583319,-0.03437423453646559,-0.0005388000069713772,0.06946677402829403,-0.017044633500164025,0.000812684849037193,-3.900614267837524e-7,-0.0011599806909293035,0.3303976535545493,-0.00012605242859639636,0.0003084208515489883,-9.918368969150686e-6,7.265408195499276e-5,-0.03253061385327662,3.250658690415224e-7,-0.0005205671472354362,-4.8715626294477194e-5,0.0002667534015027285,0.009865869863336056,-0.003941017319282224,-6.13816158661778e-6,3.674591435339568e-5,-1.7498695041019812e-6,3.2933314138264577e-7,1.4140939528781148e-6,0.34647085990916504,2.0082253275270906e-6,-0.02788148029474176,-0.0009737423482530263,0.0002644620598761926,-0.005358305522003834,-0.013370051578368342,-0.03637864749822873,1.2761148758643011e-5,0.0011466036222588544,-9.938724752454754e-7,8.093322342792323e-7,-7.498130758854828e-6,0.1298690149063422,-0.013448879463060417,0.00011610315941707112,-0.021860190667561875,-9.133858543584615e-7,-0.01304045234555127,0.3963172146350251,0.0012697663319999493,0.00014262254058449136,1.5135114688883458e-5,-0.031212908677746586,0.00889961605941773,8.773270927787197e-5,4.261938921408543e-5,1.0882826013457944e-7,-0.0005736694810494884,-0.0010694873974056401,0.06779879362828731,1.0915644189687656e-5,0.0006843017038931062,1.012221050036665e-5,0.008726630474165132,-0.00031758652884172634,3.004702480182275e-5,2.508360623100179e-5,-0.0213195308648856,0.16367044806484074,0.1423182969327273,-1.5896787768158406e-6,-0.00038423161478355676,-0.04930918061212161,-1.5722677685950034e-7,-0.0019091024362927526,-0.011128647477084875,-8.343949441149757e-6,0.00030470902621360124,0.47324738518999643,0.00494744881171188,-8.167218110502918e-5,-0.05254559280734114,-0.01720212901865748,0.002132783675044257,0.05223205150024215,-0.0008809727674667288,-0.0055428580033685445,-2.5428455858580547e-5,-0.00040131112793121673,3.4944500566359416e-5,0.00033826320265342415,0.0007721276087786494,-1.1489466798730191e-5,1.5256912185751099e-5,-0.02500216908220699,0.19481322525226802,2.1673438451409928e-5,-0.006954865657490688,3.279168224183746e-5,8.995006517120329e-5,-7.555037768201813e-5,0.07163947293754183,0.0021429585669835737,-0.0002983810652926854,0.001151292932828414,1.627375362700096e-5,-0.03542947072559411,-2.6713664609919196e-7,2.3800318895583943e-5,4.42422001325392e-6,0.049648656205882206,-4.7654467015022765e-5,0.2661320653949903,-0.02653493841815893,-4.355018194970453e-7,0.3712304121255917,0.06282925473434027,-0.02712663349297364,-0.009180085622857811,0.0034314638408847005,-3.5948197876223554e-8,-1.5805172786687064e-6,0.046748809296005576,1.0416999937835144e-6,3.7552408301942316e-7,0.001464908995632906,-0.00029257391826279503,3.133607544072234e-5,-6.852639073915757e-7,-0.0004641032305513276,3.2476193204787274e-7,1.4613176976306952e-5,0.00023307551555031952,0.013753376188861395,-1.4722629345879532e-6,0.0835832786476173,6.624979161119166e-6,1.2987448490762653e-5,3.632778359045824e-6,-1.8305979497182024e-7,7.733077762948833e-6,2.6863335521220037e-5,-0.00766959489638885,0.0023288345367725337,-0.017533782455725754,8.916126790059392e-5,-0.0006040849153352955,-0.011886218732729496,-3.1143591032833334e-7,-0.07674407363855427,-0.004879736509579885,-0.01870371310532981,0.00015272403383459154,-0.00011446226075437624,0.004331498437732682,1.5401060384878525e-5,3.213078384585192e-6,-1.0421191674443116e-5,-0.0028872388545828497,-3.5924626550469227e-6,-0.00040888642926294595,0.0015816831656919126,1.8481880209989012e-7,1.7237245307014076e-5,-2.816975506416702e-7,-0.00029461592384730494,6.531889431962555e-6,-0.007517782490533893,-2.1413688423596334e-5,-1.9298888161075153e-5,0.15858852428619513,8.046611926506605e-6,-0.010888508586554303,-1.254086261259862e-6,-6.594598295486582e-5,-1.9139576231916235e-5,0.0017826364156310552,0.0006724219024039238,-8.391271514572275e-7,2.48000367860285e-7,2.709274251747703e-5,-0.020881355419976013,0.0029044409319000427,3.986779852654456e-5,-4.146577043745195e-5,-1.9865120555200047e-6,-0.00966953751565301,0.0006979286314376541,0.0019527818186551129,-3.818148361076051e-5,1.2053260731548015e-5,-1.867306517358591e-7,0.03335837882457855,-1.1352485256337568e-5,2.3731397835047112e-5,1.9385179235616642e-5,1.9535876292588854e-5,-4.1065406559413714e-6,8.678668297524791e-6,1.8652263296460108e-5,-6.892331100293385e-5,0.0007326088979507238,-1.1895585615476273e-6,-0.005453669530757462,0.00024790983588792993,1.8438944598234493e-5,-0.0002373582361424756,-1.5450064306854623e-6,-0.021778960002444378,-0.00011356467574411224,2.7981408052359616e-7,-0.02078606935280384,0.2822162374650565,-0.00030507830327407417,5.582000292491063e-5,0.0016386527969933006,0.00030085387117677044,3.663396125281114e-5,-0.03353444670994539,0.10895523020280216,0.517312596664984,-0.011355000471738418,0.00022486252916146938,-2.8934713785584144e-5,2.004834127845824e-5,0.0020818960215268794,-3.382876885203849e-6,0.5170210691506185,-0.000485476995406527,0.09291238194141312,-0.014705764766537033,0.21494275729951562,4.682556242967809e-5,-0.0043247961258559816,-0.00011291905240899782,-0.011130848695415023,1.681595142751462e-5,-0.004963273059877284,0.14499229843329647,-1.9637200240475468e-5,-2.7886495703392963e-7,0.23936789860878172,5.4360668507648064e-5,-7.829125177771408e-7,1.211052365993542e-5,1.4234592657700947e-5,0.00047456209094518074,-0.007516036802240412,4.45104818565207e-5,0.0008895369146804315,0.00030588294430014665,0.12502054716073252,9.778958941500204e-5,2.6791059043730498e-5,3.6182745654131193e-6,0.0002702670601986811,0.4809725736068521,-3.0234892641280397e-7,4.273410623865066e-5,0.07798006362838804,4.502505442205204e-5,0.0013497804459769328,0.03766877774255959,8.890701689492077e-5,0.001481838737246004,1.9486805599654896e-5,0.10279382030984772,-5.577730277453491e-7,-0.0014056283324289634,-0.0008553467510816884,-4.75385374855499e-6,0.4353964451968893,-3.920130379840868e-5,-1.00570063817403e-6,-5.110760752737579e-5,1.18035277502667e-5,0.0006991580440579049,0.2447727839998966,0.2399852067960017,-8.484718661768068e-6,1.568628015950802e-6,0.000953178288288949,1.0660494175901185e-5,0.22441715829088016,-7.71268490783048e-5,9.488485936994877e-8,-0.00037787355947123104,-0.00014880442415482478,-1.1670549152884667e-6,-3.1693155427528333e-6,0.4536713210178427,0.001802951130809108,-0.0009651766482456324,3.3079530880745008e-6,-0.02184231037254749,-0.026823765798930234,5.538624675950285e-6,2.1334202697674054e-5,-0.00010067457212263683,1.980418504847293e-6,-0.00023813768583597937,-0.0002790891094264485,-0.0616802441997324,0.18103355186914938,0.1864494080309664,-0.004026781249801654,6.195135611244719e-5,0.0008866989011829406,-0.0042015075742103366,-0.04654486128563428,0.0004984293570148642,0.0003169010341013054,2.9477605169370663e-5,2.228278372188638e-6,-0.0001620001073692836,6.430616292323124e-8,5.234242001167354e-7,-0.0075741875660746355,-3.582153094157651e-7,8.755956926510534e-5,-0.023249461964823765,-0.0265911798698374,-0.003464243267990449,-0.00995682373896453,-0.0006992067168209142,0.2772483246927791,3.192048512466747e-7,1.5367883133327814e-6,-0.03269008902067732,0.1748058332325574,0.006583372763046317,-0.007946933992886417,-1.3020319870403565e-6,1.2645921862339047e-7,7.378638839671657e-6,4.480908092786469e-5,7.180146379576277e-6,-0.035867244739735474,4.25395613905266e-5,-2.4344070926089657e-5,-0.0007403182576635271,0.025012829791488115,9.033190445278576e-6,-0.028607142100776844,0.0007560596533474855,0.00038014369799949555,5.097925944640334e-6,-0.0005456707436762086,0.1751994763685738,0.5333064858820513,0.0016340464324129784,0.0017758002598358034,0.0003195146795275368,-0.0038866509451226296,3.573945148378637e-5,-5.4013484400093787e-8,-0.0019947298376135096,3.448827145144216e-5,-0.00042675475932285665,7.255150517241433e-5,9.100215379484272e-8,0.0016612618611984375,0.05049848537418098,-0.018075171921890225,0.005050792845114794,0.14312763341682974,-0.018941502841623985,1.6446781535840054e-5,-5.424674578833188e-5,-0.0002036051752855363,-0.018369991549195257,-0.03357474444021004,0.00016180934412163495,0.001480392445045512,-0.002047458539308961,0.0010384360336005898,-0.017956389039933636,-1.1470499664927868e-6,0.007550314288815951,1.745618060500093e-5,-7.188606119182126e-7,-0.0001425914865101628,7.690117856877089e-6,0.0747710252010053,4.6599982550524506e-8,-8.991642372313676e-6,1.2264275026543331e-5,0.00038043733100678054,0.0013154788635612183,2.201868687475091e-6,-4.104677527523271e-6,0.0010693130522058177,-0.02257899917257836,-6.244740948402672e-5,-0.008011111539737261,-0.0006002251521576795,-1.7991923053758982e-6,0.3092730975416277,0.000236743244842856,-0.01719711286159592,-0.00018807417677516185,0.07578521775522269,0.00011042946399369505,-0.015041426822747795,0.013976503409950627,0.2994973302942679,0.0001399413832801997,-6.331042770031188e-5,0.0026016701270344025,-5.343140409777816e-6,-0.022043407680992663,-0.022477505733089983,-0.017892294409840866,-6.298183772789665e-7,-0.003820039195436472,-0.020854168982150572,3.5361913936516874e-6,-6.250827105594779e-5,0.00261371094294967,3.672987722764129e-5,-0.0016963812903039615,-7.556858601470259e-6,-1.0009859888756718e-6,-0.008747751885388177,-0.029672690064930424,-0.0016832563997304748,7.13899812989915e-6,-3.042732464298559e-5,0.41148311511767577,-1.430534333884902e-6,0.0013000646902605831,0.0010796556509465518,2.445228531964068e-5,0.001375419976149558,-5.897791963658434e-6,-0.02027232317987337,-0.004439002967804466,-0.0002400927339764236,-1.2151169012247027e-7,-0.0001696065800279303,0.2292655595207588,0.007211205835400708,3.770713780882267e-5,3.1389360567162906e-5,-0.022525925057489227,-0.0038548830106574328,-1.3604257520890394e-6,2.6592166085595414e-7,-4.983355093303635e-7,-0.008620431741847944,-1.9963809432232055e-6,0.1285105372122469,0.0011912692441791502,0.004393173731225135,1.553467115335708e-5,0.21065518617195447,0.0003531444759088526,3.185072011652458e-7,-0.031168281882509925,-0.00035640150728453193,0.3851482317414561,-9.162818157471892e-5,8.94243817559214e-6,9.393921768923332e-5,-1.7693719333281576e-6,-0.009673274409368141,0.0005364476949759999,0.08698353150709663,2.8806233893542546e-5,-0.0052472412973426025,1.81564864250481e-5,0.010578001010465334,-4.3759613098372786e-7,0.003958632383151194,0.00020803186218178193,0.0003480176194874358,0.04501043663727635,-0.015075305766014707,0.003663161572549598,0.0269253788249497,-1.5742204509192166e-6,2.191484088927666e-5,-0.024067743971934008,-0.012514576769305666,0.0009304894339125243,1.9311204268018145e-5,2.6386081736405565e-5,1.7199945780610125e-5,-0.000509527033330966,1.5446295381920486e-5,-1.5414932194185208e-5,0.0022963544320634514,-0.020697325845748224,-0.014674469030440689,2.2138513666561265e-5,0.0001325625871642145,-1.126047174050833e-5,0.1402753595528562,-0.0002326318474193568,-1.7099867403127708e-5,-0.013430595589482017,-0.028915048308931646,-0.021852577806885095,-0.016666535057608647,3.2431932045229836e-6,-5.758489560440732e-7,-0.00035298991939040414,-0.03260051399911106,-0.011339904424900484,0.0001197423264305432,0.10821754956769386,0.002521901222207472,-0.018924814490818398,0.0009220876047392762,0.0005429358591688094,-3.11666672803546e-5,-0.001009380778905218,-0.029466343418915398,-0.005461896267784786,-0.02224554277157094,0.006791692089281996,-1.0813517170396882e-5,-3.943735672718455e-6,2.1465920396252908e-5,0.2051393055616508,-8.69765117896927e-8
0.0,0.0,0.0,0.0,0.0,0.0,0.0,0.0,0.0,0.0,0.0,0.0,0.0,0.0,0.0,0.0,0.0,0.0,0.0,0.0,0.0,0.0,0.0,0.0,0.0,0.0,0.632564530042027,-0.010718311170516656,7.524222034795654e-5,-1.823424180387251e-8,0.000855665329392149,0.0006669831305774918,1.8735721699557173e-6,-9.365373356267848e-7,6.109687130463876e-5,9.749177323725385e-5,3.0363846022214276e-8,0.13475282417191717,-0.002055547022672109,0.1149239001386535,-6.630795666727853e-9,0.15877370500919252,-1.0954617995999652e-5,-0.0013182003153199933,2.3534808065950373e-6,0.0006188030981273366,0.030188511448035575,1.0855137479256226e-5,-0.03252703780350732,-0.03550210855604293,-0.03000644936639472,8.242290118828864e-8,3.6190110427464405e-8,0.0005546523761949324,3.166761212277243e-9,0.00817886603112665,-0.005883423425723476,5.274021812023882e-5,0.10937499414714347,-0.006576959978529253,9.311407318972993e-9,-1.677048680681655e-7,-0.01563575149690488,0.05443391901488392,4.817781859200758e-8,0.0013697070564575673,-2.1221067669609103e-6,-8.604869669789832e-9,0.0003738614260108625,-0.01791178363768228,-1.829661054762816e-8,6.343432936105311e-6,-1.8308150396775711e-9,0.003370318468556257,1.5319534514874248e-7,0.22348774256161932,0.00027526966025538647,0.00019505631414342046,-0.009074994509778165,-0.001822623645183613,-5.092756019312782e-7,0.00026804035222430657,-0.00022318050456981135,0.004671857319962188,-5.5931899283404776e-6,-4.341732047228421e-5,-0.013691046365974733,0.0741448498377942,1.735984670705021e-7,-0.021529960962960983,0.26314702218744535,-8.70151866054169e-8,2.389189242050608e-5,0.31210633657546466,-0.022553674061893052,-2.616161370560993e-5,0.014336818061680953,-0.0008354132354110945,-5.384878133447413e-7,5.399103997306714e-9,4.3959396931215725e-6,1.9594100643712054e-8,-0.00024007869736082811,-1.8505947384323436e-9,2.4125824763127657e-5,-1.1099124376694558e-5,0.0003662543116902141,3.1666336881253914e-8,-2.229279471837659e-8,-0.00466466212326462,0.22659847059606433,0.0002230826404479398,-0.033820362030177666,-2.525134597535028e-6,-0.04042610859786618,0.00022020406743160316,0.0007498261370738158,-1.9359404033284055e-8,-8.481241220200431e-8,-0.0016551262716116113,8.584526671854646e-7,-0.00023996260182150689,-0.0011427084546853012,1.416571776960132e-8,0.0030616135085094497,0.01998083934490629,0.036389360456479995,2.2914778540581776e-5,0.02987546377603544,-1.5216155330554644e-6,-3.6684739137616387e-9,0.07662081426720528,0.0022218396871391505,2.1489271700456325e-7,0.0007555131866791686,-0.0034753654020823117,-0.05080855262816438,0.038177382629789085,-0.00048668792497769364,0.0001044918193201243,0.26156264242977006,0.014939662939204104,5.230437581200824e-8,-0.023708489264231736,3.69381748459695e-5,-0.0032384385762983694,2.1551630249427704e-7,1.6368454464724068e-8,-5.816070651399647e-9,-1.8444734817897243e-7,-0.01857590893365214,0.0009333583630252796,0.19527607015644624,0.2835385676543422,-3.967797489720936e-6,6.850097540950612e-5,0.00997501684142905,0.0005229018036222678,-9.563663256390715e-6,-9.629664925898074e-8,-0.017024790093450825,1.34096907894074e-9,0.00046129902031051643,0.0016848483813984942,-7.351747045793838e-7,4.6869809914504964e-5,0.1882243722969559,0.061502593690259615,5.903033719689706e-8,-1.1329353703406494e-9,0.007017125663950673,1.8486527478240868e-9,-1.4548489476062037e-6,6.806266866729386e-8,-1.0973799620808476e-8,0.3075375677463731,0.0003031751339527655,2.8947009832996456e-5,-0.009069072940190397,9.901537606081885e-9,-0.0013112427724629723,0.06363956667405539,-0.02616645268003701,-2.692898019591377e-5,6.322944383319317e-7,0.0002179035750843076,0.07047834868103031,3.5097155888879656e-6,-0.0025704448661788633,-2.8016764168339736e-6,-0.0011176967410532843,-0.016928701169042656,-9.211732846150051e-7,-0.00029928927070276516,0.12891560370980498,-7.570963019838438e-9,8.920170190901076e-5,0.037879497559034504,-0.029054695592453113,-1.5047739047302434e-6,8.243979441660266e-8,0.20452739974591833,-0.0050794024707092765,0.00022093297821947473,-1.4448668011957202e-5,0.00037075586964803063,-1.8613146811019902e-10,0.24424548849634103,-0.00819723439877026,0.0005585029822064835,-2.04350973651138e-7,0.00038806634663515597,-2.8060902493201313e-8,-0.0010046812936014397,-7.1925439181626655e-6,0.00228714299409477,0.00010001809438495777,-0.011619437569680036,0.022879109235798556,3.995950229933082e-7,-5.590574707400577e-8,5.292030025894976e-7,-0.015649884410925147,-0.0511841942849752,2.542275002990881e-9,1.9584701046218723e-9,-0.002207788640333811,0.22527271320157435,4.80651847061488e-6,-0.032985914412675614,-3.542343234406642e-9,0.0004563209668135928,1.548859575659592e-7,0.006189065580551909,0.00013556214937401903,8.50376325445689e-8,0.00020743823592129975,0.0015963303674061337,1.0055786513083445e-5,2.4262154858618678e-5,0.05129893196762272,8.747138727513376e-9,0.01413937452016956,-0.0003452319149804562,0.0008169273146568611,-3.6909881890215672e-9,0.41204035863944266,-4.810151630477851e-9,-0.023176327460564645,7.675250898831534e-7,-0.00576091145386805,0.04812038104495347,0.00024302132379893873,-1.2227907605846826e-6,0.02027068787147123,4.655493876074362e-8,0.06130223583873734,0.004047411625144671,6.891637856871475e-7,8.69872137573399e-6,-0.040481627572047464,-0.009019925158864038,-6.699517919352015e-5,0.00013834010861057996,-1.1185959152314836e-8,0.0003388575339158404,-2.8835930536454856e-9,6.105843081315254e-8,4.139299394884616e-9,0.00028659302266123603,0.35304029836397194,-0.001496028942697018,0.0004123234037136969,-4.8284327972944445e-9,3.3265477286132378e-9,-0.00018862914803175978,8.177164910289753e-5,-3.019791009677447e-6,-0.0020757654276618797,1.3814449966848018e-7,-2.870002106325683e-5,-0.007212840581050719,-1.1757130115045594e-7,0.0007500534357105358,-0.007831640165117563,-1.0394472532451364e-5,-1.3060439178962211e-8,0.5112517107882187,2.0059945753787336e-8,0.049213755448706965,-1.8489573610293957e-6,-0.00010156581534669667,-4.205679234303e-7,-2.684390885093465e-8,0.28196569481304845,7.314657790612329e-5,0.03430746279028409,-0.01540052432019067,0.1719584508217719,-5.073452678668205e-10,0.0011194794870214744,-0.004441390771020557,0.00014217373037479807,-1.6900595803064713e-9,-0.0016070021261864313,-0.013799556230881147,0.05327094559344963,-0.00016219915006093617,3.540127223169067e-6,6.885283662384996e-6,-0.0480976639746675,0.006074975779171102,-0.0028801732601731527,-1.263575964689539e-9,-0.0061639841589956924,8.608409349399993e-6,0.000560802709205087,1.589587664395117e-7,7.078666431246891e-6,0.0014002706515480639,0.003105953118628061,-1.8503150412687235e-5,0.06890947500997242,-9.89716539459916e-7,-0.02252441192820002,-0.0033447496233552886,-6.373349401800886e-6,0.4104027585148765,-5.301895380671221e-9,-1.2043239731550334e-5,-1.3540905396829706e-8,0.0766167026759237,3.8423263706057846e-5,2.2921577162578947e-9,0.16142019677203456,-0.019673612570470452,4.755036514186035e-5,-2.0045697130846193e-7,0.27218501479553636,5.656149949459309e-9,5.846119602194821e-6,0.00042047611040987604,1.0428098186159455e-5,-0.004384457071610379,1.9224878583561249e-7,4.370228915739116e-5,-0.0028593277958340823,-0.0019294882509966478,-1.8903179451485034e-6,4.460479889202761e-9,0.44474996396252764,6.648101233190473e-5,-1.2058757225567069e-6,8.814514446325041e-8,2.5401668225997176e-5,-0.002865506827911726,0.012995216982704508,1.723400005464363e-5,5.680252577161335e-7,0.0009151598270313951,-3.525884191895609e-8,-8.138864995241888e-8,-1.1469122114716448e-7,0.5380189666306421,0.2354920537269876,0.038083492080315744,-0.019831752628823997,2.257869354618247e-6,5.133866082845612e-5,-2.5448328396615744e-9,-0.008392702527477553,4.581539628326633e-9,0.11580309174594856,1.0299353027564067e-7,0.0001855420331746878,5.475711586760495e-7,-8.810005583557573e-8,-2.0638391272600677e-6,-5.991296518426144e-9,8.766058518978838e-6,-5.459373594100048e-5,4.6054213231520186e-9,-2.6473263664170556e-9,0.00023200314221926793,0.049690512837856936,-1.0152588527398946e-5,-0.0024405881067979984,-0.001428677055950616,0.0003547895608001411,0.0001279072281836045,1.1834945208805975e-5,-0.005496930974130313,-0.0005640930617261411,0.00018295267927395285,-0.0069661346967159485,0.0002007630170097688,0.006794719908404604,0.0011540490004148293,-1.4711138974826187e-6,1.0984077704398583e-7,7.0337257274677264e-9,0.0009887047417846406,-9.325859185984726e-7,0.0006747251648762585,-6.642776984705347e-9,0.0448577640696367,-0.00014107348370072538,0.00224051088961565,0.0002895960002612365,2.2991165847289046e-9,9.371378533400913e-10,-2.7229674693901014e-9,-1.2648298184648056e-9,-3.5259629153662755e-9,0.25105935954146663,-1.766168999197624e-6,-1.2817714186761803e-6,-0.0003263554707189696,1.7134646689867313e-7,4.632930886363674e-8,-7.214256449653892e-6,0.00037597898168157605,6.1622686328842854e-6,-0.003367956738879214,0.0018576536211600833,8.239120649859993e-9,-0.022956615257820202,-1.0071274726481714e-6,0.011420904834579968,-1.710751633538508e-9,9.555289839364854e-9,8.64907028771867e-7,-0.012765106109765443,1.1229218762961482e-7,0.12894701065477007,0.0005267632543613529,-7.330870280990044e-10,0.0007488296856735784,0.032760476387338304,-0.008941158099120296,-2.4744506884663103e-6,-5.519773094832127e-8,1.0087575663645058e-8,0.00011771859641385743,4.256573376089107e-10,0.01760632153295847,4.471840714008814e-10,0.08043691590569337,2.3340341664816366e-8,-3.4223149862663834e-8,7.680152709667599e-8,-0.0002727195556326427,0.0007961687443415171,0.17810470550150692,-0.00039745350399095637,-1.767623528240547e-6,-0.03170363716577725,4.245815758120555e-8,0.0007534699814318576,1.956060407183377e-6,1.0339098688383111e-7,-4.3231027100805615e-7,0.12589090749279505,5.27973927557348e-9,-0.0020413938720023296,0.0009097660501274119,-0.03979041280792663,2.8163130887257434e-8,-6.460713310579331e-9,-5.907090623793507e-9,-0.019717689630260004,-1.0754052495076968e-8,-3.590242273740082e-9,7.033237717782295e-8,-5.304837663720175e-7,-0.0011183675484443868,0.012534480938877846,0.3305269479946076,1.9938831715780146e-8,1.234416923091467e-7,1.3715653383659338e-9,0.00366232520612035,1.391249309527282e-7,0.0007006162945786878,-0.01190044603445951,0.0004138241211184757,-8.931361703680893e-9,0.07507433961253573,-0.010050473781291286,1.9344402428547495e-8,6.624577553929018e-8,-0.0016954928242201449,0.00042140830238522847,5.9128756426405325e-5,5.534661347769907e-6,0.11444321392820217,-0.04106632030758547,1.279491570821568e-9,-2.3823358936199052e-7,-0.0077347969692199104,-6.078770751876107e-5,3.8618866288094104e-8,-1.4193165791213289e-5,0.0020635621268229776,-3.414858645196513e-5,0.2992160185615513,0.009190369039903112,0.08051979627341957,-0.007695203806847382,3.958953622648747e-9,-0.0018817644240414608,5.266053952075371e-5,-0.040371528012235695,5.2441439855788316e-5,0.00019063139578106276,-2.443327515239349e-9,0.0006585524610710488,0.061192581231959864,-0.010704720095504194,0.028886428678102524,0.017685474493985005,-1.55223561423077e-8,-9.622005398684235e-7,0.05940233667922842,-3.4599838909401106e-5,0.09530790138460274,-0.027706262715741767,-0.035317199174757424,0.16354195395224344,3.356603041299844e-5,0.000575652849731415,-0.026473688620162156,-2.7846451710462316e-5,-1.674256442472808e-8,1.1093303062170966e-5,-9.8649461128891e-6,0.028211200328181016,0.030425414873826707,0.011307120045076604,0.0001788613639455182,-0.0010423468353288722,2.128942491630251e-6,2.2079947558501835e-6,0.03614104145474211,0.0002892326526093043,0.046041891540347255,-0.0018828885615677414,0.011554387174420264,-2.3075038609323504e-9,0.128664462924691,-4.341947448964048e-5,4.6313115583637335e-5,-0.025516865017973477,-0.0005299071026360073,-0.016524691885508567,-0.01856791047448742,0.000246063141482943,3.322124464466441e-8,0.0002832406953536354,1.8660155809107508e-7,-8.470427000866086e-9,-0.004645033891105222,3.3618671321814444e-9,-9.55934931145214e-7,0.03888296048487209,-0.019845605512488058,5.069777663789651e-10,-3.247663262076208e-6,-0.003386176420698249,-0.006434889513819965,1.2794955669468425e-8,-4.5459528002697495e-8,-0.002902789395397997,-1.6103035270572417e-7,-0.017508797153665368,-2.9054153041482867e-7,0.00012959947697874734,0.0003704012384058727,0.013476412175129043,0.19300693214186165,-0.024210158861512194,-1.2195470130632491e-6,-8.574316453568961e-6,0.4014463069546456,0.3340731573999015,0.16280277189643316,1.1211063399084664e-9,8.440916285217276e-8,-5.648017831971254e-5,-0.008501236675277784,-0.005189129518419596,0.0002701505892776828,0.5243653034347286,-0.003387602053109019,-0.0005694018319891372,-0.009800975446752364,0.019374279341688175,7.038516840482582e-8,0.00012063460056457019,0.0013257576399459134,-1.889995824933886e-9,-0.002160301338401235,0.0001755710620017338,-1.1318908026785572e-5,-6.409286197507361e-6,0.0004840691147937695,-0.00023602488515160386,-4.373335872989515e-9,-8.95294118853812e-9,1.7412784346626625e-10,-0.003785709264647303,-0.021278584061605016,0.12471926487247309,2.9454635144340827e-8,-1.1953464728164922e-5,-4.832325050354497e-9,4.878601510503214e-6,3.3793776749374966e-7,0.06393017975724083,-2.584273094587251e-9,0.001680103823469646,0.0004391759554895392,0.0001581906430344856,2.6791916678199794e-7,-0.018071695018764794,0.5203086471165305,-0.0014127339597640686,-1.8255072905197525e-10,-7.214821204306316e-5,4.682745865082152e-7,0.04244266721432658,-6.106731049590386e-7,-0.03576559101045515,-0.00017486286735194753,-2.34403760176547e-8,-0.0001418741542505084,3.000995472782601e-6,-1.941395756349608e-6,8.072251537132243e-6,4.974909106289982e-5,0.15175462603481307,3.3176801275898866e-8,1.4863093355989584e-7,0.0006178419411383668,1.5058165028488413e-6,6.99807164997607e-8,-3.3032492055727536e-6,1.66260581433686e-6,0.10713269786809812,6.59775799636263e-5,-0.0006521446922099339,-0.0002576365710058443,-4.636502698251128e-10,-0.0033872463373470865,1.7100380280654695e-7,2.5253508562915118e-9,0.00013974816457935137,-0.0006934845545392836,-0.056405622533268654,2.6872416013495754e-8,-5.1009624165265185e-8,0.06657332892890401,0.001623655797050406,0.003606897974295493,0.1865809285461934,-0.0011315267377589272,2.008275475317909e-8,-0.00016617462898987806,-7.959232563614883e-8,0.002668662322471492,3.381798395560611e-5,0.034548973009351384,-0.008564877459956398,-4.86732716474497e-8,9.105430002239104e-5,0.2632943257944602,-0.013287652987529775,4.428776660210985e-6,-6.092145971041412e-5,0.014398867017229823,6.002172261670632e-8,3.29620812263942e-8,0.07648214082672163,0.00241384158791376,-0.0005714532351389635,0.003095366440355322,-0.00032385283095687093,-2.928362971121167e-6,0.003079545647587894,1.3656519335945318e-9,-1.0090265673397596e-7,3.941450926112871e-5,1.3886987493443967e-8,0.006166251715000378,-0.023910641998615416,-0.0038954561359932985,-1.1699350037152213e-6,1.490878254095827e-5,1.0691484330347236e-6,-1.1577619579423853e-9,-0.03519018059508961,0.00010926733156743088,-0.005074293802760685,0.07372454697784063,0.006970043033759575,-0.016615959781964732,2.2186518649207685e-8,0.1464996631083835,4.755798380158326e-6,8.873536091935654e-6,5.525216679135706e-9,-0.0008795836544705477,6.607067048303833e-8,0.000475006285201035,-4.8311166888728935e-6,4.857574234119366e-9,-1.6479645170302415e-8,-0.004810757497453888,0.0009538681432212407,0.0016640461445814087,0.0007919155638265881,0.0007219408426063717,3.356410390034835e-6,0.0028361132752443567,-3.346741298678422e-5,-1.6181091360065912e-7,1.5944289452388376e-7,-1.0699989723558901e-8,7.962820086047455e-5,6.127817462268125e-8,0.0009158087699608805,7.584841486196621e-6,1.3476323055869225e-6,0.0001913858587356318,4.9648245379538044e-8,-3.000875773722753e-8,-2.7585222373054515e-8,0.002209026850315788,-1.8266419936110807e-6,0.14341114076461814,0.0002768802587289073,5.4540831624733745e-9,-0.016960266835096775,0.057669003823351994,-1.2923766741975324e-5,0.0002992156419665667,9.252341193316666e-6,-1.144288615456289e-7,0.3832047083521461,0.0005766593707611503,-0.003149471454716364,-5.117357399727671e-7,0.0006068437322801877,3.683040135565659e-10,-0.027608793727496746,-0.0019125507360065774,7.022353097815121e-6,0.18936787704843633,1.8300782380510228e-8,0.03882880320694564,2.7160567753677137e-8,1.9838360295108197e-7,3.6886739565421465e-9,0.0532408396299496,-0.01944406683936849,-0.0002546325776801541,-0.0019649206971712346,4.430214413105449e-9,0.14638662042049957,-0.02060844877453875,4.416600729908237e-5,6.09914919126806e-7,-0.05046664671769287,0.0018931215292020515,-0.0011561296499698229,-2.401467153275193e-7,-3.875469574228698e-6,-0.004293269698171934,0.0007240845433822382,-5.4895268726389584e-8,-3.6960134090366855e-6,-0.0002687040304596591,0.4521676724444815,0.000285035615203197,-4.471871020987766e-8,-0.0012110551595416416,0.1510428779677337,-0.0005667969154396685,2.2509528026059928e-8,4.514195499946969e-8,8.5399719279323e-6,3.3704102889194284e-6,3.561865261259002e-6,-3.270306249551271e-6,-0.028038975783416003,-0.0158485458913313,-2.1309861187167637e-9,1.650808055530838e-5,9.596546065330744e-5
0.0,0.0,0.0,0.0,0.0,0.0,0.0,0.0,0.0,0.0,0.0,0.0,0.0,0.0,0.0,0.0,0.0,0.0,0.0,0.0,0.0,0.0,0.0,0.0,0.0,0.0,0.0,0.6292381398432274,0.001998560623285216,5.842302923415343e-7,0.0003636252526112264,1.0131049396995517e-6,8.518884212611352e-5,-5.525410343824368e-5,-0.016564792895574866,0.0017825251758187895,9.171558898872428e-6,-0.038852121739923834,-0.0031013017378298483,0.003171937997565324,1.2801270090492262e-8,0.006827456113553816,0.0010265370934253173,0.09926256576916113,-0.00014709197855860951,-6.486022733976144e-5,0.0021466144559570024,-0.0011671916750195276,0.0007873958555178227,9.953625659750338e-5,-0.017997151100498012,9.404219770992186e-7,5.999508466425827e-6,-0.010489161423540906,-3.1147618679665185e-8,0.18537484315007605,-0.00014226314550430801,-0.02150084380363133,-0.0009443691686749374,-0.01250146964857339,1.4425746462336072e-7,-7.785737612977623e-7,0.0030013225211249325,0.0037824020233078433,-5.360175047719639e-6,2.8740472015101192e-5,0.0001855867141424746,1.9587679841185996e-7,8.21180261099052e-6,-0.04403532698936184,-2.8690710264954683e-7,0.00026146621064303385,-3.851195589341026e-8,-0.00019952109501071824,-2.3720604455324353e-6,-0.05533688539465914,-0.014325737498872587,-0.021889452499916775,0.2703784450448929,-0.00013778336424502134,2.3283106848075756e-6,0.004501026173524436,0.22282280689869308,-0.04350425249322887,-0.00016725257465853653,0.003963088172288673,-0.00014391353394548807,-0.023891021087973658,1.610140741599398e-5,0.0002303149116246349,-0.0004007807479123019,5.3728135362848214e-5,0.0002284879062037179,0.006886840641213018,0.3064755562801642,-0.004282276965767714,-0.01992698303889365,0.0006769100592667203,-2.5949824148311894e-5,-1.270787544450359e-7,-0.00018772550378464895,1.2904578406249577e-7,-1.2351089861086382e-5,5.114356921318282e-8,0.0007034284313201045,-0.0020106299524536198,-0.01416525609097294,1.262713114202282e-6,1.9027977217448214e-6,-0.0004783808734187157,-0.012616621726945656,1.9763870655324784e-5,-0.0015092710262605029,-5.5346571529737e-5,-0.01050796415183309,-0.04112439515234872,-2.2621055471181145e-5,2.4085353432760275e-7,-5.976807250018627e-7,-0.0008643417886315029,-6.591046161507322e-6,-3.9132165653864375e-6,-0.018993440291505192,1.2392779748203284e-6,0.0003707383438583441,-0.051181416802268356,0.07229635469616759,-0.0064675348163362205,-0.004343049087291876,-4.978932207190049e-5,2.597598517860983e-9,0.0023744565099939707,0.05004274865182132,7.37002258343101e-6,0.00010901227079759091,0.40055229470914305,4.3239884238266725e-5,-0.08796824875493128,-0.0009354042986947434,0.005069507628722183,0.0051119061877801,0.0038950273034482224,2.2978616056502984e-5,0.0016932145637772575,-0.008749987761390016,0.18406874054027567,0.0003702401169075653,4.975137090854215e-7,-1.6129311850665737e-8,-9.745192785244061e-6,-0.014047341511172902,-7.703954832513639e-5,-0.001687491615843274,-0.029150188571407092,0.0004024224754398718,0.0014200569128609685,0.3202157216127526,-0.024754625623205986,0.0011281311631054656,1.572548409408751e-6,0.00016316115255259823,-1.08647561653964e-8,6.753440964409057e-6,-0.00012372990286136666,-0.00012814488744739087,-0.024527131736065987,0.004150672206219948,-0.019943123023128947,7.68330492014243e-7,5.06676902254638e-8,0.0010907805142471474,-2.077180177268059e-8,0.00010579489881783845,4.2763931764328364e-6,1.728321589644573e-5,-0.005217107214076523,0.0038652330033747944,-8.822357046946579e-6,-0.0001082950350834152,2.0120571046962846e-7,0.232856974073188,-0.03253000744273172,-0.004622488092010484,-0.002193023389760597,2.7598487379091677e-5,-0.004092256964602464,-0.08090192616112671,4.864037346355722e-5,0.0021313991747268658,0.00010298614802075222,0.14279277467911364,0.0007625613471960806,6.555106998415968e-6,0.008647999539912151,0.0038012669210120012,8.84719314395313e-8,0.0009054327243736217,-0.027288717965566988,-0.0001471821734256254,-8.107353398179577e-5,-6.958251153733044e-7,0.005801776619571135,0.2625574630043783,-0.032609023303041634,0.002109885160558053,0.003756304157621673,1.8534286183587768e-8,-0.023861179279424227,-8.711193440220363e-5,-0.01128621783760069,-1.8546726697908437e-5,-5.90543658143693e-5,1.3902360308193611e-6,-0.0037234338993642094,-0.00012287196948208455,6.789959350766224e-5,-0.027420049821875188,-0.0001661803866092736,-0.010622603430354082,9.644934088136403e-5,5.870807445441073e-6,-0.0017061009945386226,0.44516281679209874,0.0005900571984961742,-1.7111440075488984e-8,-4.571116283500324e-9,-8.108844941555428e-5,-0.04026474067867155,6.812422150330904e-5,0.0019024707334665103,2.723515354952575e-7,-0.011819948764428335,-1.475624733044303e-6,0.1665990966202646,-0.023604625481440506,5.262656846571176e-6,-4.208468130166779e-5,3.104529239628427e-5,-0.000846331311608869,0.0021931589763572955,-0.011893367285130671,2.0420244713461815e-7,0.0006682641724206301,0.016021906560712718,2.295282336949921e-5,-2.249555010413235e-8,0.006756740970269923,-1.1202106886746796e-7,0.1201134851219588,0.0006660772985868966,0.0014938285997891803,-0.03190351876708195,-7.232787442928592e-6,-1.1960487166909067e-5,0.0007766081650682655,-1.417341176962971e-6,-0.001731698272755358,-0.0494657586727243,1.9400247958801075e-5,-9.532118353332511e-5,0.000382045049319005,-0.007836482913374446,0.004181729821810985,0.0029009480105690695,6.902146802431972e-8,7.833756194507493e-6,-1.9149780461094614e-7,-4.7746153932233155e-8,5.468160116816326e-6,0.03701084129354236,-0.006040745802873791,-0.00019806626534349874,0.0016449208125624637,5.366452208101523e-7,1.9063633327392644e-8,0.02382462612791784,4.183835536792775e-5,0.0001743277508535257,-0.008372879615974821,-5.604461951301466e-6,0.0011434670630653622,0.5133571409113158,7.187962425326823e-6,0.00012891251943558627,-0.008402977789397354,-0.010163947051769793,6.390449406574112e-7,-0.017765143973053524,3.8344757450211954e-7,-0.000843652162882973,-0.00013541030242825806,-7.213805345203715e-5,-2.766571880554554e-5,-1.1842932768058388e-7,-0.002901452148233178,0.001246400837126471,0.035603131389314854,7.840673934744287e-5,0.005009924764263236,-2.710943776177793e-8,1.6600428408499675e-5,0.0006483959446598616,-0.0025377322661610303,-3.2084268731175685e-8,-0.0003465263503574885,0.16621553791634086,-0.04015225663762187,-0.004648738889421873,0.00014966887090760443,0.000297062613342491,-0.0001508021729873544,-0.01013401092184529,-6.22612531428673e-5,1.354479274085705e-8,0.0010466279626078943,-0.007267529233692424,0.4964674771726432,1.4688270033444062e-5,-0.00048068430492678477,-4.6926876071455524e-5,0.028759424036420924,-0.00769251649872095,-0.09235119468082567,-4.420807579661514e-5,0.004103849197972828,-0.006735208175822326,0.0005808651177285529,0.004931660136722647,3.085359360804529e-7,7.92572595784514e-6,4.31512911920863e-6,0.06730492951474695,-0.018069745501231357,-3.709631370105445e-8,-0.05573745621350694,0.0012102825515894033,0.0012363943065161666,-7.01493766173199e-7,-0.01622971459384657,2.3312186603175906e-7,-3.0684025427591603e-6,-0.0025735170773622637,-0.008013781942006736,5.08042834982027e-6,1.5435726736887778e-6,0.0007929729380710262,-0.00015563379080168574,-0.04337531540111764,2.312614762533568e-5,5.712639656462865e-8,-0.021864757295933197,0.005493101070260325,9.040286486132514e-5,1.9591506444834296e-6,0.00039060275059895017,0.2541052834040046,-0.07277451462636102,0.0021593290663262034,0.00019378806660596656,0.09128925030322277,-4.063704987870698e-7,-1.2783819397366086e-5,3.93250488788741e-6,0.004459207815885919,-0.02342559661314577,0.002278008206152322,0.00249554823742287,-0.0004725249946184889,0.0033892190452811106,1.1330668328085864e-7,-0.002645793612960978,-1.3569143348865524e-7,-0.00503584164496447,2.0371363764932024e-7,-0.00942437896724931,5.45757422592818e-5,6.879911606251143e-7,-1.6054118354665348e-5,5.636209072272604e-8,-0.00026130180533782987,-1.4441347996150643e-5,-8.117309821052617e-8,2.1337068823631837e-9,0.003005985251822122,0.00318056522064239,0.0048749499675569295,-0.020705268559299505,-4.2739958029406374e-5,-0.014825789811004996,0.0030594998128173423,0.000201851581299463,-0.015837128987627208,0.11791793031665865,2.363246163863141e-6,-0.00013934152031127236,-0.03535943947787428,0.0009630836897351003,8.061141720162659e-6,-4.570499092280108e-5,-7.056726011452367e-7,3.1475075463654293e-9,-8.745154776282697e-5,-3.377069285125321e-5,-1.95344517546539e-5,1.2113645754147104e-8,-0.028692824602220605,-0.006333973060985606,-3.0133032971946833e-5,-0.01463532841494812,-2.8153374069878526e-9,8.838602266323548e-8,-3.257410972696547e-8,-1.5251192232757157e-8,1.4884736282275972e-9,0.004708738259994265,-7.729170124196992e-5,9.229073447579055e-7,0.06752734808182394,4.0267672875739515e-5,1.2705333948783065e-5,-2.7126946553131144e-5,-2.7169497034664254e-5,8.559981737077948e-5,0.10853376933585267,0.12885713163659024,2.1051163356101738e-6,0.11985709728414029,9.920058586088624e-5,0.002064893245085503,-4.575824414910126e-8,1.5015034252027188e-7,4.535783757266272e-5,-0.00014248612576184678,-3.6976861125073467e-6,-0.007675460618059041,-1.6717350831562673e-5,1.6495577383428553e-7,0.00030401256894574977,0.1395053739783702,0.0010854580018322948,0.0007139598193997588,-1.1714465847249672e-7,1.1717508953892993e-6,-0.02685089896321387,2.071574821775971e-8,0.19413939070460462,2.1606369970261144e-8,0.00440569357286683,5.444905503275438e-7,2.672190507582839e-5,2.4783689607152974e-5,-7.884430104137604e-5,6.786009180355847e-6,0.005666043590394076,0.00667787551397354,0.00032802680538060924,-0.005084832251342786,8.894336543283028e-7,-0.0001868017523511247,-0.00014016393719100734,1.0526024701822568e-5,3.0850010338923475e-5,0.0019064016376742923,3.6124012274163995e-8,0.00027743867394790407,0.004011605403892382,-5.2839810178668504e-5,1.2889091443967858e-6,8.510963084891293e-8,1.706448401924538e-7,-0.0001667845104047304,-2.2893279626777912e-7,4.2333409741559693e-7,2.4427458489031436e-6,-1.0884057700856027e-5,-5.6876638335011425e-5,0.027794829323000765,-0.024739365227669837,6.939406296703105e-7,1.2125520032792713e-6,-4.264664067347025e-9,0.10573182848913519,6.790028964151895e-6,-9.697093944998767e-7,-0.012503980874726782,-0.02752181546811129,4.2065202011118755e-6,-0.00450213731838861,-0.06083354143569085,1.1870378258358231e-5,-2.5850590484540483e-6,0.23187180450644135,-0.02214906044314427,-0.01480848569832035,0.0009950156138699713,-0.020370916182521296,0.0008316836159020101,-1.0749962252182044e-7,4.9290105278002745e-6,0.0002868849272051782,-0.0017909941137766964,-1.0151363990105644e-5,-0.0010250443002563728,0.019017786938078898,0.0005751404505688467,0.002381329022024941,-0.025584129558474153,-0.04972668582808677,0.4595235558140922,-4.045117946521801e-8,0.14126213089154313,0.0038873581062263203,0.00032271804153747284,2.601892257242543e-6,0.0036748902209505006,5.172831209753687e-7,-8.961592109891264e-5,0.0019398572450984074,0.0035462556887293456,-0.0366006042854799,0.30562439955232723,2.362516673099299e-7,-3.6441659956691386e-5,0.0009905143058149706,0.0016923927759967435,-0.02880124825287079,0.0017983524080975536,8.856389590821557e-5,-0.03750327526371399,-0.008518562740031072,6.235386086596615e-5,0.0015728197360707415,0.0021790832994440026,1.717141165355462e-7,-0.0030124417106673945,-0.016003984657131154,-0.0038176718155086583,-0.0011334372901357756,0.003344366890435398,-0.001188593813398793,-4.0889355038384456e-5,-4.292400481486745e-5,-4.4499510509880736e-5,0.0020132201963923755,-0.0016047505006302899,-0.01085323730212192,0.00023666250904780744,0.0027104103521818604,-2.810165267245753e-9,-0.05195376894698533,-0.0006447644627152486,-0.017384019649341047,-0.0001026933351672569,0.0008601986213058037,-0.0002394582675644742,0.0010224029388279854,-0.03258731244393531,1.1417503846812938e-7,9.415084324474121e-6,1.1288682702975747e-6,1.859816233227345e-6,-6.847552906963405e-5,4.3254689130054805e-8,-0.012283935753111631,-0.07131360381061139,0.25572238313962503,7.366726293094779e-8,-7.681716546503246e-5,-0.004700589512857216,0.0015062360600977586,2.3877972437722e-7,2.9724427879987433e-6,0.0007112988124807206,-3.442227935204525e-7,-0.014702460421215249,-0.00013217586993045845,-0.033276755039992584,-0.0012404309727295697,-0.06542332603062237,0.004725125802232364,0.08711116223029183,-8.259448588158121e-5,-0.0002871742882904061,-0.029047631306920448,0.007155710590792366,0.0026441487817771793,7.20227874025602e-9,2.176122574088743e-5,5.710789492791305e-6,-5.39994174874406e-5,0.0017725041547128238,-4.9381016176735624e-5,-0.0011053693240521377,0.4892892648294945,0.08794020071018277,-0.023437634674270125,0.07363050758398307,8.383469732354761e-6,-0.02726607261004774,2.4068317193796586e-5,2.283079282250314e-9,-0.006285371544234922,-0.03712532575704614,0.0008738051156099931,0.00042194695345030555,3.0631916070669407e-5,-1.1807432902953926e-5,-5.270928868995596e-9,3.291499183473087e-7,-8.091291624385759e-9,-0.01123477535821487,0.00041764537496976603,0.003918283689996711,0.0001867085924445755,0.00039076085150512117,-1.236411778304949e-9,-0.0003912049159034778,5.6406764385812935e-5,-0.02772970814674221,2.1324326947062616e-8,0.1797439678728996,-0.018592346870823402,-0.00457170350515957,8.83254215999514e-6,0.04592779465175277,-0.007561184524478603,0.23649087135962688,2.5411246448121474e-8,-1.4109401300419837e-5,2.9195984177343162e-5,0.0024521338404522404,-3.1515525569304154e-5,-0.0009982853182661025,-5.757461774745438e-6,1.1985524705127625e-5,0.03284277070795924,0.00036682030666728544,9.17507603329154e-5,-0.002071555045801862,0.0010895817303209262,0.003774319227655395,4.7210484546961894e-7,3.5982873606158283e-6,0.3766370466036098,2.3772413760880063e-5,2.7378353963346576e-6,0.0004132741758595265,1.628410438630366e-5,-0.014099358380560345,0.0014898668493105456,0.0009511312609490344,0.030055542825080512,2.4602020170681217e-7,-0.0001021565144574708,3.622055066850302e-6,-1.54146298209844e-8,0.002456415877929009,-8.21430068571424e-5,0.0001588004512974048,2.943569406938644e-6,4.219150087912769e-6,-0.0661646255617992,0.0010513617696538283,0.0006704087608440954,0.002537857756248014,-0.010235442042185215,-4.3462425385115676e-7,0.0001441878245869817,3.5752021425102637e-6,-0.00016950434073970748,-0.017389651149478044,0.022754021530482126,-0.020463085306349344,4.927900190844265e-7,0.003121372423143546,0.006024284036132325,-0.010107187093558505,0.0010795831750678372,0.0038931827547580536,-0.00846906346933157,1.3610925671954887e-6,3.000620502745511e-5,-0.01825118697404838,0.2619852998167728,0.1408942228067066,0.09985238957893326,-1.291715152921468e-6,0.00018069977427581128,0.05054016483484247,-4.625836816539967e-9,1.3800383271363928e-7,0.0011177502327815606,8.391769698823711e-7,-0.0031781923425435957,1.9527165683109237e-7,-5.200984227594509e-5,-0.00010940195577202257,-0.002569732543203549,7.011090515473333e-5,7.473293238737966e-9,0.000996220618039882,-0.02457749254993438,-7.343089145271885e-5,-0.0020454273645855725,-0.05946963542237319,0.003037831092617209,1.0153873384691245e-5,-0.008147256802970904,0.00019655482782534513,0.0002660447695358053,-7.912704995645234e-6,-3.30162883659741e-5,-2.3811355582874176e-7,-0.02210675715239673,0.0003417401818153352,3.916132840101531e-7,2.6321391720261775e-8,0.4352987272324946,0.013609901503553878,-0.0001407023886959368,1.2534800077403428e-5,-6.151531336487957e-5,-2.138983144017936e-5,-0.00015676530543924595,0.0029759706860636665,2.3118958023924275e-5,2.6532032784561127e-5,-1.2651729570466365e-7,-0.020021988405983886,6.748348151502424e-6,5.312665233423648e-6,-0.0014362075418753275,8.663707835943662e-5,-0.019539039945948633,1.837653268050475e-7,4.300517352827076e-8,1.0875608686504503e-6,-0.000133737403564624,-7.404984471480866e-5,-0.014320695384004132,0.004104877163927941,-6.661454380486209e-8,0.5029122104003365,-0.019639224337219548,0.0008729398919212547,0.0003118054069545457,-0.003807501745627078,6.789909039111698e-6,-0.034687919136926454,-0.0011793915173659473,0.2631996371598809,6.0473777314979604e-5,0.04619576532115927,-1.1675244481221371e-8,0.000712078478704465,0.2812370703044266,0.00042461966790287417,-0.06351382067075595,1.6666749543029981e-6,0.0007538670982441294,8.015581669627298e-7,-1.5369837133477557e-6,-4.5796636817333953e-8,0.0030536453895841508,-0.008684950355961174,-0.00023233035352546676,0.19280596905877453,5.8755931456687576e-8,-0.03203831920109537,0.00041152273353764506,-0.0006021141235021748,7.327824885774032e-6,0.00017017777240482655,0.07287536970066422,-0.005602357765885834,-8.120203841542445e-5,4.414595548454509e-5,0.00022192482006120113,5.8163291028236515e-5,-1.305754312871024e-5,-0.0004642020545570267,-0.0004006371857659684,-0.018741533000136344,-0.03874680904244795,1.4968634130524723e-5,-0.01068519107086212,-0.03925298863548816,-0.006936030616339932,3.4202085665504517e-7,1.0320967192815056e-5,-0.0005412662601752658,-0.00010988927707601472,0.00023551509878557713,0.00028389913493658133,0.0002411326808492391,-1.2976617559930849e-5,-6.908807797268236e-8,-0.010516558565540427,-2.6622037878341363e-5
0.0,0.0,0.0,0.0,0.0,0.0,0.0,0.0,0.0,0.0,0.0,0.0,0.0,0.0,0.0,0.0,0.0,0.0,0.0,0.0,0.0,0.0,0.0,0.0,0.0,0.0,0.0,0.0,0.624695732452997,0.00024302272390409882,-1.6264650436761336e-6,-2.485361959999533e-7,0.005292078271312797,-0.02752081495709657,-0.04065176412704919,0.09488355135431072,0.002194285815475039,-6.559755011657544e-5,-0.021272840577732353,-2.5182386846056112e-6,-0.00014571554795849695,0.00031127052469039497,0.035468983890860055,0.004964647004802079,0.07264893138154077,3.9025891217189043e-7,-9.86559286252379e-6,-0.008170587407698833,-1.4979803776326957e-5,6.7380941772889385e-6,-0.000824584038578003,0.002090818776609589,0.0039836708351147915,-0.031408844765529145,2.0423187146263056e-5,0.0017439403773401503,2.3829926492706247e-6,-0.015984774937998596,0.0006218326854362666,-0.01703635650032291,0.00023539446666897936,-0.0012298861085003054,-1.620339659371928e-5,-2.22715539918657e-5,0.0002278280492775184,-2.3534266679314336e-7,-0.012690111234287146,-0.00014030434021073914,-2.3131479720138792e-7,-0.0006301023203847563,-0.0001567911435003179,0.007081092096882111,-4.291148578701559e-5,1.3894796515135965e-6,0.002692227279632489,2.3218596058154362e-5,-0.05434810939009264,-0.009451407257733089,0.0010166334981185341,-4.0448302536264265e-7,-0.0058058029519938254,0.3245711012453076,0.003250283785450162,0.001472052752723416,-0.0283456370299136,0.13684445442042417,2.2173224493887855e-6,0.00013364482723282348,0.00047014540149641217,3.5239964079205912e-6,-2.5134364949558455e-5,0.004202793864048676,0.27173416165829994,1.859962500901369e-5,-0.0010168297594380913,-0.01923609916283931,-1.3202046440473634e-5,-3.4099554820993244e-6,-0.019261902681285546,3.278897818483824e-5,0.008094277708123574,0.00043486922517714445,3.7184206434305554e-7,-1.3831754711847237e-5,0.4235692082698723,-0.08731023705919211,-0.012231506970950646,0.0010828285883079307,-0.0001465785638611093,-0.008802189424904698,-5.0992931730924126e-5,-1.0641231366139285e-7,-1.6396499008125406e-5,-0.023875480455303105,3.852102954901299e-6,-0.014165400628479478,-3.842957338104369e-7,-0.000406333513314197,-0.000651914683138568,0.0015531699866144933,0.0048761811620642555,-1.9938789318520337e-8,-0.02401580482732582,0.0009405843514611858,-1.3350021691353168e-6,-7.553392171859366e-5,0.001350698873207445,-0.0390514549570555,0.0010337007498359308,-0.04660703404317323,-7.688516714372896e-5,-6.0913904049538186e-6,-0.0049858706846960445,0.006789773742257163,-4.7115034603329175e-7,0.003703671607267321,1.087085880594274e-5,0.0003660458502291358,-0.019377246789484666,0.3831085029072893,0.0002114749832670592,-2.3911506490238586e-5,0.005784179567546032,1.6172173018930573e-6,-0.09340150031675457,0.004092097430539324,0.0034439440985180435,0.0005087620858377076,-9.435870742396577e-6,-0.003879761419851961,-0.003995432368878081,7.449215711057798e-7,-3.362226079009192e-5,9.834485276227532e-5,0.10246696141865257,0.19252313839074855,-0.00035393649003243787,-0.02916675021020311,0.006553274706608396,0.00022252057803307562,1.31392969446972e-7,2.3600179334487023e-5,-2.2766058590922808e-7,8.063265442374831e-7,-0.013184654373275987,-0.005524558155653386,-1.6652855674058206e-5,-0.0003465950575741083,0.001833435289545454,-7.406812297129103e-6,3.3616432131780168e-6,3.405686713195151e-5,-0.009839813784614257,0.0027175757521874905,0.0031392676552636153,0.0003878841941597029,0.1614340080490728,1.353490341568145e-7,2.098995881974921e-6,0.00025248402463208644,0.0062007976306533985,0.0008006905448982366,-1.973029733289186e-5,-0.05052626016777975,0.0024356301377078935,-0.016948389338834555,-0.00024277141904525306,0.008968308987755939,-1.1453650912831805e-5,-0.02533775848493817,0.004816146255510347,-7.078147206625941e-6,-0.015858356920798136,-0.0015650548545090228,-2.378939537205303e-5,-0.00016047881229216645,0.059980239979115495,0.0001313624045743038,6.332811242356003e-6,-0.042087732459044035,0.001637472351818894,3.308497088208236e-5,0.0032726121149479715,-0.02735948758922969,0.2028489637747011,0.11561714930707223,1.9459462059004787e-6,6.260279686495668e-5,1.4620420950779383e-6,-0.01354870734785868,-0.008886977258033247,4.138020618096981e-7,0.0004631660925944653,-0.02816234693725468,0.011721395260230005,-6.33635451126296e-8,-0.024788812273592628,3.473097302006429e-6,2.325125739464258e-5,0.004566037897104643,-0.0006013325651056461,-0.05289979034920719,-0.0005826107308919559,1.2269218884900846e-5,2.3805808585995608e-5,1.3424897314282186e-5,3.688759061420262e-8,-5.546533046274643e-5,0.12391996761824205,-2.1594522091294175e-5,8.797935774680273e-5,-0.022684249414029484,0.003692646860771452,0.0030952161557178844,-0.06094690155810281,0.003938813662916201,2.3305109408835545e-7,-2.5710270582593194e-7,-0.0059212519690016166,0.3809526936953339,-3.244244176271028e-5,0.00020081782117699806,-1.2344771617689738e-6,0.001822048582376135,-1.219182298940629e-7,-8.294108943387714e-5,-2.487745861117337e-5,-4.441033598621454e-5,-0.000984692320319717,0.17259621646866025,-7.872384563043888e-6,0.0001772854592782961,-5.229294351513881e-8,-0.015908142518935117,2.677790865931702e-7,0.0008398990330527879,0.000249210636483864,-0.00012686519076847625,0.0086088570405975,0.182830848772515,-7.04040128728449e-6,-0.0097824050230196,0.03884266039465495,0.36382985889893776,-0.00024210643887171508,-1.970383939419786e-7,-3.435698546849333e-5,0.0012881889345241592,0.00348747119067199,-0.004607380499135349,-3.917146542072928e-5,2.0921221030977786e-6,-0.012597797900234475,6.327099010229645e-5,7.223054045366014e-5,0.0018287200329069504,-3.395818483697948e-7,-0.016936588614533978,-0.02943483534742342,0.0014439569817923201,0.0006880065444579281,0.002129680471160172,0.0017229645283782197,-5.341181014389875e-7,-0.00026459758814372804,-0.021296515349689224,-7.836215633963752e-5,7.923626633894067e-5,0.0005472929452329775,-2.464969217241152e-5,0.0028718853694253053,-4.441926054663841e-7,-0.013662941017503758,-0.000207838805937663,8.89693404737547e-5,0.017866412594804343,0.0011591763742439915,3.3459048139622836e-6,-6.489584386113769e-6,-9.593858786804417e-6,-2.6863462451268594e-7,-2.4417339782940577e-6,-0.010423514308903625,-3.954145085817062e-5,-0.005982199639455203,-0.00038472841113625984,7.288061943768449e-5,-0.025796123075483093,0.007315928009524493,0.00577319024354232,5.081657587455998e-6,0.0004667142260548809,1.2109199127687666e-6,-2.193131469247395e-5,4.306863350480885e-6,-0.08922838349669249,0.0012413591429981214,0.006836478063400369,0.0021039110398110815,3.8703527884866515e-7,-0.002140550850265038,-0.05238604474108983,-0.00012059696072385539,-0.03123074234429074,-2.2360905465317212e-5,-0.0228649233361755,0.0018062646178035858,-2.127747398632483e-5,0.00020374070439206998,-1.2696093204428634e-7,-0.00015023066398503831,0.000639282958346315,-0.002465826544045565,1.4022879502182958e-5,-1.926917489076677e-5,-4.805418332696277e-6,0.030909607943335554,-0.001435374140918578,4.699605918359029e-5,0.00022258367629039808,0.007629893075436657,0.03030452434921099,-0.03488652445524312,1.2506658947846334e-6,0.004757592290380002,0.2536861228986293,-2.636532752064241e-7,0.0002867391081576239,0.001985546638308093,0.00010216991483492859,-2.3437306734807163e-5,0.15167425745211485,-0.007560089448628852,0.002690895792679399,0.3604250414068176,0.00516872868063613,-0.0005028041460069212,0.4400172862574617,0.004527128871292367,-0.0026841695965803573,-0.00028816170996619976,-0.003914031191341809,0.0004897168434979395,6.721666578653124e-5,0.00039871160315811265,1.3680654146275112e-6,-1.5165745986681635e-5,-0.018411303711957323,0.19715027474060867,9.637381316415576e-6,-0.0028040536685102696,2.7096033299796425e-5,-2.9268927268419622e-5,0.003006822483644917,-0.01651390623445715,0.006783883658141513,-0.0006457192240747738,-0.04157143495015515,-0.00011672238857575524,0.0020892770846031566,2.3226743441889126e-7,2.892439323403857e-5,-5.17909419011062e-5,0.11137885873179236,-2.3727845078935315e-5,0.25795322483739863,-0.016417708377716847,1.7673807096463595e-7,-0.03056980033323124,0.5646959537525797,0.25459535054013277,-0.0005854279630531387,0.0048038785501814995,1.2288935214265521e-7,7.918731122176905e-7,-0.006464503020742833,-4.051285064667396e-6,-3.1963480796770203e-7,-0.043158121137841815,0.002190162235073991,0.00011714829542986197,5.454158574157097e-7,-0.020231755285318103,-3.19468021742449e-7,-0.00014594567931295682,3.3034223445643996e-5,-0.027159101200904378,4.024553965872763e-7,-0.009919787089670439,3.2646915567256855e-5,5.636195183909744e-5,-6.229780297525664e-5,-2.450966558296768e-5,-7.776116563097419e-5,-2.9110108320575387e-5,-0.03074681795768194,-0.027632270462805603,0.006159738232832216,0.004008302691549143,0.0012433723575171138,-0.02597829649261157,2.0019436677672776e-7,0.1337090559966904,0.0014321273880911322,0.002378858605146673,0.0014978363838750283,-0.0005452368818479634,-0.00633189732863247,-1.019075494969513e-5,-1.6200627595121523e-5,0.0002511520864160606,0.002773805472320827,1.912486770442444e-6,0.0016949909254862954,0.0008765076106638561,-3.2191526146525564e-7,3.5676955230469324e-5,-1.4282740419800818e-6,-0.0004944628012589599,-6.5229907590119805e-6,0.004408903666320538,-0.00028478011779836936,0.000588949718483551,-0.03180599256327594,1.8153833426165416e-5,0.0016959386975390787,4.854492996282435e-6,-3.1888234256071914e-5,0.0006855238321775173,0.005289466657366119,0.006440916341502066,8.56396371648326e-7,-2.131924304495235e-7,-1.1675272135842685e-5,-0.012580045542608791,0.05840218304164266,2.359355615084163e-5,0.0011970785096517516,1.6569178092555965e-6,-0.0009146753457937843,0.006088169388226362,-0.003315898425082048,-2.6061690356569013e-5,0.00010798473534660835,-7.595272763440572e-7,-0.01789125063102631,8.87141499921525e-6,0.0011581215147984992,-0.00012486319105187662,-0.00011757043270653266,4.8908527629445345e-6,-9.460222398678192e-5,0.00023851667941049155,0.0022977590633142418,-0.013340783011972945,9.870160532336171e-7,0.0003434600128874772,-5.152466839682644e-6,0.0006862747031637682,0.003097903555547767,3.29038438717837e-5,0.0034900602791484584,0.004926675609722728,-2.9208436210961295e-7,-0.008842102734591396,-0.02461244083537493,0.0005515865247837637,-6.371114959949716e-6,-0.00036233349563359125,0.003867717911064188,0.002185983875753191,0.004658823423682495,-0.014456178218153154,-0.02758156576009386,0.2800199133579367,-7.16833133576129e-6,7.259282827158185e-6,2.1011074147114874e-6,-0.0010219346601983948,1.843590171337422e-6,-0.02652228673387014,-0.001742240451023811,-0.00954431279863171,0.00338238036107238,-0.028198560269552746,-3.502975005413969e-5,0.0013892177709612544,0.0004074460702410318,0.0013777105077111213,3.3411375795681285e-5,0.006222149206899865,0.4683608604705422,7.720285547035269e-6,7.820025906299392e-8,0.17619143919142596,0.00017362716522615547,6.697092805126188e-7,-7.586774206410546e-7,-1.9915917329291936e-5,-2.5685958102434045e-5,0.0009006164807857939,-0.0003195613011616524,-0.0313713423062913,-3.201726737793951e-5,0.001739586514294056,0.00010135242228584045,-1.5334693049482406e-5,4.262266240488081e-6,1.851668561782229e-5,-0.05881421941771725,-2.5516290771054203e-7,-1.8682932414070875e-5,0.05121490964184449,-0.0003557071913769763,-0.02320033789200143,-0.027336259471052577,-1.9117886256971074e-5,0.0011131129040594934,-2.243952269923101e-5,0.010746460921418038,-3.1745497945179497e-7,0.00878268494184411,0.009989109480764669,-7.7952396354865e-7,0.04415966460112432,6.0434781210969514e-5,-2.6925370134994556e-7,-9.01256510801023e-6,-2.454559541802252e-6,-5.445318743361649e-5,-0.019535274649678597,-0.03379167176878786,4.5479753208792055e-6,-4.325449714696133e-6,-0.00037482998065321957,-5.6262107523793976e-6,-0.0433141448534884,0.0007231991536303465,-8.985996020443656e-8,0.004519939248667974,0.00032196983935543256,7.057791250110897e-7,9.112422722465663e-5,-0.02716211706950455,-0.00037765787944763174,-0.000981666374906198,2.8541005504896818e-5,-0.022872005023703512,-0.013795244844469513,-8.001622604371332e-6,0.0003314867180825522,0.0006129111474973027,-3.8038900999711304e-6,-0.0011227775862435992,3.339190372782523e-5,0.0699490069250551,-0.010503318608655318,0.04196249845252002,0.0009404969871551747,-2.9831827450766646e-6,-0.0007794769699655733,-0.03364211654923973,-0.03536214344579872,0.0001044213484533602,6.744872310755868e-5,-2.9436032882203556e-5,1.0338446071783454e-5,0.0033496223390499635,-7.209988898003981e-8,1.5459628456081787e-6,-0.0035959131237223874,3.3165142653420067e-7,-3.0889086712011075e-5,0.0028581649548711425,0.0036896586220712072,-0.00011220631256831073,0.0018944363781640188,6.51464339128644e-5,-0.014469018219742632,-2.0383447316838218e-7,-3.620752978297317e-5,-0.02851674808421859,-0.020221035030271346,0.0065741501422044634,0.026868463683065467,3.8719647633694706e-7,3.563747463527045e-8,-9.480337654829837e-5,-0.00010847385487825016,6.730862595887123e-6,-0.024608198563693385,-1.6249349349574686e-5,-1.657817873584567e-5,0.002517804538899451,-0.013163965344320504,-0.00010684494073226369,-0.009979370397350534,0.004890692536238938,-3.3100943283594665e-5,-4.625569882735561e-5,-0.0006946374337661015,-0.04370039868397804,-0.0058796345423139575,0.003860080260310542,-0.0008941627948795626,6.24650352378985e-5,0.00023159610970095222,9.331900182600783e-5,7.751838401766353e-8,0.001492794814186265,-2.265615200665309e-5,-0.016691881412660155,-1.9633140240651682e-5,6.213766310741433e-9,0.0032126228215448773,0.0001433187276456193,0.005926355511736349,-0.02169507636418244,-0.07715951452353241,0.17632092233415728,-1.2548766952531464e-5,0.0008465374745983188,0.004374200094396104,0.0035515243292820187,0.09584840636381577,0.0031170093375861366,0.0030901357722569345,0.006947074652077184,0.0005562520263161888,0.47612520609784587,-5.516377975661817e-7,0.002019478210184034,4.898186931237769e-5,2.3864049303018446e-7,0.005228397100082981,1.851382199809992e-5,0.16481168295545254,-3.7888484603994233e-7,1.1914300399764337e-5,0.0018176263161637084,0.0018936600127464176,-0.00018468499090168615,-5.100052060142972e-6,2.093118208511691e-6,0.000368283197120101,-0.0020472462236201016,0.00039200871318705553,-0.0056817523271816914,-0.0006476404292267632,1.1504660125107706e-6,-0.026267093278696748,-0.00018002254955175635,-0.0015930275580324578,-0.00035139418423354204,0.4623096034513378,3.0010762153502966e-6,-0.0060179146214790445,0.2798872394236506,0.0561146167679914,-1.756894513353223e-5,0.0017648464603299875,0.005560052031166472,6.264419707760629e-5,0.0028603191211348648,0.0030185584456260727,0.004250933416261862,-2.4829670560178936e-7,-0.011177177559575785,-0.002373922011468283,9.391210995619612e-6,-0.0004515759777545977,0.5419009646336186,0.0006779522019661061,0.00031273458783162057,5.331136756759496e-6,1.0538553442756457e-6,-0.028969571662765595,-0.02143471415820337,0.005563125023106073,1.4463290576405098e-7,8.921603680030345e-6,-0.03364959540705484,1.3721202047718545e-6,0.0011348238267525972,-0.00015545835499883667,-2.0075689539747403e-5,0.004947401774895254,-2.7785941981462147e-6,0.007537745321686495,0.20553570763265874,-0.0008672744020840615,1.0415290624484526e-8,0.0013621006971840622,-0.019259121951368956,-0.009620226781326907,0.00031537382500055206,-2.226208784892316e-5,0.003594179681948238,-0.014999507464084608,9.970932173295551e-7,-2.449867875214498e-7,3.869997962480551e-7,0.008156226243059056,1.136919925702484e-6,0.12636705646268348,0.0012572026732944371,0.005083116452408264,-6.489527745904217e-5,-0.05586770262477993,0.0043003724722101,-2.856334575358563e-7,-0.02616517643977467,0.00833244429287476,-0.05643058605451479,0.0012303700688349602,-8.004010592658757e-5,0.0004778764572430553,1.051453593604241e-6,-0.027863756547190668,0.0002914384634471705,0.22688782715427167,5.414108532500671e-5,-0.0009641415761662623,7.645844295071584e-5,0.06359554900892603,-1.2589127736420827e-6,-0.05229878347008765,0.0009957719422097942,3.2923880840324165e-5,-0.008239186907880726,0.0051764343057641915,-0.0009079557776263872,-0.004875033638124288,1.3383576543690989e-5,-7.714979799119653e-6,0.0051618895712375115,0.22506081748153847,-9.654547202792023e-5,0.0011448490516676128,-9.969316516296844e-6,0.0009843761813878016,0.004112723297978004,2.3696087138232043e-5,-3.3108884694482934e-6,-0.0008473917717414024,-0.007053585216503692,0.00543103716748747,0.0001138762134862834,8.251631869342855e-5,5.360101950836976e-6,-0.023009506805770227,0.003222154277285762,1.1633065572910805e-5,-0.004271449396438296,-0.02881267688688834,0.02345379686339321,-0.014779167604742472,-1.7326752620222742e-6,-1.195687368488915e-7,-0.00496141834756279,-0.03922544909731173,-0.012099608975640806,3.781360667835377e-5,-0.017692162789568422,0.004379760374456191,-0.03006466583734975,-0.00010110442922038674,0.00021163158331035756,0.0005838659168740723,-0.00010713621896230785,0.00013694191937349017,0.00933048931428715,0.003102883940534773,-0.013564524952749075,7.072229394517438e-6,3.5644059106686264e-6,2.7523635311226797e-6,-0.06300246811597894,1.4469835176063817e-7
0.0,0.0,0.0,0.0,0.0,0.0,0.0,0.0,0.0,0.0,0.0,0.0,0.0,0.0,0.0,0.0,0.0,0.0,0.0,0.0,0.0,0.0,0.0,0.0,0.0,0.0,0.0,0.0,0.0,0.6230379008760728,1.878634909721862e-10,5.5510480960274034e-11,-0.015004920929278836,-0.006255738355807225,9.137758389421012e-6,-8.515013520411115e-5,0.07704735334009442,-6.951872861360771e-10,5.0824166384869985e-6,-1.2443392454890527e-9,-0.003307247769279848,-2.510198259773377e-7,0.0005409590985143236,3.7285636627982064e-6,0.00014938884488045366,4.545342792369068e-11,2.0501262121316996e-9,-0.0021034102873588017,-2.7156505224235053e-9,-2.0602670728069464e-9,8.591825746256054e-7,0.10232533768495763,0.17635252403923715,-1.9215553748209475e-5,-0.05908824862992058,-7.292337662485951e-7,-3.657219665275147e-10,6.970595068103294e-5,-3.4731505085507415e-7,1.014340538181287e-5,0.1049424840020225,0.15910885882318343,-1.0523745053457903e-9,3.723522904972323e-9,-0.024408086739930876,5.413479344901478e-11,0.0001232814152890817,0.158537532818857,1.1852409545888104e-10,6.473361298673132e-9,0.2220469947586566,-0.0031750829075562594,-0.01944020521604427,2.56024900053524e-10,-0.020269728203731997,-4.88037413564055e-8,-5.6708218342735615e-5,1.1105549555881858e-6,4.824090363089913e-7,1.216404362493019e-10,0.00962852336675344,-0.00010631671185973058,-2.4562455227043914e-6,5.185216015072677e-7,0.0007392484360685271,0.00020231289072904077,-6.469432801613426e-10,4.4644527618786485e-9,-0.015695490728738402,-1.3594507735650786e-9,1.5431257337941897e-8,0.010139184791383033,-4.953915856427147e-5,-2.1815423223084357e-8,2.4280397817899852e-8,0.0002431746309453964,-1.9732327826752024e-9,-1.505744310494668e-11,-0.01141106099666179,-0.04781950071605224,-0.008324281747956463,0.019715264565606468,-3.9645574826182307e-11,0.12765784047691764,0.0004372750431849402,0.00011686852126290715,-3.423271724272603e-5,0.2714969292133489,0.02436390761177613,3.4945049782307265e-6,1.1110817676161848e-8,3.723615499159052e-11,-3.381925893587324e-9,0.0017072949227668714,8.567991889118109e-8,4.6689965865983955e-6,1.0048198246424867e-10,0.05039046721145534,0.2856046640815398,2.0892180755724654e-6,-0.018443110967956953,-1.4336320755963721e-11,8.133379149332402e-6,0.4077494203978462,4.92756027547894e-10,-5.3007779004967874e-9,-4.850736623492082e-7,-0.000146383414435267,-5.484312239237637e-7,-0.004371818261295998,0.0025860947641204285,2.7998971870394154e-9,-8.955093887868521e-7,0.06923909064385646,6.911912491777292e-11,-3.5637905340785777e-7,-3.3622026249640406e-9,-1.7208000680891036e-8,-5.634641143509166e-6,-0.00011371552444303124,-1.3201676255805952e-7,1.0497150802335002e-9,0.02407186340957629,-1.26140922932286e-9,-1.8703210034778537e-5,1.910439120528267e-7,-0.0030708760115586804,0.22891787861868265,0.2836726276131136,0.005714947606685991,3.058481136293138e-6,8.17241456918703e-11,9.341953324591979e-9,7.220811428245619e-9,0.0006601551001044912,-0.00012617053580762572,-1.57301746352086e-7,-2.0510015652249762e-5,-0.00015580979751859408,0.3502653934843369,-1.255114643427358e-9,-0.023921094851028953,4.4189129557754225e-11,1.254550614985463e-10,-0.0006536661248547035,2.44329606047776e-5,6.2174605328398105e-9,-5.1309254752602447e-8,0.11909353457693488,0.043187815963513815,-1.3191694854058444e-9,0.06708622107094714,-0.0007928164730193947,0.1986343214707736,0.06052145975500371,-2.1389811698406178e-7,-9.436484181430299e-5,-8.974098664007077e-12,-4.913305651250778e-10,0.12715657716525755,-4.3569184305145833e-7,-1.780528101396628e-7,-3.1245734678937054e-9,0.000173809132665923,-0.020738121172221697,-4.372850084390899e-5,-2.375593996059199e-8,-0.01142798702418063,-6.651360315233573e-11,2.0679430207973232e-5,1.0457370844242143e-6,-1.3425448857810561e-9,0.002529160788837734,1.774322131845326e-6,7.656505444817436e-9,0.02362369945723586,-0.00012376968284236701,1.1825324103811381e-8,-1.6830188116699355e-9,-0.0022950180114232163,-0.018165033694096677,-3.435157248890776e-8,1.0075530622287435e-6,8.332406751640264e-6,0.000434518966697493,-4.6583986191204754e-5,0.044520185918323435,-6.143195832527109e-8,-2.630937445733301e-10,-9.39578445394255e-6,-0.017004532830763443,2.947889897991011e-11,0.39267961879246077,8.446474953252522e-6,0.0003060150000614872,1.90379955916242e-10,5.849409737619917e-5,-7.592145241342424e-10,6.104530612982819e-10,-0.006801466358307931,0.020870550367385502,-0.0001888748735860834,1.492000322778759e-7,-3.1979630914928107e-9,-0.041466564304721384,-0.042911309955017414,-7.96314780241081e-12,-4.295844530746194e-9,0.0005180610952275442,-2.69848828933863e-9,0.42728077541823656,-2.87123180285151e-5,0.015831940374537435,-7.946363740858483e-8,-1.0421113873524853e-5,0.24962285410120574,1.4348095894207284e-11,6.360955756058543e-11,-0.0010163019802429604,4.05341604003145e-5,5.384733126909881e-10,0.0282456427363952,7.80917988707862e-10,9.018047899497876e-6,2.3507660398666367e-11,-0.017485896081989076,6.8795895355194474e-9,0.0931161822831975,4.2189637467163654e-8,0.0007378779172975115,-3.5431345848066815e-10,1.8081286173266744e-9,3.826829443450621e-11,0.003519910250259085,-2.2544660801083138e-10,-0.02502824721670832,-1.2863823487997625e-7,-4.667282724650326e-9,-0.0030023379622094925,0.00013746695866328525,-3.2471093479348292e-9,5.744528260458837e-6,0.00011281139432337853,-0.00013637790268566905,0.01922775084134124,4.8425976113177234e-11,0.06754478020741593,-0.0007660856469822034,0.04417111600220769,-6.349061412343841e-6,1.7338647371198363e-8,-8.400496815589654e-11,-1.7286278456238836e-7,0.2477570064355594,0.012708733064461863,-1.0176741998174234e-7,1.955133519859404e-10,0.0013066651378046165,1.4805382077117654e-5,-0.019433563188687025,0.0003119518509417696,2.9954150994091275e-7,0.09884855366756473,1.2596454359480414e-10,3.993156652235775e-7,0.00015239481544915683,0.027728201574810468,-3.054681190914811e-8,0.1642926812588214,2.263264892826308e-9,0.0007063697300386575,1.2576919323810165e-10,-0.01211037529378352,0.15339664994356095,-5.248292686161799e-8,-1.997034275281626e-5,-1.7026895312756506e-7,-1.0187926789301762e-9,-3.601512412711174e-9,-0.022104592808101144,6.03201529840718e-11,-2.0466743668099104e-10,-9.099474481227185e-5,-0.01241761092337278,3.892407733002549e-6,2.197374656004205e-7,-8.14083624671833e-11,-3.5054827031525707e-6,-0.008690700219089955,-0.0012423315136747823,-3.5516498149591476e-9,-1.643316931062984e-7,-1.8906539289263216e-10,0.02817129872993675,-7.566566663223877e-10,2.6372704192907265e-5,-3.8533402462246e-7,0.06414980834005071,-0.004571007092217148,1.0857831550439313e-10,8.523976569588213e-7,0.00011035226360061402,-4.749839341418831e-8,-0.008903053301131584,-1.5415916554418696e-9,9.3468674304088e-6,0.000444148988841712,1.7220653055588177e-9,0.46682082572671385,9.63663208549983e-12,0.010342832090413813,-3.8229891016962416e-7,1.0106746920820993e-5,-0.03528786901922892,-1.0379142889842028e-8,-1.405691437087369e-9,-4.496569261930292e-5,0.08433267861920395,1.3895598615368257e-8,0.2820780095811375,-0.006266222907423652,-3.638623932784843e-5,0.0001153954019986188,-1.749393782638862e-10,0.04252301297003559,-0.00012258120759342864,8.514545366973252e-11,2.448526213048968e-7,0.0005367217251395063,0.012448946944005857,2.9348449063127633e-9,-8.216997002449354e-5,0.003383487756091964,0.22729441510315684,8.09019271187595e-5,1.424792856211675e-6,-3.6138604405675375e-8,0.00021278880163744511,-0.005748671095703589,-5.2678975713714474e-6,0.28872805131372614,-0.01867546852767001,0.18883990556572638,-4.5922657393512e-8,-2.1189757616789112e-7,-1.679032035290267e-10,-1.445292580121507e-9,-0.0011910061081137613,-0.00010888221867705889,0.24992755138396497,1.718544374861764e-6,-0.027268016792554018,6.444630759210092e-9,0.061251421597094714,-6.657339903066553e-6,-0.004574619964516462,0.12778988468283917,-0.0017049098916272801,0.06075389157341835,-0.002813159723820051,6.536600048300867e-12,-0.05727889005853399,0.0055569765598622815,-6.75685285270757e-5,5.997130275461621e-10,2.2208465242522328e-5,8.259335493323693e-6,3.098871928889151e-11,-4.978926665531658e-5,-0.00010150523576484018,0.0004433011493567751,1.3426260638726992e-6,-8.965008987107131e-7,-1.0695243255487497e-11,-2.246944144935064e-10,1.769089392417339e-6,6.925920859658257e-10,7.681610200325873e-11,-0.0015517901790771983,-0.01563449449334605,0.04427598007852527,7.292395460900896e-11,0.00011692291503700103,8.663292146610599e-11,-0.0004174804600136344,9.971041465914954e-12,-6.348599964468907e-6,1.7806116396269173e-10,-4.532375667662567e-6,-0.005471284135715938,0.14893978796114626,-0.016880823863055387,-0.014306184364779253,-0.0007845855420666797,1.221537105633773e-8,0.0003401145762629606,-0.0033060861435010697,1.6746647747469125e-7,0.003816628833911616,0.01777398796270823,-4.019629354607664e-5,3.171574713067299e-11,9.401326819430987e-5,8.114251823296316e-8,-1.7232634171237175e-6,0.43231990151441824,7.426123363900162e-9,0.0016837069618751551,5.218244056306957e-10,0.03945711216022652,0.0635212417882982,-0.02035869567353391,-5.621399636943924e-10,-0.026031420285559295,-4.5307890259688285e-7,1.1063790857624039e-10,0.1605718076514339,9.657216775040942e-11,-9.640680507979957e-8,-6.485013920705237e-10,-0.001043426692845224,0.4385181859105147,0.1883170675115131,1.3418563464534467e-5,0.07880076593664288,-5.245196313116497e-7,-0.0017266646937694056,4.3706318249313055e-9,0.11332174656368989,0.03683887533479852,0.03206943455961639,-2.276616372808419e-11,6.032156675634927e-11,-5.1741610821035196e-9,1.5846771283073873e-6,0.0007493674163088898,1.93114165630687e-8,0.221833641105097,6.812695141754058e-11,-0.002695062586842575,0.08380878893321743,0.005739275342063333,8.560797375952774e-9,0.03886387220715089,-8.962042267147526e-11,-9.091182116402657e-6,-2.4090919020122304e-9,0.44358979843870605,0.05556816560764188,0.03757957794209268,-1.2004672896427335e-9,0.11794209198658837,0.2885816482757,0.2441770006436187,-0.0036991645077750213,-3.858822232898867e-11,-3.04880355736312e-8,1.188573342259664e-8,0.33782739831609365,0.07654235737317469,-0.010215922519568106,1.9002349881667594e-7,0.1352370491155926,6.951933060852711e-11,5.9494596272514525e-6,-1.4996045217507537e-5,0.06532825080720088,4.1166685325950396e-9,-4.754547158750718e-9,0.13268298929672193,0.021576035069077956,-5.90858798156674e-7,-6.879561225643739e-6,3.2884291217560584e-5,0.0004084780353985545,3.817703252382952e-9,-2.4766621301222715e-9,0.0036203782911823535,0.01822493129929385,-2.915155757133147e-10,0.00013282699208197582,-0.02016543139793419,0.00027725355226682964,5.163923882399655e-7,9.420852167165511e-5,1.4717797744237243e-8,3.391462438364896e-8,-7.407172873488882e-8,1.3120954580742633e-7,-0.04422578034023998,1.2431655449724148e-6,-4.713545149840965e-5,-2.41711561143941e-9,4.639400301800332e-11,-0.00012622908481288716,0.4288648575436994,4.776190663757832e-11,-5.243569694401931e-10,-6.90625916448997e-10,-2.970648801001076e-9,-3.913527384224295e-7,0.02987506737809462,-0.008312748053012655,-1.4045465448916768e-7,0.00030291310214576703,-6.8231242946374626e-9,-2.1820478275913514e-9,-2.5016023430371605e-9,-1.0912145453448949e-8,1.7195492736979311e-6,5.637838518601559e-11,-2.306401243333411e-9,0.0003697464483560942,0.04378997592527265,-0.00022848276456039038,-1.4929458260382786e-6,6.52848394509596e-10,-5.304561554253426e-7,7.316421874920649e-10,-8.181354328377177e-5,2.199392457258174e-10,-0.014825736478623307,-0.008748366259823257,1.2434184893152201e-9,-6.765127912610682e-5,3.02628329379488e-9,9.51967629983527e-11,1.1238443760100958e-9,0.16207632611667927,-4.6139727643969565e-9,0.0002851689107738395,8.635926644432726e-5,-1.3605550293762993e-9,6.728935243452959e-11,1.0192451200826845e-9,-1.369109443700929e-9,-1.4519733036310801e-5,0.01418141393355923,1.7446814328171595e-11,0.007162034623047379,0.0949702937279456,-1.9974278498185344e-10,0.024788331288417627,9.432222622156901e-5,-2.9045869336444308e-8,9.941824795612001e-8,0.03491281970287912,0.0011302029935032249,5.7483339554359e-6,-3.8797873366612524e-10,0.1568982672324537,0.23042849904533302,-1.8130921558478227e-10,0.030604748577561503,2.0862031769286232e-7,0.0004555677620699086,2.952325372325395e-5,-6.262787286663429e-5,2.2177669256660843e-7,-3.975634599777255e-9,1.7053776845293995e-8,-0.00330875944693086,0.000490355879012134,-6.26491789306264e-8,-5.184094642536908e-8,1.008526448130566e-8,-0.009351627312435811,0.0260111015862903,6.49838782144334e-12,-6.009428140335388e-10,1.6300667241724028e-6,1.9320394933006147e-11,2.1738429584171033e-8,-5.691332267609064e-7,-6.349795239036449e-7,6.213218295587042e-7,-5.41124320346489e-8,-0.0036725191469333908,2.4472109065502562e-5,5.342138708765725e-11,0.009246343489173095,1.0819337309060551e-5,2.2252934804607884e-5,0.00025263077537904683,0.0009967052981318073,7.900035640636186e-11,-1.9174995765973527e-11,-0.008255893121996481,0.21494469016318685,0.04786111297362477,1.3339753637029814e-5,-1.9065318789379767e-9,3.7030797359482444e-9,-0.0026622387353068436,3.837932724814839e-6,-0.010611003940130061,-0.0014102314013333724,-0.003059758702906854,-9.204977153013212e-10,0.04408867777560095,-4.67020093007085e-8,-3.9996577841298425e-5,-5.8605914980541995e-5,-0.0008678265267037464,7.998610259797633e-8,-3.723466851223508e-8,-3.0038855226039773e-8,0.22904600309781514,-8.237160049824292e-13,-0.02093408589581436,2.4440908717188775e-9,-0.005029075250478025,-3.3325105823739023e-9,-1.1704880989128e-11,0.042342914706201495,4.597091638450843e-7,-0.003312074077679852,0.00016561678925492852,-3.3765980437323944e-5,-0.00013347031354651734,5.0841921593796486e-9,0.1025036596044599,0.13899607693921157,-4.945906560493007e-7,0.0005606898872059453,0.205275877087452,-6.352122499243283e-6,-0.01838358733780959,-2.4786554459019794e-7,-8.270001703143692e-5,4.452339551455835e-11,3.1754372422216074e-6,0.13493431590391614,-2.1122728355705365e-12,0.1168274960225987,-0.04659219028993306,-0.00012518078047094695,1.4710305798534126e-10,-3.787662541236122e-9,0.353246186309837,0.2790001675463616,-8.107020689991567e-8,2.884101488357276e-10,-2.824079639053191e-10,-2.1546450933350898e-7,2.918012259478309e-6,-0.01614727976854866,-1.7951911849302565e-5,0.04480281877153935,2.010474180594329e-10,0.00010764177441009372,-1.924102602546978e-8,2.697789419154415e-6,0.11686166895997943,-0.00011523440831840971,-1.0430879556568734e-8,4.084437179719165e-6,0.0005658182597929716,0.00020464274759992657,-9.060518929918412e-10,0.25797129279572617,0.03072301797407094,-2.1441076910336343e-9,-1.5658960792252934e-6,-2.3177189545655264e-6,2.2642601918445665e-7,2.1602399439501262e-10,0.0005982887726558845,6.372821817394397e-7,-0.028034964346525942,0.3480060192973998,0.0002347655631992981,0.4765506113203532,1.001873927519835e-7,-1.3574493402888385e-9,-2.229477421075843e-10,-0.00153832659783591,-0.000811859875974166,-0.014513318043758796,0.10620194981873324,-2.049861849447649e-9,3.462525180294671e-5,-2.4075290912026344e-10,-5.487844201524771e-7,-6.671568012117533e-9,-1.2789915622498052e-9,0.08644306486238887,1.7931097040205632e-9,-0.005851341348466281,0.0006847705080961549,-0.004073282127372202,-2.128666541891925e-12,-0.00867581445513783,-1.7359732984539232e-5,0.0006386334267289179,0.4201077498673452,0.47031191206170136,3.28030006502065e-7,-4.327615072292334e-6,1.2481756435663693e-10,5.076441963450038e-11,5.339190518655111e-11,-0.006939326487496367,2.1789901896153447e-10,0.00033161425392466606,0.010787870528240038,0.0016247314468221536,0.2687989597018539,1.0863166716256058e-5,0.20749433979011067,6.573139239891995e-11,-0.0009664741524149732,-0.009612517515111907,-3.029691640591089e-5,0.043130745009447496,0.43518436979891373,0.5789786764315917,1.7233721851460147e-10,-0.00020229255499540922,-1.2470976951223848e-7,-9.617538346859093e-5,-0.021064767854985067,3.6988156110582544e-8,2.9187632034779038e-9,0.0001812370617627981,8.109063681919906e-11,-0.00018668215726202423,0.11562614299820118,-3.966973607569948e-9,-4.487116424398612e-6,2.0866201607590373e-7,0.008814370312163637,-6.264767130464744e-6,-0.007978160050988998,-2.1988495514921862e-9,-5.097988080519954e-7,0.0006405133588844096,-1.9898851734747263e-8,0.4176548894539996,1.7902946193194584e-9,0.1722836590287619,-0.000649880356741065,-0.060168474588531556,-1.0197728482241348e-9,3.248594754657035e-8,2.473120395393626e-6,1.9199111570474374e-6,0.13329767311587778,5.11212778525096e-9,-1.7019705496654642e-9,-9.664027917618652e-5,-0.018805075952681324,-3.1603716963563613e-9,-3.4652345004986386e-6,1.3841671916724733e-5,0.00031627960622734565,0.0013121194356786928,-3.3386814981542657e-10,8.569068901883879e-11,-0.016064716203082544,0.0001157863667668795,-7.582126872351211e-6,1.2726005422246704e-8,-4.100198593993389e-6,0.04065161970941723,8.98087820529858e-6,-6.469658061470578e-8,-6.91004713026123e-8,0.10260468713505311,-0.0011454544686105561,-0.003519677399493171,-0.010756264845286263,-0.0026887024809768784,0.00012498884878207837,-1.8041720959805628e-9,-8.312030932644466e-10,0.1535139424294776,6.140640683058954e-5,6.108999586455207e-12
0.0,0.0,0.0,0.0,0.0,0.0,0.0,0.0,0.0,0.0,0.0,0.0,0.0,0.0,0.0,0.0,0.0,0.0,0.0,0.0,0.0,0.0,0.0,0.0,0.0,0.0,0.0,0.0,0.0,0.0,0.6206124949161961,-0.012179704613817286,-8.840111674562664e-9,-3.7985610421000635e-8,5.941800478021433e-6,-4.958163040117315e-6,2.2625156855525954e-9,-0.007770391534492412,-2.6527378442496316e-5,-0.02129321016101303,-3.7303205773364116e-10,0.0006651620131039708,-2.917597393113779e-7,-5.7594259752540594e-5,2.8838246369922907e-7,-0.06030357092869019,0.21417854156972205,5.307840919323245e-7,-0.03523984605505002,-0.022898524902238718,0.0005923252973857803,4.81656685796847e-9,4.473088734209244e-9,1.4862844677449985e-6,1.746121024244789e-11,-7.875015426567442e-5,0.25422372275937527,7.193903473075309e-6,7.459711159763363e-5,4.905828905276236e-5,3.953811574236786e-10,-7.468064749416585e-10,0.1199127825793826,-0.01114447900118553,3.3334824015591046e-9,-0.027461189723616983,-1.1369705083108919e-7,-5.403872203765012e-10,0.29757138096925,-0.00030900061049198593,-2.2745649975270234e-10,-4.46382821348715e-9,-8.065910425229714e-11,0.023641834826025044,8.39211706122763e-9,-0.0006373804857033864,5.446971842602625e-6,9.964594550612005e-6,-0.0001270226938338902,0.06450662259354788,-2.318869378465908e-8,-3.6672709961092997e-6,-7.817113410140142e-5,8.521429805698751e-5,1.8623598845352636e-7,-1.4842476652193103e-6,0.010373250109378914,-0.007532809145128985,-1.1117492645846465e-9,0.26120492574304593,0.019685912595436103,-1.7613060670280848e-8,2.1844037048600247e-7,-0.009012852417993895,0.0007962016474824792,9.200864866230045e-7,-0.01704221518494177,0.29483498050912377,-3.481520919428073e-8,-1.460741076194747e-11,1.1112880922419788e-7,1.072253728917992e-9,0.04483524285567176,-1.1969602386843815e-10,5.896027457853748e-7,7.302240740793024e-7,1.02067725775751e-5,1.887631906052624e-9,2.1131081376745248e-10,-5.475738797431393e-5,-0.006689903167144084,0.20337854971311317,-0.004334269286099473,2.4675900691509813e-8,0.0011566064906010861,1.5510616549113073e-5,0.014453853290499079,-1.17558385909496e-9,-4.996827971802696e-10,-6.009509897396644e-6,8.243125329811551e-9,-0.0007516846677676041,2.5306605299589048e-5,1.268867549948777e-9,0.38506951501255443,-0.005903864115112031,3.672061387192055e-5,2.360216957983409e-6,0.00021338353084982375,-9.119532421178231e-8,-1.881805399768977e-10,0.02769183853177698,-4.338890822016942e-5,1.3141118196323212e-8,0.17802612417240918,-0.00012485692772173197,0.0727558832785671,7.1385338416536e-5,-1.383395879557339e-5,-2.2225200294833814e-6,-0.002087860075763731,0.11136511064569427,-1.0108970426462325e-8,-0.0197084452839917,2.949135142040669e-6,-0.00014797808844952686,-1.171332575616168e-7,8.929537884425039e-10,-1.521555012328808e-10,-7.170132396179751e-9,0.00022310821144692596,0.18500400110906334,-0.00508783332853155,-0.0014288253297362462,2.3161353490546737e-7,-2.2003340867209044e-6,0.00045883743076083154,1.1576629796163252e-5,-3.931234196922011e-7,-2.845298351353595e-11,0.10096366018105686,6.227449832468378e-11,0.0034329986873515425,-0.03635854106153219,5.511599647308432e-8,7.1329992938065905e-6,-0.006230915191490053,0.0005816436726543423,3.822251709045894e-9,-6.885973562250462e-11,-0.028453660339063776,-9.00140365021815e-12,5.293737404369364e-9,4.71875643559742e-9,-1.6386500456816746e-9,-0.00022590124886842238,-2.3752223098856137e-6,-0.023791649139602723,0.11774539597557163,3.0003414446830134e-10,-0.0001115795880083433,0.00035855536532353855,-0.027352494602350483,4.6508528819276214e-7,-2.182981781304398e-9,-3.914402716339152e-6,-0.0017604668453130884,2.0685148705699866e-8,0.30794408558014447,-9.471728260106607e-8,-5.6617444181210696e-5,-0.03620817990597313,-4.5086710573254964e-8,2.0385473752534344e-6,0.0754628945723364,-4.60920912400495e-10,-2.1267847253990792e-6,0.0004687477911540235,0.0733686682633852,-5.710864279870866e-8,4.658203055987064e-9,-0.004301837380753264,-0.00014459484539063174,1.3233634844443127e-5,-3.831860916529056e-7,-4.393345852658508e-6,-2.2193908298196718e-11,0.0008717878423828125,0.20372206250422153,1.0331539405043311e-5,-1.2553656638575183e-8,-0.003880426414754131,6.08810682002035e-10,-3.7324061860259296e-6,3.393735160492051e-7,0.17371504996865755,9.722278824676808e-6,0.26140879776262793,-0.014334357357535812,-3.153185800622377e-8,-5.927022263654289e-10,6.865111981290866e-7,0.00014304399060449262,-0.0013137134499380749,3.513722328863273e-11,1.874460026623814e-11,0.03771411503484685,-0.0029359029964019703,2.781189565959281e-7,-0.007448913686083368,-1.614223398250406e-10,6.327067557715409e-6,9.617052679244078e-9,-7.547577453134819e-5,8.875771822802926e-6,6.535881915253994e-9,-0.05947052736398661,-0.02287464846454891,4.155668692261179e-7,-2.6122471607378855e-7,-0.012853803961716955,4.3247143922195e-10,0.10376311005133516,-1.3778161120484072e-5,-0.028137203585679667,-1.8918015795618803e-10,-0.003794117115199275,-8.739293505199776e-11,0.0004949838343973191,1.53818722085815e-7,0.224347886342124,-0.0031803954791397777,0.06517349650507323,-3.012740523548117e-8,-0.02643522655954058,2.865059290376585e-9,0.00037057764581461763,-0.0019577907282508685,-6.439373053734411e-9,4.837082279399857e-7,0.021671301779669104,2.836502721940633e-5,-2.074479012672751e-6,-2.4630640188399483e-6,-6.589632123590288e-10,0.0885429001958084,-9.993086660056953e-11,3.4143223475106675e-9,9.807376575744773e-10,-1.1755765729691468e-5,0.002176658297099929,0.1965305243336117,-1.1928500100666551e-6,-2.924490494738644e-10,1.3157689466592026e-10,-1.556260116085907e-5,0.43989119766964146,-1.0147510433907905e-7,1.7402017627102513e-5,7.0122664807584455e-9,-4.0691297828613476e-7,-0.00014008660973264636,-1.3909169152118705e-9,0.5149083742240135,0.00021863526404285148,2.9218425961821727e-6,1.0541232266014848e-10,0.0004403533515060567,1.0573517070208365e-9,0.01751847499067238,1.7094316294608586e-7,0.04642945787547719,-1.9795621351447104e-8,-1.6560599695431576e-10,-0.0018904000678418723,-7.185804552523232e-6,0.00013503019087429558,-0.018970865940685935,-0.015425983007618225,1.727317744924724e-12,-0.022920806735954015,0.4456220161349531,3.5984511384905856e-7,-8.045249178462746e-11,-1.2963077727256565e-6,-2.02442581416991e-5,-0.007642926098451029,-1.2073191701493007e-5,-1.0290399509337319e-8,-2.7812838057908356e-9,0.028106666276783234,0.000709717753641438,0.1481540820618497,-6.270761794028779e-11,0.06799872868769799,2.4655771402130295e-6,-2.6362511840573766e-5,9.337987430276327e-9,2.490101122265823e-7,0.05189275202930697,-7.055110964968028e-5,2.202974017578192e-6,-0.0002446504132772579,-5.50435486787901e-8,0.05289316618547624,-1.026907576996776e-5,-2.0853915231037413e-7,-0.006426522053603599,9.158015216093418e-11,0.028723334230490574,1.9121584308778206e-10,0.00036318941880427976,5.061136196815327e-6,4.561807777433347e-12,-0.0025151337050521995,0.1879089134254128,-7.860247476840208e-6,-8.9154380533381e-10,-0.00011138812287735521,2.343695589267871e-10,7.149330614320839e-8,2.4201904238203406e-6,2.6200064668027465e-6,0.4673225982426362,1.135092530839652e-8,-7.37392533233908e-7,0.04142144169830654,0.0005644097407461542,4.2354755623808745e-8,2.3474582852135476e-10,-0.0023982081904000874,-2.3619158937926413e-6,-6.690144897685212e-8,5.50368104228976e-9,5.03935932075381e-7,-0.00011236537807336921,-1.9006377415017533e-5,-1.663426188480695e-8,-6.5878728129976e-8,-3.312193912950876e-5,-3.293350798961605e-10,-3.2883575394181734e-9,-4.3303759004904495e-12,-0.0025666372835955274,0.0003559810729059368,-0.012951920516280793,0.05956233736338323,2.412857214731468e-7,-1.7147113759316428e-6,-1.6570917066026163e-10,1.917411617605778e-5,-2.4061092827849012e-11,-0.005740753598547811,6.7169180496979254e-9,9.960314497087967e-6,-1.7041209550712285e-8,-2.395000045235605e-10,-8.851034091394751e-8,-3.503518185958597e-10,2.0319516939104395e-7,0.1350942479620471,2.2432645111829827e-12,-1.3060518728888083e-10,-6.21378376408506e-6,-0.0022330953463757966,-1.7549641500445572e-6,3.188163546035013e-5,0.21588542452584555,7.701315664203506e-6,-1.1839882777295122e-6,5.078315751284318e-7,0.000162761488260387,-5.49573428416331e-5,-0.0035381082037225266,0.0367709869633592,1.3393326126510138e-5,0.39848891502355394,-0.012658097011321454,-8.403718258835394e-8,6.1376457277633475e-9,1.0859366310566495e-10,-0.05579473457881139,-3.226284105312469e-8,0.014688574148619628,-3.7664845491864175e-10,-0.01250101710898824,-3.206612356255557e-6,0.12266086301672101,6.909735780482317e-6,4.33733621995607e-11,1.7723407846193774e-12,-1.342698438493038e-10,-4.2134584906630106e-11,-1.9898705090233826e-10,0.025890020190156817,-1.3076719581849315e-8,-6.879479262556769e-8,-7.151745201199603e-5,-7.84376601211006e-9,-5.091064935748515e-11,7.656261679515416e-8,0.05156630604759125,3.618399205131108e-7,-9.799888086576713e-5,-5.995620314627248e-5,1.985159577801005e-9,0.0010597566167963902,-6.534178530550422e-8,0.11233152042536926,-3.585959565331614e-11,5.211737166420802e-10,-5.169525416124156e-9,0.008481979580868578,6.392298241399405e-9,0.0002604327679204144,0.12291497051268241,-8.57446437297249e-11,0.40765613050474864,0.0009645945726782398,0.06414812774409923,-2.1992921068973478e-7,-3.9261393493019377e-10,9.169226981021125e-10,9.835997235410225e-6,-2.1634383856113617e-11,-3.398805763249136e-5,6.0450804779599905e-12,-0.006406167296934047,1.3725043208666814e-9,-4.8772318702038524e-9,2.66177861030077e-9,0.09163772682809061,0.030329281070825543,-0.010533405858763225,-3.45110225482157e-5,2.460153825190686e-8,0.0010002965000484188,2.418167375771557e-9,0.15441172129309977,8.380039720492995e-8,6.980945177001734e-9,-2.5301904074370366e-8,-0.010532582313762699,1.5928222985445718e-10,0.3677992626750636,-3.1501766734819013e-7,0.04207157621176196,1.9160982926419235e-9,-3.875929772980602e-10,-3.908054284057437e-10,0.20699136287747996,-1.4730156207820714e-10,2.66227789117375e-10,4.40576232108364e-9,-2.8495883524318683e-8,0.32825497369163786,-4.624821082132692e-5,-0.002872296693616917,1.1056282016653595e-9,7.267063940606283e-9,8.175517952610838e-11,-7.079946491272283e-5,8.856008695195743e-9,0.00972120451229633,0.00010414182852142702,1.4765220264198438e-5,8.462704582986583e-10,0.0015122286165819595,-0.0013136769389179505,3.2100090973602833e-9,5.251650243835888e-9,-8.12871827840289e-5,1.9922404061180172e-5,5.951770039905605e-6,2.910718057448077e-7,-0.010441906451343665,-0.022998605662443505,-3.769178263837013e-11,-1.2498210753295013e-8,0.217092673530658,-1.0600664127933472e-7,1.2356845737975772e-9,1.1462409760768742e-7,-6.03754611838203e-5,-4.709979808479772e-7,0.008441993335748682,-3.91624430781064e-5,0.0003610444201944682,-8.495363653152372e-5,2.340870098666061e-11,-8.756172131473041e-5,-1.1021171523357837e-6,-0.024200692967498477,0.262874901105669,-2.974423085330252e-6,-1.0405870212415774e-10,0.004883111233909021,-0.02551639485250931,0.13783280995362984,-0.010212632306480845,0.00011581488307617283,-9.437361524028727e-10,-5.996353848455511e-8,0.0004500884479931062,-8.418197250797568e-7,-0.0006113304795521817,-0.008578477189809584,0.12598472733023164,-0.0012390664898697052,2.9229025602104872e-6,0.20824177833586058,0.03203136749947534,-7.727422952459748e-7,-1.0101041783860456e-9,1.1178977781053558e-6,1.405145045391089e-5,-0.0019687989154006666,0.0001041649351215815,0.03723591580834225,-3.0902867001312917e-6,0.2603756345921199,3.280857343060037e-8,3.383946888038393e-8,0.028198283956765827,2.1503289513541746e-6,-0.008566657828864907,0.5172343708427863,-0.01569049832984217,-8.705664911609427e-11,-0.005607040405848316,-3.370219840809867e-7,5.9486196215875165e-6,-0.013491814867301817,0.5016882061771816,0.00014453774579227272,0.13839318407434206,1.2883531579602844e-5,1.8406900018905647e-9,0.011923977416535456,1.0934793143587892e-8,6.228822720721941e-10,0.017084973538868745,1.8931670009223287e-10,3.92908158364009e-6,-0.0005036114241605678,0.00032418905792349245,1.6957471087144256e-11,7.887697739306194e-8,-1.8661604750636016e-5,0.2964839681911359,5.080658986820774e-10,8.42926683529193e-10,0.14021984443828425,-7.877336883866019e-10,0.0006373816894549974,3.9483113623196944e-7,1.1557337534812386e-5,-1.1418832455845626e-6,0.00016955027910965282,-0.016179605616709933,0.0006825627177654763,-3.44509957468253e-8,2.8044084795269384e-7,-5.099789000522321e-5,-0.00551232322438764,0.042015172500334104,1.0224387170530727e-11,-5.318425803234941e-10,0.07814141252317187,0.1500626584399426,-6.022654726288251e-5,-0.04075211184965226,0.005953146361475693,-0.00012967664049951902,-3.250287710503992e-5,0.0004024596223032017,-2.5965836741710703e-6,-9.069909740367627e-10,1.0198683649523676e-5,-0.013221326450040876,-8.652548350989274e-11,-3.920359155746617e-6,1.370260684092122e-5,-2.5505938674872064e-7,-1.9944251197786995e-8,0.3921851741773566,-0.045617520186549236,-2.2917736357017863e-10,-5.687359692490059e-10,-2.3816384452836044e-11,2.923045984330568e-5,-0.007668699056728028,-0.013311636049414622,-6.382829327003352e-8,-1.6208443391675932e-7,-2.625740641719731e-10,2.3122282180697117e-7,-1.5759081772907015e-8,-0.012557874091309335,-1.3836537588729925e-10,0.0005631751301171957,7.659638654551672e-6,2.4856360159442273e-6,-2.1491574059486595e-9,8.313850683410068e-5,-0.0014673538187821758,0.00012686883941075006,8.390708912735659e-12,0.015063104556354855,-3.0196849506127626e-9,0.06585727348845649,-2.5566053307495124e-8,-0.03127494943645588,-0.0008873551032673564,-3.5871679523559157e-9,-1.5726668214649664e-5,-7.738307958121738e-8,-9.605981379515877e-8,4.4528451639963935e-7,-1.200889396031905e-6,0.008913621061453145,1.881799476421105e-9,9.108366812322537e-9,-0.0001159414829193395,3.063531349298299e-7,5.274986812764125e-9,-3.977946455090728e-6,9.210491006987963e-9,0.0004557409275563906,-3.0081433256349216e-7,0.22424007041747787,-1.3440552777691983e-5,-7.386626228901662e-11,0.14547103626546706,1.0739181242762334e-8,2.1398631159158093e-11,-3.489478161366388e-6,0.13422362727701534,0.041182700920830734,2.911899877724238e-9,1.5282378359107032e-9,0.00019437961529136368,0.48723968579427407,0.023261561539441516,-0.0007135695105364314,8.939200563802657e-6,1.2233184201598058e-9,-1.1041160393251635e-5,-2.621297682359912e-10,-0.0019750240482441215,5.750900827704921e-6,0.0009310928433469237,0.00010823620788074892,-8.8094727407908e-11,-1.2543492677213535e-6,-0.012100030974887897,0.00010484596839823923,2.1001355059844262e-7,-1.7688472906355736e-6,-0.01660520996105006,3.5865345589217044e-9,-9.212776843629666e-9,-0.0001844537525509363,-9.216705852826318e-5,-5.0507945777459e-5,-8.63998598488035e-5,0.09638453761046836,-6.299950953137315e-8,-5.6039265342056415e-5,1.1861618927016304e-11,-4.680808868128638e-10,5.593719552672116e-7,9.499139023327743e-10,0.00010067228483726933,0.06184257971379471,0.09111237279367981,-1.4634502852460059e-9,1.0388833276585644e-6,-1.418785437253014e-8,-5.6141624941983355e-11,-0.008207772319715567,9.265330785774374e-6,0.23489918980325986,0.00018730114896282278,-0.0035439163510168903,0.08954938861416047,2.0367731570798008e-9,-0.0021114717404574395,-8.544422266094107e-9,3.532822423418437e-7,1.3595037940942763e-9,0.016787852574759787,3.7067399468411647e-9,1.7227309949441116e-5,-1.4804057002160728e-7,3.0944378832417674e-10,-2.392780698274909e-10,-0.0001448694855156308,-1.47485391120689e-5,0.01599909122294781,-0.014615146024563881,-0.03445307752044725,4.4794325496807923e-8,0.026751157905396658,-9.766135461029616e-7,-9.801157090097745e-9,-1.698851023897079e-8,-1.8953388835923662e-10,7.2252942472791245e-6,5.83538602384219e-9,-0.014076048006960707,6.159501132987777e-7,-2.0622060849360396e-8,7.993276126170468e-6,2.964388468300949e-9,-2.1510042373074087e-10,3.206688451328818e-10,0.10505008399287483,-1.3509813759489046e-9,0.00019580579285213539,-4.732499377629589e-6,2.2263942625843543e-11,0.00035518726328291644,-0.010970244741755671,-7.35711894238676e-8,0.45491562091345067,1.4084027414711255e-6,-6.088852601309879e-10,-0.0009189167270466984,7.250447030241747e-6,-0.0001437505673897242,-3.780273964753059e-8,-1.5293435098907764e-5,4.146320182631096e-11,-0.0006322370604709654,-0.00010545332146459486,3.738463772297224e-7,-0.002088810807357749,1.8019331340368578e-9,0.02705904450915744,1.7863665785748472e-9,1.1410894103246492e-8,1.3739475629637633e-11,-0.019934544941822598,3.331981071873487e-5,1.0611650321625218e-6,-8.597046629371858e-5,1.0178322782522852e-10,-0.006483305436986155,-0.02691948533138184,-4.873579666771684e-7,2.4362485410545844e-9,0.01627186068475668,-3.513113782503222e-5,1.0356272007968606e-5,1.4931156322814828e-7,3.043289577810983e-8,-0.019792594514414313,0.35977689983038164,-5.282304372138697e-9,2.616124123310462e-7,-9.86804109890832e-6,0.0009266800756485943,1.5302870326626204e-5,-5.636987915709328e-9,7.964273208119177e-6,0.000508479608388684,0.0009430545264583276,1.2558385644628295e-9,-7.648813276146693e-10,2.909812089794088e-7,7.065538348183789e-8,-1.5551272408453077e-8,-1.484339343317361e-7,0.031381694895946284,0.2527654391049749,-8.388116823520329e-11,3.5216278798414793e-6,-0.03793059596358062
0.0,0.0,0.0,0.0,0.0,0.0,0.0,0.0,0.0,0.0,0.0,0.0,0.0,0.0,0.0,0.0,0.0,0.0,0.0,0.0,0.0,0.0,0.0,0.0,0.0,0.0,0.0,0.0,0.0,0.0,0.0,0.6189416473820399,2.207909532322814e-9,-7.959723942627073e-9,1.1626704649120785e-7,-1.3987363075685494e-7,6.771735120882039e-10,0.0007267219258515821,6.374854073178647e-6,-0.0040480926132578894,-4.824145579207709e-11,-5.486579407366389e-5,8.233259696952538e-9,-6.5198712014804295e-6,3.0759253853646483e-8,-0.044176766702965914,-0.0018859064991713081,1.4128213004427672e-8,0.0008497329717890425,-0.02861100775894431,1.2461663930814841e-5,6.759596129228782e-10,1.052920802944721e-9,1.683914238730024e-6,9.741399025771342e-12,-8.868558881389624e-6,-0.06699149276257949,-9.373293023166096e-8,-0.00020055692813345823,9.228020492767326e-6,6.177312738971823e-11,-3.3493881844095495e-10,0.0048852137423788505,-0.001024682504117988,1.5064258745701262e-10,0.2591156890284366,-5.4751095520907995e-9,-6.654687152012822e-11,0.08083060774263819,7.057901987995068e-5,-6.778378483394965e-11,6.541159075295202e-9,-1.185849063334285e-11,-0.009511216312442021,9.433923986442693e-10,0.0003106180572515829,3.5079304869784315e-7,-4.559585911280872e-7,-2.4263676212641066e-5,0.09269112327459152,-2.4864093023842977e-9,-6.859778291614557e-7,-3.883599235239466e-6,1.250756819451817e-5,2.587270150296263e-9,-9.512986676023293e-9,-0.059028995353390665,-0.0004255807223410258,3.041957227187442e-10,-0.019467928445265147,0.0008024432363697203,7.159915340938749e-10,5.2324215353414854e-8,-0.0010859609926066828,4.109280686573631e-5,-3.8093186224813406e-8,0.00020142939860769135,0.012781027656569343,-6.033625438975403e-9,8.583951258574868e-12,5.979096061992773e-9,1.435126892107971e-10,-0.040741392794744556,-1.879764508830116e-11,9.547374415912455e-8,5.542005685365401e-10,5.643749625254006e-7,3.10986015180608e-10,4.237871150398953e-12,1.222251430407367e-5,0.0018645354854320416,-0.011740418953258185,0.0013295706084559948,-4.0003177891328335e-9,1.111361208694449e-5,3.608995867780905e-7,0.42706925552221137,-1.4325368586444026e-10,-2.007325177085041e-10,1.2917046351238547e-6,1.475093016443183e-9,-0.04250628771927821,4.920635731742139e-6,2.3217990891259765e-10,0.0007167529219591499,9.099258118023767e-5,-2.5384019409234e-5,4.226120163332339e-8,-6.167831196125006e-5,-1.4665487787704405e-8,-2.547115844341448e-11,-0.0054253598698516346,2.2180661426893935e-6,2.142534667138119e-9,0.01310634808274628,-3.982387045267735e-6,-0.017197657808139265,8.765371927318723e-5,1.9446205436404912e-6,-2.2479079794445158e-7,-0.0004666414064279045,0.0019140028117287354,8.388498149009035e-10,-0.005798127438554514,6.65640779361299e-8,-2.6031357117465277e-5,7.770757097884709e-10,1.3706676186923448e-10,-3.40622559138609e-11,-1.3300262254744638e-9,1.4617974725188061e-5,-0.0479406119331735,0.000642569279183498,-0.00012499923745638893,3.7115774915091476e-8,-1.0378838439619971e-7,-1.6215652979513206e-6,6.138081421853509e-7,-1.2523790710442183e-9,1.054905302224139e-11,-0.006324969358461233,9.843820238785583e-12,0.4507168811747218,-0.02728101636210812,3.567783701370261e-10,-6.074568142287833e-7,-0.0011337974326930083,8.004977991484888e-5,5.597289546905621e-10,-7.823492558629526e-12,-0.012513215993444064,7.567731156153962e-13,1.046335201680323e-9,8.320429140107456e-10,7.515038334723242e-10,-0.0002339623491244844,-4.812304959215618e-7,-0.06719751949101113,-0.07100848952511556,5.920276894759939e-11,-1.2476028747125142e-5,-4.265007219809301e-6,0.0004970534512582287,-1.0404086601062313e-8,8.928639778083559e-10,6.209191981136078e-7,0.0002740732656267306,4.3878167888704235e-9,0.004064285425559039,-7.971165857154652e-9,-2.7205483470455193e-6,0.0009909135764405116,-5.439155101737609e-9,7.109896200803896e-6,0.00013116403478233914,-5.6788402356900537e-11,-6.67484842760275e-8,0.0001615693783112709,-0.04570466654072086,-1.1864818407669824e-8,5.623114666095309e-10,-0.00039418790061494964,-1.8956517888289744e-5,1.8371099072150866e-7,4.145785218545755e-8,-9.463152304576879e-7,-4.15014338551397e-12,-3.573465658482098e-5,-0.01590803496260682,5.449105877799056e-7,-2.681841565414865e-9,-0.08548154175178531,1.0281257063467826e-10,2.8204748230817647e-6,1.8875041994697007e-8,0.004213170898266169,1.133912993270767e-7,-0.03294489636191772,-0.00015153252456770884,8.062935718747376e-10,-7.483104051473889e-11,6.654046549965381e-9,-2.5354293479663957e-6,-0.010516201747664678,9.99421480000541e-12,7.318401495803551e-12,0.042922252692608714,0.0007967224375556396,3.903737444890855e-8,0.001014474621017414,-2.281428740049882e-11,1.1784808662783614e-6,1.2070413437949328e-9,-2.0768532850401388e-5,2.1774315356409074e-7,1.1678537018092731e-9,-0.03521922636042498,0.18839636023421394,1.285062534034577e-8,2.896770401393748e-8,0.0014622906555237867,6.3584903490943e-11,-0.006668529484580356,-2.4694747003917468e-6,0.1471288457868058,-2.546346755205015e-11,-0.0005708365781105276,-2.3188614261313045e-11,3.8724009365946445e-5,4.816880171322712e-8,0.009200397146062723,-0.00019615967967092499,0.12988050106500648,-5.032091056513543e-9,-0.008676284877194573,3.00040154302228e-10,-0.00013263807651035626,4.825203739039882e-5,1.681972852838333e-9,6.110290060752715e-8,-0.00042170902634801306,1.3505238753714323e-5,-5.4631995885140646e-8,-2.8047413508485585e-7,-8.344096583788559e-11,0.1943582817156216,-2.0652886657558843e-11,4.356327195677587e-10,7.383925437570365e-10,-3.854667955161391e-7,0.0013994950437386641,-0.02373797218460063,4.064183240089246e-6,-1.6311326830865912e-11,2.0781107770904973e-11,-3.199909498685079e-6,0.030033827222236697,-5.814675514954592e-9,4.066369971094443e-6,5.73744781754595e-10,-3.1769171830633675e-9,-1.139144697567528e-5,3.0784715878596474e-10,-0.005309799276363682,-1.4024885221263839e-6,-4.7911234860935656e-8,-5.048698170296015e-12,-6.833188125360575e-5,1.5752354327592088e-10,0.001560004915187314,9.379816393929042e-9,0.2184091184168762,-4.073293157961941e-9,-6.817590307325832e-11,3.872398306012888e-5,6.937290383080771e-8,-9.856706759761899e-6,-0.02492109174890008,-0.002064628112206363,-4.682038555136086e-13,0.4809347777658821,-0.004239990049643673,4.2122685145830666e-8,-1.163120513075961e-11,6.786371422861634e-6,-1.7781197987756318e-5,-0.00012743891801534198,3.856691833839552e-6,3.86738687877402e-9,7.151174468662323e-9,-0.0020522212348342006,-4.9121217659770646e-5,-0.07605987555854687,-9.828300325843657e-12,-0.012426720461790466,3.3979396794061416e-8,-1.1888816953055291e-5,2.055738114164852e-9,8.989962834710571e-9,-0.005499253745217879,5.135220669333932e-6,6.324852798857337e-9,0.00019909657089384764,-9.630998039040291e-9,0.0022107775346871888,8.024334274215616e-6,-8.738156945070421e-10,9.46278618642006e-5,9.618862321579857e-12,0.08237931737620353,4.0589813462706224e-11,-3.910905799209691e-5,-4.65336612003795e-7,5.670437282875639e-12,0.00014708488925414194,-0.00341192117091004,1.3636609960420404e-7,-3.821760373568755e-10,-1.1430872987029815e-5,3.708702231571109e-11,6.801409264420142e-9,-4.05561564744257e-8,2.7953477059370176e-8,-0.031086120625888017,1.563784020271423e-9,-1.6545234527961137e-8,0.026958296082559445,4.896534654911355e-5,3.99853030321584e-9,3.261618101740772e-11,0.0007113387469573074,-1.567805312494679e-7,-3.6985835659681768e-9,8.313754384181983e-10,7.77017034355539e-8,-9.26338813732517e-6,7.520996476605499e-5,6.741395479206775e-8,6.508055966392352e-10,-1.1082000211792512e-6,-1.0897330275677279e-10,-1.1126615103733472e-9,1.0589680366636897e-10,-0.0003491406357936576,-5.558411867530662e-5,-0.0067145719876709935,0.0033591310921758685,4.115305501462985e-9,-1.0199134113890625e-7,-2.576945669941732e-11,1.2135282129482889e-5,5.062491318159149e-12,0.0022973981096037766,9.34444176413108e-10,1.2781742398098632e-6,1.3227087933587111e-9,-1.552158808978461e-10,-1.2873802570548956e-8,-4.5860627053128625e-11,1.0217862659665383e-8,-0.022439682728436182,9.991741938471685e-12,-1.7661799287636363e-11,-4.878970777455588e-7,-4.987311162863727e-5,-3.997758552280899e-8,6.886545300818809e-6,0.0530324046172945,4.658159790350502e-7,-1.9967214884945744e-7,7.28071111679726e-8,1.0163160031261537e-5,-5.493816331451729e-6,-0.008809068400281523,-0.020549692301845418,3.21401948697259e-7,-0.0018501154914703703,0.4788669693054188,-1.343429151247878e-8,7.496918022462073e-10,2.6202694439009474e-11,-0.03823704287324904,-6.16803899504988e-9,0.20835905556317563,-4.871727090948361e-11,-6.193975385237635e-5,2.207992375566659e-6,0.00011046036785379069,-3.886419378744427e-8,9.413414869105657e-12,5.303612219928691e-13,-1.865806688911887e-11,-6.217840735520963e-12,-2.5899342522077245e-11,-0.00016892021636652466,-7.436648499942184e-9,-9.0243732242593e-9,-1.0760258110886609e-5,1.0042199200946641e-9,4.3203875956673613e-10,1.1560826904755906e-9,-0.03813884228571131,4.1793946896337577e-8,-2.544859905892972e-5,-4.456918083178085e-6,3.8257386931819636e-10,6.277959942287915e-5,-3.1402218740924848e-9,-0.0013361274965423835,-9.168200786486839e-12,7.480613682149162e-11,1.1085965651237073e-9,-0.027405687450350897,6.227583993316813e-10,-0.00010993541229396866,0.2410978453804616,-8.045365049254161e-12,0.007607216773049596,1.9311720981449976e-5,0.003737850711780562,1.2652582615906614e-9,-1.2427718851084797e-10,1.658132135267497e-10,2.0933147416372865e-7,-3.5912999072063945e-12,-1.6722939715548804e-5,1.781333325588253e-12,-0.0002923934803768408,2.0642403876546833e-10,1.1313448309840535e-9,1.778078781421425e-9,-0.0912376347291324,0.2787159021933171,-0.00097704467628467,6.713887804106442e-6,1.7628167425838976e-8,1.0562682160396753e-5,3.612797043554229e-10,-0.0430424893250747,2.9557525298664895e-9,1.677241228864998e-9,-1.5231663418048658e-9,0.0005323257805504455,2.767760820193483e-11,-0.0056727640895928915,1.8615904638153087e-6,-0.033287955400492786,3.1114049184381374e-10,-4.8530939526079495e-11,-4.4405995905086906e-11,-0.04923077590918675,-4.091476217831412e-11,4.206764378172605e-11,7.042543032707314e-10,-4.304801301632647e-9,-0.05422457398681446,-4.467170084401943e-6,0.0005645344730620486,1.7726368759537827e-10,1.0113630868843477e-9,1.1684111121133035e-11,-8.162579137030649e-6,1.5310958845111675e-9,0.5150398090286511,1.2654485756277585e-5,5.13435779726384e-7,2.053680562326581e-10,0.00048156981845285914,9.268377172211071e-5,1.072173786951902e-9,6.424276207558636e-10,-2.3521193363618027e-6,1.7389246577363575e-6,4.781253993878287e-8,6.976864210991018e-8,0.0005618617070272099,-0.012146467149228912,-3.186369635137351e-12,-9.142833068836387e-10,-0.016732822298605433,-5.1098601073716995e-8,-4.2685392082137904e-10,-1.628845291181849e-8,-8.941054117935395e-6,-1.9030931237089705e-8,0.0010577833209863886,-1.6261853507482532e-6,8.232896198487512e-5,-1.822332668412495e-5,1.139136278160997e-11,-1.1248577649428031e-5,-5.7756029950510685e-8,-0.021010780734467632,0.013124015837481844,-3.058925400158956e-7,1.2220050875675074e-13,-0.08371535702585063,-0.006332068910895601,0.003380062787439815,0.00010768816303110983,-1.8897619191406067e-5,-1.1222290782435278e-10,-9.890780072352286e-9,2.788396521488358e-5,-2.0266348343302436e-8,-6.83290343312415e-5,0.001533371865151242,-0.011339793969470682,0.0004993037905261086,6.938467203023611e-8,-0.001964130094000386,0.0011662970911779107,1.848882807638845e-9,-1.2496293338429925e-10,1.9171563431317856e-8,3.277345463187112e-6,0.0021852365954678674,-3.494255095642353e-5,0.0010380773933468088,9.042967460606157e-8,0.03713726095051715,3.331718715019881e-9,3.6040173905789763e-9,-0.004465039293384985,2.5088235311637518e-8,-0.00044057564873552755,-0.0073183382970175214,-0.002639328706852551,-1.8586084192421583e-11,0.0003354556258427389,-4.1027950016922394e-8,7.897389421738877e-8,-0.042700476459032646,0.005442342811246944,6.848031233705175e-5,-0.0011742713183026724,3.503070596029187e-7,2.4159429072402997e-10,0.14126851108511243,1.4896799359136433e-9,1.1268640288584715e-10,-0.05750713811814787,2.6870124492400227e-11,-3.851640172196838e-8,0.0001478608609823145,9.977620028524187e-6,4.9209992268889575e-12,-1.2123429631594915e-9,1.0114472843124876e-5,0.004522852871775968,8.414037556701477e-11,1.7612387423677537e-10,0.005790924284767223,-2.991645197938278e-10,-8.516510601319243e-6,3.446582386430705e-8,-1.1907053694214546e-7,-6.701479461942892e-8,3.476118117579129e-5,-0.002347760197178711,6.12392775870712e-5,-9.003200611952769e-9,5.041791755875665e-9,5.92683739300477e-5,-0.0007483000748189527,0.001072218192107661,3.5830600073134e-12,9.578041246325505e-10,-0.01570682409974866,-0.011250000488208296,1.26764755296319e-5,-0.09748103124852399,0.000454661553097684,-7.2685554621704524e-6,-8.59681071901278e-7,9.017227361440529e-6,-1.3249654121320372e-5,1.0181936876519373e-10,-1.9830754209461944e-7,0.08794285481492191,-1.2559028162208733e-11,5.444775248510088e-6,2.477405323230357e-7,2.476171692924836e-9,1.141618399332574e-8,-0.020328342946173163,-0.013768063023346705,-3.042241260541935e-11,-6.458904883350998e-11,-3.8938843685561334e-12,6.4514683804818746e-6,0.0004477312862806344,-0.0010576141759682301,3.592561353555047e-10,-2.8042376607458023e-9,-3.431156383995202e-11,7.783482146218112e-9,1.0295647243459119e-9,0.0005169952532579962,-1.9850617294036453e-11,1.7404971285011978e-5,6.461727766640211e-7,1.1940332643866411e-7,7.918809501628848e-10,9.765271673029134e-6,7.187580068307126e-5,-1.4188235631291362e-5,3.184970481395043e-13,-0.06602977754854931,6.540774792589723e-10,0.0011729537865699542,-5.053204822018563e-9,0.000672845248142757,-0.027474468024294523,5.593015136703939e-10,-2.148519625840808e-6,3.686210045076853e-9,-7.82789323984252e-9,2.7073150249033454e-9,-4.656122536440298e-8,-0.0030284255957386103,2.6655484094520965e-10,1.3906494076404553e-9,-1.6397819180010306e-5,3.623762667520175e-8,8.981539886042489e-10,1.7215656663926764e-7,2.445809909897788e-9,-7.571983228980717e-5,-1.4842234374237938e-8,-0.010117753837133264,-9.620868367187936e-7,-1.430766518851917e-12,0.03675552673415987,1.6377415687213706e-9,8.681312725916245e-12,-2.3619778088172067e-7,0.1272755264192926,-0.010011580407854078,5.211024076651963e-10,4.5783505733511623e-10,0.00010275220847405666,0.0015848667618902081,-0.014488329881829078,-0.00032832996997855476,3.093890656261989e-6,1.374885151848955e-10,9.128477021384383e-7,-1.0643660005938541e-10,-0.016327903595355665,2.3945036884248357e-8,3.364647637782877e-5,1.2141906798683174e-5,-8.437465613206573e-11,-1.2417270292184124e-7,-0.0015106720460802909,1.435605003008461e-5,6.981472428717396e-8,-3.419613443380272e-8,0.0006824323761239473,5.387330275001385e-10,9.872630814039274e-10,0.0002541136771643885,-7.4184571648039014e-6,-1.8031401956283866e-6,-1.4195810920136583e-5,0.007386753473444466,-2.4342499869235438e-9,2.375284475145618e-6,4.8739799400361226e-12,-1.5994528671295646e-10,9.10091962947854e-8,1.5652373889524346e-10,-5.855183595375717e-6,-0.03338713429097995,-0.06373211388133604,-6.134042583997955e-9,2.190887152736306e-8,1.6022409670724335e-9,-1.1588075024711576e-11,-0.005470540093917296,1.0579905372756389e-7,-0.0424962935296938,-6.454587231050081e-5,9.411574554415558e-5,0.0019603684375146422,1.1503382206398632e-9,0.0004311957408596362,5.006951852486156e-9,5.6899379512762734e-8,-2.2342572598629765e-10,0.028881134263771927,4.634579350420304e-10,1.2081198678848675e-6,-3.786670908231606e-9,4.975231906417489e-11,-5.791075456721914e-11,-8.97100442063271e-6,2.986055646056713e-6,-0.04426151275776336,0.4727656748180178,-0.024363498692078833,4.62168847175796e-9,-0.001963895998830144,1.0399770786345277e-8,7.591337118609236e-11,4.0080020259202273e-10,-4.807079688330083e-11,1.479648711931635e-7,1.2109802394953348e-9,0.5686526743003276,1.1566390564588535e-8,2.1458997637085526e-9,2.672707237288013e-7,3.9848026311430313e-10,-6.755104745995938e-11,6.923391500747114e-11,-0.023237138319457677,-5.651587481279572e-9,-6.703515038996153e-6,-6.880080813696254e-7,1.3394660057334113e-11,1.5561108874714117e-5,-0.0003474019312751863,1.4340113440501872e-8,-0.0007356387174108944,2.0425106029887756e-8,2.1520815152775353e-10,0.00016505541249056368,1.1256348068192354e-6,-2.0002135048342656e-5,-1.299120861072607e-9,-7.302100871059008e-7,5.331055384783024e-12,4.075320337155945e-5,-6.405126211240574e-6,6.401944159630624e-8,0.0004585105681267449,3.086973033309929e-10,0.0004576975183249102,2.8303927850880365e-10,1.3948843857897087e-9,1.0152845137523489e-11,-0.004071891495721035,3.886543148858501e-5,4.485135473727124e-6,-6.578899278080055e-6,1.8352163654580742e-11,-0.00011640813056184362,-0.021034631781165977,-1.1794845957006326e-8,9.912470497397557e-10,-0.02098600102252053,4.0109127813941914e-8,2.455483638425411e-6,1.3115463434583458e-8,5.988421854462791e-11,0.0006894056443313015,-0.018278593854604674,-1.4574507495277117e-9,9.989716993745036e-10,1.16557578592466e-6,4.672844455049553e-5,3.772825610848336e-7,6.677265559953842e-10,4.43891085430476e-6,7.682385003300302e-5,-4.6614443416271675e-5,1.7958072685433293e-10,9.895941053568244e-11,1.0538881377147266e-8,4.84815205662799e-9,4.98029852488258e-9,-5.774945919936456e-9,-0.025518843135701595,-0.032515031839351394,-1.7651388423801623e-11,5.02614811898931e-8,-0.0174034194873558
0.0,0.0,0.0,0.0,0.0,0.0,0.0,0.0,0.0,0.0,0.0,0.0,0.0,0.0,0.0,0.0,0.0,0.0,0.0,0.0,0.0,0.0,0.0,0.0,0.0,0.0,0.0,0.0,0.0,0.0,0.0,0.0,0.6177149712025362,-0.021159849518157577,-0.01412619801119315,0.003953318951803588,0.06064310610082248,6.9577154075027115e-6,0.00011011754939232826,-1.484867789284082e-7,0.00019024819999130567,1.0472679866272899e-5,0.020893334035078558,-0.00023656272463435174,-0.011226221575374925,-9.447951764570384e-9,-1.1260666519443927e-7,0.009564531008987721,6.478343402470821e-7,-4.2063251031686816e-8,-4.928228153059213e-5,0.0008482704747295175,-0.03999398431782194,0.0023730367916091058,-0.0012668947285912184,-3.0416714204241396e-6,-1.80950171551765e-8,-0.006207486398318763,1.4188101496980588e-5,-0.0003934053174595794,0.001522835729195656,-0.05261296708869663,2.414039616389661e-7,-2.3596891313689735e-7,-0.011480780314517698,-2.1085550156125717e-9,0.16126169599931245,0.0037957472148524274,-4.4177168340682447e-10,2.584876371822207e-5,-0.0054372134686697165,0.24584962416398484,-0.0005427372790890153,-4.3802386479468063e-8,-0.006663600017643229,9.331014641196568e-6,0.005144028207622884,0.00041368286700079507,-6.959049936175811e-5,1.6600498947792426e-8,-0.03327172835129821,0.00141728551479353,0.00033601935001162093,-0.00010348185189439943,-0.050758389629792545,-0.010444565483200911,4.819386830352432e-9,-1.742119853989191e-6,0.22607260685640837,1.8154445763097932e-9,-5.37109521320409e-7,0.1936909690723771,0.002865046914323023,7.32906304696051e-7,1.3329630265975463e-6,-0.022924462183866443,3.1646014801640635e-6,2.8422581876734003e-8,-0.006148913198438726,-0.002802725901361201,0.13277101046825618,0.0004770827627410891,-5.166513302300058e-9,0.0025390205378437885,-0.00042929284998836985,-0.023978890852574687,0.0033314640703021527,0.006328844339933283,0.03048901613768583,-6.973998278689363e-5,2.0075950451804224e-6,5.986287669719725e-10,1.0638581283179773e-6,-0.0680496351232711,-5.853709620458121e-6,-0.002112566452624125,3.730115416275665e-9,0.0025422537058436313,-0.02569880250193234,-0.0002729266622075698,0.16546037802595037,2.640877256567051e-9,-2.8335542454515025e-5,0.0004944100366552396,-3.747260463080167e-8,9.422541709343492e-6,-1.4719993566563226e-5,-0.02590282946966398,2.1334832850115367e-5,-0.0007638886023491596,0.00015960106603336236,-3.1952940766256354e-7,0.00019802585366095605,0.007145287039244658,-3.111194676532766e-9,0.0001357241638081375,-2.0527650236671604e-8,-4.663901788656977e-6,0.0008351160056687258,0.0031667783046120564,5.442000036348387e-6,2.0068716110982841e-7,0.005286012647483582,-1.8942908198663702e-7,-0.001876163445188428,-0.00014104602003758274,0.29801433096766394,0.004367784404839351,0.0017974270255714504,-0.031062672098975105,-0.00015347884539055796,-1.8904640726022066e-8,6.658260044380552e-8,-3.084053768352138e-7,-0.022060425453501984,0.0053385312289205575,-3.213974464845088e-6,0.0022411373162047068,0.038790915538750324,-0.03818675805753793,1.018699466267906e-7,-0.0006910318914326795,5.538043071593572e-10,-2.27868321177239e-8,-0.020452436802477714,-0.001861990547947097,-5.414631483040153e-7,1.7688752105325814e-5,-0.006424548295241731,0.0009173131419612673,-1.1115643728459259e-7,0.00014597793736848499,0.026512127849920603,0.013979196146592082,0.048861634532914935,8.36178063913236e-6,0.0038861921390847902,-2.386167708702264e-9,-5.071618643712814e-9,0.0011165756239546354,-4.550281099354789e-5,-8.57057013043929e-6,1.5367270920583344e-6,-0.026042857446098838,0.3588228967493168,0.0037103268189940235,1.9562657655532114e-5,0.4242018217009918,1.1720386742100587e-7,0.003485246039578022,0.00012409696081650025,2.6123613864286e-7,0.0037948437196417754,-0.00013507483277483209,-3.698764711047663e-7,0.001092995468567688,0.007937296290784846,-2.851561860969136e-6,-2.29348909642217e-8,-0.014856993791116841,-0.0034490072199603017,1.4656081162937364e-6,-0.00012937786938551073,-0.0007523311081418947,-0.008176352640332767,0.0008297030895228567,0.0010645750998565595,5.888043235875142e-6,-7.616392637850094e-9,0.001351704997523687,-0.013339222377223504,-8.386592404362928e-9,-0.004091305043998128,2.5365714609050044e-5,-0.018378510776108598,-2.2885842961031495e-8,-0.007731579473825775,-1.0704731175326735e-8,5.473730649986512e-7,0.45107747689726396,0.06286326371399832,-0.03412649741399639,-1.7903335393933232e-5,-1.6486752163023283e-7,-0.0009116297416496343,-0.0005703437892876753,8.488344861501809e-9,6.469148949899487e-6,-0.0048020730378668785,7.16991319923613e-7,0.0064219596894410655,0.0029375911611477564,-0.01599320412822623,-0.00011027768571634943,-0.0020137304250145783,-0.0064351210455709336,-4.2808467549975775e-9,-2.1811930596934944e-9,0.020874111387326318,-7.228883104306384e-5,2.5063812206292272e-6,0.0012456551317014213,-1.0137182030216818e-7,-0.0005333039957645635,-1.782538897361201e-9,-0.0003724360688939014,-5.8837449554566e-7,-0.0015020587888027836,1.7211835221171838e-5,-0.004249258371937344,9.947207364995082e-8,-1.9631399529601495e-6,-3.5493912188075784e-10,-0.051683270915693115,-7.085715038241295e-8,-0.005272376544518398,5.004031573982761e-6,1.0773934623809779e-5,0.11559242178819366,-0.0036001015644930006,5.03703230625196e-7,-0.00022742946010966813,-0.008758912523163572,0.003628087745938485,0.0010444739811956622,1.3441572226910752e-9,-0.0034433501020050216,-0.001132530439795323,-0.03962312794198499,0.0008965548116022526,3.823253944200827e-7,-3.007246841261389e-8,0.00035131019034303465,0.004848230243255547,-6.903392381286057e-5,0.00017624534689387038,-5.401136227926099e-9,0.03328587725052323,-0.0004233071005024141,-0.009132368656546265,-0.02337013286911493,-2.655312546680715e-5,-0.05789875847473383,-2.6593157014643187e-9,-2.5693208628444452e-5,-0.014204595439179709,0.010762647386289566,2.2002072891622832e-6,0.002925836201163008,7.239066971689718e-7,-0.03967524624244374,9.773350280713619e-9,-0.01803536822932169,-0.005153456138857302,2.2319921525591907e-6,0.0010137839139552122,-3.2579081846537795e-5,-2.2913539750437477e-8,-5.52560286597713e-8,-0.0006730726435762981,-1.1252037050982894e-9,2.767198221154715e-8,0.0069169477752249065,-0.0003560021289149844,-0.00021206055514201927,-1.3931780627134576e-5,2.709493594873812e-6,0.0009314666100075711,0.5148520531555544,0.10636380818112647,2.1795097516294852e-7,3.7956810228814923e-6,-9.563039832808538e-9,0.00080477864223395,-1.714002667594091e-7,-0.016372313647805357,-9.142664129055847e-6,0.035891480941457124,0.06334544351088424,-1.6303331093335308e-8,-3.9135556388840955e-5,-0.013676030752032053,1.724556792201504e-5,-0.011465916518264,3.458137252920048e-7,-0.0001797287176833154,0.05769227884098111,-1.3040051638100457e-7,0.002577553309353215,2.211500343858299e-9,0.06677766312632322,3.477885988761222e-6,-0.0007922993924163003,-0.0010976710651132704,8.274943831634334e-6,1.5483015466344064e-7,0.002462492109618219,-0.06204746516046975,-7.85495798153651e-7,0.004246398576083273,0.26233211804672374,0.0022320569829793373,-0.024965087915411268,-1.4609039878201073e-8,-0.0035456150387053577,0.005174245995187906,1.737837476380821e-8,-2.934327058153479e-5,-0.023906195439722708,0.0003738189221973017,2.866066925618002e-6,0.003992988279066627,0.0870009162865756,-0.0006920216940577524,0.0002870378341302604,-7.64685446940912e-5,2.730861986182965e-5,-0.002726515907337329,0.45379008388716435,0.0006993904844783026,-0.010281416360807196,-0.015651435648355066,-0.03116731922902035,1.698157469889172e-6,8.622910423927804e-6,-2.9588238507921256e-7,3.10675987295463e-7,-0.0168657322329352,0.0056819725139774,0.004384600615902691,-7.315329010495384e-5,-0.002683237341060195,9.249291826143329e-7,-0.015798622078349235,0.0010312473529452105,0.2850142918056868,-0.00618076348565835,-0.008590533330024382,0.001564922773979784,0.10762187283613735,-3.806037702339137e-9,-0.0021168633206841542,0.00010455675888865569,0.0023891060680166494,1.3545486634072335e-7,-0.0017127494307303975,-0.00027397615282214664,-2.2184867633394835e-10,0.004620868699272502,0.0007779856020633137,-0.003494060934538255,-0.0001125926388601748,0.00015962207829285765,-2.872795905053968e-9,1.0979265305986623e-8,-0.0007880927828079722,-3.780516835859977e-8,2.8947478380299042e-11,-0.0005945961859831831,-0.0035896498726964636,-0.0005237374806129984,-1.4169167115354656e-8,-0.03876016077709909,3.4903638911077835e-9,0.0002465878112637741,2.5764956345053617e-6,0.0011749269743876448,-2.4778200882283507e-8,0.0006875879074147473,-0.0002775375443366129,0.0026545618519889873,-0.00042954960113452995,-0.0004275252503711406,9.607963428797956e-5,-7.188215773050705e-7,-0.0524840407180664,0.018936105932995384,-0.00020861388565716134,0.26037226315979783,0.1273021653174546,-0.01984343773861696,-5.122105142810236e-9,-0.0032274410716194553,-6.044282531462121e-5,0.00012149265463079825,-0.01128369793298022,3.568191012522376e-6,0.18192434183258288,5.910019877151909e-8,-0.0005374598496840228,0.001173912747018632,0.49841786941251087,6.029521107736907e-9,-0.009252763987465683,1.4971726942934614e-5,2.6002442718945318e-9,0.0033163855665515897,3.945893420976314e-9,8.884399977988022e-6,1.3511600461415944e-7,0.1303798422833775,-0.01474192032119782,0.007753165645288386,-0.00767999121420076,0.0013360159862345837,-2.9634115719667614e-5,0.0005079128955001014,-1.1815426960564182e-7,0.0014339116239520254,0.03718625880787645,0.0683679585013613,-1.322760853687849e-8,-1.54369264128413e-10,1.1353716782107526e-7,0.00017443979175839079,-0.002440923322723165,-1.5146145736669109e-6,0.004113373556189376,-3.3283186765121666e-8,0.02224461831263655,-0.01903831076465912,0.06516007737349247,-3.391520260300288e-7,0.00022313897640486823,4.91010612281212e-9,0.0013179259186150642,-4.639680812597603e-8,0.0047744741188779595,0.001559544584203755,0.0016572019780832805,-1.5321433048754443e-8,-0.004814831958016276,0.0011888509954332354,0.00684494373241095,-0.006108256180656049,-1.4807791641862013e-8,-2.294000589227999e-5,2.0714551186162e-6,0.005108925615229408,-0.0007953910899910425,-0.00046227790361540785,-0.00015025538744687796,0.013926083555172062,9.717681585050178e-10,-0.00026786031821356945,0.0019469287437371648,0.04205549075774429,4.086223861472153e-7,1.9937045617347135e-5,0.01583857011681977,-0.026508502043575157,0.0002410143586521388,0.0011020128954326142,-0.002417933147531672,-0.008023018940793604,2.4476416284460678e-6,-1.2463150274693855e-7,-0.002081189329841172,-0.034345527589753,-5.491384043408587e-8,-0.011458775534481226,-0.011906769449858431,-0.025988008249437523,-0.00017570314950186123,-0.01009278786896646,-5.099345537556778e-7,-5.243873180537543e-5,-2.7125441642962836e-6,-5.285955014738021e-5,-0.0013418955081391064,-0.00015208716887336345,0.0011330196338451659,-7.107814544395026e-8,-2.9228220884231324e-9,0.006070145141190921,0.006845600567277903,-1.4317664611942754e-8,-1.367401731823914e-7,2.6524559970117307e-7,5.765095965911167e-6,-1.8971994759551365e-5,0.0018836106788820933,-0.0031524541276825853,1.1262938667675905e-5,-0.01929865487279969,7.490996995052337e-7,4.772108303386059e-7,1.042131397638487e-7,3.960208475201528e-6,-0.001557901551667324,-2.1048633804746444e-9,6.410543498052123e-7,-0.007095015317547504,0.0021087274619249886,-0.024612047666900824,0.0008794357229225697,1.0469823275454528e-6,1.3770025401721042e-5,2.438089988029044e-7,0.00584227096981268,-1.7932445603522465e-9,0.21014477410244387,0.1464690407619678,-3.051601471500482e-7,0.004607892740182314,-8.656140977745502e-7,-1.7748899862082856e-8,-2.3515900366419642e-7,0.0016910256796250137,8.573256176653223e-6,-0.025292573662020396,-0.01435006175117784,-1.0079876329032432e-8,3.35066411689528e-8,1.2414377811843636e-5,1.9178459057330235e-7,9.874637454068644e-5,7.594631525008471e-5,-1.9390456393590203e-10,-0.004455710924746763,0.01833509614550552,3.876857389420396e-9,0.00033509209734719584,-0.008313000757954533,2.3214479238230593e-5,3.1616432203979136e-6,0.000842295880194783,-0.06178533443000825,-0.00013713147566068486,1.1098960189222246e-7,0.002157865832215398,0.0008792167407716676,5.0835040656086705e-8,-0.04793492964686109,-1.62895947449762e-5,-0.020627358797549965,-0.002779844289795933,0.003912076382145008,-5.1434461196134264e-5,-4.633995401330297e-8,1.4823628886118325e-5,-0.02364088458213053,-0.0381788771065854,5.395420330403497e-6,2.0336547464349384e-6,-2.7955981359743744e-7,0.00011502702321067144,0.1472776879787984,2.218353789061122e-9,1.975659588066784e-8,-4.681275976741116e-5,-6.554596704993864e-9,-8.653176308341417e-7,7.101276150923404e-5,0.00027257484456905405,-5.287830302451764e-5,-7.730569256639367e-5,0.1041717776153214,-0.0017375519535857882,-1.6194175577748724e-9,0.0002486984600814308,-0.00014845766361689226,-0.004267786014357378,0.01008344734905814,-0.020808906949859658,-1.7381622959302223e-8,1.6166961472066582e-9,-9.53067880896123e-5,0.004899689073031316,0.0004470688265622134,-0.00044411086239167045,6.580062118178012e-7,-3.6573225092374966e-7,0.19948131072154932,-0.009421917764521994,-8.827109732776437e-5,0.030981698297734613,0.331064511748191,4.659842753935629e-6,0.0010566851867014292,9.191299612904814e-6,0.004030533373371342,0.004679158698476474,0.06077577191376812,2.0191268326744745e-5,2.1844551715572373e-6,-2.2662014685799615e-5,0.00015150499765906038,-1.8309140438775794e-10,0.37007886951203584,2.3188661580677056e-7,-0.027178382763106163,1.0884648300718038e-6,1.7649651642997362e-9,-0.02602887588915818,0.0002599664129892919,0.2779473352290862,0.08508729555025245,0.0010594248118881756,0.006976684643024521,-4.811418011603702e-7,0.0019171350525329606,0.003228179472923844,-4.456546330650573e-5,-0.01782982643593004,-0.01910633008208496,0.0003813283487710831,0.3749409838094727,7.354836856204227e-6,0.002794067765740532,-8.171856006301034e-8,-6.999996440745135e-5,0.0031728793920490048,6.035502608787296e-9,-0.009016060571542877,-0.0008407379734437587,0.005820553544532659,8.638848492472066e-9,-2.5405961723221093e-8,0.0027465440520609776,-0.04259493650092125,1.9159854669847116e-5,1.8520218530854503e-8,-1.1057002271425981e-7,8.897491836250609e-6,-0.00023947949655848982,-0.002121118149179897,0.0013872728668467775,0.034835367259648156,-3.491938039990234e-8,-0.012081194071346004,4.668471543105133e-6,-0.00021279212053915277,0.000891901445288417,0.0034297028565265534,2.3512795029073566e-7,-0.0001872688189507911,-0.004549885603378401,-0.013724848876287107,1.7462797422710873e-6,0.003918993749855944,0.057339587392310085,-2.4148100141079266e-7,0.00011258493301207861,0.0004405282267108618,-0.0001766411623455209,-9.992053588970845e-9,0.01467431384962577,-2.2896872840719805e-5,-0.00039652934725157896,-0.03247028722550533,-0.000516554101860473,0.006172649134221041,-2.1116150484823573e-5,-3.9140869639570604e-8,-4.1334300277945435e-9,-0.023174780402409067,-0.01989849793830152,0.5055285596129178,0.0014639506288734597,-2.2771422852762013e-7,-0.003621629844691391,-7.434307408140683e-9,1.3873603123257257e-5,1.3176594472955156e-5,3.967851488917772e-7,-0.046503465527236144,4.1863385330222695e-7,0.39760293635011495,0.00017014945259457895,-0.019216734194495735,3.476644138356239e-9,-0.0018512694834457422,0.0021451892848961657,0.02935894892932117,0.00536391064224499,-2.6713480990588563e-6,8.535806087884175e-6,0.000778455217414344,-2.5804421666643185e-8,-4.3449734669183376e-10,-1.0216373434178418e-8,0.20197166109962408,-3.742809380555969e-8,-0.01192220753144696,0.04899669684146272,0.03839014302906733,-0.001157010837971704,-0.008391894731821222,-0.022402119341215717,-8.361184492098579e-11,-0.019803239589229284,0.40139143562211366,0.0022306154964429115,-0.0020958162687651385,-0.005751347940139863,-0.008332220860655692,-3.1820242776823426e-8,-0.03152706736858331,3.90678669977856e-6,0.002240570147137033,-0.0017084914344433553,-6.615589797622027e-6,-2.6047821419966117e-7,-0.01046191130707058,5.429103187067774e-10,-0.030246256635700235,-0.02478677010708787,3.3295316390782474e-6,0.0007015439373393503,-0.00012840114391454352,0.12368559214053508,0.000877782633157553,-0.0003750274141715851,3.7521729286796225e-7,0.00013191713356875253,-0.00574428552049339,1.2133050156475106e-5,0.004099507887610337,9.714559273821758e-8,-0.0010552333018201264,-0.009113642530321575,-0.0015342098510728003,-1.974426890295614e-7,2.7229448019122912e-5,-5.1553603161986644e-5,-6.139518158617966e-5,0.0014405548907990326,8.569549071221683e-7,-6.480075971979905e-8,0.007113498165196363,0.2004884130227733,-9.106644646818431e-8,0.00046289246342094383,-0.0003552657873074833,-0.022436043453054513,-0.04828629340203608,5.973563568996318e-8,-6.041257701374903e-9,-0.009640217256591557,-0.042484476267570896,0.0008062084775916373,-1.573765214246261e-7,-0.0002646841060350285,-0.03466467882713972,5.324807803026779e-5,1.3039814984307416e-5,1.5985990042806028e-6,0.0019487699685833252,0.13649628144702142,0.06835701118954898,0.16992103947377138,0.16693135718731944,0.12175772818594648,-8.000832622724823e-8,-2.5283654729393566e-8,-0.00024352036534684975,-0.017408245095835738,-2.3426908894128324e-9
0.0,0.0,0.0,0.0,0.0,0.0,0.0,0.0,0.0,0.0,0.0,0.0,0.0,0.0,0.0,0.0,0.0,0.0,0.0,0.0,0.0,0.0,0.0,0.0,0.0,0.0,0.0,0.0,0.0,0.0,0.0,0.0,0.0,0.614640302874803,-0.0020086999963531272,0.005911947910456467,-0.021372790899670927,-2.5553856619292545e-6,-0.0005154122125217536,7.424838064121686e-8,-0.0001695560992164758,7.696176542842232e-6,-0.05245517331279054,0.0002563249566219368,0.12105980652705861,4.444331478134332e-9,-2.24327914650205e-7,-0.021925778408413064,-3.635315504642091e-7,2.0412300782401798e-7,-3.461077282270367e-5,-0.03406157051337633,0.012518544347917047,-0.0008890064570075837,-0.0005369874370094868,9.106858662311537e-6,7.717547065251968e-8,0.00110658785491102,2.0109735031941854e-5,-0.0005677669330487611,-0.00128596005051867,0.002205106785685137,-3.554542269622976e-7,-4.175034917632425e-7,0.16485448401423347,-4.226259180846214e-9,0.0027229231013768344,-0.004369529119743365,1.1705675249955167e-8,-1.6689312093061405e-5,0.0026479099508831118,-0.013204404583187253,0.0022879411562562045,3.24563493418543e-8,-0.028847048581035633,-9.880988044644161e-7,-0.0018940080110230219,0.000253317031443622,4.0323191176765404e-5,-1.1653027195331552e-8,0.2898945539699691,0.007794128775446547,2.533445953824101e-5,2.277986803804356e-5,-0.005644672752380646,-0.010123884666608182,6.042413527790709e-8,3.046334552169796e-6,-0.0013540228549844082,1.2069180304351998e-7,-8.143498389578354e-7,-0.02915306880019706,0.02771270925221388,1.0420617628309282e-6,-2.264257609382032e-5,0.0022542565692235347,-7.015642258123782e-7,-5.8468826389777745e-8,0.1438625284900925,-0.00018810527678763867,-0.03728946245080053,-0.016372756857427975,1.2198378333473004e-8,0.00035659371895983486,-0.0356179072706446,-0.013033569547962576,0.0001388888104023924,-0.011127048465203815,-0.0014392412243187588,-0.0002535842991910038,-1.7662793811229386e-6,9.603280106651765e-9,-4.494039044708757e-7,0.12435374446664525,-1.8803087152138157e-6,-0.00029570845823120227,-5.676762073134184e-9,-0.010658777871600548,0.0032429680682671074,-2.9053139842158073e-6,-0.00846294102344558,-1.1092112170452676e-9,-0.0007513344752201285,-0.009902834016969593,-1.0901549752174903e-8,-2.8221233821449146e-6,2.7861402777762196e-5,-0.005228555792273089,3.272266895446646e-5,0.1951951167818417,-9.63974345628459e-6,-1.1623699140455588e-7,-0.000204051567179725,-0.06319198133995849,4.116432278083078e-10,7.032679249888375e-5,3.1654490160683737e-7,4.547198703832467e-6,-6.528885240650759e-5,0.0050123120025616094,7.300050402533466e-6,-5.63342011819619e-7,0.04091156113329633,1.4203948328135591e-7,-0.005401146940251485,0.00011741761548104493,-0.036259231857098506,-0.011671325100699282,0.0022055258580667794,0.33005039122149554,-0.0001452420206158847,2.8414215699340767e-8,-9.880187620297302e-7,1.8674682334245467e-6,0.0018902714405591309,0.012186702767980088,-8.748627401666568e-6,-0.0009902168513723515,-0.020196044287424567,-0.0020405966409880083,2.0270801520796394e-8,0.00010440360382502218,-4.1123284967954725e-10,1.5456521875220265e-8,0.2892832425776169,0.0005859322546972471,-3.4872465799217016e-7,-9.90054185482887e-6,0.01060565873991288,-0.00017637140493485738,1.4504740155880663e-7,0.00045976875294058916,-0.042988719205362215,-0.02779660849470496,-0.015018491748344992,1.1904566013366646e-5,0.004006073750242968,1.216216131016089e-9,6.261218305367107e-8,-0.0011936698662725648,0.00017335527629128993,1.76786716435327e-5,-5.870096176470242e-7,-0.006181693051923864,0.0004791585388928263,0.0001729622489068254,-8.00128439136481e-6,-0.021030772731504988,-2.4406597283335436e-7,0.008890603254409622,0.000151300449631349,-1.6516895362736112e-7,0.2620629130499597,-7.81034769266706e-5,-6.117781915624203e-7,-0.004188627595184117,0.004352980362741325,1.5999664882263256e-6,1.8098213096327514e-7,0.339890018628572,-0.012801078624964853,1.569035419533549e-6,0.00011367542684515102,-0.00013227932925698334,-0.03189031621383601,0.0032754983791972495,0.00023614432936642146,9.148917829085531e-7,4.8932529891609675e-8,-0.00022478772027044325,0.23019761945587452,8.264832731238634e-9,-0.004093588750227487,-0.0007158014430002966,0.003722728826811443,9.172974058739863e-9,0.00034141115097514825,1.0866169363610631e-7,4.091237512591681e-7,-0.012995097271720506,-0.0007404220179976742,-0.020042022178709255,-8.654477046736525e-6,3.754529474663551e-7,-0.00044450248564786306,-0.0004413064765558082,1.1074773091680836e-9,-2.616714438134258e-6,0.017282271255563347,-5.15099707012564e-7,-0.0006760704345694607,-0.0004623424764373233,0.0661782710110308,7.239102165258122e-5,-0.0026312997248185356,-0.026851091054061055,1.1067353403906778e-9,-5.42932558792708e-9,-0.01099934497156645,0.0006852899849234561,-1.1209237017998547e-6,-0.0188558289321152,-1.7948508769594415e-8,0.0003571389029505068,-2.6302243854571646e-9,0.0013494856812614918,-4.775668276472964e-7,0.0011556513919258379,-2.318985373003791e-5,-0.058900922577682806,-1.6271458893619656e-7,4.076408020125213e-6,3.4828180423285156e-9,0.2645341420227401,3.672164953091514e-8,0.0540899321733935,7.820934659856782e-6,-4.060127064776701e-6,-0.00010348741752861079,0.055239991649634036,-1.588901587860417e-7,-0.0003221939196954047,-0.0027186433544168567,0.01185697243529413,-0.002320507588262641,2.287504036492971e-9,0.0010354313200422053,-0.029859252302013747,0.1380043823808546,-0.00021435930196145702,-1.3373655833699413e-6,6.359702597062034e-8,-0.00041032387573771995,-0.01175232228533344,0.00013186199217373823,0.00024252484018253814,1.6182641932748736e-8,0.034603569673387964,-0.0009323867105398594,-0.009102042123457263,-0.01709291357674782,5.975427219098417e-5,-0.0024118757494694452,1.8753886975673248e-8,-1.3498095865165929e-5,0.0017458645931220796,-0.0005498619184507501,1.7075156574304434e-6,-0.0069769115372317015,-7.027248698821367e-7,0.12436483080603672,-9.938847329540722e-9,0.5088794294181681,0.0015731615361941058,2.7594232066550876e-6,0.0010543335332712054,2.413716523200476e-5,1.0134266332610257e-7,9.669112611352454e-8,0.0015141082355883207,-2.480675959848352e-9,-2.4616998135481504e-8,-0.0006997129842950934,0.0022142433558312875,-0.00023663100728246316,-3.2154461506210527e-6,1.2010934948151656e-6,-0.0006710215074852237,-0.010432816988426172,-0.007364002463176195,1.5154732996595773e-7,1.2953865681883189e-5,4.0133386114127396e-8,-4.1143781495153545e-5,1.488526486199465e-7,-0.007589484331841607,2.3194329059341358e-5,-0.06060427364859405,-0.033050082475695484,1.1734815250478945e-8,-8.635425604814114e-5,-0.0018326807975216665,-6.031008076728133e-6,0.42419166190538565,-4.976947892016536e-7,-0.0006623679299033791,-0.05447842075007152,-3.594393592272317e-7,0.0005529454007272252,-5.180168031624631e-10,-0.002199825990101012,1.4718813024480354e-5,0.00025667304369177916,-0.0002737815368404976,-1.670419561995057e-6,-8.59040876820534e-8,0.002518112620065059,0.0017287737964100127,7.715278567113326e-7,-0.001236833885277815,-0.02706753663396112,0.0009528787453066727,-0.000834754795115238,6.160401025561387e-8,-0.05204275077915644,0.01835239886576123,-1.0492648147011954e-8,2.056807356801517e-7,0.09415627176693407,-0.005126539244957943,-1.2741788572757108e-6,0.0018610426108076133,0.09188971439331084,-0.02829072893415684,0.022963889779492704,0.00017384793753079397,-1.4722542937763071e-5,-0.018664351848157616,-0.021257712315502112,-0.00016653706642531763,0.0033547119139194933,0.3155491688402385,-0.00596166508029116,2.4163093420452225e-6,1.0469454114782952e-5,1.2326693961325707e-7,-3.387820746914852e-7,-0.03817323213921421,0.003306985392982141,0.0003657700554424583,-9.352618139651277e-5,-5.681267805398375e-6,-9.572905463676444e-7,0.057940082302678775,-0.0004337706236667338,-0.004936515850276044,0.0005908937320353354,0.2644371375856835,-0.0008026693553405033,-0.02085669768602438,1.3752568897562806e-8,-0.0003776426748960426,0.0006280291693030523,0.004445364700013621,-4.216588693640176e-7,-0.0035329983381767105,-0.0005509749775601526,1.631713061962725e-8,-0.000736364483948973,0.007834859236660038,0.010500436791093734,-4.0423748881714374e-5,0.00018380833396089243,3.155043555895048e-9,2.046276795174712e-8,-0.00011928216427768579,-7.193644443180848e-8,-3.6823268689925635e-9,0.09744789295336664,-0.03394655039211016,-0.00020701438124088835,8.275608076519487e-9,0.48858796589278125,-6.485083993483066e-9,0.00015694587001029975,3.458580856772195e-7,-0.0005818689753096585,1.6456395077917746e-8,-0.00020119539188627645,-0.00016983384672482322,-2.5477612851687803e-6,0.0021128113144047124,0.0007826484526327303,0.000505745659546007,-7.536138347227235e-7,0.34478808257946764,0.1405191090885813,0.00016103581757855753,-0.023513133867629512,-0.011829527646111808,-0.028524279107558313,7.24332268104214e-9,0.0186335348657313,4.065002855273574e-5,1.4616734275384367e-5,-0.007100810174992682,-1.2444360427831184e-5,0.017049924276575805,-2.3351751936172702e-7,0.0004982901391201225,-0.003961845494918696,0.0026306485781266657,5.181552033496615e-8,0.05695355531586717,2.570171169975714e-5,1.7044486411171092e-10,-0.0023591628019045967,-7.306029879356453e-9,-1.2184006387601056e-5,-1.428929069430497e-7,-0.03222260417332094,0.003178312389161595,-0.005368145004140953,-0.0010373128667347156,0.0003910563018280862,2.646421156464972e-5,-0.00013595239733128533,-6.270154899090085e-7,-0.017661818361620556,0.016194275905792935,-0.054197621638086724,2.57737125763502e-8,-7.402490066683069e-10,3.539245969726382e-8,-0.00038539017492671775,-0.05599412979855701,-2.27237368943998e-8,-0.016825276053815726,4.8622301358962766e-8,-0.044993283771905944,0.01794308701704547,0.014660455504992145,-6.633064788422899e-7,-0.00015312903392413965,8.01177395268826e-9,-0.0005612067353426688,2.5586573956508583e-7,-0.01472087292351644,-0.0019505208091438596,-0.010209065015491237,1.4557461915453076e-7,0.0015120957194275962,-0.0008054143640105197,-0.02611628439868077,0.22063063565991023,4.450613539466902e-8,-2.8005947727819796e-6,-8.099085952802002e-7,-0.006754612317508231,-0.04277743097030358,0.0006521455551587035,5.8044055758199316e-5,-0.048097426773301845,-1.3969805855066966e-9,-0.00030658898700323,-0.0002778528553429202,-0.007559761813671658,-3.000934419916784e-7,-1.0263292412074672e-5,-0.025684353267845864,0.16950529860136898,8.529503743223102e-5,-0.00024448394099487077,0.0005251198504226111,-0.011949044194280622,-6.384613710828309e-7,2.580124017372701e-7,0.0002749864179176549,0.23919143551020522,6.762260961538198e-8,9.852275837810782e-5,0.08709912904716727,0.002237426274895367,7.236547846377281e-5,-0.007573090144545839,-9.907002996781122e-7,3.1029970434371733e-5,7.700833688156456e-6,4.1854214288397224e-5,-0.00040520307893456004,0.000235031631841293,0.00044518275729349334,2.4422383595957624e-7,1.78014078214246e-8,0.004949284676898686,-0.006088540570802536,1.488382578519937e-8,5.957383904108384e-8,-4.4635289488062806e-7,-1.3087224107589437e-6,1.7019227936434553e-5,-0.010595196077179424,0.19640697221229686,-2.9459737143820694e-6,-0.006519929725597409,2.0352088275704987e-6,-3.5568750230242636e-7,1.3694027944967678e-7,-8.528940759132192e-7,-0.0026270959217058326,6.926157183264994e-9,-4.506735625942948e-7,-0.023340946548970083,-0.007218610380961743,-0.005462791588183676,-0.0007618708690283031,-6.114966641008335e-7,3.202880678677786e-5,-5.369212188228691e-7,0.0016207900856380463,2.8872703685393884e-9,-0.0242514208621542,-0.0356979763983051,2.2140607298512698e-8,0.0013055066477759309,1.3675696526585993e-6,2.634523183218065e-8,-1.061798922954816e-7,0.0012953049878591568,-2.4741401872977994e-6,0.0006064641094149729,-0.00014167263357326346,1.3032768873334139e-7,-6.798482099298724e-8,-9.647411406637411e-6,-1.1266705568047854e-7,-0.0015839045501857935,-0.022545560813655947,1.8803900584091708e-10,-0.03790487200909322,-0.0043859424603157286,1.872365487880062e-8,0.00010169455839722133,0.0010398810206334714,-1.1269217156628202e-5,-2.074132136317848e-5,-0.0020808333775565254,0.012540359993572992,-0.0004332995075663247,-1.6228820069289404e-7,-0.0021448239235712127,-0.007496854808987888,-7.676185750661069e-8,0.0011646873949261968,-3.623275422599528e-6,0.04691273469943146,0.0005188745700124721,0.0015762764798489524,1.4623351336248242e-5,1.63742441215789e-7,-1.8721600924587437e-5,0.533361725849919,-0.009472109702869408,2.1376698778718842e-6,2.691621671487535e-6,-8.162355170912742e-7,-0.0002470339775314887,-0.026803880111380893,2.728669225022691e-9,5.2380166303688804e-8,-0.00010839750269059378,3.926513946944304e-9,-1.0380437531723757e-6,5.267185610913851e-5,6.486127614721244e-5,-1.530157723497307e-5,3.3093481913788704e-5,-4.301699825824747e-6,0.0005931081626231627,-4.825441616905105e-9,6.646064246359018e-5,-0.0008022335533800778,-0.00012581959145369263,-0.03790534394490872,-0.017636343012994583,3.401175259900909e-8,-2.1648770717340924e-9,0.0005152376801449474,-0.00783337424323043,0.00037549220852516654,-0.0007971983306437711,-4.0767947903354057e-7,-2.920575911862431e-7,-0.03508262956116417,-0.014822908510584466,0.0001839252996680433,-0.026419120986180294,-0.011841998469029277,-1.4123826031008354e-6,-3.166475360992637e-5,-1.653264107538982e-5,-0.001403805439380922,-0.0002660219237825673,-0.003156601643247718,-2.0818026968832572e-5,1.7085148828968434e-6,8.046958102292369e-6,0.001021170438870104,1.855674521590638e-9,0.000990971528239757,-5.775784124798808e-7,0.5335104656763558,-5.154040513039665e-7,-2.8286675896497177e-10,0.0013063625690592402,0.00018244440318697212,-0.02528283664560146,0.0585730603500506,-0.005161441957278811,0.012207801691057868,-2.6069410551804027e-7,-0.021618981430210044,-0.04774383002919627,7.986237328239816e-5,0.05592229114635195,0.009554975133184838,0.00029016965205682483,-0.010871681848343582,1.5825614261016382e-5,0.014643661583107622,1.491659491403943e-8,0.00015705089576205887,-0.007113015117553317,1.1693928400769998e-8,-0.02301902856484533,-0.0004904990541813545,0.007421518814789037,-4.8281517315459875e-9,3.485327317555782e-7,-0.017181795012749832,-0.0043454862268434815,-7.253112884746436e-6,-8.860207570323732e-8,7.931879357604919e-8,1.2218249026057732e-5,-0.00011150007258089048,0.01812551239025121,0.0006737677032311818,-0.0008927640442215032,2.542253415484049e-8,0.0009181915775885547,-4.571242185004181e-6,-8.629837967511118e-5,0.00047725186698638615,0.00868940499697876,4.572394369148898e-7,-0.00020885607015650522,-0.0461190258083119,-0.006128386237304182,-6.291489641723511e-7,-0.02500477546862299,0.010648600816180291,7.10130976138899e-7,2.6777575955116334e-5,2.3015614538127155e-5,9.443073646024449e-5,-4.490560231287789e-9,-0.01686893001864589,-0.0001174330375415198,-0.00028198927191471797,0.0014591758455582504,-0.019040645999286863,-0.008513478960125222,2.4790480289460452e-6,1.5536787673086518e-7,3.29394048389511e-8,0.3963325020949664,-0.012183327998694492,-0.006114435537757602,0.0008109084493827883,2.9449341605350245e-7,5.223842189043487e-6,4.9557826393782325e-8,3.1958819726925886e-5,-4.993509153617695e-6,-4.6075013631599894e-7,0.04751751149020162,-4.096772381828632e-7,-0.014141059299418744,-0.0549393591372219,0.19272910199493465,5.540900233036973e-10,-0.0244782497159698,-0.00021131380091437394,-0.03955426073481513,-0.0019036170704009132,0.0030917166558315505,9.444994620473195e-5,-0.0004874156058486859,2.3198860665761008e-8,-1.5418222841400942e-9,6.225023852931973e-9,-0.04158389138536838,2.7150826312860566e-8,-0.01898646932370506,-0.014968987350819215,0.0344382774500683,0.0025734082527805904,-0.0026964902905612796,-0.012121081727218744,-1.7035566420925146e-9,-0.02305091768540061,-0.017898780202886426,-0.001967670693812831,-0.005021783998181919,0.00259035410852488,-0.002319318683899777,3.0212255906470465e-8,0.25022057274144877,7.968576723474745e-6,0.006892783978580107,-0.00019082053770074576,-2.061117677026221e-5,1.6290569317199487e-6,-0.004752060090628663,-1.0138413965437243e-11,-0.011338539951493202,-0.007188733275544542,-2.6756776586243183e-8,-0.00018607142824300622,0.00015232050371954077,0.048909577704839315,-0.00015953877372636583,0.0015099616555138387,-1.761591258178494e-7,0.00012629196733552955,-0.02629517793662569,-4.069234964072783e-6,-0.010971021341162977,-2.713546136934251e-7,-0.005743254530422754,-0.018079421744449677,-0.0005026367737723522,6.545607325765289e-8,-2.1289656154477525e-5,-0.00026260325917671197,0.0001988535559659422,0.00019908273137470838,1.5002452574036256e-6,1.753566436693005e-7,-0.000750766784357437,-0.0033405624829975734,3.422519850054939e-7,-0.0002029200100130823,-0.0008993261676298771,0.13860567893058445,0.06332638649185042,-4.040469209964635e-8,1.9234320177193044e-8,0.04830343382325283,-0.02659769580864091,0.0001303527018757262,4.091405996864575e-7,-0.0005296363039210638,0.09805960450210095,-0.000881679533536065,-3.8636130183724e-6,5.693062361164112e-6,-0.011766909229019911,-0.0011811324818431558,-0.02793074068928779,-0.03448458888369514,-0.03088379409666625,-0.023858795912739223,2.1177664348910886e-7,1.131431073916243e-7,0.0013766969234274102,-0.00376834465238125,6.904307937834622e-10
0.0,0.0,0.0,0.0,0.0,0.0,0.0,0.0,0.0,0.0,0.0,0.0,0.0,0.0,0.0,0.0,0.0,0.0,0.0,0.0,0.0,0.0,0.0,0.0,0.0,0.0,0.0,0.0,0.0,0.0,0.0,0.0,0.0,0.0,0.6140003310513849,-0.021815143340689975,0.0004613831015202997,-0.0007852340956086692,0.0027917999411523637,4.612883862684519e-5,-5.10072451620556e-6,0.00015223963187676538,-0.04488602940002165,-0.03155453009518949,-0.010779525587267174,-2.351063664362663e-7,3.3049559043203136e-5,0.09023900378657504,-4.311640594892286e-6,2.4989047639129854e-6,0.0010566285992614595,-3.938413934262858e-7,-0.0009210246646684087,-0.02216349158019358,-1.6664771114946644e-5,0.001570542495447973,-4.389834198845514e-6,0.13212682926519195,-0.0005538834838134985,0.010368620193715363,5.254685377286933e-5,-0.0013896173409459476,4.1808385937171324e-5,6.949811615438706e-5,0.0003493325371507135,6.611017508878454e-7,-0.008338690568655315,6.0395623485257164e-5,-2.6108738404647977e-6,-0.001481046103237189,-9.704665182544298e-5,-0.04275492867089397,-7.74084250727597e-6,-2.3017453062520725e-6,3.6438740082747045e-5,-0.0009102369302609455,0.044250402479991756,-0.0379633080299798,4.1793063574624045e-5,-2.8347590680229517e-6,-0.0016520544620348167,-0.018598893012927487,-0.03461614367081504,0.003986246813698361,-0.008694238521111102,-0.045586670854934494,-2.307270191081613e-6,-0.00034004848411853125,0.0022397554388949564,2.2055433131069022e-7,3.624719112881501e-6,0.000849480775651008,-0.02607301860974242,6.510012385036506e-5,0.003712294815030602,0.24006753042289522,-0.0004087748537248131,7.697956959392963e-6,0.00048363957850215363,-2.299394143393593e-5,0.018037562866971796,-1.3380218660850633e-5,-5.461370945481873e-7,5.700740264986242e-5,0.003735506650025367,0.15979929925853312,-0.053905287072899766,0.00011812855710978779,0.00022629131136626902,0.0036867835930429003,-0.00022908340685019174,-1.5912523441093118e-6,-5.3207038633741016e-5,-0.011877285368258796,-3.9015334834492e-5,0.2354301081500723,-5.946990397495301e-7,-7.867363996593657e-7,-0.0006427897079108102,0.011069238067711533,0.005227265266476873,-1.1325783921342182e-7,0.004911925762903606,-1.650844652523186e-5,2.9014939108162435e-6,-0.0010775025460846549,0.0024494492556474705,0.4270182491356605,-0.0008924762223690806,0.00028244122137046414,-2.2338783987344607e-6,4.084585829177503e-5,-0.001560746511079106,-3.885983056223422e-5,2.4378917219594784e-7,-0.031216713476246546,-1.2053950919003952e-6,-0.00043438321442546083,-0.003397308440427376,-0.04921704552983853,-0.00013113590286231426,5.56988608832441e-5,2.0996582752958607e-5,3.171704802926847e-5,0.287497037683362,0.0021648963476847607,-0.027383879220140163,8.028347870497001e-5,6.183798124929952e-5,-0.0002182515475439634,0.004152416132070679,-2.4950498419068323e-6,5.168296125458378e-6,-0.0004434053692223764,-0.033492062715541095,-0.027528208157652,0.003884410823710165,0.01139331106141362,-0.05910448773218038,-0.000985295551439233,-1.4441137627724011e-6,-1.1318490327353924e-5,-2.80024041214588e-8,-1.0695308344895238e-6,-0.005299733712893458,0.009431934293484358,7.445300501274358e-5,-0.0006461755327380948,-7.202010657685864e-5,1.851636195979877e-5,1.784151004520425e-5,2.3413193541918163e-5,-0.007543713811010234,9.556380097002614e-5,-0.00014179324073861313,-0.0003109992225759344,-0.054241461289562705,1.4149734634151053e-7,-2.7471995624730645e-6,5.889429151879547e-5,-0.01375360045847155,0.00029164352985643906,-0.00011656139239374804,0.24146515964236664,0.003768286703634455,-0.021923923221652857,-0.0017027213116111804,-0.0021551430134403014,2.8315612910109387e-5,-0.007026327484131013,-0.050456236365845994,5.736939373918265e-6,-0.0013314793402806548,0.006009932459010004,6.47338730314389e-5,1.9364748134597098e-6,-0.031781508934837735,-0.00017882192959047,-2.869212850158569e-6,-0.0014835313182245554,7.97931381727283e-6,3.46080320289171e-5,-0.007020209797818572,0.09322140831424805,-0.05027071327250396,-0.01253142019577387,2.3729105012255117e-5,-0.0004113913215205553,-3.055965122376176e-6,-0.04015934106520733,0.0005546093782501157,-6.894768371574023e-7,-0.00020172494449332106,0.003603336717236789,-0.022466541435105153,1.5761567136834694e-7,0.33934704763852575,-5.240152523914878e-6,-0.0001879302516746625,0.0012608239285817942,0.00012032512488897717,0.13892344781270966,0.003188385091981601,1.193481441649615e-5,-1.207208404291287e-5,-9.192508680970041e-6,-1.6595471368190881e-6,-0.0006993338132413067,-0.002836456001987019,1.1986041460401784e-5,0.00014845495145432512,-0.03236807752810881,-1.7492541221505586e-6,0.005221922917559344,0.3485651172888345,-0.0002950076009351888,-1.2661234017273437e-8,6.686910073415637e-7,0.053709088041374406,-0.041690205618385504,-0.00025494315333762254,-1.7624902980608312e-5,1.0940254009529443e-5,-0.036849972990915594,5.995579333765594e-7,-9.299844760511992e-6,0.00010837518879926873,-1.7684817502883078e-5,0.0008603336275971698,-0.017306860559200547,1.988942566413174e-5,-0.0004553188945839448,-7.365427418185014e-7,-0.004840164936987126,1.2336465812472072e-5,0.00011585873488849354,-0.00023046908403273714,-0.0010838502978235763,0.003718738851714053,-0.017681705861454095,-8.271111080703855e-6,0.006784243867905616,0.013479533507036892,-0.02293629701202922,1.7961045679446268e-6,-7.615800678743635e-7,-3.9939365904500064e-5,-3.091340465427482e-5,-0.0007723986603875501,-0.04011159246807868,-0.0001020559423421282,-4.3926204587847705e-6,-0.0029894426356375423,6.084837607666507e-5,8.336909229366801e-6,-0.0343734786873069,-3.268688309508734e-6,-0.012870810407306284,0.0093932439690632,0.00012733369105692163,0.010171371476459518,-0.008735522325716023,-0.0015140222700758049,-2.665673650169154e-6,0.0004991391876832138,0.23736289969478377,7.159857429573616e-5,-0.00029385163286739166,7.220260347622185e-5,-3.4238845133763956e-5,-0.017487202526539306,-1.6463397705150099e-6,0.0007263840922248411,-0.0001509307187726742,-8.457940562467266e-5,-0.0071526199065822475,0.0024074275435013565,1.6572248434260953e-6,7.092655512883136e-5,-1.1374537182912844e-5,3.780514260958034e-7,5.310406888470875e-6,0.0008960945134506564,-3.508944909862586e-6,0.010317779839021038,0.0007833763301878093,-0.0007198653632956702,-0.0073595690503943075,-0.01448756762286742,-0.05079227221787609,-1.0379203874004945e-5,-0.0004083871966519678,-2.242468400318886e-6,1.4198589894730894e-5,1.767646530959355e-5,0.4133951657975307,0.000939731816768072,0.00012268181937297745,0.03792066438014466,-8.014032448673553e-7,0.0038405234481462625,0.3326017203059535,-0.0015107995267680378,0.0005532969198196202,5.768841158864184e-5,0.007098964649301477,-0.030310422766135794,7.93624056836971e-5,7.986031604937332e-5,-2.0419534944675197e-7,0.0005694803510278686,0.0014489013885686107,0.0064508010562425895,-1.2461564075572641e-5,-0.0010611675985225321,1.2559898545009456e-5,-0.013966486878397162,-0.0016646116537502257,-0.0002385751046024244,0.00011231996126039118,-0.007826949475241714,-0.03334435137725843,0.4489147179669641,-4.085928186270082e-6,-3.929273590861648e-5,-0.028803566699935352,-2.875456032235724e-6,0.0006236201442749623,-0.011164643640597726,-1.4461108581687489e-6,-0.000373487043221476,-0.06500286013611792,-0.004285665572856216,-4.08813018876707e-5,-0.01681012246896306,-0.027938512450665136,-0.001657161334696,-0.029631319472225352,-0.008020262396639461,-0.03326596813564158,-0.00021942625759002233,0.0006018958246448378,-0.0010976950752007973,7.71217797869267e-6,-0.00039277803511299914,3.967121870633251e-5,3.210966974157215e-5,0.0357071040729917,-0.04352468742529864,0.00010213020846383686,0.002308615799454369,-1.9668857276856757e-5,-9.701149741053244e-5,-0.0001108846559511246,-0.015703840229415025,0.002713540343214731,-0.0004865252548558053,-0.003137213263345553,2.4361937320942196e-5,0.005171805100826875,-1.4197406401801427e-6,-2.040869838991211e-5,2.504675893860313e-7,-0.018130670118372202,5.3111249029729055e-5,-0.05440558601985408,0.011061980371455803,-2.631548362197806e-6,-0.015255967716849133,-0.007715344689613335,-0.005612662805443158,0.004042165717785346,-0.033855802821435806,1.0377973230374734e-7,-2.5434655591705547e-6,0.10356625763743307,1.1886538082344816e-5,1.4346558195147485e-7,-0.00010400890343174464,-1.6929916507328323e-5,2.431211305620291e-5,-5.230347250158144e-7,-0.001859959617626522,-5.011794395272811e-7,-2.749677628484829e-6,-0.0005343411446379628,-0.009442558767212103,-9.423041700533009e-7,-0.010575125325627299,2.250495328050604e-6,6.590593956704542e-5,-6.900952849946856e-6,-9.352294434429757e-6,-9.235613806664473e-7,8.541779246714582e-5,-0.006934890910410443,-0.000865128036625698,0.00472159542871736,0.0021341766702938597,0.0011485880650026386,0.019347015635376958,-7.805242135025439e-7,-0.04037988826617949,0.0023074825917695357,-0.008323070390028341,-0.0002860786553919174,0.0016223729064542684,-0.002196543761667772,2.776230408335592e-5,-4.725195275062221e-6,2.6195341121719382e-5,0.003951776977290731,-2.2581045741375335e-6,0.00018081201736811975,-0.00044336999079439937,-1.4505435485802581e-6,6.757060067911816e-5,1.103485031058492e-6,0.0018703204569260777,1.3619132782307886e-5,-0.05206484308453212,-0.0003526079781536979,0.00010069395166703781,0.5258663024719801,3.636750176338071e-5,0.0036922958781031552,8.079341627720906e-6,7.881788797420624e-5,-2.6869833352979367e-6,-0.00031833329566814705,0.00025268252325835543,-1.828767134225317e-6,-2.3184813253382862e-7,7.946141500079198e-5,0.0019245340198313476,-0.012296617448429211,-5.483460650166855e-5,8.304498142865475e-5,-3.6579658067430696e-6,0.011727363806460655,-0.000617988161191661,-0.0003303507305250405,4.8318304465272005e-5,2.309180089819223e-5,8.507381648759006e-7,-0.025206612174611353,-8.988815199670765e-7,8.146394141712832e-5,2.0241610935023374e-5,-1.6315936668617369e-6,-4.656135699662764e-6,-8.052213574197025e-5,2.4840425849950358e-5,7.984033093375738e-5,-0.00010201982326934706,-3.6776460261284454e-6,0.002265243566941476,-0.000435467938121181,0.00012417998351862673,-2.221292698183768e-5,-5.313353935111088e-6,0.006409354136521918,3.975919551991826e-5,-2.1800531670041843e-7,0.007366843342668024,-0.02227453821395269,0.0003229592944563775,-8.4653047876337e-5,-0.001526543004123698,-0.00035761379954885833,-0.00012349489164300342,-0.04740095074174826,-0.02857224368856231,0.0597278216338626,-0.032484677367131745,-0.0003905823891783575,1.5853699142371294e-5,-1.9764421650229464e-5,-0.0009989315873822069,3.170661689001572e-6,0.13685232450878712,0.00031893644365816313,0.11396719943778434,0.007207077482056157,0.0952233884610093,4.7519782256393196e-5,0.0020919149506320213,-0.000261752630175466,0.0005634635932367901,-1.1526168419352318e-5,-0.018841760542823733,-0.04027898118524248,6.550852193788575e-6,-2.3549296164724055e-6,-0.05159178865956131,0.00013392519970945426,-1.1228679653473178e-6,2.9518198473483922e-5,4.934699032008494e-5,-0.0007467236241433863,0.003906626641473108,-1.0777660532219228e-5,0.0005195451015019642,0.00016429683074294465,-0.00012402674066852416,-0.00044949116006789947,1.669314648304443e-5,-3.6410151216001792e-6,-0.0005286841849984088,0.19312851155977498,-8.516261411187802e-7,7.448131945736959e-6,-0.058769305275743276,3.5666709985522004e-6,0.22786644085827767,-0.010932332592650737,-8.715203448330037e-5,-0.0003011706938550479,4.705603632342787e-5,-0.027714147918673097,-2.855617896075508e-6,0.009514385184471303,0.009106579718073745,3.547753538263546e-5,-0.06648094017335159,-0.0001538409002828361,-8.350487703971492e-7,5.037903498268149e-5,4.967640603253555e-5,-0.0010332428330021117,0.15297811460144378,0.49720489482580976,-1.2324542565038098e-6,8.35395789396896e-6,-0.00038131867613292977,9.768476202896858e-6,0.22017415124830722,-2.238082909372282e-5,4.6950108828250605e-9,-1.4723604186846984e-5,0.00013829977418351464,-1.227127896484351e-6,1.2371875588508903e-5,0.15945190902569226,-0.0016460054575099389,0.002254953475423425,1.2758167334772197e-5,-0.01010160705135364,0.007372384500672459,1.8741405431848232e-5,7.604442981724308e-5,-0.0003182142653436052,9.06877768776166e-6,-0.0013061952915235319,0.00010930614795033959,-0.029354289966588898,0.09018500128988376,-0.039766130211701736,0.0016415237794037611,6.338112982187285e-5,0.0007171109759938545,-0.0015150558535825664,0.0005860811061309852,-0.0004953412738728508,2.2200558370730557e-5,4.5582342303686676e-5,3.66024830808545e-6,0.0012469807961744224,-6.865797145774243e-7,-3.0882170691482506e-6,0.0020532046941072447,-2.2768100457870585e-7,2.093101410961487e-6,-0.015625901238158726,-0.046398415591289856,0.0014874082195673005,0.004791284469644902,0.0008442420386829304,0.0246987187778977,4.876283462473104e-7,2.086733829258079e-6,0.006481951408151267,0.3068707761782857,-0.039724300471458446,-0.028104383167183777,-2.7431766192254465e-6,1.876795087102101e-7,-6.809986516000225e-6,7.301191217845389e-5,1.7669745271493773e-5,0.010866204181854012,-1.0715234418212238e-5,7.128643002741004e-5,-0.010466899131170418,0.01657091686773792,-8.000121280883685e-6,0.028645716201296176,0.0025157237708443407,-0.000567143744050789,1.9074803669087213e-5,0.002026740337916036,0.008476388411228317,-0.017903414867282783,0.0017582765159456905,-0.0004980377599116663,-0.0001465212100573833,0.0028480712319982446,4.139600627011245e-5,-3.466002732686224e-7,0.0035254083464865403,3.030266748802971e-5,-9.180557843905315e-5,-4.5374028559762265e-5,-1.274142240482733e-7,-0.000684305382825755,-0.045920358415847254,-0.03825247311614806,-0.004260934162798688,0.11395390207023627,-0.03805840444436726,6.472201170827741e-5,1.298727168794105e-5,-6.9127039217695e-6,-0.0019401078793510388,-0.017574710338162193,-0.0003796091457386871,-0.002582143263828819,0.005628421355768863,-0.0003904137688832222,-0.017793182808976436,1.3513061132342585e-5,-0.03468766580141637,4.771169270965741e-5,-2.919092982344744e-6,-0.00018085032129323112,-1.140466013437901e-5,-0.03549464570540877,-2.550824128537224e-6,6.469314601028694e-7,-7.183844560576229e-5,-0.0010741351078206777,-0.0011403186554232007,1.1556337421897154e-5,1.1536938032850201e-5,-0.0002984844910508649,0.010666082719083156,3.587935791156709e-5,-0.007250599999451941,-0.00012509155100352595,-1.812835049862791e-6,0.33856229386076797,0.0002679945191776189,0.007625185396689078,-0.0001995714430817436,-0.03269221170995426,7.103816884330341e-5,0.00531375350637234,-0.021796384394136697,-0.008779946707918674,-0.00018375199658885927,5.9905136567387285e-5,0.00012180630349675536,-0.00016978121534956718,-0.010462846168277773,-0.049765722490052094,0.007084504528268633,-5.957437581991059e-7,-0.014789684407388889,0.004492537999262033,-5.913408668622506e-6,-0.0008332607627272163,0.003754098517891063,0.0001304826799337334,0.0008772220977035301,-1.219217945748102e-7,-1.6228919238356704e-6,-0.0034692554823025344,0.19687398758079505,0.002994130934390858,3.9067118427995916e-5,2.0604028982832374e-5,0.17844276322739402,-3.2415022077684616e-6,-0.00018936107644858572,-0.0013108732648743052,3.756451215723502e-5,-0.0010850316374764447,-7.731368786136383e-5,-0.026591024234704524,0.001987869417796373,0.00018458980953684137,-6.922352907179336e-7,-2.0634263588497406e-5,-0.04457324959670146,-0.018020578488374298,0.00013735511194007725,2.443885762926974e-5,-0.02044296473446742,-0.011822127824505724,-1.760644502463024e-6,2.3437330370685886e-7,-4.06419414030146e-7,0.0036377159594900886,-1.8013624639331539e-6,-0.055915550277652395,-0.00010271657727768763,0.0006558760966112997,1.8052407841754767e-7,0.529070158896236,-0.000656217182008994,9.569643195351273e-8,0.11462477486886107,0.0008426488107995382,0.13847768869849528,-9.524460018959183e-6,-0.00012669081854888936,-0.00021622847018688723,-2.3152434963720267e-6,-0.0073102411526251325,-0.0002718469202934637,-0.021089453751728833,-5.2320970349486255e-6,0.004552715420483295,-0.0003122822708355368,-0.020488600246697485,8.13665431491618e-7,0.2874556754731031,-0.0011249335800801025,-0.0005930468316155985,-0.021293722292607817,-0.004754009135501984,-0.0007253899224701294,-0.03945891056918436,-3.356406516310353e-6,1.2321426200317583e-6,-0.03512481280176641,-0.011009833928527798,-0.0012071956464182443,3.8479842151959824e-5,6.631747647871438e-6,-2.8570096469074766e-5,2.891962372463353e-5,-1.7949476117324288e-5,4.9908216495892425e-5,-0.0011420991784415568,0.006459715698514254,-0.03717913099012555,5.652731711970407e-5,-0.0005340750306283478,7.376316944707223e-6,0.020571491493764225,0.003745284088919899,3.4665029467370886e-6,-0.014024692951935421,0.007244771871717961,-0.010652768674773246,-0.018034949009222874,2.1975140412362817e-6,-2.25372118368556e-6,0.0002951122458874689,0.02889083934180582,-0.0037343514697532965,-0.00028130395680196643,0.1282169106044562,-0.000931411174021806,0.00373524487493414,-0.0007823088505541565,-0.00022133072208292386,3.35440223423386e-5,0.0011061919935775129,0.037542281307871066,0.013436023706451559,-0.026996811582729298,-0.015062619344821011,4.392621987044574e-6,-2.377546917434627e-6,2.2000842138704023e-5,0.501390859720245,-1.758610214995361e-8
0.0,0.0,0.0,0.0,0.0,0.0,0.0,0.0,0.0,0.0,0.0,0.0,0.0,0.0,0.0,0.0,0.0,0.0,0.0,0.0,0.0,0.0,0.0,0.0,0.0,0.0,0.0,0.0,0.0,0.0,0.0,0.0,0.0,0.0,0.0,0.605525558137507,-0.0006022622390617277,-0.0001236298429745079,0.08524039560220915,2.2527151188719167e-5,2.0126217243269665e-5,-0.00039459121317161325,-0.03160849861356079,0.004627003427122051,0.006225883490353872,2.404360915127023e-7,-3.3688696036936556e-5,-0.0021351466121168356,-3.533794754614871e-5,1.8994380144235048e-5,-0.007498362723604821,8.161909599613495e-7,-0.00013595341441661394,0.12491567817322324,2.178449572132253e-5,0.01138831973845005,-3.6706267351167224e-7,-0.0025745391355775746,-0.000992519232049365,-0.0394354317457247,5.31090954640938e-6,-0.00034781297506276227,-1.882529850871801e-5,0.00028443982404680865,-0.0013627960698378739,-2.8947276331173573e-7,0.0011232263755464745,6.323088888528133e-5,1.0045639776436154e-6,-0.0009914372879266413,-8.268296843457744e-6,0.0044275340212770985,-1.473570534353034e-5,3.2317558319588804e-6,-0.0001750687479217981,-0.00019809522384538715,0.16800745943482026,-0.005070111662968168,0.0017902281055321035,4.560618993619777e-7,-7.751008753282931e-5,0.21765995306584815,0.009310419496414242,-0.001108236682842522,-0.047122956889472406,-0.08190585344692561,3.1727449756949024e-6,0.00016222089291270978,-0.0014519453554161738,-1.5794530138852662e-5,-4.351176918496995e-5,6.973074203500892e-5,0.12581593301877425,7.807061797392482e-5,-0.0010682947877136122,-0.0053446938144614976,-5.770145472872941e-5,-1.4253984823045997e-7,0.0014185883747933252,5.186973181934079e-5,0.004694366346268401,7.464207240248763e-5,-1.4635636382060624e-7,2.857113008678337e-6,-0.041403247914576786,-0.0771316367820284,0.016206514385874657,-3.230012372731471e-5,-0.0004421529962230499,0.022756969627655173,2.8491132609793066e-5,1.159057196562123e-6,-6.738918443638668e-5,-0.011110430919897817,-0.0021072900986242515,0.0056053955795620355,6.751535921327191e-8,0.0001469324596734531,-0.00015405196560114894,-0.001253550710471516,0.0018140010098115424,-1.1031140146798793e-7,-0.045367827317612484,3.0098551070411223e-5,-7.24502739055581e-6,-0.00019212229592397394,0.00209023623724523,-0.011497194933759631,-0.002104861816861431,0.004890266689127334,7.734230496438202e-6,-2.016435049500992e-5,0.02863661802575183,-0.000375585019929603,1.6107301246099297e-6,0.0018272278695485623,-1.9876858700045427e-5,-0.0005764981182786135,0.2448430127636939,0.06717513627541301,-8.8883484140099e-5,-4.406733550419144e-5,0.0017372675034754107,0.00011598277463550997,0.011955891614845966,0.006740928153821768,0.0007353192313656178,4.734199515833139e-5,1.0132266616466386e-6,-0.0016233372005361386,-0.015276730615659507,2.1508295653445487e-6,0.00032380586457089836,0.00010363848785240546,-0.05248587828898388,0.45925980054192894,-2.6175102114577342e-5,0.0460056730202665,-0.01810784157088847,-0.00010437093415911231,-1.2945114263475137e-5,-5.75047356200877e-7,3.762725710623684e-8,1.3207652801827922e-6,0.004816285383239489,-0.002950117350871918,4.712583574598957e-5,-0.0006137494761036663,-0.00026312091997668044,4.685683777254058e-6,2.0629507215518696e-5,1.7389109396145916e-5,-0.014695853062087415,-0.00021081521812422798,-0.00022827673023066892,-0.0003829309019548653,0.1667082273474877,-1.1811359521286567e-7,-5.494740482056349e-7,3.082305619094761e-5,0.010717077557958598,-0.0016645663371956468,-5.230426945142498e-5,-0.04671520479531317,-0.000797795825296458,0.35472091036237685,-0.00046886339208250874,0.003670790198015358,-1.89571650784509e-5,-0.0016075328629794959,0.001549815798735278,-1.660480336212083e-5,0.00046093251011229843,-0.000344599682512416,-5.8287152101049576e-5,5.7671678674172996e-5,0.4075849696570875,-0.0008098111583244472,-2.2091200678533067e-6,0.00476161301076368,-0.00013632889913216817,0.00025334330221600515,0.004446611496846983,0.00510539696206345,-0.07556506578279078,0.15840712216541186,-1.9522825935086177e-6,-0.00010519572772516855,-1.5782045213617817e-6,0.006803143961327426,-0.0006176439896745445,5.175848589635343e-7,-0.00011446254808830802,0.047001082215233705,-0.06409564784288012,2.8723226839287308e-6,0.0028161365113262126,-3.932524717657084e-6,1.435103108374121e-5,0.00022692980858937475,-0.0009531674103836334,-0.04404573078654879,-0.0003909602011429332,1.7328320042510838e-5,1.4286861879306993e-5,1.0306128091434518e-5,5.348464330694918e-7,-1.0938369645756807e-6,-0.010559096816966828,-4.016216589102192e-5,2.1837899075543745e-5,0.10967108613412506,-0.0009499660964268016,0.005312966209628369,0.0194363017127062,-0.00020158786252824512,-1.2279115665662766e-7,-3.260532962948033e-7,-0.0012484423879270752,-0.019512096039313358,-7.865172291422561e-5,0.0001277401560962593,-1.1056648054317558e-5,0.0002796520873492164,-3.470147930400389e-7,-1.7663625195376925e-6,1.0847497435723451e-5,4.051976183166964e-6,-0.0012530821369952357,-0.040736617537191655,-6.509016863591871e-6,0.00021118488570344188,-9.444172509254184e-8,-0.0008916531493009184,1.6385684695423577e-6,-0.0005647225491614819,-0.0006705342780483801,-0.0002657144800392224,0.0036400466326530403,0.02693382425105196,-4.386138589669488e-5,-0.011548365589085658,-0.05255024486706997,0.33414409441582493,5.275486141519888e-5,3.8623248684923487e-7,3.128262718860323e-5,5.9499148839573344e-5,-0.0006020618996918643,0.010222235209993963,-3.0440084085542074e-5,1.3281990982647623e-6,0.016574494766189864,0.00011175632408345473,3.234150535687277e-8,0.003979694245392567,3.447922608148597e-7,-0.0032946235294914242,-0.06001807141744022,-0.00018442349316998284,-0.07920572596114629,0.0023000061341919226,0.00019036443350840866,2.227474554775467e-6,-0.005017940745830827,-0.0033628120489329894,-0.0001822575202250288,-7.54738947769135e-6,6.934495893138112e-6,-7.010842527272977e-5,-0.015478952089437776,2.625565850671654e-7,-0.00185215765854634,-6.998066977374107e-5,0.00010644286124188386,0.2402440927719405,0.0008613389552343301,7.188904417847789e-6,0.0001254608610347233,-1.3040611183524843e-5,-1.6412505637759306e-7,-7.216229042089694e-6,0.2042522496169565,-1.388917495372652e-5,-0.0016224130361969932,-0.00026379484311400936,4.474542132584917e-5,0.10969009156694043,0.002562029454614697,0.003908962792806579,-4.510125882309473e-5,-0.0029227042209918536,-1.9042568021041743e-7,2.3873044410457314e-7,-1.8552198443426288e-5,-0.04122937049824552,0.0031512265534507466,-0.00041309777988940183,0.002387681817367791,1.5542566728897887e-6,0.012051251942861935,-0.020392571911541795,-0.0005666564585355193,0.0012354296710312379,-2.7869910370238474e-5,0.017532601376256177,-0.01328812964352046,0.000152796637753211,3.8702185229264e-6,1.3901922118238876e-7,-0.0007749244761068872,0.0001379747511404188,-0.0010661703466636125,1.879868809491533e-5,-0.00010459009620159442,-3.1290253081067896e-5,0.5132931681413211,-0.0004264691567901811,5.1691055758757966e-5,1.3247547942277879e-5,0.004494155103591643,0.06469759681424557,-0.007341587486620679,-6.975650729897807e-7,-0.00022833756316179251,0.28230284365041414,3.070507083555513e-7,-0.0030913294284713806,-0.008745722493605756,2.8937796248054393e-5,3.1300205025480726e-5,0.04886692118147638,0.0014488417755729368,-8.10679394993356e-5,0.04410758587620407,0.004874733815592257,-0.0009077917512046278,-0.06896197395943891,0.0017082495863010377,0.018902153396092386,-4.049076315316345e-5,-0.0019223481386816282,-0.0002781143363116669,1.7101422613525238e-5,-0.0005115906502879238,3.375276886878354e-5,-2.210325562702007e-5,-0.017144404027010795,0.115755866665568,9.047562494832869e-6,-0.002056024796332558,4.9462534619304015e-5,-1.0445470359611783e-5,-0.0007431130211707454,-0.018736346480694457,0.0017817005133827556,-0.00040385711682442614,0.00248350436229918,2.3253904783130307e-5,0.0025397237908455607,6.258154356268524e-7,3.8768404362410335e-5,2.9700573224957896e-7,0.4441647576429313,0.0003438862346286176,-0.055449549135168016,-0.034696601615722716,1.948126998478228e-7,0.10183463032472491,0.08109282545731178,-0.01370708025326789,-0.006140266344770779,0.009089342007609096,-2.2734029340216254e-7,1.4375145926408963e-6,0.002464835145083341,-1.4577850500453403e-5,-1.1837542741823172e-7,0.005205635958730123,-4.463642799185594e-5,3.676689639508575e-5,5.887447377480067e-7,-0.0008867239605747224,1.0940022462404096e-8,1.7911282825159666e-5,1.9452967463955026e-6,0.12625897939649733,2.6822987613336583e-6,0.006336870502213888,9.378672625869157e-6,5.182020599052225e-6,-1.0536728701899354e-5,-5.4439156981223425e-6,6.12462219593824e-6,-4.794427666059564e-5,-0.0016915893545787614,0.002340071093233901,0.009690517839102117,-0.0007595411849441705,-0.0010052975139021522,-0.042428483178934995,7.056048675726184e-7,0.0057947421699712535,0.0024540949633632975,0.01611817389523703,-1.873153649635337e-5,-0.0006137355818794308,0.0013272745211761073,-5.3208529983528705e-5,2.429357183719488e-6,5.1337477007688885e-6,-0.0013387790079535933,3.211167587762516e-6,-0.00072341149533245,-0.0011459114926037966,3.6599552648321143e-7,2.4877959549821167e-5,2.0808903484442205e-6,-0.0006250254305748477,-9.346459744727948e-6,-0.006968813746176397,-7.43592271161219e-5,-7.76674749663448e-5,0.006598382656704868,3.1517460542184217e-6,0.005851521671812831,-1.9375161142858345e-6,0.00037816191468343936,6.716198151397366e-5,9.65067924456111e-5,-0.0002803133025067468,7.877317103340521e-7,-8.23213988087759e-8,0.00024385107916837548,0.04376328540580066,-0.01935329540732416,-0.000840131039063946,1.8836543024436882e-6,2.4425841539989345e-6,-0.0024663777816868997,-0.0003829975751276017,0.0006052478876362474,0.0002028895014140799,1.0801782438905517e-5,-1.0024252619330788e-6,0.04222751412218384,-2.0357022030697963e-6,1.4092943005364635e-5,3.517364643878769e-5,0.00010228533884812035,-5.116171413507014e-6,1.0292017397797068e-5,-1.7723054104665626e-5,-9.071450266243781e-5,0.0001569005197585698,1.4805436237751554e-6,0.0037764255882181993,-1.4934188062864621e-5,6.789962843943836e-6,-7.00018554492021e-5,-7.77386127740253e-6,0.009244086936330942,-0.00030175265925971243,4.361292287272333e-8,-0.024435051320744836,0.011149199811058037,-0.0005229753897105448,-2.512959539286554e-5,-0.0006298952453038996,-0.000317671605336656,-0.0013723136399027593,0.0013076015389163087,-0.015307277540753731,-0.005543905491046582,-0.05611435923820683,-4.127418047957126e-5,6.011861424912491e-5,2.965333638929884e-5,-0.0003254345708351031,-1.0039269814938394e-5,-0.023585654861545957,-0.000511747639173091,-0.004866587836033258,0.003593454134249354,-0.06508201228002373,-2.4454036338046155e-5,0.0013623940243783293,-0.0011208454747027832,0.002523015661108047,2.72635894772025e-5,0.008536858938673994,-0.014763226515794644,3.068664980792334e-5,1.1175053905076495e-6,0.29960822924372965,6.089630646749002e-5,8.729958643220629e-7,9.315981142044012e-6,-2.9195752502451272e-5,-9.7075299847183e-5,0.0024274662722669187,0.0001339103339501022,0.002695370668633987,-0.00045778793411317887,-0.037091859220583424,9.494591452801842e-5,-2.9687145961747472e-5,-2.3866880835605418e-5,-3.0209372951005963e-5,0.014932555051399917,1.5924586911149337e-6,-5.3334853281604094e-5,-0.05577827826486523,0.00011073036888463618,-0.008337250410550768,0.00043115490603791115,-6.016456375672008e-5,-0.001413507025726534,-3.56039483749761e-5,0.46897999894275544,-8.960379038311148e-7,0.003988084001377368,0.004737076259295661,-2.123206959735195e-5,0.07972982319204945,7.445509274047149e-5,-3.83758131509349e-6,0.00019027668107915883,1.1267183780849747e-7,-0.0001378830782664226,-0.021258631459563943,0.0006812533492534043,8.600216407476477e-6,-3.6794516788416305e-6,-0.0005502575033913601,-2.130325448674601e-5,0.026669071488202696,8.333555359306283e-5,-3.893232114113025e-8,-0.0003123000330398258,-0.00026397293276022465,9.315509027117571e-7,-1.0199160606556097e-5,-0.007845943829841358,-0.0006795757115186345,-0.0010716130602420211,1.550028330884079e-5,-0.02401062523781413,0.012248774323818996,-1.1792969988503176e-5,1.768341467725747e-5,-0.0002988878436751992,-2.984026537937386e-6,-0.0003458714045090644,-0.0050295833839529664,-0.027350620167456333,-0.0010878303914784108,0.24296095978672805,-0.001339043768514153,4.4377563718238856e-5,-0.0010054462070622438,0.002529662920788814,-0.06823346154704783,-7.447370819383371e-5,6.901534689245556e-5,-5.778443308041371e-5,4.4120974683917055e-6,-0.0008412482881372594,4.0644563039759474e-7,-4.748955917718409e-6,0.008309202427915613,1.9265853772214558e-7,-2.810563629385874e-5,0.0038001956997817123,-3.154058591045982e-5,-0.00595411674908778,0.0029641722850724302,-0.0007243668214618347,-0.004919593765653684,-2.638577709777927e-7,1.4956213572836868e-6,0.019840836983277665,0.00534934986691491,-0.03631907300843803,-0.03318664140411287,2.5200122608698486e-6,-4.549420144995423e-7,6.4671842742191545e-6,9.337734349414003e-5,5.126948970708117e-6,-0.052747913734840904,-3.1109070954878776e-5,0.00017821703754818005,0.001097767449118477,-0.03029981020759246,1.1401373066298799e-5,-0.00974429946723057,7.561683390338855e-5,-8.990749059502418e-5,4.801985773542617e-6,-0.0007632628663473673,0.13635481380759654,0.08121933436516726,0.0013339481836039328,-0.0012072213655444789,4.09270759154779e-5,0.0008039579155079567,2.453161195579487e-5,1.683132410755445e-7,-0.0015636608303926367,-6.439138126978163e-5,-0.0015613371972788477,-4.793180049628817e-5,-1.0464673928024688e-7,0.000772230785662598,0.0030164371226978517,0.0020302746608200483,0.0018556503280611845,0.02020493218840968,0.30789382088674444,-1.9353666808511784e-5,6.946392882234432e-5,-0.00019230016554178515,0.007407061946301214,-0.01884071768235295,-0.00027114952460144756,0.09685183381890658,0.002008616168529061,-0.001337239005702878,0.1340064686579065,-2.265766178875197e-5,-0.00038235768208829925,6.077134659471684e-5,1.1640627694186833e-7,-0.0004051340590718084,1.5321432043228438e-5,0.4867082302365851,2.829977703063858e-7,-2.323667837784243e-5,-0.0001188886203173334,-1.990724612524756e-5,-0.0006472474882582355,-1.0184201577141653e-5,-3.795290334845069e-6,-0.00038620627907905,-0.0066585753956574945,-0.00020601604630790394,0.35101113538333345,-0.0007936768389905232,2.422129266459625e-6,-0.00039288200816471256,-0.0002524004575545143,-0.009606495858584939,-0.000261657811864088,0.11805980092084656,6.506310081529079e-5,-0.014739448278580166,-0.05793694829101187,-0.06993363695127874,-5.463387424899567e-5,-5.771197660709431e-6,0.0009569593912181873,-0.0001888239840916586,0.012190814837534546,0.004111116544672312,0.006976625215701687,-2.303362555953401e-6,-0.009734541219883727,0.016631608559658905,7.441681436931673e-6,-0.0001561059615313105,-0.039290729953966465,2.4148626354333363e-5,-0.00240308617227885,-1.7372801650224335e-6,-3.5262317191864006e-7,0.004351591620918193,-0.007599535017495584,0.0003119499781669328,-8.744515836061449e-7,4.060947447756296e-5,0.00104731809010663,-4.4872622480558803e-7,-0.0011984587976709743,-0.00032332681987854735,-4.048331357843046e-5,1.7157785378323592e-5,0.0002385675454122954,0.003743206143538502,-0.024621555895772577,-0.0013214833206766769,2.3076364555330931e-7,2.410528136690201e-6,-0.010178950343017894,-0.008374526538103732,1.5191091048959793e-5,-6.782312970123754e-6,0.0031216026390387076,0.052244627124026596,1.777958566433072e-6,-1.1170239298409386e-7,4.663145301443818e-7,0.0038706424567676247,2.7804968596914923e-6,-0.07906365122954259,0.00018232686327261842,0.0030069680007445898,-4.4945688161814815e-7,-0.0005815543811315753,-0.00018960763688999468,-6.242166489439777e-8,-0.017766165594970337,0.0028352611884475275,0.05679218672108257,-0.00011545439790809999,-3.623342748023917e-5,-1.0876595873475718e-5,2.773848785921439e-6,-0.000687009590176952,-0.0006233735952589202,0.35612910304176654,4.108900924703971e-5,-0.0008999072154357995,8.286472654456453e-5,-0.07114868039634284,1.3840474066763084e-6,-0.030845311860065838,-0.00025056604252854343,3.548064624689994e-6,0.0037214358914858963,0.008272416363298759,0.0010234399184291686,0.014940535569517112,-1.4600010770433611e-5,-2.7775159397903735e-5,0.006000017201542226,-0.034508700511933256,-0.00020035824236624427,-5.029635757728129e-5,-5.315870343297103e-5,-3.769060813012207e-5,-0.00043612561623880173,2.7231041712877378e-5,0.0001171751027338736,-0.0012421146335759362,0.0015063420964047517,0.004269367859896609,1.616837874866439e-5,7.744423965846451e-5,1.795454788141755e-5,0.1712387636307133,0.000649427261213199,1.8580658112007733e-6,0.02755158248367351,-0.05677062668538978,-0.00548472497405005,-0.019140801571860332,-4.12319212395784e-6,2.3520604939735014e-6,0.0002138508126893574,-0.04465661670964413,0.22216751078449848,3.475764430037922e-5,0.008874522738900803,0.0004698381544481027,-0.006421236735712636,-0.000347101192785384,-0.0015293935241978147,2.7020533141123075e-5,-0.0011845011438550864,0.0016121808122721002,0.004875507321989811,-0.0005735043881104978,-0.0012549335809261585,-6.971744276316585e-7,-6.2872635726126195e-6,1.567258707925944e-5,-0.020232902373774043,-1.1510065227141454e-7
0.0,0.0,0.0,0.0,0.0,0.0,0.0,0.0,0.0,0.0,0.0,0.0,0.0,0.0,0.0,0.0,0.0,0.0,0.0,0.0,0.0,0.0,0.0,0.0,0.0,0.0,0.0,0.0,0.0,0.0,0.0,0.0,0.0,0.0,0.0,0.0,0.6050554202600036,2.52595908369796e-7,8.537327759347555e-5,-7.591482812004748e-9,-0.0010422277989676687,-2.2697503831110227e-6,0.006696367963760846,5.9390175147342395e-5,0.009332853058644605,9.944175187229989e-10,-4.029364593881181e-8,-0.00855570236866411,-6.014723497102693e-8,6.7100103864577044e-9,-2.1425935019442826e-6,0.058204069382127,0.19010448775192074,-0.00011900812716217169,-0.012380454772812886,-1.2673159661463334e-6,1.6611700195642676e-9,0.00042004838806845927,-2.2523555778542886e-6,1.3082729535828877e-5,-0.006073908814926151,0.17542889121101388,-6.056698605736127e-8,2.1792439803323413e-7,-0.01646149393349831,-4.592829388267301e-10,0.020150253778194547,-0.01701814070825639,2.876938804666063e-9,-5.10697250939565e-7,-0.0627332146410063,-0.01629873604054052,0.0015589092365658193,7.053959297244108e-9,-0.0026276759759057394,-1.0157123538490794e-7,-0.0005275099983841427,4.9268956113892076e-5,6.5878653426831125e-6,2.084099816937892e-9,0.006320212737883075,-0.0003595862802071635,6.938020936040623e-6,5.472666180976175e-7,0.009361953404828748,0.0015960586799141376,1.1659019304613672e-9,4.727811321709285e-7,0.30869087103785914,-1.9981127581319823e-8,4.701128114871616e-8,0.18495040118848055,0.0011048736445069675,-7.293559710509835e-8,-3.65417048431629e-6,0.0015023286598886325,1.4848250973796683e-7,-7.380962399208742e-9,-0.0597967380124878,-0.052837319910609366,-0.038317489835187644,0.000975621337531853,2.698759930141628e-10,-0.013257800369265629,0.0022794658483373505,0.001873616307517675,-0.00020141977209644528,0.13207346716011042,0.3699526705956482,3.254732805737802e-5,1.7245109705915138e-7,2.0652399532535625e-9,-6.696904944011275e-8,0.01571700348068536,-1.2401122579048062e-6,-9.30721735659917e-5,5.71034548408223e-10,-0.008882632704509485,0.05021701294558452,5.665041101639011e-6,-0.07206577601297685,-1.4477933429865108e-10,-1.4042576490342272e-5,0.03939405250119028,-5.472312391212229e-9,3.2284264266294505e-7,-3.8095171788732833e-6,9.227922013408522e-6,-3.975938796634083e-6,-0.025272771785151228,-0.0011778386855631495,-2.1823482177520478e-8,-1.5198932627403167e-6,0.2766659771795958,1.3491830316669167e-9,1.9421293097776378e-5,-3.018174934711221e-8,-4.316091244816708e-7,0.00015105628693168381,-0.0007638856300556346,-6.577905026401368e-7,-8.13941143498905e-8,0.029137930559778265,7.74365508418072e-8,-0.0004590248795624256,1.0431113187428286e-5,-0.00033276501971177177,0.0005405599057310373,-0.04610711690224182,-0.010771369031582568,1.1877210110186982e-6,4.486569420909731e-9,3.001357148352363e-7,4.549028979300719e-7,0.006896082001516353,-0.00025888412612225535,-4.073412492623395e-6,-0.00019727881296801615,0.001577992865855433,0.22033243015317647,-1.8946723455197612e-8,0.0006350609121332366,3.177372614574035e-11,3.3060157330581694e-9,0.013324202944499538,0.00018088104999567097,3.533663145731213e-8,-9.186173416792321e-7,0.04524188798300649,-0.003986092231593169,4.367804509424421e-9,-0.025680872511788674,0.0027674175635774515,0.41451904266017725,0.3132653822389675,-1.3033992742455792e-6,-0.00046089773542660155,-9.948146865122875e-11,-6.480460265334871e-10,-0.005715146994939556,2.027634884717218e-5,-2.6552446343819127e-6,-2.041984448925279e-8,0.0017440504972599882,0.06464670028867005,-0.000114096137417155,1.2262285716071117e-7,-0.04067301547705999,-4.2041916315590507e-8,-0.0008626719542771331,4.363769887881883e-5,-3.300851090713668e-8,-0.0038104164826684717,3.892067309365441e-6,-5.0318515096648864e-8,-0.004126804330433621,-0.0007413936812215484,-5.257539612395786e-7,-6.672458870027778e-9,0.0024776275784518095,0.007797920276053379,2.015198944342884e-8,1.9547125338196098e-5,1.0709773763095658e-5,0.003119458886614744,-9.172669076127044e-5,-0.0020038357310192463,-3.3793261972098855e-7,-4.6274148326408646e-10,-5.095414590066438e-5,-0.052704423488281076,1.4113974496674954e-9,0.2088159394463077,6.96185157503667e-5,0.003684463474651757,3.6877285869121358e-9,0.00024135342366436615,-2.7359062519666157e-9,1.3958701122680726e-7,0.09117428344954334,0.31985801306604605,0.0018614184476647272,-1.3412639888975743e-6,-2.3512048441219493e-9,-0.005207415981722298,-0.0016453035474265285,1.1520021997554124e-9,2.548970544603247e-7,0.00653039679584582,-7.886097142800259e-8,-0.03875691629336573,-0.00017103192120722152,0.027622436934027637,2.5205680991281612e-6,-0.0003245778196921456,0.3312794019060725,2.0288597047129975e-10,-4.231485707166653e-10,-0.004490737377714874,0.0003573530953299671,4.548186483983622e-8,-0.0013967568917438028,-1.0391862160709873e-8,9.965910111995082e-5,-5.718925758761977e-10,0.0008998190016542697,-9.0677822425447e-9,-0.034655826291526824,-2.041548122409248e-6,0.003992337285577698,-2.581200399516812e-8,5.965982697168556e-7,4.97325427179072e-10,0.011369429667988868,-4.7087696297779614e-9,0.0006447743099109961,-1.0641741911723996e-6,2.2625245245979183e-7,-0.027756273067160237,0.0047649075570608875,-6.197364856291407e-8,1.5679087719435824e-5,0.000811341343254187,-0.00042233876510252807,-0.004232075837951383,8.599719969624857e-10,-0.06224135972043691,0.00881381387214244,0.04291407940815152,-3.120578268750974e-5,1.1343937289863873e-7,4.8367758091593554e-9,-1.4207771324470094e-5,-0.012202933737143935,-0.003221864706523723,3.892339560051498e-5,3.0934882331322567e-9,0.013593646073229604,1.7775706192362595e-5,-0.029986367844596608,0.003618667675016594,1.1405427233350402e-5,0.17517671890952352,3.864837475371917e-9,-2.1981365642671786e-6,0.0009061917136971795,0.18352878862818775,-2.9931072856363096e-8,0.009139435557637859,-4.720157028682604e-8,0.012807717853801963,1.3787991116333939e-9,-0.019889735734225016,0.026701027416901776,-1.4959126482802334e-7,8.249131757792153e-5,-1.7749593457425654e-6,1.3242667066018873e-9,5.302787285173925e-8,0.0018463217698950997,-2.666930428706438e-10,-1.2539537963044032e-8,-0.0007619756080641847,0.0010328097520351937,7.080635898720032e-6,8.864497615651012e-7,4.949638189849586e-7,1.723971000782606e-5,-0.024832644734670273,-0.007475223652117967,-5.328538325349792e-8,-2.95045320477589e-6,8.501921006988994e-10,-0.0008749275791276933,-2.5858401045291948e-8,0.00037392182901938573,-8.506544068112487e-7,0.3792960056783457,-0.020459264062866266,2.8843219809496385e-9,7.254890979136707e-6,0.000664521759326368,-2.470977948591887e-7,-0.030354888069128987,-8.583090030605117e-8,5.30226565106537e-5,0.008827778781277287,9.223823763488727e-8,-0.021399856378461042,1.6186747651545392e-10,0.471815193671623,-3.6799370997006615e-6,7.539227338208223e-5,-0.014961731738127555,3.7928735195473645e-7,-4.751118543038168e-8,0.00014998359821841,0.16141370028004384,3.091447482796229e-7,-0.02199951919302174,-0.028177578235553658,-0.00018457472213292934,0.0009035785312548757,1.5489039641429578e-9,0.10853099102040702,-6.745288959619788e-5,1.8208096615298318e-9,-1.4874297496992295e-6,0.009261117793638737,-0.0008010987494838902,2.0491649504945865e-7,-0.0005843702207011803,0.019646328417624568,0.1203606303677907,0.002151094192297808,3.733997915854223e-5,-6.082172065106582e-7,0.0010135139420171626,0.017791029848704256,-2.1849528154453024e-5,-0.050224947977039684,-0.02821094065833846,0.3576805220675734,-2.2793889451381405e-7,-1.531862165764847e-6,1.1630718379126783e-8,-5.993337372455112e-8,-0.0010089248306419058,-0.0008722256593364189,-0.027247271255531103,5.765541167775474e-6,-0.05374175490153784,6.019827156409616e-8,0.04851040310265035,-8.284400462895585e-5,0.03028510211015364,0.2870269541646606,-0.007426216815113926,-0.007629366693475986,-0.013619267727411195,1.5933749700506965e-9,-0.03425401789116873,-0.0012689910014880759,-2.908677455275091e-6,2.5498894864897725e-7,9.27727420828191e-6,6.852124487792011e-7,1.8734099251923795e-9,-0.0003744699830824805,-0.00047427891394101143,0.0052173154397274005,-2.745524671833308e-7,2.9155091350660287e-5,-1.9049448722280724e-10,1.4665185993802932e-9,-4.593755166518181e-5,-1.7419481736024306e-8,-4.703281221167693e-11,-0.008660930104931939,0.01028386047564704,-0.031034166099524127,1.7797004163285946e-9,0.0010529710558045886,4.967439477766457e-10,-0.0012791099353133726,3.226132490960345e-7,1.4194322795318229e-5,4.441280552654633e-9,-3.277738593234992e-5,-0.00558168846844834,-0.015605575229127183,0.001161594044904261,0.0008626093030903861,-0.0005793093645026648,-2.2757551157000925e-8,0.013769553619394253,-0.02553107557154124,1.2586341226113454e-5,0.2854493172275558,0.5049320981833445,0.003885730387655151,1.448866573431026e-9,0.0019166263522327979,2.84861071119521e-6,-2.455359932966542e-8,0.12711796442597648,-1.8328142879686882e-6,0.04739350013231031,-6.523829360569404e-8,-0.015426366192973589,0.00017050764275772275,0.08373376357165133,1.4654287588576605e-9,-0.011299188271532057,-3.2628901903310822e-6,1.4762921931180632e-9,-0.014239643411762844,6.814825913973918e-10,-2.89493448232245e-6,-2.57220735063827e-8,-0.0006486005432005941,0.017380482810060705,0.18213072110814071,-0.00011494275523513051,-0.011073282176280239,-2.82352691142244e-6,0.005852883192341078,2.9051622815498253e-7,0.011370237196826226,0.14722856678322288,0.26092849474397134,2.3212460105388302e-9,2.1970493108787055e-10,1.3622508951816814e-7,2.150403665466616e-5,0.003929235206451332,-5.521187694056164e-7,0.053426372736647555,6.073708286758019e-9,-0.008548417120703242,0.17458688843515807,0.05177475466684868,1.846381649399322e-7,-0.010447023885227492,-2.5357788478343123e-9,-6.520195344828902e-5,-1.0282057724142407e-8,0.0639439004382161,-0.006799248139480515,-0.005423732045818633,-6.0065812994296715e-9,-0.052521504394359014,0.0435070824504582,0.23238209407306554,-0.031190015343551956,3.9453455578982076e-9,-2.758626739403408e-7,2.938564351277573e-7,0.03151548289742282,0.08531292330830473,0.0006989624478307608,4.269149250851404e-6,0.42338551819906156,2.3190980441406373e-10,6.523153105933656e-6,-9.849828814188349e-5,0.5157056516379279,4.769023358729431e-8,-4.1119200042938995e-8,0.46842586313864704,0.011354188370717123,2.712421750985436e-5,-5.197206773133595e-5,0.00023247142106448565,0.003398916636853782,1.963777215066603e-7,3.345233447150605e-8,-0.040554876502899496,0.011256179075211559,-1.064798138989571e-8,0.0008923745604977177,-0.047239124586687366,0.0018002447064630537,4.341136044756154e-6,0.0006982171926290137,2.796173616403696e-8,1.0036272923233526e-6,-1.282695418786155e-6,4.281802396129824e-6,-0.01900352768161561,3.776462765711851e-5,-0.00047417800075006175,1.329726836761787e-8,2.6628842686416296e-9,-0.0006900719421488999,-0.025308650878112442,2.3107460062982624e-9,-7.247456341229734e-9,-7.416320960041068e-8,2.8194081307951557e-7,-3.664592085474293e-6,-0.005199306604936381,-0.047326939168987,-1.8526679339623115e-6,0.002875933441741896,3.507687504967897e-7,-6.33391405921132e-8,-3.217320475050226e-8,1.1946173484578342e-7,-0.00018872271251070463,2.04288919708629e-9,-8.223713547737691e-8,0.004055023935326875,-0.00795050333337233,-0.00017074471307611843,-4.84815589228668e-5,-1.745213578672661e-8,-4.008943004447924e-6,-7.060416197608755e-8,-0.0003346071637779601,1.8123031884904768e-9,-0.06603138165732733,-0.04057581119642599,-2.7209808061547368e-8,-0.00039051893036186314,2.2197608957150026e-7,-2.365033975933516e-9,1.3961353268683087e-7,-0.02591968611632958,3.5674276002381233e-7,0.0020031372403878263,0.00041912489500450616,2.3952047375936677e-9,-1.092279503152162e-8,-5.712097035769842e-7,-3.804262556306796e-8,-0.00027830471520938835,0.003916596857290827,-2.1823920848150953e-11,0.04390785297289626,0.33896808079705176,5.842252025499942e-10,-0.0003198105963638248,0.0005919287715490008,-2.427585124174194e-7,-2.175932707104024e-6,-0.0025240431853438485,0.012405468722272786,2.7507876632932426e-5,-2.9991793464860276e-8,-0.0049407586946452154,0.40976354294027545,-1.2104313425342085e-8,0.07942766911019568,-2.9963792264420996e-6,0.007137628708564972,0.00016735297556815898,-0.00026157979080242003,-4.56263150041865e-7,-1.1487720526620027e-8,-1.7848431788472961e-6,0.00957400660735491,0.006309331099713156,-2.1465028586007353e-7,-2.0769535726045411e-7,-2.8568236172945014e-8,0.0007448911673233132,0.4629143008024479,7.178715816959984e-10,-5.19672242746958e-9,1.3466433183418978e-5,7.319620496395053e-10,9.904027408915954e-8,9.261520585389067e-6,2.4255178201299966e-5,-2.3539889253037754e-6,-1.441062235980748e-6,0.1210827911236522,0.0001829669721837751,-2.793308875313821e-10,-0.000927006559734451,6.051413402539706e-5,2.307091006848414e-7,0.006011519165395706,0.009748468371162665,4.636443147380256e-9,-6.021394292156527e-10,-0.0003061155250617955,-0.01951773750240334,-0.012137069357355437,1.6777937485946815e-5,-4.8451030297034964e-8,1.317824004324411e-7,0.0007176072248668077,0.0021661161340274975,-2.074096630467865e-5,-0.0043625709229005456,0.13494764465440984,1.9556900337122509e-7,-0.004397058566885612,-2.8254116985633277e-6,-0.0003414027497768848,-0.0004414376648007019,-0.018588386598243037,-8.468285565545342e-7,-1.0609004112985772e-7,-1.025977196397137e-6,-0.043498492381973626,4.1122742835690054e-10,0.17087635797086348,-7.384685506541719e-8,-0.011546608209762062,-5.6929230593739914e-8,-9.198690897200454e-11,0.07644753175353469,4.3142452331959284e-5,-0.011004220617144497,0.008375448599143085,-0.0005843731833260016,-0.0005432184412695496,-2.1215723177039806e-8,0.01177702199552085,0.2501626106641576,5.298718623256446e-6,0.008681221265706683,0.13015902331256876,4.150873798549332e-5,-0.051428376315270176,-2.210123679893267e-6,5.037096869370381e-5,-2.645097055713512e-8,4.796234116619955e-5,-0.010100161463347487,1.6422951837751765e-9,0.1784333896410555,-0.005702635778924769,-0.0004451404958471539,2.0836107261791135e-9,-3.5981200100031084e-8,0.3025001439317154,0.2565875846657066,-8.485408226983801e-7,-1.7313932639004038e-8,-8.57643434243405e-9,-1.2310359655661666e-6,2.816619011430474e-6,0.0023449606082635043,0.00016883761597340073,0.39934032010103576,5.493875246561506e-9,0.0005780422635706726,-6.909434858937034e-7,2.5331796489992948e-6,0.21386691990645462,-0.0006144351545771235,-3.021568525172634e-8,6.032488675860363e-6,0.0030438168153278837,0.0016527235084864153,3.1433836082717045e-8,0.08665382429814042,0.10981507350900407,-9.886326259682018e-8,8.133342114195054e-7,1.4271067244346302e-5,5.463348721936785e-6,-5.392710329965368e-10,0.010846202007045742,4.5437424399960994e-6,-0.0019305380803271244,0.14065948053288566,0.0012151274656978365,0.016550826821251065,-2.224469032731866e-6,-6.2389208127761545e-9,-5.837168650046586e-11,0.013104738427013086,-0.0024937073757196142,0.03489253935286994,-0.014751049369205918,1.830335642434585e-8,0.00015684893500476452,8.683363939216649e-10,-4.1241260652719925e-6,2.6133444987720767e-7,-8.163567012888656e-8,0.11392645277336232,2.2757533140116183e-7,-0.023425686299709744,0.003603985853610076,-0.02191586499892781,4.904605982269606e-10,0.008627206413817187,-0.0001130848851286892,0.006935591553492695,-0.020027087112678386,-0.052997124899693625,2.0342005967453148e-5,-2.3774886481625268e-5,4.255368243349869e-9,-2.0030397148622113e-10,1.3357015189428646e-9,-0.02748832361027791,5.901656380442374e-9,0.0028483479939394167,0.08334644963130713,-0.005192306268979934,-0.05636171561924987,-0.00013137542908313562,0.2950180682934704,-4.7689997546716797e-11,-0.001964411392400462,-0.009723847385557451,-0.0003832038963190514,0.018800500459282696,-0.006939020991408186,0.07688799084487437,5.805349595852506e-9,0.010818545302831361,-1.0400530619391004e-6,-0.00020691617327421043,-0.03673679514085371,-3.834150457450615e-6,3.2894430177712045e-7,0.0018112701160624693,2.9811728211079585e-10,0.0005936868982388658,0.3147570051914464,2.971108183331157e-7,-2.800032788134133e-5,1.7305765804464853e-5,0.06564979351011915,-2.505599325162537e-5,0.0010445170929066613,-4.665070536047667e-8,2.6046171622319676e-5,0.004778712783968113,2.1425028660541175e-7,0.16830774352098363,-4.4722122931009575e-8,0.02634895838404827,0.025114129253646436,-0.0189614220955204,7.021142182331961e-8,-8.808974782397822e-7,-1.19962909952766e-6,4.6752853335897314e-5,-0.023994804510999914,4.627555797866646e-7,5.181452210720141e-9,-0.0009682707981542347,-0.03512501306442877,-1.1803155470316147e-8,-1.6631558294167363e-5,1.63601944366037e-5,0.011178741209394048,0.013881505319188912,-8.60339017774342e-9,3.816116627721322e-9,-0.05949904649444195,0.005436181020360281,0.00012520718909803777,2.914844970270957e-7,-0.00011542515167634007,0.04884217092894093,1.7781805806093328e-5,-5.224986635153048e-7,-1.4614327181048703e-6,0.007160561672877817,0.31042910794452355,-0.01584217147004317,-0.049436629888097335,-0.009874441777863641,0.013317135663554415,-8.984435115017867e-9,-6.847601342608347e-9,-0.04475611822272149,0.00044541779856714056,7.727242673933605e-11
0.0,0.0,0.0,0.0,0.0,0.0,0.0,0.0,0.0,0.0,0.0,0.0,0.0,0.0,0.0,0.0,0.0,0.0,0.0,0.0,0.0,0.0,0.0,0.0,0.0,0.0,0.0,0.0,0.0,0.0,0.0,0.0,0.0,0.0,0.0,0.0,0.0,0.6015446706098885,0.0020404970565875103,-0.06580295484759689,-1.339463310742735e-8,-0.020873711905433804,-2.016914910671696e-5,0.0008060860789456245,-7.105550808344516e-6,-0.00037540446642322776,-0.038913151882443146,7.700838889769323e-5,0.05466932869957731,-0.02982899595381107,-0.002091507214628986,-2.2309823970885075e-8,-6.743785941298176e-7,0.0008179382604258284,-3.996634286796905e-9,-0.0008980900638350251,-0.0007904187357843337,-0.0009384389547749026,-0.03069915164916814,0.0020022816814609648,5.960662212151652e-8,-1.3635145142475122e-6,-0.033912724684857155,-0.04242779171877305,8.725208676817614e-7,-0.0007114437183978481,-5.91761866926835e-6,3.002668237605708e-8,0.003660814083849672,0.11356708876336913,-5.058905737219413e-8,-3.1301283808134834e-5,-1.5111834050878554e-9,-0.0008083975556275466,9.382911296006285e-8,0.19254772870232947,-0.00024956054974769264,-0.0006809547009844185,-0.011673060864747974,0.006626618267782652,-1.6470521377796733e-6,-0.00019634341345786316,0.007247424338269574,-0.010722678531102172,-1.573269948707483e-5,4.7366602057391985e-5,-0.003623988825075472,0.15115593396482502,1.2265612849593984e-6,-0.013563429014630795,0.04221118238884934,7.612617414273066e-7,-4.567609071014084e-6,-0.08028002840412736,-0.05039655347776175,1.0990783549863003e-5,0.432896456329381,-0.00831740587867295,-2.2099144374019384e-7,1.8594298971700322e-8,1.911089401111457e-5,-4.2994288357542626e-8,-0.0004226231595548831,5.103031018404591e-8,2.2075877814443145e-5,9.667572582354655e-5,0.00010198654130937435,6.150008745153495e-8,-1.131874106565878e-7,0.0034506447598414555,0.3360479128057901,0.0021149992471860947,0.13509729272319718,-1.5388454446116388e-5,-0.00046380601773025155,-0.001522507942071134,0.0018491915312454374,-5.95913151911407e-8,-6.087303514459375e-7,-0.005627356540193685,5.20761323140176e-6,0.00048721575630459853,0.0018184014924829577,-3.171596594675531e-8,-0.005790598990453395,0.44399772713015667,-0.01552928604558303,0.00024706459304858866,-0.011494118228577436,-1.8754168679618423e-6,-6.741815820360376e-9,-0.06233569977461364,0.0027252648342652942,8.308414554652088e-9,-0.0009184734872100541,0.012061083649481504,-0.03354243044854359,0.040801516112602805,0.0005988902506258412,-2.722266792503484e-7,-0.058644848780371975,-0.03730660514887731,3.4552106487200505e-7,-0.06483544968333331,-3.557948662043334e-5,-0.012758198569457417,-1.8263835316672197e-5,5.24539612646683e-8,7.833499838457911e-8,3.589240885805697e-7,0.0002717311317070446,0.001086966672456597,0.06978626231153666,0.19065809858594868,-2.3096334059323214e-5,3.6140694904311223e-6,-0.03466092953563369,-0.00042278141631157045,-2.9246807958084376e-5,-9.590809840340288e-7,0.004744551327133174,-6.383971131988146e-9,9.387447955329724e-5,-0.0004869196429539885,-6.074818266596175e-6,-0.001360449441036175,-0.07404794920733161,0.07096212919065342,3.8547432750937476e-8,1.5341292620297274e-8,-0.045590537386006234,3.891294319581455e-8,-2.6673787970038838e-6,-7.663594864259057e-8,-3.234689316459702e-7,-0.039396585248541824,-4.663152637226273e-5,-0.0004837696878064333,-0.00271029288567554,7.171356288079505e-8,0.0012043391014571905,-0.008022799490500294,0.21369821875543055,0.00014902866134931933,2.8269771323112125e-6,0.00021382064450656773,0.35352581843440684,3.690067132674592e-7,-0.02336263601453701,-6.074938472595303e-6,0.004764747355217464,0.014363002248338839,-1.5217685527818466e-6,-0.002017283556948175,-0.05719572054367507,-2.1443199571428526e-8,2.245298141794232e-5,0.03622790240949044,-0.01728560080683665,-3.2713800082032994e-6,5.7300624987266985e-8,-0.042336819417779906,-0.0031613575233914934,-0.0011722512274438233,1.926396874583704e-6,-0.0003161411214854825,2.0352751789464003e-8,0.045242127986921434,-0.0009746377217334099,0.0007385321595351166,7.202146540555539e-7,0.00016730354447794843,-2.807539738190889e-7,0.0009344217519686928,-2.846230000842042e-5,-0.0025339263419971786,-0.0008909701510421904,-0.0020407275286927506,0.19340864331260607,1.2456471395527358e-6,-3.7076142677767625e-7,0.00010069498241750246,-0.0205594466101294,-0.06435775995393665,-4.196895910729635e-9,-5.468682975688954e-9,0.0028833261887904155,0.34748181691217445,3.6704331228201135e-6,0.03738751711525599,1.363271517704133e-7,0.0005366180962823165,3.7691945157615767e-7,-0.016133531770324974,-0.0005846149059984331,-3.006035171467969e-7,-0.00022862247131211333,-0.000554785220871896,4.538097858612059e-5,2.294378650996922e-6,0.3887197492819215,-6.851804303185919e-8,-0.02071113279660092,-0.000411914650150961,-0.000838455004664167,-8.348391815708528e-9,-0.08636461012547408,4.583721730853482e-9,-0.01147990888940939,1.5918830834387456e-6,-0.01808517450390743,0.10315267684073988,0.000992044167078083,-6.070597530472254e-6,-0.0242443964351688,3.3430488268609944e-7,-0.01938189733579736,0.21518089805669638,4.1301357676802465e-6,-6.642031154110183e-6,0.04198806428495787,0.002687397774984779,9.806797473497517e-5,-5.7237396862410055e-5,-1.9949306963064222e-8,0.0012638875868559137,5.4591947080785365e-9,-5.655323030445135e-8,-2.696643041592169e-7,0.0018866944263780914,0.19578335383217157,0.0007267648162564621,0.002389777303866121,9.627675206649663e-9,1.547218621761807e-8,6.257750295055664e-5,0.004067429096230549,-1.0707266652990776e-5,0.0013117892580881434,1.7637977101128913e-7,3.248291786024132e-5,0.005056569053399914,-1.331767522904938e-6,0.0030205683184002566,-0.002171772746055518,-0.0002929678571150313,-7.701959535473609e-8,0.06611851774807127,6.556345319692572e-8,0.11193365327953436,-2.0598864795068193e-5,0.00431670593571753,1.3977171542247457e-6,-1.5755698316727517e-7,0.0062437046429077185,-2.2530289055592133e-6,-0.01834509940360044,-0.015556043005477355,-0.07586643114826055,-5.209466542553904e-9,-0.0004023461269902499,-0.0062866880579834404,-3.505876242285458e-6,2.12255639353595e-9,0.0007425995622070257,-0.016039998660090735,0.3517930419881209,0.0016945901534163052,-1.0693723033514033e-5,-3.627314976918397e-5,0.0046242424113674,-0.010364678181146251,-0.0005601005404749876,9.163541032600178e-9,-0.05220868392525674,0.00016430227086668736,-0.0037615813152502963,7.275417923713837e-8,3.653636943536021e-5,-0.0004451025109030587,0.0007448784016639796,-2.2200215140300775e-5,0.1502703183132487,-8.105174519477043e-8,-0.044184155875817914,0.002447864012668298,-1.7493938255005475e-5,-0.0274532845030658,8.698640055480694e-8,0.0005303027537137416,1.6502509954111565e-8,-0.02871071090393612,-0.001008445729274597,6.775067263065414e-10,0.34667696235359646,-0.009018745428908527,4.621458875898286e-5,-1.6205035370840723e-6,0.17433844668521545,1.119265326178245e-7,-2.3948190102663686e-6,0.00012341093809837086,0.0001570942585662161,0.0004328006585498981,1.7004565151837514e-8,-1.9281203456578954e-7,0.006406667502476366,0.0027640557587552544,-1.0607699684192263e-5,-1.2798279091908565e-8,0.2707191458076908,8.094903766278572e-5,-3.622589784067913e-6,-4.2432496832448494e-8,1.6598470716476684e-6,0.004536776646868273,0.08183622598592825,1.6566822863276514e-5,-5.126463135047189e-6,0.00403386392790405,-1.6845253282549573e-7,1.3249906641876737e-6,-1.16849265531997e-6,-0.059898445638381405,0.001014936807281894,-0.07850511238764153,-0.01566066484219723,3.047419032799618e-5,2.8531536974445833e-5,9.478606814307835e-8,0.002099150417310174,2.165925647863783e-8,0.20386700736994592,2.0740872166787295e-7,0.0006577996876950642,2.785622457701569e-6,-6.657833367168286e-7,-4.589403963317816e-6,1.1962457117386587e-8,9.6816958864919e-6,0.0011454160841501203,8.10297892186728e-9,-6.369632542788567e-10,-0.00014359449174773355,-0.00562645783697807,5.581779445545883e-5,0.001811803738057643,0.0029193778710317566,-0.0001137380991712093,-5.0068508874093236e-5,7.290327906416616e-6,-0.004830835234287437,0.0024835396754699594,-0.0006038882903603931,0.0019386680841379468,-0.0014024606082264316,-0.01551468731269769,0.0002037313150826385,-2.3346633227781272e-6,-5.02688831957311e-9,5.0536759604158396e-8,-0.00041786024248631677,-2.2581560600144894e-6,0.001768601033650771,-1.0194809735043846e-8,0.4101157378324188,0.0008851271644544111,-0.0011327052895739726,-0.00037366812216879533,8.43126182546868e-9,6.39235795153857e-8,-2.4854704618234527e-9,-6.901978532888825e-9,-3.5193232588163673e-9,-0.07311630335339592,-9.39214976610237e-6,-1.7359489883750785e-6,-0.005818400245302501,1.4740966258699652e-6,4.338299391519e-7,2.0993280327339602e-5,0.0005641160871214283,-3.156935747966482e-5,-0.01867323779753909,0.0024110729258775224,-2.647751441288671e-7,-0.05334271741238854,-1.5506409701434533e-6,-0.024659769835016637,4.902698061300515e-9,2.2848721510933707e-8,2.7454571987524284e-6,-0.002646563727301924,4.531476368433916e-7,-0.02631143342284757,0.0027683137287742333,5.3601983515250245e-8,-0.0015533982841772578,-0.04020127205525715,-0.006436278923081689,-3.218174506349039e-5,-3.221854194610668e-7,2.1114717770225915e-9,-0.000573563916044944,3.756508433424026e-8,-0.009020728614639827,2.9827135548565894e-9,-0.0219878055394644,-3.4885099887773796e-8,-1.0071215907998112e-7,2.4408656430530655e-7,0.00030889884337588025,0.0005547589095421492,-0.058834746476043795,0.0027856408023711025,-3.719642030806399e-6,0.0007201922940363809,5.73857780007165e-8,0.0006762289396454395,1.1873225359770971e-5,-3.04374583274845e-7,-3.357372309631324e-7,0.005871253153969429,3.432812569174039e-8,-0.002259194634290744,0.0019429314647454044,-0.029862690613732378,4.448463006550287e-8,4.051243575845731e-9,-4.25336543975713e-8,-0.008622718118735476,-3.8501757282159627e-8,8.930214793021235e-9,-1.9704886277605605e-9,-2.4633161198816444e-7,0.0017495045076134016,-0.0039835301140495605,0.3709769674867223,1.0640174092573288e-7,-2.3551147013998345e-8,4.991263511784939e-10,-0.004916206800013024,-6.513374055066605e-8,0.0005909113535109835,0.0014998115820048683,-0.00044653822760693543,-1.0138299206588954e-7,0.13042377517614503,0.21698977663905605,-4.979305139522211e-7,4.524726387008624e-7,0.008309522165227715,0.0010011245947345187,-0.0005345779911374752,-5.761673036172105e-6,0.42378654178128217,-0.05699513047080835,1.0567291838125595e-8,-6.525186667596409e-7,-0.015853670835032807,-2.7025842444907054e-5,4.790519801362954e-7,5.9537282703043005e-5,-0.01414677493343061,8.906705220741606e-5,0.008442518720806534,-0.01101773023188576,0.026620601322510776,-0.0083592754754475,6.173621689509002e-9,-0.0005735437653821839,1.4714561085358845e-5,-0.0412808344689356,0.0025174311602293707,-9.047180398706593e-6,1.0089374555428304e-7,7.328141495504795e-5,-0.049515251487714323,-0.036761955414341185,0.5041568234258326,-0.019044397247043703,-6.35952230752157e-8,-7.422472641087879e-7,0.008648843888150926,3.083092788933632e-5,0.07853526771337851,0.016901480524003705,-0.004252930996090861,0.1754178420808397,-0.00014422236147807084,0.000724881317038658,0.04120478270233692,-6.735348698523744e-6,-4.1212767335729994e-8,0.00015504561359406212,0.0015240537175983848,0.180710018714573,-0.010277811755193891,-0.0247703204653915,5.158889494192023e-5,0.004402266058870125,1.0106866714304463e-5,1.0149807971033155e-5,-0.06785099457695838,0.00010959421835739633,0.09078246488077263,-0.002082210485099721,-0.058424061583018445,5.652020131793206e-8,0.5282572299410994,7.644096109519382e-5,-0.00023448630265563827,-0.014359637121445439,-0.00767497881996919,0.05500112459218371,0.0002239477054483496,-0.0010340417409469367,-5.597801442253745e-8,-2.988156913511117e-5,9.921032119805008e-8,-1.0129040173111308e-7,-0.00018456418593171985,1.644138754557866e-8,-0.00045932592260189957,0.20474146133366755,-0.0265270555604019,5.605178206778404e-9,-1.4168634491634302e-5,0.002859475806291608,-0.014632420982561083,8.413871846104523e-8,-5.205333699383887e-7,-0.007868412645354273,-1.259015200993934e-6,-0.004980350431120826,-2.962907458430881e-5,-0.0015040004224231786,6.43178647572183e-5,-0.001641773118368001,-0.07614229223225684,-0.008736330882492973,-2.3397603597608396e-6,-1.0717599869982515e-5,0.09701752569599308,-0.07534372000848526,-0.008704831043956399,3.0850208860523754e-9,6.478906684381336e-7,0.0011616780993435672,0.001516730745538487,0.00325476562954425,-0.000211239136494574,0.045180141353939114,0.01016386743026739,0.003458446667732581,-0.005260196392114001,-0.013655948249523866,3.9094776528206603e-7,-0.0011904945619310677,-0.0002820181939225972,-7.005747596293963e-10,0.001753077260147758,-0.0013109519346536896,-1.8165591305637612e-5,-1.9114218574300234e-5,0.0009768915778539506,-2.1033411627848215e-5,-9.720618027393954e-9,2.9516746882741627e-8,2.2839105132628274e-8,0.0018202628554235083,0.05421016411675943,-0.05779797643302099,-6.006671257024361e-6,2.7224248626786353e-5,-1.254362609123768e-8,2.9179181876121585e-5,2.069653607066929e-6,0.5462548342311294,1.3213352685895497e-8,-0.027422740164416322,-0.00019291788430774766,-2.8203488072611343e-5,1.8422338819860295e-6,0.006484300648138849,0.040254668210514113,-0.023977142686472806,6.948746692459995e-8,0.0004999398632986063,2.29320903309157e-6,0.004557148360852121,2.4707095147741695e-7,0.12566303433430825,0.00039345908900434174,-4.641691625711843e-7,0.0008417282328904546,-2.6622824043112457e-5,-3.7992351180133722e-6,4.4842812836714964e-5,2.4507036930864586e-8,-0.08218443531669081,-2.1514155982099603e-8,-3.4119262166595817e-8,-0.0015176401003701263,-1.294333386751378e-5,-2.1524563835020093e-7,4.128626621565289e-5,5.692076588862579e-6,-0.015633534345776082,-7.772670493318006e-6,-0.0290035005758164,0.0009066035543992212,1.932961367939555e-8,0.003768271601965409,-3.789203034123243e-8,-4.081675452575159e-9,-1.7973597478516093e-5,0.005268551172189195,-0.03964954096838384,-1.785087448472587e-7,-9.767314165366137e-7,0.08411648013250744,-0.01154160818019384,-0.03194308554612605,-0.04537368326580264,-0.000666782439522824,1.1583214651479911e-7,0.0002638602970651693,-5.477601366636384e-7,-0.000629023824569581,-0.00047159453366338956,-0.010828224036760068,-0.00388439271834413,-3.4369734742088527e-7,-1.654989462138002e-5,-0.07994241840539436,0.0016396408285729005,7.248883739839018e-6,7.457102081315711e-5,0.2826934868521568,2.361189618678391e-8,2.838093662018055e-7,0.05461894334432382,0.004882078331190071,0.005363310147262364,-0.011292046134369805,0.0006821223452341313,-1.1605278480741955e-5,0.0010591224192752333,-2.8754882272336455e-9,-8.140714001248811e-7,2.146803999914605e-5,1.0288920178774193e-7,-0.004532861090020722,-0.019790856944618775,-0.001032725586452987,-4.672748901495538e-6,0.00014824765928902006,2.6427781561256026e-6,4.096726730679027e-8,-0.06696835209216664,-0.0008702836536162986,2.8026755424753898e-5,-0.019829655829862344,0.3551118752904957,-0.011450897065518734,-6.87263561732974e-7,0.07307005582599407,-1.963225753366985e-5,1.2692515910594478e-5,6.73257294213383e-7,0.0011983171864444213,-2.4435281861852805e-8,0.0004604931293244559,-1.1502833614716594e-5,1.325233422265582e-7,4.9415876989252106e-8,0.008790580927513596,0.002510257089429754,-5.364502277898841e-5,-0.0002694785341777171,-0.00027463910562622594,6.629486039028414e-6,-0.0009248505009208386,1.5195355037286967e-5,-5.9389210576790954e-8,9.536726175211679e-7,3.151972003907761e-8,-0.00026316227542095086,-5.437558518164173e-7,3.695906158232721e-5,9.144986767102703e-5,2.0277775703110598e-6,-0.0005061606372534395,3.20637409115337e-8,-1.062148654919421e-7,-2.1706980171895687e-7,-2.4863529829053998e-5,-9.192322242791888e-6,0.0016491914945854344,-0.00019464693342134256,2.5072233441811316e-8,-0.026928294945515675,0.21528862278876176,-3.0029702069070067e-6,-0.0017302705771054358,0.0001912078005515832,-1.177817777146051e-6,0.25447741185882394,0.0015474278422123995,-0.004216546328094689,-4.6117350316699725e-7,0.00247465405167206,3.146942223901372e-9,0.026310303765360307,0.007567897363381356,4.081187180255954e-6,0.3812447323852496,-2.9148275209743614e-8,0.012328407102462434,-1.4499907741487761e-8,1.8595850612255848e-7,-4.2182165486675855e-10,-0.07264799387568943,0.046176616109206134,0.0014824533071772941,0.004335266693567834,6.951167070749446e-8,0.3158798521553783,-0.03396896793093214,2.114708403868619e-5,3.4320320702150075e-6,-0.04750074420149344,0.003501355155115714,0.0008397932920655201,-1.0270624310927455e-5,-1.9174146793637887e-5,0.0022890942962556587,0.0020389202674318267,1.4626320509250205e-7,1.8265042419750877e-5,0.0003511094583948809,0.1628703080696516,-0.0014222181009552971,-5.193203063668452e-7,0.0016374550638012882,0.09956986746597632,-0.008475839616183898,1.7990029382945316e-8,3.7512671692410336e-7,3.626316486467365e-5,1.4530863075276945e-5,-1.574183054898094e-5,-1.0214870522999943e-5,-0.034813985884461864,-0.009860156104891375,4.757482116938289e-8,0.00010622324529337658,-0.00010346751241274207
0.0,0.0,0.0,0.0,0.0,0.0,0.0,0.0,0.0,0.0,0.0,0.0,0.0,0.0,0.0,0.0,0.0,0.0,0.0,0.0,0.0,0.0,0.0,0.0,0.0,0.0,0.0,0.0,0.0,0.0,0.0,0.0,0.0,0.0,0.0,0.0,0.0,0.0,0.5927633720818036,0.00038666131870751264,-5.455557459449179e-6,-0.01804779927707028,0.004737061869234246,-0.027311478029686687,0.000832548690950104,1.2724328674544749e-6,-6.793104124645468e-5,-0.00184836618514833,-0.0002979650171098376,0.00010159953840707869,-0.04291896306802029,-1.8975864520976024e-6,0.00013421917975776546,0.20894218652850438,8.065816029256844e-7,0.056680327391572596,-7.745664665373486e-5,0.0027528556769263303,-0.03461231920785325,0.17437336130142142,3.8738100625890576e-6,-3.278811489049642e-5,0.00015696523313168798,0.003989702791106824,0.0003419575978086248,2.921140081295601e-6,-0.00015098230919943377,-1.4367125663822606e-5,-8.065424329122747e-6,0.006281965781838719,5.544988969431359e-6,-0.0010764574352023209,3.3418921647159496e-6,1.7587132846246813e-5,3.635402240765941e-5,-0.002164929627870874,0.02330666058245133,-0.02618284798214178,-0.0053516834737316644,-2.0278440040030737e-6,0.00031914185340153645,-0.07680854898731869,0.017667928178823303,-0.035414000135087685,0.002447249706863187,0.013936927549679417,-1.54180325559177e-5,-0.0009620090466206597,7.05790187910633e-5,-0.0002846578153477805,0.0003556882795807562,0.00013158856791215077,-0.006351931234873892,-5.877213762649824e-5,0.004315828326892188,0.006543795502662352,-0.00093916882243577,7.094684611514784e-5,-0.000468407414012862,5.020393022461868e-6,-0.0007404825092103286,-1.8558256114164088e-5,-1.207098703104111e-5,1.103589071936038e-7,0.011990732315839683,0.004584107095114838,-0.037451460240917,-4.441120108002399e-6,-2.623562580338463e-5,0.3869509838878933,0.0013497096057199084,-6.730888164402522e-7,-0.0008199993234318455,0.00019238256507135047,-0.022117677699509355,0.0012424042818664533,1.3700247987809722e-6,-3.6744734404815626e-5,-1.3874099862864736e-5,-0.0010711939853227399,-3.874727206344819e-5,-1.946114676631768e-6,0.13926677376298918,1.6958725644125213e-6,-5.555163343639559e-5,0.0003907392129207842,-0.022811232481398262,-0.0016895463947432,-0.06089504265790569,-0.0014417379542750982,-2.5372322745856123e-6,8.553575110523808e-5,0.253070136338535,9.564157349742064e-5,2.2129214871979138e-5,-0.005347890039372149,-0.0004834664068644005,-0.012808655459633648,0.36644440671861594,-0.026006774660905195,-0.009332059981345312,8.026119174189826e-5,0.00017672236160404996,0.0014433584497780905,0.004771182326088875,-0.025875791155545325,4.572870789334676e-6,-9.240437282297121e-6,5.530968924802993e-6,0.0004954666187005058,0.0029771052972274513,-1.2494335111977826e-6,0.004711084606879762,-0.000550184931832245,0.006551338588847737,-0.02834964980711151,-0.0031966591102673184,0.04032149045931443,0.002614033106526155,-1.8334212647424803e-5,-0.00021082641491101318,1.0962358696083994e-6,5.624519948912072e-7,6.357436469918406e-6,-0.0007540047687711405,-0.009140516442131166,0.0011899099343220608,0.0015566011378408478,8.095281594429354e-5,-7.228063500403779e-7,0.00023381112623139752,3.0958715433247313e-6,0.0006446819387663257,-4.2039223799080385e-6,7.27368478726134e-5,-0.018704214618584927,-0.07397945979985815,-1.0473859549533036e-6,-6.293259837682579e-5,2.5208780684554047e-6,-0.024810852946958204,-0.041774965094922074,-0.0006755063867877679,0.0070211837217245415,9.28272304485141e-5,0.1325791857691859,0.0028122164978108574,-0.0004233538620033045,4.555066522098164e-5,-0.00034969413006559756,-0.010283875205261922,-0.00011883926825822702,-5.1004382839823856e-5,0.06686914082369695,0.00012340067739548404,-1.4444365619498616e-5,-0.017535308361931422,-0.011605534716350832,-0.0001661238399203593,-0.0012252820228423414,3.222453914966815e-5,0.0012831998214000969,-0.017634449817601684,-0.0014619327611729955,0.012841976727691908,-0.08775759921143175,2.177528862586815e-7,-0.0032547906520865775,-6.516632522724385e-5,0.013340545357620286,0.00010698112858470713,-7.54829309230568e-7,-1.6566563583529248e-5,0.30864603342213237,0.004423116537490913,3.649113543787773e-5,0.0038647413796087595,-0.00015201289712209507,-0.0006069571842727886,0.00014156349680862352,6.847857725052389e-6,0.001120778034573112,0.002506561322707319,5.213477866226563e-6,3.0221235746396836e-7,-1.6301380469086065e-7,-3.346754122801588e-6,0.001985837224203309,0.0038504511691281103,-0.0001728262545802513,-1.0682228396139753e-8,0.06985238387416529,0.0002643319180266877,-0.0210262090524785,0.0057534363593162935,4.7184584104591545e-5,-1.2099317369135051e-6,3.3426571153674062e-6,-0.0016710627302474264,0.004862334269305108,-0.000829293831459934,-3.212682985183051e-5,-4.592784090919026e-5,-0.020233423742046636,8.305166175093004e-7,-9.233019232476238e-9,0.0009194651731419665,3.6350319251955604e-6,0.00718604034462764,0.008171154539700708,0.00010624788531731086,-0.0010860281770743974,-6.927929532625739e-6,1.9786859776858754e-5,5.584220567960984e-5,0.00014214886461091616,-0.016800734010659586,0.001526267526595792,2.8202774974781703e-5,0.0011485571347714261,-0.0005597756407803476,0.20151590705036224,0.01242110209089883,-0.04231255698816981,-1.3443165434823968e-5,-8.279083123658337e-7,6.015603285192615e-6,-1.6025961971408953e-5,0.00037339508904373,0.025201761472591254,0.0006561729721531721,-4.417735887412493e-5,0.22703350282762103,-2.4327681571147505e-5,2.531192126460021e-6,-0.03733606560076628,-2.0528722068838692e-5,9.630660661543466e-5,0.19301058417429726,2.8186377916484945e-5,0.008971459704717459,-0.008304947728402783,3.300580458215974e-5,1.6769135296756806e-6,-0.03850015392374581,0.007735793853469302,-1.5942408683485268e-5,-0.002253267381526595,1.2164420909497233e-6,-0.0004658028487677908,0.0008730705778581937,8.764966839117611e-7,0.0004493088610531182,-4.556388321207874e-6,-0.0020896720958786443,0.08988297503954039,-0.02360720830843772,2.5784969873911982e-5,0.0016072530817003614,2.9829489094565284e-6,1.7238122048433944e-6,-5.4616448553809696e-5,-0.008511187749334652,3.2487163578921877e-6,0.16064785104559884,0.004026103875701957,-0.000792770166221748,0.446705701274201,-0.00039765415118031734,-0.0012275008488001529,-0.0007500810459101089,-0.0480921463364259,-3.977894200707973e-5,-9.516595647851373e-7,-0.00022115851109173103,0.0036741423345272996,-0.0030042045085904873,0.00010447993182442569,-0.0012590145653568461,1.1560618677141211e-5,0.1679668907992952,0.00974213554067278,-0.0009049818411097953,-0.0004189740697868489,0.0001909294880946273,0.4801553807743446,0.0017827329135791327,0.0022653555926640794,3.5433467302173244e-6,5.221395384266807e-7,-1.705323474460759e-5,-0.024833892886754187,-0.006870186836048466,1.2466794207995944e-6,0.0004030421936504421,-0.0003044557147256463,0.09667169650583118,-2.9505287993321475e-5,-0.00019040012676412388,2.992353297858923e-6,-0.0009650031144185779,-0.06293534894008669,0.0020245662639873227,-6.916025319181159e-5,5.573587727195779e-5,-0.019411249815787495,-4.683300875009595e-6,-0.035462209588455404,0.0007569948320376026,-7.030785249067866e-6,0.001114963883866203,-0.02099044191026941,-5.952406077264708e-6,2.226547271849836e-5,0.0019118528086965938,-0.021497888968322373,0.00459125971441469,0.01314317004811715,1.2606806998014848e-5,0.07734085259623623,2.4217932023174327e-6,0.00047659582336714,-1.6695091633902806e-5,-0.0025211087056482727,-0.01980062795770837,0.0005226936784792952,4.650233215915175e-5,-5.33758690569991e-5,-0.014386337670775797,7.350861161593286e-7,0.07828981990876839,5.12547787095115e-6,0.00032479595011095926,0.00022003366244385515,0.0061118968993103436,0.0001040855985361005,-3.0057697814843253e-5,-0.000967235501481571,-5.733852293183247e-6,-0.001540418711431619,-8.210879182704614e-6,3.106141708951509e-6,-3.683508922917885e-7,-0.017224011923752558,0.004549735221398187,0.006776238188392524,0.14452379904764098,-2.100640770121055e-5,0.00021645603452854494,-0.024419065835300405,0.00669196189232618,-0.02140410586145609,-0.022428024248074725,-3.931000780865642e-6,-1.0377683302477879e-5,0.0007487655545413343,-6.0304815253458184e-5,1.8070472007799468e-6,-0.0014968433585845068,8.093632861271665e-6,4.19939629770161e-6,2.729941460914045e-6,0.00016372476510386594,1.747048190596406e-6,-4.814246623854063e-6,-0.0009459696416626135,0.2683750601413712,2.3938835544697633e-5,0.0047705994202679,8.652159197037616e-7,1.471991146711277e-6,2.277512165539678e-6,9.674416182496679e-7,-1.6942368567933424e-6,0.0004971835926350941,-0.00043014642552049857,-0.0007096454285652224,-0.03416290826446404,0.0001362012673056459,2.9486007364893792e-5,0.0026989427049823513,9.91302386933757e-7,0.000814282707568884,-0.010452565395020817,0.05829908424262866,1.573160000522283e-5,0.002660288155182493,-8.575648946106849e-5,-0.00036089949873814575,1.6821226851168437e-6,-7.157495271034808e-8,0.0001254814566255107,-8.860599344726753e-6,0.0001765528779148577,-0.04475634020087727,-2.770724084667963e-6,-4.250219512324354e-6,3.5634763485921394e-5,-0.001243042392448394,1.7811784793369928e-5,0.0008330120865813752,-5.917741193028716e-6,-1.246232713773734e-5,0.00125248545127668,1.3565205252558705e-6,0.0076767122041195264,-7.104483835194748e-7,0.005257211961469423,-1.44550973859819e-5,0.00021147314173852546,0.00013083341884338447,-1.4584374493514918e-5,-1.4978353664358989e-6,0.0030179250808929224,0.44376441605692996,0.003451005833121258,-0.009759802442491925,-1.4048375446421752e-6,-1.4362838720658106e-5,-0.0002755150600161964,0.00023191952747069093,-5.4636333814055584e-5,0.0031473016201875167,3.0265817403892385e-6,-1.65004092478674e-5,0.18022627387895823,-0.0002065282060007586,-3.2236449538414665e-6,-8.521562418848295e-6,-2.5463950973322387e-5,-0.00018739258683589822,4.404764404898637e-6,-2.5429909048945037e-6,-5.519797645931521e-7,-6.428475854453484e-5,-2.8216685555035407e-5,0.02852755208036047,8.417964286263127e-5,5.945342129499696e-7,1.4805230475477017e-5,2.508294631199489e-6,0.01744245625327575,3.827874347651443e-5,3.5461189562556556e-7,0.08191847553699214,-0.008213924990913753,-2.7278076052527698e-5,-0.0002757518020905546,0.003839992377786263,5.1624620511312924e-5,0.00041346287925122187,-0.004324072278561577,-0.005982520980631224,0.0007343045282142853,0.010522641644643194,-0.0007218742743510804,0.0006230518075113478,3.953455699744828e-6,0.0003940951868423511,-0.0001424726288598486,0.012497821534750316,0.00010061324025438034,0.002768302079707125,-0.030666507185171884,0.008996039466633125,0.0008123083764520783,-0.017554483200533086,-0.023076458855335873,-0.007752522698234847,1.6960978083508303e-6,-0.036994972007543356,-0.002500871010702386,0.00023487548788785653,-9.694123716122213e-6,-0.04483719489392169,-9.832445731791808e-6,-1.6871912888088477e-6,0.00020008403227956203,0.00012497125736734405,-0.0005912987577591293,-0.009248639185389247,-3.3561375773782804e-5,-0.0008376353005778353,-0.0070647603437136615,0.007435604852137807,-0.0006759615113246854,-0.00012962926738862364,-0.00044207223128233796,-4.1683019784351885e-5,0.006561292116135046,1.1188748099134359e-5,-0.00039538913795660556,0.009020827429839767,-2.7740008946848588e-5,-0.0011814113397711529,0.15294466862703923,-0.0006265397011031153,-0.05437288571929575,0.00012049686730643815,0.029062484897220877,-2.384402681881151e-5,-0.00025287818886882894,-0.00029492680885312303,-6.48856260087536e-5,-0.05063851730383158,-0.0004723817549100438,-6.494244097043553e-5,0.0025809464223228904,3.250862401088055e-6,0.00028735141792667155,0.008350880583102165,0.003917021613643833,7.765505536065811e-6,3.4732598149955014e-5,0.003178281752112704,-0.0001850648348269304,0.007562914406465488,-2.1102460378327477e-5,-5.259388620180277e-7,8.552901750492137e-5,-2.554843533743718e-5,-8.121398248409447e-6,3.194850933465362e-6,0.008124439785529278,0.0037817443453586406,0.006257332342580454,-3.450112259448433e-6,0.000991335713519104,0.3874888241391901,3.1063174010471394e-5,3.681907260155204e-6,-2.7623526862973984e-5,4.895566303890111e-5,-1.4373758517382835e-5,-0.05188881232255161,0.0029077941260292894,-0.002987188355748751,-0.019120161641150282,-0.03138794625878729,0.0005648228132255866,0.005465597181917371,-0.0005744458153087525,0.003898056010708411,-0.003983747317915115,-0.0020976596039499634,0.00022074558183888063,-3.5876092320501737e-7,7.75463270097892e-5,-1.0068600350069658e-6,-0.00011936040633397551,0.18396204451089748,1.9344747224576215e-7,0.000842648399896235,-0.003207550017100166,-0.0015834339834953544,-0.04831074082052903,-0.016482053528354048,3.566573908504196e-5,-0.008355650244788938,2.7163093602359006e-6,-9.992634481532163e-7,0.42973596753049115,0.0017954071402956446,0.004007404879576915,0.0037393241854526147,-2.560220752754239e-6,-3.671392507401033e-6,-2.11648154937117e-6,-2.0979462745092184e-5,1.4223950824559674e-6,0.21307939548333266,-0.00018018732721741522,0.0026339146583013373,-8.97360280033573e-6,0.0031888785844415555,-3.3022419713136874e-6,-0.0005972933597654384,0.00014815539800640552,-0.0007922394562822363,-1.6305321787640086e-6,0.002316852078423527,0.055820203170518314,-0.014433718930094815,3.394221923745817e-5,0.008265569297101056,-0.0017525369733878747,-0.00376505991292549,5.500097625427469e-6,-9.938104865807282e-7,0.00011757031965306682,-0.00023621940881632627,0.00037669021314599646,-0.0004965313677756733,-2.308255775477349e-6,6.817773098352064e-5,-0.0187355157075226,-0.0004437679923942672,-0.0004742077450561453,0.001171125449022478,-0.021095817621260556,0.00031890495249492013,-1.6631945676339175e-5,3.2986477471009825e-5,-0.008173158066625193,0.003508658000280229,0.00011012199647033661,0.06529534622321616,-7.551922937442888e-5,-0.03436696866613698,-0.011185247487258196,-0.0002065193735052912,-0.006778224477268525,-1.3699772414613123e-5,-2.0729225455370672e-5,0.00012234265445262846,1.6428960479784761e-7,-0.03352044281357373,-6.009880772581118e-6,-0.0005425847384690619,-7.693711103372566e-6,2.4019623309394758e-5,-0.0017371081168585808,-1.1400010941015325e-5,-2.855315656169697e-5,-0.018515245574509107,0.03737434321263752,5.1817233149255783e-5,0.24046652970243204,-1.7835797511468006e-5,1.257235190651892e-5,0.006104780890716299,0.0004945736146166366,-0.0020438481267762523,-2.1970779404182864e-5,-0.019028649541359285,0.00047168407893350935,0.07478933730263791,0.011824041753278156,0.01379976103044783,-0.0007699348410879623,-1.5624798252631893e-6,0.0001636882148255873,-0.003332902441255591,0.03774723777306844,0.004859278034122276,-0.02134828262824547,-2.3020666308469086e-5,0.0005758997223441026,0.18941299749258228,-9.938698947082754e-9,-2.184393591488074e-5,0.011426189545859614,-2.8000567206520534e-6,-0.03108168364278132,-0.0001249404267944779,-3.444482215086905e-5,-0.0008941180216234914,-0.0021723069959002157,9.232381885046473e-5,1.8778629239964658e-6,0.00038264815124959014,0.003717395230775493,-5.433411441621358e-5,-0.05366611127421405,0.0015543349655824813,-7.645989731108421e-5,0.00023328444408580534,0.0029916952295039744,-0.0007030305297683308,0.007095529367183146,0.000347948841238313,-1.3704368691684067e-6,-2.06641494904985e-6,-0.028877638515010753,0.0008752868373429281,2.619710409853014e-6,5.706753878171783e-6,-0.01158491356325799,0.31552929429790233,3.64193620180236e-6,9.55480907618892e-7,2.1557599537587815e-6,-0.0005162824136475266,1.6331550720081968e-5,0.013110108097827571,3.791391446121868e-5,5.873562790954038e-5,6.141859021485163e-6,0.0031937314688812476,9.175681371203861e-5,9.00070050107537e-7,-0.0009013948766482058,-3.200196718713398e-5,0.006172466710897668,3.192916520905827e-5,-3.5867397619839136e-7,-4.454113475370468e-6,9.875153423999307e-6,-0.0005977721580273268,-0.01687316191682269,-0.06969587606514348,3.7872122234742113e-6,0.003245253928027616,-0.0008250839217927697,0.007117995108058988,2.0686130747613574e-5,-9.410114730124307e-5,7.90399342327555e-6,-0.00020256087714014097,0.04242460850601494,-0.027936335841047443,8.902914072543341e-5,0.04367631939083768,3.667615017328676e-6,-0.000291465178242311,-0.011899446416192911,0.00824618445099354,0.0013495440031157855,-6.972673538642839e-6,-0.0004009245387579322,1.7898755480412513e-5,0.00010909535466817791,1.4987133490576893e-6,0.001557185934420945,0.008048417860276925,0.15225707264551105,-0.021243446652810586,3.977981937077018e-6,-0.0007789795868710193,0.0001330764526826426,-0.0073558286269173965,1.9056297872400087e-5,-0.0001984274049499293,0.17264090956478206,0.14112145806641277,0.0008162171988003542,0.0010793873583411894,-2.679799525066584e-5,5.676108738152916e-6,-0.00010365878050867485,0.0018072164657499262,0.24718478000281377,-2.2382457249098865e-5,0.004575301379934831,0.00029253441168876153,0.2874061721176731,-0.0013316943780405115,-0.024247268131179937,-5.48190032561715e-6,3.7272162818750756e-5,-0.0015074654767986801,-0.0005209360239080121,-0.0005178296900693351,9.025031864469686e-5,-0.00012649793562570944,-0.0001635128662044516,5.142536587265189e-6,0.004176971040543512,-1.3875254390285356e-6
0.0,0.0,0.0,0.0,0.0,0.0,0.0,0.0,0.0,0.0,0.0,0.0,0.0,0.0,0.0,0.0,0.0,0.0,0.0,0.0,0.0,0.0,0.0,0.0,0.0,0.0,0.0,0.0,0.0,0.0,0.0,0.0,0.0,0.0,0.0,0.0,0.0,0.0,0.0,0.5916610370555814,4.571384794782237e-10,-0.031256653165199155,-4.469605094515352e-6,0.00037805921722039486,1.3998711265690865e-6,-0.0019094003428760818,0.03812170655959282,6.815602083396099e-6,-0.016223494870148722,0.06765986744701791,-0.007198063615370491,1.7361638521128515e-8,-9.404902995746182e-8,-7.952140055837628e-5,-9.917403895332243e-10,-0.002535826516798666,-0.01037944986042469,-1.444511163741334e-5,0.012321602165702895,-0.0004192367059220437,1.4107412468325974e-9,-2.0357213356942596e-8,0.002206524177223232,0.17335906671757234,-9.511589877941892e-8,0.0099360171021052,-7.718779112417201e-7,4.918897697243248e-9,-0.011384221725767698,0.01464058447405764,-3.468627176563106e-9,8.41631474273174e-8,-1.7726979698911024e-9,0.0033202698315044346,2.6413538994434947e-8,-0.04263300151030863,-2.269149655319333e-5,0.00018503895484431923,0.0011478222623376936,-0.06160108133145478,-3.5665095780483386e-7,2.0335103186286268e-5,3.12434953662606e-5,-0.008504137453635938,9.502587567174623e-8,-1.3792241561980521e-5,-0.04448130881945893,0.002607848735911157,3.609536374655376e-9,-0.04419709954778393,-0.003700921742367269,-2.0434804392798433e-7,6.927530127348268e-6,0.32938108648137665,-0.0013244966305188718,-7.958595990849762e-6,0.019927198596916575,0.010911188941066489,1.2402532021516188e-7,-2.7755779137500316e-9,1.8379551820359666e-6,1.075986732685882e-8,0.004442617541951073,1.2992728406725016e-9,-2.9970931514463575e-6,2.436541802808648e-6,0.0001143024170286638,1.001271435280353e-8,1.4368210271007357e-8,0.0003636560740902427,-0.05916815546015249,0.00298944655654753,-0.05737624096754744,-1.5878187011335604e-7,-0.013877152148793452,-6.274351978643829e-5,-0.011670091934450667,9.033460377903379e-9,-8.545132317302424e-9,-0.0021222227855522686,2.126989019356352e-7,-0.0011942861133340487,-2.2608366257907078e-5,-6.202182502540158e-10,-0.0385985386664093,0.034229002407550446,-0.009103731994950327,1.4483107048637507e-5,-0.00026386780534958014,3.2843028384063574e-7,1.853768421161839e-10,0.33117420463875574,-0.0007007845461276527,-6.806122086283419e-9,0.00716220686212057,0.0004006546151050948,-0.03483652366613615,-0.015006455698892602,-9.073066798945197e-5,4.312165175130282e-6,0.08222011712648344,-0.0017268046280081327,-2.3734655760267122e-7,0.2617072421674681,-1.1382693394035419e-5,-0.00023565084349902002,-1.0604739125009163e-6,8.469277758872926e-9,6.481658888766579e-11,-2.332928043090393e-7,-0.0027399420875905424,0.004841275102304884,-0.0054863862304374,-0.032744794228972175,-2.157525069666518e-6,1.3307028020054035e-5,-0.006082583302140945,-2.8948209476060888e-5,-3.885836432462007e-6,-2.4129081595395747e-8,-0.023168037421291282,-5.421862539690668e-10,-0.0005617575689670041,-4.503865464050232e-5,8.163991847699486e-7,4.2281492293388784e-5,0.29271681531079036,-0.008304236888218844,-2.3612167497431616e-8,5.040239057771388e-10,0.3441904422632425,-3.9690777597598657e-10,8.390400012679011e-8,1.2385249552060054e-8,-9.101271684041587e-8,-0.016723072710768106,3.549585469843855e-5,0.001101512378624975,-0.030282104586906482,1.5740471442972614e-9,7.35578811550158e-5,-0.02059444650546037,-0.007127698874296423,-2.0483655745307746e-6,3.2230469065123564e-8,-4.9086729901572204e-5,0.008221986483591898,4.880960730215453e-7,-0.0033388804581629588,-4.627818249879411e-7,0.00026679590862799544,-0.010170459680553837,-2.3044773683700728e-7,-0.002805010471550613,0.10662668678676822,3.6491174309692256e-9,4.246551873474485e-6,-0.030802495494728993,-0.04852565283940003,4.3489625002634983e-7,8.025008911446802e-9,0.10970323609148627,0.0006896902604444558,3.02141553417695e-6,-8.584034179681278e-6,2.3672925715089063e-5,5.707369639981052e-10,-0.040955617757466756,-0.06164206530580002,0.000186120410286107,-2.6969397856600657e-8,-0.00044300838615761814,1.3440112380165606e-9,-6.451583822231884e-5,-1.087493345458475e-7,0.008049773041024898,-3.284428081221956e-5,-0.021664921407316615,0.00438508696265172,-2.56956235429484e-7,-9.478103006680366e-9,6.097748141966271e-6,0.0004854295390877248,0.10155213052329556,-5.010915347958712e-10,-3.501471501996447e-10,-0.03400699668705894,-0.04460408551750855,-4.0389614830089783e-7,-0.010620898234541975,3.830639800809615e-9,3.859416566807119e-5,-6.720076461480078e-8,-0.0036063457723351407,-3.09795980065857e-5,-1.8844827771614436e-8,-0.002200836910402246,0.010810477598444211,4.993026510304576e-6,-2.809348027531273e-6,-0.03690741812611094,1.3176713969858001e-8,0.06092781610956129,0.00018959099231300104,0.00718424634511839,-9.838198813652261e-10,0.2981782807607835,-1.433337791289439e-9,0.0038863556575138005,-3.5279244893155523e-6,0.0069771550217742305,0.002086572771417784,-0.004850431335349807,-3.2654535731378003e-7,0.2736463851387962,-3.664587698204276e-8,0.006486782634801087,0.01881196141268554,-3.1239594903294236e-8,2.7941249852462058e-6,-0.0471696731843817,-0.0004087046896428457,-1.6247280254268586e-5,1.4259993296794263e-5,2.517507636873166e-9,-0.0019760707488237846,-3.0277940340864876e-9,1.8983517513979008e-8,-2.1955275221594198e-7,4.4461384741658156e-5,-0.033319272880498026,-0.001335492559232344,-0.00019338636571907173,8.589820714880012e-9,-2.628465049015396e-10,0.0003484773103221559,-0.027624986560277554,-8.969079432784026e-7,-8.638217969799917e-5,3.5100049292137146e-8,-5.869489479583519e-6,0.0005278212650551926,-9.434112460460469e-8,0.005356670952381343,-0.0024777632906895237,-1.6703476914184436e-5,7.872282905662786e-9,-0.061719339104749874,5.148880708818941e-9,-0.04079832527944235,3.9825838319511333e-7,-0.03377426548416206,-1.5846189818453434e-7,-1.0900314805446771e-9,-0.0019342029546008863,-2.9187529200761487e-5,-0.011323483234910314,0.049795378445581316,0.43440100749828964,-1.4396854464866411e-9,0.005412290259720035,-0.009996922886766901,-4.861933715645191e-7,-1.6185540574221924e-9,-0.0009577468247158796,0.002419151525185024,0.020778710487987212,-0.00014110772961758539,-1.1186227353832423e-8,1.8206237560068952e-7,-0.05359619194393909,-0.006024284749175102,-0.003091754615752818,5.672486933896199e-10,0.09782387133567298,3.1025090350570314e-6,-0.0019733550981599988,-3.894649998987752e-8,3.672372775744106e-6,0.00300238043999115,-0.0014465173344978602,-1.3662011317184544e-5,-0.013309887521706438,7.502846037338627e-8,8.734341629389716e-5,-1.1310906192163063e-5,-2.4995385810709797e-6,0.12389736024924211,1.9081291627348077e-9,-0.000790330874993005,1.548890361127508e-8,-0.01778877631940002,2.945975407657938e-5,-9.581950871516033e-10,-0.006261639209841164,-0.03164424737445771,-3.457444693333404e-5,-3.0017623726632065e-8,-0.029543422253495932,3.0253637444595574e-9,1.2192927174821287e-6,6.800333644365225e-5,4.442033982364528e-6,-0.017867732086540366,1.754621400268099e-8,1.143731838827927e-5,-0.0677135398948852,-0.017138843469418446,-2.6108790488913095e-7,3.4893088491075642e-9,-0.05844618906270432,4.822222909594673e-6,-5.478949255515803e-7,5.4705575773368835e-9,2.9508987672083945e-6,0.0004994091562236465,0.002411757834813674,-6.51906845997264e-6,-5.39696406784279e-7,-7.070510315806958e-5,-4.82246553369065e-9,-1.4676228724749557e-7,-3.46406205621554e-8,0.05593595987177265,-0.040209782403768934,0.37429577565656413,-0.0036784494222506657,2.9224079088357925e-6,9.150182994859168e-7,2.2875846883479417e-9,-0.00041904130207952756,-2.6309659217325295e-9,-0.06137135836821558,-6.983012709180394e-8,7.631247051925605e-5,-1.4195340183996493e-7,-2.3984654408788264e-10,1.1147424480635904e-8,1.5174844265396852e-9,2.9046466991060115e-6,0.0013801426249536372,-1.995739168020997e-9,-3.4781174457389743e-10,1.5725610188070969e-6,0.03003269911328076,-1.0567996361384446e-5,-0.00024988710935651567,-0.02608087024766381,3.3190514703617576e-5,6.21119886348507e-6,-4.6140269522051346e-7,-0.005430155227026309,0.0003067590188384416,0.004261981666226648,-0.05294934937790962,-5.601284892827566e-5,-0.01692550398013322,0.001618209562852414,3.5297798580496524e-7,2.2545676912954486e-8,-5.955482440375443e-10,-0.0013851212992327042,-2.1109536225500304e-7,-0.010556928259587511,2.6817449200954044e-10,0.02190178172684754,-5.68061475253543e-5,0.006179838737663801,3.489242926911835e-5,-1.768524876714343e-10,1.4412727424011518e-9,-1.558305063063593e-9,-7.854974553778362e-10,-1.611046704250397e-10,0.22502225841339737,8.913564802876235e-8,1.977259762647706e-9,-0.0005763608828934076,-1.0360118044622027e-7,-6.791318234199702e-9,2.9932294903835684e-7,0.001314892470457241,2.3982119087302984e-6,-0.0005363692365918573,-0.0005500775887045168,-1.4819957723059735e-8,-0.0012828206582089006,-4.2157899075018525e-7,-0.00034202868858408355,-5.99413083520375e-10,2.5903488234831405e-9,5.968362115061316e-9,-0.04650814325630803,-2.8170979158490384e-8,-0.017554393127088452,-0.014288806659073238,3.138862458287074e-9,0.01214853317921893,-0.010964525392358655,-0.0013839923238515965,-2.193920699341299e-6,-5.6313393396872125e-9,9.110807185904774e-9,-2.6228823783170056e-5,5.607684829156991e-10,-0.005195153339434567,4.3647511957419286e-10,0.09525814026294395,9.13956771181781e-9,-2.000999696895099e-7,-9.396331885165704e-8,0.0023541326077009426,-0.00035107077570051796,0.25421759765251073,-0.0002702512427827375,-1.817961213475608e-6,-0.012166480122167747,1.0628761906292704e-8,0.002918682895798052,1.2380237594977252e-6,-1.2867701430361852e-7,-1.4845745488945344e-7,0.07019977233029494,4.778122753298496e-11,0.0013544983641853713,-5.633011185372735e-5,-0.020572231952290358,8.014600451494699e-9,2.2366722842932937e-9,7.906582191329718e-9,-0.04503434440159334,-3.1060309258205327e-9,2.819424476935341e-9,1.4027585821073311e-8,-6.964245388366114e-8,0.0005571552131901204,-0.0035502445908290924,-0.03985334353730327,6.644729758220324e-9,1.903596101512052e-8,-8.049230621904755e-10,-0.0021421091330575443,3.150039659925727e-9,-0.0030174765809278616,-0.0011909969916604475,0.00010046152660480521,1.4209117133813998e-8,-0.016722941180811732,0.021913059092110505,-5.3918371139866106e-8,-1.534250451215172e-7,0.00029645487184216436,0.00025154901342805457,1.0323420005547917e-5,-3.6680236677110217e-6,-0.010246205955461232,0.21917194869291085,-2.031332813088279e-9,-3.1336533410150824e-7,-0.03395424736851529,-1.6533544730538585e-5,1.5050655377249758e-9,-1.514342381834703e-6,-0.003729896804812355,-8.184378725752062e-6,0.08230665911297594,-0.005330622163842909,-0.02906359921967119,3.591930632681326e-6,-1.1115111071353513e-9,0.00044545329288984444,-3.242762874977012e-6,0.13209474697702772,-0.0011135438133296864,1.5241505901532433e-5,6.39878253087736e-9,0.0003467180129232591,0.510780292774699,-0.0022263713424688874,0.03359259266236978,-0.006195482665392078,8.388067249780534e-9,1.9433169637400094e-7,-0.014152585246930218,-7.987865704250527e-6,-0.01083484533757944,-0.011530674218804937,-0.04978359770037918,-0.04545365656843281,-1.5127799089790309e-5,0.006647321084367695,-0.033223925187578066,-8.809444097446896e-6,6.497748211655396e-9,9.478431442289469e-6,4.251953685719516e-5,-0.0741551302107023,-0.00492243630064439,-0.005520083194393856,-1.428149137286535e-5,-0.059522775339981134,6.57233829097005e-7,6.752303705297703e-7,0.1661087753151801,5.893891881396413e-5,0.001444892758969934,-0.030524033551634477,0.2363099813507595,3.522880244611697e-10,0.009568579246156915,-8.595005266617007e-6,-1.3604786069453472e-5,-0.013808457150351354,0.004163258339177072,0.008129640290736892,-0.021472640455251428,-4.40313678756249e-5,1.4560574549533682e-8,0.0013330205620198418,5.564737739678406e-9,1.2798291567003395e-8,-0.023343390063941663,-1.8430206950088756e-10,-1.4821752479864817e-5,0.00683477457894594,0.0016886994981806988,1.6495749918259384e-9,-3.7543146631274214e-8,-0.0002123607058475217,-0.0016513211939552359,2.452107137183804e-9,-7.246959756484432e-10,0.004222034865941194,-2.8714136542070625e-8,-0.007087744554859696,7.602346016303907e-7,-1.1620097625603428e-5,2.7949607724302593e-5,-0.012919152117564727,0.5418224009255677,0.0038336523991961773,2.8083031699109016e-7,1.3728583853292814e-7,-0.058492178744579466,0.20017152301905153,0.015375078363379162,1.791935183023688e-10,-4.667736416051166e-8,0.0004073169381745605,-0.01289626282078206,0.00044250586129931127,-0.0015267905962496949,-0.00020694943319528195,-5.292215605234969e-6,0.0001300660624105479,-0.008297209411492484,-0.007171995634339929,-6.189118519957309e-9,4.1104410219330725e-5,0.008411454746327669,1.3464032976180994e-10,-6.108324274780722e-5,-4.902436374189618e-5,-3.515650826902239e-6,-2.2984556575595877e-6,0.007012775440625824,-0.001960235836037369,-2.768691921381693e-10,7.37812482198773e-9,-1.0953983101095233e-12,-0.00017651164479044165,-0.005358258525338779,0.23585869705377174,-4.86332048739112e-7,-1.533120026201255e-6,-1.6050589831149218e-12,3.157915019340551e-6,-1.5262065910058964e-7,0.012418318455686216,6.881625967014353e-10,-0.003292169528303351,-3.091676201131693e-5,1.9424467454363858e-5,-1.9934507839790608e-8,0.005608566379124152,-0.032997805727541,-0.002007299113557557,-2.589222704199735e-10,-0.0007219536855917509,3.1733338625399984e-9,-0.012624556882752339,-1.8892132424615207e-7,-0.014956298515576926,-0.0007372063774230371,-1.2081721314811398e-7,0.0002393203690036617,-6.576625112790338e-7,-4.0408475905457863e-7,-4.359201371092809e-6,1.0092776755982754e-5,0.4234216848509554,1.31303555023329e-8,1.3281259444853192e-8,-0.0012238491653504447,-1.1224892489090472e-7,-4.84346320506192e-8,-1.8650193773605847e-5,2.7956863072370094e-7,-0.017335518763429356,6.4619555814857936e-6,0.00016121175571467972,9.744112006424584e-5,5.966352736309596e-9,-0.052003803068967,-2.474652367721348e-8,-5.326290863349929e-10,1.105200431430443e-5,-0.045281311453949535,-0.01645887096427801,4.9791724152794344e-9,-5.20883283503161e-8,-0.012192742952945725,-0.009795511669093825,0.14012758829765234,0.03889196463996132,-0.0005835206462064514,-1.3060113542181442e-8,-7.241323556507415e-5,-1.2201898531702012e-9,0.0019667774757825035,-2.149613187878384e-5,-0.00847439457323927,-0.003677014882355654,4.037180159899347e-9,5.280682302536254e-6,0.43442835497165,-0.0013237011373525022,-5.021029157342555e-6,-1.524468288446495e-5,-0.013926357903082304,1.3143358649765206e-8,-2.0958672403438884e-7,-0.03395930043611002,-0.0008731047038227713,0.00016650909470451478,-0.0026705705905848373,-0.04780509432703671,-8.133428000684819e-7,-0.0013776211656287255,-2.655958633740689e-10,-1.3288523588188102e-8,-2.862876010670772e-6,7.099635218752467e-9,-0.0037156674565645064,-0.024787610979149676,-0.011539949525394874,5.887132194926306e-7,1.0880161381183921e-5,-5.9418362111592984e-8,4.734588791443217e-10,0.12895273357397255,-1.5419771881637094e-5,-0.02323070522030726,-0.012664763714013523,0.030162759672027608,-0.015000644014828047,-1.770348649049696e-7,-0.028272826300050728,1.2089975305268417e-8,-1.762730978444554e-6,-1.1213234912319922e-7,-0.013833834943453228,1.5518276996559418e-8,0.00019524392698226254,-1.5709543554855189e-6,4.100158038367366e-9,-6.807926524156119e-10,0.0005121352999558292,-0.00023413035903095886,0.0014705653962790214,0.002568922703362333,-0.0007718862675596839,9.101705406203403e-7,0.002841495249813764,-1.1466975691594545e-5,-1.0791075399793852e-7,-2.0956004648936673e-7,-1.5358484568826855e-9,-1.594079774291863e-5,-5.945539396846743e-8,0.0011201482666636584,7.038427364500325e-6,-6.864916359843274e-8,-1.6547283740983816e-5,-2.1823179432851746e-9,-2.028578193621837e-9,-5.215707263471481e-9,0.004545355571810702,2.8175026219871725e-7,-0.02383812075316054,1.878303270198285e-5,-1.668861533908064e-9,-0.0007508616186269548,0.007240083063997312,-3.5108759455697563e-6,0.009139071814515407,1.0815854050331596e-5,-5.836434965009655e-8,-0.049279480021981244,0.00016488360768009597,0.00013025461554096228,-3.404406963253783e-7,9.128019522102905e-5,-1.3284753810109332e-9,-0.024616373491797332,0.00031522071784322026,-2.2301097082302148e-6,-0.022018503744965157,7.445763137941259e-9,-0.004600288454770658,-4.440538463477165e-9,6.4683222069016366e-9,-1.3059702447688747e-9,0.40825140903908314,0.00926580969273215,-0.00043388891332031326,0.0004230667761795388,6.031237670042109e-10,-0.0023741620303742495,0.16704646514689164,-2.2327546057056157e-6,1.0161337766288652e-7,0.03580920607365914,-0.00039309414558416747,-4.8868894913363595e-5,4.1276473539424134e-7,-6.088665334616577e-7,-0.003243264768033585,0.008029957456817675,6.15215248343574e-8,1.816044763973698e-6,-6.686667812915022e-5,-0.052704298669764824,-5.42074230716893e-5,-2.6428608523792163e-7,-5.804082280428333e-5,-0.024361851199899646,-0.007884360054936881,7.369554500231054e-9,-3.542333311829527e-9,4.132027726601534e-6,1.247607444671052e-6,2.2446564109804593e-7,-1.1829595016279168e-6,0.04162631155949949,-0.05404170183916429,-9.762533036034525e-10,-8.905442350160889e-7,-0.00140449352093766
0.0,0.0,0.0,0.0,0.0,0.0,0.0,0.0,0.0,0.0,0.0,0.0,0.0,0.0,0.0,0.0,0.0,0.0,0.0,0.0,0.0,0.0,0.0,0.0,0.0,0.0,0.0,0.0,0.0,0.0,0.0,0.0,0.0,0.0,0.0,0.0,0.0,0.0,0.0,0.0,0.5823906868204425,-1.0394536762731227e-7,0.0001227126620466351,2.148062393062736e-7,-0.0003258723794828256,5.425387925716018e-11,-2.5097359919153026e-9,-0.0001769722456838455,-4.399046394600903e-9,9.440056794422713e-10,-2.6590810579561904e-7,-0.06451154224905892,-0.004185561201216678,-6.160440450019354e-6,-0.03341012415518571,9.129540942009247e-7,-1.3691005778110308e-10,-6.815721686954704e-7,-2.2406216683511896e-7,4.2041947943811124e-7,-0.08742380139497234,0.0029759015069611614,-2.3655587708144598e-9,2.5152179810893502e-8,-0.011026649431255017,-2.7668924721450954e-11,0.002054057126338589,0.21624540308071347,1.2101216084626345e-10,-6.266945573996405e-8,0.009061905002856845,-0.00016703613677587656,0.1628222841250939,4.1226004235321376e-10,-0.029175753081593855,-8.408716202380426e-9,-1.0868802708986542e-5,-5.12136251297733e-6,1.1253764547046021e-7,1.5254127758524763e-10,0.0013033272938826124,3.916712175595297e-5,4.758055018953355e-7,1.851034956110292e-7,-0.0001077619189082254,3.6116529064089635e-5,1.3982029291107423e-10,1.9525874815010812e-8,0.0015117956415631227,-1.8548562624631625e-9,1.846532869305595e-9,0.0034919217057253022,-4.084903501582814e-5,-4.941332582257957e-9,-1.4381532433340684e-7,1.7622898742850888e-5,-2.2043479582947347e-9,-9.629643788336205e-11,0.0012232938983110417,-0.014707912616531605,-0.00047741113499544143,-0.08160445674780778,-2.9699884928224733e-11,0.1019367784452523,-0.00023149968622769264,-2.733175717632899e-5,-8.413218393504655e-6,-0.03556601854703244,0.003085328890243022,1.7710386048437508e-6,1.000173396696307e-8,9.757357106993995e-11,-7.207590734380881e-9,0.00013095971335770206,-1.4274200414252458e-7,-1.0409915998339355e-6,3.886228862765805e-11,0.12430455223651497,0.006018910565561857,8.910201799319188e-7,-0.0005572874521916419,-1.4024340065268727e-11,-1.2274885704156701e-6,-0.00034200743758575503,-4.675272906748436e-10,-3.2511837678340722e-9,9.136669040453558e-8,-1.5792768229031785e-5,-3.8704840726354425e-7,0.0016834391598127218,0.4209859859900234,-1.4557174377323447e-9,1.3595584979566828e-6,-0.011550025119038144,1.4662145854929263e-10,5.476414485149406e-7,-2.8616382159876314e-9,-1.9640908400759877e-9,-6.0501623309468884e-6,5.187153903764012e-5,-6.329990787395558e-8,-3.976786975698969e-9,0.0008022496364737842,9.233712701683918e-9,-7.1539055607756646e-6,4.618855866819045e-7,0.0001571863813039679,-0.023126186222085465,-0.0027528358603850114,-0.0005458992027996554,7.0428205099001406e-9,2.2044769452470333e-10,3.28973269706899e-8,1.8701801476882438e-8,-0.0001121979835275674,1.2775360125526597e-5,-8.502806591002484e-8,-6.475404293211851e-6,-1.1749617634705577e-5,0.00012760743813069846,-1.6418624818063114e-9,-0.07670918550242782,3.934123086200683e-12,1.8626894601458032e-10,-0.0002938038212907597,-1.798494864094337e-6,5.138986326880198e-9,-4.972329149592588e-8,-0.013782195834309752,0.1569202029856683,8.30054648091162e-10,-0.04354804014926162,-0.00012147312984920567,-0.015255552771204413,0.0012414721980162603,-1.1233561444381359e-7,1.984443755452409e-5,-9.158547866737561e-12,-1.6640680511388577e-10,-0.031370936868576754,6.315634522499369e-7,-1.6715635784283176e-7,-5.396943586732849e-9,4.521430814808499e-6,0.00030941241878535173,-9.146981332175685e-6,-1.529497503389582e-8,-0.0003879465453170105,-1.9417991890737665e-9,0.0008914381129236824,4.7444500176714804e-7,-2.127116369039553e-9,0.0029511483750419547,7.571026180238813e-7,-2.986353281863458e-9,0.16596710996257877,6.09463455820757e-6,-5.061622393756821e-8,-6.691340817780432e-10,0.00034132442011029773,-0.03719054519529829,5.947247776816789e-9,3.5066158700992376e-7,-7.237147419720636e-6,-4.353217019065683e-6,1.2775140552959859e-5,-0.019831654603307096,-1.7018651490185374e-8,-1.5032233446938746e-10,-4.6479728493960585e-6,-0.0024201755320076494,6.825296578068559e-11,-0.004776413659301559,-2.7176313607334677e-6,-5.344392967139295e-5,3.1676884144972303e-10,1.8673062204303545e-7,-5.828874721608706e-10,2.9374414712413494e-9,0.0014655768517337182,0.0017415755581474538,-7.825009251774366e-5,-8.517236558093236e-8,3.227500501012922e-10,-0.08424519861426152,-0.02457085377736531,8.581650442005545e-11,1.4927373441469928e-8,-0.0003867301990117343,-4.896542862433326e-9,0.039434241315384,-6.954100378080841e-6,-0.011296748520049511,4.4914280541748e-7,-7.589865876766403e-6,-0.012694902664334404,6.273049286177176e-12,-2.734101709531658e-11,-8.704608620535825e-5,6.64619516041199e-6,-4.821020948278777e-9,-0.01481532293421412,-8.165684917249002e-10,-6.433856303382187e-7,-3.542917523943684e-11,0.40090914192865257,1.0980017045199978e-9,0.008039995059577918,-1.1898603329192335e-7,-0.000123901944631495,-8.610621589158277e-10,2.5014817001335924e-8,2.6277306142309293e-12,0.000813677713075853,-3.5115136497776425e-10,-0.016499937769349545,-1.0931573487060533e-7,-7.767646013748824e-9,-2.576290758618132e-5,-0.00018870865420392792,-5.23246262394827e-9,9.457097398816124e-7,2.394683113507175e-5,3.533083229467514e-5,0.4269492197233976,3.980417659872094e-11,-0.001900028579825917,-0.06552401778252966,-0.0006541538527347178,-1.3888405665140418e-6,4.968741668941009e-9,1.0908969237187194e-10,-5.991324245786181e-8,0.05311014623086431,-0.0792219923340099,-1.4998580766455685e-6,1.0106034952187551e-10,0.0009450361340863215,-9.723082970661354e-7,-0.014962854978073925,-5.875998565326507e-6,2.711865334392535e-7,0.00044525808370464166,1.9574772846247756e-10,-2.3657376800638985e-7,6.9297455472357065e-6,0.0028877879811140456,-4.677760170471258e-9,-0.08589826907791302,-5.3611354736870945e-9,-0.00016611290217046493,9.700141061483523e-11,-0.0012138927578547874,0.004209308308264495,-9.569765617809141e-9,-2.560937139361484e-6,6.26249749689763e-8,2.5051045545087967e-10,7.490767704955255e-9,0.07634728219043228,-1.5474173870875925e-11,-7.923335051872555e-10,-1.9429819879690856e-6,0.10718949452084033,1.2560485128097556e-6,-4.391309171374331e-8,1.2986313643389275e-8,-2.4491990317993744e-6,-0.00020203214552714355,-8.394033923317435e-5,-5.228010446068265e-9,-3.079578655835802e-7,-7.335370117025319e-11,0.08943556993137984,-2.0630890440976927e-9,-9.222960987333527e-6,2.0317361483273884e-7,-0.002468491657898188,-0.00032471680268025073,1.839273230708137e-10,1.2311980630155583e-6,2.863412099120863e-6,-1.8992008900941504e-8,0.001088094200109075,-3.472849585456339e-9,6.595823237992579e-7,0.0004244069339195104,1.2152152564227892e-8,-0.014243137941803392,1.016281241045659e-11,0.0027044088301616553,-9.146861199268316e-8,-9.21984230391562e-7,-0.020107923176710327,6.2072645945763866e-9,-3.4281619442887667e-9,-7.049963970274957e-6,0.001629317850935623,1.2658113860529937e-8,-0.030136952035089797,-0.0003322937566864221,1.2320337306498123e-6,8.154844242851402e-6,-1.205934965733896e-10,-0.032880217575971635,6.873218112738522e-6,1.409975989403471e-10,-1.3221696150318002e-7,4.9743687775505054e-5,-0.06330797601339298,1.1722017602162706e-8,2.5908766271090945e-5,0.0018611741615337195,-0.030517500102126352,-0.00010450308592068235,5.316425528842736e-7,-5.222398871664862e-8,-3.0134815029576262e-5,0.0006469821292976855,-2.8933887377750955e-7,0.008511128445020812,-0.0048664208682888946,0.0007528531240278759,-1.8170413201233977e-8,-1.0506951046426156e-7,2.1472718081263976e-9,-2.792495278947231e-9,-0.00021050761009691404,3.238383039642997e-5,0.07613548834383835,4.499640863657924e-7,-0.00542950912716918,2.361562341845651e-9,-0.012701550699012234,-3.0195855274947697e-6,0.0006484799093555873,0.0037181659073237915,0.0018401264940098936,0.39350173576446573,-0.00020184040460364844,5.123363512243835e-11,-0.0231202992385133,0.28512629975236486,5.841811453318887e-6,2.9185830716211358e-8,4.457740566883221e-5,1.5641069418730697e-7,4.813417513995706e-11,-1.016349553460876e-5,4.69071471747729e-5,-0.00031585114774716603,1.0934827309855646e-7,-1.0957323047552887e-7,-2.7120877874803954e-11,1.2571283500344426e-10,-6.210436725020856e-7,-1.13038340345017e-9,-1.9936045552236974e-12,0.0007227992469190718,-0.04767044219261078,-0.054227688988851996,9.810702274055938e-11,0.0008885870004492928,3.4497530796645905e-11,0.4099525540060753,5.813675379921719e-9,-5.013218137459436e-6,3.0621734217221444e-10,-3.106835287130578e-6,-0.08450090790655491,0.03368135301702545,0.23488769097049894,0.15582321602493565,0.16003840347469495,-8.658576445697454e-10,0.0003231401611467122,0.0036978970061356275,8.288514896940347e-7,0.0022260575318645824,0.0019381554885837783,-8.304806349255246e-5,7.481389027783555e-11,-4.704716294469633e-5,1.6456366805071036e-7,8.63303986434187e-7,-0.006990361668789322,-7.561956123298326e-8,0.0033404474308011524,-4.789377258355284e-9,0.005461839394693261,-0.07284483247962015,0.00047433340042141696,1.723090947518583e-10,-0.01952465388191052,-2.5618374391447777e-7,7.123095079064202e-11,0.11509611316466899,1.625922423322872e-10,-9.944216662095439e-8,-1.2016930540155362e-9,-1.2717797046254249e-5,0.004202855409552145,-0.012196702688937248,-4.1906504554530285e-7,-0.02750410923834511,4.509458059200891e-7,-0.020948550582323793,3.332212258702171e-8,-0.009191631208797518,0.0023879472360488108,0.0021382544012539194,6.959104424223154e-11,1.933298952889613e-12,1.706234937107008e-8,1.4594560047293117e-6,6.520380522042363e-5,-6.328776395496385e-8,-0.06913025360183411,2.6126708407503434e-10,-0.0002933400469782679,-0.0024063860425605327,0.0044594658078792315,2.0464877131878856e-8,-0.08900966063547831,-1.6472029456265973e-10,-2.6360735365904978e-6,-9.251377838450305e-10,-0.021922376159872192,0.28737056980340997,0.06165691898388093,-7.922040217214897e-10,0.0020886065672563333,-0.012319030429407542,-0.033506849425934945,0.0023913926346964356,1.1145798950368447e-10,3.885552233300067e-7,9.299327276593548e-9,-0.04594891419388776,-0.05170451921091365,-0.028521122046273127,1.025653502444826e-6,-0.013537053617657807,1.360978397193418e-11,3.563297327850993e-7,-8.755266006650834e-6,0.001188468661301841,-1.2256284336892597e-10,-3.211259583301956e-8,-0.0009235778537581906,-0.005177605361300786,6.625304616116086e-7,-4.303641380380945e-6,-7.629713137189283e-6,-0.0001043178387888055,1.634788465284267e-9,4.154890609009699e-9,-0.009795631488795083,0.0011178616682763775,-9.571746663294227e-10,6.048683103965864e-6,-0.007919442831568936,2.2754418857073587e-5,5.643504197997688e-7,9.713504549215122e-6,2.5895872074015897e-9,1.567929807955958e-7,-9.065135174442679e-8,1.5627051894454837e-7,-0.05239694091480801,3.678059419323941e-7,4.5958960107208556e-5,1.7612820926408222e-9,1.0049112955578382e-10,2.229761614819808e-5,0.046515338743128895,1.1032560700272233e-10,-3.4577657942182183e-10,-3.229016680197114e-9,-5.844004784364864e-10,1.0942197547596416e-7,0.03571642194852762,0.002061153396881796,-5.7736040536108144e-8,2.1547196415031563e-5,1.4169347866897322e-8,-3.741038552709904e-9,-3.000023698022905e-9,1.1096485120038438e-8,-5.529823984700573e-6,1.393895632816214e-10,-5.879852942525676e-9,2.4847040206426104e-5,0.2224073588755135,-2.437513127566639e-5,-3.490244894263428e-6,-4.585921159163364e-9,-2.9240999273148826e-7,-3.276211579221346e-9,-6.308880266070046e-6,5.4422751529844625e-11,-0.0006057965292547813,-0.00045396854105990176,-1.8315622475473184e-9,1.1564424167541704e-6,9.092439218069149e-9,-3.1442818575507874e-10,1.6305336922289218e-8,-0.006734391108979783,2.426974474211284e-9,2.1633796439525405e-5,4.170646787533803e-6,3.5868912333156363e-10,-4.1450025746878936e-10,-4.1376075730901494e-8,-2.5365688476859723e-9,-7.249235563270322e-6,-0.07681214007605164,-4.931223859636756e-12,-0.006624236959376537,-0.0003645420967095544,5.171827892463496e-11,-0.01801255231308052,-1.1731574840981097e-6,-3.530339845817346e-8,-1.2581146593550128e-7,0.049845624923903264,-6.965418316381258e-5,1.550906022504669e-6,-1.3605010842194138e-9,-0.07082934384395455,-0.0008700463551878421,-4.088108263946908e-10,0.0006340676695678376,-3.2725828010819717e-7,-0.00015803564153717153,-1.765348182838205e-6,1.928387591822243e-7,3.321802593899491e-8,1.918181753248899e-10,-9.564078491807308e-8,6.0876033499067176e-6,-8.172560743401277e-5,-1.5789512552839318e-8,-1.8003667446593076e-8,-1.8239665619216002e-9,-0.05718615372669923,0.0019313295445078991,3.1090805404324984e-11,-6.367740746114801e-10,1.0174534504473504e-6,3.8292738358539e-11,5.748668711241276e-9,4.317312264249722e-7,4.830322712638434e-7,-2.089396184704057e-7,3.563355640951058e-7,0.0006145543261069734,-4.954968909064022e-6,-1.9531136139121484e-11,0.19226560148484054,-8.227509793607063e-7,-1.1114148591997546e-6,-2.7012922581709536e-6,5.830818931947746e-5,2.289416629664865e-10,-4.2485077577008594e-11,0.47570292536258124,0.12852874678467965,-0.0248862224054665,-9.648650611932664e-8,-3.592389323914446e-9,1.5721801275154464e-8,0.00019372291993506583,-2.4451560597987956e-5,0.5691587421985007,-0.00014972780097371495,0.001487078820614755,-2.1076598520308646e-9,0.2356496771997059,-1.0612012137705344e-7,-9.810195980921856e-6,-4.8478669894311925e-6,-8.840319671161079e-5,-9.672339426430635e-8,-7.119559358914708e-9,9.148844474566838e-9,-0.022850172648163733,1.7244468561300136e-11,0.0008967939416006589,-5.1687615675984685e-9,0.0001657802612879239,-5.589585431932147e-9,-1.2955215602261338e-11,0.0004419999161062522,-1.562947155188734e-6,-0.00010316742530338898,0.0030796808839890248,-7.576987923622692e-7,1.3950413834717405e-5,-1.0176946450227972e-9,-0.05890774692984505,-0.029944433214486834,5.47216952499547e-7,-0.0002502386751364777,-0.010403960761822472,-1.4332044565765598e-6,-0.00043263020532722493,-2.0137275575511494e-7,6.993034874710275e-6,-2.0634011756798483e-9,-6.84926320566854e-8,0.08129600428355563,6.962809956056156e-11,-0.018268287549257533,-0.05295169093098014,1.4755341182604392e-5,1.1930771629343e-10,-3.341843337942975e-9,-0.01461003315575581,-0.002451079121594093,-4.1834867384175616e-8,-9.17566827544515e-10,-6.244947603898036e-10,-1.2146782726922452e-7,7.669839044740355e-7,-0.012441788081778213,-7.689834058845864e-6,0.0024773737904573976,3.1666599998982984e-10,3.6710405443260626e-6,-2.8761762151451268e-8,4.027514780012043e-7,0.003978817707597344,4.250629102704149e-5,-1.1233553740154056e-9,3.889220893421293e-7,-0.0001256117896001548,3.1598757899008246e-5,-4.0660479303520395e-9,-0.04967843485054953,0.0014168385875469689,-7.854888661648423e-9,8.127278680678172e-7,2.19833152425148e-7,7.504541049616356e-7,-7.310488784083563e-11,0.00019784907832069994,1.497603105905074e-6,-0.015074020123728323,0.0029007611416512432,-0.00012250550245632074,-0.01618838816195963,-1.1281599862799281e-7,-5.513231997292599e-10,-8.784302168366508e-11,-0.0001723524589698046,-7.722640768971984e-5,0.0003918097213931458,-0.010742648601917365,2.6622684555890936e-9,-6.212202996359172e-6,-9.468905577499423e-11,-2.806264086269498e-7,-1.0314809209422504e-8,-4.448360656333111e-9,-0.0007845452819533249,2.5640073794196296e-8,-0.00021379008631017399,-0.0003632554685244854,-0.00428323793200809,3.5937256843556876e-11,-0.046752755839643646,-7.30678415472162e-6,0.0007572882365069854,-0.02163900353101274,0.0003083523495302161,4.6288851171691623e-7,-4.627441430265954e-7,2.2491326118106316e-10,-1.0572024781491234e-11,7.395444699842656e-11,-0.000367881394416799,3.5216986549148317e-10,2.768099778039797e-5,0.003805260941614719,0.000274555967737384,0.0020236145491666245,-3.6949352988118873e-6,-0.006321415321312898,-2.294376542833976e-12,-0.00012908667919496206,0.00011258823011310481,-1.0632209268294905e-5,-0.0209315650726121,0.00016454737664929037,-0.0023659983237537246,3.244422646009229e-10,0.0001514044345541639,-9.44461646890419e-8,2.385807785636023e-5,-0.03946341145901708,-1.4073302700261157e-7,1.1391220159724037e-8,-9.925077047093393e-6,9.523049024792264e-11,-3.905158636628255e-5,0.0008959646581144587,1.0536264212211221e-8,-2.030013899094029e-6,5.490825692727502e-7,0.00339530926792947,-1.5554408782156705e-6,0.0548711102897741,-3.45362370137886e-9,5.544815371283148e-7,-0.00025644513598926006,1.5274208967693638e-9,-0.020382427165332506,-4.199332516820648e-9,-0.005261686939096216,-0.019385368953024725,-0.030230514409342615,8.739687582557748e-9,-8.885751564147851e-8,7.879960536128894e-7,4.888937390138291e-7,-0.059062338715307736,1.5338134001139343e-8,8.071022180150849e-10,3.790840745391937e-6,-0.0003007967669018557,-9.072032322198468e-10,5.604236549717947e-7,-1.552961641372282e-6,-0.0002459141539265216,9.45285122806632e-5,-5.29100308403766e-10,2.0793534833856237e-10,-0.0037433175457469697,-0.00012523071505178495,-5.386170339342376e-6,1.2675383838425498e-8,-3.1500694605063223e-6,0.0008735954533634456,-1.730644258456914e-6,-2.871711332237415e-8,-1.5685292132768778e-7,-0.08793535226678874,0.0015530754645534297,-0.00026079317561572866,-0.0005426742054725421,-0.00016510524557384717,0.001279962480444591,-6.943985618605234e-10,-7.70421148763304e-10,-0.015692583149421853,-7.758623619986968e-7,-8.406638211768322e-13
0.0,0.0,0.0,0.0,0.0,0.0,0.0,0.0,0.0,0.0,0.0,0.0,0.0,0.0,0.0,0.0,0.0,0.0,0.0,0.0,0.0,0.0,0.0,0.0,0.0,0.0,0.0,0.0,0.0,0.0,0.0,0.0,0.0,0.0,0.0,0.0,0.0,0.0,0.0,0.0,0.0,0.580665517765045,7.95840394786916e-5,-0.02297563246641878,-4.065918490801999e-5,-0.0002947897455029941,-0.0008482914922620967,-2.6412339788875975e-5,0.009978764085034276,0.006550719818374898,0.018873363174059743,-1.9861298480093202e-7,3.393780034758818e-6,0.012919618542182059,5.936158315390205e-9,0.10458949255831289,0.0002468569309875816,-0.0012523844549217884,0.15068746672578656,-0.017627784211235533,2.2143091155067415e-8,2.3321845218232553e-7,0.006727353396375901,-0.03063258890971049,7.312323968807571e-6,0.0002795642453165169,-2.729813683799686e-6,-3.3371272792202594e-7,-0.0006627011848771072,-0.0510226441958968,6.928945510250905e-8,1.7652701444561004e-5,1.1568399587695239e-7,-0.000950254275705082,5.54132232877855e-7,0.24407231632241283,0.0034330993443790164,-0.004237549603457047,-0.08898643078496897,-0.002325156296696766,6.553858856744938e-6,-0.0011519354490177902,0.017291259400965743,0.09739614016574648,1.033151581154207e-5,0.00018127388452482534,-7.765930239789783e-5,-0.04122454381419399,-1.1468035866003743e-6,0.0022808406461640256,-0.022120696519823946,3.92080714096186e-7,-0.0003042729907369589,-0.046849417093405905,0.05199071169236054,-0.0002087350635806661,-0.010058618340924377,0.0011546284565831797,-7.153815274964739e-6,4.438297250103334e-8,-5.494307396998729e-6,-4.7142916157252276e-7,0.00018169815532961356,-3.585901169462396e-8,0.00021363858675241046,6.0583516619963896e-5,0.0005985725481808241,1.3807433668560348e-9,-3.520302538379528e-7,-0.02552522524927135,-0.010596488960685943,3.402985919370674e-5,0.012380941768891585,-1.2231123355926036e-5,0.06757502612153277,0.0005220328704767248,-0.0005355566739343385,-7.655313533139729e-7,1.1947675733600587e-7,0.01157927913003296,-1.281104509251447e-6,2.7609030953643885e-6,0.0020748914557201137,3.322714874664787e-8,-0.0021908117106631837,-0.040007222633827846,0.2724354255589205,-8.86276431589708e-5,0.13127247736136902,-2.4274937486197215e-5,2.405634128531809e-8,0.0004449770881175536,0.03995387168586909,1.6248779590226707e-6,0.0001440695440410554,-0.0055513430150114125,0.006951182330242089,0.22836448766968512,0.0053010127418142115,-0.00034443985777110153,0.019545050224795694,0.0051768583168850905,3.951260928029727e-6,0.0020894421295233195,0.000600267644968383,-0.04786197666093587,1.4142229084124091e-5,-3.099351302705268e-7,8.436113349965885e-9,1.0770017184455048e-5,-0.02828401924846235,-0.00021926254640655085,-0.02469143627562111,0.018900946786374075,6.453771908670276e-5,-0.0007314803455797651,0.21159948195162634,0.006905231795681396,5.870066492591346e-5,4.965159573593713e-7,0.0032169660224412896,1.8777498498571553e-8,-2.434056501066623e-5,-0.0005554909239059388,-3.5990870577471894e-5,-0.004080924813313063,-0.02470556563207395,0.2256187202669861,1.692295383163986e-6,-5.9225355807431455e-9,0.010580917775054455,1.024915257475699e-8,1.3932256321588293e-5,2.664687212239558e-7,1.1154996004144881e-6,0.25932112330297497,-0.0005637998973104442,2.2492829863997494e-5,-5.581694016751269e-5,2.6098356042488365e-8,-0.009468748972472942,0.35557582218897293,0.008048414873839962,1.8980350672142404e-5,-1.4192601575242091e-6,0.0052578449161121785,0.05389955069785851,1.482429392113015e-6,0.0034403686960468405,-8.203127892967405e-6,-0.007423153296110048,0.005056140541244517,-3.1502860877575525e-7,0.03506111800181431,-0.009813031664081128,-2.8266037897924533e-7,4.752184246691783e-5,0.1544616062766115,0.002009216446462868,-2.6915764494267562e-5,5.455537710208572e-7,-0.037942687544163405,-0.06088885330721329,-7.902292762849428e-6,0.00020359837842035553,-0.0009780244846874242,-1.6049110145492608e-8,0.32527242287733693,-0.0016038264857377357,0.004053516151550803,3.4475818072289644e-6,-0.00020234495227978253,7.42941094325687e-8,0.002387594238206365,3.9751463205593015e-6,-0.0002766223836336855,-0.00028898451109538124,0.0009180195689624032,-0.011632193444336695,-8.724653468660199e-8,-3.950856270619016e-7,-4.3111166525227895e-6,-0.03613039549151679,0.008648013194069581,-4.869379118804506e-9,-2.6376989061009063e-9,-0.0011299624642577524,0.07501756487055602,4.982767566652232e-5,0.01136110456829772,-1.5169221054115334e-7,0.005739575593580709,5.395186196830249e-6,0.07056215922855849,0.0010270238607444756,1.3334891483950346e-6,-0.00017616929758758261,0.0002737089982072453,-1.1217046416013907e-5,3.2387318643653394e-5,0.0023003164927718677,-7.350620758198482e-7,8.241787446020532e-6,-0.010741660455910493,0.00022771382405866784,8.754683272284936e-8,-0.05020650443472508,3.185827276639131e-8,-0.018771837797287402,0.00013855593126472707,0.0029963107351390953,-0.04138487052757238,-0.00025015811640320614,-2.641604006944488e-6,0.007761642382495063,2.9920222936890242e-6,0.07678337404874465,-0.0404744768346794,1.196702491644926e-6,-8.65236252872686e-5,0.010306707374458582,-0.03156244911387098,9.239321326891094e-5,-0.0008378880808868565,-2.0408608245791898e-7,-0.00013461072276332097,5.601266242125291e-8,-4.811961498143611e-7,8.067856755864219e-6,0.00777239683649903,-0.02417305141311022,-0.00017244501374086662,0.018204290509055185,-5.991237689965458e-7,3.132701879343076e-8,-0.011418871182492674,-0.0013896197054583963,-1.1199910512591225e-6,-0.0026307263338028637,5.695792346600057e-7,0.00010852938856079475,-0.03175324363665566,1.6250935832400348e-6,7.73443080552934e-6,0.01840948377208596,-0.0004507338229134594,-1.581197019359142e-7,0.1665964343995109,-5.998869345451283e-8,0.0028998542887189067,-2.3814364910752876e-5,-0.001382043944309913,1.041132135840419e-5,1.4723719459884132e-8,0.052419053268998726,0.0018833052016246066,0.26917412716893974,0.00378472832176512,-0.027576231783518156,9.022153067530955e-8,0.00015202849837367207,0.0012019012131194527,0.001072129798145885,1.0022317573661721e-7,0.012392471655644888,-0.10285768108378114,-0.04326144089948374,0.01355245356426004,5.682550989135604e-6,2.212785464389665e-5,0.00935800790441071,0.12799094535069255,0.0001831636466480658,-1.527950804026492e-8,0.0044975402772350305,0.00011051843938873,0.08586570540334275,1.578162429398878e-6,-1.1829398568060236e-5,-0.0003052234271611223,0.03728804980517139,2.9896072687708625e-5,0.20801053477659046,-5.679389116094558e-6,0.009450154124905092,-0.006811211163101249,3.17850079308819e-5,-0.04973869715175871,-1.3106702071999184e-9,-1.254710852509189e-5,-5.678200155215841e-7,0.4794587327675493,-0.00296506279186473,1.0244036878624426e-8,0.05019066516704757,0.005350794127029694,0.001969965828545148,3.1836091580032097e-7,-0.018581360027180815,-4.9088222395919e-8,4.187919510089479e-6,0.0005670358585943151,-0.00012011186518886984,-0.0002554606635316677,8.579709138566902e-7,-0.000586416599864769,-0.0024208691696575467,0.15943126943672897,-3.8787410969034596e-6,-1.8147333463108425e-7,0.046402785186389725,-0.00012014295047985456,-5.927503620087215e-7,4.20669701676414e-7,-8.743727246653956e-5,-0.02777286516686451,0.07274534366181773,0.0002219017063780805,3.473917662720203e-6,0.022270238434163307,8.779613189418412e-8,1.0507457226470403e-5,5.792234663755774e-7,0.009422289177698938,0.46702411121421006,0.003134105262332949,0.007386868512742158,-2.933543100365993e-6,-0.00013045108191104418,-7.80084235426015e-8,-0.03110701169340161,4.5146503652556165e-8,-0.009313270397127368,4.620694039234486e-6,0.0020397050408598435,6.445942567650742e-7,-9.946659665565449e-8,-1.87680025045539e-5,-7.443266272939191e-8,1.772230764102592e-6,-1.7030685541534298e-5,2.7493709588771802e-8,4.435229512694983e-8,5.089268175531001e-5,-0.032019490743304915,0.00010943626085055883,-0.0008959838703145463,-0.0010122501752455686,0.002703686583505926,-0.0004126111130580863,7.78624921547647e-5,0.045905279000992005,-0.007597725883895071,0.0001481089332257788,-0.0012951037000020049,0.00048626205350728747,-0.0010149927984657518,-1.6118922900501146e-5,-2.6107053412494956e-5,-3.000234081509008e-8,3.216276843953895e-8,-0.0003909646829346351,2.709949512356936e-6,-0.0005079568452495749,-1.7991004547365184e-8,-0.0281359943356498,0.006972413200578385,-0.00040530701294005944,0.002191447162446692,-2.676471447979016e-9,-2.9048108101929746e-8,1.05919257507916e-7,5.744157083765134e-8,-5.985465269159797e-10,-0.025604452398092226,-1.8357782938824115e-5,-1.2118790234601015e-5,-0.010032287506293393,-1.9437538249148248e-7,-5.030769198670131e-7,3.391127042743e-5,-9.074545356236772e-5,-0.00010865748768344829,-0.04210055902867551,0.0336973569516301,6.263313898732769e-7,0.06159925997675735,-2.6869647398520583e-6,0.0036273590439734956,1.421070285883445e-8,-5.752387057499212e-8,-1.6247296948496865e-6,-0.0002882318790134636,3.661217257003831e-6,0.4027260826648269,-0.0007085967283463583,-1.426331718701111e-7,0.0004921946929289787,0.31604698237401585,0.0032768004791858224,3.7305837377763886e-5,1.0380902985754077e-7,-4.203550684291746e-8,0.0001982160960333231,-1.3555740208362984e-8,0.18369562350996416,-1.4073913344549238e-8,-0.043442221706707355,-3.876732480491823e-7,3.7041877347110683e-6,1.4911424667566447e-6,-4.0515170165457626e-5,-9.910200353735345e-5,-0.04407115633136773,0.014905076825971393,5.707194729107401e-5,0.041445860612361676,-1.1048777709265216e-7,-0.0004335266006039231,-1.6965786595261546e-6,4.811473655650918e-6,-1.6100553465932586e-6,-0.031199059162067357,2.3909028711118105e-8,0.0006458703265943478,0.0183103404833013,0.004568190279268587,-1.072114135916052e-7,-1.4979746873103468e-7,-5.528801843851916e-7,0.001049825841573066,5.758355851169716e-8,1.2703961105938459e-8,1.2932736752606674e-7,-1.668698428198453e-8,-4.220562738578228e-5,0.09671177854199338,-0.00011729332070700177,-4.341149957497372e-8,1.107753433181929e-7,5.308272865839826e-8,0.051492779474671665,8.877778445789429e-7,-0.00015710174594658118,-0.029447013272917735,0.0014055006535152682,-3.0957261419602846e-7,-0.0055578142928625176,-0.04934976741765886,1.3083183483023663e-6,8.764712185002452e-6,-0.0034451922648042936,0.0015584259981695646,-0.0006507918735962252,0.00013801961122605175,-0.011172851052813845,0.009327245372397696,3.43309174423891e-8,8.479063695955582e-6,-0.00042713667781524127,-0.00013269565485604827,2.5082424839894353e-6,-6.389537555765771e-5,0.02966590172227849,0.00016259655839956632,-0.03216385123599078,0.07042503489283033,0.3321565901897178,-0.026423242424467943,1.126027741466423e-8,-0.0320723629190808,-2.435845207434346e-5,0.008804712691629482,-0.00017151595056862242,-0.0002726327894360852,-3.471590488343499e-7,-0.0002834554283553108,0.008882712609269285,0.007258075047057949,-0.02723641169345419,0.22050868490369055,-7.073775299812583e-7,-1.3376711421361163e-5,0.35426507846341354,5.9157293083838465e-5,0.04968679084265852,0.00907775159255688,0.005464229363373199,0.1306886726792585,0.000543600259008271,0.0001332755334811423,0.011064631701882344,0.00013098664986046352,-5.540255987561814e-7,-5.9103441530946875e-5,0.006873782058116804,0.003427233700537175,0.1644052698783638,0.0054944687809912384,0.001959512558270171,-0.002566879752256495,-2.4865158080671943e-6,-1.5691541234307523e-6,0.00035130982313987945,0.0002197193959703676,-0.02184457011060142,-0.0010311037029933372,-0.01250818200800318,-2.025344307180096e-9,0.00200229593535819,-7.535123162734731e-5,-0.000119504956264385,0.0025635148942433758,0.0011688279026269392,-0.003965570065299917,0.005101689935523312,0.0018970551674037895,-5.494726289339057e-7,3.6014357452385695e-5,1.3892365936268629e-6,-1.8925290633709824e-7,-0.00037085102294081483,5.041537122411658e-8,-0.0005803534500315044,0.07586991137529409,-0.0413976189818797,-8.421722524908732e-8,-7.406746289878687e-7,-0.005182146947300615,0.0032166542189898998,1.5920036486100907e-8,8.608478213211585e-8,0.0015047304587653399,2.8152267359144023e-7,0.06986008514915212,-2.6788521254747958e-5,-0.001861707165834132,0.0015368495904682163,0.16463432100066727,-0.019438078250736682,0.015468241071358876,-1.570090890292721e-5,2.2891748235547155e-5,0.2627582363086286,-0.03988527660363632,-0.012210699056855862,-1.7017765990081564e-8,2.961708573746564e-8,1.6584163328851856e-5,0.001191498061088222,-0.03387836036794084,-0.00019784511867077274,-0.03264224211181171,0.014537096354195561,-0.0013049575145490779,0.07658419420793029,0.18067512177558673,-4.77964058694342e-7,-0.002477313055332266,0.0001915362697997938,1.053805236497926e-8,-0.0006448165597037189,5.739555521402777e-5,6.4869260264945e-5,4.637184065741906e-5,-2.406129554524477e-6,-2.0802443452477428e-5,5.069353312254899e-8,-5.122311823064117e-7,-1.8276751293131144e-9,-0.00816947815421113,0.0075187684069539145,-0.028935178847702227,5.795112275161928e-6,3.992473282807633e-5,4.4439598406939976e-8,3.5885962506850912e-6,-1.943164894981287e-8,-0.009930277699548705,-1.1023265015715431e-8,0.1366671830547074,0.006177939899587319,0.000745695835592467,4.784504324895933e-7,-0.08628847934615837,0.08757454314258319,0.047012954056726904,3.3719964775270366e-8,-4.554802350157391e-5,-1.545512700512163e-6,0.0024727182716775685,8.47073815291369e-6,0.01118639610330086,7.3008923319800706e-6,1.9201055670846385e-6,-0.005806367037515989,1.855694182665078e-5,-9.035693932868832e-6,0.0002917521575085236,-0.0005109985574745609,-0.008955353706833763,-4.7075622973324195e-7,6.440859429700968e-7,0.0430532029309391,1.5857684448485475e-5,2.5442323905291835e-6,0.0012005714311699044,-1.4510712086996491e-6,0.2747474346321864,-0.00033036533075428545,0.0008238662435113928,-0.00357616491054052,-3.4427952160972525e-7,-0.0018069333653379473,2.4549853353894645e-6,-4.130830378991804e-9,-0.0004407860163750143,-0.0018717592942091828,0.00869775252281321,2.396768226531142e-7,1.4206618952932923e-6,0.27544607869496496,0.0005281505538959659,0.004428523080857054,0.08117770095392605,0.0034137949645756506,1.0882301596644514e-6,0.004174438304703733,-3.317170550465022e-7,-0.0007833360070404355,-0.0003623225117362547,0.14215846389144277,0.0083688119479683,-1.149862206344493e-7,-0.0003605516537303833,-0.037275435894343276,-0.03405958147480575,0.00020082167985136683,0.00013292682460229588,0.002249924571600283,-1.0821613335008976e-7,2.9018217791339572e-6,0.09905099418276304,0.0552037434990165,0.0037271392736122847,0.03710461201173408,-0.002145006621601013,7.150351236125415e-6,0.047899734506368065,-7.490656930341634e-10,2.1445052205378975e-7,0.0002023557735078976,-1.5864518999151485e-7,0.07084392578917148,0.0020583834254279875,1.587814190641876e-5,-2.9564115904452086e-5,-5.234679790748289e-5,-6.193517372134629e-7,-8.136164357170036e-9,0.004821975564480927,-0.00022284014062865762,-0.0003776873718947052,0.34095690054911,-0.04656403354473068,0.008956512169691927,5.363001801195405e-6,0.02359398277211526,1.0577814961329287e-5,0.00012694606068115713,7.559901764102817e-6,-0.0004617969224467672,-1.772575521091088e-7,0.0012190114032332006,1.3047162109107336e-5,-6.902654400799514e-8,2.584716631079404e-8,-0.02261270841520087,0.024723216300995436,-0.0005377434162546201,7.281697101751858e-5,-0.00027444896049815486,6.564342184910642e-7,-0.0007956195681662246,0.0001858665766005543,5.734582265463662e-8,1.8674437539105116e-6,4.0718088459303215e-8,0.0003155042520551809,2.3923487606318775e-6,7.683112375956523e-6,-2.229125694202383e-5,1.0036309103890544e-6,0.0016981092753721495,5.937289422211953e-7,5.980868567225503e-8,1.5017220446063624e-7,-0.0005741270810604273,-2.5288996182882708e-5,0.20192990970299174,-0.000985319898141451,3.097861513202041e-8,0.020504884909180517,-0.029970998752065107,6.986721698620267e-5,0.0004583734308150365,-4.0279623572722394e-5,8.499427329461852e-7,0.09105728689539958,0.006892910324542775,-0.03533530237724217,8.099006106766613e-7,0.011314738356313166,9.355162071259142e-8,0.007524899561384588,-0.005092099743740721,0.00012618926675970742,0.10996779997670056,4.738874016640584e-8,-1.4866007130687716e-5,3.4291027557210435e-7,1.992292009770221e-6,1.2628594800779634e-8,-0.006284294122244995,-0.06475435935011804,0.014262466997693011,-0.020298246924995093,9.783037405509118e-9,-0.02514896899772335,0.008349044772162705,0.00030031739687091003,-1.0446927872148873e-6,0.007816941828272443,0.03597652335299963,-0.0005841573044950651,-1.6222261709620566e-5,-1.7782409185142008e-6,0.0012474698715883837,9.160457706961429e-5,-1.3535280653960869e-6,1.09933992231336e-5,0.0038780018737017623,0.024956378659881297,0.0017187420848002533,6.469091317828839e-6,0.003284092772232931,0.30729843651515065,0.09359467448113128,-2.1171573017070704e-7,-7.384574058338268e-7,-1.0576580936488549e-5,-3.860123921365354e-6,1.7164796659568982e-5,2.3102332863131915e-6,0.005051197743566206,-2.597758654918826e-6,2.7675472896563463e-8,3.9941115935736843e-5,-0.00010140355207985945
0.0,0.0,0.0,0.0,0.0,0.0,0.0,0.0,0.0,0.0,0.0,0.0,0.0,0.0,0.0,0.0,0.0,0.0,0.0,0.0,0.0,0.0,0.0,0.0,0.0,0.0,0.0,0.0,0.0,0.0,0.0,0.0,0.0,0.0,0.0,0.0,0.0,0.0,0.0,0.0,0.0,0.0,0.5779820546935914,-0.0023164793951441706,0.03060518214445037,3.6079795137925346e-8,-1.2003872690063113e-6,0.00897418827470086,-2.3256627410797733e-7,-1.8524442484502976e-6,0.00026071006109158073,-0.0029566403235912597,-0.004977845824202334,-0.005025898077384138,-8.160531387374006e-5,-4.238618079812022e-5,3.3700312427166953e-7,-0.017683362411225232,0.00011011873517912596,-0.0005319842470273932,-0.00026462473915057054,0.008712350086513799,-4.2680255037542264e-6,-1.3752077516083706e-5,0.0049855107523220235,-9.413990605729128e-9,0.18096899515350165,-0.0001603988017833564,2.2650522511666137e-7,-0.0001507571593367979,0.001470986817124547,0.10840971197626,0.00014502209405388092,2.1619590922178885e-7,-0.007315043214919142,-3.389024378332085e-5,-0.015620863251972155,-0.008976971501516285,-2.3038975663192194e-5,1.1651558535824978e-7,-0.010511453696130749,-0.01229288551069058,-0.0012128363858591572,0.0006561572921068755,0.23997373482935258,0.19524342527918875,-3.6147944644313755e-7,2.5403808691762146e-5,0.0036293213588670177,6.999583409647179e-8,3.4403864364358095e-6,0.03061577917263653,-0.026206017754166706,3.965478413344236e-6,-4.7855201146863436e-5,-0.03842161989893748,1.2389923088186227e-5,-9.046333262152825e-7,-0.019027959073232847,6.043523063495753e-5,-0.048273781309691684,-0.0013356083808721915,7.14278128596672e-8,-1.314188864584288e-5,0.07230941846266226,0.046625629746130964,-0.010334219711746933,-0.0018203197368448598,-1.8977455601781672e-5,-0.001201685020004007,3.0237181925890304e-6,1.3055689822428117e-7,3.567070780663969e-6,0.10720635867658089,9.886608970954384e-5,0.005087544768457421,4.924609288468221e-8,-0.0002607790165626615,0.0045338190262740104,0.0011707814940563033,-0.040117584149183816,1.1808292790579671e-8,-0.001125789503796696,-0.0016357397763794828,4.642334498355547e-8,-1.7749488053792403e-5,0.0002280086799504729,-0.024321482465905177,0.00021756030243347588,-0.03503403878382494,3.185436890937829e-7,-2.573628393910967e-7,-0.0013500082215162968,-0.0018051561755350002,-8.7196656530382e-8,-0.00047787960991609285,-2.6191524841885406e-7,0.00010988215157399588,0.0056719256980784566,0.011958242980606973,2.8275652555116242e-5,-4.1851182623715005e-6,-0.031634168933926926,-6.952134504566228e-6,-0.014039653019116423,0.0005650005353844956,0.230979499694135,-0.0009145009344232381,0.00040951169525359004,0.0036524807629993486,0.00017257783472420193,2.1734521153680754e-7,-1.3209171832141301e-5,1.103857112252904e-5,0.2882005724716678,-0.02365518009331425,3.2060460298936975e-5,-0.007408323296121069,0.32248570382037034,0.001992740955448138,2.1730299028567556e-7,1.60136679675029e-5,-1.1999707132215872e-9,1.1333657219279338e-7,-0.006400933573775631,-0.010013398412794467,-2.1291383766101097e-6,-0.0001006605097336363,-0.0010861029698491138,1.439066031775101e-5,-1.5585505970921977e-6,2.1066990053856035e-5,0.25513898545099867,-0.0030225288928280585,0.0010612022930862166,3.779341279498482e-5,-0.005760566798443945,-4.147122427347198e-9,1.95968270664248e-8,-0.0005088244539576288,-9.395244387864e-5,0.00022952709375075232,5.447474021002161e-6,0.025335928017243905,-0.007876298708933851,-0.0013130138489657957,-8.115457617039491e-5,-0.01355291771181742,-2.440651725046584e-6,0.15578794374713234,-0.001803636088306589,-6.182278655764642e-7,0.02363726235746199,0.00015213163104290522,-1.0771297967387981e-6,-0.00013352879886246725,-0.025595459052429867,5.660550773030417e-5,-4.388208128449049e-7,-0.027279316509619348,-0.0029745266141431434,-4.176463920688946e-6,-0.00019372101884544476,-0.010623764926493584,0.3819983443839808,-0.0020963654663647985,-3.47784103748767e-5,-4.009624945550517e-5,7.228093227878165e-8,-0.006322466808112751,-0.004937959949020801,7.083946090491672e-8,-0.0002074666984352721,0.0011999804017444292,0.11310470567039861,-8.683083169409998e-8,-0.007404874009916789,4.374249797249181e-7,1.1215774622966101e-5,0.03395220096109244,0.007158841360414752,0.0729386080846794,-3.0430867038200915e-5,-2.5189290301260645e-6,-8.015985038195562e-5,-9.167010291579269e-5,2.799934952646701e-8,-2.1452445528971457e-5,0.06323337660293998,-2.1080809180281094e-6,-0.00015159324327670932,-0.005427891694916701,-0.0012250093304792974,0.0006748981982006253,-0.004549486799031217,-0.003391050144773582,1.5210920084472936e-8,2.0924036111439156e-9,0.02891014478877943,0.07291822325937312,1.0850149378059414e-5,-0.0012897832708956534,-9.614143158173465e-8,-0.005386846245760477,-1.8530395084797108e-8,7.779970438482138e-5,1.6360279825315862e-6,0.000512769882184108,-0.00014633032288325756,0.33137238775256056,-2.122712888562934e-6,2.543584645982212e-5,7.953221382502724e-8,0.006282483478322282,-1.6670966023830205e-7,0.0016682702034857932,5.588588450157457e-5,-4.171430907625255e-5,-0.060466356026829086,0.016258058938794343,7.704272075947554e-7,-0.0005828147536765578,0.06311329109094278,-0.023447761044222432,-1.2757316763834057e-5,6.496157395520843e-8,0.0005914474078710742,-0.003152518987308732,-0.006106492558642049,-0.0033234590657835153,6.006710013341296e-6,4.0948253096729035e-7,-0.001692010812189482,-0.000706795794100806,-3.380357790745959e-5,-0.0036042360887534115,2.9362752056098915e-7,0.2048523850899865,-0.0008009872531730001,-0.009972384516053156,0.2257242705519562,-0.0001243062965394681,-0.0016422268489761898,2.0719156811150235e-7,0.00020122017325174946,-0.02763144046474858,-0.00025189109798386925,-1.2959522194599831e-5,-0.0007101461405498545,3.0160111626858397e-6,0.12789504088859996,9.555560911949469e-8,0.009968617681343939,0.0013735384185405459,2.048415549870752e-6,0.004523551012939091,0.0003087956002974369,-7.946744976821292e-7,-3.546926426969275e-6,0.00012399345792515806,-6.644451748467832e-9,-4.160725031716493e-7,-0.01811640613866651,0.00014279462066662358,4.111501139682435e-5,-0.00010805703074187262,1.4662800958022403e-5,-0.0012827154370216969,0.03320694808340962,0.09624897759665296,1.2196049033452778e-6,0.00019004817984477794,1.7632778891376208e-7,-2.2228551589242917e-5,-7.658400857495901e-7,-0.004247951280879844,0.00012959561725717163,0.0033152025044455406,-0.005901212925065584,5.98872983527727e-8,-0.0005142077894551579,-0.006899726355724458,-5.918551629857476e-5,-0.012264154254885157,-5.755524777728946e-6,-0.0009023390462265668,0.48232484246739005,-3.285194987675783e-6,1.6414610517182967e-5,1.0900362844908823e-8,0.00119934005947794,0.0001031707604365429,-0.0043298634909238595,-1.8815762815553635e-5,-2.4158080564471013e-5,-7.042375825849721e-7,0.008467119524336184,0.010928007773478764,1.3877799195229422e-5,-0.0002810592244466693,0.034764271057335885,-0.003834322024834337,-0.02810343731273471,3.372708601674338e-7,-0.00506087988608731,-0.03535947660661062,8.466675045735313e-8,0.00026307828756126644,0.14747435788233992,-0.00036986087628652236,-7.680740819155347e-6,0.013402156711637006,0.06436819720438984,-0.003060004854046151,0.002975794769737056,-0.0009754655552232485,-0.0001358738757587139,0.1656386431817678,0.09744153013209882,-0.002623701859702085,0.002348925450983226,0.008577252908077955,0.003142853823627406,5.515181164411463e-6,2.5284621241644757e-5,-2.6692115849694977e-6,-3.3054142530385392e-6,0.12174831221332208,0.0004685372674520139,-2.2073043527630922e-5,-0.00023353306932207148,9.957863293997243e-5,4.916195082061953e-6,-0.0003300204063527597,-0.0025733404881083874,-0.018040772577365444,0.003895063782894541,0.03747572881285419,-1.4138404930985787e-5,0.06667904455322814,1.3050750124961022e-7,-1.5689052366144517e-5,5.949019310058829e-5,0.002080084319729289,-1.6284134379594273e-5,0.1026594456535951,-0.000300430913140858,1.9081520990374672e-7,-0.013212144969231157,-0.01726612950131349,0.06694588320882351,0.00043698014644981707,-0.0018938372016743554,1.285291163236273e-8,-8.708817578959521e-8,0.002380462863075258,-4.794370013075768e-7,1.1298765043049851e-8,-0.033660844368861374,-0.004962997191973791,-0.00017666076030766834,6.406518859655528e-8,0.003486526812410873,4.804765929443323e-8,5.285628801327321e-5,1.6491357455073667e-5,0.0003569824803894856,4.687032724946714e-8,-0.004785302516117253,-6.550335298765489e-5,-6.2404390034369e-5,0.00013497001853002885,7.810204115385995e-5,6.422883298803077e-5,3.027392112363089e-7,0.024863410017757177,0.027040326402675428,0.0010668847229269435,0.01228096682073268,0.0031405557240947006,0.25418937297008376,6.930223741909321e-8,0.03218808325297536,0.0002784912121844251,-0.0004788415100855219,-0.0022207584941154133,-4.466151790586945e-5,0.0895939298888413,-7.340763872340268e-7,0.0002036172252059922,-0.0003036331978840924,-0.002781104051030811,-3.4434890979466307e-7,-0.00195826063389309,0.00013779900024607112,1.239086358747284e-7,-0.00015196408870951162,-2.1081776907140259e-7,-5.9950777240316894e-5,-1.4095958905157306e-6,0.3662171786823749,0.0024950226125668223,-0.0014978156859290397,0.007269021529664075,-2.5275479883983646e-5,0.00020761262285447723,-8.457142736756765e-5,-1.7697113896120278e-5,-0.001401618686317932,0.006506183368665637,0.012950395373403699,1.731896607546341e-7,4.268313252943216e-8,-8.516954653188159e-6,-0.0016238970558196495,0.2895027206309621,4.039669986779345e-5,-0.0016291809055687316,3.377720067085591e-7,0.03536126877882009,-0.0023390882332447343,0.03336663457005024,-7.9999677437996e-6,-0.00012434869264583604,-1.1111469332248303e-7,-0.004349983552637759,-8.350487333048713e-7,-0.0017796928437918405,-3.552020107317785e-5,-0.0004902162227388121,1.4881303034504017e-7,0.0009652208172536091,-0.00026152540283336966,-0.002874090509215027,0.006243991527283471,3.1489894794046967e-7,5.147359471705776e-6,8.037921081996981e-6,-0.0010595558408239823,-0.003913024589779435,5.6612890786435825e-5,0.0007459637539401287,-0.00265394454801355,2.0434774372911802e-8,-0.00010893585099240294,-0.010926296432041394,-0.0006809565791145983,5.7428143897333144e-6,-9.712061100816796e-5,-4.475426488010445e-5,0.001704511017221883,-0.0008925580443825709,-0.004472741812796718,-0.016066374819871748,0.21236665913907035,1.4104968514796598e-5,-4.3471275319853715e-6,0.00021196996997322625,-0.009561776817796307,-1.0950610037100964e-7,-0.0037063115659482153,-0.00755431311679926,-0.04059550920242535,0.0010200828236385537,0.05121689782138726,1.7634573060217682e-6,0.0003827568773339279,0.00011104358386095234,0.00011643090308728933,-8.357570842179983e-5,-0.0008455498759822271,0.051244192270671986,-2.6642432990331655e-6,2.0581350317118085e-7,-0.012020039663590418,-0.0005821145720611399,1.1388232100604738e-7,-2.0222894177507247e-7,-4.589467294937228e-6,4.873549435708993e-6,0.0001866848227056579,-0.0002970962908797523,-0.02459587180855817,-1.7766778560374423e-5,0.13307614002758916,-2.29531546536141e-7,-1.9262878805028925e-6,4.145375720063326e-7,-1.1711265568747e-5,-0.00897513913639558,3.658164447966071e-8,-8.027533086203902e-7,0.3879294603420472,-0.00014275479080996253,-0.025925918682461083,-0.0025403933698552005,5.869818055499094e-6,0.0002218571016005152,-3.915057578251516e-6,-0.00801317769489111,2.1784971212097173e-7,-0.06633325634627474,-0.06479880461271251,-9.335673607663827e-7,-0.00726393486999163,1.3364543444246536e-5,1.664687231411849e-7,-9.991263089094662e-6,0.00017207661828068125,-1.1646487714622105e-5,-0.008886663015745333,-0.010404408858590779,-9.664757875264597e-7,-8.129636556626669e-7,-7.423226700541409e-5,-7.923810538507479e-7,-0.0041168718221615405,-0.0020104008084889657,6.639276037223222e-9,-0.003738347560961289,-0.001182931035132901,-8.42303726009994e-8,2.73969792940269e-6,-0.02007783377239167,-0.0001146016956700029,-0.00011203460261341817,-0.00010026151672901549,0.1927286756530096,-0.00110265299299069,-1.7913756290920296e-6,-0.0004985335811051141,0.00024654910970720126,-9.830287875023262e-7,0.00912109278617712,0.0002451843701362088,0.1300685186121781,-0.008537449912080903,-0.004643285399651118,0.0004025372736452738,6.957382738182339e-7,-0.00011278480982180348,-0.013482552519526937,0.19497224869394653,-2.2574049953514897e-5,9.328771743700181e-6,-1.7179610209383035e-7,-8.262464912380232e-5,0.006129266794236616,5.610213395957883e-8,3.2635438046592695e-7,-0.0006614922523125967,2.921797216543702e-8,3.5589541558652793e-6,-0.00018670713917674425,-0.001012924799560805,0.0003554209401878902,0.0004968350965914766,0.00340843016396884,-0.013302179975262231,1.0080189811403068e-8,1.3756202447765637e-5,-0.00021400562827557398,0.0013671616736223478,0.47273361235320205,0.42544915282443163,2.1000143467660848e-7,-5.8607818983690714e-9,3.423000443615187e-5,-0.00036061571576699136,2.753856788267025e-5,-0.000808694722527775,-4.962046787917099e-7,-7.748577398854355e-6,0.12806348495161549,0.17352456015606513,-6.362326693484907e-6,0.13194429256991266,0.006088825406259731,1.0904986662585272e-5,-8.468296713910817e-6,-7.086404862683188e-5,-0.011061690541324797,-0.01099717707959045,-0.025735934186182103,-0.0001868900963155394,-4.629407651467742e-6,9.849878069744832e-5,0.00014977691553497968,3.1097277932141755e-8,0.0007915687200013198,-8.804236883250147e-7,0.007487686602363622,1.9705883856972783e-6,1.5478605928354283e-8,-0.01238406078041997,-0.004645074070495912,0.18911591821788942,0.11685550859414175,-0.017925163337825276,-0.034504925694386526,-4.946394919527455e-8,-0.001671605781228555,-0.0037476934604613325,0.0002903906338057923,0.15150406997474947,-0.0030245150266366553,0.0020003801297129617,-0.0409987929043408,0.00011767051072307993,-0.024645928992940314,-3.900034132479924e-7,-0.0025360608176076493,-0.0003809821573243528,1.2102540721264162e-7,-0.0034608381850795267,-9.44976609522663e-5,-0.015553975663455323,1.5909009457058254e-7,-3.483688310029832e-7,-0.002430916819756118,-0.001840069697760231,-7.45867292492031e-5,-8.189804051556152e-7,-5.512184885584212e-7,5.582559206708961e-5,0.0007848520077884803,0.000549687779292594,0.007968865018508301,0.0054921289283759635,1.7647205371334754e-7,-0.0175654789472349,-3.923642019640581e-5,0.0006591091629112475,0.001698297416675174,-0.006940343706393926,1.971531240379106e-6,-0.00011234558460588095,0.2936972364324691,0.12944302300181856,8.86893797793804e-6,-0.0023513695085272284,-0.012083183796406863,1.4173830397300479e-5,-0.0003708153276394867,-0.0016571727051468037,0.0009995023554982467,8.17954471891187e-8,0.24140783307629274,-0.0005265886499941516,-5.9169734430040806e-5,0.003940178733630718,0.041587634972972264,-0.001106019174244347,0.00020484995486520752,-5.558169469769526e-7,6.547711623588507e-8,-0.016458482040218797,-0.014330811760741968,-0.0028541165615349547,6.829103009153835e-5,-3.450482213813429e-6,-0.012832621146997493,1.9686737111572832e-7,0.0002046967659918564,-4.472636187102363e-5,-3.3575874607820135e-6,-0.009139965333753969,-1.0191627951364202e-5,0.06793081535444791,0.08695052630716087,0.001857128157411472,1.2965821066044836e-8,-0.0030553516590485167,-0.007765437398863912,0.36105929398232056,-0.00041342619391179856,0.0008155904875942076,-0.0003778592737199238,-0.00281594316182847,1.7371763890640583e-7,-8.31999464248901e-9,4.774892058550097e-8,0.0037460794076504245,1.660516497728977e-7,0.31314256631505416,0.021205501547095256,-0.04454305858346587,0.00083707044134702,0.0009897648228478068,-0.0036140676934475857,3.2436838393056438e-9,0.049821774835980444,-0.005098248248808978,-0.013179350876280202,-0.0012647656781132367,0.0013033515813044212,-0.0003315000063925474,2.0552320256681396e-7,0.04591603836319261,5.222141642868209e-5,-0.0067251931569830324,-5.981075867620647e-5,-4.515437669592766e-6,1.9470004423234302e-5,0.11181239322969416,-1.5525414583776735e-7,0.0011581222862662073,0.0031198235674073957,-1.0232096649455357e-5,-0.0029464616017476058,0.00027541963284919904,0.03752568590719853,-0.003796007958503035,0.00011399497666833466,-1.5237321794819497e-7,-0.0009319424230866172,0.18858174405101374,-4.467628345222682e-5,-0.0017928984516724438,1.4215393541728865e-6,-0.0011605204642595112,-0.006000531179456759,-6.647659918753159e-5,-5.740028515668197e-6,-0.00018615598641324673,-0.000309708291507154,-0.0015750197487798942,-0.00011291146404661735,1.868297952829068e-5,-1.6651023905495829e-6,-0.029745683654734394,-0.022797058103429458,-1.484229394320342e-6,-0.0019501264454270363,-0.0005660018962621146,0.08042054402309681,0.23377706693916941,-2.0899531524296153e-7,1.649674754390965e-7,-0.01370973223255692,0.19163529995942388,0.005223514731845884,4.437518145999991e-6,-6.713026570893323e-5,-0.01673303651294427,-0.0008196083060370228,-7.094193401968658e-5,9.26162549098563e-5,-0.0009196197693902629,0.005536091709065267,0.024192420077860908,-0.06304673647465657,0.19131882232118266,0.27812858640143295,-9.852286164695306e-7,4.340222201692601e-8,0.0003287697271206525,-0.007452887135975523,1.1527407391601985e-8
0.0,0.0,0.0,0.0,0.0,0.0,0.0,0.0,0.0,0.0,0.0,0.0,0.0,0.0,0.0,0.0,0.0,0.0,0.0,0.0,0.0,0.0,0.0,0.0,0.0,0.0,0.0,0.0,0.0,0.0,0.0,0.0,0.0,0.0,0.0,0.0,0.0,0.0,0.0,0.0,0.0,0.0,0.0,0.5702099259107606,0.000622836718089889,-8.712573137299926e-7,-0.00022407033658814157,0.0011931244745965203,-0.00012265592905673567,0.00042414966324549045,-0.012422486989035458,-1.3635340772628385e-5,-8.936558450963172e-5,-0.05682485728831085,-6.13954713804614e-7,-0.059737361276165045,8.356932766369633e-5,0.09427879352087148,0.00875321133509962,-0.05392924385407294,1.796315436552355e-6,-5.2533818926994834e-5,-0.00031624335607484676,-0.0006819580872622639,3.601483337578674e-6,3.121907910456234e-6,0.0003274764095910322,6.238281702121981e-6,-2.034528664246124e-6,0.004795058559154734,5.432717246533846e-6,-0.0028626827738352325,-5.247072918456858e-7,1.9371503072547234e-5,-3.10827260344873e-5,-9.766965389483639e-5,-0.04617776565233085,0.1993837425494666,0.17622836118182275,-7.577656827888584e-5,-3.5725534524734595e-5,0.0014328057948887595,0.08404644970152042,-0.05194696863039437,0.0020868519054815507,-0.002295892151053607,6.270820088345783e-5,0.0031040308726837606,0.0002037323353650653,0.00015453456994521904,-0.0008468666501916435,0.00021902299711446153,0.00032677434929566726,-0.0011898666082914725,-0.035661186491851515,0.026997606226141762,0.0010012759937186235,-5.217527176086312e-5,-8.004779528041557e-5,2.333667611611479e-6,-0.00024484603708743827,-3.482630763512314e-6,1.7115755766831328e-5,4.706552251964541e-6,0.00029991253004383277,0.00425239625743329,-0.0085611557376059,-1.2856379833449223e-5,-3.6388770254550744e-6,-0.011763522307564491,-0.0019336079552782694,1.314130964822327e-5,-0.00010400059851547249,0.0007788569715423949,-0.0006866920576128634,-0.05461676860671657,-2.0420692560563488e-5,3.282928414892069e-6,-2.1101044106569647e-5,-0.0845074123102249,2.417726464219388e-5,-1.0337829839890856e-6,-0.08079624593812983,-8.950068711124466e-6,-5.9887851416402514e-5,0.003213864187211659,-0.03518861387630054,0.008733888056859061,0.008319640702609748,-0.00014863855741663852,1.1796366134943002e-7,-3.4420109026229375e-5,-0.06976696601662973,-2.5598703613094188e-5,3.192439120060727e-6,0.15315885574120633,0.00045926669384519506,-0.023871007200914125,0.010083554193216682,-0.005681701476672849,0.0026190589901505766,-0.0005121267286937427,-0.00012404692984557914,0.0004512949672457064,-0.012811649018569255,0.131311392171589,-0.0009715685320409995,2.983992696611439e-6,8.942654373400257e-6,-9.679168074201072e-6,-0.030299921142712738,2.8776786261392335e-5,-0.0018818653481637376,0.003990828237674692,0.0015878282587706515,-0.0016361626459402334,-0.04660861435577748,-0.07097883928037058,-0.002741954198740352,-6.646642026817892e-5,6.998748131381673e-5,-8.937126199803973e-7,-9.714908470418674e-7,7.1199925069263814e-6,0.00020417648408517077,0.23098363038584185,-0.0008545758564931273,-0.0055095206221224945,-1.5680465917076772e-5,1.6346017363762393e-6,0.000470137187256479,3.071926299253031e-6,0.0001289408345870627,-3.95247693245714e-5,4.290198216488911e-6,0.009171294799716604,-0.011203929734789005,1.661271840714387e-6,5.891313687675584e-5,7.64444818274172e-8,0.2261219156497915,-0.01156163544198003,8.088825733098168e-5,0.007529163375754398,0.0002436246203457188,-0.018585221983375574,-0.000847756862134533,-0.0006424039676803837,-0.00022101437614377176,0.0004210472035445287,0.2847576595477064,-7.378985664316117e-5,8.365020918316648e-5,-0.05683741926912207,-0.0007115747204207237,1.3255967714866589e-6,-0.00853721654785735,-0.002686029360110636,0.00022929753900171774,-5.75134310499883e-5,-1.4228143243496762e-5,-0.0004823796985294737,0.35176245383526844,0.030108555632478006,-0.0008463625426225374,0.00542394451493128,1.49083099168626e-6,0.006487833908586255,6.869288838262067e-6,0.0549182696895406,-3.288015548896117e-5,5.468331702988313e-6,-2.9588190599033516e-5,-0.005719830948768061,0.0025090690899949334,4.019989586633926e-6,0.01998447024130276,0.00012380966212590674,0.0008556906944536546,0.00026675056293873215,5.4624667771719814e-5,0.003669784633572092,0.021026937710869054,0.0006502641195208448,-9.117506295568771e-7,-9.112671795457663e-7,-2.970244458905865e-5,-0.0020597156010302006,0.00043233239393112004,-0.00027413936814944296,1.2200828464019499e-5,-0.042457377412165445,-2.32698601777925e-5,-0.022517832287905,-0.03526595823648714,-5.692861582842853e-5,-2.444073525134533e-6,1.7658784851902886e-6,-0.0003260633023233195,-0.000947299608743161,-0.0003779711492105588,-2.2024121072049924e-6,4.615517029597848e-6,0.44463031132613867,2.904364522968542e-6,-5.823369254315218e-7,-0.0018252412944671382,3.7845328836944814e-6,-0.004713684022219018,0.000725349936700535,-0.00014767480072567008,0.0045486821086541595,-3.1398368101248958e-6,0.00010045186301347494,0.0002492017950961675,-1.1898335519342543e-6,0.0037736651341106326,0.003661051181536575,-0.00014314843335781036,0.0007771106292113699,3.397108840649998e-5,-0.03666190601041491,2.2818797249897163e-5,-0.0007831497927219315,1.4814276819126035e-6,-1.7925358228472472e-7,4.573898502720722e-6,-1.1935021985516548e-5,-6.799836212603456e-5,0.008008520365778028,-0.0013658739947015176,6.42629940229934e-5,-0.08017812203921919,5.521379113863525e-6,1.6835134532854963e-7,0.3444048945426537,-1.4832045032336034e-5,0.00042022960455784806,-0.032967588711475086,-4.120752322425007e-5,0.0008317117031765901,0.17277631981074618,-0.00010163956756069119,2.3509035556578293e-5,-0.005818247813157457,0.04622904690149576,-7.504845929350941e-6,0.0055842413514984954,6.9818306078757e-7,-0.00048633317297687705,0.0012203086718574115,-4.799318610659025e-5,1.507738478739464e-5,-4.310887398014706e-6,0.001183555735390636,0.0073570088364713305,-0.04060103494021192,0.00021983295536358785,-0.0007132306331129558,-7.13561941708549e-7,1.4899779390867904e-6,-1.3692217374934932e-5,-0.023302151167944485,-2.0242151854729918e-7,-0.09967466635182486,0.07153446579166069,0.0037256523735472846,-0.03591769848086722,-0.0009910011516588734,-0.003564645385053524,0.00031863320025407414,0.0036475267782376873,4.497819101409313e-5,1.0383457311746807e-6,0.0002900323724878005,0.0036313279339582703,-0.028803904224846515,7.819324348736872e-6,6.663856792267886e-5,7.843828676860915e-6,-0.0431116279638997,0.010699989271755802,-0.010380542913877204,-6.162297489524607e-5,-0.0004409661424072455,-0.023177849143964115,0.00037200841097030434,-0.0019089062494005782,5.756177280402599e-6,-5.839362841182677e-7,2.989967688729754e-5,-0.022683547549775272,0.1494852372160439,1.263463254589465e-7,0.003310954797954495,-8.743415708416459e-6,0.005257722374286666,-5.350520352595772e-5,0.0014645686762169638,7.046787265725215e-6,-0.0013876082797319076,-0.01981240350969215,0.015057622808893457,5.667456260524979e-5,-2.9957663000094405e-5,-0.0007056255615569921,-7.746610563376685e-5,-0.01717070141680945,0.0007322734075442724,-5.105651763436048e-7,-9.213380151149845e-5,-0.011817481468240323,0.000146686600290195,-2.3018670905836222e-5,0.0005427584627035897,0.44436034767633187,-0.008041963739782136,-0.0008269979363333895,-0.0001455591210635702,0.004992645392163056,1.2053923463003292e-6,1.1205152549162527e-5,-7.060389013716706e-5,0.0007935735665156969,0.007485164861820091,0.00030327874260887563,-0.0002617751808479456,0.00103280634420438,-0.006612551321422385,8.665173187190975e-6,-0.013949963605590535,2.75815852740375e-6,-0.0011209374364709917,-2.405269283018059e-5,-0.03713168295191953,6.873036064681085e-5,-2.5521890249885758e-5,0.00012950735397786864,2.634383296004696e-6,-0.0016039811057321726,1.5300559779150804e-5,9.07245510750707e-7,3.273504492572214e-7,0.003970257451907791,-0.0007489111566276881,-0.00467022229749272,-0.09999979831463535,-9.09200526329171e-6,-0.03462013695991483,-7.597686740899246e-5,0.0005966613987571276,-0.041512731179742364,0.3102403437313718,6.773258878764541e-6,-1.3798456278211126e-5,-0.04869062933840698,-9.619727904381956e-5,-4.279911740284759e-6,-0.00014026373731736944,-2.083625941277541e-5,2.008230899510823e-6,1.795146769284841e-6,3.9527708047319116e-5,-2.055204646582669e-5,3.591373699920704e-7,0.002176860167864658,-0.02325505675240046,1.1145187456069697e-5,0.026730743397559664,1.9767289545074844e-8,4.984567397088823e-6,-4.11403362333427e-7,-4.6785412696834033e-7,2.785474897329874e-7,-0.0011589425943493734,0.00029505385084504756,8.484634805458662e-5,0.05693642420595671,0.00022953223081263133,9.018598294690881e-5,0.0008607998445687798,7.070050168833779e-6,0.0015080996822022126,0.03778619671692938,-0.0009533198723365459,-3.642444138809149e-5,-0.016904059684643768,0.0002971522174507987,-0.00015554720704666187,1.7584252651540575e-6,7.246015656930741e-7,0.00031151969531925135,4.884874289241931e-5,-1.6524736074814686e-5,0.009020711802055952,-1.7562730464456316e-5,5.422087520595e-6,7.639351378099356e-7,-0.025446994039614614,-0.00010819878609932288,-0.002125302822460418,-1.1545212682629689e-5,-1.59862196828505e-5,-0.02155764190096622,2.8760434186810084e-6,-0.05747677938853386,-2.8716031934308834e-7,-0.0011140822780265796,-3.3831705059271755e-6,2.7852367897933343e-5,7.831730762618318e-5,2.7753187157529363e-5,-3.335912391603308e-6,-0.0011150498906180482,-0.051900552667358296,0.0007735060379633408,0.00034254874385405206,-5.447552641610246e-6,4.580299945843995e-5,0.0001223523707880793,-5.206261465565734e-5,0.00014709554656655344,-0.0012473573473353334,9.964353614921979e-7,1.5865545256594095e-5,-0.0541925514655057,0.0003752767118270663,-6.5673341969844985e-6,2.5189907857358987e-6,1.159930281699713e-6,0.00016135682211131078,3.199100400118107e-6,-4.371487223398092e-6,-2.639393282616867e-5,1.5822091818302346e-5,4.7999522250049886e-5,-0.027649155064961566,0.0006948264360142932,-4.3402562202700815e-7,-2.1262171059227185e-5,-4.724625486100144e-7,-0.053673572887207185,-3.873002483521585e-5,-5.525977934041105e-6,-0.04497474276993359,0.02597286889946481,-1.0176676307744301e-5,-4.2903519229735405e-5,0.00401054419834359,-4.1782186494990275e-5,-2.2820031890651197e-5,0.17175551546534631,0.010452214096172589,0.045736846789021325,0.0006951475197485654,0.0005256767816157271,0.0006463355039789525,2.5157155165494434e-6,-5.653086437792829e-5,6.0360497714244064e-5,0.018305990136030497,-3.693539110687403e-5,0.009760998418292395,-0.04627657034065527,1.2161224292715213e-6,-0.00151746850590591,-0.02822011524213584,-0.007355599027356786,0.0857931643606767,-1.8525454812005913e-9,0.46203055433985507,-0.003120383748688122,0.0005528178462815372,1.6703152730402546e-5,-0.010619108390623171,9.896850121183715e-6,1.1344657812314965e-5,0.00028337403229707964,-0.0003946182563784328,0.002168025851561503,-0.05285869210106922,1.9626550493676358e-6,-0.00010485945424356824,-0.021081993922971234,0.0009339326231183537,0.004347873612146634,-0.00019952613367614405,0.0002235535978673364,-0.002374024536661839,-0.010361402184386304,1.1712972670358904e-5,-0.00023489723379090476,-0.0017965202978734666,2.9513393167614482e-6,0.0056687258583491005,-0.06293258324539343,-0.0004610159532339784,0.0004122603236011922,-0.0004771617719399656,-0.014279678340895286,-6.199562505259702e-5,-0.0001254719091424889,-0.00023829825538013258,9.655309263418715e-5,-0.02018048980244107,0.0013058757148681523,1.8878082867239726e-6,-4.6507899488825844e-5,5.699600739003766e-6,0.001655746567155527,0.014277317260232904,0.012996247842319881,0.00021683169898083657,-5.9720936357351184e-5,-0.0017749805065238374,-4.227980252192432e-5,-0.05740156202161195,-6.369325794246166e-6,1.1047784438854866e-6,-1.9245596778637188e-5,-1.9364804851833004e-5,9.463291216752704e-6,5.481804907045649e-7,0.049213933059144586,-0.00155751696780971,0.005686443481170062,1.0812219204431761e-6,0.0012861662094974346,-0.05334851334591471,-0.00013693798144061225,1.5865457029027454e-6,-4.5209341109623675e-5,-6.707365349106354e-5,-3.2746041299505416e-5,-0.0035885682797656177,0.0018147454018926977,0.11058378279243007,-0.01810580741436541,-0.03769887322961335,-0.0005940963028359589,-0.009878529454288012,7.984677583026872e-7,0.002659130334402261,0.005987000677267649,-0.00046766013780046923,-0.000874801842243074,-2.2487784645552726e-7,0.00011511711488341725,4.186577884896562e-6,7.116743217547963e-5,-0.008305314740977749,2.5861577695635414e-7,-0.001100177677840712,0.0709620490586696,0.09786336007244047,-0.019812754557089172,-0.05682904231603451,9.57327483464463e-5,0.14424835071379988,2.00567186860519e-7,3.886183346319514e-7,-0.01726361085518721,-0.01615007573328945,-0.00039110793834544894,0.0012612490232609512,3.829885500713264e-5,-3.14053520928733e-6,-2.539197528385313e-7,7.394664111748888e-6,2.018357679411436e-6,-0.04770022326423513,-0.0001673984933926956,-0.0008095460791447196,-0.00031174902598564723,-0.00025589675578625306,-4.7488699869449947e-7,-0.00043324796069431825,0.00022299419379847812,0.0006613749973720296,1.73357670070919e-6,-0.025191489351445644,-0.06009296519129693,-0.019384677476258945,-3.431345388448668e-5,0.02220084469115686,0.0021873710305775336,-0.0052930969776041155,5.480618498505059e-6,1.397456700137878e-6,0.000298977824982571,-0.0004902478825389761,1.9181445156285756e-5,-8.051820098141076e-5,-5.210482020453082e-9,-9.42825716416804e-5,0.2929715308425973,-0.002070941534933935,0.00031656915870810416,-0.0051872146141718894,-0.0021768234413899867,-0.0003983466332863535,-3.5949840092226958e-6,-3.42641260534521e-5,0.03323511118941832,0.00115617127625995,-4.810391303072472e-5,0.0040152999568971726,2.054438585894907e-7,0.0062225796766625105,-0.00014573561434430164,3.967031090033274e-5,0.17326531527496425,4.108225944840426e-6,-3.638128189186867e-5,-4.0013866226461137e-5,-8.278623071750486e-7,-0.004479776806911331,-5.459146122511486e-5,0.0005330904812193682,-3.914495553923482e-5,-9.062571973782542e-5,-0.012310616737910299,-9.233842912918433e-5,0.0002217560405937518,0.005533582799977684,-0.09014790880613813,-1.103298500638901e-6,0.00950755593254533,1.3525503758692494e-5,1.4451375074451037e-5,0.03428153036486009,-0.0038846774717740023,-0.06786024667934604,-1.620861298276285e-5,-0.0020710427915803962,-0.0010696776845501635,-0.03372700241262866,0.00033903236806745554,-0.0003214145316778987,8.862322877164385e-5,-1.1470641420126533e-5,-2.7133252387129997e-5,-0.0011927253291596827,-0.007909166578289974,0.11113426783855426,-0.030205352468059072,-5.827132960041463e-5,0.00042600552231481664,-0.07347007904462248,-5.311087004190566e-7,-4.242888981243403e-5,0.00018571326251085323,2.6219341179989265e-6,-0.011300953266076727,0.00021448574700332144,3.23053636245096e-5,7.339531638166765e-5,0.003862130596135841,0.0001819011502163762,3.791232570533209e-6,0.0005104545901385466,0.027646566268154812,3.9446338881974736e-5,0.00141583818442976,0.0037639105102784927,-0.0003467670066664259,-0.00010287503704093413,-0.0013161458138722351,-0.001780192184768109,0.0003508282829544171,-1.1516413795802715e-5,-1.2022770561441915e-5,-1.2555473731256511e-5,-0.0007418789799465261,0.0006914749627663086,7.810437472543246e-6,8.872073232250676e-6,0.24545482698724802,-0.06370723965151785,1.6316756456198222e-5,2.682413781412511e-7,1.775085128751697e-6,-0.0005586553986079611,1.5781396361619233e-5,-0.0018126889229736843,0.0001009914371314915,-0.00015246642993523585,7.836200353488223e-6,-0.014274106357381437,-7.491626728787788e-5,-1.5782945336956817e-6,0.002296784740837495,-0.00012015408328055742,-0.03396117546529469,-8.05360545586591e-6,-1.8317688418788538e-6,-2.0624336100351256e-5,2.3859766127979294e-5,0.00037054546609022014,0.003916506603699475,0.002021915950991782,1.5294935092792405e-6,-0.0373510751991009,0.002058422652684368,0.0010546747703036785,7.052853608299197e-6,0.00635997824368941,-6.154608233798621e-5,0.003620012607902161,0.018087351285305406,0.230212627899124,0.00016698578657920333,0.05725577094604119,-2.488249084970924e-7,-3.872022969055346e-5,0.25089250654022405,0.0007604365400039304,-0.0005308571220785259,-1.983712693576649e-5,-0.00024218041123160429,-7.446764706677576e-6,-3.1045283296976676e-5,-1.9038415504472972e-7,6.59121837196289e-5,0.009398175553850082,-0.09584607472080237,0.4643845022933167,4.101083702620095e-6,0.0029736382633928173,0.00044205303082337427,-0.009709428204823749,9.437893386946858e-5,0.0005605184630038527,-0.049225627142652925,-0.02040306614628876,0.0007028021422314705,0.0011737176352761142,-2.0658459802594258e-5,2.5605215206465725e-5,-5.6050371778491985e-5,0.0020884463851494183,0.007907805843613027,0.002401456721266137,-0.062911502905923,-0.00010546879251186921,-0.04482729760084813,0.0005911249305884815,0.0026472706606574113,-8.196949053999136e-7,0.0001244475690140505,-0.00025303679736238293,-0.00024236131987253972,-0.001913431525219455,0.0003535386362407733,0.0003610633872975225,0.00010739413663021172,5.811052351867941e-6,0.006360221534074758,-1.338894970872829e-6
0.0,0.0,0.0,0.0,0.0,0.0,0.0,0.0,0.0,0.0,0.0,0.0,0.0,0.0,0.0,0.0,0.0,0.0,0.0,0.0,0.0,0.0,0.0,0.0,0.0,0.0,0.0,0.0,0.0,0.0,0.0,0.0,0.0,0.0,0.0,0.0,0.0,0.0,0.0,0.0,0.0,0.0,0.0,0.0,0.5696653413754282,-7.918206176092686e-8,2.7169052734387984e-6,-0.004774484981444075,5.510447826358056e-6,-1.6586760030361552e-6,0.00018795366345301804,0.00830099362695847,0.001903461436547037,-0.006606692921258796,0.00020786832146785163,-0.0015092719420150232,-4.940238214741376e-7,0.018575983882102947,3.097764471325767e-5,0.0016065983801428132,0.000550536718905827,-0.0021044618645553624,4.55817111288368e-6,-7.803489164532254e-6,-0.012606521847348475,3.6793750956829194e-8,-0.05623094454842386,0.0003344709947395744,-1.6786579304742084e-7,9.101163931072107e-5,0.0003270118086562652,-0.009509570776841737,-0.0002879721820174942,-5.404428834653327e-7,0.010861774856751195,-1.096619214342545e-5,-0.019510491747779145,0.00891828039394486,-0.00020617439089440996,2.5858560979588987e-8,-0.02401849212266211,-0.03260874929478481,-0.002366368467083077,-0.00034233734023231553,0.15512543021292913,-0.04320204128448831,-4.0345058916455224e-7,-3.869987208226705e-5,0.001773278282018164,2.2840045223607055e-7,2.1490655055985258e-6,-0.0014607431881243278,0.2270786296001747,1.4328593810510564e-6,0.0003160509068133971,0.013196127140274889,-1.8944455226197875e-6,5.853560926727187e-7,-0.055197172646155486,0.0006411374332155905,-0.010110353091021443,0.003009249857170872,-8.275898210382984e-8,5.691084001702349e-5,0.12745902680764407,-0.027177501421361556,0.007626277783966934,0.0015294394634023638,-0.0034758207107137245,-0.00017499011996775438,1.9395199134401416e-6,-1.2932824700139014e-7,7.077731251623887e-6,0.15722578727164346,5.4102989809355475e-5,0.004848933788007553,2.0456641682356786e-8,0.00030493919798403374,-0.001113317981255761,-0.0007964049394638889,-0.003474420147991673,1.9323991010664272e-8,0.002456282082596156,0.001967869868235107,2.3914273859623426e-7,-8.425354013257175e-6,-0.00039914842228297345,-0.008587021294783628,5.459566280485202e-5,-0.10472720798127107,7.843021444255335e-5,1.0324041525481284e-6,-0.0024862228132933807,0.01897784602313141,-8.128492898440545e-8,-0.001447211172414092,-4.905229685793201e-7,-7.430342594020933e-5,-0.00107510948445663,-0.05061234509834915,6.8388110337222465e-6,6.664959181479661e-6,-0.0114971130600335,-4.811747520663097e-6,-0.03663563625045878,-0.0007281967028371364,-0.029434444872335652,0.0023297830655630044,0.00015495939402517417,-0.027594534846153283,0.0004238067048443538,-3.627388215970093e-7,-9.685414034337471e-6,-3.307664596805826e-5,0.2664244651131071,0.03281830414164319,0.00014159346432982337,-0.004373422622622777,-0.018368277180508975,-0.0019391135839631664,9.307588612428124e-7,-5.991403361439201e-6,1.3847063608458521e-9,-2.563303663725233e-7,0.36280581458561495,0.009693674249004454,-2.453153525987456e-7,7.063390324654063e-5,0.0021373430282028687,0.00010065401954225177,-1.2994389423216313e-6,0.0002084360011668477,0.008376274674973202,0.0034482751446221335,0.001625025349231225,3.0560180508269313e-6,-0.023658740162809604,-7.134346796625317e-9,-3.243317610940735e-7,0.00040652661098655144,-0.0014207687971094186,-6.738445337502848e-5,5.840734342699896e-6,-0.023958555413365917,0.0022843926752716755,-0.011675137330415863,1.5098709375143216e-5,-0.008285565763312047,3.1504803137465314e-6,-0.04937437740796529,-0.0011868546505952198,2.70560458785886e-6,-0.0472074566986603,-0.0004685316565222054,5.01669863796167e-6,0.0002013024001827126,-0.018423855620195752,-4.723729284907919e-6,-7.941601752227875e-7,0.05836248269383445,0.00585608470881369,-4.1489647411907005e-6,-0.0006633154735374947,0.011472633908598219,0.015778580954503327,-0.013395811307234972,-4.3631864990322224e-5,-4.041673476862359e-6,-2.530108706080759e-7,0.002781874687631333,-0.0333689124545594,-1.1305064302900516e-7,-0.0013376527902301618,0.00178038810229471,0.1442388019531508,-2.66179899821344e-7,0.014672862571539862,-4.4377859961301915e-7,-7.812342323730315e-6,-0.007845182114258263,-0.0008008224479535385,-0.007636420347415846,0.00019495337568179323,-2.446040270395078e-6,9.079985948704036e-5,7.163455281675228e-5,-3.220858474159112e-8,-6.817981971801711e-6,0.30957844695421594,7.029139962618048e-6,0.00040702839186435523,-0.0034685963996013225,0.003170929078080727,-0.000711523974383823,-0.007875204142026469,0.0064617204134271265,-1.936738366625255e-8,4.279687652627838e-8,-0.004477769845396838,0.03593402155399937,6.428322303733482e-6,0.0027131081644723946,3.446547254912056e-7,0.0030698793764497817,3.253909712669146e-8,-0.00013266744723356103,3.235817089005149e-6,0.0002363066038073531,0.0002256433019517441,0.1060120121110983,1.957508280842894e-6,-5.146228287313533e-5,-3.4061906097158505e-8,0.021595888715053066,-1.5180207483240104e-7,-0.0031627402729113136,1.9963122546492636e-5,-1.2479230229939294e-6,-0.014811228773208849,0.47657636609960974,4.456529513715933e-6,0.0005616221935138925,-0.030763054814151227,-0.002299534157588942,-7.472896619991242e-5,-4.14954072227844e-8,0.0005693694499008203,0.006758520976481268,-0.009315251634823763,-0.0021332745733180784,2.3990403515839337e-6,-5.649065907111055e-7,-0.0012421269857040543,0.0013209826412400347,9.793149614186687e-5,0.002267523358046379,-2.0276185372959947e-7,-0.011797528905277039,0.0032382214719818784,0.006532158780442354,-0.01373855733548804,-0.0005988187172589112,-0.0010973461646967228,-2.577523063897125e-7,0.0001251177423297565,0.019887845638052546,-0.0019338666118861023,-1.2116928121230034e-5,0.0017566787202364998,7.081184389589215e-6,0.4124151038465981,2.826990542227898e-8,-0.041255601157280906,-0.0005574036792830581,-5.82183815748732e-6,-0.003773736503198898,-0.00023248874579600494,-7.350971831548784e-7,-2.1394695356227134e-6,-0.00015785978943754563,2.1631207572722942e-8,6.986631094402224e-7,-0.03091105821170461,-0.00030543324457050315,-0.0006967448629580969,7.815517287978598e-5,-3.256520127877671e-5,-0.0029052985424133843,-0.0064978573891812585,-0.006074989812797063,1.9453243788821267e-6,7.635833379078528e-5,-2.592270571279666e-7,7.108842552240632e-6,-7.10684580021317e-8,-0.033135417545359876,-0.00043921501747431953,0.01585499316745402,-0.00737849938081816,-2.141709241029438e-7,-0.0008940896715197204,-0.0030882772909230365,3.1401451065805404e-6,-0.06871412387210402,6.477213767851887e-6,0.0010882821725993184,-0.029153060596214697,-1.4435137698970876e-6,0.0002473275905602492,8.967941682014934e-10,-0.003406127372845768,-8.420723746725383e-5,0.004376471296092806,0.00020625523220459564,-1.843486776294969e-5,2.7703080303137364e-6,-0.004244421390782256,-0.001449399464427396,-1.8546610490223964e-5,0.0006093756597571292,-0.010494209495518,-0.004509936216107199,0.0013222732128307854,-3.9665308310412635e-7,0.016397830664043347,0.09529134793159771,2.9245947187960918e-8,-1.4088967368054162e-5,0.20974741831270932,0.0008418277628939403,-5.824699491753715e-6,-0.0341595314075815,-0.03435087734720262,0.007588225517531162,0.2769079853147688,-0.001102299352970731,7.269896222251434e-5,0.02075374526294536,-0.021827705389583573,-0.0030186027306523906,5.327468089568652e-5,-0.02805122859873134,-0.002078394176083564,1.812141291388072e-6,-1.1572030048770193e-5,-1.7833757686086062e-6,4.642923304950793e-6,0.010467494938226397,-0.038613072895640504,0.0001628134524078996,9.292898516633314e-5,0.0006246505643815142,3.512384941206641e-6,0.00021781984720545814,0.0019503609808606262,-0.00971744928063894,-0.0030197890744372152,-0.04829084535303041,7.52044797469378e-5,-0.007514678889200381,-1.3937819989314044e-7,0.0004477169077489645,-2.0073757957663348e-5,-0.011116779248596172,-8.680795674422454e-6,-0.05301578239747897,0.0012712398237366262,-1.514363188901457e-7,-0.005088561552782528,-0.0335622346924319,0.3700540312952386,-9.509158602011747e-5,-0.0006722097108931947,-1.4248610326839985e-8,-1.5672822490363372e-7,0.00248879810037925,1.0529897688861767e-6,2.3355500954238007e-8,-0.076429629298597,0.009656824635977916,0.00043361224818151537,-1.3991993584384064e-7,-0.009524011166818122,2.7356616101029833e-8,-0.00014276728383823582,-1.7108889845415922e-5,-0.0016297271235339828,-3.26393571134688e-7,0.0014547337740544804,6.859152584110792e-5,0.0002053306094915373,-0.00027324637574885406,-5.174787262449936e-5,-0.000162278823476951,4.295916241145702e-6,0.14399063703929657,-0.07685289116376247,-0.0011611383534268524,0.003607503238626407,-9.070045109037993e-6,0.009189078997939387,-1.0455009428149032e-7,0.20222660122354952,-0.0002461575742465057,-0.0021888366930954287,0.0013355885746165995,0.00016234265728907747,-0.0388887548662875,4.215067365480138e-6,0.00010946838207847155,0.0009850198218115446,0.0034928179491056045,-3.642945608885509e-7,6.605880071285948e-5,-7.823967662049666e-6,-4.6832667714261336e-8,0.0004511093199207338,-1.208390078365387e-8,0.0001628310786582119,1.9848779641822946e-6,-0.023774489328834438,-0.0007956007911129437,-0.0007490546420530043,0.005445535161599961,4.0057797695135484e-5,-0.0008066660555998431,-6.817156476246719e-5,-9.547483915407507e-6,0.003382675391535176,-0.00022945236123497794,0.012901750501511572,-2.483472011914694e-7,-2.246633591903838e-9,-4.967404782044073e-6,-0.0017585440885224523,0.05305386043225041,2.178262764295785e-5,0.0038141430972468203,-5.533805116089193e-7,-0.0025434746058855366,0.006235031764872849,-0.01868382599240268,-5.284801454601423e-6,0.00022658176772474026,6.713638624004372e-8,-0.0029306314544409054,-1.13315013130187e-6,0.002913402523899379,0.0001081435649308799,0.0009637753113519596,-5.515717566356977e-7,0.0003747750617050317,-0.00023054844500850023,0.004831877109486294,-0.04347182917232769,-4.1103251074637975e-7,-0.0004580142359544449,-9.83640223001036e-6,0.0014595113359046768,0.011481110632283421,-2.197760353160079e-5,-0.0014349827331057146,0.010698053785906134,1.6454295638252025e-9,0.0008006764370164104,0.007549368337319573,-0.0034140590212037862,2.710189433872371e-7,3.6202087035460616e-5,0.0037595777020066057,-0.009646310680928338,-0.0018777469559150895,0.004478630877541453,0.019697140579282662,0.18127448047794179,-4.22892812273804e-6,-3.395766721778951e-6,0.0004299083419657309,-0.023188934981510752,-2.1054033173188163e-8,0.006999530793457617,-0.008722624240176002,0.0042797160491015685,-0.0007534424803942267,-0.04847709624538167,3.7565893536638544e-6,-0.00026888320230474704,-3.378465319745974e-5,-0.00028266791003084035,0.00025875668217318167,-0.0006663991831046078,-0.04406215695614243,-2.2743561606659627e-6,-1.9942916706251035e-7,-0.031538422951914655,0.0009641915299710434,-1.9457502041528432e-7,-1.840788748053876e-7,5.699917049290922e-6,-8.550068970682079e-6,-0.0002759534893806354,0.00041646110559383074,-0.08418031718486832,2.8837615411852434e-5,-0.018874834865852265,-3.138476813777245e-5,5.252284761672498e-6,8.90295488175116e-7,-1.4988096622253577e-5,-0.01390381555051759,-1.3034441018812167e-7,6.9629461566656e-6,-0.020258302318777368,0.00010027436696443185,-0.0050660382894810235,0.001484836438825336,5.670769572511121e-6,-3.956310591106739e-5,6.131679078857563e-6,-0.018719041458380936,-7.118611205979666e-8,-0.00816888636821481,-0.013939892627496751,5.263620651598589e-7,-0.0062592129746640275,-1.7526313975207868e-5,-5.284852164314437e-8,-6.185983809380902e-6,7.071613978082482e-5,-9.612956103653769e-6,0.00022545179400733419,0.010423209013501265,-9.281958930953371e-7,8.256184282926226e-7,6.970562393277427e-5,2.5437844207263108e-6,-0.0024399506768156684,0.004461664710294176,-5.934925026731261e-10,0.015003187837429568,-0.0027582683127231793,-1.26349471676233e-7,0.00018001713607041381,0.021173912706940454,4.5437155253035754e-5,0.0002547559165426812,0.00034323327530549045,0.1312700408110567,-0.00016942654139833396,2.213849438428185e-6,0.0007288857090853665,-0.002584283970803788,9.274565777942533e-7,-0.0002882890663889877,0.0001260605409138628,0.4198066845304078,0.01141779120069223,-0.012619670667749163,-0.00018575063462199971,4.424916348710602e-7,0.0001837593883934503,0.10115309117218822,0.11753427777160749,-1.1909161781638003e-5,2.4337952560191388e-6,5.53370416850326e-6,-1.1478563172867904e-5,0.004193405500565419,-3.644066755512134e-8,2.0033399659975673e-8,-0.0001191357189145523,-6.055449203051373e-8,4.770852268505477e-7,-0.001132025194195996,-0.001518265422759697,5.435674700372931e-5,-0.0006307052954817843,0.001151840271373677,0.015044410047796409,3.54719331457143e-8,3.4393341085101956e-5,0.0017863986160346484,0.009351633722296526,0.010063827368586376,0.13955383641297694,-3.988541462574105e-7,4.162576916279517e-8,-8.248039330731366e-6,0.0007083219874084126,5.97803012798904e-5,0.002523111174205738,5.032959685608398e-6,-4.652271842347969e-6,-0.024646128056235676,-0.014889168992503216,4.782461242502524e-5,-0.007621864189012989,-0.0024054079717055503,-7.689912536933361e-7,6.110434211238434e-5,0.00019820888425990495,-0.011792016697370332,-0.008938980547490302,-0.003977489829448473,0.00016075618517125283,-5.0288019697477445e-6,5.252107286368312e-7,0.0003735244174420656,-2.4361897513253378e-8,0.003631984226974574,6.758023241458839e-6,-0.03435025522849149,6.726750915414503e-6,1.1135781863660772e-8,-0.002710432489339433,0.0019226488402198936,-0.018840166481593597,-0.06860474894854221,-0.049984963599475664,0.03769940521921599,1.705125639024116e-6,0.0043869686520025784,0.012289033611685166,-0.0010839906705409073,0.43864648697554465,0.002929419875220712,-0.0012864845458296452,-0.004003381561411974,1.46973562938294e-5,0.07631001233315546,8.947877093073936e-7,0.0005911080348535555,0.0009865345395479082,-1.0720110473940006e-7,0.012074116796022938,0.00010976537333347556,-0.011030207539502554,-2.631536290054024e-8,-4.2500420857832474e-7,0.0014560943128621385,-0.0003111520456793636,3.0134294058221908e-5,1.2041603337585894e-6,-3.326931811356664e-7,1.4841713854114523e-5,-0.00042101461931263963,-0.0009112681130751197,-0.0024978390791113897,-0.002671066123276163,-4.2190838034008023e-7,0.01749225315703902,5.217068835988849e-5,-0.00013259330887816233,-0.0023963556766939433,-0.013579340001920822,9.384415267537619e-7,0.00047076283588160704,0.09640150572757701,-0.038614156249202655,3.8963555239818766e-6,0.005620257973440089,-0.005148099285354368,-9.530596526783694e-6,-0.0020215193435293203,-0.0020954564276761418,-0.0010576754401903973,4.024849193958367e-8,0.018330022601835885,-0.0016451581716562112,5.654806605266395e-5,-0.0019121132656755315,0.07418155167593986,0.0017519180659170553,-4.831816308522398e-5,-7.14941596262064e-7,-1.813151587883184e-7,0.2382984145073011,-0.005991643591384321,-0.003022201713280169,1.731754870574758e-5,-3.0104187693938117e-6,0.015281548942630887,-3.0495751644486847e-7,-5.3440737100935407e-5,6.448967598527479e-7,6.434540468552919e-6,-0.0017382942700836005,-1.2007761110686722e-5,-0.009140818834161634,0.15131849279578932,-0.015022117613352629,-1.4392724376942982e-8,0.006352690707661694,0.0072542482431632565,-0.03747149472208402,0.0007357058202280766,6.885066807743027e-5,-0.0010808590323279146,-0.003398214916422259,-3.3913008211196306e-7,1.4786753224512216e-8,-1.0455409229513178e-7,-0.014951588996932984,-4.547690629118305e-7,-0.026162677924757016,-0.0026284940317538932,-0.01584331973112265,0.00023510130695475253,-0.004822712296208152,0.0049634242499809545,1.148559454922289e-8,-0.005212625328328777,-0.014077863474422775,-0.007661229520732071,0.0033452439349086305,-0.00036785219308406344,-0.00030158454445066503,-4.5392189237752217e-7,0.19795547755891507,2.120722992974371e-6,-0.020961040161337995,0.0004478222128149559,0.00032132342617084605,-2.382012933965183e-5,0.03509719115637912,-3.1324056068741754e-8,-0.01711821500878684,-0.0009397095729332813,-1.8818525109788448e-5,0.0008823921147339587,-0.001005237345197952,-0.024681285714213436,-0.0014633358181514477,-0.00011973941451361323,3.5994275188472056e-6,-0.0016860438485930586,0.2433517213019345,-3.3755216465096475e-6,0.001038461516748216,3.7278775985353144e-6,0.00217524876082218,0.012936068506026466,0.0002822982994355147,-3.7527648290157617e-6,0.00014093987329281504,-0.0007913944831827387,-0.0009767938605822486,0.0003034538746862057,-3.055754146787516e-5,-1.458446585622484e-6,-0.04013892999837208,-0.0008863841841553212,-1.677018727276076e-6,-0.003091420658355613,0.0032992944812067376,0.4009477644159657,0.1888903321875288,6.773802613846149e-7,-2.6851217387007215e-7,-0.013790794703879629,0.04962620485274105,-0.0012066743736591436,-1.7230856046149788e-5,0.0018887003575232069,-0.011115333374464487,0.001915875478729952,2.045494567674035e-5,4.106264741522377e-5,0.002602284360009476,0.0005154947873073387,-0.006877068378258842,-0.010151951355043046,-0.01584919638363952,-0.05614915802257053,-1.0245404213101209e-6,-3.655490285976339e-7,0.00029297437419260907,-0.01205313566880231,-9.077521376432322e-9
0.0,0.0,0.0,0.0,0.0,0.0,0.0,0.0,0.0,0.0,0.0,0.0,0.0,0.0,0.0,0.0,0.0,0.0,0.0,0.0,0.0,0.0,0.0,0.0,0.0,0.0,0.0,0.0,0.0,0.0,0.0,0.0,0.0,0.0,0.0,0.0,0.0,0.0,0.0,0.0,0.0,0.0,0.0,0.0,0.0,0.5636251257960587,0.01016275081419617,3.335310320458469e-8,-0.016526444833369312,-0.0017630779747435375,4.942968521570443e-5,7.458420986113735e-10,-4.386959744807236e-10,2.61438024305933e-6,2.60547755805359e-11,4.59734274562408e-5,0.02609248311893764,-1.3824333116137973e-6,-7.01683623770941e-5,-2.1626874779252487e-6,1.5050877327598614e-10,-2.9744016623530467e-9,-0.017384084147743496,-5.539091960099732e-6,4.2773691510806795e-12,-0.012771096688820769,-1.3826552418428752e-8,1.261945355715754e-10,-0.0392249821137437,-9.914168985208615e-5,-5.589617830364231e-11,-8.000457365157487e-8,-3.1525844811764724e-11,0.15313959316819065,1.2335488140592969e-9,-7.856423985020296e-5,-5.5765105323056425e-11,-3.6473740487619924e-6,-2.0424551039273184e-5,0.008485822099348839,-1.2290720688998106e-9,-1.5952859164243428e-7,1.991562505748466e-5,5.287330158781291e-5,-5.933782191128018e-9,3.179163186390391e-7,0.002269203462034291,0.0012781996319962494,3.621230982818135e-9,0.006677023635667201,0.003062113429369394,2.9735537166144606e-9,-2.2663056949403865e-7,5.135948757726103e-5,-0.00011169197886360661,2.2760211413310696e-7,-0.0012296850928244264,-0.03760374127952564,-5.787009372365281e-9,1.37155660706387e-10,3.0874584132627893e-9,2.4475094645945543e-10,0.0009108158517087548,1.1264971697428041e-10,4.0562276566240173e-8,2.0522969045164591e-7,-2.0893875692976846e-6,1.2869956797427185e-10,-6.771173459304196e-10,-7.635291555344582e-6,-8.177760682377154e-5,-0.08120672333151896,-0.005846550364001207,-6.422999467069611e-9,8.026624039432091e-5,-2.0364930306429465e-6,0.0028785887911352984,-3.109198342665844e-11,-1.3799194759144665e-9,1.4397390962447684e-5,7.296753440060217e-9,0.010585857389099012,-2.0478553157853856e-6,1.930213302067674e-10,0.017489606064442942,-2.8700945314052574e-5,6.906367190851483e-5,2.5650124406185624e-7,2.00153350987012e-5,-1.2877732157830273e-8,1.3123816529524181e-11,0.0024998210037411274,1.5912135302230048e-5,1.7670541558058026e-9,-0.05852987708945666,1.867684678874645e-5,0.0004922972389083142,7.538116169532708e-5,1.886785814346595e-6,6.432857544363797e-8,-0.00023708254744852375,0.0007098576306362218,2.8032106454915977e-9,-0.00030637208720320225,1.9874282455160876e-7,7.003497644031848e-6,-3.846027027710007e-8,3.365733163314171e-10,1.7535285351787437e-10,-1.1875338534546008e-9,1.1878085430105544e-5,0.09295906267068556,-0.0002344137488614401,0.000894339365682394,-7.675674152931152e-9,-3.32124889256685e-7,1.316179369126989e-5,2.62590332853841e-7,-1.3967624231007404e-8,-2.0276899275547734e-9,-0.00996368133728053,-1.774491687419346e-11,-0.05237434791440461,0.3853648084187226,1.618615128698225e-8,-2.723100470579572e-6,0.0008550199885364092,-3.349006149094914e-5,3.1128273004293796e-10,4.571960832842447e-11,-0.0016242196150612117,1.0357005952215992e-10,-1.479952329105428e-8,-8.447267317327282e-11,6.909755648630191e-10,-0.0003023484746323882,-3.0973402390992974e-7,0.09299461713360957,0.003150041505756234,1.5308608188069242e-10,1.5045220550180528e-5,6.320213055604962e-5,-0.0053379396257263,3.770936405861048e-7,6.7238486441697995e-9,1.1064425391761248e-6,5.0651919767521437e-5,-1.1875372387403679e-8,-0.00264453487691167,-1.370233677162157e-8,6.429995178227513e-6,-0.0246315786626779,-5.5321728542375785e-9,1.7090626438088557e-5,0.005465596452668303,3.897712110483205e-12,-1.0905597415856426e-7,3.1525983373098115e-6,0.002136903275111403,-2.2530968652466627e-10,6.62547136543874e-10,-0.00015664179121369393,-2.8295066243783743e-6,-2.1284459526534335e-6,1.0699269647419316e-7,-9.498706250642962e-8,3.38345978115562e-11,-4.7354112436162066e-5,0.008637335154019241,-1.0680374097179484e-6,-2.2314664328222898e-9,0.2839224626739332,-8.070918952725616e-10,7.016335400197072e-7,-3.467999115419457e-8,0.01962875337943033,-1.1390538591760842e-6,0.016940397165567243,-0.00010254785515751584,4.180656418878276e-9,-4.1462843907135077e-10,1.2210761119348156e-7,-4.309137432257182e-5,-0.0002914212437460305,3.750618245863787e-12,1.4791137374027318e-12,0.005081716594863807,-7.123319189659825e-5,2.0255568091739688e-8,-0.009924256343361415,3.2292841009421074e-10,-2.5634440278164985e-7,9.948293703502732e-10,4.240877906706944e-5,-5.429013736697057e-7,4.953416042144289e-11,0.35445146669752364,-0.009875589766412486,-1.5421495211607526e-9,1.1526212429337418e-8,-0.00139225689476205,1.846943822789345e-10,0.005659272299941918,-2.0479967145603825e-6,-0.030515081969873924,-1.6807004465352823e-11,0.0007431381311478951,4.327128687307892e-11,-0.00011859737938128634,2.8955289254008667e-8,-0.028895439027102444,0.0005326071450317351,-0.023300706058210448,-2.6273356489234885e-9,-0.001986223081588721,1.5049014576786519e-10,-3.993370977682117e-5,1.3252962248723428e-5,7.389947675763523e-9,-7.90995805696474e-8,-0.011406698105396471,-4.409020828372575e-6,4.935595519845037e-7,-2.450095240205689e-7,-1.440860838249769e-11,-0.08408434327601552,9.677280553640516e-11,5.945555251094126e-10,1.3387826743984432e-10,4.77589260894615e-6,0.0010916826221863266,0.04771610051815598,4.534190166246716e-6,2.0697509223369204e-10,3.134075609198215e-11,-2.2971558272791293e-6,-0.0003201984279900188,-1.520967776693006e-8,-8.925992212730854e-7,9.452017681822206e-10,1.7876754792107578e-7,9.380548390447593e-6,-1.763558530635784e-9,-0.03345557939098069,1.9296437826136e-5,-1.7955989794295194e-7,-4.3387879753790744e-10,-0.0001292734990563138,2.7061834699800727e-10,-0.00034914211972462104,-4.775443653808238e-9,0.007045330249487103,-1.979727772833848e-9,-4.003523209735785e-10,-0.0003104711824272448,7.730081577783765e-7,7.58450472692761e-5,-0.001802380055903215,0.00020356413985598242,-2.821481628573161e-11,-0.009723043678726295,0.0035174402530637754,1.52345976077345e-8,-2.800829856167176e-11,6.4084930698167675e-6,-5.129859997729705e-5,0.0004369184466898009,3.3234912577090445e-6,-2.7399335954294073e-8,-9.159350233518096e-8,-0.0012329376804479089,4.9041938263123907e-5,0.005523013417579508,2.3321179861961718e-11,0.0029701654186049934,3.3355259657505153e-7,4.067623704247833e-5,1.8168285650369017e-9,4.705019697369186e-9,0.10776607821569176,1.2534678370620259e-5,2.621517563470801e-7,4.8549881967531884e-5,-6.847090773490571e-9,-0.008320143289039336,-1.8981338330104243e-6,-2.2408677165454183e-8,-6.682647217781094e-5,1.7298202491576203e-10,-0.0805334766430128,-2.4908971890477814e-10,7.895219941001977e-5,-1.9883438667068526e-6,3.4365870210129855e-11,0.0002598999632062136,-0.002476460115362343,7.536721580781396e-7,-3.3144444829680432e-9,0.0017530709094969554,2.683701569845113e-10,-3.568137065870531e-8,-8.560734373350522e-7,2.698914409652215e-7,0.012661717319089813,1.5562664688319697e-9,-3.2272562312262997e-7,0.004908774229835248,7.377087781118657e-5,5.399372426884824e-10,6.848116839596098e-11,-9.1121966878446e-6,1.4810293190177862e-7,-5.412149047510105e-9,6.289761781038613e-10,-1.1742102947741983e-7,6.936038735222775e-6,5.398955397066236e-6,9.159864919169526e-8,-1.0620201109143737e-8,1.3132383270205172e-5,-3.3372945264196863e-10,-8.392578762659642e-10,-2.3246475865070533e-9,-0.0004035632076760937,-0.0001294587312406782,0.0001474514327881819,-0.02107593743141232,1.4397431164436762e-8,5.3428895449986496e-8,2.117865724002493e-10,-3.5208075575794608e-6,1.393347632386403e-10,-0.00015425607166436915,4.6108811910866265e-10,-1.3437032356152967e-6,6.466652166532914e-9,-1.7232558266542576e-9,-1.1297414783315181e-8,5.442237355267993e-11,-4.27237165285703e-8,-0.021446949006524805,8.705530432123277e-11,7.000366500250636e-12,1.722279587574981e-7,-5.986133903380153e-5,2.928391915005498e-7,-1.676611114296523e-6,-0.010165822735206189,-8.361699737146486e-7,-5.841858136679289e-8,4.043711866443591e-9,2.950596471663888e-5,5.9418352136660095e-6,0.004382687474720511,0.005040184061807159,-1.910370221694694e-6,0.016132494072687426,-0.00590697565634823,-1.0592198616523745e-8,9.57179421148446e-10,1.4617043621992896e-10,0.507554851068149,-2.32064862933426e-9,0.0003396588623336068,-1.4701044257859927e-11,6.336053025571368e-5,1.2068033358670297e-6,0.06093413904556084,-4.4691468800135243e-7,2.2148769920251294e-11,1.4595372554400843e-10,-2.8208113982916215e-11,-1.4873904322459166e-11,-1.5954036782515636e-11,0.003260162183431295,6.180530658822057e-10,-1.0374462679240853e-8,9.366883304634605e-6,4.923268630794319e-9,1.3670653001689966e-9,4.268684820059332e-8,0.08386169335698614,-1.3686949202674895e-7,2.133226020686496e-6,2.1098055659776003e-5,-2.9372037330601864e-10,-0.0001534539678594251,-4.7357830355207655e-9,0.0029231326971960697,2.569329534894976e-11,1.3472642196471017e-10,7.368266516179636e-9,0.0011403536188131745,6.659217988200745e-10,-1.910958237334984e-5,-0.02989200109893975,1.6162467298078946e-10,-0.039528185852971874,-2.685576887154662e-5,-0.02630535112877812,-5.47375535047134e-8,-7.51774647069267e-10,-2.2416849965331671e-10,-7.208395737077881e-7,7.759887494140276e-11,6.460587817082667e-5,-4.1419794385944954e-12,-6.055112461743193e-5,3.0538814005949394e-10,1.462611094027393e-9,2.300735849145849e-9,0.10949397422528728,-0.039599061156381385,2.5843754226140316e-5,4.41894809985147e-6,4.582220836663518e-9,5.507974429044352e-5,4.238404242084769e-10,0.11586817141594463,6.317147442538425e-10,8.836252528452627e-10,-1.8059016159153285e-9,-6.580671723191373e-5,8.112184497595099e-11,0.003913042899799178,4.8593725148258694e-6,0.00047631224469491093,3.4145993544158246e-10,4.1303181186007364e-11,5.205270016349526e-11,0.008231670188118935,-2.227495186617407e-11,-7.042590724463509e-11,2.7291903148075085e-10,-4.385537573451647e-9,0.02037082641962973,2.583515836064944e-5,0.0007920668271316244,2.8995135567451466e-10,1.0307142674131776e-9,-7.48252157381816e-12,3.0691753093596505e-5,7.029496707700361e-10,-0.024328084828237714,9.345169891777316e-7,-2.4168441479913776e-6,-6.705715709418876e-10,0.0008539291441791013,-7.610602159581748e-5,-1.7373492582084924e-10,1.7707809648057284e-10,1.2243628191863582e-5,-3.612359451017049e-6,-1.136146390372282e-6,1.2974660781436027e-8,0.000124117439995956,-0.000942450556666546,8.746202964090503e-11,-5.691657127128713e-10,0.00978921443476513,2.9476850424934354e-7,-1.3231652942688012e-10,1.7122385927008002e-7,3.095817069057433e-5,3.587967537905011e-7,0.0016932156809941936,4.3499562183624094e-5,3.3949501807871545e-5,3.5675248914076498e-6,5.101898841182296e-11,1.3746494955301673e-6,1.0809710633061655e-7,-0.0015850202093008045,-0.04907125389989011,-1.0711231250434606e-7,3.2897416190150503e-10,0.3104544630598123,-0.0008342221021396809,-0.007192294855920558,-0.0002482687571426287,6.346456888575286e-5,-3.5639446040385086e-11,-9.391351523841508e-9,4.583593194438996e-5,2.0534108639130678e-7,0.00023203584883224767,-0.019419359441452892,-0.0034272715846364447,-0.00010686641770317542,3.7427695385713725e-8,-0.06257792695940705,-0.007931068955867286,1.1382858051913244e-7,-2.495610490962651e-11,1.5568653462493997e-7,-8.271451078775961e-7,-0.0010484869979089273,2.845769818836912e-5,-0.0003635303233823921,3.1033806214693785e-7,0.010756612758131733,8.33741378610669e-9,6.560097870426402e-9,0.001995045870123861,-8.04772424096368e-7,0.0014561084592595041,0.016462909697452555,-4.3811751974242977e-5,1.2112868058085704e-10,0.00020997504102655446,3.4721213374682737e-7,-1.9373855286364602e-7,-0.0009355757504336667,-0.007117895792944855,-0.00011653651448881904,-0.01323885767198521,-1.1419241313576751e-6,3.699180758679509e-10,-0.05647356075436761,1.6147440331894125e-9,-6.528421305237695e-10,0.0037011900604810863,4.193167982950318e-11,-5.250300327459863e-7,-7.213406910841486e-6,-8.322179631051314e-5,5.104717625821483e-11,-9.04492482884259e-9,-1.2608669431055934e-6,-0.013263145952729693,2.0579438458753232e-10,-1.4151761345372743e-9,-0.022936205940568586,-2.386312094813695e-9,5.533247544906129e-5,-4.9688078586614725e-8,-2.4678827847780077e-6,-1.8060935381356901e-7,7.096007667767876e-5,0.0003153575880052998,-0.0001427225011374023,5.5003236780883465e-9,9.466469412930346e-9,-0.0002111941858760653,-0.00016998950757664868,0.0038277825943387606,4.136403409944355e-12,2.515109798140319e-9,-0.06736469992311703,0.003734902817663366,-9.609613206932786e-6,0.4054609546700682,0.0013430058154910286,2.8465840316752023e-5,4.906592875717091e-6,4.7478956765968774e-5,6.204316418698698e-5,1.4499364840813512e-9,-2.6299177732596812e-6,-0.004949658200753062,1.0749459201787918e-11,-2.244526054459997e-7,-1.7666891719725545e-6,4.152334111344793e-9,-4.884711563548819e-9,0.019979628065557288,0.08400352651119353,-1.0594042544705198e-12,1.7327111834029895e-10,5.3437545851687056e-11,-1.7718192246220836e-6,-0.003925294924899128,0.0001061043547941226,-1.579323192303199e-8,8.088498893237094e-8,3.2228601709400723e-12,-3.2494855008971294e-9,6.119617954151907e-9,-0.0004988379601121572,4.394964093739967e-11,-3.584345265073766e-5,3.364086805377492e-7,-4.0791058968795155e-7,3.857323652253842e-9,-8.146339197437195e-5,-0.0003810043727641432,6.449336581019354e-7,1.7204565967291342e-10,0.0688720473040608,6.421037997562515e-9,0.0015587106655578086,-2.313014108253066e-9,-0.0093636147820806,0.019047188095110697,3.939359530695755e-10,1.211059356098016e-7,-6.12318152020788e-8,-1.2202151811076687e-8,2.012306770513698e-7,-2.851637591470089e-7,0.0019983837883257487,4.1074202192523136e-10,9.562482881833152e-10,3.726496623235745e-5,-2.9364158443955436e-9,8.467402832413845e-11,4.690315146588989e-7,6.8829090599762245e-9,-4.16385011603727e-5,-1.7867973997756598e-7,0.009589423254667917,7.947002814846326e-7,1.59932769959043e-10,0.005008197700692232,1.120394218995573e-9,9.414079546554947e-12,-1.815083753261429e-7,0.0034017755373841616,-6.423974311864158e-5,-3.7278629805831053e-10,-1.5935727502230267e-9,3.5824579401490464e-5,0.009514709694021411,0.0006983124130370571,-0.0001729285722494413,2.7347377841423897e-6,6.59524426981292e-11,1.5352001226559783e-6,-1.2282996750344941e-9,0.24611143368318197,-4.763947720061989e-7,-6.696742087435135e-5,1.80044549656708e-5,-1.025637831994264e-9,-8.31629829960987e-8,0.00023074237769089487,1.2788809075557623e-6,5.1552330923470726e-8,4.180547299667902e-7,-0.0021626827828407046,5.32704253247775e-10,2.6597136652617996e-9,-7.388172903961417e-5,3.552658400481068e-5,1.0002701483039184e-5,3.159847268023932e-5,0.005941867485589923,-1.5788086653293956e-8,1.933273725695521e-5,3.855757529779527e-12,-1.8482615105981441e-9,3.404373917809188e-8,3.5459796645409954e-10,2.221927445473086e-5,0.0019490367554365045,-0.00290081054954224,1.2061746158946132e-8,1.1214829928512089e-7,6.0871768954773465e-9,8.305083951863022e-11,-0.0001104155999363738,-1.318789183611974e-6,0.00024166801580043578,3.8413477785348306e-5,-2.381594626033e-5,-0.007768066669954427,8.894484760594027e-11,-0.0001853259461507169,-5.033781032799005e-8,3.139355348480325e-8,-2.7910962666602836e-10,0.0022491740330547265,5.978767098040266e-10,-3.2458306406153763e-6,-1.818580097417845e-8,3.1558559531742665e-10,1.0453800557944329e-10,1.4502900389147964e-5,7.874241855180773e-6,0.2892072206397715,-0.0346574809605347,0.2841762349717942,-8.969272763509252e-9,0.039535883903979406,2.0082246421213224e-7,1.0674952174224515e-10,3.6588255305780247e-9,9.464235946857203e-11,-2.1647436001231593e-7,-2.166109713649017e-10,-0.003913614469282624,6.848433977948537e-8,1.5098586887925712e-9,-6.102762335300405e-7,3.831155978284704e-10,-2.755912772915186e-10,-4.484711061669535e-10,0.14276975038300674,2.4424730443608003e-9,-0.00012230254614455937,-1.370954390117184e-7,1.1402015169529553e-10,-5.093338582203897e-5,0.0009800347024797307,6.012348464109328e-8,-0.008039642640829433,2.208380115208931e-7,-1.8655126840940792e-9,0.0003041188337350693,2.2678989457006518e-7,1.0178959516408103e-5,-6.632137209018148e-10,6.134358366327901e-6,-1.0542016745756194e-11,-0.019058079035825078,1.573496531548723e-5,2.219413066770733e-8,5.250208796202599e-5,-8.638324023838144e-11,0.001009693285500794,2.321899768492727e-10,1.5492464895263308e-9,4.4700972891102045e-11,-2.6942948118209828e-5,-9.5115644703337e-5,4.5642242083848435e-6,5.8430180282586826e-6,1.6135399853081262e-10,0.0009522388402529061,-0.0020688988679413165,5.947208675483014e-8,5.956344424169104e-9,-0.00030824520876346665,1.6310427264185988e-5,-3.9335294159511814e-7,8.809734001354886e-9,-9.874124618535062e-9,-0.01717562230479625,-0.03222467709171045,-1.1150072100663389e-9,2.5893403622987864e-8,1.3971637613600122e-6,0.0008312101986912142,-1.7338751977550943e-6,7.149091303594618e-10,-2.8363921358683985e-7,-2.0620007059484215e-5,4.033910954874879e-5,2.871497346943366e-10,1.4833844113996158e-9,-5.979374242142905e-9,5.325231035629889e-9,-5.3578024314640645e-8,-2.0521252084783127e-8,0.000478469201313803,0.009823373074583938,1.3397259406201886e-10,2.7607169055519886e-7,0.15765412665115658
0.0,0.0,0.0,0.0,0.0,0.0,0.0,0.0,0.0,0.0,0.0,0.0,0.0,0.0,0.0,0.0,0.0,0.0,0.0,0.0,0.0,0.0,0.0,0.0,0.0,0.0,0.0,0.0,0.0,0.0,0.0,0.0,0.0,0.0,0.0,0.0,0.0,0.0,0.0,0.0,0.0,0.0,0.0,0.0,0.0,0.0,0.5619745408856727,2.7559267940097516e-6,0.06283247996622039,0.00022864457305976236,0.005417959401567276,-3.369537888194109e-8,1.390421448478709e-8,5.151280385505326e-5,-6.766107238665917e-10,-0.0006753024922769488,-0.025340473319202365,1.5118424336415374e-5,-0.0008994587782822205,0.0005862795893361901,5.198116427270903e-10,-2.374310850351389e-8,0.16313762844378596,-0.07415001996081676,1.737303955902593e-7,0.013002916738934093,2.948822781699967e-7,-4.669677755696079e-9,-0.0436789124619022,0.007498972051671292,7.272199118721781e-10,-5.63336994091565e-7,2.8273753683695394e-9,-0.03662152794451742,-4.305369409554304e-8,0.00031729242583205706,2.1682840416591467e-6,9.416124096752223e-5,-0.0010614193748322322,-0.05768511765078779,1.000785091461689e-7,-3.60621609429571e-5,4.7135666746855916e-5,-0.00013197891652035079,-1.0172331002262416e-6,-4.590073372019082e-6,-0.03212137990407715,-0.025856052387574765,8.062379094581512e-9,0.24771149174334803,0.10728058614297563,1.227799570502454e-7,7.295908493644412e-6,-0.039317692674753844,0.00112151515372695,5.317577899363551e-6,-0.01717794993820909,-0.03166582114694291,-1.7685668069752085e-8,-2.061201445488706e-10,7.490583129215675e-7,-2.0110671746918548e-8,-0.0034374297241238218,1.0048471369662673e-9,4.302714171198777e-6,6.429613573766967e-8,5.0046293012175173e-5,-4.166057044719246e-9,-2.1732935824709406e-9,-0.00020534407259299581,-0.03681465227459529,-0.039167119292078945,0.07031113606441396,-9.299360047680423e-7,0.010388366370997727,-4.2383430522356376e-5,-0.014721337758942674,-1.3683820749642117e-8,-8.631746661091543e-9,-0.00035047012062951926,1.2810023292601312e-7,0.0012773900392745016,0.00026005392452430764,-8.582365896120759e-9,0.19986741133636937,0.007985083809193414,-0.0012275456744773765,7.83594284174354e-6,0.0011096627720763024,-2.3463229553164755e-7,1.4163525976904158e-10,0.271746693985758,-0.00018015515276578961,-2.9257360134553616e-8,-0.04916026572415775,0.00012332611344263952,0.2190990448606236,0.0014341932359839742,4.923093050654349e-6,-1.3877473301172797e-5,-0.016092936105522627,0.33924349218340005,5.95714863475271e-8,-0.07627708097292817,-4.650759651388979e-6,-0.0014427405629928258,-2.1257273951695376e-8,-1.085800911040657e-8,2.8947542072626357e-9,2.5146836867890434e-7,0.002168842812378025,-0.05047127858673141,-0.04372827667474919,0.0010853298735198076,1.0502574379499975e-7,6.894993272486147e-6,1.7697607993273925e-5,1.2267718146556089e-5,-1.598981852550284e-6,-1.645254324702112e-8,0.12647283597942865,1.1991112159498956e-10,-0.0003167713280561979,-0.011333392934445347,-1.2040096370658536e-6,5.1739035785690695e-5,0.0034318910351328856,0.0059903497259599986,1.72433527825445e-8,3.4765820419282613e-10,0.038332418245599444,9.757619645572645e-10,9.48176686532077e-8,-1.0862005992804832e-8,3.009354715325942e-9,-0.006726421752085785,-2.7038908125440333e-5,0.0032079161993076055,-0.012441650875611653,1.337233785837326e-9,-0.0004181672275324887,0.0011393591982890847,-0.016736457390786243,1.1627970245468077e-6,4.287372606032093e-8,8.837426857814463e-6,0.011187803944783175,1.3018173929899628e-7,0.3261262765889006,5.4345301226239914e-8,0.00010775774314299613,0.08151294397428016,1.4471399969393524e-7,-0.00012335284074614482,0.36984923040107454,-5.3067637120093315e-9,4.1791687061646254e-6,0.003779121244928676,0.05804761337776875,-6.650343004631561e-7,-1.644967716539056e-8,-0.03110350981288052,-0.0007017359179636927,8.608463899830984e-6,-4.044421702244519e-7,-5.413904144383362e-5,4.5762151764096885e-10,0.0030511533829803146,0.012957632391690992,0.00012240921885977335,1.4015903111133593e-7,-0.009181482766346425,-4.5015997447734065e-9,7.628240294770365e-5,-7.193059378412641e-7,-0.055845384808402926,-9.591436702758479e-6,0.03456777066791598,-0.029988329625876872,1.419284849554149e-7,-1.3629363467348295e-8,1.9331758636736336e-6,-0.0002957294744350047,0.04852471553801699,-5.449050901420172e-10,-5.322803695955525e-10,-0.0335170515570617,-0.009080564784132467,1.0082137660148115e-6,0.06339472973644392,9.579530893775314e-10,5.277377365659277e-5,7.427698860222672e-8,-0.0015214050957963372,-1.7654715655673283e-5,-1.2375241512201767e-8,0.006958326719186641,0.012826551735253402,1.6508220463550543e-6,5.033770018651785e-7,-0.011833029160319095,-2.3443377909358172e-8,0.2677850820535038,9.232067874733332e-5,0.01221695879440062,1.7794786738251737e-9,0.012250114553942941,7.826696702341363e-10,0.00258748313728449,1.7830183310792747e-6,0.062355484579070836,-0.009360734837307247,-0.010195462832739782,-2.851172976470721e-7,0.07610222305393176,6.40304209805371e-8,0.002612955933452912,0.006816279506752306,1.291068949738283e-7,3.2704317150796296e-6,0.18058105705613647,0.0004867362217492243,-5.7204870966497356e-6,-7.546989180687299e-6,-2.8838009263658503e-9,-0.014864628990377264,4.808185316702156e-10,-3.6635031025020364e-8,1.273997836521978e-7,5.81580164596777e-5,0.021595884219458454,-0.030849926323031438,0.00010003674309646197,-1.2854111079666072e-8,7.138873692643768e-10,6.79332415070668e-5,-0.025759576680164167,-1.391125720377773e-8,0.0002394078787676246,-3.76487721694157e-8,-2.3601907081014598e-6,-0.00031397666591640637,-2.1287413875971007e-8,-0.07129120325260085,0.001904266365680316,6.341117830330386e-6,-8.607784064131217e-10,-0.00010691365542943312,-4.7183307057364835e-9,0.11190920388997906,-1.2087202410799142e-6,-0.037248587770734955,3.2145670242244574e-7,-1.5484403831773574e-9,-0.017829148725035982,-2.3363694213126034e-5,-0.0009858405865895532,0.014559470898646378,-0.057260971636373614,1.869268408069069e-9,0.007387002660803716,0.14378502172132704,-1.019983169394425e-6,2.752440287036224e-9,1.0912775498882265e-5,-0.0005699285215786064,-0.007660886859631407,4.493595780452244e-5,-1.5972423014085872e-7,-8.388462037148863e-7,0.1505418269424561,0.005762798522183414,-0.018271929882545387,1.896053627795022e-11,0.31168232617744035,1.839638471312051e-6,-0.00046205110835138103,-3.600895552008174e-9,1.449131577126498e-6,-0.026941445580383028,-0.0005928426534802671,-1.1168562579758286e-6,0.00469327443309897,5.980198436241564e-8,0.13889401005618254,0.00013135692789070934,3.2955676093418845e-7,-0.040706078567626966,2.3984206011846164e-9,-0.00421446250944023,-2.731214240850182e-9,-0.0007807070148035956,2.854689667288893e-5,-3.6147716425884737e-10,0.006665863389680127,0.36912891366666045,-7.790168463651623e-6,-3.0369513968168373e-8,0.009286855550518381,1.0036618507196951e-9,2.464045750309556e-7,-1.8740509610400999e-6,6.349304849230253e-6,-0.009504500120814762,-4.6059871853717975e-8,8.234721022813652e-6,-0.04955077116250581,0.004491272814396238,-5.028467888098769e-7,-6.32748772126111e-9,-0.010378519983228411,-1.1608036891452056e-5,1.2559793312568712e-7,-2.216071276292235e-8,5.799802194439034e-6,-0.00010851601382764225,0.0045428711306817965,1.349211043896539e-6,1.3584473064321637e-7,6.310110970351124e-5,-8.458851740803438e-10,2.8242069519120344e-7,-2.098378162748272e-8,-0.019523864981045653,-0.001617786339900839,0.035450755463765984,0.14874784637999006,8.823560636432402e-7,-4.936164998993795e-6,1.5386041914732818e-9,0.0003646996043964413,1.228926063502442e-11,-0.03346592482442144,7.073190366989201e-8,7.548775531066458e-5,1.2146501957979188e-7,-1.122395223523668e-8,-2.1474386842939907e-7,-5.916205219865674e-10,7.110775465203855e-7,-0.024335078433823067,-4.4392299995062433e-10,9.829876291563419e-10,-2.9125067724789257e-5,-0.01868492329489119,-6.375318326179432e-6,0.000321086090904538,-0.03263050314568381,2.1523896225424136e-5,-9.897410100437826e-6,2.910405308352049e-6,0.0011287229357860044,-8.233606662992988e-6,0.004446737531677068,-0.04394822779752862,-3.757164949412072e-5,0.36984374479273774,0.0018799995537406185,-3.5682968064165483e-7,-4.2763980312886366e-8,9.58088876377971e-10,-0.0029195990318193915,8.597216758764533e-10,-0.012683301009500143,2.8585921324835867e-10,-0.015946827697904495,5.231762023555433e-5,-0.049467791048198706,2.769935539275811e-5,-1.799517414499598e-11,1.0984734260109012e-9,2.653705528586805e-9,9.873694470070981e-10,6.3643939256041e-10,0.19201260237459927,-8.591784474188138e-7,4.818687796485065e-8,-0.000717582900341749,6.111671702828842e-8,5.104252749035358e-9,-3.2153113421559554e-7,-0.01684157262926896,2.5760567100275536e-6,-0.0015616420561435054,-0.00021617744182159565,-6.832355013585896e-9,0.0022475704242842297,2.462662209930205e-7,0.4209735741357861,3.959699168463192e-10,-3.4555434130321475e-9,3.431552125284789e-8,-0.031016511583850055,5.5755447486186766e-8,-0.0010020762061331704,-0.026218490518664747,-1.6284610506296345e-9,-0.07045085632423413,0.0018289423078849411,0.07766567691469477,-6.096276399864699e-7,-3.197503198062993e-9,-1.189819987101798e-10,-1.7179909881346654e-5,8.841418579133302e-10,-0.0010428126281327697,-8.20643295620081e-11,-0.04888414535891098,-1.912596425888615e-8,8.40044848411635e-8,3.6054009272811795e-8,-0.023769537294709982,-0.003360864595264516,-0.06111762637634768,-9.572283882996618e-5,8.588249026068524e-7,0.0088871404186365,-1.3032255110247028e-8,-0.047372660877239105,4.697269046568769e-7,4.401040587604816e-8,1.1710975552229632e-7,-0.07922182027835091,8.037938964612762e-10,0.00823798210935199,9.798749070168295e-5,0.10014549259997702,-1.0816472377680598e-8,-2.044891458907727e-9,-1.28606000062393e-8,0.05452624948424583,1.1064092701937667e-10,1.1171779003284958e-9,-1.5156118675848086e-8,1.272756342115051e-7,-0.05350460500680306,-0.0008001568925428059,0.0047943971201286715,-2.4025974946886518e-9,-4.077244676384193e-8,9.882748096476364e-10,-0.0007864516357123613,-1.9964328116525116e-8,-0.0045669783914146795,0.0011047901210805876,6.127554087543736e-5,-1.6626434423620215e-9,0.02792787245160938,0.010223095225343728,-5.1366233674747734e-9,1.6965975575244156e-7,0.00013765251930450306,0.000167959012878529,1.5833847824825864e-5,1.9863332330076365e-6,-0.0084344118525322,-0.03942759495605469,1.0969195740459058e-10,1.5884045463502983e-7,0.22928147643295038,-4.743048913013835e-8,4.607556076206664e-8,2.5343162543446305e-6,-0.0012528541275998938,-3.3974763961155137e-6,0.06357607232331329,-0.0011998861253081905,0.0020786455388586787,-0.0008356089308523607,-3.6424275203570294e-10,-0.0002753784262582889,-5.415029399933632e-6,-0.006224208154257179,-0.04298871663276185,-1.4118384445871797e-5,-5.169430855887741e-9,-0.014529756425107359,0.04447406706797989,0.28010393687303825,-0.000679658513568366,-0.0008435471219672698,-1.3493313677391736e-8,-6.109926421928297e-8,0.0015904505845457842,-2.3022319791590328e-6,7.815341501990684e-5,0.1091650204293322,0.23275194646312145,-0.006246332954008934,-4.9138157183675224e-6,-0.04980647961933547,0.1877027147955984,-2.4766635161112605e-6,-9.277729297604331e-9,5.0083887475154485e-6,0.0001574489226988758,0.01037324618244051,-2.3085140973147825e-5,0.1329865176293844,3.4026374649553348e-6,-0.0061038754331958845,3.127971965010731e-7,3.5362499338867326e-7,0.20165934540604422,3.7027803928439925e-6,-0.031933819129844505,0.09538864849867343,-0.08569453688136569,1.8782245356859757e-9,0.006288820311732099,1.4501387900011217e-6,-1.7177866833334034e-6,-0.015620614635496965,0.07730888113644195,0.0054249399679044226,0.22272696085815022,-2.5194095370847507e-5,-2.7645054397156667e-8,0.0006177002816729858,-2.953862198638598e-8,-9.188446653545911e-10,-0.020350243568701593,8.14315150657451e-10,7.138433774236858e-6,0.009653384939832118,0.00050735194675768,-2.095477424959124e-9,-7.485362475490794e-7,4.289636134732953e-5,0.18014947939614434,5.671647052723458e-10,-8.765104925326019e-9,0.02205567605439891,-2.5129920445109956e-8,0.005555657523428665,1.1204360705225106e-7,1.291159984008291e-5,-9.170349700374903e-6,0.0006994628141658869,-0.03006669325848181,0.003707747425212529,-5.53562556182162e-7,-1.2352923984847474e-6,-0.0022214049938685224,-0.0320544247630209,0.20161506267574122,-2.6549773835369337e-10,2.0545926736772707e-8,-0.014622021182672681,0.05067141796109892,-0.0002938508041633479,-0.0023033986635747528,0.042737906254913305,-6.054000348549181e-5,7.625281011473403e-5,0.0032272001220080967,-0.0011364508951682494,-3.016634747296732e-10,4.085709589153004e-5,0.009074899149043084,1.3888323425636316e-10,0.00013653822865522977,-2.698879922538518e-5,-8.021365388833431e-7,-1.1488471170266817e-7,-0.06716904367588096,0.012225629255328547,8.102208786213187e-10,-8.631815773964877e-9,6.059861056800266e-10,0.00037966482852438207,0.01575030154018552,-0.0736293216028388,1.6440075170061045e-7,-7.704788292481909e-7,4.5374578898320904e-10,9.336949829193046e-7,9.577184425850991e-8,-0.007653472114404362,1.9516751254320035e-10,0.0011505779724801087,1.3944716463819929e-5,4.250874129060891e-6,4.5857966823930906e-8,0.0017350898882362617,-0.014622341891579084,-0.0007912230361970428,2.2430175220544793e-9,-0.005388162728300641,2.433476064546164e-8,0.28492012285802054,2.3627317700449877e-7,0.011197772307212008,0.0013704364573347114,1.506496227975033e-9,9.264660230389648e-5,-3.6178266953449144e-7,2.0485608564848184e-7,-1.506696711507292e-6,6.465443832199736e-6,0.16617995658662807,-2.3627497866583315e-8,-3.2009747337399086e-8,-0.0007388732846190307,2.900213142111357e-7,1.6300134239110476e-8,-1.0432372706220549e-5,1.521499131826516e-7,0.0016138453928701351,3.5444992589189115e-6,0.4323397407765999,5.703597862815659e-5,-7.590185944784176e-9,-0.03721232404017605,-6.019396634294916e-9,-6.059900749059716e-10,-3.7914848918236883e-6,-0.04346214402137728,0.1884152952382729,-9.059341806367628e-9,-1.394396192214834e-8,0.004106614507621955,0.25455373067628756,0.18110560176490287,-0.0070360522745006445,1.0911255174458282e-7,2.2317636052235048e-8,-5.496344753835922e-6,-1.3357318050307766e-8,-0.02600022474709784,4.5915272442020734e-7,0.003146493285039425,0.0007550658364377132,-5.053392161674414e-9,-4.632030614381783e-6,-0.03929427820903945,0.0011410074567565446,2.310645435627449e-6,-5.029102773184276e-6,-0.010449733300788428,-2.0536488504079282e-8,5.870808403774662e-8,-0.0020003238656364566,-0.00025721033791907587,0.0001007029624359279,-0.0012343222231282899,0.03889116009566144,-1.0723990382182517e-7,-0.0004112775405421411,-3.3264546829437986e-10,-1.2824884358413902e-8,4.2531943772601e-6,-5.332649095363563e-9,0.0005248668501161885,0.09253709016447702,-0.010987127415021605,-1.041949433536376e-6,4.883201402446001e-6,8.918283416526231e-8,1.2552804457817416e-9,-0.01160508495680283,8.601286838298745e-7,-0.021744360701116502,-0.0005642482882573822,0.010546256080702513,0.2723142725957337,4.759121563593346e-8,-0.01890181548929063,-3.089540510994269e-7,2.3345199894985677e-6,1.7027266182793576e-7,-0.014332357878363055,-3.018136347008889e-8,0.00011175441656679336,3.70719505700302e-7,8.76431410015341e-10,3.0592296925347284e-9,-0.00011223638295346079,3.781917541350781e-5,-0.02399707326141865,0.004821764829277921,-0.0022465856490790003,4.043893682043415e-7,-0.029245655279943574,-2.946633247624516e-6,7.244105059717366e-8,5.2555916903224746e-8,2.284120163959046e-9,-9.535640589703591e-6,-1.297161839371362e-9,0.0014948750799630883,2.672604900434214e-6,1.5583091971017732e-7,-5.138180408562324e-6,-3.383441119054404e-9,4.3343218768124457e-10,-4.644651953220013e-9,-0.04587121228460902,-9.479314726814283e-7,-0.0005896074332543359,-3.468912039967103e-5,1.602376663341832e-10,0.00024060440393384606,-0.02940452565525055,-1.4117112640324456e-6,-0.04525113355069586,5.0125117377777384e-6,-2.1297733425405394e-8,0.0039529479294592,0.00013763283134336397,-0.000875092192507665,1.820923869703088e-7,9.218303227067538e-5,2.0767666725085992e-9,0.1389772273381206,4.623196884497898e-6,2.2764433893571392e-6,0.004945572518705734,-5.144418290142432e-9,0.15044505089146376,-3.635625734449436e-9,-2.11335703760547e-8,-6.176989005050337e-10,-0.06590319349646494,0.004348976340135467,5.5567737076808474e-5,1.4993186823377618e-5,1.5852367318840404e-9,-0.009260967207370727,0.027367570238271462,7.990768027703421e-7,7.323438721181472e-8,0.11033448159773512,-2.999797376259725e-5,0.00014626329175847943,-7.486833626873732e-7,-8.068776559724799e-7,0.03156232647486267,-0.07136247441888115,-2.1875217281442852e-8,-1.4237591994101615e-7,5.163640998298851e-7,0.011032589927239224,-3.444830743428471e-5,8.781691049053616e-8,0.0001703769409292311,0.005342038139724822,0.007976157066746333,-1.1732470954974807e-8,-3.6828209514807027e-9,1.5069866238294996e-6,5.304952396901766e-7,-8.463554562397628e-8,3.181364988893702e-7,0.13796502991690499,0.11230989964135507,1.7551574880468332e-9,1.7913348744312647e-6,0.006106518666503247
0.0,0.0,0.0,0.0,0.0,0.0,0.0,0.0,0.0,0.0,0.0,0.0,0.0,0.0,0.0,0.0,0.0,0.0,0.0,0.0,0.0,0.0,0.0,0.0,0.0,0.0,0.0,0.0,0.0,0.0,0.0,0.0,0.0,0.0,0.0,0.0,0.0,0.0,0.0,0.0,0.0,0.0,0.0,0.0,0.0,0.0,0.0,0.5601800460056248,-4.190454802934276e-6,2.654421010396981e-6,-0.000406756777649258,0.0018279488327442635,-0.014156598857015097,0.004657679141476482,-0.0002894482856817941,-0.000470160563150558,1.9070182802882222e-7,-0.035879125968829716,3.185764240585104e-5,-0.002291058449548631,0.00028964768907968586,-1.9034695129660092e-5,3.946637355625689e-6,8.27229145184283e-6,0.005487144630454363,-1.1824915450841695e-7,-0.07196128719926968,-0.000186867300232829,-5.157216410354446e-8,0.0002168448537250984,-0.0002091801638892738,0.14437112089344223,2.2298333387201203e-5,1.1904249709827907e-7,0.005584263965052012,7.705537323010313e-5,0.003153005347302525,0.005910373029457136,-0.000689105929987765,3.828510682942818e-7,-0.06899670878186076,0.008383777777102096,0.003099351948377373,-0.0008376326054114411,0.1265699065411277,-0.03543496326378036,1.1827569450640233e-6,-1.9807798545665077e-5,-0.006790876434220119,3.4536699941589397e-7,-7.647083062197733e-6,-0.037462587574298566,-0.006994437845558055,9.608416574172947e-6,-0.00012983137389622012,-0.0968795680319595,-2.40279336521202e-5,1.194959920762809e-6,0.009414222207072715,-0.0006733259700632966,0.28987777125048425,0.0003036435166689207,-2.4298895053740923e-8,0.00011032383975466237,-0.00013555132140296124,0.1108667062600386,0.02000034862848585,0.0020529255588444743,0.0028371039123241287,-1.920033281076096e-5,-1.5661040209011272e-5,-6.42185962326302e-8,-1.1010662265181668e-5,-0.04533767555400169,-7.639666732193315e-5,-0.01937865851331832,2.6640545253498413e-8,-0.0006572887362185048,0.00045020913988164975,-0.0021311336274979103,0.030271656484047862,-4.315899689241769e-8,-0.000530320074512964,-0.0009740331027897222,-1.713102416635156e-7,4.595879878239081e-5,-0.00037669190224533515,0.17617678073122167,3.3769823079337185e-5,0.003885320261481794,3.758153810521142e-5,-1.8299673266484584e-7,0.0001510054721707953,0.0009596330046268157,3.0766995823608503e-7,0.0022942852726213314,2.2713658683043582e-6,9.659484493402674e-7,-0.0001432920844605107,0.005997707622642399,2.275651379737585e-5,2.761169153372915e-6,-0.055949618132262166,6.018847461775325e-6,-0.00478817402985363,-0.00114106018221852,0.016590629730450376,0.00038573081702548804,6.926719584780668e-5,-0.017836833572587644,-0.0010256445913532297,1.4013502874730343e-8,3.3779564650331355e-6,-1.0075762397353419e-5,0.008702858546889706,-0.0043744933429012275,-0.00020283536894968575,0.004251855742222464,0.06496920927322464,-0.002570130010711406,-8.861983308676342e-7,-3.81307296003657e-5,4.820840483420121e-9,2.5815069697130786e-8,-0.007016357700554317,-0.009265553698202178,3.3707085410332204e-6,0.0001416688789837258,-0.0007735285546268641,4.168859235802643e-5,5.927966306232238e-7,-0.00011377638984795907,0.2056434122732351,0.0033287364777437756,-0.019610805636082848,1.651722065837168e-5,0.0177955836632534,8.316978289978924e-9,6.706698181907551e-7,0.0003284940358572904,0.00011137071816332983,-0.00016003320881126116,-1.6135557707703482e-5,0.015056858876286423,-0.0052795052514257946,0.0033009364539858433,0.00016779111476499634,0.10605733851419571,1.328418340100104e-6,-0.030307791067309173,0.0032844522490874796,-1.2024977367476008e-6,-0.04322682997466705,-0.0010755466060073404,6.104824626238545e-7,-0.00021041687715403362,-0.0030517792174761696,-3.145398840066723e-5,2.003801569634811e-6,-0.004874078353575244,0.0025712908162435454,1.452550535270533e-5,-0.0008701839907948629,-0.00751547540078755,-0.019953037285622647,0.0054790473822337185,7.016141700758194e-5,3.6030727786657876e-5,7.126059141960046e-7,0.00846977382213659,0.009567313417876432,-1.3026330069867901e-8,0.0012602553529538112,-0.0012396333773663603,0.03308683361658179,4.692187605776411e-7,-0.043384247165403816,7.254159956804832e-8,-1.639405403458585e-5,-0.04244016209615039,-0.0026424581592709513,0.317901539527991,-0.0003143096039799713,5.0850561510185616e-6,-0.00016140479969465452,-0.00013188716506631873,3.0711326036821456e-7,3.807686794497127e-5,0.0006359849977644931,-1.7995935546027374e-6,0.0001497725969851756,0.009616966116482198,0.0010788960774240207,-0.001012615814361481,-0.01706889064330563,-0.0017085315220021387,-2.323670436401446e-8,-1.471430421330234e-7,0.3304961098228434,-0.010284385420143021,-2.651296892339125e-5,-1.4499572894142136e-5,-3.977300856250725e-7,-0.0005526235109905557,-6.423134220539444e-8,3.419635628535392e-5,3.476088856117294e-6,-0.0001512996954401056,6.912768061469754e-5,-0.011847842364863352,2.1355876812600637e-6,-1.0454238379171652e-5,-8.193952858717395e-9,-0.08745698462912696,-1.3109969644815118e-6,0.002463407062004823,3.879422001401604e-6,8.79689768960929e-5,-0.0244764019824675,-0.0011153192155097791,-4.021209715389579e-6,-0.0012083992965796443,-0.03680863423987278,0.0008867729758880051,-0.00019617252634827713,-3.1112666472132997e-8,-0.0005112057183500788,0.0014390443150816736,-0.029982557833242402,0.005420627333153168,-1.5704682067259034e-5,-6.697042369938753e-8,0.0007873198116465831,-0.0005366083871382138,3.842289286056104e-5,0.0032596081766018783,-2.605792722521754e-8,-0.07135514364494555,-0.0024621539109112673,0.007843331304533012,0.0478454291833283,7.332461992796671e-5,-0.018056126574382315,-3.4103732816020165e-8,-0.0002411164666569113,-0.07266352711206844,0.0017461992421908643,8.61763885639873e-6,0.0006566928210623842,-9.821671437897755e-6,-0.013921418993531394,1.6369814530637916e-7,0.006203038426822409,0.0004513272096546594,1.0763209924390567e-5,0.001158087857245776,-0.00036044786347869416,1.0758316904299947e-6,5.979562360046469e-6,1.0673594817279957e-5,-6.389346088066966e-8,7.536068580076104e-8,0.0070877557064076245,1.419365593811735e-5,-0.0018133320872742984,-0.00023893082998053015,-2.422370401712135e-6,0.0012841164814797483,0.04575772168004177,0.14190395454047866,-9.494826575058604e-7,-5.968266493400816e-5,1.1566083970734353e-7,5.0755817613240726e-5,1.8301829949547734e-6,0.04743235130003697,-0.00018586372071802468,-0.0055645391486026635,0.4749618873472397,1.1467750008898288e-7,-0.00044482882774564506,-0.04196604704674112,0.00018206271837413815,0.0061872757062927854,5.560711950391647e-6,-0.0010784349814092656,-0.02745359449609621,4.689090380198932e-6,0.0004376626892476892,-1.442619266287546e-8,0.0019283387561665243,-0.0001369614490412357,-0.004045655975393595,-0.0002526037280959648,5.548267130126341e-5,-5.632593724951789e-7,0.0006541881909513734,-0.0014790958812878853,-1.799793821727046e-5,0.0003517742839240957,0.2456639896732251,0.011528497686155591,-0.0082296398552478,8.257059627768015e-8,0.004009355499041462,-0.007439414240791219,4.450211345572519e-7,-0.00025957477434542024,-0.025257345402899818,3.074526095800433e-5,3.943135185301959e-6,0.012362628189416087,-0.08881616901080797,0.0009837487799370052,-0.004085576086139912,0.0005879557357217772,0.0002629324338502476,-0.011924489393853792,-0.03653093563907944,0.003937186507340182,-4.672904980138453e-5,0.007123577718846583,-0.004549090210439669,1.042514051101436e-5,1.3416647133232397e-5,3.3685517173214277e-6,2.130830842636333e-6,0.39614656281791705,-0.0031408775416877227,0.00014594191714220484,-0.0003608356662138311,-0.0006202139964105614,-1.447818055134039e-5,-0.0018062396205338826,0.005262493145373288,-0.03552862148212874,0.0017950301003009568,-0.0333220096362782,-1.330072217475444e-5,0.3868471484577304,-4.1543499027539497e-8,-0.0005091056334166045,2.956700431599058e-5,0.003730056220396673,8.827954887144879e-6,-0.015224582858865467,-0.0019796413809355447,1.4247893484409503e-7,0.014177960311061296,0.003189453259479387,0.0007138403458213673,-0.000900519388656871,0.0024269638255664666,-2.4676195725211744e-8,7.229266357276782e-7,-0.00898249595313837,-3.1709152267307107e-7,-5.2725131956603875e-8,0.00016138129301022035,0.0031825189677249103,-0.00016028291020231498,4.345393388253834e-9,-0.04280768551002682,1.048268745187102e-8,-4.9010140629780167e-5,-1.9360609141230923e-5,0.0017520289720789682,2.68943234500948e-7,0.0031522176683739496,-6.918223196666134e-5,0.00014675880003128995,2.0776632504171918e-5,1.2014391931786422e-5,-3.845145482308623e-5,5.102791045468068e-7,-0.05318628649179681,-0.017958706413835488,-0.0015546857855282658,-0.024716623547508237,-0.004294270066049088,0.2491017438332605,-1.2635798881198011e-8,-0.0043493044831561,-0.0005496876062698574,0.00041557071666382066,-0.0023640654312737513,-3.0250078171732478e-5,-0.06058547207986752,-2.598029320931487e-7,-6.890218170093495e-5,0.00022939948223139712,-0.01194436371580975,1.1008722787919878e-6,0.0057923489508868884,-9.659159761008364e-6,9.710938232785165e-9,7.56784651162088e-5,4.7561803760337375e-7,-2.0543057714639027e-5,8.145448543071293e-7,0.08793354160962628,0.0001851569090183739,0.002152061289109795,-0.02916775057477078,5.3106078778207376e-5,-0.0005664361906333648,5.012368914874262e-5,9.550740169441104e-6,-2.1986391765690315e-6,-0.03621371997276832,-0.0164273491568919,-1.0516296128507453e-8,-4.2462834464954365e-8,9.559707080629832e-6,5.3103345815903714e-5,-0.01875117762440415,-2.649711606441324e-5,0.0013837801081073597,6.061963759284764e-10,0.22126036345802488,-0.01831763135871024,-0.027700270800910975,2.408309507533332e-6,3.972730513256183e-5,1.921369500097966e-7,0.004704319218526109,2.7116336056813256e-6,0.0007131913629118846,-9.223703478026191e-5,-0.0002878333456736295,9.634647165413789e-7,-0.00032814417784584503,0.0008745139869134957,0.0028900872567268984,-0.009591164523656158,-1.042433900051392e-8,-0.000340285910820833,-1.5695162009301937e-5,0.0010638795531918309,0.0027037372636427885,1.852084484453685e-5,-0.0014194790531449244,0.002134327592914458,-1.063824700524532e-10,-0.001638783659522025,0.010381560130132923,0.0028843534808908177,-1.1700922260245244e-5,0.00016837218444205892,-0.009493512233451788,-0.006991262517203909,0.003765054835673205,0.007713074512608648,-0.011296911294231602,-0.0071864576355460345,-2.5893150593769908e-5,4.52047322779698e-6,-0.00042635204922726686,-0.05201537227246854,5.692123233323226e-7,-0.051729369487898254,0.009131536875201447,-0.08173550882016542,-0.0014290480772553129,-0.0007967475624332791,-4.1653418769801616e-6,-0.0004157118386004989,-4.726666014668725e-5,-0.0004926002772820412,-0.00030873294875166885,-0.00025651709164227666,-0.004081347223060225,3.280683537460277e-6,-6.406729386191355e-8,0.01038364561169098,-0.00013534871599749765,-6.344273416467818e-9,-1.3375002409152533e-6,3.6152901054903532e-6,-1.982969601694433e-6,-0.00039332273286516557,-0.0006034831214366197,0.007933200433495305,6.103512698002616e-5,-0.0482746962313288,1.1270138392735684e-5,-8.207141922416537e-7,-4.274171213767642e-7,3.434817735988741e-5,-0.012440469675736369,1.1462270749063534e-7,-3.377211586720505e-6,-0.01202664454288307,-0.0004896575652531158,0.2068470783602907,0.003337828569474001,-1.4161748693056496e-5,-5.0773667874431815e-5,2.8247445426277817e-6,0.0028201390612991213,2.3811243487463489e-7,0.1068812108456379,0.10895456342290948,2.6279594959106606e-6,0.023445647332912198,-1.2445992520928434e-5,-5.056444439317944e-8,7.1635804949390886e-6,6.899439639634687e-5,3.134861830784157e-5,-0.09029103257804322,-0.04815266890688983,1.951915714983866e-6,5.707360575645794e-7,9.298362157744965e-5,-5.847056089882519e-7,-0.011745357355303665,0.0006346327704888764,-1.433567289248436e-8,0.0031609543998781546,0.0029502490235204255,4.392947060148511e-7,0.00010599475868842577,-0.04340046240296612,0.0002091497674428576,-0.00010919914071403161,1.1935317729221187e-5,0.06144517461352208,-0.0009821185631063993,1.1227425544212935e-6,0.0004516018116393543,0.0013022297466652752,9.74745818061005e-7,-0.0024056058797448277,-0.00020025071458845158,0.006099409130654491,-0.017646785598134606,0.011755808921368021,-0.000410299398745534,2.8655102201809272e-6,7.069499122455029e-5,-0.006518565517103022,0.12252926015066551,3.007024973125913e-5,1.4941404389720086e-5,-2.23017386808002e-6,-2.862001329872156e-5,-0.011806198489430578,-5.005646463884899e-8,-3.878272776512142e-7,-2.9641002555876754e-5,6.700974974988832e-9,-8.244575172034606e-6,0.001068273995529798,0.003949495238008697,-0.0004707120784696795,-0.0008324616542086195,-0.004358200533706007,-0.008119251464458351,-1.270872369502177e-7,2.8122877391759418e-5,-0.0013703428594935112,-0.029634378162988882,0.09871129337230548,-0.0033643445376161144,9.917704540523232e-8,-4.452087863239113e-8,3.1780760344167386e-5,-0.0003329276823924461,-2.4682842398158267e-5,-0.002549195346033547,-3.308293966297911e-6,6.2209074875951175e-6,0.013914647371938543,0.11984663031070752,4.463859139527131e-5,0.3983944153968681,-0.03533111602135905,-2.1285884283653453e-5,5.468660909695508e-5,-2.256632143437814e-5,0.005362942364835998,0.015383304112861795,-0.012323231088421876,0.00011536320404107322,9.106526244765638e-6,-0.0003049068705782248,2.44876004356373e-5,-2.660889192804223e-8,-0.01124723688473817,-1.868186849920574e-6,-0.011625396587083774,-9.623816392194393e-6,-4.2669600494885725e-8,-0.02759350652927163,0.0040950907118986095,0.09425641615278356,-0.05685431953720419,-4.662602245739848e-5,-0.008659833892822216,7.771645210252678e-7,0.0005828016026693085,0.003197311091434127,-0.0003780467223687707,-0.005064082066134776,-0.004910858230984589,0.0003781519091706722,0.04223420735289704,-1.9447107708380523e-5,-0.004242283067826453,2.2087044715553806e-7,0.001636053632074384,-5.71152801139435e-5,4.2150760617659374e-7,-0.00036013188930072033,-0.00018584987300476877,0.001269994700888919,2.21765438260789e-7,2.7174689249232843e-6,0.0017004949983775173,-0.008237801850910973,0.00017939871480994888,7.850389844273787e-8,3.7399811527766765e-7,2.7353896118123452e-5,-0.0018974791500074412,0.0009231473625180109,0.00012477918446642474,0.0002493284547248748,7.41574757896767e-8,-0.05947735176679591,2.2065656685634005e-5,-0.0015807400767977116,0.001840547193992285,-0.001712387703291257,6.1969037164021995e-6,-0.0011267027254474034,-0.011123224807523244,-0.047099799473249646,-2.1026153756793984e-5,0.0015823300456078786,-0.04643275813545923,-3.6790393857263217e-6,0.000651008034547377,0.004675990468563446,-0.0015021571831421007,2.369741304372885e-7,0.012112099571078528,-0.0007319911413293919,-9.458676942361207e-5,-0.0002578158097241876,-0.0009392876836153851,0.0005917969960432145,-0.00025678854835819705,1.7857829257550006e-6,2.6763971350838356e-7,-0.008783306441800295,0.4295086321904182,-0.016447987048376238,7.212104305406705e-5,5.566593640458648e-6,-0.022307241992168166,3.127398114197071e-7,-6.025794390496496e-5,9.432993204939055e-5,1.1629815335221348e-6,-0.03007619761832185,5.680320801151055e-6,0.08962607933854408,0.0013871685167426782,0.0007685122708990382,1.2571851580253953e-7,0.001745627674924137,0.013994954731303088,-0.046921261820806276,0.0004890223979808372,0.00011738079786644172,0.0008434067155684618,0.0019442173892575195,1.6598660020592783e-8,-2.5499779003339708e-8,3.755160543589089e-9,0.18513636103890938,1.2508726495546737e-7,-0.03085176323455513,-0.019533891696516488,-0.05670807495170162,-6.534062832977053e-5,-0.018411774712172414,-0.008485504933430579,-2.6003580484702148e-8,0.475478418337476,-0.0030309686937319905,-0.0025519944938874463,0.000743450594160782,0.0003158731773374428,-0.0006486684016055685,9.169040315797121e-8,-0.02917287087083824,-4.5706527184173026e-6,0.006529317914910113,-0.00042019309779272793,-0.00022752888919135424,-1.9848817633301034e-5,0.009941859535106826,3.626248254642749e-7,0.25423555038243434,-0.010160711176279699,1.2972731704967441e-5,0.004314036741402827,-0.0008162167742556495,-0.06084152623606481,0.005415554853797769,4.077159735444333e-5,-2.4874585633371806e-6,0.0022803621834025013,-0.004629974835772099,9.109839430700403e-5,0.001687763319604573,-2.658788184247313e-6,-0.000717042052415027,0.005486009213205077,-0.0003597618793791321,5.119873145354642e-6,0.00020924382160361296,-0.0010333244564498193,0.0012627577811865761,8.379085065950994e-5,-1.6102937699122163e-5,1.6501184926061785e-6,-0.005610027126122459,0.010688361391084278,3.7591089557240418e-6,0.001650161718445309,-0.0021294999353562117,-0.011939811349250058,-0.02337758995648271,-2.2852958316683179e-7,3.884962191290954e-8,0.00965011071124421,0.27433615983382414,-6.939081599534495e-5,-1.0470741857694151e-5,-0.00856404479006502,-0.05016827665098302,-0.0007618002993180533,0.00010392587204888153,-3.161895193169016e-5,0.0005043458444638834,-0.004612580632588394,0.49445963860799363,0.20432468152542213,0.22131325188910136,-0.0655879535208748,2.2356997210048825e-6,8.929305772016645e-7,-0.00013891168272301354,0.0004674516321740583,-2.3711455217324437e-8
0.0,0.0,0.0,0.0,0.0,0.0,0.0,0.0,0.0,0.0,0.0,0.0,0.0,0.0,0.0,0.0,0.0,0.0,0.0,0.0,0.0,0.0,0.0,0.0,0.0,0.0,0.0,0.0,0.0,0.0,0.0,0.0,0.0,0.0,0.0,0.0,0.0,0.0,0.0,0.0,0.0,0.0,0.0,0.0,0.0,0.0,0.0,0.0,0.5550055902455285,-0.015256687985196393,-0.0010419200450779635,-3.013022976893092e-8,4.561934236519857e-9,-3.146931599955292e-5,-3.383228532824945e-9,-0.0021347528129981135,-0.022003873614751625,0.00012727576939844463,0.009231107906832344,1.6378030040351247e-5,-6.074839406325772e-9,1.6098268457077892e-7,0.14699508489753849,-0.015275863976019047,1.7537416469667118e-7,-0.002436106137064588,-2.2821613191260665e-7,-1.4771064426753418e-8,0.014688967489898055,0.006850874532519327,4.677529649458037e-10,5.521597453828359e-6,4.009142009082936e-9,-0.076670255568949,-5.926835383695828e-9,-0.013244019868198287,3.4886331239806015e-5,0.0002768414833632199,0.0013012474536308841,0.010467406129719952,-2.0944776803411535e-7,-1.889127114529711e-5,-0.001196276411065873,-0.0029685243732296826,1.7495481516764846e-6,-1.8175509161473086e-5,-0.0023305531537925707,-0.06730754760026281,-2.65689702985008e-7,0.024257444515917877,-0.05936166595939572,-5.062318015180306e-7,1.0877576643447747e-5,0.020681014790620206,0.008379976374810845,-7.580655247340037e-6,0.10901276970193327,-0.028926320457056953,3.121159011018546e-7,-1.2120192690983643e-8,1.4916041629747281e-6,-1.9001473455541315e-8,-0.005426139760720651,-6.2791294028097615e-9,2.2163527640292085e-6,-1.1780017704744987e-5,0.00012562508409412983,8.61809925620292e-9,5.5262671837558415e-8,-4.169337079810281e-5,-0.020641541548738825,0.008625488147905492,0.3488891685515696,-1.6819578640352487e-8,-0.0010437297759374048,0.00015219565461259518,0.0037731224517789574,-1.7487445078505968e-8,7.701327935122959e-8,-0.0008409700026229282,-1.894692227263496e-7,0.007969991020323794,0.00011689250740273593,-1.4261835024332434e-8,-0.006518342439685784,0.009457296800466135,-0.002505628182827329,-1.910320426681815e-5,0.0015981494676170747,3.748113460884842e-7,8.37701012766931e-12,-0.03001139780809371,-0.0008075242839868016,-6.681549852844211e-8,-0.02328892209498123,-0.0014556351857318867,0.03197642866483202,-0.007404150004754205,-9.561232717019428e-6,-1.741133452863011e-5,0.021663439344064287,0.10956725135132597,-4.0943504191870554e-7,-0.02559610683144017,-7.353824129573659e-6,-0.000362656145266842,1.915284112159765e-6,-2.1544046566717838e-8,-1.0094713771285611e-8,1.709353793104751e-7,-0.00042341819431730243,-0.028832150274543212,-0.015060638342177947,-0.048491075664814476,2.475481349705018e-6,7.456735946631492e-6,0.0014969533852342894,5.928324676664378e-5,1.0873871577698793e-6,1.0467558856258419e-7,0.13273467142085577,1.0286323993270478e-9,0.00022372331499836593,-0.029964972136438065,-1.5250691300085218e-6,0.00023947874662883222,-0.029511527281745574,-5.200001210525285e-6,1.2761647573450446e-8,-2.5024208868234173e-9,-0.014320681835920208,-6.703211351003968e-9,1.788275272504125e-6,3.518426918914333e-8,-1.5587839954697095e-7,0.014385139489390087,-1.0977811531350146e-5,-0.0033645388549721194,-0.004126352957225971,-5.720298474675759e-9,-0.0009062883585463453,-0.003065983543923856,0.3251596158354347,-2.3164017586209545e-5,-4.222089899139202e-7,-1.1818746484369926e-6,-0.011802235565741063,1.3492417597407095e-6,0.06716429387723832,6.782424093313765e-8,-0.0004852438807512521,0.3696263731190896,-1.5852647767390042e-8,-0.001046493569094219,-0.021052261919501714,-7.046456464384125e-9,7.833643943806765e-7,-0.005245589260543853,-0.011725220984727629,-4.85218071402428e-7,-3.6463758216296024e-9,0.011216067113343144,5.0471138610377264e-5,0.00017556108099080935,-3.710863415336496e-6,-2.1910515834019588e-5,-1.6578871305374376e-9,-0.0031922510872233415,0.0004149096860455948,0.0001284636196823765,2.8314385946739813e-7,-0.005760679037680122,5.645610470845185e-8,1.804654244017182e-5,4.2236078620891015e-6,-0.06522352752049229,9.670391691095687e-5,-0.01902620500534744,0.034879843666228275,-6.317028799443016e-7,-5.489183513142085e-9,-6.742415715005574e-6,0.003181358123106341,-0.021284027443972196,-1.4068218919407819e-9,-9.544946897285471e-10,0.005261037723165829,-0.025300408460287648,3.3081411100632324e-8,0.394219255632524,-2.0066093875857825e-8,6.002176909203346e-5,6.200196844121067e-8,-0.001874622411957005,5.059547724430128e-5,1.4631845209445291e-8,0.0038179160934905415,-0.0019002732440507437,8.485120846727262e-7,3.839876463922062e-9,0.12206413721491817,-2.3040941723716993e-8,-0.0228033357726998,0.00019231144678298032,-0.0038833062896846144,2.8010040599567203e-9,-0.004632350030420474,-3.858948977133648e-9,0.008553089346481356,3.7997111427790775e-7,0.028408507455667274,-0.0315414454401688,0.002553648437996679,-4.0091254336851923e-7,-0.008805356604866192,6.51803235865923e-8,0.006603282900591336,0.0005667958147919556,-4.912977098653262e-7,5.0674902499624334e-6,0.41293742677327133,-8.821360233359254e-5,-3.0494154234943488e-5,-2.550321981949604e-6,-4.540914761428682e-9,0.005836054222151789,-9.28126779551883e-9,-2.8050939573766508e-8,-3.161745970962441e-8,-0.0002434100152015279,-0.029971028827341258,-0.05610805680878472,-0.00019334099256530205,-2.6134412034573142e-8,-9.906488068091518e-10,0.00017480649660591381,0.015428153491193364,-6.338848662763388e-8,5.921096261235411e-5,3.448117773945801e-8,-9.40088703581144e-6,-0.0008187326878819932,1.1337575615345362e-8,0.006119072593358859,-0.00024322301804873773,2.926022507327263e-5,3.5686583303156364e-8,-0.004053402297459972,-1.1493572789687966e-8,0.13240988558540492,2.712863678482105e-7,0.00799211991345578,3.4868389501424626e-7,2.426662785542041e-8,0.006300061690764018,-1.3112820855088146e-5,-0.003332226653745957,-0.009117859799014581,0.00031383997312132495,3.2441280945321094e-9,-0.0014985661438092748,0.010744773278888642,1.2742000865118579e-6,3.4505763174317895e-9,-0.0004452896167501716,0.003593015728146797,-0.01691956046839621,-7.143493490705708e-5,1.8720444973294412e-6,6.19171361775106e-6,0.12094076582547068,0.0011145977782506791,-0.00822296134014001,-1.1809694139327224e-9,-0.016351551883476104,-2.1191251975273723e-5,-0.0016850842568228456,-1.2838845783897437e-7,2.1169324553541293e-6,-0.030959487770595776,-0.0009074062850353712,-1.0048832900543282e-5,-0.011132241385612312,3.6316543027043293e-7,0.1797673595581018,2.5943087385264676e-5,4.839353286743469e-7,-0.003340220633086581,-7.1966534436722555e-9,0.004085830465335063,2.163511448487795e-8,-0.002171255291287084,0.00017022988471878604,-3.6128338259768207e-9,-0.021376635510597163,0.16518234368030263,-7.586745149668484e-6,1.6888157015432773e-7,-0.07075711577869813,-1.3651140430226726e-8,3.461243513935722e-6,3.0164333121417804e-5,-1.6790669196392117e-5,-0.0065324938393008965,-3.78825567382524e-8,1.0858827416411027e-5,0.007506565908929861,-0.0038017376522011866,-3.286537573138303e-7,-6.690875997050373e-9,-0.02295632350292109,-2.2978526763958512e-5,-4.5940758017853646e-7,-1.710842479030683e-8,7.742511104715081e-6,-0.0005810010205249525,-0.0022582169115707,-1.7245059762727129e-6,1.320882041288666e-7,-0.0006708297424628305,1.6429252287872444e-8,2.935480922650314e-7,1.0838937959140495e-7,0.02115371085793004,0.002420024156009687,-0.02703617888211831,0.2868808454088957,1.0897884271604367e-6,-1.145346857859658e-5,-1.2507096265860876e-8,-0.00017215059412593748,-1.1918970410079126e-8,0.005707166754191285,5.529324455275347e-8,7.805170723180403e-5,-5.965718950708616e-7,1.0503542615808488e-7,-1.6747376287443652e-9,-4.6069637629361655e-9,4.336172692950423e-6,0.0002924473327775581,-8.21460017283885e-9,5.830347069364204e-10,-1.3844495442666915e-5,-0.0011308721383924932,-1.978494714639419e-5,5.011221572916359e-5,0.00911381341675306,7.436353870655387e-5,-6.193784846963498e-6,2.1821140532174595e-6,-0.0013255281840016892,-0.00035658779217772354,-0.0045534002497046745,0.0037911938480417726,0.0001428598912660899,-0.005558819208860173,1.91257286026626e-5,1.6512412952392618e-7,-2.405223734278148e-8,-8.960860452678182e-9,-0.010251623403073501,-5.9509068987496344e-8,0.0032688687808539916,6.279786309389541e-11,0.019331145536595592,1.2649180194214032e-5,-0.055167965559579854,8.037083614237333e-5,-1.7869280124326168e-9,-7.835335076965992e-9,3.632225430800529e-9,1.9306430234450378e-9,5.323089502610826e-10,-0.04054391100093207,-6.341754844223866e-7,1.800742953913562e-7,-0.0005330062404025865,-4.839610876386054e-7,-1.1637674389853704e-7,-1.2517945786595482e-6,-0.004619582315845709,8.937328075239228e-6,0.00011767109863027165,-0.0010755193367808736,1.6596567373591466e-8,0.010790393231736568,-4.34475967127741e-7,0.1054669526541143,-2.0548551257764903e-9,-6.953742556032551e-9,-5.101441840274681e-7,-0.0011898634719588698,8.01668495529486e-8,0.0027908118139894173,0.008901462435399835,-1.131103637852248e-8,-0.02389837067839819,0.003980816010962205,0.15119266127245165,3.3167888554283603e-6,4.213329016336349e-8,2.891405649321661e-8,5.414668061824649e-5,-4.2984713347860164e-9,-0.002624091321696552,4.875015603944223e-10,-0.006647238210111024,-2.2922529501141787e-8,-2.8127046167380074e-7,-2.5621414125651003e-7,-0.016684543739934984,0.0011785434588561185,0.0006479875927404874,-0.00029351541731126394,1.301560568289912e-7,-0.0003941775769332101,-1.52435659135688e-8,-0.05551801038168438,1.170397930031598e-6,-7.876809102651363e-8,-2.0308601561791186e-7,-0.0305113307931137,-3.924789506321572e-9,-0.024560078449589143,-0.00015399948185872842,-0.01329071739682644,-1.448490189309334e-8,-5.8957078691931005e-9,-1.509857721580046e-8,-0.01149565256697796,-1.722490551438554e-9,1.0370065956210785e-8,9.312019469361709e-9,1.8630364256163147e-7,-0.014153879995174338,-0.0012647211486689486,-0.03679456987599982,-9.097744746049985e-9,-3.303620015857868e-8,1.4427040530992127e-9,-0.0015269403430052582,-9.332108863508355e-9,0.0015175235229336588,-0.000147572615280236,0.00019279623701203176,5.6341258167519894e-8,0.020273845126066777,0.005820243219037748,-3.3125401929023036e-8,1.1976505281255205e-7,-0.0009425440615481592,0.00023282275364556112,9.410763772686392e-5,2.6301739207546124e-6,0.02875348495958902,-0.02320705809303283,-7.879031447119059e-9,-1.1268278089849484e-7,-0.013728909227634924,-1.0909144984900108e-5,1.4197701939902297e-7,-9.712729953851202e-6,-0.001692137481979005,-2.135614284315811e-5,-0.03390134096617918,-0.0026723432902324568,-0.005417204309138637,-6.938931660630848e-6,-4.900859299744406e-9,-0.00012841644711160754,-9.965718026170685e-6,-0.018774407466449126,0.007637559608675438,-1.1913211152684414e-5,-2.5516946229664175e-8,-0.016035148261929477,-0.005621071310567304,0.1558069578341512,0.033200249126752346,-0.0019063042805282653,-1.566406608164524e-8,4.0078576535076674e-7,-0.0027149613777508754,-1.2063876873092359e-5,-0.015497285184283583,0.47160415017838436,0.12875325293729925,-0.015630554439019388,5.982009590317876e-6,-0.009006139820835538,0.3778372710699147,-5.92543976343379e-6,-1.2678259778881099e-8,-1.0896960027780507e-5,9.256193338103004e-5,0.09789392313984645,-0.00015536994158508235,0.06969700743861006,7.714220670407131e-7,0.010147685382137776,2.2770704602946573e-7,3.2327326862268013e-7,-0.01753251036404579,2.950245137178545e-5,-0.06814307296277483,-0.0004190824832874249,-0.022536132492126222,-6.766035419202884e-9,-0.014167356415661695,-1.8833613714429646e-5,2.1041274663978174e-5,-0.00883858226514806,-0.0029560659441360947,0.007914342387408728,0.21083818279375038,0.00010282240473228374,-2.4234386593806794e-8,-0.0008622537877940975,-3.826732875424035e-8,5.7302354123266024e-8,0.0005859476506546106,-7.706539457508294e-10,5.566473651277726e-5,-0.003640322749604884,0.006118122867131544,-4.389342779348747e-9,1.0063592762882446e-6,-0.00013896635193912752,0.06723312018790352,-8.059269257079116e-9,9.17850605196459e-8,0.02017993456329442,1.1177385144846568e-7,-0.0005293877740495601,4.19515581705713e-6,0.00020849112222631012,1.0152709819128961e-5,-0.004499241152905508,0.0077720828702952174,0.010092160611044688,-6.406941375959042e-7,1.400409406093283e-6,-0.003279050983459032,0.024811342497680987,-0.031606640434824876,-6.396323372027526e-10,-2.3674524317686956e-7,0.007761409159903682,0.017574834096885227,-8.522757949588382e-5,-0.0008005031507445517,-0.03763252690039801,-0.0018309819345685542,-0.000371881125870323,-0.0014658984162017276,-0.0026663452507653604,-1.197411674014811e-7,0.000217552802018509,-0.0009944686303738068,-2.0173685010288583e-10,3.254911694030688e-5,0.00013792673937817042,3.5710178032856565e-7,6.02479993997265e-7,-0.03567923827897828,0.007204533982264118,1.2308346103848762e-9,-2.1661999581077147e-8,-3.340106758509146e-9,6.285078706287587e-5,0.19920402234919282,-0.02276436967261434,7.05400912681598e-7,-4.5414421615586184e-6,1.0108280997872102e-9,1.761823368849954e-6,-6.186245987689886e-7,0.05411685379827072,-2.2781772556936513e-9,0.0038773371180755474,4.412085707057347e-5,2.4898402140418538e-5,-2.59520265863128e-7,0.005774757672006134,0.0050376090071806295,0.0010272140669623376,-9.633916199291042e-9,0.003992833118703582,-4.5521768742673715e-7,0.11468293809608421,2.281366465734266e-7,0.46290652927152803,0.006465208577094956,-1.5456188072400847e-7,3.337384618636385e-5,3.915540881136176e-6,-1.5691331560021708e-7,-1.1632751968827538e-5,8.12941716731653e-6,-0.027446346076510857,-2.6369975195219524e-8,-1.755423975721601e-8,-0.001854876638103937,1.1310212255500247e-6,1.7677817552587588e-8,-6.396456292280476e-6,-9.636585412755096e-8,0.0033984459142240293,5.971688521222092e-6,-0.0026973228647143702,-4.6761718432521585e-5,-1.578616566694703e-8,0.008418005183507462,-1.432109069238145e-8,-1.846214654352539e-9,-2.3136731521304443e-6,0.011621758670392507,0.04093388511525894,4.0262714837080756e-8,6.543207238885672e-8,-0.00598372877060401,0.0077429744943205816,-0.021906717455823115,0.016224000991628736,-0.00019262004644725867,2.3318852926064292e-8,-1.1199158955393635e-5,6.288475308099986e-8,-0.05712492397614955,4.908476698177256e-5,0.0040675102618217525,-0.000978104387062755,6.800696869108241e-8,-3.7559172398504565e-6,0.015099050552995347,-0.00022881256943994542,4.3325884580483847e-7,-2.4845354778737286e-5,0.1741274597972515,-1.9122398202788742e-8,-3.995590474891729e-7,-0.006166397345757645,-0.001834391792700124,-0.0006675331072727499,-0.0015793175580824292,-0.0010442977049930188,6.514626896896033e-7,-0.0010640387029245404,-8.346626635492968e-10,1.0174601255458833e-7,2.4790301573628426e-6,-1.790617256723949e-8,-0.0006534210031732698,-0.014317271531791092,-0.0023510305078841445,-1.2549393562573456e-6,-7.054509587696426e-6,-4.827117866501721e-7,-4.494375318625534e-9,-0.029414438674033243,0.00011285548311346067,-0.0005686015510467783,-0.00016167247843741273,0.005029666524548926,0.2778119802267923,-8.527363846976444e-8,-0.009146696086072305,3.466343900045446e-6,7.072181257107934e-7,1.754447071197413e-7,0.0023251727239781126,-2.0123485534426266e-8,0.0002052105267419123,1.0964120011747822e-7,-1.5624756464403665e-8,-6.082867985484072e-9,-0.0011787902736290613,-0.0003163424385903946,-0.03795331973898936,-0.0013886078629901557,-0.009911186430378706,1.5544312700495953e-6,-0.06758445416598435,-1.03228813398575e-5,-1.958655262660296e-7,-4.856255029156701e-7,-6.57791554734217e-9,1.978540858886317e-5,5.697161923227755e-9,-0.0001762244588357321,-2.8252260655775097e-6,-1.50836683829663e-7,6.168932853904234e-5,-2.8028486956088833e-9,1.6819964634573896e-8,2.4621394834344777e-8,-0.05630790733693852,-7.63237358035678e-7,0.003373022901794671,-1.6659807042976973e-5,-9.064138929059373e-9,0.003935317037419796,-0.038466054657983736,-1.655570918054653e-6,-0.02949786525783974,-1.4985378460824977e-5,4.898344380070477e-8,-0.027664894984351884,4.258679023886984e-5,-0.0006343746407147724,-4.639243707159769e-7,-0.00028228149869495805,2.503775013023449e-9,0.42463988810673636,-0.0010894897857761962,1.3658769942227992e-6,-0.021668912472867407,1.9456898279874076e-8,0.05067049678744093,-9.281669938911837e-9,2.5860096553834044e-10,-4.872845850727557e-9,-0.01599873335570818,0.006656027136622956,-0.000258105108526094,-0.00046342086851097503,-8.513283830645914e-9,-0.043852639408259474,-0.015551666251645845,-5.195543119195211e-6,-2.54206075275147e-7,-0.014996635050854126,-0.0007832991710427756,4.189747169130811e-5,-6.171045188608789e-7,3.505583479455193e-7,0.10224790129601535,-0.007903856753777062,1.4082889950901238e-7,1.8794317122747161e-7,-8.195190968145182e-6,-0.04155241464099029,0.0001447088743360395,-2.1696836966599636e-7,5.2723452347223525e-5,-0.004597873449962237,0.0018512305634793603,-1.598904576876045e-8,-1.2792384536934426e-7,2.678872242021792e-6,9.362482242921163e-7,4.14181661904921e-6,5.402498112647127e-8,-0.01957429266852104,-0.008855016552476006,-8.807795846421933e-9,-1.6288190127279054e-5,0.0014818875764421827
0.0,0.0,0.0,0.0,0.0,0.0,0.0,0.0,0.0,0.0,0.0,0.0,0.0,0.0,0.0,0.0,0.0,0.0,0.0,0.0,0.0,0.0,0.0,0.0,0.0,0.0,0.0,0.0,0.0,0.0,0.0,0.0,0.0,0.0,0.0,0.0,0.0,0.0,0.0,0.0,0.0,0.0,0.0,0.0,0.0,0.0,0.0,0.0,0.0,0.5526080171769783,-0.0028081606445339935,7.94664981559001e-9,7.508692054391594e-9,-7.455162212333891e-5,1.3607986856165657e-9,-0.00027292140614503137,0.029224773107608428,-9.254778052852783e-5,-0.002205586219052866,-5.6604027964648286e-5,-1.1142686418410125e-9,1.1383907296590289e-8,0.005522529106244603,0.060769845048395645,-1.5582005338429685e-7,-0.010804087847531417,4.667962613085688e-7,5.1503357384211706e-9,-0.030650415205308246,0.002496995736759434,1.4556131680401583e-10,1.232327977962904e-7,-2.1565454279240832e-9,-0.0015172002466188027,-1.7210095822151884e-8,0.0015565339141590604,-1.6413260294583322e-5,-0.00012509159876078672,0.0009193529831949067,-0.08074271576901239,4.649609205898215e-8,2.622045082744803e-5,0.0001999324324739493,-0.0021227650209789018,-1.3353539378357694e-6,2.582752105319435e-6,0.25415245307926876,0.011988253850563785,-9.729607287244298e-9,0.09888371476513343,-0.035979164719373534,1.30525916686774e-7,-2.515275005191717e-7,-0.01946389130300162,-0.0035210451910435724,-1.5860950185910396e-5,0.00400946771656377,0.007203685069720123,1.1651182451412139e-8,2.2679307438458042e-9,-6.061043673770728e-7,1.0183484331474323e-8,-0.011398705153786137,-8.232155806205437e-10,-4.062008970325259e-6,9.914267472756913e-7,-9.025500483501502e-6,-3.3152698650663957e-9,-1.060662880780753e-8,0.00037380703943991415,-0.040983124630369655,-1.706788352591463e-5,-0.040746762971026834,5.849390277066229e-8,-0.00527493319459737,-3.067571133525543e-5,-0.039068877849265965,1.4775284881861049e-8,3.2042339700405715e-9,-0.0003611897289144021,-1.0641637001352599e-7,0.001844716931568313,-4.3507101795166055e-5,5.4505279288523215e-9,-0.027656664170464904,0.012552941962316525,-0.0013291101754447324,4.122416808742819e-6,-0.0018594795180123642,2.702225240740406e-7,-4.947430905925527e-10,0.025713306382915153,-2.7263200089739177e-5,4.6199410323172836e-10,0.004236338408884229,0.0005130236312320992,0.256755503305472,-0.003109858806161073,-7.61417445667349e-5,1.5316154679746202e-5,-0.0019283358208446782,-0.016639081241029165,1.1136839980204899e-7,0.22542621364480206,1.880097890363534e-6,0.0005936795304544234,3.8872543164042436e-7,5.439400390704679e-9,-1.778631382778267e-9,-1.6802512829760557e-7,-0.0008216678576227742,0.0020501039188949243,-0.004146150093537133,0.015613740814248718,-2.2069268321263044e-6,7.780221082685823e-6,-0.0025259162209268207,-4.091887135405706e-5,9.087455543236988e-7,1.4630936859141626e-8,0.02283656810886953,6.863041081908766e-11,0.0011984545838516368,-0.001369673626242651,7.525214787271219e-7,-0.00017150789973766786,-0.008623232952461897,0.000790501585173506,-2.2009648511958466e-8,-2.6051757200260046e-10,0.2576008239107856,-3.9395365430810954e-11,-3.0015553327735486e-7,-4.101619789431889e-9,5.3908935885042974e-8,0.004296826277373599,3.071863084815988e-5,-0.0030210559159182747,0.09605790824155672,-1.0932580870784936e-9,0.00034809044901228315,-0.003535852556320978,-0.009344268559260594,1.4063512471679182e-6,-2.519432080444666e-8,-4.183689581022756e-5,0.006181573615005905,-1.7060547133653352e-7,0.0009684027930187569,3.034285269628459e-7,0.00011367668774524191,0.005377291578173511,8.632641123721985e-8,-0.00032111034376848015,-0.050524991144335195,5.3883509544915024e-9,6.137265879187964e-6,-0.006275046537479238,0.3278399470415471,5.044474473299046e-7,-1.1187683986665823e-8,0.005440124077932483,0.0007181941854687361,-7.252448584204123e-5,-1.2867745643668116e-6,2.7104081545000024e-5,-4.184858906423538e-10,0.00835410457373626,0.04911399790366252,-6.131250218581585e-5,-1.3531436928439103e-7,-1.2445502925921967e-5,-8.674635139379936e-10,-5.372029735476057e-5,-2.659052015380656e-6,0.0031931623883550762,-4.8115978931716555e-5,0.04745129183489101,0.002387314638527896,1.52609893095821e-7,1.84910742330267e-9,9.401670774754251e-7,-0.00041790418599411315,0.2963503152994639,9.90435614295358e-10,7.700692222777002e-10,-0.009213014758348055,-0.005595734449866912,-1.0092950479178849e-6,-0.0031444362961756136,-3.7017595286626546e-10,-2.7586564378672617e-5,-9.072760300401057e-8,-0.0004710031116915635,-1.0088717962013723e-5,2.2038389332551597e-9,-0.00028021259066714714,-0.019132395295060084,7.352071986242359e-7,-3.6860657950577697e-7,-0.03842257398945879,1.5183792048071722e-8,0.03217162601887377,-0.0001818491423578125,-0.00908278313275597,-1.5757100388629084e-9,-0.04280177001621939,-3.187893958758055e-11,-0.001443421294440547,-1.962339269063583e-6,0.005906386201001368,0.008249398837675488,-0.03060193447989997,2.2567435247972756e-7,0.09306974561981707,-6.186434295886754e-8,-0.003096671154803206,0.006473573070496737,5.4657308009169e-8,-1.3028274988006209e-6,0.0004647666715695545,9.613982044762813e-5,4.5386462160712075e-6,1.3703026598026608e-5,3.734470111495019e-9,-0.008114781321314513,1.3058621324285202e-9,1.0970082734271276e-8,-4.763204060811652e-8,1.1473246331148088e-5,-0.043100697844926206,0.010582625966823035,-5.3002645614557677e-5,1.1677987431119947e-8,-5.146421164067439e-10,-6.16669922996631e-5,-0.037805524472468405,3.9588868087809625e-7,-4.124666956707056e-5,-3.25956239519402e-8,5.836311908705482e-7,0.000682714291523405,5.5998432937488014e-8,0.0004908356444476496,-0.0011244780673020974,-3.976418893405148e-5,-5.6232281581830555e-9,0.015621662971082705,3.956742256292115e-10,-0.05337098087961862,-2.0942935704375922e-7,-0.07007870702855332,-2.4260597050883807e-7,-6.553031129638435e-10,0.00010438110179472094,-2.162358943531211e-5,-0.0022113449150768503,0.33013125348285705,0.015763299843037128,-1.4869629558804387e-9,-0.005964219343944438,0.012259080351658722,6.004691012645624e-6,-1.959093916595158e-9,-8.671831071804977e-5,0.0007312728601801438,0.013588918362366274,-8.249396228781986e-5,3.796370647355638e-8,3.46599853369497e-7,0.030976860001119783,-0.003979536480197053,0.006570887849626313,-2.0840107586031807e-10,0.2006889266758221,3.665942496991095e-6,-0.00035713854351788853,2.1052836936405356e-8,-7.311122474511446e-7,0.0005077464699389076,0.00013017298392304922,-8.054491561577932e-6,-0.0008361749967315381,-1.1082142660084054e-8,0.0026990399798116752,3.716822625444207e-5,3.403061322510239e-7,-0.014085164347667645,-2.2579322257519156e-9,0.003052499169572484,-1.273885261240391e-8,-0.0023135027906232702,-0.0001107747837352037,1.0364744641218392e-9,0.011703350914168888,0.02980321516405331,-2.6812608985734433e-5,1.7434481578385258e-8,0.0056065806222586395,-1.303888058200537e-9,-3.030075925973023e-7,2.152912855988746e-5,-2.7989419963930503e-6,0.015479897150997225,-5.8349756204744435e-9,4.0778432361970985e-6,-0.06278862014060971,-0.004890949910836938,7.628149084492501e-8,3.7935798863657375e-9,-0.002774541198832511,1.8798688731941076e-5,3.283660179974729e-7,1.4526062022948815e-9,-2.1715052517942107e-6,0.0003616812254404965,0.0005421195837451637,-2.4438371433445806e-6,2.85284055419411e-7,2.0311230490139798e-5,5.296733101215612e-10,-2.3307634099155639e-7,2.1437008935460644e-8,0.000980277781372087,0.0021193312213518925,0.14899388705648237,0.005906212312527562,-6.480746843818659e-7,9.967420552796798e-6,-9.952333250144044e-10,0.0001236949146343798,1.9791288905345164e-9,-0.06596019256305517,-6.971212792150384e-8,-2.3773708122601982e-6,9.805337970933495e-8,-1.6150395721130262e-9,3.627540104058841e-7,7.692719705872832e-10,-1.5962301891728362e-7,-0.007545578207451092,1.8978403807986182e-9,-9.108159104313866e-10,6.302132598172501e-6,0.00885401474490994,6.1030393941798855e-6,-6.433808777888118e-5,-0.03259877920114439,-1.4906823498157744e-5,8.750307897285693e-6,-2.3478015120328697e-6,-0.0013294352638956836,9.675261750632817e-5,-0.008891275583355578,0.07981844431166048,-2.9833602207476093e-5,-0.008575045077529026,-0.017208049858374135,3.5962271973758343e-7,5.751010453300339e-10,2.938016217235281e-10,-0.0006304801718419572,2.3820899189266203e-8,-0.040672343018945144,2.710675861081593e-10,0.011063833966406077,-6.201528508406194e-5,0.0018577361408299905,-5.2725984255056175e-5,3.942679615346404e-10,-9.091364645654045e-10,-2.000721981996699e-9,-9.096578466968546e-10,-5.796047159655176e-11,-0.06418559945840135,4.0481739332459294e-7,1.8983516794679268e-7,0.00013434812488444847,6.27681045843875e-8,1.5249882817812624e-9,2.7782386835276176e-9,0.0011034549011051937,-2.4531915405674277e-6,0.00035255465710099144,2.7344908468155765e-5,5.1035659614258685e-9,-0.004235073306214994,2.963626414312993e-7,0.0005242443075778764,-4.027711449119073e-11,1.04849883108981e-9,-1.3785435130365612e-8,0.19894111292373143,-8.203626575735154e-8,-0.0010168767410655153,-0.04184318608647899,1.3693106145310362e-9,0.008853301269456097,-0.0033134979310088593,0.0046548980053761286,5.277595744228819e-7,1.2640503785681049e-9,-5.255706668590484e-9,-1.0548445881911403e-5,-5.532051590488171e-10,-0.0008326880507465122,-5.831560301605865e-11,0.027244692251803072,1.0123722181626941e-8,6.971133307560654e-8,5.594889675577475e-8,-0.0028293277314499488,-0.02344385337666203,0.020667523189804447,4.54049624834984e-5,-6.539779093263901e-7,-0.004283712283273418,2.0400478994774683e-9,0.003630674795115239,-4.749125542262746e-7,-1.8047531423056575e-9,1.197681064920189e-7,0.004444009360779332,-4.154607777993763e-10,0.010536519687482862,-6.893562802450052e-5,0.4160823858038555,3.084976714131815e-9,2.4025399292046974e-9,1.0912893578115301e-8,0.14100806224777226,9.402980927887752e-10,-2.5488788541766074e-9,-1.7507545050698894e-9,-2.5851983256073882e-8,0.0026541924517691304,-0.0002499453995141554,-0.0009247488899713846,-1.5569787256059616e-9,4.446295007575168e-9,-7.963910103935004e-10,-0.00020274780500414925,2.463801556760709e-10,-0.01188812238701365,-0.00024343923841653854,-6.334154275686783e-5,-9.834221748639443e-9,-0.017069324791270754,0.005543762297518999,2.7523777126896792e-8,-1.3770297425498514e-7,0.0002877906970520559,-3.55651607632202e-5,-5.0488886353815825e-5,-3.215830570961702e-6,-0.007783468427315375,0.3907090247505232,1.2781929550197332e-9,-1.740904508246236e-8,0.09556347102848751,-1.2028552860367711e-5,-8.838091088847637e-8,-3.3676297179645197e-6,-0.0006181740164886711,3.1707426020862594e-6,-0.061889830074284946,-0.001086742332135524,-0.00441876100213575,0.00041186481136010764,1.3175664386087338e-9,0.0002485148043278636,5.23976016427627e-6,0.5239470935323403,-0.0123926445927345,2.006914859528525e-5,4.697477902707406e-9,-0.0009484614107171843,0.04946568553857842,-0.0003094582235106371,0.012318545092263431,-0.0014972304629752833,1.4000062104503897e-8,8.791618055815118e-8,-0.0020578996706723945,1.0119396409436972e-6,0.007024434343483285,0.003927430764060739,0.08487174482186717,-0.005528043108329418,-4.2883352833120235e-6,0.004357931546153638,-0.017188785937070027,8.364217970417518e-7,1.0504391251949212e-8,2.0185708638856423e-6,-4.3565035744138905e-5,-0.07097478080619729,-0.0011869694407187824,-0.012318682999827378,-9.93801670374815e-6,-0.06366011452282518,-2.8001075566672167e-7,-2.411329547827702e-7,0.07118547998534493,2.02650560296663e-5,0.006865014530586894,-0.002375858239688904,0.12161902195317285,-1.2268468431483463e-9,0.010393829491806986,-5.233534582439172e-6,-1.740541065448028e-5,0.4596798865111826,0.005135182870970623,9.931946901632365e-5,0.014699889153899947,-2.29585769868991e-5,1.2105695654459298e-8,-0.004394003231349298,-1.5147248267005772e-8,-8.394727948603165e-9,0.08415002486974893,-1.0773148486148234e-9,-4.8088289143114e-5,0.003930121783139313,-0.0009740018647682679,1.5048703053052534e-9,-5.791544617508998e-7,0.00011135555666355388,0.006062919676327338,-1.3563390257215848e-9,4.69691000722794e-10,0.0039025250774847374,1.6628967503442674e-8,-0.0033186799972918387,-1.8922698517700373e-6,-0.00012007818144903441,8.152246471686118e-6,-0.0032797682820035743,-0.025408752069539683,-0.0022379815452653684,3.752929151259843e-7,-1.7908825352316632e-6,0.01012548098979222,-0.008738442053371234,-0.04738061960535639,3.669420533890034e-10,2.8157332502632748e-8,0.0016443757984487026,0.018177819956568204,0.0004909241088947435,8.021938796131765e-5,-0.019769993436529222,0.0004476858716906695,9.471403426414251e-5,-0.0026339035125366055,-0.001236647702486008,-8.074250704379194e-11,-0.00012608068677421143,-0.019831261702882578,-3.388433229184752e-10,-3.480507687539233e-5,-4.387324517331082e-5,4.7842992287583016e-8,-6.527588482932705e-7,0.007973610376173983,-0.0004958979332006873,-9.053916299579156e-10,8.694938589732478e-9,-1.970438799922892e-10,-3.982266016108282e-5,-0.004698347039263221,0.036873743049653934,2.0383688048013786e-7,1.180232742113374e-6,-7.554017723939376e-10,1.2870275789549597e-7,9.36723963863575e-8,0.0001718910542840102,-3.699422305214905e-10,-0.0022736021958529723,-3.5218218723400564e-5,4.034096493332358e-6,2.3845331253353182e-8,0.0006159962223384805,0.005397916120498343,-0.0007467341958254017,-9.73417483851748e-10,0.001443621930859603,-1.1882991367688211e-8,-0.04209911104330072,-1.629783280994892e-7,-0.008403265018595682,0.0008151131265282155,7.299595865318432e-8,-7.318981709523835e-5,2.6355468932742097e-7,3.7817002945374655e-7,3.0910447381988596e-6,5.322755488854334e-6,-0.024858273672733903,1.0760186616070366e-8,-8.252110456044426e-10,0.00013162477102160225,-1.1016925887685333e-6,-1.6176299330515404e-8,-1.4656809264902715e-5,-1.3069524099004834e-7,-0.002839427245883424,2.318447401297283e-6,0.07885441087947183,-3.589998958343377e-5,6.025265171184189e-9,-0.024903872940397562,-1.9676976580943053e-8,1.0457314352046335e-9,1.1614581961157124e-5,-0.07324162496708286,0.20243840887134473,-7.825118090417209e-10,2.2775117580420736e-8,-0.0006358594023747604,-0.0033400818610280114,0.19711847279211797,-0.0015417241251579191,-8.747131992310631e-5,-2.2206283915799656e-8,-5.8708625549427234e-5,-2.3223986458643523e-9,-0.0016756132742539425,-3.979056418794985e-5,-0.0006911165326655759,-0.0008915351560637727,-3.934378798856993e-9,7.829602401011695e-6,-0.026224069521802364,-0.00023319738396953326,-2.93333318100418e-6,3.1735196982148286e-6,-0.017794870132387425,4.275651506181214e-9,1.0832624848947146e-7,-0.0056827247176998615,5.6698663584670304e-5,0.0001435447251070473,-0.0002625617831330088,-0.03764695312284055,5.531674106240714e-8,-3.65973111282217e-5,5.192722393535437e-10,7.4190927408803055e-9,-3.992974977428118e-6,1.408110435880775e-9,-0.0008694033355466359,0.3141548849649907,0.02957989662889186,6.782291378539764e-7,1.9081494802071537e-6,3.837011627037946e-8,-8.855973573384002e-10,0.18233699874177312,-5.470669693448395e-5,0.020088723426516224,-0.0016749321568094962,0.010040976894424408,-0.005239105974846953,2.074868973153531e-8,-0.004289373249204529,5.689945200686857e-8,-2.203719308849054e-6,-1.5166923466195986e-7,-0.0039171087688499645,4.36005220269687e-9,-2.676430309607956e-5,3.158777079249825e-7,-1.5463688217086845e-9,-1.9557919657270085e-9,0.0006188982483417328,-7.100791290098177e-5,-0.0008808876570186822,-0.0029877288329383943,-0.0006228047064929034,-2.9693348411929573e-7,-0.0009366177783638488,7.406518572196946e-7,7.557439863599685e-8,1.392445259161012e-7,-1.084981684585776e-9,-3.7566038690468783e-6,8.919305354847107e-9,-0.007225732831112527,5.406688028111287e-7,7.128394924423495e-8,-1.6787975213377348e-5,-8.309340320782067e-9,-9.6743025006136e-10,3.6531237908390904e-9,0.0010190845430753468,5.026635287761184e-7,-0.0026137567847356975,2.3126138169884495e-5,1.4027258319794984e-9,-0.001636044999093267,0.009720260909019342,-1.3347947473127275e-6,0.00914094362181631,3.0419385449938404e-6,3.60554792994035e-8,0.013426698993139889,-3.644830446312124e-5,0.0005777461185387001,1.9355833800756723e-7,-1.3345428547984971e-5,-1.703079972210799e-9,0.005963798481133503,0.0003415537190382652,-2.4965304915888526e-6,0.0043965222119942415,-1.9924846263785738e-9,-0.040527911540314716,-5.664150513811858e-10,-3.728589154329806e-8,1.5417177292705677e-9,0.11254708010163747,0.0010494514398467765,-5.5305261947057415e-5,0.00019216392435269985,-8.984479830112893e-10,0.012799904109335862,0.42742493579501556,4.610232431411522e-6,-5.564859279213363e-8,0.42354289420219393,-3.6406300155064943e-5,-3.365215169652544e-5,9.637145306296106e-8,-1.7070279346389123e-7,0.001791263604872263,0.004628036846648305,-3.44156508951961e-8,-8.797341980086764e-7,-5.536027309826194e-5,0.012526195806934325,-3.289077889777451e-5,4.710413217720661e-8,-4.980295431337431e-5,0.0039694498475522765,-0.004703278432084551,4.562622175574131e-9,-3.4172534811818096e-9,-5.144741624873864e-7,-4.649083597553285e-7,6.073508856363585e-8,5.237226855146561e-7,0.3806033931931484,0.12169822186006936,-4.656871583421763e-10,-3.034233818852832e-8,-0.00045573210111243936
0.0,0.0,0.0,0.0,0.0,0.0,0.0,0.0,0.0,0.0,0.0,0.0,0.0,0.0,0.0,0.0,0.0,0.0,0.0,0.0,0.0,0.0,0.0,0.0,0.0,0.0,0.0,0.0,0.0,0.0,0.0,0.0,0.0,0.0,0.0,0.0,0.0,0.0,0.0,0.0,0.0,0.0,0.0,0.0,0.0,0.0,0.0,0.0,0.0,0.0,0.5502439386929892,-1.761233666114506e-7,3.6136563500238267e-6,-0.007359709899965529,-4.0161376745401896e-8,-0.04207400487318012,0.0005957678957754129,0.001962098742506966,0.016681502687117537,0.13722880266497067,5.257205022559842e-7,-1.080607079735623e-5,-0.0027288563213309423,-0.044833906393583915,2.2006249653967423e-5,-4.460490806570151e-5,-7.830791123104777e-5,-6.493894198013479e-7,0.00017443766428729886,-0.018797426429303418,-9.998783427929437e-7,-0.00012529971524275816,2.706294966506321e-7,0.0002559994063135073,3.5761143352809955e-6,0.006681173475896405,-0.002970408769487658,-0.00872931067791514,-0.01328103226340561,-0.000491624251583863,-6.919701218120692e-7,-0.006287132912131558,-0.011158146275049848,0.27048126721885263,-0.00031251612898761257,0.0010781876785374584,0.0005366119029965514,0.0072730891501156855,-5.958839486168784e-6,-0.00011953202588293907,0.013241686479633478,-8.959361945733091e-6,0.0006608850449145621,-0.026181991905846476,-0.011411528268956962,0.0016642501507409162,0.0019125405964086032,-0.00024337089409576116,-1.2149819175528573e-6,-4.379225566359109e-8,0.00014618176455177126,-1.2228381217361056e-6,9.811971964168583e-5,1.7231974496849344e-7,0.0006559452591359177,-0.00022088040557162136,-0.011318675270932502,1.8546854601807848e-6,-1.0033762352370073e-6,-0.03988210365652717,-0.006406607557097683,0.00032409197817509874,0.0030167565168104085,-0.00021135886261074545,0.2907830706978178,-0.0005000135485074576,-0.00016224135516482952,-2.1234640635437654e-6,-4.949085663456888e-6,0.115282672204986,5.516109194087294e-5,-2.458352098024193e-6,0.03063959486378395,1.8294480688710723e-7,-0.0010729445443960412,-0.0027056542109168357,-0.009821083315760714,-0.00029238909515562697,0.09322024325807458,-3.815474238429891e-5,5.228617519141069e-8,0.005069585997514358,-0.034544776845923886,2.7266894875541444e-6,0.0002936523992286232,0.0038973921886914517,0.0015355347099802671,0.13515674772687372,0.004144731971347031,-0.0018793364918364259,-0.049958563254665946,-0.0005122714577571104,1.975932552708689e-5,-0.015272966217667695,0.0002501103828137849,-0.004664283921118501,-7.816588097178177e-5,-3.094086688088773e-7,1.5193869191251922e-7,2.409688750874051e-5,0.38937631744896595,0.00044459971078716014,-0.04785112924750734,0.010302919777909635,-3.35585410707407e-5,0.0005242439571784116,-0.020379733007919676,-0.006893099855417339,3.187401569773312e-5,-4.806312503284141e-6,-8.51052656897534e-5,7.313961415417755e-9,-9.337483663544825e-7,8.172571436346612e-5,-0.00011991389678473149,0.0010943662097009227,-0.0034990031572068835,-0.013120625604989663,4.009876343272081e-6,6.742677054466714e-8,0.0005067535412625452,1.6716593991717937e-7,-8.116130675457133e-5,2.831050785588653e-6,-3.95427952913675e-6,-0.017408589027110354,-0.008216625615564854,-1.6656991821563146e-5,0.0004445109582666064,8.667273059762956e-7,-0.013621759179667793,0.2163232105966861,0.0009231684223383394,0.00071086643905333,8.964985546038695e-6,-0.0024128331649327186,-0.009780777103761334,4.457331752496182e-5,-0.0025612170183996834,-9.785182955318276e-5,0.0020695165144240394,-0.0003333593454382131,-1.7861683700659097e-5,0.09434444440231224,0.007943791847040395,-7.627695710665978e-7,-4.4683454519189415e-5,0.14784270929680798,0.0008609443365289155,-7.37795762545762e-5,2.149150553682219e-6,-0.06120934444061861,-0.0060794703925139805,-0.002450638624357819,0.0005361284439581675,-0.009972724514444377,9.169748346233271e-8,-0.00866431094264409,-9.958303309332607e-5,-0.01566614950692648,1.9530790203696403e-5,8.259394901679794e-5,-3.7750785583420754e-7,0.016165123377856548,-0.00024715843074208657,0.00027403675649478507,0.0011845345566867153,0.00046464644535223354,0.0028856870282044198,-5.48258166434985e-6,-9.898043843437267e-6,-0.00024961765179207804,-0.012375166297631713,-0.0009319022593671408,-2.1498309982079924e-8,-1.4815945572543497e-8,-0.00013243179969305515,-0.012503555812172228,0.00015195379710974277,-0.0009459224303567209,3.13850124001105e-7,-0.009917257092619518,1.3994178024510452e-5,0.021523095883383747,-0.0003329497214834661,2.5261931115115013e-6,-5.1200540410988736e-5,-6.524302112167892e-5,-0.00014487874772078365,0.0003738665381537861,0.004265652703296612,-1.9806076610979944e-6,0.0003645772866632721,0.001032673625704422,-5.231786594585873e-5,2.026809555224289e-7,0.00017822382854270396,-2.582167653219788e-7,-0.021067535049821343,0.00024366700068723885,-0.0013944179275596717,0.006023740137186083,-3.646197952514869e-5,-6.83491425028418e-5,0.0020374330640370152,8.800363793233082e-6,0.048662201569709025,-0.0052827453682585965,6.006392168419903e-5,0.0003158676871041214,0.0010529390059620173,0.11762813162011025,0.001689273407078377,-0.0016103568769959482,-5.434985423389867e-7,7.041863711569302e-5,-3.4667038964761614e-7,-1.0217177321247915e-6,1.4760432811044761e-5,-0.007139808177727068,0.010092656571322918,0.0004777114670073642,-0.004754730513978249,-1.3751028310161412e-6,1.8686749673888074e-7,-0.012637322087257565,-1.0901461444719501e-5,-0.000125475220207479,0.04909281024834272,5.87326962648829e-6,0.00029382306630119844,-0.0009170803191410815,-5.656716700047286e-6,0.0005670959301832688,0.2472796944795227,0.0022935146991623985,-1.589216947756003e-7,-0.004308424099169252,4.692089952886497e-7,0.005896913662781336,-0.0002463063808467585,-0.0003338829194844616,3.408731135472788e-5,-1.3486197722872573e-6,-0.03687200356670459,-0.0029127014908179776,0.07431665443795907,0.0006701533710111331,-0.021092671513670537,1.6845375522748475e-7,-2.76932230691162e-5,-0.0008516457831611547,-0.0019007784699035903,2.500463868054067e-7,0.0527633034099259,-0.02165028762978389,0.003886739063560848,-0.0036017332885640236,-3.2065576247293974e-5,-0.00017421891265992102,0.00360368527369304,0.27482411382130856,0.0003459249261015761,2.228195219483991e-8,0.002226153002695259,6.892726892244976e-5,-0.01797425273878553,6.165506345237874e-7,0.00012489562223099042,0.00018039262785613043,-0.05484350026810999,0.0016168168688776203,0.032760980657234,1.5810968523702684e-6,-0.0028261362500028816,0.028041278423225305,-0.00011291436696738799,-0.02642380601114226,5.390437674456185e-7,3.105716434751586e-5,-2.8796647207208865e-6,0.0030986911041247307,0.0004078352914248872,-3.576516188514371e-8,-0.001963006942213738,-0.0007085985160549466,4.58742768765706e-5,-1.374965193822367e-5,0.013128647342003858,5.992383501242404e-7,1.991437188946617e-5,-0.011830298270132024,0.000531844514704028,0.00036091468337441483,2.446805374019498e-6,0.0006887669593909643,-0.0005327471237991871,0.41189209478069744,-0.00013957238994343496,-4.7626003953842077e-7,-0.0067274963840364575,-0.0017950225458187269,-4.1655471901895524e-5,1.3523267921980447e-6,0.0006181576519653864,-1.7483984367043144e-5,-0.005747284040726908,0.0006356111381719446,-2.8979886682797645e-5,-0.016341769375955464,-1.940837170796547e-6,3.276526805301286e-5,-6.916510447130348e-6,-0.0264390625209569,0.025145468441919058,-0.0014128707573453506,-0.0020241346971633096,-4.583012140388591e-5,-0.00043389136613097357,2.7058337378030315e-7,0.07446243436538791,-3.40285015648331e-8,0.00014446686720805794,1.115428373380281e-5,-0.004676212419014473,2.7747373904169196e-5,-5.291365545773382e-6,-8.086986174177219e-5,-9.456133058879018e-8,-4.5056623671721665e-5,0.00021689103012768546,-3.7767910893697556e-8,1.0955553492353947e-7,-0.004850931964983498,-0.05679341503505521,0.0006016097921532648,0.06304046608980307,1.0499868787228901e-5,-0.007306679181842332,-0.0016066957345320428,0.0003917995853507381,0.30928351827664713,-0.012431042421567678,7.890598523971261e-7,4.798489671469751e-5,-0.000595871624581635,-0.0016619407822057296,-6.800333565124751e-5,-5.118108876202862e-5,7.597410463554889e-7,4.025916937808759e-7,2.1355742840579953e-5,-1.9157493604306273e-5,-0.00017155564578326103,-5.293935915732608e-8,0.0036962038231410517,0.001218543192368848,0.00030685759764928976,-0.0053816134085268395,6.002074994835285e-8,2.8118283913932867e-7,2.532488327266542e-7,9.00556923291868e-8,-7.286651137662968e-9,0.011664051416517487,-0.00014230045786808193,-3.660998036442829e-5,0.008852606969407373,-3.910384306065782e-6,-3.901581954421492e-6,-0.00011647775023943972,0.00014321619925706638,0.00011721563701051471,0.00011451571893648859,-0.021956604816006104,6.167221957658938e-7,-0.00866453020351227,-3.7995956142320935e-5,0.0028393015260704613,-8.795803312924393e-8,1.5054126649988223e-8,1.7090240672750805e-6,0.00023066599246349394,1.220197231293757e-5,0.05099187616622435,-7.166531918013962e-5,-4.979582714358629e-8,0.0003821509763963894,-0.019022763424209055,-0.0009757323827957007,-9.419639822489336e-5,-2.5166338676404784e-6,1.6221979939756555e-6,5.345803168886085e-5,1.672021364321486e-7,-0.0378693087695336,4.443162834589166e-8,-0.06160457251836053,-1.03694941542667e-6,1.0802468886487168e-6,-3.408883635626193e-6,0.00027549848142834657,-4.9342459870681164e-5,-0.0440115315807561,-0.02484432885114442,1.862992513119335e-5,0.1292201576573886,6.701546968292104e-7,0.00048715848780909733,4.849610044050334e-5,6.459878373275892e-6,-1.6217700972607143e-5,-0.029093676779255014,3.1284825453915057e-7,-2.808797212670705e-5,-0.014237925117803443,0.0010595640565217365,6.855852199324526e-7,-3.225744560394034e-7,-1.5026603396593966e-6,0.0006136625128173621,-7.016384677526025e-7,6.124989738716632e-7,2.1670226256986395e-6,5.447822360607173e-7,0.0005679582830564767,-0.0332176268876099,0.009495015350571373,1.1588631613817951e-6,6.17252928091575e-7,1.2025182730535066e-7,0.014194640660813442,2.9279751430217957e-6,-4.037358738266476e-5,0.24650882122989307,-0.01009405308226669,-2.2249478579830367e-7,0.005253456120308656,-0.012484616300155904,-1.3644293795444535e-6,2.0999238558334813e-5,0.0030904976272383053,-0.014477470067586023,-0.00031874958049165735,0.0003922911431523043,0.006157597827626977,-0.005909264554435059,-1.2412929413709463e-7,1.268455765927481e-5,-0.0002895392592016873,0.002292863026059184,1.3392312762468092e-5,0.0006009900414856111,0.10807319395092332,0.0006868371801987791,0.008583729909171204,0.0843290217961646,0.17931188979559767,-0.011026057247997524,2.4243250998362002e-8,-0.008330993177752915,-0.00021071228955940217,-0.0014499923007669478,0.00032823706301027787,-0.003744358917789992,-2.585343145062254e-7,0.0001364079914967126,0.0025684884794616803,-0.002776775899425517,0.0006413455079772711,-0.026097756903474816,-2.005836573238916e-6,-1.2322555755644623e-5,0.016369151275191753,0.0007153390564469498,0.0015006047122996908,-0.0009461260680246434,0.0004992429473291353,0.008499836053526834,0.0005236324910906033,0.0003703019023081885,0.0006800396682713179,0.0004410478468943129,-1.5155814467140278e-6,-0.0001482620981460863,0.0011296128814862916,0.0046590313717858114,0.06611391173280928,6.566608051938203e-5,-0.0014174195578498371,-0.0005013382141900632,0.00010928256097093014,0.00011197690967622912,0.00431971326816408,-0.008621397807339011,0.004231235406981977,-0.0004534549052947088,-0.028234822856568618,1.6654844012589522e-7,-0.0009799239512855856,0.0014816075034202447,0.001036375871055498,0.0007049211557637844,-0.0008464864220924822,-0.010216657548645472,-0.0009413978453038777,-0.0017251869267988636,-1.381412018708715e-6,-3.132125434720202e-6,3.3096434073987192e-6,7.328106509391831e-7,0.00021611092663700575,2.0339027811759636e-7,0.0020229914981851633,-0.013050484238240014,-0.0199518503271785,-1.7002821159933573e-7,-0.00023155446419109642,0.017580067993963635,-0.001758874602823916,8.280955596266258e-7,-1.7018096847564251e-6,-0.0005937945242310208,-1.1519636852908436e-5,0.4313820408530257,-0.00013745599186912379,0.0008627666813661372,-0.008889648077208417,0.28765756137046317,-0.007033548000690076,-0.016418879238868225,-5.4753901580869554e-5,-0.0003471649307720327,-0.009151025842772914,-0.04092541560534972,0.00933559288065336,1.4554964144970689e-8,-3.4140636773159538e-6,0.00012430372714745,0.00012149934256724441,-0.051210791554570444,1.608715214563787e-5,0.015524252522248812,-0.004512986472108576,0.001528838563361074,0.44323631248331785,0.054780023065430575,-4.924186525750086e-6,-0.0011961822293134461,-6.133696429755367e-5,2.29125071235821e-8,0.028269775184383204,0.00021602263728625695,-4.221925167953483e-5,-0.00014443068091555647,0.0005791269670441193,-8.723003775427901e-5,1.1173573860106665e-7,-1.0827696361102947e-6,7.718592805552821e-8,0.08303644426757265,-0.0004394863892580122,-0.026306990514368637,-2.362908805120552e-5,9.635893904025635e-5,1.0846121036263777e-7,-6.66803793557787e-5,4.804894164825813e-6,0.0024865195592047922,5.058446370221839e-8,-0.019188110552974817,-0.005532408755377785,-0.003637385242912447,2.431949382800725e-5,-0.02540576398759051,-0.021083409427445274,-0.012921131918714157,3.5953202869448204e-7,4.6923717749656745e-5,-2.627192080515667e-6,0.004459505064111759,1.8230419094085512e-5,0.0004409339307721081,2.076841860434199e-7,4.0405298172601295e-6,-0.007309531559085332,-9.658782513770856e-5,-6.943246897089693e-5,0.00016811421995062311,0.00046027020832178033,0.00697893604520516,-1.0769097420421723e-6,2.395407300523746e-6,-0.016390488982398598,-2.2385411387635566e-5,4.707388163387509e-6,-0.0011283961906634352,6.005217934231877e-5,0.12012207701903535,0.00021579421535042602,-0.00018941501579409521,0.0008656236062974786,-7.058617254932421e-7,-0.0002014006458412077,5.268220111887016e-6,-2.3144456265268033e-8,-0.0013481155776311556,-0.0003430866383578232,0.0021521519413909827,1.6293648556868206e-6,-2.2017043514256106e-6,0.016937062849927634,-0.0016854882033444664,0.0014353361516142857,-0.03289614801092541,0.047256281701780894,3.1694734291086777e-6,0.001821667590424089,-7.881331465386978e-6,0.00018471532195332038,0.0018227408733100631,-0.007867590606823262,0.2897188876311581,-2.4041870964855896e-6,-0.0007492785301891763,-0.01627312508507507,0.23842221463436702,0.000466339961700619,0.0014327226106495903,0.003036860911106111,6.190176270972938e-7,8.705583112308963e-6,0.04504405411946169,-0.026056007570146127,-0.002922565479614826,0.04027725079013617,-0.0005210577207206654,-0.00012589156753295178,-0.03039759359621595,-7.054506025628129e-9,-5.373151445139668e-6,0.0006590546569450801,6.201975484776543e-7,0.13347540423336826,0.000678041930926427,0.0002571036830619735,-0.00010333189478307576,-0.00020927320334480687,1.458594169768926e-5,1.4374504531011713e-7,-0.004171806661355582,0.00013434187718846784,0.0003150391815169646,0.06723147984387286,-0.006248651443081822,-0.0014330254006168662,7.3551496160386235e-6,-0.0314432888654397,-6.756267858837617e-5,0.00034154077520290717,2.1558118448414857e-5,-4.915202854002023e-5,-8.991039108288946e-8,-0.015090216990115861,-0.00012335191016621042,7.481435476689295e-7,-1.401293718696132e-7,0.0013760298495523963,-0.016960378551267714,0.0002026038079180691,-2.37406462372886e-5,1.5252273882300786e-5,7.923251027855452e-5,0.00019221970335463,0.0007624780057500994,-8.858412020482501e-6,2.9311154051276013e-5,-2.7080391009486394e-7,0.00017382061624674947,2.461288265675071e-6,-2.9958512525257732e-5,-0.0001256130900765569,3.5702993180130414e-5,-0.001949564079512225,1.611009157320851e-6,-9.239038859250154e-7,-5.786988400024011e-7,0.00036009986127783693,-0.00015202271063884562,0.062323789491757015,-0.006198419855310691,1.1943418923350108e-7,-0.007226265670709945,0.005454997481891088,9.229731834231438e-5,0.00024373957115189008,-0.00026733727985383464,-7.937209092631574e-6,0.0027256437754226612,-0.015297960548297424,-0.010717642814071074,-1.3970025359864484e-5,-0.015057393151603038,2.2433515996745835e-7,-5.062490420651566e-5,-0.0043133595223289675,0.00031292692638561014,-0.007056919363240853,1.4798648358020634e-6,0.006204876592131683,7.130724671592871e-7,6.526056948059843e-6,-3.756237427298641e-8,-0.015852889869108957,-0.023543676358063852,0.017607811643127563,0.0009301205971092981,4.4251758612637483e-7,0.007981727065909664,0.0002809732929438112,8.770716082940786e-5,2.9843758436498686e-5,0.0008724213988653349,-0.025700065547086485,0.028947628544532124,-0.00012165851130676287,-0.00024224062164802265,-0.00017266825679428983,0.000578089765813316,5.907811738751261e-6,-0.00023554900713540679,0.0025747326022971693,0.012790195313059152,-0.0020467024285963998,1.2302147973644326e-5,0.023585074571173103,-0.008264844484382947,0.18259242853321833,-2.9237938001685135e-7,-8.084416111853278e-6,5.9268491908571184e-5,0.000137173771423197,-6.721490817188666e-5,-0.00010841441778455044,0.0010458937426807715,9.796011309446782e-5,5.542110066416794e-8,0.0005302881830830159,-4.378813591393482e-5
0.0,0.0,0.0,0.0,0.0,0.0,0.0,0.0,0.0,0.0,0.0,0.0,0.0,0.0,0.0,0.0,0.0,0.0,0.0,0.0,0.0,0.0,0.0,0.0,0.0,0.0,0.0,0.0,0.0,0.0,0.0,0.0,0.0,0.0,0.0,0.0,0.0,0.0,0.0,0.0,0.0,0.0,0.0,0.0,0.0,0.0,0.0,0.0,0.0,0.0,0.0,0.5474444541078336,-0.015435434122199358,4.6601346341526506e-5,0.0030932890414251536,1.342299491459112e-5,3.951760911618107e-9,-0.0001889911759917152,4.155443040678434e-7,-1.4481213529934132e-5,0.08734821515741441,-0.04049645252663461,-5.8768877176273094e-8,-4.196668908703166e-8,-0.06503615824725388,8.647226104303373e-10,-0.016387922823759747,0.019238522057434253,1.2086822221374963e-9,-1.870201127851449e-6,-0.03999997304305218,0.0022474659213015027,-0.04073609193050241,-1.2180606014365739e-9,0.19852117978275916,-3.6094975447880853e-7,0.0001686559953176488,-0.00013280396421493744,8.645742748367366e-6,-4.447229575530569e-9,-0.018609989309028685,0.00021930948680092094,8.577276919458924e-6,6.226641928539422e-6,-0.0005661625265247395,0.0009907752982456796,-5.523849307995548e-9,5.630272294219212e-7,-0.0295110068449259,1.6290516473487806e-8,2.223335442977134e-9,-0.034755898847277554,-0.0018629773284194206,-4.7089518789433945e-8,-3.25555235761567e-6,-0.00021015865301843528,1.8471622254456914e-7,-1.749512649614025e-8,-0.028313031353802594,0.0008984604335699145,0.0054002413600603245,0.31760233140401734,1.1257014188555062e-9,-0.003191801162030774,-0.0005882385623637366,1.5685764129081657e-6,-0.00014302987040582787,0.2566695516846914,-0.022060711519821596,-4.35223275372783e-6,-1.1608680237354984e-8,4.3823995830180436e-10,1.5642209352073085e-8,0.0014522215597850652,1.401305988871536e-7,4.9858351720586605e-5,-6.82534216241314e-10,0.01412072310308016,-0.05072134245561643,1.4482860198562084e-5,0.01071295276424782,4.954218122215419e-10,-2.766899257005049e-5,0.10624491271428227,9.238965335686222e-9,-4.868834983654077e-8,4.7995853036578154e-6,-0.0005295154276651566,7.042758726084369e-7,-0.01223749957612424,0.012697427899590651,3.5565935251042408e-9,1.6529262289423376e-5,0.17110402841423164,-4.843376146671025e-9,5.857903388226402e-6,1.918579586494548e-8,2.424302293256643e-7,3.691152821100067e-5,0.0004576479676816048,9.173799544854145e-8,-6.830249696702073e-8,-0.018022192837851107,-6.5095942465117105e-9,0.00034352845410771043,1.5277769536273892e-5,-0.001197010869784325,0.2646040435570676,-0.029866380540818766,-0.04329232148790049,-1.977133851488515e-6,-1.7936444694515958e-10,-4.4957199106859914e-8,4.408026814865848e-7,-0.0009880905212778521,-0.00038548954994776347,-1.5134682591292947e-6,2.4083506100389688e-5,0.0010383905638205447,-0.035172175063312855,1.2778834556566346e-8,0.00038343891704636923,-2.338920631289854e-12,-1.9064593231147438e-10,0.007614765818086416,-0.00011897340670724263,-4.018965354039547e-8,-1.6202693221889399e-6,0.0401306792301082,0.014006609662207582,1.1472029833530906e-8,-0.004213515966875755,0.0003346100679497173,0.21654929092832562,-0.03186116452859325,3.499709572923828e-7,0.00015843166795035174,-3.908860803840873e-11,4.605087538478532e-11,0.060074200404610756,1.6683096751284013e-5,1.6293917282408463e-6,5.0268815450167315e-8,9.293277224572681e-5,-0.005933373009507218,0.00011864732612968214,-1.038983974429206e-6,0.005574275453442027,-2.3258382462225765e-8,-0.005309113700283678,-4.4104357587898596e-6,2.9338054686729187e-9,-0.029881891007682085,5.738401107525069e-6,-4.4799293764935384e-8,0.016200443593795282,0.00010608303763316047,2.3961348190611004e-7,2.9271433778242876e-9,0.004644204923597148,0.20558852694185684,-3.0575035957708484e-8,1.6336535099020795e-5,-0.00011857268929038637,0.0007236042254655092,0.00010143233004930818,-0.006949442339597982,-1.1521324678069904e-7,7.016608593942511e-10,-6.582963738841277e-5,-0.03671232593254188,1.514743651544625e-10,0.032498116051589344,-8.460755158938915e-6,-0.0008921651732669354,-6.6860639617055346e-9,-6.456767642447156e-5,8.935190110900496e-9,1.8932753848711041e-7,-0.01825967607310103,-0.03301527410072347,-0.0005008593251148798,-3.7173819527012746e-9,7.547434180476757e-9,0.0008155376290085198,0.0031108701751752016,-2.8043675911472227e-9,-2.4498395886622637e-7,0.00040605081824736275,-4.104290788759544e-8,0.016058656510702964,5.12177591675507e-6,0.017317413058080693,1.1186303929601038e-5,0.00015359510754789935,0.13900896096408386,3.788801941327804e-10,1.0415566009552185e-9,-5.303315269138441e-5,-8.678100355358503e-5,7.796872053190152e-8,0.23226441028121925,1.216949936257345e-8,-4.8536797241349744e-5,5.679662444891787e-10,-0.01693851908830353,-7.274421647755758e-8,-0.01727279984347398,-2.6941992585924424e-6,-0.0004807422146896636,-3.0684790681322603e-8,6.764139195078908e-7,5.550601095520649e-10,-0.002711455725148769,1.3090674900591894e-8,-0.047153606586828066,1.829104751609717e-7,-3.283791887143363e-7,0.0005095317144002509,-0.002615045273633817,1.5114594052566093e-8,-6.680233419702791e-6,0.0005258003534142752,-8.560487422938443e-5,-0.02248703711298449,3.959295695860479e-10,-0.016344351664316567,0.4202857261337732,-0.04128799269396492,-5.712659881588145e-6,1.8795934864712537e-8,3.08976264343773e-9,2.9853477378241316e-6,0.0950714991805452,0.017415760380111882,-3.8624007629438945e-5,2.58589292285509e-9,-0.006126442655401912,-2.9669840813616892e-5,0.08571002427246424,0.0005359769147037136,8.513579972407729e-6,-0.028780882348441932,-1.3340534280305017e-10,1.2146200209815236e-7,-0.0002061382391229923,-0.005566332262440666,1.4585963848615085e-7,0.24413881784028868,-1.0757139940337161e-8,0.0013470346602761133,-2.3128275403202235e-9,-0.03114081189584029,-0.025298500247118934,5.359740357042211e-8,5.3496747736498225e-5,3.1758908731303323e-6,8.04129184412473e-10,-3.501885704212235e-8,-0.01907289398867067,4.5755789675032147e-10,8.772201418788027e-10,0.0002511429596551391,-0.04318514906676554,7.964897098062547e-6,1.8040602347078756e-6,4.399527358412533e-7,2.4118195012732794e-5,0.0030312158605454317,0.001073485095692586,1.628042058482349e-8,4.4971587035904226e-7,2.058399659726792e-9,0.0006058084663347158,1.37262215854891e-8,0.00012104439403638574,4.250031992780939e-6,0.05764789762632261,0.0022305779176746304,-1.6621114111334641e-9,6.066856737529934e-6,4.899831780013655e-5,-1.223308025470642e-6,-0.019849414971420884,-8.88069065341743e-8,-1.2835139473721602e-5,-0.0026874190051368175,-6.495131474189474e-8,0.02253088502921783,1.28767580413019e-10,-0.03684573051300789,1.056556684375839e-6,-5.091660809017375e-5,0.0010394631310115528,-5.4471164653179774e-8,6.814776256686254e-9,7.684140797317227e-5,-0.028376296531173104,2.993636026836917e-7,0.07271983933038746,0.0037326823837099806,7.180649323933575e-6,-0.0002362739942097348,4.845470109431403e-9,0.34475729693352514,-0.000943761775557427,-4.7456577144832725e-9,1.3240426411284108e-6,0.0012870363031519925,0.11025302944539211,-1.7520322444705073e-8,0.00033573913296274644,-0.015232567062180579,0.3367905773024936,-0.001970603754373234,1.2799291772442308e-5,-2.232252619493781e-6,0.0002480690298086593,-0.006858355285122534,8.36325233016855e-6,-0.05036165636254856,-0.058627658213140636,-0.03538966766097846,7.0266217728723835e-9,3.3877649284318165e-7,-1.4076403327417817e-9,-4.0902905428993546e-8,0.00022664801695577774,0.0003569544102725039,-0.0024108115651555167,-1.6670143481453926e-6,0.0002333047049942816,7.52058905752022e-9,-0.012952343200541772,-3.6842452493443963e-5,-0.008975268445661556,-0.03740748306187075,-0.009399906020805452,0.002444014042418809,0.001380801469655104,9.32934025080618e-10,0.0022060496834370507,-0.0013215301090723887,0.00010323022529279086,-4.262660361770907e-8,0.0008022576868838297,-1.1498486473362345e-5,5.020659637346644e-10,-1.2146120058256877e-6,0.0002084512547414255,-0.0013836405216260989,3.520497914891553e-6,-2.905862497995104e-6,5.237185673992988e-10,-4.9642381087253216e-9,2.0818796837994943e-5,9.61616353332287e-9,2.499558601574598e-10,-0.003290558093989847,0.33367708267255336,0.023947433390926767,7.665824077543981e-12,-0.007826177968064714,-5.84421158669782e-10,-0.023899321057388616,3.3670607260548355e-7,1.9151784880228875e-5,-3.873251462879654e-9,-3.518579765604844e-5,0.0019684426617911227,0.01995441100562339,-0.03843984989105908,-0.004651064648886174,-0.025519688311449212,-5.5171084502569356e-8,0.005221001399363701,-0.029715685560569565,1.982417405664942e-5,-0.03253210866342276,-0.03693040123561165,9.92318006826581e-5,-1.5423598458487682e-11,-0.001464030978727748,5.9221332694333945e-6,1.7002447903074745e-5,0.054149476691126276,-1.8436648600377934e-6,-0.02864308363333832,-9.862104929767813e-9,-0.007209297596055802,0.13999434059282448,-0.008935279510871703,-5.021189485004739e-9,0.029856078363992615,9.965419219000422e-7,2.344460796884473e-11,0.05017312681448342,-7.952609515244659e-9,-2.178301656415186e-6,-1.4651306581700121e-8,0.0009693222723879422,-0.05249733400991247,0.09833895822462498,8.686401844484175e-5,-0.00513327906398612,8.363195258064321e-6,-0.0009986573665962503,-5.5695566071988164e-8,0.20873371031194407,-0.03305458919577434,-0.006827135794659291,1.061598110187572e-9,4.785782751410746e-10,-5.258286510496007e-8,9.370324222596442e-6,-0.0012613038925180068,6.995887407133357e-8,0.42062600997114924,1.022542000312229e-9,0.0016601366933777634,-0.008249151132784719,-0.03593228916508444,-3.7174327788508993e-8,0.028316223270501033,-2.285502581136663e-9,4.496366143912068e-6,6.696038014100721e-9,0.26473528263804885,0.004682759374719216,0.10441802639757343,7.2128191274381195e-9,-0.02256935757431096,0.038187582904712115,0.37815998646186144,-0.03739652810209067,1.975831629505542e-9,4.422452248291253e-6,1.7547159282890718e-7,0.21032655940947223,0.5008672202668362,0.0021868572188922845,1.8093232612736366e-5,0.20874674755113135,-5.3088554057192004e-11,-6.066960430759658e-6,-0.00012509329563417738,-0.010637870893021003,6.22465185831257e-8,-1.0928494681408525e-6,-0.0038233123143153933,-0.04824427849358855,2.8467682815922874e-6,-7.404530870832133e-5,-0.00022997082632265694,-0.0007807990953297705,1.9518924749859756e-7,2.4670351246360797e-9,-0.006019963790493277,-0.031246583626154147,1.120019305754522e-8,-2.9385021828053847e-5,0.00037526481365783733,-0.00022969969345148353,1.3078330342583966e-5,0.0005560361002065212,-4.6373590688980335e-8,4.1334522811644924e-6,5.872072973038107e-7,6.737594878163875e-6,0.002852351358383714,1.2937244819449176e-5,0.0005179775926300149,2.5328489816555457e-9,1.2808222434051508e-9,0.00022979618692698704,0.07295892665821642,2.1220775172164665e-10,1.2875330706709675e-8,-6.296005480898179e-8,1.6880212470772134e-7,3.1687434000865716e-6,0.024904659763081163,-0.025064640049999833,-1.1163964931480934e-6,0.0005276136396296967,3.1992791454589403e-7,-2.0433730037232577e-8,2.1849430277763283e-8,-1.502785727500101e-7,0.00015362585749584848,-2.292939531362575e-9,-2.2459576314343252e-8,0.0011300120465362554,-0.008161342169567893,-0.0006067434014154803,-2.826384196787544e-5,1.9563179545824725e-8,1.5761354633051282e-6,-7.659250170510361e-8,0.0001661226066732347,4.2992412045796467e-10,0.009765887459834022,0.005719094888062708,-4.294933551519953e-9,-7.145882469294073e-6,2.684838535199624e-7,7.1417345882228755e-9,-2.2656848397121723e-8,-0.019122263767394468,-2.851159988388738e-8,-3.163373359057485e-5,-5.295861717620652e-5,-4.4272667045968275e-9,-9.330130702708803e-9,-1.1936845236241383e-6,1.5524515082094278e-9,8.271764513854868e-5,0.3937891225259748,2.2644629240803e-10,0.07005737987271644,0.018986756346357592,-2.6485239266883615e-9,0.032701636938928455,-0.00021741290418147193,-1.567444511897786e-6,-1.8923785717587922e-6,0.04571440525293126,2.988598180348708e-5,-2.5475966119688423e-6,-1.8639526492628646e-8,0.11179844123364974,0.002036833459539408,-1.431411640182455e-8,-0.01256610533441644,3.3981948992152143e-7,-0.0018172017859177172,-0.00010428812021541597,8.819957953763799e-5,3.1306492550557053e-6,-2.3484243564907344e-8,-2.3989590794003282e-6,0.009665813463300806,-0.000668138875719707,3.294455974820112e-8,-2.3283568134177394e-8,-5.112001890514329e-8,-0.002734267978679383,-0.031381267031976696,4.529664592776186e-10,8.14175629107206e-9,-2.2066569097947293e-6,-1.3696757290491606e-10,8.173021860616791e-9,7.01410237793635e-6,-3.40009142948044e-6,1.5455508540642683e-6,8.399157492641894e-6,-0.012535812522348162,-0.00018339546342452043,8.723839244125083e-10,0.005117147065983948,-1.5250162493207198e-5,1.2774655237966466e-5,0.0005577296599804388,-0.0006446919834788102,-1.3015937426462676e-9,7.220513480949241e-10,0.0010033492755884773,0.05313003982673022,-0.007623478109131984,-2.3473104249646896e-5,-2.375395373769072e-8,-3.9850615369179545e-8,-0.0019257517754673228,0.0003488894903059957,0.010405072266393232,0.0004101329733346702,-0.021671551180069873,1.4738367145271094e-7,0.005951374757810357,-2.456316766715274e-6,9.217260116179544e-5,3.807626413019669e-5,2.2636778514816264e-5,-1.7125858555366296e-6,4.3104851732458384e-8,1.3212907553365965e-6,0.005245028088450747,2.4923507284399524e-10,-0.01744629638448513,-4.176721117037661e-8,-0.020465840727236975,1.1042480912295421e-8,5.236906560908544e-10,-0.017864839518845946,-4.4885080397865985e-5,0.0015635493947730044,-0.023083663074544732,0.000418928570301104,-0.00043911480749100705,-1.848710254593066e-8,0.41093459642415514,0.38435451864304115,1.2512795180297442e-5,-0.0006116698700950648,0.02682056941697223,2.0476628631380354e-5,0.007689596747236989,6.168407566494493e-7,-0.00072256512322371,1.5823931936714166e-8,-2.245204826605959e-5,0.11150465371343592,-2.086304628281775e-9,0.164610737248484,0.0012992827910268913,4.167179488213135e-5,-2.01367548483649e-9,1.8113752429352666e-8,0.1687178560466691,-0.019981540755804772,-1.5330414337697457e-6,-4.643650588889164e-10,1.1448897817813916e-8,2.2038675883022503e-7,8.873702227785945e-6,-0.02465307572724294,6.003201204446235e-5,-0.04008576192687929,-7.353854075993015e-10,-0.0001337679735725364,-7.754977633142484e-7,5.391509049944782e-6,-0.02545416196788682,7.319940915786842e-5,-4.166432557937276e-8,-3.6853057519220702e-6,-0.00019910435135704177,0.00078378932587071,8.842471645018739e-8,0.4633738670524869,-0.026481716033309604,8.133369474017543e-8,1.4549128747518507e-5,-9.180524589765417e-7,1.6464153979239448e-5,6.887640512611166e-10,-0.0015469821248256385,1.3141511773861894e-5,0.0020848830388840948,-0.04721028959646929,-0.00039745048074715436,0.18951305532948134,1.6521865776521395e-6,4.082738515769323e-9,6.408120008458641e-10,0.010143159070444427,-0.0007846462305021808,-0.00582052033799401,-0.013387004109364619,5.685333665847083e-10,-0.00013617441872904308,1.89511070716071e-9,1.662348446870966e-6,-3.6982336044620353e-7,-4.784192735884517e-8,-0.03402868435010698,-1.420574193247085e-8,0.0030113721718112605,-0.00027057614220157855,-0.03872447412475503,-1.1531660149827597e-9,0.3058375941516651,-0.00012271952540864454,-0.005086188578840132,0.08457246364318541,-0.04073475034401211,1.038445976459623e-5,1.859216868625026e-5,-6.1414189916931e-11,2.1515183333696734e-10,1.8268066939729676e-11,0.0038054426860650438,-1.1488085354423086e-9,0.001081040108084238,-0.02716749960745661,-0.002419739111330908,-0.03716887355485272,0.0001284858370165554,0.032259588263244265,1.3430806850849506e-10,-0.0004945847704311088,-0.0009214461129880868,7.701620487114588e-5,0.12458294897013446,-0.03455754332357519,0.008355775277047483,-1.1918410992353384e-9,0.004607151604928139,3.121308693831275e-7,0.00014508329197898998,0.005441837390038289,-2.832331411924413e-6,3.930565182672273e-7,-2.5767453299407548e-5,-5.88887528699231e-9,-0.0005580990750132606,-0.03465433092108863,1.432517668046862e-7,-2.7783687366679856e-5,1.778871881512413e-5,-0.033129598280034964,-1.2516315888897497e-5,-0.011622465417695314,9.287328955855569e-9,8.566148556180304e-6,-0.0008107018599148524,-5.009969650945035e-7,0.18592658309559468,-9.70250909914258e-9,0.08019001513642106,0.13957331762198272,0.0030249285646857392,-1.3766728949789584e-8,-2.238014771750993e-6,6.428795106753585e-6,6.324413226667813e-6,0.0232196900029996,4.548283170489224e-7,5.714590579121084e-9,0.000316332186447119,0.0060123795275666345,1.0061126411314541e-8,1.7087665790702444e-5,-2.9357288432932503e-5,0.002517270243586079,0.0002497135892663015,1.4075731074451502e-9,-1.2693852067667721e-9,-0.0008966271572130954,-0.0003930571822428548,3.579506867614234e-5,2.444404606693337e-7,2.5978265651388376e-5,-0.03254318372052116,-1.9483542018150363e-5,-8.249643569241499e-7,2.2000695044885588e-7,0.31520242226687534,-0.030378495919458518,0.0014384076383251395,0.007209423205196217,0.0016252452123074147,-0.009773556091119585,8.454672154832497e-9,7.93001979493829e-9,-0.01743398446309223,2.9988803004645594e-5,4.0154694798158385e-10
0.0,0.0,0.0,0.0,0.0,0.0,0.0,0.0,0.0,0.0,0.0,0.0,0.0,0.0,0.0,0.0,0.0,0.0,0.0,0.0,0.0,0.0,0.0,0.0,0.0,0.0,0.0,0.0,0.0,0.0,0.0,0.0,0.0,0.0,0.0,0.0,0.0,0.0,0.0,0.0,0.0,0.0,0.0,0.0,0.0,0.0,0.0,0.0,0.0,0.0,0.0,0.0,0.5460112754410504,0.00036494080907439517,0.01544850532684272,-2.644024075353803e-5,1.1515241389544341e-8,-0.0008912826911290316,6.272085108578833e-6,-2.8039381378940896e-5,-0.01158309141061194,0.044146725983233895,3.5582675640565054e-8,-2.4093048169328956e-7,0.1394030868113414,-2.379636346885246e-9,-0.006359863793984391,-0.028750518300442257,3.006790943584465e-9,5.102501452646923e-6,-0.03066871848896115,0.009478263642797422,0.009462484848155012,-3.211233078151173e-10,-0.005861374252539368,-3.654414697601563e-7,0.0007435559142210636,5.371011488754382e-5,7.116427029894577e-6,1.4124708981919902e-8,0.13491243950905185,-0.0009905124223150528,3.094327086408161e-5,-1.9207963708586854e-5,-0.0068465059019142205,-0.0003498107564748399,1.0557839145491699e-8,-2.3287265290961622e-7,-0.07707856336550865,3.399821207419301e-8,-1.8245356080144846e-7,0.030819268218093915,-0.0007740282817626905,5.107485260219595e-7,-1.232013597253231e-6,-0.002621436483103315,-2.3970831381077002e-8,7.673279369007868e-9,-0.0733215756016541,0.021251002111779223,-0.019125934126033015,-0.029768544695453827,1.342411873321663e-9,-0.018879321498537247,0.0059518482571217935,-0.001008857254005804,0.0004479153820724466,-0.021766366240733914,-0.07010989623065944,-4.9051435877172065e-5,-5.479560245091578e-7,-5.348489228956237e-10,-2.2785345057400398e-8,-0.0015996459841364635,1.1711512109996667e-6,-0.00012305053847001712,2.9837335856503887e-9,-0.04885112407315774,-0.014020102033430317,-4.917682110218761e-5,-0.023847356628020316,-3.913854242207064e-10,5.371454580806318e-5,0.1324520470805879,5.68108577562575e-9,1.2006000223821756e-6,-8.291054907480178e-6,0.0011922983706458192,1.0334287003413173e-5,-0.043505015472470446,0.0017894614482063564,-1.9977104226817838e-8,-1.42471686525994e-5,0.1412121504562965,1.6171666406628319e-9,2.1981414021306244e-5,7.781431717435033e-8,-4.191306502575149e-6,0.00015822515121114694,-0.0005360211526818155,2.3497567636830735e-6,2.7371147610433274e-8,0.19585635480032149,-6.276029192682715e-8,0.0003901801030229919,-1.4055057144402527e-5,0.0016827822132101993,-0.024276707833490882,-0.040470129415465475,0.1874289356864114,-1.1464861777294649e-5,5.006411186970736e-10,-6.483073642849819e-7,-3.8474422780724926e-7,0.0003315018768181635,-0.0004788981286501886,-5.170799773538977e-6,0.0003279411318470199,0.001326878314798822,0.19300134919821924,1.2524535097887996e-8,0.0048511530146918835,-7.02147569142443e-12,-2.399659516410094e-10,-0.0035341595191214037,-0.000297183141739845,-3.5123792376881755e-8,1.122603560182251e-6,0.2404223572236279,-0.003924857988195005,-3.638186440829304e-8,-0.0077838309871009655,-0.009986200357173434,0.03940894880063959,0.1593065108161494,2.865034627002807e-6,-8.70666518521327e-5,2.653955051510582e-10,1.4786487646611857e-8,-0.013977258188153863,-2.9360312061757088e-6,-6.92064218511883e-7,-5.710254705764221e-8,-0.0014074607081057328,-0.03919913653901234,0.0005022619652242712,1.8523550315106527e-6,-0.003566470077353282,9.603589684289327e-9,-0.010008654160365987,2.1762719673573006e-5,1.863093637224591e-9,0.049733573977751626,-3.151365130891752e-5,-7.765702217173389e-9,-0.019801041011106607,0.00045353537228322186,-8.135075682192055e-7,3.58428159387696e-8,-0.014038318515820922,0.012419795114220363,4.783498191296244e-7,1.0407151630527226e-5,-7.482902549604647e-5,0.002116134850787964,-0.00033092232981175667,-0.00922764673279894,-2.2864086977337366e-7,1.959376248697476e-8,0.00020037193661916235,-0.00734326183749966,5.3260158277723286e-11,0.02235196990330495,6.948502786668749e-5,-0.0015442133470873463,2.108871569133178e-9,-0.0007661547719497486,1.7839814109584815e-8,-1.0822635032259716e-7,0.0006218093408246257,-0.030206901461503937,-0.001503222700501352,1.5594267518233692e-6,6.073518155948003e-8,0.00848050678712693,0.009633990538868126,7.87113007177261e-9,-5.906799581073243e-7,0.006362480643340887,2.2115596919837005e-8,-0.0424100768047972,0.00043782749645441193,0.2342078374348457,-2.4459986789159897e-5,0.0001630916297745627,0.2979218043057466,-9.048948828639882e-11,-2.5135522109758787e-9,0.002989253247406843,0.000323147173903215,-2.2079535393171612e-7,-0.04389783924100026,-7.485173529020238e-9,-7.046439480793722e-5,-1.2470674442719386e-9,0.007396128464933498,9.429078064998593e-8,-0.013387885194296298,3.974954275701056e-6,0.0062285675977777925,1.5984668925956943e-8,-1.3126200765883223e-7,2.5764681021696874e-9,0.04091913151782197,-4.079411937554821e-8,0.105640794540865,2.6671026120688053e-6,1.8441818025768884e-6,0.0401749133171136,-1.0955975675684104e-5,2.186009120696736e-8,-3.629861247210197e-5,-0.0008115768978203089,-0.0009811883397001966,-0.015160168282434903,3.659882105539794e-10,-0.0014170834754397058,-0.032437064965022654,0.37253117459506446,0.00010736278901608659,-3.7140018281688813e-7,4.15709079511792e-9,3.997171334660792e-5,-0.010205116771351162,0.0005528103135424701,3.8123014566089126e-5,6.075779417443033e-9,-0.0020339297337900815,1.6665772414288733e-5,-0.020668805054342106,-0.0014528415933292573,8.578805155542524e-6,0.2725855409792149,-1.634358971465595e-10,2.787646950763619e-6,-0.0018107241736844914,-0.039154976020760526,-9.992066864881736e-8,-0.018654147270520973,-6.748742786482685e-8,-0.0023051514285918027,8.155020793193008e-9,0.03363201053418293,-0.024564115686188742,4.085325229184383e-7,6.638774792291173e-5,-1.0366883637069129e-5,-4.704691801992293e-9,5.8802025537695665e-8,0.008702790093843692,-1.305253492355299e-9,5.8806062413935076e-9,0.0007888718912302813,0.0075107549743292585,-4.626279669399762e-5,6.955125690013359e-6,2.4571487718190557e-7,0.00014246460326047973,0.011199185260512563,0.006365502965032072,7.826222219334225e-8,6.000884306343681e-6,6.480559800079105e-9,-0.005269772903438607,3.7359854704064365e-8,-1.8201966763437663e-5,-9.544853287028072e-6,0.13295144307537649,-0.009367378952952893,2.932189522085918e-10,-3.445321013671082e-5,-0.0010635028879413912,1.0485848122260699e-8,-0.03181896907626773,5.7391386965926315e-8,-2.3841865394592955e-5,-0.003993814387984255,-5.396707911018202e-8,-0.042296756902674974,-2.979477863629944e-10,-0.08568010520077414,-2.7867588179456794e-6,-0.00011973322919324781,0.010748007621953097,4.794634913489365e-7,2.605442815622306e-8,0.00018427826795199361,0.057484515938913225,-3.64702615047316e-7,-0.03271424425203082,-0.0013900575370011212,0.00017901811639198746,-0.0010832533275889093,9.988610433171388e-9,0.0677936732955435,-0.0007921932477116296,1.4623356738279268e-8,-3.289953033903208e-6,-0.0010089400991281307,-0.012019297218846292,-5.195332925135355e-7,0.00012523306004785244,0.03530786595418676,0.1338189700610907,0.00041508276702456625,1.7173225596307744e-5,3.03208374925238e-6,0.0021396239435610403,0.005102287727261691,7.307732016054869e-5,-0.03642599516529999,0.08964841888947259,0.1826396321716363,7.780269197529111e-7,1.2248714860034043e-6,-5.268292263804888e-9,2.6639678954660655e-8,-0.00948575095757201,9.674295365213024e-5,-0.03315883071642706,-1.6062026467678634e-5,0.01658767459610452,-2.8142964993345074e-7,0.3616044380902919,0.00019303116966789738,0.03453969063059375,-0.02586695563342606,-0.016305642856213214,-0.009800780225591166,0.002315476854161245,9.46550091842219e-10,0.019700353524973926,0.0028706670014354892,-0.00014830316950698166,-2.866123629841809e-7,-2.5493760600691856e-5,-1.1261341159289544e-5,8.221384259889056e-9,0.000633650091125961,-0.0011790225904318497,0.00489272915712494,-1.4796865416225973e-5,2.846710798091604e-5,1.7050379452838052e-10,1.1931213061078718e-8,-5.7526904367776506e-5,-2.669276301813904e-10,-3.1040151912490307e-10,-0.01804059749643062,-0.017494682243016417,-0.0001360683655101081,-1.0781360807174321e-10,0.05372915778145607,2.6731216368813593e-9,-0.0014321352032480583,1.7990847897622072e-8,0.0002217308024294232,9.36030779768221e-10,8.86316782058451e-5,0.0016026237321789822,-0.019399033186998576,0.008439297939621952,0.005934286150403339,-0.00013551648814301935,-2.922604197350972e-8,0.0052594027939323615,-0.04176369915641387,-3.648862569067153e-5,-0.005978196531158979,-0.04927679580602501,-0.0032445890247619906,-2.348930636412582e-10,-0.000552414732044826,-6.657921169384386e-6,-8.307253620080932e-6,0.2696804945180808,-2.573355119069212e-7,0.0030796451381858232,3.718699525574171e-8,-0.00568190521692138,-0.008744086041283593,-0.03430016006145754,1.1204203924742394e-8,0.08369906219579068,5.589006074270367e-6,3.717936641662189e-9,-0.021621552085905986,2.086315044696685e-9,-1.6160973144507508e-6,9.39265647891674e-9,0.002111220965524616,-0.017935712923493434,-0.03215986290027191,-0.00019267781085251738,-0.012874083943057597,-1.9675668331706364e-5,-0.0013190556845156442,-3.336472479601726e-7,0.015470163883886114,0.2102386816208597,0.08776225081687074,1.8279745814350266e-9,7.236688036181125e-10,1.222481331525813e-8,-1.7734345205930854e-5,0.003411060337703393,5.643279878116341e-7,-0.016083578936321046,1.8273004332778384e-9,-0.01709430408606453,0.40759447050134684,0.009981790961317443,-3.1742256115373274e-7,-0.003013507222668601,3.9306031175457165e-9,0.00018413633281256662,4.4874572408549e-8,0.03283260945104199,-0.013330806736666647,-0.03633067871258442,3.166452730447889e-8,-0.010623538536481493,-0.03066274866258728,0.020962300231182986,0.014892261757518009,3.6882639263006777e-9,-1.3458747663844683e-5,-4.1161017846581246e-7,-0.027944874090389336,0.02618278649774009,0.004933367929334154,-4.190753075363342e-5,0.11439967926466538,7.719733560809902e-10,-2.441514308951924e-5,0.0002816938109925805,-0.05783208341616571,-1.261594325529608e-7,3.5515390815195463e-6,0.24165282711898578,0.31982302742565555,3.2700563136247854e-5,0.00018997719255316246,-0.00033833057333111123,0.0024755132737434744,-2.321273522796225e-7,-1.9473473180310845e-8,0.0073904292770120275,0.21806338696119285,2.027083748854644e-8,-0.0013358085347909884,-0.0007280519554838273,-0.0025905058726490775,-3.4032096317442834e-5,-0.0004182415756393188,-1.4640041941547329e-7,-1.2078486402758948e-5,-1.3303063234059642e-6,-1.4785234730693813e-6,0.013055461253284441,6.452787560852789e-6,-0.00018568205405771935,-5.204897152530729e-9,1.4481497296326001e-9,4.579492833918113e-5,-0.019657943147863653,2.989652321393288e-10,-4.308919050860514e-8,3.428409103283638e-8,4.0252679158900167e-7,-1.1621043943400552e-5,-0.039487909234294495,-0.06610369783788315,-1.756641545340066e-6,-0.00189443533859729,-1.2344243333676668e-7,1.5347089238875196e-8,4.383242375589203e-8,-9.643343665405184e-7,9.669253102899477e-5,2.455481978750102e-10,1.6578844572174047e-8,-0.0001559033652085763,-0.037748617384503996,0.0009187743963832522,0.0001853583051004677,-1.18869456077022e-7,6.8308959157077526e-6,2.604359873465947e-8,0.0005913802941805098,1.3235434831819274e-8,-0.02302111325746262,-0.015058188683177598,4.3274898426874856e-8,0.00042868960190363127,-1.4441615957324396e-7,8.015328973416538e-9,-1.3859185877750103e-7,-0.025817473508598306,4.337813497869228e-7,-0.002705314879071863,-0.0009852137652049116,7.94328339409498e-9,2.39155357385969e-9,2.100142442085529e-6,1.384699189558061e-8,0.00018863943035505183,-0.034366985593394406,-3.8917076845880573e-11,0.046503867957380034,-0.04969296447607031,5.204803932356603e-9,0.0008708460798170228,-0.0011024221166623484,2.689175358116044e-6,3.507214634162201e-6,-0.007683194578962876,-0.00942751455850197,-4.3756372429219936e-5,1.0014636855704873e-8,-0.018311471834146286,0.04583549872951825,7.2666559430440324e-9,0.032800009979147476,4.283320194335189e-6,-0.0011563567263289016,-0.00039251602593564565,0.00032428887863964297,-1.054451799421374e-5,1.1135563236230992e-7,2.5026800801970943e-6,-0.007128059593095977,-0.003937779387053603,-2.4106576027037546e-8,1.0276035317752078e-6,-6.775865448797729e-8,0.0005493893656628197,0.004259008972227266,-5.05294363811442e-10,8.268235591448874e-9,-2.827125657424321e-5,2.2107234496364016e-10,-2.703040916879632e-7,6.210779374439707e-6,2.972704780992057e-5,-2.393662367308509e-6,-2.147434005706606e-5,-0.025396807385930267,-0.000279412418557019,-1.908750285922087e-9,-0.00013768258879217187,1.6847523694137744e-5,-0.0003433049079628347,-0.002189050607100168,-0.0017448305827435999,1.6228784282365842e-9,-1.7679686197679816e-10,0.004416081630935227,-0.032911304637772705,-0.007693997592691758,-1.1649940825996992e-5,6.3538407059772525e-9,-1.3171407640118402e-7,-0.004038563060457078,-0.0006731375187826953,0.0037864816974124546,-0.000711174675993633,0.016042738560164214,-4.340054985533872e-8,-0.005798849328407461,-4.205976732334443e-7,0.0005920402117947929,0.0005703902025030299,0.043815085823605604,7.147798707864876e-6,1.5253270011084022e-7,-4.0838366014608425e-6,-0.02633995839251109,-2.0205035220334057e-10,-0.05809557932293921,5.604693128088781e-9,0.05582452824833165,-2.1475773132970442e-8,-3.2664451299047195e-10,0.1919077482435954,3.660041584778054e-5,0.006106486383002863,-0.0155724878298099,0.0004794054725406923,-0.00026785757178986777,-7.536458761308979e-9,-0.024253723035434663,0.08811510595869677,-1.498244091267507e-5,0.0017534336024388108,0.4497039630602727,3.735100934311371e-5,-0.017940734632869573,3.838614742744164e-6,-0.0007759834067656537,1.934188419435068e-8,-1.6490806878433107e-5,-0.026795216036210514,1.3548719138839714e-8,0.29501126986104137,0.01047590273203781,-0.00010264757377270332,1.0816648706972888e-8,9.393806258977074e-8,0.08478336871180786,0.40922190656730995,1.8341982093822292e-7,6.755773278623146e-11,-7.78799592170932e-9,3.811336325462161e-6,-3.8570983495992015e-5,0.046884884110672286,0.0001999675317698063,-0.03724508083624939,-3.16280601197444e-10,-0.0013091811153940524,-1.3887418506714768e-7,-2.9893670068253714e-5,-0.038593300765516876,-0.0007195227415463872,2.804942772652272e-7,-2.1606074831652782e-5,0.0054154742994239604,-0.00108731844725403,-1.252345435023774e-7,0.014581432356738214,0.18975039957385095,-7.209955349272128e-7,-7.698302957808993e-6,4.924976086286005e-5,-3.7496173951480026e-5,1.0476968307188598e-8,-0.008420885599276142,-3.952341907411862e-5,0.006488737855089826,0.05781243273511804,0.003136153188887426,-0.010715240340917885,-3.865875316736268e-7,2.6873483239106496e-8,7.448214611598834e-9,-0.006092687088267033,0.002382656047278955,-0.006607492037620441,-0.018156299609111713,3.484540608122069e-8,-0.00040278891180497046,1.1814800912235065e-8,5.632031137261197e-6,2.042183704907272e-6,2.978740460176938e-8,0.4625759928953126,-7.269153014639629e-7,0.010978275928524303,0.009318152412349878,0.14419792770897244,3.2377374950195654e-9,-0.01756461481891042,0.000334515938915082,-0.006520187136584103,-0.039472182628808354,-0.050450747752139896,1.5576636563369448e-5,8.622589109104077e-5,-2.710285239224124e-11,-5.756327309853169e-10,-1.065813859316205e-10,-0.013145036747116392,-2.17622708898473e-10,0.00011505497751287034,0.03135105857912175,0.03877096288378716,-0.03780953867892104,-7.247658078503495e-5,0.4528679363466463,-2.412688927764362e-10,-0.0008661719024016243,0.004984371114065323,0.000434733817927593,0.0728089562729671,-0.03614658829076585,0.09240883585938856,2.139131934084079e-10,-0.0037842480055422477,1.5056342305855614e-6,-0.000607889922216134,0.012438707244964731,-2.303536088335249e-6,-1.6486974216809965e-7,-0.000500436757096165,2.112549580690393e-9,0.0005397734886775825,0.19500560215715323,-3.159994417722128e-7,0.00010718315424095731,-6.795173714331007e-6,0.06663316827965952,0.0001099683210666884,0.00712984939339753,7.272071026381049e-9,2.286466012070388e-5,0.006298917356979843,2.618795207205147e-7,0.017254158711882836,1.3185191181080019e-8,0.13158756236173558,0.07365418670380734,0.017138411867006823,-4.876263212391629e-8,6.405919040092218e-6,-1.9145022722422218e-5,1.6462319364644443e-5,-0.016613786935763403,-1.8747001189809192e-7,-1.64045688878249e-8,0.0007165985092497323,-0.02618607185492407,5.698316480342343e-8,3.0449563002517395e-5,3.5967241741102196e-5,8.515019275096068e-5,-0.0044066454292655665,3.872810906017942e-10,-9.795362892528664e-12,-0.05898917858041597,-0.006427338194858733,0.00014046068066979513,-4.3222083619513114e-7,2.9705077131532373e-5,0.31387621149778905,6.924814115564277e-5,2.877632810107953e-7,2.702686087749619e-6,-0.018448453063371575,-0.055589284400873046,-0.0033623173895879965,-0.021836493907587712,0.0007026646729989894,-0.00814116530767725,2.707616524348849e-8,2.869867752080586e-8,-0.020254396407508358,-0.00047402166676513413,-1.242486779814422e-10
0.0,0.0,0.0,0.0,0.0,0.0,0.0,0.0,0.0,0.0,0.0,0.0,0.0,0.0,0.0,0.0,0.0,0.0,0.0,0.0,0.0,0.0,0.0,0.0,0.0,0.0,0.0,0.0,0.0,0.0,0.0,0.0,0.0,0.0,0.0,0.0,0.0,0.0,0.0,0.0,0.0,0.0,0.0,0.0,0.0,0.0,0.0,0.0,0.0,0.0,0.0,0.0,0.0,0.5421919577229,-5.843755686010706e-6,0.06308970318640011,1.7446971635920073e-5,-0.027606499788794616,0.005932990597909317,-0.10462938657147916,4.613421725753777e-6,1.7112152355991502e-5,-6.213801647868869e-5,-0.0004946413542728852,0.00023064907579260928,-8.63999387074819e-6,0.0003358644404069733,-3.469235340578036e-6,1.0626387894400376e-5,0.005404162098181146,3.254878422216305e-5,0.0027688641323373848,2.6492793446447867e-6,3.3607182173816296e-6,4.096022079074033e-5,-0.003517920190711409,0.3164351217704303,0.08231824083973308,0.003745559771287202,2.4370675034327327e-5,0.0004964388620629994,-0.04081393675797664,0.0945495237697528,-0.01656634958207644,-0.004815370411060464,-0.021190689488230725,6.120054949824897e-5,0.00015189559806239551,-0.0001767048275088851,1.8685707294777155e-5,0.0002196142246622178,0.00031159094886903883,-0.02397315645115192,0.0007887963099280258,0.002138838366258857,-0.02170904552730216,0.0003449695137220492,-1.1708265363176e-5,-0.0010643295118721659,-1.6828188778894098e-6,-0.0005229378951253235,-1.7710855577935927e-5,-2.5851102183087076e-6,6.973664511285981e-6,0.012237100858928963,-0.004207813598631264,0.1636296272259859,4.214144012898144e-6,-3.592153436473376e-5,-0.060767980672194286,-0.0004992735691049166,5.470774616899432e-6,1.0123814566242836e-5,-0.0005890040855316608,0.0039047623537596323,-0.0025338407143849486,1.3114827766119085e-6,-1.1399251446275199e-5,3.088408465255751e-5,-0.053631176372744956,-0.00023870330715514943,8.871398815203756e-7,0.010179423386752248,-7.032385611913373e-5,8.733490414596718e-6,0.0015709608139310547,0.024245501530399748,0.002173385778990457,0.012836796009886017,-0.0025753642741631385,-7.123662004351534e-7,3.1721241174206816e-5,0.15278866429040486,0.0001918725410211053,2.333932661767262e-6,-0.003918103370812475,4.67954299718197e-5,-0.004830479918364543,0.13483676161487337,-0.017946561922742393,0.001738575221228903,-2.762394389719578e-5,0.00039064472262205106,-0.0002959304234833183,0.061692678421694847,-0.01925481884008914,0.0016138399784789658,-1.1562810263627596e-5,2.6145713204929276e-5,0.00043042248019904656,-0.03317095939340606,5.588499148670941e-6,-0.0010743469658317563,-0.0008433412313622779,-0.0029259877727551777,-0.039548960427105304,0.00652792659269469,0.3824509484161061,-0.002092180899899863,-4.955038451916465e-5,-3.102447737417747e-6,-8.957970460378581e-7,8.488140251457322e-7,9.849354690901263e-7,0.00042050057438565024,-0.01183716473133785,0.00020397367612415027,-0.0008969809924862064,-2.9105232702790234e-5,9.659683331115847e-7,-0.00013050704924048168,7.4840908043564265e-6,-0.0009472258617957011,1.5383648106883094e-5,0.0001007150081234928,0.0008964508178665935,0.02236308954240776,-1.869675334621976e-6,3.582305490745507e-5,9.358641197967456e-6,0.008174466725702177,0.004521285188987916,5.7468333500836836e-5,-0.012180363278649554,-0.0002538382555223311,0.3420005747792611,0.00033941476567627196,0.000358485115711674,-5.962202004094579e-5,-0.0007636230345147924,-0.0013539454762530804,-4.2801151383186804e-6,-0.00012102569349435858,-0.01434908793967163,0.00019590545444253868,-3.739443632853709e-6,0.05368559128218557,-0.0007017880363073412,6.990542288940184e-5,-0.001272929088205014,2.851736802361974e-5,0.00017651550449484873,-0.0004991650257094751,0.08065718184103086,-0.004068296310096639,-0.018426909725460894,3.6760597209610553e-6,-0.0037138103171490237,4.444740722608568e-5,0.25570580133217796,-0.00018691231443473594,1.1823219849377343e-6,-1.1683543232937913e-5,0.02582739100365512,-0.010885177696596823,1.288649884645891e-6,-0.019314583371223052,1.701490582973571e-5,0.00013148611975352946,0.00020080265542743727,-6.0517081262669455e-5,-0.003802103755150327,0.004148263250132261,-4.139579084961066e-5,-3.2993087774646457e-6,-4.802461696297157e-6,1.945026928183911e-5,-0.002131492693308937,0.004850508509207032,-2.2473418214045005e-5,1.1458762837845886e-5,0.3675680996275102,0.00019874753324030333,-0.007788094843736114,0.08009531686141282,-1.8228749605807157e-5,-4.97408750818887e-7,-1.0361584227738081e-5,0.0017946560407049316,-0.009533203954222141,1.3974792840979957e-5,-1.788204915198839e-5,-6.349027775253008e-6,-0.0016882367469053757,-6.82734409738733e-6,1.2054894764252087e-6,0.0007290942912784361,1.438007516501226e-5,0.005717110230815494,0.005708447336143875,-3.483517836443287e-5,6.824075069203487e-5,2.2151286529996056e-7,0.0002450365511792391,-9.727082275961172e-5,7.942760008728268e-5,0.0028120124440733823,0.00199974195577732,0.00018177547070253236,-0.007120503571063032,6.15170062794804e-7,-0.07689015457831656,-0.030258925123016898,-0.03963713752087864,-6.362249114972334e-7,2.9854754483705963e-6,1.3405644123188882e-5,-7.17588340521718e-6,0.0003921210685890045,0.20208995831802404,5.141590749039739e-5,7.206042595745283e-6,0.1659104180043456,-2.9004732177750946e-5,1.3289156197847177e-6,0.03847230180447626,1.8315229492753417e-5,0.00022538683899325307,-0.07619079888415628,-1.3604625910844898e-5,-0.013074166153644593,-0.0013721374661247294,8.141264196098048e-5,9.19005449430013e-6,0.0016848950090000627,-0.030730833811907735,-1.2651774394393936e-5,-0.00220207687413595,-1.2638832662121868e-6,6.040935323466491e-5,-0.0007592231493627126,1.0088372881018526e-5,0.0002537816553051674,1.648437066318072e-5,-0.0005839030503279021,0.06955117589293248,0.0012508058561514401,8.348429821421133e-6,0.00011753625472980293,1.0224817107207313e-6,-4.777673850639986e-6,-1.7659572039163215e-5,0.14504612507447792,2.9507988110719807e-6,-0.02033904569247217,0.007452097952208347,0.0006706157053946479,0.31286186934164506,0.0010193618480910764,0.003193258174932769,4.5718674837526685e-5,0.008780187845739858,8.141205286361597e-6,1.1386300289684416e-6,2.5748467357402105e-5,0.00902913630732437,0.016486499172444387,0.00023578952986361772,-0.0006021902061121315,1.9360285793833817e-6,0.016908859579801747,-0.010283607820202552,-0.002829907935105456,-0.0010493301159804312,-6.507921080810619e-5,-0.06762576083912296,0.0009757729929263767,0.00021632017058169993,2.3432676255641792e-5,1.9311139987305424e-6,-6.91947216648619e-5,0.009924443486751797,-0.004307037659013132,-2.895199093686709e-6,-0.0006236639832638783,-1.934729148081799e-5,0.07713246429124025,2.8140944717611474e-5,-0.00014015288114351421,1.167380616976861e-5,0.0010076004873208174,0.10998499285740637,-0.007281154197929097,1.8663619146053048e-5,9.484366136287278e-5,-0.03721173868250739,2.82216447191944e-5,-2.2449220129964548e-5,0.0006331250179975515,-7.183694643959431e-6,-0.0013756697591124636,-0.0038673608938701457,0.00039784854294264886,-2.2225665548494183e-5,-0.009612147177049453,-0.002510029810232163,0.0016370751053886947,0.0013985534458852158,0.0007997150583878472,0.2407077374183353,3.94422001665384e-5,0.00032549550864568875,-2.5901697130217287e-5,0.0004854137057736683,-0.0011954651014327066,-6.542998149097324e-5,-4.473801627758362e-5,-0.0022296826610083372,0.0021331651195745905,1.1952429002185679e-5,-0.02731240024474559,8.481449886336905e-7,-0.00010715806226695761,7.225992883412618e-5,0.12952618060791787,0.0001634436731301351,-1.0132872045349662e-5,-0.0013920244183654703,5.964774925162344e-7,0.0015094632029138734,3.005586907570553e-6,-4.153447696041415e-6,5.625049108391671e-7,0.012271455358048806,-0.0006851815287456417,-0.01937113429956664,-0.0526515643340713,1.626215339054676e-5,0.2796531008603274,-0.01816454040655631,0.005047281294996804,-0.013385271232789368,0.046994825309924236,-4.012995979426461e-6,4.2931858788424786e-5,-0.0006069788526308934,-1.8141178436951468e-5,-3.96150648124545e-6,-0.0023845640503700623,2.2588048423469158e-5,5.147031945355089e-6,2.39368885813777e-7,0.00022695226339456697,2.0423824530334788e-7,1.0825861455149368e-6,0.000472500076674462,0.2536100449678408,2.9703777882011765e-6,0.15657181299028858,-2.4638651116576252e-8,7.2058368435324725e-6,2.567376060204307e-6,4.4908648440056e-8,1.2868936834715328e-6,0.0004143108380249539,-0.0001436107091806595,-0.0012039058636798014,-0.039730375238617485,7.264312974200525e-5,-5.885022300561471e-5,-0.004960661049272686,2.0410933434058502e-6,-0.014548578026357508,-0.007236287513522304,0.09687316233654224,-0.00010019387810544854,0.0006613514543318103,0.00021360974743564687,4.709426635453417e-5,6.125819933852037e-6,-3.492390898362916e-6,-0.00029334920545030996,5.0746196507182574e-5,0.00011289171946717108,0.007742620147346306,5.786639229334891e-6,1.0718227882465623e-6,7.231524142731699e-7,0.0008361505796022727,-2.1275149257855043e-5,0.0012538106086907306,2.7585969447923364e-5,1.592615002409251e-6,-0.003527634205334797,6.327032832576979e-6,0.03565930459054508,-9.656001809977643e-7,-0.0006593046876550004,-2.608040396865149e-5,0.00039834935861600694,0.00032707948588336623,2.6311029265883575e-6,-2.4355141337733544e-6,-3.603510538733078e-5,0.10362211973023464,0.0029486992426550154,0.0017807320075354323,-4.806598460789367e-6,6.598889042789426e-6,-0.0007639783915554759,0.0002496941724629821,5.958401485375637e-5,-0.0003567424769407267,3.1638173712001222e-6,-5.315506476537957e-6,0.4100858451732349,5.962308676024177e-5,-2.739666666633458e-5,-7.781650616544768e-7,-1.1493336554839915e-5,4.507100788264641e-5,1.8749544929069343e-5,1.5351362397097553e-5,6.803434950566415e-6,-0.0003224992216536901,1.0417419535240517e-5,0.01710766206383671,-0.0004123895915456373,5.669750808899036e-6,2.8707366904265292e-5,4.203494692226563e-7,0.0033121022493277836,8.596691253433565e-5,5.003810393522519e-7,-0.07126355203399684,0.22666855509968137,-3.5267971035687066e-5,5.0976855031936185e-5,0.003728648362614291,5.5293301984449566e-5,0.00031150557842321607,-0.0028092995581474054,0.15983177374263538,0.008762832023411531,-0.000808836563692788,9.390855186683669e-5,-0.00017933447038516437,3.826092521738748e-6,0.000510726484177485,2.9008493617617962e-5,-0.03140652476240106,-3.906120107736937e-5,-0.008230537071877778,-0.032644650783269426,-0.006631282537589008,0.00035010685754684987,-0.01088497350781515,-0.0011384535731006494,0.0006583223012876419,-3.401973437072476e-6,-0.007573331849594254,-0.011358716425218934,-6.453195696381503e-5,7.360827611328069e-6,0.03216044531831523,-1.3588068991855207e-5,1.468239294240408e-6,-0.00011452047152410367,-6.876878181973841e-5,0.0008514820502279885,0.018319729907086246,-1.3727065191236879e-5,-0.0017191500291199803,-0.0004576243427106353,-0.014369149807269206,-0.0010415676278116063,-2.024169503883149e-5,1.5156241355350082e-5,-0.002882881747227092,0.050229047527681515,4.122286515385096e-6,-1.336440225210284e-5,-0.009679060022259142,-6.151830761044123e-6,0.0005355420660280021,0.20813086306381323,3.5374561326611805e-6,0.01547019847436836,-2.285524716370979e-5,0.19384131518202727,2.79633035492497e-5,-0.0003727186524911545,-0.00019262631996225078,8.631172668096161e-5,0.09343174585662305,0.0001009665250990255,1.1762546849650401e-5,-0.00038464158006576405,1.5524209439871844e-5,0.0001752371515854197,-0.021974758385122563,-0.014275940239842544,5.8793630946422846e-5,-2.303154039579822e-5,0.002303445407852793,-2.502540729182529e-5,0.13641417126312577,-1.799968523523033e-5,-1.1014606182808503e-6,0.00015422689388081462,-1.6720129371565353e-5,2.7259485355458492e-5,8.322184309104167e-7,-0.026587170840485806,0.0011216483635961138,0.00623176370951104,-1.9114975266419997e-6,-0.0019150030725547783,-0.03309987364046903,-4.288714464931143e-5,7.871241783215819e-6,-2.7720047451115915e-5,-1.558632674747121e-5,3.8505169777887974e-5,0.0072257867038211495,-0.005698830837498825,-0.014426122150769159,0.1730007007158107,-0.007822639008949795,0.0002656272666470434,0.003590347271600868,-0.0001345786188051715,-0.00805900193985728,-0.0031568372230944526,0.0010770568315084388,0.00018600612243667748,-1.105287576355812e-6,4.9608520361573014e-5,2.889703283430927e-6,1.7031768257367827e-6,-0.0357459148120282,2.4627325656706945e-7,0.0002638854183309005,0.01408730649929532,-0.0010283862302028243,0.00029729310958105225,0.010169399277882431,-7.59949631530807e-5,0.013338902146329748,-8.688080748890129e-6,-4.7307516888749684e-8,-0.033343062198002676,-0.009595245016049745,-0.0028330115318143828,7.702846096147428e-5,6.7086132295761646e-6,-8.78036961979777e-7,7.13814208460894e-9,-1.1765854014233287e-5,5.2210954769793395e-6,-0.10414781821173463,-5.069429593611605e-6,-0.0001500533928882072,0.000752113355057474,-0.005579694974502372,-3.6847684041530555e-7,-0.00039567276048721055,9.343787942790629e-5,0.0002946591296151647,1.3372690985937002e-6,0.003418527276429084,0.4458457328623111,0.11094831823682805,4.405132595020147e-5,0.008253638066829976,-0.0011160613422501518,0.0019796578683493205,2.0901563494421245e-5,1.4273078918226518e-6,-0.00026317313776228027,6.628657121552678e-5,0.0002610543877232559,1.479871039848885e-5,4.815368767378307e-7,0.00017642893081523786,0.06956765090114561,0.0021475698681757407,-0.0004198649116587948,0.037409008309708634,-0.019940501861580584,0.0001796987975580533,-1.8239073647057185e-5,6.060451140497618e-5,0.015677406210900052,0.0010153789378932667,-6.430036359818419e-5,0.03893465623878497,-0.0002528407097070318,0.004381326015419815,-0.021663070330925908,9.38773320035141e-6,-0.0012112624879028373,-7.656590605303017e-6,2.980791709143236e-5,7.263294638391333e-5,-4.518645751746582e-6,0.005049394712726662,1.8532137118272396e-5,3.978631932547549e-5,-2.5244663852491825e-5,-7.99729616588496e-5,-0.00204415519859567,-3.136052486850241e-5,-2.1396559211802874e-5,0.0029796555466906354,-0.04578337574243077,2.596933807618879e-5,0.13306142270322516,-4.864554720724353e-5,2.3487932436497908e-6,-0.02545869606671657,-0.0012090303843131664,-0.04172600084386546,-4.769302457066093e-6,-0.018923512245525125,0.0005491579653766476,-0.05218535178206676,0.006075688131581124,-0.0272420956378117,7.19169963673672e-5,-1.2065254599993564e-5,0.00032898743462786916,-0.0014261590133090396,0.08451715906657029,0.06494725310678776,-0.022166724052452503,2.225575573004133e-5,-8.748084131469923e-5,0.058195206531646525,-3.0936081947562816e-6,-1.703888085085343e-6,0.010682030104986917,-9.809782712380561e-6,0.0067013352652805155,5.455013262305137e-5,1.4689737170086561e-5,3.125225976999212e-5,0.0014133239067544603,-5.475992375951008e-5,9.999496831655303e-6,-8.764747260653187e-5,0.02173064523606143,2.2984614127507395e-5,0.01394424533509893,0.0023130415976411215,-4.5913435047707385e-5,0.0002474063255035284,-0.001575368386661654,0.001798470312242856,0.008626592333886098,0.00023669091910208953,8.036801564307361e-6,5.869133659115347e-6,0.20790134955548603,0.0005103946360388292,1.363015669875436e-5,3.4807043955981223e-5,-0.0031365413161285917,0.3300793404343452,2.42248848177514e-6,-2.3316289418894122e-6,2.0425277943107197e-7,0.0001406367978310133,2.5728689645745565e-6,-0.013912509487514827,0.00019489897154897597,0.0003708670406582204,3.0471644903100242e-5,0.018356192724036935,-9.153969879970048e-6,-1.9927100630396833e-6,-0.001314349653109179,0.00027540295882668266,0.1678750108499085,-3.0471571306725614e-8,3.025531112420723e-5,-3.871817382976207e-5,4.2489609584389735e-6,-0.0002810209619396525,0.0007420688801565762,-0.03126424093417522,2.0081814046084726e-9,0.0021360120521048886,0.00021132032625544714,-0.011301675259082064,-1.743413694179614e-6,-0.0004535230211089137,1.7828144643507176e-5,-0.00174261214534931,0.17021767277914188,-0.0116072309486616,0.0003532571341168044,0.24055139111623908,1.6008873986677205e-6,-7.262862268293753e-6,0.021033728604850022,0.0064212329743029576,-0.0017945005859305852,-1.1087207330135986e-5,0.00011560503898784555,-4.8498740141982895e-5,0.00011570371866709015,-5.5476377389401315e-6,-0.00019231347171242203,0.007111337292774835,0.033930202183262516,-0.001680389798313689,1.0201989371763363e-5,3.454327239376196e-5,-5.627735440557008e-5,0.0626057492298747,-0.0001949525777428977,2.168000781281801e-5,0.2337056367869908,-0.044683955534023906,0.0010161040477930153,-0.0006015139185391053,-2.220301456850175e-6,7.376240734997271e-6,-0.0003218903197080529,-0.004963147614012628,0.10890640747276112,-0.0008238187627116374,0.0849127520263533,0.0004439601458274838,0.04699448575270894,-0.002984219120891438,0.004312204496057681,-1.0446566511250296e-5,-0.00011083677376268642,7.118622288089602e-5,-0.00044496317449453545,0.0014381893025307766,0.0005601373099048164,2.795015126955518e-5,4.432166993682054e-5,1.7803922640035098e-5,0.0009950954801539677,-4.280751921799611e-7
0.0,0.0,0.0,0.0,0.0,0.0,0.0,0.0,0.0,0.0,0.0,0.0,0.0,0.0,0.0,0.0,0.0,0.0,0.0,0.0,0.0,0.0,0.0,0.0,0.0,0.0,0.0,0.0,0.0,0.0,0.0,0.0,0.0,0.0,0.0,0.0,0.0,0.0,0.0,0.0,0.0,0.0,0.0,0.0,0.0,0.0,0.0,0.0,0.0,0.0,0.0,0.0,0.0,0.0,0.5376145572007337,1.6093771102039958e-6,-2.0138444841900383e-11,5.229094989579251e-6,-1.0017660202259755e-7,-5.957188744583474e-7,0.05010808413167027,-0.012347309248784024,-7.748439341852294e-10,-2.113829177233567e-9,-0.006462647049376446,-6.016447749658588e-11,0.0009376671246078913,-0.008238864001002166,2.042063418150642e-10,-1.1589354946422902e-8,-0.06314096752028833,-0.00034006891955162735,-0.013240056336122618,-2.0172906392005616e-10,-0.0036265699900653197,7.491838902153158e-9,-9.967046109044107e-6,-2.202743713436822e-6,-3.1642316881283026e-7,1.3811322922147812e-10,-0.0020672470980526094,2.8608383226389046e-5,1.993106954136679e-6,2.1434173141261273e-7,-4.361365548716747e-6,1.999347758722619e-5,3.040660797935636e-10,1.2242441556542533e-8,-0.0002375583129641762,-3.945581782683344e-10,5.602647313300344e-9,0.0037068628165930107,-4.125126292673526e-6,-6.818012419876411e-9,-9.836214820401482e-8,4.062329433908453e-5,-3.6547546136140547e-9,-2.9191404800180603e-10,0.00044964137425328215,0.2569703823700824,9.058403226953066e-5,0.0009580258034308593,-3.168135170847504e-11,-0.08288438083856069,-0.00016653934013326528,2.586829832368935e-5,-7.627888162796134e-6,0.001393773846150782,-0.02690812119831438,6.832330306840869e-7,3.066510563902413e-10,1.4247949968943388e-10,-3.093137124675388e-9,-7.232759622989968e-5,3.027967609171294e-8,-5.54842135099929e-6,1.8166452719948108e-11,0.0099877503233492,-0.03441065680523344,3.712728131138306e-7,0.0005240316776411365,3.835137228574103e-11,-9.815688431257503e-7,0.017114983875898073,-7.418001861346025e-11,7.692465235595654e-9,4.474827030147692e-7,1.8740596826404216e-5,-1.277291098175892e-7,0.0007913908644274866,-0.05398149459660147,1.5978363817616165e-9,2.863292483106123e-6,0.0022331094404668393,-2.931533902167124e-11,7.52394181179787e-7,-3.2556236615699934e-10,1.084926411945049e-7,-3.1003085837450774e-6,2.6859284020615815e-5,-4.702650331693852e-8,-8.13588821737698e-10,-0.0009141607058071057,-1.245088536855557e-9,-4.371914745797362e-6,-1.0071509461332452e-7,0.00011506563516214296,0.0007111041656980716,-0.058941247239230374,-0.004255743865478443,-1.4500890098742387e-7,-6.5396966838843295e-12,2.1470399348482128e-10,8.815320263052085e-9,-9.7568607980311e-5,1.1362848817215448e-5,6.34313241658115e-8,-2.497658898539851e-6,-1.4454775577735667e-5,0.0008097301933158841,-1.0981337311352248e-10,0.10057393394773666,1.0001928824560527e-11,-8.487785171004715e-11,0.00024537204009406917,1.0772156776568457e-6,3.640857652444248e-9,-5.270188929059031e-9,0.0011732040834365335,-0.02407106002597591,-3.7509536378964824e-10,0.13482622462051808,8.889467690062242e-5,0.0004538212581973476,0.002477070247818844,-6.39556943291494e-8,9.644723635486781e-6,-3.42612031128166e-11,1.3927222950879465e-10,0.052626134416335686,5.121453270216771e-7,7.699371500789717e-8,-4.064271481729016e-9,4.4901314533556775e-5,0.0009373027747032451,-5.3930801700558855e-6,1.7572843242930718e-8,-0.00019612185092298385,-9.040195318209738e-10,0.0002374829505597196,1.0614794447344425e-6,8.148635234284927e-10,-0.0005285121532458143,5.992305819451904e-7,3.023395672791096e-9,0.006058411539260825,-5.6806602837539e-7,3.339740032437247e-8,1.4177921130718866e-10,0.00046319598710533634,-0.004185889916739935,-1.5767383771352857e-8,-3.6107586324070604e-7,-4.906798313123314e-6,-6.063943067669975e-5,9.273220580570195e-6,-0.04539596214339172,-1.8377787488119695e-8,1.8757606003652955e-10,-9.819495774601333e-7,-0.0018620144689092503,-3.59027336637729e-12,-0.010610058939823237,-1.7219246897615058e-6,-2.319422104240172e-5,-1.9139283766286873e-10,7.539247309222191e-7,-2.1956810319262146e-10,6.646147784166387e-10,0.0021108589954772386,-0.0035826719928546396,4.2854202137887497e-5,-1.7181858060502944e-7,-1.6306058557750144e-10,0.39598948270811013,0.31071576129029804,1.128834865984945e-10,7.0459068383019886e-9,-0.00015786425789191861,-1.4047583395314755e-9,-0.02362376066533533,-3.662218325542475e-6,-0.0055946492511441395,3.5652675312005327e-7,-9.68450292427588e-6,0.00652411454023252,2.037252873146207e-12,-6.618257540599047e-11,-4.580741267174889e-5,-1.1612877476092924e-5,-5.313994307016516e-9,0.002962857761649683,1.0593538306375791e-10,5.528424306381811e-7,-6.248181952053608e-11,-0.013035056488279304,5.5886624779951085e-9,-0.050715388361499365,-7.961315503920192e-8,-0.00018918602722434578,-5.228120444061843e-10,1.651989314221895e-8,2.1838850587056964e-11,-0.0006245634626540134,-2.3216159659501557e-10,-0.005747209327895415,-3.62963119710374e-8,1.0508456096669733e-8,0.00014208049077238938,-4.413893186781677e-5,-6.497523423494844e-10,2.6251297599081453e-8,2.6081498424399426e-5,2.7150117165704384e-5,0.008745645576316673,7.328076466195858e-11,0.05953996776615841,-0.002455509532180482,-0.005088912804995173,1.6939505056427408e-6,4.733531597769681e-9,-2.0172546700068861e-10,1.7292014600934956e-6,0.011914580684519864,0.08897433265418944,-5.734753863506838e-7,2.3826240002351396e-10,0.00023826579649515885,-1.4235651170304138e-6,-0.0025497125448041905,2.820367083808412e-5,2.8396768322226364e-9,0.0004727452821497635,2.041331566245014e-10,-6.569088249301079e-8,1.9909756808031037e-5,-0.03529072746703541,-1.3639957853922734e-8,0.005714227668477287,-1.5970075749552515e-9,-1.8605877352838907e-5,7.226668488689359e-11,-0.001757574271245474,-0.03818102526221797,-1.8323416991907462e-8,-1.2205859548534434e-6,2.254475113637719e-7,6.573335410813527e-11,-1.4523314493903238e-9,-0.02455111576724095,-3.4430361584150024e-11,-4.385925492714032e-10,-7.4808725593955245e-6,-0.005752467922995455,9.64801547038147e-7,-1.9760048909087017e-7,1.0769069398108184e-8,1.1766447699192063e-6,-0.0004325659355417228,-0.00017991980820285033,-9.709819440365292e-10,-4.7875904564885095e-8,1.758604762595299e-11,-0.08982833182801027,3.341304788229567e-10,1.4145530331620188e-5,4.487986181335281e-7,0.004413391876403214,3.1249365953255016e-5,-6.853993557685491e-11,1.199556807742143e-6,1.627996646517026e-5,4.692982675742749e-8,0.00018535477646904213,-1.1471838187172948e-9,-1.5512338452493509e-7,0.00015423139401060404,6.365852365089761e-10,-0.01007157796332916,4.00860725839843e-11,-0.013253382459099974,1.4646889577591575e-7,1.192821623275862e-7,0.305824902290336,9.022702816917065e-9,-6.457564041688297e-10,-4.559413939254753e-6,-0.005221769540438885,8.32159901762495e-9,0.0025313139930019254,-0.00022037060944636762,-4.2702583668841503e-7,2.920635816533575e-5,6.489293695656204e-11,-0.0014479556652494325,1.3241612890389274e-5,1.2603254651718867e-10,1.0013461198241317e-7,1.1919392602677369e-5,0.001960345439387422,6.987648440440825e-10,9.52203067592039e-6,0.00020768805544942227,0.006294949361520386,-4.113384590587556e-5,1.352398365221557e-7,2.2431786052365046e-8,-5.823715013877381e-5,0.0006742745911405114,2.8971661992358083e-6,-0.057600116575173464,-0.004306023633916384,-0.0010248613161335824,-1.6758666847921294e-8,-3.042347976756521e-8,6.424795002010615e-10,-1.9048009714109377e-10,8.290167074141221e-5,1.2693893616123768e-5,-0.05898491935674223,1.0208421595718467e-7,0.08905030991357196,-7.975055820887455e-10,-0.0052928136100254064,-2.1110379926256634e-6,0.001182535046661276,-0.024979711135447048,0.0004562463356740451,-0.034827748547271685,-0.00013470683636427,6.199889548781784e-11,0.4073428241647394,-0.043835744478392516,4.371126428922962e-6,-4.7083394904043605e-9,1.6032576016562846e-5,-3.2937818728562596e-7,1.5810087492735645e-10,-9.103451756404596e-6,3.462975558665305e-5,-0.00015260340873364252,1.5548786251417258e-7,6.098412967642752e-7,-4.668427003316591e-11,2.220621413378033e-10,-2.6793496239195945e-6,-4.15450000295317e-10,-2.3723382548987643e-11,0.0003920273982145117,-0.003794608136817852,0.18698571621306095,-3.07937002857678e-11,-0.0010210803188384337,8.861558066333334e-12,4.601081119989358e-5,2.966184447519645e-9,-1.7318744348390424e-6,-1.3026440478389808e-10,-6.113529182971545e-7,0.20911280506156663,-0.027167308760370483,-0.010634802343226552,-0.04248156003449288,-0.0006168225607773288,6.383352545494141e-9,-7.430180113670152e-6,0.0009934701275367975,2.105148699318638e-7,0.004186046923465972,-1.6426891857239727e-5,3.618787674355871e-5,2.2816777976691553e-11,-2.4064094141536416e-5,-5.38288139656648e-8,1.9868001673547544e-6,0.015166216558081102,-5.0336760122597364e-8,0.0017016573151947532,-7.541977532513465e-11,-0.03131948129824272,-0.004740628435528815,0.0008716083246000749,2.3718977290029095e-10,-0.005802303122739925,-5.842510889641496e-8,9.874187513045276e-11,-0.023468006342292878,-4.214938083297263e-11,-1.471428722194856e-8,7.008982558830636e-11,-3.847353195550366e-5,-0.029571700060167006,-0.013400240275432651,-6.994271369278871e-6,0.008620698832558879,8.95125548934752e-7,0.0002538937619204232,-3.5487847599451806e-9,0.004956743919349144,0.00041097260297358605,0.003860537299783999,-2.4749647839372626e-11,-1.1646266732547218e-12,-4.029176980905159e-9,2.2416979939098623e-6,-0.00011738204909506588,1.3952546757485291e-8,0.002856319068146836,-1.2692632470519256e-10,0.00015217246202428803,-0.0020786752497048886,0.0017845169726684565,1.1150400658279047e-9,0.1439408843165353,-2.649391555952478e-10,2.1853160218339946e-6,5.2674231067750917e-11,0.011332809944394572,-0.01064849104958688,0.006591121680222936,-4.407586323750049e-11,-0.007179738094101577,-0.009461504020309432,0.0020569946382809896,-0.0006627318418188047,7.358243018014105e-11,5.476955411887444e-7,4.436147448227233e-9,0.00823369613506759,-0.000776147502159243,0.018590244532690158,1.0415351033999214e-6,0.004292873125719345,1.2997247611227081e-11,-2.8491955091396877e-7,-5.195311015949182e-6,-0.013603177507783866,1.3697958745407858e-10,6.446160102882951e-9,0.0038569726089520183,-0.006741399998653462,1.185535394208778e-6,-2.1848559534480294e-6,-2.035695052622816e-6,-0.00010304702397203629,-8.791699025518608e-10,-8.04944340760746e-10,0.1798039863663703,-0.003310045252162975,-4.3082989934518847e-11,1.9994237995055306e-5,-0.002769044932383258,5.1428790626218286e-5,2.6520561414257486e-7,1.9905617416262393e-5,6.197632756577937e-9,1.298472483089346e-7,5.300480844731054e-8,-6.557820589268585e-8,0.44359670767304316,-2.396978052356385e-7,1.6254957420263127e-5,-3.001981604945556e-10,1.547766587152841e-10,9.8556130727559e-6,0.005551448791410307,-3.5754414003971754e-11,-1.5130217348739156e-10,-1.0646236777740734e-9,1.3825705363990911e-9,4.0024224895769123e-7,0.005126472719602518,0.000801765278629864,5.663911325040714e-8,5.281831340213337e-5,6.646922883820854e-9,2.167731823772973e-10,-4.4901552876689897e-10,1.382023654035442e-8,-3.433104713024786e-6,5.838431003779598e-11,-1.3777639646815561e-9,1.3896167838011632e-5,0.011053269948847241,2.472182706816395e-5,-1.1403538376781507e-6,-2.787990706634677e-9,-1.1202311120988075e-8,-9.818731503173931e-10,-6.533340170774977e-6,1.9414814782366765e-10,0.00022551097868760925,0.0002132732259936718,1.5470414187355277e-9,-3.9024390952798454e-6,5.378478871300053e-9,-3.256112374233627e-11,-1.5376294325812636e-9,-0.063628524262549,6.3298766943862485e-9,5.29740937248216e-5,8.156247255012777e-6,2.799175044579688e-10,-3.9914036253659973e-10,-1.2974105222491014e-8,-2.806196024005243e-10,-8.853678797139218e-6,-0.00041809713201246035,-6.094926055987118e-12,-0.0008846550897196443,-0.024962525792885014,1.4602629709369941e-10,-0.010595888553797148,8.41235596334744e-6,1.191527724727863e-8,-1.3861924251666822e-7,-0.005747848766256758,2.9672093046651377e-6,9.096591472216568e-7,-6.127489217994272e-10,0.05707361281800856,-0.009401624219704086,-2.0659604172294084e-10,-0.0016265905353695018,-2.1546821511071136e-8,-6.38049395715272e-5,8.135167144257945e-8,-1.5843317165989655e-6,1.7167849995344696e-7,-4.44028278085372e-10,-5.3585123701781106e-8,0.00040660217294614026,-4.9766641293128516e-6,-1.8146918214836947e-8,-1.855357638863935e-8,3.0761798200603234e-9,0.13892173158183985,0.004289142250764674,7.98228865581543e-11,-2.0739883830164143e-10,3.76921824300645e-7,-4.537226336663448e-12,9.04452539278586e-9,7.250372842983672e-7,1.2185591531016444e-6,4.635877618768097e-8,5.72219520519946e-7,-1.3023576249804295e-5,-9.612026579120004e-7,-5.1908459402350066e-11,-0.0729646760948201,-9.070581336099675e-7,-4.679526832361479e-6,1.7452466606425503e-5,-5.102034912253811e-5,-3.0256134494619367e-11,5.965655472479512e-12,-0.026785118046035672,0.00380947893573448,0.04150791091694402,-1.012693304628612e-6,-1.9321159269224456e-9,3.963709726524861e-10,0.0002699613213848047,3.0901647666389135e-5,-0.006206180491018667,-1.1380948938836341e-5,0.002596887155727218,-3.2034755610717707e-9,-0.08333421262675793,-2.867075537716924e-8,-5.9853546082114414e-6,-7.985630459765625e-6,0.0006903351933257459,-8.902942118732981e-8,-1.4571819348711293e-8,-3.8440553989584976e-9,0.031792951064154334,3.407586542922068e-11,0.0010411603968595584,-2.2582153741734256e-10,-0.0015803112161611765,-2.343270448571017e-9,2.954453543043843e-11,0.00033117750294246636,2.633680070987574e-7,-0.00018821463484029017,0.0010535829040975958,1.6489855541193552e-7,9.52372063427449e-6,3.351816235905724e-9,0.0016776502653362312,0.002592515011595831,6.809334358411623e-7,-9.988837775201609e-5,0.002804281956579406,-6.721307535189073e-7,0.0002894152169131389,-4.277566933957727e-8,1.3271565763865307e-5,-2.1090739345188015e-10,8.272064178652533e-7,-0.003030080639019552,1.861057740846559e-10,1.2248154926935717e-5,0.42712011136264444,8.278116474940232e-6,1.5005837249592434e-10,-3.6639612015516195e-10,0.003104144792329248,0.005344069573317427,3.8402037880840796e-8,-5.563100736007833e-10,1.1950928049151977e-10,-7.086818151204897e-8,2.842475731714131e-7,-0.003201684501993239,-4.377390289969409e-6,-0.009343268420418703,-1.5336157430701534e-10,1.0356897981957563e-5,-1.797038511769132e-8,1.3438680227486057e-7,-0.035689941046536666,2.5138683441629417e-5,-2.532513130109915e-9,-9.75093013103125e-8,-0.00016106566983845196,3.56664415695392e-5,-4.049341588565012e-9,0.004930917966206448,0.000641343574083041,1.3826699392377607e-8,1.891127236919339e-6,1.726441421474338e-6,4.840148259487229e-7,9.720969108282835e-11,0.00012465044950993285,1.9518534013888764e-6,0.18604020059635393,-0.01349507712121582,-8.959965134018664e-5,0.00694758326825502,6.834072275438619e-8,1.409825061751717e-10,6.269666173157516e-11,0.00037308064589751096,1.1422486035192599e-5,0.001073871833769242,-0.060119992828292765,-4.391225243805611e-11,-2.7601288586484375e-6,1.239380982715092e-10,4.211652006057956e-9,1.073484323825416e-8,-9.540295446652735e-10,-0.0033031074135655403,1.7326719189428074e-9,-0.0004384096739645783,-0.0002474932554267577,-0.004607865431913537,4.8427350534363273e-11,-0.003010051779845466,-4.853015619803637e-6,0.000212501028693292,-0.0020593566171330496,-0.039222159146510026,2.5779163594667577e-7,3.162756865078847e-6,-9.35196124600127e-11,-1.9907066703374078e-11,-3.085473026545095e-11,8.23259540589204e-5,-1.810057027920191e-10,3.6593723232102943e-6,0.0019001168716574726,-0.00025332342203352224,-0.05915066176617787,-5.0721584396867294e-6,0.003508117260630237,-1.2824544467984018e-11,3.3660546992503375e-5,0.0005215499127771646,-1.041063190810493e-5,-0.000729869579647452,-0.030770419844863707,0.009148943118036379,-1.2408265849649916e-10,0.00017177603730567732,-2.215732695970008e-8,1.7362867051087978e-5,0.307859252823463,-1.1122029718596655e-7,6.468674916448766e-9,-6.960247904855659e-6,-1.3303275475892498e-10,3.270478774321828e-5,0.0004889178716904496,1.3848977519930143e-9,1.3965793600081373e-7,-1.2821120181947898e-8,0.0011132769168466523,1.8030799835646047e-6,-0.019183027258977633,3.1059258917356035e-10,9.653958895149767e-7,-0.0001953324923096588,1.035012479060784e-8,0.0017552309259019781,4.4680189459121966e-10,0.006874844949324341,-0.003536782540222406,0.5082146606598997,-9.937805952065395e-10,-4.272334757236858e-8,1.1111699160285916e-6,3.693065194314034e-7,0.08459026384154357,9.287967430302329e-9,-1.8721432675183552e-10,-3.3068447470558233e-6,0.0006849038377135388,-9.024595565886298e-11,3.2380490978095436e-6,-1.563413176383188e-6,1.0973028199884097e-5,-1.981184228673302e-5,2.7845394079481084e-10,1.2260429153136668e-10,-0.0007834927413641735,4.255974646655432e-5,-2.885056619769327e-6,5.835965377725483e-9,-4.380986034355233e-6,-0.0030604949784963204,-9.453235482196288e-7,-4.716349542546031e-9,-1.2012934241381679e-8,-0.0011570425152554239,-0.0015386583105821315,-3.4555602977861134e-5,0.00012773572316609208,-0.00010306577232319879,0.0005683383494824086,7.454477984530486e-11,-7.048150462226997e-12,0.02452157059445959,1.3942463789488174e-5,-4.3536963060951856e-12
0.0,0.0,0.0,0.0,0.0,0.0,0.0,0.0,0.0,0.0,0.0,0.0,0.0,0.0,0.0,0.0,0.0,0.0,0.0,0.0,0.0,0.0,0.0,0.0,0.0,0.0,0.0,0.0,0.0,0.0,0.0,0.0,0.0,0.0,0.0,0.0,0.0,0.0,0.0,0.0,0.0,0.0,0.0,0.0,0.0,0.0,0.0,0.0,0.0,0.0,0.0,0.0,0.0,0.0,0.0,0.5326885029936976,-3.190685267141324e-5,0.0017356909965210725,-0.05544621700099114,-0.004651687922617053,-2.1217561729953658e-6,-1.3086496550789091e-5,-0.0012169298204533364,0.005017221886569665,-7.148623760569826e-5,-3.912474108858696e-5,-1.7433190668449254e-5,1.2926842895692286e-6,0.00012103162629511943,-0.025447762811288552,-3.7755877109684123e-6,-0.0007020708091302017,1.4435206053682828e-7,-0.00011421430090067439,2.1252091623088837e-6,-0.023659276134794568,-0.017516225531925514,-0.04357311333234547,-0.02733430002790287,0.00014071145199204694,-0.0001610568853701913,0.016485512433985307,0.1970676142842495,0.10892388998402779,0.00037796212863702125,0.0036952548452940178,0.00021202670361848523,0.013244697668688403,3.6477023518210616e-5,-9.264225640086516e-5,0.0032957197460234894,-7.629803775254295e-6,-0.000655725193159661,0.0010598129616206204,-0.05510657482463535,0.006078583581117574,0.0025894933574580835,-0.000414298269920063,6.037128476426116e-5,1.5365020393558164e-6,0.00013910973937824718,-5.939899690769969e-7,-3.4763081574973236e-5,-6.143307703440391e-7,-0.0027293308165436216,0.0014279166899066806,-0.04586935576240558,-5.296658708739765e-6,-4.349256418065826e-6,0.08086586694130996,0.000888941590986537,5.188822363555441e-5,-0.0013493711384210416,0.00019398700540541023,-0.009829559120292864,-0.0075902581996774915,2.0598522704035706e-5,2.848916281319376e-6,-9.352415190051296e-6,0.17062973298095777,5.981959963116132e-5,2.944281207384149e-5,-0.056121571218495626,1.3967111929998754e-5,0.0002461044276640606,0.004520946338915338,0.27424999091161456,8.558789187804758e-5,-0.06245902693059592,0.00024400281062589743,3.0946905777134854e-8,0.00023648339435633812,0.33775997681485237,2.7797355168675594e-6,-0.00011137403691159231,0.06436194992741426,-0.00040538012455199263,0.006883962567055398,-0.023080701447398846,0.006329306903049696,-0.019687980611025266,-0.0013562592967929661,-9.148189652274992e-5,0.0009306446681970844,-0.0003848772252886748,0.09324748524597934,-0.0002535600938694792,-5.864354715756294e-7,-2.96510530005907e-6,-0.00014925614587978195,0.021104520601403932,-4.155678450941115e-5,0.003871008728311068,0.0076608464262849915,-0.0005116177224603513,0.0025751033339234466,0.08395398059743944,-0.004728192122667932,0.00022031049983091747,1.4994481926092097e-6,1.3811283777269572e-5,-1.4632694719281864e-7,8.711750787501747e-6,-4.198254243867406e-5,0.0004564963458694499,-0.006763187026911865,0.0029486342761573746,-0.02505070100917007,7.421943139194283e-6,-1.8153161049322636e-7,-0.0005222637917089199,-8.574509701041365e-7,0.00016456011798023564,-2.4414408748213025e-6,-9.933604527683605e-6,-0.040567072973875226,0.0038519131493801226,-2.3851409114842002e-5,7.792578919863855e-5,-2.2860091590018653e-6,0.1542877728607629,0.0209273466033346,-0.0005199252034214916,0.003891473182201014,6.036545157186604e-5,-0.02358951391860811,-0.013693146920241974,-7.949682494998068e-5,-0.0006730229436635777,0.00011449211819092771,0.02480197371871329,0.00038499296898699575,-6.333990190405595e-5,0.23354806253674146,0.0007746690196754323,7.913184243480333e-7,-0.002897676561046492,-0.0134876424395116,7.276053517027354e-5,0.00033618318428693336,-2.130967112023522e-6,-0.0002057245175218752,0.0028468152363053468,-0.01569655504176815,-3.589354590936293e-5,0.017764177362130967,-3.8512311470513626e-7,-0.019496264265610484,0.00021164343860112495,-0.031293770027553694,-4.890878264767112e-5,-5.266938719955691e-6,-3.687381245318558e-6,-0.02300453375472146,-5.64643544921463e-5,-0.00020694134628984376,0.00031199449123779486,-8.46323915362536e-5,0.00359600316268135,1.0182610778361183e-5,4.821417102750574e-6,0.0006437171677750716,-0.04532167306912388,-0.00034813874147766237,-3.0403651584585216e-7,6.62574731082968e-8,9.416226886633269e-5,-0.009452296241029277,-0.000731461633066714,-0.0012108548910827802,-9.46546111012579e-7,-0.04175929296574558,-3.6399067352875686e-5,0.2527721303422889,-0.004061437808451995,1.2085615415788883e-5,1.0679876000742221e-5,-4.338868218049141e-5,-0.00048367849004324597,-0.00014053315304216917,-0.0004495578664245859,1.6847282170849059e-6,0.000124729023220701,-0.006666288872186953,-4.0012782168197394e-5,-3.2393506253247695e-9,0.004566546630037658,-1.2517603036820599e-6,-0.052128890028357404,-0.0011929961705612257,-0.0006864188456712203,0.015506501270386297,1.2520955169677553e-5,-5.240366196240927e-5,-0.0005311454648617515,-2.1671863319367078e-5,-0.025306459793686415,0.0010663780141719,-3.5883303476609465e-5,-0.0008246717011696342,-0.0003875673173310718,0.05396023441624362,0.0070088584640920545,0.007350673275412049,8.228284922528482e-7,4.1265442818373e-5,-4.045339163090001e-7,8.294113138912081e-7,-0.00010022060983088673,0.051584138174572046,0.003566493078065208,-0.0001055481215139058,0.09292367815242841,5.929937349639912e-6,-6.990852386802519e-7,-0.03246906476449747,0.00020212214453121756,1.5438154460171995e-5,-0.03206005313802763,2.5036326959748347e-6,0.0020313418945700004,0.03015634816498518,-2.1375243263753167e-5,5.3743205249819775e-5,-0.014673650065288802,0.006828386721261622,-3.684945158818625e-6,-0.012668386866776718,-3.170524359726936e-6,-0.0007949991925381025,0.00023303229857862156,7.192067979423332e-5,-0.0001368911557874934,-4.359610586045477e-6,-0.010731902005634198,-0.004085484032605584,0.14614542092310065,-1.3277227499317848e-5,0.0025902595171982145,9.580921364509578e-8,-2.199437780687197e-5,-0.00018820941916846922,-0.008365800259863061,1.3468187829343015e-7,0.1774547461535832,-0.047487226304573346,0.011623022257731734,0.02484297258077057,-0.00024249441252142801,-0.0008800610210499261,-0.0010042733380467008,-0.041873710672794495,-1.664417112538115e-5,4.916218084270215e-8,-0.000138687037584499,0.001758369695207384,0.2558785304753782,-1.1199944808782272e-6,0.00015292539428801447,-6.573771651573602e-5,0.3214833423154447,0.0054130613340304294,-0.02368448319251267,3.731591268546761e-5,-0.0018764803547687379,0.00043814211349485726,-5.0000265944683365e-5,0.004408019349209639,-3.999106585890861e-6,2.5800123353447062e-5,1.3740912303355295e-6,0.12018179750675886,-0.006172145834045678,2.2182219063497945e-7,-0.000929966134009446,-0.00036645481126109866,-0.008806461242793362,-1.5066828857017629e-5,0.007860088583627613,-2.4743389147293437e-6,-0.0002422804134393011,-0.018433601171213905,0.002638030212648188,6.762552560875113e-5,4.171275575558638e-6,0.0010632237383408566,0.00015177541265808776,0.011204616300875016,9.915834015942741e-5,-3.516947120013227e-7,-0.0037050928103225956,0.0037681786240845905,-7.825639220991196e-5,9.346291320184339e-6,-0.0015432899000136506,0.026314980800607974,-0.026515560120134528,-0.001246312031190381,-9.747656832366184e-5,0.17694084583827396,-5.9381912144579855e-6,-0.0001231550072853727,-4.2454367799031495e-6,-0.00699884655855059,-0.03496721417084192,0.00027552868614224077,-0.0007048520852284874,0.0003579718949307435,0.002452077631103766,-1.1539840563702729e-6,0.0473240511101102,1.5512226042267381e-6,0.0006458879189682039,-1.6174403865039188e-5,-0.04377414639208057,-1.0167639937304461e-5,-8.783203863926366e-6,0.00017124300375481036,2.40651770573861e-7,-0.00040494238354484,1.7948975413725303e-5,8.783487138292804e-7,3.2790185058432343e-8,0.006598555419078016,0.004747415685072267,0.003917138796525361,-0.021571029897933722,0.00011524922651898526,-0.03003620100606521,0.005546915470134828,-0.0015797241833218653,0.10110708332481097,0.054555075497079816,-3.4999612389339e-5,0.00017550844407186037,-0.007525343636305689,8.026033838973968e-5,-1.3224852880483806e-5,0.0002836436786305474,2.053596164967351e-6,-7.321473420469733e-7,-1.3604314808176711e-5,-8.837195693676273e-5,1.5268238516544907e-5,2.818846435229166e-7,0.0074127904553254334,-0.027540907718448613,-0.00013499832982521008,-0.0010705822021476715,-4.1184411447819225e-7,-1.0879659996865624e-6,1.221213068974215e-7,1.1390332395277763e-7,2.445357064779685e-7,0.0027948600339455253,0.00021108970755021536,8.644187336197301e-5,0.13149071577987673,2.1925109843922492e-5,1.2263589247835478e-5,0.0006324946354396377,1.387875132895925e-6,-0.0008590371111626272,0.04431932629093663,0.307948155196962,1.8370944407985306e-5,-0.03599160566811556,-1.6021773945423277e-5,-0.0005230494995115169,-4.728565437855173e-7,-1.4115859941053827e-6,6.894843128149696e-5,0.00018752826415415922,-2.7828315912937434e-5,-0.03392706049147307,6.993831188018077e-5,-3.00130152289382e-7,-0.00017973784315428293,0.0003169759714813891,-0.0001879397202730823,-0.00026335347536165707,-6.620466294396893e-6,-5.640697004266802e-6,-0.0019998176028076663,-7.750738409659616e-7,0.45393149753052,1.8942530442501144e-8,0.006544905750262911,5.5095168704830815e-6,-5.4717398114400656e-5,-9.179276637300622e-6,-3.4034732553437107e-5,-6.055472556347554e-7,0.004413051900274343,0.1711292938273167,-0.00046542668272140384,-0.006189344161097653,-3.664062744113294e-6,-8.689518702796591e-5,0.00016460494938779933,-3.244694662946975e-5,-8.176556534227083e-6,0.004513341650362909,-1.1027452803574307e-6,-0.00019128649959836123,0.06221766831223295,-5.9452835545334106e-5,3.447033055262455e-6,4.903670706355797e-7,1.139946832980698e-6,-5.331503883357397e-6,-1.7293091429975554e-6,-4.583045395673111e-6,-2.6376932703871594e-6,-3.3453380518678944e-5,5.56420823581145e-6,0.23688703584281975,0.0038827913724239875,-3.866109488604996e-6,2.2163335096417572e-6,-2.238345914510269e-7,0.3692397133564949,2.3142986566056656e-6,1.1273555866027172e-5,0.02666939040324087,-0.04144751809384242,-4.231141825244275e-6,0.0013508491435047557,-0.009654086034295661,-5.478396974972816e-7,-8.45563797667989e-5,0.04571794592306713,-0.08261501217312209,-0.007490969135297063,-0.001443372051172627,0.0033757484183233413,-4.2893590051318546e-5,2.843701891432586e-7,-0.00015590756935520951,0.0001631198133770441,0.007402560501096555,-2.418871977922331e-5,0.0025014488970555478,0.17709069242377398,0.0036522014007360883,0.0036494807927142424,0.07485361366383753,-0.01377443691427751,0.05821567842873994,5.050525220157905e-8,0.016433139844754148,0.002538218674781164,-0.00012600014920668764,6.680116894260211e-5,0.0027366327187466712,3.1139987113866975e-6,-2.5515674672424318e-5,-0.000639512408999996,-0.0013904740061018012,0.004924821316904893,0.28556873140530986,3.103815886168301e-6,0.00012051282788026865,0.016698411619645817,0.0029409999464931774,0.004422330871907405,-0.0002333095166594637,-0.00022048352145889846,-0.014087531750805612,-0.0003159632563552017,-3.622923008856188e-5,-0.0011055418119012017,0.0014266219604157564,2.0122296589910177e-6,0.00015595667036097678,-0.04941143532218791,-0.0009462114711897401,0.00788703212429272,-0.0015603491178651384,-0.013372132773223072,0.00024172179245030394,9.657525636977967e-5,6.0943995301589385e-5,0.00018923094927283222,-0.0175819460219287,0.0063749698647615,0.00014914628537576397,0.0027622999670078364,-1.663817473515286e-6,0.001331277847727641,0.005762074280219686,0.0027365917134766597,0.00018472830833268197,-0.00029990917247871865,-0.01827356998702852,-0.00019465359269035535,-0.009011200212979393,-2.395734271875432e-7,-4.385807093028467e-6,-1.3377663920952692e-6,-6.1124675424515115e-6,9.957452305352717e-5,-6.537403519763778e-7,0.0038109139907244486,-0.020798926042340325,-0.057305943695931165,-1.8366785601091074e-7,0.00026873096929756003,0.10192302200868592,-0.0005285121130634812,-2.93465732165186e-6,-4.364180100450022e-6,-0.0003082118853162183,-1.3059121468309735e-5,-0.022941639836249486,-0.00036768011126082667,-0.00558397169517911,-0.01489463423560848,0.05793675835147337,0.0012533849777573182,-0.042962077293130375,0.00022219320648593824,0.0004505907851755357,-0.022778300411647426,-0.003746192997078298,0.0010307333453266937,-1.329237955433108e-7,1.145828367376177e-5,3.9860005088557134e-5,-5.58153376977057e-5,0.08000744433606313,-5.882152799675153e-6,0.005417016217736854,0.17858940843965151,0.019363669617026496,0.02425068688988337,0.3203363233336944,1.595015757055198e-5,-0.014785327504043017,-3.43430647834283e-5,1.2189991132269268e-7,-0.020795281045777738,-0.004637632672504404,0.0003498113485351707,-7.784049109129035e-5,-8.67732620346353e-5,2.0126836816942705e-5,-1.1140578485682448e-8,2.720170433401917e-6,-5.782976250620044e-7,-0.028449837715817473,-0.0010947216499831865,0.00397981594238298,-8.856037074847106e-5,0.0009433653100655866,-1.881273057272773e-7,-2.8783794278651597e-5,1.5526852393990976e-5,0.0021296926012205606,-7.95625470772327e-9,-0.005452585731083207,-0.02014781768168844,-0.012668999958057611,-5.624315943782103e-6,-0.04767517018563064,-0.011266423431946821,0.05292129991989244,-2.7058261571287447e-6,1.9457888392725826e-5,6.096193413668118e-5,-0.0008288970709422169,-0.00013171902303539383,-0.0006810367753357331,2.3251268093336158e-5,-3.7598016316332876e-5,-0.002241877884182526,-0.00046319684174289644,4.230666295683432e-5,6.1025096622957464e-5,0.0005531676689852243,0.001149694667958572,-1.6288399919399616e-7,3.11946475103701e-6,0.31469546624788025,-0.0004409207239911633,1.4643227615042737e-5,-0.0032524955617508826,6.353052683303683e-5,-0.0414477526802711,0.0008668239682884694,3.166314173956866e-5,0.003814493878584446,5.033142460845495e-7,0.00016706597712872698,5.685006194022695e-6,-1.4501622753091123e-7,0.002578666878310958,0.00013915323975829678,-0.0006399019924690643,1.4924870512309243e-6,1.022138991367631e-5,-0.019311923043397846,-0.00016700190789017201,-0.00011921958969445037,-0.035445005921209825,0.060651114588987656,-6.615172626441165e-6,-0.018561480110132797,-2.094705114487275e-6,-8.366898511597892e-5,0.004397852518226693,-0.01610610842790578,0.11091914961953178,-6.854257745441603e-6,0.0035099995654652673,0.0018541654800932614,0.041287562399758476,-0.0016692817046213486,0.005593586131903398,0.00020103830279537038,1.0694121994118586e-8,-5.6427760273444833e-5,-0.00980623087519567,0.41616475949280196,0.07281968104059751,0.27099716472623836,0.00018504502056314315,6.620913881621689e-5,0.398616780317199,1.1665873868478107e-7,-6.324379926777361e-6,-0.0026313588661040156,3.2083246993577114e-7,0.04657732917442037,9.207777074438175e-5,2.353474714411026e-5,0.0004083962177137119,-0.00022689627732934764,3.50367735215447e-5,-1.0506336971207489e-6,8.765477235480435e-5,-0.005280341849787619,7.548554328884193e-5,0.014510680233937768,0.0013593819310301395,-0.0011938995406656002,-5.425592567709327e-5,-0.0018022114766677387,-0.0004362263377193501,-0.0015501087288930517,-8.324619052330268e-5,3.903118308240682e-5,7.870630493791381e-7,-0.07371231251185922,-7.122505298867171e-6,-2.8315385063451495e-6,-4.588015324290138e-6,0.04966124065565001,0.144033957624994,-5.494655013871918e-5,-1.1080214560112741e-5,-1.28221449463634e-5,-5.240791536927392e-6,-0.00010078474437988925,0.001974666199198436,-1.1968581514124505e-5,-8.696454826083532e-5,-3.456509073824437e-6,-0.0003839338735370702,9.338521522897614e-6,-7.332545651566897e-6,0.00020192434343857513,-2.527939167416653e-5,-0.011815403489384245,2.2574351777125607e-6,-5.719301395358082e-6,5.180701644865045e-6,-9.578618572618567e-5,0.00032520521746329223,-0.02932264718818323,0.014557594718249073,3.965036314457327e-7,-0.04616423593884071,0.008937772413630559,0.0006176564460243399,-0.0001866355739849978,0.0005289424038571863,-8.838453796443357e-6,-0.003212122147125201,-0.011268638537596276,0.10912424070769806,-5.8378200293785466e-5,0.07486374353955742,-1.3025351173056589e-7,0.00015717562195259756,0.10427285493827519,-0.0015375053634446995,-0.013293441102397463,-1.8376346833873428e-6,-0.0002809452192502112,1.0925913146764525e-5,-4.684557729960179e-6,2.750454455208451e-7,0.001436387748695687,-0.039342887452937486,0.11242228095566516,0.021726914764054275,-1.7204205471638045e-6,0.010398052459926583,-0.00023768649739147252,-0.002291472512559776,4.8167828544302904e-5,-0.00029081167834559983,0.2785789750369573,-0.025060211937846286,0.000139499857837539,0.00017755299691978794,0.0001422789440761713,-7.39054545419821e-6,1.3766535669930515e-5,0.0005494592417930513,-0.017167379741355137,0.0038964830518137218,-0.007898844267959844,-0.00011053016582238848,-0.03177114130236701,-0.023064539922434846,-0.02404729474573005,-2.152135995776853e-6,1.9098573790300713e-5,-2.5260823541716225e-5,0.00011867424516949953,-0.00033626192449421347,-2.209381407855588e-5,-7.47275893108738e-5,0.00011186210772527475,-1.744339318100757e-6,0.002608449790275324,7.871625466122564e-6
0.0,0.0,0.0,0.0,0.0,0.0,0.0,0.0,0.0,0.0,0.0,0.0,0.0,0.0,0.0,0.0,0.0,0.0,0.0,0.0,0.0,0.0,0.0,0.0,0.0,0.0,0.0,0.0,0.0,0.0,0.0,0.0,0.0,0.0,0.0,0.0,0.0,0.0,0.0,0.0,0.0,0.0,0.0,0.0,0.0,0.0,0.0,0.0,0.0,0.0,0.0,0.0,0.0,0.0,0.0,0.0,0.53066193235288,-9.925968420595859e-6,0.0023959937900662506,-0.00014550327261200166,-6.419175296664801e-10,-6.606097769932728e-10,-0.0729386689819192,-0.014578154778953918,-1.2480192922115e-8,-0.04499038625342408,-1.2055139099155248e-7,2.658185360457377e-10,0.09820818767987452,6.152144674511144e-5,-2.9746758955619385e-10,-8.549559066991512e-8,1.654266221326662e-11,0.10974629745775555,6.23651084966086e-9,-0.0012646197437681654,-6.013609915720117e-6,-1.1708792567211463e-5,0.00016292338912892568,0.010188072753310533,-9.922477565815674e-9,2.602766741517625e-6,3.694772759459925e-5,-0.00024917308324912726,4.472740430547824e-7,1.4990768989597851e-6,0.07011996798042969,0.0034692381300019254,1.182379642156864e-8,0.19196743562350926,-0.001979377830143981,-2.8512040037727132e-8,-7.356695357887325e-7,0.0028871928353907256,-0.00036775663071620366,-1.7231183587805205e-6,0.0051559392754136615,-0.12192265293438449,1.7606817393467495e-8,-3.417380080525877e-12,-6.902627319821445e-8,5.688791214860274e-11,0.20652911497316784,-1.1405106052545876e-12,-3.096617245903816e-7,9.834678012731344e-7,-2.1406058673935147e-6,-1.6868173863428826e-9,1.4916935661189006e-9,-6.365791986023605e-5,-0.008019165998854608,0.029742661838324753,0.017651713045894937,1.229639193160056e-7,0.001068115576527148,-7.106299943859391e-7,-0.016295082776385958,6.999624717728793e-10,-6.60108022492113e-10,-0.0001183751295064268,-5.592978421220341e-9,-0.03433748806364237,-3.46540229761964e-5,1.0906186210237046e-9,0.04250967933087128,0.001839046107098098,-6.202759560625933e-5,2.1435739666921863e-7,0.000759162332693384,4.3803550408327256e-8,-3.4068300695108115e-11,0.005950132664208728,1.2101080612777501e-6,-8.17452557838e-10,-0.024103414169329776,3.974345187650797e-5,0.1196433432966094,-0.00042067566121162963,1.1247053354274479e-5,1.3124076752853331e-6,0.00364430252547064,-0.02051623756965333,-7.524155226176446e-9,-0.022366552570879467,-1.120696812202387e-6,0.0001329493708600127,-1.399372486253063e-7,-5.512601917142535e-10,-1.8023107834873055e-10,-1.9782751385875675e-8,-0.00028632477736403953,0.1974951276459122,-0.007876138417742566,0.0011478325372330472,3.2989177600496005e-7,-1.5980488881063383e-6,-0.0002116171190446906,-3.1370117583566672e-6,2.3064133909715989e-7,3.0032798494877137e-10,0.10461708375141153,-5.6708058038056125e-11,-0.014635421499064391,0.06593437306095305,8.574346486198562e-8,-1.978764784661048e-5,-0.008291220953793369,-0.00047035847562605323,-2.229453148722418e-11,-1.0482584261683987e-10,-0.009358156163078663,-1.1902159132376094e-10,3.0208977462134054e-8,-1.6911453825919872e-9,-1.1845375968341655e-9,0.0021245605611757397,2.3530968436076196e-6,0.050626827392003346,0.30753676033919475,-6.971251891759808e-10,7.192936148066434e-5,0.00013005803132999769,0.007465184577152175,6.81673894567989e-7,1.1443317063894776e-8,-7.640441914654005e-7,-0.00043953460981488375,-4.591074950833541e-8,-0.07485601166313198,-5.131205883444002e-8,4.438814535203794e-6,-0.020005472475552177,-2.3927335842324914e-8,-0.0001782188736254405,-0.00011867413401278658,2.283164525399118e-10,-3.1521009477897083e-6,-7.381087346756233e-7,0.17472391337936402,6.194131786197797e-8,1.7016586482604982e-9,-0.0008500657690935357,0.00011096045441885538,-7.17183158298502e-6,5.878649457587236e-7,5.0539915314118385e-6,1.8327326376159466e-11,-8.700926229055228e-5,0.167131740843523,4.1627431880020886e-7,-3.1961686852842097e-9,0.06553790371166338,-5.782160575217978e-10,-4.264856908351879e-6,7.224643670977112e-7,0.0032449705957557835,-4.228743587763363e-6,0.3788047724215796,0.005076112592396065,-2.9836973344753056e-8,5.033853920874606e-9,6.110316968546297e-7,1.0449220090480075e-6,0.011716544417703588,-2.48466582069857e-11,1.3674565942476591e-11,0.03082902096050041,-0.0036261629504843397,-1.0207106667231317e-7,-0.0037496927598207504,-2.414928625298821e-11,-1.5463780666546095e-6,-3.817085278223969e-9,6.192426400960846e-6,-1.5511282057997016e-6,-9.849503109477891e-12,-0.008665215879741396,-0.04778070316568374,4.857672972578265e-8,3.5504582894655154e-7,0.0032693506443551546,6.531243301154738e-10,0.018677634958647896,-2.3019078976344833e-5,-0.003021234457741352,-2.4513214902158062e-11,-0.00012722145514000008,-1.0664220174074131e-10,-0.00018415307037416933,-9.124365141196061e-8,-0.12397422273310432,0.0015084471698660969,0.08327186500313095,2.6303608783086624e-8,-0.004290138263476834,-4.055809471029734e-9,0.0020838669563658196,0.0006220188511436742,-1.3606867427607427e-8,-2.1999420309670488e-7,0.03954584799566036,-0.0001782228097570614,1.470529254264071e-6,-1.4628239386008232e-7,2.4938377930331515e-10,0.005418998309913736,-1.1471352612625034e-10,1.5145851032172782e-9,-1.0413958256190827e-8,7.436261811587093e-6,-0.004173204603820781,0.289046757796169,-8.084281732556073e-6,7.018435316425624e-10,-2.146993535218083e-10,2.2261619756718307e-6,0.11735702813060865,-7.128293998364363e-8,-4.1677899210778e-5,8.834603688885582e-9,1.141278747882666e-6,8.213498558380588e-5,-4.5778787739491087e-10,0.06277900573958717,1.1225020473435718e-7,-4.16755526976278e-6,3.5940320409254536e-10,0.0003532915581582288,-1.0881765155910379e-9,0.0049597938734244765,1.8589765902166998e-7,-0.008127152470299305,-2.5414857689497445e-8,-2.1703821555800861e-10,-0.0005409558110504693,6.5969724083779245e-6,-0.0001751638068385609,0.0077434031097871284,-0.00549453850429941,-3.974764978252124e-11,-0.027105153264733332,0.030240018943759894,-3.2563457762308305e-6,2.6612461985664215e-11,-9.322666912706047e-5,0.00015090776477759258,0.0028506614298617074,6.412365070620531e-6,-4.421740777607666e-8,-3.375168857224498e-8,0.041094699156075366,0.001100552745548365,0.41431130208840566,4.180177833246955e-11,0.04454382777159118,4.4651685518745636e-7,1.357692445072325e-5,-5.243477637690454e-9,-7.733303955988624e-8,0.03986786120957471,-7.603192978991125e-5,-6.272285795404659e-7,-0.0007671640714307538,7.998336501540868e-9,-0.02933853884914659,-4.097593878947723e-5,-1.616335454605173e-7,-0.005340529339647687,-5.574485825455985e-10,-0.039954549454307285,3.821137170529083e-9,-0.00010858003309044848,-1.2488874200043352e-5,-1.4770285641326901e-13,0.0002755141284972105,0.04953747408793513,4.313451044293863e-6,-4.614664051170271e-10,0.0012987730877782153,-5.335745773269595e-10,-8.746430735579109e-8,2.0360026283111866e-6,-4.756950672636319e-7,0.32492241733867117,2.8674724619642024e-9,-1.2972885088581707e-6,0.007487260421836914,1.9301493337179807e-5,3.6175163852229984e-8,-7.771097222257498e-11,-0.0033676998038244923,1.5103837373215438e-6,-5.506253704888079e-8,5.482824017557111e-10,-4.5653858813257924e-7,4.033213081215316e-5,-0.00024424741388547397,3.556763996801364e-7,-8.234764532358546e-8,2.277880347406045e-5,-4.510536002895378e-10,-2.1671580986751683e-8,3.6112129323571254e-10,0.0019335672110066657,0.0005334677991101219,-0.007073632491451738,-0.052371591481252755,1.302023931124922e-7,-1.6649043013363028e-7,-3.245130275125779e-11,-0.00015055831427694826,-1.7500115373807364e-11,-0.006732347996797738,-3.4490748290559877e-9,-3.39111872698924e-6,-1.6423074342357143e-8,4.785599197369053e-10,7.736490214622879e-9,6.010284164058897e-11,-6.503040492565321e-8,0.15558261193180312,1.4113300473544587e-12,-4.5505195016328886e-11,3.634323607039249e-6,-0.0028298804111987525,1.5219715465186767e-6,-7.301571365592712e-5,0.17490303917949876,-4.348746931728997e-6,6.079413312329802e-7,-2.1688159551547236e-7,-0.0002453098413704958,2.5175002585666502e-5,0.09305190822036398,0.05912825965137467,-8.337487602406616e-7,0.0006558585039814067,-0.02601907796455335,4.882980288058224e-8,3.617315693679008e-9,-3.342290735078801e-10,0.02582253487961609,1.4462832818391584e-9,-0.020937084059528488,8.252513070449303e-11,0.004278695823563856,2.380748273989931e-6,0.04159259176030303,-2.9434372276276888e-6,-6.272543194285005e-11,-1.8403584533010368e-10,1.5085986319449607e-11,-3.772980979597384e-11,6.906465959784996e-11,-0.0005628026389408132,8.20323994989454e-8,-1.3126316078219007e-8,3.7878426867252495e-5,-5.120326020025553e-9,4.417502189892733e-9,4.936522383130646e-7,0.032959084042144246,7.462143947365993e-8,0.0001145321026045902,3.184387137184796e-5,1.375806786394754e-9,-0.0005136841178228285,-7.321186847477482e-8,0.02477753472259658,-4.317025479012495e-11,-5.108585182782845e-10,1.5616799658892426e-8,0.03374065344433276,-1.6112634391445644e-9,0.0009639179533513003,0.03678664922321147,-1.2057756658481565e-10,-0.05700218514517076,-0.0004441614983584798,-0.06516314327652935,-6.805076120430491e-8,-4.743589414054996e-10,-1.0736845771378816e-9,-1.7898886214833886e-7,-4.557245361269869e-11,-4.252633409658352e-5,3.113142676140718e-11,-0.008399375682932853,7.558759009593705e-10,-1.67650791560217e-8,-1.3176600964786172e-8,0.30580358246947376,0.024208782492610152,-0.006913907528041527,-1.3165585397064902e-5,-1.1252324787699686e-7,0.0010942261227759186,-1.477469180146383e-9,0.3289089965194552,-1.4853858838746356e-8,-5.499816111391718e-9,-2.968764797807818e-8,-0.0160262261381125,-3.1592137114174756e-10,0.06216386155276086,7.060118416557582e-6,0.10921207453343494,-4.044574222293785e-10,1.0307151999606714e-10,3.2214824755116233e-10,0.37271861326700667,-1.9279203888721078e-10,-7.513651300768269e-10,-1.6796946629993527e-9,-9.85752429379616e-9,0.35869757048431744,-7.502517397414269e-5,-0.0005684593026830221,-1.2284447327660561e-9,1.0941286102887673e-9,-1.1836977285357302e-10,-1.806691657547012e-5,-1.616035491976128e-9,-0.005522094108610257,-0.00024169526030991137,-6.127181609179538e-6,1.0620174837711331e-9,0.001950781769684759,0.00034683081213103886,-1.4715216774869897e-9,-1.1989459843601213e-8,1.8926740182986878e-5,-1.5371094204140974e-6,-5.187075570457666e-6,2.1483067971418152e-7,0.002855695491579562,-0.020408393267261953,-3.903521475646239e-11,-1.4429618530738614e-8,0.10361966742432892,-6.913077787315517e-7,3.32608441595381e-9,-3.618389361582268e-7,-7.99176827655326e-5,1.0332616055983319e-6,-0.0050844223965036415,-9.900542004207604e-5,-5.217464826554674e-5,9.780093435360727e-5,-4.03922488162303e-11,4.6244855473877534e-5,8.887414402437579e-7,-0.011645628106752237,0.15232911517445064,-2.2584324607165588e-7,3.124197501740087e-10,0.13936919283783383,-0.001997334790625669,-0.0490630475512908,0.003178844659524528,-7.69930281894306e-5,6.741153798568902e-10,2.5375252193859062e-8,-0.0003580912762495608,7.286988473275807e-7,0.00041567280270149356,-0.01755304999341928,0.15614155514963016,-0.0023232679648996705,-1.3628818694787412e-6,0.003523051891152093,0.008021358575946495,7.490569672839005e-7,5.404259501219796e-10,1.2437388041889987e-7,-7.631648754688417e-6,0.004147256612794106,0.0002596063446547384,-0.00879526606253093,-3.2344328321056644e-6,0.07384178526588292,-2.807273559504745e-8,-3.8281013948120286e-8,0.012802571710573724,6.13111023660972e-7,0.0038949136853378245,0.12169640639827707,-0.01966844466137823,-8.102815119388981e-11,0.0006737838009109521,-2.0367923886268058e-7,-1.6066143222184175e-6,0.029674391410237484,-0.09333650580923541,-0.000153133504786525,0.02119829451058289,-2.4577818053144347e-6,4.443140797929663e-10,0.012729239320065665,3.01177473248853e-9,-5.5194913698234165e-11,0.06682815783902978,-2.5818304207004986e-10,-4.788535423926826e-6,-0.0002902639721495143,-6.259177860679053e-5,-1.0504286036752603e-10,1.923012825574494e-7,-7.250359218817177e-5,-0.07924978849424781,-8.727859170641708e-10,-1.400852093847214e-10,-0.08018205395545701,-1.7482079669949765e-10,0.0003914374373500381,2.7142024506968113e-7,-1.2559315955096368e-5,8.548225853574276e-7,-0.0002725571423020262,0.0014259809968572806,-0.0003256822384593931,4.3068053140863795e-8,7.510221675718864e-7,-0.00021314363801744105,0.0034686731020347537,-0.0034195776933099837,2.6057919672376287e-11,-5.904061545782549e-10,-0.015554124088376432,0.16719023231904664,-9.329728640780356e-5,0.030317495086758545,-0.0015347689141369,5.692466956664852e-5,4.6598735819341865e-6,-7.444784270513037e-5,-0.00012162731451302215,5.640208748368307e-9,-1.3560626731390044e-5,-0.03570252765701928,6.610348530172047e-13,-2.125051476547843e-5,-2.8819976449002834e-6,2.388448934993078e-7,7.010468476524188e-8,0.16884458517517814,-0.011549717464134725,-4.013430536873435e-11,4.2745166949334955e-10,-2.8395416583968775e-11,-8.16570300437045e-5,0.0008069740024304841,-0.014770561878209751,-9.488470381797063e-8,5.178297267776472e-7,-6.680948404785138e-11,9.23672064319786e-8,-1.0553245781088521e-8,0.0029782204226251586,9.827363265937e-12,-0.0002522360474252003,-6.069482550675559e-6,-1.696006222982528e-6,-2.519554918267508e-9,7.006626641676073e-5,-0.0005095834706308229,-8.884915611725663e-6,-4.4049079952728266e-10,-0.004264004571010208,1.5654437764784585e-8,0.003953389562777023,-1.829419310792926e-8,0.0068363700077330915,-0.014627305403165626,-1.999345274442828e-9,-4.272541897621402e-6,-1.1143641325757169e-7,-7.633294923008485e-8,-7.942114059485952e-7,-1.6998070049388041e-6,0.0020888967303486637,-1.998352210687826e-10,-2.4812416837894255e-10,6.896611609656374e-5,5.758234677486468e-8,6.709978406704709e-10,3.827506835147902e-6,-9.102392617167732e-9,0.0013450529937211074,-5.465023430137394e-7,0.06361770133635776,-6.800472562031577e-6,-2.8282082210910068e-11,0.11041537961248322,4.04428372770494e-10,1.5647616068374063e-12,-1.2909870519964552e-6,0.043622935329255784,0.06814724169149788,-8.817009943408262e-10,1.1006406965439135e-9,-0.0005188334776102675,-0.04901961717095503,0.017881200398503515,0.0032748960933883346,-5.441989339912904e-5,-1.29982819254773e-9,8.961248261202385e-6,3.2420122657324396e-9,0.102473823305683,-3.902799019545109e-6,-0.0003997655387626783,-0.00027447896093478594,2.263668776552734e-10,1.3052084375465823e-7,0.0022912563696300017,-0.0002474857561033849,1.614606920424754e-8,1.5269470788638404e-6,0.005891834002063247,-9.52688526807222e-10,-9.987138039408618e-9,-0.0008291377816217219,4.5151988650384665e-5,1.5762342044956048e-5,-9.729171557983612e-6,0.02382799935807565,-2.5604607208835454e-8,-4.01820188962184e-5,1.0430962327509592e-11,-3.7572049034840716e-10,-2.810119488391513e-7,-5.156121430864347e-10,-2.3944012672664923e-5,0.09869425278022233,0.27265448281936233,7.799717118778037e-8,1.4677298909196245e-7,-6.352079894598861e-9,-3.412746174978871e-11,-0.005222039782589395,-5.391216150374721e-6,0.3616928840784589,0.00043480023288208465,0.0010727695556811629,-0.01800370603584082,-4.337193381339441e-9,-0.003487342173437347,-7.205169846580918e-8,-2.0866897583163782e-7,-1.107186504987225e-8,0.014963976473366109,1.8105111452741535e-9,-2.7666639774965695e-6,-1.426942093255107e-7,-5.98751992840978e-10,-3.1043250606057166e-10,6.3622925150507e-5,9.411884733499885e-6,0.14956145416020478,-0.015835160082544132,0.02218222322797159,-7.050200674924405e-8,0.047032808247298996,1.107143198000157e-6,-1.994220494909117e-8,-1.1370311427967342e-8,-2.4167544655104865e-10,-2.700881536065603e-7,3.3057009815087863e-12,-0.013489057094955527,2.3278050233207232e-7,-3.808251234914485e-8,-3.81604132301103e-6,4.3667871998054225e-10,-4.872941657881566e-10,3.7687266024235676e-10,0.1521901613429467,7.86212569550782e-8,0.0010392884552565477,2.678410865906728e-6,-1.0518853411686738e-10,-0.00015323940310402317,0.004425845121618327,8.840895115213093e-7,0.0005545529840258988,4.971020788312117e-7,4.202566832126443e-10,-0.0003371623124517323,5.705019061247866e-6,0.0001116992912767658,-4.377463427783713e-8,1.3143235955092917e-5,-1.0238430843900916e-10,0.014771125950268338,4.1408031239855565e-5,-1.1991628836199876e-7,-0.0014645569434597406,-1.0940843349465453e-9,0.011482445849585144,8.226290118632393e-10,4.209062342471013e-9,8.281034304310694e-13,-0.014796655626259416,1.9812635888787677e-5,-3.638880639117825e-5,1.719278447899502e-5,-3.495330806002367e-10,0.002599947564552263,-0.006417527767839652,-2.441982145915037e-6,1.497289617424344e-9,0.05241127188496576,2.0854384415557763e-5,-2.1733036139375384e-5,7.135522712868816e-8,1.153815806346725e-7,-0.020357862022136585,0.07899449805574373,1.2054256894775953e-8,4.71516971125689e-7,8.195452626102833e-6,0.00021651508856465344,-1.358249336889338e-6,-9.219156970634797e-9,-1.9894768701344836e-5,-0.00047400937006628443,0.0015771406685179366,-7.844270328696065e-10,8.17497319542185e-9,-6.82819939180983e-8,-5.297729709020046e-8,-8.120920509478784e-8,-1.54018368922642e-7,0.05654497073606018,0.23513330606916177,-1.7561893654119283e-10,-2.0965504818725915e-8,-0.000619466993391088
0.0,0.0,0.0,0.0,0.0,0.0,0.0,0.0,0.0,0.0,0.0,0.0,0.0,0.0,0.0,0.0,0.0,0.0,0.0,0.0,0.0,0.0,0.0,0.0,0.0,0.0,0.0,0.0,0.0,0.0,0.0,0.0,0.0,0.0,0.0,0.0,0.0,0.0,0.0,0.0,0.0,0.0,0.0,0.0,0.0,0.0,0.0,0.0,0.0,0.0,0.0,0.0,0.0,0.0,0.0,0.0,0.0,0.5294392242144282,-0.0007272171832178322,0.005501042266727243,1.125641870248797e-5,0.00014210716580954005,2.6468356541447057e-5,0.00023058218376540465,0.0009198712418142826,-2.5911553818799572e-6,0.0009565089493843411,-4.669400374136865e-5,-4.776300518260335e-6,-0.0010939378770809366,-4.0740837674072305e-5,-0.0007106666345744311,1.163340727501767e-5,1.1817212353896087e-5,-0.00014746491072775957,-0.0012949391866257597,-0.014110353541906385,0.17837257791119399,-0.012821535527801766,3.0969900012819134e-7,-0.0017080109438518858,-0.03809781539179606,-0.060027096077327625,0.003537135411065648,0.015067272077266818,-0.06278235751004854,2.6238359958482324e-5,-0.00079009834837096,0.0001663536473967764,-3.3270381230868575e-5,0.0001306538043176151,-0.0006719818501641415,0.03118486213830779,0.0003109888004121168,0.01093657758038295,0.18277571008409288,8.851659519440612e-5,1.3688937120131891e-5,0.0007760643727148194,-6.159441839741226e-6,0.00728180037593095,-3.066575896584788e-5,-6.467384344645477e-7,-1.6322407968999516e-5,0.006813072897121124,-0.03266279890389169,0.0453295405285473,4.55432728698718e-5,8.697149870362141e-5,-0.0022799508086606057,0.00048113591745336485,-1.990390893411101e-6,0.00011655118184744738,0.0032553170820066187,-0.0008016882957868909,0.14881496295784558,-2.9155349289038264e-6,-0.00011802540988541109,3.700717088213398e-5,0.006336368027419232,0.0004804926455919087,-1.4273850709517209e-6,0.0075059014629066225,0.000126055419674149,-5.799311579128067e-6,-0.0009410767747812504,0.004986131898809097,-0.04829302836797958,-0.000586145335123054,0.0008137934084873998,8.628393358112385e-6,-3.634036659080201e-5,-0.0017058844662892053,-0.00016370017940180168,4.944621223262868e-6,-0.062348020936071155,-8.620981471347495e-5,-7.217423681829431e-5,0.007854766503648277,-0.07499910389885484,1.5601257949402688e-5,6.548989722767869e-5,-0.002639653259143809,-3.5847472090981315e-5,-0.06133064805642256,-0.012412965314060798,-6.467511970481756e-5,6.84156631768951e-6,-4.7860972071523596e-5,0.0005688600542722106,0.002359955379796396,5.207023500581804e-6,0.00039468167444612853,-0.001022150304393194,0.014512619444060341,0.011669951127868394,0.010749990067209725,0.01059727066624157,-0.016181248932071964,0.00010854618071449365,-2.7198987708242282e-5,3.6602805021817395e-6,-1.4136255170923162e-8,4.8861797303453445e-6,-0.005714555151770963,0.37759586800801637,0.0001142220779114553,0.0002093376896697129,0.0003118732825739976,2.9417065706471853e-6,-4.985626800173767e-5,-1.814202283090519e-5,0.006720108636415572,5.9893062557753015e-5,-0.000631555145683261,-0.0010830157461999839,-0.07812581114987144,5.90948211782319e-7,5.097662122144976e-6,-7.862875026313826e-6,-0.03491272410644627,9.039196414701062e-5,0.00017203978130719968,-0.030897429829270084,0.00015841791136723447,-0.0017834086024842751,-0.00143984143785907,0.0018674147197270392,1.9416289135005636e-5,0.003158989440637269,-0.05021011817688091,-3.50114872213298e-5,0.00018484351285450162,0.005059169960808058,5.982815420079071e-5,-4.359461942679404e-5,-0.020866582213006885,-0.0007552635320750404,-5.533560537851284e-6,-0.00230469776929966,-9.200815761872149e-6,0.00033996182936084016,-0.03034579754626764,0.2798809509955191,-0.0172335380626142,-0.021664931467412316,-1.0141916600626271e-5,-0.0014693511428274617,1.1911885172335074e-6,0.03103315689543404,0.0009654635971686458,1.496238058297668e-6,5.70675040914349e-5,0.006042367562582682,0.02185006719809265,1.2019081538031252e-5,0.3449625210881228,-9.836129891788543e-6,-6.589871159933698e-5,-0.0008123173907021271,0.00014634581371399677,-0.02139952598040616,0.004965489917008273,-0.00011698834023785192,-3.2517100090304834e-6,2.156212765416889e-6,3.6591576216302437e-6,-0.00028123285388065197,0.0006817021212429769,6.101144439102261e-5,-3.9503732041208404e-5,-0.004125147737031581,0.00040128740712771035,0.0021165558661045505,0.03584902409475065,0.0001422827852417776,-6.9776232780773e-7,-3.6870547282516877e-6,-0.010629029356478456,-0.005039589794828427,0.00037259435067451765,-9.086633191726157e-5,-1.5235032934662017e-5,0.13438660766007413,-1.54217828146336e-6,1.1915011621431953e-5,0.0002770943311705145,-2.121730546164084e-5,0.003944655728778787,0.005078633938868855,1.7753353137829204e-5,-0.0012801213134327927,-3.444531911034103e-6,-0.002059291788174183,-3.0249632951635103e-5,0.00040285044977784334,-0.00046601935000736253,-0.0013003488182944747,-0.0023914837833595368,0.015852780291638825,-2.5029187120540397e-5,0.002121224711363317,-0.06847502623875926,-0.009652017940733233,-3.91492865682706e-5,-1.8431750989019436e-6,-2.3189798544066827e-5,-8.786533616372762e-5,-0.0004801803730440946,-0.044899744276145424,0.00030922323007709937,5.79459003073565e-6,0.00185395124988642,-3.950128960163889e-5,5.59615143579304e-6,0.03185907386085761,-5.4635756170407106e-6,0.0018010442850952052,0.006328278471663004,-9.858966147640299e-5,-0.03185349154183005,-0.026381404331706906,-0.0006082492011623422,-1.845886706529439e-6,0.0003093705018504089,0.36059702746526023,3.7494565537310366e-5,-0.0010939930880040165,3.348209358837173e-5,0.00017937669184214184,0.005726879113859593,-2.998791698968673e-6,0.0015533801738154963,-7.276208346128552e-7,-8.805218373606649e-5,0.0001486110200735261,0.00432107250207543,7.52800396151115e-6,0.00017462235114618736,1.3529135789350176e-5,-1.4081061727018795e-6,-6.540945195242799e-7,-0.06703363909590637,8.097534327343092e-6,0.007369333812915089,-0.003148689374007341,-0.0009300127871885598,0.006128205728045157,-7.524970901166426e-5,-0.005067730056612434,-6.987171757023618e-5,-0.0009161684917058523,2.078862144931023e-8,-3.264032744409595e-6,-7.066084265965369e-5,-0.06278138487780412,0.0008766278762931682,-0.00028329442517964693,0.009928303994416613,5.263018384520495e-6,0.0031513372730900997,0.06270823126282742,-0.001205582254127134,0.0011659901390246679,4.932229627503307e-5,0.0015266176593694287,0.004201429854547175,0.0003991514545790745,-3.435054975950046e-5,-6.873346599364812e-7,0.00013383618183424568,0.003791607951996101,0.1779345719444426,-1.4165173659776703e-6,-0.0013445863345294296,-2.703847445666336e-5,0.0034936748949222877,0.0001319345428959472,-0.0003632305218158942,-1.4493622558121281e-5,0.004441121199778579,-0.02826904794186049,0.03855746110643298,-4.261429659991483e-6,-0.00010684025340037592,0.026004919603059805,3.5046044787550446e-6,-9.341669965375441e-5,0.0022674675769167496,-8.929824156283111e-6,-0.0001389107565051032,-0.11795623055424484,-0.0014684685182168185,0.0001150889874252355,0.02313080488863486,-0.04816914310864421,-0.0006973150451358041,-0.010393384312174755,-0.0008979828708655583,-0.04322841563627816,-3.461709393564262e-5,0.0013700341954015214,1.9701579625017996e-5,4.562429976187368e-5,-0.0015557571500549418,-6.514002236774502e-5,3.9654391999240585e-6,0.008111101708312168,-0.05876844313812348,-3.119475655357038e-5,0.0004637566470686934,-7.866508373308006e-6,0.0003437990585841716,0.0005454254911980622,-0.004053810020292646,-0.0017048240103423918,0.0001116320209102672,0.0007107461269952541,-1.1377110993199088e-5,0.0024770640649897954,-7.518568528143352e-7,-2.649002605395694e-6,9.114861833635091e-6,-0.012838384739251148,0.0002943300222302852,-0.078434734707821,0.009027065661244848,-3.127727182828873e-6,0.015836063862975473,-0.016227551781913974,0.007211476581849747,0.003550871270883236,-0.029931228640715592,-4.2136582930825157e-7,1.4166682007517724e-5,0.08832036577089315,-2.634995504627433e-6,-2.2239669224340733e-6,5.1295666203812374e-5,-0.00013267717950476217,-1.0152759003431003e-5,1.694077226501949e-6,-0.0005092707264023852,-3.128141373695249e-6,-8.110619779733647e-6,-0.00032750678195480855,0.005915088320759719,9.508908316410206e-6,0.050556370084326674,-4.995598549967942e-6,-1.1525004268630331e-5,1.031301382444442e-5,1.1310824939201497e-5,-5.4019244350958635e-6,0.00011585678503842795,-0.0017094910480826714,0.0013085836379191189,-0.008375425741655841,-0.0004865397275922289,1.536287341795414e-5,-0.007288241094239062,8.871052742936735e-7,0.03304269230019628,-0.0023009431964951424,-0.018139368413883313,0.00021517439332038938,0.005052938400988759,3.143766445053468e-5,-1.1288254286013884e-5,-9.158593938874532e-6,1.9042544837425242e-5,0.0001525355606790796,1.9659660082474593e-5,0.0003663705053563096,-0.0009993633471369094,-4.007892293275303e-6,-1.4590390677019844e-5,6.7839921363277975e-6,0.006046374047577027,-6.200707342830162e-6,-0.0033637002281082192,-5.234456512838206e-6,2.6492517147377086e-5,0.09114153814270803,-1.5235811894770644e-5,0.005946980672567006,-1.0603796606224258e-6,0.00036207511206944173,-1.1319612919858997e-5,-0.0009902587159062784,-0.0004793145679659629,3.2589691536351395e-6,-2.866383479984073e-6,0.00031942475874909774,0.0025748789551533397,0.0052350222518492045,-0.0004525064521173077,5.414319226700698e-5,9.002468950814913e-6,0.006607523028839481,-0.0003209218869397298,6.562089581296066e-5,0.00028518351195976603,8.172818834416334e-8,4.9494677002902205e-6,-0.008224068438153813,-2.8817554372183e-5,6.733674844980836e-5,-2.25621762197145e-5,-7.076567797534079e-5,-1.256740794886276e-5,-2.359476315901579e-5,-9.959560154597136e-6,7.194765788165747e-5,0.0007980937436751029,1.2748390273510895e-6,0.0032626449030500005,-0.00015432547022113742,2.1380033376648717e-5,-3.704044262054037e-5,1.0507501338017746e-5,0.0005046504239088551,-1.950427887839361e-5,-1.155630991172653e-6,0.004018797173780698,0.12488903732932266,7.878255934628156e-5,8.994795444377827e-5,-0.001494793714019941,-0.00020662991596470838,0.0006185013746934589,-0.08099901365581617,0.022847279829587452,0.30925127627204646,0.009956540660705442,0.00010596936549721657,-6.378340005475882e-5,-1.1153586340511901e-5,-0.0011703506905832775,-1.5809151870898633e-5,0.10511429436993665,0.0003714688706117058,0.048573613626309124,0.0032574307545034185,-0.0622490849766055,0.00024167346862951332,0.0016051806013680496,-0.0009070207996275242,-0.007026962375423308,-3.872468448602813e-6,-0.02885995198503489,-0.043860917985062156,-2.9142880036834184e-5,-2.748159699304742e-6,-0.07039081311939588,-2.1422096532996988e-5,3.491729708651495e-6,-4.506087143369966e-5,4.007890662988487e-5,-0.0003502554296105652,0.008606301854262038,-0.00010209317144641021,0.0010612894321734095,0.002077040826160694,-0.026448345011837553,-0.001236371096210583,-9.7324524797634e-6,-5.6137478967895525e-5,-0.000549375469320461,0.0004309639782450215,1.8341269140009664e-6,4.6460061351031296e-5,-0.030702446699138915,-9.150043398910404e-5,-0.024462691399812626,0.005113803563985763,0.00022772723708085063,0.0004257088516124564,8.457435689806364e-5,-0.017457462023910457,-2.9378081215929897e-6,0.002286947318142523,0.0016802178205782444,-6.961422997226794e-5,-0.05376875031010814,-0.0002994681555749103,-6.3742129233115475e-6,7.336798081856653e-5,-3.0138517090595282e-5,-0.0006873043582731101,0.060663297663404045,0.16714762245637535,2.650443032114613e-5,9.456374694827929e-6,0.0004881856705120904,-2.068268478178075e-5,0.08079184950202546,-5.006903714057646e-5,-6.018403724253824e-7,-0.00018727640855217495,5.319159366297965e-5,1.1497064659013327e-5,1.6031208373689793e-5,0.36774043323477446,-0.0012775439315538134,0.005344780454205639,-3.575566850959385e-6,0.010251690664126548,0.003334969241190786,1.0442958201997405e-5,6.309336230247052e-6,8.732710461203571e-5,7.0462671719247815e-6,4.924789560664488e-5,-0.0005447159802015278,0.02020945766378689,0.404266871576573,-0.03472621137630592,0.0016262206235146154,0.0001170647796467571,0.0036680563433191798,-0.002684153665892244,0.012930034017815263,-0.0014006365000615963,0.0003081185587247436,0.00013287707368782615,-4.865778315028135e-6,-0.0002468306494832319,-1.537589092975042e-6,-9.63693053942024e-6,-0.001073709547141107,7.126124937183374e-7,0.00013460783007931046,-0.03443549159163815,-0.0633906331087252,0.000972095801347415,0.006083255164873227,7.312866643972869e-5,0.40639064034751604,-3.4166106510257767e-6,4.308727920169121e-6,0.003943083433064651,0.258756979381056,-0.003386611386813553,0.008943641997108343,5.728484125872708e-6,-1.3028821481445247e-6,1.0197525514858157e-5,-5.876456222480693e-5,-1.302598499865379e-5,0.006103835214130823,8.490180847595698e-5,0.00018669971767133617,0.0005739805409353574,-0.02475663161891739,1.0128006005100866e-5,-0.0028071650924581986,-0.0009841145703509235,0.0001242883538391976,-1.2150318248838186e-6,0.006795465007096588,9.052609092135151e-5,-0.029143264764688565,-0.001013090828238886,-0.0005168309115846532,-0.00035062297943172944,0.004510610011025324,-3.436010125716659e-5,-5.242957166892743e-7,0.0001699452952243236,8.301363359787584e-5,0.0009025001512778865,9.806659137368173e-5,-1.1835107737629425e-6,-0.0013048613683416014,0.03966560607624117,-0.000561382410968605,0.0013282814311947756,-0.05254234955343297,0.014956542630797322,6.373623509253364e-6,-1.1713095018247383e-5,5.32957612280094e-6,-0.01210034906277559,0.0076546796464508635,0.00036042941569653297,0.000879268689777918,0.0008176262028432629,-0.0011416306036318442,0.015716590416375555,-2.9278654271726478e-5,0.027522211498106748,-2.945400686647657e-5,1.3343666521284378e-6,0.00015216332712388243,-1.603189344734543e-6,-0.019613359488367798,-2.8706351167786156e-6,-0.00011478930090269386,0.00010335798701666545,7.224471202622514e-5,-0.00036530391045859787,5.3626248108380545e-6,-2.9135155747061195e-5,-0.00032607722129985363,0.0061542448704705105,0.00015118203361259353,0.007614788827297089,0.00015937305105953638,9.088199835908783e-6,0.3387063483660539,0.0010091466570942029,0.005896372506278722,6.161854586984395e-5,-0.01946195683570808,0.00023521067603428616,0.0025160040773125536,0.0023998735360263386,-0.06376090532421576,0.00021596227829064692,6.195627305392656e-5,-0.0018962773738272392,-0.00041771594386348377,-0.02255961910528732,-0.07418530217491749,0.000793471566701361,-6.617843574216266e-7,0.004646825846237183,0.0033663952630504615,1.4786397643914956e-6,7.761546191143538e-5,0.007114422602123911,2.2628069019724e-5,0.001259296414429401,-7.008198575577707e-6,1.5547805625697403e-6,-0.004970187404704926,-0.02526932566631461,-0.00046700773329349664,-2.0730604341585194e-5,-0.00010230973463598726,0.32434874265902,-1.0203110999580175e-6,0.0001375799150322465,-0.0013348659980881694,3.333562765332756e-5,-0.000787283875369814,9.782630691670214e-5,8.064568560261138e-5,0.003098390113146781,0.0007574427827283436,1.4771987204989702e-6,-7.706814740814105e-5,0.04338365496845473,0.004993291909218324,-1.887424694588043e-5,-5.741930007107741e-5,-0.04684136678260691,-0.003663393905553173,6.721152622504739e-6,-6.584199125286368e-7,1.6182992400475408e-6,0.003935553672987982,9.507947810245093e-6,-0.04169690589969023,-0.00017183893880766724,-0.0030835652733831116,-4.8907888250509256e-5,0.016126739407666787,7.002338020593414e-5,-9.93142004724916e-7,-0.01002139449627004,-0.0009437465081957718,0.04887117425560877,9.267135166115456e-5,-3.086119256156334e-5,7.779388148814537e-5,9.462502261631332e-6,-0.001502714458040614,-0.0008988013740047087,-0.028573352750817644,-8.027732778160866e-6,0.012201239188889726,-0.0004200308838828027,-0.0029852033342544653,7.292865004217767e-6,-0.044432013103519345,-0.00021173962553874858,-0.0010168626709145018,0.0024235200174470384,-0.025970340356960716,-0.0010178929666161268,-0.026167301818912046,1.5081613505861361e-5,-3.4297949584135465e-5,-0.06185629872038042,0.0069947729962808805,-0.0010521729138600903,6.404502690003434e-5,3.609618652904635e-5,0.00014122625466025192,-3.236192489121865e-5,-5.621841291906409e-7,2.5071482492991206e-5,-0.0005720092203073864,0.005082853286750898,-0.04250230957610937,-1.5719325873854356e-5,-0.0007132584379783578,-2.0583714320072882e-5,-0.043114042278383884,0.0002004255875473584,-7.384135486997741e-5,-0.016884741887483592,0.006072912157927843,-4.348857812391126e-5,0.0070951343885229555,-1.2664564478782897e-5,1.3025324302694807e-6,0.00018523396067155888,0.006727428864677703,0.006406408943056923,-0.0005943975815893283,0.09221893131601708,-0.001720403446585621,0.006639012802370296,-0.0010740050504446789,-0.0007647777812608593,2.4021008923980034e-5,0.0001470146047738034,0.007228149289556769,0.0049586198469935405,0.0013713901692016348,0.0022426618489629967,-3.237903056527345e-5,-1.2125259614202382e-5,-3.293820531628433e-5,-0.012377240389056925,-3.1020197820007716e-7
0.0,0.0,0.0,0.0,0.0,0.0,0.0,0.0,0.0,0.0,0.0,0.0,0.0,0.0,0.0,0.0,0.0,0.0,0.0,0.0,0.0,0.0,0.0,0.0,0.0,0.0,0.0,0.0,0.0,0.0,0.0,0.0,0.0,0.0,0.0,0.0,0.0,0.0,0.0,0.0,0.0,0.0,0.0,0.0,0.0,0.0,0.0,0.0,0.0,0.0,0.0,0.0,0.0,0.0,0.0,0.0,0.0,0.0,0.5203488597000974,-0.032808999707467076,-1.0202130427956964e-7,-3.3207998800529713e-6,-0.002508967150122509,-0.0628937582014644,7.400513988955876e-7,-4.813631653268326e-5,-6.115760909202929e-5,-6.29494480851029e-8,-0.0005716157852181674,0.018157973079049802,-5.747325200438709e-7,-0.0001180957463153899,7.52707585988473e-8,1.6550141540147023e-5,2.5811896093968e-6,-0.029203545039123046,-0.003961335055982239,-0.003943776562268661,0.01943913287347326,0.0005420334435799649,-1.2828110781645816e-5,-0.0001255632063374629,0.015240877559079494,-0.040108363013166434,0.0001812751767169028,0.0007797177824840581,0.0021434339822962167,0.005421283809224618,7.0593418197633026e-6,0.0070483517548236285,-0.024940490372034548,-1.355903307316144e-5,-2.3857431588167808e-5,0.08042968358769806,-0.018565534222427293,0.0007467203412034314,0.021013341587454343,-0.00018863494828749705,1.1991651914733204e-5,3.309462896086488e-8,2.39736710935259e-5,-2.2845923484302695e-7,-0.0007235531654305949,1.6443874499946223e-8,-3.1147819689486634e-5,0.00034607851241596376,-0.004628059378725886,-2.7430147279217566e-7,5.312180430114946e-7,-0.03742148982926452,-0.04093174507874549,-0.0004293968983803418,0.013281094259851458,1.8789556666166412e-5,0.11555559634161748,-0.00033985052903707234,2.4297672198548077e-6,-4.0602354298790794e-7,-1.843781676102964e-6,-0.020678370102218895,1.3849656076085561e-5,9.860927937412994e-5,-0.007260016599050303,1.1941990954994614e-6,0.001687858007439583,0.026388246981376418,-0.032230674819537335,-5.0546546699938365e-5,0.28629902653998845,2.067462089659777e-5,2.992690810471096e-8,-0.005957528002784125,0.006939501940867595,-8.275457403758614e-7,-0.0001379698145376901,0.007409034403558123,0.012716785295959937,-0.03423812196630292,0.005268367342269838,-5.372803744582765e-5,0.31989715201183894,-0.0030371717344975457,-8.675184347605746e-6,-0.025953925388094174,-0.0007052930531111027,0.017189533277042958,-9.330361586005559e-5,-1.263303410584925e-7,-2.010395393820257e-7,-4.55451722069312e-6,-0.06545618547010976,-0.0006704539749801791,-0.08673558049324567,-0.03025928636063308,0.0001675607926069949,-0.0003781686200321584,-0.04440167417911074,-0.002352589929288634,3.878357961020989e-5,-1.2756943860849135e-6,0.003238395941642573,-2.116989168855661e-8,6.322399287296118e-5,-7.177591280346278e-5,-1.975299744291906e-6,-0.0021349247519009368,-0.01798758092561158,-0.04306535236065233,1.810071260332291e-6,-1.633966429711734e-9,-0.0064695085115032335,-5.938033316710068e-8,1.551155008602535e-5,-3.00486864337766e-7,-3.2956113028872822e-6,0.32273447982734105,-0.001412988042297199,-0.00017380615833423674,0.0012145059044707791,-1.3692715859693062e-7,0.016099832652501946,0.07209376209067367,0.011431227095865708,0.0005545763038526592,1.150294563883165e-5,-0.001544207906417009,-0.011455011052465429,-1.3207170773074642e-5,-0.00022054557610052235,-2.7103805836358696e-5,0.0018235644148845978,-0.0019198691231166103,-1.2973707621866421e-5,-0.05350559047364696,-0.0095035353407455,-1.5767944600403748e-7,-0.0015750719622092482,0.043842476076475366,0.006077665213146278,9.875583457381013e-6,9.548573087746232e-7,0.05851982310981133,0.013309773588802632,-0.0018756415748588842,0.00031284659073900446,3.0425324240242597e-5,-1.2032660493492637e-9,-0.03816243384307397,0.0021315417433183264,-0.0018116674471068996,5.1867279728596225e-6,-0.00022706634641659243,-5.165592261521677e-7,0.0017232758416615634,0.00033033724760457827,2.2653254254008867e-5,0.00023131094367468612,0.002805430396756443,0.008660417028862449,-1.2342787504025157e-5,8.653837701082752e-7,0.00018342625033724902,0.004776699302235533,0.0020217802393909493,-3.039905038471904e-8,1.2459242819262941e-8,0.00041908136578640303,-0.06226212586882979,-2.7424885368882023e-5,0.000873749286831661,4.8368425003293886e-8,-0.0038750279692766577,1.387932468073382e-6,-0.009326623293097453,-0.0009489867016253935,6.78606224780328e-7,5.547351759046948e-5,-0.00011181688518460404,-6.996240621590315e-5,0.00020968607433141588,0.011320544332436257,-3.0351030328987684e-7,0.00013830482713448255,-0.0029236411809640942,-9.75023216601295e-5,5.3223051090902205e-8,0.004443748163720988,-1.8581574201564604e-7,0.0025172110872881807,2.316909152832135e-6,-0.0008865875661354166,0.007666921389931559,-0.0003324672275156096,-1.160689016723143e-5,-0.004081326791681284,8.757936352343767e-7,0.2900720349977386,0.018347219735900495,3.234937234679313e-7,2.7230265974145813e-5,0.007720411561044083,-0.054479070652002526,0.001009012697735963,-0.00024906340037659364,-1.0678524963664662e-7,-0.00014866240824994202,-1.8651543771449582e-7,1.864800338588709e-7,-5.304767946537345e-6,0.003876201230563289,-0.033557654112047856,0.0004817778432477454,0.0024201732189600804,1.3130975558101972e-7,-3.502741813137894e-8,-0.0007595213406557967,-0.00014046340352319594,-4.916892812983823e-5,-0.00668696090636821,4.296619218217441e-6,0.0005235427858930671,0.01034655385126744,-4.6404494886690235e-6,-0.0006994126583616939,0.022595144183770993,0.0008517395791105294,7.583108610471071e-8,-0.006832460295058289,-1.9329736112669133e-7,0.0034684103178855195,4.3943912401056125e-5,0.00015438294435134213,-9.30819646456142e-7,-5.913732381733401e-7,0.07588314683335765,0.001904701704130337,-0.04290586500112588,0.00046780633234064033,0.00012780940564793134,4.346315206539169e-8,-1.4189309811659172e-5,0.0016572978445748635,-0.002528770806331625,6.66966587793277e-8,-0.01963372999791698,0.022659728755678697,0.018403882443477345,0.00500523671868132,-4.355101593124644e-5,-0.00013294326241880883,0.015807482689743805,0.2754803391964589,-0.0007758016560195828,2.2657410240671254e-8,0.004560650125878374,0.00010545437030915373,-0.0028339953363138437,-3.2214670273213816e-6,2.2673683807039937e-5,-9.029007962805777e-5,-0.03808637465968386,0.0006386229886634085,-0.0375241307012399,9.637664553265744e-6,-0.0030011929423444353,-0.01132284052990404,-7.954108349698116e-5,-0.013175184780006576,-2.5191522700583425e-7,0.00011637194364365826,1.683154184004103e-6,-0.03779289650129476,-0.0015797856752813551,1.4395849548516662e-9,-0.01716107560131272,0.005635943751344033,0.001533391343609643,-4.0284658871578786e-6,-0.025551647515096084,-8.404221746204426e-8,-4.34916816562196e-5,-0.002874935205778517,0.0002800313058467029,0.0005451269000201696,1.021122808564506e-6,-0.00020536514412620814,0.0008455121819693172,0.020434079132948132,-7.5292585832728686e-6,-1.1758326587671541e-7,-0.05065524625665955,-0.00025871997144099766,-3.5895856471008455e-5,9.29444460468425e-7,1.2375167081680428e-5,0.005947609907331259,-0.01446303053227636,0.0002205968526935796,-4.687239927878259e-5,0.013205401183834266,-9.517439532780823e-7,-2.725270467138984e-7,-2.177866672742639e-6,0.11482551620594753,0.13717010469286958,-0.00984886847170518,-0.0026277987953047996,8.085255173389393e-5,-0.0003757341926499917,7.2452572845357565e-9,-0.05685958701317473,2.360929198049411e-8,-0.014034861672766123,1.9438371683696935e-6,-0.0035876462377459777,-3.8526806625596736e-6,-1.2086071256610218e-6,-6.013664459538594e-6,3.5774168405613742e-9,-6.52596317674838e-5,-0.0006655585471525994,2.3685550997643058e-8,3.360468030084092e-8,0.00042502079403824793,-0.059920900779067955,0.000591426765991118,-0.01459635045352079,-0.00020067542129103218,-0.004427634855439641,-2.9646293481533496e-5,-1.6809683754525453e-5,-0.051441895064960864,0.006873848467354138,-0.0003713179385551447,0.0012563220996687583,-0.0004460826523021712,0.001810820854922076,-3.334863648500245e-5,1.7858413815248324e-5,1.1295073901523131e-6,-6.00149836868377e-8,-3.1606044615233236e-5,-7.08572533564655e-6,-4.36636287248907e-6,-3.719594599972505e-9,0.019194345013705646,0.001263402628197193,-7.737245896533159e-5,-0.0008221021627702317,-3.070146041372735e-8,-1.6019666765651342e-8,6.903050983769411e-8,3.107779354286221e-8,6.047178853835936e-9,-0.0166489956427061,6.446625347694819e-7,-4.573463316028279e-6,0.008883777803761842,-1.375801231364471e-6,2.2310145680445732e-6,0.00018196698508652913,-0.00017997225950848794,0.00016023630525574314,0.01075420989350584,0.016250343631648567,1.5023556567050676e-6,-0.01802023082472354,-3.524851460630923e-5,0.005140960943947144,-7.053582623936356e-8,-1.070675477797439e-7,1.2463081481375875e-5,0.0019003941081820331,2.2096763677836797e-6,0.28229612505584334,-0.00023869119461606417,-3.025861867369252e-8,-0.00028379743238374244,-0.06538119495065495,-0.0013085348783997551,-8.869077372203535e-5,-1.1387303991734546e-6,-2.2643792800992734e-7,9.547617276536287e-6,-2.0930116440428793e-8,-0.026732068601438255,1.941631580417575e-8,-0.07722766186730702,2.3364286553984494e-7,-1.0505011327935032e-5,-7.422484392694292e-6,-0.0009424374634354696,-0.00020863814191480668,-0.014754516787138999,-0.0033566098519116844,-3.64997388433895e-5,0.08356794445692928,-2.5177564427644e-7,-0.0005522258822453781,2.6986698468837935e-5,-3.1991430855955543e-6,-1.4048063276654028e-5,-0.057953372582448474,-5.922520444027503e-8,0.0006850950984752739,0.005121999699219989,0.0074439161253060035,3.3496285476274243e-7,-5.439534988203091e-8,-3.0701786730681195e-7,0.004611898409820443,-3.595062979456355e-7,-3.412851117195199e-7,-1.9792370812825912e-7,-1.1790786586479602e-6,-0.0009302977708081287,-0.038690335483008716,-0.030875295831595432,-1.7600012884354778e-7,3.7821219474984705e-7,-8.647511063230815e-10,-0.001346202314987265,-5.600733328723208e-7,-1.531729225156053e-5,-0.05695496443847298,-0.004307183773068896,4.6087649796580553e-7,-0.002025029513969923,0.022022529124223554,-1.979478229602623e-6,-7.743826859937588e-7,0.0045006499859854355,-0.004691848030335843,-0.0005679452252014578,0.00017651753365557587,0.004952510894873567,-0.011734693402089625,-5.286637610411225e-8,-1.0260579589768693e-5,0.004177486491040119,0.001050084521116953,4.739213911445512e-6,0.0003128535718704631,-0.017060454857105854,0.0005141874320615712,-0.024642991196590667,-0.018931262043587117,0.05349464711284962,0.010693164586838473,-9.386815274571119e-9,0.006911139912481724,0.00021199284999743267,-0.0034208301473661485,-0.0007659525442667887,-0.0013323446643883784,2.322935954478094e-7,-0.0004289244716674572,-0.005489063884779237,-0.0023206289301526484,0.025553675568091166,-0.035581922994235016,-3.4637430836275955e-7,1.589283467085782e-5,-0.05550110791912423,0.0004974880138075617,-0.01621666770563326,-0.0020007518794687095,0.009399163751107288,-0.051135502749987065,-0.000493822209953023,-0.00030688040713792764,0.0045313456960344185,0.0003568943747325339,-2.9858926720061035e-7,-4.734426675425812e-6,-0.002734586253872384,0.008392688813575366,0.11523137981033835,-0.0033448033821441656,-0.00230684550720204,0.0007437356367492203,2.1063227496431495e-5,1.3815463994619814e-5,-0.0002944473757410806,-0.0028351634580101744,0.0025377020017725983,0.001495695600439878,-0.04327291299162732,-9.001611568463109e-8,0.00027949632173911935,0.0007804627656842952,0.00040436577502517084,0.002455029659537968,0.00019847395635561895,0.004276948242151437,0.002323888104565436,-0.00164670486039313,-1.5995937385613285e-7,-7.900567033205734e-5,8.298001451153302e-7,6.111969250778347e-9,0.0007070878784755023,-9.370303264473534e-9,0.0006104029830909596,-0.012455469225697938,0.006107970469275965,-6.096641888343526e-8,6.962260387976959e-5,-0.0235764660947052,-1.4495293286212596e-5,-1.5236529973035204e-7,-7.241508597914586e-7,-0.000420255310902667,-3.356341957157007e-6,0.11076549438455682,0.00014315820195997145,-0.0011305519815118005,-0.002593035335396025,-0.031423980038100145,0.017045008474616413,-0.0048863855285895975,1.2332036064875929e-6,0.00030444446163546636,0.007393601520178119,0.1574890342450833,-0.014866197647612172,-2.175346737611502e-9,-3.0425104957138967e-7,-8.117762017233157e-5,0.002146914696610131,-0.054122678202804655,-0.00010752511716451841,-0.039798692946468935,0.01311510024966963,0.0015908847439637804,0.005008844738791084,-0.040686275065838974,2.8020602360530056e-6,-0.0019416884006473434,-0.0001298481487753566,2.5506941364787142e-8,-0.002681228742807843,-0.00017440184322246928,8.607621860675459e-5,2.5640480547640497e-5,-0.00039514874408823347,7.819121273962653e-5,3.447199920746346e-8,-5.9151685511691645e-8,-3.289619959705169e-8,-0.01638897024194311,0.003022788145067598,-0.03801107504050409,-4.861321963211507e-5,0.00019299443421067725,2.1825286835393252e-8,3.034509795709942e-6,-2.8593881994039163e-6,0.017073477332348114,2.9716834855399714e-8,-0.031861075907416894,-0.00423296504355743,-0.0022468110774464885,1.7130851774440484e-6,0.02061683279068235,0.03761457727196074,-0.009037083139712356,-2.2455723728447398e-7,-2.4155474226625113e-5,1.1117946983169246e-5,0.0003304662786386172,-3.445542946749496e-6,0.005978883959282089,2.731124655424588e-5,-5.1247373029226385e-6,-0.0002527702431450841,-0.00010555015903181543,-3.772757367108373e-5,-0.0005016730394720359,-0.0005197565730692752,-0.008575216388700999,-2.0784069296839504e-7,1.1216817250802576e-7,0.013030327581764698,3.1594671736838614e-5,2.2799826476193823e-6,0.0012420920990530498,1.4205249369074315e-5,0.3151965137535515,-6.996581416826824e-5,0.004791588812334174,-0.0005300537334727191,-1.399236443024558e-7,0.0006436362678526054,1.3232950642285759e-6,-8.759007334453288e-9,-0.0009084961087196259,0.00018071097109856988,0.013519514687796438,3.248115589906353e-8,-4.010032650608542e-7,-0.04458521714440216,0.0010384352780222605,-0.00026931835299535896,0.44309298563871624,-0.00877060331459214,4.1290915635774497e-7,0.0037225705384086095,4.819324287431383e-8,-6.809421184068666e-5,0.0006177804766706149,-0.03221935981553617,-0.05621281741070819,-6.282234452815634e-7,-0.00010497210617258938,0.0440605616980063,-0.06612449639581265,7.554970512784986e-5,0.0009492196174750818,0.011984934652837405,-1.8186993168881048e-9,-8.613871896884905e-6,-0.003019789045381239,0.02010672426107081,0.006244021112488858,-0.00433403866761527,0.0010455361391650255,-2.2376213385625867e-5,-0.010717919729808598,1.1610057389601328e-8,-1.800260958317164e-6,-1.3298643625873383e-5,1.2712003200692336e-7,0.00806551131132656,0.004906967275377709,-3.0512431648693705e-5,6.245715260783058e-7,-4.388826622139414e-5,2.644461058402798e-6,-4.436763104570299e-8,-0.005770955048744357,-0.0005279670408049209,0.0001245746508434434,0.16016180281209075,0.025438250390402293,-0.00027372103883389133,-4.558265187090444e-6,-0.06577486807921694,-7.717767443420791e-5,-4.2861822574890427e-5,4.1164995915789363e-7,0.00015590738196062377,4.648901694912304e-7,-0.005858843542602585,-6.74359150173102e-5,-8.620984022590299e-8,-4.0517458334125467e-7,0.009359012730902656,0.008998928013185576,-0.00033766281456582096,1.7233062501046838e-5,-1.4143452019987673e-5,-7.302892562645822e-6,0.00024207686308791166,0.0005635714671691181,-1.0041569646140152e-5,-9.211012228899138e-6,-3.63047788662663e-7,-0.00013222103702665162,2.2805797239864763e-7,-9.93251926600399e-6,5.743775981295984e-5,-1.1426148311354851e-5,-0.002347170964131953,7.886469053404902e-7,-7.136164161448324e-7,2.0211467280530446e-7,-0.00030185849290836485,2.276240633846762e-7,0.21024501968730083,-0.0001059838970630071,-7.423570895143044e-9,-0.01015192197462253,0.00847874784480319,0.00041075815801310396,-4.621089247200519e-5,8.257602347977324e-5,-3.0536040299872944e-6,-0.04295910553700771,0.0009976513453531898,0.01744853506569894,-2.3127976751874187e-5,0.006537509757508143,3.7704724250567504e-8,0.0013783461665816585,0.010524830280159547,2.5376212292923254e-6,-0.03905240376181377,-7.429527570038658e-8,0.004867465009202287,1.1410911290549194e-6,2.4134364898313685e-6,8.804554598421338e-9,-0.021072611264991596,0.01783791634186712,-0.00454380085315844,0.003074937119873462,-8.200430021763434e-8,-0.001607140573181201,-0.0025258708171699913,-0.0013071131106096195,1.0522337170154501e-5,0.006991146103040307,0.015391837741799797,-0.002706676232457586,2.547565490447349e-6,2.1353812021330758e-5,-0.0005975513711420682,-0.000654778560785609,7.223963212211076e-6,0.00019204349986297564,0.0036804580184493503,-0.044668567760311195,-0.000996041610040159,-9.16315825208129e-6,-0.0025433534783200983,-0.046653704704722576,0.24068169495761604,-2.2291649182897335e-7,3.7000156038405266e-6,-5.899239836803657e-6,2.2852090861085438e-5,-7.730604492092506e-5,-7.874697645125044e-5,0.00455937533110386,0.004643316016913504,-1.661647440985397e-7,0.00023459204785116782,3.8221976034411115e-5
0.0,0.0,0.0,0.0,0.0,0.0,0.0,0.0,0.0,0.0,0.0,0.0,0.0,0.0,0.0,0.0,0.0,0.0,0.0,0.0,0.0,0.0,0.0,0.0,0.0,0.0,0.0,0.0,0.0,0.0,0.0,0.0,0.0,0.0,0.0,0.0,0.0,0.0,0.0,0.0,0.0,0.0,0.0,0.0,0.0,0.0,0.0,0.0,0.0,0.0,0.0,0.0,0.0,0.0,0.0,0.0,0.0,0.0,0.0,0.5079876506960335,3.3691914704221693e-6,-1.7555247848610634e-5,0.0005724361538490653,0.004404053804041078,5.0116958505921626e-5,3.8009241239743003e-6,0.0004722124787769356,-1.198503562266178e-6,-5.067709968271462e-5,0.010647275623973414,-2.732570641359422e-7,0.0008345004586111763,8.388674279533776e-8,-8.646114099524994e-6,-1.727737585108239e-5,0.0019766133299458834,0.03587754792456954,-0.03190445058726208,0.006675165710244898,9.364076037731441e-5,1.915440604304187e-5,-0.02059079151794711,-0.028996480287198437,0.0007162944821285385,-0.004494205790591464,-0.0026860454008307113,-3.6751977589753866e-5,-0.0031328604256232666,-0.00013338016893915154,0.00035770730704113717,-0.003668070012894463,0.000116729872850072,0.005191986636028325,0.006719944400406003,0.006606666020198261,0.0010537453036984618,-1.8710340114042526e-5,8.408912709204636e-5,-9.346418439289254e-5,-5.600161348603012e-7,0.0007531240439200674,-2.0430516088037536e-6,-2.3697467923474434e-6,2.450870358770929e-7,0.0017107867969795895,-0.005967197796843617,-0.028952523508565624,1.3879442502007742e-5,-1.2175821454914583e-5,0.14578546733592262,-0.0011038397451376563,-7.41427201642992e-5,0.0001581269529912951,-0.0014954188402791556,-0.037014226958348,0.0007450301856208909,2.5094315765829947e-5,-1.9171901958695964e-6,-5.054859593926595e-6,0.1397295190983472,0.0001702768718702777,-6.38319552832487e-6,0.1740017573190524,-9.591160741363816e-6,0.0002140646614236915,0.0016510357576108475,-0.022085386179771994,-0.0020362586831507144,-0.04854897182970695,-0.00024069430682197783,-2.684359443998732e-7,-0.0011186178617537419,0.022353906590536623,1.9409188660885047e-5,-4.0368640860911746e-5,-0.0043448020922812565,0.0003681846603877955,-0.021152170733058678,-0.07110635926497552,-0.004944538088440835,0.017849358971465716,0.00020984002517607144,0.00014507538794422095,0.001512423199315559,0.013616005453915312,-0.02484380537203149,0.0009211324364708317,8.582074023332622e-7,1.5298785057862937e-6,6.650825758781602e-5,0.2387829904997722,-6.132919465877825e-5,0.003801748312801173,-0.0031949955892066196,-0.0034390730582977355,0.013527731958013012,-0.000678166014324623,0.02331443760003676,0.00010536810151555842,-7.2413571068340165e-6,0.00016443717281358188,3.165408728130366e-7,-1.39846179244729e-6,2.303809235264478e-8,-0.00036330255017891027,0.0004252064041282924,-0.000576913075116768,0.007981614335699641,-7.549598423948081e-6,2.387482498490019e-7,-0.00024473611519023496,1.1263676376830757e-6,-0.00047265205030056065,2.2245200156055238e-5,2.2613169913511737e-6,0.012128230106582094,-0.023680013837272283,8.734117274588898e-6,1.5638294566940147e-5,5.922757171796113e-6,-0.04446069545726879,-0.03936906001264272,0.00027301343071682853,-0.0017391345029151596,-9.984527007314458e-5,-0.008540279310323473,0.004993727925446488,0.0005083205102996416,0.0005252779162334346,-5.724862833892514e-5,-0.0015871589003453304,-7.25052481368511e-5,3.5656279990474327e-5,0.1473070127803574,-0.0018049716978792766,-6.160648779290828e-7,0.022004118180674,-0.02029582759885467,0.00011858222494194625,-0.00028020016480810914,-4.673956778178528e-6,0.011281501116332202,0.0011273342359291178,0.0008086670508320112,-0.0019464913911963323,-0.044203578895058555,3.1162631727711903e-7,0.006486329663561358,0.00010106262341220294,-0.04074021173263981,9.838272930373073e-6,-1.0985124500860834e-5,6.145814167691776e-6,0.041251853048063315,-0.0067614641444699065,-1.2161292798302127e-5,0.0008776791814036599,0.00011650658174028646,-0.0008136506013094231,0.00013306500675782696,-7.149873238144142e-5,-0.004142007790445852,0.006973943880661862,0.00037371476042464635,4.4537541157517075e-7,-4.4722068020047144e-9,3.272477875855927e-5,0.0010413344935984556,0.0005433240567168266,0.0003907093546246083,4.483819089183456e-7,-0.018143033177908965,1.5529017967027077e-5,-0.01664329845681352,0.014880604008494419,5.8979425335880026e-6,7.615272920695813e-6,5.480799250235348e-6,-0.00013794330080716305,-0.0011366334305981292,-0.0004874158293269676,-3.1569021882018976e-6,-8.008757440013361e-5,0.0018325357392513643,1.0879945336221448e-5,5.575225775737985e-8,-0.000705090791646836,-1.2402286229405425e-8,0.01226877582819118,9.813557412547719e-5,0.00030124190536700483,-0.002974320491758863,8.681481005561e-6,-0.0003292741820285748,-0.00043044093395103964,1.4807824564615506e-5,-0.0013829044895660434,0.002772994061549108,0.00031345278559375057,0.001211241519148521,0.00019792095709851863,0.3742072665520779,0.0001969341631185718,0.0022649277111940003,-4.0109492734271544e-7,-2.249162252018156e-5,-3.890453456209283e-7,-6.113787339360739e-6,5.408533959772277e-5,-0.006225489992263239,-0.0036764790910995054,4.005788446372642e-6,0.04316591078808172,-4.86803694591547e-6,1.1681645268618196e-6,-0.05544130976169326,-1.139606356115099e-5,7.986110905155102e-6,0.25720927689843265,-2.6509612113644927e-5,-0.004811204011162211,-0.0007150042102435185,1.1105115018293351e-5,-0.00011977999066420364,0.00812114767859143,0.0013669595450940303,-1.555681599069571e-6,0.003623968425318725,4.285927511978247e-6,-0.0007969924037047326,-0.0021068189152160005,5.70878892278165e-5,0.00010239529381829494,-8.719168655958096e-7,0.00863090616780767,-0.0507612421888426,-0.02084804973328538,-0.00010029737757044907,0.0030913393037107248,3.952702215667582e-8,2.769043172908247e-6,0.00024542132710063115,0.021824295824139053,1.3875039146620784e-7,0.23277171101314761,0.012358757522400194,-0.001479066493592248,-0.027922755645532246,0.0003983596739649767,0.0006706812471290721,0.00021158799002510146,-0.04518420691807685,-1.1645315413654756e-5,-2.2896100775371017e-7,-0.0001374746997940732,-9.206113800638681e-5,-0.012734046048557648,3.6459280010195055e-5,0.0006844894359480594,-1.7423420416655928e-5,0.080389286317973,0.003814289107307475,-0.0022945341083797873,-6.0454913081106046e-5,0.0006952642760959508,0.19879063780092684,0.0005396629081760155,0.0028566687506730503,4.523828712195691e-6,-1.1863957328114197e-5,-3.910414733617438e-5,-0.015483253221004136,0.0006729496542038487,-1.0466318323770466e-7,0.0012990894454727438,0.00042098495839447105,-0.03411545593852072,-2.6596745132396375e-5,-0.004191905761874844,3.270381801085993e-6,0.0008241378527901948,-0.03828158975712789,-0.00046258313129505087,9.492351793909712e-6,-2.9593878421350443e-6,0.01040843390867341,0.00010876163357071226,-0.045032828047017116,-0.0007450411611236997,-4.61149105929153e-7,-0.00010236599263322219,-0.0034462682262324904,0.00021479260218452504,-2.5286823271345745e-6,0.002866202618781687,-0.0026374378160682263,0.006452701306178345,-0.0010992230827543558,0.0004978219992652123,-0.03010709993172583,-9.514513311533234e-7,8.907531120220564e-5,-1.0747019210207041e-5,0.008485524648951807,0.0006581436517689651,-0.0001331428379175989,0.00036761155914908326,-0.0011655938106477314,0.0054888855633285685,6.011398318265554e-7,0.13465465125484008,-4.845099720787231e-7,-0.0009583096922232213,5.102358954932097e-6,-0.0009582142523753615,0.00019080558001831796,-1.3842988558809792e-5,-0.00021015814477786423,-3.5559563736200053e-7,0.0006813234658542188,-3.763760965836055e-5,-3.266503791458737e-7,-7.535985631345874e-8,-0.030866903579822202,0.0064730539180349895,-0.0024966293686765504,0.29562110191189284,7.764451506525839e-6,0.0070484817041986635,-0.003919484484962776,0.0011540966907749313,0.08840468880820702,-0.049257366035456863,7.533738801727253e-6,2.3632807599716692e-5,0.0005543467796567974,0.00033327719483975055,8.758408089495803e-6,-0.00025465612572785106,-1.0706644415638763e-5,2.5555087136147944e-6,1.2506301064014257e-6,-0.0001075471698850644,2.6366355450770737e-5,-5.3283132081854495e-8,-0.0010414261408834993,-0.020671919734607365,-2.7146826863124737e-5,-0.0011976853908522308,7.044425907926714e-7,1.1142469337731346e-6,9.968823294173377e-8,-1.1777332874598226e-7,-1.7616533490072532e-8,-0.0030332515011193373,-0.0007523206210866273,-2.845826958338493e-5,-0.018290278079613132,-1.624301836221445e-5,-5.560004509141936e-5,-0.0029805853401043193,-2.6003539857635936e-5,-0.0021072576057743183,-0.009974922519332371,-0.025915288029006098,-1.1000925324714629e-5,0.005050308829088566,0.00029067753354840043,-0.00016548599239528446,2.8476630535008647e-9,1.1399423161466382e-6,-0.00015954996423578544,7.171800134960086e-6,9.902420581019521e-6,-0.02117380245537671,2.1623113925171202e-6,2.5589076191929413e-7,-5.495407218148303e-5,0.00646662505359102,0.00014372178243827682,0.000895913050627565,-7.621979422015144e-7,1.2452250274275703e-5,0.0009982479040857594,7.452837456794401e-7,-0.00988034471703888,1.0104131782957422e-7,0.006393748270523125,-5.2516728779928546e-6,9.115361263260864e-5,6.313907972556536e-5,-2.4850370333767132e-5,6.272516839038326e-6,0.005964077340596121,0.05308895151681819,0.00012519815179252032,-0.016552602705607128,6.7248217883498375e-6,-3.4919226374829e-5,9.99725279038061e-5,3.30469568394956e-5,0.00010440249219019333,0.0018360365893738166,2.04573972864919e-6,7.364480695847777e-5,-0.01917459701141116,0.00015795934958179702,1.7510921590287761e-6,-3.6303224214476505e-7,-1.436200110349615e-6,0.00015288245395924014,-4.2823446802811337e-7,6.957182921825344e-6,1.6036977502257744e-5,6.506540497515756e-6,-6.981417957496268e-5,0.015323795580384093,-0.0031799068258586997,7.947575103635989e-6,-1.251048830422791e-6,4.2280102174490544e-7,0.027653277894005478,2.3772619378192244e-5,4.531911019792643e-6,0.43584322242865176,-0.015551517463001936,-6.179871746170947e-6,-0.0012297429217021547,0.006760543346862036,1.0868951417867224e-5,4.30757778676552e-5,-0.003534959439442285,-0.04378091077137425,-0.0036334238181360825,-0.0018537188792707765,-0.0015213578284570296,0.0006043769911139887,-2.921012592585001e-7,6.799390736680915e-5,0.0002082097423383725,0.002363600810234111,-8.310425923848745e-6,-3.4478305523114286e-7,0.013678052407786963,-0.0010261294331328273,-0.003035466169918866,-0.017763758174098865,-0.02691063367735038,-0.005772329883183464,3.840377811728818e-7,-0.030884367940905773,-0.0025734539912341706,0.00014944625739787772,-6.784237166733369e-5,0.0007125046653543878,-2.5560971595850337e-6,-1.2336385185131153e-5,-0.0005453320426308674,0.0006191521299374681,0.0003579713317628055,-0.013036194917021621,-2.143172831027568e-6,-0.00014472818978413104,-0.0024766762923599302,-0.0009836883178343085,-0.00023434613086663876,0.0001330441983015021,0.00036783103795938883,-0.001527406451009517,0.012213120231226773,-6.75874640352361e-5,0.00024000326156646166,-0.0016051289787024998,-1.2530329836605392e-6,-0.0013786807259715897,0.02823838832470147,-0.0004812019992655295,-0.0465682095967455,0.00013629819100798412,0.014549231635513353,9.536717298794248e-5,0.00045571454650637994,0.0005663489811367843,-0.0007132068259208944,-0.021050241503584026,-0.001684954233241565,0.00013400940486238134,0.0027418325920872447,9.670219609863695e-7,0.0005954994605413963,0.0005142377414900359,0.0010360663605592467,-5.898781818828981e-5,0.00018374777006479007,0.005731034388258421,0.0002950265811656858,0.017942574588953136,-3.4284779035655616e-6,5.786405837566224e-7,-1.8702320950216878e-6,5.182981634920108e-6,-1.5939192081865853e-5,7.4929877560972e-7,0.0007610687499338527,0.00749970754383525,0.011565166068440125,9.161979178802787e-8,-0.00232433380716527,0.23862309047004293,0.0003747908183158336,5.559361760100732e-6,2.3327503455386318e-6,0.0001252355587277102,-2.4658191142584386e-5,-0.04291835691549,-0.0033764828126488654,0.00010138296571806529,-0.024768603874626812,-0.0291784727936625,0.0015825981590643831,0.009514227196340423,-0.00017305741649514873,-0.0066100510248941115,0.006197655755898959,0.011788695893626392,-0.0022830133038555444,2.2465565302632765e-7,-2.37629442731519e-5,-3.3117775922294726e-5,0.00010407106055878718,0.10762403653395666,-7.335832843771876e-7,-0.004831524185220037,-0.013923575020339094,-0.0013921107222467238,-0.004400869489571459,0.0010428372834410645,-6.902401344358942e-5,-0.0071834485773637725,5.055274948885071e-6,-2.9758726626854956e-7,0.13383886650832175,0.0007246495616455545,-0.001190810368062654,-0.0014802692215064091,-7.039348506733007e-5,1.2588805258665298e-5,-7.957456586990196e-8,-2.3889318968637455e-6,4.879076921625993e-7,0.40350258426557967,0.00034987001349115,0.002325326692597594,0.0006088227612266938,-0.001561973839631985,5.137987884031926e-8,-0.00030052094315982875,4.943756034785794e-5,-0.00020731407947332132,-2.6252666942086076e-7,0.00656425106836151,0.032392412520930204,0.004185180910104215,0.00010461386723412281,0.014827157339772887,0.006040199238941021,-0.002842357295460622,3.402255551943729e-6,-1.2739487730297646e-5,-0.00016850329309729288,-0.0005957621438722108,4.088594573406417e-5,0.00022269944170816123,-5.211150153471518e-6,5.729356111086713e-5,-0.02775896750743967,0.0009446686655921086,0.00022090424129182532,0.008941268237707072,0.01288045369127186,-0.0016779295026924676,-1.3616305128217005e-6,1.2076955766112713e-5,-0.024881327957780027,-0.0011514997006654205,-1.1600089636188965e-5,-0.02794372953547092,0.00020431038545498951,-0.018253526744314234,0.004314493429415678,0.00023109370365004717,0.00015031488581393397,-6.279361837270552e-7,5.848988054335051e-5,1.3331350818435308e-6,1.9827636393683955e-7,0.009000217069353167,5.880481981665006e-5,0.00034250384241418113,1.2038902854526739e-5,-7.48228647047755e-6,0.0010002350737779977,0.00034095916385954,-0.00023220727768080422,0.015888248964079487,0.14952645029711964,4.50031371716544e-6,-0.06357875213477057,-4.6732294781315086e-5,-5.3590357705383214e-6,0.001233748085752678,0.004390037302695145,0.20337240350642982,-5.306017374489479e-6,0.0007580006713233298,0.0038961748465217248,0.3170741982664733,-0.00019563522390372026,-0.001573196979120918,-0.00023180295524655777,4.7501152064768626e-6,0.00010679514851963138,-0.006423600566137524,-0.025638440320383787,-0.012315687950210997,0.0033315560836525726,0.00010752306184307243,-0.0003417403424183228,0.07972281094945835,-2.734876792327066e-8,-5.783658842157409e-6,0.001593157328272632,2.544042958912296e-6,-0.0014090145741242784,8.420169160194431e-5,9.639666602081916e-7,-0.00032207637982253033,-0.0012231258276599645,5.190580017371619e-5,6.699222226618833e-7,0.0005523375129507134,0.0023939214490372846,6.892832033750338e-6,-0.04081967526702202,0.003295692556442032,0.000441094266503787,3.9695366348042836e-5,0.002674779299907651,0.0006426365440546589,0.0011080835337179634,4.148874697069115e-5,1.2288665406749998e-5,-6.064722108509308e-6,-0.041962033879490594,0.00028428730203734407,4.067197964661402e-6,1.9640092724828447e-6,-0.002936372878635413,-0.01544060522542998,-1.4582931687617513e-5,3.620258360192889e-6,2.219930289566664e-6,0.0007176063333570723,-1.4280200220804562e-6,-0.002626633060977753,7.795742774986324e-5,0.00022384188293750822,1.047568646226389e-6,0.004963324866460594,2.482711197513552e-6,3.867216377772366e-6,-0.0016235308447435277,0.00038188884706384126,0.02090386650171484,-3.819851628158961e-6,2.185150552063274e-6,-3.1563647740630526e-6,-3.3134264891886805e-5,-0.000698127592224236,-0.0044855374116484535,-0.022256934735523252,7.064011062874535e-7,0.004134456033647769,-0.0020729301815820083,-0.005481334788859793,-1.2172600077319206e-5,-0.0031951305928330734,-1.2069687314663582e-5,-0.000271279213042217,-0.04269051386914105,-0.030151271782350077,0.00019590702067320427,-0.03598717406709182,3.018697687199616e-7,4.893663798159399e-5,-0.021425437789241986,0.00023574603727968658,0.0027176947618908,1.069972728138996e-5,-0.0008112588955266618,-8.9070774761975e-6,-8.846638888254005e-6,-9.992280236381615e-8,0.0016893623171603156,0.013647023137302556,0.12729197029706582,-0.0021016121955520933,2.608661415367083e-6,-0.002805152441312023,-0.00010705354029153472,0.01908275316677221,4.831527902173107e-5,0.000224228950063346,-0.022118228759609948,0.15276210510030533,-0.0007733312576102751,-0.0017571134577574854,-1.6696182144200734e-5,-0.000107888551204961,-4.719797110987455e-5,-0.004014523199426144,-0.05436723097269558,-0.003647712453084232,0.00804718233008713,8.77527410566143e-5,0.12152256337650737,0.006724016732335934,-0.023638089412527586,1.3644729478268937e-6,-0.0001000760668784878,0.0006093652775059712,0.0006646608365865031,0.0008182934411873167,0.0005762645583051261,3.6139648522920344e-5,0.00019642754057122588,1.1830526742540834e-6,0.0013019217976147851,7.398682991468382e-6
0.0,0.0,0.0,0.0,0.0,0.0,0.0,0.0,0.0,0.0,0.0,0.0,0.0,0.0,0.0,0.0,0.0,0.0,0.0,0.0,0.0,0.0,0.0,0.0,0.0,0.0,0.0,0.0,0.0,0.0,0.0,0.0,0.0,0.0,0.0,0.0,0.0,0.0,0.0,0.0,0.0,0.0,0.0,0.0,0.0,0.0,0.0,0.0,0.0,0.0,0.0,0.0,0.0,0.0,0.0,0.0,0.0,0.0,0.0,0.0,0.5059872136032493,-0.043042846017271694,-1.5504729464902195e-9,6.079334723157551e-9,0.012541875711977127,-3.2672039187532605e-10,0.0021851442293514024,0.11987520632260806,8.678048741825687e-10,8.174954993259065e-8,-0.0014938299613874474,-0.0006909216559531923,-0.058690599036712414,-8.953613841695552e-10,-0.03426318991213678,-2.1025842376195868e-8,-7.839682455598082e-6,6.4819997677595e-6,-1.1434443609938866e-6,1.3319767803577683e-9,0.004858870694230833,-7.648641384667435e-5,2.209149580027676e-6,-1.345666343556528e-7,-0.00037558652680671524,-3.358691372839731e-5,1.5324212261746806e-9,4.1161519722024626e-8,-0.002904155140721643,-5.542352722300573e-10,1.3958571017123982e-8,0.01020732238350415,0.00017056839142059882,9.497860834817415e-9,-3.583431789929119e-7,3.750700962872549e-5,-1.3679276575268582e-8,-1.0076507027132307e-9,-0.0016976171760763274,0.13205320502708237,-0.00013470103404572258,-0.03611007441232449,-1.606934569141384e-10,0.09272039916970931,0.00033459193570922594,-5.697405922172946e-5,8.824926706231684e-6,0.1686686491614116,-0.04253434726252147,-1.824286195003128e-6,-1.2944534424843643e-8,4.180237134761339e-10,-1.3404596856468087e-8,-0.0006604705514110314,8.535615114631474e-8,-1.9475181056692272e-5,2.4915285519159546e-10,0.010862865714551638,-0.07787047495043231,-1.4279019452604714e-6,0.0024215649209872645,1.5035537039725487e-10,4.173918925139368e-6,-0.004144868263839706,4.763631285294689e-10,6.154568334430667e-8,5.276421811237001e-7,0.00010169957431139943,2.8251110043978e-7,-0.0008330719903107395,-0.04143690430894547,3.0577393561260814e-9,-2.098043609156324e-6,0.0018662553588671396,-2.3281843479630666e-10,2.6356454194499e-6,2.5538219898044092e-11,1.8481317789252688e-7,2.8176511821662563e-6,-7.606109657190568e-5,-4.400467558350941e-8,-2.4371330935117677e-9,0.006919237664917193,-2.1193101732531938e-11,-3.1724301790627465e-5,-1.0404480154740731e-6,-0.0002903207516412419,0.19143620940134867,0.130854718432105,0.009017125603168998,-7.705206104656211e-7,-2.002381533302995e-10,-4.484416893496816e-9,2.032262101284834e-8,9.305676283412227e-5,2.2533903641410064e-5,6.542502782989154e-8,-3.331451961581126e-6,-0.0002166314180705441,-0.048224744396842205,-5.957817408851094e-11,0.09137943081932218,4.516564539979332e-11,-3.6751939912328425e-10,-0.0009714679461001017,2.3792142718557096e-7,1.6004709790502008e-8,1.5644351955909034e-8,-0.001062985724161533,0.153092753980954,-3.4848090486116586e-9,0.19066161178485957,-0.0005661405674072006,0.0275731982070597,0.0036895395340805254,-1.1020548737806426e-7,-3.9834905378530216e-5,-1.3297731066490654e-10,8.760574417715059e-10,0.25653201703375883,-1.3153054581400634e-7,2.0876874015496043e-7,-1.7011307488004683e-8,1.123509642703323e-5,0.0015733018782615586,7.168856095991e-7,1.0981084084854381e-7,-0.0003544656647111007,-2.479826648095888e-9,0.000258659287263019,3.7163103544309085e-6,3.339073402017288e-9,0.004447416305519286,-8.960671949925541e-7,8.95497983081165e-9,0.017784166805594182,3.388316579651672e-6,1.1795562559987048e-8,1.3401624707265151e-9,-0.0011504583436786826,-0.033054905403820875,-8.136270143275566e-9,-1.3669425177497895e-6,-3.246197194294591e-6,8.283015850096545e-5,-3.066001287329539e-5,-0.005118504774187444,-8.541198820712091e-8,1.541503608676583e-9,5.0744096459755924e-6,0.0017873328149862389,-4.4698083552856214e-11,-0.02525828529849635,4.695783358016528e-6,-2.455875465675941e-6,-8.539049798582046e-10,-1.3495699187506991e-5,-5.503138861718581e-10,8.618415919745641e-11,0.004365550969143893,-0.011549942318301969,-7.297031160847039e-5,-6.024466502388384e-7,9.607444865185462e-10,0.052423861184049014,-0.026139729296828253,8.396887518453842e-10,-6.328840751958521e-9,0.0002454073410595301,-4.801973064807672e-9,0.17629075087317694,3.550633927652051e-6,0.0030564552888128742,-2.0720210351526031e-7,-2.8046292387005536e-5,-0.001882010530433409,3.009522218015796e-11,-3.5210308645703434e-10,-2.7430457544900232e-5,4.097938297002669e-5,-2.637111915839029e-8,-0.03153696481711566,-6.862830698806053e-11,1.6229824847621983e-6,-2.940616817140798e-10,-0.04830215753015317,2.8466994962482066e-8,0.04978760229407793,-1.9149952418037716e-7,0.0003775934654012244,-1.3664869731215326e-9,5.946622812244184e-8,1.749864713504808e-10,0.0007785880824010342,-3.677330959564109e-9,0.009557741048913196,-9.560601007615732e-9,8.695638621903364e-8,0.00297884113369013,0.00028173862072695456,-2.3239905353086955e-9,-1.3896757279496516e-6,-2.0596588277786202e-5,-3.717318285884434e-5,0.02712253932579901,2.8418249390098596e-10,0.08047172579147165,-0.06416321211331769,0.011209234907708995,2.311810257337729e-6,6.083579670279486e-9,-8.669184194804545e-10,-4.672217461075182e-7,0.03357903421540601,0.28968324261309786,2.501473833449845e-6,1.2287063938987632e-9,0.00045064716141845313,5.1197668105980215e-6,-0.018307185210054935,-7.822986562083605e-5,2.3567787610814667e-9,-0.003107967180770972,5.655680724938946e-10,4.7114876454735926e-8,1.3045189964854271e-5,-0.0484897038911636,-6.557203112891879e-8,0.3820971334361541,-9.396364074167018e-9,-0.0003873512163009158,7.456379734605091e-10,0.004795443764383913,-0.05286380885955212,-4.3606025254696975e-8,-3.852886674656248e-6,2.9699392858283116e-7,-1.8590359707104636e-10,8.42305654883965e-9,0.006069292331287793,-1.8339168875964232e-10,-1.2591346139419084e-9,-1.2864929453287078e-5,-0.02834629878610105,-1.7381523772236994e-6,-6.210895535840535e-7,4.83816614983124e-8,-3.5954141669175476e-7,-0.0008387858227038383,-0.00031623451159951225,-3.2726253648885155e-9,1.6924741864496198e-7,9.266117820996613e-11,-0.06504360530280527,1.0711381014018907e-9,-1.299957646719878e-5,4.994083948877976e-7,0.011379767077074918,-0.00021146535662642778,-3.429090154913627e-10,-1.0711398764891736e-6,-2.1284372514714987e-6,1.3024126258561283e-7,0.0003520136256860343,-2.5821911309751107e-9,5.998504316264907e-7,0.0001459273138356182,1.5344374226077956e-8,0.13420030685184636,1.4795697775803778e-10,-0.024956617274847492,3.5467669048132087e-7,-6.685692222415752e-7,0.027614391374794253,4.432436479859183e-8,-1.610026344108865e-9,-4.394613165368205e-7,-0.0205273136293705,2.0278296365133675e-8,0.38654269635894245,-0.0006386883685881036,-6.1927350957175216e-6,5.135572125473248e-5,4.3636724315638196e-10,-0.025608593333591365,7.073006161372346e-5,1.3397450262293696e-9,1.1940885415520903e-7,-0.00024058553798219712,0.0012806851975379488,-1.8658901530471145e-8,-3.934547916988522e-5,0.0029458540485423094,0.0001129600996267091,0.00023425684368475863,4.0090264653445583e-7,1.6610737050903584e-7,0.00010068051915746797,0.0011555455029320146,9.050492393246256e-7,-0.05205781906377274,0.009959602986604888,-0.02442080063922898,-2.3137698138472488e-8,-8.732211462717939e-8,2.541908354157585e-9,3.6401145280127415e-10,-0.000425730848428212,-3.2460447862552936e-5,0.19257922794471863,-7.050882899074347e-7,0.07719047644899132,-1.0183152140142575e-8,0.007683692244057287,5.316263951509689e-6,0.004471866318618559,-0.05537034850635473,0.00012787353189979052,0.0673258642815811,-0.00032573178004820013,1.7738126248075567e-10,0.09597302008040412,0.0261984062822406,-2.1043389884640938e-5,-2.5025333477112726e-9,-4.782169457944912e-5,9.854686063275868e-7,9.318192365685187e-10,7.384803741112753e-7,-7.943231938377008e-5,0.0003705985254818951,-3.788816663568478e-7,1.4739773210480033e-6,-2.0689851224751177e-10,1.4116905341485014e-9,-9.41265075358595e-6,-8.788747517371325e-10,-8.714428519716552e-11,-0.0004943934987721073,-0.053778438736158896,0.35980350277538764,-1.3010804495246806e-10,0.001768815988253176,2.0268487379946283e-10,-0.001832156538051389,1.2863591743284372e-8,3.3667646289632905e-6,-6.340492497107396e-10,6.219487022010883e-7,0.12623859930852657,0.2830313240862198,-0.04596763874813184,-0.006508650628305599,-0.0037844382922383314,2.0690732831855464e-8,-0.0008482659348084384,0.0016955824216376935,-1.347081191998042e-6,0.0078091889731616675,-0.0030256606923200046,-0.0002468766030005567,2.5687207541974964e-11,0.00012681529508682253,-4.5053949904268103e-7,-5.806943905487806e-7,-0.024834125014974215,-1.8479411333617866e-7,0.005147342890509223,-3.9787862877763635e-10,0.03402047174426143,0.23390521205724593,0.0009817628046648588,1.3945186696872194e-9,-0.004960563971765162,9.471669893848268e-8,5.673961932365645e-10,0.24185301900010875,-3.439830471748771e-10,-5.860219488964564e-8,7.437424968021083e-10,-0.0004285493433101588,-0.0689217973133264,0.05781169803391097,-2.5496856320380467e-5,0.10939622730901981,4.894024946705877e-7,-0.038040127471631095,4.938095448746316e-9,-0.00894702208478584,0.0115934567586363,0.01192356027889803,-1.7430070556024366e-10,2.7813656708556495e-11,8.900826832421373e-9,-2.4337267943728517e-6,0.00035989256272827235,3.005396677423518e-8,0.20495275780078606,-6.463081514985368e-10,-0.0005317596838936771,0.00984357398543845,0.007061780839381247,7.984016060618226e-9,0.3991435642379795,-9.736683355720594e-10,3.700101089941931e-7,1.0160999245219707e-9,0.07672211714454334,0.09077581830829984,0.0029228355088872122,5.214299248496812e-10,0.008429018515340942,0.07520706188418914,0.07224238578317525,0.003708276881965972,1.5828093136977682e-10,-8.68291614269221e-9,3.1522462432401413e-9,0.2810821588212894,-0.023357469075168648,0.14359637317290838,-8.761270379497325e-7,0.012587274232061465,9.780969135561939e-11,-1.142135766922761e-6,6.10093569018751e-6,-0.020955948458275805,-3.388502804509546e-9,1.1369579276436838e-7,0.0024412442753414727,0.012156127708275092,4.131252186585551e-6,6.559478306719898e-6,8.532810652778724e-6,0.00021094941329725584,-9.310100844365836e-9,-1.5044189359340252e-9,0.09350278375134605,0.008000295679018313,6.179180856937646e-10,9.94277053322357e-6,-0.004462467342207728,6.185338877380997e-5,-6.627823965822508e-7,-3.97004984425778e-5,1.855456484030043e-8,1.3595759806912883e-8,6.601109630589151e-8,-4.943067336149048e-7,0.11024684014462273,-7.697048516392713e-7,-5.121770621321377e-5,-8.98683847583208e-10,5.280449079594456e-10,-3.6766820903748745e-5,0.0962839625489493,-1.88956347751147e-10,-3.835302165049584e-9,-2.6315132678210677e-9,1.711154581506971e-8,4.82952427643362e-7,-0.002351381799757085,-0.000958661465369124,1.5089375277173164e-7,-1.945546529822438e-5,2.18268467637051e-8,1.42075856694448e-9,-8.195686091735523e-10,-1.7504429238588796e-8,-1.5672023732064614e-5,6.243009118010499e-11,-5.20913988093538e-9,-6.945866616099906e-5,0.02482663611913247,0.0001119225956146093,5.176169631356369e-6,-1.5081181990971604e-8,3.6227328781982327e-7,-3.3486615399905632e-9,-9.514457278871776e-7,1.5516435612515625e-9,0.0009556336120181335,0.0004475842078814394,5.221696434825807e-9,-7.526965643894145e-6,1.709851749695528e-8,3.929743452937265e-10,3.1735125954042293e-9,0.107226586577534,3.530538781861643e-8,3.620284520666053e-5,-2.5032582905062148e-6,1.2620078676401053e-9,-1.2697890609666608e-9,4.500209386130049e-9,-4.389234632943106e-10,-2.0188764466145996e-5,-0.05420462595739969,-3.009507880856812e-11,-0.005599373610008637,-0.024413182304828394,7.509180402935992e-10,0.2013805827600413,8.246910953351364e-6,1.1455625261311649e-7,-4.2437174380597054e-7,0.10549933957739555,-0.0006267345997022729,-1.6612443383934754e-6,-1.6403224114056817e-9,0.47186790745166995,-0.03157397792518217,-5.223455319736171e-10,-0.006546896548016166,1.796949444474384e-7,9.40890669870379e-5,-5.187959317537834e-6,-1.0507146025001249e-5,1.132265654484095e-7,6.969832030077179e-9,-1.3105055728879766e-7,-0.0013548659640342051,-0.00018294939823215804,-8.859747460306621e-8,-5.685473779217921e-9,7.765340006238407e-9,-0.02463136623167521,0.006943117086674951,2.586712511710456e-10,-6.328419978193689e-10,-1.0568752430606311e-6,-1.9167065121283295e-11,2.37504150516656e-8,1.4487573382231267e-6,4.277502595221517e-6,3.7155741580999624e-8,1.7232109168573544e-7,-0.0013576149613347681,3.219913182493956e-6,-2.717751140729593e-10,-0.044069087049988714,3.0331995993404276e-6,-2.066535217104256e-5,-0.0002554217686884118,-4.761895183649746e-5,-3.339181500936923e-10,6.041462283170946e-11,-0.02692028041750144,0.0894370197776877,0.05777620626272847,2.559456637291179e-6,-7.27304191195209e-9,1.0764643674102262e-8,9.093409427579013e-5,-8.751329338368495e-5,-0.01862778509719461,-0.0002435138593682779,0.006017510972706374,-1.23139513901843e-8,-0.00925724680864968,-8.03653495104927e-8,-3.4415406447107983e-6,-4.451876108430621e-6,0.0036816016124289357,-1.701047954389434e-7,-5.094002143572966e-8,-1.720135628866819e-7,0.20945606957056406,1.1591785441301144e-10,0.0005356667077056303,-2.123379234205015e-9,0.0035857534369650723,-9.652347051327296e-9,1.1322145134197658e-10,0.003774296707574274,3.5232035376021837e-6,-0.0006865096458319007,0.0026521634657400667,-2.830854037799827e-5,3.791767381831043e-5,1.003386341848408e-8,0.025626688149988128,0.007059494799190222,2.3478693539391876e-7,0.00011424718916350901,-0.004451020833048163,-9.247395708290302e-7,0.0013079347963389442,1.7538692957072033e-8,4.5311460999572995e-5,-2.39544576030439e-10,2.73528124017951e-6,0.14426603323546805,1.3712293771326166e-9,-0.004135938320422468,-0.003446297022669102,-1.3426232965885786e-5,1.177628661190388e-9,-8.571085810495121e-11,0.01356039829107417,-0.020983347439889635,1.272330286223755e-7,-1.5201363732476995e-9,-7.210962753616342e-10,-5.3416379183339386e-8,-1.15143485309692e-6,0.0047239974470415485,2.1400553159561446e-6,-0.0239867307918379,-6.778596124969245e-10,-4.2379681283962236e-7,-6.408636993889839e-8,-1.018574383928146e-6,-0.06317021729742905,-3.899052652896782e-5,1.109046768797476e-8,-1.1020879978603614e-6,0.0003034916309799223,-2.7992357464744473e-5,-1.8786608126657438e-8,0.08355862646911666,0.008447115389911369,-1.7327910412102244e-8,5.119802889975099e-7,3.957373440669023e-6,-7.176841251295546e-7,1.0591445111081618e-9,-0.00034470743832403,-1.6217057826972687e-6,-0.010686785782006856,-0.06711958695395637,0.0001867862127677493,0.14473904681834648,1.1384617100051842e-7,1.1209895728013156e-9,3.7462416004967e-10,-0.0013569153851744305,0.0001277134278718194,0.002242228499685679,0.06601186413279023,2.1707655838151006e-9,-4.429186261152969e-6,7.504289058891449e-10,3.2002117515682217e-7,9.391325599035906e-8,-2.665437578426946e-9,0.008918589355675367,-1.9491978729700054e-8,-0.000907325166973274,0.0004523647559747343,0.007153501609341576,3.5068399760189934e-10,-0.048346732315711696,9.733867981122032e-6,0.0004226874623146043,0.2669074939262022,0.047554354139789735,8.821689046294826e-7,-1.8319037435482125e-6,-4.465225639330089e-10,-9.522537683903765e-11,-1.2735340592901745e-10,-0.000342492407621811,-7.865185048960983e-10,-2.0524337779944167e-5,0.00785560892624002,0.0017211681801156435,0.06771770768378371,-2.5766275093249202e-5,-0.0022049501416106384,-5.204859305542022e-11,-5.3804514288093796e-5,0.00152268358461827,-1.232559257620076e-5,-0.011571144582921897,-0.021598480103713912,-0.038800810618173115,-6.309422377224916e-10,-0.0008068570976090957,-4.457145949354993e-8,-4.920297207443324e-5,0.2182512947504507,-4.171019974685373e-7,2.102850215691946e-8,-7.836471691417187e-6,-6.325948660608042e-10,5.7894724023333764e-5,-0.00954957879152032,-1.171012738040106e-8,2.595360393109361e-6,-8.809178334274028e-7,0.007621919770612795,2.1532873241139267e-6,0.08762674383242781,1.4304216754953255e-9,2.1198962678009844e-6,0.00038197899583143407,3.124842696627181e-8,0.06160803552164454,-4.0365543243713624e-11,-0.0036445597057653714,-0.01698414736543429,0.0335043196527256,2.2720316217709013e-9,-6.23868093165106e-9,-1.0851663025801866e-6,1.2608148332311637e-6,0.3866774672791339,3.063969215833714e-8,-1.6516730359351923e-9,-9.868358005361856e-6,0.0024151106103273206,6.005497339155134e-10,-1.2220816703200992e-6,6.0792446603160026e-6,-0.00031314925108582046,-0.00043343820907859663,1.160514204117985e-9,2.2811037345400845e-10,-0.006450364279418639,-0.0003404141730699073,2.1992399783924715e-6,4.933645292485246e-9,-1.2216271847207413e-5,0.009478401202381621,4.3666808305286665e-6,-1.9197816735727632e-8,5.227061595747214e-8,0.16745083167309227,-0.006075590063114525,-0.00022133526641317892,0.0001468656753840336,-0.0005824990147640503,0.0009905857980248667,4.740444473232502e-10,8.649847934741417e-10,0.1564236799251699,1.9771942229642774e-6,1.5386992501142413e-12
0.0,0.0,0.0,0.0,0.0,0.0,0.0,0.0,0.0,0.0,0.0,0.0,0.0,0.0,0.0,0.0,0.0,0.0,0.0,0.0,0.0,0.0,0.0,0.0,0.0,0.0,0.0,0.0,0.0,0.0,0.0,0.0,0.0,0.0,0.0,0.0,0.0,0.0,0.0,0.0,0.0,0.0,0.0,0.0,0.0,0.0,0.0,0.0,0.0,0.0,0.0,0.0,0.0,0.0,0.0,0.0,0.0,0.0,0.0,0.0,0.0,0.5038118152450088,-4.0386835055631774e-8,-6.955668555358633e-7,-0.0034603490944009824,1.2878642339974884e-9,0.00582661541061268,-0.02563957336010989,-6.408812167559322e-9,8.2662841763956e-7,0.07017856947842445,0.019795505124281562,-0.0021532924297454794,8.726622645403318e-9,0.021179890713951877,-1.0482500841758281e-6,0.0003454907090945409,0.00011926250250789803,1.5452466823146295e-5,-7.412420657492825e-9,-0.02942013330395788,0.0005752817004261827,-3.0121141372633847e-5,-9.972276374952206e-6,0.005107216815376472,-0.003512916148538758,8.085734749253871e-9,-1.5604666657354681e-7,-0.028377183499600275,2.985205193966269e-8,-3.2108994217493166e-9,-0.07862632605869616,0.0005491352962917248,4.4519221424740784e-8,3.0179546421499568e-6,-0.0011926219047495251,3.2818746490641894e-7,3.243155340913665e-9,0.024599977346373102,-0.017354467885101903,-0.006363947037086775,0.014898977662765265,-4.267758956635801e-9,-0.020256661632988133,-0.0023368423872957332,-0.00019025442403952512,0.00034570972667323556,-0.06302371929963745,0.1558150594522122,3.837828398818832e-5,-2.8398464881005366e-7,-1.2758306475298204e-9,1.8601359192404694e-7,0.008538659635264949,1.73658020501748e-6,0.00030315543012792454,-2.309083440794258e-9,-0.009641808591114175,0.3741032124481161,-1.6547155861338375e-5,-0.07340864172910037,-1.0807640245537106e-10,-1.31740460028199e-5,-0.04235426897405347,-5.789559477772668e-9,4.741442722096199e-8,-2.3607095979866516e-6,-0.0014368055056358125,-5.0353503829818805e-6,0.011761922162849662,-0.0021548212744510378,6.501214486804845e-9,3.513072701095308e-6,-0.060490324750977806,4.657889671755643e-9,-3.344526793765305e-5,6.889561702059624e-8,-4.574706930543347e-6,-0.00012431641569358195,-5.4476572439829017e-5,6.629616326525029e-7,-4.805314823178786e-9,-0.0865975544938776,-2.522553565150563e-7,0.00041834456067685934,5.609027483744388e-6,0.021712384752512463,-0.028261351423242632,-0.01645532795923704,-0.023202521958063573,9.492596302491351e-7,1.1222350223601773e-9,-9.620483237075873e-7,-1.2465459205577355e-7,-0.0008230370037495469,0.00032213108168140857,2.8004333058935456e-6,0.0001950307626289569,0.00207955715336852,0.32437678783315727,9.315735796606019e-9,0.011853663115248624,2.632964936696135e-10,2.6547801119067544e-9,0.0002445351411193093,-1.8940740906909794e-6,-1.8065378244220152e-7,-1.1789982514405993e-7,-0.021750929356197563,0.0021685581038067784,-1.126206658629901e-8,-0.010216155616088884,0.00995641232226486,-0.036804282923731016,-0.027423410405936172,7.575078332447132e-7,0.0003725207640776483,-9.34121807522085e-10,2.2498444391125966e-9,-0.04973775170655003,-2.445409305389159e-6,-3.62690257801708e-6,2.1388842834783022e-7,-0.0017662139074818845,-0.06439153286994177,-7.246881862498342e-5,-1.002547582570211e-6,0.0064334345743623095,-1.8141046881325895e-8,0.004578141691971739,-5.0954173881757795e-5,-3.872410521541455e-8,-0.009752764053020233,1.958106524363057e-6,8.962567759911024e-9,-0.0033079564259243803,0.0001424403577294108,-5.106528718322678e-8,2.7761740069349708e-8,0.0027941002868927226,0.01640163398369336,-3.3321381607568465e-7,1.821736602114571e-5,0.0003280648293235724,-0.00485737865677001,0.00022347807058855975,-0.011802914662275874,3.389275800964086e-7,1.7919729015225364e-10,9.497278178345524e-5,0.016552389996086887,-5.612573513094427e-10,0.12505959792175733,-5.780929340271307e-5,0.0005255038976816826,9.406055443317898e-9,0.00020789551732825195,1.6308321933651462e-8,1.1163709034066816e-7,-0.04193056219001163,0.13542005313858368,0.0002728542429591661,7.391537549129676e-6,-5.992334185357553e-9,0.004785275227795941,-0.000899533076060546,-2.9917478881046927e-9,-1.0228695730526478e-6,-0.0021893788426007414,2.580043003119395e-8,-0.06157462642435563,8.489089830320573e-5,-0.01843195120057707,-4.0430771866549914e-6,0.0006282335065415814,-0.007598563291068582,-4.5211544177625925e-10,9.156453059192447e-10,0.0015993008283292252,-0.0011669245262544354,2.9566116441880716e-7,0.00793927564219913,2.5380493529187396e-9,-2.3200981890138476e-5,3.715717973538093e-10,-0.0006743684298930664,-9.30646258068712e-8,0.016132605284022498,3.1552631786162937e-6,-0.004202881308573576,-1.3595757044472807e-8,-3.0573117094393456e-7,-3.797446756732068e-9,-0.0033292867230958405,1.397429916281555e-8,-0.0013386518897482475,8.777262388561331e-7,-9.466011958131577e-8,-0.05998605649277247,0.00022996717119774413,5.5961598131941786e-8,1.7246190216180583e-5,-0.0017804914848018425,0.0005528862554373267,-0.0046864087981934015,-1.5021271950298803e-9,0.008329312854270372,0.025713663195650636,-0.057231881170634845,5.162080751852479e-6,-6.042568358880676e-8,1.0086892480537046e-8,-2.2377240797921782e-6,-0.043741130564437763,0.013625651310543172,3.505826494608991e-5,-8.04093500023013e-9,0.009418629636388119,-2.7195542857666195e-5,0.022490001648394944,-0.0022871719434261525,1.3733583034291868e-6,0.07289131489670728,-1.0171634424617437e-9,-2.8751089712869572e-6,-0.0003890241863429281,0.09133226515179749,2.171700459877246e-7,-0.012794088867661493,1.5798098266353872e-7,0.0033222621995985468,-5.267592688105698e-9,0.0003801205854240579,0.125711821446966,-1.9189705097211135e-7,-5.366034089369199e-5,-4.500392629804691e-6,8.87426306363092e-9,-2.2437557556475005e-7,0.0063211294455433505,7.893807786245734e-10,3.907886732046235e-9,0.00029926431026273785,-0.0020009201795009365,-5.163183547242728e-6,9.48741572382191e-6,-4.438651508537685e-8,-3.6915626326754724e-5,0.026417091173625885,0.008851852400623347,1.2655377593091344e-7,-8.763782208511797e-7,-5.754770877463589e-9,-0.011115449058666363,3.46580523603618e-8,-0.00022336379095977613,6.182704740896843e-8,-0.08827874166149342,0.0006031084187027018,3.8212235498565926e-9,1.5405184890781077e-5,-0.0003997606537334651,-2.5560378084044643e-6,0.011064971527109483,-3.8786369738583675e-8,9.63597257827494e-6,0.006806852724221361,-4.154379575489311e-7,-0.03490591618256585,5.660476203768767e-10,0.13200205947976001,-1.0258950034846466e-6,1.0052691688408096e-5,-0.0016145127093323214,-3.728899175738151e-7,2.178901821553044e-8,-0.00014021831824814345,0.35585812771894787,-5.506291752083383e-8,-0.037328903508884015,0.014393468795259963,0.00017834025052677516,-0.0011579655012430002,3.2462384876921884e-10,-0.00953649366963912,0.0005186919106087402,-6.270129721564498e-9,-2.189674284770177e-6,0.00199657350321979,0.004737523285174263,-4.1721385088178375e-7,-0.0001262260852135572,-0.01102325752795291,-0.030668257360378922,1.1846818565155501e-5,-5.14841690209847e-6,-1.2836547500584665e-6,-0.002789155251668065,0.00878744436219788,-1.3587297135445391e-5,0.1502691583182542,-0.0007229949630843047,0.27189415649452564,2.3158221757327455e-7,-5.365918081232793e-8,-6.890827956176186e-8,-4.502017476230473e-8,0.005225884227153557,-0.00021130862743166595,-0.03534135112867195,9.765650291479248e-6,-0.023549583696021465,-2.2911789832383204e-8,-0.027353965028506406,4.6160155245954443e-5,-0.07116337444464446,0.364935575210815,0.007418459687881517,-0.008492363280470195,0.007852924511190188,-3.7222214090711786e-9,-0.007863091599594472,0.0017143097977530876,8.940920463748615e-5,-7.252130617994403e-7,-0.0019393008336439602,-1.534636528482324e-5,-7.245323108303689e-9,0.0003725662885030339,0.0005687175457961016,-0.0017452918056560694,-5.0492640754532544e-6,4.10030233645721e-8,-1.9321786421802156e-9,2.958094611732615e-11,0.00014131731981749404,-5.021229290901403e-9,-9.644841086973115e-11,0.004838349079996149,0.024711189045938643,-0.019403964309733776,7.863351431119579e-10,-0.006273965125148652,-2.1677621652271798e-9,-0.002157103863615227,1.7152964549071693e-7,-6.214124938994357e-5,7.48437287467605e-9,9.098272048969302e-5,0.002763726961744205,-0.013689814341157007,-0.0019062998200201616,0.004544948508427493,-0.0019847395399948176,-3.5333751683655426e-8,0.003934644604906758,0.011062863499175186,-7.703075392524127e-6,-0.09700142355810075,-0.006613631777391436,0.0019126096576235865,3.299358272917114e-10,0.00024672367720709885,2.637956110621755e-6,-9.847183223505188e-6,0.02832775208040744,1.3110354502106252e-6,-0.01636152391122914,5.786370440916597e-8,0.005595676506489207,0.007910894372901088,-0.04612536448123088,5.126482600966831e-9,0.007815867721440913,-1.990264700937172e-6,-4.85562649739615e-9,-0.016685049400038995,5.756366656607792e-9,1.6362722975511763e-6,-2.5394000020300725e-8,0.01124483476604143,0.21512249947357462,-0.02226725943685777,0.0004225694314722606,-0.012519059048214367,5.388533449209727e-7,-0.006577361180091096,-8.904402354026637e-7,-0.01288489926206452,-0.08102989138133637,-0.0852495090688004,-4.056134963362546e-9,-1.931027324059743e-9,-5.00043535437124e-7,1.582457884662871e-5,-0.0016845306454541485,1.1311960926131128e-6,-0.034039426487868014,3.6651085373552046e-9,0.005314817466072795,-0.06362523919535179,-0.026113230159505563,-5.933987721978082e-7,0.005924910201728675,7.684146303094921e-9,1.409120150477674e-5,3.722157217935507e-8,-0.059316477528835385,-0.006037989587341618,-0.0012885082982352757,2.0241576972661817e-8,0.04035460616460343,-0.007619827462353955,-0.05222401399317682,0.0034610280810814372,-3.2507580491619828e-9,2.3748304308815366e-6,-5.326594344023425e-8,-0.06147630560215436,-0.0016134993557195868,0.01354236234521908,-9.0560514152526e-6,-0.06223742087312831,-8.182679642357691e-10,3.9841407915753e-6,0.0002689479473054066,0.10174916340075385,9.890103062847309e-8,1.1262818169267357e-7,0.001444921391444608,-0.031016003311795538,-5.552804298373202e-5,8.755319003397793e-5,0.00023993159533235286,-0.0025442814998930152,2.1011429769021471e-7,-1.0011165162813512e-7,-0.0016103448587806682,-0.04546791313089847,1.1427755714860303e-8,-0.0006785581731937518,0.019464012613946736,-0.0018491617167488753,-1.1807904542557302e-5,-0.0011913704741690428,-9.247969498182639e-8,-5.896528534851208e-6,-1.8689058855767592e-6,7.2628758770231265e-6,-0.0018197175439988657,1.3283582728718098e-5,-0.0008548426051005106,-2.512190236347913e-8,-4.828519754739112e-9,0.0002793932748711279,-0.06928482028269527,-8.041073258583409e-10,1.327872310989393e-8,-3.255476772063422e-8,2.3465917930981733e-7,1.4372388145117326e-6,-0.004611050430583493,0.01982389800982684,-1.4243687695301109e-6,-0.0028698515440413242,-1.6326318474627563e-7,-3.454085913941597e-8,4.654355948387082e-8,-1.1476410721564586e-6,0.0002809536262663975,2.4303402007188553e-9,6.034013700460482e-8,-0.003732091649420739,-0.009064123513500947,-0.00169520303517756,6.201194583447534e-6,1.8164405046667183e-7,-5.72798624968751e-6,8.126993344247395e-9,4.348261783738747e-6,-9.002214163845369e-9,-0.03741489062428934,-0.020064475281746853,1.8527223843571153e-8,0.00036584946827544675,-4.2890638110273506e-8,-1.0422517567720515e-9,-4.5506190179955115e-7,-0.015212337460764109,-1.804671228467641e-7,-0.001963497003896016,-7.272343119619071e-5,1.2556790242152904e-8,-1.027841616580822e-9,4.932329311605762e-7,-3.279945525667238e-9,0.0005219189218138901,0.020552425941426377,-4.317794964314005e-10,-0.008822530400536934,0.08125667135666588,1.5010852368243024e-9,0.010366717916847012,-4.478692811386266e-5,-7.193054282164589e-7,5.821794240859099e-6,0.002177185983209718,0.009205238025025844,1.9704742549893562e-5,-1.2949109138823208e-8,-0.029032505668816804,0.20547054709475537,-6.26835209255032e-9,0.14670283935707457,-1.2807584331460304e-6,0.0010238679816671327,8.223893146051977e-5,0.000161818104099392,-6.974703641485191e-6,-1.747585784585129e-8,1.8309235403759515e-6,0.0002372899527157373,0.0021323034569508776,2.7298682931745407e-8,2.267021018071228e-7,2.02101867347063e-8,-0.0055050591668352414,-0.07971135925048577,-3.6139504578882483e-10,1.1966596110407953e-8,2.2444221684969898e-5,-5.792108121023149e-10,-8.628112327704149e-8,-1.5393497555381854e-5,-5.9930068475936446e-5,-3.6237830451253695e-6,-5.181699645682299e-6,0.000725643268013877,0.0001265574615469725,3.712411796959475e-10,-0.0037897940753856235,-2.0998425479149825e-5,0.0003305609123080615,0.002194348635690562,0.00185342300964646,5.0716945195605385e-9,-9.6343283617195e-10,0.0002540178638038014,-0.03769393012522334,-0.0077491510862837875,-1.2029161573140104e-5,6.507815461090435e-8,-4.600989847590752e-7,0.01094177271598698,-0.0007592276470912313,0.001218331687840405,0.004201899867082169,-0.08328840522840515,2.8714200626773376e-7,-0.00950229708420299,2.3302706437302918e-6,0.00021762747624354741,0.00037838827905808074,-0.0810349181016149,4.358060048977957e-6,-3.5251080223106375e-8,3.2982155441428518e-6,-0.02683382494458271,-2.2867835535189777e-10,-0.05910980898966592,7.415723334302678e-8,-0.004955570817615667,1.121914015888704e-7,-4.4934472592331873e-10,-0.047055184605694224,1.3990168722215395e-5,0.022097178438877964,0.003872433647544575,0.0001244063434112597,0.00031844874012487576,-1.315299596699345e-8,0.0009852704033604758,-0.04217326062538839,-2.6488830174775507e-6,-0.0003613528103814476,-0.013101519452502692,-2.9546249189469675e-5,-0.04347123888156989,-2.3372178250961585e-7,0.0004570727720011966,1.8694872759208613e-8,-3.9110241247051256e-5,-0.014753024235990422,-6.036933489677137e-9,-0.03710923440580576,0.00012043167642573017,0.00021837987974423386,-7.8810590983729e-9,8.010397583314088e-8,0.013894046127196307,0.15576035778549296,-1.9829997283470414e-6,-5.493240464705271e-9,1.3125985933826843e-8,8.241394321374545e-7,-1.679016471089914e-5,0.0006594038794461187,-0.00015552646569602698,0.23720799728486447,5.862850990952883e-9,-7.846514168047142e-5,4.471139796155741e-7,-8.580709632015108e-6,0.24219425672852588,0.0001669626824886427,-8.27512947596374e-9,7.1552671150222695e-6,-0.00438604833833493,-0.0029663610035372597,2.5593700655498154e-7,-0.038630745934351146,-0.0947575936123629,-3.427602953843723e-7,-1.1702091653380238e-5,-4.5598341891472706e-5,-9.204939500335197e-6,-4.930495300630274e-9,0.011611970643027809,7.11050011135069e-6,-0.0011672527867341474,0.3902185406550547,-0.00129468719760809,-0.06919777014457248,-3.6498736801204674e-6,2.2219723996282615e-8,-2.8067027901646834e-9,0.00038177959133829144,-0.0015121039167625833,-0.04146135286806215,-0.013775942013667962,-7.67265959687498e-8,0.00032275126471770725,-4.274795213599619e-9,-4.401932607926356e-6,-4.9343978797083224e-8,-6.327612255922792e-9,-0.05770073765927794,-8.547176956041675e-7,0.02720519008648175,-0.003293172718428895,-0.0070937792372719796,-1.3146946757854251e-9,0.02064946853810684,0.00019914391855858823,0.005856803154330113,-0.06011018729472663,0.006092997971908014,-1.0145311599996523e-5,-5.660801854412308e-6,2.3229676219595467e-9,4.705838942445572e-10,8.27029860216723e-10,0.00382673700233889,8.971404233450052e-9,-0.004453729690265283,-0.03729285275305413,-0.024863985862204785,0.015258948827410588,0.0004455816640185589,0.0030435767993885893,6.502382548831457e-11,0.0005388754998444369,-0.020999683815261846,0.0005370257171503024,-0.004357611241686919,0.0905974080471849,0.07652151558802665,5.716634291191718e-9,0.0031217173437138724,3.6561394712533846e-7,0.00037270480839644306,-0.012416815977320212,3.8148667172605e-6,3.605432788279555e-9,-0.0009818556738547318,6.344647735315841e-9,-0.001158443164693725,0.15031368117508864,-1.7406105447643448e-7,3.3492240158382666e-5,6.998283408683079e-6,-0.045117580556965624,1.3238134273241994e-5,0.008718409323482874,-9.43617762701302e-9,-2.5556693835516375e-5,-0.00308623488614668,-9.75483673092632e-7,-0.026273318126362518,9.717583073300037e-8,-0.026816757727141975,0.002818329580302585,-0.002132874124973709,-2.44219968628043e-7,2.20039014861974e-6,-8.927201965410892e-6,-1.6852399736689405e-5,-0.015453089205665512,-6.085153534904852e-8,-2.587360544379831e-9,0.0001817150068777939,-0.07395425267962226,3.4884069941815076e-8,-7.5788493131600696e-6,-3.579707328169041e-5,0.0006735575038110907,0.006883546008435245,-1.3624625875410795e-8,1.211042894473901e-9,0.02684310193526793,0.004003391045377829,-0.00010997616071819653,-5.425426388783814e-8,0.00026989858158020486,-0.07464229200879155,-2.881131278815962e-5,-2.771543154961629e-7,1.172632559985707e-6,0.001776462129328896,0.03767035268018234,0.0033583256542162854,-0.01536487858913189,0.01446511369214725,0.010994305185694591,2.6422358957536417e-8,1.522976910989074e-8,-0.008079992719626606,-0.00034840623550734843,-3.2734697020183415e-10
0.0,0.0,0.0,0.0,0.0,0.0,0.0,0.0,0.0,0.0,0.0,0.0,0.0,0.0,0.0,0.0,0.0,0.0,0.0,0.0,0.0,0.0,0.0,0.0,0.0,0.0,0.0,0.0,0.0,0.0,0.0,0.0,0.0,0.0,0.0,0.0,0.0,0.0,0.0,0.0,0.0,0.0,0.0,0.0,0.0,0.0,0.0,0.0,0.0,0.0,0.0,0.0,0.0,0.0,0.0,0.0,0.0,0.0,0.0,0.0,0.0,0.0,0.5006156023573775,0.02448588429354282,-2.0483949791863143e-7,-0.002866765859406066,5.647870953356642e-7,8.991291790892809e-9,-0.033989484404756694,0.007598131218887708,1.2963209490097914e-9,-4.017331988972106e-6,-3.584372862827933e-9,-0.037339492515523647,-5.361109665204092e-8,0.017477241298062128,-9.485252045225638e-5,2.3865193161390707e-5,-0.0015028324547376182,0.00048522418645987486,9.570627702982774e-8,4.0196279343991e-5,0.0004527505642385136,-0.0008326016801822295,3.0774460615246036e-6,7.831971982147128e-6,0.010928092984604626,-0.05001180921010581,2.8822440001808505e-7,-0.02107544738725816,-0.055897105835123945,2.9385066346446477e-7,1.3521328875419557e-6,0.009866446078029516,0.0016611566816122296,1.28886437708979e-5,-0.06923189080209817,0.20849538241461343,2.0509535566857405e-7,5.14439364809417e-9,-1.72726737041235e-6,1.5455490299802063e-8,0.015765019493611282,-1.6402817544122596e-10,-6.612821595658438e-6,1.0071149815752249e-5,-2.503762100968891e-5,-2.7360455365969096e-8,2.337913441257723e-10,8.138300459396729e-5,0.02052550205224008,-0.024334930544177156,-0.07129339777386877,1.362446618278826e-6,-0.0028909350527198483,-7.95969985783621e-5,-0.003850645326777884,1.7182318605083515e-8,1.9888371251349316e-9,-0.00022806446852761207,-1.543113690943704e-7,-0.010328873111392651,-3.2215028779230066e-5,2.520254225759896e-8,-0.05505827111808922,-0.004265739818257567,-0.0018517157726972715,1.3279552960584147e-5,-0.00032117200204020855,7.903382221674402e-7,2.9747726909047436e-10,-0.05645556199461519,0.0005193363604301181,-7.337450965620546e-8,0.03688870667967979,0.0003217735405723596,-0.036441901221273505,0.0031404920122472427,-3.0242316366471695e-5,1.4766276534435645e-5,0.003814219245654795,0.17109745731847148,3.34637202971245e-8,0.02356485162883862,-2.1203011465140574e-5,-0.001630937787037731,-1.4370068115300474e-6,1.0955851996491081e-8,-3.3968143572463364e-9,-2.0830005187282182e-7,0.0006153403114057147,-0.014341259474867718,0.024881220279450125,-0.021528271959884562,1.006058375323631e-6,5.7447318125167875e-6,-0.0010417258703744924,-5.8796867675328875e-5,-1.2088858216700908e-6,7.0096147564274945e-9,0.020101149677083686,2.258147646247839e-10,-0.0037226936778011303,-0.015711412111635074,6.913787988726723e-7,3.1407024145512446e-5,0.002893945801466722,0.008216415981860401,-8.126003575216243e-9,1.7335297741101913e-9,-0.008114762113097508,-6.250576198505511e-10,-3.14088184089567e-7,-5.853905671931081e-8,9.4071303261293e-8,0.0028256435430819996,2.3193577474032998e-5,0.011761473270181328,0.01331339887712828,-9.137393716110761e-9,-0.00020031627520282185,-0.0007872344494908061,-0.10454191222655182,1.3472336946758056e-5,3.1920821735196114e-7,-7.044921811732389e-5,0.019028953802013925,-1.3378508295993825e-6,0.31007517307297555,8.307556821211809e-7,0.0002018339321456394,0.09236114848401417,2.787823734937567e-7,2.3095954969794853e-5,-0.0443020879602959,6.351167505556362e-9,-2.2123416623125574e-5,0.002985890213374146,-0.00914070903252027,7.598669129107138e-7,-2.7369169179020492e-8,0.009681586000982581,-0.0008997559684291375,-4.914312449342866e-5,4.730176587281714e-7,4.8417854906890154e-5,-1.4012974972166592e-9,0.004538394856340037,-0.02059727896872561,7.533197350510188e-5,-1.1933018289809778e-7,-0.0026856679231014135,-2.0073927712476316e-8,-5.2732093383194063e-5,4.4561043627044815e-6,0.03582813768688043,-2.738428938732976e-5,-0.030503540218110404,-0.07874418219552061,3.975162343785277e-7,1.0734892213706293e-7,7.235683343704372e-6,-0.0005278917058957587,-0.006639469180537196,-6.387548940240861e-10,-3.835972603390037e-10,0.003013044499236989,0.02887545771246793,-1.9910616858695874e-6,0.060568697087018564,1.632551906669752e-9,-4.343510261816498e-5,-1.3746924373926424e-7,-0.0017485366585769022,-5.430195673036894e-5,-2.4880863988198494e-8,-0.0014680168735569398,-0.004136411868672133,-4.897718874244743e-7,1.0465889388565728e-6,-0.061905836795893586,1.8951526233128118e-8,-0.05560578342610828,9.207159373806131e-5,0.004960187357406615,-2.3041538011793413e-9,-0.004908209915334701,1.152466195027357e-9,0.002931174411457312,-2.38068140149233e-6,0.39120879995537233,-0.017595734555491384,-0.0009035880742871839,5.575997216253453e-7,-0.016111969836624246,-7.776025952153257e-8,-0.001193897140672913,0.003874944371514128,-1.3093815747335072e-7,-3.9762001351852946e-7,-0.006737688089298725,0.00021262129364333176,1.2553807853538192e-5,1.714270733828834e-5,3.6268436616996527e-9,-0.015347630768454605,3.8201384296697385e-9,7.373836514586803e-9,-1.0027785918011412e-7,0.00015905145741347223,-0.022419653767445126,-0.03787075682387439,0.0002637331587877116,2.2733012827368644e-8,6.455984370147473e-10,4.393504803081549e-5,-0.05124583085471973,7.426811222411309e-7,-0.00011582059401464188,-6.660759468229983e-8,7.390565595058444e-6,-0.000337966191956006,8.476620807235645e-9,-0.02748074602951454,0.00015583316269198193,7.6847776332925e-6,-8.322400085986004e-9,0.0034651586955965537,1.8913575701319305e-9,-0.05269504823140194,1.4297454508151817e-6,-0.0034588133796219027,-2.9351256212556243e-7,-1.8640373487127896e-9,0.010644758196313898,1.622067198876479e-6,-0.001839948823438636,-0.0017839419100141723,0.01640219713049878,-1.423926736116858e-9,-0.001603443366369762,0.07981735762641297,-4.403336387857255e-5,-3.29372751501101e-9,0.00020623943214050008,-0.0010832544733489367,-0.027383150173512106,8.697068107062369e-5,-1.4463433952967516e-6,-4.433869427335691e-6,-0.03892162032872369,-0.0013478747945978363,0.01859643905181516,-2.6440561772914153e-10,-0.05516088148903892,8.3347731905631e-6,-0.0006263992103274789,-2.8575568529525326e-8,-1.942899594638984e-6,-0.0024405276695303557,0.00012072549959537842,4.035856937079431e-6,0.01214165052821974,1.9796210588258154e-7,0.3294715512965716,-4.262535553589914e-5,1.2077398289507455e-7,0.01714870810479621,-9.128594078789345e-9,-0.011656244332037269,4.716953831462567e-8,-0.002418069835093528,1.2132094026743965e-5,9.13698322659279e-10,0.005921522460009893,0.08706092200609296,-1.3826027249439051e-5,-2.559719571727526e-9,-0.0485831342350427,-1.5234946063211183e-9,-2.835625754101154e-6,7.212944005811553e-6,1.3250033932312321e-5,-0.03380036531814235,-5.492177546665335e-8,4.287222707754053e-6,0.003767295165077791,-0.00028935775381698335,6.849798381249876e-7,6.467017157298023e-9,0.017941012674981934,1.0096979361586968e-5,4.668443195756733e-7,-5.12582766521017e-9,-1.6012219659945877e-6,-6.812721114589385e-5,0.006626338252811895,-2.303514280845492e-6,-1.9715847595673994e-7,0.0004315882115258665,1.036532867718752e-9,-3.0297685755907463e-7,5.854996742817862e-9,0.0072344245344010075,0.0032179928168079236,-0.004710165004943079,0.3691518752476075,4.928149030030294e-7,5.78738103149066e-7,1.6456877957845356e-10,0.00022891403517588075,4.738884212361236e-9,0.0003322285156002884,-7.420877396311442e-8,-1.858878560298992e-5,1.6189188414851096e-7,1.698957132118274e-9,8.769920066512619e-7,2.3875373721098092e-9,-3.2393706717567213e-6,-0.006016629617387773,3.0498030534949623e-9,1.8616522697028755e-12,2.023526350560925e-5,0.006763227864379316,8.161518711622082e-6,-3.628764840697464e-7,-0.014303042431622828,-6.828530926350618e-5,1.286737941904349e-5,-3.4955143939217445e-6,3.183684413073042e-6,0.00012782396349175464,0.012689694783391726,0.008387682789310322,-7.056709429289354e-5,-2.300398259181309e-5,-0.0027590937952902384,8.401606677625459e-7,-1.9876075691913302e-8,-7.008506454354013e-10,-0.0057754154504306415,1.5298374220529308e-7,-0.0037668206629798665,-3.056831818525656e-10,-0.05251504704395018,-2.7631372323967664e-5,0.006333941859207216,7.60080102068265e-6,-3.852618942009269e-10,7.145766215800394e-10,-3.298931752918516e-9,-3.3961600118455e-10,-6.926287926947178e-10,-0.0467095753456193,9.443701110812184e-7,5.635095237158008e-7,-0.0005499641176606482,3.217783539118969e-7,1.2936750327757828e-7,3.041025955530765e-6,-0.00921912788628201,1.6485946401578577e-6,-0.001974279193514418,0.00035457513411739583,2.3604236586932065e-8,0.003647487625385058,5.024907835603999e-7,-0.0077857136033988306,6.348955293938169e-10,5.062460625716631e-9,4.443394708510661e-7,0.007312494939903187,-1.2085334517178208e-7,-0.0009732111860645319,-0.015717476068865525,5.021639631278845e-9,0.06855918693532853,0.0011120178116243082,0.24095067624195537,-2.434619647426606e-6,-2.4807916113073867e-9,-3.1807901553355045e-8,-3.153762922376185e-5,-1.178836443447509e-9,-0.001098068175933781,-9.883961140941636e-10,0.016982293552118645,1.7341515612439872e-8,7.190055248935323e-8,6.072209083792384e-8,0.008151832732183865,-0.0028296873522409105,0.01899143072547174,0.00029513927497925766,-6.518573137795359e-7,-0.0028879574423044045,-3.189928551367403e-9,-0.02437791076588028,-7.567523582849014e-7,-4.451153079388926e-8,2.4688341986400776e-7,0.032268043616491986,1.5142018756780173e-10,0.04875471123419692,0.00021517035604665585,-0.018006363320523924,2.801973669618567e-9,4.105547977770074e-9,1.4151901120739383e-8,-0.01556931367702819,2.419458674951033e-9,-1.6225596862776318e-8,-3.739995963652784e-8,9.482558685209414e-8,-0.014523525248070792,-0.0005260538479428366,-0.018451050210905318,-1.0352943787046182e-8,-1.8398950270409894e-8,2.8989441503634506e-10,-0.0003100541660795871,-6.649189876080158e-8,-0.003691711479970968,0.000357760864880969,-3.455287858430591e-5,-1.0961214324293138e-8,-0.06317552093618087,0.009025112918192897,1.023087880552152e-8,-1.8476161669779086e-7,0.00029507912655665335,2.9867815619671798e-5,-1.1454629080348927e-5,-1.5749822058951007e-6,-0.05779184496956094,0.01153018702311446,3.062366522643675e-9,-3.826647497786828e-8,-0.04891286993490279,1.0197335554654342e-5,-1.122207142792431e-7,7.5851963802486845e-6,-0.001272642679907017,7.619438608521154e-6,-0.02294226115035055,-0.0012918410859191103,0.002531539712260155,-0.0011213218955581593,6.084407834593204e-10,-0.00028535760429465644,5.921798933845095e-6,0.001478954494489414,-0.022841296470612577,2.34329151764065e-6,1.2782441870752264e-8,-0.0015782804456253182,-0.010147516362097916,0.380926271414323,-0.0268932985920759,-0.0017376999661907948,1.6926796746427947e-8,4.262401511588226e-7,0.0018692731694647305,6.31218075427791e-6,-0.003633318130238869,0.15172391909953623,-0.012070919175972606,0.01892047695372201,-2.2964500945052044e-5,0.005180030108696968,0.04349402968581557,2.7860393700918742e-6,1.1656479859050235e-8,7.930551468412104e-6,8.38392888932233e-6,-0.03780874807150683,-0.0007230678798078513,0.08672171774079901,-5.335689493762358e-5,-0.03577178926512814,-7.32977025431258e-7,-8.772663652459792e-7,-0.0379837599899813,-5.569810897143538e-6,-0.06323171866381516,-0.046361070405047576,0.02729149207427571,-2.1352609365379377e-9,0.0027818773746689073,1.2838977022333927e-5,-3.7078843992899783e-6,0.005537421670234678,0.15334359967173805,0.006120709692333849,0.145605037494784,-8.588862269177517e-5,1.5893639845689494e-8,-0.0002651056274181962,-7.085631364237922e-8,-2.758244172583643e-8,0.008634171648807825,1.068329284598006e-9,2.801652619998844e-7,0.013431347756579082,0.00038503329718667,3.669633803277119e-9,1.6256856322755334e-6,0.00013956372303327428,0.2977865509541682,-4.7460303850444725e-9,-2.1677749388010818e-8,0.19655746798386403,-7.141983877428615e-10,-0.0006008604344826964,1.609639150765496e-6,-1.5494489992505207e-5,-1.7396928606884754e-5,-0.0002954469352161072,0.00716317204451173,0.004594876988954793,3.9838552721061843e-7,5.031996024174482e-6,0.010409028385260062,0.008187240281682657,-0.039757537522635826,-1.1228816608597408e-9,1.5703114109132143e-7,-0.017589086503669648,-0.015852419442435577,0.00010443482522106139,0.005401687390009133,-0.026470800065040708,0.00021199987354342226,0.00014880366595596095,-0.00013298883831407024,-0.001449954498371191,1.4442245067452308e-7,1.0188948252768325e-6,-0.0037489151469144656,2.8496601428900955e-10,-6.647408006564408e-5,-5.7646396128971866e-5,7.058935439348849e-7,8.763885487053765e-7,-0.007120343464752753,-0.0026212538982749614,-6.627344590360708e-10,1.509662134832506e-8,-8.933876651730624e-10,-0.00011752711002228992,-0.004181077836598607,0.026002220545968926,-6.064457118962649e-7,3.1817580406171533e-6,-6.090833816723363e-10,-8.295288234349497e-7,3.5359830313206115e-7,-0.03919040161175846,5.386927958381356e-10,0.0007499546041990122,-9.8535349270293e-5,-3.020418343293436e-5,-9.079401167353815e-9,0.0015019149451659614,0.012082110325157372,-0.001443202063190507,-4.967351392969407e-9,-0.007761419862462645,4.239750502464025e-7,-0.0027307321652422375,-1.5687506174258075e-7,-0.08013369577777456,-0.007739673771783693,1.409173416128886e-8,0.00011545053031654862,-2.9174847037619223e-6,7.275771971650523e-7,-9.835344577034218e-6,-9.090985310829945e-7,-0.037710778540879106,1.6029452779008138e-8,-5.1797166972542124e-8,-0.0005531813744776157,-2.481341886823372e-7,1.7847549971269122e-9,-7.31890855514837e-7,-2.399362039903377e-7,-0.00012460368705810741,3.502092802723177e-6,-0.041636241148034984,8.012194019566514e-5,1.1054483792984939e-8,-0.007729240522148827,-5.2658274735160265e-8,-7.003886686116182e-10,4.189732083123913e-7,-0.012614238612204919,-0.03539276217805189,-3.146159727808251e-8,1.7106452961632293e-8,0.007620946876189856,0.10036478486082155,-0.03863431736286442,0.0014079405243864565,5.3456081500706445e-6,-2.735769589028067e-8,-2.6754217997477056e-5,5.242551704928118e-8,-0.028214739306648168,-4.657405977414054e-6,0.003831370945157052,0.0001801669660781113,-5.15462396261824e-9,7.980333260442849e-6,0.009619880229513418,0.0004358417629126026,-3.3931540641841426e-6,1.1165152100831703e-5,-0.09046576852776728,-3.3333776354212924e-9,1.0791176297652159e-7,0.0070271954027202295,0.0004086756702322704,0.0002842192001756567,-0.0010834863365641583,-0.020309018676600503,4.265070632866093e-7,0.0003574976754027796,-4.8583670321055544e-11,1.135148941527227e-9,-6.236408641050136e-6,1.4562716448524564e-9,-0.00025570585120450337,-0.019179943689326007,0.01618973114881541,6.775726082475998e-7,5.3430595992284924e-6,2.4999907678943034e-7,-1.7242727090644372e-9,0.0094074303849659,-3.2402296411839266e-5,-0.00024365470004813122,-0.0015137624973107595,0.004609718136409591,0.22052737880366066,-2.9763047694059348e-8,0.0155138403099079,-2.5954302127929224e-6,-3.974976168843976e-6,-1.9773232905477507e-7,0.0012998173353403228,-4.404861566909888e-9,-1.2686806985921285e-5,6.441918136209452e-7,-4.447678559739506e-9,-5.465549440266032e-9,-1.9096759154086224e-5,0.0003414227682277965,-0.016839401346081972,-0.0007984938646183271,-0.005876761732019342,-1.607542922301614e-6,-0.03324329879850875,4.492418667070738e-6,1.2773892487005323e-7,6.281027975176596e-9,-2.1310415256800374e-9,-2.0166232953432548e-5,-7.564844690901568e-9,-0.0012423711664119072,3.070473410927162e-6,-2.3884058489735283e-7,-6.922669426217701e-5,-8.58195191544729e-9,-7.201589003647982e-9,7.193096374025539e-9,-0.020563365549202572,9.982005498834592e-7,0.00267096543622745,3.653683273796714e-5,1.9981903294863185e-9,0.00029303571247589824,-0.06556053316674655,4.732661497512071e-6,0.05611001137965237,1.1227472887082361e-5,2.6263987912572243e-8,0.002367871620898658,0.00014384789495186997,-0.0008880707919618093,3.291680878411585e-7,0.0002613038312002933,-1.0149733994798487e-9,0.05617095519334637,0.0002320725586736219,-3.2264506275985347e-6,0.02303729777627133,-2.3642211894097908e-8,-0.03789524782028992,1.6092464750794816e-8,-8.954751315637936e-8,9.58212409864725e-10,0.020118540002535323,0.004416999232974768,0.0002001958544150546,7.697143156537029e-5,-1.5002325210557033e-9,-0.037790240722962005,-0.005818175383079469,-2.2892475115707346e-5,4.144602418220089e-8,-0.021075222531257428,0.0005408601973378185,-8.377104935205775e-5,4.532453522266998e-7,1.4750689079711051e-6,0.042584896260981414,-0.012999536167341773,-6.59343016996462e-9,3.4645337645372816e-6,-2.3695031243771116e-5,-0.01816960026021513,-8.378152380894327e-5,-1.6127761187446486e-8,-4.0077885372889725e-5,0.009300738222688803,-0.002460227219446953,9.664527971087087e-9,1.8929257494671204e-7,-2.1794093774967665e-6,-1.3458160917528735e-6,-3.0218683443446367e-6,4.837016539287192e-7,-0.027613710240665158,-0.03342843121986183,-9.916787555337461e-10,7.106464794669156e-6,-0.002918009107323061
0.0,0.0,0.0,0.0,0.0,0.0,0.0,0.0,0.0,0.0,0.0,0.0,0.0,0.0,0.0,0.0,0.0,0.0,0.0,0.0,0.0,0.0,0.0,0.0,0.0,0.0,0.0,0.0,0.0,0.0,0.0,0.0,0.0,0.0,0.0,0.0,0.0,0.0,0.0,0.0,0.0,0.0,0.0,0.0,0.0,0.0,0.0,0.0,0.0,0.0,0.0,0.0,0.0,0.0,0.0,0.0,0.0,0.0,0.0,0.0,0.0,0.0,0.0,0.49009644415951636,8.366774207004597e-7,-0.0010761711332226728,-1.2643204563730827e-5,-4.713669716153062e-8,0.0048714049869247635,0.0037491063883910436,5.4424071321874066e-8,-1.9583570272787155e-5,9.602130056383688e-9,0.0001569591520155138,6.11370215928953e-7,-0.04523209595216572,-0.0005315531218848401,-0.00022628491696368743,-0.0006945324070512676,0.014672554360465042,1.1684363158747219e-7,-0.0002420576679284914,0.000582851076149692,0.0028798787919549623,2.5927932274574936e-5,0.0001354836534427446,-0.008208812109051743,0.0028581916666217512,1.0981979581884493e-6,-0.011867288601961398,-0.04453157121991478,-2.1108479673634972e-6,-2.7654330707285903e-5,0.1686377196256349,0.0011419185243704024,6.0913708160525735e-5,0.009432959664890864,-0.014410002967565593,7.079871038151635e-7,-2.6699399847669725e-8,1.831665948091544e-7,-2.359920750123647e-8,0.0023499760042257696,-4.930658497690723e-9,3.184463715048716e-5,6.830054279963383e-5,-0.0004991710217739347,-1.1118446887985917e-7,2.969086295513022e-7,-0.006310678682961939,0.05541157270293239,-0.0018087187511775485,-0.05779454234028379,5.249773611502325e-7,-0.058019176786748825,-8.298202742786975e-5,0.004284683864576026,-1.0268436620257247e-7,1.9596957048978582e-7,0.002230107621116085,2.045217962553459e-6,-6.986446493249221e-6,-0.00019891305411345975,-4.351265996653651e-8,0.021708912903086932,0.013161353103757455,0.004778812017504713,1.5594414867615298e-5,0.01535645643735499,-7.851425252380111e-7,3.872068620477421e-10,-0.06641053469509682,-0.0012432154716393719,-8.363350928967212e-8,-0.007881098105000156,0.0001581494294924276,-0.05461703053094725,-0.015532074847729645,0.0013520085910064762,-7.432686245205466e-5,0.028733899661574747,-0.005526422358753033,3.7680685921482946e-7,0.26271445788770215,-0.00010357683882160315,0.0003268553559840093,-1.7463223270051687e-5,-6.503098114080395e-8,6.749860460635899e-9,8.574104478205853e-7,0.006532877313386707,-0.0011061391102695918,0.19503585087996522,-0.017789672046660036,3.516466691255249e-5,-0.00014297032680103596,0.0037070547719154513,-0.0004756330182442379,6.378116090103365e-6,1.9503571212560413e-8,-0.0066475107437043894,1.0769830846451526e-8,-5.300933098584116e-5,0.0010726887725776447,-3.2196529155075746e-6,-1.0441311882575572e-5,0.11139927593046507,-0.0036178628949422383,1.6410017231308745e-7,4.526624018283288e-9,-0.010876988051614217,-3.577437100194337e-9,-2.543702557047474e-6,-1.3028913830836362e-7,-2.742597448518136e-7,-0.023492265268414268,-0.0003413564894873536,0.0006303826393697417,-0.003379168557914107,-6.414768163843067e-8,0.0004047186308959093,-0.0062349099468727255,-0.005735488642336963,8.786785648136739e-5,1.7970391257967154e-6,8.585199108268851e-5,-0.008658126361998739,-3.188049699876207e-6,0.012863181329336632,-8.453762082921837e-6,0.00014172105398910532,0.003472142913209766,-2.10077675692777e-6,-0.0006630296233880569,-0.06620620226295983,-3.585928031578249e-8,-0.00026239809756124175,-0.07033648065321439,-0.023352113349001474,-1.954516708111088e-6,2.6832786512865976e-7,0.19375789324677326,-0.0004646993729562644,-0.00021915547817044772,7.19135703953204e-5,-0.0002319115399199453,-5.726457688507212e-9,-0.018881513790006094,0.006958828346432225,-0.00028514923103067566,1.155932135460927e-6,0.0006671959996859562,4.0487037617764944e-8,0.0007387537724866684,5.597521495580627e-5,-0.007707697460169434,-1.784040641154022e-5,-0.006280357060840883,0.0024662605574644345,-1.9489128075237155e-6,2.4674414954668397e-7,3.833327307597413e-5,-5.992478071930904e-5,0.007046611269217256,3.872708169734857e-9,-1.4554665844576633e-9,0.005798973952543122,-0.019829905862034012,6.209738990210581e-6,-0.001718616611921434,-3.401040230336258e-8,-0.0003342365303914361,7.096558980701224e-7,0.002163309991851336,-0.00017544595678351828,-7.700453892263737e-8,0.000685633209921498,-0.0006098972394338176,-6.405708312440578e-6,4.228787362098707e-5,-0.027718699754751608,-5.69150543092445e-8,-0.006539627551720142,4.474800484052496e-5,-0.00027870744819950594,7.571126062905138e-9,0.0719717862212635,1.610524023319832e-8,0.0015365047181648628,1.77506864944162e-5,-0.00961459091864001,0.000890322157500096,0.0037544735387779744,-8.534035021018974e-7,-0.04425657134934559,3.62188897199495e-7,-0.03697492435866242,0.005683306052078369,1.5445156337354714e-6,3.6712872445758556e-6,-0.03280640603512279,-0.002094183431235731,0.0001486762100691579,-0.000165050430244321,-2.6683772989138744e-8,0.0009134554973556945,-1.2037678384503023e-9,8.571984005229516e-8,4.278579997872637e-7,3.5317536715482334e-5,-0.008380193987010565,-0.001540764257675027,-0.0002655388834381413,-9.948190203364078e-8,1.6681840092683115e-8,-5.627477343403199e-5,0.010145343384556655,-1.0892021251767034e-5,1.8681246029177666e-6,8.985759564310893e-7,9.231219188294919e-5,-0.00020690542899130145,-4.445242064247803e-7,-0.004220996605830862,0.006084681415120609,5.372015374347011e-5,1.4344587725751123e-7,-0.03767372972063679,-3.477579473026858e-8,-0.06125253565047378,4.56184783930392e-6,0.009710278022721133,1.0169019294417242e-6,9.604805656307745e-8,0.021461430272592955,0.00045473088574147,0.00347528485846984,-0.014645192212303216,0.26850933381244113,1.267791139665714e-8,-0.0006095844090618231,0.0031970043207014322,-0.0003590398398883664,9.330202224748842e-9,-0.0008791080055029176,-0.0003531373875205631,0.009325099008609403,0.0006562373734129834,-7.267837402761009e-6,-2.0033408106745076e-5,-0.08678986153853004,-0.01297346068297193,0.0025562914886634184,-8.351473344095084e-9,-0.04664047471229616,3.2057070249540304e-5,0.0015567962168346289,-4.712191821021752e-7,-1.4518396085774799e-6,-0.00199560355569695,-0.00517887257393979,6.716136108787227e-5,-0.023529861475403778,3.4976576159271196e-7,0.0037494719963595655,-0.0011100598875176304,-1.711083379506312e-5,0.20239186017935637,-2.7122786279744375e-8,-0.0005555373613278667,4.3572878344443896e-7,0.007949277968365755,-1.225809716852197e-5,-2.9426208967227925e-9,-0.009172541181427924,-0.010434792538043558,0.00046603061170710894,-3.357528643730583e-7,-0.01923440396279562,-2.544283256892691e-8,-9.683340771364726e-6,-0.00042749359101315805,3.448026657302165e-5,0.0022118400592346303,2.5627644321324936e-7,-9.341090603034723e-5,0.014558918116499281,-0.02162772160121442,-2.6049657889764084e-6,-1.6339803766429854e-8,-0.004745550748093195,-7.259291797844078e-5,-5.717264857682971e-6,-1.1059180001257766e-9,4.223093826735339e-6,-4.308106197907485e-5,-0.002815898051182136,6.770774780211661e-5,-8.202787625345048e-6,0.00040616983651029577,1.0366925649264612e-7,1.123080603666119e-6,-1.4565643564209243e-7,0.03214788530435676,-0.024442948510872302,0.04000878450209687,0.0020825447038252433,8.452255076848535e-6,-8.862390394767444e-5,-1.0722626209565938e-8,-0.0028959284663373245,-3.540211145608922e-8,0.02209543682830706,4.5799029534350606e-7,-0.0003162535327297087,2.3281723090322734e-7,2.4233539608144853e-7,-4.46190781264049e-6,-8.284416575175486e-9,-1.2413594542714976e-5,0.0015457026865597539,-1.2338516771153084e-8,6.7049369540767994e-9,1.3165242592088731e-5,0.16202841662559941,9.766575203182208e-5,-0.0002800052658059324,0.007947095807400138,-0.0005470816088548678,-7.893444966088032e-5,1.5868592713400897e-5,0.005105864579057503,0.00019445451968614383,0.0011866391392799226,0.0029793286775426234,-6.907371408610909e-5,0.02295272057212581,0.0007521859511693861,-1.4112574819124173e-6,3.009403313788696e-7,-2.28489244461018e-8,0.000583074903846539,-1.0428621864777666e-7,0.004197108517123563,-3.7084409498502555e-9,0.010926306410290252,0.0005782397804408067,-0.004901978614603189,-0.00018818991821768077,3.846905607728619e-9,3.7099404181486594e-10,9.196542472158746e-9,7.717028985988664e-9,-1.6867821467864334e-9,-0.06347738005242623,-1.6230210751214104e-6,-3.2699130492380616e-6,0.0007147085151312241,-1.1686205803070403e-7,3.768500629417382e-7,2.9996258267851504e-5,-0.0006497443364580648,2.159113742371984e-5,0.0004814065847341781,0.0003571709693345805,4.411242407860283e-9,0.0012097019465100592,-6.840425285488375e-6,-0.05134223233884929,6.364005751354082e-9,-4.321634488815948e-9,1.97219616031695e-6,-0.0025378568453379045,7.501292985245859e-7,0.006566708813798533,0.005763957512319999,-1.7929059924426927e-8,-0.012363024967662917,0.00359477025837883,-0.0015897510780127633,-1.725988249622662e-5,1.2705923869180616e-7,-4.549965267300214e-8,-3.266751069187635e-5,-2.338736919138541e-9,0.0015949935561616199,-5.670584915618811e-9,0.39562985401763034,-4.088110790009589e-8,-9.465928985073575e-7,-1.0458722836648181e-6,0.0027630675617953218,0.0021450383213473994,0.3892542014944351,-0.0019669555774299054,-1.3047139556100696e-6,-0.06352685275842751,-8.109014806458266e-8,0.000931248521947377,7.092238751845153e-7,-6.324230769211417e-8,-2.7330180570747397e-6,0.334230463754177,8.876107428051292e-9,-0.004746068612726792,8.920068497282258e-5,-0.033016395099333413,-8.846410701944338e-8,-1.797127911965051e-8,-6.53987550464214e-8,-0.01307649370852062,2.1330317862804944e-8,-2.6596311101892874e-8,-1.2185017485008557e-7,-3.8084391474216203e-7,0.0008135103090470739,-0.0016568462903301608,-0.017401606924821657,-8.309671521670469e-8,8.336951148382505e-8,1.656280312292531e-8,0.0009170388909638882,-1.7688991842207478e-7,0.0013330625274756874,0.0028161169848381147,-0.00046303550544995163,2.04800609409276e-7,-0.020591546644855404,0.006129572460650627,-3.020830431330753e-7,8.064128621070191e-7,0.00019049097609613583,-0.0003886439371330908,-6.067664964486404e-5,5.112509746373896e-5,-0.008418217382033667,0.11349350546887305,-5.737483409855768e-9,3.818398851527209e-7,0.0012049288107829465,0.00011944736274630406,1.1086716110672276e-6,3.1682194722862284e-5,0.0027830910450917772,8.853070807902016e-5,-0.0002825530191334731,0.0005833756477650008,-0.03588652732205579,0.00016148762160871514,-2.9184748763063734e-9,-4.705571670503579e-5,2.4052938620437704e-5,0.02946552073334911,0.001663881337720703,-0.0002853751261967737,-7.317867793411266e-8,0.0015230553625482997,-0.04908795328891037,0.007279627823314313,0.014977152401161499,0.0036131139945046395,-9.298415719329361e-8,2.1914210998067097e-7,-0.0010697780469867673,7.622062042966813e-5,-0.005498752893022559,0.0030095846780331067,-0.029670903829334155,-0.0494766433618264,-8.425096573027765e-5,-0.005838814696816378,-0.02607706780777696,6.381819174466636e-5,-7.423359226903297e-8,1.2056453990748148e-5,-7.307718991433429e-5,-0.0601350410989677,0.011072400792240603,-0.009302218747249243,-0.00022549332436509577,0.017526027749642285,2.351061824283669e-6,1.4305388416029596e-6,-0.0551043414277313,-0.0003977741116881761,0.0022340894709855963,0.01151220049670569,0.4130171647681953,2.1262892445041465e-9,-0.00038428285462611185,9.084278500586106e-5,1.8373323165954722e-5,-0.013582381077868912,-0.0012094395685716367,0.0025916110781862714,-0.0027294895311067674,-0.0002929785890584629,-1.1915357434528716e-10,0.00037333267405469426,3.546986814891104e-7,1.1791514433825526e-7,-0.00193568092614007,1.4329314711354746e-8,4.2109531511490215e-5,-0.0035323307475086684,0.0004951842695148318,-7.840252344875205e-9,7.0841826271303e-6,-0.003021120137873421,0.001924381905130933,-3.742780411546276e-8,7.086162057182944e-8,-0.0065023496092651975,-4.3719579050998133e-7,-0.0034870918158020053,2.3619659142818715e-5,-3.962195749156121e-5,-0.0003316712750132975,-0.004470660564156144,0.09518156353692357,0.001989731251237207,-1.4254697693526008e-6,4.990183377338726e-5,-0.04097761218513806,0.12182265981564529,-0.053046871701948016,-4.977799976054662e-9,-2.2079293642902106e-8,-0.000734764025426559,-0.003748013996037913,-0.007536453886892757,0.00025849301070433195,-0.021292849640221295,0.0005702867546560984,0.00011685085758511426,0.0037221598278839065,0.0031904124236151192,4.4082161189080684e-7,-9.526437016066452e-5,-0.0001000308646402522,-2.055868131818948e-9,0.0002221653708665958,-6.199064907553915e-5,1.2429859077060978e-5,4.053022967835628e-6,-0.005379488963554333,0.0012725549549273665,4.777091802831092e-9,-7.900323781418236e-8,-1.8420795535278297e-9,-0.0002960547421349274,-0.003027608206783953,0.3551033717341323,-9.558704076705349e-6,3.458067620932401e-5,5.070873953165141e-9,-4.5029170258463397e-7,-8.706514143198122e-8,0.0041934789727983484,-4.152334942287033e-9,0.0024137269437399704,-0.0005658922411625643,-0.00030014130188162985,8.173814112608161e-7,0.0008702289619203496,-0.006796098988461973,0.001571472062365433,-2.5407832603594273e-8,-0.00012379016777243703,1.7305942230307519e-6,-0.055176218540073534,6.65382417181596e-7,-0.006741795556964002,0.0002622830425702043,-1.4856623587930206e-7,5.770525496000134e-6,-1.8850669060592855e-5,-9.01433883683008e-6,-6.900568895716091e-5,-0.0001370945882161421,-0.06295528655906996,-4.751570811118276e-8,-3.8433181336601006e-8,0.0011521460826391487,1.0329120942808083e-5,1.509539609183372e-7,0.0002943630261378506,1.9539722624369634e-6,-0.0260135146515286,-4.723020373657815e-5,-0.006372933788751103,5.572628104573967e-5,-4.8876353721891205e-8,0.010581177709838132,1.8015315874237856e-7,-1.109377740367314e-10,-0.00021703027939701507,0.012849573381806135,-0.06560165109771268,-7.454944000994817e-8,-1.1632612968207663e-7,-0.010352606578983152,0.015587584010081578,-0.029879714223779896,-0.002957725113391117,0.00030218686612362055,1.3558508402416997e-7,0.00103041726247494,2.47430928759876e-7,0.000836981817456623,2.645419328733345e-5,-0.0012876441560759101,0.005089285252773659,2.1699420122191364e-7,-7.033447675043126e-5,0.158661701932621,0.001900075039526731,4.022290331687913e-5,0.00014985504568774017,-0.015434109177702491,-8.319737392726268e-8,-2.758562711206083e-7,-0.058599063945579094,0.0007886513448568922,0.00026463112712359657,0.0018744441382997832,0.013264578267778169,-7.299320874885228e-6,-0.002436911311034387,-1.8479659716540806e-9,1.3818821557068409e-7,3.3165512311173144e-5,-8.104258782358985e-8,0.004755994215812761,-0.018928567813020027,0.0005494298497828249,-2.7169199657704066e-6,5.837312767572353e-6,5.766972601856649e-7,-1.1252202908559014e-9,0.06971302881317858,-9.0317243076028e-5,0.0032571151478187703,0.012480569164670196,0.010089523734116432,-0.003150801094672674,3.599715742072832e-8,0.037140276804070005,-1.3029094606981046e-5,1.4429256524005095e-5,9.469390537471104e-7,0.002379401467041372,1.4324100259103147e-7,-0.000554317498044694,-1.5175903395904153e-5,-4.875688779198027e-8,2.079373726913263e-8,-3.791897888511956e-5,9.904685432316367e-5,0.0013763603339211443,-0.0002306201738668604,0.0005875851308955337,-3.632341365619152e-6,-0.0008018176638779537,0.00010466140796045019,-1.7109680297876172e-6,4.5341414320540997e-7,2.3998502237240593e-8,-3.9246631027451304e-5,-8.844351942438521e-8,0.00022658941000165873,1.325277614014268e-5,-1.6179355054816745e-6,-0.000345519605703458,1.1085176544616547e-7,5.957818836664751e-8,2.3074033978660202e-8,-0.0011467512001554782,-3.1524435239746453e-6,-0.05156257663466883,-0.00021383680222458303,-1.6623227241692585e-8,0.0004212290806149893,0.0050057393640606275,7.479062129115247e-5,-0.008911728878141371,3.202677479859366e-5,-3.1562999273395325e-7,-0.02780656408842339,-0.00010455538904415256,0.00018642961733935206,-3.4091488911458854e-6,0.00014048253529240693,1.6963099460460838e-8,-0.0059676412895778635,0.0003191721462162289,2.1235225340364084e-5,-0.025726994708796767,-7.821799929349824e-8,-0.08113660661101753,1.2519169327431677e-8,6.549078568703475e-7,-3.365283640970036e-9,0.25435018272937976,0.0021328204471544356,-0.0004822256883848865,4.842367352741663e-5,-6.1026242951393365e-9,-0.0018860563303059864,-0.0067928439112448545,-0.0002018516002693156,1.6142249915801334e-6,-0.031563369873320715,0.00010783530898449682,0.00012405118112033964,5.681689155088471e-8,1.0847309173492425e-7,0.0012363876600555619,-0.005649201143900576,1.0365596241389941e-6,2.896987053363334e-5,0.0009760971975479036,-0.029881256323890645,-0.0002019107159761487,1.8211379165105099e-7,0.00019822062428329057,-0.013830099086702474,-0.05021924651115455,-3.399276381013524e-8,6.134005698725267e-7,-4.854881643657782e-6,1.2372249002162398e-6,-1.551931582279859e-5,-1.6733115918275457e-5,-0.028837612682170756,-0.004060593584828902,2.829816105332261e-10,3.387295960453147e-5,0.0008487089512085919
0.0,0.0,0.0,0.0,0.0,0.0,0.0,0.0,0.0,0.0,0.0,0.0,0.0,0.0,0.0,0.0,0.0,0.0,0.0,0.0,0.0,0.0,0.0,0.0,0.0,0.0,0.0,0.0,0.0,0.0,0.0,0.0,0.0,0.0,0.0,0.0,0.0,0.0,0.0,0.0,0.0,0.0,0.0,0.0,0.0,0.0,0.0,0.0,0.0,0.0,0.0,0.0,0.0,0.0,0.0,0.0,0.0,0.0,0.0,0.0,0.0,0.0,0.0,0.0,0.48379546623585784,-2.0765835391077727e-9,-0.05827440721196428,-0.03872079017398916,-8.508930870890573e-10,-3.4794378778099826e-6,0.010746956902561703,0.001028433311647988,0.00990850519366009,-4.3109781765943095e-8,0.15537765424247735,-2.804223640742522e-6,0.0003362345481486565,-7.802453843562723e-5,1.533198920845617e-5,-4.12123282565858e-9,-0.036137169116659575,-0.0024790755288270692,2.6459122230314637e-5,7.94858088614142e-6,0.004967319582767755,-0.001424019779088196,1.615990357774846e-8,2.808750885614802e-6,0.014103562225833621,3.927384826414806e-8,2.8655460306824566e-7,-0.08842204966897085,0.0014200078692112855,-8.426535720814144e-8,-1.8885735615522024e-5,0.0012132057814349829,3.699762723732268e-7,3.2106723670642715e-8,0.010299665967711213,-0.00875394599383786,0.015068316097009128,-0.01775818770992492,1.2591546755953843e-9,-0.0002340443931526428,0.013562055605294089,0.0008495947723850093,2.3468570985020076e-6,0.018181258164190146,0.026865590446759187,-7.473746053996916e-5,-3.783090789671451e-7,-1.5201548695060826e-10,-2.2637577582525075e-7,-0.01782829203477376,-1.1926580805475966e-6,1.126467894818948e-5,-2.642680979848286e-9,-0.08831494616292979,0.013822776187095707,-4.734645030161377e-7,0.008436117197953326,7.930473231693958e-10,4.1341475040943745e-5,-0.05349362435460824,-6.179000887990561e-9,1.4371242393530703e-6,1.964120901559164e-5,-0.0014451841857682412,7.594010905684309e-6,-0.05657575375119296,0.004737458074533042,1.1408386271868622e-7,-0.00011125024389735466,-0.000501001392909457,3.550948369375952e-9,6.218186347422506e-5,9.488362531237297e-8,-1.10761700307561e-6,0.00028997482936676843,-0.003266969050593175,-8.312550336680784e-7,-2.0410188594988672e-7,-0.04601723124854423,-1.4953271943508025e-7,0.0005276244937771415,3.3033054278722854e-5,-0.001798569111136607,-0.02138464424343411,0.009201296556868268,0.14978150556038705,-7.588045629900991e-6,-1.5276108342787433e-8,8.850858344168595e-8,2.108949166005729e-6,0.005209241353424903,-0.0007249412488092186,-2.7658657442218653e-6,7.518715997893308e-5,-0.0005998710054557926,-0.029193917749136232,5.4704450951911835e-8,-0.0011972927284886153,-4.718332557563118e-10,-1.8251348520593806e-8,-0.025580361772826042,-0.0002827888116410251,1.1529247573175289e-7,-4.944454696528203e-6,0.08001872572120516,-0.0036486171606672922,-8.102327919477546e-9,-0.0010865787552503112,0.007826602603100813,0.0024366121739371103,-0.0439584170591038,-1.9430057869727613e-6,-0.0014788815984559456,9.14830457413323e-10,1.7046566889689137e-8,0.004603139193842565,4.608895014279893e-5,4.695480211264708e-6,-2.1843803654946184e-7,0.0003120347608050691,0.004289612333538176,0.0002742113664079111,-1.3581180397405138e-6,0.008945678973130682,2.618180697250737e-9,-0.027182461367016412,3.5435537400930094e-5,1.1997051342147093e-7,-0.06559405108384757,-1.590073713347372e-5,5.5392494128123794e-8,-0.03165282749918021,-0.00042948086994207046,-2.2883901667299934e-6,4.4782727619892434e-8,-0.04352362205536388,0.10601875833765002,1.1395524216786476e-7,4.003865493340824e-5,7.962072752770522e-5,0.0021022481082743245,-0.0008414437468945609,0.0011816565353830917,-1.728755273440384e-6,1.0112165036606095e-8,-1.757767898950355e-5,0.20693848943076015,-3.927738029556818e-9,0.007442917611909336,0.00015843453002886693,0.0025399832611046895,-1.709925748968614e-8,0.00023650693478122396,7.541590818801964e-10,6.308957456889388e-7,-0.03414037183076844,0.010571084498283423,0.0009456052283165011,-9.533871958860166e-6,5.298190417643184e-8,-0.0014456517444075099,0.0001864144279356228,7.704598797702149e-10,-1.3804202731434091e-6,0.012580916730442095,-2.11618313475596e-7,-0.007163489502355086,4.791368627393728e-5,0.28131430256525275,2.4483132447157797e-5,0.0005111944914099056,-0.02167766990647964,8.124299040903856e-10,-2.725648783554379e-9,-0.001537143461991295,-0.00030103659464033125,-3.25776172968081e-7,-0.057211717272694286,2.305761762717982e-8,-0.00013717667904261226,-7.63353134039665e-10,0.009018779417578605,2.1991088331502269e-7,0.0029967502472661406,-1.1815146842857165e-5,0.011310073379229886,5.978786342179713e-8,3.634148080285275e-6,-7.428162652847344e-11,-0.050087568528477996,1.3963524445032979e-8,0.28868719633717627,-8.911504912576695e-7,1.1200658370849787e-6,-0.012201288910932733,0.005103343193084977,2.3142573633188462e-8,-3.684457695831242e-5,-0.0006958179847674946,-0.00216374623000093,-0.026785695667186464,-9.015013350982908e-10,-0.0013062233653436338,0.004354746813231449,0.07606035148492343,3.719462138388225e-7,1.420973160385267e-7,-3.092142676781856e-8,-8.709950809346151e-5,-0.07705858606384665,-0.002047563978140857,-1.1065262120427628e-5,-2.7633774296747666e-9,-0.03122234813085363,0.00010156671323004749,0.18391505016839302,0.0005168922103988572,3.307319332102382e-5,-0.0481685107697826,9.310293472952505e-10,3.6334584749387293e-6,0.000776690393718122,0.016262933129834005,-7.021609737446356e-7,0.004946298400505496,-2.3032078593237708e-7,-0.007700240695057196,-4.000075966417235e-9,0.17931935155885959,0.011724193751348718,-7.974393195591079e-7,9.687267360489488e-5,1.1760368739564582e-5,1.0147331713284376e-8,-7.780398481908588e-8,0.006320770949388924,-1.2224488705916262e-9,1.0095308944561766e-8,-0.0001395860489461778,0.007450388898030997,-5.110839679689907e-5,-1.1061247692886812e-6,2.6619895201041276e-6,-4.158903294058941e-5,0.0024605467909640855,-0.000990166548862899,3.573164005092903e-8,2.141170981256516e-6,5.148343258299757e-9,0.0014857225087630136,8.862159785532441e-8,0.00023891683743243645,2.0464363397399255e-5,-0.04787321528367748,0.007874523442467125,-1.3138484579782381e-8,-4.182590684194022e-5,0.0007674690159929914,-3.897657580572298e-6,0.00696842861848277,-2.093712149950319e-7,-1.0155823549686153e-5,-0.006973789786690909,1.1046344519555808e-7,0.013495628366846065,-5.552034522629136e-10,0.029209821391147917,1.030629966963311e-5,-0.00014600628414998746,-0.0015300095691509375,9.363533700242211e-7,3.67809357538e-8,0.000365737202041153,-0.006138659959454847,1.4928610241920444e-6,0.0007385770230646163,0.007819612243255981,-0.00030643190020676093,0.0002538803858201606,-8.204347954165248e-10,0.057687623883041834,-0.0005431994166161623,-3.883597390128265e-9,1.2896066166315618e-7,-0.012405205669655209,-0.009044779791163755,-4.7625246293755756e-7,-0.001793451094562122,-0.06405264255978721,-0.012581078879721411,0.004438631699571515,5.269040728650349e-5,-4.574652925051343e-6,0.002573369346994022,-0.016548375024034116,-4.8240979066914414e-5,0.015554142405721057,0.39249515034198024,-0.028319534031263673,-5.164804335939741e-7,-2.0942950935666992e-6,3.683829650354505e-8,3.7837081259445715e-8,0.007948804149736085,-0.002019713147183433,-0.0028233862022931,-1.8011211588376005e-5,-0.007588079706832609,-2.461522037455139e-7,0.24957566068452464,2.633725913604894e-5,-0.025054176509793805,0.017857786738902492,-0.07259841280119726,-0.008816813838759,0.001627990669177076,-9.690360590537031e-10,-0.005420627542977145,0.00341690089764002,-0.0004186823928870729,5.005985284415397e-7,-0.002483342586127268,-8.54733829391258e-7,1.721248741366846e-9,0.00013394830509252652,-0.0028953858169226488,0.013007942821382557,9.684486649854606e-7,2.466382262161348e-5,5.56883529451267e-10,6.711076655742595e-9,-2.3574871716578202e-5,-6.343693174759859e-9,-1.8314497369142631e-9,-0.031271829222645535,0.07043768776974824,-0.00456202451702944,-6.549976265524443e-9,-0.031601418260981236,-2.917623337725776e-9,-0.0047000244082222795,1.4855931878259518e-6,0.00012610835254248774,-2.0094804227642552e-8,-1.3144223790211024e-5,-0.002330809135807921,-0.0026399529751468184,0.00884501378499782,0.004552021048841786,-0.0028151146862756345,2.361186267361921e-7,-0.04712013704764743,-0.09536163166661903,2.59170092885986e-5,-0.038717905763705464,0.006861277771265463,0.002588009621852731,-4.0318002408508226e-9,0.0018972705625706588,1.1846641791834986e-5,-2.4550260919511427e-5,-0.043853391679369705,-1.0399999183148826e-5,-0.09167283908602909,-7.189645699067422e-9,0.0008937190553303063,-0.0008398850830182694,0.00209985305287259,1.0169515899852678e-8,0.35601057397423236,3.641351522136525e-6,-1.9464609277808197e-9,-0.01508957621294097,1.0297978850433355e-8,-7.698371387462802e-6,8.022719168310699e-8,0.00040324158682047143,0.015074513669525759,0.01928141530983897,0.00020855654768537555,0.00023818852487082109,2.0847472891796914e-5,0.00030408207006953,3.5858368754703723e-7,-0.0496389498190791,-0.06699544877817518,-0.08300440733700802,-6.0717951879779826e-9,-1.2195366912786238e-9,4.1709667194949825e-8,-0.0001283700369867703,0.004985141098964276,-9.004358283565084e-7,0.008605014278834935,-3.030584585810963e-8,0.0146569856768347,0.023711613787530506,-0.10882006206183813,6.315989188236374e-9,-0.0035349569266576023,-2.6684730815415243e-9,-9.638703112344804e-5,5.945151370418516e-8,-0.020425544037074,-0.019330480083762216,-0.053114373981844265,2.82795853687549e-8,0.0036563508419813636,0.015253630075437959,0.008017857454567408,0.00013329887021938845,-6.262221650499364e-9,8.148128747012817e-7,6.974062897471379e-7,0.010286170513157448,0.015178677669647093,0.0011526768369798668,6.386752932430242e-6,-0.013618383108565635,-9.686601207320513e-10,-1.5256047771099884e-5,4.718299996131474e-5,0.023584540505766593,1.2494915063803117e-7,-5.941904111092868e-7,-0.04480258234342893,0.29148143188208103,6.912543985681183e-5,1.996624116040977e-5,0.00028979545934660684,0.006134048970492826,4.645399082586275e-7,-8.269062380726816e-8,-0.003432595869601956,0.0021623169586956906,2.3018452328714088e-8,0.0007258063826292453,0.25387101849228355,0.0010336075960091463,1.7029278145114396e-5,-0.0002802104477896411,1.73178821322584e-7,8.283719357104988e-6,-1.5741614314388144e-6,1.7104193833516184e-5,-0.0031649111978800885,4.283797619482774e-5,-0.0026880966344818564,-2.5760700497292767e-8,-4.73219875901095e-10,-0.0015610357952769696,-0.03858449549076192,-8.785187520016465e-9,1.793264701929079e-8,-1.003898651828572e-7,1.0861083196476643e-6,1.7607614943612395e-5,-0.07962754647742373,-0.0357204058102269,-1.8295490925016388e-6,8.768873947093282e-5,1.7958549726765048e-6,2.744434239457415e-8,7.36149426680653e-8,-2.0833926147480393e-6,0.0004944144772019215,1.1878211764978002e-9,-1.493515960227373e-7,-0.00041765360177350845,-0.06627264502289791,-0.001401016616756551,3.174584009569935e-5,-2.583782208252263e-7,1.1287858229022343e-5,-2.8804068733706917e-7,0.000175784889538357,-3.6217284682898497e-9,0.014326990206767353,0.013979183597446546,1.2611604292217958e-7,-0.0005042480314745876,1.2597195906667425e-6,-3.518225632718838e-9,-1.545229422214317e-7,0.004434254670804095,7.521737378170762e-7,0.0010585792778431764,0.0005121522899434876,1.7669810899229213e-8,1.6367050746131507e-8,-3.580348523254947e-6,6.48156789086813e-8,0.00030590904059127875,-0.015391273164524802,-4.4368723261035346e-10,0.05968745984084466,0.023011177667339414,7.364173458219663e-9,0.002521829121019596,0.0005445776635367324,-2.7922985023150812e-6,-1.2884227849078794e-5,-0.008889301172733361,0.0026148426379565023,-7.811882652661421e-5,4.0347725282819616e-8,0.0038206322962643837,0.0027716927758495284,3.925440237353871e-8,-0.00477388841171232,2.799920904666294e-6,0.003631322245825681,-0.00020902911995948514,-0.0003021519845306412,4.014809781091279e-6,-3.5001637653883546e-8,-1.0347854918612902e-5,-0.04305271492260431,0.0038569272638961575,-1.8916526448846209e-6,-2.498057973742722e-7,-6.939079775467953e-9,-0.00024649023690699503,-0.02641209406231971,-2.5209883620598913e-10,6.3545747554359685e-9,-3.870354690691442e-5,6.110745559157696e-10,5.02970655299269e-7,4.3678902559832635e-5,4.345613460315463e-5,3.4573541685612837e-6,1.8319924203501762e-5,0.0038339180898243758,-0.00014750370506697833,-2.4010301900055845e-9,0.0026246296008081006,6.88370126224504e-5,5.553184107934859e-5,0.0016672829104488766,0.00054879185924918,-1.3915908006044592e-8,1.6133610459659322e-9,0.0059889846440583745,-0.059052757423140693,0.0006765153108833361,4.620820821738044e-5,-2.317961592930662e-7,-2.168705052759831e-8,-0.0016393039691767373,-2.1435353677405577e-5,0.006558795843498186,0.0017402175545689438,-0.03458677040286529,2.700742162583396e-7,0.0012337839639267724,-8.960386399072104e-6,0.00019671351454548055,-7.453498121983312e-5,-0.012460986326224738,-6.400509536276126e-6,-9.580508508963578e-7,2.341835801767223e-6,0.00645542900367758,-2.0701611963330242e-10,0.006336404327164827,-1.5457827339921333e-7,0.0635488718687645,-1.9311632287465599e-7,6.411054882431999e-10,-0.041005211619420646,-3.560704562840569e-5,0.0020678723221364426,-0.08983978781162341,8.421025990917237e-5,-0.000847755280357534,1.7214970591078912e-7,-0.02480727728900491,0.0035940903793848264,3.53576811530735e-5,0.004658730921002894,0.0453694151635515,5.902776767658934e-5,0.008223136783897708,-3.9828749058183276e-7,-0.0006511371612854343,3.439505728888898e-8,-3.838367491935722e-5,-0.03428801117110982,2.208386194032209e-9,0.0718281449961838,-0.00012412072468731325,-0.0009439398773405628,-3.1304565414879787e-9,1.0146575836365288e-7,-0.00679137829317697,-0.05225019393429193,-4.165550056384052e-6,3.9659438366299527e-10,3.901226671625961e-8,-1.0833776192239728e-6,-1.4144155507339589e-5,0.11596796916804218,0.00038276223075068275,0.017256519863863153,-3.310821477331824e-8,0.0005526184315790684,-3.7101947767908753e-6,-5.16506923237839e-6,0.01929847304854543,-0.0026083597977730466,-5.716731277509841e-8,-1.8533826741291563e-5,0.009654770113437103,-0.0009084606752774727,-1.201068232928655e-7,-0.0063047436941044855,-0.05842879098785245,-1.560350728800448e-6,6.755131014941622e-6,4.403269943196301e-5,2.2949235555680725e-5,-1.6976656805887518e-10,-0.0025257218439303586,-6.447386007332315e-5,-0.00029887673735070735,-0.0014660552724109052,0.007328296311066917,-0.010878118555648738,6.145859476932756e-6,3.887069747542764e-8,9.361523946422853e-9,-0.03900916818936649,-0.0024233320145234886,-0.008047704047090133,0.0026930311015682315,2.3003854885166075e-8,0.0002926805587626287,8.71544623481839e-9,1.027630111485719e-5,1.170969039198303e-6,-1.1690688650062466e-7,0.001247546092762082,-4.214318315560223e-7,0.0028067064881413094,0.020121939384926377,0.2763842762570789,4.086960713219327e-10,0.030941860634328803,3.670878869344759e-5,-0.01772852430513108,0.004611760837511142,0.016460574841234435,5.307859008328386e-5,-0.00014220277081725545,-2.2331499175498097e-8,-7.508079535634104e-10,-6.42316407947739e-9,0.01361837362787411,-3.624993689714511e-8,-0.0005722927869405915,-0.09608052245511679,-0.01869537284512893,0.0111161060124137,0.0004182284857666096,-0.021525848056798056,-8.487374207072406e-10,0.0005102019295893791,-0.005498122062486827,0.0004229540765882718,0.04768111754438263,0.017724591846354727,-0.01796706450534371,-2.9530626717387863e-8,-0.03386321814627381,-1.910276219565045e-6,-0.001525318281323169,-0.006472440539504284,-1.8414039598752923e-5,1.7920078248294136e-6,0.0006705115785952256,9.644502421320652e-10,-0.0009169979665591911,-0.0357918344625984,4.043101828049937e-7,-2.4870685945379183e-5,4.652132197782554e-5,-0.09312063985759111,-3.503950028601421e-5,0.005683079056570591,9.117226317273234e-8,5.774307036530181e-5,0.01364983419459599,-1.4092716079475862e-6,0.005860923841719283,-2.9367355744287823e-9,-0.020762898532577925,0.18252600060505728,-0.0017507396326332956,-1.2204957598191514e-7,-5.861783785925755e-6,-5.5690323014462275e-5,4.094251626187578e-5,-0.0010249565763767064,2.2793968344312006e-6,-3.4111235382420474e-9,-0.0002604823765571777,0.005661224354107828,6.745436073851496e-8,-0.00010089046394139785,0.00012897655901362526,-0.007657683354927763,-0.009324823254692435,4.8216964423479386e-8,-2.3008972123421288e-9,0.11244837104782918,0.005261061039639937,0.00026266949517354533,1.0757523376264774e-6,5.95746890076913e-5,-0.02322341672016359,6.768322737984267e-5,-3.1424681679025613e-6,-8.288774605121079e-7,-0.0032200620413639592,0.01255034356611947,0.0041242949692858995,0.016248388459950067,0.004040340818208566,-0.03377104851466878,5.108553856152728e-8,2.4232330544177284e-8,0.0033020945639928843,0.0003692526929909834,-7.252845466449094e-10
0.0,0.0,0.0,0.0,0.0,0.0,0.0,0.0,0.0,0.0,0.0,0.0,0.0,0.0,0.0,0.0,0.0,0.0,0.0,0.0,0.0,0.0,0.0,0.0,0.0,0.0,0.0,0.0,0.0,0.0,0.0,0.0,0.0,0.0,0.0,0.0,0.0,0.0,0.0,0.0,0.0,0.0,0.0,0.0,0.0,0.0,0.0,0.0,0.0,0.0,0.0,0.0,0.0,0.0,0.0,0.0,0.0,0.0,0.0,0.0,0.0,0.0,0.0,0.0,0.0,0.4801162644056351,-4.863849143205887e-8,-3.631536304193038e-10,-0.10132325340475998,-0.00012683930741521133,-3.62386437864435e-10,-1.240978454351072e-8,1.7764691184769796e-10,0.011976147101651643,3.8774057633001966e-9,0.00028312350555228946,-5.26432532223431e-7,-8.71018967044867e-6,7.54868843622217e-5,-0.1073734262705539,-3.127277493229831e-8,1.3864457548162032e-6,9.181623160308957e-6,1.2649373819773791e-5,1.482704057202031e-7,3.5624095588349156e-7,-0.058423694996479106,0.000188783757478458,1.1739199455084099e-9,0.009439000448330737,-0.0030966720526169017,-1.863502835290536e-8,-3.482390886932041e-7,-0.002034702623048846,-7.81555216093182e-5,7.534697825699797e-7,0.0003860508863369529,0.007403688587049721,4.962072726025401e-9,6.712983465371346e-11,7.107519713901315e-8,-7.720145496892259e-10,0.09118766765311774,-9.473251910880017e-11,-1.6799086214559876e-7,6.087902256229496e-8,-5.2472574364048385e-6,-2.6931722533420185e-10,5.655909383125136e-10,1.5315304397811984e-6,0.00016130235715204779,-0.061707789654697025,0.0006876420232486877,3.8794112954739955e-8,-0.00012823642149959827,1.4435408716923323e-6,-0.09948192352003356,-8.845011242529096e-10,-1.4194101716572911e-10,3.106242537062526e-5,1.1450116646844948e-8,-0.05553152827648429,-1.0650184634844665e-5,1.3193563138966938e-9,-0.0051074799684077375,-0.0001362083894379263,-6.94429874609456e-5,-4.533916032730923e-7,-5.243849728717048e-6,1.2042312541328364e-8,2.1088080900790727e-12,0.003580126962262158,1.0828197958711725e-5,2.264053293412812e-9,0.010991641048381247,8.068662164150771e-6,0.0068799341554688035,-8.549851787850767e-5,1.4606736320685069e-6,3.8676691277048603e-7,-0.0002477644299872918,-0.0032417452124772015,-2.4827606503801144e-8,0.000962506927809666,1.351647680417199e-7,6.897283757145379e-5,-3.4851275360178126e-8,-5.869845325968769e-10,-3.1369665953810154e-10,-1.41197609703984e-8,3.074877571773365e-5,-0.0049189148003048015,0.0005771220273893373,0.00025021708709701656,6.212577827787629e-8,-4.855000843582584e-7,-0.00011623306151082607,9.460313425616166e-9,3.7794079138914247e-8,9.082998203832564e-10,0.0068459021869190445,7.287172974891653e-11,-0.04598578182430247,0.007967200476655426,4.3853954231363e-8,-4.776408296857959e-6,-0.00248909938680404,-0.00011725794335664732,2.7606233487697874e-9,2.7882603726359586e-11,0.008620137493173526,-4.422222362533844e-11,6.102610542526982e-8,8.929139193608915e-10,-6.525792757766774e-9,0.00043477457483452316,2.601527289654137e-7,0.10215597436586238,-0.05658561322193176,-1.8123118635294634e-10,2.6961479095454303e-5,-3.699446324745755e-5,0.000952984683192085,1.864002180276028e-7,3.1014701842947846e-9,-4.573144613215712e-8,-0.00016097276438701517,1.8775911667081082e-8,0.0013815114081292918,-1.3202673898106226e-8,-1.1858477867262808e-6,-0.0026845095642445693,-2.3027201117799356e-8,1.1982538190386206e-5,-0.005378934994930966,-3.5107293095372325e-10,-5.828635244321041e-7,2.1799299051211982e-5,-0.012794197460511041,2.4199218932364112e-8,1.580957429753953e-9,-0.00020772095805066207,4.91510459161343e-5,-1.3192432217892191e-6,7.463563194424328e-8,2.1572085051999033e-6,-6.652766627108344e-11,0.0003287032078899468,-0.04856314473762345,-7.58733631450769e-6,-7.345588958602348e-12,-0.018204222619625395,3.46486730449497e-10,-1.9251807241682082e-6,1.386524126412066e-7,0.01091271690035136,1.0942162549289316e-6,0.015875594062570567,0.00031924187985726073,-2.0162893548580986e-8,1.660398288739343e-10,-2.9801709646376888e-8,1.9494679937088363e-5,0.0034770961289136548,5.9573729600575495e-12,1.0483004587384727e-12,-0.11167441153191898,0.0003598975616842544,-4.0861147995236e-8,0.0003901759573679391,-3.3864709905096754e-10,-3.76429627571705e-6,1.9694067144823587e-9,1.9503880509480967e-5,7.744023463103235e-7,2.60345435537704e-9,-0.007308165315570852,0.3448123970703559,-7.811020119213965e-8,-3.4978414857017977e-9,0.0001496604905067197,-8.543884991135512e-10,0.009348535411125214,-8.008750752804156e-6,0.3742567139318324,1.1369592632069254e-10,-0.0031497203827641363,-1.3636479106329218e-10,-5.934184775640771e-5,-5.893122633249261e-8,0.0023776159865019344,0.00013310816964459934,-0.020272629208277188,-2.1306898311953067e-8,0.014070668717418359,1.5867403983393596e-9,-7.538353641115388e-5,-0.00011295682400482562,-1.4696082325711946e-8,-1.350797996240065e-7,0.0016823744696760276,9.663076382707168e-6,5.934700732422446e-7,1.625262573736216e-7,-2.0564436568942912e-10,-0.09875738495435567,-1.1915927298971558e-10,-2.2152924706267073e-11,-1.3128115702048307e-8,1.3336144312903584e-6,-0.001326330839810868,0.01780260314983603,-8.184963533371456e-7,-3.8230361077381094e-10,1.1838266476607905e-10,-6.656360975226835e-6,-0.06070983943125486,-3.067733019569132e-8,-6.861501556513055e-6,5.0890851897808916e-9,2.1434479656783178e-7,3.0210704822374324e-5,-5.6216092925813754e-9,-0.020377907014800765,8.848150632721617e-6,1.111159956678119e-6,2.0639904344647384e-10,0.0008077809356680731,-3.6865661919214345e-10,-0.0016885338596077239,7.214190194874826e-8,-0.14314091426207368,-8.452193282013279e-9,-1.466620471264304e-10,0.00040223168811804336,1.5882195004650913e-6,-7.47069968572145e-5,0.000815579322458756,-0.002039138659235236,1.5438284167551621e-10,0.2625758802484517,0.008792330319346267,-5.888281990263448e-7,1.7103450750075007e-10,9.9255457156414e-6,7.018423641967627e-5,6.801627806267217e-5,1.3866962251121503e-6,-5.9143451553742115e-9,-2.8756757062264865e-8,0.0019071218053744617,-5.459972273138766e-5,-0.00983108271330211,-6.125884188247397e-11,0.0058099380202305565,-8.725757651833317e-8,-1.9718352837015864e-5,-1.2684866979656957e-9,8.67008313925672e-8,0.008514868274786466,3.0489711962586467e-6,6.774145631540909e-7,-0.00010743842383737775,1.028692973036619e-9,-0.00017782262415768618,-3.227453488094311e-6,-3.6333310681706904e-8,-0.0007204229422737264,-4.0732748570280914e-10,-0.0920086681371792,8.556109640710557e-10,-0.00013502735141831797,-3.3063263866950755e-6,1.2729107168640826e-11,7.484463470558968e-5,0.003659310099409103,9.368965164615704e-7,-6.128389287370793e-10,-0.0003900489668987981,-2.392688064160355e-10,3.533165371149431e-8,-1.7588648465792066e-6,4.243908576015795e-8,-0.012333850539843214,3.1457468524337602e-9,-4.7531469615316444e-7,-0.0432904722607682,-4.5131155082174796e-5,2.055519818299822e-8,-3.4688864891995954e-10,0.0005326558728332339,1.1208045695010556e-7,-4.387461611911988e-8,1.7770809986089934e-9,-2.5010293544908083e-7,1.3999168546489017e-5,-0.0001246514533968202,-1.7033869547266492e-8,-3.3543028549979916e-8,6.334666874862432e-6,-4.2099034480615575e-10,-4.728954206723005e-9,-2.2974320698593868e-10,8.77942444607617e-5,0.0002889670364280345,0.0016368187752415543,-0.0010473645917626095,9.72306585745191e-8,-6.952867457526561e-9,-1.9158160935379755e-10,9.92655301832217e-6,1.7494351562841593e-11,-0.0003332523128745458,2.8091526126033605e-9,-5.5504152960371075e-6,-1.6811469281345356e-8,3.648143577851518e-10,-4.078099694942712e-9,-7.037949781627197e-11,2.301033274186248e-8,-0.0324196394789222,5.79196005079665e-11,7.438673463109e-11,1.3471545452586705e-6,0.000206131127044389,3.200244605215093e-7,-6.900873168547782e-6,-0.10065097366970602,-2.432095856696919e-6,3.737339856093807e-7,-1.1528915526220102e-7,1.852485961347327e-5,3.807352384287847e-6,0.17210120994135367,-0.08839614831204602,9.6056207319824e-7,0.004110043254039101,0.11653995054210829,1.519643388748845e-8,1.7629233101743203e-9,2.0844902416939915e-11,0.0034571118323488154,-1.606886209354437e-8,-0.050282534980621164,1.0508948630508865e-11,0.00018811619579603493,-1.465763652429374e-6,0.01200805333904393,-1.5989771009245648e-6,2.15974571258949e-11,-5.3543270603998285e-11,1.663736270416091e-10,8.995510299458498e-11,3.2568817237969573e-11,-0.005067494952862258,1.9066977162087193e-8,-9.427662882517229e-9,3.5460747792353304e-5,-8.561520407072613e-9,-4.3753081266230327e-10,9.33122164168613e-8,-0.019149433646882815,-6.449903756487459e-8,6.284772625781185e-5,1.537012025556336e-5,2.4502074696551e-9,-9.834509967883583e-5,-3.6565056581617133e-8,-0.001485967203828643,-4.9433412244522443e-11,-2.0385093746499482e-10,2.182790736459726e-9,-0.031661182838302486,3.00604057282854e-9,7.356628177439352e-5,-0.12752542446315987,-1.8796818434142775e-10,0.009302810372888394,-0.00016765506344037067,-0.0017444817220849105,-9.26442419806443e-9,-2.2452731544146534e-10,-9.320722611050915e-11,8.453282377303712e-7,-6.258873774452971e-11,-4.189289362071914e-5,-2.0801594842218864e-11,0.0002505081462927373,3.746214228902058e-11,-1.651987909446561e-8,-7.42244409784863e-9,0.01045007681975397,0.03919256526114652,-0.0009339950525941595,5.113286969159569e-6,-3.4996928944672985e-8,-0.00011952659208519707,-5.357918841031554e-10,0.01385917304241252,6.141219419480704e-8,-4.692006094427384e-9,-1.6371279717670523e-8,-3.3125180670200255e-5,9.312904708603289e-11,0.011329554349667396,-8.734950694757641e-8,-0.00012235184188199108,1.9855894466755137e-10,-1.5024641297940208e-10,-7.522027555966384e-10,-0.005026188635493382,-2.0269344499064802e-10,-2.793960701134382e-10,3.755446649995953e-10,-8.176135863679605e-9,-0.016531935464724028,-1.641757787528626e-5,-5.961261947056712e-5,-3.9956325782156274e-10,1.149213505465091e-9,1.3292001282369627e-10,2.47401819225004e-5,1.6841570839994544e-9,-0.05408539206785716,1.827560363270819e-5,-5.460114571183039e-6,5.386402481112339e-10,-0.0008741196844581297,-0.00017359158365154643,-1.6180930059663819e-9,-3.837212954818234e-9,2.171445478727267e-6,-1.2362335318201616e-5,-6.567734979154141e-7,-3.113235801464198e-8,-4.472192558722103e-5,0.0031871277004184356,-1.1557766023171747e-11,-2.5857550166959545e-8,0.0006869599647869357,8.796735189940096e-7,3.4266975097880255e-9,2.296401112257573e-7,4.290796807141753e-5,2.8657187448806576e-7,-0.0031831189823264107,8.211887953649106e-6,-3.2741957091920956e-6,3.8791934197420175e-5,3.580176175277852e-11,1.7220738976902973e-5,1.9385112097518534e-7,0.0034623071805492465,-0.07027812088557675,2.4224766014215997e-8,-2.819025950964616e-10,-0.001105385545010957,0.0058721699749823076,-0.0012344338638895743,2.062869779851614e-5,-8.24236799379139e-5,-7.515287565957006e-10,6.41838044974809e-9,-0.00014444136577508961,2.5606577891870784e-7,0.00013055437881377685,-0.0008540462432567758,0.009171622596293243,0.00030777305064232026,3.3598190488925637e-7,-0.0025392180417534603,-0.0003513952363116629,1.5441004637460588e-7,-6.341987857115013e-10,-2.411947035960414e-7,-8.023544581872193e-6,-0.00022424513020138042,-1.0766108535199532e-5,-0.001557571302900082,-4.5729797692939453e-7,-0.0618563621923966,3.171448376192543e-8,2.5678214282042085e-8,8.290726328117607e-5,-1.8689786894443284e-6,0.00011138413479959327,-0.008026113296876596,-5.617011186226535e-8,-1.6899166756824063e-10,-3.904170916011013e-5,5.702236143583075e-7,7.150381564261327e-7,-0.017075851307344674,0.006904639474874325,-0.00010954272169325013,0.002850916465512915,9.327971657331815e-7,-6.968357270379727e-10,0.04874045753552004,2.924140799304268e-9,2.9485567223174947e-10,-0.08333820668243039,8.345762986087212e-11,7.828127660348849e-7,-0.00016517728677987504,2.9929134247445187e-7,-1.2973599509156264e-10,8.732528538407179e-8,2.052182869589818e-6,0.0031601311656918756,-1.516302899110702e-10,6.320508316740321e-10,0.0011861257778315328,-1.141317434558014e-9,-2.6244620679281434e-5,5.349243920869558e-8,-1.6543973583630804e-6,-6.894420643304871e-7,-2.4940171491443166e-5,-0.0026282650064191827,-0.00010161592878810538,1.8368869099473285e-8,1.7356206876139705e-7,0.0006890881199671964,-0.001024063733553749,-0.004409222735331737,-3.702024728101125e-11,-3.582375116609364e-9,-0.07684772442431148,0.011378364584408203,2.5556126845159684e-6,-0.005407737696403619,-0.0015290307707386086,1.2043938329408439e-5,-4.7207248163514894e-7,3.972391539217522e-6,-2.8628113725965207e-5,2.1271061260738807e-10,-3.526429788275298e-6,0.15703743127297468,-8.153451641611291e-12,-3.696201178933631e-6,1.198137910981852e-6,6.685190108434576e-8,3.1248087277922125e-8,0.008170632392171985,-0.009294303698332165,5.572495591365156e-11,-5.355095395879376e-10,-5.852841927105358e-11,-6.8158605664785445e-6,0.0003913924002855997,-0.0009035292829601067,-2.002263428356995e-8,5.5793277746463204e-8,3.306198317929228e-11,2.6101454650496672e-8,-1.3790139448207679e-8,0.00012234567659009495,-4.023556416170927e-11,-0.00010340861001893606,-6.794925884194403e-7,-1.0762003789658116e-6,-5.480884080436724e-9,7.377518356118738e-6,0.0007160477210045172,-9.072324079424076e-6,-2.7075181114852303e-10,-0.05510201253426369,1.7948370897950572e-9,-0.00331598915821413,-1.260427033544113e-8,0.0009575227743364264,-0.02706025237669309,-1.1038378670515955e-8,-5.721268042444769e-6,-1.7955166057347586e-8,-3.411512582915912e-8,-3.420808428743363e-8,-4.772936458305217e-7,-0.0016997907561566627,-7.449845140714969e-10,1.93667401049247e-9,2.0120714439348844e-5,9.504507155473038e-9,3.5334284313850206e-9,8.092110613896191e-7,1.4522141959613479e-8,7.513673824546683e-5,-2.062300957628853e-7,0.006006183610585713,-3.0107231616952826e-6,-4.878791271493302e-10,-0.10155083389897811,3.608188732534387e-9,-1.1111938066252484e-11,-1.5848976286160096e-7,-0.12716168145147044,0.0047854529691017,1.010015322882883e-9,1.1534661018652502e-9,-0.0001315836543811147,0.0050352645375319515,0.01043216775602557,-6.653222728383327e-5,7.489643547121823e-6,8.278990403826815e-10,1.5312901835165981e-6,4.803434085996854e-10,0.011279012050435478,1.0898760310657604e-6,-4.563193539284116e-5,3.1582409252150056e-5,2.2172506691085422e-10,8.464957606392373e-8,-0.0026803103368005276,2.1359552613335463e-5,-6.792585750817151e-8,4.941916583348077e-7,0.0003381042793755267,-7.234532998748633e-11,-2.0021108145189768e-8,0.00016789224575543296,1.3818203941061052e-5,2.2769736183289764e-6,3.7092489992355064e-5,-0.015069904631440478,8.908979876986054e-9,1.1226906378006688e-5,6.614351401468251e-12,2.9574458307149066e-10,-1.6417538890824064e-7,-2.345121016459835e-10,-1.1215815681900679e-6,-0.005481716944901794,-0.045787974356818584,3.655103286831061e-8,-2.2301201289627023e-7,-5.624631738117194e-9,-1.1323777068179917e-10,0.0015203377737302976,1.866988018765704e-7,-0.055488495653827644,-1.4875404652033975e-5,-0.00017889992468987114,-0.0012599434234945403,-9.808926197288644e-9,0.00044491698646138757,-7.992750803834077e-9,-9.32282699705273e-8,-2.9066150164779094e-9,-0.07005019647506672,6.134182006787234e-10,-9.612486685569031e-6,-3.656710351559096e-8,-3.781056309533086e-10,-4.738072227874416e-10,2.0380142773955142e-5,4.6972984675627945e-6,0.005992860231261335,0.12473216123972475,0.0008137647112574716,3.6059832808080376e-8,0.005623045421181611,2.2731358950549043e-7,-1.0999646522515635e-8,-2.6479945209306383e-8,-3.605553627904926e-10,4.919472469797175e-7,1.569950669819244e-9,0.07828699053742733,-3.272304739440361e-8,-1.1489304896705024e-8,-1.2343867694183532e-7,1.2822227785570712e-9,-3.694824912042216e-10,8.095932543245815e-10,0.010145547454916219,3.1554871796067434e-8,0.00017890537488439472,1.3439959775852302e-6,5.953996310839576e-11,-3.1826196326437105e-5,0.00020558169144933885,1.595089829889949e-7,0.010273179175523308,-2.612347103060291e-7,-2.467990588590338e-9,0.0004653966124912831,-7.133110412377261e-6,4.8835672250644104e-5,-3.229231034419601e-8,1.7965744056835759e-7,1.7358953830504823e-10,8.471418076487086e-5,1.0461145901309359e-5,-7.798210064116697e-8,0.00011739378062257182,2.2069157584331446e-10,-0.0016462302183358082,1.4704861191430883e-9,4.384277561941234e-9,2.2012115486111515e-11,-0.00045907433197919074,-5.993641253543093e-5,2.4502252136796136e-6,4.496358999712403e-6,-4.4103139057774705e-11,8.957095434620624e-5,0.006945971946429537,-3.3227968379150117e-7,5.94516102122299e-9,0.00476903688374258,9.78790271828159e-6,-4.911913057191173e-6,3.448936856652158e-8,4.9055044385399626e-8,-0.00262046954421437,-0.01329333850751287,5.0720184354845394e-9,1.2954180500825004e-7,1.1918052338802517e-6,0.000196625427580723,1.0882433642437619e-6,-2.2065385189957193e-8,-6.014090155151293e-6,5.355331664924651e-5,-0.00010449826477844948,-6.011109640999203e-10,5.484315884246486e-10,6.204119861334337e-8,5.390577528742059e-8,1.531852457298358e-8,-5.086164874635631e-8,0.004594074981002478,-0.009778000085655068,-1.7755139204779437e-10,1.1239193242956079e-7,-0.004750890139266029
0.0,0.0,0.0,0.0,0.0,0.0,0.0,0.0,0.0,0.0,0.0,0.0,0.0,0.0,0.0,0.0,0.0,0.0,0.0,0.0,0.0,0.0,0.0,0.0,0.0,0.0,0.0,0.0,0.0,0.0,0.0,0.0,0.0,0.0,0.0,0.0,0.0,0.0,0.0,0.0,0.0,0.0,0.0,0.0,0.0,0.0,0.0,0.0,0.0,0.0,0.0,0.0,0.0,0.0,0.0,0.0,0.0,0.0,0.0,0.0,0.0,0.0,0.0,0.0,0.0,0.0,0.4739047910780848,-0.001238011869920625,1.8598460580865278e-7,4.355413186781696e-5,0.0015173369997475907,-0.015657272371357008,-0.00018651021037409022,2.1737518087074697e-8,-0.04465743901963886,2.069635355854226e-5,0.0008452136476303984,0.001806490929949155,-0.0002163162855312874,4.208003032393496e-7,0.10353429656473127,0.005299859143584323,0.0005026868693336373,-0.00014554167195955875,-0.07509082603720824,-0.038646455888819826,3.4890773736666077e-9,-5.874073522542545e-6,-0.014974648242357736,-2.4266170880359125e-7,3.059530936552087e-7,0.2133995422903148,0.02631002321166267,1.1094826698480247e-6,-9.711351862906776e-7,0.0016818671232589628,-4.51734019144229e-6,-3.520449250162186e-7,-0.01811287901900654,0.0004375999458587855,-0.07848360126283338,0.0034530945218055635,2.5689516071225292e-9,-0.000429348074173884,-0.03646783200195121,-0.01913716011106766,0.00341290771601449,0.005339114737922326,-0.0133834587100418,0.0004936243607925443,-3.825473291460654e-6,3.9107830842707144e-8,-1.764667853488808e-6,0.008870416445555722,5.453726767542324e-5,-0.0033120725877569404,1.0899359421814287e-7,-0.0023429846839038973,-0.0004956049819149601,-0.0004218497309055312,-0.04451788404923321,1.3291052283242965e-8,0.00046043582088900725,-0.0026049086385628323,2.823076223204488e-7,7.485240714008127e-6,-7.92035197126275e-5,0.01836658418300132,-2.5861360579176928e-5,0.07873707408950392,0.0007840585190618373,-5.897702873435615e-7,0.0003376127026895988,-0.012464577371448371,-1.0811745878626598e-7,0.0003382936484277378,-4.896223903333587e-7,3.87686603848635e-5,-0.0027922331881072983,0.0020121568127311426,-4.412934740810903e-6,6.37879378740052e-7,0.05432295356516373,2.6501388350497096e-6,-0.002291903597157045,-0.00033138362110530665,0.15246161359393814,0.004347217176654273,6.916873970672813e-5,0.01558188848697121,-0.0001610621108326759,8.19390525019833e-9,-9.170134205778091e-6,-3.2686757857027022e-6,-0.04887700553293778,0.012887585668544645,-1.728031289369229e-5,0.0005744216351217793,-0.03706088853478234,-0.004409051837601586,-2.2633274602778662e-7,-0.000625626427619599,2.9354682819104685e-9,1.8867865319601443e-8,-0.010835147024144176,0.0005566711378519402,2.1403558757339773e-6,3.5461186083512455e-5,-0.002486181026163116,-0.00047199551981890614,-5.217268302096918e-7,-0.0006374527464796717,-0.038868593568340576,-0.0019060070518537762,0.032084337515702506,-2.358135116765047e-6,0.003492757542157415,-7.160662834248434e-9,1.726241822720263e-8,0.0019326203931297708,-0.00012904094522310432,-1.4387351471290501e-6,-2.3573041322395532e-6,-0.008463124283307913,-0.017276700552467963,-0.0020196413543651284,3.534198246286213e-5,-0.032250250181974756,-1.841511543888228e-7,0.1790914474946373,0.00059090535840319,1.0127831678224178e-7,0.2022901099392841,-0.00010354791210467982,6.287896401955016e-7,-0.0008054650266649177,0.007575148360000151,3.320918970422578e-5,-1.6190769148531874e-7,0.030256778891921538,-0.01351830055959077,-8.252762366791036e-6,-0.0003187157776550426,0.00037691560851203885,-0.06336003199064968,0.0008289939191740084,-0.00010749850394096545,6.411690771396395e-6,2.7520430701695255e-7,0.0015704554620799489,-0.04274331705544657,8.68033982068119e-9,-0.002558937394916913,-0.0005957009195545088,-0.028547717006566158,-1.2155975861968632e-7,-0.0027010460984200645,-1.1025957240337607e-7,-3.2965178857593816e-6,0.19913808441776612,-0.007339755442359001,-0.021871379149580608,-6.615473776311556e-5,5.560790699814821e-7,-0.0005299704051849091,4.492023677135644e-5,1.9082074194459428e-7,5.441707477590402e-6,-0.03555367266700593,1.9321375713737214e-7,3.672738098616503e-5,0.000786639876831824,-0.022501094319056128,-0.00022938695536188394,-0.0032240978064872316,-0.006345384870579059,6.775114513146473e-9,-6.318046048450757e-9,0.004271458214225461,-0.009447334266432418,-4.320703177627861e-6,-0.0002660266274548295,-2.2628191095840442e-7,0.0005272075521245283,-3.4604947039717625e-9,0.00025762492413224927,2.9892227815974975e-6,0.0004614264245937434,2.2295948454753554e-5,-0.04402170876874914,-4.1597660578788354e-7,-5.3804467036734275e-6,7.967135322502428e-8,0.11082341582652254,-1.0865135647190443e-6,0.006589442456734772,1.2393564600470475e-5,1.5647320652705012e-5,0.010593754215505501,0.01710084223298161,-5.84933114303056e-7,7.47313468577094e-5,-0.014961095924186802,0.011746951343489692,-0.0015679615431419263,4.928293506614707e-8,0.0010575184728018898,-0.005973297943280395,0.022916814786531847,0.0008982661925088857,-1.2883869972185444e-6,-3.060503280593527e-8,0.00041818773588775073,-0.0008717558129278744,-0.0012209830088371137,0.0006542442267863777,3.0346733637462714e-7,0.26121076516283326,0.0003175168176212269,-0.0642457148869981,-0.04929938744378729,-7.088745387128233e-5,0.012678148720822242,4.040434497795536e-8,-4.5355204404583234e-5,8.222883918614143e-5,-0.006172094852040576,-6.970314316362014e-7,0.004643511413329633,-1.258566031185033e-6,-0.02124028006108223,2.647946049035988e-7,-0.016963715350251336,-0.0006560065209684835,-6.194985531377827e-6,-0.0022494243970724616,-5.9783113342289106e-5,-2.735614914827443e-7,2.294688329001973e-6,-0.00015856965061872448,-4.1947200189274115e-10,-1.7624413909583307e-7,0.0030026389062649678,-0.000515619366764737,-7.940634552357863e-5,-7.70717030975518e-5,-2.680354092243711e-6,-0.0002761613099024667,0.008456262014035078,-0.01513902638831081,-8.870963468774186e-7,2.712451162420907e-5,1.4763976339054618e-8,0.0004778298136210478,-3.7548450976001616e-7,-0.0023801192192180838,-3.1853407671726104e-5,0.025273947390215636,-0.0459419779021674,-1.9922095865606337e-8,0.00015775606770555446,-0.003624236712747582,5.495899244362316e-5,0.019885670814609544,8.209952673203257e-7,0.00036104834386466075,0.1554991535353386,-1.3240426035611447e-6,0.001802864573517385,9.106898980811939e-9,-0.01761038912449299,-2.8172154390116418e-5,0.00014671756945321701,7.030457621535507e-6,9.581647138051614e-6,-3.3470337758816075e-7,-0.004184983279656718,0.0048113298315329315,-3.146701034040644e-6,0.0007486648346300236,-0.038514715514275516,0.0015898997017881433,0.00639312025382005,9.510670738368004e-8,-0.029359588755217974,0.022334015259244753,4.140294124801417e-7,3.1629352315282395e-5,0.029170688287290074,0.0018290021393762808,-1.4571625277645731e-6,0.0001240959928051657,0.32498590647616327,-0.005459399258738961,0.013813053868558722,-3.229561864382701e-5,6.295506141778092e-5,-0.0347492815046837,0.24998554698012407,0.0007068090106527628,0.001547211695298087,-0.017158136266741928,-0.0013269639957508852,-2.184485106202801e-6,6.731468283136312e-6,7.781078987885231e-7,1.0998815935760164e-7,-0.06662438080582005,0.004076783157080753,-0.0007658989413264739,3.842532083835804e-5,0.0010910887429219143,-2.2732616252311383e-6,-0.001823793199076204,0.0009798144474230234,0.08811734620263663,-0.008205972187723619,0.2093546227562128,-0.0005333644821402955,-0.021693264107284487,4.051227005807759e-8,1.356000419647323e-5,5.74274160907633e-5,-0.0011925036236364115,-1.1273119287977518e-5,-0.01876504470853785,9.425810032387283e-5,2.264848825042893e-7,0.0023503347183864054,0.007694637898130491,-0.022878900288050126,-0.00015395408096319522,0.0003501979750412842,-3.577282710657408e-9,1.9694543009664245e-7,-0.001572764834111729,6.983850360683611e-8,2.3381850342313856e-8,0.05820822940220846,-0.02282563399578773,-0.00041366395379318727,8.676230204353597e-9,0.07397080495730612,1.0712184687932697e-7,-0.0006818271878413497,-4.635530982562705e-6,-0.0009179051332039547,-6.023063583344938e-8,0.0007320480795460348,-0.0008072589461342151,-0.0008384909175426053,-0.00025090888404245083,0.00019393731788901167,-0.0006281750307799726,1.4878199797283949e-6,0.04865550398915119,0.2304310895955721,-0.0004214736275410614,0.0902828148051163,-0.00048587072460500296,-0.057088370273667276,8.583692197041468e-9,0.004326537015979083,-0.00014517394014032194,0.00010217656837976927,-0.005504834574264,6.241791320351791e-6,0.42609766133156446,-2.193988854247916e-7,0.00012155915795280613,0.002202704152479498,-0.012655505802093231,1.0120341909511662e-7,-0.022162656129393575,-1.5360655142089042e-5,1.6351838800996248e-7,-0.0002828182049781542,-1.8409703779876532e-7,1.2336337848986348e-5,-1.4236855830877044e-7,0.008637707254911071,-0.00016967027036507792,0.00037295759449318654,-0.004531809816332781,-0.0005819979075965947,-7.633470646179215e-5,1.8610488387595658e-5,-7.1139063674730625e-6,-0.0018049196267811768,0.11150809511285081,0.08960429577205527,1.4304110901980235e-8,4.675035935670378e-8,-7.347171220755818e-7,0.00046898656483507055,0.02200312829456433,2.827533248949614e-5,0.007935360680079592,1.3095528056266702e-8,-0.0734613939010325,0.018742214989457853,0.22109505520755435,-4.5495462306460714e-7,-0.0013754754834163691,-1.6401212765902203e-7,0.0007788187470137314,-2.6564872555112356e-7,0.0028949402043010742,-0.0009321481741106011,0.00016611305991090993,-1.0493756455238068e-7,0.0013697455068268883,0.001523212126479994,0.0027687097671103764,0.07341955096646142,4.660345944048423e-8,-1.828981397902486e-5,-2.6294230838154464e-6,0.005000592252101645,-0.010646461005857765,-0.0006752813067732108,-0.0002662358828726859,-0.0045567800108542115,3.4232507838974796e-8,-0.0001747003595894412,0.0022492177172374114,-0.01158360558047087,-1.651744734535177e-6,3.251471027664324e-5,0.01375801482876347,-0.00390435087703306,0.0006009955543675091,0.0014644668437948961,0.00166469769079786,-0.03950852994018276,-4.547531224867484e-6,1.3699915906356078e-6,0.0002826425725300578,0.06959539539138743,3.060390729789024e-8,-0.0034615640032679166,-0.05846155217204624,0.004208427720756314,-0.0003195784852181544,-0.015537828296650326,1.1657352464418171e-6,-7.858134638394256e-5,3.322425189720308e-5,-0.00014675933242835684,-0.000490169605329021,-0.00021490379782509262,-0.006964998919512796,3.705082664608779e-7,9.27140605412302e-8,0.005129459632670471,0.00022637530564260849,1.1709003588949185e-8,-1.076258526032567e-6,3.0907334389975223e-7,-1.149651915273894e-6,-6.227870305910323e-5,-0.0018115491052950717,0.029507451136083804,2.9166524515199237e-5,-0.027679229021679266,8.105438753222794e-8,2.4630281144336077e-7,-4.864912174485934e-7,1.0958378377109978e-5,-0.0016465847336902958,-4.5370471726286346e-8,-2.8868914452986203e-7,-0.0602616345369187,-0.002340479244531651,0.01849550642357466,0.0006728123347669096,-2.43014310201435e-6,-4.8975676600268486e-5,8.028500381159322e-7,-4.235834547331659e-5,4.528747991156418e-7,-0.07444569825832864,-0.062307246056319834,1.70644205656982e-7,0.003494522410757454,-3.122956710611369e-6,1.8195990244892856e-7,2.8165957779661174e-6,-0.0003335504620915873,5.374003868596513e-6,-0.004011192337114996,-0.0017377193175715899,-1.0694679298516574e-7,-2.3910441201826535e-7,2.1246720470776124e-5,-2.5354906834314903e-7,-0.002127944203059916,0.0015820983072356422,7.184883915025946e-9,-0.03653017615095943,-0.0074881861035235656,2.5717468708238233e-8,-6.189752776599098e-5,0.00016440876195194018,4.5491005151649786e-5,-1.7161358597836447e-5,0.0002928009798491211,-0.057430762776062946,0.0003616017915542375,-3.0914484057106e-7,0.0016304096559355014,-0.006837971988001558,-2.3829403017077643e-7,0.007318020481180737,1.95292014816367e-5,-0.02004172481072532,-0.0004925198604007417,0.0008546738330223812,-3.238485315517459e-5,1.6639435006012546e-6,2.3778843759867342e-5,0.0033773016975933655,-0.060257919559965914,3.9533544663024966e-6,-1.8912588331052223e-6,7.248382732160305e-7,-9.969484548648486e-5,0.036983778589738475,2.4066229115834024e-8,-1.3206665171817887e-7,0.00024108968626459032,-4.297468997618461e-9,9.78142578560451e-7,0.0001461273973680509,0.0006735593620900925,-4.519184202156724e-5,-0.000156237879595381,-0.004053575414332346,0.0012449573846411472,-8.651410575748025e-9,0.0005556820844716802,6.525421846472914e-5,-0.003549837933823685,-0.048897627013053155,-0.006517613764437545,-4.825631358899255e-8,1.304559331937587e-8,0.0004556510266731799,-0.000906155833698362,-0.00026592242907632447,0.00022736099446454526,-2.489875997771195e-7,2.013853551609689e-6,0.13728477789855856,-0.030772736663857003,0.0005960284623020581,-0.028846290543419525,0.11231494616855778,-3.879688284259377e-6,0.0003315122428354795,1.240056059363627e-5,0.0005668713945791402,0.0026775108310077298,-0.0011649431911019438,1.756310913952271e-5,-3.1658173253971347e-6,-6.297970454045042e-5,0.0011218152322772905,1.031414334213986e-8,-0.013966149893461347,-2.083270240650008e-8,0.018801388153278628,-9.899206233537593e-7,1.3327837736105917e-8,0.021178939865173732,0.0009404699497197509,0.030240368762380548,0.44618714100358053,-0.00034529815998392114,0.01733732875058089,2.649792330062452e-7,0.004312884607548311,-0.010282448598799081,-0.00011913421434002137,-0.023958823537352448,-0.005631137253301081,-0.0009903388501652241,-0.04546544208501085,1.4930127780193137e-5,0.016659689503997457,-1.821515899731567e-7,0.0005459989496321061,0.0008517962792278815,3.2789208739045345e-7,-0.01602306263800581,-0.0001421112597150436,0.006216370020098549,3.587145483712248e-7,-4.311430768247391e-7,-0.0019703286312479583,-0.0037184497247397656,5.2326108767324384e-5,-8.843940123061927e-8,-5.533485974581366e-7,-2.077925853283705e-6,-0.0002699406004954843,0.0030070943142469675,-0.003923740514960004,-0.011139323111787057,2.361510961961045e-8,-0.0013808160131293936,8.44779138673848e-6,-0.0002881407855826885,-0.006778625011649038,0.008640609702202656,2.134502869283757e-6,-0.00010359857591162626,-0.05582390283675031,-0.02822532668246736,-3.403891474364567e-6,0.004927609976055509,0.08205647726356424,1.1919209235618014e-5,0.00013942589977508705,0.0007698167093812781,-0.0003409591387643915,3.079633864850862e-7,0.07148033135997608,0.00013205013844799372,1.8474179202173262e-5,-0.002706229709438451,-0.019947397374144853,0.0034236509305433454,-5.908595986548279e-5,-1.4527735876184818e-7,1.6726250257633883e-8,-0.0054885807961064376,0.02299708713817692,0.05188559941815471,-0.0003154325417073256,1.2448419954661026e-6,-0.00040863399001977665,1.1278704999780683e-7,-3.842265785373467e-5,1.6886417154232927e-5,2.559500117523941e-7,0.01940304566266713,-6.877610971701624e-6,-0.0020223045721027124,-0.051718787288671526,-0.020778268035642936,7.645621897665062e-8,-0.009983980461886975,0.0025013537790595695,0.22494441737179655,0.002120266840726312,0.000990671473613052,4.386420827612728e-5,0.0004763184446949271,2.0866421833154962e-8,-8.215362294844391e-11,8.55682152577067e-9,-0.040520418615814756,6.995815763595069e-9,-0.056529644603957534,0.1424824849719651,0.05521918553328103,0.0008076336004944529,-0.003867304050798229,-0.0018860977200611984,9.817428731633715e-9,-0.011706729462290854,0.08248950354750664,9.161951650409473e-5,-0.004200818809173471,0.0008040047098929596,-0.002464636439935097,-1.145937580871854e-9,0.03880752908897534,1.4179817000317626e-5,0.0028717970918466012,-0.0003932029273096062,-1.9676486665140098e-5,-4.917726736861198e-6,-0.02516925829650828,-1.655187898072707e-7,0.007505494047538662,0.007540604175146296,1.2495602041078912e-6,0.0008267653342863677,-0.0003053544839296925,0.29409295666544,0.0009531359037602073,-0.0004450648719170109,-1.2851310304240904e-7,0.00030208050627602857,-0.04405477523883757,1.8719896308173814e-5,0.001959218883792019,-5.237939299903335e-7,-0.002682661603248932,-0.04634285859666517,-3.809420845417668e-5,2.4107488117999263e-6,4.148441326091488e-5,6.731210044282898e-5,0.00014552938955507305,-0.0008404029050513508,-4.462591798865352e-6,-2.7889557127516386e-7,0.005871789083795359,-0.02720233046566753,-1.2679768326099032e-7,0.00045435702370283897,0.00025223363394098085,-0.011091883170448727,0.012482079373184714,8.68231089114802e-9,-1.1432295077343777e-8,-0.066816795804333,-0.06997568053903304,-0.0025715623543726314,-1.82271082319625e-6,-0.00156996043067122,0.05247747539800932,0.00020987929365977453,2.46631113386343e-5,3.5363122079820604e-5,0.005717281689397567,-0.010635660342500403,-0.028761318389187687,-0.08253753758867424,-0.014885331120694671,0.39290269418155666,-3.041065035678689e-7,3.5995251318107104e-8,0.00010328674391745452,-0.0009458107286596295,9.399774060587915e-9
0.0,0.0,0.0,0.0,0.0,0.0,0.0,0.0,0.0,0.0,0.0,0.0,0.0,0.0,0.0,0.0,0.0,0.0,0.0,0.0,0.0,0.0,0.0,0.0,0.0,0.0,0.0,0.0,0.0,0.0,0.0,0.0,0.0,0.0,0.0,0.0,0.0,0.0,0.0,0.0,0.0,0.0,0.0,0.0,0.0,0.0,0.0,0.0,0.0,0.0,0.0,0.0,0.0,0.0,0.0,0.0,0.0,0.0,0.0,0.0,0.0,0.0,0.0,0.0,0.0,0.0,0.0,0.47284096772894213,6.555757249443983e-10,6.86468650893639e-8,-0.023971373403211486,8.846792968520857e-5,-0.1415735071380432,-1.7743336434242627e-9,-0.03047969759965944,-9.702225446146153e-8,2.11839906160297e-5,1.7632647133082672e-5,-9.922668466223547e-7,2.3361162268254698e-9,0.004338679621005261,-9.460588364155447e-5,2.2630133246679234e-6,-3.6542216669286874e-7,0.00030657840247462476,-0.0003118705371586569,2.555738583322496e-9,8.779271247916585e-8,0.009820132371932133,2.2219746738249157e-9,1.0769619340776954e-8,-0.0006267080963856583,0.0001631922553094461,4.4632370376962945e-8,-6.524986641686078e-7,6.850418223269262e-7,7.368586492599817e-10,-8.279302184291099e-11,-0.0012211800374140997,-0.014293046427336802,-0.0012347733062717608,0.05049063463972275,-1.9297328906191999e-10,0.1747302969210502,0.0005486332725670849,4.4024819314789316e-5,3.628322903773101e-5,-0.0397194278185211,0.016319479318150712,-9.55326102604308e-7,-3.9700208666404705e-8,1.072052195612296e-11,-1.499636025703419e-8,0.00023491810490061242,1.1889993528183023e-7,-1.5995281068447642e-5,3.392381601595349e-10,0.2787397527939707,-0.03527352058028478,-2.292522557957292e-6,-0.0041013593090598165,1.0044870624703467e-10,3.2375306055463437e-6,0.06270582222979716,1.7095195574462033e-9,1.0584337180522111e-7,8.299989325919126e-7,8.558934177216922e-5,5.149133249843228e-8,-0.0025061214022983986,0.025934826840480322,-5.601895770789613e-10,-5.029079598116032e-6,-0.01111200347965252,-3.368582710862501e-10,3.202501560214946e-6,4.231675442117918e-9,6.832382197282113e-8,3.6052701888574615e-6,-0.00016690936085853587,2.1238466006541507e-8,-5.818307479354707e-9,6.43540350036345e-5,-1.3269968085055358e-9,6.8860250967888666e-6,-7.10179716844177e-7,0.0004685368010381107,0.22972808060590164,0.0471997495187178,0.013386240386431483,-6.253663400044397e-7,-8.420018980508101e-10,-4.281563426896391e-8,4.872697101216713e-8,0.00023671819068701345,3.5183159328290657e-6,2.2348136601442883e-7,9.348733401914092e-6,-0.00017975485051951887,-0.03535844236140368,1.8514911039318814e-9,-0.06414938883523533,-7.689581860499781e-14,-7.297285331619273e-10,-0.001366786723492409,-1.962839938665133e-6,1.7283028570909156e-8,-3.3659685774173536e-8,-0.0033844377105887685,0.12616559602317026,-7.428364099078242e-9,-0.010876184700503154,0.00022941867902584654,-0.034957578210824784,0.0014074227373804158,-1.0873506513328256e-7,-4.744268952462929e-5,-1.1022275481640042e-11,1.6352456701643968e-9,-0.04106036470245349,5.120283155768079e-7,1.036363087438554e-7,-1.7363069326333975e-8,-3.911608710110953e-5,0.0003529203686105768,6.40246045115819e-6,9.901253740263122e-8,-0.0009610794730837258,-5.764617306896317e-10,-0.00022649609123671075,3.7809133011858674e-6,5.1965000687146235e-9,0.0023141346236772047,-9.918772630102664e-7,5.074544995253415e-9,0.2287113887457901,-4.3075643216744615e-6,-3.838092066685428e-8,3.65612766033857e-9,-0.002081964368048402,-0.04427299599190396,9.906847671350322e-9,-9.312877847743327e-7,1.763232244003053e-5,-0.0001998495545397658,-3.2067441326963225e-5,0.021584488269020433,-1.0464602066160187e-7,2.9711459104629844e-9,1.3203076337021931e-5,0.00481417889433391,-2.057507940169909e-10,-0.05343456713109375,4.26061369403667e-6,0.00013082258569293106,-1.2416387735351778e-9,-9.547070034495962e-6,1.3869479531499456e-10,1.2971640481393404e-8,-0.0002905954103951571,0.01320947340863588,0.00012939072664212297,-7.597621137085119e-7,3.1852835744665333e-9,-0.034705013170297255,0.001732793240814199,1.356887928991497e-9,-7.037040002700715e-8,0.0004991905406567053,-7.667864912252578e-9,0.28544267150088365,1.1968669224482552e-5,0.003512718564430365,5.4938252391557794e-8,7.421011151434158e-6,-0.02258490754253082,7.743528416337706e-11,-1.9184504163594994e-10,5.070221866896795e-5,-7.082933719076817e-5,-3.014517099955453e-8,0.08388749856557845,-4.568778834525146e-10,2.896879831637297e-7,8.799909289856007e-12,-0.11988444205326296,4.0477613753152275e-8,-0.0064429864841616,-3.514544243815999e-7,0.0004389319296465777,8.186997413748681e-10,1.204809046686365e-7,2.0391851126615077e-10,0.0007231669696335394,-7.958918766717347e-9,-0.03255800287736503,2.6767275459634748e-8,1.270502938767635e-7,-0.0026098862313902564,0.00032989018493154854,-3.9729210368487506e-10,-8.549349977789275e-7,-0.00015743397812335584,-6.583296649998183e-5,0.23603101566292023,9.823276152127777e-11,-0.013717033697130497,-0.02730149022431658,0.013435087766513448,4.484142507209024e-6,-3.6490870347482922e-9,-1.4578214710326115e-9,-3.3550422909289596e-6,0.2649836657932699,-0.05353451398828649,6.374766996323851e-6,1.3918463850249943e-9,0.00043551446893648477,4.544089841846442e-6,-0.01244340742538881,-0.00016467220929058536,3.979292750808105e-7,-0.0006418656172657455,1.31054217183522e-11,-5.1967331116442964e-8,4.620120125041781e-6,0.007364725946237147,-8.109742566628159e-8,0.07734283555590013,-1.3957766380412694e-8,-2.4234419280507654e-5,1.1866449477571298e-9,0.007547727751333646,-0.019057359355014316,-5.624301571440476e-8,-1.9656607589574672e-6,4.320711876758105e-7,-5.767277226574068e-10,1.924646817927921e-8,-0.10245228468595403,-2.329418206301702e-12,-8.582921585668247e-12,3.151521055281256e-6,-0.09804606049976913,-3.360568268381086e-6,-6.485075930544809e-7,1.0167779523273983e-7,-4.381322045701417e-6,8.271632602023846e-5,1.194280575462825e-5,-1.2912221343435667e-10,9.402614299943822e-8,4.9753525334149065e-11,0.06437519189621502,2.0826477616833183e-9,2.2155080222739788e-5,1.1003139279806472e-6,-0.004419035844220044,-0.0004195076709710588,-6.775546650783307e-10,-1.1120318295941755e-6,-8.489463923328179e-6,3.9067434221930766e-8,0.00017180522404440597,-5.2162719602883476e-9,6.425706568011803e-7,0.00038556368175572203,1.6461349029101084e-8,0.006710258042498614,2.1846619449832835e-11,0.02012438450826286,5.631926045828636e-7,-1.7665456882491908e-6,-0.003980532535404676,6.403585344004683e-8,1.093949919671045e-9,4.201155091141418e-6,0.008103767779925877,3.747107700624313e-8,0.14162636382685473,-0.0003437225749718334,6.666080636927312e-7,2.164855011564955e-5,5.977932224328809e-10,-0.026858103569485328,4.403528660670163e-5,2.553967724864177e-9,1.5177552618158333e-8,-0.0001047734361619772,0.0708268125916487,-5.3279314037614574e-8,-9.51037044522439e-5,0.00030152648503371825,-0.0006886899434789909,0.0002754744720723805,8.934919513525475e-7,1.1826184462839469e-7,-3.3649401126357833e-5,0.00020781043763290862,-2.410120967384523e-7,-0.03937691082755393,0.011512302410376015,-0.007369072850339407,-2.802471539398943e-10,-1.4705029498827338e-7,1.177727802622551e-9,1.932948691219423e-9,0.0001269379961419061,-0.0001085614767772107,0.27248536559855663,-3.305363694795055e-7,-0.006232700364864304,-2.1274104181459725e-8,-0.00017338033045923067,8.806046685350476e-6,-0.002100601499210743,0.0028627348937212468,-0.0013796145133732516,0.24693610361832224,-6.717072192184096e-5,-9.710117709277767e-11,-0.011729292818671676,0.018137514551210585,-2.031145936512208e-5,-1.8644517421690946e-8,-0.0002526699030706364,-5.473146539389635e-7,1.1879186968728778e-9,3.0458236986865196e-5,-0.00011390073433273269,0.0005760951787525831,-5.172785220495648e-7,2.999719768848984e-6,-8.75990619335844e-11,2.3903559052404637e-9,-8.275883903224849e-6,5.42050185435586e-10,1.0926271544432404e-12,-0.0013374728704170146,-0.04464565055368247,-0.049744300271362264,-2.5508858095964493e-10,0.0022491526636044977,3.2551904758869586e-10,0.040750438638049676,4.550977911474633e-8,2.6003401502124677e-6,-1.144676351529232e-9,7.230777443361907e-6,-0.03449835535451925,0.16226325478400225,-0.1218940971836858,-0.04581063645789291,0.01897016513018382,1.8627525227281284e-8,-0.0007831762935554673,-0.0016840396564881009,-1.5343008274110846e-6,0.0013973678863522891,0.010404794770986138,3.615518341126801e-5,-2.0032060510695592e-10,0.00014953807693292393,-3.4481268158726977e-7,-1.7655319688706736e-6,-0.01562811559570874,-3.5445332971455997e-7,-0.0006580553835643163,-2.0894774485423705e-10,-0.00283854003161115,0.09811009601796176,0.0013149532919716708,2.4825285282659076e-9,-0.019154231437886457,-8.827482205525755e-9,5.710196189618364e-10,0.3350709466091796,-4.227473635333256e-10,-8.871965562294368e-8,2.6924610039603132e-9,6.204329868608853e-5,-0.05938179107615352,-0.040575862581230616,-1.8006282860176793e-5,0.037925187574280546,1.0523746835264024e-6,0.004537491569893453,-8.9359453379776e-9,0.07052589408252644,0.003427258473872273,-0.0007129256206093458,-5.05625480541747e-10,4.7403126966690213e-11,1.7554527725103612e-8,-5.083093676626855e-6,0.0004755810740812074,5.761852698534187e-8,0.03550690677664215,-1.4570683443750202e-9,-0.00014930196171419159,0.007043276080160385,-0.00045753614091918255,-3.9327546389213e-9,-0.05081937410446846,-7.359648717980157e-10,-1.1974661004107195e-6,3.6091581438433458e-9,0.058853955949778956,0.27878061137748505,0.23469304621836332,2.2822777456404072e-9,-0.017519396642002492,-0.04413268443023175,-0.03593782499867005,0.003458369319737337,-3.6250023258917513e-10,1.4244250076319372e-7,3.982851153642868e-9,0.0255091199611084,-0.02465879391941347,-0.06717223923351862,-1.3074375787256204e-6,-0.02171404087037603,7.897631999362801e-11,-8.897481941549748e-7,2.8030633010428052e-5,0.005391118607179005,-2.537141897107945e-9,1.4009097628394998e-7,-0.004487724359292558,0.016325441181461696,4.543536148429502e-6,1.42050196213017e-5,3.36372648166054e-5,0.00018611734909048392,-3.078933340725227e-10,-2.625634496727677e-9,-0.011198834214383543,0.00818333631563973,2.485358715503027e-9,-1.6360023875624807e-5,-0.0009930644530772644,8.495806642606261e-7,-9.076551941787881e-7,-0.0001050392337584521,1.453109292105529e-8,-2.7214544118880296e-8,-4.113528048953197e-8,-2.0242390619704238e-7,-0.0266826542988729,1.4451945683549746e-7,-0.00018764399932367877,-1.4763736433374509e-9,1.3841363046913888e-10,-5.690320140346175e-5,0.30424216608239385,-4.5967227950234085e-10,-8.767319669909199e-9,-2.89896830531641e-9,4.900905279039154e-8,1.0607497863166061e-6,0.10003038579794518,-0.0020520973682506545,1.5531087422821275e-7,-0.00018984384564836392,5.4655211168213874e-8,2.030700453561031e-9,2.7140508778493874e-9,-1.002639165211547e-7,8.917894065572632e-6,-2.3743074695658483e-10,-6.646801344948086e-9,-0.0003402783531491624,0.3530210339390847,8.90241555626133e-5,5.591447673372022e-6,-1.9651953442822265e-8,1.7156840277187997e-7,-8.68714890816793e-9,7.44172852584767e-6,2.5760633806367327e-9,-0.00298451380107199,-0.001858069951618505,5.458725975523724e-9,8.52122590235005e-6,3.782267241605942e-8,1.2123358212263043e-9,9.645916422301339e-10,0.04250179723074414,5.333332720700109e-8,-4.4747739648639086e-5,-5.5058984543295515e-6,2.1477944094947627e-9,-2.7164995460291814e-10,-3.527305489119718e-8,2.047184021014391e-9,6.8446859012845915e-6,0.014744445521536965,-1.0579664838068273e-11,-0.0031294658893168572,-0.008305686685293018,1.1569711290359504e-9,0.013538442865126092,1.738119306815531e-5,9.590032338435746e-8,-6.120066112281911e-7,0.1372934317618551,0.0004421744540225999,-2.4378084856457774e-6,4.868928611838241e-10,-0.01692093332770776,-0.02290410593822223,6.727318430792925e-10,0.005125269649071055,1.0063314038032763e-7,0.00028692597299087385,-5.8233082291595995e-6,-2.761747185190562e-6,-5.1817383368546656e-8,1.838008836496819e-8,-2.7767170751027183e-7,-0.0021571849252402537,0.00018594541000996613,-1.284947130659386e-7,4.4378211860969584e-8,2.2216798242602715e-9,-0.0039042112660552185,0.003794381013985119,4.050377182051949e-11,2.4136516764922717e-11,-3.606847209269552e-7,-1.9835147405030802e-11,2.1348460944656027e-8,2.083286262523037e-6,4.297331747559064e-6,-8.481612716226576e-8,3.6407661751063685e-7,0.003959745234346951,1.2638198019100815e-5,-2.69935412040975e-10,0.04105349490445472,2.6625345136441424e-6,-1.609989247543888e-5,-5.609174076029147e-5,0.0002926140445720408,-9.69019616208312e-10,1.446372106204584e-10,-0.0377821788339918,0.4368241360089314,0.003575439798763051,2.2164833358869257e-6,-1.0097090906797483e-8,1.0094197450126966e-8,0.00017001185553053007,-9.674279006174524e-5,-0.07573837101620039,2.4779688888549898e-5,-0.0006169381411667992,-9.34284858952839e-10,0.11769608559326787,-1.2945301627967616e-7,1.4905008226878946e-5,2.01035687082957e-5,-0.0035436076041919216,-2.341203816646534e-7,-6.954811616436684e-8,-5.423880822203374e-8,-0.018205895820133627,9.783019954115032e-12,0.0039391180810707934,-5.8138639854651525e-9,0.005722092861605948,-1.139117851562876e-8,8.182749585382301e-11,-0.0013639116200836604,6.7458735824056764e-6,0.00022818017671860576,-0.000840965333750754,-1.1222082977569064e-5,7.609937707772226e-6,7.823326883505357e-9,0.09593920112948477,-0.02820896869100294,8.42465739780282e-7,0.0003016549883548001,-0.004622111576619251,-2.9776141940923285e-7,-0.0027181516215333654,-3.6841392820484464e-8,2.3124739728760018e-5,1.614975023663103e-9,2.1402210988776044e-6,0.35421174354631724,2.245939626690881e-9,-0.011608278924647287,-0.009981586013225194,-2.6952684567991085e-5,1.8060480873388503e-9,4.197641932624146e-9,-0.04425390707727215,-0.01855624689003658,6.089515773928754e-8,-9.726759130497371e-11,-2.051207676396052e-9,6.973283173980279e-9,-2.605387584956226e-6,-0.032174271059466165,4.783421760288344e-6,0.016511919850968938,-1.3535573558484052e-9,-1.7160857099476856e-6,-1.1089974617128422e-7,-1.375045083755547e-6,-0.0025903479698751643,-0.00010940262904220439,3.498347127412423e-8,-7.562858002055547e-7,0.0002698702339211623,-0.00024657144710692777,-1.7664992309238074e-8,0.02774527897301235,-3.8595280185679005e-5,-6.631929124849568e-8,2.3762217340842142e-7,4.6346461016565224e-6,-7.945272275890888e-7,2.118677801887188e-9,0.0005194384565876774,-2.899489424684201e-6,0.00018291811148837435,-0.0407749777799844,0.00029494768220299385,0.11448329224640515,1.2755462141472269e-8,2.937351485460447e-9,6.15702210251542e-10,-0.0020231090129601828,0.00012603499735057064,-0.0008334344855873262,0.03396179002610063,3.6261943826636576e-9,1.783929512018399e-5,1.1207168442241426e-9,1.990540493340253e-7,1.3984860533472184e-7,-3.578392293406278e-9,0.008058531877926694,-6.95600051788026e-8,0.00013700301055097415,0.0008222042616443598,0.011252612178136992,5.336019260804301e-10,-0.03564157501268431,2.6785138418206573e-5,0.0003436148733613814,0.11278518292783268,0.0018345745879720188,1.4458364895553319e-6,-6.442735015400344e-6,-9.808194334889031e-10,-4.082704419583738e-13,-2.460408899773579e-10,-0.0007369458240523664,-1.485391591657573e-9,-0.0003421001415891828,-9.09104745103393e-5,-0.0005451113051577391,-0.0025086515367739918,-2.6427414018874185e-6,-0.009166522133336463,8.899708522397566e-12,0.00011998191004734978,-0.0013338007718978135,2.6130516357464147e-5,-0.011545756541193683,-0.051552200443789824,-0.03942958454264173,-1.3827764100502818e-9,-0.0009936730804656932,-6.798718071044411e-8,-5.7740817565251026e-5,-0.036067591436041865,-6.970101427245881e-7,5.281396138513371e-8,-4.4434177966079856e-5,-7.195236011785221e-10,0.00010841942596819445,0.0005573685849275095,-1.684051857579467e-8,4.797596655271953e-6,-2.7068889247823745e-7,0.00041999266030444816,3.674768694679569e-6,-0.07442410576791243,3.4632776557573885e-9,2.831606333534993e-6,0.0005661275186843453,-8.56113886589903e-9,-0.04025750077696951,-9.182030751118003e-10,0.035341873514396833,-0.014281795554928834,-0.004249406836495734,3.1514401878169577e-9,-5.4532231688412613e-8,-3.3454950339613613e-6,1.578464874865051e-6,0.00700908760168297,6.907640522502329e-8,-3.3880744234268655e-9,-8.67299984243008e-6,-0.002956492861874574,3.175680034705399e-9,-4.356051402241381e-6,5.453176347269111e-6,-0.00022740535200787616,0.000284022914900593,1.9886947990651994e-9,-3.5699412911936953e-10,-0.0022406586520928974,0.00021628213167722063,3.331817351921715e-6,1.0678852250457649e-8,-2.5507697113944617e-6,0.006535424225662357,2.9567114973730004e-6,-5.7230330706649256e-8,7.503110519985033e-8,0.1100064160718559,0.011345262231421318,-0.00019391989648989217,-0.0018497210863098466,4.6738403660963906e-5,0.00039215032121501814,1.733720505703124e-9,2.8923918612210573e-9,-0.0023956250550951274,7.2604813849854115e-6,1.7820407154087617e-11
0.0,0.0,0.0,0.0,0.0,0.0,0.0,0.0,0.0,0.0,0.0,0.0,0.0,0.0,0.0,0.0,0.0,0.0,0.0,0.0,0.0,0.0,0.0,0.0,0.0,0.0,0.0,0.0,0.0,0.0,0.0,0.0,0.0,0.0,0.0,0.0,0.0,0.0,0.0,0.0,0.0,0.0,0.0,0.0,0.0,0.0,0.0,0.0,0.0,0.0,0.0,0.0,0.0,0.0,0.0,0.0,0.0,0.0,0.0,0.0,0.0,0.0,0.0,0.0,0.0,0.0,0.0,0.0,0.4630779021503629,0.0006792537788472487,-4.2084941587685956e-10,-2.523242299913514e-7,4.912542590743897e-11,-0.0005862043152867839,5.567891785476903e-9,0.0013221014184382222,-2.5670640691521605e-6,-1.8029885518701182e-6,-0.00012514530868133828,0.15541174836510094,-1.975033441487515e-8,3.9742622776778947e-7,5.6796807715935785e-5,-0.0001566000248537758,-1.8470324991451232e-7,-9.43327386795971e-7,-0.04659173721772808,-0.0006976607937632851,1.83278859433222e-8,-0.04833825821405154,-0.000307044155895393,-2.899600783302439e-8,1.2148404870546927e-6,-0.0027820058292340353,-0.00025910351490238354,2.302448348160496e-6,-0.0051631376248832085,-0.07527531414790925,1.2251854237279167e-8,2.2745769510129e-11,-3.288812777677518e-8,-3.0829921557086114e-11,0.06982327127071422,-2.3422451420583955e-10,-1.897630160278048e-7,-2.828514404550104e-7,1.5558904749597486e-6,-2.3585963030268703e-9,4.020931411036463e-9,2.5517799868219412e-5,-0.0020922844255536715,0.2120059117904331,-0.014300967515426394,-2.5305648769356015e-8,0.000543099294518477,-9.027539120877303e-6,0.1650669845848362,8.446734061494201e-10,5.838623441386842e-10,-8.931962238137867e-5,1.2270216817698531e-8,-0.005800558869655008,1.651540716340804e-5,2.0689970588237437e-9,0.04727014876608549,0.000874987571877945,-0.00012683839886763398,9.291070604377797e-7,7.415353259361588e-5,-2.920541117024871e-10,-1.7824961354361582e-10,0.013128956044098809,3.2716394097865415e-5,-2.4388648660701273e-9,-0.005438093246972365,8.025560815845365e-5,-0.012507108889132867,0.0003982942722351034,-1.3066409423822646e-5,-8.833406551865966e-8,-0.0012878204474895598,-0.002448034183781208,-1.1967531198409148e-8,0.009324828779121958,-9.331811103857084e-7,-0.00012936219343918275,-3.3412823591787916e-8,-5.989750424084745e-10,-4.856171949793805e-10,2.7599798194495413e-9,-0.00010386044937235801,0.052681383495997006,-0.00123650828893001,0.0002956104150868587,-2.0982018558274892e-7,2.511967559710252e-6,-0.00020989928292511003,-2.5359400148464983e-6,-3.7341016791816755e-7,1.6857872968660163e-9,-0.039105246556626935,2.5789478022924103e-10,0.07547959005568898,0.012302631208984028,-6.566064534812863e-8,-4.4931100914179986e-6,0.004424226662473497,0.0006147616986954878,9.339023183753838e-10,3.328277882691595e-11,0.004038617347084276,4.0008698733394854e-12,-4.484282323378647e-8,-2.323127720114575e-9,-4.447790007235609e-9,-0.00017994799799156102,2.544212100115587e-7,-0.05379790342929897,0.002953486861044591,-9.95171715279298e-10,4.2778725447461716e-7,8.368389261657141e-5,-0.010551513435537885,3.4738751648377967e-7,2.260078075467782e-8,-5.939475641160872e-6,0.0020447954265000005,-5.0419821928793256e-8,-0.044891525410362926,6.889805661759538e-8,3.152674889304919e-5,0.01616546606587893,-2.3635530830869365e-8,-6.24471435200535e-5,0.007262263621843899,1.3276583035152923e-10,1.3887440346760793e-6,0.0006705487251220025,-0.031430198827251225,-2.4034187694466222e-8,1.1566652561700004e-9,-0.001960175169166232,-5.176742801084263e-5,-4.588849943128173e-6,-5.709810026983661e-7,-1.3534858280828857e-6,-1.171704768804828e-10,0.00042050619563854526,0.0741702899622383,7.760809992274834e-6,1.567851342529899e-8,-0.0154566978079502,6.34625354527831e-11,-1.7663994835930616e-6,-3.2563016303046353e-7,-0.03968639703426232,-2.0649830676712145e-6,-0.0795935650263227,-0.004418942013481363,-1.245973867276705e-8,6.706825880984913e-9,-8.054649767053104e-8,-0.00014857675582277623,0.011226159203272823,1.3382295012793366e-10,-1.3252678256178659e-11,0.08873135715317503,0.0013541078343925943,-5.2165470257011047e-8,-0.001374227429297346,-4.98001536206081e-10,1.1588439816422928e-7,2.4639233255022634e-9,-0.0001574927394277411,-3.577613478514316e-6,1.3358503097078513e-10,-0.014524137076081224,0.0061553067386818355,-1.0768236456129382e-7,-1.877978007875745e-7,-0.008556583175658453,7.506141472482448e-10,0.01737801796594401,-1.7441725057278307e-6,-0.005529596315880322,-4.689697054191685e-13,0.0012606999001827577,-1.543234755565193e-10,-3.605053044906526e-5,-7.260803973649137e-8,-0.04522385494836922,0.0001069874893739473,0.21920166808666713,-2.687546884094287e-8,-0.005031796704898246,-3.2214582722735863e-9,0.0001522191754712963,0.0008991891314397038,-1.52592043103677e-9,3.289609177924857e-7,-0.013876290172221783,-1.2971697307321485e-5,-4.98878316483135e-7,1.6934711814957802e-6,1.38746205851193e-10,0.2592653767192513,-2.2318287131943524e-10,1.2659922623381772e-9,-4.894370648691776e-9,1.579624479640838e-5,-0.0016456402268703104,-0.06459608814806055,2.1841426653780478e-5,9.740458641044333e-10,3.864751460709944e-10,5.870352485565809e-7,0.3033942511664104,4.416385763759449e-8,1.2168612369352637e-5,9.719891186460761e-9,-6.334325602585632e-7,1.7437296325832794e-5,-4.868934400551444e-9,0.1676003867192361,-3.141346122112828e-5,2.336879946861818e-6,1.5401258104319683e-9,0.0003793631689963786,-9.009057611973314e-10,-0.008360013189542525,-7.782356563637522e-8,0.2294940627566145,1.6761891166725598e-8,2.3075598945237923e-10,-0.0005699444451248379,-6.688530958330531e-6,-0.00014633966242103168,-0.012529025006132536,-0.0004831243251273433,1.2655394128109023e-10,-0.004049734044596965,-0.08212142485878061,-3.499306043305443e-7,7.026565643069347e-11,-4.154808528690295e-6,-0.0001522375441022224,-8.165952176751267e-5,8.229314542973054e-7,-8.15311403047458e-8,-3.5005642473697954e-7,-0.007369212264637591,0.00026980948204688334,0.09228266411182565,-2.2661149217627396e-10,0.00971963805024186,1.2153637301802006e-7,-2.918038193099716e-5,-8.816549125088579e-9,-5.3623901081732415e-8,0.010280599332527004,5.37780283758169e-6,4.7081909816699513e-7,0.0011995305209377373,9.121567131828591e-9,0.008643184704500245,1.1987198974234576e-5,1.3461931330134618e-7,-0.0012290116656230674,-1.0599867720023882e-9,0.07261577735033521,7.3057578929199386e-9,-0.00016700426312937878,-4.704495539988177e-6,2.354941907320702e-11,0.0014393434419640843,-0.03186600960402633,-6.0189674805565244e-6,-2.2455273991744e-9,-0.0008058539484668756,-5.500567790231563e-10,-1.3042063511344815e-7,8.176365806688109e-7,1.5248251903036172e-6,0.0639818149798713,2.599353191180692e-9,2.1235301930549926e-6,0.05149630588336511,0.0001876000293181112,1.3781173545770804e-9,-1.3694570479425668e-10,0.00044913540566429374,-2.9412779626383705e-7,-2.5602334710102683e-8,1.0733211773085829e-9,5.5347122111959e-7,2.060887123411741e-5,0.0006480982889196382,-5.353109076760218e-7,-2.677846138342886e-8,3.622407473892263e-5,-3.2077299056396606e-10,1.0687636902797567e-8,1.8239625918397797e-10,-0.0010860101929344114,0.00024863121236963595,0.00999472104551878,0.007431335242255658,-7.516156664510174e-8,2.8022561308444726e-7,-3.420243312266943e-10,-2.1756858482830783e-5,-1.7291554073855133e-10,-0.004601275045638406,-2.6561772310354907e-10,5.099646674953452e-6,-3.833970237583563e-9,2.677008128086615e-9,-9.00581734041901e-9,-1.3052151206979435e-10,-2.0015841866310754e-7,0.19476650811056678,8.389343255188876e-11,-2.232987198972974e-11,-2.358575833493036e-6,-0.001007898152514045,-8.876932745684604e-7,1.332379107423158e-5,0.3250575417967458,-1.0864769233599438e-6,3.504905039565214e-7,-1.391454264834035e-8,-0.0001242934234607238,1.6997007942347e-5,0.006193424972518224,0.012781859727378999,-8.890355442474202e-6,-0.015177425077407016,0.046188332017166635,2.222271785350802e-9,2.9231345004600615e-9,-2.753654587057148e-11,0.005332411003926464,-1.5677044982208404e-8,0.1322249583976149,5.466638742095749e-11,-0.002233439727243461,-3.856606904887836e-6,-0.008948419124301877,-8.009379429718311e-7,1.865978568359916e-10,-6.921390746337231e-11,5.0067906288694804e-11,2.5961823962088057e-11,5.650299156530077e-11,0.007557515797870889,-4.0773286598187044e-8,-1.8486395614670923e-8,-6.105284260109824e-5,-3.3413611542619833e-9,6.631668539032795e-9,-2.8398930008159547e-7,0.025436938787955825,2.458127292277142e-7,-0.0001735462509954621,2.539866002716438e-5,2.9179077293903666e-9,-0.00022152626266978153,-4.139522177817437e-8,-0.004987540968643164,-4.5759606725370826e-11,-2.497581008424241e-10,2.6882787374941733e-8,-0.016136519449550878,1.653499855852954e-9,2.2572027478382705e-5,0.3993975264013032,-1.7040096306116904e-10,-0.04792848138610986,-0.00016427969736611077,-0.003056279695389433,-1.5149055695565343e-7,1.315572125044777e-10,-1.3841040049896422e-9,-2.9473197289855895e-6,-5.846896897612811e-11,-7.460411432641511e-5,-5.379732711214012e-11,-0.001664041475122998,1.1725768725929623e-9,-2.0703598319083163e-8,-1.807160186175272e-8,0.042834850697233175,0.18131153845785547,-0.0018167851626378884,2.3346522907258864e-5,6.905079723486476e-8,0.000529971317975442,-1.7291055223335056e-9,-0.01530971259620115,-1.4852628288514837e-8,-5.894644705221599e-9,-3.1903527535981006e-8,-0.00046664139067463414,3.4593474133228887e-10,-0.08529495403867932,1.5509387454261895e-5,-0.014174969780350313,-3.6903686301849225e-10,-8.930383979916117e-13,2.9870269805512415e-10,-0.04959083725651941,-3.0913861624015794e-10,-1.1241606620212245e-9,-2.239584263798238e-9,-3.942264501377443e-9,0.1328764095807967,-4.281746153593045e-5,-0.0005057283827636671,-1.6486671358351832e-9,1.0591691277278908e-9,2.869941731712835e-10,-5.407212264294216e-5,-2.9659807425992316e-9,0.1231219440202973,-5.336541889863503e-5,-1.0976402586266744e-6,2.873637961090129e-9,-0.00470718892580935,0.001095050174855256,-3.796180155066086e-9,1.9450661366978718e-9,5.622076923504229e-5,9.649660185319876e-6,1.8649656078630506e-8,-2.818961609567038e-7,-0.004235834974819103,0.013448072790200206,-1.5282922152600003e-11,-1.264061604777572e-8,0.009365992905374309,8.958123027715037e-7,1.1955756485973662e-8,1.013801422340886e-6,-0.0001703391821413924,-5.581725743803769e-7,0.0015530323336925824,-0.00011494078977500654,0.0004676446014891759,-8.318351374080752e-5,1.32880927348898e-10,-1.5422590525354943e-5,-4.265416711757171e-7,0.009798019929023483,0.34885457708559375,6.259145226573639e-7,1.2695251993948485e-10,-0.010634787716158094,-0.00028959901423666656,-0.00431078204597577,-0.0008674409258517372,-0.00014025941149892107,9.5453537622027e-10,7.018701063441912e-9,0.00016142011266647485,-2.7105474265005684e-7,0.000341271732473243,0.007736905000235974,-0.04060005049146258,0.001036164409635104,-9.72004756902158e-7,0.04918747650501965,-0.009177106044588426,-5.903842899401029e-7,4.934969709640074e-10,5.404663752993784e-7,1.0010405783507868e-5,-0.00897662475058858,-2.2977531205393797e-5,0.0003983230291559413,-1.6380172559285387e-6,0.1971742329347247,1.3563203211361056e-9,-5.856767463319735e-9,0.009839754578039515,7.452876741192226e-7,-0.0015761139796136665,0.041535833910436123,0.004065621037106123,-2.402136685153131e-10,0.0012441309846792168,1.1604343915161536e-6,3.901122668540991e-7,-0.025673902187892676,-0.0900996272031118,0.0003515736771440013,-0.030146886683801073,-6.155793795268855e-6,3.349527247427779e-10,0.07097121517839383,3.4373150670223488e-9,1.0214419648066959e-9,-0.030864728982758518,1.0498865648987004e-10,1.2064506927995437e-6,0.0013547283356494,-0.00017256701156631007,-3.861724948879669e-11,-4.3323900886098126e-8,1.9054181167979555e-5,-0.05861236054932668,-6.475991303918032e-10,1.0583483993197267e-9,-0.0317617074118004,-3.1806719390668446e-9,0.00011276145461426647,-7.869557072340511e-8,-5.3969822480249055e-6,-1.4458720818411235e-6,-1.78442685267566e-5,-0.0012663140652245898,1.7140966273155157e-5,-2.858039024700588e-8,-3.538695741523515e-7,0.0006364131910230671,-0.0025190717451739693,0.0004574574769017341,-3.658512788903833e-11,-1.1965787926052885e-9,0.10275739256411957,-0.05984984300710166,1.802051906290406e-5,-0.04904017345005157,0.00073866513167434,6.93650319223223e-5,2.3461959640643596e-5,-5.491871707901742e-5,-0.0001437882402913711,8.011514011199418e-9,-3.042304056402778e-6,0.008559924867667908,-1.6101875454746873e-10,5.2114375839365485e-6,-6.122834558864734e-6,-1.9611667639443166e-7,1.2799548720775166e-8,-0.012012073224671125,-0.018997530529768044,-6.60483674161091e-11,2.918190605451134e-10,-5.83999582938884e-11,1.4057449810468362e-5,-0.003300405098943022,0.0014015825780208226,-2.196382930724694e-9,-3.1949324205038027e-7,-3.777203942068974e-11,-1.7429653001101863e-7,-3.2787096694382986e-9,-0.0030451117389228683,-2.2556820530173206e-10,-0.00012986917352531983,-3.058136506790443e-6,-2.966342435614594e-7,1.9607843835797445e-9,2.461231081130149e-5,-0.0002020606531143765,-0.00017808324433370062,-7.202349155643462e-10,0.0037726957934692555,2.5549548288506402e-8,-0.0046773674217935,5.154437269126141e-9,-0.009284476379251722,-0.0012656025191665015,-6.386970506062138e-9,7.3042710565070455e-6,-1.47361949150221e-7,-2.1044889638268458e-8,-2.285554939348653e-7,1.9951940978692287e-6,0.009559899265361714,-1.5739315090746054e-10,-7.267891475295992e-10,-2.1208334573902516e-5,-5.8405555159953875e-8,2.213698548885632e-9,-3.837083774444245e-6,9.423060897633296e-9,0.00025736081130767663,1.0830353267335933e-6,-0.005170446540884692,6.674313458467098e-6,-1.0177810358450404e-10,0.18149741454374144,8.936097223753013e-10,1.5063667927497204e-11,1.4548232216252572e-6,0.2986602695275354,-0.0018552305291044215,-7.132210542057785e-10,1.4956653059548739e-9,0.0007340710265902763,-0.060542621958216455,0.006571057442602056,-0.0005143306959105059,-1.371528284155201e-5,-1.5105285518143188e-9,-1.1463914545888811e-5,5.445568250919538e-9,0.01140797321128803,8.146135220740217e-7,5.341364545355851e-5,-0.0001268768350231377,1.971529094443243e-9,6.07035862347511e-7,-0.0023529562454823174,-6.130420809661737e-5,-2.634736386237749e-7,-6.98568827352721e-7,-0.009112943013029312,-1.059810790987742e-9,-1.3923607304956696e-8,0.0005435661474006251,4.53273879084927e-5,3.906986002437248e-5,-0.00012366040834112244,0.04570223627492044,4.0378992165972094e-8,1.4421334422441767e-5,1.1821907562292852e-12,1.1387999693833545e-9,-1.8805923667780983e-7,-7.843210264053978e-10,-5.063942729089033e-5,-0.01121729838522115,0.05443531964461092,-5.364331389026055e-8,2.786369124407104e-7,7.95591380851202e-9,-1.6248759599503075e-10,0.009411670968786555,-2.1192313167648666e-6,0.14096608131949057,-3.916770845806818e-5,0.001256919630765292,-0.004933990961048284,-5.863967854411779e-9,-0.00021273764789115507,-1.4720033868351083e-7,-9.111609103670466e-8,7.0842012024016084e-9,0.04916607140571592,1.4455715497045709e-9,4.67113750983994e-6,1.3674178437531056e-7,-9.89874882808782e-10,-7.446734199982309e-10,4.936458058743763e-5,2.0176080400554227e-5,0.006520491592834151,0.03017558588262999,0.00048499506493494707,-4.1456355041640254e-8,-0.012341754448251575,-8.168228828864166e-7,-2.3764313033907322e-8,-1.0459859866354113e-8,-5.171002696406215e-10,-1.6488441212344804e-6,-2.3204885761179472e-10,0.018712535526441434,-5.497368109659515e-9,-1.1892362422578086e-8,-2.8769050770041996e-6,6.068371446335074e-10,-5.197150955900803e-10,1.2680149916231523e-9,0.002097830202571147,-3.177202502144444e-8,0.00032402577339591326,6.369091539414616e-8,1.0993320430006082e-10,-0.0001554135749423258,-0.0020815163959789808,-5.109741285479888e-7,-0.07250406449518645,3.88561766030938e-7,-1.895429413918221e-9,0.0009305703595283413,1.4816941620038818e-5,-5.352531200327264e-5,-3.870655185357634e-8,2.208934616587412e-5,1.7941164986450173e-10,-0.002027793885420537,5.048279099706913e-5,-1.052930143528998e-7,0.0020031392600174825,-1.312842026284227e-9,-0.002409990541708953,1.655550584421876e-9,5.3046895128496996e-9,3.871386346124825e-11,0.004522179672700641,0.00029561601272109193,1.3032996978195822e-5,2.3812030920035573e-5,-2.8217873010787347e-11,-0.0005141460212949829,0.001984231318527953,4.2812604511379015e-7,1.3796744421954549e-8,0.004639884961074686,3.6664615890386264e-5,7.793659880347924e-6,-5.283281111911208e-8,-2.5455365300329494e-9,0.010704893391744377,0.1129305509297086,1.4587543750042369e-8,-2.0017553235703926e-7,-9.979464866058344e-6,0.00032436707490088925,-8.669802823837172e-6,-1.2289106424238108e-8,8.981873365762526e-6,0.0008027071500953301,0.0004649480146773154,-7.278076737288879e-10,1.1855248113563657e-8,-9.51029820929717e-8,-1.820548172643681e-8,-1.7096102026874977e-7,6.365597997428352e-8,-4.459667937831468e-5,-0.0055788255028649545,-2.6983176350907983e-10,4.778784775466724e-7,-0.00994154125597983
0.0,0.0,0.0,0.0,0.0,0.0,0.0,0.0,0.0,0.0,0.0,0.0,0.0,0.0,0.0,0.0,0.0,0.0,0.0,0.0,0.0,0.0,0.0,0.0,0.0,0.0,0.0,0.0,0.0,0.0,0.0,0.0,0.0,0.0,0.0,0.0,0.0,0.0,0.0,0.0,0.0,0.0,0.0,0.0,0.0,0.0,0.0,0.0,0.0,0.0,0.0,0.0,0.0,0.0,0.0,0.0,0.0,0.0,0.0,0.0,0.0,0.0,0.0,0.0,0.0,0.0,0.0,0.0,0.0,0.459552602381698,-4.952515159345467e-7,-7.435829443636703e-5,-2.9050660468397008e-8,0.0011910103063964138,1.1702111982325046e-6,0.0313385575348165,-0.0036638797978920897,0.0006688717207297774,0.008050957916892783,0.0010610996419142434,-4.128571985000712e-6,0.0007921829597895223,0.012270273642008974,-0.1009060004519609,9.010593018300341e-5,-0.00011289128253260282,0.00045026068477412566,-0.07619751661669663,7.991018859133819e-6,-0.0013421503897875426,-0.013034856885596706,-1.1158717251666755e-5,0.0006045404088432974,0.009193397421208655,0.03291716318818838,0.0003987481707351754,0.014711846270969409,-0.0003802013539467556,1.882559196642646e-5,-5.240444258719357e-8,-3.359641644930454e-5,3.1389617333383534e-7,-0.00033903525969309115,-4.234579227835755e-8,-0.00020368988545873493,4.6708802459558425e-5,0.002071907035842532,-4.1080440572756127e-7,1.6110456859706705e-6,0.003415025203064247,-0.04181785906870671,7.053923497316484e-5,-0.00932689498769902,2.8974968908742888e-5,0.004103495142553165,-0.0018633484175034044,0.00010858681894618451,-2.1426037989086727e-8,-4.834924417724473e-7,-0.04017823899252962,-3.465798412709154e-6,2.6439656367155515e-5,0.008369630901826788,8.908640916138891e-7,-0.00011645954894708364,0.1814057377330593,-0.028979770838827502,0.00027077670986153915,0.0009383622082709944,3.7622348314685735e-5,1.5220350214071288e-8,0.003274062525600568,0.0202136636961791,-4.2733921952851005e-6,0.00039865585142514294,0.013045703242477533,0.0013009756194968564,-0.02583673735863304,-0.0035434925712547207,0.0002603527429551328,0.004942081551805313,0.004601873404585269,-6.952106801056085e-6,0.002083403305591927,-0.0012354949553226356,-0.07694892595122414,-2.6252308040555586e-5,1.239190699911527e-7,-2.940506144054051e-7,-1.1380642015911288e-6,-0.0014235168588389185,0.0004025175455270149,-0.009194891261708318,-0.08829604024186305,5.540373068200282e-5,0.0009411921060443079,-0.0531744694131528,-0.0020798897924669134,-7.279822934657784e-5,5.535349728492351e-7,-0.0035496216411906715,1.629922518997059e-8,-5.849850283938233e-5,0.0004127977084813056,-2.88700053880923e-5,-0.0007789907203729237,0.009303813963775947,0.14148927871051994,6.663386390267697e-7,1.0572519321774731e-8,-0.0015595528836530729,-8.713634947952016e-8,6.108117718789295e-6,-1.1688778623368588e-6,-1.5495624020648115e-6,0.011091627217974517,0.0007835865970043909,-5.715252826270627e-5,0.00029417104774892165,-2.3302442290560785e-7,-0.01659171698694148,-0.024248681620980643,0.0037407455315869045,5.914744999418963e-5,7.412559231656134e-6,-0.0038642698152686105,0.2148116715717619,-2.6539310128738927e-5,-0.0032451021576862314,3.4702351219463785e-5,0.005961510402216119,-0.003188993509169322,1.5578051367554712e-6,-0.00796456218488269,0.00858272004996249,-1.819236887283334e-8,-0.0005609765099191643,0.0031823501768015734,0.0011154958323388667,9.825668582635864e-6,3.2801255601276716e-7,0.0037667892442341793,-0.005354288063742979,-0.001373283564847229,-9.357850696929931e-5,0.0004711860898171642,-2.9194028526350673e-8,-0.02587313883749946,0.0009794859899560973,0.005390847107662388,8.252871001129186e-6,6.623607840604046e-5,-2.4526380358121466e-8,-0.00105203895085639,0.00019034355498930843,0.0009216803979148328,-0.0004692362211852509,-0.0002982207530876478,-0.01758686925562655,-6.344105398626704e-6,3.8232281032703815e-6,9.808891696646996e-5,0.01917294960165818,0.005456649722574123,-1.4006008346689054e-9,1.6401684511438562e-8,0.00048718563605728047,-0.002489895922211928,-8.005557354750482e-5,0.006484862628615029,-7.938304903042592e-8,0.0006084248024413097,-6.648821343618534e-7,-0.10309283104613343,-0.001878103565999539,-6.436921265086309e-7,-5.142555840154379e-5,-3.06426250052643e-5,-1.3246491726709228e-5,9.66867842209861e-5,-0.030288957337558424,2.3683314198329966e-7,-0.0002941933282809749,-0.00017479345170533754,-5.9020519305664226e-5,-5.81836812383612e-9,0.015644073296531523,-2.0188941773725403e-7,0.22366854593263563,-8.143588746590718e-5,-0.0018744413256892624,-0.07389110713448135,-0.0001491351002805564,3.15437597792518e-6,-0.002661744362642115,-1.7741549912413905e-7,0.001060975472394387,0.22821950898008322,-9.81647818135039e-6,0.00019410637526524018,-0.0062147056635478825,0.0011720188005470776,-0.00012186982427018186,0.0008439281839157154,-5.8305756726772627e-8,-0.00014096286568860954,-2.4401068385540615e-7,4.665159235503006e-7,-3.591008872463249e-6,0.004488485282887255,-0.03083324607169489,0.00046398859960307057,0.015020680514386316,3.0072532016867865e-7,3.06900007015538e-8,-0.0006825458200760499,0.000498402709211929,1.9429150292414703e-5,0.0008410738658412095,3.041646258378868e-6,-5.19270982176662e-7,0.003594718247858514,-1.1365873616428828e-6,0.00040957345730815395,-0.0006543680375292473,0.00038810727068981063,5.647551879824399e-7,-0.028325419334985013,1.3031311905942032e-8,-0.009341228017284584,2.4346166296331513e-5,0.0004894579922888412,2.8317246468568286e-6,-1.9797660047321317e-7,0.003713107206591181,-0.001708060417711049,-0.10092193507256124,-0.0005376218790030201,0.0040781832361442005,2.8522771328563335e-10,8.541698675615235e-6,-0.0019242822068346948,-0.001691407308831102,-3.356295108757179e-8,0.003964233093568575,0.0784824990989586,0.014386962442772782,0.0036886356889441704,-2.7732286371686077e-5,-8.891625685155402e-5,-0.0011503596091486633,0.002873207756703691,-0.0003342480940037014,-1.1026750714397767e-8,0.002683358002662291,-0.00015367553101816334,-0.030798481587450976,-6.33047708722711e-6,-3.642231989263232e-5,0.0004804000002971752,0.010012909134822364,-0.00021523960438301699,0.11330997069430061,1.8448880261623782e-5,0.007741146459002444,0.0012445824134393174,2.4019277342533835e-5,0.0068102014214988784,-3.4235075423669036e-7,1.7443830784375707e-5,3.2616397474768483e-6,-0.041431736450163334,-0.0008617631188014094,-9.507339174201763e-9,0.034362453210812424,-0.0043152834185340005,-0.0018961959140751748,2.0268923784898857e-7,-0.06744913944707205,-1.0287312550495271e-7,-5.263680607764312e-5,0.0016647616194482191,0.0003178277967152208,0.0002715604716023526,-1.0959970735401962e-6,0.0009017447278197359,0.0011534420789350958,-0.02654391471868239,5.086097098445085e-6,1.0184173416608693e-7,-0.03173073600081523,0.00014873392118337246,-5.104390520213593e-6,6.517235013412232e-8,0.0002766641559429464,0.003238393243821664,0.20435241757343886,-0.00013743235144465907,-1.6647874163542027e-5,0.013761621520398169,-6.154008928204661e-7,1.2360317448092803e-6,5.411529823913758e-7,0.01469236943363645,0.013052082251159095,0.004668078198924164,-0.0008578726898834866,1.5363647818596057e-5,-5.651700262800866e-5,-8.348212355058946e-8,0.0008760441160214842,-9.01689202831401e-8,-0.026991508286444622,1.5262571955890563e-7,0.003759028524776969,-6.61320542949893e-6,8.209877527417076e-7,2.3578951688518475e-5,-1.0227943559702633e-8,-6.185568353271542e-5,-0.00018830757941459857,-1.5015100878896197e-8,7.390659104700989e-9,-0.0003145573940934128,-0.001096259695577447,-7.636021666172038e-5,0.007104820810596548,0.00018698116432358872,-0.0013642540527909984,0.0003201180249559953,-6.37015017452007e-5,-0.022983033392865976,0.0004757331819622468,-0.00018163203527063275,0.0007379013609535023,-0.0018116221231908277,-0.0017404061403474887,1.1795196469214974e-5,3.482209639004905e-5,5.58525773086842e-7,-8.469860738764802e-8,0.00013206219460964598,1.0550833550436853e-7,0.00014615653025605525,-3.212848196582906e-8,0.002170595407774301,-0.0003220984009989024,0.0008665356158403236,-0.0002504879186505196,-2.5347167749144736e-9,-2.5904600198656352e-8,-2.7676624520242944e-8,8.348151784646018e-9,-3.040707367341029e-8,0.012511572414806986,3.926342168600406e-6,1.5726671475925167e-5,-0.044637784207641404,-1.6289571930594533e-6,3.1556967610133714e-6,2.917704393708325e-5,0.00015078064431694405,0.00033605297721690845,-0.08617502022353461,0.006480308417547933,1.2188955811357496e-6,0.07504373794170051,-1.0377089535392095e-5,0.000976700801229935,-8.108994330403533e-8,8.301153028299187e-8,1.0138887553522057e-5,0.0005966556487880231,7.479043386001058e-7,0.00886558200788086,-5.9548793315706875e-5,1.08997597075476e-8,0.0003962597673819813,7.015906021067941e-5,-0.002393691024190201,-4.8886380886079715e-5,-4.4557156763746144e-7,-2.2972707999676526e-7,-0.0006423415136861008,-4.80462096974089e-8,-0.02783576193175803,1.292978553963388e-8,-0.001011763858766907,3.320784865139036e-7,-9.20333118278473e-6,-9.43474841258356e-6,-0.00015769621808911713,-0.00015129304666639394,0.0035814047280435645,0.013500982361127935,-1.4017047864762048e-5,0.002220564312457904,-9.677890788137312e-8,0.000576813575812606,-8.366798700770861e-6,-4.20539100695416e-6,-7.34049358408116e-6,-0.003466896931184137,7.377562021238134e-9,-0.0004612959951016953,0.010102047670144143,0.0015379306446057339,1.8308708217866234e-7,-1.890629142676903e-8,7.111199599763452e-8,0.0004758933187505668,-3.2355804831672704e-7,-3.2976228347554667e-7,-7.434422207668484e-7,6.222556788916531e-6,9.082470829754226e-5,-0.0015154196306030503,-0.05884871493127989,-2.0858379427757445e-7,-3.407915388114875e-7,2.6199270665300713e-8,-0.03339835058595632,-2.766504034867507e-6,-5.672492221077212e-5,-0.000761423224572834,0.0004674154790378174,1.3222365724952923e-6,-0.01812072531120171,0.4155427558896021,-1.8332274778438133e-6,-1.0729199652536544e-6,0.010213945225066362,0.008357823819224924,7.1370928187165575e-6,-8.212377263793009e-6,-0.03634158395813308,0.0014422772829160602,-9.794811676489959e-8,-4.7486020756211205e-6,0.0002797464465774424,1.785344034444842e-5,4.8013540776262145e-6,0.00019372659031942696,-0.10829866372573978,-0.0002223700676646973,0.0007680414533026992,-0.1257847114739697,-0.0030237580645661208,-0.028745898685335176,-7.430091397150049e-9,-0.01140908892649186,3.5733662448757475e-5,0.0003843216389772718,-0.00012017962803780644,-5.647396505490638e-6,1.897662917895698e-7,9.439371653680548e-5,-0.002282895468434233,0.0013693299212807005,0.07603764845103653,-0.05956272441324643,3.2015934895282286e-8,2.7189818006358752e-5,0.006511307331621795,-3.3049057751294064e-5,-0.05660159994172022,-0.00025480363712338157,-0.003337664891861493,0.006576760734604389,-0.001107130142633009,0.0003441781018120805,-0.0017406040852708904,-7.21398055861084e-5,-6.114621380388308e-8,0.0001635681339981804,0.0073259426460085654,-0.02026401382769469,-0.0014320306269925908,0.006998800631911573,-0.002421696446775054,0.0009951057999936026,-1.563506477891607e-5,-1.9951958349803648e-5,0.0072690205043755346,0.0010487818663038912,-0.03933763000671897,6.735632885118427e-6,0.0013736087882108671,-1.543873478756528e-7,0.04595885710680284,0.00017898273250636324,2.260316551641012e-5,0.00016659724056932083,-0.0014222677178681704,0.24934278793086825,-0.00478905340905409,-0.002709412239800385,4.0286100188359e-7,-8.915531126839944e-5,-1.7125257131560484e-6,5.069548050140232e-7,0.00021862809354034914,3.4083735419264594e-8,0.00010736653916170038,0.2785099645136359,0.09763027342406946,2.5740432727285054e-8,5.168641635911725e-5,0.007438654419164076,-0.003173979772696606,-1.1929916535536145e-7,3.98476473015441e-7,-0.0010891044924292497,1.5524175434107456e-7,0.0012960661603661668,0.00013267754382669704,-0.001035802922447304,-0.0005268648935471016,-0.08848078848625843,0.0037367596345102743,0.23230288403007976,-8.014830538884924e-6,0.0001277297594956103,-0.008923420917428468,0.009685959375398491,0.0015220447449561915,-4.930042848410333e-9,-6.230196144641337e-7,3.516739939479905e-5,-0.001342671739564024,0.0028651902949182293,7.569648705158214e-7,-0.014179771861943686,0.004219112707420066,0.004542608393853034,-0.015316692075148712,-0.05979531902725371,3.79157153991395e-6,-0.0005122130021174905,-4.389484484765118e-5,3.380797523618544e-9,0.0001867388773654963,-0.0012766230033365712,-1.5005011728499799e-6,3.243020145208248e-5,0.000592689166055638,-0.00010874199867742326,8.833801975230432e-9,8.622504882241944e-8,-5.760367171308158e-8,0.0008019890208252642,0.0064219673040704466,0.004088970760910114,-1.3343484871405248e-5,-1.8915327626381043e-5,2.0555919902196192e-8,-2.606592963712656e-5,-2.8640462443681684e-6,0.0002817225994665377,-3.2510104084780963e-9,0.026970731157092823,-0.0037560851361686655,-0.0005788771465136116,-2.8771805811255006e-6,0.2472465826103119,-0.0012895092917626953,-0.05587785467945771,-3.1644902825652655e-7,4.5292367997437305e-5,1.0246078561038588e-5,0.0014880140378260272,1.4426581958765953e-6,0.0036061413157979813,-6.13202462432891e-6,-3.0301473530827265e-6,0.001567299896814526,-5.337142983778122e-5,6.010203280831003e-6,-0.00071156684436271,0.0005922755075406441,0.00792265144736881,2.606610771187988e-7,-1.6383647369388552e-6,-0.03414495505553255,1.1913943669213248e-7,1.0274472740300327e-6,-0.0009692668097242829,-5.279459522612911e-6,0.007026321590061809,0.0005137129716967857,-0.0006422131620829512,0.0013752336641453357,6.536238502051526e-8,0.0007823059765255293,-1.2264480403871356e-6,3.401915720207256e-10,0.00021622556998906217,0.0006534098557296888,0.002781830410643996,-2.4398714079560646e-7,8.704962630022055e-7,0.10274319734597222,-0.002319848792540345,-0.00018881107510227243,0.0012079800947924738,-0.004953739442697396,-7.604090966493287e-8,-0.003374401652240233,2.8402692920472303e-6,0.0008464001843121585,9.134987227137195e-5,0.022454760657994004,-0.02761615134219929,4.916813191354236e-7,0.00036574394087177017,0.007017611181183065,-0.00024704898086369353,-0.00012840238865309976,-0.00010297029377187462,-0.012600118907539853,-8.040349563528541e-8,-6.842205767042618e-6,0.0014955149244910053,0.008241775953801173,0.008111473082700674,-0.0808688744978939,0.0007827332829754332,2.271254445141385e-5,0.013150005864843922,1.2212106053317335e-8,-4.179253038425441e-8,-0.00018055549484787418,5.33917561217941e-8,-0.00472245649967665,0.000928335579983731,-9.951177473388867e-5,-1.9232104884481706e-5,0.0001054386404264704,-1.3443350186976997e-7,-9.152955807283963e-8,0.006328897169358856,-0.0008066278918952061,0.00012935369709840552,-0.0018219542541060077,0.2806132442157319,0.0006253044820687754,-3.140181211943325e-6,-0.005233161160715541,-4.7776887559412235e-5,-0.00013856748299434217,9.276621849402238e-7,0.00017557917016409842,3.780536816705575e-7,0.004897085384146702,3.469715721546725e-5,-1.7436423075422815e-7,-4.456845156797219e-7,0.007433868861992026,0.014227313546512941,0.0004609508641314794,-3.4050894599083323e-5,0.00013504354193221953,-3.1161183325003156e-5,0.0010725448263695571,-9.660364957832944e-5,-8.146732398442942e-6,-8.2240040578231e-6,-4.034072142676172e-7,-0.0007236902216839593,-5.622927682259661e-7,7.125151141706973e-6,4.773180578490912e-5,-1.3391318577787178e-5,-0.0023129248870695307,2.3478846596627797e-7,-4.6658920539826465e-7,4.37297348840568e-7,0.000821776838255053,3.1402120596239654e-6,0.006712431549575416,0.0006438710879353139,-4.3822330969269205e-8,-0.0022964252541143354,-0.04445617641391201,8.396436125004181e-5,0.00019257986272023804,0.00016804944108888,1.3328522559075004e-7,-0.04903391660184559,0.009993280356060797,-0.0389226081793952,-1.1569939489922182e-5,0.008758330838941186,9.800824041416794e-9,-0.005041140814664164,0.006133630616066537,-9.469134058696377e-5,0.058014068756140263,-2.1079535844998594e-7,-0.0002495400131013588,6.734242670633112e-7,2.980062278259803e-8,-1.3150225352858158e-9,0.0020161299703954855,0.3811175836286772,0.00977440566418993,0.0041758166075221695,-8.628465046373717e-8,-0.05943598311879649,-0.0008612127012703899,-0.0009329688231581284,9.223026119568273e-7,0.002933667733594561,0.019286267910287615,0.0005118556031945999,-1.8127339402506098e-5,4.004277980495273e-5,-0.0013693522635936659,0.0004298785258552992,8.522588001064193e-6,7.334949808535331e-5,-0.0028171948852617522,-0.06387440095828643,-0.002437707733673497,-5.854723010479769e-6,0.0038560596405441505,0.06029755063752432,0.002820967079157605,1.5068839410045036e-7,5.727985907851102e-6,-4.096187983854295e-5,-2.7107032646695677e-5,-5.636694762321283e-5,1.3252591679237128e-5,0.0011732862903018673,0.0006009976300487215,-2.298677487871884e-7,-7.302416170779536e-5,-2.6160758738157484e-5
0.0,0.0,0.0,0.0,0.0,0.0,0.0,0.0,0.0,0.0,0.0,0.0,0.0,0.0,0.0,0.0,0.0,0.0,0.0,0.0,0.0,0.0,0.0,0.0,0.0,0.0,0.0,0.0,0.0,0.0,0.0,0.0,0.0,0.0,0.0,0.0,0.0,0.0,0.0,0.0,0.0,0.0,0.0,0.0,0.0,0.0,0.0,0.0,0.0,0.0,0.0,0.0,0.0,0.0,0.0,0.0,0.0,0.0,0.0,0.0,0.0,0.0,0.0,0.0,0.0,0.0,0.0,0.0,0.0,0.0,0.45209412207896144,-0.002209371120786979,0.0009042969528370454,9.537308004095667e-10,0.015793176601491113,1.1575300308170631e-7,6.621955163105972e-6,5.86192387314936e-6,-4.439554389612105e-6,3.45971380934795e-10,0.006897272626208172,-3.448543762045103e-5,-1.8298540253373313e-6,2.6468425540027277e-6,-0.00020120405991102115,0.0003544636117368734,4.492568948335884e-9,-9.19777513948329e-8,0.009597525802057862,-2.430244830418932e-12,-1.3335781580111509e-8,0.022488668299220416,-0.0005187718236660319,6.645554491701962e-8,3.26193402920321e-7,-3.0748472397022955e-6,-1.4461435389065137e-8,-2.5580955072953316e-10,-0.013299258006425854,0.1000256825049596,-0.002592212726410198,0.0141610077127297,-8.163873318712403e-10,0.0108579585786959,0.0003668917906777051,0.00028557220673612843,-1.9027113280757712e-5,-0.10044838382392855,-0.06488246956286862,-3.0461312121347817e-6,6.627195663286669e-9,3.9724338178643977e-10,-8.437481210516555e-9,0.00046634997822004014,-3.26092443839461e-7,-4.3555987516862986e-5,-3.743710250140387e-10,-0.0013726227322546946,0.1238815496074404,4.831083406685594e-6,0.00010627282289139019,1.173215476940227e-10,-4.234150848553823e-6,-0.08652623037538992,-7.51305619096308e-10,8.632227360549733e-8,8.766480352607738e-7,0.0003633701848903887,1.288083249050572e-7,-0.006156460308065356,0.003918435571264609,4.84130182680042e-9,-4.357459576792297e-6,0.02820184355316694,6.58271912175909e-10,-2.415120763974109e-8,3.994710416291351e-9,9.261349656812757e-7,2.151438566249123e-5,1.8931099837040028e-5,9.537661594605978e-8,5.353980228753674e-9,0.013697349793012358,-2.6278022190392306e-8,3.132404891253243e-5,-1.4116209118136231e-6,-0.0017053024043821433,-0.029873233138807152,0.252897175521649,0.003514919301586049,9.103015812938374e-7,3.080681607318514e-10,8.51848144955496e-8,-1.4651765676939694e-7,-4.49903602387053e-5,-0.00015122637131198354,6.858496796337836e-7,-1.5587021621343477e-5,7.3966994449657005e-6,-0.03460977403687593,-3.1109177675019944e-9,0.014398919728377698,4.03730546072333e-11,2.5762184191627185e-10,0.0013956138926291602,2.8964282013915485e-5,1.3726739370063017e-8,1.4099323383969134e-7,-0.018019415800970443,0.004605366987847754,-7.986211423667034e-9,0.08421907075463869,-0.0009226120084651781,-0.0510724424164535,0.020092389707511305,-7.575707464699299e-8,-8.177291116403317e-6,-2.3814118811510756e-10,1.890736865758827e-9,0.007673542225825524,-2.2685214157426165e-6,4.879192349766552e-7,-5.281977054775722e-9,0.00027488013541878266,0.006618832408317518,3.57109533650875e-5,2.1627819953302913e-7,-0.0033263250092509093,-4.600621756145464e-9,-0.0016823685110692117,4.2844942561077084e-6,-2.5644356336342714e-9,0.0004821400907871715,1.2804085362342733e-6,1.3549865769755427e-8,0.005813975294229493,-8.640713384640932e-6,1.0966560049670289e-8,5.734529798930615e-9,-0.00012861297727627838,0.017982905387217127,9.627765561247567e-8,-6.55261595446856e-6,-1.9220347045866233e-5,0.0004372193385583987,-2.5688322209853677e-6,-0.019275762868422596,-1.8182973782171212e-7,2.1860330924071626e-9,-8.467089406654735e-6,-0.010304088795480096,-4.5483482522496235e-11,-0.05403194103684683,3.717242228789065e-6,-0.00013351510667775301,9.84884094926882e-10,-5.347762844942491e-5,1.9852903712737978e-10,-2.8779276614875243e-8,0.011275004448916149,-0.0026011814013099806,0.00039529309989919846,-1.1440487343811125e-6,-2.959105065306204e-9,0.0020325417058909227,-0.034553190273096016,6.493423935449763e-10,1.1492236305984633e-7,0.0006150056672187889,6.240681401914878e-9,0.04392211896175061,-2.0917523255002533e-7,0.00958392202723585,1.897165668554531e-6,-5.7034983285272374e-5,-0.024924951042221564,-7.75528765572026e-11,-2.5333682333054634e-10,2.9550607164780628e-5,-5.469525890271413e-6,-3.148548173540079e-8,0.008207063114361876,5.94987724184551e-11,1.7017542737451718e-5,-1.472743516775169e-10,0.0012191262256016366,4.4466599851900526e-8,0.28991471338559677,-2.959455242426171e-7,0.0004146959473865402,-2.15572509441337e-9,-9.907014698135711e-8,-5.780089096274435e-10,0.002900016227773119,-3.697138119765204e-9,0.004530110731419104,-6.136733528751654e-8,9.416073673666953e-8,0.0041807085680525425,-0.0006010122258319257,-4.75801199073597e-9,-5.102206413741256e-7,0.00017024078284164827,-0.00011730347643646196,0.004597178328250151,-1.873404019704491e-11,0.294873276218257,0.025758040137512678,0.014004862859932887,-4.6722812964621565e-6,-1.79866515040373e-8,2.6187149855849035e-10,-5.160660536187339e-6,-0.046693993439947616,0.008531424892339245,5.862337329046426e-7,3.668900502937554e-10,-0.00044944707869864933,-2.559095339110067e-6,0.0026510594451471525,0.0003900946188671787,-2.8659705607995234e-6,0.004110701976451388,8.348938470421915e-10,2.6423167724888525e-7,-3.907975938143412e-5,-0.0754544491686009,-1.3926268207300056e-7,-0.02547826589053266,-7.183084677895572e-9,0.00024150692151611233,-2.838795393569205e-10,-0.0038771499938510057,0.09335323739027082,7.101615041383055e-8,2.001133068774604e-5,1.4970821830120853e-6,1.5480787569923183e-9,1.178983697146079e-8,0.011813935938884924,6.813736898419065e-12,-2.43430330974458e-9,2.449914482021463e-5,-0.0018038813673737567,1.2326289819960886e-6,-2.415753826947458e-6,-3.555461324344439e-8,-6.274730651480647e-7,-0.0033236793672995215,-0.0008323096207998911,1.014033557353831e-9,-1.786528552159273e-7,-6.550214901784311e-10,-0.018281322226360655,3.476697663662204e-9,0.00017063956121534467,6.272070296055633e-7,0.03478137271099669,-0.0013395052224669218,4.703183942397927e-10,-1.2330029216486216e-6,1.5092030114310077e-5,4.626833561385411e-7,-0.006956851586887861,9.003968819350263e-9,-2.320030348836827e-6,-0.000772735956754421,6.315836939521119e-8,0.09380325825566249,2.0649060648999957e-10,-0.029741525970262053,5.370856219296895e-7,1.3257260670598608e-5,0.024575211578061435,-1.93825760134619e-8,-3.9583433775563426e-9,3.880466539511668e-5,-0.009327432420924724,-9.123300407592772e-8,0.03512668126834974,-0.002915659891827338,-6.606948167155008e-6,0.00011019749263458939,4.6491390860020097e-10,0.022252724226359922,-0.0003163507080436342,7.489110082610754e-10,4.062176628219738e-7,0.0002835222628372913,0.005564981466645929,-2.5738976345483187e-9,3.511537879009885e-5,0.0033287908078126487,-0.03563137357989605,-0.0004280172966304801,-3.927150053466156e-6,2.5251751274686226e-7,0.00024258839807444715,0.0013038661648380715,-5.797052456691209e-6,0.3555285863740673,-0.004699979727495765,-0.018309351234677987,5.410164553365115e-8,-8.291197738834316e-8,-5.372471842005815e-9,-4.984153477766497e-10,-0.0004933354420823171,2.1072921163768454e-5,0.0464133594403966,-2.597808417304831e-7,0.09014878711358215,-8.292447893995216e-9,0.0031624858126378195,-7.972323148814532e-6,0.009449864485329165,-0.02107361043008872,-0.002730029411544515,0.0045374245126063965,-0.0010809266544860338,-3.180856970014229e-10,0.05113252191331953,0.007837611499676033,1.525016641034398e-5,7.110027930224374e-8,0.0001970300617271645,-2.1193058352109315e-7,-2.9003097886123203e-11,-8.891953819152192e-6,-5.5464277183643086e-5,9.369595563131958e-5,1.684860949919528e-6,-1.9141870859296007e-6,-4.798755808103856e-10,2.4286596459634054e-9,-1.7780400581546045e-5,-2.8793965359994958e-9,-1.9092640684142804e-10,-0.0021802777006844926,0.025151077217877738,0.052777667960445036,6.627014095360293e-11,0.0024186473407180387,-3.6893320758517143e-10,0.0010566463953303133,-3.3348404942497635e-8,7.16561709910125e-6,8.936789746660562e-10,-4.983112659911377e-6,0.0029474954811449083,0.020494546220310866,-5.759332719820479e-5,0.012850169500605562,0.0003135611791330388,2.2700652107604135e-8,0.0015907758722481487,-0.007053961636710776,2.077437308070088e-6,0.026811920823301614,0.011965951998496155,0.00016698085447298854,1.9618167802538838e-10,-0.0003637679159231332,-4.4818540653486007e-7,-1.6969186638458812e-6,-0.08078956719224244,1.9725895113830467e-7,0.004868774113094142,3.1625030194236057e-9,0.13293003276620818,-0.0028564224300034564,0.006864716338916191,3.4675078568326602e-9,0.0065645594097109,-1.1556563108436649e-8,-3.721007359863043e-10,0.00449303679577541,7.834428082628856e-10,3.04451177501587e-7,-2.3202546423100993e-9,-0.0008784665708675473,0.13709103332320788,-0.10201143445383305,-7.886283433954326e-5,0.015948592032194817,9.848531554616616e-7,-0.060572722267772224,4.843396650349234e-8,-0.01699752220225453,0.022541153220600497,0.02991536801158326,-6.292092204973832e-10,-4.3241878921280197e-10,3.635872390084848e-8,-4.986693278444569e-6,3.934625126790813e-5,-1.6891191658152024e-7,-0.05475474700076297,1.9163776938942885e-10,-0.0014959662695589468,0.021669314879867712,0.0057973968637070935,1.4552900682571866e-8,0.012215709044692142,-5.806170211625763e-10,-9.445093870384387e-6,5.597490601477841e-9,-0.09109648156652642,0.004862864154234323,0.006294182845252992,2.7764112743798696e-9,0.2392451149702595,0.006880881292329604,-0.06996912433811117,-0.0056048902134444205,-5.2887047047859674e-11,1.964407790542623e-7,-7.264747425220114e-8,-0.05381674985255632,0.011724963564424854,0.012837506830882537,2.5082978931897172e-6,0.0054190101861338776,-1.5224629212368193e-10,9.84973120636128e-7,-1.250895098917712e-5,-0.04565738908771121,-2.23805021537199e-8,1.5484156732649575e-7,0.014777351257190917,0.007204760182653071,2.0274025292100443e-6,-9.844384723957438e-6,-2.1351438710900473e-5,7.04016966576896e-5,-5.032115921093243e-8,-1.7167040093283266e-8,0.1656550342079529,0.009794847348693108,1.5586561538104766e-9,1.3193357764577426e-5,-0.005903037485378907,8.6667500167641e-5,3.624855349699365e-6,0.00021992716091071,1.4909055526046635e-8,1.5936483203872048e-6,2.799050621905375e-7,-1.8511866751089113e-6,0.017498205121255092,-4.401415067412722e-6,7.841625259211407e-5,-6.0335706322564755e-9,-6.325018385254102e-11,-5.796950333024948e-7,-0.045854140276428396,-1.5952261929792975e-10,-5.087161390890996e-9,1.2407500807746166e-9,1.9964257421644136e-8,1.0653612559974494e-6,-0.0044577791447335076,-0.011059564008591849,5.352355333121858e-7,0.0003139458452486233,-1.1331105092650428e-7,3.964452444420064e-10,-1.5679703648333318e-9,1.5220552133115353e-7,-6.587039523120715e-6,6.599760059072951e-10,-7.742958210658561e-10,0.00044909888108684784,0.004730927307967725,0.0003885033103458131,-7.263927469682712e-6,-1.2879867540174059e-8,3.054818364621315e-7,8.118199699633795e-9,4.126861453414119e-5,5.579673431885266e-10,-0.0022966095975555795,-0.0016725143542729943,6.894155464566185e-9,-1.2807550049673062e-5,-4.563518188157519e-8,-1.4951111207552542e-10,-2.3530553779031763e-8,0.13546548239130923,1.6201960431971797e-8,0.00010662095802434505,-5.090399044178866e-5,4.793934483849041e-9,-1.918970414565137e-9,1.026234106625784e-7,-4.697644948662111e-9,-4.893608138473979e-5,0.019523029677279435,-1.1846439900597375e-10,0.0104918884652819,-0.0856770231675195,1.7489015559844343e-9,0.001029402323609172,-3.0448101477557227e-5,2.092632831914219e-7,-8.267510902853833e-7,0.0024245951432132016,-0.00033981648707850226,-2.603663881312211e-6,-3.942901333420873e-9,-0.0026393460107583372,-0.05005941862213471,-1.1502944497997236e-9,-0.004211049266487107,-1.1981521124261672e-7,-0.00039777194633811805,9.800329472976782e-6,1.2191169358679342e-5,1.622249685724737e-6,1.5892515516348806e-8,2.657556756196601e-8,0.0015118173136508164,-2.0875502004124944e-5,-1.0143113181172102e-7,9.828577806422506e-8,4.468280217968088e-9,-0.03560451619525525,0.02961233560091815,2.4903501636750644e-10,-1.2355121374388042e-9,-1.4814311756359246e-6,-9.129887073033178e-11,-1.4767935753482916e-8,-3.605820682689645e-7,4.65122223197086e-6,6.346113223152714e-7,2.053630741332212e-6,0.004055396441386847,1.3438833779374537e-5,-3.612691995884914e-10,0.0020116929955187168,-6.951828403024139e-7,-5.127229492327868e-5,1.0979301108972406e-5,-8.818701671788149e-5,6.815613242947942e-10,-1.5298047686750664e-10,0.0041070918731369345,-0.019025281270150657,0.04396940958468409,-1.5197347458066076e-6,4.70191918596934e-9,4.081306756767369e-9,-0.000993376830753671,0.0003062303110392938,-0.00020802323885498475,-0.0002573447872110478,0.01726367365320384,-2.2408502837167018e-8,-0.0025030741287638053,1.9701889101178871e-7,-8.072687927972974e-9,-6.824506953054285e-6,0.005802659773109417,-1.0079360166122199e-6,3.0084221121665075e-9,-4.331158065125355e-8,0.17606153601469232,1.005913736820118e-10,0.01041689720363287,4.256600893137133e-9,-0.0002958928753361313,5.2770365675318065e-11,3.945959542996734e-11,0.010850216125878076,4.392099243173269e-6,-0.0021993192584774117,-0.0016856724035472811,8.665676503511142e-5,-0.00017850719064439836,1.2695756176968165e-8,-0.004958580169155228,-0.002808862320339841,2.9549790731207775e-8,5.338206573091482e-5,-0.02191132449980729,8.32972418106397e-6,-0.0006677377914263237,-8.109742147765995e-8,-0.00025131969310562667,1.0270757635532702e-10,9.575991849976107e-6,-0.004278239807072487,8.763246916594419e-10,0.008899784717055234,-0.014721576371600152,-3.194455459619466e-5,2.3337373323439847e-12,3.4621540930264424e-9,-0.08265829109175937,-0.03005084349292545,4.2646620223216275e-7,-3.5371166878688616e-9,4.0239650933863916e-10,5.381900538199644e-8,3.226659732730798e-6,0.0030817545601881215,3.299329793400307e-5,-0.016334444348392263,6.231416204784165e-10,-5.205304564610058e-5,2.2912917681107016e-8,3.1459685848833952e-6,-0.025117798729265506,-7.861741364154611e-5,3.980429246045323e-8,5.583720505154156e-7,0.00041639497324491413,0.0002984690921048855,-2.17105229328746e-8,-0.0555499753620089,0.01952955291137776,5.005327750492589e-8,-1.0831979059801662e-6,6.419740544634997e-7,3.0454984447871653e-6,6.032762321517117e-10,-0.0007534299674391695,-1.3771974048182425e-6,-0.02253006488175557,0.017485809472116975,0.00017642976040427552,-0.068584040208649,4.81379905450683e-7,4.660619585029062e-9,2.3091757816873916e-10,0.00172595065005948,0.0005048145482744906,0.0059477198174825874,0.06297916888355266,-6.773548918949832e-9,-3.537922269463016e-5,4.328062796107678e-10,2.2898014706883078e-7,1.3810292823696915e-7,1.1480489363340313e-9,0.016873578315240667,9.782868372521808e-8,-0.003289248528576785,0.0007092219837673311,-0.00042693798514886993,2.355137294996324e-10,0.021352628367765976,-1.5030711026561601e-5,-0.0011812373673278983,0.028719235779095128,0.25170214700568955,-2.7665299433410646e-6,-7.543097668079109e-6,2.0048086388897057e-10,-1.1601277551231612e-11,6.888233629180893e-11,-0.0025136811324745593,9.390805606103284e-10,0.0004497677061750216,0.010601038009269122,0.003030363966708957,0.3743840160543306,-5.015019007993984e-5,-0.004547472409393349,-6.528645097843452e-11,0.0002926359491413901,0.0016577984700706693,-2.873676178753381e-5,-0.001107514594743639,0.15797378925176217,-0.05787713355538594,6.495216655069345e-10,0.0007565994550034386,-4.219096601762084e-8,-1.769374015433961e-5,0.06228088799325767,3.0875572331400905e-7,-6.105292981233586e-8,8.224168669152629e-5,3.3213250165415514e-10,0.0004610157841945873,-0.00010252501681007137,-1.1015737814965487e-7,-6.694404061852869e-6,-3.0312809117806632e-6,0.010845718928615794,-6.084761630120811e-6,0.006995155167698422,-4.223648919230598e-9,-1.4318057670308475e-6,0.0003452588616845142,1.1646925991465438e-7,-0.09634314293985874,4.3202583267532755e-9,-0.03642809804717964,0.013955003405956111,0.01280246985316745,-1.6393048691343413e-8,-3.940618752556982e-7,-5.887488290264012e-7,-1.1983958084831782e-6,0.058281183216551034,-9.233998431183034e-8,-3.2992455409397145e-9,3.303123947012544e-5,0.002269290473850894,2.800663661671921e-9,-5.801827754478393e-6,-2.486035561029738e-6,0.0005982318209805571,-1.3246990334275047e-5,-1.1892296934788637e-9,7.880810667825979e-10,-0.01032713403326744,-3.28450401378144e-5,2.053073893788887e-5,-1.164861182625416e-7,-2.9740623551339726e-5,0.01606886795301801,-2.804295830298303e-6,2.1873251479386595e-8,-2.1305209166277883e-7,-0.009458299937073042,0.004414117532747077,-0.0009828962600416597,-0.002820612670714757,-0.0016074619491224006,-0.001134381891186574,3.4510472331212062e-9,2.5943744120673866e-9,0.23660299472016308,7.265425999837809e-5,-6.727175286578758e-11
0.0,0.0,0.0,0.0,0.0,0.0,0.0,0.0,0.0,0.0,0.0,0.0,0.0,0.0,0.0,0.0,0.0,0.0,0.0,0.0,0.0,0.0,0.0,0.0,0.0,0.0,0.0,0.0,0.0,0.0,0.0,0.0,0.0,0.0,0.0,0.0,0.0,0.0,0.0,0.0,0.0,0.0,0.0,0.0,0.0,0.0,0.0,0.0,0.0,0.0,0.0,0.0,0.0,0.0,0.0,0.0,0.0,0.0,0.0,0.0,0.0,0.0,0.0,0.0,0.0,0.0,0.0,0.0,0.0,0.0,0.0,0.4511383224436475,0.00022591366704021972,2.785195745841747e-7,0.0026264298513045455,-8.383100496324449e-5,0.018019164871409865,0.0009304301958820364,0.0008805680542380928,3.464044899550541e-7,-0.028827872891047105,0.0032744790162580807,-0.00253491517746655,-0.00013093790638924493,-0.069725389084193,-0.07287794628123158,7.838370569148073e-8,6.723777947476916e-7,-0.043880032167655285,-5.500140289122213e-7,3.1298421338918032e-6,-0.04490500079678441,0.015589327001707808,2.293672351212058e-6,0.00012170433643617048,-0.04937269675867329,2.428778981219206e-5,5.068523469731672e-7,0.005785278361507593,0.0003645341999742502,0.11396448220011975,-0.0010832995788641532,9.79977513346715e-8,0.0002218610619915581,-0.017245669973788822,-0.07442727594595897,0.0066719540871437825,0.00420241424020829,-0.003317269726809731,0.0007045638062220271,-4.703751584235592e-6,-1.2654559245704837e-7,3.3223654935593486e-6,-0.03312853431048625,8.323514649685097e-5,0.017536370282461626,9.383703077940667e-8,0.00020613868446493696,-0.005003008351443171,-0.00017165292311526161,-0.03380553923724779,-8.078726603968796e-8,0.0003167401237181431,-0.0013102441574512373,3.342449942138275e-7,1.5740897798202594e-5,0.0001456536352129819,-0.08856870320395126,-5.787497484135433e-5,0.00788793349067546,-7.419265474756588e-5,-1.56796231637241e-6,-0.0005223038004444716,0.004884651320598976,9.549609413011337e-8,-0.002024837099830066,-1.8297723424276192e-6,-0.00017535388371732092,-0.003164016568390305,0.00012069881722345942,-3.5263352110104155e-6,-5.921511313863689e-7,-0.028435215656829296,3.111453053094902e-6,0.0194345658786255,0.0007241291727210675,0.2627238665391569,-0.00042802220039557276,0.0012174136769573165,-0.00781730784643098,-0.00022290566069405214,6.775847267336048e-8,-2.176005819328849e-5,-8.879242523485197e-6,-0.06437290438942218,0.010737376043238827,0.00017414121697031576,0.006403104938401566,0.09061030319917893,-0.0004957238558472637,-6.388169426029735e-7,-0.00013370270617993335,8.134290985420514e-9,1.2764162154982497e-7,0.0028200093367362015,-0.00012350655361685782,2.126992786283237e-6,-6.442447544114513e-5,-0.0018426744113425077,-0.00026489511976170524,-8.056269849885514e-7,0.0005695801330897703,0.09629389467050077,0.007930019509316152,-0.010539222410699092,1.6801078732482817e-8,0.005193680530877531,5.29567397528813e-8,-2.7395750284329448e-8,0.0021964400349385603,-0.00011856250688529595,-3.121648431578062e-5,1.146509293648184e-5,-0.08247849497791727,-0.0646494277799135,0.0007726168297907146,-7.997428370466556e-5,0.15927371010115962,7.116441300002002e-7,-0.015488804284760627,-0.0031020630081354896,-1.125334304323676e-6,-0.020585506762415873,2.704845359588178e-5,-2.931205006512428e-7,4.217722164021923e-5,0.016332308065389548,-1.0673061542703539e-6,-5.136518982768207e-7,0.005089286085372144,0.0005266366514981675,-1.1660592372185557e-5,0.001118713323504866,0.011029164302413571,-0.08429295804283467,0.00023362293184574155,0.00021044147107707013,-2.87293904868596e-5,1.1385763606597936e-7,0.0002590388445190894,0.003270567780314834,2.170063770916356e-8,0.0013144466812358357,-0.0006635068116825389,-0.04669066324573251,2.989216951226854e-7,0.012153288258670502,-2.3290563089399803e-7,9.598475009375746e-6,-0.06131970231141175,-0.010698763152334633,-0.11201387976136457,0.00037783463179403854,-9.705950734252553e-7,5.217261672562873e-5,-7.541099106206439e-5,1.724630935925351e-7,-5.7648372622652244e-5,-0.011120423116659743,8.622094003638457e-7,0.000763886540630244,0.0023398610946008314,4.49907805171539e-5,0.00026256561199922515,0.02837667653228784,0.003769500473301119,-1.5535957024650373e-8,-1.3952733455331506e-8,0.041632513297414,-0.016412022748644704,1.3234261962022028e-5,-0.0005702193409029174,-3.129183587575513e-7,-0.0013538799593541036,3.9842380681018357e-8,0.00010240937506377477,4.265555042667883e-6,0.00061491978330218,8.695446912325849e-5,-0.058936856744246736,7.180495821310953e-7,-6.481615471417058e-6,8.517865809334929e-8,-0.032911178479011156,-1.2988079838517702e-6,-0.0001432638920891435,2.085480574942604e-5,-8.427870411632867e-7,-0.04096657090458468,0.004937470781692281,-1.018491805219221e-6,0.00012387887797202658,-0.04186946475003538,0.008909600191018968,0.00019309142676020633,-3.6239923225559033e-9,0.0005888326472600332,-0.0006405079527597071,-0.008244923164900067,-0.002249641264834249,3.879591085525945e-6,9.386979717203742e-8,-0.0005640483831069254,-0.0004940837113417475,-0.0002626763012361557,-0.00015342621134570094,1.1949203997292362e-8,0.0027870590651293847,0.00048206924186496394,0.004024001234249406,-0.09813962779957869,9.412776386521701e-5,0.007400526832476747,-1.9329024859094485e-7,-7.48053345095497e-5,-0.016626112914732673,-0.001234705915873229,-1.3696036835636433e-5,-9.650960665175057e-5,3.705344906296534e-6,-0.030959398740904493,2.1982569923511778e-7,-0.000588892583468623,-0.0017853369444338415,-1.8598739950161613e-5,-0.002433414259187651,4.453783317071984e-6,-2.5017510191852867e-7,3.45650467941972e-6,-4.6508929179988745e-5,-3.2084529507982367e-10,2.652430677445387e-7,0.01878395925677157,0.00020467889313860723,-0.00016412555423573718,0.0004468515552218875,1.062495809161962e-5,-0.0012628399706032707,0.24134458080069796,0.2856692099679604,-1.5950041153266265e-6,3.361999653214524e-5,8.501253026386216e-8,8.915163165215091e-5,-1.5246546787970732e-6,-0.03008355132433129,9.01648665851389e-5,-0.00028475887133738243,0.12114783119657328,1.1961553866947798e-7,0.00031227050822888244,-0.015201883076635518,-0.00016649028701572769,0.0036325783709425623,-1.2956820032334787e-6,0.0004917594577256019,0.053192478641331496,-2.7605247006652337e-6,0.0016668756209371916,-5.1468526357321163e-8,-0.008585926405330112,7.288752570665046e-5,0.0006192894642581506,6.347033469336047e-5,-3.2099508053830274e-5,-6.218343603713131e-7,-0.004109604775367836,0.00841238407617957,1.1607083910745743e-6,0.0007869507556557802,0.32483087828662904,0.002671291176981663,-0.0554161142596423,-9.298946886628105e-8,0.003220831518957347,0.01661211356817692,3.706098055016641e-7,-8.188801898436859e-6,-0.02518057452548113,-0.00044190121131689597,-2.2439912677417555e-5,0.0008441272148891119,-0.03214763092882308,0.0008153761261385321,0.006305353981904839,-0.00029513617142408954,-0.00013943399478277412,-0.04136570149567668,0.06452160034327824,-0.002489082204437868,-0.0018043777099679876,-2.9531882365861282e-6,0.0037166971050561783,-2.0691414373808587e-6,-2.04719973904784e-5,-9.651249962727142e-8,-6.046134616186285e-7,0.006694871990841495,0.007744896689514567,0.0004925000592411934,8.295674368492493e-5,0.00045095488842930836,3.051132652845199e-6,-0.0022205954674346692,0.0011979570584362508,-0.05682350806938958,-0.003872771800938015,-0.010137710162025892,-5.8557558547553324e-5,0.24886737631060912,2.331427622371703e-8,0.00014103373470870792,-0.00011502890942018275,-0.0015223431421646691,-1.7439838978839953e-5,-0.032945090881886775,-2.869026678652135e-6,1.1927425118771883e-7,0.012289436180573531,0.004826192517909201,-0.011068717862378277,-0.00012991291867668582,-0.0010487157420217285,7.569414491087757e-8,2.0523360580046487e-7,0.008316743838309801,5.314110454106738e-7,1.806200946388856e-8,0.006958882487593594,0.0008424526797386496,0.0008482910805178805,4.661609247362842e-8,-0.016496224396650494,8.675099208656796e-8,0.00013828544092499195,1.9411542767541853e-5,-0.0012036171482278219,2.1471111786602668e-7,0.0015314431745871388,6.123345409867885e-5,8.637803599883242e-5,0.0002015297787472599,-8.620050946095036e-5,0.00013730111689295394,1.1514676438740437e-6,-0.01946041720590099,-0.008639592085189527,0.000287658902322339,-0.05272532745278697,-0.01856475372757702,-0.05178313139170067,-2.0182865389521507e-8,-0.004889278284418915,0.00033605221606308343,-0.0008380673480393545,-0.0014587716188987072,4.323305814639442e-5,-0.03703821687668836,-1.0362142596214597e-6,0.00031780092858140716,-0.0007179179992574691,-0.07796735662422474,1.5053607572363068e-7,0.0015082687501248237,-6.6665709825651495e-6,1.0941294462872972e-7,-0.00018343781382400772,9.592893519162862e-8,4.259386969449438e-5,-1.2852069646649985e-7,0.27196003435802635,-0.0026581484662171664,0.0040765226919717455,0.02375363559475088,0.00031639640875623777,0.00023988967887571982,-2.43099612495889e-5,-1.0705594265302645e-5,-0.0007384809031610656,-0.019788058785353335,-0.013687323457327814,1.2983544615353648e-7,6.046345761027811e-8,-8.222679638188831e-7,-1.92935956443386e-5,-0.0398616282113139,4.398841874985108e-5,0.0008496911733170192,1.8752903190403024e-7,0.06855940494164098,-0.00325544567139352,-0.021484452896382542,-1.2969248817343178e-6,2.1568781176694565e-6,1.7547916516489484e-7,-0.0012106133546410797,-9.066134295951752e-7,0.0009525332103641386,-6.418537857678006e-5,-0.0002433603144538901,-4.00726014820908e-7,-0.00019022029111677124,0.0020803507884840293,0.005300645585626342,-0.005171131412030399,3.721674650519068e-9,0.00015207310733984415,-1.2306016655815541e-6,0.002104197351628577,0.0012644995439629865,-0.00026662192217042057,1.1769877728066337e-5,0.0077159658871918824,3.676794571614949e-8,-0.0002388353649286622,0.005706581212329477,-0.0002495776424060517,5.121078341001629e-6,-3.043418765196108e-6,0.001216474394592068,-0.003311686106928756,-0.003387575973415793,0.0008799251256218845,0.004111316977577536,-0.04894179354990871,1.36811290621463e-5,1.3265856090512768e-6,0.0004198942013955032,-0.020476773946017025,-1.339066706398378e-7,-0.02351008414817855,0.0037961271417612545,-0.07628649503067791,3.9038733622752216e-5,-0.03796339546587172,3.11909914176337e-6,-5.337945358107161e-5,-5.19657527715961e-5,0.0004957660098032439,0.00012708110641181442,0.0006803086143842291,-0.012221720414722003,2.899847634509466e-7,-3.4182973236163496e-8,0.00962733797963522,3.564464858602101e-5,9.118443743222961e-8,-1.4665592698141607e-6,-3.0513290266790917e-7,2.4638409188212397e-5,0.0002463456862329428,7.194143110441875e-5,0.006419618187298792,-8.09595263857729e-5,-0.08185763950945336,-1.7871567635754067e-5,-9.956832416966847e-7,-1.2648833380845342e-6,-6.460951353063737e-5,0.013925776105987909,-4.2781843059389965e-8,5.227618013418012e-8,-0.07056401903779304,0.000260985309497803,-0.09868034403746795,0.0002092556373183532,4.3553053971606004e-6,-4.3983935800482286e-5,-6.773332834814179e-7,0.0063814330591438805,2.652550124810097e-7,0.0072771246809943905,0.030971242386414723,-1.4428879064699203e-6,0.007566012479609554,2.0858993679605207e-6,8.046223255678393e-8,3.7524623925781267e-6,0.0007832482754500459,-1.0920345693005067e-5,-0.07280702790914928,-0.0006290628875329829,-2.11194434437707e-8,4.776032895945555e-7,7.349238245313122e-6,-5.179372086451953e-7,0.023378351746925083,-0.0011387690766934623,2.730275137185491e-8,0.0026610779181536694,0.001742881915440433,5.966487000007862e-8,-0.0004371986733046038,-0.004553375259083955,-8.244433610017357e-5,0.00023692268790481073,-0.00030769294434591514,-0.033906069050783326,0.0003380472957826019,5.421804362100997e-7,0.0011403706670689824,0.001917997381402929,3.35681617300778e-7,0.01049077923606015,2.162093981158869e-5,-0.03207073385339603,0.004714411687805693,0.003728763249178465,-0.00012787279972640547,2.55967776198787e-6,4.377605611566249e-5,0.0018359298594260054,-0.08404092681890657,-3.419324652879048e-5,-1.4234456070703587e-6,1.288881486748484e-6,9.039654556291405e-5,-0.02402160285369669,-9.553042725590023e-8,-2.099934663852389e-7,0.00038724956547958367,1.2428368461034452e-8,3.84963155840294e-6,-0.0009625669702391749,-0.00363061179472172,-5.504285727084153e-5,0.00011215245186914846,-0.01993413623914264,0.002517756967406983,-1.9068594207434742e-8,-2.351697902938356e-5,0.00012634867268254566,0.018874751125889964,0.012707483536575912,-0.048798462414745024,2.6995619906008205e-8,-2.7591200810976855e-8,-3.176829506991419e-5,-9.802306996603148e-5,0.0003505444771066969,0.0003371531081347758,2.805809806637692e-6,2.3829895987458553e-6,0.11445325874445908,-0.04711567136349666,-5.758054045185282e-5,0.08253755358250624,-0.06625697036505221,1.9424221039684426e-5,-3.971363560269793e-6,7.386674316706406e-5,0.00999105534508032,0.012984015301911886,-0.02348339563013507,0.00012670948422527977,-1.5450989384599065e-5,0.00024367016274488607,0.0016180625723675019,-5.3388588822615406e-8,-0.07035771161753049,1.790364493184825e-7,-0.006326812528552641,5.113440369433803e-6,-5.854588147945895e-8,-0.004003112236154379,-0.0015069719414388344,0.3996549272684292,-0.021088354745741094,0.011511899772997713,0.018094860586186496,-7.405294302379937e-7,-0.0010549613945701067,0.005421022659463089,5.872959723347396e-5,-0.029638170643688642,-0.00206367884798046,-0.001100713280621493,-0.02380855430917556,1.2864689946890968e-5,0.011321892588803008,-3.6315940104964325e-7,-0.0023357790115281596,-0.00038791052109577313,2.2545834803998914e-7,0.0018030429008151262,3.282234375210881e-5,0.008410275427175195,2.557452551399206e-7,-2.1722503793687114e-6,0.004626885350343013,0.002057441765199733,-0.00014766668636656446,6.193712963278204e-7,-9.272768009887025e-7,4.943575421961411e-7,-0.00020455266161738953,-6.884711844034698e-5,-0.0041642216264891965,-0.005927034485501105,2.2329336421880974e-7,-0.0018115033678494158,-6.179774720560147e-6,-0.00026060039530617575,-0.0031709746054770713,0.006184283983053574,3.502690793453427e-6,-0.0001276144191551102,-0.06103064345169781,-0.07079134338823027,1.3049733779057059e-5,0.0011294443871297654,-0.0286546689812459,-1.9498702698776573e-5,-0.0008998641426779467,-0.0036101706780117615,0.00018088368645993114,2.6135231273808446e-7,0.04087697770677993,-7.612284777470444e-7,-5.032947625348025e-5,-0.003297099786239746,-0.0104949883592125,0.0009803773294545701,-4.284878773632206e-5,-4.4363267860442824e-7,4.055488421823993e-8,0.0030505056372309605,-0.10065402613783013,-0.057247610494766385,0.0005124015421459084,-6.366781333811534e-8,0.011321837453919533,3.0927027232478583e-8,-1.285759063733014e-5,6.701355416730482e-6,-6.925551618891542e-7,-0.003787565561589657,-3.0793964800986805e-5,0.38525164865612244,-0.018930639431672863,-0.0007468840919392944,7.151605085827753e-8,-3.345987811732139e-5,0.003078400762962318,-0.001807597054752796,0.0014317366863243542,0.0008452946461255081,-0.0005964834823483374,-0.0012418706811693503,1.6140313032878415e-7,1.4512212322752942e-8,4.359762696253723e-8,0.15954862366260358,2.2136004214893752e-7,-0.08934636554155789,-0.015288234271562881,-0.0326512202585297,0.001006735057431833,0.01999493636699543,0.0018592823634414144,8.202985821023543e-9,-0.07264668137118763,0.004671415022612577,0.022202787047910476,-0.0005110104288732848,-0.0004183968695986708,-0.001039769635657638,1.9546307238580437e-7,-0.012195920517284731,2.2855625406012916e-6,0.00168268189552131,0.00044734288558671403,0.0001904643609554918,7.709739618345192e-6,-0.043753837651704895,1.4208665560944178e-7,-0.11221327952895288,0.004276961019580082,-2.300212676941801e-5,-0.0003287331996913547,0.0006653199563673285,-0.042229897556329644,-0.0019610257280853224,-0.00018340734249532023,-1.1978630329155214e-6,-0.0018169082658906718,-0.03800740608443101,-7.320351904024757e-5,0.0035394880649423743,5.198146048706446e-9,-0.0014392591849993874,0.0029382596096534787,2.516211166241231e-5,3.107001243977849e-6,3.271650851617782e-5,-0.0003003330815365407,-0.0010233326803592887,0.0006429954188484296,2.8509943605816996e-6,-3.8065218950111804e-7,0.02223338946129794,-0.03970070197477838,-1.2593859034330881e-6,-0.001446828701469198,0.00039958919046456664,-0.015085771617524652,-0.036742646028258594,-3.3941636929186687e-7,-1.0834326596042341e-7,0.005148960611687556,-0.07514542322479155,-0.0028369816422050206,-4.731447158757132e-6,0.01263569305326017,-0.016384116847001,4.288987181722728e-5,-6.669574369220195e-5,5.413416272926939e-5,-0.0009389450415806472,-0.025251269264560477,0.1476462977805752,0.07407121380320787,0.3299999123491133,0.03436675135645536,-8.761768149063998e-7,-2.2717991600978973e-7,0.001030259666804739,-0.021464566573322467,-4.075666208515294e-9
0.0,0.0,0.0,0.0,0.0,0.0,0.0,0.0,0.0,0.0,0.0,0.0,0.0,0.0,0.0,0.0,0.0,0.0,0.0,0.0,0.0,0.0,0.0,0.0,0.0,0.0,0.0,0.0,0.0,0.0,0.0,0.0,0.0,0.0,0.0,0.0,0.0,0.0,0.0,0.0,0.0,0.0,0.0,0.0,0.0,0.0,0.0,0.0,0.0,0.0,0.0,0.0,0.0,0.0,0.0,0.0,0.0,0.0,0.0,0.0,0.0,0.0,0.0,0.0,0.0,0.0,0.0,0.0,0.0,0.0,0.0,0.0,0.4451271860557035,-1.6489717379791676e-10,-0.0032830264538276518,6.499378904507496e-8,3.1534545009625133e-6,-1.0871887614635546e-6,-3.1011515210193085e-7,1.6878903291731544e-10,-0.000870785297234038,1.2784157587400198e-5,1.4661240124257333e-6,7.569274814231803e-8,6.210432905038777e-5,-3.851466464182718e-5,-4.503019816089944e-10,3.1150991903625996e-9,-0.0001728999387247844,5.239727045681611e-10,-4.644933314736504e-9,-0.0018637786542890235,-4.680477731081262e-5,-1.0331268156629544e-9,-1.4851296137388828e-7,2.7819311896359237e-5,-9.806927582227108e-9,-4.895557163243334e-10,-0.0021189988554451327,0.010028034898999878,7.043056415763542e-5,-0.07019970433355148,-1.924968600019663e-11,-0.045335981371156304,-3.499556309608023e-5,2.329553604680282e-5,-1.1493639927689757e-6,0.006474640423903681,0.00015153865335641603,5.222540050750308e-7,-4.7072658164872506e-9,-4.6042825180696887e-11,-2.8565113942828375e-9,0.00030493949893594226,1.1763458137957581e-8,-7.901015289401812e-6,5.5916897322793545e-11,-0.021442732535735604,-0.009848643752074466,1.493770596797912e-7,-0.000525666144016371,4.137658097819747e-11,-8.225308615585238e-7,0.025627028895428023,3.565652530474344e-10,3.1126275446135395e-9,-1.9178367665348047e-7,2.645497594553232e-5,-5.973039387426722e-8,-0.0007815854206965037,0.026679524577176202,-6.370484418981619e-10,2.4972584734003933e-7,0.008037920362439105,-2.1071879049929145e-10,1.3316808158826647e-6,9.860614143048087e-10,1.1684286667499434e-7,-1.1505179064116557e-6,3.0295394838841344e-6,5.599378239350069e-9,-1.4991487787241e-10,-0.00295703666820341,3.077470097493613e-9,8.674272581752973e-6,-1.1403671865748841e-7,0.00022778882315095585,0.002680556711891942,-0.0020812020217600537,-0.00021141783667420205,5.37923781223093e-8,-1.1761493666783166e-10,-1.8579718907864669e-9,1.1359521940433474e-8,-3.860076741255064e-5,-5.9057036239006384e-6,-1.752495542911127e-7,-9.781931499871896e-8,-7.061350801225685e-5,-0.007892716503336152,4.104230917834842e-10,0.07513095316927297,-2.1260097324774383e-11,-6.04022003925704e-11,0.0002163145550902386,-1.7024053740373914e-6,-1.2912479032126765e-9,3.501117993148699e-8,0.014738349797523224,0.03502625008375835,4.822374558087997e-10,-0.021650333345066743,0.00010712093848806172,0.007689108935352696,-0.002924033580757222,1.979734533642031e-8,6.01192038750895e-6,-2.5128576068401993e-12,-9.807158859283404e-11,0.001504577339409853,4.0896159727307125e-7,5.6141587500523895e-9,-5.4721291036240395e-9,2.205627995075119e-5,-0.0006229456443214734,1.073541392837048e-6,5.192137147521863e-8,0.000146165501285849,-4.3589980045212125e-11,0.00011091809259923387,1.66811020525499e-6,6.01821148720732e-10,-0.0008279468121510493,6.07603029947419e-8,-2.0628027030782066e-9,-0.07082833646410916,4.277359705674349e-6,4.275866409402656e-8,-5.671023008914847e-11,4.401827829471383e-5,-0.0060902421618330635,-2.7003313971562783e-9,-2.6457350787472453e-7,-3.3452817822572386e-6,-8.284164899314348e-5,5.34974361189803e-6,-0.04714506149197473,3.912409856231003e-8,1.0455306907697657e-10,-2.588008698673044e-7,-0.0017336012981568395,-1.064794560613605e-11,-0.008908550145685767,-1.012008616020132e-6,-2.164868698200802e-5,-3.0284404016219406e-10,-4.036572227228863e-6,1.7049719265530697e-10,-3.868834726261558e-9,-0.0010209375767559594,0.001027232480170075,2.8040219934213178e-5,-2.2491585420337505e-7,1.993377011111875e-9,-0.022667226875162507,-0.006642451468000211,1.0344247322539162e-11,2.9385980111384872e-8,1.1638837739844398e-5,-4.875883340422378e-10,0.030437533215036193,-2.561811611031916e-7,0.003518906071406134,-6.154203362458587e-8,-3.111212359976265e-6,0.007395612427850634,2.8218329496036557e-11,2.7630772651348448e-11,-2.1870825233977984e-5,-3.1260458629784834e-5,-9.114997919604578e-9,-0.031596911062110974,5.8106000845760115e-11,-2.507338560552929e-7,-6.5415587378333444e-12,0.2786659422970637,-4.2878403782607005e-9,0.008349735982064389,-9.123230410644855e-8,-3.266151098870238e-5,-4.826823627601979e-10,1.0361683211053946e-8,2.0928588416368626e-11,-1.0703133199766566e-6,-1.9818889005955887e-10,0.0006250507361666293,7.765815497254893e-9,1.1591736152871255e-8,-0.001234566410849338,-7.526494424178185e-5,2.1568316748157545e-10,2.6537326012780353e-7,-5.423036307738878e-6,4.580810423638154e-6,-0.073065073202863,-3.460734932351491e-11,0.0066120608015715725,-0.026255570629197807,-0.0008856596580657011,1.4663081889904298e-6,-6.7097308650694585e-9,-6.349412389764208e-11,-8.7155816021785e-8,0.031136747270181113,0.03658722710745749,-5.963905844208233e-8,1.4814617164454194e-10,0.00025204282956973713,-7.726242565162293e-7,-0.002003569675322695,-2.4640029736825166e-5,1.573118186624365e-7,-0.003244615954941529,-6.787639505202858e-11,-2.922572642485115e-8,1.1778333700325659e-5,-0.0020100797231925485,2.2540024467073832e-8,-0.005922526613717336,-4.027836473506551e-9,0.00014494181708195987,1.182488420485813e-10,-0.0004772072610575035,-0.007051217733324381,9.057714848459954e-9,3.641564617537119e-7,-3.5912033491268844e-8,-2.9658666255092127e-10,3.327011905592055e-10,0.34592420331641965,1.2578499336319468e-12,6.764939920165142e-11,5.852422269360082e-6,0.21871758851316492,1.5479627665932052e-7,-2.1043144393651306e-7,2.258761911967653e-9,-4.950654899946033e-7,0.0002327606702636806,-7.147453221031035e-5,3.978352624270423e-10,-1.561674161266364e-8,-2.973776019281485e-11,-0.06036999797774089,5.494036139556656e-10,1.904268189327183e-5,-4.7326021562084956e-8,0.0028742978081252014,3.129013540511804e-5,-1.1628105362582484e-10,1.0767239079670713e-7,9.92544515514543e-6,1.0601391820504622e-7,-0.0009972228742576258,6.01904135744027e-10,4.366628419086878e-8,0.00018935259783266307,-4.044187708333457e-9,0.0006123989573659219,-3.337156535645791e-12,0.00122439731737663,-1.0756732695459774e-7,-1.202498251072403e-6,0.0003627289645972393,2.770064533983983e-8,5.080065316621599e-10,-1.801339244125572e-7,0.0018465239871996602,-5.666502175125712e-11,0.006398477376124338,9.67606144022769e-5,1.2263857891602904e-6,2.452913642507766e-5,1.0665115031052895e-10,0.009014776753657994,-1.9300125779629836e-5,1.5226115654381366e-10,4.918564036597407e-8,0.0001898126047940041,-0.08040133532328375,1.0382244629083409e-8,-3.355111391165416e-7,-0.00047336791849659506,0.019657346287332293,-5.667847129750052e-5,4.7621871230691445e-7,6.596453867141529e-8,-4.834595704595644e-5,2.4653607332928078e-6,1.187790693576875e-6,-0.008613020617310119,-0.0005236722297495396,-0.0031925469551336507,2.5877279042473895e-9,3.842877344979515e-8,1.1574731592180243e-9,3.2085994499348174e-10,5.6792934422889746e-5,-5.331607896668033e-8,-0.006784684320042613,1.354228218740762e-7,0.005893241476797964,-5.3309874749090015e-9,0.007207236655501748,-9.850994964064775e-7,-0.0015879719549411456,-0.0017488549265769638,-0.00013000976625002087,-0.0327051379295986,-3.0391027293674815e-5,-4.2623940808721434e-11,0.007716163947629572,0.12071324438491148,3.6014172526539635e-6,-5.241883752961442e-9,-2.1387480678800918e-5,-2.6263667560096997e-7,5.497501921026917e-11,7.394705602750225e-7,1.2190315731664405e-5,-5.105888153695582e-5,1.1849249173993967e-8,7.255366067495381e-7,-1.0202106081063106e-11,-1.477995278808616e-10,-3.955866298910817e-6,3.0986006375188453e-10,2.3521391597143117e-11,-0.00021354868784160446,-0.00960729068010793,-0.0031661937256229865,-1.840872583233837e-11,-4.6456426015265576e-5,6.667174879023486e-11,0.02717952309257627,-5.5835629628989124e-9,-1.0108740059910317e-6,-2.2208576592707036e-10,-2.0900599933073662e-7,-0.029306225580515505,-0.01563513318140602,0.3219206723789345,0.20031041095895918,0.03534480559490671,-3.7306970650439915e-9,0.00035162925208428,-0.0009539330619229806,1.374211800399396e-7,-0.0020304216985866422,-0.0005851518027326548,-4.653997429651465e-6,-2.4715595898040632e-11,-4.236334005778816e-5,-9.375950861673339e-8,4.7072447886057903e-7,0.007874827738696525,-5.994751724685512e-8,-0.0007967779019862149,-1.60180566532314e-10,0.005900199162875187,-0.026827143937548377,-0.0004954046627131133,-2.8718544047410247e-10,-0.0009970714483105408,-2.6219310808048485e-8,1.4592371514351112e-11,-0.0040375139886434305,-2.9711906036794276e-10,-6.817546746232804e-8,5.137503683429616e-11,-1.504330039063937e-6,-0.015540833872710961,-0.0017540148242790761,-9.297608978097768e-6,-0.04957618977687046,-1.877867792402631e-7,-0.030408302264277355,-4.159643743078708e-9,0.010045831746358052,-0.0019888998859466183,-0.000221847082232451,-5.94005482551907e-11,3.783489554993242e-12,-1.380214387385532e-9,2.3478105864593072e-7,6.73420951444093e-5,8.615617154687186e-9,0.004217423666813715,-1.2490991794546706e-10,0.00011119938953470933,0.0005179136284260687,-0.0011179936958141295,-1.5612664879338052e-9,-0.0043406066822360145,-1.2569932906670354e-10,9.916148811748771e-8,2.1622916536786352e-10,0.021115023552184364,-0.03148079638217086,-0.06436275514544205,1.5804276645823488e-10,-0.001350634645632326,-0.006087251039447698,0.01358808781040665,-0.0010662512104255436,-6.166933209387503e-11,-8.359981742153761e-8,7.887260242861583e-11,0.009403679381082802,0.007467066708675639,0.14903345571320054,9.80932801180212e-8,0.00943124828246327,-2.2906817687878416e-12,1.1156227536928897e-7,-1.3818278078562061e-6,-0.0001674737222780712,-3.7319719705914025e-9,1.2964729806813588e-8,-0.0016280092552105768,0.0017287218312975262,2.0190023094685052e-6,-9.356336038179848e-7,-3.888772490636154e-7,-6.798829384640989e-5,-7.506872769801356e-9,2.1296852875851023e-9,0.007427325423891452,-0.0012901396725447604,3.104179909165374e-10,8.452069162468068e-6,-0.0017954280391516363,3.6062667681627897e-5,7.202589272593907e-8,4.289729005844859e-6,-5.187842213600367e-9,5.887148172145638e-8,6.618024642825493e-8,-1.491870827611694e-7,-0.009355241065100826,2.887570550048749e-9,-1.0377633041627418e-5,7.505682032141627e-10,-4.7810548078891343e-11,6.562389764790439e-6,0.04242814632569474,-4.081063190689581e-11,-4.822983648306632e-11,2.0476864179379492e-10,-5.949338575847024e-9,-2.057825847295245e-7,-0.004184304490174168,-0.0016212792894464967,2.590962197434104e-8,-1.1457532760189206e-5,1.945268856937308e-8,5.133708464287456e-10,7.322988627893619e-10,4.408517390562886e-8,3.339036211933624e-6,-1.2863987418453404e-10,-5.659506273924381e-10,-7.349159350893337e-5,-0.044845111259383716,2.783812445341469e-5,-1.1438610912596331e-6,-4.764266786012692e-9,-9.76086627511578e-8,-2.913946209635151e-10,3.5804633739972257e-6,2.4443440190317225e-10,-0.00014111174123290006,-0.00013635760954917173,2.424956081645573e-10,1.2363427545757433e-6,-2.188122540273011e-11,2.6900069371307953e-10,2.511907240653637e-9,-0.019259406679657864,1.1303769184151501e-8,2.6548177205373653e-5,3.1917969548532894e-6,-5.265023031951219e-10,-2.01808055793751e-10,-8.411276995032937e-9,3.9317213662828363e-10,-4.337136609186725e-6,-0.050088783534725415,-1.607848780172697e-11,0.002430901425151782,-0.002029907667355981,-1.75836891076156e-10,0.05588961766248006,4.308655688034977e-6,5.077846476509109e-8,-1.754845349617719e-7,-0.025808467507481503,0.00018945381992614148,2.892305760880474e-7,-1.4809722022677183e-10,0.0013521000901426847,-0.0043230398389277275,-2.5855060526863074e-10,0.001055759872622847,-2.0761921097921448e-8,-3.4541823309489344e-5,-3.435988145126763e-6,2.7672711193986545e-6,8.808002997400293e-8,-2.609395454716086e-10,-5.8114584834506946e-8,0.00023137516134564434,9.39486195033121e-6,3.977036504180862e-8,7.137795460285211e-11,-3.2731243631888656e-9,-0.051675532685021695,-0.0016022893600407381,-9.782090312076342e-14,1.6409305197682672e-10,2.864294462367965e-7,3.031906622058005e-12,-5.184181903183975e-9,6.805840722244703e-7,1.961919755807849e-6,-8.868410810285805e-9,-1.1354923698986613e-7,-3.538158256464109e-5,-2.108797890328876e-6,3.899716270207824e-11,0.016078299769087246,-5.035599987650098e-7,-8.18782333039328e-6,-2.395736457080302e-5,8.909431054895706e-5,-1.5748752281367776e-10,4.888905228739594e-11,0.1232569470303706,0.024303724998774364,-0.025865526699571532,-3.434257923706335e-7,-1.4302702538012197e-9,1.462432979107016e-10,0.00015129596693877213,-2.256952422368274e-5,0.06596601910623866,-1.6741893012008654e-5,-0.0019051361265926756,-8.762509473049707e-9,-0.035893805006555604,-9.788917628105578e-8,1.3185905003562676e-6,1.4147043998038529e-6,-0.0016958169487094601,-8.712676970774431e-8,1.278446013354194e-8,-1.417291699751121e-7,-0.0008847245246238964,1.6865972478522224e-11,-0.0005999773116352052,-1.618357940166691e-9,-0.00018886338074149123,-2.5349880037808593e-9,3.346062964353598e-11,-0.0031437728392236406,5.080009837091462e-7,9.731742674612364e-5,-0.0003171566110121534,1.2781007394545393e-5,-7.836477973157778e-6,-1.4848096955327787e-9,-0.024188529540799485,0.015437656413104331,1.117109893958293e-7,6.333274489850202e-6,0.008942196881890296,-1.8292184048484307e-8,-0.0002727408528146586,1.2695813851110157e-8,-1.4747115412671058e-5,4.181582830517651e-10,8.354596119921444e-7,-0.01819657681195043,8.803422200065068e-11,0.010926957714180334,-0.019839994529238868,3.5013120576035413e-6,1.38549346686043e-10,1.3397378167649948e-9,0.0033354287000480305,-0.0037098976498025887,8.454003435832285e-8,9.905153149437859e-11,1.8133143369553716e-12,8.374370814493224e-9,9.019589805051948e-8,0.0006802101127974426,-9.86624103691342e-7,0.0014106248399330039,-1.2320490732604044e-10,4.008687715619516e-6,1.289852467149477e-10,9.194362096667858e-8,-0.004093359823115935,-7.713667839959482e-7,-7.444033863779946e-10,1.364910634871308e-7,-6.58065043472551e-5,-1.7468855359675643e-5,-7.13071676199062e-9,0.014699252220875876,-0.003314894483262128,2.7572433019276018e-8,5.110547425622e-7,2.0648320312567153e-6,4.160542804189339e-8,1.8063499017431084e-10,0.00024490380732943105,1.468437757717697e-7,-0.004155097959804331,-0.010326517375185128,-2.3338847934694013e-5,0.022293171056468598,-5.904949101630143e-8,-2.718141503914845e-11,-4.417673012785879e-11,0.00027127007825679487,1.911038609469807e-5,-0.0006912455332804781,-0.03151089680023586,2.3319163154155257e-9,-2.4137327926451636e-6,1.8542396991840408e-11,-8.388658235850122e-8,1.008540811561794e-8,2.017155434904183e-10,-0.002235054738454585,8.287180978310902e-9,0.00016051743174126746,-1.663134615336056e-5,0.00031914016354961627,9.53509487654651e-13,-0.013346255794884965,-1.3893783337515281e-6,0.0002325474407547854,0.014479589379765649,-0.002632807409280616,6.074794505927681e-7,9.861237988121185e-8,-8.875783664576623e-11,-1.056252767906288e-11,-1.484947198670043e-11,9.968879910785088e-5,-1.3579961034980724e-10,-6.488606162471265e-5,-0.0007384635094397748,-0.0006326222707073524,0.000729337750711024,-2.96546240673482e-6,0.001985251462190831,8.35918759162738e-12,1.7794310679167874e-5,-0.00039356558449480105,4.836291504088353e-8,0.007353579950858854,-0.0128662699054457,-0.004927992017672216,-1.6124179742464506e-10,0.0002691671571007043,2.6895018724809444e-8,8.368690051326401e-6,-0.0003414899497553195,-1.8730055341941137e-7,-1.5210687609949755e-9,-2.2647833442061312e-5,-2.3773441337880777e-10,3.2238926286578566e-5,-0.0024665653365602484,2.138529034494434e-8,-1.7255992256980064e-7,6.4869510861424655e-9,-0.001576796817296719,9.392926153491772e-7,0.2328213643746781,5.67056036532475e-10,1.2470331908833037e-6,-4.042487268044192e-5,4.7147313916791413e-8,0.003425536400142488,-1.6100146310933432e-9,0.021265463522363998,0.0027716560984501685,0.003025038584492106,2.088957041761424e-9,-3.253665342422611e-8,4.8477750923025255e-8,7.398377004948487e-7,-0.014432525535253357,2.6749755344435613e-9,1.7203386937756228e-10,8.843004532573362e-6,-0.0006022815434410401,9.42019535867256e-10,5.185561613085204e-7,-9.864779306919414e-7,0.00013206039241741197,0.00024242884336688356,1.9081369315508826e-10,-1.2927162406802394e-10,-0.002276537101676024,4.102272311964104e-5,-9.086717666206454e-7,6.403202235273826e-9,-4.278411983332477e-6,-0.002606865913885818,-9.201408469818513e-7,5.2955050740411725e-8,8.171225518392273e-9,-0.03635591486468813,0.00036029380865572856,2.5304482848659084e-6,3.514295461147495e-5,2.518243314966301e-5,0.00025438265523966157,2.2607820234257744e-10,2.410332124025345e-10,-0.0036728773592459765,1.2683147553518144e-5,2.2994170358393788e-11
0.0,0.0,0.0,0.0,0.0,0.0,0.0,0.0,0.0,0.0,0.0,0.0,0.0,0.0,0.0,0.0,0.0,0.0,0.0,0.0,0.0,0.0,0.0,0.0,0.0,0.0,0.0,0.0,0.0,0.0,0.0,0.0,0.0,0.0,0.0,0.0,0.0,0.0,0.0,0.0,0.0,0.0,0.0,0.0,0.0,0.0,0.0,0.0,0.0,0.0,0.0,0.0,0.0,0.0,0.0,0.0,0.0,0.0,0.0,0.0,0.0,0.0,0.0,0.0,0.0,0.0,0.0,0.0,0.0,0.0,0.0,0.0,0.0,0.4394742644637577,1.1103843481504355e-8,-0.0002785436294877743,3.436042373374558e-6,1.3201865460324444e-5,-4.6275281472059974e-5,-0.007899902221862376,8.894472755067776e-9,5.84742790521107e-6,-5.2497439730834586e-5,5.188335999482184e-6,-1.1852065176411348e-7,1.4829232823201103e-6,-0.021624612285717923,-0.009432756508145592,9.926787669738013e-9,-0.09570367935834659,-0.001253290988490805,3.7682147796363764e-8,-1.5498005954307786e-6,-0.0016575167584252288,0.000885652596946428,-3.99497715398913e-6,0.004283742770952742,0.055359670989744696,-1.4519825932544698e-8,-6.120584400621402e-10,-1.3645889043161712e-7,-4.2043090630304404e-10,0.016134363689671378,7.57903664207627e-10,-7.976720846949254e-7,7.186015493898704e-7,-7.525997417205364e-6,-1.184094987212361e-9,-5.069372387457053e-10,3.654854002847187e-5,0.0002398175644312814,0.0352248495365091,0.010118729179384918,3.010421744379832e-8,-3.3045300116057324e-5,7.676612882894596e-6,0.003436974819576204,-3.235838018776019e-9,2.6106326141319197e-9,6.596304560466562e-5,-3.8441685754236335e-10,-0.06165963445646079,-3.100638702101931e-5,-3.7697135487979e-9,-0.04395577476959693,9.478396045226113e-5,-0.00013317885775070856,-1.5783845903376764e-7,-7.719127032211453e-5,2.855450378895142e-8,3.2442626491224694e-10,0.006568105776335736,2.6152435822015138e-5,4.1387673707535556e-9,0.19627559367084463,-0.00014001628743449628,-0.0425792206410575,-0.0003291696779218942,-3.7131190712825286e-6,2.7993742633446964e-6,-0.00021882734622924354,0.019756978413531648,3.654961236201255e-8,0.0020201666596672122,2.8202527256234064e-6,5.6393768750277933e-5,-5.630066363836636e-8,-5.159191898049145e-10,1.366760873127063e-10,-3.8288592398048094e-8,3.532561331797157e-5,0.25833737385453004,-3.370345025031168e-6,-0.005145800096588303,-4.027576879622491e-7,-7.598015353304689e-7,0.0003446988790869152,8.357275888026918e-6,6.118798092079016e-7,-1.3335153289937743e-9,-0.11137845487364001,-3.103128418939027e-10,0.006147655066888214,0.2629856021385917,2.8138725278101265e-7,1.925783278630958e-5,0.0006745587609499484,0.00026762865753419144,1.6304783694949542e-9,4.071322016342928e-10,0.005330502999538722,-2.6229395328398665e-10,-4.950847277598197e-8,-3.2450287082636087e-9,1.2856687138939407e-8,0.0003477191482654458,3.0967093833372027e-6,0.004203399218021812,-0.062024040434687976,-5.072726521143823e-10,-1.6845898903692616e-5,-0.0002398945814418627,0.014430680954842071,3.9722634161155094e-7,1.6150704083118147e-8,-1.0273790662116093e-6,-0.00040692374920461784,-7.21767936524902e-8,-0.02284774917338474,-4.841657877277804e-8,-4.048803288464788e-5,-0.06768762570831321,-3.819781110046973e-9,2.7501386584493258e-5,0.010832516358915235,-6.361612355459869e-10,2.7400976814187623e-7,-0.00012370386605072128,-0.055632805028610476,1.417039458240538e-7,6.73484839558699e-9,-0.0003819340133958175,-6.821258978773149e-5,6.773418804984522e-6,2.1660833468493585e-7,7.282286494515671e-6,2.054047743852419e-10,3.392750057329186e-5,-0.05349513615877353,-2.412793221983893e-6,-2.882227818245332e-8,0.06358974822793038,-8.689520821638357e-10,-8.993503617829306e-6,-4.519624162496324e-7,0.2674099794952135,-1.679972424628538e-7,-0.07751901399396278,-0.0028231641524008263,4.479802081327487e-8,1.0695194594871219e-9,4.10287209492524e-7,0.00020362546002637843,-0.003117682475983973,-2.354760600293457e-10,9.407419136942145e-11,-0.009078645607146787,-0.0005006069277946034,-1.6845692397852067e-7,0.01786774537790947,6.271631753675484e-10,-8.77534521983331e-6,2.6602080027955074e-9,7.012895479423305e-5,4.157463696581271e-6,-2.645698177154416e-9,-0.04826159816176966,0.0037705639043312056,2.2140080939436566e-7,-2.3225266762948124e-7,0.005664470903810339,-2.1176050351097164e-9,-0.005842533101633904,2.502223244025531e-5,0.002085007919669177,-4.273106385912599e-12,-0.00023728788514556162,-5.673533144652028e-10,0.00045928661488187024,-4.105784503581612e-7,-0.02155674962306958,-0.004093583619848719,-0.004204083360206814,5.503942807914955e-8,0.0064248904052791244,1.0128690393567648e-8,4.194717182274523e-6,-0.0002691804095950011,3.9481770273878325e-8,-7.773471337606606e-7,-0.023067638552307684,3.305521431776076e-5,1.676547151333457e-6,1.5791263592506263e-6,-3.534948410773559e-10,0.004143154817556216,-6.336109778067579e-10,1.6500140333189178e-9,-6.028899250972914e-9,-5.046879382160222e-6,-0.0006069422063975058,0.11728830247773449,-5.711047232300151e-6,-3.209759826322123e-9,-2.1655677122423357e-10,1.3861261765100233e-5,-0.028344633160476067,-2.496767422199025e-8,-1.744628434473134e-5,9.111797893459618e-9,9.047008145939435e-7,-0.00012102040284430332,4.917696248205065e-9,0.07177750113582843,-8.127453577441531e-6,-5.085467865276715e-6,2.4966577902819007e-11,-0.00031612929102124693,2.2715345606743855e-10,0.008404970589413622,1.549315379718722e-8,-9.239322291558384e-5,-6.315566994252326e-8,1.0703162886038592e-9,0.00018728667871897842,1.6112803027115926e-6,-4.954648905273883e-5,-0.0011010575880558654,-0.0013306161445474603,-3.460619068182951e-11,0.0011325416728044599,-0.06588973529808533,1.8399177390978734e-6,1.1192431075688167e-11,2.620599125198287e-5,1.6293379295288853e-5,-0.003602966288440008,-2.0873848857803467e-6,-6.140070323367884e-8,2.436864944926295e-7,-0.006674668414752621,-6.241091241918736e-5,-0.002312811122922046,3.641739119445525e-10,-0.008784627015087367,1.1718184343191994e-6,-1.1730618389651133e-5,7.29909663605025e-9,-1.5383169003138118e-7,0.2661536405277857,3.12894310693139e-5,-3.685379889568338e-7,-0.0004895134550520241,-2.5918868181912114e-8,0.021996882830761,-2.1272909030643255e-6,-1.2538577444812017e-7,-0.00014789052251671774,3.2841836078292373e-10,-0.009468641135042945,-1.9562733621206718e-10,-0.00012067451530046715,1.557353761674491e-5,-1.3398248695552424e-10,-0.0016624967260315557,-0.052675029496448984,-1.9845492652778473e-7,-2.8057697805237614e-9,-0.0074711870467685515,3.9855962077207366e-10,-1.2074595794782457e-7,-3.7654153475113193e-6,-1.732385834784626e-6,-0.034466455750679886,5.220686737592804e-9,-1.3778773568443004e-6,-0.007158505632401225,-0.00014482281758732116,9.331602576434802e-9,-1.5649096487479999e-10,-0.0006637392164661377,2.5586555079410026e-6,3.9118146924073506e-8,-1.8816343735987854e-9,-1.2671971073941195e-6,-6.936817326259427e-5,-0.00027545122720863555,-2.3551061292593933e-7,5.84590827599925e-9,-1.0327596687124336e-5,1.2901098254891813e-9,-3.5689167262518175e-8,-1.4716781277411866e-9,0.0002973544628635413,6.767301779230764e-5,0.002377414762828531,-0.01969892266191417,-3.062287365760519e-8,1.5498093758983005e-6,9.548661532966442e-10,3.507946662048974e-5,-4.783560353897292e-10,0.001483415371623015,4.589744681798045e-9,-1.5527963746595548e-5,4.404917683178239e-8,5.499032705718736e-10,3.7671421145447844e-8,6.199024201805699e-10,1.9515384870555465e-8,0.04004974649789227,-3.5816793194690047e-10,2.805273043067562e-10,3.6857849223465357e-6,-4.424020510969622e-5,1.8151513466897515e-6,-2.0861735774729686e-5,-0.025298004486590347,-1.0416308334121961e-6,1.8233960699564897e-6,-5.806659942680112e-7,3.490146608628839e-6,-9.444238775158723e-6,0.009205825720580223,-0.018841165631055232,9.047547701072954e-6,-0.0382477153335068,0.0033200203654234544,5.853956022008385e-8,6.4594164960012755e-9,-5.826820103706555e-10,0.09685034225965373,4.38802535865661e-10,0.004185250639913253,-5.753827274292926e-11,-0.0020625106686711003,-8.814414458808972e-6,0.35940752176645735,9.801321636337264e-6,-2.352988251740418e-10,5.924074826221037e-10,-1.524656909185578e-12,5.910218477454714e-11,-5.416056298133818e-11,0.004276969408471172,1.2829985391064663e-7,1.508412330830504e-9,5.999652554145291e-5,3.045040505729402e-8,5.50524575030029e-9,3.7999859836618236e-7,0.07715769298476931,-1.1297112317520767e-6,9.255160238468676e-5,8.292236509249994e-6,-3.823760290033966e-9,0.0011587168941079753,3.426800463724971e-8,0.0010211474845558516,-3.0984276702572877e-10,3.406644304411787e-10,2.0743686951963074e-8,-0.012194787827658399,1.0996578470256854e-8,-0.00013650395254196022,-0.0021124844619122103,6.502188777969274e-10,0.13754850241453698,0.0006076864430054644,-0.06805732415720493,1.4356109958456937e-7,1.8442548441179127e-9,-1.144058106859618e-9,1.516418940065599e-6,1.7587162542012233e-10,-4.3704331017267985e-5,1.8393240856952445e-10,-0.00012960382807538357,-2.4185209661123707e-9,1.9027602997139036e-8,1.6910160768700768e-8,0.12330244777170703,0.003724633365896365,-0.0008532071070390633,2.0428776999369974e-5,-2.378956498080007e-7,-4.8069630428817e-6,-4.2801907324363583e-10,0.30063013868565586,-9.858457561650532e-8,4.229730495894293e-9,1.616208377071619e-8,1.5965192237341853e-5,-3.0860707797103996e-10,0.009339284295740052,-2.3238704547332375e-6,-0.035392533692243995,-2.1324292178649754e-9,2.1273500738628267e-10,-1.6487728229579656e-9,-0.10404550720344535,1.2737594242053154e-10,-2.5151527891125294e-11,-2.3125532236283766e-9,-2.2509160390247254e-8,0.10580775879993384,-3.812737612523314e-5,-0.003221420524457863,-3.231145096388053e-10,1.417512332002581e-9,-1.3950021094759688e-10,5.0714601189671073e-5,-1.1125056949552014e-9,0.0035759060380999934,2.741231092083146e-5,2.677205069945805e-6,-1.5436698912769225e-9,-0.00046716505480464467,0.00012443080528267526,2.868454832206916e-9,-1.223073769931609e-8,-8.539159359335218e-5,-1.9938648013120795e-5,-1.3468430385070272e-6,-6.42024494695819e-7,-0.0007991545082172521,0.0037556732858776303,-5.62539997332876e-10,-4.768135048094679e-9,-0.04626764809745324,-1.320205374669329e-6,-3.676483300800859e-9,-1.4790076209606476e-6,9.583386803310827e-5,1.5913362476457614e-6,0.0013400715849736687,2.9823077640501876e-5,-0.0002721290193963213,1.9816588894803777e-6,-2.719176504351028e-10,-4.982680777559549e-6,1.2170032262714681e-6,0.003123692277614173,0.03245725807636211,2.6174773257822647e-6,-1.0510602041924834e-9,0.14562894910532587,0.0033571242737585,0.012640899592275507,0.0008775001320330998,3.191906831993733e-5,-3.4670066503625993e-9,-8.292287141082118e-9,-3.2453663043093014e-5,7.60011629676396e-7,-0.0015475031908438585,-0.012221738739528185,-0.09096478503628395,-0.00025772729817588065,1.9530008533203875e-6,0.14610708241229,0.00886973866783625,9.04913976721124e-7,-1.8407264838014292e-9,-1.1446411887279764e-7,-2.370790096905882e-5,0.004336820038550529,-0.00011513131432512984,0.013388788687984302,1.2692370885408784e-7,-0.033491977732976644,-4.075094170866983e-8,-3.925900386982857e-8,0.0016993641814715878,-2.5391378095771524e-6,-0.01003849255748676,-0.06109314639389339,0.0006601608125442293,1.0399379366451845e-10,-0.0012435199474235552,-1.498133019576778e-6,-1.9510503295332263e-6,-0.009776095567626587,-0.022123028916892464,0.0005680674677370283,-0.07849313102164233,6.965403369158857e-6,-7.949709608639462e-11,0.007907796166372074,5.6072775941586666e-9,-1.2740886703742589e-9,-0.01700113397930135,2.6369720202567636e-10,-3.2456619988614775e-6,-0.00013394192051030467,0.0003525849739181313,1.345942590913462e-10,-8.595158710222113e-8,1.9053503750486602e-5,-0.04923897202345116,-2.1735667785344078e-10,-1.8074875542655268e-9,-0.024306508218278015,-2.8507401757539632e-9,-3.947249433110905e-5,-5.02897308167487e-7,1.1544604992115683e-5,-6.60695956564862e-7,-0.00011370906907916985,-0.0018364518849162867,0.0007256164522908204,1.2756373382409937e-7,-7.229805223211411e-8,2.9250536093019233e-5,-0.0009223235273145504,0.005340783166621826,3.6417021398362765e-11,1.3845379855705465e-8,-0.013572014972092646,-0.07741745772379655,4.275928883649942e-5,0.0022838431083994476,-0.0014209071798928696,-0.00011995736593057114,-3.087643767676569e-5,-3.936767431133903e-5,-3.5602566851687695e-5,4.830634564336574e-9,1.0075300102255606e-5,0.005246953477077586,2.889856088831988e-10,-1.059297267009787e-5,4.531786779466972e-6,2.4486498698525974e-7,-1.8436151413905137e-7,0.18344088778639023,-0.08956927746703719,1.4962044831601344e-10,-1.3098088883550956e-9,-4.599440241006622e-11,-1.5467120872750302e-5,0.011548429269956416,-0.00013258001315852528,-3.936076089762821e-8,7.201556649861484e-7,1.3262289965416134e-11,1.9165675599398633e-7,4.18186914877388e-8,0.0020111457341646403,5.704805884146508e-10,0.00043633820848859627,4.02441620858538e-6,-1.454024771081457e-7,1.8788057661329276e-8,-1.4255570767461846e-5,0.0003227056098805627,0.0001893509473867173,-2.254415802731346e-10,-0.015427016536588983,1.8120632700174308e-8,0.012052515054301194,-4.87846780125661e-8,0.017322519531604325,-0.05116889982243907,1.6777763494219088e-8,9.042096424889468e-6,-3.227265104990241e-8,1.1381809619254054e-8,1.6621730451940035e-6,-9.151783572653638e-7,0.004117762579416588,-9.301109807642053e-10,-5.454919220213622e-10,-1.9586381731842037e-5,-2.3819108456940586e-7,-7.691263208118426e-10,4.6555309711270514e-7,-8.278180706267845e-9,-4.014898816561496e-5,-6.743605366227587e-7,-0.03247038279948181,-5.67114943279991e-7,-3.356957637984575e-10,-0.030183773653322327,2.784315843135015e-9,-3.260682411686486e-11,1.064973624272158e-6,-0.01413709200773946,-0.019529235421566756,-3.16688246138194e-9,-2.576226361929427e-9,-0.00025403176751707485,-0.04582158386963794,-0.0010133534124905368,-2.424097244503207e-5,1.3978434194581303e-5,4.887671076546456e-9,-1.798528531285652e-6,-4.982323711921201e-10,0.4228151785592187,-3.3851478459739602e-6,0.000668899514832239,4.500689993962935e-5,7.878890199817584e-10,9.514918091824244e-7,-0.0020311996081822936,3.7969960715459716e-5,-4.909170419896654e-7,1.5760602899179348e-6,0.007076766787217729,-1.4870233328987875e-9,3.343564039852861e-8,-4.8191837254380836e-5,-2.613642977070805e-5,-4.216632945071401e-5,7.816832843332362e-5,-0.01400311202819326,-7.21707001535445e-8,3.8024395416860124e-5,4.332754209659728e-11,1.089454259794484e-9,-7.980177159042155e-7,-9.156887252726598e-10,-4.3437655978441276e-5,-0.03258908106500242,-0.03736811345839639,2.4166794860858654e-7,1.3633907245804578e-7,2.768644522421684e-8,1.47893365390456e-10,-0.00030614416147464757,1.324411597525897e-6,-0.04847647504601894,-0.00020599039998844663,7.46546613564384e-5,0.007869920171791228,5.520858053163227e-9,5.755411966681014e-6,-7.94141362091381e-8,-4.175257388262065e-7,-1.980581252037737e-8,-0.003580794344214911,3.1526154603168344e-9,-1.3922102482535065e-5,-1.313068723219167e-7,2.347632078248924e-10,6.97522966572585e-10,-0.00013285680292046925,6.460199390235541e-6,0.315760324402055,0.0048838214874513996,0.09024659456706426,-9.619958062860852e-8,0.17289652378188794,1.0111252891929745e-6,1.3521609820414333e-8,4.691016157715785e-8,-1.145926512922051e-10,1.8297481907627137e-6,-9.056558796711249e-10,0.0014577719399442432,1.9080321000477016e-7,1.4874503615687071e-8,3.4896481480617624e-6,2.0942411525991834e-9,1.1360673232801546e-9,-1.2780421387532683e-9,0.3905412475213746,1.5054915798425305e-7,7.087294184467958e-5,5.319757887253673e-6,-5.543149942589302e-10,0.0004220789141535272,-0.00789629342092611,6.556529201372342e-8,0.0889941268248693,3.4658276460700175e-7,1.4944864394090108e-9,-0.002021612436226753,-1.1991955502101483e-5,-5.8996303151967854e-6,3.7064425221301545e-8,-4.300600049189469e-6,7.011861796064184e-11,-0.05116931194158432,-7.647893497828232e-5,-5.208745818482087e-7,-0.0006914031366998884,-1.8214769795309797e-9,0.0033115397783619357,-2.1412460767067675e-9,9.453575593317683e-9,-1.0471609902055341e-10,0.0004491593753837857,-5.495976101699692e-5,3.6227082472468504e-6,-4.6506711017991756e-5,-1.269730385425684e-10,-0.00615428001808868,0.0037993164646742718,1.2797323543969155e-6,6.907957754852255e-9,-0.015192297536923607,7.836208099832125e-6,-1.3261687742548819e-5,8.782236984478967e-8,-5.506550080376879e-8,-0.07259320632681361,0.15791009325613536,-4.140925985908343e-9,6.768017531884634e-8,-2.3451896129674226e-6,-0.003657787514940975,1.0333266495045352e-5,1.3954332766537729e-8,-1.915149147950884e-5,6.29401336134583e-5,-1.9187440486753058e-5,7.696377422024128e-11,4.977197181206338e-9,-9.044665090661682e-8,-9.699505400676229e-8,9.413423230604032e-9,-5.368644911463729e-8,-0.016284826749728247,-0.08260398885459574,-3.692195557782589e-10,1.963471964738064e-7,-0.02406903599460071
0.0,0.0,0.0,0.0,0.0,0.0,0.0,0.0,0.0,0.0,0.0,0.0,0.0,0.0,0.0,0.0,0.0,0.0,0.0,0.0,0.0,0.0,0.0,0.0,0.0,0.0,0.0,0.0,0.0,0.0,0.0,0.0,0.0,0.0,0.0,0.0,0.0,0.0,0.0,0.0,0.0,0.0,0.0,0.0,0.0,0.0,0.0,0.0,0.0,0.0,0.0,0.0,0.0,0.0,0.0,0.0,0.0,0.0,0.0,0.0,0.0,0.0,0.0,0.0,0.0,0.0,0.0,0.0,0.0,0.0,0.0,0.0,0.0,0.0,0.4389444410975111,2.2211986393867377e-6,1.3805659315772324e-5,6.073029742744803e-5,-1.811632864112917e-5,9.013807263292044e-9,-0.043654596838140915,0.0011853422049552876,1.2070473323869903e-5,-2.9401544489128713e-6,-0.005001537480425114,-0.000685958955536261,-9.041115887517033e-9,-9.057353224338739e-7,-0.007751516823359918,-1.69286972168023e-8,-4.6097900173341906e-8,-0.0691470797674169,-0.0006575264901565289,-3.1289074883943804e-8,6.122015278500983e-6,-0.000183976430232186,-4.1963356751404527e-7,-2.5161745187768218e-8,0.023938937492709807,0.00834126972225536,-0.005427388458580688,0.0008490551737332259,-2.0981163802365767e-10,0.019471270651607326,-0.006363339707330833,-0.00048395480276715655,2.316622482130579e-5,-0.0662614212520364,-0.005064159181647401,4.642448989397633e-5,2.392011209056673e-7,-2.812593101058021e-9,4.2081893671523454e-8,0.0027275817969027536,2.543373130381478e-6,-0.00018914013355790296,1.756012317044483e-9,-0.03874338113446264,-0.0021516341909232437,-5.391190228990238e-6,-0.002740158152239654,1.919303416417948e-9,-1.1140282362789664e-5,-0.05158052536865175,1.334484217969543e-8,-1.1702001484836115e-6,-1.0633650628145515e-5,0.0014468253529057904,-3.53583037147518e-6,0.009886545199380054,-0.0007293422621725809,-7.49015769046422e-8,5.188132441775602e-5,0.10156243572538333,-1.2539227825443044e-8,-4.943125674526436e-6,-6.199087279898237e-8,4.018467087534357e-6,-0.00020591059426844946,0.0012226544931337865,8.154808453595223e-9,7.675907511916855e-8,-0.026245148027597483,1.5268196888909243e-7,3.579177675386471e-5,-2.2154975001314075e-5,0.01164776540791711,-0.06327173639565789,0.02036069404546423,-0.10244352948086893,-3.688118219948867e-6,-3.0762291553215908e-9,-2.396392852159307e-7,-4.7073482079450504e-7,-0.00622896427347237,0.0005648418467079973,-1.951024560884403e-7,-1.2122089665217361e-5,0.00031386067046549346,0.014055776092257336,-1.0598680677939808e-8,-0.0008702427000026457,-8.334514752973331e-10,-1.3214337881876208e-9,0.013249489869554395,0.0001360076364689677,-6.377228120153399e-9,2.469863057743195e-6,0.014464815691873162,0.002066656568889102,-2.807169123815565e-9,0.014822739530778528,-0.001037330934913891,-0.022795334495234017,-0.012440234701045766,6.084117055881407e-7,0.0006426857250357297,2.8809407589232283e-10,-6.447755966006502e-9,-0.0033942634570750816,-1.9286192624314873e-5,-5.390092304699056e-7,-4.557971394531427e-8,0.00019531266774666623,-0.006668614819154884,-0.00012519355771099236,9.598448394364092e-7,-0.00018364910800805227,6.831487846681853e-9,-0.0006502630310993687,1.8255579599351014e-5,-2.254332257381457e-8,-0.06345776517776064,3.8551419274932644e-6,-3.964335231748476e-8,-0.0049603714267784735,0.0005426133374983404,2.698395967319915e-6,-2.8970764311591147e-8,0.017042628319761426,0.25150093459913025,-4.254092874853715e-7,-3.153438354270878e-5,-6.233016391390164e-5,-0.004125327368418238,0.00037016191101439845,0.0060680242454425465,1.1043613876913726e-6,6.82012548726556e-10,2.772623452683897e-5,0.009123087303503708,2.613672999561685e-10,-0.011638383268765705,-8.35714207497317e-5,-0.003047972928635393,-9.301303809015026e-9,-0.0002379181183659522,-9.558889284862316e-10,-2.9381215548396333e-7,-0.01351715363800182,-0.0008540000043726117,-0.0005689410171525106,-1.097919341074224e-6,-2.1494322002601285e-8,0.0014568622620455764,-0.001578767856606977,2.738552935657209e-9,1.0566212670816897e-6,-0.00500931662206995,5.405428242148453e-8,0.014441428126170601,-1.689557255962631e-5,0.06709061780942849,-1.3127582148515745e-5,-0.000278301847396487,0.0249381145089822,1.690194726139281e-9,3.148345438374267e-10,0.0005272125792930583,-0.0009544178575815849,6.166392749787688e-8,-0.003463428106750251,-1.4328621152121991e-8,7.974534179303055e-5,-1.5755756566499713e-10,-0.002204904371322826,-6.697148541337704e-8,0.0016545019070093958,2.7588545733285775e-6,-0.008617626170382824,-2.9784436781612682e-8,-1.1766266703314926e-6,2.9508309153625244e-10,-0.001821032126555096,-2.801047832859867e-8,0.07955696676604296,7.671626293623628e-7,-1.0175606847451217e-6,-0.0033481978339289027,-0.002904480125327764,-7.099838914207053e-9,1.6150560352224704e-5,4.514763401482398e-5,0.0011799056954082026,0.003032341616191626,-1.3654298222245506e-9,0.004255655021440018,0.15231029014012645,-0.09101534994705589,2.9650628633229502e-5,4.0787778709084675e-8,5.896922426837746e-9,4.023241978344097e-5,-0.06355044320289209,0.006450651163382761,1.6585755635588987e-5,6.0289501280482375e-9,0.006753397970164136,-2.8665794745552186e-5,0.3332956363725747,-0.0014656246972841271,-1.5933108842046634e-5,0.00596653435926846,-4.843831272135547e-9,-3.0097168384976963e-6,-0.00023061051268450988,-0.006253844850296723,4.4499182225021793e-7,-0.05025221710538554,6.260566338328109e-8,1.7147057969000894e-5,5.025247149664784e-9,-0.05720670507090035,-0.002028016254508071,1.331954293604756e-7,-0.00010556120556561614,-4.2848840028760545e-6,-1.1417846002521672e-8,7.782652886879679e-8,-0.0033135975978990694,1.141605080061393e-11,2.0086573964041587e-10,0.0003123351885906262,0.001983202475748963,2.056267978753849e-5,-6.157851496130889e-6,-1.1785127830849412e-6,-1.0309056360571496e-6,0.003271308370386266,-0.0005707559581646022,-4.924818486467466e-8,3.714381323840701e-7,-9.555551750944236e-10,0.002900935258385687,-5.8563552393620284e-8,0.00025590641373936853,-8.660516281012821e-6,0.0004610170291685401,-0.0036037446054458635,-5.16362009799143e-9,2.062706831665304e-5,-0.0002093842085647194,3.886823390368792e-6,-0.0083433959810083,7.500956726652093e-8,1.7271315346694268e-5,0.0064292553041171655,-1.2533997376429772e-7,0.0026989914150990658,-3.41220184757878e-10,-0.0017592353620788238,-5.0607077365005395e-6,6.265297829212421e-5,0.0016743620832990363,-8.60799656807374e-8,-7.701636150596762e-9,-0.000265312092188049,0.003465743514470049,-3.653872888654322e-7,0.005735556669406364,-0.001720622651764326,0.000127627281472158,0.00035232809505568577,2.3986034408434665e-9,0.25490572448056426,0.0005249582277158301,9.583940943695082e-9,2.779483928065449e-6,0.0008456614338738924,-0.008407713773051472,4.002928770046082e-7,0.0006528128206816426,-0.011053411582001528,-0.002879733903107356,-0.002303396230485026,-2.089180185863699e-5,3.0551047731144918e-6,-0.003171162573234457,0.00984247085671998,4.032343406644337e-5,0.00017869514639967543,-0.07222778221853553,0.014024543489574867,1.0957231753123366e-9,1.3071379186029797e-6,-3.072154356367496e-10,-4.425339263501871e-9,-0.0037319572995615008,0.0009205665866570937,0.02746745764958551,7.761150604376091e-6,0.004996033780339527,1.3312622263020176e-7,0.020148591681914046,-1.3328053501910706e-5,-0.00950214160807504,-0.0038295536105140567,-0.003550337466122065,0.01095415762252135,-0.0012628132984937462,-1.1394266817444306e-9,0.006189956651478595,0.0007259993341362769,0.00014299874799808426,-6.115414154504313e-7,0.00017428390596455805,3.2786062963660603e-6,2.241001841745754e-9,2.0912550984028e-5,0.0014334039625745084,-0.006168426847995387,-4.0647350261682724e-6,2.1303852469938043e-6,-1.0260550755609617e-12,1.0064661258707291e-10,-7.769352060003293e-5,1.3680268077194892e-8,4.821857790279895e-10,0.008316628397703366,0.3467804924785385,0.014925802759111479,-3.987375903903998e-10,-0.022130517657587966,2.088422640292707e-9,0.002467367951192041,-7.718070921355092e-7,-8.94666194200333e-5,-8.154191507989424e-9,1.72372074147647e-5,0.006081780752881214,0.018347804259093825,0.0003530134161344422,-0.003275364378897425,0.002075464096684374,-9.503847487953084e-8,0.010269163599709037,-0.04286843207377349,-1.6189474690925236e-5,-0.034074959619199444,-0.005870901637888687,-0.0019983352706860686,-1.1151928951115934e-9,-0.001916508431914978,-8.681157179159767e-6,1.5057067156369924e-5,-0.012788714046042165,3.468382570669301e-6,-0.03908108978764159,-1.4735151176195393e-8,0.0013931599268697241,-0.025601486226208187,-0.006941946847563945,-4.343384170295734e-9,0.22640580243801206,-1.8397323154715428e-6,6.743450684594955e-10,0.003965478284918977,-1.5856998079713484e-8,2.8418346557759593e-6,-2.2328925612782006e-8,0.003577538204567327,0.005768095714933839,-0.02859946005436478,-0.00033682766231084716,0.013737764479379938,-1.0958822666607582e-5,0.00019420434760363407,-4.0177474777484683e-7,-0.030206075063999926,-0.08543571862405122,-0.06597097728775764,2.3688906993212027e-11,-2.0752376021216218e-10,-8.592400637220832e-8,6.279381440289619e-5,-0.006289857278308692,1.4107535444184346e-6,-0.09424016077729126,1.8019075546389795e-9,-0.0042120734497382685,-0.04210113506573723,-0.0933751901791596,2.0521385336518427e-8,0.012679476481350142,-2.8116477446110337e-9,4.739585334179494e-5,-4.0686804770265454e-8,-0.07245094461615414,0.003439490470770001,-0.02202100319825391,-1.5183935861810672e-8,0.001554773389272833,-0.00872237700390429,-0.06687852493443687,-0.0686628434260187,-7.525456333405328e-10,-1.5521002489025443e-6,-7.352837861256731e-8,-0.04849920601162775,0.10831471311671848,-0.00042403350445651897,-5.5409803481060725e-6,0.03935542842073273,-1.8982911727806256e-10,-1.4055895293966632e-6,6.3754965933519126e-6,-0.0034750773955791034,-4.13412589453541e-8,-8.366245911290221e-7,0.0030710922106257695,-0.08101463606476074,6.259409587388868e-6,7.286317996293073e-7,-9.929902372741544e-5,-0.005645579045618879,-2.104261794576606e-7,8.127987119603222e-8,0.005257376460094373,-0.0755019835468613,-8.964771994658033e-9,-0.00023081622606200782,0.14575697692107634,7.547059251160163e-5,-9.797575878949939e-6,3.392902832249468e-5,-2.8722037701828358e-8,-2.0751211598629974e-6,3.0415408614840466e-6,-1.3028537065961627e-5,0.006413251139064331,-2.5777976402161425e-5,0.0004953612886534118,2.394910012310543e-8,-1.9025370936291135e-9,0.0007985928729612059,-0.028802492413106066,-1.0518957936211525e-10,-2.950306794409492e-8,4.2376288983464605e-8,-8.540029349557067e-7,-9.229258415046156e-6,-0.042884173870476966,0.007049410982803414,2.1729513009911867e-6,-0.00022907438817254476,-3.5886152360890106e-7,2.3683389742949516e-9,-3.1172467906495715e-8,1.696164611912503e-6,-0.00010323886559856414,-8.27510172512572e-9,4.581619975440422e-8,-0.0013300386781208403,-0.01685164379234611,0.0014114674537788515,-1.6766502931649826e-5,8.009706839696343e-8,-5.931777091000288e-6,1.0307335900222376e-7,3.570974093742621e-5,1.061796892568467e-8,-0.003964994049580066,-0.003105552372350623,-7.315598754179065e-8,0.0002279780027039203,-4.0614102158057174e-7,8.598416859364723e-9,1.6182897463275704e-7,0.01696386100035794,-2.799933680549285e-7,-0.00010294819939251287,-0.0002543551445615192,-1.3115665884265717e-8,-7.63797912342288e-9,6.493156149062116e-7,-1.081285407341158e-8,-0.00020800474078656539,0.04004426254450089,-6.079731320704468e-10,0.11838483485901934,-0.011969233857133051,-2.703356787463455e-9,-0.005651914682119909,-0.00019214863135741975,1.399707964151537e-6,1.6072042694511236e-6,-0.007877316959235124,-0.003048944702728633,4.2767125270059e-5,-1.1438665803619231e-8,-0.007958808875552508,-0.000843830011985946,-1.8368226317569426e-8,0.002530370858943245,-1.6695115021968444e-7,-0.004564014139510903,4.999221612451007e-5,0.0001419999445265538,1.0909804581104252e-6,4.017403232711549e-8,2.858474071957848e-6,0.019598194473752818,-0.00416230656952403,1.1126441136918067e-6,-1.1374812694019703e-7,1.4308903020410834e-8,0.00088199609502192,-0.022148297426437244,-2.48158926166037e-10,6.867016135076716e-10,2.3083114165946464e-5,4.014582838783173e-10,-9.045778180976343e-8,-8.218786879017232e-6,1.9874911569362562e-5,-1.950340031025054e-6,-1.0136083628333707e-5,-0.003363805377809896,7.696474423914052e-5,4.552708342923265e-10,5.191571262563958e-5,-2.476186574123038e-5,-0.0002212546092494,-0.0009128792094953821,-0.0033766358707685486,-3.870234016516912e-9,3.044291176921693e-9,-0.0017760550309878186,-0.028218834623964496,0.007864559930082572,-9.23498316151149e-6,4.1826647011155184e-8,6.734899287671751e-8,0.008136267981025389,-0.00024294109760446465,-0.0032062087650845195,-0.0008574468483553745,-0.0218796690683314,-2.942794470920102e-7,0.0071340059997722525,2.808382015023983e-6,-9.718843185396623e-6,0.00011656964041040404,-0.0030152214259575216,-3.1722442575501366e-7,3.305651172218319e-7,-3.4885631680388925e-6,0.010989472712591172,7.667608883253276e-10,-0.00938337560657054,4.1003017680188793e-8,-0.05004470274283937,8.179876412865902e-9,1.743706159293895e-9,-0.006487961109557158,4.194007018690896e-5,0.004513781762884604,-0.023030486383878328,0.00038393679636241257,0.0007137684903198229,-8.915682508769305e-8,-0.048509032099597206,0.05985609080933898,-1.5428156565749974e-5,-0.004719960097179005,0.013967817009512343,-5.414474656791145e-5,-0.002608937202150926,9.7098892303429e-7,0.0004433499931763895,-1.6739969053616097e-8,4.385954751393051e-5,-0.025596105121650687,4.768747496267674e-9,0.10627226466113439,-0.00018241385861154133,0.0005909509228958356,6.53155121189629e-9,-6.959601852435779e-8,-0.031001290375645873,0.02115982969211168,3.6427689035747034e-6,8.371452403682978e-9,-3.186599337078614e-8,2.24153786268857e-7,2.854697680500853e-6,0.04726622727334221,-0.00027292418024567485,4.291829967574703e-5,-1.739830962535248e-9,-0.00025780979830637674,1.5315707310660013e-6,-4.3245506494274e-6,-0.005755279429269098,0.0011071550420552517,2.8907145344338913e-8,2.442039557727217e-6,-0.007591026377187414,-0.00020981533997556083,-5.62505069961324e-8,-0.0860430361677756,-0.03592733335143049,1.4108898955714874e-6,4.09062250420845e-6,1.870249780356064e-5,-1.340043244418519e-5,6.736064082694304e-9,0.0037860215649782344,2.9393572196797022e-5,-0.0005989408979469016,0.0052289657598345056,-0.0035363077342875143,-0.052110672357593424,-4.265248127460229e-6,-2.5340910414225084e-8,-2.437484377008934e-9,0.01912637745320497,0.0018289290287743425,-0.004140894775681243,0.01286202443784341,1.3965350419717887e-8,-0.00016508163036862034,-8.402920544409151e-10,-5.184875649153443e-6,-1.2343292503719557e-6,4.8559510633411584e-8,-0.0495147465580932,1.2401951175416126e-7,0.0020226727158776502,-0.008641006655237217,-0.04422662297584893,9.671119654551983e-10,0.19418520119363075,1.829248808076609e-7,0.0037375418880252597,-0.006962419966434264,0.01582763900373871,-1.706483992774536e-5,6.1928607498003e-5,-1.1107314860350625e-9,-4.3111840418126747e-10,-2.144226470838663e-10,-0.0015542499477837063,4.320224290191597e-9,-0.0017757705961750395,-0.0924305773963629,-0.0015326696097758953,0.01074831142665371,-0.00027837920289664066,0.020256958325938417,1.7562588779051901e-10,-0.00018148226110905694,0.00229306716055607,-0.00011392091945992032,0.06128138271168464,0.00568442702675634,-0.004781455831810459,-2.885443017783643e-9,0.009418372424112824,1.4885786493507868e-6,0.0007154142113454423,0.01250127222545142,5.345646170779651e-6,-6.565335250447805e-7,-0.0015772877528100306,-9.154305179804147e-9,0.0010600084339334507,0.00924968782233202,2.17078917734849e-7,1.858227507393826e-5,-2.7551640372819405e-5,-0.0637228932871796,3.713588452987231e-5,-0.0017208007081133993,-1.483684971457276e-8,-6.262684034189959e-6,-0.00836257120605351,1.2490726498905916e-6,-0.048769047055083885,-2.5931540232166e-8,-0.03362327024352001,0.29005605580468374,0.0022062322219596163,1.2818532401148547e-7,5.097781796580254e-7,2.4765361237648014e-5,-7.351116594708391e-6,0.01885595583452815,-7.464689984138954e-7,-2.4643555618873954e-9,0.0005954444302099002,-0.0033697209239540197,-4.3789109329343404e-8,5.052149477326123e-5,-4.287903592955713e-5,0.001809299749917776,0.00017693913504286617,-9.0341283978087e-9,-7.158944397816638e-9,0.1325167577390861,-0.003832597680069904,-0.00018617762479487734,-1.488935535879066e-7,-0.00011543172355643411,-0.06334670866747466,-2.7395225683010482e-5,1.999772190666902e-6,1.668785297590807e-6,-0.058939319348376464,-0.00423383498197989,-0.0021418742381105783,-0.005161730308121001,0.0008443102574619429,0.00995057333724013,-3.599713310867943e-8,-1.0209256553432213e-8,0.014103756002180395,6.544668119732623e-5,1.5539219753287015e-9
0.0,0.0,0.0,0.0,0.0,0.0,0.0,0.0,0.0,0.0,0.0,0.0,0.0,0.0,0.0,0.0,0.0,0.0,0.0,0.0,0.0,0.0,0.0,0.0,0.0,0.0,0.0,0.0,0.0,0.0,0.0,0.0,0.0,0.0,0.0,0.0,0.0,0.0,0.0,0.0,0.0,0.0,0.0,0.0,0.0,0.0,0.0,0.0,0.0,0.0,0.0,0.0,0.0,0.0,0.0,0.0,0.0,0.0,0.0,0.0,0.0,0.0,0.0,0.0,0.0,0.0,0.0,0.0,0.0,0.0,0.0,0.0,0.0,0.0,0.0,0.4272621233209035,-0.00037678637068664885,-0.003719844711434629,-0.026301269988775692,-0.0011166362347092404,-1.5168938182910733e-5,0.0010260321832051614,0.013922612797871147,0.04891369031611919,1.5546854192998872e-5,-1.552288073507229e-5,-0.0034524543923940437,-0.05298718138917033,-2.598437050141368e-6,-0.00017818025098565392,-0.04232656177353747,-9.513397253135469e-6,-0.00014833308563856927,-0.04403153658740931,-0.07137413337495248,0.0007509478804871805,-0.11077906885627119,-0.0059767752983621285,-1.3536727530975833e-6,9.160190215999942e-8,1.809368208662504e-5,-4.4537483568359083e-7,-2.4575035141275107e-5,-2.113146111006781e-8,-0.00012065187888633519,7.168066980769362e-5,-0.0017992629375618843,4.4294014110140335e-7,-2.6615165371957095e-7,0.010256682053860782,0.052407318871709074,0.00014112091202454785,-0.028508343533538635,2.0478470503693473e-5,0.018850756592464324,-0.0020677165354727896,-0.00023418496007399304,-5.561965661501427e-8,-6.923151911858421e-7,0.01670566910180997,-3.8089896607932087e-6,0.00035385767934242873,-0.0032458591234829064,5.458438595741498e-7,0.0016191167311040123,-0.03966901569128327,-0.052392699345968484,0.00015638060851118628,-0.023994119014654175,-1.1310405445471292e-6,-3.869697712437841e-9,-0.0023505280122096,0.008986980737603487,1.4395918731298519e-6,-0.0018689759846106156,0.020939975158599182,-0.002078860275208327,0.18599091021196684,-0.0013906831554966871,0.0003159237775894074,-0.027017377921382285,0.003455748924174492,-1.307530898752694e-5,0.014768578302312851,6.373072295863871e-6,-0.007180723476074136,2.4489527585866734e-5,6.062173223784401e-8,5.789388005012436e-8,-6.467199494776024e-6,0.004618391998755369,4.045276064974425e-5,0.08411552721450959,0.003390442525117109,-3.859548812916641e-5,-1.872492826977049e-5,-0.08236246587925093,-0.0009324894714618539,-5.889373030017872e-5,-3.573744625166747e-8,-0.0002462164121129956,-1.1355894864739046e-8,-0.00014896123601653154,0.00017429023470854005,2.7782372502285774e-5,-0.0017718717159762088,-0.004010228262853437,0.10681716466445386,7.751097366838651e-7,4.579651967006191e-9,0.00756516924922899,2.8182489402195017e-8,2.198473832002384e-5,9.246353563113616e-7,-2.715263897271185e-6,0.09305305064791922,0.000718898420421808,-9.713806772853729e-5,-0.0014670910012461603,1.667517107227667e-7,0.007947590638452314,0.06310223617296538,-0.05154906076680954,0.0002486278858839645,-5.044576739400439e-6,-0.00025671500316658036,0.2413608476293648,1.3818158853545097e-5,-0.0019577924828082893,1.1669469489023331e-5,0.007799558503648278,0.0034282029508601714,-1.0792475214031513e-5,0.012100944688957454,-0.01608211975200377,-4.2548434569166917e-8,8.391661374083283e-5,0.22328471693428106,-0.0032818527720786424,1.1403425775010234e-5,-4.2745203229714767e-7,-0.03247902171243077,-0.0063833270237654395,-0.001746011567354273,-9.375434169065436e-5,0.0013732329806362383,-8.919321170713608e-9,0.14637056235282525,-0.0010075027946050555,-0.0022847409773651614,-1.1572482649433587e-6,0.00018506996256472335,2.7237257249931166e-8,-0.0019050261548831486,-4.204390976951922e-5,-0.0022420998727630155,-0.0003455407931981834,-0.00019230825283244194,-0.05412818750306349,-1.0387205036721956e-5,-1.4519218531684332e-7,2.1843657810287223e-5,-0.03742755849219084,0.004475676463593652,-7.482641417238576e-9,-1.2158240611809273e-8,-0.0009533123476646579,0.3323840273510172,-2.1419624231309885e-5,0.0016852255924539074,4.015098392710488e-8,-0.0009739123618755001,7.875424437321197e-7,-0.0029090594029933157,-0.0006693475908619846,1.1087312813392828e-6,0.00016549340198880537,0.00022467986688973215,-3.8034077312763764e-5,-8.302158477396702e-5,-0.07145177400595097,-3.686413311859133e-7,0.001506799962034262,-0.0015380818762207968,-0.00012821424199813903,-2.591188494626152e-9,-0.04105425057208749,9.839908731259075e-8,-0.05684371800245958,-4.368937120462493e-5,-0.007014496779499293,-0.014443961793481428,-0.0001614759500735235,-7.637436904758328e-6,0.004693849249075564,2.1986295191853676e-7,0.02518200372413864,0.030136833087567854,-1.3647111181608503e-5,-8.2906071611999e-5,-0.004684614612102,0.008700161914753559,0.00019524363181060804,0.00033013449333096944,1.9070710563123844e-9,-0.00018076898986967753,1.1395600408433139e-7,-7.842990292082109e-7,-5.580837667412838e-6,0.0030777322552402757,-0.016133259562336955,3.430293218493191e-5,0.0029207596383657433,1.7474542686611007e-7,-2.8457024230889954e-8,-0.003199970212834447,0.0007644033994134587,1.1988063268294164e-5,-0.003236102678269622,1.0054568722371233e-6,-1.2330756312810213e-5,0.009337425373299204,-9.587067002556072e-7,0.00012883025305987717,-0.0011805647025025978,0.0008053236234078018,-1.8458956213882323e-7,0.13077650605869853,6.396464245332006e-8,-0.02873242079333338,2.5903652971019475e-5,-0.0006361334956875374,-4.134824661678762e-6,-2.736832066829345e-7,0.12234899066528003,9.720232814042543e-5,0.0014024776670998108,-0.0004121097456809292,-0.008341802902667877,-3.0304863407768965e-9,6.952123994902808e-6,-0.0010376252577667332,5.1514797265749054e-5,3.1835461059438424e-8,0.01038019048318645,-0.05048636184208585,-0.05712221458921125,5.259363373091913e-5,1.71999251639173e-5,-5.9138458014455506e-5,-0.008877330466956608,0.0012126850897681849,-0.00011241422734375095,-6.86660184065936e-10,0.0007582089690700641,0.00016055661142676313,-0.015007058984038157,1.0485471500823162e-7,1.8954929666500085e-5,-0.00045683089486743566,0.007102900726694246,0.00036950295984490697,0.3188749207496515,-3.233922291077543e-6,0.012525117264784665,0.000492841212015167,2.7855535527595458e-5,0.0038722570272208133,6.759331717163438e-8,6.4751705181896e-5,-3.696357754474702e-7,-0.08299633642203519,-0.001536083105356419,1.6434393831513626e-8,0.13792729715473262,-0.0001138188288082962,-0.00027662079467954747,1.0539846139201876e-6,-0.049769968299672396,4.403816207136808e-8,2.1934293949709182e-5,6.269413771657138e-5,0.00041596984793852693,0.00071587901825419,7.347342669469443e-7,-0.00010218513938390225,-0.0012517938928341586,0.09004500840428717,2.0501049922391317e-5,-1.3572242810120931e-7,0.17367428264841125,0.00020863103460164658,-1.2281851071709358e-5,7.470133870670726e-7,-0.000140881169730244,0.0076102064523928155,0.09299371088140251,-0.00012008015196153113,2.752540476881626e-6,0.00775882308684751,-2.7479364525973813e-7,-1.8460119580665352e-6,2.4937860648720086e-7,-0.0007978087959403123,0.17446556410886183,0.006543763026214779,0.0029695066345132607,1.5602650856197778e-5,0.000141885603705026,-1.4591876581488551e-8,0.010396483553443905,1.0141669454067189e-7,-0.002385375672979294,8.102882925444892e-7,-0.0015873030334556599,-1.2525551978577937e-5,-4.0524987458457595e-7,9.582219593114243e-7,-1.0111634351965872e-8,-1.2632539429687485e-5,4.612027475023728e-5,4.2069740800943266e-8,2.3289698228683614e-9,0.000635805152244568,-0.0240912032438879,2.541963868792036e-5,-0.0006165318235568915,-0.0002859059780765085,-0.000879791833266634,0.0002968995044266008,-7.596577368511186e-5,0.015708227866156516,0.0039996263560030726,-9.437960208796316e-5,-0.0021615943359680526,-0.0020805435127389366,0.0014756664525201917,2.384835823952774e-5,3.045070343792765e-6,-7.187912538833933e-7,5.8524763823699066e-8,9.542576218666089e-5,-7.557343692496569e-6,-0.00012979333531108476,1.8836563107780395e-8,-0.09632634571719105,-0.0011855355355645254,-0.001200848299323097,-0.0010877182185969156,-1.3071766052028906e-8,-2.1524230879091432e-8,1.455861678520658e-8,4.4102872655085015e-10,2.2938939951426656e-8,-0.029676606399359984,1.3112897123067504e-5,-5.7220422579265845e-6,0.006038648131794805,-6.896424626157058e-6,-1.3161168153649754e-6,-1.4926140882840318e-5,0.00013912493045317882,-0.00010131151852114501,-0.017886252782025408,0.010751960397863572,6.259834223313227e-7,-0.056643187797886144,-1.1202147427628942e-5,-0.004101076151068292,5.1101130565229166e-8,-2.524209466725293e-8,-5.8256213849106394e-6,-0.002687608704563304,4.075501787279255e-7,-0.010048735404028505,-0.0004253451610429466,-7.794275241325578e-9,-0.002808579991840724,-0.07800698542150493,-0.0014950462911747584,-3.0031496517365632e-6,-4.5828113462360787e-7,2.7528710774503833e-7,-0.0006279522799731766,-8.90479172120673e-9,-0.02927615963064695,-2.036948064398888e-8,-0.021344447137386223,9.821330132093822e-8,-7.292686481657406e-6,-2.9212730981842516e-6,0.00012874502681657334,-0.000157836616111298,-0.017923861529365995,0.005976961582451068,2.4678223773416846e-7,0.02266796541220193,2.39935165591192e-7,0.0002129032029295595,1.8238221982327753e-5,-1.5347716299305064e-6,-7.304747308893173e-6,0.026144618594839727,-2.3555343373097888e-8,-0.0016230637704732587,0.0015771241587438272,-0.0025929377252506217,4.3436992671316435e-7,-2.2701980607812244e-10,-1.5987786818537803e-7,-0.0014477512319788588,-1.7799121371641994e-8,8.055007917846056e-8,7.666876048583753e-7,-5.152741063589126e-6,0.00032676288982840136,-0.011673632552586842,0.003131460365274972,2.4250312666503804e-7,1.7458726527759285e-7,-1.3415303673855253e-8,0.012060931345025302,1.2424445834587876e-6,-0.00017952054155371993,0.004371856696241688,-0.002618323275862134,-8.429428471975159e-9,-0.03701922003615298,0.029044436561418262,-2.7676067797976885e-7,-1.4186580610226536e-6,0.014130606468734938,-0.004426722500304426,-0.00046190749749465605,-0.00010780087508288295,-0.07775664593441113,0.010330447463440572,8.449940392331756e-8,-1.2393476743424106e-5,0.00044154784767696544,0.0004786603000126922,7.262644464929273e-7,0.00031017175624752417,0.020575923846371125,0.00012176521561345744,-0.020583528354285823,0.03524598121596023,0.21740689845048777,-0.012865386156197589,6.937682573164819e-9,-0.0007455158631547344,5.6876822522814604e-5,0.0038787478054728122,8.087533936565301e-5,0.00047313804381773976,1.4389860953917826e-7,0.00016554243790283253,0.0055062434347714125,0.004261477378510833,-0.09906970008311057,-0.058442364721538284,-5.003397288692385e-8,-2.568513805747865e-6,0.048148068171978045,5.443908546504534e-5,0.044718034293507535,0.005491086259155616,-0.001569300166957704,0.3940629937784319,-3.0239984759986425e-5,-0.0007813203719266825,-0.004248959938471955,-6.37757976923749e-5,-3.530542122099356e-8,8.980846776283319e-5,-0.0024124500545622376,-0.029166325652107687,-0.0295471167350787,0.004700582571742345,3.0206059000103866e-5,-1.8252758145845561e-6,1.747749847900047e-6,2.138772088962261e-6,-0.00238821506689207,-0.00022572257853963032,-0.036656270258229304,0.0013330623867613897,0.012449003843353547,3.177413511390727e-8,0.048934741845135986,0.00047602719227425166,0.0002355541845875462,-0.003490839914024593,-0.00309121295973772,0.004870288039754268,-0.00022190982250592476,-0.001375329827562747,-6.107310917980148e-7,-0.0001246132912933924,1.4926526244413076e-6,3.992936026338566e-8,-0.0014167725033427268,6.6902852442942775e-9,0.00037948571617730945,0.1691373203489733,-0.059828538774046376,-1.1556252904236979e-8,2.6528446488224113e-5,0.006835004166193839,-0.003665944273746246,9.053181599796518e-8,9.708878227340852e-8,-0.003805928564625063,1.2699887436743859e-6,-0.001760970061260557,-3.133627193575162e-5,-0.0015462600526804553,0.0002977361843553695,0.09072064354788019,-0.013602486949452996,-0.04510679611619181,1.0784838335838095e-5,-4.8777854726210335e-6,0.27235124836430896,-0.052000828801113466,-0.025564042193976837,-8.698761488134545e-9,-2.7683254380307773e-6,0.00024178355101832496,-0.00024974955086557837,0.012428654996378722,1.6341408596051763e-5,-0.042468119974912205,0.017977132227328038,0.005715639964132891,0.015475229841296543,-0.010362375096625468,-1.1146174789201878e-6,-0.0017675671468167292,0.00031681336742976006,2.0370792965834437e-9,-0.001854264643211847,-0.0013662804475597216,-1.4031230979846464e-5,1.5797731950703676e-5,-0.0005135461557276016,0.0002874499569481254,-1.5688405221178288e-9,4.6809581838588554e-8,1.378952482476927e-8,-0.0027661488778844582,-0.007049192859631269,0.008936926203190572,1.3213080411795299e-5,-2.866199629462894e-5,-9.395834048850093e-9,-1.8994860881008303e-5,-1.0495284765335338e-5,-0.09632636094760359,-8.60315025713867e-9,-0.057667647124041474,-0.0005588692784956635,-0.0002804577998681529,-5.954486839192753e-6,-0.05368364720362114,0.14362354027873822,-0.0400913880579004,1.0414820414150393e-7,0.00024500958053456684,-4.893371906561571e-6,-0.010839173175080171,-6.343770038979638e-6,-0.0221772716856647,0.00030225151926921505,-4.462260484137179e-6,-0.00028106583719650927,1.8417215199851618e-5,-5.611362211698524e-6,9.50874536403854e-5,-3.7757014677329865e-5,-0.011385052841621437,-1.808869023889198e-7,1.0692145143783732e-6,0.0035470936024565016,-1.1533648934229741e-5,9.692057116792847e-7,-2.258889273581301e-5,-2.3195515284529747e-6,0.08404697871715047,-3.7917110546330997e-5,0.0011037972792838848,0.001344445233519081,-1.8534510958710525e-8,-0.0009558997445398234,1.313506129718626e-6,-5.90915855197484e-9,0.0002607418167465071,-0.0006749376824548688,-0.0021486787287583737,6.561508659974614e-7,3.8055907589658384e-7,0.19094156490440473,-0.0005160481959605001,0.002111657641644232,-0.0028250754504541065,0.005495136844706364,7.910954099152955e-8,-0.0008658843295156558,-3.5375625714340605e-8,0.00012966593532864117,0.0004046452327498231,0.009082650109567818,0.01893672964782779,-4.1503796347774443e-7,0.00014528427851529015,-0.029915731906536156,0.008291778944729489,-9.159229827102763e-5,9.782959250012842e-5,-0.06676597381899484,4.057266498451124e-7,-1.0157190955873543e-5,0.23454580780314155,0.012130544421942438,0.009260143744273903,0.010912629644059835,-0.0002893836571062093,2.352036125139141e-5,0.010552110690264618,-6.656040393761758e-9,-4.807336166697641e-7,-0.00012453881251954345,2.557351313569651e-7,-0.005642060519748131,-0.002020493900873429,-0.0005741655026483471,2.2412772109105165e-5,2.0137128291719208e-5,-7.395252476061154e-6,1.1539415259687093e-8,0.00815427292506485,-0.0006606767632322687,-0.00032829392851073586,-0.04386375803398242,0.0065271870764008425,0.004351580726389017,-3.777048799277458e-6,0.16707329026246417,2.1546114491599754e-5,-5.54959405862863e-5,-1.1897510461898138e-6,-0.00040291675501180564,-6.329161847028618e-7,-0.0034574856951324192,2.2911396061431493e-5,1.1243226446754502e-7,-3.23638934834438e-8,0.01583739670797427,0.003755126019543532,0.0002100700802350351,-9.992979483002153e-5,0.00011272900621207999,1.7295290813171527e-5,-0.00023630260451268015,-6.909631683967937e-5,-4.702454203593975e-6,-1.4549902554869354e-5,6.874894546252686e-8,-0.0002693565095724984,6.664614125406516e-7,-2.0268676283532237e-6,2.6974239360368445e-6,-4.57385972436152e-6,-0.000693026925691992,1.864683367212503e-7,-2.0629064968011928e-7,6.026402861879333e-8,-0.00016873691621292438,2.1943698566985843e-5,0.17510266429756322,0.0009733175494552145,5.040627903969615e-8,-0.04159638207407694,-0.06451592961849534,-4.1741092536853396e-5,-0.002166721608164661,8.934333487621426e-5,-1.0155618045022977e-7,0.13817176931587796,-0.001354767621462048,0.000677418515875398,-1.4125671825434129e-5,0.0033284242684527114,7.063472341998852e-9,0.0012623906839622774,0.01405007485770654,-6.283512903279398e-5,0.33792992906367886,4.386554329188767e-7,-0.013017040699896133,5.513066723415733e-7,1.1358506153452099e-6,1.0019123672553897e-8,0.010161947454360424,-0.03476495985373809,0.005382096087984923,0.00687878998397008,1.4594408082177625e-8,-0.04833362366141528,0.003444876622951179,8.568088226163314e-5,-3.897866452291884e-6,1.2792741416407513e-5,0.008363428582652445,-0.0025028240786498274,1.9948998582432607e-5,2.8352365462929974e-5,0.0007150392926722653,-0.00032234081881813136,8.929259640073163e-7,9.791088930590317e-6,-0.0008838750581545591,0.005443325146178196,-0.002100050326327321,-1.013967433773695e-5,-0.00234974586943448,0.20443090831289865,0.025804918809529506,-6.695119290623246e-8,-1.1922886270503715e-6,7.76153145818574e-6,1.1581769078571737e-5,7.375062129500933e-6,1.437134448004613e-5,-0.00028230058207689095,-0.000656248173882869,8.52026689957406e-8,0.00023881065997155738,0.00018819894696458876
0.0,0.0,0.0,0.0,0.0,0.0,0.0,0.0,0.0,0.0,0.0,0.0,0.0,0.0,0.0,0.0,0.0,0.0,0.0,0.0,0.0,0.0,0.0,0.0,0.0,0.0,0.0,0.0,0.0,0.0,0.0,0.0,0.0,0.0,0.0,0.0,0.0,0.0,0.0,0.0,0.0,0.0,0.0,0.0,0.0,0.0,0.0,0.0,0.0,0.0,0.0,0.0,0.0,0.0,0.0,0.0,0.0,0.0,0.0,0.0,0.0,0.0,0.0,0.0,0.0,0.0,0.0,0.0,0.0,0.0,0.0,0.0,0.0,0.0,0.0,0.0,0.41823986547646946,0.0015647448551391126,0.006768765701734273,1.5299975140062188e-5,0.0003522489545800085,-0.012924180024751347,-0.02042123052513371,0.005633572729217128,-0.00911476946002163,-0.07080902235232157,-2.613880393376767e-6,-3.855473419092043e-7,0.0008549091689323161,-8.28731646824882e-6,-5.10737263476919e-5,0.001433257521036403,-0.049115352443338506,4.544726222955099e-5,-0.001842284401326713,-0.07369759057748425,0.0003324172723874622,-3.145651381604617e-6,-0.0024764931205059843,-2.414439444690879e-6,-0.0022663470139265072,-2.4975311926047553e-5,5.618305459155002e-7,-4.377005927493819e-6,0.017004550208454355,-0.00997497136842698,0.08592156004466492,-0.00012995144301093992,-1.8202070709281e-5,0.019869718514627335,-0.00026301913517223476,-3.7893636855011656e-6,-7.947127673218696e-5,-0.0011184469616635868,0.0024120541406753328,0.11629158265938448,2.8234027925779445e-6,2.4730335125324964e-5,0.0001376792706628295,0.00995155476299463,0.00055250790221096,-7.812069496256945e-8,-0.02162828451153348,-5.5565943281142335e-6,1.6526209291786397e-5,0.0010609687788359693,0.0010487525267494887,-0.03144982199693199,-0.0015772250280503108,-0.005706752786415408,-7.003406083885379e-6,-2.940922861134895e-5,-0.032914622990747135,0.0004090597201680986,-3.6748413598037336e-6,-0.014232650884169275,-2.2304007513812535e-5,0.0010384803162221316,-0.042073368927246724,-0.03389600624863471,-0.00012647371180179366,-1.4857088686436067e-5,0.0007587342656210915,0.00013432344557975058,0.19923985507996822,0.018902058481225496,-0.0016565297765516527,-2.2625033655210476e-5,-2.336537851658515e-5,0.0003417386460283836,-0.006337958160439701,-2.6247145184096196e-6,-0.00041598263709405727,-0.00014154501724650758,-0.014938039675534025,-0.04301989892267883,0.0017953114163899613,0.1840921192459376,-0.0008750804540282365,-5.084139935596356e-5,-1.851369778752238e-5,6.107755412928304e-6,-8.086973891986288e-7,-3.5336493105664456e-7,0.0025763093656040593,-0.0017318515894726844,9.626645779078061e-5,-0.0006536228570113358,-5.847399592691138e-6,3.852190149357919e-6,-1.811245818189628e-5,-5.282544175798017e-6,3.888554007659407e-6,-0.00015351781615568653,0.00037335620368441936,4.8139047117993495e-5,0.03568117988098289,1.0946741777931234e-6,7.456177544339497e-7,-5.02016118626622e-5,0.012038170098903603,0.0011245944874633332,9.430915794523544e-5,-0.04390979010054052,0.0012636541187890577,0.11220964240554539,4.743719326041426e-5,-0.00273845662453152,5.835032290221387e-7,-0.0015124717681454004,-0.02694244482798041,-9.768200073367472e-6,-0.0007509557903042199,-0.00016546214663969047,-1.1502568747249645e-5,2.4764823003790007e-6,0.1035608760687107,0.001563068480855979,-6.8665313651066884e-6,-0.0021024910230445695,-9.75246076177919e-6,-0.00036668327088157653,0.01227912686839784,0.15248051391374196,-0.024421033203111835,0.014509404154682186,1.1727311760629019e-7,-0.00011964048230109782,1.0821514381500402e-5,-0.013150277344238133,-0.0007375814599376665,-7.140326554976954e-8,-6.948117285367364e-5,-0.018806161833286362,-0.03414495096363466,-1.8100813375368855e-6,0.04668088615882797,-4.967453360325044e-6,8.1644112659847e-5,0.0016050058558270954,0.00016556056712109792,-0.010584128802953015,0.0005023850234664451,3.470669911953897e-5,2.4913920950003073e-6,2.280299628674495e-6,6.380744267493445e-6,-0.00031281532345968794,0.009014507939926497,1.5024445966183755e-5,-1.497021870272658e-5,0.045827226493474905,0.0002055194316969352,0.01409070781635227,0.27402757497364905,-1.93554790479314e-5,6.369866840754315e-7,-1.664801949377065e-7,0.004036588775729665,-0.03911310522761122,-9.492589123992655e-5,2.961947147849946e-6,-4.802723895868899e-6,-0.015487191888830807,5.435153257731542e-7,-1.6298381880435092e-6,0.00011091500523498484,-2.2234115494189805e-5,-0.002082906341504986,0.006593342200208427,-1.5124791081439655e-6,9.42796996708518e-5,1.3790040194687592e-6,-0.00016255320010166838,-4.607305671553822e-5,-8.082534993975694e-5,0.0006166050708549517,0.0009109725199774381,0.00089314630691659,-0.019237961884878713,-5.593544868795695e-5,0.003644381312760899,-0.08632192977407183,-0.03497928590705477,5.271483980942987e-6,-1.8605912742884434e-6,-1.4242414302865103e-5,-7.719936868638493e-6,0.00044528143821402394,-0.005869905261062879,-0.0001082826889335328,-2.0075664972158875e-6,-0.04384531875492822,1.6700967629181157e-5,1.2846065227205488e-5,-0.0062433836737469765,6.689947901350255e-6,-2.637563094583843e-5,0.004849453856199896,-0.00014040128475231766,-0.03710438728077273,0.0032627415017615034,-0.00012999089707771725,-4.444875613291328e-6,-0.0021003573614244144,-0.0589941960564349,-1.453973796572449e-5,-5.3601527737780604e-5,-2.9460736711513123e-5,-8.181909317989242e-5,-0.0026119084643526857,8.39128487351946e-6,0.00011438417429150956,4.534364577169499e-5,-0.0001976172976282109,-0.005144326669172082,0.004006281143038106,-1.2674480301929686e-5,0.00010585598544638085,2.2467491598806264e-6,3.5504249612087185e-8,-1.2033249472342164e-6,0.261015910430388,3.227648369963636e-6,-0.006708257382547288,0.00033818385878915365,0.0004901398076193439,-0.07102520054357131,-0.003609974736593969,0.009330848261704409,-5.65619766288178e-5,0.0010087411517424503,7.381685393706406e-7,-4.416511701789263e-6,-1.2656113673209824e-5,0.028268454757080085,0.0068706977727965605,0.0005795600931881147,-0.00126880089277544,-1.6053731361447282e-6,-0.0003540496869770138,-0.006452408512818172,-0.000393429682917716,-0.0025276806984001515,3.5606864467529215e-6,0.011971573972589801,0.001957599099035879,-5.3411377375284336e-5,-3.234624456371916e-5,-1.259866903223193e-6,6.690328363282714e-5,0.0009659381254815319,0.003908149755592639,-6.779027719404461e-7,9.840995892016548e-5,-2.4027056626863496e-5,0.009821997902322318,-0.00018758337674743098,-0.0001298322071351665,-1.987322436846506e-5,-0.003276484709404816,0.0340303863085074,-0.05019259011004262,1.9525265164868665e-6,0.00019124147218149451,-0.05660885190936917,1.6344925393867066e-5,0.0028354988752261625,0.0013060510813832163,-1.1413154587701037e-5,-0.00023676235381724388,-0.01817904229630612,0.0003312256295283103,1.2892458181715763e-5,-0.025872406441964584,0.0005176201721973253,-0.0017412955188210663,-0.017933944527688317,-0.0003255448561919866,-0.03724953633292907,5.917192767457278e-5,0.00016621738682459953,-0.00014106911075535277,-4.676829097068644e-5,0.00026572528262352286,4.3247420817307515e-5,-3.732652398644016e-6,-0.00041009842407930435,0.005005216561985848,-9.274633416396426e-6,0.002290086917069168,-3.875174001296018e-6,-0.0001284130093467351,3.559195717190285e-5,-0.01853209868342494,0.0013560140898832365,3.964827483483622e-5,-0.003234902638992191,-3.0970127956932767e-6,0.0030227695746969773,-1.4058408964040329e-6,8.530059117377555e-7,-9.16134565883691e-7,0.013614893080863272,-0.0005336958800900094,-0.06634719609692583,-0.009122319696763019,5.159199160078791e-6,0.26935149298948385,-0.014213190245559911,0.00564806822089926,-0.0013006063143223194,-0.005413249962362113,8.443969550250983e-7,6.3023901562448995e-6,0.06578971049293983,1.2652094998069827e-5,5.668007080551415e-7,-0.0050415351720093085,1.5428232322863714e-5,-8.747733672895109e-6,-8.685948997148085e-8,-0.00015572245199560648,3.1292615660872626e-6,2.6233436304164637e-6,0.00036779687434893775,-0.045751342665321784,-2.253918592386679e-6,0.04882837600139952,5.368770238112699e-6,4.620056722817851e-8,1.1003559003256276e-6,-1.0979389677890164e-6,2.863783503137027e-6,2.8757047429523738e-5,-0.0003725621581084212,-0.0028397521761004377,0.02234917494131598,0.0013961528436078003,0.0003693299098203063,-0.0073856914784228905,-1.2353059467627864e-6,-0.04470945367599386,0.007541295930020972,-0.01108378479204069,-4.107477536449932e-5,-0.0009466729273479511,0.0005445783063973794,-3.449947668191762e-5,-1.1451033988036551e-5,-5.7095473925332616e-6,0.0015232261886405864,2.1296675655075206e-6,-6.15317792161387e-5,-0.0006541001351767073,1.7358320156553491e-6,-3.039162870496813e-6,-5.299929167131324e-6,-0.0005903575482997295,-4.047708196105779e-6,0.0021479494988314836,7.807268160263892e-5,-0.0001308576815765047,0.07091853501111603,-5.313495642439079e-7,0.005196667601796663,4.282270190450886e-6,-0.000342535012416342,1.815597580613325e-5,0.0009023913950688805,0.0009778417707927967,1.3798870378984185e-8,2.675164200455275e-7,-3.612543258956902e-5,-0.027058654982679436,0.005206416591194193,0.001286525888943411,-6.474187885915362e-5,-1.0216706665348024e-6,-0.0007501081770154593,0.00044688115978668794,0.0002476399127334132,-6.836523710191684e-6,1.0063815835438929e-5,-3.273085667089685e-6,-0.05660674001513933,-1.0230117829229074e-5,-5.0289856955075246e-5,1.3162040516151468e-6,1.572438515327578e-6,-3.4367221147469704e-6,1.1699918945275735e-5,-5.310586477263516e-5,-0.00012078506466073457,-0.0010219731948840605,-1.7094434125618618e-6,-0.0005631994436661555,-0.00016365371817908048,-7.066440883627102e-5,5.997648604591747e-5,8.83702475357364e-6,0.010501884920208647,6.938509361632037e-5,7.29954327120481e-8,-0.006571451440868705,0.10341093024377979,-9.532176449244083e-5,-4.6959572791566614e-5,0.001043376766171663,0.00010303406087522363,0.0002839871930725154,-0.027717791419468323,-0.030632041817380582,0.04355300136750391,-0.01794651776062832,-8.671098155553086e-6,7.18081502379671e-5,-1.0078993751975458e-5,0.0004914275621046418,6.3720463439956925e-6,-0.07152998739414958,-0.000329175551940671,-0.037024921234532,0.01437565491861813,-0.015394285259602928,1.976004968313911e-5,0.005381397845861011,0.001533868165056091,0.007869000950915663,2.546018544934859e-6,0.014088529318852846,-0.03761022799535656,2.0305549398922873e-5,-2.430684277442025e-6,0.0602394322870363,-3.710450888850698e-6,-2.6277496031154828e-8,-4.612972567628989e-5,-3.94332233953628e-6,0.0006883834083172448,0.006149914099254702,2.639204718557283e-5,-0.003933351047072424,-0.0002216170620510201,-0.04164683108155604,-6.095533684128428e-5,-5.06940705468099e-6,-3.094854563100321e-5,6.112069224156564e-5,0.15955238937377184,-4.1164071230860575e-6,-4.273194816342533e-5,-0.027079141449479534,1.4894299587883454e-5,-0.018727815173468693,-0.04994193109314635,-0.00012404073020364387,-0.0023529574762925377,-1.7082464405121757e-5,0.18816342916291942,1.6325320451699932e-5,-0.00047776365669293134,-0.0006614340427790868,4.926585637525928e-6,0.08882111438183528,-1.7087930146612955e-5,8.864931801722331e-6,0.00013959257945330493,-1.367439323823399e-5,0.00021976981833623897,-0.07385414878475237,-0.011022774065991453,-7.771274741874491e-6,-3.7033949736535416e-7,0.00011884836864391066,-1.9965787486048006e-5,0.31978027176649804,-2.3254760122619522e-5,-3.1427302905555864e-7,0.00034305986027572744,-0.0001128261394642351,1.6980991325519018e-7,7.282376940297427e-6,-0.022645366292356528,-0.00022921089590476304,-0.0017831261600999148,2.465307409426269e-8,-0.002386089270067205,-6.899119907465882e-5,-3.1712491695509036e-6,-2.9597094243028977e-5,-0.00011528316092725176,-1.5210542234046607e-6,-0.0002172208228300689,0.0006592164268571964,-0.0201280669331545,0.035995027703481945,0.1033410793122953,0.0036249396206021692,7.115130446692174e-5,-0.0012591478324596244,0.000367348139446683,-0.019563723985465322,-2.3525280535130275e-5,-7.109838193232381e-5,-3.478998426706256e-5,2.151678823818612e-6,0.0007051163448141488,-1.8560443001504073e-6,-8.312671471293357e-6,0.010865907458213772,5.012797199764047e-7,-8.55536038799245e-6,-0.001774220314973002,-0.03154960371628106,-0.00023619863526894546,0.005464293190125006,0.000394655894488757,0.029214428428081512,-2.1776594963757638e-7,-5.4687261186296215e-6,-0.0007904632625147129,0.10386770083265177,-0.0038578608018692705,-0.0006296466728213715,-3.7160733233465853e-6,1.090654782695114e-6,-3.4399979397578157e-6,6.204418695708843e-6,-3.863292736149281e-6,0.006536009488882274,2.9837037977221315e-5,0.00010385230454554302,-0.0006872552677589322,-0.012544227291478988,-2.2957787942371773e-6,0.0023520841343808076,0.0016201267306774703,0.00018601643134667886,-5.79074117298266e-6,-0.0010078857122317766,0.30509235182737027,0.18021597131763703,0.0005262284563384026,-0.0022382447797560196,-0.00010719404039295545,0.003434021773810035,-3.0206407856340872e-5,-4.044999187008946e-7,0.001398862020123448,-4.8444715549425585e-5,3.071028483027748e-5,3.847442151927421e-5,4.799309676248105e-8,0.00019046536357387897,-0.014527642140369307,-0.0018003697283109459,-0.0011903996623296377,0.1124054448000358,-0.025446210087636104,-4.990419763783376e-7,-1.777386856257932e-5,6.467733416006147e-5,0.011896513796806486,-0.0014337734837088767,-1.3623920482128841e-5,-0.007249903669960226,0.00030109538727618213,0.0007634720836507725,-0.03561603269922212,-1.4930223511308577e-6,-0.021620270902377593,-4.268082065951931e-6,1.103063240787492e-5,0.00017427417727503512,9.579296301703513e-7,0.02421218194730089,1.1023964351813562e-5,-2.1300902442140628e-5,-0.00013905405566256245,-0.00013242682537982953,-0.0007523379748673273,6.614663046964466e-6,-2.060677933310992e-5,-9.132103393290427e-7,0.0021612586001016365,-3.927047604236809e-5,-0.02416487156376734,4.2113818647935264e-5,-5.071055638190927e-7,-0.01754032818050535,-0.0003619022599634229,-0.0006582362159066673,3.470612878146861e-5,-0.031213654353696198,8.985564764412573e-5,-0.0035786190768313337,0.001223494695799838,-0.08321218321850726,2.7257123777635802e-5,-5.072380668975578e-5,0.0008802539109890992,0.0005585724593524054,-0.0064651196717260915,-0.027651521477434098,0.017355171668091453,1.382901736545749e-5,1.98740838680682e-6,-0.010541632070379671,1.934484752856601e-6,6.257455798451313e-5,0.01296448904712299,-4.250740080993312e-5,-0.0020539555795865048,-5.092114878006836e-6,9.401956443823912e-7,0.0014102810594520743,-0.00878407411816548,0.001249293508247131,-6.95934395276087e-6,7.007007358117986e-5,0.11337408728340777,3.2366658611677002e-6,-0.0014745890945574637,0.0012469580694419048,-1.9583559873872268e-5,0.0002774821022262507,-0.0003078114331863018,-0.004202384239822236,0.01474620989688803,0.0001207328848961332,2.4218230440422407e-6,9.108625021112166e-7,0.006864718820354873,0.001176381055671514,-3.630496360506225e-5,-5.6330327698419066e-6,-0.001539297536116054,-0.06850672317582894,-6.478557978692271e-7,-2.0226518334552694e-7,2.529025173714927e-9,-0.0021539758205637843,1.2774059091122818e-6,-0.04797273676545332,0.0005735222200852902,0.0006421349258765232,-2.221708090684912e-5,0.10728684409124996,1.6682267019886163e-5,2.387922012031262e-7,-0.0030427982357611127,0.00020838747613966747,0.3451755642268051,7.826733658600459e-6,2.359652403519741e-5,-8.404538803849047e-6,-1.6815024634735281e-6,-0.00011105529653458904,0.0007661763200730727,-0.0030194974509600153,-1.3589475349903025e-6,-0.0009459091466022731,8.066155774845386e-5,-0.038413869033662305,-3.926171860725126e-6,-0.018615594037547166,-0.00010256913484562361,-0.00015050195360792278,-0.0322713889767659,0.01868287054350647,0.0009021574162537965,-0.02869006985186658,6.819388990070591e-6,-2.8716206944874503e-5,-0.009757977668684997,0.0069457848298409555,-0.0001817093449332459,-0.00011562344274315986,-4.749472199595171e-5,9.438183214112059e-6,0.00015682846568634202,9.3712219810681e-7,0.00012028818987965848,-0.0014978926867742054,-0.017048812812566243,-0.0072336107681711835,-5.1669806644014775e-6,4.1914879166509706e-5,-9.88787175195649e-6,0.15120860016339346,0.0007360931946055329,-1.163094355027642e-6,-0.04452399864870429,-0.0006083340567460105,0.0021894045208768285,-0.001154015555850719,-3.0398980555093024e-6,-5.2048742384529295e-6,-0.00080786732317409,-0.006662211958558617,-0.02932782130254206,-0.00013179539538378665,0.16322327324819558,0.0005664369341399763,-0.026178597690635626,-0.00028453986141274105,0.0015824361330317698,-2.6038658045656137e-5,0.0004708293605986472,0.00033983665969945266,-0.0017510751332241578,0.0006363517885040957,0.00023127845870861267,-1.0148814040344425e-5,3.720393060822999e-6,-2.0671504844931002e-5,0.004078253684168943,5.808117191087994e-7
0.0,0.0,0.0,0.0,0.0,0.0,0.0,0.0,0.0,0.0,0.0,0.0,0.0,0.0,0.0,0.0,0.0,0.0,0.0,0.0,0.0,0.0,0.0,0.0,0.0,0.0,0.0,0.0,0.0,0.0,0.0,0.0,0.0,0.0,0.0,0.0,0.0,0.0,0.0,0.0,0.0,0.0,0.0,0.0,0.0,0.0,0.0,0.0,0.0,0.0,0.0,0.0,0.0,0.0,0.0,0.0,0.0,0.0,0.0,0.0,0.0,0.0,0.0,0.0,0.0,0.0,0.0,0.0,0.0,0.0,0.0,0.0,0.0,0.0,0.0,0.0,0.0,0.41732048519972015,-0.04024784041080804,2.286134597561754e-5,0.0011362332924288092,-0.010777031883522683,-0.03988821587984647,-0.016715920292832996,0.0017637656131581157,-0.020010226808588168,5.334116037985802e-5,-0.0015848712531560294,0.0003158253657929701,8.32673088496322e-6,-0.0001820727495505282,-7.20385049956312e-5,0.011607970429530245,0.0011537220163716775,0.016264589274940705,-0.05839037896470288,-0.0008609769470609617,-5.2320478698052145e-5,0.0001336216884250611,-5.063925233013236e-6,-0.0058062772432535045,2.5845786866388e-5,-9.42320850108326e-6,-7.879868256761775e-7,0.0019435965298998693,0.01504569922294606,0.22092512720441865,-1.2725073444024036e-5,4.0351102088328195e-5,0.016559362576786803,0.0005435171390069447,-2.9347899347731517e-6,-3.976771327627095e-5,0.0008979376664830891,0.0004930489779305957,-0.03519890173642493,-1.916428212950417e-6,2.981396483849138e-5,-1.5033038710977015e-5,-0.050441433031318914,-0.0009774185069971275,4.395776853414598e-6,-0.004673477864624452,-4.557886948817504e-5,3.608918856160899e-5,-0.0011630152945224291,0.008877433466927367,0.027430227539933773,-0.005203392535518558,-8.482458196322235e-5,-2.3957397473487053e-6,-0.00014828590563839217,-0.03809840437783322,-0.000148052303304048,-2.0465096403186362e-5,-0.08077547001162148,-4.5922563182410394e-5,-0.00320813870624688,-0.020329364677225372,-0.025187114934966094,0.001875524351490644,0.00011865756564544234,0.0007994623464931788,-8.469567295131813e-5,-0.006482403234489289,-0.036940298075516145,0.000340144001604083,1.2575705035200718e-5,8.575745856423593e-6,0.000504045957990221,0.0031628548215985697,-7.185388311098232e-6,0.00012328268548697017,-0.0016954143943453584,0.0011287162814891092,0.009573464819587697,0.025360220588630782,0.09241710590636891,0.0019290527769584744,-4.833988107860834e-5,-1.4794122994349612e-5,1.3950881389785095e-7,-6.643613479671871e-7,-1.4778416491009668e-6,-0.0013061297919028593,0.21745699243270442,0.00019772491306515528,0.0030163753336111014,-0.0001033554055762248,-4.9530037751786135e-6,-0.0001418593372645826,2.351533985050789e-6,-0.0010753026989737604,-9.023099609813924e-5,0.00024346067400025687,-0.000806275925323986,-0.009453725815504549,-1.8722867335053808e-6,1.8771349474764913e-5,1.224105553461551e-6,-0.04132385423580508,-0.0050723116772770855,-0.00024189177370715056,-0.00030465787271360706,0.00010679508801195303,-0.032114189013974996,0.001132792870203904,-0.0021631427861549574,-1.2387114710041567e-5,9.796336362613529e-5,-0.03486817542865319,-1.820600805530543e-5,0.00033510162671936675,-0.008595158777374242,-2.3141143569278208e-5,5.5099844839505805e-6,-0.01573600217892955,-0.0011170301052448488,3.543009720047302e-5,-0.0005026725124522462,-2.192490167426584e-5,0.000730344643962451,-0.0762840711489598,0.1564762757966511,-0.005757785166858087,-0.006722242031807672,3.3859813065872115e-6,-0.0014918711674849643,4.0666016274888155e-5,0.2734984022211907,0.0002093775816543766,-7.537082029502329e-7,-2.957470885878994e-5,-0.006376978110346342,0.005350003145414774,-1.7963268651181908e-5,-0.05443722034763799,6.849671006599175e-6,-0.000584271126313881,0.00012429231473630253,0.00018987474476025242,0.013975827175262802,0.001624121037363173,-0.0001196344938608919,1.6530533462859948e-6,4.6476690003391443e-7,1.5966599499361618e-5,0.0010088725573390554,0.00013400942862058115,9.118684967608672e-5,8.845815022591179e-6,0.06566155046890665,-4.8459358152197615e-6,-0.00864207540701207,-0.012450393720349024,-0.0001449424658982874,2.6071925372896892e-6,-3.4874132402855204e-6,0.005641883819572306,-0.005462007887520817,-0.0001492164798624075,3.513687668009684e-5,-2.3282003034626443e-5,0.1857549081058816,-1.5140752103777474e-6,6.934616835409853e-7,0.0005346221999554742,-1.3885562242453505e-6,0.005861409129168421,-0.0002982982021343041,-6.580138355460011e-5,-0.0019421502142927855,-5.9202701758363356e-6,0.001344390615930335,-0.00012928786190243832,-7.407043380472433e-5,0.0010101647040140597,-0.0008421895176019358,-1.511782524118604e-5,0.005093687988022076,-2.4504585601851696e-5,0.010259089726800907,-0.034175236299820735,0.000762097607834674,1.134181640653793e-7,-2.619910056150722e-6,-3.546219022870806e-6,2.066268335631593e-5,0.000479915878702578,0.05929835191785113,0.00012396572271708992,4.2118726160657705e-6,-0.025032730025203467,1.5779266338486367e-5,-7.83596278835314e-7,0.2091326253506544,1.7685629903485276e-5,0.0008057784964655581,-0.0018892789089083402,6.448097310599866e-5,0.0004986761415828826,-0.05044331942663755,0.0002435354134402167,-5.099720912582417e-6,-0.0019422291867342318,-0.07892604267194353,1.1515884115162383e-5,-0.0013705822750145133,5.251859335631956e-6,3.0576225322950836e-5,0.00010281793912923852,5.778084196901794e-6,0.0002663520412217763,2.6783584067995135e-7,0.0004869707316217664,-0.012132399146047253,0.003722697652314133,3.476292590831093e-6,0.000453878961794661,-1.3014015027656103e-6,9.75258208167404e-8,-5.97438163038653e-6,-0.019194108047947227,-1.4501149254090914e-6,-0.0455491454764569,-0.013776165049770006,-0.0016585262171856725,-0.036082959940394684,-0.0004295270875839044,0.0020862927701820514,-7.620390072524183e-5,-0.0019171319954485243,-8.01342471555207e-6,-1.5158019496121924e-7,-7.462957513676836e-5,0.01803108883119304,0.016912446030366717,-0.00013945434476183235,-0.006546945298441591,-7.5472090788799025e-6,0.001756696728322678,-0.028351959552301388,0.00031515423094420397,0.00010995204161759877,0.00015587777161968813,0.0025205052457508456,0.0006266385824094735,0.0007054786246733685,1.1083963076262035e-5,1.4185193748606662e-6,0.0001087416813606321,0.009247293947416026,0.13637744047823933,-8.904786998115282e-7,-0.0004960183323679428,-4.571398108297174e-6,-0.012534206858413659,6.016750806158377e-5,-0.0010748339041824397,4.831018117848624e-6,-0.003510220994118989,0.0393428166042561,-0.00883708456380183,1.2867667086829163e-5,-7.215222797504575e-5,0.012540832865333817,3.09866106108776e-5,-0.005299412761975774,-0.00010025135136699026,8.347086569243934e-6,0.0003294082178450045,-0.029823116999396448,0.0006905233954494535,-7.340331352623011e-5,0.007884299379678076,-0.08262299655662447,0.0024708493291097995,-0.005923695960484385,0.00010399444668529313,-0.0020228757886878498,-3.242674338546599e-7,0.00017826717796698202,2.298331334976861e-5,0.000774348943289144,-0.002988076740671094,-0.00011271823608710153,7.317624285638756e-6,-0.0016419504449992311,-0.022142821256276233,1.153711460916897e-6,0.007467900718456407,-4.550176240252087e-6,0.0002680056869935214,-0.00010045358036737267,0.05370481896972443,0.0001563847762415036,1.4198401073501557e-5,5.568014715608435e-6,-6.213299966045141e-6,-0.0019192766654755192,-6.118881207417722e-6,-2.9538730801418577e-6,-3.6199340896523998e-6,-0.00836641621327026,-0.00034031114648030167,-0.027309281483987827,-0.03701603136998626,6.507711849811947e-6,0.09951955908101462,-0.004584426577160675,0.002108543782277194,-0.00909720917341036,0.04206565067526175,-5.068452092331269e-6,3.890575428009895e-5,-0.006615648038543168,2.2535435709950118e-5,-1.9330236513335064e-6,-0.000105620207728712,-3.735147256337523e-6,-1.4902691139711625e-7,-4.050483486483035e-7,0.0007102081336475914,-1.3330331778234684e-6,-1.2359922385302252e-6,-0.0012644949582059546,-0.013984062210312212,-1.3229122336554728e-5,0.16805756304162967,1.7148660863939583e-6,-1.4498329911587418e-6,-4.880298597751649e-7,-2.0110977745366816e-6,-1.202843933608278e-6,1.1348681334425804e-5,0.00037387428727297354,-0.0002277540026006556,-0.047833791177115184,0.00018204694293870197,0.0001666729302026412,0.0043256020529529446,-1.28152939483292e-6,0.0063552901520019375,-0.01201169460004611,-0.033528018361945876,-9.791600735126062e-5,0.007122222451759412,-0.0002480211826793736,8.357596792896057e-7,-8.676292295837132e-7,2.2193311504966186e-6,0.00028835099915325063,4.8181047986096364e-5,-2.6471112567557138e-5,-0.004472856844644462,-2.605288792707405e-6,-3.2683723720518406e-6,-2.8725465755366976e-5,0.013098397436620095,-3.510623721617839e-5,0.0011343005650895034,-5.658200072233877e-6,-1.0367198358110232e-5,-0.03778957015464107,2.946473767801209e-6,0.016632377574858758,2.1667696076291597e-6,-0.00019680402718209202,5.080611230509545e-6,0.00023063022685258859,-0.0001170566117464573,-8.136981215354735e-6,-5.360334860236323e-6,0.00048612929932314225,-0.02941189838465856,0.00014105154077290148,0.0005541515977426372,4.252717632805795e-6,-2.784183894094241e-6,-0.003223609244313694,9.885896362660238e-5,-0.00022813819267891882,0.00022193102027527142,1.0966759669748906e-7,-1.1391668124560898e-5,0.038753679711218264,7.604966613733396e-6,-1.663908096316937e-5,-3.760745330528806e-6,2.138838653141939e-5,1.9948767059846782e-5,-1.5139985210834747e-6,1.8559806605758956e-6,-5.265081649092376e-5,0.00014718997038849584,-5.084153975257166e-6,0.0036581404695790612,-0.0004733870235475817,3.906237932153261e-6,-2.999444704754769e-5,-1.568603512207597e-6,-0.03296065842247083,-0.00014564251635092325,-2.0306491068392103e-6,0.0049373850260402774,0.3159104449374682,2.652728817386085e-5,-0.0002061258568722432,-0.0005463993422667449,2.8097770115630117e-6,0.00016576386042180957,-0.08600200978284663,0.23853590349419138,0.08550507546397312,7.984120615468925e-5,-0.0005707086902439658,-0.00010667199885601043,-3.1369900277585025e-6,0.0008949528589032682,2.8037779063403147e-5,-0.04032169155828571,0.00012855221545345685,-0.018974188402701306,-0.030439014673627876,-0.009712414223640267,0.0002081339452543916,-0.007404895149615152,-0.003862429796677669,-0.015918847047729622,-7.176253587616361e-8,-0.032624788753700396,-0.017019904118446935,-4.8998840147386544e-5,-5.133037151830459e-6,-0.023118624141194036,9.429616048610793e-6,-3.099279519260788e-6,-0.00016531577944885596,6.643008164807387e-5,-0.0011869140509866273,0.026311566039713546,3.1416895015433733e-5,5.3888415350369695e-5,0.005907392747505433,-0.007657648909518912,-0.0013657677934835132,2.705364834031473e-5,-2.4654772498065497e-5,0.0002720038999351024,-0.011650849630809342,-1.2060322432901886e-5,5.501867061744042e-5,-0.0036542124740775606,1.4868609010593331e-5,0.015005733875826481,0.04152638145990669,5.825647571217888e-5,-0.0046927250938044165,0.00016003821593644924,-0.02709252364019207,3.28612941104836e-5,-0.002809915324437184,-0.002674244677111769,-9.62783651728847e-5,0.055735910450051995,-0.000744234850522849,2.7749202429779283e-5,-2.458728114732697e-6,5.229113195239058e-6,-0.0002895978748164085,-0.033372704601418744,-0.04633102953761166,5.084601416056302e-5,-2.6460468044893916e-5,0.0015072352635935055,-1.8186592815258615e-5,0.012628674267495196,2.90637549301687e-5,-2.1022951657769616e-6,-1.852145100655677e-5,5.050993243444478e-7,2.2430023234927326e-5,-2.983099770607099e-6,-0.02613395190820695,0.0014954691440367293,0.0052942982494313725,-3.03728374686609e-7,0.00039024962850210654,-0.012400238126199814,-3.639692145542553e-5,2.3470314070118757e-6,-2.983356160595438e-5,-3.7383156810109735e-5,9.737373900432734e-5,-0.0018305331461038559,0.0028608479436805488,0.10279284337639923,0.005048349154222692,-0.009710765714115681,0.0003994858286830699,0.005817603136699337,-0.0004926116985197461,0.0049977934294004045,-0.0011268438069907108,0.001546824960751861,-6.677731202317749e-6,2.7314957668799047e-6,0.00012054046070917323,1.3133569781051687e-6,-8.183705983602779e-7,0.013535860932153638,-5.051104243805381e-7,-0.00020840504266652244,-0.035158120626365454,-0.04146539248005719,-0.005150982333804483,-0.0005806476495918385,0.00017226252935745735,0.24204104551648664,-4.947427984536322e-6,-2.176983961510042e-6,-0.002381518115162669,-0.03885519086870687,0.0008336800390027623,0.00036743841516206433,-8.5739895590567e-6,4.550653093049104e-6,-1.158100950593261e-6,1.1456569265987866e-5,2.6149410679873695e-6,-0.003529610206159202,4.70414119544604e-5,0.00024295240897750323,-0.0003163259024383376,0.004870380469521184,1.252784822860428e-6,0.0013487287477707323,0.0002427303048917101,-0.0006333336959082594,-3.1825473296132244e-6,0.014543905693883325,0.031166783440715003,0.032533572884094294,4.73527673810123e-5,-0.002030113932869164,8.364933787755529e-5,0.00849581402517526,5.494490799961614e-6,1.905285067631855e-6,0.00034980097363203534,6.333910853907443e-5,0.0004359341492537073,-6.971554020084066e-5,3.428291411432302e-6,0.00040828039740748313,0.20756253582051928,0.00013882534768284917,-0.00027130713480172706,-0.0070801421424333145,0.003932703439037663,-8.80273366073658e-5,2.412723877736234e-5,-0.00010553995236129442,-0.011709667630391017,0.0005783176514892801,-0.00013578457520567076,-0.00625885613402366,-0.001247292723990803,-0.0023333002911630524,0.006901534163928995,1.8819763776405927e-6,0.05833215365009423,6.960909720725508e-6,2.4802450048555444e-5,-0.00014017936241831873,1.2926348136895376e-6,-0.008613387559482846,1.3903362145761933e-5,-8.814392837527672e-5,-7.395408680014544e-5,-5.115330209676718e-5,0.0019797682222173563,1.1629050897296501e-6,-6.419226821865745e-5,0.001675068825817535,-0.056284420893592244,-3.856134632334902e-5,-0.02061554514514735,0.00011582464693311028,-2.037123345651515e-6,-0.06985547365999413,0.002134027413611286,-0.021606423589189645,6.8206844000392624e-6,-0.00775200117415689,0.0008151219854318023,0.006921955003939007,-0.0012622314011353957,-0.024833952719760122,-0.0003024002327409426,-1.2628863647943903e-5,0.0005366208789366519,-0.00026646380300081665,-0.022635214665649814,-0.028275153792642272,-0.030016229118291937,2.7606829014420953e-5,0.00034398790177380735,-0.022877081511268892,1.1967347545829161e-7,-2.887706439602136e-5,0.002070101566395595,3.0391123493840063e-6,-0.0030622032617584815,2.8481565021437756e-5,1.7983037406500726e-6,-0.0010142923616263948,0.014884436115702214,9.135564306927927e-6,4.205045420973112e-6,-0.0001076629161794268,0.04209389821706351,8.258547309892415e-6,-0.004213573130080282,-0.0009886303074238235,8.270909462831623e-5,0.00036526307429162456,7.107714226521362e-6,-0.000536291192326154,0.0007779558049574706,0.00018281762206913917,5.8856551876558004e-6,4.638444609718006e-6,0.30496776788678603,0.00043065605239406437,9.840672082518916e-6,1.3676079919246035e-5,-0.07661105450921944,-0.03420369322308543,-3.166051707152248e-6,-5.974523472452537e-7,-3.640747771942483e-8,-0.003430519522369489,5.134393005425939e-6,-0.010565303013479242,-0.00016538588468354231,0.0006838084564260335,6.121067924915309e-6,-0.012305821943372854,-9.508287590667164e-5,-6.282646493511093e-7,0.006945050191593519,-0.0005015309136809974,0.02897193224135959,-3.88416625044995e-5,4.629676137735851e-6,-3.6143562987795064e-5,-5.803117164227517e-6,-0.000333526204273912,-0.0006121101481403428,-0.00804891484354618,-1.9055954795906348e-6,0.017879395505908717,-0.0011595503750234852,-0.00044180028791568826,-2.0020823728502368e-5,0.02406273893134766,0.00013412078483830906,-0.0008917577928905611,0.11941934921151465,-0.04970559540214416,0.00016412700683794449,0.09490502640507252,-2.6326539585970408e-6,-1.8399405219202127e-5,-0.05934965678124991,0.0007020405154017145,0.0009669977702110333,-3.0605553224728455e-5,2.549747330131621e-6,-5.052078782687309e-5,-2.362251193411701e-5,-9.102223713549018e-7,5.49474732404656e-5,9.244311326392912e-6,-0.04808672219305425,-0.05808657990462474,2.5579597418893404e-6,-0.001438007602830685,-5.858302915559353e-5,-0.01789360497894202,-0.0003967566885408061,-5.4918086536322465e-5,-0.03460398805372538,6.934937161863571e-5,-0.0005609264759599956,0.0006306573693004941,-9.787486125799682e-6,-1.0452389186347867e-5,0.00015615069521648792,0.003187672712341384,-0.016576158521889164,-0.0012122423049653094,0.032441865190679924,0.0007653208890940253,-0.009419393000002066,0.000475138624790255,0.00043188877175750915,1.3444535325275174e-5,0.00025471189561635633,-0.004672522745118935,-0.004595433382912047,-0.0009886062451963753,0.0003583324109148985,-1.7640162654326975e-5,3.451389600853535e-5,3.2127494211156524e-6,0.0011936230635015992,2.426568531922897e-6
0.0,0.0,0.0,0.0,0.0,0.0,0.0,0.0,0.0,0.0,0.0,0.0,0.0,0.0,0.0,0.0,0.0,0.0,0.0,0.0,0.0,0.0,0.0,0.0,0.0,0.0,0.0,0.0,0.0,0.0,0.0,0.0,0.0,0.0,0.0,0.0,0.0,0.0,0.0,0.0,0.0,0.0,0.0,0.0,0.0,0.0,0.0,0.0,0.0,0.0,0.0,0.0,0.0,0.0,0.0,0.0,0.0,0.0,0.0,0.0,0.0,0.0,0.0,0.0,0.0,0.0,0.0,0.0,0.0,0.0,0.0,0.0,0.0,0.0,0.0,0.0,0.0,0.0,0.4146655292316625,-0.00032455642408944264,5.746887491038654e-5,-1.0013852232146836e-5,-0.05747803904025867,-0.039738632500082055,0.0007005901740625599,-0.0010713993504806447,-0.000875087388931024,0.010527804349903266,4.338855268824828e-5,5.3615366314502685e-5,-0.003104490589904739,2.0236443287734327e-5,0.002520471629199269,-0.01265804844391195,-0.06692279966568541,-0.004940251286557743,0.004255677968148353,-2.152558867926086e-5,9.320872022497689e-5,6.339429479355513e-9,-0.000168979333067588,3.7466724944509786e-6,0.00011888199822882148,8.266944116042487e-8,-0.0002982827018701195,-0.00046847262849481706,0.012529671004640303,-3.469631980589223e-6,5.28166669622266e-6,0.0043378380566010104,0.0007668590966925466,-8.998180259479068e-6,-0.0005495524346456991,0.00012695911160479323,0.002352978644303902,0.021771249001743525,1.901164399102141e-5,-9.2452591574063e-7,1.177090243495346e-6,0.031233033857954114,-2.1236519296716595e-6,-1.860655923960941e-5,-0.004931419574652931,1.3388194761017917e-6,1.309330783920627e-5,0.005294333431276235,-0.014994556445984134,-0.0017801104831036715,0.002242731568995239,0.00020163023588175383,3.254670022932586e-7,8.107805464428088e-5,0.00010172715414758925,-2.6286122591675345e-5,-4.830262626888076e-5,-0.05701821333639472,-0.00010976907682693229,-0.0981337478874469,-0.0024579798049562916,-0.0017915265957046754,-0.011509824942652064,-0.0011079879613994574,1.8571390688573302e-5,0.0028036213121292366,-0.002845620935874992,0.2646718329078729,-0.00018744206317452828,6.717103344253848e-7,-3.94449940773729e-7,2.2172589972204896e-5,0.0043442626792333985,2.5977385038060743e-5,0.0015934615593774706,0.015219160506031993,0.0006901205097819811,0.0020421311876581173,-0.08598153061029722,0.015733923666749847,0.0005055088473168756,1.7934559196602903e-6,0.0001788698596327361,4.630841373781075e-8,4.446711269109858e-6,2.7787491173396436e-5,-0.00023339597051941834,-0.00643687270748496,-0.0029585486164704195,-0.04280805187413153,1.1164921813077247e-6,1.1482340594458646e-7,0.0019735754843570475,-2.2958975824251213e-7,0.00010160522298210136,-9.305595593906176e-6,6.528942994400405e-6,0.021811069625720412,-0.001318205346092681,1.4811165005299559e-5,-0.00035118726287020367,-1.4209509463590109e-6,0.06709258118898895,-0.02071755940896339,0.0009496337230248911,-0.002191215773977847,5.130513626959875e-5,-0.005177084526342761,-0.027785367823561627,-0.00014883091663580122,0.00037740397069623114,6.0377721604068655e-5,-0.05953789326308203,0.00016651283951688817,8.302443697048697e-5,0.010370442355928917,-0.0029461153041824835,-1.0047603088310392e-7,-0.0030712770271685043,-3.94310095567179e-5,-0.0007808646235381169,1.1079348086094227e-5,2.745871446367563e-6,-0.008753100858129607,0.3279885362655079,0.01720234071933249,-5.10426636611782e-5,0.0001926482305145984,-2.1008761775864449e-7,0.02196267201303346,-0.0004880225977851839,-0.003979150605159812,3.391884557113196e-5,1.5253223885232313e-5,-9.570299597807563e-7,-0.0016244655178037756,0.001538942051613229,-5.7246403502542916e-5,0.005658882776476962,-3.3892447444366714e-5,0.00354283625844071,3.5374459395181933e-5,1.583148707159931e-5,8.519856196662839e-5,0.13103389894138323,0.000987801881113332,-1.225167872350809e-7,-3.373879789710648e-8,-0.00024326328431070092,0.000903189405133169,-0.000256227832108304,-0.00039206149689907253,-9.772350063128506e-8,0.0024454019319938313,-9.238935781825954e-6,0.06895449278465975,0.006382151095399444,-7.400460444597745e-6,-3.034868643009472e-7,5.748717913610587e-5,0.00024077988639460566,0.0004466732542338884,0.0002739166550160584,2.144973188381375e-6,0.0003273603084152743,-0.0375420092056165,1.2950336568624553e-5,1.1184296918620599e-7,-0.010011044146664892,5.0974518103090583e-8,0.006201662784907122,-0.00022567746913629706,0.0001347106302958445,0.014903858820051815,7.649955290699956e-5,6.992589549103913e-5,0.0015147608060097795,1.2554487409410655e-6,-7.367683846466635e-6,0.0037375189150319643,8.599405026336432e-8,0.0010761489550856441,-6.482498802535554e-5,0.004440988755168928,-0.002790127188706342,0.001145922096138925,-5.080732761293705e-7,2.5828293950023472e-5,-3.0332929872464865e-8,5.098853886246772e-6,7.032356404506538e-6,-0.017675941314058367,-0.0012864972050460246,-3.597044580094967e-6,-0.006679642320691688,-1.1114145804658243e-7,8.246413453285159e-8,-0.02646855607082725,-0.00011643455323296083,8.04398736904255e-6,-0.0024433401656017355,-2.5626813283784243e-7,0.00012469466556410056,0.1461551376250221,-2.8895316004724245e-6,-5.7336874088161966e-5,0.000422913801926636,-0.0044024466959114205,1.6524457947010366e-6,0.025396686136057077,2.9256005726616784e-7,-0.0014568212059078412,0.00016612166246278263,-9.364439486741057e-5,2.2410753499011606e-5,4.6897807595805765e-7,0.0057217025863271495,-0.0012686946240481809,-0.06763941394195182,-8.423155882590597e-5,-0.003844982014699679,1.5638370611119263e-7,-6.702650401854963e-7,0.0002268157382190109,-0.004692168635625601,-2.9904141569981005e-7,0.008748646595015522,0.2735943380064683,0.01166519301217546,-0.002274783318307298,-0.0001585198129838105,0.00046061771324705357,-0.00027847352357507864,0.00322201347772021,8.771835471061078e-5,3.3184149148185852e-9,0.0002553608756169183,-0.002299713909538223,-0.022873259342784457,-2.4206324215167735e-5,-0.00011617078430660913,9.620457641186077e-7,0.012834287728934848,-0.002479464282186583,-0.07316344761519908,0.00010543009134783445,-0.0007224792902832393,-0.0003145506700095392,-0.00011191801778276001,-0.006627769732703224,-1.1738619705549601e-6,-1.1703227164923089e-5,1.2396127679447054e-5,-0.04323420646430184,-0.003290931919814851,1.4230251270344493e-8,0.006039282398092148,0.00029522606321624945,-0.0019021645238836396,-2.9697083789650753e-6,0.0059044751969593865,-2.575259523411495e-7,-0.0001804836402133764,0.0018778977134161488,-0.0032772059224443774,-6.362784953335307e-5,-1.1350464425907154e-5,0.0027402531275420045,-0.0004151544055235855,-0.027265332339749003,-4.7005333647410815e-5,1.2640358677655057e-6,0.009274353079266403,-0.0028836669003935674,4.497859552814249e-5,-3.126059060574357e-6,0.0015199987748875377,0.05773504989559375,-0.07590934872890909,-0.00024504330936391677,-7.799297044736556e-5,-0.034311406771117006,1.61507037067288e-7,6.613714197987553e-6,4.549911260767222e-7,-0.004140707707478815,0.02553583859007381,0.0011660086860890919,5.260203488830747e-5,0.00019368191524331743,-0.0022059844467020176,7.299236342152203e-8,0.0034182909181959416,-1.4164760793686132e-7,-0.00036567099101056713,-6.514866424882759e-7,0.0016899618749151896,2.4839304946776693e-5,3.6336089839910378e-6,0.00012991626942032223,1.7025279087545851e-7,0.00012328078986627812,6.869808353202133e-5,4.9065717316503367e-8,1.9806793884927267e-7,-0.0006576311731197662,-0.002367070507439339,-0.0017806582224644829,-0.003763004079144407,-7.176025426792447e-5,0.006795743883205278,3.3834461494145885e-5,5.237783789973119e-5,-0.0030319587544664485,-0.02522409106851419,5.9885520226654256e-5,-0.0005975255954732052,0.020934343782222954,0.00032816644956982865,2.8580787327873332e-5,0.00016145928482570664,3.59862974154403e-6,-4.31604875770379e-7,1.3189251091587506e-5,5.113701659921519e-5,1.8270651118090335e-5,-3.016636319163499e-7,0.007850926789668988,-0.0022835708084187716,-2.6974371722514687e-5,0.007516827683454391,-1.3033624933308447e-7,1.2442988351710256e-7,-1.1798077052573689e-7,2.1883782832345528e-7,-3.105972678715901e-7,-0.005321779152505057,7.871539183749557e-6,0.0001327170051172901,0.08881065911420202,3.44717452761051e-5,1.90571711880194e-5,0.000516939126424298,-1.0125722803389657e-6,0.002090408809429205,0.16825936839715533,-0.004366796686350899,2.5998574333328894e-6,-0.04335418007552475,4.351838551149573e-5,-0.0006984552736258038,4.0306341890551194e-8,7.7476087005649e-7,6.644413763531125e-5,-0.0007283313978660325,-2.917652893873421e-7,0.02085925023545202,2.6178029712668875e-5,3.046041537149891e-7,-7.81548547469394e-5,-0.07690308731439298,0.00016582729479674353,0.00010919911570734061,3.962963632351957e-7,-2.7648812213496365e-6,0.0069661647190992024,-1.7544393870408037e-7,-0.012698434521256057,-1.5230323793642038e-7,-0.0024590889614697397,5.352016568364577e-7,2.906564331312489e-6,-1.6082931052815865e-5,0.00010186485371720188,6.83675289649791e-5,-0.005518239409011909,0.0034260273514609874,-0.00015237047066261327,0.002041179275009398,-7.116722506481049e-7,4.189945431495005e-5,-4.729739212096282e-5,-1.077682670337867e-5,3.150921714466536e-5,6.085340544740025e-5,-5.281718826030819e-8,4.734853623559444e-5,-0.007144028416712247,-0.0005465927122907273,-9.658906619514503e-7,-6.909231323030585e-8,6.860780183301176e-7,-0.00036900123055809723,-7.144039102945426e-8,-1.665387823141285e-6,-6.372595621270275e-6,6.360234703531478e-5,4.6494942653619956e-5,0.006329672976994215,0.006176301557011386,-1.5221735389954352e-6,-3.344497208444524e-6,1.487771900789565e-7,0.041093776094752385,-1.741251947477569e-5,2.194875444317822e-5,0.0043543233840681456,0.017517705667901905,3.4365596258832697e-6,0.00025269909170548647,-0.002915083901715108,-5.316061450979093e-6,-4.2241109631598817e-7,-0.07432305268196486,-0.003364860910007956,0.006996750239756328,0.0005525974107662059,0.0033329298573251745,0.002211842239644691,4.326597758733539e-8,3.654901076287042e-5,-0.00013691455324420273,-0.00267692374574402,8.457756994780449e-6,-0.00220839810162725,0.05065047622625104,-0.0021651650650902393,-0.004666491715201967,-0.035171420471772255,-0.02141994761227265,0.1998495373228373,-7.029080995931251e-8,0.08545858987642417,-0.000966952067229527,0.000880814526920984,4.443884241596221e-5,-0.0030253873917437373,1.055053998337868e-7,4.2038351007553765e-5,0.001805031514216284,-0.00022835684634935963,0.006095429157340057,-0.050471082127433044,-7.236650466031527e-7,0.00014879340755279553,-0.08764710328633227,-0.0005037816826987227,0.012717789132729992,-1.8601965342307898e-5,0.00011326690150185118,0.0020779408767894808,-0.0007493023341551586,-4.162706846298204e-5,-0.0005422434336474671,0.00020860790525330914,-7.973885105373759e-7,-0.0009549821220393265,-0.0018489573079020082,-0.0007396260830199249,0.003329293227703026,-0.0014562921689346574,-0.005591289234925913,-0.00029810684301952953,-7.205322997617418e-5,-9.589642238402097e-5,-0.00045563203515184853,0.002561632097934396,0.004421744548065568,-2.7043695938766693e-5,0.0020037914939269757,-2.415883312148872e-7,0.0018970405720860018,-0.0032592060205127883,-0.0005392468506970927,-0.0008472935075959058,0.00015888974902343903,-0.011864642233288926,0.00030865283563403676,0.015678875858556245,4.710936884575973e-6,2.3057123827186436e-5,-2.014505128491399e-5,1.5312675455471664e-7,-0.0003674953094033717,1.6031013007626585e-7,6.873262409195538e-5,-0.038313003880418875,0.07744619501723289,2.426212676200423e-7,0.0002889329821629332,0.004038505168545683,0.0003119713130885883,-6.974182114359125e-7,-9.868743035688862e-8,7.08571750326684e-5,-3.862359670039755e-6,0.0008109015135904483,0.0010545136822642347,0.006852076925528049,-0.001663981113418186,-0.07156459557768971,-0.004283961800380301,-0.02439421444768526,-7.452940877182182e-5,0.0010558123442036662,0.028077919782428965,-0.015215444724041455,-0.003477095164414587,-2.1847879908041923e-7,1.4453558381152206e-5,-1.2083888701363311e-5,7.007934606553107e-5,0.0041305528906218055,8.634197122889633e-7,-0.0033603632406388217,-0.030893293964709183,-0.04427577971536167,-0.007935833608041992,-0.008447815874292743,2.0498571566194143e-5,0.007241378195997544,8.13459252077429e-5,1.9387262653100646e-7,-0.0015326593663504487,0.014785288079733604,0.0003412114072908984,0.00012109479694636889,-3.0018470878233042e-5,6.606430083249377e-7,2.135365382940247e-7,-1.253917306974468e-7,-1.7282367356139426e-7,-0.002406738497291697,-0.00016462453219769486,-0.0011037032098518956,-0.00011891957697020277,0.0002947416863670532,2.2216997752437007e-7,0.00028253118002910993,4.2825875106640355e-5,0.0026870916211633148,2.199443154342948e-7,-0.061797431938780754,0.005192504459045446,0.001186387201418366,6.810381049982595e-6,0.09410175163479731,0.01258314539198032,0.045617697929783714,-8.959920895348818e-7,-9.332700162040494e-6,6.315572665959678e-5,-0.001774281437741561,3.624274244817819e-5,0.0001590032922453343,-9.597930863658441e-6,1.313757036528939e-6,-0.0333699797401632,-0.0001264187761378888,8.242973523363604e-5,-0.0033104290432790055,0.001294524332542427,-0.0019135578005129248,2.253698240563354e-6,-1.2718553635634981e-5,0.05672322850084502,0.00016583782100359747,1.6914654064493056e-6,-0.0006303672349151755,-1.4962903883653353e-5,0.013319152656772642,0.0016587746660440866,0.0002117940091248282,-0.027030433118733363,4.5980666182613294e-7,-0.00032874415740679697,-1.1699596056209082e-5,-1.0152583932352348e-7,-0.0010031849104859584,-0.00017919801811181079,7.124779376033793e-5,-4.248459881680382e-6,1.6490164531002066e-6,-0.08092574152728596,0.000345453708070919,0.0005994709975165602,-0.006246702286795442,0.00968192501948957,8.150545765269478e-7,-0.002617662129957849,1.0379759714255311e-5,2.4991061390397047e-5,-0.0009555937268333113,-0.01699888072807006,0.004730977622031907,2.421902892822546e-6,8.290995014040895e-5,-0.008933411065861986,0.005110431858437878,-0.0001870102176106718,-0.0017691795285638362,0.0011853961120687618,-1.6949795604252049e-6,1.5348657884715346e-5,0.006220659969091495,-0.023473673415946743,-0.05855389555719674,0.07773234831703159,-0.0002604077799347334,1.5241197451526053e-5,0.011597822425860176,-1.839748415349474e-8,1.4244735689511675e-6,-0.00017239964332309383,-6.607807616091112e-7,0.0007815965592866947,-0.0005588856029373487,-6.800379733909426e-5,-0.00016988394048867241,-0.00036716545049106695,3.341012971046611e-5,-2.1100975311026192e-7,0.001324342214620512,0.009251302671626141,-0.00011342197713875309,0.008083989102860506,0.002637616856424513,-0.000383780452001376,4.746756287221673e-7,0.005652620379769076,-0.00018750082661098238,-0.0003556232235362741,4.137132814176029e-6,-9.202719094184063e-5,3.7460017964534226e-6,0.011393968485074221,-5.6208960815203225e-5,-7.588419829381242e-7,-6.503176368132057e-7,0.06095198630751294,-0.0059344901974582144,4.151486921790887e-5,4.721433913548479e-6,1.1787780340853154e-5,-0.0001646368704386853,-4.32867294203612e-5,-0.0002460343864854844,5.5088760097266615e-6,1.2132940515661696e-5,-3.320665884462553e-7,0.0025692805661603007,-4.821042661983302e-6,8.983800172656764e-6,9.115939791253899e-5,-4.014784773532997e-5,0.00633082020294913,5.293567599095433e-7,-5.248120274961405e-7,1.2498509367241573e-6,1.1298182110856218e-5,-4.666409573171553e-5,0.013166574739722796,5.174653636025228e-5,-1.4744165542391857e-7,-0.03714300390340453,0.007412042101808498,0.0007088196187993112,-3.083166704456273e-5,-0.0009364776557903989,4.5707144146739955e-7,0.01714250617971865,-0.014797962548167162,0.20872903745396348,4.225153261417037e-5,-0.02662325762046225,6.195750269071464e-8,0.00014244949578592341,-0.03214416195457373,-0.00011166521336090907,-0.007198048058964351,-2.9238467963216046e-6,-0.0013863903580190256,7.838713572996126e-7,-1.0951240608093109e-5,2.2989194645524207e-8,0.0012230830965580827,0.028021090887849563,9.95514374321384e-6,-0.008041313105425794,-2.8299294866698235e-7,0.010480522879805452,0.0008691306802942664,-0.00412716641509545,1.7928354730712162e-5,0.00011287825004288497,-0.016768357682154702,-0.0016619244217876807,-0.00011105122495890309,0.00014700852973038774,7.418949633518885e-5,-3.880491620887312e-5,2.4184013902084525e-5,0.0005785689176671657,-0.002026365670986451,0.011454383716554042,0.02420529630090224,1.5975039332894213e-5,-0.0026705306376422454,-0.012531068125905348,0.0026604351272413096,1.6029333545174135e-6,2.8127217260832036e-5,-2.4036024109795105e-5,-0.0001415897627481469,1.4249364350774549e-5,-5.805595729372718e-5,-7.129352463715601e-5,-0.00036718406028136166,-3.022843314294551e-7,-0.0022610567422401404,3.825583294679881e-6
0.0,0.0,0.0,0.0,0.0,0.0,0.0,0.0,0.0,0.0,0.0,0.0,0.0,0.0,0.0,0.0,0.0,0.0,0.0,0.0,0.0,0.0,0.0,0.0,0.0,0.0,0.0,0.0,0.0,0.0,0.0,0.0,0.0,0.0,0.0,0.0,0.0,0.0,0.0,0.0,0.0,0.0,0.0,0.0,0.0,0.0,0.0,0.0,0.0,0.0,0.0,0.0,0.0,0.0,0.0,0.0,0.0,0.0,0.0,0.0,0.0,0.0,0.0,0.0,0.0,0.0,0.0,0.0,0.0,0.0,0.0,0.0,0.0,0.0,0.0,0.0,0.0,0.0,0.0,0.4139816837210361,-1.1770547174415884e-8,3.561563049118109e-6,-4.852660725586203e-5,9.725539066809144e-5,4.1703618248013946e-7,-1.0808212121925958e-6,0.08865525534110251,1.6860467095201366e-5,1.0342251691022202e-8,0.006529059040624221,0.008043118527926644,-6.817427203268269e-8,2.5069197968179733e-6,0.009146152610532412,-0.0004250832731920092,8.1378604021364e-7,0.0001191995429829527,-0.005880544607872064,9.410140137225399e-8,2.1561813188591484e-10,1.3504125239968019e-8,1.2057343813938744e-9,-0.05564442110294813,-2.7230554277201375e-10,-8.078430455988622e-7,-1.5780127061624653e-6,1.9380140382112297e-5,7.009388740061465e-10,6.011007354445881e-9,0.00014393330695544308,-0.010250925473558868,-0.07295971058895137,0.0018827282599745533,1.9330094035059902e-7,0.0009047042172413955,6.460390358169609e-6,0.11670374216502616,1.3274754238204182e-10,-3.146095888505233e-9,1.3298556720743523e-5,-8.32929431874523e-9,0.0002696859678067818,-4.922531187080709e-6,4.032304822625051e-9,0.032485715971612004,0.0024983078350840457,2.859760200972981e-5,-1.6987919726588998e-7,-0.0006443066516070803,1.9130183891951792e-7,1.1103722299373239e-10,-0.025944438221774595,-4.5086398198973295e-5,-1.9648543441530386e-8,-0.016064967855421563,1.3600194162248435e-5,0.011121656334483733,0.0005625303909436995,-1.6622751366435183e-5,1.4269411603773945e-6,0.002664858661595289,0.017922538426493998,-4.655890442285941e-8,0.016803288684916432,-7.2334210833357024e-6,0.0001268532791773003,-1.399106708674746e-8,8.478172292641977e-10,7.976879862187056e-11,2.2563705058352206e-9,-4.0962985642486376e-5,-0.035689489816077044,-0.008301585105466594,0.0008603965868478792,5.903732709426565e-7,2.859846549071579e-6,3.2527867344623216e-5,7.291174428588703e-6,-2.7198360613131624e-7,2.7165048913571035e-9,0.008662865577780843,1.1430890804737268e-10,-0.02864911900302119,-0.0028062672061921353,-1.6412947795506608e-7,-1.04551437825387e-5,0.00648752093046971,0.000692287279971266,2.9811322730156904e-9,-3.423946348080963e-11,-0.029824602087441962,3.3327651239781995e-11,3.892115032028991e-8,-3.545391925470934e-10,-1.6523161289456073e-8,-0.00032060890975842875,7.112889794219236e-6,0.022044948862966103,0.07822852449818524,-2.7994373351884677e-11,3.643956423323621e-5,-4.516650445337064e-5,-0.002260709815512144,-1.7086909808649061e-6,3.1908805883903586e-9,3.4486721422998023e-6,0.0019034339583860406,-4.2728741028258896e-10,0.00637593594622991,1.7500043561470262e-7,-1.7792024383936715e-5,-0.0009389654353060753,2.3440229241856587e-8,7.286713385524037e-5,0.01653775829210274,4.988026083281881e-12,5.312674379388804e-7,0.00028370083400539985,0.014768936574319217,3.9099858288113275e-8,-8.979903865068e-10,0.000254942569145133,0.00011697042714832202,4.3880107759550195e-6,-3.130768244294287e-7,4.6610925031853e-6,-2.6483235557511536e-10,0.00037334386542012114,0.1642391631444188,7.576908739310714e-7,3.974003429288607e-8,0.0020756040963478117,1.3163079166833956e-9,-1.4791245765247654e-5,1.1432120437436222e-6,-0.003405532235830135,2.1516377726515785e-6,0.016598512871670558,-0.0008984365633684891,-6.029619987882201e-8,8.603424430385971e-9,-5.43094328750023e-7,-0.00019256090537192032,0.014206228715102862,7.434173075222804e-12,-1.1183326452664009e-10,0.2480981176288696,-0.0028582624360397224,-3.5701825752272487e-7,0.0005032031195997292,-1.4699131665507228e-10,1.757136120968278e-5,-4.471540848303118e-9,0.00014852483270222085,-4.323760873189516e-6,-4.878648847434312e-10,0.007321375334650258,-0.028862330781633957,-5.470999894990911e-8,9.250492882615485e-7,-0.004028925754407362,8.601203113405397e-10,-0.0568224370027749,-2.5354461038288213e-5,0.003914776959171435,6.691719430699729e-11,0.00890492938625903,7.780419127128473e-10,-0.0005668280876078848,-2.4768884097584807e-7,-0.004534485561139425,0.00039344379004998344,0.007790892351690571,3.264540356923307e-8,-0.07475585342245368,-1.1641553306611844e-9,0.0009868305376058584,0.0012284172058255256,-5.538290819875711e-8,9.346977050549617e-7,0.01097975358991411,8.037123175343054e-5,-2.0713246242522366e-6,2.859720103152347e-6,-2.0465973797874809e-10,-0.056778405613330106,4.912191299114618e-10,5.435183399960282e-10,-1.586896703496163e-8,-2.0157968778931134e-5,-0.0021713262512763846,0.005941194417298247,-2.904462552275482e-5,1.3870775043181762e-9,3.893532015947566e-12,-1.0462377192514606e-5,0.11504582727790451,9.465856979150466e-8,-1.2705603533353922e-5,8.208121745268075e-9,-7.550608545422762e-7,8.019177788402586e-5,-6.562669339426616e-9,-0.045081759767967286,-0.00013535312727668773,1.2074837713091234e-6,2.2060571553491728e-9,-0.0007244298338082777,4.5010106098598636e-10,0.005178203975485234,2.7280363487859594e-7,0.30500133513893296,1.7213884417355252e-8,-9.619027743195648e-10,-0.001835586271704766,-3.4029751271422392e-6,0.00023176800662163592,-0.033312549474088175,0.010735863673344365,1.171645671256946e-10,0.0017939845238076392,0.004071589929412221,-1.7935391644957797e-6,-1.0672214636263857e-10,2.777453058790504e-6,-0.0003405866492518879,0.0015461845824806867,-2.215084407700464e-5,3.1669861226727716e-9,-5.1482186779510356e-8,0.010452296833556805,-4.3668729564392334e-5,-0.04599983161750145,-1.4629996905271056e-10,-0.012680745326777914,-3.588049275189477e-6,6.167985895518463e-5,-2.993192613317047e-8,3.1270771959857834e-8,-0.008580077575214664,0.0001047166980717888,-2.606900552322036e-6,0.0010044536772573047,9.599635347358888e-8,0.0028028845774371344,1.648316397595662e-5,1.0529523323804116e-7,-0.001951750191370762,-5.187606319503452e-10,-0.03038785348319179,9.837819505444406e-9,6.846799865022882e-5,-6.728580870640073e-6,7.283482258514379e-11,0.001665972450349348,0.014678554278624922,-4.722326280501163e-6,2.7370815593098006e-9,0.0016320091864063598,-9.220497933715193e-11,1.807278079421636e-8,1.575395071471435e-5,1.771020715669177e-7,0.034466491576958164,-7.374426333060092e-9,3.191569211712333e-6,0.231571285878704,0.00024711254222730696,8.234750367226187e-8,4.6370156187397373e-10,-0.003912661930725906,9.412166700300808e-7,-2.6139486300352317e-8,9.79428991437842e-10,1.2668997415859898e-6,4.260634971948411e-5,0.00041067487129382347,-2.8701511439641364e-7,-5.7982713236898606e-8,-5.8404173281026245e-5,-1.7235353507620192e-9,7.2683384158806e-9,3.1165104654407383e-9,0.0008940884455805376,-0.00033280168058434016,0.003643002136768116,0.00023829846272865125,-2.053248585192364e-8,3.221674700726746e-7,-2.881226981161822e-10,0.00012719471567600014,4.218571456453137e-11,-0.010139928899956744,8.031833100138918e-10,1.459723044436761e-5,-5.4681541173497536e-8,2.489046644382559e-9,1.3452118135803539e-7,-1.0150694852509228e-10,-1.3220319835588893e-9,-0.06472661918853634,1.2285234963567142e-10,5.889205405992166e-11,7.97810032751752e-7,-0.0024771511464019673,-6.717745417682746e-7,-8.689203582340699e-6,0.1295947801068881,1.0497178597459424e-5,1.184245537980675e-6,-2.2213965235332104e-7,-1.8006671708343698e-5,-1.4501064687620355e-5,-0.013699754123224432,0.23485178180021565,6.900165770851947e-6,-0.008002779770791708,0.01827261246733374,1.6996403468422953e-7,-9.444977888312313e-10,1.4562936310402802e-11,-0.0009462654936938507,2.038500410720694e-8,0.1125700815966313,-1.170953575370171e-10,0.0009814348723630047,-4.033424242370218e-6,-0.008142125475870841,-8.484546291464909e-7,-5.905260922180712e-11,-1.887007051552533e-10,-3.396384349445439e-11,1.4390754452139102e-10,-1.1408959097910139e-10,0.012222568997352886,5.6508222617152576e-8,9.336625732815905e-8,5.083807646871298e-5,-3.514366637949159e-8,2.873795398446309e-9,-2.197469133737121e-7,-0.01461592621192511,2.1918545145037314e-6,3.737345990773968e-5,-4.4538812518453486e-5,5.763251832319577e-9,-0.00045272303691644867,-5.166527102479481e-8,0.018271108658252395,4.190473196316839e-10,3.510450521910025e-10,5.309199741515897e-9,0.0749082858940615,5.008737369567454e-10,-0.0007113895059645029,0.058795246308814476,-2.2597988706568603e-11,-0.01891079402035326,7.970765490666667e-5,-0.0026855857316249302,-6.140544459589857e-8,-2.2389253341484823e-9,1.289614319812134e-9,1.46537670540703e-6,-2.152200336145339e-10,8.691191282286606e-5,-2.871037765544537e-10,-0.004071084243207621,1.38738122289464e-9,-4.8344710536264805e-8,-4.861165891289002e-8,-0.039928998468183374,-0.014872381585381695,0.0029987589700202462,-6.997370112770167e-7,-2.3919257727822308e-8,0.0010448098510548013,7.728567612523764e-10,-0.012088422904023177,9.48394978753268e-9,-2.055936784896391e-8,-3.0569673894835755e-8,-0.00788583648720896,-5.812184331096297e-11,0.0016592379885960354,-2.6110061446199697e-5,-0.0010628893039205563,1.8018198358023136e-9,-9.311461915187863e-11,4.3502573823973675e-10,0.033679298268337675,-4.29447886373946e-10,-2.6050594565907584e-10,1.569813935670823e-10,4.0300513487049416e-8,-0.04408340733906381,7.443064615513445e-5,-0.0005931954278427749,2.8880916027213155e-10,-2.2967320966365588e-9,9.730264765344811e-11,3.2327872497671446e-5,-8.92255726246722e-9,0.004410068750158108,-8.0809521716101e-6,1.3987649939338568e-5,6.329130551077178e-9,0.0022675801162431878,0.0009687670031145116,-9.046996030459007e-9,-3.115932037289085e-9,-1.3335583312088871e-5,1.3011546291068354e-5,2.5858755638567485e-6,3.9180211805733694e-7,-0.0005014130921484189,0.018153215207380412,4.5481020081069616e-10,-1.8231601948385743e-8,-0.004533031518363176,-1.23210747496499e-6,1.8915812775716957e-8,3.128986880944834e-7,0.00010496556644795021,-2.8688525890142433e-6,0.0033477406537986976,0.00019507912635731962,0.00028217615035932685,6.133396060160536e-5,1.0272632226304636e-11,4.552936611944021e-5,3.7831902239348504e-7,0.009142061864340969,-0.07408624506931466,3.0630227600170323e-6,7.667602918255689e-10,-0.0035108752591087103,-0.02916794943313128,0.01022410132347623,0.0021393716512555826,0.00012441782092716458,3.2910976477998867e-10,1.3949080924522963e-7,0.00045066119596150905,-7.217581203513343e-7,0.0006232195912481359,0.0008189813632989498,0.013882642813999835,-0.0016195408697465045,-4.899325476748731e-6,-0.03508240481660645,0.009703549250209123,-5.255734067325334e-7,-8.931696258604838e-11,-4.33464755147659e-8,3.1165454508089216e-6,-0.005297036643300612,-0.0004028208281128361,0.007742355905159285,1.131095078909752e-6,0.2480445681152716,-1.030025223480859e-8,-3.157183179518483e-8,0.006199510531554927,1.1165468148144601e-5,-0.0005606270874187014,0.047100340506928615,0.008611524088074935,3.0375930083318626e-11,0.001831122972011258,-3.2346377413065334e-7,8.270006108533261e-7,0.00495775825771164,-0.0033517461267448777,6.32685215341406e-5,0.009084309289117836,4.047339615547846e-7,1.234910858804803e-9,-0.02215905376779409,-1.1351651702050211e-8,3.803189567041822e-9,0.10962935784038852,3.766396027463172e-11,7.57220288107679e-7,0.0012577921088043243,-0.00046030463042545086,9.614640396747596e-11,2.6764530844453027e-7,4.6728254811354156e-5,0.0016086891497699729,1.9900655216723434e-11,3.5913577014012286e-9,-0.003041278175375366,2.563255396076048e-9,-6.869662294606314e-5,1.0266978048122437e-6,-1.4404583358803154e-6,1.0399843065479166e-5,0.00021113989100022965,0.011861279367492865,-0.0004677479939792269,-4.9148491291844877e-8,4.568596419116643e-7,-0.0006929193680645246,0.005549670552015008,0.01368989111409199,-2.0814299519065132e-10,-1.6762705848710567e-8,-0.03860562015754756,0.008757233356271892,0.00019922775643961923,0.018232890756630822,0.0029205361380769566,1.887789072828208e-5,-1.3780725477008027e-5,-9.196585590767055e-5,0.00011041706971717024,4.602268102120206e-9,-6.679056164993504e-7,-0.039142904702144904,4.503001014310891e-11,-1.027945797171503e-5,3.978421249133749e-6,-6.224730781680396e-8,2.351300633922069e-7,-0.01909994501631432,0.010022220612755588,9.779074610915805e-11,4.2058655228880496e-10,-3.238922352176351e-11,-7.69734802775161e-6,-0.00041177337981085913,0.002455275158489386,-2.1184808032614076e-8,-4.909477733895063e-7,1.0886699466125906e-10,-1.1514364209842343e-7,-4.62666039033603e-8,0.000242957388872386,-7.423858785283761e-11,-8.627792536400611e-5,7.998578389354745e-6,2.773870179531713e-6,-2.128839608668685e-8,-0.0005880720917559052,-0.0022322794783803564,-3.1498554229478595e-6,-1.0271871920862453e-10,-0.003534675346210727,7.940857613477868e-9,0.016099014915683833,1.841480738716278e-8,-0.0016519980954273527,-0.0003160365374156657,-2.0807686892490412e-8,-1.9434126108898068e-5,-1.0502739656633056e-8,3.9414630714181666e-8,-4.5030260145155615e-6,2.832765762856431e-6,-0.0002821044324079893,1.2231718815814452e-9,-5.494503135141948e-9,6.395817414922708e-5,1.8736442265856643e-7,4.986272747034656e-9,-2.512528174796279e-6,-7.651787966095534e-9,-0.00017266079914777217,1.9514289388142767e-6,-0.01552946181965967,-1.3087534280478641e-5,3.6021893649823237e-10,0.29099718409017067,-5.823732979859569e-9,-6.152982249463155e-11,2.3901568073434754e-6,0.3240812221856156,0.014617355358692043,2.2035683456409066e-9,4.710286471702659e-9,0.0008004937915203507,-0.00026251311738225157,-0.056305315039447544,0.0013780577786421235,-5.40091247189319e-6,-5.415040244010063e-10,-1.082207540896738e-5,8.338018953651013e-9,-0.003110485050436286,1.3822695680497458e-6,0.00015649246686234684,-1.924695966189571e-5,1.4486895062980326e-9,1.7867700279937856e-6,0.011771987024658676,3.6417534857270284e-5,-3.5957200883451916e-7,-1.573359032143417e-6,-0.0014927634481358605,9.70473403839019e-10,-4.724785556786901e-8,-0.0007467709927487554,-4.990975693924067e-5,-2.9718847057615428e-5,9.7319708023712e-5,0.08118087191775952,1.1121276538913586e-7,7.430879996456346e-6,-7.508740241096281e-11,-8.297776294973729e-10,-6.89328003367293e-7,8.638165111586551e-10,-0.00010760022185883149,-0.006036189409261362,0.014734825865684557,-1.1398507083258552e-7,-6.850077341204211e-8,-2.653604448115e-8,-9.940469626401244e-11,0.011578040587250087,1.3395478868992126e-6,0.06828849921559482,-0.0005383688057023153,0.0020753662699795764,0.012637631623477431,-1.6794349629246337e-8,-0.004121137509453451,9.983383238558371e-9,-5.952264926316425e-7,5.788660790529524e-9,0.10808832852980889,-1.7998975629978448e-10,2.416835560162208e-5,1.5716329275654425e-7,-8.874673270196558e-11,-7.791403218265501e-10,6.097494265550162e-5,-4.602735583659798e-5,-0.007619965506710836,-0.010581747975612012,0.001183733322198514,-1.2113633267970689e-8,0.0025044426404538796,-6.838913114955089e-7,-3.7250098250507464e-8,-4.97451491398774e-8,2.4569237504098653e-10,-2.5602964344658498e-6,-1.5254253805164602e-9,0.009345446880709648,-1.939274663151185e-7,-5.116064378190946e-8,-1.8743563498608103e-6,4.3328022170128643e-10,-1.4914700735637159e-9,1.8563207579966167e-9,-0.011325011087175688,4.4725547881261315e-8,-2.2832283028560825e-5,3.326735780281628e-6,9.381417564585861e-11,-0.0002054186117412601,-0.0001299869549167724,3.7150522282936056e-7,-0.009104300758122692,-7.445542454802709e-7,-7.855425619661712e-10,1.8145188975366583e-6,-1.116218372909369e-5,0.00010669188432891362,-6.048729738521147e-8,-3.31070803011675e-5,3.78654243459996e-11,0.005789901749834355,-2.940178664478033e-6,-2.652272280916954e-7,0.000638202385081347,1.398252238108235e-9,0.006929823371358604,3.0652201125846364e-9,-4.394326765829417e-9,2.769928249152307e-11,0.012551754055160734,-0.00048784541230476725,-1.7021542911336454e-5,8.62296560246365e-6,-9.649062452823913e-11,0.0010564659478186518,-0.025352048676779555,-2.9941056572443465e-6,-3.6799926763636154e-9,0.007706083305415254,-7.066679604765861e-5,-1.072081908927222e-5,-2.5147600765238105e-8,2.689766440500819e-7,-0.0015711347579919143,-0.05596862652087792,3.7004861087913045e-8,3.878259059770586e-8,-1.1058465902049248e-5,0.0005139234314777837,6.439030636568568e-6,-3.2149767388652745e-8,-1.0702913830452568e-5,0.0008709644077508507,0.0007920634730330196,8.926777824791308e-10,9.50289809591726e-9,2.153215868406974e-8,5.923194504526989e-10,-2.4446565614694914e-8,5.911041940229762e-8,-0.020529306260601298,0.04235273674277841,3.2724907552500274e-10,-2.341771265667891e-6,0.005814530927151463
0.0,0.0,0.0,0.0,0.0,0.0,0.0,0.0,0.0,0.0,0.0,0.0,0.0,0.0,0.0,0.0,0.0,0.0,0.0,0.0,0.0,0.0,0.0,0.0,0.0,0.0,0.0,0.0,0.0,0.0,0.0,0.0,0.0,0.0,0.0,0.0,0.0,0.0,0.0,0.0,0.0,0.0,0.0,0.0,0.0,0.0,0.0,0.0,0.0,0.0,0.0,0.0,0.0,0.0,0.0,0.0,0.0,0.0,0.0,0.0,0.0,0.0,0.0,0.0,0.0,0.0,0.0,0.0,0.0,0.0,0.0,0.0,0.0,0.0,0.0,0.0,0.0,0.0,0.0,0.0,0.4131582759358112,-0.004175281794281433,-0.0002487432541611028,7.046452066252187e-5,-0.00029946653736638004,0.0013844471378504004,1.3067591829947768e-7,6.256895079510058e-7,0.01473098202970757,2.5853609740502635e-8,-3.121136228700452e-8,0.07943568400467893,-0.0004296086536629993,1.3569097457464221e-6,-9.005158525500938e-6,-0.008416243710094381,-3.1394371522341176e-7,1.8989260284964766e-8,-0.03898806392419643,-0.006675691639931592,-0.0755926286816205,0.009400459235988399,-1.8230351971203634e-8,0.0015251963517061446,0.025040715415462364,-0.006108294342836453,0.0011938523963026264,-0.00035184913321697846,0.025882711547186976,-0.00017130719402470658,3.2325239435788496e-7,1.2660902973657223e-8,-4.5321189034535565e-7,0.05213729622797139,-9.872491111552333e-6,0.0006966989191829054,-1.2590572523901694e-8,0.0025874846141569654,0.013463376702652189,0.00012988419934668405,0.01633866493503807,8.639882266236329e-10,0.00012739542376097407,-0.021594956864503023,-3.355865115629094e-8,3.0626470377730306e-6,5.518190332882107e-5,0.0032701432940131603,1.3968347610948937e-5,-0.05185870382281538,-0.0003838640388717561,2.554351324489799e-7,-0.00016178825794082986,-0.03391708269489375,2.713379594109589e-8,-1.4716950410925119e-5,1.6121100350910673e-7,1.880749827147022e-5,0.0007628013628019139,-0.002528040069889137,1.0514032287747326e-6,-7.431353603174298e-8,0.26574317338591674,-8.845583660860133e-7,-0.003071793500509135,2.2630230296176333e-5,-0.0718751322562483,-0.00037429104666944935,0.0021696141202183867,0.2538024668866966,1.2466569036629293e-5,6.450136517374467e-9,2.838620255092749e-6,-1.6640474721152296e-6,0.03019799691995888,-0.002617378764427546,4.148977824779194e-6,-0.00040759735612263675,-0.0017226743541661422,-0.022539682251582056,-1.931231362289249e-8,-0.0001564851264725985,1.9740375209245e-10,1.1393980816859946e-9,-0.03365200840218182,0.0004591992821052167,4.5607436779684174e-7,-3.345404423363829e-6,-0.021075253212894798,-0.0010719817867707807,-1.8710338120257773e-7,-0.00018279284314298342,-0.05525183941635984,-0.012435657634967776,0.023614350621730628,-3.6321843457942793e-6,-0.0008074344216243236,-4.231683695133687e-9,6.063375348211779e-8,-0.0008308853426573936,-5.3741676323244525e-5,2.1183845713948345e-5,-5.006432449976639e-7,-0.007949562131668423,0.022175911613880932,0.0009302955721901433,3.310238034471015e-6,-0.05057345016005439,-1.1306448712049333e-7,-0.0009862227717243994,-0.00010832585269509424,7.650697998624152e-8,0.25367715095972426,3.6628735593883944e-5,3.7786100491735517e-7,0.0008209394267600439,-0.0006501651997755774,-1.592296462925143e-6,1.7532174958769108e-7,-0.048235109023843176,0.008838176073054312,2.4611768352063298e-6,4.941919652934027e-5,0.0005854532756659146,0.020041044684447548,-0.001193494104735991,0.001529934207631259,-7.650386001910119e-6,5.5697780769959927e-8,-0.0003386744055593987,-0.008249231840745757,-1.1923862453994658e-9,0.0013553723620908366,0.00027955857109554315,0.009814035705003868,1.50628686387854e-8,-0.0002795401176752857,-1.607594218461428e-9,-1.540533394862907e-7,0.04092396870920564,0.0024120887739044897,-0.007680962264228293,-1.2993617286604975e-5,-8.427038604602787e-8,0.0007742468503428307,0.0005490091515432026,1.6682755678631683e-8,2.195115048591461e-6,0.021169033115192745,-7.980908363325165e-8,0.0030202108276430194,0.0005558309503892852,0.01300299628608489,5.451627329138904e-5,-0.000877036576765328,-0.03957252272721488,-3.437639762873209e-9,-8.170371079471679e-9,0.010305707005866777,0.006109527908150343,-1.093296686970984e-6,0.008728021301062767,3.140925837465188e-8,-3.5869396601415674e-5,-2.968527603726887e-9,7.851934922095792e-5,1.2755726299498518e-6,-0.002651081427749804,-1.027218938419062e-5,0.03888053330191686,-3.404935032987437e-9,1.2492509777395303e-6,-1.5632213847028585e-8,0.23153893050236107,-3.829034286961948e-8,-0.00629024733641599,-2.7795622186919908e-6,3.4342879373416783e-6,0.12016409009080303,0.006740674728022968,-8.36960366506023e-8,-6.0892722091661055e-5,-0.0036246643180403776,-0.00463476279952876,-0.0002280412858426543,-1.7276335724320197e-9,-0.005534808656875347,0.01681424274722768,0.24293244472588288,-0.0005424891252033534,-8.146809186382659e-8,-1.9865713760840243e-8,-0.00010796628791707479,-0.0033106290391723024,-4.015004599451458e-5,-0.00028216043700291497,5.366378490663738e-9,0.014780280133711955,7.341592111125361e-5,-0.02578048787515909,-0.0023059366091440843,2.2612173273126932e-5,0.010742123720553949,2.756822625293814e-8,1.1740945061000493e-5,-0.003987883293455359,0.01600569888510353,-4.447738063562315e-6,-0.00048666634028492265,-4.002923389312477e-7,0.029392673404766655,-1.2280848805355499e-8,0.05188406341585602,0.008693327320468888,1.3460498106373702e-6,0.0004376483765216037,4.364865699951554e-5,5.97572757576053e-8,1.2736100927494436e-7,-0.0007280312966638609,1.3101227054767918e-10,-5.52192989763847e-8,-2.9215211185105767e-5,-0.0005372150481703549,3.858968289054105e-5,-1.9149894431229638e-5,1.5789818662059714e-6,7.169021827672403e-5,-0.03129921906216065,0.015221403722276506,2.8704966572949623e-8,-1.4324625971241786e-6,-1.1092394181875263e-8,0.00044328513699286505,1.6117630971089254e-7,-0.004520592327419378,3.7933976813524677e-6,-0.020966876904300713,-0.04039578557768589,1.088954629947758e-8,-4.073180252378045e-5,-0.004731396905223279,5.714647896239194e-6,-0.007567941595577876,1.5705261231964576e-8,-6.722360943174918e-5,-0.031425000889414696,1.8566694449114558e-6,0.004231852207440469,3.623270686886748e-9,0.024977221483469397,2.569296960423073e-5,0.00019114095553903905,-0.00113723093347987,3.183724574234909e-8,-5.829436525867997e-8,0.0010323957238660337,-0.01464858258073139,-7.443195139045282e-7,0.0017362815648174624,-0.043622230665968084,0.00029798901340068927,-0.004164033545173385,8.982300176095941e-9,-0.014351981487139094,-0.0033457180938724126,4.865616935132301e-9,1.1716607878997907e-5,0.02379827119951195,0.0026825236989605076,-4.630145228038067e-8,-0.00033555310004984795,0.17232513456978443,-0.02193000605318603,0.005827368940541088,3.1453447873565924e-5,8.749979284841113e-7,0.01548747023639761,-0.03951759823566773,-0.0004456603560541333,0.006391034253410065,0.028871632498155265,-0.020738414870639238,7.241515972446711e-7,-3.530007679686546e-6,-1.2480631037551768e-7,3.633645742257089e-8,-0.04243855404909004,-0.0013070708151280786,0.002469111610696993,-3.1032392758344636e-5,-0.006791530578001664,-2.125435666009728e-7,-0.0013416195578430453,0.0003309364067548147,0.10373597474943233,0.018709494286830428,0.04668565126463152,-0.0004104364953827688,-0.002316169345077493,-6.2330382538550844e-9,-0.003613154225115584,-0.0008389837553576375,-0.0003930082341944865,2.4608292230456344e-6,0.0011494069637954015,9.627778371895414e-5,-4.6184369965031805e-10,0.0008103408956834036,-0.005357211788016501,0.022519901232243855,5.1385921751413244e-5,-0.0002419417892324487,-1.0467937451416359e-8,6.628958116614205e-8,0.0003846328752166982,-8.306612356280188e-8,-6.294581561826242e-9,-0.036383706541393196,0.01575966361149903,-0.002108668853912288,-1.933337476544235e-11,0.2524204976430874,-1.2704920887073187e-8,-0.00042472281764615184,4.120075819106464e-7,0.00047517354467268826,1.710639441960158e-8,-0.0003175686469161053,0.0007022622747678438,0.0010492378120444178,-0.00023858176414094236,-0.0008425565363500094,-0.00046666031208969207,7.87999807057564e-7,0.08174367824206481,0.05382648009460903,6.019492328463974e-5,0.03313167425994196,0.00984844981243164,-0.012308622708493127,5.3038743047190145e-9,0.008718449641854645,5.026911517204086e-6,-0.00012603499029826168,-0.03683262174584423,-4.892846875221433e-6,0.09200228872348412,6.291576334482032e-8,-0.0014530832459608244,-0.0004160540479885683,0.021745719266837056,9.524628969975431e-8,-0.009562294872463038,7.482362362663441e-6,-1.2126943056502143e-8,-6.396370177446541e-5,3.309131927855112e-8,-4.105779871404343e-6,2.605036730087318e-8,-0.02309061583027183,0.009026982097651822,0.006877283271219579,0.00031611902552932,0.0015049927535188176,4.641865961831722e-5,0.001260808480987232,1.697352358603864e-6,-0.002889881504322286,0.16567605067816468,0.022733461942595467,-1.4345989077450074e-8,-1.2494244660803872e-8,9.008500671681073e-7,-0.0001663232417726647,0.028254303446598027,-5.493766973376313e-6,-0.0022878630536865775,-1.0091385140742817e-8,-0.08344149262647407,0.07267198205847553,0.1000351907895098,5.625274206673852e-7,0.00017638176821908335,-1.9116593656453056e-8,-0.0003527119832984807,1.816220427184383e-7,-0.009778383268563857,-0.0006873739791113942,0.0038467929982373044,8.378068281891529e-8,-0.001324892288257922,0.004995943039304639,-0.010669930950124905,0.11814360585233087,-2.1374870014526345e-10,2.6284638096146757e-5,-9.65204468368988e-7,0.0003290305267570276,-0.003785073680628827,-0.0006711345402842026,6.540012973420013e-5,-0.029411292646758312,-5.227231047627074e-9,4.2753353818359875e-6,0.00033496366439847306,0.018847892864647976,-4.3382464910138183e-7,3.909760677377697e-6,-0.016053660369054274,0.10771369858234922,-8.481506969578718e-5,-3.838027290809671e-5,0.0005406031160166275,0.025946493192888616,-8.168465126923407e-7,-5.603687724422027e-7,-0.00436920723206699,0.40072348182826295,5.1030145570294966e-8,-0.004332685574647358,-0.02784452619379081,-0.009419163825715922,9.391771415475283e-5,-0.004342422090102981,6.29472167616724e-7,3.683105134344118e-5,6.290123830443093e-6,-5.413750722750565e-7,-0.0007855857851815194,-2.288343261391597e-5,0.00048015074769485296,-1.9114971627266066e-7,7.421904708259004e-10,-0.001204462775789653,-0.0012194703866368812,-4.579079480105614e-9,-6.980096264871327e-8,-6.623912583291555e-8,1.1097138608290392e-6,2.93041475341889e-5,0.0024585868938625027,-0.03926681134332595,7.5763861035698915e-6,-0.00758418446018886,-1.5004042692400036e-6,5.289600389498499e-8,2.636187795716945e-8,2.465504553970944e-6,-0.0016853548528977895,2.4706342267418108e-8,-1.6679628127881992e-7,0.0029816690274942228,0.001234109714035061,0.0030120672080049967,0.00018244320854967516,-5.024204832017935e-7,2.803673581040667e-5,-9.484677075801385e-8,0.0007709156543491835,2.9910532073771728e-9,-0.03915008172030305,-0.05741340929072496,2.6885402964752104e-7,0.0010693895814966985,1.7878877390748574e-7,-1.3501635063997263e-8,-8.109710928626481e-7,0.0015165172008532004,9.249682257042639e-7,-0.01016487906119401,-0.002220484563192214,1.421608990163211e-7,-3.659726423511026e-8,-3.364070132699784e-8,-4.226726550527688e-8,-0.00012748761479305286,0.012990686636257057,-3.1537985447827423e-9,-0.024454785519514428,0.01752220003586455,5.287766935695815e-8,-0.0011992550545872455,-0.0015254626912084386,1.5599435191870972e-6,-1.578899040306574e-5,-0.0004492225239553697,-0.0055428007783955595,-0.00010464027838416972,-6.058061102389673e-8,2.227952551674032e-5,0.0005579503247152774,5.5926386662300684e-9,-0.014515281918997168,9.405070804037921e-7,0.023984753975102656,0.0006710280795981661,0.0004957816513266508,4.252267943882546e-5,2.860821581590797e-7,-5.879022503362342e-6,-0.04231063247337673,0.0029816037415314454,-4.597628110860572e-6,1.8791692431108303e-6,9.467971790508053e-8,0.0012219328946765835,0.007049302349342428,5.646059919346388e-9,-2.6789405938948105e-8,-8.871132904185801e-5,-1.1713086180193016e-9,1.6937443960294788e-7,-2.8341607962597395e-5,-0.0001445798034869678,2.3515699654530998e-5,7.544058625904323e-5,0.003602377509238124,0.0006959610784613159,-1.156353661939548e-8,-0.00042150993244321377,7.282859445474689e-5,0.0006339878689170758,-0.009488767977820538,0.020203163922096118,1.2159733413869392e-8,-6.471281678039654e-9,-0.0002924697678312554,-8.741071820382538e-5,0.0005523233793771223,2.3092819082273187e-5,-1.609818460182437e-7,8.654451812867893e-8,-0.0683555647124899,-0.004576751401785061,0.00025425184770053926,-0.010353216318177975,0.07174438339323282,-4.947366305976507e-7,6.159580270272259e-5,-5.62515730148706e-6,1.0731212641745072e-5,0.0008802316792619343,0.068319070060917,-1.3834653927974346e-5,-6.343914952001457e-7,-7.087797014619101e-7,-1.6468590101680152e-5,1.8569291547268962e-9,0.01943468920018821,-5.453638085007263e-8,0.1774870389074635,-2.671856202643635e-7,-5.492072018306467e-10,0.08182307357228007,-0.00034712364756820036,-0.035600426206070256,0.05411443420526864,-0.003088477768770419,-0.002060231868319026,4.916104086368e-7,0.003972832053563468,-0.023369306268604242,2.399308441259627e-6,0.028421717034790055,-0.031930583873841865,0.00021528945899548134,-0.0022777178435767122,-1.0777181637567977e-6,-0.0028348371396026187,3.015274416452628e-8,-8.386242294520359e-5,0.00024088203537255627,2.0412885515736867e-8,-0.02813262465332604,0.0007312705337921594,-0.001443612960090423,-5.526030424950761e-9,1.400814901959066e-7,-0.015198270019430022,-0.04003263039434644,3.6505709892152624e-6,-9.226315939720227e-8,6.329948410475624e-8,-2.59366217689392e-7,0.00011083798691020706,-0.0028407432300613976,0.0010291183820471221,0.011072143188196281,2.417468695927591e-9,-0.0022458679657587086,-4.328753542258332e-6,8.210634192202898e-5,0.019599194453198094,-0.0030371671559767657,7.857204356611309e-7,-1.0995095170658306e-5,0.03436500716433345,-0.003811293151928293,-7.586181091108188e-7,-0.007683647314382557,0.1803296373038536,2.815684977979502e-7,-9.679358415189934e-5,-0.00030075885525764447,8.420225822819251e-5,5.5043635075589254e-9,-0.03663149643474457,-4.815286887388485e-5,0.00015078499715404876,0.0007565435116856133,0.013751035494042411,-0.002536970334131301,2.6624490189029532e-5,1.4698136885861585e-7,1.3286789227034215e-8,-0.04641886053816779,0.0090681510317167,0.0272100285843227,0.0014971776652765013,-2.1532329797361172e-7,0.0001689992861842261,1.6942908551125056e-8,2.4661931610484455e-5,4.240187342982074e-6,-7.948258007916927e-8,0.14512400292810987,2.7682018168557348e-6,-0.025327004854562324,0.03472469842715913,0.06674412458705305,6.3990273624089594e-9,0.013594412759704645,0.0004104912029391469,-0.015374168409143877,0.0024729245082590738,0.005408033074842091,2.4870943416508967e-5,-0.00026150275147064823,-1.200712674008225e-9,-5.574160331932432e-10,-1.783884734043472e-10,-0.08520850745036071,-8.385418499142541e-9,0.006364503800635007,0.06808646796395942,0.13823676808880886,0.0007410203318233227,-0.0011712319579211552,-0.030444180707695084,-2.177490231178472e-9,-0.005721886163833934,0.0008931662403245134,-0.00012203666857599655,-0.0051783614905550465,0.007732984104068038,-0.012652580838670687,5.365686969936264e-9,0.013778423779946805,-2.478472720927395e-6,-0.002460572046378223,-0.0033837549882048627,-9.150458609079803e-6,2.680864341860927e-7,0.005025409093581496,1.0630421319755006e-8,-0.0008944868321864303,-0.013990450707132219,-2.4748758522689803e-6,-0.00022487094863454747,1.182206305297195e-5,0.21230139105760173,-0.0005097686084011959,-0.0010485875494849425,8.089670764726249e-9,-0.00010696210053615724,0.03643409594432286,1.3757381290232012e-6,-0.004976106639001875,1.0492290940576939e-7,-0.01724192621111676,-0.017900136005091223,-0.0010564147608408724,-5.957738186502722e-7,-6.688818181801276e-6,1.0645348369241527e-5,-9.035052041983225e-6,0.0006830826019014,-5.326861323802085e-8,-7.475522209106468e-8,-0.001420550786526641,0.021556972515794477,1.0330314621556246e-7,-0.00028333845204486416,0.00011494673028118682,0.012895746821538169,0.028251203440981518,2.2670057567023924e-8,2.6512045868650347e-8,-0.044289790051202226,-0.017835456696905342,0.0006937628143744951,-1.897776942679454e-6,0.00015713297659216224,0.31123970439146664,0.0001470865909616656,-4.411967997056574e-6,-6.4888920881198974e-6,0.0011737932856549364,0.007854369611327653,-0.019056806532218126,-0.07344981733517274,-0.03197132567501325,-0.04149155731515591,1.2924261736404502e-7,7.504691882356691e-8,-0.0010817076369397387,-0.003739525013342251,-3.466171895348356e-9
0.0,0.0,0.0,0.0,0.0,0.0,0.0,0.0,0.0,0.0,0.0,0.0,0.0,0.0,0.0,0.0,0.0,0.0,0.0,0.0,0.0,0.0,0.0,0.0,0.0,0.0,0.0,0.0,0.0,0.0,0.0,0.0,0.0,0.0,0.0,0.0,0.0,0.0,0.0,0.0,0.0,0.0,0.0,0.0,0.0,0.0,0.0,0.0,0.0,0.0,0.0,0.0,0.0,0.0,0.0,0.0,0.0,0.0,0.0,0.0,0.0,0.0,0.0,0.0,0.0,0.0,0.0,0.0,0.0,0.0,0.0,0.0,0.0,0.0,0.0,0.0,0.0,0.0,0.0,0.0,0.0,0.4123740901938916,0.0033068283930720397,-0.0024668978284995854,0.02330725267034352,-0.03794643412154789,-5.691037500244967e-6,-0.00031393567411709737,0.001498299012380156,7.136508639036766e-6,-3.6081789181943925e-5,-0.0011478111064654709,-0.07809000341083623,0.00011758322762872352,0.0027429296190101178,-0.020908612185763457,0.00014497463196554063,2.7464147285778613e-6,-0.00036572886183759413,-6.209195319300295e-5,-0.007318111799844421,-3.724398224959402e-5,7.067668472874241e-7,1.638373754383787e-5,-0.09252377378498475,0.013630658699268265,0.017336660669005587,3.9152703667438486e-5,0.00033022411223521125,0.027266372015684732,-6.486427013258101e-5,-1.62317962616906e-6,0.0001283784973333751,0.020237368329736497,0.00020611484468112143,0.0055533895132017,1.288772445209146e-6,-0.00010044710945578514,1.0000752323948518e-5,0.001201900112173318,-0.0020713873414015846,1.3493515913905264e-7,-0.02685508127669956,-1.964943171947284e-5,4.909165648799969e-6,-0.0004667647547398456,-0.006852999052129349,0.0071518691681332625,-0.0033156583346280895,0.0027559520997922937,1.3426191959528192e-5,-4.686595093130032e-5,0.02635267961652915,-0.00020913018965454164,-2.584512150360249e-6,-0.006083699975469497,-8.294416646038368e-7,-0.00043659381380794517,-0.07460626251511913,0.2109874753996369,0.0004929582246872273,2.1131554311701355e-5,-0.0011029946798771111,4.6384320391118226e-5,-0.0018613163774772266,-0.0030338594201080294,-4.650778349998205e-5,8.65672996778325e-5,1.4212519573143041e-5,-0.0009039228931696974,0.004273344880277895,-2.689908131669681e-6,-0.00030204071263512994,-0.00016264692907541557,-0.012751202806895151,0.013766540862703985,-0.0010367413534884413,0.012891088474062158,-0.0012069983684997758,-0.0003328284775635148,3.461230416239897e-6,-1.4038999914916039e-5,7.069855977279848e-7,-1.2306643152371578e-6,0.019617269903652926,0.01223829462115781,-8.027859097055695e-5,0.0007199881040700455,0.00023824232556825793,1.0655249991377312e-5,-3.187686529983104e-6,-2.3915621184356842e-5,0.008172431200857448,-0.00021595158634075536,-0.00010965824839886873,0.0007062242473766839,0.2944031692205174,-2.1261436023911312e-7,-3.0869728483281575e-6,-2.1714500412363686e-5,-0.0021796234691915804,-0.002135654578851349,0.00015524671005452752,-0.014398705776649843,0.0009592766656777871,-0.04149514063410505,-0.0004361340254887178,-0.004407932411174525,1.5791003819687905e-5,0.007258560875697991,-0.0036907332927438945,-2.747015324709112e-5,-0.00031670598193212407,0.005324637734031045,-4.603016629637895e-5,-3.5499010726967966e-5,0.031097750991689772,0.00013194205038305915,-5.3616023951454965e-6,0.010196965871612985,-4.057894020057708e-5,5.714231724786863e-5,-0.0021600830937575153,-0.004853191151380405,-0.0486469367499937,0.23661278461527377,8.42734117051296e-6,0.0007051334306023506,-1.9134194851165636e-6,0.004379778582384643,-0.0012512007412027765,-8.71671341515686e-7,-8.975880549227483e-5,-0.053694129471790315,-0.002310608341105224,7.377521455775791e-7,-0.004043359583590816,5.978429089364024e-6,1.7518326480812383e-5,-0.0013002061027626252,0.0007844821250957363,0.013179739668716195,0.0018492795306706278,-3.1415204798585646e-6,-8.870757702722483e-6,5.5503604385988185e-6,-1.1509729301459242e-6,-0.00037010374723465045,-0.020520771164412196,3.111141904449187e-5,5.676153895210155e-5,-0.003908368696068247,0.00044216541733526764,-0.005179508261079606,-0.008154952083809444,-0.00030034767554251946,5.368836806657831e-7,6.045609035403678e-7,0.003011845178914937,-0.034925951563347886,0.00025025006349751257,-0.00010177087364585948,-6.48453174901289e-6,0.006980647802950461,2.2345594474637578e-7,4.585540309455082e-6,-8.447574288688992e-5,-1.4715055849146209e-5,0.0017833172225380088,-0.03553695501397699,4.302559525521445e-6,-0.0005176925300813522,1.5776560236598327e-6,0.005160985762692789,-9.786103355707105e-6,0.00035207773247136184,0.00030442639654077694,-0.0006096142090234978,-0.003962521214978487,-0.04991058735215887,2.574665946784703e-5,0.014909078670377208,-0.026668691139507594,0.18696337055213677,-3.345365679490243e-5,1.2287441053615058e-6,-4.236931916012582e-5,-0.00015794240799368465,0.00028390430324869,0.011504455705458532,-5.5716937366574375e-5,4.5629171901869e-6,0.014504773563424707,4.718950574515899e-6,-2.0212486318357166e-5,0.0016332913616548365,-1.6879156385350882e-6,0.007314513491906114,-0.041344473735936804,0.0002051063572500714,-0.011276584413476341,-0.0027939357547744656,-0.0003083989852046272,-4.462267191329532e-6,-0.0013921474043257142,-0.020463838285776848,0.00014147389811675775,0.00031048749949307274,8.385799572534339e-5,9.971346767332438e-5,0.023838560704275688,9.504802764129321e-7,-0.0033376822149212065,4.13129990303285e-5,3.512963522043266e-5,-0.00477380558208353,-0.003972541379445386,-4.724158530242306e-6,3.884892964542393e-5,-1.0345131875136193e-6,-2.685685274639902e-8,9.747311352968433e-6,0.05259234444183392,1.276609318067008e-6,0.012330591768727566,0.0012655596284491363,-0.00040421782461893776,-0.0012770624312730052,-0.001994555738806271,0.002425117812806132,2.9699423924254236e-5,-0.0011635208419318935,-1.4082682739536454e-7,1.366037567346506e-5,-2.0200102488303996e-5,0.0033456650516655384,-0.004880273794130903,-0.0003835803514324437,-0.005084299174982519,-1.8877917073666154e-6,0.012576146042381059,-0.03241564855131418,9.911361133415894e-5,-0.0011100863878357042,4.352587749549962e-6,0.0013678943229635922,0.007331270443136466,-0.00013463004272586145,3.503576201145861e-5,3.3753753117276326e-7,0.0006288388604105228,-0.0036720663769082254,0.00713894437919143,-1.1330088171551137e-5,-0.0003428788859131688,1.2797820223741586e-5,-0.05816135012079883,8.724979487933843e-5,-9.996065079981786e-5,3.318484469621931e-5,-0.00423560168189227,0.09397611805095914,-0.006108115133280549,-7.389561627694572e-7,-9.215649554280483e-5,-0.03598514937756485,1.0836263697846707e-6,-0.0006440588867937314,0.014246121124797452,-3.625929360914998e-6,-0.0001829369789775255,0.15112040649553876,-0.0006098718706107465,-3.841365796974297e-5,-0.08621657729330397,-0.003944868070718951,0.0004107843853251503,-0.07050333862489347,-0.002677398104590195,0.018215978396681397,1.966736639620631e-5,-0.0017089930729687526,-0.00024191914085328232,0.00020561118259040514,0.0005194067547783966,-2.0821826655069188e-5,-1.3102945653239337e-5,0.007337940563520213,0.08958127348386799,2.755647628754264e-5,0.0076529337407265224,-5.511181933122655e-5,4.103653551701167e-5,0.0005650733301212346,-0.01618377163269602,-0.002178161736609248,0.00018149643804816085,0.005701799268469606,5.791714453456569e-6,-0.0006328926732595911,-1.193539365705467e-7,-3.756650637457311e-5,7.953858972241785e-6,0.12717680026094402,-0.0001289386942328453,0.013816474984299172,-0.00813492867073398,-1.558476031885153e-7,0.017354591127839974,0.18324246103235745,-0.057207358273172235,-0.00012369884508293342,0.00193865701118649,3.8715059924717943e-7,-3.2916670412737318e-6,0.0041659137831275735,1.096174897964709e-5,5.846390347857604e-7,0.005550151875301466,-0.0001826312305825698,-5.34637392212521e-5,-4.779724986698378e-7,0.0013945993485556475,1.0712985335951166e-6,-8.4790623772136e-6,-8.664866886466514e-5,-0.04307899846012751,-1.7073400724010157e-6,0.008300641406535825,-1.5823981759986682e-5,9.516717288906423e-6,1.4183563736122454e-6,2.98294130232196e-6,-6.256587506136096e-6,-0.00010595781222178313,0.015606190500745864,0.0002946165650726278,-0.0013902747001350308,7.024713226117388e-5,0.0006436447235069549,0.009704951434903948,-1.2861799687979735e-6,-0.04017278052707715,-0.0013334170303798934,0.009392267343245395,-0.00018886789749175307,0.001640186957915196,-0.0019060352564767445,5.781816297785559e-6,-9.184275448954617e-6,4.709364946631198e-5,0.0015372000173370212,-3.5065334807327798e-6,0.0002755576201441866,-0.0014236596677911898,2.0202047256163065e-6,2.5662894125182127e-5,-2.2210933740832554e-6,0.0010294889926259388,-9.529701561926386e-6,0.0035905503486589794,-1.5487775083866642e-5,1.4485529817530295e-5,-0.0008620294150608828,-4.730514283472107e-7,-0.006525370939122466,8.71974821258917e-6,-9.397065561345577e-5,-1.5418508313441073e-5,-0.00046050400560112566,-0.0005404680580593145,-7.919117330435866e-7,1.6268321677723942e-6,1.4579312574415965e-5,0.031137546160270747,-0.0066640331006019545,0.00021679013811514252,0.00011864840333490387,-2.558793212100518e-7,-0.0006759035123866308,0.0001626456059451788,-0.000928267133203153,-0.00010626256631405016,-3.210901131334983e-5,5.547956938352007e-6,0.019845590541645194,-6.4737903660730496e-6,4.042425586641791e-5,-5.256121905365454e-6,-5.838769588514801e-5,1.9325940804755473e-7,-1.6290429032334763e-5,1.101557104640216e-5,-5.4571252937318974e-5,-0.0007656491696593408,-2.0878286715201257e-6,-0.0007262443555989468,-6.0972511930100834e-5,7.178843094132937e-5,-8.637700818080344e-5,-9.208917836157003e-6,-7.817969969539597e-5,-0.00035515790222105827,1.059252244710781e-6,0.007583691964416502,-0.0019432175487679511,0.00021953765573627196,6.231809064786589e-5,-0.000565185749601202,-0.0003387241198562623,0.00025564274717217416,-0.006339024215885185,-0.0113621564715577,-0.026881180119082693,-0.061040475075839394,0.00011583856773448159,2.7517686323149033e-5,-3.7928686250826144e-5,-0.0002218466439419681,-6.509857020591664e-8,-0.04721207667295078,-0.0001269443334915768,-0.009056700021560065,-0.003229462500258153,-0.00704573969656081,-0.00010784512482402405,-0.0020771238741842278,-0.0002042562923876019,-0.0016944296267364103,-2.3934805586903746e-5,-0.001820960884163186,0.05719662162519259,8.783404790824492e-6,-6.241828035803718e-7,0.22196697240918017,5.634455493132576e-5,-1.1667518807168632e-6,-1.2136476652380255e-5,1.1686725590179121e-5,-0.00011486409745052747,-0.0059227033734323645,-9.53945404818182e-5,7.528221364354491e-5,-0.00023014415372855053,-0.021726760279756053,-0.0001568555571889728,-1.7632697427122022e-5,9.400566873664222e-6,-0.00028411923713053824,-0.016698204922639275,-3.2175980448712556e-6,4.589654786964227e-5,-0.021646899954858374,-7.692560220947585e-5,0.004270252451257957,-0.02523406922200132,0.00012868081660357428,-0.0046113572303467945,2.997948190763868e-5,-0.007939254807795953,-4.431255324655436e-8,-0.005471410551618444,-0.006705018679410526,-4.420021869515246e-5,0.12474206193712777,-0.00011415056344704175,2.7490991136888886e-6,4.4443265979252554e-5,5.3888357827198064e-6,-0.000267763312752956,-0.02945428127538681,-0.010754376990830311,-5.696543098314452e-6,7.3828841464459924e-6,0.0002409915072904729,3.2629821144615208e-6,-0.00034350004698246783,-7.975542797051275e-5,6.206225785429498e-7,0.0001940330059991593,0.00010582771453605709,-3.068967176262582e-6,1.7418427262516134e-5,-0.03091170161324089,-8.413708010156828e-5,0.002216864074437947,1.119427640036226e-5,0.021143449752866687,0.02197170350929582,8.885278153577893e-6,4.133325403100787e-6,-0.00011039024224951586,8.187420061466632e-7,0.00017040442531903217,-0.0013895025744910566,-0.00500322812717456,0.009847281818595214,0.10194238953922949,-0.0017431472223555884,3.045894777822234e-5,0.0014553817946787952,0.008213525274004445,0.018040138906403467,0.0003644385995786019,0.00023763172029365597,-1.231996818484419e-5,4.232337035879142e-6,0.00018936761617766883,-3.730265101672112e-7,6.854087823149784e-6,0.015103343018895187,-4.4581240267053883e-7,-0.00010848176664150937,-0.004864487436494967,-0.004121550203715434,-0.001481041117868065,-0.005805302573073645,0.0007407152929969633,0.0003835251219141761,8.35761226798442e-7,1.0555428658323385e-5,-0.026856972375105356,0.0037911499966318324,0.0053520763916939116,0.01007114287642151,-1.6367658525605333e-6,1.0223721029086861e-6,8.606887500337264e-6,3.6656485148140437e-6,-4.0837586212854386e-6,-0.019678354247832316,5.477237734456132e-5,-3.368432505821716e-5,-0.0015435166685672276,-0.0022341422754567995,8.167807722127394e-6,0.003624613104391457,-0.0006102190844106927,0.00014951806734531003,1.4757126998872682e-5,0.00101261214549495,0.0017211225779977311,0.04511900901393013,-0.0011326781994200259,0.001221146839780055,9.814268275643007e-5,-0.0008550317414560241,-1.5021514065913083e-5,-3.6522872655570923e-7,0.0017436999492633032,3.180574529952247e-5,-0.0018488663373853738,8.536663635989758e-5,1.3249661056915623e-7,-0.0005024698786071436,0.004625404763646638,8.68545440743927e-5,0.0003873060641687642,0.0120741460924642,-0.0015971282024705425,-7.246941335596061e-5,3.171171313492388e-5,-0.00019840958431368205,-0.0052615866315012805,-0.0056834824709087,0.00012590903935043275,-0.00898541367200025,-0.002565568660187806,-0.00015705245318756075,-0.009623613399397228,6.851926957531192e-7,0.0010620681407521747,2.114608613983377e-5,-1.3131437961875522e-6,7.368460737418115e-5,1.271035570901223e-6,0.11557795561279263,3.7646068252427613e-7,-1.5330425893409495e-7,-0.00018694776917799397,-0.000421392537874856,0.0003413752347467717,1.2853045059119286e-5,-1.3149014091700624e-5,0.0005505230357879917,0.002173489697652962,0.00015374954408268077,-0.08351907987907617,0.0005543034507259114,-1.3860715586953542e-6,-0.014188055661548073,0.0007762664436062474,0.0024852023360181163,0.00014577768996863424,0.10799738009538942,6.893698555296975e-5,0.00864362534129321,-0.06263115492824636,-0.037231286847917884,0.00018533291863235418,6.559952522177294e-5,-0.0007952622201397413,-6.880975428601652e-5,0.002058756587804609,0.0004165944154980731,-0.0038367504290860647,9.987448659224029e-7,0.009814194457218428,0.016580080991336947,1.1578274456872443e-6,-0.0001347318137429692,-0.09153387143851893,7.645530173018142e-5,-0.0024869778463480607,-6.176350318661451e-6,-1.0089428028867506e-6,0.016447147682225056,0.005415893929759199,-0.0007200300328605559,5.3636919837059505e-6,-3.544618729324088e-6,-0.017509945316746517,-1.5690542707752125e-6,-0.003973119486896445,-0.0006605324389710617,1.6331858221570772e-5,0.00019344789740126787,-0.00029805857146279096,-0.0018411806670660365,-0.04769165434205048,-0.00038893720111246686,-4.4429283959519633e-7,-0.00013852046145205964,-0.009174514560683154,0.007892350015914621,5.8018561370630705e-5,3.3851313642804516e-5,-0.004717926286745802,0.028750168924461056,-1.6551275979141731e-6,3.798293389569615e-7,-4.292047347888693e-7,-0.00567120034954869,3.5433511812838226e-6,-0.04063434102977295,-0.0006430180995233053,-0.003066322316307324,5.728265895563988e-6,-0.0068315226928805,-0.00022933322789516318,2.1369560106359184e-7,0.00671596093156664,-0.0039086027234975515,-0.006134637217759533,7.639040402122825e-5,1.3048253568043406e-5,-0.00013245956752096162,-1.73322861050818e-6,0.018318986458233575,0.00029685787140044804,0.31014894554458483,-5.358875629071698e-5,0.0024571199363757215,-0.00014770090563133337,-0.015126668607459667,8.962000176551285e-7,0.009670506497373289,-0.0001609998720597466,-6.468887324902425e-5,0.0035494345242873386,-0.0035934195208227357,-0.001570812710377376,0.014600467764528727,3.2317490843158705e-6,-9.008004219918236e-6,-0.0033798699165837587,-0.04775231836123242,-0.0003269245178259337,-3.7270395445791856e-5,7.494382808722485e-6,6.99245283651059e-5,0.0002375331551500956,-1.1891063068301688e-5,3.483996212517218e-5,0.0007026543164505704,0.01008932990931036,-0.003318940849393961,-2.2179421748861975e-5,-0.00022550850314349916,-1.6514856826324665e-6,0.022217739001982675,-0.0006295725210482032,-5.99244232230234e-6,0.024749385870508907,-0.05078382922251949,0.014401604569622209,0.022151077864995018,-8.557707342130343e-6,-4.203885032527813e-6,-2.2118662924955027e-5,0.018014874391489168,-0.06387679539501945,-5.0592698821708745e-5,0.005966043609938084,-0.00010158570074159813,-0.03448168767079941,0.0005667602147289328,0.00013025657913831012,8.457482917429134e-5,0.0011295247336971309,-0.002915184566517382,-0.007171274114634427,0.0008507570227557446,0.0034455049953596756,-9.345218252507748e-6,-5.3629888472386326e-8,-1.9000554348466224e-5,-0.00945441530365096,4.1012246074538084e-7
0.0,0.0,0.0,0.0,0.0,0.0,0.0,0.0,0.0,0.0,0.0,0.0,0.0,0.0,0.0,0.0,0.0,0.0,0.0,0.0,0.0,0.0,0.0,0.0,0.0,0.0,0.0,0.0,0.0,0.0,0.0,0.0,0.0,0.0,0.0,0.0,0.0,0.0,0.0,0.0,0.0,0.0,0.0,0.0,0.0,0.0,0.0,0.0,0.0,0.0,0.0,0.0,0.0,0.0,0.0,0.0,0.0,0.0,0.0,0.0,0.0,0.0,0.0,0.0,0.0,0.0,0.0,0.0,0.0,0.0,0.0,0.0,0.0,0.0,0.0,0.0,0.0,0.0,0.0,0.0,0.0,0.0,0.4087948746187312,-0.061482532379003314,0.0008582227913279256,-0.00803140843329092,-0.00015615997386970044,0.004405469459833714,-3.7551276609720756e-6,9.777255944498485e-6,0.0011056492059704657,-0.00019107828170751467,0.0034587105847027387,-0.0032248352034962243,-0.04364944752114707,0.015573194633908948,0.00025505956025679633,0.00010246767690380436,6.734266228069936e-7,5.108024735907842e-7,-2.5671995931737462e-5,1.8086842666487438e-6,1.6560206155525035e-5,-4.3348655739980607e-7,0.0006744290950317065,0.0044386265583638874,-0.011556426127946383,5.22238677683894e-7,1.1978378255582736e-5,-0.009435274292143784,-0.0018357455381351076,2.3017178247802467e-6,0.00016782913084021272,0.0001338115036660974,-0.0006312837853591749,-0.0549545059030526,2.215533956269489e-5,9.804251296659988e-6,-1.1981720577159562e-5,-0.09665207701872255,-0.00015654567726519042,-1.0534118509438597e-5,-0.0383928699995588,1.7344727821185292e-6,-0.00010587051438722234,-0.0005473110860424213,-0.0816902237345737,0.004762839190980535,0.010883759805812203,-0.00017327465478624276,-1.4739304136684884e-6,0.00032114919658170335,0.07576853761153937,-1.1042806359644648e-5,4.850633233614424e-5,0.26599773229798024,0.00018728681580804356,-0.011698987196221353,-0.02190186178953801,-0.011706520425009186,-0.0048354804057344465,-0.0001547719221282769,-0.00010767405049105937,0.0003944777557349124,0.009509154066961421,-0.0018509491306438683,0.0006021210851461699,-1.3276128143121517e-6,3.4865425619990573e-6,0.0001669420858558528,-0.006695994733206731,2.1566805810371236e-5,-0.0018999637890393006,0.008094544575255679,-0.00021341749243563627,0.00434070771912042,-0.03872014899318229,0.05079846550861199,-0.0017371854954516324,-1.1993736653486429e-5,0.00012157181469093936,6.623190141164141e-7,-3.488063616497713e-6,8.540503100693393e-6,-0.0005191292804668819,-0.05300677166575704,-0.0007452587083816652,0.004776132685874584,-1.0810423988852214e-5,-1.8759321828104136e-6,0.0004080871559073352,2.395941624477294e-6,0.000738535758725383,1.466535659740576e-6,-3.380334128869874e-5,-0.000688080061948628,-0.015425678334068958,7.366914224377369e-6,-5.285171044426664e-5,2.4835753314458784e-6,0.17636460406710627,-0.0199252404256636,-0.0001665345657663016,0.006220198026077224,-7.207543181282694e-5,-0.03686417189301374,0.0009520806117525951,9.248050244018282e-5,4.774076863434362e-5,0.00022341867104107884,0.16517876365012954,0.00013709950696804871,-3.5451165785462584e-5,-0.08667757077652298,0.0001218094004953524,1.6744070640661497e-6,-0.005779896550417291,-0.00524472413072685,-0.00011187890353905595,-0.0003279085672745106,-4.992988304153916e-6,-0.002139268738377964,0.01416870435022797,0.003219070119253911,-0.003899767051774924,0.002112030167146477,7.401572606599112e-7,0.01284859159348305,-9.643498587681688e-5,0.073111623924767,7.885551775476853e-5,5.40204786833466e-6,-2.774225730947316e-6,-0.006804849194342805,0.0004279191682387325,3.232410146088462e-5,-0.009733103603136941,-1.290460079932654e-6,0.0009411139626916515,-0.00020571834847147574,2.3255258305346676e-5,0.002357183216912169,-0.03119486160061673,0.0003936009769960323,1.167477055177245e-6,-2.6518403273611855e-7,-1.1441501391828458e-5,-0.0033035373070185994,0.00023403951017230828,-0.0003389095290878911,2.104092582591547e-6,-0.03766589875704729,1.552715362037809e-5,-0.0505944478721494,0.006426177924394987,-8.014570592345506e-6,-6.614329466221986e-6,7.344504642760651e-6,-0.0005867254528690604,-0.003913536718720245,0.00010060305095307928,8.200019887333352e-6,1.7177689682528795e-5,-0.0536899287869744,3.3080822731578595e-6,-7.299916554762646e-8,-0.0018579326703739825,1.6155739233185587e-6,-0.0147600160146211,7.030316263707448e-5,0.0001344543743052904,0.005489473428330583,1.5747762442022122e-5,-0.00015350936625687305,0.0003295418554351667,-3.108399533810011e-5,-0.0023396376710322726,-0.00013648952408795693,-0.00027730525641115196,0.0013860996554979567,0.00026422060646366847,-0.011977505550860123,-0.005098304821131753,0.001877084960986444,1.062560951929007e-6,-2.0156324380158374e-6,9.996238265122112e-7,5.362193650392652e-6,8.370234567339936e-5,0.21632306842269985,5.292293442694443e-6,-6.503358498426713e-6,0.03617525193484104,7.773323254655336e-6,7.632029408872951e-7,0.04716625028336436,-3.0083759157606207e-5,0.00027450418356117083,0.003495181781944598,4.988351200572948e-6,-0.0016792453719877642,0.07279397639199219,-1.04642430740279e-6,1.4206875933119456e-5,0.0034955634659298747,0.017610349333530288,4.088098725356524e-6,0.006376463264466235,-3.5296792534347264e-6,0.0001240111849385725,1.6192237942664861e-6,2.8469048461466243e-5,0.0001719531126884965,-3.047106925644531e-6,-0.003353819124709849,-0.010287330178275536,-0.04964887237673676,-2.984474739233283e-5,-0.0012295562136752196,-6.096077994195386e-7,5.6853666778659555e-8,2.310925751516934e-5,-0.008711161809494088,2.0293356963853836e-7,-0.060156791286752595,0.0010176144142357902,0.002745714561224602,-0.013242744333567494,0.00029299856779891475,-0.0011825154944420063,0.0003673883621984768,0.004466470854256346,1.2136128982688418e-5,-6.86776963045184e-7,0.00019593729285646082,0.009572290332765545,0.027537079969266853,-3.612761597884068e-5,3.597288414053023e-5,2.165149067267926e-5,-0.07940134618224597,0.012790753227712082,0.0006630528308006704,1.659916901393736e-5,-0.00037694175310128917,0.004265110071119018,0.0008606638734806648,-0.00273490482788993,2.5953860397765154e-6,-7.630637487152655e-6,1.995792650874598e-5,-0.03667183313505314,-0.04817467882943748,1.9415822355958533e-7,0.0050909459579327005,0.0001266448528804193,-0.010853466470181702,2.2058065151464117e-5,0.0046211842023685945,9.566862940215169e-7,0.00022715004767853697,-0.02460733182897162,0.009295805286248246,-2.7275854835005037e-5,1.8628326717598546e-6,0.004455871799468398,-4.4878931345117665e-5,-0.01569804708139257,8.869611949696212e-5,-9.04963839575248e-8,-0.00039676396449871083,-0.017019229634990578,-0.00018652474084948463,-9.146053726125394e-7,0.0022126717334953277,0.11981930444958327,0.005753732623898649,-0.003687125665143009,4.0085952187646974e-5,0.3378653962406194,-4.240482426282419e-6,0.00010458602806132151,-1.496145273255577e-7,-0.002899475815266733,0.0021554987987912784,0.00032031097529717676,2.3820553892801724e-5,0.0007666252225602455,-0.009279509522698149,2.800230485198167e-7,-0.012488924897926171,5.831708927981649e-9,-0.00087065403089972,-9.072247853193221e-6,-0.03448519682157423,-0.00023204961784533228,1.986810644558263e-6,-0.00015230825145895658,-1.953851342471336e-6,-0.00037000777653885324,8.667869233773415e-6,3.8503562651998604e-7,-1.435803708961264e-6,-0.002326366814664077,0.0006574804823001437,-0.011784645678085728,-0.04462435443924944,-2.571105673689071e-6,-0.005080475309477324,-0.0007858201714046182,0.0007327595519047026,-0.05138139772321346,0.20598156336657905,1.053237276369292e-5,-8.266775024047468e-5,-0.05633925443891507,-7.61347956248881e-5,8.605429575427077e-6,-0.0001877653969375226,3.924850076828972e-6,2.640306628709473e-6,3.085886094954847e-6,1.2461949580221967e-5,2.08894064173313e-5,2.7175924999054343e-7,0.0015434418594017865,-0.037614821067729357,3.1611663916694244e-5,0.06281921514530862,1.4698548672267465e-6,-2.6882626722469356e-7,9.265671768723153e-8,-9.702138597676262e-7,2.8860545545335715e-7,-0.0001417885549752435,-0.0002491325811140725,-0.00012031223910353607,-0.011690810412404492,-0.00012242862966112112,-2.802599382621764e-6,0.00021361036529704935,5.28723530724686e-6,0.0006837746469284036,-0.009541628126361742,0.19356185120659017,-6.784041978056694e-6,-0.018805646448439486,-0.00023273283457441466,0.00013686836025506754,8.79113154645763e-7,-3.192079569585502e-6,-6.87113569610166e-5,-0.0001349905894595817,-1.7115870244021005e-5,-0.0019241929865986373,1.307277920245039e-5,-2.021242770804268e-6,6.457490967987301e-5,-0.014302453063006457,0.00011137637774480761,3.093192808750395e-5,-7.6079167977306086e-6,3.872581000951631e-6,-0.016237864418923616,1.3561931831499913e-6,-0.0743394414844236,-3.8462810300379005e-9,0.00032381021802821067,6.046266277300607e-6,-6.0071499655393884e-5,-8.168296923440089e-5,1.932570053268479e-5,1.127268558016478e-5,-0.0014063268257016445,0.004272363183329635,0.0005274559346572441,-0.0010377502820644112,-3.981316750887417e-6,1.128766240249382e-5,0.0003712271479611551,8.438634379234559e-6,-0.00012882389464916757,-0.0010911843307892487,1.7227432008927493e-6,2.8152803486863612e-5,0.1096184071404737,-2.8313184003641704e-5,3.965041914474424e-7,-1.0976640375814667e-6,4.659408304317159e-6,-5.106021437876439e-5,-9.942594724623359e-7,1.5992853658071157e-6,-6.793048650815516e-7,3.96175468277022e-5,1.2357546711109645e-5,-0.0764298156874103,0.0028689543151655945,9.216162884705386e-8,2.114541359012028e-6,-1.641851296285949e-7,-0.04081229959611589,-5.651739497400953e-6,5.116699749041109e-6,-0.009003035162757418,0.017111317271513705,1.2874448585985392e-5,0.0007836546412028128,-0.0012471489579553624,-1.7427636033581317e-5,7.508488079160457e-5,0.27469838313993405,-0.00813862219275272,0.01711178941436994,-0.0011577665194800895,0.0013621901284340378,0.0004056462679988793,1.0134935366391956e-6,7.576330146040473e-5,-9.423830101213545e-5,0.01187951934453368,2.8241938364416148e-5,0.006324432150738734,-0.0790243675064827,-7.156027438471964e-5,-0.0006791115118204543,-0.030975554213327174,-0.008294403673821693,0.012649015278948085,1.0798705879621546e-6,0.060191146135752445,-0.008186143194200683,0.000174112914997468,5.304770663419186e-6,-0.013121137790145019,3.775796957912514e-6,1.2115815191553861e-5,0.0004460701246726651,-0.0001089152228260669,0.0001282869376411272,-0.04998388742285086,1.0478308863207464e-5,-5.472247106898232e-5,-0.008355093662271837,-0.001070272087007851,0.008260637609037183,-6.574223732125948e-6,0.00017773623137900505,-0.004634312336094254,0.009137624753923754,3.0506872105828325e-5,5.526646933075087e-6,-0.003759435508695703,5.471170962161919e-6,0.0026972249964158424,-0.03591421322822941,-0.00010199737641754673,-0.011116051041391862,-0.0002469838961530214,-0.01876793786934259,-5.453761707785746e-5,-0.00020722566246273816,-0.0001742379064007834,0.00025830442329272715,-0.01839750521366397,0.0020318243389264297,-6.988130393710362e-5,0.000137951092172569,2.456270026984741e-6,0.0014691200542773506,0.009158554828182737,0.00421272013480959,-0.00016423953113025574,5.459602046997029e-5,-0.004804435164563303,0.0001480243423867505,0.0037333678032549205,3.4267266762152835e-6,1.422981035451249e-6,3.348473729244957e-6,7.929022677750443e-6,-5.618397914953298e-5,-1.8079283792276833e-6,0.018650517338070202,0.0032822707938961037,-0.023640050126240705,-1.369539688184439e-6,0.0006831038358423168,-0.02319544553034898,0.0001003389300360329,1.0902783191476986e-6,4.4221324145413776e-7,7.946085646392009e-5,2.9313744918342253e-5,0.00392429446928629,0.00038063464532721574,-0.043872621447600076,-0.026098340389733955,-0.03705000095285359,-0.0011117498293106048,-0.014428456465941118,-0.00027512116069534144,0.0009155157204009033,0.004919318918781829,-0.004239142841453628,0.00036908630472743027,6.387380878474305e-7,-4.8781022506061494e-5,-6.398362120601248e-6,3.4402481886651324e-5,-0.018330576347431893,4.6015725693785145e-6,0.001129255401134958,0.2226139174409103,0.13971462042632873,-0.017674305347707076,-0.09702283020689399,9.186885113760756e-7,-0.01190124610703847,1.0627217444023257e-5,-1.2271044028378991e-6,0.0006642493103450962,-0.03604625294572788,-0.00038583453604781914,0.0005241903951229941,2.3043592947016766e-5,-1.209662779830412e-5,-8.292241925854814e-7,3.6610432077398014e-6,1.3814760720771315e-6,0.004178136902156306,-0.0003535616755135142,-0.0008303167528045382,0.0002951439923229083,-0.0008318898911542328,-1.4191645198692063e-7,-0.00012427329893446466,-0.0001820914381762935,0.0004373731638571578,-1.5404167883048838e-6,-0.02001473296154207,0.002493062230625391,-0.005336249347882295,-0.00010698772511642522,0.003157003679423253,-0.0010931348179821956,-0.020607065689380814,3.0786127228613633e-6,-3.6514692637663028e-6,-4.3450132896107075e-5,5.3286579625060985e-5,0.00015366321786017997,-0.00017590520925670654,-8.267885145522837e-6,-3.803017177406871e-5,0.093391801534857,0.0004441917818066959,-0.00014441295006844407,0.0029415397905765855,0.0011100939712609293,0.00011028156828866212,8.019388783850875e-7,-7.994722253583412e-7,0.08243275888611157,0.00017853547469889785,-9.14909395829926e-6,-0.005896589081665765,-0.00015410751210922943,-0.0016890953807530181,0.002321137174926308,-1.2779369762957465e-5,0.02723369241695094,-3.882195321910012e-7,-3.005378863426668e-5,-6.1687585028195e-6,4.234123318251366e-7,-0.003553861781442631,7.849563558921584e-6,0.0003350298384819095,-1.5966056207672644e-6,-1.0382265930378214e-5,0.0022759844422639047,-1.0077169252511658e-5,0.0001369379491616273,-0.004135877183679593,-0.05871577126083848,-1.4882993792948732e-5,-0.020854580244476208,2.089477452515313e-5,1.0095192261770419e-5,0.008248081356114637,0.001939184847208959,-0.0699771032480303,2.772424012584263e-7,-0.0036637207604582464,-0.0022805934021565455,-0.01209949415064099,-0.000925129611643849,-0.0055644823210032595,0.0002423315905681529,-1.8832361455290226e-6,-0.00010565482173605502,-0.0041177995170244095,0.23884472842217624,0.3082613615348542,-0.0635931548993469,-6.763312466764903e-5,0.0006333522590852816,-0.03608430627033874,-1.638803383446304e-7,-1.2341603057903633e-5,0.0005705000974950509,1.1809129325217574e-6,-0.022351167260472954,-9.952257967014476e-5,-9.797400808852606e-6,-0.00047456810931309365,0.0011397522974749188,-0.00014737871040572276,1.7004761328125802e-6,0.0003515511378292872,0.009587201959311942,-1.8611727461924258e-5,-0.015328622668379725,-0.0010959682742858825,-8.482331945581175e-5,2.5858191166804546e-5,-0.002664447601593512,0.0003919778760486289,0.0005251925663838092,8.488019074838009e-5,-2.424727801665965e-6,3.1906800985564014e-6,-0.016676391933593316,0.0006802614165536833,2.040328716148355e-6,2.314471132034423e-6,0.16019723155568896,0.09432179675438057,1.4118396478651885e-5,-7.661882771398101e-7,2.2586635759257915e-6,0.00015302687359787157,-2.4646691891612946e-5,-0.005952767128057224,-8.906215657199393e-5,-0.0002564794385371147,2.7622867345286554e-6,0.0023824055016586085,-9.44952585768745e-6,3.2433619410331224e-6,0.0009237280260713288,-0.0001598510981664875,0.011735800121187362,-4.351939410613644e-6,-2.0675278589788077e-6,-5.286004304955932e-6,1.860961586347292e-5,-0.00025650642767905703,-0.0035464902993269536,0.0008739877741610199,1.7001677273478078e-6,-0.05195957152983297,0.0026473091553448173,-0.0017783650899059764,4.380574461088051e-5,0.0043544432504126415,1.90769109733724e-6,0.006342847710802302,0.06877716950879656,0.06357458019452296,-0.00019730827724735917,0.2418604594814533,-8.689035360117925e-7,0.0001962053828784868,0.30493607522593974,0.00027520316691518926,0.0002915073586728877,-9.560806981880472e-8,9.996451252042891e-5,1.0374818765671853e-7,6.572922937618503e-7,1.165005488776909e-7,-4.053002290538103e-5,0.002113879505076147,-0.014418461369195017,0.12295588012003203,2.4999549070256573e-6,0.004681202915031082,0.00016432105591429155,-0.002574465162750927,-0.0001025122010406353,0.00017549421819311752,0.22535688014349592,0.0016050469256300198,-0.00015391950741311573,0.0004147078487198997,5.231524843284673e-5,2.6873903817495714e-5,2.227591066497087e-5,0.0011505215962946515,-0.017530829322186636,0.006116863243705751,-0.016888184004860633,1.5330800326284036e-5,-0.021614149348439755,0.008975757800730282,-0.000700226044845811,-3.8119667208642392e-6,1.2988484253765073e-5,-8.002651615875427e-5,-0.00011703349775094031,0.00020731801253438305,0.0003865226113587772,3.076799492259661e-5,-9.537273529927045e-5,2.972700392665254e-6,0.00991141666040246,-5.772844026248571e-6
0.0,0.0,0.0,0.0,0.0,0.0,0.0,0.0,0.0,0.0,0.0,0.0,0.0,0.0,0.0,0.0,0.0,0.0,0.0,0.0,0.0,0.0,0.0,0.0,0.0,0.0,0.0,0.0,0.0,0.0,0.0,0.0,0.0,0.0,0.0,0.0,0.0,0.0,0.0,0.0,0.0,0.0,0.0,0.0,0.0,0.0,0.0,0.0,0.0,0.0,0.0,0.0,0.0,0.0,0.0,0.0,0.0,0.0,0.0,0.0,0.0,0.0,0.0,0.0,0.0,0.0,0.0,0.0,0.0,0.0,0.0,0.0,0.0,0.0,0.0,0.0,0.0,0.0,0.0,0.0,0.0,0.0,0.0,0.402692467360818,0.0003739663026964761,-6.157275192565348e-5,0.0006458193826729299,0.007634779622633325,-6.671169589568263e-6,0.0004754507655246027,-0.004220833191025202,-2.291220410583532e-5,-0.0011032980821319815,0.013690788931695334,-0.057024831470189566,0.0006469200214940322,0.01923051782623001,0.0005605517249731113,-1.6773766272661453e-5,5.129969072477345e-7,-0.00021205772961658013,-8.307289068791474e-7,-2.8362443234875493e-5,1.5941951573495947e-7,3.17352558055812e-5,0.0018866858204990222,-0.00011109325255061393,1.8402788692642701e-6,-3.464143003555625e-6,-0.022550418796281165,-0.0027975806568514036,-2.7099402265020003e-5,2.068243860562485e-6,0.0001631465167910083,-0.03633294856817685,-0.010349013486441567,-2.7013187803815353e-5,6.577424958188502e-7,-4.8638923659079205e-6,0.22211507676731318,-8.046971821416745e-5,-3.102709473642391e-5,-0.009100118623420828,-1.2196544402917047e-6,0.00023858588117791363,0.03398579795488075,0.13652563679120674,0.002290611191262717,-0.024155693837333916,-4.0402965438295996e-5,-8.092212778265914e-8,0.00011768798164854365,-0.036839074732311586,3.968035689217583e-6,0.00015057249260027792,0.02915085955738785,0.0010192309610661439,0.16614684509717967,0.013362751795916703,-0.0008975731333314661,0.0219631497849485,-0.0018401249287498212,-1.6338261802445044e-5,-0.0036617594536104852,0.0003206294409312692,0.07159613966541171,0.00011175607932512335,5.274976037570673e-7,1.0686609473557233e-6,-3.5297007875428438e-6,0.05677163452404555,-7.64424701464265e-5,0.01349128367361794,-0.017782215943544812,0.0001950419865024828,-0.002259946172258709,-0.04242640168238421,0.002379771601427377,-8.939740048172656e-5,-3.4295115123593425e-6,-0.00020615421427206855,-1.992809164145323e-7,3.780216365995413e-5,-1.7267963957638022e-5,6.837506147820334e-5,0.003386912772509611,0.0014887447429968537,-0.047090848395718275,-2.3667228469225034e-6,-2.732500687710374e-7,-0.0015538281315344172,4.517683299531644e-7,4.890125454013718e-5,7.568269359893045e-7,4.271625429506978e-6,0.014937134295526261,-0.001222846591177227,-1.3082311998964493e-5,0.0003434009600505491,1.4887630277102224e-6,-2.4383045936992373e-5,0.15800382348608585,0.006986466671886311,0.0019775563476037835,-3.18665573186357e-5,0.006169889007597375,-0.011095692599543685,-3.1206213898966274e-5,6.581808373342929e-5,3.06791416257912e-6,0.018549910390824976,-0.00048127029618299,-1.9348587830131e-5,0.14300193030597563,-0.0006040036180189088,1.8878995676912678e-9,-0.0022223921533085834,0.05425083910971336,0.0010855993324756245,8.273513117015462e-6,-1.6949454120120893e-6,0.015249178562688481,0.012786025197890252,0.0014712858337009916,-8.293157477290525e-5,0.0010224289732568758,2.72213083001793e-7,-0.04980178738335619,0.000389376241463601,-0.01142796639591915,-5.0751615839450145e-6,-4.615125420938929e-5,-2.100079909094712e-6,0.0022255672869964474,0.0005032158364346129,0.00019860476437133856,-0.004479204420118738,9.407220145185218e-5,0.007483233060582873,-2.6705220623621744e-5,5.208748638518991e-6,0.0012208235302247686,-0.0332886171107844,-0.00019488213366748337,-1.4999879055760956e-8,-3.991018246027366e-8,6.383693062401032e-5,-0.002689674095725874,4.0207423952702056e-5,5.767623909024298e-7,1.0360734634986116e-6,0.00020398638134639925,2.2914942280092816e-6,0.1750991833131675,-0.002348398791497109,-1.294273495457586e-6,-1.2594287252942283e-5,-3.094242923692272e-5,9.664846078658871e-5,-0.0004059530703171019,0.0021566090412772783,-2.719915465006971e-7,0.00027071025172852405,0.0010397802594050278,1.143370794223146e-5,1.184214997419446e-8,0.007474050386732583,3.696128669357577e-7,-0.0635163474078199,3.585054980416597e-5,0.0006912297716765304,0.007484879839376728,3.3897378032817426e-7,4.9374814183756404e-5,-0.0008372034255920076,-1.0720690784746814e-6,-0.004483512988650675,0.023473538527670115,-6.785743022218222e-5,-0.0003242187304464662,-0.0008040367419989684,0.00511025766451836,0.00019310003229167474,-0.0012806789095696687,1.3107534269319561e-8,4.164491254828154e-5,5.843676127653323e-7,-1.8841890584851646e-6,1.9458987529362037e-7,0.006240587600060159,-0.005898467280235255,-9.058837946123364e-5,-0.02160663392673023,6.431229861009546e-7,-3.0800078069324287e-7,-0.017494627627108864,-3.326952453946624e-5,6.265544078842609e-5,-0.010204213677297189,3.180628622390804e-6,0.000736631360876857,0.015206536417057463,1.1623867342674267e-5,-6.907086790924798e-5,0.010441655635568975,-0.0003174483077684209,-2.284654587693115e-6,-0.025801224165162093,4.1966270503791495e-7,-0.0021009059863529656,0.00020121346541700227,-4.105848574099683e-5,-8.533036959364757e-6,-1.8116966565047631e-6,0.019033043295863205,0.006680830010430542,0.19665473914982265,0.00016820057873982928,0.0027836674305335533,-1.8422845060005645e-7,-7.160701064051746e-7,0.00011801782604527735,-0.0017808034181119817,8.267822386741952e-8,0.054875312363695965,-0.04981937014658879,0.020650632518995318,-0.003988300122201491,8.714878886105864e-5,-0.00021957842395358034,9.286800943381177e-5,-0.03583710737191865,-3.245170449452331e-6,1.4370965982977832e-7,0.00048360314411817257,0.002485909308096107,-0.01012265059171031,2.47488283346412e-6,-0.0002502662019470278,3.3253925602970824e-5,0.019465117373901022,0.001151904928355262,0.034265002269730886,-2.3336972730870473e-5,-0.0012529034970991703,-0.010137559391532611,5.646043123053227e-5,0.01018404174746146,1.4451633196169476e-6,1.6421201317124362e-5,-2.3251229440550933e-6,0.05742665336521392,7.969218468045991e-5,7.347436854527113e-8,-0.01930092933152124,-0.0003368754739091121,0.006065456408953126,1.0279415784371714e-5,-0.0075841050307628825,7.883352809006042e-7,-6.228678983234236e-5,-0.0007565072429919067,0.0016227943391055985,-6.617807689462021e-6,1.3372179069231355e-6,-0.0018831834565435858,9.419410743350847e-5,0.16457088658994617,0.0001027366276452814,-2.668362707845008e-7,-0.013000820468126844,-0.0015939235084866182,-4.22698837048023e-6,-5.998560203271661e-7,-0.0005638843438732785,0.01429398197393994,-0.028150475958949095,-0.00012171176781802975,3.709437110448085e-5,-0.013131715656543105,-1.4136641628832001e-6,-2.3560486299780877e-6,2.6908868849045937e-6,0.014950760481818325,0.02373660494651768,-0.001159239445543089,-0.0003661616263139319,5.9181767618227115e-5,-0.0014402820078504557,4.048140448205655e-7,0.011287320040434085,6.864604729162639e-7,-0.0015965099257512177,-1.8431480355316784e-6,-0.004341524665006462,-4.752730174588619e-5,-4.018050747647997e-6,-9.170263967549759e-6,-2.2344461954158953e-7,-0.0001797122917624333,-2.8264047379632894e-5,2.1481468173020854e-7,-1.803819618339635e-7,0.0022346589096511214,0.008344231302709185,-0.0005803556857700284,0.011409272356979914,3.0722764386448745e-5,0.000637818936117617,-2.8955217096167025e-5,-4.975402407284108e-5,0.22567417903266043,-0.009762345916481955,-1.0800746815710462e-5,0.00030956377886348803,-0.008314942039231686,0.00023836557003128702,-1.7441351322802465e-5,-2.8889348340650183e-5,-2.069303615243391e-6,6.16715279480156e-7,-8.985395288800486e-6,1.2927924923515736e-5,-3.966877699603589e-5,3.963646199168472e-8,0.019757577247897163,0.004143222452445187,9.641408230174287e-5,0.0031016413767347498,8.872362198734408e-9,1.9578415517050992e-8,4.390427547139063e-8,-1.6222587566982924e-7,5.591393242450609e-8,0.0011349534527328917,9.420968390569861e-5,-3.71478684738138e-5,0.07893124123415801,-1.5893725693793606e-5,-1.2821070737472359e-6,0.00041594591558867874,-3.286206899071544e-5,-0.00023848352820344645,0.0693055796049344,-0.019227525253691726,-3.610504697645219e-6,-0.029585040322142722,-3.2720958661087646e-5,-0.0007855659829607506,1.8269618764582456e-7,-2.4645288716822056e-7,-2.745997879759592e-5,0.0005003375980908265,4.4439014676420575e-7,0.03781457695472241,2.755119059536229e-5,-1.352797477776305e-7,0.00020116607366531857,-0.06851680419178434,9.342437930591623e-5,-5.44181021396651e-6,-2.7871637171289868e-6,6.817185102189293e-7,-0.004929453443577556,2.938529165065575e-7,0.06769531796450341,7.153205304027128e-8,0.005966820880790859,-1.0746715680265955e-7,-7.157571013565802e-6,-3.533576809677655e-6,-8.316836763808056e-5,1.1375653036064847e-5,0.006135074026620108,-0.025279924561265203,4.1127078360459066e-5,-0.018473910524727966,1.181776393219468e-6,-0.00011295502217967718,-7.540419717860951e-5,2.143806802222403e-6,-2.2953972598279677e-5,0.0027517141393015245,-1.1010249360021369e-7,8.431907120332106e-5,-0.017031225013495063,0.001132723545808397,7.125213285501376e-7,-1.7783911821793042e-7,3.735947847179053e-8,0.0006036222891528468,2.925600989686609e-8,8.269750121857717e-7,1.4390063803734367e-6,-1.623524987955104e-5,-0.00010486183389526648,0.08786595515144081,-0.01287002501098189,1.6906200218642697e-6,1.1458796911135939e-8,-3.1227741295737563e-7,0.10970486267293914,1.8430850364459371e-6,1.9228221415777368e-5,0.03249771164764808,0.002080083579736848,-2.0383767946047507e-6,-0.0008401468163902826,0.027502111065249576,2.7826343994812322e-6,3.6131347167289064e-7,0.029723107122108176,-0.019371967515334352,0.002606187596831409,-5.5383617439584966e-6,0.0033967501165370973,-0.0024931884252915953,3.7855623648879675e-7,-4.818527914435669e-6,0.0006206985000653874,0.0010788146403376364,2.0886965831963084e-6,0.0005954039452623313,0.3234433425662844,0.0009543974263013541,-0.0004418169018343444,0.22614800695217693,0.12050229618290345,0.004655259334173215,9.056612792240984e-8,-0.004782015498057794,-0.0004668177458505914,-0.0008970933156745997,-2.367161086325039e-5,-0.0017561735224105712,8.882296860786001e-7,-5.956887497320774e-5,-0.0011961084753151217,-0.0008438544923942769,0.02860517261664005,0.03076490250189606,6.769928953372353e-7,-3.031717730776292e-5,0.0120618016154579,0.00044442797905910837,-0.01853024938415687,-0.000649133140072826,0.00018667246804816457,0.026398029761656325,-0.00011465562624192169,3.565090407990741e-5,-0.0012980265537167969,3.7610171804493744e-6,3.059067622926188e-7,0.0012847013793980489,-0.010664733119489938,-0.0011119260279843781,0.045003647498305197,-0.0022276825154675037,0.0008466306225237854,8.769229793214995e-5,-0.00014482725868839602,-0.00013016544668105484,0.00013054853894254424,-0.0013900571527071255,0.0041058920090381755,0.00010077644217219744,-0.003136534562181611,6.658881828133766e-7,-0.0011805517868887733,0.0011071402991892924,-0.0013422534555001101,0.0007210701980229852,0.0002864002031572907,0.0003585278222018433,-0.00035647631998302146,-0.0030322361754050405,-1.2474585639167455e-6,2.153544958972803e-5,5.711986197808176e-6,-1.91218487628085e-6,0.00023002845784076198,-2.870393865646651e-7,0.0008960165907807211,-0.02045630581312662,-0.06984284657488905,-1.7414519344126905e-7,0.00020013135693369496,-0.007186230891111887,0.00025821478583644354,8.668132864410322e-7,-2.5810796748237276e-6,0.0003617686481784715,1.4015228853739906e-5,-0.028041056994220537,0.00015924368182783014,-0.0012731643617788111,0.0010765486967558822,0.32568136165265515,0.00355629400894703,-0.03860753924133682,2.4937052766919725e-5,0.0006557635366507642,-0.02325640636406828,0.020200982212610054,-0.0028613512663242142,1.4453792122458478e-7,-3.269397854978193e-6,-1.9077385083514982e-5,-8.046333403066244e-5,-0.015161454098666295,-2.490356690178972e-5,-0.004534493402859597,0.0014346480963553124,0.015645890242897583,0.13198251093574156,0.23525403102168865,-6.48714632975299e-7,0.004759575046698268,-4.446713053774098e-5,-3.1246897481993536e-8,-0.00425396990653139,-0.007997391328439615,7.650288484183332e-5,0.00014336350922221493,-4.715027919006587e-5,-2.153318705559682e-5,-6.356556359457972e-8,4.421717393761471e-7,3.175995571600091e-7,-0.011028339341751944,0.0011358272524509378,0.0011289888653811036,3.4513394708732834e-5,0.0004265529649180271,-2.0133845348090115e-10,2.0431975850051917e-5,-3.0344078647852973e-5,0.012459707455857848,-3.43693335943909e-8,-0.07121202557741027,0.0022016168256588824,-0.0008630175339723532,-2.927923882356301e-5,-0.07142099582208701,0.0016910889195009228,-0.0041163064210443506,1.3310090842426402e-6,-3.133192658972171e-5,-1.9340665340688015e-5,-0.002082676990130897,-4.659847907065719e-6,0.0028932537362748338,-2.983443914742832e-5,3.0938735704370167e-6,-0.0020107496637004982,8.633999557993032e-5,-3.0070715929000293e-5,0.00014974002376929189,-0.0020363264969475653,0.0009716569422397166,-1.0676083962104467e-7,1.4475005958909919e-6,0.012748155263977564,0.00010892894159174596,-3.6770923110615205e-6,0.0038471818630188767,-8.51922184006527e-5,0.029405897380988467,-0.0009228586756628781,0.00048266877041070567,0.005999264815596405,2.726519762624455e-8,0.00011749943802085111,1.585987166487311e-7,2.2760668541300655e-8,-0.001705945339827298,-1.32133064763892e-6,0.0007679127682827426,-8.003474330367547e-7,-1.0339646565561513e-6,0.005390792989842651,0.00018269952059926474,5.41404822417679e-5,0.015697152191145862,0.06344595140283996,-6.967563080220376e-7,0.011810167381751053,1.714857928566851e-6,-1.4247208748853257e-5,-0.0018078791985302169,-0.035172522824521824,0.2585329385474602,-4.007786576447652e-6,-0.0008432613331042503,0.008473860345040763,0.03500156808005839,2.3546522710549964e-6,0.0002847362212241476,0.005351217134706112,9.5419111182698e-7,-1.1560769237682268e-5,0.033523475701381235,-0.030384984381495603,0.017683235618550872,0.20036875852527514,0.0002082191970442264,9.419517553576477e-5,0.0031992304027142287,-1.8717414396836247e-8,-4.675980837120984e-6,1.6573029239078805e-5,1.2727548577580786e-6,0.07952837463230726,0.0009000679929513634,0.0001130795592677328,5.289043287594574e-5,0.0009181391894733871,-3.66110771403238e-5,4.686921523975441e-7,-0.0007060633145047091,2.7221263915357744e-5,0.0001050015470539918,0.06788454313828197,0.0351857618293768,-0.0013980440722311327,3.2605699484008677e-6,0.02087622986784395,0.00010329274294989574,4.584760479379064e-5,2.4100081574958985e-7,2.4945713945372784e-5,-1.733915066486791e-6,-0.006216193482473601,3.731380979322203e-5,1.484245212707177e-6,9.813566366009376e-7,0.021064333985541275,-0.025390398785668265,-5.456896966381869e-5,2.0817238622057115e-5,-1.0472357001754458e-5,-9.010239759249664e-5,3.580580392158952e-5,-3.425720586189531e-5,-1.2266387006872818e-5,-2.7937323378653276e-5,8.52752895373891e-7,-0.0012309010110360455,-6.228086282740782e-7,-5.494049598031068e-6,0.0005064851123659141,-3.9913866213404175e-5,-0.0006098446195654384,-1.0078143686476299e-6,-6.229753237648037e-7,-2.2987003596059176e-6,-2.9680998620538255e-5,8.5020218023341e-5,0.028431868053245192,7.920216124620904e-5,3.955331150859248e-7,-0.036279774060170925,0.009591114483026941,0.0003806311910247894,0.0001325728802076359,0.002045933383244318,8.61061325016038e-6,-0.03044255984594936,-0.025345416624989632,0.02069182218601289,-2.9037060027367066e-5,-0.010701115651114833,-2.2875778832256422e-7,-0.0007295760384560644,0.012598320731101407,4.630498326180224e-5,-0.020063684638781623,5.089156137778351e-7,-0.0008232292557132128,-1.2133329405566924e-6,3.1938026584986287e-6,4.9418222509605346e-8,-0.0022588936384373825,-0.04230052216549292,0.008835357010443481,0.01313061402849176,4.631050607897916e-7,0.0018484691103093974,-0.0006458106366698594,-0.0014876186999960826,-4.969090531601059e-5,0.0007070831473556174,-0.03539955430198084,-0.006662262051169371,0.00011087361062010843,0.00018590616775333255,-0.00011083998219727013,-3.814964926949232e-5,1.767908471742476e-7,0.00045519766748037453,0.010260903624319126,-0.019401116047035205,-0.004650103175783068,-3.163005703653523e-6,-0.0064253106014133515,-0.04432840365692697,-0.02515904299572603,-4.571177368676611e-9,6.254173525838665e-7,-0.0002131608034061321,-0.00018319289564280408,-3.279465631463889e-5,3.557081700358625e-5,0.0006879097741194749,0.000635424826910805,8.344343937329086e-7,0.001824124794296505,-1.4766766766890372e-5
0.0,0.0,0.0,0.0,0.0,0.0,0.0,0.0,0.0,0.0,0.0,0.0,0.0,0.0,0.0,0.0,0.0,0.0,0.0,0.0,0.0,0.0,0.0,0.0,0.0,0.0,0.0,0.0,0.0,0.0,0.0,0.0,0.0,0.0,0.0,0.0,0.0,0.0,0.0,0.0,0.0,0.0,0.0,0.0,0.0,0.0,0.0,0.0,0.0,0.0,0.0,0.0,0.0,0.0,0.0,0.0,0.0,0.0,0.0,0.0,0.0,0.0,0.0,0.0,0.0,0.0,0.0,0.0,0.0,0.0,0.0,0.0,0.0,0.0,0.0,0.0,0.0,0.0,0.0,0.0,0.0,0.0,0.0,0.0,0.39976449558589455,-0.03231245509069591,7.080858533896807e-7,-3.7937870006763578e-6,0.016542618271229822,1.9297935618769798e-6,-7.139269999942488e-6,0.007959437540338246,-0.05151196409344652,2.550987528886934e-5,-0.00010301341869219964,0.004304873762050663,-2.1846959043887695e-5,-5.912505481072847e-7,0.01198006608190546,0.0007562724304871453,-0.0977898094650157,0.0005491237246502662,-2.3668384549150352e-7,0.00037109563107564015,-0.017110820396280643,0.12198145442082596,0.0067723453384185015,-0.0009009413148345855,-0.002303951074026909,-0.000801011956046435,-8.607023618691391e-6,1.04313618364378e-7,-2.37156993871644e-6,0.17346286851387258,-0.00013733589328308177,0.003539783691665226,-8.27515921834321e-8,-0.000887556827137706,-0.0032791246120026257,0.0005636143605027098,-0.05539620085239776,6.238219179318771e-8,-0.0023836402361291187,0.0007372148524246295,2.433073770205871e-7,3.5421035863593766e-6,0.00019439163006066562,-0.006122443996231874,-8.46616905016816e-5,0.032527184705826016,0.00015275330217246632,-7.301047297245097e-7,-0.0021890074209418736,-0.0032619919642247093,-2.614617832940876e-8,0.0005696467871532431,4.142022813208731e-6,-8.873037823273299e-5,0.008587299634934459,-0.029003215368931717,6.064829952255872e-5,7.763161100944835e-7,-0.032801971551465234,-5.230540852969492e-6,-0.005742892460148395,0.0004882344296439203,-0.03032488138243546,0.0002224474915182326,0.0006479336748393653,0.00044220127433622326,0.000668608474113838,-4.227759855232004e-8,3.0220803206544194e-6,6.283907101301501e-7,0.18719291290868006,-0.03952814974519062,0.0001170143374862764,0.004292262221190232,0.008345823838910346,-0.0026431178543895695,1.0450060757652624e-6,-0.00018996180856919342,2.5712781604313876e-8,3.4004817771150584e-8,-0.004954174524654235,-0.005800063156261391,-1.3829545248008664e-6,5.248813138695086e-5,0.001736267336342626,-7.133482108579913e-5,-1.7845142145802122e-6,0.0003291364603172837,0.13771567094228307,-0.0033662082331067833,0.0028253366720300626,-9.149956393633207e-6,-0.005683972937992757,-1.0003669628271879e-7,3.8967061198266877e-7,0.00040916785338607155,0.0008680006892020605,-0.0001687344412951088,-1.1098388001958597e-5,0.01537750252474578,0.002204237303837832,0.005127348988041933,6.887786316176647e-5,-0.05888215694769792,-6.993157796897439e-7,0.009651628968232441,-0.0001549811712250454,8.689016877989799e-7,0.018683411412183895,0.00020690464958900026,-6.887273830242838e-7,-0.00028024122111720005,-0.043111406397545425,-0.00013909904554694697,2.002325865978481e-6,0.009121980687160207,0.0013298421519102504,3.955898651588176e-5,0.0007873441601061621,0.006521028387191938,-0.004342681622808242,0.0031978686514683927,0.00012515732671985295,1.222442249926246e-5,6.745826228830338e-7,0.0006798667988099684,0.0006861296118049274,-3.3239585436614616e-8,-0.0029887326500554296,0.0009065894434221736,0.20666766025897312,-1.6760212141310793e-7,0.005259193172960441,6.810493422593593e-7,-9.953868398356016e-6,0.000127724874224289,0.011382930543256408,0.17335115236810933,-0.0001943405758105274,1.4174127617461884e-6,-0.00013070602828571607,-6.614117302717031e-5,3.008515651540108e-8,1.1762545409441845e-5,-0.020734161810466185,-2.509922953300951e-7,0.0009369342932490556,0.0018378605023289757,-0.0013652033457817016,0.0003549011564992398,0.008618241386357417,-0.0015095692228162514,-5.642704521233289e-9,-1.5049453791219028e-8,0.00388570978768144,-0.022023613122611623,-1.4777925018622026e-5,-3.815772799565387e-5,-1.5264279725883986e-9,-0.0035527851337301916,-5.3510949132079286e-8,4.827998205853711e-5,3.638246229801486e-6,0.00030201144853884786,-8.760901104752054e-5,-0.015548110910880436,-8.885361121854379e-7,6.186193967397425e-6,-1.234814943807094e-7,0.034055910149158534,-1.2023857452114766e-6,0.0018049278134913715,-8.832597703633289e-6,1.885356953120911e-5,-0.0798323371267939,-0.012079527277426966,2.0140662935777835e-6,0.0002745861348178136,-0.028506994760346866,-0.02329365913427387,-0.0003100563229223467,2.532606676478953e-8,0.0006499666774253713,0.001132334837397764,-0.004284774889866552,0.000548383788187782,-9.789949618623315e-6,-9.10875968751679e-9,-0.0024649005125313107,3.79789202947974e-5,-0.0001765858408848737,-4.5386822159740694e-5,1.2940706949742587e-7,0.032632079245205545,-0.0020955274734805653,-0.002412832095759492,0.10430061190650908,0.000458685498809157,-8.64818096646847e-5,1.2654786991157533e-7,6.927708334464535e-5,0.007166912424866302,-0.0021977617647613384,-1.9868186528848323e-6,7.412546941850305e-5,-3.54952999886557e-6,0.18076645862346855,-1.1578606215895984e-7,-0.000891989558813786,-0.001435587401456319,1.2334483978829689e-5,0.008393916997996749,0.00010285903218174217,2.1145687852187917e-7,5.128632087286667e-6,-9.43885795968874e-5,2.8986579502635734e-9,-3.1081054826250315e-8,-0.018895073709557945,-2.3329965371375907e-5,-0.0005983261478863316,-0.00023163298079168724,-3.268813242689958e-6,-0.0013300227814336814,-0.010320925547966056,0.00024414757679064964,3.978587548125148e-6,-0.00013207434884679,-2.2790951485120976e-7,0.00018306687232856597,2.077476353506636e-6,0.016539877816366583,0.00030157588393226,-0.0013346877909414646,-0.04363981479537684,3.07318862067256e-8,-0.00044160507229977063,0.00429642697264789,1.6854272677631005e-5,0.015238815852180905,1.8244415302597292e-6,-0.0012178767822680658,-0.016840280430305412,8.822978511723664e-6,0.00040707636676373134,8.655665107592641e-8,0.0020543738663255044,0.00012850915482650336,-0.002991496824027717,0.00011856005636412442,3.420676184139388e-5,1.652341637991577e-6,0.014428860361176736,0.006712130524185115,-8.58731469054781e-6,0.0005409614364659258,-0.041851108834290184,0.0008601723573318832,-0.0028990047119693304,2.67486876444659e-7,-0.0013757827832932632,-0.059253014035204644,1.9124884973044342e-7,-0.0002540508839381338,0.05855411475713395,0.00014890900444898805,2.6104449742236683e-6,-0.024780868984085054,-0.0014103305319466846,-0.0001340032030622622,-0.02968722728953358,0.0009499989239041188,6.26900853718386e-5,-0.01955724081396919,-0.02089191962944877,-0.0009588121515250381,-0.0009954310189501205,-0.0023035060673954316,0.0003373135146174298,2.2963756978464446e-5,-6.75275214813193e-5,-1.4323014030263395e-6,5.817120755858368e-7,0.1828635847732422,-0.053265227462216555,0.0006134766117373165,0.00019321309956052388,0.0008332465931262204,-7.989503616274903e-6,0.0019476903201852526,-0.0011211982908596438,-0.03916586690134812,-0.0026132610556801805,0.034589221044968976,8.271673995616015e-5,-0.008757077651997862,-9.978911295634159e-8,0.00039461714146552825,2.2497338736541226e-5,0.008255445321422332,2.1381301310450542e-5,-0.04584319871413177,-0.001344874855889008,-4.0646906107342086e-8,0.005377258133981609,-0.0009691085041867445,-0.01643583592694845,0.00024152664417815468,0.0004464225900911829,-1.5077423267684102e-7,3.4687450397727724e-7,0.001392381818059361,-1.0710217730191003e-7,-2.5013820208129254e-8,0.023040757753155772,0.0012952559416598564,0.0004436125690828133,1.2867623326568172e-8,0.016898295108309383,-7.321864291584752e-8,-9.484955463576546e-5,-1.5758071037117412e-5,0.001706375068581424,-2.004332219340023e-8,0.001463388780766739,-6.386153939036931e-5,0.0002667314958912175,-1.2937446445390136e-6,-2.1159760240925495e-5,-8.070672691063834e-5,-2.222897094472824e-6,0.06252428243113255,0.030782052821744753,0.0008205421825116836,0.010359388421043045,0.008097496925192705,0.21179501636678338,3.744938016280303e-8,0.04681939315908815,1.0325763436289497e-5,-0.0004963381687244566,6.620142510774683e-5,-4.362484820727567e-5,0.013108848888902179,2.24670655060471e-6,0.00016158673315543132,-4.2974766570095336e-5,0.0128088748042247,6.331528235429277e-7,0.00029424746000762333,-9.381399604092002e-5,-8.350862138619518e-8,0.0001544275615993134,-1.3547874151590538e-7,6.0047583330304e-5,-4.5468484572418046e-8,-0.0075642864292336754,-0.0022419474043632566,-0.0018279459415257938,0.00580080055334362,0.0002182696844077205,0.00034262703854877363,-3.245935034216452e-5,1.2971550944096336e-5,8.13162464620625e-5,-0.0017124225833717018,0.0021752156687611926,-2.5026433833860267e-7,-7.91744549290375e-8,1.2995660234006122e-5,-0.0026295809066601912,-0.014307834047597622,-6.311652815259932e-5,-8.064099866580207e-5,-1.4479792072714628e-7,0.032425964974487194,-0.0020796575103003275,0.013541941379121685,-4.723168124237997e-6,-4.072891877818123e-5,-1.2439469457108936e-7,-0.0019088332488058904,2.494212682136342e-6,0.0001314218518388988,-0.0001341553800127952,-0.00031365229128706227,1.4090914871363248e-6,0.00015088733247449598,-0.0006053274413540634,-0.0018534810394090675,0.012227279998726871,-1.0513842069125561e-7,3.300772503658662e-5,-5.929597956000246e-6,0.0002019169233675159,-0.000327734059558342,-0.0001849598472917955,0.0003583544479341923,-0.00308588006615247,-2.2782392045508097e-8,0.0008555330029387312,0.005316633742135443,-0.002104829694433281,-6.5692477769325835e-6,2.159177273509241e-5,0.00035934368432737285,-0.0009418121473061074,0.00043285014741825575,0.0002056287565127395,0.010030309741171178,0.04731783702983839,-1.4957328434699541e-5,-3.0959273108671115e-6,0.0004826083987175616,-0.004789318947253711,1.1807393295931927e-6,0.002281109575748061,-0.0024670870324787803,-0.0007374144967614021,0.00034614157973885307,0.0003851669446153604,-4.73900904379989e-6,1.7109430731041836e-5,-0.00018096719981983026,0.00015181873226308005,0.000103756655271307,0.0010878643775212773,-0.03226857947221467,-1.034864217223277e-6,-2.7739644208159152e-8,-0.0236409506161929,0.0007669164948440055,-9.345221095850304e-8,-1.591749083208729e-6,4.688119339166212e-7,-1.474904323741954e-5,0.0003201505643742091,-0.0007730778487920212,0.023113151004738926,6.669652689449726e-5,-0.002583547405865,1.6397159939238203e-5,1.0194893862665583e-6,2.8247085306806986e-6,-2.75108039842429e-5,0.00042689211994226224,6.774164054074668e-8,8.077082450930654e-7,0.007913743706563368,-0.0006931607635203048,0.00035250356079292387,-0.001975783314295378,-5.004675337864856e-6,-6.342320404610077e-5,8.528148674850483e-7,-0.00565987295692964,2.075164357828066e-7,-0.10320594555971131,-0.10624920198500655,1.6547265328252942e-6,0.0011562450428870621,-4.333618998707636e-6,3.6239965003004703e-7,-5.214184124067574e-6,0.0004400938798757354,1.714401048947673e-5,-0.0031133629880302537,0.0054898673763839655,8.206929440402505e-7,-5.363933193025241e-7,-2.304462661048555e-6,8.800000990317801e-7,0.009258263732029643,0.0007916259183110238,-2.4557532027756228e-8,-0.004094423538753017,-0.0032893855389922394,2.0248683071345683e-7,-0.0001441205473423417,0.009023241857732336,6.882311895064899e-5,-0.0001782769651730481,-9.946018962491068e-5,0.29535274323662475,-0.0014144278505017014,-5.817049563944251e-7,0.0002583636568971051,-0.003580523432737513,-4.3230830597466e-7,0.009067374618643046,-0.00011436588885645512,0.19202987587525194,-0.0029432799593541495,0.001473783191922689,-0.00015675176534629936,5.282858667814018e-6,-4.741151325888095e-5,-0.0031689290576950475,0.3581256089126622,-1.3607293735409238e-6,4.424029829423381e-5,-3.1110966817853714e-6,-2.6857466554058222e-5,0.007951225291766685,9.307448420991391e-8,4.571963976127751e-7,-0.00019703193289211546,-4.7737294271279686e-8,-9.242506125920356e-6,0.0004308937395554048,-5.8482563085166405e-5,-4.105146910133671e-5,0.0002713993657690639,0.009909182349498783,-0.0003346664364956372,-2.3720598015831025e-8,0.00012969581564415027,-0.0008679909573891342,0.004082835696608341,0.11776305200753702,0.1404093232012984,-3.335553296332289e-8,-1.5494001635377354e-8,7.252843745114693e-5,-6.258534290500113e-6,0.00018580731678526267,-0.0012990807869637188,-2.1207301306092324e-6,-1.7930407434941162e-6,-0.0323408572730002,0.056582713325572354,8.486143325690529e-5,0.06756604460769124,-0.003980785549300588,-1.7112442359308155e-5,0.0002223339023670965,2.345713378215202e-5,0.00356700642221541,-0.00019869704574275945,-0.03169180618520082,-0.00011999741113084875,5.6783954737064396e-6,1.896215000715618e-5,0.0006341582674613932,3.9317519780549865e-8,0.01745835421872818,3.8540133931306167e-7,0.005539120799119143,-4.807141871536627e-6,3.300232764394636e-8,-0.011833335545838514,-0.0007516625540449342,-0.01379950155281617,0.02286735226737861,-0.022627845614296125,-0.06283665603570764,-8.367710626271813e-7,0.0002310781494651308,-0.002173461476899959,0.0005174609248264439,0.08637371532422296,0.001623609858097976,0.0034986542864627592,-0.05853872254007495,-0.00011471472878876394,-0.0355653481828442,1.2922034606395342e-6,-0.0015244604170560787,-5.863892158031402e-5,1.3478268946911748e-7,-0.0006383686944870921,-7.166674262575627e-5,-0.024724042389554387,-5.824404205759858e-8,4.505715005286612e-6,-0.0026410232476152453,-0.0007084322507534256,4.4568046941257756e-5,-4.4680311468052874e-7,1.4664218659664078e-7,4.9468663035849614e-5,-5.791360993219398e-5,0.0009626236632265229,0.012854764555725592,0.005142882842310518,3.8490580658825954e-8,0.0068240034776881975,1.0032698351732218e-5,0.0005519111505363529,-0.0031596886774117945,-0.034503142104351736,1.4143381457934846e-5,0.0006721888025478864,-0.012218539038775565,-0.029837335693913506,-1.3149672556078135e-5,-0.00027891144272824226,-0.016295046352024712,-6.286782036777639e-5,-0.00013028429264394514,0.00022883012603314368,0.0005266769496533669,2.710936952969002e-7,0.09454040425611476,-0.0009626574134341636,-2.165837560279693e-5,-0.003513321535063657,-0.007003957345531168,0.0005247671977636945,3.192057395189498e-5,1.6490542703585289e-6,-1.6366996465813304e-8,-0.005429531957260717,0.006487531718334984,-0.014107195255184437,0.0002991633301969472,-2.932243244269907e-7,0.009160296130795637,8.28866194815709e-8,-7.692871195401233e-5,1.7082556063566893e-5,1.1811116816988997e-6,-0.005039621127762645,-7.585570876224368e-6,-0.007457251131798143,-0.03039161917735972,-0.0016337132244332818,-1.448267146111467e-10,0.0010864321515532494,0.002933127593330236,-0.008448721269893262,0.0007246354142516012,0.00035800652028369364,0.0007483156566631946,-0.003119137064687392,-2.996610419263163e-8,1.9008241119986172e-9,1.4592835340694044e-8,-0.07049188241611638,-8.400188000735476e-8,-0.01172591243202182,0.00704424894960003,-0.05376836941008285,0.00044990464784891925,0.007110071544162678,-0.00048254599434462576,-9.108576142117793e-9,0.10194184648138487,-0.05726661027998688,0.007101879460649165,0.0008345035347820381,-0.001004578299656614,-0.0010618604469093019,-2.1092027290838864e-8,0.0457371105041969,-6.884370686629022e-5,0.0009324590309164863,0.00045685634332312975,-0.0001520097294619221,-8.97641441514044e-6,0.07965120979630536,-1.75321234610274e-7,0.05243751596337544,0.0034721372589735376,1.0321257834293673e-5,-0.0006760052224270392,0.0008656460573776107,0.0036778270018022726,-0.000367812048419766,-0.00013038083580456093,1.344794523546382e-6,0.0006354430258939855,0.004076406056636242,4.279568876166737e-5,-0.0014333696925249379,1.0802983107537203e-6,0.0008295624727564885,-0.0021707997097742088,0.00011406661039563584,-2.89708883706315e-6,-4.676154286421414e-5,-0.0013321005997478572,0.0005480199837946166,0.00034000724846952195,-4.154269327281871e-6,-7.075080064854904e-7,-0.047414039556454256,-0.02680445491182994,2.514042757179215e-6,-0.002096703061889353,-0.002065415878827507,0.05044223487874004,0.19573851789274535,2.1875425867947843e-7,8.170988936822367e-8,-0.0008204855064680935,0.33885424508797063,0.008113074496409037,-6.279146326488882e-6,0.0048647568109371885,-0.013354782572864723,-0.002045776472998976,3.964171190797794e-5,-8.686371812757875e-5,0.00013977174817649774,0.014233248560223719,-0.021151432812285785,-0.11125510881764189,0.005220904480268013,-0.013968717236015919,1.6571280835018531e-6,1.4087471920134664e-6,0.0005649323350402737,0.004408367816859299,-3.2916989634510588e-9
0.0,0.0,0.0,0.0,0.0,0.0,0.0,0.0,0.0,0.0,0.0,0.0,0.0,0.0,0.0,0.0,0.0,0.0,0.0,0.0,0.0,0.0,0.0,0.0,0.0,0.0,0.0,0.0,0.0,0.0,0.0,0.0,0.0,0.0,0.0,0.0,0.0,0.0,0.0,0.0,0.0,0.0,0.0,0.0,0.0,0.0,0.0,0.0,0.0,0.0,0.0,0.0,0.0,0.0,0.0,0.0,0.0,0.0,0.0,0.0,0.0,0.0,0.0,0.0,0.0,0.0,0.0,0.0,0.0,0.0,0.0,0.0,0.0,0.0,0.0,0.0,0.0,0.0,0.0,0.0,0.0,0.0,0.0,0.0,0.0,0.3976608078753493,-2.8452936378862876e-6,-8.72864301418126e-5,-0.0061517101003248035,-2.9109052657703467e-6,-7.895110950962918e-6,0.0052390075138617435,-0.08976063236181168,-5.994616594158757e-5,0.0004085138341989574,0.020701165014625322,3.686945282825477e-5,4.758815681006735e-7,0.002747428103543708,-3.114163075081739e-5,0.022597419508863174,1.0304243256643393e-5,1.6515958053440272e-8,0.00010753951645121404,-0.0037710109737557427,0.09044698407420182,-0.033601813516704125,0.0006488583697760819,-0.0008550680962034575,8.406005593891826e-5,1.2056321496076508e-6,-1.753348756140602e-7,7.171908193957422e-6,-0.014964083783279129,-0.00010313919046606892,0.01850664649072879,4.836024274519831e-7,-0.0004819342930313993,-0.00017395847448726414,0.0014116333841950543,0.0012804204574255534,1.412002919731589e-7,-0.007503641418867667,-0.0005521941852412694,-1.805487587269219e-6,4.131543234552054e-5,-0.0013041711026324264,0.012207972382666016,5.149362883773758e-5,0.014860359504703033,7.015349148511158e-5,4.098599687496195e-6,-0.0019665266145145665,0.00016213994345843196,-2.430571455293014e-7,-0.005023410408447709,-3.2154817110443276e-6,-0.00046856387615935456,0.008959842238630363,0.086172241393517,-5.322466064465803e-5,5.710324171743315e-6,0.002299624144720343,5.832111617753791e-6,-0.015722738231014083,0.0019155041030997223,-0.008649122941131338,1.61173177660073e-5,8.735079009033752e-5,-0.004918260046158029,0.00044986012124554914,-3.1849402635052646e-7,2.1262215785300443e-5,-2.5159644561927196e-5,0.03235738486009494,-0.06520595804917946,0.0006668872660844918,0.01064527664670225,0.04864225988142857,4.888121926868738e-5,-3.564257627028859e-6,-7.547077556836132e-5,-8.000993763362216e-8,-4.475254693928003e-7,0.01714118634469775,0.020011918994823012,-1.3150871889534857e-5,7.032277462281532e-5,5.6294020727817764e-5,2.2100479365074828e-5,8.91570314781296e-6,-1.244033346057133e-5,-0.013124296318873576,0.000900395157112594,0.0002135873903574711,4.0014187423252e-5,0.0017914485574492343,3.887942063123751e-8,-1.092865603444448e-6,0.0002552414688466591,0.0019555349965282597,-0.0004864459081264972,2.6808731094972483e-5,0.15104384693376682,-0.006275882195591406,0.015111167537607174,-7.966128709256255e-5,0.016731566808958757,-6.751246570340457e-7,-0.014024979730775195,-0.005983096199753823,-6.143304546600531e-6,0.0050653721561435845,-0.0009539825285251074,3.5878743421739043e-7,-7.200860083176687e-5,-0.051585795540870484,-9.032967817028743e-5,-3.514627451059414e-6,0.015020267192166512,0.000518657134841312,-2.4046060819187346e-5,-0.001673436115825884,-0.002672797965617065,0.23472651701278865,0.010333548397734135,2.7629450076771163e-5,0.00018576480523690766,-1.9422455254668952e-6,-0.005594169271866603,-0.0028972516863017086,-1.0123713246605588e-7,0.0002644319396581058,-0.0011445034338020672,0.03777593854082326,5.315537717486045e-7,-0.0021355356858126927,-3.357229109867595e-7,-4.897363248274072e-6,0.0017924090085090463,-0.002462737561133899,0.04644065603677298,0.0005057356472017997,2.3315897414524573e-6,-4.421535374731469e-5,5.7211770803309885e-6,-7.518638859337717e-8,-2.64968781609746e-6,-0.011622725490349168,9.445690393810008e-6,0.00011264838496022266,-0.007734343661530932,-0.0010126701334285371,0.001478467517967116,-0.010608164282479125,0.00032481337210362945,1.242849647875357e-7,9.695700450098682e-8,-0.016690998070597138,0.11794470244537147,1.445012266839972e-5,-0.00031362702590592505,3.5813411953954596e-7,0.010506570031794088,3.628125964970508e-9,3.6851579276869364e-6,-4.158358074989729e-5,-1.7131429839749802e-6,0.0001098870486908545,0.007891776687890125,-3.8550891460139534e-7,-0.00010471321577440529,2.26747218135658e-7,-0.0002456067331843978,7.909733051812343e-6,0.001531895296220373,-3.405048434558081e-5,1.2984701753949477e-5,0.004932180974503164,-0.03690886400388479,-4.547314282768005e-6,0.0003832583142702194,0.2485253456899579,-0.041819079583583114,-4.4991475520129115e-5,-4.914521609510429e-8,-4.533471829833924e-6,5.249693438369964e-5,-0.001832088297675202,-0.0002942790864479678,-7.642278326398974e-6,7.467578742153786e-7,-0.004731715168150808,-0.0005277535434342637,-9.827613900319366e-5,0.0023115764098245524,-3.129207176075441e-7,-0.017927606895724146,-0.003577938112674781,-0.0009322845594461,0.23971501286827004,-0.0015716971741507688,0.0010658774973135155,-1.0991376971860822e-7,8.279746671407913e-5,-0.0158521305778639,-0.0002581325830198328,0.00010295096685049955,0.00016846020964288963,7.971590398450134e-6,-0.010717809879502474,6.68923972255981e-7,-0.006559767243235672,-7.833214310920227e-5,1.8951692153791e-5,0.013297570178206502,-0.000273167173320838,7.84004512500398e-9,-2.2868040531633312e-5,-2.2931001467467157e-5,1.2540856520141569e-9,-6.618594500466157e-7,-0.02492333907075337,-1.2823087601587362e-5,-0.0008161365707154354,0.00024062709524515916,-3.567516405645721e-5,-0.004938594462208519,0.014809535839776126,-0.025964805069737903,-1.1803306213194663e-6,-4.121352452521095e-5,-5.5021201432344795e-8,7.27250267680791e-5,5.666429804609478e-7,0.037193492262782166,0.0015038545364799822,0.0011307709961464493,0.017920363089581188,-4.064835153339584e-7,-0.002056147322627583,0.031422196013232886,-0.0002788193214093356,0.003141486304560474,5.705715850143195e-6,-0.0008820773926427713,-0.045221440362423385,-2.6990345961527903e-5,0.0002271333728563933,-4.474116724146693e-8,-0.0019746225140546037,-0.00046502029332610794,0.012303302910652975,-1.0707962772847704e-5,-8.58283633518598e-6,-3.653657432177912e-6,0.023490974289068538,0.00033097783133226533,-3.43212838720181e-5,0.00013864781130653735,0.019111761722867167,-0.008103917769867764,0.02306575973855913,-2.453451362746004e-7,-0.0002493159391860405,-0.09827463773131663,-1.2164881452377922e-6,-0.00032732092852141,-0.014413346155303298,2.2492973948162714e-5,2.8358969320098768e-5,0.07007853581876008,0.004910959188198732,-0.0001885629260348532,-0.05251296139768841,-0.00383389885577185,-0.00031026970472586117,0.17864537057487026,0.004778141563172982,2.387480460321838e-5,-4.114077267413453e-5,-0.004377539735671704,0.0002484768092976237,-2.1273745260136275e-5,2.884627021918806e-5,4.304803632918884e-6,-2.3272918310780798e-6,0.0035094781526887188,0.04695976741704441,0.0001402394528254579,0.00010074149513846977,9.452142305011152e-6,-1.5732879564830355e-7,0.00019627776784499933,-0.012510218852519092,0.0021435210903854745,-0.0005692599581274786,0.008497440216112756,9.302117346064474e-5,-0.004401247236788367,-9.592765931691344e-8,-3.2388503070162515e-5,3.255396092648227e-5,0.016324305403842873,1.653817714506497e-5,0.29731666442528504,-0.0029322908680640843,2.7696940644387968e-8,-0.016311823773849116,-0.009750483405627909,-0.017401873148954885,-0.0002763536703778634,0.0009286831675222932,2.4215283490690908e-8,-1.4770253510239329e-6,0.01247030227717145,-1.5243070718682804e-6,1.6671651852349047e-7,0.013258997489931095,0.00020936108588133476,-3.0869457295222825e-7,-1.886591720664616e-7,-0.0008856840966928442,4.451964551141443e-7,-1.1750317022130772e-5,-7.457636843064905e-7,-0.002519985437959324,-1.6891314683363312e-7,0.005494118406424708,-5.6148193571352535e-5,5.9646495037646134e-5,-5.543451071006711e-6,5.927796814486799e-6,-1.3946064366479679e-5,-1.100954420975962e-5,0.0018277740967724472,0.011267543591318247,0.003122817771637388,-0.0011832764071726728,-0.0024649023997118566,0.05417462850518993,-1.5901761244817095e-7,-0.027732611806094185,0.0010362105548442262,0.002033957818505215,-0.00037771849650279144,0.00022265498840130308,0.010542645829556191,1.836744302870328e-7,-4.033434294521068e-6,4.1620152437082506e-5,-0.008124642159421708,-2.5877908242527764e-6,0.0006454680784627433,-0.00017338873229235337,2.871035481568244e-7,8.101306022980127e-5,2.2126160677008536e-7,0.00032006461836941807,-2.794589606914563e-6,-0.017666481734881216,-3.654094002113341e-5,0.0005344782151877927,0.0006186858591416014,1.9862313553161117e-5,-0.00050279179246538,1.32143232442583e-5,6.717715471388193e-6,-0.00045630439809326467,0.0027337538801555923,0.002574182699987181,-1.6532489803095014e-7,1.5438103531989608e-7,-2.3728885291470134e-5,-0.0034990585475261154,-0.03008623877805187,-5.250394093443738e-5,0.00031745718737306085,6.178893961223565e-8,0.00550258515232684,-4.108132433260165e-5,0.007654186559050721,-1.1967509298617126e-6,-8.710751349598107e-5,4.429764237457679e-7,-0.005057109801986833,-2.9868161287284687e-6,1.43043711884269e-5,2.5789507164479402e-5,-0.0002029794799387941,-1.8998290518635571e-6,3.2158745920627716e-6,0.0003212806716359179,0.0006609353108857395,0.0017332473881921354,-6.340976271113721e-8,-0.0015988364213341876,-8.424663617730694e-6,0.0003721701200443856,-7.048749763638573e-5,-7.168709856943043e-5,0.0014574594055183163,0.000800387886665942,9.849356109968327e-8,0.0006147224831073479,-0.010942786739687274,-0.0004747243022292126,3.142797265787554e-7,3.9263335879205945e-5,0.000742266855370911,-0.00250168260893068,-0.00817318105919076,-0.012010122346305909,-0.03719978168440344,0.08484923514697822,4.078644012235626e-7,6.252326850436618e-6,-2.33472339284448e-5,-0.0013015615397039982,-2.5164801399633408e-6,0.044596147654895654,-0.0018522649518317308,0.04670258489854468,0.0014083182789526817,0.18246941385973,-1.3630885475698392e-5,0.00020654881456897073,-0.0002545022302655792,0.0008875701624625111,-3.9891977412472784e-5,0.00011580936241379009,0.15692150742973027,2.819967310539071e-6,-1.1458155305412013e-7,-0.00537195950037779,-0.0001634683709959447,-2.4219325147049675e-7,9.748061314239451e-6,2.138295952786583e-6,3.927343438986417e-5,0.0005545726326689303,-0.0005317205307571411,0.007722254818321091,-0.00017112173690699052,0.22249071583532246,-6.996758330300197e-6,-2.5834032570141137e-6,-4.689173641449524e-6,-9.499029630921555e-6,-0.012362365504058403,-2.7973355589974657e-7,3.1898037416727414e-6,0.23495041544170953,-0.0002601587354231935,0.0103015934747457,-0.012010616635650636,4.145856258833407e-6,-0.00044678199943537294,9.039175462506626e-6,0.0017729741969829055,-9.634493870510848e-7,0.010900767344491483,0.013356598144131517,6.742959336116259e-7,-0.024013105469039876,-4.059456984126065e-5,-1.021227086123982e-6,1.875417592085148e-6,5.0189741517373556e-5,-1.0232557480779782e-5,0.11759346419938965,-0.006360740417775262,-3.0001759485727646e-6,6.269680793370648e-8,7.566177615250715e-5,-4.353483079320947e-6,0.008933543919625381,6.787508805447532e-6,-3.119372633739913e-8,-0.0011515626239841927,3.980615318450865e-5,-9.06960664823101e-7,-2.0826570453394158e-5,-0.027479399902931807,-6.614553884411047e-5,0.00029453320290373633,7.683703160911124e-6,-0.02018290008612408,-0.0015625939598668712,-1.2103146508988911e-6,0.00015399031680946626,0.000163290128976984,-3.6019928075495675e-7,0.0003823644495663972,-4.883798793937335e-5,-0.010899209994670844,0.018555742331466327,0.0013283473198774135,-0.00039508744987193405,-2.251091972606623e-5,0.00014233526692136785,0.00988808119396245,0.04031701504683769,0.0001190343945385104,-6.802466158485587e-5,1.185529877629031e-6,1.0744665373690623e-6,-0.001022660736347062,-2.9422637140760698e-8,-7.576973177796253e-7,-6.764036468092402e-5,3.323336883008862e-8,-1.5105706409308961e-5,-0.00019474624463925182,-0.007937136828741951,-0.00021469133656292283,-0.0006374239427063056,-0.0028677844190485562,0.0027725244802955904,1.4356693016718923e-7,6.185664684483473e-5,-0.0018743587009601593,0.013597734134886878,0.032552578270896845,-0.024367000066796908,2.773252609296276e-7,2.2308436157190005e-7,2.990713769319521e-5,-0.00020791441905698002,6.095353952549444e-6,-0.001679529045871851,1.336879908869441e-5,-9.635921587268233e-6,-0.002936117861469075,0.10105486232901599,5.611474406113909e-6,0.0011234194635111893,-0.0004249099447499812,2.169767198011006e-5,9.847443862638516e-5,0.0003010331231642353,0.011348244444223318,-0.029077625129124048,0.0008189926455890096,-4.9249123183723146e-5,4.676286661663339e-5,0.000793936536688809,0.0001434904619707225,3.808749960360962e-8,-0.008224512423776678,5.113270670576832e-6,-0.004963326752226424,1.5366352363134782e-5,1.1580286372974734e-7,0.0013571889413754772,0.0027830664448606113,-0.0024793644231902554,0.008725836040423313,-0.008253892017516863,-0.08700876212973438,-2.5021465990478454e-6,-8.95043665877675e-5,0.00029209796581160556,0.0021404194468503256,-0.010332640253700287,-0.00018960955818352775,0.004950229512271291,0.0030567761133898728,-7.394211351203025e-5,-0.061705228185449115,-1.9061486343113044e-6,0.0004338825021130679,-3.599576672720135e-5,-4.794628833232655e-7,-9.859264779001262e-5,-7.80993646850564e-6,-0.028060490965554477,2.7885697445313894e-7,-1.8545292613095816e-6,0.0005306030301709321,0.00020617461121546455,-0.00022660305699143284,-8.140698433218819e-7,2.623758787489236e-6,-3.558738611840115e-5,0.0005366558250662751,0.0007533702524777884,0.017445721571640926,-0.0016666556843763546,-4.623610976776203e-7,-0.013931609884782085,0.0001586619064242351,0.0003544469891482052,-0.00037713312871552596,0.013327847188670826,-4.4638032708909964e-5,0.0004593325393942926,0.07435309570790641,0.35872471788559196,1.9270251679211502e-5,0.00015430911627428479,0.002269802336960257,-1.108879243317014e-5,0.0022227453367500366,-0.004759572495460926,0.001912923260130185,-1.584940548556362e-6,-0.02491933788936457,-0.0016809736995482445,8.971474929353229e-7,-8.16132211417753e-5,0.005040358931353212,0.00010094193047348805,-0.0004593938095571719,-2.8607936566285853e-6,-2.9306170794759964e-7,0.016427349601325362,-0.0047499610872430275,-0.0016845073745726529,3.686591862110757e-5,2.8455312776706455e-6,-0.018297568587626063,-3.5478953452619187e-7,-0.0005224454323730744,4.316958642049525e-5,1.7757718617684267e-6,-6.696501362678782e-5,3.076598586106549e-5,0.01567538061291334,-0.019335385278787896,-0.0032712868539581655,3.379111641635266e-8,0.0001508015586265339,-0.02192458840533743,-0.038969947858728406,0.0002104698090953384,0.00011105384260914248,-0.003364771435036998,-0.004778831183806048,-4.6021744690676595e-7,-3.639166147416046e-8,-1.6367375641904798e-7,0.015625246883320336,9.891214118989576e-7,0.3527986377542092,0.004729814305624016,0.004715083902066574,5.761456545892071e-5,-0.0071160071879991516,0.00026204203738718795,6.540359995920352e-8,0.010064815638627357,0.0065531637953891,-0.017121560316639913,9.475870774104668e-5,9.590170904711334e-5,-0.000126349243185402,-2.705143039424847e-7,0.003011891807405445,-2.0565940155009864e-5,0.0037901857645927747,-4.025381169292557e-5,0.0005891242243242547,-4.387292911403764e-5,0.13897582123291669,5.181723723591211e-7,0.037884765216474284,0.0003599160718730843,3.8956411518886965e-5,-0.004833474243576972,0.0013701292511336053,0.00821348049037958,-0.0007396526680255498,-3.601261786548318e-5,-6.418784354239002e-6,-0.0023037377343621975,-0.0006296801133347225,-2.7518610742439488e-5,0.00047967291343202283,4.271129664246368e-7,-0.00043363275695065275,-0.0006605642428061159,-1.247091841236394e-5,-7.705561928957885e-7,-6.662527721075864e-5,-0.0017701453280361905,-0.003882913249006335,9.229517787938415e-6,-4.980133522802874e-5,3.837182054789266e-6,-0.04876177509670668,-0.0016985189366743505,-6.705510198591589e-7,-0.0006510126073925303,-0.004293722958214856,-0.0024863708518153733,-0.026522383396608454,-2.1020583796637554e-6,-2.2365928229723635e-7,-0.001330953312133991,0.019170189340925233,0.009524592444329471,7.525948360985279e-6,0.016113418541088727,0.00039870330768915896,-0.006322870939658593,9.883527773016292e-5,-6.354650220514115e-5,9.531678701023025e-5,-0.00414654953709125,0.00844718750901138,0.019253406384374415,-0.005712746720342046,-0.01920059397744487,-8.923015798352172e-7,-2.549059109028454e-6,3.1772209194021636e-5,0.026117670834115064,6.977108241819518e-8
0.0,0.0,0.0,0.0,0.0,0.0,0.0,0.0,0.0,0.0,0.0,0.0,0.0,0.0,0.0,0.0,0.0,0.0,0.0,0.0,0.0,0.0,0.0,0.0,0.0,0.0,0.0,0.0,0.0,0.0,0.0,0.0,0.0,0.0,0.0,0.0,0.0,0.0,0.0,0.0,0.0,0.0,0.0,0.0,0.0,0.0,0.0,0.0,0.0,0.0,0.0,0.0,0.0,0.0,0.0,0.0,0.0,0.0,0.0,0.0,0.0,0.0,0.0,0.0,0.0,0.0,0.0,0.0,0.0,0.0,0.0,0.0,0.0,0.0,0.0,0.0,0.0,0.0,0.0,0.0,0.0,0.0,0.0,0.0,0.0,0.0,0.39707285393207753,-0.004920173640130289,-9.601888425406956e-9,0.04870948370601215,0.014502293192762465,3.1635906733058625e-8,3.4285170918576676e-6,0.024807333081123838,0.0007666032078483544,-2.7010606068421544e-6,-0.001322208232736488,-0.005999586421906809,1.1098693665478928e-7,-1.377197047533485e-9,4.1927186687723106e-7,2.9296847199505074e-9,-0.055844422843427693,-9.482995898953478e-11,-5.958476280287882e-7,-1.2535830104690705e-6,1.259196646341106e-5,-1.7390243951722415e-10,7.734706425604598e-9,-3.946413982901893e-5,0.00974708507638886,0.017367733194482114,0.00779012944007038,-3.342943540460738e-7,-0.0006152503863928131,2.5889669113002268e-5,-0.06676519896230164,-3.0672699509777724e-9,8.147703961777203e-9,-0.00024771497158703577,1.6522766729428647e-7,0.003837159119001114,2.2859051743014464e-5,1.171038859978997e-9,0.03996737714420814,-0.0018720755270034187,0.0001567045186909607,-4.203601027686294e-6,5.727286428453268e-5,2.8199262622516046e-7,5.38456176160615e-10,-0.03311862013542947,1.63216224310036e-5,-2.2285227679530372e-8,0.0038869875350851677,-9.408745305478571e-5,-0.00410753125680493,0.0015040402991284335,-1.4327040669386118e-5,-1.5142950875700357e-6,0.004631011283877952,0.013331356614974546,4.335424998722971e-8,-0.047835775058093215,-2.959899211786765e-7,-0.00011305535887316452,-2.6054340811942694e-7,-2.798396940827314e-10,-1.851082169350714e-9,-1.4009415928361151e-8,-2.19357058677951e-5,-0.019970981554892287,0.004853838037956426,-0.0069018708074167325,3.485637519537128e-7,4.937857781699351e-6,0.0006725973493807936,2.5890297244115428e-5,5.588850771962474e-7,9.805263664103378e-9,-0.0026042228126343017,1.5900935790303226e-10,0.01861472372382642,0.001986638131191061,-1.8333421223650303e-7,-2.2335110806159494e-5,0.014864044481031123,0.001101745299579835,4.687993547602601e-9,6.287612105669554e-10,-0.08504906373769397,-1.0803090563522494e-9,-4.053236476168473e-8,1.823905870227133e-9,-1.2318054098482685e-8,-0.0028193045499802626,-2.9219768626992772e-6,-0.020789986844609323,0.20845193084723423,-1.9796430330197168e-9,1.6582047434458493e-5,0.000559798760628893,0.001137102280530706,-2.737416919173029e-6,3.962462226143598e-8,-2.2203511089989372e-5,0.0007549305125230392,1.0382583236887011e-7,0.002804591459981633,2.383423434948766e-8,-5.442280567916874e-5,-8.73794182158777e-5,7.611707400436124e-8,-0.00013394591025574966,0.02223077950902042,-1.9429617998624927e-10,-2.787015694507112e-6,0.00031614174201427905,0.23299248309028922,8.078110446160951e-8,4.881233278128879e-9,0.007799312540829884,0.0001559362399801223,1.674467946547858e-5,7.76382947436757e-7,-3.697437053562009e-6,-5.966586496916696e-10,-0.003040982086338239,0.1867402943536841,3.7616055095021346e-5,2.4764958526376456e-8,-0.014443422685711952,7.0272588827602016e-9,5.529324601979095e-6,1.0457144405684985e-6,-0.0032829155439748348,1.071153647504724e-5,0.02686181760215829,-0.001793699879366589,3.75822687277835e-8,-1.8250183877846752e-8,-8.43754321228444e-7,4.134447805980279e-5,-0.06052161950033088,-1.427829139805867e-10,7.044042353442252e-11,0.062033563314182125,0.0012138728855279515,-3.8680393310063103e-7,0.001395120610499396,-1.8928930099330795e-9,-1.649300072265851e-6,-1.3404494404623608e-8,-9.115398220007247e-5,1.3229630141417516e-5,1.7821811977232463e-9,-0.0023164542398487723,-0.03816250294905198,-1.2898709338669008e-7,8.979273660611929e-7,0.007895132685715199,1.1210253735614945e-10,-0.03115925683180043,-4.510829712484664e-5,-0.006290274931894639,3.7859432097918404e-11,0.028032864523427112,-4.1559600834453987e-10,0.0003336507627752504,-2.9419147252308986e-7,-0.0039763143004397025,-0.0030417401113763958,-0.051899999543015496,-9.210212051590794e-8,-0.08684538083976995,7.856764851454484e-9,-4.406397870650214e-5,-0.0006004191566379669,1.5992811203970645e-7,1.1998891225656184e-6,-0.001365249939639587,-2.952439812127204e-5,-2.7222103500026644e-6,3.1231676272822238e-6,-3.0710976015271047e-10,0.01687162971434933,-1.1747746275783241e-9,4.5813678774281225e-9,-1.418704317295682e-8,2.3288405246974935e-5,0.012411364775268035,-0.026459808135132455,3.687867344286072e-5,-3.013265555151416e-9,1.7559096820496871e-10,2.989700180520634e-6,0.01484256749500817,-1.7032194759929426e-7,2.2723240761900978e-5,-4.0971485195960936e-9,3.7907692343095775e-7,2.165742043773994e-5,-1.647073393421036e-8,0.002655069646802031,6.170498827447463e-5,-3.841620130699091e-7,5.556791301002842e-9,-0.008015474950510556,4.0991371956982877e-10,0.015621510388632454,-3.1390959571070696e-7,-0.07503462419852641,-1.864210011106508e-9,3.219930926343526e-9,0.0005566291268812053,-1.0033111969539291e-5,0.0005721267014131581,0.0410267878651567,0.017087538410730695,3.6755082728923025e-10,-0.00034209921656125217,0.002551151821556991,-4.22210171321968e-6,-3.3859859071614586e-10,-8.137301065979307e-5,-0.00033161954426909297,-0.003691067822716047,1.3416092382373097e-6,-1.1951069299716632e-7,3.8695156191638113e-7,-0.007965886092775149,-0.00013291754293221639,-0.029914174710062497,-7.554821695137367e-11,-0.03934172376925461,-3.0658692937466414e-6,7.40373830592542e-5,-2.072507246429398e-8,4.379279057504832e-7,0.003759784826553195,-9.333308146528399e-5,-1.1620392249240867e-6,0.00213343874479691,1.2660999804191742e-7,0.002050683360505491,9.351025734388625e-6,-2.8467460272820565e-7,0.014336081608861862,-2.195692600588644e-9,0.022384266581322476,1.8705564547934268e-9,0.000685712574661176,-1.2184680004856254e-5,-2.0923316309603953e-10,-0.002718832077729103,0.0012051217617238944,-9.719184113941428e-6,-1.9281319296092117e-8,-0.0033724863206425143,-1.118565630119554e-9,1.3769306969827062e-7,-1.7483269415801776e-6,-3.729491250326996e-6,0.02656838380487767,-1.0012841295828233e-8,4.835536941258553e-6,0.06437491333060265,0.00044715430474821896,-2.7231055664021205e-7,1.1135332672581548e-9,-0.0014804772265315004,-2.9962486169937936e-6,2.4314903048027382e-8,-5.416028984693721e-10,1.8230091386864845e-6,2.879305278335804e-5,0.0009281597360635723,2.3966792712901034e-7,-7.338271927805781e-8,4.88891845818481e-5,1.9857353636854646e-9,-1.0289572525817557e-8,-1.2730383481768917e-9,0.002631718484797218,-0.0014894023370807705,-0.03959706987573439,0.00010328062053346185,1.361569315480003e-7,-1.6320983647880149e-6,-5.137971998534605e-10,-3.200147615194819e-5,-1.649790638436229e-9,0.01594774191470651,2.524595934008959e-9,8.46224481381115e-6,9.786278319774201e-8,7.969670149461047e-9,1.3767439540287735e-7,7.707534591064901e-10,3.026282834681819e-7,-0.01941232186034134,-6.895187957579348e-10,5.373700228127632e-10,-4.40592288191738e-6,0.0021973322984809073,-1.110408465831352e-6,-8.619545267681662e-6,0.0009946524002901883,6.142077140799154e-6,4.676088897046435e-7,-1.0083582028869207e-7,-7.701942686943737e-5,1.375270362805177e-5,-0.03324478072439224,0.25478111376820084,2.1280497407108005e-5,0.013436050309942726,-0.031931028677496795,2.3973824296601347e-7,4.270802000070685e-9,-1.4462422367007897e-9,0.0006557833669840774,-2.4319108988341977e-8,-0.06788231820266116,-2.2035537962883286e-10,-0.0032678297501807516,-7.630948798087468e-6,0.0017112096610050805,2.015736365887853e-5,-3.192691568107566e-10,2.7050175550650635e-11,-1.5571957832735436e-10,4.5685342608233113e-10,-2.6885336778008864e-10,0.028311086698493276,-1.8335278759489475e-7,1.8535905467189967e-7,-0.00010999201868866058,9.277320858398237e-9,-7.020714901839616e-9,2.08515767128972e-7,-0.0010287647278778174,1.9701986113921194e-6,-0.00027278985151962023,2.692808370901956e-5,7.676043744220281e-9,0.0011635801132531052,8.456640164802061e-8,0.005701581772216901,-2.0697348911145801e-10,1.0867563110183228e-9,2.332245886478684e-8,0.23287721087174668,2.3927650802988874e-9,-0.0005898677860582876,-0.032451824081666025,6.063799532743266e-10,-0.006676119639757751,0.001249629608102569,-0.0007784244290332365,-4.356181663212561e-9,4.949545333163729e-9,2.3197179411740876e-9,1.126202934789563e-5,-6.970035837188479e-10,8.314292721656873e-5,-2.24066408896418e-10,0.0047256301993543115,-1.245416294484754e-9,2.6118143529427703e-9,-1.2515632145843702e-8,-0.05187159848122726,-0.03567291814359844,0.013747139874046027,-3.5939640535786346e-6,-2.9848799086648944e-7,-0.000750181767060438,-2.132710868790431e-10,-0.037634924188560265,1.529060753349487e-7,-1.658626344935391e-8,6.065857469852145e-8,0.007950230832752946,-2.6310100288958415e-10,-0.012641121081872627,4.59779866414464e-5,0.08807147762438258,-6.906420386264866e-10,4.39370077234457e-10,-3.7933033724014703e-10,0.17712111463273977,-3.63219901390579e-10,-1.0202555673694797e-10,-1.4045137345825824e-10,6.621125132577628e-8,-0.03063386731943154,-7.262520371268384e-5,-0.0019006215625931974,-1.5019399653138514e-9,-2.4400488328192214e-9,3.879157685026412e-10,-0.0001134923195407738,-7.628955450640921e-9,-0.011083953950624958,-2.8012218845979355e-5,2.101769231980132e-5,6.65204691927348e-9,0.005105410657424699,-0.0001525682762448886,-7.056527096068436e-9,-1.5021387455830404e-8,-7.719431380386948e-5,3.880785599010543e-5,6.087380378965355e-6,6.307804279911095e-7,0.0009180272597948986,-0.08300355823494104,-8.121337857182079e-10,7.761731163875485e-10,0.07171090694512222,-2.0897373051573243e-6,1.476286268916724e-9,-1.5590598186486965e-6,-0.00029626724933991743,-1.977511341889858e-6,0.02429070342161193,6.544641784974235e-5,0.0009549291953008189,9.60525017476123e-6,-4.2883629844292126e-10,5.001687387331879e-5,-5.196550466676467e-7,-0.06807934933133176,-0.0035208880264813356,-3.458840893046038e-6,-2.3712183160113276e-9,-0.02411451398777161,-0.044682987622299324,0.005446760349591675,-0.002427333521482964,0.000323779037398967,-3.2536829329881477e-9,1.9157101730887816e-7,0.0014085389321113694,-6.731585981695503e-8,-0.002370662882894316,0.0001586478351451479,0.007190364158354168,0.0011157965531918526,2.188735199051044e-6,0.006046158875504103,0.006011579224248524,9.341866380517529e-7,-1.6129017919226996e-9,-2.2764608851350594e-6,2.3424715199834e-5,0.015379439607150033,2.640605593281914e-5,0.00763981802635541,-1.2365663454530132e-5,0.048517911649087656,3.094071429575628e-7,2.870830823180042e-7,-0.017883278800296134,1.5173338274284067e-6,-0.0032735701924144086,0.0463335032288211,-0.017359714317119808,-1.2070873130965626e-9,-0.0020744670051136105,-2.5666431464754393e-6,2.407493222851185e-6,0.2092851543624771,-0.004991669718507601,0.0006031133771950461,-0.002158708653548536,2.3681499667643357e-5,3.771402276687724e-9,0.0007412667624543579,-2.4560901095214053e-8,7.359721016120655e-9,0.21809145054134796,5.453198773033182e-10,2.1214491701970444e-6,0.0009309419023527882,5.368528922018912e-5,5.262904903028001e-10,-2.846668312094552e-7,-2.6287732659964064e-5,-0.0027163952760375903,-1.0800899904031353e-9,9.166319790385238e-9,-0.002605091969806325,-2.7001704098895346e-8,1.0832924501530764e-5,5.437562663406506e-7,-3.678130568566514e-7,-9.009657416900396e-6,0.0005376675629927194,0.025262760094094994,0.000767048172326006,-3.797781363478077e-8,3.9353406315052747e-7,-0.0049018483914962715,0.014968701353704565,0.021061247439776443,-3.909546564096163e-10,-7.599618403353492e-9,0.0153939337799061,-0.0057661506062348,-5.741698535059571e-5,-0.01496055334321467,0.00744881593432365,-5.942588379091151e-5,-3.9790420414418566e-5,8.230965861417246e-5,3.249772969196141e-5,-9.859440475658992e-9,-3.4982082400531433e-6,-0.053440251494230345,3.5423871785724885e-10,1.4356659454015534e-5,1.967050534571502e-5,2.646541705954268e-7,-2.6182315072672784e-7,-0.021844245685894288,-0.0035787702581186816,3.234065766664003e-10,-1.5677209231008915e-9,-6.883646415582416e-10,2.0288072520512978e-5,0.0012065357986418928,0.005848451812079988,-9.099845242642908e-8,1.3120122453123048e-7,1.0120564370455754e-10,1.9086053484793356e-7,4.453415392157872e-8,-0.00027004814618257424,4.243660838045669e-10,0.000766589110145027,2.3288789689208275e-6,2.0108977416803973e-6,6.636038845867244e-8,-0.0003699181748665522,-0.0031998600833537056,0.00011507635899809328,-2.2596926237467247e-9,-0.0005577509917681994,6.469116669654681e-9,0.017616303851057502,-4.250940448781762e-9,0.0011384099453967003,0.0005008908621308936,1.89307794618632e-9,-8.758079968361065e-6,-1.7577466202531635e-7,1.218709470047242e-7,-2.567021729505156e-6,2.917387665550356e-6,0.004799073026641085,9.79000831497935e-10,-6.694711246359671e-9,-5.00168827643242e-6,-1.4936087906514877e-7,6.801491101478245e-9,-5.070445885104798e-6,1.7702636823608873e-7,-0.0005706010460028465,2.656902345340911e-6,0.004853148653438774,-2.7868125199264298e-5,1.6385897221634608e-10,0.08018054252380709,-7.378081064296447e-9,-9.311864847929368e-11,-2.658650783469851e-7,-0.029014571269725942,-0.030970566441187904,5.168823457483251e-9,6.398652589931731e-9,0.0017481020430720692,0.006575643795522309,-0.052117290952272216,0.0013355285985743109,-8.207508072515277e-5,4.1683642795955545e-9,-1.591983905878851e-5,-6.66572826960198e-9,0.0023434535229513867,3.5555089495712134e-6,0.0004941105004773888,-0.0002060662327005779,8.327361258395571e-9,8.472518457696663e-7,0.029111610736339413,-2.963201626340482e-5,-5.1491649983092815e-8,-1.1240927674836767e-6,0.0033890420386917396,-7.695323662908075e-10,2.419058652353683e-8,0.0002481790161167054,1.5877008973279108e-5,-2.4879815340667923e-5,-0.00019418915251063188,0.047235634692267554,-2.5098645271691073e-7,-5.15200796783938e-5,6.4333137523041996e-12,9.778529271565453e-9,-4.1883586258576027e-7,-1.7802491399447222e-9,1.0006141373304684e-5,0.13842581623292996,0.05959572364276847,-1.1370813109658938e-7,-1.5543357955286682e-6,6.110101206084647e-8,-9.084760369140191e-10,-0.041358932401696635,1.176855803939719e-5,0.060155164588598195,-2.084413509986935e-5,-0.0010449252195915343,0.006078047929921658,-1.0769644372152024e-8,0.0013755870545602102,-1.517584841115108e-7,-5.936063929072997e-7,-1.1785934007351635e-8,0.022792094612443126,4.01755061716729e-9,2.472953245692251e-5,-1.9333143946901178e-7,-2.20891496751631e-9,-1.900750724324868e-9,-1.0778128559052426e-5,3.8682501604181734e-5,-0.012755311188033467,0.007011518919802775,0.00016830540808387002,1.9551847412402809e-7,-0.0022094232626223708,8.963832404043362e-7,2.152094685970637e-8,7.680590091584703e-8,-1.4042731916161727e-9,5.829008361648908e-6,1.9930616890939186e-10,-0.0113990358850917,-4.309134472791975e-7,9.642655650766573e-8,1.1504314173406604e-5,1.909717336110409e-9,1.2599996414337849e-9,5.2127594779810745e-9,-0.010854250281593493,-1.6407436128485295e-7,-0.0007846275089452734,-5.10295767285452e-7,-1.1469602667639035e-9,0.0002738554782185636,-0.003994173081221651,7.961316658045806e-7,-0.01377715614810756,-2.68671091521705e-6,-1.3953741313842681e-8,-0.006147449995007946,5.0206550409026096e-5,1.911116982835679e-5,6.703560409280762e-8,4.445320292214627e-5,3.301194327444242e-10,-0.002142831050689146,-2.528329094923316e-5,-3.106273942836373e-7,-6.135414631223687e-5,2.0634842516549958e-9,0.01219174157539778,1.0153448903207149e-9,-1.2845161130089492e-8,-1.943938744470921e-10,-0.016130519040018332,-0.00017976160004405116,-1.0941993052768181e-5,-1.2381942584494183e-5,-1.0863881204932183e-9,-0.004819291864205878,-0.062329804657925356,-3.2997530420498062e-6,9.364386659231249e-8,-0.0332200047379867,5.522539595604256e-5,1.6510604776970737e-5,-2.9304489009797396e-7,-3.761446296855815e-7,0.000821957233882482,-0.0006603766830085978,2.032916463074046e-8,6.113747558779022e-8,-1.1762967248803577e-5,-0.0068466893733808015,2.958038107108021e-5,3.3537139308706154e-9,1.6796061770800395e-5,-5.452469325194208e-5,-0.0005099952669661665,1.388137470544349e-9,-1.6044892117363543e-8,3.6111987323131915e-7,3.8163147322402746e-7,5.7835236736144235e-8,-1.3122860469520212e-7,0.009980620741196185,0.1635910863624282,-1.5276341129090792e-9,-2.375468401005884e-6,-0.0018542250720070949
0.0,0.0,0.0,0.0,0.0,0.0,0.0,0.0,0.0,0.0,0.0,0.0,0.0,0.0,0.0,0.0,0.0,0.0,0.0,0.0,0.0,0.0,0.0,0.0,0.0,0.0,0.0,0.0,0.0,0.0,0.0,0.0,0.0,0.0,0.0,0.0,0.0,0.0,0.0,0.0,0.0,0.0,0.0,0.0,0.0,0.0,0.0,0.0,0.0,0.0,0.0,0.0,0.0,0.0,0.0,0.0,0.0,0.0,0.0,0.0,0.0,0.0,0.0,0.0,0.0,0.0,0.0,0.0,0.0,0.0,0.0,0.0,0.0,0.0,0.0,0.0,0.0,0.0,0.0,0.0,0.0,0.0,0.0,0.0,0.0,0.0,0.0,0.39324348121830904,-3.33778921656117e-7,0.012913814267607163,0.013282706032834156,-2.117140381255094e-7,-4.9116609863450765e-5,-0.0268193120164676,-0.05951091520718071,-6.058292153934434e-6,0.07443257863657975,0.005335931797581253,-6.512130846630296e-7,-1.5860157098664146e-8,-1.0032502325485719e-6,-5.1197096152836484e-8,0.001025729752317992,1.6682625130301114e-8,-2.4953956531011702e-5,-5.0114594694966017e-5,0.0008112144659216643,1.0997869209706589e-7,-4.386776316829485e-8,-0.0006272401000297704,-0.06028506958117878,-0.00022742281324492354,-0.046195093094311725,8.311684484341605e-6,0.010973126590980988,-0.00018464862942086367,-0.0002536570857045328,-8.122026488974543e-8,-6.268189746312624e-8,-0.004871495998529591,-1.1034648251946502e-6,-0.0013426727814321224,0.002090181196786327,-6.593219872695634e-8,0.004683209421061165,0.0634738908475571,0.004166306709153266,2.5587586360129468e-5,0.0041302025346202885,7.332650323393406e-7,1.021129981927296e-8,0.002186863068703329,-0.0015041837977049285,1.746680740579181e-7,0.0029124009911703653,0.0068734396206012035,0.021136814249757215,0.01908882497289069,1.5583109300106824e-5,0.00013173457596438347,-0.022059640137598164,-0.05449087115939265,-4.186812637378481e-7,0.018254824664953626,-0.00017107475698666355,-0.005571101861309483,-1.9766504770745553e-6,3.1578803654677715e-8,2.0944885619192357e-8,-1.167119702179705e-6,-0.0040666893826673415,0.001246080035082056,-0.03020092403511987,0.23912297985567532,2.8603966776114357e-6,8.453968225909533e-6,-0.027797002866142746,-0.0010456257600566267,-1.2297503943318783e-5,-1.2257477419692338e-7,0.014408016005499926,-1.4451851063864052e-8,0.000254412212485457,0.002185105528633762,1.0493075913975578e-5,-4.6221176310887524e-5,-0.005223021032836291,-0.03476853556369096,8.166698052862459e-8,5.537553912065994e-9,0.005759354557673435,-5.945626046287962e-9,-5.026760220413125e-6,8.290726042995187e-8,-3.8875811222569295e-8,0.0015766696464063516,0.0002735787923519082,0.0003590830397331737,0.0021748244366703575,3.5014124351390114e-8,-0.0008955365128254341,0.02129660481190858,-0.034107231350495,-6.686110077628289e-5,-7.429126525414468e-7,0.000430918752549768,-0.022297157247571635,5.948239558106376e-7,0.008451296675583373,2.202511804393724e-6,0.0015344380379790554,0.026552272244321627,-3.376442317518819e-8,-0.0018212411466968107,-0.03662993929774846,-2.0603789346680758e-8,0.00017851783743889544,0.0231121690764381,0.005432862742041149,4.998957114815129e-6,5.394997538148072e-9,-0.022161028709322447,-0.00010466933770923435,-0.00037228365498590715,1.58500200030822e-5,-0.00023085711248465912,7.4113530223121715e-9,0.00039322923678218255,0.0025332013281637723,-3.0683189715508424e-5,-1.0633453597817093e-6,0.0003715286362942475,-1.6128573530043365e-8,0.00040624184487813366,-1.0402782097263098e-5,-0.0001875975767915236,-4.855849993781766e-5,0.00017086619681013277,0.1390182754539099,-9.191115866459573e-7,-7.007889022535985e-9,-2.0106897964954317e-5,-0.012136431231557323,0.023628294435777308,-8.308821254160437e-9,2.0510244892189775e-9,0.00018327077533540642,-0.04150912519227787,-5.230888675061507e-6,-0.049124170196446715,3.614308694987983e-8,0.000999423130097762,1.025812797169361e-7,-0.004870742508011286,-0.00035442594037037663,-3.692780339322229e-10,-0.0007224072109418601,-0.00016726584329052892,-4.5788244967578386e-8,2.0547600394827355e-5,-0.04246232834437827,-9.52884131538284e-8,0.005167914606957593,1.3959498842340414e-5,0.0003784581557167016,1.2598066516221363e-9,-0.025326289889766134,-1.2966750856737732e-9,-0.028670121582105308,-8.227184117013101e-7,0.012577148540963815,0.23384135841274853,0.0004587056043242673,3.23884577742422e-6,0.0012327769519576604,2.861390472216366e-7,0.0033127827024067207,0.03127103541066204,-1.3094081521029853e-6,-2.8898795567914888e-5,0.008136100964990126,-0.001420059928582218,-6.898768710377231e-5,3.5480860138232374e-5,-1.3109984680917507e-8,0.00014476879967278001,-6.668552541512892e-9,-1.125843816108648e-7,-3.058636443466305e-7,-0.001696475590607572,-0.0010455018266206048,-0.004630814809920635,0.0002770126464312261,-5.027138127298262e-8,-1.990472908854935e-8,-0.0004045324816877597,-0.0002545053902896205,1.967672249641065e-6,0.0010394303556097628,1.0416479553197912e-8,-1.976563808721499e-5,0.005518558645740925,8.671593029817375e-8,-0.0006128190384333829,-3.040560014546935e-5,-1.0987185345959597e-5,-1.5521554788314643e-8,0.03496672709094667,4.934179913935368e-8,-0.061866609792332064,1.0730555836290352e-5,-0.00032314397918650225,-2.167645406884953e-6,-1.515150768255031e-8,-0.013251891021054188,-0.00011667386320763326,0.0018128895647105412,-0.0013258107361492169,-0.006485119346151837,-3.940743320106332e-9,3.514953795163404e-6,0.0060021436228055655,0.00021221250339260113,2.0130635407046364e-9,-0.0010917909403008084,0.001499477216837776,0.24534000246100066,0.00012986674052333264,1.989421641273589e-6,-4.295837964498035e-6,0.005842017909772732,0.008441813407374184,0.0013385521083592732,1.3150388136054308e-8,0.014367364915205256,-0.00010303779510822806,-0.00044113960570708524,1.7983296690068455e-7,-1.4038559471185096e-6,0.002471842462138291,-0.0006517240405412149,-0.00016296388462092812,0.008060222308058146,-1.0227793931200992e-6,-0.051963807159032344,0.0004384661515148981,-1.3725669101183572e-6,-0.031110535019042616,4.717935144928737e-8,-0.0003754194217359698,-7.300682968514817e-8,0.00045506059184099795,-7.060728478611529e-5,-3.721567625654396e-9,0.06840525537853089,0.015228880204319489,-3.568241619480031e-5,1.5865103076318562e-7,0.24547883527103234,3.100325471907419e-8,6.54413512432951e-7,0.0006165017818646439,1.3269084180898437e-5,-0.0003170920693958151,3.897910849021984e-8,-2.5194311722470654e-5,0.0004280672832659691,0.016091430086982852,7.192681406352577e-6,-1.1356559756863296e-8,-0.008628307925234897,0.00016858629561293902,5.609721843866875e-7,-5.478317670076109e-10,-4.307495596871317e-5,0.002188998789898826,0.002865110836027192,1.4782191368863532e-5,-7.422410165376301e-7,-0.002243528075172022,-1.2200666604610611e-8,-1.182901785007251e-6,-2.56669767114839e-8,-0.028565193948627478,0.017181082356443195,0.013899093741095657,0.008225545536188943,-7.441087185819811e-6,0.00011188587272439376,2.4844427644080747e-8,-0.0015935841854332812,-7.001873299888159e-9,-0.049457190363485254,2.0442550593637469e-7,0.0012651657310063986,-1.1285618729123706e-6,-5.528510504490719e-8,2.6842009339971174e-6,1.0413188046891012e-8,-2.2612244315647582e-6,0.0006039281972694656,-1.2278897436995817e-8,5.135453825062112e-9,-0.00010280233956624475,-0.010725160811063008,4.4451215632242875e-5,0.0014032988247694221,0.0005920114543140876,0.0003386256709351466,4.228577010882815e-5,-1.9626621162678495e-5,-0.0016387847147478376,-0.0008201978638840948,0.0006833552431494701,0.0005893015224869661,-0.0002101441181911344,0.008120300207228313,-0.00012230670851897166,1.820718879981206e-6,-9.422816443723282e-8,-1.1786029468836321e-8,0.0009114952537464908,6.81723931992083e-7,-0.00026716801268765017,-1.6612279173081178e-9,0.21494414910423437,0.0007070435043955516,0.0020342046105236962,-0.001071164550206735,-1.1736434428822024e-8,8.541690422693604e-9,1.1475412192074485e-9,3.8217536624427485e-10,-9.226765300758521e-10,-0.026526861464798438,7.993256600195325e-6,3.169911164758137e-7,-0.004460093229010325,-4.407925669372733e-7,-1.3055299306439864e-7,-1.3742219698608525e-5,0.000377430563299894,-1.7292072563789785e-5,-0.005078540775953767,-0.001624641048470417,-1.1347611112817961e-7,-0.07937210040118425,-4.694849909446395e-8,-0.012153524536199948,-1.6237939818401625e-9,1.6243918798600632e-8,-7.646822567082497e-7,-0.0006312074070207758,1.8334156242276434e-7,0.015545446330159661,0.00020497603751249354,1.5801810711856286e-8,0.0016080910305769675,-0.051081000030543486,0.01740176845381905,-7.65729765636064e-6,-3.614137872730862e-8,6.90080171149738e-8,-5.481104415973539e-5,3.3104150920260673e-9,0.0006456864511988203,4.696094303335776e-9,-0.011791820382900737,-5.902006418884832e-8,-2.395665579707143e-8,1.5532035047661026e-7,0.0013480379927854917,0.0003411089158927191,-0.013591590819152765,-0.0006163970862644297,2.3223514542961862e-7,0.009126767038925584,8.902175270015589e-8,-0.0006612158525179734,-2.728597049096492e-6,7.95309564040287e-8,1.2561230936546257e-7,-0.012924380457447687,-2.1520081888699566e-8,-0.00023666171811296014,-0.000740017915270837,0.008882914123935434,3.24945716311564e-8,1.338867393951014e-9,-5.1144337031986395e-8,0.004796911026212324,-3.3503364227018e-9,4.502020788442502e-8,1.0359076196043709e-7,-6.635804902849571e-7,4.526784048857517e-5,0.0014505993825979571,0.11414637740161925,8.198986287244675e-8,-1.262084743061199e-8,-1.2788682062170513e-8,-0.003049933671786283,1.036495472591348e-7,0.0001303833182280518,-0.0024990024411171465,5.098191437858356e-6,-2.204848777982321e-8,0.027192442874513036,-0.001177194190752555,2.5917007303571217e-8,-2.8580864582725e-7,0.0032792520931746176,0.001680478740408366,-8.44415041389627e-5,-1.5670211110313515e-6,0.09929548303604069,0.014268836759859311,-9.871165975971721e-9,-5.174179993481738e-7,0.007875412391294283,-0.0001464224910471071,-2.856278768154636e-7,5.27042671080923e-6,-0.006635050685013087,-6.159156797647487e-5,-0.026872248932217922,-0.0006962785911019838,0.029468954296628512,-0.001516841894568628,-1.1301012391077153e-8,-0.001325130048065534,6.603088195025544e-5,0.005112680254033496,0.00028978959423767555,0.00024218548952861636,6.896726389539595e-9,0.0012527705974108236,0.003083519785407498,-0.0215626296192227,0.10148248525966368,-0.0061011286909082064,-8.607015765758597e-8,-4.775656828515636e-7,-0.00616729504752913,-2.902357841437041e-5,0.08499304814451054,0.00528417073504844,0.02036432774415664,-0.004985283415734225,-0.00017982518934310984,0.0015167106323000382,-0.03496309248137818,-3.176706773061625e-6,-4.999933264528411e-8,1.462019188495844e-5,0.001744176326088277,-0.05239246091421795,0.005725161132620722,-0.07505432274501758,0.00032621902651797633,0.0009914402672158368,-1.3545289685473503e-6,-1.7253071032918525e-6,0.008603868311320081,0.0005568599371029093,0.24816594415174306,0.002200730575240204,0.012169524951171426,1.1194496321340838e-8,0.055231365676587284,-5.311873999933891e-5,-1.8471964624980214e-5,-0.0023957775037437242,0.005266255883978886,-0.03566286599552734,0.019233551551974166,-0.0005661831336303226,-7.930869291054106e-8,0.0003708389015292913,1.4044970521579793e-7,7.914639141443263e-9,0.0006614799310575037,3.2521535021883635e-9,-0.00010765898476342504,-0.018746944652305607,-0.019954642854822836,3.1817593111163253e-9,4.158126361056221e-6,-0.00017730681485767343,0.012887456980711056,2.5983278686606347e-8,-4.179599995264026e-8,0.007674783244005375,2.213415264434755e-7,0.004406537891474875,-3.6982705072978156e-6,-8.382198683978965e-5,0.0004901615982670075,0.010054442865645323,-0.009232263171303734,-0.048487291579334554,4.594258690161298e-6,-8.231080458588725e-6,0.010375027566898657,-0.03148984262606993,-0.048096383082115106,2.512378454341167e-9,-1.3940251876431496e-7,-0.0007438716407379285,0.0020705092669630323,-0.0009594233630856124,-2.7046068426381313e-5,0.03659668900396185,0.006154239530479246,0.0009126696819421471,0.0028395171250837166,0.0005026141334127358,-1.2268356621548982e-7,-0.0001283328736337323,-0.00022597917367989096,9.517102829170294e-9,0.0006142793289796506,-0.00011361419617156737,-5.599513702264966e-6,5.045159516007492e-6,-0.0013459594111912174,-0.001316371513028044,4.878075231277153e-9,-1.855456396798265e-8,1.4862042221655635e-9,0.0010088559540358671,-0.04990774385505817,-0.0008304509589678142,-1.5447361504394395e-6,-1.8147646070054668e-5,1.7769220776074488e-9,-8.608959583651992e-6,-8.146020716683219e-7,0.04862881533808709,1.4403832540435324e-8,-0.03274675355049112,-0.00013128507326574368,0.00023017718230677151,-5.919887568350537e-7,0.004829089684322332,-0.012728711455722835,-0.012021419384175034,2.208001044320795e-8,-0.0006575401989133019,-6.309081735941926e-7,-0.05571251425577028,-1.4446352036805567e-6,-0.03809761001623807,-0.0010606242691186456,-7.771767234861664e-8,-0.0005846979016677922,-1.7240591033973998e-6,7.360917155347207e-7,-3.5836333375565706e-5,4.005882247765424e-5,-0.004984030618008098,-1.7720533307891722e-8,7.105691863085029e-8,0.00032572376688518826,1.1074064216139819e-6,1.3227257349117847e-8,-5.183010179394278e-5,-1.041258903255621e-6,0.018106647415406837,-1.65850387226273e-5,0.012042986640876562,0.00026371051651161213,8.006008359840286e-10,0.000802353205964706,1.158470038239628e-7,-4.843215753415034e-10,0.00012080293070699044,5.684947987349225e-5,0.023168338855982257,1.8513743168771375e-8,-1.0513377643439227e-7,0.0006152208692643482,0.007730112353043779,0.005269040452088844,-0.010732977918179398,-0.0009026362419037956,1.3107330887250085e-7,-2.4717951351055775e-5,-1.7941928601578323e-8,0.002280089125486287,-2.114710201622112e-5,-0.05197108007901528,-0.004773033108636662,-4.379426469453541e-8,6.277489975915408e-5,-0.019195781271244217,-0.002895609452468659,7.383561649103018e-7,-4.2508029711065084e-5,-0.007061598700273516,6.169132342723335e-8,-3.0044188466299515e-7,0.011623913962517924,0.0002845441222374168,6.58506234407786e-5,-0.00532094049606182,0.0018775947326655114,4.6107035678046013e-7,-0.0012616811212273354,3.9106937500286973e-10,-9.317910990842377e-8,-2.4304474205871906e-5,5.0225408388936465e-8,0.0017954749240535223,0.004935628116762122,0.0014230996103001832,8.881183648042315e-6,9.651406173519216e-6,-9.812728675576109e-7,8.470697511200669e-9,0.023834357095729418,-0.0002337060932138178,0.0013222293236721503,0.012573748451244274,0.02814183419762278,-0.026889976995113595,-2.4472590239772692e-8,-0.013558241035695527,2.2838220237342446e-6,-1.341928042898934e-5,-5.938140467017549e-7,7.817212651878881e-5,-8.177575162504965e-8,0.0013434701627206113,9.240464741225179e-7,5.3320509048390884e-8,2.8671090654450237e-8,0.006097422890192136,-0.0010720914655651989,0.002157258643090439,0.00022886946612342077,0.0007869247421262398,-1.4242019616853008e-6,-0.004864145053308041,7.65757243013982e-6,1.4296969008904754e-7,-4.053569519034324e-7,1.4330050124486178e-8,-0.00017225054277256852,5.750845014864736e-10,-4.107000802511815e-5,-7.456321084256112e-6,-1.1386350209240886e-6,-0.0002494827789865288,3.0300359434833316e-8,6.654016008345427e-9,-7.003391579779265e-8,0.0013582502924183802,9.01424048481746e-6,0.016055173750041476,-5.2856328381995245e-5,-1.728832532768868e-8,-0.02716955200115098,0.30892130334129886,-4.598552003277386e-6,-0.00019874429102469232,-1.1968361769471152e-5,4.822861484833895e-8,0.08542660143443488,0.0005228827077024792,-0.002129447982521151,-1.3158097867350617e-7,-0.0016186496533508001,-2.9565996743063758e-9,0.02249036304234454,0.002221347470279246,-8.323011404932228e-6,-0.02016668893641224,5.7951564716210424e-8,-0.02262167866086941,-2.373300465721805e-8,1.2305418942020556e-7,-4.3557074244635536e-9,0.0102722380007486,0.004827644837017161,2.568260789064534e-5,0.0016378206824894615,-3.5738165988234155e-9,0.2921902642290972,0.002101807117016499,8.739635852391142e-5,-8.053467965477254e-7,0.015863953285068004,-0.002062811217994349,0.0007493374478404408,8.104457808363212e-6,8.219852131403871e-6,0.0098963935689782,0.0004968770855008708,-3.1656404839876865e-7,-9.847608095618186e-6,8.713806194351167e-6,0.15656393084915027,-0.0006922983349795316,-2.393073130966657e-7,0.001260568147868715,-0.01837504957412952,0.010086802405212106,2.971644468623534e-8,-1.4220331268110336e-7,-1.6583752179904778e-6,-1.1048207666070602e-6,-4.692104583818886e-6,-3.6382448793256703e-7,0.00817016950566366,0.006015213869814778,4.032661911634901e-9,-9.539419929204265e-5,-0.000464848566579954
0.0,0.0,0.0,0.0,0.0,0.0,0.0,0.0,0.0,0.0,0.0,0.0,0.0,0.0,0.0,0.0,0.0,0.0,0.0,0.0,0.0,0.0,0.0,0.0,0.0,0.0,0.0,0.0,0.0,0.0,0.0,0.0,0.0,0.0,0.0,0.0,0.0,0.0,0.0,0.0,0.0,0.0,0.0,0.0,0.0,0.0,0.0,0.0,0.0,0.0,0.0,0.0,0.0,0.0,0.0,0.0,0.0,0.0,0.0,0.0,0.0,0.0,0.0,0.0,0.0,0.0,0.0,0.0,0.0,0.0,0.0,0.0,0.0,0.0,0.0,0.0,0.0,0.0,0.0,0.0,0.0,0.0,0.0,0.0,0.0,0.0,0.0,0.0,0.39222685288056836,-8.912236526253471e-8,4.239797463489799e-7,0.0720712418294631,0.0011374487109558726,-1.330446608294275e-6,5.297921498161439e-6,-0.002266946537285256,8.906440870789479e-7,4.588705329255048e-8,0.00029709487588025485,0.002203407579622463,-0.04915262032338661,0.015173575255562484,2.7485997187184352e-9,0.0026642802716174765,-0.004596164107421872,-0.002851383308646684,-0.00040456084254165834,-0.06085270224459991,0.043315515598200245,-2.7484385766199353e-5,5.554567797632956e-7,-1.5271027025955423e-10,5.5561589645618825e-8,0.023764524236499066,7.580621011250752e-7,0.0005331609575448472,2.7189677716658648e-9,-0.004007410471887235,-0.0042547259172389445,-2.4176928873885412e-5,-0.10862980166854003,-2.482207456274354e-9,8.570299412299287e-5,0.013227524739965085,-4.904773543344686e-8,1.4567473092736144e-7,-1.4388552131138073e-5,-0.001929491854734476,1.0410342760788025e-5,0.003433463520185521,0.001112459084684739,1.8232787741335845e-7,6.409531045500391e-5,-0.07092155099597225,1.4766731317749739e-8,-5.9739777282737826e-5,-1.2594313416987573e-7,2.915749763166468e-6,-0.00012111423112690254,0.001814927076362819,-2.9827683616081273e-6,-2.7633394590324905e-8,-0.03713942668581321,-7.732298596488421e-8,0.0007603729547468533,-8.392119766181033e-6,-0.012633739730450459,0.008740527934056986,0.001663635947360656,0.007142865468609624,-2.0891322830131216e-5,4.101711629809983e-9,1.077595281305931e-6,-7.877940039064285e-8,-0.008186326237713565,0.0011769705261494904,2.414897651517879e-6,-5.726038580881079e-5,0.0030886950539340025,-0.0410653564015756,-5.433497288779528e-8,7.273077328281302e-5,-1.3655799911097177e-9,-2.7093525611444463e-9,0.005630328539388777,0.00039343282034609854,2.174980330697825e-8,-7.309117207339899e-7,0.013819446423498733,0.0011645676962016693,1.1046860737289528e-7,-0.0002410091312211842,0.01093167374139343,-0.1333444883355652,0.10372597124135337,-9.126360356290719e-7,5.317344192743147e-5,3.139540118571237e-9,8.697762133538246e-10,-0.021744146723957653,-6.492231356293579e-6,5.462559489660436e-6,4.240598544391372e-7,-0.00147598697022731,0.1533315473069665,-0.0001613720281312882,-2.2394446957503464e-6,-0.07111490784147526,-4.654761590716018e-9,0.008723871160645883,-9.435998156684614e-5,-3.115031926994621e-8,0.0049728210874205965,-2.9075910982695876e-5,1.7813521461858026e-7,-0.00363141098124436,0.0010178166588677528,3.3879796971939773e-6,-4.893863447048784e-8,0.005940646323057628,0.004944550402826959,-1.0456060240852471e-6,-2.417421997567821e-5,3.0255017546536727e-5,-0.006580405012782765,-0.00028417235118656883,0.0005723847937118047,-3.0091244094484145e-7,-2.7379341011180692e-8,-7.636833598984863e-5,-0.0020536719804642735,5.870556778341162e-10,-0.05855305935830239,4.365230558834935e-5,-0.0065083051952492975,1.9088067870995225e-8,0.00010454529807999107,-3.004867868578788e-8,3.8176205630862386e-7,0.04616371871790502,0.22748803509239351,-0.002896800090803935,7.454081177341953e-6,-7.051875457833859e-8,-0.0013426635242753668,-0.00024015994370210291,6.792809048253666e-9,1.6466497472502623e-7,-0.003319694516217069,1.2626617040718739e-9,0.009373105070719975,-0.000124753114796896,0.005296481505649011,-8.039393598849746e-6,0.0003881734344109929,-0.07855742336478627,-1.034400089221459e-9,-2.8129303900693463e-9,0.002540347233475961,-0.00014452866267148157,4.7045146478461143e-7,0.009580717395294746,1.4572460313327235e-8,0.00016105536207767875,1.3303466963128127e-9,0.0009964488179442558,-1.979092118082253e-7,-0.0007366048592942777,2.7600592627131622e-6,-0.007636909649298584,4.9165332104349176e-8,-6.188931716178002e-7,5.772265799699421e-10,0.01716924439740311,1.3818263547041834e-7,0.0007119821860953032,-1.2871180333184683e-6,-5.06770566043122e-7,-0.0856014219194051,-0.0011378939986820301,-9.425591429702391e-8,-3.260568925245009e-5,0.0013653532899077544,0.0009433756452219714,-0.005999639909582409,-1.7703319634326429e-9,0.0005986622430121881,0.016409006876483785,0.015504395441362331,-8.108132804839518e-5,4.7283283890745054e-7,-2.619439023048769e-9,7.2939485440135e-5,0.012775065038568876,0.0015935211866227009,-1.1570731861891864e-5,-9.298241023801059e-9,0.017462489644796048,9.963141463584799e-5,-0.0013238629437372221,-0.004347160887595944,-1.9521721396378643e-5,0.0049755568856008426,5.632512934962867e-9,2.700198671268063e-6,-0.001229776917835395,0.003811076063156035,-2.2126637338751855e-7,0.0008364522889901882,1.4069511319291942e-7,0.004266290053935541,6.501600006435319e-9,-0.005255413631552712,-0.00024983939848080826,-1.6611203428570457e-7,-0.00020559713753592613,-3.638125404414499e-6,1.6546322384123927e-8,-4.853651216006756e-7,0.0008495484012046019,-7.07327473794313e-11,-1.804052420867122e-8,0.0004777190340329896,-0.0007061653378344288,2.6236330669811073e-6,6.229628062377841e-6,5.261632720836649e-8,6.435970870024158e-5,-0.04627156816368725,0.008490480761098592,-1.2054787102735944e-7,4.897975408625697e-6,5.07315898142404e-9,0.00044871369163770755,-1.681120674449096e-8,-0.00018547455322401148,5.814869342137392e-6,-0.03428119362002145,-0.011000164937856924,2.634389699097538e-9,-2.564210326027666e-5,-0.00038702797058916814,-4.228431678932685e-7,-0.0008929556075955496,-7.954226603144402e-8,2.525849668185937e-5,0.00862820795757467,-1.1180660331252409e-7,-0.009526012166418508,-2.810257736862943e-9,0.1508491554232554,-5.101999145695705e-6,0.00022644278938215533,0.00041147674234431365,-1.2535222709881722e-6,-9.182642011286038e-8,-0.0003223305996840276,0.026780191421691635,3.9595194113703325e-7,0.0007072072961497086,-0.0260375295814978,-0.0001793170612708448,-0.0017840612754573605,-1.2419714377426944e-8,-0.03175002878969553,0.0017736983265432531,-2.0382711912091694e-8,7.158978254613764e-6,0.006404159623894887,0.004736042766242024,1.8146534066660324e-7,0.0013813668694088036,-0.0032226212213318857,-0.02048638632764949,-0.0005296648054793242,-4.9232017487865206e-5,-2.3641929762626726e-6,-0.0027664715122357867,-0.032102694012357345,2.4897995290549412e-5,0.0012090382569925294,-0.003496857978225441,-0.015677405844605103,-1.1469997987179274e-6,1.4463953410007373e-6,4.5388223940117776e-8,-2.325088148465646e-8,0.006034639100557652,0.002138730971673522,0.0048727378999083755,-2.0635824910274737e-5,0.001401629837591346,3.1340165139363225e-7,0.01754269177177511,3.5953014410516857e-6,-0.02468655028886864,0.022208317939040476,0.011510162678130998,-0.0007354354189202577,0.003022466434284171,1.3910899622087596e-9,0.0016826602779654316,0.0009270753570362893,-0.0003108039338085152,3.3358231249676833e-7,0.0021904567847283955,4.584711917433233e-5,1.5947667530574672e-9,-0.0002801577486612065,0.0007049988277539472,-0.004073975090711548,-1.0718842134774114e-5,-2.3632032241852082e-5,2.4914805990213034e-9,1.5876344986535415e-9,0.0002841485376014501,-4.4628234616909186e-8,-3.717044367595922e-10,0.0036360338172688827,0.007557101433922515,-0.004919324166435835,-1.3199176720087691e-9,0.007473241586826525,1.593613923414938e-9,-0.0023036885720154644,6.200663459821315e-7,5.058451074152594e-6,9.45245410761954e-9,-1.0864168248202283e-5,-0.00046822831125209344,0.0031869456726398896,-0.0001490801087589407,0.0008211769872770859,-0.0019356124445596512,2.7240400394449335e-7,0.018838499886719456,0.004783228611836887,-1.6726333872890108e-5,0.20776709251758058,0.23302354998274394,-0.0007408120615404362,-3.775682719936049e-11,-0.0026051451751224956,2.2909126828609967e-6,4.3097992207380606e-5,-0.009802413834142085,2.6574951917261596e-6,0.0025799481896845275,-5.0608406369244534e-8,-0.0002880441811991556,0.006096845825372178,0.1873484773276249,-1.4323126695197715e-8,1.718664132767367e-5,4.315410973505814e-6,1.6150415188667106e-9,0.0030670819564531863,2.616981664460474e-8,1.1739790989310826e-6,6.8649091037347235e-9,0.007576186573292993,-0.009447011793722178,-0.0663069024043479,0.0005025014729035074,0.0011366624171914336,-1.741927306868169e-5,-5.5092870487911917e-5,2.5576229151389733e-7,0.011169568701722308,0.026983268954389707,0.03169566491978534,4.659231356709996e-9,-4.865591121126767e-10,-5.145330874647218e-7,5.078651417839629e-5,-0.0015627927417209806,-1.689348893179621e-7,-0.011990913920194857,3.425244493168981e-9,-0.0009464155533783836,0.008318582009104873,0.01288975652741963,3.3166746254575006e-7,0.00015786939134849502,5.3288783826848725e-9,4.295280968395202e-5,-6.278909489832994e-8,-0.01153382748930639,-0.0023385365110431613,0.001274670451475015,-4.2339296146252184e-8,0.0008513678126358288,-0.03156409801535834,-0.08662186102878985,0.0035572441595217302,4.335468588628112e-9,-1.9418338651264836e-5,2.483327404432283e-7,-0.021012034471617046,-0.014601197107559508,0.001592544145730839,-1.1434983275433978e-5,-0.12401484558481797,-6.464121962110152e-11,-3.1618266619284106e-5,-0.00019467525647992226,0.003568204901955553,2.6729866427806063e-7,-3.605312569014293e-7,-0.009326818959575508,0.017705121530848168,-0.0001160674125855848,-6.38682340271327e-5,-0.0005029791442420711,-0.006702329726601797,5.271042307011634e-7,-2.5005530409979605e-8,0.0008850052067752018,0.0015214591582855689,-6.031531768767468e-8,-0.0006079261441079213,-0.0009014165319863996,-0.002938024932532767,-1.2628698429953805e-5,0.0005717480606246782,2.900169463738214e-7,2.2460475413619493e-7,5.325615577505134e-6,1.9264696414223725e-6,-0.0002830765557764646,-2.6188140688477013e-5,0.0016675228737980006,-1.3379829483786878e-9,9.799530594461954e-10,0.000702899444447087,0.014672583072976362,1.5032827839235798e-9,1.6762215454296278e-7,-3.6592564033761366e-8,7.120919729490102e-7,-5.153864371679646e-6,-0.00024974368798557636,0.0009898700101715998,-1.341807271032355e-6,-0.0020760793988384486,-6.272645656342179e-7,-4.0967785164261534e-8,-1.1531867603762464e-7,1.529572850642932e-6,0.0002432082823761198,7.907167634214974e-9,-4.954197067548781e-8,-0.004023027192713345,-0.007134634894115103,-0.0023789013463759207,5.9687363669955816e-5,1.5223495946363436e-7,6.951839127924907e-6,-2.2067267988106232e-8,3.729698310025765e-6,-2.110096453229841e-8,-0.11370393250431159,-0.07331482210906452,3.2632522261439087e-8,-0.00023459678938922678,1.5361408486328844e-7,-3.5275976960162075e-8,-9.923077316609839e-8,0.0015010731289301232,-6.121812543405232e-7,-0.002006923003572094,-0.00046974918299696897,-8.14835718812511e-9,1.7379436771829153e-8,5.136085636145331e-7,-5.540842688398011e-8,0.0002611122931672213,0.018105177762995393,-2.5859113459892584e-10,-0.011810327532333357,-0.041899332532186695,8.805217416367042e-9,0.0031023927032269452,-0.0007581716896925217,-2.004882953211584e-6,5.8313094547805216e-6,0.0013245907038663472,0.016147990836826723,8.106916255998907e-6,1.0070741498508992e-8,-0.010248457586113329,-0.061522556190155314,2.6942373947371786e-8,0.03866285789236037,5.017696168113727e-6,-0.006041353003886617,0.00042743439965597956,-0.000212025295417448,5.315445308967461e-6,-4.05827563669526e-7,2.1320338211544233e-6,0.005470012045987519,-0.006754756783610205,-3.3460338104864434e-7,-2.0525478849553036e-6,2.491979642946155e-7,-0.0007313914879493216,0.19363753175859075,-2.3231352652121083e-9,-2.7185054465769692e-8,-2.7247927822859705e-5,1.941839822469595e-9,5.160226350293845e-7,-4.162160364853833e-6,-0.0001349859058008242,3.0235815133991036e-6,-1.7222126976237585e-5,0.17131041785349124,0.00014400113143831725,-3.76554407456129e-9,0.0005835449346706326,5.358384363295852e-5,0.0005218873229559074,0.0012342989903789783,0.001818322560151384,9.863583724894002e-9,-1.7472043139645446e-9,0.0010642882996507064,0.005249946939254342,0.00026161265146531983,5.527896598238502e-5,7.310880744026038e-8,-6.964051025757333e-8,-0.015203922965305263,-0.0011629628481697827,0.002010362358192657,0.0044724079058695455,0.09891623140362932,6.3911966667432e-7,0.0010924662832415795,2.047288199802147e-6,-0.00010033090990144511,-9.261556758179009e-5,-0.061973257717769833,2.2182470634600515e-6,-2.435909405516159e-7,3.837800334973365e-6,-0.008347575694137604,-1.1464473281514515e-9,0.31861981574807613,2.975598079143143e-8,0.00025812660049782715,1.8059364666558612e-7,-1.7570628357371106e-9,-0.013165833288260752,-8.56441217999034e-6,-0.005719762319109052,0.00539615192201336,0.0011055763595529268,0.0017163676282065713,1.93666170342408e-7,0.014774673464882059,-0.08473334256363126,3.6389938003454956e-6,-0.00373442582400727,0.0058068604138782065,-7.626928606889982e-5,-0.08470407426409264,3.0645511627292707e-6,0.0012070115921895045,-6.044561288016761e-8,-2.6498942951091287e-6,0.003934239000927162,-1.763717571422579e-9,-0.032753087967169796,-0.0008727458079421951,0.0006326996493280757,2.675244410275036e-9,-1.3240306109398673e-7,-0.09480926266092292,-0.03461379173759152,-1.1112586890967265e-6,-1.8971124323342444e-8,5.0229628326423086e-8,-2.8306329596999926e-6,1.4061217321003669e-6,7.386518211135865e-5,-0.00023088994958372685,0.14954689797342657,-2.3492692905349423e-9,-0.0006133974729348304,7.172679304562137e-7,-2.241775180738156e-5,0.006464166134361875,0.001608697973222097,-8.721432965696327e-7,-3.0788584622266204e-5,-0.007949468409082585,0.0006089138287579438,4.675643801573117e-7,-0.017945794361579347,0.013805014442724828,2.072587267509981e-6,3.8928139005083307e-5,-9.828907491115594e-5,-1.6258633916916903e-5,-3.016791873112177e-8,0.01777734391348817,6.173790083390061e-6,-1.8711220007162073e-5,-0.02516023183892503,-0.002514807126755501,-0.002312485967464573,-3.677679721621072e-7,-4.245599308403687e-8,4.827364824504486e-9,0.007004677046096127,-0.0016205086775959278,0.025814533987667337,0.0012249836573031095,-5.6933325761266804e-8,-0.00014744606257722224,2.4370434266039653e-10,4.791558896418562e-6,-2.527957728697578e-7,-6.495859667025824e-8,0.012742907884521747,1.4422998529101139e-6,-0.027541595065409662,-0.005831576602402014,0.005878079657069038,3.9416666775488486e-9,0.009990343795268293,-0.00020708599458580922,0.010601060107873934,-0.002514338317588254,0.0010206192516171964,-4.011848636451958e-5,9.57235111612014e-5,-6.495834939405696e-10,-4.0816875104173566e-10,-1.4052359573796486e-9,-0.0400840503095444,3.6741568402115908e-9,-0.003431288846373589,0.014673210996798797,-0.03226544881574169,-0.0002807267730341444,0.000410123606141916,-0.037201746311135375,-1.115639371665799e-11,4.924910930452687e-5,-0.06336677283325874,-5.626304023466838e-6,0.0069539669662263305,-0.010645688345992324,-0.014466626805702706,3.100798904949173e-9,0.011348900017472387,1.0995539508258894e-6,-0.00014691819873443657,-0.0007070419415093125,7.43438158995726e-6,3.0466338374944905e-7,-0.0031437576284011983,1.9562197378260853e-8,-0.00250316353245897,0.03718970949610462,-4.259820281238068e-7,-3.215084041420243e-6,-1.415671184767685e-5,0.007984528924239126,-2.2147714382090514e-5,0.001618473249813329,-6.275889455676968e-8,-3.989027978061823e-5,-0.006900978222691994,-1.3809307174901641e-6,-0.06276002525985522,2.2229485955637645e-8,0.014300986732029168,-0.008393975274686046,0.0006216432579525354,-1.5039089403547244e-7,6.192358634696994e-7,3.8190710842584555e-5,-5.271085044258125e-5,-0.0009732824902620915,7.605734891696738e-8,4.596928122307587e-8,0.0013748324169933028,-0.0300663637327067,-6.98163997034586e-8,8.415404062951174e-5,0.00010971319890423249,0.0026380181337524533,0.014681614677661797,-7.917791107995531e-9,7.812772425734536e-9,-5.082605572377306e-5,-7.110562360588414e-5,-0.00012653475612784673,2.8391725128394836e-7,0.00025432682602262034,-0.0026641468647021493,9.449823127449027e-5,-8.628613512152501e-7,3.4519913182772723e-7,0.01047048783877701,0.3148312001334188,-0.00263246496667292,-0.07628853646426614,0.0033230376716811448,0.006925055237069453,-2.8621351448400946e-8,-5.710353434730989e-8,-0.000821328534550179,-0.0003411535142373688,-1.3646796193761063e-9
0.0,0.0,0.0,0.0,0.0,0.0,0.0,0.0,0.0,0.0,0.0,0.0,0.0,0.0,0.0,0.0,0.0,0.0,0.0,0.0,0.0,0.0,0.0,0.0,0.0,0.0,0.0,0.0,0.0,0.0,0.0,0.0,0.0,0.0,0.0,0.0,0.0,0.0,0.0,0.0,0.0,0.0,0.0,0.0,0.0,0.0,0.0,0.0,0.0,0.0,0.0,0.0,0.0,0.0,0.0,0.0,0.0,0.0,0.0,0.0,0.0,0.0,0.0,0.0,0.0,0.0,0.0,0.0,0.0,0.0,0.0,0.0,0.0,0.0,0.0,0.0,0.0,0.0,0.0,0.0,0.0,0.0,0.0,0.0,0.0,0.0,0.0,0.0,0.0,0.39083815054751636,-0.04876541685647586,8.10678879992442e-8,-2.4923752453543685e-6,0.03297946616991459,0.00042842398858752194,2.592164062549939e-6,-0.00416522020284817,-0.043193377639982364,-8.7153752205825e-8,9.249574496938694e-10,6.75590529486621e-7,1.9296866094757484e-9,-0.031849548100141525,-3.936340364077513e-10,3.463319030025033e-6,1.3122479705322806e-6,1.611437373988657e-5,-1.5053335200532155e-8,1.5806730975564982e-9,0.00011619145129052266,-0.009200883217703714,-0.014580712940075376,0.020080941152472595,-6.644800718264225e-7,-0.0038328195599837606,8.340362443893071e-6,0.023186697771954704,2.247457884251257e-9,9.853537685444058e-9,0.0001642418320972475,2.2683205274220548e-7,-0.0007239243853169288,-0.00012463761696372632,3.082417084850972e-9,0.13642564357254772,0.0002814441164086068,5.922014548884047e-5,-2.6426654139818183e-6,-0.002102290163654413,-2.8442069504008306e-7,-4.625830889622863e-10,-0.06346644011805953,-4.070802227946393e-5,1.4861298891412184e-8,-0.018403998724786694,-5.3703691548407214e-5,0.2675506409201409,-0.0013172087109610986,4.125452097106547e-5,-6.229137640182973e-6,0.016660236786653702,-0.05260765080577461,6.860229677901253e-8,-0.024047906814808537,-3.207684821992022e-7,0.00010027680177166669,-1.4886142722098546e-7,-3.0999158225728197e-9,-2.0711794947969977e-9,3.5135806140597075e-8,0.0010227516143881134,-0.024194678463081067,0.00013728008950425916,-0.004747080710309652,1.6036549589249084e-6,-1.2966004987989806e-5,0.0004084573222666555,4.943737724444776e-6,-4.898519159083722e-7,7.51315507609251e-9,0.2440192742078861,9.049852340890463e-10,0.011413166081006218,0.016498926463499538,-4.942189788925209e-7,-2.720436203685626e-5,-0.019594613226394296,0.0007754229236567048,-2.0162091823467487e-9,4.135630208906972e-10,-0.031894404326453296,-8.930674233235633e-11,-3.80596304492721e-7,-1.3492557438061588e-8,1.217253340937839e-8,0.0042060131309390476,9.954888542905055e-6,-0.018752717801104088,0.014742223023708234,-6.016796804186947e-9,3.0740588412576395e-5,-0.0017473437800802705,-0.01102401849526621,-8.291262898464184e-7,1.522249413709933e-8,1.664925035135067e-5,0.0015825140148703805,3.107221101308788e-7,0.06010409348057184,-1.9816677704432914e-7,-8.910570926779156e-6,0.04311706318794796,-7.510423909486629e-9,0.0004174334459251599,-0.094104390159573,5.566944026750051e-10,-1.186496112905142e-5,-0.004249704087302254,0.2134191115979124,-3.737942110630991e-7,3.06451950409417e-9,0.01760163331286344,2.7787430796426903e-5,2.595316885434035e-6,2.085819065372389e-6,2.9876498773385583e-5,-4.511865601884872e-10,0.0007132414912708735,0.09873481237891128,2.049382074497502e-5,1.3508893948142406e-9,-0.010347334425499378,-3.5563454448000013e-9,-3.931022124150579e-5,2.6259395676085163e-6,-0.02839641503658703,7.1243403716785815e-6,0.19628974381709996,0.002094911114862718,6.809453466748148e-8,-7.776949340729207e-9,-1.4431506545300783e-7,7.311801035563833e-5,0.02980098691431034,2.2555543665868606e-10,-6.139863469011038e-11,-0.0013171916914651075,-0.000332590871047055,9.426792946212822e-7,-0.007927089010742749,-2.13236503943748e-9,1.276046171114659e-5,-4.46917379867917e-9,0.00012222680376977485,6.6473473282825545e-6,2.525465919935425e-9,0.0007785246005586192,0.00822594927280489,-3.0979307787485836e-7,7.673863612699566e-7,-0.006475828637100051,3.5992810150470973e-9,0.03977613327935605,-2.905034452667628e-5,-0.006054322085729465,-1.0963902554166208e-10,-0.004424709504632468,-8.123740963124176e-10,8.661712647543844e-5,1.8236489862586161e-6,-0.002382528146587709,-0.0012621030177056925,0.01307538444506492,-1.9656259879865488e-7,-0.043461690493803114,-1.0698936803611709e-8,0.00040965379149849755,0.00045525213046433173,2.7367715717017e-7,5.130656283666422e-7,0.11449441798179309,0.00034286969617940464,-2.5883667291102472e-6,-1.0898240162726279e-5,4.372795379225236e-10,0.015303210507184953,-1.5847184835443648e-10,7.063096029925443e-9,2.464076956952773e-9,1.9644362436651445e-5,-0.02258070950269468,0.02274265101658666,-5.392640770966547e-5,9.710897574985493e-10,1.6726918520056856e-9,3.962872389098333e-5,0.005652282021792199,-2.800431278519785e-7,-0.0001565501681207784,-1.5721626204366223e-8,8.793454076241627e-7,-4.009564452984771e-5,-8.482742955652096e-9,-0.04719548698941629,2.3625614083347782e-5,5.278030007857306e-6,3.695098524933797e-10,0.0013425460377080596,-3.972788404758073e-9,-0.016300549481072527,-3.9173173363384144e-7,0.020156007444639714,9.722018185943397e-8,2.8720811883726107e-9,0.006936223742808883,3.7451523340963235e-5,-5.715343468185365e-5,0.016804653207928823,0.01865055358150699,4.531586348745473e-10,0.0016471355409686584,0.16990028751024414,-4.2167055288466835e-6,-2.283464856372421e-11,7.657924187324767e-6,-0.00010130005096718194,-0.000338543500496735,-4.429605064429442e-6,2.98376718876929e-8,1.0055902368706108e-8,0.08801810189911105,-0.0029467595059737618,-0.04258996252612908,-6.926137514058556e-10,0.08527721689901147,-6.080164594257117e-7,4.594276103057165e-5,2.91833235905128e-8,5.457062387598582e-7,0.009125889580611283,0.0001804765107911609,8.524041399593267e-7,-0.0007722633767815334,-6.198959192495018e-8,-0.01899543751023869,-7.577822583016874e-5,-2.6995981849379357e-7,0.0075015212867535945,-5.0525204101076185e-9,0.011065561242652051,3.793763894233823e-9,1.0521025331541713e-6,-1.770170473130908e-5,2.0588457872058863e-10,0.0010301017017048328,0.22995295834133964,2.77830542471975e-5,-1.88199355152879e-8,-0.0124403629280186,-2.4874742425574594e-9,3.2633333606236006e-7,2.7535184572321497e-5,-6.553850948903634e-7,0.06286747275662867,7.606830662780716e-9,-8.810874113583254e-6,0.001658048665604364,-0.0020600228977978546,-2.267985391520663e-7,2.339173898503171e-10,-0.0006754898638722275,-4.38907919068953e-6,2.2837294722867578e-8,7.662268211691994e-10,5.736796900468222e-7,-2.999075214302547e-6,2.044440076513442e-5,3.0232338736328383e-6,5.932611815753876e-8,1.4276378570923399e-5,3.2478634993243393e-9,5.1644364086408775e-8,-2.3452700170026244e-9,0.015381424942396395,-0.00024351317396120097,-0.020506098206640254,0.023296294768916172,-1.6607807147550167e-7,-7.173778062859859e-6,-8.324388365164247e-10,0.000521231677437072,2.8844910772609403e-10,-0.014266641062359626,-9.302404598072217e-9,-8.538259373218072e-6,1.5340124792376453e-7,4.975880639489474e-9,-2.5105580074971435e-7,-5.6267964077241593e-11,1.9355501727265524e-7,-0.015860705063430854,8.326660863328367e-10,9.256012094219034e-11,2.1108806833227496e-5,0.0046386416991625904,-1.7832854532137735e-6,-0.00013194603411328313,0.009288532935229075,7.936167750941984e-6,-5.239114061834038e-6,1.911330137375857e-6,0.0005709146581558343,4.2847019460445745e-5,-0.020418363996283932,-0.007468177015371642,3.7335448899897093e-6,0.14920580691600382,0.01186117464974456,-3.413545816336462e-7,8.288190425820152e-9,-4.21925304617758e-10,0.007294118901546603,-4.930469142570864e-8,0.023194751403419155,6.422253846448751e-11,-0.0006399149733020225,2.3551100608637413e-6,-0.0054773278903341325,6.569803997220068e-6,5.971512954802666e-10,2.1871488757004226e-10,-4.0054740357590795e-11,1.6057043407613887e-10,4.1844496202523126e-11,-0.07114691218023474,-4.646968438002732e-7,-8.484592259089362e-8,5.426675934313275e-5,3.918719925492131e-8,1.049088503424753e-8,-1.1748472001806315e-7,-0.004437022332026998,1.3860254453202467e-6,9.177959978500082e-5,-2.1068542772039135e-5,6.845032924563816e-9,0.0005281383025345131,8.534098562360319e-8,0.03937230219165107,-3.5040897915439584e-10,-5.576855328398084e-10,-2.4418745664557314e-8,0.02871644894524663,-1.0009320666242715e-8,-0.0016429895707264146,0.024689447296801576,-2.312953298621909e-10,-0.05313770637003022,0.0006359681362166838,0.045824007262025006,-4.180428495748013e-7,5.45762427744581e-9,-1.3142153402773292e-8,6.028583675423973e-6,-1.4836295879760834e-10,0.00011774197986235798,-1.9568545494586834e-10,0.006407263748152436,2.2770779117953332e-9,4.412498155789021e-8,5.3601601776625134e-8,-0.04607780226200472,0.016943202669477606,0.018088569330873307,-2.725933018586552e-5,5.885283059966236e-7,-0.0033336295264169914,-8.664877917728394e-9,-0.02999861245545612,9.933854627444157e-8,1.0036378786456476e-8,4.924158927196292e-8,-0.011475470891239204,1.4267471894704985e-9,0.06165790506456288,-1.5519665025607694e-6,0.20057334144129457,-5.204616516704329e-9,1.8136787948830768e-10,1.3919782849027046e-9,0.24461475069099592,6.956457316152386e-10,-6.9915853903341e-9,-1.3565468813047285e-8,-9.457408388994887e-9,-0.03544289489876645,0.0001998472475313003,-0.006820220520171666,-9.285143807926514e-9,3.864062006076083e-9,1.2168236413393527e-9,4.448871401438728e-5,4.3454311203191146e-10,0.014753664665316477,0.0005591813704118858,6.925549235293775e-6,-5.000955213368479e-9,-0.013145938745864335,0.0004325146692756196,9.091150522861423e-9,3.2608610410674885e-9,-1.581698951528206e-5,1.1270995884597348e-5,3.573679927615722e-6,2.9941400404730995e-6,-0.004360901302701293,-0.030936974755226727,2.249676188835757e-10,1.5520039646018918e-8,0.22936340176507786,3.245190482273993e-7,-1.5379717355709953e-8,5.223354888516981e-7,0.0001571784150364227,-4.0595383242839653e-7,-0.03765513375836369,-8.27486009852242e-5,-0.002822913944365713,4.6938584461222546e-5,5.477692124082991e-10,5.2827377994749014e-5,-2.0095930332943675e-6,-0.020166666825563694,-0.01307864297025122,-5.276291317181154e-6,-1.1568919900859495e-9,-0.017824304521328146,-0.02782575441999976,-0.015102564633343593,-0.0011196087359651844,0.00021288284091452886,2.5658473613700837e-9,-1.4872058109545044e-7,2.4752589747261804e-5,-6.12775120711686e-7,-0.0005382866210011121,0.014871291629455916,0.3637642673114713,-0.0020635628398883088,8.000539255344673e-7,-0.02207221241757875,0.02569597676873284,1.1345612506588716e-7,1.392757930861693e-9,-1.3955986133686804e-6,-4.2609644777357975e-5,-0.002094194784413951,-0.0009387696005493922,-0.031661669569866976,1.493317732951562e-6,0.03537212786827326,5.107468657537294e-7,5.156814483665025e-7,-0.004003645310750255,1.4011543235093827e-5,0.0038457848157264878,0.1342198077011877,-0.011761533784985631,-1.0760208961003511e-9,0.0012815810619687985,1.794820333808137e-7,3.751155414674249e-6,0.03028596342949794,0.029879296208299978,0.00040328430397703404,0.19754767866760656,9.364432130934642e-6,3.78932927947836e-9,0.005258667586197694,4.335568625037431e-9,-7.589660331653707e-9,-0.025731610325001437,6.145126544345132e-10,4.3048142030912075e-6,0.000993800048467173,6.630794952126844e-5,5.7760648304547515e-11,-6.433544947198017e-7,-1.1633504215320922e-5,0.0890762456040599,-3.674861694665418e-9,-3.385506600878418e-9,0.009463104608021461,-2.6586736960915303e-8,-0.0013660265717847348,1.1011836518836112e-6,-1.084949896191235e-5,2.2544043462010984e-5,-0.0007557822740899521,0.021574030494079986,0.00028492090032695516,-2.2628590924273773e-7,1.2923004998231675e-6,0.002135712025138292,0.029353828357573573,-0.06907530320143351,-2.977207131056851e-10,2.6940162134533668e-8,-0.0011225234463262143,0.17108291327201355,0.0002996219394373713,-0.013578743052372876,-0.0258537781763936,-6.287039013584342e-5,-1.6290591773329553e-6,-0.00014297118203848946,0.0001755100387418954,-1.027874530135611e-8,-1.1132924618690734e-5,0.011024012233888521,-4.2817769708064305e-10,-8.487705600906069e-5,7.881948806778285e-6,-2.70173653935116e-7,5.878810226220592e-8,-0.027714184423696737,-0.0015977992339460687,-1.9379913101750303e-10,1.0015440696703126e-10,-3.2561388169243634e-10,-0.00016502600973983394,-0.0048019692029270785,-0.004516030452258435,2.1910144060427458e-8,-5.015563762821079e-7,-1.159786819694732e-10,-1.9579175323037524e-7,6.437282939265688e-8,-0.002315093151463432,-4.6521062554148415e-10,0.00038817670890823827,6.811735665997082e-7,3.443713144849409e-6,9.301981459737175e-8,-0.00022931065118984005,0.00649638184250196,0.00019294709855532686,-3.4513711888292937e-9,-0.003026414394245797,-1.816531491180371e-8,-0.03026058739514219,5.4565787579987807e-8,-0.012821133097863303,-0.003082973754930709,1.5372789078574525e-8,1.4252392233009842e-5,-1.4771371184188424e-7,-2.2004345762275105e-8,-2.204256125023646e-6,-1.0386684342176367e-5,-0.05386179903226593,-3.053374336977851e-10,-4.3610565334252034e-10,3.4615740779301916e-6,6.918067878908791e-7,1.280227969417878e-9,1.950590348827813e-5,2.6275312875063886e-7,-0.00235230550395832,-4.31730427068342e-6,0.1993294395085814,-1.1304776776517344e-5,-4.4501881336700844e-10,0.01547849816693044,3.90580498422725e-9,-1.1957885965936966e-10,-9.543574803951517e-6,0.012956041329042189,0.15532506720125977,-8.650070519345585e-9,5.1075195325385994e-9,-0.00014595021461437423,0.11848420576161524,0.02303604981260469,0.0075819849948503965,-3.1379928373521544e-5,-4.57300449698993e-9,4.408100178961828e-5,-1.903840066546908e-9,0.015951458764556527,5.986391648139722e-6,0.0005612311351527614,0.0006238042135536967,4.240496088604759e-9,-6.2123727868796736e-6,0.030744430747987495,0.0007428021700251089,2.8750051416762265e-6,-1.1695045140327175e-6,-0.005495490517734904,-6.785535718677705e-9,5.2367837443420855e-8,-0.003105654887049156,-5.08982880936734e-5,1.264984483277752e-5,0.00010501624056661994,0.04625738406484735,-4.3689198079705914e-7,1.933141280705664e-5,3.857656394365856e-11,8.967295851334202e-9,3.2809264362616603e-6,-5.614661364496777e-9,-1.7389313059575702e-5,0.17356341888613522,-0.022118466886642166,-4.369324616545754e-7,-1.1597903723231997e-6,7.35501584857169e-8,-6.926662671619112e-10,-0.002785088650864734,5.535367122610752e-6,0.007106127124608287,-0.0013462673283548788,0.0006189863597633813,0.013423249725391873,-1.855601845930322e-9,-0.0002952017859568787,1.3903471452935566e-8,1.9747779377235585e-6,1.309913993090136e-8,0.0013040248498125905,6.320508329742872e-9,1.5318825633235704e-5,-1.8056683012946792e-7,-5.062649890434745e-9,-2.063124263194007e-9,-4.394435617838262e-5,-1.922103579390775e-5,-0.0008411451263420477,0.006335143479858613,0.00906490211320673,4.012873852030562e-7,-0.02372580958710356,8.988213990883525e-7,4.752783674820335e-8,1.6495517263224093e-7,-1.837044325514797e-9,3.508929864655078e-6,5.161553628101485e-9,0.004924324441831899,-3.9454258540197313e-7,2.3264667226250155e-7,4.963557055237646e-6,4.026372927026673e-10,-1.9143787795550418e-11,4.463749818429129e-9,-0.006973226592697447,-4.903768445839635e-7,-0.0010232975231324643,6.485606565629106e-6,6.428941916403163e-10,0.00021454359271349207,0.0017114026352883012,2.39457572543573e-6,-0.0201169510507129,-1.3555364638874976e-6,-6.140586624447446e-9,-0.001071898423369178,1.31452831552385e-5,5.624596493541718e-5,8.247336171275805e-8,2.7310958037265165e-5,7.195877950285319e-10,0.09719457605137556,-2.5110532820287603e-6,2.171352663366012e-6,0.0014219257076570888,-1.0703652739201234e-8,0.0002355125829779866,1.5076288337028052e-9,-2.5177034968931373e-9,3.2361656717013265e-10,-0.004869947867201601,-0.00022164239204589618,-6.703029288062713e-5,-4.562643045125581e-6,-2.4252645139118533e-10,-0.002072534401332904,-0.014626573508547642,-7.41824489841879e-6,1.0767496704749237e-7,0.11433071187628882,-2.2377811952285374e-5,-0.00010783064479648578,-1.8296105617874157e-7,-5.680839789119374e-7,0.031011788593829075,-0.03880744730206954,-3.815124741294086e-8,2.2777641804597197e-8,3.39359054320835e-5,-0.008613321313283687,8.368520321554443e-6,1.5124181210298943e-8,-9.525523042770499e-5,0.0008581974019115388,-0.0032135904481790665,-2.4366681645303103e-9,-3.809706257048511e-9,3.7167171476990934e-7,6.4982505148608e-7,-1.015755747814682e-7,-1.3171199371855301e-7,0.12257429178021086,0.26573940180655964,-1.2608748053098112e-9,-4.046206634359593e-7,0.002360292124717272
0.0,0.0,0.0,0.0,0.0,0.0,0.0,0.0,0.0,0.0,0.0,0.0,0.0,0.0,0.0,0.0,0.0,0.0,0.0,0.0,0.0,0.0,0.0,0.0,0.0,0.0,0.0,0.0,0.0,0.0,0.0,0.0,0.0,0.0,0.0,0.0,0.0,0.0,0.0,0.0,0.0,0.0,0.0,0.0,0.0,0.0,0.0,0.0,0.0,0.0,0.0,0.0,0.0,0.0,0.0,0.0,0.0,0.0,0.0,0.0,0.0,0.0,0.0,0.0,0.0,0.0,0.0,0.0,0.0,0.0,0.0,0.0,0.0,0.0,0.0,0.0,0.0,0.0,0.0,0.0,0.0,0.0,0.0,0.0,0.0,0.0,0.0,0.0,0.0,0.0,0.38589963604481653,-4.050229053504923e-7,2.8605103408986115e-5,-0.049826247665101235,0.0013629665114655491,-5.7443177294439857e-5,-0.03591434861861248,0.0067698716269194836,9.332977075869909e-7,2.298593210456265e-9,-5.415121308169527e-6,-1.2266276331916107e-10,0.0009894229440568316,-2.0684924208867126e-9,-1.3522858954482091e-5,5.630905647844748e-6,-7.724007182654773e-7,7.084781510911414e-8,-3.048355527950676e-8,-0.00022937759719610684,0.030350937838960583,0.0025399117506483223,0.05585172387583375,1.481248774234402e-6,0.02013168684201947,2.1817194186117623e-5,0.0030818801116390703,-2.4059941159890095e-9,-5.966541097248033e-8,0.0006843234072065148,-1.1849729942471648e-6,-0.0011193535454362745,0.0004977562861216277,-9.145315854067517e-9,-0.024159002267266975,-0.04742751331178764,-0.004931572858498979,2.1659602315810638e-5,0.01002602534915502,2.20301586822213e-6,2.7446264891711474e-9,-0.014105608184136463,0.000495457294074647,-1.577391320948896e-7,0.005064201145634064,0.00014570562194669845,-0.038193055469607155,0.010078420838237564,-0.00024421872718845397,7.10651813567846e-6,-0.07064905485057181,0.09858580294433593,-2.262209374129157e-8,-0.017116062045496414,-1.5168667577493644e-6,-0.00026140086060750183,6.551586819640184e-7,2.0773055254745554e-8,6.129870911539695e-9,-3.638248382561766e-7,-0.004690022000274823,0.004952284647251323,-0.059446437207223576,0.08954885908531941,-5.345626913528037e-6,7.058539115481438e-5,0.0005916051998821109,0.00011919582129018843,7.4020005819572505e-6,1.8273549810595192e-8,0.022829545526578326,-3.527835682314128e-9,0.000327053898942408,0.0021564613784701924,4.286189959670935e-7,0.00020821357277446003,0.04503420612791836,0.022135100023836923,-2.3399256559898144e-8,-1.8450151214714103e-9,-0.01888151571958171,-2.2145606529156312e-10,6.085922732617304e-7,5.2676592472918993e-8,4.6199614925736694e-8,-0.05274156357746325,-5.4185610448369e-5,-0.0006410617533216596,-0.006459945714331223,2.9371479003860157e-8,0.00022072759915353802,0.002393395002248245,-0.025298379901933142,7.542150051563629e-6,-6.534811025972562e-8,-0.00013560024460688722,0.003032949397124618,-2.1555469910930223e-6,0.019653099897897194,4.3988808730293276e-7,-0.0001813139303190338,0.018001789816960864,1.0442958325450109e-8,-0.0017097496764312315,0.19191188441722612,2.6572268898114487e-10,2.5796369553897068e-5,0.007664406738555998,-0.004216524551643377,1.5113057531852305e-6,-3.009903635022338e-8,-0.05672002899601203,0.0010575411618649684,0.00011873290347292099,-6.708672592310072e-6,-0.0001050554276640687,-2.4392039806927643e-10,0.02430348558741103,-0.007998787086518687,-0.00016582857243563267,2.50147040239362e-7,0.000960852010364398,2.3286466041837363e-8,0.00011273327675655716,-4.560402216708924e-6,0.002145196992405139,-4.256147705888394e-5,0.008074802088244373,0.009982432334603419,-9.730951290106542e-8,3.629074123173925e-8,1.0144863626669817e-5,-0.0007273891517938265,-0.057557963322059355,-1.7704920848462441e-9,-2.925051086579082e-10,-0.0011210866846535791,-0.027916146019685933,-4.852506058643996e-6,-0.021038896609839458,3.0018701232870278e-9,-6.021157491856781e-5,-7.081619259921276e-8,-0.00016933835648303444,-2.1474973880858096e-6,-1.7210645798403304e-8,-0.0009497194483014297,0.0014716702189018097,4.8345943923747784e-6,-1.6211653582493984e-6,0.09327878212237593,-7.919840660709854e-9,-0.04192985832801372,2.4658647548136294e-5,-0.00036019338240614356,7.785087534230496e-10,0.06042715405145864,6.9909564450608216e-9,0.0021932478593013685,-8.900356191265835e-6,0.01090635948273783,-0.014927592654144247,0.0024795893827826636,9.151797130179708e-7,-0.01911287695914759,3.156486781729995e-8,0.0002300456798847595,-0.015378724062904848,-7.503568726245464e-7,5.6439116174167796e-6,0.029076203070116602,-0.0012516125486348134,1.2706956619378694e-6,5.238254980905991e-5,-1.1164888697644352e-9,0.0017160007268255928,6.540494462688772e-9,-3.489986742230096e-8,-2.0720939407790955e-7,-7.253597704905166e-5,0.23346480493143898,0.00295900843485678,0.0003999644128026225,-8.544834121626617e-10,-8.14909835520367e-9,-0.0006014035916467774,-0.008341363051368489,8.164821811048329e-7,0.0005776411189990111,1.4997597926514058e-7,4.925459509202346e-6,0.0008351536215642301,1.8133129609039087e-7,0.002077806722723894,0.0001438945609519206,-8.085678656509044e-5,-1.6025237653330735e-8,-0.005145842536559992,2.375184664038255e-8,0.19726953978475328,-2.920609690917953e-7,0.00245372807056675,-3.232824257518341e-7,-2.233185312540601e-8,-0.07117570686700322,-0.0001718726903135208,0.00020413576054707292,0.002540677169181754,-0.0010913519795518012,-7.457584503463612e-10,0.0001196785406127043,0.013143442318814624,-1.361556287767459e-5,-9.90551470546126e-10,0.000774520069568403,-0.001989813527163616,-0.0371880885904569,-1.649307390534804e-5,-3.888979279539145e-7,1.9165399101970397e-6,-0.003547314879101801,0.01587108815070009,-0.000742426111301596,2.1421603932982978e-9,-0.046523251577786424,1.3581891417123032e-5,-7.808507803990805e-5,-2.2379910558721437e-7,-5.6205836311756785e-6,0.0037133520306581024,-0.0011251337882190679,-1.4513475237044548e-5,0.01686486149763971,8.022632410306002e-7,-0.02316428331902524,0.0003672622133111138,1.6164321001458359e-7,-0.03886967739321029,1.8654787609818137e-8,8.08919355968254e-5,-4.005138018190763e-8,-0.0034881648576683814,0.00013691153796828201,1.8285140260260512e-10,0.017202253860967204,0.02158531068088299,-0.00014484522282779476,1.002853336383672e-7,0.20704141984933178,8.37369080750193e-9,-3.142835779997131e-6,-0.00010850096674008576,-1.0771473294590957e-5,-0.0007022819528267719,-8.6139563798873e-8,5.704642536283159e-5,0.0019435787186502594,0.007181953490160925,-7.314832077690809e-7,2.955315170561618e-9,-0.0002720498105456285,-5.837143650155654e-6,1.9671991029811888e-7,-1.6275035155666037e-8,9.463299529455291e-6,0.0003921688461335233,0.009380061792376534,-1.2855524360923126e-5,1.5052725639133304e-8,-5.778062955880962e-6,-2.2572009122099553e-8,-1.823595233574688e-7,7.829299676310732e-8,-0.1045609608172697,-0.013085682856753683,-0.023293084752043055,0.006744291131987724,-2.082374607507259e-7,1.246115447467994e-5,-2.0718696401449645e-9,-0.0020819922166079438,5.349869066560142e-9,0.08553902535019442,-4.279225808043748e-8,1.155888817839376e-5,-3.5262122098671855e-7,-4.0037898919425754e-8,1.2655658081811266e-6,-7.031856544572056e-10,-1.5572462368026898e-6,0.002671587677220059,-3.651321008997866e-10,5.3984236037174175e-11,-8.763517060561312e-5,-0.018274200937079446,-2.8295345893842753e-6,0.0007641105339887747,-0.0020525668575968907,1.4278331878349293e-5,1.801865906101278e-5,-6.0341111597412376e-6,-0.002828637977897543,-0.00042796120094567327,0.00010580988918647277,-0.002198576637263274,5.969918900353973e-5,-0.02031551647820215,0.0016169450641387124,2.1998755008335003e-6,-5.529967725562821e-8,3.573058512482846e-9,0.0008567024899792766,8.943563264674104e-8,0.003121471790884252,-6.376523368999401e-10,-0.03325107508427862,-6.447563148084181e-5,0.003989223979788849,7.606565990593008e-5,-3.829869445099104e-9,-4.340091402461482e-9,-2.401234553191692e-10,6.709358002036717e-10,-6.901806551309722e-10,0.20659128872105295,1.1215268855870993e-6,6.862037414111712e-7,0.0004187857167377235,-1.2134952220116082e-7,-3.85462405075858e-8,5.628336859538907e-6,0.0018252827834418263,4.055438841165015e-6,-0.0018427033075624954,0.0005492426447584102,-8.168668824225325e-9,0.005448106611606273,-3.5924967243695573e-7,0.06607758748162948,3.3687411510231993e-9,6.905551276803714e-9,1.43656756730348e-7,0.006654837251456281,5.060832699439703e-8,-0.006216800487770907,0.0023062293378752867,1.3811740306550142e-10,0.006351731653073532,0.009451041423073028,0.01538139351865182,3.154779413853262e-6,-3.069259744068527e-8,5.674213523342608e-8,-2.598977348205417e-5,-2.1821435482995966e-9,-0.0019160825238555635,-6.990070664100171e-10,-0.016092320638673344,-9.535396928306201e-9,-3.080723099213319e-7,-3.695481474284624e-7,0.0020265069646362424,0.0025444934406961784,-0.02033801017299405,0.0002917184751352855,-4.052887819731449e-6,0.01713543973711659,4.816579793130979e-8,0.002573058630561289,-2.132863046218934e-6,-1.6760454566252806e-7,-3.388710861425024e-7,-0.016641888418056177,-7.567468233246799e-9,0.010403949156191361,4.267280470135383e-5,-0.01805865970172211,2.8772613672481775e-8,-3.5952944820013107e-10,9.513902842113316e-10,-0.000240399566682164,-2.25642942998068e-9,2.9160188841986098e-8,6.016189774601519e-8,1.2677595078207743e-7,0.0033131363195928877,-0.003085071044742313,0.1313460736384944,4.407521538196939e-8,-3.704269030835539e-8,-4.7867288748214615e-9,0.0008714752776110215,-4.2769716948219993e-8,0.001407650081470832,-0.0024367776336225414,0.00010388462138997509,1.1165135654761154e-8,0.18373784426702994,-0.00996457583418099,-4.856695433314138e-9,-1.8590590471332315e-7,-0.00019403732441016826,-0.0002502579350469634,3.5016808509746354e-5,-9.383983691678128e-6,0.09673164328526923,-0.02134259399801685,3.520943586109288e-9,-2.1585705807046647e-7,-0.024098990007997822,-1.9972675034646915e-5,2.1846888375453414e-7,-1.8207023461641565e-5,0.00017747679389546923,1.5431315403164741e-6,0.21590236281088537,0.00027311904332922974,0.008301634005952652,4.755010756515368e-5,-1.9833356908221434e-9,-9.691378190356606e-5,-9.953191505302168e-7,-0.010572823609357056,0.0027348433457186102,-3.2073391687686337e-6,3.1210406074718265e-9,0.0016267537966040677,-0.013484879751937918,0.02315349275173139,-0.055298157472472645,-0.0016034467162078837,-3.962814086748642e-9,1.4159645048639237e-6,0.010212565783197675,6.915800888226826e-6,0.019942566448009295,0.004716007856910257,0.006977524123615254,-0.020277767923801135,-1.5538661955237674e-6,0.004602432936685474,0.05663162675817494,5.831596163192603e-6,-1.3955293085970046e-9,1.1788882255386841e-5,0.00012737410766915493,0.10131029316399318,0.00042211825157556444,0.08919816508892159,-5.657824960744281e-5,-0.011086447181886136,-3.0247984405867203e-6,-2.8625751071405363e-6,0.003935378673805556,-5.153797796076137e-5,0.02893558510165673,-0.009116453311312053,-0.002831160307217327,2.2361114315503383e-9,-0.005750181275823165,-2.04414666510352e-5,-4.330176679595052e-5,0.009537524938835858,0.009466070854383786,0.0024899047527120145,0.028994771106465547,3.735215468486653e-5,-1.0372096476072828e-8,0.000697118068609308,-6.656918874149727e-8,2.261974816826867e-8,-0.005179511709160496,-1.9566314403274687e-9,-3.378971221177908e-5,0.013043222199399618,-0.0006564300652381432,1.6729262900558075e-9,9.984921559873982e-7,0.00035201791945364884,0.020830821242615056,1.7670666017964185e-8,2.9878710425073286e-8,0.008745293834756558,1.3683151747118281e-7,0.007283662942539591,-1.7627161450239893e-6,0.00013364694354111906,-0.00011161431447700076,0.002868639261812194,0.003842422082991522,0.0046863275038579715,5.040470349432255e-7,-1.278877322216021e-6,-0.017307679617014505,-0.08494146696571087,0.33404885338547324,-1.620294362441725e-10,-1.0535926799503969e-7,0.00060418647130238,0.01359990634367461,-0.0010734225791309683,-0.0002511878074547289,0.2363693224779871,0.00044086017674108884,-0.00017919404901892757,-0.0003138672136010802,-0.0020094276474887573,5.35401749594745e-8,0.00016571569168952505,0.0019900118256473746,2.3621339730157095e-9,0.0003228709940320354,-4.6672871366732626e-6,3.392448916948356e-6,-1.9453674383034914e-6,0.005666972414797145,-0.0019421388130902867,1.4458287053459134e-9,1.4029473363126414e-9,3.986673351313065e-10,0.0006345351157257717,-0.020658539715103855,-0.005221668593704578,-2.0271384907574336e-7,1.026548622073456e-5,8.712083955766906e-10,2.73707698644184e-6,-1.0870122237407941e-7,-0.0022228808450837283,1.1120647169037117e-9,0.004006519529483572,3.855812659355056e-5,-7.318999987637344e-6,-2.499843525381193e-7,-0.0009036258042696082,-0.0745703678795825,-0.0006311717887111574,1.574859189340178e-8,3.150509745262483e-5,1.0198832424571891e-7,0.17672862854718968,-3.002097647804498e-7,-0.0218454473355323,-0.000880971701517713,1.2951146490371088e-7,-0.0002719087442237006,6.908356245091094e-7,1.3352582153142158e-7,-1.5788845187879261e-6,5.081933328628598e-5,0.041847894843078375,1.1585556671383504e-8,-3.2978909394316536e-8,0.0005548741671889342,-3.4423512817646912e-6,-3.432097381131533e-8,-8.971839309832044e-5,-1.4343495973629155e-6,0.00044052110779791635,2.9594484197720454e-5,-0.032048949228198384,-2.9969468984290185e-5,6.183926246821915e-9,-0.004500627658616698,-8.946292318329562e-8,-2.1073041946013617e-10,3.175012026228446e-5,-0.001797112175841597,-0.04866532396475492,4.927419761358803e-8,5.535187888094456e-8,0.017418799704782995,0.0017456736058068115,-0.035257395707966925,-0.03591028733264647,0.0007947229409817071,1.1572672443788207e-8,-0.00024168735686839286,-8.780061985309064e-10,0.002332226553687641,-6.792046278028697e-5,0.01820754269200223,-0.0019362535720409205,-3.7659280543786e-8,2.2577504083452752e-5,-0.01738861386287023,-0.003144520927444092,-1.2114688928600096e-5,3.1966166966301616e-6,0.057236457403773255,3.631978512983209e-8,-5.600877320561907e-8,-0.010667329542385523,0.0006068994871014709,-0.00023502599375805272,0.0005524068305582403,-0.01029182522799795,9.042189114765556e-7,0.000316128231115833,-3.659669939691895e-10,-2.8686504535226962e-8,-1.2065073695202276e-5,2.680926660876729e-8,-0.0014038362139403653,-0.010549900246581265,-0.003743498721034224,6.93760947080615e-7,1.2024518693435553e-5,-1.8062975851567744e-7,6.147111258585357e-10,-0.05151254660243662,2.68294599521637e-5,-0.0038178679591407264,-0.003037206797216879,-0.03171257901438922,0.04367529227571687,-4.022697341281724e-8,-0.04551534643916073,-4.82322444126914e-7,-9.005036234771312e-6,-1.1198262878097453e-7,-0.0003193812057097675,-3.7926606523803864e-8,-6.501162651498614e-5,-3.20101180853065e-7,1.9597840339174888e-8,3.369801152671647e-9,0.000654134806470235,0.0001796470064591282,0.0028912882079312977,0.0002371151563603082,0.0009216507226909151,-3.071447840970383e-6,-0.0046486779459354215,3.4596229759753116e-7,-3.5866338319104394e-7,-8.05842344756105e-8,7.624933934702803e-9,-6.960709352890737e-6,-2.04565162020674e-8,0.000626078519485332,6.110020929435404e-6,-8.110616095318065e-7,2.082620823306932e-5,-1.8407291702848555e-8,-6.035974150822785e-9,-3.198922858965837e-9,0.003767757936883646,8.384808341839161e-7,-0.014013018452849295,-2.0960676024558448e-5,4.259095143025332e-11,-0.0005606075495733023,0.005530938087529042,-4.994792942658002e-6,0.007257849103896737,1.8752889946558934e-5,1.2416882523614128e-7,0.048765010138039765,-0.00023961843004133534,0.00038443002055819827,-3.578467649157875e-7,-0.0001827780082073071,-2.74344130599597e-9,0.02520030000720832,3.6585493546988876e-6,-9.26668225788511e-6,0.0021784324528747183,5.388130253018292e-8,0.10252010524017681,-1.6506028448882124e-8,-1.791154317008814e-8,-5.035488139453999e-10,-0.004779001919863634,0.0010668441029805028,0.0007576555664946324,6.157242942037728e-5,-9.171600546545236e-10,0.044473408682358766,-0.009531380602456792,5.852579965152443e-6,-5.463824481505162e-7,-0.043256206945581396,0.00033011610076672383,0.00038949642905195187,-1.0481362905109715e-6,4.581841121446454e-7,0.008386749344991475,0.005288670178736015,4.3364648311609356e-7,2.069588889644915e-6,-0.0001896160449385951,0.13174276710201321,8.539024517804877e-5,-9.057217364428245e-8,0.0003645645225500599,0.026182218476668153,0.017945648087835792,2.085291309775146e-8,1.7336563450842572e-8,-3.92636159545903e-6,-4.535106452977218e-6,2.1504874001734154e-7,2.580261379079233e-7,-0.0280915802316165,-0.007303489459310298,6.513589529091114e-9,3.2653720073750445e-6,-0.0006996846422876105
0.0,0.0,0.0,0.0,0.0,0.0,0.0,0.0,0.0,0.0,0.0,0.0,0.0,0.0,0.0,0.0,0.0,0.0,0.0,0.0,0.0,0.0,0.0,0.0,0.0,0.0,0.0,0.0,0.0,0.0,0.0,0.0,0.0,0.0,0.0,0.0,0.0,0.0,0.0,0.0,0.0,0.0,0.0,0.0,0.0,0.0,0.0,0.0,0.0,0.0,0.0,0.0,0.0,0.0,0.0,0.0,0.0,0.0,0.0,0.0,0.0,0.0,0.0,0.0,0.0,0.0,0.0,0.0,0.0,0.0,0.0,0.0,0.0,0.0,0.0,0.0,0.0,0.0,0.0,0.0,0.0,0.0,0.0,0.0,0.0,0.0,0.0,0.0,0.0,0.0,0.0,0.381059926673766,-0.006952901958358904,6.408299121715686e-7,5.555960230406635e-6,-0.002840609189611248,3.442727612761186e-7,5.96901306054335e-8,-0.07245173714990773,0.003160163271404493,-0.005780563284613222,0.008487076624801583,1.916057041370885e-9,0.0011056909732793966,0.01080806492179869,0.001683248968247905,-0.00030257111316117706,-0.006143418676571687,-0.06971750662218194,-4.066081760581995e-5,6.067242650887425e-7,2.4979313401528473e-9,4.3518280927357087e-7,-0.033995452435561346,-1.2359320326999846e-5,0.0005300995523794681,1.2416830693179444e-8,-0.0036568409374565275,0.02258061277168793,-1.322822874103042e-5,0.0019917770475127517,-2.2477173447734636e-9,-9.423418203935584e-6,-0.023054064364807655,-8.516778608838765e-8,-1.4756069399362304e-6,-3.38553314612588e-6,-0.006100568132298129,-1.4459743607603812e-6,-0.05703490759300483,0.0010571597289714479,5.029911119712333e-8,0.00011740627540850935,0.03700561107482387,2.2308679339854336e-8,-7.562866299943853e-6,8.427253153125109e-8,2.47975709194411e-7,0.0001313255675448141,-0.0015245704669379697,2.774276515576803e-6,5.5937682217547765e-8,0.1426856847515787,-6.156630374817157e-7,0.003026597048980815,-3.150124599625162e-5,-0.004534279559808929,-0.0024781185176362287,-0.004233746163546247,-0.017276641427804922,3.981244959501665e-5,5.717374767491503e-9,2.1766663789683806e-6,-6.566749982569656e-7,-0.006651360588545032,-0.0014189729814635087,-6.965367697158704e-6,-0.0004331603536034699,0.016927990601666047,0.001893694865212477,3.0093609440588266e-8,-0.0012342119089200018,-1.480346931252499e-9,-3.4549812238183903e-9,0.012726890916788608,1.6180397116010365e-5,-4.026994535273791e-7,-3.7936661666856035e-7,-0.022440492871330712,5.369779336305981e-5,4.424151989170034e-9,-0.0011109496532490553,0.015031896265974364,-0.013363905576652674,0.1327058799026726,2.601125591000058e-6,-3.799244754940532e-5,2.772763164637031e-9,-7.083593408827554e-9,0.0022417246143625865,-2.0850164476893316e-5,-7.036585030807044e-8,3.148688538994964e-7,-0.0010822907272262667,0.062188624272292534,-8.939153700447222e-5,-1.7149921694794312e-6,-0.03222497003202685,3.1660995554330306e-8,-0.06228755464839991,-2.5232020982586696e-5,-2.9033261499974508e-8,0.008920397415764439,1.8386632934752125e-5,4.880486698452736e-8,0.0006632607031368563,0.0006978147484690714,-3.2301672763716614e-6,1.5422496244101786e-8,-0.010380560010766208,0.015749902539439215,2.4667621805036135e-6,-8.55755678547555e-6,1.968344014208726e-5,0.0034245117950262314,0.0002494746543454473,0.0004388503662853242,-8.390553025905786e-7,-4.375447635790774e-8,-2.0878865853715365e-5,-0.05671331578396595,3.803275854827063e-10,-0.008443572107090272,8.8348165543905e-7,-0.004523827934358037,2.5571557153145966e-8,0.0005903441744530079,3.4473267440898244e-9,2.3377721819814124e-7,0.2337388318756686,-0.04777881753707968,0.002420537201418727,5.157038103620078e-6,-1.391939486045139e-7,-0.0011016390064183016,0.0005967564816860475,5.073254371472686e-9,6.74368068875397e-7,0.013692318983156917,-1.3586427217947912e-8,-0.002171684586641599,-0.00014813413196669976,-0.027905016263589797,-3.1487601610616595e-5,0.0016079022012298106,-0.0072207926864154125,-1.781896677056115e-9,-3.0485352284370157e-10,0.0009645669150819172,-0.002975151328296774,7.244763114089738e-7,0.0036773951536531652,-1.8059941389801143e-8,1.220004301817896e-5,1.0038176050793274e-9,-1.439676619151516e-5,-2.7472007406219585e-7,-0.005194029895044105,5.087650056563965e-6,0.0012817326573669357,5.934708524878633e-8,-5.133253111378207e-7,4.158611354093254e-9,-0.05116590022443313,1.258526762904108e-7,0.01314156169277643,-2.193670143292197e-6,-1.8274411057823287e-6,0.05828509956013776,-0.007955782606684076,1.6886479524146865e-7,1.175100134928349e-5,-0.0009574421079151529,-0.001243879521047757,0.0002272553465499716,2.468095266406293e-10,-0.00030094363444998096,0.016717263452671015,0.033810183694966,-0.0001085976006619139,-7.015710427126984e-8,9.127463045881844e-9,0.00012009614448904522,-0.01198007926865581,-0.0009767757223038095,3.0427655086884144e-5,-2.3233473265989394e-8,-0.04922982295171692,-9.740447277395885e-5,-0.040812955094647316,0.0042215847309434,-5.705950560454132e-6,0.045883199651008004,8.789305882252347e-9,7.139055595145934e-6,-0.0007807058778736615,-0.0314104377049379,-2.3555145822098678e-7,8.389018448620166e-5,3.7730274643987705e-7,-0.01599019496650134,1.7647392303535608e-8,-0.01081489708707691,0.0031314438069902275,2.537368115706434e-6,0.00010024462175333272,-8.050313664028601e-6,3.9705603536495516e-8,-2.3668990412426975e-7,-0.0003659074889874466,-1.071452797832722e-10,6.84900994675548e-9,0.0009679344063007175,-0.0008090251944166777,3.4897454969657226e-5,6.458680417515739e-6,-6.574595081305817e-7,0.00023594650422341392,-0.03780254304723622,0.00933119025110626,2.3488252179780025e-7,-9.073218146382095e-6,7.747977898834905e-10,0.0013860797139635726,2.054270872352603e-8,0.001184167476829959,-2.1708753029054822e-5,0.1318004703975576,0.004795022552331232,4.490667884099536e-9,1.6710792547009812e-5,0.00035744342679600055,3.62634683828012e-7,-0.04121769588330398,-9.043219242817422e-8,-5.341756551263042e-5,-0.026463483578517414,5.676637338194467e-7,0.0007932726553628883,-2.272318105526315e-9,-0.09100210788499215,-4.756831415387289e-6,2.7454501008460245e-5,0.0001789029465401323,-1.5685715320313914e-6,6.359058318761565e-8,8.091505706521497e-5,-0.022107475514878308,-1.2939778042286045e-7,-0.0005189282174679772,-0.009803725103377089,-8.257380898960749e-5,-0.0034746765297381356,-1.7966939748611794e-8,-0.003523843806927357,-0.003759484420172849,-3.066401419094556e-8,-4.617256435068691e-6,-0.023814726976018167,0.0028221825880591148,1.2318350082690402e-7,-0.000636232433376438,0.02450416561129735,-0.017884851728605752,-0.005061268608454098,-8.447033839762932e-6,1.4119391831678473e-6,0.0007672289072171124,0.04814365425583266,3.445235543534079e-5,0.01164562728052864,-0.016005434956739225,-0.00700013813521725,1.5189878179051957e-6,1.4735003838606433e-6,-2.3444145083170524e-7,-2.5001758650084162e-8,0.01622568770299188,-0.000531375079434109,8.633258049497883e-5,5.426453936180068e-6,0.004858722401596446,3.5728671139289737e-7,-0.024465363392241056,-3.514646216707866e-5,0.1637036013140274,-0.032157519941403236,-0.07546108494215481,0.001549560616000513,0.0066452615401829404,1.2372318053586632e-9,0.001628890372886343,0.0003462372057213012,0.00019524376315279343,2.4303305661690245e-6,-0.0019008211184665036,-4.158446327844196e-6,-2.6980858370238536e-9,-0.00035876650655292596,-0.0011749988841001176,0.006087106171940439,2.057101757025688e-5,7.200864224570477e-7,2.086890913491048e-9,-9.30923090011089e-9,0.00017863901059541687,-6.075852364695054e-8,3.216764043412349e-9,-0.03110396398611915,0.018665651220255725,0.001421521485978367,-1.7651397134970182e-9,-0.04481498141351677,9.757797353390262e-9,-0.0002752610931511254,2.1028524731433935e-9,0.00012554295602469954,1.3775303744624515e-8,-0.00014590175269497925,-0.0007369917679409053,0.0002918377967725926,-0.000385842631276393,2.0809095721979232e-5,-0.0004443293019182849,-1.5836647349968636e-7,-0.0415919356210443,-0.032230771200194956,-4.4032883163665465e-5,0.2948337528239387,0.009722441957008696,0.01200907711565262,8.642148741503756e-10,-0.007203782901974107,-1.0868718813162208e-5,3.215325972676701e-5,-0.02239017002333733,2.9138563459571965e-6,0.16199093685496035,1.294336952749762e-7,-0.00277119502904872,0.000337682451265429,0.07322679051124559,-6.4412826480278644e-9,-0.0023489494325580657,2.3852003894929546e-6,7.798526126198754e-9,0.0006012555764335854,3.952463458149808e-8,-7.928502745078758e-7,9.039853887380538e-9,0.015938147232389344,0.01625881379787862,-0.014383029107919467,0.0012756773019044212,-0.00019117996981376682,-1.8131890722281173e-5,0.0012613418892065478,1.5294572986952817e-6,-0.009628033285712184,0.23487111479176176,0.2530841321789781,2.854217889714224e-9,3.28850369960685e-9,4.6655339268851605e-7,0.00011277925737855555,-0.016686180683966417,-6.216584540646077e-6,-0.0023509654671357593,5.07481155714229e-9,0.015943723686288675,0.06849393589623426,0.19441033279834383,5.46342788030693e-8,-0.00043193776216367334,2.3217736574735355e-8,0.00011555285508516025,4.1149457342774305e-8,-0.011867074160084898,0.000669957518680981,0.0012719800748327416,-7.69362774792586e-9,0.005067356190401749,0.00011137657261158194,-0.01081615687760092,-0.016271323413089903,2.5953252100737398e-9,6.659743031739032e-6,-2.574584650430806e-7,-0.0014448453978831112,-0.0005749935752366836,-0.0009795222684211887,-2.0787374370182894e-5,0.017251200266135164,2.9789510748234977e-9,4.542238513919783e-5,-0.0002558079087599622,-0.06234766695817681,2.809546065754912e-7,-1.957140801924544e-6,0.06742845238812117,-0.025948456933518133,-2.325813094173087e-5,3.448241535246452e-5,6.553399359265787e-5,-0.001711132968413056,3.9739343039589435e-7,-3.3897604115501436e-7,-0.0008740683888144893,0.03683673638982728,-5.392503692501592e-8,-0.0005457699106499352,-0.05743186608186028,-0.004432231481931141,-2.576748941092481e-5,0.001261773095701166,-2.460648496528094e-7,-7.753430534322952e-6,-1.1094297630672788e-6,-1.0561729289599957e-5,0.00021702069321697046,-9.99356698798631e-6,-0.0021179493514517987,-9.705460789959139e-8,1.186747504483677e-9,0.000107386994093048,-0.007249902666286495,7.792826814486695e-10,1.1280412623500344e-7,4.383660159484188e-9,-3.905609655924128e-7,-2.0725234623503205e-5,-0.004954370145504436,-0.06632794163347976,-1.4627350905595044e-6,0.0027079806712067118,-8.356380066345204e-7,-4.3052434757639724e-8,7.88140223394281e-8,1.1226529328786294e-6,0.0015119976056346329,1.3965122298540154e-8,1.603055073207254e-7,0.00953275536797327,-0.001189443577346081,-0.006515732313352266,7.434803461573126e-5,5.109179895804166e-7,4.1715682465753685e-6,3.463757012396124e-8,0.00021301880061373317,-4.383563924822974e-8,-0.020495125448401947,0.0016387338042536921,-4.988434746911904e-8,-0.00023726176813642605,1.42257429833161e-7,-5.2123082637050207e-8,-6.254600417782054e-7,-0.0028363919032390315,-9.381486796422405e-7,-0.00284352492973461,5.957075176826741e-5,3.1176646144652463e-8,3.140574972304142e-8,1.6288254166134245e-8,4.008649606663766e-8,0.0004218771044499092,0.011851102343163063,-1.3047667203233712e-10,-0.013765532770349722,-0.04367369442110415,-1.6923623803927708e-9,-0.0007877397622022936,-4.640901199848427e-5,-1.2540454987002528e-6,6.994753303828088e-6,0.0002260410669890314,-0.006596519727056415,1.8286843561708954e-5,4.035674171283567e-8,0.0009677421911301192,-0.026716329943949305,3.2390474742895825e-8,-0.020376523927628305,-7.496422529090553e-6,-0.011875666381832382,0.00011712768821685408,-7.420845803958425e-5,4.1571777436150144e-8,-8.672329061453516e-8,3.1768861553900204e-6,0.0070775133738810725,0.0001660155796194764,1.1147649519894686e-7,1.7398835098788933e-6,1.0250065785471387e-7,0.00033795836058190463,0.16064680196401565,-1.0407865336594203e-9,1.4653199839376869e-8,-2.03721135857847e-5,2.1002035300525827e-9,-4.841338124493066e-7,-1.0923792363078992e-5,-4.120789861128211e-5,6.374374014540274e-6,-9.79593364389981e-6,0.00791514161668348,-2.6175767545351307e-6,-3.3306067273303036e-10,0.0009728597540551287,-4.426253093362991e-5,0.0007099227652724935,0.013288468442879078,-0.016069536133597646,1.67245384358269e-8,-3.0350260908158104e-9,0.0003459812642222853,-0.004109081776141172,-0.0009261113456743245,-6.55488379670824e-5,4.153335598642292e-8,-3.7842003809828833e-7,0.0025714504478843462,0.007683348735293818,3.3118991685844754e-5,0.011936162465507395,0.27044363244619607,3.5457811139896286e-7,0.0016029139553948735,6.540590770662395e-7,-0.0005192312329482811,0.00018081758500536308,0.07506284409503937,5.752756796008827e-6,1.2415057999071558e-6,-6.233138711643833e-6,0.0005322702105821761,-7.233785501351334e-10,0.06881564820430741,2.0211506292372256e-7,-0.02766871057312404,1.5139288141407648e-7,-1.8282444516178425e-9,0.10230418103252031,-5.786558067426076e-6,0.0001432169430327676,-0.007121790181814493,0.0029827149731797543,-0.001755055980294834,-4.678845722504173e-8,0.001152421689116166,-0.0034472330758991373,-3.052232588073946e-5,-0.005978390100408021,-0.030085534818287976,4.869287270049576e-5,-0.006408561931626462,-1.7560485230014103e-6,-0.0033701343608926824,-2.094172585127174e-8,-2.0277150680121696e-5,-0.0004280460996839487,-1.1535697227361753e-8,-0.011774589592010725,-0.0002528620639079376,-2.0409172640636535e-5,4.00854646576221e-9,9.139879966587663e-8,-0.015958209006195444,-0.0046427513434068295,1.7249309668782854e-7,-1.368142757312016e-8,4.0535183326122356e-8,2.1067259081835152e-6,-4.79817627757988e-6,0.0070765901576537085,0.00010760819964047116,-0.06858727666330561,-2.812690841242215e-9,4.566204531433902e-6,2.309648753000277e-7,2.6028876159208406e-5,-0.025201590189915496,-0.002147188666402523,1.1874306345446409e-7,3.453445889701341e-5,0.004530075517476637,-0.0004462538178815667,4.945946691847921e-7,-0.00810401456583291,0.22597386983678067,-6.798094300335852e-8,9.656195731455292e-6,-4.298062072519031e-5,-3.770348639683997e-5,-5.1960968338701146e-8,-0.014405966803771857,5.029397363740104e-5,0.0005644016288859326,0.013967740480162295,0.005306879008380041,-0.0062683350616033,9.266405039775146e-6,7.287558856164758e-9,-1.5813716979740103e-9,0.01236042815755712,-0.006788216883179678,0.10715009430232487,-0.0013774698582382785,-2.8848095363346255e-7,0.00037468795011920907,-9.03483696938401e-9,3.171021463627467e-6,-2.1326012002456415e-6,4.0256560961294945e-8,0.06169492648329048,2.4345419513284103e-6,-0.024555550859742908,0.018120792280310296,-0.038487020608942435,3.892392200887584e-9,0.01534368784136711,-0.00010903202400104248,-0.05567112655285629,-0.001323629240864554,0.001082397706369042,-7.184871331419152e-6,0.00020481140540874892,-1.1454816967477545e-9,-6.033226684622187e-10,-1.9850395400280274e-9,-0.0002090505329520458,4.13090258291019e-9,0.003447700198654966,0.19799884541021523,0.018578864720943142,-0.004090300912881588,0.0017277766910375584,0.006574782075552374,1.3860975641928942e-9,0.002743363813890826,0.04805050138729036,0.0005671536367261573,-0.004724774450111676,0.008365158951896745,-0.0031484086423887933,4.970527224914085e-9,-0.02496525605042882,-5.338330558493768e-7,0.00017821680774355472,0.00152816862310401,5.040600599580095e-6,1.3069269708552783e-7,-0.001493836869458882,3.237629827138719e-8,-0.0036801605890921427,0.021042446107874136,-9.699525600882703e-7,6.177440781205306e-5,-2.8899694719364263e-5,0.2281941432317803,2.0558431808147447e-6,-0.000828669867088258,3.77281155885992e-8,-1.0858689482281703e-5,0.0052982594346743656,-9.404902914504309e-7,-0.01005976048725761,1.7664620195691172e-7,-0.021876944225363813,-0.02370290185968094,0.0005487219534237696,-5.165711045830351e-7,3.0297034202809355e-6,5.020099215036309e-5,-9.238015425359593e-6,-0.00045910401524068935,-2.5291096699066037e-7,1.0858633473579564e-8,0.002079529763529664,0.025320298402197846,1.1739270199922588e-8,0.00011934540378622264,-8.949618173647376e-5,-0.004050466571759618,-0.029391324822384237,-8.031042485148243e-9,1.346287966648942e-8,-0.07813586446486774,0.00923774053519342,9.790721313159746e-5,-6.679040081222164e-7,5.7102307422947237e-5,0.10653446684519809,1.4622085837176468e-5,-9.887460305404352e-7,-8.104067473048056e-6,0.0013242899691272038,-0.027521629736043517,0.005169349582635309,-0.014337057545997558,0.012566802426504728,-0.04279018408073391,2.7601970998481093e-8,-4.008278085507433e-8,-0.003184911405230343,8.614585344887027e-5,-2.2458567490133697e-9
0.0,0.0,0.0,0.0,0.0,0.0,0.0,0.0,0.0,0.0,0.0,0.0,0.0,0.0,0.0,0.0,0.0,0.0,0.0,0.0,0.0,0.0,0.0,0.0,0.0,0.0,0.0,0.0,0.0,0.0,0.0,0.0,0.0,0.0,0.0,0.0,0.0,0.0,0.0,0.0,0.0,0.0,0.0,0.0,0.0,0.0,0.0,0.0,0.0,0.0,0.0,0.0,0.0,0.0,0.0,0.0,0.0,0.0,0.0,0.0,0.0,0.0,0.0,0.0,0.0,0.0,0.0,0.0,0.0,0.0,0.0,0.0,0.0,0.0,0.0,0.0,0.0,0.0,0.0,0.0,0.0,0.0,0.0,0.0,0.0,0.0,0.0,0.0,0.0,0.0,0.0,0.0,0.3747068512654326,6.177201680255853e-5,0.0005570149629940727,0.004103285351452009,6.197200888037172e-5,8.275841188138583e-7,0.01903286784246224,9.637230493433929e-5,0.0015734610308842094,0.0006512975903040908,7.182455757091025e-7,-2.3175197224145385e-5,-0.01998930065163182,-0.05781301886386217,0.01884526027632439,7.743833123978872e-5,-0.0005419064942755622,0.005833308834421338,-1.7834792982405847e-5,-5.028809303416808e-7,-2.725936438405841e-6,-0.026884771128764234,0.00059119804347145,0.022153216977245115,-2.5118179234740516e-7,8.709860506499968e-5,-1.3288444277156123e-5,-0.0025164343996131617,-0.0005249884797951475,-1.9342364937240356e-7,0.0033794891615502452,-0.00011001753228584778,5.0994262854269726e-6,1.3859548834137924e-5,-0.00047379969471396735,-0.01975581525626293,-0.00027873038505143543,0.036719552788416564,3.162268662983047e-5,-6.680043880328661e-6,0.003964608231014893,-0.003609316147595347,-3.070836270007864e-7,-0.002411895750597259,-2.93179176474258e-6,0.000895532391450567,-0.03209183483634405,-0.03440789650724875,-8.102419596359355e-6,-1.215504819596249e-5,0.001327009219282873,1.2379448068112215e-5,-0.06354939690850009,-0.0006079794512117495,0.0010882469475604914,2.1789159568624276e-5,-5.1402954829613786e-5,0.0027445058317241548,-0.002048333453687988,-3.410355391402709e-7,-7.99236055959698e-5,-9.163644077090834e-5,0.016923499490229848,0.15265803786852455,0.0002476649933788985,0.02694438722135359,0.01770637533872286,0.0007683778686967035,-1.973989235708892e-6,1.3952271942435768e-6,7.804525516222537e-8,4.0085562907169975e-8,-0.057440927905673844,-0.007461338202457897,2.5536904848719624e-5,9.551942228647397e-5,-0.0006988625620648858,-3.7860794730792914e-5,-1.1058316112439484e-5,9.547141049236205e-6,0.011153746996575491,-0.00016936952020295019,0.0008694601330535912,-7.119270486339955e-5,-0.004484296185758722,1.8128586325701272e-7,-1.0145390061639542e-7,0.00011832646248187088,-5.9678080489193476e-5,0.0005207736479415888,2.67253967655779e-5,-0.02270407644052299,0.001118765167218666,-0.03420912429927512,-4.346577452464009e-6,-0.0009567549318534985,8.888047270908125e-7,0.007408311384688369,-0.0045256973296732795,-1.3206185906872268e-6,0.007072240204812203,-0.0006626697224057903,-7.282365181155769e-6,7.515637144797582e-5,-0.0025699718586207434,0.000513721374520134,7.738564041079073e-7,-0.004457765217859983,0.000373014523128833,-5.337496608006701e-5,0.001552274898759202,0.021213809892301982,0.0014080095478643429,-0.00048389490611249424,-2.9583873836313003e-5,-0.0001905908809097047,1.7677086293818504e-6,0.007007249923570915,0.008585482839281545,-3.176094734846478e-8,0.00026865669794735067,-0.007050276357815027,0.05926764743250736,-7.263318823887572e-8,0.013303647547513946,-9.018173095211239e-7,2.7663727693622414e-5,-0.0005214744806045938,-0.0005200564808877946,-0.0162689842443784,9.278686229477854e-5,-3.7401292761472084e-8,-5.206394418666521e-6,-7.946371206563078e-6,-5.40108050829112e-7,-8.039981427178142e-5,-0.0426104648141732,-1.3752076324978272e-6,-9.890946157882899e-5,-0.00030231913576751377,-0.0023907894933112945,-0.0009436949209959755,0.00792181203323693,-0.0005073081179236053,3.026553327520968e-8,1.72677049378734e-7,-0.00406255105423065,0.06480001113396947,2.3728029287366166e-5,0.0005121849103507524,1.8066925441517225e-6,-0.006815808286947057,1.693485332043893e-7,9.644106506105563e-6,6.594490624619761e-5,2.6567272201008713e-5,0.00013188581201688495,-0.04072652248486123,2.043971017938956e-6,-6.982768439600038e-5,3.259637648534664e-7,-0.010675478267958503,-1.2483309202348784e-5,-0.00036777482809230167,0.00012339035219374657,-3.286092239169597e-5,-0.0004144378209397729,0.21625106256021895,-6.749480019298368e-6,0.0006791260368830199,-0.012260812874081152,0.08385675348793264,1.7526146114852685e-6,2.57829881855991e-8,7.18157729789036e-5,0.0009447622192472916,-6.537266512692664e-5,0.006356462752416916,1.9170075659771286e-6,-5.756112258061642e-7,0.003798693625513047,-0.00010312966677219572,-1.302865558366213e-5,-0.0013770570504290538,6.768430350368003e-7,-0.004671035251811883,0.003991477246896132,0.00019041040130970076,0.0006112423472722887,1.443647582900133e-5,0.0010545208052878266,-9.439709545304706e-7,-0.0005155102612289484,0.0025683982835036706,-0.000256772062810591,-0.00016816407456525916,1.8034992477898554e-5,-1.0362810767953922e-5,-0.04521306145206178,-5.311194533713809e-7,0.007801259961313711,-7.845527386008213e-5,-7.465555848689814e-5,-0.02536415568998667,0.0001819870372743991,-1.8373683545772756e-6,3.530389399073372e-5,3.1248066955175163e-6,-1.118172987512408e-8,4.989022323136966e-7,-0.03803846695152464,-5.384950296934179e-5,0.00010922617550058917,-0.0004316823346281202,-5.510390064308907e-6,-0.005449336884689707,-0.00097810492428992,-0.0015534823709503322,-9.657621130351875e-6,0.0002940206457772658,6.584148601554304e-7,-1.3683597420679034e-6,-3.53503936442984e-6,-0.06287784005289403,-0.00048822305276277937,-0.002911563960256136,0.004254178190176681,-1.3369195409012168e-7,0.0018018768643797564,-0.01163234463535638,0.0004288966168843392,0.021416553256496166,-5.858263491097658e-6,0.0045027078723089255,-0.0007626781772680086,1.9221260122462068e-5,-2.780782966134571e-5,-1.291614659963379e-7,-0.0007913874531603245,-2.1213504258089547e-5,-0.0031431028828250575,1.584241144337069e-5,-0.0001253004704809603,-3.769350530979766e-6,-0.045271864918583184,-0.00015035808551316945,-1.1639953365955017e-5,-2.7671317430151646e-5,0.001471700329630333,0.005473197978320899,-0.006490564633951487,-3.358983034540953e-8,-0.0018553590579735001,0.2856471879268614,1.668720316687099e-6,0.0009891872391302953,-0.03908773841681455,0.0002161634001758171,-0.00010308376461622666,-0.024941651930962448,-0.002159805057775844,-0.000584220168007041,0.27312360507041017,0.00053195335817153,0.0002451381146074106,-0.007153559119502714,-0.003250367776478625,0.004758737217323549,-4.219637118492105e-5,0.0033667769336798432,0.0006793142693064459,4.342521636961501e-7,3.4391550134794934e-5,-1.4903635029441752e-7,-1.345171519202925e-6,0.012110681362823695,-0.01857348703583797,-4.789978878943355e-5,0.0003210167301784259,9.590002704831667e-5,1.8069605618665467e-6,-0.0014722979725500702,0.004224899614729829,0.00010992809368457995,-0.00028938694225489226,0.012035474356589108,6.620810490121207e-6,0.0013538790184638202,1.7351634514478878e-7,5.361153120832861e-5,-1.5584090473681788e-6,-0.02120634144480568,-0.00010464601815954818,-0.03339272580419293,0.0012468638219691602,2.278452106543229e-7,0.01583556164790799,-0.009783803430053388,0.03307759384561778,-0.0010446870745570477,-4.7930635762660294e-5,4.321701905417777e-7,-1.8871819837423367e-7,0.011948043643202814,4.845475904606718e-6,-1.649237273311564e-8,0.028351840120336032,0.0006811645894496884,7.93027069625444e-5,2.7469348671330595e-8,-0.002303723607680712,-1.995012458270439e-7,-2.7320000781046237e-5,4.2963312562942964e-5,-0.01460216783619493,-2.0577058132132588e-7,0.01045164410674126,-5.7921260861897286e-6,-2.964046241925576e-5,-2.2676744651798168e-5,1.4135962014564853e-5,-3.47056342572139e-5,1.434653858247665e-5,-0.031709515198976884,0.019226234227676418,-0.001363646305015955,0.0012387235536429596,-8.299278611525883e-5,0.00870385277744352,-2.3612601645177456e-7,0.20198184156081664,-0.0005280047404850656,0.0011648173728488734,0.000273660050520647,0.00032136278034935095,0.0005663245394736803,-1.10680983263014e-5,1.5477499312060015e-5,2.3667977269967433e-5,0.0014947522234145434,9.799689164539648e-7,-0.0003673969359609486,-7.675981485744229e-5,4.664801198768643e-8,-2.022130778409703e-5,-6.448645322615621e-7,0.00029257140135531193,3.345534404745172e-7,0.009725929876981666,4.239922113364696e-5,0.00012762810665165603,0.01732936999110327,-2.5462044733118222e-5,-0.0005608360973588909,-2.1512651924764704e-5,-5.9295092873914255e-5,-2.5986115483476746e-5,-0.0005890204286035058,-0.0025729127507633986,4.6082611688270195e-7,2.503281807780801e-7,1.3026977219341189e-5,0.005235049077776111,-0.029147686597442306,0.00029649319026711136,-6.0591858291258815e-6,-1.1649863963510469e-7,0.008736852649104931,-0.001945470030959603,0.00232840548381367,5.473569531614461e-6,7.843654065725349e-6,-4.569125065647388e-7,0.0068835413027361625,2.946963089929849e-7,-8.85762446500614e-5,-5.220232644445528e-6,0.00025077086717602173,-1.2972715637681647e-7,2.7503768583748007e-5,7.364720136622522e-5,-0.0001974616578574924,0.010130425327291472,-2.0499152821126473e-7,-5.632948650976384e-5,-3.679263846500935e-5,1.6293242353229022e-5,-0.0004900229798838849,-1.2245973559790137e-5,-0.0012343378672452577,-0.0014180860601684887,3.259286920055353e-8,-0.0023357888500345468,0.01860603586403198,-0.00019652615296537898,1.7530453171646312e-6,-8.244710324911927e-8,0.00013637806317736765,-0.0009512101413215282,-0.004219328136875544,0.004335667022843735,0.012193392201917721,0.04881469730339331,2.5310584665175384e-5,3.390577472291067e-6,5.815806138254724e-5,0.0015155512429584925,3.722583323699235e-6,0.0030989290493442056,0.002459612499538475,0.004437673730876563,-0.001324857228381342,-0.062321375390913036,1.803169421951148e-5,0.00015330589527185484,0.0007176525435533261,-0.00023680087288955172,2.1595297173578388e-5,0.0012705119905740575,-0.03334613441508396,1.1425667845206273e-7,-7.08727958425333e-8,-0.016931397435826136,-0.00012169389139178635,1.2528124317035988e-7,-1.5393419981449598e-5,-4.506534701733654e-6,5.0550064924991695e-5,-0.0002994720753115904,8.166013583655008e-5,0.028806498161129478,0.00037580676388759057,0.02260936604964943,-0.00012386394991206943,-2.49547679951742e-6,-3.4750373468016298e-6,5.0626425894401546e-5,-0.02095189567039196,-6.111743689262554e-7,-9.338279926041274e-6,0.02445227490969509,6.15367872264962e-5,-0.011550034391261788,0.0019933746876542578,-1.8607861941399272e-6,-0.0004065249789811715,-1.2627116362868806e-5,-0.040442524908307104,2.1059338750524836e-6,-0.0013273006532014682,0.00029591712757704033,-4.708954341201392e-6,0.00890611628061651,1.5843322829299077e-5,2.0771875314204603e-6,1.7686737760256003e-5,-3.567734714659315e-5,-4.2081422598881954e-5,0.008786419143745372,0.006865745922675338,7.315162026892678e-7,9.09551724225819e-7,7.47476915617747e-5,-2.3602578676559015e-6,0.031660850526610315,0.0008371658169811526,1.5077097004387797e-7,-0.003498699033356469,-7.811412765827744e-5,-5.940519214040375e-7,-5.68792750412156e-5,0.005723366703899141,4.85249448024344e-5,6.209149194696184e-5,6.574921890673496e-6,-0.008923260458979156,0.004328588162660165,8.853078280205179e-7,5.503830890293308e-5,0.0003288536209739249,8.396610142558216e-7,-0.00020291440279507445,0.0002225897412816157,0.06802094183115247,0.0020067597243030415,-0.012280080396185217,0.0008391652776491017,3.2343772597254014e-5,0.00021485752603676256,-0.020378211110677506,0.007657879110878708,-0.00018424467676553984,4.0264194130319824e-5,-1.0636275871995218e-5,-2.1396839344444557e-5,0.0003229230901219579,-3.013587743817556e-7,-1.1118302883415367e-6,0.0027142473921368034,8.629100474641739e-9,2.26386309668111e-5,-0.0011999137896112203,-0.005079749191123405,-6.736320574058883e-5,-0.000724144635115619,0.00014527383492049495,0.0016250866453253608,2.3255501272344427e-7,1.837562961085113e-5,0.0008624654158969823,0.020640858597246126,0.013019523292682807,-0.021908168249894912,-8.631482534202626e-7,7.527222369985348e-8,1.5779871322777766e-5,-3.094478110352378e-5,-1.2684451378793679e-5,0.002980257559732813,2.9824111457036693e-6,2.411440340761391e-5,0.0005551389457168973,0.010526024751427292,1.749812176695403e-5,0.006997498375747636,0.0012165163495192366,4.749361194324324e-5,1.1403361670351681e-5,0.0002684998893273443,0.016072414686482274,-0.0014379872845118459,0.000722785300658012,-0.00023091387102152914,-0.00010107877596591718,-0.0001390720101100194,4.2464262861134476e-5,-1.8252661902685404e-7,0.001235442490457974,-1.6241712179216698e-5,0.0051415025745668586,1.0644446130644363e-5,-1.2307389845555836e-7,0.001311703157647312,-0.001981780127427641,0.0027470970662294833,0.007324530821213941,-0.08939329789435337,0.15848667307545206,3.113177858998554e-6,0.00031020547693534736,-0.0013494044946574654,-0.0007999540484655916,-0.016764076806335345,-0.0005355294214820675,-0.011227670277729949,-0.0007260080944796958,0.00024841158654775533,0.1970042363393682,1.943971157996373e-6,-0.005301327498791148,4.6103556419943306e-5,2.9336782011418414e-7,-0.0022452172351801994,-9.423397989437308e-6,0.02231805448854728,3.5257648175692317e-9,-5.178786146382479e-6,0.00018925655072520644,0.0009736544076869204,0.00037720554427846597,2.691731095348843e-6,-3.81895527326914e-6,-6.769700322443456e-6,-0.0013753125357053907,-0.0001354892486819608,-0.043507502450931754,-0.0006168809044169909,1.490414194852206e-8,0.006740867844520427,4.604167856025028e-5,-0.0022231447358985524,-0.0002560882667920722,0.043323223663782585,5.6293465453776024e-5,-0.0014603881725982221,-0.027398431790294515,0.0009833897717980225,2.5683525850364593e-5,-0.00014728041485158907,0.001340171234061368,0.00016991626711118342,0.0001717214035018106,-0.001783403275708828,-0.0015282137393556937,3.3409686453806396e-6,-0.0006215366323373258,0.0018757273185439549,-1.966513069275972e-6,0.0003196213425450827,0.0017962651828939775,-7.546415491463591e-5,-0.0004719761853269261,1.2835068367379017e-6,2.5068987592246065e-7,-0.043643174852316266,-0.011115516465592008,0.0001958662676265227,-3.206677925625617e-5,4.383721440306835e-6,0.016571996341319,2.59270260682679e-7,-0.00022693910925286517,-6.320188689659876e-6,-8.360937234391819e-6,6.931017799178801e-5,-6.974358530105347e-5,-0.000293367033859634,-0.050579210332507375,0.0010143347614402943,-3.1058774121897865e-7,0.0006867559267334276,0.01100422488136164,-0.0019441933725818806,-4.862053983335496e-5,-8.130604661734734e-5,-0.00042507023754112034,0.00483449395538491,3.758138264896924e-8,6.96176228915678e-8,1.3370038078799178e-8,0.0026533175745036513,3.8696806866072656e-8,0.015470650663963253,-0.0004000614171406934,-0.0016883319682682817,-2.542449596605678e-5,-0.0020293844647591578,-0.00032630870561610405,-1.8856084900336562e-8,-0.001785226257709504,-0.0016748905537778394,0.012769175919951692,-0.00025920555208957125,-6.717407997559355e-6,0.00027721912248386093,-2.1444601532715434e-7,-0.03658147400889825,0.00018367028418160415,0.0013872088696728704,7.066272589574731e-5,0.0004991962263672877,2.4599880823154506e-5,0.023357763036784027,-6.074806341408415e-7,-0.02799543762552319,0.0007189980327876302,-0.00015538464446039103,0.0034901076741783036,6.226770157292121e-5,0.0007014717641208698,0.005221141999074405,-3.8637870879326786e-5,-3.4083822651241274e-6,-0.0012846318338832672,-0.025048186240102834,-8.769852651147236e-5,0.0001244132052652105,-1.0051733500977165e-5,-0.0003565070130837691,-0.00219261701865548,1.6145236619357993e-5,1.5724281125438965e-5,-8.089291331563618e-5,0.0013910321413328451,-0.0007874535597654638,9.777419166564451e-6,-1.903628375869242e-5,-4.808210847672163e-6,-0.05616695617079566,0.00021100342729187034,-9.369805629307949e-7,0.004567457899877205,0.003081274798977816,-0.05342136033136313,-0.029317237837379738,-2.490735739418499e-7,-9.170488225289166e-7,0.005630424884005693,0.005097683701161722,-0.0291153847652896,-6.851265110485198e-5,0.025513618394678073,0.0010228016897073787,0.0008602656419007143,-4.410216203926879e-5,0.0003723736267164374,0.00015666592314983056,-0.00034529636958902674,0.0033083053706210734,-0.00014623579920485476,0.006646804271793863,0.00048428856397500627,-7.596005875592882e-7,1.7992186945721728e-6,1.3269679906972651e-5,-0.02439402674229675,4.044693402410322e-8
0.0,0.0,0.0,0.0,0.0,0.0,0.0,0.0,0.0,0.0,0.0,0.0,0.0,0.0,0.0,0.0,0.0,0.0,0.0,0.0,0.0,0.0,0.0,0.0,0.0,0.0,0.0,0.0,0.0,0.0,0.0,0.0,0.0,0.0,0.0,0.0,0.0,0.0,0.0,0.0,0.0,0.0,0.0,0.0,0.0,0.0,0.0,0.0,0.0,0.0,0.0,0.0,0.0,0.0,0.0,0.0,0.0,0.0,0.0,0.0,0.0,0.0,0.0,0.0,0.0,0.0,0.0,0.0,0.0,0.0,0.0,0.0,0.0,0.0,0.0,0.0,0.0,0.0,0.0,0.0,0.0,0.0,0.0,0.0,0.0,0.0,0.0,0.0,0.0,0.0,0.0,0.0,0.0,0.37405576885544456,0.00017703693276096427,2.3528202720672926e-5,0.014884498066027945,0.003122341776021559,-1.0944164666497353e-6,-2.6628856778766046e-8,1.4716797655418729e-5,-2.4510198298297687e-8,0.003737922934777691,2.7268771507637027e-9,2.5312989514717063e-5,-2.82276395604636e-5,0.0006917806129056232,-1.7671292182973466e-7,4.1139261592761944e-7,0.0026414749577184362,-0.020511788283642342,0.00047912706480664056,0.03772824558083189,-6.274198580664616e-6,-0.027605415215027535,0.0004156938038616702,0.0006014873454425677,-4.4513996771609464e-8,1.0924877032910938e-7,-0.0040467655666931775,4.426571734727514e-6,-0.00013269847071235836,-0.0004086823713198347,1.3211671534708008e-7,-0.002827220166453868,0.010709089448116493,0.0024473064533126177,-7.983444329204379e-5,-0.02634547626587139,-2.140774097513663e-6,1.3225168090347522e-10,-0.06081236590540062,-0.0004861351188511771,6.252964587918051e-8,0.000768855494960429,-0.000204462449527353,0.02189274352976293,0.020424424754050315,-0.00018099684405942126,-5.585934663886387e-5,0.1999766651140602,0.012470129087473105,3.057466576003586e-7,-0.09179444279248454,-0.0001025927640667407,-0.001836732374508233,-5.681762378668549e-6,-1.9830615839172803e-8,-1.7472243744447355e-8,-2.0094076311878093e-7,0.00743485181027665,0.0011595183982086564,-0.011104696549496997,-0.05219064585757378,2.4766101999826974e-5,-2.188507447340303e-5,0.008798380688447585,0.0003140428942169587,-6.12361947401008e-6,5.810588479741303e-8,-0.0017590084255141181,1.1269869234094625e-8,-0.0006336443293672066,-0.0008497367169544814,-3.792849881484863e-7,-0.0007510521640399246,0.014289923225789697,0.019568691282322626,2.2736035585168634e-7,1.8142468925372932e-8,-0.06759761397838779,-1.1897063949055262e-8,-7.284312151904213e-6,-1.4733512367002165e-7,-5.410521752479351e-7,-0.004019329637538259,0.00016523813106233333,0.0013094525994041901,-0.004453087647841443,-1.1636200294565497e-7,0.0004872788214642645,-0.004415066187937771,0.01164604200836377,-6.769310985745567e-5,1.1740065105581916e-7,-0.0001162342260173857,0.02487853642161048,6.168400264496563e-6,0.006221889348843247,-1.3614729808502676e-6,-0.0005489170559115345,-0.003104609215138556,4.6634873185336287e-7,0.0018386058322247382,-0.009814437422395347,-1.559330270232417e-8,-9.57229464436075e-5,-0.01495151549069333,0.00820262806303458,-1.3773194544114164e-6,3.690202753761005e-8,0.18192710500504028,0.003089177360679163,0.00018756831391964128,4.042695657471533e-5,0.00022335952331078716,-8.314748814967285e-9,-0.026021665451856097,-0.004088292388941879,0.0009101482715200176,-5.373517514760689e-7,0.0006431379991384769,-2.3488937787906107e-9,-0.0004555757292328861,3.6615223402980076e-5,0.001433729751761901,0.00022835385036773536,-0.0053097472573832285,0.01063999037610223,4.261770805367934e-8,4.7585805826102373e-8,-2.5043437180537865e-5,-0.002303444657853494,-0.028916386404796844,9.816390690433658e-10,-1.055123026129219e-9,-0.002574509170662088,-0.018786758563405337,7.546956224431384e-6,-0.0005065640403057009,-9.862152298652981e-9,0.00046588325310177516,1.0944494794783695e-7,-0.0011433595307876788,0.00012834947457860915,6.8012886559256e-8,-3.357739693486292e-5,0.0011197943557439104,-7.458362757819124e-6,3.063912809150058e-5,0.029331042481005543,-3.544020662292655e-8,-0.012974807345553526,-0.0011511025991517044,0.0005688238075782676,-2.9689888631255885e-10,0.16016490189302693,1.0513844719978697e-9,-0.0034592376999083452,2.1376957306102665e-5,0.0019079044949509246,-0.003808170189664909,0.0012788257647046316,-1.3167070607320828e-6,-0.04921561394828873,6.716344149846461e-8,0.014969353858969452,0.007790788636893503,4.264621821920773e-6,-7.301457275051543e-7,0.022412465833235445,0.003604282537196415,-8.735536872277365e-5,-4.1481559129493794e-5,-9.882578624521904e-9,-0.00035760421491059797,-2.1407560206090303e-8,-3.1498573822006686e-9,-3.341651307759235e-7,0.0002265962103232797,-0.009622331448325576,-0.00023387020133271762,2.186919846573892e-5,1.2044858410678671e-8,2.0668338219988037e-8,0.0003713518224503998,-0.001667177780332386,-4.163655272452642e-6,-0.001054642433035041,-1.5586624536956303e-7,4.1139524054674325e-6,0.0015379800396942596,-5.816051944440119e-7,0.0012658489491774682,-0.001009774340469649,8.899994774865318e-5,1.9635470664087572e-7,-0.07932306003809339,-2.9570149660334125e-8,0.03280026888302092,-8.556611990111347e-8,7.623216814242717e-5,-1.495066817212498e-7,6.107207533760741e-8,0.038882974089348044,7.622335611093868e-5,0.009182216787217326,0.0003982153811301418,0.1521071677103534,9.613507241469116e-9,-0.0001093560801779357,-0.0029648246789800606,-6.519610138782181e-5,2.6686476089477417e-9,-0.0014251667627133823,-0.0070473780381142504,0.0052767000906531894,-0.0002686457966029383,2.2299427368270604e-7,1.6824681420248814e-6,0.034618158785787584,-0.02757412683199505,0.0030319469836886997,-8.119032904512998e-9,-0.012722048613223586,-9.854065603244097e-5,0.001966832815413457,-9.472356449149051e-8,1.3396263342953072e-5,-0.0006269168885396542,0.0015833074507172426,-5.240860816367488e-5,0.032796910353240324,-9.608514411552149e-7,-0.0038691410603840207,-0.0001805691255205344,-7.06595224044844e-6,0.1255295848759742,-7.75295158480339e-8,-0.0007991147159373273,5.279684390116146e-7,0.00956658045485114,-0.0004676378779012341,-2.6715688236102007e-9,-0.007416474930747976,0.01207425113157624,1.837810723247884e-6,-2.884083523371722e-7,-0.031854415952834295,-2.6029274976161895e-8,7.179914746683744e-6,0.0005334507527567351,-4.0873717384487324e-5,-0.003925555926308318,1.1822985139425929e-7,-9.055976962619924e-6,0.003481518557251724,-0.0035101061947199856,1.1532371136262603e-7,-1.018301555179935e-8,-0.05689442948467287,-4.996979911062194e-5,7.160628554715226e-7,1.0165425624068598e-7,6.834506765038648e-6,0.001147588207841426,0.01631648627034127,4.464946496026283e-5,-4.689307146906027e-7,0.00030063145594160743,2.0548649684514868e-8,-1.2772697602984625e-7,-1.0896977075745899e-7,0.12427765696939339,-0.021991658445475164,-0.06874541496730574,-0.0020837063641760177,-3.5872630369793477e-6,-6.507246750310489e-5,3.650040147547482e-9,0.005776143320305912,-4.113915193774789e-8,0.00981565768414441,2.3799627783156505e-7,0.00047828902105416065,1.7913431740198386e-6,2.8432693400804057e-7,-7.355505786688816e-7,7.424966294497483e-9,5.453329559035446e-6,0.001659165961169468,-1.0416374203202506e-8,9.384886550046994e-9,9.858387549388082e-5,0.02659808883227831,-2.279247252027446e-5,-0.0011750533276474217,-0.0012206834925573803,0.0003314447112543496,-4.171964133451951e-5,1.2306233693734857e-5,0.0026493091847242783,0.0005122627008057423,0.0022085667497810752,-0.003512137045834801,0.0003011320888698185,-0.0005015888475741341,0.00043663177025678,-2.45514250673205e-6,2.7827520672339326e-8,-3.9977576833005605e-8,-0.0003676783020033478,-1.3722183087235465e-7,0.000526534806513515,-1.4999517032625874e-9,0.010687253672441298,-8.781786215200478e-5,8.301561157917079e-5,0.0001730912720470627,1.916948749147831e-9,1.1970469430669915e-8,9.663415186126934e-10,6.8667604813126476e-9,-6.464995383614007e-10,-0.0047591960595010415,-2.081524400225759e-6,2.7730744888752344e-7,-0.0023297289658130434,-6.240741839818337e-7,1.2125156525839208e-7,-7.1322694990465825e-6,8.585002010558863e-5,3.309759187328887e-5,-0.0045243815006315215,-0.00033620820207645665,1.9325143605274165e-7,0.002202956231114524,1.5064407458400098e-6,0.018374650968157366,1.4280566588909606e-9,1.1752983365328292e-8,-6.580700565063473e-7,0.005795167350020293,6.295344415491778e-9,-0.030054727965415123,9.094265801398183e-5,1.3024102094502436e-8,0.002559200631913275,0.015577763298375728,-0.0021532361893212065,-9.154446405833345e-6,4.100616057968365e-8,-1.1589737589439125e-7,0.00020764796721069195,-4.200195967810127e-9,0.002750807204938087,-6.379597930184581e-9,0.04023857019636807,3.459608066171188e-8,-2.1367913463577997e-7,-9.91167304473072e-8,0.003609565436884148,0.0008446149090306369,0.17495321141555426,-0.00011313581555030733,6.137672742719113e-6,-0.022377126948525224,-8.127106724716929e-8,0.0018661048663643337,2.4952896126632904e-6,-1.3452472371299493e-7,6.683550658032276e-7,-0.01818975535495647,7.985334165728029e-9,-0.0014682625382169707,0.0004774590243319319,0.01573553141409185,-2.0947231658999868e-8,4.078422578519914e-9,-3.228186022442258e-8,-0.00494036644375223,-1.6336903020172554e-8,-9.990693154568043e-8,-1.4160304077690406e-7,-1.1045553770080497e-7,0.0016331211287560566,0.0013412146371308816,-0.04115540872393532,-1.1433434647895325e-7,4.633518057965629e-8,1.97082042840379e-8,-0.0022915606432712013,-8.724410016851903e-8,-3.208765257692432e-5,0.00399229152396052,0.0005033786430079709,2.45984669292065e-7,0.01517921025099098,0.006733625633974934,-2.3542414990124506e-7,-2.4762001734552462e-8,-0.0004853121157665999,0.001290433314685544,0.00011641259627634997,4.165565272842084e-5,0.010046248713208871,-0.07399859809124713,-1.0388375698332638e-8,-2.0940873771743512e-7,-0.0008790468946248148,-5.167049176765209e-5,-3.1205072382966117e-7,-5.834619053717553e-7,-0.004902802170928224,-6.157206093609547e-5,0.015491680474692564,0.0009681074858879347,0.0008024612244597485,0.00048263184725033106,-4.818882604818686e-9,0.001177570920979333,-8.71798166896297e-6,-0.027014650193178225,0.0009633463067669301,-2.814270932263906e-5,6.054684421011043e-9,0.001300339664794651,-0.06944791903353975,0.006145901608892418,0.011414775492068006,0.006383726785357765,-3.666150181048344e-8,-1.4733889551871928e-6,0.02288197646255887,-1.642709872113921e-5,-0.011009094071412708,-0.0023950164208227055,0.011248028536877631,-0.008528751582739549,-3.9722421441365086e-5,0.0007426546595336871,0.020254162756457684,9.867095432900967e-6,-3.17853834528207e-8,-4.2074662439842724e-5,0.0003752611806215899,0.03850729467121393,-0.013353136686020036,0.006493305099980267,-9.561229933922382e-5,-0.0017303026591696236,1.0222855478297501e-5,9.641994796726697e-6,-0.028222159331216676,0.0003782105585434513,0.005678464051863995,-0.004925126590854132,-0.05872606532632577,-7.857049989149116e-9,0.00020263639876624283,-3.0437198089333738e-5,8.746640198311976e-5,0.01379045398667865,0.001461912739000778,0.004052511849662464,0.002771503163240792,0.0002911811741616945,-2.20257653267237e-8,8.895293359028402e-5,7.41206296022371e-8,1.2583273765958923e-7,-0.004539343835681875,2.3562164018359167e-8,7.169374845550538e-5,0.022291391562858094,-0.005183124814712806,6.887055144639497e-9,-8.216076921626843e-6,0.0002787192637631288,0.0013400222344098465,-6.31338655346749e-8,7.24339702631268e-8,0.000149480520029534,-4.476052754616818e-7,-0.012475142346877091,1.609518030396341e-5,-0.00019677565090547622,0.00027339866740818693,0.00559374354546229,0.16271207760004427,0.0005721150348301227,-1.20635781049453e-7,1.4423607038182759e-5,-0.048006566414917205,0.3502312157620612,0.008495810350916847,-7.688624000485846e-9,-2.8704559675308903e-7,-0.00013794440734246128,-0.0037651000971021965,0.004740615301941366,0.0008012138830510536,-0.020366438149647625,7.314525642847855e-5,-0.0003884722446790261,-0.0010715718716462206,0.001847023593643835,-2.3024376638106888e-7,-0.00024457913965478684,0.0015269648549734126,-1.1895007372258979e-9,-0.0005970760019526312,0.0003348587080395051,-3.6960798929826924e-6,1.8212667079400934e-6,0.0009268528416323436,0.0001389669871797674,2.0076805433552036e-9,-6.388978582211148e-9,-6.582934605710864e-9,-0.0010954268174698672,0.001835795816781274,0.02025031400702749,-1.3576530852504233e-6,-1.4017594202667249e-5,6.907526963840821e-10,-4.603316355387809e-6,-1.1405257661001433e-7,0.013304368110310135,6.188945697909145e-10,0.007940708550587691,8.871984995820888e-5,0.0001343271967767177,1.221381661891772e-6,-0.009161210109780655,-0.015118814140246885,0.0009256228333349012,-7.086717300611652e-8,4.0317725396746116e-5,-5.799009336970004e-7,0.023205474048727734,-7.079076673467682e-8,0.006213168380329873,7.56671048774825e-5,-4.363061160864099e-7,-0.00014463183780007011,-4.5629847998139154e-6,1.1631145976809722e-6,-9.497118757875432e-5,-2.5930470111900946e-5,-0.042191373423310204,-1.7690896642970828e-8,-4.950804206993745e-9,0.00023379646104791917,9.120436254632219e-6,2.8099727775710686e-7,2.8652010691527246e-5,5.190788115544649e-6,-0.026184778836605176,-7.910324454122703e-6,0.001252306908527465,-0.0005296639496905221,-4.525212393494322e-9,-0.0030071386814286456,2.0431528868199914e-7,-2.0067698344763135e-9,-4.434278952244679e-5,-0.0008131690076773494,0.019811693791179873,-6.39270963402334e-8,5.376384869539633e-9,0.029273578136916518,0.0005660109292658019,-0.02316342119856405,0.09280258667591886,-0.0020286129181409608,3.73116508577477e-8,-8.100276521136954e-5,2.8472122745407983e-7,-0.0008442536608451488,0.00013820816471749438,0.004469347801792745,0.0005990827534316161,2.4519937198826976e-7,-2.9382475030468877e-5,0.3048324188064612,0.006186471764842961,3.6276605955792545e-5,-4.040673355977957e-5,0.02228941814597769,-4.705405741641703e-8,-2.5029521108851267e-7,-0.01567573684519964,-0.00033963318042502073,-0.0001849763656137054,-0.003409036706221201,0.0016372852590431557,-7.767889947293463e-6,-0.0005416980184022221,-1.2676354099481205e-9,9.278575729060344e-8,2.4051773515831222e-5,-4.611027149693225e-8,-0.0017853798164707147,0.007997807196036768,-0.0005070061383236972,-4.000806627356086e-7,-3.3121484413679576e-5,7.726783831908612e-7,-6.738269424385005e-9,-0.04807942992258429,0.00016930577474465988,-0.0022953573034960803,-0.018566370169816233,0.010492104819473705,0.010694935890400792,-4.153215316558582e-7,-0.016162454127314495,-2.1872317559779162e-7,1.4747806585080242e-5,-1.1755009836044197e-7,-0.0013199542697062384,1.3068954756266733e-8,0.0010667926990964656,-3.685566627335948e-6,-6.07336947772785e-8,-3.35270421248397e-8,0.0011118917048545012,-4.076156621756662e-5,0.0001983944752422058,-0.00031362702366629193,-0.0004964500672849429,7.645404828573725e-6,0.0013335382226922065,2.3842887337660566e-5,3.1735226384521624e-7,2.4450293920384834e-6,-1.6750396765166536e-8,5.26270142093031e-5,4.459071638661646e-8,0.00010270640880133385,-1.5389510998864694e-5,3.452174455621951e-6,0.00013584135419434282,9.179401053437386e-8,-2.1437365103336014e-8,6.932420398327792e-8,0.00026362487930422677,-1.5026419236153495e-6,-0.011798735812725168,5.5025793556929955e-5,-2.2319456398026806e-8,-0.0008895310873267947,0.007102960971704401,3.3940242619969786e-5,0.0012337610406368165,-6.058695463709859e-5,-3.6264324595967985e-7,-0.06360782407515428,0.0011014524662014376,0.0006443019683244846,9.213695238961708e-7,0.0006097672244219505,1.8020490266262335e-8,0.00487546565691749,0.00023853364744196622,2.136599553599093e-5,0.0033629088927109793,-1.0598785706610268e-7,0.02100879392811825,1.45460819154253e-7,8.250850602390984e-8,-2.435067214179111e-9,-0.028215626098452042,-0.005870878660793484,-0.0008913089905708251,0.00024648196474202417,-1.5291353577945437e-8,-0.011137683155043635,-0.02644320809803877,-0.00011271809993201565,2.0289962148270824e-6,0.005188761258580636,-4.9979299101022796e-5,-0.0007392584987972548,1.544566032095354e-6,-5.235870126065538e-6,-0.0018824003695978953,0.0012803363446769226,-5.438466761034671e-7,-4.793313274120237e-6,-0.00010407634320598533,-0.08022509640754527,0.0003791451980826541,-4.1286373598755963e-7,-0.0005191711052551882,0.009534895908281327,-0.022820126401751403,-1.4551591471509659e-8,3.565470457112054e-8,9.597794051531165e-6,1.3515154130398838e-5,-2.402449419688048e-6,-3.2504714787610914e-6,0.0026238252077861457,-0.004014839039601403,-2.1007238278282537e-8,-7.15519486010592e-5,-0.00010904480586090471
0.0,0.0,0.0,0.0,0.0,0.0,0.0,0.0,0.0,0.0,0.0,0.0,0.0,0.0,0.0,0.0,0.0,0.0,0.0,0.0,0.0,0.0,0.0,0.0,0.0,0.0,0.0,0.0,0.0,0.0,0.0,0.0,0.0,0.0,0.0,0.0,0.0,0.0,0.0,0.0,0.0,0.0,0.0,0.0,0.0,0.0,0.0,0.0,0.0,0.0,0.0,0.0,0.0,0.0,0.0,0.0,0.0,0.0,0.0,0.0,0.0,0.0,0.0,0.0,0.0,0.0,0.0,0.0,0.0,0.0,0.0,0.0,0.0,0.0,0.0,0.0,0.0,0.0,0.0,0.0,0.0,0.0,0.0,0.0,0.0,0.0,0.0,0.0,0.0,0.0,0.0,0.0,0.0,0.0,0.37219344574793256,0.00011508068405228075,0.0031670211040623454,0.00013077838094824922,-1.9518501271882244e-5,1.11423843176808e-8,7.610867424239995e-7,-6.54832520135533e-7,0.00018490747186642625,-2.9125580030200424e-8,0.00023897190795584065,0.000464541041494074,-0.006059326127467789,-2.1272127950016485e-7,1.1472647813148104e-6,0.006684624031573895,0.026026163814490185,-0.00011175427962671551,-0.0018777762153638893,-2.4698636023189417e-5,-0.004159226950879295,0.0004413341381943951,1.5101210471522568e-5,3.6389437685701815e-7,-3.2042397643632396e-7,0.011084827273138536,5.923812841570112e-7,-0.00010388812981272535,-0.004919597167193985,7.123900250584667e-7,0.0004921832979381477,-0.050967195120335436,0.011738537069326009,-0.00024042122107069072,-0.010877035391114835,-5.139112070978043e-5,-1.1849459564246579e-7,-0.0013315572933338498,0.027873934143444547,3.5275756080763553e-6,-1.1887645506491031e-5,-0.06444387030738251,-0.0012669328923644951,-0.0333535839976627,-0.004536784830077468,-0.0008736333575804426,0.004067201107870778,-0.004648960369181907,-4.672800973535743e-6,-0.0008080941618503142,0.00219665608808528,-0.044347281628169824,4.956850625472651e-6,-3.653917797409844e-7,1.2321340100295975e-7,6.48437925644909e-6,0.010888293243708326,8.6912286901172e-5,0.020596794300347113,-0.024818043991042288,-0.00011204308203717652,0.0003824482020677482,0.19321225599984349,0.007969211706335843,6.958329071351286e-5,-3.980456776149033e-7,0.0005177807910831194,7.67477744075416e-8,-2.131274081103985e-5,0.00015290886479357607,-3.734100165666428e-7,0.0010276503778072251,0.00016214709848780175,0.025041615998167094,7.145791914258388e-7,-2.7625885795351866e-8,0.00042247761666414416,1.2766568150997205e-7,5.490467706388443e-5,9.371618920795455e-7,-3.4763656451236546e-6,-0.005689951659138149,-0.0017787200953697192,0.00010025505320080397,2.0002326310595843e-5,-7.760096055600469e-8,-0.027198936480155783,-0.008962303420380728,0.0002091465768758441,0.00056218053866513,1.2773761364606774e-6,-0.0064475492654955495,-0.0558741740978282,-9.472332958549261e-6,0.0011649185827726752,-3.408299143736784e-5,-0.009391845302369166,0.0017368723791576677,-4.587745351350645e-6,0.021415134063333636,-0.005965587612937189,2.838256922999259e-8,-0.0008533550620037477,0.016835174550950807,-0.0005650929420096915,-3.142596045772415e-5,-3.266375969062392e-7,0.0013772904214065438,-0.026328563892404497,0.001979911240941349,-0.00011485063908939298,0.0013862931111940423,1.763031932321096e-8,-0.041409401238266065,-0.00012226556431229363,0.005103316836668621,-3.780114291002459e-6,6.80807857963409e-5,5.893377003326716e-8,-0.003273860409071401,-0.00018142457246316025,-0.00016768255520342363,0.00026864116918379476,-0.00047657868095568747,0.009882344371377135,5.6575848560838876e-6,3.864152532169332e-7,0.0001747746680744621,0.13659255892292255,-0.0021837307979881734,8.199598244770468e-8,-1.9096136429940006e-8,8.178226205874436e-5,0.027017062061096005,0.00010392198314225211,-0.0031358104119737704,1.2472058943711873e-8,-0.007666239877550981,2.536953390146727e-6,-0.024072315173504378,0.0033204436841758247,1.3869715632090186e-6,-2.5753956008868276e-5,-4.0148548676598177e-5,-8.160149306906902e-6,-0.00028790379931802664,0.00852597912515323,-1.4128258688312943e-7,0.0006022710926721329,0.003904992335969199,5.662768262998945e-5,-2.719258938462927e-8,-0.0016146588919133348,9.39589176589953e-8,0.22450602785119,5.899770444455014e-5,0.000808533451748674,-0.049587261788768565,5.283110619752789e-5,-1.2955654156485853e-5,0.0007984827003528073,-1.3635138142771543e-6,0.00496377618304985,-0.05928941798308138,-2.9459944454748762e-6,-7.493070085320433e-5,-0.00026638304890344035,0.007080240876592243,0.0005244950715561957,-1.605411687330514e-5,1.064477448594828e-7,-4.933302810405544e-5,3.235211562732592e-8,-4.4011485786687165e-7,2.560354143027704e-6,0.01749884302924401,0.01338955126527261,-0.0003572384908242058,0.013746258568045839,4.1181822565913056e-7,1.230604256527176e-7,0.0025985648963408837,2.573634335633663e-5,-1.2844995936611994e-5,-0.0039061129373592937,-1.0055554128281414e-6,0.0001285527206356454,-0.06384066179507253,-2.9393562405580785e-6,-0.00016131898034901941,0.0009310747381908408,0.00019107030899944598,5.305041564335276e-7,-0.021166899012025505,-4.341001056427257e-7,-0.001789245721648461,-4.2108999381731495e-5,6.262697717847794e-5,6.04960322356848e-6,-3.671269276529811e-8,0.01881923920861172,-0.0014016172407560548,0.013665331403672517,0.00022901805728187761,0.0005643737413964766,-1.262231691111212e-8,-2.0494779248494173e-6,0.0004699849864846884,-0.0009168023361550959,7.243087302301603e-8,0.01710933296375708,0.0667058606758435,-0.02952022806006124,0.001656427926032786,-1.4145724958782451e-5,3.0835874723578725e-5,-0.002661437508688189,-0.007750544860065864,0.00022115049478416178,-7.319073790064281e-8,-0.0008738885449513443,0.0011097036925144777,-0.022690217824353365,1.457952058290532e-6,1.5284977795826333e-5,8.962712086807393e-5,0.01845856054534718,0.001397961737820363,-0.03802115851812751,-1.9026780565515812e-5,-0.003995474788416759,-6.721786929654412e-5,3.7973185292084797e-7,0.009348655996756123,-6.335487552834479e-8,-9.069635328354367e-5,1.3034856778395233e-6,0.04397771609685029,0.0012067269159089713,1.2712563326881773e-8,-0.04912014055817704,0.0006689394063284141,-0.001815323783878615,1.9285103717046545e-7,0.005486785462635823,-5.532856166717005e-8,-5.7607887481609644e-6,-0.004186559720385726,-8.704595818541062e-5,-0.00012490417341773252,2.5204434468884926e-6,0.000225987942362702,-0.00021302928372809988,-0.0004730891955825798,-1.2556179280308857e-5,-2.722219204901224e-7,0.020000974609414388,-0.000991408894349247,-2.2812736806240137e-6,1.168536055903922e-6,-6.910592550401901e-7,-0.02793341937935969,-0.018703539394398193,-0.00011064440849706806,6.056297080977912e-6,0.02737824075282593,-1.7428253127631164e-7,4.169109356629587e-6,-6.410364082024525e-7,0.001668926102255036,-0.019156999090384822,-0.0012500654902386989,0.0005674451899817366,8.867261214362055e-5,-0.0005587595879860623,-3.6708243605379548e-9,0.0069834682949235765,-5.3743617672806696e-8,0.012539155700854478,1.0444969616946547e-6,-0.006663989710871594,3.8346395926906084e-7,5.503277659757009e-7,-3.4872277046726944e-5,-6.959204508351748e-8,2.01364444746762e-5,7.608093699639832e-5,2.3996984849287502e-8,-5.434727047613977e-8,5.808552946603745e-5,-0.001802528665050931,-0.0002728153191032846,0.0005266554245036227,9.996491544466645e-5,-0.0027721801457529175,-0.0003155472899962933,0.00011375340152173789,0.020413214910061765,0.0020984242781967874,0.0001299861953275314,2.157430475858045e-5,0.00043778446424677414,0.001139805646248032,-1.3365027245425339e-5,-5.1014662600500844e-5,-7.496585513634811e-9,1.0963073243163035e-7,6.791221306531434e-5,-1.601037816369404e-6,2.4210302508573494e-6,6.34169138106956e-8,-0.0009138417509539299,-0.006184263997280438,3.2985828158066346e-6,0.009006650248515718,1.0824409202888737e-7,1.5527756272311097e-8,2.8089644293284246e-8,-4.913179053982273e-8,6.772424893451641e-8,-0.005485666867079927,-2.276947670837493e-5,-2.1516769560900422e-5,-0.015396316147310952,-2.5667164122206963e-6,-7.817534996718011e-7,0.00011355325188487238,1.1923485575284402e-6,-0.00029556415581531904,-0.024070104845430686,0.011620696740223601,6.144208710213649e-7,0.24191136067979563,4.456359794225647e-6,-0.002657724220663468,5.396666282449235e-8,-2.798612373702028e-7,2.208122517712175e-6,-0.000113265655304898,-8.979085692587104e-7,-0.02231156320471279,2.8799089786514442e-5,-1.0053484765888313e-7,-0.00014618700506901497,0.2111158214116155,0.0011828794291027964,4.1060003956080556e-5,-2.70068215603611e-7,1.0134938762303644e-7,0.0003150241945428919,6.969950219301799e-8,0.000659452779566041,-1.6845427012917444e-8,-0.001249807057937038,4.023206434340945e-7,-4.930110294852745e-7,3.335318540732327e-7,0.00026130431494049774,1.753370185164014e-5,0.0007895631088657408,0.016957126881718968,2.7752705789203978e-5,0.0002538222958352188,-5.591584749307795e-7,5.661389648353702e-5,2.9996522260028005e-5,1.4424608334642097e-6,-8.348415026772457e-7,0.00908461307849403,1.5453077461526347e-7,-0.00011656630085091694,0.015363197021188584,-0.000720534817119164,1.0621065774310096e-7,-1.094895835872138e-8,-6.74374678242469e-8,-0.0005304169819218666,-7.450179130732654e-8,-8.598925429558797e-8,3.904747150351931e-7,-5.558236948098165e-6,6.741151148500852e-5,0.010971525976237302,0.008611678362344102,-3.035885054995558e-7,9.730063918278687e-7,5.570580185918986e-8,-0.001800126012326383,2.0345985192584405e-6,-3.7216164198284012e-6,0.007589749932941162,-0.0003980857990569401,9.204407069281112e-7,0.004145095576683357,-0.056298377921764384,-1.1514005418636008e-6,4.037790725976058e-6,-0.02618314478169124,-0.005918821126629528,-3.946562880038498e-6,-0.00011314716157263566,0.011304854231279547,-0.0007457686412922596,5.587975916178873e-8,2.3419371039114265e-6,0.0001896834180990841,0.0009759494317670995,-1.9625444882757663e-6,-2.0829012181838122e-5,-0.014632229909725998,0.0006787544728312031,0.002519066639093007,-0.033722504748547266,-0.006601668143408306,-0.019148174978320314,7.317060518046698e-8,-0.011594376941478083,-0.0004602191309605898,-0.00022484637819329925,6.257456569316959e-6,-0.0014599340503633348,1.4113313995032213e-7,0.0001734981899362238,0.0004380162378389701,-0.0014763523755908093,-0.01891105551330603,0.04335058372149884,3.928740679189726e-7,-3.222464099558552e-5,0.04565717022257388,0.00017415993163122232,-0.053847047789202206,0.00030104716354181375,-4.7958943458700904e-5,0.032538056597755424,0.0019445142917625675,-6.461089302110046e-5,-0.0025897355346607667,3.60100393721978e-6,2.3546764848870524e-7,-0.00014024115344739627,-0.0058524616419596606,0.003601018594599307,-0.006573418626628402,-0.0060189919240196945,-0.0032710200308147617,5.668780625981579e-6,-2.148666813389956e-6,-4.5536161729258605e-7,-0.0029288286221004975,-0.003824849866753474,0.012660748530873074,0.00013437232195343137,-0.00018772332002403046,1.0531657257379986e-7,-0.027148216607059485,0.00036283858183638727,0.00018544666866672678,-2.286650640856171e-5,0.00048146819746252813,0.04618378581107545,0.0011919479299847815,0.004382186557924295,-6.79090163289018e-7,1.8514555182443982e-5,2.95085847734163e-6,6.906340745678717e-7,0.00011287196359092801,-2.5318393958426384e-8,0.000588085847417578,-0.044029539174088,0.22332714904875586,-8.791198876067958e-8,4.484699538663403e-6,0.010140977345581214,0.0011232397114162456,-9.07890749021605e-8,3.178195386196511e-7,0.00045846021796660706,6.384872694016773e-8,-0.005869189898548483,-0.0001635455814919453,0.00037488322608266475,-0.004333852273898006,-0.011909354543489311,-0.00012182804183690268,0.20690548460574262,-7.756881169157106e-6,-1.5246177698300615e-5,-0.013631256776335754,0.000791950440825365,-0.005524296285318575,2.207779885559047e-8,-2.5759703614250063e-6,-0.00011094999930337102,-0.0001600809637189448,0.006442539407815753,4.1824134711763965e-5,0.0021787172604511825,-0.07169433942090564,-0.005022395086770222,0.007756416860193393,0.008185435714086298,6.442042417667997e-10,0.0001194575594096366,-5.347150270394815e-5,-9.15264674542192e-8,-0.0025305718186701093,0.000373011045392864,4.062087492321866e-5,-1.844905644398693e-5,-0.00018446416896323396,-4.295975363751473e-5,-6.530578682823376e-8,1.2943819329945927e-7,6.554006887930809e-8,-0.0035317608517625725,-0.0025137611179886915,0.0027305255034781348,5.81462207663241e-6,0.00012058118955338972,-4.7922411427381226e-8,7.282077327100704e-5,-1.8352536064334514e-7,0.0027223301935372177,-1.01481697050056e-7,0.21286604661944408,-6.714975217880178e-5,-0.001362668318707104,-2.4715664515248633e-6,0.09757031973540137,0.010826473559763109,0.07687124327284169,2.507775232676678e-8,-5.461131879098784e-5,6.374585851123515e-7,-0.005092189530591462,5.181302354952775e-6,-0.0015957150442622865,-6.72596703724351e-5,-4.375794447359835e-6,0.007221351313955388,5.154392745010903e-6,-9.735092214360655e-6,0.0008773395499681862,-0.00010476111314199246,-0.003055945909962411,-4.89088678696147e-7,2.0727278803042466e-6,-0.048130642689542764,-1.4462521026687996e-5,1.1101946507407234e-6,-0.0008835755764324938,1.1526735782340173e-7,-0.0037690221487168434,2.7552451126332406e-5,0.0005615025804776013,0.00019067469558727904,-1.5589680769363184e-7,5.065962420963088e-5,2.6616823136268005e-6,2.3212694706879778e-8,-0.000544925953902754,7.718307120300483e-5,-0.0022023564359055997,4.829646752418003e-7,-5.544640580906046e-7,-0.014591034786086511,0.0010391901898139228,0.0003332513510714678,0.005325122105245945,0.005909155342204129,-6.352509294010734e-7,-0.0038971181040962657,8.737944650438561e-7,0.0001503318805679462,0.00022604782267181267,0.053889819351579,0.02437726758791227,4.4930964554384515e-7,-0.0004276736319873014,-6.872568828237835e-5,0.009838669680707169,3.304910767799233e-5,0.0003007855490620226,0.004702397424469606,-6.927615018515703e-8,-4.3165062591412885e-6,0.026239995639779443,-0.010326862265638379,0.0026880523994198746,-0.019114726311511246,-5.094467914576719e-5,6.588724018047824e-6,0.02321545381523257,-1.1369745260262111e-8,-3.340515213623456e-7,0.00020112112633338677,-9.493273486402736e-8,0.005094081020810423,-0.0002830455471980148,0.0001396912409865632,-8.191896045209051e-6,-0.00010207739389114863,3.0665155833507547e-6,7.120140861765178e-8,-0.001962487161080321,0.0014105428968310383,9.185757117268433e-5,-0.01417102360535534,-0.06778848478582157,-0.0020479408032614685,-8.456497829730474e-7,0.026572807319081286,-1.6923275890564165e-5,0.00018313867818235316,3.300177580595626e-6,4.661093631672574e-5,-2.169580121760419e-7,-0.008006211344633673,-1.67248652514653e-5,-1.0068927366315146e-7,4.895266965382587e-9,-0.0665493533864018,0.02083061402418162,0.00019586550564919513,1.7304161610769873e-6,5.816896625365889e-5,3.961010834445936e-6,-0.0003191588711749357,-6.914571769751825e-5,4.2074164993480154e-7,-4.768697287954056e-6,9.657084926290691e-8,0.0016359963206189715,6.228313498114093e-7,-3.811440665579097e-6,6.82909549920008e-5,1.7177684902662296e-6,0.0023580758714312846,2.8733094935326903e-7,-1.4649496548520757e-7,3.9247798283509336e-8,7.440820539185619e-5,-2.4989565508066533e-5,0.012887988172833665,0.0003917798283084527,9.130350328466945e-8,0.23119893399772334,0.010536576566775547,-0.00011910990368234324,-0.0001689023984832874,0.00010383977920614415,-1.7314843469913585e-6,-0.020368941211303195,0.005768407133653143,-0.04405563581506058,1.8344082076931546e-6,0.02042921894850185,2.439178328420481e-8,0.0012512398848144191,-0.026974999958573463,9.044224627344005e-5,-0.01549630423760503,5.4303963499231504e-8,-0.0025169896320570225,7.81729968202416e-7,1.8230851374220682e-6,9.293368895642349e-9,-2.8357161600688383e-6,0.06419861331068312,0.01240977934031406,-0.015579987799091028,1.2617541386599208e-7,-0.008150467876563698,0.0003109175749359957,1.4072118772342091e-5,8.830625548523618e-7,-0.0012563622606129386,0.030468523384893403,-0.003029115853273266,1.350650498889334e-6,-2.6085207002074416e-5,0.0006500835450131434,-0.00011341179249907323,-5.994378143535675e-6,9.645331843017255e-5,-0.0034708379610282813,-0.009532595469830374,0.00441678718773112,-1.4564306246016675e-6,-0.0039036746611921763,-0.024064514337458067,-0.00028051624078577855,-6.164154121395842e-7,1.4139859675483412e-7,1.8092154538888622e-5,-2.79794181888374e-6,3.251222004673433e-5,-5.273275668952994e-6,-0.0003064365132995168,-0.0002733443566282301,1.2491613527767693e-7,0.00092858265207631,-6.186299115472087e-6
0.0,0.0,0.0,0.0,0.0,0.0,0.0,0.0,0.0,0.0,0.0,0.0,0.0,0.0,0.0,0.0,0.0,0.0,0.0,0.0,0.0,0.0,0.0,0.0,0.0,0.0,0.0,0.0,0.0,0.0,0.0,0.0,0.0,0.0,0.0,0.0,0.0,0.0,0.0,0.0,0.0,0.0,0.0,0.0,0.0,0.0,0.0,0.0,0.0,0.0,0.0,0.0,0.0,0.0,0.0,0.0,0.0,0.0,0.0,0.0,0.0,0.0,0.0,0.0,0.0,0.0,0.0,0.0,0.0,0.0,0.0,0.0,0.0,0.0,0.0,0.0,0.0,0.0,0.0,0.0,0.0,0.0,0.0,0.0,0.0,0.0,0.0,0.0,0.0,0.0,0.0,0.0,0.0,0.0,0.0,0.3676982605061944,-8.821880228720958e-7,-4.460922108115683e-6,-0.0018500478483142824,-3.1201978337587675e-5,0.031717378148775156,0.00015642062178215164,1.9286082072753198e-7,3.509982363240401e-5,0.0013043770391950368,-0.02260562505943771,-0.04472662361719147,-0.0002601710201902156,0.00014743048828625745,0.004422906610557923,-1.8417364417243963e-5,4.780182815369572e-8,-2.1595491323613676e-5,-0.0006461651783196744,0.0005117612733831191,-0.08182429352927761,-4.716331884662987e-7,3.980753593705762e-5,0.00016518154943654138,-0.0008930623836005492,0.0023169511194490603,4.419855990173364e-8,-0.00491162455537673,-0.00013294103307745766,2.9229426257924086e-6,0.0001644114095156853,0.0019781580314668238,-0.0021418009692810375,-0.0008100229396163067,-0.004360139604074832,-1.0516239947962963e-5,-1.6669366539643007e-5,-0.007723243927099462,3.08458972672469e-5,-1.7218171363847601e-6,-0.0017230461806537914,-1.31878813323101e-5,-0.0006163457858237045,-0.007817830506142957,-0.021013117632118827,6.307139894849068e-5,9.858522239586743e-6,-0.0016723873508065195,4.4119944990125616e-5,-0.015341959225295182,0.0016730089589958484,0.011249761353983541,-6.178646919016726e-5,3.3601772100688e-5,0.004067232949371305,-0.0006329231240202149,8.990283154324822e-8,-9.40732490302279e-5,-2.5563690591424116e-5,-0.002980451779404894,0.0004119094832237279,0.0008246268725125104,0.007583936376946847,-0.04887577012497848,-0.0004959507461231435,9.059204748218839e-7,2.5757569462822863e-6,1.8077147054466602e-7,5.371361533327417e-7,-0.0029838500516928164,-0.032956415989914195,2.008778423092263e-5,-0.0003418143134186924,-8.021256849511493e-5,-1.997933681571711e-5,-1.3553987613878244e-6,2.1135800857688573e-5,0.013300797435454825,-0.0004104508010319139,-0.0002655529556357073,0.00015495416431701026,-0.03197419984779623,-2.3489417432754895e-7,-4.508952319946874e-7,-6.42964417182777e-5,-0.0008598369856418553,-6.741233769242114e-5,-1.528357338570274e-5,0.10323592505094475,-0.0011522557885859988,0.005891419274628696,-3.237005703995876e-5,0.014790894490846881,4.043755974739703e-6,0.004247735970805934,0.008897011019307198,3.497513705956763e-6,0.0008517687705702941,0.0008850675314224388,1.2795747752316714e-6,3.4238001929664976e-6,0.0036737794157641265,0.0001686435406062372,-3.4370994796165045e-6,-0.004221421909864467,0.00023863289843898726,-7.879276826225744e-5,-0.0028461324343635156,-0.05407322112267026,-0.029082527834542272,0.0011020294525079057,2.4410463611936498e-5,-7.750819753805238e-5,1.3929305604016198e-6,0.012445035545146824,-8.048207035626883e-5,1.1730703472158296e-7,-0.00022353780862190476,-0.002867572456885794,-0.012001045839300494,-2.155622055085158e-6,-0.010396137982061938,4.7047829057828533e-7,-4.998797074983595e-6,-0.0031520883556328196,0.00019107697785229521,-0.043033130066988196,0.0005532493643914217,3.7304460700977086e-8,1.140281044585533e-5,3.438971872810517e-6,-3.7043758056259456e-7,1.4864377123097206e-5,0.003690345099427424,2.997580859884457e-7,6.910288518430559e-5,-0.009445789877302253,0.000391717141961424,0.0023236712406694998,-0.05953031461779749,-0.0004019219976067022,7.759747954292118e-8,1.3523695134841577e-7,-0.04202481162794133,-0.012591791396095228,-3.5128107014292264e-5,0.00017028303125734155,-6.0658549775820525e-6,0.002233841223778263,-6.804594349909559e-8,9.246881136029105e-7,-2.657277821012901e-6,-3.795658537291493e-5,-0.0001200852975943267,0.006158621999473254,-3.38321347559121e-6,5.305453396164075e-5,9.148520739041825e-8,-0.006196370527950404,-1.0704766835464115e-5,-0.00023657888933779425,0.000215681138974818,0.0001766777722982209,-0.0030116131265845725,-0.0008561068641670529,-7.680718972813676e-6,0.0015877861234137216,0.09597931842321633,0.0009637916781208133,-1.0309220592515565e-5,2.9620643121399795e-7,-4.2730790830011685e-5,0.000396379135955011,0.002860657716040494,0.018591110594263233,-4.925365073109321e-7,-2.140938447368527e-7,-0.007667564937623962,1.4623054577483216e-5,1.9337699604288656e-5,0.014240970017027819,2.7521124868707545e-7,0.0018543525903823097,0.0010092435925375528,-0.0008009938033522235,-0.03104697594914707,-0.0019371603297525153,-0.000743874385720046,-8.425954714049551e-7,-0.0005694290160815515,0.22973305608165168,6.550761510282606e-5,5.612038104070939e-5,-9.159773102318914e-5,-5.068975631188893e-6,0.0030148224602512858,-8.942819516416619e-7,0.0024546030015967397,8.498896012182443e-5,3.184224998613639e-5,-0.0022654798034136368,0.0008609794966866234,-2.398526485213407e-6,2.7138216243337103e-5,-1.32379589488576e-5,1.4142166712591804e-8,2.5527034476406233e-6,-0.018871904987218874,-4.432974102281211e-6,-0.003854918016722797,0.00043032883588204333,8.554080545605564e-5,-0.010876012408054326,0.009755759055255806,-0.04031307828302393,-1.8449002370603648e-5,8.637244790089725e-6,7.171318271848731e-8,4.397976268639909e-6,-1.1524263011119574e-5,0.010194385240359278,0.0009388413334039106,0.00046565687007609467,0.035443435103861144,-1.1404082460903946e-7,0.0017864522080408803,0.14700471410298407,-0.0005046841155284281,-0.0008920621184328662,3.3332944681008378e-6,0.0019644064697873762,0.013856251170627165,-1.4738583117392295e-5,1.3020868044446851e-5,1.685517324793846e-7,0.00028859547331877013,0.0008522721873820128,-0.01573977402087291,-5.291571586783702e-6,5.526408502622745e-5,1.1120486603088562e-6,-0.0005845101394784353,-0.00010108949078099288,-3.438176862077805e-5,1.7886438873190852e-5,0.024933735324300467,-0.018117275927258675,0.18605430396020214,9.459213813041188e-7,3.8617562886002796e-5,0.0014839923339372862,2.284852476740435e-6,-3.442612995686312e-5,0.004464574027174702,3.3032947290882934e-5,3.6366715995126676e-5,-0.03537999578991227,-0.004679576650744625,-0.0001728550169856912,-0.001020795836017087,-0.003086039748737403,-0.0005880375729169933,-0.017746724118535888,0.0007442076473259704,0.0028833218892014055,9.414038276822218e-5,0.0013528826765023497,-0.0005289192351002829,2.4555677290709378e-5,4.8874387748972206e-5,9.130977171475583e-6,2.5512648070274138e-6,0.012049499214847503,-0.010293568746468546,5.5833896571890825e-5,0.0012177715898349503,-3.76196264109433e-5,-7.185021692453809e-6,0.00022721440148353134,-0.01021814961142857,-0.003095573694867995,0.00012879606375669941,-0.0026420025543717604,-7.491606310617801e-6,0.00044649245922975475,3.812280193351034e-7,-1.2057936702294885e-5,-1.4856751015998417e-5,0.0006582269909841109,-0.00015572681955043822,-0.009368895534134423,-0.0045004217001914145,-8.622740896725423e-8,-0.02781841474138972,0.0017416481211468436,0.002128058229535261,-0.00022494861363449436,0.007101759726487343,-1.6517069264810415e-8,5.28252138237737e-7,-0.042072104788219156,3.62338265397476e-6,-4.940532612644455e-8,-0.0038813902957539107,0.0004398633310020256,3.081279583692177e-6,2.548452553616849e-7,0.00013644940271673796,-3.1539526899970605e-7,-7.118163690902421e-6,2.7804481970355373e-5,-0.009645140211450576,-9.736264203525821e-7,0.00696986376217268,2.2055104462173122e-5,3.2499176389045705e-5,-2.061487294894869e-6,-1.629638654466355e-5,-6.747800586013302e-6,-2.884686981653271e-6,-0.004258297316602815,-0.0012032976199117702,0.0006610816998860847,-0.00045922958224776293,0.00031114370492890025,-0.032785853103739535,1.0210165882992747e-7,-0.0020510482474712572,0.0013497765140261556,-0.004546824284590821,-0.0003667760004155805,-0.00018247933576661795,-0.0017493061673706017,-1.9264699900738853e-6,-1.939670455823664e-5,-4.4099214439106235e-5,-0.0021373805058100973,1.1145225869498967e-6,-0.0003342244131029041,-0.00014654050822374617,-1.5540741141479287e-7,-5.088419286715706e-6,-2.9627990340323333e-6,-0.00017084935051998518,9.41740114040765e-7,-0.008046335346309358,7.190377799157987e-5,-0.00018948214563677446,-0.06687980265414742,3.5707178460382935e-5,0.0027307580903029927,1.5313114156797023e-5,-0.00010788417146546692,4.2340037121099114e-5,0.001470531672622661,0.0010514055636996,2.839253267063611e-7,1.5568888398559392e-7,-1.3594757521735653e-5,-0.005670658712925148,0.01135210719234887,0.0003113167411880628,-0.00019399513451232245,5.726711421352337e-8,0.02085432084579428,0.001193877130376006,0.0008769958986315487,5.885621496484256e-6,3.1582649023356987e-5,-1.7468837121573294e-7,-0.0005777603684580391,-7.528721071537645e-6,-0.00017465606868004925,-1.9028500655694492e-5,5.1817169483514525e-5,-5.985783758962819e-7,6.209392211378881e-6,-6.0515241706313736e-5,-0.00037658656868656533,0.0013132765575704975,2.2729958841539114e-7,0.0017335561676182878,-1.0834117832434787e-5,-0.00012057075800055487,6.209463680813427e-5,-2.7511476980674258e-6,-4.9004042936574794e-5,-0.00023801084018949535,1.2207716105552014e-8,-0.00044824016964711784,-0.01761671605365286,-1.2333262827973275e-5,-5.188723082674526e-6,0.0001630280021903117,-0.0001629636816982537,0.0020349133921142115,0.00534503576473137,0.004090795931522895,-0.02193514190322583,-0.009742010422219284,-2.0525292689624508e-5,2.3157891747953517e-5,-3.006706134740365e-5,0.0026854107549506845,-3.6679776826886475e-7,0.18995076127431718,-0.0008198152206944655,0.2079765579809807,0.0013152710087157632,0.029173745527449012,1.197445221608682e-5,0.00041708379954187726,-0.0001252701530795583,0.0005820833799280728,8.756581114441571e-6,6.724182153498563e-5,-0.016556496916031126,6.230164370946915e-6,3.12907079443886e-7,-0.019663465535341276,3.490952623918578e-5,2.3334544351637897e-7,-9.717494826901293e-6,5.211965740965963e-6,6.99379894712961e-5,0.002225278072886124,5.277070381354425e-5,-0.0026402783529536457,-0.0002886275300406493,0.03508778625634536,-2.0625140566444227e-5,3.452143576372908e-6,-4.889142401940731e-6,1.591111315696951e-5,0.002967947624081499,-9.386364271327885e-7,-1.8983635899602805e-6,-0.04453889853533949,9.735617979901483e-6,-0.001983468855816821,-0.008343819530292888,-2.0337872944993704e-5,-0.0004641830919849638,6.994157284205597e-6,0.00996638387200066,1.182078968446971e-6,0.0115589231214205,0.011453776128382937,-5.940329670760398e-6,-0.05412670065355927,-8.77325995813418e-6,2.595982062846628e-6,4.614772496710218e-5,2.9837903635735465e-5,5.7842362961820714e-5,0.2857850287032849,0.10384907544319966,-1.4841403425242665e-6,-1.6156071640503083e-7,4.05448014392857e-8,2.4517331208625993e-6,-0.05703134309759804,0.00025142058085027394,1.5146460488177642e-7,-0.0002346397266913007,-8.651091471208506e-5,-2.891160367640921e-7,-2.4983270567179658e-5,0.09127385708215557,-0.00017261348678940624,0.00021483306775267163,-2.2274356792810758e-5,0.007394325215536433,-0.000676187451367056,1.5297199691588782e-6,-3.486172453627453e-5,-0.0003034491069623547,-1.6111201171328772e-6,-8.587757224312804e-5,-6.731686719039155e-5,0.0004715357392024856,-0.054489718661186216,-0.012908748383134576,-0.0003103201575288752,1.1780086198753543e-5,-0.00015721343260016472,-0.002957937300564771,-0.016525334388787942,9.961264499629744e-5,-2.6313394400539594e-6,8.966507173013485e-6,1.4861740762501082e-5,0.0003661457863782996,1.4451589151910787e-7,7.723046346569081e-7,0.0031506237753597824,-1.9429304518802404e-7,-1.7620972058555435e-5,-0.0025256915270592778,0.013746001327662488,-0.0003118235844466236,0.002068277806048723,-0.00017458912784425556,-0.04443553733222203,1.773453757884569e-7,-1.0204433188848115e-5,-3.174492545060588e-5,-0.0799998842056987,-0.017988297877032305,0.009554170435661563,-8.546599851403345e-7,1.1460563384531529e-7,-7.2382376365316395e-6,1.4182650351960374e-5,1.575632249736315e-5,0.0008413663361394149,-1.386641047277943e-6,3.0104113737283465e-5,0.007666277218875157,-0.044871295289741986,4.3970672761522365e-6,-0.018039255408347027,-0.002227718054449291,-1.12750585507942e-5,1.3731401624534864e-6,-4.913276916223382e-6,0.009296782404409419,-0.047305656601953995,-0.001035143764218647,-4.334951672694147e-5,7.084567595579511e-5,0.0009934243427380353,-8.563747226976365e-6,4.6220341848685455e-8,-0.0012119175523833533,4.287602062188166e-6,0.0029889190637831507,-9.402000016219448e-6,6.986198695963478e-8,-0.001023257473982095,0.016434443249107346,0.009073219474828087,-0.001254073923680418,0.0007657952256278033,0.003480131805060919,-1.2635285791483766e-5,2.989415103384171e-5,-0.00022412767630886982,0.00018968781630286505,0.004224609322014288,-0.00013236386943608254,-0.0017402619153351882,0.0038330314170681545,9.529767881979377e-5,0.0010539698620444715,-2.755509336799159e-6,0.008264006723571454,-2.0306494255778312e-5,1.0999498827016424e-7,-2.3962604601154025e-5,6.317100128931212e-6,-0.0013407756109630271,-5.688086268101685e-7,-1.5443269829144835e-5,-0.0004328060626885895,-0.0007087775596218032,-0.0005560836957635,3.72580074659675e-6,-9.326614330127732e-6,0.00011723052039275389,-0.003657506004419084,-9.408334562237421e-5,-0.00564548080270748,0.00020572828864070928,4.822460938016692e-7,0.12027879046871011,-0.00020552630922674052,-0.0008379851361995543,0.0001194392676540792,-0.005708791831388369,1.0411359647550604e-5,0.00023995028226722053,-0.004725311684313491,0.06375228307655023,-1.9536757614426748e-5,-0.00021127509158371316,-0.0008696370271540475,9.080823916869132e-5,-0.004191765877874858,0.011916999164556522,0.0017287179667929142,1.6128170637404862e-6,0.008992307925106281,-0.0024955767129583627,2.098047576715048e-6,-0.00011218655290754977,-0.0008163040392608258,-7.570894594126195e-5,-0.00016503599878184776,-3.5458422786117393e-6,-2.493600739889222e-7,-0.003856155844511162,-0.041890057966318915,-0.002186796530564393,2.8818807726186887e-5,1.2229703553343139e-5,-0.03435312171755291,8.884277178339498e-8,-0.00013793461812210868,0.0002106158703530698,5.50690430268377e-6,0.001162728511217029,-5.7990508466990326e-5,0.012947910284517927,0.005440747958057317,0.0014271201727711323,-2.4443701315284196e-7,0.00035059102155110913,-0.01167768059342596,0.01173041840805155,4.570611351992495e-6,6.457078482112345e-5,-0.0032209637496684778,-0.009269777433326328,4.883513118264682e-7,9.104320020682882e-8,2.7508779200806544e-7,0.021794201337366568,-7.86763406321886e-7,-0.03148363790128857,0.0011540608597043539,-0.006036001910957349,3.939648285305236e-6,-0.0386876589722906,-0.00026013416409540445,-2.728030978570194e-8,-0.026411320689987125,0.00039324886610092217,-0.03952857036566254,3.155453126692931e-5,5.050336055847224e-5,-0.00019389195963730882,-3.143438741638963e-8,-0.0015871417741174878,0.00020164083869406664,-1.5376793891279393e-5,-2.395144304242326e-6,0.00045268836791846026,-5.898320473329816e-7,-0.015233463245251981,-1.825269482948112e-6,-0.03412596078255002,-0.0005185090782973399,2.8446446895060974e-5,0.0046243095268252675,-0.0002021648299970979,-0.0008319177875366268,0.012042861615343528,-1.4770623612898892e-5,3.894457199550953e-7,-4.6662566240755024e-5,0.004271010275306789,1.9373468982562155e-5,-0.0002843375270270279,-5.641606104376913e-6,-6.592654063977731e-5,-0.0002615522936468646,-2.1585430319199977e-6,4.009117785915668e-5,-0.00012188342378707436,-0.006162522754013805,4.118021335613351e-5,3.4517550007552017e-5,3.8139865942909657e-6,-1.1705097471862998e-6,0.0006056467431586363,0.0003895290591370275,-8.884719063392112e-6,-0.007510902940824598,0.00045880444618575766,0.0020322692785463455,0.006065622799438988,1.3614751273923705e-6,-7.785674328436968e-7,-0.0014440559653576238,-0.010691882233092864,-0.005758455397981356,-2.5835528057572186e-5,-0.04326185811710431,0.0014097765356277058,-0.0049365014505925635,-0.0002012273271416656,0.0003557426314671933,-6.105328779216214e-5,0.00016499048687478602,0.022149370783607247,0.02342265426113667,0.007029035274103163,0.005713349142670949,-7.553327369057249e-6,8.268369668273889e-7,-1.3369223192888529e-6,0.07728691229271203,1.518220248420534e-7
0.0,0.0,0.0,0.0,0.0,0.0,0.0,0.0,0.0,0.0,0.0,0.0,0.0,0.0,0.0,0.0,0.0,0.0,0.0,0.0,0.0,0.0,0.0,0.0,0.0,0.0,0.0,0.0,0.0,0.0,0.0,0.0,0.0,0.0,0.0,0.0,0.0,0.0,0.0,0.0,0.0,0.0,0.0,0.0,0.0,0.0,0.0,0.0,0.0,0.0,0.0,0.0,0.0,0.0,0.0,0.0,0.0,0.0,0.0,0.0,0.0,0.0,0.0,0.0,0.0,0.0,0.0,0.0,0.0,0.0,0.0,0.0,0.0,0.0,0.0,0.0,0.0,0.0,0.0,0.0,0.0,0.0,0.0,0.0,0.0,0.0,0.0,0.0,0.0,0.0,0.0,0.0,0.0,0.0,0.0,0.0,0.36175307046965655,0.021830696710383703,-1.6456439410176803e-6,1.9839840648030202e-8,2.424513093122608e-7,-8.699127574824457e-8,0.0017607643852301782,-5.1079625862949695e-9,2.1309097382105237e-5,-5.339699473775123e-5,-0.00019896378852222093,1.4463731040348221e-8,-7.810088188422269e-9,0.003753309856173238,-0.04973456797251823,-0.0024746801882666774,0.04415172350069987,4.353406832634045e-6,0.006349190481344516,0.00023956978198559173,0.0016316488661781727,1.4494337176845263e-8,-5.353666820446347e-8,-0.0026452219853063874,-1.052222046171026e-7,-0.0014559224594465493,-0.0010096558556069047,1.1988706998834137e-7,0.004434858062271677,0.09504010940714445,-0.011158444880344424,-4.550367253818933e-5,-0.00835423509614624,-4.324400497701262e-6,-8.701864253069177e-9,0.006847159924048396,0.001841935688957876,4.2920309248159233e-7,0.0038664933223934318,-0.0008348331564653469,-0.009800737148165697,0.010292126162081076,-0.000643563072518525,1.8768600130820396e-7,0.004727170404702529,-0.041319191965713375,-1.3683483676806275e-6,0.005810907946050112,-3.7290620317623274e-5,0.0021709932019760465,-2.3073353174060634e-6,-4.267272145796871e-8,3.6758925884247735e-9,3.298566602698926e-7,-0.0009309077338613329,-0.002597432431373541,-0.028520368228928412,-0.08021939009061879,-4.230738350824867e-7,3.771162247887753e-5,-0.006890597356749405,-6.170581590944787e-5,-2.0365677664892863e-6,2.568121789479704e-8,-0.017136933492731852,6.057646099329239e-9,0.0008937434633579522,-0.0010532201081426915,5.529296476460495e-10,0.00010020007479459095,0.017630841930355863,-0.009406498661073537,1.5045311988673673e-7,-1.0534343729483034e-10,-0.0008296098082738397,1.2695429082321589e-8,2.0445588304088516e-6,1.9111845997845694e-7,-4.910819250655482e-7,0.034178171579956514,4.317480637309667e-5,0.00034882638168486524,0.001992148766248122,1.0632307687925318e-8,0.0017035842034200316,0.008579028372138853,0.2633279838903693,-3.945538328389381e-5,3.7671603852427774e-7,-7.820467302009348e-5,-0.04095963745887041,-1.7178172938041056e-6,0.010010324624003385,-1.4772757043638961e-6,-0.0005602472965682915,-0.029460230801026645,-1.3117023658887227e-7,-0.0011977644698542285,-0.002857368342422125,2.8727662041589494e-10,7.729990890945457e-5,0.03071975692117028,0.004280208200795137,-2.7406596012069485e-6,-2.563488606373704e-8,-0.00398648572400256,-0.0006587934577170523,-8.214240629670833e-5,-5.100830260781801e-6,0.00014439774869436914,-2.4894854156182445e-9,-0.004451675053131549,0.002279831081838908,4.810834789545519e-5,-3.711776645379098e-7,-0.001332830276721448,3.005777139744143e-8,-0.0005015788846467927,-1.9159540132629464e-5,0.007729960366736024,8.39351760331914e-5,-0.0008738963423612361,0.18660241994320692,3.986598866932409e-7,-4.091335610958332e-8,-3.1677762961603884e-5,0.001569759548152533,-1.1275547057000841e-5,5.40509806467102e-9,-2.9942614954316337e-9,0.00028771389544950934,-0.08122046141174023,9.38237680657279e-6,0.019580972951248252,-1.0343928284589303e-8,-0.00010808442261076414,2.113529355289337e-7,0.0005300234813771142,-3.148504585824736e-5,2.828449444839775e-7,-0.00010994766006356435,0.00015483017272399072,-1.204571272832103e-6,4.665940601342347e-6,0.1756726875994295,-4.3703057610000775e-8,0.004910110877416159,0.00023002908995119553,0.0008176040926782522,-3.2041834266799123e-9,0.023410726105433224,1.4361494581911855e-8,-0.0010837963559905102,9.861624031364764e-6,0.028233503291176888,-0.028868915087200884,0.0026620273485933087,8.781298811082531e-7,-0.002340646597175391,-7.727904408489327e-8,0.009663364724117055,0.02532709694963471,-1.4771900695456263e-6,-7.540821712817015e-6,-0.042485650335856114,0.002243749584160552,3.0468942293375672e-5,1.068929315758736e-6,1.2196363094394408e-8,0.0012293563024035395,1.79749416855053e-8,-7.057288307586188e-8,-2.049577569111958e-7,-0.00033779817098820455,0.002315477214493901,-0.001520362263290285,0.0003283893607574249,2.9046445798161506e-8,9.659152018845867e-9,0.0005767102755839708,-0.002827493562304305,6.167820587436941e-7,-0.0004778035281359128,-9.844213848055723e-8,-2.7396847158498777e-5,-6.0509903687326894e-5,-4.6418369637839723e-7,-0.004600410724139107,-0.0010665901503736175,9.874832920937144e-6,-8.503342028811617e-9,-0.013896637409069114,-4.187121978996498e-8,0.034004846817951476,4.8675703795718396e-6,0.0015546627665753503,4.38711244724455e-7,-2.55831286178669e-8,0.01629184328893771,-0.00013897705830916848,-0.0007749747695747117,0.00026700033442781816,0.0036730265240745154,-4.286953551503659e-10,3.884369613184645e-6,0.007681083744350268,5.1155167510247475e-5,7.981481902406477e-9,-6.315735810353423e-5,0.000871347132462919,0.07263403154650605,-0.00017533821713090056,-2.489335783749929e-6,5.459808160352681e-6,-0.021275680548096493,-0.00016418152587375438,0.0018086915420283468,-6.56620182595651e-9,0.0008157659863817013,-6.69242506133868e-5,-0.0012763175525664053,2.1180454184160814e-7,2.8722782472280606e-6,0.00038468313818321414,0.0014802238908564163,-1.4885114884478567e-5,-0.005223725735593456,-1.5931601002167565e-6,-0.04372390309132607,0.0005035250366257878,2.9553405147726853e-7,0.004359753637678241,-1.0900090944766203e-8,-0.0003677710629087247,-3.3098598461941265e-8,-0.013146146699702524,0.00016368215467291213,4.197346657171368e-9,-0.05242258576531274,-0.020716343372697645,-0.0001783237051770998,2.8084715287496328e-8,-0.034619957277052416,-8.589598633470951e-9,-8.57555033582534e-7,-7.6174737229587546e-6,-2.5333920760149596e-5,-0.0013612114511112512,2.821286700936836e-7,2.271206370370259e-5,-0.00019968454534863669,0.01172278605841241,3.2890646535683176e-6,-3.3185008088389316e-8,-0.07171953212169246,3.8924769688801405e-5,4.237843412991202e-8,1.8414670457750762e-7,-6.078527096929819e-7,-0.0004519129794340316,-0.013698232808584933,5.517253845539421e-6,-7.280053053084269e-7,0.00018679637025987935,-2.9420611363850726e-8,2.850995683993068e-7,-4.378911270120923e-8,0.01971921107682314,0.032804008614465384,0.007324133474966033,-0.01665961740448349,8.346752236050655e-7,3.923095775004791e-5,-6.023741760879065e-9,0.002700357377923036,1.519339608848207e-8,0.008592733243098161,1.5479692670136372e-7,-0.0003077239394804602,-6.129786490187659e-7,-1.929267754046797e-8,-1.8941049229420657e-6,-2.0183305057040466e-9,3.588949414497155e-6,0.00019652314731728455,1.2137092743386188e-8,-2.4743195945570404e-9,1.38492772389386e-5,-0.010019877539495603,1.83746654117693e-5,-0.0012518974325860716,0.0015778715508106915,-6.452612117497886e-5,-2.903063920583201e-5,1.006583388096075e-5,-0.0030559509077425742,0.0006432134080990589,0.0012180907028998841,-0.00026352348702675756,0.00023278130472524823,0.008689152048785401,0.0005778367903399893,-4.430485608862808e-6,-1.3616612029253809e-8,2.0743639638141825e-8,-0.0004693657342419531,6.271335637887451e-7,0.0013003409611225887,7.742013693631872e-9,0.21554308943805184,-0.0003963794766451749,0.0027665814169096376,-8.178317607541059e-5,7.873204154705634e-9,-8.833080172580657e-10,3.059234487454341e-9,-2.729565477352068e-9,7.96659220242343e-9,0.019822942358435524,1.4341038041985435e-6,-1.4779500551788466e-6,0.0010586318097078838,-1.8442551402976968e-7,-1.622744036369339e-7,-1.1432135417676157e-5,-0.0016422925290285177,-8.063365309417392e-6,0.00301041674172532,0.001743249936075224,1.702388029787171e-7,0.0016746634025169185,4.850618818636447e-7,-0.023788445536027897,8.091476331604765e-9,-2.99883374670046e-8,6.109137418189493e-7,0.0007549964469130751,-5.911027493038197e-8,0.000835746291701422,0.002806143829832577,-9.156308991548858e-9,0.0061733809830414365,-0.010764214057524384,0.0014602229680254436,3.190929497727848e-8,-4.0337138785729186e-8,2.55319064822821e-8,9.026007725239405e-5,2.4959479097031334e-9,-0.005506007872102938,-4.630633758250674e-9,-0.009787057850906717,3.4888397066772426e-8,-3.4516870761931717e-7,3.975757886481636e-8,-0.0006179473097128502,0.0022982928686636466,-0.0007019307519612282,0.0015240753625296599,5.474467628732784e-6,0.007421183989851119,-4.4247519461649026e-8,-0.002476293113875295,1.2816508599201866e-6,-2.1388640691783837e-8,1.6561922097075843e-8,-0.005546783206293777,1.3811240651890965e-8,0.006003844064467408,0.00018541821799567928,0.0023239783014958344,3.9539780846424895e-8,2.4555929794743423e-9,-2.205092776780891e-8,0.0035644860437153677,-1.5487107833710398e-9,-2.3338171588565877e-9,1.0946789161373272e-7,-4.422614736083914e-7,-0.0023020100893908595,-0.003789552153280916,-0.04487229842817926,-1.7482892292208073e-8,1.1199697398999747e-7,4.753786100920042e-9,0.0005926080264597719,3.3039507203715924e-7,0.0013701169800552626,-0.00010658501047531404,-0.0001529481734210906,1.6714717906413497e-8,0.0673599189641474,0.019315256063109614,-9.013376486913551e-8,2.0113018596096876e-7,-0.001026818718062394,-0.00025772885884375895,-0.00012131646704383971,1.2817764738440815e-6,0.15770623396324226,0.0026801386532548737,1.6555947567162547e-8,-2.3563275245264184e-7,0.006457314835833988,8.914644185637155e-6,-1.9872704352733026e-7,-9.153071040344633e-6,-0.0011866105272289155,-1.4469702739960233e-5,0.018358526456436264,0.0037405747896347282,0.02807849490046881,0.0013199642534874754,9.376873194892052e-9,0.000615094254350594,2.425438372479461e-6,0.0003310145493113089,-0.000503607011874552,5.3875936581759605e-5,5.347080431476856e-9,-0.0014322448960676127,-0.001955304629747564,-0.023643303333811257,0.2054859484971398,-0.007249994293511762,1.495674202508834e-8,-2.6828329360635122e-6,-0.0024974029240113515,-1.3111462900822996e-5,-0.03218994768643236,-0.028641150211130107,-0.02137318216550846,-0.004659539696255108,-1.840476941221305e-5,-0.0006031787310830599,-0.023863027869973456,-1.1778699270195685e-5,1.4291659770977805e-8,-2.5679001399285028e-5,-0.0005185160452126446,0.038405870848433214,-0.007970202221192966,-0.04152854757274967,4.136204850736047e-5,-0.00035850687713389885,-6.111435652658173e-7,-1.2953619569949291e-6,0.0036865804428573147,-3.41439043352679e-5,0.045524853046666654,0.0012770783163891957,0.005674635201501133,4.4539428566673865e-9,-0.025569218381504298,-6.422672123995802e-6,2.9993942077503114e-5,0.0006420693527231864,0.01447126627904885,0.009240318972470254,-0.018963578545170893,-2.802468929002999e-5,-9.484302216541884e-8,0.0010762647274132734,2.686092512898888e-7,2.594964282626776e-8,-0.0005739016116991929,-2.359736412007809e-9,-3.451821925666479e-5,-0.018209103420408906,0.0014142956002440882,-8.55806112677332e-9,5.560744124013343e-6,0.001645962677274278,0.014404639569530012,-1.1826441191827353e-9,4.582168436160778e-8,0.01517936736767703,9.726513409506306e-9,-0.00023106880244063043,-3.6629370600777503e-6,0.00011985678131462796,3.165365766655728e-5,0.0072103618595688425,0.0016267656498789181,0.000570671548112544,-6.95222780287728e-7,-1.5091162415542947e-5,0.007400859693101218,0.00021373023686942964,-0.011343620339937426,-1.0180272501510078e-9,-2.625156423535944e-7,-0.0016695074313203754,-0.005192245434425433,0.004299652013876953,-0.0005252281133406498,-0.005238018520298147,0.00028929439860077825,-0.0005508032324956199,-0.0004276958936978138,-0.005282562625111496,3.969842285259043e-8,-7.686076171616003e-5,0.00021062937003231072,-6.1641120638333955e-9,-0.00031989784547927706,0.0001694723799598115,-2.6249297386689093e-6,4.6517702799224286e-6,-0.001091782901647831,-0.0002070966120468892,-5.114126791946416e-9,3.7089296184106588e-9,4.2434353371594745e-9,-0.00032689832160781644,0.06655985469304651,0.007820006648243198,-1.2152057276697444e-6,-1.4680241627736611e-5,-6.0087174840313316e-9,-5.487939447075575e-7,-1.3873138925810617e-7,0.20795788324001788,-7.354285136721899e-9,-0.003906712719519992,7.101097805274533e-6,-2.177215742443126e-5,-6.792504988529973e-7,-0.003057371326065642,0.0062021870328905,0.001281734033430413,8.616439305519115e-9,-0.0013617161051835197,3.307864100275266e-7,-0.021090683068162863,5.35015179781703e-7,0.13078838018657102,-0.001165301069961474,-8.683488069121758e-7,0.0001707958711856296,-1.9422963021928935e-6,-3.037631904903745e-7,-3.4617406819669647e-6,4.3090470013421354e-5,0.013649845701401132,-6.684385599998988e-8,2.9662314269210504e-7,0.0015316819304288395,5.279000474905603e-6,2.2760020338714678e-7,-9.583785529255313e-5,-1.671371377332022e-7,0.01967203285054463,3.859391115915755e-6,0.0037094289770361628,-7.965013881623277e-5,-2.0147223281696576e-8,0.0007696529187132606,3.559506338330774e-7,3.4950535732998555e-10,5.066201358071529e-5,0.0010741568202851557,-0.014374959223672436,1.357028688488104e-7,3.845349305208664e-8,-0.0036727203448729644,0.011586727898845479,0.0025910417491857773,0.006123015998526647,-0.001189138164185467,-3.307853771035869e-8,-0.0004473332502651104,-2.5111035510689095e-8,-0.001047224237719932,3.4894407998451655e-5,-0.005659208433977982,-0.004194906300678215,-2.320684805095119e-8,1.2078542404888163e-6,0.001161164342403454,0.0009802849384652874,9.41135976991806e-6,6.627249060126851e-6,0.23558195358252423,1.841416552846607e-8,-1.0099745014609634e-6,0.023326728557780164,0.0014477187817735918,-0.0006988627981130422,0.00016494047452248156,0.0018084632634780976,2.019576604600165e-6,0.0017410049021828414,-1.273932626982079e-9,-2.15279037323356e-8,1.7866953740379487e-5,-2.862957378603508e-9,-0.003276282657075495,0.00437012326922975,0.001904082142140736,-7.446834548919635e-7,-1.823099451460706e-5,1.97187768741676e-7,1.8706474341422983e-9,0.0035046792828010613,-5.8307211581681635e-5,0.001539400344365288,-0.009159112025091084,0.05238510206106362,-0.03911308543581954,-4.6250180502064045e-7,-0.007737581304125813,-2.8995849384200114e-6,1.64418940804084e-5,1.8065234285893621e-7,0.00030690010414075817,-3.6329964610930166e-8,-0.0002754553968940997,1.6753244413053015e-7,-1.364783523261577e-8,-1.4914156430676493e-8,-0.00040510497425601255,0.0005608850352589594,-0.0019206039728018147,0.0006720847047095691,-0.0004266523984725528,-1.1487055710056744e-6,0.0026607531565065808,-1.1056660051998918e-5,6.5866071075856e-8,-1.1927500525029763e-6,5.385591018066252e-9,-8.851168349169336e-6,1.5749685777782245e-7,0.00024254603299749228,-1.1629334224149707e-5,-9.185521268679986e-7,-6.521468987768197e-5,5.331491265154499e-8,-2.6504822053802634e-8,4.4986595341106644e-8,-0.001153090754992386,6.583527207387946e-7,0.035491930997246846,4.0673157627420355e-5,1.9546148687055915e-8,0.00047517850571636785,0.11003950234242149,-1.6776328167503693e-5,0.005991629042458333,-4.8250931400634604e-5,-2.2378420427488502e-7,-0.07444319324022301,0.00019288944768237814,0.001795118100441038,-5.364656441065155e-10,0.00015631390057808416,3.01522770875426e-9,-0.04086719592814421,-0.00010235857808665177,1.2320240002657778e-5,-0.06800716359914255,5.2141682355146584e-8,-0.0013013149856688751,1.205017248502677e-7,1.8223407239634478e-7,3.730620631292977e-9,0.00551771743134635,-0.005718472984333206,4.406407480538133e-5,-0.00039304461465311513,1.163354724234542e-8,0.004444628757156439,-0.00042438015221694074,4.903115856624575e-5,9.932210358360645e-8,-0.000860328594442403,0.0011228766515133611,-0.0003969242552473917,3.787705133954803e-6,5.298050420664337e-6,-0.007490769632374003,-0.003093463961637656,-5.363770498382857e-7,-7.306266410448441e-6,-0.0004330847349774383,-0.06944489596828841,7.589106202060002e-5,-8.361236780159621e-7,-0.0006001474047882482,-0.005939467379140317,0.007909381052220296,-6.908245468431877e-8,-4.1569898946601784e-8,3.2926026290572227e-6,-5.310158036432398e-7,6.306737281050058e-7,-5.319363392964032e-7,0.0027305421388737995,0.005138776048563806,1.4328856872792252e-8,-4.281649203747835e-5,-0.00023113444209196536
0.0,0.0,0.0,0.0,0.0,0.0,0.0,0.0,0.0,0.0,0.0,0.0,0.0,0.0,0.0,0.0,0.0,0.0,0.0,0.0,0.0,0.0,0.0,0.0,0.0,0.0,0.0,0.0,0.0,0.0,0.0,0.0,0.0,0.0,0.0,0.0,0.0,0.0,0.0,0.0,0.0,0.0,0.0,0.0,0.0,0.0,0.0,0.0,0.0,0.0,0.0,0.0,0.0,0.0,0.0,0.0,0.0,0.0,0.0,0.0,0.0,0.0,0.0,0.0,0.0,0.0,0.0,0.0,0.0,0.0,0.0,0.0,0.0,0.0,0.0,0.0,0.0,0.0,0.0,0.0,0.0,0.0,0.0,0.0,0.0,0.0,0.0,0.0,0.0,0.0,0.0,0.0,0.0,0.0,0.0,0.0,0.0,0.3600017789783195,7.35271185449068e-8,-6.090567847476504e-10,2.1564276437282678e-7,4.9693352073269846e-9,0.036673157630039345,4.9193088241419013e-11,-1.6392864125336702e-7,2.3163224906220477e-6,2.1705381535832877e-6,-3.200013795371953e-9,2.311950445255903e-9,-0.00017115655637109123,-0.004564215739927335,-0.026429929529935378,0.024851349951972204,-3.308677247699382e-7,-0.0012436175647907075,-1.6417743189342847e-6,0.01925868411060691,1.05976181112043e-9,3.720508679687669e-9,0.00019300172876858348,4.5068427355296815e-8,-0.04901731412974372,2.386749847466658e-6,-3.5646669701875936e-9,-0.05217169435979806,-0.0028395401852389663,0.0001001321395642861,1.1122116529707978e-6,0.0004098291648083585,1.4287191087910688e-7,9.028892018409758e-11,0.028204578838638115,-2.0793619228880234e-5,-2.016071713036137e-8,0.19619078309401378,3.4101493083929486e-5,0.04278835450680332,-0.0004587492513484041,3.633531434564648e-5,-1.8294873553880262e-6,2.3337524896003622e-5,-0.030404053148488486,4.702501620596755e-8,-0.01223837898300083,3.186741323531172e-6,4.228868217945821e-6,1.5124158537507784e-7,5.229028502806273e-10,-3.3181900103314904e-10,3.0067184440743714e-8,0.00020612498811631375,-0.0023636590669872406,-0.00012732494891834042,0.0006720586850043217,5.99871826697851e-8,-4.037768210644013e-6,-8.673668986921605e-5,-1.5625377863642971e-6,-2.6798006979836283e-8,-2.0639983938307463e-10,-0.041690115720500485,7.124685717807172e-11,0.00995442698067703,-0.024884722558386342,-2.3827509265990238e-7,5.821606912544379e-6,-0.0026790496296825077,0.0007474883177786899,-7.147427627189306e-9,-1.9982354631045487e-10,0.005039733069850247,-2.2657407324729505e-10,5.150329563078216e-8,-8.857668676440726e-9,1.3274009786896531e-8,-0.0005232307458316509,-2.814092182394022e-6,0.020042961253886268,0.022973704097286513,-1.1852625363694251e-9,-9.08806238498292e-6,-0.0005278602174201299,0.023127616137756775,2.2899117275383807e-6,-9.315660622169216e-9,5.058034463345023e-6,0.0018104927524600675,1.458424332533976e-7,-0.00551183095626868,3.420604130096597e-8,4.250644384881225e-6,-0.05007923421152966,1.7303594657430972e-8,7.812442147747177e-5,0.013029745468973713,4.099805347686172e-10,-5.196666418269263e-6,-0.0022744683789468188,0.02907949587010375,-1.7677555219602415e-8,2.3436799858940054e-9,0.0024626386547071224,6.854601549065865e-5,7.553708350377225e-6,-3.4929168115610536e-8,-4.857979668155797e-8,4.092749433108068e-11,0.000568450068676882,-0.011896882182878082,-1.5094572870447567e-5,3.687414731764953e-8,-0.02209192631658333,-9.646017012327461e-10,1.5576487115117446e-5,8.928063312045812e-7,0.19451116083516964,-2.3220311048551743e-6,-0.028462441171577774,0.0059194385817560626,-1.8724465933875482e-8,-2.0954772491953886e-10,1.0055449874603728e-6,-0.00010038668653097985,0.010939021296682736,2.8253019130375856e-11,7.347111261552661e-11,0.006595333023008915,0.000822299180628597,-2.154160913271643e-7,0.0006378955012464896,-4.362800274686921e-11,-2.7962945713034103e-6,-9.053015089744722e-9,-2.573351033407681e-5,4.091632673489237e-6,-1.1155883969745702e-8,-0.01878510111195345,-0.0007723896438662823,-1.870286540618159e-7,-5.430449129861122e-7,0.006160227125175816,4.1990656999594395e-9,0.016162378598474008,-5.779500529321339e-6,0.0189387052266396,9.205194321995194e-11,-0.00019047358167121296,-5.775166904506291e-10,1.2391152636340477e-5,-2.331295311077334e-7,0.21664503557116874,-6.956470537984297e-5,0.03528935112355531,-1.2914793801601792e-7,0.012156013791289748,-3.468212141410798e-9,-0.0008761540172832192,-0.0009087824059460665,6.708076332484961e-8,7.539417168033486e-7,0.003069356394629753,-5.042069762208579e-5,-2.386345042676058e-7,-2.130044000319509e-6,-2.1810448878195297e-10,0.007975914250105296,-7.111261318768034e-10,6.9238462701499355e-9,2.53400609255243e-8,-1.8084379558055487e-6,-0.0027095645544262664,-0.026385625821290507,-4.676599892815168e-6,-2.662794607165439e-10,1.1154262746260968e-10,-3.139023068508691e-5,-0.05477151069057245,-6.001467445594265e-8,-9.977349800206851e-6,-9.182229324130679e-10,1.0795337785208725e-6,4.327490997827974e-5,1.0021093657738602e-8,-0.0002765501303492522,0.0001392418378059368,-2.505652703554778e-6,1.334539194233248e-9,0.0007154615872447073,1.0187049849576414e-10,0.011369342931830801,-3.720633239246428e-7,0.02050825703907667,4.012680793588468e-8,1.584496569688143e-9,-0.00043526786731156494,1.3604711499389325e-5,-0.00018051609087669235,0.006199237822896137,-0.0026394254914824944,2.468351092888641e-11,-0.00011142172191980185,0.012107156990068075,-2.469209974688252e-6,-3.613595264513115e-10,4.4494315537449574e-5,-0.0001328306593947592,-0.00212368679476092,1.864262891142727e-5,1.0859667024056465e-7,-3.2944078664837927e-7,0.027680111314619105,-0.0002833767134720317,0.03681217312596677,4.017757605026368e-12,0.03977623693087175,3.24153335775203e-6,-4.5762420834514196e-5,-1.1306252277605365e-8,1.46531840031059e-7,0.051446411532959195,-7.400552586062834e-5,1.5558912190132281e-6,0.00045078534465773805,8.505136898419447e-8,-0.03934802842512711,-3.701959433425003e-5,5.759069855856766e-8,-0.001048521593835267,-4.0377149339314865e-10,-0.01952935407565928,3.3236679343929755e-9,1.490132242634881e-5,1.4420441609435517e-6,-1.0851929512642136e-10,0.0014069385666281868,-0.01653897144482978,1.2887722590295735e-5,-4.842496458692389e-9,-0.0007586389901609199,-1.828024187272239e-10,1.7249903230307747e-7,-3.1632419509668606e-6,9.852062467564082e-7,-0.04111177170512192,-1.1247428983373128e-8,-2.4038075056308305e-6,-0.010343384159578289,-0.0008685982595360857,-2.470721087640264e-7,1.6054692626279677e-9,0.0002909908966155014,-2.957476724991309e-6,-3.3580723628854177e-8,-7.20324319975003e-9,5.451989865573229e-7,3.0366190100645874e-5,0.0007044723965501401,-2.751817171321856e-7,3.647452838533553e-8,-5.914620355098946e-6,1.5598288049902243e-9,1.9453154043708268e-8,-1.660278044817292e-10,0.00031264030759506036,-0.0006909788900448394,0.0031526179370147617,-0.025401844731477902,1.1520201596748761e-7,-2.9661214946339835e-6,2.9575136682789574e-11,-7.227016941642927e-5,-6.662275893834642e-10,-0.005161295724147807,-8.543636779836588e-9,-3.305967717697663e-6,2.6221355751965656e-8,2.613642257253029e-9,1.446405750087338e-8,-1.1477549052709305e-10,-7.212540805411129e-8,0.006339569604034788,-2.874881893543028e-10,-6.91381324234532e-11,3.7613573835722133e-6,0.002668185806188233,-1.2651771263912079e-6,2.1502428559123913e-5,0.016377478222915822,3.6564750148518495e-7,1.3448994592413446e-7,7.14959706812207e-8,0.00019061263330694,-2.5511596993268592e-5,0.02971391787239363,-0.002443803278299379,-1.0418856946147032e-6,-0.03681369899346443,0.0055515571287941,1.2062328945234452e-7,4.815012904237825e-9,-4.754057602956592e-10,-0.013793916392973513,-3.6450240147313074e-8,0.014199287150917828,-2.782646764297733e-10,-0.002544283963273408,1.552409584641805e-5,0.12424690872994594,3.200199013984418e-7,4.394132617807091e-11,3.476229704219257e-11,-1.493583139090368e-10,2.0540906905888083e-11,-3.039759361448508e-10,0.009344683448363377,-2.4214286683956295e-7,5.8713009945749976e-8,4.4538765642731045e-5,5.102869398609507e-9,6.4607802134657395e-9,3.744557788545639e-7,-0.020737219130836402,4.5422676034662193e-7,-9.448517582188442e-5,-1.0733487981347662e-5,-4.968262604436006e-9,0.00014334030246412037,-2.0248455849738602e-8,0.016590531175937787,-3.013316130637038e-10,5.107163349723465e-10,-2.459642826129531e-8,-0.00038385080962222005,-2.995685294197233e-9,9.305064534201207e-5,0.03313702213050778,9.284208423902258e-12,0.22999954922856075,0.00016202769325491848,0.035621984453598675,4.261993691635539e-8,2.390506037128212e-9,-2.2290524975856395e-9,-1.6811057428487503e-6,1.1416703271770411e-11,1.4833960143045228e-5,1.165420427179472e-10,0.004055103291542608,-6.080474108234078e-11,1.7167124004396155e-8,-3.1811971611819905e-9,0.003939990214056318,0.029639174403460006,0.00138469161504871,-3.795199724011175e-5,-1.4004594904920016e-7,-0.001317362443248054,-9.655128057630147e-10,-0.024867366575168248,1.1302833768157001e-7,2.8485990194396224e-9,5.263659125126767e-9,-0.0065887572653334486,6.410338598676264e-11,0.06920367043144524,-6.11714738564476e-6,0.033432569118817125,-2.7051607707151883e-9,-1.8093113131733825e-10,1.989779421364651e-9,0.011915129563012916,6.783010579279416e-11,-7.606481357571753e-10,-6.808613728486089e-9,4.21225012871145e-8,-0.0093935153835003,2.8365775045898442e-5,-0.0004357607325510169,-1.3351868570007348e-9,-3.5073579660498623e-9,4.758429064393975e-11,5.941489768278331e-5,-1.4472025985993126e-8,0.016296224445827432,9.936073335663757e-5,3.458798708412927e-6,6.107360005777412e-10,0.005024388131876137,-0.000620943671636565,1.0408100746480608e-9,6.792963042629342e-9,1.7491155501464125e-5,-1.5817533456396926e-5,5.230442072523242e-6,1.222187191765357e-7,0.0005273432357981762,-0.010026478303351733,-5.31705073745042e-10,3.103654621724758e-8,0.003981776451229961,3.0334971944567376e-7,9.12035920063245e-9,1.0040007237672185e-6,0.00012238426699884243,1.3787502168990243e-6,-0.0007236888360756166,-0.00013270907717790196,-0.0013780251398381967,-3.748065970339372e-5,-8.36346423920311e-11,6.344702920925595e-8,-1.078027476619429e-6,-0.003840105341239329,0.00012229158800622342,-4.1076788509602014e-6,-3.229338875939842e-10,-0.01856425853579284,0.006268459280039892,-0.043306122664278454,-0.0041178529715105985,-6.0919580240705084e-5,1.1691990496702444e-9,1.1045705723324372e-7,3.533908503622554e-5,9.069200536502158e-7,0.0005654891903899585,-0.02754382441082025,0.002361568276127013,-0.001178478388674093,2.3053308220053282e-6,0.08200347982518572,0.0009892857554265918,2.6121207194734064e-7,4.33596152217881e-10,5.98653458765179e-7,-3.7249506870268375e-7,0.006902548694884023,0.00028468660478992157,-0.015155536751351858,-1.8251753034613765e-6,-0.03746220739498836,1.3051102569419285e-7,1.569035085379837e-7,0.02255031750671919,-1.6311955144125878e-6,0.0024437253003487054,-0.06458983148808878,-0.0073456438672405925,-2.0261819724203946e-10,0.0006778227887763325,1.4058885243025945e-6,-1.520704960824961e-6,0.003107524347278001,0.11160154852290051,-0.00010310501653316162,-0.030283191149419766,4.74767150239046e-6,6.320537968991037e-9,0.016048695357354415,-1.5769319313068542e-8,-3.780294288159676e-10,0.00025641784438278325,-1.3590244247199594e-10,2.5299718597716183e-7,0.0011571630167547065,-0.0001316648227850505,1.2854606164475185e-10,-2.4956759549510065e-7,-6.336181398813855e-5,0.060843446129305034,-5.388819085360379e-10,-1.0698072236767573e-9,0.15631797274848447,-5.703526291435002e-9,-9.927296113684074e-5,2.632741825953589e-7,3.2611739576990064e-6,-1.6288874978874108e-6,-0.00039124237673609786,-0.002060527204038446,9.068437538835876e-5,-8.590096670912954e-8,6.10409808194003e-7,0.0002219796429596337,0.0006208198828830142,0.0009768981764026953,3.918684959204804e-11,8.887106421032524e-9,-0.041043311769189704,-0.0376457639529924,-0.0001981078998532629,0.0009307328730381053,-0.0013550141849727772,1.2246661345813775e-5,4.40709058104248e-6,3.205184734793082e-5,5.94611681890004e-5,-3.18525304232749e-9,9.106045785021342e-6,-0.0008875122455042752,7.0830734895288224e-12,-7.538242038086097e-7,-1.6598206570209268e-6,7.124068231019565e-8,-1.999637406087458e-7,0.047496644920649964,-0.03386664294226717,6.418311836349462e-11,1.6374493043121487e-10,-1.02772677659309e-10,-1.7838722589618983e-5,0.007191882152930481,-0.005583134058702096,1.0134886989178622e-7,4.601853156917976e-7,1.962798702826508e-10,1.7669523659554747e-8,2.943850519147296e-9,-0.001612776604071993,1.9942584388296664e-11,6.6936988901602315e-6,-2.73928363588535e-6,1.5307137392483516e-7,3.090790464700552e-8,-4.21114517998778e-5,2.249152280833925e-5,-0.00015278999563114482,-7.139628719035903e-10,-0.0333323412544144,-1.3629453617680473e-8,0.005500623862364562,2.438955890575014e-8,0.0255027257102688,-0.040429186571925534,2.5357202378633344e-8,-1.5459409652315463e-5,1.2654531767354902e-7,2.313139680384687e-9,8.722296533013746e-7,-3.7558014385293787e-6,0.014962118127650442,2.8094357408915305e-9,-1.2786270159004713e-8,-2.3253593971004762e-5,-1.6239177555832735e-7,-8.531164342114043e-9,8.31721599402859e-6,5.607583882633209e-8,-0.0008826160500838027,-7.811176761060334e-7,0.013349700804502967,-8.193606582603873e-7,5.596894599877641e-10,0.0011249324721272684,-1.551622911242686e-8,2.64065021980875e-11,-4.1215479832161445e-6,0.010091528915674613,0.03703338014231354,-5.9499392393642374e-9,-1.898743773399413e-9,0.0004285043771024997,-0.011884410044077207,0.025349853368034064,-0.00029868092364005204,6.931633852542198e-5,-1.5487037744798612e-9,2.769316317400364e-5,1.16353954375149e-9,-0.017821720322973317,-2.6443278193419612e-6,0.00039732128522322136,0.00027434587521170395,2.576551356924427e-9,-1.5374345106790027e-6,-0.0010619577148207255,7.08601202758533e-5,-2.024496595853908e-7,4.0570052705985436e-7,0.012973639373351092,-2.714955663603047e-9,3.403438725098066e-8,-0.0021165852831860114,-8.991849491654042e-6,3.9526295580049474e-6,7.330952662798106e-5,-0.010290499521775319,-5.3823156215124625e-8,-1.876719332619487e-5,3.759482780121079e-11,2.2656878232856644e-9,-5.5344564454113855e-8,-1.2006720379422254e-9,0.0001333158096996585,0.024529635537812677,0.03240559317735874,-1.8024486841301372e-7,2.1041483532109283e-7,-2.581958414224915e-9,-8.51984310878203e-11,-0.0018653130305359062,4.213639297828305e-6,0.015405255507074733,0.00025661426273413063,-0.0017817438850634547,-0.03205025256922315,2.0890989789190478e-8,-0.0006900480446955832,1.3415316807509225e-7,-2.799658985630125e-7,1.1316660865813647e-8,0.005481389646529155,4.8873849264293764e-9,-4.1530824192207494e-6,2.2701621611254913e-8,-4.905014214408356e-10,2.278808083857395e-10,4.534469472734254e-5,4.664980727964557e-7,-0.02899677825754191,0.009874309293138404,-0.014391192262492834,1.9649455493748808e-7,0.021439112219623014,2.0942162090842545e-7,8.012764088018819e-10,2.2354253776712868e-8,-4.0046545800972135e-10,1.747384158737836e-6,-6.5810460902186944e-9,0.002446850311468101,2.840578784413846e-7,5.9305557912069007e-8,4.461113509582318e-6,-2.269792408459296e-9,1.0404036643497748e-9,-8.367926440778788e-10,0.01455645053479941,-2.2111633740120987e-7,-0.0016899218441888454,-3.114339501878608e-7,-3.92770108150077e-10,-6.329994197813497e-5,0.00040979883104063156,7.115707967691263e-7,0.1453829585661113,1.435348737505531e-6,3.5027216611973096e-9,0.0014352026565946088,-2.2201701566978173e-5,1.1058674392879626e-5,4.733275924800181e-10,-1.5414643176980623e-5,-1.4423380065517417e-10,-0.03408900251171429,7.205788225556971e-6,-1.864956577692506e-7,0.0020197013648582144,-3.5237525050930304e-9,0.015015267952487251,-4.178624307459576e-9,-1.135868529479406e-8,-7.124124658974961e-11,-0.007710203166063353,9.754771811325828e-5,1.58106997769982e-5,1.2278483650694498e-5,-1.616422664232981e-10,-0.0005325454371785077,0.004288282351747604,-2.390608294089525e-6,1.634670074712114e-8,0.027998880450917002,-7.942106236425941e-6,-4.0589065169764136e-6,-2.9698499427142563e-7,-3.2580202588610505e-7,-0.027015827429077113,0.03598525785989015,2.057247093287581e-8,3.0374972188113274e-7,2.5808561774754137e-5,0.0002524745279227448,2.3412419807729717e-6,3.95337430468685e-8,4.383639917309649e-6,0.0007576996766517294,-0.001098898655451945,1.5568093084801083e-9,5.064682896186057e-10,5.4481891059941e-8,1.9605452879086775e-7,7.475362245726505e-8,4.3050392556246e-8,0.02937496109996559,-0.001110243600821143,-5.455458829352324e-10,2.230807603019437e-6,-0.022193866394418258
0.0,0.0,0.0,0.0,0.0,0.0,0.0,0.0,0.0,0.0,0.0,0.0,0.0,0.0,0.0,0.0,0.0,0.0,0.0,0.0,0.0,0.0,0.0,0.0,0.0,0.0,0.0,0.0,0.0,0.0,0.0,0.0,0.0,0.0,0.0,0.0,0.0,0.0,0.0,0.0,0.0,0.0,0.0,0.0,0.0,0.0,0.0,0.0,0.0,0.0,0.0,0.0,0.0,0.0,0.0,0.0,0.0,0.0,0.0,0.0,0.0,0.0,0.0,0.0,0.0,0.0,0.0,0.0,0.0,0.0,0.0,0.0,0.0,0.0,0.0,0.0,0.0,0.0,0.0,0.0,0.0,0.0,0.0,0.0,0.0,0.0,0.0,0.0,0.0,0.0,0.0,0.0,0.0,0.0,0.0,0.0,0.0,0.0,0.3566511861760201,0.001228314705982053,-9.110547031336627e-5,0.021709505433411574,3.4949983462977695e-9,-0.0021557945765886513,-0.0032750063509684297,-0.0015556794627157454,-0.0004810466286927969,0.00655556666330473,0.003802884616709403,-0.00015254124136000857,1.4520140773532997e-6,4.20036783154517e-9,1.6665445912789015e-7,-0.04288692517635011,-1.4480375620232848e-5,-0.0006584218630614122,1.2132791425247766e-8,0.0037146954032158575,-0.0066577864455927525,4.8640450159249336e-5,0.005068594204752071,3.7030059100645964e-9,-7.375551554438054e-5,0.005496305535102627,-7.601666427108704e-8,-1.6789297666595497e-6,2.721778696897842e-5,-0.0015238410812339924,4.921773951111225e-6,0.23025768305080266,0.0014526487660093301,-9.431723982450369e-8,-0.00013945428340131585,-0.131082544373871,-1.831362234000683e-8,8.308521866195228e-5,-5.376113166553952e-9,-2.3910382398274067e-5,0.0008163642933763994,0.00034975641715764356,1.6963312921304293e-6,-9.767968552813118e-9,0.03918216790910026,-5.943771598363803e-7,0.0009705370672071573,1.8902008240519733e-5,-0.00015687088965356407,0.008349926703341936,-0.002158279809454126,0.007515671910591519,5.004188252954694e-5,7.172735637951406e-9,2.8679888652958793e-6,2.2452516925474025e-7,0.0019178425867621455,-0.0028411804070692438,4.752347917328939e-6,-0.000733422911655049,0.010175897253689739,0.022346149743180225,5.51596386999167e-10,0.0001491672285653219,-3.416241453284896e-9,5.6691362241662766e-9,-0.057279884577228414,-6.844476374501964e-5,-3.395011804774625e-7,-2.3917342189371354e-6,-0.0163310660358238,-0.0009870948386826127,3.282520033486648e-8,-0.001163048681877558,0.003976292614760634,-0.011370287257975606,0.011309975939320527,1.5786237648960137e-6,-0.00015387904650093312,1.2074780119576117e-9,-1.1125439295582086e-8,0.002028467764566223,8.659883753692307e-6,-1.1417651960664298e-5,3.762475733502203e-7,-0.001112941903243242,0.009244615587313614,0.0009015204905121264,-1.8931209514091824e-6,-0.004919683192202119,9.399752364516343e-8,-0.01438429658860304,0.00015313421529720913,3.763206421266559e-9,0.06760744244018692,1.8642598818507874e-5,-7.654126795861638e-8,0.001881783142064188,0.000347758751861103,-1.1762143384370548e-5,-5.3462029549917965e-9,0.0032717832133591722,-0.0008505674118181448,2.1411921175041964e-6,-3.289486295787171e-5,-0.0006264914697181702,0.0017279315993707722,-0.00011913146781087269,-0.0016639285145941289,1.1602596142808456e-6,-4.548071260804422e-8,-0.00012325189768349568,0.19240836047215124,5.707275979712596e-9,0.008741338995680303,0.00020706758484086043,0.002428747890200384,-1.430339262313227e-8,-0.00010699298026066841,-1.3423572118782459e-8,5.003992542414727e-7,0.031685432852805506,8.125815696610116e-5,-0.0012912893191479695,4.977428064988308e-7,-2.276669199619445e-7,-0.00043331681085451564,-0.00027287387517617185,6.651761488656406e-9,3.314698294808567e-6,-0.015097246941930372,-2.7082009991774907e-8,-0.0028216469494964772,1.6859213951503543e-5,-0.06512110748655203,2.8212337555967546e-5,-0.0002113012407219635,-0.02389712985738374,1.5086949293561986e-9,-2.9870279793417936e-10,0.0006993384753118533,-0.0005473438639821077,4.144027271282989e-7,0.01602317287417318,-5.604617445701833e-8,9.402620477583394e-5,-5.559789499868013e-10,0.0006763103771990248,-8.419356472023664e-7,0.0021378601207254094,4.863264542904804e-6,-0.013489753128252933,5.4431397473535e-8,-3.1907609287719784e-7,3.6103430800537384e-9,-0.0421947403268698,1.2859047481429813e-7,-0.008935392662242175,-2.2674469957184876e-6,-9.662700663293804e-7,0.029137295294927545,0.013604683714483585,1.1905838221659961e-9,-2.0314336663020574e-5,-0.0004640612926798061,-0.0013652141145828536,-0.0013075616617285375,-4.5251900066101036e-10,0.0018814843098322181,0.01896387980164754,-0.031905800239841506,-0.00014142105255282128,5.857113793301932e-7,-5.022397213975873e-9,-0.00012325025608101418,0.0036309975288311472,-0.0010676952810537454,8.476722098076309e-5,-2.020150304167936e-8,-0.027422854456803595,-6.852354504903856e-5,0.04206399984851746,0.0016300122040300246,4.429622526078043e-6,0.028166366992604844,8.941369412064117e-12,1.226550416925698e-5,0.0005675578522296073,0.0014235644714852308,2.21575766065442e-6,0.006441376196214624,3.785151518566526e-7,-0.024986980664638322,1.7888352517135327e-8,0.08428366227746059,-0.0031685580656085595,3.254156450439598e-6,0.0005999328440450857,2.350760237470587e-6,5.6498099175504905e-8,-1.906494621346135e-7,0.0006485809394658059,-2.1251110868313072e-11,3.25866169045306e-8,0.0008830864508682114,-0.001943169314381961,-2.8203803730606602e-5,1.115539576448384e-5,-6.084742990085848e-7,0.00013085069958878567,-0.00759840371325918,0.003221020111774259,5.466578971346871e-8,-8.122344480983838e-6,3.5874379405209977e-9,-0.000334276057888179,-2.5959989964092575e-8,-0.00026413841386029404,1.5707309444674546e-5,-0.11445243931360033,0.0007588097998978211,-3.208874631211119e-9,-4.189825810787012e-5,0.0002413768040562037,-1.2741687141797972e-5,0.2304492517894701,-2.063368632447317e-7,-0.00011015046512878056,-0.016151676355302385,6.882946112055243e-7,-0.0017889941472621332,-1.1101725166320253e-9,0.003851845809612212,9.704689601056667e-6,-4.82815044005125e-5,0.0002519894885397734,8.257161287089477e-7,6.883563543702491e-8,0.0010845917890633134,0.0015192156805462068,2.4295544722025404e-9,-0.0007731347003249998,-0.002194797637189434,-0.0002316558506000257,-0.0005728277852504719,-1.0685772974259637e-8,-0.07636943855825674,-0.00372886859982974,-3.283375785904057e-8,-2.4501349051089706e-5,-0.04484019806524784,0.008009316023423507,3.1269346449005705e-6,4.633295791336559e-5,0.0040797802294031136,-0.01867559022544872,0.004055649149062423,3.533198468713229e-6,-7.507058339873541e-6,-0.001227829058962646,0.007921796344849578,-0.0001383453523254932,-0.004643934730068013,0.04530861181766417,0.023783085037353296,8.52276527558034e-7,-2.3580657632873766e-6,-2.4021112384244267e-7,-1.0751668694456166e-9,0.0032333019833152158,0.0002162370429650458,-0.0031074968426817997,-7.679018825220907e-6,0.0011176831700332132,6.18878336432319e-7,-0.03873900776417241,-9.570888249599773e-5,0.036598134782082334,0.0006994835400409979,0.04301164804963946,-0.0006680757379746519,0.0018079695918783519,5.3680851707536195e-9,0.0005478906687362448,0.0002388604357612866,0.00042704807025787896,2.334476029707643e-6,-0.0003760689809977369,-4.471715794261679e-5,-1.692218833898285e-9,-0.0004208605285128935,0.0006583491298803586,0.0026978808319074116,2.7603458120803377e-5,3.1227751538607847e-5,1.5141299519379829e-9,-7.575399902003038e-9,-0.00039441331319085767,-2.1041931546956605e-8,3.261790343103005e-9,0.08177143708031728,0.0024260941912297757,-0.00016222280094437786,2.8885628988944436e-9,-0.025388677352889563,1.0265930233957154e-8,-0.0014266420015241555,-2.1093442529479667e-7,0.0003883513381935235,-1.0229093355166023e-8,-0.0002881478487258764,-0.0010291682049567475,-0.0021606108810840246,-0.0007442812924539483,0.0010633290713513023,-0.0015635154086505922,-4.183601713049072e-7,-0.07413971173873993,0.17883707886584754,3.006102556444158e-5,0.010497964068921459,0.004157994004799278,0.004504277422940459,4.324745410325208e-9,0.002613585120544174,1.3594675208011995e-5,-5.5260663587804934e-5,0.014097481541321857,1.4316266768005946e-6,0.03273275197318773,1.0339407374129107e-7,0.0011312177275694306,0.00437631732437496,0.010523724216241207,6.167770485123374e-10,0.0009225655503614409,1.2248944927159544e-6,5.369952990721665e-9,-0.0002633461756732382,-1.088911661350833e-8,1.4481192534477044e-6,4.2063745650720806e-8,0.009321697350255585,-0.004004183181990831,0.006774809823983795,-0.00019288628739644068,-0.002093467644764477,2.866900383412562e-5,-0.0011217876249677997,1.3517628207971433e-6,0.002937746098738494,-0.03840668803612021,-0.10001972560276076,1.0029504863101434e-8,1.903432393551608e-9,4.069644195791763e-7,-0.0001612075034819285,-0.029802249119550133,-7.023943860951986e-6,0.009184407001218914,6.74280113036504e-9,0.004633988115107175,-0.07320249585912103,0.03178502922098818,3.393336032104109e-7,-0.0013875204328272527,1.0790769642513248e-8,-0.0001873043717344408,4.009977979533733e-9,0.005123036459199966,-0.0006854645800511091,0.00892024504847335,-2.348423673723461e-8,-0.0007314677619022192,0.0013405326591837204,-0.005322719570689386,0.15039110099541603,7.566988223688377e-9,1.2585588574698491e-5,7.994300648466732e-7,0.004628227278823225,-0.02656684382973334,-0.00013618007829003872,2.351525708725473e-5,-0.06461516662819734,1.4476081899310207e-9,5.57307641803452e-5,-0.00047387492039238714,0.009842124906070218,4.061013106170661e-7,-1.7117900830264484e-6,-0.008361405036885525,-0.04671907390600398,0.00015342803827226635,-3.784954641471791e-5,-0.00013166379452907108,0.0017086529839760813,3.767982200040943e-7,-3.510285717818969e-7,0.0014961083263208667,0.007075336180249978,-5.513090449782147e-8,0.0001677825171944703,0.09802600292321281,-0.0014480071927972563,3.103538814814763e-5,-0.00019187216651186403,-2.5552948970299935e-8,-3.881667313633579e-6,-1.8168993188249233e-5,7.339591025599216e-6,-0.0003415806368068291,-1.2459498888591234e-5,-4.385927646453666e-5,-1.05463238404032e-7,4.0947473208995356e-9,0.00029333868056269423,0.0009164638285237403,7.916797470330681e-9,1.1479795583312528e-7,-1.593647009800473e-8,-1.141961737477386e-6,1.9669702914316553e-5,0.004271067579088594,0.36147400189568424,-6.580339708870011e-6,0.001484659273116448,1.9053691110498553e-7,-3.096154229524595e-8,6.153525402611065e-9,5.783369500761499e-7,0.0004432068266387855,-6.3278144332959495e-9,5.3736912912004304e-8,0.006945943257040129,0.0013238209580914142,-0.0017988085572515201,-2.5765785849169912e-5,4.009326391536673e-7,1.2278426835154881e-5,-8.991722115269806e-8,0.0011003892140637574,-4.790842893429373e-8,0.0006315548213924447,0.007937114486747334,-9.270687369218787e-8,-0.00038067833651891925,3.366006836767804e-7,-3.50625652351246e-8,-5.675280967877782e-7,-0.001834222571186394,-3.3547984185750764e-8,-0.0007952412576131874,0.0002520010924480214,3.5674914019726636e-8,3.7607426023118484e-8,1.5642989684266421e-7,4.6763412713519576e-8,-0.0008797893550348798,0.024384589296826402,-1.206667094927665e-9,-0.08957856344582371,0.00795889556317865,-2.0718687073121217e-9,-0.0006364845995794099,0.00030863009112340147,-3.1476414477200664e-6,5.3706058670425745e-6,0.0012701791414243384,-0.011728753631160518,-0.0001243293935600139,7.938251842766065e-8,0.0016794424134467468,0.014435133323576689,2.7468245518258002e-8,-0.0010517406142628227,-6.069998304612164e-6,0.00801758163977978,-0.00029459722189846175,0.000221193275074257,-2.0898198138297414e-5,-1.599916227673693e-7,2.5978386657221256e-6,-0.05688658272200624,0.0018341984524462454,3.279206084854185e-6,6.380232756875969e-7,4.648948526278324e-8,-0.0010961573962481946,-0.009170120533208207,3.6263484656038994e-9,-6.4182148268397905e-9,-6.782182471306841e-5,1.6774817020357335e-9,-5.878650326033875e-7,3.324949772101353e-5,0.00018373293734249622,2.5257305806909864e-6,2.9572740228309527e-5,0.00030452169377048017,-0.0002073090695325354,-3.3443275960633864e-10,0.0008140469560085713,-2.776112433137251e-6,-0.0005420452041437129,0.008200967346633344,-0.01613336116634377,8.01203209532922e-10,2.7735702581315403e-9,0.0009698374705644563,0.0019091117478289147,-0.001025221362536518,-6.087061321678313e-5,8.210454959206154e-8,-2.2636168535505283e-7,0.0013902652892026919,0.003735597821485552,0.0011541808620606259,0.004143051357731089,0.03480871232601902,-3.335135954718348e-7,-3.394247034529615e-5,2.162752436152565e-6,-0.0004263006113042654,-2.475673889643352e-5,0.024568789594291107,8.288384048482914e-6,3.096220542116886e-6,8.102517495823084e-6,-0.0004755467975474312,3.6488720288275147e-9,0.0076307138037324486,1.7074294160038622e-7,0.032765710444372625,1.7439496239167139e-7,3.832830410232554e-9,0.02992055150790074,7.783902511103638e-5,0.0020073080563853003,0.037126207012286354,0.0011899715360065507,-0.002251705273639382,-2.6836230390762666e-7,0.01587038865326111,-0.05814043144084034,2.1567961219214977e-5,-0.00622590112665724,-0.010845563489160492,0.00027184332750889703,0.0026207932018355575,-6.374155102179326e-6,-0.001626728742765481,-1.2504636192280272e-8,0.0001280821099049885,0.004387928845862485,-1.1942665941654793e-8,-0.078230173447546,-0.0003946255555082338,-0.00037597442986359275,2.3861216517595787e-9,-3.540364338633293e-8,0.005746410290222162,0.03113739335469012,-1.0652523176727286e-5,3.659458721827594e-8,1.6079339503200344e-8,1.3472971513565758e-6,9.909225642483754e-6,-0.004726769734561273,0.0010834045789496493,0.002731044630268198,4.669930288941512e-9,0.00035153768944509945,5.125242460848384e-8,5.024113924966342e-5,-0.000329982700326487,-0.0004453079575880935,-1.8227812836007818e-7,3.504949074365874e-5,-0.004824248507202603,-0.0004593515353079928,4.799596122702122e-7,0.00307729444989776,0.02841078844048808,-2.7021228029006885e-6,-2.1855111348106513e-5,8.612050064980405e-5,3.7490863609619156e-5,-6.422465157143077e-8,-0.01289827457239877,-6.358574939684596e-5,-0.0001754148760064067,0.005375850262042678,-0.0013725755780430815,0.003806744939585367,1.474270536910272e-5,-3.274117713435601e-9,-2.4247435375811565e-9,-0.06966327523554468,-0.0016595924360232306,0.020244259262683754,-0.0018018929264204877,-3.453960588340022e-7,-0.00030967499691816354,-6.472808898025643e-9,8.210267607376204e-6,-1.8299225721265573e-6,-3.2765233978735764e-10,-0.013972836187590626,3.030177820432099e-6,-0.0055252458743280915,-0.013105518544835213,0.006904373279773826,4.684904493652551e-9,0.008704170010300574,-0.00021588361557685912,-0.03126809363918197,-0.00027706255449392534,-0.00421664306822176,2.3513448699602464e-5,-0.00016209544333525925,8.359268209046671e-9,-1.8847171756350857e-9,2.8159142733519685e-9,0.0030883295353876807,-7.4450501648559505e-9,0.002510977136568613,-0.02941347661969218,0.01284327685651611,-0.0006531524265914843,6.977032422933819e-5,-0.01521259896116683,1.4021431396371903e-9,-0.00016628243132183154,0.015412831806747084,-0.000333637374244104,-0.009900985390386087,-0.0036117713238481472,0.009417626747968564,2.4148446140197714e-9,-0.058409343326704805,-3.6047942498628564e-6,-0.00010934196223965598,9.554831811545336e-5,-5.781358910434989e-6,2.9099937451665675e-7,0.0001571889354072358,2.016486344855943e-9,-0.0021331203298314587,0.02251351919325272,2.070645049963858e-6,-5.821619807585777e-5,6.047639778215525e-6,0.03178295167403161,-0.00011610452612156619,-0.000717017336897755,-1.3284449748662489e-8,5.2829001630482436e-5,-0.007049362981849544,1.6407693059703978e-6,0.006852836058233635,1.9238911369557446e-7,-0.004330726034069692,-0.05680095093779447,0.0001130461138791369,-3.9921302318434263e-7,3.939206528837378e-6,-6.57776845915115e-5,4.019909421210713e-5,-0.0017182285992993834,-1.3728727222962081e-8,2.97421081230632e-8,0.0012577627375594533,0.006670812254122338,-5.63152091705135e-8,-0.00016095937479076764,-3.809056231851931e-5,-0.034084780510451905,-0.03392755057423871,9.526492479129285e-9,6.964681623241288e-10,0.18406126966917527,0.0015869882724512453,0.000735381683346233,2.472419104271433e-7,-0.0007553615715676164,0.007927158008193026,-1.371150569663383e-6,-1.1871327999597958e-6,-8.934796340187519e-6,0.012385681876913678,-0.0008580189968663107,0.001017795808151054,-0.00038404390980352986,0.005302308057708377,-0.017338105631833745,5.697518111979573e-9,-4.087826446940966e-8,-0.00022524325565190554,-5.508916774793414e-5,2.3071062440496328e-9
0.0,0.0,0.0,0.0,0.0,0.0,0.0,0.0,0.0,0.0,0.0,0.0,0.0,0.0,0.0,0.0,0.0,0.0,0.0,0.0,0.0,0.0,0.0,0.0,0.0,0.0,0.0,0.0,0.0,0.0,0.0,0.0,0.0,0.0,0.0,0.0,0.0,0.0,0.0,0.0,0.0,0.0,0.0,0.0,0.0,0.0,0.0,0.0,0.0,0.0,0.0,0.0,0.0,0.0,0.0,0.0,0.0,0.0,0.0,0.0,0.0,0.0,0.0,0.0,0.0,0.0,0.0,0.0,0.0,0.0,0.0,0.0,0.0,0.0,0.0,0.0,0.0,0.0,0.0,0.0,0.0,0.0,0.0,0.0,0.0,0.0,0.0,0.0,0.0,0.0,0.0,0.0,0.0,0.0,0.0,0.0,0.0,0.0,0.0,0.35655262950300937,-0.0009981502384600641,0.010729045645243265,2.0585143655555636e-10,0.030838547854135007,0.0004893391908444312,-0.00010327458684472912,4.6250827727843345e-6,-0.051968654193305035,-0.05658065830920032,3.493181522457461e-6,-2.0456570583315358e-8,5.059199813457767e-11,1.1718228949090621e-8,0.000980438462798157,1.1636725310771094e-7,-2.1519845146380636e-5,-1.8528154008763585e-10,0.008769816219239068,-0.06541384141285396,1.3831921270779472e-6,-0.0034799050450925353,-4.777694393118068e-11,-2.4485588627460008e-6,0.028328587005499055,-3.5358690707179573e-10,-2.8933057325594098e-8,-7.82331504569297e-7,0.00013540182048500746,-3.581642705764577e-7,-0.0015522033497357118,0.019205476547520774,-8.936670282621824e-9,2.5638044632270143e-6,0.001758653836742281,5.263709424295427e-11,4.455640790981385e-7,6.491994923519488e-10,-1.411885180194682e-7,-8.004794180168558e-6,1.2716408097336914e-7,1.5671755704417604e-8,5.320714303196314e-9,-0.005623255849805024,1.0251593818161236e-8,-3.3111736858264545e-5,-2.477286418698831e-7,-9.821595372660562e-5,-0.023339568422856696,0.07803543971747595,-0.0008019408970796335,2.701890930810833e-7,-1.8029349158590362e-12,-6.115060946337239e-8,4.181088838871583e-8,0.0003514457790838569,-2.1329160428659695e-5,-4.498310953738948e-7,-7.705359899115674e-6,-0.00021878123960961107,0.012137899667571238,1.4320672476932488e-9,-0.03607267994377501,6.715029507160369e-11,-1.0214625142894498e-10,-0.0007589377736013635,8.777789905260717e-6,-1.332015656608656e-8,1.3097401144004585e-9,0.003830677369047243,-0.020864294673623145,-6.29099543815587e-10,0.15584619938862423,-0.0003388271211765706,-0.018687492954312036,0.0038463925071393445,1.0655976952797769e-7,3.487131056044399e-5,4.819505310396529e-11,-1.429024989277007e-10,0.07475629490643489,-1.050908913700051e-6,-2.3104659354100455e-7,-8.45302737220754e-10,-1.9206127915320462e-5,-0.0021368265509698722,7.730020465319838e-6,-7.27763015538177e-8,-0.00045872521176164186,2.128730459791582e-9,0.00016747272417720307,2.4382096735111345e-6,-4.414913491393861e-10,0.00038673742666102417,1.0154697800659296e-6,-6.443815778999854e-9,0.004012017250391719,2.851472750292704e-5,3.041863153696148e-8,-1.3788499968959293e-9,-0.001287289705139659,0.0014734327574837968,-2.2522398756567866e-8,-1.1271023996772972e-6,-1.2646279029219681e-5,0.0001790195670275085,2.0828601605066648e-5,0.012769838658728081,1.5141669161301215e-7,-5.09937880213506e-10,-2.9187376498251314e-6,0.0022533609209688405,-2.712768109834968e-11,-0.03829824882156525,-6.356908753316475e-6,-9.115319331751939e-6,7.376738239847688e-11,-2.2664082946923298e-5,-2.202253629570493e-11,-2.2572669320215655e-9,6.321512003094559e-5,0.003752734527234038,-0.00011359822392170266,1.7296219399106023e-7,1.1366623463488965e-9,-0.03576482683905027,-0.04145379675804663,-8.907449510362731e-11,-6.098912296081536e-8,0.0004670671035949831,3.284988438860939e-10,0.014949151535365458,4.434714645574176e-6,-0.003633059407038883,-1.9837721812603691e-7,-4.342128786349153e-5,0.008910126696783897,-1.3461851531751574e-11,-3.174058647413846e-11,6.062252687704522e-5,7.32873077511598e-5,1.4492046200811577e-8,0.012033797319089578,-2.3375369725943553e-9,5.315482028344414e-6,5.1181315249804604e-11,0.003354085747430364,-2.109943298798478e-8,0.10966811157597878,9.066426410423773e-8,0.0007132851487041227,-4.0975129574930925e-10,-1.0699462587074245e-9,-1.859309733158555e-11,0.0014538478433274047,-2.340736156327726e-9,-0.0052544693236461874,4.616677038242592e-8,-3.935063254986744e-8,-0.0024221410987308534,0.00011906879578130941,7.15313367155482e-9,1.7273247879142962e-6,-2.509722931225754e-6,-3.6816561267694845e-5,0.0012480112761046112,1.1132920249570507e-10,0.21062502594628127,0.011819059702536192,-0.007795706463798378,-8.823564573021683e-7,-8.16165447598596e-9,2.889000505629087e-10,1.1865459158267886e-6,0.018129549933103197,-0.01620808647211505,-1.0570474050900247e-6,-2.8429401170092414e-10,0.00046606566938482057,-4.699060817847542e-6,-0.0001902445355802303,-0.00013008828631278554,-4.223347942996445e-7,0.004993781742912464,-5.91905541549127e-11,-2.0857105290890807e-7,-9.88995518027039e-6,-0.08667416481847567,9.717086028724082e-8,-0.05361595250453528,9.648710635173878e-9,0.0004878732829531073,-2.744628474335257e-10,0.0029249397982953587,-0.07682890262751381,-1.7193691753133762e-8,8.06716922767091e-7,-4.722011634889144e-7,-9.580631449482675e-10,5.180662582799961e-9,-0.014473135441857863,-1.4233292428418111e-11,4.867875641767958e-10,2.1091617731152053e-5,-0.0009104062874715655,2.36123799686382e-6,3.399993862628042e-7,-8.714657524555843e-9,-3.990998024360461e-7,0.00036744268617130093,-3.5673833708123306e-5,6.406868691160956e-9,-5.778184855071311e-8,1.8618185178650805e-10,0.02523842740876193,-3.26786224792945e-9,-2.014562802179766e-5,-7.171661245072766e-7,0.0035740954963094517,-0.000453704599827421,-7.071192168517088e-11,1.755972666265848e-6,-2.5819234081582817e-5,-8.750356510846222e-8,8.666353037541924e-5,1.210951484345438e-9,3.861896039857131e-7,-2.631529120029287e-5,-3.531631636048377e-8,-0.0013144681020312138,1.8186422777441334e-11,-0.019049205393557936,-5.410247023163069e-7,3.568493548206912e-6,0.08697339792279454,3.6966471363368213e-9,3.738180613375008e-9,-1.9468162470906964e-6,0.011553195916128583,1.6953834723626478e-8,0.019173904596719717,-0.00030468853773283033,1.674859144673569e-5,4.115582795848101e-5,-4.0667091457101415e-10,0.0019274334196151828,-3.5091559131325434e-5,5.244821832663459e-10,-3.3254435379114415e-8,0.000504138534917588,0.0027918287188172346,-1.258990291776688e-8,2.6134417599923802e-5,0.00035061031584160353,0.008881818984545684,0.00010570992025280946,-8.444926528794898e-7,-6.76983086235709e-8,0.00021278002786870824,0.0002676157726375299,2.474849450533012e-10,-0.07306811439958283,0.0035976205183587016,0.012818107240651353,3.2496317441626292e-9,1.1573564262890325e-7,-2.5073753873877554e-9,-2.0684504555529264e-10,-0.00034938551412338055,2.3214104593264806e-5,0.029461955852717082,8.795816271835874e-7,0.19344642115644936,-2.782205559185846e-9,-0.005401797914280618,3.42344940632439e-7,-0.002213691291752678,-0.04073553543786218,-9.062468373109283e-5,0.004537950947584766,-0.00013003466551708148,1.156236027330931e-10,0.2600934574925618,0.00022821421484574506,1.1360504732208909e-5,-3.3732954673419675e-8,2.702191157817575e-5,5.578298747145358e-8,-1.7900257400997965e-10,4.0020937964725e-6,-6.576654338788079e-5,0.0004508028601167737,1.1433109371061222e-7,-9.149853171146844e-7,1.210254657765549e-10,1.4054304817659374e-10,-9.27833473539026e-6,4.1329834728270145e-10,-7.629769402136499e-11,-0.0009914475623438023,0.005008549826811973,0.2253301040414398,-4.564952270492899e-11,0.0014548897484599449,-1.9928366972734824e-10,0.0013247291241841612,-1.8487858820993476e-9,-3.0894541180627317e-6,-2.1695378011754548e-11,-3.350304763414361e-6,0.008571672086615212,0.01627987819043909,0.0007558387537619002,-0.0008541907026835319,0.0010738101980794599,-1.7868371520095052e-8,0.0006905296769626743,-0.00017474953863682427,2.835354862769794e-7,0.0017821890239264968,0.0028654900262766987,-0.0002619791414631511,-4.825370524002858e-11,6.847782548824722e-5,9.13838315462704e-8,4.259793049158182e-7,0.026170598842164605,3.2523336266987816e-9,-4.81853947283875e-5,3.2454287793540005e-9,0.07383174092703801,-0.04346409773723907,-0.0011758589373898226,-1.1873833131430156e-10,-0.0020858097808148708,-1.1780593042134006e-7,-2.9558648126992685e-11,-0.01588589636174679,8.852334077910907e-11,-1.3668671001899595e-7,-6.209592140045024e-10,-0.0002904505074102188,-0.057240243160696966,-0.06622882830920787,-3.510570070814763e-5,0.049532072494651885,-7.0498185585099e-7,-0.035151223952348716,-2.3220659599029787e-8,0.011654816115629317,-0.003951941908501507,0.001240483875436347,1.8680412651059115e-10,1.712836264053647e-11,-5.1656906497657304e-9,3.5856263967731006e-6,0.0007063583250456512,7.102118657728449e-8,-0.04248833169452247,1.4789039249345895e-10,-0.0005364685604135127,-0.005682440015517222,-0.0005562023885000232,-1.9908374007624874e-8,0.051065927378357544,2.0840975064343596e-10,-5.557399492147869e-7,-1.5066310400766934e-9,7.74159792356881e-5,-0.006411577893199662,0.008332630668323278,-8.263039976464407e-10,0.03604943012526263,-0.03703739338199876,-0.027321041032033984,0.0003823905071711314,1.380120137520566e-11,4.7119495017520455e-8,1.4308779122767038e-8,-0.031456602072180054,0.003462001095815718,-0.032904955622425174,6.686512456703469e-7,0.0008906553529290059,4.794770647545481e-12,6.592396790573621e-7,-4.953233733607105e-6,-0.02806245266465479,6.900670332556217e-9,-4.790897282213341e-8,0.008163352666757492,-0.00485221262559616,1.7672636650406728e-6,-3.217323349683539e-6,-9.89845000027007e-6,0.00034030932084828523,1.1294555360180561e-8,5.846697293321891e-9,0.25478504208467395,-0.0029404177889539745,-1.3893509175876848e-9,-1.5196652399497987e-5,0.001222697482563882,1.1221647833024957e-5,4.4140392249896457e-7,-3.168117048559653e-5,-1.828305132537772e-8,-8.398069308505574e-8,-2.3785587956602912e-8,-2.480652407585313e-7,0.11345176181589318,-1.6709487198497407e-6,1.5240946407065384e-5,1.7639233825690474e-9,8.396062817886155e-11,3.11869505855761e-5,0.015148090756797655,1.9840520199568453e-11,-2.4761440516481236e-9,2.9954263971547224e-9,-6.190489132084169e-9,-8.582691966511913e-7,0.006553806461965486,-0.000830891898422068,-1.8759735034376979e-7,-8.206561116589549e-5,3.7219754733491694e-8,-1.4702204674169325e-11,2.588963378486245e-9,-5.7665679887242324e-8,-2.5197075821959865e-5,1.199763915306895e-11,7.236109495948232e-9,-0.00012021012297236607,0.00601682563819367,0.00013156083144901713,-2.6422766989762767e-6,1.0186178194262619e-8,-5.287345595363056e-7,4.9285629510489456e-9,2.1381688016723327e-5,-1.944643071279034e-10,-0.0020460561370575603,-0.0013582703712513586,-6.044699835293352e-9,2.4331007718715825e-5,-1.990421097522033e-9,-3.9282384417066847e-10,1.0124830919926601e-8,0.08355154466177461,-1.0575589738821505e-8,-8.40866225534095e-6,-1.8693244052300767e-5,-7.126872715232558e-10,4.343615546235769e-10,-1.36945242179269e-8,2.297228204779262e-9,-3.099502128877936e-5,0.01323892385216592,5.764190545242664e-11,-0.00029925345038971785,-0.06760173134189403,1.4548543479248059e-10,-0.039553451938864545,-1.3534949979342449e-5,-5.463702801255168e-8,1.8499405770961137e-7,-0.01757676777549733,0.0003371450979551026,3.0104104463321864e-6,8.013747750050811e-10,0.03827796318066954,-0.019409207843869524,-3.2456437093635206e-10,0.006518180731932932,-1.0318166743895855e-7,0.0002623915656638397,9.739072922743657e-7,2.346355637976019e-5,-1.4769920820900143e-7,3.5514217859388716e-9,2.7980182459406188e-8,-0.0011864572666651315,-0.00012350821298438266,1.0047749692074233e-7,-3.0078349963375543e-9,4.1245561503016107e-10,-0.02285271076889696,0.005487671274765546,4.858238299478559e-12,6.013773842851754e-10,1.9219408613013147e-6,1.7775164480214785e-12,-9.314752023932598e-9,-4.312658271940772e-7,2.9369368987206103e-6,-1.5400526612280145e-7,-3.9371209306959574e-7,0.0008259114191500312,2.215285601910952e-6,-4.364244742547556e-11,0.02162103496757351,-3.111244784459819e-6,-2.453944943882063e-5,-0.0002330243987535974,0.0004612299727985102,5.530007243228778e-12,1.5616860592475973e-12,0.006788614695424797,0.006933888662243659,0.06846442127574812,-2.1074931328247033e-6,-9.916802755885156e-11,-5.5683219231484086e-9,-0.0002373299162541603,-0.00013352472050610014,0.0018560584445828155,-0.00017825447705981456,-0.0010294141554307947,8.766152717610794e-9,0.024831214089182665,-1.3566922674515227e-7,-1.0440442178942864e-6,9.818653572182372e-6,-0.003850853021817208,2.0544005404054646e-7,1.6723794196279344e-8,-1.4930036173794924e-7,0.11191247661678382,-4.38418803380157e-11,-0.0011104130632657104,5.784945006344072e-9,0.0018775878108966712,-3.245926908064853e-10,-2.7577828370654647e-11,-0.002740117033586244,7.957460946519352e-7,-7.749334573769543e-5,1.717258129897342e-5,-9.596163101237529e-6,9.861599741082928e-7,-1.3193115134657016e-8,-0.0002795339801186684,-0.0013531038759161634,-7.013696159810953e-7,0.00047748643516102576,0.005678951498034265,-5.935487804712882e-7,-0.0020561557935941267,2.7978704939219156e-8,-3.6206166475253625e-5,-8.180819255631644e-10,3.782929905600018e-6,-0.013275342041786486,-1.9422348900566326e-10,0.0009193747297295173,-0.03472629026244143,1.2584816515423112e-5,-2.18344206372325e-10,1.9456674162855004e-9,-0.014097184862204501,0.017083615894413335,-7.988138727417801e-8,9.211091876585939e-10,-3.0881991912335174e-9,3.2665347043717226e-8,1.476171273417308e-6,-0.003924759901604527,-7.148159490029033e-6,-0.003184596080159649,-9.954899464666382e-11,-1.7992581506669802e-5,3.714762285295346e-8,7.393400908624042e-7,-0.07760618941601691,-2.2465569543731522e-5,3.4641334196881087e-9,8.366381297572489e-7,0.0005485424225254887,-1.998806711214908e-5,6.524559768075999e-9,-0.014069474497160273,-0.004652443541048015,-1.416662666384103e-8,-2.667121324241603e-7,1.259219057720405e-6,3.209679537565783e-7,-9.445006540293224e-11,0.00014581493380853378,2.207807048644105e-6,-0.007889980243366183,-0.019613782296511093,0.00025446061802686864,-0.007502261174973779,-2.843455536945848e-7,-1.674792142296983e-9,7.091332107421267e-11,-0.0011387805552470864,0.00017586365737349747,-0.0008591530774967537,0.0594980965138988,1.5058508020521102e-9,-2.0118673494368737e-5,-2.0020235466267736e-10,-4.417892612340947e-7,-4.6989891207466884e-8,4.780692254195613e-9,-0.008356240621796135,-5.986214449863976e-8,0.00020794307162618123,0.0007375749294766929,-0.0001846082648606267,-6.547377052211158e-11,0.006744412269431517,-1.923874151962733e-6,0.0002319256783002378,0.004317244945836174,-0.00609527855086802,-4.793976562001747e-7,1.6784055691263505e-6,-4.491584059981583e-11,2.739925010193809e-11,-6.125903150027036e-11,-0.0007213205902030905,1.8384978063633766e-10,-7.456648679587854e-6,-0.0005877334585892289,-0.0004619441028061337,0.05759441756868214,-3.980188887737342e-5,0.006453100015090406,-3.2900451290394736e-11,-5.045299823216737e-5,-0.0007586289107786663,-2.108229066225534e-5,0.0030221617542164963,-0.05087707135990732,0.010842118960044103,-2.266306136148808e-11,4.1412943662977006e-5,5.466880608607449e-8,1.2273102753744066e-5,0.28743031560515275,4.034843599347256e-8,-1.8461397094818919e-9,-8.880470873806805e-6,9.40412558386544e-11,5.869078031465641e-5,0.010843868468427461,4.8077178746665834e-8,-1.6195420132882004e-6,-9.513110930223827e-7,-0.0011614533183325736,-9.979824574164927e-7,-0.02590231665148349,2.6975269282759836e-9,-2.3121135808828367e-7,0.0006745864217888138,-3.989188475486276e-8,-0.029847884561819353,1.0957596571053136e-9,0.012877980353576521,-0.0011809687574285692,0.08838043453697358,8.075497842891448e-9,9.058117592682738e-8,1.789320114028972e-6,4.777233632581636e-8,0.11342459018796675,1.1414557074377241e-8,-4.349121733047358e-10,2.2855869895269242e-5,-0.0033348535977444963,-5.585894949582193e-10,1.2914200156269034e-6,-5.911477003420991e-6,0.00022572456148622937,0.000720345129628661,-2.9127774573912e-10,-1.3291872680252802e-11,0.0007884083113463038,-0.0002552620993138357,-6.3855913301615995e-6,3.832970235453094e-8,-1.6629092947019808e-5,-0.007375346039391388,-3.63015646414483e-6,6.407480926561245e-8,7.628738126883826e-8,-0.03285930157138403,0.001808645564373031,-0.0002459964918870566,-0.0013353416542008834,-0.00027343247548546686,-6.019003774120474e-5,-2.07571304147372e-9,-1.1370857384343228e-9,0.17103262355544865,-8.783269438830771e-6,-2.084526287779836e-11
0.0,0.0,0.0,0.0,0.0,0.0,0.0,0.0,0.0,0.0,0.0,0.0,0.0,0.0,0.0,0.0,0.0,0.0,0.0,0.0,0.0,0.0,0.0,0.0,0.0,0.0,0.0,0.0,0.0,0.0,0.0,0.0,0.0,0.0,0.0,0.0,0.0,0.0,0.0,0.0,0.0,0.0,0.0,0.0,0.0,0.0,0.0,0.0,0.0,0.0,0.0,0.0,0.0,0.0,0.0,0.0,0.0,0.0,0.0,0.0,0.0,0.0,0.0,0.0,0.0,0.0,0.0,0.0,0.0,0.0,0.0,0.0,0.0,0.0,0.0,0.0,0.0,0.0,0.0,0.0,0.0,0.0,0.0,0.0,0.0,0.0,0.0,0.0,0.0,0.0,0.0,0.0,0.0,0.0,0.0,0.0,0.0,0.0,0.0,0.0,0.3531855407950865,0.0014673099933863254,-1.0725019599968831e-7,0.0004235677014297288,0.008621812456586515,-0.020401564426649765,0.002643448993715356,-0.005595780049330924,0.010029039064280352,-0.00024656815458871603,8.112322848900722e-7,2.6986870991728393e-8,-3.3590976827095763e-7,-0.060867328826546045,-6.416356333780605e-5,0.007966250021209478,2.1675280695031274e-8,-0.001618990744943088,0.00523565287724612,-0.0002128866919626256,0.12417913389290407,2.3614969616542997e-8,-6.378928182351642e-5,0.0028828401480155775,-2.156943680189445e-7,-1.2392701498812672e-6,-1.2699351752642577e-5,-0.03853851869932641,-9.5506411901808e-6,0.013558060618992623,0.00015431214262674975,2.50161200152908e-6,0.00015320601348801826,-0.0035925116735404817,1.3128938548175945e-8,8.505432036390147e-6,2.1582808926719818e-7,5.938756483363363e-5,0.0010850395314966933,-0.00558567087409455,1.7145223986379502e-5,-4.5778913370229466e-7,-0.017439422110363294,-1.4945341955536922e-6,-0.0008734632539350594,-4.316977237749811e-5,-0.006064517210824832,-0.0008732330102526768,-0.00040195342110301404,0.027288682166666575,0.0001882335151571058,1.5256608076210353e-8,1.090882242865987e-5,-6.545982124853823e-6,0.03699059544576476,-0.0031628365666987327,2.016123777193431e-5,0.00024308680215691175,-0.032119893687180316,-0.0018481957421211512,8.984182176385537e-8,0.0001353016533391865,-6.438171478081694e-9,2.0228014167821637e-8,-0.02741700166188864,-0.001468593526824673,-3.91828449787358e-7,1.923707375883972e-5,0.006863872509594837,0.0002865262140840426,1.1919142961605256e-6,7.475651631056169e-5,0.0016281108594640686,-0.00570505852015194,-0.01974497766687058,-3.0796295476583604e-6,8.005895996993958e-5,-2.961646591292364e-8,7.120019963959119e-8,-0.0029921321186869524,0.0002684254115408785,9.708751383434472e-6,-1.6917697301077597e-7,-0.014191285018419009,0.00207374744041032,-0.0005557492985759655,1.2363783822209722e-5,0.19045682246091877,-4.0204438578382665e-7,0.013398298362783303,-0.0008149070305740945,1.3237315768446676e-7,0.031999932863891585,-3.5612292010396987e-5,1.3914662175760727e-6,-0.0004336210163683105,-0.0032607131397705755,-1.4009071171538168e-5,1.033937920828121e-7,-0.014999761568726825,0.003974170649149141,1.3192104131137085e-5,0.00034947334389030566,0.003613545458440312,0.023200997044458268,0.0004824036270738157,-9.075050683832963e-5,-1.6556225193889674e-5,-2.123780863575267e-9,0.00029284511491497746,-0.0029816062888350565,3.1043833309296262e-9,-0.0008003907468265327,0.00017795010981819747,0.0246175801280218,-1.0082706383091728e-8,0.0066162757395132,1.2945918245656425e-7,-8.118419931931146e-8,-0.026898438075359406,-0.0009210317359530701,-0.05061072012723172,-5.694992534660547e-5,4.5705602438427573e-7,-6.402350334090527e-5,-8.877517867588346e-5,5.706346339576851e-8,3.1265260278898684e-6,0.0024501384221108824,-2.5105826076406195e-7,6.372684319099568e-5,0.0005311159228893033,0.003429600466882848,-0.0001256923124541734,0.008329653767866445,-0.0007156752320685568,-8.699081360275058e-10,-1.7150726878222498e-8,-0.04321803045975222,0.0037231382096580105,-4.501824546798287e-7,0.0005079145709647479,4.479863769585144e-7,-0.0014327818839251138,-2.343976705055756e-8,3.461702329428392e-5,-6.932022485439363e-8,-0.0001128519092674845,-1.3196840074743847e-5,0.027591620048239476,5.282381221259263e-8,-2.7688743838472365e-6,-3.980347623234472e-8,-0.05995192781825675,1.4337076030103716e-6,0.0020340681775059175,-1.1129811400269824e-5,-1.9011766179614323e-6,0.05083260884900514,0.009130776398696102,-1.6291757698403394e-7,3.165864214294823e-5,-0.008333505700012069,-0.0024276497056188633,-0.00045449320601711514,-1.2035070829270751e-8,-0.00039900704297172844,0.00416976224172426,0.012997974517129791,-0.0007609384511615624,-1.4645728565230224e-6,2.395192655518515e-8,0.00017045582877586707,-8.484975756907121e-5,0.0005091248150756821,-7.74028187773777e-5,1.852942434337359e-8,-0.041147634509102755,-0.0003736498885112019,-0.010121373072391688,-0.001248996034623123,0.00016696955330710136,-0.027419358894185515,6.194262192101524e-8,3.592778974563952e-5,-0.00134852798176139,0.004914258201994462,-1.503409227138405e-5,-0.0012705167848834095,-7.093906868909255e-7,-0.0020067024221835745,5.1675362854167705e-8,0.01365005989315005,0.0023483741320206924,8.730557945780104e-6,0.0007550407395493006,1.3098092509673682e-5,1.5656581035252524e-7,-3.5708835677461485e-6,0.00011450532223742739,2.689053971892529e-9,-8.988888367419674e-8,-0.000968744624881434,-6.182354170842089e-5,-0.00012185041436091256,-8.527788836657799e-5,-2.0703583424268504e-6,0.0005625445671814704,0.054543870886276616,-0.04290002351869087,1.2670141542707972e-7,-4.888138395885046e-5,-9.521735263049872e-8,-3.187946903602465e-5,8.93521230094726e-7,-0.017071361403023868,3.101026058830283e-5,-0.002482633536463725,0.20267546268260972,2.221035797540733e-8,-9.720064474834611e-5,-0.0024858882448964416,4.4760225486119704e-5,0.012677998521563814,-1.663009649945428e-7,-0.0002641879062190689,-0.012748535479002579,3.5762604263658113e-6,-0.0019622516848961675,1.7084405872333874e-8,0.01252861219063023,1.7560589223492478e-5,-0.0005244563676195968,0.00011106407816116322,-5.637851193990419e-6,-3.416130854202146e-7,0.0009850433312974362,-0.010700408092744017,-1.5136586232461333e-6,-0.0005259692992368234,0.181374227639857,0.000779434594028741,-0.00911797451844744,6.129548947004285e-8,5.935571185297343e-5,-0.0041162105253261146,-1.809365212154537e-7,-6.744354271990431e-6,-0.0062540271931957395,0.00032890998953598105,-4.305148338206065e-6,-0.004290878662455267,-0.023622033627666104,0.0013377827661990487,0.0048116311364869895,0.00032399516259606925,4.429118668191819e-5,0.010277320592974506,-0.01469022188723712,-8.614502058142672e-5,0.0014797788590561597,0.004269689208617375,-0.008702190512371347,7.070877145516019e-6,-1.1711511362156017e-5,8.599919881424331e-7,1.3339511681119151e-8,0.008431472316188763,-0.00644159442654586,0.0005075644081594322,1.675655772668161e-5,-0.0008275242474908552,-4.995481130582973e-7,0.00982924150278828,0.0005626679038230622,0.007366322673528832,0.007869091473542554,0.011554671503709021,0.0003087736447015674,0.029468159357337226,-4.441814340307879e-8,0.0003142033632597415,0.00021587674352546314,0.0007119984491142339,1.3016959868190213e-5,-0.007508181245607977,-0.00018694285905972803,1.0322806060183954e-8,0.001415556456270175,-0.0016225353376788198,0.009948569400158633,6.007733428152864e-5,4.234695843068027e-5,-6.415091264156438e-8,2.054253920320253e-8,0.003577019914946956,-3.6264938221699355e-7,2.0676536820764916e-9,0.004382767946803735,0.005064746259848465,-0.00045641839797105373,8.438297740714624e-9,0.0025900573823646037,2.002371400068359e-8,-0.00016111674404399595,-5.840639287118808e-7,0.0006448860550657195,1.5508101181978717e-8,-6.183427432610037e-5,0.00012119835171538425,0.0005565806137014453,-2.768215831710879e-5,0.00011914973348375235,-0.00014707681966789822,1.972665117557383e-6,-0.050109314877937135,0.03955054011898924,-0.00011117776464646253,-0.015305286163769286,0.0039319987948087205,-0.034025745751402096,2.3318747248682597e-8,0.017426251602558437,-8.812896340008128e-5,0.00015271390481311241,0.0035639166983062603,8.921340474148986e-6,0.016827774991850904,-1.9978653714792306e-8,9.418281796523492e-6,2.1697561480986853e-5,-0.023012285102686034,-1.2336419830813486e-7,-0.001585371229658504,-7.085237468747803e-6,-7.145649767886958e-9,0.0003541604797874487,3.3407052775623146e-8,2.941409579865137e-5,9.803509405656547e-8,-0.04174879288892397,0.0021408335021224794,-0.0036427026988777103,0.011378448306554788,0.00014822811808475107,-4.997099096828426e-5,-0.00015424558617948073,7.989026065554276e-6,0.0009946404689736212,0.003235014545998079,0.0024663386019898354,-8.135210865769638e-8,-3.264465018696694e-8,4.640387946042537e-7,4.392584967328507e-5,0.018998504048420295,-3.2402678242228526e-5,-0.003118085824367165,-1.4740774775894793e-8,0.11844485433941919,0.0030052773132768374,0.027756871403752263,1.0737695712252945e-6,0.0004475542987264445,2.3820414044042858e-8,0.0002410807730598783,1.5616850528837759e-7,-0.0014775466137453227,-1.9946807685458844e-5,-0.00048094327975098833,1.7430450948130058e-7,-0.00018168568984475395,-0.0026684526721373943,-0.005669361133559727,0.026281637263288297,-1.1669103781306327e-8,-3.569312909025521e-5,-3.9181621915365325e-6,-0.0034639740730142837,0.0007723978792157899,0.0003297577576927182,-0.00014635641451932413,-0.004949640359917022,-5.552334806045087e-9,0.00020690818016859644,0.0015199559592720478,0.005416473171753685,-5.039162681552267e-7,1.19564569681372e-6,-0.008745955784152255,0.014518295976524272,-0.0005133258010158287,0.0007718660393697052,0.002731688463480239,0.027786223491338104,-8.659552245652434e-7,-2.928780255051203e-7,0.00010513515914447553,0.01568037936909956,-2.8184063956353296e-8,-0.0031522762728128555,-0.01139593222011142,0.012627297299628642,-0.00017571913185149496,-0.010060034378613225,-4.517188061286206e-8,-1.38302523427141e-5,7.701190096390406e-6,7.761275082297946e-6,0.00018444997029066416,0.00042029841692149493,-0.004780324156852123,3.7259611620187005e-8,-1.9229827168420797e-8,-0.0021711251842879446,0.000194420359682261,-1.5803608904380255e-8,1.7726025512332744e-6,-3.6737221213145837e-7,-5.04616469103896e-7,-8.468829339783923e-6,-0.0013651845843184614,0.010741471699857445,4.462877290842553e-5,0.006280670099173941,-5.7260439391051085e-6,-1.4507766637972202e-8,2.700082136855499e-8,5.77780574444101e-6,0.0018079614058700087,3.727314750045014e-8,-4.432337702698459e-7,0.00694982973894377,-0.00118345615485571,-0.03624621846980443,0.0005118829889986856,-5.832573455481587e-7,8.784489433835356e-6,-3.3119484028520004e-7,-0.001477808787358864,-5.6602348604360745e-8,0.2772322585318457,0.22821681898845936,1.3579757870788582e-6,0.0017819493266588626,5.232677577285203e-7,-6.020734451191801e-8,-2.3205600802988e-6,-4.1563835922030924e-5,-1.7109922952737821e-6,0.0025137984752711413,0.0037481018829736033,-9.740322481501339e-8,-9.239573378501089e-8,2.484015166876051e-6,-1.0623626614138711e-7,0.006708150312731669,0.00246685954401018,-1.9617172528935095e-8,-0.006804260315689418,0.0025844896503655445,6.242031346664293e-8,0.00026820121279390416,0.0006629510670106511,1.8613796423650752e-5,-4.6041304432554166e-5,9.358396160158945e-6,-0.028262216421720745,-0.000152286482728698,-1.2469327982554708e-7,-0.0016073658878028806,9.025367443864684e-5,3.6871167066783773e-8,-0.01516340359751342,-3.875943952164667e-5,0.03415000760075873,0.0011491697215563702,0.00015222079992914848,3.795429297410225e-5,-2.9766560642912803e-6,1.6838966476164116e-6,-0.022141651036089238,0.009827365364183395,-1.670027572459553e-5,8.853814764868312e-6,3.0014295840654444e-7,-0.000204267617696136,-0.0037323397740544294,2.5170088156836807e-8,8.96354753547224e-8,-0.0001199459481309944,-5.3934953330859835e-9,-4.908784090085854e-7,0.00016081553666325138,-0.0010901335498113506,2.7869808553100023e-5,-6.18211612119333e-5,-0.006889067676359174,0.0003681491941638138,-2.3206296643010564e-8,8.27510565336202e-5,-0.00014776521213768581,0.008783286662601515,-0.018881092385357498,0.00953954703251746,4.604647392243019e-8,-6.477959723796114e-9,0.00010640205663804219,-0.0003252711407544801,-8.796854911337813e-6,-0.0002724961688004221,-3.1523492533880447e-7,-1.5026056369230662e-6,0.023831723210222814,-0.02411568045650752,0.00010311718394390362,-0.03010599837769678,-0.020144580599581515,1.0826619040730662e-7,0.00024845566750460635,1.894884121951291e-5,-0.0005710651229983104,0.0018311207557063546,0.016624747081528054,-3.9142479992568294e-5,-1.5726586898611428e-6,-3.335969039116379e-5,-0.0016978845356941602,1.9705866808599947e-8,-0.016826341616465526,-2.7083224291682934e-7,0.022745667909551306,-1.3407364574646316e-7,1.3430844644594034e-8,-0.02765825319085453,-0.000740410926880711,0.0014181664102204357,0.029666974261962114,-0.0059151042266863615,-0.004058135638361456,2.4751983031509408e-6,0.00012774297116125444,-0.003244169894572073,5.843515656652903e-5,0.019658022361327278,0.00837813443774966,0.0003651820684611091,0.14174140760627643,-1.9392943968162734e-5,-0.0023096019233377592,-1.801177728554852e-8,-0.001191822236311441,-0.00026087280426855203,3.339430118469126e-8,0.0034892801101239425,-0.00012508797292446117,-0.0020246989517864796,3.39191772026856e-8,3.58280400565979e-7,-0.0035572588866617633,-0.005574862746534648,4.594852674103435e-5,-3.1361210551907865e-7,8.988393714192913e-7,1.3424647496328224e-5,-0.00020129778678470514,0.0013495104647976016,0.0011989843681603609,0.005607875960667274,2.1118411103416896e-8,0.0027019261018231874,5.446819791662343e-6,3.677143242642515e-5,0.007003004381160529,-0.004061372255110954,-3.291013331605525e-6,0.0001545486362196006,0.02655192915708851,-0.0039913453033329,-4.323084367650092e-7,-0.002521161473136546,-0.020388756351577764,-2.1438950625161717e-6,0.00019298731611535152,-0.0007210122853202601,-0.0001928947737043276,-1.501322828046637e-7,-0.030796715003570233,-3.5808941407285006e-5,-2.241369742210596e-5,0.0024954458986056467,0.005157123918433617,-0.0016147279741317848,2.747237885477706e-5,8.599630043176683e-8,-1.9451798657620766e-8,-0.03168662630821796,-0.06141084679938555,0.000634717941787167,4.65553898678591e-7,1.4425445495415585e-7,0.004824486669513474,1.7979205180628582e-8,3.2302261729457424e-6,-9.570379882906628e-7,-4.5560225258401725e-7,-0.00447872447426523,1.030831963479588e-5,0.054977682458026506,0.008020165695314344,0.007343728905242349,3.2542135004116336e-8,0.004021534731473033,0.0016144704412278516,0.0021133305979385013,-0.0015571343808231772,-0.0007314838919468255,0.0002429353119597665,0.000333018151653935,8.92918703666053e-9,-5.741191906477558e-9,1.0838595339077212e-8,0.2175368034544815,-4.0495211046849145e-8,0.011623119712393713,0.017033274815319074,-0.011186527015844935,-0.0005709639398703725,0.006778783616394952,-0.0008140299908318636,2.3311629913901005e-9,-0.052652319792591,0.05835504517485458,0.004312557166050696,0.003135577523180035,-3.5753212551975743e-5,0.000963535439349644,1.896532550546376e-8,-0.026286276594715035,-1.1083520733598476e-5,0.00030179352746257163,0.00010537543941689732,-2.608500258877805e-5,6.889052933541163e-8,0.010269117838791112,3.0710496516330063e-8,-0.050611042539535876,-0.0176420478690124,-1.1871316217287625e-5,0.0003118781032611575,0.00019517116720709765,0.011512253816770634,-0.00021635914533777483,0.00022541980343126873,1.0810367556376842e-8,8.71543497735465e-5,0.021865882108808955,1.054710502486904e-6,-0.0038795765829293203,1.4460615946337132e-7,0.003740008436371122,-0.003571269110433313,0.00015131671261578086,-2.252557488489067e-6,-1.261617086981562e-5,-6.411045605127816e-5,2.0177152044606093e-5,6.057274604680914e-6,-2.1355176318771003e-6,4.941082691721871e-7,-0.003982510053254737,0.05768101978026829,3.454158657130771e-7,0.0002356055383214974,-0.00031127717414853424,-0.006025621925682024,-0.026380892424260578,6.906783693168021e-8,5.359089648059222e-8,-0.014362127909845233,-0.024815310302015923,0.0009083107755561444,-6.5217634229360905e-6,0.00434808573673185,-0.0036767247442391193,1.809658875351523e-5,2.2872742462183813e-6,-4.2670541807328e-5,-0.000493809510630745,-0.00015002960140082436,0.1032955401921839,0.35229216025399157,0.016108407950916892,-0.011579200439249614,3.592884936418755e-7,5.529793924492085e-8,-0.0003669061698647451,-0.007918119328624632,3.879923952902753e-10
0.0,0.0,0.0,0.0,0.0,0.0,0.0,0.0,0.0,0.0,0.0,0.0,0.0,0.0,0.0,0.0,0.0,0.0,0.0,0.0,0.0,0.0,0.0,0.0,0.0,0.0,0.0,0.0,0.0,0.0,0.0,0.0,0.0,0.0,0.0,0.0,0.0,0.0,0.0,0.0,0.0,0.0,0.0,0.0,0.0,0.0,0.0,0.0,0.0,0.0,0.0,0.0,0.0,0.0,0.0,0.0,0.0,0.0,0.0,0.0,0.0,0.0,0.0,0.0,0.0,0.0,0.0,0.0,0.0,0.0,0.0,0.0,0.0,0.0,0.0,0.0,0.0,0.0,0.0,0.0,0.0,0.0,0.0,0.0,0.0,0.0,0.0,0.0,0.0,0.0,0.0,0.0,0.0,0.0,0.0,0.0,0.0,0.0,0.0,0.0,0.0,0.3511292105653868,1.5995426009901187e-10,-0.014211683703778134,0.00014628263430787895,0.0004284902339377044,2.7099992864744263e-5,-0.04560148722088185,0.0012301558639523224,4.079629395895127e-6,-5.114543598454045e-8,-1.2952485457609038e-10,6.18992919908394e-9,-0.00011571979127288827,4.691092717800745e-7,-8.869586367199325e-6,-4.759746212632653e-10,0.1511898058020125,-0.0006626977245289218,1.5904142325032837e-6,-0.0011974403435743573,3.7263961176732936e-11,7.552116025615273e-7,-0.07715795608737844,2.594886105450586e-9,-3.314453169848794e-8,-1.229439765274837e-6,0.00038654534645626355,-1.8640186372158735e-8,-0.006390060834157,0.008198497772393816,-3.918909822943359e-9,3.7422894268569823e-6,-0.0708374004929614,-1.7388342421255955e-10,-5.624583880591015e-7,2.9999030523154544e-9,3.871255161232101e-7,-1.765604527650411e-5,-2.0547619968804154e-5,-1.022404521916835e-7,-2.899741383110536e-9,0.00792951984404029,1.5474746945778274e-8,-1.371649923915831e-5,-5.393449819982087e-7,0.0015539428925243023,0.09958330524819875,0.0112464540241675,0.00855945418180519,-1.3070458401141485e-6,-3.6857459138685295e-10,-1.299224762565487e-7,4.968272061061293e-8,-0.00015949663553719713,4.937698551746917e-5,-5.162479356368258e-7,2.293461426432118e-5,-0.0005378749874524523,0.0007514478344431822,-1.0345441873532889e-9,0.003616104870969749,6.54128266365224e-11,-2.4616236648971356e-10,0.001165225395487361,1.5523491460529425e-5,1.2671536049691407e-9,1.6167113700442772e-7,-0.0867326928390954,-0.056298794005165645,-3.903709778184697e-9,0.01046015759092789,8.040335517471837e-5,-0.09889641506057568,0.016067930465404515,-7.092886841434408e-8,1.4256602371653346e-5,3.755263182804479e-11,2.2808126971971747e-10,0.01501329445281501,-1.0688860599307412e-6,7.115329900501879e-10,3.697209012263098e-9,0.0002682046928930314,-0.004646315040603181,-1.956869426950084e-5,5.2740895015421544e-8,0.0016724137002659327,-1.125668734982338e-9,0.0007519624611280772,-1.4452352116411877e-6,-2.293440363522907e-9,-0.0022955080329563507,1.7965479018304764e-7,-6.2553403097688125e-9,0.06651554447719338,-5.564708277449728e-5,1.701060471726507e-7,2.2381867476919466e-10,-0.0008322727405794134,0.004970244777000664,-8.233669984056255e-8,7.945474339486754e-7,2.2397416089906202e-5,-0.00012524261526531829,1.0425218570644849e-5,0.0037810225085051705,1.353489979019635e-7,1.0403501685386994e-9,-1.7694837916499084e-6,0.01019116273731517,-1.1484390003527171e-10,-0.023544740346162083,-6.484302337093898e-6,-9.53481852560844e-6,9.550015514949125e-11,-3.845475355278714e-5,-3.6267405458115696e-10,-4.684036085441066e-9,-0.002356467616994497,0.005706388615267762,0.0006256594016159755,-5.474656292680896e-8,6.711530976370427e-9,0.009204141258303048,-0.0003711208923649145,-3.1933517312155613e-10,-1.1752249243759932e-7,0.000493513696027356,1.825806006166366e-9,0.006584406600308954,3.306438816493597e-6,-0.017620511181028357,-6.052336535661406e-7,-2.0261175915969937e-5,-0.08242856135414695,4.815689560049561e-11,7.74107329904691e-12,-9.925385936974933e-6,-1.1307056154772142e-5,7.35474929052899e-9,0.2222849241645781,1.1712084620449643e-9,7.515859922952699e-7,5.211607970018356e-11,0.014053918548928297,1.3667328241748263e-8,-0.002429479004706996,-9.802312399606303e-9,0.000506891691373769,-5.63932853159245e-10,5.260028862987525e-10,-1.2667136952161275e-10,-0.0015890261047631353,-6.329460088741347e-9,-0.031555803032790875,5.968554476819597e-8,-3.9383507251087415e-8,0.000530052627070728,-0.00031280522361458625,2.0495226766944574e-9,7.084643753535599e-7,2.6658110461063624e-5,1.6406565302921134e-5,-0.01611036567462153,6.553771234434831e-12,-0.0011765502985367439,0.14887421789893476,0.014833797696632615,3.960308854090396e-6,-1.0775179386119815e-8,4.740271881774145e-11,2.624343807495267e-6,0.04366961188071471,-0.009448706236755314,-8.173607353344939e-6,6.01076826107529e-10,0.0006112326677194807,-4.454284711563715e-7,0.007072489862482945,0.00013525480749437583,1.5502018695287478e-7,0.020823398837433418,-2.056900137297e-10,-3.292666884552397e-7,-5.525833306616085e-5,-0.004412249667021218,2.7145332061007646e-8,0.05399065497509327,-2.7975431650897472e-9,8.059091105100512e-5,-6.73660173571814e-10,0.004412516268854491,-5.315167209060824e-5,-1.4903665392997979e-7,-9.562828709232492e-6,-4.3862543242738927e-7,-1.8742587668419855e-9,1.2511792416070164e-8,-0.007890313396889587,-1.7260469686035657e-11,-9.007393610288637e-10,-3.909198756881226e-5,-0.04796332583526834,3.1203723151159248e-6,-1.702122673900414e-7,-1.6145930194320745e-8,-5.0514883484253904e-6,0.0022815384077963423,-0.000506094692574991,4.468687401044554e-9,3.2663377171487545e-7,1.910550600590823e-10,-0.0010862701899010205,6.530437129190701e-10,0.00020133857110130588,-1.020254824885178e-6,-0.025282852026863003,-0.00044187212382893436,-2.7790693885411356e-10,1.2901038213856096e-6,-1.446183493930193e-6,2.8265744680007595e-7,-0.00358907820828041,2.397873442031734e-9,2.388959119581414e-6,0.0010443636264344913,-4.368700780886086e-8,0.016128465741118144,4.306784964328435e-11,0.009041108123207204,-6.153114535199314e-7,5.838202407986088e-6,-0.0005731024043772075,2.184258844131236e-8,-7.714787426791635e-10,-1.8706893940868768e-5,0.003549029241512793,2.43260216659757e-8,0.009878976829995,0.0004402748598179615,1.470884762397079e-5,0.00012594531536139396,-8.651141450708314e-11,-0.09488960010525924,6.922368329785131e-5,1.2090434584532385e-9,3.789290792555436e-7,0.0009567260671365361,0.17890536799051499,-7.164811466382472e-8,-3.669624409271913e-6,-0.001486211761151201,-0.12954884131950506,-8.027072882915073e-5,4.6477133857076286e-7,2.6352391162332585e-7,3.090619386692844e-5,0.0013239838997865675,2.6340273080163156e-6,0.0031986011278932387,0.011334878939150028,0.012717750164320054,-5.54362923655216e-8,4.760552086842846e-8,2.5049435744145387e-9,-1.1894583204845993e-9,0.0001305423659195425,-4.749520894866978e-5,-0.014480053081509698,2.1716824239452146e-7,0.000944460822628983,-1.7441366441689616e-8,-0.04194845290934091,2.294178490668785e-6,-0.00029364850516095303,-0.00018498153307180246,-0.0024293589821227416,-0.03785747856990578,-0.00041428628768310063,-6.971073050045057e-11,-9.78402144720132e-5,-0.025085204076572228,-2.817279975986514e-6,-7.577446090864047e-8,1.1384997116484546e-6,2.56326601796192e-6,-2.967738055128247e-11,2.3296198533268684e-5,-2.948801621043085e-5,5.268145642681114e-6,-6.132702097042056e-7,-3.6335818982106232e-6,9.947749593809397e-11,1.4321246331854673e-10,9.928102937427725e-7,1.7500687975203497e-9,-1.518225979258722e-10,-0.002606460188609799,0.02995780848364274,0.018348129762754507,-1.0375395600763216e-10,-0.001249748491338181,-4.3768477772374575e-10,-0.03347558455029484,-7.514194327167402e-9,-1.0302531705200663e-5,-1.9983095074621311e-10,8.344857291579934e-6,0.008245144416790955,-0.022091669285909915,-0.0193223047563117,-0.00474275417245923,-0.036396260272758524,-9.865851841473221e-10,-6.2346073611896e-5,-0.005184489174362945,5.630631821307153e-7,0.002191519557875292,0.011238405279038424,0.00014160731525560437,-1.7067496205197672e-10,-0.00011280620713573538,-4.500570852956293e-7,1.520441346898442e-6,-0.06868169651522413,-4.681072156897401e-9,-0.0028865656497163786,-2.2358361313744784e-9,-0.0012438921439338073,0.044579721095325646,-0.005081060890701715,5.215912043671313e-11,-0.008065149335110235,-1.0294004279153058e-7,-2.3542367850818086e-10,-0.024660136372740258,-2.233943288632231e-10,-5.414392395003171e-8,-1.6700564692235106e-9,-0.000308898482664542,0.00727035503230695,-0.027613956326065,-5.7584142184670175e-5,0.0034351565616386175,-1.1696114266655978e-6,0.002081823819331976,-4.361915456595806e-8,0.01065524239169981,0.008478978565988898,-0.002343173988821469,-2.9040717621349165e-11,-9.618996083279021e-11,-9.552894154990142e-9,3.977057968055166e-6,0.0011862455582565062,2.245980124157582e-7,0.03179757238883787,-1.1351667140666718e-10,0.00015539783970930685,0.002214686296900147,-0.0017900571604983404,-2.7998978704661847e-8,0.004297345553580932,-5.88303510587114e-10,2.209058553283777e-6,8.683697922044407e-10,-0.052722369944146606,-0.034503351671131874,0.22543089330232763,-5.095944983741378e-13,0.0013420295790877112,0.00204332861101096,-0.12575587670904534,0.0007012650400591349,-2.51008620851159e-10,-5.138706996659795e-7,9.047016014248067e-9,0.009522121927642714,-0.08022420356064254,-0.016386706033453425,9.21641616612098e-7,-0.09580603683143842,-9.340054029791371e-11,-1.2555412354799444e-6,1.9156965235234128e-5,0.0004239984028916451,-2.3202763382815286e-9,-3.350883223591738e-8,0.004813140404499432,0.005558604927064207,-1.26657760201064e-6,-5.08086900173694e-6,1.0346722752116231e-5,-6.872935618286827e-5,5.8284297261942364e-9,8.289583964660765e-9,-0.001531808033591675,0.005861078144630436,1.7429180644610627e-9,-1.7948226576424023e-5,0.012314238421823219,0.00015570272255539236,2.6419859882243595e-7,0.00010813872282854925,-7.916952556220709e-9,-1.207463543432923e-8,2.489077296686601e-7,-4.783316377267632e-7,0.00725822553918784,-1.3676327347475277e-6,-1.033474613579054e-5,2.35288005208756e-9,-1.0562655827564583e-10,-2.1556692786246723e-5,0.01774654314173508,-1.4089905889674008e-10,-7.111574773173424e-9,-5.571675139059391e-10,-1.1541826214492617e-8,-1.1853574269215408e-6,0.08469680146876873,-0.006080733828801199,9.558306031723386e-8,2.4072116072531987e-5,5.1694546170102634e-8,-1.1171904578658152e-9,6.072444926981006e-10,-1.0977783939620281e-7,-2.1137959179627883e-5,-2.620443313667031e-10,5.53617361014037e-10,-0.0003143502762397072,0.09240773928792845,0.00040852093301271846,-2.1667806199211965e-6,-5.80174882269687e-10,-4.4196315417303277e-7,-9.253916817768531e-10,-3.5914767003411e-5,1.440312994647124e-9,0.000367162100960033,0.0006458424883029551,-6.227003117004116e-10,2.6957460952973026e-5,-4.117433700064414e-9,8.867004516440575e-10,1.6087499445243104e-8,0.006775429240161069,-7.687240448197038e-10,9.229502766391744e-5,-5.3487113996908184e-5,-7.880553973432211e-10,-5.234692191143548e-10,-1.5654384260432673e-8,-1.6795162027373539e-9,1.0231561942301486e-5,0.2939953084118149,2.4805378344239652e-11,-0.017157171869545785,-0.013145563984636536,3.908316282555348e-11,-0.0508631826073542,-2.7046602597492367e-5,1.1459960079955363e-7,-5.398617652319796e-8,0.004564549824609418,-5.125544277147833e-5,3.7471977149374853e-6,-1.4618016496082987e-9,0.02079160974960944,-0.010930756171168877,-6.108265249050894e-10,0.0024830071867384417,2.441794748908193e-7,-0.00036314159835057307,1.4468791362265915e-5,3.4885949908419967e-6,2.0978674513343315e-7,1.166030518555232e-8,-4.3232443901962465e-9,0.0005934050843289659,0.00015255726825638179,-7.681677709645863e-9,-4.3049532694243796e-8,-6.726858392174076e-9,0.00453419925772463,0.00889173152530466,-2.6252805480795216e-11,-5.487499995668835e-10,1.8053961345721293e-6,-1.0218508513751335e-11,2.0070396065039853e-8,-7.674846144390265e-7,-1.7642872478205956e-6,-2.1708205920271787e-7,-8.439046711143738e-7,-0.0006459788943007894,2.0203592566168357e-5,8.617567994600771e-12,-0.0017838528866296727,-1.1209885803686059e-6,-1.9768245905564867e-5,-0.000298485330139632,0.00036817711428974994,-3.8464761059862385e-10,1.189148464380493e-10,0.005191763473897267,0.05399100663252161,0.005270736792975718,6.247853694958554e-7,1.5296242144625257e-9,4.575923570412879e-10,0.0012482036164487037,3.1208046358034724e-5,0.026471329028099413,-0.00010155888047671635,-0.0008798743114586246,8.635701131452844e-9,-0.010592687453563385,-1.1236427402935606e-7,1.7318071460152516e-5,7.884166019086324e-6,0.0025919421080344237,-2.8151271388626206e-8,-9.253088894716147e-8,-4.7101366893325365e-7,0.017370801854401135,-4.076521297947512e-11,-0.005274466925589432,-5.076710857938147e-9,0.001219785786061905,3.278495173446645e-9,2.8752855376453352e-11,0.014115729120962468,-4.668666974671926e-6,0.0006248377528535562,-0.0022117726008314778,-1.651163045083884e-5,1.5166586920956757e-6,-1.8367966306019708e-9,0.19639796938492948,-0.14700664493208573,-8.873626735899331e-7,5.2795556047013005e-5,-0.05947388618336333,-4.830349191984966e-6,-0.0004127325029467289,1.0963172922337546e-7,2.7435469045350625e-5,1.4032823148106857e-9,-2.765190912366224e-7,0.07491233740712304,2.1718935031604183e-10,-0.08882025349087279,0.0034830943432440473,-1.2026723490650583e-5,-1.494727973142499e-10,4.755718932153015e-9,-0.0834652846503849,0.001200850019825519,2.866303967212054e-7,4.8650955927751245e-11,-1.6741504766486303e-9,-8.863311765392619e-8,2.86296001883456e-6,-0.030383114731255878,-2.1170968998113708e-5,0.007991380796916563,-2.5403923243943e-10,-5.655754058079197e-5,7.542369792960267e-8,-2.2036597369100952e-7,-0.003225906295740033,-1.6427076916086077e-5,1.340994898510572e-8,-8.10029738907566e-7,0.00016881403487999948,4.659888955081495e-5,3.4639702282754823e-9,-0.05143015970624642,0.010188681379408133,-3.50063822978323e-8,3.4438260375899376e-7,-8.421742750323268e-7,2.002573020105823e-7,2.043014470253613e-9,0.0005266695324750678,2.489891141466094e-6,-0.0002736615119208798,0.0014066779241045735,6.69482653398126e-5,-0.0015586819113970064,-5.132908587129644e-7,2.9024607782075935e-10,2.0381790209154391e-10,0.0011921918697048246,0.0004589701283125133,-0.0018874345795381888,0.005335791369349446,8.02745001443561e-9,7.824640001520281e-7,1.0626102886871554e-10,-4.046432102543011e-7,-4.473969736212002e-8,-1.1283010340881675e-9,0.019431020133418832,-1.5722858289682957e-7,0.0014490254801085515,0.0004769597385447653,0.008228849111610327,-2.1590102387116346e-10,0.059890693332854794,5.83519237649748e-6,0.001560653750473374,0.018164183955510217,0.018164738847419717,1.2730595839881524e-7,2.622340314794697e-6,-2.7227640043361454e-10,2.254124310448116e-11,-1.1763257517536615e-10,0.0007984942799844763,5.155331665555354e-10,-0.00012145183600229758,-0.0004975115045404348,-0.00039500888248520966,0.008197961803195314,-2.9348471105201867e-5,-0.025822066790072182,-6.80760569771303e-11,0.0004295221171140457,0.0006949051019103608,5.910883537184268e-6,-0.04976839970433839,0.010603000953594264,-0.023597273386179823,-2.809374396552739e-10,0.0007013538610387722,1.559582587023777e-8,6.169159897319278e-6,0.009824379624012957,4.127147733310984e-8,-5.1640407194382345e-9,4.82855549083449e-5,-3.7308353188379784e-10,0.0005818350859396463,0.018380731922370584,2.5402030640496825e-8,-2.985852574900139e-6,-6.308482993766868e-7,-0.0013485560303705126,1.8154036679655593e-7,-0.04322900134302256,-8.602685580343311e-10,-1.1451739064521382e-6,0.00026726002567703245,-1.575719249197487e-8,-0.06283893611672688,-3.227243490183172e-9,-0.08174274858036441,-0.030361401530858263,5.268222829057701e-5,1.2734751938031862e-8,1.3006711322132307e-8,3.497837793074619e-6,-1.380168287531787e-7,0.011313831454839166,1.1823652833334377e-8,-1.965731147153973e-9,-8.077311546872419e-5,-0.0024063330604487706,3.1374157939698794e-9,3.5467286865238525e-6,-1.7594544761352928e-6,0.0006420063889313861,0.00032011986531988666,-9.726704181459298e-10,-3.738329282917289e-10,0.011888483767762088,0.00032034125368469085,-1.5324795768639112e-5,4.666777616685866e-8,1.1669596756245893e-5,0.013742038342866445,-1.9054591006205767e-6,1.5819776316645485e-7,2.943964475561758e-7,0.17229258546401802,0.0029766372568062107,-0.00038587256810907936,0.0003615785170488747,-0.00011188383656484111,0.0013497844478617214,2.7340099306995896e-10,6.849775668896806e-10,0.009150900255617718,8.105832044495826e-5,2.203723712114787e-11
0.0,0.0,0.0,0.0,0.0,0.0,0.0,0.0,0.0,0.0,0.0,0.0,0.0,0.0,0.0,0.0,0.0,0.0,0.0,0.0,0.0,0.0,0.0,0.0,0.0,0.0,0.0,0.0,0.0,0.0,0.0,0.0,0.0,0.0,0.0,0.0,0.0,0.0,0.0,0.0,0.0,0.0,0.0,0.0,0.0,0.0,0.0,0.0,0.0,0.0,0.0,0.0,0.0,0.0,0.0,0.0,0.0,0.0,0.0,0.0,0.0,0.0,0.0,0.0,0.0,0.0,0.0,0.0,0.0,0.0,0.0,0.0,0.0,0.0,0.0,0.0,0.0,0.0,0.0,0.0,0.0,0.0,0.0,0.0,0.0,0.0,0.0,0.0,0.0,0.0,0.0,0.0,0.0,0.0,0.0,0.0,0.0,0.0,0.0,0.0,0.0,0.0,0.3441929458288812,1.45932596955918e-10,-1.6377134192941935e-7,-3.3882171577792023e-9,-1.6594333648967735e-6,-6.678540189968046e-10,1.3754057934579407e-10,4.080169094342688e-6,0.0007154117018891682,-0.005537052206789305,-0.0021556271758645072,4.30280327240303e-8,0.00031820603856380446,-3.5805700219938615e-6,0.02908781519085258,-5.401953388090733e-10,7.457310378170805e-10,1.5211561548832701e-5,7.850511154629244e-9,-0.10791636408765153,3.295632408169175e-6,4.458372983265513e-11,0.013049752836213258,-0.00030394996679019795,8.270505222958564e-6,6.061955467017808e-7,6.124075800138916e-5,1.2548937002045103e-8,4.7634279170118724e-11,-0.012538434610648257,-7.081492034851661e-6,7.641177733133439e-10,0.0028307023518187617,1.4907097325576971e-5,-0.004232517619168749,-0.0001185543018162114,-9.539165309288749e-7,5.388554564299942e-7,-0.0006946291866360176,-0.0010278796341860155,-7.353969680471096e-9,0.001026421204796748,-3.8927623968778077e-7,2.373399225234947e-5,2.2423354658439558e-8,-1.2594203091176684e-10,-2.7133895013617326e-11,3.1826574548543986e-9,-5.703085976018243e-5,0.051949269830741315,5.255892858987299e-6,-0.00010919032197027755,-6.840497846787594e-8,3.1449048615571443e-7,-4.440990365574076e-5,-2.442266161535907e-6,3.840621452413337e-9,-1.1951300298912354e-9,-0.0005611151260247897,-4.216065223540428e-11,-0.02807047222782851,0.05475294994426537,1.752268678578561e-8,2.1354418319554245e-6,0.0012541970121874157,-0.00011417192099931708,1.1244556054587643e-9,6.301797819810023e-11,-0.009358970336334425,-1.1411229981286586e-11,2.064877228507804e-9,-9.67161973594177e-10,-1.7400877609837093e-9,0.00011140668299212345,-1.3665433300498467e-7,0.15263174502504515,-0.0068117391386718,-2.9010792428291243e-10,1.2605659210314704e-6,3.0150858802401414e-5,-0.0007162395185881807,1.6794656409622217e-7,-2.433462919927302e-9,2.0500412041525183e-6,-0.0002717390660788683,1.9814419013409732e-8,0.01967803945292194,1.5294242265933858e-8,7.3209497056487864e-6,0.009485500350401821,4.046743766392899e-9,-5.483243076121818e-6,-0.005034923186071685,-1.5362611465214222e-10,9.506751354334251e-7,0.00028105649351680496,0.005615602510471895,1.3653874882039628e-8,8.097994133897404e-10,-0.0009346395507844531,-1.4427604630633932e-5,-2.0569803265126645e-6,-1.245646959036685e-7,-1.3272589474742116e-6,3.1905495427106205e-11,1.1272502796675139e-5,-0.0005529013007696234,-4.780595013254976e-6,-2.784941418211067e-9,0.05645635389678959,-6.087636285160778e-10,1.2041175262973478e-6,-1.441422668794982e-7,-0.014556731836876143,-1.4668198709373084e-6,-0.039172006333775516,0.0007582953498116055,-9.500277225273296e-9,6.63607876932344e-11,1.060413352891745e-7,-6.6249360725158594e-6,-0.0030803369015781684,-4.399172159047124e-11,5.588286383115517e-12,-0.02937259819373648,0.0002477447692179694,-4.48949979147406e-8,-0.0023782089273905174,1.6403681388018283e-10,8.276829078887131e-8,1.0347965869211032e-9,1.8560241707958636e-5,-2.0915058399538767e-6,-2.938856056973301e-10,-0.03033076073942736,0.05769649933003179,5.844137819577842e-8,-2.5771356686995764e-8,0.0001291738329335368,-2.119836909030079e-10,-0.008022847096890138,4.330006968943818e-6,0.12942859093761583,2.3020419048328868e-12,0.000496875452980627,-1.1082546846203961e-10,3.0174467339087608e-5,-8.266171781808155e-8,0.006331322426469987,-0.0003243954355213612,0.12433069165691547,5.334652083872732e-9,-0.015698042446670727,1.0619098452851175e-9,7.283148322668368e-5,-0.00015966701032256594,-8.888656743876756e-9,-3.7769671701882395e-8,-0.001166155350650304,-1.3582452304161147e-5,2.538222477829081e-7,3.490293753755203e-7,-1.0213961614562e-10,0.006668161165684449,-7.962715590014502e-11,4.977752530411514e-10,2.8085982390811707e-9,-2.7745472128316153e-6,0.0005806889547995812,-0.04124928085223663,-6.132513480612192e-6,-2.1835095903138374e-10,1.143930090714561e-11,-4.282547297906498e-7,-0.024421880041636947,1.662074230124918e-8,6.254766949293141e-6,-2.036465035933265e-9,-6.126234990461936e-8,4.3767983887391394e-7,-3.877919772086124e-9,-0.02544161266877591,-1.927913023246752e-5,-5.490322706732557e-8,5.126503328714046e-11,0.00021693487062798657,-1.11678494466041e-10,-0.0005307815549914572,4.0901833459282064e-8,-0.007473935955162703,-2.364205985320242e-9,2.8210636265230215e-10,2.7978932922832836e-6,-1.0533813343577029e-6,-4.334460412188582e-5,-0.001182625017737765,0.0019294173138984562,-1.0339369807759375e-11,-0.008260398854214394,0.011946122553567256,4.7225050715969625e-7,1.6400592267906458e-11,2.5909872591718023e-6,3.134894632564687e-5,-0.00031131810593182174,-1.7963494995160772e-6,2.1075801876073464e-8,-2.1876100249384084e-8,-0.004097002954157453,0.00015845370421369058,0.15437206801809714,5.619066776787611e-11,-0.008560546397199671,1.5024351782499199e-7,1.1491902172691674e-7,2.0975655643007584e-9,-4.958628333805862e-8,0.024620643171571213,6.355729724858775e-6,-1.0257852163558041e-7,-0.00023443737572985892,2.6815624897975233e-9,-0.004699017399222557,3.7500296340570987e-6,2.3937408373308525e-8,9.218090989095588e-5,-9.879522701843534e-11,-0.11423769688619044,4.682493672396677e-10,-3.2698010666703256e-5,9.106277159160006e-7,3.973883542685346e-12,-0.00021755738333453686,0.0070637681650010855,-4.936272715204964e-7,-8.828004458020536e-10,0.00030071002527515815,3.568306934346082e-11,1.8360052422701135e-9,-9.376123196058825e-7,3.2066738479076467e-7,-0.029488924270761815,3.129971815744699e-10,1.7336398200918354e-7,0.01473633312743342,7.424885197346706e-5,2.1648976592986322e-8,-4.8878409221541906e-11,0.0004409302459597118,5.29576919463959e-7,-6.004275717285099e-9,8.98097862915605e-11,-7.576671307398527e-8,-1.0752003220054072e-6,-0.00012141853141838713,-1.3922682218881907e-7,-9.044321801000074e-10,-8.258125601667248e-6,3.3581505800788914e-10,-1.9170278873148876e-9,-1.8579567224696637e-9,-0.0002768523600500103,0.00011704548017474656,-0.002503464398554508,0.0030673338548901303,-2.8013274834799957e-8,5.448220501214726e-7,1.8648159843852486e-10,-1.9852495250256528e-5,-4.408603286916667e-11,0.0007974292454421979,2.1183471178142375e-9,-8.061077455085343e-8,-9.030827339974896e-9,3.3211344551229745e-10,1.3273523864017909e-8,9.390397990137841e-11,-3.783937502231108e-8,0.1665710632845761,2.608981733117033e-11,4.561700172481755e-11,-7.596077369942178e-7,-0.0005917385395744768,2.0708864209819733e-7,5.9124256839968515e-6,0.00982005167959542,-7.919788858939585e-7,2.589779926099651e-7,-9.170179256712181e-8,-2.384495733843675e-5,-1.33988340317589e-6,0.27575166172047316,-0.012660936348829957,-2.9154870294367862e-6,0.019593823763806653,0.027558112318340138,1.5533512418219896e-8,7.991399520699732e-10,-6.971579903554991e-11,0.030806626739420858,4.613677397224595e-9,0.015540890383495166,-1.6315582491889547e-11,-2.8467230550545172e-6,4.996381170619045e-7,-0.00029819163943708787,-2.2545601320688996e-6,-1.692010822253033e-11,1.31647592518243e-10,6.919888814318088e-12,3.891653761030802e-12,-1.0853789778269452e-11,-0.0024088232081033722,2.4129247144519855e-8,6.436149930693852e-9,1.478230644187856e-5,-9.789055712009459e-10,8.875380659416329e-10,-3.145356320648543e-9,0.011318713668683669,-8.963904094710122e-8,3.9540117238012685e-5,-6.87807977411548e-6,-2.475925111050085e-10,9.0569535116168e-5,-4.168782914451228e-9,-0.0032929880082569244,-5.3561586778739906e-11,-1.242194554090415e-11,-5.632319802373104e-9,0.0105126968647206,8.998579442928634e-11,0.00012720395443492212,0.03547392951385865,1.0398252011766233e-10,-0.0075001465852342275,-4.300997400797803e-5,0.010632943141821881,1.3646461019890354e-8,2.931607113499561e-10,-6.95768859950242e-10,-1.5522777472283688e-6,4.934905089429903e-11,2.3092698938188174e-6,2.1895012772820874e-11,-0.0009456288738219373,-6.018229154354983e-11,1.9079977442686712e-9,3.397632294469284e-9,0.24682231917216416,0.12792680186291328,-8.018314320161711e-5,-1.532396964701924e-6,-1.904276828877829e-8,0.00030817255843434586,-3.14984087197927e-10,0.013130227944962162,-8.93416731627503e-9,2.0641956699990954e-9,3.1460409979991034e-9,0.0008831863968768367,8.629756564877076e-12,-0.010632147502121814,-7.250892927898581e-6,0.0027338730904406744,-2.486094449352312e-10,3.890197558281973e-12,-3.012175761194556e-10,-0.018319960938265586,5.2446181180840594e-11,-3.0213167374745503e-10,-7.632215734296604e-10,2.9645895132107645e-9,0.0380714662197508,1.3318083317925035e-5,0.00030253574235218893,-2.953779354944338e-10,1.9326506003774755e-10,-3.51775732140229e-12,8.469478672161946e-6,-1.202902072334987e-10,0.02472345951093658,-2.9383126723035663e-5,-2.2114863412240455e-6,-3.7560621592639597e-10,0.000791135905731194,-8.964718142987184e-5,-4.701453351637404e-10,2.5490633978280836e-9,1.1468631089328915e-5,-4.1471473780294465e-6,-6.191835560576142e-7,-1.4811099952403606e-7,0.00045831256636440394,-0.0018648778228173707,-3.7134179744063754e-11,1.8959518474666324e-9,0.005303774024443421,1.3423576967895977e-7,-2.916756960751714e-9,-2.589597266270252e-8,3.2242306121217026e-5,3.735098149141092e-8,0.00030129580731020505,3.0479421254107423e-6,4.904634751265959e-5,3.1239460192191753e-6,-2.881166652197583e-12,-2.9133232202857157e-6,2.07990584118862e-7,-0.0029084259339638907,0.06631070777399806,6.837010994657863e-7,5.6827927594840976e-11,0.1375288872882846,-0.007350518992438879,0.0017485127741852975,-0.000256710630477333,-1.7628503391847644e-5,-4.854185715807265e-10,4.65937110351329e-9,-0.00013087423282971407,5.767283873560043e-9,-0.0001552163164465098,0.001644543268641627,-0.0033645326144001023,0.00022254273946129856,-5.754491428470142e-7,0.0016385763551516545,-0.001429785524625184,-3.9483217920745536e-8,-3.6407110197496946e-10,3.277543242145276e-7,-9.605405838532662e-7,-0.00027779359806035214,3.792011438585072e-5,-0.0015528314598111117,1.4199645864962137e-6,-0.0012228825557229067,1.7082036471722113e-8,5.066805267274853e-9,-0.0050342307545540475,-6.806896172748178e-7,0.0008615731350596225,-3.079894170371012e-5,0.0013013408268558037,5.92003089086157e-12,-0.00019555329629929554,3.5249646069143294e-8,-4.1155854692433575e-7,0.00886554041787659,0.02122663936511878,2.9512024297662872e-5,0.010073670278601194,-3.2299736033097083e-6,1.5881022215218705e-10,0.06918412302971086,-6.005500769012813e-10,-5.194693104658773e-10,-0.03759774001412539,3.996205093439015e-11,-2.0732557177446808e-7,-0.00019334866424935203,9.053258454551541e-6,-1.3648201329507773e-11,3.7732788999352066e-8,2.996512472713152e-6,0.01872836651269515,-1.4376326628215995e-10,-9.466261027460788e-10,0.0053254867031029265,-1.0476012173495585e-9,6.352565328831548e-5,-3.4751066818338964e-8,-3.2249259912645633e-7,4.4528660947050113e-8,-2.3253739108873418e-5,0.0023707526100154776,5.2175069352236865e-5,6.115884291647944e-9,-7.06356313620371e-8,0.00019249743025502477,-0.0008920983657120357,-0.001043080085767858,-4.380191010727474e-12,1.4732344505958185e-9,-0.0677758849970931,-0.017246494181529216,-2.907423038628859e-7,0.0361546953840646,-0.00010001365317995471,1.1367789806158793e-5,5.55492021204186e-6,-6.03979529325835e-6,2.0294374641382328e-6,-6.846302588894629e-10,4.1370502579368747e-7,0.05773985619548029,4.199113790746831e-11,2.8383290912968666e-6,-2.7401331812004963e-6,-3.264246331920301e-9,1.2171770957225866e-8,-0.026222795796998155,-0.04002506294614584,2.2798276213622787e-11,-1.3049304924683964e-10,-8.412225417192711e-13,7.1888693280280804e-6,-0.0010487786358545203,0.0014445406045525114,8.101286419847358e-9,4.455469519177428e-8,9.64784630882972e-12,-9.896826638924483e-9,-6.5325906021491e-9,6.337588047046586e-7,9.671215839219581e-11,-4.16251327559022e-5,2.7174889924088236e-7,-4.2711622541138256e-7,-2.8574217538142716e-9,4.336969753973159e-5,0.00023565536597878241,-3.940513105365024e-6,-1.4671174631018977e-10,-0.05598147158133569,-3.2219718269392624e-9,-0.002074099997837182,1.6696088963845299e-9,-0.0015795734191427651,-0.051060831877426584,-5.135511642964284e-9,7.118601333028096e-7,1.8434872062290702e-8,2.37437858936702e-9,9.24456937551792e-8,4.1550636679603743e-7,-0.004903421213262849,-1.2644857462115066e-10,-1.8470736009621814e-10,6.395261350870937e-6,-1.7856035554469424e-8,1.0293349281809476e-9,-6.012559734663319e-7,8.624221774984754e-9,0.00019425055900421898,8.807299047227008e-8,0.002501802532640342,3.15739269925897e-6,-9.298817479453484e-11,-0.01209347569556487,1.0149965774357895e-9,-1.810603584180974e-11,6.136594816920903e-7,-0.011667467681890632,-0.005301343663107793,-9.572478918443926e-10,-1.7801687795187139e-9,-0.0002005989545446902,0.028221385438569193,-0.011492427709007567,-0.00031527808095724373,7.265546734352895e-6,5.73189160010157e-10,-7.433877585689095e-7,1.875833773177284e-10,0.03316044296256819,-5.270090244736211e-7,3.0260950157374744e-5,-1.5704614468490966e-5,3.1101313569571613e-10,3.360395508573124e-7,0.001310689149552302,-3.7859365024095976e-5,-1.3992580166506705e-7,8.010848040756887e-8,0.00019439261383499785,-3.1443840220244687e-10,-4.835667960238813e-9,0.0003077946918481234,-3.0133927728259823e-6,3.787402959524593e-6,2.296192951780645e-5,0.007993587757220078,2.5735073257723163e-8,-3.8763996976928357e-7,7.961679146586126e-12,-9.636427333704709e-11,-1.5659049322713055e-7,-1.2562518805314118e-10,-8.764064288261134e-7,0.005220525803018626,0.05206842056070978,1.3987912866076454e-8,2.655866354831733e-7,-6.226909160158355e-9,2.302372161236805e-11,-0.0005520907394869878,-1.515902037315963e-6,0.011295409757886572,6.945715949958469e-5,-0.00023426108167077953,0.0006360247090291705,1.8914785889909668e-10,0.00018416580939130997,2.3163495312082387e-8,-9.280743285747537e-8,2.445953744330489e-10,-0.022162277839622848,5.903802015177704e-10,-2.659975948613458e-6,1.922676275380981e-8,-3.892640951214106e-11,3.35897349568007e-11,5.006004293079623e-6,-8.031589474213451e-6,0.08150777628314441,0.009222257927104219,0.01772339770313483,5.963475566868093e-9,-0.014183338616351411,-7.975439129035734e-8,3.34403119306092e-9,-1.1947243084434495e-8,-8.640828192237667e-11,-9.663097677243126e-7,-1.2375077416443824e-10,0.0073349723734991885,7.125184460482856e-8,-2.868455344922674e-9,-1.7171254816068619e-6,5.704840616399566e-10,8.388090958228747e-11,-2.985044304168465e-10,0.017398806586596743,2.6696869734613274e-8,0.00023190316413096817,-3.376644680089334e-7,-1.3062996415433073e-11,-2.1562653843689882e-5,0.00043514575534441723,-1.4218637568720922e-7,-0.010482928477545811,3.638125105045069e-7,-2.3895209073962037e-9,8.095230112190438e-5,-6.9653077587344415e-6,5.002920667903475e-6,-2.8028816755171015e-9,-6.7311195913567765e-6,2.092975463771882e-11,0.004547726764256821,5.32886036262223e-6,-9.784127860069043e-8,-9.926825848354723e-5,-6.773624991631557e-10,-0.0019197478832720725,3.620111177028707e-10,-3.419043434990342e-10,1.4021960390333659e-11,0.001981225760868491,3.443968650316827e-5,-7.010246024690884e-7,2.7056588757428854e-6,5.983245781753988e-12,-5.648912065508826e-5,-0.00675753576568055,5.401774727766574e-7,2.7870204984686963e-9,-0.0031272885017862772,-1.1404674256048699e-5,4.165975778124858e-6,1.663180476304158e-8,4.568275556313085e-8,0.009111046545180825,-0.007209759725088357,-3.4212805266314386e-9,-1.6278187730044173e-8,-7.520889533555518e-7,7.32706009089336e-5,-3.738785716366507e-6,-9.588862127009441e-10,2.5230639827846964e-6,-0.00012375799493716879,0.0002645263722886832,-1.1471747393444086e-10,1.962582510799023e-10,-5.1103939626888425e-8,1.4135110275135685e-8,-6.514434876275759e-9,1.1429020639823498e-8,-0.0024548293955340503,-0.0016074851404529183,-7.781491349645209e-11,1.082644779395574e-7,-0.015158680212488436
0.0,0.0,0.0,0.0,0.0,0.0,0.0,0.0,0.0,0.0,0.0,0.0,0.0,0.0,0.0,0.0,0.0,0.0,0.0,0.0,0.0,0.0,0.0,0.0,0.0,0.0,0.0,0.0,0.0,0.0,0.0,0.0,0.0,0.0,0.0,0.0,0.0,0.0,0.0,0.0,0.0,0.0,0.0,0.0,0.0,0.0,0.0,0.0,0.0,0.0,0.0,0.0,0.0,0.0,0.0,0.0,0.0,0.0,0.0,0.0,0.0,0.0,0.0,0.0,0.0,0.0,0.0,0.0,0.0,0.0,0.0,0.0,0.0,0.0,0.0,0.0,0.0,0.0,0.0,0.0,0.0,0.0,0.0,0.0,0.0,0.0,0.0,0.0,0.0,0.0,0.0,0.0,0.0,0.0,0.0,0.0,0.0,0.0,0.0,0.0,0.0,0.0,0.0,0.34364975118342717,-9.291702122859164e-5,3.911145147814092e-5,-2.091894821426364e-7,-0.030759720174530204,0.009750335267435318,-8.337731919357489e-7,1.7498866148763758e-8,-1.2451237188703281e-10,1.773984424153133e-9,-0.0001263000845558243,6.647592844067632e-8,-1.600786592056213e-5,7.355707224313261e-11,-0.09325258138306729,-0.018123511149391182,6.885698355954697e-8,-0.0010832445557128697,4.5354126986289257e-11,2.7695248990606193e-6,-0.026595352815526357,5.935163351011517e-10,-3.1185632326000595e-8,3.7629547645305717e-7,6.200379308399978e-5,1.5655125647076856e-7,0.0012414238472128949,0.06989734415839659,-2.550250535176552e-9,2.049321554844799e-7,-0.003925005377210031,-2.6601984633558216e-10,1.3168833036307026e-6,-1.2940234179042064e-9,-5.0976125164682914e-8,-8.266775645331428e-7,1.330246078251869e-5,-3.8718802679217854e-8,-1.6422418701755457e-9,-0.0001316560265605842,-2.894688842132098e-9,2.0148866212676485e-5,-4.5353332352388564e-7,-4.7176767017481786e-5,-0.052358855201353395,0.17316318228379554,0.0005540218945244059,-4.047784740699534e-7,-1.0906874307167177e-10,5.9925064703174155e-9,-1.6594982644868125e-9,-7.990363398397233e-5,1.668771847768217e-5,-1.5092194343155157e-7,-6.39301501283857e-6,3.522601566944178e-5,-0.010827019338573766,-6.02631800060229e-10,-0.124558645860803,-3.4264112542983036e-12,-3.041295643581435e-11,6.18051642773672e-5,6.26111663466992e-7,2.9165101498345303e-9,-5.113081926964574e-8,-0.0012109483454689762,0.035796941916928365,-2.0935691768849266e-9,0.1089796804882283,0.00010012393543053215,-0.012666643290617348,6.850315512690927e-5,-1.8098798963100493e-8,-1.3160136044340584e-6,-1.6160937748736768e-11,-1.5835797034869154e-10,-0.013107674460795549,-9.506899660354541e-7,1.1318240431567656e-7,6.124516600793102e-9,3.275558434023206e-5,-0.0017801029140441119,-8.61675666074317e-7,-2.9017174967292846e-8,0.00032406338787700675,6.948363237029857e-10,0.00022358734987986792,2.7200693825854765e-6,-8.284323691128157e-10,0.0014188192550752638,1.251085065181144e-7,-2.5673642046294203e-9,-0.06900738072850134,2.4519311560927936e-5,1.45115414439119e-8,3.8607496090149024e-11,0.0003798111405219816,0.015029718097767774,-1.5038285454055618e-8,-3.434510553191827e-7,-5.869395796872899e-6,3.9535516223134626e-5,-7.604811560700577e-6,0.15530909878043997,-2.8125146304762536e-8,9.317565885807959e-12,-4.91189396003704e-7,-0.0021421655332730643,-1.0625621049209639e-11,-0.020052271679789898,1.7355929068307401e-6,-7.964866758802605e-5,-1.0295530205204493e-10,-1.1201717890720404e-5,-1.8985745630321924e-10,3.866826567901862e-9,-0.001210930023241556,0.0035033116547432204,0.00010834821003404312,1.9929113760392676e-8,-3.364416168390386e-9,-0.06263849341732007,-0.030078157360160906,-2.7497330400127873e-11,2.0058550821065114e-8,-0.00012936581896725373,8.071882420740491e-10,0.12585244482440733,1.8428133644488323e-7,-0.001898238516021135,-1.62903447970792e-7,-6.662785716587958e-6,-0.009778347875741923,4.9282747525294805e-11,1.1202190298673004e-11,5.284163550556978e-6,-9.59944373405673e-6,8.57495897796758e-9,-0.019934625737651247,8.385814427458345e-11,1.012261683703124e-6,-2.4686394171096568e-11,-0.017222469832995326,5.002437403383788e-9,0.03591389185844275,7.875760891486744e-8,-4.943674227782339e-5,3.972581249265795e-10,2.389088752165717e-9,5.330891858939939e-11,-0.00036431411506227993,-1.3572340076705764e-9,0.008990262231802304,6.936575982004024e-10,-2.4427721295295927e-8,-0.0008398297509503914,-1.4690455799063897e-5,-1.3975135861096806e-9,-6.653175410426918e-7,-1.2243476982540421e-5,1.6337502505667397e-5,-0.04701038564802441,-1.3912706036185197e-11,0.0008425301495399378,0.02508518881153238,0.0019296667639128891,-1.4414477849078138e-7,1.1547294047372387e-8,-1.838140937628164e-11,1.123663435320026e-6,-0.06059888266299889,-0.02617163523001503,-7.082292144015826e-7,3.7892357574776686e-11,-0.00017411129550547446,2.348383076372986e-6,-0.006779206702226789,3.720517853701216e-5,7.944218976169861e-8,0.0016157582740401874,-2.3741837652311045e-10,1.8064505033590638e-8,-4.6911141220989565e-7,0.007024825349031515,-2.7782283659429043e-9,-0.043279010279145116,2.5239847775047547e-9,-0.00012097361808842142,9.408109820305909e-11,-0.0007003308441881092,-0.009931930976502778,-5.730964254189451e-9,-3.70149909318622e-6,3.075989459878922e-8,2.452777675014345e-10,4.4807391168610446e-9,-0.07073386954998455,2.153476005418997e-12,3.333502023425372e-10,1.4228875496026165e-5,0.01748271396996226,3.8678123919713524e-7,1.6244924415646238e-7,-1.0081608077618383e-8,1.7391746721739395e-6,0.0005412883552990371,-7.355805054466676e-5,-2.109050118540093e-9,1.0894536696580983e-7,5.522677097941767e-11,0.17688447095308876,-1.4025170091264273e-9,3.9434722391847386e-5,-3.619674595409135e-7,-0.0019569986719985086,-7.05380893499757e-5,-1.1952373661012845e-10,2.084442482761058e-7,2.6950928681843574e-6,-5.30564883337201e-8,0.0006190308506300835,-1.1481526774284828e-9,3.2715096920832864e-7,-0.00016417150165674472,6.308177824922231e-9,0.024553834127054024,6.154181136415293e-12,0.008343732237229945,1.0777112363282483e-7,-5.763571898916213e-7,0.0003585107274456694,-7.467070739810818e-9,-3.280213561439048e-10,-5.294235782365811e-6,0.0038989787222246724,-5.559672792547485e-10,0.07996702981135967,0.00010334425438590965,-2.0012867513110077e-6,1.8483630253359642e-5,-1.7655666181352437e-11,0.0013257008471445884,1.9315946961958698e-5,-1.6885712931083373e-11,4.170025999697508e-8,-8.054653337938921e-5,-0.019460193507345593,1.9180545094322315e-8,2.703178191501806e-6,-0.00019290815353238596,-0.012858349777492192,-2.1778079096408575e-5,2.6520483855791714e-7,-2.6139596903975185e-8,-6.252002933231509e-6,-0.00024128901698615613,-3.6493451162849244e-7,-0.016854058040938324,-0.0015767198464524833,-0.0008474670711687427,-1.3341676416782473e-8,9.85823973694945e-10,-2.707563628533363e-9,-3.659574040965609e-10,0.0001497164827792148,2.036253324915402e-5,0.2961945124285797,-3.473011782998508e-7,-0.006318836845613673,1.04260635632331e-8,0.0012402957762293386,2.2083343400126625e-6,-0.0013574764061743566,0.0015620138983819404,0.0008444524614575557,0.13841537399845494,-7.009641174792295e-5,-3.099990678800444e-11,0.012433846999025621,0.03240528999785264,-6.658516609787776e-6,-9.263176820059264e-9,-2.88762370963705e-6,1.4786342897606067e-6,5.508128918739121e-11,-1.7816881854581506e-6,1.7387026671083695e-5,-8.488434809604658e-5,1.499539653869401e-8,-5.769135053471488e-7,-2.6147534757660864e-11,-1.2109341854215955e-10,-8.073007366781071e-6,9.570955916776668e-10,2.4373105387646234e-11,0.0005394678846848594,0.01684716629089143,0.012083791005137436,-1.0366364153948086e-11,-9.640031050333914e-5,7.148264658285029e-11,-0.0078674086479582,-4.843319564222511e-9,1.7957664915667429e-6,-1.6087731223697062e-10,-2.528572077492807e-6,-0.009120425295744524,0.20189477819509505,0.002260617598996188,-0.0489921567129239,-0.005923360289201847,-7.779928829868084e-10,-0.00013081886834747045,0.002390981500334124,-6.208527093545952e-7,-0.0018121932813484687,0.0017079258794577105,0.0001025880976301598,-5.577606126569388e-11,-5.699512429821425e-5,-9.659542756306855e-8,-6.394783646122008e-7,-0.017391225094962298,3.895106730829665e-9,0.0006133017486165582,-1.4280373988024496e-9,0.033330287890536096,-0.035223478143232366,-0.0015718357149425626,2.2636583743596023e-10,-0.0003235489897890073,1.0636881654246418e-7,6.471079900779238e-11,0.06829764584329429,-2.9278578040395587e-10,-7.225680650521827e-8,-6.118820865290966e-11,-4.933081216193898e-5,-0.019036124798093856,-0.01482679866097983,-1.7991888149340172e-5,0.2048683621409912,1.784626092212843e-7,0.026311227052654807,-4.412693644637505e-9,-0.020550036488060957,0.0014702686666620026,0.0004608939732236067,1.1544969411749935e-11,2.0560873004246485e-11,1.5504756849882037e-9,4.971120197925348e-7,-8.107953739822515e-5,2.8516730891372488e-8,-0.0390904535487182,1.2428625348468686e-11,0.00019475130483950247,0.0008380195792077026,0.002580506897619411,5.7645081184411036e-9,0.014120651518691258,2.4993331075626758e-11,4.07595778156602e-7,-1.307492573280441e-10,-0.03459319378886207,0.004729519921088206,-0.07513280296454118,-2.3780876061519194e-10,-0.010151593175374311,-0.013244984692444445,-0.02153342472447549,0.0016854905779476422,-3.374919284381559e-11,3.608606319350938e-7,8.17802099936506e-9,-0.02592804818218341,0.006255223629155903,-0.07707530644166355,-1.0139337705017912e-7,-0.006955946877206667,1.7084873299190555e-11,-5.675189791356073e-7,-2.4366209233748056e-6,0.004215199938540412,2.4819631553826476e-9,-3.639942912790566e-8,-0.0014529275169907203,0.00042154835863837686,2.757206557964374e-6,9.945530195908164e-7,1.665372640002362e-6,-4.585805872102406e-5,5.1512545854960325e-9,-2.9428478495046745e-9,0.015492349547857052,0.0008295281380324985,4.4481210001875403e-10,-4.171042879521291e-6,-0.005126166623169524,8.107754445621247e-6,-5.4542495650909677e-8,1.1343211307264234e-5,6.063377648529491e-9,-6.22707639057123e-8,1.1010660861731666e-8,-2.2130256997197786e-7,0.0035992198702729694,-9.630983381858177e-7,1.060207725037003e-5,-1.1455026206410192e-9,-4.930832233687455e-11,1.1176759583774801e-5,-0.007695622897410714,-1.8370749683236086e-11,-2.198881042658703e-9,-5.141612839117469e-10,-1.7445798109688032e-8,-1.1131455170778387e-7,-0.034683105255970285,0.0011812602754321649,-4.6993313282114825e-8,2.9760203160620715e-5,-7.22954071307265e-9,-6.665725274783952e-10,-9.402565717882285e-10,1.2749815206130335e-8,5.916539497406753e-6,-2.463912733267522e-10,-5.070773652048008e-10,7.049428268696773e-5,-0.10924337395954316,6.143464347178375e-5,2.982506711640887e-6,5.476222810173762e-9,2.6253158607304277e-7,-1.7061495536425413e-9,5.295542459086334e-6,8.527156909583204e-11,-0.0002620324813338799,-4.9839771247226214e-5,-2.6378012502411423e-9,-4.841341771655685e-7,1.030000079277024e-9,2.664772031621485e-10,-8.398671516773495e-10,0.2309551018250188,-8.33929588034739e-9,7.638730546207763e-7,-7.329462743047338e-6,5.670353405409292e-10,3.242771700850768e-10,-9.358020419040242e-9,-4.100510823542026e-10,-1.3104558176890576e-5,0.014754160916283038,-1.2146198954455432e-11,-0.0031384400690407364,0.0008536719882271548,-1.4168397555901204e-10,-0.007399751157201765,1.027893633162927e-6,-4.177459908992862e-8,9.53361552728386e-8,-0.027216357274561804,3.3553163369886265e-5,6.128400496145553e-8,4.585031682818183e-10,-0.013221393397405773,-0.006949987629880402,1.5255683088649624e-10,0.0022954088259152755,1.0728343985708482e-7,-0.00011215092889180207,-3.6734102518699446e-6,-2.172028291268336e-6,-8.163298034398793e-9,4.30205782416313e-9,3.027020779021186e-8,0.0001625700236868265,-2.9449792893780518e-5,6.184367163688802e-10,-1.5951370228761123e-8,-1.763346119835819e-9,0.015507116543484613,-0.0008192642051397464,-2.6395440656081642e-11,-2.3562647528276746e-10,-4.990500313786822e-7,-3.9168661301296594e-14,3.456994206369467e-9,-4.148876486585822e-8,3.4310784556965537e-6,5.922905573599247e-8,2.561325735341649e-7,-0.00015327497310314563,2.9386635510432697e-7,2.4343003864121124e-11,0.08089583717524441,1.3611874837444498e-6,-1.6211622489209228e-5,6.0337510597993094e-5,-7.245171043279959e-5,-1.6248635164591858e-10,8.546922082437213e-11,0.006252006458075205,-0.05758655561584216,0.11602670547769148,1.2028246475532615e-6,2.077304439011764e-9,3.45620293624289e-9,-6.697999334055484e-5,7.065915063565777e-5,-0.010819390672774437,4.817418295801009e-5,-0.0018210251911133,-1.6956498266756861e-9,0.21588993299716444,-4.4626732973502147e-8,-4.67283998517995e-6,3.553561896327318e-6,-0.0011305305367795846,1.4642829330768882e-7,2.0910224145254963e-9,-1.0480053143932463e-7,0.03050846614458871,1.0127814196537734e-11,-0.0018477893244399327,-1.105839919133928e-9,-9.537119211544864e-5,3.4242260904163626e-9,3.375415818095576e-11,0.00031518993686405086,2.941476039135717e-7,3.4313186236870396e-5,0.0009801106933058905,2.926224749850636e-5,2.499369127624167e-5,-2.1012426687480015e-9,-0.025338934080382552,-0.006150157508704456,-5.465887624544057e-7,-9.615155290755231e-5,-0.0036043966865661864,-1.23055588488525e-6,-0.0005496428384428779,4.380703521602956e-8,1.250923196024726e-5,3.7069448491295e-10,2.1824840177635894e-6,-0.05852106285460729,-1.5361057953565266e-11,-0.0035507571683757798,-0.027594529467208067,1.2768339935808057e-5,7.145526488254386e-11,-2.4639041177449252e-9,-0.0211911974334837,-0.004553786919853861,-5.801281743046333e-8,7.912107384127996e-10,-5.957954746341273e-10,-3.8215811523264985e-8,3.9049624531736164e-7,0.010123016540144145,-3.005252666517743e-6,0.006045796743884806,-3.5341875970083334e-11,-5.523518532956349e-6,-2.940173209940967e-8,-9.557224206407446e-8,-2.0932601427876026e-5,2.0396886517101156e-5,5.004980193309281e-9,-5.505017857757263e-7,-2.1511525740345675e-5,-7.561744522644869e-6,6.534572579718963e-9,-0.029082999844323765,-0.00015501590393835195,1.0086596241453991e-8,-6.3855068442145e-7,1.8818771491554392e-6,-1.5873453935732873e-7,1.666433265025196e-10,-4.0141611573792735e-5,2.5886829932645064e-7,-0.019603797472993113,-0.014898829539184925,-4.9404098703895795e-5,-0.022733905471757358,1.6269383224905083e-7,2.4898296399754827e-10,-2.5539169843887184e-11,0.00012637595264360628,7.462526448948623e-5,-0.0011260477201728823,0.22340055329165107,-3.4264610626859038e-9,-4.487137059814083e-6,-9.857940957091932e-12,2.3882486095047903e-7,-3.822809356321346e-8,-9.252465983457784e-10,0.002211266386415168,6.382645739319159e-9,0.00032403882612035725,-0.00017117046552131348,-0.001193510001902594,-3.5428780337255575e-12,0.01923188045210364,6.55246930377125e-7,-9.967364611627758e-5,0.03977509879013174,0.054954413753735894,4.12436305629325e-7,8.439735102076766e-7,-3.3170118433200856e-11,-5.080212599395407e-12,-3.3904655804093824e-12,0.00014282956214573263,8.158994948426032e-11,3.381023345141728e-5,0.002359884217433744,-0.00045945558831402103,0.07254609644227801,-4.586453290301184e-6,-0.0036341280398470687,9.981722369934348e-12,0.00010373751279830976,-0.0004268123143637867,-2.493921579000218e-6,0.00396691827568296,-0.008649519719574448,-0.01993995412397676,-8.265881068369921e-11,1.7622906510257025e-5,8.194520585004118e-9,-3.894873952547482e-6,0.014863638824375585,-5.700217429472737e-8,8.140702750310951e-10,-3.2171232375932354e-5,-1.2889197736349703e-10,9.240387871512558e-5,0.0014249819093761435,5.7928380244245886e-9,2.6662405665137065e-7,-7.449592273078136e-7,0.0007418624050215274,-4.251762128509818e-7,-0.02671943846684602,-1.1843006945871077e-9,4.2382315735834603e-7,-9.440064756965331e-5,2.854873091891603e-9,-0.028038123893823246,-2.466175267060773e-12,-0.013237629477895483,-0.0038717876031902593,0.0077430177429098175,-3.8094247026405257e-11,7.454492664029961e-8,7.271866633046204e-7,8.223766266556825e-7,0.0980671753735478,-1.906238398251339e-9,-7.286202509579531e-10,3.1502962470474546e-5,-0.0013985238300274986,-1.3983665632535642e-9,-2.014823630577042e-7,2.7263531811969235e-6,-7.439686196534621e-5,-0.0001187591833600449,-2.2396922485482542e-10,-2.5964127889742616e-10,-0.004163471796679313,9.96181039390617e-5,-1.225531621782348e-6,5.113740654550195e-10,-1.1480488481161836e-5,0.0014134588661259854,2.769514312412242e-6,-4.104026712693611e-8,4.4710405814303086e-8,-0.04172143969528173,0.001580592896302058,-6.545374799329346e-5,-4.646712464377599e-6,-9.664326684707414e-6,-0.00018178795469798504,-2.4246557543339273e-10,9.044801662883338e-11,0.09622170972384116,1.7331412547658203e-5,4.360080836852748e-11
0.0,0.0,0.0,0.0,0.0,0.0,0.0,0.0,0.0,0.0,0.0,0.0,0.0,0.0,0.0,0.0,0.0,0.0,0.0,0.0,0.0,0.0,0.0,0.0,0.0,0.0,0.0,0.0,0.0,0.0,0.0,0.0,0.0,0.0,0.0,0.0,0.0,0.0,0.0,0.0,0.0,0.0,0.0,0.0,0.0,0.0,0.0,0.0,0.0,0.0,0.0,0.0,0.0,0.0,0.0,0.0,0.0,0.0,0.0,0.0,0.0,0.0,0.0,0.0,0.0,0.0,0.0,0.0,0.0,0.0,0.0,0.0,0.0,0.0,0.0,0.0,0.0,0.0,0.0,0.0,0.0,0.0,0.0,0.0,0.0,0.0,0.0,0.0,0.0,0.0,0.0,0.0,0.0,0.0,0.0,0.0,0.0,0.0,0.0,0.0,0.0,0.0,0.0,0.0,0.342084685283472,0.022427287685388545,0.005603241064877256,-0.0008737777863589776,-0.0004007435917875809,0.003091701717719324,-2.934417617330634e-5,1.811482109782098e-7,1.0922355272243493e-5,-0.05374404045016058,-9.670335374163433e-5,-0.003581349593806948,-1.3603027991332173e-7,0.000484737835384787,-0.0014872328053526,0.000929345638670127,-0.005131533757209917,-1.9419944437750746e-8,-0.004374936915826927,0.0010735889926935718,-1.2411490784845005e-6,-1.4676138031670095e-5,-0.0006641023769765261,0.005298141147713643,-0.0005079221324786383,-0.02734631884375986,-8.959780988555977e-5,-1.4965900404140205e-6,0.0028013851212197877,-0.0003272053865750709,1.0350479275314661e-7,-0.0002003819989012863,9.37102672607006e-7,-3.1400504053349255e-5,-0.003909960142028,-0.05698247963323353,9.239324177519883e-5,5.676086701306198e-6,-0.0045121368088946534,9.52871056571924e-6,0.004968984770916736,-0.000308082486437994,-0.008690800083865437,-0.0002637272521831032,0.00010057855155642993,0.004397727361920671,0.0011159363040335653,7.320820409236798e-8,-4.1108017552898046e-5,2.4946939097481695e-5,0.11584089817886714,-0.0391673982162928,-0.00035607945445502594,-0.002543096973103401,-0.0176852969294756,0.000894648883660085,1.7556735148201465e-6,9.833575809761639e-5,6.651533262698575e-8,-9.079076966747304e-9,-0.09128336878559652,0.0005653684132711886,-1.5295986306956303e-5,4.1111368204449006e-5,-0.00044461412803924676,-7.469227940500312e-6,3.7804017743850605e-6,3.538812569523517e-5,-0.021844551565600927,-0.0006240512353297246,-7.122507620058887e-5,0.00012621001746489325,0.021439570673034463,-1.6923901222387562e-8,9.69312724589528e-8,-0.00018436743834713637,-0.00046808911603269754,-0.0002651837999903925,-9.676007625441779e-7,0.0024561394813021444,-0.004737290681040983,0.001706931730153452,-1.572808614854351e-5,0.0041806380359914914,1.0926200594457718e-6,-0.03821274849311165,0.00043866109202894145,-2.409650960281885e-7,0.0012078517907784289,0.001229702769487648,-1.9039268059235468e-7,5.5249758995756e-5,-0.009408672415459044,-4.698591886925439e-5,-1.2568075740323043e-6,-0.059603931121357895,-0.00016683922543088634,2.1958238589041656e-5,-0.000257775269606643,-0.002211770787228413,0.14025720833343924,0.026081944743164123,-1.0932800147803436e-5,0.00011186888363484217,-4.7679265621851303e-7,-0.0001657242540733713,0.007317715422034806,-9.224487211599066e-9,-0.000644443377382729,-0.006505741427403947,0.060501985641264286,5.1367495665618946e-8,-0.0020785008386950505,5.330224247767605e-7,-3.6369697468169423e-6,0.0037909091207334288,0.002121162699038563,0.014673817429494371,8.731447578662249e-5,3.7802678416990404e-6,6.962214311205715e-5,-1.3241281673621458e-5,6.149700907371298e-8,-5.8813866536832334e-5,0.12528471445231928,9.576665408905014e-8,1.787429837868129e-5,0.0018147150497653704,-0.0018079971728346934,-0.0004531101874846606,-0.0019025489213966309,0.0008485807968526826,-3.387346406792409e-8,-5.375650341376732e-8,-0.00023714311419527042,0.01974428526614743,1.0274405812428966e-5,0.00046308881234211817,-1.6721578788889021e-6,0.0006868304954128543,2.535247953971822e-8,-2.1514255565444415e-5,-2.5255343172073635e-5,0.00013816725271300544,2.5863240117321466e-5,0.19844454182238566,-2.5247898086314616e-7,2.9081129157488996e-6,-8.269874175396497e-8,-0.01324451666112864,1.835119506389304e-6,-0.002277391271510545,2.3615225865399107e-5,-2.391948634725672e-5,0.002042764906281865,0.09959357291614783,6.600758733364477e-6,0.002226038629134738,-0.02040212735410064,-0.05223294044804513,6.649867974836874e-5,1.3497978313398178e-7,0.00013889505601549025,0.0005284570967756533,-0.004189791701604564,0.00030088818212100276,-1.829345382440022e-5,3.9768542539471527e-7,0.0012320548103419884,0.0005135076197944329,0.0001442535955838968,-1.3458683244495966e-5,-3.29697284964209e-7,-0.026747307690945635,-0.00707968465524936,-0.00010228006695998265,0.027320215870112095,-0.0002101729715055241,0.0015091693761840486,1.1850511708334533e-7,-0.00012502111516936394,3.3766787354527295e-5,-0.0005384303531850935,6.668830136897664e-5,-0.00039430701042579607,8.766407121246092e-6,-0.05245110998962572,-1.8540493114856913e-7,0.018273430736460282,-0.0006230190573166091,1.3935507412325655e-5,0.004969881577539551,-0.00040277169744484185,-7.105374571339917e-7,-5.883023717528307e-6,1.4896908864622401e-5,-8.413387609219868e-9,3.871591151627291e-7,0.005480049718314829,3.60829538983171e-5,0.0019266974559514502,0.00010491426313609415,-5.313651899773314e-6,0.0005690961670881682,0.006943127475625489,-0.004560528252774956,7.126496986988028e-6,-0.00026903299872956714,-7.97672583210444e-8,-7.145121532223014e-5,-7.86846555172909e-7,0.009078689436153864,-0.0007194724098649125,-0.0008897002885634954,-0.0011972618057453483,2.5284185645313476e-8,0.0017771388668249802,-0.0006981924355868812,2.307456792041314e-5,0.0017791684688366377,1.087190931569697e-6,-0.0007087524582938611,-0.03735019824127396,-3.032319286194467e-5,-0.0002468981211783918,5.609019587954774e-8,0.0006506992101651256,-0.00044978526686590765,0.00015346124465991844,-2.795777943363479e-5,3.458471079340527e-6,2.807312753676466e-6,0.0035186897299103776,0.0021750059648782396,8.448987737338829e-6,-8.101714693324759e-5,0.0023372105410766524,0.013839996731844367,0.0018713898076503379,-1.8274155882971564e-7,0.00027919982027942375,-0.05618775697221301,1.3774581584966636e-7,-0.00014090047174700762,-0.04009192578515084,-8.606822690594095e-5,-2.9342487221534983e-5,-0.014607447839799378,0.004374527882481844,0.0005297264660418477,0.10685240268328494,-0.00026210791824945285,4.7473630200074774e-5,0.14635055661156285,0.010602641848423093,0.0011209477577088717,-0.0005691661031411117,0.009775070975903332,0.0017524047954896882,3.4255396960824234e-5,8.679078195390037e-5,1.679213162241164e-6,-2.0437717805667944e-7,-0.005991052519707716,-0.040056487782880096,1.5065202560637972e-5,0.001178337476793046,0.00017406569440448188,-9.50889636949087e-6,-0.0023688678742666584,-0.0015156555659500165,2.42848804159141e-5,-0.0007525799876850038,-0.031222214531410334,-4.76390757624464e-5,-0.002736867998140223,7.461929216447333e-8,-7.134319151433594e-5,-2.9589680942070756e-5,0.016766519132332805,2.523574569538182e-6,-0.03730262137767176,-0.001363176232178754,-1.791221400771898e-7,0.0036958680765219495,-0.07774797360672007,0.23806261053568487,0.00042665709076858123,-5.041567058835653e-5,1.7630250065270602e-8,2.723689046284512e-7,-0.001897063362442774,-9.475218049025644e-7,-6.046457116917756e-8,-0.04337157717293524,0.0005483351302361749,9.228283901339048e-7,-3.3351457780970328e-9,-0.0020703699069867026,-1.534739953242379e-7,2.9051678858440148e-5,-2.1276605565123326e-6,-0.0029876393680068683,4.172085964927816e-8,-0.0008296038587573421,7.42849750745731e-5,3.7228532638641516e-5,1.1760915475531532e-5,-2.3849436007014623e-5,3.082726123440988e-5,-1.162668883817018e-5,-0.058886987810356776,-0.005011118062410451,6.0068780011710246e-5,-0.0022332666194551103,0.0007102651441834437,0.0034331173259359023,3.967841564786691e-8,0.04709280910464372,-0.00011340859078981087,0.0006926418642677027,0.001571465923212578,-1.2776155171101279e-5,0.00833536083126847,4.280092282408899e-6,6.330706000047508e-5,-0.00018230896660420036,-0.004893560252583237,-4.7532681195517733e-7,-0.0014495967783748475,-0.00016850670081470297,-3.258491948185891e-8,-6.853787465774627e-5,1.9994237842770142e-7,-9.161075288840728e-5,-3.51707656106988e-7,-0.030169033875534993,-0.000943057463670449,-0.0008811272475024434,-0.002922481827040587,3.560506846967593e-5,-0.0006638899499554337,-3.440163060331256e-5,-2.716964645793308e-6,0.0005188856632265608,-0.0033928934816619925,-0.0016077434486755204,-2.8230260359526603e-9,-6.213127166372007e-9,-4.812990711306337e-6,0.0034444390510149476,0.05914426980821744,-2.9844319121846025e-5,-0.0006785179436549621,8.11736203741706e-8,-0.003242583287725476,-0.0028686495977677533,0.0012907323190364873,-2.1623180608270055e-5,0.00011633683924094138,4.136563017228428e-7,0.0013497643266624057,-1.4624585271586908e-6,6.0484537007321185e-5,-2.01892563314714e-5,0.00015847428027263033,-1.847007359522461e-7,-3.0207193673859496e-5,-0.0005462007562819871,-0.0006588804471390947,0.0029746392506207874,-8.97757802571469e-9,0.00015433027284072708,-1.5399293625472625e-6,-0.0005125612664374377,0.0003233843916810549,9.747479214569997e-5,0.0003155034593417283,-0.00011608010744977376,1.3294359897489512e-8,0.0016864200598872322,-0.0007017123333389784,-0.0003560951769678147,5.3134331829655355e-6,-2.4555713976109132e-5,0.0006838205848927218,-0.0013231610416236488,0.00020501423788587297,-0.0013049640149657266,0.0006947538573320689,0.20798429261523405,5.667574783999907e-6,7.570287667903447e-6,1.8357882055791113e-5,-0.0020206552943031774,-1.797307600433889e-6,-0.003801155300727956,0.0019263301577845148,0.0008472354138428905,5.829609085026103e-5,-0.0029127523736284158,-2.0635887439999705e-5,-0.00012145370040801474,-5.984232558310113e-5,-0.0002467121815564205,-8.113621220927322e-6,-0.0003602546992922643,-0.05055831412864617,2.715375520451037e-6,9.140152877561306e-8,-9.973704419695135e-5,0.00021075771946112474,8.196553847352907e-10,3.214847833710227e-6,2.4055759565081146e-6,-1.3018414821938258e-6,-0.0007811611885560278,0.0006073499024665475,-0.006387206390469961,-8.300533671211989e-5,-0.00382549138257243,2.9527980694714076e-5,-1.0050516053546263e-7,2.5409762990063553e-6,-5.7078127514475336e-5,0.0009491291976466821,1.5026624961125432e-7,6.7246853169090195e-6,0.026313526957104857,0.00025448940702268926,0.004493581256701874,-0.003334923468921034,6.851795456908602e-6,-0.0005808287856346487,5.58401659513887e-6,0.0055052527932102574,-4.282167446483641e-7,-0.001812526644656028,0.0043994140391395604,-9.538614201967447e-7,0.016247396837530462,-2.6730543490576594e-6,-5.915485266316678e-7,6.074359928668554e-6,7.753938502370201e-5,-5.223702639960201e-6,-0.003299302541360624,-0.000960566622300104,-1.2962154103698086e-6,2.387881273851395e-7,-1.3856788450804099e-5,2.035489048134366e-6,-0.0047263594189600276,0.00019989473188679067,4.661923110762523e-8,-0.0005849377551587242,-0.0008773870325906433,3.354698792114829e-7,9.005389442223306e-6,-0.00012604498042975018,1.0722601023724093e-5,7.209642894223546e-5,-5.707764206324806e-5,-0.033294912614144204,0.0024889117384954435,5.593485195943352e-7,-0.00016568558198479992,-0.00029385965408922597,-1.8372413304167766e-7,0.002440463631576831,-0.0002859412777254999,0.06631990276476607,-0.0006747400536353727,0.016196233492403147,-0.00010886761148912858,-6.69857726826763e-6,-1.5454103946842932e-6,-0.042643058851800024,0.0381545686167945,6.761553060827205e-5,3.17508829699672e-5,3.767094526637956e-6,-1.0434208339146308e-5,-0.0006174699467267729,8.693990527111159e-8,1.0071177839960268e-6,0.0018748093271904632,-3.0147795635948086e-8,-1.5579060892015352e-5,-0.000587731544530119,0.0006381788456962835,-9.998064106370921e-5,-0.00038789208118777014,7.034727485764207e-5,-8.774371453363402e-5,-8.384045531208947e-8,-7.288309531165513e-5,-0.0042450133608263494,-0.0033795200381739414,-0.01066738099086862,0.0050140387600650675,1.696560478691163e-7,-4.6129688814326236e-8,-4.92753026395016e-5,0.00015831273695941412,1.8359992614416573e-5,-0.0036287792508092652,-4.5512321075265284e-7,-1.089448030473632e-5,-0.0008992397772610733,-0.0009816251549897392,-2.8526266780104902e-5,-0.0071782795934868795,-0.0019334343029151278,8.034832621141346e-6,-6.754039859322603e-5,-9.53698100360291e-5,-0.0018771581073515546,0.0072998772467318005,-0.0033199252997022565,7.438479978552042e-5,2.0252503000998887e-5,-0.000202488297846436,-2.72302558437553e-5,-4.918420302552425e-9,-0.003487922754100432,7.230699565373088e-6,0.011153680096061248,-2.9747090084480034e-7,-8.242831194210372e-9,-0.0016325314030064101,0.0003167039095623431,-0.0078026213021352596,-0.002279880357744778,0.0021866210326691206,-0.04490825344107314,-5.749116838966609e-6,-8.631340667669672e-5,0.00010098662672601806,-0.0007434754539477502,0.07035547953290168,0.00027024654511214463,0.0011890643403003286,-0.0033039572458120722,-5.359550344668137e-5,-0.04741805982139318,-1.331813672211168e-6,0.0006386010135153762,-8.491786194705458e-5,-1.1051086141610258e-7,-0.0003862525617327805,1.537514805920211e-5,-0.0098158825135551,-1.906960964905476e-7,3.102766193111187e-6,-0.0001519759285003226,0.002223183330725997,3.079708116269312e-5,-8.047031073687845e-9,-8.662128895875776e-7,0.00010124710727963273,0.0006857167294951943,-0.0010267535973904121,-0.0018455711567805005,0.0013949572620987625,-1.3812087048159925e-8,-0.0008145182397375397,3.139548201088664e-5,0.0010961484924841443,-0.0009738772493939544,-0.07087574735929589,-8.214662111773904e-6,0.001691213608305711,0.2684731638740699,-0.0153832795640197,4.683696959595289e-6,-0.00030852273708657595,-0.003948927158807873,-3.945348966933865e-5,-0.0001876770990096115,0.00034427340449440534,-0.00010206446034102045,-6.00355112253634e-7,-0.029574082882648,0.0021510765082916306,-1.9224684623261915e-5,-0.0006972042486293881,0.22945431181031156,-0.00013847542261208716,-0.0001939780239174406,-1.748492316611218e-6,1.5390055370626875e-8,-0.08157763147206455,0.004480105172112081,-0.0008972063736768117,4.257483254384896e-5,3.8093208381319056e-6,-0.00154583758231322,-1.4864144363002544e-7,-0.00048000999517898283,-2.5435832172195427e-5,4.171509465244068e-6,-0.0038272519738448882,-4.2190728961732056e-5,0.005712283028242688,0.2581891396359282,0.002699364868613493,1.4614567329457743e-8,0.0004185878532994299,0.00017302911685441942,-0.03666438810289136,-0.00017660449314440055,-0.0001325944572085534,-0.0003038702189227937,0.0027855001907935973,6.526968557288684e-9,2.8184383154936473e-8,-1.5051272142694592e-8,0.002740498833654148,5.814454855010959e-8,0.04653270822850647,-0.00026337460752603797,0.006797686849319605,0.00010067411696130328,-0.0003173313855371208,0.0008066021828121982,-2.3711168031045022e-8,0.003960319452678191,0.0066597078436869996,-0.0006771545863956451,-0.0001700747237502821,-0.0006159201444351645,0.0004476007189091707,4.6843894299412474e-8,-0.07649342273776419,1.8879772211307468e-5,0.015204522732917102,-3.111680576285131e-5,6.534245619673113e-5,-3.2454771149858653e-6,0.037792835989491375,2.4404732136311174e-7,0.010460811349051906,0.0022284724674725056,2.0070615122673283e-5,-5.8478642584060294e-5,-0.0004898937515883686,0.003225957338757088,0.0007201708472918661,4.983724327732845e-5,2.535744953943644e-6,-0.0002968392865105789,0.24496514942730882,-2.6897266607646438e-5,-0.0005116421905638048,2.482274914825848e-6,0.0005152200778182524,-0.0007172387411840422,-3.388001788784432e-5,3.7232410213202558e-6,3.6288218838940054e-5,0.0011819289897069022,-5.841838422113034e-5,5.114619854712922e-5,6.276641664075419e-6,1.2907291226627175e-6,-0.0055835372250216215,-0.004835059433612689,4.2556640579584564e-7,0.0021167267120515386,-0.008230617027158178,-0.037585458452228555,-0.05098184267221641,-1.1823751868211301e-7,1.7573873572207476e-7,0.0013662537805194815,0.005936914195503115,-0.002765525491413353,1.7992100936525654e-5,-0.003617349773395863,-0.0056498791907227276,-0.005219036198642187,7.068294358636486e-5,-6.326682270696729e-5,-0.0004026314889118138,0.00134171563106926,-0.0017013998784066822,0.00013221742325283012,-0.012640372984520523,-0.019532235432605967,-1.4293164715344993e-6,-9.557124584654231e-7,8.786943550180965e-5,0.002946101774839275,-2.923769810635787e-8
0.0,0.0,0.0,0.0,0.0,0.0,0.0,0.0,0.0,0.0,0.0,0.0,0.0,0.0,0.0,0.0,0.0,0.0,0.0,0.0,0.0,0.0,0.0,0.0,0.0,0.0,0.0,0.0,0.0,0.0,0.0,0.0,0.0,0.0,0.0,0.0,0.0,0.0,0.0,0.0,0.0,0.0,0.0,0.0,0.0,0.0,0.0,0.0,0.0,0.0,0.0,0.0,0.0,0.0,0.0,0.0,0.0,0.0,0.0,0.0,0.0,0.0,0.0,0.0,0.0,0.0,0.0,0.0,0.0,0.0,0.0,0.0,0.0,0.0,0.0,0.0,0.0,0.0,0.0,0.0,0.0,0.0,0.0,0.0,0.0,0.0,0.0,0.0,0.0,0.0,0.0,0.0,0.0,0.0,0.0,0.0,0.0,0.0,0.0,0.0,0.0,0.0,0.0,0.0,0.0,0.3288505895516647,-0.004271004440189477,-0.00046609285413846203,0.001249776965699453,-0.0012146919412811962,-3.1147148149653974e-5,9.55946170770424e-8,8.248307298996863e-6,-0.05662838758658529,-2.8915387766848996e-5,-0.029048165171802236,-1.207791668304946e-7,6.688990741332288e-5,0.00044399195217855776,0.0028532385156104993,0.004734473205781393,2.4362746220434905e-7,-0.003488065884720859,-0.0003880284216419101,1.0627100841657133e-7,-3.5206713644564926e-5,0.0002127491553038483,0.16519668524814998,8.613773158956264e-5,-0.003802302255418521,-3.06477030882298e-5,-1.6320513154366145e-6,-0.0005193265596100688,-0.0015222513775801395,-7.914994592547373e-7,-5.068873080351236e-5,2.632348357967373e-6,-0.00030169382316455704,0.008714331594492954,-0.084669983044699,-2.0967619217975053e-5,-2.1618072860538346e-6,0.00957966675923953,6.658404414925618e-7,0.08172643698474694,-1.4699907049498924e-5,0.031181142758056835,-3.800237276105042e-5,3.541911096174537e-5,0.0043790098658245645,0.0005024326901315276,-2.0871225942678913e-7,-5.548307336530397e-5,4.644989726775801e-5,-0.052498421183538084,-0.02947085810425063,-0.00024120310832303183,0.014844056530051062,0.03752212065095382,-0.000595241856360727,-1.8362163147409111e-6,1.4064289738714135e-5,1.252465389908313e-10,-7.390244247287481e-8,-0.0028033316417204594,0.0019078991663698198,-4.0838038200813665e-6,6.530334103548271e-5,-0.0007987828927586654,2.586802316436026e-5,-1.3277168476786079e-6,3.7145232863142795e-5,0.01827120908094798,-0.0011869340141681982,0.0015453831931907885,-2.091780803056913e-5,-0.0337948249765757,-8.018110425264846e-8,4.610029930521067e-8,-0.0002320492639975392,-0.0011526997851161345,-0.00030106727380270503,1.8158441966024828e-5,0.21063953592172607,-0.0023669942455562796,-0.009755181499725657,9.312928575941542e-5,0.012293635012430804,4.714999446456974e-7,-0.013802438489796068,0.0026062569010814655,-3.1860853354558635e-6,-0.002793832212569094,0.0010808934286931865,-8.526049310313903e-8,-3.369446569991674e-5,-0.08590537626547469,-0.0002520543966320182,6.019738123398404e-7,-0.00308991921027225,2.2567797757849373e-5,-3.382147718283839e-6,0.00014522512275910176,0.013049988444951924,-0.03488063023327064,0.005761570864260411,1.2651737121107931e-5,0.00012192265952356556,1.2351874691614757e-7,-0.00027469860914118186,0.001522219284441938,9.98269555184441e-9,-0.00023024295491431287,0.0006511012338859284,0.055561462652586005,-3.1202430765409077e-7,-0.028741173018711357,-2.695439762220882e-7,7.266639753142183e-6,0.00023110892882423527,0.0005719372581587217,0.2645405751053732,8.025438361426787e-5,3.001244155941821e-6,1.869899576681315e-6,-5.138418270755725e-6,-1.305565098338497e-7,-2.2274745934521095e-5,-0.00022599619534113526,2.786482602387039e-6,6.309660615377627e-5,-0.009551362759954593,0.00010490266115122038,0.0002696044232954517,0.02774158952932784,-0.0016495844458424922,1.1281007418590993e-7,2.4815733718573618e-8,0.014703669909699887,-0.0753774076134275,8.594052675696854e-6,0.00019533392713103206,-4.862524667657656e-7,-0.00026671042638191873,-4.4741264805222086e-8,-3.7768467740718107e-6,-5.969858401414624e-6,-1.874487699140017e-5,3.1670609947816884e-5,-0.03751457063285991,1.163709661790703e-6,2.463189809211187e-5,-5.995193969273148e-8,-0.021818199370611413,-2.020046597877938e-6,-0.0006533640121782592,-1.101820240851753e-5,-8.318342534238328e-6,0.012846339320606552,0.01166067292287862,-1.096488576806389e-6,8.677233162738621e-5,0.008343280764989558,-0.02035217166659892,-2.3454794668888942e-6,5.693746380159453e-8,-5.483098441948919e-5,0.0003733871619291289,0.0053420688393220235,0.00851432744303169,-5.138104123935348e-6,-1.0205248160172311e-8,-0.0010538297620478667,9.366260495821168e-5,4.048232384739651e-5,-0.0033591349905556208,2.5337988421071292e-8,-0.013711066349020907,-0.0026417378879432653,7.867571823361141e-7,0.17809550889176526,-0.000169641270637284,0.0014111089634579225,-1.451357082236841e-7,7.427197030267808e-5,-0.010662522154536965,0.0006197665022007537,7.341527145602606e-5,-9.64545409291661e-5,7.012801462309127e-6,-0.0655707234493684,-1.8633706596413288e-7,0.003020670394495441,0.0002695182328436537,-5.3264818890897085e-5,0.00850538032324859,-0.00015776483870432262,-3.3207470792209363e-7,3.5756591605124964e-6,9.83835574901861e-6,-8.446587218389605e-9,-6.42209666670025e-8,-0.041421530831918296,3.311134501632538e-5,0.0017497199375469145,1.9324942642130887e-5,-1.0879491169823389e-5,-0.0011604939176917844,0.014261909450804432,-0.02594100659142395,5.214827163909939e-6,1.706315410401133e-5,3.283108027690741e-8,-1.9063177391098305e-5,1.6967078528717202e-6,0.22646948392731445,-0.0008115345662618966,-0.0010007779133937042,-0.02208293155006459,-3.736423946168458e-7,0.00029471987359724487,0.06291654249713041,-3.127097059046036e-5,-0.00022085464495227167,-2.859960352296165e-6,-0.0014520207474804723,0.006467256613733911,-2.2967109244334626e-5,-4.0085674238132834e-5,1.1959190721445501e-7,0.0016540069570778902,-6.492855398527219e-5,-0.0011095730766357498,1.8568466457662913e-5,8.260926123054518e-5,-7.380917142785203e-7,0.013038514891154585,-0.0005249384261455137,8.281268057608526e-6,-1.2417547733075031e-5,0.0036884459624665607,-0.012755645953190418,0.05714009055291315,-7.76407927819218e-8,-0.0007222629545018336,-0.03092383899638535,3.7100338372738744e-7,-0.0004482168985716832,-0.03613847129403133,-8.824218660878353e-5,3.7843992806095076e-6,-0.07004826110318603,-0.003956541478336513,-0.0007133307075570539,0.01155873366114677,0.00020856321055542484,0.00010552244221037502,-0.059913974236568524,0.013064343171008014,0.002568288353567748,0.0001698682810257215,0.0020024486356630487,-0.0003683613848660921,-1.6513002823386913e-5,-4.849338560979933e-5,2.1055594198357e-7,-1.6001262788309664e-6,0.03678666198037797,-0.1093834275937891,2.8531689862147247e-5,3.794124533594994e-5,-0.00011878054361648989,-1.2048213287973064e-5,-0.0006241648266183407,-0.009148955676481985,0.006640427108867912,0.0008564069252741919,-0.014004835844955823,-1.85066898477799e-5,-0.021523851500914785,1.4311698192159839e-8,4.461989249046904e-5,1.4014425497857553e-6,0.00886854996024069,2.771549606222286e-6,-0.08337518715440241,-2.309044791347529e-5,-9.181393836208234e-8,-0.0010942512332239823,-0.008017790092398929,0.001792558191799241,0.00043470320811553537,-0.001061324961354635,-4.6518421344948283e-8,-5.5627993747258914e-9,-0.012730465916013194,1.852833314160191e-7,-3.428507022094235e-8,-0.002795420946478336,0.00027758451332311214,-2.2816303977240955e-5,-1.5442160109008774e-8,-0.007943991619023642,-1.1093468819142917e-7,1.6249567643511646e-5,-1.2026612829649836e-5,-0.0022584712746811144,-5.132076536508837e-7,0.008186622575250947,2.2105639824461e-5,2.6568934355313715e-5,1.5009097388411547e-5,-1.8192303963663877e-6,2.0471195049484987e-5,-1.784411263421538e-6,-0.03425584410156104,-0.005288089191845423,0.0013315666926062948,-0.00043104972266390314,0.0010374998481751379,0.12746725611053003,-3.6324756499650364e-9,-0.03313405708207008,-0.00013227151893095896,-0.00034433753641516414,-0.000992214768246658,-7.715524866899404e-5,-0.0021259679116212094,1.8014991959305017e-6,-2.8879364903984264e-6,-2.2991949972683082e-5,-0.004571438341961404,1.4433013187360452e-7,-0.0003851120104387839,-3.141442374471266e-5,-8.983408411380736e-8,6.4950600684611775e-6,-5.720855986627307e-7,-9.708576858396397e-5,-6.133449770777139e-7,0.028083820463603953,0.0002388095859975542,-0.00026681845804264347,-0.04710212412909916,2.5359689416984522e-5,0.00019921978140701973,3.163535202117082e-6,6.477164624661523e-7,7.795452664578317e-5,0.0033993205096498713,-5.793320535669656e-5,-3.631331485487339e-8,-5.0197659632426586e-8,2.1661480288721446e-6,-0.0013808038974261999,-0.023000666151283402,-1.4434560224948857e-5,-0.00020530050618308823,-5.879176180560597e-8,0.00823319828091747,0.0016715467125994166,-0.0009382912027767045,-2.341622643102779e-5,3.890830432047288e-5,-1.0668027275232067e-7,0.0010693722871912739,1.2952751655392732e-6,-0.0002850178461243728,-9.976076666817491e-7,-3.9159213208395216e-5,1.2208523258915154e-7,-2.9242706821747984e-5,-0.00014109152639774861,-0.0008176618172625654,0.00047323254814526905,-9.573975572860544e-8,0.0003902075482382282,1.4295438734394065e-5,-0.00022668601754356914,-0.00021860441973659315,2.913604922266932e-5,0.0014625185845562852,-0.0016998043564116722,-3.7840161530614157e-8,0.0007819159560685131,0.00776010028110753,0.0007170034685799768,5.538408576777031e-6,-2.349108344260047e-5,-0.00028531543588415577,0.0023151715776824635,0.0021000471706637018,-0.006512419456584269,0.021036276853593116,-0.04997658516863315,4.65500317719457e-6,5.101871726621707e-7,1.6413906859835883e-5,0.005575513308000256,2.837091436238125e-7,0.029209741987326752,0.0004946275218917298,0.026077985311934844,0.0011292913111324069,0.12125895490713183,-5.324935915806912e-6,-0.00011974495013582994,-0.00034585324942259523,-0.0003668317770907137,3.0481470284507976e-5,-0.0009723794055682198,-0.08858080596844055,1.41316383312989e-7,1.6787561111935775e-8,-0.06662104111240849,6.281953914016662e-5,-4.616604846926262e-8,-2.131528648200248e-6,-1.53524232642356e-6,-3.1124007563842736e-5,-0.0002882078415280046,0.00017380762647240105,-0.001453907845350343,-6.150434348845559e-5,0.09722920233370046,6.708310632518869e-5,-2.5599993761153446e-6,-5.841496367761149e-7,-0.0001154307249242377,0.03896674496901075,-4.384964316082721e-7,9.152332434915031e-7,0.04955380167476975,-2.9862931373507403e-6,0.12542515414690128,-0.006257526330062848,3.7916735074866676e-6,6.238610527971796e-5,-1.981225934453987e-6,-0.03402040907985231,1.0864879876382213e-7,0.00949897883099415,0.01514584274020028,2.5891837171271966e-6,-0.02416508273922216,-1.8766119123435115e-7,2.2399034895212544e-8,2.3386972350600694e-7,3.093246578707646e-5,2.6035135882262233e-5,0.05510703824258221,-0.024663261004748534,4.057022432313669e-9,3.787646089885229e-7,-3.069685078529083e-5,-1.8444421994477109e-6,0.014622108355603444,0.00018168619788574227,-2.385468929330904e-8,-0.00043333104178896987,0.00037464019274108365,-7.020557074987811e-8,4.2980182477523867e-5,0.012386405546189668,9.411990781281401e-5,7.702266919038241e-5,-3.7556701335519142e-6,-0.04226703708832579,-0.0007262761618786961,3.6779463266587373e-7,-0.00011694767907027571,-0.0001598818630979746,3.081801599652714e-7,-0.0005897389810272635,8.268940163097838e-6,-0.05237005350331251,-0.0041312399949078316,-0.019192799954995857,-0.0004350528478088096,3.1208367776514545e-6,-2.923704756407133e-5,-0.002254943685829933,0.09642723189436789,6.784153887270276e-5,-9.93934960695198e-6,-1.717677434784991e-7,5.647466987863057e-6,0.000465450164549049,1.9879038107216657e-7,-7.317437612854806e-7,-0.00044829922551863354,-3.681984547756211e-8,-7.113903586044936e-7,-0.0013660980299245757,0.004130218565662692,-0.00010691542077807786,0.0005201894566304843,-0.0005754307379597878,0.00876428327044848,3.2907259070906946e-8,-2.2098680950633385e-5,-0.0011220665301630078,-0.032960244461548806,0.03649856173702006,-0.04525728517721038,-2.816058567634038e-7,2.1999962619598651e-7,-1.084236829794724e-5,4.245698561637815e-5,2.288131123481749e-5,-0.0014836388991225054,6.195881613613211e-6,-6.814379320119833e-6,0.01963942600906409,0.12878175779965684,-8.798295679783581e-6,0.0374994235105188,0.00100339982057094,-6.4841605600379655e-6,-2.7833995478930204e-5,-6.51773999676424e-5,0.005167664508507603,-0.011925590306013483,0.00528426998557186,9.309053983528634e-5,-6.8030703666481865e-6,-0.000199773973320118,-8.698865147000246e-5,1.2798360770720157e-7,-0.0029971929436266326,2.2298504244428968e-6,0.0008832322967297655,1.1127457192023603e-5,2.0151519586622897e-7,0.00440381399362417,0.0005217682441460153,0.02423304141476553,-0.007267595117576196,0.04405220887419304,-0.08581235596298555,-1.7099949097217047e-6,6.56675781930594e-5,-0.0012403564732552397,-0.000856841220484718,-0.044400031881888076,-0.0011902936203100239,0.0036041652839562664,0.004971532847099802,-0.00011691834782627276,-0.013890625989853347,5.737466979842684e-7,0.002335959145285083,-1.987217834156934e-5,-5.4546915343481205e-8,-0.0013329857236177973,-2.836844899243685e-6,-0.04743419795297083,-1.2282285949501546e-7,4.177939841323758e-6,-0.0009481185651456154,-0.0009996084024958564,1.2858755193751094e-5,3.8045803008969127e-7,-5.351799607783759e-7,-2.096035459565726e-5,0.0024361544306716765,-0.00031097772838741894,0.01229805453106143,0.0010171410365926383,-1.1474362474370942e-7,-0.02157120143107345,4.967753675203808e-6,0.0014443889051271072,0.0007813376754347143,-0.07030987310628249,3.4518295407671126e-6,0.000517562611760505,-0.04722027885162146,0.038294032458198304,1.4771417307996498e-5,-0.00027738133612057597,0.006268305953233758,-0.00015720968080100054,-0.00135079287049413,0.0038419641083942144,0.001250445579090899,2.3811252579439555e-7,-0.008377674096139464,0.0004941732979186933,2.134740236274627e-6,5.475459877054891e-5,0.004231928206554692,-0.00011142597675904933,0.000108431407726681,5.331572870807421e-7,2.5075869930797693e-8,-0.002877945443641099,0.10760746620657945,0.000750549063388234,2.4292837934821593e-5,1.5465243083087783e-6,0.013887230313638654,-2.537373565747068e-8,-2.873391667248358e-6,-2.9874850919441204e-5,-2.020769872276177e-6,0.004152428613936254,-8.494716964541374e-5,0.01598233261122891,-0.0008896550596556234,0.0019554439876775707,-8.319087679696241e-8,0.0002728624701414721,-0.006752621417951388,-0.009094375562853994,-4.537283177374512e-5,8.233128448819649e-5,-0.0002289645833342694,-0.0003780142241976433,-1.0144662889651371e-7,-2.3960742588957135e-8,-1.65023669605475e-8,0.015878463350540464,3.440129826806846e-7,0.016483264659202374,-0.00018065365994835575,0.006583788348352266,6.618985664289411e-6,0.023507675722157003,-0.0010940129773640375,-1.7555042229401987e-8,0.11638317519662393,0.011652121508259256,0.02353083746555455,-0.00022758634888656805,0.00011508383224609244,-0.00032619661023695966,-2.4078379797255907e-7,-0.02718437030723672,-0.00012502041656679911,0.0025113694568344347,2.9515633573153554e-5,0.00012051589454427505,-1.4431809538646729e-6,0.05359515594263366,-2.284944949713119e-7,0.2820027317849428,0.00024317308514339143,7.670772986215953e-5,-0.002547770141285298,-0.0005599694502585864,0.0011887185596497706,0.0029298538846521628,3.759283668713476e-5,-3.4494943745845233e-6,-0.00046319695382650614,-0.030190403662973143,7.249492036307785e-5,-0.0005212198657153844,4.514272849083106e-6,-0.0003644381427159303,-0.00046994336773974367,2.089028820479065e-5,1.6242767877013916e-6,5.621037875914088e-5,0.0008058037913413993,0.0006392247212430217,2.2306169278094884e-5,8.992476318915755e-6,-5.919975613846232e-7,-0.06618175483477483,0.0014489434645534795,2.39889780130925e-6,-1.3540595443097184e-5,-0.002768544646553163,-0.029215911424109536,-0.06025061910259117,-9.108089556549237e-7,-3.0195423463755014e-7,0.0004135610592114215,0.09861783225931388,0.008020106775198665,3.600081063650307e-5,-0.0007347307589326197,0.00769515411347689,-0.003224206711904506,0.00010437619637802196,-1.4426176034781553e-5,-7.572799822209201e-5,0.0004458821700319027,-0.023538724906849173,0.007321933299240664,0.01498622151744675,0.004463002230074335,8.89344193316898e-7,1.885888096428358e-7,7.6149414324542545e-6,0.11071472764763797,1.08721210629969e-7
0.0,0.0,0.0,0.0,0.0,0.0,0.0,0.0,0.0,0.0,0.0,0.0,0.0,0.0,0.0,0.0,0.0,0.0,0.0,0.0,0.0,0.0,0.0,0.0,0.0,0.0,0.0,0.0,0.0,0.0,0.0,0.0,0.0,0.0,0.0,0.0,0.0,0.0,0.0,0.0,0.0,0.0,0.0,0.0,0.0,0.0,0.0,0.0,0.0,0.0,0.0,0.0,0.0,0.0,0.0,0.0,0.0,0.0,0.0,0.0,0.0,0.0,0.0,0.0,0.0,0.0,0.0,0.0,0.0,0.0,0.0,0.0,0.0,0.0,0.0,0.0,0.0,0.0,0.0,0.0,0.0,0.0,0.0,0.0,0.0,0.0,0.0,0.0,0.0,0.0,0.0,0.0,0.0,0.0,0.0,0.0,0.0,0.0,0.0,0.0,0.0,0.0,0.0,0.0,0.0,0.0,0.3279393534212206,-7.016930451253979e-7,-5.510686808485082e-5,0.02363010595418856,0.00023546981841108156,-3.3949873119236525e-6,2.6850180705410656e-5,0.0005026831904711224,0.0002638710827549937,0.005161980325413365,-4.994901395919162e-7,-1.03642806098933e-5,-1.7887930256864185e-5,-0.00173954074371201,-0.0004533097849396921,-1.3815235993941062e-6,0.03539521878431161,-5.023895172896338e-5,2.0385460180971615e-5,-0.0010791483744519012,0.0004745137387555763,0.023103628462860713,-0.004567261653776817,-0.0003030033207949954,2.467672044193864e-6,3.0062797437091808e-5,-0.006637561414653593,-0.00010451327587833945,-3.918353073486514e-6,0.0414626371222007,-6.05046858990563e-5,0.002669762877362672,-0.02743760901320803,0.012156862116671847,0.0009737644477074867,-5.8526364135034695e-5,0.0005648813353008761,0.00014315526599071937,-0.09121043992772418,-0.012896987806979673,0.0001592864470788608,2.1148403958125866e-5,8.584314423254385e-8,-0.00040684111254344545,0.0043889624265752375,-2.5355349197817913e-6,-0.0001364741538178219,-0.0001729979087030405,0.009288677058329572,-0.005730310614511156,-0.0010577296789859505,-0.009316758554689037,-0.010929975456475902,-1.732385858487961e-5,2.545934655395494e-6,-3.4991145000005694e-6,1.0798813311386074e-6,2.1065264487422104e-6,0.002146167718957121,-0.03447185462737059,3.863393224778328e-6,0.0010005250704725847,-9.252435761876312e-5,3.902646542419532e-6,6.075414767323615e-5,-5.80266906108099e-6,-0.004419505192574385,-9.849266460547006e-5,0.000350459202761639,-6.904855194635986e-6,0.13798934020015532,-1.328622652663574e-8,4.375978575582552e-6,8.028933121143118e-7,-0.007618930056778664,-0.0001439741445498628,0.00010220258512233665,-0.014873395291738365,-0.00039759943685673855,0.03967832099238955,-0.0002762055713113231,0.0010583526838058314,1.289654965773641e-5,0.0011931494836762806,0.019529966364849972,-2.237624870718833e-6,-0.0003691530583784036,0.008223454187663223,-5.823380679110788e-5,-5.146382253461814e-6,-0.018395274455352596,0.0005171159672581091,-1.785143971017803e-5,0.0009217085243259499,-1.993911817050062e-5,0.00014265686492182653,0.015033447983779301,0.0396937672676244,0.015009603401942281,0.04767483864050307,4.1542313982591324e-7,-0.0005115446363219971,7.69496346901733e-6,0.02013004655536111,-5.62397935996691e-5,-4.313757574800803e-7,-4.207982242706544e-5,-0.029968961168340687,0.015683146103802573,-3.373594309434886e-6,-0.014634390115220282,3.931273493350329e-6,9.320475190909388e-5,-0.00033291153391682045,8.419707271902168e-5,0.0019470800143761605,-0.004307481801324815,-1.8060451245919466e-6,-4.132459388045109e-6,1.1938027422267015e-6,2.5361115635238398e-6,6.392619150206654e-6,-0.00033338342944844965,-7.822480107778394e-6,7.52835479675874e-6,0.17887856648178357,-9.096558778429499e-5,-0.00911542694148868,-0.07667040364938518,-0.00012595048747062617,1.3883179785877345e-7,-9.304958007543777e-7,-0.0013258529196666748,0.019478814978261205,0.0002448722756853543,-2.4906113890205105e-6,2.021193805977224e-5,-0.05708924456999316,7.334373301393884e-7,5.727671015523668e-7,-6.116397466471649e-5,-3.6022325438323128e-6,0.0014959246540696258,0.005942098309590797,1.1821302213712784e-5,-0.0003003539781791431,7.925149841548498e-7,0.0006924899594713209,3.574917422545474e-5,2.527406006562125e-5,0.0005849430879733949,-0.0010415718870117198,0.0004585832996643705,-0.0024586923295172006,-3.037539887946017e-5,0.014041976770863204,-0.046595906915334856,-0.010322724796786004,-3.831772842792044e-6,8.940093939451489e-7,2.4672250793932718e-8,-1.1879283822045648e-5,-6.257535240056294e-5,-0.0392108298631475,0.0001366957263815654,-9.59465740179974e-7,0.006250009612967556,-6.0388382947574405e-6,-5.764324868035494e-6,-0.044160307049775915,2.676479168873923e-6,0.00047424369209498614,-0.02714513147467596,0.00010155391066768426,0.0010030108110002682,0.015784694784213862,0.00036643131799907327,-7.663008962253548e-6,-0.0017828483168752971,-0.023563551931210142,-3.390309397239637e-5,-0.0004811282154378653,2.242362821797588e-5,1.704876729921574e-5,0.0024120516305375077,-4.30784831626689e-7,-0.0004402078737295975,-8.110876971950424e-6,0.00011768676046223057,0.009745279918406156,0.00031663588640563477,-3.511835881824993e-6,-4.931053957358468e-5,1.1877646859830336e-6,6.104390523355597e-8,1.4875313513264273e-5,0.0016202911765165109,1.1034709734717535e-6,0.008652076653848725,-0.001700411576365544,-0.0004930471207843773,-0.01497519445928272,0.0018513541041383528,-0.005125463362067655,-7.535581888171302e-5,-0.0017288028554710646,-3.1849171016545327e-7,2.535778308320858e-6,-1.7507501053687314e-5,-0.028324128037415092,-0.0026688286762548146,2.4069478633680513e-5,-0.0006835011299590143,1.726629585790631e-7,0.012231194570621783,-0.06803608872756171,0.0015976820845442865,-0.00033530319110162423,-3.801413108407668e-5,0.0007081098527318209,3.814970003234227e-5,9.02730028050125e-6,8.547278624271387e-6,-2.7302640686001806e-7,-1.992774176112437e-5,0.0009855711596191295,-0.030706777661799037,-6.230732991251828e-7,-0.0005090837393036714,-1.4078068789909017e-5,0.0032648189063385047,7.590026519024001e-5,7.186315747753017e-5,5.8056233038234154e-6,0.001053928083694087,0.2375700379970654,0.015414677359797763,3.869227405858832e-6,-0.00010934135285946347,-0.0012672487146299053,-1.7470295048804895e-6,0.0010758577327586072,0.0022671984551763456,-2.5569178580758567e-6,-5.188667504630259e-5,0.027429817294570117,0.00021691191049295235,-7.869009572082743e-5,-0.0004921738572748179,0.030778897787739058,0.0023377374854031438,0.019838582059541403,0.0003036802883735825,-0.03222600583314257,8.426765265465555e-7,-0.00020493104791881553,6.850020643821305e-5,0.00025930935386275257,-0.0006175516373929359,5.791180759074284e-5,-3.4896874898976483e-6,-0.004687549993531294,-0.00544520019680757,1.0625759950762682e-6,0.008376569352445058,4.582910266228839e-6,0.00016982931054559228,-0.0001179799287716842,0.14881156262422732,6.312159024733508e-5,-4.168551758649954e-5,0.000277700419466931,9.65037714557546e-7,-0.002162134411127962,-2.995709170725358e-7,-1.448486648460599e-6,2.536264776316684e-6,0.022815974199620455,-0.00022072831388731296,0.004701696014978705,0.015369214370715143,2.9127751451046944e-6,0.18187579487533256,-0.009232959532241656,-0.001505000726823487,0.0025192299492442236,-0.02348515209383039,4.790511549540165e-7,4.135351941965101e-6,0.005137958587002337,2.4886977404008168e-5,-3.1625450952552866e-7,-1.454425380765335e-5,-3.69044435182468e-5,-7.574407661458677e-6,1.0289137977399243e-6,-5.459051979556395e-5,-5.48147874388514e-7,-3.0379407362810834e-7,-0.00015654413628456057,0.02488048373851622,-1.817648243475328e-6,-0.033415256615579675,-5.454504916065028e-6,-8.266702942959772e-7,6.682579325293442e-7,1.8848087004280133e-6,1.1335685562822227e-8,-4.712912743676662e-5,0.0015293217618182822,-0.0004072525892686155,-0.01804427934712534,8.908604822416729e-5,0.00010436797666937066,-0.004893856460260836,-1.1297354553327367e-6,0.014551660964877144,-0.007893995531364729,-0.015056694611392954,-8.759541710346721e-5,0.0013046761321097715,-0.0003999509536460894,-6.061371556535332e-5,-2.352555309276214e-6,1.2344736519020242e-5,-0.0004827625860436598,-5.423629519036633e-6,4.142799362320054e-5,-0.00218973249679806,1.4213829780284384e-6,5.0559004247128816e-6,-7.736107119497783e-6,0.0021075047601747795,8.032423805156554e-6,-0.005549785639960343,-6.301749344105015e-6,-2.84964388658014e-5,-0.017116380517912946,-2.8407418509474853e-6,0.0003006028396315786,1.7538488527717754e-6,-0.00017336723478321903,-1.5830463219859818e-5,0.00015955573900499202,0.00011144768964292417,-7.875510644976693e-7,1.008193237616088e-6,-6.234195624899712e-5,0.004113269423671792,0.0028683921941262485,0.00033773690362112475,3.1904755136866894e-5,-1.9695115464116014e-6,-0.0019193966292924013,2.394801216201919e-5,-0.00018649210372544424,4.9552044800845985e-5,-8.888888745053546e-6,3.90344696919721e-6,-0.014238465095371524,-3.491741238479371e-5,-4.552365600482984e-6,9.018591194874121e-7,-7.6008548383210105e-6,6.119920817425956e-7,3.3403630971825353e-6,-3.6805164541163446e-6,-3.9879866085644624e-5,-0.0003054642197169182,-2.658922432261756e-6,0.004039416982112368,8.511518134753284e-5,1.7147530722852733e-5,-5.121740848420311e-5,-1.4364390441958083e-6,-0.006620736896289916,-0.0001230252715092201,7.507927959130257e-7,0.007386924908395179,0.12714293848133396,-5.8576097284065226e-5,7.147155767488043e-5,-0.0011285646224033356,0.00011930660975345107,-0.00020416003637089363,0.04249860775140248,0.09466443950129819,0.04108805334783809,0.014806160503342734,0.000174926801946592,9.978859665679666e-5,-2.2483497607871492e-6,-0.00010151452923498922,8.637383528055123e-6,-0.06980073369957097,9.607426046024766e-5,0.013210458561463335,-0.007883676294490806,-0.02924236954331389,9.44544333797378e-6,-0.002035348726211893,0.0007370841240354115,-0.0039539969777115,-4.45265963255852e-6,-0.0039004634104536,0.014697704841506874,3.401511076137627e-5,-1.2219574637138767e-6,0.03948096281411878,4.63565599534835e-6,1.2013821733559994e-7,4.9573844455502853e-5,-2.1414716411954593e-5,-0.0005094068730012476,-0.0022168774952530065,-4.3237726539943614e-6,-0.0002169432403925771,0.002512719252593883,-0.012001620806342978,-0.00030221970299051655,-1.0723368055505995e-5,-2.4916940832389867e-5,9.559160818777831e-5,-0.07831218269375884,-4.901460037884523e-6,-2.9636807293631625e-5,-0.0029381212610191743,-9.846713204224506e-6,0.013973596148741285,0.07949656716637499,9.46909947929479e-5,-0.003992311619464559,-5.5475023855495365e-5,0.020271979079237633,6.677722912236101e-6,-0.0002199717032738016,0.00020605298803550348,-2.4806956310874886e-5,0.26481878074547255,8.448411538278595e-5,1.3353758235518071e-5,0.00011538631505088148,-2.2551327503395397e-6,-0.000384844960029328,-0.014714322832273845,-0.016383200056140648,-1.6046890649636754e-5,8.695176063431916e-6,4.059626311655438e-5,1.9042485066546846e-6,-0.035829232323648964,1.2171401135580322e-6,1.0189352044059252e-6,-6.570261477991179e-6,-6.250121464531307e-5,4.753218081455752e-6,5.895348624674902e-6,-0.03410638269688107,0.00017758742557543903,-0.0009289973040298632,4.140688064031257e-6,-0.0019155920069930164,0.01456714593197137,1.549437057727344e-5,3.260430876966114e-6,-5.8713165917299124e-5,6.417293403223865e-6,0.00011355268008110218,-0.0018001310366951783,0.006447027083234281,-0.0015668615478421429,0.1812773174248076,0.0017706818944977158,-8.984030843464036e-5,0.0013784113508163998,0.0010712417500350056,0.006378445516946451,-0.0005431591828431807,0.00037158285984107044,-5.8782015906959995e-5,7.694423524059457e-8,0.00019058970834544492,-1.738037785562229e-6,4.967207188457036e-6,0.015652037025369693,-7.878187081918851e-7,1.580288629103976e-5,0.016622686045920997,0.01837111320030692,-0.00022175067753730444,-0.0002935474354504785,5.4210074157879984e-8,0.025482034257603682,-1.3759580521265765e-6,2.509451995739456e-6,-0.01750516426186426,-0.0025036922830758116,-0.004797357278075824,0.0025246383650458456,-5.251675359287725e-6,1.3910390072321273e-7,1.741485102862985e-6,-2.6215042183178227e-7,-2.11435969053367e-6,-0.014385836572343004,1.2689602961031632e-5,3.536987106221099e-5,9.575685362337143e-5,-0.008123402615246049,6.629064788410435e-7,-0.005476504615506693,-6.155494457308971e-5,3.613246625020755e-5,2.030549366639643e-6,0.001199431985654413,0.035458589880501615,0.10372115059029109,0.00016131582065773636,0.0013544632798881664,-8.680249964911231e-5,-0.004246181942505423,1.4005233960115374e-6,-1.2261297822933292e-6,-0.000264272046445279,-6.437559238875912e-5,-0.00047133803765551946,4.8060086119109494e-5,-9.35881146552765e-7,0.0004906383955937723,-0.05127723958942162,-0.00025786907424947656,-0.00025320556975516405,-0.052562263593486015,-0.0030105783075831056,4.436350440220822e-6,1.7029115403990552e-5,-0.00011494980831708159,-0.004590901372280834,0.003029533979158126,-0.00013888704573322252,0.0007113291987857192,-0.0003587800780514511,-0.0006027244855587504,-0.0011224635438059152,2.9317528678604943e-6,-0.01629276131944014,6.249283208464477e-6,4.5693909834593805e-6,-0.00015237249697868307,-8.249221927364571e-7,0.0014509008319480684,1.7303589770324644e-6,-7.29243747917207e-5,-7.493628682436492e-5,1.0552493401723495e-5,0.0020747436541730586,2.0652713771274045e-5,1.4761325053848197e-5,0.0010570854661467882,0.004110956925533087,8.008432822310062e-6,-0.015179457011938624,2.4544486902476895e-5,1.7908854150189422e-6,-0.023473945800577396,0.0005504430114006152,0.0044848007330387215,-4.120363569323887e-5,0.003765166553421788,-0.00010617218746606821,0.008899882211116794,0.01067980615274619,-0.022413381177260553,0.00015232132168648837,7.80374310530182e-6,0.00046229846627677233,0.00015381199071140358,-0.0037716619547593856,0.003834223935756471,-0.010466319953314507,5.085103298823377e-6,-0.0012006026824908016,0.0053004973788342005,6.843203137688221e-7,-2.278718041064293e-5,0.0018011425266393159,1.2467434208576759e-5,-0.0010769304898483856,-1.4410731427369619e-5,1.944847107516568e-6,0.001954707978520447,0.008180133114056708,-0.0003339536165682351,-1.654694918294106e-6,3.2287603274244874e-5,-0.003689960624118092,3.610938062030919e-6,-0.0029979515978948625,-0.0013582858140974467,-3.442600166107604e-5,0.00018467898266494157,-0.00015693760294186642,0.002202103134122362,-0.0010411535567280785,-0.00017140765772550752,1.2750189183858003e-6,-1.999030252077655e-5,0.22920426628510535,0.0013363829766630188,1.2054884377983653e-5,7.895292196032645e-6,0.031438259204591146,-0.02224384824986651,1.0523807894757608e-6,8.247258048207013e-7,1.0820376553227025e-6,0.0001915845017058939,-2.286970128417172e-6,0.006959216825520255,-5.111491462547402e-5,0.0007194816253286666,3.7962994193858854e-7,-0.05210106963419593,-5.4887667900997365e-5,-6.76855854979511e-8,-0.0004990821030237127,0.00023569356745165577,-0.014256747987645096,-3.625613014914202e-5,9.635969989374288e-7,-2.8710991674377755e-5,-9.71228253376606e-7,0.001978628175212615,0.00018043818868330227,0.012891803683062392,-5.758479486735258e-6,-0.004523139639830169,4.586391885095019e-5,0.015708068797321055,-3.6050570045625543e-6,0.009960387676550424,0.00022426144341230735,-0.0003289920105714563,0.013554631638696552,-0.0053790938332584515,-0.00013731618050380205,-0.03670625685258936,2.445720784693595e-6,-1.0202511046425128e-5,0.019174490013949642,0.0036157184250945515,-0.00015073236726808996,-2.5885307553652525e-5,-4.606939471682308e-5,-5.823060741936067e-5,-2.9014941637811846e-5,-6.639111613585164e-7,7.945266129511133e-5,0.0013045963672270035,0.007074765551247722,0.02476350447387761,-6.3645244906840065e-6,-8.731256057481117e-5,2.391316640863421e-5,-0.04759525490897873,-0.0003926905588725784,-3.518074429361429e-5,-0.023026650722455994,-0.03107669451046613,0.0021569175734485898,0.0009761390316351169,2.0186800972341093e-6,-6.950724895658477e-6,0.0001601787466934074,-0.00247265475624145,-0.01911546233502191,-0.00011384429720320535,-0.009494814135559587,0.00027023458254986984,0.005648587750564168,0.00015952900503588439,0.00019065136158668013,2.319444122190012e-5,6.361078797527865e-5,-0.0011703523995370657,5.429663416519014e-5,-0.002954555195380454,0.0003640202508061165,-1.758139977345855e-5,5.922715706605789e-6,-3.3041198997941837e-6,-0.02936525158660419,4.372390638045695e-7
0.0,0.0,0.0,0.0,0.0,0.0,0.0,0.0,0.0,0.0,0.0,0.0,0.0,0.0,0.0,0.0,0.0,0.0,0.0,0.0,0.0,0.0,0.0,0.0,0.0,0.0,0.0,0.0,0.0,0.0,0.0,0.0,0.0,0.0,0.0,0.0,0.0,0.0,0.0,0.0,0.0,0.0,0.0,0.0,0.0,0.0,0.0,0.0,0.0,0.0,0.0,0.0,0.0,0.0,0.0,0.0,0.0,0.0,0.0,0.0,0.0,0.0,0.0,0.0,0.0,0.0,0.0,0.0,0.0,0.0,0.0,0.0,0.0,0.0,0.0,0.0,0.0,0.0,0.0,0.0,0.0,0.0,0.0,0.0,0.0,0.0,0.0,0.0,0.0,0.0,0.0,0.0,0.0,0.0,0.0,0.0,0.0,0.0,0.0,0.0,0.0,0.0,0.0,0.0,0.0,0.0,0.0,0.32228582961823493,-0.0244422344231121,1.7224200760483812e-6,-6.906177411075758e-8,4.863341681570627e-10,1.8404890796364055e-8,0.0031317661708359,-3.839584442610674e-7,5.2707147506643424e-5,4.4090104578558194e-11,0.031816206142044674,-0.02694237500216704,-7.9325542520197e-7,-0.011002609846982795,7.60263805714559e-11,-2.0454022537485666e-6,-0.023012365602977432,-2.8609852424762743e-9,1.3799059394058063e-8,-1.0695359489677432e-6,-0.00030606495405712734,-2.608845717582717e-7,-0.00042040239512382554,0.0094597692947147,1.8538609759641073e-8,1.0859215301094961e-5,0.010152569656356235,1.1794392653314387e-10,-4.71493283901241e-6,7.127560757044955e-9,7.731182459416768e-7,-1.1377119796038584e-5,-0.00015403866484467064,1.147851738647353e-7,6.785910110870201e-9,-0.005817411251195401,-5.63868015717734e-9,0.00016534624424259894,-2.297823603396907e-6,-0.0012858222714054264,0.055135798593647214,0.0026508054975133808,-0.006428509398601753,1.4873422173020342e-6,8.455855772876582e-11,-1.553178663912573e-8,8.085201862159595e-9,-0.00036764132863470207,2.4484695449933062e-5,-6.844042753864577e-7,2.102714372341973e-5,-0.0004733412838730115,-0.004666307471817818,1.1962744196554903e-9,-0.0279987413490267,-7.339146573724096e-11,-9.222365693130689e-11,0.0026770636549571956,4.797812025013944e-7,-1.7220279559283825e-8,1.4528265413777153e-7,-0.017300698652546406,-0.03283421859466653,7.787652421855892e-9,0.005348411356046762,0.0007728282138009487,0.1654734324793412,-0.005285375950530944,7.818553096601467e-8,-2.2762703757947615e-5,1.1088591941951512e-10,4.399911403390146e-10,0.154282749817097,-1.4945559735553037e-6,1.370339033774503e-7,3.0791449526842107e-9,6.943277619504981e-5,0.005628603890376149,-4.8731563778575194e-5,1.4437479911725875e-7,-0.0033886369971479085,-4.4709498865779926e-9,0.0010547363082883596,-8.253509377357338e-6,-3.3902793690979516e-9,-0.0015204689575108357,1.03235294113539e-6,1.724554948880201e-8,0.022313822030033074,-5.783430931716748e-5,-2.9728917433181167e-8,1.2340425237697754e-9,0.002658143071339203,-0.02374053325595352,7.981513850912259e-8,1.602300025097357e-6,4.2772047890407124e-5,-8.513439722886336e-5,2.5442825179706254e-5,0.007749433368528419,1.8085302718515215e-8,-2.4824123596653287e-10,5.2395620333520155e-6,-0.0026720026788701187,6.840387197419303e-11,0.09936236304849215,-6.705644432587874e-6,-0.00023557761371509195,2.8519986625449734e-10,3.429362328952949e-5,1.887631611482394e-9,-1.9026933979313074e-8,-0.0018180274820101228,-0.01176429698362665,-0.0005253257158623391,1.5177900498201973e-7,9.979381063610055e-9,-0.005167058382392979,-0.0019450573518797645,1.1408073949462663e-10,-1.1365907909468236e-7,-0.0002648755258470019,3.777951134933039e-9,-0.01118635235453653,-1.648128573135532e-5,-0.0015707100603710132,-2.631093699277427e-6,0.0001383594545997609,0.038497473856948024,-4.7579177696837823e-11,8.614798878376393e-11,-0.0004172256719005165,-7.930819218571817e-5,7.001778021571287e-9,-0.00995493947487029,1.8019833639161889e-9,-6.126840063002633e-6,1.5177296273304836e-10,-0.0009216058248485207,-7.078844605878624e-9,0.01919812364032261,-1.3611811143017472e-7,-0.0003247006816345898,-1.0395116990487305e-9,4.713785371093937e-8,-1.3533777644340792e-10,0.0033094263022535224,8.670495310984666e-9,0.012062185957621895,-8.3950705992297e-8,-1.9869616128730446e-9,-0.010422669883804454,-0.00033671980487383926,8.007003306431871e-9,1.7361677659193343e-6,-5.116474386099987e-6,-2.0983786223863814e-5,0.01825790355326112,6.647216510235729e-11,0.008424312898073215,-0.0616541833915122,-0.00018120918926888625,6.150675201071461e-6,-4.947527290606546e-8,1.1647009785519837e-9,9.839510442893525e-6,-0.009313612761347269,-0.04664784211476738,-3.2224642813872685e-6,-7.702127889241347e-11,0.00213362257965868,-6.790320127755658e-6,0.013995667683825014,-0.00010810152719855051,-4.641456782367544e-7,-0.0022097713344485887,7.746275353069707e-10,1.0958552767342283e-7,-3.3850905640554557e-5,0.00424508483073141,-3.903527074893636e-8,0.08665309848475974,7.15942309037107e-9,0.001024415926329508,2.3991717083142048e-11,-0.009352075987371292,-0.012159685729407217,-1.0476334808399622e-8,-6.015421169833791e-6,-5.918321545987523e-7,-6.432879886467449e-11,-2.9030911368244998e-8,-0.02469071429044861,-1.8459383349387083e-11,-1.6636204991683748e-9,-2.2682626378611862e-5,-0.004644529900923886,3.592700445645712e-6,-3.1896625722595586e-7,5.407495357971099e-9,7.618269883372226e-6,-0.002011781088646511,-0.00020622391557340665,1.5942184196640142e-8,-3.644385230378287e-7,-6.061411324758162e-10,0.023098783692223936,7.879275200612314e-9,0.00011821368527601008,-2.020763727790698e-6,0.005950361390690336,0.0016274332515924057,-6.366380048397543e-11,2.165796648096553e-6,7.514048402630915e-5,5.842315481339936e-7,-0.00313234567968809,6.3257658828868504e-9,-1.0729239038776764e-6,0.0007937043589070513,-2.4717921647075442e-8,0.0824308040819912,-2.5057804391449244e-11,-0.044390658163484406,-6.37932648770872e-7,1.3465619278593312e-6,0.001963978960577942,-5.936984234804855e-9,-1.09720079653293e-9,-2.042750023806981e-5,0.005105659153578845,-7.141924257779845e-9,0.03597828330676927,0.0003898055464594604,-5.284475791934294e-6,-4.71907073556347e-5,1.7935380066266127e-10,-0.01724889627844256,2.9905230692649034e-5,-6.758781392113353e-10,1.9364514418133332e-7,0.001470388680679401,0.01267218798638968,-1.2651882109972922e-7,-8.94653032092782e-5,-0.00027785150792691496,0.015507451716792514,-4.0355369913503924e-5,-2.6671033316143127e-7,5.343036702714972e-7,1.0020003313759242e-5,-0.004018581073773028,9.591786261081235e-6,-0.02857183445082473,-0.01071832677952232,-0.005398706949359012,5.1164311547955775e-8,1.107301602389082e-7,6.502958036081785e-9,-1.880983346135187e-9,0.0004776683295737103,-0.00011680151353333384,-0.016996950909741883,7.670712726407749e-7,-0.0036748534742826232,-3.128308526980773e-8,-0.002653857641331993,-5.76804244793776e-6,-0.007712810211063971,-0.018171067147118823,0.0017379967609109936,-0.0010598700579313193,0.00043785264200647275,5.708698406964909e-11,0.0003528081552999715,-0.014314864933817988,5.265370307940986e-6,9.013396342682709e-8,-0.00011997273145730587,1.1382659268343841e-7,-2.6670391549963677e-10,-3.6060504364683748e-6,-8.808326968803956e-5,-0.00035833265006336744,6.476872686180463e-7,-1.303801456637472e-6,1.977131964960298e-10,1.4174040985129002e-10,2.4990458049778665e-5,-4.980903766262272e-9,4.203497438115512e-11,0.00040162338736483475,-0.04139688004717872,0.034544195910395765,-2.137048039663628e-11,0.0011588783088578962,-1.2204603865841406e-11,0.0039726626315894995,-8.842787162771549e-9,-8.275404714184964e-6,2.5722544493510815e-11,1.1933583551191119e-5,-0.010864424083417298,-0.024875258727645306,-0.002052526549008593,-0.014166603490338815,0.0017884430260623702,1.5276685353388148e-8,0.004416135547294293,-0.0020659519421545964,-2.518780251914785e-6,0.0006060170182221754,-0.023585411790125174,-0.0004879011699906913,1.8769811521111e-10,-0.00015445719451149864,-1.2853289574620117e-6,3.986952018073953e-6,-0.010392703692002778,-1.652817704338186e-7,-0.001260995782039282,7.350648033847469e-9,0.011142282783259535,-0.017336442888402834,0.009562358637036968,-1.0525295265728562e-9,0.00979632923971031,2.6799186305448823e-8,-8.827025058175342e-11,-0.020167864105714136,6.863013966394529e-10,-2.5392511547586153e-7,-2.302121839147412e-9,-0.00037272493904024563,-0.02343262328420582,0.23352073197523124,6.785582965831145e-5,0.0006550475477163363,-1.9001975028952557e-6,0.0011860045427943694,5.659374007843256e-8,-0.028013979983024555,0.0006483549929966767,0.001108414672534184,-2.4151220176875726e-10,4.6909074396299386e-11,-3.3730446370479493e-9,1.0162445123260933e-5,5.174318892475083e-5,-2.0107353109472834e-7,0.1897374781792933,-3.5766260098473893e-12,0.0011168180804974853,0.002274654655290832,-0.0012199683867688473,-3.328193699982681e-8,-0.026245339229629645,4.756540124641559e-10,1.4970644137766703e-5,2.5058423300793096e-9,0.11211456105005374,-0.0039812281475554625,0.029368575324985345,1.7698754292189544e-9,-0.009512579705718803,0.14840577041556163,0.2297064881101896,-0.004435106722813446,-1.5413931364866034e-10,1.108432609562734e-8,-4.7784162652576634e-8,0.22085623659401826,-0.023321358249474,-0.0452904027178933,-1.172929020108044e-6,0.06231358538678868,6.9846904979987735e-12,1.930079745995754e-6,1.3301039349593722e-5,0.004500569831193841,-5.285644747045227e-9,1.4614238843783174e-8,-0.0001821003798953575,-0.004888662648787002,-8.26061382884958e-6,-1.0162079431356933e-7,2.3967323685220882e-5,-0.00018421279607014213,-1.1817294103816476e-8,2.2203856641799717e-9,0.009638182618015466,-0.0012567155212223258,-1.4809687019500972e-9,1.235409583721217e-5,0.007251284288363783,0.00013917831024244935,-1.987108882087932e-6,8.948545107034307e-5,-2.345008629307072e-8,-3.552659509315602e-7,3.0202144869180914e-7,-9.68126433728807e-7,-0.0012487900988000472,3.884793106538099e-7,-0.00015012597312876,1.7913282740831546e-9,5.287249603756182e-11,-6.482614160066475e-5,-0.00625651443429291,3.00516185676163e-13,1.1882187308871851e-8,1.032758487742745e-9,1.2724747585058213e-8,-1.884243739746995e-6,0.006520401790198233,-0.0017371012918095633,1.7953957508271647e-7,4.8041834098410454e-5,4.3715087718548276e-8,-1.7328311261793458e-9,3.794219572547153e-9,-6.848855021898775e-8,9.634962713877161e-5,4.272538327813479e-10,8.173583608045694e-9,-0.00018131948667560394,0.0356529823022033,-0.00035994268625128565,-1.130640702343897e-7,3.4469265068118654e-9,-2.16381225993386e-7,1.0619389943122076e-8,-6.541996494677182e-5,-4.84283316643984e-10,-0.008252002876263641,-0.0051688249384905195,1.2507881126503506e-8,-1.689733249837909e-5,-1.8323833607731765e-8,-1.254400990608213e-9,-1.4078088289378075e-8,0.004085608772240789,5.680952523639105e-10,8.992127660060986e-5,1.0476419808788631e-5,-1.2713785978799346e-9,-1.3816104942824003e-9,-6.349914502974019e-8,-1.459052685867067e-9,8.98476998345177e-5,-0.029972222646104413,3.611153097219268e-11,0.0007080337488537734,0.07497412570090518,3.363119930434352e-10,-0.04891217601206125,2.5832995395910524e-6,2.1558211414893864e-7,-5.121519698472536e-8,-0.014387452591031327,0.0015283141359825575,4.103959049857738e-6,-2.818228820156026e-9,0.11111606262151477,0.042640173677571114,-8.044425081199171e-10,0.00581128201353309,-3.3216281982625363e-7,-0.0004504065926022308,1.6230445715994334e-5,-2.8933129502480556e-5,4.7533993655658096e-7,-2.1126071982609785e-8,-1.4737485206639894e-7,0.0037157674697729237,-0.0003865576702597174,-7.649918236251447e-8,6.096724644953983e-8,1.1027172284131318e-8,0.0061604532239458165,-0.009583851463489694,2.4922137159262506e-10,1.6292376620142369e-9,7.450966441625397e-7,2.4135364479226418e-11,-1.0204831058867193e-8,-2.7451264685557977e-6,-9.885810883370375e-6,2.160400138932904e-7,-1.337636079612132e-6,0.004122950166391741,1.196999533817729e-5,4.723035085254887e-11,0.011223437947648386,-4.042447525175167e-6,5.628220321945996e-5,-0.0002748371103925891,0.0004816468887157368,6.593321596102154e-10,-5.2791978076072806e-11,-0.0016607171015592696,0.0033934991001939785,0.005802827022097548,-3.779240262189266e-6,2.2192634229557703e-9,-2.7740754916456424e-8,-0.001360390320556825,-0.0003477737336086316,-0.003582729257230925,-0.00023890716786511144,-0.0013143093181248622,1.383458299219209e-8,0.013005323705188858,-1.893115842037793e-7,-7.560880323494336e-6,8.624913844533852e-7,-0.009717088780888164,-1.4588565772151777e-7,-5.552891157141799e-8,-8.00515150172846e-7,0.06589947952591778,8.903191056248554e-11,0.01208740922457117,1.0632682283341894e-8,-0.004675044220298193,4.5755963787207e-9,1.0655104778131752e-10,-0.004878345749137716,-3.5227055727529416e-6,-0.0005847305795237113,0.0002081384622219976,9.436736826577847e-5,-3.2195636722223095e-5,1.8942173213186017e-8,0.010312123523468527,0.059848809209897255,-2.7115646670779243e-6,-0.00019386119528642958,-0.008365387131874735,-2.7319673897827262e-6,-0.0076747353397536465,-3.146634778744561e-8,-5.4371389684119095e-6,-1.4322332346760911e-9,-7.436046823813268e-6,0.007351722266052055,-2.134476765429302e-11,0.001106612731746328,0.0006253262737181242,-3.114131096323583e-5,-5.010905811669785e-11,1.191269672857754e-8,0.15431823581516035,-0.003664498670711815,5.167163763299793e-7,-4.226758565937616e-9,5.1770162642470545e-9,8.992843151997776e-8,5.078766539086713e-7,0.006010079991540498,-1.861369057625758e-5,-0.028164012797126707,-1.5415360626783535e-10,-2.05605833837666e-6,-1.915690883358481e-8,9.270670612340503e-7,-0.010586710920215053,-0.00011710728883461407,-2.3347804229381752e-8,1.6970771907987625e-6,-0.00018005476714598852,3.93267887284996e-5,1.0313100573583564e-9,0.12878647914888983,-0.003858218901712823,-6.74441679126571e-8,8.722873972628924e-7,-4.6402026326974565e-6,-2.76683808659179e-6,-9.897173595948465e-10,0.001661273544505427,4.932417580491601e-6,-0.0014174357200546855,-0.01177364371970083,0.00012927265264453023,0.11039802031172814,8.999369277138862e-8,2.7635920507532073e-10,-2.0761354236098794e-10,0.0037773511246552574,-0.0006805957875937576,-0.0021599089326816883,0.005650068818201184,5.6576748088527895e-9,5.210420018436703e-5,-2.257988400474786e-10,-1.7575502654711985e-7,1.177042412433392e-8,2.7188179486867657e-9,0.002081408899750356,-3.676210383550786e-8,-0.0008052617802555544,-0.0005038009859941182,-0.005570946497608034,3.162611957827786e-11,-0.046184804711056,-8.314934995522387e-7,0.001340827796736861,0.08725734144288798,-0.004372215616069543,-1.528519218667564e-6,1.6976315743273258e-5,-1.0883586102691345e-10,-2.120190268461519e-11,-4.581638479715058e-11,-0.0011634394518589008,5.209587751348322e-10,-2.4440437260863988e-5,-0.0004636475034166402,-0.00382549671986326,0.00849515026303775,0.00012067582837513752,0.006787751688780018,1.1346857144726289e-11,-0.0005610865813344948,-0.007226277211590194,7.248540186845322e-5,-0.023853154039889246,0.015508533918140728,-0.0015368796302649432,1.4586644231172117e-11,0.0030502117017507306,-4.5931273702418424e-8,1.6952276059082853e-5,0.008336413145491595,4.3616356694105887e-7,-1.9691258895141613e-8,-5.283713251805902e-5,6.488288474489587e-10,-0.000375345970907612,-0.0071036132663524895,-6.698674404371018e-8,4.613874973087558e-6,-1.5756416295337867e-6,-0.0014319726620576104,7.599237340486447e-6,-0.0410320034293142,4.0800125442598426e-10,-3.2322843725976923e-6,-0.00039601124486350663,-2.9027223147458352e-8,0.21597127448376668,7.481965414778203e-9,-0.029214607060257913,-0.0001906396203957181,-0.00020221574908067146,-1.5995736558520504e-8,-5.5650117301044515e-8,4.989722751425742e-6,-2.161830989800085e-6,0.006607051995224542,-1.9908282176529947e-9,2.767026463310076e-9,-1.1233198803390543e-5,-0.005740540252319708,6.4652833770114825e-9,1.2882032876150276e-5,-7.439363955404769e-6,0.0010352479630717812,0.001953702664968124,-1.1699070533995893e-9,6.326883214200868e-10,0.008607453572714556,-0.0002903898167222968,-1.1355069169183185e-5,-1.552423743565978e-8,4.6275513063938746e-5,-0.0004159972590988278,-2.8596041510471747e-6,1.0652749149721365e-7,-2.709317054063409e-7,0.038692477193717795,-0.0058514704304637325,0.0010224550823248457,-0.0028733221558539094,0.0001234875922512053,0.0008778366841931328,2.7315359172528363e-9,-6.146914400045696e-11,0.016296572675100266,6.973938497591129e-5,-3.8323255205742296e-11
0.0,0.0,0.0,0.0,0.0,0.0,0.0,0.0,0.0,0.0,0.0,0.0,0.0,0.0,0.0,0.0,0.0,0.0,0.0,0.0,0.0,0.0,0.0,0.0,0.0,0.0,0.0,0.0,0.0,0.0,0.0,0.0,0.0,0.0,0.0,0.0,0.0,0.0,0.0,0.0,0.0,0.0,0.0,0.0,0.0,0.0,0.0,0.0,0.0,0.0,0.0,0.0,0.0,0.0,0.0,0.0,0.0,0.0,0.0,0.0,0.0,0.0,0.0,0.0,0.0,0.0,0.0,0.0,0.0,0.0,0.0,0.0,0.0,0.0,0.0,0.0,0.0,0.0,0.0,0.0,0.0,0.0,0.0,0.0,0.0,0.0,0.0,0.0,0.0,0.0,0.0,0.0,0.0,0.0,0.0,0.0,0.0,0.0,0.0,0.0,0.0,0.0,0.0,0.0,0.0,0.0,0.0,0.0,0.3210414045278351,1.7183527481934523e-5,6.182734765232362e-8,-1.126741541290064e-9,-4.3055454634043684e-8,-0.008238983213661046,9.500776484798968e-7,5.911004080471471e-5,-2.8601046760248198e-11,-0.0033275041241870025,0.04223098124068127,-1.5375296196119573e-5,0.025250974655369417,-1.6104675703862448e-9,1.8043880000724573e-5,0.023246414410427893,6.10505268191563e-9,2.16625273707162e-7,1.217199888277978e-6,-0.0009209862270067423,-2.0577775529732065e-6,-0.0004349305641899888,-0.001071334201466364,8.681382704574045e-9,5.665838063122403e-6,-0.05907324045671393,3.532137223489588e-9,-1.0023516263412588e-6,-3.197424290901424e-8,2.1659566068688576e-6,-8.191276912682912e-5,2.3996888495723387e-5,2.964508930895782e-7,1.5273252301398643e-8,0.03102636711391748,7.909728075193987e-8,1.7241891648806692e-5,-3.445168593911066e-6,-0.001302196738727974,-0.0005154954639965377,0.018613382166145043,0.00904236652047201,-3.0010139546025498e-6,7.525976117867797e-11,8.0611116535807e-9,-2.618145074613773e-7,-0.0020387378626866015,0.0002689558876441683,8.759235966113515e-7,-1.2784526930854828e-5,0.0026759965875570568,-0.0018861375778995181,7.493196226510741e-9,0.003989480334495223,6.198393564181301e-10,5.108526489002486e-10,0.0034812182885118363,-5.7031744994186137e-5,4.687376592817178e-8,-4.859951232343555e-7,0.022286168260006945,0.00033265592743011226,1.5328849329189064e-8,0.01436611347869219,0.002164489361555474,0.04548121251874733,-0.050456550044126774,2.581107179155393e-7,2.2939371372848386e-5,4.1035565127094653e-11,7.159144003365652e-10,-0.04780692464489388,-1.4186568826685362e-6,1.8832523315399636e-6,-6.983142358475713e-8,-0.0004001130739305321,0.009814600053858308,-3.980320118462883e-5,-2.7866791912205344e-7,-0.00035060683814800185,-1.2387993956762785e-9,-0.006134765802548952,-3.2641976303673507e-6,1.059865790756365e-8,0.0031403774554801295,-1.3798423603116556e-6,1.1871598305627276e-8,-0.0017915122646796936,0.0002375620476326241,1.6163452187629402e-6,-7.113324686921684e-9,0.0025044069374761803,0.0023465951975896273,-7.29188674843957e-8,-7.296770457056487e-8,-5.5422948461473e-5,-0.00021036634917827188,-1.0071768518898551e-5,-0.0034593339318421987,-7.986119026289377e-7,3.5678564033023736e-9,3.0773695878740724e-5,-0.003051665873489516,-5.352751128180488e-10,0.08011578208324176,-1.7338598070792633e-5,-0.0006237574034174753,1.5693560569042378e-9,0.00012843038630999475,3.913972109980001e-9,-4.6784709011363544e-8,0.006761170584187266,0.003239273436841467,0.0010878665161083464,-2.6017108950343573e-8,-2.6371219022716943e-9,0.0005447165987319839,-0.0064483522841997905,4.499115735343803e-10,-3.880327246813046e-8,0.00010554818740014331,-4.972546065866093e-9,0.00699954224966216,2.2613640584172e-5,0.0074711394248804215,-3.0963804993104446e-6,2.549149039377957e-5,-0.014727348281056818,-5.517390505839426e-10,-3.5231919835721466e-11,0.000619561223113954,-0.0002168880124404965,-3.705081725470291e-8,-0.0014274013618538384,1.256735363863359e-9,-1.3071701757934964e-5,3.4693264912835536e-10,0.0010226907332259443,4.604119901107513e-8,0.027659116814207657,-2.1931787534946483e-7,-0.0019945549299951537,-5.429975290623874e-9,8.041954340539535e-10,7.079345108219987e-10,-0.012393147662349635,2.185472367592881e-9,0.004090935763943148,3.827993784783996e-7,1.1512859297505442e-7,0.019906436164546765,-0.0007491364971568244,-7.972891072533496e-9,4.175355489829923e-6,1.838789633439447e-5,0.00014953437249244658,-0.0025216572182018096,4.564827001284464e-10,-0.001235730880501718,0.0004939533120254758,0.030525718688786285,-1.6789665585236169e-6,-2.2988954970025e-9,5.079059979534613e-10,1.0604711550663699e-5,0.0076652994495167446,0.006062218963807802,1.983853689205473e-5,4.3989515816501815e-10,-0.006827354023336949,9.524059587280465e-6,-0.002417819856229637,0.0005438663409031107,-7.878218564693398e-8,-0.03941036327483824,-1.331478426279814e-9,-1.4410412100118166e-6,0.00019583820148716825,0.23153939046898345,-4.282126936440366e-7,-0.008004763535434752,-3.250328369282669e-8,-0.004213375288526605,-3.535361000804911e-10,-0.005261912174394489,0.049498170556966876,1.6312392580963318e-7,-6.619169336982154e-5,1.408533668891243e-6,-3.14536618792294e-9,-1.8525290876412725e-9,0.0020646820278390305,6.80254687463621e-11,3.997126667705865e-9,8.04078225379722e-5,-6.249550208976686e-5,-6.481203159694611e-6,-1.3952495706379109e-7,9.550225237840687e-8,-4.268694172275425e-6,-0.004517647073490614,0.0018247939461319895,-4.792111898059063e-8,-2.1127495576991964e-7,-4.804794849624418e-10,-0.0055417216056457734,-1.7142308067125516e-8,-0.0002956275397920144,8.64447223161291e-7,-0.0815016155987912,-0.0011385239727334767,1.943982015641297e-9,6.3620599748857876e-6,3.620855916053938e-5,5.573814489158629e-7,-0.001763959065639677,1.9311461409098465e-8,1.0997077575569346e-5,-0.002491505401700587,5.273326932216057e-8,-0.020790321404392045,-3.5912161096342427e-10,0.19105756440966018,1.0706219540137295e-6,-2.1444139190392383e-5,0.0069609831064194215,-3.7009422262505935e-7,-3.2168689107439193e-9,-0.00011352957878815558,-0.047878710037146374,-8.665354937231957e-8,-0.0011319883894746567,-0.002054739357935491,3.2821913374962885e-5,-0.0003810561178429877,2.1483516716617853e-9,-0.015246382843758186,0.00031588470741049395,1.1949934745153393e-9,2.8682998326306037e-6,-0.00452641365509952,3.6024083097160066e-5,-1.4948113771234778e-7,4.936446380794194e-5,0.0005374841649436062,0.011940709208815936,-0.00024871850838733677,-2.2117034590384585e-7,-1.4013384559664577e-7,-0.00033012416852544566,0.0006618629224614932,3.451268803264732e-6,-0.014032526717250613,-0.00452909062400462,-0.03345026750807443,1.3787651195326995e-7,3.162207771977303e-7,2.8948110400084327e-8,6.082990159927529e-9,0.002696515251821313,0.00017360776619920903,0.0070311516964512814,2.681928557147883e-6,-0.041572378912697494,3.488285268154252e-8,0.024037555716610162,3.882661917625313e-5,0.019340645632840294,0.1973841403963149,-0.0067379841652501354,-0.0027506964082548166,0.0006012554418414092,-8.93133104623948e-12,0.013138820895170055,0.0002947059696156512,-5.670549801217418e-5,-2.3343995099660682e-7,-2.4610787777662256e-5,3.21923328719117e-7,8.695447015565552e-10,-1.5264925815922852e-5,-1.4064579495063183e-5,-0.0004296329656267577,-1.7470379751409554e-6,7.567297260407728e-6,2.2935068017391976e-10,1.3739277646103761e-9,1.8334030146925295e-5,4.350817263149522e-9,1.0100829967444272e-10,-0.00033218282544901647,0.0016957167049214737,-0.004047493323298242,1.5242116189437117e-10,-0.010668490201056284,7.517250981368775e-11,-0.0006800458534298086,5.0390786660125673e-8,-1.7534810404916532e-5,2.4947358503444814e-9,-9.123485267716173e-6,0.003669879920679227,0.0049425116409378255,0.00024216013373474032,0.0019437831524773568,-0.0004237217741518357,3.008672256013812e-8,-0.008781727502450095,0.0034129595605940596,-1.2005841571258777e-5,-0.031450636207000386,-0.013189360150878848,0.0026181980599222876,-4.0951160037241476e-10,-0.0006770670770305424,-7.708674463532754e-7,-2.728708521888594e-6,0.022648751127263198,2.103651417311371e-8,0.012893755955988904,-1.7489457662283433e-8,0.01731797385690284,0.00014459794397925032,0.0033422178796776564,-4.316070873312188e-10,0.0011940002934370333,-1.146630408248838e-7,7.5556158774882e-10,0.001538623600046506,1.3403606001642496e-9,4.0055611111234975e-9,1.8739444911832932e-9,0.002589216900802231,0.007973514019635652,0.06839332162173847,0.00017707443598375948,0.004030516856021231,8.603642457237711e-7,-0.01041127822235099,-1.5423182769057975e-7,0.0063859714024418575,0.007943221429565802,-0.04187300639815601,-6.189196578549947e-10,8.450757184357883e-10,-4.593863144559378e-8,1.3337504216299807e-5,-0.0037097170346288753,5.50333435943402e-7,-0.00828412197714322,-6.508805345907078e-10,0.0017512616582272475,-0.0019877045473309925,0.016021536638555715,8.2109073753721e-8,0.007412436865760029,2.1701542764999855e-9,1.6474993640358295e-5,-1.7137994188885163e-8,0.009974525075487359,-0.001655936710835743,-0.0019067799514249956,1.4060873900336522e-9,-0.02864345028791663,-0.011454863920769855,0.02142589114712762,0.005995016868418871,-3.9545258785625016e-10,1.9033680778811739e-6,-1.2150485477610125e-7,-0.022239179348875142,-0.0026108763903115407,0.004105329406965804,-9.208684948071886e-6,-0.044997614344896755,5.10399473848871e-10,-3.604902814382835e-6,-1.2530643207643555e-5,0.19699107950494799,-3.268423518500367e-8,1.5838583892123816e-7,-0.07298210706390529,0.020965148850488967,-2.6053950902671384e-6,4.811289485387656e-5,-5.9353914077151514e-5,-0.0010768668857145062,-3.76625473567771e-8,4.7743379255753066e-8,0.019629406015785646,0.016160055521969165,1.111513824065125e-9,8.077207598397307e-5,-0.00293898685526714,-0.0006427177399867881,-7.077589337999403e-6,-5.2950451516111296e-5,3.4835996271702554e-8,3.769874172914576e-7,2.163521838698142e-6,-7.59308398917531e-9,0.008019394541565342,2.596100407192556e-6,-6.560179483801482e-5,1.4585318960155617e-8,-1.4202802899552471e-10,0.00010217140207235029,0.007868311769041987,-3.558854136320829e-10,7.941207241685317e-9,8.713939878153629e-9,1.5669668654746714e-7,1.3653816721348424e-6,-0.00234887945134491,-0.00022155942399354735,5.424095717995629e-7,0.0001339584378777704,-3.258591954723754e-7,1.025220739287687e-8,-7.242655847385074e-9,4.5044421315767416e-7,2.218302304439269e-5,1.1965006028347677e-9,-6.9555561396068655e-9,0.0011422002643085075,-0.003450769027526125,-0.0008237691549964441,3.067029088216654e-5,-2.8302127332904653e-8,-1.253109213125549e-6,1.769896683285494e-8,2.233059053081138e-5,2.5971602712194002e-9,0.011766998149991196,0.007176821350380408,-8.95544489859505e-9,2.900574830536369e-6,-2.5709948121241434e-8,4.694084978420891e-9,7.43963421796641e-8,0.016795206186017132,-9.046330068889833e-8,-0.0002853202266863513,0.00017482460533496625,-5.1811767105982965e-9,-5.553210790101314e-10,3.641876167093019e-8,5.654624602173871e-9,-9.596758230265415e-6,3.4625630009475954e-6,6.078249638018778e-10,-0.013777601616542907,0.2421387140196958,6.85142282518142e-10,0.001425705258466343,6.49626132414192e-5,-3.371983439378936e-7,-1.9541000194543277e-7,-0.00016136793090079605,-0.002361474791952599,1.0758535385019446e-5,-6.14816705256182e-10,-0.019546370805710228,0.1188670905968702,-1.008517279694656e-9,-0.03421738465627824,-3.003310008510674e-7,-0.002345986271153089,-3.929113434807355e-5,7.91557332251225e-6,2.677071436205917e-6,-1.9246781472180253e-8,-8.395012079262686e-8,0.0037856610997144585,0.000422844409388185,-4.1851164977729234e-7,1.0342866857003329e-7,1.1549572193273194e-8,-0.00605124264697365,-0.06926887541871453,-1.2828926027325054e-9,5.266793847259967e-9,9.224820599526447e-6,-3.2237777885269275e-10,-3.1725102042203622e-9,2.6584841693696957e-7,-3.987202520850597e-6,3.0804206529670555e-7,-7.611356176455309e-7,-0.007537428401412406,-7.123197073663213e-5,-8.138574579593602e-11,-0.0015333694724889656,1.8241271218234747e-6,8.294145339798936e-5,0.0022906277127946765,-0.003421269918489565,3.6439901828333835e-10,-1.1253311508499174e-9,0.0004736892160660531,0.002638465384613183,0.0078103725853712665,6.0398084193149145e-6,-1.9262397689670857e-8,5.9557427896003034e-8,0.00021703780287803812,0.0013056539536358673,0.001249046538308321,0.0022400201878545953,0.005326224499897489,3.29316897335071e-8,-0.0035985939935864754,9.419606533210068e-8,-8.253648989542136e-6,-1.4072271492914403e-5,0.024399536494870647,-3.7007745399311184e-7,-3.5221643538655255e-8,2.6830312780362325e-7,-0.02297586515654769,-1.0355988166400432e-9,-0.0017759938589913412,-9.672947996654642e-9,-0.006356187465156745,-4.113480032075554e-8,-1.3207405852942879e-9,0.003972961812277165,8.044520457109809e-6,-0.00038414272400970014,0.0015586446405600198,9.895128993890327e-5,0.00032851185955729077,1.8662581098238215e-8,0.0005095216508069673,-0.014986534438106987,-1.6246134814723705e-6,-0.002432840527032305,0.020424308202406545,-2.91777939695091e-5,0.014385242297079664,7.362334567677589e-7,0.0001348601630593416,-5.549379139043297e-9,-8.380668978779988e-6,0.0001243232422275781,1.4164935327479144e-9,-0.010682209906269863,-0.003197975722195584,0.00014484775051357818,2.623269917987127e-10,-4.016077955663926e-8,0.053646280664700806,-0.03210734711184811,2.3208444911217582e-7,2.2065409621136428e-9,-3.256203087258738e-9,3.609201497264414e-7,-1.3628796632165652e-5,0.002462169693560621,-0.0001110220035425562,0.07740784257602261,6.636217074915764e-10,0.0001885375953471159,-3.351280348060078e-7,-7.128641528961626e-6,0.23121757972883417,7.902635385192777e-5,-2.499901477097918e-8,-1.0999722341327855e-6,-0.0010576271189331652,-3.369122303018298e-5,-6.255452452172652e-8,0.003798070529898673,0.017802449439940565,7.968619080711766e-7,-8.676024528682816e-7,-1.6992380079068098e-6,-8.575723210532075e-6,2.952605461611402e-9,-0.0025453597326758905,2.2022129027896163e-6,-0.003074046889942783,0.0345238341058918,4.426066925714288e-5,-0.001147627307062136,-6.53873552047422e-7,-7.102957489674104e-9,3.3217052693702316e-11,0.0044357041720623925,-0.0004723273452517189,0.008071912468674721,0.008845263513901047,2.302538275979881e-8,-1.9823002493940265e-5,9.700180134375552e-10,-3.241353973278453e-7,2.130125354406227e-7,9.134918419250871e-9,0.021813827453183905,1.4411000127054154e-7,-0.0034931920120123265,-0.00013680659930530396,0.005896751246947432,2.331800188694054e-10,0.00116828310383735,4.568374014953042e-5,-0.005829706928319417,-0.01061179903717504,-0.008172858802326785,-3.388725405317107e-7,1.0177993554346339e-5,1.4927064072400276e-10,4.985999394209315e-10,2.0703094736467195e-10,0.0009003530690389127,-1.4831423184671306e-9,0.0002340910575224965,0.006432089674082258,0.005166656496331675,0.013485232002908054,7.145991955423021e-5,-0.026980536560137394,5.788335387782992e-11,0.0012807204959582135,0.008068369945121742,-3.133271297901011e-5,0.008115221436988286,-0.008971168572943897,0.01642061779577532,7.460520344790158e-10,-0.0036569140490446106,8.463443159603423e-7,-1.492545536801902e-6,0.009022841212109875,7.385230198951283e-9,-1.5439642328343845e-8,-0.0002557217906603176,6.97322399588928e-10,-0.00045099622963586474,-0.059143998185536825,-4.471564840842669e-7,2.6442959436943408e-5,-2.1022663212508305e-6,0.01917300275309666,1.1747885035861739e-5,0.0017889369726828254,9.04664182834443e-9,4.368412775805185e-7,-0.00140634699353425,-3.36347566960535e-7,0.029560328306443926,-2.9487286206916752e-8,0.01876195009970796,-0.00577259537164289,0.005735503330689427,5.1120962929354345e-8,-2.4110683540111147e-7,-2.6287061613607278e-6,-6.020969966931007e-7,0.0072072012369461935,-5.3437437337758154e-8,4.955729429552202e-9,0.00023324054270288237,0.022619008588076528,-2.0729042109723318e-8,4.335059585203704e-6,8.472746726741011e-6,-0.0016126873235186578,-0.006268933042104598,3.3263880228504135e-9,-1.7712704720577896e-10,-0.0019603695847373787,0.002360036402642893,-7.434232512391691e-5,-2.3258674089605898e-7,6.287691220879085e-7,0.03217728816724141,1.0419385957033192e-5,-6.399299195023954e-7,6.017717180454396e-7,-0.0018180560787629436,-0.00041653516575229497,-0.00037324014484102616,0.003307653190672247,0.0014840004355228967,-0.003849529875499532,-1.2978825080969667e-8,2.9672811749996775e-9,0.017642139099504746,-0.00016032759040891334,-5.018054406205302e-10
0.0,0.0,0.0,0.0,0.0,0.0,0.0,0.0,0.0,0.0,0.0,0.0,0.0,0.0,0.0,0.0,0.0,0.0,0.0,0.0,0.0,0.0,0.0,0.0,0.0,0.0,0.0,0.0,0.0,0.0,0.0,0.0,0.0,0.0,0.0,0.0,0.0,0.0,0.0,0.0,0.0,0.0,0.0,0.0,0.0,0.0,0.0,0.0,0.0,0.0,0.0,0.0,0.0,0.0,0.0,0.0,0.0,0.0,0.0,0.0,0.0,0.0,0.0,0.0,0.0,0.0,0.0,0.0,0.0,0.0,0.0,0.0,0.0,0.0,0.0,0.0,0.0,0.0,0.0,0.0,0.0,0.0,0.0,0.0,0.0,0.0,0.0,0.0,0.0,0.0,0.0,0.0,0.0,0.0,0.0,0.0,0.0,0.0,0.0,0.0,0.0,0.0,0.0,0.0,0.0,0.0,0.0,0.0,0.0,0.3136688003971557,-0.0029295697362908407,-4.6103022792677395e-6,0.0003636625941569193,0.0003268001806804575,0.0229238799000298,-0.005091143706224717,-3.115811335170952e-5,-3.85227461915956e-6,4.991808335929329e-6,0.006596541503912112,0.0001232950761619567,-1.4582761285670393e-5,-0.060639823518377066,4.186985732528622e-6,8.142704089191575e-5,4.935028678425351e-5,-0.06940177463859958,-0.00011375054694553248,-0.05526524417862162,-5.967707118802609e-5,6.612260956746169e-7,-0.0004161626336732148,0.10157808653526443,-1.735277051261189e-5,3.8656426926783684e-5,0.00435831036619113,-0.0001683272795463151,0.020687669090459628,-0.06139047901052119,-0.004461822652970744,0.00465424149908954,0.00039704627756196584,-1.6938946032897934e-5,0.0021157058532730684,-0.00027174767450146355,-0.01344703884862945,5.646165639110351e-5,1.2296395218336479e-6,-2.203869275940859e-6,-3.1844375644255234e-6,0.0004378265171894781,-5.380272827587772e-6,-0.007694368446465042,0.0010526822977678513,-0.0009017638012793469,0.0019043943837287994,-0.028153087182648348,0.009970652778773391,0.0008256973257347448,-7.19975075146111e-7,0.00016626422367427892,-2.712748131400111e-7,1.4341557526685707e-5,-3.961433882483529e-6,0.0006260207328310531,-0.00622174832015472,-0.0004915069103856611,0.00339921964338813,1.0939323119261309e-5,8.90304620642889e-7,0.00018675830367535098,-1.1887261160306484e-6,0.0001987070889895245,-2.8915159704816965e-6,-3.0263029624862664e-5,0.009208887588498027,0.004348978988650188,-3.41832143467859e-6,1.722646082367309e-5,-1.4299093387109126e-7,-0.006894791765733904,-0.005305652244839483,-0.0007960439091940011,0.0002764611584848534,3.0202155242759304e-5,-0.005116354566139991,-0.0033188142051623955,1.3077174710742601e-5,8.452516684044693e-5,-2.7380294189888872e-5,0.0039530286572368204,7.463758152531911e-5,2.5015125262271035e-6,0.06991269452566318,-0.00034518760728297304,-1.1162028018682057e-6,0.002741308766198531,0.01797335453650246,-0.0001686926850575357,0.00020901441569030953,6.422158927897256e-7,-0.003019277729432574,-0.001275979171515593,-0.00646838798306488,-0.0008261058279765537,0.021910552614489126,-3.225830873802138e-7,0.0061560163732805725,3.420860084740891e-5,0.008374575837622626,-1.5695723623841083e-5,-1.0987300924335553e-5,3.239977047622139e-7,-0.07177807340395376,-0.0011102227518606682,1.9646028275527442e-5,0.00017750810517294397,3.610502579150377e-5,-0.0006607565698954401,9.58370176682144e-6,-7.763363916706404e-6,0.0005758470571197654,0.00018762049336023152,0.00042840090624234755,-4.606024136484456e-7,1.9649531615022478e-7,-4.452529259868456e-6,-0.007950434812033388,-4.808373790356664e-5,-6.577347162542667e-5,-1.0248598614823094e-6,0.007588136636459573,6.004030788180257e-6,-0.0363430754841774,-0.0030899960934584548,-1.4771820935605587e-6,-5.779886128535722e-6,-6.634263845239494e-6,0.0004418172356392842,-0.0004948883477312789,0.0004255643367338158,-1.840460355285747e-6,-0.0001058843649945545,-0.003746332193214901,2.6099753556436663e-6,4.997167441572796e-8,-0.0009350723496833819,-1.1979960459616066e-6,-0.00032852372845499625,-0.0006410973621095303,-8.257166167677089e-5,-0.0007436582930211772,-6.465657625641414e-6,5.522590321768258e-5,-0.0001888212515463682,8.761415138228421e-6,0.008536722850272342,-0.0017795332955595526,2.3276139667213588e-5,-0.001185139496456204,0.00044451083598956535,0.16096754166954996,0.0015761540783546847,-0.001725938687271261,-8.079378750667602e-7,1.3290684397735433e-5,-3.802583175806999e-7,-4.80317921220598e-7,8.950171274448396e-6,0.008469287130595325,-0.0013508807899229038,1.9700493603968694e-5,0.01257104228475133,-8.702768719039139e-8,-2.2936029689006487e-7,0.004853630610060061,1.0786524984109327e-6,6.824201747689783e-5,-0.09132934050655596,5.545901906342432e-6,7.469252271422926e-5,-0.0012262209526508674,-3.7652545894400706e-5,-1.4203706193264501e-5,-0.03460521332628949,0.0037888145440861843,-2.8719506107469674e-6,0.0026957736987899914,1.369315401825089e-6,0.00010353379849464589,0.0003607312570357132,-4.454043375762806e-5,-6.962052605345464e-5,9.016853088298085e-7,-0.0025956253971303866,-0.007607004160804785,-0.026986783020376263,-0.00015571028346110844,0.0003585424751429786,3.090690016477652e-7,-3.1362522335468157e-7,4.7091810919138195e-5,-0.00021687759205262413,6.997220915369797e-8,0.08422887345426033,-5.978328543205454e-5,-7.771679271342149e-5,-0.03247659791705378,-7.872473917377595e-5,0.00041998092079919533,0.00010684822906330405,-0.006542116862733825,2.618482986630371e-6,3.139676860178012e-7,-0.0002784352040339974,7.375439689318965e-5,-0.04434893538623038,-1.9202609344759065e-5,-0.00021472875045779513,1.2803998766338067e-5,0.17232142722687488,0.0023286378512807713,0.009729444233153686,-5.384444080279428e-5,0.0002663357364582484,0.028718183334614945,8.894131055107268e-5,-0.0031761281503740126,-1.0407045458301737e-6,4.878975640573352e-6,5.796127490479336e-6,-0.040623366605626494,-0.0039316559158611005,-1.3064505611543488e-7,-0.002313934469145422,0.00019343522338192417,-0.013103257151261875,-1.4547049605915588e-5,0.0008516048068826974,-6.519151264754744e-7,-0.00010927376277835648,0.019461350493731357,-0.0007905567929538081,-1.9197039148615376e-6,-1.0226634981200546e-5,0.001387710477967103,7.682431709033188e-5,0.02592736997373119,0.0002638999062832485,-1.9578393430171417e-7,-0.004867519404828982,-0.0027296007008746803,-1.4898413831865953e-5,1.1805233840123676e-6,-0.0004360004034514298,0.0024133561549475923,0.004674344613696541,-0.0003470083938994869,-7.097873852336212e-6,0.006823622543814259,2.2531614857432136e-6,-3.463876573607663e-5,-9.853040153601571e-6,0.0013585085785282165,0.010577037157845238,0.0004191412646131569,3.608902422729863e-5,0.00012629995679026048,-0.0010828108656243639,-5.581790632494425e-7,0.10405718993044528,6.726982918067215e-7,-0.000819560508852113,1.7548820816909374e-5,-0.0002342639187547456,2.1325089439873324e-5,2.359035466254078e-6,2.6068686433858937e-5,7.630392573794405e-7,2.116787187232753e-5,1.5271261974997874e-7,-1.7180564369145412e-7,6.98652353055397e-7,0.00518084212783938,-0.0058536229943410316,-0.0009659090256693192,-0.03380892941771776,-5.231198703464316e-6,-0.0004551216089858888,-0.003561477941750687,-0.000583907460458999,-0.010512964414690682,0.004537144531621034,-3.71905361068251e-7,3.77856921802742e-5,-0.0038525832589138003,8.149944664461752e-5,-1.1070247901443897e-5,-1.8683267077667078e-5,-2.1603595229552274e-6,-8.11391964235978e-7,-2.703038416823974e-6,2.031108877962492e-5,-2.8985820989294995e-5,-1.5095878833174437e-7,0.0002688657574444557,-0.03638934087481465,2.2036040747863316e-5,0.0046914240835016835,-5.988552541081536e-7,-7.355042306358007e-8,3.6737415314628856e-8,4.436398141909644e-7,-1.1578196273641872e-7,-0.0008536127313957604,0.00033514519047340226,-1.6957627788292953e-5,-0.00354889943572548,-1.0223902718816495e-5,-1.0852626656549106e-6,0.0004908363415353378,-8.156480371343089e-6,-0.000989029859096862,-0.007637149626582778,0.01625480617785205,4.937795264638812e-6,0.0020911803431393045,9.927708312119586e-6,1.7303603253354388e-5,-6.719842091021529e-7,1.3081467978382878e-6,1.5317239880789565e-5,-2.6127868062104517e-5,6.3146308609650985e-6,-0.017281001470065633,-5.783203196318993e-6,7.513134273153196e-7,1.734233909533515e-5,-0.005137455038649827,-3.182861954578138e-5,0.0004329077900735504,2.6089917636781623e-6,-1.2367952395995445e-6,-0.0008372575862262667,-7.037250097496766e-7,-0.05550943721793196,1.49505196788938e-7,-0.00394077280527321,7.770709457170958e-7,-7.329391169983046e-6,-1.7375302334701994e-5,-6.424696934994891e-6,-5.351180464361711e-7,-0.0011080987932222048,0.13184270346103855,-0.00021932833526249008,0.013414918161049946,1.7908949348543885e-6,-2.6722896274147086e-6,1.485040220564607e-6,-4.4299273760487306e-6,1.3766401154421117e-5,-0.0015614054151037158,-6.553441498250706e-7,2.0186782403158432e-5,0.0011424286501759157,-0.00026112985669401957,1.6076890303787172e-6,3.264096179763753e-7,-2.0904742229976663e-6,-2.611227919767743e-5,9.038207018465276e-7,-2.2916335652999428e-7,-1.2064451738551266e-6,9.116320593989933e-8,-9.66437505829478e-6,0.012306409020880779,-0.0004325141441660854,2.540895651410032e-7,-4.047046552192686e-6,1.6977359916378e-7,0.0015765070420678325,-9.404223648771657e-6,8.113432799080707e-7,0.03507516765141016,0.0016827508363756987,2.8739167762973806e-6,5.321993274227934e-5,-0.0010948516887302388,-1.525352008610361e-5,9.998826647301266e-6,0.006517212456637619,3.2748892106830376e-5,-0.003254097068856417,-0.001082295509894352,0.00038054927615343117,0.0013114850877449858,-6.295158325602823e-7,8.806985708164341e-6,-5.346984370340406e-5,0.003913268899280646,2.29996435429707e-6,-0.001623961396461709,-0.013559888976294733,0.00037765344884031516,-0.001329382020391929,0.00030270374839219975,0.0204007255384918,-0.012878625870500388,-4.17333093337123e-7,0.0015284188847599,-0.0019080689093630382,0.00041191776794751356,1.3551519442675293e-6,1.3067568039377414e-5,9.383349104968089e-8,-9.50696083312626e-6,-9.736653736754425e-5,0.00023868620070487725,0.0010967458261244374,-0.06240445723410451,-3.1327064065053986e-6,-3.1171499030142706e-5,-0.0008952118545048836,0.0004402624486288515,0.0003540678474285888,8.996304682530521e-5,0.0001298221290845978,-0.0034278723842174784,7.939126143235165e-5,1.3233797347558678e-5,0.0003659753883203592,0.00021848217315771187,-2.7157854440863826e-6,1.4672475193493844e-5,-0.030038324885461695,7.804293143577494e-5,-0.06760465087996995,0.0004199713577654969,0.001500891141734236,4.7615694413783986e-5,0.0001609972540603791,6.699424403576229e-5,-0.0003126617584862864,0.0007167936422545096,-0.0002858258779701056,3.842863422095339e-5,0.0019281678604720484,-1.545322273569055e-6,-0.0011617492489563875,-0.00011614839277012223,0.0014322797875934855,-0.00016277978183865222,6.402298453539938e-6,7.739852407317102e-5,0.00018636181593659687,-0.005001580175304988,2.577539015192076e-7,7.983881876330995e-6,-9.557002768473202e-6,-1.7133711605435095e-6,3.0687116658380085e-5,9.68251713353882e-7,0.0029920805504567594,-0.00028048946681083855,-0.0007951226816719522,5.318627405335361e-7,0.00024283290654713693,0.1693159993345,1.6364327298706585e-5,-2.8902464095821335e-7,4.2608625454204025e-7,-3.739190384143416e-5,-2.1787978739482188e-5,-0.01207389691538026,-0.0009406215665001162,-0.005552370394892349,0.01028780994962866,0.01623778885898259,9.507901499887738e-6,0.0008154198899435058,0.0002339973966399396,-0.00040848794894385407,0.002144873839816171,0.0010357284065822508,1.2746258639568404e-5,-1.8902366104757297e-7,-1.1895943294493435e-5,-7.47507656818882e-6,8.516573995168357e-5,0.23351027508589906,-6.1013449383403765e-6,-0.0004135994172570843,-0.01537711137495785,0.003913903848936733,-0.015039731015403008,-0.04670398067773344,-5.927897163753826e-6,-0.006779160781927043,-8.900240355997139e-6,5.339803167908688e-7,-0.06357091359686015,-0.0035658717387294352,0.0003256424834500779,-6.071570224870195e-5,-2.5783384940838576e-6,-9.911181749185313e-6,4.0060469385366427e-7,-6.036239613821235e-7,-7.320737665842883e-7,-0.06762813942049145,-0.0002595160988472025,6.879915117248522e-5,2.112800188283644e-5,0.0008126765112733612,1.0727575075487785e-7,0.00039097070611772823,3.6236532649836157e-6,0.0010853851801717969,6.556471744421063e-7,-0.008177094658197579,0.006560651229472445,-0.003271455050032057,2.0214645006157856e-5,-0.0007863412120254044,-0.0013589334151291978,-0.01681463835436321,-1.0576863876917652e-6,-1.1393263793690561e-5,5.3628829821216435e-6,0.0001419139514386852,-3.5040633846896326e-5,-0.00045016415279480423,-1.2757120569275524e-5,-3.531053108471209e-5,0.003785589899593127,5.70653227408542e-5,-1.152207774626742e-5,0.00035818751814859466,0.0018253634220992674,-0.0005774141010352005,1.0503505291038517e-6,-7.997833221031813e-6,-0.037790126174358916,-0.00026188917401731245,1.224976916641794e-5,-0.0071628972128271245,0.00011605673456080757,0.007544574371503752,7.232995720935923e-5,-8.629239917166715e-5,9.490107244223445e-5,2.713098035618204e-7,1.1645446267178755e-5,-6.630066969911494e-7,-1.2615751639326993e-7,0.0017056265429248206,-1.8781940915991187e-5,-5.7040027786389715e-5,-4.072980643632645e-7,-5.71371814501626e-6,0.008247459883060021,6.439004308940974e-5,-0.0002279020518859331,0.006762570796324902,0.006541027407541064,4.054412617216878e-6,-0.03820764946799474,2.5207973631044495e-7,-1.6573057589094245e-6,0.002874325329670773,0.003016649709116556,0.004468799392503413,-1.2407728366897797e-7,-0.0020642541544823425,-6.812202544667586e-5,0.06874919422892287,-0.0008605919713411226,0.0007542721488918121,-0.0002580398477389848,1.4397031599828772e-6,-2.159884869194796e-5,0.004012181820195772,-0.009505338616209062,0.0052847910126943565,-0.02196614213953235,6.658515133182263e-5,0.00014296686851789013,0.13591408578327127,1.2474255715052652e-7,2.974888134178518e-6,0.00066679042715577,6.139780200683557e-7,-0.03788926755629563,-0.00019404028670743409,1.1337980561338166e-5,0.0005006129188355832,0.00045374706160353586,2.9491600414701477e-5,-1.0050709794282207e-6,0.0007674092259983533,-0.00317169954356534,3.3462087443454287e-6,-0.05154805919785333,-0.0010695197119118417,0.00034397902568554924,-7.941421007403413e-6,-0.007171063699523875,-0.00010886193583150559,-0.0002762731937080283,-4.15984115627658e-6,-5.168463160793289e-6,-8.458569972767632e-7,0.007780968084981828,-8.414391485690539e-7,-8.58730262559697e-7,-1.3378414381609313e-6,0.0010359535686449161,0.01397074732509032,-6.38831491374621e-6,7.413626241918294e-6,-3.2396742691210806e-6,-8.118477608192254e-7,-5.771097763092322e-7,-0.0002579768443071117,3.339810036137266e-6,-3.6299790008789546e-5,-1.6943122196342184e-6,-0.0004328910388421536,-2.5888391176341414e-6,-4.3758381416232425e-6,0.0004307078685552735,2.7664737139452334e-5,-0.0043795368702439896,3.2443211691829405e-6,7.785805512860222e-7,1.5611725715733108e-6,2.2757056391007617e-6,0.0004158584740620077,0.010802659874466757,0.0052235780111687495,-5.657859561527941e-7,0.00016577637678597047,-0.000263649933130925,-0.0007733865271916628,4.78182592280728e-6,0.0004666829332884276,-2.4787541483127263e-5,-0.0010035602022309296,-0.0001314632249204622,-0.01230784865772823,9.47066544654935e-6,0.007287769177795322,5.707918305404155e-7,0.00028330219069841434,0.0009942197947398934,-0.0006258545612474499,-0.0054598699462549295,6.388192616153462e-8,-0.0003037739741883766,5.551136216720678e-6,-2.820776217505773e-6,-6.45241066860198e-8,0.0014333918629418838,-0.00011547980634056102,0.03206268195086099,0.002990113441248864,-1.1866426833292654e-6,0.00044300509134193153,3.525437233098162e-5,0.0013138443394266027,7.369811607380226e-5,-9.899787707615941e-5,0.030812799628822576,-0.0731085604712691,0.0003902541475679956,0.0002923085202863958,1.1136949300318766e-5,-3.3098082610092867e-6,1.0709671371703013e-5,0.000203117285721141,-0.041193288570691385,0.0010394435360111234,-0.003144688497850117,-4.517692771862754e-6,-0.06834587565856162,0.004332623722413678,0.014646181393236896,1.6778827510186054e-6,-5.175612441494199e-6,-0.00016246572429351374,9.528185180136834e-5,0.00014572965967940617,2.5392639052153433e-5,-0.00024905398146175643,-2.6540006560596308e-5,-1.6566281722696206e-6,0.00041673802050577085,-6.236968236556489e-6
0.0,0.0,0.0,0.0,0.0,0.0,0.0,0.0,0.0,0.0,0.0,0.0,0.0,0.0,0.0,0.0,0.0,0.0,0.0,0.0,0.0,0.0,0.0,0.0,0.0,0.0,0.0,0.0,0.0,0.0,0.0,0.0,0.0,0.0,0.0,0.0,0.0,0.0,0.0,0.0,0.0,0.0,0.0,0.0,0.0,0.0,0.0,0.0,0.0,0.0,0.0,0.0,0.0,0.0,0.0,0.0,0.0,0.0,0.0,0.0,0.0,0.0,0.0,0.0,0.0,0.0,0.0,0.0,0.0,0.0,0.0,0.0,0.0,0.0,0.0,0.0,0.0,0.0,0.0,0.0,0.0,0.0,0.0,0.0,0.0,0.0,0.0,0.0,0.0,0.0,0.0,0.0,0.0,0.0,0.0,0.0,0.0,0.0,0.0,0.0,0.0,0.0,0.0,0.0,0.0,0.0,0.0,0.0,0.0,0.0,0.308491821576259,-0.00243492190054529,-0.0016722025732860016,-4.659723949359308e-6,-0.0015931223300065852,-0.00011846473342373385,0.002805273386716901,-7.3009109582558036e-9,-2.3097220041509646e-8,-0.004436029329588638,6.782799742570162e-7,-0.0006492301863486672,0.0011139714053049956,2.0617071032854375e-8,0.0032196976128313123,-0.12436166131376977,0.004807635925217547,-7.109450516904783e-6,0.013585781263504853,5.997818381861066e-7,-2.07782724934632e-9,-0.01337526856308954,9.392279116355463e-5,1.6049830288841488e-8,-0.0005711313373194785,0.0027624514383624327,-0.029243528927532163,0.013555968426796162,-0.0003854924742999857,3.4270796545331026e-5,-0.02874189640585902,-0.023733724047830262,-3.556215812138818e-7,-0.08664491201545686,4.0112606880280165e-5,-0.006084878784043426,1.6533492444697912e-6,-1.5989990531357217e-8,1.3727295508652062e-9,8.006104774651675e-7,-0.0039758294658475335,-0.0007151375437720751,0.17758178213900935,-0.06341098845430586,-1.6510773909732393e-5,4.866197870129384e-5,-0.005028222150682153,-0.0005243136028927836,1.445797905130368e-5,-1.0960539274911413e-7,0.0005544779332223682,-1.6416053282049556e-9,-0.00037580324754274934,0.0002473384315257987,-1.583032584696557e-6,1.0239463433607863e-5,-0.0052395103207785254,-0.022508837726658994,1.0080266832410167e-7,-8.30043777125079e-9,-0.004504839726435723,1.533551540242844e-9,6.64247770476618e-6,-2.9395332524081274e-8,-4.0210142210678497e-7,-0.029164190479171168,6.251233263531449e-6,0.0006300309381589079,-0.0020942180680997512,3.5403500336121854e-8,-0.0017997083971130405,0.015997222389507338,0.01674882096043352,-2.5528885370794483e-6,-8.776359357612895e-8,5.981735218031564e-5,-0.07830962520533401,4.283562633130899e-7,0.0072358891476805,-3.25846867969474e-6,0.0007166629488915556,0.002954006765770731,6.623496955832684e-7,-0.0032956719960340287,-0.04826173893893533,-5.981658632415405e-11,0.00014838394745413818,0.02777012463279264,-0.0037769987706106085,-7.320491111349405e-7,6.322555261032841e-8,0.005796358879212051,-0.0013514537566104723,-0.0003373428777510587,-1.2302462197721902e-5,-0.00010668080775075782,2.5187917773894794e-9,-0.05764933362798498,-0.004048568703818234,9.703134563587777e-5,-1.9422392380606333e-8,1.5904814035063504e-5,-5.3480975173082676e-8,-6.77934187982214e-5,-2.4568044491786966e-5,-0.0004985464571812344,1.1845224596781169e-6,-0.0006145744043361159,0.023995418390562802,7.918612521855105e-8,8.017353431807046e-8,1.4783972208671418e-5,-0.0017776600093158536,-0.07693066154818487,3.842986805896626e-9,2.5328947217853617e-9,0.0016426642242655355,0.09927669796819073,4.236778618729724e-7,-0.00559349523024251,1.0952810276849812e-8,0.0002876831173943587,1.3250425424779277e-7,-0.005843656396318364,-9.316642886323515e-5,9.248438717167796e-9,0.0001538160218968028,-0.00024178165849727675,4.149363604746159e-6,-1.9418808311229822e-5,0.11220955667639398,1.0069743513137885e-9,0.008449212746104048,0.00023780380510817308,0.00015579120465072926,-3.9954682842021844e-10,0.011054106747024197,-9.371599535842703e-9,0.013593531035217835,-8.957842218922371e-6,0.0016093947637237666,-0.027466833696717336,0.0010558257746557259,-2.6272081704493563e-6,0.021744653349596802,-1.503580146445962e-9,-0.011260243378756227,-0.06207385415138977,-1.5214368783461425e-7,-3.531240910235191e-8,-0.014681141476650731,-0.001575142885530847,2.820119653514662e-5,3.82607427206134e-5,1.8971280003179085e-9,-0.0007358686994819966,2.3247255512330878e-10,5.0217446902331006e-8,4.845107691132717e-7,-0.0007196473850833746,0.155059740690717,-0.0003380674729352463,0.0004894427546688689,1.0015240240391965e-9,-3.620962554662097e-9,-4.2253883796443995e-6,-0.00015440472362745846,-2.2600783017628088e-6,0.0004471554347784781,-2.236661176816967e-7,4.892329085239257e-6,0.00127730597815992,-4.115993517081681e-7,-0.0027354652448645304,0.0009037490054854267,4.647084544365451e-5,-5.407128456617796e-8,-0.06602571705203554,-1.2756043429386821e-8,0.004396471742030499,-8.283039503008354e-6,0.004246214789135478,5.110881142730226e-7,-1.6078050312569133e-8,0.032622654578613214,-0.00020820254506151206,0.0017091277875404688,0.01010986691652061,-0.014396565972517978,-5.633062749410937e-9,5.8606360109873054e-5,0.004998545052699125,0.0001287882478119708,5.878860646663901e-10,-0.0009492623386324053,0.006145255409567904,-0.07651064501274896,1.514602731792078e-5,3.1740625829843775e-9,3.1173549467802345e-6,-0.046741011603819584,0.007706634463133696,0.0001532352283097947,1.1918004029295235e-9,-0.02617190903364751,-4.018565022602332e-6,-0.0006553397044487933,-8.855136796287696e-8,-2.121487023934967e-6,2.17364213081917e-5,-0.0011508231426796346,7.739985015731117e-6,-0.002272496138855027,4.847117246730955e-7,-0.008522058756509672,0.00042668713826113434,-1.4233661709023108e-6,0.1051600348693173,2.2037146093474457e-8,-0.0009031173969147752,1.4665943431015316e-7,0.008292245749606091,-1.1807077508296316e-6,-2.1188616612589443e-9,-0.09884298564827045,-0.0025975824379021613,-0.0001599986789111384,-1.0483972472717186e-8,-0.0014803969172001827,9.496257810059809e-9,-6.269269998506374e-7,0.00011344272575036359,-1.4087286813569943e-5,-0.0002225808115775565,8.526752384552208e-8,2.0716150175462506e-5,-0.007427693537514372,0.013421571466169978,-5.933260022622844e-6,-2.5605801242512575e-9,0.0957906149000165,5.6763271355238266e-5,-5.256046209294999e-7,3.953219299369374e-8,-1.997837450154391e-6,0.00039487177735796764,-0.0024091511218026582,-1.9435081046211337e-5,6.083907456143967e-7,-0.0007439197246111162,3.289112708917174e-9,2.157768899961133e-7,-1.3178717592539648e-7,-0.02214646794156693,-0.008660836796507514,-0.05763906965349603,0.0008934433005768589,8.678204013100969e-6,6.331012601745899e-5,2.736496089118873e-9,-0.0031701906033625186,1.2686647487671945e-8,0.22197112819891018,1.8785246934287368e-7,0.0005419549612118714,-1.199101798740059e-7,-5.928146028911878e-9,-1.0505611710079037e-6,-1.5415992646756276e-9,-3.105950295938637e-7,-0.000610449252253466,-4.172334140275566e-9,-4.998999274161386e-9,-9.596071305320952e-5,0.0209098276688364,7.1580412356585525e-6,0.0008042915571720615,0.0014432133761517764,-8.107511193202724e-5,1.489111618743197e-5,8.628851940771117e-7,-0.0025889457098765855,-0.0005523306502992049,0.0002366347718832315,-0.0018621379689668478,-0.0001372962969912147,0.010825693729713702,0.0007358435565151185,1.899611323877017e-7,9.191643902155873e-8,1.4454254706604038e-8,0.00010530606040334048,-5.20432202395018e-7,0.0024081591320143664,1.0775121437608153e-9,-0.03381755783773052,0.00010818515677420704,-0.00019193635138928835,-0.0005310732574953205,2.9228707226546924e-9,-1.4732055023406363e-9,2.129379192720712e-10,-4.902745142865644e-9,9.360697107856752e-10,-0.036965449098913944,-4.358395593054382e-6,7.811149412600664e-7,-0.004058941830065689,-3.974928751514965e-7,1.5979690698884256e-8,1.4982051288854077e-5,-0.0007305538257231269,-2.6373536690832746e-5,-0.005111039196633284,-0.0009070374330723229,-2.177473697882125e-9,0.016109927706247307,8.282500275337191e-7,-0.03440630696872837,-6.04092205331086e-9,-1.8669355026452605e-8,-2.4143955963683633e-7,-0.0005631429346812196,-5.8727520005638706e-8,0.012348725892809224,0.001891439213658535,-5.296642159146365e-9,-0.0018213276877245054,-0.00043516083992415646,0.0024665330525920856,6.903595551480436e-6,-1.9763056965048378e-8,-1.5689532465652525e-8,-1.1776641527582422e-6,1.7446285863034514e-9,0.0006886182902455273,4.527569402131035e-9,0.03807538419807085,1.2180526356400448e-8,7.51056369417372e-8,-1.0305284883089843e-7,0.0004115013593136269,0.0006018314800926057,0.012854721252060978,0.00044876619054602353,-6.223819122131705e-6,-0.005786074082000466,-2.098590916418608e-8,0.00022726910034831147,3.2590834994326503e-6,1.117835177750206e-7,5.845549343760385e-7,0.14548357716706795,1.998945857699808e-9,0.0007717901978892615,-0.00010639115449093181,-0.008821358467557208,-4.825001626615815e-9,-3.028427477415147e-9,-4.225913545352783e-9,-0.0038613569288336634,8.722554738818306e-9,1.4773381661610647e-8,-2.4635945436654916e-8,6.123607688106845e-7,-0.00035560724670262553,1.1387325808363132e-5,0.0407014724897808,1.5016961297220756e-8,4.6911899574608716e-8,-6.6563312318061044e-9,-0.0034842781183623416,8.696684685807287e-9,0.000578226214080698,-0.0023640668851397234,-0.0002222179604536738,2.8131900203012408e-8,0.012667463415279105,-0.047039582278267246,-1.7922118984908143e-7,4.4388931931266385e-7,0.0014236414789509596,0.000995720546506975,-0.00014893109554576565,-2.0580018544673463e-5,0.0507984326743061,-0.06516268532787893,-6.375512528070795e-9,5.612993756011307e-7,0.0011910827018378617,2.006599263187148e-5,-2.447305981400279e-7,-1.769989968014958e-5,-0.006429992550523392,1.277129170244481e-5,0.06453001961607091,-0.002124770375371711,0.020942895333998703,-0.0025128915825649934,9.175825263850714e-10,-0.0013668163668312053,-5.116867630763259e-7,-0.021871370948723275,-0.0010782579025482607,9.265681050065275e-5,9.004497181059866e-9,0.0002990028578556414,0.011636150489887885,-0.00484825044105456,-0.09336376091447622,-0.0010957886942938747,-1.0140399330400633e-8,3.965218296782422e-7,0.0008236500945040482,9.675926964404263e-6,-0.046890494264931644,-3.713825631641862e-5,-0.007989652512196981,0.07542466563467742,8.679076152886437e-6,-0.001741554924214064,-0.018213843936163376,9.651090711167154e-6,-1.7056599443364251e-9,-1.0301095466148722e-6,0.0008379455899472742,0.09464373608437607,0.009680597085283226,-0.02490796851159837,0.00013565121629927516,-0.002589581707757421,1.0591735697059936e-6,8.406494501622933e-7,-0.06238139490132623,-1.7469788782673677e-5,0.023825161428650814,0.0016406615929074858,-0.05766135569022097,-1.8835160391997444e-9,-0.09376029564465539,-8.564733047984045e-6,2.0563049386745984e-5,0.007868365493143384,0.0032541314067163064,-0.0021703706807811264,0.001709908052386574,-0.000282143438554041,1.237065082795128e-8,-0.00010386468009168423,-8.482245048499213e-8,-5.007397975414216e-8,-0.00031250384525551955,-1.2823845899473203e-8,-1.4330155908946462e-5,-0.04812368314911692,0.004056139770611007,-8.525924876695874e-9,1.1626511832578947e-7,0.0003097718767202839,0.005063542126456737,1.8905408592839595e-8,-6.0689967534212e-8,0.0011110121470893127,-5.0754210913310536e-8,0.00468775096453904,-1.6534258274384157e-5,-7.555899417531702e-5,4.525801072382259e-5,0.00860822552672579,-0.002415982259971641,0.015262674131071739,-1.0069656478056283e-6,-4.560123978513073e-6,-0.041432566416936864,-0.015477031859766744,-0.034553855282900586,4.922077349012258e-9,-2.2091125868737528e-7,-0.001527916363091956,0.00045553262943493487,-0.0020350167606636937,0.00035417972490693075,0.03612332231263572,0.0021222074695031487,0.000449960319206615,0.00273814066231612,-0.0009110143319157433,-5.785994364816412e-8,-0.00018222488777864743,-0.0002599284667262225,-1.8068121456126644e-9,0.00016260339606480393,-6.391028185865172e-5,8.809488546485171e-6,-6.923838395105421e-6,-0.0012702064822112968,0.00017220317105169142,-2.0496251627343254e-9,-5.602901118985184e-10,-2.1377654766331343e-10,0.0005707063117621812,-0.001733422316521145,0.018633701190723186,1.0769946481035262e-6,1.6258579752243167e-5,-8.999963913411716e-10,8.512352688532082e-6,-3.2004788790220324e-7,0.0033845431572088183,-1.2588596550646758e-9,-0.002045224008169992,-0.00012047756606258879,-1.643970468824125e-5,-1.7223026715762067e-7,0.016258700176785195,0.011421272581952767,-0.005156964078698275,2.2542391736342175e-8,-0.0005184711910468436,-2.2727573159243671e-7,-0.036532047932699103,5.490426197724929e-7,0.0033896322736708313,-0.0004941025532483663,-5.181200744467569e-7,-0.0001539143630152265,1.8302246349384243e-6,3.2892096947246887e-7,5.9189854373792836e-5,4.993832168012689e-5,-0.030920172637893983,-1.7624314605514906e-8,3.638274883077852e-8,-0.00178871728076066,-8.206797964874816e-6,1.1856359762891943e-7,-0.00012077125727751524,6.77681537458375e-7,0.006933047645452041,6.633320473098607e-6,0.0023645740033079957,0.00019085949801962365,-1.0093397055916287e-8,-0.00019821889852966306,1.1995872765713262e-7,3.1967289959330177e-9,8.50250410512454e-5,0.0025576152805221164,-0.05475168871010151,-4.475546595251181e-8,-1.387006684047496e-7,-0.005687634535867748,0.009076517859293148,0.005898677203216562,-0.02062026294811168,-0.0008481786666673622,6.742353216701315e-9,-0.00031202421031395754,1.2281958755225584e-7,0.0002692752465310255,3.7164007321471614e-5,-0.008504187920964178,-0.004536121427846855,-4.7810927498553975e-8,1.896493541604972e-5,0.0011830725583830992,-0.0034671990441846774,-1.2621107292645849e-5,1.0380249505187726e-5,0.03670479241140582,-1.9106986328686568e-8,-4.076695354421614e-7,0.04677547857860575,0.00015754075663191596,4.048000857372718e-5,-0.0058975470011435075,-0.0049239578099760754,5.742690173440161e-7,-0.00057913178608012,1.318824938568452e-9,-6.336400715941349e-8,-2.2230988763127196e-6,5.549305656707776e-9,0.0017938860711014704,-0.0009643231907883842,-0.00048735902244187755,-1.6286603456051093e-6,4.774166948246137e-6,8.642438181110215e-10,-7.376874031893408e-10,-0.08160314809630217,-0.00016226460643588425,-0.00016849785811536708,0.015251194490934641,-0.10497398758161237,-0.01201922354145506,3.469969537226546e-8,0.10427792021640453,-2.3705955653965749e-7,1.10300700799929e-6,2.764715860988885e-7,0.001184887090564112,6.10235906026129e-8,0.0004962788237857207,-3.96531503773471e-6,1.8402752059905743e-8,1.1391210620627633e-8,0.0018414285159617685,-5.6805374378020524e-5,0.00025678038776899125,-6.203585490439715e-5,0.0001768888678190752,1.166814094349962e-6,-0.0006892178720739173,-2.0474268541410148e-6,2.815616077804665e-7,-7.961622435417765e-7,1.8339860491351255e-10,-2.0632355113344683e-5,-2.001784938354208e-8,0.0003385705071399331,1.0493624361607623e-5,3.7294839908714146e-7,-0.00013777457041924646,5.020790914832386e-8,1.6587559745809037e-9,-3.345612344707026e-8,-0.00015801053888718437,-4.248718781272509e-6,0.005926388165103782,-2.4975236741355683e-5,3.2211012991388417e-9,-0.005493110294027581,0.012158227311842925,-2.2043522575002763e-5,-0.0009170553763521204,5.895981502730971e-6,-2.4856714069633415e-7,-0.05778066481914437,0.0005236185305950866,-0.003493677132744026,5.27961868004198e-7,-0.0005738723691389789,-8.232491586517418e-9,-0.002213960164537268,0.0005632350917063397,-6.652812624642043e-6,-0.03332552037463948,-2.09200079058557e-8,-0.023240720089912854,4.859084732575888e-8,-2.316167260405074e-8,-1.853013499148953e-9,-0.056258667822356626,0.017576975061559454,0.00011447009088119663,0.0005151429745917878,7.685353992789944e-9,-0.042116204062196454,0.001316985695716736,0.00012621619028109005,3.03276716072888e-7,-0.034620022003559625,-0.0003431026557615153,0.00027697991936465906,-4.6994969736549305e-6,-5.940505735174832e-6,0.001309829870704055,-0.002542427482850889,-3.482591345702024e-7,1.052534655078139e-5,-0.00028894463674797956,-0.03956782790441623,-0.00039151891261190026,1.303056772014845e-7,0.0005060680999185428,-0.04288627163338173,-0.0030693985081650574,-2.5903896816817957e-8,5.0256890135736166e-8,-1.8079202199193283e-6,7.1015057587407e-7,3.5678698838552008e-6,-1.0071473963696016e-6,-0.0062542954387715425,-0.0025221182988939836,4.530518012872788e-10,-7.670681281633328e-6,0.00015222464542223726
0.0,0.0,0.0,0.0,0.0,0.0,0.0,0.0,0.0,0.0,0.0,0.0,0.0,0.0,0.0,0.0,0.0,0.0,0.0,0.0,0.0,0.0,0.0,0.0,0.0,0.0,0.0,0.0,0.0,0.0,0.0,0.0,0.0,0.0,0.0,0.0,0.0,0.0,0.0,0.0,0.0,0.0,0.0,0.0,0.0,0.0,0.0,0.0,0.0,0.0,0.0,0.0,0.0,0.0,0.0,0.0,0.0,0.0,0.0,0.0,0.0,0.0,0.0,0.0,0.0,0.0,0.0,0.0,0.0,0.0,0.0,0.0,0.0,0.0,0.0,0.0,0.0,0.0,0.0,0.0,0.0,0.0,0.0,0.0,0.0,0.0,0.0,0.0,0.0,0.0,0.0,0.0,0.0,0.0,0.0,0.0,0.0,0.0,0.0,0.0,0.0,0.0,0.0,0.0,0.0,0.0,0.0,0.0,0.0,0.0,0.0,0.30113313926237306,0.003937665550568891,-2.2909781216068153e-8,-0.0003230670181452899,5.042542559988392e-7,-0.006274718438474771,3.847748532755919e-11,8.273866997914073e-10,-1.132397075275757e-5,5.691991895341553e-9,0.10421133030233412,-6.855707022690408e-6,-5.564635639795291e-10,-0.07186348407128483,-0.0001082730740312762,1.8960153438580287e-6,-1.2010277448742358e-7,7.587722109583881e-5,9.438672326137626e-9,-1.553518811408181e-11,0.00012510812647559171,7.4137125985812035e-6,2.88465940699216e-10,0.040885673804197484,7.145615609064835e-6,0.016241303173524027,-4.936581246957477e-5,-1.560792513259763e-7,-1.2823780668826557e-7,0.00011287528012891608,0.007209042461240947,5.141574837335835e-9,-0.002021051414338016,-4.966394535574893e-8,-4.322510666708312e-6,1.5673954159968658e-8,-1.2535878790319006e-10,-6.548876532193103e-11,4.32571584642978e-9,2.9532158805560713e-5,0.16558819536022734,0.000902132011630129,-0.0007334803551458231,-7.745983493522342e-8,-5.140032467308019e-7,-6.646140160243247e-5,-3.499713257514584e-6,2.9989865322587395e-8,-4.817541408774605e-10,0.024915252760020767,-7.497363265327807e-12,-0.033748808627047475,0.027441902001607527,4.637809925845451e-9,5.676732854929895e-7,-0.0020768022001159993,-0.000209793026156289,-1.9140700792747127e-10,-1.1091439544306183e-11,0.0019409927162191165,1.4209433466389538e-11,3.78204413021205e-8,9.083344660859573e-11,-3.985715087076006e-10,0.00018918791268314418,9.904993997904201e-7,-0.05189990544608103,-0.03755697009509994,7.559418058729604e-11,7.610140835421166e-7,2.2805793647079187e-5,-0.0018103312494218164,-1.0270290617180518e-7,3.12755189340559e-9,1.5695185680861744e-6,-0.00031344716069349205,-2.710503266007292e-9,0.004364401335380708,3.0987760585603734e-9,9.624588196062512e-7,0.005988201733581806,-3.06617103020805e-10,-1.1159860032401216e-5,0.00538226609112257,2.2110819835951725e-11,1.9385096586678156e-7,-0.00018919591515920462,-0.012413753669257736,9.449927026805873e-9,1.6917335626883263e-10,0.0007420897525256885,-1.1494355354566469e-5,-1.6976132573699613e-6,-7.340715618976545e-8,1.8365275798079313e-6,2.898196293756202e-11,-0.00029376672981151357,-0.06052470435007756,-8.500437893733549e-7,-7.437973439797492e-10,0.104864562358722,1.421090701242636e-10,-3.485638160053405e-6,-1.6472718710700292e-8,-0.0010636981188307086,2.959665533021007e-7,0.009154449922355867,-1.1743718485119858e-5,1.9731114158449068e-10,-1.1650386923587133e-9,4.552728359892296e-8,-2.914011325399671e-7,0.003724980678580717,1.0746483595192686e-11,1.6157471493281232e-11,-0.007150534502324375,0.0003738074338635762,-3.3518906977015864e-8,-0.0011244169226603798,-5.581664965190737e-11,9.406601955056884e-7,1.1290498385934797e-9,-1.4821953452035117e-5,-4.956555261296292e-7,-4.870498440394566e-10,-0.041079757690769304,0.007667857282101924,5.146898552879915e-9,-2.1707197242290708e-8,-0.0005167676462514109,4.3103722152753894e-11,-0.0225658066467997,2.419939628181067e-6,-0.07383200904162102,-5.950989250313006e-12,-0.0012590105216065972,-1.4239859682209897e-10,3.81708392825675e-5,-8.376149662917585e-8,0.00044934096936807036,-0.00018750535314586094,-0.052078002932807656,-1.4948392628900372e-8,0.0017842637984065673,-3.4921990333993726e-11,-0.00019479280858466407,-0.0001033291967000693,3.776964090185479e-9,4.493271636360612e-8,0.01589003444150603,4.040641883455041e-6,6.025180717949885e-8,-5.159507878903603e-7,3.180360249982376e-11,0.0839892130634897,-8.64923737346585e-11,1.754696641943876e-10,5.642187032449332e-9,-4.945494787550427e-6,-0.0006383748050029732,0.027185916082343633,2.3136971972600388e-7,-1.3491181666815428e-10,8.014453830552644e-12,3.4402230371088778e-6,-0.08378407267716338,-1.7831311784715779e-10,-7.894336043253904e-6,-6.448301214822277e-10,4.872317503436815e-9,1.0969299359848542e-6,-1.110389795772378e-9,0.10871407554808794,2.6989659356127357e-5,9.666465589441003e-8,-2.9525171934702225e-11,-7.078708246182437e-5,-9.609655957442656e-11,0.002817682668055816,-4.221908309154442e-8,-0.023933972026251932,-2.2851931233145103e-10,2.908903934579802e-10,0.0004691421030952441,1.2476899653048824e-6,-1.6472115302528295e-5,-0.0008610097205827991,-0.0006765843007276424,-1.3633750709250357e-11,-0.0072510056013382175,0.0005552591155137036,6.241062461697781e-7,3.3733497079323185e-12,-3.932085998244439e-6,3.3447023438045565e-5,-6.804895704966734e-5,8.996934163407881e-7,-6.3461361508732585e-9,1.1990701203353748e-8,0.012041048645227223,-7.955123002014769e-5,-0.019799071883063183,8.629697423372504e-12,0.004378143759611421,-1.776628768857934e-7,-1.2429560806008708e-5,1.6792642051662062e-10,-2.0603791273034176e-9,0.039062886671430805,-8.272101541350445e-6,-1.674107184215973e-7,-0.00014487241825144202,2.075142503504947e-9,-0.0008368768896111891,-2.2067147247296016e-6,2.1530296284234247e-8,7.68710638201051e-5,8.63553992069696e-11,0.08560610568977116,-1.2132255189943746e-10,-4.6321594196534e-6,6.229646485673566e-7,1.8186564362648307e-12,-0.00047139476355922364,0.020356520097018858,7.808229018826479e-7,-1.4074122105603195e-9,-0.0006419029171815577,-2.6059775227604747e-11,-3.785599585884233e-9,1.8252802922591944e-6,-1.0273756529014003e-7,-0.03354796976790023,3.1598498995464277e-10,-3.0905586089467665e-7,0.005359635927485655,-7.552090864798354e-5,-2.348023492323822e-8,-1.580666992253019e-11,0.0003617354496207021,2.8183073498851894e-7,-6.002188784004841e-9,-2.714731307089091e-10,7.497727423004363e-8,-2.1309057128036583e-6,-9.534844155657397e-5,-7.229636839548859e-9,-5.741615764079898e-10,-2.3271333880892816e-6,3.785388516363752e-10,-2.3916435408323806e-11,-1.0275994377625826e-9,0.00035680803162103675,9.474540445426033e-5,-0.00015256794926942033,0.0023141691574381285,4.2534359217074164e-8,1.3101218011869844e-8,-1.885134032188297e-11,-6.506711003887674e-6,-2.595282453106683e-11,-0.0013436104624438248,6.476427872636322e-10,-4.346630032653156e-7,3.4247128582322106e-9,3.0302598242179413e-10,9.838967386014684e-11,1.243297839694323e-12,3.405661720240461e-9,0.13716395281520455,1.9734672691135392e-11,-1.3732751709956343e-11,1.0179385649562533e-6,0.0007137604832450537,2.5577951965563615e-8,-7.862621446625763e-6,-0.08980301749354717,-1.7615782358715024e-7,-3.0682907797998127e-7,-1.8085087482980613e-8,6.333196283025224e-6,1.043066346125461e-6,-0.0465600432753703,0.004568628321003436,2.9664927956240725e-7,-0.03548390297423498,-0.0020769376475711547,1.3566810231557954e-8,2.692225257109386e-10,6.29458072605908e-11,0.011155919192410386,-4.797836279271748e-9,-0.01517266772886808,1.1032223371241911e-11,0.00018653163561167715,-3.293518391946713e-7,0.01773518293723438,-3.2652181315518626e-6,2.4908795693566073e-11,-4.699700507533193e-12,3.502940261732191e-13,-1.751598741254187e-11,9.240251061668828e-12,0.00021304277895652912,-1.6303436627865605e-8,6.403332427908855e-10,-2.8759350139253663e-6,5.871797369989257e-10,-4.0281491580674093e-10,5.001863348232682e-8,0.15376552273524002,-1.5230930580945915e-8,7.308727156231726e-6,3.6188114506186396e-6,-8.840722481124821e-10,6.0311618066845865e-5,-3.1033824001337067e-9,0.014756141543480546,-7.33643737846207e-11,-5.688722752967433e-11,2.8883520394255308e-9,-0.0008596517451592938,-1.537358427977944e-10,0.0001378801732488157,-0.04127208663260896,-2.3308016562156112e-11,0.053718475085610555,-0.00010555508003352634,0.00510138087947008,3.812637646081175e-8,5.656971622970191e-10,1.2359485189496558e-10,3.530182511549784e-7,2.046164262267888e-11,-1.598006025787319e-5,4.344362474246876e-11,0.0010895721237475435,-8.286002766456167e-11,2.860323420090001e-9,3.263944806396606e-10,0.11240281987834819,-0.036693303931420285,0.00038070465900438686,5.721923649464978e-6,-3.686006352149271e-8,-0.00034501452913000813,-1.477197393521838e-10,0.07020370914366997,1.7924571954616593e-8,2.2125723720932107e-9,-4.5674285807342003e-10,-0.0013031246827928235,3.680610771259315e-11,0.016922799371870356,-8.408660600749698e-7,-0.0005625813482446003,-2.954128530168398e-10,9.750955205418869e-12,1.4989380418827732e-11,-0.021495707927587163,7.41853400432391e-11,1.9016694367422052e-10,-6.210511375412925e-11,1.1373468645198212e-9,0.08164102834322184,-1.0773626921218774e-5,-0.00030653622871828297,-4.710656082688938e-11,1.4609226538181403e-10,-1.2841084910660221e-11,-6.2936628543977325e-6,1.433346424043916e-10,-0.019526790582168548,1.5196995201068983e-5,-1.952352663602313e-6,1.4643799152105016e-10,0.00022896573683597467,-7.570896809004884e-5,-6.229501699656598e-10,3.2168377130263864e-9,2.015560598629793e-6,7.729554794225654e-7,-8.955404207304949e-7,-5.8638361520370944e-8,-0.00011280790159170579,-0.00038000184485089804,-5.267166726989173e-11,5.303124585631214e-9,-0.038029356684003465,-1.0787702838208958e-7,-8.732111027933641e-10,-3.855150945560918e-8,-1.0675890200639027e-5,7.56806147957967e-9,-0.0011667084016239952,2.08498084204773e-6,-5.457533475602972e-5,-6.182305989714349e-6,3.2881073729834695e-11,-1.8814915847815483e-6,-7.198154666085101e-8,0.0008221731217827025,0.1265915650421094,3.9177979478892074e-7,-1.4157063502918156e-10,0.10975080860035065,0.0014380820856777917,0.0046566711695811246,8.351055852028149e-5,-3.7387612772805784e-5,1.6875132347275584e-11,2.8802188816253596e-9,-8.92063190620264e-5,-2.0266122688325658e-8,-0.0003774456040587268,0.0018052785896016264,0.027311309252018356,0.0002076640243812572,-1.5473700890859463e-7,0.1625745125714426,0.007828400417649498,-1.782617754152367e-8,4.548441597475996e-11,-4.5004267200869357e-8,-2.2286067011203297e-6,0.0003446757465813272,6.53291669840751e-5,0.001884105712650161,1.1237882567192744e-6,-0.08252546006825531,4.256895952828316e-9,3.980261187085754e-9,0.004594497963237911,9.217829874790505e-7,0.0002358141371931229,-0.06638131866861388,-0.0016013958604949123,-3.9608738817019934e-11,-0.0002882355563839368,-7.188321393655108e-8,1.3232471258888682e-7,-0.003055572221734992,0.003477251896203784,2.061617183150158e-5,0.019937355543022783,-1.3222411830437283e-6,5.4738577912060635e-11,-0.032614501159983725,1.481820460474517e-10,1.1178594862297946e-10,0.0051269266596182805,-2.2590278704061343e-11,-3.1229912492694787e-7,-0.00024970962009888834,2.054066934463662e-5,-1.3119409492587275e-11,-3.391022382889793e-9,1.0395214145918506e-6,0.008041292486518541,1.664557433620133e-11,2.3110560937506507e-11,0.0010930058078999338,-1.7510759878059248e-9,-2.299674649234767e-5,-5.187190853041678e-8,2.0002419855621675e-7,1.8346794904448311e-6,-4.889803045391944e-6,-0.0006257174831600591,4.6153641009492295e-5,2.872781827652479e-9,8.577745407346134e-9,5.5758733184690366e-5,0.00026583309949630615,0.002470064724056365,3.409069423491044e-11,-2.456194405776389e-10,0.22752483783522762,0.02138539891021106,-1.4739907418765937e-5,0.027885496485481543,-0.0008134249102791709,7.7939815009076e-6,4.547817115808959e-8,1.6311381215901897e-5,-1.522015579892036e-5,-2.089919444604083e-10,-8.804193475405395e-7,0.006622940585094244,-1.1092408082174125e-11,-4.724640716475157e-6,4.489508158497009e-7,2.6621654026966135e-8,-3.3460287236765335e-8,0.07355660151694858,-0.06134665708348957,-1.127380337502823e-11,-3.801789239675061e-11,3.3971350966073302e-12,-7.0174578262061994e-6,-0.0008783622822584136,-0.001611476169972855,9.413389150845462e-9,2.1590435593622097e-8,-1.034982595616102e-11,3.262171839409528e-8,2.081237907036985e-9,4.912393092146126e-5,-6.3180815683952364e-12,-5.587867171661744e-5,-7.847996293550403e-7,2.3081421941756646e-7,3.573406952428061e-9,5.170048482643726e-5,0.0004812270707679413,-2.0360913371291125e-5,3.3792284316655673e-11,0.12470549241842675,1.7856455372170872e-9,0.008185936103962527,3.000835479268512e-10,-0.002133196256377847,0.07345287742549185,1.3127732342800543e-9,2.8531081710755985e-7,1.2160435293542372e-8,-2.234811840532704e-9,1.0726394717964605e-7,-2.803667992324062e-7,-2.6355568439115793e-5,-6.648895272072705e-11,1.1092018281579824e-10,-2.2172430340577322e-6,-5.3989641593337464e-8,-4.2992203450051114e-10,5.355364270606032e-7,4.41096940515892e-9,-1.7310129672422084e-5,-1.407329164083035e-7,-0.009983646584627632,6.291189382318348e-7,-3.578042563347817e-11,-0.05644594292594049,1.852130317184728e-10,1.2785373449223744e-11,-5.6633534308860585e-8,-0.06538699827390725,0.014803775818950543,-1.9561867458456649e-10,-1.2897234156268374e-9,-0.0001423611489362223,-0.0179652091442906,-0.00535594798160788,-1.4323568397316234e-5,-6.013546373702208e-6,-1.3321070841303244e-11,6.506337803309135e-7,-5.919927865024227e-10,0.019245285071903838,1.7483393953584022e-7,-0.00013262352062280342,-7.692773396220732e-7,2.7391193578500213e-10,-2.4266768388195866e-7,-0.00036663664313111243,1.3109437526234018e-5,-8.987063483903949e-8,7.443883693840896e-9,-0.000590233893151628,-1.9345465011339214e-10,3.471309290435831e-9,-1.7360919473818908e-5,6.196113166695498e-6,-2.4154332007251296e-6,-1.1206991564075679e-5,-0.029219901276340745,1.2916112961634008e-8,2.3733461005023826e-6,1.4813454494636214e-11,3.905210954201865e-10,7.338417517252655e-8,-1.675006680595922e-10,1.958503836449837e-5,-0.013959875425759497,-0.045589228795153175,5.71889462452289e-9,-1.5761233541550898e-8,2.53093006477301e-9,-8.867644712226689e-12,-7.766422442938077e-5,-8.478942728395471e-7,-0.06702160970334022,0.00010487726702442131,-0.00014188179735538103,0.008308546168421907,3.3647345856374e-9,0.0005458731262880792,-6.377802658959126e-9,-5.500663491362903e-8,1.6502741398602455e-9,-0.007858696569606569,1.892614338056294e-10,1.4745427364567096e-7,8.12787589720063e-9,-3.263143400556023e-11,1.0213442342541187e-10,2.926218799024596e-6,2.4027089880657347e-6,0.0874994910600153,-0.04759795365465289,0.0012863828867446091,5.533811900440088e-9,-0.007804654009498856,-3.368888859947255e-8,1.4277734331041048e-10,-2.9362827233071614e-9,-7.323109526555388e-11,-1.3231628059796817e-7,-5.254026949766411e-10,-0.002564582398283765,3.2192251089743034e-8,1.1642991776905627e-9,-7.574525631228127e-7,4.024161510811017e-12,3.6371123692920687e-10,-2.4956484044217696e-10,0.06606292879726872,-9.036556451264733e-9,-3.876716086731995e-5,4.100855077283726e-7,4.735879939780331e-11,-1.641832708094958e-5,0.00020517437425666944,-8.294221983688029e-9,0.033543251882368966,-4.22258863913491e-8,-1.5169316458468322e-9,-0.0003899178427433358,8.523941196715838e-7,-3.964374126199468e-6,-1.1888628231667966e-10,-2.4935585476878367e-6,-1.3698796635424577e-11,0.012882672848562931,1.3504462356578508e-6,-7.30393271880297e-8,-0.00014384829272773994,-7.92666427239652e-11,0.0050291234583981406,-3.0189579246225284e-10,1.493028106877386e-10,1.0946156290498875e-11,-0.001475016209312977,3.991699693812634e-5,-2.1372769012241302e-6,-1.9355510368544192e-7,2.9044913811208808e-11,-0.0003238441979722926,0.0014028001238290222,2.663658928661386e-7,4.334380973745717e-9,0.006038884394205019,3.5844349066861964e-6,-5.935338690635223e-6,-2.4967763209744578e-8,-2.5364371254656704e-8,0.005273839737789231,0.18838497205646493,-1.261122932243091e-9,4.8691147105601344e-8,1.2052661951566855e-7,-0.0006484116621380768,-1.5806604889839205e-6,6.025453544942289e-9,-5.2804835413551575e-6,-0.00027114727327721055,-0.0002784831994466635,-1.0497201323430349e-10,-7.489437846171139e-10,-4.714926034605879e-10,1.5707773936532978e-9,2.2007891725516002e-8,9.992060579311995e-9,-0.002547297980613496,-0.04364820824276763,-5.778024414780917e-11,-1.918410146505692e-7,-0.03129338712847523
0.0,0.0,0.0,0.0,0.0,0.0,0.0,0.0,0.0,0.0,0.0,0.0,0.0,0.0,0.0,0.0,0.0,0.0,0.0,0.0,0.0,0.0,0.0,0.0,0.0,0.0,0.0,0.0,0.0,0.0,0.0,0.0,0.0,0.0,0.0,0.0,0.0,0.0,0.0,0.0,0.0,0.0,0.0,0.0,0.0,0.0,0.0,0.0,0.0,0.0,0.0,0.0,0.0,0.0,0.0,0.0,0.0,0.0,0.0,0.0,0.0,0.0,0.0,0.0,0.0,0.0,0.0,0.0,0.0,0.0,0.0,0.0,0.0,0.0,0.0,0.0,0.0,0.0,0.0,0.0,0.0,0.0,0.0,0.0,0.0,0.0,0.0,0.0,0.0,0.0,0.0,0.0,0.0,0.0,0.0,0.0,0.0,0.0,0.0,0.0,0.0,0.0,0.0,0.0,0.0,0.0,0.0,0.0,0.0,0.0,0.0,0.0,0.2978814101585378,1.4103490720895382e-6,-0.005641163742476738,-7.23122393967142e-5,0.0023338745878832014,-3.759969243153798e-9,9.226837469185636e-9,0.0012152073977710197,-4.6792968416146047e-7,0.0018453796895164817,4.294254796706279e-5,-2.1310896099046055e-8,-0.033726547292076005,-0.04632748180513613,-0.002123855776326379,5.546939439672668e-6,-0.0021916305710722984,8.862573541488903e-7,-1.7253986810063454e-9,-0.03972841599317669,0.0007954459148516658,1.041579622302208e-7,-0.01071984589120076,0.0003696964219604189,-0.005007928677068069,-0.0020205021179974174,8.71974373861875e-5,-6.934181517218634e-6,0.00777970865984074,0.0752071294777323,-3.412527181474711e-7,-0.035294202428441696,3.40431232953559e-5,-0.002338605605672225,1.6008445626816775e-7,-9.95659754243777e-9,6.9596509147012125e-9,1.187839774944429e-7,0.001907030675244153,0.0009481037492517525,-0.018716384734682935,0.014627734848974084,-1.8863076522729323e-6,-2.5681770025320935e-5,-0.00536730009407878,-0.00016189361720406886,-2.218644716753684e-6,-3.844464111923536e-8,0.04722404774184794,1.654444397176149e-9,0.0005934427217809557,-0.002311715915513875,-6.856007582887569e-7,0.0001600431374808244,-0.08169393182550463,-0.0010290682833433585,1.1076842128246987e-8,-2.14599432102176e-9,0.00041205421339580756,4.264294259541572e-9,1.408019109788631e-6,4.090879064166956e-8,-1.9824456051755936e-8,0.015293197953992883,2.8910934155644396e-5,0.0003742835551354164,-0.01468470330292347,-2.1907602049077697e-9,-0.0008737034632802353,-0.0012277472852038173,0.111263153524067,7.68745356529861e-6,1.991581517621241e-8,2.5114288301962473e-5,-0.015108758201228976,-2.9819850888295455e-7,0.03888277739804225,9.314451967948612e-7,0.00022773079929070398,-0.05559354301891864,1.7966497024472832e-7,0.0018224907207326961,0.01031472218582777,7.418855690689914e-10,-1.2391795689161357e-6,-0.0056950846771808145,-0.033658195942232065,3.256191095371079e-7,2.2985311212171397e-8,0.012308438002519788,-0.00084284528609075,-4.145672008219197e-5,-2.408333517891259e-6,5.47189736011881e-5,4.654693293336055e-10,0.009729383024752788,-0.02593477522187681,-8.952170536384275e-5,-1.0859098900946724e-7,0.0007974331423815232,5.017658911957847e-9,-4.277588509898841e-5,-5.270390822514319e-6,-0.002890007432033951,-3.7142328307676155e-5,0.019057576117232394,0.008027287905102608,-2.4956114532314497e-7,-2.263202027361133e-8,-4.0714001398398445e-6,0.0008954969606471522,-0.05827985290703128,1.7751407822660144e-9,-1.64089411950282e-10,3.468564927677629e-5,-0.015611639678231343,-1.7877821237051184e-6,0.047759564336691415,6.850993076845959e-9,1.578167962368788e-5,4.823697360951686e-8,-0.002519448334559918,-6.421352524833943e-6,2.1889590200918006e-8,0.0018241765055683897,0.00025329037515418683,-1.4803485295571554e-6,-2.57438747340395e-6,0.15904032982358782,-4.3526285310448776e-9,-0.03528735074676894,0.0002547569238993143,0.00020881642891437433,3.3927969940271557e-10,-0.05195778236634954,2.1818123750432245e-10,0.004827710953958574,-2.0399563511020735e-6,0.010386598016003652,0.006068909061551759,-0.0003298518212713701,1.7358632006755405e-7,0.010764092470733868,2.3783984311892352e-8,-0.0010536029097931551,-0.0185817470661602,-9.813005195673186e-7,3.6773310624928454e-6,0.1583592012367416,0.0006087982646648803,4.44233427083673e-6,-2.0919756350834134e-5,1.8182820372201368e-10,0.0017084625564228785,-1.6738329956395748e-9,8.700857006573868e-9,1.1265055551204024e-7,-0.00010848349355811343,0.0049655825957089905,0.026229542718776158,0.0004468692372157348,-1.1355282227643256e-8,1.7579558424822686e-9,-0.00020681551675812935,-0.010322022970258166,7.70413603509211e-7,-0.00027233547432449094,-8.237079842787235e-8,-3.7335995662838243e-6,-0.00013252535633265008,-5.035574098831781e-8,-0.0017736129754616638,0.0003456981972650626,-2.2680442209597116e-5,1.708849069397037e-8,0.022093105440292672,-9.30055349663912e-9,0.20477035048442901,2.2686127387380733e-7,0.0025922580669209554,-1.914877827500894e-8,8.145400320312953e-9,0.004150495201767602,6.811904116380994e-5,-0.00387335223892083,0.0023899978148084204,-0.009886457387655374,-2.897177923419938e-10,-0.00015646939277872687,0.022519955036078388,3.229840471129999e-5,-7.243085051175953e-10,0.0011286878222162703,0.0030369193136411147,-0.02235395978705404,0.00021318385050804692,2.2096454076331787e-8,-1.3107332707854623e-6,0.13754396807222333,-0.0033939247162948077,-0.004240100102930906,-2.115929689897569e-9,-0.04179351529201558,1.73288532642159e-5,-0.002284559900488421,1.1323133339552831e-7,9.357922289374033e-7,-0.006155048368106919,0.001074671344564378,4.169798683414293e-6,-0.0019284864413322245,2.579965682583548e-7,-0.006703938712355598,-0.00016814021579396053,1.0788721061683868e-6,-0.02862043844186193,5.226085224258201e-9,0.000355707937883495,-4.9141101404452534e-8,-0.005437798047587426,0.00010320256103592076,7.719817472725085e-10,-0.006533483222051576,0.07552187299121224,4.999022360283178e-5,1.5493122661152256e-8,0.005259689487486985,2.9462094625623044e-9,3.5529364902196833e-7,5.3895160638762754e-5,8.047245825713717e-6,-0.007539852946940025,6.082938788809518e-8,-1.5716376948608886e-5,-0.0027447099995424684,-0.0022407397985339003,9.744385088055892e-8,1.282249061063288e-9,-0.0026243966680130014,5.6762572633599905e-6,-2.527460431124178e-7,8.056148335103577e-9,4.047606080874534e-6,-0.00014170639117825457,0.0019883739222159537,1.4772909392410343e-8,-4.5635339012702164e-7,6.690739594226766e-5,3.968102470424916e-9,-3.779279865233243e-8,-4.081626005174749e-8,0.012044912032861213,0.008899494962785928,-0.05489093957416664,-0.02671658076584447,8.021214285666046e-7,-1.2866258262310128e-6,4.573119415032651e-9,0.0008802932515617629,-5.015870819177875e-9,0.0469889623150398,4.753151118160166e-8,2.0924368651704342e-5,-5.625056948787186e-7,5.22612851745962e-10,7.070467837646283e-7,-1.7500821003374184e-9,7.126638975946187e-8,0.0005661528951367066,1.724798392290628e-9,-1.657798031665704e-9,4.0353832013415105e-5,0.009488984996617239,-5.760634472502016e-7,0.00026133745909450573,-0.005642393549429573,-8.328390049045404e-6,-9.522025358165025e-6,-1.1007252455540397e-7,0.002044351143056847,-0.00029826305623664983,0.0004787493489312016,-0.001465162546640684,-6.506965780749592e-5,-0.01708078214942076,0.0006141140958468283,9.77365050680707e-7,2.5146065526995418e-8,3.3158390113392082e-9,-0.000733764010456485,1.5903743877844376e-7,0.0014272514528868522,-3.0901037573437867e-10,-0.022198456866652772,6.941613094407557e-5,-0.007233269867311498,-0.00010690407223946866,2.538817228735116e-9,1.894334156013125e-9,-2.551569621864124e-10,-6.755322566602123e-10,-3.3818376221141134e-10,-0.06020106355861279,3.4781940522362915e-7,3.800955151434269e-7,-0.0007484100703996612,3.9354397283606225e-8,-3.7759854229690065e-8,-2.7750967390017835e-6,-0.0005945119107664884,-3.110495258909729e-6,-0.0020540258482097703,0.00017341648676005985,-3.1284824709219954e-8,-0.0003078743065799549,-1.726817176389028e-7,0.09878249055255915,2.528774335123351e-10,-4.807612986932621e-9,1.1545490930847173e-7,-0.001955580397818287,-5.185835401747192e-9,0.001697595891269174,0.002563329711254647,-5.594178075083035e-10,-0.003403546061330739,-0.005189219487226626,-0.018346710549232145,-7.066269912494466e-8,5.318756880351327e-9,1.3563545116952435e-8,-2.9433586648096713e-5,2.0719960780952138e-9,-0.0017864541800703126,-2.072493051858932e-11,0.013977038395861337,-9.107512893204274e-9,6.817133172334666e-8,1.2093667924503561e-7,0.0023182133115937182,0.0011377637882057665,0.003970757710573751,0.0005182051736923835,-6.109229459336128e-7,-0.005099429377692349,-1.4395116508380243e-8,0.010612630097177972,8.581379937700264e-7,9.490901264681736e-8,5.969371917114382e-8,-0.05874253071636591,3.469988530480991e-9,0.022924623946246794,0.00012274620915356057,-0.036910117411126625,-1.1907362977598892e-8,-1.1137374158309204e-9,-3.1051617035410555e-10,-0.02205675523077245,-1.8828448864447746e-9,4.751162705915398e-9,1.5436729108839824e-8,1.0313925612090769e-7,0.0013375956677418505,0.0005263836683907719,0.01445608617876306,-5.828320615999427e-9,2.5626333478146318e-8,3.056296141772921e-10,0.0002222141327514425,7.594164675280152e-8,0.0013992714546251033,0.001097018331698526,-7.069640045841673e-5,-7.237447384447108e-9,0.06911159115181202,-0.016152013885637945,6.926684041620405e-9,9.232802857945327e-8,0.0002923368829616687,-3.560018934091503e-5,-1.9139019791394917e-5,-1.5442996028245766e-6,0.04778493806807385,-0.024544530907242682,1.0797272390688912e-9,5.9367968796327096e-8,-0.04464429146257567,-7.000680007475963e-6,-1.1992018305510884e-7,6.404970049817187e-6,-0.0006309403149320584,1.0044460393960984e-5,-0.045954205265708835,-0.0024845591188505144,-0.0011921643540895894,-0.0013145445366432198,2.430632053468002e-9,-0.0007577611533971372,-3.974937822465958e-6,-0.007774052068005173,0.000182569039670546,7.66738333030422e-6,-2.6758725246635047e-9,0.001332516024874294,0.008533543584686333,0.03343285506634692,-0.04344454664933678,-0.004666099240971912,-8.177737863123467e-9,3.2708634125493787e-7,-0.003011758270007713,1.0834575985841908e-7,0.0052966840427453405,-0.03628435266214482,0.06236647653699411,-0.010572877902780756,1.6338334521549196e-5,-0.005831648225491881,0.17071262855405395,-2.9635601968906813e-6,-3.6937378641540647e-10,1.4382885020111892e-6,8.053730580932921e-5,0.18883807084187432,-0.0008702360420852836,0.061938130495099115,2.268467306694558e-5,-0.01674064058534297,-7.923939715030831e-7,-8.884555966214855e-7,-0.03895916922333083,3.1489288311890824e-5,-0.015779289141977355,-0.019094945630659037,-0.023563554682578314,4.057968548099707e-9,-0.017336466507719056,6.080422952929379e-6,-1.5313004720961134e-5,0.0018783109806551307,0.016124918219408625,-0.003166260814194415,0.05141240772495856,-5.7903606584399095e-5,1.1536102067821356e-10,0.00032935443945987785,2.1959705291457613e-8,2.0875051861204817e-8,-0.00018959069794277346,-2.7651055068646242e-9,-2.6612170057340333e-5,-0.005871190342188918,0.003215129195639689,-1.8053075464287954e-9,2.108752236516904e-6,0.00036316047197773344,0.0301215351807712,-1.6795484635144293e-9,-3.139487215316683e-9,0.00042304228724864224,3.856432666023123e-8,-0.0016891856197312136,-8.222875741863115e-7,4.715546016205334e-5,4.9548502805497684e-5,-0.001340397910091363,-0.006363418604161014,0.0027563720011277945,-1.6421146354971589e-7,-4.074544712072175e-6,0.015724304900864104,0.00726662719026582,0.0390053865561319,7.159971779127603e-10,2.21181901470335e-8,0.0008038465064922019,0.03928115536844282,0.0003347944857662468,0.0006110308432967568,-0.028615949968240264,-0.00021207590908435547,0.0001427245436901154,0.0006118118130203783,-0.000935362535494156,2.9830350951821665e-8,4.48298047360651e-5,0.00024143587638414052,-1.8697357931450415e-9,-0.00012974465455506355,-5.117831632532836e-5,-7.554753378842118e-7,5.232524263820606e-7,0.0066301221925464116,0.003593800297779754,-6.128841159740292e-10,-2.8664428479567757e-9,1.911473135013052e-9,-0.0003078849904028306,0.05721814827733225,-0.05060357738453408,-8.482527612080781e-8,-3.097610758610012e-6,4.3521513467791284e-10,-8.874315850703689e-7,-1.5420326218328275e-7,0.015594209169537349,-2.561810841818902e-9,-0.0018827621986504653,-7.016007365724935e-5,1.9824730758862542e-5,-3.199733016214474e-7,0.006770706693549593,0.011831587431531194,-0.0024902251013746647,2.643625711664632e-9,0.0007464699029068474,1.0090354088867412e-7,0.15524120767180535,1.0119014796198101e-7,0.11010968543485669,0.002039860381945882,-1.2852447592553953e-7,-2.291676959674629e-5,2.0331058541285475e-7,2.2732573986214445e-7,2.3563129967028623e-5,-1.7708621564076146e-5,-0.052753045041687534,-1.0219919850717897e-8,5.7186398572511125e-8,-0.0015205216638267162,-8.365591156854063e-7,3.5089914965966046e-9,3.7362760340836955e-5,-4.942875592060569e-7,0.0012130902718761266,-6.35160072745644e-6,-0.025399737891294363,0.00013914770463378483,-3.293448168391994e-9,-0.008457746434368793,6.371885533014705e-8,5.848011867391879e-10,-1.0536047168178738e-5,-0.0015362980078161442,0.011341507724727045,9.646639334926288e-9,-5.3697422276384955e-8,-0.00042759950851400946,0.01029540826134095,-0.02642587539729187,0.004121098086989205,0.0006091185141628483,1.2904489801986636e-8,7.94651041425141e-5,-3.9417159427063896e-8,-0.0028897122433916398,-2.795439497850266e-5,-0.0009630796324036886,0.002406939497046932,1.4998829512950983e-8,-1.0920555388060856e-5,-0.004645610281863145,0.0014143397498924933,-2.07594692822324e-6,2.6391819765761377e-6,0.12689058364153463,-1.000310886267223e-8,-1.6529805701774603e-7,-0.0072880804517129385,-6.376777239477024e-5,5.5118794392011004e-5,-0.0008900988165987546,-0.018730274961527793,1.4668771200387207e-6,0.0011370615848182311,9.505158421494603e-11,-9.180913436314384e-9,2.599360687585492e-6,-6.7660868581100886e-9,0.0005017963613002704,-0.03456278962688321,-0.007694458290003256,-4.29486588967845e-7,-1.1466659462707262e-6,-2.422529062194963e-7,2.258358187377887e-9,-0.07325342772810044,-3.0301471347219878e-5,-0.01239398684382086,-0.0010970364496506067,-0.036648737748686266,0.07554889476220536,4.201231306720285e-8,-0.010355139197515614,1.85040320098591e-7,-2.5562648453252995e-6,1.8135944215165863e-8,0.00017459658445380348,1.484904004731149e-8,-2.9367832179787864e-5,1.0638665227250375e-6,2.481543627963169e-9,8.270913130567544e-9,2.4500757857960035e-5,0.00039610860489977393,0.0002302389997657164,0.00018738655559204784,-0.000760696645604087,-1.4845614887726066e-7,0.007457931750137725,-2.1820966083002336e-6,8.25709103116334e-8,-8.055251314784942e-7,4.125741617678812e-9,-1.5770054697685025e-6,8.77895516155719e-9,0.00023070881569688283,-1.9381530284666213e-6,-7.626391779403637e-7,-4.527054167190667e-6,1.0905496696932992e-8,6.813198676376711e-9,-1.605155366488217e-8,0.00024473049588442464,2.1276637175644596e-7,0.0022457003931226393,1.2730685871026845e-5,3.2455487955978137e-9,-0.00016222207702916634,-0.010316881770482586,-3.827483686499864e-6,0.008413680394833327,1.1890790406247457e-7,-3.802168877805025e-8,0.011323942126024007,1.4534334930229464e-5,-0.0016252853514270983,-1.4481719795198779e-7,-6.112203748819742e-5,-1.408553588790791e-9,0.033111562979493504,-8.639530253179819e-5,-1.9109983287399005e-6,-0.009868003399222686,2.3981603390774097e-9,0.1018597702902418,-8.792910399098988e-9,1.584322109322359e-8,7.777963759918597e-10,-0.024673566453986013,0.006623090126416464,0.0006447540627471975,5.3227472001947236e-5,5.079136369762077e-9,0.0025740328536315352,0.0006648501998612996,1.9009227455170242e-5,-2.129271320960631e-7,-0.0426221101630326,0.00044026676838217644,-0.00018113019782023323,-6.410500618256579e-7,1.4630703543402987e-6,-0.017802407026540956,-0.0020647681664158397,-1.611122874403496e-7,-1.4341302501116428e-6,6.845242339986247e-5,0.011823825814945328,-0.00011092966278473516,-2.2466135084981073e-8,-1.2316564795846677e-5,0.0018366155587478034,-0.00436250115958887,-9.667377466409455e-9,-1.5123805559235836e-8,7.237995481997335e-7,-4.989407960749483e-7,3.0724265544866307e-7,4.800191141803801e-7,-0.0369546205022496,-0.036939379132857136,4.1571105185789655e-9,1.212753460741625e-5,0.001624040345134855
0.0,0.0,0.0,0.0,0.0,0.0,0.0,0.0,0.0,0.0,0.0,0.0,0.0,0.0,0.0,0.0,0.0,0.0,0.0,0.0,0.0,0.0,0.0,0.0,0.0,0.0,0.0,0.0,0.0,0.0,0.0,0.0,0.0,0.0,0.0,0.0,0.0,0.0,0.0,0.0,0.0,0.0,0.0,0.0,0.0,0.0,0.0,0.0,0.0,0.0,0.0,0.0,0.0,0.0,0.0,0.0,0.0,0.0,0.0,0.0,0.0,0.0,0.0,0.0,0.0,0.0,0.0,0.0,0.0,0.0,0.0,0.0,0.0,0.0,0.0,0.0,0.0,0.0,0.0,0.0,0.0,0.0,0.0,0.0,0.0,0.0,0.0,0.0,0.0,0.0,0.0,0.0,0.0,0.0,0.0,0.0,0.0,0.0,0.0,0.0,0.0,0.0,0.0,0.0,0.0,0.0,0.0,0.0,0.0,0.0,0.0,0.0,0.0,0.2965683143852488,1.3802491680282752e-5,-0.004538634075849042,1.640439770612385e-8,-0.0023638360439526378,5.047001891644213e-5,0.00037723660784763776,-0.026242601494185402,3.486340363574974e-8,-0.00030143344980769433,0.003525198932574832,2.2815273985821346e-7,-4.880949594711546e-6,-1.6223306301531265e-5,0.03162751719317365,5.703904488046194e-5,-0.0218644652434844,0.00025172323446699094,-5.605663483931104e-7,0.00040646301213143515,-0.00110174192302206,-5.931732503437809e-8,-0.00018357688253111749,2.9913288236177717e-7,-2.993164955268145e-5,-0.0012549473957186668,-0.00735768876550476,-1.6239150649178243e-5,-9.163386978144947e-7,-0.0724304410638376,-2.1003368935470413e-6,0.003303098158953293,-4.9597465599033056e-5,-0.03274058284549195,0.0002198129704554235,-0.00020861514275250843,-0.014569512330510986,-5.949238507661284e-5,-3.9496613214726523e-8,-5.652765982140177e-6,7.456820365742897e-6,0.01498532990296272,0.0018318440452666314,-5.5947966214358574e-5,0.0021553108547216976,-0.05179941458333435,0.0008886677980263467,-5.426813241484536e-7,0.00016345786177072083,-1.8133465070750075e-8,-1.995296959294318e-8,0.12707422425675824,0.0016102059146404124,-5.973425618245835e-8,4.919706562088358e-6,0.006532998939693533,0.0004931613659791195,-8.826822765357513e-7,-0.0002463686258901434,-0.0197649605605869,0.0037862351812426734,-0.009882051038010684,-9.198449607101086e-6,-0.0007873671749675672,-4.516114791571101e-9,9.047952642790451e-9,-0.0015571687963912696,-0.00027888121500042537,-1.9724434382804686e-5,2.108650238820133e-6,0.015726034859921575,0.00606473073724201,-0.0023024749074484594,1.0012999653686718e-5,-0.017102558724854472,-1.2451958072105616e-7,0.09424849676213375,0.0002555939903942205,-2.679851382752221e-7,0.00984862786928968,8.177138209693925e-5,-8.96428877285039e-7,-0.0006352071954979694,-0.004673974850707031,-2.3466517676573587e-5,3.157919978939441e-7,0.0593024078638797,0.0009134808277650454,-4.711573926194243e-6,-6.904552600207156e-5,0.0014471876523635995,-0.002764900382367129,0.0020760826442231942,-0.00036454381365565907,1.8898894487330235e-5,5.423157636360312e-8,-0.00024280604050822116,-0.009176824993386417,3.1644985240102105e-9,0.0016666829951888027,-0.0006329613162655876,-0.01432641305257686,-1.4124938358037837e-8,-0.005819737795130808,-1.7157412670891213e-7,6.891594117719763e-7,-0.02583973282402125,-0.0032981298121399164,-0.03671116958702214,3.555201796171542e-5,-6.775329308322209e-7,-0.00015302491110099625,-7.449021669064126e-5,-1.5067963461727928e-8,-3.565164973398275e-6,-0.007760476194151305,2.5744613365350823e-7,7.427367888689436e-5,-0.0012158394453629883,-0.0003377071002333152,2.2714793898530425e-6,-0.0008926806290249543,0.004897193342883391,1.0610593614883435e-8,4.958027895837836e-9,-0.0026710145560817065,0.0036157725102486673,2.0337812832852937e-6,-0.001336638925237303,2.4217487518626176e-7,0.000518619238895462,-1.4362378377364771e-8,7.601147488109292e-5,1.110761555045154e-6,0.0004157138929792486,3.9272682247090585e-6,0.01944214324247775,4.884958380990132e-8,4.662002669227464e-6,1.888387842156567e-10,0.1377091323570396,-3.7499690904983356e-7,0.005809192722601796,-4.683963085017121e-6,-9.544108176335348e-7,-0.10970496139953231,-0.02920299600430783,-9.26144248823878e-7,-6.213454523781862e-5,0.001878679624458512,-0.0014108449067398864,-0.0005542893614806889,-1.591746449477882e-8,8.281898830865307e-5,-0.000372522203551951,-0.01947654464520056,0.0012194975597080815,1.708699461091671e-6,-1.0949743304892722e-7,0.00030700244916021267,-0.0002562983425454246,0.00021449922043761298,-0.0006882367438793795,5.700398138626622e-8,0.12174964749546467,-0.0002631280669921234,0.0012635672556084445,-0.02330149558160919,-9.975058133745116e-5,-0.01415379849356618,-2.2173098840508267e-8,1.1531221957987331e-5,-0.004165619907400467,0.0019303445684231272,9.9900821138748e-6,0.00010821838584619989,3.322225694386514e-8,0.19038710247050739,2.723528094798e-8,-0.03235152348603955,0.00025499014695178193,-1.2486391668646152e-5,-0.0004194248857063017,-4.021338747024835e-5,1.1106063251387765e-7,1.0540295309457667e-6,0.0003241659176328862,-7.366244279158469e-10,-1.4974051633779558e-7,-0.003350848948980996,-2.1130260339092863e-5,0.0004114125643467065,2.4001802484089626e-5,-1.4912619335425035e-6,-0.00020709031749912305,-0.00587278100409092,-0.011607682716840689,-2.400084665832258e-7,3.405241447263844e-5,3.0311422388034027e-8,-0.00017126262140091988,7.206594707808257e-8,0.017378522628526998,-0.0001576138226523639,0.002194572781621079,0.01303300460001877,-3.828847520193808e-8,5.444613131435511e-5,0.0030323018977913173,-1.6210896173964766e-6,-0.021838645338626554,-1.7067174875922366e-7,7.246562687269513e-5,0.05816220921804577,-1.6777526741265638e-6,-0.0011756783290461329,7.96690598790494e-9,-0.00565766821664125,-3.287562094499503e-5,0.0004978385324028275,5.826968070063576e-5,1.0474326289694148e-5,-4.92154819877404e-7,-0.0012203188688762997,0.0008915702803167332,1.5753645594723546e-6,-0.00024214062948462912,0.0076697432811523095,-0.00030945728889675376,0.012166247386438964,-6.367560978802488e-9,-0.0028593017985122744,0.00289757185528115,-3.3396665752604345e-8,-3.3846411582210155e-5,0.1848302649078732,2.8551556481423677e-5,9.3580281757468e-7,-0.004451285116361093,-0.0036656650664964523,0.00279713679632621,-0.005139150159443198,-0.00012774290480251188,1.1248512534806981e-5,0.010963979592128458,-0.05565969035959061,0.0006245208997995578,-0.0004876492542665907,-0.01829481120155479,-0.0019064746503716845,-7.2944586049533665e-6,-9.45352689002558e-7,-1.2069753039963902e-6,-1.3367605773075479e-7,-0.0569368649514384,-0.006275967550855383,0.00018584333671765746,-6.886825636858353e-5,-0.00037457263458078315,1.3969118864847053e-6,0.007366000346304222,-0.0010943997382835092,-0.06723801311687533,-2.423285533337226e-5,0.07891311938725999,0.00027700519353350577,-0.0016648906848664474,-8.757720936157107e-9,9.725141333160513e-5,0.0003755357826892673,0.0006307202465474184,-1.5084377606016926e-7,-0.0025290216857193084,0.00022005675168257395,1.9165984335068336e-8,0.0004843147295733344,-0.006098070243459801,-0.02465485487281638,9.224284446702414e-6,-0.0002983440912615601,-1.0956485430496473e-8,-5.8065127642865107e-8,-0.0017776591789248617,2.412317167183406e-7,4.355783875397687e-9,-0.0066611539974380666,-0.0007684477795185646,-0.0006676405474448136,-8.21384902837499e-9,0.061956322384116094,1.5091497852819918e-8,-0.00015010224720939566,-1.8974957081004625e-6,-0.001198436235774965,-4.2179123825953294e-8,0.0011896572512813824,-0.00018002634977036636,0.00024322032996784972,3.0227655581806966e-6,0.0003458654399065748,-0.000122560234724381,-2.409786085099136e-7,0.2646311872477419,0.004938489912770127,0.00013663495089345535,0.005094345699101274,-0.0035744543697506545,-0.07416489834533724,-2.0051594189188435e-9,0.00048626961896917713,-1.7322339918734237e-5,0.00011866970219568719,0.0054694184282719676,-1.6675036171341576e-5,-0.018317161462843515,-6.509333014827576e-7,0.0002352465035293691,0.000625895395747595,0.013032344462378534,5.9590747410501014e-8,0.0035182580624340556,1.5534520733745966e-5,-6.30718135934684e-9,0.0005157106290196224,-6.153176152054095e-8,-2.963678037530288e-5,-9.448477379482283e-8,-0.04253048454890642,-0.0005610693628547008,0.0008005397449205343,-0.008990257072017829,-0.00028658270838745017,-4.2023823738849424e-5,-0.0002958039414181304,7.288082561279218e-7,0.00012982813228557108,-0.013833972438647271,0.0039034758014636424,-1.8479590719762332e-9,-1.4247820279920523e-8,6.957873024499144e-7,0.00038949756933687565,0.06622162374949628,4.171506076485521e-6,0.00013829291144142628,-3.9092406786874246e-8,-0.01971471057784095,-0.006517544188591643,0.004251753107477987,-8.349757153477734e-7,-8.790714595032398e-5,-1.4909364593349578e-7,0.0004960611619278206,4.684873642575251e-7,0.0014710961897084565,8.593487360353762e-5,-0.001171877682886205,4.468093735563302e-8,-0.000354055974015348,-0.0009766636753769705,0.002165579954381693,-0.001190408324457294,-1.746729922703647e-8,9.148412498966812e-6,2.8488167415991816e-6,-0.0008438493941409528,-0.0009993519172365227,0.0003921777589158146,0.00020028627175156864,0.0024505697088114124,-1.00460305037587e-8,-6.16307449643738e-5,0.0009665917943267285,-0.000610954595016874,2.3261178497288301e-7,-3.0033483936304e-6,-0.0009374825826711662,-0.006344233743339714,8.088610608951808e-5,-0.001250319689317038,0.0016748423354861124,0.006445281928768571,8.967028204154514e-7,-1.6307537540337298e-6,0.0002378762115631512,-0.023409009321322054,3.204159334194576e-7,0.0009609528023343818,-0.0010095073670703875,0.009198322464902525,0.00013991043354098613,0.005553209243521548,7.558595100669822e-7,-1.4472561675342594e-5,-2.8770113003946038e-5,-7.083335434095255e-5,-0.00011177743148228889,-0.00030337246469811256,-0.004084077808884781,-5.703781511456213e-7,-1.1743741627502426e-8,-0.003933187834704658,0.0003378808533399469,-8.271961295404833e-9,-7.260530056314505e-7,-3.7225830571662144e-7,-4.400624780702082e-6,-9.23916070298347e-5,-0.0021244366215421562,-0.01223035954071612,-1.8044829066303835e-5,-0.006833070812178946,1.0729160664831172e-5,-1.9987068291029407e-7,-3.7686482882687906e-7,-1.4875246927069201e-5,0.0009848549372208305,-4.2942638695594554e-8,-7.888898986161503e-7,-0.033253895074269256,-0.0016218031940291365,0.022992830713768356,-0.0008923493568124566,1.2194781981760963e-6,3.8611190025710445e-5,-7.386004408193943e-7,-0.003514924165542381,6.037255628643975e-8,-0.038412527234333076,-0.07729975512199973,-5.760843629996017e-7,-0.0005577855334042501,-2.8546081705877336e-7,8.045886979721445e-8,-1.4008743472260445e-6,-0.00016008513353337608,2.449466767954885e-6,0.006988691841207812,-0.005745634293012365,2.4694542730239484e-7,-3.784044436937122e-8,-6.110700428759272e-6,-5.802891585804797e-7,0.00013356248116116315,-3.7913876062827074e-5,-1.692120087711674e-8,-0.003715431950927167,0.0023181974025130165,-4.919695336285674e-8,0.0005906040153053552,-0.0008778511427871619,1.0158313420288446e-5,2.392076719802314e-5,0.0002615652564242908,0.1404066168415937,0.00022415481243629785,-1.6037337935878227e-7,-0.0009229628345657453,0.001621069814341368,-5.028310114999581e-9,0.001995877715434281,3.1014744040092665e-5,0.012977449908358238,0.00038956473809141553,-0.0011330228986659336,-4.3999226386869534e-5,1.5271133800013622e-6,-8.30736556159592e-6,0.07296001276189686,-0.0446521702831382,8.537531499455568e-6,-6.450862176646772e-6,-8.360749495423844e-7,-0.0003366000560755759,0.0020456585139156627,2.1242654775077802e-8,-3.2600317645288153e-7,-8.931589657213704e-5,6.1952628745059805e-9,1.7799319031555105e-6,-0.000287086328364643,0.0004321055498730347,-9.872302697445488e-6,2.144196030390366e-5,0.002507105553479182,0.00190054283432199,9.073181827432963e-9,0.00015078826041172862,-0.0001964737800459869,-0.005531706458696407,-0.05137894374694043,0.1015584668169028,-7.223661824745876e-8,2.0597822915771848e-8,0.000220810084334293,-0.0003928617306476368,-0.000196964615439392,-4.587781703169879e-5,6.598208315224673e-7,-4.0749241916960336e-7,-0.04131605302117362,-0.03412883601956023,0.00013479536521004057,-0.0453307644717851,-0.019795128047570658,-6.658796090009289e-7,0.00012191891913853166,-2.04772487236838e-5,0.0009684657686556687,-0.0004742632940038442,-0.04097025860426413,1.973235432260297e-5,-4.2260642294022464e-6,-3.318147440555861e-5,-0.0010674107719139028,2.1587213560147208e-8,0.011373728938831271,-9.572584475908568e-7,-0.005485338993513474,1.1008842633243714e-6,2.4346088827146728e-8,-0.033467096980682544,4.459956910001227e-5,-0.02081193853319995,0.014891305510463549,0.00111032901736261,-0.0006277109340162839,-5.475815055348002e-7,1.260079651863786e-5,0.0006127732266222227,-0.00018420671127171223,0.047871338613875075,0.007965652277668116,-0.00025787101260557876,-0.025861893954331083,-2.3246367127008096e-6,0.00020112223906055965,3.070615802860073e-7,0.0004987105968258101,2.63617474183191e-5,6.4314096325694645e-9,0.0029550241833666995,-0.00014252948516198152,-0.0019516247230158509,2.592594748366732e-8,3.446359550043493e-8,0.003724699737903052,0.0012378937719823549,4.1271175314119224e-7,4.793303370166471e-8,5.3311285403128485e-8,-1.6616590001648813e-5,0.0004387990602227924,0.002797134531325676,-0.0015152441138285917,-0.004651712152193602,-2.1628666924834168e-8,-0.005676084666011912,-1.5019340747889706e-6,0.00011498133870027832,0.0014689506451082287,-0.004951006140490795,1.8454687915102354e-6,-7.740888537139069e-5,0.010269349308761716,0.002536852706926579,1.6970912333206548e-6,0.0010231283953671677,-0.04397255769879887,-1.8388691446576367e-5,-0.0001307036499923665,0.0004182038359446869,0.00013890927847648533,8.180164342319992e-8,0.09825375634819052,0.00024902425396682704,-4.346017671871845e-5,0.0003045579930038806,0.007947118567059038,0.00025005863390249093,1.1188647307472149e-5,3.583043712109137e-7,1.8650594754216462e-8,0.1284604948158287,0.015545367695769134,-0.02324874185785295,-0.00024629389795491845,-1.113402434069475e-6,0.00013462204619767314,2.727952328302795e-8,2.304741836382759e-5,-3.965385925621865e-6,-7.235494399274817e-7,-0.019732934272663344,-1.1297158352335426e-5,0.0016852382230162625,-0.02362434252647472,-0.008905432822343701,-5.599556403942123e-9,-0.0003101032977208954,-0.0011629636611821307,0.10927562078180394,-0.0006714578058435561,-0.0008783135272194047,-0.0001761394540144078,0.0005638045996195308,-2.561889218436922e-8,-1.4228149119410109e-8,-7.976951983452732e-9,-0.03979515015269031,4.346404349728172e-8,-0.009201239167396711,0.004714622001866028,-0.07547492680639101,-0.00014962548888307345,-0.001994071516272939,0.0031594065978523067,1.3868132158932155e-9,-0.03559840436916833,-0.07611155030267297,0.0012190827033590906,0.00205853187778648,-0.0009396260727378299,0.0017368652677356132,-4.1524093744902196e-8,0.21872026630126473,-1.5456557861817812e-5,0.0012681159052106738,-0.00022417202878118143,3.734122654189216e-5,-5.008340130680806e-7,-0.003173263231004225,-7.866809873385468e-8,0.016790407040102363,-0.005734479464462997,1.0853817785879571e-5,-0.00039955880566020614,-0.00018458578526643577,-0.024288078565673707,0.00048406451997273195,0.0004315433355202431,-6.975147783955231e-7,-0.00022252557790690633,0.0038973213946239186,7.746327985595787e-6,0.00154798055644699,-1.268529537785516e-7,0.003463102918219063,-0.0015397410372996008,3.9273817031922825e-5,-1.0100750800376679e-6,8.909920939792878e-6,0.00042051399907229496,-3.792255991676173e-5,-0.00036458368260740276,1.1734730063245972e-6,-3.0999764698168004e-7,-0.004695734552074389,-0.010799552642058362,1.827162573777719e-7,0.0004898389776702492,-0.00043230933866364907,0.13180911755459757,0.2445474347588293,-9.029281052363192e-8,-4.6705764938063637e-8,0.0029890423061894795,-0.0712395963153282,-0.0011030123713293347,6.172883473283278e-6,-0.00043534054973623986,-0.04121275400145137,-0.0004367799818098898,1.3796532731360927e-5,8.729094166184865e-6,0.0004495714878839959,-0.0022762723524994426,0.005654830429774163,-0.02032151252414274,-0.02896097439509499,0.03794643347100022,3.332036044138762e-7,1.5267631239484094e-7,-0.00014871220663641098,0.009906104276723973,8.10231558955801e-9
0.0,0.0,0.0,0.0,0.0,0.0,0.0,0.0,0.0,0.0,0.0,0.0,0.0,0.0,0.0,0.0,0.0,0.0,0.0,0.0,0.0,0.0,0.0,0.0,0.0,0.0,0.0,0.0,0.0,0.0,0.0,0.0,0.0,0.0,0.0,0.0,0.0,0.0,0.0,0.0,0.0,0.0,0.0,0.0,0.0,0.0,0.0,0.0,0.0,0.0,0.0,0.0,0.0,0.0,0.0,0.0,0.0,0.0,0.0,0.0,0.0,0.0,0.0,0.0,0.0,0.0,0.0,0.0,0.0,0.0,0.0,0.0,0.0,0.0,0.0,0.0,0.0,0.0,0.0,0.0,0.0,0.0,0.0,0.0,0.0,0.0,0.0,0.0,0.0,0.0,0.0,0.0,0.0,0.0,0.0,0.0,0.0,0.0,0.0,0.0,0.0,0.0,0.0,0.0,0.0,0.0,0.0,0.0,0.0,0.0,0.0,0.0,0.0,0.0,0.2956099065984844,-0.0014930650924995785,-0.0001455080565478766,-2.5530453435812847e-8,-1.2200786253357722e-6,-0.00790731771067894,-5.2532062512514314e-6,0.00010839180189325343,0.01131418655507749,4.5302397050299264e-7,0.002228418119322893,0.0006962103544214588,0.006661638329377914,0.0004038502272216896,0.027133830370528234,-1.6702645030253928e-5,1.2106631451946342e-9,-0.0059925596136763855,-0.0033231441632084243,-1.5453506573077645e-6,-0.00011676212814865933,0.0022170118293035083,-0.0022210948694890314,0.0840850096384797,-0.0028763508909687018,0.0005446697222697865,-0.11302059164348174,-0.0019340813257202082,-3.329382419058027e-6,0.00827557285926031,-0.00036365508913867507,0.0002823517587215682,4.283553448030281e-6,1.50123957785024e-7,1.0915002715345766e-7,4.701067715029668e-7,-0.0801859603094611,-9.430136019755562e-5,-0.05258268250435451,-0.0008232856808435864,3.7486480661510024e-5,0.0010266857041251105,-0.007070935353778488,0.0011295910311637553,-4.711959290027858e-5,-3.3754488309052884e-7,-0.0002325911171825051,-2.5207261863450483e-8,4.011780367797563e-5,-0.00016588971966919602,-8.08695663253325e-6,0.0005822179767201942,0.013207079921606793,-0.007426069315086036,-1.933558281479106e-7,-3.0004589393305106e-8,-0.0057603743762893594,-1.6885556645612417e-8,-2.8490533805396228e-5,-1.2082005754436032e-6,7.407915366907603e-7,-0.05968524521428562,-0.0006455489491686662,-8.375880332574802e-5,-0.00038910931256692244,1.414739832094638e-7,-0.002661005837306893,0.09283051936986006,0.0005562002575979297,9.946463412563557e-5,-8.095252328907361e-6,-0.0014102327245686754,-0.007432272465201552,1.7506723789696046e-5,0.00036017980461780855,-1.842664392432597e-5,0.0020861586854360537,-0.0014778625003779259,1.090551998385286e-6,-0.013096666667252062,-0.005050090569657551,-4.4872697335573927e-8,0.0007114070294060738,0.199831180872608,-0.00047490431378792436,-1.9231910403467236e-5,5.596653238626839e-8,-0.0830392146288575,0.0005797277338360833,0.0002885290421920182,5.5628043432513184e-5,-0.002890883776464689,-8.338365055239259e-9,-0.028333025866288934,0.00046400383460391706,-0.0005578344657963168,2.436869041956499e-6,-4.983151113758472e-6,-7.956252123808918e-7,0.004294863090486228,-7.417172499284026e-5,7.125429674517218e-5,-0.0007642880352112118,-7.995060711439514e-5,-0.002274376477108454,-2.6073655214148505e-6,2.728358763774838e-6,6.222206873631472e-5,-0.0011527909800840733,-0.002148545531313815,-7.873660703367905e-9,-3.0100568163403e-9,-0.00024786888523227723,-0.027113088179637177,5.3866133635354514e-5,0.0016365229138679742,1.8691009707078348e-7,-0.0006050877704413044,-1.361227325441647e-6,0.0017308639097931666,-0.0007698679031859421,-6.155669764742204e-7,2.6255070331277293e-5,3.4134361957640844e-5,1.1884037858095097e-5,1.7859971612359985e-5,0.00105756235339412,1.0148087131892055e-7,0.00027226965139489566,0.00030467355078307235,-0.00010684641677076166,6.663293032837225e-10,0.026467959027529638,1.1872919554948115e-7,-0.002356712772060445,9.182603899246823e-5,-0.00031610012857131027,0.0006245895921024141,-3.61237074915724e-5,-3.6045754046988407e-7,-0.006575376656780664,-4.823710776778241e-7,0.053611854425215585,-0.00169053408571519,-1.942786864936861e-6,-8.903833052575611e-5,-0.0003236035264448128,-0.019420315252021297,-4.6707382506431814e-5,0.0009050633342458494,-1.8782307665954245e-8,8.57971861092941e-5,1.0495522411493678e-7,2.724257517145639e-7,-2.1762438567292046e-6,0.0015486801394053,0.009976404185643384,0.00033439551395339295,0.0013093753425058759,2.2637935652284656e-7,-6.542402859363044e-8,-0.0025759363165111463,0.00022537217026849795,-1.002356301283349e-5,0.014754787799448384,-2.728453572265644e-8,-8.880416549342069e-6,0.0003246102553308648,1.58884288498053e-6,-0.0003211004844943988,-0.02874609108380886,-0.00019882746051410967,-3.0679222411927233e-7,-0.03240000448580271,1.3251019965983262e-7,-0.003580163765981421,1.9958822164459154e-5,-0.0002624637270224313,5.1370455766306874e-6,-4.564398410686198e-7,-0.07619207547032156,-0.0031983322958924216,0.008045710726839576,-0.0008553958829831106,0.016300192065420993,-2.595520670090327e-8,-6.898088052747401e-6,0.0002885744582889145,1.529246988263496e-5,2.49130856952813e-8,-0.0009346694449364351,-0.003181547776823159,0.0009502196615891725,-0.0008114246936242126,2.6382741675330153e-5,-4.6124674201781386e-5,-0.003817925177199041,0.1657664103304444,6.664064564467509e-5,1.272792804700573e-8,-0.0032530864293020432,6.211597239617532e-5,-0.0025543379658024335,-8.853831960050677e-7,-2.1901548351820242e-5,-0.00015539672047014473,0.005833569150167225,-0.00018737831076673825,0.052202243974285835,-1.770552313534154e-6,0.0016641585719526922,0.006600715989324806,-2.183551345217245e-5,-0.003425794539809183,9.665523212313116e-8,0.00011595657246491411,1.356497899137663e-6,-0.0012062566446770192,8.30147887580761e-5,-1.2001840712369053e-8,-0.012265751772116987,-0.0002408971387544781,-0.0022362069118757556,2.126846340880181e-6,0.0030785934069601944,1.3200799149221457e-7,1.0375539047658206e-5,-0.0019564648178276144,0.0002468337432570525,-6.271960858581395e-5,-8.757558876141312e-7,0.0005789741108038046,0.0008160425735484877,0.15707321997623402,8.786086412052666e-6,-6.2109251483015e-8,-0.019855631251631527,0.0002752315728333379,2.869872980469823e-6,-1.2739597032209133e-7,-0.00012805829545088821,0.0009901509658596863,0.009766363989840425,-2.4043924704163013e-5,1.0547693969257174e-5,-0.0007088315004283548,-4.4343877307593433e-7,2.7095930793711964e-6,8.273828103324147e-7,-0.047978859467646136,0.02262933313022703,-0.0011312696329914662,-0.0005777802857497668,-3.0247722344862212e-5,0.00045723214862358215,4.2644791846527115e-8,-0.018652114597078752,9.953377499471331e-8,0.00443659512846679,-1.0173967711470109e-6,0.0013126371736237694,-4.422038835257375e-6,-4.5721291354444116e-7,-1.3240843456069228e-5,-1.6650965466810277e-8,-2.9849149492818015e-5,2.2211737734731527e-5,-4.566378101438409e-8,-1.3810323853299254e-8,-0.001905409398656917,-0.0771006281808828,0.00011306267672424336,0.011028154270415908,-6.116369488707756e-5,0.00013681450091828227,0.00045033202971976106,2.0722676101501976e-5,-0.03971966961180925,-0.0018304086015328378,-9.381056234863477e-5,-8.876104391557413e-5,-0.001108668542937667,0.0022328485154262992,-3.704833650434123e-5,-2.3767361686231798e-5,2.435121493810232e-7,-1.0251571409698048e-8,-7.63420473494957e-5,2.0715763191599087e-7,-0.00012489530131524581,1.0091854107396566e-8,0.0004202573902515701,4.3938512830494845e-5,-0.00011193532712316921,0.0008529596173380304,-3.2802076269532894e-8,-1.2121100328596628e-8,1.243361932017978e-8,-1.4407025551049112e-8,1.3175753621769715e-8,0.0040844794426225526,-7.19787288876365e-6,-2.2707544103122154e-6,-0.0011764643316119377,-2.730838698638469e-6,1.6121072111041078e-6,-1.708843212054067e-5,-3.8599312731591024e-5,-8.249964205866967e-5,-0.00016651818732861277,-0.0036641018943205602,3.1580040276791534e-7,0.0007964420194280182,4.774534458944065e-6,-0.0035532369626306275,5.429591272742296e-8,-3.7006150355430214e-8,-9.976529768063282e-6,0.0004971992300986223,-3.502126627223187e-7,0.04000079251446415,-3.0845601351073436e-5,-3.129979421991159e-10,-0.0002442587273510272,-0.010654730061895247,-0.0009287780191940214,-3.9600578008039706e-5,-8.55764211907622e-7,-3.925424729519447e-7,-0.0008284089096667615,-1.5114939659508446e-8,0.005217726553633146,-1.7811578060568906e-8,-0.04476425747838961,1.5912496488538175e-7,-8.806849897312906e-7,-1.858757496633331e-7,7.715558877197328e-5,-3.778363607858973e-5,-0.005718811671740367,-0.0014773943594426331,3.742514230306784e-5,0.18419472291964034,2.1211733875562698e-7,0.00016205666374864182,-1.2090573293736532e-5,-1.3450323576597535e-6,2.5769371709386906e-6,0.004943664791051104,-7.04827021247811e-8,4.9160473047037357e-5,-0.00042237196800152084,-0.0009384596187609185,2.9126592355587863e-7,-2.778923936028064e-8,-6.40687695227655e-8,-0.0006008680358571768,-4.1141314458374624e-8,-1.4877084915434286e-7,-4.826866245999428e-7,1.331140308325251e-6,-3.968636242147306e-5,0.010521165722577379,0.003291057849376166,2.760897331621193e-7,-2.7233348718320105e-7,-4.4933609896634226e-8,-0.001491298881194073,-1.4349246485148978e-6,-1.5695380408022904e-5,-0.043540558647387755,0.0006608546425109053,-2.079483627019374e-7,-0.0037856427004693796,-0.0006768786245553768,4.279148003071278e-7,-1.3339790304712777e-6,0.003073673134442566,-0.0002637600161276357,0.00030786885886712736,4.6487459714568464e-6,0.0006067471104109412,0.001903092370708887,2.970306152181143e-8,-1.3107671887372403e-6,0.0012482357459605406,-0.00013816868718328213,6.844807585920833e-7,7.911385405075865e-5,-0.0011781654061354286,-7.238660456469816e-5,0.011519788976527785,0.00961948816954211,0.16684979693379653,-0.001271885979828637,-4.7578536693681275e-8,-0.0017389927329162307,0.00021966345173491826,-4.503828704425864e-5,-6.01159052856575e-6,0.0003717209837943121,2.9034121719346546e-7,-2.0312795199854486e-5,-0.008261352023319478,8.696447116722068e-5,0.0021081563663513203,-0.0013455463045646873,6.989076362939812e-8,-4.486715505668801e-6,0.011379313185120988,5.827054137553309e-6,-0.0075915197724753004,-0.0004965359428907232,-0.0006847031557386757,0.007509481024352578,-0.0003528241147445993,-0.00017412485689674028,-0.0004285859905439103,8.606236238068562e-6,-5.5487192600827145e-8,0.00022142070438091233,0.00391254403122793,-0.00039989933464091513,0.004323724399637994,-0.0012798561160695919,-0.00036041699181020846,0.0008424691408166097,1.6821632882941868e-6,3.760404466400729e-6,-0.004416164100323515,-0.00045591443620718314,-0.002498948055830537,0.0008359808776740408,0.012626175602513716,4.5549988177810636e-8,-0.004284059039776439,2.692870443243066e-5,-0.00029962531953295763,0.0004042073172590282,0.00010728006605447336,-0.0005444840099027207,-0.0003821927477663286,-0.0005895910626833147,1.2517114476711276e-7,-2.5679750033336866e-5,-1.1277756625892821e-6,-6.990120128700427e-7,-0.0002513202550468253,-3.937361592048839e-8,-9.044736228946225e-5,-0.003951835965745707,-0.0031464233147399383,-3.749022033483947e-8,-5.316341536280904e-7,0.0014572047646059282,-0.00014563137436618556,1.3715003870128096e-7,-8.163428018484108e-7,-0.0002799280518337479,2.5757746514705645e-6,0.07675316576565451,-9.20435026616912e-6,-8.414676324639647e-5,-0.0017052001705765505,0.048003049497401744,0.014434308998078887,-0.000689937639708033,-9.109133189957016e-6,-2.0602213928637836e-5,-0.04131898138841158,-0.05049952582971846,-0.00501644353071032,-5.351315052261154e-9,4.438796734421765e-7,0.00010156521121915131,0.00013255331019997643,0.00409941477652689,1.8523235327655805e-5,0.019299419265237053,-0.0011249341763127805,0.0018370613246657765,-0.007242190799672899,0.002641369504668402,-2.4512572250628744e-7,0.0007523894925979155,6.20475555057249e-5,6.538325231331293e-9,0.008036166862456857,-0.001220860502357405,-2.2655245132034604e-5,2.39139989256783e-5,-0.00014776330544180843,6.0217468629183896e-5,-3.2224530672245725e-9,7.627386258733111e-8,-1.8824434350140807e-9,0.014736957837647268,0.0012518773545259578,0.013868674426016811,2.707610261678511e-6,4.258971805506078e-6,-3.6591339425314507e-9,-3.169335306108303e-5,-5.36970211408097e-6,0.0022410094357820966,2.0495542341763868e-9,-0.007063970213761751,0.0005375069143629925,-1.7838165090091477e-5,-3.864903817073221e-6,-0.0040673803302288085,-0.0528655114295944,-0.004212836411897695,1.1493043039097274e-7,6.788982118022291e-5,-6.415004957569534e-6,-0.004663737926470897,2.864892043348725e-6,0.0014600442240400545,6.078109344462192e-5,-8.004815486793463e-7,-0.0002352279996243082,3.034558246695306e-6,-8.23101667621156e-7,-9.302926600645565e-5,0.0007495447658271562,-0.001678267361181248,8.550796753840294e-8,-1.039424344829924e-6,-0.0025702286926555466,4.018510260185562e-5,-1.0713574665540214e-7,-0.0016435813320195836,-2.9528212931446575e-6,0.125916916763248,0.00023825370630592681,0.0006790776631701003,0.0007814446930861025,-7.3087717324227895e-9,-8.277887024537484e-6,-1.085642565557509e-6,1.1602539308176129e-10,0.0007141414504496756,-6.269282805553027e-5,-0.0035827077953866446,-6.931462515451355e-7,5.986217485312431e-7,0.02663390864243977,0.0010995332311297924,-0.002715025710226837,-0.09176585429878487,0.002398773843972236,-1.9920309306493138e-7,-0.0033554822045480143,1.9477548115287784e-6,-0.00016013126055156954,-0.0004084790244218556,-0.00820223729213434,-0.042879262485645254,-6.769325091350985e-7,0.0005095308071970645,0.016491023182671018,-0.05035465283405899,8.500338899393621e-5,-2.4788862861163038e-5,-0.0010660902272443078,1.1742082339778518e-7,-2.6062959229798072e-6,0.06798154314520616,-0.003933607284912165,0.0022862087921962913,0.0001455175474923136,0.0014613793884602564,-1.2828746658628683e-5,-0.000985892525583731,-8.62534324299966e-9,-1.0405197869242944e-6,-0.00010573403970370311,3.335655252762982e-7,-0.01248024617321414,-8.642991648113921e-5,-0.00012121081666384614,-1.3247689398264136e-5,0.00015458628634112595,-6.025451917691823e-6,1.4521712150077291e-8,0.0005971179152386287,-0.00016126581949433343,-0.00015039748478222579,0.022158950520623298,-0.0008318482997397575,-0.0003773359677512667,-1.4447073462378425e-6,-0.051045530840972915,2.842868183421795e-5,8.558006234565169e-5,1.5086735373747747e-7,-0.00013986884233733952,2.1862332517891268e-7,-0.00020200138461976414,-1.840285250969915e-5,2.453895813055732e-7,-4.6502925682503845e-9,0.0010373257983708633,-0.0018446529646057215,-9.525607871959688e-5,-1.7954169065933116e-5,-7.638053162765803e-5,5.899290790316547e-6,0.0003124555081855872,1.7790560571702407e-5,1.2721393901619068e-6,2.2067565068955482e-6,1.067442678154038e-7,-0.0004857153476416141,-1.3862302147392987e-7,-1.9159227070163447e-5,3.261920156258729e-5,4.202180590468356e-6,-0.00025686736923796256,-8.342653589297415e-8,-4.312042606950001e-7,-1.369915675500343e-7,-8.445956900051253e-5,-1.0102002421396941e-5,0.07548160644716341,-0.0006284859572321476,-5.343824295575241e-8,-2.5235145522507267e-6,-0.001496579604473753,-6.834896188930706e-5,-0.0001547503225901459,0.00023494572037923304,1.9230760372384127e-6,-0.014766302446973373,-0.0011406770891269863,-0.0015014878803282104,2.2118353843666553e-6,-0.0004976381629606105,-2.972268757101669e-8,-0.0006601748151899875,0.0007166239609046489,7.789403307233446e-5,-0.018491784220905534,-2.359658522543098e-7,-0.003913537826435342,1.7383699848112815e-7,-9.367797123375119e-7,-2.31042620834066e-8,0.010640433783826585,-0.0017914557990074127,0.0026751895993451917,0.0012052036126651516,-2.881670361152403e-9,0.0007106842035496541,-0.002444843639487713,0.0002217013686998343,-6.184982274767256e-6,-0.002052505538662075,-0.0032999302020309267,0.010452972512645736,1.815131095643796e-5,5.963155613274123e-6,-0.0006051624226278805,-0.00027051763266884945,8.135482782317081e-7,-1.6152898652116023e-5,-0.0024764108105540298,0.0038012455519167007,-0.0005135730134946327,-2.6362846415433176e-6,0.008773771500854415,-0.014034990585148338,0.2146649346920749,2.1591824611164562e-8,1.8384584381905956e-6,-2.6455097900067796e-5,4.579308981841449e-6,-2.33900079529966e-5,-1.1399489424215772e-5,-0.0013520314825316109,0.0002602461756429954,7.73001415044353e-8,4.422071402758421e-5,6.864085858804206e-6
0.0,0.0,0.0,0.0,0.0,0.0,0.0,0.0,0.0,0.0,0.0,0.0,0.0,0.0,0.0,0.0,0.0,0.0,0.0,0.0,0.0,0.0,0.0,0.0,0.0,0.0,0.0,0.0,0.0,0.0,0.0,0.0,0.0,0.0,0.0,0.0,0.0,0.0,0.0,0.0,0.0,0.0,0.0,0.0,0.0,0.0,0.0,0.0,0.0,0.0,0.0,0.0,0.0,0.0,0.0,0.0,0.0,0.0,0.0,0.0,0.0,0.0,0.0,0.0,0.0,0.0,0.0,0.0,0.0,0.0,0.0,0.0,0.0,0.0,0.0,0.0,0.0,0.0,0.0,0.0,0.0,0.0,0.0,0.0,0.0,0.0,0.0,0.0,0.0,0.0,0.0,0.0,0.0,0.0,0.0,0.0,0.0,0.0,0.0,0.0,0.0,0.0,0.0,0.0,0.0,0.0,0.0,0.0,0.0,0.0,0.0,0.0,0.0,0.0,0.0,0.2911793978209281,1.0144750809765934e-6,1.394439955045245e-5,6.827110318850578e-6,-0.015675510569572483,-0.0006071486968309915,-7.045516518796735e-7,-0.008071027803665665,2.457265115534564e-5,-3.0922238330678242e-6,0.00045741433041181933,-0.0046307074567191655,-0.04726005964124065,-0.0006697929074788053,-0.0024187695357434716,-6.488091039860773e-7,5.7817535508146546e-5,0.005762975798567475,-0.0002470798687473027,2.070475958463845e-6,-0.018059410896325626,-5.9058522766489015e-6,0.004286840741356938,0.009103114524704406,-0.0023890330161284467,-4.2200138683005125e-5,-6.703412257476196e-7,8.04359290000632e-5,-1.8929417778939395e-5,-0.013619791800203626,0.004570311523916771,0.001240340416494308,-1.1259990118780348e-6,-4.932172861253915e-6,0.0001063175551640884,0.002899270919142438,1.35905290429906e-6,0.0001035822362539098,-0.0003357325052245584,-0.003198934572400017,0.00649324615585989,0.00273628522980787,0.06126432605940242,0.001259117827054969,9.262689644426896e-5,1.9714909528418937e-5,5.302066590201073e-6,-2.244079822691151e-7,-2.665314177417046e-7,0.0024131348725297957,-0.02054001907487168,5.803850355944499e-5,0.0008921678317631843,-6.566077145798464e-5,1.1915490379215575e-5,1.102839700882688e-5,-7.011086703497235e-7,0.003128294054217012,6.773116855490604e-5,7.17782218937222e-5,-0.0004720598220032671,-0.019131412935094988,9.04471434372495e-7,-3.0050775413030294e-6,-2.4988497898237805e-5,0.021724002957561727,0.0014318402869867343,-9.096699306824859e-5,-0.0053324695956931106,0.0004409954312330059,-0.025153891875195487,0.0005253633071150739,-0.0016457531891845895,-1.2225090526070688e-5,0.00020800298036382521,-0.0636422752019286,-6.054734197201087e-7,-0.0006007286965489636,-0.007667178976107409,2.8117627074199074e-5,-3.760904600215915e-6,-0.027874423191846454,0.001668762295621994,-6.6898047428592975e-6,-0.00010809191933870071,-6.304466960425883e-5,-5.8337366895357026e-5,0.01454704376244668,0.11579374257774096,-0.009377406805185666,-0.0068909893328539615,-2.172503179985745e-6,-0.0008213010945039295,-3.616965134085659e-6,0.0070030516877950914,0.0003342040474983811,5.027176677982621e-7,7.038669789818296e-5,0.0035014434343038294,0.007595583016602917,1.4804341216076172e-6,0.11802168403288463,8.796955309776621e-6,-7.783033510992038e-5,0.000504791784570592,-0.0001294900366064843,-0.0010528997106900118,-0.00201946401679972,-1.1851596436528874e-5,-6.168219346695771e-7,-1.620904117856641e-6,6.154859762758586e-7,-0.00023385551403901458,0.0021368659082731814,-2.6190072680724687e-6,-1.562890061580367e-5,-0.007531497058520004,-6.314206455528522e-5,-0.0024803820311583577,0.1160401899973959,-1.9961620506204857e-5,-3.2059915026139e-7,1.8363993468516653e-7,-0.004910870407686288,-0.003153935747647141,-8.037699567413471e-5,2.1510446485081497e-5,1.3543711903700402e-5,-0.04696356581769539,4.744551839235084e-7,-7.978566956336144e-7,0.00018524648483345173,4.521653357217369e-6,-0.001626229131084938,-0.0012844079396830794,-6.1190863841076055e-6,-0.00014926893864782457,-2.874436069246127e-7,0.0004057232245419584,2.255280661135356e-5,-8.558990561844656e-5,-1.911727337029555e-5,0.00031226284297197656,-0.0005186907300937333,-0.0030189254869588227,3.488827462136696e-5,0.001785229244899906,0.013709758223628578,0.005399213467518729,-1.627621284103947e-6,-1.9635282262564622e-7,4.138457481485837e-7,-5.274628177174847e-6,4.630429289590147e-5,-0.03012886206329608,-3.614655370542305e-5,8.013269671213245e-6,-0.00012606376719236797,2.3897992096887944e-5,1.082414885859617e-5,0.009388536749337612,1.5707067188852955e-8,0.0009991960245431144,-0.003065808969499764,0.0002461503260034013,0.003366982040944966,0.003827907579760046,0.00012177453822920616,1.2705991715880353e-6,0.00034993791884661905,-0.014734163031258752,2.728809458875488e-5,-0.0009363759934975012,-1.0308071733530852e-5,-6.241896182280947e-5,-0.0011438580928226278,1.3536886089901286e-6,-1.929442584243207e-5,4.579892892818779e-6,-0.0001672800162643952,0.000585320797585667,0.0007974860515298514,1.763489926180369e-6,-5.192824733649556e-5,7.37741522677113e-6,-3.498113989370833e-8,-3.090545446241338e-7,-0.03931204332074504,3.0967870262208167e-6,-0.012310942650453344,-0.004854682782264637,9.375757135800986e-5,0.0057561165771043985,-0.001617785811541219,0.0002733798793613771,1.5688544578340113e-6,-0.0005404049982272195,-2.410894068596458e-6,-3.5388109764543755e-6,2.8231100933958157e-6,-0.029264618285951484,0.006609890287417866,-0.0002506912691633155,0.003555321780961775,4.864473272888205e-7,-0.006850173464298566,0.0049716542091938105,0.0026289989390712153,-0.0008444987554257384,2.5574062882117244e-5,-0.0026108876031846998,0.002706683746870679,0.00012494778743524348,-2.2938597847761446e-5,-7.417430079179356e-7,-0.00011514638625889015,-0.0003552635603465971,0.00513077617429719,5.614331157070644e-7,-0.0003777308089907776,4.711981815935504e-6,-0.002139760423018734,-2.194345378026925e-5,-5.1982621557081864e-5,-1.5920992915410394e-5,2.7573912080155043e-5,-0.014274227560473113,-0.02588431358859656,-4.8836758104077736e-8,-0.0001679209279154329,0.0055879770992844505,-3.580064581489811e-6,0.0025951923718189837,0.0011464507148845496,-7.264226663043854e-6,-0.0004887246960453136,-0.005927422693454368,-0.00028589382927492944,-2.432952002337019e-5,-0.0023954548373651503,0.005104180319665024,0.0015166421336656518,-0.0085608645787772,4.9016274398158505e-5,-0.0004960478533170135,-4.1937248279624595e-6,0.00011062712993207546,7.568256758383738e-5,-1.702366318768006e-5,-7.585313541616906e-5,1.0702860467912655e-5,-1.1453678064645194e-6,0.004659566019017194,-0.010367093984164341,-4.310177572077087e-6,0.0009083156135882916,-4.297540763792671e-6,4.50669061830266e-6,-0.00011253721258314469,-0.0010333308734028312,0.00011363374181365689,3.0787718651232183e-6,-0.0010290800293177545,2.7365895832574732e-6,0.0022830596364961536,-5.582528790799355e-8,1.4719004374711244e-6,6.346900052726958e-6,-0.005061550455248272,-3.169773799775715e-5,-0.0010360452107567903,-0.013386765171307163,-7.956738011351486e-7,0.0020402997101749646,0.0030736135548073444,-0.00010523422622425657,-0.0015951136925198021,0.009434520792767916,7.609242998778503e-7,-4.2821336130475606e-7,0.18187652777251864,-7.333101962395258e-6,3.4917227926902333e-7,-0.0020442421563506685,-6.0095921570540704e-5,-8.668644138439038e-6,-1.0879696657384234e-7,0.0001917455120937767,7.052776230497014e-7,7.396258714522086e-7,6.315102179529324e-5,0.0034281920685932505,1.120293376643795e-6,0.02346907384523745,8.518966557242576e-7,3.2357364333221793e-6,1.2112332709667252e-6,4.879442725755885e-6,1.2510661391494211e-6,0.0001027485524686815,0.0014627307522496727,-0.0014289262232665008,0.0012091165576905993,0.0002935258382998838,-0.00010815492445267977,0.003528301428035868,2.414501524843642e-7,0.003773410218062608,-0.001093801051529496,0.013673415024763947,3.755567676538507e-5,0.0003080072151758731,-0.0005755500430636596,-6.297263636693e-6,2.941491257028374e-6,8.743030377160112e-6,0.0007385103697198071,-2.8347680460880303e-6,8.377917152559626e-6,-0.00040470969719241947,5.859738336258953e-7,3.3980869480597385e-6,2.802787839077947e-6,0.0016155308689274775,-5.4271572144812624e-6,0.0030384168522455644,1.2119627584934159e-5,3.723812078991572e-5,0.14296123304180033,-6.069691674532121e-7,-0.00410797202727288,-3.050022929787693e-6,1.1961187037452113e-5,2.186449079804485e-5,-0.00010388338475919591,-0.00026498439097770524,5.593226090176173e-7,3.0922125845220757e-7,-3.54184576956329e-5,0.000702093530573408,0.0013681726460051398,0.00015452205493454236,-8.59374578100122e-6,2.8934177046852018e-6,0.0018331450726418673,-0.00012055972708103513,-0.00047637449890927837,0.00010876205932982279,4.727284051154156e-6,4.9121024520942264e-6,0.003982927112485436,-8.35069538719075e-6,1.0916816564746382e-5,3.91292270530664e-6,-7.263297067529964e-7,-2.0236544279117926e-6,-3.842001915018691e-6,-5.069195141394813e-6,3.121347282195541e-5,-0.0002470864092181009,2.9917404993394797e-7,-0.005956516461584355,-0.0002259076233187086,-2.9501185741670848e-5,-5.939116861824345e-5,1.19501203509197e-5,-0.006839114976775531,-7.716742791566083e-5,3.075110198069299e-7,0.002992567668554726,0.03880672836787215,3.617521154489318e-5,-8.11978877770574e-5,0.0006143025730244064,-1.1041632928424188e-5,-2.1792221854407732e-6,-0.05558427502287376,0.010662668425399946,0.0076447626988175475,-0.0049093364846580795,-8.746192438301814e-5,-9.5406071497706e-6,2.539243136610696e-6,5.7635351713218126e-5,-4.353576722621126e-6,0.008056867901992113,0.000369045455092348,0.007212788494105021,-0.007643395081422119,-0.002147315794587522,6.0538909709333446e-5,0.001005928199388642,0.002695502130358479,0.0036978387743798985,4.285353493196074e-7,0.0262588808470097,-0.0034973580905097853,-2.1018598758437147e-6,-3.9841065966714447e-7,-0.022110360214562357,-2.8956915762932877e-6,9.218023224708599e-7,2.3986323555424817e-5,1.984232407723266e-6,0.00027338174189826245,0.0014920228147775282,3.0336948699868148e-5,-0.0010191121840257187,0.002159599009800707,0.0073430827599737245,-0.00033280257135249314,2.4428164402494267e-6,1.7880789843453474e-5,0.0004050186858833062,0.0119280607219904,1.5163682414966583e-6,1.0334963943592588e-5,-0.0031861868411964785,1.0423791960914504e-6,-0.022895113434391007,0.001402681238237636,-3.427863132210717e-5,-0.0013721062635227122,6.3147820113028805e-6,-0.04293164686180475,-7.45078585132744e-7,-0.0015613582672232744,-0.0010258886573196934,9.524905111560471e-6,-0.023646011908827428,-1.4775459946745922e-5,-2.478794446839834e-6,-1.6875019825738612e-5,-2.655084456004938e-7,-5.007209560443622e-5,0.014487435337538282,0.03019480355332923,-4.437134008194303e-7,-3.571172714345291e-6,0.0002547262968365856,1.058610296841698e-5,0.19485188664193664,9.05517633788873e-6,7.10553400140575e-8,-6.511990841206922e-5,7.555382130326283e-5,5.990336833468409e-7,1.671665713494893e-5,-0.00370888182446953,0.0008633121455355432,-0.0028576643691484577,6.336068919360043e-6,-0.000970165020887527,-0.004007811856859781,-6.008300084505021e-6,-2.2768873178349283e-5,9.95212763838448e-5,-3.441748688382251e-6,-1.5628790491552326e-5,-0.0007450517180406659,-0.0019229067143562049,0.08021232124711049,-0.028982330308813958,0.0033882461109779258,-3.1823042697919944e-5,-0.0003747230460991651,0.0009960078434479963,0.005302929846651574,-0.001092436377548916,3.380182316702233e-5,-1.1284232916787725e-5,-3.661110314740839e-6,-3.941520239993151e-5,-5.30971987954571e-7,1.4641988708620471e-5,2.3697120424091374e-5,6.743120202515887e-7,0.00011891123107473877,0.006886360109199466,-0.08225084331060802,0.0006046452371299321,-0.006097985412120766,6.954482327521937e-5,0.015281394084193132,9.260191355957802e-8,-5.165213801562539e-7,-0.0011208816484728566,0.23768403721310813,0.0009688141529599519,-0.0009298746806772244,3.521626760628044e-6,-5.178383901444673e-7,8.914733366794977e-7,5.020623604171167e-6,-1.3050100819730215e-7,-0.0034676232844748633,-2.8084593961928023e-5,3.116412643197104e-5,0.0006758856135138786,0.0006165312131958884,-7.589531228589917e-7,0.0029236390116625156,0.0004901691052071419,5.101154294257968e-5,-1.6941081326084072e-7,0.0010080740104544406,0.018320005945573366,-0.01566190112039597,-6.0092961371289956e-6,-0.003476920441387289,-0.000505814149058436,0.0006198622855892181,-1.7382883392727578e-5,-2.57593999182545e-7,0.0004974335578930165,-2.0325544876259756e-5,-1.4916351263247734e-5,-3.7076795779456764e-5,-4.168842064038833e-7,0.00017033458581012546,-0.02502436485032786,0.0009184512220561771,-0.001035411147416163,-0.024075668352830173,-0.0004161500300551108,8.317705454259081e-5,1.5525192409281634e-5,-8.47186971502194e-5,0.009728995401155034,-0.0011400560536896733,-5.6454744598016564e-5,0.0014365244323294977,-0.0007545546614632258,0.0004456106536298421,0.002675004030126859,-3.8016314239661253e-6,-0.061725632195344965,2.680146800079268e-6,-6.349054002457917e-7,-0.00017137614003913165,-1.6219939726103737e-6,-0.01025353546417248,9.36871333399048e-7,-7.96057278197622e-6,7.838659972295345e-5,8.841795748502514e-5,0.00233578077615765,-8.799663625457797e-6,1.4060890543735704e-5,-4.868940991313256e-5,-0.015152532816023393,-4.687250362302444e-5,0.005534972159166353,-0.00011668892951898158,-3.1346628341027955e-7,0.029123256850004085,0.00033499701833710486,-0.005603581974108208,2.4191800173348123e-5,0.00031085524171251656,-3.0121219045102184e-5,0.0026042550002808025,-0.004997147524067606,0.010106234460758484,-0.00010908189480150249,1.0474319447179961e-5,0.00016795949914485313,0.0007293109916104769,0.016160317351457558,-0.051125219424282956,-0.007021354926377983,-1.4276516067572016e-6,0.0012980932070149062,-0.004925587683596493,-9.845137736000842e-7,5.120465142366148e-5,-0.0015290624226603222,-1.1753713789888892e-5,-0.0011071403415731404,-5.600589862180917e-6,-2.5384446003145424e-6,0.0020927393036716483,-0.01830071966084361,0.00039429143565711516,-1.736915022799534e-7,-6.486107577790837e-6,0.08303116903808301,-2.763040311882897e-6,-0.0012008005816898093,0.0005697322821212519,6.6179620716652e-6,4.39150114372417e-5,0.0001184926923730655,-0.0015043146798229946,0.002616516617698193,0.00011998877503900212,3.5756144707415005e-7,-2.870703118459957e-5,0.011587791616570265,0.0019544611253554255,-2.7273222696409817e-5,-1.3327919511939365e-5,0.0014100803839404987,0.006986412136818082,6.065277081924589e-7,-1.789910120737636e-8,-1.7642182346885723e-7,-2.0321154639322364e-5,7.890565957046355e-7,-0.005495220311650468,-0.00031945395225684025,-0.00041788107908051405,-2.4721977782922556e-6,0.059731051409020845,-2.8152277179832273e-5,1.3751761779947762e-7,-0.0014132263122496969,-0.00045177331553935803,0.06295661124973469,-4.11055615785708e-5,-1.3379208613077018e-6,3.972507675621407e-5,1.3469020089295772e-6,0.0014919463033730776,0.0004040184692935471,-0.0022525173235469036,-1.2778714578009408e-6,-6.71981099275218e-5,-1.6706123153209207e-5,0.004864305748609825,3.024650129868531e-6,-0.023142345947647483,5.791976279694709e-5,-0.0007684713772567247,0.008314850554273116,0.016262192453851285,-0.00033768604268138004,-0.005814175619094799,1.360281277760548e-5,2.0828905363587676e-5,-0.002818020199297783,-0.0006749530290441865,-0.00028324966406277494,3.55410237855329e-5,-2.0296981866910202e-5,-2.3350780246113784e-6,-5.0769790920025255e-5,7.02128211625082e-7,-3.624736925178428e-5,-0.0015837243469111698,-0.008843470657097915,-0.011829828248418259,-4.99933823360838e-6,-7.756689410615578e-5,4.237311351328991e-6,-0.03325220917078479,-9.496593884724297e-5,-1.0546987236763627e-5,0.012671909661813073,-0.0008116393096794264,0.0011515743910914039,-0.00046699322726713173,-1.1308810022524621e-6,1.6289987820122225e-6,0.0005027446078365135,0.004256471320354119,0.006499194708540343,-0.00029253888035173634,0.2150886414034323,9.636322264541641e-5,-0.0017821888070054237,0.0001115376624215028,3.736650309206991e-5,1.3279177576128427e-6,-9.593666636666654e-5,0.0035064632212796535,-0.0012219619889649437,0.002819338578764821,0.0012989206409804146,-3.516594613719927e-6,-5.425681261897733e-6,-1.9219749811867553e-6,-0.019284570476005868,-3.1890038929238303e-7
0.0,0.0,0.0,0.0,0.0,0.0,0.0,0.0,0.0,0.0,0.0,0.0,0.0,0.0,0.0,0.0,0.0,0.0,0.0,0.0,0.0,0.0,0.0,0.0,0.0,0.0,0.0,0.0,0.0,0.0,0.0,0.0,0.0,0.0,0.0,0.0,0.0,0.0,0.0,0.0,0.0,0.0,0.0,0.0,0.0,0.0,0.0,0.0,0.0,0.0,0.0,0.0,0.0,0.0,0.0,0.0,0.0,0.0,0.0,0.0,0.0,0.0,0.0,0.0,0.0,0.0,0.0,0.0,0.0,0.0,0.0,0.0,0.0,0.0,0.0,0.0,0.0,0.0,0.0,0.0,0.0,0.0,0.0,0.0,0.0,0.0,0.0,0.0,0.0,0.0,0.0,0.0,0.0,0.0,0.0,0.0,0.0,0.0,0.0,0.0,0.0,0.0,0.0,0.0,0.0,0.0,0.0,0.0,0.0,0.0,0.0,0.0,0.0,0.0,0.0,0.0,0.28683861973154556,3.389251637362661e-13,-3.608845100432139e-10,-5.189174911108424e-6,3.078240897615897e-9,0.013405429132443898,-1.847683443228197e-6,-1.5030404795715708e-10,-0.02840229642139001,0.001239958533284191,3.6002520270759144e-5,1.3702048140751265e-7,1.801576087779703e-5,-6.643626340369524e-9,2.8504412462252265e-11,-0.0008857256383228936,4.075285046801212e-6,-1.395484107005194e-9,-0.010776003125733723,-2.7698225302745737e-5,-0.010978260347050833,-1.7411930771617136e-5,-2.3681120973326777e-6,-6.06239007962844e-8,5.4050455032345434e-5,0.006531588237189783,8.602724292248334e-9,-0.005480697457511389,-2.4000322886216857e-7,2.062766027232676e-5,-1.6556772228734042e-8,2.3110478044226633e-10,-2.3475999172826164e-11,-5.058840700821911e-9,-1.7822911692702597e-5,0.0002816792308994761,0.000772894973226591,-0.00015963382234473054,7.46267169189407e-8,3.824045220223919e-7,6.277991472032828e-5,4.390899869019387e-6,-6.62138206937566e-8,2.769355172862688e-10,0.005741009793910166,-4.020618544240374e-11,-0.02884020902365744,-0.0073193722949579185,2.5919920105619603e-8,-1.3615407443494881e-6,0.00031155369859476304,-9.114599626272857e-5,-6.478496554750287e-10,2.081998932179526e-11,-0.0029934393938217557,-5.900200098421583e-11,-4.828237130156527e-8,-1.0130962870887423e-9,1.956057404140825e-9,0.00017831513006412125,9.537820424464426e-8,0.007893759809539599,-0.044974003773089646,7.145889612858878e-11,3.0229972984391394e-6,5.2757916523975905e-5,0.0004158247321868596,-7.331422579467298e-8,-2.8407744958498497e-9,-2.375308868720065e-6,0.0004464894751312871,7.806566434898961e-9,0.00813596748348274,-3.1435553846198657e-9,-5.521708079677402e-6,-0.0058766670230750995,-2.6384519463276894e-9,-1.743555157709715e-6,0.0032493658795221766,-1.7217774219510044e-11,-3.4915771316429067e-7,1.6770969157370998e-5,0.007572961425681663,3.7075060307134665e-9,-3.2488257258385073e-10,0.0002273285006695233,5.165259700632887e-7,1.4173529153339226e-6,1.3475206689347864e-7,8.759325813642915e-8,4.956642296929188e-12,-6.199076010151056e-5,-0.041057442441936105,2.4877955963342657e-6,8.781085419100181e-11,0.015360642444663656,-3.461327042846721e-10,-6.344371125848246e-8,5.275988454083377e-8,0.0015750871850959522,-6.895341316232444e-8,0.03262185532387707,-0.0008960552786278547,1.5356887484890228e-9,1.1063545261939306e-9,-1.9675778520196304e-8,2.8256323853994656e-5,-0.009929986158633069,-3.4964188841854734e-11,7.618237091867009e-12,0.005296754225335712,2.9104977667259613e-5,1.6911048082742923e-8,0.0012157805204796673,6.6953673588787455e-12,-2.164283216185295e-6,-1.071088644220106e-9,2.2377871005169366e-5,3.769831111445029e-7,-9.050877352939938e-10,0.006022682177133564,0.06083340305105257,8.091327800842951e-9,1.3238550841923665e-7,-0.0008046727181344619,-4.7817621467445665e-12,-0.00851935570953686,-1.5626289436468703e-6,-0.011267239679063366,2.0281556646211504e-12,0.0006516245262241314,-5.364811507160254e-12,-0.00010515442749537915,7.428283297718082e-8,-0.002588213807325532,0.0005192093630347588,0.09056272586908683,1.757258592072519e-9,0.004528971561345389,2.4596571697835087e-11,-5.329644128523557e-5,0.0005584044672872477,1.604772551459132e-8,-1.0039565482626939e-7,-0.0024577355099413526,-4.640189158072035e-6,-3.059505946435248e-7,1.7539176966671686e-7,-1.7023530747714698e-11,0.046580810268198845,2.8778173562319544e-11,-2.372721706235799e-10,-2.1759582517227594e-9,7.699221652988288e-6,-0.000773740967823837,0.035985811665814806,1.4059472192202714e-6,4.232511253126242e-11,-6.437604904843981e-11,3.169010541943234e-6,-0.061126857378906004,-8.52634187995198e-9,2.5810776100911666e-6,1.1855926624516784e-9,-1.5214490512080744e-8,-2.051326839348778e-5,2.883224851998418e-9,-0.023896712457553478,-3.4232791011851345e-6,5.726446693522846e-8,-3.070533774936233e-10,-5.99261455433258e-6,2.3957723405736503e-10,0.0004424699834268802,3.978331369630575e-8,0.16454922442523637,-2.8174403920873154e-9,-1.7620739938249543e-10,0.0002462936649937049,-1.1761269813043262e-6,3.189076054388793e-5,0.007593272551443811,-0.0006726767011883319,9.98495939099449e-14,0.001956488981844114,0.01569878731739761,-5.352116332536491e-7,4.1632142678140324e-12,-2.370640064143631e-6,-2.2380102944476676e-5,0.0008594217647192626,-7.065708917538938e-7,7.581725367830665e-9,-6.538498705620669e-9,-0.004696167432570882,2.4647396922297903e-5,-0.04127476570062275,3.695776980806072e-11,-0.010724237282696567,1.4266023978767537e-8,7.453178192898758e-6,-1.256911787900696e-9,-9.741619971746852e-9,-0.008461046073183088,3.259591252337477e-6,-1.336076652390378e-7,-3.560175383285143e-6,-3.1856644083872856e-9,0.0028883143993970795,1.768122283536387e-6,-2.1077213627177237e-8,0.0006465543171664092,4.4466790171068574e-11,-0.01700805473183035,1.0277285586873303e-9,4.619696289982885e-5,-7.854012526216118e-7,-1.1589153206125246e-11,0.00042206821735522323,-0.0019384162322167724,-1.1403323741532954e-6,4.2511945768704243e-10,-0.0011451389163671818,3.417751919548501e-11,6.133228903276943e-10,-7.662357428823508e-7,7.78736673873182e-8,-0.014911787514220717,-9.054932815617162e-10,2.570696569969631e-7,-0.023442488042356328,3.168180754190785e-5,2.352105145559093e-8,-2.261697198974301e-12,-0.0002790182081117981,-1.6952211508179108e-7,6.482237536946602e-9,-5.085800467628838e-10,-7.246636352928912e-8,-8.185487091803868e-6,-3.571203902680653e-5,1.5188788575128913e-7,4.019586364421538e-9,9.608142976175631e-6,-9.435188251565205e-11,-1.2057844156724843e-9,9.511664634237523e-10,0.0003474343746303292,7.479153915279898e-5,-0.004652534195133966,-0.002572654411025872,-4.791949467521348e-8,-1.337107649890655e-7,-2.723584929726275e-11,-5.923534404391623e-6,8.055180871852707e-11,0.0011148580880431325,-1.2059700604631217e-9,-2.2363418597672657e-6,8.141101605409921e-9,-1.1899931408183213e-10,-3.976693756079969e-9,1.0362953248500388e-11,-7.393057787124695e-9,0.013449005245059051,-2.8815217825235816e-11,1.7330459328926884e-11,-2.8822427553795583e-7,0.00026690855437691357,2.9017610599831957e-10,-1.8916215381098917e-6,-0.01886041236490725,4.4104158374091254e-7,-4.094831847220496e-8,-2.457129468219544e-8,-4.598003813206998e-6,5.142962152008014e-6,0.004139162446616682,-0.03104667696675765,3.016864621664818e-7,-0.006685717696630437,0.13234096179821422,-7.510651026501527e-9,-4.77643177395752e-10,-5.476511246829069e-11,-0.0034206195858778555,-3.84831465086493e-9,0.17525679712117506,-1.8664116511040035e-12,0.0002344662580057503,-2.5379769621554845e-6,-0.005799301141646,4.388235570478917e-6,-5.2509450773767125e-11,-2.8106492599407065e-11,2.555721207783404e-12,9.63355011256183e-12,-8.939652682583094e-13,0.001904523282352917,5.618195133710795e-9,-2.6068971184310366e-9,7.533575430787439e-6,-1.0718081860877954e-9,1.026713475237403e-9,-5.1624592791447604e-8,0.006249456177110096,3.9931198166500193e-8,2.6823463591108136e-5,4.014190165466892e-6,-2.380860435297843e-10,-0.0001945656051569899,3.4264266764308623e-9,-0.001559099359855587,-7.708031165602112e-12,1.1491182147693963e-10,-4.431785938816456e-9,0.0036943593540215034,3.2035641924906243e-10,9.869555904605401e-5,0.14852535968469982,2.540627293718814e-11,0.0049990322622098776,-6.289194341199102e-5,-0.006695520631271171,-5.089081091536725e-8,-1.786521722134415e-10,-3.0365929888703546e-10,-2.1625127051655695e-7,-2.8028340106152654e-11,1.5049604067095945e-5,1.145710240676322e-11,0.0005044226586919582,-5.068814709793581e-11,8.039572392423633e-11,-1.0966066537036085e-9,-0.003296754524032079,0.12525070809251435,6.0437794188657605e-5,2.2834125327625822e-6,3.110317529662613e-8,-5.6205281611424265e-5,3.3964572223823645e-10,0.018559351193350976,-2.331813980342699e-8,-1.0518915903011047e-9,-2.8966724498728585e-10,0.001645030133977118,-8.85078308194802e-11,0.024124334107872313,4.592907611697945e-6,-0.0009320963491357652,6.333725353508092e-11,8.090318375430507e-12,-8.221967450943005e-12,0.009670745506479946,2.733164138576286e-11,-5.2247481592050304e-11,-4.0627092860615206e-10,-2.7118503815157187e-9,-0.015212257310380227,1.3304466197929814e-5,-0.0010237782397766345,1.9557674334906166e-10,-4.455433597371063e-10,-2.7585875574411558e-11,1.7894031211351652e-6,-1.4075741993963052e-9,0.11020523272771031,-9.907486596482282e-6,1.396065810093261e-6,1.3118922295277664e-11,-0.0007981634792185076,0.00039600273403197795,4.5485887940897004e-10,-2.7541522909513492e-9,-1.2498996467273597e-5,-2.68716497417443e-6,6.694286158329829e-7,9.878443206732036e-8,-0.001218427231784763,-0.009426229144261122,-1.7416820597374296e-11,-1.6528271531047712e-9,-0.015585641691054733,-2.1788979434298592e-7,1.2931491528858708e-9,3.8829783570586064e-9,6.662289812421042e-6,-1.4230299927372023e-7,0.0009208396229391496,1.552427745761098e-5,2.8387831162435367e-5,1.1152441679681887e-5,-4.7032194698572275e-11,6.1991855833299276e-6,7.800876577629797e-8,-0.007374386009561705,-0.0026881437547710677,-2.2549235757620577e-7,5.0558702883016556e-11,0.008734629020791857,0.0011148757645832294,0.005605815809045067,0.000984671216600729,4.191070402027075e-5,3.847819518023029e-11,-2.6826563589362046e-9,-3.143404903735336e-5,-1.1262597683121179e-7,0.00017520377171604883,-0.0015028645290998323,-0.002491603844562802,3.054382881670867e-5,-9.655914595198902e-8,-0.008712332398393018,0.0008707014063436649,-1.1816638918497084e-8,-2.4419571787547196e-11,6.66759294962301e-8,-2.7238380307229894e-6,0.0006863260678162817,3.0687575193053485e-5,0.0029085335887399947,-1.2231065186049824e-6,-0.06124260305526606,7.88001923547881e-9,1.0402820048921105e-8,-0.004706296416091741,2.8689451598273765e-7,-0.0009223226831092348,-0.02139258959076292,-0.0019261914878198816,-2.7554735633236852e-11,0.0005716153087889904,-1.3422411699634894e-7,-5.190105704884803e-8,0.01619118417251561,0.015621929101590715,-4.436968805252652e-5,-0.00014231523879302041,1.4694116506671468e-6,-4.393933215102841e-11,0.0026623518223885664,-5.931368151561857e-11,-4.944070888575637e-10,-0.04818918564964623,3.516508718851513e-11,2.1736487156111266e-7,0.00016403651952939482,-8.401719871534188e-6,3.655877934050855e-11,-1.3672885498733829e-8,7.423550200937396e-7,0.006439011225545765,7.007348016998947e-11,-2.6283016712955226e-10,-0.003130632537958382,3.563035272399822e-10,1.644927674763781e-5,2.661721175900183e-8,-5.019877510239408e-7,-8.743875253164903e-7,4.811637868616997e-6,-0.00020154062129258297,-0.00016013646049102366,7.877511572467488e-9,1.427538860509523e-8,2.186331765907463e-5,0.00010030407585716611,0.002244467755561116,-3.1688817953180515e-13,1.0991775961533057e-10,0.008297417476349133,0.021688663560180392,-1.3660837281350698e-6,0.018469213201864208,-0.0005807253907352391,-2.504957390647789e-5,-3.0073387990563165e-6,7.874262316857763e-6,1.8531204028422208e-5,-4.124518732566932e-10,2.6803374011731908e-8,0.06356695378768881,2.9734734436197317e-11,1.3241916823749737e-6,-1.3770023741791574e-7,-3.708450611881251e-8,2.988296904597263e-8,0.014688730792866825,0.007367236503864706,1.3368910680739684e-11,2.7717511078597222e-11,-2.0187742929755153e-11,2.8931602260962374e-6,0.0005303334970284114,0.0002613007186898571,-6.5219498702081425e-9,-6.430487778884668e-8,2.4108658294066377e-12,-3.90153760109167e-8,1.3092693853315007e-9,-0.00021943428200555103,3.119064095588444e-11,7.653770534838753e-7,8.161676459145596e-7,2.032939181527897e-7,5.147446188697749e-9,-9.21430682374129e-5,0.00017512169375682695,4.3194671639017236e-5,2.935573111355959e-11,0.016673444395499025,-3.186654502267213e-9,0.0022275489401732003,-5.104580146249735e-9,0.0010182050894731174,0.010609383683500857,4.686185789002939e-9,3.059733794260631e-6,-1.6319805116450593e-8,6.208346313041532e-11,-2.860922511111289e-7,1.7885319203086347e-7,0.000543670392250048,1.8445704856289297e-10,-1.0623941790976492e-9,-6.543375731686891e-7,3.945156812980375e-8,-8.521288778782504e-10,-6.830869010285678e-7,3.910106216235975e-9,7.365483108519164e-5,8.609392448900164e-8,-0.010324429262513504,-1.2681114622712287e-6,7.682486186443377e-11,-0.04101760111271329,-1.3163162262264999e-9,-6.495951622160759e-12,-2.8862621494675864e-8,0.025563342965552956,-0.011051132820959658,-5.80184851659531e-10,6.901566813134223e-10,-4.936474715203691e-5,0.007442800350806734,-0.0038449541761222976,-2.852514828094617e-6,-3.1562396327803974e-6,-2.765857425585336e-11,-2.2146624728916563e-6,1.0667797631602999e-9,-0.00647553223924662,1.5329433647961358e-9,-0.00016582678439125927,-1.3109578165319866e-5,-3.5676462725548764e-10,6.62411579293449e-8,-0.00010274489197252667,-1.1863117744278752e-5,1.0790434019875528e-7,-1.601798680054645e-7,-0.0007057448887580603,1.280918684788876e-10,5.03981404815859e-9,4.550373322742506e-5,-4.340266012578108e-6,8.05679206993176e-7,8.779508538344993e-6,-0.023092272754209452,-2.4837508516259973e-8,1.332001119986933e-6,1.8292995492502755e-12,-1.4728113694786344e-10,-2.6377404323242593e-9,1.4774673404633475e-10,9.442792152366435e-6,-5.679596913987217e-5,-0.05718406652120573,1.78101587423002e-8,4.651377926864088e-8,1.1007716549328744e-9,-1.5918772885229008e-11,-0.00542895966731674,7.00159089969101e-7,-0.051509041223530665,6.78254776786167e-5,0.000986520553134987,0.0031247126091007763,5.499800201776525e-10,0.00029728654435018414,6.462673552500161e-9,1.6455429021466245e-8,-1.8179071219953728e-9,0.015712219701361954,-3.063680642690385e-10,-2.0442297555056375e-6,-8.149347928043392e-9,9.265972969333306e-11,2.738237407211201e-12,-2.398764010081472e-5,4.626950112877942e-6,0.0002189559122642845,-0.014566652777414904,-0.0010373139214003087,-1.8946553699966007e-9,0.0058476061381646,5.919523130773744e-8,-7.780809203934258e-10,1.5344055397013153e-8,-1.2898072588072563e-12,1.2089610981794853e-8,-3.871817531102442e-10,0.05763939088286699,-1.8504987884411193e-8,1.0020295863926125e-8,7.43075208874915e-7,-3.01083160735427e-10,-8.431088616830748e-11,-5.1372441854123966e-11,0.002737847971512126,1.3684313406537818e-8,6.0454986343204155e-5,7.116014363731028e-8,-5.803881987855428e-11,5.901969957857614e-5,-0.0005204092983050125,7.704019844626277e-8,0.018046877766070803,5.454296217589218e-8,1.8131926481085507e-9,-0.00015422787721766567,1.4896415298989538e-6,8.173436365713979e-6,3.332325180270177e-9,8.32235803959131e-6,6.174585980156876e-12,-0.0031620132126257304,-8.105480857907057e-6,4.719262705597342e-8,0.00018710107406363883,-2.056686308325897e-10,-0.0005941639865773232,-3.016903940585982e-10,-1.2783172358539467e-10,-1.3405657528338811e-11,-0.0029036562861112104,-0.00011795346873116228,-6.754686738500524e-7,-5.9293899498100636e-6,-6.748643528607925e-11,-6.990984755829376e-5,-0.002198031254183937,-4.540187621003304e-7,2.2666310843048997e-10,-0.010685440264356024,7.444182004875872e-6,1.6051018551617167e-6,3.448206255392754e-8,1.0631437695415978e-8,-0.004969554098516872,-0.011799200880527728,1.8641783512970096e-9,-3.8046296693916426e-8,-1.860891613568296e-6,-0.0005942361781865568,2.179987769612434e-6,2.060342372003214e-9,-2.8190519285542746e-7,-5.634320081635765e-5,-2.2886720677421844e-5,2.471952519729728e-10,7.542335201426908e-10,-9.285367285507964e-9,5.485421170729441e-9,-3.0753431431169475e-8,-1.0044471498354013e-8,-0.005809418096681019,-0.01043316007098871,-2.7757058624774762e-11,1.0464594620070956e-8,0.004066580876297982
0.0,0.0,0.0,0.0,0.0,0.0,0.0,0.0,0.0,0.0,0.0,0.0,0.0,0.0,0.0,0.0,0.0,0.0,0.0,0.0,0.0,0.0,0.0,0.0,0.0,0.0,0.0,0.0,0.0,0.0,0.0,0.0,0.0,0.0,0.0,0.0,0.0,0.0,0.0,0.0,0.0,0.0,0.0,0.0,0.0,0.0,0.0,0.0,0.0,0.0,0.0,0.0,0.0,0.0,0.0,0.0,0.0,0.0,0.0,0.0,0.0,0.0,0.0,0.0,0.0,0.0,0.0,0.0,0.0,0.0,0.0,0.0,0.0,0.0,0.0,0.0,0.0,0.0,0.0,0.0,0.0,0.0,0.0,0.0,0.0,0.0,0.0,0.0,0.0,0.0,0.0,0.0,0.0,0.0,0.0,0.0,0.0,0.0,0.0,0.0,0.0,0.0,0.0,0.0,0.0,0.0,0.0,0.0,0.0,0.0,0.0,0.0,0.0,0.0,0.0,0.0,0.0,0.2864252628137793,0.004997179317749328,3.6364837684150303e-6,-0.0008693784646892802,1.3219917477016225e-10,-4.857325771128568e-6,-0.009070418988470705,1.2601230235707193e-9,-6.355318053714942e-8,-1.1355520202495357e-6,0.00011353321608431687,3.304116345895187e-8,-0.003074031220940756,-0.04984271173139381,-4.79424483574523e-9,-7.946452289245132e-7,0.024093424802009943,-1.4137156103286625e-10,-6.315664440425132e-7,2.604555241217681e-9,-2.7644555380046803e-7,1.1571780893836764e-5,-3.819119468731835e-5,-3.254750733755902e-8,-7.0887387749765954e-9,0.005632035147064354,-1.0182553881963735e-8,-3.873166438217894e-6,4.797903508777588e-7,0.001680317911737646,0.01251724720347593,0.008827748742349583,0.006689146959803896,3.9422956045417414e-7,-1.848502146276951e-10,-4.5561159036860506e-8,7.23048093950066e-8,-6.728014550124234e-5,-4.351538782906667e-5,-2.3678751176641107e-7,1.6369111374762042e-5,-0.00031839507801979697,-0.0022615223556598537,-2.5296035470969616e-9,0.00775598128635424,-1.1169308408139557e-10,-2.8771787282614624e-11,-0.0009741445496534235,1.8964967636338816e-5,-1.2669957251783667e-8,1.7866343846076805e-7,-0.06019137178636774,-0.036115822415568946,-2.0903176266179218e-9,0.03576279038784651,0.0003275417941789219,0.013366129369144964,0.003736860966299606,-2.2171878720106628e-8,-2.3504855036430114e-5,1.7931857928264916e-11,3.834425722832286e-10,-0.0003143357225448044,-6.447193461491481e-8,-5.262829208278779e-7,8.02615121279365e-9,0.00013212204504573985,0.001355804457315952,3.175328691780581e-6,3.6015514362510044e-8,-0.0007075374410622112,5.967229690392089e-12,-0.001560888615646489,-1.1291571338666197e-6,5.033024131542734e-10,-0.005033619745025191,4.790754301084648e-7,-1.2834149540332227e-8,0.08123888343349829,-8.738901214927605e-5,-2.242741030669876e-7,1.221762836539905e-9,-0.002283530104919546,-0.04731342708554757,-6.746703507634055e-9,4.796594617099966e-8,2.0026868601940527e-5,-0.0004645500288272914,7.4085944482819e-6,0.038563308110422835,2.5729533770522865e-7,1.0219546576706701e-10,-5.991072137494245e-6,0.009703920315595131,3.1220521700526026e-11,-0.0003221038862654892,-1.2864574749277177e-7,3.2995029716944676e-5,-1.3476625088025654e-10,-2.3339883119647463e-5,-1.4653443872913906e-9,7.667960580028242e-9,0.0036968937187452366,-0.0012711293881969641,-0.00034194500878851334,1.8386776257503412e-8,-2.7988159509421252e-9,0.017776795654018112,-0.006426595732104957,8.655487962118377e-11,-4.742183277915946e-8,0.00024996498525090385,-1.6747128715066047e-9,-0.04121977180664488,-3.9518005040670724e-6,0.005977062200297067,4.7104747104398347e-7,3.538930985853366e-6,-0.00020496859907280304,1.3067800702945865e-11,-9.18235563754689e-11,-0.00013687351869434957,-6.855121562785594e-5,1.9572878245973752e-8,0.10003236734910753,1.8335210294545717e-9,4.250445437293235e-6,-6.307740520834876e-11,-0.012409571266542735,-1.5614803312664608e-8,0.002779000786954731,4.3700504678881935e-8,-0.00029493037851824664,3.111845905276815e-10,-7.1690992080964196e-9,-9.39526531033393e-11,-0.002223490917515166,7.709098980347278e-10,-0.055859716624925,-1.7940692933060035e-8,-4.724739929858035e-8,0.0013001862562808627,2.314817180058163e-5,-3.5702177325184305e-9,5.699141591968304e-7,9.703936372325035e-5,-2.4635204125548337e-5,0.06753936416660826,-1.3456082804502017e-10,-0.003100455999401754,-0.03504345788411998,0.007288637569794355,1.996022290738907e-6,9.585931334720129e-9,-1.0843051067481267e-9,-2.664927567868104e-6,0.1250491667374314,0.0259500509389521,-6.4434532045879555e-6,3.5670908265839986e-10,0.0001353966618131725,-3.902867368860316e-6,0.015590128556616864,-0.0001718107781505598,-8.298730530392492e-8,0.005547505973938991,-8.031918855252037e-11,-1.1618815802216066e-9,-5.338381974449337e-5,0.0014003291137195406,1.1549259618935778e-7,-0.03268333769738378,-5.04703222735566e-10,0.0003307919185366369,1.3657151301786673e-10,0.009832874863646533,0.0029605802769565957,-6.671417551550034e-8,1.3500344825085741e-5,-5.105264157943676e-7,6.394351965944107e-10,1.1096243267178321e-9,-0.016052461340421806,-8.019030551101937e-12,-9.286568784931921e-10,-4.895409537464047e-5,0.006805983774882515,2.1909843703999017e-6,1.802119492084859e-8,-3.135730852109005e-8,-3.800564325121533e-6,-0.0004469775019158202,-0.00019192829442317509,4.247138989786815e-11,3.1332612433922686e-8,3.090040354295146e-10,0.003039859860062969,5.073370160277191e-10,7.211103098480946e-5,-1.8018264288856844e-7,0.012079543485865879,0.00041523815149482597,-9.588622881236373e-11,-5.012939129123308e-7,2.034542213660827e-5,-2.2639873205347073e-8,0.00039723066320045017,-2.7827797601376598e-9,-1.3737307523459338e-6,0.00102765517154738,-2.5500234919586102e-8,-0.005137805407515526,1.9612466027049568e-11,-0.002295076785363149,-5.918552768041529e-7,8.206336869239476e-6,0.0008044316337451691,6.585942354937822e-8,-1.5920098781818426e-9,2.2390077231571616e-5,-0.0005971850206766718,3.10497611873774e-8,-0.032493836818152974,0.0001406816083026041,-6.36239706863432e-6,6.496863070170788e-5,-1.9947932656923742e-10,0.013702712757145854,-4.2113686198441366e-5,-5.291650188011049e-10,-4.0843121069259624e-7,-0.0003226530768593845,-0.003123357308243821,5.936053560830603e-9,-2.222584756144665e-5,-0.0006787188359627979,-0.011008455809791226,2.710859716020102e-6,-3.3424210589467354e-7,9.330897527722541e-8,-0.00022516439217730276,0.0024514725157592666,-7.852301699124745e-8,0.0048096868390603105,0.015366748192404557,0.00038299282087962737,-2.924627236228184e-8,-2.3421027117983054e-8,-7.891210644115806e-9,-3.5229541284984476e-11,-0.0002831919148001951,-6.663262165893679e-5,-0.03906968705461592,2.4902837887751056e-7,-0.0023225736438124774,1.113943730070513e-8,-0.027718274937386073,-8.598193034223325e-6,0.0032371745986317893,0.0006282326731755684,-0.005156608798703312,-0.049057434696100286,5.0504379879844754e-5,-6.354849721222799e-11,0.004325313464793493,-0.03944567902465867,1.359149347502101e-5,8.228828080971923e-9,-2.5579381488859588e-6,-3.366344745453957e-8,1.6919072838281957e-10,4.5356077202714405e-6,3.0671431748473446e-6,8.12280114735173e-5,6.38189349905509e-8,-2.8722536615484546e-6,-5.06873828448339e-11,-1.555382572771287e-10,2.4352525963926423e-6,1.873073330374717e-9,-5.221756480658435e-11,-0.0015108934361853135,-0.03199841852278378,0.02212882826770839,-1.4848721654794177e-11,-0.0024454161632733304,-2.535041697308235e-11,0.017978786553859438,-1.3532192460404442e-8,-1.5980349377448117e-6,-1.347622532609348e-10,6.7440004061471e-6,0.03241730781396784,-0.01859335878031608,0.0006870509106086563,-0.03308167724067007,0.015363624790207937,-1.6650719246644355e-8,-0.002417951234828287,-0.008543561610410057,2.5533888319879083e-6,0.0021223440614423286,-0.0019169507682900585,-0.000517374331605976,3.32554402208898e-13,6.338761968749871e-5,4.499795615291024e-8,9.996950153127686e-7,-0.026579349757686714,4.754818874313546e-9,-0.001834557820512216,-4.937881956550992e-9,0.005361551041866202,-0.03982904358001599,0.001795468399417273,-1.8657245583277797e-10,-0.009642240521276919,-2.022833460467321e-7,-1.0527993982654757e-10,-0.06062028944195387,-2.7810313349702214e-10,5.645524436793353e-8,2.060437926514195e-10,0.00034870897331700884,0.005746401758803897,-0.0018548407330973792,-2.5795148491520457e-5,0.042393784581489236,-7.099203472646017e-7,0.01328982139613377,7.976677061624976e-9,0.036203455480935995,0.0018865517385759512,0.0011092796187612073,5.883070406264567e-11,-1.8645320887676728e-10,2.7307867222086972e-9,-2.315653503703835e-6,-0.00013222408893852507,-9.905028107452372e-9,-0.006045834148037585,-3.0122559917165864e-10,0.00016668570216000003,0.00821209291878642,-0.007556004144635419,-1.1353449552920273e-8,0.037101868938907205,-1.2296392879833939e-9,-3.6841624948967147e-6,2.3185582984803002e-9,0.008731464573341452,-0.012681283176360664,0.1573002893121995,-2.798068378680924e-11,-0.00018632313703960193,-0.0016155761245951515,0.016220795096275456,-0.0036193070172082288,-1.0550399187544776e-10,-8.082161145405648e-7,3.319313375512988e-8,-0.010622163243621332,0.00020054504675527936,0.0006478720459902411,2.1472691588944294e-6,0.02117589980645034,-1.0495469241849837e-10,7.778806488298661e-7,8.922278815950496e-6,-0.002157064836135951,6.2804536575393084e-9,-4.973591129362039e-8,0.005084540463908725,0.0075168504360530585,-1.3775158746670396e-6,-1.0895792117143628e-5,4.022836026772539e-6,-0.00021264340255450984,1.658430628694089e-8,-7.16737161262754e-9,0.0021003043710689866,0.0032481766830676803,1.5300482022688765e-9,1.750835507544026e-5,0.013451747203123886,0.00012992933234941476,1.5145550902004544e-6,7.421883180242803e-5,-9.444323527708516e-9,-6.030080641490174e-8,-3.305330578630652e-7,-6.058789639371527e-8,0.019162271275472105,-1.283098820413453e-6,-5.374055514742994e-5,-2.280362353787714e-9,-7.86220434143702e-11,-5.480571187918936e-5,0.030188907871136234,1.0550764174593732e-11,-9.425251983081067e-10,-2.317282143832807e-9,-3.7960167312783725e-8,-5.953550257106272e-7,0.1514520720366265,-0.0022687969215952047,-6.061097834743342e-8,2.954023056088349e-5,8.945241196272634e-8,-2.9169690621948725e-10,-1.1110867195039396e-9,-1.3128404457510514e-7,-2.785632583667383e-6,-1.2622700698365475e-10,-5.361766068776523e-9,-0.0003712447330805777,0.21970134521159043,6.847112700401503e-5,-8.650283501484675e-6,1.0903080233717742e-8,-4.1661254387164506e-7,-6.661362998556652e-9,-2.3924126471866315e-5,2.2673075750728344e-10,-0.0013247642444746215,-0.0005800173729626622,-6.646986575980427e-9,-1.4382485085592534e-5,6.454485086936961e-9,3.2441288795272154e-10,-7.713880810094967e-9,0.03497251999933666,3.032412566251162e-9,0.00011593496411840124,-3.692130961076653e-5,6.623695010734279e-10,-1.445019732587378e-10,-1.0998826471061606e-8,-2.136126385088958e-9,1.9031945760129416e-5,-0.014467032333016293,-1.1133184199972418e-10,0.014103415253187646,-0.0008058250804920763,1.1463212391385299e-10,-0.021790998696663462,-2.3304907624110278e-5,8.634230715644166e-8,3.7941455539048226e-8,-0.014165614703595345,0.0005082643522342571,-5.233767795448992e-7,-5.4408472737317e-10,-0.0035305462275540375,-0.00092801320763337,1.005495647409894e-11,-0.00016787762793182636,1.0089480161321666e-8,0.0002013622283071532,1.712086034358714e-5,-7.793337365606252e-6,-4.4058765471934666e-7,3.6462963147466324e-9,2.0461673716688136e-8,-0.002494509924600937,-0.00018601420644470597,1.0559288191079811e-7,-1.589964095219573e-8,-9.589994511486993e-9,0.0219349275954443,0.00028053378718907745,8.347866009852806e-11,-2.1737770304376916e-9,2.0269773727129333e-7,5.346126084454911e-11,5.78812077937876e-9,-1.170407447163263e-7,-1.6810583194343525e-6,-2.6384070960691307e-7,-3.990386159187617e-7,0.00028136751913665687,1.9182846736599364e-5,-1.0735637777783097e-10,-0.03171810953123323,-1.885775890216336e-6,-5.1414074772844704e-6,-0.00026929930791009615,0.00022414969953905598,-5.626788204086722e-10,3.844440478956339e-11,-0.034436162925831244,0.09632431151048085,0.03292006633894205,-1.9966834291645e-6,2.0428397615326577e-10,-9.27198244252466e-9,0.0013504372907005584,-0.00026653067924769754,-0.01829228299267059,-0.0002987202565854053,0.004037816931682725,8.353476560502171e-10,-0.028393625868016775,-7.555549490615411e-9,1.2948364822799863e-5,-1.4497976609904995e-5,0.002281560661282714,7.514094674525952e-8,-1.1190097006574915e-8,-1.250257566765473e-7,0.0010249850450142995,8.970407817251294e-11,0.001763474113376111,-8.771035163465533e-9,0.002764456049535527,2.3652501458025596e-9,8.200659915842373e-11,0.005535990355383315,-2.960711944545998e-6,0.0005977074193419097,-0.004397599095069819,-2.5435783527758015e-5,-7.828807028971649e-5,-1.0548117667108424e-8,0.027761924735676305,0.023064542767985263,3.3945038594432586e-7,0.00014094912213635783,-0.031458647295241005,5.407509937952998e-6,-0.0009093597938858881,-1.377855643648238e-7,-1.4169261650175074e-5,2.1465315967623954e-9,1.1094459002687773e-6,0.0230547934354848,1.2876007791487653e-10,-0.0013902001191254882,0.006217360512287932,-4.794572307583534e-5,1.7824289229902366e-10,1.516565729244077e-9,0.0023016736300996905,-0.003100241680669202,5.757661777639067e-8,6.88500589430483e-10,1.1893611448579462e-9,-3.086333720942766e-8,3.542689353925219e-6,-0.05639411887416805,1.9087629497675675e-5,-0.0020644697856984934,-2.5930851911341517e-11,-4.586474492737895e-5,1.2774045254479145e-7,1.4531577361826594e-6,0.002160312441791909,-4.624885120153793e-5,4.702748576077452e-9,5.939596311461326e-7,-0.0003978140374836644,0.00011167715421628351,1.1818417318848853e-8,0.0118871465006622,0.005605252966928468,-1.555493366960824e-7,6.421969137777891e-7,-9.18595408325626e-7,1.800229797484314e-6,7.964142762035529e-11,0.0009624230935136371,2.2184222486375507e-7,-0.003898397973123642,0.0016675014353543108,-2.950466433192029e-5,0.0031488521940894595,-3.585593408599586e-7,1.443133939768947e-9,3.543051079333659e-10,-0.001915788097678707,-5.0649960250049623e-5,0.002055820385842527,0.043267389130166686,-5.934626147734178e-9,4.958764472550687e-6,3.163605382189801e-10,-5.004296950086096e-7,-6.902175832608888e-8,-4.455015691008145e-9,0.008483904741311523,-8.717817496517891e-8,-0.00012586164989984887,0.00028331183863213494,0.009923212526276422,5.405192793289715e-11,-0.037518588630537864,-7.951605705657628e-6,0.0001969175304567787,-0.02191081436467826,0.00021834786381138264,-2.67871444297111e-7,-3.490500499098434e-6,-6.196965379208901e-11,-8.65452454706521e-11,-2.576111753777928e-11,0.00010040548884199704,-7.457213142252681e-12,-0.00022725220247542965,-0.006208248697238915,0.0004053065059111124,0.004316036112095462,-5.111205095156175e-6,0.00016145311710206179,-1.8737335782909103e-11,-0.00035711467460578243,0.0011650873137413124,8.4851108093324e-6,-0.04513749608396847,0.004054440041331269,-0.00558509566807361,-1.9690538500551434e-10,-0.0015117128720632388,-1.287268250708413e-7,1.812426093241564e-6,0.01877098714797644,2.3237499314525765e-8,2.613102827552859e-9,-4.741083660780826e-6,-6.134424536776373e-10,-1.1188552093246076e-5,0.0025509433252930715,9.82196351604501e-8,-6.3064966897621465e-6,1.374209084576604e-7,-0.0011644329421775649,-2.216727783146177e-6,-0.010870263866742775,-1.931562642295329e-9,-8.486470665354075e-7,-6.667572214503711e-5,3.39545607110487e-8,0.0013816438306269595,-3.492997958719879e-9,-0.031736328072522774,0.0128491886277028,0.0025665131193067627,-6.338376050960689e-9,5.467058070039011e-8,1.0523261633242453e-6,-5.538474554648584e-7,0.022037640052498565,1.3752948437806941e-8,-4.985776350834488e-10,-8.650344317586037e-5,3.0624162334266496e-5,1.6054873526571363e-9,-5.987555950462487e-7,-4.3452482251952405e-6,-6.44612477359915e-5,0.00044600055824551015,1.0919935875708122e-10,-2.1159652710100707e-10,0.008068207077708308,-0.00045266956710125403,1.1418060014263251e-5,6.633162214703583e-8,1.2868265754875286e-5,0.006476251290964549,-4.970949317321769e-6,2.13828550050501e-7,-3.744641554224306e-9,-0.022658800317171032,-0.0006858572447491156,0.0002409328968073367,-0.0006050028593437011,0.00028764197687001814,0.0009349903390628675,1.920076257292819e-9,4.3168049018113525e-10,0.015455604686467134,4.599574187177171e-5,8.625821248645687e-12
0.0,0.0,0.0,0.0,0.0,0.0,0.0,0.0,0.0,0.0,0.0,0.0,0.0,0.0,0.0,0.0,0.0,0.0,0.0,0.0,0.0,0.0,0.0,0.0,0.0,0.0,0.0,0.0,0.0,0.0,0.0,0.0,0.0,0.0,0.0,0.0,0.0,0.0,0.0,0.0,0.0,0.0,0.0,0.0,0.0,0.0,0.0,0.0,0.0,0.0,0.0,0.0,0.0,0.0,0.0,0.0,0.0,0.0,0.0,0.0,0.0,0.0,0.0,0.0,0.0,0.0,0.0,0.0,0.0,0.0,0.0,0.0,0.0,0.0,0.0,0.0,0.0,0.0,0.0,0.0,0.0,0.0,0.0,0.0,0.0,0.0,0.0,0.0,0.0,0.0,0.0,0.0,0.0,0.0,0.0,0.0,0.0,0.0,0.0,0.0,0.0,0.0,0.0,0.0,0.0,0.0,0.0,0.0,0.0,0.0,0.0,0.0,0.0,0.0,0.0,0.0,0.0,0.0,0.2846638962473923,6.236297724260197e-6,0.021299140671764222,2.6745159192416685e-10,-2.6715010811749337e-5,-0.025714773859697754,2.2930404188222354e-9,2.8127081739133318e-8,-1.0849679541050897e-6,-1.5619647297353133e-5,-6.667704715881943e-7,0.005473000402393616,0.00752249377382913,-3.1188869722777764e-8,-1.0971928327152002e-5,0.03237397508590586,-3.3832986582819637e-10,-1.7614326375996933e-6,-2.6337067955744628e-9,-1.623122870194409e-6,4.0762210907913354e-5,1.5006311793394576e-5,-1.580759526994099e-7,-5.19281281473712e-10,0.012621243795537543,1.5170497710237274e-8,-0.00014417529670771238,4.296801408750517e-6,-0.000582740961456777,-0.026605851700311052,-0.07452143949171552,0.001452314428205407,5.6327443810770455e-6,-1.4442579089803496e-11,-1.2043107850032264e-7,1.0122488278924243e-7,0.0003909800887545826,-0.0003373222575811144,1.1447584137703621e-6,-4.649639890637115e-6,-0.00023225649571415968,0.043163201416144985,6.969953304284068e-10,-0.0030566239404744024,6.80203794046668e-11,-3.333515366277809e-10,-0.00063273719576028,1.1011996350191352e-5,4.2643182594363704e-9,1.254423903339637e-7,-0.0022752614396613466,0.012104732209605031,-1.3368344944991454e-8,-0.011120583366952349,-0.0009637502824183947,0.037115251784053754,0.00314578754980721,5.304094969075238e-9,9.31708050870607e-5,-1.9425231707026554e-10,-1.2316659618764964e-9,-0.04381376448468747,4.420209240230503e-6,-1.6623256236402204e-6,-3.5369179974284063e-9,-0.0001845889526951725,0.016345458679087335,8.243613603428547e-5,-6.188917707633906e-8,0.00022213251734982974,6.348664890907179e-9,0.003779365751228599,-1.3499384012369562e-6,-1.6082310806873357e-10,-0.004234835835036477,1.2858179182011435e-6,-2.6349636523712525e-8,0.008548461100759646,-0.00016065956547346136,-2.1204137420401677e-7,-2.671874368946801e-9,0.002169110205754465,0.0005392069375322356,-1.4948932372664426e-7,-2.2301971508320154e-6,-3.0013118584111347e-5,-0.0002076916485502522,8.73740042699606e-5,-0.004671300328443322,3.9268136009581536e-7,-9.665690293228645e-10,-8.208816489926473e-6,-0.0026090976163451337,1.1826397032111635e-11,0.1213529783212626,-1.2465245443312291e-5,0.0006910622677389081,-1.1015688044720037e-10,8.432567145401418e-7,-1.6181142712674319e-9,9.583229189945791e-9,-0.002751773909441357,-0.046619421246836434,-2.0364333125946906e-5,1.8708572373599996e-7,-7.69338075104296e-9,-0.00639469073824701,-0.0006784066664213961,-4.217834854844643e-10,-2.849611946811061e-8,-0.0012909322863664016,-7.636573684879315e-10,-0.08410393445144389,2.1441210327501872e-5,0.010161260612780955,3.8861841664546616e-6,-8.362637831725757e-5,0.01420358915376056,9.448950362469474e-11,-3.342433743018713e-11,0.00039696051507772284,0.0001975002093789283,-3.1876417133024362e-9,-0.003563743070471649,-4.514975642090554e-9,1.1309255688926432e-5,-3.1972156563172916e-10,-0.003315227352408405,-1.3421250572168432e-9,-0.0312683790053151,-2.0540231106123712e-9,-0.0007557686502983659,1.5130854850941086e-10,-3.046778174809518e-8,-5.604014444572321e-11,0.0008393735877644202,-1.4939664062206598e-8,0.0028414133680505394,1.120528685255571e-7,3.98374227405156e-8,0.01089364094915555,0.000777529498177711,4.394709943283229e-9,4.598594921134236e-6,7.275100495147061e-5,-0.00026394211041553585,0.011657693615077671,2.0608505045552126e-10,-0.031721136733533925,-0.0017600074691971341,0.011903512694795842,-5.8477169868017535e-6,2.701684594729911e-8,1.2367389924517683e-10,-1.69952279788936e-5,-0.03709548244730818,0.008311551537957783,6.15452374270097e-6,-3.956298228119165e-10,0.0024433908910970743,-2.8768203512937334e-5,-0.000913581023398795,-0.00018582787785727538,-9.519041910663587e-7,-0.023644094813674636,-6.206541479582316e-10,4.4308514999855815e-7,2.6413099549946594e-5,0.06786166497628,2.004837969749385e-7,-0.012881456946983942,1.7323461407815664e-11,-2.466840477723258e-5,-2.7992880138648986e-10,-0.0024968479531796506,0.13041778541726146,-9.921323008740552e-8,6.80442028851823e-5,-3.4612281857070204e-7,-1.4458769937747602e-9,4.229362111266094e-8,0.002222912213101305,-1.4231526945675282e-11,1.6590745582018524e-9,-3.002808157929693e-5,-0.0016028334276047163,-1.47024846685449e-6,3.274729933004353e-7,9.145188805211808e-9,-1.2315462342653784e-5,-0.0029045169067081853,0.0007896459887332774,-2.0808430356933535e-9,-4.695521338952591e-7,5.507708038130714e-10,0.006514715183798906,-1.1212620483689175e-8,-0.00013347405683620422,3.3001307114911856e-6,0.03525924517269501,-0.0010814426920391566,-3.6620257728175774e-10,-3.414736598967066e-6,-4.950483725993112e-5,-6.809336260772242e-7,0.0014312909171602948,-2.3751007028349477e-9,-7.951209548254605e-6,0.002007778146509737,-3.672574744529094e-8,-0.0580627135014079,2.6100897457323425e-10,-0.05241657520940323,-3.8101988308721136e-7,7.972296737973543e-6,0.0049765742037145315,1.1755329971376626e-7,6.395926534469944e-9,0.00010809395780415754,-0.07373422748106326,4.445369840170492e-8,-0.04942260971486014,-0.0013090995712069303,5.181737952022789e-5,-3.621417874513951e-5,-1.0676761946732253e-9,0.013144886314332114,-0.00042116724487567623,1.582748276132278e-9,-1.7152145545926636e-6,0.0003574479717102101,0.0022790806897708344,6.450131271980293e-8,8.786336236844712e-5,-0.0012567048663508391,0.0010711535978024439,0.0004144843418938838,-3.1455208776700734e-6,-5.479997599086861e-7,0.00026877273459289044,-0.0034418624989233926,-7.761587275166874e-6,0.1300902560980309,-0.002817075179199823,-0.04078195637900917,-9.100076365823097e-8,-6.20780836205947e-8,-1.2344564589569149e-8,1.685065939223746e-10,-0.001040378655981969,-7.604369885378871e-5,-0.03203014893924721,2.2422275092192283e-6,-0.03398757886923339,1.039898379732188e-8,0.00883083511083015,-1.2245725468955189e-5,0.009124521468244832,0.06044211864709834,0.003911017781707413,0.017420617701071103,0.00010249240125835175,9.047208758748132e-11,0.015974423252358424,0.008745935012670522,9.855111955097929e-5,-1.5095512516922553e-7,0.0001656095220272324,-1.1698705193337316e-5,-3.433500215890059e-10,1.0165553593004464e-5,-0.0001754339492218242,-8.14848819057461e-5,1.6202243707782097e-6,3.007190921660788e-6,-3.083220576263883e-10,-2.2672110969511803e-10,1.3060766943208512e-6,5.176880953164727e-9,-1.2625141346212024e-11,0.0036523290940473486,-0.0007432101426778547,-0.007562657315183048,-1.6537321867253232e-10,-0.0004165157337164365,-1.2099616302962654e-10,0.002878506880514805,1.085008881795914e-8,4.273621036767224e-6,-3.2548710826556534e-10,-3.7076810471875658e-6,-0.0007138780816909295,-0.004540644506739691,-0.001589189148417159,0.0035687681528432237,0.0014502095657525377,-3.2689484944480155e-8,0.0008389533440128293,-0.0021743925309204645,7.244878495624611e-6,0.01602852278284259,-0.009121219567552687,-0.0002707045393381017,-1.0652356590664122e-10,0.0005081294344556649,2.010825145704969e-6,-3.5152860573667053e-7,0.007474824339964255,6.454420186287551e-8,-0.00911650346359971,-2.311663252669764e-9,-0.012726056430183446,0.005363646907640348,0.010063212552567796,1.048625347095464e-9,0.0010450138829097106,-6.30477926192566e-7,8.593867221087729e-11,-0.0005842327406843969,-4.963076109546583e-10,4.897460365548811e-7,-2.8697078021519497e-10,0.00023149993445931692,0.2097472783725326,0.03954069971836793,-3.1146733953633405e-6,-0.006328380145436546,8.143234304775466e-7,0.00022784680686464855,-9.694604972960508e-8,-0.012111035274315658,0.009846485527546077,0.019106032148084658,4.704674352790041e-10,-9.179055934880067e-11,-5.348109544332018e-9,-1.2476298511384863e-5,-1.201450577794478e-5,2.0662003261167943e-7,-0.015498621777475857,6.096342255700924e-10,-0.0018369190664841372,0.019874787322995337,-0.009334460290392109,-1.0522952872543699e-9,0.009110233104418325,-6.346879570711202e-11,-1.9258726541858517e-5,-2.983859679175176e-9,-0.02965147875883063,0.014102820701927157,0.0037507106420300623,-3.310886480793078e-9,0.010029633695996246,0.015465646900902217,0.026005013050882674,-0.004135094165778921,2.0025228809503466e-10,-1.734815195242822e-6,6.551606353471307e-8,-0.04660948394740194,0.006257570601512825,0.00439261580915344,4.079778425656089e-6,0.033653635627687625,5.611082046198712e-11,7.57553549770365e-6,-1.3968544417100894e-5,-0.014972574451094378,6.775155313228154e-9,4.156203851055333e-8,0.0047422483923632314,0.009302036953785932,-3.1053933133059895e-6,-1.29185432177411e-5,-5.1747495881759216e-5,0.00042732514842088506,1.5347540577860847e-8,1.3668243707885797e-9,-0.005614989512125681,0.0027553429722098036,-3.50748568807044e-10,-1.3052033081744796e-6,-0.002094641752598987,-0.0001879135048823516,4.22051820223364e-6,-2.6202193708247817e-5,1.0575701885947177e-10,1.2868423769188367e-7,-1.0189130375278257e-6,1.8082664298606988e-6,0.009071390313423652,1.2502363067146829e-6,8.115364352813554e-5,-1.0564615490298856e-9,9.68816996590732e-11,1.3867319435588068e-7,-0.0723986525659037,4.1477968207708824e-11,-1.9788130415430677e-8,2.8647010626419504e-9,8.450309581452821e-9,1.9733640428851526e-6,-0.004283123546177775,0.002758802746844633,-3.814137400566448e-7,-0.0004515620884780606,1.097388434570092e-7,2.337677908464626e-10,1.6451074388752777e-9,-1.0353103403980373e-7,-8.261109442700984e-5,-3.9092305290219805e-10,2.9944686647873865e-9,-0.0006120486597005904,0.009448890329673875,-6.319766553684614e-6,-2.6363800250677707e-5,2.5385949583488153e-9,-1.3071004289785702e-6,-3.780374509944292e-9,5.9421701263731504e-5,1.5937209038359177e-10,0.009903249957035011,0.003948216887755144,-1.9867665836386357e-8,5.456122751913833e-5,1.050168375231217e-8,2.2721090138403647e-10,2.6573228814623464e-8,-0.03740287513103886,3.608931567768924e-8,-0.0001225121639890449,1.4069325454895056e-5,1.0770727826837836e-9,1.6343676322275815e-9,4.925212599614961e-8,3.6733423266190236e-9,-3.968716581450852e-5,-0.0014686141019960486,-1.1054560814517354e-10,0.009114655239169623,0.05166644442865243,-3.8885443771850387e-10,0.008339816525027292,-2.5208082279570916e-5,-6.010537485248134e-8,8.316839352000741e-8,0.007426064813274295,-0.0007304806459474968,-5.238060859015713e-6,2.8817604706949136e-9,-0.02658751952003389,0.04191026339529499,-1.5412036772362692e-10,-0.0417304161009832,-7.431353813242381e-7,0.0009076562653607578,4.110575661894584e-6,9.162283810245176e-5,-1.7922613725814858e-6,3.480064784481038e-8,3.293569864517335e-8,0.0006724743594115782,0.0004676102197780771,2.2739905280207581e-7,-9.956894741585391e-8,-1.3705718404474913e-8,-0.004660452659125079,0.019052568145319092,1.9933806480812865e-10,-3.676052552099947e-10,4.220077856253448e-7,7.819215963520915e-11,1.639026408779828e-8,2.1523346078091587e-6,-2.4309421764594662e-6,-5.613469014424053e-7,5.646878887375547e-7,-0.002744386162780735,-1.2527367196375879e-5,1.1603232891469093e-11,0.007568435247151969,-1.524955482668154e-5,-1.7240511422774494e-6,-0.0003845479710035304,0.00019018525235971277,-3.708614332708475e-10,1.9761977025551578e-10,0.0018762057322331846,-0.02319557513499676,-0.009232951320293519,-1.4985754984947132e-5,-7.137854233120285e-10,2.1772676923069313e-8,-0.00037661674159125637,-0.0003266470650837949,-0.004662928825536786,-9.860269506555831e-5,0.008864865743960705,-4.364052296373592e-9,0.01282769091056344,3.8052264627311057e-7,1.9717801248778397e-5,-4.518727269109221e-6,0.0194601325602626,-1.455932342297229e-10,1.4785571750381316e-8,1.374144405878836e-6,-0.06112457832209478,1.613307828900561e-10,0.01358618889424903,-4.718258847015706e-9,-0.0015475588199282849,-1.7493931459155166e-9,1.4578086824261613e-10,0.0074447151990948805,4.855306576125827e-6,-0.0005639744574258957,-0.0012774284301405557,-0.0001415878595382067,-0.0003653154199792404,-3.388713655173287e-8,-0.008348615556275677,0.024625223691652175,4.8078923576038425e-6,-6.646805672780591e-5,-0.001348639795659315,2.520396593709754e-5,0.01208065939161666,-2.6718306258964836e-7,-0.0002337721493322065,8.880515668261547e-10,3.329959939808024e-6,-0.0024481924714051663,-6.040270752053869e-10,0.017204450222627676,-0.00465752135537864,-0.00010983537607921574,-3.243700781644341e-10,-4.759531115474137e-9,0.05021995540834421,-0.02238372532625821,-5.383290597355124e-7,4.700583117293359e-9,-9.886119024898967e-9,-7.445013573600991e-8,1.5559435686772656e-6,0.0022273390743499486,7.816741646499655e-5,-0.06270573648090752,-2.743103812579252e-10,1.4421112650493734e-5,2.1864206855460024e-7,5.084625172024905e-6,0.13181310853302766,-0.0001666728307464411,3.866033560260697e-8,6.196571193474728e-6,-0.0002827240768058223,-3.4494404986424494e-5,4.283371554151548e-11,-0.009225218122504791,0.013320029765861642,-5.6049429223230936e-8,1.8290783084949818e-6,-2.2950523405877e-6,5.455322072568882e-6,1.186701597338079e-9,0.00015885698711417366,-4.9969545053781445e-6,0.001768290303047344,0.1719134566113869,0.0002769811153576899,-0.059989943689429295,-4.817431783641003e-7,-2.0240953642753976e-9,-1.3000525067973914e-10,-6.496463887662433e-5,0.0002007047432066595,0.005501206481502057,-0.01935955827354009,-3.754052739115113e-9,-4.6756494833570526e-5,-6.250818856739947e-10,-1.349920610653215e-6,4.334382906903115e-8,3.5375392022904217e-9,0.013316793873328792,-1.2031719118787544e-7,-0.0020039986694113583,-0.001434199268125969,0.0019400838057088,-2.081797419483139e-10,-0.0008394333730375159,-1.086674358993262e-5,0.0034411967803774065,-0.07997235123795157,-0.04986881880777544,-1.9273874066950645e-6,-2.0311553589985033e-5,-7.601083076701301e-11,-7.1626111711111e-11,-1.678120911821885e-10,-0.0007320705022404926,3.2028789377908185e-10,-0.00025557209477606414,-0.0030709782353958216,0.0031652181098533,-0.061582924276733314,-6.412307011786381e-5,0.004234865744384969,-1.585698481958556e-12,-2.2695038543049e-5,0.002553851331673377,-5.78918953969135e-5,-0.00133993041430529,0.09052533831647014,0.06974298126581752,-9.364023180605816e-11,0.0008272732498632905,-2.2027357547117497e-8,4.2654646448642475e-5,0.009056874951444412,-9.19722328370404e-10,1.25547725789475e-8,0.000302035680166444,-3.4806621717715913e-10,-5.720035655125369e-5,-0.039647560086357406,1.790931478265045e-7,-9.777487009271958e-6,3.60468044838266e-6,-0.007335016251402098,-6.60993914072349e-6,0.0054575350381705166,2.4124993090527592e-9,3.780531103569591e-7,-0.0005279039031929569,3.4466249214727824e-8,0.033486354836444396,-6.477650896986265e-9,-0.01240675445272041,0.00714427375497833,0.007990661755599008,2.5428941758430657e-8,-4.6397043610410554e-8,-7.278837587554417e-6,-2.3114835295322388e-6,-0.017720601935882034,3.3535049036165066e-8,-5.293604047306138e-9,-0.00017282676272843065,0.021091676974244234,-5.273807257644392e-9,-1.130536310695583e-5,-3.287958755637094e-5,-0.0005089783850216766,0.0003438447540535222,-3.8051573349062624e-10,-4.709862005066008e-10,-0.0021752952326396357,-0.00021430214434524803,4.272159506294559e-5,1.0494698681203954e-7,-9.059436402199778e-6,0.010922031160259678,-2.6852154456716043e-5,2.2782207090440996e-7,1.270064960894471e-7,-0.003343105211581579,-0.020363941070720124,-0.0005273786521062168,0.0028005802360297313,-0.00034612351113242945,0.0031173248220132317,-4.721907255639282e-9,-2.0706282136093836e-9,-0.045635755298290843,-7.706955077420549e-5,4.227312123068153e-11
0.0,0.0,0.0,0.0,0.0,0.0,0.0,0.0,0.0,0.0,0.0,0.0,0.0,0.0,0.0,0.0,0.0,0.0,0.0,0.0,0.0,0.0,0.0,0.0,0.0,0.0,0.0,0.0,0.0,0.0,0.0,0.0,0.0,0.0,0.0,0.0,0.0,0.0,0.0,0.0,0.0,0.0,0.0,0.0,0.0,0.0,0.0,0.0,0.0,0.0,0.0,0.0,0.0,0.0,0.0,0.0,0.0,0.0,0.0,0.0,0.0,0.0,0.0,0.0,0.0,0.0,0.0,0.0,0.0,0.0,0.0,0.0,0.0,0.0,0.0,0.0,0.0,0.0,0.0,0.0,0.0,0.0,0.0,0.0,0.0,0.0,0.0,0.0,0.0,0.0,0.0,0.0,0.0,0.0,0.0,0.0,0.0,0.0,0.0,0.0,0.0,0.0,0.0,0.0,0.0,0.0,0.0,0.0,0.0,0.0,0.0,0.0,0.0,0.0,0.0,0.0,0.0,0.0,0.0,0.2839384407126311,-5.6522501754949225e-6,1.762970304973362e-5,-0.05732710933351713,-3.7549767754477134e-6,0.00017929323857670656,-0.008214091207300338,-0.07953870441473265,0.00010626598826914531,-0.010326026687313642,2.3808488749587924e-5,1.011053376377076e-7,-0.0008267799494615614,-0.034618912895228254,8.800493496983037e-6,-3.2150096893900315e-5,0.03521371759571892,0.00014522727728448224,-0.04942905156981356,0.03858434062389775,-0.001813348849584661,-0.00368538886382288,-0.0009111124160838935,5.510613665955471e-5,-0.0006843266006504254,-0.0015203528297826844,0.10035101758114624,0.00010734629916908935,-6.111956699259487e-7,1.3976484059149706e-6,1.2809927142958704e-5,0.09951930995403133,-1.7134915770967056e-5,-0.0060949308381236375,0.007592927306717702,0.00048432483799878924,-0.006699391342181831,-0.028537816035795055,0.0021401173011435784,-0.0003677774669272003,3.5280365984327956e-6,-0.00024430408686889043,1.1031908896156428e-7,-9.924778569850628e-6,1.6242776501436774e-6,-0.00022341180556695474,0.015110948777655632,-0.0011234295511894955,0.02165870496751747,-9.279871602406135e-6,-1.097162357738085e-8,-0.0003001434687783409,3.381359882728116e-7,-4.110409392351732e-5,3.0687549647043175e-6,2.297375238256108e-5,0.00130607208304959,0.001515255773389278,-2.3751621297988265e-6,2.9144006956248377e-5,6.384613116771635e-8,0.04269371156754194,-0.06222572766000952,0.0010474104543932456,0.0012614147670535177,2.480728202839753e-5,0.019949103771353983,0.005092203813632323,-4.9894295324505296e-5,0.000134467541145795,0.0001431067151510315,0.018754089916814078,8.323843751907034e-5,-4.128137821769438e-5,0.12095431018854215,-0.001719403040158137,-2.47734329042504e-7,-0.007105359311909545,-0.024087606752633453,6.92238292972833e-5,-5.749690403055756e-5,-2.338858250452914e-6,-0.002144374416983584,0.021625719042055843,0.010133924470838279,-0.0004845718210533506,0.011023919094030462,-1.3131486518440606e-7,0.02854171432748958,5.413728315575467e-6,-0.03631093879183186,1.603271739925837e-5,6.324638138645121e-6,1.8014080490154576e-6,-0.00795356413719708,0.0011672213156390116,-3.05448745791239e-5,-0.0022601503987417764,-0.0001755779242074305,0.0013472378613340007,1.6096279926806422e-5,-1.1094918896970964e-5,-0.0007246269434727594,-0.010346759258791062,-0.00037384435109014304,7.678518678269043e-8,-2.1025458526853707e-8,7.1594657590667435e-6,-0.00509341934285817,-0.00015129216351361473,-0.00027138696002279025,1.0516257080635579e-6,0.0024896748320636926,2.129978384462383e-7,0.063540812814389,0.001194750613540839,-7.761999736208688e-7,2.734369658073675e-6,-1.1188912732488556e-5,-0.0002461748075801724,0.0004414441126182368,0.0023585470001381273,7.314597933527482e-7,0.00014938365464747672,0.008086811811090147,-1.1491458580528273e-5,1.1373566343065679e-7,-0.0015962194156639476,5.695733808675794e-7,0.005019232628163581,-3.684494543011003e-5,8.765795735263303e-5,-0.0022559967329294065,-9.575016991488214e-6,-1.7243167244646643e-5,-6.397751099079188e-5,-7.985225176373211e-6,0.00035416056329136387,-0.005877530497687821,4.4162447729829775e-5,0.0007060722336488325,-0.0003882150128080973,0.06981488861658851,0.0012380427304237406,-0.004706427785796304,-3.1617871077201584e-7,-9.154734768700115e-6,2.554517268768408e-7,-1.35798329508241e-7,1.5024224114656487e-5,-0.003645865566369457,0.0013956300688116896,-0.00012114849493140073,-0.0483605258274286,-7.081190266876627e-7,-7.695221050714628e-8,-0.0341022930817076,3.1563940077561276e-5,8.760620607485408e-5,-0.06511323652065908,4.240570077492039e-6,-0.0003842441649270047,0.02050456410522037,1.951929983241289e-5,-2.6763609828952335e-5,0.002633184355462639,-0.003790112951571009,1.9091120634172674e-6,0.013258421208484507,-4.066973339028713e-7,-2.1078846246302342e-5,0.00014250908627283949,1.0508982436376825e-5,3.519983732482719e-5,-1.9023033493522922e-7,-0.006533946667221671,0.024796433395455283,-0.06024442033170718,4.6874467537178005e-5,0.0005947814345464065,7.962154180294065e-8,-8.898854672410736e-7,-4.0023942810860896e-5,-0.0050895485647485346,-6.115965720677902e-8,0.11362806343994389,-0.008266413016462202,-0.004285310670895783,-0.0031955908252713104,-4.966888516954843e-5,-0.00011530962249173813,-0.00015911407631537326,-0.004563729542316579,4.0627526274176625e-5,-2.422732780672688e-7,-0.00010007209199378562,0.0006938827312383436,-0.01693515177603032,1.1759067862503476e-5,0.00013426235361466317,-1.3108217684933094e-5,0.03222601450766178,0.0011551038982183205,-0.009236735911914748,1.7319348319724858e-5,-0.0005245745963089147,-0.03762006062560097,0.00025725817394644867,-0.002773010739009921,7.858009884794589e-7,6.542306111334242e-6,-9.087242941349222e-6,-0.05988496358156621,0.007711773611196486,3.901290972025528e-8,0.007852740704872792,-9.584672477019047e-5,0.02033642744233651,-6.230477368461875e-6,0.003646973877322148,6.959445950992201e-7,1.1468878449844005e-5,0.00621913303673268,0.0007458516385358634,-3.066653647770693e-5,3.5598083883855797e-6,-0.0035327080232802886,-3.676076803002664e-5,-0.0554110350240753,5.587095042215327e-5,4.668044687951715e-8,0.0011786460682976473,-0.002166255145368496,-1.977100966771147e-5,-2.324141995151615e-6,0.0006845060394634173,0.019000135282245437,0.008978047892836629,0.00013917310466005678,9.801462875621506e-6,-0.03234546255189623,-1.0714721521503674e-6,2.24070788241019e-5,3.046497751351906e-6,-0.0029551865628006727,-0.0009060617277979225,-0.0008471695669246784,1.7103548649837489e-6,-0.00019624327110488143,-0.0031684187205718844,7.694458257676012e-7,0.05175149298979416,-2.4247260851949283e-7,0.0013867225542543926,-1.2269739775931156e-5,-0.014643383959378817,4.1779661507962605e-5,8.644090329019481e-7,-8.443222094390168e-6,1.1447271445574795e-9,5.30732078543639e-5,-2.6075320707324443e-6,1.13175206022958e-9,5.608255517981561e-8,0.01063811693642575,-0.0012097282646662715,-0.0002347897631136781,-0.009395790525601532,1.6192560724057972e-5,0.0021392836362977606,-0.001295005770660441,0.0001005219421231373,0.059272206066965434,-0.015366497009225438,-1.0197953154176667e-5,-1.3466858368356848e-5,-0.0015132551994081573,0.0002979922997516538,-5.7062746996821424e-6,4.1671133031340204e-5,-7.22808647250765e-7,1.8034780742014283e-7,4.857375849390208e-7,-1.450458992872265e-5,-4.226037433375562e-6,-1.1177197919254308e-7,-0.0015989480876457845,0.010758486458268577,-2.460769727800275e-5,0.003123300653636935,9.775416517912347e-9,2.6961821338625627e-7,-2.2237015014307335e-9,1.3442581922049006e-7,-8.631673501840957e-8,-0.0021249120930059637,-6.0416601472113765e-5,-5.091344259697571e-5,0.16916006369511344,2.9958633258544998e-5,-3.473471228940648e-6,-0.0005851040762052585,1.0423950215683864e-6,0.001577102552236328,0.021955544045094384,0.0021603748729024973,-4.453745932888348e-6,0.005131776200188622,-6.918708640194861e-5,-0.0006309436779257145,2.704716446099451e-7,-1.0882834224959242e-7,3.336945976618002e-5,-1.0339172678218054e-5,-3.612025680834463e-6,-0.019464347284539323,-8.447734893750204e-6,2.386602973391497e-7,-5.364265104057459e-5,0.008942150174432185,6.92368556669086e-5,5.675623665663151e-5,-1.0909558477584791e-7,1.330555772638702e-6,-0.0007468722293157327,1.7632480601517204e-8,-0.04001859099425932,-1.5085200387106265e-7,-0.0005780439708255859,-5.216895349494553e-7,1.4152221804759094e-5,1.0701164126426894e-5,1.5893308006214922e-5,-1.975632115333093e-5,0.00018150356425728086,-0.029447610772552712,0.00013010733707609479,0.0016123802108751752,-8.915142307676725e-7,-2.37372311051343e-5,-3.379553078416846e-5,1.0141050139982427e-5,-4.5920036497154786e-5,-0.0010475148189708747,-2.459299104161473e-8,-0.00012279058349790023,-0.04319807209688013,0.00015673917395172204,-1.479102963709958e-6,-5.576669769019011e-8,-2.3755146362083803e-7,-4.839559065450346e-5,-4.214391040706753e-7,4.118049480393166e-7,7.988296120827759e-7,-1.7419891841560966e-5,-7.946513558746749e-6,-0.012474607897589316,0.004014119789600827,-2.5228243601207475e-7,1.1620828512372702e-6,7.062301269749049e-9,0.1578661033753653,4.971171030854067e-6,-9.4721067104966e-6,0.11797616859012312,0.0024307443246440264,-1.0021573392384193e-6,0.0009841089117071846,-0.005941304387766162,8.620214553913575e-6,3.7198959033445622e-6,0.031506856415967684,-0.05805951048692219,0.004398022013098371,0.0005422871369746884,0.002264573581541979,-0.0006003929519499264,2.7144301405578334e-7,1.116816808243965e-5,0.00016132055056580072,0.0013831074451277567,8.975795347225608e-6,0.0010602917877360967,0.160593828947809,0.0003765022637205654,-0.0008934690426396968,-0.01642224122951108,-0.043436303168251554,0.014118186402919671,5.6973647881096536e-9,0.010730629650815698,-0.0004294747535797147,-0.00020770391053859114,-5.410283367879972e-6,-0.0037421010304829966,-4.124698364768954e-7,6.727251891620926e-6,-0.0002794953848166066,-0.00028070855597121124,-0.005030708906647298,-0.05896000051645009,1.5134912267732133e-6,4.14715811515758e-6,-0.01236893886937929,0.00029850208524944387,0.009264206986652285,-5.175580391433337e-5,-0.00013904532721276773,-0.014543217775555754,-0.0005713012701899724,-2.6077432576021804e-5,-0.0006160608790033174,-0.0007313016850290757,-5.376181550782234e-7,-0.00012509942476524868,-0.039999230108534185,0.0012243908817826652,-0.03904660176739164,-0.000952147530479681,0.0027862917493176593,2.8330310787136225e-5,-3.911274954609658e-5,-1.1005613164448047e-5,-0.0009162864690491009,0.0005246988197126117,0.0012514632463979318,5.1395361593295235e-5,-0.0003215173926384442,6.592310176998567e-7,0.0005478026687665402,0.0020516317144998264,-0.001653791072123287,6.36761788318248e-5,3.464541709869793e-5,0.0003766524913142215,-0.00014862936635228166,0.0044434063642004975,-2.028988565523741e-8,-1.2314181838205432e-5,9.865715489462023e-6,2.7201281173146565e-6,1.2363824249392638e-5,-8.275833880390415e-8,-0.0005510930308232195,0.011235159488112548,-0.0033172938049835336,-4.0645228647655325e-8,-2.28197768387401e-5,0.0010432083661393668,4.2800451204633155e-5,4.8376846417996235e-8,3.0991799217699434e-6,2.7359769616998145e-5,-6.55167003873935e-6,-0.009738101439392613,0.0009420422151168173,0.00814481545061949,0.009667360408518644,-0.06496916244466973,0.0006841849158871,0.005363589320854979,-8.490238195511041e-5,0.0001246027679744741,0.013056951015435091,-0.0022868425785729524,-0.0012501953834389327,-6.894393337290065e-8,1.2457497996853234e-5,1.2741777476491978e-5,-0.00022822353655979383,0.027988297583190592,5.515492101128707e-6,0.0005569391677684442,0.019963976488353203,0.013803429718740974,-0.01906064034869861,-0.003771203076608048,2.3442230369248216e-6,0.014409013067428086,-1.2717947927050113e-5,-1.3416081876100847e-8,-0.03289378408744153,-3.8077556217294115e-6,-0.0002777520331256646,0.0001726003327247384,-7.281913740073854e-5,6.595774318479946e-6,1.4162057791259676e-7,-4.09988653274295e-7,1.3213123010562995e-7,-0.06472736878483609,-3.074807018647222e-6,-0.0005390541073487138,5.511645326072775e-5,-0.0005105042349870536,1.5477480526931173e-7,-0.0002052398409620841,4.0054046532521786e-5,1.6709995847150116e-5,-1.4119505409151087e-7,0.0008347477156766429,0.004494019264341496,-0.0014882873830651705,3.47755841463044e-5,0.0038560310881620872,-0.00020583089363088205,-0.010003358870094918,7.350545431783731e-7,1.238019897702235e-5,2.473041532188663e-5,-0.0010884351544156376,1.546166735538598e-5,0.0003199611456628984,1.1025737009975954e-5,4.0507311338431005e-5,-0.009111557359256603,6.550941028827997e-5,-5.584481957432252e-5,-0.002168830135075032,-0.004704047508416181,-0.0014534563741145897,-3.60509309964257e-7,3.1149262807765578e-6,0.04185507175445748,0.0002476693062479963,-1.0807252469537464e-5,0.013638367918258518,-1.3479679118878499e-5,-0.013151915756965143,-0.001218767290319963,0.00023785108621139707,0.0074889913908145435,-2.2754521158649248e-7,1.0104401193819873e-5,-2.651617663760754e-6,2.6900165249320636e-8,-0.0052940555739736375,1.501266425181462e-5,-1.1064213322627145e-5,1.2733820326961512e-6,1.9886348833601833e-6,0.0008950673486052273,0.00017970851668833716,1.8695262587694735e-5,-0.0023890182608177716,0.11951876177732182,-3.643678957993681e-6,0.036901504929204805,-1.0106291135792442e-5,1.9095007626711445e-6,-0.003514203891650695,0.01633122803925883,0.19993335410696184,1.838498167801116e-6,-0.001905536633089947,0.0008123625263144403,0.11196686953646168,-0.00010891712818690132,0.0008750308087027166,0.0016136952186912006,-9.719832700406962e-7,4.739607853424377e-5,-0.015693536893474906,-0.008416627487411362,0.013889957293430934,0.1759846681914989,2.490097221056898e-5,6.900618854396296e-5,0.03716685772966974,-1.9828811520293784e-8,2.6948704470601786e-6,0.00026055338876794607,-6.483986762090711e-7,-0.013887000757442383,0.00010648819824135831,3.7792494756878336e-5,-0.00017594347689845152,-0.00040724329351369203,2.819076149596682e-5,2.3205146850053305e-7,-0.0005885908398324605,0.0040104030258310535,2.9748032653328823e-5,-0.04792126591518085,-0.00868333898336425,-0.0005242954557338783,2.0460072119393713e-5,-0.010028188976208243,-3.7040330732466524e-5,-0.00019746106569171591,1.0843523022731395e-5,4.827276062317312e-6,-5.104491557261213e-7,-0.020453458317508222,0.00024357096253136082,6.644519689232184e-7,1.0999971715640973e-6,0.02945508647972517,-0.045288775296061,1.2668853776690579e-6,-9.559251491395821e-6,-7.18350885207456e-7,-2.959958313938949e-6,-1.0381196969916129e-5,-0.0005740727196198946,-1.981252360062025e-5,3.1090502724009925e-5,1.097321220711676e-6,0.0005618200560217193,-2.611804464357316e-7,-1.9202496296201914e-6,-0.00045230408949055104,1.1570708645159852e-5,0.0012932480332888967,-3.1293521151814735e-6,1.0626387932740103e-7,-5.8991186823229e-7,-1.9973387007234968e-5,-5.4508332169759384e-5,-0.010598526899801848,0.0020450180788806906,8.383005600313231e-8,-0.009125637623887238,0.0007304012775449337,0.0007744357711950902,-7.672880243725018e-5,-0.000373390043076279,7.282369539860659e-6,0.011211906451106502,-0.06589693887696675,0.07507502035790187,-3.446715101431632e-5,-0.034610122575670144,-4.0049614429962084e-8,-0.0001751180471752211,0.021264843844229157,5.0257583680621275e-5,0.004602237853485302,1.9559198867904403e-7,-0.000490920259973673,-4.422962496678716e-6,3.511589685505784e-6,-1.361741332413577e-8,-0.00022073606386210253,0.005015920444256731,0.01878661118000141,0.014531796811397732,4.5470343088699735e-7,0.0015033937667518883,-8.444018961270383e-5,-0.005421259553697079,8.41801874061034e-6,5.5675101137295666e-5,-0.05129905189051566,-0.04541461773651057,-4.021310530138164e-5,0.0001074833337532278,2.732975441445603e-5,-3.5991212146644186e-5,6.6070022040291155e-6,-0.00040275941799879615,0.030603739594283617,0.007123787769448494,0.004321088023801103,3.2758834864480445e-5,-0.03988673114809973,0.024018890682744654,0.0011518317251816268,-4.527851560338926e-7,-7.236092866712601e-6,0.00012590080196912901,-3.615522828284869e-5,5.358590786684477e-5,0.00012565714645508994,0.00011985134838652056,2.354548357355017e-5,8.793269123884984e-7,0.0010753434411552773,2.7634575802117626e-6
0.0,0.0,0.0,0.0,0.0,0.0,0.0,0.0,0.0,0.0,0.0,0.0,0.0,0.0,0.0,0.0,0.0,0.0,0.0,0.0,0.0,0.0,0.0,0.0,0.0,0.0,0.0,0.0,0.0,0.0,0.0,0.0,0.0,0.0,0.0,0.0,0.0,0.0,0.0,0.0,0.0,0.0,0.0,0.0,0.0,0.0,0.0,0.0,0.0,0.0,0.0,0.0,0.0,0.0,0.0,0.0,0.0,0.0,0.0,0.0,0.0,0.0,0.0,0.0,0.0,0.0,0.0,0.0,0.0,0.0,0.0,0.0,0.0,0.0,0.0,0.0,0.0,0.0,0.0,0.0,0.0,0.0,0.0,0.0,0.0,0.0,0.0,0.0,0.0,0.0,0.0,0.0,0.0,0.0,0.0,0.0,0.0,0.0,0.0,0.0,0.0,0.0,0.0,0.0,0.0,0.0,0.0,0.0,0.0,0.0,0.0,0.0,0.0,0.0,0.0,0.0,0.0,0.0,0.0,0.0,0.28136604860008574,3.6185211236631156e-9,-0.00019948061965447154,0.011291805927329649,-1.8468543116085175e-8,2.6313754126428426e-6,1.75476155919804e-5,0.00013544664871741098,2.1084427464047986e-6,0.009029440973826311,0.00033392432470996815,-5.951846269003635e-8,-0.0001686669002928147,0.006677920111483825,-1.8602718046295308e-8,-7.334425908065893e-5,-7.039291086170997e-8,-9.425761767164993e-6,-4.772156980045574e-5,0.00010326996306079956,-1.4750680808536694e-6,6.14057333847831e-9,0.0632692106035699,4.1115470521221644e-8,-0.0018952497671973826,5.5769066282719514e-5,-0.03978576904824248,0.002707265050884798,-0.0008552802418770768,-0.027666945281279335,2.3700152937675314e-5,2.9635602763144857e-9,-4.583486825951715e-9,-3.610897289748765e-7,0.004071639602259568,-0.001402861707717899,3.30983922112416e-5,0.0005965345668002532,0.007532783005369146,0.01437667566592207,4.036832028041255e-8,-0.0005584368089687214,1.3710123687271748e-9,-2.243055924833637e-9,0.010785332677044322,-0.00023915979595455402,4.4592191955917826e-7,9.451562498279551e-7,0.016122433764712462,-0.0005639431457717675,-7.820206386048651e-8,-0.0011501794388934568,-0.02103484002573908,-0.0034241953179747725,-0.0409525018636531,-3.5460976572644578e-6,0.0003847324833780261,-1.3115520145032165e-9,-2.8067461430504982e-8,0.0030516406199671583,6.816797064725978e-5,-7.59535603985859e-6,7.77343055307786e-8,-0.0028082347202707165,0.08356224962773562,0.000324825961537648,2.97375983472223e-6,0.00988540686965502,4.747757457112918e-8,0.012893513429193119,-0.0001022712975552707,-7.931873312600176e-8,-0.005713658928973324,-2.5709113910243777e-5,8.279661973430244e-8,0.0001873848675311692,-0.0017621693818585962,-1.9415204509067892e-6,-4.538519968672937e-8,0.01144297033938472,-0.0008522826237114839,-8.965487064271899e-7,1.3867110969262917e-5,-0.00014977598977339594,-0.000937694373876119,0.0006944693542765125,4.6463475311935954e-5,-1.266941832670144e-6,-2.4228745980712848e-8,0.00013084149712762932,-0.005934748801595567,2.0136601157978095e-9,-0.0022310758357166963,-0.00018900929948922768,0.0052174536475451455,-6.042800904016785e-9,3.864189722906077e-5,2.327011880198769e-8,7.392377828869499e-8,0.02105125315841219,-0.028548990488041135,0.000499304695961685,-1.6576700923836392e-6,-9.732726203722041e-8,-0.00018871861164371725,0.00019964344380606294,-3.804903024438321e-9,1.2781720768780585e-6,-0.004596335515104249,7.976253939702513e-8,-0.00015520647314545773,0.00017741700843803318,0.0037539968551793374,5.2812263294453665e-5,-0.0009692644140612732,0.015291176234989393,2.944267392183123e-9,1.4239790981875989e-9,0.011136480559707772,0.002111291922737751,-6.388739853927411e-7,-0.00142768602946332,-4.741336442369285e-8,-6.75458203795611e-5,-1.4488209681002655e-9,1.2435625884048602e-5,6.210678874480323e-7,0.00012966638249751333,-5.4941456813875104e-6,-0.0030636482427869437,2.4786356487691527e-8,1.7198622006141078e-7,-1.949083846256141e-10,0.0027019575788361713,-8.859051240021149e-8,0.004508725771401852,5.647740443926473e-7,3.156891110920658e-6,0.1972934228181039,3.7349209996440624e-5,4.9071957989670596e-8,8.637667887342168e-6,0.0010790138159228774,-0.0013382802756255652,-9.568628195935467e-5,2.713763187931839e-9,0.0012734098892966624,-0.0036710624345667217,-0.03115492162877975,0.00014030529292929968,2.511733759326328e-7,3.56724472482025e-8,-0.00018955802801326848,0.0024418009627890417,-0.0010964749557922449,0.00011773244473882432,-1.1265413429948775e-8,-0.0029629441898401296,-0.00016606133962352828,0.0017890713101365748,-0.0019056196909495939,-6.568601378385211e-6,-0.06215415849374539,-6.345735545174048e-9,5.532399050721562e-6,0.0013479091742910113,-0.008298997401697551,-1.217912855869038e-6,0.0028784370871480047,-5.6807011512000395e-8,0.010217210544821964,-2.5205818188427113e-10,-0.012859101196124115,-0.004597118952297775,-6.93314761853912e-7,0.0002962135437814706,1.7615476318750436e-5,8.615263979157725e-10,2.784943428491791e-7,-0.00043784719274332136,-1.0449347059887697e-10,3.967800524976756e-8,-0.001140268052865985,-0.00016676552554971118,-9.182810936355626e-5,-1.0636356297359342e-5,1.0100025670975762e-6,-0.00029344970799502577,-0.057292922421532354,0.023548270029663483,-1.9479367861289216e-8,-7.695128620790575e-7,-5.176576440061739e-9,0.0006393869574214844,-6.518584699063635e-8,-0.0010130736695909803,6.209965266522775e-5,0.00053106283032155,-0.025448368610737397,-8.755621189653333e-9,-7.08369222717498e-5,0.0001704195027829216,-3.3796604522857382e-6,-0.0014653828508337438,-3.309089863732422e-8,-1.010995972695287e-5,-0.00021611748542923733,5.369862079822146e-7,-0.00014540864076004138,1.7980315536327673e-9,0.00958005134272233,1.7615465693454576e-5,-7.465788524015395e-5,-0.0005019759207520527,1.7500247754757462e-6,5.8081207622732236e-8,0.0004537966878219399,-0.04659615045998626,-2.885251621984574e-7,0.0006132916477852607,-0.03149566948045238,0.00040555786056733665,-0.0009059683916147326,-5.539135120460947e-9,0.004010727311209499,-0.001583280939609418,8.865900062913314e-9,-1.1686596310105457e-5,0.009931040777772317,0.0006434127981917433,6.604194244935213e-7,0.0004389141537017358,0.019421937405897864,0.00915761943407543,0.001074848472534173,-2.121758679534783e-5,-3.815661370611215e-6,0.0024727443632129894,-0.03070500932993104,-7.513961748681411e-6,-0.0029723175165483353,-0.009994042999808292,-0.010209715777985072,-8.419095823876743e-7,-4.8725838736798574e-6,1.215850576545112e-8,-3.171537851961083e-8,-0.017568918566081185,-0.0007368963245162003,-0.0006648018603878883,-7.719386834201542e-7,0.0031011588630770956,-1.2093465957672544e-7,0.014233402377871664,-7.046544648935747e-5,0.1412071711558481,0.005237815994544535,0.011915864283390616,-4.4752275575491186e-5,0.004468044364275423,2.1969501368791395e-9,-0.0011922816648791022,-0.0002068158144038156,0.000590742869123367,-9.518550966776455e-7,0.0018580789515989877,-0.00011840876157788146,-7.513993909994335e-9,0.00014982351841073528,-0.0013072977135326032,-0.002526461161843694,8.752510850834532e-7,7.51903683113893e-5,-9.948580697173138e-10,-3.673483794507427e-9,0.00011505075040914784,9.800265282378364e-11,1.784145075345855e-10,0.007712959768910872,-0.0030381600489315474,-0.00021144851911163905,-5.927267667312273e-10,-0.010690294918284106,8.674270806609471e-10,-0.00012319758238400836,3.2834253152972176e-7,-0.0002008542017308296,-1.1506538368378712e-8,0.0002406895080043201,-0.0006366971652171234,-0.0007038427702999277,-7.715558843374429e-5,-0.00024342063934338658,-0.00014427893929602788,2.8786582695029674e-7,0.008207408990218665,0.0064174342186857445,5.7126179524831593e-5,-0.003876970968133877,-0.0007025213052316005,-6.686282251767751e-5,-1.6909335363087064e-10,0.003585913099219642,2.025468479360462e-5,-2.1502503268637317e-5,0.020750649141109974,-1.046539986107564e-6,0.007252294985010836,6.52644960256142e-8,-0.00011302167704895512,0.0005170681893962501,0.03830560079402805,1.2785473706679365e-8,0.0028500231102740726,-4.262799539909678e-6,2.1893220496020896e-9,-0.00023149942501320182,-1.1014107978670054e-8,9.942028159394964e-6,-1.5101618302761447e-8,0.004643235719262474,-0.0035586092481694497,-0.006594383749644436,-0.00041566368101009476,-0.0004621372614211008,3.893672898837745e-5,0.0002069452624539788,-5.876267188046298e-7,0.0021241154110812725,-0.018452771228754127,-0.0067304851949383125,5.340132737388669e-9,1.0308403351197229e-9,3.1021263714190055e-8,-0.00016848375082437924,0.0013364273872350071,1.3072359496975666e-6,0.0037651702971424976,1.693070555794163e-8,-0.03572867249744493,-0.014811060409544748,-0.001082919181036851,3.655473218033409e-7,-0.0012502899683147167,3.386465859394874e-8,-0.00010987177881863199,-6.066483115447515e-8,0.00464882365543968,-0.00027906964163637306,0.0005285992787994958,-3.4748752620403634e-8,0.0009571857164541688,-0.001904887818571168,-0.0014064568373752821,-0.009796790098485973,4.624948450346063e-9,-1.779147065551497e-5,-5.412625804441879e-8,0.0034272799584888166,0.0003716995491959303,-0.000805209722097383,1.3224173845981751e-5,0.003250350813208078,9.425885308477204e-10,2.6435293135962254e-5,0.00015654449719012566,0.0010388883120888716,-1.5342835443334283e-7,3.5973421044509884e-6,-0.012721258736504051,-0.01185903719359045,-0.00011863738888664294,1.722822706869368e-5,-0.0004796211228523597,0.002932864164863545,-4.041182402910301e-7,-3.2334442319655304e-8,-0.0005915733060324367,-0.015479145571780565,-3.4684675852077506e-8,0.0009745251775305205,-0.0005221128749417389,-0.006473866252211278,2.8083264964522005e-5,-0.0003467603624637966,5.076830698696647e-7,7.74569125298404e-6,-7.879870494108029e-6,2.877077292451554e-5,-0.0009875103370974925,6.678527264195421e-5,0.00100798454138687,-2.2450162739322366e-8,1.5496579795360055e-9,-0.0005142490715545402,0.0019394596580146676,3.0544602534377902e-9,-1.1007308128395281e-7,3.287726989261053e-9,8.699734394225235e-7,5.928843401567061e-5,-0.0010278378494276415,0.0027742419779469593,3.7918325131413613e-6,-0.0064168149911718085,9.340407876039295e-8,-4.781032712283854e-8,2.434773103673859e-8,4.477218134541013e-7,-0.000931148443485938,-1.0930826740432833e-8,7.663378528111558e-8,-0.0035072531150947854,0.00019313623052002698,-0.0006988950075082659,-0.00023502134416999472,-2.5904022284320953e-7,-2.488737467243986e-7,-3.4002923626708245e-8,-9.199603118885e-5,-1.2352468068685871e-8,0.19604390452227763,0.09030793310771014,3.1248239057789024e-8,9.1361937880211e-5,3.0572261244913076e-8,-1.0651796113874606e-8,1.3318660448141237e-7,-0.0007027671779110141,1.2951511421231259e-6,-0.0029475998720634167,0.0005013835154693955,1.692235148996671e-8,2.5377352890916986e-8,9.337658583183325e-7,4.312739021964192e-8,-5.3172278260823656e-5,-0.0016589579663426558,2.1611189229967507e-10,0.004383662205628551,-0.008965853306101597,-7.67760235671707e-9,-0.0006468060812120726,0.00036117532851361267,1.9837699855274278e-6,-6.496016742485575e-6,-0.00010268775430393991,-0.009907969293143498,-7.080785173063729e-5,4.6144646870169494e-8,0.002244360784595824,0.0030271459637497833,8.450184880590702e-9,-0.06960259270733946,-1.908185192444182e-6,0.006162852768616867,-0.00018947309496140894,0.0004932865461319212,-9.872950185409696e-6,1.9508178343248494e-7,-2.3987237027802743e-6,0.010126406320075297,0.0038140202387895363,-1.1532203197903486e-6,-6.715043937781189e-7,2.85376266284368e-9,0.00011342387261436084,-0.008673577873896787,2.1323492940154237e-9,4.717471581126701e-8,-1.7600237443388174e-5,6.00975164948234e-10,3.6857580009103957e-7,1.2177972750228932e-5,-0.00011212300953392519,-3.186363891005697e-6,2.144943702914378e-5,-0.01831789337043308,-0.0003366668597217941,2.2055556732726424e-9,0.00034133359061104134,-0.00010246865062442617,-0.00017511610130569594,-0.00011063408736538012,0.0027130380067121227,8.319075187506447e-9,5.529211225674749e-9,2.665274678876011e-5,0.0008993158263644694,-0.0004941429456675374,-6.771992744721071e-5,8.936553329117762e-8,3.8569200269456296e-7,-0.023815987067105526,-0.0005056427134232291,5.412518316534599e-5,0.0035944259434984903,0.050349952989123564,-3.6668644331425004e-7,0.0004761245981195195,9.200798615846846e-6,0.0006002382313922964,-0.0005308131897372369,0.13735603433141613,-1.0354508940184754e-5,-5.501348679337732e-7,2.3210632125113446e-5,0.0011999451855672144,2.019798252756779e-9,0.01571683622111149,7.012953325263026e-8,-0.01765679955318555,1.3714522693399965e-7,3.4715959809012143e-9,-0.022585069407144286,7.310265649016024e-5,-0.022120230021036254,0.010605327933845866,-0.001973141629200402,-0.0019024516805528945,8.003642559958721e-8,0.000992190412483617,0.003225666813356095,6.940042991127956e-5,0.0027263452197746046,0.02425294526412439,8.310974908942488e-5,0.2025260002358667,-3.2777998103623037e-6,-0.0009702383553488542,-2.1528825745832042e-8,-8.151057889232982e-5,0.000756166089243052,-1.1251027755193797e-8,0.014964462146876533,7.921590816767261e-5,-0.0008640132319182505,-3.4810490571406306e-9,-7.9962070308336e-8,0.002032008794708218,0.00908379863118999,-2.406266666635669e-6,2.6633020593739762e-8,-6.283307899005165e-8,-1.1424092376393907e-6,-4.817601426400427e-5,0.002218762485692035,0.0001751993297069392,-0.0061476400844491024,-3.0765705139930877e-9,0.0007500316994423994,2.805601918101561e-7,4.7496607347826945e-6,-0.0039205555248886075,-0.0008469666479235054,2.228649491630497e-7,1.8846422780815706e-5,-0.0009781726976347575,-0.0006719468543358392,-2.0332682445772104e-7,0.003048242306485873,0.015104554473105469,-1.2097735766264e-7,1.3274079221825025e-5,-2.98227229082974e-5,4.511983514635841e-5,-5.604495309964108e-9,-0.019541066454876254,-0.00010946185375911385,-1.0360453049031656e-5,0.008342210645721354,0.0017358585783990915,0.0031784703635594318,-1.1398035491846986e-6,-3.5318871160081374e-8,-1.4208697722572346e-8,0.01296430663214073,0.004300853545336425,0.08142555341693337,-0.00040979822220000173,-3.86967385840199e-8,-0.0003795863322800629,-1.7681564441050826e-8,-1.601459295211804e-6,3.83041424795101e-6,2.7872018109151543e-8,-0.03498403530199585,-1.1734026152165316e-8,-0.04676099706364708,-0.006696683473287057,-0.01034785042342032,-1.894790930613585e-9,-0.002871492490729453,6.709483568887063e-5,0.007645880939807582,0.0015168928777028708,-0.0018346430210768683,-2.892955383828629e-5,-0.00024110277847836644,2.1034580191244615e-9,2.345988091694248e-10,-4.139992128878875e-10,-0.015592793987369003,8.912019547069522e-9,-0.002112398961917886,-0.004165753084396086,0.0770786884065507,-0.0003352799938425646,-0.0007994623247415759,0.010005406671926311,-6.650851771295965e-11,0.0013456099663497765,0.08288811816903664,-0.0005622530603370207,0.004541643326039787,-0.003861889908704986,0.0064075481839808825,1.1897724199954895e-9,0.013599424438154591,-1.6399741507956003e-6,0.0003300771085064164,-0.0011811729526352503,2.8984986196628317e-6,1.0684184200324577e-7,0.002631441170954057,9.264124405711248e-9,7.703813975626822e-6,-0.04326757521673309,2.3257113136542862e-7,-3.697715488118497e-6,6.531229650647932e-5,0.01584045380557262,7.342675656283949e-5,-0.0006765419468652661,-1.555303003112803e-8,-1.0591468529593848e-5,-0.002256820336187996,2.02266763540278e-6,-0.0006842374872561748,7.04791951327312e-8,0.010344264978103302,0.005124906502985219,-0.0005559657827879751,1.46889022766804e-7,-5.638130346313066e-6,-0.0001251798863002401,-3.986360152141776e-5,-0.0008795688655995347,3.6451541767108874e-8,-3.049668515220079e-8,-0.0023940441415942486,0.19504756640236598,-9.176230328524605e-8,-0.0001283593103243208,-0.00022213079473770361,0.0072369948544041725,0.004886579194732966,-2.3555493467902952e-8,-5.3404495097643646e-9,0.0006267893835658164,-0.0031467329032871315,1.721101018949223e-5,-3.099343758217854e-7,0.00030808647223467097,-0.016754779013973868,-0.00024047482726568465,1.666672483212237e-7,9.644940193477217e-7,0.0022102888526271073,-0.018136208337983944,-0.011900178721387959,0.06193043931090434,-0.00851860090334729,-0.0037875139192828904,-5.667254483707416e-8,-3.5967055010763474e-8,-0.0005150776983435912,-0.00044101768138773875,2.7599636753340246e-9
0.0,0.0,0.0,0.0,0.0,0.0,0.0,0.0,0.0,0.0,0.0,0.0,0.0,0.0,0.0,0.0,0.0,0.0,0.0,0.0,0.0,0.0,0.0,0.0,0.0,0.0,0.0,0.0,0.0,0.0,0.0,0.0,0.0,0.0,0.0,0.0,0.0,0.0,0.0,0.0,0.0,0.0,0.0,0.0,0.0,0.0,0.0,0.0,0.0,0.0,0.0,0.0,0.0,0.0,0.0,0.0,0.0,0.0,0.0,0.0,0.0,0.0,0.0,0.0,0.0,0.0,0.0,0.0,0.0,0.0,0.0,0.0,0.0,0.0,0.0,0.0,0.0,0.0,0.0,0.0,0.0,0.0,0.0,0.0,0.0,0.0,0.0,0.0,0.0,0.0,0.0,0.0,0.0,0.0,0.0,0.0,0.0,0.0,0.0,0.0,0.0,0.0,0.0,0.0,0.0,0.0,0.0,0.0,0.0,0.0,0.0,0.0,0.0,0.0,0.0,0.0,0.0,0.0,0.0,0.0,0.0,0.28019020037068726,1.4472243848455712e-6,-2.2804829074162765e-12,0.016456372534627662,-0.00019496484434884583,1.2885810261367749e-5,-5.530477138011815e-8,8.471314642056826e-5,-3.412670305980591e-9,-2.4184100279684422e-12,-0.0010159308972217962,3.5457286226930716e-6,-9.318840290339842e-10,-0.08955754043799369,-1.0906503106815132e-7,0.0022214179080686483,-4.9446627683143126e-5,-3.1249313802915583e-6,-1.4815498655559477e-7,-0.0004407456596679715,-0.002934111141650102,-5.197396020525268e-10,-0.0007244320940091866,1.791108229868195e-7,-5.090864509707336e-6,1.3426524336641442e-9,3.045933055012888e-12,-5.792536748608359e-11,7.328864791405998e-10,-3.638838193183362e-6,-0.051280924128298835,-4.842372663939943e-5,0.000441041320436918,-5.49318120504445e-8,3.0600637706455546e-7,2.311319968378115e-5,5.337691975715827e-7,4.866646840146134e-8,-3.0179521237688327e-10,-0.013007280607508068,-2.283654902470718e-12,-0.01599137211521751,-0.0655815828840778,2.1307537968658057e-8,-3.65544882727136e-7,0.0008368569502384738,8.578657847859785e-5,1.1487559317908574e-10,1.5716749035588004e-11,-0.0032056267423607337,-1.215660865447623e-11,1.561576649122752e-8,-1.7262604806506297e-10,-8.09916677859268e-10,-0.0002606870116664925,-1.0403973258940406e-7,-0.05787608707308425,0.007531295036318336,2.2513284086045464e-11,-4.351562452869926e-6,-3.944010762358466e-5,0.00200812776066143,1.5254495404763592e-8,-7.877452829098649e-10,-1.0211715763748295e-6,0.00012368909238734524,-3.446990021323333e-10,0.0021887854175097364,-1.109489379794572e-8,-6.320865826606436e-7,-0.008573631569247338,8.010028810168471e-10,-7.230287847519058e-6,-0.001844410306042907,-5.3699834997763915e-12,2.6366625394174467e-7,-8.755817679557963e-5,0.010728459976874553,4.469349460205392e-9,1.3379130813022856e-11,-0.0003251167261566017,1.846440860845943e-6,-2.4797446560696815e-7,-3.447069175179097e-8,3.008507579155084e-7,8.376344512145274e-12,0.00012367977018237937,0.011887316268636728,9.673016319075657e-7,-1.837352931874862e-10,0.0035486902120075536,-6.425009894159921e-11,-2.024639460969607e-6,-9.003953516547387e-8,-0.012699117220138695,8.840629679999147e-8,-0.010419354823669206,0.00037867040223985043,1.5945859025837418e-9,5.801090329139903e-10,2.456642617735278e-8,-5.697514335740258e-6,0.0002738551197596004,-1.4204898734620031e-12,5.794181357834768e-12,-0.010746630498865973,0.0001376211945477123,6.557075659192227e-9,0.0010771894372795493,-4.3282284851341096e-11,8.071871206812166e-8,1.378115488707646e-10,-2.448715200060226e-7,1.0960405025229943e-7,-3.5364345035139666e-10,0.09757251711180118,0.014464377841544553,1.2970408207644763e-8,-6.322137217302725e-8,2.704189431993366e-5,1.5269666008254323e-11,0.005596039351420909,-4.845642153839844e-7,-0.04198323875504843,-4.302711930166944e-12,0.0007446192146157206,-5.431731497136701e-11,2.02542873483659e-6,-2.4316382622048893e-8,0.0072473457626288885,3.4673842783371626e-5,0.005419497880981771,-3.398980455235031e-9,-0.004249502069622926,1.0009631306492285e-10,-5.204574991856374e-5,-6.224090861542436e-5,-2.4806588337971606e-10,-6.427205100173117e-8,-0.004194465146233912,-6.085440055746291e-6,7.477072035167718e-8,1.1682935088404436e-7,4.33083548558946e-12,-0.001056348326695664,-2.4742425589633073e-11,4.5073501678423034e-11,9.962234638925869e-10,4.5302700474814414e-7,0.0003127542485533547,-0.002493460671962164,2.4201191033546335e-6,3.18464694605847e-11,1.0188657517928983e-11,-6.491944214847046e-7,0.013267586358072491,-5.36858117537643e-9,-5.680969525164544e-7,1.0808910968630392e-10,1.1653711974582656e-8,2.7188216059490747e-7,-3.133430092909545e-10,-0.023027253835618714,1.2942674621435503e-5,1.7582277302403726e-7,-1.2485539408669035e-10,6.19563385804028e-5,-9.75024265526515e-12,-0.0005462108618370601,7.024760283347327e-10,0.000751491853718744,-1.3109291054942658e-9,2.377440255543336e-11,-0.0002671457210112896,-1.0941425543099645e-6,-3.5997614114276493e-6,3.916801419457194e-5,0.0005689864486742985,3.91319430395118e-12,-0.012215455892736336,-0.0012448025075690067,4.897839322973897e-8,8.123774035852747e-12,2.375586023590128e-7,-5.709507396126416e-6,-0.00011996132015943104,-6.975665031849614e-7,-2.5826813205810664e-9,1.8042871435332802e-8,-0.0009146367956789801,4.000916171871003e-5,0.01989278476749401,7.402675561333337e-12,0.0014837039930384812,3.721941500444757e-8,5.905672041246713e-6,-1.2983858330434133e-9,-4.2974709270204295e-9,-0.09597906109119186,-8.184593485159251e-6,1.4338429779350375e-7,8.48310572841792e-6,-1.5893994267635407e-9,-0.0012340425531395746,1.6185135156514694e-6,-6.234892425259374e-9,7.898483554101699e-5,1.6945790225946594e-12,0.11466183756919317,4.992904872337117e-10,2.2085491397753986e-5,-2.5680197467670853e-7,-2.7994416834862937e-12,0.0002419958430601576,-0.005387416590454311,-1.1093322991144895e-6,4.4036566859769745e-10,0.00041544331166702746,-3.2837613044505404e-11,-3.618226914083907e-9,3.4458749966996545e-7,-6.284312829918653e-8,-0.006080667726699606,-3.7371352944848167e-10,1.775877715151749e-7,0.002171354864824702,-5.293294303217443e-5,-8.612536794526352e-10,-1.8920855168721064e-11,0.00019250268317485137,-1.286156244359986e-7,-1.3241995835152318e-10,-9.497855466122653e-11,-4.1862680793755845e-8,1.633928279477476e-7,3.994317675668947e-5,-4.744138874968738e-8,2.4976452043710098e-9,1.21077302262343e-6,9.48970214049393e-11,-5.704557889896114e-10,-8.294976410343651e-11,-0.0004355911718837551,-0.00012418545423345802,-0.00037396762445413766,-0.0033544040527899582,1.9830201749814963e-8,1.7157466424353785e-8,-2.755957550155642e-11,-1.5476554843850327e-5,1.3985772547149553e-11,-0.00010009945550103648,3.5222522035542983e-10,7.783064149462325e-7,7.321703894676931e-11,-6.596244920964647e-11,-3.67895368722509e-9,6.63504149859753e-12,3.3622595373566653e-9,-0.03568420139239624,5.318589826250008e-13,6.494435884742444e-12,-2.2748979690689436e-7,-8.534070386803477e-5,-5.576435839730661e-8,2.185852350270063e-6,0.010198832121678632,-1.8838546396341074e-7,-6.018216120270315e-8,-2.0460809348254958e-8,2.468608488526213e-6,-1.5939164548816125e-6,-0.041481277534605766,-0.006971049939612927,4.879880534793164e-8,0.009691608753568432,-0.0060238600992027075,-3.53155584382603e-9,-6.8693060813425904e-12,4.477232952071926e-12,-0.04028122640109258,-1.1912750623964884e-9,-0.0035200950691304926,5.093870053533872e-12,-0.0001854396118487812,-1.4561348945338278e-6,-0.05168289354141883,1.8973155540380972e-7,2.6410785619969618e-12,-5.381040967499105e-12,2.7403300066352078e-12,-4.87392405389001e-14,5.342862990333698e-12,8.747497743657781e-5,1.5939273308688174e-9,-5.10588411405866e-11,-6.052335097976147e-6,-1.282823069808684e-9,6.836703938772986e-11,3.508871978091968e-8,-0.00809330852216449,-9.777421112726267e-8,-4.838051378124614e-6,-9.081350440507328e-7,-1.4807212618492128e-10,4.732936279645755e-6,3.3053853895575583e-9,-0.002636457857067847,-2.8505090710676423e-11,6.842830583941789e-12,-7.04112493278116e-10,0.0022725064295712693,8.883911512490862e-11,-7.684844256812883e-7,0.001506404737399612,-2.6354082190150576e-12,-0.02631952009997027,5.571205824534892e-5,-0.004346502839060721,2.044068649554073e-8,6.142314757257752e-11,9.537019379172974e-12,6.231123088668541e-8,1.6893963979656976e-13,6.306958058328893e-6,1.5354270050790402e-11,-0.0001177418244919648,3.592580277707884e-11,-1.3549750173966058e-10,-1.3182224117134172e-9,-0.020427716517154137,-0.017956514007323808,5.824118264578139e-5,4.3465196540837565e-6,-1.4405238873829085e-8,2.2095345688069605e-5,-2.8194117278022046e-12,-0.005267444691987266,6.185089074554371e-9,-1.4740253984748738e-10,1.413161099505607e-9,0.00024032167582586632,7.57338575126352e-12,-0.004856659148948047,1.3807249917388578e-6,0.007494192152141931,-1.1021389527458383e-11,8.038451669695085e-12,-1.0175288631836445e-11,0.003743401909847829,3.3962577911824266e-11,4.255086572370692e-11,-8.421319857098704e-11,6.803541169741864e-10,-0.02238977284781606,-5.507769267974214e-6,0.00035170535848818614,-1.213065784315239e-11,-1.2203022120452662e-10,8.212442878215395e-12,-4.222188104986352e-6,-5.4006405645239e-10,-0.010821714149769271,-5.033408271010093e-6,1.742795626774823e-7,1.9245073580018028e-10,0.00016045510656955035,-4.893200419646727e-5,-5.893848537009227e-10,6.725512243309558e-10,-4.907335167893267e-7,1.815699470694982e-6,-1.4494647914906313e-7,-7.270953987466246e-8,5.1568473537997956e-5,-0.0017966581976428125,-2.4663641151343944e-11,1.1059219119680141e-9,0.011825403786762148,1.7588395120318774e-7,9.441151096817337e-11,-6.964205101937757e-8,3.58931793130643e-6,4.1424439606831356e-8,0.0004756759688225284,-8.55560365445596e-6,-0.00010480490236575117,-1.6930115175798905e-6,4.4066561657657575e-12,-1.7944094331648588e-6,-8.874367699280437e-8,-0.001622733912699602,-0.02666297998607085,-2.0374279619531115e-8,-2.3568646464065804e-12,-0.03747091489161725,-0.0021571297462063626,-0.002156514448064481,-0.0002970046219372321,1.6583416436956205e-5,-6.114795354590653e-12,-1.1860738658670877e-9,1.3798468459239413e-5,4.016320316986489e-8,0.00016890232560567612,-0.0028255595642121974,-0.006657112440469003,-3.0122554054861693e-5,1.40945646819702e-7,-0.07601506799467342,-0.0015156493226365566,3.189286565763673e-8,1.1622507926239896e-12,-2.786370467623206e-8,8.307597458380321e-7,-0.000387645248435025,4.0269699480485134e-5,-0.001147675578131628,-2.1937963544955394e-7,0.01811138326265172,2.2216095053655012e-9,2.0376634683143165e-9,-0.00012100531067073442,-2.3393732709448955e-7,5.003558184896288e-5,0.008551535258004936,-9.483915906440186e-5,-3.2868558048494736e-11,0.00012354395690889998,-9.944175392311432e-10,8.697922662689988e-8,0.003816969556596589,0.006480774383984485,-1.4679505110745944e-5,-0.008549136620930469,2.474700729799679e-8,3.276013050009133e-11,-0.04742522047457026,-4.963790682358526e-10,-5.024231602286295e-11,-0.011554655604536753,2.1106599243130936e-11,1.373685109155518e-7,8.388607502415121e-5,-7.185534493725628e-6,7.313659982953161e-12,7.0828425061955785e-9,2.9629021393923413e-6,0.0019153857957342705,-9.595792623315674e-12,-1.0209342142255116e-10,0.0014610735958880646,5.042893591412823e-10,1.806205218888713e-5,-6.66737871707927e-8,-2.3565978474780822e-7,-2.3561212139516935e-7,-3.072064462156526e-5,0.0008186484808403896,3.7345730044585965e-6,6.352373966248006e-9,-2.647050765272713e-8,-2.843424544550742e-5,-0.0004607153333241944,-0.001064306337519434,8.171975493063308e-12,-9.499024666254266e-10,0.12564841196515425,-0.011706373566644128,-1.4888541770036175e-5,0.009281093727516126,0.00046969144939065126,1.1682587166821391e-7,-3.5974325913208614e-7,3.483680935215522e-6,4.363310209449515e-6,-9.613085300527832e-12,-3.6900866777291436e-7,0.014580055618489551,5.482254137167001e-13,-9.349056858013331e-7,-2.5885565236156398e-9,2.4110704360558346e-8,-1.1987943621043481e-8,-0.02309632610101124,0.19908834129183686,-2.1486415810732486e-12,1.0307102647711557e-11,-6.405198842205597e-12,4.50711257385662e-7,0.0009752826245916632,0.0004363051679491522,1.2837636485995587e-9,4.7397388555037445e-8,-5.8055545621533574e-12,2.457537335811563e-8,-5.384675096515714e-10,-0.00019898093353789905,5.64696778178601e-12,1.9883763333011884e-5,7.705959752837903e-8,-1.7846919320545083e-7,-1.072667677129517e-9,2.320590287865877e-6,-0.00021547252938183543,1.2670027475230947e-7,-8.46320691206513e-12,0.12609786881470583,-7.298801306470055e-10,-0.002084067756456333,-7.792917336049192e-10,0.0025360241173450334,0.17350527639998492,-7.935745705280963e-10,-5.427879365757626e-7,2.320547538779982e-9,-7.401300640865358e-12,1.319583428742593e-7,2.135964464890354e-7,-7.964610635789441e-6,2.9981500833840964e-11,-3.686972017081274e-10,-2.05130481598296e-6,-1.8756957071614204e-8,6.737075821603098e-11,-6.999459668768488e-7,8.48938322130879e-10,-5.746607893972832e-5,4.8367934721393674e-8,0.004847508351957085,-3.61478362561427e-7,2.6437019175791754e-12,0.00634970212784677,-2.8702373173845957e-10,2.150400427058917e-12,1.8259980925372867e-7,0.011672106702138451,0.0005998902456978855,-1.4055104762115806e-10,-3.030459062661962e-10,2.219305901935425e-5,0.007746922448308502,0.0009161955503176038,-0.00022787282405827147,8.439506695322525e-8,3.455469237902106e-11,-2.4047374853380474e-6,5.54767713722672e-10,-0.035380006501456805,1.581072695858393e-7,7.916904417166477e-5,4.583551969215689e-6,-1.2202166525630466e-10,-2.3826029615874596e-8,0.0005063537613820125,-9.573090878923567e-6,-3.7314723024147825e-8,4.177683450632352e-8,0.0007457286879554928,-7.003443087804426e-12,-7.536449021604403e-10,-7.394720353133668e-5,2.9492072857933585e-7,-3.0686033965768937e-7,-2.4892427997144576e-6,0.00952485041326128,1.2393503568381782e-9,-7.849171522725853e-7,4.55580983356941e-12,-1.7293242257877223e-10,8.755757221180118e-9,-1.0734942316715113e-11,9.42453181241287e-6,0.00912296393665309,0.016598792455500444,1.5254755943802515e-8,-3.257583890570182e-9,3.852192591270634e-10,-1.2706408255760699e-11,7.361641288591988e-5,-7.6301367712403e-8,0.008129674442872312,3.2878917550311954e-5,-0.00012475667795745684,-0.0030720232256825596,2.8862689794724363e-10,-6.389072929704105e-5,-4.383382419836313e-9,2.9340582858172394e-9,2.3679915897995564e-10,-0.008504412645037127,1.9840906170701126e-11,1.1153341399080526e-6,-1.2888783425525802e-8,-3.228835496518625e-11,-1.820941278549727e-12,1.262639873585966e-7,2.194950169998367e-6,-0.04700264304367315,-0.03441612865481426,-0.03700547437224411,1.4466662036459755e-9,0.011748240038666966,-9.084977769683726e-10,2.8509095466854295e-10,-1.132277851884804e-9,-4.683314703020403e-11,9.632540252806792e-8,-3.142609701501387e-10,-0.006361360104592,2.007484886535025e-8,1.6082072365242335e-9,-2.4453336318432536e-8,3.213341673713498e-11,6.950934245691956e-11,-8.041838924283789e-11,-0.03448686296784196,5.358933808262137e-9,-0.00014174544864555629,8.087656650981251e-8,4.782475397025427e-12,-2.954238991814464e-6,-1.4862357061856869e-5,-6.990117441418234e-8,-0.009204108415846955,-3.6998355086092682e-9,-1.2507875934123766e-10,0.0003662639225508557,1.3501949284320277e-6,-4.90681793730548e-6,2.1240558063768194e-9,6.089925346493577e-7,1.6020387166638714e-11,-0.007465278646985697,-1.1724051429792457e-6,-2.378852876154066e-8,0.00019476431480268635,-2.8844839467360512e-11,-0.000721254610087448,5.2557546953501874e-11,-1.8419496147326332e-10,1.1857427091961478e-12,5.058261816437761e-5,1.1497485885167696e-5,1.8068699732840631e-6,-2.5654627132324697e-7,-1.3257134173086407e-11,0.00015873962268547325,-0.002300996035834249,2.141375438700067e-7,-5.788852037503988e-10,0.002660370364119088,2.696060198699581e-6,-7.923351454074861e-7,9.178761135929047e-9,-2.270898507695093e-9,-0.007277748514526589,-0.050187380762401805,2.884269943538915e-10,2.044017308928808e-8,-2.306258029321673e-6,0.00047774475704484906,7.369322088197216e-8,5.811237358779906e-10,-3.9409596311683256e-7,0.00010164664778611325,9.982352320671642e-6,2.2747243298554293e-12,3.4847325880531486e-10,-2.440755394579451e-9,1.801168725164662e-9,9.585719760282887e-9,-4.576546572570566e-9,0.00451327980434056,0.009953880152774007,-4.184598185528384e-11,3.927549181887315e-8,0.06528772871094261
0.0,0.0,0.0,0.0,0.0,0.0,0.0,0.0,0.0,0.0,0.0,0.0,0.0,0.0,0.0,0.0,0.0,0.0,0.0,0.0,0.0,0.0,0.0,0.0,0.0,0.0,0.0,0.0,0.0,0.0,0.0,0.0,0.0,0.0,0.0,0.0,0.0,0.0,0.0,0.0,0.0,0.0,0.0,0.0,0.0,0.0,0.0,0.0,0.0,0.0,0.0,0.0,0.0,0.0,0.0,0.0,0.0,0.0,0.0,0.0,0.0,0.0,0.0,0.0,0.0,0.0,0.0,0.0,0.0,0.0,0.0,0.0,0.0,0.0,0.0,0.0,0.0,0.0,0.0,0.0,0.0,0.0,0.0,0.0,0.0,0.0,0.0,0.0,0.0,0.0,0.0,0.0,0.0,0.0,0.0,0.0,0.0,0.0,0.0,0.0,0.0,0.0,0.0,0.0,0.0,0.0,0.0,0.0,0.0,0.0,0.0,0.0,0.0,0.0,0.0,0.0,0.0,0.0,0.0,0.0,0.0,0.0,0.2780902370297021,1.9529011797580276e-5,3.446788211640411e-5,-0.003070153808368725,0.00045493084793309677,-0.0021112866783327823,0.0013881000147510328,-0.00031725637841605893,-9.839343673226433e-8,4.023198430081939e-5,0.030579502815944303,-3.205177593724024e-5,-5.1242356299213994e-6,0.029038732671554695,3.003154227579514e-5,-0.0016316476435302007,-0.08120818372264946,0.018110780778361514,0.0014708850390559108,-0.00010613473845907159,-0.00018434459032033563,3.085605548874246e-5,0.01513396578597878,-0.05149336086423441,7.82930309862305e-5,-1.831813024882127e-6,-4.322344072657935e-6,8.15761291119947e-5,-0.030481188198285214,-7.159875294660659e-6,0.00032148829711041644,0.00147492423409273,-0.0021803743989037725,0.02328235845472116,-0.005610347100158658,-0.0227390370245494,0.0008968423486678999,2.210198826714195e-6,-8.509452756826011e-5,1.047996795911435e-7,-5.486962857183706e-7,3.6417090742369815e-6,0.00016441058150293294,0.01563251868728082,-0.0002692373622186399,0.002067905590675365,2.579629861951738e-5,3.534983862637047e-7,8.762994947358157e-5,-1.0161964746667537e-6,0.0011123084793129856,6.929990549496438e-7,-8.944270903243669e-5,0.001222611342638113,0.010077243065608591,-9.840083400938803e-7,2.7159773286197898e-5,7.788575146641457e-7,-0.07047822550404688,0.00380162060312357,0.00039550137011542077,0.0019447111996916385,-5.181526872988546e-6,-0.0406267124279331,-0.0010108573810066722,-4.216290032449943e-5,-7.2792971824748865e-6,-0.0003691086965070458,0.025743022228382033,1.891979611350009e-6,0.0001122369511751837,0.026349754545583765,-0.00011985821577989176,1.7655166003652106e-7,0.02853565036412083,-0.0009934944462104054,4.134964807028245e-5,-0.00022798195013613325,6.117462074209202e-6,0.001010727866082244,-0.012226554242424293,-0.010538035767257918,-0.001114767673833602,-0.05240668492096538,-2.824731831545634e-7,0.003259842046247938,3.0438471329170346e-5,0.027234450914465965,2.7830464845965983e-5,-8.774603152028423e-7,9.514610468261446e-7,0.050903674059684066,-0.005710754748136093,-5.251874995184753e-6,0.0019484909223904307,-2.498053165937613e-5,0.0002363021269374019,8.867316374572697e-6,1.0237830109011515e-5,0.0015160518608609795,0.0010133893150985507,0.00012209361631658022,1.0816671999051442e-7,2.6024546659344635e-8,3.5439428049233594e-6,1.1769375670521022e-6,0.0009210975318173207,-5.392726618258368e-6,-4.077117172723741e-6,0.035205157529551286,-2.332555937369292e-6,-0.03253998487136441,0.012680602058559217,1.4155411662721197e-5,-5.412704851541232e-7,-1.095720169451323e-6,-0.00025829320172276484,-0.0011521532159852253,0.0005885984266116834,1.0057348122102815e-6,4.508602928437812e-5,0.024047832376336845,3.1523079002976464e-7,-4.11459182051957e-7,-0.0006366932621028981,-8.579709319635199e-7,0.006208454076800404,0.000511475185434884,1.984240587678396e-5,0.00024750211525378517,1.332490830980109e-6,-0.00011594718522907495,6.474890625307676e-5,3.78389985166633e-7,-0.00034212180297109833,-0.002719337129558755,-0.000260456860584341,-0.001909089103497273,-0.00018356891378683288,-0.024821526142422518,0.00370593787787753,0.018749649632719828,8.879371161531874e-7,2.83927494299602e-7,-2.8715937616489965e-8,6.969448130602346e-6,-9.982373021929795e-6,-0.0012260879777957366,-8.134283122192944e-6,-3.37229323077886e-5,0.11998156017981869,3.698514660078207e-6,7.66844846519872e-7,-0.029670081605907284,9.868254060824105e-6,-0.00016505168263685887,0.16199934149167852,-1.3180809489759482e-5,-0.00031435257107080236,0.0034665595419680908,-8.534460264356365e-5,-5.743964522262946e-6,-0.0045156082925327246,-0.0006178136406083893,-5.7790308220093956e-6,0.0019648184248001036,-2.047477894276843e-6,0.00011439635090821186,-0.0005105166182295394,-7.539687929088417e-7,6.774741120876429e-5,-9.817854278475196e-7,0.0010364591453370785,-0.07432204507629173,-0.009573107621196817,5.233986046583465e-7,-0.0001598450768512296,-1.1672659565498179e-7,1.199766277830712e-7,-1.3649179558543404e-5,0.0204326506168231,4.1155520728240633e-7,0.05343499119435428,0.00972394086281735,-0.0010853720474141534,0.05150947630090601,3.689214354903173e-5,-0.00018501420612333279,-6.283808946418664e-5,0.0023345348645959175,5.137375737484402e-6,3.0968601244112084e-7,7.89889385092133e-5,0.004007423069329256,-0.011331033494496157,-4.806856701619702e-5,0.00019460048536580426,9.136707672739761e-7,0.036772195373280456,0.004544053706711186,-0.0014591110021620324,-4.750875282318627e-5,-8.269917231175357e-5,0.05007763049561839,-0.000218860417577803,-0.0002537429775952218,-3.685734339335414e-6,4.235895671722653e-7,1.885930621429316e-5,-0.004131205543632807,0.010014954501837255,-2.4122795216424634e-7,0.00084567722834238,-9.220410726564031e-5,-0.05983066777159224,-3.0300078039407114e-7,0.0005387903945403578,-2.612305544525921e-6,8.762809320589081e-5,0.02098655725908337,-0.0012309617076964015,8.263747506712189e-6,-9.62246496549429e-6,0.012331971955751565,-4.36203073110794e-6,0.008357438370488456,-0.00010607758870278899,-1.0260646556974247e-6,0.0006335947110607044,0.01744801614423243,-5.096357312030077e-5,1.3065353681407852e-5,-0.0024350178399866066,-0.00014242019661519768,0.003296351426090769,-0.0017202184836220852,2.155223819013536e-5,0.002564969977094031,9.663493115601613e-7,3.205043273028424e-5,-9.973848816510407e-6,0.000587128536137161,0.0002910316605732126,6.878884111818081e-5,-2.952361132120329e-6,0.0016675860734826646,0.018105371987684495,-2.117948091228844e-6,-0.0069773767408346675,1.3948958755887658e-6,2.0059604004632323e-5,2.571001562583499e-5,0.1383140852524492,-0.00012559858086965572,-4.413507322592538e-7,-0.00018507703162235566,7.493334629675998e-7,2.29897670059569e-5,-2.532309002891798e-7,-3.6850311363181407e-7,1.928747237939169e-7,-0.04054290685061123,0.000838869245524119,0.004620064657411843,0.175102740358855,8.002485939843766e-6,-0.010038361750212969,0.007737301239363919,0.00019229488298054266,0.009469054263798878,-0.04451872727773846,-1.7667803299126791e-7,5.384738972030259e-6,-0.004630221124439025,3.0336995743563198e-5,7.016346166017132e-8,-0.00042608916828293944,8.745210468589914e-6,1.428686576409716e-7,1.7706945545114986e-6,4.032377426953337e-5,-7.069862609887203e-7,4.7089856429285894e-7,-0.0005107820812071886,0.04500608188761067,-2.441523625049898e-6,-0.008607136113931095,1.6600750040990577e-7,-4.531554449577034e-7,9.404431412909741e-8,-2.0480147805437641e-7,4.1092315443508544e-7,-0.000300641629022009,-0.00011413476095876314,5.433624970245624e-5,-0.09118304662977775,-6.704580576517455e-5,-2.5401862469204683e-6,0.00150943029474781,2.7283889654189866e-7,-0.005882031801879392,-0.01847629506037859,-0.03726302040333549,2.8063207710763495e-5,2.233311898973794e-5,0.000156201211318986,-9.40342924074746e-5,-4.3227909091836195e-7,-1.523012305336743e-6,-1.3424813759352516e-5,-7.542704060748023e-6,-4.39164824362609e-6,0.0010409234174961711,-7.241457770804472e-7,-7.014563875531751e-7,-1.1084584237746394e-5,0.001387934348998616,1.646698735666205e-5,0.00041144378194077856,-7.57386759875172e-7,-1.2651915107940967e-6,0.003952022508931474,-3.883938976139228e-7,-0.00404235295552466,-2.0139057332826913e-8,0.00045560126245845924,5.7105051181816275e-6,-5.038698797451123e-5,-5.1849124228139214e-5,-4.749897021708875e-6,2.146657117215604e-7,6.411545151530185e-5,0.05728737737881181,0.00018975236064937932,-0.0013866527375313218,-2.130038943781643e-6,-1.694228770899599e-5,0.0007006820536494427,-3.570252982858367e-5,0.00010854646272606501,-0.0002345352785313805,6.559106804994148e-7,-2.4620064202789262e-5,0.057295008765566965,5.15595673321399e-5,5.602935723229863e-6,4.4252450289215116e-7,-3.687030513254519e-7,3.257517113703248e-5,1.0105011660376831e-6,-1.0689736542441784e-6,7.247550916924697e-7,9.323180475691291e-5,-6.488212427638714e-6,0.0187738212982692,0.0006946591539089446,-1.3115360852662805e-6,-4.0105176753571135e-7,3.656974001340676e-7,-0.026560052173772053,-8.701417935873101e-6,-1.4363642293111717e-7,-0.04292720979970452,-0.012470270321517022,6.168353447453447e-6,0.00030514699773886403,-0.0036065386240958113,-3.312385547899952e-5,2.5063161979222235e-5,0.03325106374530876,0.11862649737761662,-0.01290031786176111,-0.0027956030461058034,0.0005091742748136206,7.143744285439615e-5,-6.3532742910697e-7,1.823761104176723e-5,4.9364804065043914e-5,0.0008699425130234669,-5.301263886685727e-6,0.0002575091427139923,-0.024206006439235418,0.0028859935346664724,-0.00034906941981313486,-0.014231925832242759,0.00029260558250268187,-0.012251699786102079,-3.4622534319989184e-8,-0.06062719654972545,0.006359961784015822,3.279506789031443e-5,-7.334984839905711e-7,0.02493126029124197,4.814643648209594e-7,-2.1736733950066333e-6,8.807219548790799e-5,-5.58641962354372e-5,-0.0015581620866594367,-0.01338054513123551,-8.098020629489884e-7,-8.391088995681763e-5,-0.0004965419516208413,0.0016083579153807741,0.001881386121101745,-1.7430276742948616e-5,-9.179331348527303e-5,-0.0007146858357317525,0.009978284576253807,-4.1411313139590425e-6,-0.0001275341919923841,0.00040601449716776454,6.852226052425591e-7,-0.0008866781065753624,0.21455151772370304,0.00015062059978517735,0.004004269590939891,-7.202182741221298e-5,-0.0008092711021501832,1.4743995922576857e-5,-0.00012967705574819087,-0.00017153463161586339,3.1386236126559685e-5,0.004893522200010189,6.226489459252092e-5,2.308838746035473e-5,-6.122374181596431e-5,-2.2156864752943604e-6,-0.00032175872747939097,0.001481172463207255,0.0010459812727632708,-1.902676977097476e-5,1.5536674972576042e-8,-0.001148501432998882,-8.102445135239334e-5,0.003245954227675277,2.6059278621277232e-6,3.041007015970403e-7,-3.6696063508216124e-5,-3.692976831340335e-6,6.781498396004295e-6,6.155295747533456e-8,-0.0034994801923890757,-7.360446387062555e-5,0.006828818676428539,-4.1568978341963065e-7,0.0005521010651745725,0.0502005307852749,-6.3759487513849804e-6,-2.307317261903851e-7,1.0213505562177856e-6,1.061596037737301e-5,-6.52692069357426e-6,0.003989177363945334,-0.0031981608421080463,0.005020669900627905,-0.007698861926544349,0.002199769810235211,-0.0001676558294668486,0.0022565180815630435,-4.0815178247458414e-5,-0.0016698022594484178,0.0019074586311082988,0.0006462410631217225,-5.738563508429701e-5,-1.5437244075789372e-7,-4.6794411593752204e-5,1.214977851355449e-6,-5.679842776396083e-5,0.006443964393338764,-1.936277799438275e-6,-0.0003180457505709693,0.006414873174486452,0.019222056287708705,0.006911253604343333,-0.0017357259097432317,-6.4717990917877404e-6,-0.0036169086931889453,-1.7599162869525939e-6,9.557547514413913e-8,0.08710838878510281,0.002629763878115647,0.0007157739828538843,-0.0002619481914688342,-1.697554925464641e-5,-1.2011292414594058e-6,-2.945414943561475e-7,3.9787203910596736e-7,-7.083213442865475e-7,0.10234040815853433,8.536842857411778e-5,-0.00020472312146820263,3.1612849012966506e-5,0.001444768060437299,-5.844500729532637e-7,0.00098906521537603,-7.072774331224491e-5,3.1003314720667205e-5,5.708331609440238e-7,0.002284136392535924,-0.02151995955251933,0.0029692921622799604,-9.197716201706871e-5,0.0114695077514073,0.0009945449981970474,-0.00815372158805238,-1.869265199860538e-6,1.344895389067215e-7,-1.9182930488158915e-5,-9.667706506502776e-5,8.94889977315407e-5,0.00015837334970622143,6.646560135996837e-9,-0.00014111184545973263,-0.002339603185548176,0.00018019992134697956,6.61342806472633e-5,0.011178234534350857,0.01830519006484941,-8.82956417823179e-5,-8.159202910353271e-7,-4.3412411058679525e-6,-0.03217116458167144,-0.0005222728304396761,3.797498875283766e-5,-0.0377708181343152,-4.693425106018246e-5,0.0005938897940467284,0.00467343691577603,3.695952018715893e-5,0.014849164629243584,-9.701835576877346e-7,1.2186792975380512e-5,6.873090206504925e-6,-2.3854369734691383e-8,0.023401556698017606,2.6839357561761794e-6,3.6738997487447485e-5,6.908610012608122e-6,3.888958585593968e-6,0.0002851952030330653,1.2624809167925023e-5,6.20306568171722e-5,0.001097520988098956,0.029282340720213792,8.596527071168545e-7,-0.09341226670207983,1.6241583693054508e-5,3.006448103256586e-6,0.000534208202883486,0.0018014140507110255,0.014460638560418683,-4.541501571741835e-6,0.0122172011838395,-0.0001974655378404363,-0.031304400022306375,-8.676454790021748e-5,0.0013846898435907532,0.0005144931982871893,1.401993121150762e-6,-0.00014997331267012682,-0.0006889647002625809,-0.01678671987254334,0.017659933743213528,-0.03878261134568154,1.0828156196027375e-5,0.0002815661526141724,0.032381781684131715,-1.9973773818021193e-8,-1.0933955027680314e-6,-0.001704932245711075,3.646315732782567e-7,0.004887139519091443,3.9486436390875714e-5,1.3565718833989704e-5,2.971996796804262e-5,-0.0006624637217765453,-3.688736152680687e-5,-1.1555458738178608e-6,9.732910569260758e-5,-0.004168040003364284,1.83617987589869e-5,0.002688243956191542,-0.0038958727748445395,-0.00010776992012308186,-6.565964753692899e-5,0.00040148505064807057,6.556835623333419e-5,0.0014031865405531754,2.5373224563477598e-5,1.7136863565561466e-6,6.879726579899407e-6,0.05974552061420258,-0.0003688365549861667,-3.495103987836215e-6,-5.051306857909113e-6,0.01050381934317724,0.06185022019187292,-1.3109405851510848e-6,-1.0450075458816827e-7,1.7627846795134378e-6,0.00010260383301283694,-4.207026987865372e-6,-0.0007353111646628492,4.004962545125086e-5,-0.00027850420902103854,-3.174402623690398e-6,0.00793997607833032,5.658363922871433e-6,1.576791383438468e-7,0.0011367810206984294,-0.0001189989830902003,0.003270973092531718,8.491601348007957e-6,-2.1039208310881293e-6,8.576471334036967e-6,-5.80540851195816e-6,-0.0001428376988413545,-0.00010324123085877833,-0.011151460235029304,-1.5832728720946844e-7,-0.0031193914230064064,-1.290274585894031e-5,-0.004551271722398997,-1.5061977476947632e-5,0.0004671301325272355,-4.084809984478038e-5,0.0018210646355414813,0.07012167146524535,-0.05833077193890628,7.181287001208382e-5,0.0026288077900902345,3.2880231490279896e-7,-9.864336957868479e-5,-0.0020237505770803687,0.0003799378038873375,0.00027977987499645427,3.1105553572563868e-6,-4.494700229428952e-5,1.8281317586486037e-5,-1.749370973055753e-5,-1.4254949928902982e-7,-3.339029945771747e-5,0.006403467027985651,0.07958170503335407,0.00857188621261679,-9.741848542649848e-7,0.0003267315625156676,3.649665253523487e-5,0.021592307923318208,1.507394949958096e-5,8.591916207556788e-5,0.013528830181494313,0.14031570371773142,4.991617530371975e-5,-0.00013138906489697797,5.278836916403335e-6,-7.609464522494565e-6,-2.4304405404635834e-6,0.0013669430058602526,-0.06988269709571622,0.0010560558830790374,-0.006168979499328125,-8.947730787373964e-5,0.19746766850974629,0.002123666695636999,-0.0008140674249344337,-2.9438445398152637e-6,5.848140202826784e-6,0.00014775325754262913,-0.00010870399513527446,0.0004663314523597707,-0.00018834818200416192,6.079230685675214e-5,4.5100357513915484e-5,-2.2970826866066756e-6,0.0033002195726080205,9.711971805135041e-8
0.0,0.0,0.0,0.0,0.0,0.0,0.0,0.0,0.0,0.0,0.0,0.0,0.0,0.0,0.0,0.0,0.0,0.0,0.0,0.0,0.0,0.0,0.0,0.0,0.0,0.0,0.0,0.0,0.0,0.0,0.0,0.0,0.0,0.0,0.0,0.0,0.0,0.0,0.0,0.0,0.0,0.0,0.0,0.0,0.0,0.0,0.0,0.0,0.0,0.0,0.0,0.0,0.0,0.0,0.0,0.0,0.0,0.0,0.0,0.0,0.0,0.0,0.0,0.0,0.0,0.0,0.0,0.0,0.0,0.0,0.0,0.0,0.0,0.0,0.0,0.0,0.0,0.0,0.0,0.0,0.0,0.0,0.0,0.0,0.0,0.0,0.0,0.0,0.0,0.0,0.0,0.0,0.0,0.0,0.0,0.0,0.0,0.0,0.0,0.0,0.0,0.0,0.0,0.0,0.0,0.0,0.0,0.0,0.0,0.0,0.0,0.0,0.0,0.0,0.0,0.0,0.0,0.0,0.0,0.0,0.0,0.0,0.0,0.27742951037632835,-1.460861948280358e-9,3.127036594086801e-8,5.55524655408412e-7,-0.00035641063713100105,-3.5899289517432105e-7,-0.007366015838582969,0.013447821857512593,-2.189144221041385e-9,-6.584848433127043e-6,0.012118954211044707,-2.0334846792702274e-10,4.837634283422753e-6,-2.9754166837501926e-9,-1.291855602085368e-7,1.979398077825917e-6,9.486328613619109e-5,8.652331742486102e-8,8.747207859240544e-10,-0.029245369738487386,1.6120141122091676e-8,7.857797464654463e-5,2.1682303725662935e-6,0.0008105803574905799,0.04838198260708602,-0.0502339501276108,-8.443183274977855e-5,3.7589560483905555e-7,3.0466387011350286e-10,-2.93043877588193e-8,-6.061063913441264e-8,-0.00035778142335353473,0.00015941487375185182,1.660444649896204e-8,-6.792106684317433e-6,0.0008149123272096165,0.012630037480263019,3.692811307270564e-9,0.0008599510689797191,1.0188500810590924e-10,1.84854761585047e-10,-0.0015283892559284154,-1.2192837988818545e-5,4.847270994332407e-10,-4.1149199404819585e-8,0.15933780112423052,-0.001831625695327017,4.134402820863219e-9,-0.015434319452845452,0.0005984467053520804,0.03962239967395945,-0.038397658357903326,-2.4945801252398385e-9,-7.378045606643602e-5,-4.2340083973797473e-11,-4.953090095564592e-10,-0.02705004145972918,1.945637625006996e-6,-3.8093559727604273e-7,-7.870925619699845e-9,2.5764679018519915e-5,0.0038298465592207513,-1.2561170514641229e-5,4.091493357468786e-9,-0.0011457175060771896,2.9791579088735486e-9,-0.0033039587426013776,6.34060877791771e-6,1.85466133548268e-9,-0.0005129084780045521,-8.41935045082444e-7,1.043201200703136e-9,-0.023405022581348838,6.707277251050092e-5,-1.900463316106554e-7,-3.3055132125655934e-9,-0.0034725758801255977,-0.034603726128312785,1.2761461712524804e-8,1.1502216555271284e-6,-6.181554014147752e-6,-0.00036139989895334827,-7.093890843294145e-5,-0.011913038490236501,-9.99293279327279e-8,-9.331113930270446e-10,4.468610399574815e-6,0.006736531083728109,6.694687682471129e-11,0.01067545219857839,9.640001310483014e-6,-0.0002915336730320342,-3.287129976283095e-10,3.140698178078219e-5,6.410167112137229e-10,8.897709059121526e-9,0.00634510870847312,-0.0073336769292189396,0.00012399084539947892,-4.929490557886623e-7,1.3844655464752816e-9,-0.0015586635707838992,-0.0036433353173577045,5.900588638278246e-11,3.602784688238879e-8,0.0013031172824965462,-3.204594947954996e-9,-0.016667956385437256,5.370246628507513e-6,0.019678132642777683,1.8905780730538676e-6,5.0654630642364535e-5,0.090792628090085,3.780060749567507e-11,-3.1200739295486124e-11,-8.699157044349658e-5,-0.0002183214562666785,-1.3886946091403089e-8,-0.007155470947412574,-2.9429188495661116e-9,-4.77316078351192e-6,-8.464378753344122e-12,0.004110611123627954,-1.0825598579703901e-8,0.012370607025726748,-8.383872625026214e-8,0.00026879762152288164,1.1436392203203334e-9,-5.7045159422911216e-8,-9.164242088405991e-12,0.0035606395114838947,2.393712857644148e-10,-0.009498749889472623,5.997173519151392e-8,2.8664655918727915e-8,-0.008150077934351274,-0.0001421581420559179,5.906796635574543e-9,4.894525090198387e-7,9.168380016877312e-5,0.00017457812389658293,-0.03373338308922719,1.505749822078402e-10,0.007613940185906722,-0.06011212017707042,-0.02328656165202453,-1.394685382570237e-6,3.08339909076655e-9,6.514099270473357e-10,-6.6823856783201985e-6,0.15253268948729254,0.00833466388537841,-3.702834471807151e-7,-5.751919512047635e-10,-0.0005971187195032195,6.185581330657186e-6,0.020279558870571368,0.00016066270586269978,1.3986593502816458e-6,-0.06026565486431247,-9.034088588849315e-11,-1.1530794800439914e-7,2.455791534303096e-5,0.000916489585349962,-2.6104095538319234e-8,0.006807087156215452,7.645432354295739e-10,-0.0007407119021048368,-1.4393498356441418e-10,0.0026464627094712648,-0.012116852118832242,9.358337108690803e-9,-2.007366042556793e-5,5.962457661743226e-7,-7.531192741262673e-10,1.6790627939423352e-9,-0.0018452566902920047,-6.79141043460263e-13,1.8679821978246336e-9,4.804854895156284e-6,0.001033959208329728,-4.272385654421178e-6,-4.829001102899965e-7,1.0889325381582483e-9,-3.260597597803597e-6,-0.0009166173858491045,0.0001509437365273086,2.256596860198983e-9,-1.5040224577852944e-7,-8.110278161641804e-11,0.004545232427854492,-2.4803633022027453e-9,-1.3356383830627096e-5,2.8025045675109037e-7,-0.005770848169076876,0.00045389081948391885,4.8736947781779156e-11,-1.0122629877189316e-6,6.132903379582743e-5,-8.178233844671508e-8,-0.002894741457265647,-4.668533963324894e-9,-1.1444195746199303e-7,-0.0009997263994025315,-4.767086121121067e-9,-0.06693043517033734,4.542846862949673e-11,-0.0013817529115472268,3.736752034936642e-7,-7.564796499373673e-6,-0.0011025081196412599,-3.438799114639269e-8,4.891720821260958e-9,-2.7130749835194447e-5,-0.01209196618108459,-1.1963939274200823e-8,-0.02391809058160182,-1.4949891827096595e-5,-2.538219373807863e-5,-0.00010907027386112972,-2.2844180307568879e-10,0.008729730840910919,0.0002089751306362935,4.1883000325574225e-10,-5.64999138657977e-7,-0.000985161115695294,0.007651219382813369,2.403117532067785e-8,2.9369518019022802e-6,0.0008938874484194743,0.15592058063325043,-0.00022482635605477444,2.991374520643549e-6,-1.3410000858678286e-7,-0.0005315143951912135,0.0027356214694153422,-4.400308029362519e-6,-0.022100621183519534,0.0033569591566369543,-0.027853715971038202,2.2549089060052913e-8,-1.0859218197746075e-7,5.340523745941342e-9,7.651970361905421e-10,0.0006616805744130228,9.854341161364707e-5,-0.020423517956772382,5.19727499048781e-7,0.0062682799222804385,-4.870134679935913e-9,0.06614310599356699,1.236332909147915e-5,-0.004576785705648395,0.003848589563321229,-0.0036923586085682173,0.00025244274955590375,0.0002257890034814734,1.1018207027564388e-10,-0.0023794297552901613,0.005926565362598047,-5.530658939146787e-5,-2.4899277493594003e-8,-1.635070522399499e-6,-5.094397136879076e-6,-2.3803907859873513e-10,-9.677422903444862e-6,0.0002106489777532174,0.00047794516804815137,-7.448204310275903e-7,5.582395162251759e-7,-1.954540530348949e-11,3.5318531280663337e-10,-9.420308049810556e-6,-4.231655807313961e-10,8.27647974550753e-12,-0.004096352480981514,-0.04606582300813552,-0.01301456562275865,7.948080352513854e-11,0.005320346188504849,-5.4017790537255593e-11,-0.011097440527590006,1.1767444765170624e-8,6.056430224202007e-6,-8.651272744316593e-11,-5.632002860077622e-6,-0.0023124303447428383,-0.004601290133645989,0.0010614594576003845,0.0022359200499179896,-0.008250259773259667,-3.161754564594384e-9,0.0009246117464641017,-0.005879223211503253,3.1396748881286687e-6,0.0006884033484311431,-0.005212438526270223,0.0005880839601502623,3.0895958390317545e-11,-0.0002965607310685915,6.985675035103226e-7,-2.03744948240524e-6,0.21765715535236313,1.806345102436013e-7,0.0025575580773609602,4.51319207614815e-9,0.0075894589127151885,0.003815923370590434,0.0034081737056994,-1.8217910524667286e-10,0.003625594566131335,-2.7414978416639365e-7,9.597538120634769e-11,-0.0028220437121834283,-1.4047227060518267e-10,7.748516397782367e-8,1.5988157640095152e-9,0.0008551821164262394,-0.044432418490916156,-0.013894350172762748,5.9960709075743056e-5,-0.010061073406826406,1.064484901034845e-6,-0.010581554003081316,-2.1918086172854714e-8,0.10494878281381029,-0.02397810702252838,-0.0110234415491088,2.281908191528833e-10,8.341045664528063e-11,-2.7491201897252742e-9,-7.206688236672864e-6,-0.00019391922448138243,2.2296517164830106e-8,0.02147498979139042,4.959546149368433e-10,0.0004402347651497909,-0.022188011938613146,-0.004101471745059133,-7.420719969652763e-9,0.0035333173187669935,1.0765368691087758e-9,-3.6426419370090447e-6,-4.519721574968817e-9,0.13707689041167737,-0.01667979140311936,-0.0037477411615300144,-1.4149089651826347e-9,-0.003511607972716841,-0.048082987483259856,0.047220826867674065,-0.0020561479027232732,2.3706662574013293e-10,-6.775101857051145e-8,-5.076337424469486e-9,-0.00623331956407798,-0.002368635470588642,0.004513938626403309,1.1743069285099605e-6,0.03121640984643224,9.88475584038362e-11,5.057871303341997e-7,3.3956175771883728e-6,0.0007029160634372411,1.057520710264494e-9,5.018675402521639e-8,-0.026177265633599376,0.0055001514933851565,7.876322562685637e-6,1.0689674589414879e-5,-1.4370131898603198e-6,-0.0005530857424500078,-3.6286733466129306e-9,1.0684456559651041e-8,0.0035063998475133467,-0.009558593434301856,-2.6832251826485894e-9,5.2568353064235856e-5,0.015598101036774474,-5.7549399843028615e-5,1.7478317666243684e-6,6.871128611815463e-5,9.766040721938938e-10,6.902499952791282e-7,-3.1544447843186416e-7,3.134369720270276e-7,-0.002757639532668796,1.4201910182156669e-6,1.0020218246410738e-5,3.472296023937126e-9,1.200567779974586e-10,-4.830173800818959e-6,0.0986342402740758,1.7644073247245023e-10,1.742167409465939e-9,4.640385554569934e-10,1.503759600212199e-8,6.790961637395785e-7,0.015239495996486782,-0.005407889843599048,8.416188341503497e-8,0.000303482303881081,-1.0174131591753304e-7,4.4875388340309346e-10,2.703583677169685e-9,-1.8720121340464397e-8,4.853739551827257e-5,-8.604262801788026e-11,3.590633982660125e-9,0.00037096249201248513,-0.028971929970907574,-0.00033341067740462254,8.188553269529992e-6,-4.8433093732405625e-9,-4.4173414373181997e-7,-3.0947333779126936e-9,-1.7234039771045423e-5,-6.792306282535524e-10,-0.001935748235984293,-0.0017925889012872364,1.3785266019407276e-9,-4.823280690412254e-5,1.4936842717997284e-8,-6.295432369143374e-10,1.3721198154843548e-8,-0.025456301482042212,-2.5307853232953007e-10,5.11431634982746e-5,4.110511253907418e-5,-1.4256536921085006e-9,1.1471322207751757e-9,8.053486307881142e-8,4.946414603769013e-9,9.683895219759895e-6,-0.027921085398997375,5.7993164210244524e-11,0.006476779343211928,7.255804338975066e-5,2.6934000871988027e-10,0.0019243242342088663,1.7505811618322292e-5,-3.0979245664753605e-8,-3.712252569774495e-7,-0.0067078134132955766,-0.0002507952849508007,-3.9717980478341776e-6,2.9039509045624797e-9,-0.014833450344660699,0.006826155112197582,6.854801040273947e-10,-0.008919609511046206,-1.4506134662615665e-7,-0.0003872866236465139,-1.1888698215134506e-5,-4.384430371413595e-5,-2.589108071992563e-7,-4.637884572583674e-9,8.478186158323552e-8,-0.0018840913981692485,1.6871761667256176e-6,-7.852120584603355e-9,2.8399486156727768e-8,8.157388568842704e-10,-0.01092307589475234,-0.007696011133782735,-1.3263994947931645e-11,1.994290625327567e-9,6.852489075280543e-7,-1.5868736618055072e-11,-6.482747117966627e-9,1.422023787267998e-6,8.062346941235711e-6,-5.674321887370953e-7,8.524654897786857e-7,-0.0006256223347909825,-9.249459985342245e-6,-5.2980873317593005e-11,0.008632105429410005,3.7698036593410685e-6,1.6280959614693175e-5,0.0006056460197570811,-0.0006030671346311942,2.753275178288161e-10,6.972999072991298e-11,0.0070647362459212775,0.05476738538509604,-0.011162015399595276,1.064676796450554e-6,-3.8876956948959155e-9,2.1752052514352474e-9,0.0005172184562992505,0.00043579056283270424,0.009562738863565933,0.0005226267306621767,9.330293084230307e-6,-6.708654291867935e-9,0.013001991675028333,-7.789264174332985e-8,-4.327496564578636e-6,-2.134277648228644e-5,-0.011733489235524487,-3.29288115001009e-7,2.3285842544547145e-8,8.924526750448192e-8,-0.045922924097812325,-1.0913583360306698e-11,0.003843667855465506,4.29910012150103e-9,0.004571996096572895,-4.227101297254898e-9,5.515238759001935e-12,-0.042931928811499036,-1.1668813134451627e-6,0.0004945958205450566,-0.0021705399454630117,8.288791123991905e-5,0.00017181201464828421,-2.976190421577371e-9,0.02555998150372658,0.04116253626365667,1.3426998293241595e-6,1.4201632955581721e-5,0.13820293951352577,-5.577677009616492e-6,-0.0011329796796870754,-1.999608111580467e-7,0.000146731284022551,-1.717693055414186e-9,1.9439248726382628e-6,0.011758923604802763,-2.719024934979038e-10,0.07140719536763764,-0.0040951378894720026,4.5715808154005635e-5,-2.578095953951517e-10,-1.4001536735506655e-9,0.07715609258672187,0.010472611999218747,-5.783437436388316e-8,1.290457929845687e-9,-2.3426252807940192e-9,9.765599037083388e-8,-2.230892887679864e-6,-0.00984199483811649,-8.30403389862611e-6,-0.005274115130553459,1.9703718101647017e-10,3.590840845065829e-5,-1.6209725846877258e-8,-1.1705835569971502e-6,0.003242714035950689,0.0001601237490138313,-6.203984690885204e-9,5.947196728663891e-7,-0.0002441595895214616,0.0001175583749129965,-6.772263069471469e-9,0.07504413562919938,-0.03126517717624027,-8.512195523823206e-8,-1.0930243215421045e-6,4.182622296255415e-6,2.389551084266024e-6,-7.36856358146579e-10,-0.00015169047933388498,-3.0681695831650338e-6,-0.0029232165782115222,-0.00018503080252694066,-0.0003419908716967528,0.06735943580690053,-4.0240820661829045e-7,-3.314080226667116e-9,-2.2945947139597742e-10,-0.0020966533954687623,-0.00038871133941558925,0.0020712043561926644,-0.016584436223634057,4.183996351893991e-9,9.927628840021865e-6,-3.993968190931214e-10,-3.290230078464876e-7,4.4316351087811635e-8,2.401759075270838e-9,-0.04724002720330013,-3.858946178829733e-8,-0.0004841959410263152,0.0016548593434196762,0.006252753519850081,2.3720659462454184e-11,-0.04955311298761394,1.8128886202261385e-5,-0.002344199093757221,-0.029568751973610623,-0.08419220925136443,2.982199980090283e-6,-8.692438746982455e-6,3.0972175584069344e-10,5.057015391555941e-11,7.928461246577642e-11,-1.1950345520736142e-5,-4.1638416525949866e-10,-3.208252082723476e-5,-0.0066302208771413145,-0.0026851589875253614,-0.03557088542364662,6.526251822459564e-5,0.03038838292282574,7.50069416362518e-12,0.00013226818482551213,-0.0005856371439228839,1.2461561457466755e-5,0.06025695263542491,-0.06885699035440714,0.08580310230375583,2.5733473454319207e-10,-0.0014417160091676328,-7.649422519792134e-8,-4.293884768252366e-5,-0.007022722306799369,-4.2964873468659967e-7,1.4461458149060198e-8,-0.0001930393657346348,2.972602325526699e-10,-0.00022460245556288076,-0.04561165468083947,-3.0267914092050785e-8,6.736619358340233e-7,2.2262287476313e-6,-0.0025411239174677833,-2.28764728523844e-6,0.0023939778111524857,4.375152124985061e-9,2.9995676399624527e-6,0.0004588947761156345,2.687310285948164e-8,0.045764833024536496,3.2804714113201486e-9,0.21001696450839072,0.01631522868712609,-0.0010238418471519844,1.202160092183459e-8,-1.397390005323554e-7,-5.340980826099736e-6,3.34284431953322e-6,-0.018854844455508113,-1.534873003576764e-8,1.4810847430952402e-9,8.71260709604216e-5,0.00236176516647178,-3.290989825010238e-9,-7.062717434662878e-6,1.136865250957134e-5,-0.0004487018690301833,-0.0008991756019330816,7.661460721914738e-10,5.682535101102979e-11,0.014212122541569503,0.0004287933618070159,-6.669903528463212e-7,-3.3687813177256176e-8,-1.0836935483234924e-5,-0.034231950330256194,3.963149510233401e-6,-6.266605150637805e-8,9.55787788150181e-9,0.015908298814202554,-0.0036509637128197365,0.00032543474209123063,-0.0007727421039957928,0.0006915302203603919,-0.0012869586131097404,-3.61331332203968e-9,-1.9119777008790473e-9,-0.024575982680056337,3.835645093000348e-6,4.9402687573548676e-11
0.0,0.0,0.0,0.0,0.0,0.0,0.0,0.0,0.0,0.0,0.0,0.0,0.0,0.0,0.0,0.0,0.0,0.0,0.0,0.0,0.0,0.0,0.0,0.0,0.0,0.0,0.0,0.0,0.0,0.0,0.0,0.0,0.0,0.0,0.0,0.0,0.0,0.0,0.0,0.0,0.0,0.0,0.0,0.0,0.0,0.0,0.0,0.0,0.0,0.0,0.0,0.0,0.0,0.0,0.0,0.0,0.0,0.0,0.0,0.0,0.0,0.0,0.0,0.0,0.0,0.0,0.0,0.0,0.0,0.0,0.0,0.0,0.0,0.0,0.0,0.0,0.0,0.0,0.0,0.0,0.0,0.0,0.0,0.0,0.0,0.0,0.0,0.0,0.0,0.0,0.0,0.0,0.0,0.0,0.0,0.0,0.0,0.0,0.0,0.0,0.0,0.0,0.0,0.0,0.0,0.0,0.0,0.0,0.0,0.0,0.0,0.0,0.0,0.0,0.0,0.0,0.0,0.0,0.0,0.0,0.0,0.0,0.0,0.0,0.2737706104003818,-0.007542597628640559,-0.00012738001385476186,-1.7579162982235642e-6,-0.00043489700389692543,1.561062057649431e-7,-9.422355799504426e-11,0.006263798443914794,6.395153583727688e-5,1.5693516962349524e-8,-0.019686490160642167,4.675001131578441e-5,-0.05569936021442369,8.710648846538645e-5,4.10122289098086e-6,-4.5331071039080124e-6,-0.0012929219959653727,-0.06087732453235736,-1.5241584012905058e-8,0.024272478201816144,6.0275828777012714e-6,-0.00033578767541606405,-1.1511795378411513e-7,-3.3171148133310843e-10,4.329283560245426e-10,-1.3277211063716291e-8,0.00033168921194878575,-0.02562311039334747,-0.008396292998765141,0.0038374172384192285,-3.782029045286066e-7,-2.9285199612101657e-6,-0.00019902901499838316,-7.050340286517881e-6,5.313422201248299e-7,-1.9392859372169355e-9,-0.09129558458754979,1.5936841979129536e-10,-0.0020513456680332216,0.011307009110046472,-2.2409997993384497e-8,-4.310379644388428e-6,0.011050464993954448,0.0012803358920207128,6.127594159671442e-9,-3.8753878549115493e-10,-0.020589056280569763,3.1022655455419357e-10,1.5888982063901693e-7,6.373567082018278e-9,-1.3149406217287805e-8,-0.0007098506747684688,-4.321134688487912e-6,-0.0044473696333188935,0.047018606680928436,2.684745873803625e-10,-0.0001038424965681099,-0.0005727383361815897,0.023046150796207157,3.7605711164233246e-8,2.224290500025304e-8,-5.1200308871915235e-6,-0.00020452425623883832,-8.595330470138122e-8,-0.026826911333682063,-1.2164502074911308e-8,1.5994541369262423e-6,-0.02147495441589647,2.5796229947457585e-8,0.00016326276382456716,-0.02705348637581943,2.3345652113744985e-10,-2.2023306597299705e-6,-8.089874864005678e-5,0.042830851302299064,9.477312941087205e-8,1.3123367071730328e-9,-0.005185492088269042,1.6532261054185566e-5,-3.608149491801188e-6,-1.4568913177975442e-7,8.600456353511165e-6,1.1375063205040767e-10,0.0016001577793121802,0.1491597711567925,1.7060899999942467e-5,-2.554975531659294e-8,0.009091336597578497,6.911141704261053e-10,-1.3665022795094131e-5,-4.680158628558218e-7,-0.019680882892111413,1.5614860729243949e-6,-0.03148789600560711,0.00340139195160752,1.2032235929384761e-8,-4.745162580732447e-9,-5.35954732566238e-7,-5.1667440764281144e-5,0.002586468933576096,2.342598854241028e-10,1.7099160091010134e-11,-0.01272896857195265,-0.00231662470511326,-2.6224666285491414e-7,0.003589046006221579,4.5012715174116824e-10,-5.278303184935193e-7,9.0221809046786e-9,-0.00030497152457500113,4.7729475237850015e-6,6.843840599475708e-9,-0.008682300637353963,0.005407528664854624,-1.9573247547376214e-8,-1.0682586081713077e-6,0.01785423388633295,-1.3537087133309528e-9,0.11294136017632711,-6.555320781670864e-6,-0.009389365856093521,8.498664563614848e-11,0.00954548294662135,-1.2194063353794232e-10,0.0004793189145313753,-5.344793673682427e-7,0.026463711114509837,0.00010956782460051491,0.000662191131050042,2.3624830132219006e-9,-0.04537252024472963,6.111432293704618e-9,0.0006605041872852108,-0.002945941094426211,-2.4171598923505508e-8,3.6752607890965295e-7,-0.07448066810319647,6.998068217304366e-5,2.812970715042675e-7,-2.6671372265321315e-6,-1.5946232341570997e-10,0.00995406574599293,-2.3171975882441982e-11,-2.235489205495392e-9,-1.8027385268201411e-9,-6.7415258469497566e-6,0.0043646042840471185,-0.05057661226352244,5.1598359019423473e-5,-3.074233310115742e-10,1.684905736497265e-10,-1.3573787385120954e-5,0.08906345885088748,-2.3161914934090903e-8,-4.043518085122377e-5,-7.1934567029488545e-9,1.7382991458187327e-7,4.982996402845075e-5,-1.2889910711096388e-8,-0.061141977217633516,6.420911132424459e-5,1.7607188148466344e-6,-1.1502921772406174e-10,0.00045447392335980533,-5.623240512483607e-10,-0.006405261074786358,-1.4285309902046813e-7,-0.020597870509378245,-3.1213871900360295e-8,-7.967106068861234e-11,-0.003459897577944015,7.5672201399018746e-6,-0.0002695570542981592,-0.025396090887056796,0.0062300254964096306,-6.898671818715409e-11,-0.0004220194152031577,-0.00655002507010211,8.143792997258824e-7,-2.427021798502543e-10,4.687754004632847e-5,7.469845469125445e-5,-0.004726037930937145,1.2596263508181032e-5,-1.221710285965613e-7,2.90666960921343e-7,-0.047810029173671414,-0.0005292457009220611,0.008098234390312386,-1.1901431021194756e-10,-0.007287780875621029,1.4124054187973676e-6,-0.00012841112550515972,7.282189280258094e-9,1.2082188329043266e-7,0.0005696927281345264,5.63902787547858e-5,2.5203693728452405e-6,0.0010298581984241218,3.42482505590814e-8,-0.011553697435344613,-1.6397974772040743e-5,-9.310038778324875e-8,-0.0037245118560864945,3.9995299466796536e-10,0.0064219941086572675,-2.0063524653880994e-9,-0.00028832892292060373,-2.2338545164147066e-6,-2.6377952371385397e-11,0.00015266294911381466,-0.10659883806389005,4.751248717583014e-6,-2.066921786211968e-9,0.0047250777959765965,1.5195579540901188e-10,-5.0773409534676395e-8,-2.1736956730666106e-7,-1.026440694386272e-6,0.03073343949712358,1.1056196176951848e-8,-1.8014114357022806e-6,0.03610655542203836,-0.00048168626511996336,-1.5774973034340102e-7,7.043087630030153e-10,-0.0024522597829390513,-4.241672325619168e-6,8.5929816141821e-9,3.9574173813051145e-9,4.7233097519446334e-7,2.311788567258905e-5,0.001074548557310628,-4.3909948006457083e-7,-5.816195699722995e-8,1.7956696037957467e-5,5.758613427483887e-11,-2.1126443141659864e-8,-4.1657253017427976e-9,-0.002542224976841293,-0.000410143192601859,0.009653866212457117,-0.015554175110457813,1.77851921433747e-7,-2.659029861441636e-6,2.1762248281241155e-10,0.00011673214400947376,9.460233403339414e-11,0.007187453803886884,1.106090466564133e-8,-2.424001631359254e-7,-4.0949662456836454e-9,1.4232182217410356e-10,9.002058909941275e-8,-3.0465233459068016e-10,1.68955080676576e-7,0.0016921417760418177,-3.079185575990198e-11,-2.328977793502618e-10,5.246399846858305e-6,-0.004148313462291958,-1.6812827271115494e-6,9.862761044078388e-6,0.029192604362269475,-2.7902973595375094e-6,-1.456499892134246e-6,-7.488149001738244e-8,0.000283682147467073,-2.8011764275469226e-5,-0.005129189502810834,0.0014119280447965111,2.1442755485457177e-7,0.16048747181398912,0.004415202908971731,1.663716032914168e-7,-2.212522991948182e-10,4.068961260720687e-10,0.0058526068767652106,2.3251538021605103e-10,-0.007728251545115223,-2.0323811187212686e-10,-0.0046006636753572,-2.5610005022275584e-6,-0.01515023596838191,-6.662910749590039e-6,2.7332547027992093e-10,4.6567911854986195e-11,-9.820067160658504e-11,-1.0441917243441803e-10,-2.028392505979901e-10,0.004990538962920575,-1.2787416859485833e-8,7.091535944493898e-8,-0.00019270330237611158,-3.206905582114489e-9,-7.204206299985462e-9,1.3425175052613014e-7,0.006172736227974229,-5.106485954560998e-7,-0.00038931986616365355,-1.9288297615936455e-6,1.7137690343963386e-10,0.0002647601365185817,2.717779047895849e-8,-0.08045216685479167,-7.76912268866315e-11,-1.4314689932968004e-10,3.307615148864567e-8,0.004938422173824708,2.279994079545089e-9,-0.000760311931119603,0.002074204036764111,-1.7655676130665766e-10,-0.06417404501856296,0.0004115388057194733,-0.005916439536068444,1.8145239109499164e-7,-2.9837438811398367e-12,9.322559618921252e-10,1.356183280404296e-6,2.1076455298871632e-10,-7.149463612604857e-5,7.731392286364319e-11,-0.007002571242410141,-5.299476592534588e-10,-3.742777838037032e-9,7.058914403954427e-10,0.000661916316337145,0.002202818476649447,-0.0026555419559676783,4.218775262874563e-5,-3.5454185266508486e-7,0.0009576268175566505,-1.0368612517170556e-9,-0.029065559675214448,7.487277776541527e-8,4.1139506912560934e-9,1.2243581813962064e-8,-0.001157537031455853,3.3136409129874744e-10,-0.054474525100831186,2.9643242753852224e-5,0.008201456316046596,-3.669739884411614e-10,-2.8405586604292445e-10,5.596820964082652e-10,0.05323769135177903,7.338127318123706e-11,3.8884800615321914e-10,2.7255107274010835e-9,3.7052619503766454e-9,-0.035941694855233165,3.957071593683709e-5,0.0031994081438283754,-4.644211433843248e-10,3.757765917088399e-9,-8.669356346652792e-12,-7.964364786270348e-5,1.1688999977450553e-8,0.0034390661964817954,0.00015182786447583903,3.948068221540683e-7,1.2303749653224818e-9,0.003730969760027677,-0.0022570645340313513,-4.057697393412394e-9,3.0218234963168895e-9,1.2978800581425552e-5,3.260173268059063e-5,-5.895064735382752e-7,-4.0384914285922203e-7,0.005938224947133008,0.023637049186825854,-7.845379202509162e-11,-5.433561593085466e-9,0.1658141194485528,1.664868465806704e-6,-1.558205427984031e-8,-6.999340573895166e-7,-0.00017145852316760777,1.2303371046822586e-6,0.004487796896192164,-0.0003173006564058897,-0.00045205766185299245,-0.00013687828235355774,1.7777975024976186e-10,-5.8165850355303e-5,-2.358843914112795e-6,0.011254612733582027,-0.01261515550397043,-4.519514560133101e-6,1.5563957495618749e-10,0.011056073309665543,-0.020999957148528262,-0.04568432519064589,-0.007858352827290733,-0.00022445937029499108,-1.2106964578395894e-9,5.550092594182177e-8,0.00040825424048252217,3.7797303649498895e-7,0.001507162407392245,-0.016187306963687028,-0.11257420394149013,-0.0013875428204418736,4.733666122784636e-6,-0.025795254260857905,-0.04395219344268647,5.211647409002508e-7,2.4088487006695374e-10,-1.1182459379306464e-6,1.1092931622182673e-5,0.009225383732131488,-0.0002613398431594549,-0.019004787084607934,-2.503282321537865e-6,0.16979208156249803,-2.789214670110477e-8,-4.241619344013667e-8,-0.0133126328948128,-4.717183282844068e-6,0.0002516063561372962,0.16235300540940364,0.01342949570839935,2.695135376857464e-10,-0.0018748140035637411,-1.3680548021706914e-7,1.1782733741403663e-6,-0.010021108822501394,-0.0012687162152777536,-0.0003380721151906712,-0.0927405579211722,4.0612689161855676e-7,-1.386040104724778e-9,-0.0020515688485812115,7.46003073135925e-9,1.5068926464722568e-9,-0.0030946323044317913,-3.579226748225615e-10,1.5397076735773178e-6,0.0006326106767063449,0.00011185169822147913,-1.1406849618834633e-10,8.637057080507671e-8,2.0397309757668413e-5,-0.02536586478146217,-2.754590572278609e-11,1.2738719892653874e-9,0.006798819616635006,-2.9000658065488913e-9,-0.00033681405069973657,-2.565149321120898e-7,-2.519223579520426e-6,-2.7620850885122905e-6,-0.00020078103438935372,0.00691097281799361,0.0004491909440099601,1.8356645037045598e-8,-2.538119250532017e-7,-0.0002481879314660746,-0.00271952061210935,-0.0158200264711194,1.263922687793887e-10,-9.382968328217616e-9,0.013157301117696998,-0.06487069276956502,1.92951388120452e-5,0.0038350697324414595,0.0050332034105635675,7.076342277488519e-6,-1.175405309693197e-6,3.1996816758989275e-5,-4.075657766116784e-5,1.704146283547374e-9,-4.86386870683282e-6,0.005603871685042508,-1.547525206407486e-10,-2.1615586260648967e-5,5.508646550016222e-7,2.7044435424041685e-7,-1.9875861961430255e-7,-0.07398036879840635,-0.014968753978650341,-2.987446188552471e-11,1.9028697073710516e-10,1.4990324305134658e-10,-3.80130777382399e-5,0.00772901620751559,0.005997210171608316,-6.65200918223779e-8,2.1730096552543002e-7,1.6985147494223908e-10,1.8919262591877228e-7,5.186337349848931e-9,0.0010661146475378234,-1.9019470442146028e-10,0.00016862469755508588,-6.2905976482090565e-6,-9.046653531709754e-7,-8.744193190092744e-9,0.0005162979877433471,-0.0032474127340314965,-0.000275913826729535,4.4278783364871915e-10,0.007103585906865726,1.9118061052719558e-8,-0.04768902218806823,-1.638058727385063e-8,0.023046524975237504,-0.0009427010245890634,-1.5213069011509686e-8,-1.0584008658243814e-5,-6.806709549986993e-8,5.488999542892554e-8,3.256867766730319e-6,-2.7157676988238707e-6,0.009646265469150388,-8.313200494464963e-10,1.0144938997437187e-8,-0.0001510727871743929,-2.8325811361587633e-7,5.999204985308118e-9,3.84161542987469e-6,-4.854104270371386e-9,-0.0005227178612077648,-7.788249263891447e-7,0.05491718089236588,-2.6310709230144374e-6,8.405709754457217e-11,0.056080666804658126,1.3597362941641522e-8,1.0303990074747131e-10,-3.210724676368666e-6,0.024245549102421386,-0.05192840230953602,2.7044627447221473e-9,-3.72870119564224e-9,0.0010439093878926355,0.07484099563538073,0.01689334010971345,7.557316331602381e-6,-1.489793089082924e-6,2.830199709473505e-9,5.880416260541199e-6,-2.896910242468998e-9,0.006661724901328283,1.9149838537894903e-6,0.0009593578620960578,0.0002847005875884513,2.488347091804123e-11,-2.7987236066067694e-6,0.0038889670694513636,0.0002059388263523913,-4.920596024441121e-7,3.216815911137733e-7,0.016059670555051208,-2.5623495926494675e-10,-1.3397575867374879e-8,-0.0005356698567851845,-4.405166394567542e-6,-7.101587306069354e-6,-0.0002077721765630352,0.14342327561348678,1.7570330217047597e-8,5.721382096137495e-5,8.618313696124456e-12,-4.60438447021078e-10,3.9072581523573024e-7,-3.636132559618872e-10,3.782053772589962e-5,0.052297178071147296,0.022780210808085635,7.538005827481059e-9,-7.92096428406674e-7,1.3737369275660432e-8,1.9337361146682917e-10,0.011468463839275104,2.9861188262713266e-7,0.04437630347970335,-0.0005599205841885864,-0.005593696510209466,-0.06342500650281575,-4.518724060167694e-9,-0.004196947421000425,-1.4201440884071092e-7,-3.882181776465767e-7,-7.737835216161003e-9,-0.008438643935730003,-1.0446558676691006e-9,1.5322203503433814e-5,-1.1212342844393347e-7,1.5756114128536542e-10,5.531426279519134e-10,5.2228755295855985e-5,4.529248815448928e-5,0.007005627072304044,-0.004297045171799971,0.003921710896926958,-4.929778247787397e-8,-0.001274006812224089,2.576372122605902e-7,4.705333573904464e-9,-2.1649050664888852e-8,2.705970025656698e-10,2.920284053981969e-6,3.0894597087797613e-9,0.001970847452627858,-2.4748071764278773e-7,-3.572092227071653e-8,2.9339610802415827e-6,2.7437367769806894e-9,3.071663598832967e-10,-6.618065830126137e-10,-0.0175495608928278,-2.7789018141382148e-8,-0.0002761388760438067,1.947347437012365e-6,2.367287362985267e-10,-0.0001222086090367775,-0.0009904288674788453,-3.4525702506952697e-7,-0.06686880107046016,-1.1746622975594736e-6,-9.418659699668223e-9,0.001675026291846738,3.6389260613135205e-5,-0.0001840967137358691,1.2214186423796755e-8,1.0285631408525337e-5,-2.50041125150586e-10,-0.060407343455141545,-6.424710112886919e-6,-4.4642633571040013e-7,-7.920061320365668e-5,6.155391525891011e-10,-0.02163499145547599,1.7777731294930843e-9,7.3789326671229335e-9,-1.1883374102849327e-11,0.014589767065174728,0.0006990912052231035,3.981669226473923e-5,1.1445047898324243e-5,4.03031240378249e-10,0.0007225309586082532,-0.017384821412485298,1.6763173529410873e-6,9.327884380900425e-9,-0.006475520946503905,5.214120407517479e-5,-3.0107952427591182e-5,-1.6161496337826359e-7,-6.974998267235887e-8,-0.0072574693678123725,-0.05941796399581334,-2.0176895661489052e-8,2.206538162014418e-8,3.995762324570822e-6,0.003883683821992099,-3.6917653804581895e-6,-8.67245379739641e-9,-1.4107950262666341e-5,0.0014092489390171966,0.0002959942114244609,-1.8219983342968512e-10,-3.6514216538834524e-9,1.446090752978606e-7,-3.114474433411565e-8,9.525007361242472e-8,-4.7315409888211585e-8,0.014279624159352695,0.13939728325951845,2.7125069312541167e-10,1.1057209386023662e-6,-0.005007452146506999
0.0,0.0,0.0,0.0,0.0,0.0,0.0,0.0,0.0,0.0,0.0,0.0,0.0,0.0,0.0,0.0,0.0,0.0,0.0,0.0,0.0,0.0,0.0,0.0,0.0,0.0,0.0,0.0,0.0,0.0,0.0,0.0,0.0,0.0,0.0,0.0,0.0,0.0,0.0,0.0,0.0,0.0,0.0,0.0,0.0,0.0,0.0,0.0,0.0,0.0,0.0,0.0,0.0,0.0,0.0,0.0,0.0,0.0,0.0,0.0,0.0,0.0,0.0,0.0,0.0,0.0,0.0,0.0,0.0,0.0,0.0,0.0,0.0,0.0,0.0,0.0,0.0,0.0,0.0,0.0,0.0,0.0,0.0,0.0,0.0,0.0,0.0,0.0,0.0,0.0,0.0,0.0,0.0,0.0,0.0,0.0,0.0,0.0,0.0,0.0,0.0,0.0,0.0,0.0,0.0,0.0,0.0,0.0,0.0,0.0,0.0,0.0,0.0,0.0,0.0,0.0,0.0,0.0,0.0,0.0,0.0,0.0,0.0,0.0,0.0,0.27194447726623977,0.011028224977096128,2.878740729099713e-5,0.006694511928908716,-4.541923239668284e-6,2.5635324909959725e-9,-0.0021887976986679114,-0.0023267318845181222,-5.689116675131178e-7,-0.00023977709680161912,-0.006844444729269757,-0.007320117293101047,-0.009882379992611934,-0.00037497117659199974,0.00020600082590928567,-0.009252158499830092,0.020249770452188988,5.185660349332371e-7,-0.029849523527371767,-7.31668514802589e-5,0.011736514575008239,-1.1060666399373021e-7,4.594152358624477e-9,-2.4746888250624778e-8,2.423770130201557e-7,-0.0027029475923312416,-9.833385877458253e-5,0.040743882874150296,-0.0333130960070497,9.880180993964858e-6,0.00013725727495633792,0.02920052182284925,0.000694568299366312,-1.6114036142954598e-5,5.2517097496124516e-8,0.0039935928689984485,-3.878650244051552e-9,-1.1489066242949035e-8,-6.907962295889159e-5,3.6487006294428013e-6,-5.355946221360406e-5,0.01106592501083639,-0.04728691861651024,-1.522156200964297e-7,1.3845660246281913e-8,-0.004888968953709836,-1.0898542191947061e-8,-4.133376197951222e-6,-1.7695088012430007e-7,2.473199529281948e-7,0.004097583200699084,0.00033855627727127707,-8.584169807522633e-6,-0.001615933983166347,-6.001794493600154e-9,0.0029377261675908733,0.011521778866918679,-0.02480847031310063,-1.4193549626420795e-5,-6.58692422922746e-7,-0.00017875251028463896,0.06893052300111095,1.8583188518699604e-6,0.0010191324584369246,5.839482773733986e-7,-0.0008631655041380093,-0.004215251216452614,-2.9776344480634587e-7,-0.004467063098147917,0.020373075468038543,-5.115957147551126e-9,9.072434117319306e-5,0.008620742317064034,-0.002167012588284694,-1.984890929477653e-6,-2.6354872561922043e-8,0.0005878576317258011,-0.0017449277901850687,0.0001565642761562407,1.5865667630366872e-5,-0.00022452449086400125,-2.734611951035065e-9,-0.036972663729628805,-0.0005659080230250815,0.00024095062900313184,6.087649148235831e-7,0.0002756298900572465,-9.420529105127836e-9,0.00027761843127791956,-1.8674033033099566e-6,0.00012648275372767579,-4.869557578845995e-6,0.0025583911292674545,-0.02985537674274053,-9.526570951995342e-8,2.1827084160494232e-7,1.4704101754046719e-5,0.008830708826043237,-0.023136265230684287,-6.360531696325764e-9,9.553912179600833e-11,-0.0002780924026200661,0.018326905372279358,8.541226748826463e-6,0.007351158589902061,-2.7001445120125714e-8,9.949384052297402e-5,-2.818444649351979e-7,0.014785986747063289,5.188017598744276e-5,-2.0987992963761861e-7,-0.00014913445525260424,0.00015300374497059254,2.32510804058225e-6,5.2950464551225334e-5,-0.06287823433698032,3.5297242584181405e-8,-0.003946681998654458,0.00024020931793970054,-0.00018368282017928748,-3.328702906095158e-9,0.024161320280159836,-4.5114430883247796e-9,-0.030812731453488743,2.1934544759393445e-5,-0.0013305747177635417,0.07142152964293508,-7.223710670134715e-6,-4.911360597655726e-7,0.0022865782160251496,-1.316549862577774e-7,-0.002489855872026045,0.15898377845459818,1.0499810008444487e-6,-2.1334057331406813e-5,0.009500296455432508,1.5519749773966903e-5,-2.8302279123894734e-5,0.00010020621967270537,6.6831646134417575e-9,0.00017074976681678605,-3.051669398862379e-9,6.485258147736675e-8,5.618322822802586e-9,0.0015391673366076976,-0.009097861140762945,0.0022171213387331377,-0.0013409727543366938,5.0103465347836755e-9,-1.3783820234155967e-9,0.001126112598253601,0.0006369016042772972,-5.201695053951852e-7,0.0006243927699446638,1.8388601253263991e-7,-1.2831706651782206e-5,-0.0061189550874125,3.8302052283630113e-7,-0.0010987502680048504,0.00034274399917625807,-3.3585259736664085e-6,-1.5298095229296695e-8,-0.020869410091755494,1.086567310283459e-8,0.0005158815312098015,5.527243335218656e-6,0.0002287125918426024,6.146433988364575e-7,6.152251038173261e-9,0.016781776283170857,-0.0003635554699211342,0.020675811841206246,0.0023895677632302893,-0.003460998590188242,3.062945249249008e-9,-1.9354378281640944e-5,0.0019873850314642174,2.6034246634332754e-5,7.128161442554782e-9,-0.002010892177676637,-0.002590030790842451,0.14018739221341261,-0.00029401681377325166,2.2520543842465943e-6,-3.332162544441046e-6,0.001784291320826715,0.004551431467007783,-0.0004982743606635844,4.171200975377586e-9,-0.010234473462404645,-7.115515720279755e-6,0.008871750702847134,-4.395567480130669e-7,-3.1428261117402744e-6,-0.00012970868812684384,-0.0032250026367750826,-4.117313609755892e-5,-0.03204723520095042,-1.0835900633358638e-6,0.011542750767088895,6.613979959341928e-5,1.4279894124478546e-7,0.0358959375528139,-1.6947034637636917e-8,9.870904163152328e-5,1.3123031282379816e-7,0.025830073923989325,-3.6915836734227464e-6,2.5334439996592345e-10,0.07005609494217568,0.004655628561304088,-0.0003111395936758586,1.3411785146434171e-7,-0.058651865353462784,-1.3850448179155297e-8,5.177213404263467e-7,0.00035852209233092633,1.2716001993785469e-5,0.00020950608572394689,-3.395735501191553e-7,8.288881537365889e-5,-0.0006236416065589664,0.0024497634307120066,6.351327793686948e-6,-2.0273636409563687e-8,-0.010086855938461198,0.00021378969693354506,8.394363477183267e-8,-1.1430779673518691e-7,-2.0745272798504542e-5,-0.0027321088877466536,-0.04414810539613332,3.704539990654229e-5,1.0077935475072164e-6,0.0010810136756072555,1.2853926262713717e-8,4.4536117514451164e-7,1.515820595208458e-7,0.005185254673442795,0.0022229572908839352,-0.016066668834557447,-0.0011702896911714965,-1.880028325248705e-6,0.00013153224395990527,-1.2678985010795864e-8,-0.0013187909591912915,-4.386063823151237e-10,0.00699587948925912,-2.809676074388548e-7,0.0005017589283217355,3.312039748890526e-7,-1.5703684864129442e-8,-2.2326936962035296e-6,1.0790329795231441e-8,-2.9404612980062846e-6,0.00010077015972814625,9.740097359702034e-10,7.973383829427129e-9,-0.00019208581635959764,0.004847150541034619,8.156124692181946e-5,-0.0010787278410795387,0.00010003810210757029,8.147020448083654e-5,3.377461554111212e-5,-1.072166236292712e-6,-0.00613821987787426,0.0016512533391155645,-4.290895932328552e-5,-0.0008388288826481474,-5.291501608966755e-6,-0.001377428411454883,-4.6068776975355697e-7,-5.000088296153783e-6,8.74474359322842e-9,-1.0604178937939311e-8,-1.0599396320492505e-5,-2.4075599685869445e-7,0.00011942197808750546,6.39407166683404e-9,0.04675515880477427,0.0001029188088135673,-0.00021806056817978744,0.0008580400263292617,-6.668009462466167e-9,-2.281260404930114e-9,2.6570157285796827e-9,3.291929833481505e-9,6.197282201264551e-9,0.022125029306038574,5.285722850823242e-7,-1.275092131031255e-6,0.006309887215048248,-1.6853310444957025e-7,1.8223779463214467e-7,-3.363619336360245e-6,0.00013381116686208083,1.0017426640907882e-6,0.01584488683367138,0.00038030516917000065,-2.1138886570108876e-9,-0.04729481174299636,1.5567155526740454e-7,0.011314428513126015,-1.858060642735203e-9,5.333805331689533e-9,-8.924784091883948e-7,0.0007782340955407065,-4.3419665192656264e-8,0.01383072678779865,0.0002186638265123963,4.089929492714589e-9,-0.0006110208350916196,-0.01058838637906102,-0.002790144322854353,-7.533310108481397e-6,1.5582608139120154e-8,-1.8211582987952704e-8,-1.4531088001567429e-5,-6.256390002835137e-9,0.007263734741109012,-5.774211531439282e-10,0.010530121081552938,1.3424304075351666e-8,1.8951885931054185e-8,-2.910983504871226e-7,0.00029419579523240605,5.967570003051264e-6,0.00438008813889072,-0.0016663114200886086,1.2885225216305686e-5,-0.0014060648682829534,2.2776498039940364e-8,0.0006135577402400535,-1.2502456765982645e-6,-2.244711338438991e-7,8.991663770365092e-8,0.03746875520325359,-6.520481667497169e-9,0.0018070249839977509,7.994968748884916e-5,-0.0047018463333983835,5.555322881789787e-9,1.031865594034154e-8,-1.4785548372341243e-8,-0.0009532419117681694,3.0665190078378456e-9,-4.113605829833804e-9,-7.608693242993867e-8,8.380867150929006e-8,-0.0003454919817516547,-0.001874232940759647,-0.05781896663821209,4.286021751870323e-9,-1.1212430572481395e-7,2.721141743268405e-9,0.002706344390095378,-3.8092684788728735e-7,-2.344204435644627e-6,-0.00025719438377286893,3.739525246825985e-5,5.387241423744702e-9,-0.026796613813107287,0.12362795477456331,3.215138204965748e-8,-1.3423829974514128e-7,-0.0026287646289601457,-0.0005129974385925944,-3.3253250334427234e-5,1.6639872413365478e-5,-0.06180029145250315,-0.022766507501461454,-1.4772024516733245e-9,1.690569401137339e-7,-0.0030347895704272497,-6.28386723328101e-5,3.891119892935267e-7,4.19154773070777e-6,0.005970137972032243,-3.0350974963331543e-5,0.0277270100485269,0.012972841369629583,0.0034123411510548073,0.006499239611508987,-3.827589990691293e-9,0.0020230348427174773,0.00011493388963473263,-0.00790166363723043,-0.00022860252684258107,0.00023889305525075295,-1.3861538974216826e-8,0.0003857122803061788,0.001091620167878405,0.007737683927974374,0.15070435339790808,0.023182297809475526,2.7326665713758867e-8,-1.5717505906515516e-6,-0.009052560019503931,-2.9430321082536435e-5,0.011295815515199908,-1.715449755323891e-5,0.0033799275723072476,0.01984878134768368,-5.515509909476923e-5,-0.00038671102096164814,0.013937328295754961,-1.845484482901931e-5,-3.857556100278821e-9,1.9186753549514568e-5,0.0001683885617298451,-0.008910385599305225,0.006354502308129975,0.018978205125552025,-4.1582393511853334e-5,0.0009389245661495859,1.0356582460919965e-6,1.5629594356226914e-6,-0.0066460624344852936,0.0003145939743497082,-0.027914249154094045,0.0009313727365726029,-0.01932591735679709,-1.4216605102598908e-8,0.09120323838141088,-2.365054419653504e-5,-7.5593777688492435e-6,0.00336138348463305,0.0005601115619218531,-0.0005563276458900861,0.003174956455675245,0.00024556070602162254,4.0027255787580396e-8,-4.6795482274008674e-5,-2.986881663889285e-7,-3.997327191988943e-8,-0.0008517546836775912,1.3551048408277106e-8,-2.0894739772403746e-5,0.005180924603074865,-0.0008581494191488394,5.0460448067001435e-9,-1.27494139289813e-6,-0.0010957133924059095,0.00035076473775885736,-3.2794167484649708e-9,-2.2781055109082493e-8,-0.0007571346790589508,1.6510744782041587e-7,0.0035004278860785065,-8.559084074578307e-7,-3.0343755407770036e-5,0.00019837588295469534,0.003109298846905084,0.0007326739336647529,-0.0429554084713711,3.3037185827384875e-7,1.1754108451626973e-6,-0.00830455144698766,-0.00589123072584109,0.02008235708406377,-3.065922801354857e-9,4.4387649073800066e-8,0.00022464943976430383,0.003889517038127767,-0.0005767355324633957,0.0002035011834701203,-0.0020500677462680287,-0.004702087579772762,-0.0003714982404038271,-0.0011862298256105383,0.006072009152598908,-4.008035548607822e-8,-1.787517500671649e-5,0.00022645886896918002,4.587184486180749e-9,0.000351334186490895,-3.4568779868569617e-6,-8.146552086769868e-6,7.391321677436865e-6,-8.394992778344497e-5,-0.00023522833620792343,4.88933713314242e-10,-6.84890294149617e-9,-5.702958662897113e-9,0.00013425411926786082,0.0007446673468462292,0.008790588479464213,3.8372387138918603e-7,-1.0316693460693104e-5,-5.922014215987305e-9,-2.941785946755676e-6,-1.6421967710589046e-7,-0.015492161802233317,6.7985546720069505e-9,0.002736689059710445,0.00014942317139709986,8.287947203581124e-5,2.0265923661014528e-7,-0.02707277063962557,0.007650080346348866,0.021139687971577954,-1.6779967182995497e-8,0.00015324000443527858,-5.772932589196057e-7,0.021812609630164768,2.241799650733171e-7,-0.005778557897646437,-1.764320270225519e-6,4.0160133213783657e-7,0.0010462835415372097,-6.432204512970797e-7,-6.660566593315706e-7,-5.7852559169199687e-5,0.00011563211620317678,0.00423505544465883,2.3326124802240647e-8,-3.106486498531367e-7,0.0053549089031600374,8.75420286432529e-6,-1.523189480028034e-7,-0.00018313982246477497,2.693164211674774e-7,0.008477398750240624,3.170540252183811e-5,-0.004630397974756684,1.4970150364414092e-5,-2.1798435740229236e-9,-3.610598122026202e-6,-4.1181949777184535e-7,-2.718340537235277e-9,0.00014310917937612343,0.0006283104089303406,-0.010386383080599741,-6.949076069166823e-8,1.1836349199183216e-7,-0.0379953484416347,0.0005306430773667552,-0.0038880375404400425,-0.006425345611274918,-0.0005860668059825422,-6.232457884068796e-8,-0.00046625945624190326,1.6601184519091327e-7,-0.00017194497740883032,-5.741019996049324e-6,-0.04917239037761006,-0.006303356047834106,-1.950097124290528e-8,0.0001171627462591338,0.0014697010239595116,-0.0011555135834660163,2.500431659799203e-5,-2.947132001878771e-5,-0.046102801462927674,3.963931616097852e-9,3.327743165046058e-7,0.016729021427544632,-0.0005067943607925248,0.00047760367768941115,0.007764417864467625,-0.0006420142681091882,-1.7238485100573466e-6,-0.0028408224112605367,2.380041727472958e-10,4.041363387678699e-9,-1.0103327866796822e-5,2.192813535734473e-10,-0.0004091200952663219,-0.0023406680109760427,-0.0008866151301767978,1.8433509667810891e-6,1.5696351896710786e-5,-2.506416158080533e-7,-8.349130770672326e-9,-0.02372443429217286,4.53375927773429e-5,-0.0006913593377474421,0.014437364427838384,0.2610735965852349,0.012428533489738365,9.258873566154462e-8,0.02896153483473748,2.329520628640581e-6,1.1616216348431756e-5,1.358923672986864e-7,-0.00014034160266325393,3.201847172817199e-8,-0.0003255965870502555,2.194803095421792e-6,-1.751397328320339e-8,-2.104326077038606e-8,-0.006749074430218428,-0.000770242028984604,0.00016094229937912535,-7.353041292662401e-5,-4.416262334902256e-5,9.414121882130808e-7,0.000685719840329078,-5.865584729068096e-6,-2.7871761942144725e-8,8.697043487853435e-7,-1.7114426029187512e-8,7.698864246444153e-6,-1.1170276641296127e-7,-1.8156603886330302e-5,7.96401876607874e-6,1.1071519457518047e-6,5.074890613318385e-5,-6.86629218417444e-8,3.027860663534303e-9,2.4419015296336895e-8,-2.2072603948317858e-5,2.088653807032838e-6,0.00946650532264797,-4.400312287154608e-5,-5.494700911623256e-9,0.01576072886407671,-0.015230220560266081,4.488559110510833e-6,0.00017714418591480052,2.6863698970776888e-5,2.8964569282268466e-7,-0.020711024032989866,-0.0002524678027523694,0.0055587612143820925,2.4063395630577906e-7,0.0012746209866800978,9.849416937038853e-9,0.002312045910786555,-0.0015018069651736425,1.5978085076954696e-5,0.03132437606404656,-1.1941736595053924e-8,0.009733308520974348,-4.509588751908866e-8,-2.3452832459940245e-7,5.484543568410894e-10,-0.01868300437894794,-0.038880964812143926,-0.0017002750290011084,-0.0015581731326176948,-1.403769662740616e-8,-0.0008028627368756388,-0.0017022620510116922,-1.7477079925367366e-5,-3.218212427182044e-7,-0.012543639227430509,-0.0007703925589001887,0.0006566033847605924,7.2142393957798355e-6,2.66833651162709e-6,-0.0016389552724271098,-0.0008555547654073687,5.304907147944223e-7,1.0839398758061795e-6,-0.00033467673697067026,-0.05174688350244807,0.0003885008224138237,2.5773083022271764e-7,0.00047519947918946517,-0.0364313441202079,-6.787547755286862e-5,4.037468949921607e-9,1.498824585602012e-7,-3.312169324248495e-6,1.0023156448264038e-6,-3.421379231257971e-6,-1.940017355277675e-7,-0.005671652413097259,-0.001258710015334321,-1.5480764334727544e-8,-3.86761764830766e-6,-0.00010786870282801136
0.0,0.0,0.0,0.0,0.0,0.0,0.0,0.0,0.0,0.0,0.0,0.0,0.0,0.0,0.0,0.0,0.0,0.0,0.0,0.0,0.0,0.0,0.0,0.0,0.0,0.0,0.0,0.0,0.0,0.0,0.0,0.0,0.0,0.0,0.0,0.0,0.0,0.0,0.0,0.0,0.0,0.0,0.0,0.0,0.0,0.0,0.0,0.0,0.0,0.0,0.0,0.0,0.0,0.0,0.0,0.0,0.0,0.0,0.0,0.0,0.0,0.0,0.0,0.0,0.0,0.0,0.0,0.0,0.0,0.0,0.0,0.0,0.0,0.0,0.0,0.0,0.0,0.0,0.0,0.0,0.0,0.0,0.0,0.0,0.0,0.0,0.0,0.0,0.0,0.0,0.0,0.0,0.0,0.0,0.0,0.0,0.0,0.0,0.0,0.0,0.0,0.0,0.0,0.0,0.0,0.0,0.0,0.0,0.0,0.0,0.0,0.0,0.0,0.0,0.0,0.0,0.0,0.0,0.0,0.0,0.0,0.0,0.0,0.0,0.0,0.0,0.2700708974303659,-0.0013264547830106883,0.021157352549076858,-9.97728643838861e-6,2.343236520682187e-8,0.00023172945697863304,-0.020476219020530918,-1.5921139454606322e-6,-0.00013617282047839526,0.008453348893141572,-0.0008817017035293754,-0.052537469448397656,0.00032561391300992254,-0.000917830763251598,0.0042523387754190055,-2.4842693006170475e-5,1.1468264368659351e-7,0.002635001987233992,0.0004773091096902733,-0.02093431718909495,-4.757028828770708e-5,2.3708459298513135e-8,-4.4824774905938146e-8,-1.2636167523430253e-5,-0.020922147602475155,-9.893280639898955e-7,0.0024898944097551494,-0.007628509602058017,5.637208534117766e-5,-0.0003311292241324715,0.08914722477416444,0.0040996508116688275,0.0002868551090470412,2.1512298730439497e-6,-0.00026311754868605763,8.780794405921475e-8,2.4868324805667225e-5,3.400441055473833e-5,5.9960328812642704e-5,-0.0099421796741185,0.0033294887678086567,-0.0376257634611869,2.771461423181205e-7,2.0960832945794226e-7,0.00010312046953724481,-1.3602490495520361e-8,-4.060659104199227e-6,1.983885198883061e-6,-7.937101714576088e-7,0.007521093526068131,-0.0010798339419637005,-3.255964065571775e-5,-1.9058868124534908e-5,-4.4980518790792026e-7,-0.024968495654801814,0.05703303074935512,0.0038035087583949624,-0.00019484164160996547,1.049126192595755e-5,0.0014154131218334916,0.00986648435283284,-4.0508350190862554e-5,0.00034029146508461356,-6.200162575137786e-6,0.021415556551790862,-0.0003970428919206222,-4.63728083908144e-6,0.0538665568861679,0.0017691234353650438,2.547066855888199e-8,-0.001177130575108229,-0.012757102133796975,-5.033897023625614e-5,2.6537484734858667e-5,-1.1125996158563286e-6,0.0008769071471609034,-0.012946202218012785,0.002050134065771642,4.6243874084311906e-5,0.0017734222387797139,-2.7440684707685157e-8,-0.037968872514664416,0.00011260134523708176,0.005492990071612604,-1.8965781044102623e-6,-6.747250612941222e-6,1.4488292292703933e-6,-0.004895768788721299,0.0002960963572257319,-7.392911946539589e-5,0.002465259037053233,7.752105193934862e-5,0.002351008422769975,1.8398556058342565e-5,-1.8848499940893186e-6,-4.8670634202247853e-5,0.02297545047823905,0.0005534469665869685,-2.1612222551319753e-8,-1.946761727676834e-8,-2.1778021072805736e-5,0.01545892012190652,-7.087942538088088e-7,0.0005774058229088784,-3.3979297208172003e-7,0.002494458009093862,-2.0999588932943752e-7,0.03712380884428989,0.0038558550781870966,1.1888898312010808e-6,1.4778362232422309e-5,1.8600906229201674e-5,1.3120357256545195e-5,3.367072206595254e-5,0.00022257475538363023,-1.9415956987517497e-7,-0.00036351993763581326,-0.008571570547622585,-2.299989730498854e-6,1.5751868665817153e-9,0.002248988601854933,2.3520809499060544e-8,-0.0011413142466436491,-3.3140924543984364e-5,0.0003630656534408997,0.007925531480110886,3.955122678029738e-5,2.6765925608950152e-5,-0.000754605517996271,8.274180601175074e-7,0.005483407810909202,0.011142679610175048,1.3250315634090864e-5,-4.5337898744709476e-5,-0.0013193938160964067,-0.005395743192241663,-2.5606518967306932e-5,-0.0003395352722408661,-1.6118047739647044e-8,3.917511546700981e-5,-2.1507230106087534e-8,-1.109674511899417e-6,-8.91647489710159e-6,0.01490997412657784,0.0007852395131169949,1.3086104551235267e-5,-0.005396067662176961,-1.9399286037878787e-7,1.5523601444590792e-7,0.005586904725221141,-7.763359472936789e-5,-8.125269546208109e-6,-0.010490855735547968,4.214276654668811e-6,0.00021487294927789456,-0.0181049123547154,1.5876957844665754e-6,-6.59147725298168e-5,0.007702854424332073,0.0015695109971048944,3.998191480681977e-7,-0.00890773184801218,-1.9772848163805236e-8,0.0016032752884472706,1.992697658607255e-5,-3.18131448449351e-5,-1.5245639928181248e-5,1.0000344587219488e-7,0.011981784299132244,0.0019388514042630877,0.10991131414512394,-0.00011917441005880684,0.001542459236473472,1.5451645444231927e-7,3.808845462991276e-6,0.00030846732837324953,-0.0018768751998028076,-3.613473549823435e-8,0.009732748646949615,0.01709944670622172,0.0018341069339082117,-0.0020397871399724828,-6.769497178375433e-5,0.00018255837656719633,-0.0011933175701656245,0.007146579630629386,-1.2868216278766234e-5,-5.76416159159579e-8,-6.0605985054597705e-5,-0.00023107011358570955,0.0173749245070705,-4.184099916281347e-6,4.21958717232257e-5,-1.7715332606957454e-5,0.043773043877817705,0.0013396095620633024,-0.039950174364033454,-1.083543476547203e-5,-0.0009198562734466354,-0.000991947303415729,-4.2460092286407815e-5,0.004131744529133709,-3.440849032589426e-7,1.476064751148953e-5,-1.6943606908740221e-6,0.1701243768047322,-0.00785079472622378,8.640681366091511e-9,0.00648477779779598,-0.0003472474748999721,0.0011713177838567632,2.8669365079753704e-7,-0.005757559867521332,-2.7641076879638483e-7,-3.680233253796018e-5,0.0019614226512739506,-0.0009422172237757964,7.76032675958151e-5,-9.410148441195988e-7,-0.00011279335361031925,0.0001657659541827273,-0.01621681633135422,1.7520425058596026e-5,9.925928300674783e-8,0.008695315533994174,-0.0016757638247857736,1.2748735619136826e-5,1.6164564348913836e-7,-5.641812815945195e-6,0.0039120022722115375,-0.025976515107756323,7.3192817820098134e-6,-7.873811661555418e-6,-0.0011384579995385386,1.4272771958254747e-8,-7.184986117990607e-6,2.0416377652591317e-6,0.005766213996986072,-0.010214478828129783,0.0018199156504310919,-0.0001451295705324343,3.736831822663679e-5,-0.0009599039503901328,-6.235872756158761e-8,-0.022444124730063703,-7.698505061227221e-8,-0.0011953473940146413,1.32424608634532e-7,0.0027655705928989176,1.400949093037814e-5,-8.623568924302735e-8,1.0663273494346325e-5,6.191153515315968e-8,8.90527814630113e-5,2.8661027400575992e-5,2.958298752811189e-8,1.1646101814098401e-7,0.0010301515661765323,-0.003248318585092963,-0.00043553954726656847,0.0057101390587881,-6.355087514960247e-6,-0.00021567453654489194,-0.0001941256790488073,-2.7108103457857975e-5,0.04265826828895326,0.008392555741790918,-1.0445990725456239e-5,3.761519774676751e-5,-0.003909488662166708,5.483651813394755e-5,1.2634967236294914e-5,-3.352646421296902e-6,-1.898555882122771e-6,-1.6374021143109488e-7,1.826441113348235e-5,7.619746514749852e-6,1.2902925901635164e-5,-2.858062278983071e-8,-0.0011559932846692028,0.0012216098865200236,-6.197601153003492e-5,0.00496639076395182,-2.096812353476294e-9,5.1844209067237126e-8,-1.8180342726729246e-8,1.1383224852676971e-7,-3.0280265349055454e-8,0.0026722242821215505,5.1260695444924705e-5,-5.603382195257526e-6,-0.02186314379078453,3.2680870172882334e-6,-2.63483690526099e-6,0.0001503553171738609,1.2234843596928254e-6,0.0002737245062332977,0.004195488172591744,-0.036116841619911653,9.919931310766052e-7,-0.027170914567954174,5.969757479013069e-6,0.00021834335984462794,1.9890205285406366e-8,3.601820684225703e-7,1.6718600115282593e-5,0.00013484725394845323,1.5959066107704674e-6,0.05208128552057813,2.2203665026023393e-5,1.0632203947246006e-7,-0.00012538051446794488,-0.010534404157877797,0.0001727727591794853,8.58205572427634e-5,4.074194717352526e-7,7.054920635022006e-7,0.0024681473223094586,-1.5013191363549127e-8,0.1434843689177439,-3.439495396981058e-8,-0.003273377481069486,-1.2086292221722933e-7,-7.359816754706174e-6,-6.7797547878864855e-6,-1.761488113940688e-5,4.2431197906643636e-5,0.00038469065330978624,0.0023021074294667146,-2.8480797837381273e-5,0.0015708181936779655,-4.202697663395409e-8,-1.0835820689984877e-5,-7.934034106400517e-6,-4.789783442494438e-6,-5.127899851300144e-6,0.00022810083578713987,4.6746385462406675e-8,0.00016099809981499883,-0.003372920321053969,-0.0003030673842624785,-7.812981852847031e-8,1.0192187457870025e-7,6.349873320306072e-8,7.738964357040935e-5,-4.113017352309616e-8,-7.659226170514472e-9,9.543915814069138e-7,-7.209128888090058e-6,1.72152308529816e-5,0.14479913140995204,-0.0015559433451605327,-5.645380552788042e-7,-5.503969878039124e-7,1.9976872527148637e-7,-0.012368128264529077,4.1384884569674454e-7,2.01772116709836e-5,-0.005307995551985443,0.0023555075201889316,8.908251944920726e-7,0.0014061613916496124,0.007280950054758679,-5.589500587558855e-7,-5.14465263070932e-6,0.03065260029374067,0.004891508568446493,0.0019797473226902122,8.123951659036467e-5,-0.00016724108639740772,0.0016139936087581745,2.1599387941111264e-8,-9.3222091821463e-6,3.7363531744876587e-5,0.001431447133217934,3.969062462741135e-6,-0.00048416514458652336,-0.006799366234002433,-0.00012200838609422036,0.0029945366138556338,-0.0070287502855948735,-0.024134523000234467,-0.0005409862902439849,6.025700751140896e-9,-0.0024858193237594296,-0.000342433921110691,0.0004590763286481082,3.3629436952327015e-5,-0.001457948751632275,-4.287040087720653e-7,-1.1376236342704053e-5,-0.0005059346606036643,-0.0002504507373840166,-0.004705207581574873,0.15566757363813535,-4.12935954901593e-8,-6.766488711545209e-6,-0.004037818810692566,0.000216502426379204,-0.0043239889051995585,-0.00038226559054520124,-0.0007861166544042,0.008645227157016763,0.001295300865678442,-7.871103556434819e-5,-0.0001557095720900321,0.00023415348595532223,8.84811441005742e-9,-0.000709754154557271,0.0011097920392260075,-0.0007492462296809044,0.1187590233938146,-0.00018980843329306259,-0.0006843111529566063,-2.2409168858903275e-5,-1.2164536866109819e-6,4.734026256816722e-6,0.0014275126944345812,-0.0019006467320708278,4.515869368505535e-5,9.158831410513419e-5,0.00228578352106181,8.231718541256849e-9,0.0045608580127522525,-5.511715035147957e-6,0.0013112897696302014,-7.868914827390585e-5,0.00022144146552772993,-0.005279725560630518,-0.00019004134587608624,0.0047476703896453054,-3.0904149716268824e-7,2.3069824374132762e-5,9.19350531965006e-7,1.4055942762569882e-6,-5.229390139118368e-5,3.0294079411976327e-7,0.0026115039387972915,-0.006702873595226171,0.019465170652694114,2.0436459838301275e-7,-5.686621357678906e-5,0.010726087777894293,0.00041388614904797034,-4.152240026450356e-7,2.1223524476268025e-6,0.00020916512030318672,2.2376312121607374e-7,0.013331239939934356,8.689502955508614e-5,-0.00529856592173316,0.0005589223644618084,-0.017672505876978637,0.0002912102017273362,-0.01520031873381023,3.312298410124081e-5,0.0001498000549542845,-0.0036744403139083864,0.0011740045806378052,0.0014144694419339515,-5.7802473914423576e-8,-3.118630731313843e-6,6.177608400444257e-6,6.6906372061329465e-6,-0.02244236376645417,-3.28476426513015e-5,-0.0026597386507629744,-0.033760373279048794,0.018942872170519254,0.03087279548796914,0.16412683423945046,1.3563856691800365e-6,-0.002741532463172512,2.5205537676693157e-5,9.007759005370619e-9,-0.006255796004535384,0.0017581766399601979,0.00010032463921240955,-4.29938390510604e-5,-8.227560289415664e-6,1.982092714255715e-5,3.930127591648035e-8,-1.0905686880732251e-7,5.794226947321013e-10,-0.007516210812292202,0.0014754424546826936,0.0023208098893110446,-2.2585429447793924e-5,0.00021197243642067425,1.4623175268482446e-8,0.0001291805823523367,1.2186424386205233e-5,-0.002572822832090911,5.065963558758945e-9,0.02037436952981158,0.0011886299789359454,-0.0013655086863512442,2.199592843484999e-6,0.011436007577673275,0.009530807490589429,0.04767875009966604,-2.694604981054535e-7,-3.0858383847394573e-6,9.986982326353406e-6,0.0010670853685469392,-1.1124432498951694e-5,0.0021937158696211665,6.073822521064223e-6,1.104467962049324e-6,0.008525275341885892,-3.222870032870799e-5,1.7040102751005485e-6,-0.0005705752775496992,-0.00029176845187373394,0.0014134508565625372,1.8391915203655743e-7,2.1849942572655605e-7,-0.033955873188575215,1.1360236178009012e-5,5.710678797784824e-7,0.000940984018156799,2.2281946390740542e-6,0.009097403562786231,-4.204390826199795e-5,-0.0001478241493046417,0.00294156268202308,1.5178811396879216e-7,-5.615596924815361e-6,-3.3797782086097706e-7,-2.694409111895624e-8,-0.0006583900572156798,-5.0418195600329984e-5,-0.0008948680010077017,1.8224572972778197e-6,2.4849793115397005e-6,-0.04299535294377536,0.0002597269285229555,-0.00034849992838349974,0.00452158717622834,0.0037380134227572343,2.426304242443036e-7,0.0015973202241352596,-1.5945053996795982e-6,2.6595848219502485e-5,0.0021001349062060412,-0.03273344268352283,0.004444849904602627,2.823574712538056e-7,-0.00032601049706363624,9.493755093738645e-5,-0.016595876316462976,-1.222505183219944e-5,6.432773412707788e-5,0.0029743403382411315,1.9380734540199876e-7,-2.669258521458375e-7,0.002195489521245388,-0.05688210953195893,0.026951467568418756,-0.0028964233285406907,7.881239240809963e-5,-4.040074031890528e-5,0.001565056302486898,-1.0194279153558199e-8,9.877250417273677e-7,2.8928163482671914e-5,-4.3946600622429175e-7,0.08119019197312259,-3.69679568914084e-5,-2.680127390844746e-5,5.7679865424407404e-5,-0.00043597862407101346,1.640123917445058e-5,4.629557592660477e-9,0.0012741093134084917,0.003275253778462632,8.018262060485942e-6,0.14040051741586446,0.0063373035790683235,-0.000329070495797003,-4.634404745363978e-6,0.006782057251153119,-8.235716191426398e-5,-1.3207353590742116e-5,-4.028714730830612e-6,-1.1649943097249441e-5,-1.2713963694205712e-6,0.0034400568787930777,-3.175626700445821e-5,-5.180930614117009e-7,-9.741546500329122e-8,-0.009452740732231847,-0.010596696235388007,1.5495781427983325e-5,1.7179436676245334e-5,2.393115379942697e-5,-1.8589393712953327e-5,-2.0295819480819694e-5,0.0001259673900905939,-5.95000474892043e-6,1.7197612093278696e-5,-1.0321514223761443e-8,0.0022846142532091255,5.701010086719793e-7,4.9101546380037515e-6,-3.4335790158034213e-5,6.571263224706845e-6,0.002225643672428796,-2.1854415791037364e-7,1.7534343856584716e-7,7.773025373765772e-7,-5.191468907161755e-6,4.809978790945916e-5,0.006374354845739895,0.0003365446660261377,-2.097425851348148e-8,0.025625818452603658,0.0002936683486867967,0.00022192850961039214,1.492995129003471e-5,-0.0005983829920300873,1.2002092122819084e-6,-0.0020938619013679007,0.0017621989674282998,-0.02799839707270801,1.214767815830994e-6,0.007626719781118496,2.1334978351859888e-7,-0.0008526570957740373,0.008283970416275755,-1.1151513464820896e-5,0.013625581607399668,6.853081691660367e-7,0.0010069342292734975,3.241784568695865e-8,1.250695295598608e-6,1.4599189960805812e-8,0.002491312018180049,0.0014750568228879277,-0.0009163893893111968,0.0116746050185909,-9.868277812945064e-8,-0.0015072378636174857,-3.22255868956146e-6,-0.0012085667401774138,2.766596924608782e-6,-0.00028919681302429874,-0.02459285472069276,-0.008327526299553774,3.40074576671523e-5,-2.5142409787838646e-5,-4.021094244930998e-5,-4.811083366370908e-5,6.151502942467204e-6,5.545168118257397e-5,0.0007759584896920667,-0.009124070035247856,0.0018806814824859372,-7.1845563577429095e-6,-0.00359617700466848,-0.03549448783740999,0.002333737989958744,3.460423194655576e-7,-1.5708103854176524e-6,6.0810716598362676e-5,-5.118926309497173e-6,4.262737248316472e-5,-1.73036571264027e-5,-0.00021467089994602761,0.00016271976410420067,-2.7810792940641212e-8,0.0001343873719030886,1.9799122912910757e-5
0.0,0.0,0.0,0.0,0.0,0.0,0.0,0.0,0.0,0.0,0.0,0.0,0.0,0.0,0.0,0.0,0.0,0.0,0.0,0.0,0.0,0.0,0.0,0.0,0.0,0.0,0.0,0.0,0.0,0.0,0.0,0.0,0.0,0.0,0.0,0.0,0.0,0.0,0.0,0.0,0.0,0.0,0.0,0.0,0.0,0.0,0.0,0.0,0.0,0.0,0.0,0.0,0.0,0.0,0.0,0.0,0.0,0.0,0.0,0.0,0.0,0.0,0.0,0.0,0.0,0.0,0.0,0.0,0.0,0.0,0.0,0.0,0.0,0.0,0.0,0.0,0.0,0.0,0.0,0.0,0.0,0.0,0.0,0.0,0.0,0.0,0.0,0.0,0.0,0.0,0.0,0.0,0.0,0.0,0.0,0.0,0.0,0.0,0.0,0.0,0.0,0.0,0.0,0.0,0.0,0.0,0.0,0.0,0.0,0.0,0.0,0.0,0.0,0.0,0.0,0.0,0.0,0.0,0.0,0.0,0.0,0.0,0.0,0.0,0.0,0.0,0.0,0.2688069898386309,0.0004468563646665939,0.0013681620314085839,2.0000553877084413e-5,2.902942668175682e-6,0.0011902926538040692,0.0002574203550032196,-3.643035887938974e-7,-0.0017682046076093422,1.9246331141977867e-6,-8.640192603835078e-5,-0.002807319112882471,0.036863182045578466,-1.4836117044363232e-5,-3.10624469070771e-6,0.002998599571024667,-2.844972082932197e-6,-0.08613529628199763,0.0012740657364931063,0.01660972023779786,8.38611677574579e-5,-3.0023047882298123e-5,0.002400630226954072,-0.0014041335303484155,6.53330561252233e-9,3.9663594019619866e-5,-1.790129955980269e-5,0.025280348433058535,0.008862339337803346,0.00040315851417616197,0.0005252044727349177,-0.06266979941059635,-0.0006131297743983779,-1.1780266614613583e-6,-3.792884557259313e-5,-2.3667595833251847e-8,1.6088270888903059e-7,-0.015325552764930707,0.016037253179575866,4.3004788979264225e-6,-4.874720380914125e-5,-0.00048192832308930754,-5.001260094521963e-5,-4.134427429409845e-8,-1.666676177802913e-5,-0.019674206879132853,-0.0008815341644251117,0.0018883209949321063,7.0733290499509244e-6,0.01831012728221561,-2.2692288089617037e-8,2.8618916110958205e-7,8.555677166347592e-5,0.0024489790682029103,0.0003049409960277044,8.689602153570417e-6,0.05731606388909668,-0.004740959332321832,0.00884932859131452,5.581060146322222e-5,0.016074885977270425,1.8563264322864774e-7,0.00020759263263486923,-0.005505795228723685,4.6543197492410487e-7,-0.0008416693186462228,-0.0010645392906424272,3.1016825889980422e-6,-3.526880098440253e-5,0.026266003675977565,-4.5881632732720856e-5,1.1359978638120867e-6,-0.008252235522459328,0.00011343781236552497,2.2576206758815972e-5,0.000460212924672399,0.003349851628367738,0.0015828371793985213,-0.0049263032657971325,-5.403266236404159e-6,-7.836708220359476e-5,4.861350095716361e-7,-0.007789438050192598,0.0010232525659931806,3.381137514872809e-8,-0.0004675679790174311,0.001499834008992005,-0.011530626892092782,-3.3733907114456454e-7,-0.03873029965209227,-5.96013653646396e-7,1.1029692029025678e-5,-0.00399338760713545,0.0010708007683471843,0.02025157547540051,4.109398662516637e-6,3.523077737254747e-6,-9.607769717262423e-6,1.890593895598756e-6,-6.044515856628021e-8,4.866534922850466e-5,0.0023049548390089167,-1.1520626060432032e-6,8.0586206755094e-5,-0.002224568017961006,-0.00021894505770249438,0.0005048323396874005,-0.07875667411761725,-0.0007590404203060452,1.9776218440097353e-8,3.16619057149762e-8,0.010614320427578948,0.024773212519192022,2.5580424639362318e-6,7.022604090397136e-5,2.2035707223463002e-7,0.0025236602244678424,-2.9129006002635107e-9,5.634592128578111e-6,2.904267455838669e-6,3.2757492362532825e-6,-0.0001286233160677875,0.021051231955660724,1.279426972448486e-6,-8.858822725610565e-7,2.8829106568675478e-8,-0.00634461033545647,-7.552311719567443e-7,-0.000472601286136148,-3.624033538856548e-5,5.152896367633207e-5,0.003029912945470838,-0.0010087156886215301,-2.430314147788463e-6,-0.001116427575502208,-0.0014685499998793204,0.006953025220438706,-3.159788846346045e-5,-4.69878324556788e-8,1.511900365142659e-6,0.00018918811653897833,0.002169691132822565,-0.00633823761492304,1.795219395339999e-7,-5.801216651726008e-7,-0.00042458904127019463,0.00015365978261954643,-5.7427752720916614e-5,-0.0017354463181987088,1.261256091220506e-7,0.0003330427898052088,0.0042067682579095605,-0.0006678438998129554,-0.03649827524323233,-4.373566605285622e-5,0.0014810502903352125,2.63663379042434e-8,2.3315583119822278e-6,-0.040046203946757786,-5.5618449807544966e-5,-2.11094647354458e-5,7.524955379389415e-5,3.430292746863512e-6,0.01735522484144913,-7.038154602498287e-8,0.004406849331215944,4.097194374072939e-6,4.82122646143569e-5,-0.0037128962106447133,0.000222589397407534,3.921053726384032e-8,7.551176874721508e-8,-4.332912618697043e-5,9.656300299040243e-9,-1.4972332574982995e-7,0.008050816656644881,1.037231470449321e-5,9.532184565201334e-5,-0.00021408729047993566,-6.434379272416369e-6,-0.0006339791666044303,0.022204587357871407,-0.044186997153024966,1.0795266433049602e-6,0.00022796228333138037,1.0740301285873433e-7,2.884432065407977e-5,3.3814730226273235e-6,0.017384755493847062,0.0006804176673134954,0.001246119960871163,-0.023018788248092687,-2.5897618442138492e-8,-0.000863405541562773,-0.057569602277887925,-0.00010285060579705716,0.0025670579650315757,-4.969990884281675e-6,0.0014779373145934853,0.008430539735997222,1.7250014898208127e-5,5.611326743323242e-5,-2.222324455576877e-8,0.000566307318483867,0.0003022050173399633,0.00838114207758897,1.8348571773349374e-6,2.476766758770851e-5,-8.796779165955166e-7,-0.0036051604721830514,0.0004125004844340192,-5.884388886917177e-6,6.790119899988305e-5,0.008328688110214403,-0.0027428075563749937,0.11019579932186571,9.920640408535753e-8,5.7408156833942185e-5,0.010336484330456064,2.1353038637424515e-7,0.0001812853415694215,0.003358005729322144,-2.196616708307931e-5,2.8596256078511808e-5,0.035048651759326116,-0.001629493285019652,-0.00021538495041216772,-0.004082796181223507,-0.0004644851270376466,-9.823340103391034e-5,0.01756874069171088,0.007564305724642875,-0.0016932793719641685,6.986079870970844e-6,0.0022890309892645106,-0.00015493190697921593,1.606218913431316e-5,-1.9967545093138013e-5,3.443683644432302e-6,6.286909114393569e-8,-0.038804138584046625,0.03524708454264172,7.135721332916251e-7,-0.0007774326937856565,-1.4197519512109955e-6,-6.826360064124298e-6,-0.0007343005349301106,-0.005209669466712274,-0.0008193749877905159,-2.4752391044565025e-5,-0.005123274800850413,-7.14457395376658e-6,-0.02886781126163241,3.2979214324155677e-9,2.4179768380224774e-7,-1.7682318141688318e-5,-0.0037855001665318827,3.0922240304452206e-5,0.03225846604449904,0.0007977078945389555,8.282411494733382e-8,0.006201086108974543,0.004178465155461844,0.0029269535889353995,-0.0005518542452339918,-0.0003307331812134474,-1.629567431001127e-8,1.0872039875404414e-8,0.0104105625250406,-2.8709983286815974e-7,2.717041317921209e-8,-0.0005061002047562229,0.0003268009591825143,1.8174100633575114e-5,8.121626101765174e-8,-0.0029444913850372764,1.9439878252098852e-9,-2.7772318852432554e-6,-4.430329419449428e-6,-0.0012663637588969118,-1.951608104110237e-7,-0.0007791805299298221,-1.745824971831437e-5,-2.12258361941825e-5,6.394128001375425e-6,-2.2314914249629422e-5,4.091850427930291e-7,4.753172497793931e-6,-0.012409039885631898,-0.001220317943032612,0.0020089487942650942,-0.0004457808174149348,0.0012278639028051013,-0.046257122110043195,4.0174677898407163e-8,0.01035843138721829,0.0003830268020220801,0.0021881771441076715,-0.0004764968596283289,-6.056940792374025e-5,-0.0024428932576735485,1.268773336202797e-6,1.9941773137473754e-6,-6.199335854762329e-5,-0.006864859077968292,2.2008608384292088e-7,-0.00045198707282893304,0.00027436438502813587,-5.6978997518458775e-8,-1.7328479370368247e-5,-3.1329148397762923e-7,5.050700484563724e-5,1.1252185907273255e-6,-0.022329709117438475,-0.00010236005780330351,-0.0002420782361521925,-0.06735551332331191,-1.2810167142125613e-5,-0.00041348320776456876,-8.864899093949692e-7,1.812091170203981e-5,7.729076605582876e-5,0.0023951446788636438,0.002077619407081169,-1.2878051649239436e-9,3.793948812584979e-9,6.3641451009846075e-6,0.0007158453474523324,0.013779072564974185,-5.053958736887626e-5,0.00011687757508551684,-1.2961183629167373e-7,-0.012323830429644663,0.001389361719662319,-0.0001573716203047594,-1.5340422989883798e-6,-3.3138865282807604e-5,-3.2477205953942734e-7,-0.003916128215066291,1.7574976773295965e-6,8.433546206912108e-5,-3.52239022929471e-5,-3.01337868282073e-5,4.0713448910674044e-7,5.116930922544527e-7,-2.9885342023819656e-5,-0.0003730180838355346,0.0005962206714664283,3.7157072985235296e-8,-0.0005482942301222576,3.592396752978539e-7,0.00019158227560598856,2.8803358458692865e-5,-6.214401828790754e-5,0.0005958490489088558,-0.0005178145858740798,-1.2759511358421232e-8,-0.0017411937196204846,-0.0008362350266014687,-0.00035526859189116434,7.09351141783064e-6,6.641136667567468e-5,0.0006885633730377941,0.0007670696373208282,-0.005313671434995555,-0.009400938938138134,-0.0036321482621957404,0.01791371056408935,5.3640950446094625e-6,-7.057392908563064e-7,3.1332164584137334e-6,0.0020868478919417797,7.254381961518872e-7,-0.03640945478119075,-0.00043184805308792287,0.06738728796399568,0.00027833383589027434,-0.016061558430560233,2.9454005289425664e-6,0.00014642142928115792,1.9354252332371058e-6,0.0005396367897497717,-7.932129252365246e-6,0.0016467116304984032,0.03436401702015403,-8.9847131065011e-8,1.9292446846480564e-8,0.029301275136040857,0.00017616791967039707,4.067625234652166e-8,-3.045803654921583e-7,-2.10525605170802e-6,-1.873630260362695e-5,0.000321969136260503,8.085738936366807e-5,0.001203560807340218,-5.092598824925628e-6,-0.021106114363806966,-7.170991587543041e-6,-6.214641223688361e-7,-1.116287473557122e-6,2.75145390963912e-5,-0.0595754065873946,-1.5453812003880432e-7,-1.7121575086543439e-6,-0.04608437718515697,-4.563778421910095e-5,0.18282223835421318,-0.0043188893306185085,-2.1157578857135733e-6,0.000540184251505289,-3.8264785281969866e-6,0.0185915776328503,1.9287646232251052e-7,0.005871222218759341,0.005959525510457701,6.251981746326473e-6,0.01613425011588696,7.917017152067166e-6,8.045374465490834e-8,-4.6464208583292055e-6,-2.7751997689081817e-5,1.177358808597214e-5,0.023026189028233727,-0.05087877148215516,9.611368421673904e-8,2.2008239254944943e-7,1.115649131060075e-5,-6.596537778613501e-7,-0.027141851546358203,5.253277966371399e-5,-4.557846423041658e-9,4.9128613750583526e-5,-0.0004601915865478228,-9.413517505468233e-8,-7.290997964799855e-5,-0.028346036697534136,2.7207150028948295e-5,-0.00011401481562730328,-4.9621916508155676e-5,0.005153401549642889,0.00040932249898180655,6.898860656618677e-7,0.00011111112934801989,-0.000734118131304317,6.502620720231454e-7,0.0006522380192842182,0.00030002266397342447,0.02651340211228119,0.016788791540367384,0.007618477326779119,9.608642591984415e-5,-3.654706884897689e-7,-7.60411023106623e-5,-0.009455987352816823,-0.020644958481385377,-6.682441822033667e-6,-2.9544152854559297e-7,1.2900311642743435e-6,2.5380341588041914e-6,0.001601164013584131,-3.536896984665209e-10,-9.595392415493314e-7,-0.0004504844013111318,-3.127004301309172e-8,-8.988069968301551e-6,0.0007719622196616974,-0.007539433945448349,0.00011755539163561097,-0.0002701093534754989,-0.00036249747807286497,0.014093329607710552,4.20719338650831e-8,1.7691867485564035e-5,0.0022048514756774335,-0.01822591171954793,-0.031586740211130504,0.0207671751365092,-1.979953942307667e-7,1.833554892372027e-8,3.909956589436427e-6,6.262857953125224e-5,-1.2642284597738376e-5,0.0026457065731438855,1.4438093177248417e-6,1.856359069389792e-8,0.008751886316830514,-0.03239507381707356,6.6743348063436786e-6,-0.03991922581976164,-0.0026315196795824473,-5.603177169197789e-6,2.0766013538663104e-5,0.00010310060198212766,0.0062403897623291545,0.00879380624477737,0.0006845077071197482,-0.00021835189382145604,3.338365913790997e-5,0.00033608263648576765,2.6519784363608712e-5,9.767820669648997e-9,-0.004138535686842929,9.154578887746046e-7,0.002260952272755657,3.715172161531347e-6,2.1306691494410512e-8,0.0021467783320153295,-0.003153396298459704,0.010637060711099008,-0.0030007199973142488,-0.03705937412230374,0.02707936221667714,4.722946515274603e-6,2.0326104072342905e-5,-0.00036077176280715925,0.0013519178162962958,0.02090577533241619,-0.0007618158753631743,-0.0016014652025139948,0.0011606295366837762,7.80202107170711e-5,0.005144997931774425,6.8573684245411e-7,-0.002633493161397642,-1.5246187057891801e-5,1.2217933214424726e-7,-0.0004131439855382896,-1.2629974695686785e-6,0.017796378714161783,-2.656751350289406e-8,2.896969127138e-6,-0.0007071059141838447,-0.0005555066356958074,-0.000104781075727171,-2.13636179146948e-8,9.482555916657786e-7,-3.423053859363628e-5,0.0005507737849351347,-0.00019507221795169566,-0.003774667622804273,0.0007090246606704838,1.3870473849776593e-7,-0.04932350110330278,-4.011376049994127e-5,-0.000987314843820087,-6.0594588442041035e-5,0.026643838392282064,-5.412694043845562e-7,-0.0015676431344336867,0.01904390500983798,-0.0020784437927144385,9.873012758079383e-6,1.0816236337056636e-5,0.00232705208004356,3.889550200872008e-8,0.002077700799219365,-0.005720088602255342,0.0006158564275074685,2.786324112645519e-7,0.0016852079984688469,2.7175333993158043e-6,1.3816374906092603e-6,-0.00031702629249329346,-0.0031921932283116307,0.00018516600654249697,6.639943013422934e-5,1.2211975103612779e-6,1.4726822144580885e-7,-0.016005323113627883,0.1398810317394078,-0.00391711075333305,-1.982806569066234e-5,2.4590067881392613e-6,-0.019896851995663115,2.357327139770068e-7,0.000545611469142626,3.866969223370447e-5,-2.4618961919411404e-6,0.002057019328606263,5.142196426839648e-5,0.02493713957730827,0.004962942097887982,0.0009351429566056457,-3.475229908367318e-8,0.0002087757464907813,-0.010486248118254953,0.006291949894495059,0.00013700132399423507,-2.2623759014619216e-5,-0.0004059983985979547,-0.0004234636276773921,1.1157785388978264e-7,3.3776071905408876e-10,8.504304482881642e-8,0.0064612846365469856,-2.4083894289317126e-7,-0.01995927100621959,0.0008188269408669131,0.002251021618197195,-2.6616239423222405e-5,-0.08642947911739504,-0.0003534961874020062,1.2815406737590048e-8,0.011971238764554063,0.004491429226981348,-0.02830971714749257,-9.074942272451962e-5,-6.535006188396322e-5,-0.00023028583097577533,-2.39453796946914e-8,-0.009999382901492432,-8.86771818207362e-7,-0.00167353219223647,-3.711724754064265e-6,0.0001199179024756467,6.217682445524706e-6,-0.01107461505438086,-2.27011059816334e-7,0.16346462313745386,0.0008705787779090968,-2.5756318014606767e-6,-0.00463947501554178,0.0018611959764553978,-0.0005813267225798759,-0.004584265170223799,-5.706972735470413e-5,-1.2339602315793822e-6,-0.000437536505345102,0.016926060781145957,4.3956040386645414e-5,-0.00023154559068056915,3.6743728793952217e-6,-0.00010741242756573589,-0.0002708650725687762,-2.1141809397218848e-7,-1.4767525550992152e-6,-0.00012247316201086976,0.0005664040136046464,-0.0016108927968409763,-1.7654468732967971e-6,-2.5846380816592044e-6,-1.3511029367348204e-8,-0.00030903471752788213,-0.002034495357637195,2.767529085838804e-6,0.0011356632911805485,0.0040803544573003985,0.0026647651130736576,0.011797679262507488,3.6275389609079657e-7,-5.4494432051786526e-8,-0.000938759830766596,-0.03380785839269457,-0.00251008593858392,-2.0188907253679247e-5,0.0045101783859596,0.003041871392672146,0.0013072727422947159,-5.904088474916314e-5,-1.9770114649728444e-5,-1.4689984355414242e-5,0.0008233344729436129,-0.026624554449696636,0.006273669887766764,-0.016711421637216315,0.003868811875942199,1.827627676821468e-6,6.807199379201152e-7,-1.7058951400489053e-5,-0.0006546611585917219,4.356682391385018e-8
0.0,0.0,0.0,0.0,0.0,0.0,0.0,0.0,0.0,0.0,0.0,0.0,0.0,0.0,0.0,0.0,0.0,0.0,0.0,0.0,0.0,0.0,0.0,0.0,0.0,0.0,0.0,0.0,0.0,0.0,0.0,0.0,0.0,0.0,0.0,0.0,0.0,0.0,0.0,0.0,0.0,0.0,0.0,0.0,0.0,0.0,0.0,0.0,0.0,0.0,0.0,0.0,0.0,0.0,0.0,0.0,0.0,0.0,0.0,0.0,0.0,0.0,0.0,0.0,0.0,0.0,0.0,0.0,0.0,0.0,0.0,0.0,0.0,0.0,0.0,0.0,0.0,0.0,0.0,0.0,0.0,0.0,0.0,0.0,0.0,0.0,0.0,0.0,0.0,0.0,0.0,0.0,0.0,0.0,0.0,0.0,0.0,0.0,0.0,0.0,0.0,0.0,0.0,0.0,0.0,0.0,0.0,0.0,0.0,0.0,0.0,0.0,0.0,0.0,0.0,0.0,0.0,0.0,0.0,0.0,0.0,0.0,0.0,0.0,0.0,0.0,0.0,0.0,0.2670032969142879,-3.523539471024544e-5,1.343428117062498e-8,0.0020535398024068246,0.01996726695801816,-5.196626053263328e-6,-0.00016268893648978573,-0.0010854615722037904,0.003294942840695959,0.02791487692807577,-0.009047186837158215,-0.00017438781786790266,-0.06712868352083406,-0.0014085012914945793,5.527292969519822e-6,-0.008311070497357909,-0.0005462367571002578,0.007323157087469761,2.301547363393949e-5,3.228380123482729e-8,-1.5916721497799112e-7,3.918255974077501e-6,-0.09952017204523167,-4.2323757893401745e-5,0.02492253220646563,-0.002465125193922422,-0.0001392641756240686,0.0009227794529571143,-0.01589401458516074,0.0013946836199189858,5.714695354893394e-5,2.3238777617067744e-7,-0.0009296649232401517,6.432179318144548e-9,-5.448788458540717e-5,-5.0278430193153854e-5,7.678025743166218e-5,0.003975711249484758,0.0039345805178545344,-0.015109762147787711,-7.650635428265872e-7,1.5186066816797465e-7,-0.0026162558840124635,-7.582034733114952e-8,5.986886570467913e-5,-5.291542046328494e-7,-7.238809409250719e-7,-0.06809747843654067,0.0003009785638389879,3.842950377952546e-5,-1.272271478528121e-5,-3.405192492270827e-9,0.004665423164115849,0.11252052391939092,0.002294131842662394,0.00017550137027246628,1.8724438284106465e-6,-0.0016416662938012765,0.008372230930633849,-9.461304462700195e-6,-0.00119474000219974,-2.298731744704419e-5,-0.002957032805968329,-0.0008483506051027136,-5.127621699300506e-6,-0.054833783343673,0.0028431155045771698,-8.371577102201552e-8,0.0006705936285291397,-0.006425704233371556,0.001335558107834177,5.870207893857595e-6,-5.43707693678067e-7,-0.003527777082011248,0.0028414636486865513,0.0006919986425651048,-0.0001613113019511805,0.0007629840780350442,-3.4007138740259948e-9,-0.03463329211414749,0.00019155448431005943,-0.004314647578622057,3.842755331261507e-6,1.2934473255134674e-5,2.0842494131726925e-7,-0.0045611158881988904,-0.00016242029551115665,-3.4177500876627414e-5,-0.0007524119008005085,-0.00028353706557177007,0.0005932848058020817,8.199725697449372e-6,1.448638692143967e-7,5.020726725696733e-5,-0.0021559596969800664,0.0013364964042521332,-2.8111571523567863e-8,1.6144924124510123e-8,-0.00013268297731850847,0.023252324435000242,4.387673447672529e-5,0.000786293106304546,-1.789689921346797e-7,-0.0009038916106267709,-5.766059143669265e-7,-0.0035031307606653754,-0.0011239170009091034,-1.6023578900128908e-6,1.1468761266716966e-5,5.2233484924777856e-5,-1.9064362328676396e-5,-9.21630320864532e-5,-0.005535642502641995,2.620852583613988e-7,0.0006087972892078118,0.003126404578933182,5.453634680854242e-6,-1.6300165434091177e-8,0.011191692872065714,-1.1576803778672092e-7,-0.0015193554059569642,-3.971973468598375e-5,0.00011118875950902222,0.0007672080127527018,-3.285949528997172e-5,-1.084016165758433e-5,-0.001417081477755587,-9.027732329328038e-7,-0.0437832316337769,0.003098495360413075,2.77912824929507e-6,-0.00021916670502291147,-0.000267549452254248,-0.033016327109655505,0.00029544157481795996,0.0003831397219773967,-1.1866694794234629e-8,-9.451280170957422e-5,-3.292308478053662e-8,2.3071401504000511e-7,4.1712520920307605e-6,-0.002216144063674215,0.000552283841196281,-4.399371804436165e-5,0.0061950921357198305,1.7720512266937678e-7,4.88583583329064e-8,-0.006349697146224675,0.00021953515434557533,-3.946369469698139e-6,0.0025971183685879673,2.6282000320443115e-6,-1.9364499618622017e-6,0.0028786220777492974,6.567796490625708e-7,0.00015622208695059537,0.03246651217470007,-0.0006089141700919908,-3.461658701624776e-7,-0.021970013604970723,-6.441468892208037e-9,-0.0012716854817967195,1.0791962174663803e-5,-2.5391788949778166e-5,-1.006029406607146e-6,-2.1473080560490928e-8,-0.011774014253892346,-0.0031153156658993626,0.015102567956051239,0.00017994857841243696,0.0014327279680466057,6.490150812108137e-8,2.397836288015446e-6,-0.0008177456774132299,-6.680019705368995e-5,5.5141541052529636e-8,0.011516892156805179,-0.0035453070645715405,0.0004473058083799821,-0.0023034823223980197,-1.1980562534323782e-5,1.0588284120298368e-5,0.0030872248654206075,0.14212815508445678,6.291635607970858e-6,7.132619395257664e-9,0.0028372657979677954,-2.0201093589860683e-5,-0.006726382556936106,-5.7953039499457335e-6,1.7008873748897874e-5,-0.00011227178418255848,-0.0296975126998058,-7.357015631346185e-5,0.006428439254414913,-1.2015130789994177e-5,-0.0001605810739478587,0.008132715143917927,1.914579983189426e-5,0.010249486907891755,-7.372293147890026e-8,-4.942644891666418e-5,8.026445946225583e-7,0.03646839688407607,0.0027164197276203163,-1.4664809325512209e-8,0.0017005658425396533,-0.000787164683043122,-0.0031130868148770245,3.194927322134841e-8,-0.0011291728046032576,-1.3596736461251264e-7,-3.0649096867398963e-6,0.0003381458606752906,0.00013220867878889578,-2.304354720751863e-5,-2.8342138493063185e-6,0.0005672609494199065,9.962236584616168e-5,0.05714063341178271,2.0318745074020575e-5,-1.4604918132619496e-7,0.010013902692307102,-5.533263113253857e-6,-3.8128693288816254e-6,-8.021762182335317e-7,-0.0001468295447987451,-0.0004103532170189861,-0.0008130918241941455,-0.00013330543679454426,1.0585057521661694e-5,0.000421579066261914,1.497701215143683e-7,1.0756216666461952e-6,4.850551144887871e-7,-0.022286271074892915,-0.023534408481859406,-0.0007400113027121743,-0.00040652775328030576,7.476598657444956e-5,0.00013623398699287023,-7.788130236325626e-8,-0.07607325904561699,7.83858762294329e-8,-0.006114036995943,-8.008245694511193e-7,-0.0016371733947535296,6.163577029338202e-6,-4.70438417790533e-8,-2.4293926347177547e-5,6.978734785912293e-8,1.5007264294221091e-5,-5.351842822323022e-5,-1.8299241240439766e-8,8.375652423702436e-8,-0.0006204670743947896,0.020348789061366557,-3.321117747511068e-5,0.007637996100294571,-8.017384302671823e-6,0.0003568139011320291,-0.00014841400444994286,-5.815081312950644e-5,-0.05460356085166407,-0.005022490047624649,1.444925226162075e-5,-0.00018247460468009277,0.0007399560154616239,-0.0006555427109863971,1.8596544868550025e-5,-3.2786152696416927e-5,-4.5133525992601297e-7,-6.194789670088963e-8,-1.3105582817862799e-5,-4.630491859815233e-6,1.872451512179414e-6,2.6258523206819883e-8,-0.0001675537869390495,-0.00472809459510418,-0.000127207113688077,0.00030435932999765147,-2.6957937670186598e-8,7.409611660220611e-9,2.1816277734784784e-8,4.798567703423392e-8,3.115548759373437e-8,0.007116928207178542,1.0924311277031851e-5,-1.6102439802126388e-5,0.01213512112296263,-6.928188911296227e-7,-2.0138861384573053e-7,6.602782089776453e-5,-8.438791274460042e-7,-0.00018169234169403036,0.0008712270249102619,0.012671392687183081,-2.412738770516965e-7,-0.0018500890754387293,1.6952189626888017e-6,0.0013312462960734035,-6.469801448120525e-8,1.0434263823260895e-7,2.927326009826275e-6,0.00023219829846719367,7.794660566758522e-8,0.1272817546680843,-8.041255443138397e-5,5.3312229978711774e-8,-1.8619587644558786e-5,-0.01801952415276307,-0.0003610899598740657,5.8300800601944305e-5,1.8817814852855043e-7,1.276263234994504e-7,-0.0005758379071136101,-3.3562000283338734e-8,-0.026807149598796435,2.619672246063692e-8,0.015528105501236381,2.3117211031052924e-7,-7.577741347132685e-9,-5.634972109262104e-6,-1.6740323056672443e-5,-4.149170299541067e-5,0.004698256631441533,0.016950793152183466,-3.484622226910471e-7,-0.023935847049563946,3.92401062122475e-8,6.3740157519196655e-6,2.9918182663786146e-5,-1.1857509733385638e-6,-1.4043070051247842e-6,0.000727225425482361,-1.2396827787257617e-8,-0.000319877573717927,-0.000572652831158943,0.0023675746243176287,-2.0287741454100475e-9,7.064058041037336e-8,-1.2652010203475265e-7,0.0002506322485284684,8.62107649660272e-8,8.964530774806696e-8,-2.9854258007533285e-7,-6.825214717692622e-7,-2.2533668188294833e-6,-0.0436288114935396,0.0007673535461379627,-1.1518635429877313e-7,-9.824877841190978e-7,8.355395777675457e-8,0.00839863102195344,-2.808425508578539e-6,-3.921539908838326e-5,-0.05376993571371485,0.0004915835904649853,7.754402440274308e-7,-0.0019561230564443506,0.002504419263527736,-1.5086129325640538e-6,1.8338013437698014e-6,-0.004361553138624573,-0.0074808118320811795,-0.0001000332407396364,-0.0001909912630927982,-0.003180706357138016,-0.005113821787570743,-6.350072216491336e-8,5.097142002399934e-6,0.000671448063464396,0.00011028255505447387,4.1025052931101614e-6,7.713359378402262e-5,-0.0007031165784077966,4.541159545914463e-5,0.0046043448890125144,0.01032086571983268,0.03419575175405361,-0.00030540981913113616,-2.3776430723835375e-8,-0.0013535827297383937,-0.00011943031976223858,-0.0016255021286931996,-4.593848420234711e-5,0.0002772119914744376,-6.155632533622803e-8,-3.691788231469544e-6,-0.0019597922954053644,-0.0010085679744364165,-0.001169247656333636,-0.022355215917165515,2.5709185466294726e-7,-1.3728648303652335e-5,0.002143937914442729,0.00012388489760334785,-0.005776197923843862,-0.0005285744050188884,0.0002402687272731788,0.019388107745473858,-0.0005272643912485575,-5.137325928756435e-5,-0.00041110689705785715,-2.6627080450182192e-5,-8.668916429729447e-8,-4.976848917103757e-5,-0.0038068228424511493,-0.003793013285812053,0.17218819719378062,-0.0010599913506524736,-0.00013592650601978025,0.00024212265367194198,-4.520993967196447e-6,6.040807986325826e-8,0.003935949507020749,0.00022467830513260795,-0.0003190828573712721,-0.00011766901149418935,-0.007761243638840094,-1.0078156449157021e-7,0.0028033810684934117,0.00026450479053540953,-0.0003677154121803883,0.0007108660214265852,-0.0004008443662598836,0.000722291927531658,-0.0012138933305504977,-0.0007285273822626184,2.4617367571738336e-7,-3.33384625322818e-5,-2.0090424878305745e-6,1.4606125575032344e-7,-0.00021217084212612192,1.8823108493789682e-7,-0.0005216424855396659,-0.00023309366253025356,-0.0023054202825361,7.453116547367133e-8,1.4499527198691095e-5,0.013851080206808319,-0.000788838814964178,-1.0750529358685857e-7,4.507500684859878e-7,-6.312758187094062e-5,-1.890920051964114e-7,0.11781270820212617,-0.0001664812575934971,0.002100107679043613,2.0356025055358324e-5,0.03463401780683742,0.0037105606870568653,-0.0010855973162143713,2.2419922398702337e-5,-4.149980185907941e-5,-0.02578833905848249,-0.02098474770680551,4.0488991461097604e-5,-4.831500789870379e-9,-2.327932462751216e-6,-1.1868666281800729e-5,-0.0005500857665204455,-0.052103125880380324,2.9556832630436986e-5,0.006389067568060108,0.004107465885119129,-0.0028713296323592116,0.031282695217357645,-0.023846111827344835,2.9079898684887022e-8,0.002175412209904639,7.165840671604558e-5,1.9346759016979024e-8,7.991637257796776e-5,-0.00041030371174055554,3.4873130090355686e-5,-1.4429571772513418e-5,-1.733076737071225e-6,1.65671832778021e-5,1.526894400528819e-8,-3.373234430198522e-10,-3.9333381278328844e-8,0.0071018582727994176,0.00117283497139943,-0.0005886999213150121,1.4516026352628619e-5,6.307880839833064e-5,-2.4266182567194684e-8,5.6273344715973236e-5,4.269313803546213e-6,-0.002979519585404638,3.274570655074299e-8,-0.009322466160171971,0.0011583816601600687,-0.00012332364185643817,2.269172820817929e-6,-0.0036906486672869717,-0.012884061793751024,-0.007416784796512843,-6.274472119187469e-8,8.497585606336704e-6,1.2632518651562926e-6,9.131148325992816e-5,-1.6220513948511571e-6,0.001881171704081304,2.00506664693989e-5,1.994543667137651e-6,-0.002955297294659539,1.930820692003666e-5,-1.2363617522478165e-5,-0.0001299046458619682,0.0006834509527930074,0.004573813337460209,2.4025000568664516e-7,-2.2872372021416023e-6,0.00570098033058394,-3.525644648938718e-5,-8.110854016591509e-7,-0.001988316660358832,-1.0082968253447883e-6,0.032983286962934844,0.00017242260930904385,0.0007324931526481081,0.0002461490244515929,1.301163049218942e-8,1.74091406290475e-7,-2.9387266660914676e-6,-5.278395139044667e-9,0.0006371962438928238,2.7523259253976574e-5,0.004009877322975243,-1.0867489145806597e-7,1.1152669377209594e-7,-0.001741768538815446,-0.0009210561839937424,0.0007116506945175298,-0.07866377927287437,0.010824799621171777,-4.876994300403469e-7,-0.006857432386805143,6.050368732316729e-7,-6.914963305762653e-5,-0.000719055271539103,-0.013539977856515688,-0.05696311786608598,-2.7296219983231545e-7,6.156519504549928e-5,0.004714314499078927,-0.08067998719219312,-0.00010364882516354529,0.000185677589196159,-0.0008183590265912523,2.897359154586512e-8,3.3728766587379933e-6,0.002166012788518712,0.012742743780502998,-0.004514038849944865,0.004269533523357814,0.000327650321025337,1.736717779261076e-5,0.009889322010687866,9.905534844388073e-9,1.0574788848060098e-7,8.394856069108086e-6,-7.550701701955847e-8,0.025826297773743238,0.0014063968006297397,-1.8913627182781726e-5,5.526756446233019e-5,-6.944158257342978e-5,5.359051351917861e-6,-5.441806949740854e-8,-0.0006623188058309735,-0.0004382083971002168,-4.629375526279399e-7,0.19537966855350936,0.0018637209498150048,-0.0011157772543919045,2.352457897727807e-6,0.025160606485180544,-1.2826292813599133e-5,3.9719926530792055e-5,2.2802843775794302e-6,-7.17876534561256e-5,-9.03221081669801e-8,-0.002635893868222308,-4.181053800703418e-6,-1.7982176476378104e-7,-4.9436605655838736e-8,0.0016961855089203757,0.005744256288502936,-4.7256144344538387e-5,-2.2621122119014258e-5,-1.480884581482123e-5,7.513518711252212e-6,0.00015595981803743643,-8.767924106652714e-5,-2.385559369969642e-6,-2.8791079332233575e-6,-1.0888748450370378e-7,-0.0005563765383686332,-1.3004757847042218e-6,6.101697121089327e-6,3.361978960615511e-5,4.731742588518347e-6,-0.0007058015014043455,-4.5527715028767777e-7,1.4669879695028773e-7,6.794365215677369e-8,-6.223555368316428e-5,2.6639255400763513e-5,-0.030926960623053015,0.0002441887402453124,-3.5518982470850974e-8,-0.0016359976871713146,6.203544560652717e-5,-0.0001276887688787967,-6.818146933807808e-5,-2.1916889949023084e-6,1.565419419577188e-7,-0.0020056210258813088,-0.006277274285417272,0.006639162039202312,2.870653996509777e-6,-0.0036637379641652514,1.42170988575877e-7,-0.0010157988655814451,-0.0019300910109786972,-4.2911858933477616e-5,0.012479820271152433,4.5193406339106236e-8,0.002321763557953077,-1.3688899119840711e-7,-1.2007119867583726e-6,-6.503249076361803e-9,-0.005201123086567957,-0.002384024502064054,0.01259119844817436,-0.0016938959884348903,-9.27769472690629e-8,-0.0004635328142153454,-0.0010127525934761452,0.00013067062242639536,9.87573068092744e-7,0.0027451285663095846,0.011019537998689016,0.00012712701399675763,4.6524924778702845e-5,2.7738460636574093e-6,-0.00031213329597772364,2.5113139568382925e-5,5.80011897047803e-6,6.069169961529145e-5,-0.006512037309153127,-0.000852612279563535,0.00040976567683708267,5.517186809876958e-6,-0.00123163639590819,-0.021535869672679973,-0.005606849465206984,5.512256610884737e-8,-2.873019450287141e-8,1.809094274047195e-5,-4.786650179868632e-6,4.130850772932449e-5,3.9067363872156455e-6,0.0019238467153209497,0.00036457840588864946,-1.1864666785576296e-7,2.3311347276512344e-5,1.3126255160249876e-5
0.0,0.0,0.0,0.0,0.0,0.0,0.0,0.0,0.0,0.0,0.0,0.0,0.0,0.0,0.0,0.0,0.0,0.0,0.0,0.0,0.0,0.0,0.0,0.0,0.0,0.0,0.0,0.0,0.0,0.0,0.0,0.0,0.0,0.0,0.0,0.0,0.0,0.0,0.0,0.0,0.0,0.0,0.0,0.0,0.0,0.0,0.0,0.0,0.0,0.0,0.0,0.0,0.0,0.0,0.0,0.0,0.0,0.0,0.0,0.0,0.0,0.0,0.0,0.0,0.0,0.0,0.0,0.0,0.0,0.0,0.0,0.0,0.0,0.0,0.0,0.0,0.0,0.0,0.0,0.0,0.0,0.0,0.0,0.0,0.0,0.0,0.0,0.0,0.0,0.0,0.0,0.0,0.0,0.0,0.0,0.0,0.0,0.0,0.0,0.0,0.0,0.0,0.0,0.0,0.0,0.0,0.0,0.0,0.0,0.0,0.0,0.0,0.0,0.0,0.0,0.0,0.0,0.0,0.0,0.0,0.0,0.0,0.0,0.0,0.0,0.0,0.0,0.0,0.0,0.2656166133600073,-0.00012843501521050239,2.7457804879398875e-7,5.46886849963001e-5,0.03499375097528759,-1.5613513102565172e-8,9.897941201742661e-5,4.933018429852297e-8,1.1872432432507006e-5,0.000924315886972155,-0.003646330360341203,-5.883476068758637e-6,-1.656316126078148e-8,-0.0031282544575037302,-5.60110767131642e-7,0.003632637742456523,-6.678906911428573e-5,-0.038359964157396724,0.0019689110470666907,0.0009046417237684084,-0.04766444917104508,0.00010136870634030173,-1.1884264099499894e-9,1.580207258545335e-6,-9.87236191822128e-7,0.010259996670350588,-0.005876063104122324,-1.0635312507190365e-5,-0.0006961090354228952,0.014226306897508376,-0.00916526831816466,-3.1262550256728674e-8,-2.8652334978647898e-5,-1.741694821883588e-9,-8.346445647926106e-9,-0.028435683531466433,-0.0005537747518697195,9.748112327157577e-7,2.649193971344285e-6,0.013215455749936435,-0.0013121440278071174,-2.5988027691520255e-7,0.0004973133021511195,-0.0037172623151710154,0.004453628424008193,-0.0022116361033136236,-4.9497209493128684e-6,0.0004130677376415865,2.150653551266282e-9,-2.984518136410105e-8,0.000437050863692759,-2.357724384702309e-6,1.3211405430598322e-5,2.2018974911396847e-7,-0.0005101578993331964,0.005142986644416225,0.0008295517596869607,1.558293820888042e-6,-0.0071698657894925565,-1.0411958905000274e-7,0.03633826891997849,-3.397826207395016e-5,-1.797772094574586e-7,0.04701885851416814,0.0001059832940217701,4.431545808481351e-7,0.0002526381050589091,-0.0003819851868265898,8.289470898009713e-6,6.375611006260329e-8,0.0928471600841982,0.0038854608686706774,-1.707135843939883e-6,5.7943729000085975e-5,-8.610572588331331e-5,0.01663742365634778,0.0011083978663203166,0.00038208939941914273,-5.9592012677816235e-6,-5.070886349440382e-10,3.322615687254532e-5,-0.07203063606723899,9.86155980633151e-10,-0.0030898435133915984,2.2780305849448844e-5,0.004838206881112203,4.921199946289931e-9,7.93337538849019e-5,3.6194877328895037e-8,-3.2952023370282453e-7,-0.02022991984142754,-0.003526755256170497,-0.0031125372230250527,-1.2047478297018435e-5,-1.0621170562037477e-7,0.00029895039166991143,-1.3138633916333848e-5,-1.0968697011504436e-8,9.051457823692265e-7,-0.040783351356246784,2.2111729279021361e-7,0.00210889552020002,0.00016294082002412852,0.01838072544506296,-7.390876536484863e-5,0.0011141704379812824,0.006604255311074086,1.7872817030398714e-9,5.924156712653844e-9,0.002172838067108756,0.0011970149091882253,-6.811367607375268e-7,-0.0036958081438705306,5.588377367450054e-8,-0.00033237092194318414,8.408272194090996e-10,0.0002794770690637787,2.144404168672185e-6,2.877551468807097e-5,5.734524767720677e-6,-0.017905303748021646,-1.028686157796227e-8,8.80177613825084e-7,-3.0758936705550245e-10,0.02362168360259287,-1.3938282936389963e-7,0.01970110649110009,-1.8588916401717042e-6,-1.640601291323537e-6,-0.003711371047400645,0.02063904137410629,-6.028897267054863e-8,0.00010327358656003211,-0.0036711188072346985,-0.004545263159036917,-0.0008152597780410806,-3.4062943523859433e-9,5.3787616599155576e-5,-0.006279436293562936,-0.004485322693001521,-0.0002345133956737472,5.1882642439509555e-8,4.7406082963876835e-8,8.90825955125036e-5,0.001325952295897602,-0.00017751773715767334,8.285592832853757e-5,5.5958852860767065e-9,-0.009265924614703751,-0.000347415564355659,-0.018853383823478946,0.004496567298595287,4.91166886455369e-5,-0.00897204555319586,4.9381908731051924e-9,2.8550364518007057e-6,0.0012687754568586154,2.0510890162018436e-5,-5.173195041621112e-6,0.0008219620596610921,-2.3178992309519803e-7,-0.00715482637749294,2.9184585023370146e-9,-0.09044305694222662,-0.0002378013776660696,-1.4656507979890138e-6,0.001008984487267215,-1.4381653222777291e-5,2.2169002446635472e-8,2.2228400481620486e-7,-0.00047537593376379637,1.5137892547568075e-10,-2.4364608867033653e-8,0.0012524151322026987,-0.00047944814986538426,8.248035783899673e-5,-3.7736434748245443e-6,4.922108130122309e-7,0.0003683127848158352,-0.01098020869679227,0.006641557421316581,-1.7728539142160224e-8,7.682157707548878e-7,-1.2426400135007222e-8,7.42262466876661e-5,8.699849501920814e-8,0.003046787587139853,-2.3096272513844773e-5,0.02969880481819913,0.0009145601978438405,-1.199716305196743e-8,0.00010296621633068769,0.0013910114631021226,9.320285203913609e-6,0.0704664739462297,1.5409851558924747e-7,-0.0001636839451108285,-0.03300840171172983,1.5030679854971839e-6,0.0011703814514502813,-2.852450057365502e-9,-0.0023164053217347757,-1.6958709248691053e-6,-0.00026321258498854754,-1.924964264528288e-5,-6.339036423765888e-7,-1.0096021098866908e-7,0.0015509738562039333,-0.002870779140355099,-7.30428630317789e-7,0.0010059526211266378,-0.0037707964183711037,0.00038978466753111356,-0.000364906301625117,4.587835253884517e-9,0.02168746680444849,-0.007972429673191145,3.2794683497664885e-9,1.1212881998759493e-5,-0.026930692981708033,0.0016594780231108225,-1.038649912170913e-6,-0.002194387308908449,0.012772110649696437,0.006107037951732631,0.009752055497076233,9.681779285195113e-5,1.2528775613502944e-5,0.008917298957195908,-0.04400878364354245,-0.00010258716379662772,-0.00025701019052765903,-0.06609403757003192,-0.009766073108297519,-1.8081642379615786e-6,-3.946011632500419e-7,-2.3116603572167553e-8,-7.598925643683635e-8,-0.0011870764684121758,-0.002872104953117737,0.0003877334343714835,6.252198436580697e-5,0.00010372014480983943,-2.553870305476589e-7,0.024643237324721835,8.492783739204104e-5,-0.010190506603078194,0.00043754450549756936,0.15895032855015936,-0.0011101221023617496,0.0032843971444432595,-1.3491416522476599e-9,-3.376214011694871e-5,-0.0007454028523005122,0.0013681625930610673,-1.0891682413356937e-7,-0.004050450415209898,1.2775914522929018e-5,-5.927397241736927e-9,-0.0002664790104031547,-0.0030412621720351013,-0.0015045626912292905,6.264103467659563e-5,3.254394406063251e-5,2.0966405201954286e-9,-1.9557926206014432e-8,0.00016143189205307376,-4.8107562090290796e-8,1.2814469302188335e-9,0.1634858517854345,-0.0011125222493048627,0.0004820977410575525,-2.7690335282002454e-9,0.013872035039274559,3.8612272968866786e-9,-0.0005746676210796635,2.814844791601783e-8,0.0005035140720690364,-1.0786097161407506e-8,-0.0002342748945319629,0.00034714181117652843,-0.00018717645652527806,-0.00016771171640812563,-0.00043746930115874525,-0.0005287410066690104,1.2341372579445499e-6,0.015603891872057199,0.14739641055304942,-0.00011245266526447404,0.0006631651373557778,-0.002781937803108639,0.002933969198634448,-5.532275120283159e-10,0.005978692215096926,-4.0960060424279384e-5,-4.1603995885795706e-5,-0.004441082579227462,1.7777904172331217e-6,0.016348781086856768,1.4316345530839919e-8,1.3691150602565026e-5,8.179897821046579e-5,0.006815574894655886,2.7785719431681224e-8,0.008158860703193419,1.036108193844809e-5,-1.551456498604847e-9,-0.0005092214651797685,-1.1484064131852503e-9,3.584854562138584e-6,-8.252960285861662e-8,0.0010140963211234377,-0.0013902536753623304,-0.0008145886333756242,-0.00040827715364002504,0.00045363055553135096,-1.7745137805017103e-5,0.0001684961806788446,2.4747540385604674e-7,-0.0011482084337045503,0.009178708798266355,0.02519239915647978,-1.3041331600781365e-9,1.6185884194872006e-10,1.2538749497774697e-7,8.079869194414698e-5,-0.042856438640702904,9.559110104493962e-7,0.0008929188692648463,1.337997976993904e-8,0.0002083527687653503,0.01829148724587142,0.021158863104392262,8.311341119309352e-7,0.00019667352131296338,2.1945896474844738e-8,9.154543451439358e-7,9.184653524440614e-8,0.0008937042503436109,-0.0011404146653255154,0.0013426252665521344,1.1428239922747449e-8,-4.424275293731913e-6,-0.00022073601935355903,0.0024525135602965088,0.0012851739037652793,1.3553638653352029e-9,4.503151958684632e-5,-9.098951400715586e-7,0.0012029280288507883,0.00633511913941201,-0.0005083022519125199,-5.0945249212697646e-5,0.018289925021253303,-1.8789842776586716e-9,0.00014579114396381942,-0.00017998247678967838,-0.0016055687861217037,-5.028681585599386e-7,-2.791155699177506e-6,0.00031223675324995587,-0.0013932667666655373,4.996120064161957e-5,0.0002647211129810673,0.0006025279994172724,0.014439006185162601,-7.29744924201822e-7,-4.264613119539027e-7,-1.3297087146797857e-5,-0.016895242063795265,3.705076850424938e-8,0.0003414318880466485,-0.04268206102959749,-0.003162227715752611,-6.304363825094237e-5,-0.00024643383275099116,1.0517444496892765e-6,-2.493725021694648e-5,1.226509483832733e-5,-1.5100750145637687e-5,0.00020764738099738513,6.009476213039374e-5,-0.0030296439123338563,-1.52859495950822e-7,-2.1131162841331434e-9,-0.00029162842276831964,0.0030305406563422522,-4.678267564209618e-10,-1.9871164748934872e-7,-3.449158716387444e-8,4.0833115252580746e-7,-3.189096970155798e-5,-0.003513025889403333,0.12431614419643422,6.47960907210477e-6,0.0018684367636555902,-5.101246329534568e-7,-8.432954711875145e-8,-1.5219487187218788e-8,3.2457683755800876e-6,0.0018535836284336766,-7.086651153965925e-9,1.1768801411555373e-8,0.01580453119559654,0.0003458417427474564,-0.00122409119756439,0.00018921148982684947,-4.028335286697499e-7,1.8824807754219217e-6,6.696153168132308e-8,0.0011448716973302302,8.124867225208747e-9,-0.0011013351914746202,-0.0030811595525572963,2.5525010535220405e-7,7.743668102827815e-5,-4.6511794158258404e-7,-4.962493309627776e-9,-3.859074701850979e-7,0.0006206967270554574,3.0099679155628197e-7,-0.002076600442942251,0.0004012287194336263,7.752547533510076e-8,-2.2843408554854626e-8,-9.254500428979374e-7,-1.0381696353870444e-7,-9.840028786084609e-5,-0.003656364839767422,-5.040569777616708e-10,0.01726245483550825,-0.0007357985498564673,-2.5925980459871082e-8,-0.0011091364462737677,0.0011783069175317223,2.412332987379491e-6,-4.561485983475246e-7,-0.0004250680255997841,-0.0005684767762724046,3.6229332122981435e-5,-6.30903189395388e-8,0.0006094723464051861,-0.003959946318540119,-1.506334534475694e-8,-0.002338119403293603,-6.978266537883457e-6,0.015423152420640898,-0.00034073026867068674,0.0007609585178702668,6.71077939676933e-6,3.902432471430163e-7,3.286711591431358e-6,0.0223028989097016,0.00015626410018727385,-5.808405366516634e-6,-2.0268229144887724e-6,9.914188889458567e-8,0.0003043485967500945,0.003214611978885457,-3.813337678263416e-10,3.071826728054287e-8,5.147804857569015e-5,1.8221805038358902e-9,9.68919034481736e-7,5.23695398160074e-5,-5.916767521929345e-5,1.5609932179285804e-5,-9.506681837968481e-6,0.0005312252073929595,-0.00020778018329340974,8.351955769645296e-9,-0.00022684019198250942,-0.00015800390017555807,-0.00022468091106891624,0.009717722728782133,-0.012982148035886213,1.5788587912164474e-8,2.96799421564624e-9,-6.760022986311665e-5,0.0017892723428009653,0.0003570338804593722,-0.00021381030713595785,2.1026936739861436e-7,5.155212205275198e-7,-0.03137229237606469,0.005556939809760931,0.000524572581222747,0.0031683915285249916,-0.007286972289514954,-1.8513018548043582e-7,-0.00031878686666149603,4.2252051712457065e-6,-0.0007188283265168434,0.0003807825882456832,-0.001168208662013333,7.518446728814148e-6,-2.7987908342499702e-6,-2.0784416477154063e-5,0.0007479239947972335,5.467401820073936e-10,0.005480582455299383,6.989873942916397e-9,-0.043613691234368895,2.8266750096339787e-7,1.970026578800121e-9,-0.0031944618399631945,-7.27232420724576e-5,-0.012825362850095785,0.08668110932676927,0.002959787309941372,-0.005575652234353594,7.200677619672498e-7,-0.0004741663180179889,0.016237419761134252,-3.810150474011486e-5,-0.005665746738668024,0.00833140468302058,0.0004116120884203877,0.00011200448802833193,6.724967939867881e-6,-0.004583603111235409,1.2221612511265529e-8,-0.0001770322312169055,0.0008862783943263939,-8.48826525158125e-9,0.02630575665041663,0.00014557032007282204,-0.0012664480941329177,2.700938197237511e-9,1.718335059820375e-8,-0.0013284302414728385,-0.012865411573756612,8.895038555174444e-6,-6.503100199451799e-8,2.7388008484859628e-8,-5.9174585342797e-6,-9.192938252993944e-6,0.008946694402446139,0.0013309193454396268,-0.0031081402213169957,-1.0507437528309982e-8,0.0007785837710313051,9.198049557384534e-8,0.0001050920570186655,0.0002495079309512381,-0.004537922910492628,4.887953166465427e-7,0.00012783692365074198,0.0049157099271008925,-0.003089446367155186,-2.995115165124839e-7,0.000965749231676746,-0.0019798678584056714,4.556016412578065e-6,-1.260735918624936e-5,-4.6686428086661686e-5,-8.511962491943034e-5,2.402833292038867e-8,-0.01681624844163412,8.132974328865273e-5,-1.3514302922037328e-5,-0.0032720010695926273,0.0062461204650697995,0.0019891729973215604,1.6152182448999414e-5,7.599686646231558e-8,-2.077215469362e-8,-0.008359352984695048,-0.0009794879643265722,-0.0067728086658689025,0.0005123834385438807,-1.2933440510965778e-7,0.0004388284445120311,-1.785004662751689e-8,1.092998743715605e-5,-1.3865726796955266e-6,-4.6949762150668014e-8,0.003121430018562687,1.9987818747558633e-6,-0.009071106610876135,-0.041874108143217306,-0.02966826864308946,-5.568417689504845e-9,-0.003125349016227767,0.00017629726110282622,-0.02722845937321869,0.0018879066735723036,0.001010044023883178,9.288214136809388e-5,9.294450866434087e-5,-5.61047988110599e-9,-3.75967499261968e-10,-2.479125579389714e-9,-0.008034787553518837,2.703525407318487e-8,0.00997824647429507,0.016531262597559278,-0.0006208787169504675,0.0005354813500715982,0.0011432366775714828,0.003372422550304099,1.0763759212946733e-10,-0.002234962998466205,-0.0196153888591896,0.0005130328010620848,0.006469714458308216,-0.0004597843557702715,-0.0038798019279341223,-2.668667578032772e-9,0.002942138915008411,2.1623806309011567e-6,0.000625901320354482,0.00024466286498951213,-1.2163808573226239e-5,-3.44954842778377e-7,0.002339224481907743,1.310185972693477e-8,-0.0005071637760524976,-0.009425001200817166,-2.538270580601771e-6,0.00012770751489457537,-1.531414944229062e-5,0.0061030557612678235,-9.05469439023448e-5,-0.0009298973579681824,-1.378037525917544e-7,7.108710359424193e-5,-0.012363715751539028,1.1669857153345202e-7,-0.001008428443372187,8.47130817877211e-8,0.0036171905582060176,0.01570812216331056,-1.392863104173815e-5,-3.092111419138452e-7,5.6836755692896345e-6,3.708559800676134e-5,5.8238769021097935e-5,0.00057581487836589,-1.9749799480099712e-7,-1.0341602857178033e-7,0.0015709601440250342,0.0017640171053335276,2.7736800281692286e-8,-1.638653368403452e-5,-0.0003663069699223726,-0.027389457711075538,-0.012023587808070614,-6.05167730922152e-8,-8.440502371907868e-11,-0.052441981114581475,-0.0036222080014193625,0.0008530620642350217,-1.3291408769597772e-6,-5.8839210532348476e-5,-0.004555837031481812,-2.8070130562733714e-5,-1.6935199493294615e-6,9.556595369634936e-7,0.0014644827049627932,-0.002093002946219082,0.0014261354882630607,-0.0007807044726295159,-0.0017220848851156679,-0.02634556500950033,6.799392065169486e-8,1.6666607821972316e-8,0.0005131094942086612,0.001677722269067398,1.5491530089217332e-9
0.0,0.0,0.0,0.0,0.0,0.0,0.0,0.0,0.0,0.0,0.0,0.0,0.0,0.0,0.0,0.0,0.0,0.0,0.0,0.0,0.0,0.0,0.0,0.0,0.0,0.0,0.0,0.0,0.0,0.0,0.0,0.0,0.0,0.0,0.0,0.0,0.0,0.0,0.0,0.0,0.0,0.0,0.0,0.0,0.0,0.0,0.0,0.0,0.0,0.0,0.0,0.0,0.0,0.0,0.0,0.0,0.0,0.0,0.0,0.0,0.0,0.0,0.0,0.0,0.0,0.0,0.0,0.0,0.0,0.0,0.0,0.0,0.0,0.0,0.0,0.0,0.0,0.0,0.0,0.0,0.0,0.0,0.0,0.0,0.0,0.0,0.0,0.0,0.0,0.0,0.0,0.0,0.0,0.0,0.0,0.0,0.0,0.0,0.0,0.0,0.0,0.0,0.0,0.0,0.0,0.0,0.0,0.0,0.0,0.0,0.0,0.0,0.0,0.0,0.0,0.0,0.0,0.0,0.0,0.0,0.0,0.0,0.0,0.0,0.0,0.0,0.0,0.0,0.0,0.0,0.2645113954020293,8.924541092573175e-10,2.0013540022929103e-7,0.0011880042248739772,1.4024893976361149e-11,-2.2909724933073924e-7,-3.410392331916237e-11,5.058701524051047e-8,1.1403255307288141e-7,-2.0145547984230473e-5,3.6622375348872717e-9,-1.1706923023857608e-10,0.0018521000098751374,-1.7496741279981092e-9,-4.103867787335585e-7,-2.2433353563285252e-7,9.839602352443534e-5,0.0250378268025762,-0.052847599247206466,-0.0006119188300369069,-7.918440119305018e-8,-1.9256042751766704e-11,2.9192873775144875e-10,3.2146823259040784e-9,3.545163307974103e-5,-5.438164275599394e-6,-4.050998923429134e-8,3.168692297709037e-6,-1.7025239408984272e-5,0.0005184332874601468,-1.5952421938211272e-10,-0.06955486545776624,-8.985729289868512e-12,-6.317316476071888e-12,8.88967742684249e-5,-1.5237188880805569e-6,-8.007864870341306e-10,1.2183650612872177e-8,-0.0063836995333623765,0.022393611009744227,3.0687667192555733e-10,-0.08267200276231511,-6.458771214027531e-5,-0.004732569691847539,0.0016721404435141357,-5.354511546383976e-9,-4.353694069573482e-6,1.0864820161805897e-11,2.999585601983867e-11,-0.004225129161386524,-3.1974137554070744e-7,1.7645276758738887e-8,4.2918399604748323e-10,4.810730288199273e-7,-0.00030706636089187193,-2.3198938805305622e-6,8.513153121325787e-9,9.394951880834693e-6,-3.142111337987396e-10,-0.00016371622793976909,5.337510279985731e-8,-2.098330723226408e-10,-0.0006474760034279152,9.838003912360399e-8,2.71198345208114e-10,-0.03821856504889936,-1.4159014767218699e-5,2.408724904771142e-9,1.2724919599325266e-10,4.639701653225108e-5,-0.006396156596900066,3.5106682139414e-9,4.76732095967499e-8,3.1913456204799714e-6,1.2102354738088702e-5,2.8425374344014046e-6,-0.06043378468973249,7.766338839618755e-9,9.678949729130242e-13,6.572182583872494e-7,0.00025526923771468515,8.439858520673579e-13,-0.0047388181732240416,-2.8810694916738583e-7,3.790496258735175e-5,2.5846839817421672e-11,1.3423643506989793e-6,6.433109109231547e-11,-1.1910274717516315e-9,0.00046875517234911383,0.0008297773344961891,-3.7480187816762014e-5,1.7613187406361406e-8,-5.377502299974945e-10,-0.09548900317267363,-0.006761241956441191,2.85326933930398e-11,-5.8091761137262376e-9,-2.255213808777647e-5,3.05432793761995e-10,-0.018440166392703853,-1.6528141330597597e-6,-0.00014274544861874564,-1.5639025349651296e-7,6.506773530393482e-6,-0.004414976819513199,-3.702297070799963e-12,-5.403657778110289e-12,-8.06203295321041e-6,1.758770475323187e-7,7.510668769166474e-10,-0.0002818248478517914,3.338762429780257e-10,-6.441567903385541e-7,8.85079464544876e-12,0.05028704011853898,-1.2695965980376603e-10,-0.009364010620500162,2.0124963661538207e-9,-3.289441449020353e-5,-9.319189143757678e-11,4.783519290952429e-9,-4.310745190253108e-12,-0.0001450102870337139,7.943508941552709e-10,-0.003075726792200143,-3.71338161735706e-9,-2.166050638416978e-9,0.0008539106087744092,-1.4145160396633537e-5,-4.362305050738462e-10,-4.667596989673806e-8,-6.82635140482745e-6,-6.316125217386217e-6,-0.08314114810917156,-1.2975711595213222e-11,-0.007082268454823415,-0.010911168359130025,6.115679086564539e-5,1.6472775393000678e-6,-4.237713626481132e-10,9.910959444455288e-12,3.125945460583789e-7,0.01926485587955307,-0.062100164046694876,-1.212497970494914e-7,3.2065964052406456e-11,-8.187543597465358e-5,-1.2308562699548462e-7,0.002160690259220531,4.135089683220745e-6,-5.69603843614055e-8,0.0032231821484758924,1.8999304912923523e-12,-1.4497877205759451e-8,1.0187506802307056e-6,-0.0024687428093242755,-1.300302548838029e-10,0.038035030186110375,-3.558110301969301e-10,9.34579596856849e-5,3.946006833931818e-11,3.0137460309937197e-5,-0.00040183088627203687,-4.3357042096743206e-9,9.367884436014961e-7,-2.692065767972873e-8,1.6291687340471392e-10,-1.7489063544678907e-9,0.046514506156335705,-8.13684622374685e-13,-9.568957551179027e-11,-8.376847031149077e-6,-0.027386617165005765,2.169048246006112e-7,5.252310122481212e-10,6.552665344574505e-10,-1.7286785601576092e-7,3.042712155407295e-5,-1.6410286111824317e-5,-2.741647218662314e-10,5.170686202281373e-9,-2.313092871095353e-11,0.1126876457314812,1.3984984715039013e-10,-9.042320238694714e-7,-1.3146790453701205e-7,0.00036020576751378354,1.7717669802368893e-5,5.333738231845314e-13,1.5916854606892101e-7,3.313360099282034e-6,3.6064215487445316e-8,-6.099780472453013e-5,4.954400897239804e-10,2.480215761411611e-8,2.59392923594105e-6,-3.5267874632570604e-10,-0.013897580611655724,-7.094802719617445e-12,0.0017677219622455854,-2.8126641082354392e-8,-8.32405950544137e-7,-0.00927119757275955,2.6135303145011927e-9,-4.313902492412142e-10,1.272736024862098e-6,0.0009169177027945821,-2.2375766957608148e-11,-0.02389563781006518,1.3720008863142556e-5,-1.4309377065910625e-6,-1.0767479177784502e-6,3.5248560822613636e-11,7.725643456502613e-5,-5.874193629305421e-6,-1.4952013117109274e-10,4.15704805385554e-8,1.5511682534812215e-7,0.014353628178881894,-5.314745188391476e-9,-1.4403422135070193e-5,0.00010430204251958497,-0.005162645382351896,1.6516471547618612e-6,-1.8497848880712958e-8,3.8176099401996787e-8,5.948516189075976e-6,0.0003290133824037726,7.604895645446603e-7,0.00488004814073365,0.00021039201220606423,0.0019740322198544625,-1.6772596646618006e-10,-2.1673171609030176e-11,-4.923297824232465e-10,-9.946462441172697e-11,-9.212957454780084e-5,-2.1877473861916286e-5,-0.03271267158267399,-1.6336168674456137e-8,0.0010509039871300346,1.1601807597849877e-9,-0.003500891459405607,-1.4731698339583084e-6,0.0008771773517114597,-0.0009708993638610818,-0.000351162451077455,0.05570304168189509,-3.3939162473982037e-6,-6.4646520181339856e-12,-0.0004844284031386656,0.10098974064546173,2.2559065762461503e-6,4.454739872686838e-9,-1.7342923582322865e-5,3.0321791240651476e-7,2.119491639282584e-11,5.273720024984556e-7,-7.8945288888785e-6,-2.2001781377601543e-5,2.1032449265660634e-8,-1.1463610372027378e-8,1.1764086497244057e-11,-1.9533008487190967e-11,-4.1997342784708685e-7,-6.256115772372432e-11,-6.315889027814268e-12,2.813168438458023e-5,-0.0066056504148668815,-0.030308733350394704,-2.104690432866892e-12,-0.000377125168546275,9.434795393450656e-12,-0.061169449042236194,-8.461756511072065e-10,-9.513107179741738e-7,8.320482716156651e-12,1.6652282274068223e-6,-0.11483190157275197,-0.03446197922167582,-0.01481169984119693,0.11107231917762121,-0.03772420380895197,5.524617873292584e-10,-9.902415936070541e-5,-0.0006852754256773144,-2.7111320658672144e-7,3.3484771899839376e-5,0.0007715284469518298,-5.2318576170828506e-5,1.7108133022491695e-12,2.613871032605397e-5,-1.0529290618601614e-7,-8.082917019024567e-8,-0.005679383503791241,-1.171091039374362e-8,-1.7950127311021245e-5,-4.273191035485049e-10,-0.0073344573985045635,0.04977753967974366,-0.0002584832977081265,-5.822559561760545e-11,-9.637788565217469e-5,-6.137874882647095e-9,-2.725266133877804e-12,0.011817339236525193,1.0099349142566278e-11,-1.3782324738116881e-8,-1.5025488397596516e-10,-1.8847236678324603e-6,0.002748561494053202,-0.005118724828700457,1.9566360135155107e-6,-0.09348270484935242,6.497268171088084e-11,-0.03137340759520714,3.4226019828045065e-9,0.0030400582948523036,0.00019008236276336083,-0.00024006919989775786,-1.7191372808844446e-11,-8.82717550718004e-12,-1.1505196259774314e-11,1.834427493905301e-7,-6.453343235387024e-5,-4.985482064051042e-9,0.017494625724620096,-3.1037703068562644e-11,-8.11146810194597e-5,0.0001516112854351875,-0.0007437207428445747,5.817217748409185e-10,-0.0644828150170678,-1.953798641298417e-11,7.719914655871206e-7,1.3556749179834893e-10,0.0021493516331570275,-0.01158751570277735,-0.007649466873350434,1.1810089072146227e-10,-0.0006014587972246746,-0.005254943685924056,-0.0030861519424849673,-0.0007944683623669873,-2.3860465186856907e-11,7.641495035112272e-8,-1.3040954668667033e-9,0.003997807005632242,-0.002671991942903919,-0.014111829801393087,-8.936647161574381e-8,-0.0014685235823975568,-1.0457011670967142e-11,-9.075111228595938e-8,1.6948589376354791e-6,-0.00020090407801872837,-8.240156675768452e-10,-3.411729000942644e-9,0.0009325518333075122,-0.0008128129141734967,-3.365737545167687e-8,-3.5306415190049855e-7,4.541229765840791e-6,1.9752130673014134e-5,-8.4049904453024e-10,-9.81854653552015e-10,-0.0114809536744615,8.208139801980475e-5,7.727238564711639e-11,2.9403522497020596e-6,0.0012218249142667082,3.462651255220922e-6,-1.2319224163484922e-7,-4.614362553239736e-6,-5.3412983960010473e-11,-3.655050310883774e-8,2.3208599574662867e-8,-8.973157144483446e-8,-0.04408338475476507,-1.0979820409978171e-7,-1.792498687189407e-5,-2.762795886552786e-10,-1.2980625423749301e-11,-1.148580965898514e-5,0.011825861308042434,-3.807141697139676e-12,7.948603192169497e-10,-8.935178718130766e-11,2.2168757232256472e-10,-6.853044922882001e-8,0.008571486617150056,-7.531325389210184e-5,1.5288481879881456e-8,5.084958357051088e-6,6.384484057325431e-9,-7.785142430484811e-11,-1.6170088905985764e-10,-5.765558370324664e-9,2.60231328741396e-6,5.7123725536640685e-12,-3.5151054254837404e-10,5.9053948654939605e-6,-0.03574901672392321,2.3623243697454686e-6,-6.883830814147893e-7,7.153031875779182e-10,-4.530652891328925e-9,2.0560145684615234e-10,-5.71169202135183e-6,-1.0567098743030867e-11,1.2026966069670764e-5,8.419042603967934e-5,-1.84795944833777e-10,-2.603896121668556e-6,-1.4239757452957636e-9,2.3922192917297192e-11,-1.6999319651363803e-9,-0.07251127115533863,6.682628997150549e-10,2.370513810940615e-6,1.1649287334434465e-6,6.910434827507436e-11,-8.864538914360537e-11,-6.180027492975681e-9,-3.6420704368778905e-10,5.613645225007334e-6,-0.007691343453863597,-2.3778940717228154e-12,0.0016180035592578048,-0.003541589503606295,1.4266876362227785e-11,0.034922934390767844,3.869369821071541e-6,1.3188170556195878e-8,1.10921160065789e-8,0.014885948286129998,-2.5491256324130295e-6,1.4273808686559479e-7,-2.3709815139955973e-10,0.0005439500574085245,-0.002216452791456756,-5.32576603659422e-11,0.0004934808247417695,8.36366881579383e-9,4.775174090584248e-5,-1.1574328136999457e-6,-2.488984569974967e-6,3.7232739894488815e-8,-1.1066182485882652e-9,-6.330484058877152e-9,4.023062335995464e-5,7.89384594251431e-6,-3.6413164625800404e-9,2.4894661757550253e-9,-4.30223035771923e-12,-0.08518588379910552,0.00018022543070221603,1.130764269905321e-12,-2.115281197732191e-11,1.628542897814174e-8,3.3630194115949432e-12,9.013046651613053e-10,-2.8647217978875476e-7,2.3021476147406963e-7,1.6240990688635516e-8,-5.82348035187629e-9,-0.00011776386163201986,2.8686949618181107e-7,-7.694952098089276e-12,0.18149235410834286,-7.312896196654437e-8,6.428055222156997e-7,-2.2584173761079235e-5,1.3403220838625216e-5,-4.380117736181318e-12,-5.248634254247201e-12,0.13447727522970926,0.012821249055240019,-0.06838472506802773,5.001395369306946e-8,2.5273988564446986e-10,-1.0910986913695562e-9,7.898606392066022e-5,-1.752416651602641e-5,0.10801550219716431,-4.783315567247798e-5,0.0005724953603830516,3.0897988904318476e-10,0.15914048959345428,-9.679761236367018e-9,1.1705374533501957e-6,-1.4325286166678563e-6,0.0009646811055569955,1.1803934584493312e-8,-5.335221742859235e-9,-5.668393268258255e-8,-0.024555475020468436,1.0260122719409345e-12,-0.00040939916507795696,-4.111440159995698e-10,-0.00035696776620348475,3.4340032972888695e-10,6.038778844348251e-13,0.0023636473777362966,2.397518813866798e-7,2.806035142301283e-5,-0.0003386443603382276,-9.877320184687539e-6,-1.2086836451927754e-5,6.717822612344793e-10,0.009541851111767767,-0.0018247935507002962,-2.5331394644655313e-7,2.1153650123434974e-5,-0.005462550436992893,2.8308057985247466e-7,3.702303314981819e-6,-1.4621400226293869e-9,-4.158607642480396e-6,3.193509025187543e-11,-1.2665967196789877e-7,0.01459071953038334,2.1159929645915716e-11,-0.0026119975730449505,-0.04901289186416445,-7.731396537611016e-6,3.871327980601864e-11,-2.2768723387203517e-10,-0.006844100688806776,0.0007641630790177108,3.481827074977069e-8,-1.4419211232028467e-10,4.51624771718184e-10,1.744469573253744e-9,1.325823010398487e-7,-0.003489434030718265,5.751511784696677e-7,0.0013298904246781984,-9.664390917655059e-12,1.450788412251605e-6,4.347213839897281e-10,2.9603310420303843e-8,-0.0024741631354015495,-1.5445267370495266e-5,-1.139148539359234e-9,-7.482541101756833e-8,-6.26257374338107e-6,-1.7145739489899943e-6,-1.4399732998436664e-10,0.004422721292275357,0.001670335295778569,-5.175756333535639e-9,-2.1675309976693068e-7,4.7306872497010135e-7,-1.7003328919204176e-7,-7.940910543557403e-11,-3.20073544742347e-5,1.6724091840694616e-7,-0.005799219212652511,-6.53675763227595e-5,1.0338696217782386e-5,0.004256756958645269,7.421215359286754e-9,1.1804017372337912e-10,6.228228739736839e-13,8.269546860190105e-5,-7.525231638430945e-7,0.0002582909706067047,-0.07378569507066145,-8.100346807620318e-10,4.678369385697893e-6,1.8058462848200245e-11,-1.0977778304599977e-8,-1.6378039884263574e-9,-2.690372956415786e-10,0.0014155937022722156,-3.3550890362181126e-9,2.154209468439232e-5,-3.674094422155208e-5,-0.0002465473894721185,1.5940735241225922e-11,-0.008633816622690868,-6.357032019612795e-7,-8.133607784023679e-5,-0.014555552032429598,-0.014672454131076498,-1.27836165961775e-7,4.573741513854867e-7,-1.4953078174249784e-11,-3.3738724195092702e-12,-2.7952401813157504e-12,-1.0002855344995527e-6,3.22746310107667e-11,1.0733171642205039e-5,-0.0007303639101318288,0.00042117897212412585,-0.02406079920075941,4.543984098195662e-6,-0.0013427659564515565,-3.1489662798471256e-12,-4.466671524430705e-5,0.00038379925109768164,4.7381768366578245e-6,-0.0046567247383972575,-0.0009120603873101321,-0.000994211222140233,-1.397507691540142e-11,-3.920830820025421e-6,-6.414851329242348e-9,1.6757327571417637e-6,-0.02699842118286206,2.764601564704475e-8,-1.4718654513290042e-9,1.9046010401542028e-5,-1.5349808082184538e-12,-8.651287757463254e-6,0.0026032150049526575,6.692386266205059e-11,2.1993707593558722e-7,-2.453604116188266e-7,0.0001175144320077591,9.804931253925654e-7,0.02356583265279977,-3.5119937251454063e-10,-1.8446154914249207e-7,-1.9974886429185197e-5,1.7743411654611808e-10,-0.005530525608344991,-2.6747393522676853e-10,-0.002471827168626008,0.001664360455769885,0.00022852895589293363,-1.7928654599455166e-9,7.53465324626782e-9,2.48134743514318e-7,-7.48211458624328e-9,-0.066705741199646,1.4778021457970998e-10,1.5465702007218366e-10,-1.6158302482142676e-5,-0.00012102557299589837,-6.040820178728204e-11,3.437030352529546e-7,-3.6298007319794444e-7,4.9011040138484186e-5,3.531244897875249e-5,-7.266525403260995e-11,-5.890797668281141e-12,0.0009150215709463619,-6.293562510297872e-5,1.9615851496456294e-7,1.5674834444048018e-9,2.1036160896810724e-6,0.0012188221091265555,-2.6206043574755967e-7,1.1515213862869673e-8,-3.701328054029792e-9,0.03614472497442288,0.00035893624832348723,8.385570259331816e-6,-1.2698838975226647e-5,-1.6778064239226847e-5,-1.8430037323314888e-5,1.7276366815029358e-10,7.899267819085683e-11,-0.04805260280590049,1.1155986518790843e-6,-3.4485152740454813e-12
0.0,0.0,0.0,0.0,0.0,0.0,0.0,0.0,0.0,0.0,0.0,0.0,0.0,0.0,0.0,0.0,0.0,0.0,0.0,0.0,0.0,0.0,0.0,0.0,0.0,0.0,0.0,0.0,0.0,0.0,0.0,0.0,0.0,0.0,0.0,0.0,0.0,0.0,0.0,0.0,0.0,0.0,0.0,0.0,0.0,0.0,0.0,0.0,0.0,0.0,0.0,0.0,0.0,0.0,0.0,0.0,0.0,0.0,0.0,0.0,0.0,0.0,0.0,0.0,0.0,0.0,0.0,0.0,0.0,0.0,0.0,0.0,0.0,0.0,0.0,0.0,0.0,0.0,0.0,0.0,0.0,0.0,0.0,0.0,0.0,0.0,0.0,0.0,0.0,0.0,0.0,0.0,0.0,0.0,0.0,0.0,0.0,0.0,0.0,0.0,0.0,0.0,0.0,0.0,0.0,0.0,0.0,0.0,0.0,0.0,0.0,0.0,0.0,0.0,0.0,0.0,0.0,0.0,0.0,0.0,0.0,0.0,0.0,0.0,0.0,0.0,0.0,0.0,0.0,0.0,0.0,0.2627930942716715,-8.72827174411008e-5,1.557186662163535e-8,0.0003385838998798924,1.9930485745545153e-5,0.03062223188814765,0.006656574690652929,6.60992969528453e-5,-8.67212767502133e-6,0.00394230339088115,-0.042815942531577986,4.733806196797769e-8,-0.05423206285458574,1.1746314691734958e-5,-6.454973213586537e-5,-3.703010803710756e-7,-2.731255084776046e-9,-9.042844931906912e-10,-4.888199273218266e-8,-0.00022049916611660103,0.00290241663985419,0.017693318125803128,-0.016825954067274194,1.6902237123683985e-6,-3.192542333754713e-6,0.0005123790395550544,7.081176133573873e-5,4.361190380853858e-7,2.233597327814691e-8,-0.002477152187841805,2.409303756005045e-11,-0.00209188176068712,0.003586996496925058,-7.142679512179153e-7,-1.943760246653522e-5,0.03494466539752776,0.0031394462659372624,-1.2281921465634262e-8,4.5821191057195847e-10,0.11054008697322404,-2.3303491044413666e-10,-6.002960777045761e-7,3.003915384860415e-9,1.4736119560560035e-8,-0.006093320478909133,-3.034674750970239e-5,0.002887325440971894,0.014087396849680337,-7.730948472081546e-12,0.00022469531331286105,0.0034110447736240765,0.006710531931826734,4.586949628452736e-6,-3.239652113921958e-9,-1.4208408038404204e-5,0.0062243840888128385,-8.196782573409305e-8,-0.0766508257301849,-1.2722387867711314e-7,-7.23525769898112e-5,0.0014796582307166418,-3.213638732050822e-8,0.00012367606789220317,0.0995037749486285,9.32902171498973e-10,-1.5919986237170426e-5,0.0012194722575755816,0.024820891872410288,-2.707989003336651e-7,-6.522413959890864e-9,0.019228180281769067,0.0007480020195388754,5.2454191266339805e-5,1.071729938289867e-6,-1.0612154628010951e-5,-6.01944691211403e-10,-0.010430190128425424,0.026591786513512766,2.8411302496162734e-6,5.7245437040241315e-8,0.002527387886191577,5.925164346256518e-9,4.0521541435704594e-5,7.841275973417926e-7,-2.4668691634574755e-5,-4.419461399697176e-6,0.014136859962129896,0.0011307441825895166,9.836389302672315e-8,6.475800979583959e-9,-2.727256271654215e-6,-0.0004797269437650185,0.06973962751370846,1.3144148885910343e-11,-5.0542925563847706e-11,0.0043843533932491335,-0.0013584235784574795,-5.595366031258027e-9,0.005828547154077552,-3.3750524684426446e-9,-1.3661298371909154e-5,-2.0442868097430058e-8,-0.00023659260688933044,2.23829402799495e-5,1.4826573882751123e-8,-0.00016194003976054865,0.0010477443814051672,-2.6329510731598497e-7,-9.66070792626192e-7,0.000247831298014434,7.989171003829786e-10,0.09560434420051812,-0.0001284507713672564,0.0030184008731994594,-2.593606874515026e-10,0.04214103667594631,6.414648399938756e-10,-0.0007215836017531504,7.377307868538013e-7,0.004899178859744115,1.9418775524280454e-7,0.00014747095342435625,6.414230164839112e-8,0.12728427026575134,-2.045952267161802e-8,-0.0018226090802791832,0.0013864751329965967,1.6741891718695292e-7,8.753773042324908e-7,-0.020373147331462588,0.00014121641968141058,6.065312689478832e-7,3.3381516344017553e-7,1.2006607905808562e-9,-0.003944824896928768,1.7914101621677832e-10,-1.8200619765045196e-9,-8.847731241065069e-8,5.147882583408584e-5,0.002605223304495889,0.00343980157232303,-1.4498259438262842e-5,-4.909479443391405e-9,-3.0036184114351796e-10,-0.0001349057278829422,0.01402730526044988,-1.7525394671616319e-7,-1.0465215629924666e-5,1.3221207635710879e-8,1.2671578073332706e-7,0.00040024437339681587,3.173197157389652e-8,0.007623225930363093,-0.00019723815361586918,-1.5637565630443564e-6,1.2084157223496243e-9,-0.02422646709924141,-1.770995525926037e-10,-0.0037998537236448564,5.251677977630527e-7,0.0008508755407016532,1.2408662106991068e-7,4.1740846957407614e-10,0.0024334770609744888,2.190007973187327e-5,0.0014774256944808872,0.01413647955517928,-0.03847181912842039,-6.027241282656951e-12,7.943687423169782e-5,-0.02053369390158137,-1.8427621701125397e-5,-3.859305539547838e-10,0.00012470682270878045,-0.0015797086767099587,-8.752429044864528e-5,-2.0398395279499515e-6,-1.0822553608493996e-7,2.2451107860871386e-7,0.023797795452618824,0.0013662081378755248,-0.006998260186326786,-2.666876960620639e-10,0.1463633388689131,8.203196447415451e-6,-8.655901315617238e-6,2.9418557449616544e-9,3.04854203732747e-7,0.0024470362719493616,0.00012701323817046673,1.2258476862794534e-5,0.009307712956351523,3.9990381313666275e-8,-0.0015028930885991098,-3.727134880282047e-5,-5.554532112572107e-7,0.03059753389657798,-1.8159009407092436e-9,-0.00326294208989457,1.897087111035854e-9,0.001161207289942716,-1.792407205401754e-5,1.0745414784863085e-10,-0.00339753323072603,-0.05539344888571148,1.9246343540804895e-5,5.9669502147993866e-9,-0.013633682683269617,-8.78158786342145e-10,-2.407936453588078e-8,-3.3389659251029426e-5,1.2668303897361075e-6,0.014971434350581047,1.0799117443720574e-8,-1.4888367275518546e-6,-0.014598830964121894,0.003123055582308592,-7.299807653181271e-8,6.531229057776619e-10,-0.010331511381853689,-1.9620052348197248e-5,1.3915047132501442e-7,2.9188570251804907e-9,2.899059788574146e-7,0.00027928609745203847,0.004256672681810755,-3.28005392880466e-7,5.3288332101744215e-8,4.072243088944689e-6,-4.1028560754158884e-10,7.341639010047599e-8,2.3635933627937254e-8,0.007379908849903509,-0.002119703364548298,0.09021486842476688,0.0012221662940378427,-8.428328638383024e-7,-9.363103309844872e-6,-3.9446553871013707e-10,0.0002553984173451613,-4.451208757831376e-10,-0.009864275939061003,-3.478655870393637e-8,-1.3686777944150238e-5,1.186062116221612e-7,-7.243003482677477e-10,-6.751350228219294e-8,1.3135229206032924e-9,2.668322554318291e-7,-0.001282707124327099,8.956415157259013e-11,2.8007079441600405e-10,1.6591462786731353e-6,0.015217026055815092,-4.872070815675235e-6,2.8871054240738588e-5,0.007140761867790967,1.7920789299206108e-6,2.4983773751789423e-6,4.728992970294508e-7,-0.0002329322068295087,-2.7415943908789785e-5,0.003504950420859165,0.004505027757629019,1.1646430574689413e-5,-0.04653021834776627,0.0006851733727344619,1.780180142513915e-8,-3.0568968167606213e-9,3.019485381792427e-11,0.0018178101289473597,-2.6182765115329715e-8,0.0005200397193857499,3.286137638551759e-10,-0.0003857228777389391,2.1760313245145597e-5,0.0016604410964034758,6.472569725974975e-5,-1.4648699123450878e-10,4.9295969182186775e-11,-1.9334867255294911e-10,1.1361276842478424e-10,9.829427953164366e-11,0.10681510132171863,-2.291443808679676e-7,-3.1851605161741295e-8,0.00013786220249883632,-1.186854643507834e-9,1.947614159022875e-9,-1.2767544640775567e-6,0.0028060169875631946,1.365820561189074e-6,-0.0010116385246620157,5.371829777312123e-5,1.3597485676910787e-8,0.00013836847227297625,7.822184200547921e-8,0.022645207035083433,3.6463969602081525e-10,8.604315614097526e-11,-2.074306916029709e-10,-0.010643998221380013,-9.490106818451354e-9,0.0005385618234963214,-0.0013833876088126292,4.1854115111648423e-10,0.004539017766191459,0.001331658940486509,0.008835604290492682,-2.835591592504487e-7,2.5410154891962463e-9,1.706761817255555e-10,-6.220383708716986e-6,-4.557413896877504e-10,-9.218891357315366e-6,-4.283535944616273e-10,0.027982258708338075,-1.3567121952058087e-9,-4.5627090435154645e-8,-1.6887239924113393e-8,-0.0025855630223940887,0.0006598263024601593,0.007845527260093198,-0.00010648641282143785,9.552755393484754e-8,-0.0030059962273320546,-1.0425755670726017e-9,-0.0016494204699528125,-3.1894599577942533e-7,-3.647850992040237e-8,-3.4101707198732014e-8,0.007154006199133208,-2.389302846172902e-10,0.0027204946385401703,1.410128162775248e-7,0.031165279926448686,-1.8603280361847145e-9,1.2160713279787526e-9,2.326399205557836e-10,0.027760487909982937,-3.9630212689354585e-10,7.660222123831434e-11,1.7328489002653047e-9,-3.169647372805629e-8,-0.0002755391262849493,3.950326837754577e-5,-0.011743120159818946,-1.1507578683706011e-9,3.87617893004506e-9,-1.8310266164460487e-10,0.00012955461120270803,9.987975681495054e-9,-0.0007094904455314518,5.3888635094614814e-5,5.8571761885892644e-5,-1.442525157227533e-9,-0.006123893617211914,0.0011079513376641807,1.4856852156645594e-8,-5.2810188404388095e-8,-5.333116457185445e-5,-4.1691634533271736e-5,2.9617098427386417e-5,1.413648440984814e-6,-0.0011889076949414767,0.00034677296887888605,3.7628391906985614e-10,-7.129796425357072e-8,0.034146910111954816,1.0147114660342764e-5,2.9525378369866336e-8,2.2633203942933326e-7,-0.000558295982533496,2.829534854092627e-6,0.03544173891489299,0.00028687688025576133,0.005775927507694353,5.050178158684841e-5,-3.1273006445787855e-11,0.00021247781847018408,-3.695839205622101e-6,0.016398821639176348,-0.002353588448278481,-2.1843734037509026e-5,-6.283796751957112e-9,0.0026343804753813605,0.11340413727077252,-0.04763849819351779,-0.001303405644915408,0.00014398330122647,2.7633032748461498e-9,-1.2891368372874302e-8,0.00449190129313942,2.2547752604468442e-6,-0.004322206779908533,-0.0016098330009707762,-0.01438692509999545,-9.477336083123607e-6,1.3532340859912988e-5,0.0034125375930568374,-0.015312413349002975,1.1621205068477327e-6,3.2565488617023113e-10,-9.489291839983482e-7,-4.4968836533483143e-7,-0.011241443542889614,-0.0002885638684065935,-0.013496910094264573,-2.34204065520947e-5,0.018446773038792105,-3.3208257716846585e-8,2.203186232604068e-9,0.14880190619619477,-3.364034291893772e-5,-0.000445916755805357,0.0057270695835683815,-0.04664179615030254,-5.624129086919231e-10,-0.0007612730739442466,4.244940255682975e-6,-2.0269869614457056e-6,-0.015896394164281322,-0.02174463251793,0.0007493263371567818,-0.02880163782512457,3.903063914292874e-5,-8.295934207247377e-10,2.481598203532149e-5,1.6793703249707794e-8,-4.91472369680579e-10,0.005568556960529645,-3.2717834620449695e-10,1.3920485524925481e-5,0.005172270207947422,-0.001083352761395531,4.178964341538733e-10,-2.157815488670864e-8,-2.7971342429467967e-5,-0.029652157972681174,2.7422232859074537e-10,7.317053431990052e-9,0.005396131171461213,5.432708358528416e-9,0.0006109419308143218,1.9379960380866385e-6,1.3524350970328798e-6,-3.2344529793780536e-5,0.0022700321815576963,-0.045823854139641094,3.3433462996763294e-5,-3.0805668775410546e-7,-5.515755173236973e-7,-0.01493908890538651,0.01185201084222973,0.007613963395820332,-2.9985423557368837e-10,-4.306163711551428e-9,-0.0009882604539541379,0.006493841229923145,0.00028986056325532825,0.001189690339577888,0.006846372285225564,4.139784764743263e-5,-4.902724880003892e-5,0.00017059615418203787,1.656998581456483e-5,-6.527650256396014e-10,3.0468115970545853e-5,0.00037507652078528004,7.727639834102063e-11,1.3255086574848913e-5,-4.367441618486113e-6,-1.6343238114599733e-7,3.6150615713849936e-7,0.007240400302574728,-0.0004425860349242368,-6.24212020083961e-11,-3.4183810034807217e-9,-3.1137652734829405e-10,-3.0908248020458144e-5,0.005200073019419689,-0.007667562447465481,-1.8853783405304133e-7,-6.060117190585986e-8,-5.649641538919786e-10,-4.647055069735522e-7,5.038396260680741e-8,0.0011108158234352074,2.558923890434133e-10,0.0008824934950663467,1.210138825657211e-5,-1.0366312356202895e-5,4.49682326730544e-8,-0.0019573167940799894,-0.008195822917119445,-0.0003159129765960724,-6.296145998143878e-10,0.00043660670268773935,-7.586198676181878e-9,0.0030497417975682705,2.953666371006611e-8,0.008220195363715377,0.0007259308557892629,3.132266255223064e-8,-7.195475706131942e-5,-2.641709197843792e-7,2.2581181240645442e-8,1.8954744001032785e-6,-4.753193178870866e-6,0.17754403619700346,-1.6252206003273219e-9,9.975273392330311e-9,0.00012076228497209354,9.128086185521163e-7,-4.2924207686035465e-9,1.5633237599710707e-5,-6.128115530335916e-9,0.0011833932077375436,-2.308075153525169e-8,0.01916353238011452,-5.144248156358705e-5,-6.662766182547319e-10,0.01457948988089873,4.962230504788421e-10,-4.2260667370085493e-11,-1.073270536913634e-5,0.007752072403836216,0.05430608339725091,7.3713492099459435e-9,3.282805396582471e-8,0.007162663827638298,-0.05760298456939671,0.13290006365125573,-0.0004057847743858841,0.00011181164174168688,-8.774912930766792e-9,4.809577910328904e-5,4.228028431777218e-9,0.002840450962578206,-2.8160991691538007e-6,-0.0007906993580676102,-0.00029869685352303305,4.834615476944945e-10,-2.2593518248782635e-6,-0.024331637913208377,0.00010241141765915503,1.0351487654921378e-6,1.645173249680005e-6,0.0030699139446874867,-1.0827972135213345e-9,1.9329689552803217e-8,-0.0015154144391323243,-3.2598561412719822e-6,-1.8855597717771418e-5,-0.00012475300391439457,0.012620897088293925,-3.7707941694533254e-7,3.194630425047708e-5,-2.6312037310917253e-11,8.1500414898027e-9,-5.332234408865261e-7,-3.771368391521043e-9,-0.00013834563734737784,0.03547710433469028,0.0012104533459172428,-6.152104237246618e-7,-1.2687867262663552e-6,6.207602240975198e-8,-5.689991721804084e-10,0.025409508675939167,2.994605256107582e-5,0.009194074816929685,0.0003791676344822484,0.0010181309356937604,-0.039345875096594894,-4.404734849289566e-8,0.0036960214728350635,-1.5012820132828424e-7,1.7863815265012114e-7,-2.435976931436404e-9,0.0018837073056140428,-2.379739324505922e-9,3.879890144928285e-6,-3.837517318593351e-7,-2.4625344221465416e-9,-1.865794685306854e-9,0.00031409203908650815,-4.749465567731081e-5,0.00313075770409835,6.706675968109511e-6,0.0018546503296181407,-1.4292253051694048e-7,-0.0034237436343011896,9.55566688346629e-7,-3.3448055619638e-8,2.1720480399033257e-7,-4.534393748957051e-10,9.623921142001252e-6,1.3368876509509165e-8,0.0002474779129309713,-1.5689883106003876e-6,1.0552845269435506e-7,2.5526512821431644e-5,-5.553639680568774e-9,3.5146994990983066e-10,8.88745580787898e-9,0.002842838347711112,-3.403861288815195e-7,-0.0014737630766392855,-2.7687467859372407e-6,6.434958501774823e-12,-0.00015720771235136868,0.0001474029688468221,3.621721399032334e-7,0.004801970886726442,-1.2903197740461217e-6,2.705440747782972e-8,-0.018726198429946547,-4.479737717485244e-5,0.000376350912556632,3.3133421275092526e-8,3.559626939956988e-6,-3.271272092997003e-10,-0.014032068365967683,6.91976867172938e-5,8.453018609978232e-7,0.0008120366066103262,2.2219475286346446e-9,0.03538183622941111,-3.805411159787437e-9,6.5502148716269214e-9,2.6500372603661768e-11,-0.05458368776282716,-0.0012028309320860177,5.282055484130254e-5,7.194385703552531e-5,-2.5521977076472417e-10,-0.004927274906770625,0.05361390947702573,-8.242768740611239e-6,6.429539209314004e-10,0.060560816066253846,-4.9492906519704015e-5,2.459435619046386e-6,-7.776854394987861e-8,1.2864081074020988e-7,0.004270061275016151,0.005827957409885281,2.4874978562796297e-8,-1.4673252721706438e-6,4.933126296254864e-5,-0.023142098319994617,4.827041562461476e-5,-5.5474526462832567e-8,1.426532344300782e-5,1.757742772522157e-5,-0.0005749594079853847,-5.52625510367941e-10,4.006410628000404e-9,3.2820147849584954e-7,-5.1160268092263437e-8,-1.960233722924903e-7,-2.616593961258939e-7,0.06990889508705984,0.03047502816440372,-1.596936087672613e-10,8.657760256826011e-6,0.0003022386518441107
0.0,0.0,0.0,0.0,0.0,0.0,0.0,0.0,0.0,0.0,0.0,0.0,0.0,0.0,0.0,0.0,0.0,0.0,0.0,0.0,0.0,0.0,0.0,0.0,0.0,0.0,0.0,0.0,0.0,0.0,0.0,0.0,0.0,0.0,0.0,0.0,0.0,0.0,0.0,0.0,0.0,0.0,0.0,0.0,0.0,0.0,0.0,0.0,0.0,0.0,0.0,0.0,0.0,0.0,0.0,0.0,0.0,0.0,0.0,0.0,0.0,0.0,0.0,0.0,0.0,0.0,0.0,0.0,0.0,0.0,0.0,0.0,0.0,0.0,0.0,0.0,0.0,0.0,0.0,0.0,0.0,0.0,0.0,0.0,0.0,0.0,0.0,0.0,0.0,0.0,0.0,0.0,0.0,0.0,0.0,0.0,0.0,0.0,0.0,0.0,0.0,0.0,0.0,0.0,0.0,0.0,0.0,0.0,0.0,0.0,0.0,0.0,0.0,0.0,0.0,0.0,0.0,0.0,0.0,0.0,0.0,0.0,0.0,0.0,0.0,0.0,0.0,0.0,0.0,0.0,0.0,0.0,0.2626506320531558,-1.7884031562030747e-5,2.418544555210311e-5,-0.028178538234600838,-0.00015155331446651963,0.007115312783917062,-0.05825924164433695,-0.006746035191030376,-0.00028565352869581876,0.0001619004922387634,9.798808237545121e-5,-0.00029636354530561296,0.0070133984777417824,-0.07380441279416144,0.0001215195264412101,1.4780558750806862e-6,-9.809001560727861e-7,1.1019376996616822e-5,0.0002451190285674508,5.972655220043531e-7,-0.0013989558358980633,-0.00023515645854217774,-0.001225327414504191,0.002987004616960844,-0.04327810996035655,-0.025147409034894562,-0.00023931981619960266,-2.760562327580482e-6,-3.846219970001535e-5,-2.0973037773501898e-7,-7.101145390065375e-7,-2.938504422561968e-6,0.0005101869678642357,0.03096053310580066,1.789545844751033e-5,-0.005080378300974427,-1.4128537026109382e-6,1.2179512333008668e-7,-8.558658728161395e-5,-5.871271889234149e-7,0.0006016639314305336,-5.673542656357855e-6,-8.387596282369548e-6,0.007479916484823866,0.005035764078045664,-5.839566570776824e-7,-2.4050723351197584e-6,1.9675988732749398e-6,-0.06282837095509576,0.013396162750960042,-7.267256212521239e-6,0.0020883225110472923,1.5466963777848687e-5,-0.027418820140627683,-0.0003046961204629693,-7.85168188293732e-5,-5.312084152469907e-5,-9.584084488798368e-5,-0.008966270062296831,7.900151378412457e-6,-1.3141033482656479e-5,0.03172136447431261,0.0001096328746544598,-5.222406059112965e-7,0.004782078682133714,0.0045594966671214186,3.820787049498967e-5,0.00018701490096404363,-1.6977129539013108e-6,-0.0009071875440648811,-0.021308276260617546,0.005479006560639019,-0.0003483002654398775,0.018442051637990193,2.2841650547414872e-7,-0.0007432068654811077,1.249461975471874e-6,-0.022444072238636537,-4.344261553397547e-6,-2.6770656845196244e-6,-2.6151863244078907e-6,-0.036705402091018226,-0.0022738721773434213,1.7949377094212207e-5,-0.005152214606320415,1.4058879667982023e-5,-0.0004777651297052257,3.436892226735188e-5,-1.7269221221015983e-6,-0.0006623884646269579,0.014323780505539138,-0.00033800792954629717,-1.425103526640525e-8,2.60589404443286e-7,3.7690658741339326e-6,-0.0027968280641955897,-0.0001672397635926411,6.633252730617469e-5,3.062008102801977e-8,-0.024176127392793186,3.3467904606758273e-6,-0.07902311497465091,0.003325942962410572,-9.57101499281595e-6,-1.2996952288032431e-6,-2.6065979770041828e-8,-0.000709639690279316,-0.0012290247003414515,0.0006968914485140554,3.5711598063539127e-7,2.7894420412341243e-5,0.027431165017322963,5.041531865671742e-7,-4.782986855310726e-9,0.0003779178483789749,-1.1988087502562885e-6,0.0037745633670533776,-0.0005833792460954489,-5.4928734230862924e-5,0.002441352997316743,3.947380146049795e-6,-0.00014419828380854652,3.7693251268819526e-5,4.569484828124429e-8,0.0004855463629912198,-0.0007262243287942307,1.9195338327717965e-5,-0.001143376490660093,-0.0001617408976977232,-0.014537536432872762,-0.000703060652937504,-0.0013319131543734518,-4.82277854895873e-7,-3.1596449665578513e-6,-1.6778364037306898e-8,-7.415286921098553e-7,4.414537403369949e-5,-0.014917386634731402,-0.00017942770716258133,-6.02851077865449e-6,0.1542684997661539,2.14951847944671e-6,-2.1343076579779576e-7,-0.03396812647033298,-3.0781424946176556e-6,-5.242231599213252e-5,-0.02443732790846072,6.12389235847804e-6,-0.00024122546104426813,-0.024223159989277408,-2.918409358131599e-6,5.316581184448225e-6,0.006082660614285021,-0.007489831484019849,-5.930646976536026e-6,0.0007227206404636245,9.324590392555997e-7,0.00013978123272265902,-3.31230221698875e-5,1.1840238284379851e-5,-3.478972313033594e-5,-1.3962752719323116e-6,-0.00029025631326436163,-0.017551027592126102,-0.022835018914374176,3.762912300283112e-5,-6.2943084063153565e-6,-8.6871852742713e-8,1.4580749060942137e-7,-1.3053615518669659e-5,0.006973368652910168,1.8253765478306696e-7,0.11901724631536278,0.0158466094249136,0.0005794837917004153,0.07060809559675459,4.5594846947048905e-6,-0.0004926238872429655,-0.0002789174837817941,-0.0030345589688158853,-2.181076380947635e-6,2.6216483993443615e-7,-0.00013938114252825845,0.003099762180959932,-0.09574507010803439,-2.5807714276887737e-5,0.0004057333135972311,8.64681278867921e-6,0.0682724790463653,0.0004532661816407291,0.005019372545464709,-2.5901787815631997e-5,0.00021236311596712073,0.009831777529149235,6.702502501829664e-5,-0.0003092864553206756,8.42142005757125e-7,-1.0789727081677103e-7,1.222248702351726e-5,-0.01593326657271244,0.01991660264905955,-2.6730713029842664e-7,-0.0006751828224531581,-0.00011219431535281717,-0.020947915252979402,-1.0078502128065297e-5,-0.000857419501003951,3.658893659499485e-8,0.00012272776753602998,0.0029404540864649224,0.0015895992361408785,1.1715653639922226e-5,-7.5393660607679865e-6,0.0016654934079853132,-2.606366677317826e-5,0.007420204552699315,-9.977693226215883e-6,-2.5491941091147626e-7,-0.0022149927770701277,-0.004405866371571854,-2.893300109752225e-5,-3.188804881778664e-6,-0.00035766933117735997,-0.020394768784039147,0.005995952557290318,-7.38072645704157e-5,3.5632887949493244e-5,0.07102283709235793,8.222156041988666e-7,-1.2583351108962906e-5,-3.9227270770733425e-6,0.0008244352900985177,0.009966060297251765,-0.00026420725070675985,1.133733523375058e-5,0.0007249997443830169,-0.0018150971250365819,-4.1648815454073087e-7,-0.018870927335282412,1.5927171978740163e-6,0.0007645894044047714,1.8748909202422024e-6,-0.02136323294628528,5.5177998510961106e-5,8.748247982167624e-7,-5.862139441856878e-5,-1.810097911649988e-8,7.220483918296868e-5,-4.1149069407431715e-7,-4.997581483447695e-7,5.432552947268387e-8,0.002096921699233892,-0.0007417207944461381,-0.002603716794888834,0.042962877560812185,5.810395255042047e-6,-0.0011040971421422611,-0.003915070631167321,-0.0006385090328086225,0.021469629750094293,-0.03249026255161171,2.0240472477124366e-7,-1.0275361790207843e-5,0.002216015081556145,-3.1913401759171897e-6,-1.3611039281548332e-6,5.173381403469917e-5,-2.3091918403842166e-6,1.1901147686082395e-7,-2.0044878476308724e-6,-8.355897427627942e-5,5.8758239143095845e-6,-5.2859302320535254e-8,-0.0002122598292814807,-0.02578936363743475,1.6819899767127435e-5,-0.014446559450684748,-1.2408778912926387e-7,-2.3432959711463416e-7,9.008473560490301e-8,-1.0325431861640395e-7,-1.2742460646564735e-8,0.00020180452181285468,-3.703929617917637e-5,-1.8240973454455118e-5,-0.05728767006343546,-1.6809666408375895e-5,6.287207309825104e-8,-9.193917772798413e-5,1.1049062234589821e-7,-0.002225649447365442,-0.028791009351887775,0.08459372348254066,-4.263684674021012e-6,-0.006398457387939043,3.071263553824537e-5,-0.00014238565550579225,-7.300798796099362e-7,4.208559839545297e-7,1.3084947724438558e-5,8.96700797945321e-6,1.8686343424548923e-6,0.014354221332610445,1.0443824833428885e-6,1.7681923468735937e-8,1.9463705980963193e-5,-0.022898673284374147,-2.445418976647775e-5,0.00011967036792387194,3.078118039119316e-8,-1.8447763980137444e-6,-0.0027310131247936112,-1.1673241274749977e-7,-0.055092103713502295,4.805432237229271e-7,-0.00034060758264482387,1.2289364436724234e-6,2.123483548802942e-5,-2.622988920174327e-5,-5.715079072678031e-6,-3.1412239009768804e-7,-0.00016653743191420047,0.22576197457761046,-0.0002960137160538539,0.001279292428258773,1.3930655474985663e-6,-9.929788247854964e-6,0.0003842657038342085,6.407320535028303e-6,9.262356416176961e-6,0.00017827332469761247,-3.350938373494111e-7,-1.8667576874984088e-6,0.07625083354835989,7.921186798122564e-7,5.827819321279985e-7,-1.5289709958263679e-7,-3.271934847476929e-7,3.108508729020805e-5,1.1455789505598902e-6,6.807562918010248e-7,-3.023495917174396e-6,-2.5259385450453715e-6,9.071449840688787e-7,0.029135114337125557,-0.001112484208897064,1.2883100148085392e-6,-3.153276061642346e-6,-1.1867210955116397e-7,-0.016665855538600154,-1.2301596681714647e-5,-2.623847925399719e-6,-0.007854709899038057,-0.009997793883154521,5.100448078612993e-6,-0.00010979440545605831,-0.0017998113254076812,-1.2532553568121326e-5,1.4692764245280895e-5,-0.02048582175077971,-0.03975464487861514,0.004415340047540386,-0.0012166076821377761,-0.00013698565180377833,-0.00027149171296987385,-8.104813388299919e-7,5.165781203500791e-5,2.1445851988654254e-5,-0.002108661429906171,5.853081956905971e-6,0.0024394208075320493,-0.04354628211046145,0.0014061118689131244,0.00019101964167232677,-0.016565168738639488,0.009993336746041711,-0.04077130809716815,-2.777749744705669e-7,-0.042543072823706424,-0.003257813889623256,-9.979078229680584e-5,5.455594947111923e-7,0.0005599613413457235,1.4492110468602071e-6,-5.3745212459898705e-6,-1.536148477417437e-5,6.742919416461266e-5,0.00018428891242995858,-0.07951394000975845,5.85602439776375e-7,-1.22107939750133e-5,-0.009947877349203016,0.0011269044400208854,0.0007647352490187929,3.604267065053887e-5,-9.304177305417938e-5,-0.0012231400718872556,0.004047327909389521,1.357840898575857e-5,-5.169752104049949e-5,-5.331498492751359e-6,-5.838768875588359e-7,-0.00038595540497414786,-0.005961639432236946,0.0005332887141768515,0.02168797722923532,0.00024457632019422046,-0.002757648058041771,-1.1999645115231002e-5,-0.00015407600599565458,-0.00011072736074457414,-0.0002683982961731097,0.007044772555157974,-0.0006330722985788214,6.581375589588925e-6,-0.00011452554146209114,-7.575322583329634e-7,-0.00027895521970416995,0.0025126470239339436,-0.003634966360494059,4.8581116710935724e-5,-2.2626367544410326e-5,-0.00308916338162718,-7.538341070324932e-5,-0.001544653949196979,8.476632803828093e-8,-2.981345501056555e-7,-4.763914418666498e-6,-3.671603016389464e-6,-1.0052153983084951e-5,2.737840829242571e-7,-0.0047014123619911275,-0.0005424462950804683,0.01286816193813074,6.783645065356867e-8,0.0003673776208836479,0.10865792557816739,-5.701516680552267e-5,7.287066244323144e-7,-7.811140532310981e-7,-1.8979626895053764e-5,-1.5521667543597076e-5,-0.001983838407373011,-0.0015817973739731608,0.016069444240305975,-0.00046842633543302015,0.006330055720631625,0.00011599147797639834,-0.002711364755358353,0.00016701086546212285,-0.0010668768419125273,0.0009967923571175272,-0.00034844865280513244,0.0002130800290043099,3.1698850898240276e-7,-1.9319931259744702e-5,-1.0324166025084482e-6,-9.661486174574162e-6,-0.03309616344835159,-1.095996398944326e-6,-0.000315261165199571,-0.06773064774061595,-0.009290849295182035,0.013332768884374872,-0.01994345530448169,-4.84243241215292e-6,0.018798621337252096,8.593447384419854e-7,3.635581257500483e-8,-0.01865745318286752,-0.00131305168287798,0.00012208993159312025,-0.00012114937869692434,8.399655735963648e-6,-2.6325250572831516e-6,3.5090047689382013e-9,9.119133908767996e-7,-2.7197578165583334e-7,-0.00989884612124559,3.937798739098631e-5,1.3520606944840354e-5,6.572133333666226e-5,-0.0002577871483435812,1.1784880407238084e-8,6.175937397959114e-5,2.840045137076816e-5,0.0003492018749252983,1.5382688244394573e-7,-0.015188300588286593,-0.018465462348258948,0.006354755561121061,5.0206815486291694e-5,0.01280240398083866,-3.108457040756091e-5,-0.029089065827105874,8.386495349296033e-7,-4.3109993818969565e-7,1.5590386060932377e-6,2.6533545262252973e-5,-4.4157943258843176e-5,-4.181145778551754e-5,-1.478067748695297e-6,3.0390958529613818e-5,-0.013945789354169992,0.00013042056843046686,-1.94177645354331e-5,0.004855932353140796,0.0017869576913450923,3.173194567322108e-5,1.4145670430447532e-6,-8.639127936704882e-6,-0.10616294939529404,-0.0005374224032807017,-3.974886794012027e-6,-0.011614109781839969,-5.196694794074559e-5,0.008119055109845959,3.8333403831796725e-5,-2.6341195588513058e-5,0.007312848137902169,4.032471545762997e-7,4.364013594817331e-7,-8.565901272859836e-6,1.5360599158506665e-7,0.0022153617631151304,6.934582787141994e-6,-0.0002903536377091828,-4.493753714963119e-6,-6.771607598662656e-6,0.0011539104771398604,-2.3637953930148354e-5,6.43845728598035e-6,0.0002359659011709963,0.0438783840819188,-4.0631548276820263e-7,-0.048770977690601736,6.676769795317777e-6,-1.400423550770746e-6,-0.007193166726301015,-0.005327656232275994,0.01608288808368999,-4.004335653813355e-6,-0.003147714289727923,0.00013995195672569205,-0.012845993082827434,-0.000619319805627868,0.0005867306674369379,9.047116973273741e-5,5.533391031212683e-7,5.7301697808101035e-5,0.0010639139203274769,0.007916854714299329,-0.020601155666247643,-0.06806262760697929,-1.3019258847377196e-5,0.0002049216273279097,0.15892011017210944,1.298429496007585e-7,-5.195162151880519e-7,0.0008317534756166983,1.2316468977131172e-6,0.02208790674943729,3.236361993903802e-5,-2.56255564300169e-6,0.0003841875690640008,-0.0010609439460495054,2.1372791753913816e-5,-3.4077545258504733e-7,-0.00034135168552231,0.0018435677197446226,4.089313341584271e-6,0.0195608741918698,-0.0007846671000605227,3.353780038269072e-5,3.2247968942201306e-5,-0.001660391680491459,5.02789235715692e-5,-0.0004463360065989783,4.643656554379371e-6,2.8273054048889155e-6,-1.3384025879103465e-6,-0.02752555098859997,-7.34346769546652e-5,6.688644516146191e-7,2.0408428471257312e-7,-0.030337536671660923,0.19742953256776322,-5.8136481671363414e-6,-2.2103360237797573e-8,-1.3833902994122313e-6,4.978480648963999e-5,8.773334085009172e-7,0.00010945644405598009,-3.2901450258315685e-6,-4.255332776402761e-5,-7.052399832726113e-7,0.001067715763891704,-8.568076797687665e-6,-8.478128122733022e-7,-0.0002979913682389889,-1.8119031614018028e-5,0.005168293217270737,-7.014536252014714e-7,4.814666030867355e-7,-1.7784145659172168e-6,1.4724227027414813e-6,0.00012570151407091017,0.005141734975126574,0.005229168498088741,-3.2602038889105614e-7,0.012469157423557963,-0.0005972147303655485,-0.0014518563962746473,8.60919509989876e-6,-0.0005276349692496617,-9.426139417925546e-6,-0.0013156385360201305,0.008181161035227159,-0.07982427467482985,4.643662653006747e-5,0.014672267216025344,1.291327258785002e-7,-6.441245344988969e-5,-0.0375473785569055,-0.0007342096156812968,-0.0018992595047785553,-1.6364549986100487e-6,-8.985346004403281e-5,1.298441213864691e-7,-1.3036622506950902e-6,-2.1509190363969897e-7,-0.00020106232190391057,0.0057922523880344105,0.13331950577609314,-0.01309659266450962,-4.188684898451698e-7,-0.00022641290397304768,-2.68644727298917e-5,0.005841236601635328,2.3675937646047597e-5,-0.00014557494857931732,0.20487813642138192,-0.02529598802638049,0.000137749625559581,3.940302775100544e-5,1.1427130336248092e-6,9.5638951059474e-6,9.38771417760078e-6,0.00017063121571252746,-0.044370111063780575,-0.000933078878639416,-0.006462730226429223,7.613157978283723e-5,-0.0016979375984832136,-0.0026358016163736072,0.00041988979630739904,1.0490158929350472e-6,-1.5235883608783696e-6,0.0003424360095807374,-0.0001414731335145769,0.00025045119016306287,-5.810191672293823e-6,-1.924196116189167e-5,3.0445083426001636e-5,-8.25470096555799e-7,0.002216032894772169,-2.187059770336467e-6
0.0,0.0,0.0,0.0,0.0,0.0,0.0,0.0,0.0,0.0,0.0,0.0,0.0,0.0,0.0,0.0,0.0,0.0,0.0,0.0,0.0,0.0,0.0,0.0,0.0,0.0,0.0,0.0,0.0,0.0,0.0,0.0,0.0,0.0,0.0,0.0,0.0,0.0,0.0,0.0,0.0,0.0,0.0,0.0,0.0,0.0,0.0,0.0,0.0,0.0,0.0,0.0,0.0,0.0,0.0,0.0,0.0,0.0,0.0,0.0,0.0,0.0,0.0,0.0,0.0,0.0,0.0,0.0,0.0,0.0,0.0,0.0,0.0,0.0,0.0,0.0,0.0,0.0,0.0,0.0,0.0,0.0,0.0,0.0,0.0,0.0,0.0,0.0,0.0,0.0,0.0,0.0,0.0,0.0,0.0,0.0,0.0,0.0,0.0,0.0,0.0,0.0,0.0,0.0,0.0,0.0,0.0,0.0,0.0,0.0,0.0,0.0,0.0,0.0,0.0,0.0,0.0,0.0,0.0,0.0,0.0,0.0,0.0,0.0,0.0,0.0,0.0,0.0,0.0,0.0,0.0,0.0,0.0,0.261350265688714,1.4085639972752817e-9,4.130788171358201e-6,-8.89741922722476e-9,1.094685330377797e-6,5.7827321090853e-5,0.0001069372161483772,2.238315608983855e-7,2.287046524918101e-8,-0.03921266369639014,7.077047427552902e-9,9.672869840273147e-6,-5.674015196006231e-6,-0.001079193998323553,0.005218659926131681,0.009933125802358063,-0.021896334691724615,-3.5336552786476998e-6,-3.411767520134286e-10,2.4586154901777824e-8,-9.211892175052172e-8,-0.0003308950975438727,4.586131345973512e-6,-2.2049947430538126e-6,3.5142570241162304e-5,-0.0012730788448141015,-0.03713284513761612,-3.188443706358589e-10,0.00037574832662054037,1.8989938309922633e-10,2.226136241076937e-11,-0.008312115891066235,4.4263970982544497e-5,-1.2407205659300958e-8,-5.649418146419097e-7,0.042059054242619805,-0.006971364207890782,3.987620186764914e-9,0.0012441968119495928,-0.0010200821153093587,0.0879889799305704,-0.044087189209740134,4.031288353523127e-7,-0.00018286078811054158,-2.8083026785686593e-10,6.393136259926091e-10,-0.008278945327551693,-4.853429227678061e-6,1.2449821400853072e-6,-1.2860568411209235e-8,0.00021062447600615858,0.00841272451909838,2.149735308351437e-5,-2.347978045969948e-7,-0.002139541169661244,-9.84806217485557e-11,-0.008132544387118799,4.732309538024547e-6,2.466064435569672e-9,-2.081243017428944e-5,-1.338411651407305e-6,2.3239210907436684e-8,0.003027405291763465,-0.000238410968289348,2.4501376704905237e-7,2.3950608032338336e-10,-0.012554307158831074,-0.015762611914964923,8.953188167946139e-8,-1.5059270830354193e-6,3.2231302811768014e-5,-0.0018872319532809755,-9.596736384800543e-5,0.0003871564094271203,-3.2197843414093465e-7,1.1196578655026137e-9,-1.160601547263698e-5,-0.02816474956172163,-2.834312887040676e-10,-0.018881875712070995,2.205783707805459e-5,-3.7827738635397406e-6,7.877446144822293e-10,-3.056452587881782e-5,1.1170528039050552e-9,-3.030573361144018e-8,-0.010186058204270475,-0.017425651975232607,-0.0009418954943275653,6.057886538726881e-7,-5.351006737237216e-9,0.00042113000001197634,0.0005566112082694985,-4.863475310144102e-11,-3.175852141650856e-8,0.0027851632893413055,2.617788549451794e-9,0.016057933330074187,5.139741106217144e-6,0.05490656167836004,-4.167879489688074e-6,1.9712142614951367e-5,0.12003764951505251,-1.3298763797052811e-10,9.877160436761046e-11,-0.0002629532959747691,-0.0005481138403521167,1.4387745935573997e-8,-0.018622634139768085,-5.237388528910518e-9,1.1354995724217219e-5,-6.221695913556668e-11,0.002213961006845098,-2.3579585554920133e-8,-0.00019055210560330795,4.230193332717677e-7,-0.0002165924647192496,-2.974344353643873e-9,1.1808631214508795e-7,3.691735979096571e-10,0.0024685444887879403,1.7234382484570142e-9,0.01957387174950048,1.4498599346255651e-8,-7.785045487847231e-8,-0.011913616207182814,0.0003224177771412743,-3.3028527981267954e-9,-1.7687709928960706e-6,0.0004352190123424834,0.00015128550038490156,-0.004243390784962933,3.3008197763521914e-10,-6.0586801734403915e-5,-0.05341565132922673,-0.04124879463864255,-2.276693481816236e-6,-3.591561265185126e-8,-9.349425829832205e-10,-8.31425712051483e-6,-0.006153442568753703,-0.002678447066157177,-1.9532296444295996e-5,-1.2495740269429215e-10,0.0011333347153131685,7.248032859208435e-6,-0.01629432852768433,-0.00047595653537224934,-1.6581403447806155e-7,-0.0692281860868282,-4.685303382906071e-10,-2.9213670455944787e-7,-0.00011061552550097086,0.005476155384959663,-3.313168472729314e-8,0.005790118588087355,1.6035966811957523e-8,-0.0010092400806010855,-1.1332793327483859e-11,0.010583518033876981,0.00024587752867191764,1.4749968538970137e-7,2.9467571378953697e-5,-2.8292862648704e-7,-2.6109582357432983e-10,-2.2694238536363974e-8,-0.0016415419964331765,1.6219070107902726e-12,6.422532926607019e-10,-0.00015287622332121135,-0.005136918985717979,3.7888065866704194e-6,1.272865799778382e-6,4.5774388956733086e-8,-1.5367546736466515e-5,-0.002097717102962836,-0.00019612820678385735,-7.773025005588326e-9,3.7116301406386813e-8,2.7703574118455104e-11,-0.0014811511432328164,-8.983874990712419e-9,9.304576472365353e-5,-4.5818541049413396e-6,0.18181771728202734,0.000835743666390164,6.458434177821703e-10,1.0498199885675936e-6,5.942686889666271e-5,2.338515934981713e-7,0.015199129567684726,1.2591272294369849e-8,-1.2130579039671534e-6,0.0016806224379556404,-6.376740703743376e-9,0.0058443089045225535,2.7254257872749873e-10,-0.026519066727493594,-1.9777526597950593e-7,1.7791811650315794e-5,0.00011257423262418773,-1.644381987530812e-7,-2.104001939044488e-9,7.119333703820539e-5,-0.012828069001904252,-7.810623020047205e-8,0.009499073433987686,1.4863576396998602e-5,-6.00545286639123e-5,5.70122547085976e-5,8.067811196654245e-10,0.15281355905976038,6.303745141226346e-5,3.534563389814336e-10,1.0945638529686218e-6,-0.0035024936966068644,0.013812529727529839,-6.1640336034376e-8,1.897353289524938e-5,0.0021864923877970423,0.06582820960890534,-0.00022110887952699824,9.17513007775651e-7,1.112489718043688e-7,-0.0015909819512454752,-0.005075495432541796,-6.985098431425218e-6,-0.0008540007260944651,-0.018161295035331614,-0.0517064946440546,1.4303960857077984e-7,4.27787660521562e-7,8.290662480400444e-10,1.7776476898689e-9,-0.0017249586804436341,-3.818432641694985e-5,0.007925820261770066,-1.3889925685580133e-6,-0.0009647190168575245,1.0608702003890462e-8,0.05447886189324647,-2.75884001526067e-6,-0.016846672040888414,0.0028644611349135304,-0.013181811644402311,-0.004597387207293617,0.00021688250785888277,4.9414776762171246e-11,2.029805558068709e-5,-0.0036176991472055605,-2.7783758808994824e-5,5.055361942504529e-8,0.0001405751448370368,2.657435930190613e-6,3.0047894215523037e-10,2.9717724823861543e-6,0.0003837819955733785,0.0013328776553621752,-1.4902387309689718e-6,-1.066886188667725e-5,-1.1089357909666776e-10,4.028294452268268e-11,-3.1692809777453265e-6,-8.612120534237074e-10,3.5446669455823726e-11,-0.0071437013979289135,-0.032510287011085354,-0.00207311938781596,-4.151572696346808e-11,0.0007037086162755019,1.2423714163065211e-10,-0.004037592428023017,3.272833047919719e-9,1.3116982413632203e-5,9.756718853653279e-10,7.521248431436403e-6,0.00011215226393824026,0.0012989100922542623,-0.0018821593550486277,-0.000900026155542218,-0.004117175770325639,1.1998811064524784e-8,-0.007941853571691356,-0.0027195520657373137,-1.680783873948311e-6,-0.015805922177366136,-0.033316578363997006,-0.0014589473451533765,-6.163948370646704e-11,-0.0001561468972075336,-2.0209492109099463e-6,1.8675132392353383e-6,0.004411348857417695,-2.2571293340200835e-7,0.0017603755870449142,3.646349648660018e-9,-0.00045765918901419727,0.0020739269508670177,0.00910463436074405,4.2015653621212663e-10,0.009649439685549403,6.431896825913937e-7,2.395264463270179e-10,0.000856985255213873,5.858012912862155e-10,-1.2106920102626492e-6,-4.933167922242509e-10,-0.0007961257640894526,-0.00987102402833568,-0.016301407012788937,-8.538183840813146e-6,0.0008300480485035025,-2.485421482279117e-6,0.000549225175287165,2.5252412657510357e-8,-0.01161971715475745,-0.008153421937912346,0.07218610892592014,-5.565824355258134e-10,2.838646921057691e-10,-6.817139480318625e-9,-8.256015899988068e-6,-0.00021557595009327532,-8.21280306464518e-8,0.006369280773586572,-1.0730478809328608e-9,-0.0019415522707911719,0.040504391403533145,0.004373762030104063,-8.487133147358512e-9,-0.001684152740667092,-1.496457086999828e-11,-1.7666243915045744e-5,-3.3831475711961726e-9,0.006849510512060019,-0.004922476925625877,0.008458924079024516,2.4066727046896276e-9,-0.0006108278552783945,-0.011136621249097598,0.05497566435443981,-0.008637617046281552,-4.396433262843062e-10,2.267755669004797e-7,-8.092307354411067e-8,0.004219707794716046,0.05247293868303878,-0.002855766992569833,-1.7487346926298506e-7,0.21120661068693852,1.1914242334123733e-10,-3.712204553810546e-6,2.6896538578677632e-5,-0.025807210496479577,-4.31098301397996e-9,-1.6330146393792593e-7,0.020828293495614672,-0.014192502078306041,5.611452074483553e-6,-9.68631177204553e-6,-2.6221757744689865e-5,-0.0014068445698240252,-2.038027941037413e-8,6.236086265521568e-9,6.334710788780092e-5,-0.01830418794120539,-1.5177270701509324e-9,6.669595957012549e-5,-0.040252133293522833,0.00023000933172058393,-2.7384664593610555e-6,0.00030088024836026866,-9.121001879656636e-9,-2.6843674462188824e-7,8.587083411098421e-7,-2.8090452934606385e-6,-0.0006089487294515525,-7.407889504277703e-6,-7.771974095046599e-5,1.7424958967753847e-9,5.851584946273253e-11,-0.00018344020263541078,0.0064204567689911275,-4.496664414080986e-10,6.5613187822651665e-9,8.5323529613093e-9,3.3249036423666955e-8,-3.560193959081951e-6,-0.006176793046913796,0.017067287055204383,-2.5751153175971876e-7,-9.850760212436542e-5,-9.766013690914061e-8,3.68068504843093e-9,-3.669062723767187e-9,7.681965925639752e-8,1.7080397600126886e-6,5.555635372432458e-10,5.628764374134927e-9,-0.0011374886788460732,-3.290573730137639e-6,-4.8409326824590655e-5,-4.595736067930931e-6,1.4060746391833186e-8,8.114963384517848e-7,2.482431386238611e-8,-8.324922052210232e-5,1.4087433313404947e-10,-0.0022301959771626164,-0.00458131437144041,-3.122262011651333e-9,-0.00010733990345196069,-3.760569364074565e-8,1.340589076699289e-9,7.644158087396051e-10,0.004487286302768578,-5.379375621564124e-8,0.0002318532155093472,-5.271725563596621e-5,-1.2581597508800053e-10,-3.4688567888545024e-10,-1.533728321328247e-7,-7.845101332040005e-10,4.387091809500089e-5,-0.02823673707213418,1.2918406888507313e-10,0.08351900275086778,-0.012095094757126406,-3.4364547205948656e-10,-0.007273576950248466,-7.579836396512343e-5,-3.3700093630908255e-7,8.58686310065913e-7,-0.0014647334752811948,0.0006019675459549944,-1.4692476396503533e-6,-1.3622629232304048e-9,0.00045511830890935926,-0.02089683280526549,-8.349439514246751e-10,-0.007173601750777131,2.975678378845936e-7,0.0003979890863223255,3.667158642631011e-5,-7.966420203931728e-5,1.2892439511273147e-6,-2.0582148797318856e-8,-3.132057442687256e-9,-0.01366063857720096,-0.0002283287759708948,-6.088400746539229e-9,9.249012803187483e-8,3.0767284883134026e-8,0.0007708909316526748,-0.007799856360116822,8.976489293679195e-11,1.5610874906821102e-11,-7.80017000451313e-8,-2.3376211471991405e-10,-5.65853073470945e-8,-9.037214677151327e-7,4.332525571244073e-6,2.3303607573897307e-7,-1.339880523827789e-6,0.001620484376704202,3.508260981166818e-5,1.3859958246617909e-10,-0.001126823558993337,5.622419476580811e-6,2.767972631557562e-6,-0.0009674813349249474,0.0003552559454380641,-3.421491790820435e-10,-2.4469081083648577e-10,0.0005402777409625661,0.00019785853392004124,0.0007815607421772485,2.5447678781182017e-6,-3.957135016526777e-10,-1.4882443890682864e-8,-0.0013427153911737915,-0.0009215416701987056,0.0035835041763978854,-0.0012271503449091832,-0.01899874167936247,1.57003567700677e-8,-0.0025679121333980295,-8.411815490542756e-7,4.14200984957454e-5,-7.58674780909706e-5,-0.021633504313126273,1.0317850738124894e-6,9.3222449962637e-8,-1.7246248791220286e-6,0.001254730148310348,-4.712173192174055e-11,0.011020512204235177,2.068584147912785e-8,0.0057821429046352865,-9.305322916781374e-9,-1.4321932106110677e-10,-0.05755865976313212,-1.063215833282017e-5,-0.001104519391111639,-0.0041196426329995085,-1.3359696739713523e-5,-0.00012025368622516883,4.565486369060702e-9,-0.01125115064934873,0.18207217645498222,-4.996593028957941e-6,0.0003983226881359198,0.052143883928468006,1.5226107630937738e-5,-0.0009466310267161475,3.5371992646820044e-7,0.0001357529620150924,-5.096854814033014e-9,6.9800094858693214e-6,0.0030817386773478368,2.5622309656453086e-10,0.1769826582885275,0.00037648954444373503,-0.00012602827655845561,-2.647550778364644e-11,-1.1300060183087238e-8,0.02862765348975782,-0.03536542392232658,4.354806415534503e-9,2.0196972535188412e-10,-4.6405630480600055e-9,2.0091939655923024e-7,6.149595910727503e-6,0.010633380948097937,8.056274668115471e-5,-0.025312450074006013,1.2078419681505163e-10,-8.272227508122903e-5,-4.419371761375569e-7,-3.205733946607068e-6,0.005761256308638021,9.323492899599323e-5,-2.610529666537875e-8,-3.5156981498721488e-6,-0.001556542820222396,0.0004158338640448138,-6.350717679479897e-9,0.014130963901995308,-0.04405842868413468,9.575723687149187e-8,1.337764369191831e-6,3.3499802310897904e-7,-3.5092175980268106e-6,-5.534440936634433e-10,0.0013858576386971226,3.4364235531454576e-6,0.00038814954215717784,-0.01827902028498394,-0.0006983464094052913,0.0073172115103977645,1.6610662141558427e-7,-1.5960890482266434e-9,2.391127813648144e-10,-0.01310776640504936,-0.0002741589058097622,-0.006599073944717645,0.001981503071316192,-2.178296396010023e-9,-7.073579082108218e-6,6.124650225965102e-10,1.0014075268536485e-6,-7.894098704542262e-8,9.97108022320926e-9,-0.047082177839661676,5.156257499861875e-8,-0.0009242104164548454,0.003663013096760096,-0.025126991131792936,-2.0206729725735634e-11,-0.037933976084499985,6.827007381338844e-6,-0.0009749590233055593,0.01170394374638539,0.010054822110352649,1.3517324895892862e-6,-1.957351764468579e-5,-3.197794344715479e-10,7.519608757217442e-11,-2.1201479762952474e-11,-0.0026533592373366496,-3.1906079599953544e-10,-0.0008593163746326505,0.01448820716503817,-0.0015114958808301506,0.005675707765405582,1.1984540296784113e-5,0.06572263204022727,4.608542915436926e-12,-0.0011011702546602994,-0.0082039915645637,9.69181929562421e-6,0.012744873042599029,-0.004687444399103349,-0.01678542938138323,-8.121062774275671e-11,-0.009343759685469938,2.4763311093532126e-7,-6.858605287553434e-5,-0.001240443409646458,2.2328249594228352e-7,-3.0979577256519816e-8,-0.00016028772544428787,2.7523055528214525e-11,-0.0002906699758310307,-0.058976003597300763,-1.4713930502450532e-7,-1.352125737144232e-5,-6.082447614842153e-6,-0.002158770401141972,-1.2533731974742525e-5,-0.006362395136615691,2.516294475182232e-10,-4.622461913508432e-7,0.0005959383485517594,-1.5635112213170334e-7,0.001306552688559837,4.911834941271e-9,0.012355859376283283,0.08323243904932695,-4.340885300612869e-5,-2.9552505037563763e-9,4.779501432603374e-7,2.908393196056373e-6,1.794620147007735e-6,0.002661336688925144,-2.919299637631944e-8,7.576097106908556e-10,-0.00020107545848763379,0.0030793345284223805,-6.9514201541377415e-9,-4.750584327320166e-6,1.2310409050089593e-5,-0.0022278603759314113,7.729470232761551e-6,7.241828538198909e-10,-8.968354012352575e-11,-0.049404629077855776,-0.0011976138512703324,5.393480083418516e-5,-1.1326270987717797e-7,1.7893621017013563e-5,-0.046761794879870255,1.0882017876986184e-6,-4.3397625350830827e-7,-7.054314181584989e-8,0.006871368441678641,-0.008378638544535218,0.0005317848983289491,-0.0011231008225429354,-0.0009961078867690557,0.0007515485740751169,-4.9828894381822635e-9,1.904165247809888e-9,0.0035160192645514467,6.007278611655653e-5,-1.622965307980544e-10
0.0,0.0,0.0,0.0,0.0,0.0,0.0,0.0,0.0,0.0,0.0,0.0,0.0,0.0,0.0,0.0,0.0,0.0,0.0,0.0,0.0,0.0,0.0,0.0,0.0,0.0,0.0,0.0,0.0,0.0,0.0,0.0,0.0,0.0,0.0,0.0,0.0,0.0,0.0,0.0,0.0,0.0,0.0,0.0,0.0,0.0,0.0,0.0,0.0,0.0,0.0,0.0,0.0,0.0,0.0,0.0,0.0,0.0,0.0,0.0,0.0,0.0,0.0,0.0,0.0,0.0,0.0,0.0,0.0,0.0,0.0,0.0,0.0,0.0,0.0,0.0,0.0,0.0,0.0,0.0,0.0,0.0,0.0,0.0,0.0,0.0,0.0,0.0,0.0,0.0,0.0,0.0,0.0,0.0,0.0,0.0,0.0,0.0,0.0,0.0,0.0,0.0,0.0,0.0,0.0,0.0,0.0,0.0,0.0,0.0,0.0,0.0,0.0,0.0,0.0,0.0,0.0,0.0,0.0,0.0,0.0,0.0,0.0,0.0,0.0,0.0,0.0,0.0,0.0,0.0,0.0,0.0,0.0,0.0,0.2575944337931799,-4.9236013911541365e-6,0.0009561748487904112,6.154691549715292e-5,3.4770213386481615e-6,9.052984324992543e-7,0.0001849212230773158,0.006106935379362521,1.435795883756296e-9,0.0008521351252246022,-7.303071084859076e-7,-2.9466625673696916e-5,1.914695805670345e-8,6.487568567962371e-11,8.896020148213308e-11,1.307251476767304e-9,-3.481708362615075e-5,0.048926996561180845,-0.0010326487275108152,-0.000442538848252131,8.408128932725776e-8,-3.0529760518497967e-7,-0.0001253394609224662,-2.967587740196413e-7,-9.896276583518668e-8,8.603129104440667e-12,0.01705638705623501,9.202556666314012e-12,-0.012475954981787557,-0.046512954556260463,-2.498754898155309e-8,3.141330371404889e-7,-0.0009159461365918321,-0.000275286782568128,-3.9859236660577647e-10,-1.1123613377252148e-11,-0.0017004363559576284,3.815481797632777e-11,-1.8829849733617722e-8,-2.7452039060991e-10,2.8911650372783623e-9,0.0008021832009787262,1.3544222131064408e-6,0.018712528696966973,0.009788253238012431,-3.313416117015588e-11,-7.194372649171681e-6,0.00021250198147578522,-0.006299050148320304,-9.690808168772343e-8,8.165029182872798e-10,2.9088852522525675e-6,-0.0007523446389023505,5.823395931620741e-9,-0.02014105748398766,2.504559434989899e-8,9.863934608552398e-6,0.028472456000258453,-1.8487409929543457e-9,1.7523599283509642e-5,0.0009745549131816133,-6.409995800639692e-11,-1.9929988456787198e-7,0.0003283035307470934,0.006832827736433291,-1.2025509251425908e-8,1.6238762740139748e-10,-0.00010025973864397708,-3.9655706101032474e-5,-1.2764881034884875e-7,-3.622047764016142e-8,-4.788047947180283e-7,-8.817170641479361e-12,3.511441028979741e-5,0.008111282571150936,4.3439798874044177e-7,-5.005128487086999e-10,-0.026980771544560054,7.688990497209507e-11,2.044423367148734e-6,1.819482073238581e-7,0.07152144046555588,5.461315545132212e-7,-0.005338655314466564,-0.0016647785341919051,-4.1639110303860255e-9,-1.0034906815352025e-9,6.3738750551823e-8,7.376290471137738e-5,-0.001149508945818057,8.402836162790486e-12,-1.7992661571549513e-11,-0.0026400731659399317,-0.0012507654375357201,1.8919715130896123e-8,-0.0017784059247132498,1.1948864145748788e-10,2.8804667893763942e-6,1.3554975717114687e-10,-1.5035055559139853e-5,1.2451571542608788e-7,-7.135389727493737e-10,-0.017036148112611893,0.0038639453887218452,4.096352597321291e-9,2.4646052140880365e-7,0.0024327134671707413,7.726479662416289e-11,0.004948437211959262,5.384987722205953e-6,0.007365891943663722,8.119403531553102e-12,-0.0003601078161601531,1.1115326964298842e-10,7.698720140839545e-5,6.296526978752735e-8,-0.046217769332343075,9.173217385667956e-5,-0.0023352093966923244,2.323082594383375e-9,-0.002640326955662564,-5.787436441517913e-12,0.00013539855161509242,1.1850534781065248e-5,5.594758059802278e-10,5.232548840579355e-8,0.006597255744603963,6.826189270882308e-7,8.280319100181265e-8,-3.971646201352192e-8,-5.794522454396285e-11,-0.041832377158914684,4.078818925880468e-11,2.296283580228157e-10,1.7971003025526074e-9,3.1840298760875988e-6,0.00018239800223014975,-0.020433166665432313,-8.050534676986954e-7,2.2822865217551632e-10,1.4778340218902086e-11,3.955415792321975e-6,0.009858038260625318,1.6525089098802247e-8,-6.023155732511158e-7,-4.2558367229248863e-10,-5.2820846870922913e-8,-2.2041916268701253e-5,1.6758492130632297e-9,0.09342890530189597,2.050619569302078e-5,-2.387121903454483e-8,3.1492178277672564e-10,0.00026901859688028754,-2.561668845516921e-11,0.001728119356679671,1.1749418683560329e-8,-9.167436906993868e-5,8.021253472662751e-10,-1.75674587034803e-11,0.00020793301689490774,1.6949758006252619e-6,5.297334684483958e-6,-0.001872527497268473,0.00013291995001952424,-3.4327455666348555e-12,-0.001878581086811289,-0.03247240546345384,-8.777945896318039e-9,2.6470473467663974e-11,1.7572166485055204e-5,0.0001052390262678594,0.00017325511678480452,-1.117631693445134e-6,6.883242471538627e-9,-2.5073010641101757e-8,-0.00041773313675665694,4.051733246719422e-6,0.008453024609985614,-1.0369867356123728e-11,-0.0010637178482540087,-3.2080755722908366e-7,-4.397750251555104e-5,1.6513474774218011e-9,-1.4221712898328386e-8,0.09632819940276978,2.0884842098078133e-5,-2.2166889732054188e-7,-0.00015912434503991227,2.0910112078509587e-9,0.009781569096743842,5.491958341874633e-7,4.211991100752113e-8,-0.0006930480380538663,-3.5247096075775913e-13,-0.009977643624112076,-1.1277527474908274e-9,-0.00011774453057904622,5.496925859116504e-7,8.82336621671212e-12,-0.0006577281864115284,0.003296608103004999,1.5127689980326209e-6,-5.089368232871173e-10,-0.0002495730885265071,4.0081298286367064e-11,2.8073129639272276e-9,1.9838133672561375e-6,-4.74926959247036e-8,0.0011520186623602668,-3.4999175067796037e-10,-1.491983783410137e-7,0.0019656030552715397,0.00013631010497421007,2.261297554490129e-8,-5.5411095902476664e-11,-0.0009129884350190715,1.0397232898323459e-6,-4.3267371257273075e-9,-3.37067423503505e-10,2.423618846652743e-8,-1.0670488980004617e-5,-0.0001868441058866921,8.738866567911301e-8,-5.155457467747095e-10,-2.025831637956386e-6,-1.7422843246848623e-10,-1.0169175061152255e-11,-4.136134399850518e-12,0.0004804024135716661,0.0006188335026460159,-0.0007300351936767423,0.011577471985202413,-2.7534658366842593e-8,4.326538001889799e-7,3.1762907910113127e-11,-1.273595206558326e-5,-4.738994818233968e-11,0.0015272355562830245,-3.6677843061424714e-10,2.0953081939545494e-6,-1.0337861788651433e-9,9.109714185375181e-11,2.8281815083569058e-9,-3.1561509212548974e-11,-1.496827453047359e-8,-0.031055990912366896,8.9023723827415e-12,-2.3770068130578388e-12,3.2862890365139617e-7,-0.00018892426859497304,4.2301113916749577e-7,1.0077565973458147e-6,0.003369672052391704,6.856439770562607e-7,1.4032458846430643e-7,3.3776620709119926e-8,3.2123829190335983e-6,5.344554732036448e-6,0.005528678614597319,-0.0016710515252561977,-1.5045379608537387e-6,-0.011276343183769808,-0.0005230775666599488,-7.270345643760368e-9,2.5542874007047304e-10,5.705685685981853e-12,-0.03674033658168332,3.102514940448614e-9,-0.00038839792708753924,-6.25573688283488e-12,0.00037317811126277525,3.5973668617192623e-6,0.1411467846380743,9.773664639287214e-7,9.987132017696845e-12,1.0365670859402093e-11,1.3725684505910361e-11,-1.7926532218326878e-12,2.5127925334792193e-12,-0.00026930093448471876,1.224409237603739e-9,-1.72247842829179e-9,-2.1688744110218654e-6,3.687453361747061e-9,1.720859042097781e-10,-3.069257463130487e-8,-0.006425148403199854,2.0945514075392804e-7,1.1191785134408566e-6,1.8206426167686436e-6,-4.102061712969049e-10,-0.00010654977096870202,-1.0534163011954266e-8,4.431357903187907e-5,6.219638732507174e-11,-3.617211495302028e-11,7.398678790064573e-10,2.3810403787361448e-5,-9.608867702044253e-11,0.00018300168510036163,-0.01604398195572073,-8.918039320932801e-12,0.12971789653357158,-0.0003061300698249015,0.0022469054793864307,-1.5586580640184075e-8,-1.3744805238973482e-10,1.404416283475245e-10,6.404838189392938e-7,1.2090124821740558e-11,-2.112379841766111e-5,-3.196178178403969e-11,-0.0002709654133413109,1.0559636780951755e-10,2.1883648434779484e-9,2.9106599909530325e-9,-0.020065347560858874,-0.01179038969665002,-0.0001451451111928403,-1.732569825587228e-7,5.978847084085943e-8,5.515123490747718e-5,-1.9682047019712456e-11,-0.00679489070653866,-1.0698877312825494e-8,1.633504367129168e-9,-3.427905194507672e-9,-0.001047275040364974,1.6716546151380377e-11,-0.02350566185403219,-3.492764782505454e-6,0.0026961294013808177,6.567714385853245e-11,-4.197705630178505e-11,-4.864542732351592e-11,0.008922760248284776,-7.52560459912153e-11,-2.158542220277365e-11,-1.9941372948233968e-10,-4.408491437956349e-10,0.02473149605026582,2.3436625019656467e-5,-0.00014641965662674463,1.6271746581020027e-11,-1.419283391910175e-10,7.799458742855015e-12,1.4903936825391003e-5,-4.874441544492941e-10,-0.00994675221583855,-1.0029686407970383e-5,-6.082649130850233e-7,-2.5565187103125863e-10,-5.8325050992641467e-5,-4.2868011502517157e-5,1.0248183720019168e-9,8.02480927030204e-10,8.291366976087177e-6,-1.430416039746674e-6,-6.680116744494237e-7,1.0630677859552589e-7,0.001146466718198795,0.0008159790185580883,5.448154763863153e-11,6.115390533206717e-10,0.0051165315876949636,-2.1485055411638873e-7,-5.767227994761009e-10,5.7992941968673476e-8,-2.9215960007138008e-5,-1.2450767065738723e-7,-0.0006110514143549136,-5.297520960886552e-6,0.0003658031113615132,-8.28099436139303e-6,8.158038999483587e-12,-1.1345632600768715e-5,4.856959623822742e-7,0.00036528814281513956,-0.006201839357577251,8.702581172673989e-7,2.2789643550689747e-10,-0.03730494591633486,-0.001215845597436206,0.006775137258060121,0.00041123176857517927,-8.045239991895065e-5,3.630039496332766e-11,1.925819454009626e-9,-0.00011621372407546886,-1.330338424147139e-7,-0.0001876308715529054,0.010900953007128105,0.009922704229317006,-0.00024619398785116433,-3.7122601939585776e-7,0.1880541237449537,0.0020354013174665084,-1.617261387397117e-7,-5.7861179598596155e-11,6.555542635142935e-8,1.432829926388683e-6,0.002897728300793251,6.187628832203316e-5,0.004418030295699436,8.613481345452576e-7,0.0069692277385560554,3.324628105338509e-9,4.642451674351226e-9,-0.0016916498493904962,1.2478929858288294e-6,-0.0008267069394678969,-0.010153205372986062,0.0004418124630630514,6.214336002354906e-11,-0.0006200712040465115,-4.02539085582798e-8,1.8843899215100647e-7,-0.00016589088895666926,-0.04462449365952973,-7.480788616167902e-6,0.009518794962623756,4.46479319787539e-7,1.0080001155566703e-10,-0.015114285532819235,2.98432951577766e-10,2.970112518744786e-10,-0.0024923767219008817,2.3016241097092558e-12,-2.7368402403291293e-7,-0.00038263523673827534,0.00012435943987833002,-2.932858575166654e-11,-1.8495236047516977e-8,7.4657787663253945e-6,-0.03163887908571504,-8.72355267705109e-12,6.012346169364332e-11,-0.02353320035621556,-3.8372535653957726e-10,3.36935254687734e-5,1.0973439679281522e-7,-1.420731575928501e-7,2.3033562367491108e-6,7.570801394586055e-5,0.0002870841426273912,-3.7376984313734036e-6,-9.033687598041056e-9,7.388718619958439e-8,0.0003918387765913232,4.709474038111181e-5,0.00133607331019292,-1.5514321073972403e-11,2.7352855853875065e-9,-0.030184392750920316,0.0006293596417509107,-1.0150405517040352e-5,0.019829961112634943,-0.0005734454645476757,-2.006690472225572e-5,7.067303717356942e-6,4.9169886887377974e-5,1.271011903182629e-5,2.306439699160526e-10,-5.932551091362232e-7,0.0038944411603153975,-3.845264194815831e-12,1.0357832908463749e-6,6.428909036119924e-7,-5.25979619170871e-8,3.565140633370071e-8,0.060796497806620484,-0.027487196130108173,4.130563800675998e-12,1.173032313669381e-10,2.1986051547906296e-11,-1.3262995953108798e-6,-0.002324357671564986,-0.0005777816079520393,1.0318039600293257e-8,-6.945034330529659e-8,1.4269014204546738e-11,-2.2762880897389514e-8,9.218176369134141e-10,0.001226737390431151,-1.0079684116818263e-11,-7.95717976099627e-5,6.388552074753103e-7,2.802931130004342e-7,1.4277650957120547e-9,0.00012814088103548893,0.0002564820922073823,8.746599648875374e-6,5.897986159878796e-12,-0.01055644269877574,1.3655289163197062e-9,0.002168057806146848,2.3766217244925327e-9,-0.008123945308571513,-0.021861354843068406,2.876680262003619e-9,6.880605399470621e-6,1.0317861395425144e-8,-4.679481347803955e-9,-5.604647743186113e-7,-9.271448850631122e-8,-9.621899399399535e-5,6.728158159644154e-11,-6.054456835582807e-10,-1.9911950945970165e-5,4.905984783101959e-8,-8.292104264762128e-10,1.1048415710769253e-6,9.371557860427359e-10,0.0003404198928362791,-1.3067279301411594e-8,-0.00017243142977623382,4.547656709969043e-6,-2.206859730068553e-12,0.0037467664271750847,-6.589108280158024e-10,-4.850645106844947e-12,1.0811378303657888e-7,0.0016577256826637412,-0.0015012466442354449,-1.6366589504718448e-10,-2.8268969212170157e-10,-0.00013574398313922838,-0.03458887408037035,0.0003626616270078797,0.00015977678624629144,6.1689719766804806e-6,-1.222076501092977e-11,3.1374919976630253e-6,-1.1290486367930382e-9,-0.007803224196438126,2.1424081867563177e-7,-0.00023905350024648438,-2.695568171410436e-5,2.759378539443804e-10,3.6439821523986527e-7,0.00012020232406012141,-1.5404553043057334e-5,4.9411144959323646e-8,-3.574272140046168e-8,-0.0011524160507127598,-2.90082879359945e-11,2.7876613502520526e-9,0.00019920412965241838,-1.0801772590010592e-5,8.625596293911681e-6,-6.327628433836458e-6,0.007510914375150145,8.225397454575488e-9,2.005704754201321e-5,-1.2328003266955905e-11,1.4078232724332144e-10,-3.8284702119324317e-8,1.206107335405736e-10,3.886929003717486e-5,0.003909341720588634,0.010280545480685103,-2.002703969362574e-8,6.209125803084824e-8,-9.522843876872624e-10,3.1710996041811976e-11,-0.0008038841252674815,-1.1643931585561742e-8,0.00879819750424229,8.634958912226511e-5,-7.651692192254903e-5,0.007303822564403186,2.103546042132263e-9,-0.000426817962212419,9.645013937030496e-9,3.4017782118544105e-8,4.256402208451256e-10,-0.0019959136294064417,2.0695508643425607e-10,-8.565461703173953e-7,4.626466660307381e-8,6.840837781563666e-11,-1.3787917476380911e-11,-1.7916963773563322e-5,-7.1127039216234466e-6,-0.030964347515297804,-0.006360014216299675,-0.03474505669773851,5.138131255042945e-9,-0.01878553491942447,-1.1224164679551554e-7,-4.69962342947742e-10,-2.0179713692270104e-10,7.524901896529462e-11,1.1032304281742714e-7,-3.4220813749655167e-10,-0.0009269578512330919,2.7392038245577606e-8,1.1745306228503573e-10,-1.4867097892284152e-7,-4.061193642343769e-11,-1.2453285264176728e-10,-7.141173257839906e-11,0.04898224719792158,-3.0931126718406214e-10,0.0005581448066791136,-1.1090971270119701e-7,1.0800815082217597e-11,4.369537986332845e-5,-0.00022622281751383244,1.4281813283311538e-7,0.024423436689110622,6.473003136206752e-8,7.211658311573515e-10,-0.000607500582293344,-4.539717109443162e-7,-2.3694112524897976e-5,-6.121144715937158e-9,2.223172425320976e-6,1.0361808585842846e-11,0.019518299935220276,3.9541947099300294e-7,6.296217565624773e-8,-0.0009637285384137446,-8.502876648362373e-12,0.00038789689978532794,-1.0563488609355099e-10,-1.725201122514762e-10,2.7202779996544944e-12,0.00036972685077786246,6.642941116707956e-5,6.4391027856954125e-6,9.047090254694802e-7,2.964158827116376e-11,9.287717455861634e-6,-0.0014870181977728932,-5.308975095275725e-7,-1.234778640127714e-11,-0.0002425474631590464,-7.359471853110932e-6,6.8046207245146e-8,6.478875379131384e-9,1.3407618324263423e-8,0.019471027032267597,0.13994158200477433,-8.82837044909228e-10,-4.355816577235282e-9,3.0055267843272868e-6,-0.00047961346537119437,-3.2760187164580487e-7,1.935529015376526e-9,1.731574122298999e-6,-0.00015861291679104323,4.974473393504132e-5,-3.396741591012452e-11,-5.963528919346805e-10,-1.522505691001511e-8,3.80120461249084e-9,-7.171458871500776e-9,2.0794787223993324e-8,0.0007627098974591384,0.006520762022037741,7.742237184462021e-11,-2.200399505222533e-7,-0.03409709649781257
0.0,0.0,0.0,0.0,0.0,0.0,0.0,0.0,0.0,0.0,0.0,0.0,0.0,0.0,0.0,0.0,0.0,0.0,0.0,0.0,0.0,0.0,0.0,0.0,0.0,0.0,0.0,0.0,0.0,0.0,0.0,0.0,0.0,0.0,0.0,0.0,0.0,0.0,0.0,0.0,0.0,0.0,0.0,0.0,0.0,0.0,0.0,0.0,0.0,0.0,0.0,0.0,0.0,0.0,0.0,0.0,0.0,0.0,0.0,0.0,0.0,0.0,0.0,0.0,0.0,0.0,0.0,0.0,0.0,0.0,0.0,0.0,0.0,0.0,0.0,0.0,0.0,0.0,0.0,0.0,0.0,0.0,0.0,0.0,0.0,0.0,0.0,0.0,0.0,0.0,0.0,0.0,0.0,0.0,0.0,0.0,0.0,0.0,0.0,0.0,0.0,0.0,0.0,0.0,0.0,0.0,0.0,0.0,0.0,0.0,0.0,0.0,0.0,0.0,0.0,0.0,0.0,0.0,0.0,0.0,0.0,0.0,0.0,0.0,0.0,0.0,0.0,0.0,0.0,0.0,0.0,0.0,0.0,0.0,0.0,0.25724203675615515,-5.5635029377373145e-5,0.009036411220050684,0.017983804303415857,-0.004037042366130654,0.0007388036426115245,0.00032743544193713673,-5.243907372227321e-5,-9.90375912210292e-6,0.0007692480758222614,-0.011554227297237,0.00027362465477706393,-1.501586010527627e-6,6.0043285294498e-7,4.155403264702662e-5,-0.009679142485070794,4.01025975062458e-6,0.0011812934512577256,-0.0031028244361785283,-0.00043002018051348874,-0.0028039762383493608,-0.052777762295999,-0.04877634054834347,0.000750850391230129,3.8575336830151484e-7,0.00014235759309388107,-7.723993865510753e-8,1.3500499554754701e-6,3.7403648986791164e-6,-0.00027402256039514263,-0.0021299098433202584,0.00025662768723523307,-0.001520546328829675,7.296890691517845e-8,-4.374492358599408e-8,-1.3495966151536725e-5,1.6629721262655628e-7,0.00027934495006238044,-1.492163921538439e-6,-1.0903110878475901e-5,0.0008982843179350825,-0.012153838901540643,-9.806426684361095e-7,-2.0884057402304842e-5,8.373473873082111e-7,0.044452279007294405,0.00849907697152195,-0.0007174559303409434,0.0018098870705658655,-5.781957610699661e-8,0.022505403919155148,-0.004965159545925814,2.858334202937822e-5,4.3067530595132256e-5,-7.252629547030026e-5,0.06753773725232716,2.2503326333633528e-5,-2.750727984242853e-6,0.010027197948006494,0.0004547559606568878,2.1071811940194633e-7,0.0031823284590973186,0.002717241234902367,-6.746202538187477e-5,-6.927331725146707e-5,1.6906817704206451e-6,0.0003076542124763632,0.06697696761623481,-0.0061050488834328304,-0.001004655444591266,-0.0031562872401745584,-2.1765148566495927e-8,-0.006652872434928097,6.0634476306099396e-6,-0.037339395085807636,2.07293983094053e-5,5.393670653304644e-6,-3.5508346424600997e-7,0.0020384522424485504,-0.00019456290955027788,-6.01212649275906e-6,0.0014762822474416713,3.919727489689352e-5,-0.00021292993332031068,-1.2537081895045196e-5,-2.740259654242815e-6,0.00021321240019514317,-0.0362347592503966,-9.34184730276187e-5,6.045694064073785e-9,9.851920474547306e-9,-1.0364809827156915e-5,0.0017214822495858974,-0.00014392343524618126,-2.6822790616787423e-5,1.5863404395954736e-7,0.011513282631993856,7.993827967702403e-7,-0.04016672170151867,-0.003985498721771917,1.7334626121398766e-6,-2.7700849431004078e-6,4.726982647953099e-6,-0.00011720768370953172,-0.0019770295721604483,-0.0012611264542138866,1.2076266496598788e-6,-0.00011313400522923486,-0.027266613055427626,-3.5694298403421436e-6,-8.604145043039994e-8,0.0003300354282724679,2.0781516794513025e-7,0.013624353192989819,-0.0006845246107436014,2.6331197664412103e-6,-0.0022240071242436783,-4.524161330580864e-7,-8.897713730008229e-6,-3.9949926909951815e-5,-6.0579605371564704e-6,0.0003338674003489013,-0.0044205103743469466,-9.209108544921937e-5,0.0008943076413713005,0.00035145928250212476,-0.004768276868444438,0.002298123070302693,-0.0008745967174882898,6.090965143628355e-7,4.939499098986964e-6,1.252913113929341e-7,4.219877250171358e-6,8.18937569614232e-6,-0.08974661796691336,-0.0002973134251368536,3.311941824953683e-5,-0.012219718041223045,-1.3530159968495664e-6,-2.0761893427556285e-7,-0.042718278770748276,1.4613015529714601e-5,4.26678864020053e-5,-0.008876745228451168,-3.8641847272378125e-6,0.0007519069719548289,0.11616287577502477,-1.9920795908725352e-5,-1.5106823317227922e-5,-0.0007582144102641379,-0.000545117122563924,1.4575206010658525e-7,-0.0026152926565316406,-7.328990073004287e-7,-2.368670301046883e-5,-0.0002549904116161915,-9.375244848713018e-6,5.299617900535064e-5,-2.1560965257733635e-7,0.0017093960172181706,0.008659621020643299,-0.010494196532467326,-9.559100335153124e-6,-4.848927500831797e-6,-6.344761397739959e-8,-3.318887191250276e-7,4.148220482941809e-5,0.001792626007707078,1.167235035642792e-7,0.020521564433430596,-0.005232549361456573,0.00042628655788628535,0.011872758147137995,8.134502978433177e-5,-0.00028532390338171815,0.0002207025539283868,0.000146049005224782,-6.3908148381309756e-6,1.0240685134301558e-8,-0.00010173325408819358,-0.0005848364341766971,-0.056971648149901945,5.3087350261765194e-6,1.1369576717354707e-5,2.6804318232040648e-6,0.027863952538961737,0.0023602727536703597,0.0016207964640205536,1.3150121908323459e-5,5.5051625905196526e-5,-0.0027841058993584634,9.104030589917175e-5,0.0006942901998697501,6.436516432367127e-7,2.530173702736201e-6,-8.710176020038628e-7,-0.005950456793412051,-0.006564816635526091,1.9643720159924686e-9,-0.004040908773779862,0.00017980416019971007,0.009008440086387775,-4.175247245282084e-6,-0.0011674592455407794,3.8355960941216844e-7,6.975837877984984e-5,-0.008769666094402797,-0.00020938964421007513,1.0318705313607295e-6,-7.499317578376306e-7,-0.0019593345538612317,2.455803674021185e-5,0.005944570749487669,-0.0002489234264499676,-5.935600511631635e-7,0.00039406155598950657,-0.006266531543975992,-3.941040332984999e-5,2.0066152842898055e-8,0.0005857682255681635,0.134236677402237,0.005284929842596099,-0.0019038021779517402,5.511036849467033e-5,-0.10525640559282884,-4.395723768737259e-7,3.057327634068995e-5,-4.02740996273725e-6,0.0007187734159671401,0.001185898920094561,1.6352734216748348e-5,1.4774820486799234e-5,0.00015177793115454566,-0.001762078928871361,2.691558540810935e-7,-0.003952800839949354,-1.0789566510726574e-8,-0.0004017630309232035,-4.443116948537084e-8,0.0022879509368635446,-4.7070631605930624e-5,5.30041211267653e-7,-3.0485579556666737e-5,1.8773791927330945e-7,-9.994745350497244e-5,1.3789771897815802e-6,-3.2347554088096115e-8,-3.198848140362631e-8,0.001242289700915995,-6.838783055630141e-6,-0.002623800846219309,0.009235473308100883,-1.0901386331190628e-6,-0.004424862553368955,0.0008058842660073923,0.0002489345318855344,8.895660784047464e-5,-0.030991359222162,-1.5034348973106825e-6,-3.358193217351544e-6,-0.004966626476137658,-4.364490856317746e-5,2.3228364880647784e-6,3.7783108144437674e-5,4.466365710577644e-6,3.90600240117905e-7,1.5251587952845528e-6,2.1452236809465606e-5,-2.286281722639297e-6,2.6721377895621964e-7,0.0008014972166088187,0.018315406487801618,-1.487260262157515e-6,-0.05195764176450361,-4.1043671400313936e-8,3.639524865101226e-8,3.128355047883382e-8,-2.3208699801703912e-8,2.3913652003523375e-7,0.0004442848818450637,-7.009394522815717e-5,-3.086601284520775e-5,0.009083509688047376,3.910815052146176e-6,1.4137821754786553e-6,0.0004228059674651702,3.1252971273143575e-6,-8.286131383166117e-5,-0.023798209156498204,-0.017676584278893067,2.5305421030223465e-6,0.01537974600985965,-3.2609431163139526e-5,0.00034346223304206687,8.856019622583165e-8,-8.602042514567479e-7,-6.42247072112579e-6,1.175216480406915e-5,-5.101853931085435e-6,0.003838870416045055,3.0636786929406333e-6,-8.704648866399692e-8,-9.701434517632916e-6,-0.0034228149883520375,4.940929083619547e-6,0.0004330604208673879,-4.3173813401785755e-7,-1.0457843424781386e-7,0.0025430112845923358,2.5045165952800012e-9,-0.026427934672769212,-1.8747532507026746e-8,-4.641148050836281e-5,1.1370320740968218e-7,-3.0103864752003235e-6,8.499007674914636e-6,7.223241961945405e-6,2.7353646634076197e-6,3.088117163833424e-5,0.013981626522919259,-0.00037962177979558923,-0.00011112597428650174,-1.1534017407585906e-6,1.521015958089283e-5,9.976821000466218e-5,1.8156353807667832e-6,-8.232927910543814e-6,0.00030807595398547915,-4.034419348975651e-8,3.0313130065908147e-5,-0.054499034348967634,-0.00010713264827509573,-9.350367596616106e-7,2.7407114555569447e-7,-3.303563304990576e-7,-2.5936846612324744e-5,-1.2012670712246384e-7,4.0431211491122745e-7,-1.4131366887316249e-6,1.2513817298499673e-5,-3.6601670176121374e-6,0.017208410603586376,-0.0011066656444689118,2.565418691227034e-7,5.972297775586427e-7,-1.844717982515169e-7,0.0014491663883135992,-4.599209209941081e-7,3.017725651056579e-6,-0.009445286749061681,-0.005907324666099818,-1.2831197341380774e-6,-0.00036294240080889193,-0.006010523026082049,-1.324448006573406e-6,1.4733695948192714e-5,0.15716639865514925,0.002964386734946107,0.00417292004435111,-0.0008220998451830161,-0.0008174938715731179,-1.4214247873369875e-5,8.456438289426585e-8,9.168476879410107e-6,-7.344187413454244e-5,0.0046194008050664,2.370859485008019e-6,0.0005583411201122532,-0.016112003906686746,0.0008698153731963365,0.00032921557281672287,-0.005197079658890225,0.00585406435831214,-0.022558683079994646,-1.4352092173769775e-8,0.027823399271085354,-0.003083667354894665,-7.810546785664204e-6,-3.251014605101817e-6,-0.0036414037546875274,-1.0506400268281412e-6,9.117138703573318e-6,-3.0095301701203845e-7,0.00011392337979160194,0.0015108462879293647,-0.06853479893512565,5.987391405049596e-7,-7.579527153470216e-6,0.001211750871876393,0.0024179852862903843,-0.0054010931641568175,3.225139045250858e-5,0.00014194504239744256,0.002797500973253984,0.0012279261282120662,-2.2443591541967187e-6,0.0003121465430942577,0.0008408676980569381,3.045107294738834e-7,0.0002975846745357194,0.00579004956032718,-0.00043853748206908606,0.00686245069437866,0.00021044907042810994,0.011174830984001452,3.4697813927520966e-5,-3.864565171180923e-5,-6.406433533520314e-5,0.00012449626537523463,-0.013784507029029653,8.823694297184888e-5,1.5298510839481405e-5,1.0942197078485963e-5,2.603614022464332e-7,-0.0007031944569908081,0.0027262608600934443,0.0004915355732383802,7.353040224885244e-6,1.5686478965029325e-5,0.0023791773234218844,0.00015987813169996735,-0.014593204950277855,1.6933424262435754e-6,-2.5030695838556733e-7,-2.623364852078478e-6,-6.654903606723619e-7,-1.0024219797105673e-5,-3.0971937463157847e-7,0.0028924652540728065,-0.00509052616783194,-0.007008383208660969,-2.1950344752846016e-7,7.761891022221713e-5,0.013670069751716987,4.511604949152489e-5,5.90399801096683e-7,-7.655685964945081e-7,1.3205774652330785e-6,-5.899032115082919e-6,0.0008493876293190569,5.010829403221155e-5,-0.00019591983738584702,-0.0020585051499069184,0.007894687404089813,-4.71669026430909e-5,0.014184706357157649,-9.56796399772373e-5,-6.437519220367453e-5,-0.0019139127828963936,0.00029201119988850517,0.0003659034949356276,1.5064733354091453e-8,5.7235811660474425e-6,3.0338490120440923e-6,8.56416380292914e-5,-0.0010897077259981744,3.7152660557482423e-6,-0.0002356106501945407,0.13115308792521568,0.044694881244627095,0.0028546557049467535,-0.009272122079560763,-1.7630510553090983e-6,0.005639228577770998,5.7121137508542455e-6,2.7906764297229126e-8,-0.004175023855196105,0.002054364965616214,0.0003767655373464419,-0.00027953010928843795,-1.4449153065334918e-6,-4.416045979406074e-6,-4.911715584080517e-8,-8.605970521377037e-7,5.0486714031137006e-8,-0.0035939024207756955,-0.00016954778853365301,0.00017378362976353098,0.0001178474731061685,0.0010602087474509063,-1.8216168638837192e-7,0.0001623093783047916,-1.543307849858517e-5,-0.00014828107188431564,-1.69493564238527e-8,-0.010409437884950662,-0.00814909393952009,-0.0047795142603544545,-2.2716981973173254e-5,0.011934401212191989,0.0008565578734778801,-0.04190859882321433,7.345062805951334e-7,2.3003206302142666e-6,-2.2616844567611953e-6,0.00045882127100561307,4.861116445032325e-5,-0.00030299850787761975,-6.53369461962694e-7,-3.201321388009859e-5,-0.04851982343563856,0.00025397471873808485,-4.143393024673686e-5,0.0016863497892660262,-0.0012428305081474574,0.0001648322851225773,-8.397727021349029e-7,-1.2345241627711375e-6,-0.006444392839766794,-0.0002498958850957863,3.7170368889684366e-6,0.005139909442306896,-1.6743215726127966e-5,0.002116170209640119,-0.000605822318631977,-9.442427407483533e-5,0.0033941739422056953,-7.326075226194114e-7,3.4801924602868607e-6,5.513378361072858e-7,2.0938464760974113e-8,-0.00044569123094066553,3.3737119670760567e-6,3.11515080718969e-6,-4.283794826462815e-7,-3.060175948218183e-7,0.0025059117059395676,7.98291523290551e-6,-0.00010697113381930553,0.0006948397941751832,0.01699633903142524,-2.3467357296472287e-6,0.01762263509186963,-1.7609591415148845e-6,3.3180055085585826e-6,0.0002731630746484909,0.00043100218361100194,-0.008864225775305585,2.9492737187224134e-7,-0.0017487751018104988,-6.773492066490081e-5,-0.009569361471574663,-0.0009608716040081405,0.002017836152401506,-0.0008813597308044976,-1.336284717560757e-6,-3.2816919086198036e-5,0.002347829676215987,0.008012576654284394,-0.0006182197095406191,-0.01761699916177506,1.375082893243679e-5,0.00016391304829123127,0.027445619130571308,1.1858366660192158e-10,3.3226892762308296e-7,-5.9521393142309934e-5,-6.276974235028167e-7,0.005740304985597921,-7.570625554817748e-5,-1.1936761259800064e-5,-0.00019971453364296324,0.00019946638017515097,-1.67439387624299e-5,8.864842950389426e-8,-5.633120977323413e-5,0.00019466176919576494,-1.0308493341069242e-5,0.0078447800889378,-0.0033816903631659068,0.00024741671247120636,-9.107211750957603e-6,0.0019246633518912972,0.00011368903512258167,-0.00012113067019707118,1.871788806532321e-5,-6.195713945940584e-6,3.739459217119526e-6,0.014591174358744014,-5.676891384133763e-5,4.527059245258141e-7,4.640386369761752e-7,0.2069710205610466,-0.034337231227031424,9.46234743173435e-6,-6.333397748081771e-7,7.483861617258798e-7,5.4603690283197985e-5,-3.986624929825647e-6,2.7354873104923795e-5,1.3767054192761973e-6,-8.872226880069203e-5,4.662111775912774e-7,-0.0005959635571180867,1.8267080658512592e-6,8.118151541221678e-7,0.00014425451838857094,-3.216322472187674e-5,-0.005388816636223898,-7.359361815394434e-8,-8.396264185326161e-8,3.522039692815539e-7,5.472479158278079e-6,-0.00016065068212720832,0.0020516895642677326,-0.0012097087270550523,9.821969247117449e-8,-0.045228028935768265,0.0002371046650354994,-0.0006363066184938653,5.027641941355593e-7,0.00021718216158008564,-9.8417628450494e-6,-0.0029580145920310107,-0.03534932766314035,0.03706036552098321,-2.7547068732142674e-5,-0.09799702364961352,-1.4452040216422532e-7,0.00018870774599516382,0.10938549092287313,-0.0003835085687125677,-0.0016324760016863497,-3.8265714562773874e-7,0.0002612370898089568,7.732827497945847e-8,-3.760119492266357e-6,-2.2087532790652838e-8,1.4961169634561162e-5,0.009785872615514116,0.01089853371167103,0.08922475492150532,3.3878134751206375e-7,-0.0007464282013473046,-1.5434906359896944e-5,0.003500723410535731,6.062399735364121e-6,-0.00012573661965065906,-0.061074898565431364,-0.007267571082139828,-0.0003006197704377603,-0.0001000996537020536,4.982306497873616e-6,-9.822056886128429e-6,-5.014981129949658e-8,0.0001273886129389335,0.014660083837351866,-0.002253594849851365,-0.024406802844011862,-1.815725449293686e-5,-0.0004290172228637407,-0.005035821457338927,-2.802283931570467e-5,-1.6023034960623586e-6,-1.4597942252531384e-6,-2.46922578609601e-5,-2.6566225813930546e-5,0.00022348651658498787,6.0810822407400334e-5,-0.00011498627325580736,-3.0848472010230645e-5,4.2644919742147116e-7,-0.00010303420941433539,-1.9982878162108276e-6
0.0,0.0,0.0,0.0,0.0,0.0,0.0,0.0,0.0,0.0,0.0,0.0,0.0,0.0,0.0,0.0,0.0,0.0,0.0,0.0,0.0,0.0,0.0,0.0,0.0,0.0,0.0,0.0,0.0,0.0,0.0,0.0,0.0,0.0,0.0,0.0,0.0,0.0,0.0,0.0,0.0,0.0,0.0,0.0,0.0,0.0,0.0,0.0,0.0,0.0,0.0,0.0,0.0,0.0,0.0,0.0,0.0,0.0,0.0,0.0,0.0,0.0,0.0,0.0,0.0,0.0,0.0,0.0,0.0,0.0,0.0,0.0,0.0,0.0,0.0,0.0,0.0,0.0,0.0,0.0,0.0,0.0,0.0,0.0,0.0,0.0,0.0,0.0,0.0,0.0,0.0,0.0,0.0,0.0,0.0,0.0,0.0,0.0,0.0,0.0,0.0,0.0,0.0,0.0,0.0,0.0,0.0,0.0,0.0,0.0,0.0,0.0,0.0,0.0,0.0,0.0,0.0,0.0,0.0,0.0,0.0,0.0,0.0,0.0,0.0,0.0,0.0,0.0,0.0,0.0,0.0,0.0,0.0,0.0,0.0,0.0,0.2542086833394602,-0.0011000746453387132,-6.472483415020933e-7,1.2982204435341062e-6,-0.010908255905075664,-0.020988992629753882,2.1672317488705988e-8,-0.046671715497122214,2.4107647781984084e-6,0.00015087376247896163,1.9955647620198255e-7,9.573158220824602e-10,3.1104183888314003e-10,2.7739778196604097e-8,0.00035950715921943203,-0.014769051031440505,0.0073443364144381695,0.008389954810344354,-1.4076616626434702e-7,-1.2206063060800307e-6,0.00017751702413290396,-4.556195319746216e-5,-5.898120326141501e-7,-5.182763397348679e-9,-0.030425480147728723,-2.6325415540657767e-10,-0.0022019716607266674,-0.004478510729279325,4.790250106698477e-8,-1.0457598162075195e-5,-0.03502958376557861,-0.0004195533169085408,-9.810879002719217e-10,-4.0904271796208695e-10,-0.025608365261610255,-1.8527927113970207e-10,1.478030913536976e-7,-4.641300390100189e-9,3.1922348775004815e-9,-0.0037521883973541284,1.0720638826653297e-5,0.004353976414707608,0.03266669328558726,7.251165720827527e-10,-6.195068942503083e-5,-0.0009935936366417518,-0.01964136139675529,-3.317634673540592e-7,-1.770005525916194e-8,7.794123032348315e-6,-0.0017183567618741524,9.050052186943123e-8,-0.05587267837145113,8.395096368011067e-8,8.283067369410378e-5,0.009979600758839559,-6.716244087907146e-9,0.0002140962881976533,-0.03355910179162986,-2.017882394372834e-10,5.5667502407282685e-6,-0.0008759430534766435,0.07994106312431529,4.3703579833462024e-8,8.537573961862363e-10,-4.645864171837049e-5,-0.0002512171462854428,-9.272707596885208e-6,3.450556070731105e-7,5.063225355947587e-6,1.1353805631035568e-10,0.004033356463971451,0.02055698486453543,1.1590853857556619e-6,6.417980484904823e-9,-0.003361183445612928,-4.310046136691216e-9,-3.2468043599106483e-6,-3.11551761260961e-7,-0.0022511539978294763,5.810915051664776e-6,-0.030811884021383025,0.00011648943731090181,-4.492849103591577e-8,4.646422852297166e-10,4.969750843951503e-7,0.0002500616267392168,0.10058352569551994,-9.166590539173117e-11,9.449294461226868e-11,-0.009640287165668926,0.0017277045003866356,-1.7820208127968393e-7,-0.01828628230642864,1.3561548309673622e-9,5.898916750878394e-6,1.1854933278013445e-10,0.0003833699227694915,6.489177229153133e-6,-3.534285379666929e-9,-0.0010136092418670287,0.0019308763034372337,-2.5619336108122144e-7,6.397007305258913e-7,-0.011290877390585121,2.9844964161350795e-10,0.025445597515751803,2.0732678921566363e-5,0.0030380065391808044,5.474481458725131e-11,-0.011222606421899104,-1.4732404173488322e-10,-0.00017455688317728331,-4.729500308658938e-8,-0.015603353368426921,-0.0030752338444812724,-0.005672017070237385,-5.388771720406841e-8,-0.012002739090606602,-1.2960633637578863e-9,-0.002686149772126724,0.000392803453586132,-3.339231540204976e-8,1.7219666469740735e-7,0.0718042415165089,0.00011381830018839858,-1.8789747256804993e-6,-1.551163682383542e-6,-1.9812786482160006e-10,-0.003671116234270995,1.3395165504466221e-10,1.0281187567864654e-9,2.7840698903160114e-8,2.943224426487721e-7,-0.004103073180527469,-0.023675501988225534,2.6896930048124748e-5,9.42964657247832e-10,-5.024788322842284e-10,5.996256663425461e-5,0.02349967232900873,5.211845860977131e-8,-2.40236350959082e-5,-3.315758878916435e-9,5.343853876183241e-9,-0.0001826376451731347,-5.122401084030129e-9,0.01301485738927492,-9.479883837798731e-5,3.731859898691059e-8,-1.6692731118012118e-9,0.0048636263616581455,8.80750973062751e-10,-0.028395901204223143,-1.0018641366764717e-7,-0.009830762318387285,1.3961160861668364e-8,-6.829926502128229e-10,-0.004414727813055633,1.3312174835847422e-7,-0.00015897387942761772,-0.022252111213696663,-0.002890160530149271,-2.767010910918149e-10,-0.000614439896253525,-0.08626998176598613,8.573413528769086e-6,7.247045395845364e-11,-2.552322615559994e-5,0.00040072722071430217,-0.0030902390207420195,5.795575583937787e-5,1.915721511612787e-7,-6.21680669874727e-7,0.12434775243360728,0.0005383414690594806,0.005090612862358618,1.786903474646396e-10,0.11822324854252358,-9.745163792193324e-7,0.0001361139032102792,6.879632813513225e-9,-5.112830854062167e-9,-0.0069199179987373405,0.0001765656763184702,-1.1043818354737062e-6,-0.0018290408390599212,-3.8323396488535e-9,-3.1441941330077715e-5,-2.4634955543049625e-5,1.5038589070330133e-7,-0.005908319899319629,9.769684298862526e-10,-0.0014642537096232991,3.754592752507696e-9,-0.0007382224919856886,-9.23436331767391e-6,-7.322677070038328e-11,0.0004076088923642259,0.016380907977261418,-1.0791974103266412e-6,-5.950549045042629e-9,0.017681718795596043,9.180433577646073e-10,1.3970554051176743e-7,1.4853192312392405e-5,-5.519478775676348e-7,-0.015820066098283844,-1.4163891981122538e-9,-9.511339080441222e-7,0.013610240254355269,-0.0005790001431102543,-2.174222962610887e-9,-1.5625852148200102e-10,0.003864567452054929,2.8411287867717104e-6,-4.5504704735007984e-8,-8.390361940204112e-10,3.0715947672230635e-7,-6.788904732449164e-5,-0.001775358975305357,8.759093227843245e-7,2.9529338431692662e-8,3.6876097605375643e-6,-2.45500012230641e-10,9.312524332864032e-9,-6.625809400292702e-9,-0.00994981155903107,5.7050998622388345e-5,-0.01728545647382515,-0.005416047408852408,1.8003591816929299e-7,1.8817338036638352e-6,2.9481275838695353e-10,0.00024386721083828844,4.878539897450537e-10,-0.021557155392283173,-1.2961977355102265e-10,1.3303025037808587e-5,-2.45041223871004e-8,8.459604692104129e-10,-1.9674133170104467e-9,-2.6233189998155883e-10,-2.2356623926803442e-7,-0.010220952284943704,-1.8739093130333898e-10,-2.2371184992868565e-10,2.1048387584051904e-6,0.0069115176143104496,2.495743487964366e-7,-3.2968251223539815e-5,-0.00150737738558669,-2.3795422938116425e-6,-1.2218803920245975e-6,-1.0144495672338238e-7,9.71029065321938e-5,4.947822083708058e-5,0.002801160162747058,-0.003374207989237361,-1.437541797850139e-5,-0.044691793015573134,0.0011047482834759777,4.822221284530904e-8,1.6840879650061431e-9,-4.59210509223496e-11,-0.0016133697542698013,-1.8138731136892546e-8,-0.007054055830637075,-1.8602994613624058e-11,-0.00028112047505449866,2.1370886193523448e-5,-0.0061979713569276455,-2.5576592848572938e-5,-1.835960567487536e-10,-1.1314575061388326e-10,4.7975364016101443e-11,-1.857999001699104e-10,8.579395260894369e-12,-0.03605884820952313,-2.3643831384039063e-8,-1.8619651045287714e-8,-6.144590828801133e-6,-2.790813853412988e-9,6.0703110046255e-9,9.240743369539346e-9,-0.0031441178103906705,-1.101440186279611e-7,0.0005376065859706012,-7.348577751896896e-5,-2.8173676236850585e-9,2.281015050002341e-5,-3.866851985394597e-8,0.03836739599048224,-1.2666879144435485e-10,-3.0199715532734756e-10,-3.45446056959273e-8,-0.01610880376453846,-1.7061822514787823e-9,-7.728276204737924e-5,-0.005615674356731705,-6.956500052017438e-11,0.007482337944762131,-0.00025920031864094063,-0.02571416468283096,-1.4454717885381642e-7,-1.5161977460388838e-9,-2.778869363560391e-9,7.135195875771245e-6,-3.3341734970502705e-11,0.0002981953503565087,1.6022337027374008e-10,0.013265387252906212,2.364226274269147e-10,2.2052519728251252e-8,1.2944228731885126e-8,-0.008955627274497197,-0.002919455157314793,0.004027680714151801,5.65847442066941e-5,-5.722366294274473e-9,-0.0010395071461950136,1.39294739050374e-9,-0.013781751001853748,1.1828871330100904e-7,1.1783251781027314e-8,2.606759807951939e-9,-0.012034243575597417,-4.313846821342191e-10,-0.052992493064681366,1.673228228364706e-5,0.14518115654191727,8.738907971120672e-10,-3.2509999326806895e-10,-1.5661605852659298e-10,0.03561806267655589,2.251398657616126e-10,-5.867560965711986e-10,-1.764312176944695e-9,8.080009036624833e-9,-0.017032084794401724,0.00023997702422773532,0.009205364613635785,1.8080919494926646e-9,-3.4208898562500183e-10,-4.398123810510369e-10,-3.966591108359638e-6,-1.9521537339611045e-9,-1.8428422784773903e-5,0.00020563049105872571,-2.3124993658993304e-5,-2.1810062368476774e-9,-0.0031127045177887164,0.0010303741625566846,4.3316302768949485e-10,1.2028447195123488e-8,9.814336904620824e-5,1.7132985806140723e-5,-4.7081347844201274e-7,2.2170601244418723e-7,0.003048859673420423,-0.032369788822528237,-1.5418502577881612e-10,3.0410889592158776e-8,0.018053544352293057,-2.531474510285087e-6,-1.5771977301623291e-9,1.2532146126361577e-6,0.00025836311567567017,-7.633717947322388e-7,-0.03214753314474426,0.00026337906106009123,-0.0007468791782450503,9.2503872571721e-5,-2.3422296430013155e-10,-3.352289291430376e-5,7.536693267575983e-7,-0.005407600690651596,-0.009530948075428286,7.165410828985527e-6,1.6934033033252303e-9,-0.005228069592092961,-0.011417117686205517,-0.012065414341797564,-0.0005511962007726423,0.00036314592182456665,2.1491575481201556e-10,-8.884844456028362e-9,-0.0010651470969300213,2.7442735116298376e-8,0.001293403238984709,0.0013327290721999974,0.10151866765455399,0.00010847331724681401,2.2433502259021004e-6,0.0019017625720071396,-0.0012700715429444468,-1.9834423454638977e-7,-2.1675565112998294e-10,6.80641060052839e-7,2.5254099644077297e-5,-0.020988992639360833,-0.0006485802442694877,-0.01187974360053607,1.006874400901922e-5,0.03144971088112185,-4.29362174827898e-8,-3.670280345141938e-8,0.031013047447268086,1.1129955174208377e-5,0.007378888409877559,-0.015904163957574415,-0.02864721084604072,2.8685856185016133e-11,-0.0012870713408999525,-6.538806919425069e-8,1.7345068846076448e-6,-0.01237998668305148,-0.038281099623284374,0.0002870621554451557,-0.031499942108638504,-1.6722896714446194e-6,3.2093161024030903e-10,-0.0017417065862061624,-3.950319697934161e-9,-4.199202266084993e-9,0.003951930352306717,-4.663077306234756e-10,-3.8463504023644925e-8,-0.0013149325025132625,0.00025377355079500915,-3.249105749931687e-10,8.846384304490192e-8,8.201895144702096e-6,-0.06660594688428559,8.881305001135753e-10,-5.146454282847342e-9,-0.023079213448375293,-7.408799765439381e-9,-0.00015938562693977077,-2.3456121115893512e-7,-8.378555922797617e-6,1.4126119161080204e-5,-0.0004233067439534759,0.008000444211558754,-0.00023618547796418066,1.9250991682380223e-8,-1.0521765701894182e-7,0.0018987569449899191,-0.00858657073926068,-0.02266434570997402,1.4302540296425136e-10,8.5764078947137e-9,-0.00020937944790666026,-0.04945249550396033,0.00014555403605569762,0.0015319858028535309,0.007989945867485703,-0.0001163950184324017,6.745877901408825e-5,-0.00029022796825118095,0.0002496931222022201,-4.401698372514151e-9,-8.24023591991951e-6,0.0014898002350217045,2.234755274787001e-11,-1.1813474520122567e-5,6.1541244438200125e-6,-1.3058299485795134e-7,1.2108997375363074e-8,-0.01717772447800176,-0.0006976556344724297,-2.814699939051854e-11,5.454628802466202e-10,-5.285207705402316e-11,-3.7819388451933344e-5,-0.016521607745493577,-0.020042472661013142,9.61519085840342e-8,-1.6668955162360956e-7,6.628899590384479e-11,-1.5610023233795344e-7,-1.9125938079559573e-8,0.0007964750656672149,-1.7817955079101112e-11,-0.00022413828039207417,-1.97734130657352e-5,5.884371840660781e-6,1.0866323563796515e-8,7.064422705750573e-5,-0.0029364844839934075,0.0004275106764764147,5.929816406257839e-10,-0.001158132343451783,-1.971310079231612e-8,-0.022183995879248054,9.028880667173818e-9,-0.020828527194072573,0.0004954229431309865,6.478481834954075e-9,4.278795376314727e-5,1.5933368717600065e-7,-2.533574284339577e-8,1.153299925383406e-6,3.674823704722818e-7,-0.021456629532111846,2.0811780297540687e-10,-1.7308688771898925e-9,-2.266387542088554e-5,-1.4522458910749142e-7,-1.7552622531084497e-9,5.642868992586238e-8,-2.21410696544349e-8,-0.00016273408722439355,-5.086347628432502e-7,0.03831904177186134,2.7484037759971378e-5,-3.68071491970543e-12,0.0066778766876590834,-1.4169132652939643e-9,3.503103204404113e-11,3.1730900658839395e-6,0.0010165609254555172,0.2323421167728015,-4.58042157803524e-9,-6.995822769986891e-9,-0.0016330275608151651,-0.06797319725338138,0.0336600225827352,-0.006460344492423057,-5.383170525604739e-5,-4.78904311015996e-10,-3.044788903451704e-6,1.843852752453706e-9,-0.005126181904691212,2.3817416629390967e-6,0.0010364329507615915,0.00013426686402400403,-9.018164225603308e-10,1.0170820691775502e-7,0.0064508568018238135,0.00028619710485677834,1.5298165148980317e-7,-7.66412613552194e-7,-0.01297163509886952,5.944727225757481e-10,1.6547090031409836e-8,-0.0011065166174578076,-0.00014444155281029405,7.002866331791927e-5,0.0001658780938081839,0.022832170622715735,1.3367222664929452e-7,1.062526851059301e-5,4.373567495514627e-11,-2.057746041736775e-9,3.3968301289862684e-7,1.8326565493686959e-9,-0.00014991583065688735,0.05497374049650607,0.016827943102873825,4.848649791273048e-8,4.561317238648654e-7,-3.667231700493658e-8,1.1326647376146279e-11,0.022975541319656876,1.6465785393562883e-6,0.008643585944173459,-0.0009103540867141176,0.0010566549273771457,-0.010923006438119326,1.6727749763604714e-8,0.00240380871575237,2.4899799996816153e-7,-2.8964843429537403e-7,8.559823823974628e-9,-0.0061831485126396,1.1301396662661669e-9,-3.460362135592585e-6,1.34111794176719e-7,1.7088893023754231e-9,5.277327533522357e-10,-0.0001324309110158113,5.2059591318993734e-5,-0.008262419559251392,-0.001203049690189841,-0.0031543084989394624,8.145893640717724e-8,0.008235566184284938,1.982021607811882e-7,9.298021631036399e-9,-5.600879219998649e-8,1.6594072298083403e-10,3.7674974591399312e-6,-2.2577378694391814e-9,0.0005737752825529442,2.887449760932268e-7,-2.4275561026445293e-8,2.074297302973191e-6,-2.512402317740723e-10,-7.957202818330011e-10,-2.3949035244931823e-9,-0.010824104892889746,2.1356792560796748e-8,-0.0022584322103456054,1.421767634141969e-6,-2.6728891842507253e-10,0.0001897684753788852,0.003020075155640788,-7.585724167420918e-8,-0.016561578048408642,6.260902239484468e-7,-6.015231163450159e-9,0.006342702012283966,2.7634100163841322e-5,-7.363979923916102e-5,-1.0742850168465115e-8,1.723202448543537e-5,-3.8477474625657575e-10,0.03106042682657636,1.1800559821859624e-5,-1.366399377655289e-7,-0.00026253722012474273,-1.9096420858463217e-9,-0.0019499507238544924,-2.3078090014580044e-10,-3.4865103445514956e-9,-8.91780644954436e-11,-0.030883920311064076,-0.00030074344060753414,-2.1998039715985944e-5,1.3730071891076512e-5,-1.0107899339529146e-11,0.00268638517872594,-0.015794824711693328,4.14086146878058e-6,1.980029272735296e-9,0.18346350572460238,-1.0533378117658697e-5,-1.2397401172458419e-5,-5.22103351197947e-8,1.8305024611642e-8,-0.007574592760892368,-0.0009723460031869693,-1.8547231155743257e-9,1.7484423461545634e-7,-1.747623046015604e-6,0.013912596715609871,-1.8885732206909067e-5,3.260826429801315e-8,1.317658896094822e-5,0.0010545823002697642,-0.00021572191646751978,1.5778393356156233e-10,1.2582683436780723e-9,-7.169283119919172e-8,-2.642571798350416e-8,-4.722263052466697e-9,8.59399814454078e-8,0.09923908670039586,0.014796541678012315,1.2447986035499946e-11,-1.0557176819694133e-6,-0.0010982539436892992
0.0,0.0,0.0,0.0,0.0,0.0,0.0,0.0,0.0,0.0,0.0,0.0,0.0,0.0,0.0,0.0,0.0,0.0,0.0,0.0,0.0,0.0,0.0,0.0,0.0,0.0,0.0,0.0,0.0,0.0,0.0,0.0,0.0,0.0,0.0,0.0,0.0,0.0,0.0,0.0,0.0,0.0,0.0,0.0,0.0,0.0,0.0,0.0,0.0,0.0,0.0,0.0,0.0,0.0,0.0,0.0,0.0,0.0,0.0,0.0,0.0,0.0,0.0,0.0,0.0,0.0,0.0,0.0,0.0,0.0,0.0,0.0,0.0,0.0,0.0,0.0,0.0,0.0,0.0,0.0,0.0,0.0,0.0,0.0,0.0,0.0,0.0,0.0,0.0,0.0,0.0,0.0,0.0,0.0,0.0,0.0,0.0,0.0,0.0,0.0,0.0,0.0,0.0,0.0,0.0,0.0,0.0,0.0,0.0,0.0,0.0,0.0,0.0,0.0,0.0,0.0,0.0,0.0,0.0,0.0,0.0,0.0,0.0,0.0,0.0,0.0,0.0,0.0,0.0,0.0,0.0,0.0,0.0,0.0,0.0,0.0,0.0,0.25219029496814344,0.002981652105817932,-0.00022631070916905895,0.023148274335396603,0.0013982490647043962,4.897011497684769e-6,0.002662779942006161,0.0006449112021687976,-0.017738351087502623,-1.587569740097109e-5,-1.1415757983006828e-7,-8.443915598572414e-8,-1.9954622533019155e-6,-0.02053339641409774,-0.0001663625198259311,0.011242407849266878,-0.030782924324730464,9.532697316132606e-5,-9.024147040652425e-5,-0.03457109791974833,0.004649520561667885,-9.019912107846145e-6,1.1004159182093152e-6,0.0004055897818762346,-1.6458033945504168e-9,5.5048374939496326e-5,-7.716647762721115e-5,-3.618959360861e-5,-0.0008342657740973626,0.001300335612296007,0.0004918050293990005,-9.093290423732402e-7,3.25373788020527e-8,-0.0006130945573887282,-1.361158483916349e-8,-3.420323261292645e-5,-2.709053110026043e-7,1.762965101853234e-6,-0.02835060221525964,-0.0010802124538695135,-4.058278406597927e-5,-9.955567082412354e-5,4.3213529291932186e-8,0.0026204136845745032,0.11747955950871079,-0.0021185919873247254,0.0002313795970337326,-6.353870939137786e-7,-0.0008941394053745392,0.009041295730798607,-2.556082934655089e-6,0.00022949540592178102,-2.954521782224656e-6,-0.0025788198239175045,-0.0003904010996550982,-1.9180793563572344e-6,-0.0027412404544564723,0.003569905060935537,1.3835101442080215e-8,-0.0008640405776290676,0.06982852271946803,-0.00022431107811604644,-1.6818198195683095e-5,-2.703520444343156e-7,0.013310958027061658,0.031924362832402395,0.0027588803448696953,4.300906731269309e-5,-0.00043491592476688364,-3.261183493336525e-8,-0.09348739595590341,-0.0002786586591988429,-7.613618562949446e-5,2.756862057655158e-6,-7.392096473981107e-5,3.0057964380188946e-7,0.0011885616921712922,3.555940858335838e-5,3.688537092681736e-5,-0.0001566145813871836,0.00019898321591398248,-0.005443391576009484,4.915300686218479e-6,4.550228547641973e-7,-0.00013576909850295725,-0.027416183489034632,0.0004871206600620695,4.384178677856237e-9,-5.003783400366058e-9,-0.0001314667339150404,0.0019020977799752818,8.704871649581034e-6,0.0002631153962149279,-1.9268079385768764e-7,-0.000677194005835061,-1.1232393802167862e-6,-0.048759937016092665,0.0015726707314693237,6.534603262108257e-8,-3.519149920668705e-7,1.940627902048932e-5,-1.3389755672778374e-5,1.1034773907679469e-5,-0.003150773340683753,1.059214440567764e-7,-0.0013315178083306007,-0.005184912388233499,-1.7259487113417804e-5,-1.637833807816588e-8,0.007327535392450937,3.7780012477620454e-8,-0.011823985271198087,6.136661516836409e-5,-0.00042761779665258844,0.0008248549975789122,-1.5429478093855704e-5,3.506610084744986e-7,-0.0013177035271747784,-1.133720658801874e-6,-0.009411530393678204,-0.013790708399037248,1.129991540324061e-5,1.9329444721211372e-5,0.0009943907986347655,0.0029178932447118814,7.055059429014637e-5,3.455672233501051e-5,4.364232265576069e-8,0.00011123155327069803,1.1997307935115563e-8,7.034230841070785e-8,-3.3093293387499318e-6,0.0052590186076132426,-0.006815823332567032,0.00011623490606665358,-0.0017167203078496667,-1.2627078732049546e-7,-7.803524488700162e-9,-0.006571185534346071,-0.00012652894229129454,-8.509865886248708e-6,-0.0017576927972921673,5.550438398943043e-7,-3.9654607001387105e-5,0.014891955745238376,2.727090390285633e-6,-0.00012439526384695645,-0.01136115456751005,-7.95607528999797e-5,4.5988635759595445e-8,-0.06825153050305632,-2.031926882881306e-8,-0.002733364315382292,3.9956452743269336e-5,-8.643754622665372e-5,6.570229802886965e-6,1.7760808099241015e-8,-0.0035817769789303097,0.0009080574293255946,0.021437360015381993,-0.0005887942434648534,-0.0062169584349139675,-4.827258348430289e-9,-6.22899581835037e-6,-2.6762150330508955e-5,-0.0010746952928501273,4.806276828985188e-10,0.008354794544507297,-0.052794915323719,-0.0012052260351002571,-0.00012539741165855096,-3.962440582477801e-6,7.693215251350045e-6,1.5248643053719413e-5,0.005233801981174019,1.4204022033984195e-5,-7.965464773354735e-9,-0.0018045141323766896,0.0004557598994010894,-0.02308817737049275,-2.515146789519058e-7,1.2207639847525405e-5,-7.622717258108069e-5,0.012389962602817264,0.000656045849497488,0.17689166585436358,2.7831746738118703e-6,0.0017403298496222032,-0.0029927564837008242,-2.0016223575615754e-5,0.0047634088881322156,-1.0362286174349565e-7,6.97365501325015e-5,1.881447151926808e-7,0.019914108078288317,-0.001019108973331155,5.3333108454413335e-9,-0.04491491006240758,0.00028684671644623307,0.0008420833801022683,3.970186026591364e-7,-0.010877920591783686,-6.39937339590253e-8,-1.3374036152389279e-6,-0.0008690366000858193,4.2591896995518836e-5,-0.0002147190830839452,1.1640543065595352e-7,-1.8033017239582793e-5,0.0003607737184444844,0.13777333123214425,5.93847942058269e-6,-1.0282434893867167e-8,-0.027641506105552466,-0.0007458422938595653,6.291286997043015e-6,-1.3942893426440506e-7,-7.076333786126068e-6,0.01012412932807069,0.11081753719250102,2.0867198958913874e-5,3.959322073452781e-6,0.0019261886102513888,-2.560351887005813e-8,3.816899259484012e-6,1.3861118244349758e-6,0.009560767309554071,-0.009844160062328996,0.001297952452387053,-0.000314180543366191,-4.753799033707354e-5,-0.0003857984141605973,-4.498025293855858e-8,-0.001892394428264982,-1.8500716064970918e-8,-0.0027434857931518124,-2.0860574463166953e-6,0.00017463078304048746,7.409064344844163e-6,-4.783761997156333e-8,-4.850187783381998e-6,7.138514493253078e-8,1.0418522680136278e-5,-1.8561846070325237e-5,3.966037815003744e-9,2.053250064996144e-8,2.2398458547223465e-5,0.012277717263913088,-0.00012865251489885813,0.0019225518508424165,-0.00016803154005381023,-4.653159200712807e-5,0.0001209342179607161,2.0368929928453786e-5,-0.026009094549528933,-0.003046577145766778,-2.3851397300532228e-5,-5.706867443246901e-5,0.00026518938139769694,0.00018308713879034287,4.94832667530392e-6,-2.280161967814529e-6,-2.0157606237140212e-8,1.6934885282224346e-8,-3.3149734762040996e-5,-2.491878028030479e-6,-3.979438217359778e-5,2.188860128653592e-8,-0.0007612640248308639,0.0008527800909636372,-4.604531937611222e-5,0.004289086295887706,-2.9748018597349388e-9,-3.750326117097099e-9,-9.457743939064825e-10,1.5858332312876119e-9,1.2881994982210893e-8,0.007832199231616037,-1.4508364900849793e-5,-1.377746988237165e-6,0.004850592131342861,3.214519163035866e-7,3.592325522679738e-7,-8.652562084866535e-5,-7.179508891279213e-5,8.071188899860094e-5,-0.0642371395211809,-0.0006514117136312477,4.370382081461991e-7,0.010920761240477236,3.0988785809222663e-6,-0.0004473944695804684,2.2745304263165934e-8,-1.1806389274396088e-8,-5.844443856409339e-7,2.1057083144993957e-6,-5.602740370877145e-7,0.01584936786415848,2.8508470733068372e-5,1.3370768150568434e-8,-3.0307134364430565e-5,-0.006281195271067737,-0.0006578558073473394,-2.0629371524435892e-5,1.3838219854770715e-7,5.826236476276464e-8,-0.0001695816305838946,-2.4202044773519525e-8,-0.011982440142357836,-2.511071349838262e-8,0.007867125976263078,1.4120174352095806e-8,-1.3810977564800668e-6,-7.345268006749391e-7,-6.418840064008817e-5,2.677527450114112e-5,-0.0026547390995843197,-0.001981515178722959,2.4664924536942033e-5,-0.012131199780209882,-5.984257625561632e-8,-5.1953986293544756e-5,-1.7532355955282215e-5,-1.4137104614232796e-6,-2.099152679230492e-6,0.0007481233151004682,-3.0799208780684767e-9,-7.819357851388983e-5,-8.000274389661707e-5,-0.0003847191660294424,-8.344131229888282e-8,5.6694997647087685e-8,-2.3455001307793894e-8,2.700172080356637e-5,-1.9974271757623744e-8,4.291286631174154e-8,-1.569585895871645e-7,-1.533801337806604e-6,-0.00015687893503629706,0.0071150905699568934,-0.019719037869893666,-4.481096088872497e-8,3.811700145434265e-8,-7.298490458241801e-9,-0.0019501791173745999,-3.122867509902085e-7,4.0548196317504725e-5,0.0006347981379246722,0.0027488794449030385,-9.256554735927581e-9,-0.005212235919063775,-0.008473085270640732,8.640407708697323e-7,-2.3018581719428425e-6,-0.0015599399710621964,-0.0021920016578897933,0.0013458051885088533,8.279961306228672e-5,-0.0077391048784831865,0.002101303228336527,2.082953195566866e-8,-2.681891300475252e-6,-0.0007180996048211745,0.0005082597919636535,1.3640651562857957e-6,2.2098869594600467e-5,-0.042827579039284025,0.00013253074482032538,0.0012376925450181238,0.006854502555240489,0.16179286510173457,-0.016577668300552247,3.644824409029607e-9,0.006939152585196482,-5.276697972124378e-5,0.0004872697602886571,-1.3387598737248993e-5,-0.0009603600522909623,-2.4875941020831107e-7,-9.092344090661361e-5,0.00015102628153536367,0.0008401711361110806,0.005758774741243497,-0.034673995045561574,1.807076076865188e-7,1.5252835465660852e-7,0.09328079604206323,7.103266233142326e-5,-0.03573776749583302,-0.00011631554851216554,0.0008598686716227042,0.031126903087173235,0.0007133070624457111,-7.561412922795467e-5,0.0002024643948503729,2.890186278443708e-6,-1.2920518420946336e-8,-3.8478550218534525e-5,-0.0001787759447366961,-0.0022226024262351684,0.009405091521701008,0.0015592385331652278,-0.001363712167302293,-0.00010908223916929512,-1.0824501339434492e-7,2.977860228886649e-6,0.00018140029323122632,-0.0013502076519550643,-0.0035941054529134014,-5.1259631143664775e-5,0.00028560028842792375,-4.660599362833841e-8,-0.01460509294422944,0.000217278600330727,-8.242867834555844e-5,-7.804564217454358e-5,3.664992435203694e-5,-0.005132821994143624,0.00011252530321028126,0.0026960764691516064,3.812141374210559e-8,2.426728012606776e-5,7.27514131101713e-7,-4.842480222598468e-10,-7.130884934603318e-5,-5.49221637323918e-9,0.0006739288998450844,0.015342262663697427,-0.039883516384236956,1.2552775066205358e-8,6.812403225486429e-7,-9.849876646977528e-5,-0.0002515362131597738,2.566168060695831e-8,3.4934745945996926e-7,-0.00034849869588185494,4.257885917080016e-7,0.01092876484794973,0.00010599887990866264,-5.8065212943695867e-5,-0.0013611933764686637,0.1235899075940253,-0.004652702573283338,0.0022469020925006437,-1.7505024763904322e-5,-3.708405160627981e-5,-0.07916389048118563,0.015657826942138596,0.002167360291625436,-1.5952380833850274e-8,1.6233226380624278e-7,2.9645832188683234e-5,0.0002589256597208993,0.006074703780778511,-3.689064024328692e-5,0.002783534196203469,-0.0031354061530385917,-0.0011078120816780223,0.006955760742548217,-0.023651903144098586,-3.2079444162871024e-8,0.001444090438102772,2.8722620017865297e-5,5.956148411540766e-9,-0.0006673920811939689,-0.00013267686069360957,-2.7503233282686633e-5,3.2821912334010385e-5,-0.00016920363520894668,1.0811310267139768e-5,-4.136228556867849e-9,-1.2535840741794207e-7,-1.8188446712591243e-8,-0.003012073867143375,-0.0006322119407624514,-0.0018212339591201663,-7.574147396425305e-6,-3.478244295605876e-5,-3.34496385248622e-8,-3.113161987034952e-5,3.0742187883279967e-6,0.0016290185492742896,2.1410647532532726e-8,-0.015127725718209422,0.0008277069588620605,-0.0005877753274455221,3.4080634655091417e-6,-0.034180324152556764,-0.02733508939789145,-0.059659382845411585,-3.1179740873859124e-8,-2.041590688105789e-5,-7.045923301183375e-7,6.198377626853351e-6,1.6290676390320424e-6,-0.0006061351731513277,-9.53532591109189e-6,3.4010620007455755e-6,-0.002684161893212863,-1.2382310048794928e-5,3.994019240715166e-7,3.726598784354116e-5,-0.00017722484207333315,0.004412215502829801,-2.4776325158215776e-8,-1.6381619580550854e-7,-0.013602625945213175,6.165750643407975e-5,-7.455582421910475e-7,0.0006156001220278314,1.717811220962508e-7,0.01738066337572689,1.5120660460098735e-5,-0.0007633170223603684,-0.002006798716964475,-3.7609081843687735e-8,-0.0002206873944966774,-6.88322234190903e-7,-1.3882503651277387e-9,-0.0005053898127691987,-0.00015013112946328278,-0.0002271937244103889,1.3951420163421079e-7,1.5666696317500013e-6,0.13619900843406405,0.00027756706614603607,-0.0018532837527708143,0.013879278826437738,0.008515610864301467,-4.99396392590326e-7,0.0021745805694575854,3.1663540214801e-7,-7.812639343993198e-5,-0.00012074904617922695,-0.026357504960619334,-0.024296667629811298,7.082404591711456e-9,-2.268238543163675e-5,-0.005866359139267239,-0.005079778812097913,7.1301351998151e-5,8.003912933290868e-5,-0.004656122948107139,-9.342929899865324e-8,2.9322915286063973e-6,0.026080890376463158,-0.0036169312759541635,0.0016333411519058962,-0.024717733012299997,-8.045478820484528e-5,-1.8552935669174875e-5,0.00783417433409803,-3.0902072155453216e-9,4.213113551891206e-7,-3.216866800967618e-5,-1.5864875334642857e-7,-0.004622831050510413,-0.0007411419084021156,-3.2045337324640526e-5,-3.350998976250527e-5,-5.255575698107733e-5,3.3422496606962747e-6,-3.714083078377931e-8,0.001606774903500563,0.0015882473895808995,-0.0001762488828201706,0.028610700824439193,-0.007597125006021086,0.0005669384278008023,-9.232605463801957e-7,0.011262595955735264,-6.024524111285661e-6,2.1217585412829788e-5,9.362257139393722e-8,-7.14687461521264e-5,5.3334460380412294e-9,0.00015785996042411355,-1.0896133721814448e-5,-1.3572761922376475e-7,-1.3669656610781621e-7,0.011218054421674048,-0.001637111034509203,-0.00010985115014110592,1.1320677515176123e-5,-4.210549935412302e-5,-5.725955155488937e-6,0.00014947867938095745,9.413494062190273e-6,-1.8035877609962866e-6,1.2677616740805504e-5,-4.633120414296427e-8,0.0007064233240230021,2.606517360955756e-7,1.3163537121653281e-6,-7.684675826088808e-5,7.252089779774004e-6,0.0014615834745302402,-3.336184095818174e-7,1.737269026192915e-8,4.301770888512007e-7,-0.00011084582992327775,-1.6907742731750732e-5,0.002977671608474676,-0.00014540270607432592,8.276652845795174e-9,-0.012050800707457683,-0.003989995200677261,1.469655619100059e-5,-9.000256023895403e-5,-4.472612719358482e-5,1.947627865256357e-6,-0.059250215477626794,-0.0033562266575713627,0.006680183629631001,1.5957255631564261e-6,0.001015470340910556,-5.0724586123153094e-9,0.00043613992395204643,0.0005917966335470006,6.0263992527309264e-5,-0.0179410845072397,7.285667044584522e-8,-0.0007882713158389636,-2.559563030123225e-7,1.1569026759118375e-7,1.2176523382904994e-9,-0.0008373380981691195,-0.005235598728207619,0.0026556183886042523,0.002178664164241469,-1.7543224767473785e-8,-0.010927924829571594,-0.0006675140211958267,-0.0005252966655876141,-3.155068188370935e-7,-0.00045243319563242657,-0.00126332131073556,-0.000586941026068971,6.176326985299008e-6,1.4386298312068762e-5,-0.00024631297196976026,-0.00015441389894652743,9.970259802471972e-7,-8.264223028409508e-5,0.0020972623557354913,-0.027623819415272893,0.0030341954118666393,-8.848766600028408e-7,-7.173178087292478e-6,-0.03883385184892391,-0.011562558407153012,-4.317953345054137e-8,2.8860795256721437e-7,1.3317151863904186e-5,-1.1861479523297595e-6,-1.267112201030813e-5,-1.074527765331181e-5,-0.0012057296012847696,-0.0003346544018931624,-2.010540222238031e-8,0.00047828846598434887,-6.718338853853843e-6
0.0,0.0,0.0,0.0,0.0,0.0,0.0,0.0,0.0,0.0,0.0,0.0,0.0,0.0,0.0,0.0,0.0,0.0,0.0,0.0,0.0,0.0,0.0,0.0,0.0,0.0,0.0,0.0,0.0,0.0,0.0,0.0,0.0,0.0,0.0,0.0,0.0,0.0,0.0,0.0,0.0,0.0,0.0,0.0,0.0,0.0,0.0,0.0,0.0,0.0,0.0,0.0,0.0,0.0,0.0,0.0,0.0,0.0,0.0,0.0,0.0,0.0,0.0,0.0,0.0,0.0,0.0,0.0,0.0,0.0,0.0,0.0,0.0,0.0,0.0,0.0,0.0,0.0,0.0,0.0,0.0,0.0,0.0,0.0,0.0,0.0,0.0,0.0,0.0,0.0,0.0,0.0,0.0,0.0,0.0,0.0,0.0,0.0,0.0,0.0,0.0,0.0,0.0,0.0,0.0,0.0,0.0,0.0,0.0,0.0,0.0,0.0,0.0,0.0,0.0,0.0,0.0,0.0,0.0,0.0,0.0,0.0,0.0,0.0,0.0,0.0,0.0,0.0,0.0,0.0,0.0,0.0,0.0,0.0,0.0,0.0,0.0,0.0,0.2520213422091632,0.009716254133639695,-0.0006496377953149671,5.715177236480031e-5,-8.983096237628143e-5,-8.952543207418753e-5,0.00089366278524561,-0.0255693912915693,-0.0004162560347914945,-1.4368378277465428e-5,4.231758650255835e-6,0.00012194927466130276,0.005811927712429498,-8.720361983712071e-7,0.00036031495096202465,0.0002576977386971878,0.005587159021092186,-0.05135002725698165,-0.003303844182608719,-0.04523830546164325,-0.0030242980800981437,6.898379264573915e-5,-2.5281806075805494e-5,1.3907714453062712e-6,-1.0792989811587817e-7,-5.111665117919028e-7,-0.0032648952347101396,0.012926036915804356,4.8695904789240946e-5,-0.002057847067400929,-5.2355119089630636e-5,2.7463275391070255e-6,-3.78910906415618e-5,1.6302035752644024e-6,-0.001504975267660901,1.625299659784401e-5,6.911004156277317e-5,0.001228075926638179,0.001038243164244265,-6.467960208709161e-7,1.147014545747388e-6,-2.2657508098870194e-6,-0.017139323645255253,0.004875870892839385,4.9318497686876944e-5,-0.0016828181534019942,0.00014076434237261575,0.11860688485736383,-0.0008640904057522137,-0.00019420112748606093,-1.576047864569249e-5,0.0012288989724870687,0.007543769520499754,-1.0314387300711935e-5,-0.000147463787357844,0.01598156078270381,5.80465020699267e-5,1.3870459740522402e-7,-0.04110793364279314,0.0016922674222816997,2.358498611329052e-5,-0.0008471676407771098,-3.7547168169081394e-6,-0.000141066790224276,-0.013016240309107571,0.0035021424333388593,0.002239410535838027,-0.009467069228368884,-2.4007244342339057e-6,-0.00019157654553843306,7.2465186309384405e-6,-0.0360234527130803,0.00023513592398038375,-4.912928659365948e-7,2.9061743553084028e-5,0.06954942666167536,0.009620226477879393,2.9824027874959023e-6,-0.002371771687039197,-1.375957151917517e-6,-7.295043927075832e-5,-8.465825822517983e-5,-6.605483024823304e-5,-0.004366275309589905,0.005221579072751926,-1.2485303523180022e-5,3.4646910999743657e-7,-9.241853256283195e-7,-7.122254861759053e-7,4.5141125836211446e-5,-0.0015049030832704911,3.7354971594043835e-5,-4.2930499427785905e-6,0.028484381945469036,-6.218070148307775e-5,-0.02023645014984027,0.00560595650144151,2.42514375209013e-5,2.2729443438074312e-7,7.545904557075695e-7,-0.0006785936524296675,0.00425665894172166,6.506280338251479e-5,1.2642268505662356e-5,2.0072165833077734e-6,0.0126523744727242,-4.091015512813599e-8,-7.833058780841488e-7,7.178810719485465e-5,7.061953621307439e-6,0.0016576898316646939,0.0011684654093500676,-8.727735124827747e-6,0.0007095074378058757,1.584679936998487e-6,0.00031714822014421607,-2.2917497530485666e-5,-7.949695889237334e-5,-0.0002658070404923046,2.605391734757589e-5,-9.54175756244497e-5,0.010240427622059366,-4.918582334460861e-5,0.013571990024129869,-0.00214946582177398,-0.024575208102071665,3.4236135014253464e-6,-4.067787756742122e-7,2.572672186832406e-6,2.7956317316600226e-5,-9.349819123645529e-5,-0.03522280726263426,-4.0191201016107075e-5,-2.9773332128380066e-6,-0.019013795977177606,-1.0346950155001259e-5,1.2528982909373756e-6,-0.00511152564188754,4.789098482422663e-7,0.0006255635499083474,-0.0317577490707278,1.6857090808666567e-5,-0.0016028008879475886,-0.008297747131059269,3.7827487538068594e-5,9.64487875827759e-7,-0.0009347796142624501,-0.0057720338962113935,1.9603572244466034e-5,0.0003951765859570225,-8.871475125189809e-6,7.223258708830926e-5,-0.0004807530784462396,1.120073255267547e-6,0.0005061976611900247,-4.600265258099384e-7,0.0005490299302962644,0.13508538023682737,-0.003557396443723235,6.4609587152691234e-6,6.000520098168513e-5,1.262198563733826e-6,1.639012329832116e-7,-6.7631575919160025e-6,-0.009886879847166944,1.0660927532478526e-6,0.025419299368793658,0.007461230145814378,0.00023839399534492515,0.022876389730217193,-0.00018683865381582238,-0.00025431302109863953,-2.674364780808041e-5,0.0004883276584975954,2.2765560589210483e-8,-1.9406944323254475e-6,1.0460261016200193e-5,0.0016898707908247165,-0.010264996902754892,5.466414610641009e-5,0.00044910494686262864,-2.575188947415427e-7,0.021610021986997647,-0.00234397248676559,-0.0016244278037734741,0.00011647435940937982,4.3950617468298955e-5,-0.03437893883729874,0.0006565063285316442,0.00011353921686726881,-4.571666667066327e-6,-1.1890087034860492e-7,-6.52369124406625e-5,-0.0010868893151710433,0.007463401657455608,5.943526574439757e-7,0.0001818079298008016,-3.023767770065274e-5,0.15110310079763226,-3.190477777635837e-5,-0.00011226150312502584,-1.2403179074871274e-6,4.2806450010941396e-5,-0.0014831180360742656,0.0014748536094083594,4.219213250053297e-6,-1.6547150882938196e-5,-0.030320389899907013,-2.562814889723899e-7,0.004627794999386036,-0.0004362144795443229,-4.729200121915914e-6,0.00014353962358862988,0.00681426343813624,-3.392043829126565e-5,-7.812106841381971e-6,0.0072041511170445405,-0.006562991242033092,-0.001080766778995757,0.0034033207150886537,-0.0003488147097758608,-0.03351705755316922,-1.0392113996592762e-5,0.00030677086052927516,4.285594294742623e-5,5.0760036582182625e-5,0.0018908617218720745,-2.405850185354302e-5,4.3348229651098216e-7,-0.00219761366884387,-0.008575146498093746,1.7454410645512657e-6,0.008052563710473158,-3.3260111750298448e-6,8.62037539243633e-6,-0.0001106491247155076,0.0002127414378346463,-5.210260334321152e-5,4.640395695006479e-6,0.00016135524577707156,3.3619134627068086e-6,0.00019053827944236882,2.406442691967753e-7,5.219652332810204e-7,1.6772481952625745e-6,0.04376550464423931,7.856329021748526e-5,0.004370486494652031,0.013881334907326716,1.8411699571412159e-6,0.0018325680157405125,0.004493327813837029,0.002767446602082658,0.007533441904235193,-0.00842266637952537,-2.0178088041118512e-7,-2.304653391413267e-6,-0.0012174222968735877,-8.127528625509016e-6,2.235830554399449e-7,0.0003768936184591567,2.123177107117788e-5,6.493745281877679e-7,-9.925174078728715e-8,0.0001452603372069666,1.3496026548749366e-6,1.8990659246527842e-6,-1.5257232295174486e-5,0.11045727265792782,8.443497537321251e-7,-0.023108414527854313,7.10300277586187e-8,1.7465274090464787e-6,3.5111714401889153e-7,1.278900385140667e-6,1.6634383501108531e-6,5.07185179223103e-5,-0.000480391144348573,-0.0002630533701821742,-0.024540632533667228,0.00015721040129850473,-1.9799529634674264e-5,-0.0036618031296762506,4.561587552767201e-8,0.011102985678543552,-0.007338001213437244,-0.0029940349852254325,3.491916160204554e-5,-0.0020033668124560733,-0.0003869479126871331,9.813271487544562e-6,3.833009537900589e-6,-4.411477299971921e-6,0.00017452558098138217,6.948096989818496e-6,-4.704772634759429e-5,0.004113073534966643,3.043492284385699e-8,1.1044306165304887e-6,2.073497111370373e-6,-0.0034578261371934153,-6.612218987767884e-6,-0.0013635161539207864,2.4909730245634115e-7,1.3131644455606896e-5,-0.0008771035675315422,-7.719280529885516e-7,-0.007640588974076671,-2.788371787484925e-6,6.759215482150941e-5,9.298722693597917e-7,-3.792452017510256e-5,7.435218817346266e-5,-1.8533641706886814e-6,6.019619024667581e-7,4.497191693208714e-5,-0.020914337775946524,0.00080431063846694,-9.806040542777307e-5,-1.350358823410239e-5,-2.898119033231138e-6,-0.0007127431283005616,-3.689637721912092e-5,-0.00020889408481045027,6.211667595804984e-5,1.084360151131029e-6,-1.3487406051747271e-6,-0.058271540469547356,2.543446917899605e-5,-6.8339097803914125e-6,3.431598513268758e-6,-3.894495123369623e-6,1.1123092022777661e-5,-4.807328311961521e-6,4.1775836179286523e-7,1.805231259539015e-6,-3.0512438052222183e-5,4.089431778916895e-7,0.00849246826756857,-1.8139102433724596e-5,-7.911744135940825e-6,7.166607211392312e-8,1.6166504726727744e-6,-0.01009380993269385,7.475144766645892e-6,-3.5101905348731455e-7,0.013490846497751438,-0.016126169874047407,-1.0492114372244884e-5,2.606590603619137e-5,-0.0004117006456513755,5.8221920569872885e-5,-3.713220311616272e-5,0.007512248914524511,-0.012788844642352453,0.003933061078587593,0.00728175380125841,1.8760673044780124e-6,-6.661227546689981e-5,3.5107981306974204e-6,-8.650951406733062e-5,1.4169290952325107e-5,-0.0059709276865534235,8.965687391002866e-5,0.002279897251145368,-0.01794226629597563,0.00048124566370536545,3.461274027296307e-5,-0.005399106655195615,0.0027892082100809644,-0.0071779503893237605,2.11608435214398e-7,-0.015033661850368729,0.005959677401585699,-2.3238817969909806e-5,4.471436911237535e-7,-0.011557263455129516,-1.3505225561016114e-5,-1.4527290292115162e-6,-3.608518449903451e-5,1.6682217757305376e-5,8.391366841143689e-6,-0.009088180789070689,1.1979789695627624e-5,-9.835989829867966e-5,-0.002512241511988644,-0.0037889794819873993,0.0005090337972974114,4.113766857797978e-6,-3.161515303602152e-5,0.0005597903498413597,-8.460158873981765e-5,-1.7533006084894494e-7,8.665086313502069e-6,-0.002561667785333802,-3.8711422770896484e-7,-0.0006322283540557006,0.004072855946329092,2.5930548719349005e-5,0.002289547118158456,8.049668819741401e-5,0.025026107375251166,8.805020507545378e-7,-0.00015922319274901583,-0.00024199550308422513,1.3960682732903444e-5,0.005029079944779223,-0.00016740250996481103,2.39764551026386e-6,-6.296686350158785e-5,2.4866915959325976e-6,6.868146353326996e-5,-0.0008723194045051666,-0.0026828611714265352,1.3239814219049052e-5,-5.839400394739327e-6,-0.0008110539192078646,-2.9268400854340408e-5,0.0022213202280034097,1.2625453663027926e-5,1.871595867952462e-7,5.7058696217742445e-6,2.2730055230604508e-5,-4.571796522222032e-6,9.455994610189478e-7,-0.004308041702387374,-0.0012877585499416458,0.005188066646162347,-1.3569228498960476e-7,-0.000587622958302039,-0.0005166161345984906,-1.4296491822183684e-5,-1.7375250035446408e-6,3.667288198276543e-5,-2.124575146717004e-6,-3.848645653489666e-5,-0.00017465813494743127,0.008212993879380733,0.006776866400887224,0.03248510754466205,0.0029378368061740885,7.866797202080099e-5,-0.0007004726928168214,-0.0010965571992083702,0.002306193329428911,0.0005578998737797427,-0.000283844375805291,8.041243932900655e-5,-1.9569160600242477e-6,8.278866423266218e-5,6.169533256782526e-8,-1.0956500204296464e-5,0.012147436628478926,-7.602345442644061e-7,-0.0001217208849122269,-0.005629742613443009,0.005373858643880609,0.004068291710133139,-0.004678182008676726,1.2158811163759104e-5,0.009954934443879829,1.2030146951678235e-6,4.2225623264187015e-8,-0.005577165764477953,0.0004410122621662176,-0.0019152870314852106,0.0008610460921655137,1.516719924126426e-6,1.1200305235478563e-7,6.523491295352342e-8,-8.551927321783867e-6,2.093761162261485e-7,-0.0268487793978547,4.6081900542477484e-5,3.712315692362735e-5,-0.0002703444591468403,-0.004256620404825512,-1.6349451699184167e-6,-0.001988398745494797,8.358081294831474e-5,3.0259632353574424e-5,-9.836000185047016e-8,-0.0010072590585630827,-0.01017515912107213,0.003134393134672381,3.085058966388389e-5,0.005081701782541847,0.00044314217800997107,-0.002514051144539809,-3.93297899616772e-7,4.4923672013772266e-8,0.00013795471174602236,5.9407532771556014e-5,0.00031351992791601264,2.4810647635823955e-5,1.4162968732716632e-7,2.1904350107172707e-5,-0.004698231658705046,-0.00048142718256677743,-0.00012395844135954006,-0.004641610163408187,-0.03718038301148171,1.7256898553652222e-5,-5.570728365524414e-6,-7.629327814792671e-6,-0.01896908376379137,0.0016795177353365622,-2.8736421708196992e-5,0.07301807758900775,-4.798044071633645e-5,0.0025892242288112362,-0.009301234170054611,1.0876099491820464e-6,0.006429238542958279,-5.699944182290103e-6,1.3056913449385155e-6,-4.419695304116302e-5,-4.4248266403372256e-7,-0.03410648088581891,8.31119788338889e-7,-8.574739847531668e-6,3.0171057141173134e-5,7.8262160466825e-5,-0.002141484511054185,-1.1089885071758059e-5,3.230244612010082e-6,-0.0006346871634200066,0.016119290163014655,-3.4092199464604384e-5,0.25916989147708636,-6.573075645110843e-5,-7.95744009618225e-7,-0.004981341216738794,-0.001280187740758317,0.01065183727027073,1.6552009915711844e-5,-0.004377337918551776,9.14319817136999e-5,0.011606513587081835,0.002432885097702105,-0.002201015133415377,5.770683521859212e-5,-9.920725475932273e-6,-9.164002555073661e-6,0.0011169574674086572,0.0006863965383239335,-0.0015963117678642878,-0.023785852034061052,3.4462814960905653e-6,-4.2502174727664683e-5,0.02091806433009114,-6.385845880929961e-7,3.355379709823169e-5,-0.00023441158564258243,-1.1493696007569961e-5,0.003137508983743382,2.4082672538773716e-5,6.497234182255282e-8,-0.0023945754901632164,-0.0013462939888318462,2.0630180205123004e-5,2.2761028827469826e-7,-2.396712461816905e-5,0.0036260741100594125,2.657358276440798e-6,0.0046454538421655,-0.00012384741742602195,1.761203845942337e-5,-6.458489643170257e-5,0.0006875542394140718,-0.00013039444908953733,-0.0012690702924244858,9.289175995433469e-5,-2.4033729038540127e-7,2.062808085655079e-5,-0.014759362676556132,0.0013579994218237553,-5.870866959078842e-6,-3.515925480541098e-6,-0.008230462509435545,-0.05088415050199524,-1.6954429846424006e-6,1.612088547091627e-7,1.512345146613656e-7,-0.00034158090533121247,1.8413561090324405e-6,-0.0003813132806600418,-7.5132825506546e-5,3.414513202916372e-5,4.189480817850865e-6,0.0023217472649762153,2.733915115201256e-5,3.6746626683528104e-8,-0.002870877212635051,-0.00022048423029061398,0.0035901846191645254,-2.0194525403387786e-5,-4.133011685486551e-6,2.57650869455946e-5,-8.955761920912622e-7,-0.001062144215791173,0.0015351938081023364,-0.0063536134544367965,6.467592871081891e-7,0.003417596027351977,-0.0001239539603657943,0.00678918632444512,1.8702480174763926e-6,-0.0029994255633726263,3.464838803287988e-5,0.00023162554474903934,-0.022320179975479183,-0.02526035692823705,-0.00027769241775859325,-0.03959969426250628,1.646413418142135e-6,-3.2996978508166e-5,-0.0001512493967739566,0.001693747414602274,-0.00034795785880330915,1.113719397504991e-5,2.445227712190126e-5,-1.6329775181656155e-5,-2.9851034429905368e-5,1.2539313629332725e-7,-3.726847981471562e-5,0.002010505776480651,0.010558005568189135,6.5823280278846435e-6,1.6712728921450052e-6,0.00011556171071859093,-1.3309948502404918e-5,-0.021688244802671414,6.545693298862663e-5,1.1878592340199247e-5,-0.02354211058000265,-0.019496799118169043,-0.001803542672010514,0.0001293789824823583,-3.4353635807297597e-6,5.733046686037692e-7,7.546757781666854e-5,-0.0025920416258640388,0.20797768697615313,1.6810875651278504e-5,-0.006974582896461982,-0.000123381958119109,0.00462440298606495,-0.0012257412555093984,1.1477891497259917e-5,-1.2478865006812372e-5,-4.301743874799207e-5,0.00041166236757805656,-0.00014335857401320714,-0.0007922875108649309,0.0005259589842666353,1.937885729328814e-5,1.562655052302321e-5,4.5137660932850465e-6,0.0008576732619431073,2.4133885962569557e-7
0.0,0.0,0.0,0.0,0.0,0.0,0.0,0.0,0.0,0.0,0.0,0.0,0.0,0.0,0.0,0.0,0.0,0.0,0.0,0.0,0.0,0.0,0.0,0.0,0.0,0.0,0.0,0.0,0.0,0.0,0.0,0.0,0.0,0.0,0.0,0.0,0.0,0.0,0.0,0.0,0.0,0.0,0.0,0.0,0.0,0.0,0.0,0.0,0.0,0.0,0.0,0.0,0.0,0.0,0.0,0.0,0.0,0.0,0.0,0.0,0.0,0.0,0.0,0.0,0.0,0.0,0.0,0.0,0.0,0.0,0.0,0.0,0.0,0.0,0.0,0.0,0.0,0.0,0.0,0.0,0.0,0.0,0.0,0.0,0.0,0.0,0.0,0.0,0.0,0.0,0.0,0.0,0.0,0.0,0.0,0.0,0.0,0.0,0.0,0.0,0.0,0.0,0.0,0.0,0.0,0.0,0.0,0.0,0.0,0.0,0.0,0.0,0.0,0.0,0.0,0.0,0.0,0.0,0.0,0.0,0.0,0.0,0.0,0.0,0.0,0.0,0.0,0.0,0.0,0.0,0.0,0.0,0.0,0.0,0.0,0.0,0.0,0.0,0.0,0.2485894673537433,8.715778908788566e-6,4.933902207730576e-6,-0.0024530744856364134,2.252662856041322e-5,-0.004321750620994128,0.002615618635754732,-0.0037475952164674675,-6.988410593861932e-5,2.3180833969252626e-5,0.0009475822781320105,0.00025312378540538717,1.8243370176134488e-7,-2.1028309686486036e-5,-0.0001287972462933899,0.0064976762464235855,0.04882077655499196,-0.000832740293657921,-0.009648475253978776,-0.01938907943732822,3.756651614902759e-6,3.5774125993455127e-6,5.663602858893463e-6,1.0841121981534022e-7,2.8780310872470473e-7,-0.006308018328255581,0.018990985335147346,4.185226639512662e-6,-0.00033991793636732685,0.00021714379363975053,-7.325878674491657e-6,6.71765445001694e-7,1.5135064819208178e-5,0.003622258815306927,0.00014253212145957746,-0.000508529078887599,0.00017807120117854764,0.08905525076785109,-1.1644490874023578e-7,1.614434660276471e-7,4.598826651914471e-6,0.0034255523571948754,0.00014403979534959065,-2.2106607550937895e-5,-0.02665625904726676,0.0004753621036143865,0.017837837999885052,-0.00016375953272456246,-0.0002422471872248018,-9.277866976303076e-8,0.00963080627312247,-0.0017223083831237962,5.371645714234124e-6,0.0024222783626748983,-0.0017035677788803884,6.594216986870786e-6,1.4251277095276587e-5,0.07848885333574157,0.00013958954711526362,-1.0216741639107932e-6,-0.0034606632751596786,0.0002353385406152386,-3.0561341737999275e-5,-0.001156953900129655,-0.0248807992188981,0.009149437356177618,-0.04554162678109604,9.208223394502134e-7,-0.0002968370328365303,8.167793007182321e-7,-0.0036077113976597285,-0.00042170815335045063,5.9398731176801046e-8,5.832303530243391e-5,0.0038979368049688553,-0.014729083852178158,-9.027913140360205e-8,-0.005327071784399571,2.168883305682037e-7,-2.359676218446002e-6,-0.0017213212236993464,-0.000210285815658084,0.026831650924640474,-9.310532418007928e-5,7.309109239716694e-6,4.585000218260849e-6,-3.224757759647216e-6,-2.2557942246533677e-7,1.3708881628574234e-5,0.007084559020501407,-6.184370862040729e-6,5.785543346435835e-6,0.023363341217676744,1.6824455369764238e-6,0.001203106121858922,-0.022306033715388616,0.0001682122097187019,2.7063874828540762e-8,1.0603123133330256e-7,0.0039591964404651426,0.05743494243467646,-2.201780995681149e-6,-1.2887044229259868e-6,-1.6745664904960939e-6,0.013038137580864256,-3.1569872329884416e-8,-1.446973563030366e-6,6.934900793466849e-6,1.2054413712792618e-5,-3.8096298658754976e-5,0.03169452387297146,-4.594384639880177e-7,-6.148887869426898e-5,8.441454288117533e-8,-0.00011548366030847984,-4.5810777297736046e-6,0.0002114014698483664,4.1002173900064025e-5,-1.755702461303109e-5,-0.0033008170759303494,0.007798700724878628,8.128268451385674e-6,-0.00020834618448627463,0.02914355217367586,0.0687728766396977,2.0370297229346153e-5,1.8680902181888296e-7,2.674664644035613e-6,0.00016728448860301964,2.4493808928014214e-5,-0.0046906562970977774,-1.192933904364808e-5,-7.923735048534539e-8,-0.0038727102815305768,-5.535559884160676e-5,1.0856190110464843e-5,0.0025365620746143065,6.008523567165286e-8,0.00211973723872428,0.0012593869706021836,-0.0006501636650350545,-0.025456307342418893,7.184455177411454e-5,-0.0006995001968887308,1.0042813328590017e-7,0.00024739874955487397,-0.00712426998981922,4.840417610827298e-5,-8.738440116552411e-5,-6.115959191467893e-5,1.203587091172709e-6,-0.0051480290805554964,-4.625030944127821e-7,0.0005166820733023452,1.222503660554752e-6,3.89669995976242e-5,-0.010622068052015847,8.911129642102506e-5,-2.034915916427554e-6,7.994282454192444e-6,9.990738036118725e-7,9.786930706612816e-9,3.581220662140677e-8,0.05570154039062867,2.1349671437937353e-6,-0.0014562918202099665,7.349603971354582e-5,-1.1204239917743043e-5,-0.0020615446840148953,-0.0004758896493736196,0.0017816531156026737,4.0247987043243835e-6,-0.00011244441585446418,2.0309143763589615e-9,-1.396818063811112e-6,-1.1890543013563702e-7,-0.0041035439476109475,-0.0004716901264210967,7.623745095807734e-5,-0.002293576801117628,1.04463567227904e-7,-0.0016751313335956251,-0.02673957543237143,-7.292666135854982e-5,0.0007963691921799879,-3.022403391708963e-7,6.84077345034957e-5,0.004159581473143352,-8.062390729907871e-6,7.01454875422387e-6,7.083829676823681e-8,-0.00019053280217271623,-2.115729124146789e-5,0.01136725353143907,7.338489020239181e-7,-0.00019073834635086688,3.4800965015493367e-6,-0.008315218312385173,-8.978529348678085e-5,-3.15299646760456e-5,-1.6012851967268283e-6,-0.0004896986962877495,0.03547283329862927,-0.002442351377683402,9.486817312330755e-8,8.817071955275674e-5,0.034280063079097936,1.3899235097588954e-6,-0.0002425246336728458,0.006056290250942401,-1.3498179114726181e-5,-2.2090297926525532e-5,0.19253009859726863,-0.0013700747199369635,6.672379925000287e-5,-0.005603169970907235,-0.001802475482407818,-0.0003095791521747402,0.041027211978008044,-0.003930447986565499,-0.0034050323186483396,-1.8220945760202373e-5,-4.394285801255681e-5,-0.00014280464857975832,3.508133284367281e-5,0.00020890202920946258,7.975901608491294e-6,2.350690699189979e-6,0.01156088937989966,0.1822493901557171,5.879711544848043e-6,-0.0005615462610046759,-8.739510565943347e-6,-8.122502431465528e-6,0.00034849050612588845,0.027936380366698127,-0.0024025002105605656,1.1270177176949716e-5,0.0036847362664380007,-4.471397305836574e-6,-0.0008609832226712519,7.754063313424585e-8,2.4424239906574857e-6,-4.2516258922603114e-6,-0.02993950154530585,-4.3885731308768274e-5,0.1373119997814883,-0.0034967411480586992,-6.001442831848083e-8,-0.0002590228382635153,0.0729866520333637,0.01007765808889259,-0.0006627888156280235,0.0008798621037716283,-5.0114855602974974e-8,3.6738671894724014e-7,0.0010531698074400387,-1.257988812603076e-6,9.958909384339322e-8,-0.002282839395919387,0.0002719680966966012,1.7152157945122887e-5,1.4405824753603368e-7,0.0016958163190390354,-9.964826144773342e-8,5.376710981235225e-6,1.1688347640795215e-5,0.011800965485467203,9.343797224644174e-8,-0.002874411431357044,7.458822238915947e-6,2.4411908939209183e-6,-2.4187328244005773e-7,-3.7614146418276355e-7,5.6862596664853025e-6,5.971084089120714e-6,-0.0003707523742678771,0.003691752144053771,0.004452793155489932,2.562641559065416e-6,-0.000168203423777483,0.005120875301715045,5.798445738144706e-8,-0.00887477640891585,0.0011737025895608283,0.0026133432107943873,9.593822975231059e-5,0.00015568741324394116,-6.815064370518805e-6,5.0973840621388224e-6,6.869092233803703e-6,-3.9547156428104674e-5,0.0006080029951741518,1.5936772134888056e-7,-4.651562285968768e-5,0.00029745939762325976,5.630087644063558e-8,-1.3407335650183809e-5,3.011868990948622e-7,-0.0005083561538386737,1.8706695791691311e-6,-0.007774582895776833,-1.162883002724391e-5,5.997488131012001e-5,-0.0034743415447144876,6.678697375547779e-6,-0.0008084241263274841,-3.573092677524365e-6,-3.343979373595947e-5,-2.9462798449884714e-5,-0.00012047586131542152,0.0002354019350907,5.546439293679231e-8,1.895611050633599e-7,-8.183011165475975e-6,-0.001224226704357427,0.022069439460313905,5.761980000585332e-5,-8.808415830143699e-5,1.4593730809150126e-7,0.004919223519432924,-3.6070221847178294e-5,0.001436244800220471,-1.3847956167259952e-5,1.751094652359542e-5,1.188060119002727e-7,-0.005922137001431542,-1.7899928382019973e-6,-3.8812653032768215e-5,8.219242274506588e-7,3.438249100441738e-6,-2.195512247792476e-8,-1.0049230920832987e-5,1.4406582550577597e-5,3.582766896981906e-5,0.0016903367224391746,1.0058824702228153e-7,-0.000760500782322912,-3.8028654470331264e-5,-3.2122824857151016e-5,8.672236157830678e-5,4.303099839664974e-6,0.0015149028688357978,0.0001367923301789418,1.5030053766193968e-7,0.00016818497870445205,-0.01574067811194714,1.2316614760940582e-6,-5.171407856845677e-7,1.346650932909633e-5,-0.00011395117106634283,0.0003208155651643538,-0.0030110998878967255,0.000894837908835743,-0.05528344958588329,0.020472837176604145,-1.3164111062658411e-6,1.465219433925817e-5,5.975006055937641e-6,7.31869143786385e-5,-6.483350618029254e-7,-0.03766820238523716,-0.0008101268485699424,-0.00788683684223315,0.0013258563713714456,0.0007378937207380142,-2.9198808170345606e-6,0.0006081560686221428,0.00016016564964294814,0.00038242248615388206,6.900823181422364e-6,0.0008473966498236364,0.16477947048223007,4.711332354242025e-6,7.272200569155633e-8,0.13222756881003653,-2.251364019474862e-5,1.231701166625973e-7,-3.3932973665780337e-6,1.8334619656251079e-6,1.937007423899913e-5,-0.0008351234428671529,-5.8881808334595095e-5,0.0007561516683896462,-0.00032299537876225015,-0.04912538336523868,-0.0002093102082446799,3.2313983556252142e-6,3.0124802446194914e-6,9.536816151393917e-5,-0.021935639924505635,-4.2242214230524924e-8,4.464197574913695e-6,-0.03666908965227046,2.9817668483124235e-5,0.003944632860397594,0.009148967813605574,-2.5731072286146397e-6,0.00036742441814573335,2.4525374661589178e-6,0.03350474507451334,7.424253257726954e-7,-1.389184008500662e-5,-0.0006276458593789062,4.235240287094961e-6,0.05554343970015216,8.944017484478296e-6,1.1120382998136636e-8,1.9577517007008717e-5,1.6032340050802568e-5,-6.690847955133585e-5,-0.030670444244759586,-0.003154643077223811,-1.6024918394776004e-6,-3.079573079425825e-7,5.901432877133134e-5,4.411737331384674e-6,-0.01841481264565542,5.027347011229327e-5,8.060029165865428e-8,-0.0004114480749960668,9.007314341066265e-5,8.71979474057194e-9,-1.0140607814954574e-5,-0.04128796028509126,-0.00022748000099715338,-0.00010864611790985698,-1.175347220761497e-5,0.0012617477746308865,-0.0008080184717311495,4.3869120749721136e-7,-3.959332478969574e-6,6.566553146367269e-5,9.49431459193319e-8,-0.00010647901984009247,-8.563804413417278e-5,-0.0035429849056758016,0.0107739612871215,0.03953634197889997,-8.446065863160649e-5,4.282386941141398e-6,7.204777485588743e-5,-0.0025670301767866197,-7.210894503534579e-5,-5.10149496091621e-5,-3.2783779053487646e-6,6.341402159797754e-6,-2.0441221271978097e-6,-2.0114615968129263e-5,2.771303223173451e-8,1.113629816540261e-6,-0.0011318905123793043,-7.4017512427712e-8,-1.5257554663137797e-5,0.0013546358907005342,-0.0028868632085006255,-0.00018044762457302226,-0.00022742931366102786,5.292423575395477e-5,-0.00701436488842684,1.133248700157167e-7,-9.75330821912501e-7,0.0005968917649820834,-0.0010238970099471305,-0.008788350176575376,0.008328503534322317,1.892989802568171e-7,3.1256116785468835e-8,-2.0532588315735465e-6,-1.2087010500375415e-5,6.5988750995397176e-6,-0.0008207541812548354,-9.670611719180541e-6,3.2585779386577734e-6,-0.0020343658098171866,-0.013390410243050864,-9.595647740944067e-7,0.005041007535083683,-0.0009409948066878698,1.142396610454094e-5,-3.4525421124344596e-6,-0.0004963080718571154,-0.0020877097842240287,0.019203957254841444,-0.0011284588197223778,-0.00014302956192949965,2.84250773082496e-5,-3.315050882591304e-5,1.2612357113041516e-5,5.20136011144368e-9,0.0004980298180361876,6.085602418651956e-6,0.001534254731466937,-1.475749643704719e-5,1.2076013294674764e-8,-0.0012606510136606505,0.003142569912984795,-0.002531487652776988,0.0030651700738576365,0.020077109484112735,0.07329297401548929,2.9647729276979858e-6,-5.5464412012436703e-5,9.607933580217314e-5,0.0015270610440959306,0.00702611834115414,0.00027989657851734646,-0.0032017084657953326,-8.190715773027125e-6,0.0001534900530049587,0.02022647752299889,-1.4350478765518967e-6,0.004046733195022403,-2.524529646028482e-5,1.685942805331499e-7,0.00018837794203653696,-2.709300177085795e-7,0.06590761022003302,-2.5175925900193503e-7,2.5054795947653577e-6,0.00010180754247124223,-3.9694534560815795e-5,-0.00023987209271890013,-8.890154929175562e-7,-2.4849927424202097e-6,2.5808293565277082e-5,-0.0004623384183071517,0.00011389815860900199,-0.0022644165258224468,-0.00019721638255537817,2.605539975791188e-7,-0.007621395140293655,-0.00019121753658784657,-0.0013939327105197664,4.145279990639001e-5,0.1431451121489347,3.856861871825612e-6,-0.0001375184134208272,0.033849218544335494,-0.01991704034651122,-1.0601579984150412e-5,-6.030771079468959e-5,-0.001542936803107992,0.00010619348977492823,0.002338264807554464,-0.003176594086307246,0.0018939878249940457,1.232338504086791e-6,0.0022616601578612484,-0.00041533249638617975,-2.1301819465544075e-6,1.4937344342620244e-5,-0.01903614884597863,-3.819732029606228e-5,7.832978848077186e-5,-1.3280111902459396e-6,2.0622745721752086e-8,-0.005238254794939356,0.008018050624056514,-0.0009167234017018395,9.425706408438755e-6,9.812209931612455e-6,-0.03832714257805369,6.37151223994762e-8,0.00041066793300398573,-5.786761085811838e-6,4.556402957501065e-6,-0.00047815666463880724,1.7764761583786525e-5,-0.0002748104407295292,0.013343201499816743,6.886969326495995e-5,-1.428659277390432e-7,0.0001940902468799748,0.004597991430158202,0.01038756972426592,-5.415157598352417e-6,1.168679557534685e-5,-5.948352057018055e-5,-0.005114193978203436,2.8840408300797545e-7,6.211294080167448e-8,1.4250904363926312e-7,0.00041613040168480403,-6.633697694560774e-7,-0.024035927161719532,0.0008771449802521724,-0.003467584742404934,1.718169407025427e-5,-0.010163062863703063,8.983869618674736e-5,4.548296572769299e-8,0.017500341970977995,-0.002790435388764351,-0.028195056375639255,0.00011406070552018804,-2.857024485680673e-6,1.5678927995961953e-5,2.090592938735689e-7,-0.0002564101711184599,0.0001624696532137765,-0.02656405745819322,1.111239295539779e-5,-0.0002298014585717355,8.169933899543067e-6,-0.008545506072979074,1.77798456933245e-7,0.018088612561761374,-0.00036894843432261186,-0.00015173773979677025,-0.003419102327378191,0.002492406068857476,-0.0003216017437792265,-0.00412797623209208,-8.953336155053799e-7,7.530960371477244e-6,4.7916835838523204e-5,0.024003341140360533,-0.0001097046398371111,3.2250588227473794e-5,2.3694256423846844e-6,4.141173079680826e-5,-0.00021816957610950845,1.0513067131164017e-6,1.6472919206414558e-5,-8.598744523417363e-5,-0.0018420484165259895,-0.0018798537637203926,1.8696784377141664e-5,-3.5547951274936126e-5,-2.86074312061832e-7,0.06429500557406478,0.00017308691259838928,7.70667017986255e-7,-0.0013391973666119412,0.005109603208789484,-0.00021728097322303082,0.0018012371587838609,1.6727332717075785e-6,9.609509766182407e-8,-0.0009840317072890015,0.013739618431496473,-0.0002803168250240643,-8.920441291085242e-5,-0.005704900783517943,-0.001018081471656687,0.003513379380777702,-0.000314760514766077,2.734919077742416e-5,-7.749052081724262e-5,-0.0001419002878579342,-0.0022193287752573752,0.00019099640017935097,-0.0012817650470743718,0.001509276118074464,-1.797936782945e-6,2.0241816384717383e-8,1.8601936514598784e-5,-0.007979824363554556,6.104377903456295e-8
0.0,0.0,0.0,0.0,0.0,0.0,0.0,0.0,0.0,0.0,0.0,0.0,0.0,0.0,0.0,0.0,0.0,0.0,0.0,0.0,0.0,0.0,0.0,0.0,0.0,0.0,0.0,0.0,0.0,0.0,0.0,0.0,0.0,0.0,0.0,0.0,0.0,0.0,0.0,0.0,0.0,0.0,0.0,0.0,0.0,0.0,0.0,0.0,0.0,0.0,0.0,0.0,0.0,0.0,0.0,0.0,0.0,0.0,0.0,0.0,0.0,0.0,0.0,0.0,0.0,0.0,0.0,0.0,0.0,0.0,0.0,0.0,0.0,0.0,0.0,0.0,0.0,0.0,0.0,0.0,0.0,0.0,0.0,0.0,0.0,0.0,0.0,0.0,0.0,0.0,0.0,0.0,0.0,0.0,0.0,0.0,0.0,0.0,0.0,0.0,0.0,0.0,0.0,0.0,0.0,0.0,0.0,0.0,0.0,0.0,0.0,0.0,0.0,0.0,0.0,0.0,0.0,0.0,0.0,0.0,0.0,0.0,0.0,0.0,0.0,0.0,0.0,0.0,0.0,0.0,0.0,0.0,0.0,0.0,0.0,0.0,0.0,0.0,0.0,0.0,0.24792935413567702,0.006605871541004265,5.899840456113226e-7,0.027582563289934244,-0.00027119670216635503,0.0035008757724152187,-7.213197573181719e-7,2.397818906355879e-8,1.6111688235495255e-8,-1.2588850524644454e-6,-0.020754984529581706,-0.0007944955568634759,-0.0005217883525835254,-0.0023634273268634542,1.213867015301659e-5,-4.311376989453121e-5,0.007028186265542658,0.00021791475954807636,-5.864357845414219e-6,2.2033039978597458e-7,0.0014475871666540683,7.389857338368553e-9,0.00014275744146626912,0.000329419847086326,6.68054362500802e-7,0.0007206104501680598,-0.02894849150603878,0.005630939146113127,1.5886365863344057e-8,1.1811918334643698e-8,0.017370631421013704,4.042698569557056e-9,-2.2388694209636655e-6,1.2543122383872834e-7,2.6666634363734593e-7,0.0669328939863035,-9.344230246245994e-5,-1.4732945473858068e-5,0.0024414757850094717,-2.8104422803208637e-8,0.0013091634991416563,0.004973957341811088,-0.004429846825481941,-2.601288096375256e-6,1.3471051865295817e-6,0.00031505775340711354,-0.000984887980891585,-3.2461539066879307e-6,0.002448050290177852,2.2196153222498648e-6,-0.0003489056672360514,0.003880036205409121,-7.791753611638259e-7,-0.00801715837890935,-0.0033122908873102815,-4.486028674643202e-9,-0.0001258575591275094,-0.021970886049582167,-0.0012571415334625767,5.444258807696475e-7,-6.475325315905246e-8,0.10916296252707762,-0.0005275486018062329,0.00020772154721417,-7.175735780566216e-6,-0.00011483496255971788,-7.598599652144514e-10,0.01248112131529581,0.0011584327167346278,-0.0010803610409890563,-5.039798128553757e-7,-0.00013021050279342697,1.2323660139685835e-7,0.0002799068249179065,4.785809981146104e-5,-0.0004688168283767251,-0.0001667878240504494,-0.00023713225059656128,0.0032579598785330765,7.276585228572409e-7,-4.579524320912027e-7,-9.146676760866114e-6,2.6926259367889355e-5,0.0060272991760468506,2.732502161375057e-10,-3.320473878779621e-9,0.00019723474792968202,-0.002372712358111025,3.3206080033912334e-6,-0.0043286929724244095,-3.013948516662644e-9,-0.00031779321809433244,5.396949026644784e-8,0.004693637810918585,-0.00034157469523435883,4.3557402008083136e-8,-0.0001180023638586534,-0.00011309572250384991,-7.615963343167084e-6,6.092181045830811e-6,0.012204233779450803,-1.903012921094138e-8,-0.0017774003716380519,0.0006484721004650027,0.00012455546242097016,1.5553361532654863e-9,-0.07331458818035688,1.883349184749702e-8,-0.0005849402177009554,3.045266512962376e-6,0.00018163342371241742,-0.0001995244705068716,-8.169134711853498e-5,2.705924152252091e-6,0.011427031854768677,1.481489956953502e-7,0.0284224419878036,0.002199958008461122,7.058001354170302e-7,5.252755559779795e-6,0.0028766765421639933,-0.0059033501108725775,8.94186559243627e-6,-5.732448011161812e-6,-9.663539246112856e-9,0.0003573353266873355,9.016836141683575e-9,-8.743804503509723e-8,-5.901562406185952e-7,-0.0005303175084789124,-0.01514202950082225,-0.0015994959215421467,-0.0005057988531773709,1.4308519707716462e-8,1.0958941738992078e-8,-0.0008632278756727509,0.0006353141659408967,2.2739533586501407e-6,0.0017865426739380854,2.7283403680243975e-7,4.815171571946917e-6,0.00022919833180643428,1.9695589546468095e-7,-0.000557899484106357,-0.0027390431074185762,-0.00015678808574303007,5.222363742165976e-8,0.04175534698888225,7.181589601127798e-9,0.00813135402229389,-3.398748180808252e-8,-0.0004696715080695785,-1.5859040578278622e-6,-1.1902809652292265e-8,0.09570216222468675,5.991440711092929e-5,0.006248926953105853,-0.0015576410910142036,-0.027087497647115547,1.0482091947817604e-8,-3.662092062512987e-5,-0.0003461496473038234,-0.0001604881860853081,-5.714231296583232e-10,0.00010157907001227877,0.00025908730981765257,-0.001216493609346591,-0.0007812860255419513,-3.959572329702054e-6,1.3515035033745129e-6,-0.002144300725576008,0.0005139387194468479,0.0001963394555887553,-5.304701411935776e-9,-0.0017117742479213537,-6.06832591984536e-5,0.0028533650960782773,2.2226673499134655e-8,5.9962560506627305e-6,9.43891340744939e-5,-0.0041681350871162395,-0.00010953139339800485,-0.006269489160361578,-4.0295178417386193e-7,-0.0026868458186059545,0.0014987206870151469,3.835259113654147e-6,-0.02229410017459529,-1.888360751530324e-8,0.00018580210840145737,-3.0434146324592797e-7,0.009417227574112293,0.00048692862201879945,2.363065089170922e-10,0.004528199715876932,0.0030913788095704112,0.00017388043950840952,-2.487055029562296e-7,-0.0027809145134122712,-9.882627079422875e-9,-6.215123893836885e-7,-0.0004329425184589758,3.782519710176998e-5,-0.0002075488142208791,-7.149730386114306e-8,-1.917590323880519e-5,9.2795942799639e-5,0.014044295440153174,2.4053559678537032e-6,5.383743987764098e-9,0.004999533377663191,-1.16561391921446e-6,4.0575906656893186e-7,-1.9858882142150262e-8,1.4671421891176513e-6,-0.00032408865978335175,-0.0034794320579874718,-1.0774911922448425e-5,-1.2462325868674726e-6,-0.0006048668926639426,-3.6667817994666455e-8,-9.014920234487235e-7,1.1742725519182048e-7,0.11584749296912025,-0.010807055805412084,0.009161534048528498,0.0012605257760616507,-1.5611031433085657e-6,-4.804589967648847e-5,7.480716196488943e-10,-0.0084911643938705,-2.1424410111242163e-9,0.00731702009534815,3.663474801557377e-8,-0.0009278397953430584,1.028523599844692e-6,2.884694646591541e-8,1.223016215105201e-6,-3.1986331256805193e-9,4.395543575264647e-6,-0.0002046794955587029,-6.41998345386501e-10,6.214234213227473e-9,1.1748954705037853e-5,0.024474820936981213,3.3653967940142903e-6,0.0014237343035464539,0.00023907243007932245,0.00016139264017817583,2.4181226202179903e-5,4.01924623731228e-6,-0.010914592454841271,-0.0005735807322127865,8.382062637306951e-5,0.0008614377848745027,0.00012551096353312306,-0.0003254218336414239,7.541313246705493e-6,-1.0249528691999529e-6,-1.424541885114616e-7,-1.1390078232541917e-8,0.00015387466119961296,8.867784201226064e-7,-0.0003844202591310993,-4.036642643156064e-9,-0.0005796073932717734,-0.00039085418626986845,-0.0001278207134415031,-8.19690936523687e-6,7.869688005716174e-10,3.856386113186494e-9,-5.0365211463067944e-11,7.027920653817564e-9,-3.1058739250791874e-9,-0.029665435387937044,3.7231569670595223e-6,-5.75752382650357e-7,0.002781386299859345,8.48741473529708e-7,-2.3279964976850245e-7,-3.5940638102472775e-6,-6.954651400316267e-5,4.078919284093864e-5,0.003873978878912627,0.0011458841455626162,4.655723712340623e-8,0.0007862272358550602,-1.2195009944276734e-6,0.001213064107338476,1.0294079127773313e-8,2.883982032169009e-8,1.817810534277147e-6,-0.0021087757961287218,1.650696401183583e-7,-0.02233055932653801,0.00010666881857822871,6.346918868240468e-9,-0.0003928272720423181,0.010660534660643083,0.0012084003828377301,6.052892758840992e-7,2.2756612092412837e-9,6.035463238831503e-8,-0.00013265836190477757,1.781252429306246e-9,-0.0007498692435315102,-5.3220390564494235e-9,0.002070818760254579,-3.992635593090302e-9,-2.46623548901787e-7,-2.381956632807845e-8,-0.0004609431163202558,0.00012035357492172961,-0.00944061662913435,-0.00012524694703586696,4.468820687405121e-6,-0.023118364886004987,8.433800944585664e-9,-0.0011352047935052382,-8.853971527589978e-7,-1.2266850358179196e-7,-9.895658730142295e-7,-0.009033658247539359,2.3610914282702215e-9,-0.001344529372599886,-0.0010004480940143758,-0.0024593654326880913,5.24135084361491e-9,1.0228899785057248e-10,3.431118132323113e-9,0.0018422339568323915,-1.1287205018883443e-8,-5.235400811136451e-9,4.602097735711717e-8,-8.890307469310937e-7,-0.0011421572617077288,-0.005203391693224813,-0.005878196901357268,-3.014610102616426e-8,-5.7766311536871325e-8,1.4427398981751114e-8,0.001928117407742147,1.9779988923336162e-8,0.00021462927080361684,-0.011816678946704106,0.0001083064605816592,3.958873337048511e-8,0.012102859274239637,0.0017085562286410037,8.396618474540736e-8,-4.2037832891492267e-7,-0.0005629081741752806,-0.0018920853063466446,6.904810884748871e-5,1.0031252070604088e-5,0.00775219831284217,0.022334356200448838,7.71035877019897e-9,-7.833911888573936e-7,-0.0021408101163388174,-6.105972800344706e-5,1.4381091230368015e-7,2.8279623429747474e-5,0.003139718843719215,-2.7757776183116802e-5,-0.03116319774849195,0.002955666589671069,-0.004580268276309322,0.0019113645177646695,-9.402627804834587e-10,-0.0001670175234472014,-2.2071093511471073e-6,0.00821974582633856,-0.0003168993265767067,-7.766381491224236e-5,3.192261926743388e-9,-0.00012756056646736315,0.01744882618839744,0.0027105090178087717,-0.0024335415745319324,0.004066176909776835,-1.252140970066981e-8,1.2897748656405279e-7,0.006350564771811032,-1.3360667494302798e-6,0.004326513486819616,0.0015102444499826965,0.002677011261759883,-0.013106181820479583,-0.0002270371284903599,-0.0001801052606670031,0.002115333596011741,-9.974470683154551e-6,-4.0502278081157805e-9,-1.4767555978231741e-5,-0.0012609515546695808,0.00740092311307081,0.005141262497304885,0.004913285940018165,4.2800998231043625e-5,0.0010872676478879064,-1.7062713434190486e-6,-1.0733516726978022e-6,-0.00441719584669193,-2.198034812412288e-6,0.004601758303181787,0.0005198830050579594,0.0168642562177348,1.3192880369750272e-8,-0.0003600178796484322,2.726994261581688e-5,-9.403791403235287e-5,-0.004603737994846446,0.00029679744416682415,0.001214743343873821,0.002788994614891669,-0.00018924711811944313,-2.3961768962338724e-8,0.00011134770628776118,2.2423619388793197e-7,1.374216727434875e-7,0.0013257373320148618,2.2457538603333416e-8,-0.00013683407726850625,0.0010016848967484024,-0.00015901826307310518,1.3092557912694319e-8,-5.85901163445458e-6,0.000566986391971238,0.000914657023371387,-2.634060845963474e-8,2.0027204440923408e-7,-9.359075192070782e-5,-3.102678510080636e-7,0.012223673469407786,1.8125684660701994e-5,0.0003999344016581016,-7.961954536365896e-5,0.003826439604803268,-0.035154065440605724,0.0004110160894636493,1.4696108120022621e-6,2.0910369424080168e-5,0.0354160638922421,0.13344096958002616,0.006574001965177968,-4.472219137317081e-9,1.3086954349260407e-7,0.00015732242535331908,-0.0006117390231619736,-0.003059890262994434,-0.0001227298398582976,-0.04480278824761721,0.0015493415739204885,-0.00040573951795782275,-0.000780449489773954,-0.000778307855350889,9.994468467206493e-8,0.00047785891584489347,-0.00024043864990174206,-1.1425341141147763e-9,0.0009205046863489431,-8.248903369899103e-5,-3.5602354889571966e-6,7.642034228638989e-7,-0.0014987368532247902,-0.0001469182898205384,2.644656021110697e-9,1.1685489587023699e-8,4.3591839818857664e-9,0.002608115062123319,-0.004092252725643656,-0.013696866441305858,-4.946416383682136e-7,-1.0148174863812515e-5,3.6338340203583286e-9,-1.3292230861191579e-6,1.2864935133273524e-6,0.0025588964545588985,-2.6365024920135945e-9,0.005098458369502459,0.0003460504631404371,-3.629670337126762e-6,7.821769967838491e-7,-0.0015388253557150687,0.07758029813092375,0.004496209831354948,-9.831963626410459e-9,-5.049617775807273e-5,1.231729001692942e-6,0.005720537608562372,-9.7402304609791e-7,-0.005524560290947379,-3.0038716524076982e-5,5.615263681709865e-7,-0.000395203097459974,-9.267842661137795e-7,-5.527664677667957e-7,-0.0001427955189991741,-4.208965945099462e-5,-0.013394220915754408,2.8679047092473896e-8,-3.2670906644627276e-8,0.003353115625041263,4.211228940013617e-6,-1.6089661676047196e-8,6.32926074424623e-6,-4.1789776615227127e-7,-0.02082873314585922,-1.5721268156053909e-6,-0.0019107592587475643,0.00010373186091155757,1.767296504098113e-8,0.000806614430409689,-3.12692137972718e-8,-1.6157290169235312e-9,-6.618256997749578e-5,6.0756868544578875e-5,-0.000844545029129208,1.268086209658691e-7,1.6804079059895174e-7,0.0002213547838912925,0.000762415642838616,0.0010676841229111,0.15254257612515548,0.0014576815828879742,5.4268296424311515e-8,0.00019750608528923674,-3.621392146778836e-7,0.00028551065795610355,-0.00017594472092428986,0.0050660657791898565,-0.010917807470049086,5.375632705889818e-8,-2.4195258098382363e-6,-0.04181920175365376,-0.014705251046059555,-1.0340257759079583e-6,8.921534387594352e-6,0.0054414175041118205,1.713663882785876e-8,5.948822185768263e-7,-0.021358211766691587,0.0018001271261351395,-0.0006859171014985522,0.0036045448429569355,-0.0005567683384168427,-6.148918369317667e-7,-0.0010185179932983598,-2.551933392240015e-9,1.3519909885664013e-7,-6.519933409174834e-6,-1.0054262467431718e-8,-0.0022051034574878912,-0.003178738583951035,0.0011899958572209875,1.5380026020064949e-6,-2.2730127320846744e-5,1.1441203805061532e-6,7.76296298086713e-9,0.008711213728427586,-6.812826417184658e-5,0.0009675736139815762,0.00027272391074819046,0.0018161211538716242,0.003536287472246617,-1.0951603483840961e-7,0.005685353576596436,-3.8218312981907216e-6,5.49902575163866e-6,-4.6289886649676954e-7,4.0615227429442205e-5,-9.651757710306459e-8,-0.000897091738177484,4.354347638824117e-6,-1.9855786880402975e-8,-3.979097370889627e-9,0.00010498515433853105,-0.0008391474124176604,-2.0908174361734852e-5,4.917105136946811e-5,7.56169345435953e-5,-1.2651711834084655e-6,-0.0005159326472065048,-7.674642359371125e-6,-5.5788333675244e-7,9.31266728446813e-7,1.6105771147539357e-8,-0.00019029678230456697,3.322680346814302e-8,1.8508930803581343e-5,-9.312830055943438e-6,-4.901827205524502e-7,-0.00017255834105331624,-6.082713876466285e-9,-1.1589354651299635e-8,5.828474436923092e-8,-0.00044637525438208657,2.487329247554299e-6,0.0018516379517270038,-3.0009707920998515e-5,-3.151754176708835e-9,-0.0005264807589895899,0.0023759272936056874,3.3101649715749965e-5,-0.0010035735455647596,-2.1627595237505842e-5,4.216659582732627e-8,0.007913177121880204,-0.0016380258269526376,0.001941517412412011,-8.230234326824871e-7,-0.000978576534985314,1.5824713598001173e-8,0.00419544724812937,-4.46331034012515e-5,4.814947510159091e-6,0.0012810063065127725,4.747502860410462e-8,-0.0030321671218289845,-3.1558997532391716e-9,1.497214731755801e-7,-4.6073123357961693e-10,0.010029344118719372,-0.0016711021725538061,0.0007952375196803973,-0.0002881655654578744,-3.341530885641902e-9,-0.0008374562831875198,0.006380093932480605,-0.00017689763748927076,6.103800401953022e-7,0.00030447085710070995,-0.00015084811592274257,0.0009385655244701027,1.2619693036722982e-6,-8.069428105247778e-7,0.001162587756796351,-0.0007538570493822865,2.658034206146934e-7,-5.44548272963812e-7,8.326334897271462e-5,-0.010772143665772598,4.6912911911758136e-5,-2.3358793194842774e-7,9.063950681585964e-5,0.006176853382339707,-0.01296734335599566,3.7491238025462463e-8,-3.1727272983105646e-7,6.094442659560766e-6,-1.7030873907178e-6,1.3961488313688437e-6,2.0808943133001583e-6,-0.0020902106692324792,0.0002551881233979606,1.26851902483347e-8,-4.7462342545444775e-5,-6.3115159556243e-5
0.0,0.0,0.0,0.0,0.0,0.0,0.0,0.0,0.0,0.0,0.0,0.0,0.0,0.0,0.0,0.0,0.0,0.0,0.0,0.0,0.0,0.0,0.0,0.0,0.0,0.0,0.0,0.0,0.0,0.0,0.0,0.0,0.0,0.0,0.0,0.0,0.0,0.0,0.0,0.0,0.0,0.0,0.0,0.0,0.0,0.0,0.0,0.0,0.0,0.0,0.0,0.0,0.0,0.0,0.0,0.0,0.0,0.0,0.0,0.0,0.0,0.0,0.0,0.0,0.0,0.0,0.0,0.0,0.0,0.0,0.0,0.0,0.0,0.0,0.0,0.0,0.0,0.0,0.0,0.0,0.0,0.0,0.0,0.0,0.0,0.0,0.0,0.0,0.0,0.0,0.0,0.0,0.0,0.0,0.0,0.0,0.0,0.0,0.0,0.0,0.0,0.0,0.0,0.0,0.0,0.0,0.0,0.0,0.0,0.0,0.0,0.0,0.0,0.0,0.0,0.0,0.0,0.0,0.0,0.0,0.0,0.0,0.0,0.0,0.0,0.0,0.0,0.0,0.0,0.0,0.0,0.0,0.0,0.0,0.0,0.0,0.0,0.0,0.0,0.0,0.0,0.2476184142294096,1.0060574725881402e-7,0.005853386845537269,-5.355167519320617e-6,-0.0011164021516738784,3.8816754440714984e-7,4.434359970217443e-9,3.1496287243255003e-10,3.665752184243236e-8,0.000290638138835281,-0.00902255470030029,0.020100271938380904,0.003120268440096217,-1.2497133792977194e-6,-5.356967106831009e-7,-0.001621646890330963,-1.5475151362595573e-5,-6.459362584688034e-7,-2.1087144891603154e-8,-0.008221780156357595,-5.6968472193203685e-11,0.003290143303130306,-0.0029230015039295254,6.533141812062171e-7,2.5337701371099255e-5,-0.005613265821768426,-0.0044275836535420665,-2.4103717860612684e-9,-6.406961758053347e-10,0.0015635023575417816,-5.767564380625155e-11,2.556361521613968e-7,-3.599196299198982e-9,2.59960423902217e-8,0.005452764927092317,2.363254188356943e-5,-0.0030385257940429,0.009469341772092923,-1.6932494516184083e-10,-0.0004416803973955305,0.0019595387427842324,-0.05779295282818082,-2.4773863128156285e-6,-1.2809114335767226e-8,3.7659838781704973e-6,-0.013779415171689385,7.947306318001033e-8,0.005920617360183501,-4.967768650455353e-8,8.11664052338328e-5,-0.045203000468437504,-5.570065822187605e-8,0.00041046871147136895,0.1144047627680891,-1.749249498133407e-9,1.936517958233731e-6,0.006002965993004801,0.024376715839526702,2.1295603611642025e-7,-2.6921589661448285e-9,0.0041329251316182545,-0.0007156875174675944,-3.0223759297214223e-5,-1.622145780160258e-6,2.275152476875553e-5,2.793988092144465e-10,-0.003001468474742844,0.025738246095196454,2.8103421692956655e-5,-2.4557090930565932e-8,-0.00246312045853174,-6.984488129709311e-9,-2.113119221987398e-5,-3.4750419423377016e-7,0.0075176736035159775,4.775976153605524e-6,0.017988500267780774,-0.03951911359991027,-2.3942815739189502e-8,3.624238286115365e-10,8.714281337409817e-7,0.0004982484451679323,0.024495476303872533,9.790941587167092e-11,1.215324316859566e-10,-0.005188200551226084,0.004049066619211188,-7.929124079589417e-8,0.05871154945024919,3.69502256802365e-9,1.5930704757179205e-5,1.8345813818597106e-8,-0.0010328500231240089,-5.335370464756856e-6,-1.7925450903145874e-8,-0.0008436518866630187,0.002699951592536557,1.875609657105698e-7,9.739092802264885e-8,-0.04274141887246459,-4.883630916128671e-10,-0.048514118780191004,0.00013665427321463028,-0.0004219710812280631,4.2487861121419097e-10,-0.015753044417652795,-6.011963454990078e-10,0.0026289218584925724,-1.0567206915202734e-6,-0.03626747340944615,0.005710901936665885,0.005093610773077739,-1.4463470540411724e-7,-0.019459035042303657,4.136677865186927e-9,-0.0006337274834962319,-0.00542423112433133,4.471197207730199e-8,-1.2633159713788843e-6,0.03352574122221917,0.00012303117002408512,5.036775552694992e-7,-4.190772540071706e-6,-2.525977881726046e-9,0.006272971155468604,-1.2569761257079346e-10,-4.6799014625563035e-9,1.0024303042830771e-7,2.6472722184353938e-5,-0.02448817483299336,0.006716733232517554,1.9678150321144262e-5,7.694234375758079e-9,-1.4311922214413525e-11,7.389764385869757e-5,0.0034753581519607287,1.0361275652722322e-7,-7.04303177769231e-5,4.0386828294278664e-9,-6.361358695466332e-7,-0.0002488238939797362,2.012222058896708e-8,-0.010561652030168083,4.1469715840954425e-6,1.1750346471755766e-6,-1.3339161242402136e-9,0.0014961486546513415,1.4592192631324975e-9,0.035475590384479457,7.899132026704725e-8,-0.004120629600336009,-7.166610904763605e-8,-2.8460009888292227e-10,0.011234545866068688,6.279657266699841e-6,-0.0010669018963347424,-0.007224682519232913,-0.005973535631315112,-2.739811541612722e-10,-6.0658283169800716e-6,0.004481519237883689,7.266166159774942e-6,1.4815304578068155e-10,0.0001298877165647452,0.0020467425486315124,0.009833325852931778,-4.76165111768048e-6,7.019376341105565e-8,-1.2919073475785586e-7,0.03160069881698051,0.00014018190267739235,-0.0013364349101184728,3.6586024083282675e-11,-0.014814875968801086,-4.113679177525473e-6,-0.00047249323026844704,6.342066862398154e-9,-2.389543447606243e-7,-0.002218887650647753,0.0002905133140215749,-6.196134460900386e-6,-0.0032058813431444836,-2.654133702646099e-8,0.14598113276329372,-4.559864843997276e-5,5.506497594922342e-7,0.00803436024089767,1.3731964660509192e-9,0.003065415660738444,7.059837698003783e-10,-0.0009288561357397796,2.4954694871937488e-5,-7.235950196398465e-11,-0.007032115086657149,0.010144667209197626,-3.867797353554756e-6,-5.114121831654037e-10,-0.008325131818945371,1.2464977041037153e-9,-7.817155423985061e-9,3.4541184450511756e-5,-9.803224594592066e-7,0.005217512295594603,-2.4507950204366124e-9,-2.6525060410677486e-8,0.014034814556371886,0.001754790010439195,1.1038391365989945e-7,3.2990550773806775e-10,0.005558774847300757,1.1054992442922349e-5,-8.80199816206151e-8,-3.291960904461145e-9,-2.1900226359921566e-7,-0.0002579463975682757,-0.0015261318408394883,-3.4395943656426295e-7,7.177141684644807e-8,2.323185363353695e-5,4.808905894987477e-10,-3.5508361115965926e-8,-1.3860474174025588e-8,0.008873062325432642,0.004237420247995743,0.014350222239431894,-0.005750660345556412,1.0662016851532149e-7,1.5426114081081334e-6,5.993587170776452e-10,0.00016136961679121193,4.372803346505241e-10,-0.02671631356308106,9.152168700177674e-9,1.179633271042653e-5,1.9019635501758797e-8,2.2844295324498025e-10,-9.808302214141998e-8,-1.1634364458900844e-9,-1.6925452136824048e-7,-0.00022598734657199853,-1.1860332809146003e-10,-2.8324015092890133e-10,8.228486770819344e-6,0.002749766742856138,1.942013775405883e-6,3.451356985104723e-5,0.00450274134156707,2.0725513902436803e-6,-5.372107406568642e-6,-7.311696350427495e-7,0.0005080498923154273,-2.476542669519512e-5,-0.0008260988404602192,-0.0013091357323650823,-1.2381243181563944e-5,-0.0332624282286786,0.0012968307734186914,2.9117485533837533e-11,-4.9806009320868135e-9,-2.4861974992871103e-10,-0.0009738309043331141,-7.21859511153175e-8,-5.4920399815060334e-5,-7.578754696112485e-10,0.00968935804072339,-1.3040599629997237e-6,-7.501054410464061e-6,-8.117234279719482e-6,1.2651714231595935e-10,4.605407092881899e-11,1.6626477051551028e-10,-2.2882907958440116e-10,-5.286201920655232e-10,0.011541072290831391,5.695151322163098e-8,-8.730640285767693e-8,-0.0005179599263318511,1.143859129091297e-8,2.8630383954344204e-9,7.345439301193225e-8,-0.0008464094102309394,-6.230078070971789e-7,-0.0006527225390559006,-9.941619338390234e-5,-1.883291776354353e-8,0.00037081725660752436,-8.65256547082879e-8,0.11321504579228109,-3.5820685018990446e-10,5.727244435273336e-10,-1.5607201422329585e-8,0.008369248548812056,4.616512859067863e-9,0.0029993661033584583,0.004976908663072847,3.2981059223680555e-11,0.002781742666194667,-0.002020098783595699,-0.04266571296350533,2.5845466801506324e-7,-2.3663260892264196e-9,-1.4794438031671077e-9,6.359474847318679e-6,1.987834916397533e-10,-0.0002604200223201793,3.0339673548917186e-10,0.004536196626748763,2.9705009239851767e-9,6.451427017740957e-8,1.5780564651617464e-8,-0.00770363014996693,0.005363931287603655,0.0006071291354301239,-1.9108785200289016e-5,-2.5240438460675615e-7,-0.00029853354360217046,2.696153814560119e-9,-0.008351914596917042,4.7260425825337006e-8,4.6143517711943144e-8,-2.881238494684549e-8,0.008233441243563238,-7.706178004715067e-11,0.010618493542016775,1.3653677583649343e-5,0.009918660068264012,3.3563931291820858e-9,-1.615516124908139e-9,-3.7106408045601406e-10,0.030289090683334057,4.0288983636832194e-10,-6.475017868176696e-10,-7.902085806338981e-10,-1.946202100706127e-8,-0.010506217770601825,0.0004092297670639599,-0.004092131976002918,1.919823339881252e-9,-2.3096572422380147e-9,-1.277504221622361e-10,-0.00022227478543713187,-4.465576776864039e-9,0.003252873795037824,0.000211204334383644,-3.1423883103221186e-5,8.781724734405336e-11,-0.010838569227731805,-0.00626842134849761,-1.745645309741132e-9,4.346938340494697e-8,4.829441396217309e-5,4.567446599160194e-5,-2.565493011171137e-5,-1.479186828632662e-6,-0.014065941130890693,0.013316114371053818,-3.318817490771403e-10,8.33931755112169e-8,-0.007636288126475468,-6.3260099766893746e-6,-2.8823299263421236e-9,-8.406986268275103e-9,-0.0006765209536106705,-9.025634448399512e-7,-0.020901873811629706,-0.000991856621470541,0.0038550671481337134,-0.00047204298783614675,-3.24707829317072e-11,-0.0003720437299598871,-4.4212360461343184e-7,0.005799678096823105,-0.0020486270010179,9.443740300374734e-6,7.629798576914092e-9,-0.004929008232343701,0.004487095137603534,0.12770096024693142,0.014746269633035096,-0.0011072063608676373,7.893520500556574e-10,4.320871300965433e-9,-0.001882029229950484,-1.8570565522049868e-6,-0.00022076144572058537,0.01519639562122749,-0.006291567429352286,0.00834033355250257,-5.702758998291525e-6,-0.0027763778353410806,0.11909464394601417,-1.4951146914921765e-6,-2.120237246409807e-9,7.147334073681276e-7,9.163045334006389e-6,-0.03606673806791405,0.0004740303273442535,0.16204230070478756,4.867694663795504e-6,0.019553521459851144,7.55156001805429e-8,9.13626999421791e-8,0.0323374261524349,2.5980374318990194e-5,-0.03488921696312991,0.011326060536895827,-0.0009650267025456967,6.202334794743426e-11,-0.003630050313581259,-2.5712497764006997e-6,2.188228667619688e-6,0.002359347146758529,0.002715813998015084,-0.001443219492443948,-0.00984731883355336,-9.909515255970465e-6,-1.7832563398902848e-9,0.0023636647989063514,5.586650970153975e-9,-1.39043094339722e-9,-0.007055562765193967,-4.242228082207436e-11,-1.1252667850189242e-5,-0.008479252744205508,0.0018406032753906412,-4.5707511396527196e-10,7.499513574513224e-8,1.3320438757372403e-5,-0.013890987526408827,6.598142252235013e-12,-8.643768854568523e-9,-0.016646396619210878,2.9261002560287997e-9,-9.67679501655373e-5,-1.144433661503458e-6,2.454674266944531e-6,2.688555864397472e-5,0.00042993474332311544,-0.007674765212191854,0.001587735039649062,2.2310412292676538e-7,3.9059240805756644e-8,0.002082170852863368,0.00386878153360262,0.08374188353615296,2.866235164453692e-10,1.0531878785846355e-8,0.0026195842712747604,0.009444379239355583,9.549382721192303e-5,-0.0023294459046104467,-0.022042756445022113,-5.0256959054120484e-5,5.081305022593318e-5,0.0005274445023229411,-0.00018880538920917677,9.991244067476435e-10,-2.4696777247139783e-5,0.003468070869037492,-1.5203618234730223e-10,-3.592370866385797e-5,5.093279272367979e-6,-1.3061497488465444e-7,-9.373196923099767e-8,-0.003692511090763136,-0.0015198673572266515,1.7667441740721634e-10,3.931313067825393e-9,5.575743884126333e-11,-7.224044503150064e-5,0.011702689941404892,0.0007984696481900126,2.2569877469080623e-7,-6.485264417560401e-7,7.625309661389995e-10,-1.5851946787508826e-8,7.002198248793693e-9,0.0037287230229241424,-2.2467689297877271e-10,-0.000693592331046183,-1.0210210894905498e-6,6.893299609457234e-6,2.473416622722779e-8,0.003918825338915214,0.01034174567556871,-0.0006756110887026706,2.3770821488526675e-10,-3.618543768221049e-5,-5.727675169586945e-9,0.1606905262756859,-4.815985513010426e-8,-0.03373616952713485,4.022895570960709e-5,5.668118272391982e-8,8.553196916861874e-5,2.2405271987299002e-7,-1.2719775292745007e-7,-2.177995882607227e-6,-2.455613856052415e-7,0.00977558189515621,2.449555124010394e-9,-3.5321194242872088e-9,-0.0005180812576636452,-5.412636947938406e-7,-1.4885195363515192e-8,3.3936627454434574e-6,2.390078510599381e-8,0.0038797046698670775,-5.823681966694969e-7,-0.04536870523337476,5.977602979383198e-5,1.1590221773323282e-9,0.008008892847761769,-4.120814515312482e-9,1.1671139755336667e-10,1.8409578366130873e-6,0.002929814124340574,0.01860899532406252,-8.937314208567876e-9,-2.917681541528891e-8,-0.002851890218538028,-0.009874139154711782,-0.03155591433141601,-0.001200180122551493,4.1181553162654744e-5,9.75849310959663e-10,-5.2354844946888995e-6,-1.0831773508539438e-10,-0.004020630850552686,2.7978517364399567e-6,-0.0019510930222339281,0.00040556034092871436,-7.858128352557454e-10,-2.535834289483006e-6,-0.005540984845456059,0.0002503130661774998,-1.5540599400675242e-6,-4.6883390317310534e-7,-0.04503264313147778,2.781297746239293e-9,8.060589402122535e-8,0.008620513851166694,-7.64910172321596e-5,5.9540733863060506e-5,-0.0006732821983790126,0.014523540353920197,2.657801881887191e-7,0.00013515016914867904,7.608714722517416e-11,-7.980395945007684e-9,1.0623449727237878e-6,5.0594118925718095e-9,0.00034045322918624935,0.008107249893458785,0.0033317088510926973,4.978547557789924e-7,8.759355214984796e-7,-7.966879473533748e-9,1.2678529668704237e-10,0.019999544611548774,-1.8696838475047137e-5,0.006189649763872705,0.0013625664436908702,-0.007359029971399599,0.15747528183410456,8.021890232413133e-8,0.014465493855862864,8.17757079288739e-8,-3.944860830550489e-7,1.1837472753337819e-8,-0.002981599511329818,-4.329239052537023e-9,1.4032260464137413e-6,2.652029654191293e-7,2.763726874134084e-9,1.119643344637963e-9,-0.00022388476598743162,-1.2689426818213334e-5,-0.006238746474073345,0.0015609590065284755,-0.0009926122115471048,1.0537986977511719e-7,0.010771860533672937,-1.2275971467226933e-6,-3.5026097971650797e-9,-1.9732342955481806e-8,5.63242659310029e-12,-2.0253192204659953e-6,-1.5208163265156324e-8,0.0004325571869668897,5.102049075813607e-7,4.253864665365139e-8,-9.804063667887536e-6,8.676765002307097e-11,-7.012928868815158e-10,-9.160952667550555e-9,-0.005430121633382753,2.3758964960349985e-7,0.006062214504856626,6.116228597434948e-6,-1.594727120890624e-10,-0.00021286577403068424,-0.012589184129457582,3.38358165326543e-8,0.005959918466954992,5.494236699109366e-7,-6.370420036911138e-10,-0.001785880714828014,5.857981769445374e-5,-0.0008446947173528619,-1.81639460246074e-8,4.579777156219847e-5,-1.1629478551026444e-10,-0.011193581866743716,-9.167415438892538e-5,-1.048151646084576e-6,-0.00872751290478391,-2.6579124416812852e-9,0.03260471980377313,8.555948877941683e-10,4.713393398980655e-9,-4.651386897384057e-11,-0.00047994453891514146,0.003508861091098825,4.321514014836072e-5,-6.0836859360383444e-5,1.6539584621565844e-11,0.005882582676359416,-0.005820034434864308,4.4608544292254464e-8,-1.2766222806945776e-8,0.007904626848992602,-1.6525436145690627e-5,-5.161972751408366e-5,2.6768739801769083e-7,9.460315530060044e-8,-0.02134122630082767,-0.008719622275716777,-9.77327103015436e-11,3.3924184854635456e-7,-2.483427211005176e-6,-0.0026083757984024874,-1.7545604191092335e-5,1.243577580026803e-7,-2.7571429485378276e-5,-0.005420169774372698,-1.1050398515870688e-5,2.1665660275547563e-9,7.384095286511336e-10,-2.337984472202466e-7,7.455707743073606e-8,9.54498082517533e-8,2.3552574923229336e-7,-0.009016614452251848,0.026584270527180088,-1.8808838993099552e-10,-4.430033960546771e-6,-0.0006966607935897932
0.0,0.0,0.0,0.0,0.0,0.0,0.0,0.0,0.0,0.0,0.0,0.0,0.0,0.0,0.0,0.0,0.0,0.0,0.0,0.0,0.0,0.0,0.0,0.0,0.0,0.0,0.0,0.0,0.0,0.0,0.0,0.0,0.0,0.0,0.0,0.0,0.0,0.0,0.0,0.0,0.0,0.0,0.0,0.0,0.0,0.0,0.0,0.0,0.0,0.0,0.0,0.0,0.0,0.0,0.0,0.0,0.0,0.0,0.0,0.0,0.0,0.0,0.0,0.0,0.0,0.0,0.0,0.0,0.0,0.0,0.0,0.0,0.0,0.0,0.0,0.0,0.0,0.0,0.0,0.0,0.0,0.0,0.0,0.0,0.0,0.0,0.0,0.0,0.0,0.0,0.0,0.0,0.0,0.0,0.0,0.0,0.0,0.0,0.0,0.0,0.0,0.0,0.0,0.0,0.0,0.0,0.0,0.0,0.0,0.0,0.0,0.0,0.0,0.0,0.0,0.0,0.0,0.0,0.0,0.0,0.0,0.0,0.0,0.0,0.0,0.0,0.0,0.0,0.0,0.0,0.0,0.0,0.0,0.0,0.0,0.0,0.0,0.0,0.0,0.0,0.0,0.0,0.24479515332455018,-8.256397213200849e-9,-0.0002924004234461495,-5.144378044884708e-6,0.013123952845281305,0.006658000443232931,-0.001992251212808725,-0.0016351207483688774,-1.826546641301179e-5,7.85456711453027e-9,3.095326443452959e-7,-3.468104628958723e-7,0.005852618010836129,-0.00033380919670681573,-1.4017484352514346e-5,0.0002736019200194262,-0.013565952733954978,0.007398320935247645,3.23911974201622e-8,-0.000137086864546632,-1.419711694817298e-9,4.4476338775027556e-9,0.02972352745246291,0.00013315279181631953,-1.0568888278572226e-7,-3.1455338414793762e-6,-0.031641158870086956,-0.00037397951786588383,1.1790935251135265e-8,-0.0015175206436592087,-0.0041132798452967936,-0.005559562872565902,0.08040662605846798,1.2281326352865225e-6,0.0009224843373693548,4.443672890798058e-10,-6.1086937701370365e-9,-5.442475094495128e-5,-1.885783263449416e-5,1.5637227089930235e-6,-2.6449491045886764e-7,-0.000465825588878329,-0.000581087094925917,-0.00019858511168648792,-3.113275459606859e-6,0.0009082099175724057,-1.2668036953615452e-8,0.014159718269690173,2.8020689442095878e-5,5.8856695997221604e-8,-0.05063230895247913,-8.453462785303208e-6,1.8732234762410975e-8,-0.0023719591582849805,-0.0011555268995365798,6.151307713034893e-7,-2.005491602363316e-8,0.020822935717348758,-0.012699720440685952,9.583886638832474e-9,-1.9778182893837746e-5,0.00018467353834810015,0.003762225583010843,0.00019936641001692786,-0.0005212455135463975,-3.7498720499386406e-7,-6.647350099117434e-10,7.4750371703022675e-6,0.016624954246590412,3.6819494492385496e-9,-0.003108406423384909,-1.848242822444724e-5,0.005121853366002738,-1.9741980929511005e-9,0.00015545117136031315,-2.567999495132195e-9,-6.423737543213484e-8,0.014435747813247878,-0.005166440701917466,-0.004648972122010118,-1.0551701314359643e-6,3.155143652054547e-8,4.2472257744998266e-5,0.00020996881492902118,2.689506058407361e-9,2.7317479288748583e-7,-0.006323668575177455,-5.571750633498074e-8,0.0014496102545832098,-4.2842416716853415e-5,-0.01367286109171246,-3.7172269505618656e-6,0.0008091734807481122,-0.01822787774094586,1.9089242250209257e-10,-3.856456951453793e-10,-0.003735747912792877,0.0025314540127972713,-1.875460193854798e-7,-0.00021738617774980483,1.1310886075198868e-8,0.0001509153049977801,-8.345866762071784e-10,0.00038507706438277195,-2.2801531563671511e-7,9.144978320552951e-5,3.0230783429783767e-6,0.0018028719124370282,6.717109408509532e-9,-5.623040389644401e-7,-7.428745417573676e-10,-0.04270370667644496,9.436771204341435e-9,-0.015165142312098026,-7.225859135003299e-9,-8.267922918621199e-7,0.1108535424052372,-0.003955774777742182,7.652489920197553e-8,-9.977155880231331e-6,-0.0012195189197491678,-0.0006066953831723113,-0.0035426234613415105,-1.9856208646396173e-9,0.000916662980336628,-0.011984215029832171,0.07277426991068625,0.00019776210192604387,-8.734179313352686e-8,1.9446428023120736e-10,3.707894284284267e-6,0.008767718721251832,-0.0005671801099032452,4.048346990355069e-6,2.435291602242708e-9,0.0005256065994805318,-2.0121948735862732e-5,0.0196689802154783,-0.0013520072358234297,8.842339186396883e-7,0.09883628685565189,2.9120848627932407e-9,-1.6912265058983232e-6,-0.00038444383394387017,-0.0052118718565221855,7.690425692426631e-7,0.0043651467366768405,2.5662764731779448e-8,0.016420888287526532,5.360854039945225e-10,4.527670590804789e-5,-0.002814289608052605,6.668263866537328e-7,3.434013976047194e-5,-1.1407583117414471e-6,4.213955232686438e-9,6.006121275364702e-8,-0.0005791687793843781,1.975529741070872e-10,4.441003350643826e-9,-0.0004012766121632646,-0.00011410944565793003,1.5544672034288907e-5,6.551314537763757e-6,1.0337696249845923e-7,-1.8338391633043225e-5,0.013256347288796797,-0.00849857293933751,9.156805493538621e-8,4.2438200738653366e-7,-8.42952983540796e-10,-0.00013414430840752727,2.618056367502557e-8,-0.0005138990588416712,-1.5642746274733406e-5,-0.003894203362027406,0.0073033890716136625,2.934599466139674e-9,6.673554238598837e-7,-0.000327334595661639,-3.1430323147038445e-6,-0.010065166809067485,-2.4497204304380972e-8,-1.3798216679776434e-6,0.014335085492608386,-1.3691307310654256e-7,-0.0013734027425887489,-1.3692406109981267e-9,0.007374160866929464,-2.9711986463910044e-6,7.385267665612181e-5,-0.0002907970306695508,-1.289036008270461e-6,3.017542155092609e-8,2.9728837491255935e-5,-0.015807864782593255,-5.4861333636490276e-8,0.0006926076656550488,0.008555606083209294,0.00030618139573432957,4.6423185365240565e-5,4.930867843322551e-9,0.0006924666558253447,-0.0005809891557059044,-3.263698659188203e-9,2.3176936796858594e-6,0.017582720476263074,0.0015543412036051329,4.94225966814111e-7,0.0004554517292805347,-0.0026677935434661353,-0.006445048967208525,0.00029987999958765117,-2.7713446730746705e-5,-3.880273149878449e-6,0.005316157968306478,0.019210031367129645,7.036590389029273e-5,-0.0018673362941256507,0.014918118423167568,0.01598222699577054,-4.528286904626819e-9,1.6642340087595908e-6,-6.347175978202311e-9,2.6961929511031723e-8,-0.007058517132005237,-0.0009686006285326201,-0.0001771504964865646,-7.074986648985609e-6,0.0021299609384874216,-1.4076893770334155e-7,-0.04811953361028304,2.9424922591329933e-5,0.10477614968962388,0.0023281204488696692,-0.019656180490828106,-0.0002648290781670865,-0.001903724848307947,2.342602404892264e-9,-0.0008416358700191248,-1.487380477801481e-5,0.0001392543980727431,1.0485635734518545e-7,-0.0002131779755410195,2.6571338728496194e-5,1.474639407576044e-9,0.00011886701529634211,-0.0013415869707315974,-0.006103547197457368,-9.649602610865557e-6,-3.0191658328244946e-6,-1.971416485597066e-10,2.7355226811293816e-9,-0.00010980260531375408,-4.847113845717983e-9,1.5675011616333797e-10,0.007271783640382344,-0.013169922113554278,-0.001417861710232996,2.041101765337495e-9,-0.061234428330262686,6.71318393622597e-10,-0.0010350040429228976,2.3936251523173436e-7,-2.430816861347945e-5,1.9746707319570575e-9,0.00019089302504888956,-0.0003570392072717262,-0.00013464278587300413,0.00011368211466352191,-0.0003207612419795113,-0.0009083174310017826,-9.219895695606519e-8,-0.012290904530708838,-0.046345356282547136,5.4695410615034566e-6,0.01507940129491032,0.007835199824539858,-0.010349201243710707,2.481549021883318e-9,0.003951377578991657,1.8567248421561622e-6,-1.4461327584462697e-6,-0.014276919296314654,2.5780525688834048e-6,-0.028103997172410463,6.23656389415409e-8,-7.540386992421614e-5,0.001981267816213385,-0.008300897171935582,7.901948077639401e-10,-0.0023047614862205523,3.4508050990707214e-7,-1.273471403470817e-9,0.0007436225739010893,2.879736425715557e-10,-5.217482662879968e-6,3.243715635424658e-8,-0.009791178893072228,-0.0017938436265864449,-0.0057890651406687045,0.0004560849901233167,-0.0007169993366985188,-2.0339051888765896e-6,-0.00011854784628158912,4.233003995488103e-8,0.0024859677517234395,0.0730707954561803,-0.004835967258870553,5.884027319730184e-9,-9.635093743554802e-10,3.916831307877585e-8,-3.2713038361994575e-6,0.008032690795617565,-3.129851935952821e-7,0.006414812649733457,6.811552567759384e-9,0.0014382850881412541,0.02928480460809682,-0.0394088227686863,-1.2220095543763677e-7,-0.0011517010455004198,3.5068093876612215e-9,5.317913191662776e-5,-2.026889168744375e-8,0.005635056514284048,-0.0015045607918504258,-0.00038595530327759726,-1.6116617380416064e-8,0.0006808501086302406,-0.0029486492416082163,0.0003107531177263391,-0.03143405454310653,7.797345103651735e-9,3.433969307976995e-7,4.993854299378112e-8,0.0031066341460678614,-0.002020351529637738,-0.0004137519570791494,2.8606976399940694e-6,-0.004630939052028828,-8.869990895280608e-10,-1.9200547450413428e-5,-1.770398719132048e-5,0.0004512889790125606,-1.8290606503165806e-8,-1.0831533257548097e-6,0.019848025091999576,-0.009653869917076945,-3.8065591810436753e-6,-0.00012023316788767201,2.221144048609912e-5,0.00606791275129113,-3.988360699913048e-8,7.006724269068602e-9,-0.00036510988378721536,0.06193359084721304,8.43779297265414e-10,-0.0006644496880661466,0.02395322606519765,0.0023526632392879285,-2.2925781502760934e-6,-0.0010608584261165808,-1.3463746344921863e-7,2.578640725016186e-6,1.216091485523659e-6,-7.174368122448398e-6,-0.0008351985201528851,-3.1740184953720306e-5,0.00017676169430161327,6.763127551229262e-9,1.8391203816483352e-9,0.00015737445437598427,0.006681570694961177,5.674863688707654e-9,-6.612352485887694e-9,-1.902987865066192e-8,4.0936888581919447e-7,-1.3027047516395103e-5,0.0048726041687228985,-0.01029522463316441,-3.724095237727985e-6,-0.0018386264348606842,-1.3133391566616498e-6,3.1405636513914e-8,1.9566161453438776e-8,7.064360429836311e-7,1.6466842436063533e-5,3.756211790545109e-10,3.8277979799422175e-8,-0.005015326538986741,-0.003871855077172066,0.0009070759131121735,-3.6581045859784165e-5,-5.1483639298522634e-8,-1.1500162779757781e-8,1.4890336485826291e-8,-0.0004521151666470589,8.322284942648296e-10,-0.020581224851725477,0.0070088177570992545,3.477043927370956e-8,0.0006408107339244352,2.7474789276879028e-8,1.4952793816050368e-9,-1.2989544213352486e-8,-0.0014961033016717591,-4.523878805907799e-7,0.00019970385184882872,3.7845904649350328e-6,-3.274585999772195e-9,-4.9948099578514545e-9,4.853012267394565e-7,4.130560750306271e-8,0.000639614456033289,-0.004890751693662845,-7.816482140421848e-10,0.012899077019374058,-0.006530183225972182,1.883778084458223e-9,-0.0001765506022093008,-0.00019188268375227148,-3.6965714439328973e-6,2.361263730323193e-6,-0.00017350966120461986,0.003354968963415015,5.4823020429191625e-6,6.926601809821785e-9,0.0006121699492263739,0.0006330751504358444,9.315089962495872e-9,-0.016637533644858912,1.3500146584814252e-6,0.004798699672619583,3.1614832813499206e-5,0.0002669301746659528,2.9244255810479097e-6,5.744041574679193e-8,2.4568806393363567e-6,0.021624635797658023,0.0004977764418884792,1.11305662674774e-6,-1.407479134467918e-7,4.916510429410935e-8,-4.224381570371187e-5,0.009583072935995108,-4.311998917890851e-10,9.638344933151726e-9,-1.5291224993377028e-6,1.3793163431476503e-9,-1.524528868301463e-7,-4.993493414572945e-6,4.2369083045226254e-5,-9.994856165035112e-7,-1.3890834758973364e-6,-0.004985541560193013,3.120643576120137e-5,-6.042527784525382e-10,-8.781812063416488e-5,-1.1156497283812398e-5,0.00017280380387234875,-0.009608421615934046,0.010328965064149423,6.2389854178780274e-9,-1.709839553977887e-11,0.00020516564283932058,0.003521739576493942,-0.0008245222447505608,-2.647474230259402e-6,-8.662590670210352e-8,-6.754032410572369e-8,0.012130264326664027,-0.006877111560554606,0.0005925023980548964,-0.009253812185578332,0.0647671491603563,7.490842013580162e-8,0.0002187010116560954,-5.786051488387619e-6,7.092579547122096e-5,0.0002853317155649151,0.1320570079722716,4.5334753176375245e-6,7.790912200244538e-7,-6.203734493646742e-6,-0.001001071590367267,1.0504974845367116e-9,-0.0076474855029773445,6.959269247395299e-8,-0.039710064763176595,-1.526650742475845e-7,1.8039926572105807e-10,0.1838589769837227,9.862829833567621e-5,0.00394844447560487,-0.027254553654354537,-0.0015208342361202629,-0.0009785730604658677,-6.065983052618311e-8,0.003482494443519824,-3.406684785561401e-5,-1.0992854997868773e-5,0.0039329196230081,-0.046882976368631035,1.0035555560223667e-5,-0.011764085466570644,5.562925005442162e-7,-0.0006397349591426553,5.279546747521518e-9,8.732590437440568e-5,0.0019160822719254376,1.9170025571877924e-9,-0.02555927616203087,0.0001088930130379913,-0.00031591407080697897,8.066190994428265e-10,4.3376292889038235e-8,-0.005192387649099497,0.0036196619034858588,-3.5738830044360093e-6,-7.92211215747939e-9,1.4396131050870667e-8,2.038092842125731e-7,2.6844171790880945e-5,-0.008178395560130227,4.442125204787044e-6,0.0008716426064284251,4.303297371302401e-9,-0.00010880788342262642,-9.564235299602721e-7,-1.8271100558096072e-5,-0.002718910332701308,-0.0007455084383640307,6.802260154971425e-8,-1.8523723576868915e-5,0.004073526005142874,-0.0011443054725484181,-1.889747700925684e-7,0.005531574580947746,0.19855275346100962,7.384554511642241e-7,-1.1262733254737998e-5,5.75120532049316e-5,-1.4800377617408674e-6,6.33397243968478e-10,0.004375172722524851,3.3872973801244223e-6,4.923708440142846e-5,0.00543219945083907,0.002733218129035657,0.0057151180309593505,-1.8422780169019145e-6,-7.422287291883174e-9,-3.3953844143481497e-9,0.03241455105091629,-0.0005312563301572539,0.02107590148774315,-0.001068856512787317,1.4154876492063503e-8,0.0002581110408789571,-9.266026097866821e-11,-4.594320747219146e-8,-6.578539190076948e-7,1.4582191936282894e-8,0.10872517954537407,7.101022573504696e-7,0.012150587406740998,-0.010735772406483927,0.002119308484371426,1.458439324893299e-9,-0.011594296806352584,-0.0001756973707671912,0.02048263728772265,0.001464221139663093,-0.002593301234186611,-3.983895378853617e-6,1.898908186547641e-5,6.941111940949024e-9,-6.139547986320552e-10,2.242610162032292e-9,0.005922572205037543,-9.911935161216992e-9,0.0004132532687714117,-0.025169271576999927,0.04584484119719621,-0.0012888698530237953,0.0006153924852138973,-0.014020109129163833,1.1139514560978909e-10,-0.005722545492515404,0.03395099963799487,0.000445018120019523,-0.01071403390336033,-0.00320670283587993,-0.00012870370056705609,5.74376024309099e-9,0.01777112150452736,8.78152835002427e-7,0.00014940904087538219,-0.0013752939942829035,-5.444435097098242e-6,7.045853904582787e-8,0.0032547013962442146,1.5271832565505803e-9,-0.0008495382458385877,0.040806106372007024,-4.575159331761863e-8,-2.9005895468006902e-5,-1.4698738950104449e-5,0.016544234579338162,9.488463494993285e-5,-0.00048442823701157634,6.761216403159446e-8,-1.8798244915276304e-5,-0.0015976909651186245,-1.1640362146494592e-6,-0.0015083371808055671,6.305372821437963e-8,-0.008480094954551,0.005468725566606955,-0.0003954362148354954,1.1136090020347781e-8,2.1567265805697215e-6,1.9422373028768324e-5,-1.7604167047107934e-5,-0.0014805742833395685,-6.32366281810643e-8,9.814171504513161e-9,-0.0017425898107117138,0.00918986922752653,1.8641697352873306e-9,1.4920925576742862e-5,-2.9203065257558185e-5,0.015299926789200365,0.013709544558156503,2.1561416073371738e-8,3.826000729037315e-9,0.02395003641020418,-0.007579907946889469,2.0514617619230168e-7,4.028470461305004e-9,0.00016432355904080938,0.17841133941251333,-7.214072233858746e-6,-2.0404643618348166e-6,-1.9329130415542914e-7,0.0051119138600752454,-0.002099049352570144,0.0033359024025081253,-0.011198404003412826,-0.003638595785731928,0.014179520692466429,-8.082708700586846e-10,-6.86487813120317e-9,-0.001395534318190842,-0.00020856512188026501,6.348076731361907e-10
0.0,0.0,0.0,0.0,0.0,0.0,0.0,0.0,0.0,0.0,0.0,0.0,0.0,0.0,0.0,0.0,0.0,0.0,0.0,0.0,0.0,0.0,0.0,0.0,0.0,0.0,0.0,0.0,0.0,0.0,0.0,0.0,0.0,0.0,0.0,0.0,0.0,0.0,0.0,0.0,0.0,0.0,0.0,0.0,0.0,0.0,0.0,0.0,0.0,0.0,0.0,0.0,0.0,0.0,0.0,0.0,0.0,0.0,0.0,0.0,0.0,0.0,0.0,0.0,0.0,0.0,0.0,0.0,0.0,0.0,0.0,0.0,0.0,0.0,0.0,0.0,0.0,0.0,0.0,0.0,0.0,0.0,0.0,0.0,0.0,0.0,0.0,0.0,0.0,0.0,0.0,0.0,0.0,0.0,0.0,0.0,0.0,0.0,0.0,0.0,0.0,0.0,0.0,0.0,0.0,0.0,0.0,0.0,0.0,0.0,0.0,0.0,0.0,0.0,0.0,0.0,0.0,0.0,0.0,0.0,0.0,0.0,0.0,0.0,0.0,0.0,0.0,0.0,0.0,0.0,0.0,0.0,0.0,0.0,0.0,0.0,0.0,0.0,0.0,0.0,0.0,0.0,0.0,0.24334799298860169,2.552795254831782e-5,0.0003393860365015419,1.0970311613570364e-6,-4.068681502453691e-9,1.5125558332295435e-9,2.794631878195652e-7,0.001797091461155401,-0.0013877488158873063,-0.0316886704349162,-0.005280263384231184,-5.148359597503756e-6,-9.502321454671788e-6,0.002291209072778486,-0.0001613797767438884,2.090607551199749e-6,-2.1559770506568877e-8,0.013346324572269107,-8.528125367551373e-11,0.0017317029530617793,-0.00034998422166283264,9.670795351028319e-8,0.00010959913308395692,-0.0018401716708782954,-0.007051978284979283,-8.40236389632126e-9,-6.144072860386781e-10,0.06226531413622273,4.3928611403797014e-11,2.37172832275903e-6,4.039365237962265e-9,-6.30448284084811e-8,-0.007010673285079473,5.7601179374655604e-5,-0.000259762146563542,0.006617553016434322,5.411959842608571e-9,0.0002005988804009882,-0.0002683866054919332,0.004205487757108495,5.899850493491165e-6,3.999035374989115e-8,3.9076344504686703e-5,-0.005771325014339778,-1.2810526139341535e-7,0.0017210912764753033,-5.897428270963594e-7,-5.604024705103563e-5,0.001447135681010329,-7.649185305413495e-8,-0.0007454881017513624,-0.024864421641181553,-1.2475367544444197e-9,2.8378745803124666e-5,0.00749030075211984,-0.018716382946218933,1.66129104598694e-7,-3.0645531378276703e-9,-0.022401380712656443,-0.0002274510157434651,-6.2747057832613e-5,-5.136423589113008e-6,1.845136836394502e-5,6.097539667343092e-11,-0.011953136341972037,0.006488880226750522,-7.435886751327142e-5,1.0947658994883511e-7,-0.0017110821254646413,-7.71985512909771e-9,-5.164791274360221e-5,-6.85509426901476e-6,3.938035334941508e-5,-9.01304688413752e-6,0.006416704998681848,0.004611082278610227,4.4111812473566325e-8,-1.0873701582561659e-8,-9.519884273384994e-7,0.0001390725842929394,0.10973069689686547,5.077367639391355e-10,6.826618622520735e-10,-0.0006291853460241576,0.008324853950927259,-1.3509675279629872e-6,-0.0007998190721096763,3.6254613092411042e-9,8.512707590481935e-5,2.7427589269952676e-8,0.0003364566845327199,-6.9503664005057164e-6,-2.639217101527235e-9,0.000668831197682978,0.00047468723718070965,-9.135804192504237e-7,-6.0076893534112784e-6,0.006733560368655836,5.489775079520906e-9,-0.004291299192162097,0.00015020371865705865,0.0013396819127686837,1.2947126417803287e-10,-0.028703154280537223,-2.146738675453879e-9,-0.0005576704022977052,-4.922677681820174e-6,-0.00025310091527043987,-8.638600893951635e-5,0.0001815455645027747,-5.05500493685135e-7,-0.014045184659867477,-4.0611927520735726e-8,0.004237161853656164,0.003000088757123662,-3.050069827916327e-7,1.173417702751256e-6,0.01377373713179469,0.00048805579473596626,6.43420979379507e-6,-1.1233079451552526e-5,-6.33314326047293e-10,0.0026567412965635404,-7.108783474755899e-11,9.68939558200005e-9,2.060857701172456e-7,-0.00020276896450148108,-3.3749247254834505e-5,0.0032711593989039967,-7.140088483060145e-7,2.122004519604796e-9,-6.02481837296411e-10,-3.2017811416997247e-6,-0.00222498737519857,6.418262593354049e-8,-0.00022301374869447628,6.532292767372894e-10,-3.947226739411495e-7,-9.832693906593353e-5,-7.781241569828075e-8,0.0017128492962037243,0.0005841588583709405,-9.4374639062504e-6,-8.783216116193638e-9,-0.012896505864507928,-3.390293527974908e-9,-0.011082651459385588,-1.064026609112186e-6,-0.005695864294110714,2.1124241145201433e-7,-2.157107971673862e-9,-0.00783206778554784,4.129963697488717e-6,0.001627720330770475,-0.028656195197012412,0.015172656509753734,-4.750112863226777e-10,-7.534871394600832e-5,0.00014633857542477655,4.741768990624068e-5,3.2244309428602754e-10,-0.00017119083334361421,0.000647585495360697,-0.004471917948049942,0.00010677201228702523,2.2494641394304285e-8,-7.578455428079279e-7,-0.0013376522747424377,-0.0024111763425786505,-0.0016216883295563224,-2.6016516120601795e-10,0.01106668012313936,8.012297573244561e-6,0.0008838889515846299,-1.2750940837560545e-8,5.315633192512021e-7,-0.0007114814930584464,-0.000874972112258086,3.7983896131825384e-6,-0.0029340347882370315,6.177250427306005e-9,-0.0049126671654950195,-0.00015600811218553486,7.205975236970642e-7,-0.024015514881505804,4.80368145059415e-9,0.0006113040228055805,1.3992986520175909e-8,0.0035854944284618878,7.920988816916164e-5,-4.1940666736166096e-10,-0.008848048562970846,0.010680739867720095,-7.15280134430092e-7,-2.241170178640261e-8,0.013013552957672744,2.5056691842679428e-9,1.99054546819669e-7,0.00011685362991764853,1.3460381831332612e-6,-0.00039791357274807706,4.4185358176626865e-9,-7.947713598451907e-6,0.013645219903940622,-0.0014952650261778667,-1.1647601350531964e-6,-1.3714055273888924e-9,0.0009366597854602052,2.0863965643581474e-5,-2.6516390743046533e-7,1.9709943001561305e-9,2.332892467071672e-6,-0.00012248344541594412,-0.004507643001354178,-4.462954529494775e-6,2.1563472238007714e-7,-0.0001013167018295088,1.3069957300937456e-9,1.4656365974495978e-7,-3.423349655589176e-8,-0.004185510576012326,-0.004036096956246745,0.10716230026137509,-0.0004525646489941308,1.9531241685485364e-6,7.1983749181386485e-6,1.9005529884114905e-9,0.0003255822133883673,2.329589299497164e-9,-0.02999174135099503,5.367797082240527e-10,0.0001618534552071071,-7.69162740284778e-8,2.2045773824523876e-9,-3.9409359134008993e-7,2.024645647635264e-10,3.1063989855481015e-8,-0.0004901894607009591,-8.485561175325839e-10,-2.313178777619809e-10,7.880090976519759e-6,-0.029313624354292297,-3.1607899144164776e-6,-0.00016966293692306962,-0.0025733394069203906,-1.9116056240494136e-5,-9.560704025297158e-6,-8.472510424542053e-7,-0.00022627330332607813,-6.947308046383257e-5,0.0008226216047938542,0.008102572213004993,1.0367580273015708e-5,-0.003464302036862531,0.0008311294470330834,3.541229456170114e-7,9.318237590522895e-9,2.0991252175936003e-9,-0.00013813301480295481,-1.7069358771715865e-7,-0.0021968219592377342,5.7135107602412307e-11,-0.0036009407219120934,9.044876640042243e-5,-0.00016674800909907166,-0.00012189098844913226,2.1302824351279776e-10,4.871596620343618e-10,1.8594157088169884e-10,-2.6772246888641205e-10,1.4032940369563648e-10,-0.045504180683003416,-5.368597639576993e-7,-2.616305100632241e-7,0.00029758600457541624,-2.6916876108831404e-8,-9.631565210243932e-9,8.972651347776703e-7,-0.0011951824028352033,-5.828874967011504e-6,0.0006314501682772759,0.0001518956692563794,-9.1783767102134e-9,-0.0008270452143973593,-7.175156831806876e-8,-0.002244686999251064,-1.4514745106465252e-9,-3.3250484094241884e-9,3.810072447028191e-8,-0.007393585613863992,-2.4840869321129475e-8,-0.0009586327143973111,0.0008955030816803858,4.333626564800969e-11,0.0024411302766888243,0.0009265986819394721,0.00014843648975948993,2.092703123245336e-6,-2.139913572294984e-9,-1.856710311645033e-9,-2.9128872962750568e-6,-6.862624924356407e-11,-5.946133286436635e-5,8.509706594176809e-10,-0.05018240498361768,4.998467449533645e-9,6.368094215198682e-8,-1.7756651031785063e-8,-0.0027971170836170248,0.0025125141429876477,-0.020734676494548222,-2.080623777764572e-5,-2.5987295132346146e-6,0.0070764114939873834,-5.058256014213119e-9,-0.0008179094602702026,1.0808655336481402e-6,5.486181991889124e-8,-3.318813524096749e-8,-0.03195954892302888,5.4682243857099155e-11,0.002457476637152511,-1.378674871387446e-5,-0.025243085210822157,-1.531009769089996e-9,-3.4273295096084997e-10,-1.9327916953169207e-9,0.0033861496117274354,1.7536310649792216e-9,2.6483371902118998e-9,-2.318520670825767e-10,4.619380382506584e-8,-0.0019581964188097128,-0.0014062507906144708,0.009201247703991638,1.5791329201426803e-9,5.058739772408866e-9,-7.076576756574092e-10,-1.3270336367333303e-5,8.11101790990597e-9,0.0022882638659367563,0.0011340834266636462,-9.196928762188544e-5,5.38731679149114e-9,0.008616722166495205,0.003095061211939889,-3.205160186324922e-8,1.3966363775686413e-7,-9.420762566291408e-5,7.295547696074668e-5,-4.2724779198942205e-5,-6.042318786190258e-6,0.011492804576532338,0.21812500188436315,-1.3713757787885962e-9,2.1689698147648126e-7,-0.005836578698440809,-1.0014156376226752e-6,3.419731016929454e-8,2.995487936616662e-6,-7.370014132313215e-5,7.2467159014389075e-6,-0.03832626747162656,0.0008457578594551032,0.0003499931765136639,0.00022558813327931384,-1.362814842789681e-10,-2.4911701854491188e-5,-6.667747946749955e-6,0.08290790210438326,0.00018440863843642192,3.768913418041274e-5,1.5760425730188316e-9,-0.0021079054512217624,0.008382647701193596,0.0013505336358469648,-0.007145625252282889,0.00160334708266273,6.913581617883888e-9,-7.274383723435109e-8,-0.00016473232104926978,5.1051024522155145e-6,-0.005975224106595746,-0.001528073994262959,0.012688354578906411,0.0115056459563188,1.0413072337672273e-5,0.0002373682648655612,0.005815619972826288,9.088830337119074e-7,-2.093083725904467e-9,-2.469923549484177e-7,0.00015042211453628068,-0.02946633384935693,7.940311801526826e-5,-0.0001582907079821884,4.764170184558223e-5,0.004072425149729823,-2.731757214254623e-7,-3.468043303739122e-7,0.0243878553167845,4.9303993320585364e-5,0.00540113057541933,-0.0016978479810742576,0.1302728315621707,-1.6099150364493207e-10,-0.00705938941940882,5.8750706113555074e-6,-4.175776004323019e-6,-0.03752430667932673,-0.00091247527603388,-0.00029619048171724416,0.011919191506187846,-5.2238247365314596e-5,3.818338438423852e-9,0.0015247308642532367,-5.48631711825283e-9,-5.608026475487196e-9,0.0063081346752611985,-1.4544058349806753e-9,-2.125862670725633e-5,-0.007291814225371562,0.0002783313359191028,-1.382686958612886e-9,1.3121936574836764e-6,-0.00014198633331477935,0.0018438512532989995,2.5517767748630804e-9,-7.207344115903937e-9,-0.0009076514817675841,-3.217892841003166e-8,-0.001475032817690171,-3.842276001156967e-6,4.561212353280346e-5,8.10079903910243e-5,0.00040681561717933215,-0.015330203819824723,-0.0010677260673016315,-4.4874993094342454e-8,-3.2882874386986894e-6,-0.010172966959677622,0.006677555427575996,-0.014741066070286954,7.366090952110534e-10,-3.333864521007288e-8,-0.0003463661986516476,0.008408244789095475,-0.00010807761515500608,-0.0012640897918231686,0.007087330602461104,0.0003529373916257354,-5.922580790793519e-5,-0.00022017444082420554,-0.0006137582056626265,-7.439582307465225e-9,5.218668989319429e-6,-4.818084180981459e-5,-1.920084088411495e-10,-0.00012923489129378708,-3.538933596325758e-6,1.570568684348003e-6,-1.4200754086362426e-6,0.0012506189942763743,0.0013505697905596503,9.433963472587694e-11,-7.319478020747399e-10,-3.274269266862166e-10,-0.0003146335599443292,0.00011311141264308432,0.016476175939160537,5.331383595597941e-7,1.700075849844014e-6,1.0003786628244513e-10,9.095318958086276e-7,-4.6208553526453326e-9,0.002007275244129447,-2.989837402862105e-10,0.0004002740234129786,-6.223691898303182e-5,1.4757387518579943e-5,-3.070962992127817e-8,0.0001594299568940885,-0.00886391528092796,0.0009866544959649423,4.411195922098293e-9,-0.0009691437106991033,1.6121320520831734e-8,-0.010728184070941525,1.3657787152709894e-7,0.004169389201553147,9.728766554432299e-5,-6.257263374203356e-8,-4.527734276406784e-5,9.520585792051623e-7,-2.8208429294095005e-7,2.1365134953027716e-5,-3.88371131804961e-6,-0.020617260398873235,-2.688878281934175e-9,7.520916915395328e-9,0.0005888038244963252,-2.6008033989313673e-6,-2.5818198572098357e-9,1.940657429268919e-6,-9.428545301203197e-8,-0.0011416453263976333,-4.2489598002766725e-6,-0.004051107680575157,2.9658400524270467e-5,-2.543496983962636e-9,0.0012691081174494784,3.0894819972936356e-9,5.739938049248682e-10,1.389791499307153e-5,-0.004325289624470838,0.020577321281741442,-4.507983272290184e-9,-3.4884753783849995e-8,-0.004249617871906091,-0.0038128515001548007,-0.008766622333458342,7.327811466605092e-5,-2.8834134736837507e-5,-1.7777669426625997e-8,-4.5735861752754975e-6,3.846110847929243e-9,-0.00021358319377390194,-9.793103799067016e-6,-0.004514056795229005,0.00021475097992491342,-5.512843992457503e-9,-7.818383417217863e-6,-0.012989794087537788,0.001182969719763805,-5.851841068060943e-6,4.691412055061719e-6,0.007550670421163632,-3.1934344043911383e-9,-4.258767213842523e-9,0.010702259466412902,0.0004294170515700024,-0.0001568586761769117,5.5146436717796316e-5,0.01020148845454336,1.181003287825583e-6,-0.00033017803599175714,3.8478854508869e-10,-7.811312172930425e-9,2.7873850383889994e-6,3.9285577982944073e-10,-0.00033926456229867267,-0.023008801405471367,0.0016191455326656993,6.335755746382115e-8,-1.0741721082673855e-6,3.8297965653591596e-10,-3.9188344695849707e-10,0.12968771288185807,-3.816548547713938e-5,-7.906919157198786e-5,0.0005293139010012967,0.004383424490161066,0.004027268391266211,7.764558862318023e-8,-0.005072931323917788,1.1758532673948367e-7,-2.2039772071606745e-6,1.2921821990548729e-7,-0.000780230949755853,7.598489442252606e-9,4.182375695271591e-5,-3.118748046383936e-7,3.7840536876077904e-9,3.855391608896689e-9,-6.33066203617261e-5,6.814356531618155e-5,-0.0012850856208669109,0.00115194067707244,-0.00018953890400475842,2.072516204640269e-7,7.050020862863079e-5,-1.315467415539706e-6,-8.745282416909874e-9,-4.4193163050813657e-7,8.294781545263401e-10,1.45940656246025e-6,-1.0013785848844114e-8,0.00042219038061708984,-8.850826464857847e-8,-1.4502051669322958e-7,-2.2822524672391043e-5,-3.481609858220288e-9,1.335431507873158e-9,-8.271802039420492e-9,-0.0004070534063715788,-4.588406821305672e-7,0.0028385411489483077,5.281434144377859e-6,2.48987519190608e-10,0.00010726515286793681,0.002581894060949343,-5.677497030520134e-6,0.002144697874876252,-3.961326838249146e-7,-6.094881086482961e-8,-0.008235943512778883,-5.3757321420865625e-6,0.00023238865958774655,-6.489281086369509e-9,-0.00014980105786652144,-7.563164414016795e-10,0.011574939862990182,-2.7139383309376775e-5,-4.015041700683816e-6,-0.0020584418909601492,-2.9169659206966914e-9,-0.02704579527781549,1.155984160388437e-9,-6.296253739001926e-9,-3.887471861042768e-10,0.13670615802850328,-0.0006165549098091468,-9.903501575575636e-5,-8.150237699350183e-5,1.4960934977923832e-9,-0.00251207451651915,0.020590484749139396,3.1254670875680695e-5,4.7287034696490664e-8,0.021534583247683613,5.563966147834594e-5,-0.00011779725517434504,-9.95038593016254e-7,-2.1522067602594706e-7,0.00042322855891662744,0.0010990768406513886,2.738690903672482e-8,6.701355647465885e-7,-4.432080780164503e-6,0.0011174602880496675,-6.390080818336475e-5,1.51798015370005e-7,-2.248984211797099e-6,-0.009394540642457639,0.002073581761927171,-6.133507894379112e-9,-7.539512303105345e-9,4.1580164642830956e-7,-2.3492144026310137e-7,1.2813625164730227e-6,2.938041754922266e-7,-0.01588916507509757,-0.001557547375611123,3.652749422812236e-10,4.961569463141975e-6,0.0005010766192058451
0.0,0.0,0.0,0.0,0.0,0.0,0.0,0.0,0.0,0.0,0.0,0.0,0.0,0.0,0.0,0.0,0.0,0.0,0.0,0.0,0.0,0.0,0.0,0.0,0.0,0.0,0.0,0.0,0.0,0.0,0.0,0.0,0.0,0.0,0.0,0.0,0.0,0.0,0.0,0.0,0.0,0.0,0.0,0.0,0.0,0.0,0.0,0.0,0.0,0.0,0.0,0.0,0.0,0.0,0.0,0.0,0.0,0.0,0.0,0.0,0.0,0.0,0.0,0.0,0.0,0.0,0.0,0.0,0.0,0.0,0.0,0.0,0.0,0.0,0.0,0.0,0.0,0.0,0.0,0.0,0.0,0.0,0.0,0.0,0.0,0.0,0.0,0.0,0.0,0.0,0.0,0.0,0.0,0.0,0.0,0.0,0.0,0.0,0.0,0.0,0.0,0.0,0.0,0.0,0.0,0.0,0.0,0.0,0.0,0.0,0.0,0.0,0.0,0.0,0.0,0.0,0.0,0.0,0.0,0.0,0.0,0.0,0.0,0.0,0.0,0.0,0.0,0.0,0.0,0.0,0.0,0.0,0.0,0.0,0.0,0.0,0.0,0.0,0.0,0.0,0.0,0.0,0.0,0.0,0.24299930410847614,-0.0013630220956116785,-0.0009955496829229975,-7.51219256654128e-5,-1.3632814018513673e-5,0.0018555182775306304,0.004001033409029926,-3.3573489788287534e-7,-3.524747085556082e-5,3.506523206431029e-5,-0.02031927121146682,0.03928451275350223,0.0008616891939776182,0.007607064283953663,-0.007001494434026254,3.891495829642045e-6,-1.352221040633036e-6,-2.8338091269312875e-6,-3.9657129278284145e-8,-1.1245626617220771e-7,-0.007364093879118995,0.009200457250163016,-1.9751163350215934e-6,0.00017335697691090983,-0.00010607762965120514,-7.384260795585143e-6,3.2629552014681216e-6,-1.281873793059299e-6,0.010109709386856007,-3.3525970794819826e-5,-0.00043389422003044996,-0.0003109172866887617,-0.03270250745288885,5.4926802957164676e-8,4.952209444881393e-7,6.261064827257776e-5,-0.0019233237277546734,-0.00048348681956571384,1.1235065094629268e-5,0.05254072221629147,-0.00023236672021592086,-0.05084062072159425,0.00011749112409270576,-0.00031183428384475937,1.7797882639739149e-6,-0.0018880340749327477,-0.0018796250959005544,-2.755074355127203e-6,0.0009440061495455467,0.0006547150047016457,-4.181931319207822e-6,4.791974901313301e-6,0.04333358637594549,-0.00013864478772177268,7.136499130403188e-7,-0.004042501287108244,7.361380101442454e-5,1.3091399326284239e-5,0.00244441590542667,0.016202640621701007,-0.015756572565677224,-0.006091914757853092,-3.5907547719533253e-6,1.258437223612781e-5,-5.8325533198198736e-9,0.009783739152031063,0.0009169045830972178,-2.6383937671859896e-8,-2.468644251026684e-5,-0.002586928463867606,-0.07551388541590195,-1.1300072696399182e-7,-0.009489595400784246,-2.4563286970062737e-7,1.237131088771374e-5,-5.941327983041197e-5,0.000144521988383522,-0.019904888611411476,-0.00033929039539676504,-4.443236722464259e-6,5.758229109273728e-6,4.065296911788326e-6,8.849240699060883e-8,2.3437643650250573e-5,-0.0004879556178321787,2.366516498585117e-6,-1.7169840596122065e-5,-0.00025612179682651254,-8.752972039320675e-5,-0.00011414056996029592,0.12697207737566582,4.968054763635491e-5,-9.98009616101908e-8,-6.974640547207631e-8,-0.005632696455969457,-0.03134503692036541,1.2241711642498557e-7,4.637047803810353e-5,-2.6200723974135504e-7,-0.005875431039910242,-2.265225390618539e-9,-3.7154504029520817e-6,-2.069810454742271e-5,-1.4293828392187688e-5,-0.0001082794448368996,-0.0015129194950497693,4.3771141390844443e-7,-1.0531957821599667e-5,-3.418830250699809e-8,-0.004401963830740898,5.430589312319667e-6,-0.00033612295533899287,6.664329740459687e-6,4.522812297012008e-5,-0.0012572721676030617,-0.0011312015315019155,-1.7397182967853276e-6,0.0036515931917820276,0.04684573584017022,0.02643172653179983,1.642547062630683e-5,-2.5586204758888234e-8,-7.485043137375633e-7,0.00015683260993546377,0.0007656138312539766,0.006284747833730332,1.4551881579184243e-5,-2.4522757411759625e-7,0.004383184054927629,-3.881322908911404e-5,-6.101673994004724e-6,-0.007836175954529984,3.2231457386767344e-7,-0.002003219729624618,-0.012017619037146493,-0.0003396536495675612,-0.02758548693702637,0.0009823305891554133,-0.0003050626398782978,-4.359955378302701e-7,0.000276616983106429,-0.01744621610455201,-7.842150860823974e-5,-2.6827523862790057e-5,-4.452193759318429e-5,1.7862275497907684e-6,-0.0011344188162477845,1.8698199317995072e-7,0.002942529886553917,-1.1432725096923302e-5,-6.647918623243096e-5,-0.0078089583812921,0.0005655576792672613,1.514898865522755e-6,-4.948732190284262e-6,-9.204884360557275e-6,-1.756232513777776e-8,3.61261720104854e-7,0.04679033053666404,2.198675931110124e-6,-0.00045983823800644,-0.0005641157279122243,-5.967472075071889e-6,0.008461014032431444,0.0008338392754762271,-0.0044313809407779065,-2.5019304887514844e-6,-4.728337862981382e-5,1.3537530861410986e-7,1.0056346081412958e-6,-2.924063190959002e-7,0.13088006448739944,0.000773616354780595,-0.00016757505010403298,0.003700197701834338,-2.5617715894043034e-8,-0.00058965128092374,0.09655433464205387,7.29041758113937e-5,0.0011289646801960834,-1.3771010601799726e-6,-0.005081554970946565,-0.0007097502104227213,-3.743253047482747e-6,1.907190678680001e-5,2.7135694109837962e-8,0.0002480549760931174,0.00046973122381091797,0.0019811277353039658,-2.7536518078087612e-6,8.252135357490757e-5,4.5658586910019e-7,-0.024552633411111146,-2.6670624362302023e-5,2.0937294647432368e-5,3.3051488106512067e-6,0.0014584812497236226,0.0023605431064706774,0.004451354438553298,-1.673540303547255e-7,0.00013965487289751714,0.022542170043921027,-8.59360793337664e-7,-0.0007042467581718058,-0.003591600171027427,-1.3470448426438572e-5,3.221370682204468e-5,-0.0015754380055512337,-0.0008324307878161015,2.6459958601216792e-5,-0.0029390140488864736,0.002276055561654833,0.000103653482173021,-0.016293786323841458,-0.00018028279989093637,0.005008548078230332,1.4993289945689842e-5,0.0016365259192409548,-3.683546559831016e-5,-1.4349929361966195e-5,-0.00030672883641443455,-2.475279816881079e-7,-1.0295678764115185e-6,0.010571623906773495,0.03901264834087849,-8.544950726647706e-7,0.0019677265796981197,1.6402675595327898e-5,2.550730373855824e-6,-0.0002162863399980429,0.018178236282677864,-0.0004372723449610177,-6.086760399476628e-7,-0.002309287742636439,1.3119678496715937e-5,0.0004574291738723526,-1.2214555730583273e-7,-5.620131079323371e-6,-3.047702006284893e-6,-0.016437679176558775,-2.9404993891407087e-5,0.0032168150791206233,-0.0029321863753788975,2.404878958100697e-7,-0.020474181398951585,0.006388769296308526,0.0006674206318410071,0.0006178531671222526,-0.0037657573267067005,9.564704599996116e-9,-2.2125055202935341e-7,0.003513460360522977,3.4943401375219593e-7,-5.914978604014997e-8,2.9309459559899064e-5,0.00021887260169071648,2.785188193296598e-5,-6.315037679688694e-8,-0.0013820070946386632,-2.560199464218651e-8,7.500398367105551e-6,-3.313983688306858e-6,0.00471300774775328,-1.277757319813116e-7,0.007673095028013304,3.2465970727987033e-6,-1.3778796696742082e-6,3.7927861587562555e-7,-5.936703466301077e-6,5.932214304693119e-6,-9.888473840768652e-6,-0.008045610075808802,0.0007930481056116515,-0.0020082935169995868,-0.0007172786546849276,2.876729698552986e-5,-0.011430980646757816,-1.1770989125489359e-8,-0.06218270665378606,-0.0006912912307218635,-0.0007748747217063783,4.989888699542642e-5,6.739942451904151e-6,0.0014118640469570527,3.4059075485412716e-7,-9.113313906307859e-6,-4.699446416277323e-5,-0.00040407942858899145,-3.102709663501284e-7,-0.000298013653433997,-0.000296732030898895,2.980523416680182e-8,-7.485391996748389e-6,-4.085659930113772e-7,0.00047338987825753745,-9.86161068263747e-7,-0.0017135761439140797,1.1173989875692463e-5,-1.493008620650727e-5,-0.003029332403191061,-3.2901992727163046e-6,0.000771492521190157,3.260719043278593e-6,-2.184662232029118e-5,1.3861235417809262e-5,0.00021259311461851917,-0.00021386133560691788,-1.1174145630961604e-7,-1.0001054203101746e-7,-2.6161988315846252e-6,5.0786712930867687e-5,-0.0009346153205089814,7.650263644186559e-5,-7.093687445173392e-5,-3.2952917836902213e-7,0.006746573005868115,6.215572230722315e-5,0.0008821645961063936,1.053516055560062e-6,4.873788298402332e-6,-1.692599676155675e-7,0.013307940472424732,8.613055860472327e-7,-3.975403234792991e-5,7.509324006726435e-6,-1.1141801609746843e-5,3.985835188470958e-7,1.3321880312191539e-5,3.226262350850446e-5,-3.9703533908275476e-5,0.0011565441993750887,-4.4959837466984475e-7,-0.0005338295106458305,3.304778655990476e-5,6.5992127641912494e-6,0.00010209936597315785,-1.1328242812639672e-5,-0.0006709581196547674,3.297923569598954e-5,-4.644731576563815e-8,0.0055882014822185135,0.011286818008914278,3.7199502879312615e-5,6.364721247717893e-6,5.605783855002401e-5,-0.0001496921757136668,0.0005665690949831988,-0.0006603538126145582,0.015601177437887163,-0.01103859335534481,-0.027555976189947942,9.510555006096422e-6,-4.7240971466282e-6,-9.098340293224522e-6,0.0010994599678519111,-3.387102088145782e-7,0.03306576915649039,-9.421035051131437e-5,0.014634400438858662,-0.0004237543389308913,0.07777132483427383,2.6618465368282064e-7,0.00018968056518671938,-0.0003239146769456221,-0.00020965763545343754,1.962630596644164e-6,-0.0010709594728944495,-0.00858426264172858,-2.359924722994294e-6,-1.9681443810709769e-7,-0.004838777007333816,-4.537422065458941e-5,-5.611700966034923e-8,6.0647134936259415e-6,8.857178644656188e-7,-1.9972161805653543e-5,0.001232743792495946,4.006221796846973e-5,0.00012728335075717578,0.0004080148343029411,0.005905299384931057,4.0490686005504464e-5,-1.4155892101720717e-6,-5.809789407746145e-7,-4.0931519320756007e-5,0.13617317709322574,-1.2399379592867163e-8,6.687885220279904e-7,-0.011941460909655185,2.447882674218628e-6,-0.0025062390362534078,0.015242895766407286,-9.027340821528892e-7,-0.0006452990628041528,-2.555919009109244e-6,-0.04868035634985472,1.8745422168206369e-7,-0.0015711258110100443,-0.001869524708015794,-1.3952813193459337e-6,-0.03782501373382256,8.134615301781274e-6,2.84059015971405e-7,6.554236141654083e-6,-1.402131921062376e-5,3.204449720838896e-5,0.029249045336563168,-0.006709220101177024,7.206952085966346e-7,7.339419169983138e-7,3.008323538035848e-5,-7.32556843650044e-7,0.051595853544826965,4.996015623679329e-5,-5.296641574132133e-8,-0.00018161937710270212,-8.02862906341781e-5,1.0040009755773788e-7,-2.4373097258543682e-5,-0.008239231940013738,0.00013065720967309646,-0.0002726818779496714,-1.5768520015200174e-5,0.012572279567244889,-0.0016139022066672956,7.939037558225975e-7,3.3339026488548036e-5,-3.098320080565221e-5,-4.011290710076121e-8,-8.513819531212613e-5,-0.00033760479665228567,-0.023969273863766797,0.011843885403730166,-0.03559617545509813,-0.00021729617181757011,-1.1736866378295255e-5,-2.4064282518599452e-5,-0.004902310261463237,-0.040567405257038565,-6.707377388267578e-5,3.7542356984647606e-5,-4.559465051893789e-6,3.859551713707587e-6,-0.000387718559251949,6.396419268614285e-8,-5.640848541118272e-7,0.0010481337475258031,6.603155865795144e-8,5.3392276474669045e-6,-0.00015852738577943639,-0.001893767152346112,-0.00034423830662735905,0.00023243347701443136,-9.91115406357441e-5,0.010384228583589644,-8.548070098463977e-8,3.69402475115014e-7,-0.006172176739304993,-0.003394906868376695,-0.0013736210410991761,0.002718905816882812,-6.22023748549866e-7,-1.4880902037989217e-7,-2.762500304800317e-6,-3.302072532257134e-5,-5.937057789504594e-6,-0.008760396416038948,4.271635002175169e-6,3.241506571145591e-6,-0.00042718192706541077,-0.010715223475738726,-7.450713532032064e-6,-0.0006206869085560779,-0.000491434953039704,-9.759836392553238e-6,3.3473100866076204e-6,0.00035787863848102386,-0.023671729929875648,-0.007114637673534096,-0.00012362121740249477,-0.0002683247907195738,-3.7340658106761915e-5,9.563067311581896e-5,3.062690406291675e-5,1.741806931701801e-8,-0.0003988657089823639,-1.6574488129478655e-7,0.001810404972232908,6.799139331505865e-6,-2.4648486714233285e-8,-0.00036288604361797564,-0.0059588276135108,-0.0001942798458659895,0.0007666605768352147,0.1699145439319451,0.025771747632871763,-3.910579727526253e-6,-5.289461381807732e-5,7.627601813599242e-5,-0.00020081674322835149,-0.0036298983553894647,-1.8316563876892365e-5,-0.0014906861056973785,-0.0005726024681092016,-0.00022181494058888656,0.0070817044375443205,6.038618653103935e-8,-0.002981975395140457,-3.5374673963577076e-5,2.3043059291014318e-7,5.081637213591855e-6,4.304424035185737e-6,0.013639734749516049,3.495477824393658e-7,-2.0075480086495293e-6,-2.0415923704182523e-5,1.2539740654376693e-5,0.00017307456591594123,1.140647048917095e-6,1.551804207790985e-6,-8.134359613066382e-5,-0.0003341456746855723,-0.00013379910491946766,-0.011248075462565104,0.00020887669665721717,-1.064847581672038e-7,-0.014789805116783145,8.50124492335646e-5,0.001675082397046007,-6.01153101208119e-5,0.0030990316725990437,-1.3928449569353727e-5,0.004687689270894406,-0.006493960463441257,0.024925556857123964,9.047511197407096e-6,-6.34751710185586e-5,-0.00020825535992958228,-8.371389724184032e-5,-0.0006268587888188136,0.00014424032076083563,-0.0006758750367909061,-8.688253423143739e-7,0.004350253927785961,-0.0010670766949497992,2.243367409005428e-6,-9.999711571054973e-6,-0.0007889839172684791,-3.5021727881161935e-5,-0.00033340198833740447,4.6764510922935373e-7,3.5982561116911804e-7,-0.007845193881958253,-0.007956174298429427,-0.0004000336953631272,-1.0676526835522686e-5,-3.1066689901197834e-6,0.015654213715267668,2.9707080033717347e-7,-0.0004585631515900675,3.374789577933218e-5,6.203092750139636e-7,0.00014681832599209007,-6.024640653227529e-5,0.0011548878640958936,0.0002124750964773094,0.000793871774862494,4.7433366577624334e-8,0.00015691522251338409,0.023216482986343403,-0.0019522786655076427,2.182412146420658e-6,-1.0707437855253998e-6,0.0013244934749505712,0.008354963738227696,-1.5325526016054072e-7,-4.712673529829176e-8,-8.941930340626947e-8,0.00031964257738038084,3.5839769796941633e-7,-0.014391513761902392,0.000397237966795092,-0.0020844732229099838,-1.014960838349333e-5,0.10309020452360418,9.315941939366253e-6,-2.5251206383958e-8,-0.005956231592609795,-0.0009896184137729049,0.06002106868099356,-1.696033239426167e-5,1.5893878380780396e-5,1.8216618506965645e-5,-2.434195258731112e-7,-0.007124809658403319,-0.00018668114583754767,-0.00381887548792831,7.211016431671489e-6,-0.00011383052087529208,8.154485038833996e-6,-0.05612058975683876,-3.696182594959658e-7,0.0008447366457234899,-0.00017918001133206883,5.839186326848776e-5,0.00697281213825209,-0.0008840854332744485,0.0010034758229118467,0.005036018984043086,-1.4013597531109944e-5,-2.4459071409082787e-6,-0.0008409983777388892,-0.0029938397385215186,9.014797522696608e-5,-1.4849705207007915e-5,-3.594826159277051e-8,-1.9053036932734373e-5,-0.00015841232616514952,-2.5402536067011308e-6,2.2825643757196087e-6,-0.00011796640785025501,8.64627401765341e-5,0.0008804673782586587,1.1292802562833678e-5,1.4136525399060634e-5,1.4564335707279706e-6,0.13249986057456137,0.00012679033551628421,-1.1374730854493978e-6,0.0032444642185307606,-0.009229567291852295,-0.00380331572056386,0.003082610167813362,-9.601197861955974e-7,-3.9799675986414506e-7,-0.000342658326118228,-0.004969245296130225,-0.0030164020276733936,3.4378393068209385e-5,0.0173212924027804,0.0005227680076759199,-0.0011107205383132294,0.00011157728740489842,6.955692392755188e-5,-8.190277662817985e-5,9.44420527645325e-5,0.0030028039523679138,-0.0014159190571641108,0.0015334748007367162,-0.0016300979865996055,7.740657281095368e-7,1.3289106376841523e-7,-5.533607054211263e-6,0.0932801479376135,-1.016230459109881e-7
0.0,0.0,0.0,0.0,0.0,0.0,0.0,0.0,0.0,0.0,0.0,0.0,0.0,0.0,0.0,0.0,0.0,0.0,0.0,0.0,0.0,0.0,0.0,0.0,0.0,0.0,0.0,0.0,0.0,0.0,0.0,0.0,0.0,0.0,0.0,0.0,0.0,0.0,0.0,0.0,0.0,0.0,0.0,0.0,0.0,0.0,0.0,0.0,0.0,0.0,0.0,0.0,0.0,0.0,0.0,0.0,0.0,0.0,0.0,0.0,0.0,0.0,0.0,0.0,0.0,0.0,0.0,0.0,0.0,0.0,0.0,0.0,0.0,0.0,0.0,0.0,0.0,0.0,0.0,0.0,0.0,0.0,0.0,0.0,0.0,0.0,0.0,0.0,0.0,0.0,0.0,0.0,0.0,0.0,0.0,0.0,0.0,0.0,0.0,0.0,0.0,0.0,0.0,0.0,0.0,0.0,0.0,0.0,0.0,0.0,0.0,0.0,0.0,0.0,0.0,0.0,0.0,0.0,0.0,0.0,0.0,0.0,0.0,0.0,0.0,0.0,0.0,0.0,0.0,0.0,0.0,0.0,0.0,0.0,0.0,0.0,0.0,0.0,0.0,0.0,0.0,0.0,0.0,0.0,0.0,0.24159851585681769,-5.79612543910629e-5,-2.3777221305955033e-7,-1.3918070988473913e-7,-1.2874324318418918e-5,-0.026283883041801476,1.1349036838816468e-5,-0.0006393071053071061,-0.007634183266825994,0.00012870871412915655,-0.0009779733148053663,0.026593619061644567,-0.009489638260350246,0.00019498181616310975,4.836513433635482e-6,0.00025811880291084236,-2.569969027099907e-8,9.117385484822942e-6,8.173607218950665e-6,-5.4875881922766504e-5,-0.002692870630850629,0.0002897056918903995,0.01659532668891657,-1.443357429790021e-6,2.1882865050683816e-7,-9.463209814265328e-5,-1.7601812262205623e-7,-1.8258373821116938e-5,5.697071799204271e-7,-3.957087353162162e-6,-0.002663437304707122,0.0018800474849329145,-1.0384282475578158e-5,-2.7601689854301246e-5,-3.709588096040008e-8,0.12975028961418564,-0.013497231808485657,-0.0008672600371983654,0.00025440968887658304,5.507928877377518e-6,0.0069211052758037786,0.015195969033447297,-2.8991660083827757e-5,0.0002732852534196031,-5.479770329282131e-5,-0.01845348333313914,0.00015727993679601863,-1.0990656247784448e-5,-0.05023718584139559,-0.00025327799143872105,2.2769769113342966e-7,0.0013223003476125913,-0.005685263879278108,-8.645595369911794e-5,1.7892011459517198e-5,-1.8591808273086977e-6,-0.00020368296709311816,0.08755630696773054,0.001677574701822479,0.0004679885143245308,-0.006159729294372106,-5.912107270257591e-8,-0.00936683213957691,-1.2398790999402467e-6,-0.013325679040629115,1.0380470564302478e-5,6.564731694033828e-6,9.307888200884305e-7,0.009441707190261037,0.0001831756547808937,-1.4389351029586438e-5,-0.0013933355895734943,2.094786633232236e-5,0.0016030480511894166,1.3306212201889257e-5,-9.816384691416753e-7,-0.0003480827018063351,-0.04884003434149452,0.0001131522618781017,-7.939635418099149e-8,2.701606906455116e-8,-1.4786281975845223e-5,-0.00020878965440667425,-0.00013021192147653362,-0.0005640287276519668,-6.4307341050764e-7,-6.322366108034193e-6,-3.921962700318029e-6,0.14699333236694412,-0.0020004379420408957,3.289618934618937e-6,-4.501178218935496e-6,1.55948017510431e-6,-0.0001547052489650782,-0.00017387118757352014,-1.2406921590614758e-5,1.0165976462763037e-7,-0.00019713746333909393,-0.014656291206178538,-1.1021112675959747e-5,-6.289577811005397e-8,0.001177644765098442,-1.0214352720383419e-8,-0.03982811782942797,-0.00014394847620151962,1.581577345995176e-5,-0.011249418393324195,9.548791626406543e-6,3.4544439862077466e-5,-0.0001492001787728615,-2.883845325549611e-6,0.0003361122620902822,0.004882264626305985,-1.6703494592873208e-6,0.00035971021506632516,0.0006800640639692313,-0.022375713114203093,-0.0013530732412153782,-0.00013674985217682547,3.166903415953317e-7,1.632200704170765e-5,6.054098417300225e-8,-7.447873972699817e-7,-1.7715536562129924e-5,-0.015889342751180032,0.00043627929524873256,2.9653496878782492e-5,-0.010529251111310724,-1.1768298975346136e-6,-1.1114676603313981e-7,0.013550384287947118,-1.2689107662556726e-5,-2.32990773435469e-5,0.026137073478073942,6.114712676369261e-6,0.0003611834357470309,0.04605225067088169,-2.076739062474785e-6,-4.299863932174637e-5,0.0001263019258025964,-0.0007281644314772511,-5.213092140367824e-7,-0.009204706766021873,3.237916848866788e-7,-0.0006451112649130715,-7.482629296263107e-5,-1.0157901421417285e-5,7.2654984794185345e-6,-2.066080641749564e-7,-0.0018175779778977015,-0.002182290989814059,0.02596622363175821,-2.9494454670930303e-5,-5.9526487038642535e-5,8.223444076372625e-8,2.3625212129774003e-8,0.00014060748152274098,0.0018553644505229293,-6.153206782432662e-8,-0.04077994923533554,-0.10135511391401507,-0.004570953782164547,0.010992014299550344,-1.1992406486253928e-5,-5.0776498510842506e-5,0.0004349330022455898,-0.0006449046726856903,1.2694974339949237e-5,-1.1556000787561748e-8,-0.00010233424199301596,0.0004669445808954004,0.06666101224478498,-2.24610222166007e-6,0.00012066376325690435,7.609938384362097e-6,-0.03703844963600939,-0.00038309525466977113,0.015595421213264462,-8.193268163847952e-6,-0.0002903999522237187,0.012985086709664974,-0.0001389817627331023,0.0007560273443675547,-2.655601348464105e-7,1.0277716502276393e-5,1.1631304989004829e-6,0.007677052196790855,-0.002126497056134326,-2.1930462061567444e-8,-0.004868747562196356,0.0003844836550747113,0.0015479317086304202,-2.173899228998509e-6,0.0008528535755920881,-1.5012533640749284e-7,2.35648392630017e-5,-0.0007489611448129019,0.00038293734450865454,-2.5505844433028738e-5,-7.02953094318416e-7,-0.0008653903246626557,4.9687500633639816e-5,-0.018099135284943446,-0.00011382270659576165,7.316029136761293e-8,-0.002724226001682405,-0.00011580532655004552,2.2040575791455618e-5,3.5242173513884926e-7,0.0002754214425519618,0.029020537037294587,0.004694504701614869,8.383954941923181e-5,-1.5895530070889146e-6,-0.014796788435070509,-9.011258414490365e-8,7.591884045641677e-6,2.9956737722401365e-6,1.4901165546606271e-5,-0.006057884495842326,0.00011431953101237482,6.488140618717898e-5,-3.949780859806271e-6,-0.00035569549033251873,-8.732686039028075e-8,-0.018516451567365,1.5599353880296575e-7,-0.00033522456954254693,-4.845926651298029e-6,0.0017466867884554165,8.916888263938038e-6,2.0843350586314336e-7,-4.789142065539278e-7,2.587590877577657e-7,4.899999293156842e-5,7.317528335487235e-6,-6.534317333918704e-8,1.053240991277145e-7,-0.0017970737969130117,-4.850436327945584e-5,-0.0010137735910604405,-0.021473427635344114,4.705136579845166e-6,0.0005767689917233924,0.00027992692738962403,5.123470017283845e-5,-0.03646244472145505,0.02970226594459459,-1.1062511051422731e-5,-7.878042004916504e-6,0.0029253024238378995,5.012391246866044e-6,1.2093590298212052e-6,4.562254103145631e-5,-1.8142323683313021e-6,-1.9094151516422783e-7,2.901405783574019e-6,1.6733661111603587e-6,-1.5184228151962908e-6,9.345896264087313e-8,-0.00010329783381534419,0.008094468015181613,-7.346527306693782e-7,-0.005571666922161329,-1.3122972951922912e-7,-5.806961993891833e-9,-3.597031665611324e-8,7.67676196058017e-8,4.6468689494997995e-8,8.740751180888367e-5,8.703608273503321e-6,-1.9859185365297277e-5,0.1495828928366212,-2.6380639755064428e-6,-6.022704457843983e-7,-6.220706056655354e-8,5.834105785978929e-6,0.00020175316854744384,0.09866575281662975,0.027099953466167045,3.4730392353151197e-6,0.02016319466126208,1.2368342321333204e-5,0.00028815072165175787,-1.943243083892509e-8,3.0820500245443895e-7,5.325580068671285e-6,3.217711651995667e-5,-3.5341352092098956e-7,-0.005209603924334143,1.5652888764968883e-5,1.6214042685909602e-7,-1.0673324375559862e-5,0.02090704222896321,5.3645073841966896e-5,-2.2773629868309955e-5,3.926192687411345e-7,-5.050233247332271e-7,-0.0017096683051206778,-1.1872635906336679e-7,0.01663025984611257,-4.22938699170868e-9,7.169730989812665e-5,-4.570809285781015e-7,-1.0785132420739155e-5,-5.861257260826768e-6,1.6865628388545387e-5,7.5699095658604e-6,-3.413670604801228e-5,0.014250577773820494,-0.00020906587620879875,-0.000111535440803165,3.5114180856427853e-7,2.5534125093304113e-5,2.0225836477354258e-6,-8.85885543089298e-6,-6.0496588463224475e-6,-0.00012577279392950446,-2.0935716376526573e-7,6.737720899962334e-5,-0.01005563716533167,-0.00011856100351386598,-2.528183354772772e-7,3.2146280373942395e-7,4.886847605801515e-8,-6.491355051785272e-5,6.48007251823519e-8,-1.5980271654757588e-7,4.2221059537203853e-7,-1.1019855484858321e-5,-1.501920881423008e-6,-0.022263494059730233,-0.0009205449535697646,-7.291168587643009e-8,-4.040831961536331e-7,1.5000451092340667e-8,0.0578469456700255,9.753133139900667e-7,7.988589372182763e-6,-0.03320456972228525,-0.00330349090750104,1.3907219691163029e-7,0.0002486525636820043,0.01428801058269191,4.066447175152586e-7,-1.0612646962130584e-5,-0.018778187731476367,-0.016835275140303682,0.003319034823174651,0.00022747272658117968,0.0010126405167419814,-3.794785690124138e-6,-3.3409567934309856e-8,-1.3964802901751343e-5,-0.00011508571622816876,-0.0007201528460298052,9.555309433045475e-6,0.0003112599380410119,0.11170871566827713,-0.0002245020405425741,0.00010962920564457654,0.054709333548323094,-0.009294746888045633,0.08409363674335711,-1.2696123463178864e-7,0.09339153764441431,-0.0005426933901383265,-1.3700097629729519e-5,1.2372722646438977e-6,0.0020928070557546803,-1.3438598765719555e-6,1.2532058270010693e-5,-5.84981914712245e-5,0.00020531390821719198,-0.0014774681188383884,0.04605403411411773,4.0517940893286926e-7,-1.3871154806053835e-5,0.012473454159285496,0.0005163741676806404,-0.01121509779500359,9.157863400247492e-5,0.0002378755782871483,-0.0014230006345724723,-0.0005583250842079863,-3.08966500670398e-6,0.00022251550228225304,0.0006317030169224391,1.5193606826743533e-7,-0.00022352168259403757,0.0008948470048534468,-0.0003333874174821761,0.00040871367307146515,-0.0007753736897318367,0.00479279756021152,3.000021616974998e-5,-4.2521912153755924e-5,-4.408956825225641e-5,0.0001467948565764714,0.0026351786003315546,0.0030695432288062254,6.477292249384799e-6,-2.382458036903702e-5,-1.1596765687795089e-7,-0.0017096221866116585,0.00021558620229142407,-0.0007639377591344421,2.7221280145707155e-5,0.00011562933055327766,0.012893911578228728,0.0003764350935924658,-0.003089477267595602,-1.3767921647295216e-7,1.5657167316301886e-6,1.558246360006733e-6,-6.540349993243749e-7,-1.9768839877298278e-5,1.470009540094487e-7,0.0006248211705250859,0.019756237692355124,-0.07320383968335126,2.268548817219863e-7,-1.3686608644350815e-5,-7.990725459437219e-5,0.0002111381360868974,1.0703912888835806e-8,1.7110027296329361e-6,1.231201101293106e-5,-3.796768268539551e-6,0.002044194535325124,0.00016344990755515226,0.00022511222001804713,0.002837164666301678,-0.014209481801392204,-2.4623834596100984e-5,-0.0013658809039360554,-1.2464088931966559e-6,2.2073528177287938e-5,-0.00861626364142081,-0.00013887572880272016,-0.0008241065528575843,-3.448250111403774e-8,-3.559680353592921e-6,6.53681471279373e-6,0.00012394015405693898,-0.016220563474041282,1.4451710651214278e-6,0.0011107052234631677,0.04318716618942279,-0.013561587347345543,-0.015822163355789558,0.015589137470757127,-1.1038810070811197e-6,0.0035196910760906777,3.827810557286971e-6,3.5099205479298104e-8,0.013726047824293154,-0.001280768760240624,0.0001196855470189533,-0.00011129287250325223,-7.102916262104159e-6,-8.202600069116139e-6,-7.1243917187656425e-9,-7.298893037179078e-7,-8.773501151999614e-8,0.021263412302342657,-0.000802821091151814,7.856571545415877e-5,-3.657077029904768e-5,0.00013870997865836877,-1.2858946547896847e-7,-2.9793245437235346e-5,6.337837920290976e-6,0.00018379876979707577,5.3846040757137245e-8,0.0013096323278024085,-0.0030292581619973413,0.0018376318569713781,6.2845625488334025e-6,-0.09229073566228164,-0.0033208710208872125,0.03648309052411895,-8.917879569487264e-8,3.50225116145364e-6,1.60552065710052e-6,-0.00027998735015310854,-5.441144451154976e-6,-0.0006948437799348936,-1.6672000955051852e-6,-2.7972640088914338e-6,-0.003949285067920332,-3.159741630563355e-5,4.0309242140107586e-7,0.00030297547938824116,-0.0006050675888181883,0.0002514293990438319,-2.2123486974206952e-8,6.41457011106916e-7,0.13223637032689126,-6.507952586068127e-5,1.096312029461293e-6,-0.001344623446235608,-1.4268537562988817e-5,-0.00496420076895837,-0.0003028163656991789,-0.0001334273663269449,-0.009024525875465067,8.297583011357018e-9,1.6998526744748713e-6,-6.068754870172167e-7,-1.7738958085208203e-8,0.0008903750145083055,4.483734076262189e-6,0.00020080616638144057,1.5808775373887455e-6,6.2690763186907356e-6,0.014916655565427924,0.0001428022308321466,-0.00018437751621142495,0.0008885413608182832,-0.02622996852747367,-1.3029281762581271e-6,0.0014447035191486768,3.87134390273882e-7,9.020367753180896e-6,-0.0010765193807806966,0.009286759994387068,-0.05532656267885541,-3.0902885712421965e-7,-0.000263495636268689,-1.3494521732483217e-5,-0.03245095051327294,5.287536363738436e-5,-0.00031755870006083505,-0.0001389202696236518,1.5654698198085853e-7,-3.1425984266749775e-6,-0.0034173040554500572,0.02569203795234515,-0.017056944072260764,0.14304000450738494,2.5209174314257126e-5,-4.3632906672513155e-5,-0.02638461811339077,1.1077478674941304e-8,1.949467955086673e-6,5.6457178415867155e-5,-6.366339575362e-7,-0.008002337534805802,-9.819604458121195e-5,-1.1727296567106266e-6,-2.0151882620893185e-5,-0.00036724475830708636,6.17106395530653e-6,-9.904841893906322e-8,0.00014399371908167713,0.0011716083371204292,-8.950048524642155e-6,-0.004011328795410324,0.006083681129019683,0.00029627413715554746,-1.1651965482377729e-5,-0.0019228772156341955,-7.044010415460479e-6,-0.00016115728717769576,-2.1532549647173174e-6,-7.394917075851489e-6,-1.1085965305157668e-6,-0.009394117061229269,-0.00012815239096463922,-3.977556161348388e-7,-1.9563210651760847e-7,0.03679517115583827,0.004001749943693368,1.8190286710607652e-5,1.8630399065812096e-6,2.423571425815686e-6,-2.8081282450848816e-5,-1.9190214141660754e-5,0.0005997838030934115,-6.217927326502446e-6,1.0525443033478827e-5,-5.4894052441970183e-8,-0.0008963505902558107,2.7383470228802987e-6,5.349932334948853e-7,-0.00023006105214712867,-9.549864015191075e-6,-0.0008053699213836183,-1.2393657716670206e-6,3.108512654614542e-8,1.8074396707282298e-6,1.2672586506698314e-5,-3.3307296652368534e-5,-0.0037267491176178223,-0.001317022420142907,-1.6347901884320112e-7,-0.019008403651724792,0.002299024444850148,0.000153217667452534,1.2901761334815603e-5,-0.00031439330520140587,-1.1790332124639772e-8,-0.008474965016672172,-0.015386192645199017,0.2049421581608452,4.521902676333176e-6,-0.014170951229332767,6.35598148264479e-8,0.000455120328893767,0.025188851461136592,-9.115752659952837e-5,0.002862256956294766,3.481427643817937e-7,-6.958181532599969e-5,-6.186952006826172e-7,5.082971846224664e-7,-3.1755600069221254e-8,-3.4160393116336384e-5,-0.04423953758715859,-0.02393474633146564,0.0020461289260776507,-1.99790255713476e-7,-0.0023193554510214398,-6.761885086680281e-5,0.0006640529184223193,7.067375573866697e-6,-5.870683901980324e-5,-0.0034323709704408476,0.02086582369900372,-0.00011327787891476267,-6.982486637078231e-5,3.9804207149616695e-5,-1.8971560172399005e-5,1.1571126082380352e-5,-8.025270570873746e-5,0.0006365155740885332,-0.004023718322435044,-0.0009561368195907591,-1.3649912179100311e-5,0.015633045713880536,0.00518020163013758,-0.00035424436646129743,3.139362096253949e-7,-7.161522872008005e-7,0.00010846854097561331,-4.0006266997207854e-5,-1.0741846514549778e-6,-4.899859243464514e-5,-0.000144192546266807,-6.0565380545046226e-5,-1.0134924510587536e-7,0.00030405538443535363,-3.224752204423294e-6
0.0,0.0,0.0,0.0,0.0,0.0,0.0,0.0,0.0,0.0,0.0,0.0,0.0,0.0,0.0,0.0,0.0,0.0,0.0,0.0,0.0,0.0,0.0,0.0,0.0,0.0,0.0,0.0,0.0,0.0,0.0,0.0,0.0,0.0,0.0,0.0,0.0,0.0,0.0,0.0,0.0,0.0,0.0,0.0,0.0,0.0,0.0,0.0,0.0,0.0,0.0,0.0,0.0,0.0,0.0,0.0,0.0,0.0,0.0,0.0,0.0,0.0,0.0,0.0,0.0,0.0,0.0,0.0,0.0,0.0,0.0,0.0,0.0,0.0,0.0,0.0,0.0,0.0,0.0,0.0,0.0,0.0,0.0,0.0,0.0,0.0,0.0,0.0,0.0,0.0,0.0,0.0,0.0,0.0,0.0,0.0,0.0,0.0,0.0,0.0,0.0,0.0,0.0,0.0,0.0,0.0,0.0,0.0,0.0,0.0,0.0,0.0,0.0,0.0,0.0,0.0,0.0,0.0,0.0,0.0,0.0,0.0,0.0,0.0,0.0,0.0,0.0,0.0,0.0,0.0,0.0,0.0,0.0,0.0,0.0,0.0,0.0,0.0,0.0,0.0,0.0,0.0,0.0,0.0,0.0,0.0,0.24020066849474134,0.0009566626710831728,0.0007306011088294639,0.03135935546254175,2.887156553008975e-5,1.5472234286457523e-8,2.631593117219688e-7,-1.5420260739021035e-6,-0.03256807574311559,0.000192144398599641,3.9281792837046536e-5,-0.0018399865950598747,0.03781823903978419,-0.007038036252437513,1.4654244880428355e-8,-0.00024161718907007637,-2.9779711680641424e-9,5.964243695011984e-9,0.007067966428965956,0.0010590888889322784,-1.5389891806761352e-7,-9.20521738550839e-6,0.0023371465110567213,-0.00035657463353000083,-2.0956891513798214e-7,0.0001755767117366584,0.07291999653168696,-0.005891344586372389,0.002706167252347497,-9.928646532047074e-7,0.001467922505955681,-4.2218826758932475e-9,-3.33520161369612e-8,0.0010802866870031728,-0.00011947998420368933,-3.460971692964192e-6,-6.004167966393481e-7,0.011835879381673237,-0.009486630397091928,0.0013958821421571333,-6.429747701569031e-6,0.043413061780491605,-2.2913058698947282e-8,-0.038176746016283465,0.00035752189518105897,1.39870462491772e-7,-0.02577190988946953,-5.808707815544584e-5,3.2785431469463346e-8,-0.0002385655501252211,0.005242479802494898,9.333468172069538e-6,2.7608655518433618e-8,2.5157913558264786e-5,-0.0009182479917324481,-6.726307666847734e-7,-0.00018768994152396727,-0.0010164966542288568,-0.03959286905400759,0.00020389271903808095,0.0002062721567686304,-5.741633903567242e-6,-3.186682442607149e-8,-0.0004871378622585346,0.004095226665377799,6.43645251858779e-9,-0.003412506630204166,-0.00017899716273032368,-0.005006912197448034,6.874818591238224e-9,0.0007753157530177138,-2.892901494093049e-8,-3.0264200411177053e-7,0.02570189420851124,0.000347580220202653,0.022537686854953422,3.221435492317066e-5,2.7630168217011205e-8,-2.4812158854204235e-6,6.312277423796586e-5,5.712923177138936e-9,4.485431372014129e-7,-0.009478991944193433,-1.582924198459314e-7,0.0013505993519207903,0.0009731533731143206,0.011533840025802931,6.04516305096601e-5,-1.998567223468637e-5,-0.005843088338668003,1.225470766695851e-9,-3.3626219080347133e-9,-0.00830526805088715,-0.008135542189852194,1.7261588746632642e-7,0.0002899049778520036,5.004254736704567e-9,0.0006802328437386724,-6.638051916312058e-9,7.903467986502306e-5,-1.1061580998241663e-7,-9.410384849558897e-5,-8.251132950115473e-6,-0.06275458539441033,-3.329060834106368e-8,-1.3230709343051264e-6,2.426275054119318e-9,-0.040549239433601045,-9.911605168065417e-8,-0.0024038386156621616,4.2467794241733193e-7,1.4036773781929963e-6,-0.01680859020110628,0.002609727869675308,8.468764402562275e-8,2.1874244933675448e-5,0.008045137637275383,-4.688138602852439e-5,-0.00027195682024934437,-4.093194587648888e-9,-1.3468345134782862e-6,-0.00014110854768521178,0.027613017176449033,-0.0005461176785554436,-5.411707249783477e-7,-1.233481480751754e-8,-5.111051408702201e-6,0.0013462292086142823,-0.00046089560287178056,-0.00015332238764562565,-1.5231744494241456e-8,0.0249822862649671,-0.00033700651687291176,0.0021684379934331878,0.009942032932211782,-0.0001059325172035457,-0.008166799828573044,-4.2829050371359767e-10,8.941025832774641e-6,-0.0019302017349583857,-0.00046270024203579665,-2.958629775454728e-6,0.0006987223190973656,-9.811877259467085e-8,-0.0028241235959346155,1.6735466514493424e-8,0.007241187364326734,-0.00013013185782642046,2.4603325951714845e-7,7.09522115946154e-5,2.076763228562937e-5,4.5826957824392213e-8,-8.724596767050941e-10,-0.00022881848881802492,9.803577423546368e-10,1.0207622999320656e-8,0.0024792783098649424,3.986223012878103e-5,3.378210113914892e-5,2.7304669785186066e-5,-6.540047088532315e-7,0.00015592121132026977,0.08429261809307542,-0.04717951043723145,1.0713910046934189e-7,-3.409861613646034e-6,8.547273328652274e-9,0.00012915820632791004,-7.814441117152058e-9,-0.0037887967791115904,6.287111047003475e-5,0.002789856464918614,-0.01526110402051932,3.813010748047937e-9,-7.53610197204427e-5,0.0024573721237221543,-2.568044140216761e-6,0.002950479103810612,8.084193739313397e-8,-8.023049612267023e-5,0.07758478388790004,-6.27105844615678e-7,0.0014187589476947066,-3.606908998140462e-10,0.0011127431567010619,9.751826400841154e-6,0.0004636889233010452,-1.419495639146397e-6,-5.608912111642997e-6,-1.1951073291590999e-8,-0.00011295229959605306,-0.00233866374140738,4.041788214209982e-7,0.0009387002183483563,0.03938593891373734,0.0014838807525237422,-0.0011596144111749589,3.7067477269156865e-9,6.879918371837747e-5,-0.000638869142595308,-2.4681184381341e-8,-5.166856430922841e-6,-0.019078443832513035,-7.99548153811011e-5,-7.165171532578455e-7,0.0011852261686904576,-0.03987687507555775,-0.0008461630595878312,0.002321561924656591,-0.0001499428287553649,-1.9101775451153538e-5,-0.020485754568501668,0.12204077836636802,-0.00024241110016246564,1.9874421479924123e-5,0.0053165756515869906,-0.007073268963932431,4.459761030058136e-9,1.343860934565776e-6,-3.671805944941686e-8,6.728919626338426e-8,0.024471401219146618,0.0027921269481374967,0.00037474402964754537,-7.800619278410373e-6,6.316420101073693e-5,-5.424597146337598e-7,0.007822565056537356,0.0008154655219945265,0.007822987413860297,0.0003477523817392717,-0.04754735331909804,-0.00028131875383439944,-0.030507522930715205,9.579205660176645e-9,-3.08193765907576e-5,-0.00020072427774271877,-3.7414847316226395e-7,-8.747263456714412e-7,-0.004013135832790251,1.272813281079055e-5,3.0072874411779925e-9,-0.0003952968540164066,-0.0008346910682127979,-0.0038141982809790772,-2.3205026689900472e-5,-0.00013789223633201947,-5.976316838356419e-9,-1.558244769003104e-8,-0.000551445380670512,3.2353968228467235e-8,-2.4027888587683115e-9,0.001378010677710904,-0.0005278276184908215,0.00033065957166637734,3.1459330945734117e-9,-0.0018723770717984246,8.986412694266524e-9,-5.251372465532269e-5,1.213788588699761e-7,0.0004896549497670571,6.721226890800174e-9,-0.0008771453059712808,-5.0851797713015305e-5,-7.468394255716523e-5,3.923606507230587e-5,-0.00015529543707806283,-2.3821805512168663e-5,6.326040052538473e-8,-0.012982357252144503,-0.050623057500656,-1.511054359524167e-5,0.015502422665182062,0.006715902842342828,0.028376107717849108,4.134750131222268e-9,-0.0006471024450074028,5.364824829097769e-5,-1.1295734415102544e-5,-0.004083644543373362,-3.168490135806474e-6,-0.04213510059381023,-3.410099497360802e-8,-7.441823250864032e-5,-0.00011038673363777066,-0.01727363524663759,3.14194807433094e-8,-0.0008530818404816551,-2.8068261108014325e-6,-1.7316568917867796e-9,-5.19365212924742e-5,4.813715549291344e-9,-6.512316269928633e-7,4.1998334899776614e-8,0.10112067390257096,-0.0008742819999177908,-0.0009035475864939701,0.0027559402868140297,0.00012411888223566958,2.4384411910229855e-5,0.0001759708225007363,-6.377935983354729e-7,0.0011883082294463353,0.006257989050169642,0.004086840132668487,1.5483445479988193e-8,-5.341447694381967e-9,-3.250728497217888e-7,2.8808084722706772e-5,-0.05285607601254478,1.711921538544134e-6,0.0009000211222134078,1.1941554636427968e-8,0.040779328189504555,0.01209183212754202,-0.030898669490068472,-5.790043695340589e-7,-0.0002654456333806699,1.6444163829897463e-9,-0.00032049484412949883,4.815398128731903e-8,0.00017222315610130885,-0.0002899875547189741,-0.00016401841194119243,-3.6665308349181746e-8,5.863025842741072e-5,0.0004954181943794101,-0.00307115520694336,-0.00475469406690695,2.3522802191092755e-8,-4.730024688284365e-5,-1.2887877499801652e-7,0.0015136858323655446,-0.0004908521911789098,-0.0004268990227309292,6.491601843143746e-6,-0.005302651862179751,-5.9892472014943184e-9,4.523386228275059e-5,-0.0009063437267230271,-0.0011017796692477367,-1.5166122840846097e-8,3.853185911136562e-6,-0.0025840830533164446,0.02401829306413454,0.00026511381942530255,-3.477088791555405e-5,-0.0009568636183446248,-0.026693597704237775,2.8905365719570134e-7,-2.347270975361387e-7,-4.243599373181091e-5,0.022013742003072184,2.4292541901746363e-8,0.003732289383991027,0.003485936966975567,0.00901660154299909,2.3516535610232974e-5,0.0018344329254100103,-5.671203027531016e-7,2.4258453709550667e-5,7.544837479711627e-6,2.1321785042790128e-5,-1.613320841079673e-5,-0.00023269619641367537,-0.005512495290630795,-1.3749647518221193e-7,9.579350071109177e-9,0.003035124830690594,0.0015047240960243168,8.95438888431086e-9,-1.3109786016662477e-7,1.5137964846142932e-8,3.4459658919700913e-7,6.895113510675533e-5,0.0005280342403057575,0.0006782527775121891,-5.128918064430873e-6,0.034657966995710984,-3.6134486023374223e-6,1.0214589924522027e-7,-3.1586097916935635e-8,5.17333499848327e-6,0.0004156808991264138,-4.5894906749944615e-9,-6.265739742078949e-9,0.00975289534542221,-0.000333681866757155,0.011206555845624572,0.0003052852228944988,-1.0635107789808414e-7,-6.351984864785387e-6,6.115924506978609e-8,0.0027382236773873516,-3.9531455109671796e-8,-0.015618698472821008,-0.0011941918133820248,4.768195178498443e-8,0.0005427262220801713,3.417381119682673e-8,-1.836864974098322e-9,2.3623733582397507e-7,0.00033012770467573567,-2.697855348987565e-6,0.01352157811774461,0.0004054506519426353,8.944743749139262e-8,-5.250634974545119e-9,8.095068797191682e-7,3.0596230454600894e-8,-0.001456126868712677,2.9825392230928597e-5,-2.641631897051585e-9,0.005431265269792841,-0.00173598291243551,-1.7754701828360883e-8,-0.00037291862996612985,-0.0007319330437841965,-7.988912719361477e-6,9.147215054315517e-6,-0.00019627881692240232,0.012091796523842308,1.4445260784334014e-5,-1.0004276948728661e-8,0.0008878765252808129,-0.0046183236347476855,1.655467965810346e-9,-0.002646286204314512,-4.725119699185361e-6,-0.006719420504804807,0.0005472004095145161,0.0018366223414995424,-2.3864452846059547e-6,4.6551813057057716e-8,-5.774386301073557e-6,-0.003310639989597327,-0.0007779051690282476,-3.327012305933317e-6,2.3493530989761078e-7,8.170720902757762e-9,0.0002109553774018426,0.012389383442117777,7.084583229709249e-10,-1.3699079678279736e-8,-3.20494904702965e-5,1.8200444155083491e-10,-2.5778145016858144e-8,-3.7314392130818934e-5,0.0004093110835103981,-9.585312653948606e-6,4.366339361528023e-6,-0.0018776694547266825,0.0003410010420566721,-1.6881671398653322e-9,-7.178519144599319e-6,-0.00018807859071558314,0.0009085873196590826,0.02744092647454158,-0.02970020372244004,1.3315273677243782e-8,4.246744217462718e-10,6.837957821376132e-6,0.0005704709096786867,0.0001448667751723852,-0.00018971126650167775,-2.633682580179106e-7,-1.6897017589017364e-7,0.1414610481240339,0.03488174699372608,9.945436383081786e-5,0.01823386973313333,0.013025235428021151,6.313386630464863e-7,-7.749034462199853e-5,1.5013780444076205e-6,-0.0007502800828632239,-0.0002691912575096661,0.0020137944756838124,-6.795372709851964e-6,-8.011050790609145e-7,4.6891244149920376e-5,0.0009939310965965066,3.0186718350179083e-9,-0.0099213895496466,-5.80575813750537e-8,0.016404808771020206,-4.208349177587906e-7,2.0623573034033409e-10,-0.003507078312439952,-8.981519616406046e-6,0.14338372930952295,-0.07403708354687409,0.0010575479505752468,0.003194532758406727,1.3789389155464655e-7,0.000626174753730539,-0.003642856119370327,1.7088196805393935e-5,-0.01903350585590827,0.0011835433947904712,3.867217839215154e-5,-0.009064725588398142,1.3451145574292816e-6,-0.0008216241294437104,1.684318082125467e-8,0.00047856397309733355,0.00012201439001479517,-1.425393946773647e-8,0.001778217485805777,7.70247234027849e-5,0.0024855509183507496,3.2694858343337865e-10,5.4921656053131396e-8,-0.005470913954066577,-0.009818479922394645,-8.96312711388362e-6,1.3604978864787765e-8,-2.112220030250065e-8,-1.799972314408808e-7,7.910573431250144e-5,-0.0011220081693469935,-2.547897634246748e-5,0.0004879690962838345,5.035302045169366e-9,-0.0005124082060231736,-3.6523374160948782e-6,-2.9903530176307328e-5,-0.0002295304399157467,-0.0005357154406895646,-1.0766163465058754e-8,2.2897541712291545e-5,-0.04862848416307896,0.012099499861181497,-2.2345311940359295e-7,-2.2690886502203942e-5,0.00386770339243664,6.18701563892254e-6,9.795721949691607e-6,0.00011125282607832419,2.434810695924505e-5,-2.5975910869344253e-8,0.08044453452420561,-2.6029322178866797e-5,4.106407068508389e-5,-0.00267219895997107,0.003105592603919544,0.0013706933581310668,-1.0275881110373733e-5,5.0714690546867726e-8,-9.798901127029412e-9,0.0034634316534410577,0.017276377357449923,0.010681129341988116,0.00022089655185547863,9.255953111202913e-8,-0.0005792132998327559,-4.073400170789138e-9,-7.189392337085066e-6,1.436030527243212e-6,2.9102316580951943e-8,0.011737958551162544,2.0243165219066767e-6,0.08979288084710466,-0.013557714473977621,0.016623709909649544,5.05967032008964e-9,-0.0003287984793778207,0.00017334202884650534,0.0111781556719759,0.0016759096834993016,0.0010869281538390951,-0.0001401393728515601,-9.339376490935033e-5,1.0046664702281395e-8,-2.0827402973723465e-9,4.479432839386831e-9,0.07134314063995077,-1.5697990956747824e-8,-0.0077420619927239896,-0.01402932075388367,-0.036181412214682816,0.0004896893703427738,0.001144983799673861,-0.0038991958578809883,-1.0597444095084207e-9,0.024255381556034815,0.03843942604904163,-0.0011934873549576436,0.0008232277292199617,9.983028535710453e-5,-0.0032137104220714796,9.399354383432346e-9,-0.006307995401380174,3.5616736467678418e-6,3.455708033481225e-5,7.305820182605175e-5,2.36757752382732e-5,2.042797295156957e-9,-0.0072841131059721035,6.4287930109932835e-9,0.011646568161213762,-0.005877108220823336,-3.5818616619795908e-6,-0.000192629108612207,-0.00011079519733409181,-0.02580948999297305,-0.0004119534132993024,-0.0003404420405281908,1.2265920779888164e-7,-2.0476295772926057e-5,-0.032380070023120856,-4.612565873353547e-6,-0.0020247343435886526,-4.451605846684618e-8,0.001608871490475728,0.003799087450131515,-1.7621555473111853e-5,5.0892335190387616e-8,-8.223836670807677e-6,5.87048845537347e-5,6.166517790854886e-6,0.00029104423056072764,-3.657822739493857e-7,-8.795245055000949e-8,0.005131897711989677,-0.00014760961565915312,1.3270042270077917e-8,-8.041367793102977e-5,-0.000325861667367081,-0.005634994976070504,-0.0019433348627140407,4.290165031013746e-8,3.887933925615182e-9,0.002950598867117764,0.0168689410862921,-6.128522843562499e-6,-5.522492211592607e-7,-0.0014922867983850425,0.015389127714140083,-3.802798105750994e-5,-7.067230887238108e-6,7.715460463379701e-7,0.0004122726000773583,0.0007466807684644914,-0.019453650307076468,-0.005911892652674698,0.07097978873282822,0.06945284768274673,2.9369622139866725e-8,-5.6246724170131106e-9,0.0003778462463490979,-0.0005627272728463002,2.098389724802781e-9
0.0,0.0,0.0,0.0,0.0,0.0,0.0,0.0,0.0,0.0,0.0,0.0,0.0,0.0,0.0,0.0,0.0,0.0,0.0,0.0,0.0,0.0,0.0,0.0,0.0,0.0,0.0,0.0,0.0,0.0,0.0,0.0,0.0,0.0,0.0,0.0,0.0,0.0,0.0,0.0,0.0,0.0,0.0,0.0,0.0,0.0,0.0,0.0,0.0,0.0,0.0,0.0,0.0,0.0,0.0,0.0,0.0,0.0,0.0,0.0,0.0,0.0,0.0,0.0,0.0,0.0,0.0,0.0,0.0,0.0,0.0,0.0,0.0,0.0,0.0,0.0,0.0,0.0,0.0,0.0,0.0,0.0,0.0,0.0,0.0,0.0,0.0,0.0,0.0,0.0,0.0,0.0,0.0,0.0,0.0,0.0,0.0,0.0,0.0,0.0,0.0,0.0,0.0,0.0,0.0,0.0,0.0,0.0,0.0,0.0,0.0,0.0,0.0,0.0,0.0,0.0,0.0,0.0,0.0,0.0,0.0,0.0,0.0,0.0,0.0,0.0,0.0,0.0,0.0,0.0,0.0,0.0,0.0,0.0,0.0,0.0,0.0,0.0,0.0,0.0,0.0,0.0,0.0,0.0,0.0,0.0,0.0,0.2394062562162053,-0.013248993144128569,-0.007595853455993941,9.883009448877102e-7,-1.609075657168301e-10,-6.120230679206087e-9,-6.510493336588372e-10,0.00011600027655795487,6.774031592215928e-5,-1.9067205124699934e-7,1.5786327781040568e-6,0.00023855755999241894,-0.0312183610294559,-3.4236072646331887e-10,-0.041334701454698745,1.1353103317087015e-11,1.3146982715892953e-11,0.0009608745731697313,-1.0242970725945924e-5,-1.500335262149685e-9,3.1812583127387017e-8,0.0014796111390980387,0.0384748527533907,1.7177850970371927e-9,-0.019634081442043386,-0.0005474839062247151,-0.05531503095321856,0.010096515617891634,-6.738730544260625e-9,-1.4030595070533234e-5,9.317853993023394e-12,3.8665093796064964e-10,-0.009082845904848626,5.009261919706887e-7,1.509529399278875e-8,3.91323984546936e-9,-9.562714818187738e-5,-0.003416535523152271,-1.8337086672739794e-5,6.277258722007794e-8,0.0011193303813975977,4.996335140012245e-10,-0.0009303835800194716,-8.62681060197586e-7,-1.0880528069418795e-10,4.646754738327789e-6,8.342868750220435e-7,-1.05099237022179e-9,0.006436857443055546,4.114666368444196e-5,-3.369975139734415e-8,2.518716106310903e-10,0.0016089755761416107,-0.00020242823448389348,9.19724434799556e-9,9.51469593529272e-7,-1.6784510141946544e-6,0.0002503292766005674,-1.4649682105936441e-5,0.007781812253368873,-5.101199475617325e-9,1.8474054661779025e-10,4.8804543857139456e-6,-0.0011901614915328898,-3.6354858145489905e-11,-0.03987182807143852,3.3272211203654698e-6,8.359485043559728e-5,-8.348108718017226e-11,6.430634464312233e-6,-1.0246382559623642e-10,3.750129006301669e-9,0.0003303666046430979,0.007768870783096256,0.0001740005585321513,-9.603802340809536e-8,-1.0852961158601644e-9,-0.03535819218857993,0.003225150082304954,3.872559969559451e-12,-6.780534037931497e-9,0.00019215601923112274,-1.3340212167674094e-10,0.0613321659252615,-3.0156766077965605e-6,0.013927169733977254,-3.3591117059581e-7,6.582073901663079e-6,-0.011458075978338077,-2.6256655251488484e-11,-1.155766295437047e-11,0.0001248573240938509,1.2219292069209746e-5,5.218672891693545e-9,0.01607464212536115,-1.0847533278816654e-10,-5.1339902109156496e-6,2.4245943832957132e-11,0.02201353626901697,-4.602973232867388e-9,-0.005193813032443739,-3.863996772357682e-8,1.8931531727634405e-5,1.6779706066623472e-10,5.153406516973651e-9,-7.755387089946893e-12,0.0021830448541346427,1.7095282553990565e-9,0.01596421163967204,-9.578995878407621e-9,1.2999913383851027e-8,0.00023127245756491996,-0.00014507022313358563,-9.16550041992684e-10,1.0011940372548086e-6,-6.504331424955053e-5,5.048701579792133e-5,-0.05972619789823856,2.3261928989634194e-11,0.00743008777682228,-0.07106132546105529,-0.0018627428942194087,1.6709281400907377e-6,2.0671469558920668e-9,-2.844850911445025e-10,-9.83150258539651e-8,0.0787470322512105,-0.04573661118885316,1.527302421672303e-6,1.2311783904941472e-10,0.00020905119149638342,3.742159506841859e-7,0.009972407513134619,0.000164273634909054,3.3476396636887104e-7,0.0063060623932819915,-8.496361395839075e-11,1.5860462343560702e-8,2.568821294756195e-5,-0.010279236286966179,-5.449740389636871e-10,0.1658571674137725,1.4926795411249713e-9,-0.00018460396083285952,-2.9029245685669383e-11,-0.008160255209091628,0.003779709098220268,-3.865140709319374e-9,-9.69090239279831e-6,-1.0856145338209888e-7,4.294944665519477e-11,-2.883275685961537e-9,-0.008047776690051559,-6.4993524436064565e-12,-1.1391781444903286e-10,1.7839627579727464e-5,0.0022303089529862735,-2.8609831528217296e-7,-2.1428914889071092e-7,-1.8458846258328005e-9,1.9086678391014508e-6,0.0009033329645523202,0.0001366671061268783,-1.6172765148538208e-9,1.31608551594254e-8,4.808327167248547e-11,0.00976606985178808,-3.4154400829540127e-10,-6.300103011383695e-5,-4.83666161143128e-7,0.0038544798253506967,-0.00040040158359709994,1.5415168012811437e-12,8.794566366003449e-7,-2.0651958328283028e-5,4.7296431406857483e-8,-0.0003409095943830387,-9.976964296109511e-10,-1.1367699650341467e-6,-0.000777704030036956,1.3930344258335833e-9,0.048069844461418244,2.1088526873934503e-11,0.010786949771374659,-5.7173813204299036e-8,-4.8462253417529596e-6,0.00405403150158755,2.5694602350470127e-8,-1.6312102004614435e-11,-2.134348984587811e-5,0.003321488239888013,-2.274049520656246e-9,0.08023316410474386,-5.03073242752375e-5,-9.014925931511848e-6,-1.5034557477562606e-5,-6.797281615397032e-11,-0.01129294172814202,7.790736025963003e-5,-8.080938204799574e-11,-7.873563831649248e-8,2.5162524768481305e-5,0.023355691694586376,-3.789921217213787e-9,-5.260867166636956e-6,0.0017696456111896094,0.016319998966015978,-5.332098231972512e-5,9.341906351159819e-7,9.484952111856237e-8,3.062003546197914e-5,0.0014928794745600728,8.228638785248077e-7,0.0028421133819176683,-0.01142213636585496,-0.0008304538225654016,1.0081653921561077e-8,5.945786069511193e-9,-1.9040300987856376e-10,-1.2671892498961697e-10,-0.0002865651627718366,2.4802060300866728e-5,-0.0063583393334996074,6.66093295900314e-7,0.007043107898536568,5.344303123749095e-9,0.006768607500237368,2.1677841415399613e-6,0.0005017089426582775,0.003916913438088541,0.0008765375970460406,-0.023210584538491254,-5.025889263195921e-5,-6.349958425460858e-11,-0.0008924303103932542,0.022832846209586012,-1.824458943567471e-5,3.4369844441150227e-9,-2.2541328974736456e-5,-1.5874246921186456e-6,5.861631953941581e-11,-3.018075155075141e-6,2.1186894156356748e-5,1.4017038880336826e-5,4.316469404169454e-7,1.042079156701718e-6,1.574898742884646e-11,2.8626658097803304e-11,1.0221027448362152e-6,-1.496375600272313e-11,-5.095388690048242e-12,-3.3639107363912175e-5,-0.04060019537943829,-0.053179029293990876,4.201089350444953e-12,0.0009889797933023852,-4.552297354587232e-11,0.005548064641842108,-3.3314127147338997e-9,1.3509659443602103e-6,-4.141768090957197e-11,1.334645621246814e-6,-0.032706425669116426,0.017273486838309468,0.013621196620571525,0.008245402021426632,0.008991374647324302,-2.6392409005901524e-9,0.001792126903990025,-0.0019177631806487295,-8.997160241807969e-8,0.0014314312312799574,0.009734483942536043,0.00030448158451309174,-1.6512566001720782e-11,-3.232571623607641e-5,-2.102876022478672e-7,-5.330918319580723e-8,-0.042556243658563295,-2.0399998232434804e-8,-0.0004090847515911701,-5.324602776581689e-10,-0.0016060609908392356,0.09971811053650861,-0.004118893337986476,-2.44108111758694e-10,0.02052443557177111,1.0309203979816329e-7,1.1904601878116752e-11,0.064249489541451,-8.394664828948732e-11,-5.890556872793098e-8,-2.2410819901093185e-11,-0.00010040054237183249,-0.01943197405745244,-0.05315391423549659,2.0859457611737795e-6,-0.00018426153951375476,-1.7222676713458954e-7,0.004928824868729057,1.8823067497966377e-9,0.03840266539639902,0.00442702609076478,0.0024373846467884244,-1.026277539843534e-10,1.695729365598757e-12,2.3683394228342885e-10,-6.240051444624858e-7,-0.00042683370145107875,4.07890309600151e-9,0.14012109198388079,-2.2019891961530887e-10,-0.0008759683235663497,0.010643368768194375,-0.0028935214173782557,1.7085787439205492e-9,-0.06132633481900441,-2.621804827845831e-10,2.7842351020081785e-6,1.644978980190422e-10,0.09087797581653102,0.003795696173736297,0.0545193491844644,4.1641456255438926e-10,0.013906599929982293,-0.007383936516630792,-0.036438244338185675,-0.001886567990496043,-2.1774787332604286e-10,4.083468416120808e-7,-1.8511784705105458e-9,0.12479684927256254,-0.027785872946758463,-0.025046061487195802,-1.0883480725181364e-7,-0.02340317009988907,1.652461300563738e-11,1.3691214164648042e-6,2.541064083446642e-6,-0.008229899329203384,2.726546497752441e-9,1.4245208794913104e-8,0.01036036727295855,-0.0042871156711763,-3.2550515175748187e-7,5.66174392709304e-6,1.4197090789798674e-6,7.573771272223427e-5,2.4998306274749288e-9,3.3242458827951747e-10,0.003553178315063564,-0.0025984223816950384,-1.4316470219408554e-10,-1.6573427726113512e-5,0.007383122328497029,-7.44768702589228e-5,-1.2025353601841224e-7,-5.464669996917941e-5,4.727167441661109e-10,-7.977341892876881e-8,-2.312640347451987e-8,-1.224031494959028e-7,-0.025631735726796973,1.3297634554011784e-6,-4.615957966745711e-6,2.335962630952352e-10,-7.609726072164874e-11,9.833762547311215e-6,0.11681303598458774,-5.1328376274219005e-11,2.188490224814327e-9,1.4365261836884453e-10,-8.138026868630464e-9,-4.0111658964975743e-7,-0.004249653412570954,-0.00021480246176736192,3.1627618833473452e-9,-3.6519523930237113e-5,1.0176375765553892e-8,-2.647978009999406e-10,-3.362676375810436e-11,-2.6278082371372254e-8,8.166677204660151e-6,-1.851290087549461e-12,-5.556924545696895e-10,0.000291301528386175,-0.038142915411903774,1.4795228729481593e-5,3.5659512894416752e-6,3.158434115786087e-9,-1.2740332106817115e-8,-8.277104535642952e-10,-1.2719859181723214e-5,1.7649880714954567e-10,0.0012806268891684903,0.0005333803876488469,-1.3308334174538493e-9,-8.368090777421204e-6,2.348785790242787e-9,5.74258872428728e-11,-3.0054865657450073e-10,-0.009030400258679997,1.1632290616464874e-8,-8.368040470052777e-5,1.3320681017019896e-5,-2.9444021490511266e-10,1.2573840887689094e-10,-1.1754737154346567e-9,-1.7503668050508537e-10,2.6941053164400726e-6,-0.04444717128315023,5.2407036918103895e-12,0.0053627968588060414,-0.03303686003610733,1.1875752304122103e-10,0.029083885320457456,1.0675146428306783e-5,6.882695944276175e-8,-8.603849722790709e-8,0.05280383127409525,-0.0006331295927742574,-6.120093232982451e-7,1.6566422784557831e-10,0.021580091666026934,-0.023777631321546238,-8.351418332990905e-12,0.0021915495129436976,-6.340632977558848e-8,-0.00010213759303172164,-7.2743414805751604e-6,-1.779340731603289e-5,-4.975663759603692e-8,-3.7051871856370886e-9,-2.1296385430447464e-8,0.0020154569132202335,0.0002489702752780767,-3.0113884881728424e-9,9.85002439123174e-9,-2.469282144205954e-10,0.0005409415349663976,0.007486397521803984,1.9446163791171382e-11,-3.2205692481215754e-10,6.123691973464061e-7,-1.1849903161264504e-11,-3.925063324370918e-9,-2.2635451632173086e-7,-7.064066954740558e-7,2.7975698692388387e-8,-7.032516435341598e-10,2.0957827719850813e-5,-7.027950092746601e-6,-2.3547074426800645e-11,0.00937199704895286,6.073219510640281e-7,-8.269579890951395e-7,0.00025026409656905173,-0.00021911298158665428,-2.780051912679747e-10,-3.567718550267508e-11,0.016381579212953988,0.07739504084816491,-0.0007546499911807159,-9.76704773445816e-7,6.734848777860041e-10,-3.3836735987376445e-10,0.00029200678765708645,0.0001570643118789231,0.012848401172558725,7.059557180323288e-5,0.0001285567293041426,-1.727906261838123e-9,0.0030153998941086055,-4.307386865162134e-8,-5.311466234259577e-6,4.610403404897108e-6,-0.00035358226473264793,-8.409520687927116e-8,1.590378127256826e-9,-1.9849397665161686e-7,0.006789710935064061,-1.0313236425062964e-11,-0.004837225905486948,-2.7307955660711715e-10,-0.003786626477763386,1.6290798838139385e-9,-6.191542936297003e-12,0.003446894652802155,3.977013589171774e-9,-0.0001261335694653182,-0.0008570654426206915,-2.3791051571826823e-6,6.932724216721454e-5,-1.4061786393623012e-9,0.10249241311342848,-0.030578934754807306,-3.683240848369392e-7,-5.0173152933831e-5,-0.010205032056229031,-2.529573769702294e-6,0.0007431634845003692,2.854500420624893e-8,4.638889266307736e-5,-1.349362098986809e-10,-2.4419054309573423e-6,0.1332054105133915,1.2304152006553578e-10,0.014637883793955085,-0.008231862624990914,2.6665666663959534e-5,6.046498341491357e-11,-9.659729275090218e-10,-0.04264719695701603,-0.01730963105832377,5.247556398921512e-8,1.8381740528326326e-10,3.485755570678337e-10,-2.3753794776357176e-8,-9.454471540567034e-7,0.009965690934414543,-9.4772059934718e-6,0.011370316797119463,1.1745642359005413e-11,1.8871553730027596e-5,-6.057938909217346e-9,7.259533559476435e-7,-0.0008766823311891203,3.1787635821443095e-5,-4.129627596659501e-9,1.2627805941054574e-6,0.00011429772179212917,-7.127959546160845e-5,4.681341317758368e-9,0.07794209460059416,0.0030993129678477814,-2.884670654695301e-8,-2.8728286160923937e-7,6.086019359305303e-8,-2.0998053086210656e-7,-1.0274895773897949e-10,-0.0006009824083533586,4.762280409831213e-7,0.0030865999161432075,-0.022210083667687494,-2.910839438942319e-5,0.15015799278611616,8.817913946826162e-8,-4.547038746343254e-11,2.024818187672281e-10,0.0016568064642639578,9.706610475831609e-5,-0.0002888834125545717,-0.0005825436000979845,-1.2054554526243327e-9,1.8217765007950666e-6,1.6141544970616962e-10,9.31896004627432e-8,9.938054043517148e-9,-1.9880147921397783e-10,0.003901855041162976,-1.6029846690417143e-8,0.0002966433140076723,0.00010667368648994815,-0.0011179149264811021,-5.0996451536312744e-12,-0.026515260903555545,6.048678599991531e-6,-0.0010721572123231343,0.12034310216246201,0.0073436350343145905,5.103514083708312e-7,6.846454854174587e-7,-4.949706022526603e-11,2.550979982605483e-12,-8.893959935643569e-12,1.8674436271697643e-5,4.097548663738434e-12,0.0001586120180493132,-0.0022188161161757793,0.0008236774781781987,-0.009476030727973827,-3.6818270065853794e-6,0.001745722217214534,-1.0643486051011112e-12,0.00013405116918739136,0.0014925952946871917,7.65898885036783e-6,0.01579126567799487,-0.006777097282310322,-0.04374220836097402,-1.0491001547905412e-10,0.0009472353954537121,-1.4714227184181641e-8,-5.743242080008596e-6,-0.03356667331235761,7.447000040851673e-9,1.2176801978859922e-9,5.039383767527224e-5,-1.811783643797968e-10,1.5578669031915597e-5,0.008652567038245592,4.516804925208983e-9,2.841730963991295e-6,4.506592644297406e-7,0.0004320233035342385,2.1775811092713357e-6,0.003181234958973782,-4.4449382083255816e-10,2.996139617856454e-7,4.8291345226231204e-5,2.676960594255602e-8,-0.012623733481715497,-4.816729582569336e-10,0.0027767815544484016,0.015189640166388668,-0.0002180490401321449,-6.254248827469734e-10,-3.0315418614808824e-8,-9.152631074062007e-7,3.68063780403051e-7,-0.02502401135655793,-6.406064785038861e-10,6.84151550561314e-10,3.905799274204672e-5,-0.0012679968800354763,-1.9661344452078984e-10,1.3766481040672763e-7,2.3004539805094947e-6,0.00017743443254237233,-0.0003731229497557289,-3.9650150913002226e-11,-1.1822177656333145e-10,0.003967758518457669,0.00017560849403920495,-2.296293280691501e-6,-4.919092679702806e-9,1.8753500678658937e-6,-0.0001034063669778806,1.4317841614765132e-6,1.9660570772766248e-8,8.685290362085063e-9,0.1726580320224304,0.004083854615640797,-0.00022478914745717706,0.0006276097641000023,-0.00023513027181730795,-0.0005255027921989122,4.236063734736027e-11,1.7105659211973693e-10,-0.011681344920815864,-3.498941297451886e-5,-2.2058208502709035e-11
0.0,0.0,0.0,0.0,0.0,0.0,0.0,0.0,0.0,0.0,0.0,0.0,0.0,0.0,0.0,0.0,0.0,0.0,0.0,0.0,0.0,0.0,0.0,0.0,0.0,0.0,0.0,0.0,0.0,0.0,0.0,0.0,0.0,0.0,0.0,0.0,0.0,0.0,0.0,0.0,0.0,0.0,0.0,0.0,0.0,0.0,0.0,0.0,0.0,0.0,0.0,0.0,0.0,0.0,0.0,0.0,0.0,0.0,0.0,0.0,0.0,0.0,0.0,0.0,0.0,0.0,0.0,0.0,0.0,0.0,0.0,0.0,0.0,0.0,0.0,0.0,0.0,0.0,0.0,0.0,0.0,0.0,0.0,0.0,0.0,0.0,0.0,0.0,0.0,0.0,0.0,0.0,0.0,0.0,0.0,0.0,0.0,0.0,0.0,0.0,0.0,0.0,0.0,0.0,0.0,0.0,0.0,0.0,0.0,0.0,0.0,0.0,0.0,0.0,0.0,0.0,0.0,0.0,0.0,0.0,0.0,0.0,0.0,0.0,0.0,0.0,0.0,0.0,0.0,0.0,0.0,0.0,0.0,0.0,0.0,0.0,0.0,0.0,0.0,0.0,0.0,0.0,0.0,0.0,0.0,0.0,0.0,0.0,0.23901370468329225,0.0024839363251475256,-7.66981278601821e-8,1.3165646112876076e-11,5.838622907935524e-9,1.059896914097639e-9,0.0001288653080065137,-2.7004459314336336e-5,5.931422555707994e-8,2.2117935421572773e-6,-0.0001781432971395712,0.0008329815325609185,1.512072775383683e-10,-0.005271481081927204,4.686235605688365e-12,-2.2976328932469768e-11,1.6829672157213864e-5,1.4643937628079692e-6,1.1104742126310729e-9,2.7840163263870138e-8,0.01550105789350997,-0.05050719905553807,2.8629670998087755e-11,0.11195188755181637,-8.22472327298934e-5,0.0004872959750701875,0.0016285782239030592,-2.6932238825038164e-8,5.299827089537406e-6,3.149045599327484e-12,-7.913059414910929e-11,0.043927121577818466,-7.222274212367007e-8,-2.4180924117973146e-8,4.991679608694534e-10,-3.127764480371577e-5,0.0010651550587779674,-2.190854932063687e-6,3.63859480640863e-9,-0.0001483059446438894,2.3469915933795013e-10,0.0005605712843793158,-5.950194940903898e-7,-4.693929139663062e-10,-0.0007403695326184674,6.612935061184943e-9,5.367213909719894e-10,0.006032998692755065,-2.0016835305461403e-5,-1.7304069080590274e-8,-2.3236726330713082e-10,0.00028256167412871923,0.0006746170605613047,2.824175802034886e-9,2.3280923918602783e-7,1.972231419141346e-6,9.44749335363513e-5,6.637927697997259e-6,0.05762461541138547,2.9467017238738427e-9,-3.102885432914011e-11,5.126462301253378e-7,0.0011146830308268148,-1.1495387842941223e-12,0.011147212113365725,-7.729811444515816e-7,7.708538538385452e-5,-1.979667501320218e-11,-3.5047998468603745e-6,9.774668953292696e-11,8.871872434075993e-10,0.0007795252089971568,-0.004292941914590818,-5.510274905965716e-5,-9.634950464495299e-8,3.573722949368496e-10,0.031500066024390205,-0.005621866923281148,-2.5703666025730644e-11,9.91862900299384e-9,-9.456251017834604e-5,3.8714870945994623e-10,0.10854119494672641,-2.600349178696451e-6,0.005310358011281653,4.37604551930758e-8,1.8830835220757143e-6,0.0020823650831995727,-2.8292643673837237e-12,1.0578732077431258e-11,-2.03500253080949e-5,4.582672753790405e-5,-4.069441271383878e-9,-0.0005043514618336301,-2.7377883513509937e-10,1.399857486516479e-7,-3.6943206997087286e-12,0.022248956588483245,9.985155025838035e-10,0.09459669995881874,1.9024955966587044e-8,0.00013121839856852844,1.535813278227748e-10,-4.991918200814053e-9,-4.5190839046011384e-12,0.00015955919598420107,-2.495725858345777e-10,-0.000434622255593769,-1.628532746914759e-9,-4.9770613646475896e-9,-7.382216784443915e-5,6.075039976180806e-5,3.8642671592304705e-10,-2.435263762405307e-8,-2.1816927867247346e-5,-2.235447133705328e-5,-0.014555027606889575,9.105626591312297e-12,0.038427563857763865,-0.0022482639646299344,0.0027381628978431966,1.257804606863968e-6,9.09716566573222e-10,1.393811686610312e-10,7.127067885375135e-7,-0.0038922731026238486,-0.04132287013232198,-1.8375305390837364e-7,-5.3334627540625665e-12,0.0002987072557960832,-1.8837630199815985e-7,0.0008272257780929175,-3.662266880511247e-5,2.2322559109024103e-7,-0.0028990469592644137,-2.9388271973451657e-11,-2.9154482893652713e-8,-5.426314579740702e-6,0.01885339287781964,-3.831526010187924e-9,-0.008361820469205947,-5.006808573020253e-10,4.724202911466641e-6,-3.0379908138746805e-11,-3.3731845141858324e-5,-0.010687288904817236,7.412496643770356e-11,2.5813005359088245e-6,3.640417218868515e-8,-6.824152350586004e-11,9.347602611144311e-11,-0.012704496419752076,-1.2577165112780541e-12,1.7934220769902897e-10,-1.2135680956830718e-6,-0.012660719541440017,-5.452658995436312e-8,-5.626447780759207e-8,3.7705970836420566e-10,4.2240986052978126e-7,-0.00011087797416774718,3.785272784627023e-5,6.392510841553186e-10,1.2424248150036813e-8,-1.953655733695301e-11,-0.010137245235523102,4.280367984249066e-11,1.0930469946343448e-6,1.4626320586517837e-7,0.000259203786948233,0.00011836788137011102,-1.9997093537019105e-12,-5.334115710612153e-8,-1.3511735461631866e-5,-2.672020993181759e-9,-0.0002895267478067426,-2.828297358756891e-10,1.0996210822817122e-7,0.00011868559773716478,3.0539203751283973e-9,0.06737865166770676,2.7205807661147087e-12,-0.009530937540640827,4.131447127450868e-8,7.293275935886638e-7,0.0008780822377615674,5.5787688529953515e-9,3.285808223732256e-10,4.957476077501139e-6,-0.005101832528612594,7.337054009970393e-10,0.0988109551565834,-1.7217901486467853e-5,-4.3799867537727333e-7,8.999501256111455e-6,-1.589593208707591e-11,0.003864832260329913,-3.4036115149908527e-5,9.321517054285278e-11,5.448649767413495e-9,0.000181440884992322,0.0092998820285247,7.085521268435928e-9,4.375530714985229e-6,-0.00038469082139049,0.010356978853208123,3.25979362254238e-5,8.127133002651984e-8,1.791145532831757e-8,9.491000468189933e-5,0.00037996462003382186,1.015982275263609e-6,-0.04966402084770487,0.0006771701910058544,-0.004086618814939748,-3.947268396596039e-9,-3.671781481514482e-8,5.329917741777385e-10,-1.9816230828422526e-10,-1.5567109574997078e-5,-1.1086682178707983e-5,0.09667482925362368,3.365056444010346e-8,-0.009753545646784507,-2.236370147232724e-9,0.010172996358749718,-2.4955085294674457e-6,0.0006608689015968135,0.003942326630635817,0.0004747604964069908,-0.05948878652611315,6.545807453086248e-5,-1.1517764373917475e-12,-0.011026258254674485,-0.03559678700417313,6.656131928910629e-6,3.2274423820691725e-9,2.0765945026351846e-5,3.025459879927357e-7,-2.6302495950403726e-11,8.508535177948284e-7,-1.6097392100271107e-5,-1.2679509348602616e-6,-2.3785499421592115e-8,-1.1184583248760568e-7,-5.408425864672475e-13,7.928435806540645e-12,9.055767906445646e-7,5.923927929752607e-12,5.537972511126469e-12,0.0002442663618061459,-0.0009337126454292748,0.06635836744337788,-1.3924045511269379e-11,0.0004056949265522318,-8.810589192280276e-12,-0.013270132572417949,1.1024151429546836e-9,-1.4107187036342918e-6,-1.2705628078518806e-11,1.5182477530029405e-6,0.022918073443268478,0.014249854122650712,-0.0026465841961357587,-0.009313106028170204,-0.0073998201062137545,9.355039825777697e-10,0.0003362905256684713,-0.0011616267332224526,-1.5473793665577214e-7,0.004178312366649281,0.0007865174601249435,-9.255119276386119e-5,-3.698478842753013e-12,5.0602335099779096e-5,-4.806604324953493e-8,-1.070697952309169e-7,0.0015487996432784206,3.201145171588303e-8,-0.00163582776392775,6.749781296053286e-10,0.050230656801156175,-0.01837567898228153,0.0008341689756953145,3.073157576940604e-11,0.0005287627255557172,-4.7685829614723404e-8,5.797474645979376e-12,-0.005072691023482494,-4.743892149299834e-11,7.934481579030187e-8,-9.417467107854354e-11,-0.00017726690512478955,-0.009829975231230635,0.01829363610435115,-5.460150166432672e-6,0.06179842033941679,1.0664127737879781e-7,0.018795139191129365,2.010807931769129e-9,0.00790202542643413,0.00015681609086164096,0.00015174111988506314,1.1792114241823696e-11,7.167455734658056e-12,9.436801238395628e-10,2.443415120523404e-7,0.00020854085062001033,-6.096530839171246e-9,-0.014976848649334025,5.696323665508941e-11,2.3464747713546878e-5,0.0019438262800798175,-0.002626247318257707,1.0303504258453573e-9,-0.0036836925547619253,1.2784165995081452e-10,1.60935475195037e-6,-2.563960074672382e-10,-0.009584920370784103,-0.027861273349781526,0.008539599601315746,-1.2773490702440943e-10,-0.021216685550495787,0.0217572399805655,-0.0026285688102585486,-0.00010568690694569596,2.6530097686728415e-12,-2.0799139404440803e-8,2.229536092953587e-9,0.017500286255019315,0.004501877757691799,-0.04097100063323952,-4.568728005368628e-8,-0.0005750751541779066,8.944519313267116e-12,-7.956700976606071e-8,6.088560922216732e-7,-0.002558246263670438,-6.673795849767819e-10,-7.864891041528705e-9,-0.00031110991934756813,0.005412531808980027,-5.721952108153301e-7,-6.356399088965037e-7,-7.043516651281442e-8,0.00012990492420130855,-1.5754860019374736e-9,2.6444939985448246e-10,0.040930261789195045,0.0007566070178348205,-1.622158655893067e-10,-1.874413593661746e-5,0.0015882017943411892,9.966024632052026e-6,5.825651860886407e-9,-8.672965849397728e-6,1.283316464060959e-9,-6.653803720027288e-9,-2.658740523328215e-8,3.152269978591813e-8,0.01487908872928889,-3.345074181210387e-8,2.271674754272812e-5,1.155604806481971e-10,-1.7605526339847487e-12,-4.143876330670183e-6,0.01128206194685266,2.1746091687303564e-12,-8.760877855939546e-11,-2.1493574515424334e-11,8.755011970296331e-10,1.1176018419254431e-7,-0.0022075304150688695,-0.0004899023580695698,4.98828603341088e-8,-0.00010179394641372273,-2.6186149479635765e-10,-2.9641481388833983e-10,1.828429817738326e-10,2.015925476788653e-9,-1.0261230004669013e-6,9.375558781103305e-12,4.573803855341623e-10,-9.17454959989141e-5,0.0026527775714728775,-2.571226699737342e-5,-9.157917024308957e-7,-2.158482560036762e-9,-5.164700464069496e-8,-3.17566808037791e-10,-3.913803481252163e-6,3.5720938920324845e-11,-0.0003419875578275085,-2.4429038660649683e-5,8.450904809427553e-10,4.2959643346921424e-6,8.741904825177628e-10,1.7876704409552092e-11,-4.4215047863623827e-10,0.18535429886825475,3.6735944615687935e-9,-2.4920995764698228e-5,-5.187642919186167e-6,-4.3106229648761833e-11,1.2378389196840417e-10,7.138933861305889e-9,1.7826618600326295e-10,2.890797618842735e-6,-0.0031440096995126216,-3.1317537370939326e-13,0.0004010599751178949,0.01477711559231401,-1.369904864781855e-11,-0.04528623581021192,-5.518180286127195e-6,6.492611965217298e-9,-3.8069828114503774e-8,-0.012246115450040592,-8.817415672506837e-5,1.8987245688958367e-8,2.2578651838925108e-10,0.04387221733972418,0.004105252624474682,4.324838788802517e-11,-0.002635952416956173,1.5012886864680968e-8,9.888105835819717e-5,1.6093699241326913e-6,3.85643770380806e-7,2.6209857136079383e-9,-1.1702196521859617e-10,2.7548010323517156e-8,0.00023745206992759453,4.772638241648889e-5,-4.863696266829235e-9,-7.652111169490252e-11,-1.1395559559947491e-10,0.04198367981777706,0.004790274796050033,-2.56625781971059e-12,1.958021550471907e-10,9.794841680520353e-8,1.0985959197926333e-11,1.9556450320737856e-9,2.0007349086434863e-7,-7.525099406873385e-7,-1.5298141711143277e-8,3.54908086254974e-8,0.00012652002358942862,1.234963540228628e-6,1.2144375308280264e-11,-0.015890054719062515,-1.41037623204368e-7,-1.5008005541022532e-6,-0.00011404805722091457,0.0001081570048040308,1.3664231209425424e-11,-2.8321541187344875e-12,0.009148216084099195,0.005493897684031818,0.08584709088532437,1.403796954414018e-7,4.392735128683175e-10,6.047189022648979e-10,0.0001398782412836124,-0.00012708441954351033,0.0335172844431992,-5.670278356576804e-5,0.002029956936239027,-2.146095415868161e-9,-0.04597266236890421,4.8471221289666076e-8,-4.5186616313358306e-7,4.650123075294248e-6,0.0009357731402075298,7.136081289911319e-10,-1.4416908079822096e-9,-7.555987822521188e-9,0.11269328304119476,-7.168264718019953e-13,0.0014271698840597293,4.882751699860707e-10,0.0005155187617997452,7.943697796307308e-10,-3.4769387636128326e-12,7.276765459164585e-5,7.315908195424834e-8,-0.00011048464421550811,-0.0006274276956495893,-7.895790911984222e-6,-3.588779395186935e-5,4.824817487276165e-10,-0.0026001060585957745,0.0019265402141491316,1.4114440064245305e-7,5.826958881995183e-5,0.00928917593861609,6.955239282521723e-7,-0.00021502511725680397,-2.7722283054496293e-8,-1.8366732166099545e-5,-9.642387092034789e-11,-2.8588441912408726e-7,0.0031728259755953074,-1.9618930402018753e-11,0.007966077521978983,0.024085662010007877,-1.2448789069028523e-5,-1.6521190765609246e-11,3.4145245597229784e-10,0.0031121567634556225,-0.00492786933369593,1.8309177173648175e-8,1.492092839036298e-10,-2.4465951169325893e-10,3.526924360722496e-10,-1.1716902298784301e-8,-6.961135419782394e-5,1.8322340628425836e-6,-0.007657613124077837,-1.507337504770215e-11,-5.350359041334565e-6,2.1246390345184944e-8,1.4918728697475068e-8,0.014034834465282206,-1.2253182733113737e-5,-1.127636603364251e-10,-4.089099590621032e-8,0.00013031215188604987,-3.337312112832115e-5,-1.1308910983946012e-9,-0.007403480451335204,0.0007757811195909716,-6.0782588739272685e-9,-5.365158766506874e-8,-1.765848561442054e-7,2.000931680401281e-8,2.8974006329077528e-11,-1.4178071708251619e-6,-2.0435143565410104e-7,-0.006595270205784164,0.010149589037533125,2.0150940417346e-5,0.002314967867118202,-4.577400948623719e-8,-2.091447839716097e-10,-4.2088943293239305e-11,0.00014291195404799725,-6.154456105878804e-5,0.0007700623999851998,0.12360265634876924,4.4340042551097254e-10,-1.7499355030576113e-7,-5.437595008745469e-11,-5.158443229638237e-8,-3.912926939321936e-9,1.2689097047122364e-10,0.0005368634443403764,5.12259003109556e-9,-0.0001230315218849028,-0.00010782752153892722,0.003377482611735121,-1.5671940674034747e-11,0.0001836190036541903,-1.731665327536386e-6,0.00041161210250641964,0.08326330224567088,0.0891457997712051,2.3378570597258434e-7,1.3688562514274759e-6,-1.4591886847973112e-12,-2.6466411157004795e-14,-1.4004397428807224e-11,3.245688405560777e-5,4.348377795136583e-11,2.9491367355566015e-7,-0.0020068830352466685,-0.0001577924266892363,0.1533263368571532,-2.500526919019685e-6,0.00029368541448908706,1.9860667618909596e-12,-6.335614085233845e-5,0.0002575119358433639,3.571718040276156e-6,0.009836531106957473,0.0014564655941724024,-0.005761860216972893,1.1149454859780797e-11,0.0002687038310911791,-1.9230127060608806e-8,4.0420732390231314e-6,0.03343724052603038,-9.833270014698965e-8,1.1768110382791432e-9,4.667975772941287e-5,1.2573579420703562e-11,-3.630622182015341e-5,-0.0030342526642114214,5.348013718911598e-9,4.862448496984411e-7,7.686812322382939e-8,-0.0017003355824677675,1.125962681705234e-6,-0.04316348738748409,-1.1151656198919525e-10,-1.4552102780631532e-7,5.845136212238467e-5,9.660288202186838e-9,0.00043726279739318653,6.260655096850534e-10,0.014273971343963753,0.00256885101424808,-0.00820190917505538,5.5089696413213454e-11,1.0753429303537428e-8,1.612120253811669e-7,-1.427127641649711e-7,0.10258209067827839,7.216119626362443e-10,-1.1397866667173672e-11,-1.7179159011908925e-5,0.0005544567037400307,-5.675228535836259e-11,6.017426127704836e-7,-7.322698996818918e-7,1.784362459964442e-5,4.722745280263028e-5,-1.3808311471413765e-10,-6.23710722455447e-12,0.0014731180472711788,-2.8836843059650743e-5,4.3534999369080266e-7,2.0031246713971353e-9,2.1919622592733925e-6,0.000504037241638612,-3.7119584739750866e-7,1.3349382538424978e-8,-2.742038561320342e-9,-0.00838655011897603,-0.0018194534611099091,8.993176623833515e-5,-0.00013247695103071395,-5.9015737699794165e-5,0.0003655787605959956,-2.0588891449522857e-10,-1.2396148645989634e-10,0.17943463894253572,-3.2300459059659e-6,-7.2177556514233925e-12
0.0,0.0,0.0,0.0,0.0,0.0,0.0,0.0,0.0,0.0,0.0,0.0,0.0,0.0,0.0,0.0,0.0,0.0,0.0,0.0,0.0,0.0,0.0,0.0,0.0,0.0,0.0,0.0,0.0,0.0,0.0,0.0,0.0,0.0,0.0,0.0,0.0,0.0,0.0,0.0,0.0,0.0,0.0,0.0,0.0,0.0,0.0,0.0,0.0,0.0,0.0,0.0,0.0,0.0,0.0,0.0,0.0,0.0,0.0,0.0,0.0,0.0,0.0,0.0,0.0,0.0,0.0,0.0,0.0,0.0,0.0,0.0,0.0,0.0,0.0,0.0,0.0,0.0,0.0,0.0,0.0,0.0,0.0,0.0,0.0,0.0,0.0,0.0,0.0,0.0,0.0,0.0,0.0,0.0,0.0,0.0,0.0,0.0,0.0,0.0,0.0,0.0,0.0,0.0,0.0,0.0,0.0,0.0,0.0,0.0,0.0,0.0,0.0,0.0,0.0,0.0,0.0,0.0,0.0,0.0,0.0,0.0,0.0,0.0,0.0,0.0,0.0,0.0,0.0,0.0,0.0,0.0,0.0,0.0,0.0,0.0,0.0,0.0,0.0,0.0,0.0,0.0,0.0,0.0,0.0,0.0,0.0,0.0,0.0,0.23778587183793223,-1.0571495954852515e-5,-3.870553411114096e-10,2.713307443044904e-7,-4.2382880833581724e-8,-0.003516381082810911,-0.0014923370953302574,5.829625861562671e-6,-6.50464424143598e-5,-0.004678305130324637,-0.021047707737608643,4.995578759559718e-9,-0.0011452928116847322,5.11770188372491e-10,-2.1224459653525787e-9,-0.021501112487285683,4.123565327462291e-5,1.0489093376227881e-7,1.4060986387398186e-6,0.0009975159039922498,-0.00015092802094409882,-3.5242895985860856e-8,-6.253946516994463e-5,0.013333836671198276,0.001588156209059795,-0.009846288771031287,-7.367544144496099e-8,0.00019348031124458604,-6.103195976519768e-11,-5.745466808667406e-9,0.005519298636156288,-2.3972892280723288e-6,7.066793683508856e-7,1.3278155119715891e-8,0.00022821675814473354,0.005797629531709828,0.00043592133564003045,2.5453528021716493e-7,-0.0026527968501510917,3.8372203728785017e-10,0.014153775204073392,-1.4151654807572362e-5,-2.2652826552716803e-8,0.01987785910486085,-6.446759392082845e-8,3.522353171346498e-8,-0.0011054432975785436,-0.0006465646374629137,1.1674985382642148e-6,-3.968314714267027e-9,-0.01960502974564805,0.010299565435413787,-1.0070115967781873e-7,-9.250552699615246e-6,-0.00013998042469368723,-0.003541279607049779,0.0004984304958551016,-0.00022156624855777752,-1.1485894187552535e-8,-5.1954280656104536e-9,-4.764810964945297e-5,0.07543974505433809,-8.708217698151024e-10,-0.00575726646939017,-7.785845392192327e-5,-0.004818544630559346,9.880198081417347e-10,-0.0001456117589638408,5.6756176090920595e-9,-6.617426191892675e-8,-0.012066982572367158,-0.0045051074451828935,-0.0016029656544569576,-7.179381507283249e-8,4.027681707785228e-9,-0.0003071945976043651,0.0004617390765034339,-2.2333365213872607e-9,8.687350029592416e-8,-0.002885064544447234,2.178377204426252e-8,0.0047121635996596875,3.910139082760682e-5,0.03061913988354992,1.936726244290451e-6,-0.0006169815174064078,-0.0069592113566180665,3.047117810841606e-10,6.395809740313139e-10,0.0012282653868777925,0.0003161320061960808,-1.097607366450121e-7,0.006473284639558962,-8.958333327290677e-9,3.171927254451999e-5,-1.3245284176496714e-11,0.0006414124630795158,2.665720412791879e-7,-0.001877421701734417,5.261234878130622e-7,-0.0003474503119067917,-2.343664803212558e-9,5.0299744765361274e-8,-2.9655311882626164e-10,-0.05416488005213886,-3.983574457608857e-8,-0.036636001018372784,4.5039737999486255e-8,-2.961437889773886e-7,-0.04428276372934264,0.003696587301115108,6.3464447355374415e-9,-1.4381927956013683e-5,0.0009661411073378912,-0.0011940459156070651,-0.0023212293538722797,6.732290527915999e-10,-0.00025698828628111344,0.01714775950459628,0.1763433120064552,-8.114212502384436e-5,-4.976964941129344e-8,7.72653150104104e-9,7.201257059528354e-6,0.006098153593183856,-0.0010958144751995534,2.2808991193453228e-5,-2.7375701953417747e-9,0.0047787311157016996,-5.110111824237446e-6,-0.04165632008179483,-0.0043987218944469015,-2.0695899980949803e-6,-0.01994210959614141,3.416783736841744e-10,-6.924526021188406e-8,4.1351376548192784e-5,-0.0026014564392010118,-5.906892854675006e-7,-0.0020432427749354875,-5.994369308380419e-8,-0.0005858129340019662,-1.0341288141772777e-9,0.15362135646257874,-0.0001977425023908651,5.6850498578325446e-8,0.0002461096748323619,-1.4199393186598542e-6,-7.967852959943334e-9,2.117590062992901e-9,-0.0012590744214695158,-5.1466678755429376e-11,1.1958746135023778e-9,-0.00019284445196179005,0.0006815176523333216,4.96460475212418e-6,9.581579443698285e-7,1.878773710137505e-8,-3.705351896822807e-5,-0.0069184853766915315,0.005082285237468544,-3.2023947339241865e-9,-1.4091363686848069e-7,-1.1181666411575466e-9,5.7194464944289214e-5,-1.57458540072734e-8,0.001600630896438581,1.3567111631090738e-5,-0.006303689182964018,0.0001533953483570265,-1.3912093827631887e-9,-5.100807212516396e-6,6.680263014363051e-5,1.0058171209471603e-6,0.02786552273354898,1.9381184763825915e-8,2.4187584627712337e-5,0.011140930871764888,1.7129040180801161e-7,0.0062569091736560415,3.0214173993152676e-10,0.0016464069609801733,3.5616530545695374e-7,3.3956927392637346e-5,1.2763044290424626e-5,-6.260991036237399e-8,-3.8743859074511813e-10,0.00046349806468903105,-0.006751593677008621,-4.6357594699305756e-8,0.004065962218451035,-0.004642082225500016,9.680256811371005e-5,0.0001213116936009022,-2.723923885611364e-9,0.017213319457946526,-0.0015581509628334325,5.892923808660624e-9,2.993522278788774e-6,-0.00030137751510729674,-0.0012220023337183893,-2.4824746137933276e-7,0.00020511437608863002,-0.0467161479251378,0.004856983480307729,0.0014064611500406773,-1.0290254053672606e-5,1.3573495967421864e-6,0.0002848416530847472,-0.0027063657160630874,-3.317076082818538e-5,0.0010665539970844946,0.14400627545906797,-0.02067504279126497,-7.816393923417826e-8,-3.95688985052037e-7,9.424752287333604e-9,-1.1811674958478848e-8,0.009708133833081632,2.917445179729807e-5,0.0008043904333135697,-8.007971004752935e-6,0.0007647741745116508,-5.244479294556715e-8,0.012675253352963574,-0.0001385292543445042,-0.0269474596479661,0.0009335668203759555,-0.009298921455989316,-0.00035008153136980295,0.0028048937957267737,-2.537894444601195e-10,-0.00012895049055096933,0.00026453007598352705,0.0005115652738351086,2.9961724377189494e-8,0.0015649944839363347,3.1009193694969244e-5,-3.2240674547696947e-9,7.436948106688856e-5,-0.0006298380234989616,0.0012697086043904175,3.0474687832854374e-6,7.013853956041525e-7,-2.976968636644411e-11,-1.3448077023897977e-9,5.19114149831927e-5,2.33214912539469e-9,1.768425949752724e-10,0.006173440933622623,0.026466738322312753,0.0017042360565718427,-9.925698951194675e-10,-0.005401631540344633,-1.8130678087543003e-10,0.00040524244899718827,-8.19100042539757e-9,-5.7745549583158574e-5,-6.651285740568875e-10,-6.38253565464886e-5,-0.00013330452609656667,0.0008655592099557518,0.0007043896019500449,-0.0004166993541251312,0.0006008366960685863,1.4140968522534606e-7,-0.028348627716261947,-0.009486117570699079,-1.5268294156070748e-5,0.0011530374775643403,-0.0024975360190967306,-0.003043879275336885,-9.419376875075191e-10,-0.0013531447863472726,1.137657906023861e-6,-5.320033982629167e-6,-0.014819566471286717,3.6477835947890866e-7,-0.027437820650274326,-1.1936307838179968e-8,-0.0011223870134503657,-0.003377313538029885,0.0055278085887794665,2.4907044650738147e-9,-0.033117424156225,-8.000794057214576e-7,1.730055550646114e-10,0.0008269897535730924,5.526218582241285e-10,3.566419600132455e-6,-1.2757119428814466e-8,-0.0005908628245982619,-0.0016623158312130512,0.0013751076661595641,-0.0003293234856215844,1.433000754584849e-5,2.1032255128248494e-6,0.0003581316077509542,4.4660373857822176e-8,0.008871317814037343,0.05853665307802915,0.00010928889266280232,-2.3436499780194846e-10,3.46207518645022e-10,-1.2789045000763928e-8,1.802199101722496e-5,0.004758066465549496,-1.3319821495924343e-7,-0.006349830577362767,2.4983415714455503e-9,0.018905643254328634,0.05519888508361587,0.007942112667976158,1.1537152669636879e-7,-0.0002851377042343589,3.579526449998455e-9,-5.7862028984129966e-5,-3.508992879601812e-9,-0.001051562323252316,-0.0006171856515523032,-0.00036601495609883493,-3.784221593183944e-9,0.0010772601523577013,0.004298220377339642,-0.0036926192552350595,0.08467018625280474,-1.3833131487226912e-11,-5.706901729384731e-7,-1.5750124707635324e-7,0.004069209291857171,0.012436607113216029,-0.0014735982774800348,-4.786290956861191e-6,0.006022224911117488,3.755176581374919e-10,-1.7927572644422427e-5,-5.6420614894580056e-5,0.0018733018095148078,-8.33376536242839e-8,-3.557834901062715e-7,-0.015071238090882656,0.15084740391103618,-1.2504246136001711e-5,-4.002270441622646e-5,-0.00018807964429470202,-0.0014613959349654654,-1.224165585096164e-7,4.211617463950101e-9,-0.0007259105582325189,0.11900258286754456,-5.0487361974183616e-9,-3.3849453363930924e-5,-0.013079133336601463,-0.0008646514968371347,-7.869435299309281e-7,0.001393691815781644,8.88583955966197e-8,-3.5248653291800134e-6,1.1296935308089438e-6,5.58086927795069e-6,-8.775804071775253e-5,-7.999097666972275e-6,0.0008444063107662886,-1.7003849038944116e-10,1.5555518503268662e-10,-0.00020141369575051772,0.0057893299804111535,-1.0946489740781308e-9,-3.592895507602938e-8,2.2690999734090553e-9,8.000182408863328e-8,6.976483738472535e-6,0.0051565321859212586,-0.0045664484564729236,1.2933081583611292e-6,-0.003912340108103241,1.9548074859596493e-7,-1.29743817996582e-8,8.961535873481149e-9,4.7031415788120027e-7,-0.00034109854679848655,-5.402883266669139e-12,6.847686018467881e-10,-0.006905269488035123,-0.0028986780304156596,-0.0009238448829881174,-9.159790456105073e-5,-7.099303085099723e-8,1.8331186311308465e-6,9.932789917309004e-9,0.00039317294618373093,-2.1186017916503585e-9,0.001061722040453513,0.002357167047776197,8.782191371721832e-9,0.00014126750313584997,-5.816827741123469e-8,-2.708018439045293e-9,-1.5241003334704885e-8,-0.0011614894486648014,4.926001098545621e-9,-0.0005896610708321079,-0.0001220415971428249,2.5608005579669027e-9,7.060284191325953e-10,-1.0247471141744422e-7,-2.93129392500478e-9,-0.00034194805775229086,0.004688557211399906,1.962647565767128e-10,-0.020680824507247998,-0.0005941526220004334,-2.4083444727054375e-9,-0.0018829431232411705,-0.00017414651393950485,6.221580265103048e-7,1.7928705986875898e-7,-0.0010639948814159673,0.013107029919239609,1.675719791460174e-5,-2.317606566818647e-9,0.0033646390996451333,-0.006481286220779121,-3.684733886037368e-9,-0.0068917303323339976,8.658630121185749e-7,-0.0015253871696671458,3.671120520350305e-5,0.0003645709360592286,-3.466140690478108e-7,3.2306234524223e-8,4.0526542775031593e-7,-0.037194370323661415,-0.0063081695517865095,-6.427758463358456e-7,-1.1115773538533645e-7,3.273429693914722e-9,0.00029339008620936846,-0.004182970938692791,-2.185682053746403e-10,8.401987230881594e-9,-8.466517031554521e-6,-4.846212141365193e-11,1.3003991605879222e-7,1.3478641699194929e-5,-2.924173235465455e-5,2.7615127647304574e-6,3.091834407079017e-7,-0.0005572697503559187,-3.547131133584044e-5,9.035477509321809e-10,0.00010611993099282742,-9.529688122170454e-6,-9.559728698056346e-5,-0.002800195258871245,0.00435042323793965,1.7394925243546477e-9,6.473260411243513e-10,0.00040405189158056106,0.0025662832135607476,-0.00048482395153494036,2.4565310290599492e-5,1.5184559686187527e-8,5.7289635729020365e-8,0.007199827391194329,-0.004342300197042984,0.00027586178286716597,0.0021494240352471767,-0.006072875786339033,-1.6511591180256712e-8,9.683356027946785e-5,3.215462766410683e-6,0.00012696474588318922,-5.4524366903634504e-5,-0.0072739736664561095,6.82435803762121e-7,-3.312356394328816e-7,3.6790084921995573e-6,0.004369226396623294,-3.455130743115436e-10,0.005155782446602554,-1.7375088296708323e-8,0.10716398319387234,3.125202614536517e-8,-3.550509360373287e-11,-0.002450550417143166,-1.1185795442873592e-6,-0.0039880345843444605,-0.012230028414967047,0.0006659763632388076,-0.0013155160088753448,7.393251292936505e-8,-0.002267343441724236,0.00933423779151656,1.0362304603817545e-5,0.00022466439437548075,-0.0035074884332431697,6.732106214663636e-5,-0.0006991998536965149,1.698920633044376e-7,-0.0007703291303029809,-4.5457970622401105e-9,-5.094174697363296e-6,0.0001004346634315569,-4.080153092609334e-9,0.008618811090760608,0.0001280900694284564,-0.0005347053305748485,-2.26881599354717e-9,-1.745756260376978e-9,-0.0066062065641257365,-0.03221461294161764,1.2046113667742277e-6,1.5597043532757972e-9,-2.2254331533281172e-8,3.3226337123262747e-7,6.630828946715661e-7,-0.014815774605138618,0.00020047863083765688,-0.001286827302793846,-1.910284961282061e-9,-8.282779644997659e-5,9.481333948697458e-7,4.8056348446553434e-6,-0.0013383767585701662,-0.00046892115389220526,3.5375140375464476e-8,-1.4960664158299216e-5,-0.00134533958487331,0.0002861446429958547,-6.790221124983387e-8,-0.005251277357369014,0.013642542665624103,7.056246277104092e-7,8.667677308217158e-6,-3.0097603881051708e-5,-1.7356671849497509e-6,2.6049494625516647e-9,0.016043807775216325,-4.331809094557551e-6,0.0003514079940954036,-0.007581965065544497,0.0004162145728715812,0.0035282761838167326,2.0404049988046153e-6,-5.953314514667142e-9,-3.107398256611638e-9,-0.03240445324240058,-0.0012010223332735805,-0.00575686390887624,-0.0009141052268246624,1.6673440699714636e-8,-0.00027630647484765683,-4.97282186657843e-9,-9.580291293898866e-8,-2.032134911054542e-7,-3.1439831242873437e-9,0.07671786911924224,3.758352806213629e-7,-0.008946004765334583,-0.002194150121891621,0.1308921409068066,-1.1830864887167695e-9,0.018859630050861265,-7.861767179748138e-5,0.016548600616218018,0.006688857157561161,0.003620595184653458,-3.949876955104321e-6,-1.7378395365625396e-5,-1.5817591490152695e-9,1.7474375155520819e-10,-9.840151323984171e-10,0.005409535142380112,3.856869133172518e-9,-0.0033523989712394937,0.015079917840526766,-0.04986488739653529,5.1967976385460675e-5,-0.0003285563973856616,-0.011959083019238101,3.6698401242335415e-11,0.00028137204724229976,-0.012904386516608317,-0.00038011839967835376,0.006063719002386571,0.0020108158145583604,-0.010556758383142344,-3.4015136969062795e-10,-0.01318029084461939,4.2562613769173125e-7,0.0002519587047517059,0.0003128550010173716,-8.398180648998437e-7,-5.642593253750179e-8,-0.0017977623630114172,1.6129639357892375e-9,-7.515280711517934e-5,-0.022473215268677307,-3.434050691487562e-7,-9.694813372188743e-6,-2.3281846786805784e-6,-0.0156544782785862,-4.3557679625648026e-5,-0.001155382671170054,-8.042764158178111e-9,1.8497756845257292e-6,-0.0003659497021852628,-3.0908890465124916e-8,-0.0029429903520298566,-1.778852448119531e-8,0.0064396954338464055,-0.012767353524214205,-2.9350112274355393e-5,-1.1633912578530837e-8,5.386090903193464e-7,1.028464780462502e-5,-7.5957680335505305e-6,0.0014366842063347847,-2.3238584621394736e-8,-1.77688546059717e-8,-0.0003464334255812674,0.003571184483989361,-3.866379625626399e-9,-9.808722081775388e-6,-6.0164299471482716e-5,-0.004733716084805641,0.006851864376676245,-8.168846318992994e-9,3.17678997104408e-10,-0.032152024324570615,0.00012769403866112712,5.01995457617686e-5,-1.3202854680794774e-7,-6.163030924825815e-5,0.10088500339180648,-3.998059878465533e-5,5.737638129423477e-7,-1.9831703521244964e-7,-0.00571841212513997,-0.002696759600683658,0.0011098921644573725,0.0020204050119587715,0.002391043602959014,0.015044957791417185,-1.1331911702051223e-8,-6.22866070328052e-9,-0.00024113679197114513,0.0005777968604268249,7.87990559738572e-12
0.0,0.0,0.0,0.0,0.0,0.0,0.0,0.0,0.0,0.0,0.0,0.0,0.0,0.0,0.0,0.0,0.0,0.0,0.0,0.0,0.0,0.0,0.0,0.0,0.0,0.0,0.0,0.0,0.0,0.0,0.0,0.0,0.0,0.0,0.0,0.0,0.0,0.0,0.0,0.0,0.0,0.0,0.0,0.0,0.0,0.0,0.0,0.0,0.0,0.0,0.0,0.0,0.0,0.0,0.0,0.0,0.0,0.0,0.0,0.0,0.0,0.0,0.0,0.0,0.0,0.0,0.0,0.0,0.0,0.0,0.0,0.0,0.0,0.0,0.0,0.0,0.0,0.0,0.0,0.0,0.0,0.0,0.0,0.0,0.0,0.0,0.0,0.0,0.0,0.0,0.0,0.0,0.0,0.0,0.0,0.0,0.0,0.0,0.0,0.0,0.0,0.0,0.0,0.0,0.0,0.0,0.0,0.0,0.0,0.0,0.0,0.0,0.0,0.0,0.0,0.0,0.0,0.0,0.0,0.0,0.0,0.0,0.0,0.0,0.0,0.0,0.0,0.0,0.0,0.0,0.0,0.0,0.0,0.0,0.0,0.0,0.0,0.0,0.0,0.0,0.0,0.0,0.0,0.0,0.0,0.0,0.0,0.0,0.0,0.0,0.2344925485334779,-2.5390706147261723e-5,0.00041963652375003795,-0.00422454642681483,4.6414595744928845e-5,-0.0008539751801282636,0.00783192937854273,-0.011393142175790575,0.00028323919457056795,-2.454435014790715e-6,-3.284052260572688e-5,1.0360256087719061e-7,-3.2820050403994825e-6,-1.9424071664668077e-6,0.00010596133623977815,-0.00813477029213052,0.00023260184753219325,-0.0013050550405034858,-9.887018327979949e-7,-1.748962715325541e-7,-6.528203561634202e-5,-4.9217047475389885e-8,-9.518144423788999e-5,3.4933458172793854e-7,4.503280876248222e-6,-0.013065559162161086,0.0033563824784682327,1.2608766884184235e-6,7.8024617815208e-6,-4.984660466303386e-7,0.0016712998954779212,-0.0095177390774339,0.0003461033873464916,-0.0010124266084421225,-1.0477246256483516e-5,-0.0015475831395610202,0.004935088908739075,3.7283586872547075e-5,9.914778060771862e-5,-2.441188955188699e-6,-0.003038152199362575,-3.637597428126872e-5,-5.258900996819687e-6,0.07628000857058394,0.00044948293767104955,-2.0071893734503294e-7,0.0019683823725440137,0.007925709919999056,6.611349570323656e-5,7.559875467490075e-5,-7.702666123687107e-7,0.001546389657514738,0.003271849926744805,-0.007169267193644261,0.0003623348268089382,0.0015719053420842524,-2.6629321670888376e-8,-0.016690916554639022,-4.8930982668040324e-5,0.014732913730478846,1.6365251042603577e-7,-3.4687816857124556e-6,-1.0839559028331029e-6,-0.0035369530311181877,0.0005084156423722041,-2.0288451431786256e-5,0.002091589153166648,-3.475488378487511e-5,-6.723231529371247e-5,-1.4367735437825058e-5,2.4006279756007355e-6,0.0004481272383852418,-0.0030124210266927126,-0.0004461260937538833,4.477222010451459e-8,4.205157109891641e-9,-1.0505628883336667e-5,0.0026379179072301626,-0.00011869292004881625,2.35506586333059e-6,2.830598443358079e-7,0.006092615685976713,-4.068839081709195e-7,0.004956934369073093,0.0005882742805047598,-1.1827764377907632e-6,-6.292175645872966e-6,-2.147747426195738e-6,0.0001960797260194118,0.00024406219734523355,-0.00020722094481652855,-1.8106120603477932e-7,-0.00013272129840666082,-0.005502927573498144,-3.8140234282615342e-6,-4.645690333839024e-9,3.9100181849224205e-5,-6.510443945117941e-8,-0.002405754581633212,-0.0001903242810046425,3.642366435575618e-5,0.0006076677044439077,-9.103644679050289e-6,3.570801992206625e-5,0.00011678837431058064,-1.0459970737122241e-7,-0.0019277387873072875,0.0002082000613138248,-8.077225641374556e-7,0.0001287747775745662,-6.152906960836418e-5,0.08299070046546946,-0.0011208892892161963,-0.0009036697851848765,-1.458607059253224e-7,-2.2800040770590366e-6,-7.523829871030242e-8,-8.255457961771419e-7,7.2997431964728665e-6,-0.00523629229899186,-0.0006020223367821204,-4.354235497921085e-5,0.009704706682993426,5.726435082764915e-7,1.0151502207945638e-7,0.018449406650956787,1.4897850240004871e-5,5.640395448127201e-6,-0.02383829225539411,1.6254614543440166e-6,0.0004797034554768099,0.0022258292454158854,4.939838083523694e-6,-2.262039481941952e-5,0.020890790909415022,0.002499821645220651,1.2440787408465592e-7,-0.010331437644434546,-7.269133875272187e-8,-1.1380077549129009e-6,-6.682205785594758e-5,9.532806903072943e-6,-1.5326279846343847e-5,1.0027528678078194e-7,-0.0014510420318946506,-0.00036508619429106174,-0.0056864068222228625,5.8725922399688976e-5,-0.0008928934505424722,-2.2911666854186395e-9,-1.3563039216819458e-6,-1.618375570373899e-5,0.003587903335696611,-2.5733002329157033e-8,-0.021191370244732402,-0.0064723604763597675,-5.8331694279191566e-5,0.013488206561318796,2.583434244907064e-5,6.822992484830729e-5,-0.00025166011620330887,-0.0025662618790460332,1.6253036405770422e-5,-3.6113411488888434e-8,-0.0002637530247497635,-0.0014378372516334614,0.008944629441566546,1.2545666437449183e-6,-0.00012946456784959184,-1.7793281688588405e-6,0.013261677780850611,-0.0006693059681028158,0.015089584168346326,-1.6009263570563797e-5,-0.00011407577891343479,-0.019744685979309007,-5.405781020087123e-5,0.000721428743339728,-1.7020324198422513e-7,5.09313480498719e-6,3.08346921126657e-7,0.007751480908971122,-0.004531478796092782,-1.543290310766407e-9,-0.003194603616806089,1.1305419863014577e-5,-0.0011189294132766966,1.8933289607891911e-6,-0.001777450850795524,-7.519994606934942e-8,-1.8514759742732108e-5,0.007540104477346258,-0.0005607525466507153,-3.562886271767649e-5,-6.336156709485747e-7,-0.0007170370252535099,-2.9615300177837106e-5,-0.032708026535637647,-3.195262310273232e-5,7.37833900120784e-8,-0.0017778711668005273,0.0008642686625943444,5.297099857660023e-6,-6.095179055967115e-8,0.00021233900731452876,0.001780007185221467,0.009912707275712695,0.00034635998718713084,-1.4818843264208981e-6,0.005271880498781865,1.3910288319530335e-7,-3.266511648357765e-6,-8.167071482634478e-7,0.0019839890709356196,-0.006628549046860364,-6.0286653110186896e-5,-5.104249741888044e-5,-0.00010591687788447085,0.00023297251956972418,1.1274868184095549e-7,0.10045601323785121,-6.774448980949237e-8,-3.221297571272631e-5,-8.246785763481103e-7,0.014838264391547912,-1.1533698995147157e-5,-1.5374574157682138e-7,2.5916663324781683e-5,-5.983784392977837e-8,-5.680487276845669e-5,-9.967084297434657e-6,2.6140730565744997e-8,-9.04497613145107e-8,0.0004785508959200451,-0.0006394315986493751,-0.00024124815640240045,-0.028899894881220425,-4.9006663151219815e-6,-0.002293208516397466,-0.0006650917883477571,-6.594289537706515e-5,0.0954113898393325,0.011125861032391049,-3.0387395223721907e-6,-3.452057670562774e-5,-0.0003711795497855173,5.35110307143889e-5,-3.816034494366834e-6,3.841872637415225e-5,-9.725090113520817e-7,-1.2700219589447186e-7,-1.7100666292529004e-6,7.598000212078507e-6,-2.85538223408859e-6,-1.2247184991545277e-7,-0.0002613618758396612,0.007130158602884049,-1.1382084511957388e-5,-0.00717030945325944,4.514483533559506e-8,-2.3991295180699978e-8,-3.170051982743329e-8,-3.3518785240917027e-8,-1.1143547908828792e-7,0.0007846351074862585,8.091538055306021e-5,-1.0017203308874558e-5,-0.025805419627551632,-1.8094477130179143e-6,1.33486268480798e-6,0.0003130580686441299,-4.228536261906494e-6,0.00034715320219997617,0.0014311416586231705,-0.003516752124454493,-1.9052408879765142e-6,-0.0004241896099318857,-6.4640272861945045e-6,-0.00011236632993894848,-3.800690568004651e-8,-1.0562222115181206e-7,-1.3224026136987036e-5,-5.948815686266126e-6,4.123556471737069e-7,0.012835546773611702,-5.298678410064242e-6,-1.1064143310573784e-7,-3.40211026945153e-5,0.0019103557057616148,-2.462475858992961e-5,4.5243829213730856e-5,-2.629327068270764e-7,-5.970929960468973e-7,0.0013899154006537472,-2.5211777715457542e-8,0.01144249288778341,-3.8379675989433215e-11,-0.0006024500900453416,5.9093764416658766e-8,6.181303306227844e-6,2.3458441905367394e-6,-2.2871315252455273e-6,-1.2316968365009582e-5,-0.000532993557748828,0.00015015262634924243,-0.00015823170115663842,0.00443173656469434,3.188195070818461e-7,-2.2704618282929152e-5,-8.000025731368234e-5,3.458167968535533e-6,8.159177078929187e-7,0.0003349594669890221,7.77860170370801e-8,-6.248161143480497e-5,0.015784598213321403,7.579323299828939e-5,4.2261367796660107e-7,-1.9701550382331782e-7,-1.4899617979565974e-7,1.790979411821664e-5,-2.2408414609371408e-8,-5.119649694503594e-7,8.111422846014415e-7,-3.354904180224451e-6,-3.0183575613198716e-5,0.014457812470842992,-0.0021612237837115187,-9.38748305566895e-8,-1.9183934878850071e-7,6.15055999684008e-8,-0.016108550624954365,9.159112327690016e-7,-5.668684777838013e-6,0.1644736796654626,-0.005735639292409572,-8.08744611617542e-7,-0.00020867290725678242,0.0005607287285104898,1.3635218259198187e-6,1.948102973112687e-6,-0.0032226179139928763,0.03135273048663009,-0.0025866557942070306,0.00022082526270101167,-0.0007657110181676208,-0.00038446553165438367,-3.026203835836633e-8,2.3806988723682942e-6,-7.514602851929469e-5,-0.00035090906375092153,2.1737572101645872e-6,-0.0006760839911825427,0.010139887428141441,-0.000846122143246317,0.00033915763887473527,-0.009506256513243003,0.0038571706078042774,0.004495803759523206,1.519275196031303e-8,0.008297868203569002,-7.371678293252226e-5,-0.00022509976611812075,-1.1898300028450608e-5,0.0024426024851977282,5.41372897706947e-7,-2.921819178432621e-6,0.00025427759667230045,-1.619366421995722e-5,-0.0001846079737897536,0.012385294299170667,1.8807278924205697e-7,-1.066490869062269e-5,0.0061753961456185134,-6.308717919334342e-5,-0.004536938486643455,-7.518556732983192e-5,5.729115629631638e-5,0.004895239402702043,0.0005744384065062429,-5.537514349125044e-6,-8.798458808610925e-5,0.00048452063438336474,-1.65084579044131e-7,0.00021295432398830394,0.021169336706517914,-8.882617690474908e-5,-0.021272045118792486,1.2651263316328953e-5,0.0025441781511874304,-1.3584100093248779e-5,4.135555146399555e-5,2.8979331701389413e-5,-0.00012591494388658836,0.0025006235812867037,-0.00015575224622824441,2.9674729476067295e-6,0.0003506263171625965,-2.2679242425284296e-8,-0.0005408906749838978,-0.0011183609439172505,0.0013141674157677457,0.00010034284601168104,2.821201606787423e-5,-0.0003498656412630611,-2.1191304779686746e-5,-0.0026052218323353495,-2.997798978506143e-7,-5.769124702072174e-6,-1.7050673928486382e-6,-6.551763151568418e-7,-1.3520620172796687e-5,-8.218228997419756e-8,0.0011039297857488972,0.003955545455782483,-0.004773358707587516,-1.784810780327489e-7,-0.00011116267330159508,-0.014787801291349652,2.4003821875490662e-5,-2.0541147378045974e-7,-1.6063967487025434e-6,-9.853328676106304e-6,3.300064563925377e-6,-0.02748389295682631,5.585609702416396e-5,-0.004849646847243876,0.0038551030721454727,-0.030020980874775078,-0.0010387946617694003,-0.000908061604415671,6.575910797125739e-5,0.00037336914026964065,-0.012507724615490413,0.003493446022698007,0.00039810137467234744,-8.457487907587697e-9,2.080529155049781e-6,4.594215177421894e-6,-5.0007777473907436e-5,0.03527017760719953,2.866879081643855e-6,-0.00044946728794257365,0.0024456831208627995,-0.0019451579878714419,-0.0018383989410850276,0.015410969196136194,4.759344046120107e-8,-0.008238211062990159,-1.0712647672054322e-6,-3.8233712425431295e-8,-0.012250645276478187,0.0007300404591200951,0.0001439975036949323,-0.0001318526671603247,-6.141534979028763e-5,-8.912753566294397e-6,-2.1160336663339986e-8,1.814472013939977e-7,-3.7043084666177844e-8,-0.0363806244952065,8.16833716855992e-5,0.00011485615953538787,-3.7753796048579538e-6,0.0003744973060949308,5.8962101276489624e-8,5.637399958022298e-5,-9.878686236598993e-6,-0.00030056011305284623,-3.299392631095968e-8,0.0031709672974944386,-0.0070472819370238585,0.0012192536923330691,-5.168669820336069e-6,-0.005453473967186204,-0.0030990123756185345,0.0034267397618432034,-3.055644264224767e-7,4.33039082608498e-7,-7.4044781693859945e-6,6.891683381979282e-5,-1.2574354613596705e-5,0.00023128503790015737,-2.8132803962781426e-6,4.829270226469411e-6,0.003963642568930941,2.4502634035376237e-6,-1.1525448497804036e-6,-0.00016478291797556512,-0.0003549830365965071,0.00044235431208471566,-4.9024917076569774e-8,8.518745569548779e-7,0.001444997064499814,-0.00011499108715414711,-2.26469051847213e-6,2.487472920139711e-5,1.2563069961210685e-5,0.004471550223003277,-0.00034662896754531375,-5.287984369023454e-5,-0.002625397520379991,-1.898435821504826e-7,-1.911917131598087e-5,-1.0233514750407045e-6,-8.909089282384334e-11,0.0009455611780958619,5.181513857412504e-6,-0.0002516371317288184,-6.555579567552057e-7,-2.4996882971421264e-6,0.009674962851869258,8.447794452821867e-5,-0.00011681876131864233,-0.0072450240976301315,-0.03566038317206172,-1.6219771312572206e-7,-0.0018828543015530382,9.778732520076175e-7,-1.0137870138855572e-6,0.002565853975346781,-0.0053559085993704755,0.13912475986831369,2.3775757068695695e-8,-0.0003825159971678962,-0.0013153221383896264,0.1934311918187874,-2.3315546158035406e-5,-0.0006443336434899472,9.27062558964744e-6,5.680508015975653e-7,3.0850671594997637e-6,0.00418747877471163,-0.00035061180792046384,-0.00394807874616464,-0.005225055247930295,-7.369131463159977e-5,-4.8499847709541985e-5,-0.007840338137359853,4.584357736664592e-9,-1.1864565689646392e-6,0.0002020736833832895,3.1488894528472316e-7,0.00830803016582019,-1.59203772541919e-6,1.514415803074316e-5,0.00011475667830240052,0.0004111908802417013,-1.1997082051050276e-5,-3.134744430661627e-8,-0.0002459477300953964,-0.0017073141018164907,-2.0981979682467897e-6,0.002705006543041571,0.00026709694054804703,-8.71960855777636e-5,7.306901469370706e-6,0.0008285062924621213,1.9098511289383328e-5,-0.0001951009144950791,2.972158944590167e-7,-5.049026922870324e-6,-8.661926549664744e-7,0.013331935533523012,-4.5664800986126515e-5,-4.6647735235567976e-8,3.051490592656634e-8,0.002142312616896052,0.016906261842066426,-5.9595013379492744e-6,-5.134148642743783e-6,-4.452626274018294e-6,-3.761760784150382e-7,4.802502320549305e-6,0.00045112977640459115,2.252080605800419e-6,8.648466556777545e-6,-5.1031212873638785e-8,2.960139575989412e-5,-1.1520548795511716e-6,-1.7653291888250265e-6,0.00022479894913912302,5.739212985292139e-6,-0.0004285277140558735,-4.5872426495292067e-7,-2.0266046135528275e-7,-9.332510482884721e-7,-1.866099742993465e-5,7.344554600209023e-5,-0.0015762105617554833,0.0005011585594535659,-3.1250474956034074e-8,-0.001075905051497822,-0.00022804306612426826,0.00041819258785486826,-5.374280594771422e-5,0.00020538119199417447,2.3425093541125197e-6,-0.006495694202637569,0.028535300129235296,0.0007093570665660185,-3.4038217548533885e-6,0.009540795368450318,-3.6190383497433235e-8,-3.4371290901481126e-5,0.0013828905127247879,-0.0001619101659246235,0.001334381289914468,-2.2485481129359042e-7,1.1033530196097639e-5,-1.6897055096188076e-7,-8.03804311888708e-7,1.2455644048328499e-8,-8.495566222071547e-5,-0.002031887096334819,-0.018946153327511435,-0.0002820220824952734,-5.1759830325831135e-8,-0.0013267964866210777,-5.94079848513502e-5,0.0014301381344271151,-7.582080682182992e-6,-0.00016057704682163342,0.009330404004546764,-0.011916452175815596,-2.5216311171460862e-5,-7.368425481561213e-5,-1.540139551929811e-5,-2.9798357498730063e-5,4.2490850370775505e-6,0.00013986513016603542,-0.0008205810560245201,-0.0040512920041041985,-0.005037078392135074,7.92325888819005e-6,0.0002139601169003237,-0.00729779588354646,0.003979828752573912,-5.23966944044268e-8,1.8226040399251623e-6,-0.00012055675197554641,3.981126356020158e-5,-3.471525179388909e-5,-4.881265212622252e-6,-5.557533466463249e-5,-3.0266571868479e-5,-1.0019377755602446e-7,-0.001171007592853922,-5.979503337635684e-6
0.0,0.0,0.0,0.0,0.0,0.0,0.0,0.0,0.0,0.0,0.0,0.0,0.0,0.0,0.0,0.0,0.0,0.0,0.0,0.0,0.0,0.0,0.0,0.0,0.0,0.0,0.0,0.0,0.0,0.0,0.0,0.0,0.0,0.0,0.0,0.0,0.0,0.0,0.0,0.0,0.0,0.0,0.0,0.0,0.0,0.0,0.0,0.0,0.0,0.0,0.0,0.0,0.0,0.0,0.0,0.0,0.0,0.0,0.0,0.0,0.0,0.0,0.0,0.0,0.0,0.0,0.0,0.0,0.0,0.0,0.0,0.0,0.0,0.0,0.0,0.0,0.0,0.0,0.0,0.0,0.0,0.0,0.0,0.0,0.0,0.0,0.0,0.0,0.0,0.0,0.0,0.0,0.0,0.0,0.0,0.0,0.0,0.0,0.0,0.0,0.0,0.0,0.0,0.0,0.0,0.0,0.0,0.0,0.0,0.0,0.0,0.0,0.0,0.0,0.0,0.0,0.0,0.0,0.0,0.0,0.0,0.0,0.0,0.0,0.0,0.0,0.0,0.0,0.0,0.0,0.0,0.0,0.0,0.0,0.0,0.0,0.0,0.0,0.0,0.0,0.0,0.0,0.0,0.0,0.0,0.0,0.0,0.0,0.0,0.0,0.0,0.234328829739511,0.0006927721235684094,-0.00023871918051227917,-4.797607222247714e-8,-1.380118559004602e-7,-4.1807323086379605e-5,-1.7492704489522074e-6,-2.0910697776075595e-8,-3.173638621041267e-10,0.024640247636088436,1.0774939712582872e-12,-0.05009327457516306,0.06900362870789696,2.5689824104698216e-8,1.9726766625518195e-6,0.0006727219194301132,-0.00016642718649549068,3.611434653994707e-10,3.5257921049741005e-11,-0.005387849402591925,1.406636439523671e-12,1.2372092810325354e-8,4.883332381205077e-10,-1.3668539775597657e-9,0.0002883699270409214,1.5434803828141987e-6,0.016594689701085238,-0.05861239859166742,-3.970808528073295e-11,-4.839693334537742e-6,5.6367053972682414e-5,-0.003580398532072265,-1.9003458026359313e-8,1.3619433016985963e-9,3.882400631100278e-7,-0.0004832250605584356,-4.143631746235631e-9,0.006328148716717527,-3.289888363100021e-9,1.7328322178967737e-6,0.012208919485098895,-1.0345554146666772e-9,-2.999477837057353e-6,0.0006445979596162476,4.580866878061413e-12,2.3598236482336785e-7,0.0001886388493684705,-0.017385912278544427,1.103918776332479e-8,1.3135346705596757e-10,-0.00017437234643891152,-1.6705222068097042e-5,-8.888488501532404e-7,-4.765360228228895e-8,7.491077947030535e-7,5.053601156570651e-12,-0.00010438288240553894,-0.01617012131346265,-9.101634968324269e-7,-3.2531563880442306e-10,0.1427747143322226,6.366286742217765e-11,-7.423550293684152e-7,-6.6626143662810736e-9,0.010111006304348576,-3.9764346254992296e-8,-0.011181052722624268,0.0004934762557891133,-1.3347042866472027e-9,-2.2809692766513346e-10,-1.0177149973489287e-8,-5.787481970994435e-6,0.0026507344776335157,-1.1660492123422645e-11,3.096785188797529e-12,0.004590089988399304,0.0003222188799492771,-1.6235773655310525e-8,-0.00012158027320936573,3.026344413641721e-11,7.138122475791115e-7,2.839659294558938e-10,-8.761211552454263e-6,3.3709153881539945e-8,2.9017210960949804e-10,0.03325691207392242,-0.008814445179137964,-1.966610144756576e-8,-2.4167474894658706e-9,-0.00154588543407085,2.5360698022210306e-11,0.005554821347626894,5.336312516454416e-6,-0.037127457956174864,8.324272896222124e-12,0.00016986692333621908,-3.92934416632724e-11,4.500396911100133e-5,-5.933156024242847e-8,0.01724159057745247,-0.00039312809061269586,-0.010281626566184055,-1.6946982861238248e-9,-0.008045474641390923,1.8908488087960759e-10,-1.817256624807085e-5,-7.425973397270447e-5,1.170487713975879e-9,-3.19891838448507e-8,0.009663137717644408,5.638700450224584e-6,-5.646774717944411e-8,-2.6817664112139364e-7,-1.4637007611825676e-11,-0.08775369512582541,-1.9818400503344795e-11,1.1931771340479275e-10,7.364475251665314e-10,2.1332893310264609e-7,-0.00043380068172690667,0.033122080284481395,-1.610908769384396e-7,6.055342393965519e-12,2.162797740512639e-11,2.7219872085120358e-6,-0.012870935600698,1.596711718657426e-9,-3.1831063374397148e-6,-1.0043098994165326e-10,-1.2811642124069509e-8,-3.0316041035842754e-6,-1.2548625838874729e-9,0.036407857328164865,-1.1000348555104402e-5,-2.1499510563185363e-7,1.9261326736735915e-11,0.00013230147877422093,-4.608429215933398e-11,0.0010394937800365367,1.2754033818174836e-9,0.014899318084132423,-2.061389483428778e-9,3.291745502917727e-11,0.00046206862444862247,1.875731048201166e-8,-1.6338225224562374e-5,7.316666960949854e-5,0.000844488919253801,1.7184128951474365e-11,0.004059293671613793,0.034891549163297154,5.914346735678216e-7,7.400623470977248e-12,1.1884401323531581e-7,3.331502472289262e-5,6.208944514870816e-5,2.6136146899710954e-6,-5.420421362464342e-9,-1.6851058812365283e-8,0.003902169483989169,-6.106558824884793e-6,0.013227749349232229,-4.612206316330071e-12,0.004379287615555409,-4.9145181197163015e-8,-5.139212841072433e-10,-1.1632598628042649e-10,8.410053595504521e-9,0.09651831577504169,5.1617467599538954e-6,-2.098254826553089e-7,-0.00022180270291475188,-1.7151283644138146e-9,-0.003853549599855888,-3.19456353835437e-6,1.3429660313528406e-8,0.00011349357069713815,3.1365325673687013e-11,-0.06880331709880268,-1.7270067127546152e-10,-1.0937976359021495e-5,1.4613289306989917e-6,1.406364219754626e-12,-0.00035906802583404436,0.01709548149378644,-1.6999495315693392e-7,1.0220827154289949e-10,0.0003545088779230922,5.962225852140982e-12,3.4653933294501024e-10,2.2393932068065946e-6,2.14079629435912e-8,0.009952553510802502,-8.009916498146008e-11,-9.485918400552384e-8,0.001227669939761767,8.491102616021813e-5,-1.6743773019591737e-9,-1.5935468902117618e-11,0.0003953689455828283,5.154407322353685e-7,-2.7418373944833896e-11,1.3016601130297194e-10,1.544764886426513e-8,-8.142671274823551e-6,-0.00014921689190950396,2.8250774336871558e-9,-5.135942279415642e-9,3.4289285331657136e-7,5.644284353318113e-11,-6.77264150405545e-10,-4.2112021889919935e-10,0.0001907626241377911,0.00011932975778060963,0.0004925572681296514,0.010540862506048123,9.004270792637063e-9,2.6224381190088225e-8,3.557186305976709e-12,2.3122043058897724e-6,-7.526180667916243e-12,-0.0016535667467420419,6.893585380236174e-10,1.7417626715352473e-6,-3.1722390637844566e-10,-2.6202958198093655e-11,-1.7148822779924798e-9,-1.0644345101834238e-11,1.774576960772842e-10,0.059100498501219845,7.218459644356755e-12,1.9906585284854357e-11,2.585400399813768e-7,-1.4731941529845239e-5,-5.765625174307959e-9,-1.1855960523655644e-6,0.0037032556281551498,-8.781705481674197e-8,-2.759215550884596e-7,-3.4234687024081105e-8,-1.6689780846668675e-5,3.1975964890529144e-8,-0.022691156725315225,-0.0034223456212912774,-3.1288582890933984e-7,0.0019224724963469895,-0.0019287171268635667,3.977655461715759e-9,1.1800999070013508e-10,-1.3978816180735097e-11,0.02982785989665413,-2.5227969866119303e-9,0.012427786877265142,5.827467819017209e-12,0.0006028942264909197,1.141753214914054e-6,0.05458977568220477,-6.969211558760645e-7,-6.060508648088602e-13,2.1580040969985915e-11,7.162218090117318e-12,1.5739169617376817e-11,9.50620974586735e-12,0.00014230322550122754,3.091757121269122e-9,-1.9182255707313983e-9,3.5107172232003883e-7,-8.719197238379926e-10,-7.272632531457973e-10,-9.695702751499046e-9,0.10697099054542478,-5.5384145905659906e-9,1.4446094635249136e-5,-2.993802863834764e-6,-2.323249605665287e-11,0.00011270289947652082,-3.743327063270459e-11,0.006289706963736006,-2.055959250090574e-11,1.2920732118166418e-11,2.1428194240322203e-9,0.005800825323282853,7.395106217971364e-11,7.268167975052307e-5,-0.020953724224217048,2.265009790643848e-11,0.007185238049444513,-3.595011988286771e-5,0.031563997439175435,8.828340995845852e-9,1.354924140515393e-11,1.1098753774971196e-10,1.1413900609326162e-7,6.924802497367072e-12,-3.9308941426453595e-6,7.887127226436835e-12,-0.00012447236198689698,2.989229665899931e-11,2.910982890285678e-10,-9.609654499462992e-11,0.1672146434986137,-0.03781544508501734,-2.3699484923081617e-5,1.208104363913105e-6,-2.4182517709449264e-8,-2.6210645224208394e-5,-9.249186833972506e-11,0.13661579217988531,3.6649267795151537e-9,1.891537550643478e-10,7.9304760831837e-10,6.950709466834101e-5,1.1232533176626716e-11,0.054985336728456,3.5340869624844347e-7,-0.005231781599641591,-1.1767293998699849e-11,8.493728757940987e-12,1.4426677697367965e-11,-0.05157581500660088,1.6105341980299136e-11,3.04490805819084e-11,1.8574433522886092e-10,-4.879329160072805e-10,0.14727486120763222,4.5363025716077565e-6,0.00025470775655599506,-5.348931308622516e-11,1.704422605134407e-11,2.397144743298795e-11,-3.903191588633542e-6,4.2333775322309397e-10,-0.03165348746697296,1.0824968842743016e-5,-1.932880820494201e-6,1.3640701244030367e-10,0.0010461546875866604,-6.070742839944201e-5,-4.986560286264608e-10,6.905562408222771e-10,3.346305305166176e-7,7.459569977853544e-8,-8.160557529747483e-7,-4.852334461383111e-8,0.0005276090242563306,-0.0013074580438953735,-1.2883378285088797e-11,6.79478245178011e-10,0.0026540740746730227,-3.1212554063776435e-7,-9.275250707296587e-11,8.555654333022642e-8,-6.385370297976267e-6,-3.306788917325667e-8,-0.0007048094066992227,1.1111329820475435e-5,9.136305215783077e-5,-1.7587869133871136e-6,1.9114148539918e-12,-6.322394013637248e-6,-6.322516763951333e-8,-0.0014866873145264207,0.049552912214788775,7.009355422208646e-7,2.799983705500674e-11,0.1680852867189222,-0.004302339718700558,-0.0017660582442312416,0.0003198003689793813,-1.8882617066429268e-5,-3.965200054424319e-11,-8.749162691918207e-10,-8.561717148535394e-5,-7.424776883610186e-9,-0.0002595050496356192,0.005971054438796846,0.005608470899458715,0.0003894083031866474,-1.0628555138475927e-7,0.05123203007955524,0.00638211785956624,-2.9893793902984046e-8,8.754503824897785e-13,4.918816664207362e-9,1.3763739609480457e-6,-0.002131268425676431,1.5313205701682264e-5,0.0006271237107116083,5.744880252865882e-7,-0.008805547807826681,-1.112727492093559e-9,-1.0830161433573464e-9,0.0030306518409832987,1.597816616737268e-6,0.0005844353826793121,-0.0064072238460981335,0.00027278677296656056,-4.039199485092772e-12,-0.00019562018873335612,3.85819267608207e-9,-6.028942529911577e-8,0.004315478082348554,0.015744595122298238,7.026442279267372e-5,0.029692068437579402,-2.4743417201012647e-7,4.767718480732411e-11,-0.0424346333787721,-3.441181167963745e-10,1.8574171463478654e-10,-0.010849622913605413,4.002119875589085e-11,-5.366504843510596e-7,-0.0003156845524516531,1.4593014038956826e-5,2.2975246404697456e-11,5.037478864513482e-9,-1.088223483984965e-6,0.029984931400212644,-4.987462348048359e-11,8.908854025792789e-11,0.03536843622090806,8.225218552280936e-11,4.296093782042381e-6,-3.64683444858319e-8,6.322093347431651e-7,1.6746154002738606e-6,4.222300399820169e-5,0.0013551504063586013,7.686587669483964e-5,9.776708375288105e-9,-7.334301434173911e-9,0.0001719548454253835,-0.00028281901905410906,0.0005124949076885932,-1.6262208940654121e-12,-1.0445880127102598e-9,-0.03668791366164246,0.024653103816458972,5.004275433885272e-6,0.08113550136302546,-0.0005057394381258285,4.5645220805451425e-6,1.1245310399141642e-6,-8.915013102526213e-7,-1.552578833950027e-5,2.0524498032894017e-10,-1.584642561157998e-7,-0.0060440575487285845,1.0058715008267493e-12,-1.9320697937150043e-6,1.03030180324182e-7,-1.200754425717762e-9,-9.505696636321832e-9,0.10863234930737738,0.0021591606263721263,9.154225722487099e-12,2.5234224838418784e-11,2.985345395209055e-13,-4.449057129425443e-6,-0.0005248385030376841,0.00038789513361224575,-1.0446761610858853e-9,-2.694912438515404e-8,7.314091249051332e-12,-5.923670660903349e-9,-7.089491229094238e-10,0.00021056055905368035,-4.575430639073518e-12,-3.5730076962023334e-5,-8.169854813013467e-7,5.044005116825247e-7,-8.437101265597132e-10,4.8559081267194614e-5,0.0004964623857385593,-1.1293745241158942e-5,-2.1592440792269292e-12,0.051279519404756564,1.3796732535889213e-9,0.0035685243871671547,-2.381054892141872e-9,-0.003940426888914964,0.00950133822845142,-1.4383147392224626e-9,2.6642829310408385e-6,1.7271802254208948e-9,-1.0627437823717688e-9,-8.564644153917897e-9,-7.677206050692886e-8,0.000791833851749828,-9.126996679364706e-12,2.1284557365119426e-10,-4.366617654168098e-7,-2.7787103096670486e-8,4.346669632807037e-10,-1.8398174091489706e-8,1.481304053979677e-11,8.317345442880268e-5,-6.804750577508032e-8,0.005385539088069824,2.021465344808797e-6,2.7719070884557956e-11,-0.009214311467345502,3.1197139856856446e-10,-4.304252002119659e-12,1.8231162294783022e-7,0.004188103469275427,0.0044161397299438375,2.2751522156986968e-10,-3.9245644762313044e-10,-0.00018642447258216514,0.006429504761760066,0.0007611503702179545,5.867330350642239e-5,1.0100416517741395e-6,8.946070257970292e-11,-3.0984019854069454e-7,-1.5976153125220273e-10,0.0630791416877939,-1.628118789270121e-7,8.289364070026593e-6,-7.829264379359756e-6,9.227313125734082e-12,-1.5892457349476583e-7,0.000693970433830077,7.104803221831964e-6,-6.832082200705074e-8,-1.5595177015863817e-8,-0.0009364522455756809,-1.8713208028175965e-11,-7.76592566044698e-10,0.00034189391736790355,-6.607400206530757e-7,1.4383286103683004e-6,-5.618851314933565e-6,0.0067481857100507026,6.0739071565624875e-9,5.188601599032788e-7,3.6517837189012496e-12,-1.5121369553665132e-10,6.403824910491922e-8,-1.0208214690676637e-11,-4.272344714374212e-6,-0.0014802664355083044,-0.040257256423246145,2.0778603895724566e-8,-1.4474246823940558e-8,-2.437024274791978e-10,4.067497312176546e-13,0.0017309567325532922,-5.774052769113969e-7,-0.02448405445975629,4.259255131657473e-5,-9.500071447115434e-5,0.006382308719193396,-1.0409395052665008e-10,0.0006294420901727213,-3.885753191713271e-9,-3.5562680836585063e-8,8.677671699679324e-11,0.006110058756646046,1.2016756818082597e-10,-7.788632946966488e-7,3.392387571253946e-9,9.226007714446608e-12,5.2539012458230774e-11,-4.867302131886862e-6,1.8751723068898953e-6,0.16747928447819402,-0.023385840935586353,0.07076211983411274,-2.040754706037114e-9,-0.029669501373898493,-1.8538344131265487e-8,6.755181538186175e-10,1.4734087850146416e-9,-5.090877337160079e-12,1.8561021136902904e-8,7.128745192916802e-11,-8.236453393325751e-5,-8.418169021190278e-9,-2.354567224851895e-9,-2.175130695444378e-7,1.3483130610156835e-10,5.458933383579937e-11,-1.0326454056243096e-10,0.14339957003802156,8.526897263667183e-9,0.00019973045231992673,2.1462916852743083e-7,1.121583132028389e-12,-2.6503235120598572e-5,0.0006420430960224006,4.8362053216252155e-9,0.04507617563896199,-1.03664405750189e-8,-8.790647184770154e-10,-0.00011674083590732019,1.1863527862120845e-8,-6.2741249275971516e-6,8.068563285804248e-10,2.4454305285444385e-7,3.333703287374837e-11,0.01363221448008308,-2.109738707179396e-6,-5.667891811421974e-8,-0.00027504339038561754,7.639510203125108e-11,0.0014931959992507621,1.2360837454744563e-10,-1.683566547916836e-10,4.249391811898201e-12,0.0005645651632087086,3.567949076044133e-5,-1.251082377141288e-6,-2.749814084823124e-6,4.47990501211058e-12,0.0002030763720753021,-0.003446839320584193,1.1305932236753208e-7,3.3488790760606875e-10,0.0015340760557893776,-3.078086773959679e-7,-1.7891343061579427e-6,5.139391393206663e-9,9.73610928766942e-10,0.014690744908974724,0.11634478121953301,1.3069668118991117e-10,2.3157838324799792e-9,-2.3061502879566246e-7,-0.00011454266388070315,-5.859664153069696e-7,4.0168689891661196e-10,-1.7547950696517502e-8,-0.0002126319284443291,-2.875134433571707e-5,-3.172142692585791e-11,-2.107731418232261e-10,6.8261756874865126e-9,-1.7852167787005287e-9,5.3793788318897024e-9,3.3828566962519965e-9,0.0012428520567320145,-0.019165898301123693,-1.2361935866950578e-11,-7.05710103529795e-8,0.031326801290897835
0.0,0.0,0.0,0.0,0.0,0.0,0.0,0.0,0.0,0.0,0.0,0.0,0.0,0.0,0.0,0.0,0.0,0.0,0.0,0.0,0.0,0.0,0.0,0.0,0.0,0.0,0.0,0.0,0.0,0.0,0.0,0.0,0.0,0.0,0.0,0.0,0.0,0.0,0.0,0.0,0.0,0.0,0.0,0.0,0.0,0.0,0.0,0.0,0.0,0.0,0.0,0.0,0.0,0.0,0.0,0.0,0.0,0.0,0.0,0.0,0.0,0.0,0.0,0.0,0.0,0.0,0.0,0.0,0.0,0.0,0.0,0.0,0.0,0.0,0.0,0.0,0.0,0.0,0.0,0.0,0.0,0.0,0.0,0.0,0.0,0.0,0.0,0.0,0.0,0.0,0.0,0.0,0.0,0.0,0.0,0.0,0.0,0.0,0.0,0.0,0.0,0.0,0.0,0.0,0.0,0.0,0.0,0.0,0.0,0.0,0.0,0.0,0.0,0.0,0.0,0.0,0.0,0.0,0.0,0.0,0.0,0.0,0.0,0.0,0.0,0.0,0.0,0.0,0.0,0.0,0.0,0.0,0.0,0.0,0.0,0.0,0.0,0.0,0.0,0.0,0.0,0.0,0.0,0.0,0.0,0.0,0.0,0.0,0.0,0.0,0.0,0.0,0.23416200392033873,-0.02096462651752394,-8.7538188572691e-6,-5.107718030898283e-6,0.0014626825572810643,-0.0003143709485771656,-6.907039131783198e-6,-1.1790202041774067e-8,0.0037640880045416592,1.1285657511027596e-9,0.0002501413123950261,0.00021853614099398076,2.579917496349963e-6,0.00024283588049389907,0.005360059726124329,-0.013363245390033345,6.130382205788616e-8,1.0702813568694676e-9,0.0025821351697506356,-2.429904396005755e-9,4.902656532018362e-6,5.293778414627724e-8,-2.403965915311224e-7,0.00048219881377483466,0.00012727170773912434,-0.0001766687860712317,0.0002400491973004207,-1.4517013740456775e-9,-0.00016893753127966555,0.01538391204268888,0.006769073007982525,-1.3108475194042045e-6,3.094404325607381e-7,5.7762864266219315e-5,-0.01998995818541376,-8.425825772023482e-7,0.008472780476183321,1.06546311314809e-6,-1.0912572158345702e-5,0.0025519975938456917,1.8494454946120192e-7,0.0019516925971409629,0.010423029543571738,2.5114677240305707e-9,3.896818400946573e-5,0.0473951082672163,-0.0010550399865025917,1.0950051854236443e-6,1.1528478829912224e-8,0.08793024913743118,-0.001812573183660522,-7.292001434642592e-5,-1.76699838658798e-6,0.00013843380781719257,9.434703676266867e-10,-0.03503050844852043,-0.00042155545429010006,-0.0003939054759481207,-1.581840777621422e-7,-0.00037933863722326055,5.694710039476875e-10,-5.141527516207525e-5,-1.4427972348095679e-5,-0.0012741638428091086,-4.192417045475247e-5,-0.00035497516497054335,0.0023058315966390307,-1.587112063216713e-7,-8.964379864782602e-8,-8.611703705592304e-7,-0.0002996655324115143,0.021944200176462925,-6.906061527934166e-10,8.911170308957564e-10,-9.774504555809532e-5,0.0862840090607248,-1.6566845469705359e-6,-0.005264092740476716,2.7727792755935317e-9,-0.00012172061434484088,2.461381459353451e-8,-0.002158593343231113,-7.271644545014633e-5,5.368528016619034e-8,-9.316282904933352e-5,-1.1718078768370937e-5,-4.664309190649826e-6,5.415674175820687e-7,-0.04234184953952085,-9.86062506796699e-9,-0.004118192228360909,0.0004940749593949919,2.60699910616066e-5,-5.942150228576137e-11,-0.011592325362150144,-5.475730876377371e-9,0.003547514688447521,-2.486768953147999e-6,0.005433760897963758,-0.005114005946950026,6.290539332529144e-5,-8.495624094401289e-7,-0.0037664829661688396,8.423153510002867e-8,-0.027286049107461987,-0.011535582031048265,-6.31764580591407e-7,-3.0533683890160545e-6,0.001574481998546457,0.00036146901499922783,-9.231079156651042e-6,-2.3387216947786296e-5,1.776881554279767e-9,0.00035700361536263677,-4.319047878271656e-10,-1.100515712719992e-8,6.545332746276274e-8,-0.0003024389574036154,-0.054494935671907135,-0.000260955641766398,6.164434497214392e-5,-9.264578502336964e-9,2.036486743947341e-9,0.00033606830904219995,-0.0008439076193746209,4.039862503587372e-7,-8.52722879958599e-5,-8.776532738456515e-9,-6.771691498673052e-6,-0.0006282950995651927,-2.652383196334214e-7,-0.0003611541810160598,-0.0033058894022688586,-5.391763848092518e-5,-1.716515220601292e-8,-0.03153261246286084,-4.2722271883656444e-10,-0.0011329297884316435,-2.2165179926244555e-6,-0.00040067345641190126,-3.139085781930262e-7,-6.590315663500528e-9,0.10746959554876213,1.6011240424959814e-5,-0.005496507248325306,-0.0023011131426976207,-0.023605610637202287,2.3026789180422723e-9,-8.500806183661092e-6,0.0037433850315917432,6.921930826888457e-5,-7.048771361414872e-10,0.00028787359866239013,0.004348041371943376,0.0021582307147492846,0.0004016045104804109,-3.7831620284793213e-7,-3.0273518265156978e-6,-0.001056670293718128,0.008084144448323425,0.0003080232253872885,3.5223242804014645e-10,0.0009181815943913193,5.98651409632378e-6,0.0019788976450420812,-5.048856777775262e-8,2.7345967765037904e-6,0.00020417745008212133,0.001677776070471223,-4.040521781072564e-5,-0.011868032191693667,-1.48215223900673e-7,-0.017013003061316145,-0.00023266668594633575,1.9573439799619963e-6,0.07716144544351354,2.3662700340476117e-9,0.0003147313741703956,-9.128863507998828e-10,0.0003903096143432721,0.00016667985108803437,-1.2625234716274684e-9,-0.020199876767090067,0.0035937875436090247,-1.8504045028898593e-5,-8.935309902917737e-8,-0.019119857070072382,-1.1224200642287214e-9,6.882601967280431e-7,8.512868006910906e-5,1.0746997601755436e-5,-0.0005711312037027098,-3.89717068135568e-9,-2.4430975898592633e-6,0.0013809411224536,0.02576865707697273,1.3319362067157094e-7,1.5813650653117246e-9,0.04942612376077457,4.0690194277094634e-5,-4.930079764513636e-7,1.932790910471737e-8,8.485035907769394e-7,-0.0008321375925863294,-0.006907050677847378,6.047801688150915e-6,-8.155257758283944e-7,-0.00012753111908903292,1.3412780168933284e-9,-2.494921432997399e-7,-7.392786971012284e-8,0.04848611483100279,0.00419479828308612,0.017457562821500027,-0.0006556246403654903,7.028073367034794e-6,1.5531174979385552e-5,1.6366228187907231e-10,0.0018994361351714886,6.0894892844210115e-9,-0.054079388549948766,1.1067749200633061e-7,-0.0002113887215221264,-1.8866645442311658e-7,8.498631741664119e-9,1.9857952322791665e-7,-1.4360851720618322e-9,5.521043631771399e-7,-5.3232804274877533e-5,-1.822970141481793e-9,2.6427602293413536e-10,5.025025950539473e-5,0.0989471412680971,8.08773643601819e-6,0.0004696563505869998,-0.00035658202180101687,1.3141345995499505e-5,-2.487420125963149e-5,-3.1400222550981283e-6,0.0023240376667548295,8.63719130380938e-5,-8.626017198283939e-5,0.0004976354335079679,1.0781202555988674e-5,0.003083937128430115,3.327000390517209e-5,4.024963947418628e-7,-1.1538652728284703e-8,-2.49235754795217e-9,2.136494779808015e-5,-2.5147766600623435e-7,-0.00014359228094750902,-4.397295344339357e-10,0.003328345147845037,-1.1385404285269075e-6,-0.00018702944286158422,-0.0002336658289048908,-5.78174248988176e-10,6.372045878093406e-12,-5.456922522672438e-10,1.161348134013371e-9,-3.7757052175169516e-10,0.005801436276946484,-1.4437463339178486e-7,2.4199885612785656e-7,-0.0005039515757056379,-9.54184644078082e-8,-8.327618652917142e-8,-5.226821487834866e-7,-0.00027740836459918535,-1.3538387905514574e-5,0.0011779100133696328,-0.00039419419234713,2.0253545949084388e-8,0.006563177788974179,4.406390598471608e-8,-0.00017747233580663253,-3.4102508969767646e-9,3.497749019788998e-9,3.684520733439969e-7,-1.1001535876808126e-5,4.834899599781236e-8,0.02048966795585105,5.220974395745255e-5,-7.499372238524374e-11,-0.0011087247456233055,0.002994084303087064,0.00458593011695363,-7.767952598787403e-7,-4.521541762675192e-9,-2.6515351807658094e-9,-2.339374043050365e-5,-2.5569908730966003e-10,0.0004131672212272961,1.8180009117249932e-9,0.09815328364304104,-1.2179811100600248e-8,1.4588042959152804e-8,-7.668056023962341e-8,-5.9752615702092744e-5,0.0001603026615015392,0.015374435387567038,0.0002380280839954706,-1.82806346515452e-7,-0.025843999222556546,3.793319073745048e-10,0.00026581654939633576,3.530167327238919e-6,-1.585004723265134e-8,2.4151476982817057e-7,0.048165974635272536,6.756334737319269e-12,0.0007306371896454322,-9.028914635406856e-5,-0.0001387665254868623,7.179822580233097e-11,8.599243760062513e-11,3.0139182283376913e-9,-0.001100326543154897,3.973362106436553e-9,-2.481233033338675e-9,2.486312832800383e-8,1.169845662014379e-7,4.8697523998195615e-5,0.0024745735187615813,-0.03175997197430178,-3.4928095577470443e-9,-1.6921409655143407e-9,2.8877787480621906e-9,-0.0012133824282889872,5.208067767851616e-8,0.00018015007273884537,0.0003376806806250362,-0.00023630409185406933,2.2087652085400956e-8,0.007847361642583688,-0.008990635623113604,-9.457865543694616e-8,5.043836471788622e-9,-0.0001280331749240729,-0.00046232885205541225,-3.1773649550987144e-5,-5.870263370735423e-6,-0.024056342698004142,0.011859341150774987,-3.7116147822539555e-9,2.0767850051340528e-7,-0.001562253465007364,-5.509889494094597e-5,-6.442448514389664e-8,1.6412158698529386e-5,-0.002300042753459895,2.767502758176482e-6,-0.023088285683600804,-0.004564398836741043,0.029563401992422893,0.000527684831417658,-1.4739833704498364e-9,-0.00020703635617736645,2.7263511575332187e-6,0.005141090081373957,0.00013867465133974064,5.586928358189099e-5,-4.3047826677872144e-10,-0.0002470615553631568,0.0018639307445526792,-0.0029890867991590672,0.010541761765560015,0.000951266967473302,-1.511751047716218e-8,-4.3374630111446624e-8,-0.008209748087559119,-7.239884869259755e-6,-0.01301260535689756,-0.003509061751741942,0.00014182105853226726,0.08381567875661983,-3.488333764076487e-5,2.7103900517911827e-5,0.0013404144198391297,-7.858268414791956e-6,5.100410634072354e-9,-2.692427549142023e-6,-0.00023657727235047775,-0.04082774175955239,-0.0007953405950793208,0.003663284259839438,7.598243262547928e-5,-0.0008088594850615303,-1.1683207444052642e-6,-1.0972814300669072e-6,0.012622300700478714,0.00016513245568801466,0.0030543282474777456,-3.4952123033874376e-5,-0.022127194803383907,-1.1415962655497604e-9,-0.00014220257273810663,3.167612145152563e-7,-2.851685713267832e-5,-0.0020604028147110675,0.003259578317099363,-0.0011878918967868524,0.0061527654817934594,-0.0001225363846187971,-3.960896234626002e-9,0.00012951097409647633,-4.7876419556555494e-8,3.178356265899911e-9,0.000272339903415217,3.556289823645991e-9,-7.597517001294711e-5,-0.018318743975229042,0.0018371340201225942,1.8418547275393225e-9,2.6412618456637185e-6,3.110295945858538e-5,0.007640988602105086,-3.906000233630797e-9,1.6836501597039895e-8,0.0024252616857893708,-1.3078232252002676e-7,0.0009864261105500484,-1.1296546212771072e-5,0.00010458558962178529,0.00013022369831527207,0.004491263950086686,-0.01612529400893905,0.003967034001640377,9.477760247414734e-7,-5.938645825383868e-6,-0.020354277209303464,0.031677460700897275,0.017803513916624072,2.778206547630741e-10,-1.462959372311467e-7,2.4699575733638225e-6,0.0015722943265621312,0.0023610147760158703,-0.00023985286612356946,-0.04483958767208189,0.0009394298120788411,-3.9467711937734806e-5,0.0037648995529261944,-0.0016878758203560762,-7.495498387792224e-9,7.272823771184002e-5,-3.1270322165701204e-5,-8.289214113836229e-12,-6.469031212781366e-5,-1.4167300443608985e-5,-9.425257150475638e-7,-4.2371161796045713e-7,-0.0005941740990998142,-3.3324645000812273e-6,-4.4973180464943586e-11,-1.468090947457182e-10,-1.0747290804480818e-9,-2.824760076930802e-5,-0.0008648936880229387,0.006964660565557555,-3.1035912275455954e-8,-7.52043356872762e-6,5.67306815416344e-10,6.2674615747123e-7,-1.3048639509991438e-8,-0.010252361100741972,-3.684956894411562e-10,0.0005767027508018994,-9.337545452982504e-5,7.404720203165407e-5,1.4537355128792295e-8,0.006475840309495473,0.06070585736933826,0.0006197407507503825,8.013021835451893e-10,-0.0001894584138565623,2.2080571164824965e-7,0.007316718504284032,-1.482885122054592e-7,0.006909854026509839,-0.000127668224739079,-2.1694466958612134e-7,0.00014865120686133795,1.4159705651124165e-7,2.270146563045919e-7,2.266060067846086e-5,2.974067933202257e-6,0.00871547449083649,-2.002932862703455e-9,3.399480756428655e-8,0.0004274924358005598,-4.456013837898905e-6,8.33873427979759e-8,1.1705984846452082e-6,-3.773390569334266e-7,0.026080539146645168,-4.45962779002043e-6,-0.0012092005182093807,0.00012620689649741305,1.5249314423010506e-9,-0.00038446151421913315,5.800091744421591e-8,-7.346611554325264e-11,1.708038844508796e-5,-0.0006791906044284364,0.004905660693630027,2.7669101529304533e-8,-3.559200959846092e-8,-0.014723149080959279,0.0056039907288584385,-0.0030663380326016823,-0.02083471043410482,0.0002724541125857749,3.7521018703986005e-8,-4.0992745162498285e-5,-3.473424353467135e-8,0.0004292113062117552,-5.444075319150658e-5,-0.0007165380003397921,0.0023068104110493502,-8.454833814161714e-9,-9.718529042923985e-6,-0.019053317993460998,0.0007500194932235382,-2.2692617626618894e-6,-5.255405689362258e-6,-0.0034364397581659813,4.564014509111968e-9,-8.322813881177373e-8,0.07180591167841052,0.0001333909707749411,-0.00013487535110911006,-0.0018840710677403975,-0.000167042195978791,2.1891421098645836e-6,-7.115546696692791e-5,4.210579287656328e-10,-7.22725243537555e-10,5.538858623605839e-6,-1.2128883895586224e-9,-0.0001226505949327878,-0.0014128410345355176,0.0003105984222009366,2.099133840002826e-6,-6.9236228884828775e-6,-4.080538736236885e-8,-4.0364136234136453e-10,0.026983222106365508,-6.894797256122325e-5,-0.00012061295361307836,0.007365548549690819,-0.009575324883210673,-0.0028545693724489076,-4.906690876030581e-8,0.17904111158022862,1.0449944344835116e-8,-3.4190295844582456e-6,-9.102864997290609e-8,-6.60469598261704e-5,-8.28388790758518e-9,-0.00037333796949368337,1.7685702853428207e-6,1.7057514882160026e-10,5.4491147203479274e-9,-0.0006034768260119128,0.00035409440311695876,0.00019049281620727612,0.0001026350363612127,-8.748625146517118e-5,1.7495912164693183e-7,-0.0012313432725113743,-3.349077420104146e-6,1.139367845866437e-7,-1.0004588556890968e-6,-2.2105213954419008e-10,-3.334937482431154e-5,1.7946504924340787e-8,1.9730434530831445e-5,1.5185236571808357e-7,-9.015289527645341e-7,-5.507918836313967e-5,1.5631654619548465e-8,-2.253404596856746e-10,-4.111205800379936e-9,0.00015477083103156253,8.309580851885078e-7,0.026561280645402696,3.4635002135882e-5,-2.264579572451909e-9,-0.0018190498622896725,-9.600043855516345e-6,-8.025877458780467e-6,-0.0006598877085071994,-2.803303078102209e-6,-1.9239753446514523e-7,-0.025728869780051948,-0.0002889656719793911,-0.0002762736890002683,1.5209918690212016e-7,-0.000250025765482339,2.828186156753455e-9,0.003460965881352064,-0.00010585249894538052,-4.3405563751024675e-6,-0.004436890836804955,5.075824228613189e-9,-0.0036822263092590518,1.0083277510021347e-8,-3.4696206944681975e-9,-7.389790014496793e-10,-0.01166003522267549,0.00522428744212908,7.77941624823629e-5,-0.00034467659899297727,-1.8525375695153603e-9,-0.004202753531954443,0.0001604890283418372,3.824962938229972e-5,2.3247288724759158e-7,0.007091809505509451,3.7888640877331185e-5,-0.00011246131585678474,-1.4456858281061375e-7,1.89476170285513e-7,0.0018804591343608628,-0.00015824886613136072,-3.432476074991122e-8,3.7434553791592984e-6,-3.251098551649896e-5,-0.03633163418037155,-0.00012652299131391047,8.778328756497969e-8,-3.9962875866451145e-6,-0.028403203668916376,-0.009239107409513463,2.911456587471446e-9,-6.40139134882857e-8,2.2910389858224957e-6,-1.0506435753307847e-6,1.274487818134535e-6,6.583598969121891e-7,-0.00013941488008615066,-0.001085824404097303,-2.735489251035637e-9,-5.7573888147474875e-6,-0.00010580913332592295
0.0,0.0,0.0,0.0,0.0,0.0,0.0,0.0,0.0,0.0,0.0,0.0,0.0,0.0,0.0,0.0,0.0,0.0,0.0,0.0,0.0,0.0,0.0,0.0,0.0,0.0,0.0,0.0,0.0,0.0,0.0,0.0,0.0,0.0,0.0,0.0,0.0,0.0,0.0,0.0,0.0,0.0,0.0,0.0,0.0,0.0,0.0,0.0,0.0,0.0,0.0,0.0,0.0,0.0,0.0,0.0,0.0,0.0,0.0,0.0,0.0,0.0,0.0,0.0,0.0,0.0,0.0,0.0,0.0,0.0,0.0,0.0,0.0,0.0,0.0,0.0,0.0,0.0,0.0,0.0,0.0,0.0,0.0,0.0,0.0,0.0,0.0,0.0,0.0,0.0,0.0,0.0,0.0,0.0,0.0,0.0,0.0,0.0,0.0,0.0,0.0,0.0,0.0,0.0,0.0,0.0,0.0,0.0,0.0,0.0,0.0,0.0,0.0,0.0,0.0,0.0,0.0,0.0,0.0,0.0,0.0,0.0,0.0,0.0,0.0,0.0,0.0,0.0,0.0,0.0,0.0,0.0,0.0,0.0,0.0,0.0,0.0,0.0,0.0,0.0,0.0,0.0,0.0,0.0,0.0,0.0,0.0,0.0,0.0,0.0,0.0,0.0,0.0,0.23216269304492498,1.2528080939910737e-5,-3.274091111775414e-5,0.019066159107249892,-0.00027524679160507645,7.034532915830344e-6,5.570710540124379e-8,-0.00733356543852762,-5.691810576245251e-10,-6.280745113974942e-5,-0.0004641983121356172,-2.2911122193123992e-6,-0.00043205280348989646,-0.038159803436919784,0.03256385975043665,-6.056788096717044e-8,-2.934963660961412e-9,0.013921623755201937,-3.747069439335824e-9,-3.209083873594662e-6,-3.62559660617321e-8,1.8776889283867329e-7,-0.03897428597414212,-6.806616449945969e-5,0.00020887021423277534,0.001101943592185775,-2.4605077481059995e-9,0.0013496411909208973,-0.01490001494263002,0.03623252632699628,-1.9909657450822497e-6,-2.031495646265678e-7,0.00015253181848999195,0.0001597581439626458,8.500581369058911e-7,0.0004896130655157018,1.350956148255379e-6,-9.162009619961131e-5,-0.010625956338261161,-5.4438126241627154e-8,2.6799247167811854e-5,-0.03514201850280459,-1.5188755214075108e-10,3.652736829540332e-5,-0.02049027093554272,-0.00014280199141552814,1.7409391954005777e-7,-2.5819486012883e-8,0.0044746831547517,0.002823032610412605,9.970818971934611e-5,2.0435270493861176e-5,-5.838933898279368e-5,-2.1945969394594485e-9,0.13077776628715446,-0.00014588702197088175,-0.0001868987555438447,2.1539232262534495e-7,-8.241229149017072e-5,-1.4583843848312241e-8,-5.3299726485391734e-5,1.8993177202096857e-5,0.0007497265897117884,3.42347037093578e-5,0.00044278071977551847,-0.009593935629457952,-1.201621830913314e-7,6.6083044984750584e-9,7.4177338315606915e-6,0.0016389497632684385,0.010677552294216094,-7.854293058204145e-10,6.762690594924017e-11,0.0013246429737410362,-0.004188013181503802,-2.305637454622841e-6,0.014603298790642635,-3.070081201461908e-10,1.6624980051338575e-5,-8.841404050245858e-8,7.296621582296533e-5,5.828567962003735e-5,1.772188841038482e-9,0.00012867707665484016,-0.00041135466462096016,1.2625034913969968e-6,1.3250699199392458e-5,0.008559444700494813,1.309521440825596e-9,0.008423547147178896,-0.0010144539688643928,0.0002753866021797567,-1.0746409605381878e-9,-0.06916530246588848,3.892819059074907e-9,0.0009447550098335843,5.3971953621528315e-6,-0.0003541745279348852,0.0667933122946463,6.494371804351372e-5,1.3295279537192436e-6,0.015448478658591029,-6.889223023997028e-8,-0.004116878522556932,0.003492957757660074,-1.6270814097178418e-7,1.2944115843920218e-5,-0.017702977499358223,-4.89031133626771e-5,-3.243898365480832e-5,-5.5851672647947415e-6,2.397944042628689e-9,-0.0001438719044796157,2.6468807004438913e-9,-1.0623291104704309e-8,-1.2277643693788068e-7,-0.0002416543768413119,0.004615759576451146,0.0006743205767073309,-2.0300072509701486e-5,-5.711976582123737e-9,-3.852679248714526e-9,-5.80094161616506e-5,-0.0008012562426652519,6.344498187839464e-8,-7.861898852277642e-5,4.930258518018618e-8,1.4358866885049701e-5,-7.864551322793666e-5,1.5132318459408328e-7,3.972959701620655e-5,-0.0010431396642607488,3.7301404714621836e-5,-6.778819589009087e-10,0.13730383307516159,9.114657218674369e-9,-0.0004402103222471031,-1.308943237456559e-6,0.0007608241190631943,2.0267068179248192e-7,-5.87587419965499e-9,-0.025868466127291212,6.273179592145955e-6,0.0009886434729494524,0.001726394464040138,-0.006187784507176674,-1.65913491689616e-9,9.825110352594924e-7,0.0008523001575524606,8.314087452846299e-6,-9.55699450511926e-10,-0.00044634482484988197,0.0002287652770443185,0.0212617751121746,0.0005037128892976585,1.3797823700520776e-6,-9.10864532409697e-7,-0.0058378812822907165,-2.0092442777879543e-6,-0.0003355719163918581,1.7922320664068817e-10,0.007496683276027411,-1.2918456262065426e-5,0.004894126455638983,4.306235542541458e-8,-1.0996990001958897e-6,-0.00010884756512710338,6.162542599351235e-5,2.477158348526395e-5,-0.012619067899511668,-1.573476024159444e-7,0.0065847248049323735,-2.0442603015565607e-5,-3.057986168566606e-6,-0.03648672965902297,-3.6292372820216133e-9,-0.00023988634990384204,6.560014806307091e-9,0.000893727853226817,-0.0003654124848838314,-1.8179729736991317e-10,0.12599653476895908,-0.008177735242886043,5.9332631492202545e-5,-4.625808650531856e-8,0.11202866554005231,1.9102938666315304e-9,5.253208322262204e-7,-4.6723100936998065e-5,-6.808303291478073e-6,0.0006756650740158957,-5.822511325063563e-9,-2.3332741633828463e-5,-0.0029338585229868406,0.0019739808192882733,-4.326337799981807e-7,1.6630435593693033e-9,0.05450245090819737,-7.150643264271215e-5,2.181288435198372e-7,-5.199279258701904e-9,7.427585245375454e-6,0.001345482328840238,0.0042929205212270324,1.6209660432175843e-5,4.223760012498134e-7,-0.0004096814939017421,-9.39403919236364e-9,2.2219611857565065e-7,5.006034203672837e-8,-0.04046208561690441,-0.02992838015681586,-0.000318227983476543,-0.004055056543402917,-2.2590701774999504e-6,-9.299006370535791e-6,1.1874706166341077e-9,-0.0002617571306486237,1.420505851820369e-9,-0.001976558934691428,-1.3199524938227633e-7,0.00010755550066471454,-9.478613944740059e-8,8.370444548319818e-9,1.130307727630138e-6,2.5527222790067605e-9,-1.2077375349110482e-6,0.00012428073925595232,-1.068678477957787e-9,-1.488822018779301e-9,-5.549503621952121e-6,0.00810760532947139,-1.7056782864197724e-5,-0.00024384600328261575,0.0004436100337062476,-5.450155622952774e-5,1.8859485184381414e-5,3.7555998904088805e-6,-0.0006094375630648143,0.00032827431841840014,0.00025112700248960853,0.0009199518387832978,-1.1318169056250363e-5,0.0025359594339062833,-0.00018566448898424368,8.56988611885956e-7,-1.4134802187319323e-8,-4.028993245075977e-9,-0.00021368921813303099,5.692052804898642e-7,0.00014813934423181334,-9.02460760277791e-11,-0.01716341230607112,0.00021888982435616829,0.0001377932149208559,-0.00015492767932144498,-2.328717391499257e-9,-1.6451339441191564e-9,-7.778411362229099e-10,-1.1184626088264707e-9,-7.177041616829906e-10,-0.067431313084459,1.4473218272474242e-6,-6.834424698096014e-8,0.0010022582367078927,1.142690427473124e-7,9.024133650297319e-8,5.9441641124755396e-6,-2.797912668635919e-5,2.1042953912968123e-5,-0.004535167048204545,-0.0005046603141877514,1.9614742703952e-8,-0.020907915684223913,-2.3833259568358177e-7,-0.012638127691832172,1.7615987821982593e-9,-1.1170884258235677e-9,-3.594614381800827e-7,-0.002007174628192338,-3.0936334574013e-8,-0.031516059465271716,0.0001527996182468523,-4.720927221997344e-10,0.00020576768175379942,0.028043920912556912,-0.0037511207870851208,-9.711108351743803e-7,-7.104019977719958e-9,-2.832616782822552e-8,1.8888832396511178e-5,-2.8732908211297943e-9,0.0039427499076926725,-1.4217800289876182e-9,0.009460659236322801,-4.751092734202053e-9,-2.3830177835427847e-8,4.4211337058602374e-8,-0.0002766473840529836,-2.120078159423431e-5,0.0015504327829820993,0.0008559783296622451,1.7741939966016755e-7,-0.0030865630017175775,1.6533561363310222e-8,-0.00030993953820430606,-1.3419184703083186e-6,-5.2895220815835634e-8,-1.4368839796185667e-7,0.0015813521292705691,-4.467738933822708e-9,0.0012323444414373622,-0.00017351305755001432,0.0010582842985869792,5.1651651263851466e-9,1.9321113754133465e-10,-2.243626874221386e-9,0.0007965602534858648,-2.1058888705079044e-9,-1.3155888484176996e-8,-4.8395180882777415e-9,-2.6282244580829697e-8,0.00013995425639987382,0.0002658955717033059,0.10240647462484787,9.499562737660835e-9,-1.1138973925544659e-9,-2.719931599267031e-9,-0.0005199737794170714,-8.350148446568802e-9,-8.141820412243818e-5,0.0004608900956652674,2.3653801910369334e-5,-3.651062979383849e-8,0.01705996545183846,-0.007148760353850716,9.158135438046336e-8,-1.0092172143351292e-7,0.0003113483258572537,5.123667195593056e-6,0.00018849064301164757,2.0394774809501624e-5,0.02055204844735404,0.0058077219971891525,1.144977137008586e-9,-1.7345537529382162e-7,0.003055293648823307,3.9659926697975634e-5,1.191626354753743e-7,-6.440242654609357e-6,-0.001039212044273591,-2.2825879537799115e-5,-0.05216574158075814,-0.0026299141981160016,-0.021132725298361844,0.0006730091182941484,-2.7291840747499106e-9,0.0019734671390810358,8.196384272188093e-6,0.0038138799421534673,0.0001501024099569261,-6.919548408681566e-6,-5.414127257589253e-9,-0.00026810626601073546,0.012409090815322465,0.0012877495311440462,-0.017204185005264782,0.011032625605721672,1.1319301303218972e-8,-2.6535886111590877e-7,0.011208731508677535,1.3639631245855418e-5,0.13496407592521673,-0.00520497731707262,-0.009050388946027684,-0.02739885808072695,2.9169447216755813e-5,0.0001452018511300377,-0.00463499209830612,1.744696864465141e-5,-1.1062823336673806e-9,2.4779517106700185e-6,0.00016482010566061953,-0.0030468272719054394,-0.005773363477738911,0.012612867961421161,0.00011659529761968404,-0.0016057130050510858,1.0260506546998257e-8,7.405740270179717e-9,-0.009564961087781012,-0.00010235057028786199,-0.030713490809261952,7.183896286245089e-7,-0.004664635550787369,-1.4981762405585739e-9,0.051390490539943955,2.625084107616466e-6,1.6545162068828266e-5,-0.002946494717722577,0.0006540712868854273,-0.016995056357158502,-0.008946247696720018,3.2146782629260817e-5,-4.16843541288313e-9,7.219723826017319e-5,-1.700555850620966e-8,-3.616677599798053e-8,0.0015965240957286461,-4.487129846553879e-9,0.00012570823184709158,0.008402486205054209,0.0031229247784356493,-2.404917372074904e-9,-3.1789937821411657e-6,0.0003094334438173652,-0.0005895159110727004,4.9358378290401175e-9,-1.3826898928119912e-8,-0.00017721506991628353,-4.998803154414893e-8,0.00041670357171685586,1.279568095553682e-5,-0.00017419701048277175,-8.933154587354298e-6,0.0020835850335743852,-0.006504228547386487,-0.010031481724018248,-1.2128444360108828e-7,9.558615128561678e-6,0.06675743710548493,-0.00028830303682121335,-0.017244418581181614,-1.0882692139340323e-9,1.636933427927036e-7,-0.00014732442067678068,-0.0015091722433851896,-0.0003091918178089917,-8.092384807146264e-7,0.009433968930526887,-0.00020109666874904646,7.403803503979371e-5,-0.0013435387230530242,0.0007208737927644254,-3.8823007923536416e-8,3.130152462349331e-5,-0.0005763840650559183,2.778622091076337e-10,-0.00010218976849062149,9.990878635901394e-6,2.345346780957791e-6,-1.1439829069237405e-6,0.0007232972163439358,0.0001920491585227594,-9.625763065626045e-10,-6.530091966736026e-9,-2.172902458331693e-9,-0.0001449690830850076,0.01950788825126899,-0.011515613440150741,-1.499188248877801e-7,1.1905054856280836e-5,-1.4670803382945452e-9,8.242906003673689e-7,-6.575604809883106e-9,-0.008842500203226165,8.23030785930028e-10,0.014503485232770967,-0.00014513429293293705,-2.425972594731289e-5,1.5662055570008926e-7,0.007080530883846389,0.0007875453132422083,0.003943929624469494,-2.779323943061393e-9,-5.011310776108945e-5,-2.0710300465879005e-7,-0.012183845684000412,1.3035773618838008e-7,0.02601627811781573,4.946067001354595e-5,2.0128629342219237e-7,-0.00035479676602420495,3.0740120988579895e-7,1.931790255469345e-7,-1.516883560651638e-5,-5.421263397911997e-6,-0.030240279372305164,-1.9007200213175425e-9,2.7100397205853943e-9,0.0010079115981388948,2.7943669843812677e-6,-5.252926634570468e-8,-4.640624863579655e-6,-7.941289681673674e-8,-0.027100109886445234,-6.503083239636787e-6,0.004259453655768766,-0.00033040284788878955,-3.9488059605743615e-9,0.0005681132446615589,-4.9041537998420557e-8,-4.685050848616774e-10,1.1331374125100216e-5,0.0004065968503948476,0.0022979063852115477,-1.4090999466133667e-8,7.346660945329103e-8,0.004586217413191315,0.0012323682509254106,0.011390255235644365,-0.0006905220874687251,-0.0003152625738359219,-3.0468618431235475e-8,5.534359643034388e-5,-5.993600094294132e-10,-0.00045633363026098116,3.846509545504046e-5,0.04049594350232155,0.0006340076140715885,2.5217174236310093e-9,1.163449956441356e-5,-0.003565214798877241,0.00015532743961838304,1.3363477297213201e-5,-1.1062883948927007e-5,0.021005903229660262,8.854049918997052e-9,1.1366947699448232e-7,-0.023629925502374825,-0.0006487658343321265,8.304789273924392e-5,-0.00018283698400547546,-0.001537816252199234,-1.9405777583710895e-6,-0.0005271729952233372,-1.3426527668128576e-10,2.4731644236410103e-8,-2.468952697647162e-6,4.007312928294991e-9,-0.0018974098547220335,0.0014753483764002526,0.0003367637729137952,-9.552324875885678e-7,4.3463857601129015e-6,-1.5973451342356513e-7,-2.198685242461906e-9,0.008175559718355074,0.00014653841242882762,0.0005536940905193437,-0.018118919561125383,-0.0005118269614105153,-0.003234506208690008,-1.3702706159153012e-8,-0.011321524168233009,1.471013201437747e-6,-1.8711958763918974e-6,4.119818542366396e-8,0.000723745689037328,-1.295951502965799e-8,7.655441899965236e-5,-9.610412190065189e-7,2.396538210039323e-9,-4.380187308962591e-9,0.00046804251538799595,0.0003015368830356494,-0.0005188751590921996,5.38004252034449e-5,-0.00012477980434849652,2.3102957656211266e-7,0.0012784609354772624,1.732400199399572e-5,-6.912236428468731e-8,7.856724297354678e-8,7.949179341078129e-10,2.5394074378919664e-5,1.5353966768373407e-8,-6.759321317055377e-5,3.344702776891919e-6,1.3541095232703122e-7,5.1724331100486826e-5,-2.7421931164901562e-8,-1.1652984812877484e-8,1.4410903196139592e-8,-0.00012453020357893344,4.109807039802052e-7,-0.03378131618554933,-2.052160226333781e-5,-3.891380145454556e-9,0.004522381742354531,-0.024448981736525224,1.2791587657445436e-5,0.0009162488522812018,5.211084072549405e-6,1.0175260173003647e-7,0.19832812388217638,-0.00022226763323718177,0.0019231834661360648,-2.508262025462246e-7,-0.0003881459230893588,-3.747950200932606e-9,-0.01571959529991297,0.0006709208396257325,5.532062060606304e-6,0.030532828605076397,-8.621264416840191e-9,-0.01834308336631125,-1.8919709540480312e-8,-2.2126228859280738e-8,-5.957986320364058e-10,-0.004109593008376369,0.007521459619460563,-0.00032766168731240337,0.0004972529685896544,-3.3979687149401293e-9,0.08414192772927073,0.00720394968905367,1.0895150414970169e-5,-2.2878489455445058e-8,0.0061433775474141975,-0.00030155203537724623,-1.0637230394485426e-5,-1.859549022340011e-6,-1.7131857421863448e-6,-0.0031842486519482933,0.00030508421478204096,1.400878535818269e-7,1.3816291608312677e-6,1.2329483200895766e-5,0.19753911957982917,-1.5133923743738356e-5,-7.766019259476153e-8,0.0001454700163252378,0.06409223865470444,-0.0026023584385450366,2.946120486008878e-9,1.647368500214402e-8,-1.2815736809594448e-6,1.3889124269607108e-7,-8.499757446196355e-7,-5.113921271824292e-7,0.005581683988113162,0.001120390932818265,-8.334941887658185e-10,1.918791154907093e-7,5.4964380203178054e-5
0.0,0.0,0.0,0.0,0.0,0.0,0.0,0.0,0.0,0.0,0.0,0.0,0.0,0.0,0.0,0.0,0.0,0.0,0.0,0.0,0.0,0.0,0.0,0.0,0.0,0.0,0.0,0.0,0.0,0.0,0.0,0.0,0.0,0.0,0.0,0.0,0.0,0.0,0.0,0.0,0.0,0.0,0.0,0.0,0.0,0.0,0.0,0.0,0.0,0.0,0.0,0.0,0.0,0.0,0.0,0.0,0.0,0.0,0.0,0.0,0.0,0.0,0.0,0.0,0.0,0.0,0.0,0.0,0.0,0.0,0.0,0.0,0.0,0.0,0.0,0.0,0.0,0.0,0.0,0.0,0.0,0.0,0.0,0.0,0.0,0.0,0.0,0.0,0.0,0.0,0.0,0.0,0.0,0.0,0.0,0.0,0.0,0.0,0.0,0.0,0.0,0.0,0.0,0.0,0.0,0.0,0.0,0.0,0.0,0.0,0.0,0.0,0.0,0.0,0.0,0.0,0.0,0.0,0.0,0.0,0.0,0.0,0.0,0.0,0.0,0.0,0.0,0.0,0.0,0.0,0.0,0.0,0.0,0.0,0.0,0.0,0.0,0.0,0.0,0.0,0.0,0.0,0.0,0.0,0.0,0.0,0.0,0.0,0.0,0.0,0.0,0.0,0.0,0.0,0.22751863722819163,-0.022312573456409503,-0.0001117228255981657,0.005774613503458516,-0.04035315650297266,0.0003238010292216985,6.725661994330803e-7,-2.56511433965264e-5,1.3021114324377042e-8,3.425244734043854e-8,-0.03156950290248426,-0.005497989517931728,-2.8337144345963546e-7,5.369254345921969e-5,0.00015679600411359535,1.729372782899807e-5,8.743935646265017e-7,-7.90736850780641e-6,-0.06087691841308634,-0.0008604105554819181,0.004766729121629013,-2.268048425308801e-5,-0.0027832168693536956,2.862503026173117e-9,7.87209034740572e-8,-5.202866146832612e-5,4.7126836334495536e-5,-7.330248478950667e-5,-1.3226832780294136e-6,-0.010061840821149488,-0.0026706956235248522,-0.0031758905390352216,2.1996958366537426e-5,0.018787744257978554,3.7946342646255445e-7,0.03571656247536699,9.568715724851743e-6,3.191826091407373e-7,0.006720753471483061,0.00020324712681610326,4.0007852320370953e-7,5.098396964924241e-5,-0.020936134578837577,-5.507499589468895e-5,-3.270700327581775e-7,0.013203602248553695,0.0004055343731596744,6.045335212251961e-6,0.0006089714786241371,0.007378747195325473,0.11475196972690055,0.0011541228584437005,-4.184392731434581e-5,4.179677160540657e-5,7.913620357190915e-8,0.003237533259766323,0.005744737776615534,1.4698301941878253e-8,4.416981471418024e-5,0.0005286552065872929,0.12699311913534694,-8.295232089128295e-8,0.005799954263876911,1.0070594288100669e-7,1.8827947106067368e-6,0.0015608915500992047,0.0005116355218875451,-0.0063740385890292605,-0.00010577748374193868,2.573945519505986e-7,-3.787794737395031e-5,-1.8376325398564916e-5,-3.710968342393169e-8,-6.431255390517316e-6,0.030293016030326334,-7.699710495240674e-7,-1.4055780649133508e-5,0.0005603472702101625,0.0015714495199676047,-1.9513913151536903e-5,0.018014475007022454,0.0003528894058883366,-1.1682548549090805e-8,1.0643114113979997e-8,0.017013895608116576,0.09276080449935764,-2.107972548610441e-6,0.0002028264180875592,-4.173136633358461e-7,-0.0027180092786716547,-7.093769684852714e-11,-1.9034189144546997e-5,-1.355579754461882e-6,7.371211243593907e-5,5.11979697155126e-6,0.10643047953123402,1.9266005722275773e-7,-7.790560424464134e-6,-1.1628342055777771e-8,0.015035659443712459,3.3129801035188257e-7,-0.000705643587936119,-1.5652091715523665e-6,-4.040634530520899e-6,0.013656536896658562,0.049528860143904375,1.3583881390600517e-6,9.004020877277717e-5,-0.03132472850753831,0.0017353182047782675,8.463042832852602e-5,2.7434128034520537e-8,-5.835797814449377e-6,0.0003247131560290133,-0.0036373338640081094,0.0037445205907284057,8.751135025973875e-7,4.409626832451559e-8,0.000984346320157464,-0.00011895563698842926,-3.100074911522072e-5,0.00023919140323542127,6.746290658110861e-8,0.03212493505680401,2.4898426705596873e-5,6.662180899001908e-5,0.05311952886338652,0.00029775907881847446,0.0020170597469117845,-5.0350828692950034e-8,7.369735888663718e-6,0.00798960328545328,0.0005316351382473687,1.2207312300070085e-5,3.565340447055021e-5,-4.5519009905119343e-7,0.0444335026728382,-8.211742899309606e-8,0.004287116423853203,0.0001292037921933583,-1.016531039654394e-5,0.004099647739781343,-1.0940758955551668e-5,-2.3017587907086595e-7,-1.4077136438121868e-6,-1.3186497057580786e-5,-3.517163537899796e-9,1.4311333856524086e-7,-0.00048093641714671214,1.4876949351819616e-5,4.9125977826590214e-5,-0.0001311175058315584,-1.8466603602601325e-6,1.6482769539863574e-5,0.019461683000307515,-0.0063798013441188454,5.487958363635396e-7,1.2059474432582864e-5,-4.459580940483294e-9,9.494404238135132e-6,-2.2907092084140778e-7,-0.01067245024923513,-0.00020278579993139896,0.0015117572954700897,-0.01492917808712705,2.1564027314288947e-8,0.0001779347732874711,0.009289188570312525,1.854309203667628e-5,0.008501478757907271,-8.927957225968122e-7,0.0005046671302902482,-0.014894700336077352,1.6683795284341563e-6,5.2101992024841635e-5,1.1793245114863457e-8,-0.0009880764048919985,-5.927971540856948e-5,-0.00256627314335474,2.852276128285759e-5,1.368353787230995e-5,8.633396265103313e-7,0.00482274077179516,0.00047624022224394006,-1.4207634969597861e-6,4.340515517279827e-5,0.01070128084283132,-0.0019090882110431653,-0.0015547277052207571,-5.1472483354246415e-8,-0.00010177016034981928,-0.027586373447698844,1.5684832033377762e-7,-6.402137526884939e-5,0.0781472311313029,-5.427194627291011e-5,1.4511656336280403e-6,-0.010863742715692546,0.018126386243826568,0.0002433979323131769,0.05069542405818029,0.0005600708957979492,5.662762051900378e-5,0.08365251987857855,0.012753641065389688,0.0015865004811661746,-9.460443014271121e-5,0.0031662498478237226,0.0008332528973422939,-2.710359083852331e-6,-2.3209805230676812e-5,4.120922192001716e-7,6.617143620753241e-8,-0.08094158896440935,0.005714522216404734,-1.5820337647184417e-5,6.535254143307576e-5,-0.00014608448610215426,4.818913966893078e-7,-0.00017765673777749014,-0.0008660357084199344,0.009388175610459898,5.84944870462607e-5,0.03018228493623903,4.5682023024341386e-5,-0.0021026244653331995,-1.4645212133450777e-8,5.297512129801315e-5,1.2054683170513277e-5,0.00837295584658142,5.6726615770499374e-6,-0.00035825672804222025,-0.00011469827141722964,-1.0741784459155152e-8,0.004504443110414984,0.00016176447960570636,0.07186262684171418,3.360020135749882e-5,0.0005712575007963178,1.6527116358782862e-9,5.612782554757991e-8,-0.0006256509983784295,-1.0935613086955535e-7,1.0609490095861607e-8,0.004215135975677444,0.00030475374765852125,-2.5716117929472725e-5,1.2943001984496054e-8,0.007556852176646167,-4.082233449391722e-8,4.5997173639200105e-5,1.022492284603607e-6,0.0004936149903170628,-1.8284411359106585e-8,0.004148940140469072,-2.980677194035824e-5,6.748077780399251e-8,5.552121816276381e-6,-1.4363974518103446e-7,3.759803706766132e-5,-1.7118592350355278e-8,0.016872259143878295,-0.0037394193685599216,-3.160657915487691e-5,0.005100043373405083,0.0016059338861384113,-0.00477342819384798,9.592816796101271e-9,0.10014121011374691,-0.00013566240025387073,-0.00011441900940023712,0.0002524270254771852,2.4952956301224902e-5,-0.009457554366523808,8.100241645753577e-7,4.69436274488291e-5,-5.069205771020873e-5,-0.005171982106682455,-1.0039906741635907e-7,0.00044160070161831607,-6.135753292467794e-5,1.2164200175897022e-8,1.2995230356455414e-5,-5.685577013474826e-8,1.7998076151670737e-5,1.886636391777157e-7,-0.05735450265833445,-5.043867345917479e-5,1.3148585312740433e-5,0.00506316010072277,-2.5028169761393102e-5,9.511012686347429e-5,-4.799730309164436e-5,5.165668203325986e-6,0.000207555577879116,0.0016355584760596358,0.0019656789144874977,1.1730085844048803e-8,1.5832790195934642e-8,1.2952911262458754e-6,0.00027010127616751303,0.060092682305134565,-3.244485437613729e-6,3.3577665758884586e-5,2.525704325458813e-8,-0.042405443740230274,0.0010488309081117817,-0.006255463967573916,1.6626967037862005e-6,-2.4225337820743373e-5,3.3237766540954794e-8,0.002640395487561213,-4.4908120515008193e-7,4.9074186563694585e-5,5.513525760938342e-5,1.0208456620789778e-5,-3.308938130587997e-8,-9.804266907558452e-5,2.348195270403124e-5,-0.0004350527211028847,0.004468789287629724,-6.067561294055263e-8,0.00011629533706329874,-3.0843816419856584e-7,0.0001266732337826541,-1.6823461311658193e-5,-2.5094802012529184e-5,9.058135995884369e-5,-0.0007559105610502745,2.6324134616841792e-8,-1.0024671980702491e-5,0.004719840782914927,-0.0007096099712318769,-5.085266089837295e-7,-5.114900129185892e-6,0.0023661726355255768,-0.0003313219557875826,4.6682857857112025e-5,0.0008922279990898902,0.008416983554973013,0.20730579717187617,-1.033404865064096e-6,1.0705792137498516e-6,6.330136300681408e-5,-0.004605153053908408,-3.62319465663307e-7,-0.0007073299175404494,0.0024743571683141126,-0.008456733983068867,3.123031597227623e-5,-0.004435740020258523,9.527260324675557e-7,-5.687460995126599e-7,-6.39841392726321e-5,-8.0024806233862e-5,2.2156049952448273e-6,0.0004918475990399803,0.020504504011505168,5.69364893949617e-7,-2.77795358232598e-8,0.002425099101971768,-0.0001022556154753428,3.269665721817967e-8,7.846166949864007e-7,1.4604215169033535e-8,4.244507091346555e-7,-0.00011379302125642781,6.0064948302553114e-5,-0.0013515088419086777,3.674346972298135e-5,-0.02871776479099504,7.388352533347748e-6,1.8847426698918023e-8,7.712390519240258e-7,-2.8990919227831655e-5,0.015417834672692528,4.971314206208571e-9,5.211616954776475e-7,0.01345133239124772,4.0491844159023264e-5,0.015367890869393762,0.0008245726681174804,-5.09407492313738e-7,-6.257639789954818e-5,-1.1154540858880255e-6,-0.006344273204860662,1.856815507794582e-7,0.007131794221435274,0.01497977899569059,1.7654831007108897e-7,-0.0030330028165183164,3.289183810128766e-6,2.685601784181049e-8,-1.3976559315152092e-6,-2.1447897821767188e-5,4.997401807461303e-6,-0.018183055255735495,0.008005902779353046,-3.39519795751314e-7,1.2273538349555166e-7,7.062265928824224e-6,8.230794776487786e-7,0.01273630596387829,0.00013779938636239732,3.0639433327016565e-9,0.0003797916497221282,4.631955777160047e-5,5.752856415316807e-8,-2.8905804098673847e-5,0.010224967654490862,3.4458661001672866e-5,-5.892149439088651e-5,-6.614910917577602e-7,-0.05050149135909916,0.00026206052195050175,3.485885162474397e-7,4.58842352811526e-5,-0.00012364510861465357,5.626392294099686e-8,0.0008182928149133206,9.90480030805123e-6,0.16261568334773707,-0.0035662183853086456,0.001446010010969141,-2.1927088258517826e-5,-1.3750503583855248e-6,1.943122404767139e-5,-0.009142743232481921,0.07300176764807326,1.2678929738998493e-5,2.203650799196057e-6,-1.0516597797348185e-7,-4.2468599255566516e-5,0.004552984698267469,7.400243812034411e-9,2.9916709201251214e-7,2.862941251241788e-5,1.3448268438724376e-8,2.0668831964202675e-7,-0.0002294316734139331,0.0003175881724002622,-2.808693612606328e-5,0.00010918328518832302,0.00048240713207203817,-0.0011038901925460344,5.685517063043056e-9,1.77316480813694e-5,0.0005199241668362728,0.0018936855672803512,-0.006960337218154785,0.09542322089706033,-7.315007006798773e-8,-1.7501343439159024e-8,-1.0341863946435542e-5,-8.644125300663572e-5,-1.7566491880262227e-5,9.998952785636217e-5,-9.662044253646718e-7,-3.4759238331734637e-7,0.017690551615873833,-0.003047852869187281,-4.27911963837291e-5,-0.02401554008254432,0.004780793336203557,-1.1653207234524147e-6,2.3155653397266832e-5,-1.2274842261981635e-5,0.00039968251096676684,0.005710861589250626,0.0026670471107622996,-2.6385803184005388e-5,-2.1864021544220087e-6,-0.00012781845294626074,-2.41570090815409e-5,2.6290942342806445e-9,-0.002424363916992553,4.296177185332349e-7,0.0039935423471785785,-7.922204605962835e-7,-3.950098188549908e-9,0.0020783022670229517,0.0007954654451519456,-0.007904049225830172,-0.0036285803264766636,-0.026815296977962023,-0.025295032140062804,-2.0718179539881454e-7,4.393805625145064e-5,-0.0006030091912272511,-0.00014076422112517078,0.13197676802628316,0.0002830560418731832,0.0018129027308300234,0.003508796022366181,-4.0443259407868435e-5,0.014831717523668724,-3.1948892124822344e-7,-0.0007350066196138512,-1.3615088645934283e-5,4.811033164731596e-8,0.0007713557648084124,-2.962326307417788e-5,-0.0030440228777389314,-4.7982335473294095e-9,1.704802651821832e-7,-0.00019033576482746669,0.0006952959014147627,4.8361448004268476e-5,1.2825719807163091e-7,-2.704836991247771e-7,-3.764482864253914e-6,-0.0002373918944234077,-0.0002686371097289988,0.0019730320659591375,-0.0003945072335665527,3.6805666150395224e-8,0.008981294427833056,2.9864312572404734e-5,2.293361530936555e-5,0.00041496785998397046,0.020898597899683794,-1.4018128811461082e-6,5.404418849254819e-5,0.13001623204234325,-0.03226609193814493,-1.2796762243808075e-6,-2.0644197463247838e-5,0.0031843561490562844,-3.750566794960748e-5,-0.0005082950130879821,0.0010376320389768239,7.504804040625766e-5,7.842433454796276e-8,-0.008114901446237504,6.401921883240364e-5,-6.2313347193242775e-6,9.924541189383996e-5,-0.004118165948283531,7.191689762700612e-5,-7.971456350482575e-6,-4.49499407994173e-7,3.481313943438623e-8,-0.02224223471166468,0.018419372623757195,0.003276673551966905,-2.9996742354375673e-5,1.3501680830288232e-7,0.012210171587471577,3.4345014202860787e-10,-8.93253473872144e-5,-2.5792551987897366e-6,3.1321199264963214e-7,-0.0022715595571201432,-1.4016500221803775e-5,0.018438899219800783,-0.002940274198960459,0.003844576878987126,-2.702930370877974e-8,0.00046611477648415915,0.0005777216038536803,0.021339962130601967,8.449083774546043e-5,5.343464847810043e-6,0.00037065862315808026,0.001125660029262573,4.936798934658102e-8,2.5440493037211335e-9,7.343108291772459e-9,0.01049248486978517,-6.264724396167401e-8,0.03911576797080545,-0.00272688678295677,0.01655533281142484,2.2935291227540564e-5,0.01307650057331857,0.0009541661618131211,5.186210298105336e-9,-0.01501408629482335,0.019488886318403793,0.014644888220142462,0.00030755028853174,-2.2163151164967284e-5,3.0685096795364735e-5,1.5953295433004307e-8,0.039784600675481195,-3.670410625417589e-5,0.006201954491558497,6.0209004236923425e-6,-6.796542596275158e-5,2.6177871691246173e-6,0.10091072504086522,-5.553976581967112e-8,0.002171976002589722,0.0023030179567756215,1.0662822197209254e-5,0.0015669593054898196,0.0001958650803371136,-0.0012953479908776558,0.0028248253197284503,-1.6824099925707693e-5,9.367657103733213e-7,5.3736371722297876e-5,0.1264615201764496,1.3323361467378808e-5,-2.0787039323040622e-5,4.050618713872289e-7,0.00012662184666481234,0.0006167003379520106,2.4245737619119487e-5,-6.967221672679316e-7,9.452684355878648e-7,0.0001946211014672837,0.0002965621850149483,-8.474642911721226e-6,-1.6306371356479008e-6,2.96606352642004e-7,-0.027318355314031578,-0.001268285346909816,-1.474495399971333e-7,0.00044656073221989695,-0.0001464718208806631,0.04712968500135052,0.043153366954145775,1.0824533033949464e-7,-3.8553728804123206e-8,0.0008991436681801818,-0.041399125853643845,0.0018619686298124195,1.2289470616784058e-6,0.004945566401364992,-0.004682228733509327,0.0005359080713616432,4.925645533318003e-5,1.5489600320955883e-6,-5.787404570533316e-5,0.0005659084206214494,-0.009185719038831442,0.00694193226698845,-0.026036515470560163,0.004375394447619709,-4.2261962745731794e-7,-1.5040696700545269e-7,8.516077539500031e-6,0.002753172858281026,-8.45087919710829e-9
0.0,0.0,0.0,0.0,0.0,0.0,0.0,0.0,0.0,0.0,0.0,0.0,0.0,0.0,0.0,0.0,0.0,0.0,0.0,0.0,0.0,0.0,0.0,0.0,0.0,0.0,0.0,0.0,0.0,0.0,0.0,0.0,0.0,0.0,0.0,0.0,0.0,0.0,0.0,0.0,0.0,0.0,0.0,0.0,0.0,0.0,0.0,0.0,0.0,0.0,0.0,0.0,0.0,0.0,0.0,0.0,0.0,0.0,0.0,0.0,0.0,0.0,0.0,0.0,0.0,0.0,0.0,0.0,0.0,0.0,0.0,0.0,0.0,0.0,0.0,0.0,0.0,0.0,0.0,0.0,0.0,0.0,0.0,0.0,0.0,0.0,0.0,0.0,0.0,0.0,0.0,0.0,0.0,0.0,0.0,0.0,0.0,0.0,0.0,0.0,0.0,0.0,0.0,0.0,0.0,0.0,0.0,0.0,0.0,0.0,0.0,0.0,0.0,0.0,0.0,0.0,0.0,0.0,0.0,0.0,0.0,0.0,0.0,0.0,0.0,0.0,0.0,0.0,0.0,0.0,0.0,0.0,0.0,0.0,0.0,0.0,0.0,0.0,0.0,0.0,0.0,0.0,0.0,0.0,0.0,0.0,0.0,0.0,0.0,0.0,0.0,0.0,0.0,0.0,0.0,0.22611731355894224,-0.0007639776204579491,0.015074848297790667,0.010242563350762093,-0.00027987856893578374,-1.945711236629523e-6,-8.69900564092218e-6,2.5970510011455522e-9,2.0829979508975678e-7,0.009266711399321788,-0.008309302395746522,-9.773130520952573e-6,-0.0001349242014180179,0.00032275255882244816,-2.6620684690796907e-5,4.5808763913413035e-6,5.7388878440235015e-6,-0.0015647453000224717,-0.00021151985053691522,-5.28491868801059e-5,0.00017008927116577208,-0.06858323499955764,-3.3490006770554137e-8,1.0818026124163996e-6,6.0156493444492465e-5,0.0008543823031752068,0.0003394965154779354,1.0782931507367382e-5,0.011862572852841572,-0.0009827225407762852,-0.049354631506581405,0.00010066367772998563,0.002686550414365073,1.024718602918447e-6,-0.005772765465687329,0.0006052369733065008,1.3449642597848975e-6,0.0017511052182631983,0.0007769467657448264,-6.60276022611357e-6,7.968375470596948e-6,0.0976601904116796,-5.516161232690069e-5,1.1629211890453563e-6,0.003377892612187802,0.0001336314095492105,2.0751849302007267e-5,0.000746775011591124,0.014818063527046468,0.006413656362963164,-0.06440864699012064,1.1515326013993007e-5,-5.233278247456988e-5,8.638497661027174e-7,0.000780947722172621,-0.0003049482154883415,2.831774928994216e-8,-0.00014062946209279954,0.015320330190094576,-0.034429400109544143,-9.234080692400409e-8,0.0025296419994968703,-6.6863397737923e-7,1.0512094250900359e-5,0.0006106264091370739,0.00037830969592412314,0.014148750647358654,0.00016649713907662453,2.6229860321765457e-6,4.4201576172332444e-6,3.733762233938261e-6,2.27941906508601e-7,-2.233235624847208e-5,0.016885358416952188,-1.5739083639299592e-6,1.4885786633504212e-5,-0.013102312274647619,0.000555764242632063,-0.0008841724785141546,0.006270331203584124,-6.971402592420171e-5,1.618894280045062e-8,-7.744908817850168e-8,0.000683844325289914,-0.0267779638376236,2.555856774946951e-5,-1.641574862831993e-5,1.0357782674035059e-6,-0.005659057003585268,3.7752461227358967e-8,-8.550760259917331e-7,-2.0089826578101934e-5,-2.549018962030991e-5,-0.00020681065251357568,0.01232345594085515,4.4022395972446894e-7,1.852750941551226e-5,1.1273331622464722e-7,0.0012859553866894039,3.6493301879160584e-6,0.00015774171205960587,-2.2937523395613014e-5,7.101132602645466e-5,0.0013308944021834992,-0.04663598111451235,-5.255761093132355e-6,0.0005141469617376222,-0.002709506933209269,0.16067925057215365,7.617461631022725e-6,-2.644701406228109e-8,-1.0577826561137525e-5,1.6290778648659786e-5,0.0003102919913357866,0.0019331634400969067,7.10646948251647e-7,-1.1041085311937584e-6,-0.0043243673231611246,1.5447400415020663e-5,-1.2496533906003722e-5,-0.0019499075864896915,-2.905733260458037e-9,-0.0010875311498562985,0.009108720628616736,-0.0003309031492052561,0.019949906440647994,-0.0002183749620105149,-0.0001908979733188273,-1.3990906947509533e-8,-0.00014539725394585975,0.0027034299533549013,-7.504052288102655e-5,4.2132718727189095e-5,-2.211582792478624e-7,7.3326665719108985e-6,0.005488985505734342,3.4235741213669126e-8,-0.0013562987572951592,5.6153507629773426e-6,4.0427354508666134e-5,-0.038677226510748265,-0.00020243835784026078,7.983240247138347e-8,-3.113511639213252e-6,-1.4950451251993906e-5,8.35538258218943e-9,-6.794081211319572e-8,-0.006732257280174469,-2.5872708836413993e-6,0.0006039055428479975,-0.00024637850762947844,-8.516606544885587e-6,-0.0013125470963813674,0.0034880190500275027,-0.00319242304657461,-3.870719810994632e-6,6.484649164887107e-5,1.8705362661667262e-7,1.0820230209685446e-5,1.819392172016957e-6,-0.005298978517437618,-0.0019929881055025566,-0.00016962733954208482,-0.0012584993049838708,1.8001872685049073e-7,0.0020805190852391346,0.0036966491402623887,-2.346960378498399e-5,0.0006326729473625747,-3.062579844867924e-6,-0.001234440893057991,-0.009466627069169826,-2.4021563849793618e-6,5.310500587882682e-5,-2.7518658275613523e-8,0.00030784723171730234,-0.0001682480199146925,-0.004963230610361476,-1.6408826074176353e-6,3.594810883335005e-5,-1.7134842960851888e-6,-0.0799728764148207,0.00012504542285358692,2.5927455873265994e-6,1.5587421957684195e-5,0.0019247948856921122,-0.04191601474134349,-0.0005456553297567096,2.137622938154816e-7,0.00017793399932687938,0.16993103549359767,-3.060453905607145e-7,7.966883961781742e-5,0.007837567137055754,5.624555064994654e-6,-4.212509737526927e-7,-0.026978833449515457,0.0027480519601850214,8.563514294303556e-5,-0.041147724300140624,0.0011485472832054506,-1.2518826838407034e-5,-0.02784749916282828,0.002983172636792446,-0.0014638203859160912,3.923480401491255e-5,-0.0005143859816910802,-0.00014867247818995427,3.8497031735264035e-5,0.00019289651429534743,8.100512097868198e-7,5.86130517530114e-7,0.0004496761175861398,0.04616211798970328,-3.442877696686814e-6,0.0006213576126905916,8.108908428713344e-6,1.050155649942101e-5,0.0005947105770780252,-0.0032302754208302967,0.0009692109392853279,-9.16973290822613e-6,0.0019019133559029413,-8.259305187359576e-6,-0.0011517205410722753,1.9725404560047467e-8,-6.274256987899239e-7,-1.5275670619456043e-5,-0.07629618338037929,2.1884191670442663e-5,-0.026573593227027806,-0.0016311912583257748,3.158787905653178e-7,0.00013396430732318823,0.051826418648141574,0.0002692837789525217,7.411139219827007e-5,0.00010406306497144929,-2.844529886160135e-9,3.0160981695060245e-7,-0.0011327703751970277,1.7435725781219455e-7,-1.3439149549529368e-8,-0.0029748254790912918,9.279940028955158e-5,2.773242012188908e-5,9.301379958373342e-8,0.000518241112075338,-1.2501175292639993e-9,-8.74001235519838e-7,-1.182469015986916e-5,0.0008956535875331308,9.339111890009622e-8,0.004335132143655328,4.901479950568548e-6,-1.1560451316390031e-5,-2.0505420320528948e-6,-1.2832126870381285e-5,-1.2551918706208114e-6,-1.6349283295733598e-5,0.0037055312640615705,0.0014307009352645384,0.0013072534453804042,-0.00043292410119614506,0.00028976476447862724,0.015734002471912742,8.707183834289282e-8,-0.051463867203999425,-8.755049532207781e-5,0.0012005329983837446,-0.00011828624582702907,-0.00015236851209688869,0.0016574421069909813,-2.4335559214125486e-6,-1.4064444293742494e-5,-2.8393300403709633e-5,-0.0015057871863252107,-4.2186381034277655e-7,0.00010339674154422226,0.0004830719651830329,3.7659891974627115e-8,-1.9419948632357354e-5,7.657215630485088e-9,-0.0005429884283921686,1.0579513833644137e-6,-0.002965324359080633,4.048656038008045e-6,-5.2473296121790375e-5,0.0016446611226448105,6.965474845490715e-6,-0.0010693367714960632,1.2161311904708573e-5,1.4149508803521206e-5,3.980499556759983e-5,0.0002762875641661006,-0.0002083697322948132,-1.145150745843336e-7,4.081248436390416e-8,3.855638023564938e-6,-0.004047484551393443,0.0027581918714612986,-2.3900475749403172e-5,3.3764407703081055e-6,-4.964612261699316e-7,-0.001684666640040636,0.00032466093034190345,0.0006344012651664391,-3.0235040045584993e-6,2.6745158661329225e-6,-4.597320939381591e-7,-0.002916570792021134,1.1613119131690476e-6,-8.680865458997997e-6,-1.0313145561592921e-5,9.147368420676432e-6,1.1943941463332766e-6,1.590434697356361e-5,3.536427617894506e-5,-0.00010309627413343664,0.0009134904282364678,-8.133432863920617e-8,0.0008165291681827907,2.0435939134442007e-6,4.9635022905296625e-5,7.153634881624903e-5,-2.017669972556469e-5,0.00035737829604207957,-0.0001293932740762801,1.0010479218625625e-8,-6.825136260260524e-6,0.012973908256072217,-4.30283226513087e-6,1.5032997744380377e-5,9.586493592427313e-5,-0.00012791511188725408,0.0006155940718559283,0.0011945913253331626,-0.0013666768599191164,0.018185412832313102,-0.017694474559970894,1.7988222339900134e-5,2.9901881590928303e-6,-1.2082003383374028e-5,-0.00015159304685833866,9.261613167501563e-7,0.008733871092584656,-0.00032757099036949855,0.001040804517293538,-0.0003345658888129019,-0.002571740324609898,-1.0783426205917801e-5,7.374197074185415e-5,6.99745225011304e-5,-0.0005131986353086268,5.679257913514671e-6,0.0014112110704457726,-0.02071845699971325,1.7538582151710234e-6,3.118862273964934e-8,-0.00023240007165811364,2.0071003735354902e-5,-8.070615532466776e-9,3.900432911178186e-6,2.2205058441372682e-7,-2.8741646626569433e-5,-0.0014989259234289437,-3.808071042501718e-5,0.0006076681666755456,-0.00025712786595644615,0.026069424145626796,-1.4900207627329464e-6,2.877218737210678e-7,-2.6850156099996394e-6,-5.029787573115244e-5,0.005203589145228142,5.935974217863852e-8,-2.665724252066264e-6,0.02500514723199187,1.433715306489831e-5,0.0028994157384633307,0.0006142900437878309,1.0684288370459117e-5,0.0002474567740627908,-5.911091434100954e-7,-0.05358208093903848,8.650768079398977e-8,0.0004980110259986007,0.0015223824684336327,-2.0447072081132906e-6,-0.040344782020601114,5.677105266459136e-6,1.8541047769026922e-7,-3.399624250605495e-6,-2.117526310596282e-6,1.3993643923283368e-5,0.009092204124717809,0.0016808640101810045,-1.0867871817643048e-6,3.14517992259569e-7,-6.397434853925234e-6,-1.177278846305683e-6,0.01633694968355462,-7.676576617048508e-6,2.1951921698368727e-8,-6.43370874809812e-5,-0.00013379379877750136,3.626124569948582e-7,-3.1897257686028375e-5,0.01117954636940318,7.354479266625064e-5,-7.866794753781261e-5,-1.7096593013482558e-5,-0.003083068208150519,-0.0015516290387271915,6.174135960327246e-7,4.1422661450031335e-5,-0.00019434565379700808,4.0128398881497097e-7,0.0001469399951715896,7.715029668996895e-6,-0.022639530771959588,-0.0049459341237034155,-0.06711358003507036,0.00012329244517088434,-3.6357515022018188e-6,-0.00016172913535849587,0.0030840315815695465,-0.002412686607824082,5.864446218215652e-5,7.199208524256921e-6,-1.0362190052772908e-6,1.1923722210821833e-5,-3.149600113965301e-5,-1.5821393647478228e-8,-1.5149762467499428e-6,0.0012881772052292725,-5.485785792676739e-8,-2.113735892306778e-5,-0.0014439777751902416,0.0012943028694281176,8.161774856066548e-5,-0.0003423105096104368,-6.820321105124577e-5,0.002728481907786226,-1.1045871203791163e-7,-3.3933982512492663e-7,0.006257624948586919,0.0011682055006743115,0.008933499499631221,0.0049234442370627626,-2.5136417436085477e-7,-1.9420647325115398e-8,-4.279524465779625e-6,1.1462630213430696e-5,3.38243151881895e-6,0.002073823199962033,1.1490763486088177e-6,-4.772812272914864e-6,0.0017759602561257704,0.020973141115417895,3.5074951349599705e-7,0.004030862276928024,-8.768258550329215e-5,1.7672987281858702e-6,8.089915760036444e-7,-0.00038258983631046724,0.0066222202315790795,-0.010494215745190197,0.00010595916301053607,-0.00027892367932338106,5.159347566207344e-5,-0.0003991073407324624,3.799864511427483e-5,9.591474823921867e-9,-0.0010413570837093107,-1.3056531871581618e-6,-0.0007257288978284707,2.656473479090701e-6,6.207224757241643e-9,-0.00015001271178610538,-0.0020997536166887315,0.00031306841872106276,0.0008449461767718191,0.01588501839226308,0.17923449690386173,-7.434158932345291e-6,-9.190721009079775e-6,-4.656817679541139e-6,-0.0015799868093561455,0.007584628128164063,0.00024546022508625185,-0.010568797078171403,0.00020246848849967338,0.00019731716703823545,0.06754075068294275,5.213109886449448e-7,-0.0015967136752800567,-7.835550912568559e-6,4.4916726400455446e-7,0.00036298243549027625,4.649213955467066e-6,0.0820966468949685,1.1076395545491102e-7,-4.762097770907201e-7,-0.00019496248464543307,-0.0003168949422911314,-9.412448952553826e-5,3.876099067092755e-7,2.3918789870523183e-6,-2.484251510315645e-5,0.0004215665994211347,7.938725263707272e-5,-0.03439019431681046,0.000334594686493339,1.9920107286200977e-7,0.0029820952528647558,-0.0001421092754639166,-0.0003232540694556068,-6.187270361691097e-5,0.06201495815885007,-3.438747579802547e-6,0.00029020507033333457,0.006701031528629016,0.008298216161630343,1.9713088513433514e-5,-1.524094528470433e-5,4.6299324733719635e-5,-4.310752693324832e-5,9.287614758284378e-6,0.0007119903197935425,-0.0004594890411972959,-3.1046313421078557e-8,-0.00274162220769325,0.0021623492301807053,2.6759668706239073e-6,-0.00013472232915388906,-0.017133203134405937,2.517010516739001e-5,0.00017009791412646896,9.8436771097214e-7,5.392848023451101e-7,0.006453299389094184,0.0027813214788182496,8.262764396405007e-5,3.1348497080391566e-6,1.1122634246439852e-6,0.014690372852741246,6.64092957961922e-7,0.000553098711794478,5.5027865633047474e-5,-9.354032159935899e-7,2.7508519433169313e-5,-9.507660719125735e-6,0.0034006515334596772,0.0178331362262488,0.00038820042848481735,1.197614365200481e-7,6.546265526787355e-5,0.0023255985928528635,-0.00896599583438848,4.1411850724096644e-5,3.608431800383124e-5,4.974950222998155e-5,-0.005953884450386317,8.293128051396439e-8,2.750454456994986e-8,1.2420656893840206e-7,0.0019377093528174223,-3.288978014537517e-7,0.013668018884475762,0.00021193741076031838,0.0016222941648404842,-2.87010155799591e-6,-0.0013588512986249302,-3.650221675568806e-5,2.4785066107130097e-10,0.007327747709201964,0.0026646604470685923,0.014312381192753515,0.00017358287444753614,3.5664164210534096e-5,-0.00011869429652540899,-7.141394937870088e-9,0.006591100595961721,6.447757765078666e-5,-0.029112421028368633,1.089030411904711e-5,0.0003794396277429912,2.2446300979684173e-6,-0.025514119188485992,-1.1917369904274172e-7,0.00893292334797931,-5.151929733932939e-5,9.436079582536137e-6,-0.0027565244325103953,0.00026634140789340424,0.0014005008411765475,-0.0011443999455940208,-2.375931166400438e-5,-1.8280973861615027e-6,0.0004577233031097869,0.012429388892114512,2.7787678057730864e-5,-7.37789832109063e-5,-2.346328307902253e-6,0.00013302230912480662,0.0001526366652393363,4.2791888587206485e-8,-1.4898289562844952e-6,-0.00017398136841180914,-0.0010040119086211444,0.0009295969214514574,1.3123350026804336e-5,1.71517366180607e-6,2.097127713388455e-6,0.06312426067814567,-0.00030666469811021146,2.1241832456833197e-6,-0.0017915221429037204,0.015254974917184074,0.012234375424821082,0.0021173907298507686,6.02429672194106e-7,4.398623319018928e-8,-0.0005389137059858449,0.006167632559742839,-0.008515896607756542,-7.377638588171796e-6,0.007617654622156814,-0.00010436344672522329,0.005492206962216619,-7.572967697939501e-5,-5.654618765389379e-6,-1.6869211955293666e-5,0.0002726192451247907,-0.001051546280894517,0.0005082138792073885,-0.000554909056387991,-0.004380388400689089,1.7292041598975928e-6,1.2412689524430244e-6,-2.644627282597334e-6,-0.001769054301150671,3.200684900251129e-8
0.0,0.0,0.0,0.0,0.0,0.0,0.0,0.0,0.0,0.0,0.0,0.0,0.0,0.0,0.0,0.0,0.0,0.0,0.0,0.0,0.0,0.0,0.0,0.0,0.0,0.0,0.0,0.0,0.0,0.0,0.0,0.0,0.0,0.0,0.0,0.0,0.0,0.0,0.0,0.0,0.0,0.0,0.0,0.0,0.0,0.0,0.0,0.0,0.0,0.0,0.0,0.0,0.0,0.0,0.0,0.0,0.0,0.0,0.0,0.0,0.0,0.0,0.0,0.0,0.0,0.0,0.0,0.0,0.0,0.0,0.0,0.0,0.0,0.0,0.0,0.0,0.0,0.0,0.0,0.0,0.0,0.0,0.0,0.0,0.0,0.0,0.0,0.0,0.0,0.0,0.0,0.0,0.0,0.0,0.0,0.0,0.0,0.0,0.0,0.0,0.0,0.0,0.0,0.0,0.0,0.0,0.0,0.0,0.0,0.0,0.0,0.0,0.0,0.0,0.0,0.0,0.0,0.0,0.0,0.0,0.0,0.0,0.0,0.0,0.0,0.0,0.0,0.0,0.0,0.0,0.0,0.0,0.0,0.0,0.0,0.0,0.0,0.0,0.0,0.0,0.0,0.0,0.0,0.0,0.0,0.0,0.0,0.0,0.0,0.0,0.0,0.0,0.0,0.0,0.0,0.0,0.2253488393207861,-0.007186746718653896,7.170605267567782e-5,1.234150472465725e-6,9.019157871022891e-5,4.7460988755443864e-8,1.0959956723989165e-5,-4.2233682084049025e-5,-8.028156334019359e-6,0.006929578271073611,0.004128785367607055,0.045686057582855516,9.331283683997487e-8,-1.1445576887631494e-9,-0.0015436010034910145,-2.852555559223491e-8,6.314354268493635e-5,1.0833792583326042e-6,2.32969653596268e-6,-0.04495496582878778,-0.0005569474536334669,-2.5001992461212784e-5,-0.00018360755579662963,-1.3492013044020468e-7,0.0023499347726346114,-0.03772117823604404,0.0003078000990247903,0.0002988717327509329,6.515634555332845e-6,0.0028486096843459534,0.02473051492100866,-6.404287285325182e-6,0.00018855985398948466,4.8260219456856e-5,-0.00367945681058947,-0.0003946287132766836,1.6506092037031456e-5,-0.035147909304714085,0.0016319661314075633,8.459375925354082e-9,0.001044100006994345,-0.0055935512704347184,0.00011899285155694733,1.5819874890593053e-5,7.214188659287065e-7,-0.000902871542878139,0.006233380898622332,-0.0005318553550734165,-0.0001578297406966491,0.0021388638992151576,-4.1626337618526755e-8,0.014340995706184642,-8.803733020679199e-5,-0.009117597536840839,9.205483722880829e-8,-1.9324486495641245e-6,5.872969541969006e-7,-0.004953921145732546,-0.0001093405892202947,2.774482721532179e-5,-0.0010621479279579568,4.067916778067681e-5,0.0017269759564715727,-4.5191030395262906e-6,-2.3105257156669177e-6,0.00015985763526399772,0.020856946287401652,-0.0004983458918806944,5.105653428595015e-9,-1.2504190311337538e-8,-0.00010816799506854202,0.00397044581365768,5.24897947879771e-5,7.84444889600411e-5,1.8987009400328705e-8,0.0014950857036164045,6.427664266203237e-7,0.05166963561878641,-0.001472594695872316,1.198206827233498e-6,1.036065406161406e-6,2.6665338586260598e-5,-1.7271964429218308e-5,-0.00011052123070325408,-0.0007910102615355459,-5.2502134189197374e-8,-0.0007532011994355636,0.0021926139680561426,-3.301712282338735e-5,2.064529523324409e-9,0.007106479066882597,7.244892762371409e-8,-0.04259796114515777,4.1923621943169524e-5,-0.00013067888422525938,-0.0031891337184678115,1.572660720189962e-5,1.1666316466195475e-5,-0.001563096009910859,1.0136846159618605e-6,0.0020036484242300424,0.014282555896554926,-7.288207167890333e-6,2.6284441063675757e-5,0.0005539165235209679,-0.0004376421425204275,0.0006639403622459261,1.990982972099085e-5,-2.9373009614609976e-8,1.7815754697308616e-5,6.190378312870954e-8,-3.16397628492442e-8,-2.259928134766958e-7,-0.014667367922367626,0.0019589826597909334,0.00011667057772898696,0.005275189994345467,-7.935170634661987e-9,7.22476387552641e-8,-0.0155868231597421,-5.28537140956941e-5,3.546155453729239e-5,-0.00986762268746048,-1.4945510309934272e-6,7.762284447901476e-5,-0.009324848178177594,1.20586218783544e-6,-5.919265008349747e-5,0.0013179695644506668,-0.0010361519343016457,1.4945261870978542e-7,-0.017434149245715555,-8.582198107344461e-8,-0.0011171304781520692,-3.199551696399969e-5,-2.1157949649993334e-5,-3.9887238263296265e-6,-1.3139630637828597e-7,-0.008798828074186976,0.0018900991985665771,0.08230330441565349,-5.4924838170875125e-5,0.0004207879333059503,1.9363871633359548e-8,5.358844110409224e-7,0.00010190914178641063,0.00090041003613429,-7.390013087115234e-9,0.0043536835389345885,-0.022182296280952318,-0.00408371218722523,0.003656604593708355,-9.256569002858678e-6,-1.3840862083500761e-5,0.0001465741121196391,-0.0014790000943025413,2.8479181701931936e-5,-2.475949617752262e-8,-0.000532045287141125,-5.0846398594458994e-5,0.1078079385599593,-1.140862998848486e-7,1.352130255578696e-5,-1.67773179918907e-5,-0.04481569170178076,0.0001159055277810754,0.012964470527923244,6.152452402229504e-6,0.00030168839014340726,-0.0013761685216152997,2.051688294399184e-5,0.003932295467063606,-9.329162666341197e-8,1.789482866792406e-5,-1.451836551444877e-6,0.08693155889252142,0.00437287505440824,-9.076899663311236e-9,0.011796974652857634,0.000297732534713447,0.0011127585159164176,-1.9148982697930164e-6,0.0010844891189304704,-3.465896291258272e-8,6.262595688042822e-6,0.0008406130738891871,0.00017973040993043437,-8.191005206941956e-5,3.7559287182340097e-7,0.00011267038237089335,0.00021729492185986875,-0.01030079812266115,6.363580329970082e-5,3.949132413167799e-8,-0.0015522527284918361,-0.00016149815350322073,8.212644083805105e-6,4.999479547331711e-7,9.95028883683092e-6,0.005841035396435516,-0.0019428567650785654,-0.0001764544871260824,-1.6109693663703603e-5,-0.010981092106177497,-2.487658293393909e-7,-2.5726319361162946e-6,6.716218159112396e-7,-0.005572678189609877,-0.055851700857823275,0.0004960601636561299,-0.0001225706557381053,8.68541673601096e-5,0.0004508932316342157,-5.860350370814347e-9,-0.002918649524315461,4.541664223918712e-8,-0.0015200989375059894,3.859319176246234e-8,-0.00014979155195638446,1.7903864663518424e-7,3.0762066785573556e-7,4.2396493893427e-5,-1.3843408782680171e-8,1.0900292878111206e-5,6.187182440778816e-6,-2.1389306545124142e-8,5.218423059587393e-9,0.001166683676838805,-0.0020593476622180512,6.87944662101326e-5,0.00909389334951702,-5.18806017718753e-5,-0.0006443191550044875,0.0001112517029083199,7.379895379278962e-5,-0.02149492175707383,-0.014005296284803839,-3.2488701817807114e-5,-0.00011898332028907432,0.001093089967421541,-1.358004379805951e-5,6.4834357932592075e-6,-5.211189111191391e-6,2.9807845055123334e-7,-5.9515947979485827e-8,-2.0333310449046783e-5,1.1428384136657773e-5,9.157401919521006e-6,-1.846024455151661e-8,-0.0008270464942536308,0.0010578493105215924,-1.0265906829708881e-5,-0.006628644004296117,7.411892286164397e-9,1.6342492354901574e-8,-4.325340037009512e-9,1.131585540517726e-8,-1.4849294164568473e-8,0.005150967156659391,2.4807994979318417e-5,1.489189361620156e-5,-0.006109705554443481,2.918201270147847e-6,-1.1280042811053923e-6,0.0001580930346382933,-3.875841856250056e-6,-0.00013372891409257003,0.019870608794968575,0.003930250404494619,3.2744181579730575e-7,-0.02731153127483248,-4.075143553212313e-6,0.0004960295604411771,3.517973726089e-8,-1.9641069985674234e-8,7.1133249987433286e-6,0.00024653913925917943,1.027380059519294e-6,-0.07087349283456935,1.213775074554604e-5,-5.618481085300756e-9,-1.3447134816136226e-5,0.12338842461603526,-0.0002995892955313947,3.702181228983973e-5,-1.1213012111174927e-7,1.1167294595607095e-7,-0.0006618014499488186,-1.8625297832653827e-8,0.039637453442421096,-4.273046560597676e-8,-0.0016675184758374749,-2.278160411210441e-8,3.623502783669936e-6,2.8822665062793922e-8,2.0033339622987664e-5,5.03606817765987e-6,-0.00030842616349264986,0.004962093046394495,6.0669311932575986e-5,0.0015007962987657626,-1.0464271856362761e-7,5.237741880804961e-5,2.8555725144423105e-5,1.2044318589237667e-6,3.091125782569351e-6,0.00043779157747456343,3.663964799223365e-8,7.948207283376292e-5,-0.005143280780001713,9.99714078047538e-5,1.587184014110281e-7,-2.7432219601714015e-8,6.294291999643492e-8,-8.580663751082959e-5,-3.604972184769651e-8,-1.1617178699468484e-7,5.19568760904548e-7,9.52990059837628e-6,7.026528686427792e-7,-0.058325468287019566,0.0011362271635904533,-1.0782340706942811e-7,2.554104896230397e-7,6.064621483187988e-8,-0.0035754400283603783,9.509252374048479e-7,3.3205806614887097e-6,0.0011942478671765487,-0.0013069226980581,5.452813666843389e-8,-0.0009731416261210835,0.021939722193776424,1.2036912005088475e-6,-7.888006182376744e-7,-0.002311626503980137,-0.004284528915508669,-0.00020018403392978046,-5.5733454973924214e-5,0.0005805797250567684,-0.0009127210521647494,1.6832804445327277e-8,-6.945639703017343e-7,-0.00018768942026137623,0.0004145665931156226,-1.0639733444036722e-6,0.00014947203130880464,0.00031245569394163777,0.00020116211116886395,0.004185529496014629,0.021215571829328123,-0.026272741319767715,0.03568183002780447,-1.9049809826732678e-8,-0.004339393074954585,-5.9715723081084774e-6,-0.0005970625815596316,8.488976623412831e-6,0.00013336999431603436,6.511389921294718e-8,-8.457980608529445e-6,-0.0012391505202814324,0.00032997341197282647,-0.00366809673089799,0.1844572183496246,-1.809047005576341e-7,1.372926720486624e-6,0.06973136827613075,0.000250568873260729,0.016207962559739126,-5.641771496593381e-5,0.00022179408013270436,0.001974532696176709,-0.000112782822346672,-8.979239761600271e-6,0.00029702322518298255,-5.454209867703599e-6,2.0365976479545404e-8,-1.839916429893205e-5,-0.00015490624894231672,-0.001377354677663808,-0.03648968091868145,-0.0011183860061950552,0.0020620180776063186,-5.931596502983012e-6,-7.880620263210752e-6,-5.174003580251448e-6,0.001098657653045381,-0.0008939928140341642,0.0024509831517389763,-8.676922553694436e-6,0.0007039487344072873,-1.2003566395579036e-8,0.0015787245083730803,0.0005059411972932379,-0.0005407416758846445,0.0004367546769567022,0.00010680913946187739,0.0005783365711196578,0.00011889306916600935,-0.002913947618300879,-7.583513497267517e-8,-6.046305531893844e-6,-1.3635000849570691e-6,4.4964315494778085e-7,-0.00018464105342917966,1.248099592041773e-8,-0.000751455835013376,0.031563441835713905,-0.012517907394092804,-1.2154666572915246e-8,-1.6662030656823604e-5,0.0030670035412393255,4.3010023634801124e-5,-1.0110088803229092e-7,1.107054374469516e-6,-9.896098058610744e-5,-2.2719210336758173e-6,0.0003397212358636364,-4.689494831149293e-5,0.003654339665833756,0.0012295271186777725,-0.002147179509613919,0.0002686782895218858,-0.03190695125101953,3.211867230240754e-6,3.2905637434096694e-5,-0.020154401745116415,0.00047579672514145785,-0.0006511755131541579,-4.3562348619222214e-8,4.992299925111751e-7,6.275393492360639e-6,0.00012141371841709117,-0.005007223572520794,6.067446666000832e-6,0.004932174059051884,0.017043557654478497,-0.0038467633540832085,-0.013466753035279999,0.00708170574345149,6.298426905823377e-7,0.003635681969264151,4.601987196962735e-5,-5.1395750059545905e-9,-0.00579398079012712,-0.0004790362078084689,6.299197904001665e-5,3.9773868464948346e-5,-4.708636720721586e-6,-6.172062644536922e-6,-2.309244699228523e-10,5.537479072014669e-8,-2.562718608537982e-8,-0.006036209289344739,-0.00010118342883358913,0.001756086131695625,8.416734065025882e-6,0.0001590446832800031,1.3483822179006904e-8,8.673114445226933e-5,3.827110239124373e-6,-0.0004606292321364676,-4.4097596938855595e-10,0.09784381630944357,-0.001758740973751081,-0.0003329872773509926,3.2952634271269546e-6,-0.05627519093893295,-0.014084326019961665,0.10995029010624421,-6.403691591920264e-8,6.597600738361688e-6,5.197700688295722e-6,-0.00018680737155723926,2.023892230897257e-6,0.00012778025009115826,-3.60111021233192e-6,3.2032945708960354e-6,-0.011282826177608724,1.2601818136784262e-5,1.3096932248458446e-5,0.0003844331271742663,0.0003704705283420217,0.0029989514852240265,-5.6830680295105027e-8,7.864265327954799e-7,0.0424625645656511,3.8998180674628783e-5,-1.5133561066885212e-7,0.0008861018876084652,-1.0481451685834015e-6,-0.037867327744950545,7.889629016117231e-5,-0.0002741621766595537,-0.00026732296990913723,1.6159163058521386e-8,-0.00010968364241816893,8.359386670618461e-7,-1.449151220568928e-8,0.0002678995866782492,-4.164988188609709e-5,-9.80433994948126e-5,9.971937952478067e-7,8.783979682165673e-7,0.02627805793410142,0.0001480937442378611,-0.0009971667177592005,0.0013327850627184406,0.01213172307468606,4.697018522088524e-7,0.0011739231024383739,-1.8083591346711575e-6,-3.92276595679697e-5,-0.0011286096302613282,0.030542857771609363,-0.005387734503580888,2.6609205845587596e-7,0.00016392537188696877,-4.300871207953798e-5,-0.000783271581781157,-2.3010214565456414e-5,0.0003439605104580075,6.9563330725719e-5,1.0778803077525887e-7,4.221065868293519e-6,-0.0020687956844731865,0.01918953070527337,-0.010377401641359823,0.004536998105303081,6.1316201274274e-5,3.167548541504444e-5,-0.019957865277832703,-1.189594427971242e-8,7.700781023446388e-7,-4.750999879212104e-5,3.448708494205273e-8,-0.028202687383324456,1.935353016849071e-5,-6.289440212692277e-5,-4.1004973452429924e-7,-4.568845956587472e-5,1.7131664106787623e-6,-2.2360566569957477e-8,4.25510322121392e-5,-0.000927757806804878,-9.857121924715354e-5,-0.0593592448817007,0.011792840917382589,0.0003723795920580615,5.466037973197213e-7,-0.0010281083656787148,-5.90791056770121e-6,3.8470774163979866e-5,8.623861970912575e-7,-5.374425940207104e-5,2.758361387504534e-7,0.00019052740166491022,4.163650780689498e-5,-4.745344796318701e-8,-7.603806118756047e-8,-0.0012582462222051447,0.0022582275914019225,-2.0153807339222085e-5,-2.5652099391270657e-6,-1.4417933755202707e-5,9.83823181131852e-6,9.11257696992954e-5,-0.00011446515920851934,1.6431458968707884e-6,-1.008611032338559e-5,2.665929196411048e-8,-0.0006828102209603024,8.450485533544659e-7,1.1196922374095825e-6,9.388310742106947e-5,-6.3412146739345955e-6,-0.0012746561564000757,3.543957768059519e-7,-1.71799897027329e-7,3.207411897975305e-7,-4.419386026726119e-6,4.3468585206843967e-5,-0.02289566500722867,0.0003380053457940068,-4.050403963690751e-8,0.044647128338124245,0.0019022162886786508,-0.00014335522043009124,1.978662300545055e-5,4.3770111823173675e-5,4.037069966794355e-7,-0.001130170959485114,-0.008045311461142127,0.002123227381821572,1.92943428072357e-6,-0.015922074747099287,2.706639327165279e-8,0.00010365086036660885,0.001691021309740783,6.969370441194973e-5,0.01190361415071725,3.4780085075875903e-7,0.0006183923939721132,-9.418059001551824e-8,-1.4555846792850642e-8,-9.778872601269838e-9,0.0004839635170784136,-0.038848071828097464,0.009984489798926386,0.0012259772015584141,-2.3591753488660865e-8,-0.0003401805366515612,-0.0007795130666728838,0.000999914835164669,3.7011478210150934e-6,-0.00032669864602143247,0.0003832219995487479,-0.008442587451088033,2.6279048983890864e-5,1.9708759950230042e-5,-0.00018622166904670644,-3.109433823778513e-5,-2.4407102474270594e-6,0.0001121587358549914,0.00042427344441583716,-0.0011266641487393016,-0.002736837188388278,2.59894498861105e-7,-0.003489392013031199,0.03405083941719394,0.0006767016755986605,-5.8301181403025974e-8,-1.4399770449374752e-6,1.4915268011172204e-5,-6.508429598337757e-6,4.296433084692575e-5,9.929792430938192e-6,-0.0003239651554878983,-7.989746708399371e-5,-1.13597798720566e-9,4.678452110856872e-5,-4.084203939168594e-6
0.0,0.0,0.0,0.0,0.0,0.0,0.0,0.0,0.0,0.0,0.0,0.0,0.0,0.0,0.0,0.0,0.0,0.0,0.0,0.0,0.0,0.0,0.0,0.0,0.0,0.0,0.0,0.0,0.0,0.0,0.0,0.0,0.0,0.0,0.0,0.0,0.0,0.0,0.0,0.0,0.0,0.0,0.0,0.0,0.0,0.0,0.0,0.0,0.0,0.0,0.0,0.0,0.0,0.0,0.0,0.0,0.0,0.0,0.0,0.0,0.0,0.0,0.0,0.0,0.0,0.0,0.0,0.0,0.0,0.0,0.0,0.0,0.0,0.0,0.0,0.0,0.0,0.0,0.0,0.0,0.0,0.0,0.0,0.0,0.0,0.0,0.0,0.0,0.0,0.0,0.0,0.0,0.0,0.0,0.0,0.0,0.0,0.0,0.0,0.0,0.0,0.0,0.0,0.0,0.0,0.0,0.0,0.0,0.0,0.0,0.0,0.0,0.0,0.0,0.0,0.0,0.0,0.0,0.0,0.0,0.0,0.0,0.0,0.0,0.0,0.0,0.0,0.0,0.0,0.0,0.0,0.0,0.0,0.0,0.0,0.0,0.0,0.0,0.0,0.0,0.0,0.0,0.0,0.0,0.0,0.0,0.0,0.0,0.0,0.0,0.0,0.0,0.0,0.0,0.0,0.0,0.0,0.2223692098896121,-0.0016842419906603642,-2.387222015373202e-5,1.1724345303258727e-5,1.5119855576481668e-7,5.104916090126812e-7,-5.430695257806306e-7,-0.00023853279507295887,-0.031656964799829976,9.871051707667618e-5,0.002943040098006103,4.535603689917714e-6,7.592794566700609e-7,4.6873608932080894e-6,1.927572624717637e-6,-0.0011626802238363773,-8.67287367346593e-6,-5.862758611175602e-5,-0.0015053498018328686,-0.0433738000461693,-1.542646211298849e-7,9.821534314719852e-7,2.915252430090087e-6,0.006898979555220379,-0.002064992353049455,6.924929296825636e-5,-0.0011510559741138421,1.2269139833241676e-5,-0.06944437201744157,0.002137703600779795,-0.0004594891838682656,3.142225074147713e-5,-0.0007507255165963956,-0.035532886647137565,-2.0348141618465682e-5,-0.00045372239229792124,0.001028775897907525,-6.890306887859712e-6,-1.7145395089988655e-6,-0.06515844186268903,-0.0014152818871986056,-2.1118850337906234e-6,-0.0012289240096172906,-2.0403496426397325e-5,9.080565283105416e-5,0.02731502418072984,0.08582752968638484,-0.000231997232222398,-0.006796762290928872,7.324150414310562e-7,0.0006465050236511854,8.802298958400741e-7,0.03675674653227486,-0.00014165705785065797,5.160911228968074e-7,1.5090278189331321e-6,0.00324803334232067,0.0035405420988130426,-2.158559217147332e-6,-0.009392420400510885,3.554776307487704e-6,0.0001606556493083078,0.0003573441186848478,8.951871838271625e-6,-0.00589851219740567,-0.00566547821894468,-1.0857924042262406e-6,7.982646559491628e-7,-1.1071066473723772e-7,-2.527401285436311e-6,5.020067589853623e-6,0.0001150084254596404,-4.729751837529845e-6,-1.011664718773104e-6,-0.03747976644703095,1.4168777591749562e-6,-0.005562198073401531,0.035757161323083035,-4.4106888715246225e-5,-3.7407935435128665e-7,3.917034570085425e-7,0.001011986851356,0.0054187013791308905,-5.253039699465328e-5,-2.284601923583916e-6,-2.180802695237357e-5,-0.05144272201230727,-5.601212310583982e-7,2.640383011227279e-7,0.00011171647747758664,-6.530363436042226e-7,-0.0018815305224485132,0.002017457312047443,7.5413083402669216e-6,-0.00041665310918599023,2.2452181250033393e-7,-0.0005219422402862509,-4.803690922656797e-6,-2.5732886447423095e-6,0.0001252721399245517,0.0004473579184377502,0.00017121685343539792,-0.002217959041045434,2.6063887054829927e-5,-0.006070072271622799,0.0034840708388423473,0.001591309253747999,-1.761682146363218e-6,7.837166118463583e-7,-1.273828297114672e-6,-5.391983135834815e-6,4.3563423177846575e-5,0.09564502300856495,9.63288199433267e-5,4.245365195504903e-6,-0.009989558950413686,5.84699418681153e-6,7.949705049691448e-7,-0.02224014344007314,8.72066690375405e-8,-0.0010660606518461209,0.017508338473083522,2.6763768324790913e-5,-0.006783176149862796,0.015528083966144747,-1.2633874975457379e-5,-3.990384580362447e-6,0.0006080407820585283,0.008575784045654908,2.9179424319089336e-6,-0.00042932887679077874,-1.4462856306924081e-6,-3.8726885627990196e-5,0.0014808586532346114,-1.8527860056631159e-6,2.7557342224196925e-5,3.289089177442405e-6,-0.0004126994102905552,0.0019473228401611427,0.0008222638063179445,-3.84389042070708e-6,-3.1341656627325325e-5,3.842239037413492e-7,-1.2864940374610835e-7,1.1209879581072513e-5,-0.07336768621452074,2.2986689968461597e-7,0.0057452111829313325,-0.008156487303221863,-0.0002235123044944486,-0.05720175912785809,-0.0007636468981934779,0.003008290654617353,-9.248199277873185e-6,-0.00025279022402394926,9.59646740174963e-7,-1.8820468682455114e-7,-1.3216234721531789e-5,0.011960629617860439,-0.008221271624605002,-2.3874795173358957e-5,-5.211848800828997e-5,5.305711877110552e-7,0.0023303459959669744,0.014626193383278956,0.0015176300206378045,-0.00012489858559169555,-3.339259963675832e-5,0.008358385738858318,0.0004713977880538072,0.00021777882948858891,3.202154261060488e-7,4.5375028484892873e-7,1.020993011775333e-6,0.0013889512327527579,-0.01861683693099523,3.049859562556662e-7,0.000842048785835405,2.7183776766091827e-5,0.0021475962638129323,3.934724235631945e-5,0.00010034627628608779,-1.518823899790763e-6,-0.0008283334986206618,-0.04621131527536621,0.0004953840744629111,-4.259768589821658e-6,3.073537230320773e-6,0.002275954293226119,5.773181473990372e-6,-0.002490517620964534,-0.0011179702974570345,-1.3593399817195348e-7,-9.165210909185e-6,-0.018197000438432684,-0.0005020683679276868,-1.7688509081495503e-5,-0.0030740035547647156,0.01851680608049224,0.002568286927219971,0.003880793560879131,0.00035544000462215005,0.031351155951241994,4.1169814357352824e-6,-3.245717455663123e-5,-1.4245664750190132e-5,-9.216656856197187e-5,-0.0019809223616304187,2.9933098160727393e-5,-1.0346475994814218e-5,-0.001523654822178926,-0.017830904559040014,-4.1785300099634106e-7,-0.001478212417852777,-1.8389013625536565e-6,-9.322039632384575e-6,2.570743701310824e-5,-0.03890100098560475,8.020198414977106e-5,-8.02086425246043e-6,-0.0012937008422996639,-2.9958865809117934e-7,0.0007717795028220747,-5.421528366451733e-7,7.844698430204439e-7,4.304856738013288e-7,-0.003468913694915906,-4.8850802593046515e-5,0.00734574654146709,0.011258339896444695,-4.466299803987914e-7,0.01575860258542347,0.004015812422643382,-0.0015578100040996984,0.0018475795782312537,-0.004422625943674327,-5.740940233617074e-7,-1.0503166149655994e-6,0.02547480174181852,1.478916563387203e-6,1.3780985323663351e-7,-0.0004984258796827083,-1.2138234860625334e-5,2.639482172478114e-6,-4.512679381186899e-7,-0.0002449835567199006,-9.484374163446067e-7,-4.505732560105084e-7,-4.6649182609955186e-5,-0.05038989165807992,-1.0037786995164834e-6,0.12609724966971686,1.1058813195610966e-6,5.82364790325544e-8,1.8245441841256175e-7,1.9625216134798308e-7,-3.1564709607319963e-7,4.0516372469341546e-5,-0.000901642274729309,-0.00017144219494835835,0.0021477473760126054,2.943677464847342e-5,-8.125753881011478e-6,-0.005437866074944885,4.6470525778556666e-7,0.005185757596633378,-0.004828870180019786,0.004335385561080684,-1.641267910828488e-5,0.0005753336030396868,8.259126134737485e-5,1.4590413343088499e-5,-1.5137753824419413e-7,1.794018968673783e-6,0.0001083014381558811,4.0284611596275705e-7,-2.3244699897329586e-5,-0.0018007970019393114,1.0524694240576272e-6,-9.146742921969398e-8,-2.9783831035143336e-6,0.003442998493670118,-6.52409431046462e-6,0.00019103085471867322,4.802138175920633e-6,1.3208517478699663e-5,-0.017550946350815992,9.950193067013083e-7,-0.0033114406890978505,3.787070358282607e-7,1.8196371022642412e-5,9.930863491699044e-7,-0.0001506439301770112,-4.2007539978774544e-5,6.103912614075897e-7,3.542676668936459e-7,1.9728300023680994e-5,-0.011381513744560862,0.0011605726004384346,0.00025183390023483776,-3.66421264156831e-6,1.362887778350058e-6,-0.00030168471680793634,-3.603742561674355e-5,-0.0001294195339993522,0.00014547356557699685,1.4600252962625076e-6,4.775982681332293e-6,0.013402539551189717,-3.514521927616327e-6,-6.815288733370088e-6,-3.519434164042438e-7,-1.5024477374419806e-6,-3.399919350056731e-7,-1.924156885693564e-7,6.63387103806179e-6,-9.318689104782937e-6,-0.00026923064898871755,-2.6258733102343292e-6,0.001523802714892535,7.492583450512371e-5,-3.6819277741271723e-6,-4.207181292563603e-6,4.54214609921426e-7,-4.404196387789264e-5,-2.5139013622150555e-5,7.037566849490595e-7,-0.007493445628353212,0.10433011967774108,1.3852252830784072e-5,2.733719792619317e-5,0.0007863574027649428,-5.264972575751742e-5,4.7536844718551015e-5,-0.03048164205564427,-0.023068531092708427,0.02763131581723134,0.0011267206256631585,4.420483254321684e-5,2.2963766163133086e-6,1.3033886822366822e-7,4.089249430879251e-5,-1.2031079915261839e-5,0.012781200973539773,-3.784586377455452e-5,-0.006442347422795855,-0.0027889228252558278,0.002086572275634035,0.0001004610155252729,5.905681304433703e-5,-0.0024222053100325636,-0.0026534881712127205,1.5847322813318043e-6,0.01503020978455834,0.00854688276959196,7.17457116220834e-8,-9.352494104165181e-7,-0.05218435865762416,1.7232001145973125e-6,6.866749530233541e-7,1.2473436362796254e-5,1.4603174425321343e-5,-0.00021416192088141259,-0.004899755357709103,2.2101640511040434e-6,0.00013113482388373062,0.0029409078559923525,-0.008679340141604661,0.00037877762861211235,-1.5316782057844188e-5,1.6315289106834263e-5,-0.0006953208211601135,0.007636452935476125,6.899045896711826e-7,1.7236078332200917e-5,-0.005777051031535268,-1.8281683346431579e-6,-0.0030215322760270996,-0.03975853569594652,-6.420453763026039e-5,-0.0002955762909646137,-5.925630585704522e-5,-0.09502842086697508,4.678140912156127e-6,0.00020595729161929647,0.00018587286947768127,1.4992546787572058e-5,-0.04896266678063165,0.0001923981053676203,3.7641502935012043e-7,-7.2621999999730115e-6,7.552894774152375e-7,0.00032894782273914846,-0.0041622764678504965,-0.0013851472538323384,-5.09577952326764e-7,1.2698334463509337e-5,0.0005219804687402494,1.9319333533008025e-5,0.09985711091885233,-8.210228679780821e-7,-2.110945644552304e-7,6.33157521345402e-5,1.4828146611898182e-5,-1.2042520469199866e-6,1.5702143304772843e-6,0.019174159253985704,0.002702025172493718,-0.00454741475251518,8.039234299746896e-7,0.0007076032549883809,0.002043603629568107,2.0396210034846733e-5,-6.164964646067004e-7,-4.991480714219895e-6,4.5373148883120134e-7,4.8717976353405264e-5,-0.0006394215447952455,0.0021248343182834837,-0.007024769524260638,-0.07024831892587294,-0.0008185561801281732,-4.966461402864977e-5,-0.0002129565436341812,-0.00040821014420416033,-0.0013072997975517534,-0.0005359720874790971,0.0001091620176504217,-5.4035033165193844e-5,6.591643277931673e-7,-2.3961007439501614e-5,1.5578667227933018e-7,9.35804684851459e-6,-0.0025711322606744814,9.358008961835916e-7,0.00011280680212589526,0.0028580190576926673,-0.035376197448603305,4.378990691458038e-5,-0.0009070596641090031,2.048796788810459e-6,0.01655844394753109,5.516403385832634e-7,-1.9624082546238644e-7,0.008958886915115287,-0.014486947212375565,-0.002846775543532585,-0.0003519283988282434,-3.0587415393099146e-6,-9.038629575583472e-7,3.2852400911009514e-7,2.1383967811226074e-6,1.0802129055562598e-6,0.01403044320531253,1.4704401618960324e-6,8.543329701360133e-5,-0.00030017923517993274,-0.005933384019743624,4.2243215993110007e-7,-0.0012395445117714574,7.551061058267863e-5,-8.775369413783521e-5,-2.07035398073988e-7,0.0015594681571013125,0.09052720803469441,-0.0297591238575523,-7.158978062925524e-5,-0.004648005942287379,-0.00040418693806467635,-0.003539520441663829,1.2040012319305556e-6,2.971523327923588e-7,5.1227221587440294e-5,-1.4450826188863636e-5,6.541735783228596e-6,4.223918015419193e-5,-2.2506452041863925e-7,-4.70320196289942e-5,-0.0060570890695501225,-0.00042476133890267216,-0.00030294804720627864,-0.01575681685167267,-0.011711430530537801,3.6543745852856275e-5,2.338797459951981e-6,-1.905940627793816e-5,-0.0037094554536408375,0.00019870355667898982,-2.1661801031015174e-6,0.0006479644569520862,4.5958103313042816e-5,-0.001460015844773257,0.0011523280195156452,-1.1744596143443e-5,-0.03485220356300512,7.0924193488751e-7,1.0437741361637578e-7,-2.4231268046337658e-5,4.432294238178248e-7,-0.03194988202411618,2.549653442246083e-7,-4.795086195503874e-6,-1.3785092360388585e-5,-2.8431636338309614e-5,0.0025431295228269487,1.6021779930900958e-5,-1.6324641045480487e-5,-0.0001246099586192321,0.007401402380942774,-2.6194789655227374e-6,0.0061853273751560885,5.617460610744973e-6,-2.4018695258966674e-7,0.0016715590775558133,0.0015239407683283115,0.00048481814008619225,-1.5279871816951589e-6,0.0021539420433486383,-5.654133976249876e-5,-0.004358045125580084,0.002048803311066235,-0.0012029118950644968,4.716685859098549e-5,-6.542738703869061e-6,-0.0001010067207231654,-0.0009113189650686687,0.001254061933507595,-0.0011000854883516308,-0.0035812658796511403,1.8511569958582474e-6,-0.0007328243488234843,0.004895718570824834,2.563557480104901e-8,-1.106120984204166e-5,-0.0017106708235108462,-4.027922082478343e-6,0.0007608536949149482,-7.476685754865942e-6,1.2495989458645375e-6,-0.0005648149752282195,-0.0017255049479148162,0.00018486035526907318,8.877272641606615e-7,1.4091217824704928e-5,0.03817388269526965,-9.999307067831334e-7,-0.0010742851806095116,0.0004238587292875626,1.5767523440421575e-5,2.205888800320056e-5,-0.00042258603660065645,-0.001048170561253174,0.0019496706982890192,-6.677047499857191e-5,-1.4361224492849765e-6,-1.376174825668465e-5,-0.005341326540995528,-3.7549085765310295e-5,-2.53422852946127e-6,9.096499391846621e-7,0.019427648350483134,-0.02071017251410942,6.47102870865042e-7,-8.62495457603258e-9,-3.264181830910847e-7,-0.00038297823195746253,2.2260948562073055e-6,-0.003552898627682737,-9.682376678500275e-5,0.00011964084312645904,-2.118779327186859e-7,0.012278338389663714,-4.043828222470249e-5,5.161596563405492e-8,-0.0031555484946382945,0.00012666147353286166,0.04290883286273675,-5.881779435498899e-6,5.372433035537968e-6,-6.120924764324863e-6,2.1636394529861006e-7,-0.001524818878105295,-0.0012282174028671181,-0.002410698236222542,2.348196888087387e-6,-0.002762464556849617,0.00014712234223925762,0.0031782098180859713,-8.256066672220003e-7,-0.0033984827075198465,-1.5195568403502967e-5,0.00016846974810824655,-0.004847761419048122,0.010358865693781605,-0.00015340058377783872,0.04415767689730307,9.909978169487381e-7,5.8816566555564904e-6,-0.0035907867338431333,0.0006742846281434502,0.00100911410360852,-3.3225256923227543e-6,-9.901087981860784e-6,4.702912386592091e-6,1.9994998986503873e-5,3.7366455053300063e-7,-2.6283316805584777e-6,-0.0020342347016882104,0.004503951648575176,-0.001468810465980914,1.318071864226941e-6,-4.419720546325194e-6,-1.6628934059966885e-6,-0.052042112805709494,-5.135972807956123e-5,-4.7942940043870465e-6,0.0037405674993478345,0.012118025466158594,-0.00019208617717069335,-0.0002643729387086883,-7.132429731206181e-6,-1.9430047999352663e-6,-1.5514524859704764e-6,-0.0031282199107615944,0.002387642738809029,-8.284644340943352e-6,0.12446550287134779,1.7443634356069547e-5,-0.010465095325822137,0.001971051797760818,0.00021211441209700356,2.200183763736593e-6,-1.5665395647273219e-6,0.0001484338588483212,0.00013950799672113093,-0.0004168312262289879,2.3891520711019484e-5,-9.75402500170337e-6,-4.2539960136511075e-6,8.488383869678531e-7,0.01201099542956075,-5.284668080897314e-7
0.0,0.0,0.0,0.0,0.0,0.0,0.0,0.0,0.0,0.0,0.0,0.0,0.0,0.0,0.0,0.0,0.0,0.0,0.0,0.0,0.0,0.0,0.0,0.0,0.0,0.0,0.0,0.0,0.0,0.0,0.0,0.0,0.0,0.0,0.0,0.0,0.0,0.0,0.0,0.0,0.0,0.0,0.0,0.0,0.0,0.0,0.0,0.0,0.0,0.0,0.0,0.0,0.0,0.0,0.0,0.0,0.0,0.0,0.0,0.0,0.0,0.0,0.0,0.0,0.0,0.0,0.0,0.0,0.0,0.0,0.0,0.0,0.0,0.0,0.0,0.0,0.0,0.0,0.0,0.0,0.0,0.0,0.0,0.0,0.0,0.0,0.0,0.0,0.0,0.0,0.0,0.0,0.0,0.0,0.0,0.0,0.0,0.0,0.0,0.0,0.0,0.0,0.0,0.0,0.0,0.0,0.0,0.0,0.0,0.0,0.0,0.0,0.0,0.0,0.0,0.0,0.0,0.0,0.0,0.0,0.0,0.0,0.0,0.0,0.0,0.0,0.0,0.0,0.0,0.0,0.0,0.0,0.0,0.0,0.0,0.0,0.0,0.0,0.0,0.0,0.0,0.0,0.0,0.0,0.0,0.0,0.0,0.0,0.0,0.0,0.0,0.0,0.0,0.0,0.0,0.0,0.0,0.0,0.21935033817789182,0.00039345679349725573,2.422772225338117e-7,2.831996836007546e-5,3.0233851618471474e-9,2.2695233849757376e-8,0.02457765509949503,-0.0008699112051800064,2.091154354406453e-6,1.4983355044118128e-5,-0.0005114129647668561,-3.6848154566827386e-5,-8.415324433403445e-8,6.453370386564206e-6,0.023166003047228947,0.0007562095337533257,0.000604662777873443,1.7362899706748997e-5,0.0005346157422498596,3.6610044945884557e-9,8.116450365421526e-8,-5.7142650297184024e-5,0.0006504928786601284,1.6975359319268254e-6,2.687024464752793e-7,0.028229183291859368,-2.4107500781375303e-5,0.005201019156943641,8.04752557908783e-6,-0.008926117388866726,1.7659673453469618e-7,-0.03540198395683584,-0.0011619554258493771,2.7167406035658875e-7,0.0030514320743710403,-8.030473922751894e-5,5.747925105238867e-7,-2.2248321786058223e-5,0.01579192879559262,-6.6043178537716105e-6,1.3382377693521218e-7,0.022973568200044883,-0.0007376034567047399,-2.643469823429263e-6,0.0005440254001385509,0.0010115625604911742,0.007505789041557475,-0.0015393070433607173,3.7926797726727356e-6,1.9334625987443e-5,9.528473368972987e-8,-0.0004502368708117096,0.0020878251061744444,-1.5563480538621316e-9,0.00015665094047315791,-0.00032399933165211023,0.002055959371156852,-5.982688667329652e-8,-0.003437770499990237,-1.3646461821026483e-8,8.088119969945708e-7,0.013371885036738746,0.0009896673969253394,0.03747628812602972,-3.889518474581063e-5,2.4358930119229603e-8,3.5988452657651517e-5,1.4241295742565243e-5,-3.5388160668241375e-8,-6.5017418457833285e-6,-0.009127504620405388,-3.392168664950721e-7,-6.239073743643893e-5,0.0039159769104526974,0.000492472936155171,-0.00014439295574586764,-0.007093429397488985,0.0004618025144765837,-4.592169660046382e-9,1.2131996268588223e-8,0.039829270610674504,-0.009472274615804965,1.5569471603861114e-7,-9.43599279604917e-5,-5.307918836777462e-8,-0.0020188392920291146,7.75321139388264e-9,1.577036157344851e-5,2.034496163940661e-6,-4.287787377966078e-5,6.506426090014679e-6,-0.0661930979440605,1.8122898194530007e-7,3.2656760490113318e-6,-1.643981719928135e-9,0.014848175306985043,-2.47471990825481e-7,-0.0009024269994556896,9.666925910872025e-6,5.387131034489475e-7,0.0034642418397270703,0.007698903603011034,1.9760622440703204e-7,2.5146417086760887e-5,0.011678199838559552,0.005652790412650647,-8.202704861363061e-5,-2.6877664584425186e-9,-1.1676778153220525e-5,-0.0008115924139979873,0.0004713500087599945,-0.001298465158312165,-2.4940325867484736e-7,-3.182958296087609e-8,-0.00031945934366101373,7.084724680644932e-5,3.85526591360143e-6,-0.0003963274789313355,4.1208286101627396e-8,-0.017125576284370704,-0.0007605703373499206,0.0014233119014626758,0.06450326948298639,0.00022374595658819943,0.002863534170060484,2.3576148243853003e-8,4.197397989472797e-5,0.005315736713579634,-0.00022071207194570216,8.148148154477754e-6,1.0612470261684812e-5,5.115975773251261e-7,-0.007143497645174381,-3.9204144729795876e-8,-0.0035725121954539633,1.2598703578286476e-5,1.4423758563394544e-6,0.000839012388255423,-3.22908175590669e-7,-1.0406170279095926e-7,6.728518877809066e-7,-7.664912495130671e-6,-1.0062060851492993e-9,-1.6386072653935632e-8,0.0052395238335923,-5.65563586916286e-5,8.591694886487098e-5,-6.068948893526808e-5,1.0018068554506125e-6,-0.00036022208345233873,-0.024999454265635008,0.07591885048383572,-7.71575658161464e-7,-2.040682214484147e-5,9.45254124708735e-9,-3.409359349081649e-5,-3.351199457040486e-8,0.00936521158023794,7.4746147234854444e-6,-0.002863426453538706,-0.013957310921133625,1.0671173404278396e-8,-0.00015776224026625,0.01748219880614507,-3.8121456768101125e-6,-0.0035140231793705555,-7.6307144777272e-7,-3.135665780676945e-5,-0.061466918363870825,3.350099531255131e-6,-6.871962300807649e-5,1.7152653678487268e-9,0.0007619790915295937,5.459379337710791e-6,-0.00039051683774704837,-8.074851273314424e-6,9.668781396632825e-6,2.2064456653971128e-7,0.0011223231705514746,0.0008084851111055336,-3.220577737387301e-6,-2.6627387658561624e-5,-0.019989392655616254,0.003724452198367149,0.0011320510028780754,-3.139671646727068e-8,0.000878185534310432,0.0009228745812537577,9.307679473373799e-8,-9.410123811860144e-6,-0.016483125927596577,0.00015541610247217033,-6.793327878536585e-7,-0.004635468957062029,0.011104698058055371,0.0004465627499795178,0.008023880098140864,0.0005534039759358182,2.5951456439331087e-5,-0.026757013801206077,0.013477855877852442,-0.0008772525753814426,0.00011176886344299258,0.000735516130485738,0.001133946687521156,2.795898671353381e-6,8.720161981471811e-6,3.620633396347524e-7,5.077797550047738e-8,0.022523249757367143,0.009806546769229279,3.424313142738514e-5,-0.00011280383197177581,3.8517529966226005e-5,8.304689508105503e-7,-0.0008318007084880668,0.0030534561387572873,0.006830589052610994,-9.111528094728125e-5,0.01052498668645278,6.74305550245909e-6,0.021622981974102444,-2.1945337646156755e-8,-1.6761033829716224e-5,-1.795784928562206e-5,0.00038498056925600273,-4.755126854215102e-6,-0.022347201064663213,-0.0001678959980827421,-2.448425749120506e-9,-0.00026546285568862006,0.005869356112388749,0.006425112096541839,1.236963562756551e-5,8.318742135092448e-5,3.7224299523709444e-9,3.208868868497997e-9,0.002255690371252682,-7.140194496568707e-8,7.06447341507495e-9,0.009261061714176125,-0.0008618637660415868,7.227893025674895e-7,8.847304362701127e-9,0.00636133974808176,-1.6720970688715672e-8,-5.7029642858109585e-5,9.451060876134247e-8,0.0016423862819850389,-1.1730521589744748e-8,0.00015199332221057594,2.5805465057612392e-5,1.1406322717024328e-5,-2.295275369698511e-5,-6.361263891111455e-6,-5.9619084523819875e-5,1.1291393561001455e-6,0.02932501868657545,0.0005237151204390952,0.00024509353614063026,-0.0012018434484843007,-0.00018374779821017507,0.1218804170717988,1.4501021912192872e-9,0.004820634499340737,-0.00013757247794098773,0.0002670000709736281,-0.000137065792345444,-1.0875150895100478e-5,0.011291355464434686,9.733021967799353e-9,-2.7050423377590206e-5,5.55795194789062e-5,0.0012549935335204989,-7.562230344497341e-9,4.805598380335442e-5,-6.22558215444371e-6,-5.753302012727402e-9,1.9433106431030596e-5,-9.368593728187146e-9,8.11622428682776e-6,2.069951388406204e-7,0.10705042324619699,0.00019973551379164818,-7.204159079607945e-5,-0.008965403164576979,3.614177717904742e-6,-0.0001020412468891909,1.956014705085647e-5,-1.2054521044141341e-6,8.983614157046002e-5,-0.00156302304566135,-0.005123967446224009,-1.0037220664059381e-8,5.450210670353081e-9,3.632017953912851e-7,2.8258675108699663e-5,-0.08420809757846386,1.0236424931395475e-5,3.102485981500678e-5,-2.3188376171856425e-10,-0.0021291924593441593,-0.000831816680414258,8.621595128621171e-5,3.511596226188868e-6,8.98014452154298e-6,-4.1781355342160315e-8,-0.0012091361406340356,1.5344838495378798e-7,5.965174533058796e-5,-2.9003833851288216e-5,3.830488109509347e-5,7.6147196395469e-8,4.907479347169101e-5,-3.1345950593836664e-5,0.0005578835614434975,0.0008479281656410165,-2.6332573858272414e-8,-6.820383014903144e-5,-2.209893751454993e-6,-9.771487275872089e-5,0.0003209992589342873,-4.823969780190479e-6,3.6841854529679786e-5,0.0008331131818375019,7.725796297016362e-9,9.314162295692858e-5,0.0011247990429096898,0.0003661787717004494,5.789127170654841e-7,-3.2424667069316994e-6,-0.0002047962899149586,0.0004984103731075533,-0.0007300879104138724,0.0004256708954471924,0.0016846018631241882,-0.0020279127792391465,-1.8301822533680772e-7,1.523384739395486e-7,-2.6500998294287012e-5,-0.0012880453197249612,1.3106708528556519e-9,0.021884375609905082,0.0023218858229220314,-0.03690364676795139,-0.0001368120524865799,0.005898220608582468,1.808961680604959e-6,-3.754277564436696e-5,-1.7050896265128545e-5,-3.019234082720632e-6,6.388887046181696e-6,0.0008161105515085171,-0.015122985527810622,1.0141254673874269e-7,-1.792655031329036e-8,0.009069202587403312,-0.0001008856974930928,4.572771394147453e-9,-2.4340856200001043e-7,-1.261604643012567e-7,-4.734917154434239e-7,-5.32243777742878e-5,0.00020389296372014146,-0.003663565481196798,1.3405188892123444e-5,0.08528975260119182,1.0293764771543226e-5,-3.717173678851565e-8,1.9729241514571136e-7,-1.1419512584529376e-5,0.0023194203094559335,1.635572249846488e-8,1.1055430185981938e-7,0.1381959708730357,-9.507098459496574e-5,-0.019708966851048657,0.0011070045630181026,-1.760859167994908e-7,6.367513281769668e-5,-1.6564295909153973e-7,0.009178061974596705,9.988767840547418e-8,0.009543634034304152,0.009763056707253819,6.366513708935295e-8,-0.002900064786793951,5.486127117208405e-7,-2.415797994425336e-8,-4.619745095247568e-8,6.166626779588798e-6,3.552691809379468e-6,0.016888439808358396,-0.0005802177156058931,-6.695116949729218e-8,2.999876065100596e-8,-4.554794154132126e-6,3.3577561816922595e-7,-0.0038296182175177364,-0.00035422584998289505,-1.1275399140267228e-10,0.0001771594671438473,-8.134795448818118e-5,-4.487162106515318e-9,-4.123728632189924e-5,0.007406563096831081,1.2498531694897001e-5,-9.312252005819317e-6,9.23042741929417e-7,-0.024496007010117955,0.00014421055105518055,1.863277245268948e-7,-4.105196984517676e-5,0.00034165960255854057,6.515287150727931e-8,0.0010968649189620153,-3.939341656496171e-6,0.00732928595685224,0.0005508014031957495,0.005342303663603482,2.3647756983050705e-5,5.448995465222822e-7,-2.4980597403818614e-6,0.01771518651995717,0.022728580711241217,1.228538726069838e-5,-1.6512370853421076e-6,7.847304383216218e-7,2.4199135828143634e-5,-0.002426174029804961,-2.7321601475803427e-9,5.527326726838229e-8,-0.00021688528321378787,1.452788021998161e-9,-2.1786221048956335e-6,0.00025634219772762736,-0.0014845539752926526,3.661570272003302e-5,-6.557561309085247e-5,0.00025503844651491117,0.001286813761482983,1.2909092875031009e-8,-2.0866727454112217e-5,-0.00036415529714631457,-0.0031906801369268236,0.11488075318019345,-0.057194393139414386,-3.144319083047744e-8,-5.493277977534715e-9,9.367734680869245e-6,-3.9395818653175114e-5,3.977895102208399e-6,-0.0004590325425529834,-1.1780599856004624e-7,2.214626230808336e-6,0.000882633829911364,0.14160233895126637,3.1444531243519355e-5,0.09205941336697744,0.004650374988427335,-8.033901741002944e-8,-1.8980739760442276e-5,1.6874920322116992e-5,0.0006893178668214341,-0.0035232982111352905,0.00020405123262210906,8.774593573468847e-6,4.378445918096993e-6,-5.5211090468282344e-5,-2.837891933896076e-5,-3.4842729704714435e-9,-0.00018225271825988694,3.7438508098822513e-7,-0.0025408311311531525,5.4087099699308934e-8,-1.481457268709276e-9,0.0026830212011914783,-0.0011129975306540367,0.015017135023907254,0.003977324774741858,0.004520517002145956,0.012400085546606104,4.3592554632733626e-7,-3.972649638471002e-5,0.0012511757613743774,0.00014468271454288722,-0.012021903996141762,-0.0007287619276813395,0.00039366148223874797,0.004265807722704461,-7.119939010900692e-7,0.00590115287023753,-5.1817528269205814e-8,-0.0015252823671690252,1.4826435273563046e-5,2.7642675844187777e-8,0.0003373924802381001,2.249110750255167e-5,0.008858758266735394,-3.386159919991078e-9,-3.390545350594846e-7,0.00043299523037172884,0.0005762927414955431,9.66471928897262e-6,-5.641354669062713e-9,-4.760204288519034e-8,5.63801935207848e-6,3.0390936215057077e-5,-0.0004523616492814005,0.0007132018165760478,0.0008852891928503822,2.612604341715863e-8,0.0007205717122140698,6.601151364105809e-6,-2.469226989617536e-6,-0.00019672089648418328,0.00784369957887606,6.180084092815818e-7,-7.020942595656208e-6,-0.032344135598586995,0.017615260253196954,6.707635443132125e-7,0.00018575609886921132,0.00129106112777318,-4.757123295495839e-6,0.00033249245408246313,-0.0009912774316475155,-9.404816575520259e-5,1.1028983286108899e-7,-0.020510384995991376,2.5323090912556964e-5,7.914240688244489e-6,0.00012537269064270243,0.00013319737877087653,-8.68073753115582e-5,5.243920831389794e-5,7.965857393400842e-8,3.8704147755675776e-8,0.02861080533040465,-0.009947239267432772,0.0080811202696935,2.0847174973095113e-6,2.0486816844090787e-7,0.0003470835268010905,1.970015502704449e-8,2.0830437593098803e-5,-7.140530165480506e-7,-2.540240215545386e-8,0.0009538217393566453,-5.6946947181727485e-6,-0.033291114831510545,-0.02094712326890419,0.0016591635447654612,-2.207096361540625e-8,-0.0007284950558755554,0.001799975619788458,-0.07637132980888538,-0.00010761878018189467,-6.785481742707899e-6,0.0003640075250724031,-0.0009121716647962625,2.2448818769946265e-8,2.5113131127883192e-9,4.490510114170375e-9,0.001520841979052639,-5.908435800593867e-8,0.03791758338115346,-0.0024001031848269122,0.005110925262184,-1.5194887928335264e-5,-0.004545587617312464,-2.996294167804684e-5,3.02337968374863e-9,0.038563295740035176,0.012894992738956668,-0.004013040928765264,-0.0002018075347160986,0.00010714985376798848,0.00010532606402355434,8.651475376599443e-9,0.022272872871595517,7.962494258755849e-6,-0.00039788644027232957,-2.5744211981160714e-7,-4.823486537143138e-6,3.7577980941857053e-7,-0.004940641457423016,-3.493796714054557e-8,0.006759874302048407,0.001764807392896445,4.188682028882978e-6,-0.0004219456886033727,0.0004343621027380747,0.005451292370108928,-0.0011168921846630919,-4.4539554059725435e-5,3.737745741118425e-7,0.00026459257802344336,-0.023635292422607965,3.056080397514202e-6,0.00013360141657492956,-7.540090287826615e-8,-1.4411652732453398e-5,0.0008779595106725703,-8.286198550014002e-6,2.063471096598308e-7,1.0663816261536183e-5,-2.1803512596942575e-5,7.891163558762316e-5,7.589018826670613e-6,-1.8708709571418524e-7,-4.635515439781987e-8,0.013979229612086686,-0.0010108037424946786,1.2257902782457164e-7,-0.00036884836721163633,-0.0006621945919874253,0.0008419010662410062,-0.028844870316351925,1.137288698914218e-7,1.145245513525637e-8,0.002591288362398727,0.040743285833569454,0.00045311911346930403,-3.0346847707949154e-6,0.00179080483156426,0.0002446944282585076,5.942571376670385e-5,1.6183045524492105e-5,5.781718907596243e-6,9.072573559706236e-5,0.000596708100976351,-0.004449968637497739,0.007112539617588566,0.04948540263192507,-0.02983175594851156,8.704379152003263e-8,4.0627280308482974e-8,-5.505520399360775e-6,0.012663732505670886,-2.869660950133567e-9
0.0,0.0,0.0,0.0,0.0,0.0,0.0,0.0,0.0,0.0,0.0,0.0,0.0,0.0,0.0,0.0,0.0,0.0,0.0,0.0,0.0,0.0,0.0,0.0,0.0,0.0,0.0,0.0,0.0,0.0,0.0,0.0,0.0,0.0,0.0,0.0,0.0,0.0,0.0,0.0,0.0,0.0,0.0,0.0,0.0,0.0,0.0,0.0,0.0,0.0,0.0,0.0,0.0,0.0,0.0,0.0,0.0,0.0,0.0,0.0,0.0,0.0,0.0,0.0,0.0,0.0,0.0,0.0,0.0,0.0,0.0,0.0,0.0,0.0,0.0,0.0,0.0,0.0,0.0,0.0,0.0,0.0,0.0,0.0,0.0,0.0,0.0,0.0,0.0,0.0,0.0,0.0,0.0,0.0,0.0,0.0,0.0,0.0,0.0,0.0,0.0,0.0,0.0,0.0,0.0,0.0,0.0,0.0,0.0,0.0,0.0,0.0,0.0,0.0,0.0,0.0,0.0,0.0,0.0,0.0,0.0,0.0,0.0,0.0,0.0,0.0,0.0,0.0,0.0,0.0,0.0,0.0,0.0,0.0,0.0,0.0,0.0,0.0,0.0,0.0,0.0,0.0,0.0,0.0,0.0,0.0,0.0,0.0,0.0,0.0,0.0,0.0,0.0,0.0,0.0,0.0,0.0,0.0,0.0,0.21921717851491077,-5.042646494422076e-9,-0.0007307347827563155,-8.308357923080428e-11,2.968937528837226e-11,-0.007484569250532227,2.7504489964781485e-5,-6.956614516060046e-9,-1.8423560403514123e-7,0.0021177247132472326,0.01569920149847425,3.4288410930470397e-9,-0.002767758473449399,0.00208956490641113,0.08864228700444086,0.0050129543501237,-4.0928989593282265e-9,-0.0001276548842803554,2.0106274576102694e-11,1.060819143230028e-9,-0.003599939486296155,2.4148596515042654e-7,-8.933054282601421e-9,3.101121080826201e-8,0.00043717460338510195,0.021054057867360785,1.2700157065478947e-5,1.4844504628796758e-7,-0.004860024327900708,1.6954524721601501e-9,0.0032447242717670768,1.0711502670374464e-6,-3.591636537772365e-9,0.007900433594662349,-1.3704617301368104e-6,-2.539013268685978e-9,0.01437521745404376,4.062574407397245e-5,-9.48851912070666e-8,2.5025469172359455e-9,-0.006060789329326839,0.006280013390297104,2.9307908569970294e-8,4.2154276960274763e-7,2.171326231125145e-5,-0.0011189480733627415,-6.649780169545631e-5,-0.0017950061587316797,-2.1699991831679778e-7,3.052690114956409e-10,-1.866598941380723e-5,0.01090742869821473,4.8090755768411e-11,0.1146210661592397,1.0927058347377479e-5,-0.0002351142550043748,-7.336193476660523e-11,-3.840757443154463e-5,-7.48247978624354e-10,3.21384793606872e-9,0.002934839235166258,-0.04575505015244141,-0.00028581155883572625,3.3278717126327966e-7,1.4406325347912362e-9,-0.0040780201331732085,-0.0012986784020298855,2.0404947349893971e-10,2.4782353310846603e-8,-3.417827282762071e-6,4.949884449975823e-9,-0.03576280011376813,-1.7831948797881142e-5,-0.028900728977874875,1.892039514513238e-7,-6.190347383844243e-5,0.10389223551975552,5.775716603749788e-11,-1.101426722751707e-10,-0.0005440078022878474,-0.0002990409340926242,1.9253196292644153e-8,-0.003890450194306017,6.26917675798827e-10,1.4339024245856261e-7,2.5138077675168944e-11,-0.00022070036966305033,-1.7892758430851024e-8,0.012113581851298388,-1.6839337827596088e-7,0.00010911305980290057,1.013426681900495e-9,8.19265055240872e-8,5.857559242693205e-11,9.268908816231028e-5,3.893935953349259e-9,0.0021914457736990503,-2.934349470393128e-8,6.812620790626445e-8,-0.0011856639723486187,0.0012497638398738283,-1.3179214293367547e-8,-2.532395197140635e-6,0.0002869730219196962,3.562885580710757e-5,0.007712048382950218,-1.9031123438730562e-10,0.010526123989410717,-0.007574324447335737,-0.04116972258752927,-1.0252227378674113e-5,-7.378700143792722e-9,-1.1283460207684988e-9,-5.591577593587054e-6,-0.04645156524261456,-0.00017342694179607138,-1.351078586701975e-5,-2.3182022948692054e-10,0.001104049842053679,1.853882429698581e-5,-0.001738058740573108,-0.00034190726716276453,-6.918677738975478e-7,0.020896074296028747,-5.922643218716273e-11,1.7837601605385193e-8,-0.0001229135156333615,0.0029539770245859413,-4.737096530232297e-8,0.010562163441963233,7.3629750836467334e-9,-0.00025275949740965136,2.2865534698191987e-10,0.020432086450755168,-0.016773308551907135,-9.314242267560045e-9,-2.126460914876272e-5,1.1492224357164336e-7,5.225399351497168e-10,-1.0823465284905089e-8,0.004948210761525458,3.8110987802568324e-12,-1.368543922809488e-10,-4.83948640406879e-5,-0.0024247788556391254,-8.632526322538003e-7,-1.2846514138797655e-7,8.544723265288587e-9,-9.32002198115388e-6,-0.0040743918122302745,-0.0005447756196784418,-9.126655587509393e-9,4.240425836411503e-9,2.4331731866105334e-10,-0.001989664808964894,4.696815627085719e-10,0.00020038036353470842,-5.975044834486357e-7,-0.019280717777216048,0.0016914221352225124,1.9960660438319705e-10,-9.491650430718365e-7,4.819996419283296e-5,1.5121588880702333e-7,0.0048768011636822475,-2.1588790949256146e-9,4.252136845565257e-6,0.0014982234315841737,1.3914237243667605e-9,-0.015838976154541703,-1.0755509249589359e-10,-0.04794081560511317,2.1333632787456734e-7,8.673756502649442e-6,-0.0007321750047465639,3.269109756908688e-8,-5.205607970358406e-9,-1.4699355020785552e-5,-0.05001617753913126,-1.1165259257462263e-8,-0.008298654504323247,0.0003576921394908057,-6.687647793663425e-5,8.864620770302191e-5,1.1660002813977181e-11,0.01751127330564864,-0.0001272343575497417,-6.636515128460408e-10,-4.7360691199540944e-7,-0.00047891606219637513,0.007214842939395957,-3.346538674463909e-9,-5.663790660885809e-5,-0.0012765825138400385,0.03304884797044583,0.00023470970700221317,1.1184584350537555e-6,1.0576437085302025e-7,-0.0006259527443935915,-0.0055986754865180975,-4.982684057621373e-6,-0.02824099338776149,0.017974115001577712,0.08378239062956776,3.67759463497576e-8,2.5396522670821522e-8,1.562670014638497e-9,-1.882003051276933e-9,0.0014793921251391633,-1.813193145910635e-5,-0.009903598951773998,-6.720961594200891e-8,0.00839555251062378,4.749236613728155e-9,-0.03910043556450917,-2.2935738993842218e-5,0.005208796916194003,0.0166986684738271,0.004149350559600008,0.00800736288871522,0.00030245929195402355,-9.11653260688039e-12,-0.004004504604397359,0.008709774188151815,-5.297423380792402e-5,1.5507669291789453e-8,1.3511280868786765e-5,1.5720987754606727e-6,1.7793984307365382e-10,-3.3763276238344966e-6,0.00014519715409573266,0.0008247915100435326,-1.6530039098523928e-7,-5.29471379274796e-6,-1.3025442801065844e-11,2.1217974473616686e-11,5.882269605374315e-7,1.268565015748477e-9,-6.135185788380736e-11,0.00012192258431739486,0.0004922934416150502,-0.00957030312179507,-6.121089717856075e-12,0.005875914306609714,4.4580834501950624e-11,0.004714810776755342,-2.140631263114117e-8,-8.797020864254615e-6,5.382862143370953e-11,-7.715098665992221e-6,-0.004644985994005081,0.0028025817428776506,-4.6338998750970134e-5,0.005577363598361044,0.003324802932492477,-8.268269024982105e-9,-0.0023072452311700886,0.008572132449116318,2.461265334761111e-6,0.009597072048645837,-0.030371728133830798,-0.0003138113320119812,9.870614720119044e-11,8.738782263767542e-5,-1.541656700707525e-8,2.081498990439015e-6,0.13658714110702902,-2.505303768160763e-7,0.001029066869182451,-6.720553760079091e-9,0.006398922434853305,0.019315708492821215,0.021057082968629064,-4.371426316503619e-10,-0.0012520280211546337,3.744655458101897e-7,-3.572228601049732e-11,0.010483652274811186,-2.9689926208107164e-10,-3.9267856814657496e-7,-6.704247380421217e-10,0.0011360251869775495,0.027500056024158448,0.022729096802109522,-2.5632149061192563e-5,-0.0017674177921303542,-4.121896031241889e-7,-0.003546831518483949,1.2777695178428232e-8,-0.017052175124036884,-0.018173489835237113,-0.016204620370828864,-1.0355538669556894e-10,-8.720118086919608e-11,-3.2629829258076937e-10,-3.2851716447907637e-6,0.0011484065891471992,1.9496162406386182e-8,-0.006302700868625598,-6.106398595981146e-10,0.0030421567878029265,-0.04660824736680169,0.003501270777700287,4.4700346882714067e-10,-0.006612125129326609,-6.841290027564936e-10,-1.3919606490074132e-5,2.9705625237627356e-9,-0.013967929023340308,0.01471496859593389,0.014523122770687914,1.7554103143138937e-9,-0.002172399657028788,0.0027452359594344108,0.03985583333380455,0.009655233693051855,-1.2836525168536217e-10,-4.0517646907802045e-7,-9.882755485378577e-9,-0.015580124141460682,0.01472243412613633,0.004490756721687756,8.207172412638259e-7,0.04707384123398545,-9.439513088150929e-11,-3.296283979881517e-6,1.2523885724758305e-5,0.02146228809363743,1.0931658458923147e-8,7.014280002816944e-8,0.01678775647859644,-0.039991426715173375,2.1296662656767455e-6,-1.998739219904931e-5,2.9454162992809384e-5,-0.00039444181922701146,1.1599699688838514e-9,3.844619360155563e-10,0.003915505770147061,-0.008251243273193338,1.0871024758141884e-9,6.606580233047223e-5,0.0023977270062999446,0.000354210861384409,5.998169679929639e-7,0.00020504105314491825,-8.981813175149252e-9,1.8040379877383412e-7,-6.500602746465167e-8,-3.3861569224395125e-7,-0.005779760232120698,-8.14911381733207e-7,-5.450065511637422e-5,8.141651094099034e-11,5.178146944993073e-11,-7.465196102498073e-5,-0.056526568581654245,-4.9060263504523854e-11,5.1158946952966705e-9,-4.894359371086146e-10,-3.445008414112245e-8,-5.528158644422288e-8,-0.010177275047516966,-0.00028746605539148795,-5.816676289039622e-8,0.0005021545268974853,-1.050731532610093e-8,-3.1261921596770183e-9,-5.34657017616329e-9,-2.3308568009073184e-8,-3.871605087219175e-5,1.4071104445982265e-10,-5.711066726228402e-9,-0.0005502600701156055,0.009732560897603135,-0.00010010532196892779,-1.4881596541846931e-5,5.3953869685112e-9,-9.888691661049584e-8,3.888743586556156e-9,1.0788185929682299e-5,-5.693098564993289e-10,-0.006887498370750168,-0.002616453474172223,-2.3460829209094896e-9,-7.53186551803306e-5,-1.342783749928398e-8,1.5061232780258294e-10,-1.8227901261803438e-9,0.0019798783799665756,2.2323097563400387e-8,0.00040262443803568485,-7.396175931017067e-5,-2.469971750173356e-10,7.085594390702981e-10,-6.001785456959313e-8,-5.1903448147522786e-9,-2.920963058269377e-5,-0.007516442448391805,-5.606866942889286e-11,-0.005163478669042036,0.047046385066630995,2.206865021121922e-10,0.011943583453776732,-3.7239407030423527e-5,8.019921779887526e-8,2.155915999693962e-8,0.015964547246605433,0.0008894467133009039,-1.4191538013046546e-6,4.1064288850150244e-10,-0.006463010952606001,0.13696974706070744,3.021849638261669e-10,-0.03079712035011295,-2.0372127829548395e-7,0.001036715723330939,2.7030809156867104e-5,-6.805442719108491e-5,-2.9263133932461514e-7,-1.1376320543098813e-8,-2.0146799090223303e-7,-0.009018012583987677,-0.0005439984491781672,-6.922234127382593e-8,3.14421017166892e-8,4.378548168096532e-9,-0.0038458936745090063,-0.014029854401879876,-8.955242721613523e-11,-2.4846155012202046e-9,9.653832894181687e-8,3.3661403878703404e-11,-1.9743212136703886e-8,-1.2048365679658472e-6,1.1881874403803956e-6,-2.4597623418788983e-7,-9.357132163641661e-8,0.0017924046931875567,4.152028525461915e-5,-1.2840176870089583e-10,0.0017529856077131288,9.292518667813939e-6,-3.344247196347179e-6,-0.0001389856549562871,0.0004001022265587022,-4.686534276981804e-10,-8.396170359889134e-12,0.001802633240206203,-0.01903855696336131,0.00037529394396769336,1.0076738279529733e-5,1.1055253541604336e-8,-3.978534177360558e-9,-0.0006662438951393174,-1.4564971316334614e-5,-0.0036042676573694093,0.0003529201068228712,0.013377269635891439,-1.036569688837969e-8,0.0022790584272577535,-1.7894161937550835e-7,1.824702780083123e-5,-4.549426749267257e-5,0.01587073310118285,-1.6087319781260337e-7,2.8910065028678973e-9,-1.0460243069159858e-8,-0.0002905223307027078,2.97771221082055e-11,0.026162671077569023,-1.5937045827229368e-9,0.013970208056290656,1.7376787546530267e-8,-6.452276982442676e-12,0.01739188584682218,-1.2069118282579031e-5,0.0008901470726932178,0.004934034321868577,9.057013661832848e-5,-2.381268347797796e-5,-2.914810515921704e-9,-0.0025774369632154573,0.049730574761547054,-5.363890545605275e-7,0.0007472794465895723,0.03035225437764498,-7.871589521244895e-6,-0.003497824968282872,8.059913756602314e-8,-9.481669508628948e-5,7.814858020358304e-10,6.741946222362415e-7,0.015359455462536099,1.068545149674682e-10,0.007828927943159354,-0.001842512159656341,1.7850682801934869e-6,4.1690584847644435e-11,-2.8402441675049547e-9,0.12838183437983053,0.1479924226287982,3.5957105075189526e-8,1.4153050074129635e-9,1.938007522562097e-9,-6.638894531917707e-8,2.0210458420098153e-6,0.006309359196665159,-4.4486343588751404e-6,-0.05554284323661072,5.37843024141117e-11,-9.503954855771359e-5,-2.4924523234071906e-7,-1.085802683859236e-6,0.012485736469764497,-1.1328511261461747e-5,-1.3234282027767098e-8,-1.6169242135374e-6,-0.0005688180301376126,0.00037467437372119654,2.4227547081619266e-8,-0.004349361885255373,0.0032668037364204858,-6.946840892312824e-8,1.3418997068546762e-6,-2.227312326756006e-6,5.799338465338042e-7,-7.787555064638448e-10,0.0016122645589961772,-9.456087808425508e-8,-0.001374662415967466,0.13800947237058867,-0.00019192059453058976,-0.034815787403033455,-1.565494542012578e-7,1.8159983721123934e-9,5.387602367910945e-10,-0.009849128400539222,-0.00048336055468684144,0.005888681028306054,0.0011284687890186,1.992278721240852e-9,-3.4438928096909416e-7,5.240781811627737e-10,3.266152636848167e-7,4.6768153278321776e-8,-4.179061542667436e-9,-0.04136210393251206,-2.9429938270214445e-8,-0.0013165449850897442,0.0006188129453838233,-0.005671701039294321,1.2330753162221491e-10,0.0011156989414020481,-1.2214986807343715e-5,0.0024192542560091293,-0.02286338812814471,-0.012302252144324722,-4.4096101864009156e-7,-8.618689553057162e-6,-4.543054976852824e-11,-2.2043393690478363e-11,8.18512071102489e-11,0.0003631847462371977,2.0767900130612648e-10,-0.0005297714201435169,-0.0016012062897948652,-0.0033769923983169967,0.00718064534716012,-3.2778331386374915e-5,0.04572811445506259,-2.2911555771947816e-11,-0.00014662963808112075,-0.004517107786638651,-3.337942347089738e-5,0.0011480576626484258,0.001901046005175772,0.10855591798060715,-8.900811805122415e-11,-0.0031975153437657656,-3.92206385702888e-8,-4.744363429904886e-5,-0.0075597845919931,5.477588799423102e-7,-1.4424420153516517e-8,-0.0003335229635622702,-3.55296131905404e-10,-1.4395675512794383e-5,0.020765795592311682,-1.743056842822203e-8,-1.3793240005151642e-5,-2.2499574249676855e-7,-0.0005951310154300644,-1.2541365905320074e-5,0.007136088566257903,-8.716832660434647e-9,-1.3423035192596716e-7,0.0004703041293961338,6.914135653298774e-8,0.04711449091421623,-4.2758415728977495e-9,-0.009032841459699577,-0.003830048764445018,-0.0019432094639051584,-2.8707297374112094e-9,-9.874949052806825e-8,9.390453374967845e-8,1.1624196902805345e-6,-0.006806586284525242,-5.503143875923538e-10,1.3885612873804304e-9,4.3072013403771627e-5,0.009308922702445457,2.415245060348635e-9,-1.3451321087312345e-6,2.0723519633365574e-5,-0.0016573668626859248,0.00044813005031028917,-8.686404709129323e-10,6.149693183416248e-11,-0.0007309317865056924,-0.00014256129821681477,-2.9565758747019893e-6,-1.8146925484736233e-8,-8.388375130720364e-6,-0.02131344319284047,2.7835097251319014e-6,-1.6024107623913148e-7,2.2636851693386086e-8,0.01681208610236728,-0.022062092525084124,0.0010000064193828467,-0.0029972418952882774,0.0015481832675002466,0.0010220732532077496,2.3803386113041605e-9,1.4480728063844374e-9,0.0050851545902766155,0.00010413568249870315,3.137302239148316e-11
0.0,0.0,0.0,0.0,0.0,0.0,0.0,0.0,0.0,0.0,0.0,0.0,0.0,0.0,0.0,0.0,0.0,0.0,0.0,0.0,0.0,0.0,0.0,0.0,0.0,0.0,0.0,0.0,0.0,0.0,0.0,0.0,0.0,0.0,0.0,0.0,0.0,0.0,0.0,0.0,0.0,0.0,0.0,0.0,0.0,0.0,0.0,0.0,0.0,0.0,0.0,0.0,0.0,0.0,0.0,0.0,0.0,0.0,0.0,0.0,0.0,0.0,0.0,0.0,0.0,0.0,0.0,0.0,0.0,0.0,0.0,0.0,0.0,0.0,0.0,0.0,0.0,0.0,0.0,0.0,0.0,0.0,0.0,0.0,0.0,0.0,0.0,0.0,0.0,0.0,0.0,0.0,0.0,0.0,0.0,0.0,0.0,0.0,0.0,0.0,0.0,0.0,0.0,0.0,0.0,0.0,0.0,0.0,0.0,0.0,0.0,0.0,0.0,0.0,0.0,0.0,0.0,0.0,0.0,0.0,0.0,0.0,0.0,0.0,0.0,0.0,0.0,0.0,0.0,0.0,0.0,0.0,0.0,0.0,0.0,0.0,0.0,0.0,0.0,0.0,0.0,0.0,0.0,0.0,0.0,0.0,0.0,0.0,0.0,0.0,0.0,0.0,0.0,0.0,0.0,0.0,0.0,0.0,0.0,0.0,0.21894228014627692,-7.46764901741256e-11,0.010952600351543329,0.010932827937078263,1.1872746113721429e-7,-2.191517078146515e-5,-0.00399639718031023,0.0017550867748500148,1.0218282435660238e-9,-1.0953942163751312e-11,-0.006615280498587025,-3.031378353970838e-11,-1.346981266429252e-7,-2.966670370148823e-10,-6.857749724114906e-11,0.0004930481965583252,2.3081511363805554e-6,0.0014204504823499622,-0.027692585533666474,6.662933517809679e-11,-2.8610008604184218e-5,-0.0007216046276131604,-0.037620139839432715,-6.837351795311388e-7,-2.442307185298032e-8,3.509764949981737e-6,-0.0004745015396631071,7.735979747222822e-8,0.05655742792196933,-2.0886416369300452e-8,1.8328471971072655e-5,0.11082631252590797,-9.38468026697461e-10,7.769128315696115e-5,-0.005963768853506702,2.2912364536446595e-10,1.678607704842483e-6,-0.00015234073855699602,-0.06665185212278722,1.8699799108174466e-8,1.6539547517108305e-9,-0.002070158033570978,5.0807231270842595e-5,-8.623969406451947e-7,4.1900456626048844e-7,3.6991833838824182e-6,7.83128834102423e-11,0.004085039426611877,-0.04018021303814752,2.067855173952972e-5,-9.708355797419712e-9,0.0006587662909170994,-4.8701451967339215e-11,-1.1722620752227052e-5,3.1047146101741506e-7,-0.028952750938691495,5.0434870825403685e-6,0.05012532625828245,-0.0009054967131954529,-4.2202754957804374e-8,4.9205518661399325e-9,6.643680173365153e-7,-0.00014847699153935407,-0.003480364774237165,-4.778023798822568e-11,-1.0729288944945805e-11,-0.010809488746273976,-0.001731744544052686,-8.355539156564932e-9,-0.04541538398701599,-3.7629028555006076e-10,7.024258212253997e-6,-3.010605762639991e-9,2.3398452768075987e-5,6.187755112306527e-6,-6.154813785328809e-10,-0.00674666977496701,0.0008117057778071683,1.3126262873783494e-7,3.668967392058616e-7,-0.007770295517409019,-3.289670848297246e-10,-0.013755271447068203,-2.09231448743072e-5,0.0010853945676879966,-5.3716728824375916e-12,0.002999401866760773,1.1300283742099994e-10,3.5235230794144786e-5,4.1552060671323155e-8,0.019990373010650084,-0.0035956463650693993,-0.008315681732099803,7.503994441525652e-9,0.00015550066030254944,2.4681881296890013e-9,0.0001333694110041666,-0.001188929494176163,-5.89980747228566e-10,-2.3595669382530372e-7,0.11931108210779674,5.924182664108463e-6,-1.3520973951739947e-6,-1.4027903085515164e-7,1.6164289070852194e-10,0.01701687644441631,1.4188017611384146e-10,7.888841288350969e-10,8.170140158810798e-9,3.233823886898853e-5,-0.00729792104825151,0.05074672216164561,1.0323724360313421e-5,-5.23405435230169e-10,-8.741872164604845e-11,1.8647384857600645e-5,-0.004874522783859067,-3.439877701806728e-8,-2.925983363159647e-5,-5.6070523106257325e-9,4.489445596617598e-7,3.1502157076496e-5,1.1180994052373845e-9,-0.013410027922544542,3.3290498016398724e-5,3.587919362543871e-6,-5.93890420954418e-10,0.002474469550645521,2.0540358459409276e-10,-0.01923508671654733,1.3665987953597547e-8,-0.006633382528732371,-1.313458041858197e-8,-3.2255302202154003e-10,-0.001004768689061913,3.9695813595737055e-6,-0.00017559443076174637,-0.0263976466984222,-0.0030640719077888096,-5.0786364297568455e-11,-0.001948290615262462,0.04211687542600462,1.2216723315687883e-6,-1.9753301208400958e-11,1.974532748777317e-5,-0.00017438448513456973,-0.0020213601676590184,9.704437031464354e-6,1.0233569882843503e-7,-1.6522884262102392e-7,0.020296998576756067,-0.00020883533440462212,-0.010470400551834175,6.828586947184251e-11,-0.041824114395739825,-1.4306117769359615e-6,4.3999059412051664e-5,3.5142950922285623e-9,-1.508648273429533e-7,-0.005360531743541235,8.339969648920068e-5,6.15540091620147e-7,0.00010192696313754805,-1.3004552581918278e-8,-0.03020755907488652,-6.412165216506698e-6,-3.4031395277759685e-8,-0.0008680967895683746,-1.3875195005641487e-10,0.01142684085303051,2.6974490929117427e-9,-0.0005553366705570911,-1.5753455920693993e-5,-3.261848675700045e-11,-0.0006497067880119712,0.09763550001686648,2.8262018914552047e-6,1.8435848220807918e-9,0.0019133270542573406,-5.3640170871609565e-11,2.4278654747122226e-8,8.68579339430696e-6,-9.595821132665207e-7,-0.04256571701809954,-1.0909126347788033e-11,3.4845484054743343e-7,0.013330553980534577,-0.00020292422675721307,-2.1121929361669313e-8,6.281184226871178e-11,-0.0031330191271800815,-7.132127136988124e-7,-8.764949729202237e-9,1.560737044698262e-10,-1.6707082513872743e-7,1.4153554275501048e-5,0.00026011310432141004,3.5504465164981966e-7,-1.2721542617938208e-8,1.2671141374067868e-5,-2.641131922919721e-10,-5.276853972357503e-9,-1.2777663880795564e-9,0.00042990503716337786,-3.5003138642431184e-5,-0.009257632580139561,0.020495497982483873,-1.0676445700671894e-7,2.073667115074792e-7,-1.8336013960321648e-10,-5.594129321367345e-5,2.3297282070091974e-10,-0.0009201184504467892,1.3777444640346097e-9,1.2574311727724068e-5,-2.9222608077758856e-8,2.2573671340180856e-11,-1.102815733618764e-8,-2.8442884749465113e-12,-1.614762091641608e-7,-0.006549002006348227,-9.274372328698684e-11,-1.0147006144039229e-11,2.354736345405163e-6,-0.001216475722035654,-4.0710585011522986e-7,-4.309090376436356e-6,-0.01943510582182722,-1.7530896872473622e-6,-1.319258242681578e-7,-1.304309515329667e-7,1.1184962472845966e-5,2.0203876572783773e-5,0.0019314555282281217,-0.0067801378134933555,-6.027161063681134e-6,0.004874235633870301,-0.0012186735261539106,-7.649237667240279e-9,1.9893884789024287e-9,-9.065594037815829e-11,0.005119441173577205,-5.869248605038764e-9,-0.008061674932629976,6.370345896044037e-11,0.0015610672253404114,6.874088858828378e-6,-0.011059445920688853,9.979184931644204e-6,-5.600636932827051e-11,-6.452146744553805e-11,-2.31718787101682e-12,-2.5695664941871648e-11,5.0378295191926836e-11,-0.0005680162847326482,3.1060573405385286e-8,1.5373125813719983e-8,-3.723467399524245e-5,-1.329098597524477e-8,2.950554801359069e-9,1.9768606354441325e-7,-0.00448554399445267,2.9039066884244593e-7,-5.075056752686891e-5,-5.375142196978214e-5,6.40304686124393e-10,0.0008260030569390476,6.579533680984867e-9,-0.0012920206334385183,5.95789008394391e-11,-6.867461951520858e-12,-3.339872349400602e-8,-0.019654928237372322,-9.053175166089355e-10,-0.001023346538322,0.00951400633595059,-4.330819676312348e-11,0.002119493715659217,0.0008293847568279601,0.05979233023872298,-1.1264376700715195e-7,1.9749191697544783e-10,-6.959476578476896e-10,4.380852986955868e-6,2.9503680172533616e-11,0.000116335641420106,2.2694525079837278e-11,-0.0009645492849831989,-5.251283143437099e-10,8.028542138125347e-9,8.571595351813059e-9,0.01269408824612049,0.0022261027122026968,-0.0021037083450995892,3.867659394494612e-5,-3.794083474504972e-9,0.0003430443274897594,1.5638837056334773e-10,0.039531406015949476,-6.812674583502427e-8,3.0828767662153864e-9,1.9841584589792687e-8,0.005172936545811923,-1.0942184833938441e-10,0.02294160717034532,1.0752257996801721e-5,-0.05375626822609427,-1.0151077128695864e-10,7.334788040862879e-11,2.1224474911819553e-10,-0.044717627639396476,5.4382336681875224e-11,-2.406512431959616e-10,2.446611422717303e-10,-1.6101502286638057e-11,-0.0163769650057339,0.00013782792756119127,-0.003431956800115012,1.3087354097069783e-10,4.802714601858527e-10,-7.52770688784011e-11,-2.0817831358404388e-5,3.1346662500536325e-10,0.008476616528067044,3.3653922425137444e-5,-4.5885782562187626e-7,-7.018617709043138e-10,-0.004396869508275531,-0.00038067215468909154,-1.526740355353316e-11,2.0648941930383255e-9,2.4459223323555606e-5,2.5138587565529202e-5,1.6858610830295964e-6,1.4907043635376515e-7,-0.0015848321719384366,0.005673104744372279,5.602551703599492e-12,5.226106566466541e-9,-0.06871098011362922,8.388422012453307e-7,-8.751731997890488e-9,-4.834912122651193e-7,1.2595102513423501e-5,-1.216310311409548e-6,-0.008249052814125215,1.7151476620504696e-5,-0.0006515097418674824,1.5969927667419396e-5,-9.624121578005314e-11,1.123856722294288e-5,1.2469081107013053e-7,0.007383992210223755,-0.011950327584967882,1.4214461622772822e-6,-4.337080941483082e-10,0.014571567070604884,0.0011756646346250553,0.009818652294172198,0.0026650880138922727,3.6119033993778954e-5,-6.813905355239221e-10,2.21892727893051e-9,0.00014702490290448373,1.928387004881919e-7,0.0009739738449888953,0.017910879833886124,0.14935683484679935,-0.0006409281561855565,1.7888815814012545e-6,-0.004660294998785158,0.012227452149832419,4.0479634677058013e-7,3.0037891752258553e-10,4.997955000215661e-7,1.413197339973449e-5,-0.005647295096041843,-5.198166889541436e-5,-0.011004840989297025,3.327525842801774e-6,0.011501061597533238,4.0055646600770735e-8,2.9552835559686295e-8,-0.021754130765593526,9.183150738536036e-7,0.009555043681870512,-0.02537026904661909,-0.0007019101840674195,7.040945700138744e-11,-0.001190720881305894,-7.319835121621664e-7,2.4631931155052015e-6,-0.015118209673244518,0.03430519581344329,0.0003537309925138234,0.1655391854767181,6.081281751189701e-6,7.234351601510293e-11,0.0035347092833376186,-4.775651680540001e-9,-1.193374612837077e-9,0.0039819511215567725,-7.369592700186882e-11,4.362206784338557e-6,0.0005156373167459127,-0.00021377582622901156,3.268874380697556e-11,-5.181306504111513e-8,3.274443475791075e-5,0.07223670620634483,1.2704063917137067e-10,-9.602914273199174e-10,-7.0226351208726e-6,3.650115720928285e-9,-1.4330071905441655e-5,-5.127194371803251e-8,-1.1784598407158223e-5,5.635428124499821e-6,-2.9229411677704026e-5,3.2356029754880044e-5,0.00038933017212776995,4.605608014708586e-8,2.459809149393524e-7,0.0015836896110085236,-0.0005287861451604134,-0.003318957422239028,1.7870955483856848e-11,8.952454859434061e-10,0.00610341311767842,0.13564076599672717,-6.935965036161218e-5,0.002060840461034109,-0.001156740973817778,-2.2837503266383623e-5,2.0127008769039465e-5,-4.9324871745330196e-5,7.934835933401861e-5,-1.9859103735815332e-9,-9.71007172173228e-6,0.00030349412996272707,2.469607745760601e-11,-1.7292348262689747e-5,3.221404645736444e-6,-2.5509357396569403e-8,-6.456895578229034e-8,-0.006101604190137493,-0.002957271873356925,-1.3379876028790315e-11,-6.871995491359427e-11,4.8906252787845263e-11,-2.7943166100631933e-5,-0.03226839244177584,0.00024314031681620593,-2.0522823965903137e-8,3.734533330992633e-7,-3.526177393879741e-11,-6.552395854361377e-8,-3.1947768690274507e-8,0.0020652761497927854,3.302129155798917e-11,0.0001554594189971024,-4.958079611014614e-6,1.0634703336628622e-7,-8.069568564717111e-9,-0.0001380140247696972,-0.0005604903737084373,-7.018794028115068e-5,3.7345340794716466e-11,-0.002895345840645377,-1.991569959778664e-8,-0.013431296863048732,-1.2874204189932192e-8,-0.047301682589173194,-0.0009853172573756125,-2.3739316122966153e-10,1.813889594049783e-5,6.806272453337496e-9,1.5555580834378873e-8,-1.051897392700835e-6,9.732366317941746e-7,0.002505488617032907,-2.8977550052343505e-10,5.745035128178228e-10,-2.4408486086981793e-5,-6.610654650090961e-8,1.1281280634048423e-10,1.872892156392225e-6,7.86560588417297e-9,-0.0006964618976021883,1.0685720024162594e-7,-0.04311477462613107,-3.687226997554343e-7,1.015271844629459e-10,-0.014750955954453575,-7.968675901869905e-10,-8.685044490636971e-12,9.240776987227972e-7,0.0015076649174035129,0.0075599897909166165,-3.483839710742155e-11,-1.6279177362588575e-9,0.0004179733548484296,0.037244310329015824,-0.029496835080457456,0.0003417126899390714,-1.1104929669183713e-5,1.3032440884854494e-9,3.0220530890339387e-6,3.1230836998212565e-9,0.01100926740039699,4.5003568517359315e-6,0.0024679907863369714,1.9937102268817888e-5,-4.0092141316447815e-10,3.514458027165125e-7,0.00025492018566713385,1.8396735700173445e-6,1.4629158770963447e-7,-5.965493918983389e-7,-0.017003543684650037,-1.567395566716651e-11,-3.3963746673812775e-9,-8.218379954951229e-5,-8.558555457996774e-5,4.009534590611202e-5,1.4403548965863328e-6,0.009292657471667552,-6.69347714412694e-8,3.1110023863025724e-5,-1.909627127288584e-11,6.024404880899975e-10,1.7439456443861144e-8,-1.8788003681251894e-10,4.2628260061702295e-5,-0.07316883814038963,-0.015251578233453973,9.447973811406539e-8,6.799134821928287e-7,-3.6767423433962574e-8,8.845760861108878e-11,-0.00018804019463345637,4.3140417264392735e-6,-0.03887079093571074,-0.0006449459177265144,-0.0008004860031481828,0.017824047145741418,6.300484186423608e-9,-0.0006898008236165706,1.144021814430177e-7,1.2435147255265941e-8,-5.054519900377735e-9,-0.0066846062911524754,1.0830125404171847e-9,1.1833142469714411e-5,-2.368729542595135e-8,-1.0498950412290869e-10,-1.4364425881838233e-10,1.1487504904213842e-5,8.141730084936348e-6,0.020898171736318857,0.0027774941485459296,-0.0028676789960035975,9.252762312007707e-9,-0.03542596357998793,4.759254906063881e-7,1.5323641264979183e-8,8.703236254576458e-9,7.047274293815036e-11,2.9938763542880728e-6,-1.1879206999237581e-9,-0.0006864020912421111,3.4152810056731393e-7,-8.474772705439184e-9,3.338077615607271e-6,5.73707771650607e-10,-1.0864732657289817e-10,7.844960597410965e-10,0.00968071909118153,2.0945758525787437e-8,-0.0002966951053836446,6.024202131324733e-7,-1.2799086800469689e-10,-0.000162478739575791,0.0036703319564220156,2.6592974913699354e-7,-0.001966271265294054,6.390510631504334e-7,1.947766630747291e-10,-0.00010289830217041475,2.215679266236156e-5,-3.333518905166925e-6,2.434780135062423e-9,2.7562124776497062e-5,-6.915223221212651e-11,0.1551701265072846,8.252887022818383e-6,-3.62496081384432e-8,-0.0010360963514761084,8.580029879570953e-12,-0.01564454625633315,9.093987966216503e-11,-3.755466778692358e-9,-4.381292141291323e-11,-0.005341986953740374,-5.53008097825213e-6,1.3680632658307376e-6,1.2126821605939401e-5,-7.644553513745968e-11,-0.0011884003659733417,-0.010149469937885312,4.663486838142382e-7,-1.2028453921519217e-8,-0.020637130420582194,-1.792906637072984e-5,-2.0421514219424596e-5,2.69272133569775e-8,-4.575555040906786e-8,0.0674766208006189,-0.013600006853054047,-7.563531642393738e-9,1.1167541379308915e-7,1.2074967983358732e-6,-9.021986131589796e-5,1.5742938371796217e-6,8.929936050196538e-9,-4.848184119087746e-6,0.0024213015670006602,-1.1477297751793497e-5,2.4763140538083745e-11,3.789063480871381e-9,-1.7052729446608812e-7,4.104927572369581e-8,-1.107436959839173e-7,-1.3750299240427574e-8,-0.05408308409810848,-0.07818917649296575,5.423342939152295e-11,-7.918496823493593e-7,-0.004216029206206714
0.0,0.0,0.0,0.0,0.0,0.0,0.0,0.0,0.0,0.0,0.0,0.0,0.0,0.0,0.0,0.0,0.0,0.0,0.0,0.0,0.0,0.0,0.0,0.0,0.0,0.0,0.0,0.0,0.0,0.0,0.0,0.0,0.0,0.0,0.0,0.0,0.0,0.0,0.0,0.0,0.0,0.0,0.0,0.0,0.0,0.0,0.0,0.0,0.0,0.0,0.0,0.0,0.0,0.0,0.0,0.0,0.0,0.0,0.0,0.0,0.0,0.0,0.0,0.0,0.0,0.0,0.0,0.0,0.0,0.0,0.0,0.0,0.0,0.0,0.0,0.0,0.0,0.0,0.0,0.0,0.0,0.0,0.0,0.0,0.0,0.0,0.0,0.0,0.0,0.0,0.0,0.0,0.0,0.0,0.0,0.0,0.0,0.0,0.0,0.0,0.0,0.0,0.0,0.0,0.0,0.0,0.0,0.0,0.0,0.0,0.0,0.0,0.0,0.0,0.0,0.0,0.0,0.0,0.0,0.0,0.0,0.0,0.0,0.0,0.0,0.0,0.0,0.0,0.0,0.0,0.0,0.0,0.0,0.0,0.0,0.0,0.0,0.0,0.0,0.0,0.0,0.0,0.0,0.0,0.0,0.0,0.0,0.0,0.0,0.0,0.0,0.0,0.0,0.0,0.0,0.0,0.0,0.0,0.0,0.0,0.0,0.21605249736476193,5.378523403866795e-12,5.4803269956442525e-12,-2.0902973208917043e-5,4.928494831125696e-7,-7.876915439779837e-10,2.4477630771529625e-9,-0.0023681603648805266,0.017328957104843334,3.8516871221757193e-10,-0.01640263987671951,3.8465812107763475e-5,0.0019676576457732463,0.0013066399548637153,8.050740405745767e-9,-2.4668988882215574e-6,2.7574859528006828e-12,3.67527167239242e-11,-0.026279753787567365,-8.578380137290217e-8,1.3722139539145752e-8,5.144184930297323e-10,-7.080756189629945e-6,0.0002676314235381692,-1.6850918700026897e-6,6.125091547558894e-9,-6.587763140028543e-5,8.886238173030377e-11,9.330301572648164e-5,-3.68488221375735e-8,-3.516239880938107e-11,2.6749798001344764e-5,5.08367147787755e-8,-7.66691830629294e-10,-0.017004717871373896,1.940587385916064e-6,-1.5643583962051136e-9,-4.8402796556347845e-11,0.0001524337588646948,-0.0008325940330516067,5.039395634122392e-10,2.390635246334582e-8,-1.3774263483012486e-7,-1.745757486391307e-5,5.411319348003706e-7,-0.04816712269453457,-4.805062315226212e-9,1.870713564418626e-11,1.8484455151262108e-7,0.00040352251954815836,5.659345667619693e-13,-0.0005411998929767254,2.2171900131984626e-7,6.996273806064117e-6,-7.199153597668163e-12,-8.678280752683041e-7,2.3588998932199304e-11,4.843479408667666e-10,-4.142979333301324e-5,-0.0008285924054030027,1.285672463369649e-5,-1.6671363127710153e-8,2.0689571772948203e-10,0.09873067720652451,-0.050216945808928035,1.885219594510388e-11,-5.366119450619466e-10,-1.3486624753356654e-5,2.1170335621795976e-11,-0.008509673056957951,-4.2357581394410413e-7,0.000977579577482115,9.95636078250063e-9,-1.7509310617189753e-6,-0.0011002276889847163,-1.4566819202391772e-12,-6.240092492466933e-12,1.4807215157674852e-5,1.0274278163719963e-5,6.89966415539447e-10,0.0008028420684285619,1.2781537897808944e-10,-3.5364057929004925e-8,5.807829723510669e-12,-0.03185377271561781,-1.1140235420478365e-9,0.031681078303330626,-9.435038151153218e-9,-3.5448962664764456e-5,2.2721130159447622e-11,-1.8385640886370704e-9,1.0608350110644845e-12,0.00010582036013300519,3.4229995715518156e-10,0.0017552552425517277,-9.306516235935197e-10,9.086218050615185e-10,-0.00028468667491326235,3.0787037637684224e-5,-1.5832486224036639e-10,6.324333532248089e-8,3.0557995832582306e-6,2.548066140762514e-7,-0.005389320565841881,7.424305337725515e-12,-0.009291132163773213,-0.009550822105099723,0.00038378076669142976,-2.7369258558938217e-7,2.7629944035578553e-10,9.185373861028519e-12,1.3943930540420495e-7,0.010686964623612972,0.15518317578050633,-1.9968820538686582e-7,-6.155612655005167e-12,0.00015693053780313978,-4.502661188314973e-8,0.0014759502194750826,-6.740790220413881e-6,3.231333228328871e-9,0.0016922604211925942,-9.141613955028138e-12,-7.334182647901607e-9,-6.432918191460228e-7,0.004729557302202246,7.212366551258811e-10,-0.014316751002912114,6.246171120234032e-11,-5.7648088117355e-5,1.1336082590867622e-12,-0.00037229710024519675,-0.0029764650868403064,2.0565389416889124e-9,-2.3245710596405162e-7,-2.852115949921586e-9,-6.345998454194493e-12,-5.947332343978203e-11,0.13219916456700642,-7.034080108815822e-13,4.3275378060450455e-11,2.0641022724464355e-6,0.005512480988158238,5.296328065318247e-8,-3.6989964751924234e-8,-7.470352811650442e-10,1.4284663273104412e-7,-0.00016276757145408403,4.645325311437646e-5,-3.190380859761769e-11,4.48589428979132e-9,-6.9766638305127376e-12,-0.07659036991264051,1.2933790588686098e-10,-2.0441866503467896e-6,3.7452751292025065e-8,0.00043342659001318576,-2.6232342960697906e-5,2.2369632264290184e-12,4.824423416393785e-8,-2.401821100916865e-6,3.4600691762369615e-9,3.341512026140244e-5,-7.825554304657141e-11,-6.73731732118861e-8,6.877027841434238e-5,-2.7003227046043704e-10,-0.023687586459236798,1.2140633461502153e-12,-0.002447782423137117,-4.478668413056128e-9,2.2972004509866917e-7,-0.018267482005131275,3.869543512562886e-10,-2.3332438238943434e-11,-1.7394791087017948e-6,7.895631141915858e-5,1.1990872547090455e-9,-0.05373040124217629,-6.663992008589458e-5,-1.5394780331079968e-6,1.4269418061002697e-6,-1.4401741355406471e-12,-0.0017318613801551995,-5.336379808601048e-6,-3.024678689739563e-11,1.0424746701732875e-8,1.2251150819730948e-5,-0.0019888608625685394,-9.906557129593224e-11,1.4819917782887825e-6,-8.06023609828005e-5,-0.00030979917748562004,1.6368820885577337e-5,1.8984646546133913e-8,7.383617618514662e-9,3.5209723526961234e-6,-0.00010791046586496628,-3.818435022720272e-8,-0.005353092516644887,-0.000768499784729892,0.0003743192102811108,1.0516901713231137e-9,6.9600812831580975e-9,-2.5297940108561044e-11,-2.047475645632884e-11,3.171832219009665e-5,5.538845185625153e-6,-0.0007493981655071488,3.556206134011269e-8,-0.007157309222129307,4.660492327464304e-10,-0.0009239050287633308,-7.169269462441346e-7,-0.00016621217535943002,-0.0008400831626251802,0.00022375926150634059,0.027735709757246787,1.9542168616940807e-5,-8.838489838295697e-13,0.010453084701149645,0.022595212905841294,1.5359056641132244e-8,1.072973185822337e-9,1.0299859027757499e-5,3.2742272989331204e-8,8.94333460630152e-12,2.243471874727674e-7,-3.351001025085329e-6,1.9566455730105345e-5,1.3693191981456024e-8,-1.3689724871790286e-7,5.014410728711975e-12,2.6432260477926384e-11,2.8417689333456086e-7,1.8561478956855535e-11,-2.042732082829239e-12,7.60999245040885e-5,-0.005804225265165082,-0.012873749585456198,2.4020313750713593e-12,0.0001791760418820069,-4.264886393140838e-12,-0.016071980246903435,-4.3128564952825277e-10,-1.2310730253834264e-7,-7.15486460225111e-13,-1.6689487173182955e-7,0.059781594089532104,-0.015671336657981205,-0.01234186627696161,0.06203151454972062,-0.010789047442515695,-1.4592993861276306e-9,0.00014992676521775972,-0.0003159356643267485,-1.2209767024478046e-7,0.0007069265932156807,-0.0003358379892484506,2.2333545471445425e-5,1.125278928934455e-12,4.796620016359577e-6,9.799471668471793e-9,-1.2533611267107143e-8,-0.0038665737988189557,8.095609271918096e-9,-0.00039398223180854574,-1.3832049717107387e-10,0.030931453136212258,0.004133737957607268,0.0004027389596709842,-5.581385806055358e-11,0.0025913503208835837,1.684132484306842e-8,9.789962763252032e-12,-0.01857029002165998,4.330511299987031e-12,-3.739268782835017e-9,1.286590981859415e-11,4.293446216801713e-5,-0.0014989619834386513,0.002874828483431698,-1.5821694083942856e-6,-0.03344489431948983,-6.188634559225681e-10,-0.06292407253353538,6.182245498908308e-10,0.002595689985330466,0.0006168895803792362,0.00027628189450807625,-2.3250210522761473e-12,5.024995992294955e-12,2.0844529111012803e-10,-6.220180301756163e-8,-2.6128052315425407e-5,-2.2548709981660103e-9,0.005146991279667467,2.9226640510772706e-13,7.159271334195099e-6,0.0009362523523426254,-0.0005117644449482198,-3.072917434150903e-12,0.07596298024572572,2.6584143799431534e-11,1.948905468850385e-7,-4.785551345021302e-11,0.0030348791084568436,-0.003951795710484985,-0.0032326782056327397,1.6930309817962335e-11,-0.012155793565075675,-0.011835284834069247,0.0034578364214115274,7.916133288038913e-5,-1.0912479835201869e-11,1.9210083594662893e-8,5.989272878895948e-10,-0.019260519587565833,-0.003337128246398046,0.19446607742875952,-2.0835276919990283e-8,0.00016296833605668242,5.854686204877707e-12,4.333777079983634e-8,4.644725875629762e-7,-0.00032275447011594776,6.144790255095719e-10,2.7598642041303396e-9,0.0010444334002060508,-0.0005019522837325012,3.240479549330021e-9,2.870700021032006e-7,-1.4004195379672786e-6,1.001535605413328e-5,7.553319492138316e-10,2.6506347282056596e-10,-3.126783486166003e-5,0.00015393183512262915,1.1454699506588117e-11,-2.6104582866647903e-6,0.0012883004066010187,-4.900978659935567e-6,-4.220181761660203e-9,4.250231365181691e-6,-8.402415547485513e-10,1.1639157224137573e-9,3.89437002486778e-9,2.467953732557921e-8,0.039270253535135184,-1.076838611438863e-7,5.613674030488321e-6,1.6625731619503043e-10,-4.139673071256074e-12,5.595581964836996e-7,0.008969635447593468,3.4135607469249244e-12,2.9932430725852237e-10,5.5556856050788225e-11,-9.572104871320047e-10,9.452850218973977e-9,0.0006861928510989669,-0.00015487423087329544,-1.7487435459251685e-9,-2.7247020154669934e-5,-3.446227450153971e-9,-4.242430224365683e-11,-5.396261704426775e-11,-1.545486434158912e-9,2.984131496783779e-7,2.815723940571558e-12,-6.941368222082211e-11,-3.006593901482411e-5,-0.009079206281950896,-4.372881751369793e-6,4.07899809614828e-8,3.0489254637783333e-10,8.361349978104965e-9,-1.806154025681402e-11,-1.4418113946898337e-6,8.634073754972649e-12,0.00011791757540151868,2.327514211809154e-5,-2.3103044984424607e-10,-1.5962407451014658e-6,4.182254554195885e-10,-2.7088716738645126e-12,-2.2992201533934917e-10,0.009186784497997529,8.80453202024186e-10,-7.183199246415041e-6,-7.016366916907644e-7,-1.1340351722733363e-10,4.2544179702833496e-11,3.8302898044848334e-9,-4.7560344435434846e-12,-8.193405529516601e-7,-0.005183494369143295,4.26086511077298e-12,0.000363846485566429,0.0036264049099146503,4.013022786709979e-11,0.04951440792015223,-2.1416351571982687e-6,7.209044095737326e-9,-2.463233713423902e-8,-0.003253474656623785,-2.8185062176371936e-5,-1.4663023564692801e-8,6.915267972933028e-11,-0.03781784681738019,2.9545248867340363e-5,1.1605498751823525e-11,0.00022644428640690353,5.594344839160431e-9,4.996344935571128e-6,6.079626079930911e-7,-1.661283744464928e-6,1.8697498784635968e-9,-6.037794372279844e-11,2.1281206241663187e-9,0.0001008959468643414,1.4498127087646644e-5,1.0171461481028707e-9,-3.4322925691467026e-10,-4.423240721644727e-10,-0.07456523055957279,0.0007786073522960636,7.519870274810216e-13,2.5533930423130444e-11,6.092342525360475e-8,-3.437333559801795e-13,-2.9021188907657637e-10,1.3694079176153432e-8,-1.0312159994159992e-7,7.942113458704021e-9,2.103119400650379e-9,9.45737111498488e-5,1.5434317043536046e-7,-1.0238043093877737e-11,-0.030081220083497125,7.241540875487461e-8,-4.3332637247397666e-7,1.4646897544301743e-5,-1.066019905953541e-5,8.010632034356407e-13,-2.9925453158147506e-13,-0.006337781168594015,0.006385801245165023,-0.01889294796010931,-5.391709736852249e-8,1.0124950190624187e-10,-2.777075644113259e-10,2.6454837245538186e-5,-1.1160001179897378e-5,-0.006214820410965477,2.9653039520965055e-5,0.0002075520978013746,-1.272401323152602e-10,-0.01231528746031462,-2.4992525419611656e-9,-1.1237964758231381e-7,4.400280635868212e-7,-8.032003150183005e-5,-2.6635951284485742e-8,1.8560028273119961e-9,5.2519809449758375e-9,-0.03909990803069667,-1.5625612182565846e-12,0.0005098384473284499,-2.3754085813154685e-10,5.201996129874349e-6,2.462341798079065e-10,5.340828579600153e-13,0.0008526288266290314,-2.410103742328571e-7,-1.749525565132289e-5,-0.0001358581675045659,1.7859842327887256e-6,-2.202417871540356e-6,-7.025836907681691e-10,0.007717575528968209,-0.0007396110848732606,1.3403729679897439e-8,-9.903051921462965e-6,-0.002995050692817607,3.8893466134849656e-8,6.991646717988737e-5,8.550276009394117e-9,-4.039110779663619e-7,2.8063906420125628e-11,-6.063852309011854e-8,-0.009888063967153131,2.3598202382298355e-11,-4.721065936593624e-6,-0.011894289448546218,1.5424255336690364e-6,1.1876423579848886e-11,7.389195119576752e-11,0.00018314863047155458,-0.00024608521116099337,3.3268368711438096e-9,4.2425700846481846e-11,2.0305237088165487e-10,8.819176464945401e-11,4.340646403747301e-9,0.0009620679130142429,-8.340653887894992e-7,-0.0019510129486719227,5.297749828286752e-12,-8.96233285453031e-7,-3.885650744833716e-10,3.050675803553848e-8,0.0012174173169557665,1.0344347650097138e-6,4.832941789682326e-11,4.0926726061924394e-8,-1.8381065408823745e-5,-1.995472662402145e-6,6.447878643180841e-10,0.005963145375477414,0.0004768692421082763,-1.1856776048941053e-9,1.657869613054767e-8,-1.240561806744094e-7,-1.5005537014325673e-8,-8.382409854384521e-14,5.977182299613856e-5,2.7233118599102963e-8,-0.036339770630972976,0.0007176043257908745,3.621152271718832e-6,-0.002986671725212093,6.086991126895292e-9,-3.379734803218836e-11,1.334518759174168e-11,4.032469564104105e-5,-2.901107879338142e-6,5.90353527342455e-5,-0.0022862904257607494,7.282351350926373e-11,-1.313933321394997e-6,1.1062292594680736e-11,1.779437444927081e-8,1.2522672710933848e-9,-2.279349550962347e-12,0.0010081640301741778,1.191671365401984e-10,-0.00012359105684914615,-2.7274351058650374e-5,0.000278059013705053,9.16157981885469e-12,-0.004460710436639525,3.133141367697996e-7,9.335566626020334e-5,-0.0355118638797012,-0.008227113263854736,-2.2622839594637347e-9,7.460976911015763e-8,5.80027922506647e-12,3.5496992327402582e-12,7.807340490187215e-13,-1.734736581340311e-5,-8.592549791975611e-12,-1.5815830980420156e-5,-0.00034506179766855493,-0.00019419898327164973,0.0022416920190920517,-2.4243097076619812e-6,-0.00022580771582446127,-5.522877115407524e-13,1.672266860288584e-5,-0.00012286593988529071,-1.3323776270551193e-7,2.018890512393833e-5,-0.007982565100749076,-0.0007572559694326507,3.316821099620214e-12,8.541466356663357e-5,3.541369107091491e-9,1.193534960946924e-6,0.010488053973130048,-6.6842701400181185e-9,2.639505605939099e-10,6.737479064794148e-6,1.2250156427090114e-11,-2.3842429991794725e-6,0.0011340776793936714,-1.981358447649777e-10,2.015255636505355e-7,-3.730981804173362e-8,-0.00028691261968181954,-5.7894485531235925e-8,0.11233589093712354,-1.0108504333497397e-10,-1.3963503752160801e-8,-8.77112055487293e-6,1.6781178722398444e-9,-0.0006923888160432517,-3.013941577080897e-10,-0.001637382664214326,0.0014235267139857946,0.006452972219654028,-1.1021409611947092e-10,-1.0921683287972026e-8,6.293591297911233e-8,1.907097001951226e-8,-0.030325522934322665,2.7778122193906113e-10,1.8409243523749916e-10,2.9677640450570702e-6,-1.8440191464521043e-5,9.75708567264012e-11,2.5531270637197074e-8,-3.709922909862608e-8,-2.7224544916180438e-5,-1.395466682152788e-5,6.137752014901127e-12,-1.806111607172395e-12,0.0007521487740209616,3.089849134365978e-5,-7.753383149463138e-8,4.78203907194576e-10,-6.919113581056425e-8,0.0004837270791782572,1.1754086982081822e-8,-1.5730421961661612e-9,-1.0719668641351088e-9,0.006206382968413502,-0.00039759117880762727,-6.460004604796563e-6,6.098876478747768e-5,2.438409614137414e-5,0.00013402067703210285,5.134859477099484e-11,3.8384811319078445e-12,-0.013847409452309799,-1.7727556196543417e-6,-7.231131915402323e-13
0.0,0.0,0.0,0.0,0.0,0.0,0.0,0.0,0.0,0.0,0.0,0.0,0.0,0.0,0.0,0.0,0.0,0.0,0.0,0.0,0.0,0.0,0.0,0.0,0.0,0.0,0.0,0.0,0.0,0.0,0.0,0.0,0.0,0.0,0.0,0.0,0.0,0.0,0.0,0.0,0.0,0.0,0.0,0.0,0.0,0.0,0.0,0.0,0.0,0.0,0.0,0.0,0.0,0.0,0.0,0.0,0.0,0.0,0.0,0.0,0.0,0.0,0.0,0.0,0.0,0.0,0.0,0.0,0.0,0.0,0.0,0.0,0.0,0.0,0.0,0.0,0.0,0.0,0.0,0.0,0.0,0.0,0.0,0.0,0.0,0.0,0.0,0.0,0.0,0.0,0.0,0.0,0.0,0.0,0.0,0.0,0.0,0.0,0.0,0.0,0.0,0.0,0.0,0.0,0.0,0.0,0.0,0.0,0.0,0.0,0.0,0.0,0.0,0.0,0.0,0.0,0.0,0.0,0.0,0.0,0.0,0.0,0.0,0.0,0.0,0.0,0.0,0.0,0.0,0.0,0.0,0.0,0.0,0.0,0.0,0.0,0.0,0.0,0.0,0.0,0.0,0.0,0.0,0.0,0.0,0.0,0.0,0.0,0.0,0.0,0.0,0.0,0.0,0.0,0.0,0.0,0.0,0.0,0.0,0.0,0.0,0.0,0.2157620470518217,0.016863307406989977,-4.549227668458806e-9,4.2941436659800017e-7,3.1561022783865657e-6,-4.7406498815980674e-5,-1.254649274690749e-10,-4.309491357619904e-12,-0.0005404888025804211,6.478760696159073e-13,2.534243597255004e-9,2.452606639686e-11,2.0155682868998945e-10,-1.942938024335485e-5,-1.830395018468396e-7,-0.08828276044979672,0.003380309187151982,-1.6714049222448248e-11,-1.3433805115514742e-6,8.297162203053305e-6,0.001809458076324023,-2.3674957701209734e-9,5.871268131683573e-10,-4.382709734438831e-7,0.00012604999172485695,-1.4364474134427974e-9,0.004898175813234216,1.999390861049434e-9,1.9776912664357505e-8,-0.0037965870890480833,1.223505211860971e-10,-2.5962978782330774e-6,-0.0004810893485453864,-1.3469549522351441e-11,-2.9414598819807588e-8,-6.247137303141055e-5,0.00012295845326953017,-5.614137515139304e-10,-4.911272099288601e-11,2.3458710431872718e-5,-2.3041546286512955e-6,-1.4133051409436042e-7,-1.3147409338981446e-8,-2.0869387608320405e-7,-3.165848383632125e-12,-0.00012249181121062929,0.0017837138654927286,1.4215694033602937e-7,2.6384092191137746e-10,-0.05921274547625155,-8.681393923655447e-12,5.723898769919748e-7,9.161023836328541e-10,0.0008700019989254893,-6.149870468356451e-8,0.012540928581592366,0.0003288743970409256,3.7008634964456187e-10,-1.5123502251423068e-10,-7.838748364349153e-9,5.663301135059491e-6,0.0025884286586474615,7.186248272937276e-13,6.54435499001313e-13,-0.0105782887020351,7.073457501289432e-5,-1.360262441121251e-9,0.0014632626858146912,1.8443579770407557e-11,-3.121839524590891e-7,-5.864529087753015e-11,2.5559825065933085e-6,-1.5231285702844597e-7,-1.4835326148243668e-11,-0.004534252400989483,0.011587948659885062,-2.2473302677299815e-10,-1.1608387383538674e-8,0.0003973010237562559,9.02407635645842e-12,-0.0011618457205582614,5.454330993372461e-7,0.037743481337708856,1.1830131146701928e-12,0.00024003900668042292,1.7617277952172192e-12,-2.0275871275501485e-5,-3.133400600556022e-9,0.0008386781324363166,9.245428211560713e-5,0.032939963747709994,4.5055079597979046e-10,-0.0022623662531304407,-7.354571567471668e-11,-1.50735118246202e-5,9.59172068055587e-5,-4.73428865000538e-10,1.5525266109159942e-8,-0.0036490603252311666,7.081246749424167e-7,3.843857534163541e-8,9.510662098302954e-9,-1.0324327124792382e-11,0.16426798748539867,-1.927546748070417e-12,-2.2945683283513684e-11,-1.3611777415370498e-10,-5.733118184646355e-7,0.00010625124692749737,0.0155141682613329,-1.7275716033060256e-7,3.242974788915722e-11,2.0718744382075717e-12,-5.754483927836625e-7,-0.021267561367374888,1.6599166698317807e-9,1.1091134968352e-6,1.2916661253784675e-10,-8.538056754543517e-9,-1.9905095979689975e-6,2.0555088858112018e-10,-0.024153239722964633,-2.9713820656748884e-6,-5.780885245542006e-8,2.775940237870637e-11,-8.528431716567993e-5,-9.635099645807776e-12,0.00018430342470033772,-3.2769668786165903e-9,-0.01687562421084506,3.733841874586586e-10,7.69100246216568e-12,-5.1697417891124763e-5,-2.5441495577034967e-7,1.056272119879825e-5,-0.0027988451405978566,2.780653286456886e-5,-2.1835291767219154e-12,-0.013457687841680723,0.013324046830350444,1.4783138857611766e-9,1.087149024370912e-12,-1.5873144064240838e-6,-1.2892561504481434e-6,-6.726947502738385e-6,-5.689478204916837e-7,-2.327972604453579e-9,3.6930893777585095e-9,-0.00039345988995581046,7.630588535425016e-6,-0.006026643496081833,-1.7798888938900978e-12,0.0007152495268269942,-2.4031511744907598e-9,-6.102480791455016e-6,-6.403413072573868e-12,1.0962246142986567e-9,0.013353117657494406,-1.87648811864912e-6,-3.903040299433525e-8,2.3598214710762563e-5,2.361402403198057e-10,3.470496898206391e-5,-2.8910008014349146e-8,2.100498688509183e-9,-1.0981901586159678e-5,-8.073783831742903e-12,0.14291116449074728,-1.0873298701197442e-10,2.2373492162298187e-5,3.15034429552009e-7,1.3863593518401766e-12,6.544122165320123e-5,-0.0012543723426753622,-2.1430869585628802e-7,-5.450185369595908e-11,7.345674773486195e-5,6.528802002727849e-13,-9.335342418797829e-10,-4.809348607978756e-7,1.1640248961884474e-8,-0.00760680814805299,-3.0420936260657446e-11,-2.4033309957898966e-8,0.0071721671809566396,-9.564811976850478e-6,-3.881184987179002e-10,-2.6931506090690087e-12,2.483808146512821e-5,2.14596900941584e-8,2.9444546437427304e-11,-2.8129410697491807e-11,1.0710089360849317e-8,-5.272109575958826e-7,-6.6157335435341765e-6,-1.1920595724316231e-8,-6.420749065925343e-10,4.885722120873981e-7,3.2419345000370926e-13,1.6343721466712645e-10,6.800008838929141e-11,-6.986269523026431e-5,-2.3830912597822063e-5,0.0006372608974836168,-3.225608272731188e-5,1.247622756467364e-9,1.5914557912268599e-9,8.46178998341945e-12,2.974804561823635e-6,-7.907826228558143e-12,-0.00019599573729715488,-1.9758067021462958e-10,-3.766024544138822e-7,1.8255567520756226e-10,6.787354690163533e-13,1.0442904282799372e-9,-2.720205158641501e-12,2.3050239400525646e-9,-0.0075637370306987535,2.2869903836823684e-12,-2.24879469148464e-12,-1.4700667193294275e-7,8.837453516922045e-5,1.7942773734445226e-8,-5.593381619267004e-7,-0.00944848029228684,-3.762290168642898e-9,1.0496213082131971e-8,5.549051171608026e-9,-4.768912885061766e-6,-8.798059140574477e-7,-0.01404775101615325,0.0009634338192549821,5.3044837684543726e-8,0.0016277562194429572,-0.004207785472118925,5.651369389228214e-10,-5.129425175884838e-11,-9.773598191064307e-13,0.007090325365302433,4.687018514105424e-10,-0.012017812444678555,-4.380088124701406e-12,-0.00013107699917362604,-4.030624563158856e-7,0.006429509671455431,-3.5464592486334304e-7,1.5334195916227951e-12,2.4111057325553172e-12,3.152232439959904e-13,-1.6546929392042416e-12,-3.494165425528009e-12,-2.4780289453972902e-5,-2.0225159704950085e-10,-1.6777550133581022e-10,-4.217194000581613e-7,3.629802783824901e-10,-8.553340107836053e-11,-1.4651333189050068e-9,-0.015247427824741961,-2.5590561727067808e-9,6.4653951267702785e-6,1.5462593082075158e-6,-5.508080137440267e-11,-3.987994483521398e-5,-5.024698589209138e-10,-0.000871680957818099,6.6068614099681e-13,-4.942241328444533e-12,8.085269708801168e-10,-0.0004514809420362257,1.2171014886506104e-11,1.9779948279182888e-5,0.06507511040432314,-8.712851061943874e-13,0.0024639623808508457,-3.178915881988706e-5,0.0004741134980438612,3.5640124858101504e-9,-1.8405181873212226e-11,8.33007715992441e-12,-4.2579586153651103e-8,-8.830661207731812e-13,-4.324127770957216e-6,-1.4724207510147732e-12,0.00015438069856400262,9.799461659192158e-12,-1.1126727266873357e-11,-6.542942917415523e-11,-0.02877022616409867,0.09139405651393717,4.8164090928801355e-5,-2.2267502022827404e-6,-2.90167458803706e-10,-2.7880144517767647e-5,3.709878566799816e-13,0.011497544843288864,7.692632329833419e-10,-2.745215866359231e-11,-3.7607783972800637e-10,-0.0001509825229829939,3.7399223564415715e-12,0.018317237242975473,4.287797830260174e-7,0.0003505096016702136,1.8363846058275642e-11,-8.145797035738139e-12,-1.1632185105807251e-11,0.004281363091270758,-4.804962509083292e-12,-1.1757390565555063e-11,1.4048950650240507e-11,6.179418995785854e-11,-0.019616142899384993,-4.931534083409342e-6,0.00010677240648807493,-7.7888926101268e-12,-2.069418334297707e-11,-6.250666126642667e-13,7.038990349031391e-7,1.729274649408287e-11,0.12011101661071093,1.1816910197196197e-7,6.274142866284268e-8,-4.6754987235009004e-12,0.0003486066099611642,7.106254737797192e-5,9.935777050027992e-11,-1.7405025233832718e-10,-8.108185933656317e-9,2.284851895702905e-7,-1.23120563501306e-7,-2.987766943456854e-9,0.0001425465646369671,0.0011262590293797167,2.0781275217408906e-12,-9.978605864337901e-11,-0.0012361752047634026,-3.2768081188754756e-8,2.074290852837434e-10,7.588257286002144e-9,4.6645172234291055e-6,2.5541907604321517e-8,-8.36022080156424e-5,8.613255639678021e-6,-1.2451599522032275e-5,-1.773505033572203e-6,1.7692600594745822e-12,-1.7233301910108425e-6,-2.38118407359257e-9,0.0012570981914481508,-0.0054234512685547645,-6.545745928362181e-8,3.1781626223211626e-11,-0.03924733030383281,-0.0006524392126883943,0.001051659395544283,-0.00022219051963992802,-2.722118729903264e-6,2.5199404922243504e-11,-1.502208776182358e-10,-2.6634886633981174e-6,-1.0968022235458784e-8,-3.1620243092138865e-5,-0.00046333088861757094,-0.004251489880565986,-2.8238971671520686e-5,-3.4023531946112204e-8,-0.0011170302112656794,-0.00041845090548368695,-1.1800927846748868e-8,-1.4547734346026806e-11,-4.64210711563702e-9,-1.8201998171050063e-7,-0.0001430950034735781,-8.544452268745819e-7,-8.832144401887605e-5,-1.970222081853214e-7,0.001192125865261658,-2.980548615469887e-10,-5.312989502496465e-10,0.0007374988169026923,-1.4186694671718902e-7,-0.00010422971086645482,-0.0015169040147638964,-0.00027540276938933735,-1.4254902412303024e-12,5.6416783986455856e-5,2.235062128140123e-9,-3.1187618989239256e-8,-0.0025679257854042087,0.01263843492652504,-2.7419944976729927e-6,-0.0003091340223828217,-2.1397852837724735e-7,-2.5910088729226397e-12,0.09281298409264487,5.750583973314204e-11,2.7589601799037512e-11,-0.0007465283725693233,-1.1141405785416096e-12,-1.2480731227752088e-7,3.786240080639214e-5,7.64276526209938e-8,-6.6144405340968765e-12,-7.051529142770132e-11,-2.114529810021302e-6,0.007454907074037035,-9.073813037074694e-12,1.6246841677502346e-11,0.004176644365989653,-8.462983341799744e-11,3.950232896107645e-6,3.889723909271425e-9,2.0777592736321328e-7,-4.173049265632448e-7,-3.98084945600287e-6,0.00020515565344520183,-3.0039469305596512e-5,-1.2869674437494769e-9,3.0915585289928006e-10,-6.730162638146918e-5,-8.935564704564834e-5,-0.00031843898073719056,-1.9478093249966633e-13,5.39930636673154e-11,0.02805840726489445,0.010464670713199837,3.760275539954422e-6,-0.08950256021061262,0.00016353325434277413,-2.0493818560691535e-6,-1.2925631810286767e-7,-6.4439606417081165e-6,-1.3837212241893287e-6,6.051739133634301e-11,5.5276716617572425e-8,0.010909240738016752,-1.008837182167607e-12,6.999886060777774e-7,-2.8860722143090494e-8,1.013577629183216e-9,8.477871713603266e-11,0.007309364674204051,0.004099063804153568,2.0957110516727212e-13,9.458227539905275e-12,-1.5973318908271164e-12,8.538158270676717e-7,0.0012045081842679453,-0.00012879305371015594,1.6892550962780485e-10,-7.785794495664606e-9,3.0565945285760898e-12,1.7221501432871575e-9,5.464370858914307e-10,-0.00010150001743006386,-1.6146313642463507e-12,-9.476663713328987e-6,6.810671906550567e-8,-1.3405748276026986e-8,1.5165780019032776e-10,-1.9428426110640815e-5,-6.641703319214997e-5,3.6173708836225076e-6,-1.1349729819557909e-11,-0.0405368921684386,5.261775498773465e-10,-0.00044427617100545444,3.888713443182107e-10,0.002029418145193587,-0.0066108471838297895,2.665985346518387e-10,-4.5764991296478866e-7,1.53432241864429e-10,-4.780236696916995e-11,3.258216398370623e-8,-3.866273337759304e-8,0.0002815524611011135,5.9392007478609004e-12,-7.57301438364372e-12,-2.5629470822457357e-6,-9.741594768702498e-11,-1.3556736467082596e-10,-1.0897960279495968e-7,1.3810655376789969e-11,-1.2913691845545962e-5,-8.607259799332732e-9,-0.0012437506644274322,1.469195670914912e-7,-8.190866408629525e-12,-0.0015267789495716974,-7.733794760666221e-11,3.586159955582055e-13,-2.6304863973342556e-8,-0.0025099744681720457,0.0012191174715420058,1.930954227181698e-12,5.966275150443823e-11,-2.7777270720171067e-6,0.007928858333119211,-0.0010029757204645235,1.7546857994855377e-5,-5.62604212848266e-7,-4.104889473224451e-11,-2.3811017440543028e-7,-1.1719868210217632e-10,0.014206002526675466,-6.38802734313396e-8,-8.77058539008216e-5,-1.7114231158268502e-6,2.0027336231906978e-11,-1.3048901565362654e-8,0.0001407412559511932,1.3075245606531896e-6,-6.085034813044949e-9,1.2681039647338771e-8,0.0009343086286440711,1.2788195147998306e-11,2.40991653247342e-10,-8.22223640121015e-5,1.7142054609533882e-6,-7.535042216444424e-7,1.6599191186900315e-6,0.0039846757557668,1.904830228180034e-9,-6.911229550283495e-7,7.093233979007035e-13,-1.926828282413174e-11,-6.801075651227508e-10,1.6008855493310943e-11,-4.875442215062293e-6,-0.0010914534052295472,0.002806018352434764,-3.0807787196015213e-9,-6.59982860338674e-9,5.194976203614022e-10,-2.873354289819975e-12,0.0012596288676960906,-1.7059254902440032e-7,-0.010554271374970111,1.664673906152056e-5,9.737575453725991e-5,0.0001615161823778884,2.970106978302932e-11,-4.6786269722086404e-5,-2.535657027098339e-9,-1.6767024430854016e-9,4.986640367606384e-11,-0.00980946275838375,-3.2627478904467644e-11,1.227901213232063e-7,2.1335377685985255e-9,3.720041634698055e-13,-5.863191141904553e-12,-1.0169605444103385e-6,-4.698198195522554e-8,0.011529150211621842,0.10591314076645636,0.00403605077053033,-3.703653710622065e-10,-0.0033117182512283246,-1.4068228502267433e-8,-2.4508190037491546e-10,-5.886673172652873e-10,-3.1827438658878196e-12,-8.011388277370822e-8,1.4019152471951877e-11,-0.00520563537260214,-3.706011287149873e-9,-3.613548138635896e-10,-8.632988346476026e-8,-4.9127552873741024e-11,-1.4010448771480771e-11,-2.464510448380931e-11,0.014432115118857574,-7.140710595533968e-10,-5.3501362985607814e-5,-3.384725839803722e-8,1.9328477251211913e-12,9.12304900729056e-6,-3.86276527686415e-5,-1.7362415191731767e-9,0.01267813991229777,-1.1472751182409718e-8,1.0828390167265695e-10,-6.36922215917628e-6,3.5130820236788746e-7,-2.6591275718743394e-6,-2.7474053173252236e-10,-2.3181151926207116e-10,-1.242553922149159e-12,-0.004217464065192001,-7.603048649674197e-7,-3.203439688698424e-10,0.00010754185399160221,2.258050630834983e-12,-0.00028636136816142225,-3.864082698371438e-11,2.8061992873254363e-11,9.406325820076325e-13,-0.00018548342546069113,-2.6786639154382975e-5,-5.450905741395434e-7,-1.081166386534172e-7,1.8050009555006697e-12,1.6261993668734482e-5,-0.000645175761538566,1.6545193176677622e-8,2.34476957813081e-10,0.002708517030554228,1.2130139439050275e-6,8.528969701386094e-7,-3.0422194537351416e-9,7.451384619423057e-11,-0.0014117342364629545,-0.011776764820141035,1.894712112005412e-10,5.185275894006513e-12,-9.124296162250161e-8,3.33722596263405e-5,-2.2576128566016502e-7,-3.507670344828949e-11,9.741381085633688e-8,-5.839534880887119e-5,-1.169670869754641e-5,-6.191316865912152e-12,-1.1027190079397953e-10,1.5757527077368602e-9,-3.188904311479776e-10,2.2723049252931e-9,9.984265622756502e-10,0.00013465088024829628,0.0005477540108034415,-1.4677563756632063e-12,-1.675212526835044e-8,-0.0009874385327654405
0.0,0.0,0.0,0.0,0.0,0.0,0.0,0.0,0.0,0.0,0.0,0.0,0.0,0.0,0.0,0.0,0.0,0.0,0.0,0.0,0.0,0.0,0.0,0.0,0.0,0.0,0.0,0.0,0.0,0.0,0.0,0.0,0.0,0.0,0.0,0.0,0.0,0.0,0.0,0.0,0.0,0.0,0.0,0.0,0.0,0.0,0.0,0.0,0.0,0.0,0.0,0.0,0.0,0.0,0.0,0.0,0.0,0.0,0.0,0.0,0.0,0.0,0.0,0.0,0.0,0.0,0.0,0.0,0.0,0.0,0.0,0.0,0.0,0.0,0.0,0.0,0.0,0.0,0.0,0.0,0.0,0.0,0.0,0.0,0.0,0.0,0.0,0.0,0.0,0.0,0.0,0.0,0.0,0.0,0.0,0.0,0.0,0.0,0.0,0.0,0.0,0.0,0.0,0.0,0.0,0.0,0.0,0.0,0.0,0.0,0.0,0.0,0.0,0.0,0.0,0.0,0.0,0.0,0.0,0.0,0.0,0.0,0.0,0.0,0.0,0.0,0.0,0.0,0.0,0.0,0.0,0.0,0.0,0.0,0.0,0.0,0.0,0.0,0.0,0.0,0.0,0.0,0.0,0.0,0.0,0.0,0.0,0.0,0.0,0.0,0.0,0.0,0.0,0.0,0.0,0.0,0.0,0.0,0.0,0.0,0.0,0.0,0.0,0.21425107756831602,-1.0228230740841723e-8,4.4035044027591426e-7,-0.0022792062267659643,-0.00016327173666207058,-1.3252132311671117e-10,7.306398748756835e-13,0.0029995254178933465,5.402583740489808e-12,3.808439468967133e-9,6.650796473438617e-11,-2.0436661090217933e-10,0.0001896195885841614,-4.7305027828417063e-7,-0.014505754820421131,0.03107788340434002,-3.915271848471116e-12,2.817795066178009e-6,2.0852914212649464e-5,0.0009376252917011563,7.354829837814628e-8,1.463823759488164e-9,3.239150020367603e-9,-3.573520740272949e-5,-4.882989574818529e-9,-0.0011852145021015855,4.563091173535887e-9,-3.3893530459550233e-7,0.009651606845304108,-1.2067207994048454e-9,-4.303342319800427e-6,0.0015672881758573831,-2.241243229149654e-11,-6.86948852179529e-8,-5.061256434407623e-6,0.007857283932291109,-8.321245206784141e-9,-4.1481653205775413e-11,0.000226465030250133,3.3242676141084703e-6,6.597346594107137e-7,-2.34829196913102e-8,-3.0924566786945936e-7,-2.5074879718170194e-12,3.206512896744342e-5,0.011316478838509341,-2.1920860678364426e-6,-5.499483247847949e-10,0.05642922060022983,1.4797259245081894e-11,2.580287864841822e-7,2.292420599272128e-8,-0.04762754688023192,-2.0123800584096632e-7,0.003679206470478924,-5.653326491597288e-5,3.616388800027583e-10,-4.5652867185115033e-10,-1.690815269858493e-8,1.2536823950802647e-5,-0.0008162062276784886,1.93119667668872e-12,-2.493924854748706e-13,0.003356683645001535,8.69535598930606e-5,-5.079542561606898e-10,-0.0023886292500874293,3.118996877130668e-11,-1.2835059732848012e-7,-3.1963284155072066e-10,-9.434368300438383e-6,5.6465563994180425e-8,-1.228569133089399e-10,-0.04401435474134374,-0.00403328250275487,-6.044598396158972e-9,1.340882191486795e-8,0.000909610673305309,7.649051825384752e-12,-0.0022890741734608163,-1.321662570268026e-6,-0.012440672755184682,3.649144018379942e-12,-0.0020805941928049546,3.905006635899479e-12,-1.868436222546824e-5,1.2288078732206943e-8,0.009442729585799597,0.00017350773415892104,-0.006095698157929061,-1.6709647755080594e-9,0.006259449627466982,-8.115306444651796e-12,-5.195444497462588e-5,2.6550911041763597e-5,-1.22729211559994e-9,1.8465339364220246e-8,-0.004205391567462227,5.772779209877847e-7,1.0747363248733052e-7,3.1338814732620045e-8,-2.0807244649232995e-11,0.0025281969702186085,-1.0592992416890865e-12,3.8266332237207266e-11,-1.1347749455697174e-10,-1.963524245924011e-6,-0.0007268675674799938,-0.04728924674504552,-1.6168685209716051e-6,5.760396536131186e-11,6.915175649064862e-12,-2.899373356895296e-6,0.01755635783429956,-1.5683142318117151e-9,2.391103039195629e-7,-3.406399489658009e-11,-2.1644241078550288e-8,-5.734913570865523e-6,-3.597055240486412e-11,-0.022070867058347824,-6.702399036225446e-6,-1.2529111777556063e-7,3.8156073292175484e-11,0.0003944328058567326,-2.3092991801441252e-11,0.0008394234512062337,3.524129964407111e-10,0.0036721093410776464,8.407716676954814e-10,4.569143853537694e-12,9.57834335099331e-5,-3.2635043788074137e-7,-1.2967988749760116e-5,0.0008907407685721067,-0.0006122928067281015,-5.349197143963513e-13,-0.0006819236336788287,-0.006725428358605227,-2.792880825337795e-7,6.531435887184702e-12,-8.702037369030685e-9,7.880011475720948e-6,-7.414293112252249e-5,7.351148539941482e-7,-5.5869706299892565e-9,5.5571721662957575e-9,-0.0006865349691017309,5.345223860597605e-7,0.0036074335326530577,-2.2769566539371363e-12,-0.0012623112313825398,6.964839115981285e-8,2.393748911796659e-6,1.4308369089202287e-11,6.122230698658954e-9,0.08010132618434765,1.8220362026427277e-6,1.5216758468541847e-7,-8.051330220543205e-5,-1.6129169176242495e-10,-0.0033709332112574794,-8.311369378678529e-7,9.10575387662948e-9,-0.0006104942228763321,-6.090596972590469e-12,0.02884721051403809,-2.21591005544811e-10,-1.1644792738096638e-5,1.5189499653548535e-8,1.5628360787423484e-12,-1.2223679259171164e-5,-0.007175518066022991,-2.562426155451035e-7,-1.7695920855544287e-10,-0.0003780325135475539,1.895713239466938e-12,-2.434158051347211e-9,-4.771990789112771e-7,2.917220102312145e-8,0.0011875083225555468,-4.077223695591599e-11,-2.4217382992175206e-8,-0.0055231935673841544,1.7968301796724992e-5,-4.186090938598183e-9,-1.337927182070135e-11,9.860430822293487e-5,-2.0826561458995678e-7,-3.1781328488379777e-9,-1.1738624701857298e-10,1.6986708838842916e-9,2.4773735269253374e-6,-4.2177932481980215e-5,-5.474420678752325e-10,-2.5270901789168444e-9,-2.8260797414972757e-6,-3.342404703080018e-12,7.066818196295593e-11,-1.165824367964797e-11,0.0002902405834879089,0.00012280425191288745,-0.001082658736852055,-0.0003824784411260514,5.489571340101433e-9,-5.7074529801823906e-8,8.506971089411761e-12,1.9662711450077673e-6,-8.028390806424404e-12,0.0003317374835618531,-1.7776702985650415e-10,4.074121717254874e-8,-5.06149142803007e-10,-5.661880291009927e-12,-3.003532935770425e-9,-8.311545773829909e-12,4.2995933623752265e-9,-0.003940654873619076,2.496006958503222e-12,1.1429984671582194e-12,-2.333577824045201e-7,0.00011899731499665711,1.1768748668069442e-8,1.2464812247136956e-7,0.011088610565157534,-1.1557529660938608e-7,5.936350095145225e-8,2.9500546579761192e-9,-8.054162449151102e-6,-1.8956934324114842e-6,-0.007686898923754044,0.0009422267813806603,1.9842824055301916e-7,-0.00312022822120442,-0.002817838596113594,-2.3507069086492287e-9,2.2260073120595934e-11,6.4959124885752e-12,0.12024711791264447,-1.5306249891945167e-10,-0.001880405606819104,-3.936192117125731e-12,-0.00027113695119629615,3.1629686134676104e-7,-0.010319229211845058,-4.970881386296096e-7,4.164696053150547e-12,5.308497543067155e-12,3.778971462684101e-12,-3.2135463170252635e-14,-1.305721228543263e-12,-0.0014610636761602136,-4.742050001460754e-9,7.645650691073117e-10,5.376201703841453e-6,4.962356097345913e-10,-3.181675479803033e-10,-1.5411436302725537e-8,0.04339139993545346,4.29940557146803e-8,-2.9332027626955316e-6,1.8192496548662992e-8,-7.6550480319363e-11,-7.7432879151439e-5,-6.332600155527687e-10,-0.0014320491183229557,2.1917557365836033e-12,-6.239109522279445e-12,2.2128885090279316e-9,-0.0042267901759268055,-1.4040781279040082e-10,9.38300408346082e-5,-0.0008096967891190832,-2.285318837134663e-13,-0.024509650990211518,-9.427478011938918e-5,0.008152497906001938,6.685401694480392e-9,-2.734495911200449e-11,6.424506294856437e-11,-1.6077782279552718e-7,2.024177318189664e-12,-1.4568570811220056e-6,-2.3380186393664234e-12,0.00020477929048318583,-3.835256946145457e-12,-5.65180133391559e-10,7.342109123280703e-12,0.03351835624896537,-0.011616786142840164,-3.813802725948925e-5,5.432885426534339e-8,1.3326661681337615e-8,-5.720939535856253e-6,-3.072537551709422e-11,-0.04231152807826221,4.602008214371273e-9,-2.9030509860171713e-10,-2.378136983546639e-10,-0.0007266446534177899,9.170774675950983e-12,-0.02665145009118426,-2.0997668068438204e-6,0.002030466194894318,-5.316872069122846e-12,-1.2310332996654377e-11,-1.896096285102076e-11,0.026980904159279184,-6.35531388381715e-12,4.879352152872432e-12,-7.42865801146327e-12,-6.68704022981789e-10,-0.04113411690282275,9.547949664449713e-7,-0.0002921978226139059,-1.9374953844501496e-11,-2.6343752595885262e-11,2.9523793729024433e-12,-1.6858941708480473e-6,3.650840477135279e-12,-0.004766046375971686,1.2722655369599295e-6,4.7077859538513717e-7,5.583952725646186e-11,0.00029811917802123253,2.880183973193699e-5,-1.1001586553391362e-10,-2.082073911925147e-10,9.76214799827287e-7,-1.589627847869063e-6,4.27445531218273e-7,6.147581947265721e-9,-0.00015950753037933564,0.00020473569184256815,3.2299337438649944e-12,6.2858916501256e-11,-0.00279709648431412,2.136939174760128e-7,-3.2228232122586863e-10,7.332727047489239e-9,-7.12115138600381e-6,2.475166287186588e-8,-0.0015419477938572975,2.3156900255157925e-6,9.593945514981029e-6,-2.8421411739598014e-6,4.7416495806363944e-12,3.247304271606521e-6,3.540595038385198e-8,0.00043645513160999757,-0.017691977107537567,-2.2582357891769114e-7,6.368327778207397e-11,0.11542829738409525,0.0024045507241236045,-0.0023213859733363287,-0.00017406749970258847,3.559017489332474e-6,1.745439951824585e-11,6.782357938466235e-10,-7.537559784997789e-5,2.8142124856015352e-8,3.508007371395821e-5,-0.000656824889279954,-0.0021032568582573584,8.712370958512928e-6,4.179832165507332e-8,-0.002182397054049334,-0.0036031620121626867,-2.475729144446431e-8,-2.0877696963140242e-11,-1.9379804599184346e-8,-1.9475889586337162e-7,0.0013418771322813584,2.6076932391075115e-6,-1.2319382788171491e-5,-1.2928631705593668e-7,0.009943229740218027,-1.985087894016883e-9,-2.2456739286348407e-9,-0.0013477810330360268,-6.21102496968694e-7,-1.3364815221621523e-5,0.008851988874351775,-9.582853775495849e-5,1.5923120767938497e-13,-4.337495008573968e-5,1.0955776728523044e-7,-9.524789237442529e-8,-0.0020256283804378104,0.0015826879478658574,-6.136732752079786e-5,-0.0050353205065473815,2.225678397766956e-7,2.1795078604918252e-11,-0.005733105504799676,1.0454117864836274e-10,1.0852154682830149e-10,0.0070142522120523005,6.906335332737701e-12,1.4213532076865846e-7,-9.905729138148324e-5,1.0501856729769403e-5,-5.854533956943036e-12,4.541253649523837e-9,-7.855080925426856e-7,-0.0011877855649870099,-1.1404933852023834e-11,6.32804671101604e-11,0.001651197624272015,-2.8006858248089677e-10,-7.861032769861003e-6,2.0729011471732918e-8,3.4285620761906885e-7,-5.235379793766249e-7,1.8441944460982497e-5,-0.0008104784172707959,-5.7967406321498273e-5,-4.671548270576619e-9,-2.862292991267245e-9,0.00024002789290402546,0.00032112303830413415,0.0014626853272564832,-3.3619920741211946e-13,-1.2272091687799517e-10,0.017475357712693228,-0.0057864726551219775,4.04793952141658e-6,-0.007255721514848778,-0.0009636774879089656,-1.7334299186749932e-6,-7.105892080752287e-8,-2.233918149828098e-6,-1.0805519456836714e-5,4.525049689904775e-11,9.038239329512047e-7,-0.004789781310469229,-1.0421335466298436e-12,4.261207309181987e-9,-1.3242659003535017e-7,-1.1366534001316682e-8,-9.600511091118524e-10,-0.0643392399002833,-0.06155768690299007,2.285287565471736e-12,2.996205520786363e-11,4.4915576204046487e-13,-2.561069005005245e-7,-0.0006701585429930545,-0.0010309511440562845,-2.469433262128444e-9,-5.186523553516371e-9,5.887710142988023e-12,8.842778972849045e-10,5.626085411615472e-10,-4.004629982053793e-5,-2.4866940596902287e-12,-3.517512538505975e-5,1.889166512628376e-7,-3.00660236989641e-7,1.6578626569547613e-10,1.2229007501775554e-5,0.00032258428768612807,-3.202629805807264e-6,-5.285031794295854e-12,0.007936313497426573,1.4167333341515313e-9,0.0004900386287598785,8.24704881707152e-10,0.0002774864383422851,-0.015134692996800135,7.018824505487793e-11,-2.497526468848283e-6,4.502130753061115e-10,2.550578359935859e-10,-4.927560711804802e-8,-1.757315119087164e-8,-0.0017987784621068146,5.767801902615277e-12,-6.725294952881564e-11,-1.800426701032639e-6,2.5416158839040704e-9,-1.4136640649042241e-10,-1.5480366287683885e-7,-7.207236117225713e-10,6.263624370249826e-5,-7.338463281073736e-9,-0.00427222947072395,-5.829867982264651e-7,-5.160762668435718e-12,0.011769158458543769,-2.4160593612347965e-10,7.535087444183829e-13,-2.5721352559687782e-8,0.009401144289612147,-0.0009160893863821742,-1.3368659952317287e-12,4.6539827722707926e-11,-0.00010313888757258748,0.0003011611164923382,0.0009800380434720692,-9.34207137061559e-5,2.249867154825761e-6,-1.209304208540696e-11,-2.5482864210886735e-7,-3.00699150671935e-10,0.12012378963016597,-1.7026702456068365e-7,-0.00012321366754510687,-6.193780146505952e-6,2.455481771178065e-11,3.354439335688898e-8,-0.0004993405822578064,6.946369574938068e-7,6.116900485177192e-9,5.878855512548911e-8,0.0005840768258146237,-2.68515215037819e-11,-1.939583516675405e-10,-9.554455239773145e-6,1.4583868790699095e-6,-8.918824418779398e-7,-5.035747799894577e-6,-0.00498898097866522,1.1105639762077165e-9,1.9365361105161225e-7,1.3360431525716817e-13,-1.809944808355489e-11,-1.4072189520526774e-8,1.260510613496845e-11,-4.181372110210332e-6,7.511209398543327e-5,0.020093744760485473,-9.106537830246728e-9,-2.1314874189625685e-8,6.270563595919845e-10,-1.1092647216678666e-12,-0.0008714108825396663,2.96827092959558e-7,0.021027646060606198,3.176541427188683e-5,5.885145995290718e-5,-0.004397652739564598,2.4775179506583033e-11,3.206172342275742e-5,-5.631438602408005e-9,1.0337940797082346e-8,-4.938363654427119e-10,0.001987009981684313,-2.9007852941518758e-12,-7.891008344243634e-8,8.881500658760572e-9,3.334343497546468e-12,-8.475296356593305e-12,-1.472779436141625e-6,-9.572097860041937e-7,0.1499968039650705,-0.006332361616887498,0.08741573758255984,-2.0693295811864054e-9,-0.03309511685580575,-2.8345605377594315e-8,-1.5054154128842698e-10,-1.7648749891159245e-9,-3.8349273014840426e-12,1.6132007201305345e-8,-1.0187043767132355e-10,-0.0011154719346077211,-9.40729564364284e-9,-2.7608398453365994e-9,8.917866644105843e-8,-7.281623472554486e-11,-1.7611793588265783e-11,-3.31845853826565e-11,0.007356059213400763,-8.737513331241585e-9,3.886513234499511e-5,-8.006001689649537e-8,6.9570971884563205e-12,2.6451089481462392e-5,-0.00019302144834283617,2.5058089329812032e-9,-0.03393441059012142,-1.1183628109932909e-8,-1.5472017002542463e-10,0.00011379062444319982,-3.183055743696003e-6,2.6853278876660355e-6,-1.2550866587312163e-9,-3.6307626910195854e-6,6.006080209787086e-12,-0.00016538289235696796,1.1719414449662947e-6,8.592102617502802e-9,8.788534142275618e-6,1.6643506704678057e-13,0.00018578386564912217,-4.996858135318878e-11,-8.28148799308393e-11,1.0843697276080134e-12,-0.00036066295050203405,4.145235499166583e-6,-4.353324373244322e-7,9.171578036499968e-7,6.889717167393696e-12,-0.00020034458380906883,0.002287706016753036,-1.1418157071062509e-7,6.031446645499238e-10,-3.910444377432456e-6,-1.575237753909028e-6,3.951589051050983e-7,-6.113675833986955e-9,-1.1371590812222717e-9,0.01375142669784986,-0.03672655016078896,-2.127458186457178e-10,-5.885026516695041e-9,-1.4980431481816586e-7,-5.1213956621206036e-5,3.241412557016721e-7,2.0484510302997705e-11,3.2385777141886833e-7,-0.00012273710532640926,-6.498554559210522e-6,-1.4858047130351588e-11,-3.5153726839156063e-10,5.733184419956223e-9,-1.9534371558902797e-9,4.120213870852621e-9,3.0315594313157366e-9,-0.0003111693227524692,0.010986323920119409,1.566199617433011e-12,9.777567315857642e-8,-0.010597214717163453
0.0,0.0,0.0,0.0,0.0,0.0,0.0,0.0,0.0,0.0,0.0,0.0,0.0,0.0,0.0,0.0,0.0,0.0,0.0,0.0,0.0,0.0,0.0,0.0,0.0,0.0,0.0,0.0,0.0,0.0,0.0,0.0,0.0,0.0,0.0,0.0,0.0,0.0,0.0,0.0,0.0,0.0,0.0,0.0,0.0,0.0,0.0,0.0,0.0,0.0,0.0,0.0,0.0,0.0,0.0,0.0,0.0,0.0,0.0,0.0,0.0,0.0,0.0,0.0,0.0,0.0,0.0,0.0,0.0,0.0,0.0,0.0,0.0,0.0,0.0,0.0,0.0,0.0,0.0,0.0,0.0,0.0,0.0,0.0,0.0,0.0,0.0,0.0,0.0,0.0,0.0,0.0,0.0,0.0,0.0,0.0,0.0,0.0,0.0,0.0,0.0,0.0,0.0,0.0,0.0,0.0,0.0,0.0,0.0,0.0,0.0,0.0,0.0,0.0,0.0,0.0,0.0,0.0,0.0,0.0,0.0,0.0,0.0,0.0,0.0,0.0,0.0,0.0,0.0,0.0,0.0,0.0,0.0,0.0,0.0,0.0,0.0,0.0,0.0,0.0,0.0,0.0,0.0,0.0,0.0,0.0,0.0,0.0,0.0,0.0,0.0,0.0,0.0,0.0,0.0,0.0,0.0,0.0,0.0,0.0,0.0,0.0,0.0,0.0,0.21111156299735856,-2.8303953269540575e-5,4.229013723597402e-8,4.697695470790152e-6,0.006734543788832537,0.00032212850121143794,-2.7747548034094254e-8,-8.546316993609474e-5,7.714659147921411e-5,0.0038575639203594953,-0.010029090914346757,-4.751783593225054e-6,0.006434662563586747,-3.3327766358465914e-9,-2.460096580503694e-8,1.3047895845517575e-5,-3.297000788436737e-5,2.3583414727970123e-6,-8.759428007521375e-7,-0.011593413981276864,-0.005780114949401563,-0.0013143256243822322,-5.535616748253518e-6,0.008312985148256534,-6.751773475681466e-8,-0.025307240944371298,-6.628726775677458e-5,-2.1573658275839792e-8,0.0011776088388126692,5.063869365291871e-5,-8.33351290951328e-8,0.0005195531002138929,0.0010611252415301405,1.2758776543390662e-6,-6.981873606964078e-8,0.11366652343529789,0.001191959612489182,-4.6564917252722137e-7,1.815858138085887e-6,-0.0002396292433577824,0.039074734987795366,0.002712038732759008,9.656049120957861e-5,2.3487966768402386e-6,1.229664863634743e-8,0.0005208689839201386,-0.011181466448356863,1.5220733242077108e-10,0.0017930838914181164,-0.00020160385401666114,0.011150566234048942,1.989569717585204e-8,0.0008888455923385168,-4.7302423173484345e-9,2.5020528210932236e-7,0.005085624919981789,0.0019314942398682786,0.015501906728882204,-2.748771744239357e-5,-5.653428174329636e-8,-0.00011925585119214381,2.6532144059533348e-5,6.637396896047916e-9,1.6617645478081287e-6,-0.015252750152506041,-5.818954970812163e-8,-0.0006890984143908579,0.00016910719770692203,0.007267833862381893,1.3261308148288241e-6,0.0029257189712003297,0.0033792675707546697,-1.7208931084502712e-9,1.4357553134844442e-9,0.00022826611552987728,0.01783814471809815,-9.073060191112981e-7,-0.0007129035963797949,-5.153689580374091e-10,0.00031161676112782474,-2.1459086619397595e-9,8.866059675903682e-6,-3.3017807697192024e-8,-0.0002557854771643332,5.207440563093668e-6,-0.01972839337266333,-3.7399360512990534e-8,-4.418027539642057e-6,4.116558713538143e-9,0.0006467745353333146,-2.2490375349928645e-8,0.0044742347337341296,3.456803143787292e-7,-1.7976955286782903e-6,0.016027006977649975,-0.041253184041897845,3.500205855385384e-7,0.0001015598505749341,-0.013503325411769783,-0.0015953125497674581,0.00023098845607260555,-4.311911669490601e-10,2.28445630462367e-5,-0.0008023442504918474,0.011544445846115308,0.0006376272357588854,7.618676489631561e-7,1.283179103404049e-8,0.0002960684485320085,-0.00120614088015669,8.86303555639462e-5,0.00028551134679025115,1.3602312529453994e-8,-0.01712131717620511,-0.0005716382147634971,-0.0017857653313903456,0.015589486225616555,5.7641926420667176e-5,-0.010509062544237389,-7.837660096632289e-10,-6.618772672436096e-6,0.0008048109075092932,-0.0006958998676267012,3.864061663412821e-7,0.00012901110539195,-1.7819178014865564e-7,0.01637440939429115,2.126759669406229e-9,-0.039548501329595774,-0.0002859689182859666,9.976651225039796e-7,0.0006154743098184008,9.942928511083278e-6,4.089666603968741e-8,4.783495758890844e-7,0.00016228167868540439,6.94423888774677e-10,7.538842304780594e-9,0.004418895962399427,-0.00012782359637237718,7.710512727347252e-5,-5.902746042355725e-6,-4.842706671852607e-7,0.0005100536808387589,0.00563231052824374,-0.003698930463677164,4.4722558741797216e-7,3.98420857773239e-6,-3.0197769441939464e-9,8.518424884610522e-6,8.238237505249202e-8,-0.00773039235317312,2.0095970900996525e-5,-0.00447049715079227,-0.005406499530927744,6.84116158629151e-10,4.6138343029646454e-5,-0.004275225889023521,-8.760120206162428e-6,-0.019726281109832655,8.816869636737438e-8,-0.00015038503199955823,-0.0280950930087019,-2.2180911076122398e-7,0.00017053514558644818,1.00513738964539e-9,0.0010011784101044243,4.801352818039898e-6,0.00012906201108026568,-5.0213154062990117e-5,-1.312577181226306e-6,1.3185619468323253e-7,-0.00032385323790808,0.0009737604244567697,1.2023120900189512e-6,-0.00020423301082618823,-0.00047132317096231104,0.0021798018201416654,-6.383614620726993e-5,3.262990456846999e-8,0.0020201675643091834,0.002864742654191301,-7.796084521901769e-9,1.4955750002195316e-5,0.03925914244555229,0.0003680505147738627,2.124709065683309e-6,0.0035237658507331487,0.00806271802328467,0.0027677333926465434,-0.002460086499104927,-5.441466877229404e-5,-8.014693008817153e-6,0.030434182143828474,0.014351015292414778,0.0003523251216280262,-2.779122530929133e-6,-0.016746860287445396,-0.0036342813248245796,-1.6956541380967943e-6,-6.0601684871712385e-6,-4.298939569825837e-8,3.693241149685198e-8,0.012481540136996216,0.0033016024725001205,-0.000289893331720144,3.2537597773082414e-5,0.00032329901417440247,-4.124788695477937e-7,0.011874748057166916,0.00036647395911372797,0.0055123286414828,0.0001793311641853046,0.011185223591572448,7.360902914388994e-5,-0.0014125350156727046,5.5127141351605785e-9,-8.60174043680549e-5,0.00017206082767862196,0.0020718645571389713,-3.9059707831922406e-7,-0.0006271376619687849,3.191551487474651e-5,1.315404435044937e-8,0.0005104377512895137,-0.008595604649529033,-0.033224591983120305,-2.5147251619966685e-6,0.00010726328899866359,-1.3098077943923832e-9,4.000963034204336e-9,-9.672752144868753e-5,-4.165127599929746e-8,1.5177904333551784e-9,0.01354990432996547,-7.017507799383509e-5,-0.00018944424059541006,1.3831255626296448e-9,-0.0105165223575875,4.951571694095616e-9,7.272708789198154e-5,8.712608530998389e-7,0.0003231392318470038,4.3908351658265896e-9,0.000532586361145864,-7.337042095583586e-5,3.6756257081422216e-5,-3.64477668138448e-5,0.00013881921658393366,4.188397077983535e-5,-1.6518651582520308e-7,0.07861084051206117,0.0009219562427997028,-7.558847052958415e-5,-0.008080817244167315,-0.0013249281882050153,0.024790625833003285,1.7999180052025571e-9,0.00286081866312222,3.607465998966651e-6,-5.262467090362941e-5,0.0021341824800857148,1.5178614719837146e-5,0.013785197885197855,3.48648202583677e-7,-0.00014739571493378338,0.0005068153785365825,-0.006467919759653543,2.8138998256331996e-8,0.002296268402636607,-1.2705471061375214e-5,-1.2902805108664448e-9,0.00016481323564303206,9.401845542424644e-10,1.8691363414669435e-5,-2.8978815079493213e-8,-0.0010038710079448476,0.0008834139006855723,0.0005403990075653031,0.00112739310491113,3.151364244258086e-5,2.0141577570433397e-5,9.106211676518115e-5,-7.501388871308815e-7,-0.0002923788083229266,0.0017058416986790437,-0.005929144351617544,-1.4705237043952353e-9,2.10630296498813e-9,1.1069966314681044e-7,9.452455196781643e-5,-0.04065706148221901,-1.6161712060188897e-6,-0.00036044800994113817,-3.498518084742505e-9,-0.002588932022381375,0.0028427458736116477,0.009591226714042052,-4.6800975749117205e-7,-6.840491795880987e-5,2.6585315099446394e-8,0.0007172944277680538,-9.383723703138639e-8,-0.0005795874149522032,0.0003067430435805349,0.000616910373291128,-4.893284253251983e-8,0.0002183081726806487,0.000383962907390586,0.0018845697132334129,0.0007914414883004816,1.3104260805420685e-8,1.3162484776335623e-5,1.5839103346036785e-6,-0.0004338611720404094,0.0011267014536241054,0.00017279981106360626,-1.768628826147672e-5,0.0030363250495650616,-5.146320788293803e-10,9.843785129060162e-5,-0.00046887953298450387,0.0013964857313297021,-1.7804032436572197e-7,-1.4252966989879411e-6,-0.005899936672960496,0.011326338779186991,-0.00015050119838122582,0.00020881508044332935,-0.0008902330364522277,0.02410576510639631,2.909201686228417e-7,-9.40148204958287e-8,-0.00015920819833976698,0.007587413319199748,6.804658269478284e-9,-0.006576704964297034,-0.004165406023863847,0.0008353813407020684,-2.319232547166762e-5,-0.008010063411542676,1.563353038720426e-7,4.446950181083168e-6,1.8713343605977157e-7,1.0313623684505807e-5,-0.00010458772301755172,-3.664557499013594e-5,0.002877643802904243,-4.2739688409138973e-8,4.16398653840064e-9,0.005748159561645022,-0.001280798497166414,-1.7499321052132709e-9,-8.568328601796105e-8,3.05415781905823e-8,9.033679046232398e-7,7.302752055820202e-6,-0.0011420085707368878,-0.003919507044186778,6.806687978277483e-6,-0.01162801357906879,-2.321742582988382e-6,7.603805020367108e-8,4.91753417301554e-8,2.5244148126698416e-6,0.0017122360957000486,-2.1743499084647907e-9,2.47603500745423e-7,0.016424725093350613,0.0005013296958089587,0.0027505809329165017,0.00038573265342084365,-3.0054962610010166e-7,-8.98562263645798e-6,-1.8382209385702948e-7,-0.00029527980310493934,1.2308671170967693e-8,0.010151878621252611,0.018459242604865766,1.7914033789326219e-7,0.004207069573595732,7.511688247807798e-7,2.1877572790750746e-8,1.880836029961809e-7,-1.61204425679137e-5,-4.6455391549421326e-7,-0.009990821734236021,0.0011058253079433728,3.01876909154609e-8,-2.5457877370142366e-8,4.816061943766733e-6,5.3874465599719446e-8,0.0013217697947604272,-0.0005568409949732534,9.294143513693519e-10,-0.0025636716951708983,0.000966693367559041,-6.689179027851015e-9,0.00030247527348790725,-0.0007296221061185664,-4.41410640524049e-6,-1.0246299154986258e-5,0.0004183111374974459,-0.02338817752178924,4.778049861433212e-5,-3.376178007026339e-8,-0.00023589945163121092,0.0017425889937747222,-2.2931393950119247e-9,0.0022926514070443736,7.2848052487855575e-6,-0.03283728319088379,-0.0001831725089017495,0.0027092582259100324,1.2506066227693868e-5,3.088760820125781e-7,1.0835239542627774e-5,0.12031049231662944,0.019506754994664127,7.93635406743101e-7,-7.363397072143248e-7,-3.476062886256923e-7,-7.698372972305892e-6,-0.0063679530207061555,1.7700026837117613e-9,-1.1431925860445834e-9,4.846366367557684e-5,-3.19569726577831e-9,9.245798503246891e-7,6.13093647884768e-5,-7.504624045306179e-5,2.985655489272786e-6,6.056019259057484e-6,0.00011489652957898733,-0.000705115321020233,1.8579560728251216e-9,3.249185396257364e-5,-0.00022581118919486176,0.0003485175332562442,0.01736734291981561,-0.017661036561784207,1.7823604222136294e-8,-2.986337275656534e-9,4.038742109695622e-5,-0.0003126118467183863,1.3166763694988332e-5,-0.00031017256576816094,-2.498723863997076e-7,4.044694385037569e-8,0.006148875920768704,0.003266904731034493,-3.769927877029099e-5,0.007949980927499638,-0.004485598977073147,4.1008100427974015e-8,3.602654296328062e-5,6.795707650860544e-6,-0.001230119971383249,0.0037545809253774604,-0.006681037146447564,-1.5762464823064272e-6,3.80151222930776e-7,-1.3325428626287926e-6,0.0002158812582477722,9.764401874145657e-10,-0.004633307722567271,1.1544212490677743e-7,-0.028553186758939465,-4.44091423703636e-7,-3.407417053646144e-10,-0.011067631357764316,0.0004588077133227336,-0.00011346404408474343,-0.00013569112663129265,-0.003851511174910482,0.0017869429728782893,-1.0115180329777906e-7,-0.0002592201774788565,0.003554177259219693,2.641648363523161e-5,-0.02452662160624334,0.006841820630681489,0.00029204877165758835,0.004119330787708,-4.068471275135899e-6,0.003245262987190606,1.8094322875860863e-8,0.00012022654661160493,0.0004867646733677279,1.204564354726962e-8,0.006219420658658468,-3.4784215631739445e-5,0.0019138372185643815,6.225339597214453e-9,1.6564331857731726e-7,0.0028699746626448417,-0.0037760084609586935,-3.4814796766687397e-6,-4.7872989638429856e-8,1.1071716971447056e-8,9.866463586767495e-7,4.8394932535242626e-6,0.002193147156082542,-0.00027681270305581726,0.0011639598425973651,-5.139342064741346e-9,0.001161360731012094,8.135504896970359e-6,1.7886697447358528e-5,-0.00032785428209737235,0.0010150983245708505,3.652698083107562e-7,6.313977099470798e-5,0.016579228174708194,-0.014337320573313718,-7.158493414058661e-7,-5.986127104413254e-5,-0.00577932193017318,2.3767718765396395e-6,-5.080313770405683e-5,0.00010474065758356456,-1.729792780677118e-5,4.177302364660554e-9,-0.022283023924208254,3.295048085189024e-6,1.2748886382452712e-5,0.0012144093082484032,0.012742539848128327,-0.0009067329217168587,-5.5404794324718385e-6,-1.9388672143912857e-8,-1.0182269991324447e-8,0.21248431829829706,0.0028151363315346302,0.000985505052285595,4.8712431314477844e-5,-1.033838265893229e-7,0.0002512731388542163,9.832879444959452e-9,-1.2222026067412876e-5,-1.1169045234499323e-6,1.7187695204540444e-7,0.0013753458054322253,2.1392831615528086e-6,0.002796003575357888,-0.0469121731779188,0.0010327019708342511,3.7165968850874146e-9,-0.00016236619406729055,-0.00025131513609750214,-0.04016342655733116,-0.0003609999522138858,0.00045984750159409513,4.6035249208338016e-5,0.00048266983383718975,-5.346656594173464e-9,3.292471880025446e-10,1.3827359144944113e-9,0.008394874878083306,2.0365777260489925e-8,0.018894233222655227,0.004031207985991827,0.015855724262033924,0.00014973107913404592,0.0012781532022567849,3.46660640108431e-5,5.633553134471185e-10,0.01187181540976266,0.01705831841860503,0.0021280820033953277,0.002548696610561749,0.000745492983008987,0.0009120599113248963,-2.6445702921540353e-9,0.11590415089895786,-8.192018049658595e-7,0.002513646021302467,-0.0001460021106419984,-3.633735242153116e-5,8.691353146017973e-7,0.015750671187651843,1.5923449418369852e-8,0.0007746475402703363,-0.006955166369553726,1.2973027877551732e-6,0.00038651889875253423,4.579223801624973e-6,0.013348245433338046,0.0005968862152040993,0.00019839215931539248,1.2109759113990643e-7,-4.0603106691324975e-5,-0.024590815363668576,-9.590691777034657e-7,0.0009103493649650541,2.8663823135623804e-7,0.0021806448373559947,0.0013053381426656044,-3.133260585999113e-5,2.1939215143790775e-7,2.767684242516425e-7,8.069181832932745e-5,-7.576335383063562e-5,-0.000138114814515605,3.4866741719225886e-7,7.291746913654023e-9,0.0003637542719994775,-0.003958198566213898,-8.486282486663393e-8,0.00013358203328347798,-0.0006451439384347826,0.06717126244732174,-0.009793633165189391,-3.3590724334384676e-8,-2.8333799375925414e-10,-0.002059751659081635,0.02327503868083713,7.672811451618863e-5,1.3991505358022426e-6,0.00030154994765722523,0.00583008531825829,-3.837204752560731e-6,2.1508696248824537e-6,-6.427568745566362e-7,0.0004251112246769471,0.001437633664057407,-0.0028586757903630673,0.007068500458430885,0.0011589239062109761,-0.018226735155890388,-3.1458889310516116e-8,-3.871697382195497e-9,-4.64001496428002e-5,-0.0041168025471981845,-8.088499921791333e-10
0.0,0.0,0.0,0.0,0.0,0.0,0.0,0.0,0.0,0.0,0.0,0.0,0.0,0.0,0.0,0.0,0.0,0.0,0.0,0.0,0.0,0.0,0.0,0.0,0.0,0.0,0.0,0.0,0.0,0.0,0.0,0.0,0.0,0.0,0.0,0.0,0.0,0.0,0.0,0.0,0.0,0.0,0.0,0.0,0.0,0.0,0.0,0.0,0.0,0.0,0.0,0.0,0.0,0.0,0.0,0.0,0.0,0.0,0.0,0.0,0.0,0.0,0.0,0.0,0.0,0.0,0.0,0.0,0.0,0.0,0.0,0.0,0.0,0.0,0.0,0.0,0.0,0.0,0.0,0.0,0.0,0.0,0.0,0.0,0.0,0.0,0.0,0.0,0.0,0.0,0.0,0.0,0.0,0.0,0.0,0.0,0.0,0.0,0.0,0.0,0.0,0.0,0.0,0.0,0.0,0.0,0.0,0.0,0.0,0.0,0.0,0.0,0.0,0.0,0.0,0.0,0.0,0.0,0.0,0.0,0.0,0.0,0.0,0.0,0.0,0.0,0.0,0.0,0.0,0.0,0.0,0.0,0.0,0.0,0.0,0.0,0.0,0.0,0.0,0.0,0.0,0.0,0.0,0.0,0.0,0.0,0.0,0.0,0.0,0.0,0.0,0.0,0.0,0.0,0.0,0.0,0.0,0.0,0.0,0.0,0.0,0.0,0.0,0.0,0.0,0.20958765902990148,-7.85315204060997e-5,-0.0022728637809313105,2.0436372307187845e-5,2.393954908687436e-6,2.0905786660390248e-5,7.865553253786798e-7,0.0011260088723702162,2.3581225382323397e-5,1.6375341400776625e-5,0.0005920981649969379,0.023024720810582194,1.1067472663314043e-6,-1.7479397452352699e-6,-1.442805231328627e-6,-0.0017015130296551923,0.0013804025215866885,6.615724112424741e-5,0.009393846336009773,0.0002756076086893007,0.014979203882269278,-0.0011666072122570239,-0.0006403770377029006,1.8447607934827144e-6,0.0002506054137333788,-0.022204022538934463,-5.161040169229505e-6,0.00016791393567734778,-0.011923648761343048,-5.883108506873386e-5,-7.792520777251701e-7,0.00028398132933398325,0.0007129314569937018,-3.954688278059999e-6,0.00048147177755614764,1.1070910391996158e-5,-0.00010142397035162316,-0.006329732936713237,0.010600052628840862,-0.008408279657428087,0.009381939104408682,-8.049716022752221e-7,-0.0020333670833740684,-4.781999772525636e-6,-0.07538433814021697,8.836312347080917e-5,-4.1347753343231473e-7,1.471677307525036e-5,-0.005055206446950178,-0.001563151252900499,-2.0892423189219312e-6,-0.05190961514629194,2.266165770738522e-6,-3.893420064506692e-5,0.00026038349752928913,-6.0297002166879146e-5,-0.0040106113466831204,-0.001148916027527695,1.053438479005077e-5,-6.279366223075556e-7,-7.761232671663601e-8,2.924103383460311e-6,0.0004596706097438675,0.001303409743646975,3.063799051300235e-5,2.991624664292424e-6,0.007025516570165174,8.356750948312279e-5,0.004125754375590729,-0.038527820701634956,2.4991729947168477e-5,-6.331725512849968e-7,-9.477627625572975e-7,-0.0015581538286223132,-0.005861026605049591,-3.2565161720376156e-5,6.503258643021713e-6,2.6445734083343956e-5,0.08949863137637455,8.249724524684617e-7,4.5914195032406067e-7,-0.00018700782436199188,-1.0615501877307075e-6,0.0010907199022636908,-0.0018041324846285952,6.701254542758543e-6,6.259722925093717e-5,-9.736718122934956e-7,0.0002120542359570003,3.818085125392408e-5,-6.6621428868859635e-6,0.00013851587163565737,-0.0002479626830445328,0.0002462698680820907,-0.0010637723686396402,-3.900589265591797e-5,-0.002846188632085942,0.020217506062266802,-0.0028365852316128677,-1.71457515663197e-6,1.7615190472312457e-7,-1.299939399620657e-6,8.202668695159195e-6,-3.819483652449339e-5,-0.050522379242643085,-1.7267763318537155e-5,3.880922097609181e-6,0.0013640684743824404,4.817882703001839e-6,1.8158618822628045e-6,-0.06340093440082022,-7.694218685009022e-7,0.000929866871267409,-0.003522277153061764,7.341279445128097e-6,-0.0019002740718837587,0.0012376306393903722,-2.4870222440845126e-5,3.314562306348079e-8,0.00048142649878685776,-0.046500188485358494,1.3251671203257985e-5,-0.0001304543394695982,-5.341029390462486e-6,3.861258015133362e-5,0.0006595719236006806,2.505852586224168e-6,-3.5973655604076584e-5,4.368962401680596e-6,0.0003886617439092636,0.005362457950490882,0.002435538936595544,9.677913707619444e-6,4.4008330578461695e-5,7.177793317478434e-7,-1.2504271206184852e-7,4.867306264418199e-6,0.009653428755838854,8.74950722456532e-7,0.002442708919623652,0.0012914536742906753,0.00014799965348814202,-0.0043940933302254685,-0.0010040519885271082,0.0006556587088918426,-2.4893986152036094e-6,-0.00017635975824714512,-1.8160608471638056e-6,-6.043778049491722e-7,2.3690575761019504e-5,0.009329192394985695,0.008200828692371837,-1.500514404815737e-5,0.0013814196526543354,-9.117924782323574e-7,-0.016071543463945383,-0.005393218430571543,-0.0010585530373623162,0.00020525336922001656,-6.728037272155978e-7,0.0011145954913891532,0.0009036725400502908,-0.0001016285414748429,3.4431824129705376e-6,1.1406654280324426e-7,-5.427137108171688e-5,0.002483553540970634,0.11564644366740418,6.446945971222445e-7,-0.0005979777761375449,-1.4321957418509874e-5,0.0023592383704639825,-1.3982278073143797e-5,9.069584861531201e-5,8.562096998823671e-7,-0.00010404619845047635,0.020532281745432444,0.010240955135825573,-8.330209770043555e-7,4.4447998015864244e-6,0.0005681485043542501,-9.894424723878926e-6,-0.0005653897131297538,0.0015672258777021813,-1.8625456153529842e-6,0.0003307899155844536,0.024859221205168605,0.00041640200337642654,1.1954560467209595e-5,0.0003364254070077062,-0.009527773747866139,-0.001572933162584197,-0.008753450591361468,-9.639109100681152e-5,-0.015204741147016258,1.050335537768837e-6,3.156291824060609e-6,6.330348226088705e-6,8.930417164347509e-5,0.0005895234326471936,-1.062849953479655e-5,-3.26901963652841e-6,0.00048626526450774085,0.0033064043979160744,4.3840486411963093e-7,-0.0008188190459149983,-3.2960791762488984e-6,-4.948353486530651e-5,4.057062600166327e-5,-0.005681976483413474,0.00034748722584547074,1.5311492689119121e-6,0.0005399706921671152,-1.7715570881462984e-7,0.0014000461261000185,-5.254221684860886e-7,1.4445663750853362e-6,1.496997038579181e-6,0.004659343274539087,-0.00018584390541881386,0.0022063084735045977,0.013316941571408643,8.81249810969412e-8,0.005395867765107377,-0.005234780754192482,0.001049194846007053,-0.0037797498775933584,-0.03819664575772736,1.0377417870454091e-6,4.820598710389569e-7,0.03643836441100598,5.928374211674783e-6,-6.449193110349262e-7,-9.921804111555195e-5,5.056593897842127e-6,5.560563558689462e-7,-6.210735057815962e-8,0.00012227758018201534,1.6603564207224375e-7,4.484350317099016e-7,2.390738624056991e-5,-0.0015389869749932643,-8.162308657879073e-7,-0.009130120699844818,3.557021051099933e-7,1.7954097455144377e-6,6.643973926475601e-7,8.555586549834757e-7,7.069427645699897e-7,-0.0001549817591159631,0.00034172344454785534,-0.00011606795642437907,0.005117417613366957,0.00014420491398788694,-5.1205798618550104e-5,-0.0004338088088181756,-7.864278155077523e-7,-0.0025054170177834785,0.002231864883650428,0.012593802863838564,-4.049824487302815e-6,0.0011665471946160487,-0.00016442460527035698,-1.5870551628782717e-5,-4.551593129743954e-7,-4.713357244435745e-7,0.000368281811872931,-4.68528917671508e-6,2.1362457860622988e-5,0.001730876673603739,4.2431020393139374e-7,1.549631634102095e-6,3.3885630811218896e-8,-0.0013148850658647228,6.364089639641845e-6,0.001241989205239527,1.7204291130303797e-7,1.7158578189225932e-5,-0.037653072429229203,2.2723878418960242e-7,-0.0005932392419431011,-5.693907239170976e-7,-0.00015858284418536985,1.1089845304611603e-5,1.3846571738172655e-5,-3.691747588504585e-5,6.442096958406678e-7,-5.989282660586844e-7,-8.652637212370117e-6,-0.0056412458278842555,0.00011274914067881118,0.0001945687178275023,-9.765775942630965e-6,3.091123584393776e-6,0.00011202429334511028,3.084509125723812e-5,-0.0001678095851848912,-5.639111216237337e-5,1.78770525107095e-6,3.393046233160255e-6,-0.025871306881034402,2.2892266515305377e-6,3.8466597088340815e-8,4.5091493938096114e-7,1.9750419657440625e-7,-4.933000743566263e-6,-1.0314094365744818e-6,6.255955456429239e-6,2.5308643318741915e-6,9.507965604895088e-5,-3.12019527527039e-8,-0.0081160913544575,0.00014016462430115355,-3.5328533424740535e-6,2.090066049953082e-6,1.4011669649977958e-6,0.002715538729115764,1.0163102416908075e-5,-2.1832807568360935e-7,-0.004109661469576111,-0.004837255915708846,8.677050707623845e-6,5.2881460230269684e-5,-0.00041386876391140745,9.715663130320958e-6,4.864852552485047e-5,-0.024799954841748805,-0.07295926615620796,-0.04992091599227846,-0.0040975042252697925,9.306601917609868e-6,-1.7069438704997655e-5,3.8301839484478873e-7,-7.960023052524661e-5,6.111745597219364e-6,-0.008764741713872176,5.531629754192719e-5,0.007587616168127373,0.0012009972670387872,0.010829823329721686,-0.0001223540633034969,0.0019788683598096356,0.0008227442456878271,0.0019318739641978697,9.86623221590493e-7,-0.02301329083803284,-0.006714989692344378,-5.564065760437051e-6,-8.877613011129984e-7,0.012377513821588308,3.856342006564964e-6,5.690015395698967e-7,1.7395834686952712e-5,-7.3773131941465315e-6,6.185909472436939e-5,0.004125362332390821,1.6640174068370713e-6,1.451412990323891e-5,-0.0006837104884727279,0.0019769442138893524,-0.0009231775671310331,-8.104116258552441e-6,-1.4337240968533354e-5,0.0007628700578988072,-0.012617664908781277,-7.06938103257708e-8,-6.5436620259967286e-6,-0.003976161253771255,-1.7840247064309545e-6,-0.00379597786180385,-0.017830047208418152,-1.7757964415477636e-5,0.0002980258169698631,4.9244794801484804e-5,0.005926865505903606,-3.4482602804653277e-6,-0.00024405981856266153,-4.000135404426726e-5,-1.1387185803673443e-5,0.022767972358725422,-0.00010861633401685212,-1.8669623496562769e-6,3.692814538356767e-5,-8.261138440064351e-7,-8.196200757331312e-5,0.01243444802915789,-0.026714626489043863,-8.557213444543807e-7,3.1882299342590614e-6,0.0002011585237071411,-6.903204542586658e-6,-0.03181393309371118,3.991828624225979e-6,1.2828089898370265e-7,2.111978778787507e-5,2.8340088300163957e-5,3.3432189917376725e-6,2.242118539532497e-6,-0.061978899384842925,-0.0017768762805244788,2.0011370305576796e-5,1.025192043421919e-6,-0.0003170180301194415,-0.0028407170319298507,6.71489462158491e-6,-2.964781048597439e-6,2.4933786748950354e-5,3.5400616690334205e-6,-2.344013791488463e-5,-0.0004329547021385744,0.0001702397991738425,0.13146626654133117,0.022614006166903504,0.0001849726715183528,1.8272320821997238e-5,0.001096452773456552,1.829974833797621e-5,-0.0006062600034088931,-0.00014519576069857315,-2.6964919117095277e-5,4.963387390600252e-6,-7.552463088390102e-7,-2.0992076175628692e-6,2.1478587797260474e-7,5.353266748537442e-6,-0.0011866512060420037,2.2354912594924644e-7,-8.635740297823547e-5,0.01358596775673263,-0.038307578562137956,-0.000818790007323577,-0.001521592156048942,4.020581072545725e-5,0.09880249032273423,-1.3571466231742801e-6,1.1903262456885501e-7,-0.00218306992216291,-0.025410621651634168,0.0007767812856357678,0.001497704608389383,1.3802962774035941e-6,5.307128540367783e-8,5.901056919506557e-7,2.4141181490674035e-6,-2.8047526749131523e-7,0.0013031706363511013,4.99302513520814e-5,-8.111708273952413e-6,0.00039533054318062325,-0.0016615537098408704,2.59896529504457e-7,0.0007475714550236812,0.00030115169339965247,-3.680734448229828e-5,-5.817640056708223e-8,-0.0008450114770463454,0.015138529625602977,0.003611713891479958,7.436278318751329e-5,0.0011082941425823367,0.0003745647910751591,0.0010315431361521661,6.159922692070009e-7,-4.77358954419865e-7,0.00024148573859970404,7.327724260568493e-6,1.7226311706852025e-5,5.1965390825895824e-5,-4.976982471277456e-9,-5.208670240068722e-6,-0.03919607827313502,5.81865131412123e-7,-0.0001446947841461575,0.005867543216107609,-0.002177624862841575,-7.780997305791692e-5,2.0963475720937275e-6,1.1298350284102805e-6,0.01051422572123274,0.0014186497590347059,2.2640925693763234e-5,0.0021168618714434706,1.1948476158510742e-5,0.0008748192212080759,0.0003966375866892781,1.2280476285061466e-5,0.018403863739061662,1.4099148746592648e-6,3.2738796043620294e-7,4.1760728362618455e-5,-4.6860037450730585e-7,0.0011246400416072859,2.1430804681450685e-6,7.2561569934214135e-6,1.7722141137442734e-5,1.1998680933718095e-6,-0.0015980987690242883,4.013834528297549e-6,3.347586446377381e-5,-1.7462083258041632e-5,0.017330446360700753,-3.2150771927850083e-6,0.0029200488086954376,-5.168047339744717e-5,3.362970524219612e-7,-0.05273852854468627,-0.001343562919180735,-0.006856659942512363,1.0865774971442396e-5,-0.005449536961485392,2.443360482967411e-5,-0.002607643452532134,-0.004942397912651483,0.01029637985250369,2.986916422350719e-5,-3.5681025322361363e-6,6.46042074352649e-5,0.0007008764431248049,0.018706718088714068,-0.03932021418659037,0.002423399518238444,-4.4094989382837315e-6,0.0008179373802918127,-0.009614428473529259,1.6554128717514923e-7,-6.345898028777838e-7,0.0007318825045369889,6.884228595508276e-7,-0.0013533042300167063,3.98847226325048e-6,-1.3435609730186029e-6,-1.0913085907429906e-5,-0.005976999046270797,0.0003408587711576208,-8.061200422728415e-7,5.150299057513712e-6,-0.05056528088147388,-1.7762955445188252e-6,0.002045144635458294,-0.00022819128417455881,-1.2063818232956792e-5,-5.163502852109021e-5,0.0003478300414193331,-0.0010503916794511155,0.00028941774531305735,0.00010842778147243629,1.5710889263612821e-6,1.1355067179548695e-5,-0.04540500576550407,0.0006241015384370256,1.664499265406155e-6,3.323201677437927e-6,0.0004071684516647546,-0.0039441599060134796,6.653272781426718e-7,-2.2373576462827127e-8,-8.932996183696548e-7,-2.1884827469610433e-5,-2.7694143245190186e-6,-0.00619227564944308,-0.00010183307733120226,0.00024471650208926347,1.1979076381836496e-7,-0.02077040729667302,2.350577979592617e-5,-2.7185489694685437e-7,-0.002414571412895331,0.00020056005688975844,-0.028818553819532508,1.526425253152823e-5,3.9654899602682295e-6,-6.842634425637115e-6,6.470464849899282e-7,0.0009786125927462924,0.0008083746781946122,0.0030913703486249583,1.4309925848272945e-6,-0.0026536595588478895,-6.336204359305262e-5,-0.002310544603425637,9.711287495863803e-7,-0.004717719116533433,-8.842896916150387e-6,-0.00010536001581148863,-0.047715775022876016,-0.0026314557724726574,2.6944469620371784e-5,-0.05058520120519209,2.0365618561203984e-6,-2.4391895599557173e-5,-0.008661682546894964,-0.0001537010390002313,-0.0003183264166128797,7.396498576182324e-6,-1.0527897454179972e-5,1.063297849694754e-5,3.285450686420237e-5,7.212759823202982e-7,2.468629680950594e-5,0.0007142348278958628,0.012936555671093366,-0.011959287418100584,1.3158734773565583e-6,9.369615104148114e-5,1.4320862721804005e-5,0.0025378590090185805,0.00011023173858260824,1.0468970530175486e-5,0.00650262691288613,-0.006593568158451828,0.0012392560865476033,0.0011009085703059945,3.7837093143510964e-6,-1.2042137004363404e-7,1.7170404045345616e-5,-0.0005170946396820152,0.0009615947260982752,9.285640089333564e-5,0.012945387868364962,-9.371970628385982e-5,-0.004383968604901342,-0.002273942564533736,0.00014656648032835762,-3.8679344185059675e-6,-4.382334309766014e-5,0.001593027970295297,-0.00029679451267666964,0.0011432973472008028,0.0003288873629959442,1.644953276542042e-5,-3.637268768972934e-6,-1.6628431325051985e-7,0.007256582191488518,-5.132336230963017e-7
0.0,0.0,0.0,0.0,0.0,0.0,0.0,0.0,0.0,0.0,0.0,0.0,0.0,0.0,0.0,0.0,0.0,0.0,0.0,0.0,0.0,0.0,0.0,0.0,0.0,0.0,0.0,0.0,0.0,0.0,0.0,0.0,0.0,0.0,0.0,0.0,0.0,0.0,0.0,0.0,0.0,0.0,0.0,0.0,0.0,0.0,0.0,0.0,0.0,0.0,0.0,0.0,0.0,0.0,0.0,0.0,0.0,0.0,0.0,0.0,0.0,0.0,0.0,0.0,0.0,0.0,0.0,0.0,0.0,0.0,0.0,0.0,0.0,0.0,0.0,0.0,0.0,0.0,0.0,0.0,0.0,0.0,0.0,0.0,0.0,0.0,0.0,0.0,0.0,0.0,0.0,0.0,0.0,0.0,0.0,0.0,0.0,0.0,0.0,0.0,0.0,0.0,0.0,0.0,0.0,0.0,0.0,0.0,0.0,0.0,0.0,0.0,0.0,0.0,0.0,0.0,0.0,0.0,0.0,0.0,0.0,0.0,0.0,0.0,0.0,0.0,0.0,0.0,0.0,0.0,0.0,0.0,0.0,0.0,0.0,0.0,0.0,0.0,0.0,0.0,0.0,0.0,0.0,0.0,0.0,0.0,0.0,0.0,0.0,0.0,0.0,0.0,0.0,0.0,0.0,0.0,0.0,0.0,0.0,0.0,0.0,0.0,0.0,0.0,0.0,0.0,0.2087958369745975,0.005142733369688928,6.0583718129091955e-9,7.592984923192143e-10,-0.02414539954164461,-9.039802133684937e-10,-3.3096758134002516e-8,-1.2429788203556782e-8,-5.316954869362104e-10,-0.00021218432177735164,3.128927818756539e-5,2.1404219211037974e-5,-0.0029276808805240536,1.3616601104403772e-9,0.000452666830176021,0.0049629723705064965,0.018255697559158592,-1.1042202868977144e-6,1.3535410531777459e-8,7.420917672472617e-6,-0.0005832212592746542,7.963907530197501e-8,-0.002004385649461857,-2.304947280408925e-7,-0.00020716357502897665,-0.010283575071528358,-1.5891221078122065e-8,0.0007168938151880796,0.027192981139742195,6.938363013346263e-10,1.974012918845285e-5,0.0018168545618275148,0.009381708707971056,4.639044116988863e-7,-9.509656609728148e-10,0.005399456436278878,0.0006752484722826385,-2.926789940422385e-5,8.446200144623153e-7,-3.881726298054368e-5,-3.7465253629820395e-10,-0.002620953091956953,0.007103688315642393,6.629962747580848e-5,1.0239523468787755e-7,-0.00020368933142564345,-4.242036621685238e-9,0.00010427126084006022,-1.01466115829376e-6,0.00017902800856047928,-1.4449916230030227e-5,-0.0041132982091543445,-0.001623308390602049,3.562513334383925e-9,-5.5843952677418926e-9,-1.7282120430441135e-6,-0.000859285504691809,-0.019229112068578705,-4.780610584689711e-10,5.5984100434726547e-11,-0.0007576602118927438,-0.006411494975167611,-3.592287163282182e-7,0.01806339669994361,3.5101240504124423e-10,7.76112813493719e-6,2.917808882623459e-8,-0.0009004718932779565,-3.262049926723364e-5,1.0045672746979664e-8,-0.0004349587717218995,0.0008844899374688732,-9.003404468090999e-7,-4.440121223395804e-6,-0.004166124642146051,3.789982111815829e-9,0.003426651401451698,-6.64242250167362e-5,-0.0001221166316006639,-4.920019267672408e-10,0.13846400317427263,-7.928812061761413e-10,0.0017442423590632403,-2.09939457129095e-6,-0.0028296712497087877,0.014288828483665302,0.0009724326027909569,1.2662561860281488e-7,-0.05932104586599788,-1.612679660827176e-8,0.016666954349217784,-0.00018032841856141388,1.1832176425916898e-8,9.014208108972101e-7,0.0005185923371707229,0.00020729135208968308,-6.308106113708234e-6,1.2027864278647272e-6,1.7798857391581768e-9,-0.0005109969706521371,-3.490071979332949e-10,3.6247210720724616e-9,-3.5360880704690354e-8,3.5449982032483455e-5,0.04750876209664397,0.0046531390687433545,-2.712949474039998e-5,-2.873355230861538e-9,-5.339392304950725e-10,0.00016241856184739457,0.0004885871886029655,4.3377118960640796e-7,0.00017234174094771574,2.7480108031761323e-8,2.6836290921245906e-6,0.000654459976164782,-4.5467303059248565e-8,0.0028527822958315267,0.0014953405359492103,-5.553483090393733e-6,-7.212329995478619e-11,-0.015835182082678534,1.4174635437694447e-9,0.01651776247242792,-4.5583497393922794e-7,-0.001340329359755039,4.152037870420232e-8,1.0307425667217614e-10,0.030281411367026105,-1.6062329075113858e-5,0.0008259273951259461,0.015981986266333015,0.10580170048300218,4.596364316908703e-10,0.00024768211507447566,-0.005294716749357719,3.0851063534425605e-5,3.3926177721921316e-10,-1.3208934396946117e-5,-0.0002599435682940053,0.010421350203219987,-4.366286740780537e-5,2.850402542018706e-7,-7.638961300934176e-7,-0.042129363817504574,0.0034972398195604,0.0007396301443339684,1.7425627517478833e-10,0.03197024572035044,3.8177785855843504e-7,-0.0007516992617736752,1.7083518850162394e-8,6.478403480220782e-7,-0.0013021210947358414,6.266400425791696e-5,-1.2018773419484943e-5,-0.0023687672461229882,5.547819479634716e-8,0.006942515476958032,0.00013076348221509521,-2.8838378975143006e-7,0.09746802318430611,2.7166110684295217e-9,0.0001684201264124413,-8.592625802141874e-10,0.0022166791759869083,-7.814976723289812e-7,5.548753956900279e-12,0.013574420096584456,0.007913408193974118,-6.458820884506771e-6,-1.5699971289935042e-8,-0.025707053770130314,1.0238129730731083e-9,3.976742550053966e-7,4.643336753701918e-6,2.5438424294393693e-6,-0.0015884532742767256,-1.0362071988567734e-8,-2.424615902817902e-6,0.006762075121758686,0.0014199721166319643,-2.0090783845122075e-8,-1.3875100638041074e-9,0.012558369084387656,1.818324404543324e-5,2.08793068248518e-7,2.9993181432236655e-9,1.731134136242956e-6,0.0001267887196271387,0.003062603377214786,-2.8864887853629876e-6,9.361668849071097e-8,8.218357609719566e-5,1.0514823145149522e-10,4.816789126739786e-8,-6.565851822773541e-9,0.0025201579738839855,-0.001801546609252034,0.07029412348564867,-0.0031701419320710193,-2.7847508899225363e-7,4.155830758013521e-6,3.688182168237445e-11,0.0003303806025841662,-1.8568734812111842e-10,0.010346624653828858,6.501324465213413e-9,1.915288310952097e-5,7.698986297943188e-8,2.531349079500737e-9,1.2978089351733554e-7,9.954490653589389e-10,1.8097266516483205e-7,-0.000933083417265111,1.7593588656701145e-10,3.90373820768574e-10,-1.2440906162217636e-5,-0.020521072560643863,-6.137144705209886e-6,-0.0001647268293433808,0.0005746468162599366,5.730389596889546e-6,-2.568413238909003e-6,3.71594302540494e-7,0.0014348409202895635,0.00017609532231889935,-0.00023744454207604053,0.0014999444538384902,2.924724850514577e-5,-0.004706993953793383,0.000677817292450138,2.8829427525962687e-7,-2.7013551289340916e-9,-4.295625903955033e-10,0.00028636945662639877,-1.0636218845439665e-8,0.0008412367064376767,8.209173982864771e-10,0.001984621657349338,2.7802653831938883e-5,-0.0012634450377705777,2.2459909576447814e-5,-6.751327438939807e-10,-1.6234840214581062e-10,4.716191259958163e-11,3.197516708490596e-10,6.833185450190663e-10,0.1192000624104749,8.694004781679638e-8,-2.682913944646439e-7,0.0003038016999222884,3.0095226008387974e-8,1.0944607948664879e-8,2.8445947260092386e-7,-0.00038737123828779663,-2.576844193368186e-6,-0.0016278666002931535,0.00020450536863457315,6.694675763060739e-9,-0.0013482624595069876,-1.2608071971650844e-7,0.012012542271162488,-4.542513837100516e-10,-6.038932569849398e-11,-2.2923326959852807e-8,0.0165745118252027,7.65945023742927e-9,-0.0013105929051320877,-0.00045545358416659913,4.23134648311775e-10,0.002915619944250351,0.0052269600943997165,-0.0069970782293799485,-7.603884768328004e-7,-1.4273198420949765e-9,-3.4426305433739023e-9,-1.5702219293091013e-5,-6.680491470433405e-10,-0.0007652317925455157,-5.39310193314477e-11,-0.03499285798034383,2.9420831327281293e-9,1.8056104325051845e-8,1.8072048697508474e-8,0.00022826166834155482,0.00040397292408428945,0.044711533147287756,-8.94755226765104e-5,-1.4466851674218835e-6,0.002710587532757667,2.066041909620828e-9,0.0029937742722011477,-1.3082807720115696e-7,1.371923656798324e-8,-1.0803451400392241e-7,0.058735357190850705,-8.990601715493644e-10,0.0001691296447775479,5.3238958997145354e-5,0.016088984397768232,1.1087453553232578e-10,1.2805688857166661e-9,-4.644134794650626e-10,-0.00624671298492298,9.40139553581895e-11,7.791445903589296e-10,-7.015373699800456e-9,-8.02444919467165e-9,0.0008358944136243997,0.0001381766550805087,0.000284948584778462,3.13266254212827e-9,-4.792946759107666e-9,1.4109862255683113e-10,0.0002612721450373235,-8.465926599039528e-9,-5.441769720607146e-6,-4.94348404050737e-5,-2.0349142556706878e-5,-6.007140751946324e-9,-0.00322321417637201,-0.0038609124997580047,1.0482976674416797e-8,7.086893744989406e-9,-0.00026855175040981476,3.0656839609559794e-5,-2.4712658589380205e-5,-1.1004559258033368e-6,0.00039034460364550564,-0.03278403340455722,-2.993685396028622e-10,-3.313126513129744e-8,0.01746292890966342,-1.5373675645445323e-5,6.953145543402741e-8,1.4558914363837097e-6,-0.00046678406379514764,4.0518462596688035e-7,0.15137243881196763,-0.0014469701437460135,0.0028828397313471455,-0.0003188625889079556,-3.7675438312653715e-10,0.00037929081317811345,-7.97506294231534e-6,-0.018478662921452636,-0.0003762441246081138,2.9950811320555934e-5,-2.3871430638847967e-9,0.0002976901329222587,-0.06488489863057867,0.0035716758417653075,4.16623564732967e-5,-0.0015137239402783509,2.2234978259913145e-9,-7.77908904594698e-8,0.004942547158171571,1.6618948339796289e-6,0.011377547464167624,-0.0034330697969974775,-0.0006296369899619056,-0.0027272406640023016,-1.034309889336888e-5,0.0007561594368270056,0.014402565261256764,3.371706538333977e-6,6.242312865876103e-10,-1.2150164770980828e-6,3.490205831327765e-5,-0.016723588567507205,0.0013479209829884813,0.0038460378769128874,2.5922939367275118e-5,0.0031774040189242103,-2.6077808780467916e-7,-2.2612747364620775e-7,0.0626361804062691,3.944775225636495e-5,-0.015053266801277283,-0.003229500207598582,0.02996224975007169,-7.810322313803451e-10,0.009865135354560663,-2.7015318583346564e-6,-6.2116908156882545e-6,0.011275994625767291,-0.0024541306975949338,-0.0021033584709967143,0.002731744419520208,-4.2476481621216945e-5,2.8068163626605606e-9,-0.00013738757420149025,1.335267226104751e-8,-5.5913757896294084e-9,-0.004269159750386073,3.6388318065944874e-10,-2.026918513680841e-5,0.0019555311368001423,0.00013646901160665773,4.0011493538929093e-10,-1.4602080186432706e-7,6.0159483266933616e-5,-0.0028036250631850042,1.4207080157155467e-9,-4.213669093879024e-9,-0.0034898905256110415,-2.4690513108104442e-8,0.00237305351748261,-7.066297990311454e-7,1.2570876513378878e-5,2.4772453691674482e-5,0.0004349728290995131,0.05902532789850554,0.0006649527904724473,7.112081959366036e-8,5.095764900090087e-8,-0.0017717082084279666,-0.023064198494027743,0.008417910367254412,-3.6205556793344517e-10,2.8240695609574454e-8,-0.00013403206275668298,0.0006296641285493738,-0.00014026207122675553,0.00018947572696671023,0.014534184407958417,0.00030790046157391245,-0.00015545086566268052,0.002321406501724128,0.00018099575268059882,-2.1059752637047234e-9,-1.070807680441082e-5,0.0013103731094055617,2.40294417579489e-10,0.00014559037009576785,-1.309013890733957e-5,8.191544072188463e-7,3.6514648892308625e-8,0.002535519499676255,-0.00024374393742213123,-1.7698422528921072e-10,-2.227792996150507e-9,-6.440542638198867e-10,0.00011655153001058894,0.01931678679988039,0.1279978696916269,2.110747129473753e-7,3.3611630561980843e-7,-8.248448745203753e-10,-5.460572596782182e-7,4.561650149341598e-8,0.000269140868681527,3.23333775046143e-10,0.002605094363663947,-1.0848088036143032e-5,2.1359875903103608e-5,3.662048960527393e-8,0.0019817047200888704,0.015017889687895582,-0.0011889192267439197,1.1412585555402117e-9,-0.00024598194471028145,-1.1507120071139242e-8,0.014400354438744219,-9.357430305411555e-9,0.01991711994009333,-4.3384531655803485e-5,-3.8826365897505675e-8,3.6786296438302545e-5,-1.6782003451982718e-7,-1.9805907267504093e-7,8.046948239880045e-6,-3.169268649280559e-7,0.07173215265131272,1.5115154449235088e-9,-1.117938230579672e-8,9.95259031496467e-5,-4.2218385830212385e-7,1.7353799657032098e-8,-3.504897916996362e-6,-7.618807092126821e-8,0.0065779967167928395,-9.417770380219187e-7,0.01744572326649153,-7.13241725947694e-5,-4.007366066902607e-10,0.0018436224538961844,1.4399449484182025e-8,-2.800447593924437e-10,1.363626721089302e-5,-0.00054982339168797,-0.022612132833387547,-4.859322428313472e-9,2.205295738428902e-9,0.003300428052712737,-0.007524997411794112,0.012313688912393246,0.006944504925243307,-0.0002213743923676512,-7.01232406188091e-9,-7.874383078848202e-6,-2.316067130078016e-9,-0.0008497508340451879,-9.634688292729086e-6,0.002880604878565507,0.0003816173854307092,9.009988588590382e-10,-4.5313486307234734e-6,0.037813593739189647,0.00027065806958318487,-2.0507606038970823e-6,-1.7443175063079195e-6,0.010798844293713432,2.938118602549361e-10,1.4034471933385635e-8,0.004989640199787964,0.00018366514179087053,-0.00011893705365518521,-4.895906828113639e-5,0.009965046308825505,2.8748921138848365e-7,0.00013897406798479608,6.519181290922524e-11,-8.54700051043555e-10,1.3853400327212279e-6,1.11323464876436e-9,0.001578109894645837,0.02655034869348283,-0.00048650986042763733,1.0045036440742704e-7,-1.977140939439485e-6,1.019742175017822e-8,-7.022120373228289e-10,-0.0011074702793638033,-3.223692615862452e-5,-0.00021397814178109625,0.001597291329240082,-0.00271618508719388,0.0096131467492645,-4.5679223860017396e-8,0.003105022548213482,3.601462324840645e-7,-1.3313577452995477e-6,6.026887446426509e-8,-0.00047104016488633336,3.0004819246241206e-9,-1.5229788387416685e-5,-2.919506664065679e-7,2.3699421081377897e-9,2.047838915341411e-9,0.00040692044526569873,-2.5667331682792614e-5,0.00016187238883222095,0.00016783540687050614,-0.00035217853042882226,1.1632781113869096e-8,0.0026320248114330507,3.0201770473602666e-6,-4.5588743519466255e-8,5.87749732138372e-8,1.9683235955884429e-10,-1.5819599555191256e-5,1.596784324286128e-8,0.0002884055371967118,-1.3470704132868745e-6,3.623260602846207e-8,-2.3440153672286423e-5,2.0225181803799054e-9,5.43580790105793e-10,-1.960733860258794e-9,-2.1538477215426568e-5,2.817578471176129e-7,0.015232591673868326,-4.852737518567155e-6,-4.3191208347789523e-10,-0.0010772102446798448,-0.005391233182849296,-4.5234297456785065e-7,0.0021557889484858797,-2.2932160278124636e-6,-1.723954197984909e-8,0.0029452322393823415,8.84882741750358e-5,0.0006054235073402913,1.4830153300017476e-9,0.00011099263629506792,4.552868448862192e-10,0.000562321614187793,1.9217551340652443e-5,-1.3441697884078591e-6,0.0007851386185576066,-2.463648403010901e-9,0.028847495038475123,3.1703724019868763e-9,1.1061364025657572e-8,9.911362904176551e-11,0.08788666143000302,0.0025042804469467875,-9.830267825338688e-5,-6.352883124821442e-5,-5.779843234833232e-10,0.006328703593913424,-0.0005589531401793456,1.653935150979444e-5,4.19327493111067e-8,0.0023426227624883107,5.549362814971395e-5,0.00014514815715777448,-1.5847311022964942e-7,1.3025100095088672e-7,-0.004460879841603431,0.001608168777003787,6.06960258614563e-8,-2.762246029508851e-7,9.202104555604721e-6,-0.020898160716747,-4.057738667478761e-6,-5.0681900564343706e-8,0.00010238372561950221,0.003131244665492201,0.006945350036332499,-1.0389031815816812e-10,-1.5297472858814278e-9,5.93367306473208e-7,-2.2456323299408217e-7,-2.622057276921993e-7,7.403850599588464e-8,0.02996931656196821,0.004672348575560498,-6.105659108128098e-10,-2.675745025016376e-6,-0.00028553573225633853
0.0,0.0,0.0,0.0,0.0,0.0,0.0,0.0,0.0,0.0,0.0,0.0,0.0,0.0,0.0,0.0,0.0,0.0,0.0,0.0,0.0,0.0,0.0,0.0,0.0,0.0,0.0,0.0,0.0,0.0,0.0,0.0,0.0,0.0,0.0,0.0,0.0,0.0,0.0,0.0,0.0,0.0,0.0,0.0,0.0,0.0,0.0,0.0,0.0,0.0,0.0,0.0,0.0,0.0,0.0,0.0,0.0,0.0,0.0,0.0,0.0,0.0,0.0,0.0,0.0,0.0,0.0,0.0,0.0,0.0,0.0,0.0,0.0,0.0,0.0,0.0,0.0,0.0,0.0,0.0,0.0,0.0,0.0,0.0,0.0,0.0,0.0,0.0,0.0,0.0,0.0,0.0,0.0,0.0,0.0,0.0,0.0,0.0,0.0,0.0,0.0,0.0,0.0,0.0,0.0,0.0,0.0,0.0,0.0,0.0,0.0,0.0,0.0,0.0,0.0,0.0,0.0,0.0,0.0,0.0,0.0,0.0,0.0,0.0,0.0,0.0,0.0,0.0,0.0,0.0,0.0,0.0,0.0,0.0,0.0,0.0,0.0,0.0,0.0,0.0,0.0,0.0,0.0,0.0,0.0,0.0,0.0,0.0,0.0,0.0,0.0,0.0,0.0,0.0,0.0,0.0,0.0,0.0,0.0,0.0,0.0,0.0,0.0,0.0,0.0,0.0,0.0,0.2069899357981833,-4.994752392694564e-8,-1.5728373548605605e-8,0.0016029704705796846,-4.871883566663343e-9,1.1122958403380574e-5,3.829254635017251e-8,1.070290168093821e-6,-0.06518145534763453,0.00024117514657241886,-2.956113825153037e-5,0.00023555829021160667,-4.19797758214741e-8,0.003033154618545518,-0.038811166203460354,-0.0045070937626297105,2.7224772173517597e-5,9.099842735899588e-7,0.00014273437470857918,0.06205221656135008,2.8609676965292985e-6,0.0010376749689223399,1.0242647633710213e-5,0.002234858934337696,-0.0012574223267954124,4.560640325491503e-6,0.015241493731729061,-0.00252430570819774,-1.3773714790089701e-8,0.00040065824220997676,-0.054723972077720257,-0.0009860062526789294,8.641889086817341e-6,2.433141596239071e-7,0.009974925710784687,0.010232628864420544,-2.8776576820716853e-5,-4.269957242822701e-5,0.0004125624408076539,-9.64794948743139e-9,0.05478583199551583,-0.00016152307807074684,0.003177171885732868,9.93984187643412e-7,6.711595766653719e-5,-2.896489687497944e-8,-0.0006019254605479659,-2.6382592075709067e-5,0.00023527315949507913,8.486100115539239e-5,-8.53983856946775e-6,0.013451530050406295,-3.123941857874496e-6,-3.3903266927202916e-7,5.302610322411434e-5,0.0027641874273771137,0.0003509795406000363,-3.3535500769719468e-9,-1.1650978305634714e-9,-3.598468085288415e-5,-0.040259242702111155,1.1172149037164712e-5,0.0019458273454906563,5.349428898092202e-8,0.00025698522657383353,2.814408126618415e-7,0.01809419673089075,-0.00022714261133876027,2.003902672755586e-7,2.4340186546406788e-5,-3.117140950409994e-5,-5.947639483878752e-8,-5.412940969840441e-5,-0.005897910719245485,4.11941978582268e-8,-0.001129753708381599,-0.001612817383293913,-3.659031315673931e-5,-3.043510711628396e-10,0.007889699045601684,8.932644081531385e-9,0.034012930662627734,-1.551885732249615e-5,-0.0002453685455805858,-0.034664247309217994,-2.5415087411537938e-5,4.494041424776801e-6,0.001480252383181548,1.1640372662080314e-7,-0.0021073777537607054,0.03292770949916721,-7.868418269323781e-7,1.3966060495223664e-6,0.0035558615234190026,-0.001178721588275729,8.450589492345036e-5,-2.6906160797841967e-5,-6.285655744185118e-9,5.167607824772348e-6,1.6614269459476831e-9,9.910646120653529e-8,-2.1594906984041027e-7,0.002998312322926202,0.013343858472546299,-4.3967756627937524e-5,0.002549642301048596,5.0898445911321136e-8,7.826629630008358e-9,0.0006873013702395163,2.2048064228921464e-5,1.4475776023139709e-5,-0.000952900612611881,-3.330030168729277e-7,4.498994607631986e-5,0.018821309457772592,4.2692350150727936e-7,-0.00017837132107327206,0.003730819731552218,-0.00017546714212779703,8.036235942197902e-8,-0.03519869941666379,-3.300110888458866e-8,-0.00037115149786163745,-8.043154764619544e-6,-9.763554623238442e-5,-4.646996389114291e-7,5.1780271744287856e-9,-0.03315289438612007,0.00033695426041400924,0.016203653365789675,-0.0009302406021061661,-0.008082758898428237,-7.669632644554885e-9,-8.836417334381876e-6,0.0004227713822400253,0.0005474153151233661,7.380012919414819e-9,0.0035859969063297427,-0.04053275309410621,0.017793459338789765,-0.000607736296755694,2.898540847722453e-6,-1.6718209138562278e-5,0.001680736164094536,0.0006855215667182745,8.324078604617189e-5,1.2232307478793343e-9,-0.0018381566529813045,-8.752228636602424e-5,-0.0033677438264154355,4.379133224221981e-7,-5.566906670065309e-7,0.000110411160360066,0.009727115665587,-7.198126328745136e-5,0.06969155809367572,2.3989769996449677e-6,-3.644638099399091e-5,0.0005232796495765135,6.095943212376253e-6,0.013928398132992993,1.8618466913771636e-9,-9.652105427359608e-6,-3.3956617488409626e-7,-0.027089569830886034,0.0004895822722006984,2.3927701537549676e-9,0.06482804291956354,0.002490681692108384,0.00018714852670188942,-3.1709203156776714e-7,0.009536291689154734,1.1406208400032617e-8,5.6470935814671616e-6,0.00017200810872513463,4.7871877454618394e-5,5.326829474177503e-6,-8.526786327480085e-8,1.183275046354458e-5,0.00016234806942822075,-0.03419856169288177,1.8903530530886558e-5,-1.954619708126192e-8,-0.009326868937794454,0.00024750963782255983,4.6920804126473755e-6,8.156648372715627e-8,1.4873955175651943e-5,0.0071267874172972895,0.07592118445719322,-7.142489007120158e-5,-4.6216847503372336e-6,0.0026201705611728124,-3.086301974395552e-8,-1.2718893840999378e-7,1.1043335391500197e-7,-0.008130042222304084,-0.04432372297046475,-0.00023297355522984263,0.00047598504374819377,1.10061504261149e-5,0.0001814308309581103,1.1305862756952664e-8,-0.0018047859638344215,-1.4284754683710928e-8,0.0014574684602794838,-1.0524617076238488e-7,-0.00022777511299455639,-2.8928265364215784e-8,6.158714678589234e-8,1.2509484352947285e-5,-9.664474092169766e-9,-1.1537110745260013e-6,4.496744901816739e-5,4.743556100042103e-9,-7.966074031276009e-9,0.0002478359372652502,0.010816058335007726,-8.231702396764787e-7,0.0009981037590632744,-1.081607775600919e-5,0.00010961727287200817,-4.949510688558322e-5,1.6816265416864576e-5,0.014405436141609084,0.004460620864070616,-3.776877079867317e-5,5.600031412179031e-5,-0.00012709575934493077,0.00022368146147552336,-6.79449119338196e-6,1.0022390367147243e-6,1.4839015409726622e-7,-9.271818641204462e-9,5.583820246471398e-6,2.848086642455338e-6,-8.297343833967777e-5,-1.7861309686648849e-9,0.019219713447201994,-0.0002884461415168945,7.705917061440254e-5,0.001576083291303333,3.892352833246957e-10,2.6191666601500425e-9,2.175939019368372e-9,-6.181897457507699e-9,4.4071536540440735e-10,7.139571812299141e-5,7.595276923097714e-6,1.6608463620728195e-6,-0.007631617387118911,7.040443334557767e-7,-7.513509150588684e-8,4.6364381031660046e-5,7.98329544256732e-5,-4.899973337426136e-5,-0.00680485429894539,0.0001286256392272325,-8.953822018592504e-8,0.055329814367551466,-2.497490571505519e-6,0.0015681588664337807,4.2638114571054984e-9,-4.165102286127961e-8,4.772828957870536e-7,-0.0005527075251847765,3.0902097192705625e-7,-0.062389565373198765,3.4618280680849314e-6,-1.0991050901967176e-8,-0.00016559098172658711,0.08598736406990062,-0.000577667059424298,-1.7600318298141721e-6,-7.793104161925185e-8,-2.7981688480871743e-8,2.2718474403483956e-5,-3.777314549543273e-9,0.005618745353078852,-7.801645381063469e-9,0.012460723095608403,4.758634758034134e-8,1.7355403707068704e-6,7.616322232963242e-7,-2.78797804991881e-6,-1.2560302709447315e-5,5.533099334815241e-5,0.0013193634309534052,1.5873870566444962e-6,-0.0017366164076109414,-8.76869337707038e-9,-0.00021302738022249557,9.789235025486141e-7,7.344306967850275e-7,3.51152343939301e-7,0.008749681565545413,9.88379532936766e-9,0.00022408736255786569,0.002308888092033568,-0.0014172660200480172,8.073836918683287e-8,-1.783491273673092e-8,-9.771709972305525e-9,-8.107054339550548e-5,-1.4054000147592316e-8,-4.204984812023727e-8,2.712045694719185e-8,2.6617243433515667e-6,-6.414544057266215e-5,0.015244408281129563,0.020173150914056973,1.3401925164761673e-8,-2.0980034103936694e-9,-7.640843783919766e-10,0.005148726221795141,1.009929904859683e-7,1.9794288341619885e-5,-0.0020103591281050125,0.00046699623578052164,-1.2942341922243333e-7,0.004223877115017146,-0.0005325611857140856,6.43868430009678e-7,-2.2674879158244076e-7,0.0003739950903008786,0.0018363023730347413,-0.0005214290846155162,-2.9522932609082408e-5,0.01458531404821837,0.0028597167292266257,5.962182200849158e-9,-4.7334026592840776e-7,-0.0011386814748627096,-0.00013864734043258085,1.8696322112781183e-7,4.820737050494916e-5,0.0042977386197352,3.951848202885707e-5,0.005773292483978492,-0.003665370590840785,-0.040595611650242,0.020779043407206918,-5.581937196646278e-10,0.0005300406404389203,-7.176308646825932e-5,0.0013993626715695924,3.061990164704683e-5,0.00032873652680161903,8.591702459457017e-8,1.7734316294397486e-5,0.003030690825978493,0.0011026244442213524,0.0021143070120035216,-0.005990240698600336,-1.370029115342803e-8,-2.4579203354488226e-7,0.1020188852305835,3.3690524687452365e-5,0.016695916170488732,0.0007575396425106472,0.0013491624310728594,-0.06804904462641105,3.0667290711652196e-5,6.486991533316458e-6,0.0037137635092782412,6.823817139126835e-6,-5.210462055292738e-9,2.596975164761677e-5,0.00026789723163415236,-0.0030470254026105626,-0.006328062426962734,-0.002700748273122237,0.0004927421370170407,7.74355172419866e-5,-7.257340651463126e-7,-9.053808811995403e-8,-0.001316073404560736,0.0002409323538608728,0.009497192803214193,0.00015437551460167938,-0.004074008771731862,-7.180464020899857e-9,0.028829829418477337,2.7353332035425722e-5,1.7014496205418832e-5,-0.0008054105565559782,0.0002374399219694767,0.0846496330494409,0.0012596219011832865,-0.0004152035764438733,3.6900959420754164e-8,-1.7208697234604208e-5,-3.8979674310394836e-7,8.092207384334738e-9,0.00020277168762223462,-1.4154516658587689e-8,-0.00040091649267936185,0.138176789226888,-0.0024034767716959323,-2.4875794759672164e-8,-8.47831009333161e-6,0.0026635341756263867,0.00047302608214728353,-1.2243867468682576e-8,3.043282036176896e-8,3.809608924021848e-5,-3.823091281051032e-7,0.0009160439609798473,-1.8862768783733305e-5,0.0005685212767437631,0.0003935139080041712,-0.0215854027501105,-0.005951504855751606,0.0784119827179792,1.3459915431448365e-6,1.6856510392218702e-5,-0.027974383089556402,0.006786595661889343,-0.00492354717925787,-7.166583279731036e-9,5.940040216420763e-7,-8.927252994254848e-6,-0.0001080375292190244,-0.0033074222873055344,2.2643618095193852e-5,0.01223842323212099,-0.0019194865503591365,0.0005011085335523697,0.00046455228582065867,0.021476789706381574,2.0920654031684647e-7,-9.816695036318868e-5,-4.785608798616461e-5,1.019566431731988e-10,-0.00044867947578316157,0.0001940196607945278,2.014006785642457e-5,1.418067263695753e-5,-0.0001097243915694601,-3.641505701745658e-5,-3.059284111451131e-9,2.9687173660374347e-8,-7.74009005529923e-9,-3.555854009085594e-5,0.002039178462952717,-0.0004727498089833986,4.638444473552582e-6,3.737017469819839e-5,2.582834837222599e-9,1.4696278911938133e-5,2.6681217569224455e-7,0.0004176262202214338,-2.9126093854036493e-10,0.07106861402573396,-0.0004013415392792356,0.0002536629964457255,7.632287478069972e-7,-0.04986275059218214,-0.03540375791162852,0.024185575980635227,-2.1456887489243324e-8,4.220783496551782e-5,6.039253545731865e-7,0.00014307929802434398,4.48712825035455e-7,-0.0017898282755418162,-9.734475370620084e-6,8.437271904823768e-7,0.002618531524267129,1.7550705578303101e-6,1.8988573693333767e-6,0.00011390414237130192,9.536783682752025e-5,0.0007768322792233092,-1.0214186611802474e-9,2.5607012345638135e-9,0.0066772486120840035,7.0004403538005385e-6,-1.2408584101665105e-7,0.0001701565891420488,3.631692334092884e-7,-0.0418668702212867,6.9191949058010325e-6,-0.0006857238544996862,0.000850066934381492,-2.085524770108427e-8,-2.4103660638278826e-5,1.962892308356724e-7,-4.364017975430659e-9,0.0001652951129898024,-5.7891536694283394e-5,0.0004792013161632286,4.486798257877664e-8,6.07954823572687e-8,0.13590673946285933,0.0005571765284290647,-0.0013971990441084424,-0.0034353045715634764,-0.001393226591356985,5.3771565668653814e-8,0.0001771429588897252,-3.3186854146305996e-7,-4.929587473364378e-5,-6.264212684522603e-5,0.10697921518519017,0.009212016524978153,8.722201162084769e-8,-2.4082209000635094e-5,-0.0056062872388844736,-0.0016591919697260767,-3.6785445383782326e-5,4.237578877828495e-5,0.0007690211978671454,4.154314968989691e-8,1.4066919468608352e-6,-0.05978900827980908,-0.006912554154295999,0.0024168433381698573,0.007290621735826103,-0.00022351153211116922,1.0684066299385752e-5,0.004974877477856774,-2.9170606882009617e-10,-1.2686233840054701e-8,1.046215666411006e-5,7.529922738771317e-8,0.008165313073424241,-0.0016744751319833302,0.00015898742250593134,1.3803887836365182e-6,9.14662370755364e-6,-7.190589828325361e-7,-9.242688529413949e-9,0.0005131601208439152,-0.0002461739944318025,9.192987271114592e-5,-0.04180937456178285,-0.004481363351842033,0.002953355545575493,8.591463343161916e-8,-0.035698229166419786,4.7165169770238835e-6,-4.450367749158327e-6,7.284370436329645e-7,-2.3030920812404327e-5,1.7085724032215824e-7,0.0006594023159519748,1.0254293015646044e-5,3.235986699440128e-8,-5.5922562579073416e-9,0.011018089501773364,0.0003994907229172484,-3.5170560210684527e-5,-1.2756203680993671e-5,6.61256884735087e-5,3.6985006578250067e-6,0.00040885593885892107,-1.3926836728206951e-5,5.842173094423124e-7,-6.663892869861991e-7,-2.198301103865431e-9,-0.00011530964610953408,2.916983454279333e-7,-9.508597196554181e-8,2.785171284492602e-5,-5.751066599096049e-7,-0.00012858185753739936,9.206381776415113e-8,-5.448785297431948e-8,-6.817312745562411e-8,-4.704660139487335e-5,1.5302990623359442e-5,-0.05296300877128199,9.433122851472635e-5,-2.944857691631254e-9,-0.02098290625905626,0.018408710956835696,-2.3500621398066563e-5,1.5444370331790028e-5,2.350055412990705e-5,3.00912181268138e-7,0.014191744005458548,0.003833719200815339,0.005833190043644004,6.334199782147308e-7,0.004998435041755824,-5.522954255479665e-9,0.0010541910106982614,0.004004023626067522,-7.86687103821279e-7,0.02619020758687504,2.1959108070164275e-8,-0.00046822030237505976,-2.966414115261228e-8,-7.082670773861037e-8,2.1908320200244906e-9,-0.004749597495646709,-0.026174210506252123,0.0023246474296553677,0.004412979306028224,2.0788249884640904e-9,0.021204148696205356,0.00016912804527035547,0.000364866205945322,6.386492059284247e-7,-0.0008475085416453587,-0.00016424178193904008,-0.001054453527999654,9.137977246199936e-6,8.901754675724124e-6,-0.0008371087390592494,-7.881439867328436e-5,-3.2809266408276057e-7,2.7652475702883e-5,0.0001093854810750349,-0.0007271235028720452,-0.00020752615790974247,-1.339873921813688e-7,-0.0006966515061568564,0.15925481515221934,0.0011985709883127404,-5.551217744130959e-8,-1.741228746046023e-7,1.294632156279793e-7,-3.8136293978903945e-7,4.869543362729721e-6,4.0512078207961875e-6,-0.0019256081001997332,-0.0004942639587672271,-6.232719620044716e-9,-5.180166487758284e-5,1.654277468651936e-5
0.0,0.0,0.0,0.0,0.0,0.0,0.0,0.0,0.0,0.0,0.0,0.0,0.0,0.0,0.0,0.0,0.0,0.0,0.0,0.0,0.0,0.0,0.0,0.0,0.0,0.0,0.0,0.0,0.0,0.0,0.0,0.0,0.0,0.0,0.0,0.0,0.0,0.0,0.0,0.0,0.0,0.0,0.0,0.0,0.0,0.0,0.0,0.0,0.0,0.0,0.0,0.0,0.0,0.0,0.0,0.0,0.0,0.0,0.0,0.0,0.0,0.0,0.0,0.0,0.0,0.0,0.0,0.0,0.0,0.0,0.0,0.0,0.0,0.0,0.0,0.0,0.0,0.0,0.0,0.0,0.0,0.0,0.0,0.0,0.0,0.0,0.0,0.0,0.0,0.0,0.0,0.0,0.0,0.0,0.0,0.0,0.0,0.0,0.0,0.0,0.0,0.0,0.0,0.0,0.0,0.0,0.0,0.0,0.0,0.0,0.0,0.0,0.0,0.0,0.0,0.0,0.0,0.0,0.0,0.0,0.0,0.0,0.0,0.0,0.0,0.0,0.0,0.0,0.0,0.0,0.0,0.0,0.0,0.0,0.0,0.0,0.0,0.0,0.0,0.0,0.0,0.0,0.0,0.0,0.0,0.0,0.0,0.0,0.0,0.0,0.0,0.0,0.0,0.0,0.0,0.0,0.0,0.0,0.0,0.0,0.0,0.0,0.0,0.0,0.0,0.0,0.0,0.0,0.20628293716325077,-0.006864316767927495,-5.496261283803777e-10,0.0033438875684222995,0.0007620937096660534,0.01285310576655083,-0.03307369276445517,2.7685443482012706e-8,-6.408260351478283e-5,2.56123381292164e-11,4.786013306837759e-10,0.017267852616140906,2.279513605565183e-6,-1.198610150339373e-7,5.3504475921443885e-9,0.0003586653841827821,0.002949827548267012,4.610000114627558e-5,4.0599042728793036e-8,-0.0014441001762600563,-3.240850806283238e-10,0.0016229255624301974,-1.0054370661954066e-6,9.94784732123435e-10,0.007342456689438329,-6.96252693712821e-7,7.881577699974506e-9,0.013317642343573272,-3.8595207006320416e-5,-5.141405902220751e-9,8.569036686696948e-10,0.0008587422297036219,0.053424077205893636,5.474001838977719e-9,9.283201862445445e-7,1.7530085765453048e-5,-0.00039659078240356814,-2.029628721436022e-5,0.006703731372668633,7.246537334304657e-8,-2.6620836328710526e-10,-1.385452170347443e-5,-0.02316655743206788,2.9999883313867993e-11,-0.005267028354217078,-4.186963644849434e-6,-0.0005097458243485169,-1.799007434968085e-10,-5.0701830026819345e-5,-1.952713828044591e-12,-6.459896312047541e-9,0.008300378152058236,-0.003528981673239351,-0.0004170090467030591,4.260852860168921e-7,-1.6711104431682845e-9,0.001254782446815231,-2.8224607947270477e-5,-2.683490141765807e-10,-4.2567678269461666e-8,0.000735005577813908,5.025490861627758e-10,-0.00776136541688368,-5.548835276959147e-6,0.037040570056896926,-4.848361139717943e-7,-6.082185083127754e-5,0.06298629380250179,7.269444439430324e-11,2.9007073519592757e-11,-0.0003208381135592048,-0.00036898235874859936,6.267732004999146e-9,-0.03942699025370521,-1.2515424749002943e-9,-1.0295558290585395e-5,2.5292164325604703e-11,-0.0014774577653836089,8.049118453331656e-9,-0.013279364971938084,1.1965028454627258e-7,0.0015860532334246757,3.689658249438204e-10,8.580370537248092e-8,-1.290433735394913e-10,-0.0017912060756796228,2.763742098401208e-10,0.11676986758096437,-5.79765765514134e-9,-2.9625749527126457e-9,0.0058635562816289994,-6.551111838811758e-5,-2.552341160676654e-9,-2.0974672849931145e-6,0.00023353947533128917,-1.2842077850552663e-5,0.009449429501067242,-4.2205547484035874e-11,-0.007377018882834385,-0.026786754438164462,-0.012068765130907872,-1.013301987373522e-5,-1.1082298128691023e-8,-5.810155932906641e-10,-5.376916175178098e-6,-0.02112973554566139,0.0013976582164402234,-1.9297125256125716e-6,8.323822807726406e-11,-0.0016229461669038687,6.696460974815747e-6,-0.035228408299880346,-0.00034824328804772394,-4.97440613341211e-7,-0.047037684204383944,1.0664768685521075e-10,8.7218635155883e-8,-6.333586916953471e-5,-0.010049778909083287,1.3172122256935008e-8,0.0025320347121399055,2.9066679018119094e-9,0.0011215050833682683,-1.4088642508348063e-10,-0.019335454765555687,0.004125105616583632,-3.028269368686275e-8,-1.9862528988476233e-6,-3.396269836295877e-7,-1.529304549812707e-9,-1.1409204590848264e-8,-0.0006757457998810263,-1.978966388002655e-11,-8.194929422405412e-10,-0.00010919793946547657,-0.0040442247187347045,-1.5921433903942018e-6,3.101219169421117e-7,2.6490896548050092e-8,-6.362906536654471e-6,2.9451079744435244e-5,-8.751832147416325e-5,-5.305543866855404e-9,-9.009795234926063e-8,5.655621606877395e-11,0.0048203766186095546,-3.937769671658721e-9,0.0002774980237319516,-1.1812676364648655e-7,-0.03816255674804123,0.0014784175863676754,7.414286106875655e-11,-6.728403861199997e-7,9.335344948605744e-5,1.1222706128426737e-7,-0.0019181821765178648,-9.642645862952749e-10,2.20321255764194e-6,-0.0002589789306575918,6.981428840065104e-9,0.020729548895417227,-3.352556931992865e-11,0.011084996991916654,-1.6629242239480464e-7,-4.543893868631764e-6,-0.00030573937243132734,4.7103552905863044e-8,-1.324600673345353e-9,3.3941201337670635e-5,-0.010176154843606436,-3.7459678987213554e-8,-0.004044842885457055,0.0006043252624820466,-1.4425201320137864e-5,6.627435937008157e-5,-3.1367995832656696e-10,0.07111514939432978,7.719531098008695e-5,3.254378075900551e-10,-1.4810994833949358e-7,0.001683071646993756,0.01157771953705055,-3.648169825934157e-8,-7.490514725296465e-5,-0.0002500232206223412,0.06924461037677687,-0.0002982412009360786,1.9032977464692359e-6,1.9122191586682268e-7,-0.00040311557329571364,0.003255525228436496,-5.90768327231697e-6,0.015270225411388543,-0.03559348844575526,-0.017095506667457076,1.9633525670234162e-8,5.899026381604986e-8,-2.2347974335601544e-9,-3.1475257728768356e-11,0.0009493065763919241,-0.00012254311682747618,-0.009471439251695985,-7.673594354714033e-7,-0.0005937292626968317,8.660411853564125e-9,0.15415465350158272,-4.793382496828461e-6,0.009460908495126152,0.0002618894438143237,0.0032408693873445596,-0.0033571051098934845,0.0003401546402867673,-7.312196842215695e-11,0.0023618526255556643,-0.004216071190129158,-1.885761019321573e-5,3.851146453384511e-9,-5.111937282401712e-5,2.958290321555138e-7,-2.726605752707592e-10,-1.4066099937252417e-5,0.00014697890602436084,0.0001789476393386264,2.4800488827457943e-7,5.587314737914593e-7,7.781935930876155e-12,-1.9925220198636465e-10,6.576971151440572e-6,1.2010346954734762e-10,-3.91603077509457e-12,-0.0014749607093382192,0.01667630299369312,0.009077563142952688,-2.4154459756271916e-11,0.0027585223516701386,-1.3514940899959e-10,-0.000507214719305132,-2.48177951455442e-9,-6.901745403072421e-6,1.2837797771295955e-11,-7.483455357041364e-6,0.00333933481047584,-0.006916442545341748,-0.0026064873987080295,-0.002413521840521504,-0.0013276051064656951,1.2643072779185406e-8,0.0017391079884246262,0.010963784750237082,1.8170259801971136e-6,-0.0009252408873095833,-0.0009015640700809866,-0.00046280826866581767,2.5865302225376737e-11,-0.00019182379246320458,-5.056324501976133e-7,4.0457857139080336e-8,0.04800621137523535,-2.5805126771528264e-7,0.004713812154607201,-3.486714346860529e-9,-0.006627899054218503,0.0017038734049463803,0.0014520987241355922,-7.871633131293659e-10,0.02411605117417382,5.3308492028973054e-8,-8.424453569551958e-11,-0.010043483427250975,-1.4280650043494818e-10,-2.0077188551649462e-7,4.516108291775793e-10,-0.0004380450188398458,0.014157270812128387,0.005035121656425979,-7.154162435862211e-5,0.004679193483091582,-9.048863737439956e-8,0.00485670884596541,1.194282756407373e-8,-0.009239262193240286,-0.018095778201560782,-0.027650241035730667,-2.1012428298189964e-11,-5.5650858909965334e-11,-3.915341640244442e-9,7.001657688040678e-7,0.0024992906112748744,3.265331211594516e-8,-0.0026379379837450493,-2.10074401799952e-10,0.00233200932273433,-0.026553174570626274,0.008806693480699611,1.1192404490632453e-8,0.004809444478050755,-8.759084794411103e-10,-1.4053269722313333e-5,6.701910573555378e-10,-0.02521493497515534,-0.00022725809061388669,0.015753384762669166,1.0834117751649562e-9,0.004264699200591931,0.020568692879806137,-0.005432429240094377,0.010358149922715727,-1.975448402949655e-10,-6.396652786645914e-8,-3.258537396069419e-8,0.005296054214251838,0.04187459337395629,-0.0011996367619756352,-9.400430224274636e-8,0.020942795032621156,9.660704625667689e-12,-1.6418583141553e-6,2.8198884556277192e-6,0.01220771632492513,-3.614551655145992e-9,-5.900969037331741e-8,-0.03928136618981021,0.016463540003169554,1.3468725978606772e-6,-8.944295755104199e-6,3.739597294058859e-5,-0.00046378713901495564,-1.1814499892929746e-8,2.15626845681248e-9,-0.00557181677920956,-0.0004890063853641388,-1.0106816362905684e-9,0.00013340970798832896,-0.033967906178353574,8.024293625068002e-5,-6.988646585709944e-8,0.00010517202385831623,6.000879934158321e-9,-3.880226414141504e-7,-1.8978437496620698e-8,-1.9724222111337223e-7,0.004447493157697077,3.884452632377319e-6,-4.949694682565865e-5,9.572434263774143e-10,-4.4415234756772416e-11,-0.0001139147437882046,-0.01500527470421939,-4.833963635379957e-13,2.078170374284362e-9,-1.3442873226265443e-9,1.749652954139514e-9,-7.406872830305037e-8,-0.054297919122163085,0.0030661936085408835,-6.747170092536908e-8,0.00043786669101363414,8.6060541544212e-8,-3.2619289842879977e-10,6.734293121069095e-10,-5.641925539602715e-8,-5.4749329779929175e-5,2.7707505259114063e-11,-2.56031547908772e-9,-0.00011166218286252741,0.02086996199024071,-0.0002690453336621208,-1.0255077131024772e-5,4.943127912122809e-9,8.372818225998566e-8,2.2668663941342114e-9,2.984385983879994e-5,6.8575996328968025e-12,-0.0046266603815722325,0.00019040921403943114,-4.074385545729064e-9,-4.625891289687393e-5,-1.4735469547129411e-8,-1.2622731067137874e-10,-3.753657382749467e-9,0.00011974702042639613,1.5108009428093616e-8,0.00031255486094876713,-7.269487664175724e-5,-5.910917598506241e-10,-3.3615003094254677e-10,-1.0159353776237391e-7,-6.212561710662339e-10,-1.7910697650033412e-5,-0.021482699124672638,-2.6193801333923662e-11,-0.012276413955973864,-0.00019711903560706463,5.4795610598657195e-11,-0.005169953517619331,1.0956582095576298e-5,4.680470682827565e-8,3.7164619816655796e-7,0.0010438728808995542,0.0006836411171494302,-1.7937500226160577e-7,-5.201536723245934e-10,0.007965256755835343,0.0058138404727208605,9.614755423314381e-12,-0.010069748104652679,-1.4600115845454332e-7,0.0002675606685317502,8.897763887451559e-6,-2.0616777739196765e-5,-1.4475469674140186e-7,-6.774782455120289e-9,-1.0304796128904498e-7,0.003392615890349276,-0.0006521888096459154,1.274400119648155e-8,1.3732104225918656e-8,9.685718270116192e-9,0.0032840150432500424,-0.015361120373473562,-4.5959241956011276e-11,-4.5569241417703047e-10,-1.1110765505942634e-6,4.066008769248865e-11,-1.2495569021536886e-8,-5.085284986847124e-7,-9.258789756215363e-7,4.46193130753435e-8,-1.5689936949884083e-7,-0.0017404123510638763,2.5768699232683522e-5,2.837200175151016e-11,-2.2554187124647003e-5,3.948746540649672e-7,-2.012972207646277e-5,-0.0004484335273284437,0.0008954354465559279,-4.0914808351671206e-10,5.2233412774235246e-11,-0.0019078460675876641,0.00193090411882539,0.0028553168794516882,4.6722227645374525e-6,2.5518236703134084e-9,-1.6060282168551503e-9,0.0005333978004014831,-8.106646601433439e-6,-0.0006383025397609695,6.764440059270846e-5,0.008776108245567363,3.079414514057009e-10,0.0009851069591354565,-6.066654186937989e-9,2.1849283774875733e-5,-7.295595046437944e-5,0.007957304107278178,3.922614756974585e-7,-1.5318340741286993e-8,-1.4734811017213412e-7,0.013352128383365561,1.168528719814437e-11,0.0012323075501073913,1.212929937327831e-9,-0.0015400136455619592,2.6478915454851085e-9,7.373804493462158e-12,-0.018569025903770495,-7.297712285866107e-6,4.5153393682019993e-5,0.0028788314874957912,5.7679803576494484e-5,4.503389614595546e-5,4.505800323481288e-9,-0.006774018811948718,0.055627972372652185,-1.2681528416111534e-7,0.000977310756286045,0.15662235347463452,-4.429399814854798e-6,-0.00275606329831815,8.816996911422695e-9,-3.563077802972532e-5,-1.2434523594174056e-9,-5.543342772113367e-6,0.006053184819869924,-2.936290302542421e-10,0.11260198479315715,0.0003211491701081384,-6.133575502217405e-5,-1.8936843438182456e-10,-3.1141100006437046e-9,0.0004955589068293489,-0.0025645898893456175,8.574049475688403e-8,-8.902142393141679e-11,-2.410083012516274e-9,-1.6439363774501677e-8,-3.657004990960138e-7,0.08699990034782144,1.7121303769765124e-5,0.004168658159547552,7.81853235036902e-11,-7.377172132134366e-5,-6.946596411809397e-8,1.416660886592362e-7,-0.007616197438914027,-1.87035554848401e-5,-7.430094245778881e-9,-1.2192712079271218e-6,0.00036933487875832416,0.00029203889696784396,3.029566245509033e-9,-0.013629919691205524,-0.008332758951912048,-3.742427682122324e-8,4.36337865638615e-7,-2.025711793502144e-6,-8.583757826953277e-8,-2.1184591170412415e-10,-0.00024500215136657744,-4.789819817147449e-7,0.0003607240358591801,-0.00227471672395812,-0.00026504993215918616,-0.013299153791451397,1.1033599190792582e-7,-8.634375734784998e-10,1.667406791280558e-10,0.0015742382250762286,-0.0005675339063575901,0.005328941601906467,0.003656595026364982,-9.863779036047578e-10,3.943493328419193e-6,-9.479681913889026e-11,1.5391602790114357e-8,-2.1810566111706358e-8,-2.379585341673864e-9,-0.039471773434221646,-3.9767212138047024e-8,0.00012283149884376876,0.001247824866592981,-0.004797913746070859,-1.5205227916458036e-10,0.000605844174294576,-5.646759659393715e-6,0.000609333165081171,0.004075067949036009,0.023683005365729776,-5.9410277480609406e-8,-6.1392614787107285e-6,3.802881818766548e-11,-9.65895402888429e-12,3.774275577360952e-11,0.0011578101813258398,-2.090554946034016e-10,-0.00022669471362021622,0.0012053508769586507,0.0008910910594004645,0.0014637486050562214,-3.3613184911831024e-5,0.019159885045724825,-2.688389116534608e-12,-0.00031119615596712276,0.003712193330328948,-4.356795321592231e-5,0.09953873847211923,0.025797670897886826,-0.01804743767837739,-5.858980580852845e-12,0.0016444497778962152,-1.1640473194375619e-8,-4.480511930596624e-5,0.0060366645145272105,5.052611689209903e-7,-1.2557242340854982e-8,-0.00046518180063945497,-4.95771481845223e-10,-9.579962729890302e-5,-0.03626167769296056,-1.1599643449747983e-9,-8.723140920964869e-6,1.2140996250712414e-6,0.004911468594115207,-1.0621153447355334e-5,-0.0035814763117496106,-2.9196593932623506e-10,1.5305397294466e-6,0.0009682519243009453,7.263065294800318e-9,-0.013027621799395988,-1.6867205484419004e-9,0.08737606422276285,0.019796006466360646,0.001480592531638161,-6.451412049098608e-9,2.0018756070295408e-7,-1.952704612539641e-6,1.3457486775407344e-6,0.002848223114165479,-4.949513514700701e-9,-1.0714462727473015e-9,-4.015584293216475e-5,0.003543729458781102,-3.5887666786345525e-10,-2.379800913273442e-6,5.6900603262673924e-6,0.0008350893405451137,0.0007941561755205719,4.1884400673912276e-10,2.1832335262039155e-11,-0.02202583557597019,-0.0002873994329160001,-1.458147575522373e-6,-3.0131527749737455e-8,4.579852741983477e-6,-0.014464934189460437,-2.2355728702448187e-6,5.355876625061439e-8,9.835225349828186e-9,0.010338452338127377,-0.0020968971722175986,0.0008959496507940948,-0.0021865809179973236,0.00041565527662640697,-0.0011757059863597116,-1.582276095127609e-9,-6.015902206188926e-11,-0.0021242692253871627,0.00015280608021133742,4.886449140471824e-11
0.0,0.0,0.0,0.0,0.0,0.0,0.0,0.0,0.0,0.0,0.0,0.0,0.0,0.0,0.0,0.0,0.0,0.0,0.0,0.0,0.0,0.0,0.0,0.0,0.0,0.0,0.0,0.0,0.0,0.0,0.0,0.0,0.0,0.0,0.0,0.0,0.0,0.0,0.0,0.0,0.0,0.0,0.0,0.0,0.0,0.0,0.0,0.0,0.0,0.0,0.0,0.0,0.0,0.0,0.0,0.0,0.0,0.0,0.0,0.0,0.0,0.0,0.0,0.0,0.0,0.0,0.0,0.0,0.0,0.0,0.0,0.0,0.0,0.0,0.0,0.0,0.0,0.0,0.0,0.0,0.0,0.0,0.0,0.0,0.0,0.0,0.0,0.0,0.0,0.0,0.0,0.0,0.0,0.0,0.0,0.0,0.0,0.0,0.0,0.0,0.0,0.0,0.0,0.0,0.0,0.0,0.0,0.0,0.0,0.0,0.0,0.0,0.0,0.0,0.0,0.0,0.0,0.0,0.0,0.0,0.0,0.0,0.0,0.0,0.0,0.0,0.0,0.0,0.0,0.0,0.0,0.0,0.0,0.0,0.0,0.0,0.0,0.0,0.0,0.0,0.0,0.0,0.0,0.0,0.0,0.0,0.0,0.0,0.0,0.0,0.0,0.0,0.0,0.0,0.0,0.0,0.0,0.0,0.0,0.0,0.0,0.0,0.0,0.0,0.0,0.0,0.0,0.0,0.0,0.20534646508059015,-3.7832254569926924e-10,-0.007899101465769678,-3.117552297540177e-5,0.00974062650766658,-0.0027544424648778807,6.629389109180392e-9,-4.148503439028394e-6,-1.203955263160785e-11,3.7696120260679875e-11,-0.035075305498327866,2.401599702256998e-7,-2.970270760170129e-9,-1.1166372257979232e-9,2.9990879381148194e-5,0.0003971910677105889,2.8176679321324407e-6,-3.248340463420373e-9,-0.00019763709990973008,-9.2882980488948e-11,-3.6065275520338614e-5,2.1845644764223948e-7,3.684896768293176e-10,-0.0007788962277978838,-8.94768976510629e-8,8.481308938135707e-10,0.02353807501021833,-3.756608856255187e-6,6.1577558054488285e-9,9.792205029294064e-11,0.00022547198786345804,0.0016177602119377625,-6.680349001257304e-10,-1.0494541945475825e-7,1.1091840859970921e-6,-6.464725217724917e-5,-4.92870436190688e-6,-0.05476974142608201,1.7570939540750065e-8,-3.717870878963656e-11,-8.414867076123085e-7,0.0004949192289877801,-1.7267391546570088e-12,0.01915114762630727,6.232780386738707e-8,1.5372192974374847e-5,2.0329250268390804e-11,-4.221469619403736e-6,-6.144649852088906e-11,-9.953207587921611e-11,0.00024795522209838434,-0.00019077407258376737,-8.011409574196797e-5,9.868765191072633e-8,-1.6761301878076157e-11,-0.05762804420623437,-0.0012621512093130088,-2.9122467634387005e-11,-9.426082957494363e-9,-3.771974763818588e-5,-2.554466486281711e-10,-0.046167259571232924,1.406732739927881e-6,0.0033301837295343795,-4.877901226327969e-8,-4.46954177042945e-6,0.004282551806498735,1.2474017717667989e-11,1.9929000232659077e-12,-1.4508142046490104e-5,-3.329581332485532e-5,1.0109255370008066e-9,0.03003044211362618,-2.1833561127213609e-10,-5.362681211854351e-7,-5.225106855820435e-12,0.0219256903517919,1.7888363389046655e-9,0.025022568115840905,5.102889188721191e-9,-5.197604924111758e-5,-5.68594438915382e-11,5.799670177478575e-9,-2.9611825823541575e-12,-0.00015554911686380937,-2.0251411252501467e-10,-0.003390313569111975,1.9453252823023725e-9,5.190909135909293e-9,0.00038319026007863516,4.371520906025645e-5,2.1308349299573366e-10,-7.949738278708237e-8,2.7197128392245258e-5,8.848407109842553e-7,0.021159039987606477,-3.2097232651175404e-12,0.009183371802402501,0.006340645829847569,0.0011163322466952305,-9.939257508472345e-7,-8.347256693833342e-10,-1.1801044996176407e-10,-6.626902425801022e-7,-0.009694392316894096,0.05014965125365666,1.5816603506890246e-7,-4.913914376824111e-12,5.0809999482961456e-5,2.2866036949689404e-7,0.0018533900459791655,-2.060445384189268e-5,-1.5950059415695878e-7,-0.004438196288912672,1.1930545772965175e-11,1.9905375318461964e-8,-4.841986926418419e-6,0.008508291888490414,1.6918773515070874e-9,-0.032273229147644404,2.5096213319465684e-10,3.786923919701791e-5,-7.926888698876097e-12,-0.000919475749876107,0.0037215780243662093,-3.6372953419459926e-9,-1.2854913557964112e-6,-1.9890419675116503e-8,-2.1268183755492014e-10,-1.2813940032164437e-9,0.09214787815091227,-4.813639202399756e-13,-8.529681459671937e-11,-8.87351591019967e-6,0.045489420233073556,-1.1715106709118545e-7,8.318956645641991e-8,2.8904565188358986e-9,-5.580787793158675e-7,-0.00017611757036157096,1.6757023935676553e-5,-2.1099549533413727e-10,-1.3625311767332387e-8,2.5601460905319302e-11,-0.0689426964455544,-5.199275347020077e-10,1.9054683394361175e-5,-8.427656835141638e-8,0.0006900753176016958,0.00011088207653952011,1.2633093266507586e-11,-5.784422188124952e-8,1.2031756842675959e-5,5.966284626498664e-10,-0.00024023981658344114,-6.4466598403942846e-12,3.392084511578369e-9,0.00014223449673704923,8.584557249882902e-10,-0.014065927997803266,-4.844914294958526e-13,-0.0029313093484849354,-2.0860111644726846e-8,-3.669576413751407e-7,0.00906229115323407,4.993132884034452e-9,1.2402988979863578e-11,2.8820419297136474e-7,0.001480197024043848,-2.6496006153404e-9,-0.010966120061919856,7.409388649192763e-6,7.065851385919794e-7,4.594951529450258e-6,2.203566095402446e-12,-0.004174149444918657,-8.167303681023406e-6,4.468868107837677e-11,-3.900603350086383e-9,-2.220952469610244e-5,-0.04387612125806116,-5.0810679492847835e-9,-1.921239464169142e-6,8.033602085556722e-5,0.0047705458135287905,7.78040653756185e-6,5.030257170905745e-8,-9.117211707994455e-9,-4.563467903893068e-5,3.37782513692696e-5,-7.694438764646484e-7,-0.006539796259214879,-0.00037589558716760393,-0.003148814076825134,1.2554645836005086e-9,1.2680278863542687e-8,-3.311341897612957e-10,2.0681514454772186e-10,-8.838221829500507e-5,-1.1668329889594865e-5,-1.6416615626306145e-5,-9.181888584310543e-8,-0.00959545408796364,4.722725874876577e-10,0.0030948993702381807,2.034351831774209e-6,0.0002732438700400867,-0.0005892013206504489,-0.00033854755576821186,0.0913737387973527,3.6375744699423136e-5,7.289682287104722e-12,0.005291141660593201,0.15947985811322213,-4.095290025569816e-6,-4.0260413003754545e-10,-1.0388632170393637e-5,-2.913971131354908e-7,-1.8532595973824234e-11,-9.84841368365206e-7,7.565685495271701e-6,4.751304774829029e-6,-1.6791610674771268e-8,2.0907584240780575e-7,-9.443627133830747e-12,-3.431840103352088e-11,2.2680992077713156e-7,1.6878618104812732e-11,-2.62082244372058e-13,7.887210915534566e-5,-0.0014544333385847939,-0.04165353251849068,-1.2875759923294449e-12,-0.0005437132552301603,-6.043416826034452e-12,0.09150823080930569,1.2720045922407042e-9,5.062323806755548e-7,1.9777657617848206e-11,-7.421230750524847e-7,-0.03752225370096086,0.08590343707179014,0.04716299639902988,0.11257791912265323,0.07557837212305614,1.6661038354154021e-9,-0.0001481184970646364,-0.001091202426567989,2.590493651984498e-7,-0.00014963795529463812,-0.0015850537968955798,-9.15520844413626e-5,3.5778894476438486e-12,1.5331213366811604e-5,-5.828871271916329e-9,7.710973553569844e-8,0.0055944791017985725,-3.788935561205881e-8,-0.0002847818489285001,-1.8915341260515212e-10,0.016013617173033325,0.02702651005835803,0.0005212409842966919,-5.78760937447632e-11,0.0015621891132887237,-1.494198324250597e-9,-1.2376852274267709e-11,0.09335145633899757,-5.476897930721821e-12,-3.141667084463878e-8,1.1239256572191039e-10,-1.1329666128224415e-5,0.00776103123255993,0.01820214224439812,-6.154476088511743e-6,-0.023843983060059068,-5.332502260245317e-8,-0.04000102965297051,1.1859081413885574e-9,0.011589078340016781,9.517788128177328e-5,0.0002543471979891772,-8.283177983125895e-12,-4.4366774330596805e-12,-6.464530252581213e-10,-6.609487556285708e-8,-9.930740706081397e-6,4.682276730439098e-9,-0.018057853443659073,-5.158848868748559e-11,-3.884105288865486e-5,0.0015327325932280446,-0.0008093572659758177,9.09335245238061e-10,-0.0010625982914888622,-9.332848430584659e-11,-1.3937151876121006e-6,5.0852863580614495e-11,0.004860736482332406,0.1196677374432813,0.009080773922336749,9.273297307323873e-11,-0.004913204848974916,0.005600568414851698,0.00739489019957319,-0.0007756169358772234,6.929952210216363e-12,-2.423904458417383e-8,-1.8137763723537454e-9,-0.02879229506371619,-0.004860818326824758,0.09627274963455604,3.6207960225010785e-8,0.0018448126088815345,-2.4413611525300368e-12,-1.0064077360156589e-8,2.454586710755997e-8,0.0011413595202062917,-7.266305554761022e-12,7.913234232912297e-11,-0.0017152139428159678,0.0024594413651799598,3.431874354569115e-7,7.050209732908498e-8,7.658994805120924e-7,-3.571739407693812e-5,6.641934227635981e-10,2.0956141634043602e-10,0.019627773832804837,0.00031277597155868805,-1.1388742097602917e-10,1.6356476004124064e-5,0.001987533550256037,-6.224645902784651e-7,-1.4116588354138102e-8,1.3375289854921325e-5,4.997244727631744e-10,-1.4637274278288096e-8,7.1715596150946415e-9,-3.378840736433891e-8,-0.023984412749704264,3.290781006064099e-7,-1.6632602082965708e-5,6.669911193360789e-11,1.4204690842541145e-11,-6.091924472121905e-6,-0.03972017406231377,-1.465491117768764e-11,1.3840497480708682e-11,-6.204002463980376e-11,7.10770019458705e-10,-4.0189701485312535e-8,0.011784661167078912,-0.00021966064801583998,-1.8584359499204083e-8,3.826632457642934e-5,1.1917387450630896e-8,2.769773892133453e-10,9.852135814813986e-11,-6.8374128645712244e-9,-3.1106305420247464e-6,-8.138730723614054e-12,4.5335451976788915e-12,-1.41940456800784e-5,-0.020277391650460535,-2.2856432494991683e-5,3.464051023030722e-7,4.2352600450462306e-10,2.7541980062733612e-8,2.2348384185449425e-11,5.148569010775242e-7,-3.3096276534433674e-11,-0.00019175428490293155,-0.00012156665011463638,-3.6671394458493536e-10,-3.750936423082309e-6,-5.372247810802055e-10,6.4718746183507606e-12,-4.401560391402477e-10,-0.007994030368511887,-1.2877011453926064e-11,2.883440884565659e-5,-5.5077622810512945e-6,-1.1261730647281723e-12,-7.570982476139209e-11,-6.802202564969845e-9,7.964323726888682e-11,-4.337931104660656e-7,0.01252601755252293,-1.1538853142132994e-12,0.0006423051706725564,0.011979921787498933,-1.6011574670168774e-11,0.13627681529984054,4.370672613005227e-7,7.787856922210224e-10,6.698031458270771e-8,0.08242907119728887,5.778981172263986e-5,-4.969176720180125e-8,-9.490601256059457e-11,-0.05795083044055512,0.0053048944468292855,8.270710413456992e-12,0.0008594820153525019,-8.534504364299597e-9,6.743794716996782e-5,7.671684038431265e-7,-1.0060178927247647e-6,4.042569162941018e-9,-4.970126651166159e-10,-1.963556415291323e-8,0.0003093868734555977,-2.298678579625188e-5,3.8339827865050125e-9,5.23894713151087e-10,7.337078542199582e-10,-0.0574470346600289,-0.0007946763383810549,-2.723920393462234e-12,-1.2355532516774336e-10,-1.471890353383327e-7,-9.161340888919256e-12,-7.528150493915825e-10,-1.382193312354602e-7,2.748611021725713e-7,4.689149607493584e-9,-3.0724775934337166e-8,0.00021532633311755538,1.5602079110546107e-6,4.244163454075701e-12,0.02095100850206457,-5.463315425691365e-8,-1.5191093068724175e-6,-5.186340188496048e-5,3.761133681417566e-5,-2.7305635282270315e-11,8.100007396123831e-12,0.05293946735204707,-0.02863913057342859,-0.01703406824211057,4.396672522404531e-9,-2.63921210482291e-10,-3.310473758132132e-10,1.56130857967877e-6,-1.5590550837671823e-5,-0.04549370707159267,-5.6403405447979595e-5,9.171435709184958e-5,1.450856876553135e-9,0.003140796061055014,-6.785639367187728e-9,2.1781089008550802e-6,-7.028040368328714e-6,-0.0006448507500089748,4.110726821482202e-8,-2.7773918516906792e-9,1.3584008004086134e-8,-0.016898046521661256,2.937651525195244e-12,0.0005525868195639951,1.24599513118231e-10,-0.0008322746416921601,-8.870155391591591e-10,8.031909087408792e-13,-0.0027845804427375654,-2.895308594081701e-7,-3.319425749855658e-5,-0.00047959082620595126,2.135955017053192e-6,-6.921007218489663e-6,7.890656801129116e-10,0.016063504713410174,-0.0017503765281818684,-7.394870668043864e-8,1.2146669189505753e-5,0.0032338349616121724,-5.842218936023807e-7,-6.893464758891783e-5,1.7681322620851616e-9,-1.1186009344973821e-5,-1.6607660816877482e-10,-1.5318724436734455e-7,0.03103072694628759,-4.310428153332522e-11,0.0029099585885535894,-0.025624888561444986,-2.5411911921663993e-6,-3.162789621072228e-11,-1.6084648197781596e-10,0.015994153567468194,-0.0026035578238014618,-3.9372224392133925e-9,-3.389905653969584e-11,-4.4284981205245643e-10,1.5509446080585542e-9,-6.79096778654525e-8,-0.004300208642186572,3.3851999327290525e-7,-0.0013289058088743943,5.350670975164421e-12,-5.971985258901077e-6,-2.6436045992188306e-9,-4.6571696350221354e-8,0.004432642015284159,-9.772914974322537e-6,-5.054511532321999e-10,-5.4870577713990385e-8,-6.059838217957023e-5,3.0331225005067958e-5,8.984652909412952e-11,0.003550821183931706,-0.000820999830904353,-8.365534546190547e-10,4.1694427052817523e-8,-1.674384971094329e-8,-3.920301263638903e-9,-3.3021727771786797e-11,7.375042805925958e-5,4.4362382815392554e-8,0.0008012722073014229,0.003095383826828446,1.4424754697423011e-6,-0.012558266029605535,1.7987646145948563e-8,-1.0730751322270847e-10,2.250015427588627e-11,0.00015243786041917116,-4.377066054531912e-5,0.00018196650323826238,-0.025731251560485415,8.846079693753534e-11,-3.0377452483443833e-7,1.2932001762423e-11,3.7108240450523832e-9,2.6610190832440714e-10,3.632041323148555e-11,-0.00042382218965561984,-4.496065591004437e-9,-8.843271387915475e-5,-2.520686408764729e-5,0.0014441492114085563,-1.4220655374719145e-11,0.0058010185604627056,7.478517130785406e-7,0.0001251531474088064,-0.03210191181206018,-0.008702389300679639,-1.3386538802753277e-7,-9.295879171348281e-7,-1.0121487926046367e-11,-8.692484624216596e-13,1.0645899101897301e-11,-0.00010064296735045972,-2.1135976670403806e-11,-2.300936394485602e-5,-0.0004993672246352268,0.0003455342172906371,0.008790335470574987,-2.5462257011657337e-6,0.0011063607008754382,-1.7192999995117987e-13,-8.751767719500608e-5,4.06395706505045e-5,-3.597133748147826e-6,0.001193321015985156,0.00692616709310297,0.011658929270551724,-5.682983342334421e-12,-3.835979933710415e-5,3.769043293480652e-9,-4.689382509385558e-6,-0.01874508217215619,9.330945563686907e-8,1.275606352017776e-10,-1.285559782079915e-5,-3.685645741643654e-11,-2.4396800838878947e-5,-0.003777605603284446,-3.1609608027971587e-10,-6.28245293904224e-7,6.08635374916955e-8,-2.5362221111862556e-5,-1.0135544438737375e-6,0.15161562213568425,3.5381642288857963e-10,1.8213649419987267e-7,-2.9877429036931072e-5,-5.190711090651656e-9,0.01760761333421546,-1.4429843079578323e-10,-0.0010366665714696133,0.0012152388408773881,0.002566473333840169,-8.937321078352042e-10,1.1242463818869032e-8,-2.6414511916619344e-7,1.3601526053612618e-7,-0.006433362674310135,8.324150759423823e-10,-2.898668354539456e-10,-5.98732296217948e-6,0.00010795490054987906,-3.996384296993323e-11,-3.951889178918837e-7,5.524481459357347e-7,-3.6742011001777616e-5,6.801778801051422e-5,8.001266365412923e-11,3.703054346961359e-12,0.001285912876347606,-9.570930488189001e-5,-2.3621837127193463e-7,-2.873423755587526e-9,5.185402543506139e-7,0.00014164132641760353,8.950943568285671e-8,1.246967716881273e-8,1.3568664027868335e-9,-0.015916704600107173,-0.0001399716573136844,6.99687162223909e-5,-0.00012900593397186137,-1.7831052719174667e-5,0.00012789355602761608,-2.66985188480404e-10,7.778135491315436e-12,0.009988853192200234,1.3086442652787717e-5,1.0278008745776918e-11
0.0,0.0,0.0,0.0,0.0,0.0,0.0,0.0,0.0,0.0,0.0,0.0,0.0,0.0,0.0,0.0,0.0,0.0,0.0,0.0,0.0,0.0,0.0,0.0,0.0,0.0,0.0,0.0,0.0,0.0,0.0,0.0,0.0,0.0,0.0,0.0,0.0,0.0,0.0,0.0,0.0,0.0,0.0,0.0,0.0,0.0,0.0,0.0,0.0,0.0,0.0,0.0,0.0,0.0,0.0,0.0,0.0,0.0,0.0,0.0,0.0,0.0,0.0,0.0,0.0,0.0,0.0,0.0,0.0,0.0,0.0,0.0,0.0,0.0,0.0,0.0,0.0,0.0,0.0,0.0,0.0,0.0,0.0,0.0,0.0,0.0,0.0,0.0,0.0,0.0,0.0,0.0,0.0,0.0,0.0,0.0,0.0,0.0,0.0,0.0,0.0,0.0,0.0,0.0,0.0,0.0,0.0,0.0,0.0,0.0,0.0,0.0,0.0,0.0,0.0,0.0,0.0,0.0,0.0,0.0,0.0,0.0,0.0,0.0,0.0,0.0,0.0,0.0,0.0,0.0,0.0,0.0,0.0,0.0,0.0,0.0,0.0,0.0,0.0,0.0,0.0,0.0,0.0,0.0,0.0,0.0,0.0,0.0,0.0,0.0,0.0,0.0,0.0,0.0,0.0,0.0,0.0,0.0,0.0,0.0,0.0,0.0,0.0,0.0,0.0,0.0,0.0,0.0,0.0,0.0,0.19999235768232834,-3.1094384874476445e-11,3.478918541500423e-8,2.4147219449577923e-9,-8.108559793139982e-10,-0.00039101040352964374,-1.0639636981218957e-5,0.0003687621481616923,0.016915891735809936,-4.294050506556535e-10,-5.1152946009735704e-5,0.0014264117085369603,-0.0077371229306185995,-1.5475721115848117e-7,-3.430887215242437e-9,-4.679322812244858e-6,-6.128276824009437e-5,1.0503255828260188e-8,0.01859127609856547,1.8194987763685698e-7,-2.707784299352073e-5,0.0057119206108997116,1.0034619096805696e-8,0.00010738494091723219,-0.0611457960217905,-6.782088177264479e-11,-9.447068544541546e-7,-0.0017608137071310093,-0.04182818405746946,-8.48078712227726e-8,1.1463538297328936e-9,0.023740519072737148,8.932987913401519e-5,5.122302169114661e-6,3.0696799721066645e-7,7.335863995836523e-6,-1.6372108299929405e-11,-0.0007597201705818288,0.022571111332499623,-2.1952720138657934e-5,-3.2835729363942985e-8,0.00188369497326989,-7.898617578401585e-11,-3.811705458860736e-6,3.1510421663036303e-7,-0.0020412517921138814,1.27652483517701e-6,-0.006685024920673068,0.00337786043219797,-4.438425197726498e-8,-3.015061224330885e-9,9.206964472558043e-7,-0.00020682842004618243,0.040100948287885345,-4.7224992515558824e-11,1.1298625443907145e-11,0.019093057891093498,-0.0065688129009262314,2.8326961065057762e-8,-0.006296858438128511,4.774074604769974e-11,2.176672640642761e-6,-8.989167170221102e-9,0.0001263598414571127,4.7617623549232036e-6,-2.2663088979102405e-9,0.00028172351361524175,-0.0030704799959449243,1.6602875522681625e-7,1.1799464653923467e-6,0.002347853094202024,-1.5036501108255736e-9,-0.0048207841740817445,-1.0324622386410953e-5,-0.00014111607102918825,8.450533195289513e-11,-0.03917503634415734,2.0601475212273623e-10,-0.000596820320310654,6.314473449851675e-7,0.0014764028013795102,-0.004602324444704085,0.0028798100495931135,-2.8245636401951518e-8,0.12603456768147572,8.214420117809868e-9,0.005492863249732018,-0.0006060296921142376,-5.498613230191736e-8,1.5923318200529558e-7,0.015493773021975884,0.00014588705112608794,7.392434908074462e-7,8.23797219209531e-7,-1.5797114991314762e-10,0.0016873304517331547,2.223305371446567e-10,-1.1384020418987144e-9,1.3949187744501796e-8,-2.367118275618943e-5,0.016165386406501593,-0.0077848707761592195,3.972509948031198e-5,3.4114248836200677e-10,2.0323459017285007e-10,-8.376349884538341e-5,0.002952253735499539,-5.234801257433596e-8,-4.238223827829648e-5,-8.532653382070418e-9,-1.0915960770580595e-7,-7.78012158926883e-5,4.096966965503433e-9,-0.006872193531843815,0.0005847720242157306,2.160240754495752e-6,-6.644003650996718e-10,7.589684099292155e-5,-1.6553282180565434e-10,0.006751504264677587,-1.0738690159590391e-7,-0.002518359208895544,-2.373550237297739e-8,-7.052488582423221e-10,0.008685504890532481,8.942574947986126e-6,0.00044401813200371825,0.052387141390335665,0.023956108686532977,4.245107727182534e-11,0.0012318409407812711,0.007851810311911255,-3.9000535820773795e-6,-6.551281276034541e-12,0.00010942393378143794,-0.00038011019165035603,-0.0008654937861474392,5.515479031048062e-6,2.1119961812722307e-8,2.8833858160418322e-8,0.017846897467171108,0.002309164908719349,0.002076090730535001,-6.405043291351171e-11,0.06792968164792394,-8.448399453746628e-7,0.00020542229701748363,5.265171629228825e-10,-1.4305701216415263e-7,0.001564586943522241,-0.00010609225457920894,2.440114019233599e-6,-0.00037696780138963756,-2.1479721648545412e-8,-0.0045395282102048615,1.9908679877967265e-5,1.102822533944113e-7,0.02235351240103192,-6.84882601368531e-10,-0.0005031953890672933,-2.060483071527617e-10,-7.828523064965506e-5,-4.089288457832874e-6,-5.599312461610496e-11,-0.0010836472441181218,0.02482722034606498,2.8122110799444004e-7,-3.1217776954180498e-9,0.008790692260234207,-3.292898611536834e-10,-3.6913044023111216e-8,-5.978260089627142e-6,-8.555167230285145e-7,0.0046458539607417484,1.065125037675599e-9,2.834657959271332e-7,-0.006943766719189419,-0.00024112258379641754,-1.8096273267734428e-9,2.530062043019093e-10,0.005898124602072293,-6.0105593118018115e-6,-8.258458851268672e-8,-8.517819684714153e-10,-1.2002467312110255e-7,1.218465816824521e-5,0.00017139462141847105,9.55427585151671e-7,-6.672700556471768e-8,-2.3046846225687318e-5,-5.911561669628844e-10,-2.259726423990409e-8,-2.164856677386596e-9,-9.63419537520213e-5,0.002301706015900363,0.07514233533039433,0.0021460240205327854,2.2203970267822767e-7,2.2182614948758883e-7,-4.9199886273455604e-11,0.00026262713098418225,3.893785123872917e-10,0.007769592990294275,6.060508105953951e-10,-4.433699709604573e-6,-5.3583804094376374e-8,2.938847002455344e-10,1.0362397458879584e-8,-1.1726208314955716e-10,-1.2413636748720382e-7,0.0022908253059517143,-1.6618511808180197e-10,7.905911175822608e-11,4.648536655124924e-6,0.0031834084260541477,9.298828183030248e-7,4.414038657603821e-5,0.009445371200721324,-2.5802706923546007e-6,1.3012946380390488e-6,2.7689465017552333e-8,0.0002138587391776813,-9.054839474474237e-5,4.24708925500134e-5,0.03166982372278809,-8.493030656139387e-8,0.007103002418543242,0.0015839059727871902,-5.204351479867049e-8,6.951251724612931e-10,-1.633798868434067e-10,-0.00043555891251976646,8.643466179144134e-9,0.002674482274904163,-5.0882492204734815e-11,0.002159332555356042,4.63336038655091e-6,0.000219811706063214,-8.073919955510554e-6,4.238254665485728e-12,3.470104968064149e-11,2.8975254475950432e-11,7.176152695572323e-11,-6.099814426126114e-11,-0.08104975731602762,4.211670450551883e-9,7.947025488028036e-8,-2.6888188649022152e-5,-6.400862854220253e-9,-1.4418541858076691e-9,2.3103917977133083e-7,0.001143214056472827,5.740118843324162e-7,7.714201267718547e-5,1.2366057705185067e-5,-1.0215367394618352e-9,0.0008553895137576273,4.878198924666902e-9,0.018577633030977262,8.758871627998032e-11,-1.0519334167833511e-11,-1.7686088330606782e-9,0.013958235894338575,-6.28558400066378e-11,0.0006593152046083437,0.0007020991657827165,-1.6208769411889613e-10,-0.005984666072436225,-0.0007939937688236372,0.0010482727261185234,7.21676654252531e-9,-4.840997649769466e-10,-4.3092008408736513e-10,1.9495500104780765e-6,2.613721429586016e-11,7.441769417394358e-5,-3.3712417100957166e-11,0.007820062732750809,-1.565825274862087e-9,4.289907052176102e-9,4.461153329255517e-9,0.0019545761244271435,0.0023235500024332005,0.034558583980522015,-1.3796373948379102e-6,4.406377535253319e-7,-0.00014307302210682583,1.909390937591179e-10,-0.0028895718597714715,1.0396731726769953e-7,-3.6746838576364427e-10,3.510155838425923e-8,0.0011826242242541961,1.2098657729807045e-10,-0.004050690205359644,-5.7313398200673015e-6,-0.043763321784992884,2.0907010448834114e-10,-1.9102882533367365e-10,9.859493418530629e-11,-0.00554520465591235,-1.2145449299448468e-13,-8.525228151197499e-10,1.8115056622346363e-9,6.487519184888967e-9,-0.001972549257530677,-0.00014948721004003808,0.008681692496669675,-4.958447518708476e-10,6.354112955639802e-10,1.428991837244044e-10,3.338168569346083e-5,2.2965425153738622e-9,0.001188062916060768,1.7673444589943533e-5,8.080308316522114e-6,3.9568125382187336e-10,0.009459747304815419,0.00023613239580575388,-2.5070323414572183e-9,-3.634824631330759e-9,-5.232825718946541e-6,-1.1473740875616373e-5,9.133004309159895e-6,5.451148324520665e-7,0.006505314089047424,0.06398595196545867,-4.350935568103433e-12,1.652463263143769e-8,0.0016713377692817576,4.492080629521823e-6,-2.1667863010452703e-8,-7.279139053109781e-7,-3.140014432127715e-5,-6.718779801427747e-7,-0.0019162634124843005,0.00023345986903898695,0.0010741730297413176,-3.497334210090675e-5,-1.0718313146730863e-10,-2.7167445931280528e-5,1.940922087409895e-6,0.057281242152231,0.0011355808782763373,-5.402567152806246e-6,7.413368629652962e-10,0.0022618994195214293,0.09066792769166808,0.009176872380839633,0.0018316179919884692,0.00029882203776867953,-1.3572515023566923e-9,1.6573211940916018e-8,-2.2876531071953592e-6,5.758410570902163e-8,-0.002967394305667078,0.0031716973528765203,0.0017086516202119194,-0.005463540090127219,2.2249208229448636e-6,-0.0012183539853788331,0.00711725021327676,-2.7399676348246187e-7,1.5202774712425624e-10,2.5009929229201606e-7,5.836953764591844e-6,0.0073915145531365115,-0.00011836923485448465,-0.0032393936830474065,-3.1596828190180948e-6,0.002508692071943974,2.0123007533740775e-8,1.1334179087692655e-9,0.030535643817921235,-1.3249913824884842e-5,0.004828814219093558,0.011912358359317957,-0.014120832104573511,7.59599759212604e-11,0.00031107850579583724,4.956129069827655e-7,8.282926521135267e-7,-0.05080799531971458,0.007060392143761061,0.0006008885737491136,0.011879667182510663,5.108560542742957e-6,-7.618235551835965e-10,0.0007027458340173112,-6.6482850431595365e-9,-5.7326451069425706e-11,0.018615294808192753,9.197695511778447e-11,7.091168621977104e-6,0.0006091826783309166,-0.0005944576046840504,-9.791423547387405e-11,3.014684885675366e-8,5.9355910134888776e-5,0.009374112589412667,-3.6897254080979737e-10,1.455827619546407e-10,-1.944432795197756e-5,-2.586072386616704e-9,0.0010339059483094992,4.072970903289061e-8,-4.64109677095562e-6,-6.3490703725655465e-6,6.56242565682778e-5,-0.027135777505045745,-3.943925953830753e-6,1.0117155977031384e-8,2.1071830901598158e-7,0.0018338467452570545,0.005884474980664559,-0.017918926756000975,-3.8531477920956994e-11,-1.7201119403767732e-9,0.0003574911386354262,-0.005258121778728537,4.075839990715517e-5,0.0014636246118557694,-0.0011701363891829144,2.1898201893066738e-5,-1.0031262445840414e-5,0.00048050692980033006,0.0001975723359586676,-2.0423910613805907e-9,5.46842897511194e-6,-0.004880911300383003,1.485662327138607e-12,5.456464933460039e-7,9.323501934339064e-8,-1.8891801597795192e-7,-4.85606990027494e-8,-0.007974779664158901,-0.00019380662928494892,5.751238690031746e-11,5.029928764396837e-10,9.858185552030323e-12,-3.05088620702613e-5,-0.0051289712247973105,0.015786671426247876,-6.113230715385538e-8,3.089109208957596e-7,7.27930822864721e-11,1.3511437671162347e-7,-2.6373696768342363e-8,0.0011316670576257523,-3.127865857917591e-11,-0.0005419710330995219,-1.3549281612623895e-6,-5.005150731944956e-6,-5.590797815091393e-9,-0.0007305945290629218,0.00628954463088472,-3.993391523642397e-5,-3.413481321886838e-10,0.0007419155401006593,4.440170794751192e-10,-0.0024296461471394557,-1.2156704568221549e-9,-0.00922697266464392,7.614909254449466e-5,7.95336626514189e-9,-5.6856131862793e-5,2.9939421663225745e-8,6.253844160979338e-8,-9.980935082295997e-7,8.246787577493787e-7,-0.06755896026933636,-4.5538755071963143e-10,2.4437410211787726e-9,3.501297365018866e-5,-1.654275014309553e-8,-2.8311881398814286e-9,6.9822514813441865e-6,-2.0353767095634675e-9,0.0033834894837574806,3.697570344517735e-7,0.01590935995842598,-1.327926608882186e-5,-4.88398613230741e-11,0.019582141463178684,-3.5692658701888102e-9,-6.102023631357094e-12,-1.0227528463956965e-6,0.0002530382788756704,0.02733436186283926,6.035432481748293e-10,-2.30072266728419e-9,0.00025287708433102387,0.016479763380389707,0.08174696900697387,-0.0013956509592106695,7.557029283125333e-5,3.726400230400058e-9,1.5785018084088658e-7,-1.886852273265089e-9,0.000984750145452304,1.8645023677413117e-6,-8.866920051674172e-5,-9.8329465945618e-5,-3.3531338014570576e-10,1.8448471437468759e-6,-0.013309121449040727,0.0001718122491501147,7.602186207039173e-7,1.0463443213963993e-7,0.0010474395661427259,3.5889543920313047e-10,-1.3613704121297421e-9,-0.0033151030660483545,5.0693213560345403e-5,-2.5463504295897416e-5,9.284452287902036e-6,-0.016496494038466727,-2.3085268552890784e-8,-9.983088551964212e-6,-1.3782664861520288e-11,8.225635641261368e-10,-3.938891617438875e-7,3.012635955413572e-11,0.00029413088002858346,-0.010256909522946183,0.008876541557312108,9.467517900463475e-9,5.837421628939888e-7,-3.2737319947013384e-8,4.782537260914662e-11,0.009838880176403088,6.9689912139290265e-6,0.014198965868559397,0.0001260870403158798,-0.0003893118287400694,0.011296615043956149,1.4578970967777202e-8,-0.003980425131785376,2.6800457502420847e-8,2.5889957362695776e-7,-2.089180329389427e-8,0.009609034776989718,-8.657850163744303e-10,9.686509800080731e-6,2.0213188574627338e-7,-4.6449226850286735e-10,-4.4681546607705557e-10,-3.095936865174731e-5,4.975369165098544e-6,0.0017200126491261636,0.0008825699874690666,0.0002880250377498708,7.499671642832787e-9,-0.0014671933948794428,-1.634680496914416e-7,2.0399323077615905e-8,-7.373143133063495e-8,2.566605636960439e-11,1.984275554228188e-6,-3.892373496785471e-9,0.0011030741125673833,5.669830138584703e-7,-6.860359833382574e-8,3.971115124566086e-6,-1.6464982060599065e-10,-8.285476498421486e-10,3.683015347985996e-10,-9.07664260913239e-5,-4.4517093815052425e-8,0.00404695073794718,1.9545374594691247e-6,-1.529521641727539e-10,8.61324940707601e-5,0.0032944188151550684,1.5390526043239956e-7,-0.006388707619124029,7.126906419686513e-7,-2.0583357996155935e-9,0.001529236116809568,-2.9070011437963537e-5,-3.637751144464907e-5,-1.2146176436717249e-8,-4.8993139798156555e-5,1.3071878679202345e-10,0.010906867913388045,-2.685429698480105e-5,3.820338906464128e-7,-0.0018089355380887491,1.3328108759110538e-10,0.008132389593060526,-8.587260748761966e-10,-4.850255477284919e-9,-7.92311575210397e-11,0.03769115321851165,-0.0005080698237790624,8.229343799081252e-5,-1.2044114114102106e-5,-7.900324143624773e-11,0.0022832398232335246,0.13294674689138905,-6.936469982576371e-7,-3.125578196015561e-9,0.013380184566416464,5.092745699879485e-6,-3.439178935881063e-5,-6.189486742176161e-8,-8.216181588440499e-8,0.0015637789256501837,-0.004660090042234045,-1.7948868607209e-8,3.4227545682528416e-7,5.390724053445194e-6,0.004258414540249094,1.3860335221040576e-6,2.1186829178528467e-8,-1.5775105779341004e-6,0.00027106064549989263,0.0031815724181950703,1.1333325689630632e-10,-1.9796586830918713e-9,-1.6418754905021219e-7,2.6433077131554825e-8,-6.875876305911064e-9,3.599320104547229e-8,0.030221352697673794,0.005876169577910224,2.4693396274419e-11,-1.804612734407173e-8,5.314293827324256e-5
0.0,0.0,0.0,0.0,0.0,0.0,0.0,0.0,0.0,0.0,0.0,0.0,0.0,0.0,0.0,0.0,0.0,0.0,0.0,0.0,0.0,0.0,0.0,0.0,0.0,0.0,0.0,0.0,0.0,0.0,0.0,0.0,0.0,0.0,0.0,0.0,0.0,0.0,0.0,0.0,0.0,0.0,0.0,0.0,0.0,0.0,0.0,0.0,0.0,0.0,0.0,0.0,0.0,0.0,0.0,0.0,0.0,0.0,0.0,0.0,0.0,0.0,0.0,0.0,0.0,0.0,0.0,0.0,0.0,0.0,0.0,0.0,0.0,0.0,0.0,0.0,0.0,0.0,0.0,0.0,0.0,0.0,0.0,0.0,0.0,0.0,0.0,0.0,0.0,0.0,0.0,0.0,0.0,0.0,0.0,0.0,0.0,0.0,0.0,0.0,0.0,0.0,0.0,0.0,0.0,0.0,0.0,0.0,0.0,0.0,0.0,0.0,0.0,0.0,0.0,0.0,0.0,0.0,0.0,0.0,0.0,0.0,0.0,0.0,0.0,0.0,0.0,0.0,0.0,0.0,0.0,0.0,0.0,0.0,0.0,0.0,0.0,0.0,0.0,0.0,0.0,0.0,0.0,0.0,0.0,0.0,0.0,0.0,0.0,0.0,0.0,0.0,0.0,0.0,0.0,0.0,0.0,0.0,0.0,0.0,0.0,0.0,0.0,0.0,0.0,0.0,0.0,0.0,0.0,0.0,0.0,0.1999536128249396,5.3694058841037055e-5,-0.002759903275859935,0.0033797347758900255,2.163362675798709e-9,1.6112076789930295e-6,-5.666517859978081e-12,-1.7022275969584206e-11,0.008930408516815832,-2.1655588428756906e-7,-1.8015697301973213e-9,-1.368859365852919e-9,3.136590848290222e-6,0.0005556417288468399,-4.3485159969952336e-7,-8.352714598289087e-9,0.0001023034237209456,-9.373987742312538e-11,-9.332285904530563e-5,5.196637343556349e-7,8.790517613012695e-11,0.0006411364638145823,1.902335099773335e-8,-3.8203495815146163e-10,0.011192865189763583,-5.250688823853168e-6,8.459205097834918e-9,-3.52105576870042e-11,-0.0001662087092565047,0.004199043969884463,-4.2088267375850217e-10,-2.414183868036316e-7,2.1971310609013617e-8,-2.948449800292868e-5,1.825055365864057e-6,0.030046225689115726,3.336314797430711e-9,2.4804659614022184e-11,4.6534678208962656e-7,0.00011024294124795372,-2.721290010649954e-12,0.023156671879593513,-2.6903821686886593e-7,4.985780014693085e-6,3.5138499162650185e-11,1.7843297426149414e-6,-4.480434257011734e-11,-3.060682896523842e-10,2.4323865784400577e-5,0.003993247155762067,-2.655967327401139e-7,2.6669033285138983e-8,8.142219122202428e-11,0.0696370692096113,0.012957602137084606,2.563269922300059e-11,-3.0457749465626942e-9,3.753919469952317e-5,-1.1359069804095982e-10,-0.04365612993497473,9.22226155267711e-7,0.0011441512498759215,6.032891593033438e-8,3.827541526559454e-6,0.003489406306903656,7.232045287228621e-13,-3.679026667653774e-12,2.1999321130237006e-5,1.0312165314034045e-5,-7.97164804541915e-11,0.004119052395677262,1.0491349980844841e-10,6.498186442806453e-7,-1.6905042516219943e-12,0.007715595357062502,-1.4937815909169502e-10,0.025784713960786555,-3.149982092393608e-9,-3.22852246871931e-5,-1.0696634271209194e-10,-4.3019567468869435e-9,1.0283696843784336e-11,-0.00019416779419779824,-1.1839407861652535e-10,2.6969030934646806e-6,-4.1180810766411945e-10,-8.217723856659109e-10,0.0002496226088765003,-2.9433536822535393e-5,3.546775247975468e-10,6.758740261459828e-8,4.615082526819008e-6,7.476068986653664e-7,0.0017132987774440417,-8.21779094596362e-13,0.03449492252563732,0.002979715266508258,-0.0005888959701656525,2.7041308959416485e-7,3.9927814975903605e-11,4.4659261946667174e-12,2.0416820168157257e-7,0.0081515496905351,0.0516180643283005,2.703717101805788e-7,-6.8167667615710014e-12,5.052726381792478e-5,-5.932764452834439e-7,-0.0011868985606513429,1.0899217172628644e-6,-1.1407619623085811e-7,0.002792492776161414,1.5121803157101472e-11,3.824835825977323e-9,6.911241693794026e-7,0.0041038207575394454,5.132056323689577e-10,-0.040801592564672716,-2.5347463255124344e-10,5.569665950012765e-5,7.648865914221015e-12,0.0007490777941027007,0.035634446972653035,-4.547493424685415e-10,8.791648055740319e-7,-8.623706578847958e-10,9.947852772493726e-11,2.680691339833165e-10,-0.025596275859936936,2.5129893774830203e-12,-2.6180552616969338e-11,-1.275272256536554e-6,-0.003237245905276345,6.919060061328305e-8,2.8723097020173853e-8,-4.402616098826921e-10,1.6035430055307984e-7,-0.00013590384415074355,1.2505140163448168e-5,1.999167952768598e-10,5.5955141257876625e-11,6.353540627770853e-12,-0.0446677786951947,1.9548741073527067e-10,-2.5677373477817717e-6,3.048865048520084e-8,-0.00026254069647030706,-4.1257557614894995e-5,-5.8766096757954135e-12,1.0669753528414383e-8,3.6966498215397934e-6,-1.4220507269065356e-9,0.0005340352552683997,2.561969286699781e-10,-9.318063543410889e-8,5.236226249477318e-5,-8.672074000346404e-10,0.03016634320054659,1.0231348253702862e-12,-5.322053587497982e-5,-2.0393486718439557e-8,9.179636381273438e-8,0.09154446907227079,-5.134972798685494e-9,1.1175443089652241e-10,3.974864469022389e-7,0.0029659358641102806,1.7636823775748348e-9,0.008074616101014972,1.51163952776917e-5,1.7125059895700281e-6,-7.658103241297664e-7,2.9093174617794888e-11,0.0014166634640286621,1.8388279522392337e-6,-1.3693910880339594e-11,9.289197892103395e-9,4.909145156986057e-5,0.001421103793018418,-1.4472618454370157e-9,1.6665060697991209e-6,0.000268669073389911,0.005997372476749584,-1.3732411396152814e-6,-2.0580152494827813e-7,-1.5892129599327204e-8,-4.334376490651745e-6,-0.00010823969775933094,6.306508063723207e-8,0.016926960309226236,0.00036595910392957763,0.0073878824263714305,-1.0701507724010534e-9,6.818786140080875e-9,1.8048837233815172e-10,9.500036186953527e-11,-2.1103822888884608e-5,1.7993284127731609e-6,-0.024101656780541093,-3.596048564728324e-9,-0.02791504975768026,-2.045358581980258e-10,-0.0010193877644027911,6.590451761920716e-7,0.0006485813521473769,0.007491324696962386,-9.691821683470137e-5,-0.003106979362674269,2.1572103231881037e-5,8.493436070009442e-12,0.06173855669720074,-0.0072771626601049804,1.8685839069002707e-6,4.516955202811376e-10,3.991394810712103e-6,-4.724875485023949e-9,1.9385170878441422e-11,7.282471435394344e-7,-3.692832908276612e-6,-4.301166228671083e-6,-1.0846817145487098e-8,5.0059147790654906e-8,-2.8304042605661484e-12,2.7423641449943013e-11,-7.552794562420047e-7,-2.662477607788849e-12,1.4471363986358727e-12,-0.00012253661611857155,0.002445897949089535,0.07392055669725889,3.0656714559961037e-12,-0.00010570131606404088,1.1774250657436522e-11,0.0003170131962663512,9.569126822350626e-10,3.40817685124074e-7,6.633846120782911e-12,3.8061567577891535e-8,0.12209624172258006,0.0436549102080781,-0.0011894519682563232,-0.02214044701446119,0.003041768540745309,-3.338221034842751e-10,-0.00020047284272625454,0.00042368226444496613,-1.2964293106723555e-7,-0.00041623716154799473,-2.717052616942445e-5,3.902147690330354e-6,-1.414984972467231e-12,5.949857657991787e-6,6.374770213319579e-8,-1.0227815760326164e-7,-0.004286714373192045,7.86272880842911e-9,0.0003221763835005617,7.771924588028239e-11,0.04619586886005277,-0.026671205324418096,0.00010343603311871879,6.9351382132167e-11,0.0007818227479046708,-6.148068797654753e-9,-2.6043433991627774e-12,-0.005371174510975618,2.6893233695454277e-11,-6.382915215831477e-9,-3.0071462353166026e-11,5.242650430652804e-5,0.010863005366539225,0.014891695368632996,2.6561441485343257e-6,0.11847763761886605,3.834213336579606e-8,-0.022251941146258874,2.271216723235682e-10,0.00903739870208054,0.0010337864451725961,-6.668219771098014e-5,-1.4158325872470692e-12,3.0745874530273214e-12,-2.1602197637687486e-11,8.55469402462976e-8,-9.11915354255619e-6,-9.868832319239263e-10,-0.0182513683784382,-1.6587140657819296e-12,-1.8746527011245204e-5,0.0015372767446692882,0.0005695442155739917,-3.646848337132392e-10,0.10594875699204508,1.3489924226470704e-11,3.0168004836991506e-7,-1.8840352370020528e-11,0.01141117046510118,0.008314764059616828,0.009570619766503512,-7.195703932180357e-11,0.03482450220857332,0.04569639949173203,-0.005923665976513269,0.0007601243019629668,2.5283257330911887e-11,1.5021364280041773e-9,1.0106223029718042e-9,0.003448447927244127,0.0016213856360832095,-0.015137968693121935,-9.604355681022945e-9,-0.0026809830521646013,-2.1549719302711305e-12,7.810894297485785e-8,-1.7898893918983602e-7,0.001476383796650157,-7.968261487720476e-11,1.0334156534568831e-9,0.004803366916780614,-0.000618836593914183,3.553200682892627e-7,5.421055690076373e-7,-1.4495908208000648e-6,-3.4326513982189473e-6,7.847573624284462e-10,-5.032174373311724e-11,0.10628150867972698,-9.357390360973869e-5,1.0404746565674309e-10,1.7001465431831685e-6,-0.0006293286148857192,-1.6239670359443634e-6,2.708600349297621e-8,4.895677850016997e-6,-4.699800495847411e-10,1.7612371229005593e-8,1.1265937490676981e-8,2.1507609330844866e-8,0.11668895075373581,-2.8564194112236763e-7,9.448864963332639e-7,-2.8334292180938547e-11,1.1091517549491976e-11,3.698698105518608e-7,-0.00916803083736964,-4.9107927869383895e-12,-1.933932710787767e-10,8.293330949658255e-11,1.4151680090073194e-9,3.0410823318766086e-8,-0.002423876442829379,0.00033577537815621746,-1.1473903481556183e-8,-6.527888858662239e-6,-3.530741101905092e-9,1.7206147790823554e-10,1.5909099038544516e-11,1.5985394804761834e-9,2.7612358373068222e-6,-5.586966265543812e-12,2.1068748711993742e-10,-2.6104907120502797e-5,0.006366341768057223,1.2037211534071977e-5,4.985443365658866e-7,-8.342595177244475e-11,-3.2832100700217337e-9,3.65939329676082e-11,-2.0992764628466674e-6,-2.0281863988703518e-11,0.00022855586601117805,0.00013228394138937863,1.2579722135952486e-10,7.875928071160919e-7,3.17119568380492e-10,-9.488894122750045e-13,2.284116615992789e-11,0.06847926215465061,-2.517758229549894e-9,-6.26783480199942e-8,2.4003567608445865e-6,2.6543838992926238e-11,-5.386452002653384e-11,4.938297033706121e-9,7.110737620116505e-11,2.4006685328396607e-6,0.0007986334157092722,2.4402655435115108e-12,0.00044569200055634113,0.005514251092934988,5.723945144340943e-13,-0.019741624588249355,-3.674535575447574e-7,-5.48694735817443e-9,6.6611056455177984e-9,-0.0004580804502350679,2.863009474571408e-5,6.931551704002554e-8,-7.991628052485284e-11,-0.009370765229175007,0.011715327114405542,-2.8335091932840304e-11,0.0017332043554428105,4.475160376160526e-9,-5.379688197779823e-6,-2.3485191615426943e-7,1.7434840694754182e-6,4.3954664681896556e-10,2.821608918575554e-10,3.2099823259488056e-9,-0.0002819621510023424,-5.361454875110464e-6,5.196604406965177e-10,-4.920180452070454e-10,-4.176768714917252e-10,0.06101670888710201,-0.0004240734283090075,1.0809488304563978e-12,-2.9261045137928244e-11,-1.9652536569477868e-8,-7.666632302471647e-12,6.87764212841213e-10,-8.768560461551143e-8,6.104948603320919e-7,-2.3553535841418873e-9,2.2404644958999192e-8,0.0016088169201681234,-8.037926320409498e-7,-3.894807187541876e-12,-0.026832703036315343,-2.48796150079498e-7,1.1341465215995504e-6,1.585478217662365e-5,4.105890939632954e-5,3.441590622688067e-11,1.9761718450245675e-12,0.0076701847511835095,0.005794279302479326,0.12759544860023564,-3.1149934600703875e-7,-3.903318887049569e-10,-8.426110953656722e-11,0.00010861823911767698,2.673161245851526e-6,0.014738978406632514,2.1008277694790278e-5,0.0004709289807832864,1.0485626339733034e-9,-0.027164708475030153,-8.61898112463708e-9,1.2512015963835732e-7,3.209474008862075e-7,-0.00017293927200563803,-6.092409646999022e-9,-1.1203489361034365e-9,3.4022987454968023e-8,0.05355759837880137,-6.21083443356395e-13,-2.0346180780491988e-5,-1.3920323735040854e-10,0.000347841417738164,-7.75658755369115e-10,6.758777170368858e-13,0.0006705809413800085,5.232031061543949e-7,1.5992027915290144e-5,0.0001237436835614101,-5.165786086936515e-6,-1.5590898422957875e-6,-3.460304815068412e-11,0.004870606853371511,-0.003024284748665769,-2.5630693698368538e-8,1.741862225078361e-5,-0.0023931600627933422,3.7584521491010866e-7,0.00044616748077556256,2.1944390831625817e-9,4.878053757579445e-6,1.2099702462056448e-10,5.88806662477564e-7,0.008424839455529673,1.922929491320597e-11,0.0026194664062313584,0.05509971483284486,-7.78310656843179e-7,-7.397468213571976e-13,9.563218038135884e-11,0.010045827683855821,0.0013291278225186572,-5.111187821214687e-9,-6.889794947703951e-11,1.4464520471396283e-10,1.0595405725503557e-9,-3.2701267290358003e-10,0.00048417795826366316,1.4567938118865282e-7,0.005164113542273433,-8.588446919040382e-12,1.7371003540538792e-6,4.329421256137392e-9,-1.1769678813795654e-9,0.012375149943215457,1.866996823160998e-6,2.488839109708488e-10,3.644476365807684e-8,-3.0083669058371852e-5,2.6681427240127875e-6,-7.123548276517027e-10,0.0005013036713236378,0.0008527484891746645,4.072382071566665e-9,-1.1563705407176742e-7,3.9423752196991236e-7,2.202446187947598e-8,1.4039771583351693e-11,9.340989025040722e-5,1.721084722647861e-8,0.030222932006570998,-0.001929890652190369,2.947321128897549e-6,0.009613778944789061,-1.0997064105816987e-9,8.807033515668002e-11,-1.232517686454368e-13,-0.0001426512201502021,1.6161493583331376e-5,0.00036179412580290317,0.07640889061958163,9.022541229935649e-11,7.276715375842797e-7,2.0891768772972828e-11,-1.3979576159544718e-8,-5.935208230396211e-10,2.1305457024103528e-10,2.4089685946435692e-6,9.382500814636918e-10,-7.626364908013908e-5,1.1462781758212962e-5,0.0003050621763616374,1.4485113679164656e-11,0.005220246646055977,3.952409080029787e-7,-1.6660707657838874e-6,0.006388616411628999,-0.006422265741217818,-1.6859752345113375e-7,1.3806965054134322e-7,-8.86512814307481e-12,2.0853297941953455e-12,2.317089548560184e-12,6.798166464338902e-5,2.1648660233688704e-11,-1.539246475513288e-5,0.0003714336946065921,9.696469314698506e-5,-0.0056914999948636715,3.4916178453702648e-6,0.0027336562711375596,9.855961330884151e-13,2.30527746491326e-6,0.00034064135275780954,1.959161946012284e-6,0.005138055774876548,0.03555692025734816,-0.0012536251501786579,-3.889311778338328e-12,-4.6700048711685825e-5,3.63009637263073e-9,1.7697074187039051e-6,0.10480896350783436,1.0435550622207371e-8,5.245949387524156e-10,1.1249522334021134e-5,3.1185683630638144e-11,4.529275692466169e-6,0.005813390984751266,-1.6383693149806658e-9,3.571156000661707e-7,-1.6103396738345885e-7,0.0007660969821388797,2.825645627063557e-7,-0.020916159073353504,2.3217040783964888e-10,-3.054920662191962e-8,-7.615486148420078e-6,-6.541098483722335e-9,0.019461888928992803,-7.525432350390947e-11,0.0026695928996237728,0.0012971022644139244,0.034052706440123724,2.0698145427150928e-10,-6.6338440070952335e-9,7.938909406092825e-8,1.2970576503883707e-8,0.12065607176993154,5.508066719801641e-10,6.231602701916483e-11,-6.638058923804485e-6,0.0001519760593596654,1.9193449615330576e-11,-2.335610646140227e-8,-6.647018362951359e-7,6.253778556704017e-5,7.288546845038064e-5,-1.273489483112443e-11,8.935389873823995e-12,-0.0013071809889350686,-1.3669492706151907e-5,2.1997391884711217e-7,1.4783146779489165e-9,-6.506269167983724e-8,-0.0002490392956176079,-8.32762402040513e-8,1.5619309786935102e-9,-9.57085465320411e-10,-0.016897341992676368,0.0021380344071594538,-8.426605243596639e-6,8.303541821854688e-5,5.288606051754867e-5,-2.0516452156740744e-5,1.213064489390747e-10,1.6270523278565835e-11,0.09606427131317771,9.956233552543347e-7,2.186724287508241e-12
0.0,0.0,0.0,0.0,0.0,0.0,0.0,0.0,0.0,0.0,0.0,0.0,0.0,0.0,0.0,0.0,0.0,0.0,0.0,0.0,0.0,0.0,0.0,0.0,0.0,0.0,0.0,0.0,0.0,0.0,0.0,0.0,0.0,0.0,0.0,0.0,0.0,0.0,0.0,0.0,0.0,0.0,0.0,0.0,0.0,0.0,0.0,0.0,0.0,0.0,0.0,0.0,0.0,0.0,0.0,0.0,0.0,0.0,0.0,0.0,0.0,0.0,0.0,0.0,0.0,0.0,0.0,0.0,0.0,0.0,0.0,0.0,0.0,0.0,0.0,0.0,0.0,0.0,0.0,0.0,0.0,0.0,0.0,0.0,0.0,0.0,0.0,0.0,0.0,0.0,0.0,0.0,0.0,0.0,0.0,0.0,0.0,0.0,0.0,0.0,0.0,0.0,0.0,0.0,0.0,0.0,0.0,0.0,0.0,0.0,0.0,0.0,0.0,0.0,0.0,0.0,0.0,0.0,0.0,0.0,0.0,0.0,0.0,0.0,0.0,0.0,0.0,0.0,0.0,0.0,0.0,0.0,0.0,0.0,0.0,0.0,0.0,0.0,0.0,0.0,0.0,0.0,0.0,0.0,0.0,0.0,0.0,0.0,0.0,0.0,0.0,0.0,0.0,0.0,0.0,0.0,0.0,0.0,0.0,0.0,0.0,0.0,0.0,0.0,0.0,0.0,0.0,0.0,0.0,0.0,0.0,0.0,0.19992093713275372,0.0015321080349507863,-9.73516627965826e-6,-2.053834672142364e-6,0.0005222160653915744,2.4059965866775956e-9,-1.1636039114034582e-9,-3.8141968069757325e-5,0.00013048514779636776,7.691489520431541e-6,5.989864965498487e-7,0.04030854697259032,0.02316471251515845,0.0006949629270850514,5.467865051954911e-6,-0.011077955124853128,-5.269481131033793e-9,-0.0013220454436804615,0.00020769573882034966,1.2568634928241941e-9,0.028445602922819016,0.00011105846538602783,9.979071369117943e-8,-4.126672760085203e-5,0.0035688224967184144,1.890806888329199e-7,5.15983418779178e-8,0.00749660790248138,7.094012896188624e-5,1.0684776349625655e-6,7.412291865525407e-5,0.0035126298909357503,-0.02895249107218045,0.0009291026514177067,1.7551449082737602e-5,-2.0145117150523083e-6,6.473262684927193e-9,0.0003605761606864286,-0.0006715773620901062,2.595802984319439e-9,0.0007248482992844746,0.0004756101877043367,-0.03462439171759208,-1.5032036150614863e-8,0.0020326487888754365,1.1777189473118472e-8,-3.2892002432378506e-7,0.010498039248381795,0.0015540306104965707,-0.0006261699291873575,9.841702393836737e-7,-1.4302839673989777e-7,5.280448241157461e-6,4.238224338119822e-5,-8.331221690933865e-9,1.4403906931020654e-6,0.019398243003070716,-8.104184163779208e-8,0.00014103166358027714,0.0006128954404543055,0.0015358196316337903,-3.0135845563896086e-6,-0.0012959875779991266,0.0030599101787272846,-9.625428703457506e-10,2.050171306596997e-9,0.018101503339767015,0.021160569999372096,7.242089640011545e-7,-1.99351976893196e-5,-1.2328017532484915e-8,-0.0003508055523181802,-4.416285474545128e-10,3.358613034872123e-5,-4.0791882891190053e-7,-0.00013374485860108374,-5.59222331258771e-6,-0.02400304082979459,8.640257475183144e-10,1.787367968254117e-6,-9.904771613119095e-10,-0.03299354535989551,-2.1187364349653884e-8,0.00127190678650971,-1.7345113465146574e-6,1.7100119979698655e-7,-0.012308313581437377,0.0024254899457260884,-2.067627579850151e-7,-2.0272332472803766e-6,0.003577572200313563,0.004456369844715732,-7.404327313970672e-5,4.6165257715384607e-10,2.4798402018283598e-5,-0.0004556436094275196,-0.0027121321557933603,0.00015887301333338935,-2.7270716501938906e-7,3.931449659215158e-9,0.0002532702115034703,3.254670044481709e-5,1.7158524749944443e-5,-1.456227997124073e-6,1.7380292437125894e-9,0.04130627795409446,0.0003392611027578449,-5.5716219363680256e-5,0.03228861572237547,5.438307718168882e-5,-0.0038754188905516505,-2.5657331422548136e-9,-9.467095426638123e-7,-0.004874016942942049,-0.0005798918466762787,8.434762153144189e-8,-0.00017391248844746897,-2.8650390871101736e-8,-0.013719874501532597,-6.673069251327475e-10,-0.0003686910418133028,0.00022799643006414996,1.0525538018553594e-6,0.000906254008216622,-2.593564643710951e-6,2.577683331529665e-8,2.89436592890673e-8,1.7918183278001754e-5,-3.116089463083247e-10,-2.2161362125466635e-8,0.006324305878826821,-1.5534416105239624e-5,0.000162997712534003,-2.1738232526266492e-5,-1.4456712288400174e-6,4.7274250587370524e-5,-0.05011758665015556,-0.014142496526730962,-1.7554009805226085e-7,6.714048204693259e-6,-1.3525357896753943e-9,-1.855192210179336e-5,1.0707708232505484e-9,0.01001322022938345,-2.4677802824363162e-5,-0.004153053791061396,0.06371116248309114,-3.3202960377068944e-9,0.00011433774539157813,0.011260222681950744,3.994045677370515e-6,0.008601447635271665,1.0174746379315601e-8,0.00021577146666380088,0.0318839060088308,-2.8496483385017696e-7,0.00011215579819716082,-2.540762049431834e-10,0.0008102701502660162,-4.278545403733731e-6,0.0005652742940654968,-3.430979988850034e-5,-2.7481803811019976e-8,-1.0353893233211859e-7,-0.00027848197121907583,-0.0013339342018902215,-4.880993865029107e-7,6.889370340705117e-5,0.04925198191873726,-0.0009224904697371994,0.017811850478197982,-1.8344505856984907e-8,0.0004122841125153117,5.1785932649514086e-6,6.44013305642015e-9,5.399086768840386e-6,0.029859750320535047,3.0667696781101055e-5,-2.7562577763794617e-7,-0.0005815984947103481,0.025062455184010547,0.0008012861466358822,0.014354151891430062,0.00015931146406842532,8.903180488416072e-6,-0.003293629528327071,-0.018433312000075537,7.462726716761383e-7,0.0002407264393853137,-0.004306340416436751,0.0019123836608683782,7.03620675980088e-7,-1.1388920126743183e-6,1.9968840455009225e-8,-5.923003018510347e-8,0.11540538978707944,0.016080149680363334,0.00011752145870434083,4.196285350758368e-5,0.00012553896149309227,3.8840217413465405e-7,0.0007355363543959635,-0.0012215517867532324,0.026792850304189885,0.0009587738433906624,0.016338651200125152,-5.7648936089531865e-5,0.07484345519003867,-3.907753771194268e-9,-6.113607000389803e-5,-6.316156634568205e-6,0.002323737549281618,8.399081954470087e-7,0.0030132331646970352,0.00016890206236431008,-3.910898980259728e-9,0.003679343308947163,-0.002142004756418418,0.021964641233776453,5.3513716876359355e-5,0.00030425276187251687,3.0514303216242615e-10,-9.337994316459864e-9,-1.7539692742629325e-5,-1.4894378201808519e-8,-3.2969971820956576e-11,-0.0027211399644871815,-0.0006357823554397154,2.3631329183775996e-5,-5.418003391163701e-10,-0.0031431166605282593,-8.372501711936874e-10,-4.020168968111835e-5,-1.4145365583133338e-6,0.0004057706557496789,-6.1182891802026035e-9,0.0008135688471760411,2.6396426098368e-6,6.96708384544061e-5,-2.533771604284946e-6,1.4874000943766348e-5,-3.0376404551310578e-5,6.448286314336491e-8,-0.027417313444734435,0.017802279881541542,-1.4510007860323478e-5,-0.004701999712826769,-0.003389826850358149,0.0673045821623001,1.455220059375531e-10,-0.010264713931559925,-1.625251443116329e-5,8.97134700353923e-5,1.976845176702143e-5,-4.543854931777546e-6,0.017479870737864316,-1.0708560115753789e-7,-9.250670356959786e-5,1.6562861393902795e-6,0.018143873982211314,1.2892161527232328e-8,0.0017467121525435714,7.996995548306258e-6,2.592212516761176e-9,4.875401631422244e-5,4.0124905995934505e-9,1.932242013010342e-6,-1.850302110078727e-8,0.053728264635553344,-2.6092768282555606e-5,4.462455332976588e-5,-0.0015490793969590172,8.5434389532638e-6,1.879892377895679e-6,6.482297495404521e-5,6.593899061163318e-8,-5.2032908652393236e-5,0.0059840679336344675,-0.007270354103220076,4.338765688502506e-9,-5.131735270705431e-10,8.150875779673307e-8,3.584385725007955e-5,-0.006138853626038986,-1.532010802766829e-6,-0.00013598923825314436,9.693905438112468e-9,0.10783119924760863,0.0011329858170020825,0.009977871341174982,-3.233223176419767e-7,2.1293214679275636e-5,-1.9346985557007556e-8,0.00014449114308433955,5.867803539008578e-8,0.000469425460100567,-4.788294602131579e-5,5.539142810108203e-6,2.6257469329499806e-8,0.00025726942515139057,0.00018978553378687973,0.0007243572747559473,0.01389441256135047,-9.888652641641462e-9,5.703323419120276e-5,-1.1357562739672653e-6,-7.639205961525725e-5,7.4229067958221275e-6,1.6790283923375682e-5,5.1476084173437094e-5,0.001534665873361709,4.2330235949474474e-10,-7.479253128794273e-5,0.0016285363823438175,0.0011393470368966981,-1.9149971970964802e-7,2.4274415250613286e-6,0.001333312492247519,-0.0025667802774300462,5.177171453725939e-5,-0.0007307457588140511,0.0016849663520513787,0.011830526132488611,-5.810464577044345e-7,-1.0380717415655266e-7,-7.605181333073515e-5,0.003368371140805905,1.0665146202807736e-8,-0.0012525548067526579,-0.0004353188801622301,0.015229240864527241,-2.2644699414393947e-5,0.02908329721793852,2.784074851883246e-9,-1.4889885110499109e-5,2.679208944714414e-6,2.1844313039176127e-5,-2.5326075366404382e-5,0.00011482158430602014,0.003275569225543691,-5.739197433534651e-8,-5.724112664890103e-9,0.007053162250189658,0.00015393159302460032,5.607226484564027e-9,-5.668867340565356e-10,-2.527666598457973e-9,-1.050947336402729e-6,-1.6445613179132536e-5,-2.149786495672909e-5,0.0022177918042401265,5.3104816329902185e-6,0.01094142918523045,9.574792834515053e-7,-7.478092101598485e-8,-2.3817868250611423e-8,9.389120614033721e-7,0.0076982126646547265,1.074772519870239e-9,-2.365816514008831e-7,-0.020993350422841242,-4.770530250785282e-5,0.017250794853349606,-0.00020604318705544946,4.045884210500911e-7,-7.673567950685062e-6,-3.055862323448104e-8,0.0017827816136798437,1.1678510260286808e-8,-0.03274880913601185,-0.02460562120689074,-8.131047491235924e-9,0.00048241104618447733,-1.4179174687607875e-7,-8.58940131128824e-9,9.995228372081476e-8,-5.415541651714957e-6,-2.055942812451101e-7,0.011563792735252413,0.0031605409141180468,2.7989149901237995e-8,6.1991333799619344e-9,-3.3283728302185706e-6,-7.386288315454814e-8,-0.00034686805140024486,-0.0001309441734307048,-1.1539321041547795e-9,-0.0006898290769888174,9.933260032256023e-5,-1.0551446024157679e-8,3.664448905908917e-5,-0.0013894852664456212,4.089363618501974e-6,-5.750107202234545e-6,-2.3008149309467806e-6,0.06973212501866073,0.00015044444720146665,-1.986302507274434e-8,-0.0001192581505121028,0.002015450415937804,-2.10251613089553e-8,-0.0027972743645867087,4.161224030458775e-7,-0.03472899076632385,0.0015384540411272467,0.002412797201088938,-3.0931775996019186e-6,-1.2042798339792887e-7,-5.231942289115956e-6,-0.006987912575133038,-0.03830060695261107,-9.35511317728727e-7,7.682653207951398e-7,9.214528776608504e-8,4.1005165794463714e-5,-0.008012231688784338,6.21107934812863e-10,1.160945158007745e-8,5.106158368185596e-5,4.450380537659968e-9,-3.3733819618237487e-7,-3.195278248655871e-5,7.0611429673429e-5,1.4084470974568364e-5,2.64406510178955e-5,0.006538114298003838,0.0010910940960309294,3.139823060943494e-9,-1.256180283748601e-5,0.0004062146087607969,0.0015473001942518448,0.07168390250636211,0.05422732675972289,-1.052536893564859e-8,-5.279306445428631e-10,1.8869596225289445e-5,2.710144482250483e-5,-1.6078507256232773e-5,0.00024344749130198967,-5.540942441365671e-8,-6.103848937733541e-8,0.058036696462561675,0.04096900795581133,5.4760623448976985e-5,0.091279709690248,0.01748931655324266,-2.2024861400189177e-7,-4.1259774746537885e-5,6.321695241547634e-6,8.79967881571346e-5,0.005322101789809198,0.002765799836119757,-1.0961719283195189e-5,5.31765409076845e-7,2.3465304232411078e-6,7.621420947891482e-5,5.455315577655578e-10,0.009682951286732881,-1.1269517060120736e-7,0.004594244749260466,2.5935996701810136e-7,6.278471246236006e-10,-0.003354814923473393,0.000402487083463451,0.017604529656486408,0.014974551286910415,0.0026324093291337247,0.003851109909165966,1.4501368209202012e-8,1.939271923001549e-6,0.0011187705275010516,1.0802460966889513e-5,0.008363085099353365,0.0007802273328441354,0.0005176902081737274,0.011092643196992671,4.587193550810846e-6,0.010290901111292305,-1.050765807792534e-8,0.00028248333516044214,-9.187496230862456e-6,-1.7037225268471609e-9,0.0025366472955344684,2.5949941488463022e-5,0.005164639072582294,3.832866821636336e-9,-1.0304141161215574e-7,0.001562921005905557,0.0006487431229832714,4.70261438505473e-6,-3.924174118424722e-9,1.1235697567037933e-8,-2.5523013365505734e-6,3.9233061897768136e-5,0.0003779578969335074,-0.00016170097435161152,0.002057311764847129,2.30538371965283e-9,0.00020084786387936638,-2.47632424215558e-6,4.189391814433517e-5,8.533892309460695e-5,0.01083475970599008,-2.026846255737881e-7,-5.383827784473751e-6,-0.020711899354083525,0.006800936785000932,2.8526840429221757e-7,0.00032160786116522486,0.00843556344271569,3.4085428996916846e-7,-6.930178390154606e-5,0.00012474846561114086,3.055822706164856e-8,9.430986758239177e-9,0.12364819037906888,0.00010891346312565301,2.179883327995466e-5,-0.0003249109193135132,0.0007187112368036201,0.00022634851067591212,1.429615029571391e-5,4.55645211253707e-8,-2.399446176920468e-9,-0.005978996788881484,-0.028485352703642663,0.02355443403777228,-1.0805148411953919e-5,-1.4593926748565532e-7,0.004102297643965529,-9.138543117759712e-9,3.102528568174726e-6,1.6753045019486771e-6,-1.4186925363281916e-7,-0.0035273971766850896,1.0826096307479161e-6,-0.04115686528307845,-0.0038874735458908523,-0.00020889532081767945,-4.599663193688156e-9,-0.0003278900017750377,-0.0010678240277229437,0.007281929943800247,6.45269994150985e-5,-2.4570564292822732e-5,8.326382124768331e-5,-5.061316805073145e-5,6.237113339624539e-9,-5.122524237242201e-10,-1.9614594708139928e-9,0.0490935063862557,-1.1352777351788916e-8,-0.015121621119591358,0.001886444053707866,-0.028279329866986017,-7.647784790281151e-5,-0.0005855146198051292,0.0027729648630467956,-1.5742468759108355e-10,0.006549715686118468,0.01667210378596004,0.0034542962205177893,4.969915519850132e-6,0.0001882511870379259,-0.00013775183824062885,2.024023017710016e-9,0.009129125137612036,-2.9086663454125996e-7,0.0028833214284878818,-1.1517624296549722e-5,3.0285991380943296e-6,-7.67271080122208e-7,0.011489711426699304,-9.121372905441564e-9,0.0016307691822157438,0.00019426174611361142,-4.851610992493188e-7,0.00010964871533219233,6.89956589765207e-5,0.027634806390582838,0.00037511314379091277,2.160366049796995e-5,-9.291527518433392e-8,0.00015075549682540043,0.007068731851978728,2.1558581804237764e-6,0.0006875651267956763,-1.0346169423928806e-9,-0.00029933163858464486,0.0010713599648511298,-3.013943991467978e-5,1.38672819418338e-7,-4.405310756149712e-6,0.00020687777504700079,0.00017777045832484623,6.435866264828432e-5,-1.2469889513884486e-6,2.4425542576890426e-9,0.0026006311567123483,0.01587362037085245,-1.569234909414187e-8,-6.718289415002124e-5,0.0002303665869511049,0.015794907179022467,0.053005396930161236,1.8044738963205114e-8,-2.982991429608552e-9,-0.0017945525194250635,0.023980665228611833,0.000460743606661282,-2.6721053719983965e-7,0.00010504879341472604,-0.0013732717697595275,0.0003134512111511227,-1.5987719922148021e-6,2.7477695826312264e-7,-7.11262724364268e-5,0.0016289566500337078,0.07570321807416225,-0.030894804786716287,0.12026234026172067,-0.0044354892943271286,4.1526466640415036e-8,1.5181725064271786e-8,-6.368762105288417e-6,0.013626686184607701,-9.231250030491975e-10
0.0,0.0,0.0,0.0,0.0,0.0,0.0,0.0,0.0,0.0,0.0,0.0,0.0,0.0,0.0,0.0,0.0,0.0,0.0,0.0,0.0,0.0,0.0,0.0,0.0,0.0,0.0,0.0,0.0,0.0,0.0,0.0,0.0,0.0,0.0,0.0,0.0,0.0,0.0,0.0,0.0,0.0,0.0,0.0,0.0,0.0,0.0,0.0,0.0,0.0,0.0,0.0,0.0,0.0,0.0,0.0,0.0,0.0,0.0,0.0,0.0,0.0,0.0,0.0,0.0,0.0,0.0,0.0,0.0,0.0,0.0,0.0,0.0,0.0,0.0,0.0,0.0,0.0,0.0,0.0,0.0,0.0,0.0,0.0,0.0,0.0,0.0,0.0,0.0,0.0,0.0,0.0,0.0,0.0,0.0,0.0,0.0,0.0,0.0,0.0,0.0,0.0,0.0,0.0,0.0,0.0,0.0,0.0,0.0,0.0,0.0,0.0,0.0,0.0,0.0,0.0,0.0,0.0,0.0,0.0,0.0,0.0,0.0,0.0,0.0,0.0,0.0,0.0,0.0,0.0,0.0,0.0,0.0,0.0,0.0,0.0,0.0,0.0,0.0,0.0,0.0,0.0,0.0,0.0,0.0,0.0,0.0,0.0,0.0,0.0,0.0,0.0,0.0,0.0,0.0,0.0,0.0,0.0,0.0,0.0,0.0,0.0,0.0,0.0,0.0,0.0,0.0,0.0,0.0,0.0,0.0,0.0,0.0,0.19787247393485463,-0.018735577195345694,8.995776539440595e-8,-6.686544876053633e-5,-6.382457257708895e-11,3.564544360769377e-10,-0.028097839254538518,-2.6652167450701496e-6,-6.354982008999702e-8,-1.8389956947507907e-9,-8.374318911186271e-5,0.014215390938097948,-2.6594555228952153e-5,7.844676743916747e-8,-0.003681394361565506,8.878963526611888e-10,0.003321223820856259,5.229974863499843e-6,1.9908270184929793e-9,-0.0005498478135025145,-1.1283480637680265e-7,-4.7935255767788274e-9,0.005077801729505177,-4.763219015961258e-6,-6.752700563949281e-8,1.2111869407759885e-9,0.0031135620113030365,0.019546592254989656,1.5754757923563204e-8,-1.012444879074768e-6,-4.977771769196084e-6,-0.0005265378549089638,-3.088171586807357e-5,8.625501881600174e-5,7.36339018005283e-8,6.970144125633892e-10,-1.8950392209977055e-6,0.00533642207319447,-6.945215634256263e-11,0.051914544100364404,4.44265278425243e-6,0.0005167512594366602,9.279060733062857e-11,-2.3932151841768567e-5,-6.061664900873175e-10,8.184852747011013e-9,-0.001979428863344399,-0.02041732009455357,-0.00010862834805294979,3.6852188644185625e-7,3.236100164131646e-9,-0.0013807081373382476,0.0021534071721736564,-3.91028233170665e-11,-5.756248341855308e-8,-0.0008043373440906991,-2.9501970208759065e-9,0.017331229450050025,-6.047168785936634e-6,-0.01360802640934517,2.803315398481952e-7,1.3854807773002455e-5,0.09351452392673966,2.5371294802737095e-11,3.2095015080772774e-12,-0.00029047936108641826,-3.2444788783027064e-5,1.8392421882751048e-8,-0.002932397273744257,5.749009746657136e-10,-2.5570433425902686e-6,-4.319361379400253e-12,0.005440414667109215,-7.963891738748992e-9,-0.008236286269838371,-3.1096450983364816e-7,-0.00047418617217621575,-3.035715137161919e-10,-2.322996226643704e-8,1.571114876254486e-10,0.0006311798190031154,-2.5049485890868326e-9,0.001347418726209114,-1.652266714317211e-8,6.405617016293643e-8,-0.0034587095745211532,0.0008013278359000279,1.858320427887985e-10,5.868536143642968e-7,0.0001570885085315485,-9.474761399316865e-7,-0.012827688459027028,-2.1579381449240725e-12,-0.0006926026552396539,-0.001042942463379874,0.012269265526148578,-1.3920141077758619e-6,-5.831778561282937e-10,-3.3233183948302453e-10,-1.9246951958559285e-6,-0.016008588081846464,0.002900001305103267,-3.1695591668722563e-6,-1.898798411601533e-10,0.001870108331976415,2.543780114169662e-7,-0.004582428410733073,-0.0003415252717790547,-1.7299709919829373e-6,-0.016470738216063676,1.4931897265282103e-10,-4.277589480175935e-8,-3.194658919821886e-5,0.008147083777534685,4.229880686344058e-8,-0.012834567827509186,1.8317066755318844e-9,-0.0007865484899164624,-5.233513493415577e-11,-0.008449473201437512,0.0028877088358524945,-9.395100456306963e-9,-1.711153520352521e-5,5.734178506511867e-10,-3.4016938485133544e-11,-1.0751078905446762e-9,-0.0010407527478430785,1.5670701093925134e-11,1.2613351305879845e-12,-4.861591851523653e-5,-0.005775092477106865,-2.0960939851938117e-7,-1.521004251688948e-7,-1.8083634830385055e-8,-3.1664391496824894e-7,-0.004369882535103469,1.3524743343182783e-5,-3.064634169906514e-9,8.955476021421856e-9,2.02386250612937e-10,-0.002876421230195191,1.9814855162159174e-9,-5.843469017822401e-5,-4.49196446047976e-7,-0.01742670446407857,0.0001316587426821845,-3.3992090536967644e-11,4.825346830965568e-7,-2.488647855218433e-5,5.0542184268468955e-8,-0.0050207570445082806,-1.4488657521342909e-9,-1.7105991705507433e-6,0.0021907654763850593,-2.889350011113219e-9,-0.002615069765069212,-6.321938953434024e-12,-0.04597786484340481,-2.211028948284778e-7,-8.273954818550214e-6,0.000856036819869962,9.860307795025285e-9,5.586985347279325e-10,-3.243225622694424e-5,3.689537751136524e-5,1.229997759177483e-8,0.009697314439382461,-0.0007492979578022517,-2.1331873967772758e-5,-8.719720478440081e-5,1.3879388808862687e-11,0.03108042452332115,-0.00015728600800001192,4.00713103000127e-10,-8.943697415539033e-8,-6.984119514833855e-5,0.013209658046597152,-2.298259108295923e-8,-1.6692580486604886e-5,-0.0005412384993974502,0.06969247363401447,0.0002790682837784027,-5.721431393581334e-7,-6.733029965556171e-8,-5.013474460292317e-5,-0.006613940301386879,-1.150603814123653e-6,0.006474174151681261,0.0008799243340953611,-0.01783179638348022,1.2394223451150217e-8,1.1880432331588494e-7,4.339252521614847e-9,1.0897597429750608e-9,-0.000295724447885154,-6.607205601223856e-5,0.008465267913834168,1.081584860537994e-7,0.002603901773808901,5.1450278465056405e-9,-0.011117884401637973,4.329177663929064e-6,-0.0029769943657393222,5.405596208779507e-5,0.003488790478310972,-0.009765711693432226,-0.00035395344013882643,1.0747329674990393e-11,-0.00012687758633366298,-0.0016239763719128983,-3.64886463817998e-5,2.459450141400223e-8,4.339248996802658e-5,-1.6181587521520656e-6,1.6061829088935163e-10,-2.061646322833666e-5,-5.850986585684123e-6,0.00016077534096054362,-3.952764751581794e-7,-2.6271144346670057e-6,-4.565276000099683e-11,7.107161829702608e-11,-7.471368009243122e-6,-1.0164897415282746e-12,1.699290458476109e-11,0.0018279620635122714,0.019866495187544235,-0.010127014026384941,7.9364862701049e-12,-0.0017837301289673013,2.745119918324558e-11,-0.005910543969700812,-4.320033236009069e-9,-2.5103923957529546e-7,4.373363402222573e-11,-8.958629832643735e-6,0.001253764634800195,0.009242239837501188,-0.001253137756723134,1.1398732426747725e-5,-0.004067360536687678,-6.650123353636176e-9,0.0011278022012921427,0.0003304875930379733,-4.01960871625143e-7,-0.0018078974720391525,-0.04145425095978322,-0.000563884007110041,-2.2261083256780415e-11,0.00036747552140863174,4.786664192346883e-7,-1.1693421021125046e-6,0.034585088980558384,-1.1072976169215052e-7,-0.001441604786386635,-1.1813554346161605e-9,-0.00469624705174195,0.00648488730788624,0.017284683421760278,4.893349967624831e-10,-0.002178827791065525,7.858491762662854e-8,3.378058897663834e-11,0.01042013815418647,3.224512000531781e-10,-2.912636550560035e-7,7.046361092203289e-10,0.0009269109417339842,-0.005277704119868804,0.02696448269818287,1.5253189357213198e-5,0.002644382470514999,1.0431881606951776e-7,0.001451952270843904,2.103135587383634e-8,-0.01180657529325633,0.005075842403717453,-0.010487761058639286,-1.0160727299062116e-10,6.799259995361966e-11,4.0199322878131535e-9,-1.6840972415442978e-6,0.0002454844796378536,-1.6494037007250146e-8,-0.03594924085609331,-8.677583561758464e-11,0.00025056749197247376,-0.0005481318346571059,0.0023196607101911813,6.40376213659974e-10,0.0014798454753647515,7.403177377127032e-12,-1.5980089837413485e-6,1.507742337874996e-9,0.008480996810883504,-0.0046043127300522705,0.01594601314139388,1.8613565192790608e-10,0.005928785533460549,-0.01103579608299134,0.12181540230356674,-0.0002320004276350433,1.1053657351400104e-10,7.134302178912415e-8,3.820698648646841e-9,-0.02303149074247518,0.04879342074853389,0.0006652607660817728,-1.946141989186712e-7,0.11586427895872259,6.571597152273013e-12,6.621157067470129e-7,4.0057594742660986e-7,0.02202195868990109,9.501584244447402e-9,1.1519147259011164e-7,-0.013197067133617697,0.0027004188774060666,6.431632591594542e-6,6.123747190618758e-6,3.532061765136085e-6,7.021520520602789e-5,1.808498649612615e-8,1.7027288415904263e-9,-0.0020750105785399937,0.0036131036307437067,1.274683464582379e-9,7.324527909369028e-5,0.006983562282113436,5.778492112377579e-5,3.505965210781872e-7,-7.074944759707405e-5,-6.485316416398559e-9,3.5067670883153636e-7,-2.2397360132150313e-8,-2.2078346276666316e-7,-0.0012677149632929529,-1.7310605105719793e-6,4.861846730207013e-6,5.608860169825163e-10,7.090216736874e-11,-5.0325196132929596e-5,0.005083759652938927,-1.2093205190061894e-10,-1.568544989496452e-9,1.0942668152685169e-9,-1.6322946910118974e-8,9.340082310965565e-8,-0.008604492596660917,-0.004547406436690524,-1.8199630810141077e-7,8.612942490893154e-5,1.4857983333236884e-9,1.3301352797538033e-9,-8.347554520976974e-10,-7.498436804712458e-8,-3.2683104398936075e-5,2.366604031262318e-11,1.1164571456065388e-11,-0.0004482610425554524,-0.0021624081410575083,-0.0001331646224154973,3.6699347976653047e-6,4.853469229995772e-9,-1.998403711976865e-8,-1.937631693523427e-9,-3.984010376265001e-5,7.84010668941453e-11,-0.001300244459361873,-0.0019862762161772804,1.3708361707320121e-9,-5.2932328729935783e-5,1.1255409021849256e-8,-1.9149700063092166e-10,-4.070290452808571e-9,-0.0010853286800685674,-6.068849116338126e-9,0.00014324892437932017,-5.031317216264603e-5,6.116357319605782e-11,1.3410716657452075e-10,2.5554702274974523e-8,1.0834773413679696e-9,1.2350478143805225e-5,-0.012087121034661936,2.0762537075769704e-11,-0.02169530511782832,0.05982003958387482,-1.2642385564830815e-10,0.0009564268401119137,-4.990098905929532e-6,1.0067661068452524e-7,-1.2187851025904565e-7,0.005441469265854469,-0.0001340590971989419,-1.1367510479559388e-6,5.541600646103894e-10,-0.01937915243760371,0.06032215337991957,4.061660378671463e-11,0.0026994323980468822,2.2411722510539768e-8,0.0007488181218626843,-4.9404647146013215e-6,-4.9533288360747717e-5,-6.925878998275962e-9,-3.179857730983807e-10,-1.8059368997099867e-7,0.004049802091027987,0.0003237675604737242,4.921486125161681e-8,2.6754032375123106e-9,-3.5814423513626422e-9,0.0009587414753566325,-0.02566087171675408,-1.1809799323511368e-11,-4.797305972771101e-10,2.730274675560392e-7,-7.864896212567348e-11,-7.92114622872153e-9,-2.53679995224335e-6,8.38084458930543e-6,-1.6633889477409124e-7,2.778380886698458e-8,0.005293055419548565,8.431326520307745e-6,1.9551346691878296e-11,-0.0017988503767851494,3.7620015261319485e-7,-4.165201747899629e-6,-0.0005273400848446713,-0.0003588367116917967,1.8323840438501955e-10,3.657671719268584e-11,0.002518355435536551,0.0033864266585733635,-0.0003729793669123082,-1.4565352875748835e-6,-3.075864948603222e-9,-9.301086745862101e-10,-0.0012568933982674898,-0.0003393390835160613,0.008729347674463313,-0.00046412461663325667,0.0009970807748364554,9.042558394673376e-9,-0.004140253933028041,-2.40204594363581e-7,3.087640442389328e-6,-5.408218637132665e-5,-0.0069391534987534335,-4.2669770738560145e-7,7.08146433738125e-9,1.938631271389996e-7,-0.008582372458506982,-1.7662405674539216e-11,0.020198685862017386,-2.344294401989221e-9,-0.006850560781891335,-3.836868907689703e-9,1.2347092817928713e-11,-0.010081481978788321,-4.924367413600078e-6,0.00045407044529950766,0.0017675229101471054,-2.3957471720597016e-5,-9.457412649944279e-5,-6.266403431076388e-10,-0.021008854479620448,0.1391333002617419,-1.4874201671023077e-6,-0.00019475425485932996,0.009308695795229268,-4.917213779525317e-6,-6.090032904199051e-5,2.773387140367557e-8,-0.00012241258569482884,7.834240127153072e-10,4.5232989137041736e-7,0.013223689705930327,1.9248731069269093e-10,0.021602172086355682,0.00021027924963284376,-1.2954396296253352e-6,-3.295478997866998e-11,-4.0724893056833637e-10,0.1409419377463519,-0.0019500245648889243,-1.4118562722133299e-8,-2.0612711613378117e-12,9.324101404994685e-10,-4.113284297364273e-9,5.085450607847656e-8,0.005069625026565177,-1.417070469985709e-5,-0.036219287411663414,-2.1526724776255898e-12,-4.542895165899196e-5,-2.107977984402237e-8,-4.843780673206001e-7,0.010126736359225633,-6.378843390169603e-5,-1.3835949534176265e-9,3.3620912214378385e-7,-0.00034126322062782446,0.00014888658585227615,9.856346276811424e-9,0.0051648060496431265,-0.0011469312741287628,-6.69990575981913e-8,-1.3322425132632304e-6,4.170424236710582e-6,8.57736841993183e-8,7.51287853591263e-10,0.0010492920468312438,5.796962686956326e-7,0.0018441476109462872,-0.0034529589111641,8.12512096631396e-5,-0.0033241916125441398,-1.1077416528898133e-7,1.7205598725352107e-9,2.739887837298345e-10,0.002122322360214633,6.206180307058089e-5,0.0012533634558287887,-0.0007634542737845365,3.5177374081601027e-9,-1.2808420215767624e-5,3.115562724854081e-10,-1.1908716804550405e-8,5.404935012185137e-8,1.325756738527062e-9,0.009289602318830449,-3.38192183148482e-8,-0.0017181412910181365,-0.0006829573580644719,0.0030208850394782692,-1.482571187197458e-11,0.015421910286601255,1.1419227795418684e-5,0.003048607915939825,0.003946311507048685,0.003018187380870498,-2.0978945570517994e-6,-1.990333010472507e-6,-7.130880174714193e-11,2.2033926445792407e-11,1.1410902102785461e-11,-0.0012702880978566191,-1.355571128946995e-10,-0.00030348680123443633,0.0018827624264068042,-0.0012757742107124108,-0.0042034270373093345,5.850047447961319e-6,0.015885102962667322,1.0008107835953064e-11,-0.0001416576076290044,-0.005833248223986173,-1.2413652639904492e-5,0.006902782929954586,-0.0026335977123231012,0.010289182765346658,2.9427555140613625e-12,0.0009095327924297787,-7.262747777832434e-9,-1.8676124939997376e-5,-0.004192639621207217,6.141912491973434e-7,8.023525705880227e-9,3.684836976042635e-5,2.6823714952247594e-10,-5.75562865043079e-5,-0.026744148268069198,1.5072023304525355e-10,-7.304534530106647e-7,-1.6932570583114036e-6,0.0010153148635456007,-3.576648502810959e-6,-0.0023824349222580556,1.8484007729574824e-9,-5.516559717268773e-7,-0.0002405279380026358,-7.0055648203142094e-9,0.05419775277440375,-2.7240881257287115e-9,-0.00627242829532558,-0.020481104517231914,0.00012870042728780164,4.404517241099601e-10,-2.6850877255868626e-7,-8.71057731529789e-7,1.107569537479403e-6,0.002727659212375361,3.6190253161516456e-10,-2.6888516515435766e-11,-1.499935281366763e-5,0.0032646555825256844,2.016762539140891e-9,-8.706899600056654e-7,3.3869513282685492e-6,-0.0008861467682044866,-0.00021615342574821553,5.185282347992949e-10,1.473095353751688e-10,0.010845338639397009,-0.00013513500646541687,-4.23243580510159e-6,4.846463583052124e-9,-4.774738437141318e-6,0.009057027705168315,6.65467075013795e-7,5.957706908568636e-8,-1.1814814193779205e-8,-0.007774002299434144,-0.010564044890756377,-0.00018071385820861373,-0.0006763433250230578,0.00017753431036583245,0.0022382643243821364,1.9798041899207706e-9,7.928762575170711e-10,-0.003860985702413193,-6.244043232918724e-5,2.764172670494871e-11
0.0,0.0,0.0,0.0,0.0,0.0,0.0,0.0,0.0,0.0,0.0,0.0,0.0,0.0,0.0,0.0,0.0,0.0,0.0,0.0,0.0,0.0,0.0,0.0,0.0,0.0,0.0,0.0,0.0,0.0,0.0,0.0,0.0,0.0,0.0,0.0,0.0,0.0,0.0,0.0,0.0,0.0,0.0,0.0,0.0,0.0,0.0,0.0,0.0,0.0,0.0,0.0,0.0,0.0,0.0,0.0,0.0,0.0,0.0,0.0,0.0,0.0,0.0,0.0,0.0,0.0,0.0,0.0,0.0,0.0,0.0,0.0,0.0,0.0,0.0,0.0,0.0,0.0,0.0,0.0,0.0,0.0,0.0,0.0,0.0,0.0,0.0,0.0,0.0,0.0,0.0,0.0,0.0,0.0,0.0,0.0,0.0,0.0,0.0,0.0,0.0,0.0,0.0,0.0,0.0,0.0,0.0,0.0,0.0,0.0,0.0,0.0,0.0,0.0,0.0,0.0,0.0,0.0,0.0,0.0,0.0,0.0,0.0,0.0,0.0,0.0,0.0,0.0,0.0,0.0,0.0,0.0,0.0,0.0,0.0,0.0,0.0,0.0,0.0,0.0,0.0,0.0,0.0,0.0,0.0,0.0,0.0,0.0,0.0,0.0,0.0,0.0,0.0,0.0,0.0,0.0,0.0,0.0,0.0,0.0,0.0,0.0,0.0,0.0,0.0,0.0,0.0,0.0,0.0,0.0,0.0,0.0,0.0,0.0,0.196085902276705,3.3289062213431443e-7,0.00012467134151876243,5.5881246955585314e-11,-2.9757408502677877e-10,-0.005937153191545941,-6.820584630982931e-6,-1.324494899708717e-7,1.2649380538536077e-8,-0.00037709271960965424,0.010761677321994014,-2.4377219931607018e-5,2.0982268209199656e-7,0.0298848654670598,1.1028601883371336e-9,0.004333063147520642,-3.390531542498108e-6,-1.5482840536690673e-9,0.012453608366516971,1.0640868593579798e-6,-2.2625359350188108e-8,-0.0005481383148020126,6.724004068836479e-5,3.370818960314078e-7,2.3935621650489196e-9,-4.1751262871760736e-5,0.007246853513805472,-1.0771835923093319e-7,1.8802159420217468e-6,-0.0001187449838958658,-0.00010983171301008884,0.00014833059607383955,-0.0016394807246350477,-8.308381862870807e-8,2.1454429668503433e-9,2.9748901542989195e-5,0.012016921288057276,-2.0737016758069803e-10,0.03250186100315958,-4.219845564811841e-5,-2.6283090976948067e-5,-4.2008211054034896e-10,8.759532888948186e-5,8.781093454639726e-10,-3.530854632839641e-8,-0.0077979905362615684,0.07988412439521123,0.001585051248202031,-2.1104378072416083e-6,5.716004441993417e-9,-0.0016196158558749077,-2.4528918690411257e-5,8.32513176700681e-10,1.3453936878525976e-7,-0.0003482254857024455,-1.5278337412793742e-8,0.00012841295115756783,-1.8523476007203962e-5,0.012700770405817725,-1.1178351564214406e-6,-9.990716341903781e-5,0.01849186792121769,-1.525476410282333e-10,-7.37139923906474e-12,0.0035906689581225175,-0.0006433683265160921,1.3252189583501889e-8,-0.0037062482619891774,7.350733724910074e-9,1.041091604711289e-5,1.6157632866604187e-10,-8.586999506544759e-5,-1.9536652321128355e-8,0.0009171022366608822,-9.309040267000178e-7,0.00017569403175071415,6.631617658473194e-10,-1.3874335622219025e-7,5.398024462641969e-10,0.012531422624204808,-1.2945711401784908e-9,0.00418500692239737,5.35005770045544e-8,-1.5350804395943866e-7,0.01611089430986366,-0.0009056881293526461,-4.859192636366601e-9,3.0069591979744336e-7,0.00011836162283385266,-0.0003873592781958973,-0.0004645107295247426,-9.297521834118002e-12,0.0030229011004149105,-0.0060472763025530025,0.00871128125388439,1.468727461328049e-5,-4.8586943030185106e-8,1.4933336593682681e-9,-2.6720062603529513e-6,0.004509242993753793,0.0014367871069725826,1.1859410576819225e-5,-3.7613400244122563e-10,0.013936751352426106,-3.140662061309057e-5,0.001253673164166197,0.0004994800559750137,2.901073974113901e-6,0.11495639418459287,2.084337839577133e-10,-1.6914587201949776e-7,0.00011694966094818667,0.01594853875213332,7.950978571888162e-8,-0.004414017167460557,-2.8637193176052204e-8,0.0012469459275874512,5.027129840495589e-10,0.007074243936742065,0.017134586831562652,1.08634285430906e-7,-1.0005353188760771e-5,-7.599382612899345e-7,4.847363629638263e-9,4.351124484838845e-8,0.0002190485117993221,7.646370336316391e-11,8.397642583943426e-10,4.922610372039132e-5,-3.354248320223889e-5,3.4463381267912343e-7,-2.5840823924203266e-6,-2.1185644148597218e-7,-1.0404560235879198e-5,0.00654917797179,0.0015886661385564012,-1.941632693856247e-9,-2.5554023378395136e-7,-3.6402196142641904e-10,-0.00028980839190233303,1.152312581181695e-8,-0.0004679683906643633,5.312082258575723e-7,0.0431261061593261,-0.006024344720135915,-3.133471566027654e-10,1.2804911263646454e-6,-0.0001064797879527579,2.0372187536945372e-7,0.007297836390209761,-1.988105123874345e-9,-1.3310105137492374e-5,-0.0012686616241734294,-4.750950392630423e-8,0.006142892524844249,-3.365788106599291e-11,-0.03194274033430187,-2.2939890352031748e-7,1.1316572329918087e-5,0.0003861142079052666,-2.8824267826770626e-7,-5.8844681963639526e-9,7.781837883160861e-6,0.024869912166053866,6.624808673303791e-8,0.0008653503241087847,0.007322166896587,7.954022745802297e-5,0.00010994065856858073,6.129785084015984e-10,0.001673676084479906,0.00013659095535797106,-1.168772177348692e-9,5.181047210414297e-7,0.004246393700024173,0.0012468484487433468,-3.556725152163482e-8,0.00027732472595286213,0.025630267074670362,0.01736420804732031,-0.0007069646007283712,-1.5331922172642013e-6,3.3785376562554915e-7,-5.003474037737096e-5,0.00789927743996924,8.818607732233794e-6,-0.0019399490341985167,0.0073566352019212525,0.06704344709298438,-3.964712517316638e-9,3.041632098081618e-8,3.763794836882107e-9,-5.347747804844382e-9,-0.003244811310913388,-0.00013402627534074476,-0.00019496745219077467,-1.607724010977634e-6,-0.0035994791736717394,-7.189712652323307e-9,-0.020240117667955554,1.3843065149004348e-5,0.051173968527596765,0.03535537699790622,0.013412236769176276,0.00039307351855560944,0.0036081079001497643,-1.2954222734611004e-11,0.0005934259300760489,0.0005660298546010435,-6.593223938380443e-6,-9.264283257017594e-8,0.0003784348362927059,2.885813597132809e-6,8.840967403765331e-10,-7.115007761917353e-5,-0.00027823317052603884,-0.001261751289972055,6.781976684217744e-7,-1.7101254682403058e-6,1.4693046593728826e-10,6.553150519733376e-10,1.1837388440423693e-6,-5.387307097912414e-10,4.070579702286693e-11,3.877280562997558e-5,0.0007821142702125994,-0.0011510869767224474,2.3803123430224622e-11,0.014401628956694966,4.949974254571138e-10,-0.00026932830071464827,-1.0624852276017692e-7,-4.155903776151349e-5,-2.746936431359797e-10,4.46673946752846e-6,-0.000728230735210517,0.001156579039890932,5.339047596689083e-6,0.00041548360890304476,-0.00044424422027834504,-3.926920174054061e-8,0.008934091106848579,-0.007491899802868601,-1.0170654134249679e-5,0.042052260573411784,0.034007312131942816,0.003236445024773041,-1.5080266666745908e-10,-0.0006475732793585841,4.4758297442242627e-7,-5.909512469739314e-6,-0.013568740086648398,5.845146053524052e-7,-0.01930331949804999,-8.240922875636088e-9,0.00018040101250066504,-0.0019839557144430762,-0.034474590208492806,2.4074299662590077e-9,0.005642982181759084,-6.055309641219887e-8,2.922025686760578e-10,-0.0004371018808099424,7.654762706490674e-10,7.920390440471267e-7,-1.546398885680917e-9,-0.0010499771023057853,0.0003719746981895886,0.006215101197247168,5.836626852945965e-5,-0.0006854907344302698,-5.037417340781709e-7,-0.0010191490198238507,-7.40953291092477e-8,0.004845445868632263,0.07743793901854013,0.054476877742127096,-2.0895338954861686e-10,2.920797949810553e-10,-2.7993393459338164e-9,-1.3139224250150066e-6,0.0013439833412039524,4.037241686407463e-8,-0.0032142817902138573,6.258040098236449e-10,-0.008732579950674037,0.07967315855080206,-0.02731421956932291,-1.3732938452172722e-9,0.001090101528112504,1.4139167356305197e-9,1.0722283029519567e-5,3.79494763230919e-9,0.01173668477713003,-0.0006922481959755804,0.0005119694436649131,-6.578129989662964e-11,0.004810402956329093,0.010154299815258172,0.005036252097775339,0.005346634409648246,2.7071916060944326e-10,8.256023983838668e-7,-6.87020434114371e-8,0.0007559287969735233,0.005158366889795483,0.0010583849167997519,-4.437805376051064e-6,-0.010936605853429402,-2.2338973748220978e-11,3.617886371838707e-6,-3.3261856813164966e-5,-0.01330764087794888,-1.50064066149812e-8,2.430718094990358e-7,0.12066644002188731,0.0007319860585398925,-6.7121590658404125e-6,4.636485870242998e-5,-0.00022378429388549337,-0.0010522876042093191,-4.635879679621816e-8,-7.984681709673852e-9,0.001891061945905525,-0.012567538057396497,5.623004220856874e-9,-0.00015450532286811236,0.010523563356742559,-0.0005460870944369417,-9.159837825879063e-7,-6.516082823862216e-5,-4.4327412024857707e-8,-1.168457545754071e-7,1.686594213711009e-8,9.066827814921212e-7,-0.0007483260400729739,-6.490114038165719e-6,2.251756326381252e-5,-2.9861063721063975e-9,-1.422210523531435e-11,-0.00010947858536633579,0.002711261188898117,-1.275586845797783e-10,-1.0191115879822372e-8,1.6278837503548244e-9,-3.744136322863621e-8,-6.800844937415974e-7,-0.004064680795190797,0.0005998247020569385,-3.982827117407774e-8,-0.0012251653373626472,-1.6864488324173684e-7,-6.7380206740699116e-9,-4.835661214969392e-9,2.761319546205164e-7,-4.775151148264445e-5,1.7284106740641081e-10,-1.2184879537973421e-8,-0.0004973026056078161,0.000141954964488541,0.0012173062610782081,-6.10021388513748e-6,-3.902205914612076e-9,8.648747747479167e-7,-1.3348725750721659e-9,3.0989105506268074e-6,1.6936977712225295e-10,0.023685971952510425,0.015756906761286413,7.523827192882395e-11,7.61717475410941e-5,2.3974753851921127e-8,-2.8707140921571237e-10,1.687094759029063e-8,-0.0011517968504917249,-1.1995950811133214e-7,-0.0006278944608357375,0.0001970415072778398,1.6495232458142243e-9,1.1543926824548197e-9,-6.513232615698567e-8,-3.23116634404192e-9,-0.00010070790982539041,-0.0041043819317741455,1.3557207710012572e-10,0.008002277479145078,0.012241298604620084,-2.5146343311798634e-10,-0.0001710346551144853,-0.00012965044554138434,1.1822230036739478e-7,-2.056555145380856e-6,-0.0011377851298420224,-0.005289936641171507,-2.2571269233087705e-6,8.87327399689625e-10,-0.0034451875604135825,0.04241103475409036,-7.12474563799981e-10,0.04164768367282358,1.2387198768486805e-8,-0.0005315376623258654,4.132920886653055e-6,-1.2693454575726186e-5,3.1976228710449647e-8,3.5057468052627604e-8,-1.4132506051933356e-7,-0.0033111417214668577,0.001281025307259795,1.2560233586480376e-8,-7.490850424226065e-8,-1.6887625623987882e-8,-0.0016150896951061995,0.088141543682727,1.4808081938020778e-11,1.7203115970345922e-9,-1.633901514865471e-6,-1.2814193114408868e-10,-3.3051139162056213e-9,2.7093683179210103e-6,-6.083357657550229e-6,5.064386983120107e-7,-9.105152829010696e-7,0.06628623440872267,-7.902390591329385e-5,5.2679558114036485e-12,0.0003078192431925452,-2.7692436260342994e-5,2.918816868778631e-5,0.0024262645640054483,0.0022601808551891535,9.810480131828023e-10,-2.8767344168928744e-12,-1.5793943932997314e-5,0.0020463182253396047,-0.0011411981753693793,-1.4504637380953083e-5,-2.3560007598728772e-8,1.9770290628220717e-8,0.018761468062145785,0.00132511233396016,-0.0002620700053792366,0.003698030122041789,0.0402346384423428,-2.711692519627726e-9,0.0004354531935938762,2.9233248684025573e-8,-1.2048075351489734e-5,-3.505012264883388e-5,0.0017931358844163786,-1.902288038706147e-6,6.498754213331243e-8,-3.681398391097721e-7,0.002445699195347191,-1.281212888410231e-10,-0.032938181128901046,-2.0769635096032317e-8,0.010510043426942482,5.998502395762163e-9,2.795183826149676e-11,0.07289273748160519,1.2591394186337882e-5,-0.0011172055793944584,-0.0045284150556011895,0.00015931181030138573,1.2275284079984256e-5,-1.7148393759449574e-8,-0.0007076922608229279,0.0012079406916905787,-4.3415293882048405e-7,9.97555546546622e-5,-0.030891308615342714,-1.3744005375465788e-5,0.0423725141992974,5.62551869495977e-8,-0.00042042664787876393,3.4060393628977196e-9,4.383218193784818e-6,-0.0007944743996226764,1.2673094682076919e-9,0.008270946589260912,-0.0010992920418669097,-0.00015651957014523605,7.186432460854902e-10,2.840072391916589e-9,0.027769725325850852,-0.0024164370157403526,4.385818661230185e-8,-2.2433088180765243e-10,1.085936250348684e-8,1.2912058439326306e-7,-6.895000043994031e-7,0.006312525265664313,2.457576305655498e-6,0.03667928550180089,-3.22572560360409e-11,0.00015333739823653075,1.9147976198755015e-7,3.1130247601801056e-6,0.03459051963482138,-0.0004857989568406688,3.865408131882351e-8,4.402884140187382e-7,-0.00029177730623549286,-0.00019852843273427602,-1.2211465841809752e-8,0.005929743251095394,0.08022911054683655,3.2020483924729095e-7,1.3280377055810775e-7,-2.7582710110887705e-7,-2.805809699183462e-6,1.6218175752355415e-9,0.003135397534398935,2.1180914423966512e-7,8.457832231177692e-5,0.0027450617294206246,0.000279481011111188,0.007211375415850908,5.794486186823743e-7,7.054834704449813e-9,-2.3260283976775288e-10,-0.0018217493103927804,0.001520575645763047,0.0248557333514398,-0.0015834921699453797,4.7889333132145215e-9,-0.0001521988813713403,4.797070876904213e-10,1.771937306676178e-7,1.1210619362837487e-7,-7.167393032284593e-9,0.0498626071375378,1.46900648078231e-7,0.0012600000278274821,-0.00046871505044301015,0.017631483557273165,4.651673581424579e-10,0.00022632299791920172,4.466025366547145e-5,0.0016352637439298505,0.0028488822237679326,0.00031922057052660577,2.263473319630477e-6,5.835595958612161e-7,-4.354016207291833e-11,1.1589358967115009e-10,-1.8946964062711115e-10,0.013202910279247089,-2.3944101766021556e-10,-0.0002698628912986429,-0.009572470733482785,0.010352276598392083,0.0006421970503608017,-9.75173504125505e-5,0.025693152392867236,1.650378631614793e-11,0.0016270627162911432,0.048898475309544165,-0.00010918171766752688,0.011008329951742233,0.00845355398468753,-0.003592228200876941,9.600496076358507e-11,0.005753306284878509,2.5961548180277443e-7,-2.0024892852131896e-5,-0.0003420554278337361,-1.4362715059821302e-6,-4.2550145140024344e-8,-0.00030036151389141073,1.088081703860404e-9,0.00035663496138906524,0.13537147142266795,-1.2243614249028632e-7,2.0263034056031425e-5,-2.111728498945512e-6,0.006532970602490744,1.629419220739549e-5,0.0005973592619645803,-3.240273751356285e-9,-2.927412297454878e-6,-0.0006922067944929231,-1.3940946261164305e-8,0.020074999615254725,-1.8328325963781376e-8,0.00565967096769358,0.004847318055463483,0.00021496323272272107,2.1476853695378667e-8,-8.132642397440403e-7,-2.736485109899398e-6,-2.52005865229212e-6,0.001211277262738788,-1.0480175675161719e-7,3.272239108327152e-9,0.00024797626953272536,0.0073834128505496695,5.464880633570712e-9,1.5295450882591436e-6,-4.039495731463429e-5,0.0019032177728875784,0.0020512580412966725,2.408466134131179e-10,3.1737329919052305e-10,0.0025290687937734035,0.0009989373845317154,-2.4786216729572876e-5,5.484217979244758e-8,-3.420010085169715e-5,0.0036296828982350067,-3.027167988463735e-5,-2.2753083656162206e-7,-5.486364026682585e-8,-0.002857704816196681,0.06435969496164178,-0.0007729010806190971,0.010529914645240883,0.0030370124798857596,0.0018354548899688899,9.635489217389085e-9,2.655058083673525e-9,0.0015960267498610883,-0.00020645015618280657,-1.1261557276650718e-10
0.0,0.0,0.0,0.0,0.0,0.0,0.0,0.0,0.0,0.0,0.0,0.0,0.0,0.0,0.0,0.0,0.0,0.0,0.0,0.0,0.0,0.0,0.0,0.0,0.0,0.0,0.0,0.0,0.0,0.0,0.0,0.0,0.0,0.0,0.0,0.0,0.0,0.0,0.0,0.0,0.0,0.0,0.0,0.0,0.0,0.0,0.0,0.0,0.0,0.0,0.0,0.0,0.0,0.0,0.0,0.0,0.0,0.0,0.0,0.0,0.0,0.0,0.0,0.0,0.0,0.0,0.0,0.0,0.0,0.0,0.0,0.0,0.0,0.0,0.0,0.0,0.0,0.0,0.0,0.0,0.0,0.0,0.0,0.0,0.0,0.0,0.0,0.0,0.0,0.0,0.0,0.0,0.0,0.0,0.0,0.0,0.0,0.0,0.0,0.0,0.0,0.0,0.0,0.0,0.0,0.0,0.0,0.0,0.0,0.0,0.0,0.0,0.0,0.0,0.0,0.0,0.0,0.0,0.0,0.0,0.0,0.0,0.0,0.0,0.0,0.0,0.0,0.0,0.0,0.0,0.0,0.0,0.0,0.0,0.0,0.0,0.0,0.0,0.0,0.0,0.0,0.0,0.0,0.0,0.0,0.0,0.0,0.0,0.0,0.0,0.0,0.0,0.0,0.0,0.0,0.0,0.0,0.0,0.0,0.0,0.0,0.0,0.0,0.0,0.0,0.0,0.0,0.0,0.0,0.0,0.0,0.0,0.0,0.0,0.0,0.19451325600494887,-0.00015822082478098487,3.8934216146646665e-6,0.0006602734517577413,-1.5332044072217118e-8,0.00396225498408996,0.036908203485455,-0.007700115427694469,-3.7606213103205033e-6,1.2367192355677028e-7,0.00019967257959237965,-0.036979722206324124,1.1715880839639457e-6,-0.00016189445687307222,6.1401921045635186e-6,-0.0006484369031186696,0.00436697632844473,4.3888720073597495e-7,0.005646057623221466,-0.007120458356508567,-4.432351447977575e-9,4.6596112797574265e-5,0.053200145778514125,0.0007560864773672161,-6.53105597394879e-7,1.044610502337942e-8,-0.031863969110666676,0.002367360955807974,1.5070542630277998e-5,-1.5753376169321346e-5,0.000172639886312817,1.8447183327544565e-9,0.03438231840991366,0.0004752818010713307,-0.000125877907791275,-6.659476830171492e-7,-0.00010762003625853262,8.939630226904785e-9,-0.0005386681216085984,3.1420141072558384e-6,5.5989199033260795e-5,-1.543676457298115e-5,-0.0008607862394432821,-0.0005139767048538033,-8.975815899191816e-7,-1.7157143183603332e-7,1.7041378807985405e-5,0.009470063916220833,2.303624868201344e-5,9.200331486340756e-10,-3.1458281592220045e-9,0.00024700073363974904,-0.04146848860183843,2.237460908161974e-6,-0.004189110940253757,-1.7383840482603276e-8,0.0005115235479519547,4.2254310485581524e-8,-0.002615345614128314,-0.00010757677938056341,-1.1280727016155638e-7,6.975996546958447e-5,-6.705798972088667e-5,1.625786621809786e-5,8.780780432039129e-6,0.017517141199379412,-1.349207107711725e-8,0.003037309280935058,-0.0007533015073378831,0.0001002143365046135,-2.5433771375064322e-9,0.008025207503088326,1.7158233393365435e-8,0.009703509414103646,6.6424048555248585e-6,4.170668085016664e-6,0.003598830984637285,4.6727502400201826e-5,-2.0406845150432707e-6,0.0008901879598792419,2.2738463525645574e-7,0.012029543949941579,0.00037464652975755387,-2.1501999537036413e-7,2.634063151199381e-6,0.0001034296427331618,0.0015198091189111789,8.487861341617218e-5,-1.2413124991904643e-5,3.5846931446097405e-9,-7.849703297924857e-5,9.160423670954076e-10,-1.5214923069295384e-8,3.320263425432652e-7,-0.0015251590607690303,-0.010357267203431152,-0.0009626021919090936,-0.000373951544870281,5.001855313453574e-9,4.4568911460428844e-9,-0.0008081411870509304,3.748841980735386e-5,2.9640895109030358e-6,-0.0016385819170679705,-7.825059867483614e-8,-5.4412400682627485e-6,0.00273124066403682,-3.760403941116102e-8,0.00044152982157403273,-0.0013211036360329367,0.00010316125093557532,3.188378902242036e-8,0.05372193387277718,1.7741406296938234e-9,0.004926389863385274,1.3070466447169013e-6,6.463486060327954e-5,-6.729013890994259e-7,-2.8976678840397406e-8,0.05816381070342137,4.090288425903173e-5,-0.010287993125627698,-0.00015784462031629275,0.0060959149334663485,3.308434833957522e-10,1.2808932936854563e-5,-0.0007846161955249461,-3.570053241503637e-5,1.7854969956956895e-9,0.002280400017540519,-0.003220346108342101,0.008342261295116012,0.00030746938025699093,-5.48794444022916e-7,1.221693579988015e-5,-0.00392349411635619,-0.010736838601584335,0.0001250459259259553,3.4622098446054855e-9,0.0006751966636436282,3.3612738131043994e-6,0.00652805532020964,1.0426558543865428e-7,-6.184000662629662e-6,-1.1072628051777072e-5,0.005697247393824571,9.50059280881167e-5,-0.025739303180610698,2.908230776350878e-7,-0.00244046345091562,-0.0010276520914546004,7.875108569356076e-6,0.0021897851457586557,-4.1518545137052154e-8,-5.615716597701251e-5,-1.306499383873731e-7,-0.02101084733154685,0.0002597891978261142,-7.821802125910496e-10,-0.007693421543720307,-9.644124113061836e-5,-9.200062946772575e-5,1.3056481793691058e-8,-0.0028183885981915946,-2.471738396644874e-8,-1.5885213534118524e-6,0.00018082201806196864,-7.154367521963154e-6,0.00017889620976685355,-8.061848012556538e-8,-5.165407316494966e-6,-0.0003969152531908373,0.03762384807072034,5.626287853419736e-6,-6.181696193087264e-9,-0.027875453626193168,-3.608150246292665e-5,-1.2309083252624148e-6,-8.578398586182735e-8,1.686288174676277e-6,0.002674929981599944,-0.002626515466048891,-7.495170913303204e-7,-1.4041264407546217e-6,-0.0025442112049246877,-2.7436338471142274e-8,-8.211336803215504e-7,-1.2472397821097259e-7,0.047798799032257,0.10631037811528982,-0.002134758622086232,0.0019250335230300412,-1.3504010412872213e-6,2.3918914123796254e-5,-7.902422387997731e-9,-0.0010450845669484107,-1.881831728672433e-9,0.012921495613898737,1.3908990433380132e-7,0.0005044952793101112,-4.1368658301745585e-7,-4.6221387716579466e-8,6.628159184621523e-7,-1.4351376685613737e-9,1.218956205796761e-6,-1.2849684245776452e-5,-4.840005456044957e-10,-2.13868859494067e-9,2.2292177008755173e-5,-0.020532242641801687,3.53363802541609e-5,0.0003740335392356975,0.00021190500760820568,-5.972274506487616e-5,-5.399536129420936e-6,1.4508225467624692e-6,0.005972594258654984,0.00017595465608551995,4.820227162753673e-5,0.00024366714801209757,0.0002933793314698414,6.734327708668284e-5,-6.54648500623937e-6,-1.2414884883768884e-6,-3.800966072806744e-8,-3.7694424302604995e-9,-5.6385653971022846e-6,-2.2917591517910824e-7,1.883604504171142e-5,-1.9094335366060206e-9,0.00421682089315814,0.00033109908096845287,0.00011261399842793069,-6.397814974501194e-5,6.126124872841007e-10,-6.471357936002902e-9,-8.698943840822218e-10,-1.7908851043501107e-9,-1.5397049527661777e-9,-0.009534746414478306,-8.592522464292133e-7,7.430152393672493e-7,-0.0010357555243760783,2.538100092474118e-7,-9.843531747516654e-8,4.905337528700584e-6,-3.450484728133013e-5,6.787752041728346e-6,-0.0007877506113101593,0.0005248793360498507,-1.850630008960538e-8,-0.0018153432552426184,-1.1321659832441269e-6,-0.003876244066453521,9.556939450225106e-9,1.0128596757028038e-8,2.234297283947701e-7,-0.00037120558937954446,1.326531783066595e-7,0.06985869705198591,-6.187399812970795e-5,-7.044921579593913e-9,0.0003605876870908565,-0.0208439904493847,0.0019230153656432348,-1.2611549695662704e-6,-9.034483776691524e-10,3.060690008209063e-8,-0.0001089560081550359,3.978438029919607e-10,-0.005123112606247107,-2.4620646213027255e-9,-0.012844670950379734,-2.590390837302883e-8,3.5696238662445467e-7,2.524405167074856e-7,-0.00016047169796211167,1.450425764648999e-5,-0.0036162581454659134,0.0009798302120959162,1.1396972513720395e-5,0.007241094944646348,1.2868644883941005e-8,-0.0003172441997531139,-4.3906203642639436e-7,1.590432439984291e-7,1.357169054125705e-7,0.0107568522088088,2.752719355659975e-9,-0.0006247426955495882,-0.001261520481008574,0.0009653958942415621,-1.0072681288825142e-8,-2.076160933904888e-9,-7.460549229736485e-9,0.00037639972322441484,-2.244963992929227e-8,-2.602516941900974e-8,-1.2787564576636585e-8,2.9206875817790475e-7,0.00016199607644695377,0.008895923597692838,-0.013605417426896861,-2.9483085849824176e-8,-6.534624873502355e-8,2.816804993390442e-9,-0.0004707137641551361,-3.4041321023853096e-8,-9.536383279899185e-6,0.0034725306442163393,0.00031490583527375693,1.1168334220184312e-8,0.01109383293924312,-0.008325613019557697,-9.350707320814407e-8,-2.2891707715530976e-8,-0.0010563900578435279,0.000703811157210815,-0.0001136218463293742,-2.0801415288173575e-7,0.012600941290106303,0.000979018958430887,3.876986589556755e-9,5.099903162742677e-7,0.0013459498820442544,0.00013777011643978517,-3.3833952612914846e-7,-6.57227513100855e-5,-0.006692082428292755,2.1436197103540144e-5,-0.007954501494620507,-0.0064189421051178445,0.03929967934562751,0.009046936508743551,9.095419405949399e-10,0.0014901781838398149,2.1411813911102028e-5,0.0009407467264117865,5.582858969210863e-5,-5.3987518605660216e-5,3.212748828662078e-10,-0.0001855703391316724,-0.0014773147055363728,-0.0002458357567259271,0.005459497174134625,-0.0040076548010764875,-1.8884130357391967e-8,5.14543316311278e-7,-0.018382855777468836,-1.8804961333018908e-5,0.008456718041960786,0.0021481667030577084,-0.00025303031067618276,0.003471613003095377,3.765923281613488e-5,3.907714899752234e-5,-0.0008312188548654238,-1.6124812665177414e-5,5.987695431440414e-9,6.164476116292104e-7,0.00047028812534457854,0.009746142119549047,0.02886936788527483,0.0028117272190763525,6.113174160728045e-5,-3.253798802976282e-5,1.974531212501391e-6,1.783093876637235e-6,-0.006073690095883691,-0.0002959004048436098,-0.00044782074752620807,-0.0003047102861980885,0.0009888939981789382,5.582614016956768e-9,-0.0053958612156618695,-2.124105557132055e-5,3.732512868477618e-5,-0.0006760746239540679,-0.0005423497869393466,0.011396589044050312,0.0010391978784493683,-0.00011090348940751376,4.94238945779352e-9,4.037082965322853e-5,-5.582514388076661e-9,6.248332572570974e-8,0.00032788854453499763,1.0100094071751257e-8,6.983901970395432e-5,-0.009698275969636763,0.00894854949859834,1.126757091327542e-9,3.585872871582199e-7,0.0012828651504375706,-2.388972975224626e-5,-1.4516241507479733e-8,-1.7269241475523193e-8,0.0003267939856975974,7.6095366407803e-8,0.002380093369678651,2.6019607742662483e-6,0.00014955827691472292,8.203772296491028e-6,0.011652271064097653,0.008912244891871,0.011325874828385755,-1.627842113941848e-7,3.7456564282577516e-6,0.07209933595099051,-0.023439508670389925,0.001269659978392066,-6.515411939213246e-10,9.406502037649512e-8,-4.450212718647379e-5,-0.0011447785587109475,-0.0003331386410251782,-0.00011972370313993054,-0.02487453791293221,0.003717712157949335,-0.0010581634462833757,0.01379978731879258,-0.004791974772926936,4.964956783670195e-8,-4.107107029159845e-5,-0.00010058145235723337,5.668669055328235e-10,-0.0009662946025177453,-7.212170508376482e-5,-3.9704644787255104e-6,6.256503727983895e-6,0.0001476741707608616,0.00010805201117288465,-2.4322766725576256e-9,4.927104302723139e-9,2.8531746840410814e-9,-0.0017124268492993107,-0.004023896841375533,0.006422469261615819,1.318158984593847e-6,7.331003264470005e-6,-5.559552400788252e-10,4.7658627267312995e-6,-1.4542011000823786e-7,0.012064513008918218,1.54844511752221e-9,0.007311404014537812,0.00014056786754111593,-0.00017969813463317695,-3.313876442057464e-7,-0.0032124540686960623,0.056134547726805664,0.010744670259894026,-2.3523855125830618e-8,-4.536954171987766e-5,2.832916930146012e-7,-0.0018030928744162985,9.862129202041017e-8,-0.007251722452594758,3.369814413940828e-5,1.9558802990649994e-8,-0.0007370607612301163,-1.8753880768335973e-6,-5.275148109818809e-8,6.680732143488551e-6,1.3729709943321103e-5,-0.003950299493359487,1.6026263180878647e-8,-9.511305279376507e-8,0.006061989062258585,3.6576653756336937e-6,-2.1162879063778368e-8,3.0143750360976163e-5,8.687425051899364e-7,0.07182774507738829,-3.0212097459304645e-6,0.0011436307502327603,-0.0002861632302031686,-2.346944990731532e-9,0.0003181227005363002,-5.405959245515396e-8,-4.5333918011049383e-10,1.6413138185767676e-5,7.066332282249595e-5,-0.0015641397190249754,-2.4415036303632442e-8,-9.140687353969457e-8,-0.016637000679754595,-0.000760214101942971,0.0025609110629425825,0.0321013932412229,0.0006048563843039819,8.227083294575244e-8,-7.675511726063155e-5,-1.8834733415040407e-7,5.8547132265996224e-5,7.082701070056576e-5,0.004527510941140925,0.004431673540824279,-6.867050415917336e-9,9.399490200122284e-6,0.010810502127910761,0.0018599084481361822,-3.0275403012746664e-7,1.9651057351204093e-5,0.0059725859488095724,3.7444652987856444e-10,1.3622899674890596e-7,0.05335543413313276,0.00247232706958176,-0.0014840731994677156,-0.0035183980104071945,0.0004224333713237787,3.242066586321867e-6,0.0025848988796081307,-2.7211397984374863e-9,3.6218256172841436e-8,-9.830592993077792e-7,-2.0160278764397868e-8,0.012034883063784606,0.0010980763217245785,0.00034037937095508054,-1.283019326418996e-7,1.4899318612857278e-5,-2.0102133626997805e-7,4.8758065600517835e-9,-0.0006511765862439676,-5.797184525446754e-5,0.00045766217104238854,0.045417282139638,-0.00820014675835972,7.322124299706669e-5,2.5621031438972236e-7,0.019184005161462403,-1.3643047857090234e-6,2.9579988551262736e-6,-3.27970073944633e-7,0.00013246906580603152,-2.8805000516355304e-8,0.000762236043522997,9.938391605186165e-6,-3.776658503367167e-8,-2.1664130929745036e-8,0.0026616650366101295,-0.0013258460546953232,-0.00011923429860631928,4.530208330471267e-5,2.0173467359562907e-5,9.378129952212333e-7,-0.00045978668054052563,-1.915615222291862e-5,2.093240477731099e-7,-9.95523421226485e-7,4.279871007479984e-9,-4.4779115579962816e-5,-8.796123621546602e-8,3.082033458369346e-6,1.0319719200070528e-5,-1.1851865595393103e-8,-9.392738466924682e-5,-1.867252162005664e-8,-2.992857450793411e-8,3.5115974010204093e-8,-1.3495592545812507e-5,1.493598387588051e-6,0.10476414102499093,2.9949293372354944e-5,2.495874444812466e-10,0.006058287632827729,0.00036983274040481076,-2.1402599204881776e-6,5.719432370722002e-5,1.0003115599925957e-5,-1.3753945524258873e-7,-0.010095505538168374,-0.00031546842883993867,0.0040855109334421566,-3.265770274194069e-7,-0.0016876190944509779,4.751240665420346e-9,0.002886247217908192,0.002183521406824046,4.854157426411229e-6,-0.04522161692920596,-9.903650947458728e-9,-0.005735922195089496,-3.539594132210254e-8,9.449282156049963e-9,-4.158844680845909e-10,7.607930175780647e-5,0.00011429750433728951,0.00043752160802734566,0.0011176499971490197,-8.55069410152045e-9,0.007598043442698106,0.0004231960811263541,2.5114719611353633e-5,-1.7226741838577096e-7,0.0011465408816157226,-0.002035493806532701,-0.001120032546954899,2.6056864797221524e-6,3.841557985726921e-6,0.0013366149967623138,0.0002877888717119886,-3.451668634930127e-7,3.5657779151670936e-6,-5.282011827225293e-5,-0.0177815608867323,0.00014687476598519616,4.446411663522247e-7,-0.0003664522338169624,7.838446239303169e-5,-0.0058463202878381625,1.5767537519892134e-8,-1.1738953686033676e-7,-4.409742386477483e-6,1.9462121135822554e-6,-1.320026455368404e-6,3.7624036076151715e-6,0.0015763433289091773,0.0005872023714864907,1.6606248592346153e-9,2.789842778163863e-5,6.451801475025467e-5
0.0,0.0,0.0,0.0,0.0,0.0,0.0,0.0,0.0,0.0,0.0,0.0,0.0,0.0,0.0,0.0,0.0,0.0,0.0,0.0,0.0,0.0,0.0,0.0,0.0,0.0,0.0,0.0,0.0,0.0,0.0,0.0,0.0,0.0,0.0,0.0,0.0,0.0,0.0,0.0,0.0,0.0,0.0,0.0,0.0,0.0,0.0,0.0,0.0,0.0,0.0,0.0,0.0,0.0,0.0,0.0,0.0,0.0,0.0,0.0,0.0,0.0,0.0,0.0,0.0,0.0,0.0,0.0,0.0,0.0,0.0,0.0,0.0,0.0,0.0,0.0,0.0,0.0,0.0,0.0,0.0,0.0,0.0,0.0,0.0,0.0,0.0,0.0,0.0,0.0,0.0,0.0,0.0,0.0,0.0,0.0,0.0,0.0,0.0,0.0,0.0,0.0,0.0,0.0,0.0,0.0,0.0,0.0,0.0,0.0,0.0,0.0,0.0,0.0,0.0,0.0,0.0,0.0,0.0,0.0,0.0,0.0,0.0,0.0,0.0,0.0,0.0,0.0,0.0,0.0,0.0,0.0,0.0,0.0,0.0,0.0,0.0,0.0,0.0,0.0,0.0,0.0,0.0,0.0,0.0,0.0,0.0,0.0,0.0,0.0,0.0,0.0,0.0,0.0,0.0,0.0,0.0,0.0,0.0,0.0,0.0,0.0,0.0,0.0,0.0,0.0,0.0,0.0,0.0,0.0,0.0,0.0,0.0,0.0,0.0,0.0,0.19390811205645944,-1.678781826317115e-7,-2.079030792420533e-8,-2.597616630162371e-6,0.00395331847454201,0.00033483023501473406,-3.743784362998466e-5,-0.00437878785949563,-0.00012117793531063769,0.019841307146869318,-0.000262743331543214,0.00043083127632941736,-2.553830701280767e-6,0.0008026721609110422,-0.007773692977056365,5.599129410572566e-6,0.00020410864722808443,0.0011616038341546828,-3.060295453647113e-6,5.078075978947484e-6,0.042717072174524896,0.0005049684829602417,-1.9052228040969346e-6,-8.179181442146616e-5,2.098433712854114e-5,-0.00010332710066335582,0.0002041377760792885,-0.03058997461165286,0.009736540244302112,0.0790406695735122,9.46760093590443e-8,7.639931258075597e-5,3.4482313005550105e-7,0.0038662798673689334,0.0003894406715990894,2.9257000677324866e-8,-3.4975585437120504e-5,-0.012697178798357139,-0.007960523912405947,4.527601290584135e-7,0.004296538038133007,-1.030709605865344e-6,-1.1967241957657807e-5,-3.2981236162396816e-5,-2.605898384790012e-5,0.0018766153730061165,-0.000702624923774979,-4.700390224494354e-6,-4.789694098521501e-7,-3.9041232240276424e-7,1.1025279764142706e-6,5.3699613213408195e-5,-0.0009702383918723162,-1.1180410482760348e-5,9.702573203355108e-6,0.02590651090400503,-7.093018751518253e-5,-0.002092359432233516,-0.0030971783085303084,3.7329362031963064e-5,3.622098761409355e-8,-1.7256685714717036e-7,-0.0011132416205591798,0.014476609936031668,-9.204294555147712e-6,5.975671175012958e-6,7.935784888902729e-7,0.014330580378414445,-9.070672821961357e-8,1.0177448616278816e-6,2.2836984274785194e-5,-4.201865380231156e-6,8.021534173323161e-5,-0.0011226529179065986,-1.3974420120516354e-6,-8.082369907995921e-5,2.1103325272478703e-7,-0.00014395615242016505,5.936777879314063e-6,-4.813671226695918e-5,9.13924307528923e-5,-5.633696873311178e-5,0.0003722109075570573,-0.012627910469977022,1.0801861624970311e-5,0.0011733315646271561,-0.037331696372700174,-0.03430849035299646,1.73944123693787e-6,-8.842024460856632e-9,-6.779827482058374e-6,2.089960482944979e-5,-0.0003475421410712143,0.017235333995667804,-8.499757840096319e-6,-1.3937135013663772e-6,-0.001297002388499351,-1.4727035869453417e-5,-1.3801817801502314e-6,0.016610439936835003,4.6403945717280394e-7,0.0006324102753144351,-0.019969582141235023,1.683720579912115e-5,0.0033617107466012543,0.0025261024358467776,1.1852550202260125e-5,-2.521833798950116e-7,0.00019244651931184963,0.002470087189714668,7.538865096833225e-6,-1.1813508296712187e-5,9.422179733619711e-7,-9.1347191163917e-6,0.0026508861679913833,4.5250540152512037e-7,0.0007563736702896354,1.028032418910757e-6,0.00010471068731595566,0.013599136752239229,-3.6346909476441844e-5,3.2459580211031254e-6,2.0394740684091363e-5,4.471561238377391e-7,7.352956926645359e-8,-3.751626291915463e-7,0.06645728438721249,-4.973483873757059e-7,0.004740142263296549,0.0003082466174960557,-3.977261332201095e-5,0.003198404881150098,0.0007715654731895505,-0.0018107256177280853,1.1516352264724187e-5,-0.00013364467797560045,1.6598876723445183e-7,-3.067096237482067e-7,-1.1107462445098647e-7,-3.147168112124449e-5,-0.0009577794073217106,3.707618576376781e-5,0.00026513389611523017,1.453596424426214e-7,0.0013980434949837383,-0.02033501981775691,-0.00034557805585991693,0.000483902077601434,2.0395362965743147e-6,-0.004927332655355097,-0.0007640932551789409,-8.23506311267122e-6,2.567230009708155e-6,2.318880533457292e-8,5.212383827490367e-6,0.00035659791843962286,0.005603048705763793,8.126479808285702e-7,-0.0001110296835801073,1.8883750344445543e-6,-0.0014012304938208838,1.6069167802342495e-5,2.4822373245881695e-5,6.437533364090643e-6,0.0005673105401493816,0.11349788941711876,0.00031681074072841133,1.2493021065185892e-6,-5.073721117233111e-7,0.0062990097558322505,-1.7880760996965276e-6,0.0007709999103106944,0.0023689135059334885,1.088045978111571e-7,8.558436388752472e-6,0.054904742728043354,0.00044962904468350066,1.735400582380001e-5,-0.0017944827945050041,-0.0023328069438767088,-0.0003970915650835784,0.02081369215171673,0.0002510123049551639,0.0031980009967205003,1.2245710729426083e-5,0.0003665696556280785,5.118689637253985e-6,-7.8278412690333e-6,-0.00013491418599847446,-9.687233026562074e-6,2.5184885753025617e-6,0.00031890067453678846,0.012039814440736976,3.554350571329759e-6,-0.0005763271202309676,-5.769869604640568e-6,-9.319083040127964e-6,-9.565509559964368e-5,0.03127631480935226,0.0001781369151319762,-3.064571345543803e-5,0.0005315567767012164,-1.8416016050023199e-6,-0.00031442574113717785,3.580271320675573e-7,3.051299950477292e-6,-4.566513485328675e-8,0.04321722911670928,-0.00011829876124540032,-0.006277002510111907,0.0034065047209977848,8.246472350027259e-7,0.009327997218170712,-0.053624557879195074,-0.005630826358836113,0.0007207197858349807,0.007192606614936802,-8.612876057253144e-8,7.869371074425232e-7,0.0009885123390515511,-3.172612229099647e-7,2.154096474928591e-8,0.0005382270599762004,2.6504280801936075e-5,-3.0425385698166137e-7,-7.591510985964327e-9,3.5384426965857505e-5,4.0135557162066584e-7,1.5294908145398836e-6,6.98424279921258e-6,0.012791215275397729,3.0608087467227575e-7,0.017093952834683207,-1.3760879820700213e-7,1.4227462354493828e-6,2.626082301015715e-7,7.827012432397575e-7,1.6685595645905275e-6,-2.8715580416235157e-6,-0.000740224047040317,-0.00019418159434537663,0.0003294784977492931,6.592669927855817e-5,2.7528333866417688e-5,0.0019824559426283705,9.608874089908457e-8,-0.006699561290638499,-0.00023959684726310867,0.0001843371968945603,3.751375820091257e-5,0.0001942662173382436,-0.00018823534815830628,3.854580722622349e-6,-1.616339930901366e-6,-1.6572540442205546e-6,-0.00016553374763552658,7.616046503247069e-7,-1.4081603344010208e-5,-0.0003160563781734355,-9.060846475693891e-8,2.4011207824142893e-6,-2.3781729511758083e-7,0.0007555328727682803,1.01240962517691e-6,-0.0011765376867266181,-7.174049684632689e-6,-5.682131726257345e-6,0.002980915482291088,3.4095961538109054e-7,-0.0011986105209408602,7.988951951761225e-8,-9.206085713758573e-5,-4.083432408363951e-6,-8.295119791261648e-5,4.8168578511920846e-5,3.74275890130265e-8,2.506679938346254e-8,-1.675418739836853e-5,0.0018046061532442164,-0.00042965728718199933,8.407026855437293e-5,-4.1518091512859664e-6,-6.543749992733098e-7,-0.0002768022720748681,-0.00012644941848643915,-0.00015674147822173528,-3.92819404224824e-6,-4.666697229719497e-7,-5.717588312827885e-7,0.0004382063015566485,-2.6879742282188518e-6,-5.7485931535140435e-6,1.3417732451251805e-6,5.151770958838224e-6,-7.238238069541058e-7,-4.172553076787087e-6,-8.074505203580517e-6,2.440928887928095e-6,0.00015988314227827777,4.597055654874761e-7,0.00047855188765343347,1.1194868877073572e-6,4.293886327183258e-6,1.2791406113992458e-5,-8.467475947302915e-7,-0.0008177871203630646,7.251765872176687e-6,-8.183721486754077e-8,0.0017929020339833316,-0.03321309222597855,-1.8653686423641556e-5,-7.667309535164894e-6,4.649916867510759e-6,1.966716502849172e-5,-0.00019622174425323438,-0.01084811107045638,-0.004718637949369192,-0.03298887183835574,0.003977868284534668,1.5125687312268872e-6,-7.861965774114155e-6,-1.0855573409010689e-6,-0.0002008631318319718,-1.0771924881996146e-8,-0.03650602441812558,0.0001449964629515225,0.0038003961365940106,-0.0024140753558052654,-0.012725523617467512,-7.725849000837875e-6,-0.0003947109851769711,0.0002942902494386161,-7.065325681309076e-5,1.4551514347390988e-6,0.0037812065985704094,0.00031161503272690116,-2.4679010580546357e-6,2.7368325016365215e-7,0.10415789582122068,3.0139334761057956e-7,-8.900583195631778e-8,-1.0113668192841016e-6,3.465731429667389e-7,2.9810463512883644e-5,-0.001296618994356013,-3.5153683631622004e-6,-0.00010144114084035788,0.00013060193729943137,0.0005528842018249929,1.766736105664837e-5,4.272757091233283e-6,1.2364614405302928e-6,0.0002716455206936801,-0.011171133995176162,-2.618166604054103e-7,1.9698815398108477e-6,0.004633115284429124,3.2300556354764386e-6,0.000571488099872856,0.005542934185782227,-2.152034049707765e-6,0.0004329562085341494,-2.2789805510532847e-6,0.05273780723541885,-4.2970731093802576e-7,-6.658461445197308e-5,0.00020315959646736797,-4.516022454758488e-6,0.148478796232982,1.5112550982390464e-5,1.1204472173147652e-6,1.869784740359047e-5,-3.0338363295528683e-7,-6.638967505639443e-5,-0.008960203930891723,0.001554944198762344,5.661677203102007e-7,-1.1044960830980945e-6,4.465580126087477e-6,1.4357423638544366e-6,-0.010150098883932932,5.295132628867323e-6,5.383919577044407e-8,2.2586458452264293e-6,-1.1630811745077642e-5,3.8068304861773984e-7,-2.1411838394488884e-6,-0.015721180863288976,-0.00026376682167558025,-3.485636652088177e-5,1.3126901494511182e-6,0.00016314515023428428,0.003443765244530848,-1.7669892681101319e-6,2.3185749661202246e-6,-4.57161581079968e-5,-3.944770429651731e-8,-3.6132895745261767e-6,-1.2033145685709817e-5,-0.006140373117401942,-0.0061343392136588735,0.12838406431543103,0.000581843622105975,1.8001531281948816e-5,9.048941351887376e-5,-0.0013521720226003738,-0.002834017355402941,-2.980540813603027e-6,-4.5193962400518415e-5,-4.81452685298944e-6,-4.094565210175244e-7,6.653872253370408e-5,9.404718347625425e-8,-1.538242424853091e-6,-0.0010426687687976229,-1.5824228830721295e-7,7.664255175902028e-6,0.0040720455082537965,-0.008848713933014148,0.0007346173963760406,-0.0008951610026001718,-5.232815664760435e-5,-0.02603181704808077,-2.2131399953923472e-7,-3.56117888712069e-10,-0.010863946273675094,0.0013210728616747313,0.001395783940963865,0.0023057152486033973,-1.0672954965318532e-7,-1.823029966822208e-8,6.343880212708432e-7,-3.05340572474167e-6,-2.593977579574235e-7,-0.010105567207532591,-1.917408488907472e-5,1.1610799544629483e-5,0.00037718812853987203,0.002002504686293393,5.988776831733281e-7,0.00028700657832524514,3.550481817462723e-5,1.974916329116089e-5,-1.1329410510361653e-6,0.00035553164282923865,-0.015682491273470697,0.06202658950805496,0.0001133976990857014,0.0001526194101961485,3.0447825711027637e-5,-0.00025919851888679186,-4.2486644531492415e-6,6.963642938123225e-8,-8.33676582943295e-5,-2.0543488564880127e-6,0.0004549447103601608,-2.4368226421613956e-5,1.5543254089701508e-8,5.532391237572707e-6,0.019612730360314988,4.23383667898186e-5,-7.556861527017143e-5,0.0017066485089430252,0.015379749650130172,-3.3901296692308896e-6,-5.3669388490505365e-6,1.1633253559392938e-5,0.0006658032533496374,0.0009971168499530731,3.5138515327673344e-5,0.004887696184224973,-6.306628728545039e-5,3.958053635625181e-5,-0.003272113537471348,-4.4454649611098756e-8,0.0020267304897812082,2.6068250510124744e-6,7.911902527281384e-7,4.1174554804361485e-7,-6.74642108012644e-7,0.03472442959272912,3.167516047404428e-7,4.029670206681973e-6,-1.0479689660589044e-5,8.072561396149988e-5,-0.0002859897756108044,-9.082754746410748e-7,2.323146315175976e-6,8.229640148804421e-5,0.0026135996055988557,-1.0647863836251606e-5,-0.003247095748420854,-1.9723897432481373e-5,2.425724618499389e-8,0.0037654851630309597,0.00023706558601278022,0.0009888956300790335,-1.3315947677305005e-5,-0.012956508909901463,2.2777845938920417e-5,0.0004460618311919564,0.0024653612885846875,-0.016587876293399903,-2.4487885327197683e-5,-6.041421890483243e-6,-9.810601176414132e-6,0.000406261998518051,0.0013967986068430575,-0.00044660168322872634,-0.0023474672672521625,-1.7260200389244633e-6,0.00015649520468647668,0.0021090017788638776,9.306181665278334e-8,-2.9614799702777097e-5,0.012005797937009817,1.5760175662080552e-6,0.0006037033371367741,-6.302647768689543e-7,1.0206430660632613e-7,-0.0014323728373720646,-0.0007583554380748138,-2.8274146918765606e-5,-7.64807494199467e-8,-5.897872002669789e-6,-0.021174697461925664,9.987912090227276e-7,1.7550762598641776e-5,-5.531644315988302e-6,2.2671064929065448e-6,-0.00023761610990299362,0.00016067123843551805,0.0008846037167149804,-0.005404055359089166,9.077952282080426e-5,6.144912456378185e-7,2.798634477322923e-5,-0.017257679259518134,6.842030345295563e-5,8.595276081630549e-6,4.696992616201607e-6,0.0026095346548695377,-0.0021418039731316424,-1.5058014778347778e-7,4.3163925310603886e-8,9.074713269974404e-8,0.0003068369776356834,-2.3471390833978028e-7,0.008618463102928436,-6.724802927870162e-5,0.000409929859877966,-3.3173518663526616e-6,0.001280996043796695,4.415179781488951e-5,2.0682507244060046e-8,0.0009117165719897582,0.0003325259457483026,-0.010292292718762659,6.155940982670896e-6,-4.593943697727701e-6,-1.0152695881457078e-5,-1.0975572068397594e-7,0.0007673249409709262,0.0002624448812423226,0.03974674921924072,1.3687836013806727e-6,-0.0010085901417922595,6.110887111695773e-6,0.0004929099649567429,-2.705848551235998e-7,0.0023607706925440723,1.0135386420423856e-5,-3.459101218476582e-5,0.0001043227960317246,0.0025658768381642467,-8.767134482485561e-6,0.010296194234300735,-1.1782859121525897e-6,7.335534599557748e-6,-0.00013785128492356088,-0.002251212891756875,-0.00012937200022569587,-1.2042941089278333e-5,-2.645420034678228e-7,8.157855750870122e-7,-1.7309569451759296e-5,1.514939780386275e-6,6.196128758300906e-6,2.3022365997219084e-5,0.001864607465739934,-0.0047759912561251665,1.2140196939199778e-6,-7.1668450991521965e-6,2.210836634351114e-6,0.023594969292418937,-3.3500040997630374e-5,-2.8188845082727594e-6,-0.002257218229036216,-0.022643062936541804,0.0028026852981950907,0.0018418096027630483,1.043083896824357e-6,-2.3734609047040435e-7,8.416642632516181e-5,0.00048341350641793306,-0.001192270960000712,8.580733174449111e-6,0.0032293378161481314,-0.0002885181785876838,-0.0033755232604360708,-4.753305939275135e-5,3.082812780227543e-5,-3.817695480178942e-6,-2.293049370967615e-5,0.00018898388863628382,-4.827101956152985e-5,-0.00022669580035604236,-3.869950001456221e-5,-7.681033557307293e-7,3.5317293117650395e-7,-3.460678873332021e-6,-0.0037312736568760295,4.5466666574086545e-8
0.0,0.0,0.0,0.0,0.0,0.0,0.0,0.0,0.0,0.0,0.0,0.0,0.0,0.0,0.0,0.0,0.0,0.0,0.0,0.0,0.0,0.0,0.0,0.0,0.0,0.0,0.0,0.0,0.0,0.0,0.0,0.0,0.0,0.0,0.0,0.0,0.0,0.0,0.0,0.0,0.0,0.0,0.0,0.0,0.0,0.0,0.0,0.0,0.0,0.0,0.0,0.0,0.0,0.0,0.0,0.0,0.0,0.0,0.0,0.0,0.0,0.0,0.0,0.0,0.0,0.0,0.0,0.0,0.0,0.0,0.0,0.0,0.0,0.0,0.0,0.0,0.0,0.0,0.0,0.0,0.0,0.0,0.0,0.0,0.0,0.0,0.0,0.0,0.0,0.0,0.0,0.0,0.0,0.0,0.0,0.0,0.0,0.0,0.0,0.0,0.0,0.0,0.0,0.0,0.0,0.0,0.0,0.0,0.0,0.0,0.0,0.0,0.0,0.0,0.0,0.0,0.0,0.0,0.0,0.0,0.0,0.0,0.0,0.0,0.0,0.0,0.0,0.0,0.0,0.0,0.0,0.0,0.0,0.0,0.0,0.0,0.0,0.0,0.0,0.0,0.0,0.0,0.0,0.0,0.0,0.0,0.0,0.0,0.0,0.0,0.0,0.0,0.0,0.0,0.0,0.0,0.0,0.0,0.0,0.0,0.0,0.0,0.0,0.0,0.0,0.0,0.0,0.0,0.0,0.0,0.0,0.0,0.0,0.0,0.0,0.0,0.0,0.19363691559448484,-0.006553590930690701,-1.5583227889053203e-11,1.998801393313639e-6,1.3205566819478828e-5,0.0008301794897760158,-1.755096027253249e-8,-8.387797062805676e-10,8.002609834594459e-8,-1.640687035978853e-5,2.0973570791770323e-9,-0.0018670065942562573,4.023945823815003e-9,-1.1883375017112327e-6,-0.004514615502037382,5.688462649490648e-10,-1.942160359696657e-6,-0.00043506266018412504,1.1366321600813953e-11,4.36466327628791e-8,3.376387964220206e-5,-0.0002009362348546759,3.1957766468048447e-10,5.851090760200883e-12,-3.8408425923207086e-5,2.4420258209639008e-6,-3.261764709414318e-8,2.75263675067163e-8,2.4851016555236327e-7,-7.914532682730769e-13,-0.00013454783991757624,-0.014079995861024788,-2.166647039056675e-7,-1.0815274776106165e-11,0.04132833917795738,-6.710292772552646e-11,-3.5680852817177927e-7,-2.548367561576309e-8,-0.01048856433410287,3.8605716308497715e-8,0.006779505244270106,-0.0002057130207811608,-6.359261613387461e-10,-2.7587500101230833e-12,1.7170962017409604e-8,-7.860471068307123e-7,-0.001749636817008986,-7.595728355428627e-13,1.4408015169962207e-12,0.0006398165452033604,4.7643403637211814e-5,-9.313880276892132e-10,0.0015639323141722148,3.921556376435201e-12,-1.0479695394186907e-7,-1.3091662056542648e-10,2.38262725147736e-6,-1.2902085697905823e-7,-2.25006638503554e-12,-0.036231324380641396,-0.029331182069120307,4.471893178590606e-9,2.053072036828008e-8,-9.266685107098907e-5,-2.7483212342548615e-11,0.005306598003106521,5.7020857745415724e-8,0.08133515974446412,1.6152173373922166e-12,-0.00015073472145316693,-4.029418680981603e-13,1.5585297207723507e-5,1.2126984404725155e-8,0.0013003938725737881,5.2395903981574386e-5,-0.05852534336149632,-6.046266384446911e-10,0.0021451462006111116,9.229014755995317e-11,-5.15730864809963e-6,-2.5345884510826526e-5,-8.532642932247406e-10,-5.008462334960288e-9,-0.002673722747491598,-1.7285501733311082e-6,-4.319133050853161e-8,-1.9160931896342633e-8,6.78931136435225e-12,-0.03530035500151592,-3.527111003383093e-13,-4.822858163211043e-11,-1.166370825531247e-10,-8.560756628500613e-7,0.00014257460110638122,0.014215996618595803,4.492584015630059e-7,-3.657671048291974e-11,6.656441747197938e-14,-1.0787553315460254e-6,0.001866737418535567,9.839098783701852e-11,-1.8790912265173392e-7,-6.203425052988146e-12,3.5632621379411756e-9,4.274294546981928e-6,1.694959519719777e-11,0.01249356774338257,4.269534439145883e-7,7.122363900680773e-8,-2.517383449871157e-11,-8.90910751444207e-5,1.08125966864272e-11,0.00036779316211590376,-2.29386423191424e-9,0.015331266618488267,1.7899092455328217e-10,-2.4950318609000428e-11,3.59007013429293e-5,1.8758971555367981e-7,3.345944790191717e-6,0.000571662052041166,7.98539401464543e-5,1.3605871565712293e-12,-0.033941368090769884,-0.005053346854100335,4.150327756936542e-8,-4.5492091013669705e-12,6.451774253829127e-7,-6.65835330526301e-6,0.00011754374574474192,-4.86871407587015e-7,3.873114888684331e-9,3.704433693280618e-10,-0.001216299218136445,-3.520426157544103e-6,-0.022548850127759104,-3.475333834486551e-12,-0.00029466795981934334,-1.3541005639327412e-9,5.32457496294634e-6,4.8759650075323286e-11,-3.157608151963714e-9,-0.019654419383117086,-4.412139810879544e-6,-4.454326063052086e-9,2.122187767716213e-5,2.0860551262365762e-10,0.0014671073374066832,3.659794922071138e-7,-2.766023098844144e-9,-4.7385717766716927e-5,-1.5161425090166184e-11,-0.03581223300480522,8.627294522812383e-11,8.25700553880038e-6,2.922323820385301e-7,1.9178257069420754e-12,-2.7121855846226947e-5,-0.0032527817331415116,1.3217978037306108e-7,-5.6898226661295895e-11,-6.580193956884971e-5,6.051055710180666e-13,6.613588547284156e-10,-1.161138145983763e-7,-5.246819414934307e-9,-0.020321733673573365,1.1538449283197872e-11,1.605952992315392e-8,-0.007999255147754857,1.0818440999372711e-6,2.8610936008088966e-9,1.241494208375799e-11,7.991131358139009e-5,-3.16167218058172e-8,-7.981698531517133e-10,2.362761071388082e-11,-2.0428435998620547e-9,1.2592972921873792e-6,2.6480561554687113e-5,3.6382953418646634e-8,6.842700635117398e-10,-4.910467093414916e-7,-2.7864186737916893e-12,-1.2299241739676372e-10,-9.128694946431939e-11,7.02717280055868e-6,6.248413092695381e-6,-0.0007232748649755564,-0.001997531743811572,5.805682079203493e-9,3.654209025982763e-8,3.6099834184256443e-12,-1.042205236878001e-6,7.247569480124449e-12,0.00026731538611854736,-5.984472646881707e-11,-4.953670386669297e-7,-8.396311359221929e-10,-3.1203998645788163e-11,1.6528618548012433e-9,1.3656644812383474e-14,-2.388364114023028e-9,-0.06444587158458408,-4.941662251877888e-13,8.180730992794329e-13,1.451503152132294e-7,-3.616816609843954e-5,1.1178246862856383e-8,1.4777499515851218e-6,-0.02264033717475813,4.959934064485593e-8,-1.8190532219355908e-8,-1.5599567872422603e-9,4.331149501056283e-6,-6.393765969636557e-7,0.09095527297487381,-0.004668814417146414,1.713118833083622e-7,0.0012542508014067985,-0.041761925800711634,6.074763663881079e-10,-2.9768785291991726e-11,-8.654863110935467e-12,-0.0008761301104023025,2.753095293719509e-10,-0.02124631184641342,9.925124384254374e-13,4.530744260626062e-5,-3.693526402591749e-7,-0.015716149477141773,-1.6120831040199305e-8,4.1936186920789734e-13,2.524263845273221e-12,-1.3736492450348194e-12,2.2314540354027672e-12,-2.8050710065491346e-13,-0.0002936236107176734,-4.7085661181307184e-11,7.958276404695227e-10,-1.2992749100774388e-6,-1.7959932797942965e-11,1.9321591863242966e-10,1.0345334141616044e-8,-0.006898539450555595,-2.4515852029675404e-8,-2.019615006288555e-6,1.7274220309001947e-6,5.507222743897383e-11,2.258445218039788e-5,-2.0753573260520042e-10,-0.0014159338725870437,4.810377141282756e-13,4.080550838443175e-12,-1.1043137663988547e-9,-0.005400881708228248,5.933749924275914e-11,2.615755598484411e-5,-0.0004301570774260863,1.703346318954178e-12,0.005193256748060957,-1.6096712215037046e-6,-0.0037027569533183364,-5.995759150909697e-9,-2.029473705548339e-11,-5.227917152231957e-11,-2.6392981100274405e-8,1.2429251236168167e-12,-1.0934940312688676e-6,-1.0754182406417348e-12,-0.00011996397438544495,-4.636734988011843e-11,4.13782288418297e-12,1.0046812340705441e-10,0.038684547763003736,-0.06524475497520499,-6.462803241909943e-5,-3.0604713582194304e-7,5.63707375166374e-9,6.300356443053038e-6,2.318599005324232e-11,0.025173303834428153,1.5942813929167869e-9,-1.0897780010760357e-10,2.5961693696261703e-10,8.193921804219319e-5,-1.3312063833670325e-12,-0.003741059671228267,-2.1377912792060184e-7,0.0010520614139220555,3.5763712443277135e-12,2.6466987181877364e-12,1.1998066426429383e-11,-0.0018365695485400256,-3.0277367759465175e-12,-4.192845331722547e-11,4.610575111351095e-11,3.9562491545013385e-10,-0.02305042006399168,-4.250427130039442e-6,6.114112993488145e-5,1.2779307689784758e-12,1.6032862095588193e-11,2.947089619271428e-13,4.898009595067354e-7,1.1266979527666896e-11,-0.0014925735905113398,-2.5479856899941546e-6,1.1855208902268295e-7,-4.28500595503859e-11,-5.912093299973657e-5,-4.2399566106381124e-5,-4.1620244988097136e-11,-2.74385374127132e-10,-1.930739942602029e-6,-5.080097570105429e-7,7.040933747822302e-8,1.2173642745704451e-8,-0.0001222293969145262,-0.0008006933553058829,3.6612763797426946e-13,1.5177767410263254e-10,0.00019228877995766235,-6.143232662226686e-9,-4.142266463223893e-11,-2.1418332716197555e-8,-1.4549734092547645e-6,-7.355411019944377e-9,0.00021819977902505874,-6.441589220961741e-6,2.0804546654619374e-5,5.5441912099700645e-6,-1.0611999746732404e-12,-1.243069612662149e-7,2.874538871843365e-8,-0.0006969200133830379,-0.04708247618456998,-2.350007887053007e-9,-9.256936318306605e-12,0.08300441804784632,0.00012390108772454062,-0.0006747465167372994,7.305302226516719e-5,2.900577097209278e-6,-2.4860551163813882e-11,-5.919033797265696e-11,1.5184244882241225e-5,-1.184016926717495e-8,-7.082829511653724e-5,-0.0013203624861335022,0.0006600635436261019,4.720156811489926e-5,-1.0664421170595315e-8,0.018541455426737474,-0.0003552146742006206,8.290842158559974e-9,1.1770053031030715e-11,3.3888524405839437e-9,-5.909978665306817e-7,0.0002458683818329451,3.2735934630258912e-6,0.0008116008105121895,6.522678399762138e-8,-0.0023687609876232776,2.1359627879562494e-10,1.9251810938861182e-10,-0.0010750109802218901,-8.844447653423867e-9,-0.00045027244063768404,-0.010152721148426733,0.00022693922210724197,1.406843313592089e-12,4.016086008297334e-5,-3.560343706750761e-8,3.210287029864784e-8,0.00011488805985194975,-0.0004987283952695257,1.3786378192006508e-5,-0.004340460053999762,-1.989412051777458e-7,-2.594925203920415e-11,-0.03598357395766772,-6.500402167835675e-11,-6.709908372980804e-11,0.012439839955749305,-2.3420978244904376e-12,7.68120479856996e-8,2.280612096685731e-6,-1.4538410713463307e-7,2.27520672415967e-12,7.955022721307747e-10,1.6238114148011017e-7,-0.002615555762071228,-3.042464415495363e-12,-1.0241718568158853e-10,-0.0028030282807508604,-5.994339550914693e-11,-4.507862759340029e-6,-1.3948922096959706e-8,-1.0953245892394873e-8,1.7472638926513285e-8,-5.547090887601461e-6,7.685551911323812e-5,2.835082477585332e-5,-5.154428181281188e-10,-5.2722292522817375e-9,-6.201739182435962e-5,1.8043106928560038e-5,0.0001252375214862611,3.2884452177305547e-13,2.204111307907782e-10,-0.01655832002356156,0.005331423096656569,-7.914053720651953e-7,0.14031835292620037,-7.23154595034726e-6,3.851684355609126e-6,-1.292794531766679e-6,4.3679808878116026e-6,4.192973068818732e-7,-2.2642750057205693e-10,-6.427829742026704e-8,-0.028189987822355926,-5.041473780618097e-13,-1.8033941398531208e-7,-1.3688490075719978e-8,1.26708565394525e-9,2.3035349712435666e-9,-0.004088011778607355,-0.0040797330995480455,1.24104778053517e-12,-1.0777894226808229e-11,1.373604350234751e-12,5.114986476624012e-7,0.0009588674978024924,9.84063867813137e-5,-5.62400215399415e-11,7.64308442945209e-9,4.973903579141894e-13,3.822726904336448e-9,-5.345962377331355e-10,-8.352051882093729e-5,-2.2787639096365714e-12,9.682358181451417e-6,4.807442309374928e-8,3.385979928097038e-8,6.703136171868458e-11,-1.8287403789016237e-6,2.5302956220663556e-5,4.8179775151117755e-6,-1.3601518000524907e-11,-0.016699913973964337,-6.595488742449326e-10,-2.262159064430781e-6,3.9529126487423147e-10,0.0013709619785177835,0.008245688658011834,1.014465155423812e-10,-5.904055395692944e-7,-5.227887664383798e-10,6.853835873757316e-10,4.289338124867786e-8,3.3009637459695735e-8,-0.0005701179117645367,-1.5161934476493105e-11,6.404412967402465e-11,5.942430407348959e-6,-2.078280045652715e-11,1.81689643465836e-11,7.724712561872915e-8,-3.893078438461792e-10,2.278078253074688e-5,3.881102701771202e-9,0.0013586771468947058,-1.8881290906167244e-7,1.4177823255577501e-12,-0.00909656757980981,-2.0126629444710322e-11,7.869011592583597e-13,-5.921142574428695e-9,0.011948262640329886,-0.0016817901087231098,-1.7373386348462987e-11,1.8681355584873637e-11,2.384058073939955e-5,-0.0014793851838922764,0.0023772845800107607,-1.060057012354232e-5,1.1484981277704298e-6,4.707621988304588e-11,1.4274851778030046e-7,6.6080033699851994e-12,0.0002678461566868682,6.814867720385811e-8,-3.3642823002252754e-5,2.91922236578573e-6,-3.9047539633930734e-11,1.5666261525892823e-8,2.8267460132458562e-5,-2.243077055665193e-6,2.1347209072500173e-8,-2.9766166801650103e-8,0.00013205090764565762,2.036002090093884e-11,-4.430120854685395e-11,4.8402248711101635e-5,3.3205628515990946e-6,-1.7541810309922733e-6,-1.4010429950380735e-8,-0.0010240487322113673,-4.700821421268355e-10,-1.6328872790116653e-6,1.3672118135138965e-12,-7.192437843567789e-12,3.512515634435439e-9,-8.346755955926176e-13,1.1970522761409628e-6,-8.0999793246867e-5,-0.013812449946012226,-4.275801701552061e-10,7.655351975297296e-9,-8.712870212660944e-10,9.87738563531903e-13,-0.0009039939973074956,1.1562594220472011e-8,-0.0288227345333605,1.4574895831556132e-5,-5.340990498704722e-5,-0.0010586592014495005,-2.024142049607176e-11,5.361838984810718e-5,3.827040112683633e-9,-2.924972600902643e-9,-1.8252662913482558e-10,-6.183688399629718e-6,-3.09820383597968e-11,-1.0582220582557294e-7,1.6485891521498895e-9,-2.3515076857238706e-12,-4.664611989113836e-12,2.828333754446684e-6,-2.0412597549800752e-7,0.031472468354933,-0.02179100303574537,-0.03125726311631998,1.0265726416348922e-9,0.0012734707200014882,1.4857266909871e-8,1.4887117897580004e-10,-1.2899737708615068e-9,-2.660944586340924e-12,-4.9063102243919436e-8,-2.495842673704351e-11,-0.024297934214305258,1.1671713026469788e-8,-4.088984661891023e-10,-5.48320459192438e-8,-1.0267292482591628e-11,-2.955700748210147e-11,1.2302207048609225e-11,0.0025615032466882494,1.4426865100545049e-9,2.8777130873444354e-5,5.811564855854786e-8,-4.576075311808476e-12,-5.806527806549817e-6,-0.00016495883639365837,-1.0777718305838999e-8,-0.0028312484847003005,1.1494413849294899e-8,-6.495485180124114e-11,-2.8443466507070944e-5,-3.9049310846235267e-7,2.480181454031073e-6,-1.8244427056411548e-10,-6.368181278881739e-7,-1.6195099455790646e-12,-0.004174901843565773,4.413470889986494e-7,6.167177635955885e-9,-2.88846102807569e-6,-1.8606850786204985e-11,-0.00010335054120885607,-2.4337689989022778e-11,-2.577773969210996e-11,-1.1401201640221006e-14,0.00013558287832365093,8.599173654220756e-6,1.24603959373983e-6,7.335532929872515e-8,-2.368342186299056e-12,7.360402306352491e-5,0.00025150825240563714,7.276845356970541e-8,-2.81295865225243e-10,-0.0010008588187162843,4.757594297869349e-7,-4.2759247461401896e-7,8.691306481942207e-10,3.0265332911996775e-10,-0.0024324088879626566,0.007129581157174134,-4.9089063718177625e-11,9.012803767518257e-9,4.7473913141319216e-8,1.0503245629633128e-5,-7.06131613635109e-8,8.221900204308679e-11,-4.935158996353038e-7,-5.142097737455425e-5,2.451810359077437e-7,1.029981868182279e-11,5.255845330132335e-12,-3.2577676880386355e-9,5.605861072246076e-10,-2.616519462254903e-9,-5.848109843219472e-11,0.0007870173952364539,-0.007624687111324539,-3.265919624172955e-12,-6.7338711093389175e-9,-0.024759503433312003
0.0,0.0,0.0,0.0,0.0,0.0,0.0,0.0,0.0,0.0,0.0,0.0,0.0,0.0,0.0,0.0,0.0,0.0,0.0,0.0,0.0,0.0,0.0,0.0,0.0,0.0,0.0,0.0,0.0,0.0,0.0,0.0,0.0,0.0,0.0,0.0,0.0,0.0,0.0,0.0,0.0,0.0,0.0,0.0,0.0,0.0,0.0,0.0,0.0,0.0,0.0,0.0,0.0,0.0,0.0,0.0,0.0,0.0,0.0,0.0,0.0,0.0,0.0,0.0,0.0,0.0,0.0,0.0,0.0,0.0,0.0,0.0,0.0,0.0,0.0,0.0,0.0,0.0,0.0,0.0,0.0,0.0,0.0,0.0,0.0,0.0,0.0,0.0,0.0,0.0,0.0,0.0,0.0,0.0,0.0,0.0,0.0,0.0,0.0,0.0,0.0,0.0,0.0,0.0,0.0,0.0,0.0,0.0,0.0,0.0,0.0,0.0,0.0,0.0,0.0,0.0,0.0,0.0,0.0,0.0,0.0,0.0,0.0,0.0,0.0,0.0,0.0,0.0,0.0,0.0,0.0,0.0,0.0,0.0,0.0,0.0,0.0,0.0,0.0,0.0,0.0,0.0,0.0,0.0,0.0,0.0,0.0,0.0,0.0,0.0,0.0,0.0,0.0,0.0,0.0,0.0,0.0,0.0,0.0,0.0,0.0,0.0,0.0,0.0,0.0,0.0,0.0,0.0,0.0,0.0,0.0,0.0,0.0,0.0,0.0,0.0,0.0,0.0,0.19214966667444633,2.3490399579762573e-11,-3.5204883256368416e-6,-0.00016159594718088914,0.001569183495332264,1.447977872856875e-7,1.5993718497278536e-9,-8.92007498369467e-8,0.00044901326302862,-4.452239740124051e-9,0.017480555124109332,-5.940997793577483e-9,-2.673666302377819e-6,0.018965260249948053,-1.2118163112602586e-9,-3.3157084574455716e-5,-0.00456758259606332,-1.684534342584845e-11,4.146651390517689e-7,-5.2172477312393245e-5,0.05027071396404597,7.39353349337893e-9,2.1739201462867176e-10,-0.0017204676647436827,2.37815348777629e-5,2.2291014848398392e-7,-3.1594034293511735e-8,-1.7106597567974488e-6,-1.3805217812082539e-11,0.0003897691299804617,0.08483681981096906,-1.6332766409153083e-6,1.46472086126527e-9,0.004592974304657715,1.6524210019816548e-10,1.6707134293383527e-6,3.633650597269671e-8,0.004627350199931415,-5.197719942329547e-7,-0.03327247137683977,0.0014720095928415489,-2.207708383900332e-9,-1.8591487755757983e-10,-4.6197335397977945e-8,-3.86916600738113e-5,0.0005104320442082883,-4.54583962452391e-12,3.6049681127235785e-12,0.03558915628390841,-0.00018723838913800703,-4.152540690139564e-9,-0.004188608584344187,7.047303296769536e-11,-9.115015094746e-7,3.8250729176801665e-10,-3.9591383536998006e-5,-6.739622051730762e-8,3.7717372195389044e-10,0.008675033965471451,-0.01845894936048783,-6.911950798050031e-8,-1.351108240941674e-7,0.0031189664247934855,1.7679223972538598e-10,0.019351196989716424,-4.7224055949323136e-6,0.02565832725021408,-4.2190306271705134e-12,0.0009191230405698246,-9.329703845684993e-12,-9.664970353605739e-5,-4.008967387511857e-8,0.006249423204131724,0.0002689118352374479,0.03470099309328721,7.5377477293368e-9,0.01980325141078135,-5.302227797534149e-10,-0.00023801131762292706,0.00011447187958144629,4.2033413541081555e-11,4.296772414793517e-8,-0.002737117296573887,-1.1024287305008273e-5,-1.2859350200319812e-8,1.0274396798309681e-7,-9.284404112426932e-12,-0.0056268222297476194,3.088941830656895e-11,4.072833128181816e-10,-2.2906507215296655e-10,2.9305616935422665e-6,-0.0008867539296125847,-0.06365524018014906,-4.916039176757799e-6,4.2269795222722094e-11,-3.871738681010296e-12,-1.6196090463727493e-6,0.027196581965202606,4.2498116748997655e-9,5.40952165751998e-6,-2.54105538604519e-10,6.861067253806867e-8,-1.0936723650425954e-5,-1.027306697168379e-9,-0.01074441063827906,-2.1016375070200633e-5,-5.385295142999898e-7,6.338121875309644e-11,0.0006150261209284203,-3.5441925598640544e-11,0.002052672681625555,-1.0951403980133201e-8,-0.012047036466614681,-1.0565128753578916e-10,9.074588069732398e-11,-0.0003575964076240659,-1.0970247943934368e-6,-2.244249985666522e-5,-0.002932773080202688,-0.002079340616579786,-8.635232049890343e-12,0.0005959209252972956,0.000506163989216844,2.9599171237552465e-7,1.7863152296479048e-11,-1.1291618302712199e-5,-2.0129229382227283e-5,-6.51408231705099e-5,-1.66118186314527e-6,3.773496368028213e-9,-5.86059768023944e-8,-0.015472769777492623,-0.00014167425634878196,0.04053232383139621,1.1934389127037035e-12,0.001061807898243001,-6.548075412832128e-10,-3.3281074351593786e-5,6.578833742258878e-10,3.0332763153716434e-8,0.023299070710372637,-1.5318973986364663e-5,-1.2813415505438103e-7,2.496077936263877e-5,-6.319613870333092e-10,-0.009871809180188726,5.384293117441886e-7,-6.343071453456902e-10,-0.0007000731002515335,1.3307957465473653e-10,-0.014537655042364966,-3.2466377927932306e-10,4.09599594982629e-5,-2.1551491009591993e-6,9.18886825936003e-12,0.0005531283575383118,0.0027569019265282235,-1.1559781396861026e-7,-5.413229194434005e-10,-0.0009686917377183468,7.746501316656944e-11,1.0571346780196233e-8,-7.802140986570752e-7,5.67698693386183e-8,0.02227840054434383,-1.94126126613372e-10,-6.502794504899481e-8,-0.02487795716010096,-8.785636899124124e-5,-7.92175227128525e-9,-5.938541856457629e-11,-0.0005544857846523034,4.8458785981331786e-8,3.6455127243766497e-9,1.09773143448297e-10,2.8984303006674296e-8,1.7923820383180256e-6,7.475904806021373e-5,-1.2689301276412855e-7,-4.014889090834372e-9,4.125768544832852e-6,-3.171445860885392e-11,1.454328001143779e-9,5.898276669592249e-11,0.0005625364188266048,-0.00018680425915419755,-0.004648937334741909,0.007875429561245982,6.497588910147745e-10,-3.339382084080083e-8,1.1711968897742298e-11,-1.7979797898160176e-5,-4.715443857067762e-12,0.0024269758355634735,1.2335051976380916e-10,6.19281821102368e-7,-2.2171227296689423e-10,3.058865820612381e-10,1.95610416279699e-9,-1.4869035648639876e-12,-5.134061526789704e-9,-0.007677161797966562,4.426874187294386e-12,-3.2552209533798205e-12,-7.94035128872935e-7,-0.0006980494585662145,-2.2792651106431092e-7,-4.208750068284459e-6,0.07128725396122783,-4.460464454034461e-7,1.0276745750557222e-7,1.5480663098696054e-8,-3.533818548486081e-5,-3.1099773474758872e-6,0.005825360597318026,0.03949405165909096,-2.188251251426639e-7,-0.0029031204545756704,-0.0015233499313928955,3.284545427057566e-9,4.056524587251659e-10,-4.818384692379325e-12,-0.0034447132589700705,8.671965461089973e-11,-0.01403105212787151,7.398400495396237e-12,-0.0002940440985648235,-3.281882699687275e-7,0.017705061453701924,-3.9367510388891474e-7,-1.9724047348183215e-12,1.633828134008824e-11,6.649973105265269e-12,-7.69602507754845e-12,1.3075541842631932e-11,-0.0012633032614003227,5.80336656513918e-9,-3.232866332488348e-9,1.5714886554321928e-5,5.693337993808783e-11,-1.4909418454123925e-10,-1.0469413621162111e-8,0.02016088927330835,2.1659930369588345e-8,-3.8928137639726016e-5,-3.1041678861757793e-6,-1.3511342142815482e-11,-0.00015697207983047298,-1.6169084722988445e-9,-0.01097754226740375,-5.169233452483793e-12,-5.6301242717173587e-11,1.3957927172036211e-9,-0.030476889674806242,-2.4496403797046176e-10,-0.00016129351171964378,0.011644133409191801,1.6294877748355777e-11,0.0023818971746238987,3.3014410403413243e-6,0.021858403605034063,-5.004423122499161e-9,-6.469892775612846e-11,8.812507814044082e-12,-6.95369938619569e-8,-3.609154054283142e-12,2.536700319397517e-6,-8.394522173321786e-12,-0.0011486164566182535,1.565113167672607e-10,4.7505161995646e-10,8.998801217785287e-10,-0.04491280592276673,0.02027234867791895,-0.00241758458514397,-4.05207358746066e-6,-2.465058159507717e-8,0.00014253011661670493,-8.183701409285965e-11,-0.05959378524940055,-3.2840326190105305e-11,6.087011447805479e-10,-6.062797185139102e-10,0.003356121057252451,-5.374248411744886e-12,-0.00773161179558168,2.463166604952004e-7,0.03073163977582867,8.288298986045174e-11,-2.2798454036655774e-12,-2.5498938237413777e-11,0.0706546541607555,5.178493479564209e-11,1.0017953203932599e-10,-6.982227920454548e-11,-5.665348643634373e-10,-0.030011970838417935,-2.5505807060633296e-5,-0.0008629720806743713,9.110711301576303e-11,7.72085917817749e-12,-4.541231097554153e-12,-6.5368956907589935e-6,4.843035180817364e-11,0.00929666317178253,-6.908575425294306e-6,-2.8002376828197737e-7,-1.2767673613059188e-10,0.002589839179465325,0.0001020591534902771,5.864301912527282e-10,8.597165335240243e-10,2.505371862981609e-6,-1.5494257623202214e-6,4.636044859538048e-7,-3.471893801787865e-8,0.0007392420849865438,-0.0014359695023631915,1.4512454813523728e-11,-1.224738949930919e-9,0.020071114325678884,-4.0604261561804864e-8,5.15275522660884e-10,2.090542857777662e-7,-2.931308476623959e-6,-3.250917939945294e-8,-0.0003669301319061818,-1.0510925622904608e-6,-0.00022698380705084837,-4.838694052473647e-5,-4.391204929393536e-12,1.126275503997757e-5,-1.9973631488354894e-7,0.002296243556658189,-0.0054168089126444725,3.449685983138049e-7,5.8074267964251646e-11,-0.017621830587149674,0.0016624875543224268,0.0037373261720573363,-0.00045648789716838477,-7.404490945352528e-6,9.28899331205065e-11,-1.2616717778121715e-9,-2.209062988791466e-5,2.1819632359194952e-7,0.00040888187385042924,0.003896872664930282,-0.010519139885334414,-6.960184829010027e-5,-1.621512846012556e-7,0.013817010843853459,-0.0006974692851796195,7.628371316012532e-8,-2.7985667432988885e-11,-2.6262173788787408e-8,-4.801329770841144e-7,0.0019675194866245983,-4.904222385036361e-5,-0.0016374410990444143,4.638384288450655e-7,0.042679081607132324,-1.032347671173932e-8,-9.594858634715469e-9,-0.009821921234687746,-3.5076713717055326e-8,0.0009445405048758271,0.011907734471355957,0.0010911892094051486,-2.1076792543906007e-11,0.0003285034349713501,2.9015173485506036e-7,-3.4420897697460365e-7,-0.024694095449671494,0.01057079284617569,-0.00014917433207438784,0.017354869216365202,-1.1337663481669738e-7,1.6510403927725245e-10,0.006910018084406478,-2.8819120504452817e-10,2.6472991517002886e-11,0.07899217933112845,-1.3836043500244806e-11,-1.9860673169375622e-7,0.00020228037195799486,-5.432750738487215e-5,-1.731723264152322e-11,-5.115378276937162e-9,-7.599959968983027e-6,0.021285278898687372,2.5916043633178602e-11,2.892340274179189e-10,0.013042131422612247,-8.122171925352716e-10,-7.72735924193487e-5,2.0225316233221313e-8,5.48388672611053e-9,-5.37570551050038e-7,-1.3893499377568944e-6,0.00088631791768849,-0.00016867239118088814,4.98921200629384e-9,1.4387131895629615e-8,0.0003093755330399294,-0.00015996946838638912,0.0006552438595024188,-6.803235580022976e-12,3.271267800850469e-10,-0.004197155447544251,-0.027372573040395764,-7.122203734206496e-6,-0.00036188004910430626,-0.001498942532440118,-1.548007278516857e-5,1.4291471452179111e-6,-4.8274173612837626e-5,-2.1834460556041913e-5,1.7380779122866668e-10,1.4045908286602125e-6,-0.027314948022243143,3.6684795493631524e-13,1.7601023161262778e-6,-2.2733344447591617e-7,6.10920103335412e-9,-9.689258744816713e-9,-0.019624160782789828,-0.002675552109193228,-3.973013671179229e-12,1.294461511708347e-11,-9.36397141996464e-12,3.946949886136186e-6,-0.0008926461764180572,0.0011665056315293364,-3.398213892182784e-9,2.5332616038012376e-8,-1.8872591894719522e-12,-2.4961160822439437e-8,-1.8959498861077238e-10,0.00019613456860042747,3.65429151029866e-12,-6.0696309171040504e-5,-4.874940605870716e-7,1.4643092928871236e-8,1.0351996057419972e-9,-3.834330817700024e-6,0.00011022741928109918,-8.2286541733816e-5,7.606631352053314e-11,0.004856800979645263,8.985203050003328e-10,-0.0029665061903257667,-1.8191551905606877e-9,-0.0007402557942765596,0.0048634063267829625,-9.740323127783003e-10,-3.6614782490400937e-6,4.007109847371072e-9,-1.1731997000556328e-9,3.826027427484223e-8,1.6739783076029707e-8,-0.0020226168656148386,-3.719029122179778e-12,-1.3367508090841562e-10,-3.228468384816027e-5,-8.430178071461785e-9,1.6121378989361197e-10,-6.466833285867874e-7,-3.826988891424021e-9,-0.00029184016679105083,-2.5213813473023753e-8,0.0029970903237545457,-2.782283004295893e-6,-9.93588654839934e-12,0.08957516699749961,2.370157060607427e-10,-3.107462864711879e-12,2.4518712247525783e-7,0.028108365919343493,-0.011122967720854993,1.8327346133689255e-10,-5.968797013757861e-11,-9.129749548133588e-6,0.0034808382772626607,0.02003992853518334,-5.556666621412978e-6,-1.5235401206642027e-6,-2.4186853959805063e-10,-1.0133885385045377e-7,-9.360439278802743e-11,0.009570562842028792,-6.103353934552279e-7,-1.6867895828481525e-6,-1.670257252898763e-5,2.3303014480311297e-10,-4.661622959385365e-8,0.0005024920171239689,-1.4895030114833987e-5,-5.536942854500923e-8,1.0314117107524163e-7,0.0033207727988689723,-2.5077508166361726e-11,-2.0848837882284143e-10,6.805353338358966e-5,-5.78303863983275e-6,2.647670317742938e-6,-8.891085651686146e-6,0.0014393797897329413,-2.764522856316637e-11,-6.343845579843023e-6,5.119806559325944e-12,2.3264612087003033e-11,-3.2589994203114715e-9,1.1317369021884233e-10,-4.3450800773632386e-5,0.028582875830747215,0.13978423598036058,5.29427099991262e-9,-6.816426520184064e-8,-1.1681836714889505e-9,-1.9400628904176193e-11,0.0012050488427740988,-2.1754603904601433e-8,0.1255077500394417,-9.705301867414244e-5,0.00016262856109441372,0.0029818966229888722,-6.361851323315209e-10,-8.607674205899118e-6,9.075110353260807e-9,-8.229546893353254e-9,1.2762076394107142e-9,0.018476945641985917,3.984807108352982e-10,-4.0595615672923184e-7,-5.1685587538074294e-9,1.363232540253118e-10,4.2700103601332356e-11,-4.675540176440259e-6,1.7616405167689252e-7,-0.0049393015864036775,0.010386004875542879,0.011624640668211028,-4.696220119805395e-9,-0.012284379572921124,4.514668494852717e-8,2.325817467716123e-10,2.9977935304000837e-9,4.92722779804683e-12,-5.949869821102359e-8,4.351411399928098e-10,0.0011462626912867463,-4.010080385640999e-8,-5.022531578669033e-9,-1.8971630656593498e-7,7.895153358095768e-11,4.4884503991299094e-11,-7.951841480949365e-11,0.005416871523169087,2.2053232699272477e-9,-0.0002722417089284898,-4.084492841283983e-7,-7.5271960217201e-12,2.125253753009733e-5,0.000283307188696894,-9.862716287967258e-9,0.0014205215622576314,-4.2014964667189315e-8,-2.4941286784302366e-10,0.0002577343587734599,-3.1035948804194226e-6,1.6301994813726223e-6,-3.9230577871888695e-10,6.070404489992153e-8,-4.608406775530226e-12,0.012067910683506138,-5.135467312819827e-6,-2.1745017363029542e-8,0.00028339766420781197,1.1645373968609825e-10,-0.006440434281309468,5.009163274729867e-11,-2.7728519491052065e-10,2.6715251727206074e-12,-0.0032012574339409174,-8.76604920791296e-6,-6.801567305411399e-6,-2.1938911075785776e-6,1.937571713161845e-11,-0.0001450847483164934,0.004288720858788441,2.424365411219553e-7,1.6241080887754847e-9,0.014358178856352176,2.925830724094027e-6,4.606269415963113e-6,-9.347574663011953e-9,-5.0100044869418295e-9,0.014581229794891822,0.004407040405954177,3.7988703543895047e-10,-1.0832025512542135e-8,-2.7293983244350214e-7,-0.0005690580519628155,-6.089412321316284e-8,-1.0496854071637405e-9,1.0578059761101693e-6,0.00015263230831612175,-0.0001104694544421318,-1.1149745964201587e-10,-7.949122769504628e-11,2.2132867751952034e-8,-9.772517400280372e-9,8.403717906022455e-12,4.376522297381055e-10,0.022202257282538693,0.05181119270855841,9.048848591780238e-12,-1.5567626497684873e-8,0.006279357547446637
0.0,0.0,0.0,0.0,0.0,0.0,0.0,0.0,0.0,0.0,0.0,0.0,0.0,0.0,0.0,0.0,0.0,0.0,0.0,0.0,0.0,0.0,0.0,0.0,0.0,0.0,0.0,0.0,0.0,0.0,0.0,0.0,0.0,0.0,0.0,0.0,0.0,0.0,0.0,0.0,0.0,0.0,0.0,0.0,0.0,0.0,0.0,0.0,0.0,0.0,0.0,0.0,0.0,0.0,0.0,0.0,0.0,0.0,0.0,0.0,0.0,0.0,0.0,0.0,0.0,0.0,0.0,0.0,0.0,0.0,0.0,0.0,0.0,0.0,0.0,0.0,0.0,0.0,0.0,0.0,0.0,0.0,0.0,0.0,0.0,0.0,0.0,0.0,0.0,0.0,0.0,0.0,0.0,0.0,0.0,0.0,0.0,0.0,0.0,0.0,0.0,0.0,0.0,0.0,0.0,0.0,0.0,0.0,0.0,0.0,0.0,0.0,0.0,0.0,0.0,0.0,0.0,0.0,0.0,0.0,0.0,0.0,0.0,0.0,0.0,0.0,0.0,0.0,0.0,0.0,0.0,0.0,0.0,0.0,0.0,0.0,0.0,0.0,0.0,0.0,0.0,0.0,0.0,0.0,0.0,0.0,0.0,0.0,0.0,0.0,0.0,0.0,0.0,0.0,0.0,0.0,0.0,0.0,0.0,0.0,0.0,0.0,0.0,0.0,0.0,0.0,0.0,0.0,0.0,0.0,0.0,0.0,0.0,0.0,0.0,0.0,0.0,0.0,0.0,0.19148112608808515,-3.659238930962791e-7,-4.2943406392828946e-8,-3.325553453236568e-9,-1.597329333011391e-5,0.002657514381696224,-3.5625950418037467e-6,-2.308662659573674e-8,0.00029372249180272225,-1.682468766151334e-10,-0.0005789573776901852,6.855361759085486e-7,5.231386121998914e-10,0.0008020813631867259,-1.0156241189448825e-7,-1.621394187028765e-10,0.0074845593460031055,-1.760476582504749e-5,-5.619849900199813e-9,-1.0331740122725269e-10,-0.00023922802924673537,0.009407109296127075,-2.5078054099142047e-9,-2.596590334025888e-7,-8.494777565704942e-7,-1.5953185365196802e-5,-5.849208373040286e-7,0.008639860692624308,1.7670118047288877e-8,7.037240403874459e-11,1.1903347656431496e-6,0.0007372590861054725,-1.0656013592964287e-11,0.00037810118496433263,-3.488147785209559e-7,4.888018464734173e-5,5.2578167612316574e-11,3.2217003482458077e-6,-1.4306500865091418e-10,-1.820461144388204e-10,0.00034167878154787534,-0.0024530176871905562,-2.896440625102399e-5,2.3068406127399554e-8,2.0562400294317117e-10,0.029265577508608354,0.008906173708216857,5.1949331196776885e-11,-4.026711166349876e-9,0.00017498565270562068,-5.84222692788619e-10,0.01887487285640652,-5.961384555531863e-8,0.004432686963309791,1.2500045550983e-7,1.0468778335237425e-5,0.0008763802740347151,4.111651139367923e-12,-6.258541262731161e-12,2.4030930098835585e-5,-1.3509905833505881e-5,-6.65686989938974e-10,0.012900479873028583,1.167619031967838e-10,1.015549913273406e-6,3.056981870880738e-12,-0.002989857392533374,7.402992422036623e-10,-0.05056239782375712,1.4388046285048917e-8,-2.4121921849529246e-5,-9.24248699828982e-11,-5.775728696066565e-9,1.1875193930781408e-11,0.0003707321471189019,-1.1721055507909544e-10,-0.014190675319911765,1.0303340517550694e-9,-2.5620083863814616e-9,-0.0006383173232145914,-6.265978737053943e-5,8.797234559502794e-10,1.0046999399661366e-7,-7.666173007058697e-6,5.2796240298126375e-6,0.008621659654708572,-7.66429965577786e-12,0.008039221798059269,0.025370292242472947,0.004641414340173522,1.488397683008163e-6,-5.544664339939362e-10,-1.0702583022692745e-10,4.544597799978236e-7,0.0024673709248354448,-0.016876582453151268,3.3002048632777587e-7,1.1245675253874951e-11,0.0003421400022565868,-6.739470552376566e-7,-0.003872521770033033,3.7540235602415164e-5,-1.0196813751337318e-7,-0.004127076044187118,4.138121531111148e-11,-2.327426247588176e-9,-4.6013854230629743e-7,-0.04149743347643486,7.512111743296634e-9,0.00799628030441535,9.276245066630618e-11,-0.00015074986136109122,5.212699737607572e-12,0.0004327153440906705,-0.03409746978716493,-1.8835007392155518e-10,8.797937663507775e-7,3.7523076726766685e-8,9.066071127254602e-11,6.645960698946513e-10,-0.00406289734983098,2.8625765581802707e-12,-6.49559266316986e-11,-3.3039996861186727e-6,0.010499599407810463,-1.9515757963235614e-7,6.444581156682263e-8,1.5133408956610402e-9,4.506892864407736e-7,-0.0002303545487474726,-5.367488686383535e-5,6.091597279075269e-10,4.912607766331278e-10,1.8216274333096386e-11,0.005500743798772576,1.9958186573261317e-10,-2.6645390146125598e-5,-3.428242929493934e-9,-0.003493844312705126,2.8779573015850744e-7,5.955850665097737e-13,-1.2423777682169648e-7,-6.30563722885728e-6,-1.6414275613459723e-8,0.0008318913472590837,-1.6582391155995545e-11,-1.1879254535095348e-7,-8.198011462509111e-5,-8.936216903133373e-10,0.08814728936965158,-1.7170911047777344e-12,0.001965809557522942,-4.726316374011417e-9,-1.9956025579574904e-7,-0.02012197159476519,-5.247707717368262e-9,3.084764393991309e-10,2.350557788131096e-6,-0.008173058327440516,7.819736472787476e-10,0.04256358935316282,0.0002800100061969915,1.3873881910321691e-6,-2.9153257901432053e-6,9.11345669110459e-11,0.012468992354169418,1.0910277334235676e-5,-1.64327680610049e-11,-2.3053420756056367e-8,-0.0001636863279271388,-0.006967470503644387,8.394911354993775e-11,2.525175375788746e-7,0.0013377149062273577,0.008061585071033932,-2.6993704053790075e-5,-2.8768226189605624e-7,-3.395239702862673e-8,-4.4166350825786624e-5,-0.00022804953916980301,9.498220214973318e-7,-0.009078922896264014,0.002980674105302316,-0.006466327192541392,-5.833467989476812e-10,-4.925955900553505e-9,2.7741232958578818e-11,3.456705146434274e-10,-0.00020724562696497044,-1.0207333080958704e-5,-0.013509487175126745,1.7002408939648931e-9,0.07346239208340978,-4.582041438724574e-10,-0.0011377104888372566,1.6350874729477622e-6,0.001231981681167365,0.006038017133815005,-0.000358015473897352,0.017505753087194757,7.362434353557383e-5,1.5915399761332963e-11,-0.03129837351955653,0.009181415291219004,1.2079686039315688e-6,-7.173440532620028e-10,-6.767244766071446e-6,-3.1379962786439473e-7,3.886742199444207e-11,-8.224665825746336e-7,1.1602259164721081e-5,3.0532876958221825e-5,-1.1291193388825114e-7,-8.126656059566452e-9,7.517936115166899e-13,6.82014854986141e-11,-1.62801583459065e-6,-2.3296832187689013e-11,3.358152022031559e-12,-0.0003947001389389968,0.017772654810725975,0.09036554441218757,2.1376352522222856e-12,-0.0005270003822273022,1.9937100838962182e-11,0.019351583941644043,3.0800041934035297e-9,1.1367846662301042e-7,2.3810554203481716e-11,2.3815207073142768e-7,0.012716439280352734,-0.015306023667296774,0.00792473720009261,-0.0016214675134086332,0.015581075588016717,-1.1048253176587955e-10,-0.0003423685957104842,0.00047161804442390486,-2.225044290813213e-8,-0.000148227343006206,-0.002984766267032459,7.081196509343553e-6,-5.066077026596907e-12,-9.554951022203915e-6,6.128695955230435e-8,-1.758084051621e-7,-0.0006293685592697975,1.0939623252358827e-8,0.0007484912305906153,3.698444544619523e-10,-0.034204039106107725,-0.03372818403539318,0.0012257452194355926,8.754016131535106e-11,-0.004581004519118059,-4.997505725830673e-8,-1.749612619586736e-11,-0.01138703253303638,2.1105219650090848e-11,5.535014878597901e-9,1.7294797722737783e-10,3.3958238870351934e-5,-0.0033282862209383797,0.004289958640589218,7.867740649277444e-6,-0.0007328433227914583,1.1268440453796054e-7,0.021197551140274114,-3.289088214456133e-10,0.015497637129034904,0.0034508651113772278,-0.0010366582528861953,-8.858039383846196e-12,9.351115535884423e-13,-1.717780874848486e-10,1.3658837703701886e-7,-0.00012479685937426241,-1.2457668132772143e-9,-0.02674879963635581,-4.485574140600879e-11,-0.00027416406687125254,0.006578149648189141,0.0003355301322978953,-3.991754771386586e-10,0.0013130305171897008,-3.930641106246329e-11,1.655163740128247e-6,-1.2887343898440927e-10,-0.02164566656831935,0.011296886581447773,0.006212183165057268,-9.336475023165444e-11,0.030915827969618045,0.05994750330316581,-0.02771155083680415,0.00037957640851257426,5.95033160921068e-11,-6.840789066811215e-8,1.1767428735869696e-9,0.06614434782246684,0.017135855795637263,-0.014918019371157516,2.436754621865798e-8,-0.00015322939143972358,-4.1700619692781595e-12,1.4009749478722097e-7,-9.823617869697754e-7,0.011229262058823295,1.9620440668342073e-10,-4.839847926276019e-9,-0.0040619136131997005,0.005871497163693334,4.4808388713497353e-7,1.234827841083616e-6,-1.1319127365488178e-6,-3.9177574771493334e-5,1.201014940374586e-9,1.3363947820078598e-10,-0.043834420518197685,-0.00016466120746623338,1.267182187511531e-10,-5.4572904293962e-6,-0.0006952820341801564,1.4887053551260636e-5,1.1080880816440428e-7,-9.22633930878333e-6,-6.165972824777249e-10,5.881006381193134e-8,-1.3515639127163532e-8,-3.42912406975881e-8,0.00865802644312549,-3.9583827734980483e-7,-7.454642343041912e-6,1.035931462065276e-10,2.6922934394593467e-11,-6.455456540470586e-6,0.0063969682291771385,-1.9722353498349622e-11,-3.3050791360988555e-10,-1.8920495058390882e-11,3.736998486344967e-9,6.94993319775985e-8,0.003848135169714344,0.0007784377825559412,-1.1938040526900916e-9,8.505337347817831e-6,-1.1710270100169642e-9,4.756578250943044e-10,8.436020195250374e-11,-7.783588975309864e-10,3.2466262738676293e-6,-1.016517401164168e-11,4.83368939168775e-10,2.2405824381988858e-5,-0.0008081130729900389,2.8835287274700157e-5,1.1496434201352436e-6,-5.242545154800602e-11,-5.341477242544263e-8,4.483331952805652e-11,-7.427211312345043e-6,-2.6432028611147946e-11,-0.0002429539887484138,-0.0004705629243657504,9.130435560338316e-11,1.2674969242278519e-6,7.110558740375312e-10,3.450434921546705e-11,-2.678275052227125e-11,-0.020949398296985482,-3.510083892911767e-9,-3.018394859181717e-6,2.7880777655524444e-6,-4.0115173014552865e-11,-1.2539979114709972e-10,6.6387741096276055e-9,2.68865527681198e-10,5.228450671219131e-6,0.00976661861872956,3.2183263638751235e-12,0.000941318152124339,-0.0007468263511793218,1.4250414851321215e-11,-0.027772786880092062,-1.1949067142502053e-6,-1.944623826348355e-8,2.6718429208144178e-8,-0.007029370472956581,-6.48308578488218e-5,-1.0544541148297758e-7,-9.228626129484872e-11,0.1168589053212137,0.011658469896056,3.368691236903981e-11,-0.0036639271826202197,8.335750152593473e-9,-5.9026775471008405e-5,-9.971577934592077e-7,-1.079406306355945e-6,-1.3495041704805633e-9,9.60610314262061e-10,1.1957263049316826e-8,-0.0002487606667078305,6.271646764372485e-5,9.385802838194944e-9,-2.519503564614985e-9,2.672977173164486e-11,0.018593788194173334,-0.0031173612449383287,-1.9712664849506325e-12,-1.6613097809121234e-10,-1.3924545026622829e-8,-1.2884809346552326e-11,-6.067558271794869e-10,-1.8173421535772424e-7,1.0223981902735245e-6,-5.671020804245477e-8,5.216937173946299e-8,0.0018967958868284485,-1.3530320829528135e-6,-7.545757648986564e-12,0.0015658064629764004,-3.6666954695821103e-7,2.2207119096597545e-6,6.451056954589438e-5,-7.259402983620784e-6,3.896362075579772e-11,8.613893368749685e-12,0.0018020244276455571,0.005216843227511691,-0.006987274871844623,-4.365692715728711e-7,-1.0089533931480132e-9,-3.5005217506091015e-11,0.0003557904046719135,1.0357975618102267e-5,-0.015761108627926693,-1.7156078289450145e-5,0.0015999465071501572,1.7857743427538503e-9,0.009152461080846037,-9.23326220230883e-9,-1.727097108601124e-6,1.1917601776069339e-6,-0.0004053818626780062,2.5385370914032877e-8,1.9510596526086447e-9,2.0791774374137625e-8,0.1360693714485307,-4.079985787785751e-12,0.0015893410372554058,2.809525442581386e-10,-0.0008410375044433432,-2.048938536109586e-9,1.326452026468264e-12,-5.7969095439875736e-5,8.019691338852145e-7,4.6431928157965324e-5,0.0001843295077017202,-1.1566992309527458e-5,-1.0398228771684953e-5,1.1554681690067089e-11,-0.005503283473710961,0.004375252242180693,-6.955634870718113e-8,-5.117680959502597e-5,-0.001398619028045626,2.806201562349737e-7,0.0007844102209218225,-2.232351574150806e-8,1.3255881381610853e-5,1.3586969625373202e-10,8.401946718536878e-7,0.00028533532725699093,4.3222370349934924e-11,0.004908666181703147,0.018761166688089827,-8.682477196685218e-6,-1.2671228546737139e-11,2.638924254705861e-10,-0.004108733359470712,-0.008822610886585277,-1.2227175933026287e-8,-1.3464034418761183e-10,1.4730978201598606e-10,4.552893037416767e-9,-1.3542780199801533e-7,-0.00958387887526433,9.91598306222184e-7,-0.0019145474262089325,-4.323454336384058e-12,1.9369717820312726e-6,9.81908794387134e-9,-1.1247797711636652e-7,-0.015315630155973547,1.097032686908586e-6,1.1085212195729375e-9,6.591337690730887e-8,-4.111739328979543e-5,-3.6800964794371086e-6,-1.5268203956927916e-9,-0.030902430354529525,0.0022306956656425346,-9.467714196920634e-10,-2.686483782551995e-7,8.148654558538841e-7,1.242508106295153e-7,9.369988406112224e-12,0.00023909802365159222,-1.7418518076191872e-7,0.0021130796510972854,0.00903083497584757,-2.7779920457995854e-5,0.004843479853192753,-6.241718471375542e-8,4.9542557524611225e-11,7.48480102042512e-12,-0.00014123079800585622,2.5743421543935427e-5,0.0010375890073801232,-0.010897918558498546,1.148060609693447e-10,1.193182788312975e-6,6.724765744971103e-11,-7.15347415269368e-8,-4.007370387858337e-9,3.692576151892878e-10,0.005612100052872146,2.523742124963126e-10,-2.8981963711173196e-5,0.0001696760275924833,0.0034419947656374483,2.8487999492615673e-11,0.02211237015373398,9.773457828009308e-7,-0.0003167097635945195,0.08098575041957182,0.05047905521377695,-1.7677025879099732e-7,1.1006157131928188e-6,-2.3644543149730144e-11,3.0549605040277145e-12,4.344122032270358e-12,0.00010693120661141302,-8.314902657839534e-12,8.417188304200597e-6,0.00011012694572377834,9.964164570180624e-5,0.011179222374746365,5.742233593396876e-6,-0.0019850380497901873,1.7387226287356312e-12,-5.877173720541467e-5,0.0005258610867722704,5.13504788122116e-6,0.00899037798559976,0.017448371616553694,-0.006191249932514348,-1.0452166558316027e-11,-0.00030331933769802777,-5.8211548863065165e-9,-4.847268393901073e-7,0.022629584086107768,-6.802042691132275e-9,1.4825918165888595e-9,2.9013677991565276e-5,1.5281794953462512e-11,-1.624755536841982e-5,-0.00652236813463297,1.7216331420196484e-9,8.46231801922197e-7,-2.1637607475414505e-7,0.0017057280003849966,1.2442332436837143e-6,-0.007605872282794098,7.053185385788285e-10,-2.027612692922226e-7,1.0643098134610651e-5,-1.038682679544299e-8,-0.015219439821413489,1.7075044894494754e-10,0.008938570423759982,0.0014229268032050395,-0.013814807092665084,9.16284843663281e-11,8.018756794338394e-9,-8.418750358625868e-8,-5.39846376400322e-8,0.02690661445839418,1.3271372480862794e-9,1.0546986544589749e-10,-1.4632822348445248e-5,0.0014026159589567533,1.3868312792277994e-11,4.4491563330285597e-7,-5.500258109846422e-7,-5.863911974905236e-5,-3.08565138909296e-5,8.829830304759679e-11,2.3006437232881032e-11,-0.002282904900397403,-5.1537570284769716e-5,3.459189487114982e-7,1.1206085489567322e-9,-5.313270569563781e-7,0.0019711527447934195,-3.5696050534601e-8,8.156553585799924e-9,-1.8691770403743518e-9,-0.018093905531824387,-0.0003637846312290358,4.634672297375404e-5,-9.903710300849291e-5,9.884276574565497e-5,-0.00020138578201953032,6.716545528795198e-11,5.0182519877052186e-11,0.002874252806404017,-1.3686506076140955e-5,5.661670995792471e-12
0.0,0.0,0.0,0.0,0.0,0.0,0.0,0.0,0.0,0.0,0.0,0.0,0.0,0.0,0.0,0.0,0.0,0.0,0.0,0.0,0.0,0.0,0.0,0.0,0.0,0.0,0.0,0.0,0.0,0.0,0.0,0.0,0.0,0.0,0.0,0.0,0.0,0.0,0.0,0.0,0.0,0.0,0.0,0.0,0.0,0.0,0.0,0.0,0.0,0.0,0.0,0.0,0.0,0.0,0.0,0.0,0.0,0.0,0.0,0.0,0.0,0.0,0.0,0.0,0.0,0.0,0.0,0.0,0.0,0.0,0.0,0.0,0.0,0.0,0.0,0.0,0.0,0.0,0.0,0.0,0.0,0.0,0.0,0.0,0.0,0.0,0.0,0.0,0.0,0.0,0.0,0.0,0.0,0.0,0.0,0.0,0.0,0.0,0.0,0.0,0.0,0.0,0.0,0.0,0.0,0.0,0.0,0.0,0.0,0.0,0.0,0.0,0.0,0.0,0.0,0.0,0.0,0.0,0.0,0.0,0.0,0.0,0.0,0.0,0.0,0.0,0.0,0.0,0.0,0.0,0.0,0.0,0.0,0.0,0.0,0.0,0.0,0.0,0.0,0.0,0.0,0.0,0.0,0.0,0.0,0.0,0.0,0.0,0.0,0.0,0.0,0.0,0.0,0.0,0.0,0.0,0.0,0.0,0.0,0.0,0.0,0.0,0.0,0.0,0.0,0.0,0.0,0.0,0.0,0.0,0.0,0.0,0.0,0.0,0.0,0.0,0.0,0.0,0.0,0.0,0.18903660108817377,0.019118807949364547,0.00021248270706959827,0.001883904281396048,-5.700944103048259e-6,0.007401445049920959,-0.004406163136611934,1.762783777369652e-5,-6.515137881435789e-5,1.005805294640363e-6,-0.017096849148519985,1.3588913219683763e-5,-3.6464870125629455e-5,0.01186440589088775,0.000335348187236352,4.3570136369331355e-8,0.0033849313587632863,0.002713458986033749,3.156965424242957e-6,2.3639360121185448e-5,-7.813142673777363e-7,0.00030410435075958487,0.0735910941362197,0.01914173807745839,0.0001779537581859773,-0.007054247519581173,-4.267596129770257e-8,-0.0027764255709074263,-1.5775875420807087e-5,0.014574750833898966,-3.128078454398852e-6,1.727657040228301e-6,1.669236817954511e-6,0.013568119749218337,-6.051769303276114e-5,-7.442228241973292e-6,0.003041758386812836,1.0892498309327929e-5,-0.00010957482733570098,-1.4712148526788437e-5,4.494739029736597e-8,-0.00028792133092180895,0.034410091433457406,-7.996071466786653e-5,1.8839591091271814e-8,6.070879466838363e-8,-4.305716660838463e-6,-0.0003460125643454164,-0.00011068054098090043,0.00013279631370360435,1.393936523406697e-8,0.014372925120038692,2.3824295696390405e-6,0.0028005123680617736,-0.005268261279918629,-1.7411337836469143e-7,4.547976872075653e-7,9.395956030190491e-7,0.00010069355197526144,-0.00033440821720496795,2.6512284936849092e-5,2.6497475989586517e-7,-4.2739062569346174e-5,-0.027814817133739064,-3.905726716009347e-7,-7.413272362694522e-8,-0.00014683045618135953,-5.0994407182894015e-9,0.021673647468147275,-0.00011295273455863087,3.888616103862998e-6,0.0029998220544126845,-4.647265743028892e-6,-3.9147049226241394e-6,5.851618010233114e-5,-5.938745972838269e-7,0.0010585238750524582,0.0023209220757856503,-1.9047871210203445e-5,0.00046410978445902973,-0.00012255734176762763,0.0076190888377679275,-0.00020563833419213738,0.0011323825301903885,1.1567457131295426e-7,1.3275864173385944e-6,3.6136514632950644e-7,3.6502494102114004e-7,6.549243930359152e-6,-0.022131102746644215,0.0003857468959882562,-4.175165432925936e-6,0.00876990487491794,-4.5137938262553975e-7,-1.994647765377864e-8,-0.006049079831017393,7.8133607495681e-6,1.2728097800485427e-5,0.014873491511207985,3.5045934088451175e-6,0.0008386235403694106,0.08917541606386628,-8.50127773521281e-6,-3.1390582445901413e-6,0.0053887551645089345,-0.00045809155999148167,4.263116321115621e-7,-0.0003542744587139364,1.1674102614939708e-7,0.0002886906967064275,-0.00013485626156062216,-7.644503684843725e-7,-1.1307338544937088e-5,1.4232797754723495e-7,0.0010512233254913632,-0.0022685351529353145,0.02070270501762057,-8.222292719308892e-6,-4.6507123040447704e-5,-3.612889676367928e-8,-3.4771525830601257e-7,-1.822227295212898e-5,0.005187768870287188,-1.6469957068188393e-8,0.0346496873198882,0.008681156831448888,0.0019225029626189127,0.0022486832192365872,7.271722482937657e-5,-5.961414801241845e-5,-2.6989576907771556e-5,0.0003094984526615186,-3.2760328258665753e-6,2.4436105214878182e-8,-4.748051271392664e-5,0.001001895466722224,-0.0015618265840820701,6.597766647039042e-6,9.97158040537628e-5,3.564776272657392e-7,-0.006960292874055702,0.003999921402094912,-0.0080574205923708,-1.7289724884751792e-5,6.14953126497784e-5,0.007653100715956391,6.983836550390462e-6,0.0002117983393005976,4.161213976186508e-7,5.754815036402869e-7,-2.243873940045562e-6,0.006572953820397381,0.026380268864664862,5.36965280619805e-8,0.002172165964455494,-6.298137927531578e-5,-0.0020607513095694235,-2.999340230421424e-6,-0.0010327150609170728,2.0254733004940232e-7,7.032470816791378e-5,0.0015265669775837284,0.002141527432695026,-4.530139418898891e-6,-2.692731100402328e-6,-0.0006139963916814692,-4.8310816505144196e-6,0.010529415995147597,-0.00010693843897980463,-7.145281916977305e-8,0.0014317058684985464,-0.0007632682044721066,-3.168321966596549e-5,-7.977601453578955e-8,0.0003230942942524234,0.10809089624441502,-0.001974204273805625,-0.0003694209497077413,6.013436152657392e-6,-0.03170030353225609,-6.873058438446858e-7,-4.259710800044064e-6,-2.5940265634713043e-6,-8.330458830945134e-5,0.003138723985077687,-8.429364589776609e-5,5.424738363251539e-6,1.3636772218143708e-5,0.0012571246108417304,-5.686828269480739e-8,0.0011872423189816864,2.5270506274347584e-7,-9.433386778119048e-6,2.5112476254485074e-6,0.006768609277510534,-1.786287443601067e-5,1.9700798248924268e-6,-4.139476582671989e-5,5.229487452046133e-8,0.00010754147892325355,-1.0045019561133747e-6,-7.360046774862425e-8,-6.011054203125837e-8,-0.0025220964346164645,-0.0003769604602818607,-0.0010241948422622462,-0.007601359681580226,-6.872748814051192e-6,0.01104952584019029,0.000892078256062166,9.511895532537128e-5,0.017237805197390856,0.07803559749474512,2.6869858902755275e-7,-6.9652201076579735e-6,0.009882017949410106,-1.1084714845161596e-5,-6.427660818444598e-8,2.7515294782361945e-5,-5.932701367108997e-7,-1.1755211387337631e-7,-7.870098993213115e-7,-1.6993966127722662e-5,-2.5093362977064857e-6,-2.203741144923638e-8,0.0004208951759649942,0.016556174567146364,-8.081257866614352e-7,0.025369851892192628,1.8078594076920586e-8,1.6944476645605497e-8,-4.444889274786826e-8,-7.007825126600195e-8,-1.5801996490820127e-8,0.0003405856575181353,-6.241821141031087e-6,-4.0116747109223804e-5,0.07160843463669116,4.827236080330912e-6,3.189830095473581e-6,0.00014159511143554596,3.071953684140819e-7,-5.144070740500275e-5,-0.028353613998467007,0.09797929789214171,6.833648740620121e-7,-0.006540210519470437,-2.8937763922236667e-5,4.5423255819841434e-5,-1.698286195482755e-8,9.231677715487851e-8,-1.0481909061265187e-5,-1.684523080155289e-5,7.609980410647718e-8,0.006541596688158881,-1.2449885400615197e-6,6.752620724361171e-8,-7.0012657544011305e-6,-0.003793752999692666,1.557694788363291e-5,-0.0001790761133401629,-3.5186398156734734e-7,3.6447086380027515e-8,-0.004813220474462117,6.339072020350745e-10,-0.024536005223746025,-2.363057227237944e-8,-0.00028688363356868974,-8.032016970760652e-8,6.003617990072005e-7,9.681718064546027e-6,2.5041979088453246e-6,-1.4124857049103525e-6,3.3764655615305715e-5,-0.005058400562892252,-8.289552198737171e-5,0.0008377904080256788,2.0497497209144106e-8,2.5897983357332707e-6,1.0802557673996494e-6,4.950751895039825e-6,-1.42387428938493e-5,-0.0001684130189991098,-7.298473474125361e-8,-1.714041291051935e-5,-0.006563634353154689,1.407369997731395e-8,3.532084793403747e-7,5.3633622874750824e-8,-4.534163038065337e-8,1.6159488987990957e-5,3.234243778596042e-7,2.548154232953817e-7,3.7677163143635394e-7,-1.988889101174066e-5,-6.135617485076884e-6,-0.003930144062812791,0.0004492306634180114,1.92026369792333e-7,-9.15907268978865e-7,-2.1382793776282416e-8,0.06185766763530643,-1.4732434808011927e-6,1.5561770478260275e-7,0.001061009176270311,0.020681153101624675,-1.1200341168724829e-6,-7.39101473206165e-5,-0.002548684389986053,1.6066262877650331e-6,5.714515633638282e-6,-0.06152025613703132,-0.02501290035767232,0.0036107777441559625,2.56315562328367e-5,1.978838678508658e-5,-4.5508919776998867e-5,8.498919073902274e-8,5.1964525616550405e-6,-3.428225849375669e-5,0.0010342675862277787,2.7018478681604705e-6,-0.00024283565221848143,-0.040254595665969034,0.001581752795331189,0.00041091898543149625,-0.015659310906184106,0.007587463674065778,0.051389132603423565,-4.9609879783513176e-8,0.1004734318622614,-0.0007470100461026316,-2.0270368350006825e-5,-2.9810719776468914e-6,0.003711457755307955,-3.2546838309349033e-7,2.991356884137455e-6,6.728942558922961e-5,-6.193678753254032e-5,0.00013080643781946357,-0.013722593325504316,2.1934046603020567e-7,-6.585097844508182e-6,0.012654555312363817,0.0006069964122491815,0.0013230899446427219,6.745361167913039e-6,-9.650659153310114e-6,-0.0003058837256014872,0.0040293828271685175,-2.413282011139711e-6,-3.0060645162107433e-5,0.0005075316091919701,6.993419599787128e-8,0.00011694994651132501,0.012255543706221944,8.561729393268744e-5,0.009991943042639662,9.02099177355903e-5,0.005978500757119586,4.4486628673076345e-7,-4.428297771788337e-5,-5.1706519496423075e-5,4.463303250260505e-5,0.0003613148786377633,-0.0006511333932744675,5.592442021464462e-6,7.202923373964148e-5,-1.1344368756390957e-7,0.0008660081670540828,0.00043340095085984655,0.002110480508464369,2.1054058378325352e-6,-1.6877528515541262e-5,0.001781168483128499,-4.5522139895904555e-5,-0.005060162011254334,2.946601715253917e-7,-3.035384055414982e-7,2.3024021870348763e-6,5.619977782371542e-7,1.0710119662991223e-6,3.33255896487645e-8,0.0013588219942921827,-0.0029062556151755055,0.034101037941195816,4.296108281074019e-8,2.4892730688389187e-5,0.013642583387738785,-3.568406396030426e-5,2.5261890626230112e-8,1.4965457069655311e-6,1.109778298296075e-6,-3.1728368153749164e-6,0.000842737670503925,9.52238338021122e-6,0.015794233593611772,0.00695331756527144,0.010639211706597141,-0.00012660154818703096,0.008686965390061205,3.614402353754853e-5,-5.405637210810608e-5,0.0007604859592442357,0.00033274301297816524,0.0003132128210289978,2.7867578912311268e-8,9.270250417535384e-6,1.0179849062027025e-6,4.7719625923730105e-6,-0.004426540501819708,1.435683778449108e-6,-0.00012353388269903447,0.04977390609258884,-0.047127019360869576,0.0158028806417516,0.006885141818088082,-1.3120782448068245e-6,0.007069092517993904,7.366118437879133e-7,-6.6329238561205115e-9,0.014324166000144366,0.00224440377891791,8.062888097920011e-5,-4.40646135219473e-5,-1.0556560236556462e-5,2.1278073848589805e-7,-6.157495731883424e-8,-2.2940223338029535e-7,-1.0697722046663457e-8,0.004503514476633968,0.0002275881526044465,-4.952918054497904e-5,-3.826960746341225e-6,0.0004861029858350803,-3.233355484938632e-8,4.4598160404093974e-5,-8.858319670398881e-6,-4.5380605312517845e-5,4.2610909481603125e-8,0.022272292926335414,0.0003597126033532953,0.005061161526153807,-9.536739157178834e-7,0.01781272840056453,0.0008987364589844348,0.025054829520976,4.278334831251496e-7,8.369796006156659e-7,-5.919475186113223e-6,0.00020468317041361548,-1.3676495206753327e-5,0.00012579065206399676,1.3235769016459305e-7,-9.072092532939758e-6,0.022682762891093975,-4.857031579622167e-5,-3.591334824664416e-5,0.0010348631354226074,0.00016632324464738963,4.547510214871522e-5,2.6028973301101372e-8,-1.602408251037381e-6,0.08592041843174394,-0.00013347018737232738,7.758374115086713e-7,-3.5063829698031084e-5,-2.245186303364903e-5,0.005534828974457665,-6.556721911214645e-5,-2.843796129020693e-5,0.005881323158135178,1.3615307727034374e-8,-8.063295548634322e-6,-6.514872426938062e-7,4.1263535753401415e-8,0.0027793226173273237,-1.0912730364239924e-6,-2.9741876879486542e-5,1.5869910761441864e-6,-3.0291286304386087e-6,0.0006805934333278574,-1.7142472545460108e-5,-4.719502437750702e-5,-0.00045294791284486354,0.011376270091132578,-5.025343899834977e-7,-0.002166669722735238,-8.172731674267834e-7,2.7886107588397867e-6,0.0021045280139150727,-0.005027302129027589,0.0014986857027658716,1.5780377860863743e-6,0.00031680103193139255,-0.00013317016955283117,0.0034435162554825463,-8.542883851808043e-5,0.00015969620598128782,0.00016015953721772047,2.3819305083768614e-7,-5.6758910304057195e-6,0.001413024547724467,0.05544226897817913,-0.047824539274020535,0.008720270305363218,-2.292253981858008e-5,1.4888249803617105e-5,0.02101946746796377,5.314196127395617e-8,1.134141349852534e-6,-5.7948654175064895e-5,1.6457021843045375e-7,0.012702710688298906,-3.05416271358518e-5,-2.8556508633460106e-6,4.355196718276387e-5,-0.00039505079170855644,-1.738257183011909e-5,-8.488814269559911e-8,-8.809442371313943e-5,0.009086052169979224,-7.610940297403064e-6,0.01214163670896707,-0.0008158304176532914,-6.0939032406416486e-5,1.9345762330316538e-6,0.0004407416564015879,7.985464798976381e-5,-8.979805036544223e-5,-4.1331930786514307e-7,-2.5783389854362243e-6,-1.0190935510258901e-7,-0.00841769733104519,3.299452405886849e-5,3.5049102276092163e-7,1.2659403089908477e-7,0.11042073239701727,-0.022377699380438706,3.960078308359782e-6,-5.749883707976138e-7,-3.357793486076192e-7,-1.2552766178265414e-5,-1.154967598874573e-5,0.00043316300678934884,-3.126118956866171e-6,-1.527262324698585e-5,1.3294805967953653e-7,-0.0023788835096461678,-1.9554465391313496e-7,-5.526469830276702e-8,-0.00021014840794761333,-3.1976233579820376e-5,0.0035966291450872556,-5.516026318245529e-7,7.443352174260102e-9,5.656383946802464e-7,1.7140321099401622e-6,-3.853643822999174e-5,0.0034649080976177737,-0.0011897986716250216,-1.2131807503838736e-7,0.0022289389795256197,-0.0002511149178520326,0.0001958817780238715,-1.4662464817082112e-5,-0.0003265524366732249,-3.889567153387369e-6,0.0011946932559838033,0.0011777587004919029,0.13135317323418616,-2.1498546567178876e-5,0.008927838945241634,-3.0471261176911946e-8,-6.007950452829703e-5,0.08156315787399766,-0.00010567290268715614,-0.0007252926692399313,9.91452985161672e-7,0.00023442940997352234,-1.9192514330430835e-7,-4.294429383819615e-8,-2.7580558836134735e-8,-1.3444021231508027e-5,0.0094410179317789,0.024305970346802055,0.053109160105487364,-1.1638690206258618e-9,0.0005390080767707042,-9.70215904693658e-6,0.0020448879800820875,2.2409113020582557e-6,-2.8214583932388934e-5,-0.01626896512048694,0.015556838562064227,-0.0001391088718904513,-4.776881369330283e-5,1.882108078659168e-5,-5.26558385457916e-6,5.820342615744231e-6,-4.7314508233599846e-5,0.0014753515443677874,-0.00047039224623353685,0.005575351339821876,3.64043547310333e-6,0.02060956710389772,-0.0011906065173399403,0.0013678622849558502,1.0610897732546265e-8,6.489416134439868e-7,0.00012390695204880109,-3.53191031729771e-5,-4.928614351955688e-5,4.2210303383822666e-5,-3.966022706692012e-5,-8.512877573010257e-6,9.538802043347374e-8,0.002526656608248973,1.6328306585314547e-7
0.0,0.0,0.0,0.0,0.0,0.0,0.0,0.0,0.0,0.0,0.0,0.0,0.0,0.0,0.0,0.0,0.0,0.0,0.0,0.0,0.0,0.0,0.0,0.0,0.0,0.0,0.0,0.0,0.0,0.0,0.0,0.0,0.0,0.0,0.0,0.0,0.0,0.0,0.0,0.0,0.0,0.0,0.0,0.0,0.0,0.0,0.0,0.0,0.0,0.0,0.0,0.0,0.0,0.0,0.0,0.0,0.0,0.0,0.0,0.0,0.0,0.0,0.0,0.0,0.0,0.0,0.0,0.0,0.0,0.0,0.0,0.0,0.0,0.0,0.0,0.0,0.0,0.0,0.0,0.0,0.0,0.0,0.0,0.0,0.0,0.0,0.0,0.0,0.0,0.0,0.0,0.0,0.0,0.0,0.0,0.0,0.0,0.0,0.0,0.0,0.0,0.0,0.0,0.0,0.0,0.0,0.0,0.0,0.0,0.0,0.0,0.0,0.0,0.0,0.0,0.0,0.0,0.0,0.0,0.0,0.0,0.0,0.0,0.0,0.0,0.0,0.0,0.0,0.0,0.0,0.0,0.0,0.0,0.0,0.0,0.0,0.0,0.0,0.0,0.0,0.0,0.0,0.0,0.0,0.0,0.0,0.0,0.0,0.0,0.0,0.0,0.0,0.0,0.0,0.0,0.0,0.0,0.0,0.0,0.0,0.0,0.0,0.0,0.0,0.0,0.0,0.0,0.0,0.0,0.0,0.0,0.0,0.0,0.0,0.0,0.0,0.0,0.0,0.0,0.0,0.0,0.18678336391669229,-0.0004239148202986882,-0.00020681375977325996,-2.3362205660527904e-7,-0.0007894644846311539,-0.02510761901408775,-3.4662361271611046e-6,-0.00040382996774677955,2.4925232853905033e-6,-0.0006890670275736641,-7.871488679052967e-5,7.78104397953815e-7,0.053211101496951546,-0.0015580123253007702,7.883785783811184e-10,-0.0003687130302162359,0.03150840190198911,-0.0001695703324705763,-3.1786691591392757e-6,-1.9516244340459453e-7,0.01922156228045402,-0.008675230680075256,-0.001484474216886526,7.290026046549004e-6,0.0008321059002740808,7.943800917030004e-9,-0.046149907867051775,-0.0004572270422192924,-0.0008723866859037171,-3.9565959440075505e-7,3.0513747106709123e-5,-9.500468511781124e-8,0.0025166102148260305,-1.545706170734165e-5,7.974836129468825e-5,-0.0003862459143005707,0.0001276925115380879,0.0018689864624746502,3.2222725405782935e-6,1.266252381624465e-7,6.989267016367881e-6,0.016823077237356727,-0.00044726302491567786,1.6524027196193337e-9,-2.0286920508136907e-9,-8.873120016014647e-5,-0.021099834989327892,-1.7468419829634877e-6,0.0013051766911709695,-4.289345507952538e-8,0.0006430595771960905,-3.200888467659781e-7,0.005044905555873888,0.00014190572320048748,-1.4839541641434872e-7,7.856834731274305e-6,-3.3682103394609444e-5,7.360528203630346e-6,0.0001245353946554899,0.00302322022709755,-1.1999587671779058e-7,6.294324910026575e-5,0.0033120138450830052,5.333249320924999e-6,2.0044788908415255e-9,-0.0015985998043706877,-6.135463352115408e-9,0.023668171224067353,1.5610554929851614e-5,-0.00039524445512661554,0.00168435654815664,-5.604350140136504e-5,-4.1067262712487805e-6,0.000991229906204562,2.1271015661437427e-7,0.037881785608938165,0.01625479423510536,5.965873010463982e-7,-1.857671011504556e-5,-0.0002639400378047068,0.024680791984790177,8.164264509098518e-6,1.0012843414039614e-5,2.778669064978655e-9,1.7461301968529525e-5,-2.8086030671222518e-8,-3.121870951076191e-7,-1.850916681108244e-7,-0.0010326875666144845,0.012464813840642923,4.710828179827238e-5,0.007194297829107663,1.4986212129812134e-8,3.1195954013251512e-9,0.0021076685518917884,-2.0854758084938117e-5,-5.614519194475852e-6,-0.0016774033353484088,3.18307696205089e-7,-0.00010945241808404351,-0.0011478436843375336,9.794822787557164e-7,-7.069033684967729e-5,0.04041718890593268,0.00019260710070205243,-2.2124781528496686e-8,-0.02753670318808328,1.4172738746562101e-8,0.002024060599516478,8.083457481084531e-6,6.003114530183343e-5,5.849234557479197e-7,-8.046317903667305e-9,0.036645621032626,0.0011051990484547438,0.059216590112030836,-0.0005150176189932155,0.0011712837395877283,7.65139481018021e-9,-1.8362743074727815e-5,4.1773636918538945e-6,-0.0002884424675573014,-8.5507882963063e-9,0.02138269588060676,0.018563435774310005,0.008943125153609705,0.0010395340061059308,-9.076012166879633e-6,3.705944657570812e-5,0.0007422413874566313,0.07428162488331692,-8.918437872392758e-6,-4.465002111650062e-10,-0.0005742474931210122,2.437399424253771e-6,0.000865942712187993,-7.311653963338106e-7,-1.4466512119707352e-5,5.238047649079434e-6,0.014271788713691164,-0.0003054785286530657,-0.05276214288840467,1.1180083246784098e-7,0.0015719378861296933,0.004679716689289873,1.6868824658598322e-7,0.013761459319351452,-5.761891816285105e-8,-1.6715847521277416e-6,1.7444969227296028e-7,0.027662168755465386,-0.0017808414649600312,-7.858042607691708e-9,0.010053414131884139,-0.00010809728837196809,-0.0004422508973138673,4.5872611456159186e-7,0.005138595256762432,-4.987877123470857e-8,-1.3788720389826935e-5,-5.668322368189723e-6,-0.00019528729035737683,-7.690048774587877e-5,2.018867158150382e-7,3.278332863578224e-7,-0.00021523098237831873,0.09142620135041668,3.5892767075864903e-6,3.757441370632396e-8,0.01357024427141418,7.716155172273163e-6,-2.1075045043997292e-6,-3.6159997654611874e-8,7.71217465880433e-6,-0.008817710368158092,-0.033438486428857814,9.975986417518479e-5,2.1494354274474244e-6,-0.0011862289882226327,5.3389486297037685e-8,-3.926964732290108e-7,2.069814699214019e-7,-0.000796955694255332,0.04998864451570515,-0.0005388204944995175,0.000279117260187961,4.354314650179319e-6,1.8859631000684294e-5,-7.126279778014043e-9,0.03715944596025958,-1.2160473232207458e-8,0.0013019510786861836,-2.457793920182677e-7,-0.0009926010523374322,7.664820049801028e-7,-1.6950503703693128e-7,-5.599546421722167e-7,6.278825686008288e-9,-5.272134681529167e-6,4.2185929624488676e-6,4.799413128396022e-10,5.9772383494053235e-9,0.0006633961148456917,0.002032944760865676,0.0001697329707219887,0.002268956545884941,-6.767568652801891e-5,-3.944839324091249e-5,-0.00011184397862563205,-7.206551628396729e-6,0.059156708796596666,-0.0022444221014202696,3.127406050141647e-6,-0.0002584009912666986,-0.0003065705480626644,7.748208859640167e-5,-4.306620024746149e-5,-9.501549706975008e-8,-3.1694176061886436e-7,1.7483060441062064e-8,2.0298323332775396e-6,1.6879137098209284e-7,-7.122816302555236e-5,-3.425494382997248e-9,0.004885237167003853,0.001707076045752976,3.082423202887176e-5,-0.002242989865023533,1.1677082570882418e-10,-1.2441333256192693e-8,-2.4723870776663033e-9,7.444553883656973e-9,-8.41619624843433e-9,-0.0028671057677367097,-2.9099782416595996e-6,2.025411338238787e-6,-0.0030562894502155023,-5.844854825781098e-8,-1.1133587312270103e-7,-2.4508105164499057e-5,2.4180033818696716e-5,1.8503889944414585e-6,-0.0036957719668206943,0.004507427823471023,-5.449783576390327e-8,-0.009509612873681706,2.254861495607342e-6,0.0003029748763726787,-4.36939723305579e-9,2.7543921591583427e-8,6.974675770078808e-7,-0.0005666940637552736,1.0554021809288966e-7,0.07448899581338386,2.9895893085373674e-5,-1.6465326845816562e-8,3.908985844791033e-5,-0.014849645200767403,-0.00013865926884016247,1.7186067092030077e-5,6.290370060459362e-8,9.45329656717848e-9,0.00017094123148697344,-4.840182156231092e-10,-0.01907557483101982,8.628804999004921e-9,-0.00017425136385898254,-6.228488908084465e-8,-7.900164149795175e-7,-1.2156755588400946e-6,7.746984254165965e-6,-3.503660280104709e-5,0.006515685256649691,-0.00014398340351249903,8.24763329146339e-6,-0.005711063032844844,5.445163740242674e-8,-4.0726746616678815e-6,2.916809861599895e-6,-6.546654620647383e-7,3.576789500373743e-7,-0.0014597945744495827,7.591472062744478e-9,5.65834394211838e-5,0.0008629312848118492,-0.00024605859914052426,-4.656741276142888e-8,-6.162676580763856e-11,6.687399798782934e-9,2.862813323413603e-6,-2.3379750693017702e-8,-2.108390482508103e-8,1.3465706686996228e-8,3.8283976026415975e-7,-5.617540607863292e-5,0.013033142032832026,0.016189188113998953,-4.76136249907773e-8,1.1852587456070212e-8,4.30743029024447e-9,0.019310184816968473,4.536683056272366e-8,-1.39389943125121e-6,0.005948514023286741,-0.0012318571752470402,1.1612560115870097e-7,0.0024092914885385226,0.0019535917601930454,-2.880634919994846e-7,-6.963489047819208e-7,0.0013857947843456397,9.035215269036204e-5,-0.00022140852039276933,3.444943294177005e-5,0.009380910011998944,-7.613157134772928e-5,-1.4007342025103276e-8,4.751012699147091e-7,-0.0004512154971804428,-6.773117591585252e-5,9.752766114277795e-9,-6.814366181802404e-5,-0.025495427929215546,-5.8400769802509426e-5,0.0037798113955508647,-0.020883344298658676,0.11329043024670353,0.012665601069441272,5.599115940843366e-9,-0.004492795895717814,0.00014439807622779028,-0.0001889130573941738,-2.541166428700874e-5,-9.420521786824247e-5,-2.1420852919004592e-8,2.4698286473889752e-5,0.0014269597149161105,0.0002811224097902875,-0.0004191427830457852,-0.021011590739380526,-4.5221672332269136e-8,2.1229362546800198e-7,0.039073257729767955,-0.00014902146474576823,-0.005652320471568097,0.0005494162861967433,2.9384518426112886e-5,-0.012706447619469433,-0.0003034902944794949,-3.030864472205234e-5,0.0005149474159881578,-7.505443005590777e-5,7.691686560226092e-9,-3.80617253830802e-5,0.0017447496539379542,0.0013847695632107188,0.03233196129978442,0.00022038835626727907,-0.0007060248671256089,-0.00010385223156187474,6.091327378024544e-6,5.834048235413999e-6,-0.00011510215338872387,6.054729173618251e-5,-0.0013042556297458454,-5.213158676075771e-5,-0.00020926813182963028,9.144800845686022e-9,0.005927496834993147,-0.00014431978398112623,-0.0001935902653771256,0.00011139480311362988,-8.552219567948752e-5,0.0168022360288655,-0.0001896161663265476,0.00020006243053925785,-1.2289377257277332e-7,-4.547655545333991e-6,1.8376474162328236e-7,-5.0039270779597374e-9,7.431280194501317e-5,6.788725845647098e-9,1.019005005698404e-6,-0.00825357089589287,0.031464082343619346,5.17051596515556e-9,4.629520615880534e-6,0.012291027358022573,-0.00030892907977069157,-9.169590423569298e-9,-1.1064206074917246e-7,-9.609611904339486e-5,6.1253533427569e-7,0.06183068099440842,-5.094772801759073e-6,-0.0013990493655687325,0.0003387292493141074,0.04175618057123404,-0.002357106963690882,0.01435735205068118,-2.8360208452708754e-6,-1.5188352361723391e-5,-0.008550403272468858,0.0027604690012451418,-0.001913048159996361,3.4578139269235457e-9,-6.187825754772238e-7,1.5569111911889647e-5,0.00010462387649965407,0.013132438301691442,8.653097526766187e-6,0.004743885470239013,0.006566034496436906,0.0014766220186139517,0.08099270739343453,0.029742880831038664,-9.15134368049866e-9,-0.0007129044360153727,-4.2878797491598785e-5,8.886780288731912e-10,0.004119057697870124,-0.00041942015740465576,-1.2923235880433289e-5,5.568887282083812e-7,3.326301732067543e-6,-3.3749986315736434e-6,3.4932887500261113e-9,9.697063572924495e-10,2.0633069097722198e-9,-0.0015941674873463025,0.0015183594407669008,0.0012596699730839948,-1.5021364982466804e-6,-7.31951564486716e-5,-2.3340469306554132e-9,7.294033162866846e-7,8.851230499181738e-7,0.002860215611753149,-5.745035088278864e-10,0.03163361641768817,0.00033413651445508304,-0.00014795605986254038,-5.549540098521974e-7,0.01819285281888626,0.012534584404230227,0.02960139494378979,-3.319182670278011e-8,1.7234253161564244e-5,2.689454166879995e-7,0.0002488459285303185,1.250609242659064e-6,-0.00043141045941883573,7.339585439892474e-6,8.04696932799886e-7,-0.001078621416926787,5.077884741631743e-7,1.3838662513085329e-6,-4.2680426802794825e-5,-8.164155795778879e-5,-0.0013941298287177583,1.3377246929341288e-8,1.42241820852181e-7,0.013854631914534518,6.401697666832156e-6,-1.5212975168798512e-7,0.0010957343783451518,1.911629097226609e-6,0.11283688228637087,3.391765557358496e-5,-0.0001829443445614395,-0.0008524116473991401,-2.2754608696325195e-9,-0.00017316486446522814,-1.074245586848267e-7,6.362829159429425e-10,-5.554641182271423e-5,4.880945557018644e-5,0.00021560332471323598,-1.2881745528915862e-7,1.7660145433870128e-7,-0.006775007516304,-5.0648181613469984e-5,-0.0004934269034897438,-0.0041777870386803875,0.0014296557672995307,1.150583075747964e-7,-0.0005273414044413918,1.0860421459428782e-7,-3.952676980167539e-6,-0.0001342559474472199,-0.014883610377513594,0.009546976126171489,-1.1551869736353817e-7,4.701039487654622e-5,-0.0019488440471057222,0.027912519828273447,2.969242572381859e-5,-6.0588456142539745e-5,0.002572555981473689,1.9688752153143973e-8,4.6626437785740055e-8,0.014120278420763846,0.0032457931358414256,0.0004368756401465349,0.004077684655983543,-0.00023958012872274205,-2.812268383802275e-6,0.014078879622767687,-3.1799950253698546e-9,-6.191400727004118e-8,1.4367191971060083e-5,-5.926296121776764e-8,0.054220382494971214,-0.0006580859776245938,2.421726336806178e-5,-2.901262662094941e-6,2.8365819689042018e-5,1.8975035837440355e-6,8.148574296620816e-9,-0.0006219137864662895,-0.0007910200932360567,-9.310562938530952e-5,0.08283186496535964,0.001393922531376784,0.0005940195586462073,2.3442249927065603e-7,0.005282009984141985,-1.2559435099305299e-5,-4.99596789040271e-6,-6.335807587315502e-7,-4.249292237073605e-5,-3.0515359425896774e-7,-0.00037001086912548614,-4.394868127035601e-7,-7.837670631760418e-8,-9.176021072534095e-9,-0.005215643696385659,0.00025296951322114237,1.2903965206648819e-5,-1.2640561217103402e-5,1.5096715117024771e-5,-6.385780636344552e-7,1.0470050427295458e-5,-5.0325388589042715e-5,-4.699888751194466e-7,-1.2291524617689923e-6,-4.5368289696241375e-9,7.454095652585096e-5,-1.9093179766579522e-7,-1.918997501529984e-5,1.5412622383781584e-5,2.3809262440288163e-6,-0.0002516785161976961,-3.324323022145879e-8,1.7253353425857917e-8,-8.841783156152376e-9,1.1207578192178602e-5,-6.64069759586082e-7,0.07860439444304956,0.00045342878589886234,1.393373074107853e-8,0.0030209614853347186,0.002503652725119227,6.445047336049837e-6,4.496422782603583e-5,1.2905407283471903e-5,4.4023783506114663e-7,0.0019912361867880706,0.0016071372348884865,0.0036392921248307184,6.126309837634492e-7,-0.0014323926024246618,5.905788840056932e-9,-0.00028078299655529703,-0.002899885216923288,1.0356582296777974e-5,-0.01640384756894485,-7.868084358948611e-8,0.001334729195558,1.398802191678621e-8,2.2775207776265232e-7,-3.8988900380021717e-10,0.0003360632837530169,0.004746311990005593,0.010727919908460004,-0.00504773278336268,-6.616736924434275e-9,0.010453770596979573,-0.0005212438919710718,-0.00023580736668013164,-9.161662232401369e-7,-0.0004295018833119545,-0.001066273446607409,-0.0014256879714820794,5.570108225085443e-6,1.3976783406532625e-6,-1.0847676792079686e-5,-4.935842941538854e-5,1.3273001897097455e-7,2.2963405807247847e-6,0.0010136913949024503,-2.877989298784212e-5,-0.0002766316617480333,3.648838386407312e-7,0.0032148395033204645,-0.010427901813389153,0.039036764432441806,6.944862371903905e-8,5.882907240446025e-9,-1.4679159146947805e-5,5.231318324869203e-6,1.3536908586194552e-6,-2.237711532242662e-6,-0.0007862017118023484,-0.00034507054515581963,-6.066574573245948e-9,-0.00016823017376932066,9.663889895715413e-6
0.0,0.0,0.0,0.0,0.0,0.0,0.0,0.0,0.0,0.0,0.0,0.0,0.0,0.0,0.0,0.0,0.0,0.0,0.0,0.0,0.0,0.0,0.0,0.0,0.0,0.0,0.0,0.0,0.0,0.0,0.0,0.0,0.0,0.0,0.0,0.0,0.0,0.0,0.0,0.0,0.0,0.0,0.0,0.0,0.0,0.0,0.0,0.0,0.0,0.0,0.0,0.0,0.0,0.0,0.0,0.0,0.0,0.0,0.0,0.0,0.0,0.0,0.0,0.0,0.0,0.0,0.0,0.0,0.0,0.0,0.0,0.0,0.0,0.0,0.0,0.0,0.0,0.0,0.0,0.0,0.0,0.0,0.0,0.0,0.0,0.0,0.0,0.0,0.0,0.0,0.0,0.0,0.0,0.0,0.0,0.0,0.0,0.0,0.0,0.0,0.0,0.0,0.0,0.0,0.0,0.0,0.0,0.0,0.0,0.0,0.0,0.0,0.0,0.0,0.0,0.0,0.0,0.0,0.0,0.0,0.0,0.0,0.0,0.0,0.0,0.0,0.0,0.0,0.0,0.0,0.0,0.0,0.0,0.0,0.0,0.0,0.0,0.0,0.0,0.0,0.0,0.0,0.0,0.0,0.0,0.0,0.0,0.0,0.0,0.0,0.0,0.0,0.0,0.0,0.0,0.0,0.0,0.0,0.0,0.0,0.0,0.0,0.0,0.0,0.0,0.0,0.0,0.0,0.0,0.0,0.0,0.0,0.0,0.0,0.0,0.0,0.0,0.0,0.0,0.0,0.0,0.0,0.18445848383003927,-5.343444519000506e-6,-9.717607169224542e-8,-3.1811974787452116e-5,0.020754202825361518,3.654263651326231e-7,0.01972436429642599,1.1014044439401474e-6,-0.00014883510998998,-0.02489005076735902,1.930816864621871e-7,-0.00012834297123654533,0.0010697868945473274,1.4637956581265872e-9,2.4623134849325697e-5,-0.005004799341459631,0.010919824545441275,4.64018557133494e-7,8.158769634488753e-9,-0.0057279387578465174,0.0006688288274238475,-5.6840236527529345e-5,2.0970020917601173e-6,1.1083492000862274e-5,-1.0332331599343543e-11,-0.016243571082652057,-0.001049112967556894,3.230853532706068e-5,5.7183684559108644e-8,0.00019659229312373646,-1.815935057109706e-8,5.843333764030608e-6,-3.2809530620949975e-6,-0.004801785487891382,-2.26411216759945e-6,0.009884206120861945,0.021922657648037656,-2.3323451431808866e-7,-3.27313453328008e-8,4.043594302918492e-6,9.530179874245752e-7,0.009834932814055326,3.692522355338346e-10,1.3395425002844454e-10,-0.0026632910489496993,0.01876280705866448,-3.140018167693244e-7,0.034990090348532656,2.0053628321449647e-9,-4.533215012140767e-5,-1.8253621064551306e-8,-0.00018856675193260915,-3.120157539867077e-5,3.5218271982622833e-9,-0.00025247337653984024,0.000596237367289095,3.013801270594785e-7,8.986617219421995e-7,0.036910016552277124,-1.350681626954999e-9,-0.007467244279609288,-5.418724260687287e-5,-0.0004899304400966269,3.4549785557915686e-11,0.001838480439187412,-5.215111850777027e-10,-0.0011498258107169998,4.0265346425132885e-7,0.009531312902867841,0.015621281301574502,-0.00019395984727648576,1.0974371387659977e-7,-0.0005304662972255901,1.3729107839458879e-8,-0.0013289504388364866,0.006398428709357762,-1.0100902711344232e-7,2.8294380111572894e-7,-0.07875444163598379,-0.00017569951175671318,-3.3442078143914324e-6,-5.598172969112046e-6,1.5511992382962248e-9,0.0010807625106745576,-9.445635289820925e-10,-7.06485043314182e-10,-3.381827195936474e-8,-5.810280173011923e-5,-0.00800028546393423,0.005820373469592136,-5.107745667710541e-5,-4.299880914530269e-9,-3.1518914374116334e-11,-0.00016920081797209798,-0.003350696856906798,5.771114150908681e-7,7.555450633546305e-5,-7.3150316544415064e-9,1.1003363150768034e-6,0.0005956614011186799,1.1586722349378393e-9,-0.0031900687380084177,-0.00026437393348884334,5.828807647249498e-6,-1.4245131546379525e-9,-0.01171931089620955,1.5887032651822517e-9,0.01236505268627013,-5.637012355390705e-7,-0.0006857607838066798,3.206135859966338e-8,-6.5351467739037106e-9,-0.006639858328445695,-1.1699888592263814e-5,0.00011770188887194579,-0.005233890484678189,-0.006054139349259781,1.096899978919547e-10,2.175262711697118e-5,0.008448471432720794,2.3546189496633657e-5,5.126094707829617e-11,-0.00011369346123515219,-0.0023858935054355012,0.0009876290965248886,-0.0001316445106394155,6.109701066767649e-7,-5.144481652524223e-7,-0.05362531588023002,-0.0011149646091122845,-0.001290754489498514,-2.8387444706318327e-10,-0.005686605683398808,-5.86300694973015e-6,-0.0003580950495986614,2.1400125835658787e-8,-6.201233885194598e-7,-0.00033598177396292875,-8.299072503839833e-5,-1.2428715090774022e-5,0.006721735535142734,9.476953057989049e-8,-0.012276529590442056,1.5481616332815706e-5,2.4248274746936004e-8,-0.0038881434135831423,-2.0842475004316242e-9,0.00024670850420602757,-3.879388133725634e-10,0.0020143081612176562,-3.3932096691852285e-6,1.5612897169830568e-10,0.010266006408787878,-0.028076928931599025,-1.2147462700020411e-5,-1.7556794831175243e-8,-0.014227336934106898,3.7107411266956294e-10,1.3280809192503716e-7,-5.46582567132134e-5,-2.8936837190048817e-6,-0.0070614712463059155,-5.40482614251483e-9,-9.796586944570842e-7,0.0039494758941061945,-0.0019632630135750628,1.0460667945128525e-6,1.4456343111934566e-10,0.003892414093362374,9.04605599418711e-6,3.4176288284203245e-8,1.8387022825330163e-9,1.4836286655206343e-6,0.00023000921792856136,0.005208148393381623,3.431029424714322e-6,-1.260765727868209e-7,2.9628100068366135e-5,-9.352198150830383e-10,-2.1721050628990875e-9,-2.2366116029900042e-8,-0.0013322838280077623,-0.0034460089761830263,-0.00011568974149806573,-0.017287618695420802,7.281745316138167e-7,9.256284434542597e-6,2.733992783219823e-10,-2.789637743024695e-5,1.2476732499451469e-9,0.008615725616726026,-1.3537537161784529e-8,-6.991633670007624e-5,-1.5537078345651884e-7,-1.1352811170875188e-8,7.049554204150298e-7,2.416295390843511e-10,-6.650262227979319e-7,-0.0008750415379050197,-2.2795951635691077e-11,2.521633243285667e-10,1.3152517100066379e-6,-0.0025954678420409155,1.374219689795815e-6,7.428494666268456e-5,-0.00295371830147678,-1.9019226664288008e-5,-7.626441899585456e-6,1.3918699840627253e-7,0.00021101055662251235,-0.00019500044567755803,-0.00014792595254481462,-0.0018572497112254046,1.3651512626352705e-5,0.003046245492616165,9.4630661866726e-5,2.7662588268693096e-7,1.2692814646705567e-9,6.062224954364895e-11,-0.0002479587352088387,1.2219791505659896e-7,-0.0005196479498347935,8.186725686243797e-10,-0.023512635346350296,-9.07979443811079e-5,-0.001675037403828948,-3.693385474709207e-5,3.840090465378415e-10,-1.35420160340704e-10,1.1733273719631161e-10,2.35598884374737e-10,6.237614674440897e-10,0.005124992664846579,3.0685742269904936e-7,1.0035147483285331e-7,-0.00028131535632734396,2.345465880651483e-8,1.3548733378432505e-8,2.3981423530550798e-6,-0.00027055968282876876,-3.9352793091035265e-6,-0.0003772200550658267,0.00011961860519199247,8.37358770543255e-9,-0.0020009610412677907,-1.7479853117422128e-7,-0.03790788965628538,-1.473746915944785e-10,-8.690712266165986e-10,-1.2361151435284996e-7,-0.0019198345932628321,1.6790969169004654e-8,0.004142706518792179,0.001688668304403699,-3.68432389826787e-10,-0.0009289897671248132,-0.0008437561876398012,-0.002525889097096282,-7.732086693357358e-7,-5.230083541758768e-9,-8.806593232396206e-9,8.38427502572273e-7,1.9455791053828413e-10,-0.0008075987938041751,-7.117879154330005e-11,-0.002288448516642523,-5.193094303737406e-9,4.477717957566633e-8,4.180937384143797e-8,0.000814198163694999,0.0004131146026617276,-0.005108687065358442,-0.000215225712439139,5.637492079528121e-7,0.0005014545517032967,3.837486828177583e-9,0.003621357450735262,8.296802351840052e-9,-1.0210845146989608e-8,3.2089082699186744e-8,0.0076231054280537554,1.2860615175767662e-10,0.0035753750855753597,1.3455207935165918e-5,0.01365931172742707,-3.1123871987540787e-10,5.488206611207831e-10,1.0935762914264956e-9,0.009715689233846313,-2.211961228657026e-9,-8.426226510788415e-9,3.967741351066694e-9,1.3096204532819822e-7,-0.003910711246187442,-0.00014756497401713432,-0.008544939063351452,1.4088765252062667e-9,-3.0660405787177445e-10,-1.1275331341508146e-10,-8.350489327386649e-5,8.720394185522099e-9,0.0003585184584547974,-0.00025355647590674283,9.622373692237452e-7,-1.0183493544824204e-8,0.02030776123926044,0.0038975119279010683,-4.532768412273803e-9,-5.4521956571316115e-8,-0.00016951587409869476,8.412283660867602e-5,-2.149704266782554e-5,9.427108222629606e-7,-0.017144256133306286,0.002067877327563069,-5.256015104232118e-10,1.111494832547464e-9,-0.004749444282846335,-7.485567204014712e-6,1.3334314728148357e-8,-1.5360514735252428e-6,0.0001122260246935476,-2.6029183194827988e-6,0.002549702431639024,-0.00017087580962305636,-0.003472689895528868,0.00042438256473815506,3.7508511492885683e-10,-6.626284918941972e-5,7.49345454957379e-7,0.002323322801829246,-0.0014195205437052892,1.2039722348004245e-5,6.979412398306662e-10,0.0010383359900743325,0.002911300116450052,0.0028329794410686046,-0.022560482359020046,-0.0008012488877624792,-3.5322251390183655e-9,-5.4116211776567374e-8,0.0017104360933597384,-7.869108802752058e-7,-0.002056062724562452,-0.026928705126839977,-0.016191103725805452,0.002248022282289921,-1.1049222135184443e-5,0.0005181844681106056,-0.03950633438343523,1.1705210006799777e-6,1.806320701850684e-9,8.230856751906018e-7,-7.507759908316034e-5,0.013838365737322772,0.0012413314492436983,-0.006309861141719945,1.0928605107595173e-5,0.0010200931058005757,9.354232056682234e-8,9.000030795209161e-8,-0.010337802445521854,-7.459148962938308e-6,-0.02288219455109226,-0.002633122626953882,-0.00012596295902366294,-7.047393326624035e-11,0.01203603002060272,-5.084654095485743e-6,1.4618518895084144e-7,-0.0022649718219380295,0.01300140462831526,0.00012039230812731954,-0.016829096717337053,-5.46195283983931e-5,-6.188207404602439e-10,-8.232912346038226e-5,-2.7351333527232387e-8,-1.0372475410362625e-8,-0.0015957596164264708,-6.963978929459399e-10,-7.941551219565456e-6,0.009582957568144078,-0.0010276669134729785,-2.03917248805372e-10,-3.256038307430376e-7,-0.00016042226889768015,0.01461358231073013,1.4603579526366238e-9,-2.3978260422407977e-8,0.0007967800159908977,-2.0309088105892173e-8,-0.0005857092081131686,-1.952796727785246e-6,-9.767368561090833e-6,-3.582176322561313e-5,-0.0011069560556990629,-0.002264084616170959,-0.0006801525122627071,9.174651025688842e-9,2.453481890805699e-7,-0.010659041587769995,-0.0002478034376938367,0.0029383413948949493,2.022541865413235e-10,4.0489789529844635e-8,0.00013641975039748656,0.011272312839465896,0.0001503136875129446,0.000713601251577467,-0.0008502324452499825,0.00015370220843008225,-0.00012099560014535166,-0.0001067764067939193,-0.00047876230127265925,-3.9008471584470894e-8,-2.5939489170879195e-5,0.0008020952038065453,5.823373250217459e-12,2.900314755655782e-5,-5.597481342591465e-6,5.726229572033186e-7,6.649921596818945e-7,-0.002731535367774072,-0.00016728001341155793,1.0853479318682127e-10,-9.30147419175203e-10,1.6161334622291967e-10,0.00012920378798870444,0.06772037084131809,0.0003185415994608629,6.309245568083043e-8,1.5284377200394727e-6,-3.8706551885855697e-10,5.078123945383491e-7,-9.268424310650008e-8,-0.024188804716238098,-1.3269612779494715e-10,0.0009263346544033827,-4.321526022420865e-6,1.0009456620908177e-6,2.1152575134146892e-8,-0.0036612700477467387,-0.006094115956765737,0.00015217690708302817,-1.5436565624120806e-9,1.323998779887379e-5,-5.4467442783224615e-8,-0.024714563519336524,6.550238628049211e-8,0.12713674305529635,-9.987330057019671e-5,3.0236005243426474e-8,-0.00015213444035658903,-1.0748098540811074e-8,1.2396750688612068e-7,1.066233676366111e-5,4.943903062700797e-6,0.000963240076702578,-1.4105274645407374e-9,6.411064178480404e-9,0.0001449126191323189,9.741379489543788e-8,5.626358131771801e-9,-6.840001283691614e-6,-3.639397789735246e-8,-0.001261679957279496,-1.4644293705916971e-6,-0.010215742106998849,-5.878739182423534e-5,-4.2353895617891054e-10,-0.002323038629195307,-3.732966230710554e-10,2.9619958723216486e-10,8.030746682821377e-6,-8.663304233596119e-5,-0.014168273057543108,-8.799626240282274e-9,8.445166209331564e-9,0.003869026746027987,0.014317582519701192,-0.004530046050719261,0.0009762666042949903,-5.80738567641764e-6,7.111897447580477e-9,-1.3570549606297362e-5,-2.474894721193382e-8,0.0007922788757630626,2.2990931423413603e-6,-0.007129267847941968,0.0003447200134411543,-8.510181846099098e-9,-1.9535809800587733e-6,-0.0010267145643388772,-0.0002038136040991983,1.1182035076195407e-6,-3.0114511375104347e-6,0.09200609000992387,2.2258267529950545e-9,2.009882538961153e-8,-0.004540390747740661,0.00033455727650317797,-0.00017631603954198986,-0.00014111291203896203,0.002020255817508448,2.03912384200843e-7,-3.0591395135515195e-5,1.3586015449414775e-10,-2.748489701521083e-9,2.038812034065067e-6,6.12172763423228e-10,0.00015334669788624752,0.0021737080487683256,-0.001302709636749239,3.939601228159377e-8,1.8755865439911095e-6,-1.7759344732342553e-7,5.7068692950219616e-11,0.008725696392842387,-3.735473515462886e-5,-0.004998606528822767,0.003526841870437009,0.006541132374319231,-0.025663656350292392,-1.3810839693604923e-8,-0.002412861697012313,6.615648006077026e-7,-1.5036519290606413e-6,8.601818340190292e-10,-0.0014661903324304194,2.489860896540556e-9,6.73666320658781e-5,7.836119570340262e-7,9.474702798361742e-10,3.004077497973767e-10,0.000389569167249906,-7.240898823626129e-5,0.0017163977397920778,-0.00016589137196782654,-0.0006226222118387704,1.5504212779040515e-7,-0.0024860595192867743,1.4979570878807065e-6,4.051364426052756e-8,-1.279013365127207e-7,-2.4809268199166135e-10,-1.353277816278715e-5,2.929358981870057e-9,3.4843819574816526e-5,2.4239732814392945e-6,-1.1306861091608054e-7,-3.1099652788503355e-5,4.82913857023732e-10,-7.062706124837818e-9,-7.207183324553604e-10,0.0010266247889875425,8.230991169382854e-7,-0.004797305793398521,5.971792307290006e-6,1.625947206754686e-12,0.00011744058853088004,-0.019470013709565394,-2.1106266408728736e-6,-0.0005069335711900991,2.1886609725535765e-6,-2.3100290558950446e-8,-0.001926197529470965,2.3834915077815875e-5,0.00016312598128249595,-4.217740708040528e-8,-3.8673612796659716e-5,-1.1857981344540218e-10,-0.05063982510886773,-3.244573252093125e-5,1.8842532970601403e-7,0.018742836513923354,-7.512904323566138e-9,-0.02682572089001975,-3.900442465489225e-9,-1.1148601935024395e-8,5.0779030787073494e-11,-0.005395453553652039,-0.0025794920799384266,-2.6971667381950864e-5,2.037239094251684e-5,-2.2955011639402708e-10,-0.004148222759663296,-0.001928560995689775,2.5978731246748355e-5,-3.972074898000072e-8,0.014493997563120309,9.638769882489203e-5,2.7935415716102004e-5,3.364740160617033e-7,3.4032033791553443e-7,-6.073073605213303e-5,-0.0015044909011773004,-5.4324617182241e-10,1.9692577029560495e-6,-9.583284510484495e-6,-0.0037604386527564683,-3.9915719478865753e-5,2.595690530689614e-9,-7.352793939855467e-5,-0.005493582576484861,-0.0011785798874204066,1.2879426983424296e-10,-2.2575491839688645e-8,-6.920659189108615e-7,1.3984890388859626e-7,-4.145547035997678e-7,2.410354095271816e-7,0.0037929638329154405,0.001113282026765789,-9.45472482541841e-10,-8.807223813316684e-6,-0.0003787857210056402
0.0,0.0,0.0,0.0,0.0,0.0,0.0,0.0,0.0,0.0,0.0,0.0,0.0,0.0,0.0,0.0,0.0,0.0,0.0,0.0,0.0,0.0,0.0,0.0,0.0,0.0,0.0,0.0,0.0,0.0,0.0,0.0,0.0,0.0,0.0,0.0,0.0,0.0,0.0,0.0,0.0,0.0,0.0,0.0,0.0,0.0,0.0,0.0,0.0,0.0,0.0,0.0,0.0,0.0,0.0,0.0,0.0,0.0,0.0,0.0,0.0,0.0,0.0,0.0,0.0,0.0,0.0,0.0,0.0,0.0,0.0,0.0,0.0,0.0,0.0,0.0,0.0,0.0,0.0,0.0,0.0,0.0,0.0,0.0,0.0,0.0,0.0,0.0,0.0,0.0,0.0,0.0,0.0,0.0,0.0,0.0,0.0,0.0,0.0,0.0,0.0,0.0,0.0,0.0,0.0,0.0,0.0,0.0,0.0,0.0,0.0,0.0,0.0,0.0,0.0,0.0,0.0,0.0,0.0,0.0,0.0,0.0,0.0,0.0,0.0,0.0,0.0,0.0,0.0,0.0,0.0,0.0,0.0,0.0,0.0,0.0,0.0,0.0,0.0,0.0,0.0,0.0,0.0,0.0,0.0,0.0,0.0,0.0,0.0,0.0,0.0,0.0,0.0,0.0,0.0,0.0,0.0,0.0,0.0,0.0,0.0,0.0,0.0,0.0,0.0,0.0,0.0,0.0,0.0,0.0,0.0,0.0,0.0,0.0,0.0,0.0,0.0,0.0,0.0,0.0,0.0,0.0,0.0,0.18396311859405526,-0.002086792993064308,0.014915100509314142,3.046149014744916e-6,0.005490453620314771,3.888429191581276e-7,0.0024316049378597456,0.004293853096582594,3.8508430152743496e-7,-0.0031262508702043904,0.00012536546088811343,-3.630737615174498e-6,7.192907402704774e-6,-0.001938431018582022,3.531854168638647e-5,4.916576249396417e-7,-0.001601789306459586,0.00016383644423383195,2.0184461991936445e-5,-0.0006674882814719941,0.035533122959888946,-0.05470937931392532,0.0012980301826569672,-4.118291596184389e-6,9.168364492757804e-6,-2.96958512831708e-7,0.00131745172657914,-0.00021991767128437021,2.1143134123874577e-8,9.135916877646657e-5,-0.00033500805872140754,-0.043240918491162426,1.3759491108204621e-8,0.02484902989820697,4.4947605470464575e-8,7.06784917114062e-7,-0.00203348349641845,9.671572308671221e-6,-0.020893468085513185,9.717287924689021e-6,-4.9459776163990914e-8,3.097065129389857e-8,-6.741024190024834e-6,-1.2386158253313873e-7,-3.623966882805084e-5,0.0063376069791722224,-4.872284245004543e-7,3.241435071017772e-6,0.008322257947020085,-0.0001195428763435258,0.00011525358790391029,-0.0030560123410446924,-0.00024826827950294586,6.559115940559777e-9,-2.3264106272387753e-8,0.022294090329730884,-0.01133801728606465,9.139703784460738e-6,7.428436234298883e-5,2.154503377050289e-7,-0.002271030199440138,-2.1736250292551823e-8,-1.3385831939437333e-6,-2.1582858245506904e-6,2.281832505655224e-5,-0.00015771787690244265,0.0061401663937068005,-3.7372093217906333e-7,-1.4814788183878716e-5,-3.3733993940000945e-8,0.003564653848293069,4.0593057277523885e-7,-0.0001998270528712359,2.911279127301675e-5,3.523116117394242e-6,0.003539958349855793,-0.006023115147029238,-1.1647788530142474e-6,-0.00040874134554354686,0.06359833552550447,0.009949646285081487,-6.40306025535997e-6,2.0777213536957293e-8,1.3164375807308278e-5,0.00027862686914574325,0.0003662029581630165,0.00017289133799703563,5.461906295204245e-6,-2.4041981805910863e-8,0.00043326162841593474,-1.6129550868745365e-5,-4.820303425898112e-6,-0.00022092366618427694,-1.6664423573887631e-7,-0.0015742727884827334,0.0002791264696985361,-0.00047633338781752414,0.03619275703423486,-0.0005386824538092024,0.00011426469497229514,-6.886763009190998e-8,5.167235538252948e-5,-0.03322943790524827,0.0001413822016320426,-1.364659697196276e-5,-5.015119080141929e-7,3.210043072133579e-7,0.01019134032837098,7.315724663551526e-8,-0.00013403134909933487,6.988924662459397e-6,2.845030365185734e-5,0.004234452419455449,-0.00010959380121139453,-3.778224473317353e-7,3.9512119938883483e-7,-8.540724402703534e-6,-1.3407207956095919e-8,4.237139806034513e-8,0.004826274851639684,4.677350022383334e-6,0.000637943551643212,1.3114556161346876e-5,-9.521899305829448e-6,-0.0008727933776397652,0.006269101244902399,-0.009689310619205608,-1.6733753447440277e-6,6.897814793427986e-5,3.2022320706917045e-8,4.998027914041399e-6,-4.857573008614612e-7,0.0642359198154307,-0.0001561197130240833,0.000706814807823652,0.0010499976005911176,-2.4151896239344595e-8,0.00030416838700428767,0.10268107595461554,2.3950295553152664e-5,-0.0008369079516838062,7.414984521705929e-7,0.0008096797312588198,0.0015769454042193069,1.076441026392631e-5,7.964026656040416e-6,4.397920286151279e-9,-0.00029457357068123796,-0.00012051079437974457,0.008211356714147305,4.251299857915819e-6,-1.3538501795515877e-5,-4.925400130316555e-7,0.006720194697132835,0.0002603186338011291,9.772385144122158e-6,2.1623323208102832e-5,0.0068582314427190995,0.0042917245132353095,0.09442643526195224,-2.4123154886261703e-7,-6.405473365215803e-5,0.009512245842004144,-8.34027658775466e-8,-2.3452234842088798e-5,0.004665212573720378,-1.8941838352965794e-5,-8.85914893423754e-6,-0.012855298963427016,-0.0011420702048774354,-6.148844887187538e-5,-0.004239718067003034,0.0007864069325360498,-2.8101153482262897e-5,-0.047757705363604554,0.001093174340350856,-0.00123593958298682,-5.412249784250383e-5,0.000598574014226911,-0.00022477198644780034,5.7221526338153815e-6,4.9018761993540705e-5,4.090395067400591e-7,1.686742395337092e-7,-0.0019509601344277127,0.02455303704407345,-1.1292343181888694e-5,-8.661980921727452e-5,-1.5371062472375572e-5,4.039660118835843e-6,0.00010277723678379684,-0.00020687771111119841,-0.0017829101527651247,-3.035010250136912e-5,-0.0018311875871417976,-5.202582311667877e-6,0.018273642160007285,-2.255011394185877e-9,5.310472052961859e-6,-3.983198565170149e-6,0.006005231363104533,5.461862876234543e-6,-0.007808434859092769,0.00097528231869753,-9.499532052655963e-8,0.020484198195815945,0.011501243486607768,0.003719869137949529,5.484049583659722e-5,0.002848976422555053,-1.630808321056119e-8,-2.647269752806905e-7,-0.0014339678087573588,2.42013041707164e-7,-4.137853707235075e-8,-0.001846249954924018,0.0003513007373861872,-7.223793393323409e-6,1.9262738390365343e-9,-0.0005055767766713828,-3.791835287192012e-8,3.223583898567276e-6,-1.1501737084201704e-6,0.002840910419563264,5.016696999305429e-10,0.0077904404526797436,-8.979587967529542e-7,2.639109808533206e-7,2.191504588657827e-6,-7.167098324182772e-6,6.908194709974615e-6,-4.698473196454338e-6,0.002269416035026311,-0.0011163106290918326,-0.0001995439236890406,0.000425670977975861,0.0003030049223931208,0.020873376641330404,4.199303697923266e-9,-0.021300214849847066,0.00022665383878252968,3.641803023447103e-5,3.575834527248009e-5,-1.7300449692845353e-5,-0.002021137633429299,-1.865442660522419e-6,1.4385424590003124e-5,-9.805262539357086e-6,-0.0020399144682454965,-3.438443426111447e-7,-0.00033739466352789027,8.396845755225462e-6,5.3227926056420965e-8,1.0009038320288964e-5,1.1827407075275889e-7,-3.736843018394392e-5,-6.978237187079571e-8,-0.0015859813687898734,1.069518057122824e-6,8.434312527033522e-5,-0.009958398280438596,-5.668259834674812e-7,0.00027159973610813514,-1.1082707715411417e-5,2.960399119319143e-6,3.393454414397569e-5,-0.0005376186360458077,0.0012520960323952849,4.31890687004606e-8,-3.917239367835826e-8,5.782776265394829e-6,0.0006464466352554103,0.012079469026635406,-4.3581922366106305e-6,-6.969301826388124e-5,3.6245278888216464e-8,-0.010942765248254847,3.743641226986294e-5,-0.0005905598230883889,6.108889546441732e-7,-6.59745577082521e-6,-1.642758782328236e-8,-0.0019244291442499035,5.718566775933609e-7,-4.3596042116407185e-5,1.7505682589326634e-6,8.52919388112201e-6,2.3836025616767708e-7,-1.8791001352392126e-5,1.3043865537689633e-5,-2.3609382794254503e-5,-0.001436093751805219,-6.681919184964946e-8,0.0001807484969080038,5.857171854996375e-6,4.24682039252103e-6,4.872722110546344e-5,-5.949081457950436e-6,-1.061707118601454e-5,-0.0001029239186818775,-9.129000739853637e-9,-0.0004895796736887214,0.013171140117270634,-0.00013431765548241122,3.2893824313821013e-6,3.405289588706222e-5,-5.534456644340394e-5,0.000689111835182328,0.0020432299056815264,-0.0053929911404741,0.016499788878649918,-0.02223807119980416,9.070614813648612e-6,-5.4576596426756504e-8,1.5374938283398804e-5,-0.0005901234125813469,-8.73946504503189e-8,0.03599168873194607,-0.0004749235704869713,0.04816518208095445,0.00020778178457534678,0.11111340515265662,-7.495456004491833e-7,7.870924610024064e-5,7.692694067641515e-5,-0.00015010046559617364,3.645260689155908e-8,0.00016006194001472163,-0.012736796994320156,-2.0251312039413652e-7,-1.9809091975939988e-8,0.00882046832722339,-8.627623952915421e-6,3.173998939974399e-8,1.0081965167297003e-6,8.106956346825487e-7,-1.3692422801169691e-6,7.54255726979336e-5,1.824826811403865e-5,0.0002884733594722753,-7.353103711946028e-5,0.06755758474079253,-1.886864911681915e-6,3.4700919407126525e-7,-2.881139753967698e-7,-1.6303321039120838e-5,0.046889021615974094,-2.1281909494073507e-8,-9.936827113148027e-7,-0.019938740841951883,-2.012966408766207e-6,0.04009484228989989,-0.0006692250562298326,3.6885374394703577e-6,-0.00010157283053103194,-5.122622586201184e-7,0.012935440725599101,-1.4133716294921352e-7,0.003113040821234267,0.0033672745109542936,-1.2811177599857175e-6,-0.002660083813648516,2.7242847468986743e-6,-1.8705003715370567e-7,-5.830956232052126e-7,-2.3924996188356637e-6,-9.068815169872076e-6,0.10007079694008111,0.030687716823963335,1.7790503635546527e-7,1.8495831441487624e-7,-1.0124720280727674e-5,-1.74899438941007e-7,0.003968718164057219,9.170687938044686e-5,-1.3851621819516843e-8,-0.000141789089044768,0.00013665152772053776,-5.2745706474829915e-8,-7.771361344715526e-6,0.0017500424436030263,1.559521241133601e-5,-0.00012296479663753216,3.1644544472426194e-6,-0.0030989952902672415,0.0008385386962628389,4.7317370728226675e-8,1.1734902418067564e-5,-5.5074881936356256e-5,-1.7103474087521522e-7,0.00047961016937285694,1.9307628772179695e-5,-0.0005490045028366136,0.017195794640156414,0.016159228753976056,-6.799842572234394e-5,-2.5183368501672104e-6,-9.266924765743467e-5,0.0012532336001110178,-0.02902684935380116,-4.867919017212647e-6,5.077972495695561e-6,-3.102718270233389e-6,-7.516752709902496e-6,0.0009925873721699514,1.1955510633562348e-8,2.8366157534614107e-8,-0.00021714195811598319,1.5617068225786296e-8,1.255400271411233e-6,-0.0009850060549335736,0.002384720049173117,-2.2726397451075102e-5,0.0001255481878832441,-0.00037910244071996175,0.011090915440324702,-1.6380729412197876e-8,1.0750517507926771e-6,0.0003203285823222367,0.01818396548390329,0.012075062735316127,0.01291232568897891,-2.9354829282054278e-8,7.930721658336488e-9,-2.9380369674440134e-6,6.3809216891886575e-6,3.208518452662964e-7,0.000619015544739683,-6.40021715812282e-7,1.7937941952033873e-6,-0.0013063200809879272,0.05423041504432458,5.654867032217364e-7,0.027066203228258555,-0.0019868892425616625,7.030073550613057e-6,5.073012698216278e-6,-0.0001330094451396878,0.004900321805333316,0.013245844795184848,-0.00042652782392030644,-0.0001235945653754733,5.9777177641347714e-6,-3.79905872135668e-5,1.0034143759584195e-5,1.0370725554244305e-8,-0.0010273787566828687,-2.499323587038526e-6,-0.0011011306352369662,-5.754786535397879e-7,7.751730162068105e-9,-0.00014932261810841164,0.004892882471622081,-1.5679709036620043e-5,-0.0011133672485522242,0.007440797640498535,0.011764301028122405,-1.1699936592464525e-6,-2.2213296808432445e-5,-0.00011085342180107544,-0.000535905702008031,0.010879586785472427,-1.2003722022974829e-5,0.0015817714568881495,0.0001316294314568212,8.360079797942807e-5,0.013365711195982058,-1.3818501531868894e-7,0.005425681497424722,1.8970374313788254e-5,-1.9185730557541994e-7,-0.00024125408617767268,-4.327726446830159e-6,0.005928574998776386,2.8463536698366248e-8,-6.486011203892284e-7,2.0220477913827927e-5,-0.00016205148460722915,-3.6743659790198166e-6,2.8237330044309285e-7,-1.0003788437677227e-7,-1.1534195316659358e-5,0.00047747882755001293,-8.348318949427035e-5,0.003405474537325772,-0.00022577388127290773,3.1011550227836276e-9,0.00975344706399945,1.8196463690171468e-5,-2.528440992146742e-5,0.00010223526689620898,0.017189903870297684,-2.5880482030451393e-6,-0.0002829057157857445,-0.01784206944364883,0.06880315258464212,3.698006977283512e-6,-7.73184969298504e-5,-0.0011749098289697405,1.1690100357467533e-5,-0.0010518440352813424,0.002037778425754119,6.697251874973544e-5,-3.20014867952858e-8,-0.006483491559976738,0.0003808210134093035,-3.749806012599427e-6,7.229622478468589e-5,-0.007567061429592777,-1.7229831509633036e-5,-1.74371183925133e-6,5.717609401096838e-8,6.1550101433806e-9,0.0008450524450415012,-0.030604187254018582,-0.002107209104440986,-1.2533820067641206e-6,7.760623853898107e-8,0.042930591538340356,-1.397819881233267e-7,-9.067994121509858e-5,1.346590492848092e-5,1.7777699954179045e-7,0.00021913779340632485,-1.3318017110387132e-7,0.00561133637366089,0.010905150687713645,0.00011716359273722905,-5.753098553644749e-8,0.0002679105025870628,-0.005483360558789459,0.004050097111770815,2.5233272956020664e-5,-2.8946735667326425e-6,-0.00037454995511918866,-0.0017974810801345078,2.5924255001831685e-8,-1.7246032299702053e-8,1.928318365804174e-9,0.00047270917352446024,-6.069450875281089e-8,-0.03740734036948547,0.0003025289932450168,0.005817199392167481,1.1737795252788829e-5,0.004674046305161333,-0.00025700213098105265,-1.9264802840955824e-8,-0.009265803897686031,0.0008099892245154707,0.021789667115238734,2.763618704443373e-5,-1.2913878198259366e-5,6.233515230946634e-5,1.2019891970968616e-8,0.00020032748946725496,6.208515226025139e-5,0.0018226757906043896,-3.3444708542963826e-6,0.00015574104359369735,1.765318061706402e-6,-0.01234055220185629,6.155884880733343e-8,-0.003084860223938752,-5.101854285873887e-5,-1.1973151885252062e-5,-0.0007792485110216386,-0.0005380042485164748,-0.002773127364693792,0.001480110775787492,-8.326609540570202e-6,-1.7256297112564679e-7,0.0014275717959751871,0.007301369845813823,-2.7701786642226382e-5,2.690091905015285e-5,-1.9260671473034652e-6,1.3614276559254368e-5,-0.0003285518127654279,2.641729146647385e-6,4.1968558111892123e-7,-8.564032908094488e-5,0.0009846910452706392,0.002220476787195626,-1.0839056608756683e-6,2.4220868341970846e-6,-4.3950387083290194e-7,-0.01070030460146061,-0.0014348489383190443,2.3901020431160777e-7,-0.001157869123242721,-0.00028893823989335494,0.005015904239539365,0.003924124490823866,1.6603230641952074e-7,-3.340341941845785e-8,-0.0004258610075366579,-0.009013816877178525,0.0016994601470436367,1.1545495683378767e-6,0.0026613231802955052,-0.00016114260968314744,0.0005748012410895837,1.7514336684372692e-5,3.823226776052951e-5,-3.8021906047559944e-5,-3.2290926541988253e-6,0.010947785694969117,0.002475815768680536,0.007150662122992054,0.001117414160492667,-3.563265726096519e-9,-6.628821476889993e-8,7.544666570114081e-6,0.09482858936669655,8.692286883368045e-9
0.0,0.0,0.0,0.0,0.0,0.0,0.0,0.0,0.0,0.0,0.0,0.0,0.0,0.0,0.0,0.0,0.0,0.0,0.0,0.0,0.0,0.0,0.0,0.0,0.0,0.0,0.0,0.0,0.0,0.0,0.0,0.0,0.0,0.0,0.0,0.0,0.0,0.0,0.0,0.0,0.0,0.0,0.0,0.0,0.0,0.0,0.0,0.0,0.0,0.0,0.0,0.0,0.0,0.0,0.0,0.0,0.0,0.0,0.0,0.0,0.0,0.0,0.0,0.0,0.0,0.0,0.0,0.0,0.0,0.0,0.0,0.0,0.0,0.0,0.0,0.0,0.0,0.0,0.0,0.0,0.0,0.0,0.0,0.0,0.0,0.0,0.0,0.0,0.0,0.0,0.0,0.0,0.0,0.0,0.0,0.0,0.0,0.0,0.0,0.0,0.0,0.0,0.0,0.0,0.0,0.0,0.0,0.0,0.0,0.0,0.0,0.0,0.0,0.0,0.0,0.0,0.0,0.0,0.0,0.0,0.0,0.0,0.0,0.0,0.0,0.0,0.0,0.0,0.0,0.0,0.0,0.0,0.0,0.0,0.0,0.0,0.0,0.0,0.0,0.0,0.0,0.0,0.0,0.0,0.0,0.0,0.0,0.0,0.0,0.0,0.0,0.0,0.0,0.0,0.0,0.0,0.0,0.0,0.0,0.0,0.0,0.0,0.0,0.0,0.0,0.0,0.0,0.0,0.0,0.0,0.0,0.0,0.0,0.0,0.0,0.0,0.0,0.0,0.0,0.0,0.0,0.0,0.0,0.0,0.18299236335598015,-9.347193089427644e-5,-5.784948223922529e-7,-0.0019046324391393192,4.579428633717087e-9,0.011162176930216296,4.433836916503678e-5,1.0557110855557098e-8,0.004699667259734195,-1.319009955384789e-7,7.451181872945836e-9,-0.0018138120017698214,-0.000285510132386739,-3.689610030978326e-8,7.206008705918559e-9,0.0027334406238130977,-0.004614025044266932,2.454692497091426e-7,-4.157818787509124e-6,0.00026105981298261906,0.00041967041166925616,-0.000136187846314198,-0.0003141625124304197,1.2262608711426677e-6,-7.753942683849767e-10,1.6548902204313602e-5,0.003631474811712444,3.4809911435052054e-10,0.006057666816348037,-1.3091459276777004e-5,0.005004430241614625,-1.0652246307870815e-9,-2.5041665489061173e-5,2.9951506610159767e-9,5.4930960247675615e-8,0.03235563814324939,0.0022789164251838007,-0.002395680299569882,1.8884541634074083e-6,1.1879491407025428e-8,-0.0003671157258362656,0.0002517356657123201,-2.927449855094724e-9,-5.680646582091191e-7,-0.003793318071116698,-8.767638150762526e-9,0.0015831284185072532,-1.7567447946706298e-5,0.010187595083887313,-1.4453247269688001e-6,7.829382141964226e-5,0.011191985915331262,1.402414092914899e-10,4.0985183884051784e-10,0.0011488552974324598,-0.0016404781030962784,1.0923684894987773e-7,0.0019511073246007717,-1.612069484832021e-8,-4.538714722655051e-5,-7.229939712890308e-10,-0.00014764381135082069,3.750549005608983e-9,-9.319856605859323e-5,-1.0113286246771317e-6,-0.0014350997482254974,-1.8473977864667885e-9,-1.7017008979774042e-7,-3.0142912098067154e-10,0.007803749814468953,-1.4400187839451719e-9,-0.004068219276309874,4.4755012952934186e-7,2.3497863086402783e-7,-0.03356229459574816,0.0017444623164670518,-2.378075124848487e-8,4.79842229845154e-6,0.0005656739952723827,-0.00022690858327594003,-0.0005956962377377675,8.547955347842541e-10,0.0012219736424882845,0.0005475258758699778,-0.007729287072381455,3.151087595856342e-5,1.1124957826560207e-7,-2.1357568285882457e-9,-8.134861636207796e-6,0.003995404612244345,0.00020823219536001252,1.9553387176888766e-5,-2.1678343880937865e-9,0.018251553281739333,-2.942569524130164e-5,0.008582903652517907,-0.0015476448611781233,-6.490452011304994e-6,-0.045056209351174374,-2.4438203489688276e-9,-3.328454647039325e-7,-0.0006528716209942536,-0.0013901289693719723,2.520078538688732e-7,-0.0009334297504137506,2.8921140089861017e-8,-0.0040757656158364785,-5.03352439978466e-10,-0.004925902626727203,0.006162708669269834,3.505943958240345e-7,-9.272257994043466e-5,-4.163109232304914e-7,-1.047076067272915e-8,1.202944704315063e-8,0.00017299992716189426,-1.3647484985168348e-10,2.893113141586106e-9,-0.000350441643537794,0.00048476456586490956,-5.99385641566467e-6,2.1291354786262756e-6,-3.063921941646399e-8,3.063107619772675e-5,-0.034881840973296656,0.0009885973745643482,-1.0127639839359031e-8,8.735504062427072e-7,7.902879228379752e-11,7.836547410707569e-5,-1.1893120853534358e-8,-5.431098568203603e-5,-5.1721164771591214e-6,-0.022466699592316786,0.007902015917627927,5.949475640977024e-11,5.394656590211826e-6,0.00020199917362287908,-1.1529163686369936e-6,-0.0025465284862593984,-6.290370668455803e-10,-2.039929758890415e-5,0.007641855306834589,1.3608344036314266e-7,0.002436460949272087,1.450669428951108e-10,-0.00984709940477015,-1.3140289257649428e-6,3.82560092018077e-5,0.00033775978773133234,1.0379222278484468e-7,-1.0471876988396057e-8,-6.130612678718874e-5,-0.028964196725556186,2.681697734385461e-8,0.0001363053817722248,0.018292183073818878,8.361091554179248e-5,0.0010104974793878718,-2.6965676056784237e-9,-0.0010016354158879066,-0.0004117057530039297,4.282951432238584e-9,8.252402053650845e-7,-0.0027805994133892897,-0.0015188030860194364,6.412015818741127e-8,3.789707915448236e-5,0.008718089116090077,-0.003234550178432823,-0.00017554702365770637,1.0228001064074162e-5,-1.6160507867347954e-6,-0.00023674055550548697,-0.028689818153222916,8.695519619996622e-6,0.0005493376960096342,-0.0017270401142069779,0.013087403031955918,-4.6959606755911715e-8,5.379351272671578e-7,-7.713466225183283e-10,5.887588188179863e-9,-0.004325630357544815,-0.0011556424500442878,0.0006894372918949404,-1.0580558560798134e-7,-0.0006461530725131827,3.053532338353383e-8,0.007859715641852569,0.00011499700192814003,0.07149224950779977,0.02027691163429333,0.011593890507609792,-0.00010639150086982164,0.009089883606841586,1.9564741001195504e-10,0.00018600665690419714,-8.971875561958078e-5,-0.00021221857811774543,9.528057072785081e-8,-0.00037609203050166577,-1.6222940503909187e-5,-2.1306282843461446e-9,-8.201054750239491e-5,0.00013149860790923876,-0.0015544110755689449,-3.5348809218028318e-6,3.1891866205580106e-5,-3.8883517171464353e-10,-2.7075898886763798e-9,-1.7214840671546473e-5,-1.1969244837571283e-9,-1.2083572702905918e-10,0.002838640062037724,-0.0042214417422233984,-0.00025753382828494546,-1.5954088676086446e-10,0.005958319237475498,-4.366111600965299e-10,-0.0002994529721698091,7.485731058090151e-8,2.2193361736601576e-5,1.4183455385738227e-10,4.656418648401503e-5,-0.0002589326642068915,0.00012201499501595502,8.26508537180254e-5,-4.383713272098481e-6,-0.00017659686978767697,6.627951614690701e-9,0.00608082955619327,-0.001587697211293554,3.561496051007188e-6,0.028079380020680614,-0.034623240861038136,-0.0031741582294465102,-2.0486908595300887e-12,0.0020840595977558835,1.0657106504246063e-6,-1.0513346313894719e-5,-0.004370873349355974,-9.481482469553609e-7,-0.01477383648587681,-3.9509504809773374e-9,-0.00012052994698742914,-0.00021419764106421328,0.1346317219235297,-2.914975837613126e-9,0.0012921655516327203,-1.23521197382404e-6,9.220562442518976e-10,-0.00014148343795999377,4.432240394421698e-12,-5.771837379920283e-7,4.86601396038161e-9,0.0011316944030312203,-0.0014911224465078239,0.001730018340091933,-0.0002963657340591904,-0.000281402971825033,3.2835877345423353e-6,-4.7979522260751744e-5,6.51124294298176e-8,0.0026293948748658267,-0.002391979812146041,-0.03868625745798975,7.356247769590816e-10,-9.45132473055203e-11,8.769226648997092e-8,5.8804399020738034e-6,-0.00026080285871091046,-1.7158795093869e-7,0.00018109906932090437,9.148460156580807e-11,0.0035476576743651797,-0.004514357855770748,-0.017598911931294127,-3.988865587172541e-8,2.2935553562673503e-5,-5.186605936121292e-10,1.3469599183247206e-5,4.319031534488476e-9,0.0014288739517054037,-0.0005947268638337709,-0.002237280829508058,8.845194077022482e-9,0.0031219603924372724,0.004750687522349842,-0.005220067645488848,0.000885010992018299,-1.5616385749501299e-9,1.612434690001754e-6,1.351410334260435e-7,0.0007701392749872474,-0.00412950947954974,0.0003299934049340356,-3.2617137580578826e-6,0.0038296807067596302,1.3220423354198192e-10,9.228076098027304e-6,2.552744251862514e-5,0.00747183280058967,3.931136171502074e-8,3.4342496880675786e-7,0.00551150411031557,0.004339293368702252,2.9697367051760572e-5,1.8653121707678575e-5,0.0001063414992580093,-0.0005017138697830158,1.4122593392015274e-7,1.4899628385890367e-8,0.0007475405470158827,-0.0015697357412110782,-7.684560712323106e-9,0.00022152545571328054,0.009625831914494681,0.0008354140413338086,5.711876571701092e-7,-0.0009638915481099076,4.488515883082249e-8,1.4244436962764978e-6,5.194096879513508e-7,-3.6191959216824938e-6,-0.00018504865705608063,1.4837626028570106e-5,-0.0005227536819971874,7.077658408725638e-9,-1.1847890751785617e-10,-0.00037336280810226335,0.003092746667939827,5.045370793683202e-10,1.0085525511644477e-8,6.66012675937815e-9,2.376493709208502e-8,8.723542358193397e-9,0.0029385158166429894,-0.0031712516490465,-9.646663805387209e-7,0.0004157302252707811,3.777428692797795e-7,7.9992383309527e-9,-7.555479747073237e-9,-4.7195427140258123e-7,-6.641674658708039e-5,-5.720079250370174e-10,-1.5326507933346664e-8,0.000359093065562558,-0.001417467901841832,-0.0006287185951340107,4.448236660870937e-5,5.535484911654124e-8,-1.4701357933460166e-6,-3.270589227450061e-8,-0.00017239026183146801,2.925898559319318e-10,-0.05062011800567793,-0.02967930061100288,2.3030862071037595e-9,-2.581163393816315e-5,6.846855648469223e-8,5.228643573091008e-10,-2.082220455430964e-8,-0.00031666344928427045,-9.35344150196587e-8,0.001135906682449937,-0.00012746348714860167,-1.9212496623869776e-9,4.2439998812518974e-9,-1.1040536704200857e-7,-3.2952714370745014e-9,0.00016198008719114533,0.001852915633057787,-2.088356405361502e-10,0.004880788856300968,0.0027709343804829716,-2.303905524856772e-9,0.0008032268802505138,-0.00017984751226069807,-3.5576495692406354e-7,7.105582958658204e-7,-0.0005239496836471576,-0.005885906276154682,-5.625353879557998e-6,3.140201070498215e-9,-0.0008335053794767612,0.021237705930613363,2.2308313157962942e-10,-0.04447414822291263,9.842987995115372e-7,0.004315549569044754,0.00017500446566060256,-0.0001226984008178011,1.1939910868734356e-6,-1.5893073583952153e-8,-1.1174557356724852e-6,0.003108933556137819,0.00485911106651951,5.768464453747815e-7,-1.308242324990295e-8,-1.5114418868020918e-8,-0.0001079212566847578,-0.03822029973695806,2.4702640344495063e-10,8.299203887982218e-10,5.770885717455073e-7,5.053697826218506e-10,2.2822973946682625e-8,-1.594646644693326e-5,3.849917297435661e-5,-1.0049638016323412e-6,-6.703192701878228e-8,0.06651130112049373,0.00013983859118296777,7.189436083881468e-10,2.058418216483983e-5,-2.5976030982516628e-5,7.939447507072094e-5,-0.0027689024930898118,-0.005204041417708912,-2.147947667684922e-9,1.6042824423256026e-10,-0.00011320641808953756,0.0009109786743971295,-0.0002500392716133935,-2.622193999228597e-5,-3.6887246395343387e-9,-3.9393160573744355e-9,0.01544811328426753,-0.001716465002876844,7.676510732376858e-5,1.1480727107147232e-5,0.11034457680715802,1.085425169043792e-7,-1.3014343288997516e-5,-1.2559614622072176e-6,-3.2632699402643245e-5,-0.00018081106017064894,0.02669202608757506,2.4306177989254006e-7,1.9339811419750396e-7,-7.158982123187474e-7,0.0012174411015871292,2.2080600665821353e-10,0.11492237928008013,-8.540371164433958e-9,0.00037834664729134466,-8.632141251801175e-9,6.305853736183994e-11,-0.02153121020120166,4.172841844007577e-5,0.0003233922679171231,0.00029434593474192156,-0.00028130978769671014,-0.0005660302899935662,1.9638572940875903e-9,0.002028406388035781,-0.005026421364341803,-1.0663018190256895e-5,-0.0027586296407167248,0.006832408036872697,-3.941657942163859e-5,0.02701161647276277,3.890791729685209e-7,-0.000967060214191306,-1.3614833841958136e-8,3.7645018952268204e-5,-0.001198788144488626,-2.8550947517196983e-9,0.008986253117183684,-8.814512365233048e-5,-0.000267802953438316,-8.909540345353548e-10,6.741643667783937e-10,0.0022307858427391613,0.0019620525881281297,-9.256397126725757e-7,5.19670525158251e-9,-1.7926663976514696e-8,5.55313518534687e-8,-5.350975082901363e-6,-0.0035117825752451226,-2.9521416672596505e-5,0.011003838413268307,6.378041474760936e-10,-0.00031047481797714797,4.375872350035247e-7,-2.6012510822237024e-6,0.010445450537251308,-0.0009012016069547519,-8.00656738596441e-9,3.5931547378013196e-6,-0.00028605522244581606,0.0005630707192281758,5.845083879869964e-8,-0.00019508911693826491,0.034191704160340425,-1.1352262986494262e-7,-1.7940418214237652e-5,3.5454541413816343e-5,-8.521581892683683e-7,1.8185456307119125e-10,0.009071534608501294,9.275738133301983e-7,0.00024428626600428785,-0.0012642681113722405,0.00035327219887319354,0.0024144154108323847,-1.539615787587692e-6,-5.01759107338202e-9,-9.576514989091915e-10,0.0020914953200977726,-0.0024934147318137027,0.08248416360456785,-0.0004383652121387974,3.890834810101684e-9,0.00023416745074535697,-2.386896319046783e-9,-2.179860964632037e-6,1.5466888435380547e-7,1.5241337662580593e-10,-0.02078001050696646,-5.210614341479987e-8,-0.013591296876324386,-0.0023322994201708646,0.006743755040406211,-1.5110759074380633e-9,-0.002179821967831882,1.3598713810733807e-5,0.012476727995661399,0.001090141562876356,0.0003812600332040372,-4.594552992643044e-6,1.5003577214029332e-5,6.773433710597639e-10,-3.548188869153347e-10,-5.3081126222370663e-11,0.012189743623241387,-3.0305661328616468e-9,0.00020149814929784862,-0.022103006182917734,-0.020439253528409765,-0.00021117061237987145,-0.00011454078635230257,0.012802199034835265,-9.677783653809606e-11,-0.0035075662408911574,0.008119466345135563,9.099781658631388e-5,-0.001897337403023544,0.0028478614474407617,-0.00467773657990249,3.9384618013912835e-10,0.001436359921271381,5.483302371774933e-7,-0.00021053371386776606,-3.5336834439032115e-5,3.0171906064374825e-6,8.521750177806868e-8,-3.35712440150477e-5,-7.01702655682264e-10,-0.0020395504318187754,-0.010169076600103947,1.6969174449775624e-7,5.866861891149807e-6,-2.79525344921754e-6,0.009284500748875869,2.5133036714747323e-5,0.0005957760793827996,-5.362734590678699e-9,1.2343049438717768e-5,-0.00241198829307658,-4.536047266640884e-7,0.001429235649114599,1.058900494374313e-8,0.00024224276611070235,0.007701337531265878,6.626827500365148e-5,-6.380323451750098e-9,-3.9440191215455745e-7,-1.2233810022760235e-5,2.289709663611824e-5,9.596299582353344e-5,5.1453309665934974e-8,-6.595442023536047e-9,-0.0003639453221050608,0.09993852634226856,6.299985071321152e-9,-2.0812070504528234e-6,-9.689796157420745e-6,-0.004268125230213655,-0.0046256224877648374,5.7048687963806555e-9,-1.374278982804219e-9,0.010498559106490469,-0.0013319906214947798,-3.4123507777233325e-5,1.6093217925584917e-8,5.8675033975736744e-5,-0.010085802124557989,1.2654137557366866e-6,7.799802016869121e-7,3.750414549324146e-7,-0.0005494512490004098,0.008348416637445028,0.008256375860623479,-0.020700789477217853,0.008286661881751981,0.013336759034512395,-9.703843301726066e-9,2.53815048128367e-9,0.00040511887876718526,0.00025683105989952193,1.015117036987849e-10
0.0,0.0,0.0,0.0,0.0,0.0,0.0,0.0,0.0,0.0,0.0,0.0,0.0,0.0,0.0,0.0,0.0,0.0,0.0,0.0,0.0,0.0,0.0,0.0,0.0,0.0,0.0,0.0,0.0,0.0,0.0,0.0,0.0,0.0,0.0,0.0,0.0,0.0,0.0,0.0,0.0,0.0,0.0,0.0,0.0,0.0,0.0,0.0,0.0,0.0,0.0,0.0,0.0,0.0,0.0,0.0,0.0,0.0,0.0,0.0,0.0,0.0,0.0,0.0,0.0,0.0,0.0,0.0,0.0,0.0,0.0,0.0,0.0,0.0,0.0,0.0,0.0,0.0,0.0,0.0,0.0,0.0,0.0,0.0,0.0,0.0,0.0,0.0,0.0,0.0,0.0,0.0,0.0,0.0,0.0,0.0,0.0,0.0,0.0,0.0,0.0,0.0,0.0,0.0,0.0,0.0,0.0,0.0,0.0,0.0,0.0,0.0,0.0,0.0,0.0,0.0,0.0,0.0,0.0,0.0,0.0,0.0,0.0,0.0,0.0,0.0,0.0,0.0,0.0,0.0,0.0,0.0,0.0,0.0,0.0,0.0,0.0,0.0,0.0,0.0,0.0,0.0,0.0,0.0,0.0,0.0,0.0,0.0,0.0,0.0,0.0,0.0,0.0,0.0,0.0,0.0,0.0,0.0,0.0,0.0,0.0,0.0,0.0,0.0,0.0,0.0,0.0,0.0,0.0,0.0,0.0,0.0,0.0,0.0,0.0,0.0,0.0,0.0,0.0,0.0,0.0,0.0,0.0,0.0,0.0,0.18249454960697178,-0.00022068428377492564,0.0002455217568881641,-1.0671128205763325e-6,-0.00023499694056884957,-0.0052696043223291415,-5.56544146467658e-6,0.0005138493892652721,0.0007664530834913276,-1.0004386097024823e-6,1.538227485376211e-6,0.02404973655901385,0.0007264979953313911,1.241318355727199e-6,0.0004143097071750757,1.0558192755224542e-5,4.534144788735612e-5,-0.003774270311130323,-0.005541358157052091,-0.0010584376810087366,0.035129287587508544,2.5917838953203426e-7,2.471370396670901e-6,-2.7534957860958584e-6,-0.03853391722335629,4.836024732507546e-7,2.876951272288961e-7,1.2113619763176945e-5,-0.03226618342438457,-0.005918007872135583,-8.398863609858176e-8,-0.007394558847846785,1.5404212213316158e-6,-4.8079203350105694e-5,-7.681251999916567e-5,6.98636898212201e-5,0.003362731444469676,-0.0008200473124781076,-1.00037260041563e-5,2.9478114851152333e-7,4.882119464739048e-7,-3.74139164422862e-7,-0.00013467156453796325,0.001322904850097585,6.670549058896699e-6,-1.734238430152296e-6,0.06265511204356006,5.843975718756005e-5,-0.0013464452937846027,-0.030362056531751287,3.944216571657744e-5,5.870919720218851e-8,-1.359091239737876e-7,-0.0019500674493366174,-0.006993044704775502,-1.448853621267191e-5,3.1563837277491146e-6,4.3659598856889315e-7,-0.0030080202105447263,-3.5270215702857434e-8,-1.6147659164706555e-7,3.1959949352140307e-6,2.1413969059909928e-7,-8.975269583121279e-5,0.00044995894894517605,-1.4076536408457711e-6,9.136747068415785e-6,-4.0373174042752663e-7,-0.0006334923660142257,6.516150463449483e-6,2.750506482016667e-5,0.0001587130258818919,-0.000289789947542682,-3.061414165302296e-5,-0.000806604186555857,-6.566506184800719e-6,-0.007005783312108258,0.015367198243565578,0.0050901104199670075,1.6984117951277447e-6,-2.141014539284346e-8,2.6774562616928533e-6,-7.655493148926381e-7,-3.819363397330573e-5,-0.024170060604283627,-1.0318220808009091e-5,9.705034082594165e-7,-0.009634503522397413,-7.01132162185729e-6,-8.077367528980214e-7,0.0031894606314360413,-2.361964297949545e-7,0.00031562973757833884,-0.006038627525387506,-1.4993105236163525e-5,-0.00238507289360213,-0.003997080242427923,-7.424583358944665e-5,-3.44499436946528e-7,0.0010506186511420638,0.010365855556099715,-9.961615989558267e-6,-0.00017605699654895152,2.32512479311503e-7,-1.4116905663285369e-5,0.0007233765830522277,4.126476452871653e-7,-5.0091486830305776e-5,2.9138053842426076e-6,5.1337908103962985e-5,0.06893194139108447,-0.0022254943710383022,-8.30464904538345e-7,-1.4618010883626606e-5,4.43045216233237e-8,-6.076957381687149e-8,-1.1520332446797923e-6,-0.01485695922280176,-3.9471271407322845e-7,0.004611257552829158,0.0011456840856267393,-4.858742743423148e-6,-0.014623414118650625,0.0006137489257490204,-0.0006709968037645212,-1.0150712356077896e-5,-0.0001190687271047264,-1.4860201485373567e-7,4.4820714803270814e-8,-8.453522495599204e-6,0.009627648957148424,0.003141462267286018,-2.0893405849053703e-5,-0.00036127837128380473,9.342147692625674e-10,0.0010829215504987101,0.015697974981240415,0.00041219867632031725,0.00026738698502333714,1.0058946681789867e-5,0.01123598962523865,-0.00015527776499393056,3.722422647516937e-5,3.761115477757899e-7,-1.0993423573284325e-9,3.326669349297658e-5,-0.0013268888306636854,-0.0002504471341285736,-3.3519751726083377e-7,-0.00021142555775353623,-5.1445590421024835e-6,0.09638820935160983,-6.797833379498672e-7,4.5008330898641137e-7,1.213878940268549e-6,-8.065308295809596e-5,0.0591731613951104,-0.00920953762346864,-1.4420986130075075e-6,-5.9264775395175065e-6,0.006625548479511379,-1.37319794288705e-6,4.4574750297741936e-5,0.0012181566654478459,-2.2541100681014008e-7,-0.00011197248621565279,-0.005573589098577989,0.00028610057651712876,1.1539787720288206e-5,-0.0013809491846197511,-0.004034071825660233,0.00028341986217888664,-0.006871493172591439,5.52416949275911e-5,-0.028091511329735544,-2.407703654736101e-7,-0.00011031009664328896,1.6856409717418486e-5,8.15357095327536e-6,0.00037215315169516095,-5.498540845591133e-6,-4.04541786168687e-6,0.0004881401884049397,0.00791533870180559,7.871859213675993e-7,-0.003579079803399708,3.1515444802990537e-6,8.679212623166403e-6,3.136896711774042e-5,0.0015202504670350074,0.00014217989203729612,1.7804945009024085e-5,0.0003185288902801556,6.861600657181084e-8,-0.0022035011874028633,-1.2234472959453039e-7,-1.4664109363599699e-6,-5.042104552920199e-7,0.04256600829241313,-4.126878180079547e-5,-0.005280121930566806,0.012182877652820796,-7.041212314619242e-7,0.008085421741349795,0.0072215939469933745,0.0013868678159351824,0.002654739729974929,0.0008302099497703513,-1.951123834675294e-8,-1.2326653183016916e-6,0.011109909411695127,1.6539689129259204e-6,-1.922560294125401e-7,-0.00012815436037601658,-5.291143283691736e-6,-4.559120164495279e-7,9.307124662854978e-9,-8.84893125170405e-5,-2.499445986947036e-7,1.2743797402229183e-7,-3.0269091261293897e-7,0.012410722181816734,-1.5745535587115906e-7,-0.004684206824972959,-2.600842249940565e-7,4.886349349954494e-7,-3.36579762802422e-7,-1.1851773520590394e-7,1.3095099710047834e-7,4.838814816429694e-6,-0.00039883615631254934,0.00022882456089112774,-0.0005108057266186027,-0.00012062882243910994,3.464388313276673e-6,-0.0011681974307543833,1.5669563995849044e-7,-0.003390490331510575,0.0003741474267315682,-0.0059786127347065616,9.151816679130956e-6,0.0001754246792223246,0.0002214379448180513,-1.3578209920059123e-5,-1.1306206595121566e-7,2.8833207677005804e-7,-0.00012908530017146806,-2.3875272476705963e-6,4.694049984241123e-5,0.0003220000755531086,6.307945092135368e-8,1.049034095327192e-6,-1.0514815165111353e-7,0.00016337791587344697,-4.140338691643603e-6,-0.0014193329637866956,-1.0470870792993623e-8,-5.558261918698922e-6,-0.007102202751953634,-1.783031687884143e-8,0.0006293311739360649,4.992214583641575e-7,-1.8193088553359707e-5,-1.8490920957826835e-6,0.00013255304346249667,-3.355835190552076e-5,2.7376712436877394e-7,-2.774409108910007e-7,3.3255976950250974e-6,0.01631351629617165,0.0002211503027701004,0.00015173874529926903,1.4719651835653865e-6,2.8884683696306726e-7,0.0008293864112668278,5.4688124846873706e-5,0.00018110827861800012,2.4157060081887893e-5,-9.9787637301347e-7,-6.745862437348345e-7,-0.0570876724184752,1.6678345312322773e-6,9.06195551316801e-6,8.381751833105339e-7,1.0096655656536066e-6,1.1773087445847182e-6,4.596914729184701e-6,1.4489395754853216e-6,4.452481472720914e-6,0.00028770678609794107,-7.272856812164388e-7,0.0018873387662990183,-4.290230770475416e-5,1.4437425953593053e-6,-5.475011294919987e-6,-3.747430787801841e-7,-0.0027691109109130745,2.2401111397020196e-7,-6.365612288981342e-8,-0.006169467751263254,-0.0028086940548950083,4.969118257817907e-6,-2.850385409277296e-5,-0.00024611242858590563,2.9180752421505667e-5,-2.592309475499468e-5,-0.0012702826534473,-0.03230828997776239,-0.004666427058283138,-0.002674188055628327,-3.86154389275446e-5,-5.2149060427082495e-6,5.971411189646561e-8,6.609903170760531e-5,-2.3859148386633358e-6,0.02804378706887359,-1.064058813463078e-5,-0.006588687251671017,-8.325440473296122e-5,0.0003258829868038362,3.1902226070276937e-6,-0.001113654137406811,0.0007730490499413473,-0.0009337220564951779,-9.223888613581251e-7,0.003081252687189401,-0.006753160721839699,-3.2750144790595003e-6,-2.857529563245385e-7,0.006958072097374622,-4.63301238201074e-6,3.777330674043112e-7,9.114878724411304e-6,4.33503395122713e-7,7.477966284487042e-5,0.00040052374201332113,-3.77005930288378e-7,6.513150382102862e-5,-0.0006202968677952467,0.004404661997778923,5.876108645567966e-7,-4.152424622764824e-6,1.5755416369843398e-6,0.00011059454900656514,-0.01034572099165832,-3.3263636715152044e-8,-7.1011034570474125e-6,0.0032364039340847333,1.557258934410486e-6,-0.0027701605769656222,-0.025134553551619372,-3.983656272711455e-7,0.0009798783617978963,8.5789574280886e-6,0.09227590486024598,-9.861153686323637e-7,-0.00014095246598228283,1.6639299587039985e-5,-1.3264281131243583e-5,-0.010399258758619636,-3.733387170592513e-5,-8.711533931154379e-7,4.29678753689027e-6,4.1665939158781396e-7,-7.838626406662881e-5,0.003829968539375031,-0.000795899601291919,1.0503845733407565e-6,-1.442559688653276e-7,-0.00024851030796668375,-4.737226105907603e-6,-0.03121644434930283,9.789584569399914e-7,-8.797413107773588e-8,-1.1975585967071307e-5,-9.62026073081855e-6,2.2567711872023248e-7,-4.5979340193837495e-8,0.013460279011412711,-0.0001803428650162239,-0.00031277842824993664,5.043200451853698e-7,0.0008606669767240063,0.013988055676976752,-2.64448578768552e-6,-8.839994073624998e-8,1.885831338116113e-5,-1.764901892534062e-6,-8.790473395263862e-6,-0.00034798910571530906,-0.0002684614673345098,0.0008993610465684444,0.09806328197018689,-0.0006960186712818198,-2.302414367337623e-5,-0.000125327674707616,-5.9968412563080255e-5,-0.001995501936220221,-0.00019740758754686647,5.402021824821867e-5,1.0367455055078602e-6,5.853977184045452e-7,-5.93401785093962e-5,1.5689677531443046e-8,1.3210257994897934e-6,-0.006766865383423485,1.7652074259929697e-7,2.4254630861428196e-5,0.0034669322922945157,-0.006809087535539074,0.0010441918162539883,-0.00041978268630213654,4.9956380341585017e-5,0.005922374928701294,-1.6471326934918846e-7,-7.378229909056767e-8,-0.007469786796807188,-0.010096690524856525,-0.0009566446657541654,0.0011339992878082344,-6.402387890197367e-7,-3.828199298472518e-8,-2.238383506645517e-7,-3.4831702100842625e-6,1.514466376138883e-7,0.006841970601572784,3.536331271755836e-6,9.4473660582969e-6,0.00034100515225147474,-0.0003589387959718616,2.1062435256578032e-8,-0.0023399993040228687,2.5095795862487837e-6,2.0864989093599486e-5,-2.702847048751182e-7,-0.0005144917026655691,0.05272314490864487,-0.032549717250040903,3.3098314206718793e-6,0.0008119028127912014,-8.598788244600859e-5,-0.0008635211338680276,1.7890488472501047e-6,1.1347817082218689e-7,-8.303391467581396e-5,-1.0781276689602557e-5,6.62355386159463e-5,9.837247223639012e-6,1.0303686667178069e-8,-8.50429249310527e-5,-0.0045110341862552895,-0.00017327256118430733,0.00012114856088171252,0.007737792203114079,0.01885762844060094,1.8533466295341927e-6,6.41277387752408e-7,-1.2265860974598566e-6,0.000362191150022693,0.0015975388617891198,1.9332690010830314e-5,0.02137703311642217,-9.193779784242414e-6,0.0006423016742626858,0.003382703391296183,-1.5323570113417843e-6,-0.007100792661381288,5.155753386897691e-8,-1.1442849094894698e-6,4.8132552192270986e-5,5.21586467033851e-7,0.010528147564493743,1.4752623213116606e-7,-7.529793276760242e-6,1.891567225939274e-5,-1.627532476688185e-6,0.00010961373560730145,7.232783243831028e-7,-1.809638212971388e-6,-7.22319428093719e-5,0.003555966610180285,6.651642398590427e-6,0.07617095646146127,6.114125028574042e-5,-5.972284343330633e-8,0.0024621981567959387,0.00021007426383705402,0.002086122564503034,3.144716995491967e-6,0.00539818116493859,-2.549690686047103e-5,-0.004727496285954069,-0.0007028325568436198,0.006890436807261859,-2.7304630818147353e-5,6.805898881408368e-6,6.466021980966999e-5,0.000335564625540368,0.000562388877156052,-0.004027333057924361,-0.0016064413504453816,-1.9379438433578007e-6,0.0007153067640121652,0.001768980113172039,2.0435578951365294e-7,-4.68381182655403e-8,-0.0015730432702987765,2.9246133953823586e-6,0.0019119476450681842,-1.7622736258944176e-6,-2.8784398417260145e-8,-4.0259061331347114e-5,0.003578669548588018,-3.8169924821772515e-5,2.3310409856692395e-7,-6.198200732227445e-6,-0.012315903792688066,-1.0517280417518226e-6,0.00014865538883513928,-0.00014861504092435153,-5.123459271929882e-6,-6.21490368190429e-5,2.4698000549982104e-5,0.0007382714860354761,0.0009061439347077198,2.236711023832976e-5,-1.8090141545095982e-7,3.08507104749239e-6,-0.018382749654516924,-0.00015068717617701088,5.03363889358297e-7,-3.16695419193727e-6,-0.004399774971794632,-0.028037144799537294,2.7233734466026167e-7,-5.979820986420197e-8,7.69616421687128e-8,0.000243220699979014,6.076183270089126e-7,0.0009855695536357344,7.579069061279323e-5,-0.00025455750901321074,-5.10858045284452e-7,0.0007286023443361331,4.341642948607637e-5,-8.381007158761053e-8,0.0020171937443270627,0.0001166142601061748,-0.04637830316394958,9.96508703624178e-7,1.0152612316807997e-6,7.58175431870638e-6,1.0884038754362011e-8,0.0005831139394282472,0.0005017803059054135,-0.0011005466286449959,-1.1299166441895596e-6,-6.897837697377837e-5,-3.8154926846089285e-5,-0.008614645852844204,-5.046757601799479e-7,0.004752315084211511,2.416454858533732e-6,-0.00015167675708180263,-0.028211940498489005,-0.0015686583512178412,0.00040226733351902066,-0.03451613241995362,-4.168486908086807e-7,-5.8144556940105375e-6,0.0020285391733809045,0.0012526807601036915,-0.00024004852337306155,1.1560918827372207e-5,-1.2760338788114944e-5,-9.375334679095419e-6,2.164652184269487e-5,-7.252195465922163e-7,-3.3985203383643686e-6,0.0004364990242921077,0.003512790258321039,-0.002853535894506163,3.191686837011969e-7,-1.3186900642951035e-5,-1.7997178168627038e-6,0.013857591043604857,5.449166793369567e-5,-3.2717268627663317e-6,-0.01844792971123448,-0.02272654122694363,0.0011043320085045772,0.0010723851186491733,-1.6072869993999645e-6,-3.227360199188961e-7,-5.906702419258429e-5,0.0003671876251133382,0.022119473156196428,-1.2948116002246732e-5,0.009117641630378055,-2.7804337524308338e-5,-0.008826724253756274,-5.9399084557194464e-6,0.0002254005608632247,-4.3222619013092895e-7,5.69012037527572e-5,-0.0012731675671947466,-6.97913310073013e-5,-0.0013642548092201048,-0.0001419891873848303,-2.528630765244837e-6,-1.8556805378445792e-6,1.0212772800934877e-6,0.00715831813543113,3.978194775153671e-8
0.0,0.0,0.0,0.0,0.0,0.0,0.0,0.0,0.0,0.0,0.0,0.0,0.0,0.0,0.0,0.0,0.0,0.0,0.0,0.0,0.0,0.0,0.0,0.0,0.0,0.0,0.0,0.0,0.0,0.0,0.0,0.0,0.0,0.0,0.0,0.0,0.0,0.0,0.0,0.0,0.0,0.0,0.0,0.0,0.0,0.0,0.0,0.0,0.0,0.0,0.0,0.0,0.0,0.0,0.0,0.0,0.0,0.0,0.0,0.0,0.0,0.0,0.0,0.0,0.0,0.0,0.0,0.0,0.0,0.0,0.0,0.0,0.0,0.0,0.0,0.0,0.0,0.0,0.0,0.0,0.0,0.0,0.0,0.0,0.0,0.0,0.0,0.0,0.0,0.0,0.0,0.0,0.0,0.0,0.0,0.0,0.0,0.0,0.0,0.0,0.0,0.0,0.0,0.0,0.0,0.0,0.0,0.0,0.0,0.0,0.0,0.0,0.0,0.0,0.0,0.0,0.0,0.0,0.0,0.0,0.0,0.0,0.0,0.0,0.0,0.0,0.0,0.0,0.0,0.0,0.0,0.0,0.0,0.0,0.0,0.0,0.0,0.0,0.0,0.0,0.0,0.0,0.0,0.0,0.0,0.0,0.0,0.0,0.0,0.0,0.0,0.0,0.0,0.0,0.0,0.0,0.0,0.0,0.0,0.0,0.0,0.0,0.0,0.0,0.0,0.0,0.0,0.0,0.0,0.0,0.0,0.0,0.0,0.0,0.0,0.0,0.0,0.0,0.0,0.0,0.0,0.0,0.0,0.0,0.0,0.0,0.18234533515979084,2.1497129650927025e-6,0.0013993288874827809,9.731621192992987e-6,-0.0018063482384327867,0.00027427688706836614,1.3896915435231095e-6,0.005604792480828249,-0.004809494010482947,1.9831325623942542e-9,0.00033291022913642106,-0.030834376341149758,-0.0001340119902294507,6.0810510227953916e-6,4.841795996988939e-8,0.00034297533722290593,0.0059981511533762485,-0.00020980810327592665,-1.0215890952986852e-6,-9.680795653127764e-5,-1.9979660545622413e-9,0.008565254328700702,0.00022257156713684947,4.541880703184083e-5,5.054631972545802e-7,3.019017373362476e-5,-6.956048948089856e-8,0.0008511064118782491,-2.7997710517380757e-5,0.0002863062456828651,-8.22412829469494e-5,-0.0003236348046301534,0.009317655615982965,-2.1443396511263666e-6,-2.899825837450176e-7,2.698833710185545e-5,-0.010431939683935075,0.0010554191687779733,2.5080521593484492e-9,2.392784871216209e-9,-1.6818249972443075e-5,0.015763750344417946,-4.044699566754957e-6,-0.00591106157722628,1.7434874011396504e-8,3.5333682516890066e-5,5.599255275291282e-8,-0.014853339145296933,-0.0004050919941999072,9.798432904611819e-8,1.6997546350003467e-5,-7.946535581728406e-6,-2.457965847202919e-6,-1.3609890926627116e-5,0.013943203877526043,1.4731035529396577e-8,-0.0007257408815835413,-0.001350943394403372,-4.2612227574367314e-5,-3.562764961791861e-9,0.010198039017938193,-1.4082823771586012e-9,-0.055076928996281194,-5.456866924786455e-6,-0.0005297200523727787,-0.004939970843768324,6.0405857784840515e-5,7.725065558849736e-7,-0.0008497196164834499,1.0443361936167811e-7,-0.013894602999856533,0.03694870896107888,-9.46739261184762e-7,1.996000236028746e-5,0.005265283465964683,0.0018598872720087798,3.523535136588799e-5,-6.592303217429354e-6,1.4022337714589256e-8,-5.3747073296112715e-5,4.86087084327119e-9,1.518176425481843e-8,-1.556705629500626e-7,-0.0005518384637559141,-0.009386528766125089,-0.0002620290240648936,-0.0008180306678600527,-1.8104942381418794e-8,7.420718879607287e-10,-0.0009174953654241607,-0.00010563526993321706,6.407810640323909e-6,0.0010144255056929305,3.76373969281313e-8,1.3476994379551649e-5,-0.001998906687091449,-3.440604293492084e-7,-2.6204295718637523e-5,-0.0005563762879556767,-1.8586611092704984e-5,9.876502857206235e-9,-0.014588296386765696,8.486912061862964e-9,-0.010123260341806864,-6.419400413630146e-6,-7.53303219826911e-6,-2.6253515815704116e-7,-2.1223810414428734e-8,-0.029739704245475253,-0.00013507782788590368,-0.01680185809096027,-0.00041754497368461796,-0.006386899348185648,4.3953980458590426e-10,-5.77512692282852e-6,0.00010582022471405387,0.0002939960357845338,4.259269945014337e-9,0.0013621233145559412,-0.01843574585356703,-0.046434115851757975,-0.0008538933413435124,5.012253619773756e-6,-5.395131206343218e-6,0.0006624537604703535,0.0005569627075278065,0.0001379016658194399,2.7717295852347587e-10,-0.0016259779744130388,-1.1671057065545119e-5,-0.008952139617374752,2.180079858110197e-7,-2.7652960725900827e-6,6.365961776280815e-5,0.005357734045613926,-2.8328589502488362e-5,0.05874882921327702,6.671990432645572e-7,-0.0014768886636465485,0.0003902126242514129,3.04677765386165e-6,0.002298928166661637,-1.4186182901200649e-9,-1.9723894396015973e-5,-1.4268725294505427e-7,0.009076178159179625,-8.370481197356275e-5,3.0405247058303768e-9,0.04119186245790016,0.0020079065457593716,-0.00023980732305690767,-2.803616888497373e-7,0.010166681119851837,3.252027778851737e-9,7.730832281905642e-7,-0.00033153487115278107,1.8616145365630244e-6,0.00018076767327283508,-1.3386657206384887e-7,-3.485050984857302e-5,0.0002588663228370593,0.0003044813815568187,8.799708014493886e-6,-1.315092988421142e-8,-0.04484679218396407,8.140119783623306e-5,1.611299215485057e-7,-3.7013037079341737e-9,2.74742049309462e-5,0.001539490727851098,0.032249417317133454,-4.287874385560305e-6,-1.7803601701509793e-6,-0.0004148047916307829,-2.3682788685211647e-8,-2.519484003532769e-7,-1.6179132867818344e-7,0.007256120626443746,-0.027723407212879234,0.0008527111986482077,-0.00018525356737410578,6.277578203984891e-6,0.00012002542500339858,1.2436834824651502e-9,0.004281019978967256,9.421804359274627e-9,0.006435012005241152,2.170440545299323e-8,-0.00032443732897731876,-1.2064739451976107e-6,2.7097873139809417e-8,6.142381724392986e-6,3.905344128220794e-9,-6.199537744881967e-6,8.049482026641396e-5,-7.795059788655395e-10,-1.4657649103635952e-10,-4.205203363528002e-5,0.01019410493615763,-8.537258068554051e-6,0.0002449821460504702,9.447514408993403e-5,1.2542072943711177e-5,-4.338120004454324e-5,7.955916166980977e-6,0.005857733718084154,-0.000980204171744743,-4.284226662774131e-5,3.039568375430751e-5,0.00023267038652262606,0.00020901952551825883,-7.3128451999294855e-6,3.1857118318828964e-6,-2.3054658793967015e-8,-6.980305475943069e-10,1.7237377074071828e-5,7.127386812965529e-7,4.5238611419044696e-5,5.43742993396764e-9,-0.03056564111412683,-6.178896233719736e-5,7.336949357894294e-5,-0.00013818519324612373,2.4334843231854154e-9,-2.4114875731167657e-9,6.443491314596313e-10,-6.253237016126907e-10,4.655834920489595e-9,-0.0014442832719789547,3.1452894421887945e-6,-2.9726936270338253e-8,-0.0004409389829879765,3.9835310240629957e-7,-4.7456341900724014e-8,1.6885183921506197e-5,4.744581859016645e-5,-2.814376840874575e-5,-0.00173994159308828,0.00044627896561174707,4.5752542692410443e-8,-0.03359799321627699,-2.1767967146205755e-6,-0.0015236053196013304,-4.668282894716451e-10,-7.887376632055193e-9,-2.9978893059742896e-7,0.00019105306310813574,2.1260486185358595e-7,0.026900836652267546,-2.320626020424461e-5,-4.373849273573439e-9,4.522034851896597e-6,-0.006940530964177992,-0.0008797401942290714,-7.497373233338717e-6,-5.0389443928787516e-8,-5.0459074946869994e-8,-0.0001009705757991318,-1.9757903084867286e-10,-0.008828637641366313,-1.451483412905717e-9,0.011385529004061973,-1.742537718506588e-8,5.501962805920662e-7,3.6942487217508264e-7,-3.6655192768258316e-6,-2.158136679281023e-5,-0.0026224054060743685,-0.00211709965795891,1.6633736151592716e-6,-0.004886476348418984,3.257716963468914e-8,-0.0002907829837053979,3.70800103479687e-7,1.0721358646545097e-7,-3.063442786737808e-8,0.009989263623326118,6.174718655849828e-10,1.388525932149921e-5,-0.000412738652507589,-0.000513077932491785,1.8083473297402703e-8,3.230156087433463e-9,-6.453356388193741e-9,-3.3646548164418814e-5,-2.527566335865892e-9,-3.913562127002191e-8,5.28698834862459e-9,9.990241829798326e-7,0.00014460119690396666,0.004959753515747393,-0.025348449004944346,1.5540930139841474e-8,-6.200665784781924e-8,1.7282587214594145e-10,-0.0029344369808245716,6.72259575193109e-8,-1.7493794091287548e-5,-0.00032443775464812276,0.00021528650791131202,-7.286508512967772e-8,0.0007611343788610885,0.07449402113739949,5.685580988237698e-8,-2.694699623658702e-7,-0.001295949445101145,6.56681493946359e-5,-0.00014852489205700162,3.6991592990484117e-7,0.0007416839624043586,0.0019452173938805549,1.1326272357697164e-9,1.3025764708380914e-7,-0.00017105795141378102,9.65822808540998e-7,2.5139058171017717e-7,-9.885729211829759e-6,-0.003628966321131807,2.0657944091420474e-5,-0.0056175154328116815,-0.0015597975738443812,-0.029960696104149236,-0.008447335904183399,1.98267359539733e-9,0.0024910155237676274,-2.7335071683543157e-5,0.0007505013616232807,0.00012229121339144206,0.000229438003324197,1.1998420482025264e-8,-3.0066800258932962e-5,0.0005003817206969573,0.001797049496335683,-0.042697158081578264,-0.012445223908977935,-6.600518285317886e-9,-6.594777302434939e-7,-0.02281390528041841,1.5264727153402854e-5,0.027383366418862992,8.154145993284331e-5,0.0013696207796847347,-0.012564046893560263,-6.52136284988985e-5,1.2645384956422406e-5,-0.0002091898369585127,1.2054571674451623e-5,8.965188190455752e-9,-8.81332399149614e-7,-0.0001815419337438354,0.0006477231875592777,0.009793405231990501,-0.004956179582605657,0.0003054219657367289,-4.423234024399716e-5,-1.1207506994350323e-7,-3.1115061513097316e-8,-0.002761333248418488,-7.679257219623139e-5,0.019662398957384752,0.00010776335758142751,-0.003376678301277337,-3.9100337264065465e-9,0.015444274528341457,1.2662818343328566e-6,-2.0989527525889655e-5,-9.281077444243907e-5,0.00015246018311855094,-0.025679183522717343,0.0012433694178595178,-0.0005728642461315726,1.9241204042394825e-8,-2.6825162777255377e-5,-1.8888337458646655e-7,-3.889222074476098e-8,-0.00013574287966654808,-6.59319911049238e-11,-9.273072818185147e-5,0.10113376123915892,-0.029817513166264343,-4.308155727678978e-9,-2.352401232320532e-6,-0.00015348227660618612,0.00019569755210192507,8.057837017521703e-9,-5.520799346794968e-8,-0.00033126471244590105,-3.5158792135745295e-7,0.0009682561468748186,-9.18884507668767e-6,0.0001408334432175468,-1.9849119346147107e-5,-0.0016492975419680424,-0.002857179220170692,-0.059500726409776376,1.5597091568872863e-6,1.929209912586962e-7,-0.032396424892268585,0.003169607496659017,-0.007483540227333336,1.5460584372552053e-9,2.936271411613107e-7,-2.8303332419277512e-5,-0.0005243483633384788,0.003961549704263475,1.2189538917686101e-5,0.004836959764816416,-0.0009088425108932214,-0.0011465562990396047,0.005369269156160306,-0.009237152339074446,-4.103097552927221e-8,6.0056724482050946e-5,1.2490891519146129e-5,4.2549703938227437e-10,0.001117269679408566,-8.310053158012152e-5,4.197115128965087e-6,5.846656995328332e-6,1.7290523751812705e-5,-1.3256825402955116e-5,-2.076479711207399e-9,-7.204941807576778e-9,-9.985841350074092e-12,0.0008328285979751806,-0.008069210709521865,0.0006367825211872726,3.129659455015266e-7,1.4863420544370506e-5,-4.991626194962525e-9,9.311837522529588e-7,-4.3187517341056903e-7,-0.005494394548582123,1.0708428626037873e-9,-0.021619393302998894,3.830155248167454e-5,3.167618314842711e-5,2.02983267061374e-7,-0.041911484856621876,-0.034779871528098714,-0.01733973733645765,6.846420000574059e-10,1.896564331196324e-5,1.418287134718441e-7,-0.006828020334192347,1.4858629584586684e-7,-0.004458925573126894,-5.143055009115957e-6,-6.152513151772544e-8,-0.001322846524263664,-8.69812890567315e-7,2.6162712284874494e-7,0.0001188528042875542,5.1003706725032865e-5,0.0018494726937538604,7.542843636856134e-9,-3.224545428306508e-8,-0.007632100640782345,1.0106910512866948e-6,8.948088563894341e-8,3.700933865584603e-6,-6.30952248183334e-7,-0.00899478013613201,-1.3627257018171091e-5,-0.0005504957732117886,-0.0008640477687296948,-1.0804425413220434e-8,2.448905132400001e-5,7.231210501827874e-8,2.689710780600307e-9,0.0001848498672364315,-7.467733675169268e-5,0.0003052476444980044,-2.2316448939138903e-8,7.635906111007682e-9,0.005235491245726749,0.0004170371629532841,-0.0010306175570654118,-0.0011478451404276116,0.0002097784869769111,3.448535366551321e-8,-0.0003025590934861864,-2.1378024164348466e-7,-7.78872765610019e-5,-4.113272131160951e-5,-0.004143381193090232,0.0038742891637501557,1.806072940856779e-8,-1.0187435603279168e-5,-0.003015162951302236,0.002003877561347512,-5.891391770810744e-6,1.1226909173687872e-5,0.0053803205898587825,2.631053222029364e-8,2.415443726468132e-7,-0.03215746551097993,0.001698261794194765,-0.0013716003507873047,-0.007370304209084885,0.00016609504524292955,3.0764029316223914e-6,0.0028213876418525254,2.313584135582232e-9,6.878624326905463e-10,1.6298280984530523e-5,1.9681623710191565e-8,0.005190360440271749,-0.0002742353501929198,3.876603310975053e-5,2.056230077517499e-6,7.328422370326507e-6,-1.395217641772905e-6,-2.8795116043590365e-9,0.0018682349077409261,-0.00025715993563287486,0.00019443217233211713,0.026412806916237833,0.06343682871230341,0.0013048455198666161,-1.7492674452925285e-7,-0.01965724102367938,5.6839782640106684e-6,-1.5581287300868665e-5,1.48630436342589e-7,1.5350688409394108e-6,2.1071262251419732e-8,0.0002960557201095876,8.738324642233179e-6,1.402827907599724e-8,3.645014654262605e-9,0.00021683998733069238,-0.001418945986463421,-0.00010749430879517027,-1.2230984588187347e-5,5.698009509786387e-5,3.335530572023385e-7,0.00043463467519545205,6.05833751272963e-6,2.291294953827044e-7,-1.1590981157558758e-6,1.6032065712900201e-9,-0.00016124953761485221,1.1524635905597365e-7,-6.57463137106476e-6,1.5612670112014146e-5,-1.7349990017033431e-6,-0.00031157275738689276,-6.566534794063391e-9,-4.303654021740487e-8,-1.1124163049712835e-8,-0.00010219671671589905,8.15359993219861e-6,-0.036505525848986066,3.731314846753985e-5,-9.324636112826133e-10,0.008797720668306655,0.002959307476535676,-2.3913351543718628e-5,9.154272824172692e-5,1.3339622659432548e-5,-2.90775328557811e-7,-0.017587362457930855,-0.00036617266391449755,7.128239875295822e-5,-4.6443218718200083e-7,-0.0007016623031614173,1.975731989675521e-9,0.0031022270980169144,-0.000482196195961935,-1.8960537368028712e-6,0.08406226794952198,-2.7182918134575122e-8,-0.00728872091306249,-3.672258302612877e-8,-3.574780742715139e-8,8.073977747784191e-11,-0.003487514738192629,-0.041624959716746325,-7.916791334726826e-5,-0.00027328094825430666,-2.19409521043881e-9,-0.02079190635352766,-0.000326936052513989,0.00027881422114776536,8.980071133320071e-8,-0.0003319318152700813,-0.00022078409565236078,0.0007467489788307417,1.230264798491073e-6,3.5483875276573174e-6,-0.0006454656144282586,3.555728207846512e-5,1.4436210542448462e-7,1.4401346510591697e-5,1.1721178662242825e-5,-0.006803862063695911,-0.00021485675477566206,3.6715618867644535e-8,0.0003807316783351061,0.010773981925681232,-0.008448566652187938,-3.4669601062051117e-9,-1.7176331042373439e-7,-4.3537848461353694e-6,4.1729998579953405e-7,-5.0979357871842375e-6,3.6328377571010708e-6,-0.0008409298436674085,0.0001453415786161257,-2.6953314928282768e-9,-2.0901212496859974e-5,1.8746801021050572e-5
0.0,0.0,0.0,0.0,0.0,0.0,0.0,0.0,0.0,0.0,0.0,0.0,0.0,0.0,0.0,0.0,0.0,0.0,0.0,0.0,0.0,0.0,0.0,0.0,0.0,0.0,0.0,0.0,0.0,0.0,0.0,0.0,0.0,0.0,0.0,0.0,0.0,0.0,0.0,0.0,0.0,0.0,0.0,0.0,0.0,0.0,0.0,0.0,0.0,0.0,0.0,0.0,0.0,0.0,0.0,0.0,0.0,0.0,0.0,0.0,0.0,0.0,0.0,0.0,0.0,0.0,0.0,0.0,0.0,0.0,0.0,0.0,0.0,0.0,0.0,0.0,0.0,0.0,0.0,0.0,0.0,0.0,0.0,0.0,0.0,0.0,0.0,0.0,0.0,0.0,0.0,0.0,0.0,0.0,0.0,0.0,0.0,0.0,0.0,0.0,0.0,0.0,0.0,0.0,0.0,0.0,0.0,0.0,0.0,0.0,0.0,0.0,0.0,0.0,0.0,0.0,0.0,0.0,0.0,0.0,0.0,0.0,0.0,0.0,0.0,0.0,0.0,0.0,0.0,0.0,0.0,0.0,0.0,0.0,0.0,0.0,0.0,0.0,0.0,0.0,0.0,0.0,0.0,0.0,0.0,0.0,0.0,0.0,0.0,0.0,0.0,0.0,0.0,0.0,0.0,0.0,0.0,0.0,0.0,0.0,0.0,0.0,0.0,0.0,0.0,0.0,0.0,0.0,0.0,0.0,0.0,0.0,0.0,0.0,0.0,0.0,0.0,0.0,0.0,0.0,0.0,0.0,0.0,0.0,0.0,0.0,0.0,0.18190025470938012,-2.2653190749948726e-8,0.0014829102380687423,-0.0001422620963544641,-4.489329577217778e-8,0.009071706694580033,-3.140485771348857e-5,1.0829975808578184e-8,0.0004647072970960786,0.0011714845330827446,-7.161047639038918e-7,-2.4001204156001357e-8,1.009291378492269e-5,0.0011712561655997213,-5.848819016017104e-7,4.217237180583819e-5,-0.0011009636071160037,0.005566031164709521,0.00021089007531367035,0.00021460037848370815,-4.176226842905759e-6,-2.8940222563503034e-9,4.189180976509842e-5,-0.0036531965630627033,-1.8249557144295975e-9,-0.0026989525308297744,-0.00013408316238029238,-0.005800067747476176,4.899537184475602e-10,0.0015686386009206989,-1.3443816420095533e-9,-1.5661838790271807e-7,-0.04959588731282767,0.013265919677291958,0.012360567929233953,-9.51773080686908e-6,1.901021007404738e-8,9.241016496863773e-5,-3.086763939474396e-6,7.89105724888666e-9,1.5877805406588296e-6,0.0018150131983742026,7.343811312035648e-8,-0.0002688853443330764,-0.00011059861030096528,-0.005432844204448627,-8.162079483139186e-7,-0.000597752025449881,-0.00036615795070405886,-1.1379057112041948e-9,-1.4517841944330747e-9,0.04118334659889942,-0.003768214777439906,-5.981555493079612e-7,0.00011284609781673039,4.757199513414053e-8,0.00011693569282354767,3.1315811477890273e-9,3.290638996687956e-5,-2.698932838834334e-7,0.00012140435027607909,2.1082356289571024e-6,0.008210245970874419,1.9000388696292697e-8,1.2221013730774195e-7,8.550894496477377e-10,0.007977158249728288,3.0184687037674296e-8,0.001735184950829391,4.1894824386664897e-7,-4.887540379753554e-7,0.0053429621658477285,-0.0047714928098947385,3.904351193605493e-8,-1.0684037090939384e-5,-0.0014990902170580174,-0.0012746967992690512,0.00026175552596159575,-1.6071596269100146e-9,3.160753539413993e-5,0.0015931028525832877,0.0024536990533349746,-8.174212828514369e-5,4.348543992137181e-9,1.1409570950001235e-8,-5.4827012703130115e-5,-0.0017811460080421535,-0.00021364733040060897,-8.935405542088911e-5,7.709055025647439e-9,0.02313252840959372,-4.986848882647516e-5,-0.004961823999526172,0.010197251122090458,4.61206149491523e-5,-0.009989221261076727,4.183697019938238e-9,1.8421574364103065e-6,0.003104556829188422,-0.0023175447312106263,-7.124653673320978e-7,0.0008011516446673486,3.822894419829326e-9,0.005482194198248709,3.1302831216630155e-9,-0.00046893862357858467,-0.0011615975126606517,-2.639561507333658e-7,-0.0001328450503718435,6.006855965964424e-6,2.6098887728328795e-8,1.4461688914728968e-7,-1.263073061292024e-5,7.420733002007903e-11,5.7515641616171206e-9,0.00028894782038556873,-9.956261913534642e-5,-2.7038158632545912e-5,-1.5458411693367914e-5,3.361366437079312e-7,-0.00015743314501514397,0.10626299237856907,-0.0013610362636737377,1.0124170141772527e-7,-3.599154202765116e-6,-2.2182426710500757e-9,2.9500407429666054e-5,6.925834320907882e-8,-0.0036744378716206134,1.059548998592911e-5,0.001767297785716179,-0.04530645950208334,2.966210981403863e-10,-4.852346807854059e-5,0.0006400356466260499,8.238242588733499e-7,0.0005346819370633402,-1.9100766686746e-9,-3.57766628657028e-5,-0.01895023503923437,-1.441039280416827e-7,-0.0009460482823761848,-1.1804966003891878e-10,0.0071215931556017536,8.222702649968109e-6,0.00012658046634877969,3.484424800636268e-5,-5.604756145593345e-7,1.6140427364039343e-8,0.00013228555307426295,-0.0003475194694780541,5.554033981227684e-8,-5.573254099685947e-5,0.08121918649261406,9.79496517017091e-5,0.0015117992585104013,1.1965343568826964e-8,-0.0009152586843830245,0.0012658752901935737,-2.002461529126357e-8,-3.972690193918397e-6,0.008160753322715745,3.485182882445357e-5,1.108144072129298e-6,0.0005537061399749684,0.029564214512164833,-0.0012333191257064018,-0.004197142970552503,1.00187380270217e-5,3.552179363905033e-6,-0.0008248721019382649,0.020381754315951548,1.5654132617915574e-5,6.873531716854757e-6,-0.0019432143536421904,-0.004166419272261022,-3.7125252517115634e-7,-1.5380518528769455e-6,1.2207072530794179e-8,-1.906119286139424e-8,-0.023118463444184906,-0.00035170943059794436,-1.2982234127489035e-5,-1.3767398767184128e-5,0.0005124876666992359,-3.562095941084106e-7,0.0008667600281557295,8.273764493800887e-5,0.017047143723341516,3.744373229948884e-5,0.0074543264301466785,-0.0001239040282539385,0.033974934000032334,-8.139100455225419e-10,-8.638614476206235e-5,-0.00010352869758797205,-0.0002377295460763676,-7.582531806520171e-7,2.8299204377637147e-5,-6.7452171720566795e-6,7.180097972563254e-9,-0.0006639204812953712,-1.7694268027590635e-5,-0.0036358915656385994,-4.7968184784042396e-6,-0.0001229749727011792,1.935300958499269e-9,3.0191728423697185e-9,0.00011531003572753443,9.02284615463092e-10,-2.827014229243216e-10,-0.0011657625766044331,0.002038227620198132,-0.00032117263574012845,1.3265463914358304e-10,-0.000579918140682237,2.4898160881508734e-10,6.033357337635759e-5,5.900733489062934e-8,-0.00025891993587163277,-2.6746765678902205e-10,-0.00010679755915787022,9.210346305337205e-6,-9.065704899779453e-5,-4.224136419297141e-5,-3.091636583237743e-5,7.844089493045029e-5,-1.2861353928883703e-7,0.006239677020661583,0.004258928753308712,-1.4079238770989786e-5,-0.014178737189509795,0.0023858048101925923,0.026565888976861348,-2.7919833907626934e-10,-0.005866888864484156,-6.5410610317680816e-6,2.7977596271732717e-5,0.0034846539433453917,3.7927426619419483e-6,-0.01056378319345525,8.638873659344866e-8,0.0001278769309431868,0.00035925023601113704,-0.0533243345396913,-1.236281730954171e-9,-0.000841481228064442,1.2100086338983925e-6,-1.601613263653056e-9,0.00014856851776307145,-3.3003431954567498e-9,3.1825376479813227e-6,-1.6691434406489502e-9,-0.026924994820199687,-0.00018103432713688353,-0.0019062818082310024,0.0011429747736403679,0.00011547915026112545,-1.69223853396418e-5,5.5698112671803014e-5,-4.507453706439777e-7,-0.0016427792628940648,0.01520442461180936,0.008410228280730101,-3.7746643006165775e-9,7.076734701513496e-10,-4.382805773472411e-8,-6.217710891659444e-5,0.00769925939842736,1.1586520235329611e-6,0.0006195706680483528,1.5278990847680472e-9,-0.04685450215423831,-0.001598511544825651,0.014544424627900029,-5.5758686789609516e-9,-0.00028495637206399,1.1902844149206831e-8,-1.0596819023850151e-5,-1.4387384629374054e-8,-0.0010825665349025381,0.00017744007153621153,0.0003424860761913402,-2.7137882690608676e-8,-1.909024559743749e-5,-0.0015229112346708661,0.0005482054810677632,0.005263749198781319,3.960598563901736e-9,-2.2007392843903073e-5,3.1600226991302417e-7,7.89904549694389e-6,-3.044562313424742e-5,-0.00012226723027117484,-3.7316156179027006e-6,0.0014257207188914124,-2.344653831821407e-10,3.0064671927960347e-6,-0.0002267639088372155,-0.00014257960938707852,-9.247374921797924e-8,-7.575473349689304e-7,-0.004369688658347319,-0.0031759482611808656,-0.00013922786145704552,0.0002524213971817606,-0.0011191647838593429,-0.005142706554713635,-3.2407422195151867e-7,-6.147431352041668e-8,1.8747771688059796e-5,0.004284369580891152,1.7687793464209547e-8,1.327329525814792e-5,-0.0067622093889623145,-0.007168827365201234,-2.5593312761549407e-6,-0.0008247438951493182,-6.258795943173488e-8,5.086592132095554e-7,-2.929125357619411e-6,1.2080618859565127e-5,-4.924749647992794e-5,-4.9783237515744934e-5,-0.0003566773210738536,-3.007494089534347e-8,-5.692431039230107e-10,-0.0005524026230507874,-0.0009612998498882794,-2.2776567692836554e-9,-1.5243038315942937e-8,-4.01599072699262e-8,1.9638001842400744e-7,-2.5891371504603605e-6,-0.0003549724261100124,0.0009342730196244052,4.841801887944835e-6,-0.0027316956797868203,-1.7670807725027707e-6,-3.0293988005162715e-8,-5.320816372691914e-9,1.020225168053423e-6,-0.00014912463719489715,1.415788511589189e-9,7.519011942747704e-8,0.007302459190326606,0.0004192337630822891,0.019345804734513625,-5.075114268079549e-5,-3.1575716424135854e-7,8.24876265300768e-6,1.1242708523479212e-7,0.0004394234766731804,-1.1035297064060015e-9,0.0650510354564861,0.04931669632604789,9.099654563348713e-8,-9.472554753901535e-5,-2.5503623536286313e-7,3.054556477024944e-9,1.004563545595245e-7,0.00026216553439023526,1.943216000270707e-7,-0.006066765862746447,0.003582798988207238,1.153782082606043e-8,-7.41794935273997e-9,1.2637836707849e-6,1.996277705082002e-9,-0.0009237771966639262,0.0005039282222034583,1.1334306562200724e-9,-0.005313357958771669,-0.00321756370429508,8.324289132952909e-9,-1.3454518713415704e-5,0.0006477142236097639,2.091221983321319e-7,-5.552208038152196e-6,0.0002540949570481419,-0.011766079477874726,-4.602065978771236e-5,1.605891994743241e-9,0.0002018367140715178,-0.0034252005031116415,9.457634591815243e-9,7.721865783781026e-5,-1.9066478149921556e-6,-0.007183704783486041,-0.00018730833813572728,-0.0003673627429131815,-8.663293246030742e-7,8.720851886652223e-8,4.005266279583993e-6,0.00043267198923221457,0.0009627598120681959,-1.0344591617050933e-6,-1.6270420235036898e-7,6.561084109169289e-8,0.0001462087641900982,-0.002701013843331726,-9.08728844502253e-11,8.934094789210866e-9,-1.7838292386424975e-5,-2.0299198194735827e-9,3.065877131937333e-8,5.727595370325116e-5,-0.00018688397465352991,5.534536536630737e-7,-9.489993808631773e-6,0.016255938633951385,-0.0006986492770408358,-2.650467333481897e-9,-3.399548698438209e-5,-8.045127997446515e-5,0.0003012304202331016,0.01708823246720071,0.013655642984287416,7.842867883561002e-9,-1.0561363856402899e-9,-2.504844705683882e-6,-0.0005364851206964991,0.00021346016422819778,-2.135692637467596e-5,7.32261206959233e-8,7.932859361860694e-8,0.06757632619111252,0.0225551137863364,6.233768843298775e-5,0.03140406075798345,-0.011301214719791031,-3.222433584199745e-7,-8.49622624727944e-5,4.676209832336266e-6,-2.3983638405403253e-5,-0.0005981172070566661,-0.008189310605386219,-5.564874807287473e-6,1.545574579802052e-7,-1.2413835856980113e-7,-0.0005119377672784445,-8.648806543417361e-10,-0.029087434536611587,1.2440138038193216e-7,-0.0021377617270707298,6.953906051093576e-8,-3.0191117522492117e-10,-0.005064900119405707,-0.00012997435016844926,-0.007604048095976707,0.0005656935314810034,0.0012110038039330599,0.0011303024634824745,-9.040241976713797e-8,-0.0004356840013508202,0.0008073179898562508,3.240989590468999e-5,0.0008761464984655851,0.003502627479983265,-9.984904870622854e-5,0.078107299294374,-1.5564587296072809e-6,-0.0011676981099276896,3.8086668313642307e-8,-4.6575029316612737e-5,0.0002848617163715705,7.784779061657769e-9,-0.001604236738316514,8.815991085834537e-5,-0.0005042912327034569,5.356918029603316e-9,4.924257957232558e-8,-0.001547205596234416,-0.00023162736186989872,2.0304262146214267e-6,-1.2016818533496334e-8,5.45265069451155e-8,5.431748024729593e-7,6.602230047775537e-6,0.0005647198744812203,4.378146283758234e-5,0.009103291364516083,-7.918565841126531e-10,0.003275880360729711,-1.2516857194258075e-6,-1.8583867353965104e-6,-0.0021224233718809917,-0.001369818526493444,9.392896346023381e-8,-6.879591287273867e-6,0.0034105739003210496,-0.0025756471593305005,-2.2685067389747188e-7,-0.0003871952254403925,0.011726486718504093,2.3520229964888864e-7,7.746662918816726e-5,-0.00015719558126051146,-3.1546985758360284e-6,-6.714945090732202e-9,0.0074071568674444815,-2.884862921309657e-5,-1.3754087797097606e-6,-0.00013890909539859887,-0.0004981828425132958,-0.0008835089685193611,1.4688451150957711e-6,8.207596643932663e-9,3.0417643658952865e-9,-0.0003484255448330083,0.017622721025898912,-0.005912075073030785,0.0002936685898094817,3.202387047798732e-8,-0.000862536694343251,7.186042113697385e-9,6.931053023775317e-6,-5.758163744488703e-7,-3.5802416255010143e-9,-0.001029188993625478,1.302626791836049e-7,0.06150847878715634,0.004041570536573796,-0.005371804885897501,4.107653430512796e-9,0.001371547432909449,0.0004127994192459351,-0.007306496020486353,-0.0004056224525167788,-0.0004183282025812601,4.960510070214353e-5,-4.4550659176867664e-5,-1.6288696635677273e-9,1.0321260186546692e-9,-5.572374898066919e-10,0.07425610167852079,4.180357245493191e-9,0.00394872218766799,0.015005630519223344,0.0168253493090876,-0.00010722142205350211,-0.00015308370868565547,-0.0009754993999800801,-2.929649121249761e-11,0.012739772312155492,0.08984244256752326,-0.0009808553125773333,-0.0011003553015937878,-0.0010681151005112696,0.0016025986195116796,2.317207720333857e-10,0.005603263572144426,-4.1934513560929784e-7,-0.0003721432708582855,-0.00022183827621709038,-1.2472070633937152e-5,-1.724622076311772e-7,-0.0025794983124725855,3.478777697563871e-9,0.006107342064015258,-0.005487038800867754,4.9577393957959155e-8,2.6055493795274632e-5,1.7066156568591864e-5,0.012171933648931103,-5.9505383321646865e-5,-0.00013322162024396647,-1.803759144291709e-8,-3.767831587951858e-5,0.0010388492864876987,6.767316034678669e-7,-0.0014917963475052723,9.626519515352855e-8,-0.0013032954522165321,-0.004575838372149498,-3.362744185954048e-5,8.9768233126068e-8,-8.221105179449579e-7,-2.5938951478602566e-5,-4.07812606885127e-5,-0.0002587428852185571,9.854988760246834e-8,1.2464460974137063e-8,0.0022593486059620843,0.011189135054238042,-1.075684602460306e-9,4.02669527438912e-5,-6.802470363866242e-5,0.004305369915701386,0.009279166997433823,-1.2342665927832407e-8,2.4930410662755233e-9,-0.006265543444143811,0.0028333482539710706,-0.00011149809811824164,2.840884157360706e-7,-0.00028937469789563404,0.0065822965426883305,-0.00014146314267421577,-2.631121563729072e-6,-1.249538183827149e-7,0.0003948240616568163,0.013266868316905068,-0.0021595128919548873,0.05110958925825683,0.014963869985091036,-0.0056966599222959755,2.723908647485428e-8,-8.966026467967159e-9,-8.50081386199087e-5,-0.0008787798936639704,-9.870260661238283e-10
0.0,0.0,0.0,0.0,0.0,0.0,0.0,0.0,0.0,0.0,0.0,0.0,0.0,0.0,0.0,0.0,0.0,0.0,0.0,0.0,0.0,0.0,0.0,0.0,0.0,0.0,0.0,0.0,0.0,0.0,0.0,0.0,0.0,0.0,0.0,0.0,0.0,0.0,0.0,0.0,0.0,0.0,0.0,0.0,0.0,0.0,0.0,0.0,0.0,0.0,0.0,0.0,0.0,0.0,0.0,0.0,0.0,0.0,0.0,0.0,0.0,0.0,0.0,0.0,0.0,0.0,0.0,0.0,0.0,0.0,0.0,0.0,0.0,0.0,0.0,0.0,0.0,0.0,0.0,0.0,0.0,0.0,0.0,0.0,0.0,0.0,0.0,0.0,0.0,0.0,0.0,0.0,0.0,0.0,0.0,0.0,0.0,0.0,0.0,0.0,0.0,0.0,0.0,0.0,0.0,0.0,0.0,0.0,0.0,0.0,0.0,0.0,0.0,0.0,0.0,0.0,0.0,0.0,0.0,0.0,0.0,0.0,0.0,0.0,0.0,0.0,0.0,0.0,0.0,0.0,0.0,0.0,0.0,0.0,0.0,0.0,0.0,0.0,0.0,0.0,0.0,0.0,0.0,0.0,0.0,0.0,0.0,0.0,0.0,0.0,0.0,0.0,0.0,0.0,0.0,0.0,0.0,0.0,0.0,0.0,0.0,0.0,0.0,0.0,0.0,0.0,0.0,0.0,0.0,0.0,0.0,0.0,0.0,0.0,0.0,0.0,0.0,0.0,0.0,0.0,0.0,0.0,0.0,0.0,0.0,0.0,0.0,0.0,0.17743718154054455,-1.2168029832864893e-7,6.925597935790513e-6,-0.008658880066502117,-1.59048874823179e-8,-5.6997873528477854e-5,-0.029224167707971153,7.66723556917541e-11,-1.5965474079103762e-6,-0.00035764351644733096,-0.004678178550278321,-4.46982918754248e-8,-5.666648449736438e-10,-0.0019621015299137504,-7.765481970601105e-5,3.872640753899414e-6,1.0878570366335663e-7,-4.457490173549025e-6,7.967219100793072e-11,0.0007003779090787023,-0.027306664278212704,6.513812833428287e-7,-7.214433446604968e-9,-0.004137494176965015,9.85946284467653e-10,8.556439581295679e-6,5.688075133702401e-7,-0.017803682769349634,2.534358663767156e-6,-0.035065727426008234,0.007365476465383331,3.1313138285061097e-9,7.623090113133604e-9,-2.5113299783237993e-7,-7.645021076617758e-5,0.027814091721155003,-1.761183275002064e-11,-4.915175252524065e-12,0.0009863792397695303,-0.0007439700409985469,-6.674936639343329e-8,-0.019490971141092345,-4.178020295461339e-10,9.062372014715334e-6,-2.349779779065501e-9,4.9311037650541995e-5,4.154952576407342e-6,1.8270025344940993e-10,-0.002611660075930685,-0.006884021668795449,-2.630832576605719e-8,7.124368493357251e-8,-0.004321069196806417,-3.3356129392998197e-10,-0.013861434752636816,1.8445670060002892e-5,-0.0036336338209234558,1.966312712360066e-12,0.004442042349157203,-1.3979827658161096e-12,-0.00017081317503630256,-1.0710562581321705e-7,0.06833935888566005,-0.003342613699398917,0.0020971743655329427,-2.5882251473340596e-8,-0.0022421547555968972,2.9206051283859257e-12,0.00029206812590332453,9.64501829973531e-5,-5.138966068557857e-9,1.5900393398383513e-7,-6.433659282763076e-5,4.2537034623516825e-5,-5.243033765425402e-7,8.655802844613798e-7,1.2902590131207592e-11,-0.00032975383465390476,6.822744508026838e-11,-3.0030243894813904e-10,4.473460685034365e-9,4.030503523468399e-6,-0.004668052858375244,-0.019315889788980592,9.505888826675648e-6,-2.320971339195304e-10,-3.9369708925083656e-11,3.0731626835612406e-6,-0.03487266621629814,-6.441402723182152e-8,-2.3935775274768484e-6,-9.264041548175073e-11,5.221620613293914e-8,-5.988141733279668e-5,3.0986895357212065e-10,-0.014711318925683845,9.297114450967282e-5,1.0896360420166954e-6,-7.180692884077769e-10,-0.0015124855558141222,8.584488850724688e-11,-0.007709073740729042,-1.1633751703627204e-8,0.007750074708302307,-7.418324806514909e-10,2.640047004499859e-10,-0.0009349290235411978,-7.527805435373921e-7,0.0002721274598706805,-0.010263862253091924,-0.008056020241213869,1.1952216146602748e-11,-0.00016320268961919968,0.07947809653872885,-9.424128820945221e-7,-6.345511846588576e-11,2.7621891617408694e-5,0.00018122304128138992,-0.0026842727990878477,7.267247052503419e-6,-2.6617587773448285e-8,-2.152287430639134e-8,-0.002178706158388506,-0.00012841201327861958,0.019215077545198855,2.559163949741103e-11,-0.01704686548315328,-1.3720266622362903e-7,-8.271306083456059e-6,-1.0688076309034691e-9,2.621109739244563e-8,0.0018405005220799827,-4.8699703133823554e-5,1.261197849059901e-6,-0.0004916439871577687,-1.6015616137370608e-8,-0.06243022886995957,3.0235708392123325e-6,-1.2956795645158581e-8,0.004097900775704201,2.3568952741834797e-11,0.001599505929597103,3.419600747917548e-9,0.0001559778257714427,3.7203468793783947e-6,-4.362722687367626e-11,-1.086392445244801e-5,0.044253579269515265,-1.7288976117857156e-6,3.030548059511451e-9,0.007428908138632386,-7.903597913237223e-11,9.637499214697956e-9,5.709741607744512e-6,-2.1828561113329775e-7,-0.03572816947563987,2.8363627862178975e-10,-2.906836198603679e-7,-0.0005145779120208992,-0.0003502774896036521,-1.806307421447037e-7,1.4489734079396396e-10,-0.0018758119324841895,-1.2077310575357934e-6,-4.678575870232366e-9,1.534300351694041e-10,1.321341330213433e-8,-3.702636028603132e-5,-0.0007479115852263196,-7.411088693426441e-8,1.4174948408546669e-9,-2.992247390149875e-6,2.081736381993082e-10,-1.1570454209771787e-10,1.8002306206165783e-9,0.0022179065909299256,-0.0002089184893086176,0.011111713223524682,-0.01632606513381719,-9.950526493725132e-8,-8.12146696550361e-7,-8.147223253039448e-11,1.1571274367715188e-5,9.131235017280178e-11,-0.007789950298553375,-3.916846388395073e-10,1.2588173922783331e-5,7.041591179587755e-9,6.390765402967307e-10,-8.184917281190015e-8,-9.478978865917349e-12,-7.433747298146193e-9,-0.0012728608827291118,-5.853643616263115e-11,-2.002628842687016e-11,-1.6629277105976808e-6,-0.001709552365954423,-4.4476070006483594e-7,-1.719148082667464e-5,-0.0008732776996518117,2.863549533087431e-6,8.387432659473067e-7,-3.677927896214933e-8,-0.00012594736994458514,2.3310101266269135e-6,-0.004485027605368271,-0.005237356419065583,-2.523780704319988e-6,0.0797205633916913,-0.004100872214761212,-7.68328018435943e-9,-3.8730505302014905e-11,-5.105648834654455e-11,-0.0010292594675806138,-2.0255892299996334e-8,0.00032988635496400436,-3.976010495029044e-11,4.630905597179168e-5,1.3700300137885285e-5,-0.0052719658930103904,4.962137926431129e-6,-3.4678612680746984e-11,-1.7895528900247025e-11,-3.1797168155939943e-11,-1.2580366490117391e-12,-4.2422718394843776e-11,-0.0151975457701776,-4.999021806301124e-8,-5.937600424805244e-9,6.224086526637453e-5,-1.3513023101432416e-8,8.13615365669979e-10,-2.4272054358660584e-7,-0.0024974292610643657,6.065122374380491e-7,8.756098364996653e-5,2.5519194976268252e-5,2.0960575698799007e-10,0.0003516422337408081,2.5668930957800922e-8,-0.02205666955013003,-7.79334217875353e-12,1.6344946460363135e-10,-6.577201068161649e-9,-0.005492144729332394,-1.8552310441715795e-9,-0.0002643990919635088,0.006271039804398608,2.12682169872674e-11,-0.009475045325374406,0.00015552898705422063,0.02838599849998508,4.688987307254469e-8,5.902779177196816e-10,-9.702093829717043e-11,1.7622108273179967e-6,2.3330791832478927e-11,-1.5619488262213088e-5,5.95844242384605e-11,-0.0002348369544750719,-2.389746652293566e-10,1.50183332929917e-9,-1.3139567376743391e-9,0.00520292502416098,-0.0045681758970038105,-0.0023690368589249257,-1.2306765869694852e-6,-1.3730336596885296e-7,0.0005991615710269206,7.398488231605537e-12,0.0002695032905293492,1.707651604744878e-8,1.0379973373424369e-9,9.266606700493802e-9,0.0060058913334863715,-6.778769673612619e-11,0.014991214807983882,2.008709724879498e-6,0.006421628981255695,1.4906329424898557e-11,2.9055488692109755e-11,9.117112234109654e-11,-0.02802619328727218,2.45065025440787e-10,3.6211024741251724e-10,2.141014558972972e-10,-1.1691514253139833e-8,-0.00038606740557155114,-9.90922795253969e-5,0.0007828623289492272,-4.937615084362457e-11,2.2009686104594105e-10,-4.80288780087926e-12,6.208187340767259e-5,-1.5889162025855e-10,-0.0016922817687796514,3.0697684834366124e-5,3.065736256682719e-7,5.831642085316263e-10,0.011756124973014245,0.0005775741268280813,7.623604023942244e-10,1.3698547652137267e-9,1.7246398096863706e-6,-7.0878481950477936e-6,2.374918303621391e-6,8.393676046864032e-8,0.004429102761374591,0.007727081038925277,-2.1335412680091293e-11,5.015922872247582e-9,-0.012974575668409635,8.805977684357189e-7,-3.2781670179101435e-9,-8.766012201886296e-8,1.4362936940409608e-5,-2.0695119862576202e-7,-0.012170090704615001,0.0002452596776388091,-0.00025963949801258266,-8.56620452887991e-5,-6.335500046348931e-11,-2.04603908361669e-5,-1.0335276988642443e-7,0.003726901062810371,0.0018625595807789477,-8.833496073802305e-8,-4.928582619683734e-10,-0.002905497521571952,0.011824150023619938,0.01941272982841008,-0.0009115906488833723,1.7039085115255265e-5,-1.54391154776608e-10,1.6041443040245508e-9,-5.853723830542242e-5,9.058443364826414e-8,1.5604023077924823e-5,-0.023646689175908845,-0.007525361816621791,-0.0005327830806537991,1.8397545295334997e-6,0.00590183883078865,-0.0008993781296807848,1.2615103554565195e-7,8.137827733950439e-11,6.598386848181423e-8,1.675902724581824e-5,-0.014119307246687487,4.3600907745697954e-6,-0.006986386723864602,-1.4235403111614432e-6,-0.029770325721662712,-4.107428892499977e-9,-1.682797836286665e-8,-0.002707417980978999,9.76033505024467e-7,0.011233067977500896,-0.020972188961455564,-0.002511865700517686,7.806924950293943e-11,-0.0002465275609884813,3.194923241846474e-8,1.142242527759669e-6,-0.000523802782244926,0.10382320404887406,0.0002178680761529575,0.05629294009740868,5.346906541993749e-6,-2.140343957623228e-10,-0.002597153235585721,1.789858096360999e-10,-5.437851698513779e-10,0.0005801892021972796,2.5073108391166478e-11,2.483329361267298e-6,-0.00028796194901508076,-6.360492083161094e-5,7.920050416504585e-11,5.8657355870078806e-8,1.1372204580358485e-5,0.1460476750399723,-5.6582752856918685e-11,1.0034884486987764e-9,0.02592990792119288,3.9069218480619156e-9,1.654471839984951e-6,2.2913749309694386e-7,-1.4137745340062567e-6,3.7405272973755217e-6,0.00012347232172051754,-0.00640278681343576,-9.394303453881551e-5,3.1463584347362614e-9,8.144610166355736e-8,-0.0005982800406274248,0.000668773507905588,-0.008526749525392875,2.9756262890081775e-11,-5.525031701321099e-9,-0.0012820107569314748,-0.01452997206657839,-1.993697064113849e-5,0.00024780374670900333,-0.0023008457750226105,7.3594056575980644e-6,5.278387963045094e-6,-6.391231066843803e-5,2.1857573773929195e-5,3.907331043047024e-9,-1.196012815547207e-6,-0.006566568129094222,-4.140738072524574e-12,6.745003180130391e-6,1.9292826123239714e-6,-7.332421108166136e-8,-1.4328987440918306e-7,-0.01466938268775315,-0.0024810323052181886,-2.8051891022661283e-12,-9.869090064902124e-11,3.9247335550944287e-11,-1.427591278559792e-5,-0.008990652313343799,0.001876162464464102,-6.702599995950523e-10,-1.1213818003976993e-7,2.0030978448564016e-11,-1.3219807108547901e-7,-4.775706829537541e-9,0.0006685046806496824,-4.14114611530117e-12,-0.00019309157496403878,-6.979951871333839e-7,9.092627287974183e-7,-7.0809516565188195e-9,7.666786754735137e-5,-0.0009923403483825632,-4.7078460212867413e-5,7.916669968359641e-11,-0.0017316283321901595,-8.327551264409723e-9,-0.014548072413537453,-7.534771282141883e-9,0.005339295542382776,-0.0016839108413822116,-3.9206837465574556e-9,1.288165165910394e-5,9.012276990288167e-9,-4.234323784499248e-9,-1.1807261572206806e-6,-6.59987333629136e-7,0.0062935347180324485,-9.322280938014088e-11,4.0805612953460426e-10,-3.3652821165291785e-6,-1.1128841136401325e-7,-5.513587250843421e-10,7.744972227719619e-7,1.3968650559969266e-8,-0.0002701469216176763,2.129760751890671e-8,0.0025352668963307076,8.839120294037872e-6,1.0399818459050127e-10,-0.010783221182038552,-8.152753610508759e-10,-3.1113322111823626e-12,1.0542172159392518e-7,1.1471747046784875e-5,0.007982073167755297,7.957472706257434e-10,-5.741314177048254e-10,-0.0004249705156528016,0.14327501530471454,-0.01371533366297564,0.0001316960463953062,1.5101882553837813e-5,1.3410747760415623e-10,-1.717322202457995e-6,5.697862181404712e-9,0.0022355930441122244,1.8852019550881126e-6,0.0008926660076050841,-0.00016516018040604083,-1.3127693052119522e-10,2.3525376333967465e-7,-0.003229033749950871,3.602250005869418e-5,-3.7745052877936397e-8,-1.0847350630757602e-7,0.0017517562592824548,4.070967311940407e-11,-7.366457584861956e-10,-0.0004402554002683966,1.0945732021834566e-5,5.937424374993108e-6,5.0743071516773886e-5,-0.007415291521197806,-6.10008253927976e-10,1.054134848293914e-5,-1.4427231908071525e-11,1.4685410781068463e-10,-1.4836993754979258e-7,-2.1369774522730495e-10,-9.015180022564402e-6,-0.007597485819909104,0.012041407179082026,4.01321698499218e-9,1.0579938834146045e-7,4.7351089799752675e-9,8.103526781574924e-11,0.021130543191167504,4.6825270916086285e-6,-0.0030753455636364285,-5.22568086524336e-5,0.0006846199141878026,0.001363665669403769,2.996409721040149e-9,-0.001576673876376453,-2.7920591438397494e-8,4.7147533404397616e-8,-4.605700010524253e-9,0.0018895686698955556,-4.569794612015146e-10,-3.147048887307605e-6,-9.762733228672717e-8,-2.0432968926421687e-10,-9.438448376994338e-11,-3.9770580001159656e-5,-1.4524397191796485e-6,-0.00029407886962039514,-0.0013950480690562146,-0.0027817494863348283,-1.911493602737444e-9,-0.005524531723914896,1.744148943874906e-7,4.2931313799691205e-9,-4.80633896544342e-9,-1.2743540833305009e-12,1.9640594073658524e-6,-1.6137561465487385e-10,-0.0015269373987943815,-1.6968111725288827e-7,1.0350522278945728e-8,4.069041239423999e-6,-2.1443184000192315e-10,5.235759805315861e-10,5.39186642031609e-10,-0.0010818021018473283,-1.1462328954576049e-7,-0.0001338330069892702,-8.388028697476453e-7,-6.150317511113018e-11,-5.284535401629322e-5,0.005028790677773617,4.338016771973821e-7,-0.0006042182434274947,-6.155406202668996e-8,2.795898828467787e-9,-0.001031895327422953,-1.5539345557370023e-6,-2.863023325150097e-5,1.4586803602204058e-8,3.195015911151971e-6,-1.826087741595283e-11,-0.0014553629981941877,-1.0310716001053544e-5,-1.0339590854999449e-7,4.20093959098085e-6,5.49888445966393e-10,-0.01834362712363823,1.1386838092505852e-10,-1.11144447930086e-9,-3.1294728595616394e-11,-0.008576160540944058,-0.0001103533315147012,1.6789418538691584e-5,-1.285802947414542e-5,-1.8713477646134975e-11,0.0008242089381273038,-0.008200621441300342,-2.1172515628235107e-6,2.6914109199786847e-9,0.017402885988441454,-4.530645217672827e-6,3.955719984476908e-6,-1.1173299656623946e-7,-7.042399778194376e-8,0.0013285673548835435,-0.0016518588837986315,-5.678644673285117e-10,-1.8325820149369704e-7,1.5890820460371473e-6,-0.0007306132746931678,2.074896932759847e-6,4.760495075002729e-9,1.5174394137491652e-5,0.0004677959140690108,0.00017841793510517542,1.8627648683956072e-10,5.738818908496856e-9,1.1986663895074683e-8,-9.121263680625456e-9,1.2930229604647039e-8,-3.1044099754891054e-8,-0.0032670775101587913,-0.02842871782865152,6.761574873328265e-11,2.831077968771921e-7,-0.003038371122047615
0.0,0.0,0.0,0.0,0.0,0.0,0.0,0.0,0.0,0.0,0.0,0.0,0.0,0.0,0.0,0.0,0.0,0.0,0.0,0.0,0.0,0.0,0.0,0.0,0.0,0.0,0.0,0.0,0.0,0.0,0.0,0.0,0.0,0.0,0.0,0.0,0.0,0.0,0.0,0.0,0.0,0.0,0.0,0.0,0.0,0.0,0.0,0.0,0.0,0.0,0.0,0.0,0.0,0.0,0.0,0.0,0.0,0.0,0.0,0.0,0.0,0.0,0.0,0.0,0.0,0.0,0.0,0.0,0.0,0.0,0.0,0.0,0.0,0.0,0.0,0.0,0.0,0.0,0.0,0.0,0.0,0.0,0.0,0.0,0.0,0.0,0.0,0.0,0.0,0.0,0.0,0.0,0.0,0.0,0.0,0.0,0.0,0.0,0.0,0.0,0.0,0.0,0.0,0.0,0.0,0.0,0.0,0.0,0.0,0.0,0.0,0.0,0.0,0.0,0.0,0.0,0.0,0.0,0.0,0.0,0.0,0.0,0.0,0.0,0.0,0.0,0.0,0.0,0.0,0.0,0.0,0.0,0.0,0.0,0.0,0.0,0.0,0.0,0.0,0.0,0.0,0.0,0.0,0.0,0.0,0.0,0.0,0.0,0.0,0.0,0.0,0.0,0.0,0.0,0.0,0.0,0.0,0.0,0.0,0.0,0.0,0.0,0.0,0.0,0.0,0.0,0.0,0.0,0.0,0.0,0.0,0.0,0.0,0.0,0.0,0.0,0.0,0.0,0.0,0.0,0.0,0.0,0.0,0.0,0.0,0.0,0.0,0.0,0.0,0.1772204537357701,-0.00021105260254878654,-4.951304775197229e-8,0.02280155144896541,2.2623084797051098e-5,2.0703339760086737e-7,2.17765953580352e-5,0.005161148495911221,-1.7145169663433418e-6,1.9726790838054194e-8,0.01981371557269178,0.00229579226098292,8.096501048510828e-7,0.0001481609905037125,-0.000356420114168069,0.007122201140079901,0.0012226628794268504,-0.00011771268368053509,-3.347107743018001e-6,2.4479018997965818e-9,-0.0003698195585649199,-0.00763672265157217,-6.47714090972226e-9,-0.001795882438692478,-0.00023200341834169312,-0.0024034134769869092,-2.0284231372979357e-8,-0.0014133665568309714,-2.7840245963149083e-8,-5.66990274358437e-7,-0.028344840233492565,-0.008193960413773248,0.018653008717070357,-3.0032954787352394e-5,-5.840894982506832e-8,4.503823512852639e-5,-7.069016221749664e-5,-2.0680579986325424e-10,1.7402568425017527e-6,-0.03945437776124725,1.2416848146835218e-7,0.0004371243256268739,-0.0005837745076447008,-0.007329451839539653,-3.418276698873724e-5,-0.002266584565935069,-2.074700436931406e-5,-5.02410613633652e-9,-1.9680543727398545e-9,0.00110548555933723,0.002176949398409989,-9.059145049537745e-7,-0.00014209888388697905,8.478195422500614e-8,-0.0004917181727577553,3.793788248141566e-9,-2.3158834429830768e-5,-1.7249487852242738e-6,0.0002787788989312785,-1.13449742231171e-5,0.02873377579461755,7.74450775869381e-8,-1.3466165719574631e-7,3.2369554871161638e-9,-0.0024954203966210562,-3.277582529649839e-8,0.004852195777370175,-6.882423801096331e-7,-2.4334915526415016e-6,-0.0006653643474563038,0.013189725280095996,-6.16299009279742e-8,-1.0939103879883755e-5,0.0022152474241870783,-0.00426501490292505,0.0001807473930960447,-3.7092627920743013e-9,-5.9605282138237235e-5,0.001202788457764788,-0.008645908197605806,-0.00022704466378063398,3.976423641188797e-7,1.2871299829291277e-8,-0.00010300199913078167,-0.0001091054057936063,3.0268002088377155e-5,-0.0002593360793608177,4.329443145446514e-9,0.05025810012391675,-0.00012107304215916804,-0.008849421016366469,-0.006618950001594437,4.673586629934779e-5,0.0018087142543358014,6.888264959209412e-9,-4.346877977800392e-6,-0.00045143114010085607,0.001530260268686819,1.9096611660098447e-6,9.037473440457638e-5,2.936080442682477e-7,-0.002353362145404327,6.296069941692954e-9,0.0017330312909793757,-0.0007157178119646061,7.934429281141178e-7,-0.00037384611573190095,-9.402145503000667e-6,6.510113003772779e-8,4.7366229365335365e-7,-1.9221853200997776e-6,-2.2342083210873098e-10,2.5725733838278765e-8,0.0005325377976338278,0.000149871031354247,5.911836974738282e-5,-5.3898034826756934e-5,9.167974848211985e-8,-7.068783895750335e-5,0.005208448299900447,0.0005531049822168469,9.388136781820936e-8,-2.0456507023144727e-6,7.014371114308168e-9,-1.7596813356103645e-5,2.3150571920425696e-7,1.664400858148795e-5,1.7903809294204583e-5,0.002191586711075927,-0.007819648501004878,-3.105625510812579e-9,3.466085238960312e-5,-0.0008144751598405741,2.998925271617962e-6,-0.00259692296443235,-1.5558662672157693e-8,-9.657036914548151e-5,0.054994554163117625,-6.572790413579754e-7,-0.0004077826236655825,1.010787856514435e-9,-0.004915722279417487,-3.194678373583993e-6,-0.00026839827039140055,1.2222973324428844e-5,-2.33592239937295e-6,1.9006032262220717e-9,-0.0009007189363648402,-0.0008426887196215398,-2.3516198795578304e-7,6.742879829223069e-5,-7.159667206197375e-5,-0.00019665742573959504,-0.0008689447797573165,-6.314570339212444e-9,0.00010483521693050272,-0.0026198416362174775,-2.1014040766691507e-8,8.117175025656764e-7,0.05826726096550589,-0.0002589059042713079,3.194370375891897e-6,-0.0003046037475931235,-0.02718610259317232,-0.000988596613899814,0.0031632476255828326,0.00011147744900018475,1.1756695960600555e-5,0.019629936750438313,-0.049147515145115124,-0.0001141817162227674,-0.0006508979169959009,-0.006188141617456143,-0.002362534403031572,-7.565654564187146e-7,9.773874910708295e-7,1.5631339961130852e-7,-4.210067272628962e-8,0.02142227740498058,-0.0001950303935829795,-1.8699336242164505e-5,-1.8828793497379624e-6,-0.00010432727808166965,-4.4949702004382764e-7,-3.0156630205583388e-5,-0.0004496105518720385,-0.014765703610928492,-0.0018834286040088034,0.08321745944958692,5.035659941101186e-5,-0.006158528153368244,-7.56731930341328e-9,3.759861003774019e-5,7.633057834109592e-5,-0.0005408236432888999,-1.479501537318693e-8,0.003261492805867525,0.00013477669175569586,1.2404010469235856e-8,-0.0010755717170140668,-0.005215813145644955,-0.013494678452500965,1.9535357461281616e-5,-0.0001500343191264601,9.492305026746395e-10,-1.296072954358559e-8,0.0003442896344920045,3.367972912744112e-10,-1.876579651063958e-9,0.030989726387947152,0.0022206139220293524,0.00011686876237272327,-4.746050056699608e-10,0.012651385140359616,-1.7238890282154432e-9,0.00018068771119930993,6.825398416251326e-8,-0.0003968333687220251,-8.415664036735853e-9,-0.00023756454684716692,2.7997953037740546e-5,-4.691436810928081e-5,8.198324193329807e-5,3.406765257272655e-5,0.00015798185381554845,-3.0964561552547303e-7,0.03271331637140686,0.04907039200730208,-6.226994356099279e-5,0.009537045421522153,-0.0008774889524224694,0.012650527284287737,-2.9608402626422405e-9,0.0007763012266502836,-2.020023437673849e-5,-4.132791552912104e-5,0.00031055898866538784,5.505456291406353e-6,-0.02841292106041981,2.6892793486532614e-7,0.00016869662211449222,-0.0003672542554139994,0.007588773593022887,1.485147526102711e-8,0.0006378067777523231,7.243855693787235e-6,1.385086581222474e-9,-0.0001379857367424024,-6.78341934249969e-10,8.172079828344579e-7,3.2620202415120625e-8,-0.009558701730444921,-0.00098278063374691,-0.00034192027097264396,-0.001148867995271586,-4.356970233218582e-5,-1.1504902731945413e-5,-0.00015355295590316044,-3.2345732587339547e-7,-0.0009587792230407543,-0.0018082042696794536,0.0036315086498433543,-4.285755247085372e-9,-3.781222240339095e-10,3.702282874533456e-7,-3.190424908345561e-5,0.07971223857894306,3.977355282757835e-7,0.0003382521295934747,1.361414144377061e-8,0.01249754824207074,-0.006999032361776417,0.016820561369691414,-5.902712908842982e-7,6.65575402190571e-5,1.772330992811102e-8,-0.00028810252088748477,5.467022865755709e-8,6.118541872777209e-5,-7.0083920868149915e-9,-8.853125485990026e-5,-5.16964422819942e-8,-0.0006652741612275156,-0.0010822124578184497,-0.00015814989834080347,0.022372264040270193,3.0846959482907114e-9,1.6898374444335086e-5,8.314731186502648e-7,0.00022664615520360311,-1.925688709346077e-7,6.688600482873901e-6,-4.709759066516445e-5,0.0018586260405010257,-7.464663099487536e-10,-2.158213801629611e-6,3.754029404427824e-5,-0.001862069998685318,-2.878556892080144e-7,-2.1968836501312737e-7,-0.00018952280307968594,-0.010077813263426721,-6.640425336754412e-5,-0.000148932399186365,0.00045753012450560823,0.01091913000366888,-7.362054252085691e-7,-1.9845660025094544e-7,6.294966159123871e-5,0.0009487452547298234,7.021849647270577e-8,0.0022118233979053917,-0.012703196057336398,-0.0015921989196896347,-3.6503950269741936e-5,-0.0036819002651632916,8.863723349699257e-8,-7.0334830723007645e-6,-3.80735322900728e-6,1.024602495619226e-5,7.974833918210917e-5,7.799956402908983e-5,0.004842740752354189,-1.1524631012452366e-7,-5.807517865143943e-9,6.724727890409325e-5,0.0007199469616782818,-4.79624684938154e-9,-6.415391488523612e-8,-1.0156440715703658e-7,8.613739363446836e-7,-3.079165623617287e-6,-0.0006127276294134805,-0.002332406883822692,5.898980481080985e-7,0.0031750343386891798,-3.3545575410071643e-6,-6.732478195074557e-8,-5.335047330498747e-8,2.968448013891477e-7,-0.0019727459166528237,8.542859169343005e-9,8.347994071331892e-8,-0.0074487820310417605,0.00018411376419885008,-0.0032863299957686357,-0.0003916358322349709,-2.616843728329152e-7,9.050542277775167e-6,1.7801145980182393e-7,0.0011383779508312754,6.889633230708122e-9,0.0022911943063413,0.010090379523038871,3.866913168123906e-7,-0.0009078939100266608,-5.925969127157236e-7,-1.4222387973061331e-8,2.1780252849516632e-7,-3.224128076357898e-5,-4.947610944427242e-7,0.003463352015884484,-0.001681324473596469,6.276503344634356e-8,3.256983405498709e-8,-1.755648227109736e-7,2.2643663682375224e-9,-0.001519636897996947,0.00043789150978844105,2.8253083803542653e-10,-0.008662579180922758,0.0002742688222007158,-1.4102191541557447e-9,-0.00011335127748144973,0.0004168014285094126,2.050304957215042e-6,-3.102549755855289e-5,-0.00017996287742798992,-0.014428037367965756,9.683304606425813e-7,6.130335905071089e-8,0.0002758795218274607,-0.0026228808002648368,2.7686647926117245e-8,-0.0004443297108984992,-3.4817428659332253e-6,0.00515972264195153,3.685730070554992e-5,-0.0007972666569274979,1.000811518707971e-6,5.663511298747974e-8,-9.846282609135815e-7,0.00831116660741963,0.005734054944440385,1.4279681046811816e-6,5.070139352118737e-7,2.856832729152602e-7,-0.00010118647921450463,0.006295777546747023,-1.764713954026298e-10,1.039892453100714e-8,1.0793916855486926e-5,-2.9539803107848688e-9,-2.9884695686548215e-7,2.9091018381501358e-5,-0.00019939017033685869,9.26612774343766e-6,-1.6433698580882266e-5,-0.004205031664218597,0.0006297851474510976,-2.3662925111924168e-9,4.052326043747885e-5,-0.00013682372179806216,-0.0007850711724707818,-0.01304860828441461,0.017618905513092222,7.86032797110505e-9,-4.010903366104725e-9,-3.2998194359376956e-6,0.00017064377380852276,-2.8266613131583956e-5,-2.970292647108078e-5,1.204176332148402e-7,2.606823936623788e-8,-0.006834574379322302,0.00734343753083881,-0.00011690756309147951,0.012128353569292118,-0.005334511708313627,-3.793272130763484e-7,4.637245610450114e-5,-1.4994495569127705e-6,5.6160451456020555e-5,-0.0016052822215203327,0.0027858028116081995,-2.714170333759966e-5,2.097404899291483e-6,-1.2707353318852754e-5,-0.00024239314408970128,-3.0197465670440158e-9,0.007398959338748545,4.0968889819708634e-7,0.01126181105910114,1.590331157189178e-7,-8.632291099953624e-10,0.003487725866361466,-0.00046316964739207553,0.003692486689508708,0.03446491116043051,0.0027999297589142145,0.001947409034501488,-2.592612358820905e-7,-0.00021765849867389197,0.000329123416132631,2.5550267935483837e-6,0.0014831220168581702,0.0008077042834720478,-0.00018113006958376342,-0.003261679978330587,1.2670460990516764e-6,-0.006757255808056767,1.0065842327712205e-7,-0.00039289748172238325,-0.0002054459032714664,1.0649089904951131e-8,-0.000698183213687866,-1.6679852013124486e-5,0.001056811169717311,1.5082069162280698e-8,2.264200182069014e-8,-0.0013410274336683311,0.0015155714168910545,3.9615188028557425e-6,1.1990083653774886e-8,1.2622480267237118e-7,-1.4560059522606739e-6,6.913383517151774e-5,0.0019740466980372436,-0.0003708555131748523,-0.007790188258989793,1.4423879259161474e-9,-0.0014248586520735358,-1.5048288305184946e-6,3.4731778375110036e-5,-3.427525651469021e-5,-0.002978809624686261,-3.8568234169958676e-8,-6.43766327669001e-6,0.023548354377085176,0.0012831171754222955,-4.916310386465588e-7,-4.5401150512326995e-5,-0.0014925668464102143,-4.777357758716701e-7,3.29081470598341e-5,-0.00013950356578298152,-5.314855488895647e-5,1.6852214023730415e-8,0.008864491635776146,2.72364205348266e-5,-4.892483582553031e-5,-0.00026007739833596924,0.008567255495347764,0.00037742565414862115,9.063435825275269e-6,9.296254924083284e-8,1.2410811899654709e-8,0.012435892328941298,0.0008183674131104979,-0.010353249185267113,-5.256180438707729e-5,-6.426215685388969e-8,-0.0009768908250405337,8.7016283885264e-9,9.551639979908365e-6,-1.1591552043548521e-6,-5.407244210617598e-8,-0.005428945662559415,5.902731599591913e-7,0.009787244576747919,-0.040723611312321446,-0.009681868394209833,9.46914023867413e-11,0.001341736328018132,1.5744745115258065e-5,0.14105325589326972,0.00023384597772689917,-0.0002559513275831623,6.092676619336011e-5,-0.00014277357713860954,2.7670025185744814e-10,1.107901716685609e-9,-4.948154133024836e-9,0.008591072980185107,-9.524811948838421e-9,-0.0029840347087080736,0.011478853418612394,-0.013718979713107463,5.0582164366122625e-5,-0.0018302337925026422,0.0002510352922893505,-6.926210691107144e-10,0.020367198163742377,-0.024614305020517552,-0.0019297555179102845,-9.672810898902492e-5,-0.0013080852582441989,-0.00011213726480957981,2.551262641223636e-9,0.05629883806128233,-3.8573164631447495e-7,2.314572787494898e-5,8.096253393407283e-5,-8.38332105531583e-6,-5.322638630734017e-7,-0.007636248633855542,6.083965683427698e-9,0.004464832985622215,-0.0018766948016041467,1.224051378573782e-6,-0.00020291990028901,4.181798645062029e-5,-0.014399084879160567,-0.00030722062808154774,3.985845471093995e-5,-7.60817007368675e-8,1.8635912656404437e-6,0.0027728041802054554,2.579246073398901e-8,-0.0008839820621647785,5.070682974107759e-7,-0.0010746892955156885,-0.0044656019370559,1.9957960918893635e-5,4.383799811837724e-7,-8.869442239559713e-6,2.4572211804842797e-5,1.3867112072346125e-5,-1.4511293745286462e-5,-3.635827304602896e-7,1.18015184365532e-8,0.005777670441592771,-0.0030431292153219446,1.1637971542629471e-8,-5.572730188841528e-5,-0.0002193017954735425,0.004228605248673103,0.01440563913004809,6.357838513699987e-9,7.106737571509021e-9,-0.01254163077896781,0.021518680073667276,-0.00030024101600535446,1.1844736905539406e-6,-7.503250993563966e-5,-0.003317047465747711,-0.0002233073173595118,-3.1238944595583317e-6,-1.8214508148181963e-7,-0.0002608991213925054,-0.0062119576442735665,-0.007191399108807741,0.003226748836068983,-0.00028795374522070294,0.061913363479717834,1.3292413892072535e-7,-3.0904723433108244e-9,-2.6795922919823163e-5,-0.0007777625568065383,-4.648779790707334e-9
0.0,0.0,0.0,0.0,0.0,0.0,0.0,0.0,0.0,0.0,0.0,0.0,0.0,0.0,0.0,0.0,0.0,0.0,0.0,0.0,0.0,0.0,0.0,0.0,0.0,0.0,0.0,0.0,0.0,0.0,0.0,0.0,0.0,0.0,0.0,0.0,0.0,0.0,0.0,0.0,0.0,0.0,0.0,0.0,0.0,0.0,0.0,0.0,0.0,0.0,0.0,0.0,0.0,0.0,0.0,0.0,0.0,0.0,0.0,0.0,0.0,0.0,0.0,0.0,0.0,0.0,0.0,0.0,0.0,0.0,0.0,0.0,0.0,0.0,0.0,0.0,0.0,0.0,0.0,0.0,0.0,0.0,0.0,0.0,0.0,0.0,0.0,0.0,0.0,0.0,0.0,0.0,0.0,0.0,0.0,0.0,0.0,0.0,0.0,0.0,0.0,0.0,0.0,0.0,0.0,0.0,0.0,0.0,0.0,0.0,0.0,0.0,0.0,0.0,0.0,0.0,0.0,0.0,0.0,0.0,0.0,0.0,0.0,0.0,0.0,0.0,0.0,0.0,0.0,0.0,0.0,0.0,0.0,0.0,0.0,0.0,0.0,0.0,0.0,0.0,0.0,0.0,0.0,0.0,0.0,0.0,0.0,0.0,0.0,0.0,0.0,0.0,0.0,0.0,0.0,0.0,0.0,0.0,0.0,0.0,0.0,0.0,0.0,0.0,0.0,0.0,0.0,0.0,0.0,0.0,0.0,0.0,0.0,0.0,0.0,0.0,0.0,0.0,0.0,0.0,0.0,0.0,0.0,0.0,0.0,0.0,0.0,0.0,0.0,0.0,0.17634800577412182,3.151087159395085e-5,9.459499001534158e-5,0.00790625700081953,-6.957426011571355e-5,5.78304097690887e-7,-0.007517976442512575,0.0008458523875128591,1.7644932509989283e-5,-4.106329864818689e-5,2.099646907658245e-6,0.00017949043511400646,-0.04553376249917173,0.03449883254131098,7.442804526312003e-5,0.004250411792923504,2.6437570733212515e-7,-0.00021566989035351537,1.0460230970892362e-5,0.04625003126501491,-4.6494834993655066e-7,1.9444964356129734e-7,-7.379790513676475e-6,-0.00137713844641561,0.0009233634390062843,2.3870028740305015e-6,0.022271413010423263,-6.537384745179225e-6,-1.2374582502181617e-5,1.0533055198524793e-5,6.006314597371373e-6,-6.147549917372758e-6,0.028563802183937486,3.550359189819398e-5,1.2925004801554206e-7,-1.7913833856628465e-7,4.6424774988276456e-6,-0.0003641421472993928,-2.1997245220571645e-5,-6.361200097943988e-5,-4.786888594657103e-7,0.008076840687704982,-1.6690243057832065e-5,0.02855095454062742,0.009735085392177984,7.188256551694344e-7,1.4351260408210422e-7,-8.047486044366753e-7,0.00016366185930119257,0.001051514289003426,0.0004210205582896234,-1.88474814833395e-6,6.706888936423351e-6,0.031024069751648824,-4.183580575603775e-7,1.533369417529403e-7,-6.225918164797342e-5,5.860606279518713e-8,0.004157503331511869,-0.00012789987390799664,-2.2037228400245907e-5,1.269658013529325e-5,3.2937726901328287e-6,-6.281639784241193e-5,-4.492603146405826e-5,7.992905149118219e-6,-0.00045807816191856525,0.0019280355434303747,2.1442527612147574e-5,-0.0007690825332202158,-1.457518649155058e-5,-0.0002487110593184289,0.0012501755894835252,-0.001068975484788231,3.4652214435983373e-7,6.380092914691929e-7,-1.1384450083018317e-6,-2.2254020393986855e-6,-2.384559848328392e-5,0.036386570408277676,-0.00020473157689245025,-1.5397904602841495e-6,0.026094452614026833,-1.2402812443198673e-6,-1.176010568023509e-7,0.021478498706996894,-5.797951526472869e-6,-2.3020753117135474e-5,-0.002190102196292928,-1.069514331920652e-5,-0.001180189154955286,0.013324093599468513,2.047141218322997e-5,7.483908176356753e-8,0.00024796492770513666,-0.0024956597934018216,-1.569306348211263e-6,4.770695344277183e-5,6.423876700639559e-7,-7.906698811946274e-5,0.00021488253857853123,1.3715337693131533e-6,3.6007505688466324e-5,-2.281435146815745e-6,-0.0002019795987791765,0.005015826479059689,0.007152783436554633,2.7876462629652678e-5,7.305110727565621e-6,1.288036892092652e-7,5.298086242729894e-7,-5.105092542574343e-6,-0.004759821385525687,-9.974512419914537e-8,0.012693589001667723,0.005708027443184135,-0.00031052555461100125,0.001478674652023331,-0.00019642821983324884,0.00033156170986339833,-5.1765468618396085e-5,0.000992726891182,2.572576193312405e-6,-5.666481075099678e-8,3.704100716193647e-5,-0.0007067419453264373,-0.007784255799744005,-1.3372800711773332e-5,-0.0001623514310031871,-1.8517934226757246e-6,0.011882417453944747,0.006876366275919098,-0.0001524295153763359,2.7671036979139226e-5,3.588135683551124e-5,0.0029452520052813532,-1.5182250744327382e-6,-0.00026911887794499247,-2.1826956616978337e-6,2.775944933639043e-8,9.656875017467951e-6,-0.0034963086667219243,0.04784814838248395,-2.0852247957893162e-7,-0.00039683742791251205,-1.89946503205902e-5,0.003176492617272719,1.2460699095963683e-5,0.00024264862475880457,-6.628617144656925e-7,-0.00013929468394514004,-0.0008308522085682411,0.0025757217201226043,-7.2348219481646e-7,5.383302179207144e-6,0.000665289857545019,2.3122584907005363e-6,-0.00043708412072981614,2.543242479113705e-5,5.34838455036084e-7,-0.0006493341536438,0.0007246930854358233,4.719898642095544e-5,-1.3601444779785882e-7,-0.00047399720242831444,0.027081676628009553,-0.0036562963711657412,0.0009799138215497913,-2.815604069669286e-5,0.02384565580957421,1.4635892075033904e-6,7.132437874809097e-7,2.2284064557853985e-6,4.800760954467622e-5,0.0011452634660574876,7.719964467656317e-5,6.704214783940631e-6,-0.0001905197006106955,-0.0012023308627923284,-1.0450579594807195e-8,0.0020658912181596456,-1.4134626365131476e-7,5.019175039596154e-5,-8.121720559211243e-6,-0.005557041860275695,5.095773670139944e-5,-8.814872182079738e-6,8.243475164112101e-5,-2.7341162898820464e-8,-0.00011247770510140883,1.1695012738973986e-6,5.330796305380983e-8,1.4962485380704589e-7,0.0033580056993993837,0.00036200139735057874,0.0013529900594815326,0.0027651632001415116,3.342299472706333e-6,0.013855263773245682,-0.0016777386829224588,-0.00035609915366993417,-0.000841967007202565,0.07070185099832817,-6.341283037172497e-7,6.434888845944231e-6,-0.021068658761828285,4.318744349700856e-6,2.291095902074121e-7,1.643115324570975e-5,4.840956498057544e-7,3.07436981645948e-7,2.992239387863691e-7,2.3236376372826947e-5,3.086320185322011e-6,2.349711628909504e-7,-0.00025360687232696454,0.0002866861329182254,1.4645337237850254e-7,0.029397180608345643,2.684116603831685e-8,-2.104541322027846e-7,5.230704186797327e-8,2.0893262726255462e-7,1.433034958624311e-7,-3.162227466367252e-5,-4.200416292979903e-5,0.00010191285610847405,-0.012289556938135606,-2.276045520534037e-5,-1.2817867039562162e-6,-0.0006051604548596407,-4.670220400159266e-7,0.0008722431910932831,0.012596343222657468,0.00622700599561739,2.1124030211500863e-6,-0.002104081374517417,5.668274072026163e-5,-6.798933835761412e-5,9.799673144079508e-8,7.918843510432939e-8,-7.701787435968718e-6,2.3278268522983125e-5,1.7358155003233644e-6,-0.0001382256363743296,1.0941359925697882e-6,-2.142722270982498e-7,6.44382397556106e-6,-0.003711095373735218,-5.404098693793107e-6,0.0004143292587379007,5.46245783271213e-7,-2.1883529375486727e-6,0.007017343255241072,8.403937667392132e-8,0.008711885673290641,1.1736891183909067e-7,0.0001991473274536772,-2.617768424324985e-6,4.678247140879772e-6,-1.8633719398685716e-5,9.9646976560641e-7,9.595833657495672e-7,-3.3878764300764215e-6,0.007668330669143527,-0.00014875392600376868,-0.00041395501878256635,1.2673129894503786e-6,1.4513432879361478e-6,7.007508851019957e-5,-1.906117215926185e-5,5.2086151710743966e-5,-0.00013972509267724023,3.724456057209902e-8,-2.5915525933869905e-6,0.02760876558031409,2.5569142903716318e-5,-1.2633438437813912e-6,1.6584504275982562e-7,6.231307447497592e-7,-4.411502566465031e-7,-1.5434770959400032e-6,-2.9338984122027472e-6,7.103930681274731e-7,5.877744495919018e-5,1.946109287278271e-6,0.004854240372409081,-0.0001613142731883486,-4.6612607702402383e-7,1.8828206431623413e-6,-5.374451074932629e-8,0.020968990658001542,5.059210959687913e-6,-2.5966555835989046e-7,-0.0034818760122087367,0.027591183191939504,4.579451344221094e-7,3.1530961953099335e-5,0.0018586482652808312,-5.480683652755187e-6,-3.082914621065625e-5,0.10174498818177856,0.006256641744025745,-0.0007552904411039604,0.00020825391327256428,0.00016712669247297338,-1.8496813144255367e-5,-4.2119419373804473e-7,1.081981313380136e-6,2.6285066164548615e-5,0.0004874625558980334,-1.4497885245137011e-5,0.00031090122223235614,0.01009717750118138,0.00028939954602754753,-0.00019954961718366998,0.005078478034122298,0.002133365868100382,0.029656368918760903,1.7903096406379687e-7,-0.05121750791366897,0.0009476871742123977,-1.1417094196318535e-5,1.6280795650620354e-6,-0.0027830147159144457,-4.0364691656014355e-7,5.104508771625531e-7,-4.771295095432543e-5,2.8379383564001826e-5,-0.0003902068451346597,0.003276543122005286,-1.8830899633022173e-6,3.5293651221171755e-6,0.001585103225481213,-0.0016569027932800229,-0.00022434595429776487,1.6801649202457574e-5,-1.8299923014117238e-5,0.00016341698568028023,0.008828186526866424,-1.490871154022596e-6,-5.482190522488348e-5,-0.0008013052171067704,6.51576653986798e-7,0.0008754872132101097,0.004725077740129477,0.00010851447120762504,-0.0040302484928519695,-1.681566973405283e-5,-0.008721771526000687,-5.284088435884851e-6,0.00010244527209074443,9.417457970609908e-5,1.7946293764861667e-5,-0.0031185642520300118,8.364109770604946e-5,-2.217450722812128e-6,-4.566501727919779e-6,4.4684805236579614e-7,-0.00044414106960633453,-0.00012412779418333715,0.01008684702311391,9.46893271880463e-6,-1.7926025260997869e-6,0.0020979497003118844,-5.255803605517578e-6,0.013195543892053454,-1.365979844783096e-6,1.8906520944727373e-7,-1.1974261258701812e-5,-4.117268158866229e-6,-2.7442801443200977e-6,-2.14380504414351e-7,-0.0020822348242096364,0.00011080863041598614,0.014711329935244892,9.17075735040907e-8,3.3963538231717035e-5,0.008175988858978585,-1.1281830582318817e-5,3.514712646355829e-7,-9.912820553342898e-6,-1.0942288176626572e-5,1.5433175907146714e-5,0.00029638822007141673,0.00024234168782224285,0.029141470338153456,0.0007232457984729885,-0.0014377835170462378,1.1353788084837277e-5,0.0022213692698029456,-8.486587441261411e-5,0.00031024157414436367,-0.00020140178217295968,0.00010979420842690734,-7.274261612876951e-5,5.995893712735122e-8,-1.829850603468819e-5,3.4586996087204173e-7,-3.561355503905773e-6,0.001231000248990559,2.481638275943104e-7,-1.0194458619363861e-5,-0.043155605454229265,0.1097363836512249,-0.0021676049555261006,0.013731101112680414,3.5643740542242497e-6,0.0029692216521550177,-4.6833116536132335e-7,2.015050213061985e-8,0.0008205594341461004,0.023830201409941222,-0.00024841883357319444,-0.0001761573458163928,2.2218660691729064e-6,7.436738540434661e-7,1.4279300328462555e-7,-1.657484240464055e-7,1.7447390463105357e-7,0.0006499329042102545,-8.368151508325915e-5,-4.731171555377519e-5,4.5517008919531595e-5,-0.0011170799253799382,-4.188768094701568e-8,-0.00025075417622526073,9.000365163044649e-6,0.00017435008689712427,-1.1803528675141388e-7,0.005374526359495106,0.007817257465905914,0.0024466743383912506,-8.88959931746477e-6,-0.0026589760574498695,-0.000336031227900797,0.021438783264798658,-1.582178856694047e-6,-2.1825780718274733e-8,-1.3547039477741865e-5,-0.00011942971219476475,4.603360153014125e-5,-6.344627186572099e-5,3.700874384416939e-7,1.7776601165236685e-5,0.10376726151943742,6.817977556284983e-5,7.865078121295111e-5,-0.002706013981138324,-0.0008786237668189874,3.642380327886972e-5,-6.001421617834656e-7,5.694865902792802e-6,0.007698868542456738,4.136327000063819e-5,2.1084788656277525e-7,0.002425726578583002,9.565005838755325e-5,0.0006793620907206947,4.4198031307766884e-5,1.5253850572321753e-5,0.10705731010431492,1.1165480132847602e-7,4.075329772781097e-6,-4.432765120138582e-7,9.475454151590747e-9,-0.0029781039740325263,-8.64522135023371e-7,-7.312336402218945e-6,-5.0343848210781264e-6,8.979120757309925e-6,0.00024001433585874648,-7.875874761631327e-7,2.8617520833146008e-5,-0.0003088759461819039,0.0014480070099761278,4.1444105240216994e-6,0.0035565646942962497,3.6181595919224367e-6,-4.536402090495989e-7,0.010119436139930878,-0.0015045141515162251,-0.0049847768577374945,-6.8429901049317244e-6,-0.00037085880062236664,-2.0982883805658846e-5,-0.0005247917100015188,0.00010439198677028518,-0.0002238744291255335,0.00013328426775715332,2.5225228399084625e-8,1.7044995666226524e-5,0.0002671491893896455,-0.04136818308177189,0.09646068196762747,0.02088191979160233,4.39284368898979e-6,3.281635605924724e-5,0.013600728227366243,-1.713976379074312e-7,-3.1948749908989055e-6,0.0002744750470810937,-1.117887931880812e-6,-0.001558271841351316,3.897548211365557e-5,1.6042072998699504e-6,-8.878946046408579e-5,0.0008102466133574189,4.2670255496830374e-5,4.167149560721514e-7,4.681003407659207e-5,0.022059814717995188,3.5232024290922663e-6,-0.0035089951121823415,0.0011001258623973692,-2.961977068074951e-6,-9.90246307679465e-6,9.107064898084233e-5,-0.0002488894806184519,-7.684239279156514e-5,-1.546123096728622e-5,2.723099434118963e-6,-1.0249211419708413e-6,-0.0017824086478718006,-9.749982472623611e-5,-1.3283545722377954e-6,-7.158853440410401e-7,0.01225057270209761,0.009337649906797148,1.977821407893909e-7,2.9926676759633833e-7,-7.756223430150889e-8,4.8877673367547085e-5,-1.5995464165153869e-6,-0.0005078363420913178,2.031359825123888e-5,-1.5318991142923914e-5,-3.4242617526619527e-7,0.005212330141360622,3.838123265305899e-7,1.524559933464265e-7,3.600997919176596e-5,0.00010072076858189195,0.015447833345428328,3.877503590235848e-8,-1.6332434691635046e-6,4.29669407386525e-7,4.818092740829383e-8,1.6261841531404005e-5,9.934901051921712e-5,0.001730296601095921,2.5627317565673136e-7,0.007702942678580035,-3.299531116791698e-5,0.0005880255337379938,3.50904010045939e-6,0.00020100117187284432,8.529640522844044e-6,-0.0005011724487076927,0.04226745403170837,-0.010934790074004875,6.195283894338254e-5,0.07699793468886892,-4.048268606894374e-8,2.173739585841581e-5,0.04825724006752036,-0.00011510016487637414,-0.0005190436991568606,-3.621516943146015e-6,-9.564672825803836e-5,-1.3035096532654572e-6,-4.126298049484192e-6,1.6947303442455452e-8,4.7615271072157793e-5,-0.0027159185908500324,0.018191859059434396,0.08459974621350246,-1.7832357946561513e-7,-0.00014353796141747518,1.5947345148672865e-5,-0.006452563222612512,-3.4991288042671453e-6,2.833368631094358e-5,-0.005154257600903346,-0.0037550023447836065,0.00013174189641756976,1.2891384168189713e-5,8.358179547897356e-6,2.2456816543693265e-8,-1.7869141833583636e-5,-0.00014873395779479726,0.0023076012494097106,0.00013995484470041757,-0.006079487800403462,-4.881200101911029e-6,0.0006451831885042084,-3.6470351547305394e-5,-0.00011239313307505039,7.68881038332959e-7,3.800026739721579e-6,-0.00019478540452787075,6.870531995306636e-5,9.17335700809699e-5,-5.4497500471440254e-5,4.620467305875931e-5,1.4226940216507199e-5,-3.76304925559416e-7,0.0027164258516767167,4.044400902943503e-7
0.0,0.0,0.0,0.0,0.0,0.0,0.0,0.0,0.0,0.0,0.0,0.0,0.0,0.0,0.0,0.0,0.0,0.0,0.0,0.0,0.0,0.0,0.0,0.0,0.0,0.0,0.0,0.0,0.0,0.0,0.0,0.0,0.0,0.0,0.0,0.0,0.0,0.0,0.0,0.0,0.0,0.0,0.0,0.0,0.0,0.0,0.0,0.0,0.0,0.0,0.0,0.0,0.0,0.0,0.0,0.0,0.0,0.0,0.0,0.0,0.0,0.0,0.0,0.0,0.0,0.0,0.0,0.0,0.0,0.0,0.0,0.0,0.0,0.0,0.0,0.0,0.0,0.0,0.0,0.0,0.0,0.0,0.0,0.0,0.0,0.0,0.0,0.0,0.0,0.0,0.0,0.0,0.0,0.0,0.0,0.0,0.0,0.0,0.0,0.0,0.0,0.0,0.0,0.0,0.0,0.0,0.0,0.0,0.0,0.0,0.0,0.0,0.0,0.0,0.0,0.0,0.0,0.0,0.0,0.0,0.0,0.0,0.0,0.0,0.0,0.0,0.0,0.0,0.0,0.0,0.0,0.0,0.0,0.0,0.0,0.0,0.0,0.0,0.0,0.0,0.0,0.0,0.0,0.0,0.0,0.0,0.0,0.0,0.0,0.0,0.0,0.0,0.0,0.0,0.0,0.0,0.0,0.0,0.0,0.0,0.0,0.0,0.0,0.0,0.0,0.0,0.0,0.0,0.0,0.0,0.0,0.0,0.0,0.0,0.0,0.0,0.0,0.0,0.0,0.0,0.0,0.0,0.0,0.0,0.0,0.0,0.0,0.0,0.0,0.0,0.0,0.17627850677642026,1.1852004378928006e-8,7.227462620289692e-5,0.020829916088709047,2.8206948300064848e-11,3.4972836282096236e-6,-0.0011977481123926449,0.012885774065628646,8.039799072952898e-8,1.6899127889016183e-9,0.002757510854908631,8.346766478968075e-5,-5.693749399445657e-6,-2.0601580017256e-7,-6.686062058304539e-6,-6.571017893217997e-11,-0.00016124912926523616,0.011419835283133978,3.1880744103918265e-7,8.833547474925751e-9,-0.0030238054285590707,-3.8215821341906254e-10,1.6774900262666287e-5,-4.5529146638515846e-8,0.0007240747617895494,-5.92516037216602e-6,-0.06616617444597742,0.004807369667680573,-2.589848320395308e-8,-8.17468250379272e-10,-6.976649607532075e-9,0.00012328918819625126,-0.008752263816367727,-5.6795699747164675e-12,2.8629833718878846e-11,0.0012333949861013287,-0.00017525478682577423,2.079882844789584e-9,-0.03501027135640964,3.7747943020909825e-10,-8.256891911157972e-6,1.6384916716237758e-9,8.314639405105373e-5,-1.1391376924759897e-6,2.1900258791677322e-9,0.0007074226945407786,-0.0007388031377249302,-5.279127783114175e-7,-9.346161915463114e-7,0.019743837398206506,8.225306627963481e-10,-0.004226378472986657,-1.7719799262717718e-5,-0.002426332967822334,-9.570624764408287e-12,-0.007205935931713517,-1.2837455223780534e-11,0.00019151282543968944,-2.178756025812079e-7,-0.0025134776485693728,0.0036804231639732377,-0.0013365820114769715,5.385527621607921e-8,-0.007703966747556185,-1.4784689544071141e-9,0.00014699027564882267,0.0017129638642253422,-4.1867076100651676e-9,3.3539613645405626e-7,0.010758391440641267,1.0175247169968554e-5,5.122551853431242e-8,7.522549874616694e-7,4.4976398660389437e-11,-0.0025336575758972885,1.4336274563069413e-10,1.950431971064389e-9,-1.4348889562023283e-9,2.9875512432380228e-5,-0.002419424542815074,-0.06358420894880289,3.733195137964948e-6,-1.4291764994971449e-10,-3.4515966025043686e-11,3.236133483962247e-6,0.006636175328467757,4.553361281039571e-8,3.560569671116912e-5,-2.777795116237132e-9,1.7905848227507526e-7,6.89431877954803e-5,-5.245930229274846e-9,0.010224929857184017,7.991191313127598e-5,-2.986841697527246e-6,-1.5983069208715412e-10,0.002387496213872677,-2.1061156054774664e-11,0.030324790364082574,-9.680545721843864e-8,0.0014929859887364985,-6.343409973043696e-9,-6.162620442655753e-11,0.0029674106498101763,-3.1776374876063117e-6,0.0004035029088462885,0.009285450145505832,0.0015345974558153086,-4.4615007388521057e-11,-6.558554433264434e-5,-0.027794746006600878,2.2038995819143444e-6,6.916248166928442e-11,-5.109800587455009e-6,-9.333202440713878e-5,0.0009216119771317637,-3.144510058828246e-6,5.8268770225221677e-8,-3.449080159393894e-7,-0.007238160665313766,0.00040773949036083414,0.01294671212488712,-3.046842165775835e-11,0.006224393875543505,-7.622041527968669e-8,-0.00020387757352372825,3.65061506283574e-9,1.3110425516021446e-7,-0.0005753999529149763,4.769102991976971e-5,-2.876076685139302e-6,-0.0006735164128721979,5.015550871077962e-10,-0.04751785531887876,1.8424756601375307e-5,-2.9632030075229082e-8,0.0020670922244503424,3.8678711886421583e-10,0.0007057117567438965,-2.591834370380966e-10,0.00014976558424817436,-1.7776818157910084e-5,6.501984831747272e-11,0.0025069059196812927,0.03711982079611497,2.6511594183834824e-7,-3.4941224521550726e-9,-0.006004494961394412,3.825730365383237e-10,4.2701321755565703e-8,-6.127709067801303e-6,-7.468565490849797e-7,0.00882352105933438,-9.73983809378455e-10,-2.95849179694388e-7,9.993011622283748e-6,-0.00048193398251405214,6.323685991783817e-9,-2.5031563382741277e-10,0.0022370186802209632,8.184217602868689e-7,2.839561094372317e-8,7.680755328358134e-10,2.3474793236871527e-7,2.173999168806893e-5,-3.288687661955671e-5,-8.940284903528917e-7,-2.1980950376268934e-8,3.72145076357689e-5,-2.507484457208165e-10,4.272986158927609e-9,-1.1141464148547423e-9,0.005341194107083233,-0.00011203336500809716,0.004250835319146578,0.06892948510605101,8.791272247951881e-8,3.7733878561161227e-7,8.594725135036622e-11,7.402321009291593e-5,1.17945513816618e-10,0.005693451907222642,8.459149667752258e-10,-5.646754319457262e-6,-7.530842208008906e-9,9.252276955405132e-10,5.961397051021577e-8,6.775694704059696e-12,-1.268086738899764e-7,0.0026560895959118576,2.7018542116998008e-12,-9.55831619474881e-12,-2.265014217394738e-6,0.00040163096842596517,-1.0436169427981129e-6,-1.9166567565733024e-5,0.005826896830299036,-3.547999989509642e-6,7.27267415990257e-7,1.867790637065572e-7,2.0911557912431108e-5,8.874055699672363e-6,-0.002231876981689403,5.362343925420868e-5,-2.1533849654570526e-6,-0.003424980569419786,-0.00031082285474152174,2.99409058072299e-8,2.1875570763074948e-9,-1.159823930040727e-10,-0.00046390276847504725,1.2670461710877837e-8,0.0024162419519705956,7.497853860321742e-11,-0.0019285612914992157,-1.6878628113639348e-6,0.004482863628843187,-1.6178084820128976e-6,5.85250277813687e-12,9.194262688445473e-11,3.1150384324812035e-11,-2.5992082651950577e-11,9.238481672790513e-11,0.0012271832617224364,7.02978995655215e-8,-5.223167695476231e-9,4.140416883579723e-5,-1.9832403302719e-9,7.170925405346842e-10,6.138762509718821e-9,-0.002166534877542853,-9.587426382009998e-8,-0.00016096879320519645,-8.287301273846662e-7,4.6038875444979036e-10,-0.0009547211931599298,-1.1280407633691725e-8,0.015903424105755685,6.097889265309176e-12,-3.041719614367119e-10,-6.543054919941885e-9,0.011898146409201928,7.06658719312228e-11,-0.00025445922360068355,-0.005889164527597137,9.310074937569059e-11,0.004936685763995116,8.863535026353334e-5,0.09188912997912439,-4.7943211894080644e-8,-5.751265293271762e-10,-8.124208259893286e-10,7.22093473722994e-8,1.0603824784635656e-12,2.811444383129224e-5,-5.6909965966627566e-11,0.0005194108300734961,4.1256366002667703e-10,7.063942558645948e-9,5.898882026652377e-9,0.003156319286739511,-0.0042803309772340165,0.002282066368493755,-1.4030291337215276e-5,-1.3972320826649816e-7,-4.314349025987941e-5,-6.967400475815071e-11,-0.013352353782681842,1.620502669968104e-8,3.1786506128615784e-9,3.924509859028965e-9,-0.00488911170470791,-5.4303267533795903e-11,-0.04225318739383351,1.6701019076114215e-5,0.010521335998176692,4.6340193310092443e-10,3.127020219013357e-11,-3.4119977974006296e-11,-0.011633979024774782,1.504114676581483e-10,-1.8339839502963694e-10,8.967026752138415e-11,8.266737646482809e-9,0.014226969098400506,2.804312048001419e-5,-0.0012617136272215959,5.228090891448704e-10,1.2944972519404682e-10,-3.7497743272119644e-11,8.674360911797961e-5,1.0392468221017175e-9,-0.002021282788106671,-4.102795803323935e-5,-6.66987555628741e-6,-1.1930668475522354e-9,0.016880927309336033,0.0005920129790093056,2.288362927183331e-9,2.5055398094986245e-9,2.5318184435541533e-5,-4.062070397673976e-6,6.991096793056312e-7,-2.521229885612219e-7,0.006134196058728879,-0.002962471920015541,7.33299104102779e-11,-5.806696422186534e-9,0.019555441205193872,-1.17246961895262e-6,1.9212908162565255e-9,1.2095834065343215e-6,2.972907780035471e-5,-5.515048761499471e-7,-0.0018657403405140172,4.605635963338895e-5,-0.0003527738747452857,7.429661492329501e-6,-2.8723253042757586e-11,2.436527044986295e-5,-1.1686042270970072e-6,-0.004410211279480799,0.00518503132783002,2.235762083305097e-6,2.0590846839704148e-10,-0.00415674700599734,-0.0007026689133700388,-0.013724679911632285,-0.0035408080165170983,-0.00010831141598588337,3.0531345570128526e-10,-9.646369091057315e-9,0.0007182899500148918,1.058391077746766e-6,0.0017978078955456264,0.05197102404003631,0.007078080277015384,-0.001059610662568005,-3.0183866876582245e-6,-0.0031828023144243878,-0.007648034382645058,4.2524575749378457e-7,-3.377700400923953e-11,-3.9985419899563064e-7,-2.6087117764657343e-6,0.019567174516513002,-0.0003334150902575208,0.0025698878251849706,4.443751173869159e-6,-0.001295922620807696,-4.404618846952685e-8,-3.829736924946554e-8,0.009570442937765378,1.3995026796536437e-6,2.041321331184692e-5,0.0034633653875073183,0.0003985046731086829,-6.927367762268838e-11,0.0009248729556300613,1.2774985854579398e-6,-3.7536880504070724e-6,0.009264030939908458,-0.020510542637310697,-0.00014979421683738146,0.06385641852667263,-1.7478940722430687e-6,7.449486064429161e-10,-0.0012741353910530819,-4.172151741974275e-9,-1.0259416119268577e-9,-0.006747489168431188,-1.192097429838642e-10,-2.419027356580712e-6,1.670820662656716e-5,0.00023567306525525367,-8.703278336214256e-11,-5.126649377118608e-8,-6.295446424570239e-6,0.0041833583579573425,1.6536334288497494e-10,-2.0093349369865457e-10,0.015699538428589902,-4.810725936922262e-9,6.760728777495323e-5,6.379686981979565e-8,-5.256402641449285e-6,-1.627889247685967e-6,-2.413891953256671e-5,-0.0016905529961927894,-0.00017068457819160039,4.316456717423486e-8,6.136104660030446e-8,0.0019140792900604415,0.0019060389908437817,0.020406879515210488,-1.6866661698739765e-11,2.6825850269719204e-9,0.00036706127198604996,-0.07361862150478647,3.506208705034015e-5,-0.0022659096541795703,-0.014039954400384538,-0.00010108677409341159,1.2445522751912047e-5,-6.649461149490802e-5,0.00019707736631706377,-5.917680044325612e-10,4.749342290746809e-6,0.00010702055484328089,-5.3953131602912304e-12,2.4894709411049794e-5,-3.8064285540241414e-6,5.181007611703504e-8,-4.2536562529523744e-8,-0.004945769353510832,0.0021331689704244742,-9.760316064071344e-12,-5.892277021704787e-11,-1.3297480541796512e-11,3.01787762860449e-5,-0.009183244422967857,-0.0007310868483794013,-1.5631421734339817e-8,1.264201723149447e-8,-1.7263776468313476e-11,-1.6509631358270534e-7,-7.876404429559306e-9,0.001203191508385893,-4.4907214168219085e-12,0.00040363500017987267,-3.847295216053212e-6,2.0918326764666293e-8,6.544240166150568e-9,1.5656229572277777e-5,0.005109499693590626,7.928148111641644e-5,1.8170829672797305e-10,-0.0007987918819183491,-3.288128348355098e-9,0.026223842756293216,-9.089701211158269e-9,-0.026618375452112323,0.0005160656953575298,-2.865396824754139e-9,-7.339974786681064e-6,2.5964909221729213e-8,5.856056755703837e-9,7.389231860563871e-7,5.729966216520924e-7,0.0028413687228590495,-1.5744774257325613e-10,1.5760579782558571e-10,-5.811451869891791e-5,-1.4509121463697834e-8,1.2872556181807032e-9,-1.4398420291656435e-6,-1.8085748787035674e-8,4.725085171004194e-5,-3.2888880469745427e-8,0.015521554762761944,-1.5641061779335653e-5,-6.492730214948651e-11,0.0020785782886011393,1.7297472277571066e-9,7.291070616512647e-12,1.7981071237680133e-6,-0.0025257775741368326,-0.01049969830715797,3.763225790250064e-10,-2.1139463131721828e-10,0.00023885078344329925,-0.015508644213222804,0.0013146185725298515,-0.0010406191935929095,-2.056849084415669e-5,-7.740853367693067e-10,-9.006824054804707e-7,-3.2257361579655986e-10,0.0029537842697138364,-5.321757357572848e-6,-0.0008249561784877327,-7.753977700148199e-5,3.783829979376382e-10,-1.3263144680095943e-7,-0.0016842742239640727,1.1766247972264017e-5,-3.240940746862686e-7,5.40711318768331e-7,0.01744406486070799,1.3284489302606901e-10,1.3378695096671735e-9,-0.0010854411874001164,-8.45144394906711e-5,3.05090687283294e-5,9.727660910354026e-5,0.0002286718594491505,-1.033324071587878e-9,3.2152673220567306e-5,3.518646647112653e-11,8.363048776316128e-11,-5.9447256282494876e-8,5.663612558647869e-10,-4.139258885309924e-5,0.02105023143245524,0.003124378950909555,4.7008973609566495e-8,-2.8792194633943603e-7,-1.648525737488108e-8,-6.385403764485971e-11,-0.0061651768827665045,-5.0193128972906425e-6,0.01448889267598703,-0.00040676700838974624,0.0012630947394816048,0.0013452718733318009,-3.2693405159724254e-9,-4.563603508013524e-6,8.360536361704718e-8,-5.4298001674606855e-8,6.734252376915276e-9,0.0010490002237516518,2.164163917698649e-9,-5.24423080907279e-6,-2.6234828385710205e-8,6.329574440853882e-10,1.1152059765735974e-10,2.8410148045168393e-5,1.266557427090564e-5,-0.003630574870293589,-0.0009117166642584746,-0.00026307832682312865,-1.6305946106214897e-8,-0.02488069635234471,2.0880542862691742e-7,6.05596399382981e-9,8.879165928869936e-9,2.2205825440688328e-12,-5.005983349035583e-7,2.2798191553624765e-9,-0.0002092204632025375,-5.0856479664827914e-8,-2.458539117781693e-8,-3.7379980929800873e-6,3.7890068283830094e-10,-2.813766860240005e-10,-2.09923945681943e-10,-0.002536512214012173,7.108352784143145e-8,-0.00010714891838280543,-1.5340263653867337e-6,-9.663546026570615e-11,5.1123420791402006e-5,-0.0005742160720951904,-3.663299905002989e-7,-0.011511733598499142,-4.459537317886019e-8,-2.497555083485642e-9,0.0018767006739547054,5.572680526959833e-6,3.76347968642185e-5,1.83627080785981e-9,2.4625742218246752e-5,-5.2946949381214e-11,0.09925570657908263,-4.022588744567775e-6,-7.539018970293693e-8,0.0005829025161787833,1.30617848158645e-10,0.018388282485915626,-1.2426626364778649e-10,-2.1299773399406385e-9,7.285321650177314e-12,0.003372514784718448,-2.5270523685858347e-5,-5.212769437718894e-6,5.691067015952984e-6,4.855616489085263e-11,0.0002510279768818484,0.0005735499713090654,2.512062945853582e-6,5.811265460585286e-9,-0.0041613482043108534,1.6155663597119167e-5,2.7121106877210363e-5,-3.5535056144829655e-8,-2.2631945166415547e-8,0.06818421081960349,0.0039016787768467735,2.989003597566315e-10,7.22234678540573e-8,4.324746290141189e-7,-0.0037802939276780226,-9.52891163120205e-7,-4.12946535889317e-9,1.341608916468281e-5,-3.2715302405646885e-7,0.00040773246832097847,-5.285893690007746e-10,-1.0290445457136397e-11,5.466201832486894e-8,-4.0980839093736563e-8,-3.6313773722800895e-8,-5.604325570561654e-10,0.011323705501208672,0.014801644280914706,2.180567884343926e-12,-1.1445007730403482e-6,0.00103045971014528
0.0,0.0,0.0,0.0,0.0,0.0,0.0,0.0,0.0,0.0,0.0,0.0,0.0,0.0,0.0,0.0,0.0,0.0,0.0,0.0,0.0,0.0,0.0,0.0,0.0,0.0,0.0,0.0,0.0,0.0,0.0,0.0,0.0,0.0,0.0,0.0,0.0,0.0,0.0,0.0,0.0,0.0,0.0,0.0,0.0,0.0,0.0,0.0,0.0,0.0,0.0,0.0,0.0,0.0,0.0,0.0,0.0,0.0,0.0,0.0,0.0,0.0,0.0,0.0,0.0,0.0,0.0,0.0,0.0,0.0,0.0,0.0,0.0,0.0,0.0,0.0,0.0,0.0,0.0,0.0,0.0,0.0,0.0,0.0,0.0,0.0,0.0,0.0,0.0,0.0,0.0,0.0,0.0,0.0,0.0,0.0,0.0,0.0,0.0,0.0,0.0,0.0,0.0,0.0,0.0,0.0,0.0,0.0,0.0,0.0,0.0,0.0,0.0,0.0,0.0,0.0,0.0,0.0,0.0,0.0,0.0,0.0,0.0,0.0,0.0,0.0,0.0,0.0,0.0,0.0,0.0,0.0,0.0,0.0,0.0,0.0,0.0,0.0,0.0,0.0,0.0,0.0,0.0,0.0,0.0,0.0,0.0,0.0,0.0,0.0,0.0,0.0,0.0,0.0,0.0,0.0,0.0,0.0,0.0,0.0,0.0,0.0,0.0,0.0,0.0,0.0,0.0,0.0,0.0,0.0,0.0,0.0,0.0,0.0,0.0,0.0,0.0,0.0,0.0,0.0,0.0,0.0,0.0,0.0,0.0,0.0,0.0,0.0,0.0,0.0,0.0,0.0,0.17241578027274915,-1.1834261434015807e-5,8.815246745810188e-9,0.0008984180817280349,-0.0008423941702767528,-6.871364099917591e-7,-2.711619227025193e-9,0.024868594227985593,0.018876310477668218,-8.586432766579508e-8,2.683550653968761e-5,6.314032888637969e-5,-0.005413746117183868,0.0001512049792894487,-0.00022800097453397108,-1.681775704243449e-7,-5.347000727664346e-9,8.565203302411011e-5,0.021474358394201348,-4.038765073057833e-10,7.487897669985164e-5,-2.3291396012254277e-5,-0.006576665943058527,-2.07936197352912e-9,0.00021517092041375383,4.2336542699127585e-9,-4.8489617652236e-9,-0.008399094931053036,0.0065612345039951095,0.0018959685600254677,-8.78311135966266e-6,5.374131677513675e-9,8.858992985004912e-6,-0.00010065491519736641,-1.065688565592546e-9,-4.8335613397070155e-8,0.02453588718012552,-1.8679470016378143e-10,5.438552860509469e-5,-5.205636220234375e-5,0.029302390584722372,-7.70302065722029e-6,-8.205780725469417e-5,0.017518934850930833,-1.16934797157461e-10,-1.7083614318362328e-12,-0.00513768395183719,-0.0030184927445290896,-4.181185881272603e-8,0.003712679678907884,4.329236323900409e-9,7.285259067633894e-6,2.746362458943025e-10,0.00025464871784428863,-1.793289929106661e-8,0.0005124412714698002,-2.4307342443016123e-6,0.006855920678989963,9.664184747728838e-9,1.4875717626532051e-7,-1.1362694227021775e-9,-0.025610073117689938,2.5983059371587988e-8,0.011131355542961638,6.255885241503249e-7,-1.6892285710974394e-7,-0.006401233920993314,-0.007711229013308537,-1.0040414932045395e-8,-9.52027556414383e-7,0.0024730422011926545,0.00014648438154322754,0.0002046708382825917,1.8410358378766107e-10,-8.203167073997394e-5,0.003365055241830421,-0.01872910448516788,9.156725277754584e-5,1.0593164674853133e-7,9.449048936040036e-10,-5.330516970729342e-6,-0.0006721527537814112,4.226305186812509e-5,-7.333130176507677e-6,4.223489288104933e-10,0.02646984993403618,-5.884213064481677e-6,-0.03192313132429435,-0.0038376555488827467,4.5055215845061435e-6,0.0025885231534254665,-7.537247907555024e-10,2.0995963265223885e-7,-0.0004168722912291987,-0.00267289919378746,1.1160089403917504e-7,-0.0020912144633074524,6.359753890521441e-8,0.003962083408628785,7.135237063666367e-10,0.004666763096330459,-0.00047518842425448227,4.382454445554599e-7,1.0210741505338358e-5,2.25039019101228e-6,-9.864032133418563e-9,5.8762940165742426e-8,-0.00015416073212693007,-1.9586602719148056e-10,4.834923713937077e-9,-0.0006554693958048644,3.357943033089094e-5,-1.5093980969731314e-5,-5.807854464347198e-6,6.356925139294336e-8,-6.754412536104895e-5,0.006727564136486558,-0.0032197490382719005,1.3659120421739697e-8,-2.07659642069424e-7,-1.5025429747648098e-9,-0.00021346666465085065,-3.9848152386656665e-9,0.000607500869786714,-8.630169293281329e-6,-0.017789335956741512,-0.008005834058830043,3.834634997228518e-10,-1.8116244644203567e-5,0.0004346383764757349,-6.526058059698822e-7,0.0929057412146422,-1.8528167325728752e-8,-1.3016405757001936e-5,-0.006189184995386833,1.6656926175285877e-7,-0.0006126203456927181,9.966019779833574e-11,0.011123930233131296,3.765780297136249e-6,3.57767015670125e-5,-0.0002718240637235608,2.1274830356804976e-7,-4.776744828471155e-9,0.00029263062763392893,0.0025373488062093745,-8.442450417291744e-8,0.000548654241610023,-0.00351444510089336,8.9877654933842e-5,-0.0009134529373428296,4.0655910579831323e-11,0.009544558517638227,0.0018323534098701787,-3.997448598083384e-9,-8.57350748485783e-7,0.03642069444483652,-0.00018936806660975873,4.361987131559962e-7,1.4560478459979696e-5,0.058298729648110025,0.011511930131318845,-0.0025494713034959577,5.525912080538997e-6,1.040969466286561e-6,-0.005929196220969064,-0.01791726724637706,6.176053689981691e-5,0.0006186389406582176,-0.018224555061081876,0.008340935623167057,1.8057681398922213e-8,-6.476355048572835e-7,-2.820823932169293e-8,8.294319348023255e-11,-0.0004129010361404898,-0.000302485364979554,0.0006028905760994944,-2.2330496643779493e-6,0.00014969503402497214,-2.2904289580846577e-8,0.004545171843164694,3.0101838392785723e-5,0.018699652919617143,-0.0016654643132930622,0.0807652187450334,-0.00012523982234152945,-0.013322235878711555,-2.959826334816417e-10,-0.00024137742677111002,6.321799692235374e-5,0.000184101269449719,-2.96520750378125e-7,3.907390967079683e-5,-1.1298804878260325e-5,-1.391315596022551e-9,-2.2968577283322952e-5,0.0008960322832206698,0.006677263456474248,-3.7509438234799892e-6,-8.289094918745872e-6,3.918218789728197e-10,-3.0108629686208007e-9,-0.00012377486975261327,6.824506782088106e-10,-3.4932941317275136e-10,-0.022188701002176646,0.00818238439291786,0.0004176472241622572,-2.0284114726002018e-10,0.006153909023624497,-8.957235936473901e-10,0.00037197368688498953,3.7521302485769325e-8,-0.00010335839862385176,-1.6944582520403644e-10,4.3680712687428904e-5,-5.8366281784364786e-5,0.0005696151924201048,0.00014213849392968487,9.74066011679909e-5,0.0004021076341980137,-4.137605761066993e-8,-0.010728452389607599,0.12187469735487645,4.055768891959367e-6,-0.033534557123248813,-0.0020946025439366298,-0.003782537474258101,-2.1186089540555054e-10,-0.005469143369783422,-5.914278051701904e-6,9.90919326327561e-6,-0.0005752560472998404,-3.5137126850598714e-7,0.06281271720370765,1.6812129379026832e-8,0.00022297714378633117,-0.0018074966324869832,-0.0037721999082898465,-1.0795940497969586e-8,0.024968489185366653,-1.393630775689962e-6,1.7116555032764055e-10,0.00040848048368464325,-2.1937078530253614e-9,1.241200629534115e-6,7.2196331503279035e-9,-0.0013207170312159009,-0.00019408849544860456,-0.0009316218411232711,0.00034148505702070705,-9.830231453065065e-5,-4.029338160357425e-6,-0.00013014133028948184,-1.79177310670781e-7,0.0037020416948041574,0.04727107042878079,-0.022802541634594203,-3.735893083092969e-10,-3.095476838413851e-10,4.402213779528512e-8,-3.965395050962127e-5,0.010766123090553761,2.953119759294369e-7,-0.0019796820305096,3.058682560801069e-10,0.009625671192983222,0.021015342745938855,0.08530177193171821,3.4844786816765916e-8,0.0003111081447742212,2.2758019978036685e-9,8.241298056835942e-5,-3.542488921092221e-9,0.00475726324285996,0.00022485325496872317,0.001496620114810333,2.302257746182349e-9,-0.00016097875545322774,-0.0002746803186881542,0.0005428337739598019,0.1385494199881411,-8.345307255744722e-10,-9.204577069942482e-6,1.42521264622798e-7,0.0003686619596480177,0.004158681968817609,-0.00013124612829045905,-1.7396787873682637e-6,0.0030658572881525395,1.3371780695093997e-12,3.202012199043648e-6,4.413635658903548e-6,0.0027641132211696628,4.05544430059584e-8,4.5252331298730796e-8,0.008569634447026726,-0.015478037757828371,-1.1567192256832212e-5,5.09773661752097e-5,-7.197018013273877e-5,-0.005604861387001681,3.0363266842894e-8,1.243049765221932e-9,-0.00010341988057395266,0.003215581496999364,-7.320064874190554e-9,0.0008827870015720628,-0.012762666298317635,0.0006619081817439612,-3.4959702891200633e-6,0.000497897547421894,4.896067431039392e-8,-2.52048497961229e-7,-1.2563948307125155e-6,-9.577535309263345e-6,-0.00014749756579168362,1.154730741216599e-5,-0.0009541303882246393,3.0375829275527806e-9,-6.072126014929637e-10,-0.0006490956219203936,0.0002669808318756339,-3.2697138290081457e-10,1.650294557498525e-8,-1.1936892097548278e-8,5.019513050270484e-8,-3.204725123208742e-6,-0.0010127929547734183,0.032211847022239476,1.5722526922910573e-6,0.002022618772412922,1.2847118196694643e-7,-1.3353803594999395e-9,-5.1066731524972184e-9,-2.505219930588027e-7,-0.0002727424013773178,2.0927234729601998e-10,7.074229283231531e-9,-0.0010855770896672928,0.0003130338264295992,-0.0011581675939244828,-1.6712766731074834e-6,-1.2130272589962346e-8,-5.922613136224125e-7,1.3304159712858113e-8,4.93811038492735e-5,-4.857912156616839e-10,-0.004917608217794198,0.00347187365646823,-3.272824221599819e-9,9.086769026556407e-6,-3.616149981348665e-8,6.003777495186552e-10,1.9238796759574945e-8,0.0002346434771916587,1.1023252596409085e-7,0.0019406766858822892,-6.034685977642589e-5,-3.225701622991892e-9,2.9581316140270833e-9,-6.659820502897337e-7,-1.882155252105926e-9,-2.8836108624273526e-5,0.0006502115683116893,1.0388517035247643e-10,-0.016991280671090257,-0.0030446434340521086,1.4882503883542108e-9,-0.0007841647764283279,-0.0001393191810324775,2.447537425890147e-7,-5.410336964635634e-6,-0.0002718281766545264,0.003010551793503715,-3.0014505975241158e-5,6.465111152220719e-9,-8.583928125500154e-5,0.0009267336722613111,5.09701486444825e-9,-0.0003540256212588797,1.6494051798110658e-7,-0.007881226020188068,8.264119976035937e-5,5.9332792613355985e-5,9.503475130273067e-7,2.821487076624343e-8,-1.5363616186489974e-6,-0.015891341863014944,-0.003645217752342791,3.7170695100796506e-7,-1.317168088693411e-7,3.491347242260016e-8,-0.00021792625282460756,-0.026426880620200634,4.0000926970230167e-11,3.3615497059057326e-9,-2.0046709392812164e-6,-3.2038657063223714e-10,-7.728772761392515e-8,2.6784071513388227e-8,3.4969568904882815e-5,-5.887819123425908e-7,-3.243342802235259e-6,-0.0004646886063106576,1.5563340377222664e-5,-1.8603829384085008e-10,1.838431517243354e-5,-1.7759144695568905e-5,0.0002463534399540282,-0.001322082190649816,0.01624284926937377,-5.798532314286706e-10,-4.874394415209654e-11,0.00013768436057021545,-0.0002685739067420305,-0.00016718998173976816,-6.890854785986187e-6,9.140040861861447e-9,5.364664249534074e-8,0.010285102897649825,-0.003084787869369346,9.23355764095392e-5,-0.007327977783120394,0.001818168886303067,-5.57725957755343e-9,-0.00019128428572644465,-6.016279840637859e-7,2.743889743395048e-5,-0.0003168038307789835,0.008560456722285899,-1.8974302728980342e-6,4.580813039566554e-7,-6.081743913821978e-6,-0.0005321182554376178,-1.4732681333316396e-10,-0.007049385215857496,4.296110651929127e-8,0.022574013163582818,1.4392500373329405e-9,-1.0843748660703157e-10,0.0023838189543614065,3.921732131442989e-5,0.005236295052854504,0.06030538632646845,0.0005698857945226505,0.0004896549225024658,-3.9893497814264824e-8,0.0001873503274216179,0.005363885957088686,-7.506324384020251e-6,0.01235665756476915,0.0017706793022541582,-2.1042498553147024e-5,-0.0010829265004548316,-6.258464898628738e-7,0.0015936591575943994,-4.748154175241991e-9,5.70005274679186e-5,0.00012186323143969055,-2.073260663915258e-9,0.0301605410157306,-7.657626659630821e-5,-0.000680910587375839,8.395756586224207e-10,9.385265143978193e-9,0.004203436564994,0.005210115274129495,2.748388891450219e-7,3.195545831148122e-9,-2.1331106592119884e-9,2.842542464895265e-7,-1.2907377380246494e-6,0.004019114682414416,5.174801314124028e-5,0.00959188655448161,6.056275354807461e-10,-0.0001200690508698077,-8.509079318049999e-8,-2.3232652409929043e-6,-0.0031404373952828206,0.00028159934378873646,5.0717985489720056e-8,-1.0470728814042023e-7,-0.0021831831472423026,0.0024606461564643765,1.3566052928521274e-8,0.0023892031688514744,0.021393834639710677,-9.88278038068456e-8,8.01239943960793e-6,1.4839251781907953e-5,-4.163139596346175e-6,-3.4039741595154026e-9,0.01658442110757329,-1.1979895564598917e-5,-0.000151458928055997,-0.0020160231448942876,-0.002189043584886929,0.002373372527398432,-2.503835057952746e-6,-1.095915294149394e-8,-9.710121593491756e-10,-0.009300462827702737,0.004359501046766966,0.000642730015517185,-1.1441612059968266e-5,-2.4069196817698576e-9,9.238565285931593e-5,-1.933135222013199e-9,-3.529043268354969e-7,-4.3702378962192474e-8,-5.7587194537239055e-9,-0.015862082469128062,1.856057075611245e-8,0.010112394865868601,0.013650094814755561,0.028122327183986984,-5.833966571705434e-10,0.011562896213647532,3.284361231322412e-5,-0.005010583727350613,0.00024695839777037195,-0.0016372753712460472,6.643301153923393e-6,1.98386108604196e-5,1.5582565505453312e-10,-1.0666537111892994e-10,-2.761643340615038e-10,0.007546067695312254,-2.086711861569171e-9,-0.0024046372788218613,0.03924023514543473,-0.020436595968847775,-0.0004416085437889735,0.00016636116765981254,0.017755391142526708,-1.7168551829114433e-10,0.0030649634656362496,0.0027748729066252088,-0.00017159674215911958,0.008903998852984603,-0.0007710376309048469,0.0005876328333305503,3.876143615151296e-10,0.029079118146641075,2.3204408023504241e-7,-4.169063469044756e-5,4.0010042542128875e-5,-1.6001664446273952e-6,-1.85180328942753e-8,-0.00412727005428881,-8.920577789996228e-10,0.001456605637095579,0.007580485178888638,2.656050889285194e-7,3.9283593639959506e-5,7.935196072817995e-6,0.10920676425940637,7.900681678802088e-5,-0.00033781374671976037,-8.342630348874888e-9,-1.542982952589403e-5,0.010055775028576864,4.7245359497875196e-8,0.0030046040978970725,3.6121852287772446e-8,-0.0025212449896503102,0.010840006409408354,-0.0001461135824276426,2.1986366170513704e-9,-5.590746555011892e-7,-1.121630362749456e-5,-8.331817913837604e-6,0.0005786470777538199,5.913266085623236e-8,-5.195836927712417e-9,-0.0004141616359075279,0.003821556820067067,1.8705503877779367e-9,3.646964625614877e-5,-1.694512922058139e-6,0.02210306318531663,0.0197290201820991,2.114797433318422e-9,-3.5926239084040026e-10,-0.05365753671714803,0.0007455255292426598,-2.4535101743172343e-5,-5.840714471724555e-8,-0.00012724685156007888,-0.01047165810765922,-3.7991545946553864e-5,-5.1361439487075394e-8,3.5842811051653566e-7,-0.0028894469291875524,0.0038031553137463274,-0.011244816590292077,-0.0003429705648531233,-0.006046197390129433,-0.015219400364258706,-1.0026306727487541e-8,-3.624241748138627e-9,0.00010052427703453136,5.922882260762819e-5,-2.0713976899810073e-10
0.0,0.0,0.0,0.0,0.0,0.0,0.0,0.0,0.0,0.0,0.0,0.0,0.0,0.0,0.0,0.0,0.0,0.0,0.0,0.0,0.0,0.0,0.0,0.0,0.0,0.0,0.0,0.0,0.0,0.0,0.0,0.0,0.0,0.0,0.0,0.0,0.0,0.0,0.0,0.0,0.0,0.0,0.0,0.0,0.0,0.0,0.0,0.0,0.0,0.0,0.0,0.0,0.0,0.0,0.0,0.0,0.0,0.0,0.0,0.0,0.0,0.0,0.0,0.0,0.0,0.0,0.0,0.0,0.0,0.0,0.0,0.0,0.0,0.0,0.0,0.0,0.0,0.0,0.0,0.0,0.0,0.0,0.0,0.0,0.0,0.0,0.0,0.0,0.0,0.0,0.0,0.0,0.0,0.0,0.0,0.0,0.0,0.0,0.0,0.0,0.0,0.0,0.0,0.0,0.0,0.0,0.0,0.0,0.0,0.0,0.0,0.0,0.0,0.0,0.0,0.0,0.0,0.0,0.0,0.0,0.0,0.0,0.0,0.0,0.0,0.0,0.0,0.0,0.0,0.0,0.0,0.0,0.0,0.0,0.0,0.0,0.0,0.0,0.0,0.0,0.0,0.0,0.0,0.0,0.0,0.0,0.0,0.0,0.0,0.0,0.0,0.0,0.0,0.0,0.0,0.0,0.0,0.0,0.0,0.0,0.0,0.0,0.0,0.0,0.0,0.0,0.0,0.0,0.0,0.0,0.0,0.0,0.0,0.0,0.0,0.0,0.0,0.0,0.0,0.0,0.0,0.0,0.0,0.0,0.0,0.0,0.0,0.0,0.0,0.0,0.0,0.0,0.0,0.17239530729596614,0.0008106285669430721,1.5830911954892398e-8,0.0005798269311918576,-0.0056261482372547645,5.681443914279421e-5,1.300845738834611e-5,4.587222458935965e-7,-0.0005044606126597921,-0.0012140018939045608,0.0009879985993679727,-0.00018082052778236221,0.0026733372563623316,7.430155679303617e-9,0.013212721368017965,9.965704378075105e-5,0.008229055594585817,2.167087694283736e-6,-4.644032123339932e-6,-4.982293768423627e-7,0.019394466212214592,-0.00014209482497599824,-3.699942838167514e-5,-0.0025567983255785783,1.2343116377736561e-5,-0.001993600358426,4.357743721333355e-7,-6.990800786065947e-7,9.71014090404528e-6,-0.003230544929010923,-7.935214970524693e-6,1.1354745873782213e-8,1.1211637151727787e-8,1.7957308696217572e-5,0.004000266133972357,4.457985060960706e-5,-0.0004403470551039457,-2.049648512452731e-8,0.0070621823654766795,3.0496212079215455e-6,0.019867417043658932,-0.0012850968973127765,-4.611126999762424e-7,-1.459212840811754e-6,7.212328208081131e-6,-3.51817443701424e-5,0.00038251455456410626,-0.0005534955033369353,1.3705175345487234e-7,-7.54885465004201e-5,-0.00841538879459291,8.295445983464532e-8,2.14164229938255e-8,-0.00020973420471896687,-1.4455121745388292e-9,-0.012391518624453495,-2.6109865690277106e-5,7.382286801449414e-5,0.0007398942324096391,1.848346058856501e-5,2.096688682944321e-5,-0.0003274665015866153,1.8992513115946044e-7,-0.002332178280783149,-0.00823710820255431,-4.612191738010394e-6,4.2278775575743945e-5,-0.00017951461227687157,0.07630775464363876,0.000421886715764546,0.0010488373693107085,-3.3104709797099204e-8,7.963126045450207e-7,-2.886644783719499e-8,-3.4791563101651083e-7,3.113844083441446e-6,0.0053363716059853725,-0.003088988786501294,9.745415428651632e-6,0.041090438485777696,1.0103563401197796e-7,2.6462941071660206e-8,0.013881010203230869,-8.531537729960557e-6,2.4885127102702634e-6,-0.0003462136911984771,3.7086671892825694e-7,-7.997384804766549e-5,-0.0038106922497547348,5.024984536610636e-7,3.577533166742244e-6,0.030867190124029643,-0.0014247952798000126,-4.327569462156332e-7,0.007332024612663344,-8.111988972581882e-8,-0.000611030835485872,-3.9828642960629385e-5,-1.4814596874135445e-5,-5.56581663560096e-6,-2.5683696080923564e-7,-0.002470054542349453,0.009022498183888896,-0.0034681189869780935,0.00014932691434695687,0.00036970007130553487,-9.818642225160801e-9,4.714488482928596e-6,-1.3408424586887266e-5,0.0023738669689311147,-1.7963216650507856e-8,0.07169347427376403,-0.009356111377497178,-0.0038765399479360613,0.011262650004191474,-2.399492853898405e-6,8.715854548027648e-5,-4.800274152988759e-5,0.016712383578512936,-7.87321217709107e-9,-1.8952672986656666e-8,0.00016574184592145486,0.00029705682111368363,-0.01032339331644508,-8.799768695409516e-7,-3.918126219023599e-6,-3.995294023114475e-6,0.10240997399227472,-0.0007398507480096194,0.010114555678515472,4.763964836207071e-6,-0.00012321846869387082,0.03382826262820824,3.6328031187518674e-6,-0.0029373813562924346,-1.8582550012788768e-7,-5.955737223823546e-7,6.558933497021514e-7,-0.026358323588158105,-0.004111524295106495,-1.5598414729697569e-9,-0.007752995843468744,-0.00018882490964058031,-0.0013334115731748408,-1.2168965152372075e-6,-0.001885420369056206,-9.32675303428213e-8,-3.320306457774857e-5,-0.001733964253695623,0.00018674101145659246,-3.299325068028938e-6,4.0588174423770106e-7,-6.290079356523521e-5,6.172246826014168e-5,0.0003831785364586937,2.088462154797242e-5,4.3453704745819284e-8,-0.0023073566736170215,0.00045377153749383395,-3.508070197833523e-6,2.879842151911331e-7,0.00022820128020748767,0.0009259291708213518,0.009998896368021998,-7.428311139521603e-5,9.818242566130507e-6,0.000700365057886031,1.510086028997891e-8,-2.2505328415902023e-6,-7.800293716818636e-7,-3.8966899817922436e-5,-0.0030817143958629103,0.00020205752610701725,-0.00015952924321972214,7.414823275945325e-5,0.001417888126019123,2.5654801657406424e-8,0.09067674651885178,6.77841553045265e-8,-0.00033474939803412087,4.808603068686627e-7,-0.007669241063889237,-5.447081882052051e-6,-1.4048343259503904e-7,9.12194517760635e-6,-1.1610773614658272e-8,2.0037154315348316e-5,-2.9896687777310446e-6,-1.341089380343943e-8,-9.511528303877208e-10,0.0049538706375189265,0.0014844013537034424,0.0004462670133844665,0.0085917409114652,1.2287518162307852e-5,0.004035821449896317,-0.00016817790626406484,0.00010606270561090634,0.08596229958530147,0.02016942999589098,-7.022414220611632e-7,5.811497825386282e-5,0.0012566299505380925,-2.9324876671861006e-5,9.926599948695212e-6,-4.318647208714219e-6,-3.576949490218107e-7,2.8154750714770573e-10,-1.4599016355048538e-6,8.989103809606581e-6,1.5946558410737842e-5,-1.1976442496344176e-8,-0.0021995316468731018,0.016633442932833368,-1.3197715306954157e-5,0.001971738305946033,1.8762127649739582e-8,8.945530262044073e-9,-1.8378776484843794e-9,-9.894479726250978e-11,-9.508110519063542e-9,0.0010817399256634048,2.760824770361586e-5,-6.351923994526095e-6,-0.03133140580880343,2.1367160983653376e-6,-1.012882804040377e-7,7.068935553800771e-5,-4.897487955219527e-6,-0.00012609489891128752,0.0013077011718041999,-0.00012849255585801076,-2.640683772587366e-7,-0.0005904749765932307,-7.042826362712428e-6,-7.23440337306834e-5,-3.3807040161385267e-10,-1.1517420835739592e-8,-2.1016445656510254e-6,0.00015596524998962537,1.8147568039524145e-6,-0.007948832250809139,1.9023449244722676e-6,1.0135356715032839e-9,-5.089003211868057e-6,0.010604396284074495,-2.1384448629580036e-5,3.588967158492504e-5,-2.250617443417658e-8,-9.758733085281044e-8,-0.001524650227287049,9.667944778452684e-9,0.014826396976499444,8.51260339325445e-9,0.0005412847889734498,2.8543479059546754e-7,2.0932912431971135e-6,-3.8756437144354026e-7,-1.5266352398958368e-6,1.3125572957940926e-5,-0.00034771268379395914,0.01751597381851545,1.5714398317183473e-6,-0.0029421552438950197,-1.7098204811337573e-8,1.3735883016467786e-5,-1.1988577736664135e-5,1.8344262857557125e-6,-4.22087149458483e-6,-0.001209677589052275,3.634759745136101e-8,-2.080340626304473e-5,0.011220656170420468,6.495704795095234e-5,-2.1818248363868467e-8,-3.752255118630355e-9,7.404228558149423e-8,2.4587146615080987e-5,-3.535213694065497e-8,-1.8498112132657477e-7,4.404597077440599e-8,1.685694685148563e-6,-2.0286818213727984e-6,0.08228579594021526,-0.004866451398233107,-1.3324520353702386e-7,8.19030598287131e-8,1.0848644010904501e-9,0.033562609921378814,-1.1390028414099548e-7,2.449608774933424e-6,0.008409147812591082,0.002578756163367205,3.957916868712738e-7,-0.0015828407555252186,-0.0008784046888540268,-1.4048837114596515e-6,1.5225054816100737e-6,0.0066243319143740225,-0.002744601708959035,-0.0005557421017349682,5.026305384086588e-5,-0.003644486687119648,-6.04101102402801e-5,-1.949669073414803e-8,-7.739316268960085e-8,9.663757425651348e-5,-0.0009147780987881311,2.201089731376005e-6,0.0001702041511939043,0.0014335165581867604,0.000541986317081228,-0.0006978769965990502,-0.008506994766402803,-0.005360127515333379,0.006823870337846464,4.385136392785993e-9,0.01081280837283971,0.00015088811482324326,-1.4810883799878994e-6,1.6013404314674352e-6,0.0023729478879685063,2.4830589575645567e-8,-1.7752175430923717e-6,-0.0004194901658298874,-0.00011177928804607929,0.0012130317393286231,-0.016355716343784656,2.7016872354424465e-8,1.201591911595228e-6,-0.0012218079937223166,-0.00027941239599654414,0.0024931970228566957,-0.00020359628434575962,-6.038936237510183e-5,0.0028024427644361134,-0.00011550841911990155,6.41508184950839e-6,-0.0004679112136598546,-0.0002166656519240549,-3.172088401777369e-8,-0.00019690328247994865,0.011976705445258208,0.00015946513376920054,-0.004584524718073137,9.856102900025408e-6,0.0006176050774082473,1.9713294063987424e-5,1.4356905072701571e-5,8.879528009705627e-6,0.0002588997043458652,0.0005988671102380548,-0.0004658003138406292,5.9033649774005394e-6,9.387751674412582e-5,2.1290432143299207e-8,-0.004580641624743075,-2.2705856262129076e-5,-0.0013684039692538031,2.5369166327380084e-6,2.997088698697047e-5,-0.010140183814755684,-0.00012550494136398543,-0.0005441855408120982,-1.3807231563465542e-7,2.2056944313058243e-6,8.330689571214257e-7,-2.1764909990079027e-7,-2.0279217372852316e-5,-3.833378184454028e-9,-0.002001051896261625,-0.0026730884947993093,-0.011072331448077592,7.470522515289882e-9,-3.0002071990149646e-5,0.06596540830586901,2.201548289564241e-6,-5.8264644077943474e-8,-4.43629894304224e-7,-1.4819501958705809e-5,-1.448616074763996e-6,0.024339953345521352,-7.618519816607615e-5,0.0007597960095813494,0.0057990111720429005,-0.0068537337183922475,0.0005799602693291326,-0.010112963752385875,6.473702085407961e-6,-1.951773887511362e-5,0.003771737085858807,-0.00031867457499338983,0.0007515038111029771,1.6137634215537636e-8,-1.1321307821835115e-7,-2.5233626385798305e-6,2.0802133345747084e-5,0.04916824568839881,1.168757718108024e-6,-0.001070156912272929,-0.01515090993999737,0.001444654039055515,0.03377153870949009,0.06301021669677237,3.4762737749289886e-7,0.0020997852722851847,9.570360940974993e-6,-9.678048678191821e-9,0.029895653209478467,-0.0017480869487715724,3.6507951799237734e-5,2.001065188983919e-6,-1.1890085205018191e-5,1.1992178987788142e-6,1.3313609743415296e-8,1.0984112806540241e-8,8.614683706390463e-9,0.0025550956363027066,-0.0006559983299686365,-0.0005676365811430775,-1.2863780624839367e-5,-0.00011124323038966918,2.4115342849753684e-8,6.527402285495285e-5,4.517924742072033e-7,-0.0002888276870185068,-2.0094061965392313e-8,0.00012963176393147494,-0.0007452814930661696,0.002282298431985348,6.385758566128497e-7,-0.009755942845986266,-0.00031121915687863666,0.002737310247460531,-1.208629547811038e-7,-3.0384084434901316e-6,-9.35453363148603e-8,-7.739048937008256e-5,-1.6455564114987607e-6,9.669608392261389e-5,-6.055640601344369e-7,3.1443414270845857e-6,0.005874613071879272,-9.409251161316106e-6,-7.981172278333454e-6,0.0003528500009509792,7.911524447594068e-5,0.00040246701342701595,9.482121147804999e-8,1.750705738509888e-7,-0.00788944488828007,2.0276767615081904e-5,-2.940064090268612e-7,0.0084109506197299,2.6486601367760477e-6,-0.002949465620849692,0.0004885399256684962,8.169464485135012e-6,-0.005164773883172545,1.5784558600466484e-8,3.671736756677786e-5,9.361053272652687e-7,1.3212291698679097e-8,0.0017463926145583188,-1.0510555375435434e-5,-2.787367797994882e-5,-4.189443617590907e-7,-3.986527471994402e-7,0.0053747293308223495,1.0540916298493323e-5,7.202195249956256e-5,-0.0006904799553375894,-0.011752740894578975,3.5071841108471566e-8,-0.0016826479586759316,-7.276312965567562e-8,4.904249088562696e-6,-0.002170708785198958,0.005662059579290664,0.04823813625394395,-4.6512739408215823e-7,0.0006507830407905045,0.0004337703470023287,0.07151172037781417,-7.606898275223155e-5,8.632568375943926e-5,-0.0013951005082896686,8.656097779879267e-8,1.9070422922783935e-6,-0.0025156502525078314,-0.038658768634995296,0.009269035916646306,0.019784925562439472,5.234736574970849e-5,-2.060828360385005e-5,0.05762340295767513,5.890852349066806e-9,7.963495701525113e-8,1.2976661547914469e-5,-8.438311798745671e-8,0.04863438374042548,0.00016418846087937495,-2.3797918367498525e-6,6.114977816113785e-6,-0.00019422134128781624,-1.395757008276423e-6,1.5920118805281344e-8,-7.281391046213062e-5,-0.0014560930859353841,1.136246290027899e-5,-0.013084375704793481,-0.0011398771417559564,-0.0003809197536199248,2.8201678952033042e-6,0.0006891337753495569,-1.8912843531890132e-5,2.4973463039368232e-6,3.2300695878456024e-6,8.633814079699902e-6,7.34080842176522e-8,-0.005176453404110214,4.197325324721223e-6,-1.701192198757842e-7,-3.925376364309329e-8,-0.004675036430595136,0.005853419847481468,4.65237127783631e-6,3.886936541533085e-6,-4.920317524927194e-6,-1.5146656305155164e-5,-1.834659601497028e-5,-0.0002312600073459151,-1.7523134424722065e-6,2.720585171609896e-7,-1.8995974585798803e-8,-0.000875916020993475,-6.18459331409661e-7,4.597005043892735e-6,2.7189695885536213e-5,-8.313910736373429e-7,0.0003365887908999459,4.215163593422376e-7,-1.514359241044852e-7,-3.733626747514956e-8,1.9726678175665497e-6,2.332827454754045e-5,-0.0066047733042084895,0.002850777057794243,-8.751719917232937e-10,0.003049942413186899,-0.0020439226093546215,8.937735507346643e-5,-1.6890226184627803e-5,-0.000105527985101287,-1.1479730121800866e-6,-0.0015644651755647556,0.01852716662060021,-0.00292278087949597,-5.819494773872799e-6,0.013152942585303634,-9.961803723029521e-9,-9.214269952072149e-5,0.007628148338402138,3.60954587445092e-5,-0.0007783858652460148,-2.7577704555278506e-7,5.697170065151669e-5,2.3538009713403443e-8,1.6596456318517249e-6,-6.046779999370655e-9,0.00033461924297364536,-0.003346112375361409,0.042250190497149565,0.001861252255206749,-1.2343958921542183e-8,-0.004304056788923448,0.00012889761336635057,0.0004924984683713706,-5.74999329762921e-7,6.340222050284894e-5,-0.009337648106617814,-0.0023011567738760105,1.0395378986662883e-5,-1.389533546818768e-5,2.168888275729945e-5,4.02050032277035e-6,1.227993626207523e-7,9.308345571268596e-5,0.009010886700149406,0.00034137903413332263,0.0015940010034911915,3.0723415472938847e-6,0.025154572716404273,0.0021775502383842827,0.0001782641470740075,-1.9216700619056517e-8,-2.4050102217476907e-7,5.212549217908724e-6,1.2312854706072383e-5,1.2255139796356094e-6,4.95253203826633e-6,0.00018018316116757098,8.58172943467357e-5,-3.2250113361495385e-8,1.926073422659326e-5,-2.2397228585175317e-6
0.0,0.0,0.0,0.0,0.0,0.0,0.0,0.0,0.0,0.0,0.0,0.0,0.0,0.0,0.0,0.0,0.0,0.0,0.0,0.0,0.0,0.0,0.0,0.0,0.0,0.0,0.0,0.0,0.0,0.0,0.0,0.0,0.0,0.0,0.0,0.0,0.0,0.0,0.0,0.0,0.0,0.0,0.0,0.0,0.0,0.0,0.0,0.0,0.0,0.0,0.0,0.0,0.0,0.0,0.0,0.0,0.0,0.0,0.0,0.0,0.0,0.0,0.0,0.0,0.0,0.0,0.0,0.0,0.0,0.0,0.0,0.0,0.0,0.0,0.0,0.0,0.0,0.0,0.0,0.0,0.0,0.0,0.0,0.0,0.0,0.0,0.0,0.0,0.0,0.0,0.0,0.0,0.0,0.0,0.0,0.0,0.0,0.0,0.0,0.0,0.0,0.0,0.0,0.0,0.0,0.0,0.0,0.0,0.0,0.0,0.0,0.0,0.0,0.0,0.0,0.0,0.0,0.0,0.0,0.0,0.0,0.0,0.0,0.0,0.0,0.0,0.0,0.0,0.0,0.0,0.0,0.0,0.0,0.0,0.0,0.0,0.0,0.0,0.0,0.0,0.0,0.0,0.0,0.0,0.0,0.0,0.0,0.0,0.0,0.0,0.0,0.0,0.0,0.0,0.0,0.0,0.0,0.0,0.0,0.0,0.0,0.0,0.0,0.0,0.0,0.0,0.0,0.0,0.0,0.0,0.0,0.0,0.0,0.0,0.0,0.0,0.0,0.0,0.0,0.0,0.0,0.0,0.0,0.0,0.0,0.0,0.0,0.0,0.0,0.0,0.0,0.0,0.0,0.0,0.17171733968217523,-1.0400073579067922e-10,-2.8900725024278406e-6,-0.005162884412461007,-0.008720142637700634,1.4424226058084078e-8,-3.1868863531577206e-9,0.005090638495681814,0.0003139986116674788,-2.9147464553781274e-5,-9.631439862657545e-7,-1.2029085172626059e-5,1.0157047464511647e-10,0.007161013843831814,0.002097345822676337,-5.216346557944282e-5,2.3809731557539694e-8,-0.0007926345606614416,1.7074643924753727e-9,-5.336669916518185e-5,-5.574892722485354e-7,-0.007966150285154185,-2.182154876976109e-6,0.00016124966674166584,-0.017394450807809252,5.6679040415007816e-8,-5.290683977783791e-10,-6.589892015969243e-7,0.0003222226281696499,0.0008983587839694658,5.0255394108068006e-11,-1.7925661264295616e-10,-0.0005754954441067869,0.009192763886399523,1.2038369865837895e-7,-0.0009563307538739763,-3.5693128811296164e-11,-5.0015310742705e-5,-3.2292408485183655e-10,-0.0006948089739290045,-3.126377934210885e-6,-1.2653741896860202e-9,4.012415954402279e-5,0.0009410116583967098,1.8234890858472606e-7,-2.103097832998253e-6,-0.04015827491244631,1.2525923201314945e-9,-0.05318191508471064,-8.018304650826134e-6,2.7640485013324404e-5,-1.1446218376767139e-10,-0.006528601943135168,-9.93303143455465e-12,0.0008954633186816922,-1.36903477237404e-7,0.02689088290609958,0.013557753201589516,0.0009058785648121794,-5.259645613590328e-8,-0.042727647222697306,-9.455984726796485e-9,-0.001053551006418884,-0.0013496397913962252,1.428364114021909e-7,-1.08845939644249e-6,-0.011885211983135288,-0.0001872913031900891,2.057525983350953e-6,-6.486116919203904e-6,-5.4845654847517296e-11,0.00018701820088813938,-5.354217278831984e-10,3.5178351740524014e-9,-2.5186575823278963e-8,-2.771395712978563e-5,-0.021845945606282814,-0.005129732728271087,-0.00020736706617762173,-4.40527341655534e-10,-2.645184078662929e-10,6.337673991591973e-7,-0.0004334488361403252,1.0663093558813018e-7,5.692382207470465e-5,7.403242348369633e-9,-1.0589703670512e-6,0.00012026479598832816,1.1203582603898833e-9,-0.002118346125558468,-8.169090908484396e-5,8.211479624974017e-7,4.267644105095213e-9,0.01138977496910583,4.234828251092992e-10,0.01868058340836248,6.453359483424894e-7,-0.004234617858762325,4.5541843372958716e-8,9.507245839641292e-10,-0.006306897387676473,-3.8881705746070114e-5,-0.0009005771451833006,0.00223021651449404,-0.005560325088460674,-5.337956861410037e-11,0.00033754288308688354,0.004775067580024659,-1.4402550100874948e-5,6.218269921801591e-11,-0.00032495627004221477,6.734852184964083e-6,0.007238594143498514,-3.7904860662691447e-5,-9.924932332970347e-8,2.6725163141621554e-9,0.03872349829341415,0.0001394025998050114,0.0017273161647390746,2.4192568063519184e-10,-0.011201213324823774,8.355114786274373e-7,-0.0001235734249331365,5.154932826304293e-9,3.792105377211666e-8,0.0017672318187360967,0.00010211282712255053,-2.4167973756873763e-6,-0.00018907081587432942,3.75138312923405e-8,-0.030715025188708465,-0.00010325954107957281,7.874744756659855e-8,-0.009721982493490466,2.558849712848729e-10,0.00010883000978960925,-7.482252701054103e-9,-0.00045284543682501367,-2.369166185871581e-5,3.800721864574051e-11,0.005129226234857877,-0.01078655172975417,4.745975299881766e-6,1.3347166285675176e-8,-0.039840620470019426,2.591572328664694e-10,7.103681214142271e-8,-1.5154709324977497e-5,-4.588872658555336e-7,-0.002465823307932616,-3.3589179180850877e-9,7.560483876081528e-7,0.01393026881855825,0.00047117466431267425,4.0694041364473753e-7,-4.631190448816901e-10,0.007553662371143346,5.018701022693841e-6,1.132119624595824e-7,-2.614385332870879e-9,-1.0562956004404593e-6,3.0402282301397946e-6,0.0017556681859608246,-5.300065140604837e-7,4.185897600758379e-8,-1.899929852749035e-5,4.872288260209997e-10,2.9155645251475756e-8,1.6759412214961865e-9,-0.004551707988995343,-0.0010342854824950663,0.017886024553102477,-0.007646082390757605,-3.944538532396232e-7,-5.870114978076988e-6,-1.4302140789426838e-10,-8.056424708480326e-5,-1.0724044296480688e-9,-0.030096065253203595,-7.929401233207245e-10,7.10947351255719e-6,9.353877642702272e-8,-3.685706234521513e-9,2.5002831953876123e-8,-8.343687693546158e-11,1.8885406583713722e-7,-0.0008933203026844189,3.6102005767892124e-10,-1.6407656164200692e-10,-1.9862387196453672e-5,0.004461830181996392,-3.712520961383617e-7,-8.620350650111855e-5,-0.001740845106753581,-3.2631083967929865e-5,-2.8495682384826444e-6,-4.5972390505178184e-7,0.00033890288386876754,-0.00011710705813601177,-0.00041951631790443166,0.005490326650375683,-5.22359852490955e-6,0.0008099956017868036,0.0012273077641664707,-1.1533534802434753e-8,1.2909608475242798e-9,1.0444749707575919e-10,-0.0007397813527908239,-2.2493234997548412e-8,0.00021955017493526156,-4.3177075387678135e-11,0.00033608399948131665,-7.910594545567635e-5,-0.0012235828958468528,-5.557639246180233e-5,-4.080401189340734e-11,-1.8362710206515504e-10,-2.6884300615316008e-11,-1.461468567929399e-10,2.5549882130019135e-11,0.12112393892954579,-8.316275860852925e-8,-4.7022621402134e-8,0.00011463540360689152,1.518411501296573e-8,-1.260879179568416e-9,-5.116422766964467e-7,-0.0004231146096473543,-3.9295066221972135e-7,-0.0008703517963370174,-0.00013326930913410337,1.9058287326967434e-9,-0.0029220761296264285,-3.2618321785016383e-9,0.05382047761283798,4.884483938305963e-11,4.858085314353124e-10,1.7143254708098588e-8,0.014194528521769285,-7.506770333024288e-9,0.0004015385636964165,-0.0007692265151606351,2.021782546433803e-10,-0.0084918053909975,-3.1218518709717105e-6,0.012990202531025476,6.747042179331698e-8,1.0658063243627952e-9,3.170272965208617e-9,1.1604458312927673e-6,-2.483159672141741e-11,-0.00039706076594032497,-8.954093464607728e-12,0.010913779915699596,5.440338887361114e-10,-1.8388185091861026e-8,2.485510513034344e-9,-0.0004453156634637661,0.0010218868233950113,0.005365114240173546,-3.9565708633005816e-5,1.092231227115888e-7,-0.0007967015594049629,-1.0001067325866966e-9,-0.0007454311899449579,-1.2427591975810216e-7,-8.963333224066995e-9,-4.01470082212525e-8,-0.02775092746397009,-2.1365594943736316e-10,-0.005707243768997011,-6.681539619278697e-5,-0.014719254511692714,-1.78611173465924e-9,7.491405265200907e-11,-3.5761635256091207e-10,0.0007968604135616754,-8.360597275009319e-10,8.731019073412551e-10,-1.5762092238939092e-9,-1.0942410867885432e-8,-0.001759979384777758,0.00042532431516914565,-0.016722641684487168,-2.693502352416532e-10,-1.280684410881294e-9,-1.5546303365871444e-10,-0.00018979271520947301,-2.2014451346039344e-9,0.0005090736596387022,-1.1992785704714677e-6,-3.0166857723646e-5,-1.172856277671372e-9,-0.039322973073578925,-0.002953469742384841,1.2896305809315664e-9,2.3793291127041802e-9,3.475847079033826e-5,7.531702323642733e-5,-1.3045230027349026e-5,-1.0159673020759643e-6,-0.03429961006421641,0.014729533197282447,5.369078353169817e-11,-2.4051166953421584e-8,-0.015340852584420979,1.0617008673193047e-6,1.3135663031562877e-8,-9.506586391647019e-8,-0.0002599141082531554,-1.5981364998253124e-6,0.020180407205177085,-0.0008563970648091762,-0.0028049685992580487,6.454647217915966e-6,2.1329982884155735e-10,6.153279400865507e-5,-1.2751436009585851e-6,0.008030574641291,0.00020215388420616843,-9.590363759520479e-6,-7.54791394246893e-10,-0.0008818768038811151,-0.015404226142433877,-0.03910194983259214,0.0034024671255025317,-0.000685956019950545,1.4234137911501947e-9,-3.274177872250878e-9,-0.00026372879602413026,5.564081538049811e-7,0.008197737570268575,-0.012720326424747939,0.00294948642495752,-0.0015708106471817743,-9.285480120181139e-6,0.0010501908492601489,-0.01105950616016623,-3.495593301601275e-7,-2.0384131075904707e-10,1.697302929653772e-7,-6.104552098301616e-5,-0.01835590730657521,0.0007793149101505736,0.009682298313269123,-4.600695985038014e-6,-4.5431690320125714e-5,3.004246021219807e-8,9.545154654935233e-8,0.0694169924583652,-7.588406428535647e-6,-0.020228743668036616,0.004472203710546461,-0.011698164180107745,-3.7135073220272155e-11,0.0014250775670968832,7.240167452994853e-7,-1.5323678019668632e-7,-0.0026047777304094447,0.008224914044509141,-0.0027984774632719587,-0.00845935786189697,-5.191518036975048e-6,1.7403936719815292e-9,-9.559536952260005e-5,7.643082595840204e-9,4.617540263957204e-9,-0.0017635556447389506,1.435968751415469e-10,-4.248704178965151e-6,-0.000619702997827856,0.0008033458645278858,2.687916617784488e-10,3.03529816446224e-8,-0.0002181617741322595,0.011183176474740493,2.08168079935827e-10,-5.533015387421993e-10,0.00937489250921603,1.6903777658573078e-8,0.00039682993947417046,2.1481630674348596e-7,-6.248883886056031e-6,-3.886828499881819e-5,0.00024697564299928573,-0.009246218469281623,-0.0007474117362274719,-8.84295195693641e-8,-4.627606002139813e-7,0.006240884595300333,0.002434598160785639,0.08597135384013352,-2.5584575196542516e-11,7.252073149774046e-9,-0.0006095610458184817,-0.00041816480028728084,-3.796581285016395e-5,0.0005270378881876263,-0.0095205845511294,9.851888933120412e-5,4.481261659842006e-5,0.0004410049845910684,-0.00036252934301496094,2.0511296461084474e-10,-7.669610418119679e-6,0.001172526735675094,2.3494724062964524e-11,-7.563546154869423e-5,-1.6888593746635638e-6,-9.271134815332572e-8,4.753526585527785e-7,-0.007799783757928678,-0.00018850336896070188,-1.0948977844414054e-10,-2.2122652711481687e-10,1.652042884617635e-11,4.206581840488765e-5,0.006163617737221099,-0.025433317583366748,1.372126739500795e-7,-1.6542561945741974e-7,-1.0393698866840034e-11,-6.094501306808038e-8,3.3352130496266137e-8,-0.00846972112603123,9.907944265209458e-11,0.0006781972780929008,1.298555052652584e-5,-1.914236868028425e-5,-1.829986441996127e-9,0.0013531704837061206,0.000819997708042135,-0.00036976583701334636,-3.18349516457713e-11,-0.0003080836379070105,8.878382497547628e-9,0.08340413307108324,2.059814013296041e-8,0.009614899598041422,-0.0004587752661668954,-1.2078959171612571e-8,-7.507285048592419e-5,3.043825462091583e-9,-3.665780717373488e-8,-1.893120223199988e-7,-1.9152386824515517e-7,0.062023857147486046,2.1614098920148487e-10,-4.372876268741623e-9,5.73832274832586e-7,4.748805157673046e-7,3.4677907918720645e-9,-3.508155460949848e-5,3.363587913270122e-8,-0.0021205656252590434,-2.0380289721256326e-6,-0.017302316844406168,-1.0012208460704505e-5,3.4233645439234387e-10,-0.0007614033100742497,-3.799842998210525e-9,-8.372769815011826e-11,-7.593505077032801e-6,-0.004913170371665297,0.013045079519150262,1.3910499449843605e-10,3.4740497103673742e-9,-6.697227005055997e-5,0.012958132599130945,-0.04350295488189805,0.00030638684837878976,-0.00010084362580443008,-4.226969688512953e-9,5.287029822125865e-6,-5.610510173105449e-9,0.0020135474064659196,-6.892340602887363e-7,-0.0004337389924205362,0.0001991626275317211,1.2563162895248582e-9,-4.428331876775133e-6,-0.006898118663552416,-9.283512252131434e-5,-5.483837885644459e-7,1.1288019403355495e-6,-0.0316807765557903,-1.9583510398096013e-9,-7.826254973716093e-9,-0.006267253460749185,0.00011038630208472882,5.195345352556438e-6,-0.00023929277994925356,-0.00342512494376632,1.0015110015111245e-7,-7.620315717390814e-5,-9.949510607283281e-11,-9.686081079922787e-10,5.921857811310745e-7,-1.0369748489051428e-9,0.00046340869650004607,-0.01291764121183163,0.0010798700491613134,-1.0203756431324366e-7,1.3586646532649412e-8,5.752687565093098e-8,3.372411352357592e-11,-0.0034122057124963516,-1.8775595185118105e-5,-0.00022438378184542253,0.0010979756013970142,-0.002686710928571943,-0.03695107026555405,-2.2976046236863676e-8,-0.0036871422079640353,-9.325930016490643e-8,-8.546070682279057e-8,1.2007284577499357e-8,-0.0004948024837569187,1.0323889883049078e-9,4.325496231375118e-5,3.243187986394033e-8,1.931023566605787e-10,4.2979638170253024e-10,4.4396755779175124e-5,-2.7570238986704994e-5,0.0009024504672898886,0.0001985923809445945,-0.0004437278957745691,7.528123855380373e-8,-0.00497049026407661,-6.103229558334824e-7,-2.2960215416634666e-8,1.4066724207921392e-7,6.395397332806805e-11,-1.4215121234986899e-7,1.0120672104248058e-9,0.0005809898938703813,-3.946757248140889e-7,1.3960409625037327e-7,-1.82840788010653e-5,-1.7891482960869018e-9,8.507520591012063e-10,4.087787544020246e-10,0.0003868134760410224,1.3599936635625743e-7,-0.005224988651543069,-1.0036416540778627e-5,2.7809104048057994e-10,0.0004148980983974449,-0.010742858530186814,-1.5602425298969415e-6,-0.009195567584097784,-9.198848444597592e-8,4.903327526718539e-9,0.008611314164736768,-6.262359600928229e-5,0.00020816990062199708,1.3434190061833439e-8,-9.4399700278229e-5,-7.659950838743598e-11,-0.013620753122290071,-5.033635951722495e-5,-1.114871321550932e-7,0.005109338970146879,9.742074643085604e-11,0.07823820961624366,8.769693817819942e-10,-5.31624743600404e-10,1.6757098179476523e-10,0.0010458505743041004,0.0016438864385996885,-0.0002687380977935587,-3.8436968878582835e-5,-7.441999188597763e-11,-0.008699166685527752,0.0029921780642512582,-1.888082741928092e-6,-1.0716306007136424e-8,-0.011953165664856645,-6.103266652967103e-6,4.572747357386231e-5,4.6083686763320536e-7,4.037089907400806e-7,0.004445856081047703,-0.0012206070136591947,1.49818780369523e-8,-5.758881942349766e-7,-3.575900249836996e-5,-0.005956783347632212,-1.0772097413729362e-5,-3.677868106039114e-8,-8.692995651710178e-5,0.001467238703733593,-0.0008071732350418287,2.2294308536350325e-10,-2.1463338512147825e-9,1.2223799096258905e-7,9.908813333358366e-9,1.1560234817254631e-7,-5.773324168913889e-9,-0.021585759977233752,-0.0017080083088348052,-6.143275303258931e-11,-5.425057564143817e-7,-0.000392574027512657
0.0,0.0,0.0,0.0,0.0,0.0,0.0,0.0,0.0,0.0,0.0,0.0,0.0,0.0,0.0,0.0,0.0,0.0,0.0,0.0,0.0,0.0,0.0,0.0,0.0,0.0,0.0,0.0,0.0,0.0,0.0,0.0,0.0,0.0,0.0,0.0,0.0,0.0,0.0,0.0,0.0,0.0,0.0,0.0,0.0,0.0,0.0,0.0,0.0,0.0,0.0,0.0,0.0,0.0,0.0,0.0,0.0,0.0,0.0,0.0,0.0,0.0,0.0,0.0,0.0,0.0,0.0,0.0,0.0,0.0,0.0,0.0,0.0,0.0,0.0,0.0,0.0,0.0,0.0,0.0,0.0,0.0,0.0,0.0,0.0,0.0,0.0,0.0,0.0,0.0,0.0,0.0,0.0,0.0,0.0,0.0,0.0,0.0,0.0,0.0,0.0,0.0,0.0,0.0,0.0,0.0,0.0,0.0,0.0,0.0,0.0,0.0,0.0,0.0,0.0,0.0,0.0,0.0,0.0,0.0,0.0,0.0,0.0,0.0,0.0,0.0,0.0,0.0,0.0,0.0,0.0,0.0,0.0,0.0,0.0,0.0,0.0,0.0,0.0,0.0,0.0,0.0,0.0,0.0,0.0,0.0,0.0,0.0,0.0,0.0,0.0,0.0,0.0,0.0,0.0,0.0,0.0,0.0,0.0,0.0,0.0,0.0,0.0,0.0,0.0,0.0,0.0,0.0,0.0,0.0,0.0,0.0,0.0,0.0,0.0,0.0,0.0,0.0,0.0,0.0,0.0,0.0,0.0,0.0,0.0,0.0,0.0,0.0,0.0,0.0,0.0,0.0,0.0,0.0,0.0,0.1714393590446585,-1.4836871215386734e-6,-2.453687729641666e-9,-3.251542926077562e-11,0.0001119178670151782,0.025541907117813817,2.7676263867830993e-9,-1.5960624681619465e-7,3.5768942683711084e-6,4.9918034140543933e-5,-3.134418434426597e-6,0.01003515199958353,7.412608845627679e-9,-5.0734578324763214e-11,-8.114652040734251e-7,0.003486200780116142,8.764993353163771e-12,0.005554163442183503,6.179000762122927e-7,4.269691389003904e-5,1.9166584769729367e-11,-2.5125581317237098e-6,2.8330225817160978e-11,1.3657749086923202e-9,0.00010353302388080337,0.003971521648761691,-5.841669223476049e-5,-1.8645928757921956e-9,-1.2782722991423445e-10,0.00023166955077470473,-0.012096304193734756,-4.351892275769973e-11,-5.8942329640201865e-9,-0.00010678957603403175,3.1561316668807203e-10,-0.04513562402588484,-4.377349020715047e-8,0.002973054527148736,-2.67803737343781e-8,7.882604669498755e-7,0.007947634163279768,6.444906152556005e-12,6.605710803818537e-12,-3.0210311228709566e-5,1.197181830631428e-5,6.363966097201204e-10,0.030952481456373086,-1.8435958740290406e-10,-4.341607506000905e-7,-6.235990006580556e-12,0.03575190687136735,1.4678421731102412e-9,0.0005106642780903929,-2.561206834551975e-9,-4.5094634564090515e-5,-6.334958960338903e-11,-2.8024048501130125e-10,-1.8653048596105896e-11,-0.00013507299569904326,1.504935816960349e-11,0.0006793845041004775,-6.375474737563266e-10,7.570402139271458e-11,-0.00019957226152608995,3.212757258840733e-5,2.920792645561187e-12,-1.516727467895548e-8,-1.1169160458790695e-5,8.063463455348426e-7,0.08194630976645562,3.232537862473132e-12,-0.00651315858220492,0.0034187484709471577,-0.00019783758425562107,-6.707988696133196e-7,1.4290537154444024e-9,-2.0654866306885454e-11,-8.106305999678795e-8,-0.06752960261580225,-0.012414937373035404,1.972715136627895e-8,2.7963562715968395e-12,-4.075229928736328e-5,5.48024484267404e-7,-0.0009501057016757145,-9.446688824094473e-6,-2.202949424006513e-7,-0.0008228880788586758,-4.308693903584365e-12,-1.3239615646963374e-8,-4.031481443961804e-6,-0.0006956656591350567,-2.296044455273575e-9,-0.008766669298053411,4.076228094531092e-10,-3.4941076609909134e-5,-2.0710758400554796e-11,0.001090998712410543,-4.063719152690951e-5,8.256094652990137e-11,-6.125400113419183e-7,-3.9363194940331524e-8,-2.2370213251511644e-10,-1.0345585663232602e-9,-0.010128578181473218,-2.92722405513136e-12,-3.799045517821593e-11,-1.147730744384083e-6,-0.04989869537926959,-7.697925219171301e-8,7.130017681969592e-8,2.802076031294397e-9,5.328504875048249e-7,-0.00019666232353228794,2.044074425392356e-5,-1.3929031250825458e-10,8.904075225192704e-9,-4.712184558268867e-12,0.013326326204169053,-4.129045363669587e-10,8.659769392715223e-6,2.4141964494667404e-8,0.0004817233025221875,0.00013869639195206808,5.78451436140717e-12,6.646354485227684e-8,3.804261358939697e-7,3.87142704433406e-10,0.0007815261852976788,4.0532850010009485e-11,1.4029204122860754e-7,2.734062014433547e-5,2.187114325558201e-9,-0.007792986431358469,-7.310646359821357e-13,0.005332523890397922,-1.506026294987084e-8,2.16983008717139e-8,-0.009070379521274876,6.081594936613811e-9,8.933711051932984e-11,-1.3701143255553137e-6,0.00323908302198345,-2.1515565112712392e-10,0.0012764806995826722,6.066436953084543e-5,-1.2030844931470305e-6,6.263069206199974e-6,-2.6309518961795585e-11,0.0019296456405689185,-1.0178193807171071e-5,6.336957409237122e-11,3.78014495786853e-9,-0.00013307285309753898,0.05445417977885465,-2.3403573762287755e-9,-1.5908076036184685e-6,1.7268923499405936e-5,0.026026483800907444,1.92879309452994e-5,-9.179146276820359e-8,-6.843290662256216e-9,4.266501471331101e-5,0.0001157023918233556,-4.301687159226087e-7,0.0029032357085156577,0.0015050754653987168,-0.000386518171766601,1.2644872513448997e-9,5.40809032049823e-9,-1.9872093683608788e-10,1.1312891189045791e-10,-1.1287692774508369e-5,-5.886326853376491e-6,-0.016312216287708136,2.6569147814508045e-8,-0.0013587726325438017,1.0582997978043257e-9,-0.00441801090391739,-1.4432373624385116e-7,0.0003490997165008483,-0.0016400118935581678,-0.0002134448735131822,-0.018895431805902516,6.272627502812786e-5,4.1155487479551103e-13,0.00012310064109668085,-0.00437035381760459,-1.920327767435994e-6,2.8995448902744235e-9,-6.689513798646983e-6,-6.920902028819333e-8,-4.1431809266905997e-11,1.2107783543371407e-6,-4.506313921146262e-6,-2.998015220167286e-5,-2.0177031264449912e-8,1.418653342809957e-7,-2.631401270475762e-12,-3.139874433612664e-11,4.5940252960430063e-7,-1.7693186890378623e-11,-8.335176819600629e-14,0.00016237082175100148,0.005354680537738165,0.011035343523397377,1.7856715112372025e-13,-0.0004655113393299425,-1.694304897895603e-11,0.05432399283004459,2.0308794279096547e-9,7.987180514968327e-7,8.250470414594956e-12,3.768586270763761e-9,-0.0023863866459003505,-0.003968707811144654,-0.0025354803036122574,0.00622374843861453,0.04239271961448132,4.834083748804565e-10,-0.00022956791450400705,-0.0005997523740267785,1.2530967778190018e-7,-0.0008835105179982502,0.0023991306857199693,-6.295740991749261e-5,4.9363939539206515e-12,3.0635952366907756e-5,1.871962205817158e-8,-7.043733485174289e-8,0.016017045843353474,-6.635078518919264e-9,-0.0001511871024985797,-6.202828213908926e-11,0.0019300696290007224,-0.0006717117278704504,-0.0005362147182510741,-9.528192437025794e-11,0.008671517645893566,7.372707589659158e-9,-3.46157537964434e-12,0.018621662785407424,-2.1281488192607734e-12,-1.4793198216691745e-8,-4.700508486283982e-12,2.073282152411183e-5,0.005607359145306247,-0.0014317465284132234,-5.092273002858117e-6,0.005563185806495255,3.835836593999809e-8,-0.0011949643639739109,2.1902795132558475e-9,0.009839898374387271,0.0012570928099585872,0.0003970108048838844,6.3074457713037735e-12,-6.226429543416132e-12,3.104477861091176e-10,1.7657520793308884e-7,-8.41615618629401e-5,-3.4627571927525095e-9,-0.017661224236608854,-1.4391443258766618e-11,3.037432126588125e-5,0.001732605412200336,4.3888276301931716e-7,6.963755101870182e-10,0.0031312950364594688,-3.036519212053352e-11,-5.475966224205926e-7,-9.41388325778077e-11,0.0058271748344327105,0.06324446392319728,0.11809640615600057,6.620611746593871e-11,-0.0032900223979290123,-0.0015890050099617826,0.008432749988950682,0.0009055150917423394,-1.6583113009546456e-11,2.8840902776557518e-8,1.0878853106250126e-9,-0.006263992328672931,0.007782860456050612,-0.021640445046780293,-4.1261255115211794e-8,-0.00023636260601374312,2.501597144135491e-12,-3.724736746320518e-8,7.79423403386991e-7,-0.0018221278694302318,7.408971161672202e-10,-4.563270188874919e-9,0.0012472421513916264,-0.0018858191711297193,1.559108841894212e-7,-1.0130398591072578e-6,4.031930308700347e-6,4.098296835479101e-5,1.8710702228988664e-9,4.033334199445028e-10,-0.007681772388736985,0.00027694163218310567,-1.7195365969552059e-10,-2.0168386510044427e-6,0.003671604063727626,7.279421753225571e-6,4.172958973423747e-8,-6.073458267772066e-6,1.004948018240505e-9,-8.127220895397323e-10,6.569293889338264e-9,-9.440930558824052e-8,0.00237506158017837,1.8595224443875667e-7,6.655210342318574e-7,1.7981805355571057e-10,-1.7851675340013654e-12,1.6415589991940835e-6,-0.07198711185499196,6.937225776482979e-12,2.860758015493076e-10,7.579974033497927e-11,3.895639692178217e-10,2.6565035419678645e-8,-0.021915339712718664,-0.00022502499414196422,-2.5958836233239083e-8,-2.4387544076657393e-6,4.737143099395855e-9,1.39411847500124e-10,1.327919940108906e-10,-6.555707254930964e-9,7.844741882422213e-7,-4.67239460573158e-12,1.5351328040262223e-10,1.42500315951536e-5,0.08317238273895904,-2.7517381956949495e-5,1.1256509681839457e-8,5.539621901396468e-10,-1.515912392046509e-8,-2.0548517758615994e-10,-1.6097792790687036e-6,1.5275783636072478e-11,-0.00022729472162765513,-0.0002639169756292553,-3.691602776449493e-10,-2.1110577327397904e-7,4.0793714244448406e-10,-3.806142733730229e-12,-6.44853241712927e-10,0.010582524798222947,2.70597017379135e-9,3.603912041428805e-6,-4.2117440311275e-6,-8.525133661877807e-11,-3.364816296088038e-11,-2.8881164183822567e-9,3.868187553307118e-11,2.2175911435636817e-6,-0.007395048340048984,-3.7003841310303425e-12,-0.0006214584582975673,-0.00469793347238382,-5.964981516331607e-12,-0.05405902620662099,8.621032424064739e-7,1.698955896104004e-10,8.182634563123506e-9,0.05706679484137089,3.870559254177707e-5,4.57633992693922e-8,-4.4140224798208465e-11,0.007990921130096851,-0.0036651166747308046,-7.561991522495474e-12,0.0015239414608369012,2.3532610716606083e-9,3.589309913849059e-5,8.48939733997184e-7,-8.262858726128087e-7,-3.075124595180412e-9,-7.523122406269808e-10,-9.075383374829705e-9,-0.00010737922816030618,1.2215616913050134e-5,8.12213773045698e-11,8.825310936372131e-10,-2.124595850979047e-10,-0.010540327433157448,0.00015378059978284932,-9.293939249764954e-13,-1.967707975999939e-11,5.5031290605110184e-8,5.679963759740136e-12,5.380698841724057e-10,-6.99026472106785e-8,-3.053552318484945e-8,-1.551167596386079e-8,-1.3881209923717757e-8,0.0003648971933955606,1.9668840029244098e-6,8.02500653424342e-12,0.007841541975913215,3.8099589240118695e-7,-9.875624619874502e-7,-3.638481969483686e-5,-8.708862963262271e-5,-1.97163031331737e-11,3.074106077451478e-12,0.012775822931251525,-0.04851279007995191,0.0016175560709418646,2.3598759546729243e-7,5.004538963515314e-10,-2.697738509952519e-10,2.8546124195965836e-5,-3.4446430415380835e-5,0.0029585012762632654,-3.109708147509999e-5,2.6143623942039447e-5,5.046744958113816e-10,-0.003172217038254238,-3.2501922357702686e-8,3.2663168162086855e-7,1.2673496670553356e-6,-0.0005586625192413678,4.138172265501448e-8,-1.4735233106652817e-9,-3.593240902236729e-8,-0.004070313770508965,4.382362336675109e-12,-0.0012734710089641337,1.515335137071109e-11,-5.3578944760231806e-5,3.565948784349934e-12,5.400171132181686e-13,-0.0011753189821959035,-1.7957728854661443e-7,-1.750583915425503e-5,-0.00028100671784681263,-3.919067593711371e-6,-6.765985793942503e-6,3.0685638383338023e-10,0.0001632236197642238,0.00533700380527122,-9.447349850093291e-8,-6.00585791128373e-5,0.001127825842497205,-9.111744637463278e-8,0.0003372715206481596,6.42823021369652e-9,-7.672128505720832e-6,-1.5860211083210421e-10,-1.7207204414994485e-7,0.06416846494441084,-4.841283980065928e-11,0.007529611091957307,-0.009262131589501408,1.8957472933788908e-6,-2.3441228542737476e-11,-1.343580893118156e-10,0.011432319627455459,0.0009454251291736394,-7.517892159273328e-9,-1.8206177068482678e-11,-3.3851574290291093e-10,-1.54898523816448e-9,-5.425454511670205e-8,0.003669991210693257,-3.4184114283661196e-7,0.005476690539963942,-8.76818353273131e-13,-3.984719834878099e-6,4.65863717631969e-9,-2.427427013272048e-8,-0.0021681692420793927,-3.81386569199512e-6,-7.051189597046198e-10,-4.709266722423906e-9,2.4614626622845726e-5,-9.319371017253361e-6,7.746521516878248e-10,0.006561950216696531,0.00011640740634572059,-5.068434489308274e-9,-7.291389367939999e-8,-8.16230200388657e-8,2.0015462722543005e-9,-1.4591182196819417e-12,4.72486441435735e-6,-8.716264475577352e-9,-0.009666283263996928,-0.0005846206307678022,1.948290528509229e-5,-0.015539214228011178,-1.6735645563699895e-8,-2.2126359516067346e-10,-1.3688148250361063e-11,-3.7139853617338217e-5,-5.576857705832079e-5,0.00032441157450336023,0.013464819832127972,-1.5535999222808083e-10,3.4706630849363157e-6,-3.740304706246037e-11,-2.531156317651153e-9,-2.0434399571874655e-9,1.903645960905603e-10,-0.00022395192865996908,-2.8667833906686398e-9,-0.00013915261306290272,-0.0001123156281173247,0.0024434806157866613,-2.4186482224103847e-11,0.027946508732169365,-1.1438579053688981e-6,1.3488131910901709e-5,-0.013777879995040258,-0.006654796091393676,-2.2018420118760916e-7,-2.3429866568186702e-8,2.0674650916032503e-12,-4.287162905494181e-12,6.506211123715911e-12,-2.1281986222618835e-5,1.2704432464922668e-11,2.1620548872996247e-5,0.0002818566398426346,-1.528563499753465e-5,-0.001679165588559439,-8.601520503848044e-7,0.003146145556374998,-4.484334644354738e-13,-6.954375924681663e-5,0.0002527124381556515,2.6729329800984986e-6,0.018022185664137786,0.0021872045839810123,0.01649617805278194,-2.0268494976289002e-12,-0.00012683623174006888,5.041225514252006e-10,-7.952377331222961e-7,0.004648742801264521,3.267120448012037e-8,1.5826500174024996e-9,1.702039840749911e-5,-1.4438607018109807e-11,-2.7451388437807285e-5,0.0006312305000829414,9.659877565552914e-10,-5.307322876487706e-7,-8.977724008957483e-8,0.0003302382201138854,-5.96822512493756e-7,-0.053550681142071566,1.1393906651634608e-11,5.616785709546453e-8,-5.463544401398808e-5,-1.518512835460461e-10,0.01245388374056716,-5.566958807956385e-11,-0.001888441235405108,0.0026562016152069105,0.0003834139206654565,-6.996024832420399e-10,1.607147351968207e-8,-7.29243991377903e-8,5.358971721271947e-9,0.007182722994737362,2.3679380800111075e-9,-1.2766511316495618e-10,-5.514355716042877e-6,0.0003054607092092227,-1.2723218724286905e-10,-1.5675322783977602e-7,7.374690680578145e-7,-8.00421624623931e-5,-6.931585887879039e-5,-1.7881532424309807e-11,-6.2223811494931744e-12,4.464566524027648e-6,-4.152093323598759e-5,1.2530807802257694e-7,-1.6837064016369187e-9,1.3645941959389788e-6,0.00033774178615370265,5.421890716353405e-7,8.122727265475521e-9,4.839108257401388e-10,-0.010322505703072582,0.0020024462747305675,9.889631236882836e-5,-0.00015749238504165504,3.904677398134263e-5,5.902591964962086e-5,-3.1593808814409096e-10,-5.4262133454318236e-11,-0.001954038948418792,5.372444836301201e-6,5.3785369568713704e-12
0.0,0.0,0.0,0.0,0.0,0.0,0.0,0.0,0.0,0.0,0.0,0.0,0.0,0.0,0.0,0.0,0.0,0.0,0.0,0.0,0.0,0.0,0.0,0.0,0.0,0.0,0.0,0.0,0.0,0.0,0.0,0.0,0.0,0.0,0.0,0.0,0.0,0.0,0.0,0.0,0.0,0.0,0.0,0.0,0.0,0.0,0.0,0.0,0.0,0.0,0.0,0.0,0.0,0.0,0.0,0.0,0.0,0.0,0.0,0.0,0.0,0.0,0.0,0.0,0.0,0.0,0.0,0.0,0.0,0.0,0.0,0.0,0.0,0.0,0.0,0.0,0.0,0.0,0.0,0.0,0.0,0.0,0.0,0.0,0.0,0.0,0.0,0.0,0.0,0.0,0.0,0.0,0.0,0.0,0.0,0.0,0.0,0.0,0.0,0.0,0.0,0.0,0.0,0.0,0.0,0.0,0.0,0.0,0.0,0.0,0.0,0.0,0.0,0.0,0.0,0.0,0.0,0.0,0.0,0.0,0.0,0.0,0.0,0.0,0.0,0.0,0.0,0.0,0.0,0.0,0.0,0.0,0.0,0.0,0.0,0.0,0.0,0.0,0.0,0.0,0.0,0.0,0.0,0.0,0.0,0.0,0.0,0.0,0.0,0.0,0.0,0.0,0.0,0.0,0.0,0.0,0.0,0.0,0.0,0.0,0.0,0.0,0.0,0.0,0.0,0.0,0.0,0.0,0.0,0.0,0.0,0.0,0.0,0.0,0.0,0.0,0.0,0.0,0.0,0.0,0.0,0.0,0.0,0.0,0.0,0.0,0.0,0.0,0.0,0.0,0.0,0.0,0.0,0.0,0.0,0.0,0.17056147267368674,-0.00013089231935786176,5.924082482882601e-7,0.0015325646143580806,6.32802373674905e-5,5.064726650355733e-5,0.003010062409794511,-0.004363213398746692,0.003656635247461654,-0.03822499611560147,1.4157811268222396e-9,-0.0001341259344478552,-6.922471034664337e-7,0.0019322345810134551,0.0004231184337958752,-8.537925385069039e-8,2.5094920047240112e-5,0.011076292346402027,0.009915706923425617,-5.573634194885369e-7,-0.002483518647668321,4.82734600165315e-7,6.247980346257889e-7,-0.001177119386830291,-2.8627382472646384e-5,0.025697538141494627,-6.348003939775101e-5,1.895673229489563e-6,-1.681310969699066e-6,2.401017396607859e-6,-5.573308335347679e-8,-1.0557494618187917e-5,-0.00536844313151561,1.9220458224306285e-8,4.421478301288318e-6,-0.0007463970858145741,0.00021772598294242862,-0.00012701219643984133,-0.03193816477998747,0.00010471875311816162,-9.622086563385492e-8,-8.805509995463078e-8,-0.002902162919665874,0.0023331783502343797,7.426723535943616e-6,2.444760043228839e-5,1.07642678439069e-6,-0.012817791643577018,9.71381932295808e-8,8.742000756232051e-8,-3.957931990252315e-5,-7.734318743642877e-6,-0.0004641678117539967,-0.008878453948571632,1.4100972171002957e-6,-1.0611180066703919e-5,4.932186747384948e-8,0.0010619268114238785,1.0571224579350725e-6,-3.101333929018141e-5,8.206874340292345e-5,0.00010358549319923676,-0.0010180400292123019,0.016639073635768203,-4.5092841417601775e-6,-0.00027602138140855474,-0.016988328620927414,-0.005943732547721899,9.317059199778415e-7,8.483743034201215e-8,4.712319755453574e-6,1.3816373953557515e-5,0.00013290999549207943,0.003347238175699014,2.708183490902546e-5,6.921507751588156e-7,-0.00307845805273823,1.4577597214926978e-5,3.1378764708324424e-6,-0.007221317666366819,-2.2061453481767555e-7,0.000788358907919546,0.006889907626067698,8.686160470972253e-5,0.02207114103050659,0.0019960773956715404,-9.559727758757445e-5,-3.1599998124746164e-7,-0.00013227577916811905,0.0007700529826086393,-3.2602594380645685e-5,2.1743981192473636e-6,-1.7110781357421155e-5,1.4713247574634148e-5,-0.003495577156356479,2.614869752530549e-7,-0.0001647825172800926,1.8071427703926424e-5,0.00012067142418096533,-0.026716269632409497,0.0003709442944507576,7.653873475764246e-7,1.79921621997741e-5,-8.443557957218206e-8,-2.1605051390957444e-8,1.3677434420642753e-6,0.09587437474982781,1.3195411408636394e-6,0.0006189703406890644,-0.0014066823213780282,5.833083710542789e-7,-0.0007873479819833336,0.0025908530588081347,-0.009786756738870729,2.9815054437756e-6,9.536167842067682e-5,-3.6013874024261505e-8,2.1632302416991204e-7,4.8146414918927425e-6,-0.0295180002647321,-0.0018299637174700426,0.00012030803821024336,-0.00035894245151698077,-4.898645422751108e-8,0.0016453254180759695,-0.013797821489096584,-6.818345544765264e-5,0.00017664664032458548,-6.710608250128902e-7,-0.0007725393843841957,0.0017968496927302684,2.0329409907452238e-5,2.077141823147963e-5,3.954931416124833e-8,4.3587359922445405e-5,0.00024089257455805788,0.00017058181614064758,-2.8420246203241023e-7,-1.8531692080185172e-5,-2.0470248511475376e-6,-0.04713716816353363,-0.00016133686051654264,1.6083531906247385e-5,4.112323117296281e-6,0.0010423504628381123,-0.021188887700494125,-0.0014351123964961403,-3.1088347617632574e-7,-6.325291742985563e-5,-0.03390587784209965,-7.920723452091845e-7,-0.0003443711173635925,-0.000775445464471456,-5.567638071063217e-6,0.0001039142427327298,0.022332451856375547,-0.00018203961822534643,6.672175844450176e-5,0.018133736385862177,0.004679746305663146,7.474121942307679e-6,0.002607350474102859,-0.0013610397740544786,0.00046824728070155166,6.8533779089946464e-6,5.543723122415812e-5,4.505612775580001e-5,8.009961263153483e-6,1.1432980133899343e-5,3.993712761304193e-6,-4.765859361843783e-9,0.004851660361852061,0.047222631938111284,2.3214982296507034e-6,7.035800417393441e-5,4.987186927000768e-6,-1.0276860419502673e-5,-3.175840100648538e-5,0.00020421337945892315,-0.0012096211434139128,7.472652698490111e-5,0.00011512259549968377,-7.200236698647857e-7,-0.004523044651991886,-1.2386707433385328e-7,-1.7572951591262524e-6,-3.399416506965768e-7,-0.03950210056372457,-9.892918260872094e-6,-0.022554053922621504,-0.0007996420638802577,6.625190549780127e-8,-0.010525691256256816,-0.019419206927476607,0.0008798192125065251,-0.00046252878416107996,-0.0004003303772765442,4.5445328881113695e-8,-5.614725907897077e-7,0.00790909611909713,4.2030273480192907e-7,-9.626964647352644e-8,0.0009251544750087293,3.294695330329728e-6,3.1572322270001933e-7,-3.451807163587425e-8,0.00025034380610541515,-9.194060840700919e-8,7.544962284619517e-7,5.206167381927626e-6,0.005019720102662318,-1.4944368346284023e-7,0.006872035514866241,6.050941403514955e-8,3.0491585870830115e-6,4.1358646230712924e-7,-2.536720205921206e-7,1.2187010029653005e-6,-1.7641828281429815e-5,0.0015547936015641182,-0.001011096937601654,-5.06268508939642e-6,-0.00026774479741721146,-5.840576992932593e-5,0.013921440467820598,-5.732715595615322e-8,0.019064647074443185,-9.599894210143315e-5,0.0007130795107509449,-2.5979735210710708e-5,-0.00010012789899307341,-0.0002978715873196649,5.096090261036617e-6,-5.151698884563404e-6,-1.084920610452268e-5,-7.177873081129133e-6,-4.077544752763349e-7,0.0001311790003216744,0.00012696023413607453,2.056096295600941e-7,-4.794974226965243e-7,-1.4725493207488806e-7,1.2772342775090647e-5,1.0926927080613412e-6,-0.003407961578773309,-6.3497172958064255e-6,-1.530406444333418e-5,-0.001905852268871402,4.599667537537311e-7,-0.0005549136722838107,2.3274859915166637e-6,-1.5978616372501302e-5,4.37646551349854e-5,0.0004465330903636508,0.0002301845604142535,-7.75943393643e-8,2.603797804047004e-8,2.3499136703524196e-5,-0.002896094455749268,-0.003849709089527847,5.735537278569566e-6,-8.193516388108251e-6,4.694192573049528e-7,0.0006454695370752734,0.00034111905906356786,3.872392579939896e-7,-2.21787412725275e-5,3.426847642241671e-6,8.427417534148417e-7,-0.002748656919925796,1.3210665372577718e-6,3.6784596717255915e-5,-2.7011889364121532e-8,1.4040564267711544e-6,-3.952029617293274e-7,1.927259588398966e-5,1.9661826701327674e-5,1.760625636592611e-6,3.0272209769380557e-5,-2.1228886911541624e-7,0.0004185880130148169,5.686921965364541e-5,8.400072569314022e-6,-1.4224235893411417e-5,1.4914156416873225e-6,0.0002710470934200507,2.02457306790162e-6,5.006374805943559e-9,-0.0005103121981116527,0.010804212919372745,7.215987311603214e-6,1.2608099074005378e-5,0.00017966661941636833,0.00014558521980515788,7.729618382932898e-5,-0.00013320172196505962,0.0007996864919346368,-0.009339695454646562,0.006248236420499441,2.3259872300709416e-5,-4.63372767915588e-6,-1.636976019683481e-6,3.4933599770295986e-6,5.259038700015874e-7,-0.007792814105810013,0.0003385846277980873,0.004453655122832931,0.00030962124584861555,-0.022789845248365196,-6.760889634696419e-7,0.0005856561422860845,-0.0001274305995597941,6.224217859611797e-5,-1.8927949671227581e-6,0.0002752584165670569,-0.017799802908963436,-2.634148477387836e-6,-1.7756713527455536e-7,0.09297057654080092,8.483891900280791e-6,-2.0643825951902985e-8,3.8971035752912156e-7,-1.545892737169023e-6,-4.832193027911169e-6,-0.0007182779609529757,6.164999154150544e-7,-0.00020830816598672871,0.0002137311972779094,0.023683802660802913,-5.5058868536072056e-5,2.834848012658807e-7,-3.0908353055972097e-6,-3.922010470092961e-5,-0.0005867939589375552,4.5160813327913784e-8,1.4795034652729882e-7,0.016186089930893374,-5.503139281152382e-7,0.008379785500246047,0.0012302104713896934,1.6417217231214952e-6,-4.23973421183773e-5,2.7907719489905368e-6,0.07047238459711795,-2.7909741183482216e-7,-0.0010071292608176026,-0.001246262348584531,9.603090007868872e-6,-0.013478808637669733,-3.5950365702438673e-6,-1.5197520661154473e-7,5.756251764106052e-6,-2.2115078849513397e-6,-1.653093430369257e-5,0.002343547926723693,0.002613065062089739,1.4211434420983313e-6,1.1583481359270594e-6,8.180930974243639e-5,-1.1179117488731914e-6,-0.037008475002895745,8.478035968479017e-6,3.359896582928e-8,2.0402374714594984e-5,-3.000184264718983e-5,9.387886925272969e-8,-6.162679599468162e-7,-0.005886604913423871,8.943093563066104e-5,-0.0005462553129297863,-2.812125260508598e-6,-0.0020240023044028397,-0.000900567195779455,1.4538101481158778e-6,-4.469559824337e-6,6.995088814025204e-5,6.560304142371643e-7,-0.00023916430633199267,-2.7759647308384326e-5,0.005496578642212209,0.006972595859380999,-0.011548742874780357,-5.4305173594051876e-5,4.0965744419595485e-7,-0.00017080562793380885,0.0007633702367655084,0.00893393114831185,4.009843453812417e-5,6.961486833874251e-6,2.9759192406300706e-6,6.633067720927002e-7,-9.471203161532105e-5,5.736221079193127e-8,1.209179806638817e-6,0.0005782214121146994,-1.996316173425142e-8,-1.5893039855819e-5,-0.0018964165176237676,-0.0033622005962988524,-0.00030485151511487477,-0.00015912982606877302,-5.286879823060492e-5,0.007493697972954364,-1.1195116569960519e-7,-1.909691192335125e-7,0.0045991171657908435,-0.003844327183387634,0.002371519455929219,-0.0027316974090759744,3.058107435435107e-8,-6.981081344080852e-8,-8.438957430212095e-8,3.189101568111328e-6,-1.611818125390025e-6,0.0018921276754292587,1.3429586048774354e-6,5.445083367911193e-6,-0.0013977956320146941,0.018478806179844775,3.8693888248950454e-7,0.0010208722736157372,-0.0006281263773083922,6.9328303992576e-6,-6.733033882042848e-7,4.851401833451118e-5,-0.012790955328535865,0.009645058791986781,0.00012639954755420767,-0.0011085030246897067,0.00010557078417887186,-5.642363792421843e-5,1.0817733804788954e-5,-3.5506955538785016e-8,6.810055335455832e-5,8.307503885551394e-6,-0.00020158931121889818,-1.1404245056153078e-6,-1.021998223610771e-8,-8.72262796566679e-6,-0.00509780289657645,0.00019524822455455762,-0.0004323986406022581,0.01909387851957644,0.03783054453677556,-8.34595280589065e-6,1.057106268808935e-5,-2.109505265713661e-5,-0.0014091105469571197,-0.0026875631415562216,-3.096490316543234e-5,-0.007560092195556056,-0.0010515848232585986,9.528879035688938e-5,-0.018905640576422616,1.0686806082375949e-6,-0.004890095460504027,-2.908184753207585e-6,-1.0519102133100982e-7,0.00010544009773939895,-6.56940768153494e-8,0.09193756999178983,3.486826402521484e-7,2.4388334776172838e-6,4.6210796277891626e-5,-1.1467192864311487e-5,5.244290116341286e-5,1.083471874455633e-6,1.9011111678846686e-6,-2.6624339739619068e-5,0.0008152978348482425,-5.9580313360591395e-6,-0.024184952477626667,6.110419694679878e-5,1.209107180821838e-7,0.0009469822854017017,-8.811554385081298e-5,-0.0007444577598768772,2.113199996299614e-5,-0.005572673640073196,1.645004731727351e-7,-0.0003130484480464887,-0.0068429737707861125,-0.0037591964651786307,8.375503659695063e-6,2.336290909159441e-5,5.390932108439862e-5,-3.216030970232484e-5,-0.0009776718167094863,0.0006598495906651654,-6.718512890063145e-7,-3.7251960945902114e-7,8.941213702039169e-5,0.0019336772966008294,1.686253707385627e-6,-1.143330095651439e-6,0.010760408180817107,2.451074185915336e-5,-0.0001644325774847728,1.074149058875097e-6,1.955909731752721e-7,0.0009546637259546216,0.0074628196413314835,-0.0012146514956000735,-1.9866486522173106e-6,1.0500264443434732e-6,-0.01563983389705348,-1.4070829288035305e-7,0.00013852866440096,6.597114476674446e-5,-1.02757968267266e-6,0.00010942472072239507,1.9034531912634457e-5,0.0038219217595484305,-0.00948336111401484,0.0003343935833509739,-1.5723099710022767e-8,4.6514486104221866e-5,0.009249483668676105,0.0014917424224490394,1.1670097517429876e-5,7.63548127743625e-6,0.002745036585741515,-0.005845158592938882,1.3661470778739805e-7,8.322315765838815e-9,-1.183242043469398e-7,-0.0008700065487856008,-5.766277659773275e-7,0.014318908938529204,0.00014458168757994162,-0.0006280508878515824,-1.5926484138841825e-6,-0.01707709466903391,0.00011219113999630514,-3.979965864195285e-8,0.012994702789354764,-0.0023306395496776036,-0.025235243608546256,5.182487441514785e-5,1.6925130362296524e-5,-2.418159158752669e-5,1.7374671215694315e-7,0.0012192394850878002,8.864063213771433e-5,-0.010674954341801367,-1.44830113523367e-6,0.00017290182897131156,1.1975570684073338e-6,0.002624087553077288,1.3801994926633494e-7,0.01662255261976917,-2.9897670376804637e-5,3.0881784078781046e-5,-0.0013049506877402918,0.000193428432344846,-1.6288632804599999e-6,0.0011030344026247134,1.0114778766616841e-6,-2.661748795256486e-6,0.0013017079866834704,-0.006474234863970926,-2.9640028587275668e-5,3.0014867000505546e-5,1.2445571156733991e-5,1.5758597081229874e-5,5.139840814044064e-5,-7.935854361637213e-7,1.1618622690241768e-5,-0.0005491866780750774,-0.00015887910940633036,0.0036847038926693743,4.508972450720689e-6,1.5401039259734478e-5,-3.013107069988483e-7,0.12252190008841761,0.00010342216784507154,1.5302713461328457e-6,-0.0015676677924757441,0.011140047261898428,-0.0021252062971949784,-0.0016303918216904213,6.960550125786323e-7,-1.3818542367551533e-7,0.0001920170164422545,0.010342583327951954,-0.00621627458836517,1.989540494841659e-5,7.521543342080346e-6,0.00012772755280053986,0.00386062288624345,-5.774404059646461e-5,8.13984255398213e-5,-1.849025952782667e-5,-2.111026287320164e-5,-0.0018870441360549516,-0.0005750078053530181,-0.0024955174412506728,0.0008218878318113406,2.0563317344413675e-6,-2.463164668751108e-7,3.5897629525122723e-7,-0.01672441379304979,-9.310977999382183e-8
0.0,0.0,0.0,0.0,0.0,0.0,0.0,0.0,0.0,0.0,0.0,0.0,0.0,0.0,0.0,0.0,0.0,0.0,0.0,0.0,0.0,0.0,0.0,0.0,0.0,0.0,0.0,0.0,0.0,0.0,0.0,0.0,0.0,0.0,0.0,0.0,0.0,0.0,0.0,0.0,0.0,0.0,0.0,0.0,0.0,0.0,0.0,0.0,0.0,0.0,0.0,0.0,0.0,0.0,0.0,0.0,0.0,0.0,0.0,0.0,0.0,0.0,0.0,0.0,0.0,0.0,0.0,0.0,0.0,0.0,0.0,0.0,0.0,0.0,0.0,0.0,0.0,0.0,0.0,0.0,0.0,0.0,0.0,0.0,0.0,0.0,0.0,0.0,0.0,0.0,0.0,0.0,0.0,0.0,0.0,0.0,0.0,0.0,0.0,0.0,0.0,0.0,0.0,0.0,0.0,0.0,0.0,0.0,0.0,0.0,0.0,0.0,0.0,0.0,0.0,0.0,0.0,0.0,0.0,0.0,0.0,0.0,0.0,0.0,0.0,0.0,0.0,0.0,0.0,0.0,0.0,0.0,0.0,0.0,0.0,0.0,0.0,0.0,0.0,0.0,0.0,0.0,0.0,0.0,0.0,0.0,0.0,0.0,0.0,0.0,0.0,0.0,0.0,0.0,0.0,0.0,0.0,0.0,0.0,0.0,0.0,0.0,0.0,0.0,0.0,0.0,0.0,0.0,0.0,0.0,0.0,0.0,0.0,0.0,0.0,0.0,0.0,0.0,0.0,0.0,0.0,0.0,0.0,0.0,0.0,0.0,0.0,0.0,0.0,0.0,0.0,0.0,0.0,0.0,0.0,0.0,0.0,0.16936708681214052,0.00019424139922729575,2.9923728854317443e-6,7.948823372417336e-8,-0.03542612954852939,-0.006448167067015385,-0.00026865319793662194,-3.1169244718671155e-5,0.00020754729795131549,-5.229445842785968e-11,-0.03399078777649598,-0.00026503972096922693,-0.0008508408116321581,2.459701954909745e-7,5.26182730172611e-5,2.4109358339716866e-8,-0.0007400447183695542,4.404754511657563e-6,-0.0001373321745123608,-0.00012589422525498346,-0.00020253478621085825,-0.005528072579288811,3.838952406323049e-8,-6.235223357448956e-8,3.8727229835632026e-7,0.0018664411274538378,-0.003647807307940775,6.65692391365026e-10,-3.348729137219554e-10,0.00021215615517847905,-0.0023870759130562628,-2.7314679844953736e-6,0.0008388305804549631,-1.8541572657491373e-8,0.00014094001978789177,5.133835547399004e-7,-0.014926296182806387,-0.00011745673955716172,2.5635695645439825e-8,-4.460346647345266e-7,-6.239944119187531e-5,8.749785933794796e-6,-1.2577070609740704e-5,0.004627890328088086,3.723718375055126e-8,-0.0004931880250697672,0.0005606063356522179,-5.254297468937613e-5,9.131434031563494e-11,0.007669686702057547,5.303437889150496e-9,0.001789256445278947,-9.365761939517337e-6,4.432153071287303e-6,-0.004437312124598278,-6.22663613405775e-6,2.5404879918879627e-6,0.0017582983684246989,1.418433872891579e-8,-0.00042451226115693597,-0.007473120205093003,2.45544468044926e-8,3.2303302172145255e-5,-0.0006415153565674642,-0.003745862684182308,6.24651598690396e-5,1.4595020920459684e-5,-6.257530383778296e-10,-1.9984581199028744e-5,1.1986164803060702e-9,-2.4888153132050584e-8,5.444439643688062e-7,-2.9747794504739646e-5,-0.005113994196157824,-0.00034244142253457387,-0.001542693762220811,3.0644696498184655e-8,3.924111972858458e-9,0.0022609125370506946,-5.314062343532674e-5,1.0034296785624746e-6,-0.0015643275819257293,1.0661014155822555e-8,-3.860157163108098e-6,-0.0022448726583275316,1.0779033565864351e-7,-0.0001673598968810624,-0.0021504684586218987,-3.654252736056778e-5,-1.8797773376681158e-8,-0.04682109942966218,-1.9271053110567288e-8,-0.005170062361156159,-5.887494845597123e-6,0.0001307435003414775,-1.1782781035764312e-6,-6.4794595603820305e-9,0.0019882176587942956,0.00011404335493891437,-0.035239402408323794,0.0011641373218692927,-0.0008453966312227631,-2.522718573391711e-9,1.7285636782260325e-5,-0.000157535575165292,2.9206567702895355e-5,-4.0458189603202944e-10,0.0027289198219151187,0.013180348759941967,-0.005661463179375312,-0.0002890304171953015,-1.0200055422640432e-6,6.869503104285247e-6,-0.002581623916774771,-0.03886492929979426,0.0001360371221247803,5.277409297643699e-10,-0.001830621282015462,-8.125371485333955e-6,0.002299776291805712,-1.328836752905247e-7,-3.0918464481840384e-6,3.479252376247259e-5,0.00381921452813923,-7.12710407604236e-5,0.0361204363373996,5.900642616822724e-9,0.0021434749488520484,-0.0002624545470638059,2.451306097885105e-6,-0.006454664885886335,-1.2178721943522867e-8,1.3084731145865762e-5,1.1929195799293009e-8,-0.012315836897784708,-0.00022050323353397825,-1.805783690768159e-9,-0.02939335804910137,-0.0009323850231353881,-0.00025126214814816174,-2.2016058482833233e-8,0.009706597945665188,-1.4551322823691324e-8,-1.8603668682917682e-6,0.00043042821546574215,5.812109913818586e-6,-0.0002914738941101761,2.795088323333618e-8,-5.142020395608031e-5,-0.0003637292199826471,0.043583245144185545,-1.1133387428390562e-6,-1.8687954720386717e-9,-0.0409153150996343,4.689376208918753e-5,1.3748113356967208e-7,6.411455270625168e-8,2.62888677234756e-5,-0.002359810541892229,-0.0038151472502798867,-2.8444617383410187e-5,1.0738083142961148e-7,-0.0013992882486498328,-5.188496834041394e-9,-3.813227400189049e-7,1.5598163021519074e-9,-0.0002473062379206411,0.01623868577797171,-0.003410409418952557,-0.0003832616649336595,6.179575376207066e-7,2.8895781806136997e-5,-2.8807993760738802e-9,-0.009519633379979676,1.2757608468463245e-9,0.005048182778458346,1.2322383495783926e-7,7.537361534099018e-5,-5.405050196657982e-7,5.490490659996303e-9,7.210121613857055e-7,2.2095944871927826e-9,4.751948388324995e-6,9.148242146915501e-6,-1.873734783828168e-9,-7.907141907736093e-10,-3.4647082610609197e-6,-0.036482211285505675,4.4767812058930584e-5,0.002598828014025221,2.894259135245469e-5,-6.047246042224909e-6,1.0196073294646823e-5,1.0979928566084814e-5,0.008547705181982241,0.0016204914662226128,-4.572438106731106e-5,0.00012597300667795738,2.6441614570362143e-5,0.00047755848667875556,-1.1826188307264706e-5,6.358473504764348e-7,-3.6450409540749056e-8,3.5493166682445202e-9,-1.346654965219019e-5,4.93406295980249e-7,9.594510883156254e-5,-1.0329944580214497e-10,-0.003343695788260171,0.0001256077184884791,-3.081148159463859e-5,-9.059836272079116e-5,9.68938697560251e-10,-6.421726678596722e-10,-2.2777813734743353e-10,-1.7159946726941102e-9,-1.1254531204683786e-11,0.0010859935940735791,3.965820390450755e-6,-9.357393982875546e-7,-0.002172174395258494,2.7931301337018737e-8,-1.0282048729050217e-7,9.362591383222379e-6,2.9532779608770926e-5,1.4722384778165385e-6,0.0045542654716858345,-0.0027851880971236,-7.741970227988477e-8,0.010125379714034585,-4.294342730895132e-7,-0.003051933862168835,2.033645089282296e-9,-7.061213233227293e-9,2.1515183785053676e-7,0.0003250896502786816,2.620079086238414e-7,0.015483936321801195,-1.281454825556809e-5,-1.8275179010198923e-9,-0.00017199078832107645,0.010200203334389101,-0.00022777943337852334,4.668801463707346e-6,1.8264451547909623e-8,1.5791776296817806e-8,-3.862826600174527e-5,-6.353162891240098e-10,-0.002046341966334989,2.0268187782189597e-10,-0.0306507525975343,7.314265272404667e-8,4.6233334875724646e-7,-1.3368886261352103e-7,0.00013259307343809298,-6.390094299690835e-5,-0.012644603472611237,0.0016775828771773377,-2.8202981115852294e-6,0.03435865700302467,-8.773639755170168e-9,-4.800021221642464e-5,-3.7971771488618577e-6,4.3874600547757745e-7,-1.6766209548119297e-7,0.012628174367954808,5.656872324882876e-9,-0.0004595887752574493,-0.0018009699857934312,0.00028669638074463506,2.656786289530594e-8,1.4298181932103518e-9,4.006035132144858e-9,0.00011004592002048367,-1.9991178065887998e-9,9.512223372466143e-9,-1.2857401592871967e-8,2.56080667571456e-7,-8.928976912915364e-5,0.004862888664594656,-0.0096466508309508,-1.4455067341882159e-8,-9.246042605731221e-9,1.5153945215970675e-10,-0.006931732696215481,3.175548970993727e-9,-3.571127094123637e-5,-0.0019464229249306429,-0.0004593551236959158,5.25374877820588e-8,-0.003913441879159659,0.0014281660461247232,-3.603870753635945e-8,3.5672586909863915e-7,0.00011224255721354898,-0.0010332642100996257,-0.00014002978927552852,-6.042649979211203e-6,0.0004657815727987615,-0.003621379669905084,-1.702896293661743e-10,9.694624533384721e-8,-0.0003801095570537069,-5.25068953241971e-5,2.7503228943209733e-7,4.7698949512479095e-6,-0.011926227881028045,4.3538760672971066e-5,-0.002962135788252929,-0.019422772988168722,0.06977829260091549,0.0018226485057797458,-1.314406867927982e-10,0.0009614727225943058,1.2994070791523115e-6,-0.0014614181921984279,-8.38388222619271e-6,-2.806137537557674e-5,-4.0779296024205845e-9,7.781011862654877e-5,0.000941132840974732,-8.938822619924898e-5,0.0015023579492510837,-0.003974005597816961,1.5261468500144977e-8,-1.1373502429807182e-7,-0.030489596745464455,-2.275587486712348e-5,-0.007900201081949717,-0.000308160558322094,0.0004917137665935011,0.08354187781457098,-6.43753345874877e-5,-1.5801158122525985e-5,-0.0015400167182438957,-2.4571396312369016e-5,-5.743454987421532e-9,2.023905046120242e-6,-0.0008024552976164406,0.0005630850744181633,0.015985476215542065,0.0011836249151299361,-0.0001320848331522017,-0.00032241620200053247,1.9769032784733202e-6,1.3547187943224366e-6,-0.004557344406135531,0.00015360949700333115,-0.0034595431320739423,8.42080845016007e-8,0.0069275235931092645,1.7062453461726743e-9,-0.010573328748835308,-1.0156453483358093e-5,-6.15408737362038e-5,0.00039429537241944854,0.00022149394995517866,0.0009276300031689651,-0.0005641903666308906,-0.0001163224339222813,-3.7930485669957204e-9,-3.3106673687502544e-5,2.3589414486095794e-8,1.5519178003533807e-8,1.0459163197830008e-5,-8.78165498826557e-10,-0.00012124465832531931,0.0024053210088289933,0.006062396794892632,-1.0832894093126728e-9,-4.646211350514408e-6,0.00253235928771982,-0.00019002633938091973,-9.212268337719606e-9,4.0771267436027287e-8,-0.00016613578075447624,5.523860043441337e-10,-0.02434122957177939,7.810301555336818e-6,-0.0001143214029713716,0.00016811382100267625,0.003943482124938607,0.00024751435982555043,0.0025733241639885737,2.904572295435325e-6,3.854012045053449e-6,-0.061315607390029635,0.0012977082012454462,-0.0021932869858279722,-8.794105334647494e-11,-1.7746098760515624e-7,8.342845747145032e-6,-0.00025520409669813185,-0.005658652747578275,5.1594625542402844e-5,0.010304830475901236,0.0017568184737869167,-1.0745960700826332e-5,0.015074246524930184,-0.014615530819706363,1.803260842613465e-9,-9.731169911237767e-5,-6.258219331012769e-5,-7.033977835411367e-11,-0.001010769904636983,-0.00010382816855069854,5.197371219580025e-6,-1.3445522260524037e-6,-0.00037026164500765334,-2.4464629345568896e-5,-3.7591121001540806e-10,1.5512164582584642e-9,-3.890206023112675e-10,-0.000827711671766478,0.00019192898030899995,0.006195754658285212,-7.361238085964912e-7,1.684372666179693e-7,-5.7269383599129094e-11,9.998583540934628e-6,-6.395318214140133e-8,0.006551992874214241,5.87816459334426e-10,-3.014893597408817e-5,7.908561623586107e-5,1.3459579338637157e-5,-1.407226991970837e-7,0.008755848333319036,-0.03279789187435334,8.059131077075675e-5,-5.241615199580535e-9,2.3738491723442043e-5,2.3286758882484927e-7,-0.003609102353290349,-8.384312772934546e-7,0.0006396547426709366,-4.112366788610427e-6,2.210081566604514e-7,0.000970531223753851,-4.550247193392139e-7,-8.609869899321031e-7,4.335302893070375e-5,-5.7591955687005334e-5,0.0005771308213563326,2.5419926579831773e-8,-5.26724446417829e-9,-0.0014429405005411983,-1.874163246370325e-6,-6.407975014107001e-8,0.00011180390390347053,2.7126379758563034e-7,0.037799760470080726,-1.245255986024543e-5,-0.0003782391404182049,-0.0001267804185382735,-1.0865698713477975e-9,-1.3533834781635138e-5,2.1547142007040435e-7,8.617079131310431e-12,6.059250000967846e-6,1.4462206041652569e-5,-0.0018562819507097557,6.826550993020381e-9,-8.659990855030487e-8,-0.009911633260720401,0.0005764481682908411,6.30152788020344e-5,-0.0031076060948112692,0.0017612267348575883,-8.321131921090923e-9,-9.920523381010787e-5,-1.2908558665229498e-8,3.225687673368635e-5,-8.740168788284895e-5,0.01327293664586469,0.010101243030077735,-1.1254488527680997e-8,-1.4869358285992933e-5,0.0005767241939207073,-0.006220289863779203,-1.7608083809121357e-5,1.9760633078954637e-5,-0.001178094887670292,2.41743093176426e-8,1.553046682347485e-7,0.13518927072600428,-0.0008348965025221634,0.00042176341383585005,-0.01153008360352802,-0.0007400826247040699,-1.189932757429269e-6,0.0018388793062526884,-8.694538604461572e-10,2.9045987897076474e-8,-9.330876154015766e-7,9.975088455595686e-10,0.006128307255383256,6.253875059404094e-5,6.233873555934383e-5,3.207223955821282e-6,-5.942932378761853e-6,-1.5945430743170638e-7,6.03154737559369e-10,-0.002439750100013182,-0.00022601015571144757,2.1491731092396255e-6,0.010552352438795041,-0.00026383092355123457,-0.0010267527300339822,3.998527343823872e-7,0.04544445412312878,-1.9803576260980953e-6,-3.684150848551792e-6,5.167354454937842e-7,0.0001225579837700954,3.20445557118414e-8,-0.0006297606839608283,1.404335963161539e-6,-2.276963683125157e-8,-7.208468665595655e-9,-0.0020519916199013234,-0.0016635946589423302,6.446123503039526e-5,-6.4892213342222896e-6,3.854670081793e-6,-1.0570223637365444e-6,-6.361888771379826e-5,-3.0333864028516383e-5,-4.664243153533971e-8,7.391321855007802e-7,2.347083515429066e-9,-7.132901272545447e-5,1.4659197389908568e-8,-1.2728203435719532e-6,2.461570970735844e-6,-1.7689438534287898e-7,-0.00012240121903830695,7.484961201666993e-8,7.919625307199926e-9,5.491945632134851e-10,-1.9504249060760014e-5,2.263647215849471e-6,0.07395120994967547,3.987610076983818e-5,1.6157224152976421e-9,-0.003226537626926789,-0.003995144210633874,3.5653421862432817e-6,-0.00033720817105114355,-7.169957230905245e-6,-1.610292325246204e-8,-0.042613341390633316,-0.0014426001238889371,-0.00040577290703383713,-1.2096164757509113e-7,-0.000848336943343311,-1.427479611943341e-9,-0.00024085797080643576,0.000499766537830341,-3.328013624691777e-6,-0.02951361304968256,1.288821574375238e-8,-0.005694668553597706,1.3084487921990668e-8,2.1111212792186034e-7,-1.1232246090238897e-9,0.00013930219500227914,0.0002605810159545497,0.00010913506427065777,-0.0007703175473146582,3.9015869835467164e-11,0.0005004536421779975,0.000561992511065506,4.2749474632308364e-5,-2.6212963837573597e-7,-0.0010869553495612715,-0.0022628936640123696,-0.0013406071264034224,-4.194402557660474e-6,-2.1884534351825403e-6,7.460923557823184e-5,-0.00012955719797506086,1.5514279045115488e-8,4.420105093851969e-6,3.1973653093523476e-5,-0.0008785014234075852,-1.5515381458458567e-5,4.3398647236130645e-7,-0.0006195722939745722,-0.020418512741853457,0.0007741613833631456,-1.1732904999153966e-8,-5.2749027807564544e-8,-7.904546224159696e-8,1.7897911487655972e-6,2.257682234551424e-6,9.132626470041216e-7,-0.00010067599960374893,-0.00016201655266421782,1.7522075991111861e-9,-2.9887516750769477e-5,-6.291522770959134e-6
0.0,0.0,0.0,0.0,0.0,0.0,0.0,0.0,0.0,0.0,0.0,0.0,0.0,0.0,0.0,0.0,0.0,0.0,0.0,0.0,0.0,0.0,0.0,0.0,0.0,0.0,0.0,0.0,0.0,0.0,0.0,0.0,0.0,0.0,0.0,0.0,0.0,0.0,0.0,0.0,0.0,0.0,0.0,0.0,0.0,0.0,0.0,0.0,0.0,0.0,0.0,0.0,0.0,0.0,0.0,0.0,0.0,0.0,0.0,0.0,0.0,0.0,0.0,0.0,0.0,0.0,0.0,0.0,0.0,0.0,0.0,0.0,0.0,0.0,0.0,0.0,0.0,0.0,0.0,0.0,0.0,0.0,0.0,0.0,0.0,0.0,0.0,0.0,0.0,0.0,0.0,0.0,0.0,0.0,0.0,0.0,0.0,0.0,0.0,0.0,0.0,0.0,0.0,0.0,0.0,0.0,0.0,0.0,0.0,0.0,0.0,0.0,0.0,0.0,0.0,0.0,0.0,0.0,0.0,0.0,0.0,0.0,0.0,0.0,0.0,0.0,0.0,0.0,0.0,0.0,0.0,0.0,0.0,0.0,0.0,0.0,0.0,0.0,0.0,0.0,0.0,0.0,0.0,0.0,0.0,0.0,0.0,0.0,0.0,0.0,0.0,0.0,0.0,0.0,0.0,0.0,0.0,0.0,0.0,0.0,0.0,0.0,0.0,0.0,0.0,0.0,0.0,0.0,0.0,0.0,0.0,0.0,0.0,0.0,0.0,0.0,0.0,0.0,0.0,0.0,0.0,0.0,0.0,0.0,0.0,0.0,0.0,0.0,0.0,0.0,0.0,0.0,0.0,0.0,0.0,0.0,0.0,0.0,0.16890328802456006,-1.8326855127274697e-8,-2.6875008214827745e-11,0.0024396951397730976,4.1829925043110866e-5,-1.3206901101975717e-6,-8.640365911232155e-8,-4.948026228846843e-7,2.9578578451256624e-11,0.001622315977864645,0.016763452462715968,-8.49331213306271e-6,-2.434810201673257e-9,0.0009960955972225204,1.5868603013170064e-10,-8.295095698243368e-6,1.4861809563724913e-7,-0.009133064988545847,-6.581009103971788e-7,0.018121920531564226,-0.0019136889251714462,-4.3248673283158355e-9,4.988753878139411e-10,4.358356301989872e-8,3.4135965245089225e-5,-0.0032874453043921998,-3.896696045859715e-12,-2.9865260571162785e-11,-0.022697742947152537,-0.001039104323834745,3.531699484886248e-8,-0.010096893702330304,-5.702183349220931e-11,-8.584927998294138e-7,-1.7591458580195801e-9,-6.067823560499135e-7,1.863087897183606e-6,-7.136497508542856e-10,-0.0017534773998005657,0.007586785069808072,-6.501490066081697e-8,-1.4387834023297792e-7,0.0037138197541343857,-4.2113652720760124e-12,0.014490033462243099,-7.288189966872039e-6,-0.0011267482025443636,1.4577510663970453e-12,-0.009425468628111883,4.635303543899279e-11,-0.0001242079004804316,5.1481093286758196e-8,-0.0015559355049007766,-0.0003507075408633593,0.004088650878751951,-5.555496751299316e-9,-0.008037513501013099,-3.6893902146753374e-10,0.0007568881885948443,-8.117387725169348e-5,6.347993142648916e-9,-1.0946159320983671e-7,-0.02615059838904913,7.486882691295578e-6,2.7799285009905455e-7,-5.102170454527589e-7,-2.0882364736961717e-11,-0.008498523643031455,-2.4872670398210602e-11,6.976657132576607e-10,8.173448181615027e-10,1.508074037383871e-6,-0.005157529610862564,0.0099238722037099,-1.2435646239575733e-5,6.004412095032007e-12,-1.334565994526968e-11,-1.7720594894643546e-5,-0.0020375164993172473,6.1486884185370366e-9,-9.652552898275932e-6,-1.107537953760438e-9,-4.8755592608744155e-8,-4.835242131175245e-6,2.26790159538935e-10,0.010629154892830282,0.00013385370290132072,1.0059005835562043e-7,1.7477540307658305e-10,0.002702703591056835,4.215590149242166e-11,-0.006167358738024204,3.967911165214903e-8,0.019451660403418395,1.965958053004527e-9,-4.229826501602066e-11,0.0005846113139434426,-3.060090515710081e-6,5.822605086995101e-5,0.022808359218031662,0.004256031684113909,-7.048518592542076e-12,0.00023897805097418517,-0.0336639598553627,-1.2496336351605367e-6,1.0742103727654717e-11,6.722924006818407e-6,-7.17270767984974e-5,-0.0011543525268591995,-3.1273684502903587e-6,-9.352017910084148e-9,-6.091354986959862e-8,-0.03425221566841237,0.0002965051462894315,0.0014235099472548792,3.044448971403417e-11,-0.010889516752530323,-2.298724570099016e-7,-7.987377293570057e-6,1.5244580783328291e-9,7.493787306251119e-9,-0.005353688366396798,-2.067496210474226e-5,1.5017824162584716e-7,-0.00015284117835637643,2.581404997529874e-10,-0.009326721401288514,-1.02769338332419e-5,3.079479778707008e-8,-0.0005573884712460078,-2.7325579412866053e-11,0.00132785018698072,-1.1833705558140027e-10,-0.00016024957562513808,-5.502107875113659e-6,-6.0052693790098775e-12,-0.0005899607253415398,-0.05763563389827412,9.907531535753696e-8,1.086593580487065e-9,-0.0008767343145383432,-6.4156790712879445e-12,8.602127136043289e-9,2.3232881740605086e-6,-4.833351084550015e-7,-0.02579383230249651,-3.827630996914393e-10,1.5122731748799206e-7,-0.011864092822148304,-3.94216100561088e-5,2.221709335326523e-8,-5.039847579956719e-11,-0.001234029050302882,-4.574153192687551e-7,9.168163033372819e-9,-5.703356160132104e-10,-1.668217722877681e-7,1.2859868832348778e-5,-2.9910103184399894e-5,-3.9145667722866495e-8,-1.0889369149395313e-8,-3.5857764642525753e-6,-1.7745963690294257e-11,1.701020338858043e-9,-1.5860251221789028e-10,0.00015569040228621315,0.0003508964732534273,0.007152947386104368,-0.014715601276505333,-4.009759555389302e-8,-7.18155900416513e-7,-5.3672364289640376e-11,1.4383646775965578e-5,-4.791431080220631e-11,0.0020606928159930277,-1.2277976031129707e-10,7.636674049078065e-6,3.706842434700031e-9,-3.42447814349708e-10,-6.408124920986518e-9,-3.805764320249221e-11,-3.176459473574676e-8,-0.010665279162978901,1.6164263877167894e-11,-1.4128680357754028e-11,-1.7437156994118497e-6,-0.0005931638619709649,-1.5903565021592712e-7,-1.1777853744709548e-6,-0.0037857849396723464,-3.83727669927922e-6,1.2014475928011643e-8,-4.417539042332372e-8,3.972552285566339e-5,-1.7254477538640793e-5,-0.001876222254280392,-0.047775610203583126,-1.390333039288747e-6,-0.013996000471225064,-0.0015733407036734694,-1.7367470330040224e-8,8.5930415125542e-10,-2.353914708131291e-11,0.0004642706248655853,-4.2932615318089564e-9,0.010544442854837695,1.6881570801416085e-13,-0.0009919789009987415,-3.3401190269074173e-6,-0.006838598635567807,-2.7785123990334188e-6,-8.200128513388803e-12,-2.3950232537736264e-11,4.777206589390392e-12,-1.3472207098435697e-11,1.0340439921496303e-11,-0.005547111593795897,-1.6556106217382228e-8,4.420961777941708e-9,2.2171644922125142e-5,-2.1135765079312544e-9,-1.4924890708458482e-10,-6.859611237467576e-8,0.00011760107017276579,1.228402863940831e-7,-3.8017789208738744e-5,-6.483423274420112e-6,7.571281444852082e-11,-0.00016287777017028228,3.562495626681639e-9,-0.04183428328603425,3.3580503580494824e-11,3.905462126162067e-11,5.1683400384492924e-11,0.030911504017651872,-1.7684498176113523e-9,-0.00029621365602274923,1.4187849547837714e-5,2.0810878630477018e-12,0.013880602876825184,-0.00016105055881948153,-0.01275913252372308,1.5168777547772422e-8,1.25302376607782e-10,2.1640212380804763e-10,1.0019771416044525e-6,1.341902594668976e-11,1.981418263890845e-5,-4.78662760970976e-12,-0.000754325707796228,-1.0745676188531352e-10,8.767553941895523e-10,2.7440299055901015e-9,0.0009524100443836455,-0.004889702904175464,0.003725788575750291,-2.4317110851333796e-6,5.87341581655021e-8,0.00024653485027696935,-1.256808096845888e-10,0.010950402931671932,-3.5028380205327127e-10,1.9711558476212852e-10,2.169654584722759e-9,0.0034613093303057555,-2.373872256212546e-11,-0.01729186047747703,-7.741729433886393e-6,0.1115700478374968,-2.466826223941958e-10,-6.640573472492678e-12,-2.5741952064048507e-11,0.08897157055601604,-8.244099314082277e-11,3.994729928173357e-11,-1.5688665305455146e-10,-2.6488519688806483e-9,-0.011058378200746614,-1.0876356183170893e-5,-0.002631598611908036,-3.565731684158132e-11,-7.925387397034126e-12,-5.682494787107427e-12,1.1578222886180198e-5,-1.7249529031231257e-10,-0.006089094812751901,7.3889525046309e-6,-1.8093208313654291e-6,-7.437529551261371e-11,-0.0019088978066844886,0.00024351673948293462,2.8759902049888514e-11,1.098837482265975e-9,1.2472167694992854e-5,1.6534499473218278e-6,9.686942400236509e-7,-6.545236339128904e-8,-0.0012061769335912932,-0.01345883382257236,1.1317175489987895e-11,-6.138953679728897e-10,0.042013573496125604,1.167840266776877e-6,-2.43284878601217e-9,5.938836008341741e-8,-4.822435690067255e-5,-4.489310482806866e-7,-0.007072758731755788,1.9165362231861416e-5,-0.00010689966932806844,4.272657215061531e-6,4.988595501686375e-13,9.654077258032917e-6,-4.491184307015629e-9,-0.02111968046241183,-0.00964798384795627,-9.345238196064144e-7,-2.8293446455502167e-11,0.003619949128721835,0.0016494979664432603,0.00314132076191389,1.9464582170181676e-5,2.4773956793933905e-5,-2.0874361220904743e-11,3.238122561668895e-9,-9.06786072425338e-5,3.3392419347968167e-7,0.0002954686027958138,-0.012241581710661927,-0.02374619394248261,-0.0003343904500677021,-3.1391700788607724e-7,0.005488465017319572,-0.020027890160438745,-2.7843530770122624e-9,1.1611904030395835e-11,-2.2023727826201275e-8,3.02200098444603e-8,0.0015072149290737906,-7.851112627444821e-5,-0.0015483077849364614,3.3490558229974827e-7,0.0013991673789263631,-5.23546856695612e-10,7.95914148576028e-10,-0.014074621000667921,-1.4197316908971361e-6,0.0015972555062714066,-0.021584796692476572,0.0018260971202532263,2.94485606552525e-11,-0.0009403504469414192,5.487537745733323e-7,-4.3821238919323483e-7,0.07193205164953169,-0.0017608552401491484,-9.725396340266626e-5,-0.032497832786774455,1.7435835552632444e-6,2.399376046727715e-10,-0.0035436551185161727,-3.0380869017094283e-10,2.42503006290851e-10,-0.05731973438377544,1.8504590326506086e-11,1.214579623750452e-6,3.95384878922739e-5,-2.0361284245554374e-5,2.4967758035884252e-11,7.647653359879802e-9,-5.8349035879575456e-6,-0.01427557077666036,6.332096247956779e-12,-1.2334508959926678e-10,-0.01658129645978203,1.5504229721892221e-9,0.00015862112440740637,4.5127018153435184e-8,-2.43399101255634e-6,-2.064693821841187e-6,7.479574262093417e-5,-0.0031451740827359606,-0.000181276437914423,-9.225234086835427e-9,5.2307408675787076e-8,0.0014603575565638588,0.001544297393768233,0.0033667926697511464,-7.898744330221664e-12,1.3094082492974878e-11,-0.0002742070987014079,0.009658910721748053,-3.0037076610147643e-5,0.0026101886198685456,-0.0028493006914817836,-2.5086465081017043e-5,5.697139758710008e-6,0.00010173931795583158,4.9201908943395545e-5,2.754337512943953e-10,1.6810853174035029e-6,0.01375456490134434,3.076831141738533e-12,-1.273953218851886e-5,-4.881115562600628e-7,-5.2786207469060234e-8,3.241658502962461e-8,-0.002352726964744606,-0.0018666189686632202,-5.49154916343982e-12,5.7459980378198566e-11,2.009352877441964e-11,-1.162524052905035e-5,-0.005786447953990163,0.004748304309938093,7.198384627857088e-9,3.008535241710899e-8,1.1301074638159576e-11,-5.5813017570072225e-8,-2.165812446110149e-9,0.0013316816970787375,7.970370558792592e-12,-5.105474447235793e-5,-8.98485045311787e-7,-2.256816418069588e-6,-1.68690272840049e-9,-0.00012079644261523973,0.0008625178375163985,1.3524750771376049e-5,-2.6785472202666965e-11,-4.39378395191054e-5,-7.642889630141528e-10,-0.015476383631494646,-8.863245873089557e-10,0.0031804537484235243,0.00033184789685534473,-9.610095248868794e-10,-1.4538651874569534e-5,1.3665989708235056e-8,5.2772651538626514e-9,-4.6944387119600487e-7,8.792224190755934e-8,-0.00527790219026776,-6.329091305720099e-11,-4.4064878642655345e-10,-1.078621830571545e-5,2.7289075637316845e-8,-1.228879764460534e-10,-2.6482165099822084e-6,4.9214403039722805e-9,0.00014893239409060623,-1.4609070005611504e-7,-0.017843767306393574,-5.081657486257916e-6,5.489042934088519e-11,-0.011512901225943294,-1.3664333200961865e-9,-1.634261761707848e-11,-5.638871706818547e-7,0.01387766927723046,-0.029817897947347717,-6.991894586511135e-11,-2.092132712819685e-10,-0.00011656560935447304,-0.016553784440237692,0.0126207456753008,-0.00039228861892889476,1.705153541476699e-5,-9.106968114686013e-11,2.3297880117335708e-7,-8.195871462590605e-11,-0.0005074111608541441,-4.339143531620727e-7,0.00014939647509254283,-4.3183327076277917e-5,-6.998868447513108e-11,-2.0426510511440879e-7,-0.002296331200995127,1.309989955712975e-5,4.526842557134204e-9,2.472248206173586e-7,-0.0008135563090671063,-2.966767058911878e-10,-3.085797431899206e-10,9.12298266865545e-5,-1.0187943042761571e-5,6.443819714732641e-6,-7.204749911196398e-6,0.01787782172739945,1.6395806476882495e-8,2.5763863132831697e-6,-2.1442879951128073e-11,8.196195017978421e-11,-3.098256295441157e-8,-1.3082767539540653e-10,6.433291508989379e-5,0.11147906145635261,-0.0043112625812840285,-1.2119459602208091e-8,9.373990975853776e-8,6.945482915896269e-10,3.7911982046246985e-11,0.0035742596407153772,2.515736943301053e-8,-0.013962099924379839,-0.00023350946032400162,0.00019780281503201515,-0.018565985112890523,5.793330115607633e-10,-0.00018793631545006755,-3.444075607296993e-9,6.35894968200764e-8,-1.4159989464593365e-9,-0.01069652564456794,3.7800348056610874e-10,5.928829430002125e-6,1.9607188424627015e-8,-2.3343569044333148e-11,-1.5710950655844597e-11,-3.9183092050087603e-7,-5.242677237139506e-6,0.0045019679790393174,-0.00021318804478550306,-0.001751338889339026,5.344042638099519e-9,-0.0023014327911013393,-3.8084677187792954e-8,2.196778225581494e-9,7.319714143799445e-9,1.5530154833480283e-11,9.247531436448042e-7,-5.516522423458645e-10,-0.001548711156129018,3.3002880481704537e-9,5.276764813980032e-9,-5.008084703130232e-7,-2.0431651487515865e-10,3.7125202753229646e-11,1.5144210159181003e-10,0.0016383545101232573,-9.903024939940891e-9,0.0003601243775519373,-9.31596739644622e-7,-4.136382136432524e-12,8.244697315353642e-5,-0.0003260746158866516,-5.528321401336493e-8,-0.0008607422986672201,9.394707491140186e-8,2.288021433566192e-10,0.0002648619252813273,-1.3814509829073524e-5,1.7183159995127964e-5,3.2245382672421174e-9,-1.255009238108193e-5,-1.263829786283307e-12,-0.009462313441576565,-8.080110987760856e-7,2.574897634429862e-8,-0.0006092545153435055,-2.380913158374273e-11,-0.01740870561305382,6.825829734963858e-11,-1.5419565779444555e-9,7.305578249726968e-12,0.00862165818287646,-0.00012394853038032646,-2.2793802002944967e-6,3.1404457190034224e-6,-2.3591200977487347e-11,-0.001675163005465714,-0.008557286622039468,-3.2385195884804784e-7,-7.245955152769064e-11,0.020235861340296993,-4.691533011518938e-6,-5.237436882707412e-6,2.76446040844832e-8,2.6435091291773076e-8,0.0049302920613025,0.006175517740892545,-1.4862199734822473e-9,-4.137758947417151e-8,-3.0593373320804923e-6,0.0006443185090387395,3.460459614806378e-7,-1.1531500027447374e-10,-8.836830056214279e-6,0.0004506818178651943,0.0005040201015769431,-1.129697758079413e-12,3.154586394121929e-10,-7.207405801092011e-9,-3.044869414206834e-9,9.430019703022452e-9,-6.58669651559843e-10,0.04899087731365341,0.06436606880062497,7.938655405066659e-12,-2.2355552547485225e-7,-0.0012457090835116954
0.0,0.0,0.0,0.0,0.0,0.0,0.0,0.0,0.0,0.0,0.0,0.0,0.0,0.0,0.0,0.0,0.0,0.0,0.0,0.0,0.0,0.0,0.0,0.0,0.0,0.0,0.0,0.0,0.0,0.0,0.0,0.0,0.0,0.0,0.0,0.0,0.0,0.0,0.0,0.0,0.0,0.0,0.0,0.0,0.0,0.0,0.0,0.0,0.0,0.0,0.0,0.0,0.0,0.0,0.0,0.0,0.0,0.0,0.0,0.0,0.0,0.0,0.0,0.0,0.0,0.0,0.0,0.0,0.0,0.0,0.0,0.0,0.0,0.0,0.0,0.0,0.0,0.0,0.0,0.0,0.0,0.0,0.0,0.0,0.0,0.0,0.0,0.0,0.0,0.0,0.0,0.0,0.0,0.0,0.0,0.0,0.0,0.0,0.0,0.0,0.0,0.0,0.0,0.0,0.0,0.0,0.0,0.0,0.0,0.0,0.0,0.0,0.0,0.0,0.0,0.0,0.0,0.0,0.0,0.0,0.0,0.0,0.0,0.0,0.0,0.0,0.0,0.0,0.0,0.0,0.0,0.0,0.0,0.0,0.0,0.0,0.0,0.0,0.0,0.0,0.0,0.0,0.0,0.0,0.0,0.0,0.0,0.0,0.0,0.0,0.0,0.0,0.0,0.0,0.0,0.0,0.0,0.0,0.0,0.0,0.0,0.0,0.0,0.0,0.0,0.0,0.0,0.0,0.0,0.0,0.0,0.0,0.0,0.0,0.0,0.0,0.0,0.0,0.0,0.0,0.0,0.0,0.0,0.0,0.0,0.0,0.0,0.0,0.0,0.0,0.0,0.0,0.0,0.0,0.0,0.0,0.0,0.0,0.0,0.16586161003720615,-0.00011468068788007521,-2.485133669319218e-9,-4.078414349627942e-6,-0.0007550919754559074,-0.01417820429771312,-0.0002730028188247732,5.491736754966094e-5,-1.2871194995681553e-7,-1.5772044694390964e-8,8.972337984055396e-5,0.03699689295360249,8.981964712718102e-10,-5.646022728439028e-6,0.00013285109998529749,-0.009355535326097954,-1.813176170377257e-9,-0.0003236008310374192,2.241538940798893e-8,-1.6034517307090607e-7,0.0001828606258306821,-0.0016404241038560621,-0.004252618867015259,-3.185359699874918e-7,2.7659233574713894e-8,7.071501084458364e-5,8.427178679502297e-5,-3.322033509943602e-10,8.569719405288112e-8,0.026356384771936366,-3.2978345034287106e-8,-0.00048293651642632873,-0.0001869047861258977,0.01252367239940912,-2.1682521975899952e-5,-0.002233040272017286,0.0003662736155779854,3.040218280511805e-10,-8.838210015634726e-10,-0.003990039886313052,-0.005344612361465177,9.811560140720427e-8,0.0010014307665843067,1.4554818902087695e-8,6.495018900479209e-5,2.405180948854193e-10,-0.00017028576667448085,2.9071247745708283e-7,-0.00017075206106003272,-3.568089986163936e-6,-0.02787127368459863,-6.358380062935423e-9,1.227141706736762e-6,-1.2168534844686362e-9,0.04081270935570322,5.651786342492816e-8,-0.0028408978484436094,7.427124931935157e-7,4.264582549045153e-7,-0.007131469046762474,0.01422802448114215,-5.276277803723894e-8,-2.117966820437346e-5,0.0036323935350540105,0.0023930652016552834,0.000254903435675171,1.7484444764748006e-9,5.3791894983981355e-5,-0.001938678496016861,0.0106871349967761,0.00010802997966871652,-1.5004601894611896e-8,1.1027190800188302e-8,-9.648759694394499e-5,-6.81281012296466e-5,1.3139578470948239e-5,0.00017002406591352094,-6.991946225997418e-9,0.042959489894879625,0.0001614847955242945,0.012185582130225414,-0.0046813362600420395,1.4541216276728037e-6,-0.0039753601999786775,-4.926315561821122e-9,-3.303438196036336e-8,-0.0011908705224840902,0.00019406925697413474,-2.8083526602618655e-7,0.0003226185675232535,1.1169279109148184e-7,-0.026742960518893775,4.6853535056842806e-9,-0.02418959133572228,-0.00019810888687237234,9.494932367627711e-7,0.00010557490183160258,-5.764798791324336e-6,-2.02464396054414e-8,8.33524949658707e-8,-1.649860223174296e-5,-1.7807561261679497e-10,8.62312621159331e-9,-8.648761620755892e-5,-4.706550260363289e-6,-3.15606658876418e-5,1.2279977599266485e-6,1.9213434038344007e-7,-0.000245800778374295,-0.00048686411579914197,-0.0014817049613421326,3.3976630546601506e-8,-2.2449100873280851e-7,-4.729912007309118e-9,6.815511297394589e-5,-2.3789219142208298e-8,0.0011360528599582997,-3.854352519423257e-5,0.002596729618929523,0.0017339200997875258,-7.774477646977788e-10,6.094091903971619e-6,-0.0019338468193013923,5.7793390389996e-7,0.023659121954053897,1.5064516774814972e-8,5.841972815758204e-5,-0.00808621178136587,3.451324641393802e-7,3.6500178680854834e-5,1.477696445872615e-10,-0.0020559169662880696,4.662475643951667e-6,1.0572559264002696e-5,5.902509619430838e-5,2.728553555088935e-7,-3.9942728616985564e-8,0.00010038863498760854,-0.0015020386736028799,-4.403529758922122e-7,-0.0003788523695028101,-0.0007897949136113147,-0.00016542843948188636,0.0006359099395512165,-6.377721227241842e-9,-0.0035009742468672623,-0.0011813392706647096,-1.2126778213645637e-8,6.807190191414744e-7,0.025593155156002197,-6.760321876195264e-5,4.004000088983827e-7,0.0015941726842221763,0.022086342799544828,0.0006081906667757623,0.014101679924062072,-1.8387861419439898e-5,1.5826908416828922e-6,-0.012933551656227425,0.002451780514797061,7.183733108077474e-5,-0.0003336310346991088,-0.0018609137591362563,-0.0027774901187367054,3.3114506049864e-7,-1.8762702055549721e-6,-6.49730363144512e-8,-3.5673322899304597e-9,-0.0015047235187819752,0.0010904741425478985,-0.00020267733262662875,-7.280241597611704e-6,0.00014043011346098668,-5.902736494247912e-8,0.0008049064196145012,-0.00012376699711913117,-0.0034189057676970343,0.0005745139768069773,0.08169663399966248,0.0002587231631924999,-0.00011334766506395268,6.405179470300322e-12,-2.7961582839369823e-6,-6.313584940297908e-5,0.0003287363146031762,-1.7756954543914848e-7,0.00033195747222021185,-1.5201593173623693e-5,-4.786175141670469e-9,-0.00017028576145534097,0.0007495902238762976,0.03410322582242753,6.883800910245857e-6,6.0244866883711077e-5,6.53820713220793e-10,-6.1426409662981635e-9,-5.875916672796839e-5,1.1284494513050671e-8,-1.2928641692493582e-9,0.0589364116092684,-0.004337996230518336,-2.5353656703229315e-5,-1.1147526774981743e-10,0.0024841508210798426,-2.613889449808727e-10,-1.7270093982468284e-5,-5.0455705065360596e-8,-0.00020007861397307276,-5.862919911793553e-10,-5.4489044209565214e-5,7.063217812582436e-5,-0.00020176797569856745,-7.4111333747015e-5,-9.827126170447781e-5,-4.016619761924091e-5,8.301008773820949e-8,0.061859298221780164,-0.057520069692792844,1.1585922392516468e-6,0.005939300370100864,-1.6947471278022052e-5,-0.00269510501380472,-1.1267702673247904e-10,-0.008990105134583863,-2.688829901225228e-6,3.493307769889443e-7,9.70556198290202e-5,-4.927408850477736e-6,-0.02518623853558797,-3.802434026672203e-8,-0.00010193936821689664,0.0002471417335953564,0.0004963817992605947,-2.2017869612754692e-8,0.010226065223051044,-1.021673900098112e-6,2.9332143931545165e-9,-0.00014848406335085868,6.719634377496477e-10,3.592572934396808e-6,-7.450848628080247e-9,0.005282903931149161,0.00019238550514840257,-0.0005193049076264609,-0.00036518801304333926,3.436763251639623e-6,-1.6121040656711542e-5,8.246436771524346e-5,-9.595211079966259e-8,0.0012749016492991784,0.008126650720571582,0.0018584340456548798,7.668552224109616e-10,-2.4386993485488127e-10,1.0378284803796308e-7,-7.24548911569914e-5,-0.04241574029170347,-8.850179818328003e-8,0.0009086182312975388,4.137154029273024e-9,-0.01210348948978797,0.008114009609686884,-0.023167016092086257,-2.5840101863990615e-7,-5.559520005401277e-6,6.771250821983327e-9,-1.0417784906700679e-5,-8.866727323357187e-9,-2.7089230309729557e-6,0.0001451784364053847,-4.928217976740897e-6,1.625106227531052e-8,3.087962925225669e-5,-0.00012656385855686365,0.00013017742538638046,0.00539505786091476,-5.159957090659552e-9,4.30326043374122e-6,-1.4216824117029415e-7,-8.740067660607783e-5,-0.0019740192549440668,-6.5756915919465755e-6,-1.3329613240942565e-5,0.0005684226672000636,-2.0455970093385077e-10,-2.3422900662326567e-5,-0.0002965358219346285,-0.0009018780283275956,2.5803333663750952e-8,7.469579319703004e-7,6.283214226026565e-6,0.006847344222254902,-2.5467579870855402e-5,5.587636279856036e-5,-0.0010228651953794966,-0.004938971344678399,-7.288400658185948e-8,2.8879012511136074e-8,-3.0945589034249615e-5,0.0035085659189953277,-1.6328703768408627e-8,-0.0012330940211421634,0.03035272844551328,0.0027370422757449623,-9.399930360019734e-8,0.0027415645182919486,9.717806695624926e-8,-5.610358134447414e-6,5.199473087533944e-8,-1.451100548822028e-5,5.763043749048777e-5,2.1830695020020268e-5,-0.0033976841683836176,2.1791324768822e-8,-1.5913866384963057e-9,9.311321927212838e-5,-0.0007745908231689562,1.8066856761167486e-9,1.8414218500437318e-8,5.895711339553141e-9,6.481343915387349e-8,-2.116575655921362e-5,0.0006697007880290745,-0.028720249715366967,1.7895844205968057e-6,0.00010648452899103276,1.5220669771896583e-6,6.7922688512187516e-9,-2.091896904189828e-8,1.8227150650681482e-7,-0.0018900072228862942,-1.3858185738136057e-9,-4.721382779523459e-8,-0.0024881599638528506,-1.4826283074184078e-5,-0.0012065540357212706,-0.00014828904390164256,1.0265615827408358e-7,1.4651167139639956e-6,4.148198263995755e-8,-6.171229845027295e-6,-9.118245244949759e-9,0.0004072222158897229,-0.007887659178135309,-3.486904687225278e-8,0.00048076211210624137,-2.2643203161467517e-7,-3.384459166819292e-9,-1.0625303984958093e-8,-9.854294043961055e-5,-1.6684649639012777e-7,0.0011024448595864506,-0.0007805761572809029,-1.1556946654362161e-8,6.726676659864051e-9,-1.9648686344081373e-6,-2.8514125824912784e-8,-0.0012391849228593976,-0.00025774326423507414,3.1948523160260407e-10,0.002613064841908607,-0.00020036673167096066,2.531777190302131e-9,0.00013219772214572383,-0.0016130212596927103,5.316442591637188e-7,-6.376562959639954e-9,5.419317163522103e-5,-0.010096992249985627,-2.5548476201356505e-5,-3.6270543855409358e-9,-1.2136069306367683e-6,-9.482128618783407e-5,-5.081635255900007e-9,-0.0005874655749451682,-1.099954367866678e-6,-0.00581321034430481,7.0735546423416e-5,-7.223570027440924e-5,-2.3055262254621216e-6,7.464122743010195e-8,-4.602244501086373e-6,0.07864521827409224,-0.004625929632891918,2.219848632547596e-8,-3.209204871201243e-7,1.0972215777636469e-7,0.00013781165469979505,0.004119797516228883,6.00257610179824e-10,1.8713245168848086e-8,-8.795795521434161e-6,4.0808004195404625e-10,-2.5975251603663513e-7,-1.3952842575323382e-5,1.2589776732167386e-5,1.3312187866467726e-6,-8.689965537150091e-6,-2.0617106221838823e-5,-0.00027562437340894106,-1.1274589122119205e-9,-1.2824761504479775e-5,0.0001084022435856673,1.9028592672881023e-5,0.0065457051163314815,0.003078661866729547,-7.136119529428709e-10,6.203516295289873e-10,-0.00010204246097018681,-0.0004146688986621353,3.6827867942459574e-5,8.879581125939456e-5,-2.0422057838431898e-8,-4.8279034268447084e-8,0.004212342724311724,-0.005272659768606879,-0.00014451563825090437,-0.0032863774683931602,0.0013483161244274187,5.5685151481275866e-8,8.849354383723209e-5,1.7179098934217812e-6,0.00020810452239077297,-0.0001915974740176033,-0.0044380315723981534,-1.2801373975923514e-6,6.751491715433674e-7,-6.224747160078479e-6,0.0001495989985199151,2.884413881524049e-10,0.001092096285118255,7.505808329576423e-9,-0.02461222387782319,-3.555870107553766e-8,1.835290549647351e-10,-0.0031580495368012966,0.00013699293059621413,-0.0014322939831327524,-0.027528805030909292,0.003917857603118037,-0.001221881186882077,1.122023446532718e-9,0.0008458290997287502,-0.0009213733023116813,-3.4484468389603704e-5,0.013808025443819535,0.00018497338186760127,6.035321378653933e-5,9.995234435403936e-6,-4.271358909390926e-7,0.004397350312403304,-1.622740549673621e-8,4.435952219320372e-5,-0.00013310539186061674,-6.746380450423701e-9,0.0020188417014054844,8.983192869079823e-5,0.00015209244008367883,2.1524925836439343e-9,2.8728898406414213e-8,-0.0001759983860688333,-0.0025583216712765475,8.619978422488288e-7,1.2146726890351913e-8,-3.3993260872972467e-9,6.201138371581761e-7,-2.9500007198434532e-5,-0.0014430539444822263,3.526426426666124e-5,-0.002141410522967438,6.095363355384013e-10,-0.0009253620900422487,-4.5844078613290245e-7,1.2772658445701109e-5,0.0004715061711005342,0.0003762468479121213,1.2034622988949944e-7,-1.4026584379706585e-5,-0.021320577828263583,0.003485093100460293,3.487991723502428e-8,0.0008318491710036268,0.0021240205506946022,1.6301711302004503e-7,5.905924159460431e-7,1.8824718351709505e-5,-1.2227762602403482e-5,-1.0883545052766171e-8,0.008146166559269289,7.452680486904981e-6,7.349591484011832e-5,0.0009926017825400667,0.0010022297855982877,-0.0003881340278684757,1.4154165144640388e-6,-2.456224966760366e-8,-2.9763175896607175e-9,0.059601366785337034,-0.002315540798305859,-0.0009286197688124728,-3.7294726019238644e-5,-1.0954688972064153e-8,-0.0013136371235397148,-8.703134053953636e-9,1.4283400097991988e-6,2.79980912731245e-7,-2.20862866860567e-8,0.006044021461385069,1.9514708021060086e-7,-0.0014267728972508175,-0.014299201040134053,0.021470452221302193,6.790374383322882e-11,-0.000828713979657715,-5.6141779930040646e-5,-0.016500727712673396,-0.00038290480232834595,0.00042249304546538365,1.7144796884251801e-6,-8.810129158876073e-5,2.024169239394457e-9,-1.6109544800272923e-10,-2.477694883180016e-10,-0.0068327707850511284,-2.6879179299494754e-9,-0.004758780895997705,-0.010513083040356178,0.0020728997613906133,0.00018931479350344586,-0.0018283025583101127,9.381035577135899e-5,-5.806240703035063e-10,-0.003899158690112368,-0.0024563357107919774,-0.0014285057746482172,0.0007145276952992198,0.0002021372335632758,9.841717574405771e-5,1.4631275768756953e-9,0.076499431023648,4.5598046742465063e-7,0.00038538110735829615,7.166999451231888e-6,3.5762315647249013e-6,-2.3003584406090117e-7,-0.006218520009668757,1.595143211050143e-9,-0.002451400119274603,-0.0034767292752529632,-1.817418500406848e-8,3.5872576205879944e-5,-1.994654226172936e-6,-0.006858255539437645,0.00011270935677896846,2.6757949113919444e-5,-2.9724817318644134e-8,-1.380620183399685e-5,0.003803470059624742,-1.5729722393514547e-7,-0.00031391397886837186,5.421250845234402e-8,0.0005503260342537286,0.0058538442530688154,7.5779622914589595e-6,-3.505923116063372e-8,-1.316743460968713e-6,-5.712046280170705e-5,-1.96259150277207e-5,-0.00016103003982940344,-2.410126734047027e-8,-4.43436136863112e-9,0.002042647070185067,-0.0005010310049360376,1.103566873600123e-8,1.5460466457216593e-5,0.00016913729126416955,0.00627530039616918,0.0014066744118778755,2.5842614603672444e-9,-2.9286020354083076e-9,0.022369696862319183,0.00040127834780768633,8.681802312460223e-5,-5.072865028635635e-7,-0.0004368758316656576,0.008277700905663805,-7.665105684378772e-6,-1.1703511538118601e-7,2.340074238055033e-7,0.0005030246988371714,-0.0008490149785164117,0.001255882968215807,-4.9829962349228396e-5,-0.0010989307321866762,0.007946873397790565,-2.530351267892482e-8,-5.84547322644802e-9,-2.2374994071517772e-5,-0.0008416615694843346,2.2716814501362163e-10
0.0,0.0,0.0,0.0,0.0,0.0,0.0,0.0,0.0,0.0,0.0,0.0,0.0,0.0,0.0,0.0,0.0,0.0,0.0,0.0,0.0,0.0,0.0,0.0,0.0,0.0,0.0,0.0,0.0,0.0,0.0,0.0,0.0,0.0,0.0,0.0,0.0,0.0,0.0,0.0,0.0,0.0,0.0,0.0,0.0,0.0,0.0,0.0,0.0,0.0,0.0,0.0,0.0,0.0,0.0,0.0,0.0,0.0,0.0,0.0,0.0,0.0,0.0,0.0,0.0,0.0,0.0,0.0,0.0,0.0,0.0,0.0,0.0,0.0,0.0,0.0,0.0,0.0,0.0,0.0,0.0,0.0,0.0,0.0,0.0,0.0,0.0,0.0,0.0,0.0,0.0,0.0,0.0,0.0,0.0,0.0,0.0,0.0,0.0,0.0,0.0,0.0,0.0,0.0,0.0,0.0,0.0,0.0,0.0,0.0,0.0,0.0,0.0,0.0,0.0,0.0,0.0,0.0,0.0,0.0,0.0,0.0,0.0,0.0,0.0,0.0,0.0,0.0,0.0,0.0,0.0,0.0,0.0,0.0,0.0,0.0,0.0,0.0,0.0,0.0,0.0,0.0,0.0,0.0,0.0,0.0,0.0,0.0,0.0,0.0,0.0,0.0,0.0,0.0,0.0,0.0,0.0,0.0,0.0,0.0,0.0,0.0,0.0,0.0,0.0,0.0,0.0,0.0,0.0,0.0,0.0,0.0,0.0,0.0,0.0,0.0,0.0,0.0,0.0,0.0,0.0,0.0,0.0,0.0,0.0,0.0,0.0,0.0,0.0,0.0,0.0,0.0,0.0,0.0,0.0,0.0,0.0,0.0,0.0,0.0,0.16572647861968137,8.902044064453397e-9,-3.089922422347808e-6,-2.1328941352363528e-5,0.00020293036461607495,-1.3865314439224314e-5,-0.004396645984451613,1.0211119639093332e-7,7.118193169211193e-10,-6.709647984463206e-6,0.024650579054931517,8.586219173599626e-11,0.008135416972044795,-3.335218951726435e-7,0.0006585633819741753,4.935376129935925e-10,-2.893507170171644e-5,1.4816947218945584e-10,1.4200191941375256e-8,-0.00962041126066309,-0.0008996404495609552,-0.00017907451864898366,1.0704915027449772e-6,2.6306978279172672e-9,-0.00015278393522857831,-0.000604753778407538,-1.613280149515597e-10,-2.5028021187743183e-8,-0.0006537168029315857,-2.488531517505668e-9,0.00688903243032991,1.6374751084302845e-5,0.026535637775861844,1.0022458199555e-6,6.122711924686942e-5,0.035234667401081714,7.621319469478704e-11,1.239103029767653e-10,0.00016659328430244694,0.0002907558324313554,9.371632143526075e-9,0.05923901265070378,-2.3180221066608877e-9,5.680179049586787e-6,-5.051298989225414e-11,-0.00172774937573659,1.838446318769354e-8,0.00864214163490332,5.495654734603996e-7,-0.0008895542605481462,-1.3434498158169658e-9,-1.1399829554874092e-9,3.972599792882565e-11,0.0011699459036367678,-3.228879016646686e-9,0.021842075703066063,-3.594587346972967e-8,4.901123649936257e-8,-0.0009069141898025546,0.00039535535612747014,3.949987769395901e-9,4.3280414013016725e-7,-0.0002058493036272478,8.137093634990572e-5,-0.0057465469330024496,-5.544528963510685e-12,0.002753506633033917,0.07136419922786441,0.0026074328821156342,-4.189418000338196e-6,-1.2259513785333637e-8,-9.289655906743504e-11,2.4938332717271497e-6,-0.00618497396576917,0.0031433077044912753,2.5577387660104586e-6,7.409193627770633e-11,-0.0013103319322293507,-4.385483556043903e-6,-0.049897510717455296,0.0005263874752873254,-8.976703119077935e-7,-0.00242571727880369,1.1341834916834256e-10,1.6577945626735298e-7,3.8906342213824786e-5,0.004644923825342686,6.318379564273221e-9,-0.02339775586193895,-8.541052525346752e-9,-0.0005305769689946863,-3.062396862616728e-10,0.006084627743793288,-0.0007897383548604801,-7.873982356244875e-8,1.9859239478080735e-5,7.906275829515737e-8,-1.0304228608311018e-9,-1.5232725840406843e-8,-0.0027898470976721193,5.376290164363187e-12,-7.286719323500629e-10,3.166025748865743e-5,0.008081807889566823,6.6892250141689e-7,1.23310850970755e-6,-1.1086365936561012e-9,5.898073702846227e-6,0.0006439251681722387,-0.00041914668393723553,-9.623357615849024e-10,-3.9714995369088536e-8,-4.28678758806277e-11,-0.0012231686519203078,-2.6692568462030187e-9,-0.00013621259437065502,1.1741261234427716e-6,0.015500804803646009,0.0010662367393056006,4.866322537262962e-11,-2.778524375909016e-7,-6.172940837037096e-5,-6.495842695655452e-8,0.009392814037140648,-7.511712464057658e-10,2.3991737549989e-6,0.0013197400043740066,-2.617292155444554e-9,-0.0023124581682981604,-3.107203716029189e-11,-0.00011697365715043373,-2.6225530254078207e-7,-1.1371624654718779e-5,-0.00014527273431885182,5.765713928278064e-8,1.5272613720745351e-9,2.9444624838890868e-6,-0.0014671326565831252,-5.663077086933578e-10,0.004216204312914522,0.0009142086183511322,1.0002799469121907e-5,-1.4047607373451457e-6,3.547701522125429e-10,0.022746804809908948,-0.00011150364369424773,1.116995943010902e-9,5.7506840055227927e-8,-0.0019702521123395583,-0.013206609457195012,-5.9315671051711405e-8,-1.118711815607365e-5,-0.0035453405863107154,0.06187258911620332,0.00032829678249191865,-2.5923500848177554e-6,-2.3643776036396375e-7,0.0002043773319321229,-0.002937262400153041,-3.296512273247499e-6,-0.00833100914404286,0.008100676854983583,-0.00016976995760322096,-9.125579528237216e-10,5.7979257836091146e-8,2.4035351728446215e-9,3.9271682510883235e-10,-0.00012318175032283754,4.653153048575848e-5,0.004002996289930476,-2.50042058505472e-7,-0.0031029687932836833,5.213106224029546e-9,-0.01593096097857621,1.034086397379145e-5,-0.007631334904936906,0.0015117503039425771,-0.002947291622144938,4.0635838722055776e-5,0.0007652491085195108,9.886558836315552e-11,-0.0003125538783675942,4.476873160553514e-5,1.4868693186056992e-5,3.691012683076644e-8,-0.00010158928993160526,-5.085674619613591e-7,-1.0811937193485274e-10,-2.028080916034009e-6,-1.7368424443015176e-5,3.5116947179694953e-6,-6.129376467239123e-8,-7.45547464794583e-7,-2.646928874863776e-11,2.9984949097300977e-10,2.137011319729377e-6,-5.444175855529314e-10,8.570470437512499e-11,0.000260980722789436,0.10274947009913618,0.002616814314132146,2.7474638327343304e-11,-0.003115453287979926,3.6574229933595105e-11,0.0014572799851852991,-4.17828597275154e-9,1.433208265842824e-5,1.355892994532526e-10,-9.180756323935497e-6,0.00022109789582390994,0.003799964324657023,0.0031471233071800704,-0.002016985331534856,0.004321746623882353,9.777149345575375e-9,-0.001613550134910297,-0.0012217128767455226,9.308900871784998e-7,-0.0049753588747128655,-0.0010801219373426196,0.0002244800898676361,5.380030660451479e-11,0.00048170098392946395,3.9882446681482184e-7,-8.920008760253315e-7,0.007833943487481065,-2.427869702887111e-8,-0.004735910373904232,-2.108593911237492e-9,0.004218853775744444,-0.02334398101763675,-3.598857987731669e-5,6.151690276934531e-10,0.05324342658507585,-4.768164149586155e-8,-9.877220017388121e-11,0.0005920853436900187,8.819417278603083e-11,-1.7618519876696492e-7,-1.1013625877217628e-9,3.02820174735429e-5,-0.008200853407127623,0.005502587144008193,7.885791891613425e-6,-0.0019364325257370152,5.620096039758613e-7,-0.003295099987474128,3.8057163162417294e-8,0.03757246679973022,0.015925802113859747,0.018100522536323646,-1.9084280201170612e-11,5.743770225988702e-11,-4.347948936991675e-9,4.779872444727896e-6,-0.0007700420146549009,-1.3858093901123324e-8,-0.027305633104293823,-2.8082096031050965e-10,-0.0007189082776643101,0.02468442064351951,0.007668165840492813,7.816531292345912e-9,0.004338327127578038,-2.4199320867090903e-10,-2.8674538345462512e-6,-6.516078301693908e-10,0.023937601062827905,-0.0026655960326312034,0.01897021798835969,6.186854686951496e-10,-0.004191964541900901,0.001007716419103778,-0.005484307558449136,0.01354185641949466,9.220590505518862e-11,-6.931996777804962e-8,-2.139035630751123e-8,0.0023848558118785656,0.03763515284489758,0.0005572053543397937,7.463074138854527e-7,0.006486834032757607,2.558264860967735e-11,2.304809985292707e-7,-1.1525764627848512e-5,-0.004484252575322107,3.636076881216492e-10,-4.12867835255708e-8,0.014147524267597836,-0.004692912909006235,2.0425949146453715e-6,6.341715029665416e-7,5.742435423926575e-6,0.00042978343676111175,4.018099968294767e-9,5.400007004799286e-9,0.0033474431909474296,0.0003607848845234546,-4.617624092473413e-10,-4.924926051952779e-5,0.006287791782028322,3.356203135917173e-5,2.8308431572883003e-7,-8.308256052699818e-5,-2.29727246530207e-9,-3.6542927623857524e-9,1.0786303693557373e-7,7.570250105045002e-7,-0.0007609475122948964,-1.2856514905405057e-6,-5.615166612576092e-6,2.3844412778079817e-9,1.4291828970499626e-10,5.646060686610495e-5,0.010426920812769304,2.2114025698108405e-11,-3.3101083378802595e-10,1.7211483270285853e-9,-2.2443447868096107e-8,6.152771519070355e-7,-0.019291720035543657,0.0014699551841954551,-7.951275490279429e-8,0.00018886422909855882,4.270529459298017e-8,6.40833568433752e-10,1.541202812238976e-9,-5.273929720639154e-8,2.23149612582772e-5,-7.10948851783923e-11,1.7516574419141482e-10,0.0003076748440729323,-0.001684692401619679,0.000138946638762385,7.408659337256729e-6,3.918185762562951e-10,3.140720840714119e-8,-5.309965257670465e-9,-3.2487133222350655e-5,2.765349975878257e-10,-0.0011645526402194366,-0.0019190917545646492,-2.030461174348994e-9,1.2827446861404625e-6,1.6014033062925907e-8,3.0428397989064213e-10,-9.670502595842805e-9,-0.0006501665568863635,1.9254143886104818e-8,-8.128405575716313e-5,-1.903471757213873e-5,-7.956281158240877e-10,-8.64552116261064e-10,6.413113941114062e-8,7.37111686936348e-10,3.2989073145945625e-5,0.02096803624238604,-1.0380488212204294e-11,-0.018998122647654898,-0.0008036943310657588,-2.6978425539328246e-10,-0.0034777909095609484,2.1519568723521638e-5,-6.856186300216865e-8,9.977306634141592e-7,-0.007237490514748175,0.00022784958936320336,3.1767993761120736e-6,-1.185693544965949e-9,-0.0007197569464037285,0.001351623098347141,-5.696335823587897e-10,-0.001748057189222157,-8.429001123576536e-9,0.0004041187755846263,-2.3507702697163214e-5,1.3309919716047626e-5,2.8678113453733405e-8,-5.962661347541696e-9,2.4406227301238464e-7,-0.0006985160158800189,0.00036316775192664515,1.182005880050039e-9,7.650667797274481e-9,-4.52145085377749e-9,-0.0024071247105369384,0.0011663179400549276,-3.350761046541564e-11,-3.7049076428596733e-10,-8.477314484692747e-7,4.4992785841607686e-11,7.414730329496328e-9,3.7823356626272557e-7,1.2296693830310809e-6,4.814978455470859e-9,3.9392435907973683e-7,-0.0009586950012897088,-7.508158383800956e-6,1.6280786655588303e-10,-0.00020872369937374684,1.5014697523689316e-7,-2.430493281033019e-5,2.8635712300685052e-5,-0.0010471774957912206,6.680108501123272e-11,5.02890540862438e-11,-0.0009994121924416066,0.005051111476792383,-0.0022502621595469887,-1.7805659903103012e-6,-3.047755324495937e-9,-7.062550817371904e-9,-0.0020197307743249375,0.0004285620819505871,-0.00033080157639684066,0.0002511220739338968,-0.009333023882775017,-1.9781502154203505e-9,0.00034404360752356627,1.4465099431719774e-7,-3.3563111810218888e-6,1.8370928588615576e-5,-0.0019103869445242937,7.56052217715333e-7,-6.192716203783646e-8,6.849035858037459e-7,-0.002486000469986817,3.818360347900275e-11,0.00019220305931561243,-5.8462279086444515e-9,-0.0015086712502130621,-2.533927367101358e-9,7.178189437145757e-12,-0.0027673525755282902,-3.3406294937604683e-6,-6.337080879050579e-5,-0.0016870525071696276,-0.00010660270848815959,-4.601063824234697e-5,7.481985696566728e-9,0.005406560846629607,0.015608170741046442,1.3505260771045574e-6,-0.00076663603780042,-0.006709736460223875,1.0174492716073063e-5,-0.0009189071064342578,-1.4315112471212487e-8,4.930477754161331e-5,-1.2782712159312183e-9,-4.7712769099114595e-6,0.00011460300194374906,-4.803529660053637e-12,0.04759118084935008,-0.0007485514896697111,4.8411123713828266e-5,-3.6737295575360845e-10,-2.6160151395809424e-10,0.018552244994057953,0.0009876953125466095,-7.783563231357661e-8,-8.097128110119779e-10,-2.7129252358577537e-9,2.322406049237665e-9,-3.596403199654354e-7,0.028525217083284468,1.0237353609089188e-5,-4.286332982205047e-5,-9.781794930809304e-11,-5.022660287875597e-6,-1.9959488509120545e-10,-4.027329922851174e-7,0.0035257644364192512,6.860549052985125e-5,-6.9747300757208275e-9,9.654006765460844e-8,-0.00022916667926302657,-0.0001463569360993679,5.267820949607831e-9,0.002680394859739775,-0.0016039450890979886,-6.757169712720344e-8,-4.5941111184609143e-7,8.566157624546226e-7,8.753900525978677e-7,5.091872626430297e-10,-0.0008061801127569664,-1.6440972453614912e-7,-0.0007007458136383324,-0.00039559950500120443,0.0001064834628302387,0.01644875585601902,1.2207044483795922e-7,-5.753583692689059e-10,-1.5481205062222031e-10,-0.0003205981533140746,-0.00030001405840444115,-0.005429802708946358,-0.002849578946427432,3.473807705523907e-9,-1.5232137689780214e-5,6.220388848209683e-11,-1.3433882866162575e-7,1.1633158719995295e-8,1.6889868277617242e-9,0.0041474636120217515,-5.486698684318942e-8,0.000399183562966531,-0.0006560312179832382,0.023479420070858178,-9.791530232672908e-11,0.14799141377239552,2.3836761385974435e-6,0.0013164897426518128,0.005556787418330575,-0.011424643349254311,-1.5052235603362568e-6,1.8621885716460842e-6,-8.231281751252978e-11,-6.959932021695907e-12,9.938615587532639e-11,-0.001215885581167116,5.130733328965063e-10,0.0002517758288379951,0.013983216867846012,0.0017141538871346337,-0.0006183699436051491,2.573738280714952e-5,0.02006479253849211,3.116924914591141e-11,-0.0003668544794407344,-0.004685937217423057,2.7591171743441297e-5,0.07880814729256598,-0.010054527410681538,0.00799928998970803,-8.906137545769284e-11,-0.0021139098519218453,-6.077269979260083e-8,2.0129991248962537e-5,0.0005218691842217342,1.4558120624996725e-7,1.2729346332882455e-8,0.0004669987921313716,2.8912300876735778e-11,-0.00010183951733669665,-0.0009944079688268064,2.1227387941009485e-10,-1.7228413572661187e-6,-3.9323791919632505e-7,-0.003213093765711387,-5.778521685400018e-6,0.0014694198543252007,2.4903899950085466e-9,-8.609860054791785e-8,-0.0006269889212894008,2.9234146758624015e-8,0.01649767790549938,-7.079261447986713e-9,-0.011960582497685382,0.0005972418608668412,-0.00042970959445637894,-8.177486723104735e-9,3.097238678638553e-7,9.218414280367715e-7,-1.5167995317914753e-6,0.004056645863497338,-3.090424074734234e-9,-3.3711625847194843e-10,-2.402074513558196e-5,0.0003214718724277952,5.922532025910135e-11,-1.7932787505583697e-6,-5.289947176610512e-6,-0.0010582181864363673,-0.001066557734787685,-7.202086979440421e-10,3.965555644081443e-11,-0.024410761537380903,-0.00018852992442328176,1.0909469483047806e-5,-9.29664161920535e-9,9.647279073719304e-6,0.0027574724122429394,3.797081953565456e-6,7.110415214387872e-8,-2.4094379292857336e-8,-0.03577128474426084,-0.0007488601397544208,0.0009994728529317874,-0.0008098818205067823,0.00033217034325624164,0.001877004631587269,-1.4968836360116775e-9,5.427740404175714e-10,0.002191719132435191,-6.373370043997301e-5,7.487306434303788e-11
0.0,0.0,0.0,0.0,0.0,0.0,0.0,0.0,0.0,0.0,0.0,0.0,0.0,0.0,0.0,0.0,0.0,0.0,0.0,0.0,0.0,0.0,0.0,0.0,0.0,0.0,0.0,0.0,0.0,0.0,0.0,0.0,0.0,0.0,0.0,0.0,0.0,0.0,0.0,0.0,0.0,0.0,0.0,0.0,0.0,0.0,0.0,0.0,0.0,0.0,0.0,0.0,0.0,0.0,0.0,0.0,0.0,0.0,0.0,0.0,0.0,0.0,0.0,0.0,0.0,0.0,0.0,0.0,0.0,0.0,0.0,0.0,0.0,0.0,0.0,0.0,0.0,0.0,0.0,0.0,0.0,0.0,0.0,0.0,0.0,0.0,0.0,0.0,0.0,0.0,0.0,0.0,0.0,0.0,0.0,0.0,0.0,0.0,0.0,0.0,0.0,0.0,0.0,0.0,0.0,0.0,0.0,0.0,0.0,0.0,0.0,0.0,0.0,0.0,0.0,0.0,0.0,0.0,0.0,0.0,0.0,0.0,0.0,0.0,0.0,0.0,0.0,0.0,0.0,0.0,0.0,0.0,0.0,0.0,0.0,0.0,0.0,0.0,0.0,0.0,0.0,0.0,0.0,0.0,0.0,0.0,0.0,0.0,0.0,0.0,0.0,0.0,0.0,0.0,0.0,0.0,0.0,0.0,0.0,0.0,0.0,0.0,0.0,0.0,0.0,0.0,0.0,0.0,0.0,0.0,0.0,0.0,0.0,0.0,0.0,0.0,0.0,0.0,0.0,0.0,0.0,0.0,0.0,0.0,0.0,0.0,0.0,0.0,0.0,0.0,0.0,0.0,0.0,0.0,0.0,0.0,0.0,0.0,0.0,0.0,0.0,0.16497912053494143,-0.00023060974878779257,0.00012762624132287497,1.3903489920365365e-6,-1.3171961044986215e-5,8.909285773688432e-10,0.0027575896526066293,-0.0024072612914917855,-0.00018950595466407272,3.850710104398591e-8,-2.5030127855802123e-5,-2.3753557102075375e-8,-2.4388035685849628e-5,4.2102362918207194e-6,0.00015336282845021133,-3.1704742934373635e-5,0.0002944514648296096,0.0015476855196646007,1.4331092540773553e-7,-1.3574730470027808e-8,-4.183573935176391e-6,0.0012155423434730452,-0.0034563788606814844,7.958646674918529e-10,8.807450714881779e-11,-0.001104663674057374,-0.04074467514123245,4.821020058405866e-8,-0.00048404476545801803,-1.616987776241161e-9,-3.103457746472291e-7,5.095819773594058e-8,-0.0010796306957651695,-1.6876282902431406e-5,-1.7201895142762282e-8,6.384329407488053e-5,-0.000147666990320546,-6.301726982675388e-7,2.8906749678284283e-6,0.021254177522471766,-1.9328218002054896e-9,-0.0007727921716011688,-0.0005143233543831336,0.00017177893350802585,2.642694016459709e-10,-0.042940291342470786,-3.5315311992980955e-10,-0.0040957481510178065,4.3707446858819645e-7,-0.0007592413039677942,0.0007365418054401998,-0.00012713848845922584,3.687093479917177e-7,-0.007126804852602006,1.009561414086149e-9,0.04354804764605446,0.002955645450930303,-1.3055038957805268e-7,6.401049383681779e-7,-0.0035058316758290733,-0.00034505626044820456,-1.069361491664652e-6,1.2046467223464834e-6,-9.068261959966741e-10,8.311720479704357e-5,-3.2298100290778102e-9,-1.0531140126773302e-8,6.285953344263457e-8,-0.00012413098477415178,0.02298112542458545,0.00022117348689818281,-0.0005178403302400805,-3.526749892119108e-9,-5.559324586506036e-11,-0.00013439385561939376,-0.0005904709605970254,3.424840881679154e-7,-0.00011494021166325159,5.466116431101344e-9,-6.999967631654394e-7,-0.0012145933099428144,7.570127692390314e-9,-0.00016475753719438944,0.004716409919508178,-3.498107206084622e-5,-1.2552216949060325e-8,-0.008769738881746657,2.0505561362611434e-9,0.007948512195340143,-1.6158553420070203e-6,-0.00013121837048290017,-6.224984929482812e-8,-1.6359955960532663e-8,0.051292270897504565,2.3643314281006835e-6,-0.009630643619547357,-0.0026709275868735936,0.01898725380382146,-1.0942707175406908e-10,-0.0001427389566390272,0.0005104812411663897,2.6364660598687965e-5,-8.735952354009785e-10,-0.00016301011717681068,0.0003211674293677642,-0.0015026476345997393,3.636781722724146e-5,-5.561923318423472e-7,2.4627216891996604e-6,0.004315568080492646,0.02072616845651499,0.00025328382059588766,-6.783541329085086e-10,-0.002364111739126635,1.3207780871345803e-6,0.0012027378133681417,-1.8558960696170372e-8,8.070153986142235e-7,7.944711403470353e-5,0.0011649574624608128,-1.857775478340223e-7,0.00971764205484111,8.25954520392063e-8,0.0034033676306459977,0.0002542418342393541,1.1683044441958677e-7,0.048609819818798486,-7.955088089270686e-9,-8.847812015117668e-5,3.363647907944107e-8,-0.011871100354788278,3.486744683042961e-5,-1.3097891514538997e-10,-0.0021835273220639326,-0.0014905679145039504,-6.572610482236242e-5,-6.133384102743926e-9,0.006111330960597631,-2.3485375563478207e-9,-2.782206909708778e-7,-1.4739953741524097e-5,1.1649995674299338e-5,-0.0008948035761342563,1.15673253233774e-8,-3.02219445681508e-6,0.0006046622585471876,-0.0025716596278914506,-4.2043254527318097e-7,2.4124296440804267e-9,0.01090507046767849,1.256809494624758e-6,1.6202137260967025e-7,3.3294344647204743e-9,1.3683080189239988e-6,0.0007991741532073188,0.0017512509840873075,4.125162518332519e-6,2.893435049175603e-7,-0.0005180514955822168,1.2271319438458245e-9,-2.6975736439056694e-8,-3.8252642229239975e-8,0.014579388158755091,0.02869261235462846,0.013920121950964023,0.000316945723718865,-6.920314495391954e-8,-1.974069361580533e-6,3.545678377740728e-10,-0.0002867770391208447,2.4895753239242646e-9,0.009560799279701392,7.778057987914448e-9,1.6149632555867302e-5,1.5636530880264746e-7,-3.0449893128852035e-8,2.17106793289766e-9,-1.9751854963519387e-10,1.4492189001785628e-6,-0.0001282332229884006,-1.9903581851188704e-10,-1.9410086011221321e-10,-1.1192995374209873e-5,0.06684754427144655,6.007669069593491e-6,0.00036314340841180873,-0.0004547980708501034,3.31437705614898e-6,-3.297483341201682e-6,2.3592056296833848e-7,0.0013805486578095996,0.0003313906362457604,2.2428845555421487e-5,-0.0016976946493039598,6.801998723177693e-5,0.0005778691160244666,-0.00024164310457265817,-9.960156891417231e-8,-9.903462738458268e-9,-6.863705311395517e-10,-5.1717102067367035e-6,9.398690718083518e-8,-0.0006929922727843132,-1.0316449308292943e-9,-0.0015277369917999128,8.698506110243376e-5,0.00012779122300020108,0.00012940283815755148,7.592605686710413e-10,-2.8256853802819585e-11,-4.2856268310916664e-10,-8.16272798467898e-11,-9.898226117026155e-10,-0.010976330921616588,2.1790764315506555e-7,-1.5899029026382743e-7,-0.000328197170240003,3.391379581865029e-8,2.5725459246303037e-8,-5.084445507209747e-7,9.583268817344183e-5,-9.779568664807575e-7,0.0022799310425645294,-0.0009721326432330167,5.304990882340886e-9,-0.0030505906741356927,-1.3573347845218685e-7,0.0013031511870128156,8.607574141619236e-11,2.4844289577646716e-9,-8.262151799724052e-8,-0.001697673582865518,2.6562244851996363e-8,0.009392570064776737,0.0003049811883768319,5.129886836143816e-10,0.00046146467775721295,-0.0073317374636225835,-0.00033058750651961095,8.240561622305709e-7,1.19044596847721e-9,-5.413286464843071e-9,-4.350775009380947e-5,7.333143306114783e-10,0.0022592320353447145,4.747796481945839e-10,0.06729524884287273,-1.2253570350588499e-9,7.475444442520967e-8,-6.893025127232309e-9,-0.0003250139445994237,-3.483480488117767e-5,0.0780118239409201,0.000592574540027499,1.4646368169621385e-7,-0.006558894812991412,1.8381391652433993e-9,-0.00011236868919352254,-2.4419091146597743e-7,3.723226750229705e-8,-1.0869093183278978e-7,-0.03910050296213636,-1.0161956199246581e-11,0.0006243556037122103,-0.0005115292108851903,0.00037901092072236266,-5.9458117951669974e-9,-7.190180531783411e-11,1.0727409013688001e-9,-0.0007350649036549056,-5.563815627296976e-9,-1.149735194724263e-8,5.107485997921189e-9,1.96914640802986e-8,-0.00028920918405937653,0.002137568257299338,0.01615401062994976,-3.956137921265446e-9,3.6177873424315734e-9,-2.919009181597707e-10,-0.0022111431562648696,-5.258315492448895e-9,0.00010716569570171064,-0.0008456214105527606,0.00010558811790114461,6.07285069195213e-9,0.004813415594386216,0.004086073110474157,-4.738137432123324e-8,2.4659302879481065e-8,0.00012935766477052942,-0.0002501289731712738,3.074280725814275e-5,1.6393938209226577e-6,0.014449329028610612,0.0011976010755085417,-1.4692660584051359e-9,6.1770234820313935e-9,-0.001451297534996983,-1.1565346760693558e-5,3.4241798059513427e-8,2.9713477331188638e-6,0.001084329473323307,4.611696789483622e-6,0.003304075828786288,-0.00010364879417365461,0.01772790527743074,-0.00023878285794936882,4.5861223823585886e-10,0.000784578583372054,5.019011469976121e-6,-0.002687823907340764,-0.00012279506057601434,6.014831459943134e-6,-3.728121097269474e-9,-0.00020009685822493188,0.0023031897816396404,0.000950374695741923,-0.004425914156044674,0.0023419822854661584,6.015916461419099e-10,3.3615951234788555e-8,-0.010330191043440516,-6.266284796077594e-6,-0.0006749335900967603,0.001194000619693793,0.00015302219710787568,-0.04043438518584672,1.1800330691742524e-5,9.82770270760247e-5,-0.0030448677140355166,-2.985615054756561e-6,-3.3452001077746664e-10,-4.879255980752955e-6,-0.000147615295058218,0.018432704866250503,-0.00038050688886793376,-0.0016707926842634351,-9.130589358674676e-7,-0.00020050857780508374,7.524556505550919e-8,-1.0651043075240856e-7,0.007910256595821827,-8.061786437700985e-6,0.0007181541578230893,-0.0011367690887876538,-0.01442482620185825,1.1403716065132608e-9,-0.003302509865977919,1.5532914919923018e-6,-1.8787442056126745e-5,0.002483765741980432,0.0007244460785577739,-0.0009976108262827307,-0.0012645515455537973,-5.810783532246431e-6,-4.958933882696883e-9,4.2874521169799845e-6,2.026742618752078e-8,-1.030063098667787e-8,0.00018699999809358193,3.3422836711941804e-10,-1.9376637455813035e-5,0.004151013726313711,-0.0008381581394733118,8.631619760085421e-10,-6.518963691167403e-7,0.0006422951250290329,9.529416476001408e-5,-5.197405235194541e-10,-3.6342049961988164e-8,-0.00018166587949022903,-3.6355325982460406e-9,0.006731625029401231,-1.3201881579126687e-6,0.00010088027146829825,-2.3762355603295688e-5,-0.0040259182743420975,-0.024875194460530412,-0.004388244430316822,1.942970332542043e-8,2.653718065571128e-6,0.0020962022879713917,0.04830062466494102,-0.0018211219247202682,1.0086273662865246e-9,1.3121452956501984e-8,-1.6017998623671036e-5,0.0005493917449026238,-0.0012150570452845763,-4.044893309780546e-5,-0.006068917296185964,-0.0008927043829589295,-0.0001690857954237226,0.00248521193739528,-0.0015990067910646856,-9.059222868779537e-9,0.00012140500086950161,-0.00018094309916258318,-4.705747029113785e-10,1.834721172310327e-6,-1.709293180367112e-5,1.3834010047345116e-7,-6.003239841304981e-7,0.00022366696456862186,-1.6317378686057712e-6,2.6193659923313975e-10,-1.576373027635812e-9,9.064303984974775e-10,4.201651753037212e-5,-0.0006472594801590997,-0.0037701520899890133,2.5966624231899326e-7,-3.425647284900248e-6,7.374313270058791e-10,5.128955747011358e-7,1.1211990252840036e-7,0.005611155638085287,-6.879777053777355e-10,-0.00512185685569724,-3.399113121241867e-5,2.3235470265133895e-5,-1.1921978042120084e-9,-0.002372511598318546,0.022752125313950818,-0.00043619675520358106,-5.4977132323432246e-9,2.4012594287916583e-5,-8.013358750054311e-8,0.0009595172448889848,-3.787552868058053e-8,-0.0027057046164227264,4.149287117698372e-5,5.2041651401372016e-8,-7.573329003107135e-5,-2.1621862201424618e-7,-2.15811878273552e-7,1.5852960332805513e-6,-1.2833223612420824e-5,-0.00133647854754048,-6.159285680167976e-10,8.686068747726455e-9,-0.0015944693993127437,-1.3044520388040863e-6,1.134676976932609e-9,2.529311669876773e-5,2.3620869803283667e-7,0.04013197486129577,4.886938266204615e-7,-0.000976873173847244,-0.00012370757392600026,1.0693702679371749e-9,-0.0011211795481846033,1.3835866994901877e-8,6.613574567292584e-10,4.590220492066029e-6,6.754096015783693e-5,-0.00033519879033980677,-1.5601629437592084e-8,-8.814331779948694e-9,0.0021212079826638136,0.0006258961795799665,-0.004930931314933508,-0.02194114756316336,0.00022281055871067027,-1.0953448007554313e-9,-2.9679923238866743e-5,-1.0244568181829595e-8,3.3062182118722856e-5,-3.465667613337015e-5,-0.0010991645590333976,0.0008875357853199009,-2.9913256433933986e-8,-2.1640096834135097e-6,-0.028268512753794838,-0.0005212322966598958,1.3249119704301363e-6,-2.5816811755986755e-6,0.006833134626717899,6.748625817920946e-11,8.94080986998622e-8,-0.02904908540734203,-0.0008868691130622156,-1.3364261586447767e-5,-0.0014460913816121217,0.000826176931023171,9.87333130171607e-8,7.37181394563406e-6,8.96009293788402e-12,1.566391000990892e-9,3.501652117957754e-7,-6.6144265446108836e-9,0.0024702559398216872,-0.0015204165688081836,0.0005469765789337807,1.292461191565862e-8,-5.8184865995052844e-6,1.9850896963883123e-7,1.2453513050182066e-9,-0.004509135538088364,3.93631802957926e-5,-0.0004917999628714456,-0.0033977859720416043,0.003728973091836592,-0.0005058168058789722,5.312042590131955e-8,-0.02921994741917109,-9.844184034412595e-7,-6.210744730778816e-8,5.614097372398851e-8,-0.0005681877380954647,-6.004417378081714e-9,-4.084672268706182e-5,1.4307687972308218e-7,-5.562828910027733e-9,-8.558584636879745e-10,-0.00019596599172939323,-0.0003741761460593015,-7.725000949023476e-5,-4.075850693732293e-5,7.693696624130315e-5,-7.476819294656559e-8,-8.640413044686488e-5,-1.3523867005979834e-6,-4.7343046584501224e-8,-5.2298143723024106e-8,-5.542932861633621e-10,-2.0375404362400772e-5,-2.0377164421537037e-8,-0.00010772077985630646,-2.709174298829305e-6,3.573253743302972e-7,2.565672004354095e-5,1.6758570441816984e-9,-7.676633181177145e-9,4.627835245844788e-9,8.97076240129668e-5,-1.288629937431026e-7,0.039251761357369755,1.0981697304023591e-5,-2.0219325616645551e-10,0.0029821538764040834,0.0008089958204653076,4.998441101737129e-6,0.0006027664973861901,-7.311422189216951e-6,-3.532822176972074e-8,0.0003309227657760791,-0.0004961496708938518,-0.0006267633820907619,-1.4472125077599862e-8,-0.00036381512640400393,-3.7772010595195064e-10,-0.002222168462380027,0.000598021801060139,-6.645549909000332e-8,-0.013555040621542173,-1.2032064446606521e-8,0.011588513486470083,-1.133276861968841e-9,3.026447093337038e-8,-4.03097935970783e-11,0.021002490322826573,-0.0027995740473080065,-0.0003106668853466159,0.0005402297891773867,-1.1755345711482738e-9,0.0018933456546426782,-0.004132410136428367,3.225836491174028e-7,3.4034113424808455e-8,-0.002999421066743576,-0.0006234408371475176,-0.00011651724252314634,-7.301997477100204e-7,-6.282338086857357e-7,0.00011778986221537486,7.764161212176004e-5,-2.607245760414104e-9,1.7581818225905758e-7,2.965038861134957e-5,0.0024576188758138728,6.808968738964141e-5,6.478062536028462e-8,-2.1587834545456644e-5,0.005175380471814238,0.031410499862202096,3.415209662597848e-9,-3.0462463589849628e-9,1.1223249952648337e-6,-2.2363651436262485e-8,6.311917270047283e-7,1.4055370028160558e-7,-0.0028388928338916593,-0.002146635426794289,-1.7983518337277546e-9,5.12934023397649e-6,5.526757568723104e-5
0.0,0.0,0.0,0.0,0.0,0.0,0.0,0.0,0.0,0.0,0.0,0.0,0.0,0.0,0.0,0.0,0.0,0.0,0.0,0.0,0.0,0.0,0.0,0.0,0.0,0.0,0.0,0.0,0.0,0.0,0.0,0.0,0.0,0.0,0.0,0.0,0.0,0.0,0.0,0.0,0.0,0.0,0.0,0.0,0.0,0.0,0.0,0.0,0.0,0.0,0.0,0.0,0.0,0.0,0.0,0.0,0.0,0.0,0.0,0.0,0.0,0.0,0.0,0.0,0.0,0.0,0.0,0.0,0.0,0.0,0.0,0.0,0.0,0.0,0.0,0.0,0.0,0.0,0.0,0.0,0.0,0.0,0.0,0.0,0.0,0.0,0.0,0.0,0.0,0.0,0.0,0.0,0.0,0.0,0.0,0.0,0.0,0.0,0.0,0.0,0.0,0.0,0.0,0.0,0.0,0.0,0.0,0.0,0.0,0.0,0.0,0.0,0.0,0.0,0.0,0.0,0.0,0.0,0.0,0.0,0.0,0.0,0.0,0.0,0.0,0.0,0.0,0.0,0.0,0.0,0.0,0.0,0.0,0.0,0.0,0.0,0.0,0.0,0.0,0.0,0.0,0.0,0.0,0.0,0.0,0.0,0.0,0.0,0.0,0.0,0.0,0.0,0.0,0.0,0.0,0.0,0.0,0.0,0.0,0.0,0.0,0.0,0.0,0.0,0.0,0.0,0.0,0.0,0.0,0.0,0.0,0.0,0.0,0.0,0.0,0.0,0.0,0.0,0.0,0.0,0.0,0.0,0.0,0.0,0.0,0.0,0.0,0.0,0.0,0.0,0.0,0.0,0.0,0.0,0.0,0.0,0.0,0.0,0.0,0.0,0.0,0.0,0.16480444637324948,0.002850860253258234,-0.00010547785454457537,0.004395248299895395,-1.2111937683436726e-9,0.00048281662934170435,-4.199980138778903e-5,0.006381512094276498,-1.0102347762626743e-6,-4.993931987148083e-7,-1.5040557611947463e-6,-0.006164110738576438,-0.00012193800243644701,-1.2281183828659031e-5,0.002188674869838172,4.338900776797984e-6,-0.0002969592454485342,5.404884870673823e-6,-2.64162386229562e-6,0.0002093846393967751,-0.04746177980027152,-0.00022350307497858677,1.0985293449239385e-8,-2.068992088285209e-8,-6.217995254012888e-6,0.0008668774002133693,0.0001986287344803697,-5.396355468132379e-5,1.695873662946661e-7,-0.004798661678921833,-5.099445874193679e-6,-0.05591356747656014,0.0014262628792658374,-3.402691047862494e-6,-2.0404063482391404e-6,-3.255054741974625e-6,-8.086639633834614e-5,-0.00018274005504609466,-0.00013749911594564116,3.010079839147224e-7,7.303780998047532e-5,-0.022082071392367928,9.500812403185745e-8,8.055586103803894e-9,-0.0007869422884012264,6.519079404227913e-8,-0.005981600635631304,0.00017230534088999937,4.624967564431343e-5,0.000966008710539127,-9.312285530979064e-6,1.8897171825070894e-5,0.00024314262913650815,-1.5916626209434042e-6,0.0036367478706786907,-0.002306237359296483,1.7124925893627872e-6,-0.00042336638160049767,-3.825341813577965e-5,0.0008262963999057582,0.0008523384614601821,-0.0002327887911850507,-1.6152826894248605e-7,-7.068525383396293e-7,-1.4558214112151415e-7,7.602057635475026e-7,2.2509957760756257e-6,0.025265925177199288,0.00046544357819464023,-4.275938606989686e-6,0.0029238421507681127,-4.341399355517774e-8,3.5723634885235965e-8,-0.023348301831375772,9.303871272853424e-6,2.6232770148720814e-5,-0.008927509817048835,2.90394323889951e-6,-0.00021988138644740446,0.07285977830829175,2.0812433163603732e-6,-7.759491142429701e-6,0.0011907625697123367,-0.001799434307412684,-3.447401728211976e-8,0.0014829988879619688,1.0415250071569203e-8,0.0001854523013341749,1.3976434733636684e-5,1.024368710600244e-5,1.0266445583000467e-6,-6.537640935851477e-7,0.0039344923507563965,0.0030608438249413975,-0.0010675347845693647,-2.0259308049435705e-5,0.00048584053181439495,-3.111334978833099e-8,-2.0417657448517788e-6,1.9312803734871908e-5,0.00010520230845431445,8.733544997986212e-8,-0.004347544489616261,-0.04967812153289129,-0.00019048257044731946,-0.0008081965643992397,-2.1156706966682734e-5,-4.061887275401255e-5,-3.135526278849218e-5,0.0013015922507879048,-3.2879706555867546e-6,-1.6123726001664712e-8,-4.072235080822207e-5,-0.000488833725728087,-0.01371066813735858,1.892090400785703e-6,-9.608037350403557e-6,2.436842177018531e-6,0.00416620958508275,0.00044823738700002294,-0.004325999512719555,2.32207280172507e-6,-4.01441910313557e-5,-0.0037570474155845914,-1.9982392477420588e-5,0.0006764107345540708,-2.8026050326115637e-7,4.589449699547779e-7,-1.591255560059959e-7,0.00907198727188399,-0.0007831588847513514,3.137732469228293e-8,5.593035720155571e-5,-3.016117682020234e-5,0.0040130899624984066,-5.700347266246542e-7,-0.0006557231624217154,-6.093183125921395e-8,-6.179419050301493e-6,-0.0011403707234709742,0.00032577296792190696,-4.956091962934117e-6,-1.435665352157834e-7,0.0009699024801246678,-4.9729694500923667e-5,-0.0024623406869105245,0.0001129855945115558,-8.221671843501504e-8,0.0023018486217978567,-0.0001283718292443437,2.7036415625038316e-5,-1.114336267790987e-6,-0.0003644428058183342,0.04649481599084301,0.010486367893068943,-0.0001566641226693725,2.833252871320923e-6,0.029017957626965865,-7.172629570060166e-8,4.704564604948739e-6,-2.4602356445332397e-6,0.0002528574187245583,-0.0015526739953896926,-0.00023709221041209855,-2.213817035166966e-5,-2.358558847508705e-6,1.4544592120268407e-5,1.9443589638286448e-9,0.002027713664539298,-4.747538673691017e-8,0.00018520106700898461,-1.6799426212278882e-6,-0.0028027025653460757,8.20569036430969e-6,-1.4426925682462866e-6,3.870439195853091e-5,-4.37433721649364e-8,-5.9704599356108516e-5,-1.451032487552772e-6,5.6881369188879824e-8,7.070251067888924e-9,0.0031454130211590096,-0.0022713175480715588,0.0002109491671724138,0.006225650072942,-1.4879066385745853e-6,-0.0028689015287100272,1.512427033532873e-5,4.113466017984751e-5,0.002272832647647053,-0.021947191193631265,1.1715889539630424e-6,-3.0431290003086385e-5,-0.003786837411459281,1.8024079370283597e-6,-4.803761737211504e-6,-3.18239005017716e-5,1.0328348984056767e-6,-4.371950213884848e-8,-1.0327532073728328e-6,1.4254075633086419e-5,-8.007983781392814e-6,5.771391671260528e-9,-0.00022512215913997132,-0.006427837546023024,-2.0069185517808567e-6,0.005374363374408744,3.2394310956770385e-8,-1.9798712910153854e-8,4.7952497146209945e-8,-2.457494600188718e-8,4.6379026907074894e-8,-0.00040598482857370267,1.1941095456681994e-5,2.843987198284808e-6,0.006475682567861954,4.742026846138838e-6,6.641788989691025e-7,-9.313865317935873e-6,1.0610974270382774e-6,-0.0003850333385205463,-0.05650928601493865,-0.022146644148683392,3.1573199765877143e-7,0.0007436663360661525,2.869838626299962e-7,4.3408071060744476e-5,5.9157668578801786e-8,-1.0301072735022276e-7,-8.834166428494134e-7,-7.938863808276819e-5,-3.819691593043742e-6,-0.0020500600618062583,2.0032263432425637e-6,-3.285658961681811e-8,-1.1057114026412252e-5,0.010557024576468935,2.1285378084208405e-5,4.073335252393173e-5,-1.4437609492089945e-7,-1.3637339062990456e-7,0.0014520266186085467,1.8830781265743876e-8,-0.007762084698456219,-3.6237220524571196e-8,-0.0018797064839344293,-1.7375923237452224e-7,-4.9461661482655785e-6,2.681582612082974e-6,1.4115764965730437e-6,-5.657255995818337e-6,0.00028203326437008865,-0.0009011948383432964,0.00010283951331165788,0.0023932264188280305,-1.2784498106302828e-7,-5.943802686406159e-7,1.238570029516578e-5,-4.015376196818516e-6,-1.035256109531625e-5,0.00034192794095526586,3.1070877246875116e-8,4.920276219436597e-6,0.016729187291171344,2.0539508455326153e-5,-8.230527262568177e-7,-6.310097294006855e-8,2.5541626205064324e-7,-2.7517856375946298e-6,-3.5330439091437753e-7,-5.396203622495679e-7,-8.960693539238513e-8,-1.077591091114287e-5,-4.635989793069574e-6,0.0015249093435367284,5.2051559843684886e-5,-1.1099775124478492e-7,5.477654324964455e-7,6.292927419612843e-9,-0.018987554686043143,-1.6197651956827603e-8,-7.310531614674053e-7,0.0019206187773132704,0.002533064224949645,-3.7096068483625236e-7,-0.00010232319867884584,-0.0012882594378155368,-3.2906011544974036e-6,1.977543897739785e-6,-0.0007266359330644202,0.008447177919787156,0.00022423179449879312,-0.00016235028301680134,-0.00037990596046491343,-0.00022225940326166762,1.2781070739865185e-8,-4.235980387006279e-6,-3.193907125099473e-5,0.00047740002815555504,1.2477922702551052e-6,0.00041046482374369937,-0.03410105425473465,-0.00025083276650162534,0.0002760093029984263,-0.008679513074370409,-0.006707020468640019,-0.024488514553275074,3.704716014999144e-8,0.036121791527789375,0.00012046452751731559,-0.00010350532255724131,-5.489188214923101e-6,-0.0005262561614927385,2.1288762598257496e-7,9.726966695279092e-8,0.00017392657444304497,-5.110117225762349e-5,0.0003149863401755288,-0.01441443269140656,-2.7871489162647297e-7,4.297825926593471e-7,0.006598592452314652,0.00010457530387448167,0.0007869968841504009,-2.8235455538350944e-5,-1.1247902423652463e-6,0.0011694007801232743,0.0003693420194972331,2.6203715964759997e-6,-2.710778451762456e-5,-0.0001006510418232087,-4.809842097024523e-8,0.00011507225130521432,-0.0026143907903785914,9.609939403481987e-5,0.00025798000761069684,2.396723553110903e-5,0.0023670881719914643,2.5456988094731313e-6,3.884355904399464e-6,4.914844254173259e-6,-0.00014512946285319845,-0.0017780792993163136,-0.00022185306112941226,-1.5947219389237592e-6,0.00041086393061505347,2.215000099771585e-8,0.0001661564635225504,0.0007282945558147991,0.0007283113080389507,2.408687564030161e-5,2.4252975088587613e-5,-0.003652505872348193,-1.4797553851115087e-5,0.0005625395298846557,1.4116833039951655e-7,-6.95294956240208e-7,1.857829456861116e-6,-2.665515440413957e-7,1.3080293147469414e-5,-2.061128852077871e-9,-0.0010134519400504182,0.0002008593384835624,-0.027793925328057047,-3.077178813210407e-8,-2.7201027648821854e-5,-0.004740044516239241,3.0502537266303323e-5,3.7633694661775195e-8,-2.283210563534634e-6,1.8181467940377738e-5,-2.052368230353124e-7,0.0008183607259663778,-0.0001858328399515207,0.004389270945414794,-0.0004792477339464157,0.007724238784123301,4.121390494200715e-6,-0.003044525392371714,-1.7800640371154672e-5,0.00011228081682588292,0.002447085432354511,0.0001069094511563586,0.00015061578977851035,-4.907510299681202e-10,3.3173053709517946e-6,1.1315539047939521e-6,4.546258050487392e-6,0.003761635679015037,-1.1769490151127119e-6,-0.00042229622492030933,0.01431686507369374,0.011544214280313585,0.004668311435689384,-0.01652390858820502,-1.2537945316536756e-6,0.004129745018167864,-5.022246684880648e-6,-1.4647268706413884e-8,-0.006495384233781692,0.0033319026391580592,-3.5440477588376235e-5,6.737553907889639e-5,-7.425051166775715e-6,-2.9536620147450212e-6,9.117093912335164e-9,1.7385074462024574e-7,2.6513730255867936e-8,-0.00428617463288834,-6.163201566902044e-5,0.0005522580966955528,1.5880590156153296e-5,-0.00012188156658089191,2.5598449965210444e-8,-5.636300363194808e-5,4.106557898807776e-6,-7.27814119630819e-5,-5.877084949110762e-9,0.0017587701278906338,-0.003496966591810535,-0.0010941958835929387,1.3272480560015236e-6,-0.008857788331453597,0.00314727565691711,-0.04110604346570468,-2.606385502752949e-7,2.6687420184840604e-7,-9.986737038807631e-7,0.00012918492971429678,1.6604823109543722e-6,4.914994030991509e-6,-4.0004421566070583e-7,4.501561495310789e-6,-0.01035051712798472,2.4648455043164982e-5,1.1657768833929672e-5,-0.00012002950505338487,0.0006928866389016635,-0.0003796868209433821,-1.1668541277726132e-7,2.174291327117127e-7,-0.010073497981776508,0.00010147715221344536,-5.615959551214028e-7,0.0008513640680206322,1.0191961131932871e-5,0.0016753969975232931,0.00041545705148957247,-1.0015434357713933e-5,0.0013704550267488174,7.951602094121689e-8,-9.432151829864804e-6,-4.839340500182506e-6,-2.622366698687607e-9,-0.0006550375627854117,1.633022794669167e-5,-6.037231614004621e-5,-1.6472900234746885e-6,-2.487839003975481e-7,0.00035619235077687236,1.9197541192234357e-5,4.4477123503632385e-5,-0.0005214662567799844,0.004910273924255125,-1.0780156212919371e-7,0.0026055534998212174,-2.4585593697290963e-6,2.624112344824243e-6,-5.6264239818098e-5,0.0007431402904705473,0.001985298008820712,-9.939826361155764e-7,0.0002447675826432346,5.6798147105085146e-5,0.001354741770010188,9.15734870224102e-5,0.00037488829716197334,-0.00012436063964454649,-6.060210277520414e-7,1.8624436320124614e-6,0.003101206142977139,-0.010184664016826387,0.017675169277619307,-0.033411163226880425,-2.7878742847698745e-5,1.963873070716653e-5,-0.005076272494426059,-7.468326653465961e-9,4.730178446341875e-8,-0.00013478054889577156,-3.386453658588491e-7,0.001364100234464309,-3.4022341244329134e-5,-8.7199149904388e-7,-2.6762602783646682e-5,0.00014933346469447905,7.964995711224925e-6,2.5300852665794544e-8,-0.00022777968875146973,0.0017556336175520973,-6.3413932328723745e-6,0.0003382454973195597,-0.0007815767614189201,-5.918311278424283e-5,3.3638281121834506e-6,0.0019694729083451347,-2.0221461004268852e-5,0.0001898356020245694,-2.5693402970113495e-6,-3.092030477174601e-6,8.531195432845959e-7,0.0067591938382998,-1.745277254872151e-5,-8.613266650594887e-8,2.618642247424117e-8,0.06040637361511172,0.015920021751129457,1.016038574682428e-6,-1.5277459218157224e-6,-1.521340555500695e-6,1.3335950671449201e-5,-8.563769545262311e-6,-0.0001702235697949837,-5.4880214988033824e-6,3.085110272976356e-6,-1.9892155984409847e-10,0.0006475545664402533,-3.6967491730444257e-6,-2.1614767966345247e-6,0.00010003881958114207,1.8588730915002448e-5,0.0004252539022463282,-8.203349906667142e-8,-4.592470028228377e-7,-3.6325465632149856e-8,6.247920523722537e-7,4.688269056598632e-5,0.004566808719775918,0.0008466849434801858,7.715081899237825e-9,-0.018192855673602584,-0.0003830048170465434,-0.00027766783098250524,-6.331850587678863e-6,0.00011656812672706718,-1.8745379892957204e-6,0.0012445289080702114,0.003223398492278177,0.060153887631047176,-6.041710569272505e-6,0.016962090857095956,2.7107928162239024e-8,-3.114925364129084e-5,-0.009531595956865946,0.00017664297600840942,0.00022239050360862566,-1.100652342737674e-6,0.00013226614784346628,2.2215770145750142e-7,-2.1508266389458267e-6,2.9174881431402208e-8,0.00024281864029008964,0.0002939683106270817,-0.002883297054813738,0.006953228524475496,-5.710642795576229e-8,-0.0004281437326850694,-3.760890673548597e-5,0.00018828894475285182,7.701696583696563e-7,-5.4106367603647e-5,0.014860227423457936,-0.008648928572171756,0.00011153924944631987,4.295218998161232e-5,7.959736143855801e-6,-3.845075249270884e-6,5.904730651931349e-6,8.478221571675277e-5,0.00017914404528514744,-6.313074445136846e-5,-0.0019389373457775355,9.475209529477728e-7,-0.008534469899468065,-0.001165356744652551,0.0034138978102694778,-1.178916433387605e-7,-1.7642342807358233e-6,-3.380853085354688e-5,1.4157696750838762e-7,1.1841698581699423e-5,-2.360162781939581e-5,-2.120409214474425e-5,-3.12613735975967e-5,-7.712202046031304e-8,-9.430540531623655e-6,-2.2514559146764968e-6
0.0,0.0,0.0,0.0,0.0,0.0,0.0,0.0,0.0,0.0,0.0,0.0,0.0,0.0,0.0,0.0,0.0,0.0,0.0,0.0,0.0,0.0,0.0,0.0,0.0,0.0,0.0,0.0,0.0,0.0,0.0,0.0,0.0,0.0,0.0,0.0,0.0,0.0,0.0,0.0,0.0,0.0,0.0,0.0,0.0,0.0,0.0,0.0,0.0,0.0,0.0,0.0,0.0,0.0,0.0,0.0,0.0,0.0,0.0,0.0,0.0,0.0,0.0,0.0,0.0,0.0,0.0,0.0,0.0,0.0,0.0,0.0,0.0,0.0,0.0,0.0,0.0,0.0,0.0,0.0,0.0,0.0,0.0,0.0,0.0,0.0,0.0,0.0,0.0,0.0,0.0,0.0,0.0,0.0,0.0,0.0,0.0,0.0,0.0,0.0,0.0,0.0,0.0,0.0,0.0,0.0,0.0,0.0,0.0,0.0,0.0,0.0,0.0,0.0,0.0,0.0,0.0,0.0,0.0,0.0,0.0,0.0,0.0,0.0,0.0,0.0,0.0,0.0,0.0,0.0,0.0,0.0,0.0,0.0,0.0,0.0,0.0,0.0,0.0,0.0,0.0,0.0,0.0,0.0,0.0,0.0,0.0,0.0,0.0,0.0,0.0,0.0,0.0,0.0,0.0,0.0,0.0,0.0,0.0,0.0,0.0,0.0,0.0,0.0,0.0,0.0,0.0,0.0,0.0,0.0,0.0,0.0,0.0,0.0,0.0,0.0,0.0,0.0,0.0,0.0,0.0,0.0,0.0,0.0,0.0,0.0,0.0,0.0,0.0,0.0,0.0,0.0,0.0,0.0,0.0,0.0,0.0,0.0,0.0,0.0,0.0,0.0,0.0,0.16407255533646986,0.013532291623384764,0.006861523171148738,1.3102657997917262e-6,-4.011037477950732e-5,3.2094744433473357e-9,0.005543131656301047,6.84031403402656e-5,3.7933460344017773e-8,-3.824192329795753e-5,0.006168401384906428,0.00938727370369775,-8.782693205584537e-7,0.040022337696021204,-2.365384924101255e-7,4.8895664488188864e-5,-0.00013727300964499095,3.547450535902397e-5,0.003582725013035535,-0.005025754019606588,-6.156943556040341e-6,8.953375240212498e-7,1.3087152463326164e-6,-1.4405339611380703e-6,-0.00016114852914231965,-0.002100884139900501,1.639464977732327e-5,-1.5297918122716578e-6,0.001963655490326435,-6.0417197287385147e-5,-0.0014467377130860542,0.02679101203484117,-5.397886705306669e-6,5.7431463903264075e-8,5.207047143490056e-7,-0.001352059656629259,0.01441459670487474,-2.3833852750758597e-5,-9.486615349092657e-6,-8.022306317316085e-6,-0.026690301529621232,-2.1221247806554726e-7,-9.687695044588416e-7,4.060927637178637e-5,-2.948700795345134e-6,-0.001448214169615452,0.0009363930685166302,3.7293491492520244e-6,-0.0002759754703920043,-4.94371445736436e-7,-0.00031546683626432415,4.014293040908286e-6,3.708147613281144e-5,0.00010750264260119598,-0.00030541532494385754,-0.0006926875964239814,-0.0007908218946538524,-1.8001291889182702e-7,0.0005371492923756883,-0.016404426632926745,-0.0005394251656479015,1.2450016373902984e-6,-2.226493881586829e-7,-2.1740463742165234e-6,-3.4033568626373354e-5,3.0083227777972986e-5,-0.003230641015368412,9.587571009984112e-5,-2.158119048986396e-6,0.012173139968351818,-1.132852488991945e-5,5.933588712171213e-7,-0.011159281154945728,1.2060044266121163e-6,-0.0004295827237278579,0.001394348417880539,8.191629555925407e-5,0.0013646285011750187,-0.006609087335600033,1.586258708522393e-6,2.5061722465753293e-7,-0.000847420414462374,-0.01945570944402961,-2.5418187730158387e-5,-0.00015939067871018842,4.771466188662611e-6,1.2260784296879872e-5,-0.0015840308649854005,-6.181220819573606e-7,8.408576914221995e-6,-1.5480752921209687e-5,0.00019512612503513164,0.0037882446772377555,-0.0017870603851372602,-5.280823889541632e-6,-1.7428034730363106e-5,1.048182342591154e-6,-1.305653801908158e-8,-1.3040808757734981e-6,0.011355678332099954,3.2403772783338015e-7,0.0012671363909954702,-6.866827964740112e-5,1.070350419440703e-5,0.025695382255588036,-0.00016808959074912725,0.0011826009979925968,2.040452164577675e-6,0.0005859432963062965,6.443520277252822e-8,-9.99135173725666e-7,-9.339174792370922e-6,0.0012874783840226545,0.003456489266158393,-3.7818362820623455e-6,0.0001439956774406904,3.0430303085793937e-7,0.0017072952754498337,0.045067343976181576,4.3704082219315115e-6,-3.70992613314385e-5,-6.880849802048411e-6,0.0002604241127799368,-0.0003490768103410647,8.56291234761381e-5,-7.387363511703152e-6,6.155686908449137e-8,6.77401778466e-5,-0.00030304093981399006,0.04522440098853282,-1.9978537184503517e-7,3.3306378721358815e-5,3.5825826891318458e-6,-0.004041751693717087,-2.477347807511755e-5,9.202222721705766e-5,-4.098625758076067e-6,-0.0005264282246394909,-0.01644490572841566,0.016254844378998424,-6.420406492560037e-7,-1.0132464612933422e-5,-0.0004996997324719004,2.0713106538199257e-6,0.0002350905344136187,-0.0019134197067544386,2.8957954908329047e-6,2.3519028959992447e-5,-0.020402926997596858,-0.0003632935968340588,5.9295448359522665e-6,-0.0004106395217719005,0.0037330556314528916,1.63210355677967e-5,0.017635745994004883,-0.00010403163435080433,-0.006238648318620232,3.132435221511321e-6,-6.364503624126257e-5,-3.111530485676869e-5,1.2063456150980303e-5,0.0001575976197061145,-1.673192373861893e-5,2.4116342710855764e-6,0.0014772798753495994,0.0042803626565996915,3.3194658436823296e-7,0.0014249025924159859,6.117871399914051e-6,2.7258222358697365e-5,-4.848956404503204e-5,-0.020510964921898012,-0.00010567498072693452,-1.5772508148595465e-5,-3.443097530287521e-5,1.4964541332793863e-6,-0.001516488115638091,-3.438204943011631e-7,-1.3726076814138432e-6,4.997478574422509e-7,0.009058817117348874,-1.2511354495802482e-6,-0.0008271644062874225,0.005240666342350368,-9.697159123456408e-7,0.0637716597999768,-0.004160333993491825,-0.0028995369913778967,-0.0012140859225215597,0.012090141054340094,-1.1893692798997963e-7,-1.0236607400997618e-6,0.0034686298936374344,-2.067883499542816e-6,1.8447036868942036e-7,0.00048256882528767783,-3.640817960635623e-5,-4.2017668558813287e-7,-1.0140917177800081e-7,5.9086457117489595e-5,-1.438771049439424e-7,-7.437133240039778e-7,7.529243894113593e-5,0.019446000501896044,-4.7693008275404383e-8,0.051238570521381296,9.766404537616952e-7,-9.794964022948695e-7,-3.207921353950404e-7,4.4749806265790787e-7,-9.348555784725993e-7,-1.624177222406441e-5,-0.00024336265427094488,-9.877724683323227e-5,-0.0015868829946732842,-0.00010104393322728164,3.473816145872348e-5,-0.0010587068177574258,4.5147518231545026e-8,0.009497871500610182,0.0008030924719563254,-0.001251084182330066,2.04627060462894e-5,0.000884726582666873,-7.713830669342417e-7,1.064784523687659e-5,-1.6046906175107547e-6,1.6860177751188718e-6,-0.0001885392197669871,-1.2759118262650077e-6,5.2030629228244915e-5,0.00021046799595867774,-4.857811407661234e-7,-2.2480865981310047e-6,-1.1031598526912957e-6,0.00023501952566272333,4.176708106835921e-6,-1.9749467590444347e-5,-3.317416889081903e-6,-2.684429890849056e-5,-0.0188042478590994,8.092387429344831e-7,0.0029021848177237896,1.7136292172381111e-6,-3.5460536160484116e-5,-1.5019779394656856e-5,6.286762877173121e-5,3.035463673156965e-8,1.7283679693482172e-7,-2.533875747469583e-7,-1.863229568406534e-5,0.007574939709922963,-0.001071941847199819,-0.00014180622282778448,1.440536891252884e-5,-4.954342409958505e-7,0.0016687781003594312,-3.297963923946868e-5,3.4040222005773336e-5,6.573152810503393e-5,2.6550370270505987e-7,-2.342929610025708e-6,0.007024212094726336,-3.780770638304757e-6,-2.623707439580639e-6,-2.3293564614693017e-7,3.5798136507913513e-6,2.8745100456680423e-6,-1.1548846370417126e-6,-1.737553283169953e-5,1.5372673268648428e-5,-1.2039982299348608e-5,-5.321580939592537e-7,0.000588388649520066,0.0001254705178966642,-7.788570741045479e-7,-2.217503075939797e-6,7.93042380426126e-7,-0.0036497770649124997,1.5106976117782698e-5,-4.6599835858606234e-8,7.940633922395889e-5,0.0745776711054212,-4.860376959226248e-6,3.093984224390391e-5,-0.00017042449724015088,-2.9356532341487902e-5,-0.00011847808765418164,-0.005379894620040119,-0.042366585487262014,0.07046235598484929,0.008424383531992756,7.987246873114455e-5,8.314536448750176e-6,-2.5999407656880362e-6,0.0001357319016641243,-5.2307993181606544e-6,0.00746307040172577,0.00010252119170980035,-0.003291938149855068,0.0013421166908747018,-0.004034906203887411,3.331294394486786e-5,0.00043606634787636236,0.00024172260360902123,-0.005141753594022189,1.0128403068752456e-7,0.008721347985479017,0.009808756512831668,5.289094088719758e-6,-2.786541713098099e-7,0.009967566843969747,-4.625247258825174e-6,5.426065340870639e-8,9.035799706675495e-6,-4.174974942004541e-6,4.7368613172717e-5,0.00223670708355341,-1.2784974925858957e-5,-0.0001521294863297569,-0.001069710521542782,-0.006521260557694129,-0.00014315415597181963,3.4479600586659393e-7,4.058088566754105e-6,-0.00011575077311960253,0.054976504205851554,2.051080688543514e-7,1.109590727831094e-5,0.003776137887983951,3.0977592719221224e-6,-0.0003819987901578751,0.0016453872084652755,-6.9257548064802605e-6,-0.0010499903898199747,-3.636300537748771e-6,-0.0001458934773974875,1.4506709955510376e-6,-0.00020933436107828583,-0.00048678484969295,-8.07803151830908e-6,-0.00884509783302888,3.540532877155793e-5,6.670379441546506e-7,-7.17707290960953e-7,7.870774825167465e-7,8.393642651241826e-5,-0.0026870264419172336,0.02542325097112133,-2.0145559893411417e-6,-4.6905865704637515e-7,-0.0001450983221092971,2.141481794556903e-6,0.049092005142164954,-1.3960187791836664e-5,-1.8941921291890085e-7,7.557326807648735e-7,-3.988095319583637e-5,-1.35630524126206e-6,1.3114444327945807e-6,0.020081149200042028,1.3925178785034665e-5,-0.003399863729965307,-6.680786280440466e-7,0.00055491579418009,0.002395561769252347,1.5677753344166063e-6,6.608554976785556e-7,-4.474381177096517e-5,2.1934410323229485e-6,-3.023833819232491e-5,0.0002804732683899238,0.0002588134848964667,0.07390039929940743,0.012901516717994638,-0.00010850326547945336,-1.168589626150714e-6,-0.0005058343281541027,-7.565820223752478e-5,0.004436476909544439,-4.607417678284882e-5,-2.9637994118596302e-5,-1.89671253306916e-5,2.20959141344352e-6,-1.804663534228777e-5,-8.263944471258788e-8,-1.7810692033754613e-6,0.0032595286381341985,1.5570853881428575e-7,5.398234458630882e-5,0.0011845505555700942,-0.008672220466757585,-0.0008207164989576433,-0.0007609500612620837,1.5980076333391752e-5,0.06746073753238484,6.864050860464581e-7,-5.32928172176527e-7,0.0034966091272532465,0.03674579441630729,-0.0017930743946804452,-0.003176016216964094,-1.5429512727202553e-6,-4.589914586798166e-8,-5.087480767262641e-8,-2.8146704126399556e-6,1.0383399304018857e-6,0.0010602066773056033,2.2038328209614073e-5,1.8593764590209606e-5,-0.0001306809402867834,-0.0029494448268484177,-6.179495251488073e-7,-0.0018914347030762014,-5.846075822379167e-5,1.303621554401955e-5,-5.761814834002405e-7,-0.002196681373747537,-0.007245699598388183,0.039488050565457226,-3.412009688875126e-5,1.2125795726770227e-5,5.2496006324722816e-5,-0.0034146004977266384,-4.161925984134987e-6,3.553348371140207e-8,-0.00016791049752286545,1.3349460952495146e-5,8.055524669048006e-5,1.1561579534155044e-5,-5.0238701243027495e-8,4.1649834407035634e-5,0.016617294423411796,-3.479088383326726e-5,3.000722901457618e-5,-0.012081922975243665,0.004658105616682408,-5.284167809712012e-6,-5.454620005878939e-7,2.5398642150718718e-5,-0.0030730101068335834,-0.002743174855978916,-2.84381305070304e-6,0.003364755341007519,0.00017872697219136496,0.000431797501678718,-0.001130885910553369,-4.9725667248536775e-6,0.017705022985537777,-1.6146276199709637e-6,-9.682013710551877e-7,-2.6748972604617885e-5,1.5259989259567698e-6,0.008317809952296092,-5.575930787951831e-7,-1.5074137740669556e-6,-1.851069768825245e-5,7.564017741634075e-6,-0.00031444098742433525,-5.785017550349252e-7,-1.0054997537563313e-5,-3.20706033865616e-5,0.0019659836318351724,2.3812688650477614e-5,-0.004819048702448488,3.635841325220118e-5,2.9261849712092823e-7,0.0175691678476592,0.0005053719261924816,1.4196006288094346e-5,-3.1501355835671145e-5,0.006445340210519584,7.9336631136731e-6,0.0005098228155733234,0.006934385008986375,-0.012392468546866127,9.93503216290265e-6,1.004680475181833e-5,9.262237736966965e-5,2.8689983484847768e-6,-0.003091893111957359,-0.005104780064920646,-0.0014317489982307125,-3.099514248307567e-7,8.934689954429134e-5,-0.0017726407342241476,8.304940233866069e-7,-4.521141490588852e-6,0.0018078959946488994,-4.609366297627884e-6,-0.0012984844551745106,-6.097655651713107e-6,-4.947049405325848e-7,-0.00013382922108255322,0.0018490886443952774,-2.3924953434453048e-5,1.057794538417339e-6,-7.397194154307948e-6,0.12605331869689576,-7.697812157828076e-7,-0.0003188528536797745,-0.00012980609339978462,3.4133223081735105e-6,5.7761723007558525e-5,3.204245479371622e-5,-0.000362635681420188,-0.0018341713455393162,-7.370650540339122e-5,-8.137098856737314e-7,-2.0346600297553075e-5,-0.04519826613164716,-0.0003550239027275672,-5.600395580890912e-6,1.87565053687186e-7,-0.004399621897019719,0.011723424725257914,1.7085491075348842e-7,-9.251694576041274e-8,1.1702692024398169e-8,1.3945127219912039e-5,-8.282077338679364e-7,0.008507191722419661,1.9072789077839053e-5,-0.0009151123604339625,-9.674500859664194e-7,0.011095189548552124,-1.7130079873150557e-5,5.7192649836596395e-8,0.0016518301438845364,-0.00015511987167154623,0.08366763324084871,1.1190251373489369e-7,-9.3786235718011e-6,3.400374127636219e-6,-2.2791016024509537e-8,-0.0007790300259897967,0.00029139028695554845,0.00820497065287099,-7.185965641282675e-7,-0.0009726664439873637,7.166008632644277e-5,0.009093015189584209,-1.8696572382641806e-6,0.0012435786449194808,-2.792088867958664e-5,1.545697875553545e-5,-0.004670523731795434,-0.003533909755762598,2.9053951888994454e-5,0.006556892215581186,1.7111154704274514e-6,-2.033605517835144e-6,0.004838023863237736,-0.0011061871763729137,-4.651015304088113e-5,-1.6788773582948603e-5,3.2323650536966367e-6,-5.908785005083079e-6,2.86674611093323e-6,-5.576581832574442e-7,-2.3320880342941327e-5,7.335711836776312e-5,0.006112373504842112,0.005546349715382533,-1.5009724282075153e-6,0.00010183814458318537,-2.5731352366123924e-6,-0.01125620239416482,0.00010713797500510081,-5.402807335788011e-6,-0.0005198771780229506,0.001551778491819344,-0.0015195834276872419,-0.0016953726654996486,1.099083714336759e-6,-2.8824363828025525e-8,0.00011935966373913983,0.0019516247179082618,0.0026477268749853042,1.1377462006292459e-5,0.037056674201962986,0.00014514049960605323,0.011246771062063463,9.857017996741747e-5,0.00012065574554957798,7.201685890881584e-6,3.880104872529155e-5,-0.0008091655511504673,-0.0002114709432494573,-0.0006602791169615014,-1.2200405633927482e-5,-1.0005507993463983e-5,-2.2030253105085218e-7,-2.04894204430847e-6,0.02467864154303291,-4.95757669847489e-9
0.0,0.0,0.0,0.0,0.0,0.0,0.0,0.0,0.0,0.0,0.0,0.0,0.0,0.0,0.0,0.0,0.0,0.0,0.0,0.0,0.0,0.0,0.0,0.0,0.0,0.0,0.0,0.0,0.0,0.0,0.0,0.0,0.0,0.0,0.0,0.0,0.0,0.0,0.0,0.0,0.0,0.0,0.0,0.0,0.0,0.0,0.0,0.0,0.0,0.0,0.0,0.0,0.0,0.0,0.0,0.0,0.0,0.0,0.0,0.0,0.0,0.0,0.0,0.0,0.0,0.0,0.0,0.0,0.0,0.0,0.0,0.0,0.0,0.0,0.0,0.0,0.0,0.0,0.0,0.0,0.0,0.0,0.0,0.0,0.0,0.0,0.0,0.0,0.0,0.0,0.0,0.0,0.0,0.0,0.0,0.0,0.0,0.0,0.0,0.0,0.0,0.0,0.0,0.0,0.0,0.0,0.0,0.0,0.0,0.0,0.0,0.0,0.0,0.0,0.0,0.0,0.0,0.0,0.0,0.0,0.0,0.0,0.0,0.0,0.0,0.0,0.0,0.0,0.0,0.0,0.0,0.0,0.0,0.0,0.0,0.0,0.0,0.0,0.0,0.0,0.0,0.0,0.0,0.0,0.0,0.0,0.0,0.0,0.0,0.0,0.0,0.0,0.0,0.0,0.0,0.0,0.0,0.0,0.0,0.0,0.0,0.0,0.0,0.0,0.0,0.0,0.0,0.0,0.0,0.0,0.0,0.0,0.0,0.0,0.0,0.0,0.0,0.0,0.0,0.0,0.0,0.0,0.0,0.0,0.0,0.0,0.0,0.0,0.0,0.0,0.0,0.0,0.0,0.0,0.0,0.0,0.0,0.0,0.0,0.0,0.0,0.0,0.0,0.0,0.1629462002929597,-0.0030203216706704366,-7.841233918864198e-6,-1.004874417086232e-5,-1.099489923118968e-7,-0.0017645927062055378,0.003400495948804058,-5.379501097012053e-9,-6.664000415226154e-5,-0.00024068749622388098,0.024011754163973702,2.0982487363819843e-8,0.008167325677568138,-6.385579456410344e-8,-3.962778037313461e-6,0.0024754946069780325,0.00031434837921306556,0.01819174745868524,0.0002673422124103355,-7.199942616110557e-7,-2.095416376248781e-6,2.8042741504868178e-5,8.136673883843986e-8,1.2487146661462879e-5,-0.04007270111028658,-5.065656101318511e-7,4.195014123563708e-5,-0.0032424820787754264,0.0008195674223286265,0.00020003100882228292,0.003831668161101121,0.0007508717765101898,-5.505184221247904e-10,-3.878398412553824e-8,0.006059744692643369,0.018982622252308054,1.4100334725839294e-6,-2.8703502367071414e-5,6.284267483599909e-7,0.0014878802021534283,1.3539595047027032e-8,-5.5693033191501155e-6,-1.8788949902528757e-6,-7.908110571298582e-5,0.00011721593058165441,0.02934530445938525,-1.2176271182091004e-7,1.86662666913354e-5,9.046409665481302e-9,-0.0018084003388401469,-9.274195384911911e-8,-0.00013621431087126344,-7.663211711927724e-6,7.635277313448203e-6,-0.007049271614841736,-0.011627727428462761,-1.1619189972925396e-7,-0.0001541847508617288,-0.05533300110769041,-0.008245780796648632,1.490075265425012e-5,-4.1448908371354696e-9,7.997757895353043e-6,-0.00043733303738597743,-0.0009399642074998992,-0.0010761457908090317,-6.8912103350623925e-6,5.979211184136854e-8,-0.0005999816214440293,-9.175389071561323e-5,-1.2836669091767965e-6,-0.0004380280882638921,-6.715344536082634e-8,-0.011423648383437743,0.0014169994699066836,0.0009709298481624024,0.04371457549021736,0.00044895070945583603,-0.0006692512754746812,1.6404092340544778e-8,5.678169164658966e-5,0.007293347192423947,-0.00024092019641705603,4.709539251344372e-6,1.3289628645015356e-5,-7.965422630631899e-7,-0.013446591467305489,4.781189373112629e-8,0.0014232353660546047,3.131078344510596e-5,-7.4001104852161614e-6,-0.0016287560562005738,0.00011562673343030612,3.714689185388974e-7,1.079068122663259e-6,1.1413275955987222e-5,3.451245127815524e-10,-2.5098400089468877e-8,-0.0001425561836237084,-1.41366073284296e-5,-0.0003757904932071599,6.177684850100701e-6,3.1556710315574592e-6,-0.0010294772410715252,0.00883849813172873,-0.017129520234494,-6.445942349528349e-7,2.0744329889056534e-6,1.9646821426743768e-8,-2.190183312964459e-5,1.468896310059314e-7,0.0044445166399247095,-5.701990153377797e-5,-0.0005179833654970984,0.01119344397064301,-1.4199463250274324e-8,-0.00019708860426426302,0.01179015753083357,1.720726797174621e-5,0.0007673141751319468,5.639054908391717e-7,0.0002847777359261816,-0.021970166777982473,-5.068350529964612e-6,0.00010737661827934008,-5.246010283769849e-9,0.0006207166871216061,2.1503049262084782e-5,-0.00040408732808861804,5.104875388176704e-6,-5.1300187792413515e-6,-2.614620168008525e-7,0.0015305848028931038,-0.0006554638498591808,-6.226606046241082e-6,4.6323675484531005e-5,0.013842800947260458,-0.0034603575331961607,0.022340522551748607,-4.851906750282848e-8,7.705478524114808e-5,0.004126691564098765,-1.7136416042040987e-7,-4.478971967084366e-5,-0.029880083467537212,5.0558151052257426e-5,-7.163737240726971e-6,-0.009782113623591035,-0.004278852447367423,0.0005053922339648489,-0.018201258935683445,-7.277394508493023e-5,2.523473184738691e-5,0.10425135798749323,0.003693183472627381,0.0002842139080627247,7.441112182614428e-5,0.0006107577859563135,0.0002443852513057562,3.829833051309956e-6,-1.0574065092240279e-5,5.032526068445755e-7,-1.7143282107532787e-7,0.016081383510337634,-0.01204107830339188,3.8321108935011654e-5,9.132885409040568e-5,5.5923211903226106e-5,5.435144041517003e-7,-0.00035673168627817984,-0.0015732327907499375,-7.722823086607364e-5,0.0002280717602958231,-0.002926806554651171,2.506068012104254e-5,0.003023829881198789,3.6434854754432154e-9,-1.2696068610848296e-5,6.402028045531107e-6,-0.003823943945604116,-8.82812030256964e-7,-0.01519469367019435,-0.0001274616278759074,3.6510027364438195e-8,-0.001087164923213436,-0.0017723401043070537,-0.048481293153210904,9.508948176490596e-5,-0.0009154695049008589,4.340771638249296e-9,3.3233674476171007e-8,0.0011669544771771025,2.124419924033184e-7,-1.6220404462151528e-8,0.008794136598473525,-0.0005301095283432958,-6.015182590168184e-6,4.495549703418851e-9,-0.0005811495794968495,-1.9523341518814998e-10,-1.0916403168350101e-5,-3.5625288963133416e-6,-0.002375117098598837,-7.169654034603006e-9,-0.0020395580560690274,3.4949293736903597e-6,2.3671525195213956e-5,-9.754905586875162e-6,9.516449970459209e-6,-1.729437912792333e-5,8.028655401522406e-7,-0.0035088032658867493,-0.001982325452296434,0.0002121350454900911,-0.0007233802325378588,0.0006096015858361885,0.01929606060706709,-1.7562251437384861e-9,0.011830829570037284,-7.564555497057066e-5,0.00017433697235030222,0.00014375826386363227,-3.127393662732652e-5,0.0020640019490764283,-1.129713012146192e-6,-4.768320457486963e-5,1.4898721816451298e-6,-0.0008661596675168245,3.150153504170492e-8,0.0011010515631173431,5.532594609206913e-6,1.5601847408792044e-8,1.0274549204140927e-5,5.744249872683307e-8,-1.1112719981470193e-5,-2.1037038365568067e-7,-0.028861195264238082,-5.345403891685529e-5,-0.00025832809274164146,-0.0013192667665006398,-1.0218148141543588e-7,-4.952884680229424e-5,1.8367162206080943e-5,-2.4257477124115465e-7,2.32425195731465e-5,-0.0001123539991428102,-0.0012109710275176144,-2.099147282577806e-9,-3.45241707484664e-9,5.711498450445041e-7,-0.00033624002889812155,-0.007612224488715906,6.087004673318577e-6,0.00010319759445332987,1.898126144837508e-8,0.01687438792075489,0.00012664512856112628,0.00014225730077139297,-1.9276335741307078e-6,-3.023315843473064e-6,2.5890397093860085e-8,-0.0006389395319590103,2.4887747920899305e-7,0.00017306108785667846,5.439102841543622e-6,1.6309497336023085e-5,-2.0996885172149155e-7,9.771112833879811e-5,5.3784175901580704e-6,0.00020331402776346282,0.0012775708546526377,1.9476790342087284e-8,-2.5121277554464284e-5,-1.0563970310152258e-5,7.960540982923058e-5,3.211177061198005e-5,4.072182147480724e-6,0.00026073542681278434,8.029677641561098e-5,-2.4627218653896185e-9,-0.00024321355393865858,-0.0016655899126100462,-3.587213481785768e-5,-2.227382227404592e-6,-7.655405542055606e-6,0.0004779629505683159,-0.0009473047951277088,0.00013201491986469433,-2.4914511019938854e-5,0.00832783571116576,0.061738699895568364,-5.855942040244285e-6,-8.894299361421841e-7,-2.407579327245801e-5,0.00046731468993524563,2.7047531318864553e-7,-0.009603863215916749,0.0025597134932628515,-0.007710871473306127,4.900979779718345e-5,-0.022572162878559673,-2.207571510226501e-6,-2.1146414419097164e-5,-1.9583943337859272e-5,0.00031331453386171436,-7.652907614482064e-6,-0.000699722972538215,0.014452344980230894,-5.187316751817944e-7,4.881148111480626e-9,-0.00371965023681615,-4.490899667828164e-5,-5.831659022080786e-9,-3.674434303108949e-7,6.241770985642006e-8,-4.813818899031078e-7,-2.990601669868458e-5,1.196276233667006e-5,-0.002394606913412473,6.79326101800403e-5,-0.006081564179419557,3.837804247751457e-6,-8.088917210302591e-8,1.0168513410623625e-8,1.4992762714503263e-5,0.00956400103987596,5.48859379308737e-9,-7.835896939162254e-7,0.09082528827012992,1.8602931028558035e-6,0.013711085059485392,-0.0017252405880445703,1.2664348798639603e-6,-1.8545191515520102e-6,9.221066427122217e-7,-0.00034381782366500627,-1.1797006928757183e-7,-0.012614529114105207,-0.011701106080338527,-5.393666423304485e-7,0.0007643427705507327,-4.0903906802257876e-6,-1.2261225076996657e-7,6.627087700075332e-7,-2.364976754859561e-5,-3.6323310688055855e-6,-0.021695047328715886,0.01518533490283813,1.7854017284017997e-7,3.351207471277103e-8,9.167661991353958e-6,-1.6642492226708237e-7,0.00037578935970446144,-0.00016766484432804288,5.1649819739639165e-9,0.00018525344424705415,-0.00036649571527532215,9.5177217294787e-8,-6.406082921136092e-6,0.010779387154651588,-2.889018925091075e-6,0.00020056617015449006,-8.97839396843117e-6,0.005835156759551493,-0.0003562859427418351,-9.488066415045616e-8,6.37140964508215e-6,8.843313053953793e-5,-1.1485855128775457e-7,-0.0010880636707835793,9.259980461404047e-6,-0.013471965686431737,-0.0018383070499230659,-0.005257627866366284,-2.5895291906994787e-5,-2.753951172379259e-7,5.492772150347164e-5,0.00019896582445687037,0.01976310587952063,-5.295319918942683e-6,3.4031723836024104e-6,1.4616225271310752e-6,1.7024270428607176e-5,-0.00016702982390183116,-2.2188927173231357e-9,1.5478784596549757e-8,2.07024188169117e-5,-1.100434174254297e-8,-3.7964714951738506e-6,-8.89692711144214e-6,-0.0002822359152425941,3.525147175502701e-5,0.00013118930201914722,-0.0004600823314246572,-0.0014581006233000732,-5.0446929096812453e-8,-5.793596327535242e-6,0.00028832315367299013,0.001455172399065578,-0.0021837476929557798,-0.031812312917582915,4.807157682499134e-8,2.4400579831094973e-9,2.2978367507679056e-6,-6.63487575315349e-5,-8.64365266935308e-6,0.0008692072971554717,-7.273282323730129e-7,-1.717338891769753e-7,-0.0013702575181119146,0.02906112229269984,-4.642821975455145e-6,0.0037882068383917585,0.0010313361006670468,-9.384352809137812e-7,-9.076898735718478e-6,0.00012458914104147655,-0.00011640332230461312,0.004571359195174964,0.0014801389626882544,4.085807787120617e-5,-3.62230764479331e-6,0.00017357816603143897,6.024161203748388e-5,-3.989428494053517e-9,-0.0011922060007798834,-8.626848882912398e-7,0.0005537722159351829,-4.0791718792248974e-7,2.2448682114815917e-9,-0.0005169738126733689,-0.0014724422673486866,-0.0004433534180175493,0.0002521726338565415,-0.004742566364365267,0.004943026072125264,2.501209507172434e-7,-6.335737103752402e-6,0.0003664042639326614,0.00030824392869376255,-0.037483364446114956,0.00016485940144184589,-0.0010629135617628378,-0.004851792805866516,-1.3012149999164887e-5,-0.013996609960362658,3.4301370844084614e-7,-0.0007083626758900072,-2.8679156007360684e-5,2.4249380122880482e-8,0.0007852568876166715,1.3862911362815557e-5,-0.004039993621183814,3.711355965430541e-8,-4.911871697452617e-7,0.00021837382973369294,0.00018876692417628982,2.9906900202445818e-5,6.494986981868194e-8,6.256533988262173e-7,-4.510294105209687e-6,-7.13118131256601e-5,-5.217815314812831e-5,0.0011185069020724725,0.0006038132018770148,-1.3544538556916119e-8,0.013669442940937774,-3.0243958718620058e-5,-5.417773379707449e-5,-4.422117053812971e-5,-0.003563175515715047,-8.993990892463506e-7,-4.062121881303404e-5,0.09466133636464713,-0.05013877860542665,-1.1166278014133305e-6,0.00021300864250459206,0.00021070641837068126,6.664411572936476e-6,0.0002303231880514285,-0.0003691508458056954,0.0002318907013560239,-1.7159561551963076e-8,-0.007365136440180778,-0.00018660881173814705,2.1294032538899323e-5,-8.543038000164608e-5,0.012535832208701749,9.922707885564419e-5,5.55363954137693e-5,3.3021302253978386e-7,4.597471005057769e-8,-0.0007984909336250283,-0.002064736454531952,0.000322486164784228,-2.233078911811679e-5,-5.206374608841463e-7,0.009101203392008693,1.9730064856671768e-8,1.043964416909991e-5,-1.7594411414065943e-6,-4.2369461908803555e-7,-0.0008111471252418084,3.436236851709875e-6,0.013202672973341923,-0.030689545533008095,0.0012675126653164453,4.632992633840121e-8,-0.0002259334672940207,-3.477408897516597e-5,-0.011387999803495058,8.165938006351882e-5,6.74015739431061e-5,0.0003365411123669515,2.1697094809500903e-5,-9.099481917610565e-9,5.563482278681781e-9,9.321754227834187e-11,0.0046607352634603985,4.4084250566213705e-8,0.09518757564167471,-0.0006227959548406085,-0.008728047398505287,-1.6427308675149914e-5,0.0032152752334618584,0.0006413223469019764,-5.016072582320025e-9,0.008115090934316137,-0.003941897673397512,0.005487650621664122,0.00010496612469797135,5.371140493251401e-5,-9.800882245133616e-5,-4.678861661922815e-9,-0.01462297669378037,-1.3574387660329031e-5,-0.004292250474511557,-1.2993692803353981e-5,1.3663353811914565e-5,-5.2570140339831454e-6,0.0145132355121176,5.8535819541785197e-8,0.003069244512086755,4.1224525516393365e-5,-5.793131972041127e-6,-0.0006876585090264445,0.00017366204027480662,0.0013249966757624854,-0.001030168469027696,2.5489340246820534e-6,5.092879725829905e-8,-0.00019959981155284715,-0.016322671344800303,3.189129829508412e-6,9.298213136231378e-5,-8.142548660369911e-7,1.0362067444365936e-5,0.0007493351320804142,-4.767883665628393e-6,1.6549657420863767e-6,2.6975968887105794e-5,-0.0003614276329302887,-9.964429409631246e-5,1.9596610559507795e-5,-5.0806622273319605e-6,1.4207840048119884e-7,-0.0019064994397832808,0.0017742033226881716,-6.398102052552276e-8,0.0004154400789567767,0.0013399445734977424,-0.02367222414832402,-0.0228888721003614,-5.772897845345549e-8,1.895439652093789e-8,0.0015634378621199308,0.013219592510846012,-0.0006508902544901447,-2.56026785564079e-6,-0.00021254321136734386,-0.0003954112813222803,-0.000572068913328562,-1.3215317355971419e-5,-2.0990533078113056e-6,2.6237708636021942e-5,0.00024805504776883783,0.008971021636672658,-0.009539680747216974,-0.0027668863346188167,-0.005121928571548101,5.179912406286168e-7,-1.1277928791793665e-7,-1.182264433765914e-5,0.015000444390118061,9.466152583984182e-10
0.0,0.0,0.0,0.0,0.0,0.0,0.0,0.0,0.0,0.0,0.0,0.0,0.0,0.0,0.0,0.0,0.0,0.0,0.0,0.0,0.0,0.0,0.0,0.0,0.0,0.0,0.0,0.0,0.0,0.0,0.0,0.0,0.0,0.0,0.0,0.0,0.0,0.0,0.0,0.0,0.0,0.0,0.0,0.0,0.0,0.0,0.0,0.0,0.0,0.0,0.0,0.0,0.0,0.0,0.0,0.0,0.0,0.0,0.0,0.0,0.0,0.0,0.0,0.0,0.0,0.0,0.0,0.0,0.0,0.0,0.0,0.0,0.0,0.0,0.0,0.0,0.0,0.0,0.0,0.0,0.0,0.0,0.0,0.0,0.0,0.0,0.0,0.0,0.0,0.0,0.0,0.0,0.0,0.0,0.0,0.0,0.0,0.0,0.0,0.0,0.0,0.0,0.0,0.0,0.0,0.0,0.0,0.0,0.0,0.0,0.0,0.0,0.0,0.0,0.0,0.0,0.0,0.0,0.0,0.0,0.0,0.0,0.0,0.0,0.0,0.0,0.0,0.0,0.0,0.0,0.0,0.0,0.0,0.0,0.0,0.0,0.0,0.0,0.0,0.0,0.0,0.0,0.0,0.0,0.0,0.0,0.0,0.0,0.0,0.0,0.0,0.0,0.0,0.0,0.0,0.0,0.0,0.0,0.0,0.0,0.0,0.0,0.0,0.0,0.0,0.0,0.0,0.0,0.0,0.0,0.0,0.0,0.0,0.0,0.0,0.0,0.0,0.0,0.0,0.0,0.0,0.0,0.0,0.0,0.0,0.0,0.0,0.0,0.0,0.0,0.0,0.0,0.0,0.0,0.0,0.0,0.0,0.0,0.0,0.0,0.0,0.0,0.0,0.0,0.0,0.16216179903728567,2.2852184591582492e-7,-0.0003711053650189845,3.078193348217936e-6,0.00465348345002118,8.926528560776147e-5,-4.7139701876641794e-7,1.112117662976116e-5,-0.033146163933615,-0.003562903608234221,1.6312148813801218e-7,0.001272325113971273,-3.602457482637818e-6,1.3604008021646868e-5,4.312250213445128e-5,-1.8108189341388376e-5,0.012281395225264209,0.0007181683784570512,7.289370665896669e-6,-5.947480751265449e-7,1.1954459785766189e-6,2.7028932017468433e-7,0.0001425531724072192,0.001426369350544733,5.505802392010671e-6,-2.2444199634765837e-6,-0.020011293610217213,0.00013045376442430285,0.002112657689398986,0.0013775569431802102,-9.394754526764202e-6,-1.545352696815404e-7,7.628265692868478e-8,0.0026539377292745404,0.0056591828633058665,-3.6627080136606484e-5,4.325003208695286e-6,3.2648757219848907e-6,0.0030804231920535637,2.597851848592196e-7,7.374162866467372e-7,-5.8380805155171674e-5,-2.5336637172785434e-6,0.0009296860222002466,0.00449185781898544,1.7310003289967434e-6,-8.898085272287945e-5,6.551953091257306e-7,0.0003525851168153152,-1.5123221571196153e-5,-1.3860471253368576e-5,-0.0002916540521213908,2.1708534549030643e-5,-0.0004082422028753825,-0.0012376271286774485,8.708533907440728e-6,0.0010316497685029403,0.016614388793240144,-0.007046058805359732,-1.7065256051138907e-6,-3.8969846322667913e-7,1.9391120939523123e-6,-2.4699966049184812e-5,0.00017822764054677172,0.007319476331756453,1.1118672865134144e-5,-3.456724454180771e-7,0.014024128768173369,1.1050431142125032e-5,1.8722642706670118e-6,-0.0003726309608760508,4.2441694681197645e-7,-0.00033409400998228323,-0.031003363422685844,9.185019441611611e-5,0.0009762195687639879,0.0034898175288538623,7.907134583443522e-6,1.4606341313935905e-6,-0.0008823617979179224,0.004710634492520498,-1.9993549308466867e-5,7.506407460900894e-5,-6.354083586427913e-6,-1.219242927588947e-7,-0.0005487330233583592,-2.7076599797945116e-7,-0.0002485618221284666,4.058874178966918e-6,-0.000171574146630754,0.05830419793587585,0.0003616379820888415,3.985411348792255e-6,7.89096195582216e-6,-6.030452651772791e-8,6.114106331044219e-8,-3.1693537075416734e-7,-0.014232876305698973,-9.459815894625529e-7,0.005930035268762005,-0.0004945319473810174,1.3811151961062867e-5,0.008768510709795256,0.0005205196326261787,3.3280739727106405e-5,1.083097759483287e-5,-0.0005234623030736537,7.659228976205185e-7,-2.9238088931182795e-7,1.5827431202481144e-5,-0.006781525512076333,0.004672143860108108,-2.2158777279201693e-5,-0.0017014541604088685,-2.0650772766627516e-7,-0.0014214285892836227,0.0074876352056111005,-3.7968298688122094e-5,0.00017518360035580606,-2.817758044063107e-6,-0.006137905118925021,-2.541601665520278e-5,-7.562960505157815e-5,3.1742170190965576e-6,-3.6081123730531626e-8,2.6955785141431235e-5,-6.137876609088807e-5,-0.0014239091305009123,-2.4376101743060385e-7,-1.993679786145132e-5,6.9893651004786765e-6,0.047126046307029365,-6.62206786889913e-5,3.948298857361599e-5,-3.2560741825184983e-6,-0.00032585531017658527,0.04527768267244898,-0.0021892316229392885,1.0815839714518884e-6,-1.5552536324991056e-6,0.007721585986934479,1.3721030477735466e-6,0.0007377098962253007,0.0010732323901150764,2.200044564747937e-6,8.788404006072561e-5,-0.016776135573589993,-0.0001475240199935832,1.5368004247102245e-5,-0.0015474204785019812,0.0016438619014193458,2.2247519753543607e-6,0.0036335584201926444,0.00012621145143190863,0.008033816050055698,2.452946508996986e-6,-8.090961742297799e-5,8.26666016249533e-6,-7.005000700146245e-5,-7.514075603858426e-7,2.061411128053426e-5,5.297756644530699e-7,0.0024182088478243292,0.01558211308607039,4.537979337301881e-7,-0.0008034725027538783,2.9336563184304983e-6,-2.1302636266136925e-5,8.684192356422246e-6,-0.03853242882993701,-0.00034054408649017236,2.8111169676386967e-5,6.431748753658507e-5,-2.1776512682152312e-7,-0.000978298943684632,-2.4739438587461114e-7,-1.11647872368684e-6,-3.528854822329967e-8,0.08956088634239368,9.109480800473971e-5,0.01364339856691177,0.01224274408819737,1.249814592986114e-6,-0.0003407650265411301,-0.001249067252568393,0.0005380279405468034,0.00023163678492398173,-0.0014723540894732508,1.8007285551767938e-8,7.817719916704581e-7,-0.0020394838983431455,-1.243118010892684e-6,1.430312883131004e-7,-0.0005767881230878539,-3.397695030280492e-5,2.6711975753599965e-8,6.063386014111592e-8,0.00022372962412935097,2.535746903034508e-7,-8.681554923654832e-7,1.3279768751885278e-6,-0.02306571844791055,-9.640327763491814e-8,0.0007055090968450759,2.231113122060748e-7,6.606926113383571e-7,-2.4334589189256747e-7,7.1638835474965385e-9,-8.340574856833482e-7,-1.5214575554843377e-5,0.0005166406242820232,-0.00017818137088277525,-0.007495917457253194,-1.0644160017267903e-5,-1.825013150227137e-5,0.0062532032909624015,-1.8816063251333233e-7,-0.0022437476665135366,0.0008605042955473852,-0.0014776888955483675,-2.508445092748018e-5,0.0007857708626439696,0.00011122840703982676,1.662958932263289e-5,-1.874942593122817e-6,-4.0091296378526864e-7,3.574104373972969e-5,4.651093836709159e-6,6.359757290545753e-5,0.00019348497275604936,-2.634946949469957e-7,-6.013673398167857e-7,8.411321075545382e-7,-0.00023220733981171193,1.9343912770057345e-6,-0.0007235284614729958,3.0693766276487305e-6,-2.2707034964264215e-7,0.003695968045934499,1.9892607658360165e-7,0.0010790347247995097,1.2055065225008977e-6,6.740264831992826e-5,1.8236420580126816e-5,6.923926352015343e-5,-2.392711553389567e-5,-5.55588658988878e-7,2.2051699756871304e-7,5.9368619497783875e-6,0.003925499862061874,0.0030064347081673027,-8.56034979703429e-5,-1.7352636405000323e-6,1.3300988181839606e-8,0.0002737781757433784,0.00012110919480968524,-0.00012926020361712722,-2.771250986314855e-5,1.891911451268017e-6,4.945396747583846e-7,0.01777964038995515,5.911999572739962e-7,6.59025355960475e-6,-4.546678559529144e-7,2.571431712856519e-6,-3.995317969707885e-6,7.4805852284762724e-6,8.719969491804041e-6,1.4247267020217596e-6,-6.0437406174288747e-5,1.1191619990055486e-6,-0.001129757813343776,5.482451422417503e-5,-3.4798576273433283e-6,-3.0987833334582832e-6,8.491546903700435e-7,-0.0009304210993251016,-1.4519181515535481e-5,-2.088591875623926e-8,0.002052580614020161,-0.004785660696170609,2.228027604848947e-5,-5.281867551128005e-7,-9.20387650232013e-5,-7.4506992784178666e-6,0.00010986296972713277,-0.0019491456973842764,-0.002009055660933337,0.007479638966780973,0.0017270301189435016,-4.998678515913316e-6,1.9284109106156985e-6,-7.676886910587299e-7,3.727385406649317e-5,6.6512597383026165e-6,0.01659490279000733,0.00016305754522376152,-0.004847071534433219,-0.0019307000868354644,0.0012846721867244217,-1.1860885091195044e-5,-0.00044840056255143827,0.00011209038541642563,0.0047034925960875605,-8.270060161001154e-7,-0.003845227343282725,0.012586432751784333,-7.151295303450601e-7,1.709837927905405e-7,-0.02758432278344856,1.7044493294919966e-6,-6.025299026780911e-7,-1.2942150834665019e-5,-2.1651623798898793e-6,-2.0341167904682583e-5,0.0021624756406916214,1.9886858618252553e-6,6.725713340726139e-5,0.0002066022545729466,-0.0017039157745767043,-0.000325657823343048,-7.98032752884455e-7,-2.1727881997324467e-7,2.31120843760383e-5,0.004195012601637788,4.487563821039115e-7,1.1395724174981334e-5,-0.002440476587701754,-2.0426762007288545e-6,0.0038105468357382995,-0.01670339670375001,-2.1724455280607086e-5,8.930420330130004e-5,2.6199598691238327e-6,-0.0014893966139588653,1.0002074902704632e-6,9.795225108104516e-5,3.122704558868281e-5,2.60280414008243e-5,-0.0005795894548018075,8.196931576017106e-6,-5.058898637649113e-7,-1.0096987632908481e-5,-3.4503548812678004e-7,4.9632447126091504e-5,0.0003703157348275644,0.0027138007702429776,2.401897569026585e-6,-5.407250626306034e-7,0.0004228323631730936,4.824406292769583e-6,0.002402154274930364,-8.518308015203931e-6,5.776971603047259e-8,8.11899990561514e-5,-4.2643659179125545e-6,-7.079032286144215e-7,7.034063796793713e-7,0.008781330907053703,-3.08700389303781e-5,0.00046356567360997594,1.8890173617760362e-7,-0.0007099208657804416,0.002794410910569786,1.9703328868992827e-6,-4.4586720242799464e-6,3.0439560750769096e-5,1.1328502166333094e-6,-8.765228814305386e-5,-0.0005544633496154687,-0.0019445021287612003,-0.003593263307717132,0.04730454766487187,0.0002183152791512929,8.159366878466007e-6,0.0010349956848329967,0.0001012079386916875,0.0016795312151061507,1.851633474016252e-6,1.5345812719058975e-7,-5.544878154418063e-6,6.421327521798611e-7,-4.944502293434626e-5,-1.3212083175936384e-7,-1.7956952686453559e-6,0.00036666201203616966,-2.8970474123577326e-7,1.4331206086028733e-5,0.004040867239607178,-9.685580988983789e-5,0.00012978152938207134,4.680725617285311e-5,-1.7447822535168585e-5,0.001260823390135544,1.3723261006633299e-7,-2.802607186384227e-7,-0.01740664307009075,0.00029279665396863733,0.0002655783606279459,0.0006247123860740081,1.4134526087577183e-6,-6.279596672294937e-8,3.969494684372628e-7,1.9381461909848416e-6,-3.887427430444686e-7,-0.010485096288335874,4.8935937684330594e-6,-1.726265946432885e-5,-0.0004302617141643573,0.005304034632343911,9.090282178271625e-7,0.002860699750696181,-5.088953377847722e-5,-3.8044152258555993e-5,-4.413063066853088e-7,0.000683663405291995,-0.004873207462920667,-0.014858447025373105,3.93853999303255e-5,-0.0002064681224477559,-2.5962431670442687e-5,0.002185851047494432,2.267257756540694e-6,-2.185880898714648e-7,5.640129003129106e-5,1.3334374486144419e-5,-0.00010749085815173525,3.330724876321874e-6,-1.3407365312984752e-8,7.739100211166354e-5,0.002667261770317518,3.912960879895818e-5,-3.105744886582534e-5,0.005158972311730825,0.016285738147310855,-2.8534267690556586e-6,6.547357900732417e-6,-2.653495341089106e-6,0.005943476265372507,0.0010005741176753464,-3.192311467963683e-5,0.01869443097743826,-0.00026743597834975386,-0.0002547239960692872,0.0031769899342692326,7.2577495730619165e-6,0.0007243624530681204,2.4297043252851143e-8,1.5267230702216784e-6,2.150427064627936e-5,2.2829387842001637e-7,-0.014365903020806174,1.369796866529102e-7,5.387753597918158e-6,5.93026901387954e-6,-3.039200351334157e-5,8.383001712077674e-5,-2.2040495149351034e-6,5.756274815701495e-6,-7.177577015905855e-6,0.0039909508161522205,-4.112004018553733e-6,0.01806737116341979,2.4967524805625393e-5,-1.663257858733979e-7,0.003493107599913859,-0.00020157496840435022,0.0025230608368183357,2.077825535700047e-6,0.010255701276354428,2.4072295817688163e-6,0.00018682985801254934,0.004224279167578607,0.003505151184335079,-9.554896976246773e-6,7.586706084350509e-6,3.6161986597416436e-5,-0.00010220167733246305,0.001045799018526346,0.0007090132498406259,-0.0010435945392190918,3.527667471078048e-6,-0.0004847503855036165,-0.0012360828129899656,7.584392918445011e-7,7.771495537883728e-6,-0.0013603203295304755,1.6221304078100057e-6,-0.0005432909374015025,6.961773253817875e-6,8.381024968069377e-7,-3.478839771679255e-5,0.005073258347753458,-0.00019856217306449465,-4.0779937880598537e-7,7.370606719348571e-6,0.0035977548832384523,1.6416431282721153e-6,0.00013989083089667955,-3.2147258584627705e-5,4.127736569737734e-6,0.00015552047981829182,-3.2039748828000546e-5,0.000659973402620728,0.0018096242503753293,0.00013034482356682748,1.4149171615101555e-7,-1.0295495360341512e-5,-0.018153322279951232,0.0003446004044975659,-3.7395733614661417e-6,2.1602265953703483e-6,0.0034398135200813256,0.01661887708525846,-4.4417652850553166e-7,1.4865968991488833e-7,-1.1501297035592643e-7,-5.940527853248023e-5,2.3828395660205174e-7,-0.003509497429562033,-9.095693853407606e-5,-0.00034031930114412467,-1.936074428113857e-7,-0.0007124216588973328,-1.4538841545186876e-5,6.628855773865468e-8,0.0074766021610825585,-0.0004652417315477058,0.0010025919743007195,1.7209619252663468e-5,8.659739533432178e-6,-8.061559765262303e-6,-8.967541771596156e-8,0.0004034860835395647,-0.00031630676742966954,0.037106432009458595,-5.113001977686298e-7,-0.0012444582061803648,1.2326903331262169e-5,-0.003633708035332283,1.0510923577212633e-6,0.00800555567195909,-1.5769270997354688e-5,6.724740981627406e-5,0.010684840791228193,0.0017075214760775522,-5.686565874796478e-5,0.010436151453463544,2.992261937301742e-7,3.7117444160931852e-6,0.0008007320331658574,0.003227326606070156,0.00012195080024706562,5.635319496386303e-6,1.6256659329219966e-5,1.0702682903464704e-5,7.507059018174489e-5,-5.423771950975749e-7,1.4233866942259518e-5,5.848082691666168e-5,0.008102451653267933,0.0006492409552320595,7.547198377369652e-7,6.605556370807338e-6,1.8996933848988012e-6,0.014359513432659869,-7.603888677693361e-6,1.7900146724659849e-6,0.004800198072717293,-0.04840149840012129,0.0007696530245518002,-0.00027186656051839694,-2.388394016332632e-8,1.071549815848704e-6,0.0001042761978523586,0.005196432561400104,0.002847738362835796,8.353555891262345e-5,-0.0025765250393418445,0.00014790603426697807,-0.019046177056667415,-0.0002504514151152447,-0.00031007968198928557,-9.551957953469295e-7,-1.4044925921970921e-5,-0.0016826556959533667,0.00026039909760534235,-0.00042225240167541544,-0.0002715587285393406,8.157009790756117e-6,1.6232378812608085e-6,2.391518450849065e-7,-0.0021116057266811574,-1.0589906013599439e-7
0.0,0.0,0.0,0.0,0.0,0.0,0.0,0.0,0.0,0.0,0.0,0.0,0.0,0.0,0.0,0.0,0.0,0.0,0.0,0.0,0.0,0.0,0.0,0.0,0.0,0.0,0.0,0.0,0.0,0.0,0.0,0.0,0.0,0.0,0.0,0.0,0.0,0.0,0.0,0.0,0.0,0.0,0.0,0.0,0.0,0.0,0.0,0.0,0.0,0.0,0.0,0.0,0.0,0.0,0.0,0.0,0.0,0.0,0.0,0.0,0.0,0.0,0.0,0.0,0.0,0.0,0.0,0.0,0.0,0.0,0.0,0.0,0.0,0.0,0.0,0.0,0.0,0.0,0.0,0.0,0.0,0.0,0.0,0.0,0.0,0.0,0.0,0.0,0.0,0.0,0.0,0.0,0.0,0.0,0.0,0.0,0.0,0.0,0.0,0.0,0.0,0.0,0.0,0.0,0.0,0.0,0.0,0.0,0.0,0.0,0.0,0.0,0.0,0.0,0.0,0.0,0.0,0.0,0.0,0.0,0.0,0.0,0.0,0.0,0.0,0.0,0.0,0.0,0.0,0.0,0.0,0.0,0.0,0.0,0.0,0.0,0.0,0.0,0.0,0.0,0.0,0.0,0.0,0.0,0.0,0.0,0.0,0.0,0.0,0.0,0.0,0.0,0.0,0.0,0.0,0.0,0.0,0.0,0.0,0.0,0.0,0.0,0.0,0.0,0.0,0.0,0.0,0.0,0.0,0.0,0.0,0.0,0.0,0.0,0.0,0.0,0.0,0.0,0.0,0.0,0.0,0.0,0.0,0.0,0.0,0.0,0.0,0.0,0.0,0.0,0.0,0.0,0.0,0.0,0.0,0.0,0.0,0.0,0.0,0.0,0.0,0.0,0.0,0.0,0.0,0.0,0.16196685996821583,6.475192333438205e-9,2.5074148511049906e-11,-2.9065819133258186e-7,0.0005714832648004365,1.2162503331754767e-12,-0.004855622844507135,-1.6709534890384778e-7,3.0660981535339945e-5,1.981053102975968e-11,-1.0048445125856794e-6,-1.280880443967333e-11,-1.2243114598359681e-10,-0.0005233369475805329,0.0006456199541203097,3.167210326941511e-6,3.4644485583107395e-8,7.803140663056638e-11,0.05617879155526656,-0.00889015910116201,6.86358018345638e-12,-1.3875534068939223e-11,-3.6525584871178405e-5,-1.2234400532871968e-10,-0.03474706910233947,7.046683945383845e-7,0.00047556974683493554,-6.919577260478558e-9,2.015091573777118e-6,-0.0034690740295779793,-1.6394118689467793e-13,-1.1920487638762854e-12,-1.4306262469866086e-5,9.295818775776998e-6,-5.842711412787517e-11,-0.001274639251385933,3.866993643746474e-11,1.1927813917903414e-7,-8.97456779699046e-13,-0.0015555109765598015,-4.427187134215488e-10,-0.05158594357493655,9.600240188528986e-9,-4.2299422168026614e-5,-5.4737403800424186e-11,1.22847350237419e-9,1.7000093439279014e-12,-7.007380071990838e-5,-3.790220163534162e-11,0.00021255917145784385,-1.216264833522251e-9,1.3404385929533864e-9,-7.393158994935295e-5,1.4535906641626613e-5,8.565855821217596e-11,3.213657643295762e-8,1.2704058298251225e-6,-2.7554977638957675e-7,0.001750776417325113,2.0296237563810164e-12,-0.02736007283055282,-0.0021860514711774435,0.00048080771185244204,-2.0537303048759584e-7,-7.520654876039656e-10,7.876536903157837e-12,-9.898216764749876e-8,0.004449802171429628,0.001129850053098841,2.8769607037071468e-8,3.496220935921487e-12,8.099424337142974e-5,-3.4281892035303353e-7,0.000433586879027683,-1.0364672795094456e-6,-1.0505968606688356e-8,0.0006641980753208603,1.2659504080451246e-12,1.328765582424938e-8,-1.2402073932469233e-6,-0.004527221591665989,3.0089112476827392e-9,0.010803466880830717,-2.2285634015715131e-10,-1.1061384745100897e-5,-3.567252892254378e-12,0.00015444756992768794,-0.005608551900858769,-3.824320638543504e-9,1.3459383067475906e-7,6.79929810309061e-9,1.9044465706603815e-11,-2.2461227763819373e-10,0.0003180237338440627,-3.1982672261648693e-13,-2.313488644530682e-12,-5.264559075953854e-7,0.002809027261889883,4.523552850992159e-8,8.486933514717655e-9,-4.032075710270104e-10,-3.3249032584712103e-8,-9.317164115649136e-5,6.664074109639124e-6,-1.1090075225441791e-10,-7.371573284714087e-9,-1.4882722049555172e-12,0.07896816751199874,6.181111152914421e-11,-3.497711268474937e-7,4.8933203282569446e-9,0.0014715935584476594,6.13252413773028e-6,-1.842043279519483e-12,-1.7350358068163873e-8,2.9527453587321343e-6,-1.3612008749596798e-9,0.00030769182725646734,1.9194101014338636e-11,-6.162748733989916e-8,0.00011095257494497453,-9.956041966748858e-10,-0.016871298586366632,-4.79641207867923e-13,0.001586294324472512,-9.014747450761373e-9,-5.844525783871416e-7,-0.03732100941980902,4.790666596440236e-10,4.2929195394569587e-11,-4.944602293407141e-7,0.00119405276116598,-8.372487877272602e-10,-0.04512054064182066,-1.8517981902403978e-5,9.119646916742547e-7,-1.1704257112914495e-6,2.3257678708840496e-11,-0.003582510262390863,-4.736759642055932e-6,1.597502016593572e-12,2.0467804834842687e-9,-2.775089961721905e-5,-0.0045595980751787476,-6.768486903350086e-10,-8.539991864221228e-7,1.1651449604501426e-5,-0.00447341684059829,9.312510692314333e-6,-7.684425637272359e-8,-2.0888065411023334e-9,1.3442493972928453e-5,-0.00022977158337483217,-1.835208357947296e-7,0.011606552626039036,-4.141565434777678e-5,-0.0005674779877334654,-8.87814468751019e-10,2.0798081103067576e-9,1.4614202389007838e-10,-1.991222969352944e-12,-7.902661713540192e-6,-8.033222970662349e-8,-0.04169174434800759,-2.0396575350117572e-8,0.00907974121244349,-2.1629902487447792e-10,-0.0005740781558455799,7.826591474499029e-7,-0.00014437463621090366,-0.0031830165645107024,-0.00014226232868911663,-0.017948367906844707,-1.6114237643351004e-5,6.34279355976029e-12,-0.013734307307762421,-0.020256824146778634,-1.2548849087068912e-7,3.505631552944783e-10,-1.3190998643354963e-7,-4.575367907540459e-8,9.51352824357364e-12,-1.446818060413262e-7,-3.4856340564604e-6,-1.2383287182161303e-5,8.879136359112626e-9,-1.6325989738102048e-7,3.442373390188826e-13,1.3083926840784772e-11,-1.155742189587616e-7,-1.5183462526180772e-11,3.42026261697261e-13,2.644280293924663e-6,-0.0014631418542167512,0.007043536697347097,1.560077756059927e-12,-0.0001420041522050869,-6.539476120924143e-13,-0.002580586672007003,-4.358943125543576e-10,3.1229949559272997e-7,3.992317094809429e-12,-5.275757318659994e-7,0.03775644226708342,-0.053116766046622,-0.0013762340023739973,-0.028781933865738345,0.0012545205383929438,2.5762941918165866e-10,-9.23066921309603e-5,-0.0003049650675206152,3.9172768686772456e-8,-0.000777024733827098,-0.0002884064374630167,-1.0788215467172252e-5,5.947256820357586e-13,2.2257872329324654e-5,-1.1930627530521644e-8,-2.794261024611815e-8,-0.0012604224662224792,-6.890407206585582e-9,-0.00011082427464467637,-5.993410929248171e-11,-0.043863069513367624,0.027598511535547526,-0.00013359757767379395,7.063640058819379e-12,0.0013525993021449498,-2.793137412876585e-9,3.463895528519133e-13,-0.021701604315081915,1.0569792630140544e-11,-8.363283365112582e-9,-3.907965416635763e-11,1.9446819745142636e-5,0.00886266858273181,-0.0010152205676441357,-5.19031507517824e-7,0.05164266318516949,-1.933364212519884e-8,0.14198479063702787,7.866650001299966e-10,0.001378292187364917,0.0009158356569004762,0.0013146248062814497,-5.894840642888387e-14,1.93536374200899e-12,-9.128978679673788e-11,2.4474735501116276e-8,-2.455621463089253e-5,1.953471679659656e-9,0.006790365638923413,-3.0043788370400907e-12,3.927400142436224e-6,0.0010884571371223132,0.00018564656560606955,-1.2808199050819902e-10,0.0026330500880340445,1.685044610340964e-11,-2.946983325780918e-7,3.8707038255212765e-11,-0.008800221329486012,0.0049375758760947935,-0.0025504550218157715,-2.374960238124957e-11,-0.0043142182097277975,-0.00763621437492923,0.00023376333024762117,7.027950359755016e-5,1.1295913590633206e-11,-7.582944341279393e-9,-1.0852632166050145e-9,-0.016521173797534285,-0.0042261640710295045,-0.004717675078099144,1.8644571130783268e-8,-0.0007893141885519522,1.3001784937075383e-12,4.5276329252825726e-8,-3.449991333937768e-7,0.0007627966795165424,-3.484989073170309e-10,3.4223140456948984e-10,-0.00040742137745447104,-1.5319660574431462e-5,1.5389927718277866e-7,3.299778301572151e-7,7.952308737421414e-7,1.5634255953188443e-5,-7.38422123964362e-10,-1.8981152171028992e-11,-0.05568119726257059,0.0001561971582649509,4.31390554988527e-11,3.4771158164065613e-6,0.0007989028843328582,-8.774583593117484e-8,-3.739115535677255e-8,-2.481764385573812e-6,-1.4372307657089851e-10,-6.368034347321681e-9,-1.5665873325130075e-9,2.590134953402552e-8,0.025543351839607483,-1.2997488576643638e-8,1.6161695079948274e-6,-2.082510713908107e-11,5.4512639217783906e-12,7.921595082194557e-7,-0.013571342078458174,2.0696617494735997e-13,-3.566441114337021e-11,7.162463048612626e-11,-2.622810967119497e-10,-5.851079685867521e-9,-0.0004380239119963213,4.342426046735048e-5,-4.919391081688442e-10,2.374976609902737e-6,2.101657104811704e-9,3.7525265592143506e-12,-6.777315250394441e-12,-1.3223978672306968e-9,1.7202640429933652e-6,-3.7832045585748916e-12,-1.558924648230172e-11,-5.349096253627548e-6,0.003470933232439716,-1.0626659424575127e-5,3.026810455250569e-7,-1.0594618323990836e-10,1.6464441473439794e-8,-1.4049813408877207e-10,-9.272270726369404e-7,9.568021666691455e-12,6.362822740244916e-5,-2.601776964164409e-5,4.111038673261695e-11,-6.882876103521213e-7,1.1918127782372605e-10,8.911816421226548e-12,-9.45415643060188e-11,0.036102005857183046,-4.5652957059865596e-10,5.297022011585342e-6,-1.612489929652775e-6,-1.617324518458772e-12,-1.8745079798806042e-11,-2.0422425349889932e-10,3.3113489339962863e-11,1.3916960356384473e-6,0.00034965591984403074,1.1087044657568973e-12,0.0002192634352073994,-0.0014983162639624229,9.37568502562572e-12,0.029706187146863787,9.84901706549844e-7,-6.602292976167443e-10,2.4598341242962066e-8,0.017052906034942802,-3.015300426078463e-7,4.683677881355952e-8,-2.4882082874545015e-11,-0.004738259039862238,-0.002852960985133394,-2.0403901857885552e-11,0.0007930263024250837,-1.7710787934463147e-9,2.5531214529056595e-5,-5.343450591017165e-7,4.115034101255791e-7,8.808910371308101e-9,-1.4615918535683124e-10,1.7092947965983137e-9,-6.855631903285584e-5,2.2817355515488297e-5,2.2268443892296364e-9,6.415526321594014e-10,5.394584538688944e-11,0.11871960640160573,-0.0004450766038681115,9.895992333878242e-13,-6.016709541869195e-12,-5.101480551321231e-8,-9.549993350112974e-13,-1.3304943348004736e-10,-4.9146881130578e-9,1.9984546810715232e-7,1.3840777264405301e-8,-2.400417613738556e-9,0.00018499562404608136,1.3766916352764374e-7,-2.2203586043207994e-12,-0.012464486468154382,-1.7653405253322766e-7,-4.2112900145248954e-7,-1.914584928637078e-5,-2.1754711987111828e-5,1.7471347488558045e-11,3.371897862685758e-13,-0.00151234042717947,0.003286825182446894,0.058830546395912335,-2.005111574913564e-7,-1.8283724054989615e-10,-2.131138599976343e-10,9.447481219404019e-6,-6.7866449558292e-6,0.009908521747745685,-1.675322518016226e-5,-0.0005105602693813272,-1.399354493589543e-10,0.0016945780770945477,8.50043954921995e-9,2.0233833150113434e-7,-6.232557947148037e-7,-0.00031219493095443367,7.334112057472489e-9,-1.5804452436762385e-9,1.9713160830303147e-8,-0.015657846299185412,5.905749400105724e-13,-0.00029192288435956167,-1.529324976675476e-10,-3.4428688511503497e-5,-5.087461848255405e-11,4.427033726411895e-13,7.423656497899402e-5,-3.0194129594692286e-7,-1.4174719302924148e-6,-0.00011334423417050676,-3.977930036501731e-6,-1.5282439531663674e-6,7.90314764295553e-11,0.0066214737422950285,-0.0033415209664166153,2.5781030733365868e-8,-2.3192947422158685e-5,-0.001373667556314077,9.590415662096322e-8,0.00021790356724378596,-3.595830352332646e-9,-3.5160535071216023e-6,3.1897085921858735e-11,-2.2925259816095785e-7,0.00821261461838124,1.356489721737824e-11,-0.002138556381110682,0.03728948933651435,1.1135461293198008e-6,5.370735598994249e-13,-2.5831638147209632e-11,-0.004649173774205188,-0.00045951720137395115,-6.010331714481368e-10,-2.7964496891178436e-11,6.322816384708396e-11,-5.6692653515106506e-11,2.045982500014038e-8,0.0003445609831985323,-3.6795804748430574e-8,0.000594343388359442,-4.951913233863969e-12,-1.5463034716520963e-6,-1.7540676645679226e-9,-6.8865960701820995e-9,-0.006415165382654634,-5.893232109962851e-7,-2.6894494852886743e-10,1.386502943038427e-8,-1.1713360430140508e-5,7.245567863039464e-7,-1.4694181833465276e-10,-0.0003601781078056001,0.00011752238214683389,-1.6692445472817465e-9,2.8777793485747642e-8,7.116755456835833e-8,-1.1383844026977359e-8,1.786026587093905e-11,6.18732555147276e-5,2.829911561725542e-8,-0.0117862816755427,0.00017012996254700611,9.250353262097342e-6,-0.018589537536795087,1.9409879811561385e-8,4.981576478388122e-11,-9.71235334560877e-13,-3.337523083292768e-5,-2.4160063608447714e-6,-0.00015352416953081082,0.08344879118916397,1.2733761644867141e-10,8.344344435018542e-7,1.3424126944927694e-11,1.7464395579346983e-9,6.484556371228843e-10,4.7746459045524914e-11,0.000835758157073026,-1.7903042529658557e-9,-5.058673442995046e-5,-4.3147257622284744e-5,0.0003587671471959987,3.41950447414581e-12,-0.0015090027417336252,5.051840576846603e-7,0.00011234243475702464,-0.03641743245792253,0.007600775489043203,-4.107652390722188e-8,-1.783157689302829e-7,-4.210331275233451e-12,-2.7494212026089547e-13,1.3608936532528863e-12,-1.902338520396364e-5,1.6302760747928055e-11,-1.3098463514181733e-7,0.0005312435970203567,-2.720155288882431e-5,0.00030503683807074384,1.4535535421450376e-6,-0.0012345428992820836,1.6863948767717572e-13,3.3315960017917423e-7,-4.997581273732232e-5,1.0026974194162432e-6,0.00010612100251784959,0.004726667799716628,0.0013526531927888755,-2.360415356155188e-12,-4.45491419688397e-5,-3.350910352649287e-9,3.3128400008401613e-7,0.007548800034706096,1.7033286784427302e-8,-2.186172955651062e-10,1.1540603989704637e-5,1.8092229123162433e-11,-1.4170393078974542e-6,0.00012141439725514892,7.8096707522891e-10,-1.1024691665529654e-7,3.342308163919264e-8,0.00013056292090881308,-3.780864752460077e-7,0.014403402924587546,7.490516262971266e-11,-4.2249048919471224e-8,-3.125704802083033e-5,4.15784047256396e-10,-0.006944357349427574,-1.1320748611982154e-10,0.001976909249112029,-0.0001081341771392446,-0.006224658060048737,2.0528488109110062e-11,2.7505913546564215e-9,-1.572657652388777e-8,-8.681082217824053e-8,-0.02885815264057487,-1.0381231024947394e-9,8.85779298275912e-12,-1.9931495710757713e-6,2.6828113001892736e-6,6.080532720161172e-11,-1.1322865413421186e-7,-3.3350542917905754e-7,-2.1120593898316486e-5,-1.7776882745113775e-6,-1.952875778173251e-11,9.041744574589405e-13,-2.7319568723017472e-5,1.1882225463219083e-6,5.766706515660222e-8,2.5292845565780537e-10,2.3099328445631121e-7,0.00040988535028215986,-6.105657546783146e-8,2.7288667616920785e-9,-9.051238880943522e-10,0.01740017418836442,0.00037612190464240784,-6.742988913353267e-6,7.067828070063214e-7,-4.006605313307602e-6,0.00011765424564262882,8.259214616381661e-11,1.7224693558249353e-11,-0.020568533968794843,1.6215824600225484e-6,7.004865832467515e-13
0.0,0.0,0.0,0.0,0.0,0.0,0.0,0.0,0.0,0.0,0.0,0.0,0.0,0.0,0.0,0.0,0.0,0.0,0.0,0.0,0.0,0.0,0.0,0.0,0.0,0.0,0.0,0.0,0.0,0.0,0.0,0.0,0.0,0.0,0.0,0.0,0.0,0.0,0.0,0.0,0.0,0.0,0.0,0.0,0.0,0.0,0.0,0.0,0.0,0.0,0.0,0.0,0.0,0.0,0.0,0.0,0.0,0.0,0.0,0.0,0.0,0.0,0.0,0.0,0.0,0.0,0.0,0.0,0.0,0.0,0.0,0.0,0.0,0.0,0.0,0.0,0.0,0.0,0.0,0.0,0.0,0.0,0.0,0.0,0.0,0.0,0.0,0.0,0.0,0.0,0.0,0.0,0.0,0.0,0.0,0.0,0.0,0.0,0.0,0.0,0.0,0.0,0.0,0.0,0.0,0.0,0.0,0.0,0.0,0.0,0.0,0.0,0.0,0.0,0.0,0.0,0.0,0.0,0.0,0.0,0.0,0.0,0.0,0.0,0.0,0.0,0.0,0.0,0.0,0.0,0.0,0.0,0.0,0.0,0.0,0.0,0.0,0.0,0.0,0.0,0.0,0.0,0.0,0.0,0.0,0.0,0.0,0.0,0.0,0.0,0.0,0.0,0.0,0.0,0.0,0.0,0.0,0.0,0.0,0.0,0.0,0.0,0.0,0.0,0.0,0.0,0.0,0.0,0.0,0.0,0.0,0.0,0.0,0.0,0.0,0.0,0.0,0.0,0.0,0.0,0.0,0.0,0.0,0.0,0.0,0.0,0.0,0.0,0.0,0.0,0.0,0.0,0.0,0.0,0.0,0.0,0.0,0.0,0.0,0.0,0.0,0.0,0.0,0.0,0.0,0.0,0.0,0.16173211489333567,0.0007329646620952781,-0.0012222899511856735,3.0254742521431304e-7,8.520302775669613e-5,6.171919460756069e-9,-0.0008440360068139058,4.586454829221532e-5,0.00023578943380214463,-8.324521551848519e-5,0.0003377265381404913,-0.00037141435428960593,-1.1912552529963183e-6,3.4305060376241746e-8,2.36626331531461e-5,-0.0020660626681260836,-0.0001622877580839687,-8.668362556706107e-10,1.8493682187565237e-9,-8.63736169106137e-5,-0.024558851777300543,-7.278947202822825e-6,-0.003521350490784293,-1.5699420020048216e-8,-0.00025422386403699824,2.6638096471509416e-7,-0.013893588196299728,0.00014131040667713214,2.9355818463992535e-8,3.085510463218646e-5,8.306865724277524e-5,-7.925571361958571e-7,-1.5132794551726901e-5,0.00033883322780192595,-7.3849779816789065e-9,-0.0009556227325661761,-0.0001744200393868018,-8.426767677752851e-5,-9.275444186774391e-10,0.003024593453215385,-6.603129769189624e-9,-0.012601052689773126,-3.844510385944516e-6,-0.0009255121043579463,-0.022576164962511216,-3.095908754624942e-5,2.024083103562549e-7,-9.423700944784806e-5,2.8669520558331876e-8,-0.0038132107534338496,-0.024783022300364322,-1.0027676493856404e-6,1.3048877120495944e-5,-6.333217563107899e-5,-0.00014360274754353616,4.7002237921552924e-5,-6.358461284054091e-5,5.46317250428584e-9,0.00010209143669583026,-1.0202115251350906e-9,-3.580250576285141e-8,3.345713876728113e-7,-0.0001512798309255544,-0.010627271668024624,-4.174835492779147e-5,-0.0027332835658591286,6.69358374188585e-9,1.0317480347797314e-9,0.0008992831322871302,0.00018696302668643594,1.3901825921681467e-7,-0.0004663889733586306,9.414611148711701e-8,9.923722469561325e-6,-0.005954539688473873,-3.396301446984663e-8,-0.00013940564459790703,0.00340789995753159,-1.8190809182142604e-5,-4.184663444104151e-8,0.06782266550654338,2.358192815162106e-9,-0.006957783346961868,-1.699647955251522e-7,-0.00028541634891214433,-5.655039178391284e-7,-1.8112392325709807e-8,-0.023838644125875642,-0.00047445659771906657,-0.015756020974733716,-0.0006653991509400079,-0.00338897785980919,1.0205894892497396e-9,-4.430871149782933e-6,-0.00022509982867454113,-0.00022303771759088804,-3.0350967497914125e-9,-0.002128707781168324,0.01333310517007975,-0.027643981979963515,0.0002595162540802114,1.9470613202010472e-7,-6.749462675495528e-6,-0.003137728581834556,0.004209310173228679,-0.00016984438185364047,-8.156929156156959e-10,-0.0012172207774636277,-2.751648726706348e-5,-0.001995520923908701,1.6480164479924864e-7,8.011963956256438e-7,1.923549782250364e-5,-0.0001368734574960451,3.818680456554685e-5,-0.020703199935509727,1.8815411191091465e-7,-0.0006417597650629613,-0.0018491195163569444,4.9865330553424755e-6,-0.008514320706189448,-2.880647663323534e-10,-1.884457850373373e-5,1.0243627808466414e-7,-0.015729438093356113,-0.0004895217709839755,-1.0925711369672597e-9,0.0002203005277944432,-0.00018252161100401897,-3.2382284856931678e-6,-3.09234921133533e-8,-0.007214619930530412,-7.86208942283288e-9,1.8764047005386783e-6,0.00043645746060940317,-1.149051832438172e-5,0.0003803836437314604,-1.1296491976749095e-7,-2.7374102257747462e-5,0.0006185153146057346,0.03045111994833588,-3.6159118649371854e-6,2.3182695575678746e-9,-0.025522402669920716,-3.7145068684679286e-5,-3.603935865472249e-7,1.548477423817696e-8,-5.605643476919172e-7,-0.0017966696495114911,-0.012086954685313612,-2.125738646384654e-6,-2.0508153747556796e-6,-0.0005847225944908089,5.2276304657289115e-9,-2.586217944881088e-7,-1.6631964372668154e-8,-0.00970339295520607,0.005515880748762088,-0.000942541378735057,-0.0003817107517028099,1.5510336233609861e-6,-6.677002230265323e-5,-4.0949502874076255e-9,-0.000982822292086382,1.235186837387967e-8,0.003638937483243643,2.9941004678755656e-8,0.0009393264919737385,-5.931019534764134e-7,-1.1512914677321017e-8,-9.74037513752877e-7,1.1661351229593088e-9,-2.42162199995633e-6,0.0001453344733711518,-3.3824901877041778e-9,-8.45519876327505e-10,-0.0002220500111653559,0.006875433921155757,-1.4006430121232435e-5,-0.0014182333272995322,-2.1713664650688047e-5,-0.0003334879571067093,3.4175959122328965e-6,-8.149555489273428e-6,0.004267656027093212,-0.0005165765086135506,-6.132121120481335e-6,0.0002896061058936876,-6.631351372032378e-5,-0.0009756870396639343,6.475191768347445e-5,1.0318664024086372e-7,-6.94311479638001e-8,-1.0532202387285653e-9,9.348641952879151e-6,4.337793196385921e-8,-5.427084846408211e-5,-1.5018975865296357e-9,-0.004070556570843958,-0.0002685595921052219,8.269891826730735e-5,-0.0005257160950717808,-2.5974208295803216e-11,-1.0218513231112666e-9,-2.2257053797414683e-9,3.0353151471688706e-10,-2.5207881733635896e-9,0.005188977909700517,8.895047077574388e-7,-8.827455614389779e-7,0.004572823187650179,-5.080418576187263e-7,-9.22760701628592e-9,4.945688379184286e-6,4.221324215600246e-5,5.415439117946486e-5,-0.007447770309162862,-0.002147326161067427,-2.0314622809813984e-8,-0.027030223625664384,-1.1210691553279837e-7,-0.0021242785168172794,-3.456345748371218e-9,7.964162081390542e-9,-7.335042125504915e-8,-0.00013364832235774482,2.1130357140114488e-7,-0.03329969761082813,2.5042932986054372e-5,-2.3143665074032804e-9,5.346461523047382e-5,-0.0012457649609309623,-0.0007143224053730355,-1.468255975739504e-6,1.416863541805704e-8,-2.014907178549717e-8,-9.782985320604564e-6,1.1685749310495076e-9,0.0001413317481655283,2.714974833755568e-10,0.006950298919303062,1.626086193556281e-8,6.558045787605347e-7,3.305492520718354e-7,5.680770888555358e-5,7.449872888471603e-5,-0.00275012962565378,0.0003019752486588788,3.1816598023321265e-7,-0.00015490658380120178,1.465835136720129e-8,-0.00013990522580966335,2.220615951697115e-6,4.426080949165746e-7,2.2173389214415497e-7,0.0036599784754025987,2.9051623489560394e-10,2.1062583901976682e-5,-0.001195289156846921,0.00021959793671785688,1.3693516575522642e-8,1.9704896547319295e-9,-6.636125520069738e-9,0.000554157610483658,4.684850942018897e-9,-3.301798660995582e-9,1.6049532536602755e-8,6.122944290159473e-8,2.429446983765849e-5,0.003062371632449067,-0.022990716636265722,-5.43371492561878e-9,-5.498928327045444e-8,9.032177739082464e-10,-0.003174942236982952,-1.604781839922422e-8,6.798394771278923e-5,0.0030093109504693892,-0.0004287926956185322,7.970011367368709e-9,-0.00789499389472898,-0.001091228419526271,8.791399977008036e-8,1.3330166233358522e-7,0.0012326729010875607,3.161896277909167e-5,6.250271426208946e-5,3.6461352681462527e-6,-0.012335349466021533,0.0009081833500485263,-4.990639963625711e-9,2.147728680292909e-7,-0.00031129626993184925,0.00010843204720157198,3.1684504015020397e-7,-7.814140258142653e-6,-0.008749177501433225,-4.926711119523523e-5,0.00035638853882370095,-0.009298190753645257,-0.010282428688901994,-0.009076162392878994,-1.7431141572171027e-9,0.0027218259668094795,-8.519001321309979e-6,0.0006823846948901268,8.026874912922903e-5,-0.00015813450145009265,-1.5220822510656964e-8,6.909198272141602e-5,0.00015076257605435312,0.0015216840754346786,0.007434960796531122,-0.0023014317318963418,3.738582329443915e-9,-7.884326603630177e-8,-0.03063966662886822,2.7547165019725392e-5,0.054604669732745865,-0.0005466502501555262,0.00025613291937161454,-0.024714281127536507,-2.213681591181855e-5,-9.535844955223695e-5,-0.002603497873965253,1.1407831721574931e-5,3.4990328586735137e-9,4.669194984896025e-6,-8.314939916357925e-5,0.002672128703909661,0.00016416636908237684,-0.006491484137909311,-0.0001202205049463785,0.0006265902465761209,-1.1632751209956676e-6,-1.3581731331813352e-6,-0.0030415041711760165,-5.751592229744279e-5,0.013206980965605696,0.00042747366975787925,-0.0011871157206994553,7.184081733244809e-10,-0.017084213550807716,3.613978157536836e-5,-2.8972573183041198e-5,-0.000796746352595166,-0.0003186755663492029,-0.03684662180851214,-0.00014189232403337957,0.00025006141287435866,-5.399638586296912e-9,1.3227446599506041e-5,1.4363370266334708e-8,-3.454694747725951e-8,7.135533683923205e-5,3.3283562369149808e-9,5.74155265714789e-5,-0.009155110157591684,0.0019308220602547823,2.4738901584881404e-9,-1.6945577954094722e-6,-0.0016575138564951016,-0.0006680267265559094,-4.532128886958882e-9,2.7280390316620813e-9,-0.00042301148142240996,-3.9976357779266385e-8,0.009192337929501396,2.0856764766062156e-5,-7.992036301714828e-5,-0.00017732222003217525,0.0166056323586936,-0.00033189009177452434,-0.03555157931784052,9.518800653520373e-7,2.1054145650087266e-5,0.060968163500989304,0.001858202389773501,-0.0021828644335594315,1.2129930022191063e-10,-1.2140179631828027e-7,2.1776584589547966e-5,-2.1212698645058512e-5,-0.0025708069513301693,3.8324595796718847e-5,0.002498079493240457,-0.0012901134612782182,0.0008646289210447821,0.01238029072302635,-0.004560494034001514,-5.484724308540223e-8,0.00018961871536316485,8.1089239267537e-5,-8.070609027215341e-11,-0.0015237753488724075,-6.145010301316685e-5,-5.1105540340463816e-6,-6.242866519313268e-6,2.0164052389431483e-5,2.2868955395238005e-5,-7.314690171188315e-10,-3.3399869228379062e-9,3.120353339578533e-10,-0.0012689579098722195,-0.005233585709986555,-0.0012942057887013582,-2.4172397608405774e-7,1.4407319706593923e-5,-4.471560003718673e-10,-1.2441893245113852e-6,-6.245005451985761e-7,0.003970881794275484,-2.9604388148532166e-10,-0.01627164139228025,6.506857042473469e-5,-0.00025851777751246787,-8.495472501147881e-8,0.02364643495106165,-0.012119894521119893,-0.014754416307763408,2.4215320204084505e-9,4.382232765119511e-5,-1.772101596429947e-7,-0.005559914886059972,-3.598525378792203e-7,0.0004701743973266553,1.306291330105938e-5,-3.9414695698143936e-8,-0.0005452049789378397,3.164592682316797e-7,-4.119931234036717e-7,-4.758549533463657e-5,1.2142301357970892e-5,0.0012471361779275,1.1931846562171028e-8,-4.768752513139155e-8,-0.005050968776964739,-4.325293804291067e-6,-4.232569560607895e-8,-0.0004220892782284498,-1.07128564291797e-7,-0.01632169548170219,-4.338255948342964e-5,-0.0011730870166812722,-0.0003177158472243289,-1.1067337478649839e-9,0.0001729670070328715,5.940804557768558e-8,4.769050118267739e-10,-7.078960467958822e-5,-0.00011552842607832918,-0.0012794249101723844,2.281672299395793e-8,-6.178513488816802e-8,-0.031314564087837685,-0.0006255939299997168,-0.0006243518453696552,-0.0007199464753459599,-0.00016979459688450037,3.7138502912392094e-9,-1.1132593751769703e-6,5.5141333276395745e-8,-3.1896916306297576e-5,-5.2364995308588784e-5,0.044298518084026295,0.0004480030698383693,-3.919826864787024e-8,-3.426384670160519e-5,-0.0008892788298258159,0.0011258801810518652,-2.7571091525128907e-6,2.2747718959938544e-5,-0.005241120017890445,2.5219741716779966e-8,1.5105901996255794e-7,-0.012285192315473713,-0.00036149212356343264,0.0007183898952071493,-0.006136968710928402,0.0004577882009900657,7.939891232374025e-7,-0.0007251086313421783,1.0231988420564938e-9,1.7953835332198944e-8,3.464189341509376e-6,-4.4950253011129075e-9,0.005663629605933196,-0.00024354216588270196,-0.00024243484092633082,7.37898203890768e-7,1.0673014861630916e-5,-6.758831157232763e-7,9.192615647293758e-10,-0.00019815336497691798,1.9287923680511242e-5,4.6206824757353624e-5,-0.01560781357660738,-0.0008768148726123864,-0.0001701500720600002,2.554549641899858e-7,-0.012761648636385082,1.1774489819534422e-6,-3.9354753659468805e-6,2.819716717114065e-7,-6.600230920242027e-5,-3.2393354750503774e-8,6.747896408571783e-5,3.481800405860579e-6,-1.1130696704809567e-8,5.754200503736012e-9,-0.0036112215416154087,-0.0002736911941734173,-1.6919360321109374e-5,-2.371748002279856e-5,4.227425705725956e-5,3.8113212042617196e-7,0.00014421597089186547,5.936018759152355e-6,3.1115465654564e-7,-1.0357630183763014e-6,9.738671669336025e-10,4.888403084521156e-5,4.9046884236037244e-8,2.5543327839617357e-5,1.0109045736005125e-5,-1.3834372084100061e-6,-2.4148296455154668e-5,1.2130044334583891e-8,9.617119018183803e-9,5.6131612995786885e-9,-3.6182558226877524e-5,-1.304367885320193e-6,-0.016276234029258766,-0.00012466709027744474,-2.1681184544212734e-9,0.008142129935902015,0.003615711662568687,5.924000776939266e-6,7.117114024993008e-5,1.4282267544431821e-5,-2.5699062207874982e-8,0.01478624634230278,-0.0016067049649827923,0.0009874703823600822,3.409171533367028e-7,-0.0014636978083808062,3.3674611835846673e-10,0.00032207182873934034,-0.000984595776472758,-7.442451344086964e-6,-0.00793054401523543,1.2698421806440942e-8,-0.004580840578178386,1.1039791660278557e-8,6.111117044842944e-8,-1.4159477669655324e-9,-0.002065903045612398,0.013123682152049914,-0.0030114686376710594,-0.0011909138341497337,-9.466378927247113e-10,-0.02262261324196354,-0.00011184265047310431,-2.0929159320465955e-5,1.7480105021169098e-7,0.0004923996713001623,-0.0006777574724351627,3.3209565044648684e-5,-3.357604937029638e-6,-3.0468641365127687e-6,-0.00016928791964881555,-0.00010167897371508874,1.1104108060969043e-7,5.697747296572987e-6,-0.00046491610492914004,0.004009075200835256,0.00014945858895329492,3.2161285475448243e-7,-0.0006481210071458085,0.06272309274027414,-0.00042256825056366114,1.1427724852611254e-8,2.4592420339257498e-8,-4.334697180285656e-7,-1.0153395840318955e-6,-3.3870651194321946e-7,1.4539289877337895e-6,-0.00019342962281507098,0.000547017679380646,-9.372559686273084e-10,1.0946647382217664e-6,3.3222933363294505e-5
0.0,0.0,0.0,0.0,0.0,0.0,0.0,0.0,0.0,0.0,0.0,0.0,0.0,0.0,0.0,0.0,0.0,0.0,0.0,0.0,0.0,0.0,0.0,0.0,0.0,0.0,0.0,0.0,0.0,0.0,0.0,0.0,0.0,0.0,0.0,0.0,0.0,0.0,0.0,0.0,0.0,0.0,0.0,0.0,0.0,0.0,0.0,0.0,0.0,0.0,0.0,0.0,0.0,0.0,0.0,0.0,0.0,0.0,0.0,0.0,0.0,0.0,0.0,0.0,0.0,0.0,0.0,0.0,0.0,0.0,0.0,0.0,0.0,0.0,0.0,0.0,0.0,0.0,0.0,0.0,0.0,0.0,0.0,0.0,0.0,0.0,0.0,0.0,0.0,0.0,0.0,0.0,0.0,0.0,0.0,0.0,0.0,0.0,0.0,0.0,0.0,0.0,0.0,0.0,0.0,0.0,0.0,0.0,0.0,0.0,0.0,0.0,0.0,0.0,0.0,0.0,0.0,0.0,0.0,0.0,0.0,0.0,0.0,0.0,0.0,0.0,0.0,0.0,0.0,0.0,0.0,0.0,0.0,0.0,0.0,0.0,0.0,0.0,0.0,0.0,0.0,0.0,0.0,0.0,0.0,0.0,0.0,0.0,0.0,0.0,0.0,0.0,0.0,0.0,0.0,0.0,0.0,0.0,0.0,0.0,0.0,0.0,0.0,0.0,0.0,0.0,0.0,0.0,0.0,0.0,0.0,0.0,0.0,0.0,0.0,0.0,0.0,0.0,0.0,0.0,0.0,0.0,0.0,0.0,0.0,0.0,0.0,0.0,0.0,0.0,0.0,0.0,0.0,0.0,0.0,0.0,0.0,0.0,0.0,0.0,0.0,0.0,0.0,0.0,0.0,0.0,0.0,0.0,0.16134088410566808,-4.977875649544253e-7,-4.3637948396854887e-10,0.0023453930019440104,-9.598512732672478e-11,-7.641931393501362e-6,2.4949149224767344e-8,0.0038740186911260664,6.496532467622654e-7,0.014896657321886952,0.0031449451059084002,3.189974039973786e-9,-8.500405903433371e-11,-1.4589292016266516e-7,5.205764078009131e-5,0.0051074608523112176,7.35609260975073e-12,-1.9387861847912667e-11,0.027326104527175096,0.0008194960446254148,2.0400271289776596e-8,-0.008336873565797341,-3.358381449658794e-11,1.0221600020076194e-6,-1.2964046145488478e-9,4.779779862322732e-5,1.0016173000620824e-6,-3.5491949624632117e-10,-0.0067724335418069635,0.019702408555268273,1.0707104757086541e-8,-3.3961496629781134e-8,-0.0008932226937683833,-2.477671160842434e-11,-0.0070163617662944745,-1.0597608153212136e-6,-0.0041900262681822415,-1.2056909565019404e-11,-0.0011286134898368543,5.4765945453734384e-11,4.930777405305053e-5,2.1860765978851458e-8,-0.0029551266110867916,-0.0012765728748876824,0.04946683314280804,-2.7857151728468165e-9,-0.019542182105522842,-7.0990714497104e-12,-0.0002822561404237005,0.00015530228233456476,4.951983416266726e-9,-6.203750713028844e-8,0.012089593197693633,6.227886686101942e-6,-1.5691921058295544e-7,6.572180004273611e-8,8.206034066693131e-12,0.003090165187935957,-2.642481534331191e-11,1.611393562542855e-10,-2.2912799332278008e-10,3.836547738861342e-6,-0.0020367214868081524,0.015425621574887072,2.7611825627613585e-6,-7.712454917257894e-11,-1.3508809218516442e-11,-1.1234552498739995e-5,0.03559825559025138,2.4273728117441314e-9,-1.9853594146008025e-5,-7.584005696454075e-10,-4.856745232012726e-8,3.3218147778964385e-5,4.0614469696858717e-10,-0.006667556585844909,5.04779550295814e-6,3.0625965150488404e-7,2.8752047590621054e-10,0.0010535260330776692,8.174703473807596e-11,-0.0030919359568753607,4.311692564375408e-9,-0.026889519226597818,1.0858429680131982e-9,-9.287491143743315e-11,-0.0007856550783663579,7.472324125117185e-7,-8.768776757809127e-6,0.03270279676411819,-0.0007442428378079784,-3.96183989283967e-12,0.011672750759299771,-0.0025338730934439386,3.7123074509631344e-7,9.578567614382917e-12,2.18613570048804e-5,-1.7983628995101562e-5,-0.001241196064360909,2.3597882211597104e-6,-1.421705942335869e-8,1.8611504330466598e-8,0.0037209654037812017,5.2199981085584754e-5,-0.01329155337804206,7.873240577143546e-12,0.03046474901129411,-4.855006753786454e-8,5.902112107152e-5,-9.54507190714395e-11,6.337727801286582e-9,-0.004056664011948765,1.8445305450382148e-5,1.0275255062201281e-7,-1.6281317709594153e-5,-9.017661248205695e-10,-0.01374730465411336,-7.919085643911134e-6,-4.360860751033391e-9,-0.0036116145566962416,-7.906600537577366e-11,-0.004176777329944671,-5.217005807357369e-10,-0.00012386510845144522,1.2832188040534851e-6,3.573406834836798e-12,-0.00029739985027972326,0.01585953167209247,-8.430832708044958e-7,9.77312286339691e-10,0.001585832974123996,-1.7324245944368795e-11,3.1244250053142795e-9,1.970851599812455e-6,-8.149487428857098e-8,0.07315502413241565,1.9342655963319576e-10,7.426946490847274e-8,0.05126160337786413,5.7323574921425733e-5,-7.538106163533377e-9,-9.739339740165028e-12,0.0002901445893534743,-9.168686979806581e-8,4.221693361461217e-9,-2.7060282010667996e-10,-7.175879029887892e-8,1.4361554926932355e-5,-0.00023814322183024627,-1.2067383914918104e-8,8.568472248360931e-10,-1.5612963681998588e-6,-7.25801508431816e-11,8.019066587048754e-10,-3.1856146716605846e-10,-0.00020199136703033798,0.00018262073834774854,0.006084406693009263,-0.0006851055384462486,-5.032524687982607e-8,-3.1903674807087213e-7,-3.184724225832685e-11,-3.564198707684153e-6,-5.0562964029555e-11,-0.0021112532148377665,-8.25991167591133e-11,2.158189964560948e-6,5.34813523453391e-9,-4.4004299927504184e-10,2.0985796220601094e-9,1.3219026843433727e-11,2.1685059297844436e-8,0.012960563217905192,1.809882232071534e-11,6.034376958606367e-13,-6.014823645075475e-7,0.0011941464582247113,-3.1080764563437055e-8,1.69363592482919e-5,0.06021920002349561,-1.0297645062449127e-6,1.1072371269736966e-7,-3.714012143830189e-9,-1.2047181145539373e-5,-4.019670111403908e-6,-0.0005158652348091323,0.06754439282315032,-3.607397080207227e-7,-0.04678253746594015,0.025380309869237512,2.0585872187064216e-10,2.82726436419862e-10,-2.058207303084029e-12,0.0007162236371289489,-3.946292565145628e-9,0.03892607138866772,5.8723731480206575e-12,-0.0005684516669381525,-2.825574382974621e-7,-0.0017205878571390498,3.6255744442545373e-6,-2.8476716320126694e-13,-2.4286540101897184e-11,1.8281450271405237e-12,-5.697607720941178e-12,5.377281451452697e-12,0.0008565754093342437,-1.016637119807325e-8,4.001978948910547e-9,-2.599785237604927e-5,9.71676442560139e-10,1.980112469588964e-10,-8.08014084731185e-8,0.00159994469208452,-5.554426743781301e-8,9.820047631277644e-5,-9.943674815962371e-6,1.6764349928228002e-10,0.0003629097141244036,4.924824812195105e-10,0.014478811926669347,3.583467338459815e-11,2.29217420894311e-11,7.304823070915454e-10,0.07504147407618614,-6.207491327218268e-10,0.00017522307437823877,0.006526294609740943,-8.008528417378149e-12,0.002387890388126432,-5.511730289196984e-5,-0.00013488940852632666,1.975383189600693e-8,3.145149442770545e-11,8.121658989962246e-11,6.541714202626618e-7,-3.3644391521497964e-12,2.3150220648056745e-5,-1.6972262159985995e-11,0.0011550964324355455,-1.4827477234501702e-10,-1.2635762250672735e-9,-3.8909781066767744e-10,-0.005313952592066298,0.03741351054641161,-0.0019028448145574745,8.371317401999278e-6,4.851742421257e-9,-0.00017690501050225685,3.103438901527329e-11,0.0016833254090379728,-1.0128135644782246e-8,-1.3115271697507342e-9,7.975802935301236e-10,-0.00210949623310658,-1.5839728724410674e-11,0.017894516832219622,-1.2242204017217575e-6,-0.003712744236310387,-1.6738177831096981e-10,4.799968591612296e-12,-3.94897884500749e-12,0.023309045295958706,-1.297733430591721e-10,-8.80331744258943e-11,-6.394373524629951e-11,3.2110865461224533e-10,0.015172416151365104,2.0807633692747557e-5,-2.6639895462031548e-5,-8.130564615626377e-12,8.41600182169163e-11,-7.129596901369523e-12,-1.595540694257823e-5,1.567868305631331e-10,0.006927877268684767,1.1151911127500865e-5,2.9203339116396786e-7,-1.959404501671442e-10,0.0010275998453962271,0.00028380318570297243,-4.22801304628095e-10,-3.0292610053841916e-10,-4.412200279240375e-6,-4.2579074757909574e-7,1.3535741551774082e-7,-3.051552094149882e-8,-9.559867641309067e-6,-0.0022466790663092876,1.6665435511903275e-11,1.215697070686796e-10,0.042594948321120166,1.0556356987156042e-7,-1.2293839957083061e-9,1.5259324917021283e-8,-1.6753587994760707e-5,-4.6880649681682996e-8,-0.0031556215876518243,5.895369761661469e-5,0.00017995427669767708,8.330602645578956e-5,1.335751774235542e-11,-8.006120777575901e-6,1.963914778668851e-8,0.0007748587018134256,0.011362195672571502,1.3200127975825031e-7,-4.730170697818366e-11,0.003299414954845344,-0.012910337598967796,0.00605592176872114,-0.0007278747426959279,5.1660626800773926e-5,-1.5083599476103083e-11,-6.755650726090337e-10,-9.831159811671016e-5,-2.1552129744957174e-8,-0.0005715335560748471,-0.002102444947620226,-0.008436093938931811,2.090939315526902e-6,2.4010976265010153e-7,9.74322781375371e-5,0.0025908155241466456,-4.013400868529945e-8,1.0765939121080414e-11,5.507192746658331e-9,-8.230276650457938e-7,-0.002284981480230035,9.334182957931368e-6,-0.008196950329917638,6.75962111202493e-7,0.08920956175113512,3.082691809350269e-9,2.305347262728878e-9,0.011748103371112867,-2.8468108628632175e-7,0.004611613173484405,0.05537078488489448,-0.00016269034920693038,7.686780901934216e-12,-0.00026666045312939766,2.8771785882072393e-8,2.405417950501004e-7,-0.012305745000638012,-0.016283127292993943,0.00041244185887110677,0.0122351117754167,6.581201338678764e-7,4.2832495230836145e-11,0.007988752137819409,-7.243794958256848e-10,1.7810129052940246e-10,-0.04110770025177058,-1.0649430568317134e-12,5.459397436759173e-7,-8.611876023409786e-5,2.698843088496592e-5,2.4353536996387404e-12,1.147080002071833e-8,9.552169614975315e-6,-6.71651029576505e-5,3.76825495297827e-11,-3.853923667352999e-10,-0.0011209914847224286,1.5079284720968956e-9,-3.3790762098890984e-7,-2.375355864165566e-8,-3.7564745349903304e-7,1.798638740928116e-8,1.1035141464036518e-5,0.002951304514968097,0.000259715778149839,6.511693609583001e-10,-2.205341415183837e-8,0.000260769575436147,0.00015399192472589156,-0.002527336443175363,-7.811495308794342e-12,6.990285986543178e-10,0.0018646354356150177,0.004919012747529346,-1.5134718301986964e-6,0.005229768178536885,-0.00039441859179751253,1.697897838935414e-5,-3.0569836308845606e-6,1.3313904765890594e-6,-9.467258342254086e-6,2.466477519558442e-11,-3.8313822274865646e-7,0.02513471425785712,3.4349701546621696e-12,-1.1356949708617686e-5,5.001419943064904e-7,-1.0337902979202562e-8,1.0001857722593266e-8,0.015936214310245445,-0.004526844849691236,-6.940630161949394e-12,-1.1716944027357911e-11,8.864186735799594e-12,-1.5650232049439794e-5,-0.004743427006141404,-0.0024155485858480233,8.113890099047719e-9,-5.946856583167669e-8,-1.4134813316760445e-11,-1.8492484807442177e-8,1.9547091128354433e-9,-0.000580982277026901,1.3165150599221967e-11,3.779428304141023e-5,-1.5186477997282942e-6,-5.1245674991081054e-8,-1.4027462284481094e-9,-0.00017076587798460353,-0.00010478388079074657,0.0001473191784831021,-4.5938743921229e-11,0.00031381386036270586,-9.018977415466745e-11,-0.000590457466890638,-1.240184123412559e-9,-0.001409975009129016,0.00122862030653792,-4.823768469260262e-10,-8.877818452418506e-7,3.9953105100507954e-9,3.108637480545679e-9,-2.3893458077657656e-7,-2.2763807562613697e-7,0.003348179866154951,-4.301154669884516e-11,9.608646091584358e-11,3.464674272219544e-5,-5.6760298802478644e-9,1.4014954197038702e-10,6.716864800235586e-7,5.383293571982323e-9,0.00013595397485698405,5.7685398325411574e-8,0.009386580383533712,6.857771669125836e-7,7.428166963494093e-12,0.09068326780768352,-5.263858047608887e-10,-4.465959626114261e-12,9.148419736298845e-8,0.005581639780572799,0.006901846221776365,-2.0507905694619937e-10,7.919091739422451e-12,-9.904528910300018e-5,-0.04142093421093558,0.025731030577061414,-0.0002658036056723071,2.1198521442925083e-5,4.407639516474782e-12,-2.512904656886284e-7,-6.522535419876155e-10,-0.00255519586451375,4.614703189844644e-7,0.00010864808039325551,7.394021355797184e-7,-5.009584093004247e-11,-3.620110824959056e-8,0.0011553359295119357,3.219306219177057e-6,1.7040333668538114e-8,-2.8875306253716646e-8,2.6110335013562064e-5,-1.2913522976068507e-10,-3.9647124937514493e-10,-0.0004083551148121155,-5.379574218533737e-6,8.026013151579476e-7,-1.832034798930063e-5,0.04294367075881552,6.3556201350247376e-9,5.930303094138582e-6,-1.2775438782413903e-11,4.328464500574872e-11,-4.874891191334151e-8,-9.824825757317776e-11,4.095961343973562e-6,0.04577501762929868,-0.017061314781721557,-7.566775098959692e-10,-8.840212621227685e-9,5.174712447755014e-9,9.109204012951088e-12,0.0029065902404504743,6.050749143732404e-7,0.05710513951228392,1.6029965629544917e-5,0.0003420748977822334,0.006242968670937974,-3.173020326610473e-10,-0.00016222594843138706,-1.676135082234216e-8,3.9734881545685455e-8,-1.0475167753589723e-9,0.016068463310089553,8.422246222895994e-11,2.4883547446114726e-6,-6.318036435658207e-9,-3.343637290678194e-11,-2.597544412315225e-11,2.328479026746682e-5,5.183217330060828e-7,-0.00038142548406122775,0.010121347580840993,-0.004046370658404315,4.150559374234184e-9,0.0039361398264565785,-1.9056425691177133e-8,2.138644089200249e-10,4.890048123619992e-9,2.2671151045143198e-11,4.843531808062805e-7,-4.0516326458047187e-10,0.011434999606113916,-8.52761981522043e-8,9.742104761782551e-9,4.0873794413064604e-7,-1.4299530788686713e-10,-8.231166563171035e-11,1.2601665869460777e-10,-0.0006233523611944186,-1.0465730496274566e-8,-0.00026335707076136815,-2.0405482491988096e-7,1.05046152318244e-11,-4.110588026454963e-5,0.0016979577221470118,4.9492983527941623e-8,0.012165001784627885,-6.821613396325255e-8,1.2869376593632367e-10,0.00047553407748324015,-3.956168688849946e-6,4.626867195806002e-6,6.397151983745062e-10,-6.26453348859705e-7,-1.9408961469866038e-12,0.009933890392419957,8.331538869897486e-6,1.162946598951012e-8,0.0002901977436560608,-1.3757935784662844e-10,0.001509058590867775,-5.228258044022409e-11,-6.553715155744095e-10,8.448797418754337e-12,0.00024028977423102155,-0.00018774526446788416,1.24660949507261e-5,7.748986020674734e-6,-2.5757914684790228e-11,-0.0007675889655730621,0.016733023273868143,-3.2912165589381356e-7,-6.01989006511669e-10,0.008368116698278985,-5.194737321033871e-6,-1.5176752282434487e-5,-3.3904586690690388e-9,7.199050813920489e-9,-0.0020469540986651842,-0.0017639218531995064,-7.454878588684302e-10,-7.742867210727396e-8,-1.7572302369619586e-7,0.0010533066138272002,4.852019406482525e-7,-1.8977258131323243e-10,-7.752897619533101e-6,-0.00010626385938030948,-1.1349397333627306e-5,4.8643404422163814e-11,-1.0481880977578823e-10,1.3437477670590546e-8,6.456649393242564e-10,1.8227983175220588e-8,-2.299395831387555e-9,0.03434010645767646,0.08557549479299797,2.6546962794751177e-12,-2.9076781410379495e-8,-0.004656515759270802
0.0,0.0,0.0,0.0,0.0,0.0,0.0,0.0,0.0,0.0,0.0,0.0,0.0,0.0,0.0,0.0,0.0,0.0,0.0,0.0,0.0,0.0,0.0,0.0,0.0,0.0,0.0,0.0,0.0,0.0,0.0,0.0,0.0,0.0,0.0,0.0,0.0,0.0,0.0,0.0,0.0,0.0,0.0,0.0,0.0,0.0,0.0,0.0,0.0,0.0,0.0,0.0,0.0,0.0,0.0,0.0,0.0,0.0,0.0,0.0,0.0,0.0,0.0,0.0,0.0,0.0,0.0,0.0,0.0,0.0,0.0,0.0,0.0,0.0,0.0,0.0,0.0,0.0,0.0,0.0,0.0,0.0,0.0,0.0,0.0,0.0,0.0,0.0,0.0,0.0,0.0,0.0,0.0,0.0,0.0,0.0,0.0,0.0,0.0,0.0,0.0,0.0,0.0,0.0,0.0,0.0,0.0,0.0,0.0,0.0,0.0,0.0,0.0,0.0,0.0,0.0,0.0,0.0,0.0,0.0,0.0,0.0,0.0,0.0,0.0,0.0,0.0,0.0,0.0,0.0,0.0,0.0,0.0,0.0,0.0,0.0,0.0,0.0,0.0,0.0,0.0,0.0,0.0,0.0,0.0,0.0,0.0,0.0,0.0,0.0,0.0,0.0,0.0,0.0,0.0,0.0,0.0,0.0,0.0,0.0,0.0,0.0,0.0,0.0,0.0,0.0,0.0,0.0,0.0,0.0,0.0,0.0,0.0,0.0,0.0,0.0,0.0,0.0,0.0,0.0,0.0,0.0,0.0,0.0,0.0,0.0,0.0,0.0,0.0,0.0,0.0,0.0,0.0,0.0,0.0,0.0,0.0,0.0,0.0,0.0,0.0,0.0,0.0,0.0,0.0,0.0,0.0,0.0,0.0,0.15901040028251293,-1.4437693144206839e-5,2.631041412347029e-7,-5.792739152520671e-6,0.01648738753315879,3.687732401243331e-5,-6.35190251341443e-7,0.014338485053209768,4.210440049100974e-6,-7.405780833944569e-5,-4.284644406984736e-5,-3.293357781141301e-5,0.0005864474594235093,-0.005696558969399772,1.8791452596132823e-5,1.5777500958007387e-7,8.716985370891413e-9,-6.066426744279139e-7,-0.0002757441238194354,8.189070063122169e-5,-3.394143628742866e-5,1.5217011836762956e-6,0.05596158068520106,-1.8633206070435522e-5,0.012306570150544118,-0.00912503073904147,-3.682290769929371e-6,2.5941157292105484e-7,1.2373103483195846e-7,0.0008061849029804296,-0.0013766940216144502,1.0690853886025133e-5,-1.3453638726324853e-6,-1.8333480249116556e-5,0.016634043741680652,-1.74366977974567e-7,3.090690527412011e-8,3.942454976683578e-5,-1.098670449102551e-7,-0.002297819924177755,-0.0009322133069809469,-7.769951789981765e-7,-0.00039029873226433795,6.17273376184961e-7,6.69749600628344e-6,-5.782713690926752e-6,7.473774642901699e-6,0.0006382535328688935,-0.00038224848470024486,-0.00010385154305026958,-0.0005203910278748771,-1.0430075142200459e-5,0.008902322892817243,0.002168376550661964,0.006056989830266368,1.5328772846856574e-7,6.962094846613183e-7,-4.2895509158736243e-7,-1.6873117852490935e-6,-1.1261881584492391e-5,0.05019943863774629,7.0764993341688554e-6,-1.9648114530921764e-6,0.06049689667585989,2.3629033875696925e-7,3.011712687504197e-7,0.03503442029465341,-1.279812294861508e-6,0.00022722547306961642,-0.011757636962486415,1.836999597431312e-6,0.0036929064987797507,0.005056535957009312,2.7696957527546612e-6,-2.6521437596223435e-6,0.00045349416147192245,0.003417011562554093,1.6245619078530952e-6,-0.00019170363001979202,-5.4488301466740483e-8,-8.829427654542803e-5,-0.0004256106616639988,-7.394988394455428e-7,9.11340532626165e-6,-2.4766325380965357e-6,0.00019825607475204573,0.026878228672402502,0.0053843712374276285,-4.818464830391709e-6,5.408145323836992e-5,6.64516422550842e-8,-4.030854412860282e-8,2.7234017225936724e-6,0.02665219581526027,2.3945796757188275e-7,0.0019787466123220507,-0.0035187600092307643,-0.00048016993528439785,-0.006611041881498158,9.273431068068604e-5,8.818150155475373e-5,1.62916837677062e-5,-0.000247530619786302,-1.0386939110335267e-7,-4.207457379975532e-8,-1.3535376062006668e-5,-0.0038201597699046037,-0.003692522721134502,5.998097768538234e-6,-0.0002161659055027139,7.283966370002106e-7,-0.008976286166964853,0.004090579076813526,-0.00018158219928571617,-2.2437204004186796e-5,5.804582741043624e-6,0.007568099116608753,-0.00010429282659009188,0.00013339987540409985,-4.3693829943706796e-7,-1.7153070287324577e-7,-9.975144979040043e-6,0.0024248202749974765,0.029386108666616076,-6.451855074364778e-9,-0.0004599970590886937,-1.716129052162515e-5,0.0198659815060564,-1.3349604124060263e-5,0.00018498093478456213,3.1936905535533785e-10,7.897735053458618e-5,0.0069801804919688475,0.0019195276680102516,1.1289506904840253e-6,-8.610489418627783e-7,0.0017621631826551154,3.2475161899088723e-6,-0.001575593383405503,-0.00023714812767470906,-9.73155199541369e-8,-0.00011630165678695665,0.009670043562043821,-3.894879721717604e-5,-2.201570368107964e-6,-3.298230496608727e-5,0.0005057815424485842,-0.00019942255916894166,-0.003802388822101479,-8.774087894808853e-5,0.04804139807520443,-9.908846340463586e-7,-9.445012422382638e-6,-8.420353442002403e-6,-0.000183699554498357,-0.0002693110650464119,5.0541288419547674e-6,-1.046014767396996e-5,-0.0004251758995077429,0.010088780298687766,1.224879112549602e-7,-0.002242005997835187,1.0114003491220196e-7,-2.9566643068993148e-5,-4.995388643484474e-6,0.016684080410129958,-5.379961404910839e-5,-4.834411428046312e-6,7.390246107313541e-5,5.228516481813794e-8,-9.301699207461325e-5,8.095782237060946e-7,4.941545405540057e-8,1.9648442758030176e-7,0.01634724007476919,-0.00017110623319891187,-0.0005150897354205287,-0.02613601999379747,-2.537706663947379e-7,0.04304418482424362,0.002468551934041454,0.00013145814944973732,-0.003083788509009146,0.03452741208032032,-1.272449178708063e-7,1.2296980930004934e-7,-0.0007788857261022559,-8.828609584809058e-7,8.82162934067549e-8,6.4921935789702e-5,-1.0590237619030399e-6,2.690410590282311e-7,-1.9600347748220905e-7,3.730274605812874e-5,6.6473391485229785e-9,2.637483298972828e-7,-0.0001605299609729653,0.02081559289127367,5.561167086682783e-7,0.044362903977463446,2.3507975169399657e-7,-6.813684908976996e-8,1.6054009002337048e-7,8.933070149328565e-8,2.1376311456863338e-7,-1.996935614294181e-5,2.1610155543103654e-5,1.550546266623859e-5,-0.015569382562881252,3.4401991376231356e-5,-3.881721693146198e-8,0.0013149074477709754,2.896580968261292e-7,-0.001723965665135429,0.002485754786216594,0.029940085758024888,-9.203789181428548e-8,0.0007451030394757643,-7.958615567551994e-5,-1.273395769047325e-5,-7.683424892376999e-8,-6.506096055682666e-7,3.06917707671471e-5,4.6663462948524294e-7,-9.896858716559941e-7,-0.0016543143262095258,6.965102220310439e-7,-4.359354582446112e-7,-1.4451370345416007e-6,0.0017631401651200462,-2.973841428475106e-6,-0.0004548693242262459,-2.8374769397518813e-6,-1.481479144028973e-6,0.0012418045079785579,5.446987603411504e-8,-0.00047787300120620665,4.7794591076087366e-8,-6.42632934231435e-5,-2.373952895777534e-6,-8.918038393742182e-6,7.536392504792041e-6,-2.539138214528303e-7,5.853442317810094e-7,8.629666020397579e-5,-0.011060444398170236,-0.0006412673390040584,0.00017270909471405363,1.0775780436730517e-6,-1.6049537830857846e-6,-5.480807452523729e-5,-1.5110802333331666e-5,-1.1864949395875477e-5,1.8862453933533337e-5,3.913404107423981e-7,-1.6472948734507695e-7,0.11379695348356256,-2.990008362893899e-6,-1.083884004417308e-7,-1.3555085366886107e-7,1.2306343251442148e-7,5.574541837180515e-6,-1.2969756120585968e-6,-2.5669375925476173e-6,5.286885618452366e-7,-2.289451960219095e-6,-5.622951004154382e-7,-0.005817825258387405,-2.5670350892608945e-5,3.2607289062381034e-7,-7.869027593551572e-8,1.4014110093401013e-7,0.016818933066727212,1.6740841786610105e-6,2.764895200574984e-7,0.008539937535525463,0.04179782624200235,-3.3084900933430226e-6,-7.465521326386086e-5,0.0004602827946711266,-2.6162456481443658e-6,-2.0907744672320378e-5,-0.022972568538067787,0.10718884727155165,-0.03602825959079209,-0.0008205168591202153,-5.341566701923348e-5,7.152690812177123e-6,-2.3115270757408876e-7,5.8113132444277905e-6,-8.479797113513484e-6,-0.006738678423338771,-8.181839654184906e-6,-0.0020199556144723913,0.009387134201391655,0.0076773352635665796,-2.9617668542142206e-5,0.003361848279559828,-0.0002414104108407529,-0.0014479807978199169,2.510006517223676e-7,-0.02051481838716467,-0.004116802237121157,2.6918822065435203e-6,6.631960818990502e-7,0.014298448597445045,2.1900295542631592e-6,-1.5501026175970415e-7,4.245658000053634e-6,2.7339536149984054e-6,2.0031761688200724e-6,-0.0004771992339462242,-1.7681235286825936e-6,-1.496959015645631e-5,0.002258784853256931,-0.0019823499249788453,-7.965149744094301e-5,-1.2570417574396105e-5,-3.681232370711174e-6,-5.07433521401712e-5,0.01751203255078224,-5.578720927032473e-7,-3.584065586486625e-5,0.0015316541999226803,2.904177990409835e-7,0.001206182954700425,0.07559522256631852,-1.6353361320343326e-5,0.0003768188149888129,-3.082106822254324e-5,0.005442291994064977,-4.1518105303207375e-7,-7.680891434819971e-5,-0.00010402658723948218,1.0437709816602407e-6,0.005390159953192155,9.19594626048976e-5,3.055466524544164e-6,-4.865136651820665e-6,-1.8406128856356562e-7,-0.00027855448662505186,-0.005558068550844953,0.008966834457674896,3.1377571875165344e-8,2.5404943899727423e-6,-0.0004691381776225158,-1.1030528068994558e-5,-0.016374165920976548,-7.336192822002992e-7,1.0540342000622435e-7,-3.6981208153216663e-6,-3.371795647735356e-7,-6.099540881578722e-7,-8.783743691553342e-8,-0.016310369823869596,-6.951846129298976e-5,-0.004543552164080923,-3.7240603452109165e-7,-0.00012095050791078419,0.0007539694191595862,-1.826106307571556e-6,3.0393628139584816e-7,-6.686538584352152e-6,-1.5446489565721664e-6,-1.691027617256856e-5,0.000722908055699508,-0.0008900212132308494,0.019952513781403433,0.03170054588112301,-0.0011970196483432457,3.92961002043961e-6,-0.0009580084131757451,-2.4819076356476694e-5,0.0008783111664394807,-0.00011218130623728084,-0.00011570093773215807,-4.919430992634257e-5,9.839505521589081e-8,1.9842853296426418e-5,8.76742520898821e-8,1.6815563626103116e-6,-0.00444636677463151,2.5770399640022484e-7,0.00014616857871074056,0.0009605841670147987,-0.009432802737609021,-0.0020354981479038373,0.006274232956717464,-2.4196615536007303e-5,-0.0348263833080016,2.1782326498021766e-7,9.863135935352355e-9,0.0107792381005631,0.011301695820895831,0.0008745914871060564,-0.00012699562190994924,-1.918688733091961e-6,1.2156822461338067e-7,7.100478664512807e-8,5.99940720537177e-7,-2.533423949995119e-8,-0.013430184921274763,-5.8658371270556135e-5,4.160892632351009e-5,0.00010683136352728425,0.0009365019449274296,-1.3674256289952183e-7,-7.466900945262109e-5,1.386212902205976e-6,6.296030569136958e-5,1.1126894806402369e-8,-2.6418226439486773e-5,-0.0069405841388900475,0.027096183171344265,1.769400954484581e-5,-0.0028425926707842746,-0.00010143666992000813,0.00011441441062502119,-4.774961456142802e-7,2.32468482909247e-7,2.48482423997959e-5,-4.913365946553128e-5,3.076058728941465e-5,5.954616265718731e-6,6.12367334028948e-8,1.5413312675008385e-5,0.07424714252767764,-0.00012711538249540334,4.771008742534618e-6,0.002386038198949835,0.00030691249242308436,-3.1427698374536174e-6,-3.7238690352933773e-7,1.0686980608423785e-6,0.005505783859296674,-0.0005063001727630076,-8.417310384178847e-7,0.016299487513702818,-6.429718581749134e-5,-0.0003463330280990095,0.00281109532954455,-1.5919847743987007e-5,0.028132870965364293,-4.928180106015801e-7,-8.27525207403542e-7,-7.708611727328933e-6,9.286670405801991e-8,0.0036053253629402824,-1.058758665830463e-6,1.3303989393523943e-5,-3.935868915885286e-6,2.3526271565247432e-6,0.0005237415491288537,4.242672199238256e-6,-1.9311616487646545e-5,0.00044742086741069603,-0.0217929381964673,4.0952915833982106e-6,0.013310019401452567,-2.410829353424187e-5,5.912414140136897e-7,0.010918341196134737,0.00034930681646885077,-0.0009918920367523827,-1.8682769872632375e-6,0.001930549726093433,2.2101890018194642e-5,0.00427316573552532,-0.0012451897628532077,-0.00015298292269272062,-6.0930660526602755e-5,3.016904156373364e-7,6.344066891908518e-6,0.0002339206932641262,0.0013402037195158452,-0.0012361524181179531,0.014529310865000564,-2.0041241341361234e-6,0.00025863207731145976,0.000845793784703266,1.2890783341573411e-8,-5.786118784204937e-7,-0.0004498533197033375,9.167948137275704e-7,-0.0012528932021444083,-7.536267427752559e-6,-3.297360376515842e-7,-2.335947357991995e-5,0.0011391951254046352,-3.359370735030041e-5,-1.109537796872071e-7,1.7352112748631414e-5,-0.006003457757229105,1.7783015287305925e-7,-0.0007732267618146575,0.00019730430763577458,-2.0518716515142536e-5,-1.61316472562074e-6,1.9587078592907597e-5,0.0001591386110346609,7.118791548205702e-5,-2.5141526844815887e-5,-2.697014930791552e-7,-1.4883197502530603e-6,0.046003999875960024,-4.2918776751763324e-5,6.117815730266845e-7,2.0750257124228362e-7,0.006406680873687564,0.027351046867097748,3.588456619842625e-8,-6.990275727853472e-8,2.1124848750086618e-7,2.307814819608843e-5,-1.6637665214041057e-6,0.0007879292257708123,-3.5665320459215885e-6,-0.00013342542444541545,6.386881740408747e-9,-0.004922553269216054,-3.4534429942053912e-6,1.7919488675715183e-8,0.00014760366239194227,-0.00011532696057014383,0.013124096036774176,-8.677223679144553e-7,-2.8844535801724926e-6,-1.934812384096063e-6,5.92115128793623e-8,-4.228000158759639e-5,0.0005754722226682616,0.003768216586034146,2.013475087687338e-7,-0.0032030286081948947,-4.0081082397398405e-5,0.0021338562655851823,-1.2703494008995284e-6,-0.00036917814033345466,-1.047044278358928e-5,-0.00021867125191107656,0.13234452641837746,-0.006191790300548066,-4.923056824987204e-5,0.12387130542063111,2.3491290242894772e-7,-8.722996925286123e-6,-0.0017720699206428142,-0.0005998692331770072,-0.00029900008926493063,-2.790595722840136e-6,-3.0333439424777753e-5,-1.145898998146757e-6,-5.239364018761125e-6,4.226386098354305e-8,1.6262358419065065e-5,-0.0012934891193670877,0.01575400477522898,0.0008447506133113937,1.9646869036433394e-8,-0.0001775499745037066,-4.325722293017337e-6,0.003671217205930227,1.103565314247563e-6,2.031828130890976e-6,0.024512163650500705,-0.005025618987006553,-0.00020992238251187517,-9.23359182460235e-5,2.1635941630404408e-6,-1.363006625396005e-6,3.0951837994071368e-6,0.0002701519879752565,0.017732066409742616,0.00011193622866815527,-0.013533276391514693,3.241285002800043e-6,0.017266212723257554,-1.4747338910388372e-5,0.00022495986668405915,-1.5961944597340806e-7,-2.5432545854311956e-5,-0.00022849470420442376,-3.108081446588059e-5,-0.00025079601897442925,0.00011940479011572531,-1.2776951798023103e-5,1.7675459893804682e-6,-3.498932713702395e-7,-0.0006772949427517983,1.762523575669316e-7
0.0,0.0,0.0,0.0,0.0,0.0,0.0,0.0,0.0,0.0,0.0,0.0,0.0,0.0,0.0,0.0,0.0,0.0,0.0,0.0,0.0,0.0,0.0,0.0,0.0,0.0,0.0,0.0,0.0,0.0,0.0,0.0,0.0,0.0,0.0,0.0,0.0,0.0,0.0,0.0,0.0,0.0,0.0,0.0,0.0,0.0,0.0,0.0,0.0,0.0,0.0,0.0,0.0,0.0,0.0,0.0,0.0,0.0,0.0,0.0,0.0,0.0,0.0,0.0,0.0,0.0,0.0,0.0,0.0,0.0,0.0,0.0,0.0,0.0,0.0,0.0,0.0,0.0,0.0,0.0,0.0,0.0,0.0,0.0,0.0,0.0,0.0,0.0,0.0,0.0,0.0,0.0,0.0,0.0,0.0,0.0,0.0,0.0,0.0,0.0,0.0,0.0,0.0,0.0,0.0,0.0,0.0,0.0,0.0,0.0,0.0,0.0,0.0,0.0,0.0,0.0,0.0,0.0,0.0,0.0,0.0,0.0,0.0,0.0,0.0,0.0,0.0,0.0,0.0,0.0,0.0,0.0,0.0,0.0,0.0,0.0,0.0,0.0,0.0,0.0,0.0,0.0,0.0,0.0,0.0,0.0,0.0,0.0,0.0,0.0,0.0,0.0,0.0,0.0,0.0,0.0,0.0,0.0,0.0,0.0,0.0,0.0,0.0,0.0,0.0,0.0,0.0,0.0,0.0,0.0,0.0,0.0,0.0,0.0,0.0,0.0,0.0,0.0,0.0,0.0,0.0,0.0,0.0,0.0,0.0,0.0,0.0,0.0,0.0,0.0,0.0,0.0,0.0,0.0,0.0,0.0,0.0,0.0,0.0,0.0,0.0,0.0,0.0,0.0,0.0,0.0,0.0,0.0,0.0,0.0,0.15899866188623768,7.107669495197353e-11,-0.006948696110330154,-1.327233766515762e-5,0.0008004623604604366,5.259693279994593e-10,-0.00017280431104201293,-3.819387098293765e-9,3.1283653983225756e-8,0.016438406795779698,-0.005276280740840995,-0.00024406468396502448,-3.203052605961254e-6,-4.754303397231805e-10,-0.00013834347984809718,0.0004321387980644727,-1.016671725245795e-9,-2.699278533932359e-7,-0.004741771286431828,2.6370864312087574e-8,-0.0006723779406620481,4.136293867625955e-5,0.03588420337959947,-1.615558065588373e-7,0.00013001421979972393,0.019145588988783196,-1.3159666651385811e-11,2.679093146925164e-10,0.001092075122688685,0.0005994724310210038,-5.326599243959437e-8,0.002984982050824461,-4.963508188183762e-9,-3.603598022643498e-5,-3.720892562922889e-10,-0.0006587661721242768,2.4412801018123743e-8,-0.0027695215310878066,-9.767216013622313e-7,-0.00046703523840442964,1.1427898826646634e-10,-1.0974980369580644e-7,-4.949019155034859e-10,0.0008348805551587629,7.000573416042751e-9,-0.029982369487933508,-2.4537065208735415e-8,-2.701443975564939e-7,0.014613278599500401,-0.0018554791741115576,9.86401270449e-9,3.18867378916408e-7,0.00021061373867876134,-0.00048240657923085957,0.0013833764147054874,-4.4854427101532954e-10,-0.0020398221716536845,-0.010849126161606987,-0.02095718356667998,-2.7435092663519274e-5,1.0621104520898319e-7,-3.0683613456277726e-9,1.1301581376159619e-5,-0.0018091874055124314,-0.00034894187114508534,-1.2089376392797942e-5,1.2647456827807482e-9,0.0011659236693235325,-1.1767107075604379e-5,0.04136499294443135,0.00039656702496292557,-1.1367993523148737e-5,-0.0034880810044284885,8.032903154702675e-10,-7.007582578071839e-7,1.1142118126376986e-5,0.0010015159332177792,-2.2826026002644077e-7,0.002375966513616673,4.373397459247944e-9,0.0051837789894984936,-1.684385604803539e-10,0.05120779774827329,0.0013730758164907783,-1.102654896743654e-7,-1.8775797003413044e-5,-1.937871336179758e-6,-5.176000998999935e-9,-6.374438244280226e-8,0.0003920015115876696,-2.8254464805966252e-11,-2.1826221821037323e-9,-6.243728512874945e-5,-0.0005196993958615413,2.28420518663157e-6,8.472592358835197e-7,7.232576665638803e-8,2.7310929982901635e-5,-0.0010952896608398658,-0.00032809910063716943,-3.322286048671162e-9,-2.1184099665950336e-7,7.90045838516729e-10,-3.5475735482328545e-5,-7.160522321489941e-9,-0.0003884723212250099,6.036618787838646e-6,0.00028119666834694067,0.0010003341137585341,1.0100445768512476e-10,2.0080231715224215e-6,-0.00023635444973588312,1.288607887537021e-7,0.04950721147117278,3.4334376757930157e-9,-2.816899937149664e-6,0.002048002536506927,5.5196338139216636e-8,0.0022230927255210684,1.1878257667601637e-10,-0.0025057998598100946,-1.5912287551492027e-6,-2.632560164947027e-5,0.00052447630866049,1.1091618554082291e-7,1.0774352421369099e-8,-3.97111611481301e-5,0.0021939537300471857,4.7641931327758187e-8,-0.0005940343373738676,0.0021636919242539383,-1.2237425560365066e-5,-0.00035816397484599965,1.3573432306561434e-10,-0.007073815020785906,-0.00016759232458363435,8.73443932148769e-10,1.5476494032988383e-7,0.0032380993240940176,0.0006616687739056081,1.0947335215462909e-9,0.000194763717186137,0.017848321860199325,0.010494339974862453,-0.0007486122452210055,3.5477572227112e-7,1.5737473452245144e-7,0.0015811888869523105,0.006187034864584511,-2.766628076046224e-5,0.004089945013393206,0.08486129559314612,0.000264118937048743,-8.897078063377851e-8,6.347791199942002e-7,-1.220881441049619e-8,3.7342739923024775e-9,-0.0016147237149090642,-7.697158198179379e-5,-5.413295588032569e-5,-1.99253752195818e-6,-0.001275501427339502,6.876641566234212e-9,-0.026603991153682383,1.6113493499276637e-5,0.013854681581570305,-0.003522917289145637,0.0029282768783016047,0.001105701660578578,0.002164804139583598,-6.738707011080944e-11,0.0009624586651688513,-0.00013921122309106082,-8.628923687544144e-5,4.2993548896077375e-8,0.00015776691152780465,-2.822572542407251e-6,-3.1747619419990736e-10,-3.19611313463356e-5,-0.0007379786026815082,-0.0049228044862194165,-1.1023063651280042e-6,1.5672200329721459e-6,-2.6133093423382845e-10,-1.1193468299950344e-9,-1.550243041631629e-5,-5.940668736339431e-10,5.1842995394968567e-11,0.0017039077939580848,-0.019050223252819798,6.66580639212193e-5,2.8949199852604297e-11,-0.0098428478467788,3.067686306810097e-11,-0.0002779520206519745,7.043106671846206e-8,3.148095494970373e-5,1.469731883103699e-10,-1.3587916066539415e-5,5.693329707286154e-5,-0.0006023006358723763,-0.0005411835513256865,3.909553297286527e-5,-0.0005267845423070216,4.122887976702072e-9,-0.016017224765666024,-0.05237247366136143,-9.734867069466755e-7,0.01363230658662239,-0.0016795017217289098,0.0006888413797913692,3.5587825008636594e-11,0.0008843010855306446,3.0051510663713085e-7,-2.999627664299777e-6,0.00704197431089652,3.911030465293532e-7,-0.00880075205373927,1.0206483964094728e-8,-0.0013530997403700766,0.002088396390406903,0.0038603806318560554,-1.8720359971055284e-9,0.03911377892402956,5.613101870308521e-7,-7.825148947094308e-10,-0.0002572157923221662,-3.8040309839464303e-10,-8.588360524395445e-7,2.4800786464668456e-9,0.0001596584774328902,0.0014876363324233728,-0.0027458662665449437,6.624666071398195e-5,-6.300313862396812e-5,2.2171614011045546e-6,0.0003497623178231062,2.7867061880913845e-8,0.006380018185080081,0.00786263000511965,-0.006676346132378799,4.546575757832016e-10,-5.754454008969761e-10,-4.7777816128911546e-8,1.572879141426748e-5,0.002009192680824069,-2.3333881392843853e-8,0.0041637935604365486,-8.326109189473121e-10,-0.00401629964397056,0.00785643426424061,-0.051564809736423134,8.679599513590678e-8,-0.00023429117445997576,-2.560352941035149e-9,-1.3804033178684765e-5,-2.279041713928213e-9,-0.001682996451213314,0.0008020955981734045,-0.0006661390871191709,6.063695202360282e-11,-4.059370618785322e-5,0.0002751312027945434,-0.00026327355513807235,0.015087859053121688,5.65293262797612e-10,6.65675375769474e-7,1.292519103413577e-7,0.0006906702962073284,-0.005339555954890535,-4.827872400952829e-5,-9.538422451942906e-7,0.0065741285554393675,-2.2550167990189828e-10,2.7796119764920294e-6,4.438087533653926e-5,-0.0036974497476155257,6.25582837503413e-9,-2.8895347289567847e-7,0.008501120022453205,-0.011878105815028734,1.0136988874333268e-5,7.505117838755591e-6,-8.916916417394987e-5,0.0006145728298652557,5.25353281210163e-8,9.849055928886708e-9,-0.0006719473792003263,-0.017662016365126487,-2.9206039862040944e-9,0.00011271372676840355,0.1310053828746612,4.7616213566668364e-5,9.094359637977525e-7,-0.00014670290790450222,5.200315768946761e-8,-1.5007723191911084e-7,4.147474150018514e-7,-4.005459783326181e-6,0.0006147019372245853,9.130238892770348e-6,0.00012966156216779286,4.892743942907191e-9,1.1019468624292905e-10,6.214530747973927e-6,-0.0042104981742803905,8.603917519109083e-11,1.4272026687351802e-8,-1.0143356876824906e-9,4.101943077967903e-8,2.7158936519799973e-6,0.00433661311333382,-0.025109226894207005,-1.3031392947356145e-6,0.00022871981666924086,-1.0020084938855767e-7,2.018168399893875e-9,5.840113019072663e-9,-3.439083689161123e-7,-9.42463484387693e-5,1.980070367449885e-11,2.135339258207566e-8,-0.0009521727226564314,-3.5772530322891466e-5,0.000420218745462256,2.590419416937605e-5,-3.514298460768495e-8,6.30117027913596e-7,1.4998631998916081e-9,-0.0001127430862258717,6.143381608402737e-10,0.0005932183384536101,-0.00042721000167617507,-4.22787927441683e-9,-0.00012631979507580777,-2.198186573955803e-9,5.42011906599459e-10,-1.1041995867075322e-8,-0.0006918109394819154,1.2755730994944515e-7,0.00010330488075079337,-0.00022467450067881954,-1.6438211305965969e-9,-2.0275068268758227e-9,-2.5819199705472034e-7,7.307067072694184e-9,0.00010259297653455017,-0.002452196946083089,-2.8392111742909517e-10,0.0062343038102172545,-0.0034591528752404995,-1.2863718327798482e-9,0.0005236265133454704,-7.2271733228671e-5,5.261445945996559e-8,-2.151037594802884e-6,0.0006219312355032923,0.0012194693420473648,7.169803091210182e-6,2.2585691608184028e-10,0.00041437360011916996,-0.005841753797905536,1.0586516803086044e-9,0.0009327491200187626,-2.4290081346847616e-7,0.00014374058645868796,-1.187044712308788e-5,-6.62202567308519e-5,-1.2122391565368287e-8,-2.5331272763003594e-8,-5.586123391204055e-7,-0.020129983339899214,0.00015273827825320487,-1.1096796231105314e-7,3.394933286145864e-8,-1.771364954523576e-8,0.00031317846551903126,0.004694533374628814,-5.1974521808659904e-11,-4.437449960152929e-9,-1.4520744047373339e-6,9.949970128058856e-11,9.649448663801556e-8,4.04487851012806e-7,1.2586894622110341e-5,-5.176281837235458e-7,-3.9601463425678337e-7,-0.0028016482758744425,4.598847407833635e-5,4.3596651828663283e-10,-3.485451632118543e-5,-8.773929331648786e-6,-6.97676322560656e-5,0.0003038187074621407,0.0020352528436939693,-6.806227674222215e-10,-8.378611506589499e-11,-0.000294208195691401,-0.002767181812021266,-9.339847832834434e-5,-6.805732329727067e-6,3.0803625361301234e-8,2.436217670066816e-9,0.0005519434964101828,0.000944716945495402,-0.0005825747921347035,0.0013681429196648078,0.013830006740350455,-1.399829606135877e-9,0.00011611669938620766,-2.0912663097831818e-6,2.8079203555413665e-5,-0.00014218485893793066,-0.0017342116194231706,9.223336676923968e-7,-1.388788393366229e-7,-2.2037579382181407e-6,0.000324377676754024,4.075699802947556e-11,0.004561961093153271,1.3110600206703775e-8,0.0016893107924682359,1.4132597133900181e-8,-5.065473131912463e-11,-0.006013985909544883,-1.6274525711011507e-5,0.00014069007909839413,-0.014080331472678172,-0.0002804377772040355,-6.727846822002658e-5,4.2871214913741127e-10,0.0032262922112729618,0.0021938392331312022,-4.900679564914361e-7,-0.001338378052373796,0.006993120463269843,-8.123158260425691e-6,-4.880335453825621e-5,4.2367720135768e-7,-0.000824938707347035,-5.774225300888742e-10,-6.479485263942477e-6,-0.0004901127810965799,-7.415219068047679e-10,0.020503724787064748,0.00010611612339595543,-3.0459924092053076e-5,-4.889986993893927e-10,-3.0474576861236435e-9,-0.0022629411245851006,0.011857739833900963,-1.0794629924841903e-7,-1.4495907069087986e-9,-7.320924490653416e-9,-6.6785510361444e-8,-2.899472525585986e-6,-0.012549026144659262,4.283663626212874e-6,-0.004837511665581245,-1.2150813755325573e-10,-0.0001835766998653145,2.3340494551465368e-7,1.640747156959207e-7,-0.0015756663503199936,-0.00048807683134669054,-2.3583209822219207e-8,-4.671209819659248e-8,0.0007379238171050555,0.00010768650464105984,-1.4413462416720674e-9,0.002833009600311422,0.0035773080597536386,-2.015722532506104e-7,-2.143293138305557e-6,3.300107784370424e-8,4.315168817996584e-8,-9.45803642590886e-10,0.00022187511566770768,1.2135799005225978e-6,0.0004858546643035948,-0.004464832615736824,0.001301781670189216,-0.0018751169079617561,-2.090661714211031e-7,-4.249010192730798e-9,-1.1042991300739181e-10,-0.01417435009534811,-0.0002125777486271951,0.0075027157670137954,-0.0004234226373046062,4.240950849565196e-9,-0.0001383097624126697,2.4459870639829494e-10,2.5172582874588064e-7,-1.6193259999580078e-7,1.0883582035995265e-8,-0.01829171660095798,-1.5656235417315602e-7,-0.0001990904803118848,-0.005090345077901607,0.09266508747546205,-5.314726684236416e-10,-0.004368820065621651,3.0310553817709634e-5,0.0024170709629433656,-6.938056378108561e-5,0.004517510668919082,-1.0589587042275769e-5,-2.6089095930888416e-6,-1.5817953459916145e-10,-1.4834863574224455e-10,7.928600171814816e-11,-0.0011451827260444659,4.1282671123686573e-10,-0.0005554716871700628,-0.03544057410574887,0.016419642180767326,-5.614071419536823e-5,7.096597198168402e-5,0.0176920418845098,1.8402254754433913e-13,-0.00046939085285535717,0.00774517251060107,-2.2532498371433068e-5,0.004863175643172813,0.003376800591684306,-0.004576097359934779,-3.357790232004228e-10,-0.0037823530894423997,1.4787355036713423e-7,-3.859670916010798e-5,0.000641234877420623,8.37889438430764e-7,4.3523300907302036e-8,0.0007111119799233708,-1.1513374367713458e-9,3.057022875486715e-5,-0.0012111100706115902,2.6488799572897214e-8,2.365392322835684e-6,-2.5916819914980093e-6,0.0009318080218266261,-2.2596546339443157e-5,6.341508259670891e-5,4.978291167725336e-9,3.508751193790423e-6,-0.0027503868034835914,-4.765972637708114e-8,-0.00414017501715288,9.073562623555571e-10,0.005677630192611317,0.025124825874115273,0.0005103329856744083,-4.1177769024676256e-8,5.204348145612464e-7,4.657466479496461e-6,1.469742821587254e-6,-0.0003793942156302606,1.0045945799771588e-7,-3.227817082720298e-9,-8.448055082552648e-5,-0.0019535422663426037,-3.155697788704497e-9,-1.3330406540179717e-5,-1.1962893722865708e-5,0.003397325501860034,0.003898835749433125,-1.2194621913269295e-10,2.371836036905353e-10,0.07607907169228842,-0.0009260189020144786,-7.275957009576853e-6,1.9579896516798896e-8,2.7697120303172083e-5,-0.016719757316040276,7.292747756661224e-6,2.3094766679260575e-7,-5.700187600922698e-9,0.0035734903737853377,-0.00433962791655376,0.0017421394586470353,-0.0002879640855733525,0.0015191332984394962,-0.0005739388680800738,-7.083064339962133e-9,-4.2041463924167673e-10,-0.0010459871333994885,-0.00032934167453033104,3.0204500495673257e-12
0.0,0.0,0.0,0.0,0.0,0.0,0.0,0.0,0.0,0.0,0.0,0.0,0.0,0.0,0.0,0.0,0.0,0.0,0.0,0.0,0.0,0.0,0.0,0.0,0.0,0.0,0.0,0.0,0.0,0.0,0.0,0.0,0.0,0.0,0.0,0.0,0.0,0.0,0.0,0.0,0.0,0.0,0.0,0.0,0.0,0.0,0.0,0.0,0.0,0.0,0.0,0.0,0.0,0.0,0.0,0.0,0.0,0.0,0.0,0.0,0.0,0.0,0.0,0.0,0.0,0.0,0.0,0.0,0.0,0.0,0.0,0.0,0.0,0.0,0.0,0.0,0.0,0.0,0.0,0.0,0.0,0.0,0.0,0.0,0.0,0.0,0.0,0.0,0.0,0.0,0.0,0.0,0.0,0.0,0.0,0.0,0.0,0.0,0.0,0.0,0.0,0.0,0.0,0.0,0.0,0.0,0.0,0.0,0.0,0.0,0.0,0.0,0.0,0.0,0.0,0.0,0.0,0.0,0.0,0.0,0.0,0.0,0.0,0.0,0.0,0.0,0.0,0.0,0.0,0.0,0.0,0.0,0.0,0.0,0.0,0.0,0.0,0.0,0.0,0.0,0.0,0.0,0.0,0.0,0.0,0.0,0.0,0.0,0.0,0.0,0.0,0.0,0.0,0.0,0.0,0.0,0.0,0.0,0.0,0.0,0.0,0.0,0.0,0.0,0.0,0.0,0.0,0.0,0.0,0.0,0.0,0.0,0.0,0.0,0.0,0.0,0.0,0.0,0.0,0.0,0.0,0.0,0.0,0.0,0.0,0.0,0.0,0.0,0.0,0.0,0.0,0.0,0.0,0.0,0.0,0.0,0.0,0.0,0.0,0.0,0.0,0.0,0.0,0.0,0.0,0.0,0.0,0.0,0.0,0.0,0.0,0.15882345274680396,-5.4068622752702614e-12,9.191129062106859e-7,-1.3646415571602493e-8,0.016045556686611517,-1.5785060179261887e-7,0.008193487042681606,2.2663053718586792e-5,3.3068400472433937e-10,4.374726870991693e-12,-3.895224289411504e-10,2.460018691504528e-6,-0.001874662898616496,1.0170077180149037e-13,1.4229826349121077e-12,-0.003539293462291018,6.219876496177397e-8,1.576335492194233e-9,-0.0011471683436958132,9.192273371543801e-12,-3.887739752078693e-7,1.1529614174969507e-10,1.0332409850866553e-6,-5.5218730049657114e-8,6.808400717239742e-12,0.01005967790072948,0.00908991305590411,-5.289167658938939e-9,1.781741625049368e-9,0.0002798060424697125,4.3266111485003076e-12,-0.002023779057680362,-3.6894701536202723e-7,-0.05619972414865824,2.452060673110581e-12,0.00043773995042326535,-2.5948728775230175e-12,1.2255427216978011e-5,4.329633360461394e-9,-0.011629705396898537,0.00011859905562521904,-0.0057469581464365364,1.195879748930828e-9,0.0022696349121723225,-2.668525323401667e-11,-3.6506832366051985e-5,1.0973193203595835e-5,-5.6293682146958755e-11,-4.156400669984679e-10,0.0010344959787777378,-1.7153070453492435e-6,2.722786467643953e-9,8.974175013953908e-9,-4.314807326309762e-12,0.017020118823889176,2.8175005418581848e-12,-7.371093189254286e-13,-2.000723375507437e-11,2.692211135660722e-7,7.654694666239661e-5,0.0165605883610846,-1.9909350236028723e-7,4.673293265668432e-12,-1.245289906004322e-13,7.233191161843121e-7,0.015015577024303294,-1.0037356142112077e-9,2.1441563797928e-6,-2.9910251927634905e-11,-7.862520843126479e-9,-2.7419650571080314e-7,-3.995458801159474e-11,-0.016689900552217064,-9.624402171113838e-6,-8.345027298860838e-8,-2.3708653009916486e-11,-0.00010622994748215974,-4.655549492235105e-12,-0.00018752530800562672,-5.630653576597549e-10,0.0006978537574776059,-1.225522429487025e-10,1.9202039180770634e-12,-3.837253422135575e-6,-6.116974360708158e-8,-2.453988577659399e-6,0.0002714886225534552,-0.0005990889741705838,-6.280745458350261e-13,-0.003846914502061647,-0.008979225948368863,-2.3489838903128053e-8,-1.5642686815255731e-12,-2.7741219819083038e-6,6.759912757663298e-6,-7.703525974885366e-6,4.861696723526069e-7,9.51558340566421e-10,-3.1559942664463373e-10,-0.00014722363578384325,-7.274402091303747e-6,-0.022050197688311426,-1.7063014034192287e-12,-0.003027231902857187,2.4812019910386787e-8,-3.5099222639582327e-6,-6.906155747532081e-11,1.8654506836264352e-9,-0.014698341048818713,4.872780645652861e-6,-7.397395572985832e-8,-1.735058271558305e-5,7.183113930717774e-11,7.24224181715697e-5,6.920610828370236e-7,-2.3422156738662026e-9,0.00011394950463326804,5.038884048880611e-12,-0.022094446939942437,4.372547310493285e-11,1.8992080419657943e-7,-2.3314520791958836e-7,4.977294273624139e-13,9.963629874422315e-5,0.0012773847495155858,8.62217210227426e-9,-9.955572894953177e-11,-0.00018586823528563955,6.612960432859643e-12,-9.74111546331084e-11,-3.7686161852453764e-7,5.277700255618839e-9,-0.0011225419458211526,4.601375974316211e-11,8.665820486206108e-9,-0.0033258100915047537,-5.9558268797918195e-6,1.1111235613665422e-9,3.13310234740284e-12,-7.250420434249274e-5,2.9689141527313105e-10,-1.2112948332192294e-10,2.2571994277624245e-11,1.0530008624587483e-9,2.7725251657152307e-8,-1.0312208531781604e-6,3.0794755046999963e-10,1.0514071900787876e-9,3.486983484957986e-7,2.2280689674819368e-12,-4.445479796550725e-12,2.8305588539316526e-12,9.938423006839083e-5,-3.7270982778598853e-6,-0.0006616351709452104,-0.0010314578693408883,5.853703884762338e-9,1.3736134842651573e-8,5.1806176028069805e-12,-8.019367424372054e-7,4.322929876581557e-12,0.00023944970107101177,4.820605315398885e-11,-5.779311532752181e-7,-4.536870966142087e-11,3.119027295506083e-11,4.037766383381657e-10,-1.8786963998847073e-12,1.1736545810528763e-9,0.02843500878492613,-1.0533898923378623e-12,1.6552761376922965e-13,7.914289616967428e-8,4.331447265392205e-5,1.1909322375411313e-8,-1.3376965199303544e-6,0.0035590340747745234,-8.853837404369165e-9,1.8304781170609584e-9,2.6427760392515587e-9,-5.661815050436279e-6,7.518197526854242e-7,-0.009667800618033155,-0.0037973176648045566,4.9563976626646236e-8,-0.0009550610137544459,0.0014445031160863684,-3.7144648632586247e-10,6.8800443047460646e-12,-1.9610479506400565e-12,0.031819100029114776,5.879641468605265e-10,-0.003762045692009781,-7.781547564785805e-13,-9.69697621267689e-5,1.1958901606456615e-7,-0.00033513288369172237,-4.627250611286169e-8,4.579897304254064e-13,3.908279998422827e-12,1.6856321998115084e-13,3.8545845416936856e-13,-5.308228247283135e-13,0.0006729416286034974,1.5892091685110358e-9,4.467887456978224e-11,1.4616150794095238e-6,1.027489510714868e-10,3.795461505345164e-11,3.2413387400796373e-9,0.06818663156268337,-1.0225157725324476e-8,-3.1259420618920528e-6,-5.511835177906814e-7,-1.1872401858483188e-11,-2.8169309531893404e-5,2.666274149399153e-11,-0.0006950751323846472,-1.6830057235362406e-12,-2.7509492925208915e-12,-1.5778800304378802e-10,-0.0026663470095728546,9.992698985288013e-13,2.9920825396067092e-5,0.016758820626773394,4.015243827581666e-12,0.007778072752162647,6.222998131619721e-6,-0.00966326232718164,-3.9517950156161233e-10,-8.055499488207594e-12,-8.35668334690532e-12,-7.098949279847571e-8,5.41660124182496e-13,-3.66895902197098e-7,1.1106676942088316e-12,5.00600868671362e-5,9.397758309258264e-12,-1.0380598812187028e-10,-9.717132756073427e-11,0.0428321372794879,0.0037109448261991042,-0.0002124310386247219,4.468023593775549e-7,1.7219719451617203e-9,-1.1068618840464458e-5,-7.625387280217178e-12,0.007570720325613619,4.221428541906923e-10,7.829193101184086e-12,-1.3355522073415343e-10,-8.86543532869398e-5,-1.33474714601372e-13,-0.005700819590038161,1.778404190488152e-7,-0.0007275918340232259,7.556693707105616e-12,-9.482242858839617e-13,1.3394349410366835e-12,0.004146005690169521,8.45750089197844e-12,1.3884342512940794e-12,7.878217255957768e-12,5.0214677586824486e-11,-0.02148212487777123,5.874425285335628e-6,-0.00012527127024493314,3.4078751881894157e-12,2.1431295368869454e-11,-6.248629801651028e-13,6.647455520835958e-7,-1.2523779296405517e-11,0.014782309492547389,-1.486893316091709e-6,-7.450011263718218e-8,1.5149452705947026e-11,-0.00016784699486260439,-1.6277325799403826e-5,-2.9387120983737016e-11,9.650433846899896e-11,2.8801763629817736e-7,-1.7458437942117874e-7,4.94122191476069e-8,5.918563648076259e-10,-3.454904193077121e-5,-0.000649720981711441,5.307204318072753e-14,-1.681492921828852e-10,-0.003811090617140162,-5.818792880579379e-8,-1.0208018876335689e-11,2.1251114758370964e-8,6.29996934303972e-6,-1.3720834134680058e-9,0.00035904197248890114,6.451415744467535e-7,4.1636363180371865e-6,-2.3869420170065728e-6,-1.036517540377688e-12,5.167538657766674e-7,8.317263836064692e-9,-0.0008682392012354012,-0.01694472141946523,-1.03524386508931e-8,7.59176230935979e-12,0.1379971501464428,0.0012569008833238275,0.0017670955986434284,-7.251822252365346e-5,-4.721845985565117e-6,9.822111390603282e-12,1.0832872723088865e-10,9.04242749724959e-6,-1.3395171001733622e-9,0.00010850703156107676,-4.714760059159378e-5,0.00408494816595627,2.2438182576390386e-6,-8.596613957822151e-8,-0.020506734226153765,-0.0009325514665988247,-3.228918511432442e-9,-4.715614794940571e-12,-1.0914339960967829e-8,-1.7253238148826354e-7,0.00048031991835278243,2.468379254895664e-6,-0.0006492356855149192,2.6518614632438603e-8,0.011862942960533024,-3.6620602292425073e-10,-8.074355492369685e-11,-0.000989168379753982,6.00057729397713e-8,0.00013567788815493456,0.001486537696158515,8.867159574229785e-5,-5.733005113990692e-13,4.1898687544705716e-5,1.0227206483881685e-8,-9.331700985475996e-8,0.0014436324745495687,-0.008312510270411471,-2.492699929425216e-5,-0.0014436588664255591,-5.412619523822601e-9,-3.4143391400827924e-12,-0.015197158067059492,3.657619368609294e-11,-1.583597127964216e-11,-0.000347775323020773,-2.368600821920529e-12,-8.56581281513737e-8,-1.2162454862979396e-5,1.0069337497864021e-5,-2.0168214587493294e-13,-1.4484161195098654e-9,-6.298616890191774e-7,-0.008783976249554445,-1.0362470198890663e-12,1.2199566916109277e-11,-0.012897777972026925,-1.4717022765142027e-10,-9.457101788703681e-6,-3.35868788489771e-9,-6.928986425020079e-9,-6.149132700308958e-8,-4.688573253825543e-6,-0.000522165024817786,-5.4217625901920244e-6,1.0720136227617428e-10,-3.9853267976851646e-9,-4.690158595831763e-5,0.00012792484528374344,-7.254585835049896e-5,1.1467262683605788e-12,1.3991094836397718e-11,0.030699128935110797,0.001745981967321724,2.800753600869816e-6,0.11273371021672213,4.3478204126880254e-5,-1.3209072309138894e-6,1.0941350619760709e-7,-1.1014627292648345e-5,-7.045995867865131e-7,3.2961087642169934e-12,1.4200852936711085e-7,0.005113983845370611,-7.60684551233837e-13,1.3301441605602592e-6,-1.0575581075680386e-7,1.2659550255649186e-9,-2.3133058516918308e-10,-0.0026504288288568476,-0.037074762489927256,1.515959039997179e-12,5.131423876703013e-13,-1.9829531590568102e-13,1.8921215930754515e-6,-0.0005819316829540982,-0.0001880055548901156,-8.095244105256896e-10,-3.3108965980919586e-9,2.541842033583322e-12,3.5356319446130602e-9,1.5497656962045576e-10,-5.807366836792825e-6,-1.8204736939348887e-12,7.231464641267491e-6,-3.0718296827641206e-8,2.071591698003419e-8,2.5732487477292305e-10,2.1062021317888043e-5,-5.985754815005584e-5,-2.165906387439544e-6,1.959467067618745e-12,0.07846321829044978,-5.608722210657742e-11,-0.0006590909825421604,3.732508898778204e-11,-0.00033617065750058355,0.019588562618214428,8.784379082942355e-11,1.1064732120725933e-7,-3.1663802853675597e-11,-4.0679377855467725e-11,1.9746060476058933e-8,1.6009542892102186e-8,0.000677251150575731,-5.199428183110716e-12,2.317300769902183e-11,-1.80762836081349e-6,1.8622960919003637e-9,9.234439422430686e-12,-2.544339389641006e-8,-3.7737630427685774e-10,1.3481733496292755e-5,9.969094833749904e-9,-0.0018533275563981744,-2.4863048166386056e-7,8.616133190502315e-13,0.004964246570294727,5.858253232602257e-11,7.995568279507168e-13,5.39468752331048e-10,0.014116217925734847,-0.0012454274675058503,3.4128798869133902e-12,-5.619744767994596e-12,1.311382035169376e-6,-0.003755080859365747,-0.001745947315046475,-1.9943599702638113e-5,-2.270549390529237e-6,-1.856069090336237e-11,-7.167772850180432e-8,4.530488762076994e-11,-0.02984810928093808,-1.3766952785641886e-7,-3.253729148135296e-6,-1.619740464407495e-6,-1.366792236494429e-14,1.3462371611010754e-8,-0.00030124996406715555,-1.851915796736365e-6,4.261449532053252e-9,2.6336621229988996e-9,2.0398657529107764e-5,2.1776565506195194e-12,5.584280756727583e-12,1.1930311164968074e-5,-1.7057332151793412e-6,4.1163918362917374e-7,3.6724974241362223e-6,-0.002205109394300271,-2.3733817146655095e-9,4.683530788719097e-7,1.094061797897986e-12,-1.4053140153969974e-12,-1.8491456045946295e-9,8.270975652174266e-12,-4.700342759468451e-6,-0.002379302703707827,-0.00879415686935219,1.1824555490169277e-10,-1.4247562913483174e-8,1.3962119825359865e-11,-6.626177996442147e-13,-0.0008263149900950848,-9.015711820443463e-8,-0.005045907204975686,1.248117071360241e-5,6.1332757929119365e-6,-0.00010246046192629204,-2.748412630116813e-11,1.9027119534321707e-5,6.661958457248711e-10,1.279131174603847e-9,1.1807163940007113e-10,-0.003045700193880233,3.7344174335067306e-12,-3.981335118586115e-7,-1.1806620739465234e-9,7.826834639058852e-12,3.8012003098375565e-13,-2.0287563242389103e-7,4.0897365088734213e-7,0.02506907079731488,-0.011503649854132873,0.04375436966887864,-2.697682799303542e-10,0.014777296199084581,-4.275242131452913e-9,-1.1328630119350616e-10,1.7318304796082578e-10,-2.3342897170553034e-12,-3.7788952128406654e-8,-1.8754609317663306e-13,-0.0003461130746513456,9.95316629326933e-10,-7.2159904529990395e-12,-5.0573427898039305e-8,6.093672391400392e-12,-1.4055518213368418e-12,-9.537191242525306e-12,-0.0055260715600234595,1.0912408708945073e-9,4.0025235750136456e-6,4.4959408771061315e-8,-2.0226636423962103e-12,1.9883510384317585e-6,-2.2332475824953826e-5,-1.1974650950642372e-8,-0.0008633969136630547,-4.31363330670179e-9,-3.024445467286382e-11,-2.921536903149658e-6,3.2612724786865065e-7,-3.544436032752739e-7,-2.2441541051813147e-10,4.2901091870671765e-7,-1.8043589239019803e-12,0.001485701411660946,2.3978015315801235e-8,4.102915577563239e-9,3.4976307949352344e-5,2.890012587809154e-12,2.620359630908307e-5,9.220650016811677e-13,5.7277174072027326e-11,-4.5237644941446943e-13,-0.000504128691829356,2.0038236347764866e-5,-1.5032796678251898e-6,3.4656555551911016e-8,2.064885147082269e-12,-6.061976425402421e-5,-0.00044672445201874146,1.4106607115062652e-8,8.956317901127528e-11,-0.002398953837180898,-4.161484302707476e-8,1.537956707918922e-6,9.356129692492983e-10,-1.1768481719510488e-9,-0.005000331115850894,-0.02613395577769249,-5.821908864194385e-11,4.833359620738284e-9,4.627783083445382e-8,-0.0001645280288062215,7.219921668999145e-8,-1.0014226250208004e-10,9.087212540593008e-7,5.52613138802314e-6,-1.8017386788826794e-5,-7.282198305828496e-12,1.6840001547947024e-11,2.0724715449566563e-9,-2.778086307483929e-10,3.4944874633308987e-10,-7.708395272935406e-10,-0.002538103185108954,-0.0020025353881617846,-5.944884645881116e-13,-6.164644237670878e-9,0.02006899107558903
0.0,0.0,0.0,0.0,0.0,0.0,0.0,0.0,0.0,0.0,0.0,0.0,0.0,0.0,0.0,0.0,0.0,0.0,0.0,0.0,0.0,0.0,0.0,0.0,0.0,0.0,0.0,0.0,0.0,0.0,0.0,0.0,0.0,0.0,0.0,0.0,0.0,0.0,0.0,0.0,0.0,0.0,0.0,0.0,0.0,0.0,0.0,0.0,0.0,0.0,0.0,0.0,0.0,0.0,0.0,0.0,0.0,0.0,0.0,0.0,0.0,0.0,0.0,0.0,0.0,0.0,0.0,0.0,0.0,0.0,0.0,0.0,0.0,0.0,0.0,0.0,0.0,0.0,0.0,0.0,0.0,0.0,0.0,0.0,0.0,0.0,0.0,0.0,0.0,0.0,0.0,0.0,0.0,0.0,0.0,0.0,0.0,0.0,0.0,0.0,0.0,0.0,0.0,0.0,0.0,0.0,0.0,0.0,0.0,0.0,0.0,0.0,0.0,0.0,0.0,0.0,0.0,0.0,0.0,0.0,0.0,0.0,0.0,0.0,0.0,0.0,0.0,0.0,0.0,0.0,0.0,0.0,0.0,0.0,0.0,0.0,0.0,0.0,0.0,0.0,0.0,0.0,0.0,0.0,0.0,0.0,0.0,0.0,0.0,0.0,0.0,0.0,0.0,0.0,0.0,0.0,0.0,0.0,0.0,0.0,0.0,0.0,0.0,0.0,0.0,0.0,0.0,0.0,0.0,0.0,0.0,0.0,0.0,0.0,0.0,0.0,0.0,0.0,0.0,0.0,0.0,0.0,0.0,0.0,0.0,0.0,0.0,0.0,0.0,0.0,0.0,0.0,0.0,0.0,0.0,0.0,0.0,0.0,0.0,0.0,0.0,0.0,0.0,0.0,0.0,0.0,0.0,0.0,0.0,0.0,0.0,0.0,0.15879315029505747,1.0674556176654663e-6,-0.0002452034655505086,-1.4620790886365508e-10,-2.1705462237942834e-5,-2.992726567052267e-10,2.468520047911753e-10,0.002586366399547158,0.02815953638624468,-4.507984363805744e-5,-9.264365640878874e-7,-1.971903734435659e-9,-0.0038782780567929503,0.002601758539269774,-1.4538994291567292e-10,-2.2600360273367588e-8,-0.00014606526546100866,2.2398344294805473e-9,-0.021015532537767296,1.8387451003129348e-6,0.021103711479435176,3.3237389183650034e-7,-1.4793890364070497e-5,0.028952338647321284,-2.3458103640746416e-12,4.666923847148146e-11,0.000322609325013303,1.2279963171596146e-5,-7.998943326199559e-9,0.006763138442591941,-1.0865733124640033e-9,-2.2678197514465302e-6,-3.539739304756509e-11,-0.0055270099344336705,-6.803701673952854e-10,0.0014253474080041255,-2.89468911391481e-7,0.000535724302565375,6.334969956994528e-10,-5.666783970717823e-8,-3.0416253446203445e-11,-0.0034778690876330013,6.870653721545894e-10,-0.0022306672208275194,4.5580521684033724e-8,-8.13540258414502e-8,0.0011970396703822018,-1.551954214310806e-5,-4.636071744070516e-10,8.948864779864474e-7,2.3558611949870694e-5,-4.004158779986026e-5,-0.00020098938094618293,-3.224566586043784e-11,0.032520296894757,0.006200135814162723,0.002534607806565913,-6.843026129373428e-6,1.1148446517689873e-8,-5.444817445737615e-10,3.0910073439693832e-6,-0.017556161623659854,-0.0023324778967552516,-2.3967123920419107e-6,2.138097684755845e-10,-0.0008116519950805748,-1.254646696435519e-6,0.002208265407981218,-5.118556200385389e-5,-6.40162528703623e-7,-0.01727407088010004,-1.668721363917256e-11,1.35008727222168e-8,7.271422751203259e-5,0.03677347208182309,-2.5117786345919344e-8,-0.013937868014538312,-2.5858202272225894e-9,0.0005215582512987198,-8.551583811363782e-11,-0.0020067405831512846,0.07037436798002603,2.8413411348230302e-8,-6.25055710736924e-6,2.0727679869407097e-9,-3.5654854305864485e-10,1.5541255088911157e-9,0.00014216649363628226,-6.913377968422147e-13,-1.2280124204343516e-10,-4.4527558225662705e-5,-0.0028917207508575393,1.4654721894700173e-7,-3.33890358184015e-7,-1.4353338843030945e-8,3.6117034703872717e-6,0.0013502060631542109,4.8429286867752494e-5,-6.422685219712959e-11,1.061998546689498e-7,8.774511863421396e-11,0.006402434777990534,-1.432034670478456e-9,3.424827749422966e-5,6.580094980362974e-7,-0.004572686560621838,-0.00015836159101120125,6.632235561825118e-11,-4.9403893125857e-7,1.407872302440122e-6,2.3938242884878e-8,0.002048871668403898,-1.6251525471487235e-10,-7.714155056391332e-7,0.0005874275547270099,1.1107051851962568e-8,0.04380296019750623,-3.8968914950934694e-13,-0.0037812557406385608,1.9613218619396443e-9,4.184541069879127e-6,-0.0019262336504675935,-3.367121862139305e-8,5.3777150399008886e-11,-4.742887458798608e-6,0.014666349797972765,1.945643349599832e-8,0.015208344048232516,0.0001323011155287256,2.6848699744003828e-6,-9.876332855679276e-5,-2.1730723059793993e-12,-0.0053433860436315735,-5.155889219370325e-6,1.9157416583937696e-10,-7.895347716661088e-8,0.0005452447017573979,0.0030304427786636795,-3.969837832634569e-9,-2.9908376955682007e-5,5.337219625655145e-5,0.03041516524142707,-5.1572480742742185e-5,6.617851731626691e-7,4.9072206664916884e-8,0.00014134423205554005,0.0013108602722222218,-2.087368944197844e-6,-0.01691404483279391,-0.003941225267081066,0.034359948953639245,-1.0242331231262634e-8,2.988709525781667e-8,-2.0123809774762743e-9,-1.0360470762626181e-10,-0.00017418103949035533,-4.038580513340984e-5,-0.005797617684858726,4.138828353320735e-7,-0.0014619016713379358,2.5552882189896838e-9,0.01640825044076182,3.883875890098076e-6,0.0001565952206062798,0.05982808706345881,-0.0029612438329674634,0.0010641653395586153,7.330270039589548e-5,-1.3441742857190182e-11,-0.0072743152994108,-0.004512293980047551,-8.99515300037258e-6,-1.468158141300875e-8,-2.499226517616602e-6,-7.83440500703836e-7,-8.142268250400832e-12,-9.285915441871355e-6,-2.6879395228369866e-5,-0.00017155362709794181,-2.8555632630377406e-7,1.7170301080309919e-6,-2.6318965753192454e-11,-1.2868986202432085e-10,5.843795819422671e-6,-2.4943197239464225e-10,2.4013990750408483e-11,-0.0005066170263132009,-0.004365254112927622,-0.0008213663989318844,-1.9015421727088106e-11,-0.00482706547759653,-1.6260361392688886e-11,-0.00717634027013287,5.795876591900088e-9,3.7729282092846074e-6,1.2583760189429791e-11,3.097447481981805e-7,-0.005160004640524407,0.0037575596806193466,-0.0043645992068364016,-0.003948621370759021,-0.005961116357293166,-4.583423450802689e-9,-0.0030147261230704494,-0.0018332970494268992,-7.309537709613299e-7,-0.0062350638669072785,0.0005874349327883835,-9.322622466815564e-5,2.0055780032936338e-11,-4.2913967037313406e-5,6.702702929647123e-8,1.4209699707613458e-6,0.0019555472929328683,1.9115130839753127e-7,0.003088662867370101,8.356653195153716e-10,-0.0036780446911890427,0.008516053048244246,-0.00023350795392887818,-1.35027028709506e-10,0.005356132338005838,-2.4510683581500524e-8,-5.6135255443747367e-11,0.007205283860020527,-1.8723640433858525e-10,6.638879388142725e-8,6.637383733833693e-10,-0.000563523326852455,0.02182134820954003,0.060563787782008154,-1.0416742546909951e-5,-0.002319423039600867,4.290110258643518e-7,0.003939233891508274,-1.4424539160796429e-8,0.014978378357193725,0.0021384962483201294,-0.007635070858592654,1.811089558163329e-11,-2.3077879949445897e-11,9.721281899278012e-10,3.658908074890314e-8,0.0011183028247643168,1.618547645509411e-9,-0.03570711764507731,-1.6069070793844643e-10,-6.273002420445804e-5,0.01408250076477144,0.0017143158072899568,1.2217682362934293e-8,-0.0061312468962466515,-3.894814563224762e-10,1.1347693647711502e-6,-2.341725531718251e-10,0.036083513088248566,0.00045614849749912547,0.0035360886569659813,1.6935393872031627e-10,0.04218571180480017,0.0822174550864476,0.008368930653169803,0.0010683831427227997,-9.928071174376217e-12,-2.563785251319268e-7,1.2646469269891491e-8,0.001966044499979112,-0.004775390209451756,0.0010660346464736968,2.5166660661494237e-7,-0.023206494063859714,6.492386429160011e-14,7.641294949566132e-7,4.9930977784135705e-6,0.005157294518147541,-1.7293519171253347e-9,-2.6923889445120047e-8,0.02542254170951459,0.008796117920682456,-9.754938916641168e-7,-2.0627737755079977e-6,1.0842203259183292e-5,3.255595959570515e-5,2.7803371126020005e-9,-7.070352040269077e-10,0.008158948752426462,0.0028760540896565633,-6.939508946853624e-10,8.618092653274779e-5,0.0005545310261983296,-0.00021209520707217333,4.914529785970094e-7,-3.993909821214287e-5,2.3506664007261134e-9,2.2883364843066738e-7,-2.1739373953054195e-8,-5.906196591306302e-7,-0.00912990384433814,-2.495041336647897e-7,4.1560846961618524e-5,-3.4787656855628773e-10,-7.250732179518781e-12,-2.77687569875743e-5,-0.03387428398306717,-1.8712230411100028e-11,1.6161009252382286e-9,-7.223269706936225e-10,1.4042832672013403e-8,4.288318025809759e-7,0.00012093987309722469,0.0007810194372510604,-1.0251240308588238e-7,0.00012574073558992887,-3.927799413766965e-8,-6.553371331096105e-10,5.908491483549886e-10,-2.446782983500373e-10,-4.583974141116476e-5,3.178779783053663e-11,4.5765514806275294e-10,-3.095793887979094e-5,0.002974000617037795,4.655992640497694e-5,4.432001539843535e-6,-3.0085880411515543e-9,-1.1304124162065339e-7,-6.09550537956686e-10,-2.467829107604987e-6,2.3739928366532743e-10,-9.113340713492245e-5,-0.0001131882372224209,-1.444348388337242e-9,-1.21873614151273e-5,4.490616552917369e-9,1.5334280565066272e-10,2.2335783830404912e-9,-0.006527082334998429,-3.4471253683741477e-9,-2.4171991864377353e-5,-1.1569419951832527e-5,1.4649242401895813e-10,5.490195226085351e-11,-3.551383806711537e-8,1.4119574096940034e-10,-1.1243231607094025e-6,0.003059530500178283,-2.3076965206001314e-11,0.00721195806352307,0.05435238251944633,-1.4399009888173992e-10,0.0054159680357881365,4.777208780712401e-5,1.8640427097543774e-9,-7.075101922793553e-7,0.004596232450499939,0.0009375263804293486,-2.292448447186888e-7,3.162267291700114e-10,-0.009135728790379131,0.09022769754887262,3.492631934190419e-10,0.005181172345736431,1.5347607297504828e-7,-4.365009110116321e-5,-2.355462955455215e-6,-5.088790844487172e-6,-2.3357183685452185e-8,-1.0852164823068882e-9,-8.332417614311235e-8,-0.00014090555263275307,-0.0003727828764438392,-1.5346953651020702e-8,-1.88082376720206e-9,-4.069775482762894e-9,0.00030086523657980635,-0.008851684805802656,-5.100155258268528e-12,-4.6018205763740274e-10,4.83780792209462e-7,1.716429841716675e-11,1.450752214744239e-8,1.9007660595331987e-7,-3.0488505227524346e-6,-1.256770907262179e-7,2.0172135472452675e-7,0.006809722660062425,6.0039261406004114e-6,6.346013323586869e-11,0.0006176985366182887,-2.540382176718942e-7,-1.923502823075737e-5,-0.00024092421776292946,0.0007900193195524905,-2.5366310236091687e-10,-2.4026897228553834e-11,-0.004700459282816684,-0.009361886415517471,-0.003909723255777042,-1.5031700614735922e-6,1.9777358528227677e-9,6.506020433814771e-9,-0.0004545730144294971,0.0002321189356112993,-9.157922239977e-5,4.682525287245979e-5,-9.604935996837705e-5,2.9468524771632725e-9,0.004355293747662395,-3.412316645487351e-7,5.793547519474721e-6,-4.120064023836358e-5,-0.003894681649976706,-1.5494528596206366e-7,-2.2674904125938014e-9,-5.188604506474608e-7,0.045862173446951766,9.282588058272934e-12,-0.00016006143211990176,1.9528019244995387e-10,-0.0034494820892463675,3.0772903772174313e-9,-4.008721113527418e-12,-0.01626233057181676,3.2022074842653446e-7,-0.00019150041583365082,-0.0010826579534899937,1.2763107808236095e-5,1.5562430236224798e-5,-2.1855954288081085e-9,0.0021140283005675084,-0.025610002076802398,9.479449946539718e-8,0.0002064231076277459,-0.0018990377303053354,-2.4190859441888004e-6,-0.0018852967112194133,5.269603613122043e-8,-6.185873451161953e-5,-7.15618730084508e-10,1.0404882478216106e-6,0.008056105387286391,-4.3301895136847446e-11,0.024502875351026892,-0.0010383838689092186,-1.2558710489735336e-5,-3.058274805064967e-11,-6.430055736983971e-10,0.10356705865749742,-0.013141680717038258,-1.9977530243634847e-8,4.775816607433327e-11,-1.2912117928907781e-9,2.5781304849541267e-9,-2.745388659155007e-7,-0.004036923592825388,-3.343044154171807e-6,0.04024782444480166,5.6185154025456745e-11,1.3523988219058177e-5,9.380853679969438e-8,-2.0900941973326634e-7,0.08669648387284035,-1.976048531196398e-5,6.011100926600963e-11,6.328268393266046e-7,0.0002768955012416978,2.3351129344461354e-5,-4.5922811995892645e-9,0.007034371445100567,-0.0032480887038730177,2.4724386284906663e-8,1.1056112821831081e-7,-3.276454984076139e-6,4.251718355812742e-7,-1.3401388634787336e-10,0.0003496744595925056,-5.21393768398696e-7,0.0013450445689630497,0.01851318572475604,3.600186400409125e-5,0.011159963439218133,-1.4858420830040922e-7,-6.467255661850187e-10,-1.0347436213314606e-12,-0.00018974471396804912,0.00010399297509707427,-0.0008415804304910502,-0.006151264770623673,-1.5675180958804997e-9,-1.516897884971123e-5,5.004284992146169e-11,-6.090132727243265e-8,-2.6599004875941954e-8,-4.159885707834883e-10,-0.005654169388393304,1.2351980013768293e-8,0.0008489701824233937,-0.00010107391202344303,0.004904568684425817,-7.860403246892633e-11,0.005203509574044914,-9.066557706974476e-7,0.0008796623772361178,0.017725233934402763,-0.003231401187087092,-4.701315037225993e-7,1.4576480341693306e-6,-1.1845978318718698e-12,-1.0134262882884415e-11,1.4141782311361033e-12,-0.0004358394822668012,-1.9183173174054753e-10,-3.2282478784236704e-5,-0.0006525734373082806,0.0010942434730913332,0.0066887206228763065,-3.849161959263775e-6,0.021672943787122898,8.72037533315552e-12,-1.4854054904224122e-5,-0.0007701945812528347,-2.593922206047564e-5,0.008387433014443058,0.057438720582650545,0.03776795115954478,-1.7284249208111302e-11,-0.0007218661189231744,6.632498202640118e-8,-6.590471173464672e-6,-0.005942334602125695,-2.5427827767758466e-7,5.607960772209823e-9,-0.00010982838354585844,-2.908870470448601e-10,7.856671071776652e-5,0.015950336159481906,-1.2462404912296269e-8,1.548741178702378e-6,-7.392616866857575e-7,0.005245498195839181,-8.021702754023792e-7,0.0006111020559176819,-6.067790834816248e-10,1.0030296005285072e-6,0.00017636169622183817,-2.2524743331315434e-8,0.10823272704521571,-1.0678199922848134e-9,0.0017424088752508087,0.014318000218275465,-0.004010370333935248,1.6998854905258212e-10,-3.829613066764745e-8,1.387617358754717e-6,1.3573058325288028e-6,0.008482335796874841,5.014319529504187e-9,-4.6450279069057227e-10,5.504623814273958e-7,-0.00020016395413421096,-1.0792412850801628e-9,6.235499062542634e-7,2.5038710220391003e-7,0.0002590417245186631,0.0009215925635853862,2.974414258867751e-10,-1.988840192004243e-11,-0.0021968985504655235,-0.0002663236976910595,-2.1825491468819955e-6,1.1517986259449848e-8,7.45134994440236e-6,1.85060675126793e-5,1.986292312948124e-6,7.3958798001608215e-9,4.048719657634212e-8,-0.0048429274934788805,0.013407646465805192,-4.716929394223179e-5,0.00014341248702191375,-0.00034788390458455717,-0.000138968917899347,-1.1636089559573568e-9,-9.319157484044599e-11,0.018530080364500354,-1.3681851028128708e-5,-8.91055960168065e-12
0.0,0.0,0.0,0.0,0.0,0.0,0.0,0.0,0.0,0.0,0.0,0.0,0.0,0.0,0.0,0.0,0.0,0.0,0.0,0.0,0.0,0.0,0.0,0.0,0.0,0.0,0.0,0.0,0.0,0.0,0.0,0.0,0.0,0.0,0.0,0.0,0.0,0.0,0.0,0.0,0.0,0.0,0.0,0.0,0.0,0.0,0.0,0.0,0.0,0.0,0.0,0.0,0.0,0.0,0.0,0.0,0.0,0.0,0.0,0.0,0.0,0.0,0.0,0.0,0.0,0.0,0.0,0.0,0.0,0.0,0.0,0.0,0.0,0.0,0.0,0.0,0.0,0.0,0.0,0.0,0.0,0.0,0.0,0.0,0.0,0.0,0.0,0.0,0.0,0.0,0.0,0.0,0.0,0.0,0.0,0.0,0.0,0.0,0.0,0.0,0.0,0.0,0.0,0.0,0.0,0.0,0.0,0.0,0.0,0.0,0.0,0.0,0.0,0.0,0.0,0.0,0.0,0.0,0.0,0.0,0.0,0.0,0.0,0.0,0.0,0.0,0.0,0.0,0.0,0.0,0.0,0.0,0.0,0.0,0.0,0.0,0.0,0.0,0.0,0.0,0.0,0.0,0.0,0.0,0.0,0.0,0.0,0.0,0.0,0.0,0.0,0.0,0.0,0.0,0.0,0.0,0.0,0.0,0.0,0.0,0.0,0.0,0.0,0.0,0.0,0.0,0.0,0.0,0.0,0.0,0.0,0.0,0.0,0.0,0.0,0.0,0.0,0.0,0.0,0.0,0.0,0.0,0.0,0.0,0.0,0.0,0.0,0.0,0.0,0.0,0.0,0.0,0.0,0.0,0.0,0.0,0.0,0.0,0.0,0.0,0.0,0.0,0.0,0.0,0.0,0.0,0.0,0.0,0.0,0.0,0.0,0.0,0.0,0.15712229901943314,-0.00280112108414526,1.2791444623591177e-7,-0.006141514120974143,6.978778647939362e-6,0.0001965048074190219,1.6332620079181558e-7,1.3070447821639966e-5,0.00012507146990511748,-0.00011804309827369803,-1.216501557117215e-5,-9.8783223705708e-8,2.055027759220243e-7,-2.0238430529555594e-6,-0.0005897626319779623,0.0007479191475877236,3.5655292137482855e-5,4.6589781745866176e-7,0.030848349770202184,-6.808768152343291e-6,-0.003981673500221354,-0.006996546723652032,2.9905940128637408e-6,1.6760944044181972e-8,1.4786711763947565e-6,-0.00038181671840321093,0.005014006476748696,5.684631442433861e-5,-1.5469342159649703e-6,-1.8011607163014914e-5,-0.0036960210824430705,-4.331992326335435e-7,5.554681234554995e-8,0.0001142889264298095,-4.590187878832514e-7,-0.00023740929995688648,0.00040015160863571904,1.8809128454253007e-6,-4.33282147778313e-5,7.406613075746446e-8,-0.00011367749747855343,2.9026357505169924e-5,3.403521698331683e-6,0.0008955757704228074,0.0007554248826055882,-6.752754652049725e-5,-0.0005761460215051319,-8.69034907823854e-6,0.029757830303683952,0.0023177426495150436,0.018701340662737924,4.214754457571406e-8,5.294361255358188e-7,3.5912745516300794e-7,-4.29879297667284e-6,-4.469885417366294e-6,-0.006710791833346769,0.0001681859663936138,-9.446072585450432e-7,0.01970383845193901,-4.236684038071285e-7,5.8938190491238434e-8,-0.001733961220845138,3.006424779966316e-6,-0.00024344801247992676,0.06709997017959642,1.5936304305460965e-6,-0.0013565983520433952,-0.005520319946384238,-3.6462002371150028e-6,-2.4086987654368886e-6,0.005529528482645052,-0.0010424926843619878,-2.4536235219354524e-6,-0.0003413172193459732,1.7730348362565984e-7,7.073390532399953e-5,-9.394301864210428e-5,-1.9970951158478555e-6,2.4058712022057765e-5,1.9071243648413119e-6,0.0002657294892837403,0.05679751802820889,0.0012403588429665351,-1.608902709756928e-5,-4.564859238097952e-5,1.9415286410882297e-7,2.8326527576279344e-7,6.760169835140426e-7,0.008071989695198588,-9.446554466695036e-8,0.01448576750913978,0.001462699495450644,0.00044517202601749277,0.008612510971136427,0.0001258305978565139,0.00023820093533766018,-2.300603888272429e-5,0.0009544034711802505,-2.079490387224135e-6,-1.3819197103528683e-7,-4.36338832292486e-5,0.003413905301063061,-0.008320201950584088,-8.420975025597042e-6,-9.68161495694616e-5,1.0275443137521191e-6,-0.004278559242674324,-0.0009723151994993958,-0.0006428654656341978,2.8651507869113217e-5,-1.3517115283465543e-5,0.0737929733225034,-0.0001607176384585021,0.00027891651785872415,5.721738900373299e-7,9.981017736774904e-8,4.873567587246668e-6,0.003723193381595212,-0.005721184609170754,6.186540746434342e-8,0.0008497457738514718,1.4183893842560027e-6,-0.005518150292101906,-6.27246031315808e-6,3.836491952734438e-5,-4.78370713607764e-9,-0.00018340989611878697,-0.024575740018783418,-0.0013985911702413664,1.7357607437844044e-6,3.4810304198766847e-6,0.0014100474281012378,2.9774407847540256e-6,-0.002402102588985157,0.00016542902935376825,5.523022091905133e-7,-4.833622665588526e-5,-0.0016473809759933807,-0.00014624535452837452,1.8082715191419676e-6,0.00288655371908253,-0.0033584031819935242,-0.0009218273739510772,0.00040217540848699245,5.798586628636309e-5,-0.004729846392026186,7.803263090904988e-7,-1.1410252739356e-6,5.302265110447254e-6,0.00012481970388405128,-7.54546308197134e-5,-4.414188780910195e-5,1.3175960467367055e-5,0.0006175113336877931,0.011743292914823102,3.1383337681203023e-7,0.010892919998304358,3.221889635187842e-7,6.318192419152103e-5,-5.926995537906838e-6,-0.01969398499519295,-6.089137010640075e-5,7.421758133685817e-6,-4.28106332184688e-5,6.118250237684807e-8,-0.00028356740143690133,4.6385758037756587e-7,-9.11348351104996e-8,1.310951551518645e-7,0.05207987361493469,-0.00029344819758200547,0.0018372046243687323,-0.01954140199227951,-1.2701464063503385e-6,0.019744343702479475,-6.378941085396383e-5,0.0014477251204715958,-0.0026104444894685403,-0.0005635085114900144,-1.2717525336898258e-8,-8.18065880694889e-7,0.0014962236399575707,-2.7259280899857657e-6,1.0559773261944748e-6,-3.054894030612251e-5,-3.4237371592496856e-6,-6.048980249562145e-8,-3.647113725992538e-7,-2.2152531539166395e-5,5.097854280305027e-7,-5.1419303188313813e-8,0.00031996472909155563,0.08434429821022114,6.877006170404052e-7,-0.005404778367569946,-4.526089005338114e-8,6.763301805292709e-8,-2.005205036818684e-8,1.8994742653423777e-7,-1.1666665699119329e-7,-6.3941397380804845e-6,-0.00015233336742898727,5.965249930450462e-5,0.015569324723294536,-6.466623520967812e-6,1.410722905294135e-6,-0.0002603704504161236,1.3723303673789873e-7,-0.002083403378719346,-0.001084039469571613,0.012970309476369318,1.043000859826253e-6,-0.001195595746296093,3.8693762892171524e-5,-6.5309220157653836e-6,-2.899052564675659e-7,1.0984432611625417e-7,-2.2803526605965853e-5,-9.178830689570317e-6,4.593623192996431e-6,-6.11819504961677e-5,-1.4759424975177212e-7,-1.3071006496387064e-7,-3.3905627524736064e-6,-0.0011936506844160844,6.382968294167395e-6,-4.8715326894376616e-5,-7.051955670479904e-7,-1.8937680887936015e-6,-0.002152208204952569,-2.3324036519511064e-8,-0.004492528574741282,1.6500452492365301e-7,-0.0001431188856767371,-1.3657320715448483e-6,-1.8000829151260306e-5,-1.2945152662671323e-5,2.2964434721848567e-7,9.155034593456283e-7,5.777702954730179e-6,-0.017777571230564043,0.00015767841739229108,0.0004587273456445382,1.073618408794994e-6,-1.1033688598633194e-6,0.00020269586776639734,-1.1449650216599196e-5,2.3503470358715394e-5,0.00018358506866973128,1.0895278882052539e-8,-6.507479962293569e-7,0.009436449022046633,-4.0715302865876645e-6,4.8062981537241e-7,-8.244300186461984e-8,2.0159043859678378e-7,1.0995488665191266e-5,1.5198249653028383e-6,5.405284116910496e-7,9.016458759163792e-7,1.0406099710358837e-5,-1.621159223513831e-6,-0.007507899657929792,0.00028596569160433934,4.266602085645745e-7,1.1475242879024638e-6,1.40938659403144e-7,0.007820365870979807,9.483845149035092e-7,3.0291587792237e-7,-0.003938611745900787,0.005853383565532483,1.3183923500530992e-6,0.0001436018135584303,0.00011052040747615867,6.973747512439597e-7,-1.603645277906876e-5,0.005072068961028218,-0.01478808577556347,0.004025863350150323,0.001357793085943813,0.0003175740739246007,9.555784098789831e-6,-5.565563735183272e-9,1.612446046576092e-5,-1.9235510605043044e-5,0.0009854925797632367,1.0937656131683526e-6,-0.00015331395498199732,0.0030652699518051696,0.0027884910288087307,6.67210722443867e-5,0.002477831127658088,-0.0005671303867505568,-0.008284185134868463,-1.0057768480947693e-7,0.0036485849883645585,0.0014622591771256987,6.232260071879642e-6,1.798056944889978e-9,0.02127343227366416,3.8057697689530025e-7,1.9950534207898895e-7,4.239408966929534e-5,-1.5726746304830215e-6,2.6781756346269665e-5,-0.0017364069256344012,-1.0107910950146443e-6,1.4447775855644542e-5,-0.0005101725218588183,-0.0008101372872503612,0.0003876232256765448,1.4841784798562985e-5,5.301195209055848e-6,-0.0003473038507066261,-0.0028960873720542293,-5.509240421601042e-7,2.2289716701496734e-5,-0.000621606754998323,1.5957408367169605e-7,-0.0009688443345137812,0.05433207543846426,1.4011255108429837e-5,-0.0008866499643431112,-1.3186760906640907e-5,0.006400248428881199,4.3962578934951045e-6,1.6601836388665445e-5,-2.844107217785219e-6,-5.258803230559486e-5,0.0018455506183003092,5.2832157923951414e-5,4.8006850728120536e-6,2.7234854863478522e-6,-6.100060515772063e-8,0.00035504644180014256,0.00046619663322268213,-0.0037018879958243393,-6.239873068574939e-6,-1.5599188978432898e-6,0.0005264888966937543,2.2801244855121786e-6,-0.005660985533835721,-1.9092876830667174e-6,1.4585012090264583e-7,5.681768723779991e-7,-2.6574750377491993e-6,-1.9692872007654964e-6,5.8434931609124356e-8,-0.00027119612131552926,0.0004267993078023103,0.0004611585630797283,-8.27423146711984e-8,0.00031422095639239533,0.029374839010613,1.0068472579968987e-6,-6.233400562659516e-8,4.286195428769995e-6,4.1461105633027e-6,-9.547165151687057e-6,0.0014601174230242085,-0.0012518326032781764,-0.003087721022754579,0.041627339722994365,0.00012416489445301443,-5.16138482154291e-5,-0.0005104031023860619,-8.1770311394328e-5,-0.0012733011222091238,-3.592580114642098e-5,1.2639045401664659e-5,-1.1330178313400847e-5,9.918677600730126e-8,-6.3661336158549845e-6,5.261081452766415e-8,1.3425079302627497e-6,0.0023808152557305393,1.572475970765651e-7,1.4068824412566862e-5,-0.007134547610196973,0.002558757871739275,-0.0009731214430336832,-0.0029604794176927955,1.1808220643914622e-5,0.00550139281143346,1.7958340848917309e-6,-1.4743285094884487e-8,0.1299279924531588,-0.004635927376351772,-0.00019079278707777325,7.386109913223785e-5,-2.773725786333184e-6,1.8461683898980143e-8,8.746702986059067e-8,-9.217889729503022e-8,-3.587520855425649e-8,0.02521340754327103,6.739306700829465e-5,7.258175835176649e-5,-0.00018308945812236827,-0.0007908994715063065,4.25971633549467e-9,-5.760778912239866e-5,-1.4864385150206438e-5,9.2497040684522e-5,-1.0011381879432808e-7,-0.0015376290017779343,0.0051199549587670565,0.007675392742940359,1.659275676051169e-7,0.0009193069554284338,1.8648115046442454e-5,-0.0035668531117691105,3.4839571416077785e-7,3.0048603772175997e-9,-7.561169255630328e-6,1.8476204116329684e-5,2.3673674100874254e-5,7.109040160554139e-7,-1.447937360389124e-7,-5.425164524031441e-7,-0.007758461209115785,-1.7487600339346368e-5,3.987653178171009e-5,0.002383880907825274,0.001903212311517969,-1.5663314442550038e-6,-2.3471982213758776e-7,3.738463844232991e-6,-0.00938254485167232,0.00046482284296031536,4.388410548687582e-8,0.05228434029650651,-3.117858991020106e-5,0.00026197558670222555,0.009719556385368512,-2.0219613009650566e-5,-0.004789330746234555,-2.6175711422283054e-7,-8.189896072040731e-7,8.033235521068898e-7,6.64697470579971e-8,0.01776972755206248,-1.090681890806362e-6,-1.2311124797204673e-5,7.52169844092225e-7,2.4415631876385854e-6,-0.000773208824547932,3.9507489326817446e-7,-2.7529917737855474e-5,9.139604887472828e-5,-0.005185010440362147,2.112373893563315e-6,-0.019942812882584596,1.3562748582059385e-5,5.956131320108946e-7,-0.0043984863318981045,-0.0001687017252881848,-0.01062213603626413,2.4928928169460165e-6,0.010874464999648144,-3.2375104102963115e-5,0.011467198319031702,0.0004826931702056716,0.0006408016608854795,0.00012774000773612808,9.499036099407209e-7,-1.0677809423272502e-5,0.00015295708674303225,0.0019318161666431138,-0.0004971698530479186,0.0024367449689406857,-4.888737764856828e-6,-0.00017833353985560505,0.0094199277451187,1.5625190708396428e-7,-1.192674777034957e-6,-0.00016430665595262755,5.203281120708038e-7,6.817820889623584e-5,-2.0451069253931418e-5,-2.8879322184609978e-6,-7.773606360051105e-5,-0.00019568332178264902,-3.451750630060809e-5,-7.763959396623833e-8,-6.3042432287212285e-6,-0.003999233244921424,-1.4703312408160715e-6,0.0006928725384496582,1.7734163572986905e-5,1.6062259809587848e-5,-5.140617828039069e-7,-0.00011214139831580801,8.736319072046246e-5,9.693000886083144e-5,-1.1873622160939661e-5,-1.081462391580355e-6,-2.734018663574059e-6,-0.01711187956150796,-8.320465992694927e-5,2.395811226300164e-7,2.054424137305528e-7,-0.005541975334738495,-0.012604721014664682,5.112717489101226e-7,7.097112941848784e-8,-5.669273347194201e-8,-8.041661092986023e-5,-6.300615527884119e-7,-0.0007154423161030337,3.562818103589683e-6,-9.423650282793124e-5,-2.3337544212631876e-7,-0.0012760633393649702,9.311386446391078e-7,4.292759699392845e-7,0.00035566877386009846,-8.156622293449264e-5,-0.003926766386601145,2.6567438407499915e-7,6.414314428134484e-7,-1.1099734951639496e-6,1.944759823711289e-7,-1.9617026672604516e-5,0.0006700129732691093,0.03227013361788861,-9.390907874216811e-8,0.0021975186844180403,0.0002347285622050419,-0.0003695035759188006,-2.8233943828538766e-6,0.0003844871860119983,2.7453670724895533e-6,0.00016921006799120787,0.0010158944371320812,-0.002678007593339401,-1.5852708746343945e-5,-0.004347437530648527,1.6597867060147693e-7,-3.6763619346730124e-6,-0.003382317422661845,0.0009438282756942023,-8.105907800715346e-5,-3.345461922333967e-8,-1.9640594798144902e-5,-3.450540474540742e-7,2.7436254120354027e-6,-4.200980826118339e-8,-4.965738418797776e-5,9.833727942839795e-5,0.014379078439636563,-0.002043269159019564,5.179881066943714e-8,0.00040721694417055057,-1.0456113228412961e-5,0.0005119208173372576,4.5771935422213615e-6,-7.352434593802475e-6,-0.0014884885342340362,0.083830459180348,0.00026763979603039293,-1.7827075109390696e-5,6.445780938140903e-8,-1.8322753584606985e-6,-3.967028167798616e-6,0.0003385180454379188,0.060513289851155845,-0.00015952617842624646,0.00015993564348273416,9.104922389134646e-6,0.10798761909666144,0.00042430375257207406,0.0009123709451295958,5.929183292822645e-7,1.1345270871684817e-5,-0.0002048956003622618,3.1820199250487796e-5,-0.00021563572100801335,-6.800517316943333e-5,-2.826942180985048e-5,-1.2425457563572647e-6,-1.0049613345392952e-8,0.0008440296403772221,-1.0338468533746708e-7
0.0,0.0,0.0,0.0,0.0,0.0,0.0,0.0,0.0,0.0,0.0,0.0,0.0,0.0,0.0,0.0,0.0,0.0,0.0,0.0,0.0,0.0,0.0,0.0,0.0,0.0,0.0,0.0,0.0,0.0,0.0,0.0,0.0,0.0,0.0,0.0,0.0,0.0,0.0,0.0,0.0,0.0,0.0,0.0,0.0,0.0,0.0,0.0,0.0,0.0,0.0,0.0,0.0,0.0,0.0,0.0,0.0,0.0,0.0,0.0,0.0,0.0,0.0,0.0,0.0,0.0,0.0,0.0,0.0,0.0,0.0,0.0,0.0,0.0,0.0,0.0,0.0,0.0,0.0,0.0,0.0,0.0,0.0,0.0,0.0,0.0,0.0,0.0,0.0,0.0,0.0,0.0,0.0,0.0,0.0,0.0,0.0,0.0,0.0,0.0,0.0,0.0,0.0,0.0,0.0,0.0,0.0,0.0,0.0,0.0,0.0,0.0,0.0,0.0,0.0,0.0,0.0,0.0,0.0,0.0,0.0,0.0,0.0,0.0,0.0,0.0,0.0,0.0,0.0,0.0,0.0,0.0,0.0,0.0,0.0,0.0,0.0,0.0,0.0,0.0,0.0,0.0,0.0,0.0,0.0,0.0,0.0,0.0,0.0,0.0,0.0,0.0,0.0,0.0,0.0,0.0,0.0,0.0,0.0,0.0,0.0,0.0,0.0,0.0,0.0,0.0,0.0,0.0,0.0,0.0,0.0,0.0,0.0,0.0,0.0,0.0,0.0,0.0,0.0,0.0,0.0,0.0,0.0,0.0,0.0,0.0,0.0,0.0,0.0,0.0,0.0,0.0,0.0,0.0,0.0,0.0,0.0,0.0,0.0,0.0,0.0,0.0,0.0,0.0,0.0,0.0,0.0,0.0,0.0,0.0,0.0,0.0,0.0,0.0,0.15700903585783235,1.9019250991636374e-8,0.00620535498425476,1.333963759249195e-7,3.6876235446382575e-6,-0.004068155716683791,-2.5561600618162157e-5,0.00399408953404691,4.590070230480737e-5,6.856492757808954e-7,-4.101838696339588e-6,-8.245342550507499e-6,-2.137623355086799e-9,-2.834028730960765e-8,-0.03596264491149425,-1.1376531008848704e-7,-0.00011292801695703219,0.003505201437487414,-2.0139906216763612e-5,-0.0001589552074427693,0.016077010962164864,-9.176138269220851e-5,-2.4928459267472347e-9,1.8083958017442038e-8,0.008749142215550475,-0.0017647185326343643,1.3486148491643933e-6,-0.00013453055439474794,-2.126335219916198e-7,0.0015051514045204613,9.5433927319575e-9,-7.80750775355358e-6,8.779960362502517e-7,2.0499710292135877e-5,2.785543216543183e-5,-0.047718008774899026,7.380473047499575e-8,2.5441098602043997e-6,2.7659564871445046e-8,0.0037899296466249155,1.529408530387e-7,0.0004583192863149081,2.2256139007063694e-5,1.9935777151619494e-5,-0.0001639058583622043,0.05481244487372032,4.2399717721653944e-7,0.0006772829142148796,-0.003570946115850155,-0.003128695897382964,2.515969498416143e-5,1.8704498974232464e-10,-6.994541226589083e-7,-4.516555171148752e-5,0.0006871887872962823,0.0009588226808356245,1.30212956947499e-6,5.919336628722722e-8,-0.00016336022391887108,-8.402750401522887e-6,-7.359892988003693e-6,0.0008769857372067536,3.259969588981435e-8,0.0023837835211303485,-0.0019057252144571817,-0.0008919355590380996,0.03463164155431262,-3.3895289788209745e-5,0.0008876586850102335,-2.490220901200918e-8,0.00017799544457654105,-0.005041007001991633,2.5366100344450597e-5,-7.129807210159221e-6,3.391162994955871e-5,9.694349354796851e-7,-0.006073026218009683,1.3496622068008591e-9,-0.0012540964655019114,-9.330528111791934e-5,4.855347459110488e-7,0.0012456164226200645,5.2290882823753976e-5,-1.1728312309582739e-7,6.771262772509646e-8,4.430900992519542e-6,4.364607860559197e-9,8.748055978336181e-8,-0.002276888638437921,-1.5166581509266858e-5,0.0004518642433403824,7.482121348545308e-5,3.939755463965141e-6,0.00037065734465391564,-0.012641799076432148,-0.002150207953676854,5.981000364853192e-7,-5.589997021971038e-6,-3.50483691878204e-8,5.304260313378026e-6,-2.808678773486737e-7,-0.03279670400425504,-0.00011891091464576298,0.0002263372282150538,0.005453852064525415,1.7141753799065008e-8,-0.000140454922585513,0.013479332113595031,-3.1562554012187804e-5,-0.0009886793970524932,-5.474064079340354e-7,0.000525383950787445,0.02140899020630591,4.512264518803143e-6,-5.28632521573021e-5,-8.927375536827753e-10,0.00026699753110175604,3.428756329110977e-5,-0.0009057573430344153,-1.219375299351262e-5,1.3534825726779042e-5,1.21359938898756e-7,-0.00014277285766819454,0.0006945592821934019,1.0726782923614886e-6,-3.186471988666729e-5,0.003985524106007386,0.008346875051106678,0.014894498781217954,9.201637934404646e-8,-0.0001162404606218917,-0.029009828484292698,-1.612237901635194e-8,-2.035854184367783e-5,-0.028657987704445838,2.0349319133878017e-5,3.4535106581524163e-6,-0.0011807119745532424,-5.6245521478895304e-5,-0.00010583885467107585,0.022713135393212177,-0.0005127581950182488,-4.486409503859046e-5,0.010602368442537114,-0.009153558304872472,-0.00021646141582916278,-1.535369099219777e-5,-0.0008844273587334444,-0.00014070634274969168,1.0676159404413746e-6,-5.765983825401697e-6,1.8142606947046098e-7,1.8400637310911157e-7,-0.0209022927694341,-0.019362596499819855,-4.005930047824815e-5,4.364181591433254e-5,1.1396243220240103e-5,-1.282789721500081e-6,8.915047156732867e-5,0.005636354025231593,0.00012797257516552294,-0.00048372606504318603,-0.0030717808458518288,5.05628316127628e-6,0.013016421648953634,5.766809413005942e-9,-1.2908259155295814e-5,-2.8293366722389393e-6,-0.0036507001653235107,-6.647426823032917e-6,-0.014528239525300836,-0.0004975390316268953,1.6908739700491164e-8,-0.0024779431799763613,0.004139791980216563,-0.02572277520509332,-1.0042366083257758e-5,-0.00034740953344550963,6.994381040747956e-9,-1.921634645962854e-8,-0.0015451097692761888,2.2769585636107967e-8,1.1957354725370857e-8,0.00480962881126085,-2.9287997133539818e-6,4.89378407371257e-6,-2.1260197293509307e-9,-0.0001703889075763316,2.4556082855660786e-8,-7.997105830518228e-6,1.0923023253525584e-6,0.002360656694414091,1.510782410804529e-8,-0.00028891388757207304,-8.828760561491652e-6,-1.0891035446529632e-5,-1.1083727489947058e-5,1.2912324704404591e-6,-1.3925586194399656e-5,-6.229946514524451e-7,0.004609931246619182,-0.0008534153198451646,0.0003990459190635176,-0.0017422653660583117,-0.00011995826014893056,-0.007242364701975947,4.507875099695988e-9,0.1152792067093025,-6.639201211065978e-5,-0.00012390515021562667,-5.668085796230312e-5,-2.1794817640097374e-5,-0.0014806578604988879,3.193931923932979e-7,1.0876027516298045e-5,5.185581919153244e-5,0.0002425160439791116,-3.664742035599087e-8,0.00034056173479090826,-4.411143698692827e-5,-2.1039126685483288e-9,-5.687482039774501e-6,-5.8391627084932776e-8,6.662919098136951e-7,7.581941150004903e-8,0.021367509799863963,0.00011144298074106396,4.151730366006984e-5,0.005538166849676996,1.9325008807962834e-7,-0.00013745772432866848,-8.26759502530232e-6,-1.1610768036226819e-6,-6.609814552395633e-5,0.0021631482185675423,0.0008246987812700814,-2.6041823107492358e-8,2.2665930836517358e-8,1.56563936230347e-6,0.00017910086225576778,-0.022327279334088405,1.5553617450379306e-5,2.6369469035508066e-5,-1.4731371230589009e-8,-0.005047467421002949,0.0006661824311850001,0.0024366631684405804,1.1523038448918028e-6,-1.1575317453948406e-5,8.232905012259705e-8,-0.00040697634101718625,-1.0459931618874339e-7,-9.218986314624806e-6,8.899919400875518e-6,-4.201183358693242e-5,1.0468268221122565e-7,-4.4621520418606604e-5,-2.2518284885011828e-5,3.088624303678184e-5,0.0013948263636004302,-3.92199657460599e-9,-0.00014373747838586118,4.302502897594124e-6,-4.501197474096963e-5,-0.00011802942088417885,1.7607359726185543e-7,0.00010123135624893917,0.00010777546664840917,2.2852973664672908e-11,0.0002767790242432516,-0.002612702487133908,-1.7253160084149864e-5,3.0524003864466093e-6,9.441173216628754e-6,-5.392194085633637e-5,-0.00027109306639425915,0.0002175307234417612,0.0020410504121630047,-0.0010046668607221574,0.0231402106286985,4.971543901384425e-6,2.556600398287604e-7,-6.5543709726456666e-6,0.0005867188142624152,-1.7477481987683745e-7,0.005306576191612983,-0.0007707875296283838,0.01127855689538266,-0.00015351842469283906,-0.0247317957007376,-4.574538691530174e-7,2.559116669747916e-5,-1.2830503909956931e-5,-9.174909013846179e-5,-9.124858457559693e-6,3.398952413646135e-5,-0.010995237865601568,7.190668454193109e-8,5.17040015952108e-9,-0.0052677777082871064,-0.00010043720678216615,-6.1299971190438286e-9,3.7106667675148156e-7,-8.568931577052088e-8,-5.480324762318389e-6,-7.769007256696857e-5,-2.263710256071625e-5,-0.0007092431195598839,3.0800998556622044e-6,0.010540782098353728,4.233000675475147e-6,2.558881245674859e-7,-4.4187887491194325e-8,-2.913518351782216e-6,0.013311464259034417,-6.584354853186999e-9,5.811145852487292e-7,0.006265261584610273,2.944745036429133e-5,0.019096627554562543,0.0026244697137099812,-9.892670741676244e-7,5.807237321085496e-5,1.007559045510465e-8,-0.004728512960494451,1.8548719280957057e-9,0.0023197270915809236,-0.0006608718542013585,2.1692550280825243e-7,0.00020100104544239238,1.430976078226908e-6,9.08796596588807e-8,-3.751343606429579e-7,1.1544127049435728e-5,6.051426966304057e-6,0.010247171722124158,0.008908479577772977,3.490552434874118e-8,-3.2573761238721146e-8,1.0500849888584447e-5,9.364012992087e-8,0.008277773860822629,-8.96281166596294e-6,6.851004836001329e-9,-0.0008342961317167914,-5.4494377253343885e-6,-4.571119600317628e-8,1.1119886521152935e-5,0.00025784397508852273,-4.945313793364226e-6,7.265048527948458e-5,1.5735444876606197e-5,-0.00956732391370372,0.0007952742079914489,4.91924420231131e-8,-6.051244701973888e-6,-0.00034472765872814844,8.640037517200158e-8,0.000994538825781699,3.5197700757260225e-5,0.07268982295928013,-0.0007707906974637112,0.0018665171227470285,5.748831212064619e-5,-6.854258935298844e-7,3.6692228193277364e-6,0.005103594203146288,0.07588255219058684,-1.7824549597307807e-6,-7.468611986130312e-7,1.0054173524490887e-8,-1.1269270493361442e-5,-0.000589033511766951,1.097063253948655e-9,8.610173093071852e-8,-0.00030092740567497147,9.364568297456178e-10,-1.056812564236499e-6,6.830181369345658e-5,0.0008317165689837828,6.0121035721998096e-5,-8.111751841144458e-5,-0.00021091512537123954,-0.0019720596893305644,2.3068149910388765e-8,4.3353471920512894e-6,0.00012496952604832925,0.003757506662343351,-0.009755079400718547,-0.03432739483112429,9.444211033104532e-9,-4.743586640650433e-9,-6.237466204218623e-6,-1.1976839113982823e-5,2.0304804351250476e-6,-0.0012155870699833528,2.970381983941019e-7,8.744577106729658e-7,0.0016915966650274086,0.008279568549196339,-6.196622797943511e-6,-0.00243438581120464,-0.0017783349864709534,-3.6053401234310685e-7,7.501341400388021e-6,1.2878891345753745e-5,-0.0011901451979561446,-0.0017739659909350655,-0.0012638431730013166,4.9904831924553425e-5,2.571571848138328e-8,-2.2418136041635457e-5,2.2843707098715608e-7,5.594793597604533e-10,-0.0006187483446804862,5.897584003843519e-7,-0.0013112924107539193,-7.012184405183305e-7,-2.2224041388774794e-9,0.0005420341816314212,0.000306948075633339,0.0025234523742744906,-0.000871956325775122,-0.025619306684976816,-0.014548767987979055,8.944138277517964e-8,-3.41292424526793e-6,-6.808163432338058e-5,-4.4441422085607477e-5,-0.032057152690894604,-0.00015435876172388186,0.0007551592210666273,0.00505299930541119,-9.092404765125018e-6,-0.03315316320601981,-1.9529762555921604e-7,0.00014788317358314584,1.0787376964786179e-5,6.319332555207199e-9,5.6115664860930275e-5,-6.1091349799917015e-6,-0.00169951039256524,-2.3734855625681426e-9,4.430953292553633e-7,-3.9404447690428075e-5,-2.175416913477461e-5,-2.3592794566313058e-5,2.1863887456729804e-8,-3.3401359808269735e-7,8.152994652008626e-6,4.5430535431439024e-5,0.00013915322211138957,0.0009081057940205017,-0.00019393129997769372,2.118197384101878e-9,0.0038719827038729096,-1.3872224964032905e-6,-0.00019806966478166867,-0.000249829964233411,-0.018846093340315454,-3.7308897632055915e-7,0.0002865145770411438,-0.033074013305126854,-0.002615765708180714,2.896337281571174e-6,2.0044818132108338e-5,0.0007274030834610058,-1.5688063946220537e-8,9.256127294882174e-5,0.0006533791587335255,-7.923077099573874e-5,-9.553570445281583e-8,0.002599900851311701,0.00022353089922905436,-8.872324576244565e-6,3.983297337593191e-5,0.014574084895694455,-6.96362299032452e-5,0.00010452155300275695,-1.8921401787141534e-7,-2.0580145433557384e-8,0.004805674201930471,0.0067494013327761854,0.00017806024283824855,9.794834610229462e-6,8.31131018640079e-7,0.006177054102294535,1.6984097797950713e-8,-1.2708104730895744e-5,8.784430407241463e-6,3.0608735372048595e-7,0.0007262465984201159,-5.188487895807109e-6,-0.01337124369339559,-0.024068658347773157,-5.6627837443552274e-5,1.136398356433531e-9,-0.00013860201682785772,0.0025409256822757176,0.009689824331002609,-7.140422757692968e-5,-3.135037302056757e-5,-0.00015266640911402104,-0.0004909298227320787,-2.7166871665150017e-9,6.4698744624844375e-9,1.7329994023712844e-9,0.0006199006717841259,1.6823025301520624e-8,0.015544950597408774,0.0021783946314124225,0.0008713115007148617,1.550659283626333e-5,0.010000922721372967,-2.1856063160699427e-5,4.216806406394447e-9,-0.012918914569353877,0.0007356566230024055,0.008047917591999288,-5.1050701268013454e-5,1.163870443122952e-5,0.0001377261229734395,5.500363131407884e-9,-0.010008045426810086,8.233911678768188e-6,-0.005139445313436212,-3.2318898027652676e-6,2.4642107800209872e-5,2.7471151828951564e-6,0.06174792751335299,-4.562621116427805e-9,-0.010077713844475844,0.00019221648723589905,2.4800748590461215e-6,-4.15360064390009e-5,0.00012535018539308,0.0011596735495510062,-0.00037459305545735545,-2.270199349900606e-6,1.9981025418559986e-7,-0.0003123619040792069,-0.04849619249986822,4.860764655800705e-6,3.5402395780607334e-5,1.0713159260173014e-7,-2.1876741337603262e-5,-0.00029748626581190966,-6.716974814420113e-6,-2.3533096697203837e-7,1.0970100679735345e-5,6.62760306350443e-5,-0.0005723912539506063,-5.735888176264549e-6,4.73311228883094e-6,-1.256709936302098e-7,-0.007506087931289648,-0.0001469609411447084,6.933335223157579e-8,-0.00044547070419222087,-0.0017547553384244282,-0.025054374411132684,-0.01682372356020227,-5.1324487787719786e-8,-1.6033821359732956e-8,-0.00124408143538251,-0.010790909039930666,0.0005998179006919609,-2.313603703185319e-6,0.000662661036894209,0.0011206610020862728,0.0007520317659224418,5.835065940786429e-6,1.9280239482392418e-5,6.898048876487735e-5,-7.764382405245304e-5,0.00961542873360809,0.00013043614965107953,0.01424935583639238,0.007739017935102182,-3.0775973072210953e-7,1.792985450703502e-8,1.6374612537975348e-5,0.00023320423115492215,-2.614142448812731e-9
0.0,0.0,0.0,0.0,0.0,0.0,0.0,0.0,0.0,0.0,0.0,0.0,0.0,0.0,0.0,0.0,0.0,0.0,0.0,0.0,0.0,0.0,0.0,0.0,0.0,0.0,0.0,0.0,0.0,0.0,0.0,0.0,0.0,0.0,0.0,0.0,0.0,0.0,0.0,0.0,0.0,0.0,0.0,0.0,0.0,0.0,0.0,0.0,0.0,0.0,0.0,0.0,0.0,0.0,0.0,0.0,0.0,0.0,0.0,0.0,0.0,0.0,0.0,0.0,0.0,0.0,0.0,0.0,0.0,0.0,0.0,0.0,0.0,0.0,0.0,0.0,0.0,0.0,0.0,0.0,0.0,0.0,0.0,0.0,0.0,0.0,0.0,0.0,0.0,0.0,0.0,0.0,0.0,0.0,0.0,0.0,0.0,0.0,0.0,0.0,0.0,0.0,0.0,0.0,0.0,0.0,0.0,0.0,0.0,0.0,0.0,0.0,0.0,0.0,0.0,0.0,0.0,0.0,0.0,0.0,0.0,0.0,0.0,0.0,0.0,0.0,0.0,0.0,0.0,0.0,0.0,0.0,0.0,0.0,0.0,0.0,0.0,0.0,0.0,0.0,0.0,0.0,0.0,0.0,0.0,0.0,0.0,0.0,0.0,0.0,0.0,0.0,0.0,0.0,0.0,0.0,0.0,0.0,0.0,0.0,0.0,0.0,0.0,0.0,0.0,0.0,0.0,0.0,0.0,0.0,0.0,0.0,0.0,0.0,0.0,0.0,0.0,0.0,0.0,0.0,0.0,0.0,0.0,0.0,0.0,0.0,0.0,0.0,0.0,0.0,0.0,0.0,0.0,0.0,0.0,0.0,0.0,0.0,0.0,0.0,0.0,0.0,0.0,0.0,0.0,0.0,0.0,0.0,0.0,0.0,0.0,0.0,0.0,0.0,0.0,0.15562594999710447,1.3583748620032836e-7,-0.000929635336991959,0.00323555563253578,-1.8691952024451182e-10,-6.379352028671738e-11,-7.32528784989358e-10,4.1979715154172344e-5,0.003645590078757179,-1.7062028128108266e-12,-2.903041428419822e-12,-0.004289323700710202,0.00024263767445757993,5.989226216504642e-9,0.01001099335217811,-1.0139108100419106e-11,2.084920758201083e-8,-4.805460471863513e-10,-2.234423699837489e-6,6.355446663236798e-8,-2.0673357837331452e-10,0.017373085816740106,0.0007964351667217483,5.799533364673134e-9,1.0269169913576056e-7,-0.0007378406198425932,-9.610644910800082e-12,0.0014904101273204673,5.742451644563425e-7,0.008647906123325451,-4.048888830991511e-12,0.0007123602959156616,1.0985419451263957e-11,0.0001204756749610608,-1.3429001879735641e-8,-0.03935815539493908,0.00034880928809322414,-0.0005921384891282741,-1.4819327561062575e-9,-0.003359576063101644,9.792995230859599e-11,-1.2276204614186882e-5,0.00025876081095933036,1.3335295288827609e-9,-4.02677583233054e-8,0.008229431422531922,-3.400181777672189e-7,-8.344145573151983e-8,-1.3528388473040963e-8,-4.617772133610235e-12,0.010495920352735708,5.988661431579344e-12,4.384794919202015e-11,-4.378929857227625e-10,-6.655392805930488e-7,-0.00034079627008635127,0.034066368516702805,5.617993486415372e-7,-2.756705168177448e-11,-2.1794509395706373e-13,8.644340959173689e-7,0.005999302779648679,2.1348697942264105e-9,-6.902613512329698e-7,1.182911664561986e-10,-9.094507763801068e-9,7.32468509159964e-6,3.120179057018774e-10,0.0062332158364375966,-9.777628912868057e-6,-6.540082922010603e-8,6.719570596491356e-11,5.632287155103381e-5,-8.350636144480057e-12,0.0019557148500489864,1.1243242622167135e-8,-0.0011710393019177673,1.284791003330035e-9,2.2624880980646977e-11,-0.0004996907099208091,5.835802478584751e-7,-1.6040853400839967e-5,-0.004700951859913075,-0.0006415000281129168,1.2058808558792817e-12,-0.003207378047831602,0.013321955939477896,7.884987589364549e-8,4.871832716712434e-12,-1.7647234127274595e-6,3.5156277911100024e-5,0.0009677410884119219,5.702354122071493e-7,-3.265744634822492e-9,1.591593257268431e-8,0.00035865487028608595,-6.364268248963505e-5,-0.01378202651304565,5.940204828117763e-12,-0.0038840376907519672,2.532613374830012e-8,1.0415917806122355e-5,1.108721380271922e-10,-4.33717538578489e-9,0.038182349757726934,3.3304337615408745e-6,9.714751024041054e-8,9.983063404709798e-6,1.1451369877632104e-9,0.0004498309726246759,1.1372306523477542e-6,3.653884514223692e-9,-0.0001551379539098293,-1.5738570145947906e-11,0.006184933176630468,-6.814072674433465e-11,5.201410017164874e-6,-3.611173805931974e-7,-2.252003481531685e-12,0.0004684036309258918,0.02290469183960174,6.783439277701504e-8,2.0035934531361087e-10,-0.0007534362177091454,-4.803555212278824e-12,-6.544519490502652e-9,-5.73808465346915e-7,9.779413611300558e-8,0.028040329556573065,-4.29058528226755e-11,8.264717683493081e-11,0.0027882960930859873,1.584131513642902e-5,9.71757888187904e-9,-5.962261347997358e-12,-0.00014249209356800692,1.247728968264076e-7,2.4805308213429546e-10,-1.0652209904790966e-10,5.6670963727545695e-9,-1.1081918548447226e-6,-8.67426303519159e-6,6.636147807855844e-8,1.907377847473809e-10,-8.567068815298486e-7,-2.971748110806761e-12,1.8671809117467988e-10,-6.552892282523391e-11,-0.0004157299229039441,-1.6828976066420443e-5,0.0017487330925922493,0.030824985022276964,2.1360682107745923e-10,7.893107695707759e-8,-5.56730448163801e-12,-4.903410420592037e-6,-1.6016191382780237e-11,-0.0009649276489945355,-1.7353945291630493e-10,-7.509553569408831e-7,2.003393605145836e-10,-1.0217126178872357e-10,1.2501504711027119e-9,-5.2730637344012375e-12,-1.4346925529942239e-10,0.003475259527708791,-2.3935265681283946e-13,-2.429934629238478e-12,1.97968808216716e-7,3.441997198667807e-5,1.33800768114359e-8,3.6466163590657564e-7,0.0005666684738792587,8.87393676111978e-8,-1.520274125196145e-7,-8.207994853348368e-9,-1.8162851493849338e-6,-2.415497346459784e-6,0.006640078766389739,-0.004521924590297203,-6.534302289852882e-8,-0.003374546632009954,-0.0026838983899511123,1.6150532900862773e-10,4.542707915416591e-11,6.4974411432941345e-12,0.00810233925170575,4.2530718033961214e-10,-0.0031115737226133896,-3.772266470736304e-12,0.0011459610838911128,8.527160161787907e-8,0.08312072574950054,-1.040191363155792e-6,-3.4985918990017633e-12,-3.5122032532788848e-12,1.7324937259562324e-13,-2.0299971385871875e-12,-8.051524395957352e-13,0.00282764853496423,-1.8887917166025677e-9,-9.35943987893359e-10,-2.7033324578752183e-6,3.9145040887829883e-10,-1.0206679017946623e-10,-5.738538467546953e-9,0.019501810007788115,2.5254604123840935e-8,-2.7380156495642156e-6,-2.9496985486285977e-6,5.369717938087591e-11,-4.6516874340762924e-5,-1.2645665324626444e-9,0.0015862891158093147,4.555956084950913e-12,6.153452006775835e-12,-6.973376671530952e-11,-0.0016191239981109607,-1.68999484491858e-10,4.9493296394764216e-5,0.003746834309270463,-1.72137419630494e-12,0.047306184985761064,-4.721959778550341e-5,0.029247309824470723,8.477664282619374e-9,1.2425587083258843e-11,7.453152001863335e-11,-1.0669609870368075e-7,-2.1814751175241582e-12,-1.1031498200494083e-5,-1.2199423998264277e-12,0.0004884307345898724,-4.4455922677539025e-11,-3.324841365221164e-10,2.3784678755182687e-10,-0.032983213300791486,0.001423540463117673,0.0002527098902304185,2.2370945185325173e-6,-4.127828627144325e-9,2.7760090012014815e-5,-3.3742561592030176e-11,-0.025633715350030346,-1.5922615953557741e-9,-5.066511129915217e-10,-8.333576454948169e-10,4.055708780660277e-5,-6.77598764620948e-13,0.06498314370786623,-6.13279484378376e-8,-7.086809561956497e-6,-4.501928113487806e-11,-4.203715159164063e-12,1.3515948933488397e-11,-0.005928221622965832,-5.3323687215812624e-12,1.3784739398928081e-11,-1.9013770334791468e-11,-1.9876510614246719e-10,0.004513930774090936,2.680218730953064e-6,2.959542897332108e-6,-2.637941146651126e-11,-5.554870026630268e-12,2.089594971092288e-12,-1.8999081368491987e-6,-2.728289930367753e-11,0.0006300547320542501,4.451520785029454e-7,-8.17097797053372e-8,-2.0690319554386637e-12,0.0018654468138255287,-0.00010503344699301172,-2.126481372490666e-10,-4.95825609065054e-10,1.5821653896467244e-7,2.1808455695008798e-6,-2.0377374017132548e-7,1.7407177515200847e-8,0.0006887926161153606,0.0026278953694124922,5.586076019849232e-12,-1.4000456153788006e-10,-0.0011026263363153326,-1.1254537948667067e-7,-9.503588313519145e-11,-1.615511793629206e-8,-1.861540836204704e-6,4.2009640771944676e-9,0.0001902010865984656,-1.6939457305015238e-5,-1.182873287718389e-5,1.7840020920336e-5,-1.5199803847939723e-12,-1.6569112560486095e-6,2.4235029757852366e-8,0.0017054888100098003,0.0006637340642790461,2.2797846387435012e-7,-1.0329728861985844e-11,-0.02092439985982463,0.00045042112245608,0.006835738358304591,-0.00010929636362954919,-7.336997345157029e-6,-4.9563679774777447e-11,1.274644318139492e-11,-1.4924189477161027e-5,-5.416862469461905e-8,0.00014421972668949017,0.018929443707407415,0.004063606847806514,3.570138190590263e-5,1.4709764007517074e-7,-0.019665282546312626,0.011641250900412169,-2.1924440690137213e-8,1.0273284013479557e-11,6.436118467273224e-9,3.41480815431129e-8,-0.0013411019372653503,4.261514388828606e-5,-0.0014436497156211196,-1.5464209191620693e-7,0.004828263565682624,4.070524455709121e-9,3.7005577506037434e-9,-0.00026332178258001724,-2.0453335276725592e-7,8.976233055887514e-5,-0.00022412624599453648,-0.0010267979609689148,1.1263876119466814e-12,0.0003998368162068,-6.5105882307337e-8,1.3234462297927577e-7,0.0006915025287052629,-0.029985934502696397,0.000112166014760325,0.03195274632300995,1.7980327208322617e-7,1.3440619898597318e-11,0.0026538074541913176,1.3452046277698777e-10,7.38786100179828e-11,-0.0020298087841058125,8.393345855210981e-12,-1.758318961988208e-7,-1.172560727245873e-5,8.715320682966117e-5,3.371685215518584e-12,1.451413230075751e-9,2.04113546707372e-6,0.008233330685378428,-4.7786964664897e-12,-1.1761221910711368e-10,0.04109524234286793,2.7252202670723144e-10,-2.0239693539649867e-5,-8.64301245779246e-9,1.5005072116672038e-7,-1.6321151640166446e-7,8.895658613950182e-7,-0.0008995592428663916,0.00010808410811955486,-3.933792556717909e-9,-8.439910328012295e-9,-3.9435847804388065e-5,-1.4673953569620484e-5,0.00010535054471673591,-3.1575357926987e-12,1.056544182458056e-10,0.007019853844527814,-0.003519957353823271,-3.5805413577195e-7,-0.018020009854088782,0.00048622210102156434,8.551066185845646e-6,9.184072992188633e-7,-1.4671708358758142e-6,-1.4434104456999929e-5,1.5407826827778683e-10,-1.8855073265239358e-7,0.0012347260939380915,1.2757962393667802e-12,4.0684673565963425e-7,1.106877494617274e-7,-3.2422028824342725e-12,6.38209781968082e-9,0.09242704092813099,-0.0016575658487280394,-3.2306293752924992e-12,7.774762139377681e-12,-1.7820635493724634e-12,3.2475989677982025e-7,0.006199364322820468,-0.0005468526094394443,3.5806372345765744e-10,-2.0059301768641747e-8,5.024157456224623e-13,1.1425224698630784e-10,2.9057927527445333e-11,-0.0002906620922082386,2.905069786350644e-12,4.3203648559202064e-5,2.3808546271530925e-7,1.0684725073935764e-7,-3.3052133310147203e-10,7.372401535968569e-5,-0.000472633694417744,3.146811315821179e-5,1.1105508308593002e-12,0.003061719649992885,1.2501579663227996e-10,0.0019990427637715928,1.3427354440924442e-9,-0.0013078934230831773,-0.0004887015355737323,3.4608512389246403e-10,-1.0567809573721696e-6,-1.38453711396435e-9,-1.1689671807882525e-9,-6.631319355521398e-8,3.09147155669022e-8,0.00249066430581409,-2.8740870508234035e-13,-6.721935630740788e-11,1.2597205936840002e-5,9.90092922820477e-9,-1.760098878971206e-11,4.334616109638199e-7,1.8788426770685146e-9,-6.186696250537691e-5,1.4044963728774767e-8,-0.00039257085813620594,-1.4690833243682763e-8,1.1924671191994374e-11,-0.0003393703092967716,-3.2267222553511484e-10,-2.723709499747085e-12,1.3242457937538584e-7,0.0014835129260593796,0.0011960174501526868,-5.905264386260202e-11,1.2644782432259976e-10,-1.1626721007576675e-5,-0.018419790859902606,-0.003636662943459908,0.0001024460236571815,-2.891434957163745e-6,7.890068261444482e-11,2.1970988039095638e-7,-1.1561943123854569e-10,-0.03106788289854564,8.131884047879939e-8,-9.453475433799382e-5,7.0998150202485585e-6,7.868073113795278e-13,1.0628900695362195e-8,-0.0004475248139131298,-1.2240918729855383e-6,-1.0927912641992077e-8,-6.116744876920318e-8,0.0021539904450288607,-4.703337794474528e-11,5.4589472821017743e-11,-7.093385371897291e-5,3.7601763237016734e-6,4.558371936069647e-8,-7.310672031851245e-7,0.0069992176912477815,1.47625054809491e-9,-1.4582090576751725e-7,-2.665073605524229e-12,-3.433805644359088e-11,3.432852560279618e-8,-3.250039930641107e-11,4.979767673195779e-6,-0.0024053126298943183,-0.0015071398994184995,-4.322626929683144e-9,-8.429600877523656e-10,2.489015452342872e-10,1.5191161669983298e-15,0.0024901740138137058,3.613035815688908e-8,0.002958308841370991,6.716219411326857e-5,-5.575557369778311e-5,0.019122254085111187,-1.123801379983842e-10,-0.00021566856235603638,-5.866677271848011e-9,-8.476596613770747e-9,-4.46995184096022e-10,-0.0029697803298918955,2.398546123202647e-11,8.061583913645516e-7,9.559954476666101e-10,-1.5193187924130768e-11,-1.697998043736675e-11,2.8001560290350493e-6,6.680028293781541e-7,-0.03381429001297706,-0.0027521854966496657,0.03853153627487673,-1.3153145895051016e-9,0.047641565748380736,3.56614903111817e-10,-3.0614631121108297e-10,1.0846467051622278e-9,9.429825208946202e-13,2.0238877312341226e-8,-1.8714901098469258e-10,-0.0018939810770703385,1.185394608313334e-9,1.6432982401454613e-9,1.724128123824418e-7,-1.7945542079418653e-11,-3.0110813920618406e-13,4.129589411322147e-11,0.011745458458978161,3.91706979678818e-9,-0.0001243529449126508,1.4885486761515406e-7,3.703589104066798e-12,9.311942202084873e-6,0.0012134589922088656,4.18556800118797e-8,0.08062485871932382,8.315891578717993e-10,2.5163827233407914e-12,0.00023869828904697532,9.067087611226343e-7,5.042291875873911e-6,-8.308912487100552e-10,-1.3209141054573897e-6,5.7111041546417286e-12,0.009910063721926453,-7.224232974311567e-7,-4.369608749382163e-9,0.00021725810911421174,-8.437871502006984e-12,-0.0005486764354065556,-1.7799676517581427e-11,-1.2303459962103292e-10,-7.751457311993398e-13,-0.0006001868586500393,6.883404407247363e-5,-1.1655811538188691e-6,-1.3066195607549818e-6,1.4564783154429094e-12,0.0005225938950502081,-0.002213493447920475,-7.321852675126692e-8,-3.910016348340258e-10,0.0019563926640665864,-7.255133607697802e-7,-9.5456216440732e-7,1.2867308218470021e-8,7.184055826443525e-9,-0.01413800646729825,0.006757765798658408,1.5582961695231585e-10,-2.8720554079454324e-10,4.601057433394259e-7,-0.00011269456618728861,-1.9817676795358957e-9,-1.3179529473419006e-10,-8.472854860676171e-8,-1.9040469433571155e-5,-4.5463665185044994e-5,2.884908506739023e-12,-4.307005908739413e-11,-3.794978005027193e-9,3.130668497538178e-9,-1.0985190731001003e-9,1.5730509444836586e-9,-0.0030120321080690884,-0.0029818449786390548,7.790191215858817e-12,1.0123073229388442e-7,0.019797586489791234
0.0,0.0,0.0,0.0,0.0,0.0,0.0,0.0,0.0,0.0,0.0,0.0,0.0,0.0,0.0,0.0,0.0,0.0,0.0,0.0,0.0,0.0,0.0,0.0,0.0,0.0,0.0,0.0,0.0,0.0,0.0,0.0,0.0,0.0,0.0,0.0,0.0,0.0,0.0,0.0,0.0,0.0,0.0,0.0,0.0,0.0,0.0,0.0,0.0,0.0,0.0,0.0,0.0,0.0,0.0,0.0,0.0,0.0,0.0,0.0,0.0,0.0,0.0,0.0,0.0,0.0,0.0,0.0,0.0,0.0,0.0,0.0,0.0,0.0,0.0,0.0,0.0,0.0,0.0,0.0,0.0,0.0,0.0,0.0,0.0,0.0,0.0,0.0,0.0,0.0,0.0,0.0,0.0,0.0,0.0,0.0,0.0,0.0,0.0,0.0,0.0,0.0,0.0,0.0,0.0,0.0,0.0,0.0,0.0,0.0,0.0,0.0,0.0,0.0,0.0,0.0,0.0,0.0,0.0,0.0,0.0,0.0,0.0,0.0,0.0,0.0,0.0,0.0,0.0,0.0,0.0,0.0,0.0,0.0,0.0,0.0,0.0,0.0,0.0,0.0,0.0,0.0,0.0,0.0,0.0,0.0,0.0,0.0,0.0,0.0,0.0,0.0,0.0,0.0,0.0,0.0,0.0,0.0,0.0,0.0,0.0,0.0,0.0,0.0,0.0,0.0,0.0,0.0,0.0,0.0,0.0,0.0,0.0,0.0,0.0,0.0,0.0,0.0,0.0,0.0,0.0,0.0,0.0,0.0,0.0,0.0,0.0,0.0,0.0,0.0,0.0,0.0,0.0,0.0,0.0,0.0,0.0,0.0,0.0,0.0,0.0,0.0,0.0,0.0,0.0,0.0,0.0,0.0,0.0,0.0,0.0,0.0,0.0,0.0,0.0,0.0,0.15549016676727723,-1.0522875466886405e-6,-1.7521093799637552e-5,6.303512568553327e-5,-0.00013391371617330107,0.008290117920009782,-0.0006820372129259821,-2.2379265495775285e-6,-1.0812359802559278e-6,-7.514001498866604e-7,1.8488165016843399e-7,0.00011301534227197816,0.0015931845606780965,1.8275761316495794e-6,7.293966297317913e-7,0.015692303724840446,-0.0001405806594316245,-0.0010495711699235535,0.05810881412171552,-1.5019388643103798e-5,-1.5238209171901053e-8,-7.412663492480233e-8,0.013187962054022175,0.004205099730649806,-4.1192728107100404e-5,-1.8101369238516932e-6,3.1370888060438025e-6,0.01877856808897094,7.933057960752413e-8,-4.511017963224857e-7,-1.3161399720922128e-5,-1.248966967461464e-6,-0.000144656429045538,-0.0014709546599062588,4.630183260118595e-7,-3.994510302582478e-5,-7.773509164943685e-8,-3.801651185681591e-5,-1.8199804202916166e-6,-2.1266777416341025e-5,2.503427149944248e-5,-0.0001608380466206922,-3.776151141913621e-5,-0.0010114326248256828,-1.9559318740904355e-7,0.0007826539051344676,-0.020044928079295657,0.0014371121755837656,3.5183613265893314e-7,-1.239012510521647e-7,-1.9207282501658523e-6,-1.5367575233706677e-5,-5.363048051200997e-5,-0.004272805994419817,-3.7003109799601185e-5,-3.308274521997762e-7,-0.006574641936393448,1.3938359340366053e-5,2.2840124977580987e-6,-0.009359745939991016,3.8632652054672734e-7,0.00010005040361812856,-0.001076037280711972,5.507228201636731e-5,0.0066173989579311684,0.001035136065106261,0.00018596544036531256,5.081437671068495e-7,0.0010869959110272602,0.0587731914420261,2.861631876732303e-5,1.1232800713972274e-5,-6.331317120372481e-6,-5.148598940594863e-6,-0.0004741403477002779,1.259889976752282e-7,0.00016482534764032664,1.6802560125576786e-5,-6.19307640921415e-5,0.003899381338292977,-0.0004035913049725578,1.977984985087468e-6,8.457746257755991e-6,6.226528984175668e-7,-2.844031617018678e-8,-5.800415755348814e-7,0.019218789828675358,1.4723008731425984e-6,0.0008106540126200266,-0.0001699973304276075,-7.464635760168428e-6,-0.01062244104775676,-0.00039377388670554806,-5.945133490501434e-5,1.2743719802350862e-6,0.00010801045760212292,9.955420264577961e-8,1.611131658245587e-6,2.5198531409182566e-6,-0.03479122677528053,0.0009368591366731105,-2.7700654707584593e-5,-0.003929944137432025,-7.984420781245489e-8,-0.0019328291421351327,0.04020107259557833,0.000305241069932021,-0.0001995534858022239,-2.301689148141348e-6,0.0025031884324177136,-0.0004930892456746875,-2.5946047426779238e-5,7.3573482290664245e-6,-3.301496905102566e-8,-7.945915688079499e-5,4.972847432721142e-5,0.04072235608317395,-4.444686223830402e-7,-0.00012184496273786467,7.810180620101633e-7,0.0010298176202423624,1.837891819873726e-5,-5.655971281694797e-6,-3.037826708850005e-6,0.0004181605112828064,0.016262414492075328,0.021517468313785728,2.864948916215472e-7,1.7793479437009614e-5,-0.00033863721828161124,-6.945933372057538e-7,-0.00025828811158319404,0.000665842921035307,-2.9960381502380473e-7,-1.3481794690122188e-5,-7.122368432339464e-5,-0.00016846418643013013,5.360288656222237e-7,0.00011274120100357897,0.0002554297837303431,0.0002202639555319079,0.0011384834235708423,-0.0005697043769716595,-0.005012105585075117,3.2708656363990467e-6,0.00016020760906297065,3.717982040346557e-5,3.336057516331185e-6,-0.00011351261122767796,4.32409336728696e-6,-5.346034619945053e-7,-0.002701219081753194,0.0034100111680589597,-2.1460623107234305e-6,0.0009200045899181079,-9.674999107504844e-6,-1.690367170156095e-5,-0.0001038268062738513,0.012302305641408242,-0.00040033700089009823,-7.3915974296562205e-6,0.0005317422966429917,1.4202258062674434e-6,0.001142823113008455,-5.1580799325269283e-8,2.2602074044011643e-6,1.312817295836306e-6,0.000567264585366752,-1.110760621590683e-5,0.001446461298497651,0.0019699462443103955,2.675263315778141e-7,0.005190188053877131,4.252287544626471e-5,0.0020421894625776357,0.0011214806159138236,-0.007823986740875,5.0270007581866476e-8,-3.789291976756942e-8,-0.013640103388828083,-7.896670571270625e-8,-5.652860301240577e-8,-2.2477689930082268e-5,-8.231447443994133e-6,4.245269370649627e-6,3.102966440551536e-8,0.00014685693260896578,-8.870295936387813e-8,1.551548641511691e-6,5.181675764482046e-6,-0.0014035978120427856,-1.956131607137551e-8,0.012934597009838188,-2.487729242383753e-7,-1.7669962089161485e-6,9.139833056744205e-7,4.691456590772691e-7,1.1754802811043745e-6,-1.3161505136673824e-7,7.911309372074991e-5,0.00043663977980093086,0.0011541796697201595,0.00012835082237361422,-6.785198236581625e-5,0.0054240234530539555,4.422825543147407e-10,-0.0007776003565479779,0.00015887955696808868,0.0010720436236531785,-2.2800105336560907e-5,0.0002956552950184843,0.00016793717339595412,-2.8577798536886507e-7,-1.2959766475193168e-6,-4.637970971318412e-6,0.00040105752698854543,5.162435417131168e-7,-4.365311081707406e-5,9.186933585114794e-5,-1.3324013796589477e-7,-4.1370388922397506e-6,2.114246729385205e-7,0.00027187964573974866,8.138402926828949e-7,0.0007108363723030192,9.486510817192052e-7,1.3421127648445712e-5,0.09236673348748094,-9.045796961047944e-7,-0.0011377040719923173,8.295097150510162e-7,2.0049360289006284e-6,9.940388289224426e-6,-0.00022475907222544377,-8.325657779737434e-5,-8.964228743130989e-8,-7.938605164741762e-8,6.8586623137170134e-6,-0.0030951671557662504,-0.0013637675677011121,5.547054023324109e-5,-1.4635025897150923e-6,-5.668927600744554e-8,-0.0010485490593210058,-0.00014228604760463292,-3.2576032071265076e-6,-1.171459482968544e-5,3.333463812638768e-6,-2.3386701203275111e-7,-0.009570189234901995,8.029736751783321e-7,-8.245944455307581e-7,-3.321770479281332e-7,2.6015956275365832e-6,-1.337829212784874e-6,-1.0409830589045035e-6,1.2620506716097105e-5,-1.2437790885279027e-5,-0.00011131074559344995,2.956293935915428e-7,-0.00029028786546189477,-3.704351150012373e-5,2.3403401621278534e-7,8.238084143998284e-6,1.5200798490603193e-6,-0.001114934978966089,2.537503805716838e-5,-1.7449273891930138e-8,-0.0010593002134524205,0.005574221666519231,-7.599517082294556e-6,-1.3028975573280769e-5,-9.863198652152972e-5,6.675501908669127e-6,-9.487964808290398e-5,-0.008377106792937357,0.0017815101667112533,-0.024510641574021847,-0.0008809061780312229,-4.6376556796292806e-5,-3.723671129958641e-6,1.5359204937377593e-7,-4.291104025830689e-5,1.8330783925657452e-6,-0.005904387621047973,4.3226213593831033e-5,-0.008168276233325623,-0.00031397492592536943,-0.00239337906050362,-1.4203537384212929e-5,-3.9069245987394647e-5,-0.00015263006926087019,-0.00016118820151354008,1.3600760435044769e-6,-0.0033381438992747202,0.002447881830000523,-2.4351089102089322e-6,-3.276645437640109e-8,0.0028009998346268856,9.042676407132061e-6,-5.146674790179156e-8,-3.0237217799329224e-6,-9.170083594058492e-7,4.4081909528660185e-5,-0.0003100365350179777,-7.927014560000275e-6,-4.911468064227924e-5,-0.00022708333732613842,-0.00982874498760567,-5.62719357056573e-5,-1.908893204576095e-6,1.836635820473344e-7,0.00011205083128152612,0.056946568285699134,6.014931817427913e-8,2.1872501014765055e-7,-0.0007422422746506206,1.853385209206627e-7,0.02846521111279057,-0.0008838305343506752,-1.1406189952149523e-5,0.0005548415107707159,4.350311290209293e-6,-0.004290509925576987,9.087580020241617e-8,0.0006530821863776726,0.0004835086540566862,1.6292683548176932e-6,0.0010345417084013618,-1.0616215126664053e-5,-3.537285706977429e-7,1.9562938442408664e-6,-1.8749847368939884e-6,-3.734767476359828e-5,-0.02590223932416061,0.11747620099280624,1.276411299657435e-6,-6.338312600252678e-7,-3.865723132884344e-5,7.352888391348427e-7,0.00729106658605353,-6.938031764760466e-6,3.932416504042008e-9,-8.464854109967094e-6,2.0534636002570294e-5,2.6623400896338754e-7,-2.688243992170812e-7,0.0334498825484778,-2.122610949458434e-5,-0.000494667349371634,-1.894385455691074e-6,-0.00042528177475301246,0.0009207151735695267,1.5760856665984336e-7,-5.338024962032556e-7,2.5460401986486788e-6,3.116441571475276e-7,2.767046661915742e-5,0.0002970749914505989,-0.0021092505109198034,0.016422195488859575,0.006864376034127036,-0.00017664057873244753,7.04693130618295e-7,4.649798620278844e-5,-0.00021707284751630343,0.001130828357701003,-6.661183447216708e-5,9.651989020602467e-6,6.134527953402521e-6,-9.163511309518181e-7,-4.605952342059011e-6,3.651285977036646e-9,-6.695630578209188e-7,-0.0007875562377646384,-3.8320643818398e-8,-1.1945146884928155e-5,0.004272302703717822,-0.00656262322812037,0.0007479386522694657,-0.0006012580337083275,-9.858663108056467e-5,-0.04384118785967351,-1.2311125508546837e-7,7.691981954726529e-7,0.001185080538502757,0.08674345886061932,0.0025441688533391583,0.00031332373928163456,3.2863449232038385e-7,-1.6918674801831685e-8,-3.38350408602456e-8,5.921043777735647e-6,-1.4355474866253589e-6,0.00026195528341619917,1.3599558761127339e-6,-2.0058263830408283e-6,-0.00020381850365175494,0.006960678903475975,-1.751279921098726e-6,0.003529479403742842,-7.129144872141771e-5,-1.743802447697314e-5,1.5265088322750184e-6,-0.00021317484920551724,-0.00213018145666142,0.01701302642461428,-3.25730382487793e-5,-0.00016313392362954964,-3.38556083277534e-5,-0.00048782030694639547,2.988481534833745e-6,9.640107769509198e-9,0.0003015702251965047,1.454319805990812e-6,0.0001303821230408812,6.333553341211111e-6,2.349664328664889e-8,0.0001643925529669819,0.00341920067791891,0.00037577533464634244,0.0005280595349097749,-0.010175917048004766,-0.0011029894276840691,1.1734084344254241e-7,4.9696051811695445e-6,1.3826985561719544e-5,0.0008630409306486541,0.0005683109355994243,-4.416596775402146e-5,0.0021026660894116226,-0.00011267023923942779,-2.5272689239438253e-5,0.0009546056310751978,2.1831035536549487e-6,0.022375987215333154,-1.8837465224010846e-6,2.776763441613763e-7,-5.731643565203041e-5,-1.3272204561814044e-6,0.00021397816677324623,2.5747410218173303e-7,-6.171210975441324e-7,-1.605708317824103e-5,4.211055144238578e-5,4.4036018433329695e-5,-9.63804638785494e-7,3.306621475239525e-6,1.5672341583815744e-6,0.003360847079606397,6.950807733761487e-6,0.002270736262556595,-9.919133851022204e-5,-1.9442758291328813e-8,0.13927483808508762,0.00014340522697474267,-0.00022479384718032816,2.0768122420994855e-5,0.0009798770174385706,-2.2149170104057434e-6,0.0005048362550860075,-0.001763839758789693,-0.012897092550522403,-2.424353533054543e-5,-1.9044382404006444e-6,-0.00010073150648447253,1.3006376529951887e-5,0.005932371080612544,-0.00913325686817314,-0.001115705126557671,5.166108960869352e-7,0.000294711869930088,-0.000798675481547305,-4.739038819650598e-7,-1.1373104587744162e-5,-0.0005466474787864801,4.104245772541607e-6,0.0011769633441273335,2.070880363370647e-6,2.2643101941264477e-7,-0.00010605251132481179,0.01595883490083661,-0.00013714093383618674,-1.5851672889084007e-6,-1.256658606440107e-6,0.056086617302599034,3.469425214297083e-7,0.00041015635631339996,-8.227805900524889e-5,-1.2722608920197745e-6,4.636130665290415e-5,-4.701387938702553e-6,8.439580611018995e-5,0.0008870034051926772,-8.438178106302783e-5,8.707507492802311e-8,-4.319034384934105e-6,0.01740060525138413,-0.0006813229191882294,1.0382452901008618e-6,5.352534310015721e-6,0.0018472765638665168,-0.009354511401768266,-9.306419234330183e-8,1.1698632942719081e-8,-2.981011703099327e-9,0.00023674950748495187,-1.2408928992395983e-7,0.0013601080294367294,-7.678885796430821e-5,-9.358811117535335e-5,1.0839611798959908e-6,0.04027805535820655,-2.2552006055908708e-5,-2.339016137636468e-8,0.005244887970571165,-0.0005408702600322923,0.03906963105714438,1.4717612563377106e-5,1.0241212014191741e-5,-2.144016203277522e-5,-3.869748612319269e-8,0.000601461182577797,-6.889546616468195e-5,3.940047651390501e-5,3.6256570033369813e-6,-0.0005445728171788958,-1.2846298676215445e-5,0.005707587661942647,1.1440187988384952e-7,0.009447099265493265,6.159752487805851e-5,-4.041597763185028e-5,-0.009501118207407741,-1.1911670757435252e-5,-0.00020741592424329178,-0.008670473258392089,1.8736426248479003e-6,-4.779402846750332e-7,-0.0011607827543834348,0.00048827617544137594,1.4126387736780019e-5,-5.18234898226478e-6,3.380445548687128e-7,1.654224518003903e-5,-2.6143960487820155e-5,9.542389203346992e-7,9.795517299578334e-6,-1.6395415851524468e-5,-4.6103113932644625e-5,-9.515398348526053e-5,1.4569930452008735e-6,-2.187587878271393e-5,7.105824378555068e-7,0.0003511567181217555,-0.00018281945163725296,-5.708250720307368e-7,-0.0011460113964466881,-0.001931131500611075,0.0005788312268631867,0.00036533217650826846,3.575386306037181e-7,2.6756778025394747e-7,0.00011621984384857564,0.0010434214220486865,0.002017549893583232,1.0321319790690087e-5,-0.022282077889170842,1.3732615266866535e-5,-0.002291582580841885,-7.026701495549268e-5,5.920292974736521e-5,-2.3612067854647927e-6,-0.00012661983454195154,-0.0023731209825768075,0.0007696513867621726,0.0006226393705830574,-0.00026216815563633803,2.764646544946061e-6,-1.818975549654442e-7,5.246809419187579e-7,-0.0005925915810001326,1.1230428635946778e-9
0.0,0.0,0.0,0.0,0.0,0.0,0.0,0.0,0.0,0.0,0.0,0.0,0.0,0.0,0.0,0.0,0.0,0.0,0.0,0.0,0.0,0.0,0.0,0.0,0.0,0.0,0.0,0.0,0.0,0.0,0.0,0.0,0.0,0.0,0.0,0.0,0.0,0.0,0.0,0.0,0.0,0.0,0.0,0.0,0.0,0.0,0.0,0.0,0.0,0.0,0.0,0.0,0.0,0.0,0.0,0.0,0.0,0.0,0.0,0.0,0.0,0.0,0.0,0.0,0.0,0.0,0.0,0.0,0.0,0.0,0.0,0.0,0.0,0.0,0.0,0.0,0.0,0.0,0.0,0.0,0.0,0.0,0.0,0.0,0.0,0.0,0.0,0.0,0.0,0.0,0.0,0.0,0.0,0.0,0.0,0.0,0.0,0.0,0.0,0.0,0.0,0.0,0.0,0.0,0.0,0.0,0.0,0.0,0.0,0.0,0.0,0.0,0.0,0.0,0.0,0.0,0.0,0.0,0.0,0.0,0.0,0.0,0.0,0.0,0.0,0.0,0.0,0.0,0.0,0.0,0.0,0.0,0.0,0.0,0.0,0.0,0.0,0.0,0.0,0.0,0.0,0.0,0.0,0.0,0.0,0.0,0.0,0.0,0.0,0.0,0.0,0.0,0.0,0.0,0.0,0.0,0.0,0.0,0.0,0.0,0.0,0.0,0.0,0.0,0.0,0.0,0.0,0.0,0.0,0.0,0.0,0.0,0.0,0.0,0.0,0.0,0.0,0.0,0.0,0.0,0.0,0.0,0.0,0.0,0.0,0.0,0.0,0.0,0.0,0.0,0.0,0.0,0.0,0.0,0.0,0.0,0.0,0.0,0.0,0.0,0.0,0.0,0.0,0.0,0.0,0.0,0.0,0.0,0.0,0.0,0.0,0.0,0.0,0.0,0.0,0.0,0.0,0.15386254613571237,0.00032147911723095124,1.688341553647334e-9,-1.2845958261006395e-9,7.43131920814468e-8,-3.679752656944984e-5,0.005337991748651933,-7.323798958740282e-12,2.501659297207225e-11,-0.014031712944514758,-0.00023848260805066877,6.810437298624296e-9,-0.010865574187749884,9.255726607209083e-11,-3.5397021619334878e-6,3.52699225705628e-12,-8.064629468027604e-6,4.764668153274687e-7,3.687520981088776e-10,0.006243741398583866,0.0070342319372954125,4.648409662994162e-9,-4.063595408707538e-7,0.0030814758100565303,2.0045483174601963e-10,-0.009249287132369732,-1.1624005752230659e-6,0.00563285682251709,-8.170449681504137e-12,0.0030062533676549993,-7.277796412470313e-11,-6.461548275045567e-6,4.075373334747301e-8,-0.012500315759521147,0.0006006229462129102,0.0029928304551938155,1.3221757105180197e-8,0.010193752674218667,-1.1499395791748254e-9,0.0004398820348277394,0.00021127157026097764,-4.3809827825717255e-9,1.1273578941673186e-7,-0.004650708847568488,-8.554959708434542e-7,-2.4639306057705497e-8,-5.140949007386388e-7,-1.128279371477864e-11,0.009756275621639231,4.726311286191653e-11,-1.0596044748809085e-10,1.8907884382390644e-10,8.77900727675904e-6,-0.0017856422305679782,0.08223974347027643,-2.2952072723788174e-7,5.626989749777137e-11,9.856095036825047e-12,1.0850885187960445e-5,-0.031080235632142787,1.3871162063531132e-10,1.0416107059520838e-5,1.1207388570936245e-9,3.420076972046827e-8,4.840197142589479e-6,-1.589867472243445e-10,-0.03914750969894021,2.485158455700435e-5,-4.6057303536989177e-7,9.390173265713802e-12,0.0001693859908478528,-5.6746147807866446e-11,-0.0008424855616220577,-4.4244558977772795e-8,0.006459176551845803,-2.7398252212891133e-9,1.819150228121463e-10,0.0014245514018155663,-2.7980488842638745e-6,7.081160488327125e-5,-0.020340504836197305,0.0020334093128479163,-4.1065154132477304e-12,-0.0011183136422556828,0.029949899087096218,-5.04572999919674e-7,3.594621420698285e-12,-7.154384514004984e-6,1.7647621343520955e-5,-0.00029352858204621796,-7.783918707712205e-7,1.4597853138513813e-8,-5.339526720415242e-8,0.001686297340630969,8.863116266810223e-5,-0.04643757577278344,2.950340768346831e-12,-0.014995338022295352,-2.8822128905932903e-7,-7.087124633265803e-5,-2.537301653679459e-10,-2.3254897713107074e-9,0.010985701563927421,4.146202904865024e-7,-1.9231788779796957e-7,-0.00017606164721657074,-6.809535834851061e-9,-0.011681716116207342,4.875582657694798e-6,-3.385575378560432e-8,0.0023802220424963836,2.394616900857323e-10,-0.0030204863198841515,-3.4129414060792543e-10,0.0001256057709790371,-2.1083100707611808e-6,1.7529910242077905e-11,0.00047754926937649617,-0.020045357921406905,5.145574464268754e-7,-1.4107642923415815e-9,-0.0009385289728284791,7.985094158763935e-11,1.3254787777720997e-8,1.0473882283544187e-6,1.4850370531468003e-7,0.009263751179732084,2.0004400683810424e-10,-5.3399850729741384e-8,0.001651717713292684,-0.00010386627647691422,-8.265810257364108e-10,2.186256128010857e-12,-0.00011466135371593585,-3.0010611781807215e-7,2.241504719925385e-9,4.393068437297392e-10,-1.113155618116481e-7,-4.145266904293454e-6,-3.877018810093906e-5,-2.0640660470949504e-7,1.946926374327568e-9,1.179147450570815e-5,-3.662157232384573e-14,2.125311997778368e-9,-4.814585488611122e-11,0.0012003624012946266,-0.0002061911891153804,-0.004304870707011258,-0.0029645434704480647,2.4444502855715758e-8,-5.113067203339038e-7,2.432011498704254e-11,4.53200445373534e-6,-1.6778606075218463e-11,0.0007736815550870582,-5.496976531381856e-10,-6.916112751547153e-7,-3.0771087829413834e-9,4.176805316086784e-10,1.137911572891669e-8,2.5445431993157394e-11,-9.324183240001186e-9,0.0019041816214875808,9.301520055829901e-12,9.175084577222477e-13,-1.8410699917141787e-6,-0.0006924740782437216,-7.831210802378921e-8,-8.267085921659216e-6,-0.027840511446055264,-9.907226703443904e-7,4.903843360276808e-7,3.5508272714400694e-8,-1.2763659092720472e-5,1.2525717935659913e-5,0.006374550639017613,-0.010627153131032683,-4.0688954742373047e-7,-0.010803866160422239,-0.0014929250061689694,-5.2101208814838594e-9,-1.4701814985695838e-10,-1.0972157276533616e-11,-0.0033347692790004547,7.404314774533939e-9,0.0005887108050025324,1.3561147805232035e-13,-0.0007099223320496047,-2.333501770386931e-6,0.003659473373568144,1.5787512675990956e-6,5.9016691819288325e-12,2.044246783273541e-11,-1.516303410853047e-13,-8.721089799943037e-12,1.6857423942575595e-12,-0.0004594006967916145,2.2986299332044682e-8,5.6839556220863516e-9,1.6678303708077688e-5,1.919276472923692e-9,1.1583872332742505e-10,6.697279348364544e-8,0.0027449608974078883,-3.2998049891879253e-8,-3.411690413106162e-5,2.2137359372085784e-6,-8.080227367459607e-11,-0.00016487020441907844,2.627357442047915e-9,-0.012136491462548122,-4.93250137949254e-11,-6.065695286534533e-11,1.0276464023644784e-9,-0.02528534205279374,-3.5553722765714907e-10,-0.00022102620464964143,0.019337377856161513,1.073835710892505e-11,-0.015611002662763496,0.00020637407071562446,-0.031995731348363365,-2.1326498927620765e-8,-1.0960184462039798e-10,-1.181149769438362e-10,4.608519411697885e-7,-1.8083694955904742e-12,3.4259397955798514e-6,2.7632060865575654e-11,-0.0009760374624680747,2.8636963526814615e-10,-2.1018999688459197e-9,-9.979788511138028e-10,-0.011458946493515901,0.010552092947831564,0.0009891336679468067,-3.720998039342698e-6,5.66612205331778e-10,8.886951717035921e-5,-1.8288701044910575e-11,-0.0008429807094951392,6.907386818280745e-9,-5.306685484441002e-10,-1.372080486204502e-9,0.000571314074694969,7.518074632818596e-12,0.05761074943562228,4.037375666800009e-6,-0.01389785423912403,1.3221555290225974e-10,4.414442355555758e-12,4.211918216683503e-11,0.10493467417757713,1.3075527892993942e-10,1.6095436059633188e-10,2.557148651424218e-11,-2.7105043284031085e-9,-0.03826419244624191,-1.68233169065191e-5,-0.0012094718587989724,1.2511342113014001e-10,1.7072749861522794e-10,3.845935054489528e-12,1.5182424349361529e-5,2.7831727963631413e-10,0.002511795904394772,-1.0880593901119163e-5,-2.5951107322791472e-6,-1.8491403993077449e-10,0.0017091322681686678,0.0001250339283291214,1.4481264633793198e-10,1.0669931141072425e-9,1.6986621739779296e-6,-4.9299105824717225e-6,8.128193399971776e-7,-1.1019779135357433e-7,0.0004956193954617563,0.005231290237070462,1.0166791798141315e-11,-1.903050097086924e-9,-0.031624185610953495,-2.2311430044096252e-7,1.7386900005535688e-9,1.9430019887950207e-7,1.9965349686128062e-5,-1.8666069275615923e-7,-0.0015985449115018483,1.1138846868472476e-5,-1.5077665247738176e-6,-4.3605141499785806e-5,-3.1700241463133625e-12,8.259745906992568e-6,-9.175837465720081e-8,0.008152832464016137,-0.003583754663326803,-1.3533114605835958e-6,4.4132205480135546e-11,-0.001905396394492939,0.0018015320535080645,0.0018276493980834408,-0.0006509216382714322,-4.195685551032502e-5,1.1641099667342415e-10,-2.5936177322245397e-10,0.0001791839361147585,8.226564872959692e-8,0.000666313434793639,-9.649063360051246e-5,-0.002493118796080872,-1.9877424369090808e-5,-1.7895556408240504e-7,-0.0006056144080399154,-0.01166524068981994,6.257224784841314e-8,-4.4413612099754915e-11,1.2301913124013373e-7,-3.019885790656642e-6,0.0026903801786800057,-7.991405367287323e-5,-0.0012730537775244232,1.0637602076723663e-7,-0.005049636020075962,-8.992959964918134e-9,-6.315747753566266e-9,-0.00837857528908351,1.171590217297197e-6,0.0012273421569746212,0.025289183394699082,0.00012904662565790096,-4.973379681174651e-11,2.3729386987706995e-5,1.0985378027658778e-7,7.814491815595136e-8,-0.021459180388731448,0.01727407483877271,-0.00015367366516592712,-0.02244430343566943,2.995382639921209e-7,-4.8533896524219916e-11,0.004301951253943385,9.151082275385926e-11,-1.601989656003532e-10,-0.006525351195892712,-1.7921828424209622e-11,-1.1861005141082198e-7,-5.81748870920622e-5,-1.8222458174167247e-6,-1.9037362924007178e-11,-2.3810040643849628e-8,-2.4067552158598204e-6,-0.01437381806029132,5.095896510148278e-12,1.4827836047959615e-10,-0.016047589414162265,-1.9313478201796733e-9,1.5472212643261967e-5,4.451003475441905e-9,-3.2283332058527024e-7,-8.649821066128196e-7,-1.4074999950319146e-5,0.0019223342528742948,-0.00010292027733299982,8.516290821349444e-9,3.8154158882205556e-8,0.00028408055767062726,-0.0008263714084001914,0.0023215437534638357,2.088970232361433e-11,8.287671227111511e-10,-0.0026721475220842397,0.07937544261725972,-3.7514288393447995e-8,-0.0016927957553548422,-0.0022595501095889156,-2.2929204223164662e-5,1.2546575654015886e-6,-2.2333703859511793e-5,2.4930715332199918e-5,-1.1122250560653793e-9,1.175272247822211e-6,0.008501112828255138,-4.677153081163225e-12,4.570540778285609e-6,3.549142493087577e-8,2.898119677975687e-8,-1.3800316415190715e-8,-0.006653396128390947,0.005560809608671184,-2.58931729502504e-12,-2.0227800292359893e-11,-1.3886621907977121e-11,9.147419353790915e-6,-0.004619183171449877,0.0016499046498007952,-4.0015969855017976e-9,4.704659132371942e-8,-7.293770576829031e-12,1.9076675153741603e-8,7.948088651398815e-10,0.0005295568600761785,5.970306033635564e-12,5.55985106981237e-5,-1.1571868174746756e-6,-1.2951733864351977e-7,2.8839268639963644e-9,6.359121741854025e-5,0.0012707917089474039,-6.156729773733835e-5,1.288808547770718e-10,-0.0001702717404111256,1.2111639107675748e-9,-0.0050553182471008585,-1.2260705742686146e-9,-0.0023716713115502636,-0.00036254415047704154,1.129048794643774e-9,5.981267973653106e-6,6.5895943999826726e-9,7.810905796788768e-9,4.0140885483162266e-8,-5.1618543664397765e-8,-0.0008915522470400674,2.817038237185238e-11,3.7609521659753625e-10,-3.4549862079547055e-5,-9.93524290563718e-9,-2.295143390485254e-11,-2.3611622011020263e-6,-7.80561741623525e-9,6.846054726713683e-5,-3.4350721238903247e-7,-0.029619164266027558,-1.7017894260514402e-6,-2.2123996387429828e-11,-0.02028669493668763,1.8544052030527713e-10,6.8418779686470735e-12,-9.26472354354079e-7,-0.0012507591091112404,0.00489969250122308,5.268807767364028e-11,7.010876630608601e-11,1.3650447133208708e-5,0.004410931495221219,-0.01116226605428728,0.00011107148809275608,-1.0798063803964359e-5,-4.156871516961715e-10,4.912042414844339e-7,-5.640112580345292e-10,0.004932696313187163,-1.8473041115529962e-7,1.4948769703715149e-5,-2.0291643018047617e-5,2.857511178798619e-10,-3.221091037853519e-7,0.0013924623166128767,-2.738243415384777e-6,1.9881939241645972e-8,4.009089733258913e-8,0.001324713904572928,9.583505199040409e-11,-3.1190006224457976e-10,0.00019205896328752136,-2.0631525375113405e-5,7.223308382300491e-6,1.994736558162731e-5,-0.0050308880080761325,-7.83399464677696e-9,4.272425171768034e-6,2.3311817267707477e-11,-1.769217515456388e-11,-1.1713268826671846e-7,1.5922387122966854e-10,-2.3161005775429245e-5,-0.033920998625412015,-0.03428416234034382,1.2075334231499325e-8,3.1954317639279126e-8,-1.9600244839111135e-9,-3.8485242806730835e-11,0.001219062069519193,2.9940983415264586e-7,-0.0432661116340547,-0.00013450817905936294,0.0002701525474794848,-0.00917850851101684,1.7130714822034554e-10,0.0002522603622193624,2.2521544325072192e-8,5.1930976825662064e-8,9.96437587224908e-10,-0.008204291340445993,1.2045795050747394e-10,-5.055449204482928e-6,-1.9872072148803774e-8,1.747159345461654e-10,1.3302663578451925e-10,-5.177135084881805e-7,3.6552053800883424e-6,0.004438624479876405,0.0007533632889228103,0.0027813714578993633,3.4915786860657146e-9,0.017778693413885355,2.4871478696827084e-8,-1.802890597936423e-9,-3.846373032604499e-9,7.83290774208326e-12,1.5346020538655127e-7,1.3069215629321492e-10,-0.001482656836724346,4.77991123677275e-8,-7.06164670771642e-9,2.7313086322040926e-8,2.0685645031548017e-10,1.2791400800946087e-10,-2.72048263142062e-10,0.005526624744891692,1.5074356376830057e-8,0.0004109973467883727,-1.4207150714950365e-6,-8.057479173971154e-12,-3.675621076516469e-5,1.6873590943338347e-5,-1.1292587075572544e-7,0.013029236891162674,3.492191000093479e-8,-4.2227894035248797e-10,5.43489027382554e-5,2.631884651681084e-6,-2.0047401763616446e-6,-2.331377243337415e-9,1.0913220365145372e-5,-7.164363159097466e-13,2.0078742922071264e-5,-2.644301010132422e-6,3.133471819947826e-8,-2.0331281118247624e-6,5.6285581709500795e-11,-0.0046711294213690815,2.107092184186176e-10,1.4841668640896017e-10,5.4731341939370655e-12,-0.0006324329850195434,3.216890744131752e-5,-5.253054634657501e-6,-1.7389827254257307e-6,2.907523734666182e-11,-0.0002850421231990715,-0.002126035072302017,1.971780719536028e-7,6.819516914729946e-10,0.0034351779249042168,5.588465505130855e-6,6.580278266433995e-6,-2.0032863083442255e-8,-1.7223498482144423e-8,-0.02851817112367409,-0.016051500870002584,2.4255265865244426e-9,5.387177641566484e-8,-2.126915513057024e-6,-0.0012701422136790891,1.2910378511954534e-7,-6.597962539215084e-10,2.6860178902608324e-6,-5.124462375129142e-6,0.00021169544774040364,-9.217462715323399e-11,-9.690904624670457e-10,-3.864274019304248e-9,-5.4235085287887994e-9,-1.6777484944524717e-9,-1.200546253456539e-8,-0.02167499829160074,0.024591953184716308,5.23367857506328e-12,-1.6713341005321193e-7,0.0032575134146668283
0.0,0.0,0.0,0.0,0.0,0.0,0.0,0.0,0.0,0.0,0.0,0.0,0.0,0.0,0.0,0.0,0.0,0.0,0.0,0.0,0.0,0.0,0.0,0.0,0.0,0.0,0.0,0.0,0.0,0.0,0.0,0.0,0.0,0.0,0.0,0.0,0.0,0.0,0.0,0.0,0.0,0.0,0.0,0.0,0.0,0.0,0.0,0.0,0.0,0.0,0.0,0.0,0.0,0.0,0.0,0.0,0.0,0.0,0.0,0.0,0.0,0.0,0.0,0.0,0.0,0.0,0.0,0.0,0.0,0.0,0.0,0.0,0.0,0.0,0.0,0.0,0.0,0.0,0.0,0.0,0.0,0.0,0.0,0.0,0.0,0.0,0.0,0.0,0.0,0.0,0.0,0.0,0.0,0.0,0.0,0.0,0.0,0.0,0.0,0.0,0.0,0.0,0.0,0.0,0.0,0.0,0.0,0.0,0.0,0.0,0.0,0.0,0.0,0.0,0.0,0.0,0.0,0.0,0.0,0.0,0.0,0.0,0.0,0.0,0.0,0.0,0.0,0.0,0.0,0.0,0.0,0.0,0.0,0.0,0.0,0.0,0.0,0.0,0.0,0.0,0.0,0.0,0.0,0.0,0.0,0.0,0.0,0.0,0.0,0.0,0.0,0.0,0.0,0.0,0.0,0.0,0.0,0.0,0.0,0.0,0.0,0.0,0.0,0.0,0.0,0.0,0.0,0.0,0.0,0.0,0.0,0.0,0.0,0.0,0.0,0.0,0.0,0.0,0.0,0.0,0.0,0.0,0.0,0.0,0.0,0.0,0.0,0.0,0.0,0.0,0.0,0.0,0.0,0.0,0.0,0.0,0.0,0.0,0.0,0.0,0.0,0.0,0.0,0.0,0.0,0.0,0.0,0.0,0.0,0.0,0.0,0.0,0.0,0.0,0.0,0.0,0.0,0.0,0.1520397418512151,1.0005395660743735e-7,-3.172835822535663e-8,-1.4302670365890313e-6,0.0012923645697674663,0.004432222209778376,2.703345081802438e-10,1.204577533722758e-10,-0.0017626546646361794,0.008316486078971622,-3.788685383533275e-7,0.04061844321783108,3.1934220197716984e-9,3.415055345827947e-5,9.082984216687531e-9,-0.0014793171703957522,1.7740110781917273e-5,6.852814040824347e-9,-0.00037776050127997796,0.00027733076691528074,1.3158629850453282e-6,-5.464290103123701e-6,0.023288360281475812,1.4450203137119901e-9,-0.009262642973694184,-5.585550929099141e-5,-0.00015459347155843104,2.926698795468387e-10,-0.011176409199312063,-4.5970563869643917e-10,0.004998367222141438,2.1027978736652402e-7,0.0014609728654107399,-0.011165475512577221,-0.0008661379071865773,1.2870627508590776e-7,-0.006040076753779503,-4.790156351030382e-9,-0.0022723774662997197,0.032878422354456774,-3.180633303247281e-8,3.4930659604465448e-9,0.015000586047831152,0.000703044902969356,-7.372749485578035e-7,-7.285567945204797e-6,-2.0904678264074435e-10,-4.865293559697915e-5,1.2777005965028833e-10,-3.653455194295938e-10,-2.74680317334438e-8,9.914336458466851e-5,0.045918552733218564,-0.00020425488857599183,0.000165815590036901,1.833984929642017e-9,1.9627015840546133e-10,0.00010175727841920218,0.0013945057691732584,-6.003925903591162e-10,-0.00014617922756615987,-2.386730973881491e-9,2.2856412715109376e-6,-2.4298254305322304e-5,-8.931707472156213e-9,-0.0005294149627300703,-0.0013910316677350988,1.5243288007524963e-6,3.2101143594775227e-9,0.009066526893767789,-9.120863344516375e-10,0.050372899222681386,-2.119719888025852e-7,-0.0005315840061098746,-1.1848405567311584e-8,6.72203043911393e-10,0.001639506067642893,3.54490244764242e-6,-0.0009564930372290479,-0.0009049386918840327,0.0008262374205378728,-1.6706131014784567e-10,-0.00019796443453293293,0.0045125921316896,6.33137508232885e-6,1.252551090390087e-10,0.00030323073975805915,0.0015149139363200392,0.0471916841298829,0.00022021507981331682,2.570968431684138e-7,-3.6008417934163756e-7,0.014725872465568229,-0.002335254689868721,0.00032909255996762106,-1.0795201998990844e-10,0.003286778922220799,-4.816609359747977e-6,-0.00018446477303077645,-9.340369438759238e-9,1.1972087349242716e-7,0.0001383374017473692,0.0008076979320884393,-6.127819372946409e-6,-0.011943850619592893,-5.566386018892915e-8,-0.015563104873187808,3.481988108429114e-5,-7.257171608120604e-7,0.001853663214982923,2.1927139959722343e-9,0.00020457591667451326,-1.7199973275752856e-8,0.0022336575192038748,-2.4096903198892953e-5,1.1146634219706923e-10,0.04436518661612765,0.019585780676823348,-9.131917116047904e-6,-2.0640119325267375e-8,0.01766821786110422,1.600873796710187e-9,4.801198673989226e-7,5.312448686201435e-5,1.6374941247675468e-6,-0.00027568964326969,7.717680589668632e-9,-2.0087754606408372e-6,0.0020057415412474415,0.00330619716196341,-3.415857843276419e-7,-6.072697796189209e-11,0.03001088643214253,4.169748515318897e-6,-1.5427004312586314e-8,4.886933717942122e-9,-2.668903034627724e-6,3.179954832415373e-5,-0.0072176281291939015,-4.297761768621692e-6,1.1518638506963552e-7,4.003920663622981e-5,-1.3239033059577154e-9,5.4140230666164435e-9,1.3054742374389286e-9,0.002694832354584996,-0.0022864298981371926,0.0058431571035147956,0.027793250696735113,-2.684874809254001e-7,-6.2571888475453155e-6,7.927192650018659e-10,0.0005314906952880236,-1.8889491632340756e-10,0.0018116416486923914,6.625012694946829e-9,2.4812716858937376e-5,-8.251651935645477e-9,4.95343054078885e-9,1.2163965189637918e-7,1.7132881077275752e-10,7.464939528044859e-7,-0.0006519161007977743,1.5916042645906233e-10,2.4675233456609673e-10,-2.9311261625136355e-5,-0.0004494390409155144,-1.7043304551604596e-6,2.424411512485225e-5,-0.0009422155561560808,1.3779347563292278e-6,5.0836556520376224e-6,-7.878858364540749e-7,-0.0017254584688623496,8.855380431877608e-5,-0.00010848365474037333,-0.0016734689153833564,6.277752710333921e-7,-0.0049945404014144195,-0.00013145620537532323,8.339198035384529e-8,5.454041281044945e-10,1.8920154470577003e-10,-0.00015499513873924826,5.310403240148216e-8,-0.0008655659702968808,4.491845938384172e-10,0.06017517724456344,9.849622485491377e-5,-6.018544693908385e-5,3.5745314903723077e-5,3.4849084444050997e-10,4.4285721842516576e-10,2.5200063055035896e-10,3.073507283345135e-11,3.735545819504194e-10,-0.014875599554942106,1.8487701116953876e-7,5.0207026045473105e-8,0.00025347691213330507,6.154277115794283e-8,6.909682689125618e-9,1.0729629179642053e-6,-0.00016856601949265612,-5.063313754772608e-8,-3.6065000730190848e-6,-0.00023912944060885903,-3.537244991928034e-9,-0.0011672515311523673,-1.4158000964112384e-8,0.037955267447890684,-3.5085271140213205e-10,-1.7360043610716882e-9,5.294849078229855e-8,0.001096662827647953,-1.6526030780072344e-9,0.0021378616286410654,-0.00031084393531428234,2.020775699027783e-10,-0.001749182696328684,-0.0024808202008899326,0.013778081478840602,-7.37112106189952e-7,-3.9292606031371564e-9,-1.064962653726958e-9,7.4024419064203586e-6,1.894838934347244e-11,-2.2874895483898765e-5,2.881180403792251e-10,-0.0004386085444464856,1.7688332439575008e-9,-5.288829993695657e-8,-3.011121759080784e-8,0.00021645650538725967,-0.0005226652223991443,0.001435684959720351,0.00017090007920444217,-2.8589703002976507e-7,0.00037758920741482295,-2.499586155108792e-10,0.00032680312888062733,-1.0967170018776824e-7,-1.3964203785369874e-8,-2.48994430604791e-8,-0.004367226888220329,3.924747698162366e-10,0.0038671502906732617,8.393030231444326e-5,-0.0022106043285105383,3.1568692476393633e-9,-3.0383333426551865e-11,-2.373540231937444e-11,-3.8653916906313066e-5,6.90432004875297e-11,-2.057344899711464e-11,4.930862580628094e-10,1.3215130448756854e-8,-0.0007102770795557958,-8.03562329258338e-7,0.05761319821097427,2.1272556286687493e-9,3.536176212958074e-9,-9.163884312400022e-11,-0.0004514175571165208,4.4560113533248724e-10,1.1407208995982146e-5,0.0005695629204450948,-5.662893788188307e-6,-3.5792142829561195e-9,0.09390896911344956,0.004878583499041431,7.0623520973659736e-9,5.130665757840461e-9,4.5383476320431545e-5,-6.552406821895641e-5,-1.4713669832597218e-5,-2.058554951984615e-6,0.09603036092921036,0.0012182481766168612,-4.5294114436194144e-11,-2.6642162236594973e-8,-0.0031848014653707898,-7.984939812649775e-6,-2.0220305947787653e-9,1.0704240893684134e-6,-0.0007734005393247499,1.1239510370406518e-6,0.009097712025870518,0.0007514548903791669,-0.0013437349548755411,-0.00026785442826733635,2.9528917619851405e-10,0.00026350034277637907,-3.818720564084244e-6,0.0002688011752117434,-0.0006873992090998517,-4.483252848950651e-6,3.5407719806364717e-9,0.00024054120374855802,-0.000664055428963559,0.002314810968991887,-0.02274982950259492,9.342761181277482e-5,1.845231322337664e-9,-2.590848706677671e-8,-0.0029262105309882324,-4.913613263157965e-7,0.00047824750367668825,0.029947701137538918,0.00016422734561859876,-0.0020362738694183037,4.261073949160548e-6,0.00026271671225932804,0.048082441735287175,1.4002820062154224e-6,-8.482214252811451e-10,2.0717246805331934e-6,8.302671974219107e-5,0.0007965313873052408,-0.0001187127198261831,-0.03008420398644788,-1.1218330648832443e-6,0.002049270415451399,-2.472249021064801e-7,-1.6621523091568944e-7,0.017697227521756974,6.589710927365224e-6,0.06872166031244342,0.001372433843242711,-0.0006359081448990537,-5.995909470513441e-10,0.03438777005704501,-3.0360767221140937e-6,2.3701209514591607e-6,0.0014600471861469096,0.00019620759719145848,0.016385249659180028,0.015990563705302878,2.1781360633154098e-5,-3.7654110897670516e-10,-0.0002563594978437515,-1.4593818404686025e-9,1.8146612811538253e-9,-0.0008272923373428272,-8.082377628366961e-10,-9.261868615289042e-6,0.0012473348591205886,0.0033130606102070243,-6.255663690910106e-10,-1.9114210833661775e-7,0.0003040934736704555,0.00782862521658237,5.860364514796587e-10,4.838294892677249e-9,0.009321428201689682,-2.887556640069804e-8,-0.0016427097326723226,-3.618689955195653e-7,9.37851763974638e-8,1.716802879479397e-5,0.0028186995351152026,-0.0019745764334116464,0.006630335190224367,1.0073966078144622e-7,-2.378596616671536e-7,0.009784950862483996,0.0010055380129616047,-0.02225928500025085,3.0161738711970576e-10,2.8183809321765157e-8,8.816329548290548e-5,0.0005939238296638557,0.000877539232902718,0.00035762990876302445,-0.005033817556801916,-0.00012183180043624667,2.692113958036145e-5,-0.0011456259701536295,-0.0019705832925754623,-3.1478636365375666e-8,4.332572019637588e-6,0.00032628499380483376,-4.820884203295502e-11,6.448467094671052e-5,-2.0293545248355232e-6,1.0392644590522688e-6,-4.9095424335916975e-8,-0.0007095735282421683,-0.00032735159022059335,2.3126364660943355e-10,3.605744827855988e-10,-1.4927251863567412e-10,-0.0001679940518894752,0.054288197108525386,-0.0006325724074293297,5.727674128264799e-8,1.15048107302056e-6,-3.9586701396329145e-11,7.124186712891095e-7,5.55923703691161e-8,-0.00892937814487315,-4.804872981200879e-11,0.00010846375779949685,-2.5085773144715985e-5,5.299698216652482e-6,5.871673652581108e-8,0.0018755290578234664,0.011072177207451338,-0.0001951008179403356,7.678439864536638e-10,3.7210838048801915e-5,3.943586903050171e-8,0.03559517721475736,1.209881121445147e-10,-0.015138102017620073,-0.00010380028036597175,-7.86263826485835e-10,4.566141719537313e-5,-7.825583493478691e-8,4.2276599162675056e-8,-4.340918860311501e-6,-4.12470857263629e-6,-0.00026287035259895823,-7.502038323131626e-10,4.8204642026331246e-9,-0.0005146374778189603,-4.74261094321766e-7,2.65092665979374e-9,8.377020187110311e-6,-1.863805521993385e-7,-0.0015900551666425317,-5.768787647940759e-6,-0.0030631258180935056,-2.256230533655409e-5,-7.634646135625284e-10,-0.0009393114891501867,1.1014431453233014e-8,1.8787165519594e-10,-4.5845434988454515e-6,-1.07530659721373e-5,0.007846406093562141,2.0455894232581317e-9,3.660462155726399e-10,-0.007809864634008379,-0.0017274135691705867,-0.006579173965702901,-0.000768819975472254,4.31572455178423e-5,-3.1178768733631488e-9,-3.0547158063531095e-6,-2.0949344966347125e-8,0.000560031688347896,1.9692261278084347e-6,-0.002496840049472547,-0.00041150684494674225,5.438485471312722e-9,-6.416192725176503e-6,-0.0012632986693274428,0.0006460045212518666,-2.2177332131292312e-7,3.985535804666797e-7,0.08689199408413051,1.3653963080508922e-9,-2.2028399020456996e-8,-0.0009601849974093353,-0.00028299907928266564,0.00010548520258898453,-0.0007886376133399737,0.001245067286135451,-1.1808018449970892e-7,0.00023297962970087656,1.3312113082544022e-10,1.6403094659067785e-10,-1.2515252947856953e-6,3.909272971616031e-9,-0.0014129563435461112,-0.0017333139665288947,0.00027925252766424874,1.044073247616734e-7,-5.280073827874938e-7,1.2937237330553332e-8,-4.5251522937562707e-10,0.0031768674771858996,-8.022095836929193e-6,-0.0007412228647577076,0.0015387800373694023,0.008457074841365382,0.039752207073177524,-2.6293254730531183e-8,0.0009912890418330618,3.972851022273886e-7,5.123339377257121e-7,8.230990894617368e-9,-0.001048643153836452,8.08110185981167e-10,-4.0499253732851664e-5,-3.97636015203186e-7,3.2201486830437287e-9,9.04000125314179e-10,-7.850675512792693e-6,0.00016770456194787643,0.0005165694698512255,-0.00023208474823698422,-0.0004587102185950601,1.1612272973799414e-7,-0.0005751046971968397,3.5149705905228567e-7,-3.345543109638578e-8,-3.0699822249920313e-8,-2.8799290811888254e-11,3.849283056107756e-6,6.158861973892154e-9,-8.183512969069036e-5,-7.607072382154268e-7,-9.172999646393654e-8,1.2708176587476334e-5,8.980372092370656e-10,-1.4102984948091907e-9,-4.576164980452718e-9,0.00034146321457376394,-3.4690363953603544e-8,-0.002561940536346644,-2.157156321970828e-5,1.366624842641022e-10,0.0003390550547903631,0.09243211045134733,9.260035785724859e-7,0.0003633346132849649,-1.4610310220783408e-6,-3.5356299233807585e-9,0.034030008307247936,-9.847540824365646e-7,6.687146697810029e-5,-4.8845962478869766e-8,5.807209198758029e-5,-2.1277120426240237e-10,0.0067275739316071115,1.77876171600561e-5,-3.4494373836224367e-7,0.015394121659458849,8.921382010638691e-10,0.025114559297994526,-3.287416432451974e-11,6.455740161915862e-9,1.0081866005030756e-10,0.0017351269098341072,0.00037347026977872577,9.970349768603838e-5,5.951695495508573e-6,4.698805243735744e-10,0.050206872462556555,-0.0009882522544654839,-4.489589509487474e-6,7.956370396938418e-9,-0.0007683734712995639,-5.2177959432498725e-5,-0.0001262054412346195,-3.7553605419661717e-7,-1.944403125432619e-7,-0.0008335368380407801,-0.0004201051010606529,1.5611247323502706e-9,-2.8342447659507523e-7,2.6176216433219424e-6,0.0030095280986864553,2.3809232777157594e-5,-4.126536450412149e-8,0.00013366926945449195,0.0016866471281347887,-0.0017163663334931853,-2.144442600352425e-9,-2.602931485895265e-8,4.4939243415218166e-7,-1.5757742557481883e-7,7.773764629158134e-8,-1.0749790827281732e-7,-0.0034072996577017628,-0.00016938918252122116,-2.754036049828695e-10,-4.619371178623883e-6,-0.0003891139005168563
0.0,0.0,0.0,0.0,0.0,0.0,0.0,0.0,0.0,0.0,0.0,0.0,0.0,0.0,0.0,0.0,0.0,0.0,0.0,0.0,0.0,0.0,0.0,0.0,0.0,0.0,0.0,0.0,0.0,0.0,0.0,0.0,0.0,0.0,0.0,0.0,0.0,0.0,0.0,0.0,0.0,0.0,0.0,0.0,0.0,0.0,0.0,0.0,0.0,0.0,0.0,0.0,0.0,0.0,0.0,0.0,0.0,0.0,0.0,0.0,0.0,0.0,0.0,0.0,0.0,0.0,0.0,0.0,0.0,0.0,0.0,0.0,0.0,0.0,0.0,0.0,0.0,0.0,0.0,0.0,0.0,0.0,0.0,0.0,0.0,0.0,0.0,0.0,0.0,0.0,0.0,0.0,0.0,0.0,0.0,0.0,0.0,0.0,0.0,0.0,0.0,0.0,0.0,0.0,0.0,0.0,0.0,0.0,0.0,0.0,0.0,0.0,0.0,0.0,0.0,0.0,0.0,0.0,0.0,0.0,0.0,0.0,0.0,0.0,0.0,0.0,0.0,0.0,0.0,0.0,0.0,0.0,0.0,0.0,0.0,0.0,0.0,0.0,0.0,0.0,0.0,0.0,0.0,0.0,0.0,0.0,0.0,0.0,0.0,0.0,0.0,0.0,0.0,0.0,0.0,0.0,0.0,0.0,0.0,0.0,0.0,0.0,0.0,0.0,0.0,0.0,0.0,0.0,0.0,0.0,0.0,0.0,0.0,0.0,0.0,0.0,0.0,0.0,0.0,0.0,0.0,0.0,0.0,0.0,0.0,0.0,0.0,0.0,0.0,0.0,0.0,0.0,0.0,0.0,0.0,0.0,0.0,0.0,0.0,0.0,0.0,0.0,0.0,0.0,0.0,0.0,0.0,0.0,0.0,0.0,0.0,0.0,0.0,0.0,0.0,0.0,0.0,0.0,0.0,0.15179157658209763,0.0063368451632446025,-0.005283510741428688,-4.094991566917357e-6,1.6976380032392695e-8,0.00039950576358863295,-5.491037978478791e-5,-3.3003956516040837e-10,-4.2745830163959486e-7,-0.002766285479387662,6.474316826467557e-9,0.0005886125152090152,-0.0002089290642846313,0.021217328439230618,-7.909856254904489e-6,-0.0004449901864667511,-0.0021675543427495227,3.098087887858899e-11,1.849224066168408e-10,0.007794319948536577,-0.0030749581522623586,-8.935430868146305e-8,0.0037713706016744017,-8.29616242676096e-9,-6.927449667684952e-5,-4.659375904113253e-10,0.0001611172501242326,4.7594229820244226e-8,0.00031952695333369914,-3.785274623733502e-6,0.013160666504912011,-8.631582460023165e-10,-3.436275797981481e-7,-1.0129346677951965e-10,-0.008151793666085615,2.634887435365607e-8,-0.009124976854599252,4.0302482829844513e-7,2.1795217583147755e-7,0.05649392555008985,-0.0015068464779170742,-1.699881551311299e-8,6.832695357007027e-6,0.0008677832240193915,-0.0017525485442701865,-0.0010898966204708866,4.397168176475943e-10,-0.0008074087254746924,-0.0019417326299018003,-0.018471817105271824,-1.9954434255640235e-5,2.2176614172538378e-7,-2.417667831984867e-9,-3.9969038764144025e-5,-0.00046254723111727034,-7.288901630709693e-5,2.9498899933919304e-5,6.188131506907155e-10,-0.019235612392716022,2.0444127696958326e-5,0.013224270858304578,-0.005923216313003334,-7.82680592341265e-6,0.00985343248737705,-1.3403668613743009e-9,-1.4713843765787938e-6,-0.00024241518004638498,0.0012048624281955755,-2.7160651383839447e-7,-0.0009938296860456158,1.1647117710549158e-8,0.014748289559920493,2.4486028139566977e-10,-0.0017180142785941535,-0.00122140088647444,2.624162208518529e-7,-0.0003044049573203571,-3.844320629575393e-6,-9.057207856499119e-9,-2.490254197098956e-8,-0.0003402881573339218,4.975132686536226e-11,4.0067186116615316e-10,-0.0007629412328402992,4.926880736612631e-5,-1.3812227336176232e-6,-2.21296456104886e-6,5.299370891247583e-8,2.272218074119412e-5,-0.029441465795704964,0.010089911332105418,6.159395930833264e-9,-2.513310007322534e-7,-7.663477073595259e-11,-0.00024182110418466564,-5.573159380187796e-9,0.0005531334212833037,-6.540149727006585e-6,-0.02816571931462733,0.0010762207477724652,1.3331542728224683e-10,1.442694443380204e-5,-4.661512470334417e-5,-2.9027105158986053e-7,-0.0009978657280320948,1.064091662208789e-8,-1.4160504716043097e-5,-0.017247666476861885,1.5986727028643344e-7,-0.0012693302183769534,3.200046851328521e-10,0.0014412482146760148,7.790759031800821e-7,6.137244578382478e-5,-6.333212632135799e-5,2.4724364076281067e-7,-7.84014187484478e-9,-0.00025657545420799233,0.012549340841966232,1.2296079779459583e-7,0.00027931351193926046,0.006133466905079685,-1.963051747879333e-5,0.0013872385178198862,8.57150035019031e-10,0.012842945558421219,-0.0005471627838012045,-8.791030050142038e-10,4.494482029001655e-7,0.011163611698298798,0.0004008680385501816,3.267806772101886e-7,0.0004029026666177334,0.021843371942720107,0.005508915932038784,-0.0030643116894213634,1.156308683920547e-5,-4.6140971924325747e-7,0.0023388021554211075,0.07371204601442008,-2.9011339468062744e-5,0.0003134747139882181,0.0019193792955486417,0.003903426933580445,-1.8892816176541927e-7,2.6540648752565447e-7,-3.19547966506545e-8,-1.044603356636814e-8,-0.003874966675626762,-0.002681442056752922,0.0007920679132918484,-1.7955342531395286e-6,-0.0005843689965940168,-5.9050376938304615e-8,0.010173937657919416,-1.050692495668296e-5,0.10681233671164263,-0.004791712055326136,-0.0029051156291604627,0.0001160797748991756,0.017308282499272975,6.088425728423204e-10,0.0001613828821875521,-1.4021258008026981e-5,-0.0006312969375418468,-6.915203548051674e-8,0.0011210598862728758,-1.2809175870615235e-5,4.696292864116748e-11,-0.0003709457140355919,-0.0006188707724900583,-0.005498803162396351,-3.571967845844709e-6,3.0227692998639722e-5,-1.9517080298692604e-10,-8.788790406569807e-10,5.568914328021129e-5,-3.349795774090106e-10,9.279953327438097e-11,0.0005337302745908527,-0.002229748449202984,0.00032042395780852365,-6.49861758605735e-11,0.005780141546108247,4.671053464861035e-10,-0.00017737254320571025,1.6190583713902668e-7,-7.211553719438156e-5,4.819688769392558e-10,2.6643841931996667e-5,0.00026739216087299123,0.00037555610928724926,0.00010322729652390888,-0.00017724876815615437,-2.2947878421021512e-5,-1.6717713621386865e-10,0.007006820837241625,0.0011297152363659313,-7.66344066404141e-6,0.022671691828237667,0.011534080998616346,-0.004857330061271832,2.4960582389089446e-11,0.0004526333601814087,2.4382216495990233e-6,-8.280535196953613e-6,-0.0006813615404454005,-4.159172094115998e-7,0.053741443485914,6.597241058162563e-9,0.000143053782982328,-0.0007147532886796836,0.01687463284390211,-5.730492399760313e-9,-0.0005310613659833763,9.533734124351465e-7,3.557931189259541e-11,0.000662871378203926,-1.891094252580451e-10,-3.0783666008406986e-7,-2.2192697224526756e-9,0.0034648826028571412,0.0008806349861406129,0.0022909133729595785,-0.0004041636625013285,-6.698762381050901e-5,-5.067885436863026e-6,0.0001456412426464323,-7.24116190312492e-8,0.00324304305828086,-0.0541702031811004,-0.05452769665811193,6.569840811738297e-10,-1.394302463598568e-10,-2.107238910103e-8,-6.712799774378914e-6,0.013938980229446812,-4.763585472356187e-8,-0.002069515787688919,-2.632218643893431e-10,-0.002996319219690349,-0.018075892370771538,-0.03658621141576946,2.7634876368202687e-8,0.00020105144960278778,-2.3842821890273473e-9,-5.9001823937409314e-5,-3.307446377463822e-9,0.00015428222757759823,-0.00011167996355511834,0.0015749103475461467,4.172065132858127e-9,-0.0015657403724575357,-0.0005755279571454605,0.0007239695603362085,-0.007228359362226396,1.7929292617785022e-10,2.254004451883223e-6,3.7549043794181374e-7,-0.0007943896302739375,0.005580333638663456,-0.0002951277408135138,-1.005641484080754e-5,-0.004604720456091159,-1.352293528221993e-10,5.017415752251718e-6,-2.6457487646145013e-5,0.0027916762153847403,-6.657352134277553e-9,5.676809135542687e-7,-0.01017341705610534,0.016144657806632528,-7.583443572280467e-6,3.464212678889324e-5,-0.00027901242933332744,-0.0026768906537570146,1.239125509499921e-7,1.0186029847656556e-8,-0.00012738696994499195,-0.017770913654748415,-7.102890236219654e-9,-6.996150750752813e-5,0.012074464314565117,-0.0006593328577642131,1.47865446960241e-6,-0.0010990511026965158,9.25091569558549e-8,1.3942144175097023e-6,2.346560245249963e-7,-7.2581668991012074e-6,0.0003010661895546899,1.5658582405843826e-5,0.0005174076929345355,8.751636063165476e-9,2.911864563808331e-10,-0.0011455576492456572,-0.0002525613815675741,1.7037131934454225e-10,2.1842714950000864e-8,6.19854062918668e-10,9.907742905655085e-8,-4.0182858249827475e-6,0.001960170060107508,0.0018810823163300943,-1.7094355332740433e-6,-0.0037699708462141054,6.166633635706166e-8,-1.298767023480159e-8,-5.6667229276464016e-9,-4.102622500118316e-7,-0.0006689603511176806,-9.342457937618758e-10,-5.793251707002521e-9,-0.006032134819373938,-0.0012292182365592733,0.001089793099715028,-3.848633559821797e-5,-4.924697759380037e-8,1.978870017926e-6,-2.934472426361491e-9,3.290064431446715e-5,2.8302411450125734e-10,-0.0008540918058693436,0.022167852873076446,3.129263004227505e-9,-4.3948587619229934e-5,1.5661911297273988e-8,2.5900349723575988e-9,4.77541927547981e-9,1.8304419695705242e-5,6.751275116439294e-8,-0.0003333563557353907,0.00021581126533030056,-5.074054861219367e-9,3.8175568263159485e-10,-4.086343911000775e-8,-6.0755060750229256e-9,-0.0002025457035601788,-0.0013292012417785801,-5.113628058377216e-11,0.019374124307051113,0.0032202547718775815,-9.050118655431702e-10,-0.0005021137002627038,-0.0003902264179627308,5.143916837969494e-7,-4.727851790826139e-6,-0.00010458933118546826,-0.0026461759291447192,-8.045072240723818e-7,-1.6106510624614072e-9,-2.498031842858784e-5,-0.0012643888154626084,-2.9140112996206644e-9,0.0155642668212829,-3.860182649700677e-7,0.0035431852738886417,0.00019265713426772958,-0.00048047590921325683,7.089366337899771e-8,5.724656909375874e-9,-2.0463659038593464e-6,7.003659683673843e-5,-0.003196612546770183,5.3216323401876336e-8,-8.233166271231343e-8,-1.8928422850856144e-8,0.0002813251341254894,0.0014444336139835883,3.360149668064983e-10,-7.72191283723583e-10,1.6004860719216597e-6,-1.07100770992276e-10,1.411552053495449e-7,-4.529880206888353e-6,-2.340523904776409e-5,-1.6730410983535553e-6,-7.593961039758148e-6,-0.003010471996231308,3.508754287920657e-5,3.477742753082195e-10,-0.0001625629733721355,4.0729855763402514e-6,1.2345758196727496e-5,-0.002123134436135231,0.005626711787267903,-8.93956898353431e-10,4.337405412766857e-11,0.00013305432930409432,-0.0005296278865917597,-1.1778348172428014e-5,-1.5030866887061197e-6,9.529845880071147e-9,8.118417471525706e-9,0.02144126402460521,-0.0029584185009654926,0.00024958353859097255,0.008066573480456222,0.08446812418156262,5.8550827760058354e-8,-0.00014978837854693881,-2.823360042316978e-6,3.8350574565489455e-5,-0.0006040700559435297,0.01394616985910941,-3.2620498091285813e-6,9.42605597589472e-8,-4.0767698357855905e-6,-0.0011235439445096821,3.0035706263309215e-11,-0.005024869222829809,7.1304554856950475e-9,0.007784115306768925,2.8980084950680037e-8,-2.3009677385666066e-11,0.0008410409816719439,2.492976342293255e-5,-0.0018429780520104074,-0.006064000562944446,0.00010301759510247088,-0.0008328108693512558,-1.5624540062373873e-8,4.4652395959683924e-5,0.0056151504173330815,-1.4050760450405602e-5,0.006158838856226778,0.002767945760872389,-0.0001374703117777192,0.010441946538614499,5.03077768614983e-7,-0.0031826561323481046,-7.226180164313816e-9,6.384198705906123e-6,0.00038032438350362293,-4.2285557504766733e-10,0.010176553375180274,0.00019981518677708617,-0.0007296122141827864,-3.3488481058701584e-11,1.018088065862695e-8,6.150657639781855e-6,0.0002756412030476921,-6.643136945686857e-7,2.307761683501186e-9,-8.849875689015068e-9,1.438960423372715e-7,-1.0390295163528412e-5,-0.004734661468427285,-0.0001244634605058541,0.001503560854913898,2.466035388201606e-11,-1.206511253290379e-5,3.4220006095893033e-7,1.435647613138989e-6,-0.0021727001015439404,-0.0027042728325992315,2.3926261272478663e-8,1.9107546769500545e-6,0.00643815870207109,0.00014920502645282603,-3.0239293167965404e-8,-0.00020498000433253252,-0.00833462964056141,-9.674305809484652e-8,-2.6630552292949746e-6,-9.240446427753302e-6,-7.173501636201977e-6,-4.410662899059851e-9,-0.011939616476781663,1.2863674281076138e-5,-6.0474721935081124e-5,-0.00011134235734743533,0.0006596136589640795,-0.0004131715497985139,-1.0471605442057618e-6,-9.508449294737721e-9,-9.617928571668834e-10,0.0011339897697851917,-0.0028560512485840124,0.09595265812652944,-7.226913643352005e-5,1.2159543700566433e-8,-0.00023190758175691315,1.3096962668401578e-10,2.0926551713478015e-6,1.2112216729982713e-7,-8.830727679360117e-9,-0.02013078049500922,-6.210334264099996e-8,-0.023655998659812064,0.0006474514584700687,0.01427592520625312,-9.647851637924415e-11,0.0018713104389345141,2.036677152059543e-5,-0.016989066062709772,-0.00045824315391437744,-0.0006961670759725735,-3.030004084291167e-6,-4.116917187689457e-5,9.586073781608198e-11,-1.7584287462429784e-10,1.1646797501128097e-10,0.0189036503303662,-1.7423480694777727e-9,-0.0026790557652425877,-0.05355344025696288,0.02556866917925564,-0.00020395258872574185,-0.00040411393606222377,-0.0037747234233217446,1.9915874299890192e-11,-0.004505742824832049,0.08499478946888989,-0.0004601947992923315,0.0024981924558035887,-0.000707042395989451,0.0006774654294963756,4.355534019933738e-11,0.010044928201354258,5.430032653806722e-7,-0.0005614487920555654,0.00032426707896260397,1.8766773896967098e-6,9.449413443186435e-8,-0.0027833212390152417,-1.420285769214522e-9,-0.0018880944447988819,0.010525870929324336,1.9557840963093846e-7,4.500424049478181e-7,-6.715636275552409e-6,0.028328009643225772,-1.0711003361066985e-5,-0.00036383065086632816,-1.0941585728467593e-8,1.2086849210273232e-5,0.003766529543682663,-2.0101223278901333e-7,2.8432245228637145e-5,2.1180304453166603e-8,-2.0824863087986526e-5,0.019902297612708248,5.84339926431206e-5,-4.6658045766460756e-8,-1.9013845352912146e-6,-1.944590588411534e-5,1.492617267000413e-5,0.00015936806131444813,1.9426907526923727e-7,-3.5343385306926346e-9,-0.00021774818659585555,-0.0021111996051939833,5.275348030233922e-9,-2.5573666545441668e-5,3.643395601632887e-5,0.008007972739100712,0.0043204417528996675,3.877963840678429e-9,-1.1445847030742635e-9,0.014272943992099916,-0.005763174579675038,-0.00014019220594943703,7.036584677621491e-8,2.5255521955264957e-5,-0.035049204341626936,-3.5495717269540077e-6,2.8629520047105235e-7,1.797644938938093e-7,-0.0012947369842312745,0.003097553636638224,0.00905482969394943,0.002093689158705125,0.013506223880730599,-0.02581460248458947,-1.1281828330968796e-8,1.4257971987388545e-9,-0.0002709534034358075,0.00040423593388493035,7.322598078444776e-11
0.0,0.0,0.0,0.0,0.0,0.0,0.0,0.0,0.0,0.0,0.0,0.0,0.0,0.0,0.0,0.0,0.0,0.0,0.0,0.0,0.0,0.0,0.0,0.0,0.0,0.0,0.0,0.0,0.0,0.0,0.0,0.0,0.0,0.0,0.0,0.0,0.0,0.0,0.0,0.0,0.0,0.0,0.0,0.0,0.0,0.0,0.0,0.0,0.0,0.0,0.0,0.0,0.0,0.0,0.0,0.0,0.0,0.0,0.0,0.0,0.0,0.0,0.0,0.0,0.0,0.0,0.0,0.0,0.0,0.0,0.0,0.0,0.0,0.0,0.0,0.0,0.0,0.0,0.0,0.0,0.0,0.0,0.0,0.0,0.0,0.0,0.0,0.0,0.0,0.0,0.0,0.0,0.0,0.0,0.0,0.0,0.0,0.0,0.0,0.0,0.0,0.0,0.0,0.0,0.0,0.0,0.0,0.0,0.0,0.0,0.0,0.0,0.0,0.0,0.0,0.0,0.0,0.0,0.0,0.0,0.0,0.0,0.0,0.0,0.0,0.0,0.0,0.0,0.0,0.0,0.0,0.0,0.0,0.0,0.0,0.0,0.0,0.0,0.0,0.0,0.0,0.0,0.0,0.0,0.0,0.0,0.0,0.0,0.0,0.0,0.0,0.0,0.0,0.0,0.0,0.0,0.0,0.0,0.0,0.0,0.0,0.0,0.0,0.0,0.0,0.0,0.0,0.0,0.0,0.0,0.0,0.0,0.0,0.0,0.0,0.0,0.0,0.0,0.0,0.0,0.0,0.0,0.0,0.0,0.0,0.0,0.0,0.0,0.0,0.0,0.0,0.0,0.0,0.0,0.0,0.0,0.0,0.0,0.0,0.0,0.0,0.0,0.0,0.0,0.0,0.0,0.0,0.0,0.0,0.0,0.0,0.0,0.0,0.0,0.0,0.0,0.0,0.0,0.0,0.0,0.15140903836099845,-0.0006912574815276141,-1.150524704313649e-6,3.016160299321982e-10,0.00014755415307420524,0.0006146398392145944,-3.135900977358361e-10,1.0818577305705137e-7,-0.002103026660802792,6.40718061352367e-9,-0.002362266574132196,1.5343873668490382e-5,-0.012618481388036274,1.0087790126024895e-6,7.891789794636515e-5,0.01380689335974282,-3.8351824929573955e-11,-7.32028123457006e-11,-0.0024031590212174846,0.00044057092147494614,-3.1376294257217625e-8,-0.0038830110514794605,1.076600021525945e-9,2.4370928601187053e-5,1.4916737198308666e-10,-9.942260642157933e-5,-4.362842652538297e-8,-0.00018725890005523888,-4.702823844743413e-7,0.00043477159263989265,4.976255635054077e-10,-8.286009025465757e-8,-1.6660861788643492e-10,-0.012069027164739787,-8.396975494560296e-9,0.00030459464146422195,-7.339157963053362e-8,-2.0579571391158982e-7,0.00679356962557349,0.0011053338846570156,1.086376365497986e-9,2.6789972558684885e-7,0.00014741140968931233,5.2795680998173006e-5,0.00029090249940372747,4.953467096462142e-11,0.0013225723222350626,-0.004692170753738692,-0.014547752247433267,-1.5134659492099156e-6,-3.2834979487993554e-8,4.911869340568634e-10,7.055764876486618e-7,-0.009302890168908548,-0.0019302187159288796,-5.377781801574649e-6,7.821519723371312e-11,-0.008441869459659279,-6.8707611386242385e-6,-0.005042400217559218,-0.0013716797883832,1.0566635164187112e-6,0.0046610966672181765,-5.5912063555051386e-11,3.932531067855844e-7,-1.0596108724508022e-5,-0.012463688776674704,6.037065412376554e-8,0.007394027774034489,-2.4021805213988484e-10,0.0009073386530369365,-3.663737000995091e-11,0.005758937300030784,0.010709950691978436,-1.1054811878709225e-7,-1.4671398055410209e-6,7.95150262052385e-7,2.915805583104356e-9,2.092330480385025e-8,0.0005084156914627525,-1.2090516357055716e-10,1.2612106903769468e-9,-0.00011660912838993719,0.00018449530519797007,3.0582159409103288e-6,-9.72644687704138e-7,-6.710806985575816e-8,-9.771357788348814e-6,-0.002387165365409828,-0.0006207903135667742,5.477042637321642e-9,-2.4838257617806457e-7,-5.95581599249821e-11,-0.0011472086043843761,6.981675767155767e-9,0.00037776106223618545,5.038675488108076e-7,-0.019796933836211485,0.002138657126098899,3.484711537988435e-11,-2.9033390251555693e-6,1.31233419465573e-5,3.0329624737411107e-7,-0.0023904426590540596,-4.301734777552016e-9,-3.546196884030163e-6,0.00197968672632751,-4.636077217479899e-8,-0.004530697166342078,-4.6650966989602467e-11,0.05814728206948746,2.911966667859471e-7,1.0841565230099147e-5,0.0008298595980810618,-2.069816732046887e-7,3.5286141410025335e-9,-3.689179395620852e-5,0.07623288607239398,1.504108442947965e-8,-0.0010573781259077253,-0.0012625472087573525,2.1104405433912313e-5,-0.0004082125401184306,2.4348870920908484e-10,0.008439066619727228,-0.00022393860117973346,1.5848980247465096e-10,-2.4515380277266644e-7,-0.0014804599219477403,0.0014016255663143252,-7.876536462719436e-9,-0.00016152918365062378,-0.0037143669014834714,0.005383819475701629,0.0005835061042875573,-2.650838426995427e-6,2.280466668287247e-7,0.0008187170222383368,7.452503565601432e-5,-4.434185333569367e-8,0.006652589588448171,0.004522651894584354,0.04461788675330892,-2.2581611612145978e-8,-1.5563617990240886e-7,1.4455487851739104e-8,4.5064146739276085e-9,0.0016310727829222332,-6.233010837681044e-5,0.0007600333081349735,2.4664996132075573e-8,0.001949136518587681,-2.1261188755662026e-8,-0.006174547764333576,7.881583795622199e-6,0.011331386743740672,0.029854138001476863,-0.011237771787138242,0.0009723334782182992,-0.0022916810218310047,-1.5514389504393606e-10,-0.00026100096697141256,0.0006007859401485436,5.7826706740358065e-6,-5.36075854590744e-9,-4.682011898117877e-5,2.0114785833141608e-6,-6.501162767267247e-11,4.847351689879925e-6,-8.907466480612205e-5,-6.963689845651845e-5,7.763433392766497e-7,-6.333262011608365e-6,8.96466598519064e-11,-3.9804811879837513e-10,-2.1810279261557597e-5,-1.360530267315063e-9,-1.6898685233346426e-10,0.0020255876552443095,0.0005959660138444394,-0.0012420345744263092,-1.9079340625035902e-11,-0.012601533141106621,-4.621216797105853e-10,0.00016040247623411388,-1.116452398018892e-8,4.000234430015483e-6,3.0013997361349154e-11,-4.630769954210316e-6,-0.0005615303642667501,-0.0009269306495054292,0.00014627271201644255,0.0008000099316462455,-3.242843739038568e-5,-9.85304202999452e-9,-0.007091552414669999,0.004447184494934224,-1.04661609913712e-6,-0.06339848217017793,0.030882280418247393,-0.002784478593751364,6.153254641830365e-12,0.0006601176813285697,3.8915695001438275e-7,6.419752302110954e-6,0.01875404439333274,3.931921013327498e-7,0.02297577683686954,8.803401242359363e-9,0.0004015787934731186,0.001634933074229432,-0.02946716719023188,1.4863516486769135e-9,-0.0018406580456620197,-6.793679042918904e-8,1.2796746489544223e-10,-0.00015651249950147402,-7.093035224107149e-11,3.235383900083476e-7,3.312459351539229e-9,0.001111545837929674,0.005903119773218071,-0.0161988781424943,6.654691565684831e-5,-0.00028109883095413636,-1.3596806046264828e-6,-0.00024591613663053517,1.4206778376488953e-8,-0.009102400209454147,-0.011470106820302159,-0.028136428170392698,-2.642701027486553e-10,-4.336036063082439e-11,2.1929722562622623e-8,-6.40100832560552e-6,0.0007058616641501932,7.302421368163138e-8,0.008337973425008893,4.9158551320059145e-11,0.00471665758651428,-0.022771660946705345,0.03132184852716331,-3.0395989915478645e-8,-0.0022500090045049466,1.6517832693860504e-9,-6.144222560582485e-7,1.2838136416457466e-9,-0.00516944647334694,0.0003748629138099852,0.000770330333342544,-1.4830651779104423e-9,0.006515671665351719,-0.00453238572849977,0.0072324565244936,0.0043157204423013955,-1.2961599454326608e-10,-9.90981107484044e-7,-3.062131341884566e-8,0.0019680092917861033,0.006532993330381565,-0.0006001313503077866,2.0795851625690394e-6,0.004019837760730661,7.850443372706532e-11,6.355717155721369e-7,-6.9052699957271535e-6,-0.0029644580173428794,-3.019489463888944e-9,-1.4858656445998676e-8,0.018484510243033162,-0.014002308043129984,-6.180259773338111e-6,-1.6923683747554159e-6,9.781043746553156e-5,0.0009737605937189795,-4.0346477050538604e-8,-5.747890148639781e-9,0.0009356996134737771,0.007087835336949638,2.056634700414333e-9,0.00024400367773002156,-0.005969753473369401,0.00021726674062652314,-3.52092002910036e-7,-0.00018378882684239433,-2.2134518539357865e-8,2.6096755741575344e-7,-2.4266975898667264e-7,3.4779134413724387e-7,-0.0004594960560580813,-6.762814168164223e-6,0.00017728397017793045,-4.33049210318303e-9,-1.8361973364409096e-10,2.228897826875669e-5,-0.006770000369927326,-8.758743329769984e-11,-6.9285498999869884e-9,1.0927658808954481e-10,3.944477131886249e-8,-2.836670896659366e-7,-0.0017738519482414644,-0.0011532126441728627,2.0800795832343214e-7,0.000721219550425149,-1.1379871582207401e-7,3.5288785305563503e-9,-1.1919170068338139e-9,1.1569468676050854e-7,-7.682777369287285e-5,1.224914602049421e-10,6.880674915294026e-9,-0.0004861417493603509,0.0005942974733311184,-0.0011158921368523845,1.8397219912107598e-6,-8.9610198891406e-9,6.145140814765309e-7,-5.010388789617473e-9,-8.331211117427265e-6,4.1725239523859125e-10,0.0003601104501801597,-0.0016197695026215575,1.3019506992962647e-8,-1.6037595929974762e-5,1.0888422690435375e-8,-6.663291573554445e-11,1.0742422843283948e-9,0.0014526069107079712,-8.208930191855609e-8,0.0005477393641407058,-0.00016791758729072312,2.5956917134120494e-9,1.379689653934307e-10,-7.945279410518321e-8,3.27963471027111e-9,4.867112478239477e-5,-0.0037305360693869927,1.2048803646186341e-11,-0.00762483681324812,-0.022855415802070223,3.1786532705449467e-10,-0.0006268848595112718,0.00012649807657983165,-1.306643104127965e-8,-1.0658721830900091e-6,-5.079081852997745e-5,0.0032029513496447163,-1.5003214517549728e-6,2.042115654187725e-9,0.0032970176915631307,0.010088069003872529,2.091621950255162e-9,0.05921056784017939,-3.520805559806392e-9,0.0014036900790577568,-2.6561455843846735e-5,3.153849891012528e-5,-1.2150040557364227e-7,-4.1392382873487376e-11,-5.997071167095313e-8,0.0006621402271992276,-0.0009735431901164916,-4.245867950750991e-8,1.480755088928158e-8,-2.0817667658826206e-9,0.0002962233156475517,-0.04322589356370934,2.0683216143217882e-11,4.3780680321989744e-10,-5.437310056998282e-7,2.1607285182433715e-11,-8.494276098360843e-9,3.5193978345813845e-6,1.5424550285882053e-6,5.297798562550319e-7,5.344824462439992e-7,0.045723831577397296,-8.203046361431476e-6,-1.4130265264380889e-10,-9.79414073266058e-5,-3.998893982573119e-6,2.1624765577211694e-5,-0.002539582986482083,-0.0011323278274354906,3.65204732035548e-10,-5.259402103950401e-11,0.0003304407761687769,-0.003180212362587672,0.0008399629321374179,-4.096061192919596e-6,5.1916620963834366e-9,-3.756853772290292e-9,-0.00472673265895057,-0.0013555443024445917,-0.00045301494929753116,-0.002368109558448352,-0.011820291713484967,-1.4974937433856314e-8,-0.000507638916891257,-4.684786798376028e-8,1.553462376937398e-5,-5.853637236800081e-5,-0.016294741861512477,-8.093178834413384e-7,-4.615794818084989e-8,1.659864910925888e-7,-0.0020830520493553585,3.3150586956654546e-11,-0.04646996828120422,5.994074511312016e-9,-0.0041954307778015575,3.023142192525963e-9,1.9014330126185497e-11,-0.03331160419813173,4.317822619397063e-6,0.0010115047036502686,0.0033672519967162234,-6.0472317196918105e-5,-2.0771120385249974e-5,-1.4261756317944305e-9,-0.003426678268171057,0.01812681661695918,2.3700871403208712e-6,0.00025712854551955273,0.007324305881729328,2.5635825068354893e-6,0.014603279676809567,-2.476177903388353e-7,-5.660822013897046e-5,2.097605887675416e-9,1.6169305785324718e-5,-0.00021395927985475016,-3.186683916490922e-11,0.0024996506894965735,0.0005798933068941726,8.406533734622368e-5,2.5469523111411174e-10,2.0371624233966663e-9,0.004864128546246292,0.010155120975748435,1.9150494357702619e-7,-1.0278171259575093e-9,2.6949511417936454e-9,2.639273153239458e-8,3.1800369209858715e-6,0.0008654407655988727,-1.7291971098355603e-5,0.13426577018842037,1.518759317844755e-10,-6.700934716226322e-5,1.0856483246444614e-7,1.4545912887196975e-7,0.010115739163796262,0.0001133620676449454,-4.92147728414531e-9,3.1828019138254466e-7,0.0008959925486134244,0.0002763440817094645,-1.3597514700212868e-8,0.0011114204108991187,-0.013728162463663087,3.1667644018920924e-8,6.314068826325023e-6,-5.839839717301787e-6,5.700468227083814e-7,1.4721788150135465e-9,-0.0011676247881413709,-6.719493581322069e-8,0.0005298095188926795,-0.006125769108833113,0.000277156249969572,-0.005794309521683782,7.396573250412746e-7,3.187641127582723e-9,3.1478194441707254e-10,0.0009823355064985308,-0.00047893892475652086,0.0033493571310204253,0.0010685795972879665,1.0405204047267106e-9,5.7154797207124054e-5,-2.196677025805171e-11,3.6150737615445844e-7,-4.989778365065251e-8,5.538967608683139e-9,-0.027215308732378197,-1.421579413328742e-9,-0.000982368045963078,-0.0019503638904697339,-0.009202810241334217,-2.13869246525291e-10,-0.0022438817171887226,-4.184471150417661e-6,0.0010660024909788413,-0.0032544374404338793,-0.002069767217726164,8.76203490911692e-7,-7.130224354535105e-6,1.0180599302133542e-11,-3.9846633818462295e-11,-6.108325406397362e-11,-0.001624577666998341,-2.420008767572767e-10,-0.00025945888982892507,0.017665607455216874,0.0015063452176666003,-0.0014009806687490045,0.0001029719659602033,0.007990097180609525,-8.024922255697714e-11,-0.0005051092789670396,0.006833224852220781,8.343763758512776e-6,-0.0034437281133149066,0.002704547040680903,0.009148438969048635,1.3003458717433724e-10,-0.0028003410742037235,-1.648382449815017e-7,2.982609587186228e-5,-0.0010173118881330024,-7.651825767094889e-7,-7.671530468597534e-9,-0.00026715303274690437,7.140568714926178e-10,4.9235506140540645e-5,0.06459440344224478,-4.442318305527532e-8,8.864448801224154e-7,-2.494801783881292e-7,0.025212301485071913,5.975459009840259e-8,-0.00016015562903450776,-6.245649619339116e-11,-3.110085092842329e-6,0.00014298230376136314,-1.323571587463045e-8,-0.003926200234367751,8.054356629540959e-9,-0.003311879429666968,-0.004445787221726945,-0.00012938367962888196,2.2958095708211854e-8,-3.051631816049844e-7,4.088458978092764e-6,-3.2255446943507072e-6,-0.001697445989833611,-5.021667431440649e-8,6.278168406739966e-10,-0.0001299261660418266,0.006880169360894357,2.867885853024446e-10,1.8345551565578268e-6,-6.269620944468199e-6,-0.0008408717325817568,-0.00042693713252597376,1.8270045828621105e-10,6.186900171821397e-11,-0.005459280329422336,-0.0007579092284426937,1.2522690513129377e-7,4.483865299668781e-8,-1.665641527192703e-5,-0.0053624276320388235,-3.275599277376165e-6,-8.831494856912124e-8,-8.951808279918963e-8,0.004935911924075703,0.09251130949450485,-0.00018414054937819228,-0.0023393689160664177,-0.0009199937613671125,-0.0023943032348805577,4.375904346395162e-9,-5.124621323662449e-11,-0.00011832084598047772,3.943100300037696e-5,-4.335260435694041e-11
0.0,0.0,0.0,0.0,0.0,0.0,0.0,0.0,0.0,0.0,0.0,0.0,0.0,0.0,0.0,0.0,0.0,0.0,0.0,0.0,0.0,0.0,0.0,0.0,0.0,0.0,0.0,0.0,0.0,0.0,0.0,0.0,0.0,0.0,0.0,0.0,0.0,0.0,0.0,0.0,0.0,0.0,0.0,0.0,0.0,0.0,0.0,0.0,0.0,0.0,0.0,0.0,0.0,0.0,0.0,0.0,0.0,0.0,0.0,0.0,0.0,0.0,0.0,0.0,0.0,0.0,0.0,0.0,0.0,0.0,0.0,0.0,0.0,0.0,0.0,0.0,0.0,0.0,0.0,0.0,0.0,0.0,0.0,0.0,0.0,0.0,0.0,0.0,0.0,0.0,0.0,0.0,0.0,0.0,0.0,0.0,0.0,0.0,0.0,0.0,0.0,0.0,0.0,0.0,0.0,0.0,0.0,0.0,0.0,0.0,0.0,0.0,0.0,0.0,0.0,0.0,0.0,0.0,0.0,0.0,0.0,0.0,0.0,0.0,0.0,0.0,0.0,0.0,0.0,0.0,0.0,0.0,0.0,0.0,0.0,0.0,0.0,0.0,0.0,0.0,0.0,0.0,0.0,0.0,0.0,0.0,0.0,0.0,0.0,0.0,0.0,0.0,0.0,0.0,0.0,0.0,0.0,0.0,0.0,0.0,0.0,0.0,0.0,0.0,0.0,0.0,0.0,0.0,0.0,0.0,0.0,0.0,0.0,0.0,0.0,0.0,0.0,0.0,0.0,0.0,0.0,0.0,0.0,0.0,0.0,0.0,0.0,0.0,0.0,0.0,0.0,0.0,0.0,0.0,0.0,0.0,0.0,0.0,0.0,0.0,0.0,0.0,0.0,0.0,0.0,0.0,0.0,0.0,0.0,0.0,0.0,0.0,0.0,0.0,0.0,0.0,0.0,0.0,0.0,0.0,0.0,0.1507872924404604,2.6416237420423097e-5,-8.079294902960851e-8,6.272875862272175e-7,7.356627335961567e-6,3.692230633293582e-8,-8.694604969640713e-7,0.014047617560669806,1.232784738713811e-7,2.7221654334924774e-5,0.001344787112154771,0.0004547132636896959,1.9695544741317582e-5,0.006308185727918913,-0.0003203669125919576,-9.814573215485746e-9,1.9006074998330635e-9,0.026196675898741282,0.011245736221040218,2.648800438900903e-6,0.00011313105962496057,4.7423565748907e-9,0.0002704144097119852,-1.2967129012213548e-9,1.5969281422891415e-5,1.1527407878737653e-6,-1.9519669834609218e-5,3.6249816001934905e-6,0.009031202073137295,-2.293162864547126e-9,1.0374308696594285e-5,3.372158667270583e-8,0.005081512752503799,1.6860962487830732e-7,-0.0003730716628739788,5.668466918324443e-6,1.5566107161285707e-6,-0.0023153095397196693,-0.006025059912853389,8.510752375616119e-8,-4.969106016168763e-5,0.010589922721373057,-0.0015820371655167783,-4.6529265888809574e-5,-3.5333810366382442e-9,-8.33718406397243e-6,-0.00017053572042619066,0.0008069939527685486,0.00017380799022781687,-7.881298995659794e-7,1.4351776971208176e-8,-0.00010102072257798158,0.00013850746142353028,1.7247363023748672e-5,0.00018416979157029272,5.0830096369438405e-9,-0.0009025221732271924,0.00014211578554961297,0.0011207510738848077,0.037605295227351745,-0.000160013627930033,0.0012268873207243883,-8.300539284541389e-9,3.75940027139202e-5,0.003931778293935506,-0.00011888461583029442,-6.387569185610113e-6,-7.827128963524105e-5,5.933455740998119e-7,-0.007855676753421095,4.5397152657015265e-9,-0.002029612339938327,8.727500323458128e-5,2.4126590935089986e-6,1.7663949373090006e-5,3.400105500449328e-5,3.7101485416747756e-8,-7.613584813406272e-8,-6.457726077647213e-6,1.0006936414369571e-8,4.033297339088902e-8,-0.0013108333418402347,8.479171767191292e-6,-0.00020444744564411082,5.220522663784169e-5,7.531072615283075e-7,-0.0004159493503299373,0.00767036917868334,-0.03435655219617109,-1.2439444863422494e-8,7.86966846649295e-6,1.2521829969244167e-8,-9.566929749141533e-6,-2.3516722995538004e-7,-0.01485305933720917,-8.834644987252923e-5,-0.0006506608147361752,-0.029705803298610257,-5.201983931285866e-9,-7.264753322604311e-5,0.01147185841807919,-1.2676964893224602e-6,-0.00039831567800237364,1.2069126650215307e-7,-9.199869539814013e-6,0.0051712765606095465,1.6848793813383528e-6,2.9560684467207306e-6,4.060518518199548e-10,0.000245771842073555,-2.5103988684902038e-5,-0.0019024244391859964,-1.0889408487194397e-6,8.313641445919177e-8,-2.8930368629827585e-9,0.002182636159609797,-2.2607743411813983e-5,-1.8785610617936176e-6,-2.4822482467260127e-5,-0.00045313275057493713,-0.00024529536077580173,-0.009233652104511486,-1.0982695856476298e-10,0.00023219776368159343,0.013687775464210824,-3.1752895349753446e-8,-1.8422124663134068e-5,0.00825069792845951,1.1348001288534679e-5,-3.212403133508894e-6,-0.00243999573980913,-0.001743199133824656,0.00014265528590521752,-0.005278223919532067,-0.000317321499010292,-1.076980898960354e-6,-0.003856326999639964,-0.0064611110438252345,-0.00011190760096090082,7.014798958273988e-5,-0.0001382231598186192,0.0005234469890414957,3.06059147974054e-6,3.5752169266985314e-6,-1.3080403933151506e-7,2.0982662888571884e-7,0.019443775430515682,0.01771339746067565,2.351917310148018e-5,-1.7261488425985847e-5,-7.988855696026084e-6,6.743060354125144e-7,-3.100924870227637e-5,0.0018977880651394152,-0.003357850231678364,0.00021699642314575472,0.0037211187353862456,-6.334385588813252e-7,-0.0336155843056886,1.2693896338662125e-9,1.7392537383686452e-6,1.013433058729185e-5,0.0030166969527408573,-2.233448586114945e-6,0.01440377208569108,-0.00046951982710956124,3.9399844517271035e-8,0.00043111706041058497,-0.0025363047052397274,0.007887872682542473,5.5555992414492094e-6,-0.0001094958399225752,-3.2476935678326573e-9,2.8700688126409225e-8,-0.0007397451010520797,9.693170225421149e-8,1.3217488545745246e-8,-0.004836655661567969,-0.0001764410575880775,1.585140334427345e-5,-1.7696628942465194e-10,0.00411313703223945,3.312488986103538e-8,5.185269455162479e-6,-2.176133274216675e-6,0.00032578771309459446,-6.031789773970276e-9,-0.0007106398459312084,6.094613043109868e-6,7.708521159364235e-6,1.2745686743699655e-5,3.0352275863089338e-6,8.92183255319363e-6,1.7296521623450473e-7,0.008710159569245982,0.0006104843584229689,0.000247091973735717,-5.617707943291086e-5,-8.249769954659407e-5,0.08119528155930446,-2.188301018546574e-9,-0.006372811995297889,-5.893676252503175e-5,3.45809067147552e-6,-0.00031500984534057,-2.9732735020705886e-5,0.002730669921293635,-2.2150617783132414e-7,-1.3690615429509027e-5,-5.935482121309863e-5,0.0020968218181167233,1.7860821188991397e-8,-3.488345012001288e-5,-2.2793917860938923e-5,6.456333051560976e-10,-7.459339705537939e-6,-1.4331917954449853e-8,-1.363792301530222e-6,4.5475384453706414e-8,-0.007835707699978905,5.02729142917938e-5,-1.639785371667696e-5,0.005269062452809264,-2.4787285835621738e-6,1.805060135508542e-5,1.144366542314542e-5,-1.1369148191329263e-6,0.00019842219129964962,-0.0015268806762560965,-0.0011491258668584793,4.15920281923032e-9,1.7192115490246103e-8,1.8836731136227033e-7,1.339558931760141e-5,0.012538776671094813,3.6729427693870234e-6,-3.902578925920135e-5,1.560237006328799e-8,0.00554286348853569,-0.00021653804842238704,-0.0006028809769441391,2.8149631919529246e-7,2.6800810535257307e-5,2.4879651726362896e-8,-3.052426633650811e-5,-1.5624666060066212e-8,1.705917148984539e-5,-1.2000762048972826e-5,6.878236360115695e-5,-1.0341522158566782e-8,4.5746979428312974e-5,4.939120714140235e-5,1.5416229899249665e-5,-0.001820205386215606,5.552415923126086e-9,7.700995779775347e-6,-2.5984407956695904e-6,-2.483873732364507e-5,0.00015408653735925733,3.4519167187531756e-6,0.000155973875526917,-8.53511558867014e-5,-1.0131217208173007e-9,3.0221093292082166e-5,-0.0004707452576272337,0.0001793184918753814,1.0467316627890988e-6,3.170636244523119e-7,-0.0001899948371156653,0.0010319443800745126,0.00048595662324475236,0.0008771300808650574,0.00031249151047700856,0.0014891081116399658,7.903208675513214e-7,-9.2826097587381e-8,-6.496070806199127e-6,-0.0005368927747575963,-5.2874458045124987e-8,0.009430894653521628,0.001217090112136711,-0.017442543910425167,1.1878671481138017e-5,-0.004099745125355638,-2.463549056825951e-7,-1.0498180969559694e-5,4.7431423125819434e-7,-8.014645890773278e-5,3.408433251907817e-6,0.00010046610764854081,0.011943942347134128,-5.9068000603349036e-8,2.8973869305311705e-9,-0.002260499058825395,8.495960385438999e-5,6.566231014155046e-9,1.855481823038049e-7,-4.875504257515329e-9,-2.5501392199869086e-6,-3.7496121678092794e-5,1.3352895167628357e-5,0.00014318250703489256,1.3206780728124176e-5,0.01041151376355514,6.599942232311636e-6,3.281611369264561e-7,4.156851716840771e-9,1.1707155075325467e-6,0.005124168063741367,1.597250919708591e-9,1.586743473949609e-7,0.0170586726043839,-4.772511997107619e-5,0.050740981050287494,0.0010558151867292732,7.135199419716779e-7,-1.1772752245003281e-5,4.012934512337661e-7,-0.001241017054584436,-1.4925826209418955e-8,0.0012831023740839703,0.0033761092698484725,-3.196962473780008e-7,-0.00047450060601847405,-1.4343451474726916e-6,2.3201469374690917e-9,1.2389696807257035e-7,-1.4927075235302966e-6,-1.609243023389919e-7,-0.0024181475060849862,0.006039042719393319,3.5561571408530763e-8,1.7393217016445564e-8,-1.4503063168966053e-5,2.2299744049845294e-8,0.003835830693306612,-8.77105042485151e-5,3.117206736915948e-9,0.0008397576612694153,-4.31556693272176e-5,-2.0069174889079665e-8,-1.754683230803769e-5,0.0027408012433233334,-3.56207714872779e-6,3.8964151178577274e-5,-1.7175897728197556e-5,-0.01311289951671771,-0.00016247056113113064,3.4953569798314214e-8,-1.8480668402523558e-5,0.00021775695688262765,5.0191249391020424e-8,-0.0002610471158087358,1.7482087152091343e-5,-0.008570739461092417,-0.0018703393887993837,0.00010025069504949402,5.604485215941021e-6,-3.8934629251858303e-7,-2.0338189938455383e-5,0.001045012002864648,0.04522818717087359,-4.8413703937156814e-6,4.896412003569251e-7,3.5837112417409566e-7,6.404451068983474e-6,-0.0006796831412894178,1.5615794676059234e-9,2.7948793561941693e-8,-9.52683735564786e-5,6.134407335950615e-9,-1.3807801299500025e-6,-0.00014614456263318976,0.0007884015332405756,9.949581074866071e-6,8.47808724842557e-5,-0.0005588220236893885,0.0003162694423411162,4.411847819490009e-9,-3.294002661070722e-6,-0.00017411564665275532,-0.0007273191459275551,0.007937214214366262,9.890249481575464e-5,-3.717578039051967e-9,-6.844024470189798e-9,1.2260976255435519e-5,4.581891494435169e-5,-4.798065439062269e-6,-5.8110437507175566e-5,2.397675693707482e-7,3.442706860803305e-7,-0.006079349304747138,0.07340456239074819,8.7296104193112e-6,0.02052545393758048,-0.0002699646890262753,3.921801375976089e-7,-6.637084328895992e-6,1.0360882946719613e-5,0.00044499364223478947,-0.0006253698838392262,0.0014768586351273662,4.623108147594289e-5,-4.6783601240862995e-7,-8.988497851310974e-6,-1.3839543308575415e-5,-1.575203552928078e-9,0.0013318713707613145,6.38418065876409e-8,-0.0004267085509597286,-6.470944094206884e-7,-7.764703029257159e-10,0.0016409445977999754,-0.0002817098858725307,0.0067729716776102665,0.0037967374030130905,-0.0015380806623904973,0.01938624122470088,2.1149551605927208e-7,3.639170492254419e-5,0.00019231266306148905,-6.009927817777989e-5,0.0025610778236868606,-0.0003745162662753182,-0.00013093431850837173,-0.003785004201670459,9.146797805465984e-7,0.010750579848040058,-2.490257469915408e-8,-0.0005793250217247447,-2.454994899390911e-6,3.721048863368466e-8,-0.00015999473246628093,2.913985728420362e-6,-0.002791369805404634,6.977679520193358e-9,-1.3425369427059799e-8,-8.472788161223766e-5,-5.9374566168731897e-5,5.941174892513507e-6,6.874169890696417e-8,-5.838774463671495e-8,5.166768205730786e-7,-0.00015484587578511576,-9.138824008248945e-5,0.0010054085077234333,0.0004022616701345434,2.2614885549641636e-12,0.003210045192861536,-3.585677032073018e-6,-7.813335169283838e-5,5.263351671900034e-5,0.013060577354036406,-3.177119219407216e-7,5.962159821245112e-6,0.001055175435637641,0.0031624196955059016,1.6800398050334407e-6,2.9070318131895753e-5,-0.0004143331066296698,2.5021946329581035e-6,-0.0001484894625722252,0.0005432722398927296,0.00010662647508419172,-7.10915314537788e-8,-0.0022510390215072537,-3.4919925818915844e-5,4.762865861343541e-6,-6.795546389390575e-6,-0.005686531197624228,1.8168316099555683e-5,2.1692321721782026e-5,-4.795319620856786e-8,1.1795418614401483e-8,-0.00010108806612744145,0.10189730829560072,-0.0023223793570195353,-4.866942302347195e-6,-2.164074361672029e-8,0.0013592826739269898,2.999985046590205e-8,-3.58368485048118e-5,2.563475162534472e-6,1.8702762005069923e-7,0.0008875462011885777,4.782224811315482e-7,0.01505494978990782,0.01390203801285725,0.0004291676486390099,2.345583653655182e-8,2.344103128838493e-5,0.0012166181238903568,0.005274529031162266,-2.8723356051066427e-5,1.5219866156145772e-5,-0.00025456342812905247,-7.239792250498097e-5,7.0936815894136415e-9,8.375884824581055e-9,-8.086640019505836e-9,0.0026510088951701657,4.326108024909044e-9,0.0017191576306171557,-0.0011795523795551375,-0.0036097144578002213,-1.2520726069774688e-5,0.009221887129865537,-0.00041208394816778175,6.8270772745547575e-9,0.10861837641902336,-0.007805635995482204,0.0018633216737389614,0.00018579878630156556,7.504873119684968e-5,-0.00014555157823018978,2.4281219518836564e-9,0.006068443832117433,5.330488844485696e-6,0.003455751005257264,1.0105028564066637e-5,5.176562209113436e-5,-1.7975322909719555e-6,-0.01070283157093862,-1.1692077726342885e-9,0.07483901537165487,0.0006811729410628675,-4.825226750544741e-6,8.183544065812841e-5,3.939431414539023e-5,-0.0007404861507197471,-0.00023104814368355374,1.8517114793062275e-7,7.868107288315592e-8,-0.00014058697036693811,0.009611780646471065,-1.7256152925379695e-6,-4.6202327606142696e-5,-2.0105339124574118e-7,0.00013278576669466377,0.0005015867527649724,1.6599795649288908e-7,-6.482677136811583e-8,1.7543207812633094e-5,-0.0001843590454298652,-0.0003286904776836565,9.966433898730751e-6,-2.0900844867322043e-7,-1.0658790994807454e-8,0.007136609125603269,-0.0005666696760333548,-6.08451398351728e-8,-6.546864786418445e-5,0.0005292705457420007,0.0054113094995293706,-0.003094486981307886,-2.9661607201000983e-8,-5.933318697589094e-9,0.0015629107428576448,0.06167004637837255,0.00026984165116699147,-3.628518628534283e-6,0.0009982559902134006,0.00022335557615582106,3.201807853211018e-5,3.152869276289825e-6,6.413129293707156e-6,-6.609990258953999e-5,-0.00023635019367714157,-0.035503360443023255,0.003671363521546526,-0.0066319308437315224,-0.0019638276879549625,-9.598735493349242e-8,-3.179627040527141e-8,-8.293047198205017e-6,0.0011626630633892491,-7.909777388985703e-9
0.0,0.0,0.0,0.0,0.0,0.0,0.0,0.0,0.0,0.0,0.0,0.0,0.0,0.0,0.0,0.0,0.0,0.0,0.0,0.0,0.0,0.0,0.0,0.0,0.0,0.0,0.0,0.0,0.0,0.0,0.0,0.0,0.0,0.0,0.0,0.0,0.0,0.0,0.0,0.0,0.0,0.0,0.0,0.0,0.0,0.0,0.0,0.0,0.0,0.0,0.0,0.0,0.0,0.0,0.0,0.0,0.0,0.0,0.0,0.0,0.0,0.0,0.0,0.0,0.0,0.0,0.0,0.0,0.0,0.0,0.0,0.0,0.0,0.0,0.0,0.0,0.0,0.0,0.0,0.0,0.0,0.0,0.0,0.0,0.0,0.0,0.0,0.0,0.0,0.0,0.0,0.0,0.0,0.0,0.0,0.0,0.0,0.0,0.0,0.0,0.0,0.0,0.0,0.0,0.0,0.0,0.0,0.0,0.0,0.0,0.0,0.0,0.0,0.0,0.0,0.0,0.0,0.0,0.0,0.0,0.0,0.0,0.0,0.0,0.0,0.0,0.0,0.0,0.0,0.0,0.0,0.0,0.0,0.0,0.0,0.0,0.0,0.0,0.0,0.0,0.0,0.0,0.0,0.0,0.0,0.0,0.0,0.0,0.0,0.0,0.0,0.0,0.0,0.0,0.0,0.0,0.0,0.0,0.0,0.0,0.0,0.0,0.0,0.0,0.0,0.0,0.0,0.0,0.0,0.0,0.0,0.0,0.0,0.0,0.0,0.0,0.0,0.0,0.0,0.0,0.0,0.0,0.0,0.0,0.0,0.0,0.0,0.0,0.0,0.0,0.0,0.0,0.0,0.0,0.0,0.0,0.0,0.0,0.0,0.0,0.0,0.0,0.0,0.0,0.0,0.0,0.0,0.0,0.0,0.0,0.0,0.0,0.0,0.0,0.0,0.0,0.0,0.0,0.0,0.0,0.0,0.0,0.14998493754549644,0.0002614324870947187,-1.4674049340424874e-10,6.275856165062928e-9,4.9876144219231245e-5,-0.0025154438132453426,9.264141284379449e-5,1.3720969165269165e-5,-1.1471591143795734e-7,-0.0018517054748552514,-2.465199511185662e-6,0.03652294278199148,0.00044292356093190955,-1.1321284532556457e-6,2.5059110351226295e-6,-1.7507612163160292e-5,-3.471314238800632e-5,0.00021685999001212406,0.001693997116732682,1.297123740171569e-7,0.00012754015652569902,-0.005701670717410413,-1.4179374139661352e-6,-6.166395066468614e-8,0.00016911144425764077,4.1503424718219956e-8,0.05487877745177641,5.589284733436866e-6,-0.00017154177416752646,0.007087062030321631,8.521860891841335e-6,-5.829255316931037e-6,-0.00020150523684693114,-3.992002051096898e-7,-0.008504259808315637,0.02379966729868692,1.4830299196686934e-6,-0.00017770129575743254,-7.565442831433272e-5,-0.0016636471507090207,-0.00026088947688063127,0.00017674685715509983,-7.454217595329526e-9,6.559230524309113e-6,8.107837892395302e-8,1.2436506853211229e-9,-3.7005876582579967e-7,0.0025085127061568804,-0.001703781008319942,4.901336776623974e-5,-0.002864712062462585,-3.557539072116001e-7,-2.3357443178417578e-8,-0.003897233244787927,-8.003918855307739e-5,1.9577468192242583e-5,0.0015731976363931467,1.7322104664896007e-6,5.146347567131255e-6,0.028767944896228057,7.579367395053645e-7,-8.680617835238961e-6,-0.004399748871975458,-0.0004444210183572578,4.1467770055122376e-7,0.0021465920269463355,9.097485272053063e-8,-0.00037583549285853484,6.262317501281602e-6,1.3600735660871417e-5,1.956387458667395e-6,1.3345907769466995e-7,-0.008740795860103642,0.0008350196320995844,0.016493078782432315,0.00013969998994048727,-0.0010101666117738797,2.0443404393158152e-9,2.3446488923794118e-6,-2.0866316210885004e-5,0.0006342929805274973,2.5863414564501648e-8,-0.011844742448171849,0.057068303715883936,0.006483637616687468,-0.00065241956435022,-1.436576975919427e-5,5.170267249099749e-5,-0.0005506442110854859,-0.003442133346143172,6.336391571018564e-6,3.135713382499946e-8,0.00018506733109182073,-2.2995570882704766e-5,-0.020081346962184696,6.313672099621663e-7,-1.2154569067625197e-5,-1.7607334679503467e-5,0.005767945360951447,0.0007079047560045057,0.0008646080046754842,1.2567958945818957e-6,0.000553267197706827,-0.00035959628865319776,8.773126055526202e-6,-0.0033039616227569703,-2.8087695079174176e-8,-1.2856278923846933e-6,-4.18320064208244e-7,-0.020274477700846682,-0.0037027546805850843,1.6513577681116477e-8,0.00674550521288989,-0.00013503495661502035,0.0014612475510989095,1.1408956807168e-6,-0.0014795936429626393,-2.295283993003537e-8,-2.8052718441037634e-5,-0.0015372855968649082,0.00025750974850078376,-3.130482206154027e-5,-2.1044962488997304e-7,0.0003055295257881203,-9.09110764231835e-6,0.001230490388459999,4.251050859845739e-5,-9.1579831964987e-9,-0.0043982576229630015,-0.00017321307843837875,4.347878745620556e-6,-3.7154806130889383e-7,-9.493082544032452e-5,0.01701844075390338,-0.018123711547479698,6.721623858855466e-5,-1.825789788760528e-6,0.006249915866068763,-1.0107515608858946e-7,1.6015259564608399e-6,-9.856369037259683e-7,-0.0010528278057569751,0.009900656539739218,0.0003727971787183305,-9.153235946552095e-5,-1.3510591665942595e-5,0.0002622143874400921,-5.134301656404223e-8,0.0014298755270773645,-6.396978997773082e-8,6.228991190547545e-5,-1.0602754998473034e-6,-0.0009001265417360647,2.765242815873596e-6,-4.198094705994219e-7,1.3897278448866035e-5,3.2336628261403196e-8,-3.2802517044514336e-5,1.1296729065587324e-5,2.5231775699393343e-9,-2.267956779319061e-8,0.0008975766003736724,0.0038732990643713153,-7.90060990870025e-5,-0.00349247587377815,-3.1370442134878914e-6,-0.00021024966711396154,-6.355134820199149e-6,3.6139480506806233e-5,-0.005854430735833982,-0.005777900277216816,-2.673905320486698e-6,6.931361857456605e-5,0.000349649472799955,0.00011623753220143867,-4.3823126889446525e-6,-1.0470203270555493e-5,-1.1549132971426675e-7,-7.443626437680285e-9,1.6302622618176018e-6,2.4969914799845023e-6,1.0656895973544363e-5,-3.863805988654564e-8,0.0015665442218535596,-0.002129200851193986,-1.6896964830791764e-5,-0.002448630595133447,-1.295847045349583e-8,-4.139039459070168e-8,-1.4986736834102816e-8,-3.0924240740484696e-8,-2.2252315661887375e-8,0.0011497614660043048,-6.824899170272296e-6,2.1735880179257446e-6,0.0008404087450991384,3.347974159357245e-6,3.9971621467624756e-7,-5.4161623488053516e-5,-7.777220883874761e-6,-2.8820065478747372e-5,0.02641079768437166,-0.007583345575415866,6.741420232362908e-7,-0.033791781503221444,-5.3124409164179455e-6,-0.000644899346648365,1.5285855222525768e-8,9.311840893942138e-8,-9.152713162175659e-7,8.43078698025087e-5,-6.414613719497972e-7,0.01020442163969951,1.0399626568505384e-5,-5.5692422478254964e-9,3.107683384078924e-5,-0.05258929378765071,-0.00021207794343091588,2.7199647148040866e-5,9.056420712257472e-8,2.161931777784165e-7,-0.00027617472929685117,-1.5503664861594247e-8,0.0015039406396403741,9.881162340037166e-10,0.002733981059072718,-1.657108963200549e-7,-2.720218992668215e-6,7.996708380156677e-7,1.5348081066999857e-5,1.0735385062472278e-6,-0.0011675626403984157,-0.001809138032343825,5.6896325961253225e-6,-0.002673037946347489,-3.2022678588442714e-8,2.0722756039453098e-5,2.5163149935699e-6,-3.0330427712311894e-6,-5.004561951843642e-6,-0.0006676478911915895,-4.330180385780681e-8,-8.539523540660954e-7,0.0035023585435371364,0.00010956993102491903,-3.342528254858905e-7,-1.4019698148217713e-9,1.2339926972796865e-7,-5.1006796856465035e-5,1.3959993157849538e-8,5.411624266995796e-8,1.5521812706260477e-8,-3.3477277199308803e-6,5.9984377758600675e-6,0.0029875858116609603,-0.0008493890904546017,-8.076974258284499e-8,1.3217579579444525e-8,2.2982968682422765e-9,0.008273576204886893,4.9172443038033246e-8,-1.3209472799676504e-6,-0.0012515888112555895,-0.0009045552072054214,-3.661830877257873e-7,-0.00040734455633608145,0.006693794464577329,-1.4633449134451692e-6,-1.1383393265770284e-6,0.006714734128250526,0.007089161883576656,0.00042757688276341644,-2.9646111964542446e-6,0.0008463803457360663,2.2249064170295654e-5,5.621406477005493e-8,-1.3244594327340392e-7,0.00014965940314118914,1.5047760301147917e-5,1.3911282507422502e-6,-5.092828594235052e-5,0.009868906537559691,3.04786525344941e-5,-0.0005988247460882834,0.005650698085383213,0.00899368695721937,0.0576015836210144,-9.625365351835345e-9,-0.0012464647164576942,6.112217399210329e-5,2.2266570355487933e-5,1.5159664891657002e-5,0.0005594685844420003,-2.801146345566949e-7,7.18167943169511e-6,-0.0002995135053713919,0.0001651441461058857,-0.0019288038726744479,0.005833183493726578,-1.543914840184998e-7,4.0908380014007773e-7,-0.0012469834051812066,-0.00011307166943489782,0.002436465650256531,8.428030309756213e-6,-6.144456776216846e-5,-0.003089735604564774,0.0009099566606650598,-6.909416217349485e-6,-0.00029433717982835195,-3.316900659611852e-5,4.232022091987518e-8,-1.9484383280371083e-5,-0.0002970429111008455,0.0003552214508883615,-0.0052303991632348355,0.00029085119141292133,0.0008969462277031144,-9.4639020029143e-5,1.2506427296988367e-5,8.316135909881735e-6,-1.8277590555671705e-5,-0.0004737578600568337,-0.0013396804975822133,-3.7421671567107446e-5,-0.0002761701827072126,-2.071007751095117e-8,0.0010730327911844795,-6.200205904768916e-5,0.00031684237152291184,-4.696112015393084e-5,9.992343319547713e-6,0.02286595310338635,-9.692472070027358e-5,0.00027802198840981156,-1.4648589924165245e-8,1.9446315672666564e-6,6.199432218590021e-7,2.0832946374064987e-7,3.8829740372825775e-5,5.5888972839018986e-8,-8.264866575549858e-5,0.004517691337229936,0.12429351088403592,2.7723833018384923e-8,1.0237323646991372e-5,-0.006358493810067789,-0.00012221011993986258,1.6727686124034454e-8,-8.489767175371022e-7,-0.00014265430197170676,1.5701792334470396e-6,-0.004087458137820163,-8.375904392611528e-5,-8.916321973071905e-5,-7.221047875761355e-5,-0.004378966318892559,-7.53882373294465e-5,0.026038910455894435,-1.06304816359869e-5,3.841881939887441e-6,7.1167116657256e-5,0.0013556596090422163,0.0002582652733901973,1.0634327933392039e-8,2.000655552333758e-6,-3.1169009970145443e-6,2.3932328318755833e-5,0.004222332070965967,1.9175024644671035e-7,7.85731979953265e-5,-0.02387272388260848,-0.0003563745788664849,-0.007905301341992552,0.015671744128251182,5.375872336727398e-7,0.0007631581194786838,-2.089523317700288e-5,-1.388578167960409e-10,8.481120329116869e-5,-0.00018548514412710876,-9.27847487963867e-6,3.121694409366662e-5,4.677277601742983e-6,1.0222674821371623e-5,-3.776416614624463e-8,-8.482396318043218e-8,8.36735821385618e-12,0.0022676909387644947,0.0001107051229851766,-0.0009578772358140698,7.338186225235379e-6,-0.00010743556648636928,-2.3667929688090257e-8,-5.73623908667506e-5,1.779830558197618e-6,0.0006153753430351215,3.279692243141424e-8,0.032167916291644366,-0.0010357173993077399,0.000651654403087799,-1.9045812465091402e-6,0.01749457927045593,-0.005537447257340136,0.09532466867900433,6.893527397867954e-8,-2.7107829455051758e-6,-4.7381732649392093e-7,-0.000641306074547908,3.0378357253647276e-6,-0.00019426387219843145,7.612123539178128e-7,1.0139092639044836e-6,-0.008836940784666814,-3.234689003990911e-6,1.2376440931116273e-6,-0.00025757962085707394,0.00027197770613385035,0.0005965035461924626,2.7534018680358842e-8,-1.1798120434905901e-8,0.007875902699693387,3.9836237204270016e-5,1.6715983489760534e-7,0.00023275903483731267,9.197143217427447e-6,-0.0014937421046500399,0.00022391270495832657,0.00016013581949596886,-0.0052407380498423264,6.060377908560727e-8,2.533021017821171e-6,-1.8352835468306353e-6,5.210201160024791e-9,0.00018126460874505758,-2.0367998892309684e-5,-0.00014578497905563126,-3.156889032795135e-7,2.4126938360837805e-7,0.0016712712316151136,4.971102826255266e-5,0.00023404646033246037,-0.0025578367352860195,-0.007428917081699381,3.401186507905759e-8,0.0008982221734175928,-5.543310010300977e-7,-5.8770667185260504e-6,7.799137813360495e-6,-0.02246927348594008,-0.005259863395988525,1.43153090129627e-7,0.00027375873063941234,-0.00041390142182127067,-0.0005008490569513638,-1.6191187715101877e-5,-0.00016209671428872965,0.0006013490358212191,-1.9593832916184692e-7,4.3083788776087897e-7,-0.004800049398693964,-0.01275556434603135,0.001562756627698861,0.018424138972335826,-1.0490012789155578e-5,2.263458695766767e-5,-0.0010946934474907822,7.369504381256845e-9,-4.515211587193714e-9,-3.2918564634537814e-5,-2.733486429481266e-7,-0.005664079022865899,0.00016799699425763107,5.680513943545155e-6,-1.2248629960362141e-5,4.025838756482758e-5,3.1861163620840123e-6,-1.6578064402623e-8,0.0003797903964978684,0.0007005410190608483,-6.440967871963474e-6,-0.0014236783877415913,0.004949811468736634,-7.096625435946541e-5,2.491332549399375e-7,-0.0029408550811069177,-2.356357614058323e-5,7.721077332176715e-5,-1.728913144282726e-6,2.7600060884973356e-5,1.5347221739553708e-7,0.003261750024881383,5.483980280387718e-7,-6.706211582059474e-8,-1.3663367097112796e-8,0.020191900514933317,0.004715853388124309,4.707666295819726e-6,1.3943096589890323e-6,-3.765658627599455e-6,-4.4529698026975426e-6,3.353894130990622e-5,3.757623882440929e-5,-2.7734775463469306e-6,-1.8202817492466163e-6,4.234758922247138e-8,0.0002353156739689727,-1.3474760708330584e-6,-8.570248317669281e-7,-9.207535542428495e-6,7.864976257643165e-6,0.0007555074307658889,-6.200015618289199e-8,3.9319428941553625e-8,3.6460033343915753e-7,-5.856803478358627e-6,1.700687947659183e-5,-0.008996963198829014,0.00025967198887140983,-4.138883363997277e-9,0.07110156830878567,0.00032752052151385666,0.0001367330491324152,1.8823358190019355e-5,5.27358409819046e-6,-5.079355964723393e-7,0.0002099144655364094,0.0011060428595118805,0.012247002361678565,-4.365569496882071e-6,-0.0009465604154594523,2.8650953023629944e-8,7.691227618264742e-5,0.004317413060989378,5.0173646178138086e-5,-8.095357060014096e-5,-1.0119669121912904e-7,-0.000625629152237696,-2.5191622919729236e-8,-4.827276396004612e-7,-6.193028818772098e-10,-0.0002588169571066176,-0.00013791281265500898,-0.008561887731714618,0.00949385138725652,-2.5065498624613126e-8,0.001645765485751598,0.00013291961062465593,-0.00021284509492874477,-9.35806233418237e-7,0.00021555821117242403,0.005074980592783826,0.000826491128001896,4.589672971794331e-5,2.8612225838318915e-5,-4.42585465606966e-5,-2.75691334630294e-6,2.8812356121308785e-6,-2.236007497392338e-6,0.00030509215231917363,6.739429011243113e-7,0.00016310333295249224,5.511286764074901e-7,-0.0018856710960603355,0.0023941013313645496,-0.005742041986911459,1.1937444302765882e-7,2.6252023682452116e-9,-2.80068564637856e-5,8.605705488605048e-6,-1.506298913647661e-5,4.716908153625038e-6,0.00029255680253909965,1.478146052321441e-5,5.297541350932335e-8,0.000385906473755612,2.191829422802359e-6
0.0,0.0,0.0,0.0,0.0,0.0,0.0,0.0,0.0,0.0,0.0,0.0,0.0,0.0,0.0,0.0,0.0,0.0,0.0,0.0,0.0,0.0,0.0,0.0,0.0,0.0,0.0,0.0,0.0,0.0,0.0,0.0,0.0,0.0,0.0,0.0,0.0,0.0,0.0,0.0,0.0,0.0,0.0,0.0,0.0,0.0,0.0,0.0,0.0,0.0,0.0,0.0,0.0,0.0,0.0,0.0,0.0,0.0,0.0,0.0,0.0,0.0,0.0,0.0,0.0,0.0,0.0,0.0,0.0,0.0,0.0,0.0,0.0,0.0,0.0,0.0,0.0,0.0,0.0,0.0,0.0,0.0,0.0,0.0,0.0,0.0,0.0,0.0,0.0,0.0,0.0,0.0,0.0,0.0,0.0,0.0,0.0,0.0,0.0,0.0,0.0,0.0,0.0,0.0,0.0,0.0,0.0,0.0,0.0,0.0,0.0,0.0,0.0,0.0,0.0,0.0,0.0,0.0,0.0,0.0,0.0,0.0,0.0,0.0,0.0,0.0,0.0,0.0,0.0,0.0,0.0,0.0,0.0,0.0,0.0,0.0,0.0,0.0,0.0,0.0,0.0,0.0,0.0,0.0,0.0,0.0,0.0,0.0,0.0,0.0,0.0,0.0,0.0,0.0,0.0,0.0,0.0,0.0,0.0,0.0,0.0,0.0,0.0,0.0,0.0,0.0,0.0,0.0,0.0,0.0,0.0,0.0,0.0,0.0,0.0,0.0,0.0,0.0,0.0,0.0,0.0,0.0,0.0,0.0,0.0,0.0,0.0,0.0,0.0,0.0,0.0,0.0,0.0,0.0,0.0,0.0,0.0,0.0,0.0,0.0,0.0,0.0,0.0,0.0,0.0,0.0,0.0,0.0,0.0,0.0,0.0,0.0,0.0,0.0,0.0,0.0,0.0,0.0,0.0,0.0,0.0,0.0,0.0,0.14982005300733517,-5.6738195553413965e-11,6.277584142289063e-11,-0.0021580534565030923,-0.007609067621977885,1.1512006232698644e-7,0.0033067272563840743,-4.9390534055722616e-11,1.7869375004512426e-5,-1.6923251642880698e-9,9.293188986581791e-5,1.3840066499037796e-6,3.3191444478276907e-11,-0.00010146246203843807,-0.0001784521656916819,7.167728071172989e-8,-6.195377295741759e-8,-0.007186870334378162,-4.0450601899309893e-10,-0.02232143533297228,-1.9607213956803877e-5,-0.0001019074231409209,-1.2137972877237943e-11,0.007000596407226771,-1.416932297709168e-10,-0.0006006796362175276,2.79798753338504e-7,-0.0009245135224428204,-0.0017385476081329336,0.0004866385336937974,-1.8167052463315253e-8,-0.05068397938695264,6.044681709149979e-10,0.003094500867623103,0.0014977117251781136,-3.284578049565732e-8,2.8220270110536986e-8,-0.00650942559400624,4.339155095477489e-5,2.028375352635557e-6,2.290251711063485e-6,3.157444900495188e-11,0.0015386711642280777,1.1313527731984569e-10,-8.397919728735041e-10,8.76510105774719e-9,1.548717824625673e-5,0.004027853682572113,0.0018644553998343198,5.848919464030101e-6,4.840404716257758e-11,8.556814428689279e-11,2.9352973616864445e-6,-0.007649220791954747,-3.618166861636959e-8,-5.997444323662355e-5,2.402254432664347e-9,-5.087349742392142e-7,-4.401233601741602e-5,-2.3569448026320997e-9,0.0013020990450153622,0.0003928568864816667,-9.670834455849601e-7,-1.1811002684052075e-9,-0.0007101630942296087,-4.561531423434012e-11,-0.011381292454539685,-1.1736946308317835e-7,-0.001369362906762807,-3.6076077789279443e-9,-1.2325894350098311e-10,-0.0017721875385884724,8.089407038299642e-6,0.00027494480763867567,-0.029154397374590982,-0.0003563687519530025,3.8885253331390293e-11,-0.0005297513349629348,0.014398780065749212,2.4647765522796127e-7,-1.316484679567322e-11,0.00010226741409565547,7.499379479366398e-5,-0.003526901764413457,-1.29101656953088e-5,9.84000778023121e-9,9.950175677147342e-9,0.05142722735388242,-7.480038189201382e-5,0.0007488011572566776,-2.5627006808137138e-11,0.03436034538025132,-3.5166781745594364e-7,-3.694172147838966e-5,1.589848500217577e-9,-1.1468913910541134e-8,-0.0020064727859021186,-5.7431093495465404e-5,4.985484202076582e-7,0.0008348549084440567,1.7972942456508258e-9,-0.004439368030500699,7.327873074772246e-6,-4.753112271418097e-8,0.009352924244684105,2.8137573045639144e-10,0.0002185076445177169,1.89614905691751e-9,-0.00014480196372106938,-2.704405404418951e-6,3.1925892177219894e-12,-0.0019475628694014153,-0.007345244850414062,-7.681017673706106e-6,-4.154766341739699e-9,0.009874580864807374,-6.884756911443453e-11,2.7995643056896798e-8,1.3190063182701796e-5,-1.2822222588426528e-7,0.005644579320968965,-9.224590932939616e-10,-3.1758100307440915e-7,0.011014996379355565,-0.00031554903888003497,-8.861771434400013e-10,8.714051317037139e-11,-0.0007493499053461276,-5.460052234682051e-7,-9.850874866867368e-9,3.059659067871786e-10,3.0770663092746423e-7,8.259415040378676e-6,-0.0008324481046866253,-2.3865678147828135e-7,1.141283573330279e-8,-4.291421762623695e-6,-2.8946187891123145e-12,-1.4952371519117294e-9,-7.317833670508154e-10,-0.006365664296513762,0.0010830222106195872,0.051550570558447306,0.0035436321584278855,3.1947836464562396e-8,-2.2917992632014975e-7,-3.2278277869145144e-11,-0.00014258366760811218,2.615979460522062e-10,-0.030065798889413627,-1.9021707724734993e-9,2.4137728674795768e-5,-1.0460116872231709e-8,1.1805519088420692e-9,-1.0162483816724234e-8,1.089495412906481e-11,-6.2292011623815135e-9,0.0015769127218613714,-6.786275898684234e-11,1.5273538629097002e-11,3.103794194186194e-6,-0.0003337685412755997,5.612072736214997e-7,2.4180317543340468e-5,-0.0023465351024368193,-4.0829307505720745e-6,5.145703989318398e-7,2.1327378034687365e-7,7.608668872041404e-5,2.2835312982433072e-5,1.7410665719649528e-6,0.00013346651775411603,-1.7810032975850674e-6,0.006062228794928965,-0.0005468444575593059,-1.8022325051409853e-8,-7.592400709402167e-10,-8.165463589401275e-11,0.0004538676046974245,-9.401193321976647e-9,-0.001192585217652192,-2.961532720505533e-11,-0.0017216439142436802,2.192936395703964e-5,-0.00022593434251056587,7.756474656631367e-6,-2.9192304615851077e-12,1.9718116261056087e-11,-1.5877932968401135e-11,2.07520704822885e-11,-3.778307312901037e-11,-0.01002890062525317,-4.086413339480225e-8,6.360936362649298e-9,-4.8330595759710126e-5,-5.423094463601224e-9,4.558725004281511e-10,-1.1006748205701286e-7,-0.0017508986189981226,-2.735299424936694e-7,0.00031262975782003695,-3.6680828839215637e-6,-1.3228675128551181e-10,-0.00023888911346223434,1.6033950413905737e-8,0.025007396454216093,-8.858144977311324e-11,9.454781126652406e-12,-4.978253920345914e-9,0.00043092688340173364,6.929111176948807e-10,-0.0013767635075363099,-0.00018725685434041478,-8.611236017093924e-11,-2.4472227583208625e-5,-0.00046073860562864904,0.009314528524668757,-4.327677000326419e-8,-1.2579231648126576e-10,-7.316888564551951e-10,1.2395090647816003e-6,2.5752487345453636e-11,6.284671545312971e-6,3.1157627674890554e-11,0.007324372565694644,-2.1238453135356132e-10,5.255731698297731e-9,2.7886795376156465e-9,-0.0006682286761252448,0.00037351322109729175,0.0064645488366727455,1.1602695818209322e-5,1.2753223813576808e-7,0.0008442881290633306,2.9243097331849535e-10,0.0017790045206127346,6.889338282967371e-8,4.0616872029450945e-9,4.994064932206179e-9,0.006645297349847522,3.808737878826396e-11,0.009328450152233603,-1.4927121948376137e-5,-0.0023528634913320473,2.639920317715133e-10,-2.972148935524261e-11,5.588426581755332e-11,-0.0038754221287789882,3.359924049412291e-10,1.3024891303016953e-10,3.418354529624982e-10,-4.638007327005115e-9,0.005070471884009312,-0.00014427780380122656,0.007876060821009848,1.1269857359064923e-10,-1.603975553888474e-10,7.471834584775488e-11,-9.27143013131892e-6,1.2301115613146818e-10,0.0002484796013860411,5.258933785848686e-5,-1.0601074023798407e-6,2.580376620067897e-10,0.0013500434282313583,0.002151759720480923,4.5651766636573266e-10,3.8697175598634383e-10,1.0865687394173953e-6,-3.257885774218318e-8,2.6507773574802256e-7,6.3007279290588e-8,0.00640037780025967,0.08212222254891542,-4.3743473804701085e-11,7.452869888496871e-9,0.0031402848092396424,2.400703997676869e-6,2.7329823963883393e-9,1.654797069265852e-8,-1.925889346083565e-5,-8.088524355442174e-8,-0.011870402686372367,0.00023221463231669928,0.0008999004185992982,-3.199159168849141e-5,-6.695004285978962e-11,3.192097893175168e-5,1.721346886075923e-7,0.04941062682496501,0.0028147523852522036,1.340725532207483e-6,5.151434374674016e-11,-0.00015731259211535165,-0.01435877134654068,-0.0017519656602222372,-0.002481124064800492,4.906526004088469e-5,-4.4687305387500303e-10,1.1236922827792875e-9,9.830150495054196e-5,2.4596262600528534e-8,-0.0018644500330983168,-0.0003429399321485978,-0.03474637308934755,-0.005171553667150307,-7.565426794985192e-7,-0.0021497271935289617,0.0088363903596324,-1.6610738657533214e-7,1.0365876757555704e-10,4.739637937232875e-8,1.777157590875546e-5,-0.0397159588639589,0.00021186771724136252,-0.0022626162083769982,5.578685590613355e-7,-0.009475275487029658,-2.7889773643026823e-8,-3.0397067920884475e-8,0.07256814012813567,-1.1603101083700168e-6,0.0026457465367153966,0.0028698306796225838,-0.024961572743766453,-2.439464959635707e-11,-0.00246157886680974,1.1411078444286498e-6,-2.0541906950398347e-7,-0.013140714902215783,-0.0002985148060841681,0.000393539127186803,0.0011514072661722302,2.933269603861531e-7,-3.647528762107767e-10,0.000273397373294481,4.66052468835674e-10,-1.128411603546945e-9,-0.00015226678563488665,6.419007590553564e-11,7.532622311144971e-7,0.0003781513775990976,-5.530352584728004e-5,-3.037566410656926e-11,4.1187763760222346e-8,7.284406484834308e-5,0.006032437163021054,-1.1236724200860062e-10,6.724773613349491e-10,0.005218846914906651,-4.918201355318647e-9,0.00023150880985603906,-1.934645298594449e-7,1.601888833732534e-6,7.520809846396682e-6,-0.00011578290588244136,0.008218469999454251,-0.0005441369807717264,-3.423332076630793e-9,4.5248876565448144e-8,0.0001571896695156772,-0.007219107023699353,-0.00949515317902116,1.5822726586901844e-11,-1.1162972945429474e-9,0.00032865964883517306,0.00574841321441807,-0.00021113466770554903,0.0005829708687138712,0.00978793705277838,-1.5240302071690107e-5,5.502977088271955e-6,0.00023872308224140323,6.081708874721403e-5,-3.762288067035867e-10,4.554011753062009e-6,-0.00018179898024850427,-6.785185266719964e-12,-1.2591634216769044e-5,9.002107394994001e-7,-1.2337322602706265e-7,-8.2594391881125e-9,0.005142229040841833,0.0010035275926699398,-1.767135073562394e-12,6.565582757897621e-11,-2.936835849908504e-12,-5.9766960440823304e-5,0.000863342378377187,0.001048276090289381,-5.93938081568895e-9,-1.299372453322173e-7,-1.29900222424584e-12,-3.108508468212508e-9,-5.448975268958831e-9,0.0033399148487648555,-8.252495924148112e-12,-0.0001848737516902355,-2.2386441288374734e-6,-3.25638831672101e-6,8.859167279735295e-11,-0.0005930926822831648,-0.002773829402476604,0.00024485291402023693,1.8176520573379355e-10,4.079222828564214e-5,-3.806650149485841e-9,0.005783906586191866,-6.601283378258128e-9,0.005373995106546621,4.0187113073584634e-5,-2.706979751604473e-10,7.359269092796193e-6,1.759741513129246e-8,1.528062579623408e-8,-1.9600702366694868e-7,-1.2297265930732593e-6,0.005954534979572008,-6.018656215012101e-13,3.3960475743540887e-10,-4.607093825399189e-5,-8.327253687709241e-9,-1.1099777758072733e-9,9.37190934590055e-6,-8.341391606706068e-9,0.0003525341277157734,9.614435503958651e-7,-0.005384673415228271,-2.869273857133932e-6,-6.4073031917288e-11,-0.004716016011207509,-1.3679017489294276e-9,5.3421081028303995e-12,2.108436292947583e-6,-0.005862743315060472,0.07671764992271829,2.7653362785363047e-10,-1.4163744179834387e-9,0.0005095480261964874,0.006077911036878734,-0.02558232860061363,0.002417459580544125,3.124085752735045e-5,7.055359029697708e-10,-5.279146427122533e-6,1.2614185850326715e-9,0.00017051703006376386,-7.642999502319012e-7,-0.0007284029012324158,4.423650697633274e-5,-2.4354829555094676e-10,6.873581083043916e-7,0.007984073987212877,7.945480091282722e-6,2.8559372408712026e-7,8.384276914688998e-7,-0.0008051979212793673,3.8170522631016454e-10,1.8380373929586997e-9,-0.0027180793118796163,-2.366766923036517e-5,1.947677113008278e-5,-4.0289714812619645e-5,0.004556380004178479,-1.443533272939005e-9,5.192708706211662e-5,4.4544705566099416e-11,3.836498814097982e-10,-1.9747799790782318e-7,1.8958153095038756e-10,0.00020260095572355104,-0.0027101780610080985,0.0009201377590716075,-5.33544105808724e-9,1.3773454132752036e-7,-3.6325303768985273e-9,-1.543589498809478e-11,0.09521732732449306,-8.908571007737594e-9,0.0005005062792729771,-0.0005126582456704433,0.0023496635355211614,0.0029373502318352446,7.597270312334535e-9,-0.006548149310402787,1.8279805420526523e-8,9.094810021790049e-8,-2.11278381402843e-9,-0.001071816279787047,-5.32483540626844e-10,6.960942563557787e-6,-1.2810351127700728e-8,4.807805342757652e-11,1.7327641682591034e-10,-8.380347315656498e-6,-3.421423114181616e-5,-0.0006235357248521333,-0.00043878157676283596,-0.000651858554842378,2.410318270947453e-8,-0.0038199986126784572,-3.5120563955673156e-7,3.1464148933057836e-9,-3.7999046610565836e-8,1.4206243811633911e-11,6.526112846653856e-7,-5.052647163768943e-10,-0.00031930898259032434,5.258350492382529e-8,-1.0924415460467034e-8,-1.8764998723110448e-6,1.5783428368667743e-10,2.0086899777217655e-10,-2.5570461225610035e-10,0.00019489678346338988,-3.090563511190931e-8,0.0014174876063512054,3.2539612833606306e-6,-8.879830738713113e-11,5.111706086112873e-5,0.000859541087359294,-1.6945072358255374e-7,0.003596610919488072,-4.926464466283244e-8,-1.976437559170819e-9,-0.0005708492799300607,9.810918215962093e-8,-2.3867126151009734e-5,4.1500782131575245e-9,8.872739690999133e-6,7.178827785435605e-11,-0.00904834776126572,5.26614580842945e-6,2.131610329600467e-7,-0.002396106813095838,1.288741832656373e-10,0.0041175564718270805,2.0728023536030837e-10,-8.74722124813834e-10,-2.8237933041277237e-11,-0.017687941579169673,-0.0009805808452266127,4.069836942985556e-5,1.5277254422218021e-6,9.173949369544594e-12,1.9684013457906552e-5,-0.01083326238450262,-3.904986189104973e-7,5.253195577270774e-9,0.06336781172404152,-2.831770008470753e-5,-3.756513253015637e-5,-2.0881105174231693e-8,-2.891366452254328e-8,0.00555487968749403,0.0007140709430996973,3.1165127604326956e-9,2.983087280095404e-8,8.929002871810932e-6,0.00480183821458693,4.468260497858261e-7,1.042673889214731e-8,5.675758226894767e-7,0.0007797516733643882,0.0012607357158062526,8.989850022155351e-11,5.516714569862899e-10,-1.5788325989335855e-8,-2.0057855194565142e-8,9.55737626747575e-9,-3.4849130503956425e-8,-0.0009880768030496032,0.0058231993985409375,9.770334656547702e-12,-2.0599633520670035e-7,0.00015161471411593138
0.0,0.0,0.0,0.0,0.0,0.0,0.0,0.0,0.0,0.0,0.0,0.0,0.0,0.0,0.0,0.0,0.0,0.0,0.0,0.0,0.0,0.0,0.0,0.0,0.0,0.0,0.0,0.0,0.0,0.0,0.0,0.0,0.0,0.0,0.0,0.0,0.0,0.0,0.0,0.0,0.0,0.0,0.0,0.0,0.0,0.0,0.0,0.0,0.0,0.0,0.0,0.0,0.0,0.0,0.0,0.0,0.0,0.0,0.0,0.0,0.0,0.0,0.0,0.0,0.0,0.0,0.0,0.0,0.0,0.0,0.0,0.0,0.0,0.0,0.0,0.0,0.0,0.0,0.0,0.0,0.0,0.0,0.0,0.0,0.0,0.0,0.0,0.0,0.0,0.0,0.0,0.0,0.0,0.0,0.0,0.0,0.0,0.0,0.0,0.0,0.0,0.0,0.0,0.0,0.0,0.0,0.0,0.0,0.0,0.0,0.0,0.0,0.0,0.0,0.0,0.0,0.0,0.0,0.0,0.0,0.0,0.0,0.0,0.0,0.0,0.0,0.0,0.0,0.0,0.0,0.0,0.0,0.0,0.0,0.0,0.0,0.0,0.0,0.0,0.0,0.0,0.0,0.0,0.0,0.0,0.0,0.0,0.0,0.0,0.0,0.0,0.0,0.0,0.0,0.0,0.0,0.0,0.0,0.0,0.0,0.0,0.0,0.0,0.0,0.0,0.0,0.0,0.0,0.0,0.0,0.0,0.0,0.0,0.0,0.0,0.0,0.0,0.0,0.0,0.0,0.0,0.0,0.0,0.0,0.0,0.0,0.0,0.0,0.0,0.0,0.0,0.0,0.0,0.0,0.0,0.0,0.0,0.0,0.0,0.0,0.0,0.0,0.0,0.0,0.0,0.0,0.0,0.0,0.0,0.0,0.0,0.0,0.0,0.0,0.0,0.0,0.0,0.0,0.0,0.0,0.0,0.0,0.0,0.0,0.14960930599538524,-6.050451662694331e-5,-5.244457984498624e-13,1.0354461805736844e-9,-4.638042052125194e-6,2.5895675989549097e-11,0.0028072453769770658,4.4895934992935887e-7,0.0012937347833900878,-2.4819803150093658e-9,4.715707597080422e-7,0.000532381896178768,4.471019888102321e-13,2.1982342420681596e-13,-5.176066060036542e-6,-4.7249490736807703e-7,-1.5910075147965316e-10,0.009023121997766255,8.189535198437712e-12,1.0400950806467904e-7,1.1278271898167978e-12,0.01559685268733183,-1.126648941831494e-10,0.004421927204026436,4.001766343252113e-9,-7.132026242268294e-6,1.0493297450290266e-11,-4.616561086683163e-10,1.4580645270382812e-12,-9.302258779233538e-7,-4.393794166752517e-11,0.001576579752765827,4.890440990110658e-10,-7.015718661343599e-10,3.0957943023540466e-6,-3.3465370367226645e-6,1.3085629481187681e-11,3.888340861499527e-8,-2.3747560068666069e-7,8.909834987720151e-7,-0.010429563250843456,-5.402612111969425e-13,-0.00999901479992943,-0.0028600294903987373,-0.00034834744942518044,-1.1355766683149828e-7,-1.9447526183090379e-10,1.1568146062644163e-12,4.3314318876983955e-8,0.0034317894202915795,-0.009896471907221328,-9.923581360907496e-8,-2.0691193333192482e-12,3.6188190637159026e-5,-1.272831946270802e-7,0.0006828020135908072,7.859542285856613e-6,1.5424134472904102e-8,-0.0002233989142787811,2.1651583326517566e-12,8.882075649300422e-9,1.4807228109025236e-6,0.005330079733693861,-6.1366461089076975e-12,-0.0179238285295113,-5.903297090066394e-11,6.360760597214092e-6,3.837555622166943e-13,-0.0003677481629899279,-0.005452434575725385,-1.5083284926452757e-10,1.7637436816982685e-7,7.599269255880162e-10,6.070890632416569e-12,1.21945470432998e-10,-0.08550388519766151,-1.9855917682889226e-13,1.7517977455739944e-12,5.19066430272076e-7,0.005840300931751701,2.7666306760847715e-9,9.796288000655939e-10,1.854289340542338e-10,6.984522789364156e-8,5.15424324181423e-5,-2.7965508124299713e-7,2.927227698642941e-11,3.118877538652759e-9,-6.934701087357892e-13,-0.0026714441293322275,1.225702678520836e-11,1.3558191189082007e-6,1.9613173030077578e-8,-0.00023988990387457698,1.1489880425561384e-5,6.364557694189915e-13,-2.911287002406178e-8,5.872656743598444e-7,4.0795407284183975e-10,-1.8436368909206976e-5,-1.280677400930481e-11,-1.3516705618116041e-8,2.7092204887901124e-5,-1.5092064297913946e-10,-0.015543614862808166,-7.348201520887598e-13,-0.0006863787609023728,-4.696541711861497e-10,2.0690179063111278e-7,-0.03875332295530698,-5.289900609298692e-10,2.1746874625340425e-12,3.460994209243226e-7,0.0006622549536242464,1.2125950321916624e-10,-0.0011760692855154365,-4.1917212862130825e-6,4.3087733356760034e-7,-2.208635969122296e-6,3.8312752467957066e-12,-0.0005113164206433805,1.6462860818005648e-6,1.5203132087750187e-12,-4.1242311941133097e-10,-6.3277162064156375e-6,-0.00743464661068331,-2.9942621145803993e-10,-7.501389028598833e-7,-2.7859854315072195e-5,0.0013362656867754715,-5.522497604121171e-6,1.3274065093810812e-8,5.434743804247104e-13,-7.627362436094581e-6,-1.1410136406676797e-6,-2.2916395617161697e-8,-0.0050446595470541745,-0.000736474664804832,9.887187732854561e-5,2.8809216477413606e-11,-5.140998264958418e-10,4.433575291193058e-11,-3.89613651190361e-12,5.023276429856393e-6,1.98171953207745e-6,0.011534619219557049,2.1529132076161546e-8,0.0004210241482655421,4.9148578484493485e-12,0.0017315483905202724,3.4906337796529346e-7,4.008304027325409e-5,-0.0018204714877339302,5.591411718734012e-5,0.01634524193112105,-1.0524222804761643e-5,-1.1180884152005349e-13,-0.029138915333981722,-0.018453142210995522,3.489350586312302e-7,-2.1709623428136268e-10,-2.643287520412935e-6,-1.382977599391119e-8,5.637259848038115e-13,3.4578990195759784e-7,2.2026613150841066e-6,-7.800846023351667e-6,7.020827010493741e-10,-5.8364581045085826e-8,6.123139499560908e-13,-8.83556902963539e-13,8.630613920319418e-8,3.780325994764193e-12,-2.20436601902731e-13,-1.2911984556207365e-5,-0.0030804204083295823,0.04203393557320101,2.0138321432042458e-13,7.536940567736204e-5,-3.1988313184805086e-14,0.014799015098505322,7.958275922735511e-11,2.1915351093347766e-7,6.037432157319577e-13,5.7429037591115124e-8,0.07375279950834815,0.002366563989353943,0.01008745068766567,-0.05879328009622408,0.01349296173151927,-6.586758050863084e-11,1.2709527612343966e-5,-0.00019172589900649065,1.419893637098504e-8,0.0003588171291427333,0.00040946733865084505,3.238041572975956e-6,2.6152365364707084e-13,1.2001366970994349e-6,-2.9382486615638363e-9,6.6822718292063045e-9,-0.00024743615141106627,3.7129876653857125e-9,-0.0002313611465815504,4.312598285406966e-12,-0.008218675101390132,-0.018856067318012006,2.1756736505687695e-5,7.1572727697011515e-12,0.0015241246432534676,-1.9475058885642445e-9,1.7640745322702304e-13,0.009769052275276292,-3.4787545454304735e-13,9.146834410825251e-10,8.50839969938923e-12,-2.4456993595427632e-5,-0.0014772993736470628,0.0039047216829589536,-3.4706794496660256e-7,7.278819905338771e-5,6.3557391889838935e-9,0.025917260848696704,-1.5071323519431e-10,0.003507668020712897,-0.00018560488734447182,-0.00037040421352416245,-2.88153931313902e-12,9.5605277319185e-13,9.86072055574802e-11,-5.358620296713976e-9,1.1717998753531173e-6,2.5087613496829687e-10,-0.004715440512894082,-1.9054109359709653e-12,1.6836380983074288e-5,-0.000135025643123988,-0.00032802214302270346,6.16933496067125e-11,0.0300679953821422,3.3553483659331466e-12,6.326968256484005e-8,1.2139170471943068e-12,0.004295588082307796,0.01137987154398855,0.003573246026994527,-4.8502306067053e-12,-0.01591729800496842,-0.009644583652653308,0.002194376801041772,7.336396491207111e-5,1.3172921508099394e-12,-9.64410399831332e-9,-2.060415766454276e-10,-0.010421990958926437,-0.0018253765079470534,-0.07276360006058631,-5.402471067967843e-9,-0.0006902037040899192,1.3225834698205046e-13,2.3158303752571775e-8,8.523398819782034e-8,-0.0008576351311004254,-3.043658970561505e-11,-1.2509809804744766e-9,0.0002565473844418979,5.979111072178504e-6,-3.62606278239576e-8,4.8864224963928e-8,3.959641538353145e-8,-3.6707197286610214e-6,-1.2932381506581309e-10,-1.0846957608177081e-11,-0.032416932257706914,1.8954150829489688e-5,9.613759000489193e-12,1.3436413430056606e-6,0.0003994421280731169,-4.346275146079609e-6,-4.708199698727251e-9,1.5124536882664616e-6,-1.3022437213209307e-10,1.5936235362116844e-9,-1.6870802187457904e-9,5.8218297476345284e-9,0.04829277130046848,-1.9785116705572157e-8,-1.990598250329407e-6,-9.156638213477275e-12,6.848164453323899e-13,8.163985458395534e-7,0.002323488644828251,-1.3937210051632913e-12,-2.4319458932986884e-11,-1.815866832579396e-11,8.389811683739678e-11,9.47988197392061e-9,0.003959083544042024,-8.456501936185724e-5,-2.6074314216894764e-9,3.968155285817491e-6,-8.980256432602517e-10,-1.2728562615111002e-11,1.6481540968614695e-12,1.302227523254316e-9,6.625913191065398e-7,8.665999076781897e-13,1.0735650536176283e-11,1.1226592853842543e-5,-0.014251180867598332,-6.343705369056269e-6,2.3153505080692825e-7,-5.915865944527547e-11,-2.102977202314859e-9,4.5374626800474934e-11,2.624059152317789e-7,-2.940534087663232e-12,-3.431861820172679e-5,-1.3376290602621785e-5,1.325463212458602e-11,-5.968679926415675e-8,-4.126523124909785e-11,-1.0692204309749372e-12,3.178762283883179e-11,-0.012915887655297505,8.665255826310436e-11,-1.0385908443528925e-6,-4.722963245822514e-7,1.0105570849190444e-11,-6.829752209828239e-13,1.1964858149341384e-9,4.699694953160886e-12,3.67579246305879e-7,0.00042214684394539873,3.67416475294949e-13,0.00029711546268926405,0.0026258524380586962,-1.0569492061995927e-12,-0.028149798557520853,1.0328577060971106e-6,-7.210845791702526e-10,1.8373622638687604e-9,-0.00017689020059537313,1.0837283393236236e-5,-1.2924947424946094e-9,5.810885410465987e-12,0.004764210604159496,-0.0012970406352855956,5.4409927154673854e-12,0.00021057653777002258,6.119198198059872e-9,2.532509139250538e-6,-8.836342914130074e-8,7.362753768039747e-7,2.786341498831858e-9,-1.5327567220496062e-12,3.911688140470654e-9,3.6594229911253985e-5,1.3034173204403962e-6,-4.4319827208796426e-10,6.12243311088975e-11,5.668796119267693e-13,0.06416148320767,0.0004456564760077645,-4.449972860322678e-13,-1.292894609115109e-12,9.401373668932136e-9,-1.0131058614237607e-13,3.821949371791212e-12,2.263366953323868e-8,-8.799862019282516e-8,4.409447481840612e-9,1.1339402415984758e-9,-0.00010788998163862241,-2.503150292372639e-7,2.459783984445514e-13,-0.01737426427652136,-3.392605709332458e-8,-1.1534631630905965e-7,-4.108176401907297e-7,1.516984247215232e-6,2.992644717144837e-12,1.3800501928275784e-13,0.004198046581666035,-0.0020150412682784684,-0.011722045680050575,-8.105469416904637e-8,3.171253842873221e-11,7.461552313165071e-11,5.192500600064439e-6,3.84045711491408e-6,0.004339735618766836,-1.0218129555873209e-5,0.00020548579901634662,-1.3016260520265536e-10,-0.002754782673054741,-1.0836757903691078e-9,-1.2388798689341944e-7,2.921992512944061e-7,9.385421884548112e-5,3.359735634845349e-9,-2.410645098564171e-10,-2.8047197961504414e-9,-0.010688697041960554,1.5122029510706846e-13,4.0790537376210025e-5,7.509635885136854e-12,-1.1978232390816745e-5,2.982691050945063e-11,1.4003706052151774e-13,-0.0002403409210727162,-4.8256107210170966e-8,-1.730104819884289e-5,-0.00010304499329149772,-6.855635909202521e-7,1.7945239678955812e-6,-1.3027643281433213e-11,0.005414457644172055,-0.0010061817140383138,1.555551719298204e-8,-7.24630096800093e-6,0.000777776997244673,7.813859618375517e-8,-5.6304219827742315e-5,-3.60139893781042e-10,8.767926071662657e-7,9.58821055529184e-12,7.23905932868765e-8,0.0015757173831535873,-3.3170347416008263e-13,0.0018230680426469246,0.07258303916469004,3.617847793507228e-7,-5.978944389737065e-13,1.1532817882979975e-11,0.00124813240456843,0.0002648494825836499,-1.3948115148455036e-9,-1.1627869739608746e-12,1.9609090921218812e-12,-7.152292786510342e-12,2.2278122239142347e-8,0.0002546621315121841,6.187523665543485e-8,-0.0003879815236685489,3.590469239146774e-14,4.491602070453374e-7,1.2409741831084288e-9,-1.0391421368911749e-8,8.508701324421052e-5,1.9747923379950826e-6,-1.447926981913656e-11,2.6958542295942578e-8,-6.776257272385331e-6,4.3569696336644616e-7,-8.003188195556185e-11,0.0036409856179272036,-2.1866446781712298e-5,6.581453533006448e-10,2.617563322137045e-8,-8.812062022562526e-8,-3.911009085177059e-9,5.056734322961191e-12,2.126966054460116e-5,-2.8034338607038096e-8,-0.012168983055229218,3.4409766464354727e-6,-3.5779062179832084e-6,-0.0001676664720917072,3.889407000359218e-9,1.031758965969016e-11,9.498206984334068e-13,-3.167778110218617e-6,-3.865795570912896e-6,-1.7052683125444645e-5,-0.016009772185188773,-6.465651890805292e-12,1.77637902694537e-7,1.3161855344791727e-12,-2.343280720699978e-9,-6.208530532978859e-10,-1.2922183401597356e-11,-0.0007312920253633984,3.718281042117245e-10,2.7365614019927656e-5,1.313809170889497e-5,0.0001913987295862407,-2.4521720383402873e-13,-0.000855036808348658,2.0398502534765355e-7,3.3585524955362e-5,-0.010482178712965732,-0.009600897402800476,1.7426016472490286e-8,6.388762854892744e-8,-1.4163216920380897e-12,3.3960304446601855e-13,5.540308335062125e-13,-1.3783601884666696e-5,8.829807423083022e-14,4.304108666187609e-6,-0.0003524409391559968,-2.0475777754257078e-5,0.0008746788649580286,2.2624848772843282e-7,0.0006274520823650481,-1.6277388622301301e-13,-1.0255554017635867e-6,-3.211304502915119e-5,4.6487213999821465e-7,0.00040811681223293974,-0.009634445454960866,0.0020028929144097025,-1.1092607992797008e-13,-6.894524638611177e-6,-1.500677245939089e-10,-2.806208419663881e-8,0.027007033933625392,-5.509807896456374e-9,3.0817233166081054e-11,2.367787001221856e-6,2.0394897911970023e-12,-5.938872918299039e-7,0.000221796114216242,-3.391603985949524e-10,-3.571224467047097e-8,4.94958572948101e-9,-0.00012151723270557913,-8.198226144606066e-8,-0.06334332975012401,2.1662727409643842e-13,4.502872833273005e-9,-6.853410718558282e-6,3.5560168247865827e-10,0.0017547727475611895,-2.8680718352410534e-11,-0.0019801150199206877,0.001357565765047712,-0.02158251500797518,1.078582744565616e-10,2.2617425590137103e-9,1.7408147632730558e-8,1.9118634861200546e-8,0.015890871554620115,4.5421036180500116e-11,-1.9729029717983614e-12,-4.1958847080387987e-7,1.592102734192829e-5,-1.6248433206776534e-12,3.571599178539708e-8,-1.040664256423773e-7,-3.488200621486232e-6,8.511421223170791e-6,8.190615159149569e-13,2.2064254042089394e-12,0.0003322477785799447,1.4103932739762768e-6,7.261967416435444e-8,1.1303361976380747e-10,1.6689497433637385e-7,-0.0002471243838401953,3.817082007538503e-8,-5.039031716634709e-10,7.855142574738074e-10,-0.010780374273083248,-6.016814292116443e-5,-4.906547642906794e-7,-1.6518064823773702e-5,-2.560141260823744e-5,5.344937715457895e-5,8.753730935464017e-12,-9.668625330579454e-15,-0.007302688927232236,3.597010444445867e-7,4.003321185680896e-13
0.0,0.0,0.0,0.0,0.0,0.0,0.0,0.0,0.0,0.0,0.0,0.0,0.0,0.0,0.0,0.0,0.0,0.0,0.0,0.0,0.0,0.0,0.0,0.0,0.0,0.0,0.0,0.0,0.0,0.0,0.0,0.0,0.0,0.0,0.0,0.0,0.0,0.0,0.0,0.0,0.0,0.0,0.0,0.0,0.0,0.0,0.0,0.0,0.0,0.0,0.0,0.0,0.0,0.0,0.0,0.0,0.0,0.0,0.0,0.0,0.0,0.0,0.0,0.0,0.0,0.0,0.0,0.0,0.0,0.0,0.0,0.0,0.0,0.0,0.0,0.0,0.0,0.0,0.0,0.0,0.0,0.0,0.0,0.0,0.0,0.0,0.0,0.0,0.0,0.0,0.0,0.0,0.0,0.0,0.0,0.0,0.0,0.0,0.0,0.0,0.0,0.0,0.0,0.0,0.0,0.0,0.0,0.0,0.0,0.0,0.0,0.0,0.0,0.0,0.0,0.0,0.0,0.0,0.0,0.0,0.0,0.0,0.0,0.0,0.0,0.0,0.0,0.0,0.0,0.0,0.0,0.0,0.0,0.0,0.0,0.0,0.0,0.0,0.0,0.0,0.0,0.0,0.0,0.0,0.0,0.0,0.0,0.0,0.0,0.0,0.0,0.0,0.0,0.0,0.0,0.0,0.0,0.0,0.0,0.0,0.0,0.0,0.0,0.0,0.0,0.0,0.0,0.0,0.0,0.0,0.0,0.0,0.0,0.0,0.0,0.0,0.0,0.0,0.0,0.0,0.0,0.0,0.0,0.0,0.0,0.0,0.0,0.0,0.0,0.0,0.0,0.0,0.0,0.0,0.0,0.0,0.0,0.0,0.0,0.0,0.0,0.0,0.0,0.0,0.0,0.0,0.0,0.0,0.0,0.0,0.0,0.0,0.0,0.0,0.0,0.0,0.0,0.0,0.0,0.0,0.0,0.0,0.0,0.0,0.0,0.14938213532849123,5.2357291148653575e-12,7.021060247682191e-10,1.0366253868131435e-6,-1.2405524479909882e-10,0.011084852158879959,1.1066811532606984e-7,0.0003995594248385766,-5.317512907122009e-8,-5.915266787810743e-7,0.00042357481951280204,-6.477091275790403e-13,7.464019992974112e-13,-9.459415154742613e-6,-3.1696201588558423e-6,6.294115558436922e-11,0.0024531733765162708,2.561479384240705e-11,4.0905881529257494e-8,6.517519557316047e-13,-0.008878827130203566,2.5080222071137204e-10,-0.0430320884577322,-2.5786809331359383e-9,1.9047464623555015e-5,1.3433446355534428e-11,4.5911243582281953e-10,2.9747417941338877e-12,8.49141589649758e-5,8.864893473138505e-11,0.00047779921758343364,1.2804740596963026e-9,1.4455935439050382e-9,-0.00018877677867483732,6.318828338686601e-6,-2.848972207464045e-11,-9.516855366088466e-9,2.50111093996119e-6,8.749537919492993e-7,-0.0009733758420581301,-1.2287650125173576e-12,0.042142471395348845,-0.004432797400402508,3.187807296432585e-5,1.9956767947014956e-7,2.266906067360323e-10,9.863538981369766e-13,-1.5578008192010726e-7,-0.003079544150552056,-0.015169828678601486,1.6764336103600004e-7,8.65749461355848e-12,-2.1767103695135683e-5,-4.0283871970351224e-8,0.0008808743386263197,-5.974864517968863e-6,4.247640189748149e-9,-0.00039988797660674526,4.1149714928002796e-12,8.114373181712653e-10,-2.696788845333552e-6,-0.004174101328549211,-2.9409872173052996e-10,0.0030706846262635143,1.754871818803105e-10,-2.2549856213858576e-5,2.9153290520924973e-12,-0.00024997516491882495,0.008525700162800708,1.7046570084527565e-9,-1.6657422073881185e-8,-1.3921310015185137e-8,-5.173970319025748e-12,1.0194108543998214e-10,0.009335754258967962,1.260842495978055e-12,-6.761196011722796e-12,9.086611034976057e-7,-0.0013788163415239685,6.623949717688648e-9,5.03759356354179e-9,2.264259434803718e-10,-4.995418942788451e-8,3.970375797966318e-5,1.2054387284201413e-5,7.417706649188337e-11,-3.7628081778938096e-10,-3.7163516273556846e-13,9.425744094316512e-5,-1.511476908932836e-11,1.1431451075552677e-6,-3.3663516809190395e-8,0.0001000983871467439,4.933999083802291e-6,-4.572837977983654e-13,3.531937897075376e-8,-7.021718906389462e-7,-3.0311764892345702e-9,-0.00011664547083328454,-4.4837126572453534e-11,-9.521041289157937e-9,-5.7705760753138426e-5,5.798791600452801e-10,0.010617045192568874,5.670924021451974e-13,0.0012501854452196567,2.9549921147877636e-9,8.812454627826741e-8,0.03928997474333205,1.2734351092163781e-9,-3.764980272956245e-11,-1.2494346165942538e-7,-0.0014857548966259616,-1.8229486874838925e-10,0.01104418696643989,-1.8080281113392004e-5,3.596184569695453e-7,3.0777583474452706e-6,1.1504697474465967e-12,-0.0011778087623897369,-7.798757783855873e-7,-1.6154168476689714e-11,5.2238512090404015e-9,-2.4691308135532116e-5,0.001559842748768178,1.4194811164488975e-9,4.7223604377246196e-7,-0.00010147081752363519,0.0009409460416621507,-1.053510971818481e-6,-1.7117037240893747e-8,-2.6599920083077648e-9,-7.246402182737392e-6,8.468104971016795e-5,1.278570966094888e-8,-0.0005302897044641503,-0.000431205904715575,-0.0002695525638121061,5.415003630191027e-10,-2.247069773478561e-9,-9.28985696416928e-11,-4.3674202306228536e-11,3.412334352430946e-5,4.3908898711396895e-7,0.013926923324294386,-1.1575624634468459e-8,0.01610240261665018,-1.4222291343403252e-10,8.777942802723048e-5,2.1194957629508175e-7,-7.730681995031752e-5,0.0036442041106762987,7.706902221269733e-5,0.010570315876902256,-4.289189523691527e-6,-7.388073174798255e-13,-0.04823155773680678,-0.008310138800572669,-1.2792384888925789e-8,-3.2571928899841945e-10,1.8393335242187636e-6,1.840327493429511e-8,7.425940019555884e-12,2.63771281837904e-7,2.6291678031564567e-6,5.577201469205841e-6,3.5569658580400606e-9,3.385283697619219e-8,5.116994233572362e-13,-5.761770151465687e-13,-6.219487605452208e-8,5.858991484566525e-12,1.6843473672205072e-12,1.1889150690306191e-5,-0.0029916570233683537,-0.008877712811160352,5.494154404317264e-13,0.00020710010818887617,4.637866635580206e-12,-0.00461705275147513,-5.49675749418488e-12,7.27464749598937e-8,7.747466993619464e-13,1.5484035219504422e-7,-0.005404552400039882,0.002597390619925509,-0.005430220575882844,-0.009321231973698479,-0.002726923341886087,-2.37302752217332e-11,0.0001442039411843705,2.216328210511751e-5,3.055621111677144e-8,0.00016406124445170786,0.0002509478121367211,5.801792800623563e-6,8.627534923695808e-13,-7.01247512290476e-8,-5.858793956275727e-9,-7.238614090063912e-8,0.0008539799541153442,-3.005160226113357e-9,-7.214872635173089e-5,5.907493677713364e-13,-0.05746566859703794,0.003721671592593444,-0.00013476043148038928,-1.166927655347108e-11,0.0014805579170819982,-1.6746128312260724e-9,-1.1145338685288089e-12,0.0030036075970301273,3.286217214667614e-12,5.4781261128455954e-9,-1.5281322817329268e-11,-7.3583698586075025e-6,-0.0022093501190064524,-0.006324561045317111,-8.496044283236473e-7,-0.005549823003436389,-1.6789229537596756e-8,0.07712458208428732,-2.0965870614891616e-10,1.1803173284541408e-5,-1.271226622161944e-5,9.301452540582037e-5,-7.433720242496801e-13,1.3760070307902257e-12,1.1027701020333246e-10,6.7551463320236765e-9,-4.7225941911682784e-6,-2.5464604111119696e-11,0.0047686001446401605,3.057690054570736e-12,4.1517435302586304e-5,-8.145795999501533e-5,-0.00010750439892764018,-2.63934152208078e-10,-0.024193887872939444,-8.599519892902094e-12,-1.185628369501086e-7,-1.614588803149264e-11,0.002224254000839174,0.00027097084102061496,0.003091254758831111,4.700074068014e-12,0.027580754351914507,0.002861296065787338,0.0030828428013581696,-3.499003618187293e-5,1.5561308095537376e-12,1.3418096380561327e-8,4.662972702250885e-10,0.002284020241034906,-0.0016888150061138084,0.0016433257967254035,-4.9272620009133065e-8,0.0002757944178360894,-6.483693419375616e-13,-5.5141264531149045e-9,-1.9214396102979274e-7,-0.0003316970913244336,1.8360545031861125e-10,1.4503799829410568e-9,-0.0002516660939897647,-0.0002112053483180154,-1.6048018597130393e-8,-1.5613849451088541e-9,-6.113060884045873e-7,-3.4331680368605432e-6,2.547240458899138e-10,1.2182477578629691e-11,0.017081121606840773,2.5566125876019025e-5,-7.424723493949374e-12,-1.9958943618841e-6,0.0007108623641268117,4.620636183668079e-6,-2.5605942040189588e-8,2.6851957202914694e-6,1.1181573358758049e-10,-5.839439796641968e-9,1.5102666721018123e-10,-1.7892637480877787e-8,-0.05347154728023474,6.62984357107278e-8,-4.294855687160007e-7,1.1428498990120034e-11,-1.5514127961812477e-12,-3.198686105516349e-8,-0.0004272648903332428,3.2097203914962393e-13,2.931217897969425e-11,-1.7466168081174058e-11,-3.5289553344648244e-10,-2.224550811177325e-8,0.0006818483910612632,-2.1535512420794926e-5,-2.4735208633669453e-9,-8.428808654685358e-6,1.1112397344675541e-9,-3.748471706243325e-11,-1.0678748291381203e-11,1.5227202105326446e-10,4.6860427436479707e-7,-3.598252704799415e-13,-5.7001028040884664e-11,-4.242949307679649e-6,-0.002436644485381854,-8.325376814721828e-6,-2.202829420510859e-8,3.268576773900151e-11,3.5853848135814505e-9,7.272092505109332e-11,1.8996913946467788e-7,3.827877188601117e-12,-7.115734150934638e-5,-8.834198221488527e-6,-1.244892569109344e-11,6.317430709827963e-7,-5.1353633407972386e-11,-1.8065515126214658e-12,-7.534527122056185e-13,-0.028692333145543928,4.2281098261808933e-10,1.1967320332505845e-6,-9.551212914796263e-7,-3.1061805937423515e-12,-1.048718669701211e-12,-4.317114284110562e-10,-3.6667454538192676e-11,-3.110275092580322e-7,-0.0022084018988086157,5.320294942333664e-13,0.00010959775829504462,-0.003938654880637408,-2.8042665310661825e-12,0.006743441495256039,-1.949493885477175e-6,-2.1140922512305078e-10,1.3567663294196137e-9,0.0004871077408902145,-2.621266810224564e-5,2.4303211292503595e-8,-5.768995976304302e-12,0.0012030525053724204,0.000408619198224785,-9.09073115117861e-12,-0.0009617510831369179,-1.895989831467319e-9,-5.207868373753157e-7,3.418515891676524e-7,4.026659484281521e-7,4.969291464625617e-9,1.1165434547951136e-10,-3.168145547539197e-9,6.442605747555044e-5,3.906478168162449e-6,5.893066019611201e-10,-4.593547998791229e-10,1.3217793553088489e-10,0.0912874871776631,0.00018390113380754608,9.839607517005945e-13,5.431742517464515e-12,-1.4471475010632322e-8,-8.018010463945646e-13,-3.998597293053981e-10,-4.155668507343399e-9,9.184248399420543e-9,4.660593090965184e-9,-2.8189803260456338e-8,-2.1593513427945434e-5,-2.0698008191561453e-7,1.004897166202944e-12,-0.011154944338179037,-1.851622657301181e-8,3.720958645769969e-7,4.4010602116751825e-6,-2.5678308685942012e-5,3.5543077648860497e-12,-1.2886574121400137e-12,-0.005332722484704813,-0.004247328827094814,-0.005586015875253924,-2.3049484361517932e-8,-9.916422328240283e-11,-2.4246766580125498e-11,1.0147114779952598e-5,-1.2044965365046875e-5,0.0007056829002927821,5.694813734717722e-6,3.8665784432624336e-5,-6.518412236610929e-11,-0.002028177288463059,-1.9239224106050262e-10,-2.0013318265574936e-7,9.54116097895035e-7,0.00027012394726884956,6.460807458168698e-10,1.5316412411231159e-9,-1.2725631917131024e-8,0.02732379895886159,-1.1038764087715825e-13,-0.00010837657232867983,7.15194446214383e-11,7.806512423608575e-5,-5.198612884325305e-11,8.778085069248801e-14,0.00032567276123671347,1.3152574289567344e-7,-8.671784315890363e-6,4.552338540998097e-6,5.684615653481358e-7,-9.098218965136404e-7,-3.6422850436992234e-11,0.0013357122861497183,0.0004496326322065518,-4.769211347790932e-8,-3.7563105319941644e-6,0.0006226839253851714,4.456148450384093e-9,-6.951995753538817e-5,1.8312805711195835e-10,-3.9050325587327295e-8,-5.396795605793537e-12,4.6068778366153e-8,-0.0023601998306099175,7.576619431544603e-12,0.000341511342369354,0.0784570756325975,3.024054241880422e-8,6.220110828082634e-12,3.219955589746893e-11,0.0003628055882875693,-5.180676567252977e-6,-3.2093854089498035e-9,2.9718460182700584e-12,1.1719163911992456e-11,6.27280457219692e-10,1.9086963660315948e-8,0.00011834358575474296,-6.757340499646175e-8,0.001118511825453019,-1.841360480369566e-12,-1.3944993172038894e-6,1.0885063884580653e-9,6.448275244478793e-9,0.002957702317061143,1.8115531600751376e-7,1.8095281703256806e-10,-1.0644990964420969e-8,8.180243176165983e-6,1.740986049530583e-6,1.0698579682861512e-10,0.00414348073581499,0.0001448111059434496,-1.0018343247237573e-12,-1.4681180139072793e-8,6.93924613482375e-8,-4.9136599823425636e-8,-1.0755468294509408e-11,-3.9096485452135345e-5,2.7105189219981733e-8,0.0980618657686773,-6.707799756592413e-5,-5.681521894194491e-6,0.0019709174106788607,4.3390602350928796e-9,-1.6951283948174092e-11,3.7623896393759283e-13,3.7803787475097456e-5,-1.1584408123207983e-5,-2.1809949266412404e-5,-0.034202495020384104,-2.2471753919431186e-11,-3.6997567582574315e-8,4.933114509476164e-12,7.908872724949141e-10,8.942712685597627e-10,-6.227935389471793e-11,5.4675947225395696e-5,2.598912326182001e-10,3.1774831462991696e-6,1.9738813103325738e-5,1.1301725375799017e-5,3.239091784842765e-12,-0.001563454446150688,-2.687713726857994e-8,-5.203908267487006e-5,0.009519105388615693,0.0065256973611216695,5.237045365317108e-9,-1.0702441379581471e-7,-3.289917279125362e-13,1.111105360165962e-12,7.12550864611076e-13,2.4157551253011567e-5,-2.76410777672418e-12,-4.328623812211152e-6,-8.312202229035005e-5,-0.00016160549110356162,-6.709311800244674e-5,-1.1265278773020813e-6,5.745965783459542e-5,8.249730439599344e-13,5.363857292790348e-6,-1.6207664484107185e-5,3.148173617317779e-7,-3.031336481213472e-5,0.0040314009009205076,-0.0007117070797329274,7.46956016609832e-13,2.880615001329424e-5,9.408347609774887e-10,-8.259245732842515e-8,-0.03159498135303034,1.326594622991518e-9,1.0629130292374838e-11,-9.956644244268919e-7,-2.3970544947321604e-12,-5.2412541037738054e-6,-0.0006065550009437414,6.933114549097e-10,-1.1669260360923046e-7,1.0819530673525765e-8,-0.00018241376734664654,1.4679415148183787e-8,0.007832923964064613,-2.155757779726764e-11,-9.09967173187497e-9,1.0605973333027664e-5,6.676405282066583e-10,0.0010628774537810328,1.2216300287675027e-10,-0.0006509630542023296,0.0005481974713895349,-0.038888397561081874,-5.925507823966164e-11,-1.2537610906994926e-9,-6.189237056862522e-8,-2.3077871782586805e-8,0.003663563587939003,3.284214842464049e-10,1.4870722599518361e-12,1.196370760059385e-7,9.99609537967393e-5,-1.297038026742179e-11,-6.079799905812251e-8,-3.154443148294101e-8,-1.8147780563560667e-5,-4.5042840868120704e-5,5.518551797362368e-12,1.1381717686539756e-12,0.0003760934025324169,1.8583368665313363e-5,-2.3856143587200087e-9,-4.752629285938002e-10,-1.4931116606525296e-7,8.149317391571526e-5,-2.5053071183820834e-9,8.336230570061932e-11,7.943295215092456e-10,0.0023055001516686176,2.425800518900571e-5,-7.728140861610789e-7,-1.52611119107417e-5,-4.950486537423057e-6,-2.2000946519620453e-5,-2.5257751130156297e-11,-1.0628174053216322e-12,0.015735013886448698,6.000379756900244e-7,-1.4101638529318845e-13
0.0,0.0,0.0,0.0,0.0,0.0,0.0,0.0,0.0,0.0,0.0,0.0,0.0,0.0,0.0,0.0,0.0,0.0,0.0,0.0,0.0,0.0,0.0,0.0,0.0,0.0,0.0,0.0,0.0,0.0,0.0,0.0,0.0,0.0,0.0,0.0,0.0,0.0,0.0,0.0,0.0,0.0,0.0,0.0,0.0,0.0,0.0,0.0,0.0,0.0,0.0,0.0,0.0,0.0,0.0,0.0,0.0,0.0,0.0,0.0,0.0,0.0,0.0,0.0,0.0,0.0,0.0,0.0,0.0,0.0,0.0,0.0,0.0,0.0,0.0,0.0,0.0,0.0,0.0,0.0,0.0,0.0,0.0,0.0,0.0,0.0,0.0,0.0,0.0,0.0,0.0,0.0,0.0,0.0,0.0,0.0,0.0,0.0,0.0,0.0,0.0,0.0,0.0,0.0,0.0,0.0,0.0,0.0,0.0,0.0,0.0,0.0,0.0,0.0,0.0,0.0,0.0,0.0,0.0,0.0,0.0,0.0,0.0,0.0,0.0,0.0,0.0,0.0,0.0,0.0,0.0,0.0,0.0,0.0,0.0,0.0,0.0,0.0,0.0,0.0,0.0,0.0,0.0,0.0,0.0,0.0,0.0,0.0,0.0,0.0,0.0,0.0,0.0,0.0,0.0,0.0,0.0,0.0,0.0,0.0,0.0,0.0,0.0,0.0,0.0,0.0,0.0,0.0,0.0,0.0,0.0,0.0,0.0,0.0,0.0,0.0,0.0,0.0,0.0,0.0,0.0,0.0,0.0,0.0,0.0,0.0,0.0,0.0,0.0,0.0,0.0,0.0,0.0,0.0,0.0,0.0,0.0,0.0,0.0,0.0,0.0,0.0,0.0,0.0,0.0,0.0,0.0,0.0,0.0,0.0,0.0,0.0,0.0,0.0,0.0,0.0,0.0,0.0,0.0,0.0,0.0,0.0,0.0,0.0,0.0,0.0,0.14854971020108504,7.464109835647671e-5,-1.122312520132551e-8,-8.987975664451318e-5,2.2846278532749642e-11,3.2304264815708923e-7,4.498320546150781e-10,-9.950993262703443e-6,6.38158639967942e-8,2.841574233869595e-10,-0.001306201734905531,-0.03245951072891962,-1.660020836610285e-9,-1.1725139562530471e-7,0.000614340556341207,-9.374486535537644e-12,0.016210545205396328,4.994554732957323e-7,0.006924343898543892,4.82126331708795e-12,0.0005243162963102483,-1.5381980645669775e-11,3.441442431481642e-5,2.0929526960384948e-8,-0.0024078708910070744,0.00019622548768020743,0.04640689250801121,-7.362429158016721e-10,0.001487641646906958,3.0584051824440317e-11,0.0001867642949864192,0.00048142033891701894,-2.304385884612394e-9,3.691507021772495e-8,-0.003537197782625252,5.312195431735106e-6,1.7485122967450628e-7,-1.0669858514421642e-7,1.1191400556136126e-11,-0.0021893075795785723,-2.794691419907178e-12,-2.320652004848023e-11,5.664708115431423e-10,8.437401285129005e-7,-0.001634417787266986,0.010208249747648251,-3.149805724379322e-6,2.7970485895760652e-11,6.212238886780254e-12,1.3074737426745722e-6,-0.020778181917248735,-2.5458796766717306e-9,4.055339616733757e-7,2.4795723533147862e-11,-5.729573808301118e-9,-5.430082366083037e-6,-8.146615864706323e-10,7.0672519029863e-5,3.491970374882921e-5,5.476135287526662e-8,-1.323744941070578e-10,-6.0256814544954354e-5,-5.618036375127115e-13,-0.0025288676198443245,-7.0632797437757975e-9,0.04735248810312428,-9.44187745538261e-10,-3.6493949403116145e-11,4.3942983192409534e-5,-9.142429389666105e-7,1.2197158063088722e-5,0.031068725437031545,0.0009630773849412256,4.838375597439045e-13,0.0340527232755132,0.003905007253748216,-2.3778860890900357e-7,-2.3936045913124795e-12,3.307768659100445e-7,-5.7366098212755485e-6,0.00041101077580059977,-5.684959451343765e-7,5.237605514235103e-9,-7.832024272552033e-9,-0.002204984197672999,8.297156409138489e-5,-0.0019289703553314714,-5.965324825740951e-12,0.0010902126960411268,-5.530050401871438e-8,-1.4423406296723866e-5,1.8364171505668895e-10,4.950718769989701e-9,-0.0061767600299951495,7.094069863390684e-7,-2.0469879627982625e-8,-3.940616511321785e-5,-5.399276508942699e-10,0.0033687055865729417,-3.69843221824851e-7,-7.226741962089581e-9,-0.0005444203354394164,2.6067888597005105e-11,-0.005819374454876457,9.504869168887332e-11,3.00281574627658e-6,2.3572895524114594e-7,5.188400123071878e-13,0.00017049245506332248,-0.014087564180288292,-3.3485538756556556e-7,-5.765864101664345e-10,0.0002909896874518577,4.655704735883911e-12,6.000241901680389e-9,1.0499360833707125e-6,-7.904896911472928e-8,-0.00022912931714785042,-1.3266251599680599e-10,-5.119659215094996e-8,-0.04554166410265329,-2.6350702357872024e-5,-5.777062306674665e-9,-4.145677336405825e-12,-0.00034264677818410396,-5.615682570831447e-8,-1.1315138695204832e-10,8.461996605619165e-11,-1.122286843555181e-8,-2.9743169501729175e-6,-7.934065954362411e-5,-5.826013579015029e-8,2.4818547247910884e-9,-6.497992213699746e-7,-1.701402823689605e-12,-4.127410312099973e-10,-1.239356665698569e-11,3.6956473358290224e-5,2.7139242348451666e-5,0.000352812260420934,-0.003336086982749138,2.8481336359415705e-9,-1.3705719004272528e-7,7.069188442781795e-12,6.186267701848992e-6,3.296807591861982e-11,-0.0011917959307652846,1.3215147278170907e-10,1.8185532618029942e-6,-6.336705559528285e-10,2.0865251970159811e-10,-2.2316439268391298e-9,-7.025765622130822e-13,1.639051102254067e-9,0.018203432833474895,-2.059300526648485e-12,1.9115670668557235e-12,-4.887788571915399e-7,-0.00014107686839762615,1.6308760580923985e-8,-2.582194435261567e-6,0.06827370465026762,-2.5631604925129834e-7,9.852450853942824e-8,-2.2855572860453945e-9,1.2088164264814712e-6,1.8569976610135596e-6,0.006813862042468968,0.07153786034739112,-2.1635851896712516e-7,0.016260521602365165,0.02862126595347365,2.9816907085163756e-10,-5.4232824792749806e-11,-9.653360854918355e-12,0.0011668523552646201,-1.0051290171313943e-9,0.07711363764044958,5.4369725317398295e-12,0.00025276394443281925,3.0135242760568764e-7,-0.0031268331194993088,8.004159469703769e-7,4.373328158772456e-12,5.18336620413925e-12,5.800925723307076e-13,3.233279607314511e-12,2.819586515447263e-12,0.000921172981614304,-5.8480910202567e-10,-4.789009500312834e-10,6.003613458559091e-6,-5.303956560528924e-10,1.802849836748957e-11,3.096729659235962e-9,-0.0017850777726022221,-2.2399987210006977e-9,-3.885362692727404e-6,7.240492043240941e-7,-3.311935727655461e-11,-0.0001227763154252433,1.0040744810713272e-9,-0.011427050835592551,-5.733413896371153e-12,-1.0987499915301134e-11,-5.168646450476131e-10,0.03408436985734601,2.0976220849567104e-10,-3.523627262196789e-5,0.0018657852693737906,-3.1485993127779167e-12,0.004385035982417875,-3.0420377096787478e-5,-0.007144088481107715,-1.4290157822333941e-8,-5.006565401809373e-11,-1.1006941180176031e-10,1.377677435288712e-7,4.669125494602764e-12,-3.784163391462773e-6,-1.3134433220051827e-12,-0.00044978070736028704,1.4752786640719517e-11,9.707882542213185e-10,2.5188263246703355e-10,0.010493735992890841,0.03202107822520222,-0.00014153211426890091,-1.4116739209542286e-6,7.711782310028557e-9,2.628455739586866e-5,4.34582671816602e-11,0.007137728674649502,3.889161940212213e-9,8.941288865806757e-10,4.6292919212374924e-10,6.212729517462752e-5,5.466860240969435e-12,0.002952397788078063,-1.4581193846032608e-6,0.007668255926316287,7.126206918558562e-11,2.1221863448191414e-12,-2.05597287557497e-11,-0.01988684963056326,1.982759433445929e-11,-1.871718553368354e-11,1.8136290972120646e-11,6.368684063285077e-11,0.013274272410906772,2.255728281776038e-7,-4.246570740154605e-5,3.394695220984161e-11,-5.9208143823921e-11,1.6959884208507482e-12,-1.6055388289357278e-6,-1.898523726863072e-12,-0.004031222664805245,2.483842368793504e-6,-1.3215939663191532e-7,1.6864124544724644e-11,-0.00012515395033113464,0.00016835726214096147,3.549497281362566e-10,3.369309035402445e-10,-2.3537114463852336e-7,-7.750662231571585e-7,-6.940007837575952e-8,-2.039364181130164e-8,0.0005388280545804595,-0.005682200959905085,-9.475905039606473e-12,4.879344917472002e-10,0.01859692244026226,1.786801575773209e-7,1.729551171213321e-10,-7.84588417445104e-9,2.7423319206485744e-7,-1.1925602880300397e-8,-0.0026190927174091303,1.7740624506798274e-5,-7.523715991460556e-6,-1.2742473855822276e-5,9.450352513569341e-13,2.1115706285458416e-6,-2.485673498965129e-8,-0.006447625828821118,0.01176450477846787,-3.663787271968185e-7,3.28867694593571e-11,0.00766979168968266,-0.003460659155473509,-0.000852854463074635,-0.0003802429410948813,-1.397602531603753e-5,1.7111096894640357e-11,-4.1278658601310797e-11,2.1845925657139203e-6,3.876637400226971e-8,4.8483936333417074e-5,-0.001628977968836449,-0.004407642532616155,7.846858521851369e-5,-8.551054045428131e-8,-0.0016512778660077397,-0.004211360195947127,1.4723715772595214e-8,1.2558519380538712e-12,-3.7125583730159595e-9,5.23914826472241e-7,-0.0013119637196343683,-3.953784685287051e-6,0.0028660788909509165,-8.072483297253835e-8,-0.0526288281716908,-5.256076786909815e-9,-4.594695344208024e-9,-0.002891074969667464,1.276758467282277e-7,-0.0003986842238176807,-0.008741855846859246,0.0011006370134673635,1.6272015459375132e-13,-6.402099926890998e-6,6.514440367146641e-8,-5.563438385070145e-8,0.00990909335021067,0.009279350187375591,0.00015503887392297725,-0.009841780873266141,5.7314690258336454e-8,3.2215763653995362e-12,0.017058172472936495,-2.424334401609224e-11,-1.1960718240341185e-10,0.057796011644791485,-3.1107409310208638e-12,8.427529393856061e-8,2.7273360710101173e-5,3.428942422345825e-5,-5.6065951963695895e-12,1.2654430931294369e-9,-7.078958087279245e-8,-0.003015966422541351,-1.9987142331013715e-12,1.997725703652969e-10,-0.006150719327977797,-7.304688211375792e-10,5.06532241217569e-5,8.514215193026494e-9,-4.637771735461252e-8,-1.4169079999048603e-8,8.148392636565393e-6,0.0011634384408031027,1.933945942613362e-5,2.4070902197381787e-9,-2.2949535152762583e-10,-4.995706376977649e-5,-6.274457441959795e-5,0.0007020029951794592,-4.1510690747371706e-14,-8.872645073060838e-11,-0.00044081924132406827,0.007063788704649636,-5.261866672975008e-6,-0.005497291208407098,-8.799814503841008e-5,-2.505162889476967e-6,5.25936931137792e-7,1.3486286521037762e-5,-3.2980625273185085e-6,-3.925208571067419e-11,-4.1032635184006506e-8,-0.04489495817095023,-9.093398518373679e-13,-6.930447196879515e-8,5.5041451368473e-8,-1.6122687549946481e-9,-1.865577149756082e-9,0.004645420571388424,0.004421364316162953,3.1554312919692907e-12,9.03692724817044e-13,1.820600095836342e-12,-1.1915408716185791e-6,9.842898120450395e-5,0.0005908800933564541,7.560604134575092e-10,1.547234594310471e-8,7.188405251747955e-13,1.054262073786746e-9,-3.3586219622040943e-10,0.00023244962788728673,-4.957805969705216e-12,2.5752769629910214e-5,-4.050828421915708e-8,-3.133658150953424e-7,2.9594402917852903e-10,-1.3158751595272237e-5,-0.00013276032170703967,-1.5604025810029859e-6,1.8054366813920106e-12,-0.0046598659583454724,-2.6072470214426815e-10,-0.0041783152958523905,-9.968862206526209e-10,9.676460851177124e-5,0.0023494724576986724,-6.908352604195642e-10,1.917517154946621e-6,-7.788861831822086e-10,-1.1677412832125948e-10,2.8822678928017896e-8,-5.490975416012932e-8,0.00120114832805214,4.470395724980271e-12,-2.871427263894826e-11,-1.1589915400021084e-5,-6.7632195852259045e-9,2.1653348454982212e-11,-6.060670515109003e-7,-2.701131971019751e-9,5.195872725159258e-5,-8.320420784335549e-8,0.006191875890827099,5.520338996826246e-7,-1.7493042321835553e-11,0.06039787914383064,2.7517065452411127e-10,2.2392990328291512e-13,-1.8988337452960848e-7,0.025278221405118446,-0.0015130745292301535,1.0155738472542267e-10,-1.7809494374696402e-10,-3.6371434435763976e-5,0.013726985719634611,0.01585512725901145,-1.0540793651687307e-5,9.527207681477993e-7,-6.630425328247369e-12,-3.49770348219847e-7,1.4092535311298134e-10,-0.002902122713283943,-1.6791103961563734e-8,-9.927526216983696e-5,-1.0030641562981227e-5,2.8297354676676023e-12,-9.087968207453375e-8,0.0004815845855312089,6.560511190279806e-6,1.9695115386012474e-8,8.32969047631647e-8,0.00029238495027134964,6.305655835415389e-11,1.6649797882472497e-10,3.15208690212117e-5,-5.545780065112562e-7,1.0316844742489762e-6,-3.773149616725964e-6,-0.019067768448326278,-8.498496365449856e-10,2.768931198030003e-6,7.20683686072431e-13,4.0198719591440424e-11,-2.0922768306863887e-8,5.759598771363578e-11,1.524225842274291e-5,0.024201096389209333,0.017370631134380837,2.871649345159214e-9,-7.369005024375993e-10,-8.036370918652409e-10,1.734537771785637e-12,0.001662610561434347,-3.156234114716258e-8,0.04174958440228812,-2.3148106242914815e-5,0.0002306413702149833,-0.005346708027491241,2.2056342490605218e-10,5.4571109914368036e-5,7.105427970933514e-9,3.2605119392030397e-10,3.1030048425348614e-10,0.10182239764707524,-3.0802250089587776e-11,-1.9198280883189308e-7,-2.07525112620275e-9,2.5309795164329037e-11,1.8887738827371024e-11,-4.438988404371215e-6,-2.5471817255743303e-6,0.001772495778054469,0.02738024686848916,-0.0030025234073686115,1.6426572384864157e-9,0.0028127709805864667,-1.3179794215076091e-8,3.5897322668588906e-10,-2.0991480496994013e-9,-4.027534530633576e-12,1.6814584517254194e-8,2.9296845122978104e-10,0.019046654636551648,-2.21835552586618e-9,-1.4763734745249682e-9,-1.2140683384908118e-7,3.0693335832607647e-12,-1.3872015074424076e-11,-5.7601684412860335e-11,-0.0018621728735579344,-3.0255033202386998e-9,8.245751220288556e-5,-2.5775098079654115e-7,-6.792549043692166e-12,2.574201535810405e-6,0.00022390440797653507,-4.710125542928024e-8,0.0035507434071450285,3.964158749350429e-9,-2.799602094250807e-10,-0.00013100774127991068,-1.085167413746488e-6,-3.264653777879802e-6,9.63282556251071e-10,5.815182964401008e-7,-9.762183236838586e-13,-0.0014108875210202933,-1.0327554394682395e-6,4.521795637799832e-9,-1.6746969068485696e-5,2.3354511735532806e-11,-0.004707176812986485,-1.2481449372130095e-12,5.972680793007942e-11,5.366704594906465e-13,0.0015548194401270798,-4.182694082437514e-5,-2.0576821777720907e-6,-1.7450841920809148e-6,-1.7266004645885704e-13,0.00033467470555328753,0.008055978255279171,4.863612550237007e-8,6.669026083358739e-10,0.0018147724635090739,-1.8465719391210706e-6,8.81863509775095e-7,-9.491732010466277e-9,-4.0700192665731605e-9,-0.0019094210163974452,-0.0001472138038642591,-7.533527732947473e-12,-2.824266467752331e-10,-6.195609398160078e-7,-6.3856944628924315e-6,-7.161040545038018e-9,4.0818708725142557e-10,4.1499461325948875e-7,2.0722344209252656e-5,0.00012035613408426081,-9.118949014963546e-12,6.924186716600176e-11,4.493290490793184e-9,-3.8964435908233374e-9,-1.873932439239659e-9,-2.6319080264718972e-9,0.01629505826284851,0.0011641570063804854,-1.06296609921067e-11,-8.318799164015202e-8,-0.0005612771993782036
0.0,0.0,0.0,0.0,0.0,0.0,0.0,0.0,0.0,0.0,0.0,0.0,0.0,0.0,0.0,0.0,0.0,0.0,0.0,0.0,0.0,0.0,0.0,0.0,0.0,0.0,0.0,0.0,0.0,0.0,0.0,0.0,0.0,0.0,0.0,0.0,0.0,0.0,0.0,0.0,0.0,0.0,0.0,0.0,0.0,0.0,0.0,0.0,0.0,0.0,0.0,0.0,0.0,0.0,0.0,0.0,0.0,0.0,0.0,0.0,0.0,0.0,0.0,0.0,0.0,0.0,0.0,0.0,0.0,0.0,0.0,0.0,0.0,0.0,0.0,0.0,0.0,0.0,0.0,0.0,0.0,0.0,0.0,0.0,0.0,0.0,0.0,0.0,0.0,0.0,0.0,0.0,0.0,0.0,0.0,0.0,0.0,0.0,0.0,0.0,0.0,0.0,0.0,0.0,0.0,0.0,0.0,0.0,0.0,0.0,0.0,0.0,0.0,0.0,0.0,0.0,0.0,0.0,0.0,0.0,0.0,0.0,0.0,0.0,0.0,0.0,0.0,0.0,0.0,0.0,0.0,0.0,0.0,0.0,0.0,0.0,0.0,0.0,0.0,0.0,0.0,0.0,0.0,0.0,0.0,0.0,0.0,0.0,0.0,0.0,0.0,0.0,0.0,0.0,0.0,0.0,0.0,0.0,0.0,0.0,0.0,0.0,0.0,0.0,0.0,0.0,0.0,0.0,0.0,0.0,0.0,0.0,0.0,0.0,0.0,0.0,0.0,0.0,0.0,0.0,0.0,0.0,0.0,0.0,0.0,0.0,0.0,0.0,0.0,0.0,0.0,0.0,0.0,0.0,0.0,0.0,0.0,0.0,0.0,0.0,0.0,0.0,0.0,0.0,0.0,0.0,0.0,0.0,0.0,0.0,0.0,0.0,0.0,0.0,0.0,0.0,0.0,0.0,0.0,0.0,0.0,0.0,0.0,0.0,0.0,0.0,0.0,0.1466227064152785,2.2224337762575597e-6,-0.006553780297148139,-5.3045499167891805e-9,-0.00011091378156736194,3.5927356208017087e-8,-0.004996119977930545,-2.7821867911689407e-5,-1.3356478485909659e-8,-2.0416519071683926e-5,-0.00010677817455513939,-6.713779762017559e-6,1.7705630801200775e-5,-0.019729008653809246,9.443876494411512e-9,0.0014600891283505543,0.0006699094755122939,9.615754994301874e-5,-2.604823156683673e-9,-0.003957859841785422,6.420158311246171e-10,0.01431010689427888,-2.365145048480742e-6,-0.00019766150766715342,-0.0022616939550899476,1.0671329976356398e-5,-9.70399300442762e-7,-0.001892681751644049,1.0438684591532947e-8,-0.007323559488212017,-0.02213981796120467,-1.1552647894208902e-7,1.387313748979051e-7,0.0041375936134319035,-0.0005359211369010118,2.782700765390628e-6,6.0734836017989494e-5,7.27836121790787e-10,-7.450603591119209e-5,6.732501662442733e-10,-2.5958264279303183e-8,-2.4955419705168033e-8,0.00013259435871171965,-0.024750941782589703,-1.2145891489709661e-5,-0.0010504757025051894,-1.4906451647398077e-8,-2.0870030831776563e-10,0.0003497944531476507,-0.00010750378711918395,-7.867681876239891e-8,-0.00022092056717368247,8.97292224677831e-8,-3.0140663976456175e-6,0.004270051616271769,-3.836113672501233e-8,0.00011110294321232658,-0.0007093809749920294,-1.0278877800150481e-5,8.976286806307963e-9,0.042197562894164826,9.318680656459197e-10,-0.010838366310931788,-1.3558871918822461e-7,0.0003511410237667492,-3.821408889807634e-8,-8.57483560057661e-9,0.02650621405876566,8.726569359204495e-5,-0.009509791046465703,0.0010175180684498738,0.02177779282610621,4.5471269141675444e-10,-8.791521457336262e-5,0.0005048712847369887,1.4394866457508726e-5,-5.157000859972419e-10,-0.001302629666825483,-0.0014116006814044331,-0.01841528727533602,6.653459687366858e-5,-9.93865333035992e-8,3.3552311227419294e-6,0.010629140937361023,0.003225648372678677,5.3524251864121726e-5,7.389716429657669e-10,0.002411195421759082,2.7858580613486827e-5,0.0023946339948762332,-3.8165057092948306e-8,8.560934982244241e-8,-5.476713879848936e-5,0.00126203121419055,3.247811095353656e-5,-0.0112875784820759,7.165308242203175e-8,-0.0019995732199520975,-0.0008102781053805963,1.38921135404339e-6,-0.025420540796231284,-3.559992379162245e-9,-4.290076218980611e-5,-8.881154315919853e-9,2.507473863053616e-5,0.00014951565595473093,-1.0350520570419063e-10,0.004720769391680143,2.8350204625561078e-5,3.6173413440391834e-5,5.727040315725167e-9,-0.013404582120820777,-1.7882870457157732e-9,-2.1990207429148444e-6,-1.4811063505141215e-5,-7.44738849050534e-7,0.0005624069320853886,-4.202567527336915e-9,3.990639957196043e-6,-0.0007317227470946441,0.014441618638297307,-2.791559954716276e-8,1.4322261858435627e-9,0.04517042120640679,-4.56325090730014e-6,-5.495301772645232e-7,4.6345034763839285e-9,9.815250527170227e-6,-0.00028684941626290375,0.0023127277311076632,2.2847860201266047e-7,-5.999164817050694e-8,0.0001244538619238028,-5.601800409677157e-9,-1.0452714849070932e-7,-5.275293024241643e-8,0.005101720076227675,-0.026076521491678537,7.607716615957531e-5,-0.0014595454309509204,2.1171685706174815e-6,3.7592310592143376e-5,-5.023641648181021e-10,8.710929194970151e-5,1.935319441005029e-10,-0.00797540437738826,1.3439775717184723e-8,3.1925114427565984e-5,1.8064615339114794e-7,-3.118201689714709e-8,-3.011584645133458e-7,1.7101688075186016e-9,-3.5702624526850117e-6,3.177830268528316e-5,-3.937175868039132e-10,-1.4369823321858247e-9,0.00013015997450450378,-0.004352362380716145,-7.262415086428948e-7,5.2587503357620394e-6,0.00025709075654959225,5.090347640641476e-5,6.460393606308604e-6,4.763327373129023e-6,0.0021752786007578524,-0.00037286051361291644,4.4451901256824553e-5,-0.0004349212428509215,-9.539494604858278e-6,-0.000375569665572178,-0.00017935744314099208,-8.278214859908733e-8,-4.696656456757758e-8,4.3185116340819775e-10,2.0280660217003168e-5,-1.2333902188688732e-7,-0.0001119056975523485,-2.7337722617817494e-9,-0.017134685117812756,-0.00012060971771526321,-1.6309315756668034e-5,1.6303245142335352e-5,-4.745588566850674e-11,-4.914382639417264e-10,-1.6286922925208217e-9,-1.1434573396223724e-9,-2.256685799220017e-9,0.001740677694299847,-6.865521001472336e-7,5.342210892811087e-8,-0.00043712071245042476,4.927075185792065e-8,2.386164418581285e-8,-4.426480523816349e-6,1.168302508796122e-5,4.44601420662223e-6,-0.003018066308698054,-0.0011404876025622019,2.1705061176412655e-8,0.023864865627535644,-1.0265596347576336e-7,0.0030515755660120935,-4.7021534815434166e-11,5.544018813532583e-9,-1.9144682423956048e-7,0.00043619581730626586,7.816003984063813e-8,0.006755424463011091,4.557264471189334e-5,1.0649607486088206e-9,0.0001536531443169215,0.023025528045472518,-0.0005073513014367009,4.687589352985335e-7,1.8093475273938162e-9,1.172948408790059e-8,-5.924286366164483e-5,-4.049358072019873e-10,-0.0021646278027659237,3.0959282933189703e-10,-0.024318465358640757,1.0769734360479158e-9,-5.6601448925975745e-8,-6.4356517222971e-8,-0.00017932797119815086,-9.141698977338244e-5,0.007956954499274128,4.6744014398284484e-5,-9.20612238429069e-7,-0.0076068628088784285,-6.10144704852753e-11,-0.000186503544809099,1.420125772266297e-6,-6.593191783083287e-8,-5.7782210246987166e-8,-0.025751990909539568,-6.986985823468881e-10,0.0005359721661062543,-4.936503687364641e-5,-0.0007554032873203214,-1.7578573945749773e-9,4.0672854528547495e-10,4.268631604264713e-9,-0.00044489841192286474,-4.1775655452367564e-9,-6.344413757781812e-10,4.9422439856352995e-9,1.8230839333010566e-9,0.00026689127674062613,0.003742639080159131,-0.030039413342030356,-6.526429067630136e-9,-1.0735302075560815e-8,4.083652477559077e-10,-0.0025548775420895634,-8.339284319075365e-9,-3.996782722121154e-5,0.0008096373505027949,-0.0001495932833618812,2.0927905198315567e-9,-0.01200005451858258,-0.019567512047374093,-6.638304031876426e-8,-5.45304699360958e-8,-0.0006084106868072522,0.0004361391944713691,-1.431800843231055e-5,5.214421886647065e-6,-0.03397743777716649,-0.002565367469448641,-2.231205668999603e-11,1.2417198032949062e-7,0.0011924295650736821,5.709607511264831e-6,1.0635500065622005e-7,-1.0611784267209849e-5,-0.0039058529520492567,1.3083345124294359e-5,-0.00665821302346339,-0.005086288030648365,-0.014090435333537009,0.0045848001342783575,5.89612638331224e-11,-0.0008940366752404808,4.23415889387374e-9,-0.0008489722630463235,4.943324195383432e-5,5.650330355809854e-5,-1.3864764882539704e-8,-0.000103368374206076,-0.0038987720487256307,0.0005644967833461998,-0.013778648758232209,-0.0034483903653487703,7.162458265370525e-10,5.264935625793425e-8,-0.0039061706302288357,-5.954702356897918e-6,0.001350874051606293,-0.0019442487861857703,-0.0004804158439171764,0.0781677205944821,2.4917313183456144e-5,1.716473798949705e-5,-0.001895834403039765,-3.750369206570077e-7,8.663996048027574e-10,-1.4757135504770478e-5,-0.00011889408728055308,-0.0025603359798216808,0.0059425806736246025,-0.003852270388871202,2.8777466258945474e-5,-0.0002760978439989911,4.47140366620346e-7,2.9344922193163894e-7,0.002134136507933622,3.65992118111721e-5,0.01110103076071725,6.147622207157942e-5,0.008558071189255684,-1.0011174640287114e-9,0.008842267895992545,-4.700277078974123e-6,-1.0522817860205614e-5,0.001197164221019195,-2.867653056846392e-7,0.0043583066705974146,-0.00017377831044668358,1.4164719565009701e-5,-6.7002905763988766e-9,-1.8025436667291108e-6,4.7315914487798873e-8,1.3928810319844777e-8,2.944879109176164e-5,3.0542023132302646e-9,-1.1315347624082071e-5,-0.021614324787031004,0.0027818224036314752,1.8214405763705583e-9,1.5515444187979701e-6,-0.0009754518042273541,-2.6631907894670034e-5,-2.309803018545124e-9,-2.9354095719276877e-8,-0.0002111553192162481,3.8408150078242336e-8,0.0027892235048622743,2.6533716338976464e-7,1.1805606640778508e-5,8.614368194632599e-5,0.005591319064214458,0.00998079932572099,0.021571608074062994,-1.967751084577802e-7,-1.391808331844406e-6,0.014573295100417919,-0.00592075607537494,0.000779928821187018,6.278572538624462e-10,4.129127236221005e-8,1.0595052122623774e-5,0.00011391899097576219,0.00018649853736890944,-3.4391533918731916e-5,-0.010159307085381587,0.002900508922966894,-0.00016650805937993673,0.004886330935391598,-0.005293786461630119,6.729127109756446e-8,-0.0001364271043071713,-0.00012526455930799972,-2.2923983057004117e-10,-0.0004551485587970137,1.3101287647808667e-5,-2.389314550531549e-6,-7.683752182988311e-7,0.000373834300291163,-1.4165999712114551e-5,-1.685071808313224e-9,-7.440413417385854e-9,-1.444720569354593e-10,-0.00040562716285566324,-0.00869203805806297,-0.0011652301134015388,-1.583706726810722e-7,-7.4355787997629305e-6,-5.070035479097829e-10,-4.339681427187542e-6,1.1840792571959093e-7,-0.02624065366725921,8.080580314792219e-10,0.010449673149612173,8.20557168276879e-6,4.2038215822820186e-5,-8.672153692177268e-8,0.0044183309761095385,0.038435594148881744,-0.00011116271824049309,1.1656706428078457e-9,2.364492242221419e-5,-1.3322142649571064e-7,-0.0023515536788355127,1.313928075136281e-7,-0.0010696804712857413,2.315807862911088e-5,-2.631320883314241e-8,0.00025814671430547307,-6.018381582886095e-7,-1.5006930108775584e-7,3.83709127349054e-7,1.3789717825535933e-5,-0.0019715773853404292,6.62465198494241e-9,-3.942280343315395e-9,0.0027122380183868004,9.215419428260366e-7,2.776314788922137e-8,4.419155901265922e-5,3.875188616635807e-7,-0.006598522774763468,2.9635583459174882e-5,8.700932150607657e-5,0.00024219369824050857,1.5232948369205003e-9,6.199636735571645e-5,1.2906583106597348e-8,2.125611304822147e-10,4.936488492990698e-5,0.000322641167582534,0.0051181402669807675,-2.715600888641792e-9,-2.942699931234633e-9,-0.014614431158598357,-0.0003231776936867202,0.0014661251689120742,-0.0032053904529714796,0.0001829666833376311,5.165256848949448e-10,-3.058025536051288e-5,-3.8563018125229723e-8,1.3078797916649074e-6,-9.909124611759755e-6,0.021450093460108975,0.0017746524443988114,-1.2579288759961549e-8,3.563989284964019e-5,0.008945488687987667,9.750485313514458e-6,-2.3262305291198657e-6,-2.4695314808951127e-6,-0.014365320962576335,4.236554533898116e-9,4.137582852883194e-8,0.020605320963523664,0.0010073304325421654,-0.00017888132825133354,-0.003515042028691812,0.00046677048336380133,5.446873174919096e-7,-0.0005716073553954771,2.956479468588104e-11,4.266198751741151e-9,-8.496062439386371e-7,-8.067979950821193e-9,0.003650702020509071,0.0010987389473084365,0.0002144875386732076,-1.394072329564973e-7,-2.002213356579243e-6,1.2111569468645047e-7,-8.637643274923151e-10,-0.0044590529677173045,3.222231860287605e-5,0.0003220272550276263,0.009833912267091694,-0.008638971849152358,-0.0012466543744013552,-3.478409521686649e-8,0.05965691484277131,-7.322047403477038e-7,5.075004058032818e-7,-2.8746158505206345e-8,-1.3001700083036062e-6,-1.077582578652434e-8,5.9134585076028966e-5,8.182941151902167e-7,-5.3011283257417235e-9,-1.323399667870024e-9,0.001866805448355578,0.0001397485195458791,-0.00012759781294757874,-2.8090011537859342e-5,-1.007379055025017e-5,-5.027388632386711e-7,-2.5995188555320237e-5,1.3898096923750016e-6,-8.921710815760888e-8,-5.406650997849833e-7,1.544214229569618e-9,-9.17278269302593e-6,-1.9840151154177813e-8,-9.105924626318854e-5,3.0931899830542937e-7,1.7932089591658532e-7,2.5708196295512802e-5,1.712065910460028e-9,-2.6748131998576083e-9,1.4660712809913678e-8,-5.266421980410245e-5,-1.8299391386491707e-7,-0.016004195446858195,7.320434787225295e-5,3.4248997112536717e-10,-0.00846469609230008,-0.0011105917055589316,4.884390641406834e-6,0.0003803527950077886,2.5177355516363476e-7,-5.1366979498763105e-8,0.02805388014701289,-0.00021562566944915455,0.0014330061911881872,1.9772364319859394e-8,-7.999704937871188e-5,9.949450128393747e-10,0.0007535972493920506,-2.776973770770836e-5,9.278801101889262e-7,0.061431745782946225,2.827804004061256e-9,0.0022190355940484774,-8.33621494991612e-9,6.613043457631003e-8,-1.0024661621522244e-10,0.013503716517101414,0.00831207731963034,-0.0013440461104495924,-0.00018217863416511505,-4.771883983946769e-10,-0.027107229858251362,0.0004120509207087035,-9.356267575423973e-6,1.7702984020399142e-8,-0.0002024325415596559,3.559293742756439e-5,9.993695834188413e-6,4.6794985372016086e-7,6.885220672008766e-8,1.2196916807883007e-5,0.0001395638761069155,8.01968601827296e-8,5.035209698916907e-7,3.038181787033633e-5,0.0007506906393646224,8.483128145525734e-6,2.5448441911866165e-8,-0.0003741454790510371,-0.022235675111489765,-0.0044716864121249564,6.159028050739469e-9,2.7017791346626383e-8,-1.7833802510788221e-6,3.007712008792169e-7,-2.111598643655553e-6,6.907115965147938e-7,0.0006825067162295264,0.0005070750681928748,1.0149363042569614e-9,3.104001364714582e-5,-6.146784590165714e-6
0.0,0.0,0.0,0.0,0.0,0.0,0.0,0.0,0.0,0.0,0.0,0.0,0.0,0.0,0.0,0.0,0.0,0.0,0.0,0.0,0.0,0.0,0.0,0.0,0.0,0.0,0.0,0.0,0.0,0.0,0.0,0.0,0.0,0.0,0.0,0.0,0.0,0.0,0.0,0.0,0.0,0.0,0.0,0.0,0.0,0.0,0.0,0.0,0.0,0.0,0.0,0.0,0.0,0.0,0.0,0.0,0.0,0.0,0.0,0.0,0.0,0.0,0.0,0.0,0.0,0.0,0.0,0.0,0.0,0.0,0.0,0.0,0.0,0.0,0.0,0.0,0.0,0.0,0.0,0.0,0.0,0.0,0.0,0.0,0.0,0.0,0.0,0.0,0.0,0.0,0.0,0.0,0.0,0.0,0.0,0.0,0.0,0.0,0.0,0.0,0.0,0.0,0.0,0.0,0.0,0.0,0.0,0.0,0.0,0.0,0.0,0.0,0.0,0.0,0.0,0.0,0.0,0.0,0.0,0.0,0.0,0.0,0.0,0.0,0.0,0.0,0.0,0.0,0.0,0.0,0.0,0.0,0.0,0.0,0.0,0.0,0.0,0.0,0.0,0.0,0.0,0.0,0.0,0.0,0.0,0.0,0.0,0.0,0.0,0.0,0.0,0.0,0.0,0.0,0.0,0.0,0.0,0.0,0.0,0.0,0.0,0.0,0.0,0.0,0.0,0.0,0.0,0.0,0.0,0.0,0.0,0.0,0.0,0.0,0.0,0.0,0.0,0.0,0.0,0.0,0.0,0.0,0.0,0.0,0.0,0.0,0.0,0.0,0.0,0.0,0.0,0.0,0.0,0.0,0.0,0.0,0.0,0.0,0.0,0.0,0.0,0.0,0.0,0.0,0.0,0.0,0.0,0.0,0.0,0.0,0.0,0.0,0.0,0.0,0.0,0.0,0.0,0.0,0.0,0.0,0.0,0.0,0.0,0.0,0.0,0.0,0.0,0.0,0.1453835676970925,-1.8973060243593737e-7,8.365027335534745e-5,0.0003153975315821698,-0.0017707021478965395,6.942249212125577e-5,0.002372568529067335,-0.0017995585623365013,-1.074017982404051e-9,1.3669456807373715e-9,-0.0029837685075845117,0.013650821746364214,3.2467379588976106e-7,-3.4878564831160414e-5,-1.1504126808855e-7,-0.0003158418939425228,2.005650182178099e-9,6.300002131694695e-6,-5.010847325608022e-7,1.8782986270666466e-5,-1.0266309523293052e-5,0.06137779543521125,7.821734536881943e-8,-3.461245391737331e-6,-8.272864212863348e-10,-0.0036541054736151384,-1.7428074692541178e-8,-0.0007199886541958178,5.547283342103978e-6,-7.568186796800712e-6,-0.0007192627831384584,-0.057592647087640815,8.161769779359214e-8,6.266159304146021e-5,-0.005654654738081496,0.010572124257297371,-5.5768488702047985e-5,-1.4487199367917106e-9,5.100420792463634e-5,0.00015372713805939656,0.0007916486321195553,0.00030176788682225483,3.3767251944608187e-7,-1.1039578270389703e-8,1.1789162414768993e-5,-6.15417116333384e-5,-2.032608825295011e-5,-9.14337860369059e-5,2.7139893276914237e-8,-0.0009485816684047415,-0.00048220387622557366,-0.00032965429361468516,0.006520948868271126,9.045525838380136e-5,0.0004377363009073783,-4.78793320757248e-9,1.8580756144399995e-5,-0.0014532651683272246,0.0003386675154817957,-4.745702684394098e-7,0.0001647644011318161,-3.9245506994430935e-8,0.009553209613646535,-3.8851936200975005e-9,0.0011060741906185542,0.0001899284331102856,3.0080076308973943e-6,0.0014884695734673364,3.223181068848865e-5,2.382420703366207e-8,4.452277477938926e-7,1.6234122022317319e-7,1.709843207286027e-9,2.674436029368996e-8,0.0016122792702944896,2.3624682657473382e-6,-9.4427388769051e-7,-2.7499881061890145e-5,-5.619779541806614e-6,8.712368392575475e-5,0.005050425369334084,0.00011763093704344575,1.7758081332291018e-7,1.8397314496136658e-6,2.3501791010218877e-9,3.923746258097253e-6,6.574820348007974e-9,-0.005404507832302163,1.003180310180853e-6,0.001150629370583226,0.001602776881619693,1.0819353747354943e-8,-2.901693249950806e-5,0.002506893390744781,-5.316929257124829e-6,0.01238362208081571,-2.631695380547796e-7,8.856737854337982e-6,-0.003204550714631468,1.1133277079469024e-6,-2.5842023029353093e-6,1.1867197517148882e-9,-0.0009660264341282975,4.369263892779666e-6,-0.0005509309021753918,3.68095629441852e-5,-5.581427924659855e-6,5.709078182727628e-8,0.000626756299364236,0.00029129203409174295,1.5991462380884248e-6,3.920733092453483e-6,0.0007652944961003504,0.0008328553532974809,0.005706552046604018,3.31398201668553e-9,0.00024677177462526103,0.0070221391997702725,8.724645347904815e-9,-4.042616893163058e-6,0.06755287332615441,3.6870999074918225e-5,8.137442216820889e-7,-0.0022763966040058436,-0.006801680397946115,-0.0007492581855865075,0.0033507799264068903,9.883376555073968e-5,-1.323776042107587e-6,-0.0038089911656193818,-0.000898373347891346,0.0002441830888903484,-7.864908623690721e-5,0.0017344207553692723,-0.0005326477764240679,-2.4917371964878594e-7,-3.3894342579256996e-6,9.444266220515508e-8,7.184345488231798e-8,0.010389021283016237,0.0008883998737324888,-1.6582054383423984e-5,-1.068014790603192e-5,-4.76227161820578e-5,-2.2620724216549937e-7,-0.00045810672836896704,0.0008507565184953633,-0.003991329015709743,0.0004218913925031611,0.014197251361802518,-1.0400458318904789e-5,-0.0013594816320351526,-5.4672928019357955e-9,2.9684738867642043e-5,6.349102263659802e-6,0.0029012799994140932,-1.8201584937659804e-6,-0.004551184204672189,-9.082978559962037e-5,5.634821998790463e-9,-0.0012747072154558026,0.004512034289990614,0.05861693138787781,-3.9683871828273406e-6,-0.00011609660284017785,1.105890128285738e-9,-7.373363063641382e-9,0.0003493291767502777,-4.741921960974038e-8,3.516397865655728e-9,-0.03636732269832043,0.00036770097980715907,-4.488731144878229e-5,-1.2750968968657179e-9,0.0021591178362906356,5.019959294840145e-10,-4.777406986865408e-6,-2.3595584194696407e-6,0.0004131258404479825,8.019573558321125e-9,-0.0001852441001570964,-1.4317513554327451e-6,-3.4457304967872033e-5,7.655352919631103e-6,-8.193816313555043e-7,-1.8940481470071887e-7,-7.064600421024725e-7,-0.01244905926704163,0.014071045166116233,-7.311586698222165e-6,0.004738463887779544,0.0009037669418816707,-0.0009187766649220124,3.914298499917062e-9,-0.0046273516154527366,3.044011432008561e-6,-4.8831442090232566e-5,0.0002637870537674752,1.4229024989204676e-5,-0.0015562563890079443,2.907881695512813e-7,1.9531634319594202e-5,8.939003243336163e-5,0.001083736706523688,2.111762388510518e-8,-0.0008848546212357864,-1.4868237607324469e-5,-4.119420954004648e-9,-8.815063383562418e-6,-2.2173352564155497e-8,2.368681917980275e-5,8.934856515694795e-8,-0.008871862996886234,-5.6814546854608975e-5,0.0001198350712913379,-0.0010400834597759376,-1.6316202383758077e-6,1.7340725304276322e-5,-1.5209739964335743e-5,-7.618475928482697e-7,-0.00023358826550866972,-0.006039578424253174,0.0017413672757273062,-5.362900519477015e-9,9.356048093561978e-10,6.147156372965165e-7,6.724637428664156e-5,0.07043101285904159,2.0553001248752515e-6,1.0042496215313263e-5,-5.40040199544355e-9,0.005607485827578552,-0.0030005275842036197,-0.0026858088914099715,2.4756925470341727e-7,-3.838591966945316e-5,1.2069003816498777e-8,0.00019853792244110434,-2.0130127128402098e-8,-0.0005300150200674732,-1.9066267980720856e-5,4.676302101858243e-5,3.498897060814871e-9,4.853366015345081e-5,-7.828922716567416e-6,-4.115960712177176e-5,-0.001410378163004448,-7.431577839247552e-9,-1.1812755086099056e-5,-4.472142970659367e-8,-1.7957703944158276e-5,0.00024861728096529906,-4.773012199746734e-6,4.912507881662977e-5,-0.0003726177396957334,5.647247846164542e-10,6.360126616698928e-5,-0.0004129187107165301,-0.0003405116343108567,3.1773379268246934e-7,2.3731083492653906e-6,-0.0011664971328399136,0.0011257881449278813,0.00010154968784359769,0.0006872574420292794,0.0011288392450876817,0.0052856144931423925,-1.0196738528024581e-7,-8.245819324317382e-8,5.81813381429395e-5,-0.0012376045869946345,-4.825777330131291e-8,0.0006859144843024423,-0.0002255248858260099,0.0019910029520563035,8.204404824940796e-6,-0.0072641610464851064,-3.5321846404863284e-7,1.4159311858229044e-5,-3.0739231195253273e-6,7.042837200429099e-5,8.277505567999588e-6,-6.586755045796165e-5,0.0007211420116417588,-6.598791276149664e-8,-7.0439774514752315e-9,0.003041189088746389,3.984283671075777e-5,-2.1887683252524935e-9,3.046058448339851e-8,-5.630688803610296e-8,-6.236814618417271e-7,7.556658426764275e-6,-1.2143984794486913e-5,0.007213253173258767,1.6381072067391447e-5,0.007105299925551243,-2.458011962366611e-6,5.563238515101099e-8,5.4897821718707595e-9,9.988202668021782e-7,0.0026911254286107024,3.4281338944398597e-9,1.0433285979061321e-7,0.005157175142968223,-2.4435470925075942e-5,-0.0029969836916893177,0.0004164964137245088,-1.706941556614036e-7,3.4453557169006247e-6,-2.63142743682826e-7,0.0008553860372175803,2.508039494967035e-8,-0.002090047810729604,-0.0011544729772775962,2.1380284986062556e-7,-0.0005679634088286251,1.1428608825864342e-6,1.8884255476964485e-8,3.6497754467626285e-8,-1.0571650387038397e-5,-2.3388609340606252e-6,0.0026980316932233867,0.0011250943920559965,4.576616403129798e-8,1.3386816444751317e-8,-7.066468834417421e-6,4.681695443017151e-8,0.0006375015930177031,-1.787356459009163e-5,3.27695390256448e-11,0.0006509765357453878,0.0003153215763101646,-4.060538857066213e-9,1.3844984469996473e-5,0.0009838839795543687,-4.09979134192462e-6,-2.0421605230736496e-5,2.68420784352616e-5,0.009730116746312698,4.4086815326692694e-5,6.388858521140485e-8,5.3247046892435796e-5,-0.00011259199910313907,7.217962687131497e-8,0.00018292188674824895,8.21183945297054e-6,-0.049806779751766096,-5.421960686031713e-5,0.0010527579040889108,5.198034191504487e-6,4.309854291237793e-8,-3.2152755678903853e-6,-0.017158844225662287,-0.003261695927758859,2.419085811948867e-7,-7.313683113163156e-7,-3.241547617767188e-7,5.63252915104226e-7,0.0033031692537722045,1.2788000953324868e-9,4.380071133147453e-9,-5.213318258938127e-5,2.806136168873705e-10,1.0055860143905278e-7,-5.2364518127164656e-5,1.2915615542566307e-5,6.320204565777084e-6,3.2784215989701435e-5,-0.00023430808068638712,0.0003487800438213735,6.738279272803615e-10,-6.02843622052835e-7,-0.00010611823775729362,-0.00026282721979284206,-0.007238248570151722,0.04115543196965127,-8.6897001767829e-9,-5.3910182549020346e-9,5.593911540302811e-6,4.1746770646051574e-5,1.2508975789040139e-5,-0.0002653756036426827,-3.436942761242855e-7,4.437585377132285e-7,-0.004818121475670225,0.0029810000114224556,4.677666547376211e-6,-8.779969407491476e-5,-3.0369522866966978e-5,1.1767772009821088e-7,8.316365784008246e-6,1.0264700026969194e-5,-0.0009565413767016025,7.819028296222839e-5,0.0007425080579488168,-1.6440592556604717e-5,1.5208721497401393e-6,1.7818598472813026e-5,1.260975683594966e-5,7.748701075675039e-10,0.0011890315535002375,1.4728657040828072e-7,0.0020209248724305635,-1.4041604141950553e-7,-9.489518436399386e-10,0.0007612493082099416,-0.0003783026073284411,0.00041828212047392247,0.009288449639168372,-0.00573054682530599,0.0015940246496669568,-1.8254011895940735e-7,-9.896347042475489e-5,-2.2439863949751712e-5,5.9671108312790925e-5,0.05569026986820369,-0.00011687404354105697,0.0007804606945813459,-0.002522346022478468,-7.346799942785431e-7,0.025137596223243925,-5.931167203050143e-8,-0.0004620579449418313,4.62778386638256e-5,5.137492673105992e-9,-0.0022108861877045334,1.1550889158447787e-6,0.002967891236098281,5.998451278453309e-9,6.348470236994777e-8,-0.000418655202906289,-0.0002599897267420889,1.091200881673331e-6,-1.4495412370813586e-10,-7.966680507414389e-8,2.1680459151410835e-6,-1.8340591847879357e-5,-0.00020086346472973735,0.00033107539215109795,-0.0002391613567907813,3.1625309838700146e-9,3.374847236989397e-5,6.806235734673887e-6,-2.0626055561833697e-5,0.0005529661985914081,0.013080008045487559,1.7103694927731477e-7,3.261075357170583e-5,0.01148181069260974,-0.0029943617183178415,1.615876380603646e-7,-0.0003870174807334028,-0.0030597710382753145,2.153779791583335e-6,-5.3611786452100714e-5,0.00016401720528853568,5.06366023189693e-5,-7.586263962103662e-9,-0.0009523807274765722,-1.0311795632204527e-5,8.75992990402168e-6,0.00010037379624150374,-0.014438594027127615,-0.000237204464236785,1.0875417396178434e-5,-2.2191816251047002e-8,6.744354581989746e-9,-0.019162344744759145,-0.00832339758251484,-0.0007503758187040959,-7.020507046244677e-7,8.355948737612372e-8,0.0013275502905337325,6.276761279042498e-9,-1.2636781923195762e-5,1.5477498591217124e-6,6.200861136781898e-8,0.0009506557126290204,4.599525466957276e-7,0.005701927411900914,0.10253430601160962,-0.000839148539931764,8.646381688944543e-10,0.00016882162400256762,0.0008963863019733181,0.005217243808052617,1.8101876677881628e-5,5.611648282481558e-5,0.00010177858469056837,0.0001910009774102176,3.578511181282824e-10,1.2983984203580304e-9,1.9711089103790097e-9,4.0730809782578644e-5,-9.950483316029943e-9,0.00697383544851454,-0.0016948823509770235,-0.002339076128227059,1.872578051013762e-5,0.0007887182447303743,-0.0019897635445755846,1.8946760138645855e-9,-0.0009256529893219565,-0.004781862343974502,0.0012193862819556017,-0.00019679891602667038,-1.917354185786942e-5,5.214451263396273e-5,4.504982283382648e-9,0.018531285589175113,4.804350228169468e-6,0.003115986872556541,-1.1482878351299583e-5,-3.0030050945663238e-5,-5.583099032248203e-7,0.008430631834771286,-1.0108689388285716e-8,-0.006292946247221898,-0.00014762890113269948,-1.4977661221148647e-6,0.0001503156744908591,2.854767403317231e-5,-0.009685658141971342,8.700744453413734e-5,3.7612888138546913e-6,1.9835240632286202e-8,2.1184073374153453e-6,0.07608236537398394,-1.0630105298388515e-6,-0.00032456276052883877,1.451063850277793e-7,9.604667478690395e-5,-0.0005015724499828095,1.5482434717675233e-5,1.9313058183059408e-7,-5.936912121458246e-6,-4.4916834740817567e-5,6.461714465543743e-5,-4.559239620208187e-5,-2.0421474192542467e-6,-1.2737567131053681e-8,-0.0018612609220040389,-0.00036757665520088746,-5.867561691924488e-8,6.646265497613072e-5,-0.0005007499350911468,0.0697915968558069,0.02327046436579342,3.7085316600454885e-9,-3.7966363755349885e-9,-0.0010646565271281623,0.006869719564152472,0.0006535602543701732,8.669395958466912e-7,0.0003946631898406996,-6.866195943181596e-5,-3.334730808472761e-5,-1.792433150952243e-6,4.018308935022272e-6,0.00013963281126219037,-0.00018179840429111485,0.0005387950887330764,-0.0012125419529313705,-0.0033870213806637055,-0.0022880260078509437,-5.044005701254546e-8,-3.814546085282625e-9,4.040033803808418e-6,0.0009480007295445935,-1.3715365058001505e-9
0.0,0.0,0.0,0.0,0.0,0.0,0.0,0.0,0.0,0.0,0.0,0.0,0.0,0.0,0.0,0.0,0.0,0.0,0.0,0.0,0.0,0.0,0.0,0.0,0.0,0.0,0.0,0.0,0.0,0.0,0.0,0.0,0.0,0.0,0.0,0.0,0.0,0.0,0.0,0.0,0.0,0.0,0.0,0.0,0.0,0.0,0.0,0.0,0.0,0.0,0.0,0.0,0.0,0.0,0.0,0.0,0.0,0.0,0.0,0.0,0.0,0.0,0.0,0.0,0.0,0.0,0.0,0.0,0.0,0.0,0.0,0.0,0.0,0.0,0.0,0.0,0.0,0.0,0.0,0.0,0.0,0.0,0.0,0.0,0.0,0.0,0.0,0.0,0.0,0.0,0.0,0.0,0.0,0.0,0.0,0.0,0.0,0.0,0.0,0.0,0.0,0.0,0.0,0.0,0.0,0.0,0.0,0.0,0.0,0.0,0.0,0.0,0.0,0.0,0.0,0.0,0.0,0.0,0.0,0.0,0.0,0.0,0.0,0.0,0.0,0.0,0.0,0.0,0.0,0.0,0.0,0.0,0.0,0.0,0.0,0.0,0.0,0.0,0.0,0.0,0.0,0.0,0.0,0.0,0.0,0.0,0.0,0.0,0.0,0.0,0.0,0.0,0.0,0.0,0.0,0.0,0.0,0.0,0.0,0.0,0.0,0.0,0.0,0.0,0.0,0.0,0.0,0.0,0.0,0.0,0.0,0.0,0.0,0.0,0.0,0.0,0.0,0.0,0.0,0.0,0.0,0.0,0.0,0.0,0.0,0.0,0.0,0.0,0.0,0.0,0.0,0.0,0.0,0.0,0.0,0.0,0.0,0.0,0.0,0.0,0.0,0.0,0.0,0.0,0.0,0.0,0.0,0.0,0.0,0.0,0.0,0.0,0.0,0.0,0.0,0.0,0.0,0.0,0.0,0.0,0.0,0.0,0.0,0.0,0.0,0.0,0.0,0.0,0.0,0.14517906600168504,-4.818855477432662e-10,-6.654794550994229e-6,4.944021364651268e-9,-0.0004702926684145831,-1.4162977552097871e-5,-4.405252553327785e-9,-0.0010445097351095408,0.0006752607182696061,-3.4755950849063625e-7,1.304841598505888e-6,-0.024165651234917006,1.6583675828860329e-10,0.013628554293901038,2.1202758234469153e-5,-0.0010061682340837337,-5.1608100179655976e-11,0.0042164468009751,2.997646728148888e-10,-0.0004664129123952398,-3.3928049861545267e-7,0.002903159326892694,0.0032343390344867677,0.0015112101990991855,-9.83251119821806e-8,0.007208742315759796,4.038539065334702e-9,-0.001323289890695085,-0.0013255787031333198,2.0597300986167187e-8,-2.3181426613281792e-7,-0.046163024060624835,-0.00012206724957473009,2.0832487410442277e-6,8.644509600812758e-7,-1.1850992220008135e-10,0.0009892571020481437,-2.5038595855249286e-10,6.467714491807829e-10,-1.8503778098215117e-10,-6.66189420807305e-5,0.015522170277428348,0.0009040515302900159,-0.00012136645056235194,-7.260844570143587e-10,4.979589951024747e-12,-9.663928908574488e-6,-0.002991329805009475,5.592465852805652e-8,3.783663718997779e-5,2.697511357229812e-9,-2.9468971406519297e-7,-8.684845751208402e-5,-3.276885555228043e-9,-0.002635516760855075,7.811506173078581e-5,-4.9285966885437995e-8,1.3132356150873327e-10,-0.003957631909585892,-1.7057643050247762e-10,0.04509586070288343,2.1788128393114698e-7,0.0004868342401676907,1.2716249668015936e-8,-1.9598745693625048e-9,-0.0031741102575022218,-2.506708298627756e-6,-0.0011999678274033933,-0.0005071169744025284,-0.003453474654415103,4.550208801123226e-12,0.0006918107569643703,0.012430015445085504,-3.09410788818003e-7,-3.196934763398913e-11,-0.00017248121103480957,-4.7028302230557344e-5,0.015365238592804215,-4.737361731223655e-5,-7.444032387546847e-8,3.9538754874098346e-7,-0.018320821702528675,0.0004904972191820718,-0.0005098189491149495,4.323474054192064e-11,0.008857516424325355,2.6538819983898967e-6,8.45654943951796e-5,3.6393306113494986e-9,4.2408298039132764e-8,-0.0007089598285091838,-7.9389185532168e-5,2.182112987061297e-6,0.002967830512273306,5.2673464102447954e-8,0.04497600336965744,-4.50884019505358e-5,2.626894682419714e-7,-0.004313850097573213,-1.1608728581374784e-9,0.00027134654249277314,1.0294200717746575e-9,-0.00047470865909909156,2.4813191761378208e-5,-7.674917136637805e-11,-0.003057805582698658,0.01621344386248561,3.843816496448164e-6,3.1402920949909705e-9,-0.002942634387549181,-3.0975869576493284e-10,-1.430866511527794e-7,-1.617380923100812e-5,8.165314349779307e-9,-0.003946059469064164,-2.7967775487485994e-9,2.773716704228249e-7,-0.00011019641487917236,0.0007864274420948803,1.411950430987422e-7,-8.400985346931664e-11,-0.0028255865068734743,2.9975626101926005e-6,5.340141363163602e-10,-2.2857562940105393e-9,7.855429121223476e-7,-1.3565161886390606e-5,0.0017707195196174318,9.62749041171247e-7,7.007899760277483e-9,-5.1562661017902977e-5,-3.264472802632953e-10,-1.3278171104723615e-8,-5.046060061538814e-9,-0.0057293683089846064,-0.0002636649056219142,-0.002967427745665164,0.05780907412134208,-3.1248569992044493e-9,3.3068609336533115e-6,-6.503537296869822e-11,5.840663596735709e-6,1.3012953810915248e-10,-0.004710109472282135,4.052498625496154e-9,-6.259491624850243e-6,3.774402587013591e-8,-5.089105750418301e-9,-6.343314119682198e-8,-2.1297062983688666e-10,-1.2102502865502456e-7,-0.0008252708328762512,-1.0459481856600821e-10,-1.5044490618138285e-10,7.197579397420602e-6,0.0028652499354130776,6.545141547819109e-7,-1.656982284635801e-5,-0.0006676488349273512,5.920680680271536e-6,-3.0463587629030014e-6,-1.2392745183091157e-7,0.00048167369997095203,-6.464375629159193e-5,-0.00032968980089896773,0.00039951234394154124,3.868877626326032e-6,0.006499353886711189,0.0007896084020469791,-1.6388274495341167e-8,-6.888564484444891e-10,3.793699084122314e-11,-0.00029013343673949714,-2.7367417679503863e-8,0.0017534121895027115,-2.0622046416676912e-10,0.02258471159468602,-3.217024226732739e-5,0.00012507195275004234,-2.1006599757673143e-5,-1.9335196320280414e-11,1.9850526301203407e-12,-7.765296094875753e-11,-7.761610390027646e-11,-1.2195865807113815e-10,0.00847307005533409,-1.2269130050341264e-7,-4.9308643611011376e-8,-1.0345543474714186e-5,-3.4675007459330227e-9,2.491687283843789e-10,-3.222973790834874e-7,-0.0011494256616667422,6.890529187949927e-8,-0.00010599425409423247,-1.5953315452680238e-5,1.0082255441016893e-9,-0.0005391734879974078,-2.1896320651227764e-8,0.005714737133008411,1.56215201475138e-10,4.795339789871751e-10,-1.5575564475484926e-8,-0.0022239447932238484,3.503219545668791e-9,0.000901938421143979,0.0017325389098183763,1.23598740174422e-10,-0.0014590921783182882,-0.0003599328307225151,0.04610551259584353,5.678897760305473e-8,4.825407179464801e-10,1.9689754093244627e-9,-8.293766215387165e-6,2.6584607531527654e-11,-0.00024790312779093376,-5.437788150484681e-11,0.002272517535204126,-6.459317643279128e-10,1.1415180368312497e-8,8.925865690555907e-9,0.001329112442966529,0.0012238239396814314,-0.0023535994028727617,-6.392106539767439e-5,2.0346308450325326e-8,-0.001266091781355656,-8.349572956819404e-10,0.0035247459254516985,3.7938926398590944e-8,4.518089359776657e-9,-1.5312686167707857e-8,-0.001064725589021757,-1.4201158531660382e-11,0.011508341043093374,-4.170293164291957e-5,0.005037424865308758,-7.760393594637883e-10,-7.728865563112811e-11,1.4352139784177878e-10,-0.0008196488125604127,-1.0005891810548456e-9,-6.235687475326506e-10,-9.626574221928906e-11,2.219932609876802e-9,-0.002339808266070214,0.0001958312350125552,0.009856729275903052,-1.1539587449743387e-9,-1.5550519821880053e-9,1.8059654542457033e-11,-0.00021945951992429966,-3.693060115473895e-9,0.00017988172863591832,-4.7526215832456344e-5,9.664983497903661e-6,1.6022488361834382e-9,0.0056284852211258875,-0.0018504533768615964,-5.223724817422843e-9,-1.6897270943679948e-9,-2.843551787782364e-5,4.4217444000446205e-5,-8.188024967649557e-6,5.3427964272147e-7,0.007948466900023982,-0.0013249768928898483,-9.059094419132712e-11,8.907646156886843e-9,0.001099702951777019,1.4240342784379644e-6,4.877246289886318e-10,-1.5287161035740155e-6,-0.00010494115389639664,1.8221413971715926e-6,0.016499918229330952,-0.0005857810745528854,-0.0005111345884829034,-6.609361589079819e-5,-4.8622612162426056e-11,-8.905382001667656e-6,5.374309634164877e-8,-0.0003370467135094718,-0.0011953478399137072,3.276687033315435e-6,-6.35527717185551e-10,0.0012979528699202483,0.0007402053144781817,-0.008806226735252642,0.011955299989486117,-0.00021356778063151989,-4.233632945856121e-10,1.3551691366150665e-8,-0.0013136101533264563,-5.764692889395893e-7,-0.0013470259012115292,0.04844272338843588,-0.010379248082175146,0.0023398644069838465,-4.2712029655061116e-7,0.0002629011076946627,0.0618428645862365,-1.7641234586616548e-7,1.5236290264171112e-10,-1.3172337589778721e-6,-2.397654290980512e-5,-0.012657758023959008,0.0005631664437712117,0.043954923710465534,-1.983283614207266e-6,0.0002267307682590809,4.520019899416122e-8,3.6426845895840964e-8,0.0028375707870525887,-4.554759269430468e-6,-0.03870904609396908,-0.0018915004394878543,-0.0008344795389764472,1.464078716710535e-10,-0.00037164708672895194,-5.391029398203666e-7,-8.498703541744703e-7,-0.002637073853123992,0.004817255106910058,-0.0008711853485725363,0.028132079753695558,-1.37101335245877e-5,4.684690905305728e-10,0.00011497219629818246,7.907030449272094e-9,2.1999788852297974e-9,-0.0022888117650367,2.932825257125156e-10,-3.674800280357646e-6,0.0010140258913870217,-0.00021359405946251667,2.342383024456965e-10,1.0210811966899708e-7,-0.00013091194874409906,0.022812520233960132,-3.595802968278096e-10,-2.868570557801118e-9,0.026744650889063984,6.654486386249884e-9,0.0005151818274703385,1.5461986745685295e-7,1.2407717976609587e-5,-5.752092210898102e-6,-0.00021387983254756782,-7.84605428020144e-5,-0.0007140854024691249,-8.086617931744854e-8,5.0937025145136216e-8,-0.0030834993217761023,-0.0005198527937004451,0.005442332268310521,-9.044567628847486e-12,9.130017715292212e-10,0.0004729771235409702,0.0008713461680195565,-4.530924288655693e-5,0.0012240508217566124,0.014770048278544418,0.00012243091929414217,-8.709487672143611e-6,0.0005470533871305218,-0.00031962275666932733,5.398227011617548e-9,-9.77014592580817e-6,0.000997422171559518,-1.946071027822909e-11,-2.3825465178912046e-5,1.533589629280778e-6,-2.3460034522984655e-7,9.106855303380553e-8,-0.00038347909422639594,-0.00027228808468853335,-7.518213941488706e-11,-5.564689866753205e-11,2.9937312174971545e-11,3.0640804381226454e-5,0.1075321142812195,-0.003941876406796755,5.7311764714661326e-8,-4.3240083265664644e-7,1.3743313243617364e-10,-2.8092855632477267e-7,7.958857912669414e-9,0.003472250330020643,-2.6546472363612755e-11,-0.0005075517597507699,1.5941102747161292e-5,-7.462317826622291e-7,-1.2615251745237872e-8,1.3470289923450048e-5,-0.006254396456843235,-0.00037213669728896985,-5.309573882635187e-10,-9.163127092249183e-5,-1.2834219535221092e-8,0.04544150732659836,1.8719948958158725e-8,0.04065849702413173,1.2805506220144338e-5,-5.130530824696329e-9,-1.98379975706946e-5,-7.754284971023278e-8,-6.615904237710292e-8,2.4854605780593322e-6,1.229811442405539e-6,-0.0015850211769832935,2.8965465344057764e-10,-3.977575489724325e-9,-1.5082578675203972e-5,1.0803876546318439e-7,1.0115387497827094e-9,-4.486782612355539e-6,5.3158378889297363e-8,-0.000261636815088834,1.0593943062146086e-6,0.014195444375725641,2.3923709016909584e-5,3.67771967062165e-10,0.00029019637081509456,-1.9555154717104157e-9,1.1638593906978849e-11,1.632888749502466e-6,0.0005961983169456286,-0.00933995928834366,-4.012769603141674e-10,-1.5118047641819e-9,0.0004426606551849359,0.004502850699591151,0.010598921873646678,0.00026405035121358577,-1.8722715359565273e-5,1.3710923948180634e-9,2.3981081003292973e-7,-3.4723732725461996e-9,0.0018256255033212193,-4.4795857293781307e-7,-0.0001940138795592732,0.00030476163107538424,-3.183864105764428e-9,7.466669753675951e-7,0.00027537541428473045,-5.6950905341969526e-5,-2.4559033483482097e-7,2.032055948526499e-7,0.0025808488916978386,-7.00235438479054e-10,8.42290266284523e-9,0.00037840168464263707,0.0002120949800868236,-6.831058102658744e-5,-0.0002667697691666402,8.104616080455177e-5,1.1351168626084626e-7,-0.00010182460251052397,-3.406274459887261e-11,5.374915791172704e-10,8.599268820086344e-7,-1.103497612148868e-9,0.0004548481287477167,0.0006449617489799449,-0.0011619693255636515,-8.790741458454439e-8,-2.5799296162506917e-7,2.147008953359541e-8,9.978294546471365e-11,0.0009416710244731806,-4.033147759285625e-6,-0.002809471162141066,0.0009407494765743835,-0.0036525142447891264,0.0454628759888136,-4.364131025355361e-10,0.0014518934331331074,-1.3766644130666295e-7,-4.0602357077443197e-7,-2.1002331965024273e-9,0.00017185361575812284,5.612286754211586e-11,2.5200638149503617e-5,1.7648389869178733e-7,-9.334863673996407e-10,-6.254447617297864e-10,-2.8998841615497406e-5,-5.185180741721082e-5,0.0019145200247442555,0.00031813415117087175,-0.0016332487952541701,-2.1847111442781718e-8,-0.005605843295980598,-5.6789416909850466e-8,-3.6771150375824415e-9,4.861015568717233e-10,1.1000786511327743e-11,-5.769846112048326e-6,-2.8759794729780046e-9,0.00040806143024592594,-8.518271888950408e-8,6.363652577209552e-8,-6.1591553628363196e-6,-6.48721722682841e-10,-8.348884333222483e-10,1.868848547120128e-9,0.0018407723167415493,6.54113955449734e-10,-0.0015572081065340913,5.42763714930907e-6,9.949449721763055e-12,0.000311831221318135,0.0005213357745358167,-8.579860610355178e-8,0.0038767622316709417,-1.7919599155368157e-7,-4.7075775325886075e-9,-0.0034410474359507846,-2.8708285298917842e-5,7.54718170531377e-6,1.307661471150804e-8,-6.641355073830575e-5,5.2552082024684344e-11,-0.025970965926569983,-1.8157465905559557e-5,-2.2265965456017642e-7,-0.001555952406919884,1.1949929043989314e-10,0.01685077038475019,-1.057362256212142e-9,3.3960757831641775e-9,-6.262850910230149e-11,-0.0035347061085378656,0.0002342254024838298,-0.00013184331787466691,-1.1508914129742182e-5,-6.062621793242384e-11,0.01126826735295249,0.001183220576675317,1.764006825010365e-6,7.697082999762321e-10,0.006674246798972665,1.8050683265387311e-6,3.589095956265427e-5,1.9408222693421273e-7,1.4041028108475625e-7,0.007818892153317733,-0.0011861104926742568,-3.1862073551581567e-9,-5.612908045585905e-8,-4.1612324777868725e-6,0.002854152447483335,-1.0499422705373373e-5,1.465198838833217e-9,-4.062761460232527e-5,-0.00019168554915504252,-0.0007985751029653577,2.852726863894422e-10,2.011653255108575e-9,-4.6028835597817734e-8,2.320299100252841e-8,-1.0528804894854094e-7,9.28340612674318e-8,0.007625251515890851,-0.004105950208890274,-3.7131112493433674e-13,2.1432278008559837e-6,-0.0009466413241152448
0.0,0.0,0.0,0.0,0.0,0.0,0.0,0.0,0.0,0.0,0.0,0.0,0.0,0.0,0.0,0.0,0.0,0.0,0.0,0.0,0.0,0.0,0.0,0.0,0.0,0.0,0.0,0.0,0.0,0.0,0.0,0.0,0.0,0.0,0.0,0.0,0.0,0.0,0.0,0.0,0.0,0.0,0.0,0.0,0.0,0.0,0.0,0.0,0.0,0.0,0.0,0.0,0.0,0.0,0.0,0.0,0.0,0.0,0.0,0.0,0.0,0.0,0.0,0.0,0.0,0.0,0.0,0.0,0.0,0.0,0.0,0.0,0.0,0.0,0.0,0.0,0.0,0.0,0.0,0.0,0.0,0.0,0.0,0.0,0.0,0.0,0.0,0.0,0.0,0.0,0.0,0.0,0.0,0.0,0.0,0.0,0.0,0.0,0.0,0.0,0.0,0.0,0.0,0.0,0.0,0.0,0.0,0.0,0.0,0.0,0.0,0.0,0.0,0.0,0.0,0.0,0.0,0.0,0.0,0.0,0.0,0.0,0.0,0.0,0.0,0.0,0.0,0.0,0.0,0.0,0.0,0.0,0.0,0.0,0.0,0.0,0.0,0.0,0.0,0.0,0.0,0.0,0.0,0.0,0.0,0.0,0.0,0.0,0.0,0.0,0.0,0.0,0.0,0.0,0.0,0.0,0.0,0.0,0.0,0.0,0.0,0.0,0.0,0.0,0.0,0.0,0.0,0.0,0.0,0.0,0.0,0.0,0.0,0.0,0.0,0.0,0.0,0.0,0.0,0.0,0.0,0.0,0.0,0.0,0.0,0.0,0.0,0.0,0.0,0.0,0.0,0.0,0.0,0.0,0.0,0.0,0.0,0.0,0.0,0.0,0.0,0.0,0.0,0.0,0.0,0.0,0.0,0.0,0.0,0.0,0.0,0.0,0.0,0.0,0.0,0.0,0.0,0.0,0.0,0.0,0.0,0.0,0.0,0.0,0.0,0.0,0.0,0.0,0.0,0.0,0.14460013715972345,6.913947861076671e-7,-0.003338856394815858,-7.270129518199736e-8,6.943685339800986e-6,0.003613130032569942,8.608719642947488e-12,9.580469568873428e-12,-8.636927373567603e-5,-1.4469910295450226e-5,3.08641335976173e-10,0.009453875975278313,1.3919392418668234e-10,5.938586675078081e-7,-3.1837938427792794e-12,0.028262165998436842,3.3603038702184743e-9,-0.04566525037536063,5.9253447313372255e-8,-6.97231862163473e-5,-7.829933489926902e-11,4.436331708628731e-9,1.719185069504449e-11,-0.00023318959404570682,-1.706595137013853e-11,-0.0014193272957699818,9.577494162390584e-10,1.659128891926692e-8,0.000637060905726641,1.172938284445001e-5,-7.776259974967953e-11,2.6320233064299066e-7,-4.6325156674144205e-6,4.040115931968909e-6,-0.031279201700316034,-8.358952924786888e-12,-0.005642396915958415,0.02132441819365259,-0.0040421529577951915,6.433401869503439e-7,-1.4971970545765559e-9,-2.465593591264944e-11,5.906371313447196e-7,0.00141811053000318,0.009969613702326009,-3.065814358168334e-8,-5.5295426234612786e-11,-0.0003560562367686774,-3.4911698065680687e-7,-0.0010943261173039735,4.6924668873318915e-5,-2.1198413737942205e-7,-0.004180215857745083,3.507690220166793e-11,6.061309410566844e-8,-2.942830047385016e-7,0.011027418907411365,-3.663287548445239e-9,-0.013747135793851136,-9.889153980080863e-10,9.680846757553193e-5,-4.734340549736225e-13,0.0019165192090767123,0.0065652163110441215,-3.6288946954498587e-9,2.549475527203373e-6,-2.7406790949317937e-8,-1.2091407941567502e-10,-1.1053289754799656e-9,0.001487746165528764,9.918869877544023e-13,-1.2901293455682757e-10,-2.2972332232759575e-6,0.00967746371486513,1.1213622405426624e-7,1.432112136517668e-7,1.0055170588196468e-8,6.189612455091769e-7,0.0008061170352462644,-0.0001709241141979886,-3.4759695543824696e-10,2.2697399783453638e-8,-1.5481204447145058e-12,-0.003546460145208513,-4.6034350396440444e-10,-1.7203849238089632e-5,1.195294494921691e-7,-0.00011714453340966147,0.00010386295835590673,-1.1208222191887923e-11,-1.4481559518175408e-7,-1.385594609811995e-5,-5.999998315060111e-9,0.00044399812698393186,4.924041744953544e-10,6.198476744781133e-7,-0.0001612960917809925,5.160204270796487e-11,0.04694351298652533,-6.0151890446410714e-12,-0.005293346908661469,-1.2939910638364427e-8,5.590396965981341e-7,0.010753408837787973,1.6147523741051652e-8,-2.515242793539699e-10,3.94841035005098e-6,-0.006404398490043931,-1.502994826076619e-9,0.07218301026013961,4.9129132805735576e-5,2.4909081232706055e-6,-1.676648473598337e-5,-3.772306409473562e-12,-0.0008271169676315644,-1.302740799374798e-5,1.784796894802963e-11,1.1149983437398823e-9,0.00013558706985014626,-0.010708260567339822,-5.413335665856772e-9,3.4653401970048506e-6,-0.0002908860763639863,-0.004572827035110009,3.2847297723502e-5,-2.0837286887059892e-7,-2.3596174105984237e-8,-2.735596535534313e-5,0.0002794067137922905,1.2381823833598774e-7,-0.008704623741688127,0.0018741202325342405,0.0032430209197597693,2.349466755282529e-9,7.764676198961622e-9,-3.813806369155985e-10,-3.274547793889001e-10,0.00010753407377316387,-1.6629269044463698e-6,0.04498899222748162,1.292637797379961e-7,0.0008386541652807859,1.2813414096554496e-9,0.0012506439735850544,5.500399567799186e-7,2.2008784881395452e-5,0.013081628651317177,4.177006256491416e-5,-0.033109529665898516,-0.00012724737879836289,9.502031931467205e-12,0.016430338191646666,0.008297460398565496,5.681851574449162e-7,2.0855559053783572e-9,-2.8678093138005364e-5,1.0343625676224847e-7,-1.4289536143855341e-11,-2.334387595204475e-7,3.0865217770307055e-6,-1.4050436834790347e-6,-3.212123378536889e-9,5.471474333605944e-8,-3.4726729958115965e-12,3.225385715520339e-11,-1.828264038455804e-6,1.777445646753342e-10,3.1685368328540144e-12,4.8071196968881886e-5,0.007926384309163799,-0.005593596579517742,2.9918444936126027e-12,-5.0157296794456336e-5,2.0216751444642528e-11,0.01540513424307521,3.031148911224856e-9,7.094589885729741e-7,-8.33041922506785e-12,7.659150946989252e-7,0.010015947247481128,0.023859596401313035,0.016954373007751274,0.008740207561640767,0.017698599086353132,1.4191671190904274e-9,-0.0002758469005187166,0.0005571473073361177,2.0308228384607722e-7,0.0008965706625905999,0.0009104670648989368,1.4215906335445437e-5,-4.983012236403711e-12,2.3723374436221954e-5,-1.0913042542340036e-8,-7.808976807425208e-8,0.003273967392978441,-1.2493722381996356e-8,0.00032860773673074636,-1.1181749421076926e-9,-0.02436891621191726,-0.035470583432158205,-0.0007070489891443134,-1.5603982472889877e-11,-0.004324419099956617,-3.5416741778275626e-9,-4.537257970771233e-12,0.013896189587197462,2.8815141253336803e-11,-4.415252270564278e-8,-2.0385334451523497e-10,-0.00012448636743547792,-0.032714971908701436,0.0007048302807978842,8.171330554309524e-6,0.005784865183346025,8.545476349097343e-8,0.005720207192811858,1.1379412386512932e-9,-0.00944022239385843,-0.0033420329634612864,-0.0012012140685014221,-4.1671407863410905e-14,5.812849010836367e-12,-9.532576664175662e-10,3.521454724196366e-7,-5.042714576924531e-5,-2.3063790489630424e-9,-0.01944359843982026,-1.754351898252837e-11,0.00014690155228105786,-0.004969616061206915,0.00032183945609389635,1.7244981417604668e-9,0.010677505375867102,-1.0288954305160176e-10,6.590960748458915e-7,-5.2447212359244233e-11,0.003360733306699058,-0.02024219717465696,0.0035345466787455116,6.021079597513132e-11,0.010964178218383991,-0.004190968157267674,0.0054323153279875105,0.00012892243842491596,2.0135686749265028e-11,-7.068121035318553e-8,-9.403658396420864e-10,0.02381584582496351,0.0025200393351882118,0.004188182213919232,-5.618664552338575e-8,-0.00221839973406593,-3.687930177100049e-12,-6.759050754654679e-9,-2.1693004232416003e-7,-0.002845123008598285,-7.051093276882665e-10,-9.649727793014764e-9,0.0025592769694691166,-0.0017849086236896513,-1.4817608935969524e-7,-1.104919712551916e-6,-9.293409917577584e-7,4.31702958453063e-6,1.0906804927925189e-9,5.038295447533941e-10,-0.006166584361339826,-0.0007516094007374802,1.1537714364234937e-11,-2.4144076629848433e-6,-0.0019614248482044253,2.8088240123010112e-5,-4.747108677340058e-9,-1.304892691240223e-5,-1.9937385357092152e-11,-6.839643116016249e-9,1.0941212932079396e-8,-1.6930926453171445e-7,0.014821178551155483,2.90919369400389e-7,-2.86288803191652e-5,2.9217105053477734e-10,2.2842481004205883e-11,-4.1581205595095585e-7,0.08132301047565418,-3.5055347014737594e-12,3.044789183525289e-11,-4.8549792675734246e-11,-2.2339941585417087e-9,8.904563573309704e-8,0.0019220334683588234,1.5114835168920356e-5,-3.2872853446651037e-8,7.667512941941332e-5,3.184705770635009e-9,-3.5318500761773995e-10,1.43450571978094e-10,-3.0495947149756946e-9,-3.746679456268584e-6,-1.5507868157579024e-12,-5.481428254004403e-10,7.547075431339085e-5,-0.014277427585156198,2.6181639773264624e-6,4.89404485159035e-7,1.6764860353585534e-10,-4.2286290515786637e-8,9.31472703911068e-10,-3.828815731248388e-6,-7.577947225504316e-11,-0.00047094744767298477,-2.139000888841371e-5,-1.0600657022317502e-9,6.673491209857816e-7,-1.4971197270307239e-9,-4.417330634027407e-11,-4.1371468414466303e-10,-0.025182536027417584,8.399615825153728e-9,1.20642463229481e-5,-5.700057740513613e-6,-1.2964786453233241e-10,-5.939672377246088e-11,1.930285895247018e-8,-1.8939249134468813e-10,4.3503512674218294e-6,0.014360250041475706,-3.3899896955626323e-13,0.00014972216902444974,0.005694162043747683,-3.2399877372822244e-11,-0.012613209469095903,-1.206776679524722e-6,-1.3419698777861234e-9,8.158638515292341e-8,-0.013082550105275812,0.00011756960126169653,4.109817069348829e-7,-1.7723311228169375e-10,0.01184791184351892,0.00842889229849154,-1.4992819551017827e-10,-0.0041518437947033445,2.801562312963323e-8,-2.374525355394477e-5,-7.153768213902841e-7,1.123101374672512e-6,6.652362459209067e-9,-1.8070862178343128e-10,2.8283434857163533e-8,-0.0004399372699712799,-4.4434665476370544e-5,-3.0780518740143613e-9,2.778183056543648e-10,4.758790117380218e-10,0.002802936437065548,0.0013868851085295539,-9.059134940592779e-12,-6.10929542621689e-11,1.568590985110535e-8,3.4210731379196626e-13,2.299366000960316e-10,1.4446650613099013e-7,3.923061929156034e-7,4.401592245902009e-9,-1.063807461367575e-8,0.0007064634297002103,-2.4132594262728237e-7,1.6577121657225794e-11,-0.0008372919942804773,4.3162573092850474e-7,1.4649190779316335e-6,2.1078999530937236e-5,5.521432170849533e-5,2.2570144319319068e-13,1.3615737298896331e-11,0.01614599029695144,0.028226044375044446,-0.005527656462756845,-6.859545889265936e-8,4.340409700685609e-11,-1.5264670188348534e-10,-0.0003161311734658409,4.209816248205238e-5,0.019357421721180445,-4.9084454843639484e-5,0.00033089003542631165,-5.582221001237158e-10,-0.011153529013066162,-2.6102734488114743e-8,-2.2425452752478926e-7,-1.5922600899498966e-6,0.0015988359066197542,1.0672020409955214e-7,-4.418349130271434e-9,-3.87672090294928e-8,0.024240831653937697,-1.6182160696368962e-12,6.186254810518327e-5,-8.093777944907439e-10,0.0008441006517921337,2.410530690585592e-10,1.5752283114991425e-12,-0.001209262053120618,6.945293036498784e-7,4.435074210679194e-5,0.0003112391962823968,-3.2110482058672174e-6,-1.4197702799456287e-6,6.601559557344956e-10,-0.019902364698906737,-0.0022801464331119628,-3.9980183671820854e-8,2.7941786911058666e-5,0.006723991779849359,9.785720814481955e-7,-0.0008668904866228316,5.891505335746963e-9,-7.917629169803563e-6,1.0474613194842478e-11,1.0265204293338957e-6,-0.0025273756417296903,-1.650913317585234e-11,-0.0017212421491390765,-0.001099009672027357,-8.020964750042873e-7,-3.869249399542408e-11,-1.8584758951965195e-10,0.005563714061718305,0.003424299153032914,-1.4253089356547852e-8,2.6150645861195593e-11,-8.421778777588262e-11,-1.3858217579948175e-9,6.318840752885019e-8,-0.001533880214560746,2.279755729160402e-6,0.0003368388898426366,-7.18987628616602e-12,-3.051490492054221e-6,-7.723190942455388e-9,-6.79199525297569e-8,0.018647751845654148,-7.450358315826878e-6,-1.8987343505864365e-10,1.2970104854621213e-7,-4.537083722292823e-5,7.829599895560503e-6,-2.3455624266645746e-10,-0.007997661848454475,-0.0009855883697078207,-4.272495630623866e-9,-1.0607411489485736e-8,9.804993482357994e-8,-3.088111475096135e-8,-1.811401075037033e-11,-0.00017980956161758985,-1.5518977646685553e-7,0.005503747784200985,-0.0038580156438604157,2.422502514576347e-5,0.036056966308395805,-2.6286159616793828e-9,-7.491513280272891e-11,-2.1277973044619495e-11,-0.00020871746569215682,-9.30674433576302e-6,-0.000514551963432463,-0.01671416660296875,-6.949080312139399e-11,-1.1218794853959583e-6,-7.92464984135847e-12,-2.8603898096982443e-8,-1.752496430991869e-9,-5.191732418350535e-10,-0.00593175520513136,-1.915880128802477e-9,0.0005256376928557891,-0.00010989317070254779,-0.0014734225655649055,-1.0306443191591648e-12,0.009204374147991658,-1.1426221044543932e-6,-0.00013837059836732733,0.0958455292428315,0.03758674433017135,-2.1792617264212202e-7,7.649606297020345e-7,-9.426238179112434e-12,1.75056756252347e-12,3.674384834241811e-12,-6.853060202097963e-5,2.486921649370371e-11,3.074856450991309e-5,-0.0002503792732782323,0.00027274847601714,-0.009085877082505255,4.0834194403502676e-6,0.0032767715252815886,2.549965809858631e-13,2.9319340448128773e-6,-0.00028563395493972244,1.5870637858996253e-6,-0.005693243503182407,-0.01985529027566928,-0.01741169802190579,-1.4310231132083523e-11,4.490935670384467e-5,-1.7333562309574221e-9,-2.832758785869504e-6,0.0036076961562741786,3.0999837943088936e-8,1.4566783838898135e-9,1.1847075156063861e-5,-2.032898462723478e-11,9.185426923913608e-6,-7.846941023991388e-5,1.4577817683123213e-9,-2.6584982473550053e-7,-4.679021483919935e-9,-0.00038656177680137106,2.7412100798303565e-7,0.003204593779034544,-2.4744709833473855e-11,-1.1643501340324551e-7,-4.094805863610962e-5,5.759071097190126e-9,0.0023347374442964372,-1.2782592892629044e-9,-0.005667867599405466,-0.002097189679725181,0.011444079390854756,-8.266017174514982e-10,4.471781776438528e-8,2.713999400681158e-7,-2.1693037189690934e-7,0.01564747896839984,4.832159668309094e-9,-1.1245474554706304e-11,3.9392994323114966e-6,0.0003645355459934622,-1.126212760296241e-11,1.7456745190844784e-7,-5.965740342390524e-7,0.00012731480754033222,9.195747951757345e-5,-1.089460373672828e-11,2.2537063558275312e-11,-0.0006665274061322231,-2.5253120918493323e-6,1.0270891758826694e-6,-3.1802575722082026e-9,-3.7001530814472786e-7,-0.0027965193242628383,6.042961345533843e-7,6.822082171330742e-9,5.3026644749906534e-9,-0.041661948487178684,0.00042513590761319493,6.631999867332252e-7,-0.00018381137831708543,-0.00011934989582587236,-0.0002283109241067958,-1.4817882735962592e-10,-2.745192272026047e-12,-0.022954921467555914,-1.688999115008079e-5,7.95410081507658e-12
0.0,0.0,0.0,0.0,0.0,0.0,0.0,0.0,0.0,0.0,0.0,0.0,0.0,0.0,0.0,0.0,0.0,0.0,0.0,0.0,0.0,0.0,0.0,0.0,0.0,0.0,0.0,0.0,0.0,0.0,0.0,0.0,0.0,0.0,0.0,0.0,0.0,0.0,0.0,0.0,0.0,0.0,0.0,0.0,0.0,0.0,0.0,0.0,0.0,0.0,0.0,0.0,0.0,0.0,0.0,0.0,0.0,0.0,0.0,0.0,0.0,0.0,0.0,0.0,0.0,0.0,0.0,0.0,0.0,0.0,0.0,0.0,0.0,0.0,0.0,0.0,0.0,0.0,0.0,0.0,0.0,0.0,0.0,0.0,0.0,0.0,0.0,0.0,0.0,0.0,0.0,0.0,0.0,0.0,0.0,0.0,0.0,0.0,0.0,0.0,0.0,0.0,0.0,0.0,0.0,0.0,0.0,0.0,0.0,0.0,0.0,0.0,0.0,0.0,0.0,0.0,0.0,0.0,0.0,0.0,0.0,0.0,0.0,0.0,0.0,0.0,0.0,0.0,0.0,0.0,0.0,0.0,0.0,0.0,0.0,0.0,0.0,0.0,0.0,0.0,0.0,0.0,0.0,0.0,0.0,0.0,0.0,0.0,0.0,0.0,0.0,0.0,0.0,0.0,0.0,0.0,0.0,0.0,0.0,0.0,0.0,0.0,0.0,0.0,0.0,0.0,0.0,0.0,0.0,0.0,0.0,0.0,0.0,0.0,0.0,0.0,0.0,0.0,0.0,0.0,0.0,0.0,0.0,0.0,0.0,0.0,0.0,0.0,0.0,0.0,0.0,0.0,0.0,0.0,0.0,0.0,0.0,0.0,0.0,0.0,0.0,0.0,0.0,0.0,0.0,0.0,0.0,0.0,0.0,0.0,0.0,0.0,0.0,0.0,0.0,0.0,0.0,0.0,0.0,0.0,0.0,0.0,0.0,0.0,0.0,0.0,0.0,0.0,0.0,0.0,0.0,0.1444319963619503,4.1864092951698257e-5,-0.0008222675530047212,0.006677851267745414,2.214127119114443e-6,2.1334307081165479e-7,-5.780079796675279e-8,-0.00038646211961560807,0.009808982671704566,-7.218184500344695e-5,-1.2630138877270718e-6,1.00376100059928e-5,0.0013604016767749545,3.2131136262568135e-7,1.6092228052325746e-7,-9.894124053266875e-5,5.02978472589486e-7,2.2672987740975233e-5,-0.0005066469714157402,2.334160948062546e-6,-0.00015256123650231302,-5.570188758425969e-7,-0.00033560167471235173,-2.6723580650205717e-6,1.810482594293984e-5,-2.8215963225188274e-5,0.00015215023707352524,-0.0002738834437702126,-0.0008066605884936558,6.059082497121457e-6,0.0043131133939089215,0.005974089522369413,0.02104125972132885,-6.114467191060969e-8,-2.3467046538768996e-7,-7.568675131807095e-7,-1.0931542186301346e-5,3.511352105825408e-5,-0.03563943387403664,-2.4749674101713997e-5,1.5992180497126857e-6,0.023251145208207116,6.463035858573968e-7,7.125051066845379e-7,-0.019562985679032058,7.33185465037915e-9,-7.597522424788057e-6,-0.05544815077109022,1.3047711627230602e-5,0.0038645415761131394,-0.0034461056783064627,-3.105320797970931e-5,6.224898664253372e-7,0.002017112480355659,0.010988391346977214,-5.134743669774667e-6,0.00014496004097721318,-1.1429885145324336e-6,-1.2061696487470355e-5,-0.000834763439689789,6.457627836768491e-7,-1.690471190724623e-5,-6.115941682065425e-6,-0.0002644944358170796,0.055160622905081995,2.087255165316983e-5,6.297028195146701e-6,-1.2453237491018455e-5,1.5419995551831475e-7,-2.3430039119797986e-7,-1.5798459393425496e-6,0.03905834117756512,-2.9952736068394045e-7,0.025351768794865438,-0.0006277212692547374,4.8954742741708075e-5,-0.016143916592361068,0.00030798883616340174,0.00046934221926410577,-7.1959807022897716e-6,-0.0007749047313019478,-9.090349208480213e-7,-4.686923193449757e-7,1.430662941965311e-5,-0.003666328191661525,0.005571092146687669,-1.7548804811470074e-5,-9.445825139540835e-5,2.3250697559792206e-7,-0.007190907269137952,0.011161148108154198,8.543100412432579e-5,7.327579162926598e-5,-5.917244525975276e-6,0.008596546077399434,0.0003508893929810133,-7.698287126516776e-5,-2.832223796196165e-6,-1.207447055717096e-7,1.0980524451901656e-6,-0.001227724693603896,0.002441773245730152,-2.180911975957864e-7,-1.8108225726834573e-5,4.036513441885401e-6,-0.01832027250493326,-2.1707024953564918e-5,3.760515034425895e-5,-1.5771060614075272e-6,-0.0002319312118151069,0.057585991187370365,-0.005454433484363569,7.846274790206422e-7,5.3824691656194805e-6,-0.002543778331182978,-2.2819196844057364e-6,-0.0002831369423703218,-0.0005544609615378695,1.039902935240565e-6,0.00010696604425686172,0.0010038220014383361,-0.00024338790102429236,5.380943029766184e-6,0.0038662954479714434,-0.003242313101273981,-0.00020380975876760335,-0.0005106103380046481,-2.8269452573759173e-5,-0.033810523943785434,-1.6916589271072863e-6,-7.369072616110571e-5,-6.628683022918923e-6,-9.395771491318754e-5,0.0005364707065123397,1.7254635848029764e-5,-4.8516722395016945e-6,0.00013537273919081834,0.024520841518914354,4.5388510201492225e-7,-0.003296529893212878,1.733930369839156e-6,-4.839543480440122e-5,1.819433933623372e-5,0.07543851167461928,-9.92926884402654e-5,2.6258010774758605e-6,-0.0002859789791581013,1.1475591921856541e-7,-0.0006592957499803023,-2.1932787936355655e-7,-3.677223592026798e-7,1.5066329857644944e-7,0.03600456332451341,2.275140887089732e-5,0.0006743245824828462,0.01333927613409585,-4.1829178782298096e-7,0.047483030839196104,-0.0008682205408488422,0.0004845056700584015,0.0013469873960321626,-0.008594223522135687,2.8221297660036253e-7,-2.8050016489365133e-7,0.00220283536398239,1.9150968029863709e-7,-3.8929445116784314e-7,0.0001249360663512621,-1.2803069877770715e-5,1.3751058855767554e-7,4.00080948341384e-8,-0.00019750048916459265,-4.6562097135405314e-7,-2.5011730004130145e-7,2.879202377248332e-5,0.07888359593084997,-6.444569091391473e-9,-0.0010559130620703908,2.9034451636393016e-7,2.2198596141525256e-7,-1.1262410457871742e-7,2.2955549070633553e-7,-3.2813720268796046e-7,-1.8456542736610836e-5,-0.0006015539195868931,-8.947769250545258e-5,-0.0021209084442737765,-7.369753501165581e-6,1.0636465943119697e-5,1.745324941875764e-5,1.3784793941017644e-7,-0.0001453875940049205,0.00041630392328231337,0.005547695410945109,-3.4439489532773696e-6,0.0004931787559050445,-1.5341638879799773e-5,2.1222588741496175e-6,2.822132958278782e-7,-1.4252970590282185e-7,-2.4713286417138032e-5,8.921399091070219e-7,2.9632940662395037e-5,-0.00016347196993716126,-3.45638796858738e-8,-2.2434537731448703e-7,-2.4444655863065537e-9,-0.0011150800325236063,-7.482567134502069e-7,-0.0006552159509927383,-2.2129501153842097e-6,-7.597018908685179e-7,-0.00023971746048369718,1.4022365450248548e-7,0.0003459881769251809,-3.691989812170918e-8,5.506527935251194e-5,-3.2177071396930294e-7,3.056432293078132e-5,-2.7129999439039423e-5,-5.198148595516909e-7,-3.1043877498748823e-7,-1.3481611137765233e-5,0.006254736441003041,-0.0001135869368944396,0.00022390867496949822,1.1046173906223907e-6,-2.421820012879105e-7,0.00020765697392241295,3.5144202559191494e-5,1.2584796167233993e-5,1.1435810253294123e-5,7.957203086877527e-7,3.325496059275812e-7,-0.02311121339531767,3.689416097760159e-6,3.3244604491369827e-6,-1.7247761915035376e-7,6.350040966113431e-7,-2.0001818366180885e-6,-1.8900533503233928e-6,-3.0106228835664225e-6,2.1738742048663373e-6,4.2086227572454604e-5,-2.054628771061401e-7,-0.0035286736550186808,5.952412580684631e-5,-1.532981728303357e-6,-8.993302999152107e-8,3.4970348975441277e-7,0.0025709419626755397,-9.364390971012825e-6,-7.995614434433583e-8,0.0020964103564854223,0.03330227322587375,6.811378523138251e-6,-1.2045374873648881e-5,5.6723882765225175e-5,-2.483040376673274e-6,2.7242118258320823e-7,0.006651432685283564,0.0010204774721338228,-0.013756215197326262,0.002619425768329111,-2.0442270418451844e-5,-9.581312784537507e-6,-6.435700398280138e-7,8.528663970748357e-5,6.739653510978678e-6,0.014618459852862257,1.0537309022983449e-5,-0.005529451003899761,-0.00452743135462782,0.010324549572305265,-2.9828580075556155e-5,1.8290512437480642e-5,0.0002137809697513986,0.0009983655135548499,8.69624797783556e-8,-0.00032537963870582503,-0.0006307607679090251,-6.761017422200416e-6,-2.0236699682161551e-7,0.042257718426616665,1.336757870992923e-6,-2.364101530463803e-7,-6.777033081065993e-6,-4.602211063397925e-6,-1.632293003976018e-5,0.002426441581857609,-9.6859926809229e-7,-4.446672626104612e-6,-0.0008320931936773565,9.971376990115155e-5,-0.0003171605929323018,-8.261201054516188e-6,1.2943226075206337e-6,-0.0002321344876044877,0.024871556335684313,3.437747550408591e-7,4.727672979967224e-6,0.000546639828502936,-9.94224161176641e-8,-0.001766806335936529,0.06130405568186246,-5.023537481211038e-5,0.0010427000955364819,1.461262560197685e-5,-0.00999639589606899,-6.041677898414207e-7,-0.00011345190489683408,-0.00029080310025925995,1.5695731990632846e-5,-0.010804913848525683,1.8919584893750898e-6,-4.477630963562565e-7,-3.0471231196037898e-6,3.8666316653194976e-7,4.2041956540982e-5,-0.00048756129111327933,2.3602632976687746e-5,2.361358848864706e-6,-1.001957821012525e-6,0.0005122967227601048,2.8311573530489063e-6,0.00516312223515597,-4.076457820275963e-6,1.8136929965947219e-9,2.204566612719842e-5,1.627332851720058e-6,7.566054963104407e-7,1.2715025861231568e-7,0.01055007420142033,6.086907824839566e-5,-0.0003048166349576156,-2.1281825668142027e-7,0.0008223635072297969,0.022875137163544536,-4.276072367771509e-8,-1.0904280987586025e-6,7.206961895618302e-6,-5.226263879817886e-7,-2.016581737549384e-5,-0.00049750499704614,-0.0025650986017195974,-0.006903343823307614,0.0796773819133923,0.0005083876322609876,-3.85252630231743e-6,0.0005074756261833006,-2.9094585859652783e-5,-0.0005613624579480494,0.0001116410730343607,4.757993156730522e-5,9.613144575611256e-6,8.550083799519092e-8,1.7277420947995322e-6,-1.6039516833587048e-7,-6.617896694922996e-7,-0.008771549287753765,-2.0151926803555327e-7,-8.448953778984554e-6,0.0031906489749089734,-0.001188448723826803,0.0013340176688291946,0.0003390729567054042,4.862396099574735e-6,-0.012866513684926764,-1.5388502352851683e-7,-1.0510459681163274e-7,-0.007289274863773568,-0.0016852761496911801,-1.733813859579612e-5,0.00024404276518926962,6.812602736353155e-7,6.524917853015656e-8,1.5579425336632244e-7,-1.2218648531585482e-7,1.558068791468413e-7,-0.027111122381693428,-1.1045504933565522e-6,-6.488002302014973e-6,-0.00018751688359072523,0.0005952380519125929,1.7259708989750608e-7,-0.0008347319270042438,1.3095132453468329e-6,-3.6885555832913154e-5,-2.8398800062521073e-7,-0.0007625026640850335,0.0038525000770359297,0.022342591920791504,-2.7864995366731305e-5,-0.0007051359706602939,-3.2523655844214007e-5,0.0004266782185471306,-2.0254457875662113e-6,1.6130308387658543e-8,-2.2376442177279066e-5,8.2252297179186e-6,-2.7250989987642873e-5,1.2077413793048567e-5,-3.2507805345654814e-9,-3.497951787403765e-5,-0.015776192990123315,-0.00023960033338551103,-0.00011246147550730911,-0.002734232385996253,-0.00416061885025057,-7.116951214278272e-6,8.306258185942279e-7,7.916143871734206e-7,0.0033919254890994233,-0.0008005096228226975,-7.075710970621107e-7,0.04315119887496581,-9.243316717085902e-5,1.3373241946166856e-5,0.009584652009526413,9.951943204181501e-6,-0.003692445873932207,-5.607802796037104e-7,-1.4908375226232943e-7,1.9943118961754234e-5,9.281733436218964e-8,0.02585920018840957,4.190015905142298e-7,-5.217861086445347e-6,3.365375014402363e-6,-1.4246385742057798e-5,-0.00011671028114338093,-2.3258341047827053e-6,1.343709046192549e-5,-4.76810043525552e-5,0.014673264921568941,5.9990406385046825e-6,-0.0015711313103752367,-1.4965709349947337e-6,-1.3354976943031294e-7,0.005074852566615996,-7.602393434107845e-5,-0.0009572523733630293,-4.1464278708065205e-6,0.012972906247930129,-1.4993042836766393e-5,7.30296936874681e-5,-0.0005095361357998846,0.0015740800760362117,-2.916465624624896e-5,3.645279992284322e-6,2.1984329578810557e-6,-0.00026159262860941365,0.003853094518028061,-0.006326250102325351,-0.0029209832829320843,7.188539748365354e-7,0.00032881000649540953,0.005049896772327344,-7.146595198915132e-8,4.297453800764075e-6,0.0004118354552823364,9.5361999824819e-7,0.0017627208615628024,7.312302411896202e-6,-3.8621871601517923e-7,-7.733663065900278e-5,0.0007337550402113812,-5.803209812019993e-5,2.607881882549468e-7,1.1593689232856022e-5,0.0037189239818547493,-4.364833368138126e-7,-0.00030712160642633926,1.382924344099513e-5,-4.338967465824237e-6,2.016907462752328e-5,-0.00021172581766938303,0.0002952980527896786,-0.00042663361316243217,9.526385549433264e-7,-1.340768861127711e-7,-7.000982325630492e-6,0.04868445755369301,0.0003666037804096339,-2.2517583748662654e-6,-1.38247522085363e-6,-0.005084238911559111,-0.02998526719697834,-2.788681441361586e-7,-7.493758627612457e-8,2.2909925943192258e-7,-0.0002644485830463475,1.0875193769367726e-6,1.6216404024119325e-5,-1.0356252324154279e-5,-0.0003279117668312185,-1.1236919199243878e-7,0.001377625942873846,1.781620089587757e-6,-2.0630523022185083e-7,-0.00019503763679013973,-0.000276173276689932,0.020849884592104025,1.891529735311166e-6,-3.7254663865046046e-6,1.5917230024427215e-7,-8.244345866333512e-8,-0.000620797191266825,-9.880386060506937e-5,0.027975572426620826,2.3761719822309737e-8,0.0005577079649917963,2.5805431595474462e-5,0.007485206028468416,4.1964123431346894e-7,-1.4796541786430846e-6,-1.4145225505943475e-5,9.652205474531033e-5,-0.007661016308241397,0.0001856734547035529,4.6452291670949635e-5,-0.033788982702108006,2.0164788488146358e-7,4.445637931010928e-6,0.0025088502920941145,-0.00026401163869810854,1.2471639329396476e-5,6.787119846372231e-7,2.724784313870963e-7,-3.2698591062371713e-6,3.0188515743382378e-5,-1.3489683054390028e-7,7.817881438250349e-6,-0.00035347816255626327,0.02989503260208517,-0.0012138153785519509,-2.1371704014362129e-7,2.6039633273647835e-5,3.0292385491094956e-6,-0.00095106777551858,2.1979813790024314e-5,1.1569037324424596e-6,-0.016822184613681977,-0.05759777264965474,-0.000500275841692735,-1.5859316254251294e-6,-1.0490345183405745e-6,5.200640576474649e-7,-8.303708654519065e-6,-5.820833808119733e-5,0.04099290278070391,0.0001061061626785966,0.003121929218640489,5.300331747589506e-5,0.012209542964514927,3.9215425614928436e-5,4.896759133596664e-5,3.589832793393123e-7,6.479588252740666e-6,-0.00040909625983781545,-4.5682226506279676e-5,-0.0007841028547282171,0.00023964419714475884,1.2195304281114329e-5,4.4321893238793083e-7,-5.399214801991304e-7,-0.0005831572217718757,1.488683876170626e-7
0.0,0.0,0.0,0.0,0.0,0.0,0.0,0.0,0.0,0.0,0.0,0.0,0.0,0.0,0.0,0.0,0.0,0.0,0.0,0.0,0.0,0.0,0.0,0.0,0.0,0.0,0.0,0.0,0.0,0.0,0.0,0.0,0.0,0.0,0.0,0.0,0.0,0.0,0.0,0.0,0.0,0.0,0.0,0.0,0.0,0.0,0.0,0.0,0.0,0.0,0.0,0.0,0.0,0.0,0.0,0.0,0.0,0.0,0.0,0.0,0.0,0.0,0.0,0.0,0.0,0.0,0.0,0.0,0.0,0.0,0.0,0.0,0.0,0.0,0.0,0.0,0.0,0.0,0.0,0.0,0.0,0.0,0.0,0.0,0.0,0.0,0.0,0.0,0.0,0.0,0.0,0.0,0.0,0.0,0.0,0.0,0.0,0.0,0.0,0.0,0.0,0.0,0.0,0.0,0.0,0.0,0.0,0.0,0.0,0.0,0.0,0.0,0.0,0.0,0.0,0.0,0.0,0.0,0.0,0.0,0.0,0.0,0.0,0.0,0.0,0.0,0.0,0.0,0.0,0.0,0.0,0.0,0.0,0.0,0.0,0.0,0.0,0.0,0.0,0.0,0.0,0.0,0.0,0.0,0.0,0.0,0.0,0.0,0.0,0.0,0.0,0.0,0.0,0.0,0.0,0.0,0.0,0.0,0.0,0.0,0.0,0.0,0.0,0.0,0.0,0.0,0.0,0.0,0.0,0.0,0.0,0.0,0.0,0.0,0.0,0.0,0.0,0.0,0.0,0.0,0.0,0.0,0.0,0.0,0.0,0.0,0.0,0.0,0.0,0.0,0.0,0.0,0.0,0.0,0.0,0.0,0.0,0.0,0.0,0.0,0.0,0.0,0.0,0.0,0.0,0.0,0.0,0.0,0.0,0.0,0.0,0.0,0.0,0.0,0.0,0.0,0.0,0.0,0.0,0.0,0.0,0.0,0.0,0.0,0.0,0.0,0.0,0.0,0.0,0.0,0.0,0.0,0.14426980939179085,1.562157909533328e-7,-8.613066184941534e-6,0.005417803051158168,1.502928933150662e-11,3.451197860584698e-11,0.00022654212468998543,0.0003659673564995372,1.1529479728440808e-8,0.02085322764684391,-3.826494060910401e-9,7.882593827234938e-6,-8.864063739546309e-11,0.0008318260501572162,2.7408635556848943e-8,-0.0027697087344547614,3.973922397317806e-7,0.0014041585425839278,-4.330735812276635e-10,5.0316716958323005e-9,7.572800629834806e-11,0.004778963474650739,2.18571888774865e-9,-0.028522642320687505,1.7303795148268466e-7,5.549147096748862e-9,-0.0023096458944172377,0.0003263539230078363,1.1016135708452762e-10,1.5125290834651328e-6,-0.00015623533849073597,6.620657665845412e-5,-0.001177723504024887,2.2053159219819582e-11,-0.00463832387722865,-0.012184990662396367,0.030310890001948407,-1.2374860123764368e-5,-3.0898272116119633e-9,-7.588260267101675e-10,-5.532278394657025e-6,0.008797792981812552,0.0011145860082107091,6.037370081108293e-7,4.5228373950975875e-11,0.002234908570765533,3.283270367437044e-6,0.04195330068700566,0.0003835994842352517,4.073960211697529e-6,-0.0228106409838075,-3.209196989822069e-10,5.028980061024347e-7,0.00012506260644109827,-0.009882067562433148,-8.824504497009775e-8,-0.004614284256519527,-9.058569830981362e-9,-0.0011228700428180726,-1.6722769748895203e-10,-0.04757660687024079,-0.011309918168518219,7.9699218327575e-8,3.44355897755993e-6,-1.7623567527571672e-7,-6.417145169773601e-10,2.2944837445590258e-10,-0.0007144680446044856,3.662758641086357e-12,-1.1009530781326122e-10,2.2423633110882895e-5,-0.0006603899513965738,-7.686520867309666e-6,-5.805298782485407e-8,1.0800508092653335e-8,8.358344867639817e-6,0.0025554670806579314,0.001137719168479864,-4.739415133128425e-10,5.948491704199096e-7,2.44316727158788e-10,-0.0008058442068229458,-5.4051185923074685e-9,0.00012017409760843601,2.1052167289421145e-7,-0.006469016781307762,0.0011111378601446839,1.1578662573313681e-10,-1.5716646808472783e-7,-2.8679112313043327e-5,3.999817652179945e-8,0.002498503659338089,2.2813746697545195e-9,-1.0583850739091027e-6,0.0038609999267674856,2.5271352911757823e-8,-0.004201437248617395,3.244483197686209e-11,0.0038349831050272835,1.5060372650340523e-7,4.076975929299599e-5,0.000554118762780758,-5.7698128229434715e-8,-2.1597945019281595e-9,5.812367087767903e-6,-0.009422658850224438,1.3803441171432015e-8,-0.002675635857829505,-0.0011621128948612173,1.9676759706195233e-5,2.4123816710118502e-5,2.924277825658449e-11,-0.012696591747998648,4.790285348065966e-5,3.9247366992258313e-10,-2.0136690054294263e-7,-0.0012651112526863289,-0.0010830521414382439,-7.687450056434452e-8,-0.00014509357293703283,-0.0021145473693713,0.020263319522431707,-0.00013170124888706394,4.3819470637604065e-6,3.8435227519226613e-8,0.00013209113114015189,0.0033267331623981957,1.658276204528753e-6,0.0016205025942904521,-0.05575157704578235,-0.010128574298958392,-3.875402657763309e-9,-9.110095838045744e-8,-4.910812648239983e-9,-6.272587351261949e-10,0.0012767110706405351,6.955577914800369e-5,0.0017068334255125536,1.8646877615865926e-6,0.0019145941949074241,6.921160848044188e-9,0.05548953913224622,1.8521431267684915e-5,-0.0011610164480002042,-0.0015571218653980825,-0.004405420442302673,-0.00019026224090841704,0.0006558223514193893,1.2566521185575042e-10,0.001174764142110306,-0.0004913172400073201,2.2902636585683152e-5,-3.757982841727836e-8,3.704002755546633e-5,-6.064732848849093e-6,4.777149446007506e-11,-1.2087251791292802e-5,9.944592077679236e-5,0.00023414851141640474,-2.599290461708691e-7,2.554510163134621e-6,-9.586846063357589e-11,2.2806589263671098e-10,2.8036310054279998e-5,3.3895334889563606e-10,4.426303187743454e-11,-0.0028415189595655853,-0.03566628830737881,0.00027423235428126173,-3.2234813641373294e-11,0.004835483331504831,9.522590509426157e-11,-0.00015148899721768345,7.66571021287164e-9,3.3418389578448566e-6,7.452619305441606e-11,9.59081725470425e-6,0.001152786987619558,0.0005961848871439549,-0.0001302597485531416,-0.00031799077460644765,7.269672507232137e-6,2.1553396744356933e-9,0.005267664386808086,-0.018276350755178843,-1.1406134695884718e-8,0.007199210180238558,0.0035690927613638212,0.0009622485301918853,3.334141381596328e-11,0.00012224763022077793,-2.1833992668414018e-7,-8.496860727477808e-7,-0.015435455968353603,7.49017956647433e-8,-0.01337582901540028,-4.335913505839324e-9,-0.0009924963525026402,-0.0010805965360590516,-0.002461898219591384,1.2046133372929056e-10,0.0686685759205308,-6.264659655543601e-8,-6.65791264360501e-11,0.001148807310788681,-3.1055308811338847e-10,3.9615936663773185e-7,-1.1037629640268125e-9,-0.0017499704193904065,0.003770902073636204,0.0018971193448582833,-0.000120089332284694,0.0005575092912896815,3.9863420775519264e-7,-0.0001730187172677509,-3.1574654722933944e-8,0.03217098394792345,0.025113765190508848,-0.011293528828787529,1.157372244859839e-10,-9.582696150785212e-12,1.4632457637787073e-10,1.0436169476053793e-6,0.002819377347282959,-2.5418698706628128e-8,-0.002311563756045392,-2.864035322987146e-10,-0.00040720880708367154,0.07715393229044021,-0.01945586264747121,1.882229363824451e-8,0.002085331329752877,-8.064669830125922e-10,5.69966480149873e-7,-7.8585325404762e-10,0.004832830024867763,0.000815366293274141,0.0005360017333002658,8.368777312054942e-10,-0.004375350146396577,-0.0046285624660474195,-0.0017063517047831175,0.009272287950442394,4.6204208969571075e-11,6.053498375923775e-7,-2.1776782140083064e-8,-0.005433895910972253,-0.014304699877212414,-0.00034556716093842835,-1.939338671733091e-6,-0.023090953950971615,-1.1539628436423763e-11,1.199717462676201e-6,-1.2008859440974792e-6,0.011636331054806775,-3.850808950856832e-9,-3.822909774215124e-8,-0.0009627259243488446,0.06596075888557157,-1.100209092813472e-5,8.18243995724824e-6,3.33229502384643e-5,0.0002158932634582598,2.9369842352368465e-9,1.9439079878055794e-10,-0.0020776992854475537,0.004709597689407993,-2.11860344865521e-9,5.17772824353515e-5,0.04993899499460256,-0.0004577682165315775,2.080106793112445e-6,1.87997685782935e-5,-2.0704199986529574e-9,4.3980532076416156e-7,-1.2632916554663473e-7,1.5249734849731995e-7,0.0014744510223757815,-3.487507972782479e-6,0.0002517139509654447,6.109479360563777e-10,1.548452486205515e-10,3.833917867703389e-6,-0.0024707024840927537,-9.200467586226001e-12,3.2933494606126804e-9,7.082351546063838e-10,1.1833223116566769e-8,-7.281663259223012e-8,0.016802989998668926,0.005758693697139946,1.8669631439639186e-8,-4.489910766282022e-5,2.325353481231859e-8,2.5901126313176587e-10,6.400356825396633e-10,1.139091673200007e-7,1.8491089508729658e-5,-1.2196337925010432e-10,-3.421272034502507e-9,8.805825341940563e-5,-0.004538362296551209,-0.0007814787740448894,3.362953963691882e-6,2.6966266127539118e-9,-7.517875127991395e-8,-2.521321179549584e-9,-1.2730682255096319e-5,-1.4865110172364751e-10,0.0009535043026559546,-0.0005570732001215303,-6.893726651573977e-9,-3.555562068729328e-6,-5.049483058380312e-9,5.404111926672378e-10,3.6682706768138255e-9,-0.00010401615583603828,-3.091702885490715e-8,-0.00016219556996567263,-5.9627200268700674e-5,-3.626674816483876e-10,1.6759445100535036e-10,5.38549083860055e-8,-1.670444903166853e-9,-4.225613765733313e-6,0.0006864332776672337,-3.7933285841135564e-11,0.044902286784442996,0.005024510746030872,-2.4661388964878697e-10,-0.0005583704002132175,0.00010921517724570554,-5.759032116619581e-8,3.4079087187478795e-7,0.0006105777923282357,-0.00037916634992456644,-3.7784755656396235e-6,-8.167602022283202e-10,-0.0021099617067235894,0.01042638824575759,-6.112870302186042e-10,-0.00654179664208453,8.089909102269596e-7,0.00014255726295481146,1.4900158172501887e-5,9.64146733158631e-6,-1.9117512894189707e-7,-1.230679858882612e-9,2.6221878716880707e-7,0.008374503391693473,0.00027068753466296053,-9.235515874403119e-8,-1.2795371348364288e-8,-6.6275370746838375e-9,0.00015849588470330034,-0.0006548083826643214,4.474174183597587e-12,-2.553783868540546e-10,1.4465934033784373e-6,2.3199755755446378e-11,2.6598793105572326e-8,2.3792334519443586e-6,-2.017057698406261e-5,-2.842668357175092e-8,-1.2193248061923922e-7,0.00045632698258953416,-2.4081555933112552e-5,8.144874050007452e-11,-0.00040426770172966763,-5.767568297184432e-7,-1.526710360651512e-5,-0.0002829925242163092,3.1474426332364756e-6,-5.322620355037849e-10,-6.231091236190208e-12,0.0004286385189014484,-0.0019755181596881094,0.0002137069783535519,1.5185902117192183e-7,2.3087212799739217e-9,1.131898968119408e-8,-0.00033119288650816533,0.00047487203790202835,0.0009878464301238514,0.0006242686503835001,0.0077488028443927675,1.3607131452712304e-8,-0.0008731903042605849,1.5807185272986905e-7,-1.024173461082742e-5,8.726417522886672e-6,0.0019215971890781565,2.253081208723177e-7,-4.323616724010531e-8,-5.158642990877993e-7,-0.004698466768303525,7.567792049284794e-12,0.0006394592391054251,-7.824107885701338e-9,-0.012308179515279743,-1.3691850976574888e-9,-1.9660646809975696e-11,-0.008998063542751091,6.335643346043565e-6,-0.002192137966540175,-0.01394350529488092,-3.23572827973207e-5,6.667205061049656e-5,1.992550647781453e-9,0.011357975081542885,-0.02134749788131665,5.680550098531375e-7,-0.0002610863094078209,-0.0010939513163598657,-1.13995582446083e-6,-0.002319325068788474,1.6130387750349007e-7,0.00014153819585628534,-3.1962721796971604e-9,1.2189236323211373e-5,0.00044509823280258586,-4.5084876991435493e-11,0.06279379273564618,-9.654907794185622e-5,2.26780433315982e-5,-2.776965295642169e-10,2.0100651880539253e-10,0.004792035795491536,-0.03164807659516431,-5.1108569436948923e-8,1.0013758359132937e-9,-3.8298083769373256e-9,2.698196869336894e-8,-4.058219282548109e-6,-0.025972989638437464,7.753490289721867e-6,0.0001488794629068361,2.107588655173327e-11,3.803550548955565e-5,7.466747173293444e-8,-3.5043901033592524e-7,-0.011401824722695008,0.0002430312504432002,2.3372685813840973e-9,1.8339563231436896e-6,0.0005355154190654109,-0.00010861533311901352,2.579896887779125e-9,0.007476055321104276,0.008921357408675851,1.1218188748985339e-7,1.9024362048621224e-6,-1.3913469953872233e-5,9.015720491946641e-7,-1.0809696779913073e-9,0.00044490164420582024,-3.833761133583904e-6,0.00025381806292752636,0.0099209948215128,-0.00041677336347568467,-0.0022210816308206585,2.703913428545188e-7,-1.907203015061221e-9,1.5022716265495257e-11,0.003581861210708784,-0.0012472386273682185,-0.0036162806921694875,0.00011177152488654509,4.713720200240849e-10,1.924460217307134e-5,1.9981725974352157e-10,-1.1944568078376467e-8,-1.2107132884407397e-8,-1.3065119088323379e-9,0.016619617661363065,5.460875664689944e-8,8.562990184423196e-5,0.0019216965007228537,0.06227285252945339,-3.7728382460555364e-12,-0.0008529098014872614,9.679793044024423e-6,0.004944312102847175,-0.005284034877378242,0.003171211482524544,5.156673609873061e-6,6.691940731918199e-6,5.885732086506174e-12,-3.0974442310714257e-11,3.3864589591553335e-11,-0.002349932468174685,-4.378125718648086e-11,3.407862373783805e-5,-0.019020329062822347,-0.00019445733650100703,-0.0003461721170998636,-8.973078947137209e-5,0.009205839593468662,1.524233482513638e-11,5.396993487938884e-5,-0.0020793107110274366,2.829026654305364e-5,0.01728350318630742,-0.001222662978617416,-0.0022717845567219457,-6.87870546191377e-11,-0.00040723004017795554,1.6787548002129627e-7,3.499896948258824e-5,0.0009538212463236012,-7.24478246143081e-7,-1.4491623308266095e-10,0.00018780731006797882,-5.962088974760853e-10,-0.00040542547299795916,-0.013570657334843703,-8.273704584919272e-8,-2.2918322449371212e-8,-6.997154813695679e-7,-0.002086173609760451,-2.6905056996400173e-7,-0.0011345937395284467,-3.4214371152110642e-12,2.3414671300573076e-6,0.0007881488429115025,-2.8811584469341016e-8,-0.0010290751885653222,-9.595151847914549e-9,0.007790028505499342,0.08202298511448226,0.0008414361267818795,-4.066760366746497e-9,1.479897751018582e-7,-8.158478263759505e-6,5.72390328035278e-6,-0.00040299811989609105,2.5180457343915257e-9,-4.2266390543513447e-10,-4.050510951276301e-7,0.0006256951639439568,-6.834821085672535e-10,4.641978364445257e-6,6.222717342336253e-6,-0.0014807269772632344,-0.000755234130483584,-1.781920097661896e-11,-2.4215736133242356e-10,0.0022106439190426393,0.0009020654211666476,3.218512690702479e-7,-6.4668241055687555e-9,1.6003204206587836e-5,0.006281716116986701,1.057761250012035e-6,-4.418128969707749e-8,1.7072047809773301e-7,-0.002934066943816058,0.0008174075574061688,0.0008695919925114516,0.00022892671055366027,-0.0014321690122469741,0.00558339683894081,-3.252155263156119e-9,9.445473654504258e-11,-0.003225096702003643,3.221158979502176e-5,8.254109676304e-12
0.0,0.0,0.0,0.0,0.0,0.0,0.0,0.0,0.0,0.0,0.0,0.0,0.0,0.0,0.0,0.0,0.0,0.0,0.0,0.0,0.0,0.0,0.0,0.0,0.0,0.0,0.0,0.0,0.0,0.0,0.0,0.0,0.0,0.0,0.0,0.0,0.0,0.0,0.0,0.0,0.0,0.0,0.0,0.0,0.0,0.0,0.0,0.0,0.0,0.0,0.0,0.0,0.0,0.0,0.0,0.0,0.0,0.0,0.0,0.0,0.0,0.0,0.0,0.0,0.0,0.0,0.0,0.0,0.0,0.0,0.0,0.0,0.0,0.0,0.0,0.0,0.0,0.0,0.0,0.0,0.0,0.0,0.0,0.0,0.0,0.0,0.0,0.0,0.0,0.0,0.0,0.0,0.0,0.0,0.0,0.0,0.0,0.0,0.0,0.0,0.0,0.0,0.0,0.0,0.0,0.0,0.0,0.0,0.0,0.0,0.0,0.0,0.0,0.0,0.0,0.0,0.0,0.0,0.0,0.0,0.0,0.0,0.0,0.0,0.0,0.0,0.0,0.0,0.0,0.0,0.0,0.0,0.0,0.0,0.0,0.0,0.0,0.0,0.0,0.0,0.0,0.0,0.0,0.0,0.0,0.0,0.0,0.0,0.0,0.0,0.0,0.0,0.0,0.0,0.0,0.0,0.0,0.0,0.0,0.0,0.0,0.0,0.0,0.0,0.0,0.0,0.0,0.0,0.0,0.0,0.0,0.0,0.0,0.0,0.0,0.0,0.0,0.0,0.0,0.0,0.0,0.0,0.0,0.0,0.0,0.0,0.0,0.0,0.0,0.0,0.0,0.0,0.0,0.0,0.0,0.0,0.0,0.0,0.0,0.0,0.0,0.0,0.0,0.0,0.0,0.0,0.0,0.0,0.0,0.0,0.0,0.0,0.0,0.0,0.0,0.0,0.0,0.0,0.0,0.0,0.0,0.0,0.0,0.0,0.0,0.0,0.0,0.0,0.0,0.0,0.0,0.0,0.0,0.14410380122951863,0.0023286406678080236,-1.655283062514957e-7,-8.996789219108792e-7,-5.6378123052785964e-6,-5.307889138148214e-5,0.0004325718732717371,0.0011337469318431581,1.0696853270369984e-7,-0.00016453942505427311,-0.001425930019349693,-1.5471006647925326e-6,2.6750338165653585e-8,-0.00043825257885743836,5.445180267945229e-8,0.005901118878194034,3.92305100088926e-5,6.690833977048144e-6,-0.002961279060559062,-5.066280571945246e-6,2.1794645134831925e-6,-0.0003751081205660988,-3.7687692447933836e-7,0.002129992415737914,-0.006131351953162657,1.3206318406040842e-5,-0.00010044704093322374,0.00011619166780668274,0.0003387768721936354,-0.0008164236290656257,0.00020564895472343966,-2.865279234439761e-8,4.179072692221665e-6,-1.1730300026469792e-7,4.85618748445928e-7,3.2551184812596676e-7,-0.001795792946888561,-0.002236460993306567,-2.2013388928506345e-5,0.025311846218906957,2.7781545433175174e-7,1.2602661992468739e-8,-0.021288684064545916,-2.2394024984254428e-5,-1.1292551675020194e-5,-0.002604088287985703,-1.2787870047783356e-6,-0.00011813623835176628,0.017025242423662327,1.6188257113383734e-6,-2.0070343264756368e-5,0.011755330125467962,0.0006911572736378636,3.489139007141165e-7,0.002198221677509503,-9.25816926580046e-8,-0.0012060202210154218,4.536712933793602e-5,-7.975097586743481e-6,5.007385122771026e-7,-1.9520317826763903e-7,-0.00030767541717853877,0.001927485199737609,0.07070617670196032,9.771122851607949e-5,0.0006673706903249026,-1.7812223932619766e-8,-1.609522781522627e-6,7.691296517806945e-5,-0.0007808546764703384,1.160410988941548e-8,0.0095409111116041,-0.02093947217731499,-0.007497939820279727,-0.0013628806516712303,-1.7948849354668295e-5,-6.216506926546215e-5,3.626487117921149e-5,0.008258298203313655,1.220941026608683e-5,1.572290260189288e-8,1.838784164454081e-5,-7.564376327807722e-5,0.03927605369986833,-6.026798889049615e-7,2.3797933173094525e-7,7.39499098958261e-6,-0.046377903552295006,9.872755649813055e-6,0.0014328680396117903,-3.573399105542839e-6,-2.482668861017354e-5,0.007089595825710939,2.9334707468330752e-5,-0.0015390160401940972,-8.549348692794376e-8,-5.0242957395766e-7,-7.37934388778621e-7,-0.003608638520737823,-0.0024762780843267307,-2.65136577378941e-9,-0.007184288141364902,7.987562493683781e-5,0.0006329210622990174,1.387277589322932e-6,0.0014848421878424114,-2.2293906391129495e-8,-4.397788499875826e-6,-0.0018823167500156754,-0.0004159561538943523,-1.1088335819319955e-5,2.9004031609795995e-7,0.000246225994432653,5.313082452250063e-5,-0.026718958344661446,-1.6751372003376385e-6,-6.163071893856821e-8,-0.004668796709799237,-0.0012631487908285948,7.576204387040218e-6,-2.2776699667374654e-7,-3.503472411124595e-5,0.012204622252719087,0.00015521626250398717,0.00037149068312162885,-9.446360593613678e-6,0.00822293738467064,-1.992130870049344e-8,1.5472367562175931e-6,2.7056504832199667e-7,-7.03297384219777e-5,0.004400628295931257,0.00033518731860652346,0.00025785768921569765,-2.0911824528862762e-5,-0.00032243312996096794,-1.7662502059042234e-8,0.0036980292516764664,-1.2963782209751994e-7,0.0005735451149129589,3.510215702337958e-7,-0.0015200746953624035,4.240669680438062e-6,-7.906080594774073e-7,-4.788897793816496e-6,-2.9165398061496218e-8,-1.3482400981823418e-5,-2.0182663499045702e-6,3.2545434878137966e-8,-2.1465322296224224e-10,0.0011862631051835796,-0.0004253904451134759,-0.00020683641992106023,0.002322308139229367,-1.3431597124233527e-5,-0.0015727028540269221,-0.00013611301673477192,-6.036492833971422e-6,-0.0011786930319489135,-0.006301451323790311,-2.151021187128424e-6,1.577364502043836e-5,-0.0004926160782574293,-3.092831056887427e-5,-2.9418397955190944e-6,6.1615453736131345e-6,6.135456562462982e-7,3.175575686702402e-8,-3.0641606002266144e-6,-6.283072929265139e-6,-9.477957063182185e-6,3.039250438157156e-8,-0.0038507380207841503,0.0006065433853780136,4.679317750057881e-6,-0.0013242167245103634,3.3702474771446883e-9,4.176657027574857e-11,1.917193615136665e-8,-7.0231185029171235e-9,3.312097264644122e-8,-0.00023705099263872807,-5.183098243739686e-6,4.2722608401681e-8,-0.017656990777775577,-2.9830146058822937e-6,-1.0675658234317091e-6,-0.00010949962330455791,-3.050735102638019e-6,9.432268794764352e-5,0.027106668562782092,0.02794213270285688,-4.996527593837389e-7,0.012937932375624883,6.626074037810493e-6,1.6345827498882554e-5,2.6493936179358474e-8,-6.890941427726344e-8,1.1315859891491464e-6,0.00010117782315614651,-1.0628037223614156e-6,-0.012990416316140275,2.3678285527862154e-6,1.9296205328023075e-9,-3.093365153273484e-5,0.0028193492751027224,0.00017584408883806926,6.685014799631366e-5,1.4015979396438883e-7,3.8160305519730414e-7,0.0013752771924075008,-6.583262088395392e-10,0.05372023672699574,4.245415738930097e-10,-0.0007113251884761687,2.392576511894004e-7,5.114543867640943e-7,-9.670955018550547e-7,1.0597240986629235e-6,-2.909425475206323e-6,0.00024283053393806437,0.0007045745289705315,2.5128880884199463e-5,0.0012226953774781993,-1.6711638294836825e-7,-1.005184715565993e-5,-1.774109834134058e-5,4.021985927027582e-7,3.786849451690543e-6,0.0003990609877696945,3.071261243805614e-8,5.793460636306826e-5,0.00851232368029258,2.6675642988495795e-5,-6.229217215356938e-8,-3.91953443680443e-9,-4.4366257932383747e-8,-1.921127734484563e-5,-2.7243887457793933e-7,1.4399353198533227e-8,-3.430913362054473e-7,7.090462769407532e-7,-8.111423858766987e-6,-0.026270220736986073,-0.003918280496099696,-6.65503122290824e-8,6.746804362235096e-8,-6.490634536224662e-9,0.05897095276123176,2.0193734938432417e-7,2.278640855718298e-6,-0.008057678746564092,0.0010915525785197737,1.920353260070623e-7,-0.0006388489478368504,0.001237040881488372,-3.579666208796824e-8,1.2532596737015259e-6,0.0017779499566014261,-0.002189746867730534,0.003630457660673066,9.877480284454596e-5,-0.0016165083218596119,-0.0001645739359619389,-5.515140526069049e-9,-8.45513425353255e-7,-1.0876288055188256e-6,0.0007076717132627246,-1.5900914041785605e-6,0.00016525626306594098,0.06743163045472093,-0.0007117524033175707,-0.0014112637835302063,0.029614120115592845,0.002470869821294458,0.04362969063706855,1.824320194709517e-8,-0.025290150200840418,0.00039131389480632876,-8.731494864875922e-5,6.218560922200864e-7,0.00012726722570634817,1.2540404868822938e-7,-1.2593402362813062e-6,-0.00025390643210969566,3.29843932191219e-5,-0.0016932117258760097,0.05846866237841325,1.247096615518405e-7,-2.0609015035781094e-6,0.03485004924280111,0.0003243949213290476,-0.0031521732115091547,0.00021723917861860085,6.3599003714216204e-6,0.00015413031870935534,-0.0002638468257857941,2.447737602558944e-6,3.741919711423842e-5,-7.590749314580326e-5,-4.6737578446382633e-8,6.43391190230212e-5,0.0021689293916199778,0.0002452822696643743,-0.026060357429063583,-0.0005886852105171154,0.0004906293960645719,-1.4410392480392849e-5,1.5237422189314912e-5,1.1907159228039787e-5,1.0680404897426274e-5,-0.00117327955266019,0.0019749372381482762,1.2935607655984028e-5,0.000282874360749798,7.144969353472691e-9,-0.003623936783953222,0.0003692588115735427,-4.5642436894925966e-5,5.078483622792688e-5,3.1015426728847706e-5,-0.0029341147623553514,0.00012902276235313734,0.001996844623999365,1.9583323435021623e-7,-1.6640562950718833e-6,-8.318499913030824e-7,5.156218096387633e-7,1.0547058992363316e-5,-2.737497180897485e-8,0.0026324901474757494,-0.004166808435972533,-0.007957135371550574,-8.910587326814205e-9,1.793454724471746e-5,0.004789092613394835,9.057835685695149e-5,-1.5580912406068373e-8,-9.237589181174595e-8,0.0001308629572800934,2.657429717214771e-6,0.010927293347571431,2.80255955485951e-5,-0.0035554309557814345,-0.0005891244994168295,-0.0213559385390492,0.00012386990891079415,0.008271128185323532,7.632081488660374e-6,-7.068238022174944e-5,-0.0005222067429235018,0.0003717743174140713,-0.0006854578117792493,-2.8663071784567577e-9,-1.6930447836075378e-6,-9.79089045819078e-7,-1.2538106999362693e-6,-0.01290570307853798,5.491568805846104e-6,0.00043816029459448357,-0.010551637571210373,-0.0015174916498351156,-0.01523834937366225,0.0953435617061363,1.006821794722358e-6,0.0015440512176143728,-7.731557965034084e-6,4.505374880788455e-9,0.0009777304187198437,-0.00044570302941522203,-6.18007396215866e-5,1.3602287709417217e-5,-1.995432447652272e-5,-1.1691491934761047e-7,9.236032402726969e-9,9.868009379716327e-8,-3.4867878588271564e-9,0.0005829713918067475,-0.0005010155139641662,0.0004925549049059516,-1.1111356032511726e-5,9.153801894688908e-6,1.2005228660590612e-8,-2.437694736192597e-5,-1.4478181891359979e-6,-3.954318267536473e-5,4.0722440289480285e-9,0.01567014543718771,-0.0010279977614018245,-0.0008052055180963605,-3.588120677254805e-6,-0.010604516717063483,-0.001867450113399921,0.04852830175150199,-1.0729650239235091e-7,1.0035484039521713e-6,1.0479777299432031e-7,-0.0005105962322259011,-4.149338600745886e-6,-0.00016356993190996697,-7.665307277833901e-7,-4.6019556666959147e-7,-0.009601003788001244,2.2198755940508334e-5,3.048115477235844e-6,-0.0005256418620387561,0.0003106527847202981,0.00013039041810495455,3.3909804581287697e-8,-1.856389052706424e-7,0.051764761454203154,3.800005241654275e-5,-2.5209433671242023e-7,0.0014882275959881707,9.672131165856402e-6,0.0017035142809349393,0.00024222786425604116,-6.385911096142133e-5,-0.0031702417525663754,1.2772570499713053e-8,-1.282688340472177e-5,1.248499766598262e-7,-3.3557828680928664e-9,0.00030554531921097775,-1.5690465961929198e-5,1.9387191339023665e-5,-2.403351087849321e-7,-2.432981088107727e-8,0.014889815564510574,2.1633114030915798e-5,-6.984031892727263e-5,-0.0003534808443564939,0.0004891087230950093,-2.0654394239030098e-7,0.0009875214961627041,-9.942422015296976e-7,1.2953153526181955e-5,0.00031548504057278375,-0.0022408366703404554,-0.014598518753099827,-2.790288929977911e-7,0.00043588235663936134,3.1775179340397022e-6,0.0004379553361232724,6.669154188848271e-5,-0.00016840992471953725,-0.00018899697683657162,-1.8133040456048475e-7,-9.59940166962764e-7,0.0019041846369593192,-0.005093314415722583,-0.0023144684963953884,0.08821305157332641,2.6988060612299064e-5,-1.062428948330405e-5,-0.013977288283786443,-3.940495940089504e-9,5.0234155475637877e-8,7.537494853682485e-7,-8.228563143820958e-9,-0.010075439146223109,6.361680273191884e-5,1.317977333470743e-5,4.393070589976571e-6,5.8007881903195784e-5,2.2075502328582986e-6,3.409694304352932e-9,3.603057544564339e-5,0.0017448561201711449,-6.1434664849588215e-6,-0.028468733769049386,0.0018440542647658442,0.00018188266692421658,2.1897059517559125e-7,0.0012944850592673995,-1.73437766751714e-5,1.832606134014397e-5,7.449278678288549e-7,-5.056664985835474e-7,2.7436340776321533e-7,0.001488326953707914,6.116860329914247e-6,-4.88034697223067e-8,-2.574918067350927e-8,0.01321037325934092,0.00883512138248951,3.944691856539116e-6,-1.9094761620963972e-6,-4.311898628498012e-6,-7.209310323472566e-6,-1.5361441285784485e-5,3.441225725502146e-5,1.6700697335098386e-6,1.8313311392213764e-5,1.5605392322611072e-8,0.0012714051563960894,6.212007481714732e-9,-9.477869795935864e-7,-6.364659007506745e-6,6.823374176355322e-6,0.0006767442417334742,4.169707309810192e-8,-2.716813412095361e-8,-7.883503405899065e-8,3.9943690581542435e-6,-1.030042626917686e-5,0.0035711167348566526,0.0007165312510708184,4.1490471598260685e-8,-0.022975085414372,-0.0007184721762263477,4.459010962139257e-6,5.641223193557615e-6,0.00015021616705555588,8.875886282463039e-7,-0.003253355176153319,0.009184927386811741,-0.00785906689365684,6.1114126876163406e-6,0.005034044616939512,-1.7460900507544413e-8,3.5868406093914256e-5,0.0015107861125775064,4.5874606202139784e-5,-0.0017960971322786247,-9.109026789578806e-8,-0.0006471572093489846,1.305230313898253e-7,-5.557187126051402e-7,9.343995471155186e-9,0.0006564922029740542,-0.001322608768581268,0.02558637824281394,0.007458321376189959,4.010845415423905e-9,-0.004516760394369389,4.1189219959090846e-5,-0.00041868378094781324,-2.1340898903194974e-6,1.238094273583308e-5,0.013898107560542192,-0.0025715278287905155,9.536344533838808e-6,1.3598015648274117e-5,-1.4207457104342323e-6,-8.097250105218171e-6,-1.1159090153518954e-6,-5.9932959416333565e-5,0.0017722948977843289,0.0014164972791327866,0.0003542498450603028,-5.498523415771319e-7,0.00013198487921439855,-0.0009341206335646561,0.0032843417913331193,-1.2154411653185857e-7,1.8410916331519952e-7,-1.3102489180392968e-6,9.130303637570349e-6,2.7440616441663833e-5,-4.421203493557518e-6,6.113703899253387e-5,2.7747856619503562e-6,-1.846199861011142e-8,-0.00014157106048881486,-2.318680286662908e-6
0.0,0.0,0.0,0.0,0.0,0.0,0.0,0.0,0.0,0.0,0.0,0.0,0.0,0.0,0.0,0.0,0.0,0.0,0.0,0.0,0.0,0.0,0.0,0.0,0.0,0.0,0.0,0.0,0.0,0.0,0.0,0.0,0.0,0.0,0.0,0.0,0.0,0.0,0.0,0.0,0.0,0.0,0.0,0.0,0.0,0.0,0.0,0.0,0.0,0.0,0.0,0.0,0.0,0.0,0.0,0.0,0.0,0.0,0.0,0.0,0.0,0.0,0.0,0.0,0.0,0.0,0.0,0.0,0.0,0.0,0.0,0.0,0.0,0.0,0.0,0.0,0.0,0.0,0.0,0.0,0.0,0.0,0.0,0.0,0.0,0.0,0.0,0.0,0.0,0.0,0.0,0.0,0.0,0.0,0.0,0.0,0.0,0.0,0.0,0.0,0.0,0.0,0.0,0.0,0.0,0.0,0.0,0.0,0.0,0.0,0.0,0.0,0.0,0.0,0.0,0.0,0.0,0.0,0.0,0.0,0.0,0.0,0.0,0.0,0.0,0.0,0.0,0.0,0.0,0.0,0.0,0.0,0.0,0.0,0.0,0.0,0.0,0.0,0.0,0.0,0.0,0.0,0.0,0.0,0.0,0.0,0.0,0.0,0.0,0.0,0.0,0.0,0.0,0.0,0.0,0.0,0.0,0.0,0.0,0.0,0.0,0.0,0.0,0.0,0.0,0.0,0.0,0.0,0.0,0.0,0.0,0.0,0.0,0.0,0.0,0.0,0.0,0.0,0.0,0.0,0.0,0.0,0.0,0.0,0.0,0.0,0.0,0.0,0.0,0.0,0.0,0.0,0.0,0.0,0.0,0.0,0.0,0.0,0.0,0.0,0.0,0.0,0.0,0.0,0.0,0.0,0.0,0.0,0.0,0.0,0.0,0.0,0.0,0.0,0.0,0.0,0.0,0.0,0.0,0.0,0.0,0.0,0.0,0.0,0.0,0.0,0.0,0.0,0.0,0.0,0.0,0.0,0.0,0.0,0.14280055497855057,4.77876243087783e-6,-1.2148762211146104e-8,1.7250107791034247e-7,-0.009165670296690787,0.016973612602786837,3.201072177715125e-6,6.506616656526997e-6,9.724819194276747e-7,0.007638667894541708,-8.511573107670037e-9,-3.074082658783127e-7,8.587818933307809e-6,4.077123583647356e-6,8.898217244140471e-5,0.00448632553102475,5.859481599120542e-7,-1.9753964195114228e-5,2.9951218407477024e-7,0.00017972753542510984,3.499909130052222e-6,4.527107865597789e-6,1.725539730673267e-5,0.00012233836924811678,0.0003858535230351478,-0.008814765772184869,-4.605296874884341e-6,0.0024581416497861048,-0.024178970029700358,-0.0010462163577824562,7.604248881278492e-7,4.455452632503401e-9,1.0527613881775805e-6,1.6282596172904972e-5,-6.908873147915462e-5,0.02012567736282164,2.4638239449262783e-5,2.3697303458284375e-8,0.00674536217928433,8.44378264515173e-6,4.0286689416516586e-8,-0.0020908975597838902,2.0753945428550288e-7,-0.0018511449177179109,-0.006435087126141643,-5.7066787280087394e-5,-0.00692770858589964,0.00011642838803305609,-6.277217307774504e-5,8.34507228393972e-8,0.0001499466910280246,0.0014126211545344163,3.830509013748058e-6,-5.714287899857807e-5,-2.7262433287280412e-6,8.468296804021292e-6,0.003930324644382345,-7.788944342067003e-8,-3.202414049505773e-5,-4.8557239713702565e-6,1.4683166466324068e-5,0.004413235504272516,0.00027619439424902644,-1.1100209647232448e-6,-6.360226155152816e-6,-6.542609112000269e-7,7.557653043471722e-8,-5.09992414287732e-7,-0.01697788037111951,-5.720325949552676e-8,0.002225879599954613,0.0005981769476627556,3.8822347719850995e-5,0.015785397190096095,0.0007272416835721216,-0.00299320869628708,-1.6167046778923387e-6,-0.00015041945215513034,-9.049723646795909e-8,4.083809676094822e-7,-2.3838971266112254e-6,-0.005116068673090121,-0.000264368112138946,-3.401396275238979e-5,0.0013724492249526257,-8.775294163751646e-9,0.0007421331628885237,-0.012852421366165307,-0.0002945337834300534,-0.00012368961485568702,1.8615118651340318e-6,0.0003476073735893703,-0.0015022291893987002,3.571972920849733e-5,5.900213114443904e-8,6.1436455420091654e-9,-3.8218819687715394e-5,0.0002525979763402461,-0.025168908038178776,-2.9619799783694103e-7,0.00012118689349336967,-2.128854867831755e-6,0.0010366004063992887,-6.26013673612652e-5,1.213473234791101e-5,7.02842700004224e-8,-0.0008371069579490035,0.012384055224278117,-0.02623026597967514,4.854050273164336e-8,1.276608189648811e-5,0.004037516001985534,-2.266706117187245e-7,0.00011655742534837519,-0.0003458112771970641,-2.227276279983227e-6,3.901628912076832e-5,-0.02609854064627491,-0.00023715166594833574,-8.91266715968521e-6,-0.00736861727236461,-0.002910279530581565,-0.00040242440751156504,0.0084827209050047,0.00035763053639719836,0.004939512531258757,-6.947870916545565e-6,-2.272264820102592e-5,-6.576151257407538e-6,2.02011736684671e-5,-9.141423219694124e-5,-2.224273098641166e-6,-2.227653132223665e-6,0.003928928358255042,-0.017883005448783965,-6.917219758540019e-7,0.0003244983416977639,-7.855113673760957e-8,-3.2752206811872226e-6,5.3973687500390445e-5,0.011436025330260014,4.185166925419697e-5,1.4921469541100345e-5,0.00019507724578539365,5.953877289111936e-7,-0.002444364312264007,5.055279469417983e-9,-6.853277146584758e-7,-4.192567849913403e-7,-0.0030830243244504463,-2.039073277130143e-5,-0.004822727348646535,-0.0028597764340582807,2.1892417155374903e-7,-0.023708719728118426,0.0011024176519564863,-0.0030968175546274225,-0.0008517919200310938,-0.003214963684993841,-1.438283800725489e-9,2.6158690985322107e-8,-0.018551307284655708,1.1743246049207579e-6,1.56251466072356e-7,0.00043087876610147175,1.800581808606809e-5,-2.9764364751359393e-7,1.4635952153443735e-8,2.3574851207446978e-5,2.8019148844920224e-7,5.00088968095026e-7,2.05642845905174e-5,0.013523478077825701,5.7532290047344326e-8,0.0014625953361802131,-1.4697856837038207e-7,1.7553249450060654e-7,-1.3539302661295803e-7,-6.25728134008307e-7,5.121555407266958e-7,-1.49328078622575e-6,0.0003437961924670912,0.0001938642271344842,0.002255756147366984,-2.7898902481403163e-5,-1.5645143476926188e-5,-0.004754447587038541,2.081403211788584e-8,0.0159863073560241,-0.00035558616793504507,1.6053907414141277e-5,-1.5524946209454697e-5,-4.9948887220335885e-5,0.00020993896548304235,-3.4912512258402778e-6,1.996940322592599e-6,-2.5975846078515316e-6,-0.00017792227883859017,-8.444531343299198e-7,-1.7678362708776034e-5,-4.1119750626313504e-5,2.1500073979617635e-8,5.354542480039082e-7,1.1532911927483768e-7,9.2550809145927e-5,-1.9921022052728232e-7,0.0012437179215164214,-8.706097092815956e-6,1.854462547632407e-6,0.06988800877804428,-1.0051496490759277e-7,-0.0004439385872496775,-2.3673282216301903e-7,1.4867349863907183e-6,3.9092797888220725e-6,-0.00011715261906605048,-7.023674117994534e-5,-5.926577633656762e-8,2.1338205813451963e-7,5.073946354122343e-6,0.004600491409672156,0.0015332472838499147,3.753373684522265e-5,-2.3256757213892154e-6,1.2999930131342594e-7,0.0009326343247468456,-5.9770990586759476e-5,0.00017557101320793078,4.828310572072485e-6,3.7366443803297484e-8,-5.141498844089228e-7,0.009477721732584755,-1.7872323904890726e-7,5.748281012879039e-6,7.315265084634708e-7,-2.148491777537465e-6,3.5452501931912567e-7,-3.2711307271932595e-6,-2.665147192399685e-7,-6.698082438380618e-6,0.00011825822531592295,7.978425111175475e-9,-0.00011679450370306546,5.2067020326711324e-5,2.448396312532768e-6,2.1658938814518108e-6,-3.0640787694892294e-7,0.002691781743611825,1.0733428019282415e-5,1.1064307426139825e-8,0.0014255371802323654,-0.014042989305553252,1.6945500241618604e-6,1.0227793414278581e-5,5.41214736529215e-5,-6.459419825963479e-6,1.8764719829798943e-5,0.0027280576328552,0.005006752848414562,0.03723164174235479,0.002576491436524911,3.6855499934435957e-5,1.8366259984859273e-6,1.0070212291815618e-6,-5.375580549249715e-5,-7.233305908010707e-7,0.001197301330578381,-8.012238962772233e-5,0.01684281708373108,-0.0006434365548278402,-0.03157308698676496,7.646239424308192e-6,0.0002620404366458239,-9.680622351026579e-5,-0.00015649311845716322,-7.00343209095494e-7,-0.0025543065791698875,0.011345883067230998,5.214128972499016e-7,-6.954713568244713e-10,-0.0033501143700950466,7.235823947365832e-6,9.772202849059685e-9,4.020969125445353e-6,-1.6526166825693669e-6,-1.9801703142647957e-5,-0.0005503821516033017,7.373901702890989e-6,-0.00016737221417831795,-0.00015253669646681422,0.012010038661744972,3.151472084301255e-5,-2.558450403207202e-6,-3.4904911938257503e-7,8.733756254064274e-6,0.016326921684469902,-4.0045142855542e-8,-2.198150866469504e-6,-0.003050201257536422,-1.8093216431858016e-6,-0.005808943679546229,0.01295213555124158,-2.733060907677557e-6,0.00022039210933094916,9.520634965759558e-6,-0.005321261250630318,1.625859182235731e-7,0.00010640508647266714,0.000435504639435797,-1.508082147094195e-6,-0.006016323881841187,-6.149062624648698e-6,-1.0155544622325905e-7,-4.231912226443285e-6,6.516570976535274e-7,5.5808742316606545e-5,0.017278546838034047,-0.016607728671704448,-3.1038313116502767e-7,-1.5923903096544203e-7,8.220147803676529e-5,-1.5366407931106434e-6,0.09480902605815691,7.004814574474438e-6,4.2565839691970726e-8,-5.018328604800242e-5,7.584736429083781e-6,-4.301217305552166e-7,-8.400348119776587e-7,0.034353319076918444,-3.212257234492122e-5,0.0003098902646761626,-5.271078161911054e-7,0.0012142614890110418,0.0029652651528384905,-2.8299335340257e-7,-5.890492104792092e-7,1.590836904809381e-5,-3.4121906728030346e-7,-4.4168814363883316e-5,-0.0001039306095388309,0.0020607074069729113,-0.038272890853292864,-0.0016454258084702183,0.0005552850870610697,-6.544614840096915e-6,-5.496091374540291e-6,0.0003713714500721202,-0.007476376850785603,-4.524871716251517e-6,-8.574850772852586e-7,4.9647263200074554e-6,6.050283514724203e-8,-2.6484539690501934e-6,2.9052381239251818e-8,-2.9191256103520772e-8,-2.0266899953564543e-5,5.874414905417393e-9,-5.432478087638237e-6,0.0005490241525542298,0.010870009598876766,-6.475583386538362e-5,-0.00033728599246229745,8.36872747792011e-5,0.00548590473870912,2.3972767448628524e-7,3.163663738372934e-8,-0.00039168416906588515,0.001172911041163777,-0.002249299171433557,-0.00017209166506336685,8.926019309354155e-8,-2.5656484259482016e-8,-3.709954817212031e-7,1.1111343925133524e-6,2.178037535407134e-7,-0.0047111305658658325,1.3715347324887578e-7,7.974170285638578e-7,-0.0010776971755995283,-0.002944612050061454,-3.610089697853595e-7,-0.0010615075300828664,-1.7485807297726393e-5,5.13846629330372e-6,3.7358064050763286e-7,2.4418365176956978e-5,-0.021264481352516504,-0.007522707199782769,4.0446633766506606e-5,0.0003700741836741187,1.865905661194275e-5,-9.417879102435385e-5,-9.079497445243791e-7,-7.126479980097489e-9,-6.247668869495873e-5,3.194801922082889e-6,-6.358018666684469e-5,2.282701089866888e-6,6.373931459820825e-9,-5.3009368470718835e-5,-0.0002216425662552659,0.0007673372675080155,0.00029204312880119884,-0.05177448108995128,0.013428919142450195,1.0426548502610397e-7,-3.5063375606723237e-7,1.7229374481277226e-7,0.0012818406491842346,0.0025679158214936136,1.8497754972188884e-5,0.0022081599842134923,-5.1280926691023285e-5,-9.701247147206962e-5,0.0021324116632579055,3.6072193379513904e-7,-0.004019113641813744,-1.2035062467325725e-6,2.3306196551746527e-7,1.6165122461579402e-5,9.393380294946044e-8,0.007732733836289588,2.910176664738265e-8,-1.0328129828422857e-6,-3.1468955037128318e-6,-9.80057845613784e-6,-0.0003132142031038936,4.1407740611950806e-7,-8.022924410972444e-7,2.045921960957758e-5,0.00032229628116236327,-6.475556072246474e-6,0.003349279573623236,-2.565078752902323e-5,-5.0035648946507013e-8,-0.008310551777073764,8.660306368146151e-5,-0.0019544852099301962,7.526390404893793e-6,0.011264680625911877,-4.369078388755088e-6,0.001113822871254583,0.0047808239980085925,-0.0025233710885134955,6.370252360004155e-6,-1.1334988714995301e-6,-7.980778130791405e-5,8.690670625557021e-6,-0.0017336401432577503,0.011118787973726679,0.001100895544314287,-6.780258389888064e-7,-0.002351355909346489,0.0013889560845370438,-2.489051703896007e-7,5.314124414215156e-6,-0.0023191485506894754,7.668687391826926e-6,1.95629744270738e-5,-1.296856290130848e-6,-1.451275172836802e-7,7.21490879035173e-5,-0.003805076797139148,-6.084029870833331e-5,3.7456348638665104e-7,1.0157866888412135e-6,0.03359395723371826,1.1543442174368272e-7,0.00014266165210636523,4.50617824298848e-5,-3.8741140698414815e-6,-8.085587429384808e-5,-1.4071345912710842e-5,0.000577402349659424,0.0026256468132911776,-1.3871339623464192e-5,1.2503142194117877e-8,8.932318866802823e-6,0.001546296348061971,-0.0012954704535250673,1.6922469740417047e-6,-3.1333291515165e-6,-0.000572868096692568,0.008662797597290307,4.599054118528364e-9,6.598020550300303e-8,2.9084962882899475e-8,-0.0003421378650475579,-2.0154709577993153e-7,-0.001022044344250024,5.8520719742770885e-5,0.0004780740688087326,7.641011988867077e-7,0.08101121718664601,6.049876923600501e-6,6.656484979914182e-8,0.0008262201416790433,0.00010781396801608596,0.05507589340424497,-5.703626937652077e-6,-6.151829700473704e-6,-7.471037498372572e-6,5.6671389840429465e-8,-0.0003742213552683092,-2.4716020070461652e-5,-0.0022974970923922504,-5.083043615754935e-7,-7.033272434617237e-5,1.3526094401767498e-5,0.003284361741187458,-1.6045712776100836e-7,0.009556865545056234,-2.616782755438331e-5,3.114608139329802e-5,0.004384343546073118,0.0007992636072476632,1.6750071502135803e-5,0.0068165037124292205,-8.165857202925215e-7,-2.3174970855356024e-6,-0.002275325472934157,0.0028347137862760764,4.7932418617316824e-5,5.6153590962630686e-8,2.6231998460555126e-6,-5.1163260810965e-6,-1.5252832217043014e-5,-5.035979250012991e-7,-5.961477444477774e-6,7.220899073180085e-5,0.0028198069986332553,-0.004066539168325734,-3.392319477947535e-8,5.192917887428013e-5,-8.639364442770578e-7,-0.04013474065072865,1.855072861706443e-5,-5.591331195555969e-7,-0.0005740167632305455,-0.005044713770111291,0.0011401590594089697,-0.0002515834366093229,5.609988936892406e-7,9.05582049803603e-9,-6.29520675347176e-5,-0.001281289728377086,0.0018781849312441555,-1.984418270991423e-5,0.018730259978237143,-0.00010472882810610899,0.005285015175313535,3.3110834867062344e-5,-6.212735842035226e-6,-5.541544068937954e-6,3.392153057996694e-5,0.00012125781920709026,6.635368801461072e-6,1.721486694599693e-5,-0.0008503258746105736,-1.6486807801109507e-6,-4.0171510132978046e-7,1.1379791033389534e-6,-0.010009953213393078,5.291662722266594e-9
0.0,0.0,0.0,0.0,0.0,0.0,0.0,0.0,0.0,0.0,0.0,0.0,0.0,0.0,0.0,0.0,0.0,0.0,0.0,0.0,0.0,0.0,0.0,0.0,0.0,0.0,0.0,0.0,0.0,0.0,0.0,0.0,0.0,0.0,0.0,0.0,0.0,0.0,0.0,0.0,0.0,0.0,0.0,0.0,0.0,0.0,0.0,0.0,0.0,0.0,0.0,0.0,0.0,0.0,0.0,0.0,0.0,0.0,0.0,0.0,0.0,0.0,0.0,0.0,0.0,0.0,0.0,0.0,0.0,0.0,0.0,0.0,0.0,0.0,0.0,0.0,0.0,0.0,0.0,0.0,0.0,0.0,0.0,0.0,0.0,0.0,0.0,0.0,0.0,0.0,0.0,0.0,0.0,0.0,0.0,0.0,0.0,0.0,0.0,0.0,0.0,0.0,0.0,0.0,0.0,0.0,0.0,0.0,0.0,0.0,0.0,0.0,0.0,0.0,0.0,0.0,0.0,0.0,0.0,0.0,0.0,0.0,0.0,0.0,0.0,0.0,0.0,0.0,0.0,0.0,0.0,0.0,0.0,0.0,0.0,0.0,0.0,0.0,0.0,0.0,0.0,0.0,0.0,0.0,0.0,0.0,0.0,0.0,0.0,0.0,0.0,0.0,0.0,0.0,0.0,0.0,0.0,0.0,0.0,0.0,0.0,0.0,0.0,0.0,0.0,0.0,0.0,0.0,0.0,0.0,0.0,0.0,0.0,0.0,0.0,0.0,0.0,0.0,0.0,0.0,0.0,0.0,0.0,0.0,0.0,0.0,0.0,0.0,0.0,0.0,0.0,0.0,0.0,0.0,0.0,0.0,0.0,0.0,0.0,0.0,0.0,0.0,0.0,0.0,0.0,0.0,0.0,0.0,0.0,0.0,0.0,0.0,0.0,0.0,0.0,0.0,0.0,0.0,0.0,0.0,0.0,0.0,0.0,0.0,0.0,0.0,0.0,0.0,0.0,0.0,0.0,0.0,0.0,0.0,0.0,0.14213211208980298,-2.4901749943242632e-11,5.270074085880814e-11,2.16920027604636e-5,-6.733393770242566e-5,1.5147436159126746e-8,0.007296222790728685,-2.811366682292522e-10,3.339000879189153e-7,-2.664242270895168e-11,-0.00358201869180501,6.252861382187687e-9,-0.0024055280916533504,6.360399217861559e-8,0.0003048360799082683,5.83318617982604e-10,-1.893272213079019e-9,8.518876673269168e-11,0.00030436541549085425,3.4957944215114645e-10,-0.007072693136303888,5.2296803626536244e-8,2.0430579974752606e-8,-0.0011601789913405771,0.00012124038249128616,-1.5415013904221186e-9,4.810617603978749e-7,-1.6802758242936496e-5,0.00013382181913842005,0.011020929144090901,1.3766107376272951e-11,-0.0017684013953904172,-0.0005538040361661143,-0.010288066244419549,5.861526052595962e-6,-2.5393723804269433e-10,-7.784756423152197e-11,-2.905484790671985e-7,-0.01717107218701917,-0.002426986194927164,4.0559040448309e-6,-1.553835851407873e-11,0.0002436291155194905,-5.089548364113196e-6,0.0007394070892249579,0.00018750247087027597,5.051432194517768e-7,-0.03986082557892994,-5.483888316308881e-11,8.165372254126453e-8,-7.813770836408387e-7,-0.01637539780978098,-4.029628395556251e-9,-0.002324298942798539,-3.7174685774062627e-10,-0.0003596375369881626,-5.541907896942024e-11,0.0015936658536100164,0.008579464310422264,4.907891243562422e-8,1.7588043160727398e-5,1.9050636162569475e-7,1.7916961336493558e-10,4.2490885433110096e-9,0.001030311683918218,2.2340487489029247e-11,3.611110797984479e-10,-3.960857857294486e-6,0.0007474814464776057,-3.224285186297264e-7,6.04642168302157e-8,-2.8080149873893356e-8,1.2354066015209816e-6,0.0023184693816511188,-0.00010973640551457409,3.3029384611051414e-10,9.489226182042217e-8,6.994809521566689e-11,-0.0005856676552691016,-6.391148444904291e-10,-8.088317991593185e-5,-3.186131541119333e-7,-0.020918606860818936,1.2895410242437453e-5,4.413798881731301e-11,-8.656655551700956e-9,1.8222465592086704e-5,-1.19737606168735e-7,-0.013152370742022298,5.067551582358786e-10,2.4584650487515698e-8,-0.0016001925463136762,1.1816808554403369e-8,0.015648107640161137,2.154303211899234e-11,0.017118736317366944,2.577919670923469e-8,-2.8909533246246695e-6,-0.001189640476648877,-1.4024890714736255e-9,-7.040896856800614e-10,1.2127796556694307e-5,-0.0191905290988229,8.017116368007996e-9,0.011536056401955897,-0.00020127196804508874,1.6695390060428966e-5,3.538578309564328e-5,-2.4431788832621973e-10,0.011228156866416152,-1.1934710828409666e-5,8.967437963616732e-11,6.54124718360169e-8,-0.001630177733671957,-0.005387951256111444,4.6322196117605114e-10,-1.4723338143266906e-5,0.0032894633567854444,0.06129500695071702,0.00022471882980198437,-3.998616113390571e-7,-1.0785508905490165e-7,-0.0002469714293191225,0.002593478218178547,3.3281911053642068e-6,0.009853475959051646,0.008003468924207405,0.022620178869997516,1.0412018380157418e-8,-3.045628011965528e-8,-7.673968327284446e-10,1.1059222021693756e-9,-0.0001773789682862182,-4.977300722443329e-6,0.004446637489162635,5.972500502786374e-9,-0.00022589693361357497,3.2171067863673808e-9,-0.012419302140997653,9.058956249277086e-6,0.0035019759477776494,0.018565008624728898,-0.002218566187306956,0.005004151282690493,-0.00012910600293784016,-7.060995736173708e-11,-0.0003016077285216006,-0.0006766890809158151,3.245929744935635e-5,-9.818444835123725e-9,-6.959069259929227e-5,-8.548612045947527e-8,1.8425341176824807e-11,-8.134722924425352e-6,0.0001040646707613904,0.0005983167361118867,-9.470217680078111e-8,2.0830904454091266e-6,-2.325608728448871e-11,1.0820404023281754e-10,1.8425540512572077e-6,3.495943579699374e-10,4.7182534077956514e-11,0.0032354697519224166,-0.007890741990311643,0.0008460928970474196,-6.334299490659819e-12,-0.0016486375632325518,7.786880893798124e-11,0.0013226512229919233,-1.9570243303401634e-8,3.12401639026472e-6,6.293660136176947e-11,2.60127220944958e-6,-0.0007310402752576865,0.003695371730845227,-0.0013756056146586619,0.00017401108923459284,0.0005124431902446228,-2.739634407493531e-9,0.0018761086753006325,-0.0028547944901641848,8.94661791554216e-8,-0.00690004169144836,-0.015808166423820103,8.610667089961968e-5,-2.6516056017974895e-12,-1.4363573063215528e-5,-1.0160891187430032e-7,-1.2994675242737504e-6,0.029247127986620682,1.3163023835516339e-8,7.219083789516376e-5,-7.930725203356e-10,-0.001649072304797108,-0.008601614208308536,-0.0016270796363698865,2.2263460789338927e-10,0.002929746751949251,-2.0113868233648693e-7,2.346111043518418e-11,0.002863962518955076,-1.0023337885761496e-10,1.5882481191478274e-7,1.2367043203482936e-9,-0.0004778081057839688,-0.01001704791865404,-0.032452066158721815,-3.966776573204638e-6,-0.0004470091481850634,4.0143032918421637e-7,0.001554227406996653,-7.1501962046273526e-9,0.0039007861516537237,0.02421464747568199,-0.01421552552424567,-1.5481705796252254e-12,4.6605518742617427e-11,4.090609353296051e-9,1.0417074085297743e-6,-0.0006901307401810018,-7.613279358648639e-9,0.011314588685704178,9.215864208447684e-11,-0.0004820242254798086,0.0180842794391862,0.0033904581992816414,7.968019427818454e-10,-0.0013989743397708964,1.5942405063833893e-10,2.6124433953171467e-6,-1.858444497982886e-10,0.045104136351104086,0.004316226921298661,-0.007261157372031054,1.2118174764188915e-10,0.004550395848412713,0.00504201586303074,-0.005232882723843241,0.0007215565450126553,-1.0011778097210046e-10,1.2930743928024429e-8,-3.992899436938857e-9,0.024337099655531397,-0.0025849967552365885,-0.0010326988413596025,-3.609887894573264e-7,0.04373114089081363,7.252247376743618e-12,5.836238566842707e-7,-8.417304760354259e-6,-0.0007038739998696935,3.386300882901139e-9,4.158414520465749e-8,0.040435573001806356,-0.01865293804803103,2.1684663127371596e-7,4.836513206523051e-7,4.819512960742703e-7,-7.366585359866503e-5,7.018288573694597e-9,1.580402740209006e-10,-0.0018996526056978354,0.0022711125924228053,-3.6126975654648667e-10,-7.916900590152595e-7,0.005672432742734817,-1.5730181065725605e-5,-1.662432580009734e-7,-4.044561709599854e-5,-3.4925828770419723e-9,3.9469014840256246e-8,2.096181472760098e-8,2.7523076409937585e-8,-0.000666855588572078,8.841691216256422e-7,-6.78865204510023e-5,1.3089850772218046e-10,-6.19936171276779e-11,2.4607599057961732e-6,-0.010334260399500668,1.4870222061072714e-11,-2.0567149029826338e-10,-7.282432034895381e-10,-2.2684628153666595e-8,2.3187150469215383e-8,0.007870943115170118,-0.004768100030822301,1.419282003312003e-7,8.033866303054036e-5,3.825441998108581e-9,1.0871397752304678e-9,-2.79692623186648e-10,5.424194238527353e-9,8.070706485826532e-6,2.6950620865082513e-11,-5.454178948103335e-10,0.00023874354783749052,0.004111557787557419,0.00012168107059133253,2.0289776457555094e-6,3.534538839263866e-9,-2.2139700100718677e-7,1.0100190940650537e-9,1.9606831110695392e-6,2.0966138308493326e-11,-0.0009514865839858852,-0.0004903580892227763,-7.399114094313542e-10,1.2791979692916607e-5,5.6199114723760536e-9,-8.367989663637078e-11,4.268905800549229e-11,-0.00024919309634565236,-4.725527376332116e-9,-2.449746207422615e-5,2.6860505184670565e-5,-4.667761680972151e-11,3.4712468971196185e-10,-6.028559318500422e-9,-5.531624464792577e-11,-2.645659637534487e-7,0.00528011544484573,-8.488480797840475e-12,-0.016366372064576633,-0.040827984940245275,-1.820887832592038e-10,-0.0030985444387772476,-2.664787276666123e-6,-4.1712369484633684e-8,8.979766157593194e-8,-0.003578364480457645,-1.4664816672316762e-5,2.6365093523983575e-7,7.2665101427669e-10,0.00435142750117863,0.028279682038457005,8.702546648876405e-10,-0.01703617264365926,1.1248339970859503e-7,-0.00015530470325736946,6.359180554266934e-7,1.5921192706363544e-5,1.0124831602728782e-7,2.904723102550688e-9,2.371503817787841e-8,0.0038166771320957593,-0.00013490204897847094,1.3502028392156518e-8,-1.3097318654124172e-8,-9.276574473716754e-10,0.0006682301680503791,-0.022867741462809437,1.7972717921755967e-11,1.226690837012506e-10,-2.2368436338318704e-7,4.15396863063353e-11,-3.2869968899362342e-9,-4.1857621850142384e-7,3.5342447629836686e-7,3.120930118454277e-9,1.5730014005844405e-7,0.0021438259993515787,1.142689541602954e-6,7.863154832445427e-11,-7.299223969012671e-5,-1.2442663557691694e-6,-3.090825858593237e-6,0.0002966803999495735,-8.832262967224934e-5,-7.366728888530901e-11,-4.23374132989603e-11,-0.0017184303703106439,-0.015291668123686444,-0.000830500989659436,-2.682098579059371e-6,-2.3615377032337176e-9,3.1791804402678077e-9,0.001223723832563973,0.0001490856652270434,-0.003341456080838868,-7.166908819763735e-5,0.003852167748360853,3.0720208271813375e-9,-0.0004823380444883974,1.320015778760481e-7,-5.964253377914215e-6,-2.0964594827262845e-6,-0.0012590338875640803,6.429962778357567e-8,2.5252432367937363e-8,3.028990072974653e-8,0.004580389638228654,2.017850838051025e-12,0.0014722258595517709,-4.279772413390511e-10,-0.001732936483407588,-1.930842219554532e-9,-6.3914178132417465e-12,-0.01673925277268526,3.44500682986497e-6,-0.00024292192220486076,-0.001199471208020873,-1.844578157776282e-6,-6.903760116306611e-6,-1.889657862228007e-10,0.0024278562114585555,0.02916556842430481,-2.426405637314879e-7,0.0001230373312785553,0.04419400739177824,8.756303494823632e-6,-0.0032460925229416343,6.313341774584768e-9,0.00019474656220095155,-2.5203215095079885e-10,-1.6767007463610056e-6,-0.008337713931221796,6.241251569869636e-11,0.0867313413414869,7.672477284386027e-5,1.7260713382482008e-5,-1.617714367659879e-11,6.870669800391582e-11,0.043654241512110344,0.03165561991470544,-3.2455681637505064e-8,5.045958240303792e-10,-3.3346106377177177e-10,2.0009715498651827e-8,-6.474276904446815e-8,-0.009218982201510855,5.273230135852679e-6,0.018853124023423942,4.0909484741320464e-11,9.311386804369612e-6,1.467077755623965e-8,3.759564916898271e-10,-0.000642169843589466,9.139020363974632e-5,4.7554967648395554e-9,2.9212632026874487e-7,3.552095644824991e-6,-9.318602503075399e-8,5.740805940316083e-9,0.028566367458174476,0.011751099996148914,1.8995724030310387e-8,-1.3921544913766143e-6,2.590620082122749e-6,-1.1518500673724302e-7,-1.9858805283281903e-10,-9.055609091137327e-5,-4.522037145052704e-7,-0.00021446641345301704,-0.023303163398541653,-0.00014390275188438462,0.03261263430353135,-9.969773221431183e-8,-3.1007642717279324e-10,3.257753453986442e-11,0.0025223574722234407,9.919903710028658e-5,-0.001243736250769899,-0.0007947602428794516,1.7726214311727593e-10,2.510089424317413e-6,-3.268049184125237e-11,-3.039664063127507e-7,3.9045007538464604e-8,-2.9111408729914214e-10,-0.02272972671577585,1.5157840134563374e-8,0.0010887366677397791,0.00043077080021629527,0.0019067738448070228,-6.879401991409537e-12,-0.00048536262390170003,-2.2601465978047344e-6,-0.001810686420839449,0.018470953956726183,-0.0017667702145099096,2.953291479593891e-7,3.2744051581813737e-6,4.460210169128047e-11,9.189041837792433e-12,-9.47994893704973e-12,-0.0001203042758179334,-2.242493622388926e-10,0.00011476268347792775,0.002055862621995936,6.635347128980434e-5,-0.0032908325533342127,-1.7458860277293025e-6,0.08797476397414492,2.1165822144697123e-11,-0.00010324658381494786,0.0010789049410842514,-8.670995968964897e-7,-0.0001741549038008493,0.0034848507316178807,-0.009121644156295341,8.060859648227242e-11,-0.0005154502826417381,5.345210399086326e-8,2.641414305362926e-5,-0.00039963969082680974,-1.8617875082974313e-7,-3.4764710285336118e-9,-4.590350640739475e-8,-1.7206293416068168e-11,1.7333874852917406e-5,-0.011257934721870012,-7.079891304882716e-9,3.3296672060632875e-7,2.920900143681339e-7,0.010879817618648775,3.7887894469249097e-6,-0.0007508160407400506,-9.416763855891366e-10,-4.908033779208168e-9,0.00040650171686033734,2.6835191197847805e-9,0.026764308562285493,-1.0764009978395652e-9,-0.011534984203951649,-0.002742020739616901,-0.00020991073558496767,1.2654201318300984e-10,1.158989955840821e-8,-8.094746293502344e-7,-4.0969901735351794e-7,0.004468985818525235,-8.69926406572146e-9,2.057965416603207e-10,2.1797797520132546e-5,0.0009130285443886447,-2.4973986924391695e-10,1.0181078202421308e-6,-5.20720068697966e-6,-0.0010236623511820544,-0.0005864175368049163,2.5029022316395506e-10,-2.7047548882114058e-11,0.009150151237895709,-0.00014604504006358226,7.547180479211361e-6,-4.2191479704038495e-9,4.046277904905823e-6,-0.0018120398563837422,-1.6748962322941282e-7,-2.5116417486244797e-9,4.204598823335169e-8,-0.01023968544694405,4.339837719665649e-5,-4.4874232804329285e-5,-5.472440393076503e-5,-0.0003606870004527462,-0.0008361974663361988,-4.734370513730884e-10,-1.6776174668399442e-10,-3.986948458529589e-5,-8.678417852321299e-6,-2.1016370157689854e-11
0.0,0.0,0.0,0.0,0.0,0.0,0.0,0.0,0.0,0.0,0.0,0.0,0.0,0.0,0.0,0.0,0.0,0.0,0.0,0.0,0.0,0.0,0.0,0.0,0.0,0.0,0.0,0.0,0.0,0.0,0.0,0.0,0.0,0.0,0.0,0.0,0.0,0.0,0.0,0.0,0.0,0.0,0.0,0.0,0.0,0.0,0.0,0.0,0.0,0.0,0.0,0.0,0.0,0.0,0.0,0.0,0.0,0.0,0.0,0.0,0.0,0.0,0.0,0.0,0.0,0.0,0.0,0.0,0.0,0.0,0.0,0.0,0.0,0.0,0.0,0.0,0.0,0.0,0.0,0.0,0.0,0.0,0.0,0.0,0.0,0.0,0.0,0.0,0.0,0.0,0.0,0.0,0.0,0.0,0.0,0.0,0.0,0.0,0.0,0.0,0.0,0.0,0.0,0.0,0.0,0.0,0.0,0.0,0.0,0.0,0.0,0.0,0.0,0.0,0.0,0.0,0.0,0.0,0.0,0.0,0.0,0.0,0.0,0.0,0.0,0.0,0.0,0.0,0.0,0.0,0.0,0.0,0.0,0.0,0.0,0.0,0.0,0.0,0.0,0.0,0.0,0.0,0.0,0.0,0.0,0.0,0.0,0.0,0.0,0.0,0.0,0.0,0.0,0.0,0.0,0.0,0.0,0.0,0.0,0.0,0.0,0.0,0.0,0.0,0.0,0.0,0.0,0.0,0.0,0.0,0.0,0.0,0.0,0.0,0.0,0.0,0.0,0.0,0.0,0.0,0.0,0.0,0.0,0.0,0.0,0.0,0.0,0.0,0.0,0.0,0.0,0.0,0.0,0.0,0.0,0.0,0.0,0.0,0.0,0.0,0.0,0.0,0.0,0.0,0.0,0.0,0.0,0.0,0.0,0.0,0.0,0.0,0.0,0.0,0.0,0.0,0.0,0.0,0.0,0.0,0.0,0.0,0.0,0.0,0.0,0.0,0.0,0.0,0.0,0.0,0.0,0.0,0.0,0.0,0.0,0.0,0.14165274476613407,-0.0034012143356391042,-1.8428631328279914e-9,-1.2307165148652411e-8,-0.00018094922671579828,7.598846791568807e-14,-0.0014271106399515495,1.4726572382698698e-7,0.019033245488123535,9.412575874314133e-13,0.00011420902153719414,3.6470578075214995e-12,4.693289275068637e-6,8.252177158072175e-10,0.004432129716468831,-0.00011509327849199421,-0.010858032028903168,6.955580829075619e-10,-0.0017964533806384853,-2.2362386880784568e-11,-1.913860109496526e-5,2.4735490213824746e-5,6.577061546491875e-10,-1.11896861126375e-9,-0.0013269372003002627,1.8754885397743138e-6,-9.16389731134717e-9,-1.2517287574457603e-10,5.310859563783164e-13,0.004698499205965405,-3.1829952592517447e-12,3.555252620661018e-11,-8.565590636015841e-11,-8.484756609602803e-8,-7.606336150323695e-5,-0.01497140000531303,6.555714020175304e-7,1.2689980377967153e-11,-2.033043092176059e-12,-8.129801162655642e-7,-0.00535988167805126,-8.798504831867643e-10,-8.627617038363249e-7,-1.4259523295965164e-10,-3.0407314968536797e-9,-3.5796288927271354e-7,6.888975069167149e-11,0.005936114048738081,1.9458670589681684e-6,1.9098779908610635e-8,7.678681756791346e-12,-4.259412269987109e-7,7.778780209721136e-13,-0.0006762618003147066,3.040406007929766e-9,-0.007084771304556156,-8.283023234812566e-12,5.363768097950796e-13,-4.535761973103667e-5,1.4290257824204596e-7,-4.9116650506583114e-6,0.0007400593902357407,-3.27513415535724e-5,-5.610199065939061e-13,-0.0046250089572348165,-0.005321068842389114,-5.225541484434473e-8,-4.905361528485303e-13,1.3558110235928683e-6,3.2608089025164797e-6,6.65940942134733e-5,3.00036318324991e-7,2.1654386953187267e-10,-6.1471121607397315e-9,-0.0002738480318599135,1.0362951566466138e-5,-0.0073100705323994085,-5.064347163437797e-13,-0.00011770471119459123,1.5972344569159662e-8,5.38115643126227e-6,-8.202823832089906e-12,1.0763720295952878e-9,0.04003320740390105,-1.4350316491722306e-6,-5.898351112874437e-8,9.614722970008736e-6,1.6770768761117824e-10,0.00011228197832283304,4.356995016951585e-8,2.09686950261555e-10,-0.00013664232970237754,-6.154245558521466e-13,-0.02713004511585228,-2.126880761589761e-11,-4.135328771123817e-6,2.882349453603514e-7,-4.2799674892333107e-13,-2.066156944006226e-5,-0.004047374855582319,2.7907785745203273e-8,4.516999535550261e-11,0.00020072465649684321,2.214340237715225e-12,1.8401443492736225e-9,-2.9372494617679178e-8,-2.109752637658234e-8,-0.004639982448022857,2.867073530942092e-11,6.355624648040121e-9,0.004533945694179475,6.9761518270099375e-6,-7.879541345507645e-11,-1.5395233173067613e-12,-7.975343942684514e-5,5.250469493428144e-9,7.720106045221983e-11,-1.1374230180689374e-11,-2.6706239955304065e-9,3.31867017325445e-7,-1.3001731381156354e-5,-2.0137414075326046e-9,-5.034418957127619e-10,-1.2667949571900372e-7,3.996975742755769e-12,6.109288853042628e-11,5.2665244899521375e-11,-2.2127555587148492e-5,5.8413645108447e-6,0.00022228842412970698,-0.002959116221793741,-1.4679054015069757e-10,-3.362006786056154e-8,-2.7556727746550466e-13,2.7556905756305266e-6,-3.1111685276201006e-12,2.4482144886283178e-5,5.3823975844507056e-11,-6.241785407459188e-8,1.8336230803348516e-10,-3.764748322107557e-12,1.0329580351298567e-10,2.6285448131031567e-13,5.194297043547952e-10,0.0059051656063716694,1.1563173397574326e-13,4.747228874624308e-13,2.7945923725512885e-8,7.087296086558121e-5,-8.687973774020857e-9,8.37585844364908e-7,-0.015405464935286047,-5.333898165197402e-8,-1.8692285920275395e-9,-2.3890589211998914e-9,9.004989353940446e-8,-6.253503612346992e-7,0.009836197855337776,0.0041597918361906865,-2.9661311222845693e-8,0.00039707452927591837,-0.00396104053824016,-3.013605872755159e-10,5.439749632598713e-11,1.8690283138962051e-13,-0.008946663697942094,1.2572867135486809e-10,-0.005625496061034734,1.7164757960519386e-12,0.00016063502720365102,1.2424848531028596e-7,0.020842286830785612,1.6031343403490443e-7,-8.071597656610774e-13,3.4853513770895405e-13,4.112471631205916e-13,4.58288677087573e-13,1.310773178524497e-12,9.621954914920091e-6,6.324770073919927e-10,3.2433411909659537e-10,-4.995717337593837e-7,-5.4087825872096205e-11,1.7981306441578687e-13,1.0242534428205185e-9,0.017877208395717728,3.5633575369228297e-10,5.485598779785344e-6,6.348387632204526e-8,-2.3558652522368448e-11,2.4343864677834085e-5,2.6515163692497083e-10,-0.0013939084264452093,2.2459821447059804e-12,-3.42642205226501e-12,1.8283704970259417e-10,0.0034857194700188836,-6.838971470142836e-11,8.90701680069725e-6,-0.001863945318166688,1.2445087422791053e-12,-0.0036145501812022518,-1.0786860699880763e-5,0.00014003949963620112,-9.754999310557131e-11,3.1029655380188454e-13,-3.855004581142945e-13,2.1278023195658577e-8,-1.353055605445919e-13,1.8150010225743566e-6,-4.3720010807152745e-13,6.824944647017304e-5,1.4118925873764858e-12,-1.634920013499917e-10,-1.4117386152587838e-11,-0.018325061344498326,-0.001048687422963071,-7.786904455721412e-5,2.5882638558109987e-7,1.522941273653192e-9,-1.8507034295720192e-5,-3.31636916217959e-12,-0.020581942229791737,-2.819652378387354e-10,-4.7868826373700264e-11,2.2109142863805833e-10,5.854414812362841e-5,-1.3571350621199626e-12,-0.012236476110620608,2.040033212756236e-7,-0.0004311104727026542,1.68120411173385e-12,1.226318263848103e-12,-5.6289160579481155e-12,0.004686504310750643,-5.347219920180165e-12,-1.6005318229504341e-12,-7.81076784869918e-12,1.0295434050926736e-10,-0.008668215135352023,-1.3408474395645025e-6,6.204050331539606e-5,6.108163860798921e-12,1.5200383749018754e-11,-1.503153288407364e-12,-1.3556436575615927e-6,2.507565437302574e-12,0.004095751370228117,9.788297624634933e-7,9.390549294984139e-8,-1.1662913382659887e-12,-0.00019395587022824935,1.5917433647201738e-6,2.667757464510903e-11,1.0223077165099438e-10,-5.646791367628464e-7,-2.282122612866571e-7,4.733714910526551e-9,-1.9932048192966443e-9,5.628404014195719e-5,0.0002861049341974455,3.121904441810824e-13,-1.9610191523284785e-10,9.028813262855111e-5,-1.5827703542979813e-8,-1.516774367449851e-10,1.2522055225178877e-8,-9.277343117298275e-7,-1.9171882570201318e-8,-0.00020435507445128002,2.9447303182247695e-6,6.033453300577994e-6,6.542283599027006e-7,-6.68886924406341e-13,-1.575619470010533e-7,-5.228566052963684e-9,0.00037728068494353155,0.007617228441608787,-1.5222125479080464e-8,8.946527280029932e-12,-0.037882728856327486,-0.0006379698705125431,-0.0008453334780594779,5.9416378729386016e-5,5.864156918589049e-6,1.1847511476494601e-11,5.810962110096988e-11,-2.02252494172513e-5,1.470592303568592e-8,-6.123573827614218e-5,-0.002195884646930522,0.0005214413083838304,9.699760686993186e-6,-7.804614382422031e-8,-0.007109258074890261,-0.0013543548966862334,4.185811415005244e-9,-2.854861016886504e-12,-2.6493111565443467e-9,1.4057309614273956e-7,-0.0001577763232623434,-1.794206448532644e-6,0.0002426511739821863,1.9320901142425466e-8,-0.004506925020895086,-4.653643727380773e-10,1.5030330452572736e-10,-0.00010892206628496065,-1.488498726408169e-8,1.1557057819626736e-5,-0.0012762637435936844,-8.680822096543674e-5,2.2267723860369517e-12,1.7619953546924932e-6,1.0450979348257797e-8,-3.279731227970866e-8,-0.0010283637339302191,-0.00034771780886594085,4.2043865024755714e-5,-0.00422096061859591,4.9370466014502145e-9,1.107167962568606e-11,0.0030032558159863057,-5.519824844183767e-11,6.1908491343515595e-12,0.0024400081052556913,-3.4473975149790036e-12,1.090932264944487e-8,4.513282146448206e-6,1.0455033797900993e-6,-6.034611293733248e-13,-9.60177403256984e-10,7.776963017620396e-7,-0.0016468473567075026,3.1396071450192274e-12,1.6158335666440583e-11,-0.00042624828374132357,4.7772726112454374e-11,5.646115394805762e-6,5.619792237749373e-9,1.2748204890374357e-8,-2.8865343248781886e-8,1.7215562302531527e-6,0.00014862814554141444,1.982516004434439e-5,1.7079558530344707e-10,6.78459796961069e-10,-1.660695075854056e-5,-1.2316234014691579e-5,-0.00021463447068151428,-4.086748288572754e-13,-1.7267540521862585e-11,-0.027218856509819835,-0.0035888886776993447,9.972317532689351e-7,-0.038614976146046164,0.0001264687575278401,2.065471757467717e-6,-1.1346848389094394e-7,1.4817951731657833e-6,-1.7737715013341377e-6,-5.096129656819789e-11,-3.643574420870265e-8,-0.003070159526134802,1.6718518041276383e-13,-1.0959086028488728e-7,2.0783526468035907e-8,-7.192426887547622e-10,-6.44000406293621e-10,-0.010055846800656859,0.09211259168011468,6.206929455489539e-13,2.6330157963480085e-12,5.070788258692843e-13,-7.912354689349737e-7,7.378734360830334e-5,-4.92610092970968e-5,-2.2953424279099982e-10,5.375519318483742e-9,-3.170727223051679e-13,1.5799232851654507e-9,-8.841237213422494e-12,2.3931672242977127e-5,-2.4911800061699945e-13,-8.538034929817775e-6,-6.645782181118886e-9,-5.1589547538748436e-8,1.6026944303274015e-10,-2.5247478310135975e-6,-5.977851953707176e-5,1.8025291502562253e-6,-4.216072967988554e-12,0.006884745679556118,7.165108257051055e-11,-0.0008322859374157975,-8.866343942653335e-11,0.0006229660011538013,0.006992330288489571,1.493063745260098e-11,-1.3124574098324056e-8,1.0083726807079848e-9,4.0315087181868334e-10,2.4490234748597823e-9,4.635963697926191e-9,0.00022848263440206767,-7.000789335422107e-12,5.5012538477648784e-12,1.4105809798191247e-6,9.540342509952796e-10,3.6354274426410783e-12,1.23520125115735e-7,-2.2125433150892945e-10,4.009403150506729e-6,5.60954656559659e-10,-0.0009412524415797479,3.4278680437850945e-7,-1.0074050882999322e-12,-0.005866831870299321,3.637850242272951e-12,-7.68640886306035e-15,-2.1092133777532283e-9,-0.011750873793936597,-0.00028846982788370757,-7.369533985745315e-13,7.891600728991625e-12,-1.2788222081174507e-5,0.0009487197385732392,-0.0003303145742055267,-1.219681521787179e-5,1.3269143905932977e-6,-1.887680709762429e-11,1.3086022686893377e-8,-5.605128366804989e-12,0.005980914884925581,-1.1937390365551246e-8,1.0381108330774011e-5,-1.8980498600547107e-7,2.9896294973848662e-12,-7.748960768354018e-9,7.85808378929327e-5,2.1741298996545415e-6,2.7955851049978966e-10,5.758276180533156e-9,-0.00024404336558386198,-7.634150978187474e-12,-1.411263832349003e-10,-1.4867249034511437e-5,1.2934788635961232e-6,-3.361068421077752e-7,-1.857090802552434e-6,0.0006961704789323615,-1.4113645671008881e-9,-8.026432979413054e-7,-3.77814508418043e-13,-4.921982378958489e-12,5.498400495671571e-10,7.549163395100707e-12,2.7957577607719164e-7,0.00033762246605903434,-0.004464741673622884,-4.4065814995815956e-11,-2.1168819458147755e-9,4.843848781949475e-11,1.5456980312938184e-12,3.689086010677857e-5,-3.330052489780421e-8,-0.006516023511830414,1.1242436396929329e-6,-1.09565423048099e-5,-0.0024059390279316355,-9.343840891365587e-11,-1.616711812439072e-6,1.002178158088583e-9,5.233967416621097e-10,3.776944127293064e-11,-0.0008842195239126812,1.8143744700980517e-11,-2.193452296222698e-9,1.4179388886714735e-10,3.4978230810266197e-12,-3.1342040969616045e-12,3.400332766304925e-7,3.840665857720692e-7,-0.015925106162710114,0.0007522176128146296,0.07169127577452518,6.663495776351109e-10,-0.007135553739901839,1.370460400014237e-9,1.1266143621408328e-10,7.922325525078321e-10,-1.051700782885749e-12,2.1472009127245223e-9,2.964323998535636e-12,-0.0024324946623527416,8.631763053098087e-10,-1.8372457268670594e-12,-4.79212319839894e-8,-1.0620287052552748e-11,-1.260790345420378e-12,-1.1489492620147742e-11,0.0023211824629385293,-1.6502137777439424e-10,-1.977134801150125e-5,2.731412110111286e-9,-1.8746324324547917e-14,-1.3823718821945886e-6,0.00012658268824192005,-1.3693496089845147e-8,-0.00955559886792883,-5.6412018440479554e-11,7.959117447011188e-11,-2.6377182487260395e-5,-2.152649833556109e-7,-1.7184114465068537e-7,1.5191341244318615e-11,-1.2752950545543218e-7,-2.3220022835158193e-12,-0.0018482934491159662,-2.9172040208967062e-8,-7.241724924451786e-10,-3.671449995531435e-6,-1.4568489171183228e-12,-0.0005938953888864182,1.4213892254348676e-12,-4.524526619485095e-11,-3.2025698925042875e-13,-3.167094891622022e-5,-4.9162286579025845e-6,1.0929333904927112e-6,6.463671785014363e-8,1.707383979297032e-13,9.171681544741963e-5,0.0005504218350736187,-7.101936963108775e-9,-1.84571123671769e-11,-0.0002282774427527158,1.73692654721608e-7,-5.769428386948723e-7,8.759434276934548e-10,-4.240790603816653e-10,0.003532839214376174,0.004266951541543802,-1.864564048540001e-10,-1.0495938052592986e-9,1.100358518905983e-7,8.181884692005772e-5,-1.2680504882557137e-8,-2.197396113135209e-10,1.492733117153552e-8,-3.31328119449689e-7,-3.0325523478344757e-6,-6.180988900373737e-12,-1.8308780374563462e-11,1.433419540593771e-9,-4.293312551673822e-10,1.7444269461209241e-9,-3.149421251520244e-10,8.60245204811419e-5,0.0013750169878873329,8.331493922764662e-14,-2.03230653503179e-8,0.08697982151719769
0.0,0.0,0.0,0.0,0.0,0.0,0.0,0.0,0.0,0.0,0.0,0.0,0.0,0.0,0.0,0.0,0.0,0.0,0.0,0.0,0.0,0.0,0.0,0.0,0.0,0.0,0.0,0.0,0.0,0.0,0.0,0.0,0.0,0.0,0.0,0.0,0.0,0.0,0.0,0.0,0.0,0.0,0.0,0.0,0.0,0.0,0.0,0.0,0.0,0.0,0.0,0.0,0.0,0.0,0.0,0.0,0.0,0.0,0.0,0.0,0.0,0.0,0.0,0.0,0.0,0.0,0.0,0.0,0.0,0.0,0.0,0.0,0.0,0.0,0.0,0.0,0.0,0.0,0.0,0.0,0.0,0.0,0.0,0.0,0.0,0.0,0.0,0.0,0.0,0.0,0.0,0.0,0.0,0.0,0.0,0.0,0.0,0.0,0.0,0.0,0.0,0.0,0.0,0.0,0.0,0.0,0.0,0.0,0.0,0.0,0.0,0.0,0.0,0.0,0.0,0.0,0.0,0.0,0.0,0.0,0.0,0.0,0.0,0.0,0.0,0.0,0.0,0.0,0.0,0.0,0.0,0.0,0.0,0.0,0.0,0.0,0.0,0.0,0.0,0.0,0.0,0.0,0.0,0.0,0.0,0.0,0.0,0.0,0.0,0.0,0.0,0.0,0.0,0.0,0.0,0.0,0.0,0.0,0.0,0.0,0.0,0.0,0.0,0.0,0.0,0.0,0.0,0.0,0.0,0.0,0.0,0.0,0.0,0.0,0.0,0.0,0.0,0.0,0.0,0.0,0.0,0.0,0.0,0.0,0.0,0.0,0.0,0.0,0.0,0.0,0.0,0.0,0.0,0.0,0.0,0.0,0.0,0.0,0.0,0.0,0.0,0.0,0.0,0.0,0.0,0.0,0.0,0.0,0.0,0.0,0.0,0.0,0.0,0.0,0.0,0.0,0.0,0.0,0.0,0.0,0.0,0.0,0.0,0.0,0.0,0.0,0.0,0.0,0.0,0.0,0.0,0.0,0.0,0.0,0.0,0.0,0.0,0.1409552312723631,5.438706410489954e-9,-2.3351999248112573e-8,-2.159973218445578e-5,1.5731595208466888e-14,0.0012735940396811124,-2.138259468904593e-8,-0.016091312111703143,-7.267391494586643e-13,0.00027749362329394745,-2.105173602161499e-12,7.220376404156708e-6,-3.292535542173977e-9,0.004565177227430239,-1.6376967569102077e-6,0.0032998763797159546,2.181565847036515e-10,0.0010146321357655116,-5.2735407130376274e-11,8.494934634725208e-5,1.4411189182728258e-6,-5.724239002579603e-10,7.555286686097813e-9,-0.0008563065629755947,1.96578007122245e-6,-7.413788249792715e-9,-1.346697254896249e-8,-2.337381791618973e-12,0.010651672904569674,2.124911236453295e-12,-3.6891633633358154e-12,1.1977815239900079e-11,5.295021521037104e-7,-0.00011407526160380795,0.00203497330663573,8.418557563907479e-7,-1.1021216739510877e-11,-3.1930520717906957e-13,5.8924263157070216e-8,0.019334560804350167,2.791512055543304e-9,1.7692781331629234e-7,1.0181772432847975e-10,1.897503016936934e-8,1.1825042909987952e-6,-3.920806438292538e-11,0.01627246081245495,1.0351177022509117e-5,-1.0326688051555617e-8,6.453401315160862e-12,-6.702303887428453e-5,5.641920161305485e-12,-5.398560319613058e-5,-5.802342782042462e-9,-0.034874241448700924,-1.2384530829428954e-11,9.439245830203685e-12,0.00010983177971039758,5.046242254404684e-8,7.033524124783476e-7,0.0005805579363725051,5.238553879768535e-5,8.406631931238515e-14,0.005062441267491109,-0.003248630341085732,1.3361672452645138e-8,6.099403095082101e-13,3.4913376329214625e-8,7.324308246154093e-6,1.6294975913043618e-5,1.1456858223808868e-7,4.342115349622822e-10,-7.482955785931835e-10,-0.00029866789101249774,1.3223836326335696e-5,-0.03805133356412484,2.4300956156215313e-14,-0.0025364732776386716,-2.8434494271516316e-8,-1.3333591749469739e-6,5.02363366356975e-11,-5.990950932309322e-11,0.004521642077647169,-2.7408513563201577e-6,2.4895279658366455e-8,-2.1414327712390446e-5,-3.7448755993402946e-10,-0.0004577733847695934,1.16941341396583e-6,1.9040654977616273e-10,0.00033144913510325973,9.204277999712572e-13,0.003758844402675639,9.911212373605894e-12,9.01279739109793e-6,-2.7818312708005407e-7,1.4501643512183292e-12,6.053074561676279e-5,-0.0016113355560659953,1.4710596182761558e-7,2.2139525309143194e-11,5.0180808391328755e-5,-1.4737087799484126e-12,1.32028000758093e-9,1.238888804916123e-7,3.0101923963960114e-8,0.008929613614501975,-1.3350826587207198e-11,9.205826334161197e-10,-0.003491065259220048,-1.0213322915098795e-5,1.8319479227918707e-10,2.3037331300492814e-12,-1.0310978891227525e-5,-2.015076731655771e-8,7.085104732248204e-10,1.109274527902425e-11,-2.1683385644153646e-9,1.545716540322009e-8,-5.031130184957812e-6,-1.6110704716961975e-8,-2.065949662326341e-10,9.447646994412339e-7,1.0612659044343152e-12,1.47627629207444e-10,-7.704244635944281e-12,0.0001083123256758545,-1.7392645886982504e-5,-0.0005019502266115154,-0.00021404522962800834,-3.656270904123656e-9,3.993741633200653e-9,-1.2060563622059025e-12,2.161586290841393e-6,-6.077325737349601e-13,-2.9335966041911104e-5,-6.458916832985312e-11,1.7382664302846816e-7,-1.0474507443863522e-10,8.081825343468664e-12,1.8543202507011097e-10,5.282222452586749e-13,1.2860263141815695e-9,-0.010598677112066931,1.11334113296902e-12,2.668943810717694e-13,-2.658529128685779e-8,-0.00014571804105506902,-1.8965973982850158e-8,-7.255440969889609e-7,-0.003555498604535653,-3.32405442819233e-8,2.539334911036385e-8,4.065764408921627e-9,6.564715968859795e-7,-8.118583605500064e-9,0.01928070032703117,0.009401365436731271,-3.90108215585511e-8,0.0028696675085141767,0.0773576477860272,-8.173863368584251e-11,-2.7700684841572186e-12,-1.2240059662874513e-12,-0.0012548432237809697,3.261662493545615e-11,0.010125223373768262,-1.0405760548456436e-12,9.296690826537504e-6,1.1136370589508767e-7,0.002481653678117231,-4.844066152714455e-8,1.3333195879907037e-13,-1.86974994281608e-12,1.0566039203117687e-13,-2.1983041379176647e-13,-6.617837275107583e-13,-0.00016662772877568856,2.5416172773127497e-10,-3.363609542086219e-10,2.104783955792835e-6,1.1818989894762355e-10,4.396964392395869e-11,5.68286582518444e-9,-0.0012217326544385963,-1.3213871515461081e-8,-4.1834098921245294e-6,3.266357102620563e-7,2.6467187616699127e-11,3.853033945342137e-7,-3.3982340166238795e-10,-0.0014966743648987366,-6.944252446474017e-13,3.5355647527930556e-12,1.2993492233303087e-10,0.0004161726077800505,-3.009310557480303e-11,-1.8374324973775483e-5,-0.02104426665571707,-1.0942038704299723e-12,-0.0016152657975031473,1.731677011714268e-5,0.0030674815152093114,-3.048918183026649e-9,3.1435740414063172e-12,-1.7484255350598856e-12,-2.7298122921407264e-8,-1.2425830284450933e-13,1.473228970274735e-6,-3.9989905426281243e-13,-0.00016926424384578105,-2.7966287174362912e-12,1.0924351850555439e-10,4.654972194836771e-11,-0.027738403476098995,0.052939081460226536,9.113647595497598e-5,3.6001238474301436e-7,-2.4950950776369677e-9,3.3878515745737895e-5,6.080325104873283e-13,0.0003421791159615229,-1.166946104193848e-9,6.080335451073619e-11,-3.409982409985376e-10,0.0004263034843459141,-1.0357452459295436e-12,-0.003000276514694517,6.121549640083011e-7,0.0004985182245357554,-1.482073028967253e-11,-8.096088079326096e-13,5.496269514498965e-12,-0.00028370154710854366,5.342002049468829e-12,-1.3784767204537033e-13,9.505814724370569e-12,-2.31698781283619e-10,-0.001042609944608213,-3.452614851750665e-6,-9.715513580879978e-6,-2.160656687572363e-12,8.456288134077832e-12,1.8277330352702217e-13,2.405587204196251e-6,-9.843654104948646e-12,0.026972362725313403,-5.750758788333323e-7,-1.4349035545744857e-7,-2.2453492307564893e-11,0.00024340084169196044,-1.3480476456737047e-5,3.662036183203649e-11,1.6676065361864855e-11,3.715961365647811e-7,1.8584179144128073e-8,7.657911042374364e-8,-7.64206991792718e-9,0.00010396765374526658,0.00018474460134010998,1.473781232592889e-12,-2.1568414566570157e-11,-0.0012512835626282985,6.247770703746558e-9,1.3451421832880993e-10,-8.540201909397214e-9,1.22704069730954e-6,1.0631826242546385e-8,-0.00018663859345002326,1.0598622093301865e-7,-1.145273132784188e-5,-1.7885384844726556e-6,6.007586804018688e-13,-1.5563701851129685e-7,-1.727915679282019e-8,-9.241767100812171e-5,-0.007553461776416647,-3.014292198984847e-8,-7.068756168998888e-12,-0.005945059675476157,0.0005868813370867971,-0.0013469594991470635,-2.1824529236939825e-5,8.32460240261034e-8,-6.6330898341068206e-12,2.58957183367477e-11,7.686942115090635e-7,4.228216014994665e-9,3.592108203791687e-5,-0.0004901633555289941,0.000655581253062162,6.307214674289817e-6,3.133996661118354e-8,0.004087034772280888,-0.0001531974013707394,1.0892099263475047e-8,5.340660287464799e-13,1.106027990001795e-8,2.6832660330152555e-7,-0.00024323552629963537,-1.1069529976773852e-6,0.0005795576953619349,-2.4834281499875648e-9,0.004361581364330315,-7.527318393225113e-10,-1.2508165465286335e-9,-0.0011796111724490315,2.160668164146945e-8,2.4579256712480696e-5,-0.0017383748565734383,3.380431602100241e-5,-9.312957692932216e-13,5.246077828849399e-5,-9.796834683903707e-9,2.6779499720729523e-8,0.0004149182978270159,-0.003991260202961027,-6.579575153044808e-6,-0.0005161126160805187,7.368475483221765e-8,-5.175387208428064e-12,0.009479180015334862,5.083480339809864e-11,-4.694487410058849e-12,-0.003065973311585039,1.1922230184173638e-12,1.8941277260907416e-8,-1.2771504032967919e-5,4.0386062777562755e-6,8.632150494660357e-13,-1.1878418841941025e-9,1.1558607539931201e-6,0.0008753196562096645,1.74959208326325e-12,-1.6134735614602035e-11,0.003491018516307942,-2.103069674927178e-11,8.493651854856456e-6,-5.5988200456703075e-9,-1.0168745375092542e-7,3.1245737167846765e-8,3.3873140292453034e-6,-5.600477923050289e-5,1.1015963378892687e-6,1.7041899551747273e-10,5.995402730661112e-9,-8.561761530057794e-6,-2.8261354239810817e-5,0.0001893716948184341,6.321496306388144e-14,8.050131673949895e-11,0.000996637697212082,-0.0013049541829858048,-1.8273553774217581e-6,0.011558093676135556,-0.0001444944778898576,-1.1242482208437231e-6,1.5346032741136872e-7,4.579287672152114e-6,1.1599541629886254e-6,-8.820606063761476e-11,5.3470023421897296e-8,0.09525393743576323,-1.0518607877728139e-13,4.883264320968663e-7,-1.2019060064429052e-8,4.2558066272386115e-9,1.2337888888111156e-9,0.006779459765500214,-0.0009624057460569627,-1.8654151045250059e-13,-6.745918965252502e-13,3.4323587731053785e-13,2.4022742207138655e-7,-6.751552070517133e-5,0.00034002251640656903,9.973474404419155e-10,6.77798253734972e-9,-2.5622587847163104e-13,-1.281030121034929e-9,7.27454659929028e-11,2.132409741827623e-5,5.621246742318192e-13,-7.994855988318558e-7,-1.286968373590123e-7,2.2493463140877908e-8,7.330973207871322e-12,1.8194805174812094e-5,6.57632193110165e-5,-7.2237955577445005e-6,2.055412432775105e-12,0.0023628303858819694,5.5120877731481866e-11,-0.00011759455536582268,-2.7984220047339734e-11,9.742281700501853e-5,-0.001942298327962718,-5.402713006036417e-11,-1.8479887715745968e-7,-9.108330488037599e-10,-3.5592129634039834e-10,2.5065985538346076e-8,1.6064718912461955e-10,-5.364294287928565e-5,-2.4716698517601337e-12,6.803035578710877e-12,2.0876866101667977e-7,-2.5988713179923427e-9,-5.223207136711545e-12,1.1295658001909721e-8,-3.767739605786979e-10,1.2384222355702309e-5,-1.3160588701986455e-8,-0.00028339963018214837,-2.538145165739402e-7,2.5582614537101915e-12,0.009970028760185967,-1.5435576618912903e-11,-3.1132974666446294e-15,-3.822661375709718e-8,-0.00602578603617122,-0.0005155296501249448,7.904020409058649e-13,8.00656680128818e-12,-1.3197256463756034e-5,-0.0003480098394522358,-0.0011963693235393362,1.0141272615989006e-5,-7.546708929231051e-7,-8.157389275191113e-12,1.8225667418329655e-7,2.282802512537234e-11,0.0016873257076108967,9.933793282904055e-9,2.1780646060114083e-5,-3.406827800917408e-6,1.3440834554052857e-11,-1.0589683367781331e-8,3.461545932790369e-6,1.8643962141256249e-6,-5.199108962568144e-9,-3.3077234342109912e-9,7.985265802157712e-5,-5.626153155060619e-12,7.988314069665376e-11,1.8130099675453378e-5,-1.100492398112808e-6,4.525264340253017e-7,2.969617787889477e-6,-0.0029629645870033815,2.9991287633196028e-9,-5.595537813538996e-7,4.807561804123715e-13,-3.888530540577816e-13,-4.245602385135039e-9,-1.1872087392635099e-11,3.3025285951633793e-6,-0.0011402991556721143,-0.025625481239279116,5.999067744666201e-10,3.1877079855309217e-9,-9.930173421162404e-11,-3.538603659032233e-13,0.00020645088634745865,5.745984423796978e-8,0.0005832924788876551,-5.991250546876295e-6,-1.8841926229092033e-6,-0.0009642207142015032,-1.6647241256836241e-12,-1.1219318603949257e-5,8.96092167128612e-10,6.280234284560579e-10,7.744201754262598e-11,-0.009525465642766396,6.5797216634046096e-12,-3.883967637683553e-8,4.478006808174393e-10,-1.5303600068792277e-12,5.193654981829443e-12,5.577554494474312e-7,7.867843655541449e-7,-0.0025806771091838876,-0.0014930017992684924,0.0005160671072892577,-2.5884300704588127e-10,-0.0014160305189274583,9.349746158971365e-9,-1.758302939979014e-10,-4.926485971640401e-10,8.004156802105361e-13,-3.701810935303544e-8,1.2922899503297175e-11,0.029751259950310215,-2.8538871080802396e-9,-5.366856568620835e-10,5.8201303785517656e-8,7.284662835142883e-12,4.416954172821416e-12,7.249974135924729e-12,0.0033175535926395308,8.351562614609358e-10,5.124999387130018e-5,-6.274766333427056e-8,-2.0901918060164164e-13,-2.5441024045381206e-6,2.6859346204701783e-5,3.331876157251218e-9,-0.0018972765650299233,-7.563767636378958e-9,-4.19719868793989e-12,-1.67993446539227e-5,3.4330275143931336e-7,5.597116126156207e-7,2.2063497365036095e-11,5.30968089393438e-7,8.849101325996875e-13,-0.0009788200479505646,-3.3144897748381893e-7,-9.673148976962997e-10,2.329800798480185e-5,-5.77221944144163e-12,-0.0007039953786722397,9.007119395417309e-12,4.595162324323271e-12,7.370319992695223e-13,-0.00010103481506374551,1.5752572781151073e-5,3.1142475457699816e-7,-9.163736893873986e-10,-1.855217152698786e-12,7.968246498089048e-5,-0.0002562709875051839,3.654950023559685e-8,4.732397111806158e-11,-0.0005451635308474766,7.339230249292711e-7,2.7605729202289393e-8,-2.1740740689989095e-9,5.885126980956785e-10,0.0011724575177508923,0.009679094125182933,1.983870403633015e-10,1.591897609323552e-9,5.5120384389665454e-8,-0.00011295879089735734,3.935391943587999e-8,1.2068745747056767e-11,3.966871368860142e-7,2.364240655890057e-6,4.409674492383278e-5,5.769015435929446e-12,-2.874985883064211e-11,4.5556713391721703e-10,-5.097965201535229e-10,-1.4135608300394427e-9,7.208513327141707e-10,-0.0014897783312281911,-0.0032490608376458566,-1.1608186109165105e-13,2.483395533206597e-10,-0.00036870726081448494
0.0,0.0,0.0,0.0,0.0,0.0,0.0,0.0,0.0,0.0,0.0,0.0,0.0,0.0,0.0,0.0,0.0,0.0,0.0,0.0,0.0,0.0,0.0,0.0,0.0,0.0,0.0,0.0,0.0,0.0,0.0,0.0,0.0,0.0,0.0,0.0,0.0,0.0,0.0,0.0,0.0,0.0,0.0,0.0,0.0,0.0,0.0,0.0,0.0,0.0,0.0,0.0,0.0,0.0,0.0,0.0,0.0,0.0,0.0,0.0,0.0,0.0,0.0,0.0,0.0,0.0,0.0,0.0,0.0,0.0,0.0,0.0,0.0,0.0,0.0,0.0,0.0,0.0,0.0,0.0,0.0,0.0,0.0,0.0,0.0,0.0,0.0,0.0,0.0,0.0,0.0,0.0,0.0,0.0,0.0,0.0,0.0,0.0,0.0,0.0,0.0,0.0,0.0,0.0,0.0,0.0,0.0,0.0,0.0,0.0,0.0,0.0,0.0,0.0,0.0,0.0,0.0,0.0,0.0,0.0,0.0,0.0,0.0,0.0,0.0,0.0,0.0,0.0,0.0,0.0,0.0,0.0,0.0,0.0,0.0,0.0,0.0,0.0,0.0,0.0,0.0,0.0,0.0,0.0,0.0,0.0,0.0,0.0,0.0,0.0,0.0,0.0,0.0,0.0,0.0,0.0,0.0,0.0,0.0,0.0,0.0,0.0,0.0,0.0,0.0,0.0,0.0,0.0,0.0,0.0,0.0,0.0,0.0,0.0,0.0,0.0,0.0,0.0,0.0,0.0,0.0,0.0,0.0,0.0,0.0,0.0,0.0,0.0,0.0,0.0,0.0,0.0,0.0,0.0,0.0,0.0,0.0,0.0,0.0,0.0,0.0,0.0,0.0,0.0,0.0,0.0,0.0,0.0,0.0,0.0,0.0,0.0,0.0,0.0,0.0,0.0,0.0,0.0,0.0,0.0,0.0,0.0,0.0,0.0,0.0,0.0,0.0,0.0,0.0,0.0,0.0,0.0,0.0,0.0,0.0,0.0,0.0,0.0,0.13988208872527255,0.0029428476979367502,-4.7390282751226383e-7,-0.0003905755480075122,7.637310316186657e-8,-0.001001712718476449,-6.410008875460303e-9,2.8097405667802778e-5,6.04440035740534e-7,-3.477326908936843e-5,8.293827071089043e-6,0.0013270674491809862,-3.4384842599634873e-9,-3.094678825465044e-6,2.1109426080466493e-8,-0.004265862366999113,4.696557499076054e-7,0.00095450234021942,5.133534519366586e-7,1.3840811700918424e-5,-0.003699791510386562,-0.006984296387668742,-1.7550144090811491e-7,0.0001343761295741207,-0.004994132438520173,-0.00467183555970797,3.806595044992793e-5,8.068258682367397e-10,-4.4638865359361976e-5,-0.00036433572504553563,0.0012940605958607434,8.076037100528936e-5,3.166534924437242e-6,-2.5542790765270645e-8,0.0006479007324220861,0.0001407257346307003,1.624823960429761e-5,0.00041833843347268925,-2.2664484821204083e-8,0.006005606282716554,-0.0006590587034998697,-0.0006682229038918732,0.013183455413460938,-7.140011400816627e-5,0.0019329226988657505,-2.314628703855657e-8,-6.702805415489565e-5,0.00962316762835793,4.478100074096226e-5,-2.1639948414848944e-6,7.194534948889104e-5,-5.002234859133615e-7,-8.752130530476891e-6,2.6237443803642994e-8,-0.000642183184029463,0.00010066803239540041,5.158219558087086e-6,-0.0006953883522108545,-1.1092862872627399e-5,-1.0667946689282514e-7,-1.9344076007849327e-7,2.178910724709909e-5,2.959267281429446e-9,1.3593714186283892e-8,5.699456785118157e-5,2.0251438374001112e-6,0.00014445742387440773,1.613899099507321e-5,1.668325492798458e-6,0.0019818237976025276,-0.01336949276666672,0.04682659553974453,1.9906762081077127e-7,-1.6375167419995075e-5,-1.3531182102454529e-9,-9.669565595712192e-6,-1.10292825589624e-7,-0.010825787082648246,4.191584471985849e-5,0.0006766329653718324,-0.03377757726454609,8.526649093420368e-10,0.00024788474685614423,0.006688376130393721,-3.589875451753511e-5,0.002610338824433875,5.115067365679482e-7,-0.00023981789909246213,0.005967602775964998,1.9336848538720164e-6,-8.665490657020977e-5,5.013081464107753e-10,-0.00011480016249847309,-9.257505745778731e-6,-0.0017728311268538906,-1.6179234720946532e-6,1.4450892863507727e-5,-1.4042408735733886e-7,-0.0021873676960245487,0.0012603464226300931,1.3702926931393743e-6,-8.72706330685252e-5,0.025253751703345474,8.464644303394184e-5,0.023462367654901554,9.990625119397175e-9,-0.00020350911626433314,-0.0026198796484438905,-5.8255634667791046e-8,2.7180672233370413e-5,-0.0034307138999065904,3.3973147976645506e-5,7.293022867508387e-6,0.004460861090798075,-0.005089721033409995,-0.00012359361365451118,-0.004242572566118592,-4.2408041088875945e-5,-3.30873122455183e-5,0.008196407607050153,-0.005387459018779809,-0.00027889354815867394,8.784533632305691e-5,-0.001611934660223157,0.0008168100314897483,-1.850995499358131e-6,9.657551951473654e-6,-6.362410808695981e-7,-2.2000582822665612e-7,-0.043306603427291056,-0.0036376321624535936,-2.3425459271232664e-5,-6.949078862828046e-5,-1.6399030165788107e-6,-1.6157934194387913e-7,-0.000593881446775224,0.0006125039169473096,-0.005882376492893573,0.00013560343479981774,-0.004332090871949171,-2.5538127978051003e-6,0.06766233047337196,8.728680832829982e-9,8.50402882110984e-6,3.726300036911538e-5,-0.0019180255651777458,-5.229477694819182e-7,0.01251587485703597,-0.0002593820643985833,1.6539642440063077e-8,-0.002179077384300349,-0.0059457239691410625,-0.006096520806168727,-0.000133893908191405,0.00045420556979213855,-4.4642805810641694e-9,-2.3517814057079022e-8,0.0012347610251263695,8.841969093795068e-8,-1.6503692464033746e-9,-0.000672353962056459,-0.00020932576427686028,3.562339647605317e-5,-4.1565992811101363e-10,-0.002502133498499928,2.5342348159322587e-8,4.261291914726084e-5,6.544780243998417e-7,0.0015719703216876236,5.276958544877173e-9,-0.00015916317749812222,3.4459589609980283e-6,-3.7234476796033193e-5,1.8872429361560742e-5,3.756169335599562e-5,2.0556138591636513e-5,9.428046955796632e-8,-0.00550275367932776,-0.001065541384140823,-7.174088017045391e-5,-0.00014854372295703918,-0.00033507635623473465,0.04098585495461848,4.839097716083069e-10,-0.006399299440611717,-2.3699952849392658e-5,-0.00020237245754315658,-0.00023765918434759913,-5.832995375226948e-6,-0.0021129545734839906,-1.321619116555277e-7,-1.3240447660675326e-5,2.2114516494144236e-8,0.005886243599337526,-9.674776571824766e-8,0.0007258785067196146,7.028554936839435e-6,1.3372474156541226e-8,-7.728615016259227e-5,4.028482622668482e-9,-1.7272442363591497e-5,-1.610721494244022e-8,-0.012707599543072825,7.871953470132802e-5,-0.00013111006562637232,-0.0032002809886332475,7.153518588760483e-7,4.932232974489815e-5,-3.550040428625204e-6,-1.7195440364356929e-6,-0.0001878025233158196,0.0015995660973014824,0.0011380467442696687,5.261080926292903e-9,4.403984216467194e-9,-4.36882051468978e-7,0.0006778878816837551,0.0023310465868095123,-1.8730621205634596e-6,0.00021018567755348266,-5.807124250581921e-9,-0.01903050685935211,0.0014167910849064956,0.0007409892356025122,4.83780398311898e-7,2.7619490130508053e-5,-1.3038681284176054e-8,0.00022067568311366436,-6.228202782941518e-8,-4.150790185521093e-5,-4.621882910835833e-6,-7.033878937323262e-5,5.775828230674748e-8,2.451243445813437e-6,-9.720920774817557e-5,1.411334207566753e-5,0.0017549408349256078,1.3484962120839127e-9,3.884909151821885e-5,5.180221357422038e-6,-2.0177678150536825e-5,-0.00015365735654731093,1.405610350644005e-5,7.029391879994144e-5,6.677430428045624e-6,-5.6885674232434575e-9,0.00021525044030195557,-0.00022117682737179107,-9.122596117382859e-5,-6.974683395878479e-7,6.092612994636626e-6,0.0009918585138535072,-0.0008591233097077753,0.0004608585216314049,0.0006081017630521084,-0.0028880079481264343,-0.0061461182385897225,2.041984462764469e-6,6.191260141963736e-8,-2.514611833467869e-5,0.001758972674299793,-4.7750449101469017e-8,-0.003204017701990022,-0.00047809382415206524,-0.043526277574049484,-2.3867651881778423e-5,0.006734952391200206,1.4501185217164976e-6,1.9409225487249976e-5,6.7639800033193165e-6,-1.8369546525630016e-6,1.968467458414002e-5,9.304081154906595e-5,0.0058418476060630355,8.046306688206251e-8,6.566511933547897e-9,-0.001197801886607527,0.00010101384039311524,6.959688072728114e-10,3.431012356062049e-7,-6.757429265089802e-8,-3.459875765493758e-6,1.5802855746111642e-5,-0.00018417112403017506,0.0009648380645764333,-1.801433969914647e-5,-0.059615259024270374,1.6519835515336009e-6,-2.9728991479742185e-7,-2.65743746468183e-8,-5.02898488825445e-6,0.0015111137790958403,-5.510390162835957e-9,-2.2757552774175687e-7,-0.02234604070078626,5.1999037879321094e-5,0.06869319438480838,0.001219165713820454,-5.8956391183218e-7,3.11137038122193e-6,3.701163327044679e-7,-0.0006299600288811215,-2.2841909321108487e-8,-0.0007515000354125905,-0.0026622716245240626,-1.6774805785710623e-7,-0.0009401433236403589,6.025684061894084e-7,1.4410778329940685e-8,2.8047577053680394e-7,1.1069768168787652e-5,6.586128000903251e-6,-0.038580764514154715,0.015627584440152647,-4.2350332858575537e-8,3.086965640040802e-8,1.2171410792641847e-5,-8.05658702159735e-8,0.001906144123442901,-0.0001423122449680903,-1.7250353073894795e-10,-0.0003736858253375184,-4.361169312968778e-5,-4.146265160466545e-8,-1.1032442214055501e-5,-0.00046701529577947783,-5.161964574232502e-7,1.4957080087959177e-5,-2.009534356918775e-5,-0.005802793332308087,0.00027242388681930955,-6.656734831020529e-9,3.8187049133363304e-5,0.00023560663774816666,-2.8560433424389564e-8,0.0011360598431579005,-2.5097924213022967e-5,-0.007350086737626324,-0.00036866313760932934,-0.001514756534649247,4.3556562937041445e-5,8.202636242386369e-8,4.00787854721854e-6,-0.0004938001995171399,0.004178281506430094,4.9868348306884715e-6,-6.49878229761889e-7,-1.9042464980744785e-7,-1.1968298167408049e-5,-0.00038947014064756526,2.4298121964495474e-9,-2.9667220680187578e-8,2.506152799690302e-5,9.450208324900772e-11,1.8403975828555612e-6,-0.00010236384975426937,0.00022332396940364074,-5.372694990588933e-5,-4.432408669442694e-5,-0.001565381674952864,0.0011703624755895336,8.40466046959918e-9,1.1244713557991905e-5,-0.0002160699389459862,-0.00285200841818461,0.020261773662602966,0.008628293670940949,-5.603070514338278e-9,2.4949691713664017e-10,2.3668128999732992e-5,8.5913993306983e-5,1.6708582959565797e-6,-0.0005200770458830259,-3.8943528904143435e-7,2.0284601140695563e-7,0.008696726987853785,0.03841270429191799,-1.5229828333040676e-5,0.06385921662576437,-0.0026200545832827417,-3.72989855441428e-7,-3.2696569495472724e-6,-7.14918175042107e-6,-0.0006536392395456181,-0.0019197072113723336,-0.0014542615220758657,1.927142302939696e-5,4.105021269080901e-6,-9.454458246516843e-6,-5.607348109786754e-5,1.8237497773858823e-10,0.0032514965783003863,-1.1507182013339129e-7,-0.000261565399642759,3.4462649836723154e-7,6.449434965176392e-10,0.0006384353457155615,-0.00012498695967165386,-0.009461079377903903,-0.0029079133578447016,-0.0008420776161250419,-0.00670222371813096,-3.118641963881382e-7,-6.570979181854974e-6,-7.497295551263599e-5,2.6789562052528194e-5,-0.004397642030367954,-0.0007712652703739155,-0.00014976160931075768,-0.002088336740522845,4.887623305214076e-6,-0.005239327970177484,9.869349836480163e-9,-0.0012143426288150217,-4.710703351341258e-5,3.2142094827734315e-9,-0.000145086948531078,-2.029149415814055e-6,-0.0004057981563336198,1.3742670012853042e-8,1.0472511763201016e-7,-5.763201455171891e-6,7.373364908017358e-5,-2.659734520011136e-5,7.10708814702944e-8,-2.3880412991531122e-8,-2.795225386544461e-7,-0.00017786949185242347,0.0004861460410646585,-0.0007367839234843767,0.0003387030544582433,9.05312307742865e-10,0.009595166369572451,1.1092905160737393e-6,-6.937368039691115e-5,0.00015985141648968182,-0.0073440365914987865,3.010234612408122e-7,4.3955500095666784e-5,-0.0010500570753252966,-0.01637017900673509,-4.978466613269367e-7,7.055358283961434e-5,-0.0010556600542275072,-1.2703970408602115e-6,-0.00040267921339619115,0.0006117972820012975,3.762163733875422e-5,-7.534137146722725e-8,0.009582968200784978,0.00017876780673748712,9.11456721056754e-9,-5.3099511522175834e-5,0.002278929274642124,-4.383057681285771e-5,-6.423249937653572e-5,-1.1473382100613072e-7,-1.667916645832184e-8,-0.00047494665140517,0.03791908463922698,-0.0009982125622076722,1.2053896511879537e-5,-1.1476573430518962e-7,-0.0026162759006752314,6.125602764968415e-9,5.306694762083847e-7,5.387520259914071e-6,-3.176555442999982e-7,0.001769582229536122,1.614570325610136e-6,-0.007302809379145767,0.0021215407240975487,-0.00016655287895359137,3.2812858545203517e-9,-0.00042050687716196325,0.0002391035882205914,0.008178727461680427,-8.865346114062042e-5,1.828359275426134e-5,-0.00013373901327836505,0.0005986022822824878,-9.444723841697633e-10,1.083336419717461e-9,5.554998317138308e-10,0.010488255169340583,-1.8948627177923072e-8,-0.00966338994822668,0.0012979108503685666,-0.003892019469001437,-9.133490969990202e-6,-0.0023148348842445964,0.00012124951364383567,-1.2908312455613056e-9,0.008254560142710941,-0.006742715185043786,-0.0007554791996628394,2.5725761581785434e-5,1.759785107418146e-5,-6.20085013862979e-5,5.203642019737434e-10,-0.004934219972141188,5.905135876189926e-6,-0.00035138691247394734,2.7082602372656305e-5,1.667376293088185e-5,1.664176382518905e-6,0.011348608264503226,-1.4457032455009689e-9,-0.0024864002498583464,0.001370707279837326,7.181865868666048e-6,0.0006511334138035524,2.9488740844975813e-6,-0.002000613106575414,0.0001046936840437756,1.846325059082113e-5,-1.532684025385691e-7,0.00017234972764574726,-0.004653033410824617,5.070383735762633e-6,-0.00011000777894540032,1.1660060016624904e-7,5.0617876592667594e-5,-0.00013544192710828669,4.844972132366257e-6,-5.247657660825251e-7,3.1072632890302166e-6,0.00015695591860971877,2.0415246782080648e-5,-1.9041359973745412e-5,3.1130017302075928e-6,-5.4741512078201924e-8,-0.0013606523174722284,-0.0016518802662955135,-2.5425115758408844e-8,-0.00036394721105408885,-0.00046448463659863685,-0.002708077822115486,0.0025721288065589476,5.408530326508185e-8,-9.737776533490532e-9,-0.0013909737640315455,-0.010172540558994598,-0.00023506322520351606,3.025105988723997e-7,0.0030529332320556254,0.002212522790898305,0.0005502385079908335,5.338646172431925e-6,-2.563174440844611e-6,0.0001240681875375655,-0.0007557641516986787,0.006166735311946549,0.002422043286529541,0.019415412529259712,0.00804539814839363,-1.5206979994231759e-7,1.0194941340876527e-8,-3.089978378027462e-5,0.004469805684315831,2.851399723434049e-10
0.0,0.0,0.0,0.0,0.0,0.0,0.0,0.0,0.0,0.0,0.0,0.0,0.0,0.0,0.0,0.0,0.0,0.0,0.0,0.0,0.0,0.0,0.0,0.0,0.0,0.0,0.0,0.0,0.0,0.0,0.0,0.0,0.0,0.0,0.0,0.0,0.0,0.0,0.0,0.0,0.0,0.0,0.0,0.0,0.0,0.0,0.0,0.0,0.0,0.0,0.0,0.0,0.0,0.0,0.0,0.0,0.0,0.0,0.0,0.0,0.0,0.0,0.0,0.0,0.0,0.0,0.0,0.0,0.0,0.0,0.0,0.0,0.0,0.0,0.0,0.0,0.0,0.0,0.0,0.0,0.0,0.0,0.0,0.0,0.0,0.0,0.0,0.0,0.0,0.0,0.0,0.0,0.0,0.0,0.0,0.0,0.0,0.0,0.0,0.0,0.0,0.0,0.0,0.0,0.0,0.0,0.0,0.0,0.0,0.0,0.0,0.0,0.0,0.0,0.0,0.0,0.0,0.0,0.0,0.0,0.0,0.0,0.0,0.0,0.0,0.0,0.0,0.0,0.0,0.0,0.0,0.0,0.0,0.0,0.0,0.0,0.0,0.0,0.0,0.0,0.0,0.0,0.0,0.0,0.0,0.0,0.0,0.0,0.0,0.0,0.0,0.0,0.0,0.0,0.0,0.0,0.0,0.0,0.0,0.0,0.0,0.0,0.0,0.0,0.0,0.0,0.0,0.0,0.0,0.0,0.0,0.0,0.0,0.0,0.0,0.0,0.0,0.0,0.0,0.0,0.0,0.0,0.0,0.0,0.0,0.0,0.0,0.0,0.0,0.0,0.0,0.0,0.0,0.0,0.0,0.0,0.0,0.0,0.0,0.0,0.0,0.0,0.0,0.0,0.0,0.0,0.0,0.0,0.0,0.0,0.0,0.0,0.0,0.0,0.0,0.0,0.0,0.0,0.0,0.0,0.0,0.0,0.0,0.0,0.0,0.0,0.0,0.0,0.0,0.0,0.0,0.0,0.0,0.0,0.0,0.0,0.0,0.0,0.0,0.1396898172853951,-6.197813577886171e-7,-9.881306905923391e-5,-3.9508789068882757e-7,0.0008941169190689668,1.701693189060691e-9,7.271921357402152e-6,-8.739688570536699e-7,1.0754339325433844e-5,2.797326451690887e-5,-0.009621156118098956,-2.3432175361883473e-7,2.2833864341418425e-5,-1.496504491618806e-8,-0.0013199896017710238,1.3558868126100629e-7,0.0003665235436589865,-3.549268703071232e-5,-4.888008255185979e-5,-0.001780098341600333,-0.012895891224196649,1.3572217433142843e-6,-0.0011297098948018973,-0.03385800789761597,0.040107445600835394,-5.097225328084683e-6,-1.3781402686425058e-8,8.762027998576192e-7,-0.00015259042060135596,0.0001873235666029763,-0.0020866515379118216,5.892456177543492e-6,5.406619381029913e-8,-0.0009866360381299167,3.6406887303736396e-5,1.0008663061711036e-5,0.0013150832535375682,9.850898397805815e-8,-0.006788514039684043,0.00251269863172347,-0.00023251151681748068,0.0048724471887593695,0.00046729134790101317,0.00047447600692030714,1.4434949307775622e-8,-0.00030732471251362345,0.007658795409217753,-2.7126243815216257e-5,3.40195802639483e-7,-4.18494857924434e-5,3.838992812088563e-6,-0.0019864759090354915,-1.058996095914125e-9,0.00032995542698909826,-5.983392886164785e-6,-6.739204430401668e-6,0.006314875773346175,-0.00014257818209042773,-4.978829610461753e-7,-2.3738857751161007e-6,2.569606623925754e-6,1.635434005615572e-8,-5.914907038501638e-8,0.02069239010714299,-5.828153079806745e-6,-0.001626190420661683,-9.744773144313855e-5,1.389746821891935e-6,-0.0006240240244308119,-0.0005449271133168369,0.014446937444813082,6.156950806591907e-7,-5.690242408291836e-5,3.892905424116595e-9,-1.0761357414122938e-6,5.082634447604437e-9,-0.0019107133217027433,2.7630262687682395e-5,-0.0006852099150816067,-0.00682017669925613,-2.0087997889459097e-8,0.00034048483855702823,0.013133282521301026,3.875556150884178e-5,0.0007478503287905232,-6.933975456694608e-7,-0.0009875993405751553,0.005835082153401005,1.6142337143421313e-6,-1.0923050421574268e-5,-4.33652891967928e-9,6.0194182012650265e-5,6.029513088386249e-6,-0.000897897048140003,-1.0284989099086794e-5,-1.485197417918896e-5,8.776634343351692e-7,-0.003076170906064995,-0.0001279310288603511,-9.283773196403896e-6,-6.13626538062416e-6,-0.011179614996167413,-0.007490334964853015,0.002945986284566824,2.2752580701911074e-8,0.0003253999320711329,-0.012968556407572043,6.158262920934163e-8,0.00010616606232195662,-0.00465411152272988,2.4480728107973466e-5,1.4428759107419882e-6,-0.007098588385499392,-0.0046650685363487125,4.412236165825578e-5,0.050714323120684676,4.2837658374552884e-5,0.000127726801022654,0.07443965945704892,-0.00029372109619966416,0.0008813013901635177,-5.732521452880489e-7,-0.0005697334870896778,0.00010091978448553526,-2.8162446048881118e-6,-3.490247084501722e-5,-3.39940419937633e-8,2.8882618450450574e-7,0.012106050083309089,0.06292076726573709,6.828371204542159e-6,-0.00023777812549399165,-6.53362063943484e-6,1.104864975707005e-6,-5.394015960862478e-5,-0.006665849996260046,-0.0022255394515577685,-4.201564941985085e-5,-0.0028844747187222277,-4.654325617033822e-6,-0.003942284638635179,9.466494443378484e-9,-7.712653739387041e-6,4.469099673705747e-6,0.018640384545122367,5.7952062268083646e-6,0.017726692966275992,-0.0001708728924891758,3.681281979789207e-8,0.010977307825253397,-0.033486215438105246,0.009691924875334854,0.00012180352394135189,-0.00015104522024822717,5.511101500826168e-9,-1.0712336815676543e-7,0.0020325147930310428,-3.803980370254683e-7,2.520125973549954e-8,0.0028082042266246786,-5.9607397763782077e-5,1.4170531227772463e-5,8.219419786546239e-10,-0.0010734276670256741,-8.891229642268447e-10,-2.192820714294692e-6,3.6369697271001945e-8,-0.001720434156974192,-4.0469313527854e-8,-0.00404645834699135,-4.222667254466645e-7,9.737934957896294e-6,2.9187473004971923e-7,5.0592715438608885e-6,-4.519753441643138e-6,3.710578729109677e-7,-0.0032892979485972937,-0.00011591056732787253,-0.0004226978839676936,-0.00047738472260960477,-0.00019176120829915246,-0.0036709925532347424,7.360114546604256e-9,0.0298753281111909,-0.00017802891458505095,-0.00018487975702741205,-0.00012146891989171878,-2.207468191194335e-6,0.0007826791239012382,2.105614121976753e-6,8.96069259572987e-8,-1.0694576682305998e-5,-0.0003942064436430863,-2.2646884955848453e-7,0.0001378145499291682,6.317566886735312e-5,-2.0569100357075986e-8,-2.1218223379961626e-6,3.376506702535584e-8,9.709218049843349e-5,-4.323848344612297e-7,0.014238815847091593,-8.872979134423474e-6,5.205334996902415e-5,-0.004728304841165022,-1.6925575602494945e-6,-9.407474909274925e-5,6.297872354125405e-6,5.563632370603022e-6,-4.747383331065949e-5,-5.632753909276962e-5,-0.0009034815061086953,1.9446847773185795e-8,4.082833631767776e-9,-1.321125807590848e-7,-0.00011496767596104672,-0.003869461629117825,-1.3542053875790788e-5,-2.0601665353632797e-5,3.478614747645638e-9,-0.0014409865928344116,-0.00015565592772068512,0.0009304146296735166,-1.8291558422234133e-6,1.3238469188534319e-5,-1.2113793974344984e-8,0.0003387595809584329,-1.6678468370173004e-7,5.512320690836767e-5,-7.340630691441466e-6,4.402567251496035e-6,4.3223108062254825e-9,-7.638008530291682e-6,3.0198385417419427e-5,-1.0568512613018786e-5,0.0011030562061870909,1.7260214529866915e-8,0.0003460879218291339,-2.7124101450629404e-6,-1.64176431844588e-5,8.972220442086208e-5,5.724951732429599e-6,-0.00023330929314693987,5.0720739608372135e-5,3.099378336367634e-9,-0.0001853218124314548,0.0008842486874021916,0.00016070437787206698,1.216388959540438e-6,-3.876485425742453e-5,-0.00023143572382594235,-0.00046137157780349567,-4.449442003803092e-5,0.0010802500398813504,0.00469002858993134,0.06273781878166292,-3.6215753079092e-6,7.144885025564021e-7,-4.649557909711558e-6,0.0007034580765474752,-2.0753573317192524e-7,-0.0037781449856880765,-0.0003183557230879349,-0.007318739156535657,3.768492888304585e-5,0.019126469688638726,5.192297954864326e-6,-0.0002138755362622662,-2.4515689103052356e-5,0.0003149857242734207,-3.2015174711165485e-6,-0.000706614516568675,0.04005768523015517,2.494741379030384e-7,-4.3942550219481115e-9,0.04448526780801817,4.224212382279584e-5,1.0508800365932764e-8,7.099097975982717e-7,5.483401853955103e-7,1.0795912457222383e-5,-0.00014843864872672517,-5.951264877781643e-5,-0.00012388659970370366,4.59610099906161e-5,-0.03177893447532463,1.3795596708058222e-5,7.370163505938616e-7,2.393486407946339e-7,9.376792926186383e-6,0.020906289968465098,1.0190398407495358e-8,1.4248778313790772e-6,-0.036194389232319296,5.859259770911887e-6,-0.000870107962360324,-0.003394071258219122,1.6465288906115423e-6,0.00010508824488579358,-1.8467436005666305e-6,-0.005020276739322746,1.5160410335719908e-7,0.005631534519273185,0.002029551523982813,9.934266152468305e-7,-0.003262143132694069,-4.011152052535024e-6,3.6088428124206644e-8,-1.463996681775789e-6,1.6177606493856519e-6,-6.099474635491008e-6,-0.018234684416117683,0.006920102032371689,-2.4305621233610308e-8,-6.058655758932699e-8,-6.59988771393791e-5,2.962282279523056e-7,-0.00196331857247137,-7.548161801854325e-5,5.994001893784663e-9,-1.54823549218785e-5,4.188017215124328e-5,4.030527300929973e-8,-1.8066930843203736e-6,0.006753061184244335,-4.091145341632818e-6,-9.512526110367763e-6,-5.6279152581304795e-6,0.00770357604951214,-0.0016077743617072615,-1.5219315275647995e-7,-2.1795842936725036e-5,3.643541233376043e-5,-2.433696720162034e-7,2.157283923029646e-5,-8.542434420578375e-5,-0.01917125571717087,-0.0010273927250212848,0.009851374280320816,-2.517640023774535e-5,-1.4902036866758478e-6,-1.351819121003588e-5,-0.0005112561300991062,-0.019022610071439735,-3.258892148014531e-6,1.3674796429680965e-6,-5.750674302976462e-8,1.8761252735290477e-7,-0.0005908441464322045,-4.9427990549887904e-9,2.858427292178805e-8,0.00031414568959300184,-1.1082394321197834e-8,7.678139665921754e-7,0.00011160083664667834,-0.00033111817507948843,1.8663542437700508e-5,-8.567658289453515e-5,0.0003750382075109781,-0.0009435321880030892,-1.9040066457226107e-8,6.0251888217669e-7,-0.0004552241204497025,-0.0028239812348975087,-0.001597374233756705,-0.0029154915303818696,7.1010667184790726e-9,1.4685479182612286e-9,4.453082873847819e-6,1.959423679448436e-5,-5.315475664965847e-6,0.0016946885984715483,1.5599593681188718e-6,-1.9304826642578955e-6,-0.008466613631040934,-0.011509852731142132,4.621553005045517e-6,0.004076071007081264,-0.0005253542631358935,7.536959421553943e-9,-2.3287492665117447e-6,9.978224050012549e-5,0.0035736873086459333,0.01649912778076228,-0.0007822250929494397,5.275370385454812e-5,-3.4114002317219814e-6,-6.632953525159196e-6,-3.49985141451247e-6,-3.910674416734296e-9,-0.00012622663161209358,1.789347674076878e-6,0.00016859383061550338,-1.1614487019710898e-6,2.8107568072570687e-10,0.0004897827691207449,-0.000888887715488461,-0.00022810573048547486,-0.0007155401941446152,-0.019604173713408793,-0.0007882996582011335,-3.7403913849867506e-7,-1.2239508872100746e-5,0.00015035073401062363,0.0003544840947030511,0.0008033849110258422,-0.00012496208752565567,0.002901317055623667,0.0012739989076695104,-2.4814992559712873e-5,0.05640585045973399,-2.7378611033041584e-7,-0.0008120648172521039,-5.7301624619974955e-6,6.788665414278574e-9,0.0001600896122120716,-1.3488399910110466e-8,0.0346282887975985,4.930429682192128e-8,2.513099164893322e-7,-2.4788883237230004e-5,8.351625684213924e-5,4.4259753663419986e-5,-2.1588495610160835e-7,-5.162072371829351e-7,-1.0325708797707924e-6,-0.0009671893092117477,0.0001743190938845051,-7.010088792937805e-5,-2.5692728154084155e-5,-2.3913374093366738e-8,0.006727463651706236,6.955994702030212e-7,0.0005381719404276453,-5.423990348476159e-5,0.0635096858292692,-1.4166587176708503e-6,-0.0004338722722065755,0.002598376412322801,-0.030641828081650002,1.5370429248136149e-6,2.542257934782751e-5,-0.00010880235283016827,3.7592249960089662e-6,0.00027983154043099523,-0.0008896867415400401,5.5787376438638e-5,1.3418390588013548e-7,-0.006099784815814112,-0.0005031907748319966,-2.9532842872826676e-6,-2.9812177161107865e-5,0.018781168211127304,3.6325567374522814e-5,-3.0300213284416747e-5,-2.59122033710397e-7,1.821734019504591e-8,-0.0011104549775165532,-0.003402867496598674,-0.0009196311507484093,-2.2435834513772424e-6,-3.234435351081266e-7,0.003672129356982575,3.073622388088102e-8,0.00012694629920983986,-2.2058513930892012e-5,1.4281957826184244e-6,0.00041525114531836314,5.472376173257874e-7,-0.00406345017544831,-0.013975820772990468,-0.00019701516243267973,1.7853920322276998e-8,-0.00012848222763260306,-0.001623270949056581,0.001715809208870951,-1.2926747265598253e-5,-3.32281381872689e-5,0.00040545299998974606,0.00091800422423913,1.0800220454091133e-9,1.1420158293090492e-8,-3.7935023681977924e-9,-0.007054472585268806,1.2310546155621397e-7,-0.010672747492054123,0.00013569940366025033,-0.0012099710962639738,-4.383164199252934e-6,0.0039954143946908036,-6.583743440054804e-5,1.49145195792599e-8,0.004078692977483158,-0.0028189402614981064,0.008313551848046448,2.4088013732863846e-5,-5.550326476501189e-6,-2.9898811245546502e-5,-2.625259176310517e-8,-0.004971953103427113,-2.7488239577675788e-5,0.027764900739428618,5.6573997149476e-6,-0.00010695090621975842,-5.372160972657974e-6,0.06802120902272338,9.34657223647106e-9,0.004204468467619794,9.348424032304719e-5,-2.677421563426784e-6,0.0012862769080970217,0.00016386524074122772,0.00019306474689779446,0.0001792033194868825,3.0322668010804867e-6,7.9912702646949e-7,-0.00015770208694140277,0.00399404341359552,3.052668132494463e-7,2.8440995177684287e-5,2.9789329105376225e-6,-3.3681482922658803e-5,0.00020054118249134104,-5.199858742850117e-6,-1.324110506302066e-6,6.277359218242236e-5,-0.0016442473896651625,2.8643260242820142e-5,1.284072388161216e-5,-5.192445980325679e-6,-3.6376324613150636e-7,-0.012442706102121563,-0.0004122801458628836,-1.644185276685453e-7,0.0008760689375017657,0.0018140181887414846,-0.0005583437266911331,-0.0038784299074733253,-2.2950476686627646e-7,2.9462246577606544e-9,-0.0005143370686348605,0.004990975992888929,0.00232331684831829,-3.0041885476552008e-6,-0.001207385809826615,0.00076509019781843,-0.0013795836408553057,-1.6917736397845776e-5,-4.503654490450822e-5,-7.702307691338354e-6,0.00012857846008610044,-0.006958366139724505,0.004909343385717984,-0.002748374694591358,0.0012354130076735873,-4.3652178784754304e-7,1.3275913317323638e-8,6.77591935699884e-6,0.008090632753474004,-2.912886249292906e-9
0.0,0.0,0.0,0.0,0.0,0.0,0.0,0.0,0.0,0.0,0.0,0.0,0.0,0.0,0.0,0.0,0.0,0.0,0.0,0.0,0.0,0.0,0.0,0.0,0.0,0.0,0.0,0.0,0.0,0.0,0.0,0.0,0.0,0.0,0.0,0.0,0.0,0.0,0.0,0.0,0.0,0.0,0.0,0.0,0.0,0.0,0.0,0.0,0.0,0.0,0.0,0.0,0.0,0.0,0.0,0.0,0.0,0.0,0.0,0.0,0.0,0.0,0.0,0.0,0.0,0.0,0.0,0.0,0.0,0.0,0.0,0.0,0.0,0.0,0.0,0.0,0.0,0.0,0.0,0.0,0.0,0.0,0.0,0.0,0.0,0.0,0.0,0.0,0.0,0.0,0.0,0.0,0.0,0.0,0.0,0.0,0.0,0.0,0.0,0.0,0.0,0.0,0.0,0.0,0.0,0.0,0.0,0.0,0.0,0.0,0.0,0.0,0.0,0.0,0.0,0.0,0.0,0.0,0.0,0.0,0.0,0.0,0.0,0.0,0.0,0.0,0.0,0.0,0.0,0.0,0.0,0.0,0.0,0.0,0.0,0.0,0.0,0.0,0.0,0.0,0.0,0.0,0.0,0.0,0.0,0.0,0.0,0.0,0.0,0.0,0.0,0.0,0.0,0.0,0.0,0.0,0.0,0.0,0.0,0.0,0.0,0.0,0.0,0.0,0.0,0.0,0.0,0.0,0.0,0.0,0.0,0.0,0.0,0.0,0.0,0.0,0.0,0.0,0.0,0.0,0.0,0.0,0.0,0.0,0.0,0.0,0.0,0.0,0.0,0.0,0.0,0.0,0.0,0.0,0.0,0.0,0.0,0.0,0.0,0.0,0.0,0.0,0.0,0.0,0.0,0.0,0.0,0.0,0.0,0.0,0.0,0.0,0.0,0.0,0.0,0.0,0.0,0.0,0.0,0.0,0.0,0.0,0.0,0.0,0.0,0.0,0.0,0.0,0.0,0.0,0.0,0.0,0.0,0.0,0.0,0.0,0.0,0.0,0.0,0.0,0.13891407734100641,-4.791500812478016e-9,-0.0038318532964610897,8.040036233013989e-5,-0.0004014996466650161,-1.4106057622881452e-10,-0.0024695654334670495,-3.2782907483018676e-10,0.0026910252783767462,-7.486292634586397e-7,-0.0017349985979822728,0.02160533351225825,0.0006464213726634782,-2.1243687401588828e-7,-0.009201026923252193,1.0850722236389675e-8,-0.011318418450534292,0.00527444519978254,-2.8415519762236473e-7,2.085392223076044e-6,-0.012992137522463473,-0.000317057962849008,7.193511923388026e-6,1.383273213564674e-5,-6.941451548755195e-11,0.0007396431905606735,1.2006521156450768e-9,-1.2781496685160904e-8,-5.902253393441852e-9,0.00013837017556764784,0.014916411915073978,0.0020130860556801513,-0.00022643774997946095,-1.8799671506640974e-9,2.793874812425162e-10,0.00026591190365744685,-0.0031061669164038014,-4.30261733695714e-8,0.00015795300469297944,9.506350250930855e-9,3.1059692949477212e-6,0.0002017941747336484,-2.068288767159214e-8,-0.0010924047272152756,-0.0010451355178186924,3.2015910914090597e-7,2.141045405866645e-10,0.012665076084739,1.682947690642401e-9,0.02782505005188787,-1.175543536845252e-6,-0.0012082090544764616,-6.789429040574861e-9,8.553767093228678e-10,0.012126650107538025,-2.0810822652653334e-5,0.002294449435543428,-0.001170897831145925,-0.002711887937488159,3.2965147556658356e-10,0.00013762507543636554,0.003913182273559532,1.550544600274001e-5,-3.822570985931445e-10,-0.0003920779137689905,-1.1197250856567218e-5,-0.009826357754041963,2.575009769634457e-5,3.2586783566627164e-7,4.0582380291587173e-7,-0.02409688988487815,0.0012623921884804092,0.000799865902275664,-1.451745743118909e-10,0.0023066476593518147,-3.7060931307072228e-6,-0.0008821615191772119,-9.437142023389003e-9,4.0676132697502206e-8,-0.0003454202164132694,0.00030224514599368115,6.617868523517401e-6,-0.0049821679473813375,-3.0776039719579754e-8,0.021366756657237994,-0.00020900497004642523,-2.823494725402085e-7,-0.013396089851950128,-7.508793260915618e-11,0.00015449284141565866,-1.6623429605579096e-9,0.00017932847433035492,-3.172828593822449e-5,7.378329570880756e-11,0.007132348646414751,-0.004965833943832598,6.619949869326015e-6,-1.7387046462973757e-8,-0.013936094414949782,-1.1145798126891946e-9,2.3988423117302445e-8,4.373817742094717e-5,-7.246675738362466e-7,-0.0031629137382725918,4.507086292477969e-9,-2.6661972197736263e-6,0.004113131586553401,0.001364148183914199,-6.247034159374066e-7,2.1045959593098916e-9,-0.015981598017891323,1.563651205027621e-6,-2.6919411900577063e-7,2.032535475417007e-9,2.973446811985689e-6,-0.0002827936247276283,-0.0011682913947301744,-5.257280420924093e-6,2.34658322609769e-8,0.00014348144463750175,-1.6586615873075567e-9,-2.3308332659309604e-8,-3.181729265575677e-9,0.020424447045380004,-0.0018923435747041039,0.0026527384194505003,0.007572246979072161,3.0956081086069654e-7,1.4194186285816476e-5,-3.788701913142597e-10,6.117841739277147e-5,1.0935086329511633e-9,0.07477673744379405,-8.234639367859032e-9,3.5945921909865914e-5,-1.1839196289666484e-7,7.567380500409095e-9,-1.0765116533612264e-7,4.667904873148133e-10,-1.6128962656082245e-7,-6.770287020433655e-5,-2.6028859240908367e-10,2.9763769237571914e-10,1.1111770803652438e-5,0.010208522277659662,-3.6446184121262113e-7,-0.00017328114611563943,-0.0007977873697115542,3.0337806490066988e-5,8.359912708386163e-6,1.4820877162995698e-6,-0.00019252918741314166,0.00015876393206796995,-0.0003302020369591928,0.0022960076718846136,-1.0681837103020853e-5,0.004136621834485441,0.0002596572936884379,9.134680826395342e-8,-1.1500584392398437e-8,-1.3169050867006776e-10,3.4964665436473765e-5,-5.819143334157647e-8,0.00010876015736262964,-4.1499626772089577e-10,-0.029367893814865525,-2.674886026928559e-5,-0.0002133431319301846,2.253297251416926e-5,9.201352416934298e-11,-4.826081918551274e-10,-1.993204845229123e-10,2.395525799874606e-10,-5.974730246897968e-10,0.0010368818267657688,-1.9002468111559751e-7,6.82335409467786e-8,0.00031109726833544385,2.021409292892035e-8,1.634590980948301e-8,4.7648557850823576e-7,-0.0003298244868539203,-9.327226728394883e-9,-0.0010788295802402939,-0.00013724333644365828,3.1050963693861353e-9,-0.003283890393234376,-2.2031202542655164e-8,-0.010361993169658947,-2.0046015588342366e-10,1.658522593090064e-9,-1.3015861936025624e-8,0.0020718959246975067,2.1173730275315825e-8,-0.0026534051187685403,0.0007176302278305929,-7.016829260255203e-10,0.00046039797683031236,0.0020831009675946898,0.0013147932188483412,-8.527480872209751e-7,-2.094712571054483e-9,-1.7136051543186297e-9,1.224460943307011e-6,-2.923354011866248e-11,0.00021183913859512075,-5.571470719312517e-12,0.0026224867411799814,-4.8218785377367276e-9,-1.2706049609570232e-8,-2.424853703785791e-8,0.0005237370741540604,0.0005016690648596633,-0.006795340593027077,-7.779427532651604e-5,-7.374675147658555e-7,-0.005636590994156139,2.7866927694791452e-9,0.0018409427130533244,2.8886086084060916e-7,-9.011144247797712e-9,1.823741886405377e-8,-0.006506137587941863,5.751075966685603e-12,0.0027788897731459757,3.3162174869615606e-5,0.003444916369429063,-1.475504048247981e-9,-2.506212677303168e-10,9.55076544180811e-10,-0.0013984707714954324,1.661338139481669e-9,-7.238018634271528e-10,4.87574097547912e-9,2.853656155231292e-8,-0.0005262351884821652,0.000452352163727768,-0.01546983728915406,-7.628542589732887e-10,1.602350635516364e-9,3.695844342304284e-10,4.531283032061878e-5,-1.6483811465170125e-9,0.0002805248586810055,4.17178290784559e-5,-3.612994827016486e-5,-3.47626241187699e-9,0.028303354507456847,0.0017965054201272096,4.030751514601648e-9,-3.180372354170485e-8,4.299918333207292e-5,-3.449472138915648e-5,-1.3189770156362655e-5,3.8039677055469464e-7,0.041103439391686446,0.004126055160291348,9.81951344653341e-11,5.0559986066787303e-8,-2.110183004257047e-6,3.219641044206303e-6,1.730236696441614e-8,-2.2863316717312108e-6,-0.0003420204536905366,7.72236178403981e-6,0.009481169551599403,-0.00040819646676412295,0.00011005721604068905,-8.380980852311816e-5,2.177730200670721e-11,0.000130680013286689,-4.2381709076421865e-6,0.0037989026267579136,0.00011430152683459916,1.0072326345518937e-5,-1.4878316247522548e-10,0.000357983906477825,-0.004072928729021759,0.002396924105424351,-0.027379407953863708,-0.000602605084742885,-3.0768616181196297e-9,3.0906929135645245e-9,0.004644285345400925,-7.766499077450757e-7,0.00879898644518829,0.013568007132419723,-0.005280185763284455,0.007234624086882596,1.4113103423935987e-5,-8.091447263476298e-5,-0.00479392505974967,1.685784365617957e-6,5.234196746746862e-10,-8.240424203047555e-8,-3.068029666476732e-5,0.07810765294815235,-0.002804062618448861,0.0026192047890742916,-2.0806328568703973e-6,-0.0015304173245385758,-2.3082805761827926e-7,-3.4470953187083236e-7,-0.0029424171375773264,2.2435208678143665e-5,-0.0065556768605347475,-0.001681569242187474,0.0013367469755747297,-2.8136376280678026e-10,-0.0004362693713386991,-1.84378887139978e-6,2.032697400385256e-6,-0.0035891783000413834,0.0041528962473542696,-0.0019181341255907842,-0.001312387064514164,5.445332133384697e-6,-5.836043424264475e-9,-5.446345366632468e-6,-7.795240420467258e-10,-7.877645296716809e-10,-2.322208827307728e-5,5.410406696793571e-10,-5.604358255973399e-6,-0.002578632799884319,0.0017476561174639884,1.7535333816475194e-10,3.7304290745367304e-7,-0.0004214586645223187,0.00282728095703249,-1.2056395220905504e-10,5.703113544307911e-10,0.0015034106608556271,-2.626296029522635e-8,-0.00012133799842295485,-1.0248140716708008e-6,-7.746131200134566e-6,4.5503462486764585e-5,0.0006032605391697594,-0.00020382493020354455,0.0007833086702983964,3.837476856492332e-8,-1.0939955203900408e-7,0.007962955307850498,0.005000589441450116,-0.0037113897358672415,5.2161539813860666e-11,1.9612015491049003e-8,4.372144696694001e-5,0.0026452796042566815,0.00034305108872445604,0.0003565538547275876,-0.023696430693359995,-0.00017196104325863847,6.21024451311723e-5,-0.0008189187998549619,0.0009185245355720987,-7.5334400595763e-9,-8.784714051085088e-6,7.938571673904446e-5,9.705131193837122e-12,-6.0526693804814066e-5,-5.880551933646001e-8,5.021590902920938e-7,-4.5749282510130316e-7,7.033430531445856e-5,9.660331444324402e-5,2.979228057914086e-11,-1.4714435081664542e-10,5.635496971181943e-11,6.852865255727789e-5,-0.007772347327254951,-0.0024362585889534092,-1.1137015892383847e-7,1.2888478851865207e-7,-1.9310737385274765e-10,-4.517000987774728e-7,7.50002028050346e-10,0.019791936547929507,1.5787421644098174e-10,0.0035388071940926796,-3.5307314170864586e-6,1.7466997400958088e-5,4.212667708315941e-9,0.0015237157245286312,0.01463308931593894,0.0006725524705512244,9.077427060353533e-10,-6.119527026991634e-5,-9.898688299629767e-9,-0.007297309306509531,1.860085935201632e-8,-0.02769092470663102,-4.79728035859515e-5,-1.9913557865650864e-8,0.00014920967915806505,-2.8698737697565767e-7,-5.05637290011231e-10,2.139334411373314e-6,-9.512087701620755e-7,0.005712009014307971,-9.103967123541122e-10,6.7949188985198285e-9,-0.0002769965726969203,-7.4448837796528e-7,-4.6310186343037094e-10,-2.6007457469016384e-5,-1.435557576484772e-7,-0.0026697729201408116,4.513652116116804e-6,0.0016576043969600484,-1.6250924201220752e-6,-1.304992482708591e-10,-0.0003935008698641331,4.144837439569141e-9,6.383195250840905e-11,6.122587286459453e-6,-0.0015825614171525192,-0.007984629527539849,3.403703403230397e-10,-5.869957582478389e-10,0.0006258522554454408,0.005467904279044271,-0.0021791702180036627,-0.005983829084085236,-9.609597226857994e-5,6.03479472581169e-9,-6.010845876480101e-6,2.593173755899528e-9,-2.3479392421459196e-5,1.0587793449972318e-6,-0.0036616899865547217,-0.00018751113482200167,4.8050862762594905e-9,6.583909215341621e-6,-0.0008869584959922101,-0.00016866058409223142,-9.437759301761601e-7,1.9975762681168216e-6,0.06636291161598941,1.5886579606969948e-9,-8.710410481234256e-9,0.006123279025521934,-0.00030854159924983526,0.0001455197821670934,5.874718755882246e-5,0.0004200728864376222,1.5786075508309282e-7,-2.2036301342572345e-5,5.380100964680974e-11,1.551343048045906e-9,-1.3190767624551671e-6,-1.5583645969948617e-9,-0.0009800849542683245,0.0007803244223975098,0.0004205595233106866,1.1029128734434101e-7,2.1307627811651793e-7,-6.04583919021971e-8,-1.447858531216107e-10,-0.005866235456741601,5.344698797613779e-7,-0.0010550838325280626,-0.0037336178390016397,0.008353986045455605,0.0049715822661353945,-5.27449004332659e-9,0.017867053482565676,3.505975979420337e-7,-5.432536877935061e-8,-1.1908241817110258e-8,-3.878718340005791e-5,-8.185556304245637e-9,-6.492520239498908e-5,-7.889253447788256e-8,-8.984288196303366e-10,6.562609732917203e-10,-0.00011759262296700241,6.93062596508103e-5,0.00047884372708647784,-2.1489931164405735e-5,-0.00015933596429795163,-1.3230244251172527e-7,-0.00024001301747744654,6.13119236769485e-7,-9.395712573422809e-9,-3.6117776269993455e-7,3.8895784617760326e-10,-4.702980540882867e-7,1.417392671566175e-9,0.00014984544210131027,-3.0293350320586906e-7,-2.806591884562382e-7,1.075964786075043e-5,1.7404022592765627e-10,-6.805537724523216e-10,3.814753035558588e-10,0.0004568588594565586,-2.6169786686120673e-7,-0.004280422080526862,4.056771866749736e-6,-1.5955283379096552e-10,-0.0008400783882116589,-0.01694637699188025,3.0131492782954195e-6,0.0012632284209277863,3.003534143600864e-8,-6.6000155916454696e-9,-0.0008974706611242025,-2.8945736000170353e-5,0.00015619002525312607,-2.412707952052281e-8,0.0001228860333642033,4.5190121198968357e-10,-0.002757697080014504,-9.193135703779428e-5,-1.542325085819363e-7,0.0020284724138361406,-8.990338060745611e-10,-0.004027870606234485,-1.270188244441111e-9,1.2136769023344437e-8,-5.0682282236931235e-11,-0.0003635428088301541,0.0011502699331129755,-0.0003398801028298226,-0.00016119011773736518,-4.721685599225472e-10,-0.009129816583497099,0.0010735506552914367,4.321053504715086e-6,2.9138992900184977e-8,0.006381910490553856,4.7815137992830354e-5,0.00014328185031148093,-7.248722609516003e-7,-3.9991560591131607e-7,-0.00030553200188043766,-0.00040890677266432337,5.520323990728867e-9,3.434082035508255e-7,-2.8361706476259002e-5,-0.014075105592667232,6.421722957681566e-6,2.277459290412422e-8,-2.228507616065212e-5,-0.0014596112724816635,-0.004424940299665765,3.355563376260628e-9,1.4066187607632403e-9,-8.519025516133722e-8,-1.3799976038101588e-7,-6.433859264440258e-7,1.214682928882005e-7,0.0035398031623660262,-0.0014572939608326406,2.0057904625051397e-10,-2.1488958695445178e-7,-3.126329567628775e-5
0.0,0.0,0.0,0.0,0.0,0.0,0.0,0.0,0.0,0.0,0.0,0.0,0.0,0.0,0.0,0.0,0.0,0.0,0.0,0.0,0.0,0.0,0.0,0.0,0.0,0.0,0.0,0.0,0.0,0.0,0.0,0.0,0.0,0.0,0.0,0.0,0.0,0.0,0.0,0.0,0.0,0.0,0.0,0.0,0.0,0.0,0.0,0.0,0.0,0.0,0.0,0.0,0.0,0.0,0.0,0.0,0.0,0.0,0.0,0.0,0.0,0.0,0.0,0.0,0.0,0.0,0.0,0.0,0.0,0.0,0.0,0.0,0.0,0.0,0.0,0.0,0.0,0.0,0.0,0.0,0.0,0.0,0.0,0.0,0.0,0.0,0.0,0.0,0.0,0.0,0.0,0.0,0.0,0.0,0.0,0.0,0.0,0.0,0.0,0.0,0.0,0.0,0.0,0.0,0.0,0.0,0.0,0.0,0.0,0.0,0.0,0.0,0.0,0.0,0.0,0.0,0.0,0.0,0.0,0.0,0.0,0.0,0.0,0.0,0.0,0.0,0.0,0.0,0.0,0.0,0.0,0.0,0.0,0.0,0.0,0.0,0.0,0.0,0.0,0.0,0.0,0.0,0.0,0.0,0.0,0.0,0.0,0.0,0.0,0.0,0.0,0.0,0.0,0.0,0.0,0.0,0.0,0.0,0.0,0.0,0.0,0.0,0.0,0.0,0.0,0.0,0.0,0.0,0.0,0.0,0.0,0.0,0.0,0.0,0.0,0.0,0.0,0.0,0.0,0.0,0.0,0.0,0.0,0.0,0.0,0.0,0.0,0.0,0.0,0.0,0.0,0.0,0.0,0.0,0.0,0.0,0.0,0.0,0.0,0.0,0.0,0.0,0.0,0.0,0.0,0.0,0.0,0.0,0.0,0.0,0.0,0.0,0.0,0.0,0.0,0.0,0.0,0.0,0.0,0.0,0.0,0.0,0.0,0.0,0.0,0.0,0.0,0.0,0.0,0.0,0.0,0.0,0.0,0.0,0.0,0.0,0.0,0.0,0.0,0.0,0.0,0.13750304963114962,3.2731045206842945e-10,-1.8701395238829594e-6,-3.721529657397706e-12,-0.0010118285402414592,-5.425889794197275e-9,-0.002448801647829042,-3.372566744175178e-8,-0.00021589723639800945,2.9066658710232054e-12,3.6908141768807863e-9,5.5028662696853014e-11,-0.0005046978160110046,4.4080487346430034e-10,-0.020998972881425656,-3.4105905721309694e-8,-1.32775840227179e-8,0.0023487237082294534,-8.759201045842338e-5,-1.449681134473588e-10,-1.7285243405190714e-7,-2.1774757907883004e-5,-1.0820448254034593e-5,-0.013330294008776639,1.5769762223870403e-11,-0.003730538513710164,0.02717679372831741,-0.004873663734671912,-8.821871966921768e-8,1.2206175777426726e-8,1.572216061516675e-10,1.9104715189542745e-6,0.043321993117882096,-0.001321555469769636,1.1419438963792626e-6,-2.866154149315277e-11,0.00018747738489499,-6.578080785100518e-7,0.012875671722429299,-2.2717754198754755e-5,-1.9240215685654435e-7,-0.00015822718709688796,-1.0322518885180876e-11,-2.8055797436821727e-7,7.701211017904337e-6,0.001976557489307344,9.631164900905301e-9,-0.042229736776803695,4.7668198474202034e-9,0.00032729886929558225,1.2728451980755406e-11,0.002467715499193585,0.0032981271635461914,-4.8502755680476935e-9,8.755795104346584e-7,-2.180958971203721e-8,-5.987329361737896e-10,-1.0307815120582342e-9,-0.01082503821382848,2.6289042057976818e-11,1.4139200236040595e-10,5.737124121483309e-6,0.010404110010739051,6.367055497146362e-7,-9.411147929218124e-8,3.4731607080786365e-9,1.7359631493084153e-6,0.00010628647867991335,-0.00018218544216865292,-8.886302511511219e-12,-1.55789915018752e-7,-2.522430748050029e-11,0.0037247129200151776,5.671088145987821e-10,-2.245288074211296e-5,9.598632448425918e-9,-0.0010991211380684998,-0.00022951023630839333,-2.968390745627527e-11,3.632119187139854e-7,3.495555663176018e-5,-5.030291605508177e-8,-0.001191545813168992,4.4447794300920617e-10,-5.736152225593402e-7,-0.0002625860941940532,3.47973970028219e-9,0.0027282049812197427,-5.896782991835579e-12,-0.005928187199062592,4.301072242134659e-8,-9.955686469277771e-6,0.0003089020165329138,2.3734720050983135e-8,3.7858110389680096e-10,-5.24465246974139e-6,0.00011136376998458388,-4.851901203975384e-9,0.004320109459930553,-0.00013972227619945464,-4.6753859122619524e-6,3.348564647701971e-5,-1.699638113524792e-11,-0.0171327504259214,-1.9444349011177925e-5,1.6474037177014945e-11,1.273663515536392e-7,0.0005386508229617116,-0.040722815069733596,2.8221555338239992e-8,1.574493956352686e-5,0.0013857077360959135,0.004445202882652484,-3.0285267671619843e-5,-6.541479759037274e-7,2.2306645907880504e-8,2.805816579025741e-5,-0.0006652083208657602,2.685847546420519e-7,0.006086499997956118,0.004316083002760608,-0.0016472644566961315,-4.677856805951772e-9,-9.468450697195453e-9,-2.433242237878385e-10,1.2330613750150275e-11,-0.00013150004067667923,3.64135860577339e-9,0.0081750420259831,-3.9407520515487443e-7,-0.00476585407688889,1.236646187795588e-9,0.011833965335063396,-4.536524732958159e-6,0.002646616953121533,-0.0014670171819233053,0.0012908222260720453,0.001988666024820001,-0.000470918450032494,8.448430950887021e-12,0.0019441732471161114,-0.00722158576446498,-1.6644088279318483e-6,2.014039757959814e-9,-2.2649044548178107e-6,4.936287979396015e-8,5.2136828866058836e-11,3.533081761088925e-6,-3.5570688214222705e-5,-0.0001431270617141583,-1.2125192003897737e-7,-1.1611744323351629e-7,5.780542879691417e-12,-8.695707742854156e-11,6.599514365583693e-7,-3.243022776313202e-11,2.8566559528176508e-11,4.552582159660809e-5,-0.02278140441655673,0.006964995024874322,6.943426187569092e-12,0.0005422385206222127,4.1333180371787514e-11,0.005407448928644243,1.6476052703085283e-9,9.966326580302257e-7,-2.092481095400942e-11,-5.493116452793364e-6,0.0013901292184080956,0.0028604816654966485,0.0045776211683598725,-0.01023371700611415,0.011782469490618291,-1.2316271155095262e-9,-0.00024680748588447955,0.0014929706558972499,-3.4546685123381926e-7,0.0008234542261411065,-0.0019330574739640878,-0.000109766720958561,-2.761685847256863e-12,8.701642918803941e-6,-1.6986844774425585e-7,1.0208330963481654e-7,-0.012596448796217944,-3.628353949931033e-9,0.0018103419022148467,1.6036155183287097e-9,-0.0017893210548680144,-0.03391725599820843,-0.0013823739945083176,-3.7675229376895947e-10,0.0021324435303653358,3.8710292050078514e-8,4.207395485012664e-11,0.011175295617814348,8.000358147713749e-11,-1.2295244365599614e-9,-2.921422690260514e-11,0.00011408735015126026,0.0044279277241201665,0.010401595008144065,2.498127082044156e-6,-0.0014795460029092507,-1.2924968297782712e-7,0.0012869947205756361,3.3216285492231606e-9,0.08124249093600709,-0.007007420464229062,-0.0014863573151105832,1.9183803452302362e-12,4.994521169491602e-11,1.0602217497219116e-9,4.834931280893159e-7,-0.00023916842502200438,3.4337589130014334e-9,-0.026292531751133753,8.25740318022121e-11,0.00033647947141387114,-0.010748439091642855,-0.0007723062826973737,-2.0535846120101448e-9,0.00457721517094847,1.8033737484482478e-10,1.3720413422210417e-6,5.23754739864966e-11,0.025585055070710003,0.00656506146161678,0.011932898781661103,-6.967466873778406e-11,-0.0015942077716821117,0.009040702128627095,-0.014086971829985685,-0.003656587269602264,5.170383971846987e-12,2.931227828750812e-9,1.3633157527822226e-8,-0.007123439754646388,-0.02770276664496784,-0.00688350856531483,5.204910522106865e-7,-0.0008393695156964417,9.12416873165291e-12,2.4880610436700113e-7,-3.287150838663477e-7,0.0020577352956155652,1.9073282437457913e-9,-1.0820221676870215e-8,-0.005185053939896199,0.0015693430911294984,2.455178403317426e-6,1.5797442006940297e-6,-1.3807681140345025e-6,-5.77264539428007e-5,3.332486420603457e-9,6.19410201387124e-10,-0.001060678932419671,-0.0019019840555077818,9.884226395294392e-12,-5.435193043262622e-6,0.005210123246715972,-2.882812975477967e-5,-3.756998736298792e-7,1.3975744264855936e-5,6.76728514079737e-9,-1.415802042533154e-7,-1.6100595765691384e-8,2.707622714845495e-7,0.0011249495852552807,-2.3834847100906643e-7,-1.5039044314557969e-5,2.3428203359009697e-10,-7.799947459515999e-12,1.7825096800841407e-5,0.0022796995710184765,1.2169897492439887e-11,8.206591692249032e-10,1.1579364675840782e-11,1.315480906837695e-9,-7.842571968874473e-8,0.06685957142143134,-0.0009592984401431492,-7.182171919765487e-10,-6.713030472986611e-5,5.1551152396538135e-9,1.6641338432666597e-10,-2.192894814399482e-10,-1.4493774245015103e-8,1.7159668888547076e-5,1.1627255128626726e-11,9.032394351471089e-10,-4.73818829350862e-6,-0.03606004610049682,0.00014127978898123051,5.010673459225608e-7,1.5610094438657487e-9,1.1192070337484254e-7,1.9145813986435095e-10,-9.387717589556664e-7,9.5357127699371e-11,0.00032978245549505946,0.0006510388970097342,1.3711471976689698e-9,-4.369019590252685e-6,-1.2789542887603806e-9,-5.879663773113535e-11,-9.676420665828399e-10,-0.0023012645512050472,1.3026416450834468e-8,-4.693417678741728e-5,4.0179044831324026e-5,-1.0984278379210998e-10,1.1980897519758908e-10,-2.6095965525219418e-8,2.0005910630022207e-10,2.0822183954339363e-6,0.05153226865158023,1.758950139970951e-11,0.002324624834018491,0.0069864943339907355,-9.143972218695497e-12,-0.008347823484341581,-3.1670373993071944e-6,6.3103339900051664e-9,-5.737060037190442e-8,-0.0019164278191525492,5.1528933694417455e-5,1.9628594313617142e-7,1.6697005178135403e-10,-0.004193874480756661,0.0026567165755237944,-2.449306932039877e-11,0.0017726273617516167,-1.8923543065235347e-7,-1.3964039785427276e-7,-4.404986068609198e-6,1.215394164707649e-6,1.2191858549639746e-7,-1.2395692148645829e-9,-3.5080971314969415e-8,-0.0007595564917126962,-5.668309435726538e-5,2.1548880760438785e-8,1.4512020594736433e-9,7.343665807429926e-10,0.0014490609745748235,0.0008810607748143911,4.679617522401777e-12,9.364153122221911e-11,1.6285084948189116e-8,-4.261701015341307e-12,-1.3334134261596329e-9,-5.013749196323582e-7,2.79683672152277e-6,-3.728957208162027e-8,-1.2937241480466986e-7,0.0021960199346488575,4.835834617603928e-6,-2.1451816905354173e-12,-0.001685641577313449,-2.6928862529420624e-7,-5.892386049652001e-6,1.8471364944526753e-5,0.00021237489557438842,1.0036630252853864e-10,2.0600297984843074e-12,-0.0024308011674928484,-0.006595411793524365,-0.0018300012768789561,-3.1820566145131114e-7,1.588981669787874e-12,-1.4034349239132721e-9,0.0001682416601312327,-4.0789477696128556e-5,0.0013853375119165902,-0.00020745560246983083,0.0010499300809798109,-1.584777441606517e-9,0.0007511203240101248,3.1030927845931925e-8,2.2418089584555423e-6,3.7678481894572135e-6,0.0011310882606793014,5.282468744891775e-9,1.3842689793546228e-8,3.423037567758126e-8,0.0003467555424344835,-4.0209152463411785e-12,-0.0010279109808667213,2.4747663495760073e-9,0.001421296619909495,-5.011390960683731e-10,4.0111888013397795e-12,0.0008176899676716006,-2.628259953159088e-6,0.0003382021874416948,0.0018739008982058638,-1.2862271432953726e-5,-2.1270077216611822e-5,-1.553161605332017e-9,0.052576955257349275,-0.02024650899159547,3.4632314444004173e-7,9.258788598974537e-5,0.011809346352260617,1.0291657299047374e-6,0.000994771647099194,-4.736877274171867e-8,-4.102374148063834e-5,3.0362754947320874e-10,-5.038782836435875e-6,0.0024350696902401196,3.109073681851276e-11,0.003675939537266779,-0.0011317947909238759,1.0465975562888861e-5,5.861350249174264e-11,3.355857713555178e-11,-0.0037709762745694836,0.0008392304378863564,-2.317722621073813e-8,-1.7516088021354763e-13,-2.3365606345870224e-11,4.565684278846005e-10,-3.2145034584605795e-7,-0.02941082170198109,-2.266265789230938e-6,-0.00436974091820603,-2.060751499570143e-11,1.804692518838894e-5,1.1257282842508036e-9,1.4709087928408393e-7,-0.0006369033257830916,-3.110525564226727e-5,-1.1306173067096848e-9,-2.0478528718656377e-7,-0.00012614433752602687,-3.441160027236703e-5,1.7767316528575238e-9,0.015757062096189458,-0.0008383513084461369,-9.37265892768901e-9,-5.802361387432613e-7,2.1571216670947957e-6,5.27993388358269e-8,1.2672399690116795e-10,0.00025742718521800067,5.531735243566703e-7,0.00031253242413217585,-0.0011071727538096395,6.969023054485251e-5,0.014988970416763645,-1.2687971435862833e-7,-1.6157943123589145e-10,-9.971015222416604e-12,-0.00041289575511988273,0.00023422535193780937,0.0007643431092454364,-0.0027135763785247416,-5.918762762831504e-10,-8.39953067854463e-7,2.0010887847593297e-15,1.024451889269206e-7,-6.37120601109436e-9,5.184681796913069e-10,-0.0064277252803723655,-5.008712348018118e-9,0.00036927173257062315,-0.0001688629797947682,-0.002615839163494746,2.0891103567428202e-11,0.02732391620099781,-9.218638160677283e-7,-0.00037818844091854615,-0.0010806582471409925,0.0010705718720170094,-5.306239959648891e-7,9.679501704350196e-7,2.7379592671906163e-12,2.11161118162146e-11,-4.397342489149502e-12,0.0003129819437797002,2.0056203394173226e-11,1.1942001881541435e-5,-0.0019435614047472473,0.0006573438221615977,-0.0010905402372831182,9.004991502601856e-6,-0.0010684521394353755,1.6669404042543056e-11,6.022240803514932e-5,0.0014163048732961053,1.1285536905726292e-6,0.009285268623721027,0.00827477789097694,-0.013159187672610428,1.2162591757020136e-11,0.0004541293254640868,-2.9528303671331065e-8,9.554565243850231e-7,0.0035806182666415047,2.146649554970901e-8,-2.292908044883194e-10,2.7990982447113596e-5,1.292484317127318e-10,4.18081569339659e-5,-0.0012780160157719223,2.443696018789587e-8,2.5707205138280742e-6,2.633027195012369e-7,0.0004913892609105816,3.4010161248771655e-7,-0.008726129433533503,-5.4996688746590795e-12,-2.480314201934103e-7,-0.00015001220214479956,1.3253053998557477e-8,0.003834302323162407,3.846770213735659e-9,0.002284081077467948,0.005333448113811348,0.0012089033416708657,-6.496560715081189e-10,1.4868118799959181e-8,7.761012591473438e-7,-7.399249824351218e-7,0.0061555692956136,4.037310691885965e-9,-4.0966396541260937e-10,-1.6094120341296056e-5,-1.7957345106474242e-5,1.3845676177783626e-10,-2.857866006152208e-7,-1.148870198325581e-6,0.0003667162076686341,0.0004180045157353987,-1.0945419679789739e-11,1.244301695118144e-11,0.008153892176515114,-0.00010288967737830358,2.087542600564824e-7,-1.19028818086831e-10,2.379048778383171e-6,-0.004161393499141938,2.2355803814899074e-7,1.6467622089068224e-9,-4.8894483754552354e-8,-0.05929508623740669,0.001087747650247936,-0.0003832612027685568,-3.6937450261200654e-5,-0.00010644238133847929,-0.0007062636618974445,-7.895852069906215e-11,-6.836636216961217e-11,-0.0006250153060742508,1.7764486425721088e-5,-1.14879729562111e-12
0.0,0.0,0.0,0.0,0.0,0.0,0.0,0.0,0.0,0.0,0.0,0.0,0.0,0.0,0.0,0.0,0.0,0.0,0.0,0.0,0.0,0.0,0.0,0.0,0.0,0.0,0.0,0.0,0.0,0.0,0.0,0.0,0.0,0.0,0.0,0.0,0.0,0.0,0.0,0.0,0.0,0.0,0.0,0.0,0.0,0.0,0.0,0.0,0.0,0.0,0.0,0.0,0.0,0.0,0.0,0.0,0.0,0.0,0.0,0.0,0.0,0.0,0.0,0.0,0.0,0.0,0.0,0.0,0.0,0.0,0.0,0.0,0.0,0.0,0.0,0.0,0.0,0.0,0.0,0.0,0.0,0.0,0.0,0.0,0.0,0.0,0.0,0.0,0.0,0.0,0.0,0.0,0.0,0.0,0.0,0.0,0.0,0.0,0.0,0.0,0.0,0.0,0.0,0.0,0.0,0.0,0.0,0.0,0.0,0.0,0.0,0.0,0.0,0.0,0.0,0.0,0.0,0.0,0.0,0.0,0.0,0.0,0.0,0.0,0.0,0.0,0.0,0.0,0.0,0.0,0.0,0.0,0.0,0.0,0.0,0.0,0.0,0.0,0.0,0.0,0.0,0.0,0.0,0.0,0.0,0.0,0.0,0.0,0.0,0.0,0.0,0.0,0.0,0.0,0.0,0.0,0.0,0.0,0.0,0.0,0.0,0.0,0.0,0.0,0.0,0.0,0.0,0.0,0.0,0.0,0.0,0.0,0.0,0.0,0.0,0.0,0.0,0.0,0.0,0.0,0.0,0.0,0.0,0.0,0.0,0.0,0.0,0.0,0.0,0.0,0.0,0.0,0.0,0.0,0.0,0.0,0.0,0.0,0.0,0.0,0.0,0.0,0.0,0.0,0.0,0.0,0.0,0.0,0.0,0.0,0.0,0.0,0.0,0.0,0.0,0.0,0.0,0.0,0.0,0.0,0.0,0.0,0.0,0.0,0.0,0.0,0.0,0.0,0.0,0.0,0.0,0.0,0.0,0.0,0.0,0.0,0.0,0.0,0.0,0.0,0.0,0.0,0.13655938223997474,3.040465227538518e-6,0.0002002688192759793,4.154912480871815e-11,-0.008160399821356235,-4.99178262030823e-11,0.00021413781672047937,-2.8109605549663722e-8,-0.00016693826994808132,0.0018115000877725943,-0.006732197842371546,1.2780986541316882e-8,0.03734989798365312,-1.3876542733874116e-9,9.536158328828174e-5,0.0022177264076321166,8.703729903451101e-9,1.4785160857187017e-7,-0.019639683625962502,7.364741863212639e-6,-3.909274413218911e-7,-4.523140848256095e-7,-4.580723167991221e-11,-0.000832650018156969,-9.79647891217085e-11,-1.455963113641274e-10,-1.2146943523058977e-9,9.262436345122057e-7,-0.004767185084898876,0.020769593999431714,2.314599989961315e-5,3.20598855520789e-10,2.724908807645656e-11,-7.093734437459438e-6,0.0029893221352077512,-3.182294457298937e-8,-1.2823335326280124e-5,-8.961231650268631e-10,-1.5791020725665548e-7,-2.6559545364854294e-5,3.183035719924694e-9,0.011626599608671746,8.396971613731447e-5,-2.6517320114763383e-9,3.549174751019227e-11,0.0031735842472569403,-1.3671691507599823e-10,0.009672916808739298,2.477976854697531e-9,0.005756439413379831,4.303106232979163e-9,8.94273937440176e-11,-0.0002200114898238173,8.411002388110902e-7,8.251578075738483e-5,0.03128060117139611,0.004813426604286862,-5.2663515625256395e-12,-0.0028513490696793686,-0.01141743371059587,-1.527558851662634e-6,-5.191028950512468e-11,5.816750893774865e-5,-8.539664296979773e-5,0.0033577722397270322,-5.897801964254279e-6,-1.204931258763879e-8,-4.930675408089189e-8,-0.016045281929716337,-0.00017163275504469163,-0.010300275801719447,-4.043024719751162e-12,0.03415491681305938,-7.124453352828618e-8,4.632065082664355e-6,-2.3156874952411844e-9,-2.0121786422785942e-8,-0.006477240381327412,-6.769007031979889e-5,-5.624869457000848e-7,-0.0001911959459561986,-2.981165021981486e-9,0.003311509837976952,1.0380335671473443e-5,3.7340324698602534e-10,-0.0032219935724837763,9.740989224071206e-11,-0.0006317628556817481,3.2603305639676995e-11,9.598173555507066e-5,-4.536119736385514e-6,-1.034185908262203e-11,0.0020125272083940287,-0.01682993806785187,-3.2302836021988306e-7,3.6144588125278745e-10,-0.004027276131945097,-5.603025312892865e-12,-2.2583556757661597e-8,-5.531458672509887e-7,-3.443756651957626e-8,-0.0013217742488540166,1.1354073203286095e-9,-1.6012023917708267e-7,-0.042861145441792176,8.282707626925739e-5,8.217047823432088e-9,1.1572530932007513e-10,0.0028114278527179254,-4.2008886065711275e-7,-2.0637105777493398e-9,4.3850264933589893e-10,1.6243917515280418e-7,-1.8211762168364475e-5,-6.591259476581707e-5,3.031330825018304e-7,-5.086166230818809e-9,-3.049642376974833e-7,1.7191951417846955e-10,4.336828627478361e-9,8.087806372092451e-10,0.0006382693937346657,0.00016676203430399304,0.0035288376074964147,-0.005307191568997497,1.4846205195591935e-8,-8.177048232850596e-7,1.4111435849000592e-11,-1.8308419926160896e-5,-1.4174396107269555e-10,-0.004125363490148714,-4.782270566526548e-10,-1.5286102299824913e-6,-2.8502827505309443e-9,-3.227493573249448e-10,3.946678562078168e-9,-2.4984513523182763e-11,-1.3793825600060947e-8,-0.0024598473535543076,3.877204896864325e-11,1.0318804846628025e-11,-7.79463909142951e-7,-0.00035772808736908986,-1.0993158050894867e-8,2.0599922874069052e-5,-0.001141635658687309,-4.604430698938659e-7,-9.50180290511844e-8,6.804514933309799e-8,6.770638667148601e-5,1.9745406958533516e-6,0.0020647489279370067,0.0012559549651063489,-1.919491163689483e-6,0.017857074982332254,-0.004475518533467204,-2.462248219369628e-10,2.6622314973184584e-11,3.1730888914717245e-11,0.0014021233416181013,3.6810897484788335e-9,-0.005655501972409974,-1.7327372822356474e-11,0.0016889454802288392,2.1775077211499564e-6,-0.004305150639997252,-5.823313440352521e-7,7.944611850065503e-12,3.346840587906572e-11,-7.766633330280382e-12,1.1256405505581645e-11,-2.93654275525016e-11,0.0011103527335801456,1.1617527937996724e-8,1.3090173881663359e-8,-1.2794515356527106e-5,-2.2435064735811433e-9,-1.2442113199878186e-9,-3.049365829212156e-8,-0.0010679131561626004,3.817456337521039e-8,-6.919766493286659e-5,2.811692302342661e-5,-7.172005284537516e-10,-0.0006339539043650786,1.1602073594852947e-8,-0.029544098263361972,-3.5334139412481794e-11,1.0847543922034036e-11,-1.1443997908245414e-10,-0.028204273746436977,-6.524787948812469e-10,-0.00025956688607811065,0.002559961086718958,1.6316531351861952e-11,0.01667420551424696,-0.00037110236627358557,-0.00033778246173328617,9.609570670782684e-8,1.9711795624847944e-10,3.728065796684129e-10,1.3330366726203852e-6,9.499865805089786e-13,3.074216829334482e-5,2.269408042725335e-11,-3.8978709899374106e-5,6.126708317316262e-10,-3.740275351432913e-9,-3.3631151861229686e-9,0.0006898159232105558,-0.0035671311848983482,0.001081407626671753,-1.7616242086928064e-6,-1.5410189439845622e-8,0.0003933989494589573,-2.3654560069083366e-10,0.011050051122028497,-1.7267200334106577e-8,-2.0049272036925106e-9,5.522240989652828e-9,-0.002207341276570583,4.897538249401632e-11,0.009550170839260049,2.014115932851066e-6,0.029548741016662914,-1.0469549432476397e-11,-1.1160002718751655e-11,-6.3491852170533154e-12,-0.015232199038427882,-5.845418821428436e-11,2.715728607767299e-10,-2.8399306998205886e-10,5.734158216332922e-10,0.0008736683350974194,-8.592226334937621e-5,0.0007800901223187628,-6.580594032893985e-11,3.6317523747244466e-10,1.3166184272718093e-12,3.5210757164771416e-5,2.623167323967373e-10,-0.00010289441823962832,-1.4012722826656795e-5,7.037166596048122e-7,5.247611292616254e-10,0.0029989817531420214,0.00047330295750297365,-6.813685772226979e-10,2.3698047124799915e-10,9.872901970373171e-6,-1.2452121140100745e-5,2.1670188533091e-6,1.242688368261746e-7,0.0007369821515774153,-0.007910253454991065,-2.351975380333341e-11,-3.1387576677405667e-9,0.056672872713162244,-2.902566581079125e-7,-9.333912376504964e-10,3.403866167590514e-7,-8.362805884437838e-5,-3.690145549263452e-7,-0.0056739284640035465,-9.072399321682703e-5,-8.761026985446402e-6,5.355382783352139e-6,2.1735475044137627e-11,-6.346252950105154e-6,1.8171094250020155e-7,-0.008041518381290358,-0.004811173239952296,-1.3039130770832132e-6,5.730109185329438e-11,0.0016085880117682437,-0.015418919669498515,-0.0074138493934854605,-0.0011687569328057445,2.0235869662076367e-5,1.8740903967781014e-10,9.482336153116517e-10,8.45607007723708e-5,2.2694005539661042e-8,0.00011498430266401203,-0.005456556078554305,-0.01388006586916119,-0.0009035583194323922,-1.1209943932956992e-6,0.002995623145532134,-0.003458022739695298,-1.2912094989787929e-7,-4.6668193192410414e-11,2.0702684657873395e-7,1.4005490968347302e-6,-0.002184061805651088,-7.301759240821953e-5,0.01977593925949911,-1.7630794782302916e-7,0.00419534473986101,2.4609571087936547e-8,1.8497422002520223e-8,-0.002470612766319787,2.4657679883387446e-7,-0.0032793917117291136,-0.020168558732970972,3.663764222036797e-5,-1.7044846973525083e-11,0.0012264669968939097,1.1605612257168174e-7,4.671907405771906e-8,-0.013712939613942546,-0.005470653750155271,0.0007397441048966113,-0.003268405209237644,-2.2088809011309027e-8,-1.439656184512097e-10,-0.00024154010478599747,-4.788035397427861e-10,2.932924946123683e-10,0.010952476969363602,-2.0372247589691825e-11,7.102338889153866e-7,0.00041113611358894005,0.00015308743135278476,1.6070330352704022e-11,-8.09016875026407e-9,2.7787420249638034e-5,0.0021650645849024017,-7.219587472646658e-11,1.0945179429414728e-10,-0.004644377791892882,1.0087856817346569e-9,-9.117412018718031e-5,6.882347779016622e-8,-3.1543569969619216e-6,-1.3229686412973233e-6,0.00010639208705811986,0.005788089729311621,0.00015555893459069008,-2.1473656705129183e-9,-2.4729725773106657e-8,0.0017755867743161277,-0.00027328930134961623,0.016668685740209705,-8.860730371434559e-13,-2.6855421245750956e-9,0.00021283113588821162,0.006156879229131565,-4.9596540014627576e-5,-0.001914843806570881,-0.007612682832497673,-1.756372937249391e-5,6.614350455780004e-6,0.00012156817973736444,2.9273488883335526e-5,1.264652206985894e-9,1.6019265857246158e-6,-0.0002314210984883024,-8.408566043263975e-13,8.781127053016457e-8,-1.722684580775386e-7,-9.11467571279695e-9,-3.355673121693036e-8,0.01715667484519476,0.0008686772826636818,2.4272017971783143e-11,7.214483825338839e-11,-2.221909762742752e-11,-9.636297513082538e-6,0.0007036682900191964,-0.0003544991500824174,-2.9696233392178463e-8,-3.5504171715734684e-8,3.101473169466889e-11,2.1987904885539972e-8,-2.2487883719680025e-9,-0.0006717403854730063,-1.1220029500642387e-11,0.00015178471644179014,5.546087057938523e-7,-7.804031631584973e-7,-1.2756644162087884e-9,-6.800180126536018e-5,0.0024093258101537678,3.639364974552383e-5,-1.476169848593739e-11,-0.0001744523409797523,6.165048704428009e-10,0.0084100935235274,1.0063463364342709e-9,-0.00041889714817701596,0.000797052396587715,3.2347815078131146e-9,3.1859165963775184e-7,2.839226908352301e-8,1.374900220166769e-8,3.177089133357846e-7,-1.0369147232735156e-7,-0.0037874444568931197,4.2006618213176895e-11,3.104321566564852e-10,1.1016491551562448e-5,2.725470360997655e-8,-5.01693610790712e-10,1.3153722110320539e-6,8.077609065949822e-9,-0.000222010880157489,-2.110952336579904e-7,0.06530599756638453,-2.1906625265491084e-6,3.4066713856955975e-11,0.007235501964594812,7.513341192564161e-10,-7.169111976036331e-12,-6.08942615369428e-7,0.012655329744004332,-0.01699956601838373,-2.4306589148320356e-10,5.0919462838893e-10,5.784261750062438e-6,-0.017128537260643506,0.09951289689422682,-0.0002233957756041948,2.818319693988624e-5,-6.455869979315753e-10,3.900291660737601e-8,-1.6308374772578967e-10,-0.0028300147147167216,6.916521184836929e-9,-0.0009759672457744994,2.2770598747074104e-5,-1.9459767165487851e-10,-3.1594485145509273e-7,0.002468582418565475,-8.84280076111277e-6,2.9597299148947547e-8,-1.1860735088445006e-7,0.0015283554888862873,-9.594943393945385e-11,-1.4562539085362448e-9,-0.0005984791750535849,-5.665992314563005e-6,5.693078084733654e-6,-6.4124274312552795e-6,0.004360785953896588,-3.9415902824313005e-8,4.344909320190335e-6,-1.4485600946084476e-12,-1.4768982690499132e-10,7.312578537204007e-8,2.5545109931046115e-12,9.704853804367688e-6,0.04320754821190241,-0.008492482545401882,1.9378765283658397e-9,5.802915180373048e-8,-1.224979521802263e-9,-1.8061098378949214e-11,0.0042155951175455115,3.900643677098932e-7,-0.007009373046595445,-0.0001645486800489518,0.0005957972071445393,-0.010335513866390499,3.1253104522082487e-10,-0.0008113280243967897,-1.6942088099710692e-8,-6.010234181262169e-8,3.922828941065123e-10,-0.0026484719405157646,6.691848110752806e-11,-5.346589820045092e-6,-1.881691832448053e-8,-1.4483323753021465e-11,9.57085544680146e-11,-2.9058329930720936e-5,-5.2641873360327e-6,-0.00041276395705103957,-0.0016253881655787943,-0.0010254675164190492,-1.5352882888568224e-8,0.0029890577472006926,-3.401953457807386e-8,1.099392488530958e-9,1.5221535957226014e-8,-1.1321416229387904e-11,2.0986933123520527e-7,-1.9562892126483076e-10,-0.002405196405774632,2.0064902851103013e-8,8.632191419321425e-10,-6.81238773410484e-7,4.62639066135971e-10,2.474869072509066e-10,-3.459157843798503e-10,0.00035990538569678803,1.16531943908592e-8,-0.0003208853331917266,-5.163606783630303e-7,4.612485645532906e-11,1.6847783747584362e-5,0.0004489569077650147,-1.5350667338540386e-7,0.01631198790185496,4.593813674768119e-8,1.2022294099799681e-9,0.00249703845130027,1.8474678119429104e-6,-4.678744855332058e-6,7.49041159295942e-10,4.622519175052789e-6,-2.256769508374472e-11,-0.008237408328399936,-6.003620374538335e-6,2.314170500262222e-8,0.00030536346655047865,-2.7890233899580095e-11,0.001708878984086966,4.55801236714112e-10,6.205205058262414e-10,1.376576120117662e-11,0.005195277339749126,-0.0001326449827125145,4.4794995442227696e-5,-1.011784885180898e-5,3.9086269641660256e-11,0.0015828231428654507,0.019356343374846603,2.210517631348628e-7,-2.5249474078747545e-9,0.015103675884419769,5.30799205937471e-7,-8.554561303072796e-6,8.634538457748045e-9,-1.9099313521374956e-8,0.0002849324809608564,0.00783441605580224,-1.4174819527214068e-9,5.9271913537263995e-9,1.4911073525177866e-6,-7.745892704854138e-5,-1.2258879812810766e-6,-1.0372689875947287e-9,1.7117121704126492e-6,8.313850733816253e-5,0.00017600416815572644,-2.6329921607372064e-11,2.350178811042381e-10,-1.7317132550722695e-8,1.83178207888444e-8,3.241293911076697e-8,-1.8501621591807733e-8,0.06835166110377137,-0.005154582693796634,-2.4066238040210226e-11,-3.22452554563493e-7,0.00013210677138511531
0.0,0.0,0.0,0.0,0.0,0.0,0.0,0.0,0.0,0.0,0.0,0.0,0.0,0.0,0.0,0.0,0.0,0.0,0.0,0.0,0.0,0.0,0.0,0.0,0.0,0.0,0.0,0.0,0.0,0.0,0.0,0.0,0.0,0.0,0.0,0.0,0.0,0.0,0.0,0.0,0.0,0.0,0.0,0.0,0.0,0.0,0.0,0.0,0.0,0.0,0.0,0.0,0.0,0.0,0.0,0.0,0.0,0.0,0.0,0.0,0.0,0.0,0.0,0.0,0.0,0.0,0.0,0.0,0.0,0.0,0.0,0.0,0.0,0.0,0.0,0.0,0.0,0.0,0.0,0.0,0.0,0.0,0.0,0.0,0.0,0.0,0.0,0.0,0.0,0.0,0.0,0.0,0.0,0.0,0.0,0.0,0.0,0.0,0.0,0.0,0.0,0.0,0.0,0.0,0.0,0.0,0.0,0.0,0.0,0.0,0.0,0.0,0.0,0.0,0.0,0.0,0.0,0.0,0.0,0.0,0.0,0.0,0.0,0.0,0.0,0.0,0.0,0.0,0.0,0.0,0.0,0.0,0.0,0.0,0.0,0.0,0.0,0.0,0.0,0.0,0.0,0.0,0.0,0.0,0.0,0.0,0.0,0.0,0.0,0.0,0.0,0.0,0.0,0.0,0.0,0.0,0.0,0.0,0.0,0.0,0.0,0.0,0.0,0.0,0.0,0.0,0.0,0.0,0.0,0.0,0.0,0.0,0.0,0.0,0.0,0.0,0.0,0.0,0.0,0.0,0.0,0.0,0.0,0.0,0.0,0.0,0.0,0.0,0.0,0.0,0.0,0.0,0.0,0.0,0.0,0.0,0.0,0.0,0.0,0.0,0.0,0.0,0.0,0.0,0.0,0.0,0.0,0.0,0.0,0.0,0.0,0.0,0.0,0.0,0.0,0.0,0.0,0.0,0.0,0.0,0.0,0.0,0.0,0.0,0.0,0.0,0.0,0.0,0.0,0.0,0.0,0.0,0.0,0.0,0.0,0.0,0.0,0.0,0.0,0.0,0.0,0.0,0.0,0.13584979629008226,4.1363110455422627e-7,-3.8463600929342485e-8,-6.870697805125598e-5,-3.0789385753712143e-7,0.0038668059869078745,-0.0002609658926659439,-2.0661032710216943e-6,0.00021326317450871292,-3.1686380328383484e-7,-0.00012530582567751793,-1.9629032949208033e-5,2.5959344080451264e-6,-0.00035791422940901357,0.00022251458673342,-1.84492072622492e-5,0.001494728998906128,7.554994732929134e-6,0.0028887893984878153,-0.0002649672118270482,0.0005176122791137292,1.8981322447287965e-7,-2.5331341466752436e-7,-2.573776400130258e-7,-2.6464638055169098e-6,2.5668892813173713e-6,0.013218725203185575,-0.00015996099708635972,3.231412510104124e-7,0.00021853351696002343,4.3237322527951605e-7,-7.032949446894348e-9,0.0275567666556931,1.3925686463047648e-6,1.831892502446633e-5,-0.0026453959967019988,2.5362430227461267e-6,-0.00047901340457588644,0.01295604425531777,2.912146161614362e-6,9.892489308756968e-7,0.002560240517209418,-0.0007937168565717694,1.6386502788453003e-6,0.000144008690532149,3.572551165223311e-7,-1.2857282595084177e-5,-3.1224684301038385e-5,-1.3231631766035026e-6,-6.061788896699555e-6,1.1544579037091906e-6,-0.0006698598018063588,0.0015378740586836732,0.0035565204606132854,2.9874531997214463e-6,-4.870859001236174e-5,3.992901694875526e-8,-2.590629223173738e-8,-4.989911413570713e-6,-0.005452074036516272,1.1535825120352963e-7,0.00613750197114064,0.0006034070181691677,0.00014647384827734823,-0.001942278681988581,3.664778845141285e-6,0.0004313856698638173,-2.8655071439170923e-5,-0.0005888153883276191,-4.283214985638274e-7,7.979202704862187e-8,-4.3238799934293525e-6,0.003821958830080252,0.004456623396164784,4.58886290045722e-6,-0.00018765371157971407,7.155308038949917e-8,-0.008297180039069851,0.0015176975085593862,0.00024946008068911594,3.063204353260668e-5,-1.5351963542004677e-5,0.002485844758522249,0.00010667232676490672,-8.696583083473207e-5,-1.6406695104195062e-7,-3.284238785389245e-7,-4.704322929419627e-6,0.0017481869497278696,0.016365809917411964,6.583867888331528e-8,-0.00011426932152818201,4.351737595323636e-6,-0.0032557577473140034,4.7893456412939584e-6,-5.3354088040689605e-5,-5.082623951407809e-7,-8.389279055511457e-6,0.008396982082958478,-0.000959965533048838,1.6438009931812053e-6,-2.4301130053406316e-6,-0.0027724391767141904,2.3681164527820344e-6,-0.0010910132709131507,8.705552783400553e-5,-2.9757894012528746e-7,-0.00046549907422193353,-0.000954807329162279,-8.348279582353309e-5,-1.334726409674057e-6,0.0011045842250606182,-0.033157437772703,0.00020914695917982628,0.00016931147352324682,-1.4612928954539877e-5,-4.439989682903182e-6,4.780100571250627e-7,-6.9662717627307865e-6,2.5817952826341084e-6,5.969306898575915e-5,-0.0007269591998217502,4.708933180096444e-5,-1.3493673167138522e-6,5.124325507578266e-5,0.0010508690821670501,-9.357807503323352e-8,0.0037149733924855158,-3.2751358261292503e-7,-1.4506264174096162e-5,-5.494935881024814e-6,-0.0037615480995521755,-3.0743374900128784e-5,1.550946795538252e-6,-5.950795927841537e-5,1.437404281166393e-7,1.6269105734482777e-5,2.4761219568877665e-7,1.7401221375083183e-7,3.2122856136434604e-8,-0.001598743822546797,2.8675056320826134e-6,-0.0001667635901359399,0.0065031421865763064,-1.9613802632837452e-7,0.012580402825761214,0.00011572963264782886,0.0002970759427005647,0.0031149649780342265,-0.020889536145726247,2.300401949248517e-7,8.664874549879115e-7,-0.017687868084990278,-1.7286326515159075e-6,2.1002596046541908e-7,-8.09934732126904e-5,-3.547255990378157e-6,2.5215523118514146e-7,-2.7485190743148984e-8,-2.387044649417211e-5,-7.571693374064365e-7,1.887698607164961e-7,4.527817689234727e-5,-0.0005172953440591436,-3.4345767393929036e-7,-0.0015050315523261332,1.4891332707932223e-8,-3.317322538192656e-7,6.684499394178423e-8,1.9289981645266453e-8,1.624496128077535e-7,5.335345290109129e-6,-7.016998963792879e-5,2.544494065595368e-5,0.0051341270850275445,7.736672945470814e-6,-1.133371077637721e-6,-5.580657814019503e-5,9.209057577146089e-8,0.0011542084286977942,-0.00338057212501524,0.010465814905920329,8.09724008896469e-7,0.00037867778325841836,-5.834473147987677e-6,-1.924664919866712e-5,-1.3479716901555993e-7,1.1224940488849023e-7,2.118964109979456e-5,2.0756190674795328e-6,7.248482497430125e-6,-0.0001976781948465391,-6.15858017730262e-7,-3.1770175291985184e-7,-4.802228419157758e-7,0.0008074098324856988,-5.4865914038443304e-6,-0.00019580232406488955,1.0349456634821656e-7,5.900081239094461e-8,-0.00471999851245586,-6.030116271870752e-8,-0.005213680216646247,1.2208875965057264e-9,0.0001833078749382477,-5.371297789170225e-7,-3.170999116634344e-6,5.941524440162347e-6,-4.5300731879342727e-7,2.64752896618474e-7,3.185210061768597e-5,-0.003996803516715403,-1.2483888170858166e-5,0.0003715964455005345,1.2071908575772454e-6,-1.155994399486513e-6,2.563847307312536e-5,1.26955363176704e-6,-1.975967299300353e-6,4.608522021849738e-5,8.347369476106759e-8,-2.228442836000722e-6,-0.0014048283264847222,5.8758406879352815e-6,-8.224570254204219e-7,1.0724237667337338e-7,-1.5275041437356163e-7,-2.310701503679648e-6,5.475426617643654e-8,-9.744994360726548e-8,-2.7771320308595626e-7,3.4456473578843255e-6,4.0698910912413476e-7,-0.002700287601363383,-0.00019414086610254516,-2.6169950827096455e-7,-1.9417914211778073e-6,6.792607256826135e-10,0.00615277866249723,-2.2847332474493283e-7,2.7280695953857753e-7,-0.0021399485273152397,-0.025156822474788156,-1.2030569986072799e-6,7.887479248592381e-7,-0.0003731303043474113,4.098130023354166e-6,-6.08603689607809e-6,-0.02737447283644689,-0.0060219850117109,0.004536955411126077,0.0001589530367688336,-3.638625179024288e-5,-2.390811222075996e-6,-6.865284433396094e-8,1.4266998107686196e-5,1.8543276319036604e-6,-0.0003701545061231009,8.526036796210008e-6,-0.000878406052150562,-0.004342425688968649,0.0008337551122027467,-8.409210513901191e-5,-0.000834199118485144,-0.0010811072798911174,0.004166787208544003,1.8221851898965553e-7,-0.03417622656687966,-0.00016370228746750726,-8.919144631086848e-6,4.0826937099462874e-7,-0.0007265595973477045,1.0224698708415133e-7,-2.3509849992502405e-7,-2.6070652826628508e-6,1.7464717424924704e-6,4.675433262402061e-5,-0.0016238388457269653,-3.229236528289719e-8,3.2473800746843235e-5,0.0017546889802472758,-0.00046837838126889724,9.218624797841342e-6,-1.1690615125342058e-6,6.766707601474262e-6,0.0003055127797261829,1.7373457498456854e-5,1.831101669931696e-7,-9.96957025210316e-7,9.362964625556476e-6,-8.972148456770278e-8,-0.0014499445457982014,-0.005364646520130431,-1.9740285838227698e-5,0.0012580345223194135,3.2156647372759606e-6,-0.007847700688654636,1.1734062139005435e-6,4.0810760735678475e-7,7.221420648295315e-6,4.147997739680388e-8,0.009947243150053572,-4.124402605376019e-5,1.2568838332547156e-7,-4.253126739953971e-5,-7.407097876284511e-8,-8.76437191197307e-5,-0.0004254748942550283,-0.003494850695352229,3.891845858636288e-6,-4.334912143190276e-6,0.000559202703037979,1.4902725801141193e-6,0.013673944404497733,-3.070068549065937e-7,1.7782290522367175e-7,1.8181617082865847e-6,1.1467313686053423e-6,1.6946543587239536e-6,8.387620743550026e-8,0.001110531412828699,-0.000301187752662921,0.003592904764148629,3.368486133100769e-8,5.940093830726112e-5,0.0020039734590246833,-5.546395730657489e-6,1.589423106114551e-7,1.3628631297924272e-6,-3.2827019961709443e-6,4.573897596681519e-6,0.00016968334404617166,0.0006207456341246718,-0.01572595711334531,0.006046900466487962,0.00031148548557480776,-6.60309129492569e-5,0.002439215128833769,-2.6826961516639973e-5,-0.0002521631550960773,-0.00018318086780982464,0.0001498280761123627,1.7759789496671415e-5,-1.5236803286981343e-8,4.400602199479183e-6,-3.09935453670441e-7,-1.272992281078455e-6,0.00020420295119766722,-8.258505804362554e-8,-5.819474846336202e-5,0.026664125830697754,0.011015082604629342,0.0020844749451368882,0.0006476142977906547,-3.1713120923611565e-6,-0.025917462307148073,-2.617938806823371e-7,4.253237445576378e-8,0.0006967476365815178,0.003293447130386163,-4.764256230791252e-5,2.5200400363312465e-5,-3.048793881289329e-7,1.0662168023506533e-7,-1.4856725036207171e-8,-7.401872035032766e-9,-1.9586895627502136e-8,-0.0003095824383418842,1.5514055471120462e-5,-7.1627887885371746e-6,3.394069554546174e-5,-0.0003451584709481813,-1.5858934152283433e-7,3.7323148269193704e-5,-9.323459686867539e-6,2.7006054962801548e-5,7.058644238977829e-8,0.003277310903268551,0.008662744374655147,0.004726429933449882,-8.192270291919504e-6,0.002301453429730315,-0.00043270197043714727,0.0022117052703622647,-9.125068403934134e-8,-3.257052059925153e-8,1.4988905294930027e-5,-1.2778001616346526e-5,1.21869707910564e-5,4.384407065901782e-6,1.3387996204690989e-8,-4.310635597936153e-6,0.05497743907808983,-0.0001214315536163739,-1.5613157094465543e-5,0.001289601494646104,2.950508313729613e-5,2.3282714634831114e-5,9.358129802686174e-7,-1.2666382776386242e-6,0.01600771747021403,5.814070219626599e-5,-1.3182034476772133e-6,0.0013285642542231095,-2.065989906799852e-5,-0.0011007192328316429,-0.0015129344769791138,1.5050010735352712e-6,0.05053120074400457,-2.110050022961908e-7,5.95532958937678e-8,-1.9444543585852833e-6,-1.867239550566635e-8,0.0015439635950042305,-9.015419777023546e-7,-1.7192708654468996e-5,-4.319034863495435e-7,1.6412701119413644e-6,0.0003660233358550669,-4.858383278122154e-6,-1.712225162885492e-7,-1.760741203387153e-5,0.01053086510099161,1.5121995382489819e-6,-0.0009696366389378387,-4.067532161785306e-7,-6.574101286059292e-8,-0.0024298072655603567,-0.0004403807130551124,-0.002447905370038619,2.321066327904529e-6,-0.00027060828564386705,-8.649430622441318e-5,0.002151400285046797,-0.0003066961511450751,-0.0003518506335440932,1.5807784605402651e-6,2.559310003800076e-7,-1.1357598992321469e-5,9.9421512201773e-5,0.022630748177975023,-0.0064528407145712065,0.0008271851531241712,2.552744262512883e-6,8.41042658548403e-5,-0.0030868098434212606,2.694283431891686e-8,-6.557605388598468e-7,0.0003011200261118122,-5.70703548972015e-7,0.0029170477265614957,4.719418964811679e-6,1.7233041988924896e-7,1.6751437142678514e-5,-0.00018179975935054705,-1.1444132377553557e-5,-3.690666981696209e-8,2.414984782703638e-5,0.008412663059604693,5.68359070282144e-7,0.0010551176931315747,-8.305149571057608e-5,-1.866302719204589e-7,2.955426060949499e-6,-0.0002499342773348373,1.3382015767326023e-5,-0.00016489309491276522,4.3435676792984334e-7,-3.852682748238673e-8,-2.2345805991640552e-6,-0.027320341536371567,0.00012613290273684718,-4.845813450090933e-7,4.7674642317696045e-7,0.004270688179996848,-0.0026936209370998668,-2.475366304645617e-7,1.5741795004932965e-7,-4.183160609834691e-9,2.8925516451842543e-5,2.032499813792781e-6,0.00017576936475082854,-1.4797767429924475e-6,-5.8803005931674605e-5,1.3873861243033278e-8,-0.000718331945062864,5.234826026551128e-7,1.1746057783417901e-7,0.00017103544278958914,-4.710671425160442e-5,0.007195090758257697,-2.6192255015812765e-7,3.609872895870993e-7,-6.138385369867183e-7,-5.387990226009691e-7,5.1609662955071035e-5,-0.0008319443200594127,-0.000554930368696994,2.570302856846715e-7,-0.004198836835373972,-1.8433334020701446e-5,-0.0003440538763514445,-1.0542524904600082e-6,8.537326511396195e-5,4.04328401667109e-6,-0.00021854719850592966,-0.003156775683069645,0.00687758450470607,-1.64334450478331e-5,0.004290123071648071,7.559594312999476e-8,8.934469509604573e-6,-0.0178484869395239,-0.0001352343847599732,7.594694929895743e-5,-1.0064077209569387e-6,-3.228870287512804e-5,1.6902674693279093e-7,1.8896161422035532e-6,9.527255863706722e-8,1.3309553400520007e-5,0.001434219497840761,0.008204804714601895,-0.03321758866607269,-1.4398154024824053e-7,-2.746816274297216e-5,-2.0722702575088487e-6,-0.0003693812553137889,-8.188166534283554e-6,-1.0156818294995766e-6,0.002822196667453521,-0.0030463344043742003,7.755262681478983e-6,5.604684747430474e-5,-3.3125073324349887e-6,4.166751210736111e-7,-1.4721785134080507e-6,5.717799520420338e-5,0.0008053929256503505,-1.3382187577966836e-5,-0.002210324358891136,6.589119326284151e-6,-0.0014448253926027336,-0.0003317743646326709,-0.00026129655626021107,6.626754205008132e-7,-2.305341664824338e-6,-0.00013583135996944606,2.2851969015771478e-5,-0.00012826842017402325,8.335446742912175e-5,6.711953069706899e-6,-1.1318029773986467e-6,-1.4941491326801022e-7,0.002766362510291603,2.4827088162768163e-9
0.0,0.0,0.0,0.0,0.0,0.0,0.0,0.0,0.0,0.0,0.0,0.0,0.0,0.0,0.0,0.0,0.0,0.0,0.0,0.0,0.0,0.0,0.0,0.0,0.0,0.0,0.0,0.0,0.0,0.0,0.0,0.0,0.0,0.0,0.0,0.0,0.0,0.0,0.0,0.0,0.0,0.0,0.0,0.0,0.0,0.0,0.0,0.0,0.0,0.0,0.0,0.0,0.0,0.0,0.0,0.0,0.0,0.0,0.0,0.0,0.0,0.0,0.0,0.0,0.0,0.0,0.0,0.0,0.0,0.0,0.0,0.0,0.0,0.0,0.0,0.0,0.0,0.0,0.0,0.0,0.0,0.0,0.0,0.0,0.0,0.0,0.0,0.0,0.0,0.0,0.0,0.0,0.0,0.0,0.0,0.0,0.0,0.0,0.0,0.0,0.0,0.0,0.0,0.0,0.0,0.0,0.0,0.0,0.0,0.0,0.0,0.0,0.0,0.0,0.0,0.0,0.0,0.0,0.0,0.0,0.0,0.0,0.0,0.0,0.0,0.0,0.0,0.0,0.0,0.0,0.0,0.0,0.0,0.0,0.0,0.0,0.0,0.0,0.0,0.0,0.0,0.0,0.0,0.0,0.0,0.0,0.0,0.0,0.0,0.0,0.0,0.0,0.0,0.0,0.0,0.0,0.0,0.0,0.0,0.0,0.0,0.0,0.0,0.0,0.0,0.0,0.0,0.0,0.0,0.0,0.0,0.0,0.0,0.0,0.0,0.0,0.0,0.0,0.0,0.0,0.0,0.0,0.0,0.0,0.0,0.0,0.0,0.0,0.0,0.0,0.0,0.0,0.0,0.0,0.0,0.0,0.0,0.0,0.0,0.0,0.0,0.0,0.0,0.0,0.0,0.0,0.0,0.0,0.0,0.0,0.0,0.0,0.0,0.0,0.0,0.0,0.0,0.0,0.0,0.0,0.0,0.0,0.0,0.0,0.0,0.0,0.0,0.0,0.0,0.0,0.0,0.0,0.0,0.0,0.0,0.0,0.0,0.0,0.0,0.0,0.0,0.0,0.0,0.0,0.13370610814801948,-3.288413004391177e-13,-0.00038302640441933744,-3.4403538712984308e-12,-7.4340796767323295e-6,-9.735360660834137e-10,0.0025647905065532698,-3.9412359893104645e-5,0.026370966057150037,-1.1197488157485242e-9,-0.0024432529095814942,3.004341615325639e-11,-5.220186094120577e-5,-3.8309702817169595e-6,-2.8301704789199536e-10,-3.0414400595911565e-9,0.0003882227591443406,-2.991971121821286e-7,2.4320170630253856e-8,3.588206259273409e-8,5.204865384438862e-13,-0.02799740213076119,-2.8913969748441914e-12,-2.6139103618061165e-11,-1.61573600022261e-11,2.432382487959198e-7,6.206195772204384e-5,0.009725712096511411,-3.960047155933392e-7,-5.404063698373108e-12,1.7213944513248658e-12,-4.674710423258111e-8,0.007061269920869741,3.7969526360271606e-10,-6.916130441185525e-8,8.193809390900199e-11,-1.7556308338079872e-9,-5.047533615293263e-7,1.8318177119784304e-12,0.016691950358866652,-2.2231257594923573e-6,-6.5541077619634015e-9,8.875898990740243e-12,-1.6180065877550056e-5,1.4969046922687567e-12,0.0003890129981588739,8.650066721840524e-11,0.008129198032494428,6.661208130558303e-11,-1.0893704614455023e-11,-1.2389609286278277e-5,-2.8317223810799683e-8,1.0550067755726928e-5,0.0010067655068935904,0.00013656413363357894,8.028570893681779e-13,0.004806538867745716,-0.0026458248880298118,-5.363069508895779e-9,7.469301011820814e-13,2.2998633186329115e-7,6.914272342219371e-7,-2.5251671002661616e-5,-1.746598030396576e-7,-8.255548862520343e-10,1.8684728626462548e-9,0.0009154225112578921,-1.1838621290030788e-5,-0.006708494981920591,2.622436216369844e-13,0.0009406400632900038,-1.1218330389487944e-9,-2.2076147681806434e-6,3.988508362160226e-11,-5.338966174868899e-10,-0.0019763924116597813,-1.8164940092539516e-6,3.930392169249243e-8,-2.1721148831569995e-6,-1.6912511960349238e-10,-0.0008761518597985987,-1.0289933263459202e-6,4.952965778345037e-10,1.076145242251559e-5,-4.36685704732315e-12,-0.038023617533226806,-7.846001611023626e-12,2.268766504588746e-6,-2.1408453279535724e-7,3.901158839818891e-13,-5.724643754321375e-5,0.0007061345900943928,9.790642947983492e-8,5.0683719356503504e-11,0.00018015758473594572,-3.3341993023860752e-12,3.4649147673130217e-10,4.5161223035459974e-8,-9.149451835361582e-9,0.00557895247335816,-4.222057248137268e-11,1.516649544153043e-8,0.0008722576846958054,6.626628044043286e-6,-9.490608201978204e-10,2.315882279082658e-13,-3.923543435125188e-6,-1.8346228192400008e-8,-1.3159269657015134e-10,3.195168971581707e-12,5.898610904996552e-10,-9.466092488885849e-7,-7.704777265152607e-6,-7.441612725715203e-9,-2.939997184265557e-10,4.613184205365408e-7,-3.4944129552598565e-12,-7.979105918140176e-11,-2.241827022246963e-11,5.9331250186809304e-5,-1.0050771933430743e-5,0.0008131040798879569,-0.0011936054210649036,-2.2719117901321638e-9,1.9363224501960223e-8,-8.501407319655352e-13,8.991286135251754e-8,1.259424872270164e-12,-8.779297475226122e-5,-2.1077961231141524e-11,2.351842754831969e-7,1.1316458960793393e-10,-3.027165723119442e-11,-3.639286981384308e-10,1.5327111448271467e-14,-3.3206244345369635e-10,-0.02316700131753197,8.552359228037832e-13,3.3454919818248433e-13,8.692350794401109e-8,-4.309087288534034e-6,-7.65846524714895e-9,-3.6759041849336213e-7,0.01591629941480675,1.7033404916221726e-8,1.5511301230860536e-8,1.8350094596203263e-9,1.365155287086536e-6,-5.089713886827885e-7,0.05384808116993806,-0.005700718205013356,-5.078328884605547e-8,-0.00016624982900767898,0.004680056313719426,6.204989190488407e-10,-4.572942343668735e-11,1.3452846975745647e-12,0.011351225917042376,-3.4749199843559624e-10,0.004126506960763168,6.937768315787792e-14,1.2095210614800733e-5,-1.0970244538674997e-7,-0.0002964354471482444,-1.246911765144189e-7,1.0089748797270216e-12,-1.3512179073853611e-12,1.9887408104231355e-13,2.5070626379096233e-13,-3.989026375228954e-14,-0.0005369170591752473,-1.0476188029578692e-9,-1.2900519315830734e-10,1.3982538003081975e-6,-6.676108825309366e-11,1.0297984059469163e-11,-4.590837090893538e-9,0.024282415350670588,-4.912772045573526e-10,-1.398168117341925e-6,5.395316305607301e-7,9.310666348307042e-12,1.8836223352042972e-8,-2.517025825542045e-11,0.0012450146766845313,-1.7800297500603237e-12,2.0818675156366625e-12,4.093934275752663e-11,0.003822703502644745,7.389951983472344e-11,-1.657539626670669e-5,-0.0025167907186871203,-2.252741839396823e-12,0.007443015517854301,9.347082085044162e-7,-0.0008668715867833733,-5.095218657435649e-10,4.511160426345247e-12,3.2097596731801906e-12,1.7653257076289536e-8,3.2168496707698615e-13,-9.795512451141804e-7,8.356074805713526e-14,3.733310946018377e-5,2.2254188345124883e-12,9.262705369481231e-11,2.9077282480628467e-11,-0.06306562676317973,0.0376250471030713,0.0001381882293048344,-9.003977855826646e-7,-1.6103234275566936e-9,-9.229211606242856e-7,5.723636647719242e-12,0.00042439161285748116,6.213900584016498e-10,3.199190057396291e-11,2.7477645128591355e-11,-0.00017644992000088634,1.7833992496856871e-12,0.000662657054543357,2.798108399368032e-7,-0.0005148375203384136,-2.0627960073320718e-12,-5.880241682734832e-13,2.083888096093101e-12,-0.004005478731955885,-6.0353651195820825e-12,-7.117731034104391e-12,6.286306368054737e-12,-3.1397979103200822e-12,-0.00018244155027573596,-1.6473823959166356e-6,0.00010245782092052796,-6.549364898776081e-12,-2.282430685876742e-11,1.2199764608618207e-12,1.8508381522890435e-6,-7.716609716091044e-12,0.0052317887053921226,1.1268346274298992e-6,-2.9194676985972096e-8,-1.1948268594347715e-11,0.0003429062360184149,1.7351944823829438e-5,2.380632942204652e-11,-1.0829702099499805e-10,4.3545285247201596e-7,1.7854247402713754e-7,1.6672528278345232e-8,-1.6288405819202175e-10,0.0001687304831987815,-1.6535349163974142e-5,-2.097133511438289e-12,1.7062694270500634e-10,0.0021067897798207813,4.873918870809382e-8,7.534923027031125e-11,-5.759203177248455e-9,-4.523717608835357e-6,3.5516433119472783e-9,-0.00017646955223135473,-5.313492400964594e-7,-1.1390188248495362e-5,-6.031050870341711e-7,1.7356323531161722e-12,-1.0159138862226577e-8,-7.08737987864679e-9,-0.000569620739586095,-0.012365977492206009,1.985005741434928e-8,-5.9315698508012075e-12,-0.028832887781922157,-0.00016165802459457954,-0.0008078318660906095,-1.260493456020452e-7,-1.1288266205082732e-6,-6.232755935377508e-12,-1.4074389102901393e-10,4.11423985179085e-6,3.566498905945252e-9,-3.4826316545893205e-5,-0.0007891418190507278,0.0003498813150354639,2.6870692892438184e-5,2.2903407836633544e-8,0.013858607577011559,0.0003451396200941776,2.8448758707169205e-9,2.093564677771239e-12,-1.0816358635297546e-9,1.997524544231212e-7,-0.0001381811983332307,-5.986989067391588e-6,0.00042532664705081735,5.9033326540162785e-8,0.0007125849719276849,-2.0029858004558756e-10,-4.5717517730429175e-10,0.0012486042429620456,-1.9667266425666434e-8,-9.194030274405365e-5,-0.001948781952459246,-8.568416342647862e-5,-1.678513747088422e-12,-3.214803383962485e-5,1.183822780635272e-8,7.000255888069114e-9,0.0038054290857039218,-0.003025056000679168,-2.6721299789979487e-6,-9.09732725263659e-5,-1.1671807515731124e-8,-6.2455959588357325e-12,0.04113356375096249,7.702359536990973e-12,6.610467046686428e-12,-0.00757592028234907,1.8839113738576787e-12,1.9801145035136e-8,1.8415226912950907e-6,-8.884101827683059e-7,3.7884857773273716e-14,1.4870733218402647e-9,-1.4443419998960025e-6,-0.0004710920612338015,-3.400693085732852e-13,-2.1407214814158745e-11,-0.0017166252684940725,7.745716155339951e-11,-3.4730328162311554e-6,-1.4473914117552245e-10,-2.8377412213189824e-8,9.020419220981187e-8,6.966357392296268e-6,-0.00017789608587822552,-9.30262684561184e-6,-5.381459914459515e-11,-7.464427357918587e-11,-8.781906756207965e-6,4.092570268951506e-5,4.6694724681076205e-5,1.566869012155891e-13,1.3772948223816183e-11,-0.004381698275983586,0.0010719563548288683,1.1545773384919647e-7,-0.03981492881527909,-0.00013836454801094454,-4.895266804483494e-7,3.5014431973727233e-7,1.52758236805808e-6,3.920227618487685e-6,-1.994712760706467e-11,6.191898156008169e-8,-0.0038103159414777685,1.3925386250242022e-13,-5.000329786161541e-7,1.6306894844872317e-9,-1.7073632777734435e-9,-6.568503453359482e-10,0.015544369437190349,-0.014816012334885368,-1.2095114430695136e-13,-7.853055404411298e-13,-1.350635280167474e-13,-5.284516642944261e-7,0.00016356566041466052,-3.750903027870013e-5,7.258176724698214e-10,-4.060764179735297e-9,-3.449238018779411e-13,-3.696714265103225e-9,-2.7059246829811886e-11,3.61197971088877e-5,3.6663284286394456e-13,4.2766989916129246e-7,1.9688828226184062e-10,-1.879369210278091e-8,-1.7263384715208194e-10,-3.535956656898592e-6,2.1734512408987595e-5,1.801511021637354e-6,-6.891613770509529e-13,-0.0022823434197050776,-4.434812319954673e-11,0.0007308206644063396,8.043104721481374e-11,0.0001112159164476125,0.014847696173640268,-8.273828186473068e-11,-2.470157615788054e-7,-5.03608469166198e-10,-1.44087948841612e-10,-1.2002723331739217e-9,2.0992478815297366e-8,-3.9852516850467885e-5,7.0035476451390645e-12,-1.9617447329698184e-11,6.653772044852582e-8,6.703554103159442e-11,-1.0121966587940964e-11,-5.681358418500064e-8,2.671159292824624e-10,-3.377355002525706e-5,2.137235722439648e-8,0.0016752772455479507,-1.4354143061826917e-7,2.019463845464251e-15,0.0036409853620273493,4.055227957739425e-13,-9.714529320273795e-15,1.3179473250763848e-8,0.00856446151417624,0.0006365379837229534,2.542563288490396e-12,-7.884841305062994e-12,-3.079483264029805e-6,-0.0027025882140964633,-0.0007141927241564674,-1.2028922164195085e-5,6.514427622525728e-7,1.4084235762281179e-11,-1.519360110938915e-8,-2.836701491640464e-11,-0.007967198838420626,-5.85007203320245e-10,6.231941237671514e-6,-1.3448882761888024e-6,-1.1784206513359709e-11,2.4470160107456464e-8,-0.00010496124135994973,1.5418050937260743e-7,-4.925922270740447e-10,9.829484954627223e-9,0.00011540534564374973,7.173759806189854e-12,2.963946151853468e-11,1.577211035354982e-5,3.260613261616551e-7,3.0415075981785587e-7,-2.1720360663917878e-7,0.0018884792487971398,1.5151662424896369e-9,-2.2216227085269713e-8,3.0792050939642607e-13,7.0560170554406835e-12,-3.292394909642842e-9,-8.204595162764112e-12,-1.040192402907439e-6,0.0016527805459177092,0.014402065717970201,-1.48841037708369e-11,5.516575148118051e-9,1.3611501496601564e-10,-8.914990299840795e-13,1.682123348701562e-5,1.7639740028146376e-8,0.009987044748977955,-9.550372081048757e-6,1.4539136611775966e-5,-0.0004357711027668595,6.673573526435612e-12,2.2642035902138187e-5,-7.358661313301727e-10,1.2173928835824824e-10,-6.987466137327453e-11,0.0020683385303659186,-1.6258775712866534e-11,1.0678801938786498e-7,9.493480251977404e-11,-5.016639736711649e-12,3.602784864728429e-12,-7.957243267084333e-7,1.1162750264632443e-7,-0.012557355491577951,0.04799134159964827,0.01443559235405101,3.2600199742323445e-10,0.0020419474482362985,1.6029819297496582e-9,1.6505024473197028e-11,-5.950821497912054e-10,1.4775704520722288e-12,1.548723908532847e-8,1.2226541014157676e-11,0.003462555960940887,-1.2861933119863733e-9,8.474726187434505e-11,-1.102181223122011e-8,7.485371405322476e-12,-2.9994213861921206e-12,1.0726090307535649e-11,0.003156093853222246,-6.681725498698246e-10,-4.004267932669621e-5,2.950973172690017e-8,1.4769198373534184e-12,6.434970778019996e-7,-2.1849269507769248e-5,-2.0035923717535916e-9,0.0041001412888350165,3.4823534868386916e-9,1.7111028792115726e-12,-5.7423955039345597e-5,-1.1187773105131398e-7,8.702636323259737e-7,1.7691258458475288e-10,5.645958158143508e-8,1.8646550086764e-12,8.005399601304826e-5,-6.972526856741326e-7,5.136612761032691e-10,-2.3452886949310484e-5,-6.020906070458396e-13,0.0006605300882965371,-1.1157829571319284e-13,2.5229316057873542e-11,7.482307821599815e-13,0.00036564754317388215,-7.564819394416727e-6,-1.759785925799966e-7,-5.898966706527743e-7,-9.034955018429958e-13,6.056432205446982e-5,-0.0004959626742018358,2.2766468069421945e-10,1.9070954462438685e-11,-0.0009480646822766598,4.5076584416431864e-7,2.2557722648946456e-7,-4.473263359678203e-10,2.3279657759543983e-10,-0.000320247413497301,0.018530799976098536,9.091215043329752e-11,-1.9911101460077383e-9,-6.837494911661162e-8,2.3387122849612334e-5,-4.0436482773183665e-8,7.918375290262681e-11,-2.1698009889555582e-7,2.5136195987940173e-6,-2.6760182061516854e-5,6.089260725693097e-12,-5.163021110693282e-12,-7.147258417601547e-10,-1.8665800730662272e-10,-7.365105613268179e-10,4.3043822107629944e-10,2.058348785581714e-5,-0.00023405843131721246,-2.0726151946934116e-12,8.42547294796865e-9,0.0051799192936876634
0.0,0.0,0.0,0.0,0.0,0.0,0.0,0.0,0.0,0.0,0.0,0.0,0.0,0.0,0.0,0.0,0.0,0.0,0.0,0.0,0.0,0.0,0.0,0.0,0.0,0.0,0.0,0.0,0.0,0.0,0.0,0.0,0.0,0.0,0.0,0.0,0.0,0.0,0.0,0.0,0.0,0.0,0.0,0.0,0.0,0.0,0.0,0.0,0.0,0.0,0.0,0.0,0.0,0.0,0.0,0.0,0.0,0.0,0.0,0.0,0.0,0.0,0.0,0.0,0.0,0.0,0.0,0.0,0.0,0.0,0.0,0.0,0.0,0.0,0.0,0.0,0.0,0.0,0.0,0.0,0.0,0.0,0.0,0.0,0.0,0.0,0.0,0.0,0.0,0.0,0.0,0.0,0.0,0.0,0.0,0.0,0.0,0.0,0.0,0.0,0.0,0.0,0.0,0.0,0.0,0.0,0.0,0.0,0.0,0.0,0.0,0.0,0.0,0.0,0.0,0.0,0.0,0.0,0.0,0.0,0.0,0.0,0.0,0.0,0.0,0.0,0.0,0.0,0.0,0.0,0.0,0.0,0.0,0.0,0.0,0.0,0.0,0.0,0.0,0.0,0.0,0.0,0.0,0.0,0.0,0.0,0.0,0.0,0.0,0.0,0.0,0.0,0.0,0.0,0.0,0.0,0.0,0.0,0.0,0.0,0.0,0.0,0.0,0.0,0.0,0.0,0.0,0.0,0.0,0.0,0.0,0.0,0.0,0.0,0.0,0.0,0.0,0.0,0.0,0.0,0.0,0.0,0.0,0.0,0.0,0.0,0.0,0.0,0.0,0.0,0.0,0.0,0.0,0.0,0.0,0.0,0.0,0.0,0.0,0.0,0.0,0.0,0.0,0.0,0.0,0.0,0.0,0.0,0.0,0.0,0.0,0.0,0.0,0.0,0.0,0.0,0.0,0.0,0.0,0.0,0.0,0.0,0.0,0.0,0.0,0.0,0.0,0.0,0.0,0.0,0.0,0.0,0.0,0.0,0.0,0.0,0.0,0.0,0.0,0.0,0.0,0.0,0.0,0.0,0.0,0.1336432267176253,3.682095948690145e-12,0.0005536152214878843,1.0429217552468313e-9,3.741113201005721e-6,-8.758557192184334e-12,-3.2839785785049384e-10,-2.658444488032982e-12,4.890183089177684e-5,-5.672451552584282e-11,9.973541063929964e-5,-1.9104748538435714e-10,2.6657643820078595e-9,2.7993163525485654e-5,2.80432464039107e-6,-2.7913687315452076e-11,-6.546438124940118e-9,-9.87129293035617e-7,1.5696803626999348e-6,-0.04774417810870402,7.550583922916934e-13,-0.0023158821871923437,-8.604728828198675e-5,3.1465143085619035e-5,3.433836127099827e-8,-6.285734824746914e-10,1.0383177769684143e-12,4.907440105444336e-8,0.01653698034121497,-0.0012752083153392327,-1.4213638761965793e-7,-1.1675356820369648e-11,-2.589340365990136e-5,-7.263861555305521e-8,-0.0014684659298281352,3.6530200238423195e-6,-2.1019571644646757e-8,0.00031454861318423526,-6.807445788963731e-13,1.3485267862922525e-8,-1.0259344140870588e-6,-0.0032416926781933027,7.56929846312935e-10,-0.004212376297437664,-1.4867258824070587e-10,-9.467854991475415e-6,-1.992779899174275e-12,0.0002416960997472455,-0.00023563323767305193,-1.0904289004857029e-9,3.7845053346503404e-7,-4.301236863157165e-9,3.422859049896666e-11,-1.0259409035728116e-10,-0.02220552789232922,-1.1476184247246967e-12,-7.534010707986757e-12,-7.120548973864226e-7,-0.023444598031584832,8.045241429333864e-8,7.123737355164769e-9,8.249679053317473e-10,-2.1269156779370426e-7,-3.210650206365699e-6,-1.4100623685462708e-5,-1.1593531862393029e-10,2.7548159427484676e-9,1.8497980678271067e-12,-0.030385423144457555,4.157703834372358e-11,-2.986128698806704e-6,1.7193086944888246e-8,-0.0010593695620122136,-2.076937853194172e-5,7.0578138979221e-13,-3.6606677887391894e-8,-3.3336767754450003e-6,3.3056674572763226e-9,-0.00010049465790999876,4.094168865657706e-11,1.2275936784525773e-7,-1.0118460526851875e-5,-7.372786156891225e-10,-0.010177128136163845,7.416378632703485e-13,0.0010402793229664724,-6.694945735638763e-9,2.975795299584723e-7,-0.0014880113525482482,1.424560731683852e-10,-2.235582749498055e-11,3.057215871536147e-7,0.00020662800219381256,1.3383726289472702e-11,-0.007591544296335386,1.053104911342463e-5,2.0562888707231993e-8,-2.9393233071931734e-6,-8.602372449184876e-12,0.0020536176609931155,-1.7148430949487263e-7,1.2313268455670975e-11,-4.21023822286235e-9,-3.8332247959613764e-5,0.005020095192573243,-5.992764690956703e-10,-2.374520597224368e-7,8.64139250445887e-5,-0.0027449371860656826,9.443571430659992e-6,1.234210680816277e-8,-2.1637718267854305e-9,3.719938076926815e-6,-2.9905732333096247e-5,-4.8840093522080065e-8,0.004180322743820432,0.00040601650215557215,0.0015334716599090165,2.966993476507635e-11,2.739679726234365e-9,4.797600325724024e-11,-1.8265516665815584e-11,-1.9368729918250697e-5,-2.304924831477412e-6,0.012842817268312507,-4.004929538382611e-10,0.0030132736230129493,-3.6604555206073116e-11,0.00038450072133033864,-1.8439976249295224e-8,-3.104367808754907e-5,-0.00024151510595704948,-0.00012862933042725723,-0.04171019685169545,1.1869929700094463e-5,-8.878900443202775e-13,-0.0021779907354556416,0.019648939424344744,3.325677977135102e-7,6.868178667488608e-10,-1.622953666565897e-6,1.213569650231325e-7,-8.550596582651379e-12,-3.796597397674203e-7,4.801534657592125e-7,1.672936536840709e-5,1.3400348312431128e-8,1.6667578276181487e-8,-5.413917529744582e-13,9.754847374879162e-12,-2.161150014318151e-7,1.0454349325059401e-11,-1.1944206924839422e-12,6.228751748867994e-5,0.0013988950019194922,-0.0019847271251293465,-3.0791414550099157e-14,-9.904970767036883e-5,-2.427442952259282e-12,0.014988057512587359,3.69324267031111e-10,-2.3770115779979113e-8,1.2732681075383337e-13,2.7031630966833695e-7,0.0018930857040565542,0.0068022114334752625,0.0337771891152711,0.029184386052038574,0.011276820085023889,1.384473880914693e-10,-4.2531515050917175e-6,5.583992622703609e-5,-1.1599414810255824e-8,-0.0005219737225192872,-0.0008811444063804799,7.536962082180028e-6,-7.572832034432709e-13,-1.5240085385980334e-6,1.501457394194184e-8,3.3072322583477154e-8,-0.004870566589175048,-6.567843070880878e-10,0.0001874029360625019,-1.2206420323043137e-10,0.001991792238054948,0.000789980892893815,0.00018543558406543863,3.0171113507306975e-11,-0.0004942849106500387,1.5605292718207273e-9,-7.762803062710328e-13,0.00506851614697371,-1.2827967718476176e-12,-8.272929792649564e-9,-1.5794717516560738e-11,1.4176924458308886e-5,0.00418974726112121,0.0021469829974587367,1.527519679719883e-6,0.006102797445125602,9.55849904735305e-9,-0.006040142482073081,3.6841740842440674e-10,0.0030818660823371522,0.0005135278824214873,-0.0004911967977696058,5.354455489814992e-13,-2.0198092734931132e-12,-2.821492650015617e-10,1.1213466368503769e-8,-9.596520830163846e-6,-2.997365573766313e-10,-0.0028215959801955156,-2.9663214210208113e-13,-7.069339369348273e-5,0.0004039841019951706,0.000412485458912529,-7.129767240670765e-11,0.0039107505448104565,-7.108690182227283e-12,-8.621796893756658e-8,1.2368932926331183e-11,-0.0033340243673712373,-0.008888262219307757,-0.0009597130421084442,-2.5683368140540774e-12,0.000613648431389701,1.5220399956493555e-5,-0.0018033101319970665,0.00012863549141736447,-2.4900748945116293e-12,-9.337498416384073e-9,-2.893098946992361e-10,-0.008397756820619369,0.0009114669453708967,-0.016552146026102218,-7.252600997442057e-9,0.0005518036578126335,-1.246683201772819e-13,-3.920104025281621e-8,1.7562717527047325e-7,0.0015202533479826922,-1.023529381017091e-10,8.95712339979171e-10,0.00048098530718312515,1.3258980061494819e-5,-7.802702978073058e-8,-3.3006077244603646e-7,3.1962753517908544e-7,6.368762906591762e-6,-1.00280604559474e-10,-1.9229300937624273e-11,-0.0026561120814098554,-5.818257622358561e-5,2.0736146020274694e-11,-8.780771173612747e-7,-0.0008123937353174351,8.139845442395511e-6,2.6186471456569124e-9,-3.648523159046353e-6,-2.883416757019772e-10,3.354658561652491e-9,3.5725208745246704e-9,-1.537866398061691e-8,-0.0029911524089762396,1.7145311957112958e-8,-1.5262175463831816e-7,1.0210233107703955e-12,1.1155553548043941e-12,-1.150568248249636e-6,0.009199004555219563,3.243054888447492e-14,-9.56320394327158e-11,1.7826744013665373e-12,-8.91389789592469e-11,1.222438000148897e-8,0.004097902465501528,-1.9121321866686717e-5,-5.26442579674127e-9,1.041795457151548e-5,-8.887747148561598e-10,-2.2162123442290102e-11,1.3852191618854587e-12,-8.457631804673674e-10,-1.6185110544072978e-6,-7.557774809999368e-13,-6.710596176664979e-11,-4.984443548675385e-7,-0.017392518955010584,3.296642577515867e-6,-1.0114627682371329e-7,-3.789947709973558e-12,-2.9769213240138954e-9,8.030554056848581e-11,-2.150586129058874e-7,-1.5103519195514924e-11,7.447767315267316e-5,9.6056216744332e-6,-3.2727325620264504e-11,1.6881067184029518e-7,-6.463798221280719e-11,-3.803911232398491e-12,1.510929153452871e-12,0.012225489743818103,6.489365254773533e-12,4.284721989846813e-6,-1.7566906331147252e-6,-6.871786618582373e-12,1.6618983877731666e-13,4.243749139091317e-9,-1.379243409991666e-11,-4.498430304479929e-7,-0.0005642572566421186,-8.271474240286713e-13,-0.0006185910820975625,0.00011440840667800627,2.09331210216318e-12,-0.015576655948309237,-1.9574758237335254e-7,9.479210897801191e-10,3.2780174269326507e-9,0.006918487222516153,-1.055821438746038e-5,9.242204732322095e-8,-1.390680693182873e-11,-0.004561697237938509,0.00143485064514758,-1.042633031726122e-11,-2.8182815852890073e-5,1.6795359556531193e-9,-3.51534224276087e-6,8.792907575942657e-8,-3.775115639871388e-7,-6.155877095599863e-9,1.1431878200793171e-10,2.76709065370493e-9,2.1135068601626655e-5,-1.18225144321462e-6,4.018088851433174e-11,9.08712906437735e-11,6.896382480548965e-11,-0.008586255844764423,-0.0013564766320078247,-6.43547005521107e-13,-1.322208913605048e-12,-3.0598019394162246e-8,8.768035359832708e-13,-1.6442041664320088e-10,2.5999507125755795e-8,-4.443030251529168e-8,4.309890740127488e-9,5.7033617310116755e-9,-2.147101393001683e-5,9.180508408719768e-8,-3.520778117128134e-13,-0.00500560578006509,5.4159103524291966e-8,3.964295604231751e-7,1.0336597231740126e-5,-5.8772614125854216e-6,-4.771163559196391e-12,3.984160666739989e-13,0.06879428932779559,0.012576622659684924,0.0030076130899656206,1.2329484034798287e-8,-8.136312261602713e-12,-1.3830253615532802e-10,-4.438750187532886e-6,7.836622331453742e-6,0.08234315027376701,1.226997243095903e-5,-9.984553747060339e-5,-5.5259444153834456e-11,-0.033422858065128326,-5.6993247701771855e-9,-2.997195156551866e-8,-5.269017780141499e-7,-0.00013715990023752513,-2.7989804738344975e-9,-4.861714816710366e-10,2.6659769733288063e-9,-0.009905282222644224,-1.332657720081092e-13,0.000246015911849775,-1.1241449510572276e-10,-5.614551903850926e-5,2.5383367956572836e-11,-4.191427624454124e-13,8.043106805234378e-5,1.220078782583713e-7,1.067822364737501e-5,3.098226035498593e-5,9.250084304276876e-7,-5.055205056751617e-7,9.275314454619499e-11,0.0012603513616403165,0.0004065780570171732,-5.5467949363686375e-9,1.6849449622101919e-6,-0.0009450640315437175,2.0937439939083553e-7,-4.813984784008722e-5,2.5430088334480406e-9,4.218668259840855e-6,2.372254611934872e-11,2.0659390262398976e-7,0.005613198610942022,-6.890212342414263e-12,0.0010743938484588243,-0.00355942067704069,-5.333773938277024e-7,-9.387794282439979e-12,-4.8896234794999116e-11,-0.0022111303210545475,0.0002557705751902583,6.184339642161383e-10,6.417850134866098e-12,4.4593159073685946e-11,-6.599605195938526e-10,8.060347734695586e-8,-0.0004177577877504471,2.409178176185241e-7,0.000772401904077979,2.653956524863069e-13,-1.1693808980879673e-6,-1.6940134188045703e-9,-7.66130858375177e-10,-0.0022388723529047846,6.529493784029635e-7,5.04444373945659e-11,-1.1690202383466235e-8,5.203407031376944e-6,1.0495215223533345e-6,-6.853564806112924e-11,-0.0027310730338833485,0.0002035495543767872,-1.5230044340974612e-9,2.2198974556696973e-8,-5.4507157979641587e-8,-8.886081613415143e-9,1.7933874981287348e-12,-1.7454253080495125e-5,-5.006354206198554e-9,-0.0007795881457437824,-0.00010051294118635707,1.0427227792897472e-6,-0.005201106362037348,7.670808587230404e-9,2.9999615925959565e-11,9.857367608161783e-13,2.8078150250964846e-5,1.284939466202979e-6,-5.488076433951472e-5,0.01195157093622819,2.838744583221513e-11,-1.4181622580984582e-7,-6.022938557101226e-12,-3.098868369542398e-9,3.1136655711808197e-10,-4.393106515435275e-11,0.0001364536301671985,-6.987773140101403e-10,7.082160031063049e-6,-1.1292460672638345e-5,6.225215555036384e-5,-1.0560216623049115e-12,-0.0006714822636049827,-1.6380067277740978e-7,-1.98879972435717e-5,-0.01426753594117393,-0.006890669363267139,-9.328746505082893e-9,-1.1232543310315596e-7,5.684632324918864e-13,-1.1443937049764675e-12,2.890103191799182e-13,-1.6010831096455214e-5,2.7517833255004436e-12,1.0032958894927246e-6,0.00035832793366212274,9.60602482805996e-5,-0.004748730933440654,-2.3365178591420577e-8,0.000626949215718789,-6.54493780131678e-13,-2.5038233386431977e-6,-4.177143172536553e-5,-4.672240622227915e-7,0.00018956664732387463,0.0020180912313778757,-0.0014038315321496793,-1.4075670234543285e-13,-3.490870862376489e-5,-3.149235618042751e-10,2.275802204461043e-7,-0.002880812578962598,6.442797420033889e-9,2.0803887755221746e-10,-1.7067694279319714e-6,-4.010462563656049e-12,9.154382042596506e-7,0.0005974419928014854,-5.133462481488511e-12,-1.2892659252303567e-7,-1.890846394467649e-8,0.0003266347873329474,1.575405348940505e-8,-0.03585502253144952,1.3665006697376858e-12,1.1856284636208328e-8,9.005655379345451e-6,-2.1556227075941783e-10,-0.002531789207403455,-1.647549302164701e-10,0.0011418109505391173,-0.00017003060573366255,-0.001365340321671344,-1.9688237377699026e-11,-2.7325780228059e-9,1.1951304540946515e-7,1.5393859533634668e-8,-0.0008382112754255356,2.1842059213369665e-10,3.761055695727419e-11,1.4298592924499748e-6,-9.677690629910463e-5,2.2534104998309482e-11,-2.1197836574774085e-8,-1.33886369965555e-7,-1.9416272483366184e-5,-2.097785868296476e-5,-3.2392612737552778e-12,-6.167934249841677e-13,-0.0006382229600396171,-3.7107075139036376e-6,2.213466343156789e-7,2.34266699347797e-10,-4.1112248615409447e-7,6.934984205106308e-5,-1.2779527080428892e-9,3.9900744216108066e-10,1.0803656870274153e-9,0.00012013957492518047,-0.00011351987130096326,7.556935540821684e-7,4.4931185935244984e-5,1.9163505010385783e-5,-2.494015854316228e-5,5.3693871618150194e-11,4.576535557521262e-12,-0.00383753907189896,-3.5352347041582174e-6,2.505787682144157e-13
0.0,0.0,0.0,0.0,0.0,0.0,0.0,0.0,0.0,0.0,0.0,0.0,0.0,0.0,0.0,0.0,0.0,0.0,0.0,0.0,0.0,0.0,0.0,0.0,0.0,0.0,0.0,0.0,0.0,0.0,0.0,0.0,0.0,0.0,0.0,0.0,0.0,0.0,0.0,0.0,0.0,0.0,0.0,0.0,0.0,0.0,0.0,0.0,0.0,0.0,0.0,0.0,0.0,0.0,0.0,0.0,0.0,0.0,0.0,0.0,0.0,0.0,0.0,0.0,0.0,0.0,0.0,0.0,0.0,0.0,0.0,0.0,0.0,0.0,0.0,0.0,0.0,0.0,0.0,0.0,0.0,0.0,0.0,0.0,0.0,0.0,0.0,0.0,0.0,0.0,0.0,0.0,0.0,0.0,0.0,0.0,0.0,0.0,0.0,0.0,0.0,0.0,0.0,0.0,0.0,0.0,0.0,0.0,0.0,0.0,0.0,0.0,0.0,0.0,0.0,0.0,0.0,0.0,0.0,0.0,0.0,0.0,0.0,0.0,0.0,0.0,0.0,0.0,0.0,0.0,0.0,0.0,0.0,0.0,0.0,0.0,0.0,0.0,0.0,0.0,0.0,0.0,0.0,0.0,0.0,0.0,0.0,0.0,0.0,0.0,0.0,0.0,0.0,0.0,0.0,0.0,0.0,0.0,0.0,0.0,0.0,0.0,0.0,0.0,0.0,0.0,0.0,0.0,0.0,0.0,0.0,0.0,0.0,0.0,0.0,0.0,0.0,0.0,0.0,0.0,0.0,0.0,0.0,0.0,0.0,0.0,0.0,0.0,0.0,0.0,0.0,0.0,0.0,0.0,0.0,0.0,0.0,0.0,0.0,0.0,0.0,0.0,0.0,0.0,0.0,0.0,0.0,0.0,0.0,0.0,0.0,0.0,0.0,0.0,0.0,0.0,0.0,0.0,0.0,0.0,0.0,0.0,0.0,0.0,0.0,0.0,0.0,0.0,0.0,0.0,0.0,0.0,0.0,0.0,0.0,0.0,0.0,0.0,0.0,0.0,0.0,0.0,0.0,0.0,0.0,0.0,0.13356214436727656,1.1171358984807412e-9,0.0030154678284797093,-8.561135741699532e-7,-0.004476785745298654,0.018158572831186975,-0.00027622688880011724,9.038330180095641e-8,0.010101866358696964,3.107065578001704e-9,0.007002798093815932,-0.0022508979678458672,-1.9648327872812813e-7,1.3586716185614416e-6,0.005799069525001492,-3.660084937087916e-5,5.579490824459542e-7,4.647330000915068e-6,-8.881801998073887e-10,-0.0006563485886380436,1.1124814202113357e-9,2.3130901995799548e-9,-1.5707925914294924e-8,8.454976453485034e-5,-0.0026007176116662045,-0.0025289464987552903,2.1918034407254643e-5,1.5686185774154754e-9,-3.9876235219538977e-10,0.0001764389664841172,0.00015855079001642397,1.0759375102074146e-7,0.00020487343622619848,-2.2684233165604518e-8,5.105920865404389e-6,-0.00022765501049178065,-1.9811927422741226e-8,0.0009842718605626922,0.000995030509071162,-1.7321014840886365e-6,-1.3269759468505279e-9,-0.019697073125346572,-7.665347096308908e-10,-0.030546508874663533,-1.0199896729261268e-6,0.0005518697319379304,2.0333457265270937e-8,2.2690970290848162e-9,0.006158243169117929,2.0332082109968863e-5,-0.0021850826352035513,-0.0023660881409322365,-0.004601527779059441,-4.0654443102557576e-10,-4.081732190719706e-5,-0.004285000510222665,1.2701697362325833e-5,-4.283904737725949e-12,-0.0005831897271528955,0.0035393415898792415,0.010584711720905316,3.4605802974454525e-5,5.155850879967039e-7,-8.462033319239474e-7,0.00970145796996516,0.005954847821308922,0.000353491459803486,-1.6297291254819297e-10,-0.024428122292164334,-6.5996743372025765e-6,-4.1669980448604e-6,-4.8135013928730516e-9,4.944929610119366e-7,-0.0004821979105958745,-0.0001492624134796952,-6.527201344299093e-6,0.0029753440777245815,5.6329954578649526e-8,0.01017973577582074,0.00024418460002641727,-1.6200421445397314e-7,0.015212397181947907,1.5426269009177107e-10,-0.00010385728878829438,5.8078395589861e-10,-0.000661804371157623,5.391179430376084e-6,-1.3627697754768414e-10,0.012064912696125512,-0.0034182228694695006,1.907650908701379e-5,-2.0733698600498256e-8,-0.019927502662623393,1.9178435998752298e-10,3.758458325832999e-7,1.8451454997814602e-5,2.38318940716945e-6,-0.0012979282390549424,1.3797716453081677e-8,-3.897227839154909e-6,-0.0016970512281784043,-0.0003525233430842151,-1.676014258407572e-7,-9.922694700599311e-11,-0.02760140759695448,6.312223601754664e-6,-1.2012567799657242e-7,3.616067225467105e-10,2.521756893747605e-6,-4.901363040211929e-5,0.00023913087295965822,-3.2989150304352093e-6,2.248884055089786e-8,0.0001832525020713043,-6.163873095283307e-11,9.393087502337106e-9,5.528575822546502e-9,0.0033938778892660757,-0.0008313758593174872,-0.02997124433705167,-0.0014385113735443144,4.37588152984843e-7,1.0411280713728923e-5,1.4176134225753598e-10,0.0003670520972234234,4.654955407716962e-10,0.012323778968313751,5.837226791888767e-10,-2.1625173145113465e-5,-1.2084157335105855e-7,1.135513110256343e-8,-5.385905700561821e-8,3.099552366471713e-10,3.204695952016267e-7,-0.00015136203612897906,-4.935207788495173e-10,-5.7437092360670644e-11,4.813238592779073e-6,0.013328273897836218,-2.2524995730646486e-6,-0.0001664539182431802,-0.00045405611168615364,9.346017282192653e-6,1.5425137054439078e-6,6.140592489089112e-7,0.00021684594505141488,0.00013720554747263187,-0.00017493426945210057,0.0006147183888005109,-8.496166164490292e-6,0.001963646589657253,-0.0002179703926027746,-3.2820607396190936e-8,9.545654831421838e-9,-1.0530210015623315e-10,3.5775597547712424e-5,-8.904591829223742e-9,0.0005639183117354227,-5.992180352446859e-11,-0.0003638320495216808,-1.0953152125558862e-5,-0.0004013200702595267,6.7508914869495755e-6,-1.9173690850029698e-10,9.709416486003279e-11,5.481388540362877e-11,-2.1401225160300185e-10,1.058156379563652e-10,0.049718430773716585,-3.8329269891731195e-8,-5.307813821349376e-9,0.0002833914861291515,2.892914847281789e-8,1.9018082789002007e-8,1.7823195974940882e-6,-3.727101231266274e-5,-6.496722684037371e-7,-0.00013101161505011004,-0.0001567583980357636,2.8533213212595836e-10,-0.0033369444659911017,-4.891783455033799e-8,-0.01910420487626586,6.003036389770548e-10,-9.612508152211645e-10,4.460942174116891e-9,-0.0009969299894038988,-1.3443072060651663e-8,0.0007444817819772312,-0.00036606453223809305,5.037742327864742e-10,0.0010521187392154505,0.0014375368285732648,-0.004351913220836724,-1.0001256278850593e-6,-3.2213471541958238e-9,-1.7037326153732175e-9,-3.121927874663581e-6,-1.1458034356743723e-10,0.0006618476830359633,-1.0486934938359662e-10,4.7699646058916555e-5,-3.6054092176206076e-9,-2.0239370103311813e-8,-8.602571588896528e-9,0.00062196968005889,-0.0006274366374217332,-0.014939966344567346,0.00015488041486230706,-3.4458398913701133e-7,-0.0055335475448459095,-1.3458481616842679e-9,-0.0005730384675626933,-4.733815752261142e-8,-2.2131895566352737e-9,-1.4257254254439977e-8,0.015256333775646303,-3.401614232565389e-10,-0.003942200374075576,7.709125398273434e-5,-0.006693498072731643,2.932669998417265e-10,1.6743694237863114e-10,5.62840045813809e-10,0.004876078441120417,1.7531110012609333e-9,7.551538856970027e-11,2.522835432552523e-9,2.837076496998473e-8,1.969658925382177e-5,0.00023097654754369136,-0.026409865488110012,8.784266282446561e-10,8.431045401940292e-9,-3.7987255442632384e-10,-0.0001706440665399667,-4.54648108101597e-9,-0.000368554166919773,-0.00038912997653127,-1.5421952752828495e-5,-1.5339927837087151e-9,-0.02167523068065907,-0.007659845317635116,7.458225638077713e-9,2.4545138362129452e-9,-3.273462370917528e-5,-4.552187594637918e-5,-9.959073421010774e-6,3.388339417847914e-7,-0.01057725844986841,0.01899691441589058,4.985600809863958e-10,-1.0914110330695466e-8,-0.004383698514746768,-5.409833249020345e-6,-2.20230848308384e-8,6.187671270546343e-7,0.0013202147841781316,3.684756710821916e-6,0.023747832175364636,-0.0008326162218283976,0.004293496069894332,-0.0009956003848456292,-5.129607493021151e-10,0.0002437113056935579,-4.580181125599472e-6,0.012502676793675704,-2.5106245795868966e-5,8.001808799672722e-6,2.422093057660984e-9,0.000141961852662669,0.0012611903521536284,0.00497796160488297,-0.0008118280818272999,0.00021505902428992058,6.959258319522698e-10,3.953370169868738e-8,-0.0010804695709537224,2.324531571894219e-6,0.015397956103159964,0.00042848142619845807,0.006882840660555903,-0.00027050028340638914,2.939860440485804e-6,0.00012460244725460176,-0.006915663827109084,2.5214632491183584e-6,-1.4620477829832907e-9,8.456280418962764e-7,-5.27868472779462e-5,0.0012444003198567018,-0.0006029428245082557,-0.005613005914859707,-2.1024047460544704e-5,-0.0004233411338723613,-3.4961873034901694e-7,-4.1731750177509224e-7,-0.034815520038123084,9.835274863661396e-6,-0.00398426072733467,-0.00124394018936398,-0.009878757302321264,5.309470822412621e-10,0.007986747287165773,-1.2394750296352922e-6,-7.837275714446517e-7,-0.005526422854507788,-0.0019214548446810278,-0.004848155273431878,-0.003251011127756395,1.0169551784602102e-5,2.452134604886485e-11,-0.00021619876835260576,2.397972320043791e-9,-1.2451570573156833e-9,-0.0013872905734872135,-6.614097357919852e-10,-8.91927398644556e-6,-0.0023842370656203507,0.0024654997401517497,-3.3469902965780776e-11,-2.5751339668808125e-8,3.892469937681565e-5,-0.004946511800906216,1.6094429223194942e-10,5.491461152539152e-9,-0.003303367551945342,-3.7551331478645235e-8,0.0026242518381534683,-1.563828135982829e-6,6.242126977778828e-6,1.5034385902133601e-5,-0.0017517132925398352,0.025827047162529683,-0.0003717700927949981,-3.4933185097104554e-8,3.0163804635800806e-7,-0.011598567146819914,-0.023922053716443167,-0.013710240098189832,-1.7718324861349065e-11,2.3639951881143883e-8,-0.00016357974797469324,-0.002278362350951345,-6.684925842407936e-5,-0.00011289240409802482,0.03678353020733331,2.0821693047491625e-5,4.7414994768679096e-5,-0.00010959407252184502,0.0001402991952604148,-1.7423997315889844e-8,-1.9671146365828433e-6,0.0003845625356153838,-9.90818691256025e-11,0.0001278031943863099,4.191484668934808e-6,9.863503505622534e-7,5.7879941644271104e-8,-0.0010040046120906288,0.00014116068595200948,2.7095399365975495e-11,4.052434234181699e-10,1.2147754933435982e-10,0.0002696831702907732,-0.0004317802699032823,-0.0024440979846857896,-1.9591450605770404e-7,2.272503753764264e-6,2.2706158947977543e-11,2.9986441873650004e-7,3.8662235245430185e-9,-0.002077314269478981,-1.0013969267141093e-11,-0.00028402546399062395,-4.159552708090638e-6,1.0301449745299269e-5,4.938171002747817e-8,0.00711940033761058,-0.014794920511133442,-0.0011868642316053741,-4.552420539007863e-11,-5.52688706434115e-5,2.265497704681606e-9,-0.02467055104203804,7.078403174432732e-9,-0.002389631215354306,8.507868549830481e-5,-1.479512404342495e-8,9.02244854274427e-5,-1.8545673781588836e-7,-5.5124196823977115e-8,3.40137761279648e-6,-2.5680627682583057e-6,0.023017934574861124,-2.0237781580426283e-9,8.235236348343143e-9,-0.0003019461426070338,-6.379961555040614e-7,1.304093744142423e-9,6.220994258099673e-6,-2.438895233322931e-7,0.006258904629178129,3.4689295140668796e-7,-0.007951770278561894,2.8540967388846436e-5,1.7620241759881984e-10,-0.00015970937199083775,1.693983334626993e-9,1.7934270698932623e-11,1.819306273386402e-6,5.0820106146582136e-5,0.0023502808000185386,1.5328046308654434e-9,2.19040518029039e-9,0.0007352230340265793,-0.0004075733989075468,-0.007936609429139402,0.002285061614163809,-0.00042308007915264645,2.049399406191722e-9,4.160167390479516e-5,8.888809965305334e-9,-8.644993946130099e-5,-2.1382848760490137e-6,0.000966831696740307,0.00018647295142457042,5.828404870416326e-9,1.0914475335925065e-6,0.034712879052646306,6.889433730784306e-5,-1.2737731882421152e-6,6.006249012352616e-7,-0.0066473418817657795,-1.1755589264112236e-9,-2.1866372062089224e-8,-0.0032103945759861647,-0.0001876286154565084,7.778933474034444e-5,0.0005410861398828903,-0.0019086781139199083,2.376657191882939e-8,-0.00039163848386909527,-9.060484104265293e-11,-1.0934494663732875e-9,3.800643325354175e-7,1.7516231611669372e-9,0.00016987118707287896,-0.007035808857125936,-0.0008323748604369629,-8.859705069633992e-11,-1.4924739360752921e-6,-8.893060716884744e-8,3.1514675460367033e-10,-0.003091118514330723,-5.395944842348918e-6,-0.0006012148065662531,-0.0008534756995665567,-0.005193839726501909,-0.0012270063242767581,-1.808396924092089e-8,0.001727283399820819,6.448407075911768e-7,-4.514552004782263e-7,1.1344529422315246e-8,-0.0001103366426707575,7.957923106338221e-10,-5.0502034278972244e-5,8.337356752488694e-8,5.086540905970087e-10,-1.2389670584325594e-9,-4.733089686260276e-5,0.00019151575563318665,4.6536637342713094e-5,-1.2205837442907042e-5,-0.00010014124711479974,-1.9940850794027968e-7,0.0003577913406937123,1.498129237809178e-6,-1.479437278511579e-8,-1.4854930871934865e-7,-3.1361947518320757e-10,-7.5413214994648825e-6,1.563485049877154e-9,-0.0001309161129787572,-5.143546941515069e-7,-3.413254998007874e-7,9.130882927640502e-6,-2.673273020431861e-9,-9.423981686703356e-10,-2.351719198923497e-9,-0.00043885865748928234,-7.971664527766248e-8,0.005136062330925414,-1.1159325110506495e-6,-4.3111013757917516e-10,-9.722973807183438e-5,-0.0029430854545676693,3.293176614903677e-6,-0.0010902740003699612,-1.257990660848918e-6,-2.770313978931177e-10,-0.009869332456569247,6.285965198505869e-5,-3.1940414136358076e-5,-4.4223840748636195e-8,0.00014005893563313917,-5.725339355868082e-10,0.0015486329493464804,-8.954494483969437e-5,-5.162188685318637e-7,0.0039022139510471766,5.931269047825983e-11,-0.02533280658304052,-1.743256246126087e-9,-1.9017298996769766e-9,-2.9197096235355483e-10,-0.034400119400928235,0.006003484084062004,-0.00026063299161629055,-6.563565694407973e-5,7.295869594265765e-11,0.0003120654182507814,0.002223630966393057,8.241248715656819e-6,3.443671406314015e-8,-0.0061064462981974595,0.00015376058470756908,8.927919055248263e-5,-3.6351286176649415e-7,-1.9446656833680535e-7,-0.0004796679325502538,0.0004351405374959006,-3.1255360291366496e-8,6.88633274354848e-7,1.5614455686220925e-5,-0.02455740107182659,1.963892005327779e-6,-2.160767836685365e-8,5.873738463725255e-5,0.0011540025194615637,0.0045451468202562986,-1.972430611659691e-9,-1.2758866643600023e-9,5.619650234170645e-7,-2.4222248637686166e-7,-3.937885874354149e-7,1.2278913001867617e-7,-0.013760861042090233,0.00023241242941205906,5.98344050661183e-10,-5.296091526369867e-6,2.8502573193620547e-5
0.0,0.0,0.0,0.0,0.0,0.0,0.0,0.0,0.0,0.0,0.0,0.0,0.0,0.0,0.0,0.0,0.0,0.0,0.0,0.0,0.0,0.0,0.0,0.0,0.0,0.0,0.0,0.0,0.0,0.0,0.0,0.0,0.0,0.0,0.0,0.0,0.0,0.0,0.0,0.0,0.0,0.0,0.0,0.0,0.0,0.0,0.0,0.0,0.0,0.0,0.0,0.0,0.0,0.0,0.0,0.0,0.0,0.0,0.0,0.0,0.0,0.0,0.0,0.0,0.0,0.0,0.0,0.0,0.0,0.0,0.0,0.0,0.0,0.0,0.0,0.0,0.0,0.0,0.0,0.0,0.0,0.0,0.0,0.0,0.0,0.0,0.0,0.0,0.0,0.0,0.0,0.0,0.0,0.0,0.0,0.0,0.0,0.0,0.0,0.0,0.0,0.0,0.0,0.0,0.0,0.0,0.0,0.0,0.0,0.0,0.0,0.0,0.0,0.0,0.0,0.0,0.0,0.0,0.0,0.0,0.0,0.0,0.0,0.0,0.0,0.0,0.0,0.0,0.0,0.0,0.0,0.0,0.0,0.0,0.0,0.0,0.0,0.0,0.0,0.0,0.0,0.0,0.0,0.0,0.0,0.0,0.0,0.0,0.0,0.0,0.0,0.0,0.0,0.0,0.0,0.0,0.0,0.0,0.0,0.0,0.0,0.0,0.0,0.0,0.0,0.0,0.0,0.0,0.0,0.0,0.0,0.0,0.0,0.0,0.0,0.0,0.0,0.0,0.0,0.0,0.0,0.0,0.0,0.0,0.0,0.0,0.0,0.0,0.0,0.0,0.0,0.0,0.0,0.0,0.0,0.0,0.0,0.0,0.0,0.0,0.0,0.0,0.0,0.0,0.0,0.0,0.0,0.0,0.0,0.0,0.0,0.0,0.0,0.0,0.0,0.0,0.0,0.0,0.0,0.0,0.0,0.0,0.0,0.0,0.0,0.0,0.0,0.0,0.0,0.0,0.0,0.0,0.0,0.0,0.0,0.0,0.0,0.0,0.0,0.0,0.0,0.0,0.0,0.0,0.0,0.0,0.0,0.13337147989634215,2.614937244038097e-8,2.513702415121098e-6,-1.291561609973219e-11,3.1250072666015447e-10,6.742567416994312e-12,8.930128804456471e-5,-6.739659751663976e-11,0.0016866142312444519,3.2793342157571787e-9,5.314379424978057e-9,0.0003747635960819767,-2.702701051429711e-5,-3.7670245605577237e-11,1.587025831989813e-7,-5.648391830607795e-6,-5.692776558497892e-6,-0.0026339356392505817,4.158582458006151e-12,0.032153939842115425,0.014254219434970024,0.00010833223455855233,-6.273894743377392e-7,-4.472598784771958e-10,7.009772399541171e-12,1.6072022575989575e-7,0.0022315572820581562,-0.00957944817329524,-1.9121240340882327e-7,-2.950931229567397e-11,0.0001133270312624726,6.364544053859794e-8,-0.0018985163555455414,4.39705575729134e-5,-9.50081026391816e-9,-0.002919005476174294,-5.5657495067251015e-12,2.9534463977313702e-8,7.88287355014019e-6,0.005231547390333119,-2.321239083413916e-9,0.015970201161699643,-4.470366348708277e-10,4.731060760050368e-5,-4.015429924132158e-12,-0.0004715358434525502,-0.006187875083129044,-6.04515038815382e-10,-4.4491056254313246e-7,-1.1392057891452512e-8,-2.3432704190943132e-11,-3.087652197243583e-10,0.0013553385517653227,-1.3193992566458192e-12,-2.7459680551241443e-12,-4.786786110165702e-7,0.002399698903526459,-1.010166172539817e-7,3.1645351794163684e-8,3.983929478319903e-9,5.42953112497835e-7,0.00023145497933739405,-2.7922792264340343e-5,-2.6700397027601814e-10,2.0181936147093764e-8,-2.522240164528697e-12,0.016800613123340115,-3.495836181803957e-13,-8.051513403221427e-6,7.691298546437134e-8,-0.0013864421839278633,5.0757928956411315e-5,-6.035775695148372e-13,-4.7758106040014244e-8,-8.54042472178639e-7,3.327005906278758e-10,0.00026264933884126364,1.834852572156589e-10,1.2661441747078713e-7,9.688366810769832e-5,-2.8133879605903126e-10,-0.02254489167512736,-1.4345275580761348e-12,-0.0031883622154172185,-5.5314993608505115e-9,9.711566433040112e-7,0.009608164420909525,4.07766186131361e-9,-1.0106021228509244e-10,1.0459022767948974e-6,-0.0013301924102251405,1.3755927395230246e-10,-0.015211660298324867,-5.12733918983023e-5,5.308783546352329e-7,-5.319587789631923e-6,1.9242477850926055e-11,0.004760392795790677,2.9005310619454805e-6,1.794872437348583e-11,-9.523910382592485e-9,7.090470432924088e-5,-0.002427446782697845,-3.1197542540259404e-9,-1.7905476389906083e-7,0.00040347392650168885,-0.008317328867797813,-1.765183016912163e-5,5.683355163923519e-8,-4.876589293893016e-9,7.420544692525193e-7,0.00015899598565742305,-2.0258302574402465e-7,-0.02701411570623464,-0.00021211502049366162,-0.0018568784903326024,-2.052296874587368e-10,5.043896455429777e-9,3.673669284729543e-11,-1.5202108515535034e-10,-2.1344053310101916e-5,-1.8929855408437312e-6,-0.00924228458896488,9.993858084307581e-8,-0.008977351477370521,5.675059733391776e-10,0.003291289460220136,5.026156680769424e-7,0.0003297167872515592,0.002644060496519026,7.853173808318711e-5,-0.004285968427003359,-4.233517079008528e-5,1.0031136125146145e-11,-0.007847542091473187,-0.0031163277240489964,-1.6145171657224785e-6,-3.3762448295404407e-10,-6.571075253734657e-6,-1.5068495066356578e-7,-1.8973916303405656e-12,-8.294984907513426e-7,-2.3556802112669525e-7,-3.819861591430733e-5,-2.226388374958898e-8,6.824694896578895e-8,6.65258801566726e-14,1.0213262534841943e-11,6.937542898593706e-7,5.3116925601382835e-11,-7.748706393645416e-13,-9.201912695688346e-5,0.007614833043204635,-0.025507947734019487,1.0765347920428206e-12,-0.00012151229793951289,-1.1072625218114695e-12,0.0027400049707928696,1.6637290320792928e-9,1.5287324844930698e-7,-5.293577460246383e-13,3.35097730805314e-7,-0.015613878166468297,-0.015562982640204327,0.0018669432845215906,-0.004448678205669094,0.0028486521892347625,6.67140125881735e-11,-0.00017415523515919708,-0.0005507984876929794,3.481758613032571e-8,0.0009141219508760732,-0.0003321922197451342,2.9229617583451516e-5,-1.2597679198557254e-12,1.7218367533305673e-6,-6.136218511227382e-9,7.171342856990299e-9,0.0026623996726711737,-2.7212069141741473e-10,-0.00043458111926137,-2.996772705912906e-10,0.08888841220116175,0.00730057414732666,-0.0004252898396545312,-4.308280791290623e-12,-0.00336219497339986,4.07586958244093e-9,3.442367243967897e-12,-0.004949375922438927,-8.519241657192697e-13,-1.700123231591498e-8,-8.47021359197897e-11,-5.8975722923652416e-5,-0.013797448902055646,0.0034175064295963588,-7.133063686456778e-7,-0.009553225706220336,4.205123779074364e-8,-0.01739852012562342,-7.617812077561852e-10,-0.008359500262934291,0.00012124136693246712,-0.0010018333159181963,-3.4810832602075515e-12,5.37070476608218e-12,-4.0149771998146933e-10,1.1890842112208143e-7,8.160768100806459e-5,-7.099042292429022e-10,-0.0033998774076090233,-7.181851436014409e-12,-8.136522345667976e-5,-0.0002406526813731279,-0.0008537175375410558,1.1096112530201334e-9,-0.021121410911163378,-6.5064897515088145e-12,9.54979607428265e-8,5.362810005490786e-11,-0.005697500542946057,-0.003399789060147918,-0.0021689195071952438,-1.7520776099257415e-11,-0.014440697021929525,-0.008605870274405375,-0.006752642755993981,0.00015856082372224365,1.1824056623741282e-11,-2.0078457134576905e-8,-2.9362703507253984e-10,0.005679123250776004,0.005100840098549875,0.0010250950765751136,-3.1544685549881135e-8,0.0010005934318649775,1.6408929295013095e-12,4.330600687452476e-8,5.649048716918143e-7,-5.738461973174461e-5,-3.996223646975734e-10,-4.9442005737154e-9,-0.0006685213543809777,0.0014628428234405675,-1.9962608166403902e-7,-3.0134292088184737e-8,-1.2231783094362156e-6,-3.1271330911610226e-6,3.282467338831729e-10,-5.660529126695983e-11,0.06938930001042998,-0.00020245068708175668,3.1915800164523823e-11,2.680484506449243e-6,-0.0015731473613333083,-1.8565337226508785e-5,5.5069300645705145e-8,-3.4768349046741015e-7,-1.8543588817593497e-10,1.4588080175615715e-8,2.3768141907958207e-11,-3.8630211623716066e-8,-0.025055351196854824,-1.4735528430598707e-8,-2.5052664202954384e-6,-1.829952611223599e-11,1.3637541509488967e-11,-2.6339603307626845e-6,0.020110890200117453,-2.7759315952638796e-12,6.536515550867316e-11,-2.7545391445609792e-11,7.986978982027141e-12,4.503965134703661e-8,-0.0003177886849310119,-0.00014348470407299667,-1.6332330430811005e-8,1.6981918852571618e-5,1.1735914577093296e-10,-1.639981979427985e-10,-1.1431759004443823e-11,1.3175689496191045e-9,1.7125675022643515e-7,-4.480502472687398e-12,-2.076164921403206e-10,2.533085794260787e-5,-0.00019280304058833723,4.025135220084762e-6,3.6647573246488007e-7,9.961357756711699e-12,-1.5698154414465548e-8,2.4081537180596984e-10,-7.649818495005104e-7,-3.444588652091306e-11,0.00010731454840732103,-3.16938416693242e-5,-1.8729963482424474e-10,-9.691090744541046e-7,-5.268501366221478e-10,8.313761534704123e-12,2.2364844562344662e-10,0.034238066075379,2.3824747472462055e-9,-1.07027042474811e-5,1.8520267276583774e-6,-6.1369010109298335e-12,3.1547140626229748e-12,1.0020177931256561e-8,-6.821470667194255e-11,3.7701975877516853e-8,0.007776188918805887,2.0139699829460793e-12,-0.00018925533195124597,0.004343814136445942,6.7807314825730546e-12,0.008699341195883132,2.8169220496649055e-6,-6.348384409540076e-12,2.719461821607425e-8,0.001304540723545132,6.17306530175001e-5,3.8266574738269276e-8,-4.22683875684277e-11,0.003220859014344486,0.001958981046921775,-5.614544499145143e-11,-0.00046126094845548766,2.7379505048604255e-8,-2.0435160260697247e-5,3.9626049298451403e-7,-1.1580550562974454e-6,-2.3376655807196533e-9,-3.681271541348074e-10,1.6800048496051604e-8,-4.271189597641505e-5,-5.1193539684772975e-6,-2.6879171780207266e-9,6.608549672894689e-10,3.2098029188398033e-11,0.0025872529669370955,0.0005703564048751243,-1.1895484791766036e-12,-7.188627187889474e-12,6.35404270589931e-8,2.3242647389890914e-13,7.78064893512304e-10,8.569547919619297e-8,-4.3008377474920787e-7,-7.166871514207111e-9,-8.442427517864979e-10,0.0007402854127380793,-2.7400379876558253e-7,-6.702481853726231e-13,0.0022837308601930967,1.4050636168011016e-7,-8.788467952514023e-7,1.3123581722039674e-5,8.171145491688229e-5,5.350121154153208e-12,1.967684966613111e-12,-0.0021400597367057335,0.008908419356240253,0.01362787525483709,-1.661974685709694e-8,6.902199006311021e-11,3.237362660689637e-10,-3.32504283657794e-5,4.359319852375918e-5,-0.0004405053279459441,-2.320798962769892e-5,0.0005489319944030718,5.311559324779963e-11,0.006112453883835843,-1.1335962927639717e-8,-2.8485846224565545e-8,-1.7788987196970386e-6,-0.00023247788747948154,3.2851341706689184e-8,-2.9073030032732176e-9,-2.086363796739839e-8,-0.02899071593259372,-6.056192304816278e-14,-1.8318064874987373e-6,-3.025840344195171e-10,-0.00035234187190769464,1.440082636988008e-10,-1.5491078124851246e-13,-0.001285822190959337,9.503440368958754e-8,-2.7683973661426098e-5,-0.000302179490230791,-1.9288552471686327e-6,2.309596657198724e-6,-8.122167795445538e-12,-0.00807363953748903,0.0012965803147446484,2.0911270751821075e-8,-5.600469692579625e-6,0.0029486190279513704,-3.5371004965240603e-7,-3.017065380202521e-5,7.032602090865459e-9,-7.676733975399558e-6,3.510263791219464e-11,3.277108400037057e-7,6.25099095356296e-5,-8.02702916571363e-12,-2.3358948157676422e-5,0.00559544884221552,-3.0570462224893922e-6,-1.8173666637757988e-11,-8.423412615237774e-11,-0.002006631213313447,-0.0007741863771113454,-6.214243014519391e-9,3.1057365549593816e-11,1.2053596247590606e-12,-1.256990684558452e-9,-7.228864189047244e-8,0.0010338476926060474,5.263482352144675e-7,-0.00117933350822749,-2.886553432959711e-12,3.6851637843785617e-6,-1.5690353037136521e-9,-5.031993775444667e-8,0.005060150250819284,-4.112741938184869e-6,-4.555446063354278e-10,1.0407349158855996e-7,-7.187340990691419e-6,-4.29841831979687e-6,-1.976032076556037e-10,-0.012575034577199327,0.0003183045010396829,1.1823893367384614e-9,3.8221914202516666e-8,-3.9519964969785873e-7,2.767156795144728e-8,-8.232572961183856e-12,6.757771644051219e-5,-1.0933555464962831e-7,-0.005283648899206471,0.0011107878681969803,1.486115536811281e-6,0.0037093916823909964,-1.2872866659092652e-9,3.0296812609781136e-11,-2.4711012601154202e-12,-9.824176177776772e-5,-1.3468602030123486e-6,-0.00011772224122650793,0.02093779071459298,-1.3309966966624186e-11,-1.3641141091750587e-6,5.318822408116222e-12,-4.327499580476237e-9,-1.877549743892229e-9,-2.0185983143746052e-10,-0.0008125653847578196,8.1273887691123e-10,0.00012399076368063144,1.2674138114891447e-5,0.000554642691391092,-1.7697520707786932e-14,0.005287756676329957,3.2662812222771827e-7,0.00011023595941865104,-0.0068050165736324416,-0.0408465285038661,5.237661014664573e-9,3.1615278272031106e-7,-5.4245801898155665e-12,-3.6759917374322583e-13,1.0900369344491797e-12,-0.0001557180880208628,1.0834429594724897e-11,1.2538984782014521e-5,-0.0007862451734829503,0.0004241152660675728,0.002151861307476697,-1.0589130568091372e-6,0.00012963199878097232,-6.398192576016883e-13,-1.1801351223267691e-5,0.00014254840080407343,-3.9510829477404925e-7,-0.003591561223327328,-0.025506958210359205,0.00421569054169595,-4.582716669973349e-12,-4.125830298758976e-5,3.0496125203936013e-9,-2.501107956046753e-6,-0.018862104174492706,2.71500926561898e-9,7.708326016972531e-10,1.3920015230161517e-5,-2.398089454988883e-13,2.1834446600612935e-7,-0.0019670865575150166,-7.140805136241442e-10,-3.8983434060356344e-8,-3.423653697585157e-8,2.960619942688563e-5,-1.9312770618125414e-7,0.0058240609201512545,8.738275673911066e-13,8.32610957360115e-8,-1.3670780956812332e-5,9.195035197025459e-10,-0.00483720339869825,-4.904472486254654e-10,-0.005718785753015953,-0.0008073417925819726,-0.012821545909617366,5.2510914685556777e-11,1.5823417461908526e-8,-2.4891458346323762e-8,1.1891701525089682e-7,-0.02558616945224355,1.862714605462513e-9,-3.0349804624271386e-11,1.5292637984948448e-6,-3.5302577797934778e-6,7.444607438178654e-11,7.914779618758597e-8,1.4296326863244615e-7,4.622356949984131e-5,0.0001073767269772893,-4.769134326831551e-12,-2.6377737224763927e-13,-0.00031097411823946915,-1.4677990069121695e-5,-2.4737586904134525e-7,-2.9204831148986215e-10,7.586616672124803e-7,-0.0003303044051399564,2.524475899577441e-7,1.5675387571914174e-9,5.4677631719448695e-9,-0.00027891718151664877,0.0003262407906004715,4.5100822800311474e-6,-7.124479894581635e-6,-8.11066864822925e-5,6.29717657160093e-5,5.927022871676015e-11,6.312782546526357e-12,0.02999390017531103,-4.165761533057439e-6,9.307158623419487e-13
0.0,0.0,0.0,0.0,0.0,0.0,0.0,0.0,0.0,0.0,0.0,0.0,0.0,0.0,0.0,0.0,0.0,0.0,0.0,0.0,0.0,0.0,0.0,0.0,0.0,0.0,0.0,0.0,0.0,0.0,0.0,0.0,0.0,0.0,0.0,0.0,0.0,0.0,0.0,0.0,0.0,0.0,0.0,0.0,0.0,0.0,0.0,0.0,0.0,0.0,0.0,0.0,0.0,0.0,0.0,0.0,0.0,0.0,0.0,0.0,0.0,0.0,0.0,0.0,0.0,0.0,0.0,0.0,0.0,0.0,0.0,0.0,0.0,0.0,0.0,0.0,0.0,0.0,0.0,0.0,0.0,0.0,0.0,0.0,0.0,0.0,0.0,0.0,0.0,0.0,0.0,0.0,0.0,0.0,0.0,0.0,0.0,0.0,0.0,0.0,0.0,0.0,0.0,0.0,0.0,0.0,0.0,0.0,0.0,0.0,0.0,0.0,0.0,0.0,0.0,0.0,0.0,0.0,0.0,0.0,0.0,0.0,0.0,0.0,0.0,0.0,0.0,0.0,0.0,0.0,0.0,0.0,0.0,0.0,0.0,0.0,0.0,0.0,0.0,0.0,0.0,0.0,0.0,0.0,0.0,0.0,0.0,0.0,0.0,0.0,0.0,0.0,0.0,0.0,0.0,0.0,0.0,0.0,0.0,0.0,0.0,0.0,0.0,0.0,0.0,0.0,0.0,0.0,0.0,0.0,0.0,0.0,0.0,0.0,0.0,0.0,0.0,0.0,0.0,0.0,0.0,0.0,0.0,0.0,0.0,0.0,0.0,0.0,0.0,0.0,0.0,0.0,0.0,0.0,0.0,0.0,0.0,0.0,0.0,0.0,0.0,0.0,0.0,0.0,0.0,0.0,0.0,0.0,0.0,0.0,0.0,0.0,0.0,0.0,0.0,0.0,0.0,0.0,0.0,0.0,0.0,0.0,0.0,0.0,0.0,0.0,0.0,0.0,0.0,0.0,0.0,0.0,0.0,0.0,0.0,0.0,0.0,0.0,0.0,0.0,0.0,0.0,0.0,0.0,0.0,0.0,0.0,0.0,0.13144207158821714,-1.877758906096633e-5,-9.620851169618716e-5,0.013369145480282748,2.4539507822524693e-5,7.691439919455495e-6,5.553935716219428e-5,-2.4620228194081144e-7,-0.004867626195574184,0.027413645163774664,1.7126024041987986e-6,-7.318515028610925e-6,5.0791637520500626e-5,0.0006546378581910856,-0.00017961594419417553,7.616760436454146e-5,-1.1547356307048175e-8,-3.3300811675152617e-6,1.1730845518330038e-8,1.60205072472363e-7,-1.2323419246096237e-6,-0.00037634390998074496,-0.00239520386442849,-4.052709275917227e-5,0.004120814197563473,1.715216418588443e-8,-1.3171970415045589e-8,0.0031768598442473922,-1.504739698906569e-5,-1.9656440996552133e-6,-0.0012668327054012937,-6.740509710427714e-7,7.25807064102016e-5,0.017952964847456707,6.181568316783736e-8,-8.01579241198793e-6,-0.001262768483599016,6.352551919014412e-5,2.660394558699013e-8,0.00293617395385008,-1.8678590853338563e-10,-0.0012264055832598463,1.0869860510397538e-7,-1.8705998247861527e-5,7.253653027741248e-7,6.175682158988533e-8,-0.008744358941546963,0.0010905272418988505,0.002422871420935367,-0.00023758957597313476,-0.002566785101183265,-3.928865235782215e-9,7.856156165772451e-6,-0.00014013136156924624,0.00022291269359797506,-1.0125672068778161e-8,0.00011995839400249923,0.009831220549426804,0.013123416542002145,0.0024691647227176885,7.41740035861115e-6,-3.157185763857134e-5,-0.0009754442562369457,-0.005491999585587975,-4.046225073794128e-6,-6.762165104452517e-9,-0.00027549443593489765,-9.403501205606722e-5,0.028130585446535916,-3.9451977396270026e-7,1.1978584140994682e-5,6.093325898806027e-6,-0.007594919801901249,-0.0002879161777566783,-0.029623740002635564,-1.9575793593259881e-7,0.00025645813299295453,0.003091169601588182,-6.455591877953924e-6,0.0005847151829004827,1.6415121225072778e-8,-9.824696912048135e-6,-2.1711324185054324e-8,0.016118268446895484,0.0003155674234399676,-3.2767338581135624e-9,0.022390601716648303,-0.00010588257093905786,0.0003614621853494169,-1.3300777019787252e-7,-0.003848019662608087,2.551643094214477e-8,5.000717342675724e-6,-0.000384970253235315,9.0849794841063e-5,7.110049790553392e-5,3.7300039421850514e-7,-8.674161542535298e-6,7.673661260924349e-5,0.009473234198644032,-2.0970590412777207e-6,1.9381754601380183e-8,-0.00882414121223249,0.0001843106837012673,5.208425366699687e-8,2.8212995833120197e-8,1.229985321344737e-5,-0.0039493807561956735,0.010582606184959929,-3.225695998471001e-5,-1.7765998750307033e-7,0.00022818512758450654,1.4555784893839967e-8,8.485260304828847e-7,2.1043591410903908e-7,0.00021418726009129785,-0.012755538470327652,0.0004408677003625159,-0.00038323455125328465,1.1049923647850485e-5,4.606252851516423e-5,4.151304052690994e-9,0.0014351425157612153,-9.247717754600135e-9,0.00041027256359385116,2.5267024444179395e-7,-0.0012620658669610678,-1.6573907801053944e-7,1.0526122544676242e-7,3.109194889562389e-6,4.630216491745573e-9,5.613133907499114e-6,3.2264555301007394e-5,-4.016602790231048e-9,7.279820132374086e-10,0.0003053254671606666,0.001487607716897295,-4.385586105122128e-5,0.0023284876875574196,1.3120069094403623e-5,8.028733559176615e-5,-2.2062375869861768e-5,-8.445091654121735e-8,0.005265578129287409,0.0013375814753830652,-1.1006525913826867e-6,-9.075474733249313e-6,0.0005321924617870577,4.4330919393645726e-5,1.3199175560310286e-5,7.715580210783019e-7,3.0393157689172415e-7,-1.037980068599001e-9,-1.5558088407162541e-6,2.7495864251727707e-6,1.243814278184254e-5,-6.671453121139389e-9,0.0039048512932225105,0.0008482729895618302,-4.041679276096592e-6,0.00010121595779669494,-3.85293822655521e-9,9.472274185918114e-9,-4.191296112000032e-9,6.168300457185032e-10,-6.695262638703144e-9,0.0008555856242879186,7.938949667858012e-6,1.3804003693004122e-6,-0.004263877134424891,6.584069274384069e-7,2.1772346528305466e-7,3.5502012393554356e-5,6.191897620411831e-7,-3.74840618646727e-6,-0.03171502167546087,-0.0030827817806706507,-4.896176539884906e-8,0.004630590732912096,-4.620975504654182e-7,-0.0010948036761525737,-3.6519812306198316e-9,-2.8823580279147096e-9,6.29203800274771e-8,-0.00010530692383041099,-4.88167872334003e-7,-0.003231989254871154,-6.6688412317773575e-6,1.94950874824014e-8,-2.6343181835601e-5,0.023644527131772577,-0.00027717246301075534,-3.204057253568391e-6,-2.8108230387709393e-8,1.3496556595108033e-8,-4.831009798569947e-6,-8.355171130592539e-10,0.008477463514440625,1.9667825414691756e-9,0.004327198118350157,-2.4017317139402816e-9,-1.4585238073515218e-6,-6.43873020133811e-7,-2.6026374214165983e-6,2.17169295087403e-5,-0.00021004920799864066,0.005732600738145118,-1.0213335553995579e-5,0.00039361797566241004,-5.9501071032608536e-8,-5.756987375514178e-5,-3.1937418954983527e-6,-7.949981199560062e-7,1.579931663030972e-7,0.002617118308384271,-1.1586073938614395e-8,-0.00010901961749898555,0.001289132652588488,0.00010428566936938897,-7.081112994884843e-9,3.821654039323704e-9,-1.7643316884932321e-9,1.2409586742370514e-5,2.4612504396539276e-8,2.234170720258182e-8,1.3239097013221987e-8,5.618144976929956e-7,2.896902581960887e-5,-0.005811292970832428,-0.0037403810140080405,2.6108900268139642e-8,2.05985287887895e-7,-8.984977187184617e-9,-0.00331181161172904,-1.676953240206058e-8,3.286228098805767e-6,-0.002461925862727312,0.0002556730770549788,-1.534176501219157e-8,-0.001643794214100007,-0.020072615272574396,-4.0497786760639307e-8,2.4461681233102085e-7,-0.0023365992078315766,-0.0007085420734832834,-0.0002900494047795004,-5.942386699331128e-6,0.000296559691833388,0.00020177197854501938,1.204315733125346e-9,-1.6648765445207575e-6,-4.221600926972727e-5,-0.0003723832237650641,-7.744366118503121e-7,6.325952697118138e-5,-0.004210886292181566,-2.5561279937288683e-5,-0.0003968150365065709,-0.02697219351145976,-0.006509616420621447,0.018450083079180477,-5.518165420875313e-9,-0.0028814515958378688,-5.723068500358357e-5,-4.5236491271567364e-5,3.970779769102179e-5,0.00018427031905476278,2.4763695306620016e-8,-6.668996735253349e-6,0.00047872471172761215,-7.69840570438711e-6,-0.0031833350683718098,0.011907949894515999,5.673171023091857e-8,1.371369251896152e-8,0.034675223952952736,2.3206442821008287e-5,0.012272271163380167,-0.0004170960457710722,0.0002056524380055322,0.0021459456667294705,-8.655546667971828e-5,-6.917164629703424e-6,-0.0005614298658665645,3.682672071920164e-5,-1.9671477008454207e-8,5.324995899569338e-5,6.520334339872492e-5,-0.00061156283583925,-0.003021897897886157,0.0006793853412701995,-0.00019222265783174614,-1.7803272014853993e-5,-2.7734360227650906e-6,-1.0731263698989275e-6,-0.0005873993398540815,8.601474591655104e-5,-0.0019232195792190491,4.327861626697977e-5,-0.001206118289040902,3.4731276674195813e-9,0.008943198718689734,-0.0001028968788968207,7.484698527199948e-5,4.429799215495396e-6,-8.324622715955314e-5,0.026342675165086423,-0.00011273138101780657,-5.172756697186128e-5,1.656061028962998e-8,7.732538656121994e-6,-1.8730774678538372e-7,1.5665388300182745e-8,8.875492124297316e-6,-1.6753598491579505e-8,-0.00025220222921537404,-0.013164749991761267,0.0659779338992045,3.3420965707579767e-9,-8.990787499492415e-6,0.0055930738095200565,-0.00023936818237641812,1.0071519512567972e-8,3.787687926822818e-8,-0.00018230198932282597,-3.730659141612792e-7,-0.003941841158882187,-5.3321877261738875e-6,0.00039570038841090465,7.564283775879637e-5,0.002123201936376279,-0.0019429363244895374,0.0929673495674926,3.5383529357200137e-7,4.840058490230266e-6,0.0023193685773050736,0.0018790705113762491,0.0009092803454584919,-1.302380831430575e-9,2.2062331958234547e-7,-9.113932181391094e-6,-8.545412402939194e-5,-0.0007261434759975763,3.3117704031090227e-7,0.0002453377573525963,0.017222065465627535,-0.0004854328023827837,0.0025808822820562287,-0.00116381397734144,-1.6775049521770118e-7,0.00015788640094634225,-2.083826406164464e-6,-1.4477555486653484e-9,0.0008180237127796783,-0.00011250104305466454,2.0128804948631456e-5,-5.772711857659647e-6,-3.4490471030142655e-5,6.410446678541941e-6,1.4236730716015076e-9,-2.8997514608998e-10,-4.412137663926063e-10,0.00032558922409268374,0.00016388834981751133,-0.00026921926642352334,-5.130880354777237e-6,4.689566561679204e-5,1.4219530444980315e-9,1.552992635364549e-5,6.24748506490771e-7,8.977696653238516e-5,-1.7541569713678346e-9,0.0616464589976747,-0.00010994285000825973,0.00021610655710943303,1.6522229870052257e-6,0.09092224851359808,-0.007469324584018605,0.005588991654487258,6.1664242973116514e-9,-1.8771154823571665e-6,1.7405206014350933e-7,-0.000888324233403099,5.224773042135171e-7,0.0004795025859594358,-1.9448132147264211e-7,3.374969681996879e-7,0.001523740243139248,2.664231720220294e-6,1.2263058151654398e-6,-1.130987948806148e-5,-1.732451232592648e-5,0.00019871505594894716,-6.801600996049609e-8,1.6874962986966122e-7,0.021139478901188658,-2.2442103051606572e-6,1.3930156144770385e-7,0.0007781332628592004,-2.866836191848505e-6,-0.010156735054048278,2.6193190738304936e-5,-2.7536469772423364e-6,6.857078614452683e-5,1.0524771134599694e-8,-1.4461374267651086e-5,1.5288094276944518e-7,-4.980803059849738e-10,6.77671977644641e-5,-4.0291554498276984e-5,-0.0005150351842880258,-6.833306582729874e-9,1.6438122778662282e-7,-0.0032922081476477083,-3.062788607485473e-5,-8.317633825110272e-5,0.000699715334536859,-0.001261675721848164,-1.452673157547743e-7,0.0006103947993544315,1.0864028965521401e-7,-2.0950567269253238e-6,8.508717822255016e-5,-0.019027354589251866,0.008400655712010333,9.119327925000915e-8,-2.4001506124719675e-6,-0.0021877724638535664,0.00038135248375688145,-2.497288312015283e-5,-5.480471684060451e-5,-0.0005205243557027565,-5.891193178249661e-8,-5.076416688745361e-7,0.00039870094697554723,0.0033269131244465853,-0.0002407122837303528,0.001474930034281934,6.112239627238647e-6,-9.556228859029516e-6,-0.006844695387388082,-7.152366201308379e-10,-5.131102852549292e-8,8.32372796535292e-6,2.7064197525812027e-8,-0.002114281500582604,-5.805997661813871e-5,-9.277466440130163e-6,1.4908185884798144e-7,-3.2026331251153556e-5,-7.607681926900645e-7,1.7567577696895397e-9,0.00047045800614892207,-0.0003422876161653902,3.563149532224452e-5,-0.0016510322898204402,7.158915866397639e-5,-0.0005580774646416507,-1.1038226537236226e-6,-0.004566960901585812,9.231606258851467e-6,-3.4999587491060863e-6,2.836997887809008e-7,8.78406562831599e-6,1.1912320837989559e-7,-0.0008571356115182312,-4.434270709488145e-6,2.893485070278995e-8,-1.679157666980423e-8,0.004659372165876115,0.003925849580272161,-1.208617992719095e-5,8.62226141225991e-6,9.827435330206693e-7,-2.5131979287284975e-6,5.425389862834626e-5,2.8985180593181578e-5,-1.8218824185030672e-7,3.3874613446333046e-6,-6.826237122166213e-9,-7.708368186246873e-5,2.196820308527066e-8,6.854178214975565e-6,-3.941517698180481e-6,-2.4029780232865658e-6,1.396973136251133e-5,-3.375033949404105e-8,3.4103372724548806e-9,-4.728772739594671e-8,-2.3105325767813343e-5,2.6767717795542227e-6,-0.008714422382391588,7.97608791649968e-5,-4.692650403872804e-9,-0.045251361412664864,0.0013017744852326096,3.065519562612311e-5,-5.679108223559955e-5,-1.7881296857436304e-5,2.072623497841924e-7,0.0024971600494945105,0.001259351628469482,0.005587495047486864,-1.219398815550858e-6,0.0006173567629173144,-1.4898922913764454e-8,0.0001472854225405792,-0.0007913140070530573,-1.1344737070330114e-5,0.012426741610459209,7.407386456209887e-9,-0.0012199973152150884,-3.367270822220914e-9,-6.80954041890907e-8,-2.161774489665123e-9,-0.0008065116118913551,0.0790672586053951,0.0021606727275254047,-0.001861485476848292,7.760106311944902e-9,0.002961055911865437,-0.00022071797252616883,4.966615954096922e-5,2.133688674955875e-7,2.8208806643514772e-5,0.0008623280316306574,-0.001515117664747868,4.2334720293973557e-7,-5.927394459133764e-6,-6.366437531217007e-5,-4.954237284269388e-6,-7.69361221957653e-7,9.721042948673068e-6,0.0008780298585631905,-0.003145005250382813,0.0003702622886276484,-1.7602780610944368e-6,0.0010146047270831928,-0.008315867290528163,-0.004854893936820046,-2.8576202590173418e-8,-2.9760228004409812e-8,1.30102739057907e-5,-2.3776251481407676e-6,2.735033323419385e-6,-1.1103598241273433e-6,-1.9358523338293704e-5,-1.4322615127288775e-6,8.07561074678201e-9,-0.0001198661422895563,7.039080440536177e-7
0.0,0.0,0.0,0.0,0.0,0.0,0.0,0.0,0.0,0.0,0.0,0.0,0.0,0.0,0.0,0.0,0.0,0.0,0.0,0.0,0.0,0.0,0.0,0.0,0.0,0.0,0.0,0.0,0.0,0.0,0.0,0.0,0.0,0.0,0.0,0.0,0.0,0.0,0.0,0.0,0.0,0.0,0.0,0.0,0.0,0.0,0.0,0.0,0.0,0.0,0.0,0.0,0.0,0.0,0.0,0.0,0.0,0.0,0.0,0.0,0.0,0.0,0.0,0.0,0.0,0.0,0.0,0.0,0.0,0.0,0.0,0.0,0.0,0.0,0.0,0.0,0.0,0.0,0.0,0.0,0.0,0.0,0.0,0.0,0.0,0.0,0.0,0.0,0.0,0.0,0.0,0.0,0.0,0.0,0.0,0.0,0.0,0.0,0.0,0.0,0.0,0.0,0.0,0.0,0.0,0.0,0.0,0.0,0.0,0.0,0.0,0.0,0.0,0.0,0.0,0.0,0.0,0.0,0.0,0.0,0.0,0.0,0.0,0.0,0.0,0.0,0.0,0.0,0.0,0.0,0.0,0.0,0.0,0.0,0.0,0.0,0.0,0.0,0.0,0.0,0.0,0.0,0.0,0.0,0.0,0.0,0.0,0.0,0.0,0.0,0.0,0.0,0.0,0.0,0.0,0.0,0.0,0.0,0.0,0.0,0.0,0.0,0.0,0.0,0.0,0.0,0.0,0.0,0.0,0.0,0.0,0.0,0.0,0.0,0.0,0.0,0.0,0.0,0.0,0.0,0.0,0.0,0.0,0.0,0.0,0.0,0.0,0.0,0.0,0.0,0.0,0.0,0.0,0.0,0.0,0.0,0.0,0.0,0.0,0.0,0.0,0.0,0.0,0.0,0.0,0.0,0.0,0.0,0.0,0.0,0.0,0.0,0.0,0.0,0.0,0.0,0.0,0.0,0.0,0.0,0.0,0.0,0.0,0.0,0.0,0.0,0.0,0.0,0.0,0.0,0.0,0.0,0.0,0.0,0.0,0.0,0.0,0.0,0.0,0.0,0.0,0.0,0.0,0.0,0.0,0.0,0.0,0.0,0.0,0.13049861020963335,-8.528009316504808e-8,8.369759894449702e-7,-6.7745104146029445e-9,0.006302147661543477,3.313299157472776e-9,0.0008364996805581243,1.874469542063138e-6,5.928530760374654e-6,-0.002897730328163931,-0.022330087001937615,2.2000997843679122e-8,1.2064057517916404e-5,0.0039357163057403876,-0.012226385621032714,2.6807886200676518e-5,1.5287751066083826e-9,0.00011515424834549363,3.9376154394900867e-5,0.004533253325145933,-0.0007516975671923096,-1.13279727142721e-6,-5.454605914411397e-9,-0.00037538791928317733,0.0001653584716749903,2.380245503942271e-5,-9.303820792905086e-5,-1.2024877756345481e-8,-0.02576588796922722,1.7232972349622555e-5,1.1266292825008495e-5,-0.037735546475177045,2.8309614145524224e-5,-0.0024255107200554992,-1.3397214931247467e-8,2.3699099277627902e-5,0.00045113777047270777,-0.0003699281420973853,3.257486061219354e-7,1.7138619202438046e-5,-5.227599962477833e-7,0.02234397513193182,-1.8001165543514567e-9,-0.010260644326092,-8.854201135354234e-5,-3.1481147639175923e-6,-0.0021655416859208713,6.6221913786416424e-6,9.347481543272556e-8,-6.135471773364631e-8,-1.4455760329547103e-5,-5.1811867092572845e-9,-1.706948234251725e-8,-0.005074519413292291,2.6671212858236814e-5,1.6392265296462158e-5,-3.2881573685961806e-5,1.6472776023662506e-6,-0.0004143794195160007,0.0024128390773311336,0.009206383641963514,-1.7822492213541506e-7,8.796072440003565e-7,4.7075152222211765e-9,1.4053341450456557e-5,-3.8246468848535015e-8,-0.00040590877896256683,-3.871434540501582e-5,0.0011693013476977354,0.007985557520161567,-1.7515729934848094e-9,-3.229574809316978e-5,0.0017585661771152446,7.523549567366951e-6,-0.004957192155602826,2.026014876240059e-7,-0.00014247856279880132,-0.031019993269286915,-1.158596137136712e-6,8.170129411334794e-5,-3.500018428887604e-10,0.00024221196333822475,2.523191284725007e-6,0.0010913902523230017,1.4431873683695284e-6,-1.933068627412189e-6,-6.951592323624942e-8,-0.002397368192742835,-0.0021668407293633533,-1.0166827989036099e-7,-2.0654443150295244e-5,0.004672382094176581,0.0004118288301888978,-0.0043464123739157335,-4.72938293483132e-9,-0.0009555357501136418,0.0013022033221493899,-1.4001457538536657e-8,-1.6579312958571833e-5,-0.005514926873782837,-9.774563620371758e-5,-2.1480235051374616e-6,-0.006735370222370105,0.0029826588984213443,-0.0005142671424318882,-0.042941892846333506,8.88738216563281e-5,4.543413757971065e-6,0.023944651664997634,0.015248037142765751,-0.0003318376321463702,-0.00018935647068516045,-0.0035384384343245183,-0.0006937481972236303,-1.5895308464399407e-6,3.383895950688466e-7,9.288877579332339e-8,-3.1389809807688195e-8,0.017828716834941267,-0.015807759778835813,-3.792161073541068e-5,-7.505141512139243e-6,0.00014147610127991848,-4.174643013067401e-7,0.00035795540008270695,0.0008527424301298346,-0.00014074360711304612,0.0006965942466881757,0.003650198263141192,-1.8402051842750917e-6,0.005608379838245298,3.490295624467515e-9,-3.5331449139891224e-5,-6.479710453277627e-6,-0.0034243742171179326,-2.3034459299975653e-7,0.010003827159776383,-6.92221880947516e-5,-5.658860092280534e-9,-0.0016226765178083407,-0.0015314344851586961,-0.0284723385834929,1.6997195289376636e-5,1.2231619226638067e-5,-1.4801739855445377e-9,1.688795971384198e-8,0.0005614181462752632,1.9584109228070173e-8,-5.577589616405435e-9,-0.00399020269537949,-7.954124796587027e-5,-4.5771851880407394e-5,-8.790407866494193e-10,0.00253915830578076,-9.226127930907205e-9,3.4410796124331116e-5,9.61215544297042e-7,-2.242942364714774e-5,-4.3993956650191785e-9,-5.332231073554061e-5,7.377450375931518e-6,-1.5854128847447127e-5,1.4274948593093856e-5,-1.6159418287511652e-5,3.6008997838824783e-5,4.221749909681462e-7,0.016514118225896702,-0.0001338264443934217,-4.1238859740732715e-5,-0.002629708418009932,-0.0006251793467535348,-0.017034311830485673,2.2049133740304225e-10,0.014890862812674254,2.5992581813562488e-5,0.0001607137859636897,-0.00019788150510134807,-2.9865748741505114e-6,0.004715900689036216,-2.9895431546086496e-7,-4.678821311675819e-7,-4.025801618981613e-5,-0.004016923911160339,2.96344377063727e-8,0.0006611349388580993,2.961098866501631e-6,2.1362807716062105e-9,-4.0507534642077447e-5,3.0268696869489654e-9,-2.8623996408108323e-6,-1.003592924787539e-7,-0.0069559246538285855,-0.00014216948602099655,-0.00039007261116625046,-0.0005112126230109867,9.474106504014253e-6,-5.293933815970064e-5,-1.0387429306217609e-5,3.009142391433207e-7,-0.00015761515518681053,0.004251678140709432,0.0017288973681821318,5.196464235888892e-9,-5.767841061865576e-9,-1.0465888658577112e-7,-0.00023313121430089086,0.0790716517069838,2.090877566471356e-6,0.00022273942567629977,-5.67370852955927e-9,0.017997512103673483,0.0026310514908782535,0.001929681750573067,-2.1388995784935876e-7,2.0225256980062913e-6,-1.6838456030736187e-8,-0.0006605822836453308,3.931169384600256e-8,8.510715339575925e-5,2.1995789425545526e-6,-5.497543064763506e-5,-2.235902439710182e-9,0.00013536522638928818,-2.4507469634939733e-5,3.170207685355823e-5,-1.7556360014195345e-5,-1.3189107339704317e-9,-9.129139870309579e-6,-8.940063015293192e-7,7.607003710778854e-5,-0.0004548325979652631,9.282668444298221e-6,-1.8272429763903908e-5,0.0005430568105898993,5.154074659682858e-10,1.7478114673793906e-5,0.00031284366090412135,-0.00013446264602414362,-5.316105724096421e-7,2.575304358774407e-6,0.0004766616628640149,0.0016302892721474914,-0.0002697007286638019,0.0002359276239136107,0.0014253250685874084,-0.01188561406742637,-4.901504165837652e-7,-1.429242637092048e-7,1.0193365523162851e-5,0.002156193745807066,1.7768291191392627e-8,0.0075204523569264775,0.0007283744541504174,0.0003880913881799151,3.603767500548194e-5,-0.014843050991730979,-4.919399007217288e-7,2.200112535862818e-5,-3.688265003904937e-6,-1.774345107468427e-5,-2.0137504296471668e-5,-0.0001011177364746108,0.019889674457891613,-7.357594250812866e-8,3.922112595642981e-9,-0.0070738213102874686,0.00011471855622137703,2.2209086657729943e-10,-7.155672505592551e-8,1.0949470740538441e-7,4.808581717350543e-7,-2.3327307143880112e-5,-4.391482502617264e-5,-0.0027259936390296538,3.5794751875495326e-6,0.0006458503981407135,-2.6464229114301e-7,2.0181253876310646e-8,1.3012835872316142e-8,1.2807984686986978e-6,-0.001751572442272084,-2.9843307607849144e-9,-1.688583601868395e-7,-0.0351524786593669,2.914364754755401e-6,-0.007296052799715156,4.755790330758759e-5,-9.775644909986577e-8,2.5345897481523288e-5,-1.2574753685329626e-7,0.0003415096510630242,-1.6372186046469934e-8,-0.0063848408433698975,-0.0014340417711149874,-1.209250819186558e-7,-0.0013589060903413516,-3.1335940795897234e-7,3.2572215542356165e-9,4.809002025912889e-8,-1.2604725278368679e-5,-1.6927594516263617e-6,0.00992728338344247,-0.0012946129015911473,6.684315368064948e-9,1.6846663795648184e-9,7.2579550308330556e-6,-5.058453272801622e-8,-0.0014399578211792407,0.0001248562377901559,-1.7632694197641296e-9,-0.0013036480395556362,-0.0005089261263596138,1.0437506278550676e-8,1.5587011520452332e-5,0.0027363113042193597,1.7656380372349463e-6,-8.146605888065508e-6,-1.9759725374832728e-5,0.0019050309374605736,-4.4466789124648544e-5,-6.709287423538127e-8,-1.3696621727186719e-5,0.0003042829913969141,-6.452836291895818e-8,-0.0022323669901290932,9.201128097335523e-6,0.01779341210305602,0.0010219053679216957,-0.0018349541178464327,-1.4865163743981081e-5,-1.720653524087348e-8,7.255325753695716e-6,0.02053434686987741,-0.013522983243524302,-1.7931457740043254e-6,4.643009513781779e-7,-9.838083029550195e-8,-1.2531026294804843e-6,-0.0007343718623558506,-6.733749004318009e-10,-3.849756492360957e-9,-4.2906481601627256e-5,-4.451193842429662e-10,6.694336385944541e-7,3.1457552404411344e-5,-0.00046219685973479584,1.0072808044928921e-5,-7.146634911540671e-6,0.0009856506516964904,-4.321990234811518e-6,-9.57861892345461e-10,2.59251720113611e-6,-0.00011192223949092453,9.696333154399517e-5,-0.026721245361933696,0.0009763618240805621,-1.3893905864112226e-8,1.0504087190839159e-9,-7.078514232176071e-6,5.968502696022449e-5,5.864430247729646e-6,-8.576190665936436e-5,7.356376347095106e-8,-9.020640737579934e-8,0.0021238686354261996,-0.009741319060016367,-1.0878172103479114e-5,0.011396142285526921,-0.0021971443903640356,2.3357084554195004e-7,1.172842547988378e-5,3.981253759746823e-7,0.00043457495177416997,-0.003910122246694463,-0.0003390553597034243,-2.9891795196588904e-5,-3.296725824494444e-6,2.991681005028413e-6,0.0001038987193342057,1.8295708028683483e-10,-0.0017401698544898942,-4.5909343705248395e-7,-0.006972479078710707,-4.159783983949434e-8,8.391023751903276e-11,-0.0012944490994850318,3.895553484872298e-5,0.004903385393505164,0.0031900258435892935,-0.00824999944781472,0.0007871481770488308,2.1563517958325823e-7,6.506522448746359e-5,-0.00019068265634636088,-3.735364061939591e-5,0.019319123247632033,-0.00019974242224015098,-0.0008879717307267866,-0.001254053066263408,7.529794156924579e-7,-0.017995740169791052,-1.2632986167926585e-8,0.00036941994424224836,-5.222813641995344e-5,-2.0739877254181103e-9,-0.0006082224115530342,1.0058432478088316e-6,-0.00343778056166791,-5.24318419479195e-9,-7.856569232724661e-8,-5.3111426898498004e-5,-0.0009182941519977602,5.8205422635432405e-6,1.6161375060106522e-8,6.077222118393976e-8,6.200520429962734e-7,1.513457826230902e-5,0.00037645551417233355,-0.0010773864614309265,0.0002159023396399354,1.5887107148051593e-10,-0.00028340831535093603,-4.942415164985301e-6,6.068859672079093e-6,9.321099479737635e-5,-0.0059913319266770605,-1.1683339551876091e-7,1.0465396181896679e-5,0.08150234357683314,0.005035726075648626,-1.277701512609062e-7,0.00013634330557812943,0.00152178879512259,4.5974946914922635e-7,0.00019038072961636107,-0.000520022871352474,-7.521001738398741e-6,-2.3981767904415715e-8,-0.022152738151914028,3.3448364409931425e-5,1.6550478678070976e-6,0.00032667252815624,-0.01921581219147157,0.00010393319061952504,3.097220848693212e-5,4.6074724820911535e-8,-7.66168379626385e-10,0.013751175426849937,-0.006488676194218505,-0.0006416550386301798,-3.0390818423154417e-6,1.3366979308269063e-7,0.00032819287006844285,-6.669941599022719e-10,1.415802482528363e-5,1.0044837022146534e-6,-2.1229245775011423e-8,0.002919968623274171,-9.611424456159117e-7,0.0007224532148179401,0.07372483322074747,0.0005049026015105239,-3.851089521805953e-9,-0.00014537194071914924,0.0006465618567043939,-0.020022786839978223,3.9474285871103253e-5,2.3817653226418407e-5,5.930309894759222e-5,-0.0007024361889122396,1.4100323191590188e-9,-3.8759250920108725e-9,-9.170571052770533e-10,0.009908687390384027,1.3037739191955892e-8,-0.023530457022042855,0.0021569777056299378,-0.001027246258606479,3.811129726971609e-5,0.0013939638873560077,3.519717891676615e-5,-3.195158729345809e-9,0.005652179655401853,0.0075151846604786295,-0.001487971588420527,-0.00022160525219846729,-3.872947919198021e-5,-3.0670035012759445e-5,-4.28184745836844e-9,-0.005240926811549026,2.2525074871122624e-7,-0.002151568403070983,-4.834836424347168e-5,8.056955856195754e-6,1.8238525112255088e-7,-0.015137249976049273,-5.9792892187419875e-9,0.0033418088197237116,-0.0015847459573068642,-1.5497904086130387e-6,-0.0001354122791884386,-6.657776325940395e-5,0.002189092729586105,-0.0003336980295580862,9.741030520803797e-6,5.010713041869853e-8,3.871780468880678e-5,0.06158444598729928,-1.2865417755300873e-6,-2.4170116642262893e-5,-4.0861745661061774e-7,-8.195375747170762e-5,-0.0010435256654356218,-1.2085986458657098e-5,6.996862811913574e-8,-1.0784556452152511e-5,-6.606555120534772e-5,0.00013149916319339582,-1.5343237269908916e-5,-2.063003480247778e-7,5.884331368418655e-8,-0.005195310082940355,0.0017620593033157463,2.0155511435428273e-8,-0.00011451082405769609,0.00022415582857265962,-0.0032464792896157047,-0.012525301809348697,-2.1272039248689147e-8,-7.840932587864219e-9,0.0009154995485080059,-0.0014206052081746432,-0.000830386858765565,9.67940952950447e-7,-0.00046870554978667206,0.003918085002274561,-5.280118450968966e-5,-1.7220493223836036e-6,1.9809657051394074e-6,-2.2255201663701322e-5,0.0005404146269882844,0.006529877773109226,-0.005785052774673431,0.010375779605926012,-0.022825218496638666,7.478454611572606e-8,8.301980448234782e-9,2.787036856993565e-5,-0.0004400556091099263,-1.8705788473410161e-10
0.0,0.0,0.0,0.0,0.0,0.0,0.0,0.0,0.0,0.0,0.0,0.0,0.0,0.0,0.0,0.0,0.0,0.0,0.0,0.0,0.0,0.0,0.0,0.0,0.0,0.0,0.0,0.0,0.0,0.0,0.0,0.0,0.0,0.0,0.0,0.0,0.0,0.0,0.0,0.0,0.0,0.0,0.0,0.0,0.0,0.0,0.0,0.0,0.0,0.0,0.0,0.0,0.0,0.0,0.0,0.0,0.0,0.0,0.0,0.0,0.0,0.0,0.0,0.0,0.0,0.0,0.0,0.0,0.0,0.0,0.0,0.0,0.0,0.0,0.0,0.0,0.0,0.0,0.0,0.0,0.0,0.0,0.0,0.0,0.0,0.0,0.0,0.0,0.0,0.0,0.0,0.0,0.0,0.0,0.0,0.0,0.0,0.0,0.0,0.0,0.0,0.0,0.0,0.0,0.0,0.0,0.0,0.0,0.0,0.0,0.0,0.0,0.0,0.0,0.0,0.0,0.0,0.0,0.0,0.0,0.0,0.0,0.0,0.0,0.0,0.0,0.0,0.0,0.0,0.0,0.0,0.0,0.0,0.0,0.0,0.0,0.0,0.0,0.0,0.0,0.0,0.0,0.0,0.0,0.0,0.0,0.0,0.0,0.0,0.0,0.0,0.0,0.0,0.0,0.0,0.0,0.0,0.0,0.0,0.0,0.0,0.0,0.0,0.0,0.0,0.0,0.0,0.0,0.0,0.0,0.0,0.0,0.0,0.0,0.0,0.0,0.0,0.0,0.0,0.0,0.0,0.0,0.0,0.0,0.0,0.0,0.0,0.0,0.0,0.0,0.0,0.0,0.0,0.0,0.0,0.0,0.0,0.0,0.0,0.0,0.0,0.0,0.0,0.0,0.0,0.0,0.0,0.0,0.0,0.0,0.0,0.0,0.0,0.0,0.0,0.0,0.0,0.0,0.0,0.0,0.0,0.0,0.0,0.0,0.0,0.0,0.0,0.0,0.0,0.0,0.0,0.0,0.0,0.0,0.0,0.0,0.0,0.0,0.0,0.0,0.0,0.0,0.0,0.0,0.0,0.0,0.0,0.0,0.0,0.0,0.12929247909187352,-0.000907346938989265,-0.0022271916002485426,5.766606953646716e-9,0.00796813542927698,7.077800740075379e-10,0.0011482040324585858,-0.0005659186913090136,-1.708543355799017e-8,7.199411926951253e-8,-0.009672908883847225,2.5076288648273227e-5,-1.6685171712686867e-7,6.072616611104828e-7,-5.976401930982096e-11,0.000979629048282125,1.647862261209298e-10,-5.218838906961487e-10,1.971493796165012e-9,9.31881933160892e-6,-0.0005229745104760956,-0.019491820018789633,2.1452463297249967e-6,3.9261638873283095e-11,2.0706100560108384e-11,6.957951606055499e-6,0.009905572913838773,-2.9479275138906697e-9,3.3999556336007055e-7,7.475246620279553e-10,3.2295463259837127e-7,3.0794935659943455e-5,-1.7860195912494958e-9,0.005846689574994511,0.00017299019385796658,-2.236708866906039e-7,-1.3887357930964181e-10,7.433503368826222e-5,-2.450238995730908e-11,0.0007604765809082948,-8.285247409030081e-8,-0.00011688742185810782,-7.223919973957032e-9,1.1272864090081765e-10,0.002500521937754577,2.2629835600455037e-6,2.0172742992873534e-5,0.0026166833456302226,0.0064702317363811105,-1.907873061011298e-11,-0.0004175193889645489,0.03786575446714836,1.1238495306257452e-6,1.5635354052471243e-11,-7.011289972353081e-6,5.625978409633977e-5,-0.001033478374797183,1.448388443914385e-6,2.2171172320359043e-8,6.574441092017051e-9,0.004226622156668579,0.00048373861155165583,-0.008017350292707018,8.901086021815171e-12,0.010094929324989111,-3.879771713678762e-7,-1.3866721807918178e-5,-8.54242474486013e-10,4.675859970288442e-9,0.016437542186990485,-4.3494251602707555e-5,2.376721863533232e-7,-0.00012143711050974632,-9.725222740107868e-9,-0.017376381227047634,1.22596616881978e-5,-2.4151880884617286e-8,0.0021854421445501883,6.65887852695091e-11,0.0026340136684056175,2.974646873775739e-10,4.908556024078043e-5,-1.5243439072155389e-6,1.0626706560047354e-12,-0.0005088799014313884,-0.024687024442312567,2.4735394582111927e-6,-2.0123176471967106e-9,0.0018636931635569998,-3.113288557584927e-11,-5.82683614844269e-9,2.727198463390718e-6,3.0838413129200086e-7,0.015449705970990366,2.2416062599741242e-10,-1.5540874733360153e-8,-0.0036164900438765365,-0.00010550057205902416,-4.017371146172181e-8,4.0737041916954454e-12,0.00033107805184762006,-6.353946524168372e-8,-6.641565925570081e-9,-3.023498979766754e-11,1.0035237069548612e-7,8.061020437372998e-6,2.6257272468094784e-5,-2.4814766186405423e-7,7.293557393206504e-9,1.4702193403700257e-5,-1.820661094035031e-10,-2.10006392214745e-9,-4.1091420840050656e-10,0.0013166400085627074,-0.00013374289734956811,-0.0057116051451553415,-0.0025724263846340946,2.5617058713767678e-8,5.848398749989172e-7,-1.670286424172666e-11,4.713574856672736e-5,9.295799151895638e-11,0.0015607094053792215,-4.184215191852468e-10,2.257890247652242e-6,-7.074591823283412e-9,6.821521550746625e-10,2.3430879016427846e-10,2.088582254754528e-11,-1.4610397041478268e-8,-0.002149996594734247,-3.6286993245346107e-11,-6.856571248626005e-14,8.041049574831153e-7,-0.0012595963318996603,-2.6036419790588973e-7,-4.567563862900772e-6,-0.0017086113674651604,7.092074109253865e-7,5.828971239328272e-7,8.911509843334413e-8,3.742840787767533e-5,5.222498462606059e-6,0.002276482351546138,-2.1508972494243257e-5,7.059286739617033e-8,-0.001135862657618074,-0.0006246906490205732,8.154389653372792e-9,-4.2949164225984725e-10,-1.4796933864140713e-11,0.0008164524960757496,2.1153442471977747e-9,0.0005468546106956237,-4.0049236396941846e-12,-0.0005926681000084703,7.290480933651824e-7,0.019045528973922473,1.4738134385729081e-6,5.156860800174547e-12,-1.4149194941220108e-11,1.0777732704209495e-11,-1.8899426426058654e-11,5.819008378365995e-12,-0.012854849671539931,1.4498383444041366e-8,-7.32641130793999e-10,2.056167077588834e-5,-8.00970806142845e-11,4.585951233407827e-10,7.277577748832833e-8,0.003264996787637349,-7.189537677736798e-8,-3.156588926822016e-5,-9.235943399380905e-6,2.0109416844395548e-11,0.0002524792994623574,-4.0366629595033147e-10,0.010668643688948098,-1.1003313684665649e-11,-1.9755840857859405e-11,-2.9407001279694738e-9,-0.0012580763346707092,7.440933973933227e-10,-0.000399906861814841,-0.0035223022520085028,-1.823838576261629e-11,-0.02417581876440638,0.0002733259835635317,0.08516506790160104,-3.712691259035231e-8,-1.487582345114451e-10,-1.9107003810898343e-10,-4.2082043624545e-7,-5.799020838683473e-12,5.567572663176839e-5,4.029331834890088e-12,-0.0034425551387738825,-2.0993212562381743e-10,1.963168541385475e-9,-1.8710403367349424e-9,-0.01220915727599836,-0.0004267161585457875,0.0009893698779807987,3.406154662708362e-6,-1.771612687309392e-8,0.00010386779779589032,1.0279307616882469e-10,-0.01104924530565611,9.185388616258591e-9,6.785715223965407e-10,1.0778507153421135e-10,0.004102082349462575,3.3489425245821804e-12,0.008789815646098192,7.814565938813157e-6,-0.0009210304515233574,3.092506370778605e-12,-1.3876828558283086e-11,1.0009671173200306e-10,0.00808059686816212,2.0379152784123414e-10,5.583488334307316e-11,2.729898429645884e-10,6.24112132824325e-10,0.0015390261734970565,-5.4973096671710625e-5,-0.00015073408318055795,-1.7631573209959204e-11,1.0440326187246637e-10,8.755212482413001e-12,1.8194406066229222e-6,3.845390528348893e-10,-0.0006682419117995137,-9.728390873156676e-6,-2.689864828403307e-6,-1.9956011298164258e-10,0.0029911430289888017,-7.751179113861928e-5,1.3314433587288696e-10,-3.808681654721774e-10,1.2810272367216786e-6,-9.165699161536362e-7,8.201010659989617e-8,1.3815580590994066e-8,0.0005574930251592128,-0.004566578493022377,3.109377761916487e-11,2.534028344867029e-9,-0.004575340928884844,-2.843023993638429e-7,1.6211200611361708e-9,-6.969982194760311e-8,4.549536256500737e-6,3.324756963356987e-7,-0.0033254052355322005,-2.498043546900036e-6,1.7805594475020974e-5,-6.572784306742544e-6,-1.9135467939342283e-11,7.616030549023401e-6,-2.9221809086236066e-7,-0.0017553145689962657,-0.0018898054956229284,3.830093311797442e-7,5.936038062476232e-11,-0.006442302866717741,-0.0029930931339596963,-0.03149074596120064,0.00011580826672649977,5.724067123991225e-5,-1.1142131180445074e-10,-2.9787602630140858e-9,4.7260732757960115e-5,-4.241468677038411e-9,-0.0002198492305026362,-0.008909577374961567,-0.020137412354983585,0.00015843784842402243,8.531986914697534e-7,0.0007724302632130131,0.001332008191329588,1.1355297624876058e-7,-5.468622736689953e-11,5.1990066895715556e-8,1.3177390627528318e-6,-0.0010344368476628628,-0.0001577476999231481,0.0027218481994360022,1.3376867846073442e-7,-0.000995968501668138,-1.0124435725845598e-8,-1.854603247083236e-8,-0.002469388080764759,1.2212797313773855e-6,0.0010901992492304093,0.01222460160887313,0.0032439783072093446,-3.05724629367717e-11,-0.00014940673525078944,-2.2658055922362284e-7,2.313694297140101e-7,-8.364047097607227e-6,0.033104950648284504,-0.00017646012911736602,-0.006349118234646914,5.186545148591507e-7,-1.7743676802746062e-10,4.422529477189774e-5,-6.802478820225096e-10,-3.083800812507069e-10,-0.0014181772821702365,1.0564412639322264e-11,-3.1133901243596055e-7,-0.00013210986777907884,-1.6873474212188823e-5,-9.083497696979361e-12,4.763397519596609e-9,9.081871459584782e-6,0.07044141109399298,-3.005678915058364e-11,-4.511033095732541e-13,0.08647742866790724,-2.636298348795682e-9,0.00023070180749665172,-1.1152371509453848e-7,-2.4650748835019994e-7,2.279264816508831e-6,-3.512329647025762e-6,0.005800133507361937,-6.30073883935374e-6,2.0302742192140296e-8,1.716325983794229e-8,0.00025861113848626446,-0.0015767766852228576,0.00024279493243643967,6.418753813059053e-12,7.504374528775923e-11,0.002318972493838065,-0.001753895417636896,-1.8653776028182997e-5,-0.0007478741621577531,-0.0019621388790927573,-2.0355275594270082e-5,-1.434571490604254e-6,8.143998339027155e-5,4.190744761250237e-5,1.8189959050452914e-10,-4.566072753851409e-8,0.0012236107385809577,-2.8300928757216664e-12,4.210968895734719e-6,-1.0552357914344318e-7,5.225785456045932e-8,-1.7404836322115e-8,0.006026477155732949,-0.005362658598006478,-2.2056755391149124e-12,2.6413495281685634e-11,-3.5527482900887268e-12,1.5227858116874178e-6,-0.0007066437423949122,0.005623568431265706,-1.0207937529830526e-8,5.414344573693769e-8,-6.644225567504491e-13,-1.7561056695283665e-8,-1.759732187382959e-10,0.00021831841441976614,1.7655683539928334e-11,-4.129887945559602e-5,-2.021032830824687e-6,1.3457914499010776e-6,3.7916862401888115e-10,0.00011537334836697834,0.0019809390862621733,-7.066083315467148e-5,1.4144197451450341e-10,0.0015555586971358081,-1.3908382281886468e-9,0.006459187878420641,-4.045372718615377e-9,0.0016440796486178744,-0.00148091517416506,-7.1194192839406e-10,2.5689541834079216e-6,-1.1663363419543917e-8,-1.1979661086986836e-9,1.7419312028702213e-7,-1.0276143488350448e-8,-0.012801043899918036,1.5205156428870956e-11,6.019349126351627e-10,-1.1111908550460535e-5,-3.896693569548449e-8,-1.26583163034028e-10,1.1188288246937233e-6,-8.198343544515408e-9,0.0003733729092686465,2.026675258619531e-7,-0.006725879068323263,-1.9625268945458257e-6,-5.0535182170927316e-12,-0.0009991795486298887,5.1211208391085626e-11,1.4427416668315152e-12,-8.81554298120658e-9,-0.0019471734327411432,0.006814372642684053,-1.0243869098659128e-10,-2.266338968984913e-10,-5.4906014764955384e-5,0.029292775999675304,0.0066675496036274805,-1.517657181643294e-5,-4.928901945579214e-6,4.4995357002201093e-10,2.6186998462004356e-6,3.9498847657183034e-10,0.0015471880123180339,5.0458339508018545e-8,0.0003750921867352866,-2.5676706295146534e-5,3.1636492105849793e-10,2.8889611705607077e-7,0.003997437240632627,2.960736673430866e-5,-4.5314461849719136e-8,-8.644886193489665e-8,0.0003119447753904096,1.2660777486713065e-10,1.334089656872418e-9,0.00028365753472886816,-2.1172880563853242e-5,4.663383370678173e-6,1.3506050900671902e-5,-0.008001433370973662,9.266667501130903e-10,-1.840131944757298e-5,2.9630085339001272e-12,1.810076328100681e-10,-9.960701626384382e-8,1.4493883020149734e-12,3.095219899140704e-5,-0.002305967303002058,-0.004604380610256378,2.0570499563917315e-8,-1.5383419768395104e-8,-4.696324606852518e-9,-2.2449510685906567e-11,-0.0016007801867425006,4.914289702494273e-7,0.0014171520035860577,-0.00031187204198253267,-7.6502000417612e-5,-0.01476434398656445,1.1305067425249804e-9,0.0006667576438073717,2.1118478492959144e-8,4.678680649303017e-8,6.364076194073635e-10,-0.00024319476453963133,-3.4261704666136855e-10,-2.3891151293868106e-6,-1.414245451654576e-8,-7.776620833613015e-12,1.1374296595228705e-11,1.766060003276429e-5,1.2426177643445626e-5,-0.008187147899848717,-0.0009336913146200866,0.006906900487752088,-1.4056340019093417e-8,-0.029568467292030613,1.1569311481538173e-7,-8.437388727248678e-10,-1.6367003018490373e-8,3.9407653506764995e-11,-4.125621444185961e-7,7.946096311960649e-11,-0.00047191496707883854,-2.0705784168788382e-8,-1.4019646140626892e-8,1.0675880659166664e-6,-4.37437535084951e-11,4.284715457114853e-12,6.370926503197887e-12,0.005989365919691787,-1.0817256002643423e-8,0.0008841646608414277,-3.310075924590723e-7,-3.1532471996868984e-11,-5.727999659631603e-5,-3.564839407848587e-5,2.687164959975371e-7,-0.009807512533809076,-8.292678558175079e-8,-1.0438115488323668e-9,-0.00039897369849703246,-9.57725827674501e-8,1.0547755651873535e-5,7.484075932615881e-10,7.698512225723285e-6,7.20161887381654e-12,-0.020327217399327455,5.875060800223186e-7,2.8802452127144874e-8,-0.00014928376823882924,-2.2079970697643788e-11,-0.0022280088208458757,-9.620198838372826e-11,9.560394793835323e-11,-1.2419919847141863e-11,0.0041527637141195745,0.00010094510430824247,-4.719219802462665e-6,5.311760311315853e-6,-4.868143913329646e-12,5.135042167808924e-5,0.0026912488708506353,4.1370138428429586e-7,2.044496508581501e-9,0.003556078113547133,1.1713985018304691e-5,-6.367292105676509e-7,-5.394156630454955e-8,-3.0627673774092604e-8,0.03432707348226009,0.004632589713677066,2.0416892377863796e-9,4.684712472360165e-8,1.5554303466189851e-6,-0.00019580969348582277,6.623691032226952e-7,2.9497741572457902e-9,2.815797045072785e-6,-4.094645008087608e-5,0.0007051252226788811,-2.321593432768363e-12,3.759915739629205e-10,-5.65003341539136e-9,-5.805278917730756e-9,-3.502220148833198e-8,-2.4953259660342967e-9,0.0021307869093270893,0.004418524676864623,5.480841011895356e-11,-2.8480765813211415e-8,0.0012927054911242512
0.0,0.0,0.0,0.0,0.0,0.0,0.0,0.0,0.0,0.0,0.0,0.0,0.0,0.0,0.0,0.0,0.0,0.0,0.0,0.0,0.0,0.0,0.0,0.0,0.0,0.0,0.0,0.0,0.0,0.0,0.0,0.0,0.0,0.0,0.0,0.0,0.0,0.0,0.0,0.0,0.0,0.0,0.0,0.0,0.0,0.0,0.0,0.0,0.0,0.0,0.0,0.0,0.0,0.0,0.0,0.0,0.0,0.0,0.0,0.0,0.0,0.0,0.0,0.0,0.0,0.0,0.0,0.0,0.0,0.0,0.0,0.0,0.0,0.0,0.0,0.0,0.0,0.0,0.0,0.0,0.0,0.0,0.0,0.0,0.0,0.0,0.0,0.0,0.0,0.0,0.0,0.0,0.0,0.0,0.0,0.0,0.0,0.0,0.0,0.0,0.0,0.0,0.0,0.0,0.0,0.0,0.0,0.0,0.0,0.0,0.0,0.0,0.0,0.0,0.0,0.0,0.0,0.0,0.0,0.0,0.0,0.0,0.0,0.0,0.0,0.0,0.0,0.0,0.0,0.0,0.0,0.0,0.0,0.0,0.0,0.0,0.0,0.0,0.0,0.0,0.0,0.0,0.0,0.0,0.0,0.0,0.0,0.0,0.0,0.0,0.0,0.0,0.0,0.0,0.0,0.0,0.0,0.0,0.0,0.0,0.0,0.0,0.0,0.0,0.0,0.0,0.0,0.0,0.0,0.0,0.0,0.0,0.0,0.0,0.0,0.0,0.0,0.0,0.0,0.0,0.0,0.0,0.0,0.0,0.0,0.0,0.0,0.0,0.0,0.0,0.0,0.0,0.0,0.0,0.0,0.0,0.0,0.0,0.0,0.0,0.0,0.0,0.0,0.0,0.0,0.0,0.0,0.0,0.0,0.0,0.0,0.0,0.0,0.0,0.0,0.0,0.0,0.0,0.0,0.0,0.0,0.0,0.0,0.0,0.0,0.0,0.0,0.0,0.0,0.0,0.0,0.0,0.0,0.0,0.0,0.0,0.0,0.0,0.0,0.0,0.0,0.0,0.0,0.0,0.0,0.0,0.0,0.0,0.0,0.0,0.0,0.12912930735703032,8.129874623521183e-5,-7.352129362480866e-7,0.0037834413450648146,-1.818003205031298e-8,-0.0022366747075464287,0.007216366473020137,1.8868328677539514e-7,4.0656195390050153e-7,0.0040778671517790665,-0.0025175939414268777,8.87251321689537e-6,-7.961348600507643e-6,2.3503057096928596e-9,-2.8371314648906495e-5,-3.795409487062683e-9,1.4109783380792688e-8,-1.4012385693968214e-8,-0.00033153229260646173,-0.006564622332976805,-0.0002471920922937287,-0.0005549693880999817,-7.333129764458668e-9,-4.539173863969546e-10,7.274206955621513e-5,0.0004132553782274668,1.3587838575302858e-6,0.0009666085148214212,3.177607879035481e-8,-2.6030778075671574e-6,-0.002837065798715988,-5.205510338547863e-8,-0.0001323810690858058,0.0015787518319528792,-5.7151960322627385e-6,6.887844564353103e-9,0.01034378333078014,6.913494164781294e-9,0.008518873319861299,1.1913108912865448e-6,6.404139006422077e-5,2.05947567299423e-7,-6.247804096378365e-9,-0.0033768794027689273,-8.815931556296356e-5,-0.002917287325243147,-0.0015172668190390232,-0.0061432404698003595,6.876389175998544e-10,2.2573219715535342e-5,0.0005892999865804401,1.531487575630167e-6,3.8096232041766654e-10,-0.0014099523046680524,0.00010911626484863119,0.048873006747309905,-0.0007425462359297738,-7.717869724791299e-7,1.508151532305111e-6,0.0008763549511067464,-0.0013118852191257972,1.4248425833368187e-6,2.5420976564466784e-10,-0.00024581495339668903,-8.264328964897936e-6,-0.003237196865079381,1.4168423123420324e-7,3.161125019082495e-7,9.849758969657715e-5,-0.001563182686887575,2.8881526437055634e-5,0.017750514324222432,2.2918692340688957e-7,-0.0016019474323652754,0.00017484987300895176,2.678799231203001e-7,0.003170575476440759,-4.025785044400323e-9,-9.350515169008366e-6,-1.9901329310002068e-8,-0.0024116015145521424,-0.00020378330289631407,1.3912522181590925e-9,0.04442442776642856,0.0020440068863092718,1.710240299668474e-5,5.546822990364905e-8,-0.06166358669185383,-2.12059329721892e-9,1.0953113410307338e-6,-0.00010417906371053501,-8.321157096980134e-6,0.0008654079291418834,-6.350446400948101e-8,-2.657367767051941e-6,-0.0002492826864936352,-0.0018581643535324122,1.8432503656715921e-6,-2.041250613054322e-9,-0.0029392120055023695,-7.201735033466599e-6,5.666519527778477e-7,-9.768642051972489e-9,-1.6584972481217678e-6,-0.0007116666084530089,0.022200123857856236,2.942869492790033e-6,1.0007982651563844e-7,-8.082090216360966e-5,1.3017876150182035e-9,5.7604756428399625e-8,-2.4226751090946248e-8,0.011051305698414756,0.0028780451429440586,-0.001995153768256071,0.0005988268608879768,-2.8299215184283176e-6,2.0069014297921757e-5,-1.4962682818831993e-9,-0.002078344832729321,-1.8385872208263139e-10,-0.0018955721980275296,-1.771991407259997e-8,-5.417250512049139e-5,2.3675716516266968e-7,-1.1909106439481203e-8,-7.658920299332753e-8,-9.852701881034588e-10,1.5253221316434873e-6,0.00016579158708455457,1.6279079886976903e-9,-1.5134479264871933e-10,2.3712819426687612e-5,-9.795380971065137e-5,1.9370792164437657e-6,-0.00045307247772814795,0.00035480274664205155,6.598649200150172e-5,-1.802255732780901e-5,-1.753724294077556e-6,0.004841349688898178,8.455995864729747e-6,1.663404904616932e-5,-0.0005079556755149485,-4.9626964354852655e-5,-0.0007077298632224601,4.6306276435043225e-5,-3.68076875447457e-7,-1.1342666782520796e-9,-1.2943620268288338e-9,-1.618478873153055e-5,-2.571685536861313e-7,4.5197369212498595e-5,5.160805926973692e-10,-0.0005424463074760547,-0.0002890813588738939,4.568368900786396e-5,-0.000283088741825399,1.285435910136444e-10,-2.1162250202071843e-9,3.6338654938380304e-11,3.2951935184423657e-10,3.302017503283333e-10,0.007117165678342926,-9.452599245849057e-7,-2.125036829451186e-7,0.0004512295917576243,4.929747439984332e-8,6.219879347532402e-9,-2.75558417100569e-6,2.7450263516032088e-5,1.0858742524173209e-6,-0.004200777029696981,0.0008885762245619032,2.2324812407807132e-8,-0.03736185415907434,-2.38510959728922e-7,0.0019310924338348462,1.25361108082896e-9,4.143580075678693e-9,8.428534862206764e-8,-0.0011060039609413499,3.520979319574781e-9,-0.0004187009041561804,-9.598810462051912e-5,-1.5907248026885363e-9,-0.00043366604028196166,-0.006345906702081789,-0.0005257995934579824,-1.1196470899529767e-6,2.6871100209839528e-9,-5.362822145845077e-12,2.0900068111784333e-5,4.695084622283466e-10,-0.0006168926551076843,-1.3339699358123386e-9,0.0022154725199802407,7.151404573760439e-10,1.1484429274394764e-7,2.1525172962828682e-7,-5.967037276217846e-5,5.5726083734165355e-5,-0.0021623702641665435,-0.0006284396417466755,3.358107323997674e-7,0.0022282233132195086,4.039945708955585e-9,-0.000290535787309663,-4.155251845426693e-7,8.327591835958788e-8,-1.9295129375860816e-7,-0.0037735569530713826,-7.380443264875034e-10,0.00024929436190937053,-0.0002762253004954009,-0.0001782985037989099,-1.0141273113990512e-8,3.279295193097472e-10,-3.034728002073046e-9,-5.8019249394117236e-5,-5.337978769604563e-9,-8.483833743807226e-9,-3.811029235705782e-9,-1.0649227310668856e-7,0.0002929651569159787,0.0006953838924104104,-0.02949133452198323,-1.8192851871855669e-9,-2.387972010784855e-8,4.635645379364821e-11,0.001297860957987043,-2.2760576421228285e-8,-6.266559877167026e-6,-0.002264619249398362,6.177623788676075e-5,-1.6685514323920694e-8,0.0002258958909334618,-0.02594556539603344,4.4269174236607954e-8,-1.107787673719817e-8,0.0006235263817963243,5.249267129280477e-5,2.603423552973591e-5,-3.4917155778477767e-6,-0.012116308005291142,-0.001155902567807367,2.637103502985071e-10,1.105172343157451e-8,-0.0007104262240074063,2.9042418861827934e-5,2.2655662153717626e-8,-1.1775058639282163e-6,0.0013516720156842327,-1.7154335704011655e-6,0.009282138413733008,-0.007482587449728261,0.0014816004902244901,-0.0028247048250879003,9.905629778065575e-10,0.00015752983889175758,4.115579149732474e-6,-0.0007242079791431665,0.0001477233559355,9.737779425342522e-6,-6.141292809693229e-9,-5.389497999160815e-5,0.0035632080745801173,0.001193700663026367,-0.005852031947749042,-0.003410241154955738,-1.0848338675537678e-9,1.1593616826442021e-7,0.007053479359566721,4.4426988445831435e-6,0.05994012650254343,0.0013382951332587068,0.00017550795363066224,-0.007774232914772214,3.545644688221596e-5,-7.567170660940914e-5,0.0030680302157410667,6.936926488820618e-7,3.372406941470688e-9,-9.490178892334059e-7,-0.00028338219103244403,0.0005539428006853373,0.001232947786136865,-0.0005457346228767705,-5.480946127143781e-5,0.0002518319394761567,-3.772312707711497e-7,-2.969777515879674e-7,-0.0015165295373736599,-3.573787257574233e-5,-0.022277633220460624,0.0007680471002152275,0.0001618147287002706,8.284839886459925e-10,0.016593647586960487,9.764866265033195e-6,3.6124300386420957e-6,0.0005176881282087793,-0.00012670311151373052,-0.0282881121717048,0.0009630540285505588,-2.4608820136927523e-5,7.912998324220494e-9,3.043422494115674e-5,3.485080793058192e-8,5.553772810318251e-9,7.864834815519567e-6,1.7585040609041206e-9,2.1255132393601323e-5,0.0034456836799898554,0.0023359468365188284,1.1910889589516127e-9,2.0705325250465374e-7,-0.0009560198316365342,-2.774368580700326e-5,2.211320832572849e-9,-7.204844439979605e-9,7.709492360700394e-5,5.951605665915712e-8,-0.0006553250587889882,1.608730749024071e-6,-6.220318587340356e-5,-4.011377639173062e-5,-0.0049074916890409406,-0.005418277371309303,-0.014635026066777619,-6.691774533262626e-7,-6.848055301160243e-8,0.007773359402679152,0.006186939151803255,0.009815244281153056,-3.219598200765781e-10,8.5670209896328e-8,1.277327412142273e-5,-1.3740798516316404e-5,-0.0022611977796555883,-1.6233441444926836e-5,-0.01723212964390347,-0.0018955665783049257,0.00033143196093428286,0.0036201653156727456,0.0028175840982405573,-3.4835730448802626e-8,2.010829658568243e-5,-3.193579499971472e-5,1.7646057705184907e-10,6.818574380175008e-5,-5.702800472746715e-7,-7.975358492987403e-7,1.8188730527160505e-6,-1.286433140245762e-5,-1.7543183401999247e-5,-5.2938208123670927e-11,-9.479954731027929e-10,9.2531859698213e-10,0.0010461686149746345,0.004367462176882086,-0.0038032450251157053,1.4388776028093169e-6,-1.8262427390523893e-6,-1.123068592407861e-10,-1.431923301249035e-6,-1.6277437716033688e-8,-0.004153876425390538,-1.3804963554912517e-10,0.003520416783164195,0.0001175207629308595,6.292280349194533e-6,-1.0221104897144801e-7,0.00810031297365251,0.004702010222609293,-0.0027877884768361784,-4.305688468467571e-9,1.4397197288801086e-5,3.107154211314711e-8,0.0037189897747923603,1.292992550388243e-7,-0.002876668442521293,-1.6376672595906393e-5,-1.166217844994684e-7,-0.0002466912084527499,-5.817565046458015e-7,-3.0397618704648775e-7,1.040339422571821e-6,9.405082378156617e-6,-0.002122364566997262,2.8003389677434584e-9,-4.5233269936545955e-8,-0.0013305211163736892,9.529588957858995e-7,2.113521688860022e-9,-9.215385793828787e-5,1.2928073743953654e-7,0.0006292176351775154,-6.1466838219670215e-6,-0.0007485981407552836,-0.00014610950667650214,7.537315726717646e-10,9.656482822314773e-5,-2.6381971257772377e-8,2.2102298627856143e-11,2.2625748422285678e-6,0.00013356409366089533,0.0008843758536112104,6.910576847357343e-9,-1.0679312221955959e-8,0.018409419767367347,-0.00017753908690403388,6.901905149409142e-5,-0.0027717850711095147,-0.0008157898801580222,-7.271412947949361e-9,4.07777176253e-5,-1.3517601754366721e-8,1.0256946688815496e-5,-1.5057660500632896e-6,-0.03200259381011878,0.002186837313895286,-2.1958222335219367e-9,8.160750482769408e-7,-0.006251319417002298,-0.002560009368216339,-1.9222980751037717e-7,2.4413996560895895e-6,0.004353586434211289,-4.924425275331961e-9,1.253547880814871e-8,-0.005039050433389094,3.156273926309995e-5,2.0074720404727498e-5,0.0016880525316066257,-0.00016236882539587293,1.7915941524292124e-6,-0.00041352453499388065,2.5388005768028024e-10,2.183696617110633e-9,3.3600088215965926e-6,-8.985924452048429e-9,0.002778561718887715,-0.000842237227103939,5.9968553408446624e-5,-4.924291019879398e-7,1.5643339450547528e-6,1.6142583654348132e-7,1.134268933920873e-9,-0.0004841480957129958,2.8262420000795615e-5,0.00047943082994643545,-0.00033458122527725277,-0.012281478847392937,0.002944916284153653,-7.685808090184905e-9,-0.004919679794774393,-6.291499338734592e-7,-1.0236994648958832e-6,-1.0686250955638857e-8,6.0871392320132314e-5,7.333306258574621e-9,5.863124004176396e-5,4.2372503699690213e-7,-2.4455946226796726e-9,3.4704454362656833e-9,-0.0017826493590260425,-0.0006115665261025657,-8.663546365952825e-5,2.1122834217139285e-5,1.2114164119793183e-5,6.74140618744206e-7,7.773850834816401e-5,5.484595786816529e-7,-7.438537538631611e-9,1.2597994139115695e-7,8.214754779307972e-11,1.1584760796662785e-5,1.465271462598125e-8,2.21270537203161e-5,-1.9010956915827818e-6,4.944322608538619e-7,1.8798037650951603e-5,-5.530241118311352e-10,-3.2589308681783646e-9,8.95263349655544e-9,-8.053783117535308e-5,6.971590720713581e-7,-0.0027319976171222304,2.9124297241709834e-5,2.431262537913081e-10,0.006050314024946148,-0.01582026821548838,-3.6574762421333307e-6,-0.0001588423404709571,4.456856375951266e-6,-1.644163535038561e-8,0.013123727514588077,7.721233172646522e-5,-0.0004813501825535005,-6.430863243372268e-9,-0.00011096216132032099,8.023719440734989e-10,0.002351782687189705,-0.0003705029831985436,-9.13961407391452e-7,0.009234074516443369,-4.704067496176636e-9,0.0036606163628126816,4.0048595991709715e-9,-1.593791874104672e-8,8.036620917741158e-10,-0.0018959171031677812,0.011379058321885203,-0.0006386089859232786,-0.0004252736181703982,-2.598269490736141e-9,-0.004439020923016479,-0.0013558250204616922,1.2461476028109615e-5,4.511346448719206e-9,0.00029872748537604804,0.0001366528227147249,0.0006588474109881222,1.3539297320393556e-6,1.9091861913077142e-6,-0.00040016983802394345,-0.00010222443596621312,1.9780330676289613e-8,-2.1641799451461767e-6,-6.324636326863414e-5,-0.037596783511245624,-0.0001029687557143429,-1.4246580195579114e-8,-0.00020663680719630538,0.00031777642555452985,0.0004335480445257206,6.572925297503232e-9,-1.8874930630161384e-8,8.611663119812434e-7,-3.654867177660343e-7,1.6772202503616747e-7,3.2303056855894603e-7,-0.0008617512656172143,0.00019694039712813037,-2.398351125828374e-9,2.8449764106228628e-6,-1.1270130799199678e-5
0.0,0.0,0.0,0.0,0.0,0.0,0.0,0.0,0.0,0.0,0.0,0.0,0.0,0.0,0.0,0.0,0.0,0.0,0.0,0.0,0.0,0.0,0.0,0.0,0.0,0.0,0.0,0.0,0.0,0.0,0.0,0.0,0.0,0.0,0.0,0.0,0.0,0.0,0.0,0.0,0.0,0.0,0.0,0.0,0.0,0.0,0.0,0.0,0.0,0.0,0.0,0.0,0.0,0.0,0.0,0.0,0.0,0.0,0.0,0.0,0.0,0.0,0.0,0.0,0.0,0.0,0.0,0.0,0.0,0.0,0.0,0.0,0.0,0.0,0.0,0.0,0.0,0.0,0.0,0.0,0.0,0.0,0.0,0.0,0.0,0.0,0.0,0.0,0.0,0.0,0.0,0.0,0.0,0.0,0.0,0.0,0.0,0.0,0.0,0.0,0.0,0.0,0.0,0.0,0.0,0.0,0.0,0.0,0.0,0.0,0.0,0.0,0.0,0.0,0.0,0.0,0.0,0.0,0.0,0.0,0.0,0.0,0.0,0.0,0.0,0.0,0.0,0.0,0.0,0.0,0.0,0.0,0.0,0.0,0.0,0.0,0.0,0.0,0.0,0.0,0.0,0.0,0.0,0.0,0.0,0.0,0.0,0.0,0.0,0.0,0.0,0.0,0.0,0.0,0.0,0.0,0.0,0.0,0.0,0.0,0.0,0.0,0.0,0.0,0.0,0.0,0.0,0.0,0.0,0.0,0.0,0.0,0.0,0.0,0.0,0.0,0.0,0.0,0.0,0.0,0.0,0.0,0.0,0.0,0.0,0.0,0.0,0.0,0.0,0.0,0.0,0.0,0.0,0.0,0.0,0.0,0.0,0.0,0.0,0.0,0.0,0.0,0.0,0.0,0.0,0.0,0.0,0.0,0.0,0.0,0.0,0.0,0.0,0.0,0.0,0.0,0.0,0.0,0.0,0.0,0.0,0.0,0.0,0.0,0.0,0.0,0.0,0.0,0.0,0.0,0.0,0.0,0.0,0.0,0.0,0.0,0.0,0.0,0.0,0.0,0.0,0.0,0.0,0.0,0.0,0.0,0.0,0.0,0.0,0.0,0.0,0.0,0.12912528351317457,-4.4207568252433755e-10,-0.0006963802666067193,-1.1107178617774067e-10,3.723167097959608e-5,0.00012964506095992315,-4.55331727309008e-10,1.7912080307110338e-8,-0.00021492073605792566,5.721255019829046e-6,-3.656471569199555e-8,-1.2883689833184562e-7,-2.577470435440131e-12,-0.007848330149369092,6.4548430301207174e-12,3.4627487299077523e-12,2.1590859208189597e-10,2.905233604032197e-7,0.0006501135328859979,0.0045890049287071605,4.62049054606673e-6,-1.0474244922083753e-11,4.068304403749083e-12,1.7943387034175243e-7,-0.021682285277655217,-7.553677824081882e-10,1.9645415755500413e-7,2.778736004181968e-10,1.1332045051812029e-8,-5.315510648463835e-6,-2.8746805324095236e-10,-0.01922384417061295,-1.710020836569547e-5,4.66058008919763e-8,-1.4466242704958682e-11,-0.00013394873784112077,-5.6545495781953e-12,0.00020991377724661594,-4.361841392739229e-9,-0.00543455893453631,-3.014057537325953e-10,-2.273613447517147e-12,0.00013250191473282517,-1.8743400730103274e-7,9.696039752659279e-6,-0.0073533653669510994,0.0009156317363044825,-4.138665841630618e-13,0.043459502791303596,0.007816313224319088,-2.019439051743971e-7,-1.375171295917861e-12,1.1750024618162335e-6,1.7455734684062344e-5,0.00033251044096585525,1.1051651456026389e-6,2.0611703808713875e-9,-1.8999792127550006e-9,0.002468165436971623,-5.3826983764679544e-5,0.021392962162710343,7.120474228319952e-13,-0.002665593229816208,-2.0203547315359377e-8,-9.601109481982604e-6,-7.709880393433727e-11,4.908855174369234e-10,0.005789380146122444,-3.5552510964766302e-6,6.73004655279225e-8,-8.706773600820364e-5,-6.382503493692478e-10,0.003881522825173703,1.1355211076249178e-6,1.3415046726211564e-9,0.0007557699140495307,1.4730780463970105e-11,-0.029355848559305793,-1.543193243512091e-11,4.521371195338363e-5,-7.312856404676959e-7,-5.306280005902165e-13,0.000250963378407872,-0.0017349564307702875,1.1374945448818072e-7,-2.782760833086651e-10,-8.897312453593993e-5,-1.324065786912163e-12,-4.884079990976825e-9,2.5915124479988365e-7,6.42132549849569e-8,0.0004178617019468618,8.182731375612227e-12,-3.5761643113713003e-8,0.00894861994350953,2.912042097130026e-5,3.868566496834511e-9,5.735415216764664e-12,0.00035339660683879467,-8.181661710758267e-8,4.3866204631299617e-10,6.237731253981095e-12,9.55763021013585e-9,-1.033102700605678e-7,-2.8217906623550368e-5,2.4312893789722115e-8,1.1261157505886103e-9,2.477550809455522e-6,-1.2863447238943579e-11,1.8777179346905807e-10,-1.0005758223797692e-10,-0.00011335953160354657,-6.932056378190488e-5,2.1496702606089807e-5,-0.0005492483063346723,4.006716335120907e-9,-5.7111799195339517e-8,-1.8079017574828166e-12,2.8744574966650845e-6,-1.5802193171233466e-12,0.00012323343554254776,-6.43704459759598e-11,8.206378869364977e-8,-2.4869088867761725e-10,4.050357493443117e-11,7.459598528361696e-11,-1.287531724629253e-12,-7.075821341058226e-9,0.020120344336143212,-4.653015973564014e-13,-1.3057258635149837e-12,-3.2749069381776955e-7,-0.0002188691280938442,-3.346395836021675e-8,-2.321266130676922e-6,0.04687765260342519,-1.3585604294544999e-7,-3.014580927440777e-9,5.485077449757759e-9,-1.5307288598817225e-5,4.898400825688463e-7,-0.019216249402048413,-0.007552811602958084,-1.0930228787582356e-7,0.007131390086723814,0.039835044030671424,-6.672086217778744e-10,-6.674749038859179e-13,-3.667270868739831e-12,-0.0033102418188489654,-1.0266047751555523e-10,0.07123597383032636,-4.938454599416621e-12,0.00018973331538825157,4.3608110167885053e-7,-0.000193315309118998,-6.586358746313642e-7,7.725583263636967e-13,1.3508003724735683e-12,-1.4020853883670082e-12,-1.4612817571298316e-12,-3.959167502238227e-12,-0.0006710214310617354,-9.14009389492371e-11,-1.7732332691265446e-10,3.444612921745891e-6,-1.3223210180599084e-10,-8.000918902014503e-11,-3.6573160308581215e-9,0.008228291032255485,5.739736163829961e-9,-4.927790103350187e-6,3.7830540527604285e-6,1.1982376603593134e-11,-3.757934175678434e-5,7.564753358274684e-10,-3.3247065997374194e-5,-1.6021020097586178e-12,6.015286447876973e-12,-8.314519631786836e-10,-0.0011907017273123269,-8.564194655697604e-11,-5.253583276471831e-5,0.047907685369016996,-1.0644639302852444e-12,0.004782895588923038,-4.123462758962336e-6,-0.0017570272240020333,2.493846239056735e-9,-1.5280862439079106e-11,1.562248086784773e-11,-5.7442177805984215e-8,3.8655081949936467e-13,2.2900841572735805e-6,1.2073792026472999e-12,-0.00012063599730510184,1.1341212665016396e-12,6.111431383180867e-11,-1.5752538118306124e-10,-0.023541833881828136,0.08998790149277298,0.0008168161949542334,-4.884636950610384e-7,2.5550552335250162e-9,3.493050264774309e-5,-1.1847730402368417e-11,-0.006455309698471923,1.4209092749004664e-9,3.463976128075104e-11,-3.121937474219792e-10,-0.0002794967349817003,1.7075731902645804e-12,0.00657956116690089,2.3504630930856664e-6,-0.0022404189451285103,-7.415665709472526e-12,-3.444714043462154e-12,9.995265067796123e-12,-0.00349240838552602,5.7346714861637655e-12,2.3134799275600282e-11,-1.4184838943159531e-11,-4.702123222246782e-10,0.0016828948641350947,-1.1249423590733645e-5,0.0003521554463868742,-4.902460526189955e-13,1.9559185306189466e-11,2.497174241160074e-12,7.819110990938451e-6,2.715228539836964e-11,0.006937867001983881,5.47701893425548e-6,-3.052480781353546e-7,2.7515150253538277e-11,-0.00026953053035090905,-4.406901064004743e-6,-8.318208115343101e-11,1.7292807057115046e-10,1.5300407113991695e-6,-3.4982870459029685e-7,3.1352198912675925e-7,1.0504801886300926e-8,4.784057337035182e-5,0.0016057294551282317,1.5351814199638425e-12,6.410789649720473e-11,-0.004408730221412696,6.997230250083484e-8,3.3515618296305267e-10,-2.946415708708759e-8,3.1832143902281485e-6,-1.1441930463442736e-8,0.0006238073366997619,3.57354536498414e-6,-3.978296431696855e-5,-1.3345568293478396e-5,-8.583366565298604e-13,9.554168458045197e-7,-3.0619472198920742e-9,0.0006933344589051199,0.027015088067045764,-1.5688797768364142e-7,1.1285904330689554e-12,-0.013363175583349172,0.001386620631394789,-0.0011012255772096127,-3.0307039684082822e-5,1.4721985081251743e-6,-1.8777199625389483e-11,4.906977074827093e-12,-6.289046623976951e-6,4.523112278802467e-9,1.7128490820528524e-5,0.0003110714736403704,0.0008880625542619158,-3.0819578415608905e-5,-3.8009703467317595e-8,0.009041810093695542,-0.0008178862096201532,2.4603427470264733e-9,5.367895817726117e-12,2.4249123883496757e-8,1.0268342283508295e-6,0.0006356151674534712,-4.6092960126157815e-6,0.0010780893241301476,-1.0080289653809394e-7,-0.0025645308082365916,1.2382287353652462e-9,1.2277105493626879e-11,4.03268352100291e-5,-4.061994722378721e-8,-0.00021689557461281915,-0.005564413119106735,-0.00030217232538739446,-2.8384687144441707e-12,0.00023494182567605169,-2.23907401283742e-8,8.693137603363486e-8,0.004746486147177645,0.011365833779575294,4.101283795479788e-5,-0.002469238581307498,2.598148642598269e-7,-8.620199783610916e-12,0.01740916536176456,1.351023573769858e-10,3.1299882629272132e-12,-0.03764094641938882,6.251433122097228e-12,1.6215039046846247e-7,1.8041794024032972e-5,4.858332108932863e-6,1.3306346902716135e-12,3.077181963492823e-9,8.612411082320881e-7,0.001955107129472895,-1.004706860870815e-11,1.4985475950255543e-11,-0.0009771294527042879,-2.4086050829486987e-10,-1.7865039541001542e-5,-3.958016272386772e-9,-3.741819845618231e-7,-9.370059232163222e-8,2.3845198544333548e-5,-0.00020169719521589703,-1.1103957982258247e-5,5.877124036862853e-10,-2.6796949300727957e-9,1.3287881530523057e-5,-0.00026145776904798907,0.00015645064806068133,8.089383196929701e-13,-7.409341014099779e-11,-0.01288888702278768,0.0019837248909807203,5.757163727445957e-6,0.021201417555645453,0.00016930629142469,-7.175472661751676e-6,7.55180538498366e-7,-1.3136320265187437e-5,-7.128494229131157e-7,3.31159927242349e-10,1.9674343835907035e-7,0.021744495044804694,-6.949578587678957e-13,1.0695047202025555e-6,-6.602614622978066e-8,-2.1156098937737092e-9,3.046757121861295e-9,0.003492446284803559,-0.0024464931471840355,-6.976680934056029e-13,2.2996959499000195e-12,-1.104428518412801e-12,-2.688300814043309e-7,-0.0002960610445145306,0.00028114217925410967,-2.692401950967126e-9,2.517979542200144e-9,2.481755598975246e-12,-7.677661641678732e-9,-5.261535140760384e-11,-0.0002044494501961863,4.4150230263493356e-13,-2.1562903907027974e-5,-2.26795237901332e-8,-1.435486170358086e-7,-2.427021920236823e-10,2.9732296484550868e-5,0.00010347791728984219,-2.0625349105151813e-5,9.000556563734842e-12,-0.0016030844910825712,-3.35900898539661e-10,0.0003777214363763945,-2.617367392595996e-10,-0.0007351315208087068,0.003776298837760884,-1.5219459280135273e-10,-7.245334650669895e-7,4.010651514417216e-10,2.650884488353803e-11,4.0068512549509054e-8,-3.653961860668601e-9,-0.0009871857900654313,-2.6154527958645426e-12,1.4830158495576028e-11,-5.1474256049650045e-6,2.7323352656022975e-9,2.1669997660253603e-11,-1.5807634572592476e-7,1.7387450492632217e-10,-7.63030366106091e-5,-7.102633087591902e-8,-0.0006205845121210338,-5.601698703050836e-7,2.3403313106713156e-12,0.016130935414151355,-3.5135377262305546e-11,2.6706939679624195e-14,-1.0376368962623132e-7,0.0026963770448136114,0.001443563777628067,-1.4565697843740143e-11,-2.560950166900494e-11,-4.5663756199182983e-5,0.01072621124929945,-0.005303422823413425,0.00012200472331325035,-3.294162422507046e-6,-1.671310337439844e-11,2.0143784675430844e-7,-3.469545409681278e-11,0.0008626668933054906,7.036993589668795e-8,-3.855368274603076e-6,-3.7013148524682446e-6,2.774098225971823e-12,-5.5866094272089034e-8,7.215293379835468e-5,5.916894303412357e-6,-1.03896623389155e-9,-1.9948488605225036e-8,-4.0057798986435986e-5,-1.1772687421753098e-11,1.3990834473127144e-10,4.33698177378143e-5,-2.591088526458275e-6,6.44387101224467e-7,7.698667278416793e-6,0.00263200466831295,3.471783809891127e-10,-3.5688287801149854e-7,1.235750776166479e-14,1.0642225835488763e-11,8.872718617266782e-9,1.2413156644164253e-12,-1.812850777412797e-5,-0.005947803629863311,0.019295868483238613,9.262955481928854e-10,7.307324600959022e-9,-5.258312165916646e-10,-2.2686408781905003e-12,-0.0006751714806022733,1.3404892007401836e-7,0.02732518576373298,-2.2543722644887373e-6,-1.2960595163353632e-5,-0.0014070200708264557,1.2302388103078295e-10,4.862584585648635e-6,7.858870331226106e-10,-2.3802459328143875e-9,1.3710322642811414e-10,0.010570833143089412,2.6083459001798002e-11,-4.525663175944573e-7,-1.1218652471399617e-10,3.698117695829646e-12,4.2294102048194e-12,-2.2141526245393944e-6,2.839051544794201e-6,-0.0039633536206702446,0.044432859533712205,-0.0006183703651171468,-3.510094613948967e-9,0.0011565005558280203,1.2215786786571272e-8,-3.484214742456203e-10,-1.3981179425488133e-10,2.8560016159665504e-12,-5.685211803498985e-8,-1.715572687377788e-11,0.02317442658069915,-2.3297405379818834e-9,-3.6623033558767696e-10,3.557232796540934e-8,1.2634739144723882e-11,5.227911058937975e-12,-1.0965313942138192e-11,-0.0005177208649046063,1.9663059305857554e-9,8.583934063237639e-6,-2.449501193810829e-7,-1.5010125737829713e-12,1.0567929613551516e-5,8.779504194690096e-5,8.837580421938631e-9,0.008004657272367684,-7.274250440781395e-9,-2.2618035886200148e-10,0.00015981007656503513,2.2833464835034827e-6,-1.1988973315284408e-6,4.899325948387125e-10,1.5901935543719285e-6,2.735819777229454e-12,-0.0011687624163628082,-1.2879061484945364e-6,4.438148986581971e-9,5.985130986328815e-5,-1.4318645079912267e-13,0.0011878205060340385,1.1105855129213576e-11,3.2265165413967956e-11,-2.5870235985098635e-13,0.000682374438169585,1.931581567201289e-5,2.4582097034608547e-6,-2.3625527351945034e-7,7.415017111790725e-13,0.0002807797189448033,-0.003808382450873053,2.981187953230295e-8,1.0348821121051277e-10,-0.0017961569887704528,2.9520041956787795e-6,-7.457999103053705e-8,5.376020145165049e-10,1.8028931263188737e-9,-0.00020736498562822522,-0.0027896110067394007,5.042885128295187e-10,3.2401133157153113e-9,-1.2586255379874562e-7,-3.8319057683245425e-5,1.036233259532799e-7,1.7914658546962612e-10,1.481011742238713e-6,3.868530826266247e-5,-3.5239607741666704e-5,3.1313957163649494e-12,1.3300634912083257e-10,-3.18291178222592e-9,8.585349911889165e-10,-4.899136758710495e-9,-1.3624295440914337e-9,-0.006289139460513171,-0.004943076345622082,3.1961226624043506e-12,2.5483681978652215e-8,-0.0022502284826578615
0.0,0.0,0.0,0.0,0.0,0.0,0.0,0.0,0.0,0.0,0.0,0.0,0.0,0.0,0.0,0.0,0.0,0.0,0.0,0.0,0.0,0.0,0.0,0.0,0.0,0.0,0.0,0.0,0.0,0.0,0.0,0.0,0.0,0.0,0.0,0.0,0.0,0.0,0.0,0.0,0.0,0.0,0.0,0.0,0.0,0.0,0.0,0.0,0.0,0.0,0.0,0.0,0.0,0.0,0.0,0.0,0.0,0.0,0.0,0.0,0.0,0.0,0.0,0.0,0.0,0.0,0.0,0.0,0.0,0.0,0.0,0.0,0.0,0.0,0.0,0.0,0.0,0.0,0.0,0.0,0.0,0.0,0.0,0.0,0.0,0.0,0.0,0.0,0.0,0.0,0.0,0.0,0.0,0.0,0.0,0.0,0.0,0.0,0.0,0.0,0.0,0.0,0.0,0.0,0.0,0.0,0.0,0.0,0.0,0.0,0.0,0.0,0.0,0.0,0.0,0.0,0.0,0.0,0.0,0.0,0.0,0.0,0.0,0.0,0.0,0.0,0.0,0.0,0.0,0.0,0.0,0.0,0.0,0.0,0.0,0.0,0.0,0.0,0.0,0.0,0.0,0.0,0.0,0.0,0.0,0.0,0.0,0.0,0.0,0.0,0.0,0.0,0.0,0.0,0.0,0.0,0.0,0.0,0.0,0.0,0.0,0.0,0.0,0.0,0.0,0.0,0.0,0.0,0.0,0.0,0.0,0.0,0.0,0.0,0.0,0.0,0.0,0.0,0.0,0.0,0.0,0.0,0.0,0.0,0.0,0.0,0.0,0.0,0.0,0.0,0.0,0.0,0.0,0.0,0.0,0.0,0.0,0.0,0.0,0.0,0.0,0.0,0.0,0.0,0.0,0.0,0.0,0.0,0.0,0.0,0.0,0.0,0.0,0.0,0.0,0.0,0.0,0.0,0.0,0.0,0.0,0.0,0.0,0.0,0.0,0.0,0.0,0.0,0.0,0.0,0.0,0.0,0.0,0.0,0.0,0.0,0.0,0.0,0.0,0.0,0.0,0.0,0.0,0.0,0.0,0.0,0.0,0.0,0.0,0.0,0.0,0.0,0.0,0.12830928788083495,1.5273334020399228e-8,-0.001835322904728644,-5.14057845536434e-7,-8.181800942013262e-7,-0.001079485502787325,-0.0030113662260861707,1.0341924173150574e-8,-2.5729310081825987e-5,-0.004022625141604134,-0.00024258573494083586,-0.00026840236864419915,3.601979985021436e-10,0.000639274199791043,0.0004870995034500647,0.004855914518932325,2.9479549408186236e-5,3.138462060564649e-8,2.0037876246383436e-9,0.00011331962043176215,-0.00042933638177491143,-0.00017861138850436235,-4.718749604405425e-6,-3.1280824333356125e-9,0.015579498048681034,4.117621623424396e-5,-0.006121799611976258,0.008140171072507205,3.9137757372303854e-6,0.005385408266657302,-1.8658767611839863e-10,-2.6073159468866606e-6,-0.0006813935414285247,-0.0006802048845432239,4.475110605656016e-7,0.00011944822576091643,7.501007976593933e-8,-0.00788104262025306,4.705253602469881e-10,-0.0264632676400735,0.0010479772787750196,2.6057418264043403e-7,0.000340453765201383,-5.147126872556294e-6,-1.8692047517212543e-8,-7.353974786431368e-8,-7.19909312970909e-5,7.066715370321519e-10,8.382237528660978e-9,0.0014463364986599756,-2.4458099900352983e-5,4.5775811640161955e-5,6.322412398151345e-6,-4.620833676009135e-8,6.0593852845816884e-5,0.0004358072523821619,-0.012458927719929696,-1.5096489772180625e-8,-1.069772937532976e-6,-1.1025938541832291e-10,-3.626155019213392e-5,1.5997168174944678e-8,-0.0028267538589083776,2.5531263983826826e-5,-0.006261242946062055,0.007626433644869406,-8.267259539047519e-10,4.438099183485868e-6,-0.00283527772927019,7.947159025663256e-7,-0.02651425059772766,-3.790658889575816e-9,0.00010309354016222243,-0.01613885162355882,-9.046519394035775e-8,0.0004169749281035287,1.1676423904873967e-10,0.004973985198291935,-2.7473173607456463e-6,-1.742831977031904e-5,2.7088950173311023e-5,4.123544247158518e-7,2.3369211084887908e-8,0.0002203486798265914,0.0009556380816651569,-3.31388640244193e-7,0.00058932922759341,0.010274038143896833,-0.000498846344469782,0.002368692001593421,-1.3468842328319858e-9,0.004781482286496,0.0007871206872766696,4.442148594252819e-9,-4.915736227280578e-7,-0.0075218240234882616,0.00019597524389238218,5.703721643577073e-7,0.0009098435053270605,0.04549865623438707,0.00112632063115016,-0.003228654041756321,-1.6068113015957896e-5,-8.634258569751224e-7,-0.0007924433977884314,-0.0032194230252065117,-2.8331381327014107e-5,-6.161029874691631e-5,0.003965984656424544,0.00041440266582726775,2.6734294517271065e-7,1.9234510730926097e-6,-5.7935634397253614e-8,2.0301641283197082e-8,0.0011792108642997112,0.0006402763654184038,0.0001251082091064772,-1.0631127593696607e-5,0.0001491379256205918,1.296203139691023e-7,0.0008150511575163352,-0.00036795942718455466,-0.0010598310518040474,0.00031951998166233913,0.05767271310153093,4.522039566586473e-5,0.007932479307521131,-6.709776637998553e-12,-0.00010243038375994086,5.961061371506997e-6,0.0001700677158670273,2.5262665163344934e-7,4.0710488858343165e-5,7.921175043355981e-5,-1.9354430790866476e-9,0.00023811695149556191,-0.0002752880147728641,-0.0034633693485829264,2.851375639037898e-6,1.375564243799185e-5,1.1743099690713368e-10,-9.12087141994292e-10,1.713100856313838e-5,-2.281642040278735e-9,7.192480048762637e-10,-0.00571290300246426,0.0023050917733818885,-0.00016226353815917144,8.727680435282007e-11,0.05610153035648494,9.870072722225002e-10,-5.35676286003571e-5,-1.2784880514561026e-7,8.551489919653614e-5,-5.845568006394291e-10,7.845202637988713e-5,-5.5715669927981393e-5,0.00017600082921590956,4.714356933548808e-6,-3.3658948536259515e-5,-2.696030507682768e-5,3.4714820283862974e-8,0.08919275073333752,0.0020821017437346453,-3.26680024888379e-6,0.007990654389915391,0.0027780674438078815,0.015233217858643837,-9.512421585712234e-10,-0.003224113820510158,-1.972295860056362e-6,-1.5584748594775014e-5,0.0002832926509061779,4.292169551450568e-7,-0.01892845680272672,3.162575173760049e-8,-3.9324324415643266e-5,-0.00014039065325057343,0.004571474326525647,-5.9862904266085265e-9,-0.004282721622127154,3.2344996877232377e-6,-1.9355954038804042e-10,0.0002960381675119455,-1.5610769756294555e-9,-3.7723235304639207e-6,1.2434772076911388e-8,0.009497108075803966,0.0002872039957548839,-0.0008709191069935685,0.0002449105210412396,-2.430135297426864e-5,1.035164188424673e-5,3.178936359412791e-5,-6.55277762558134e-8,-0.00025953720779700357,0.0025293621708672538,-0.007394559028498191,1.052385435356865e-9,3.8330553319228203e-10,-1.9637553203347486e-7,0.00010639656086018302,-0.0011858308069718322,-1.8290483818713348e-7,-0.0003012919877530875,2.3348115976461693e-9,-0.0296714714465932,-0.002038045678741126,-0.007222221427864658,1.738640933672272e-8,-0.00023990410724224144,6.6682047443031456e-9,4.096567577179803e-7,-2.4579129819135267e-9,0.00011897521534926458,-6.24653187236315e-6,0.0001934200773567332,4.458731950045681e-10,0.0009400183864194971,0.00040131752443064,0.0009093408520582577,0.0007904703139494186,4.089383810235568e-10,2.503912746364657e-6,-6.067967042657685e-8,0.0004586410217841307,0.0024809625487271607,-9.93670794071472e-5,2.814203290769066e-6,0.002113432502720573,-1.1804765057681682e-10,-3.626542599068443e-5,0.0001561205853347617,-0.0005604018282583681,1.7108972810824134e-8,-2.5606212833126296e-7,-0.0029269496616208114,0.0073828091136976795,-5.0790465058407094e-6,-0.00019969101192694744,-0.00019884747704594717,-0.002898095810094306,-1.5669501489697564e-7,2.092052820050895e-8,0.00020279799273250916,-0.016200550041487464,-5.713745570694949e-10,-0.004022033457997095,-0.004117982949392413,0.005445053762688121,-2.481567954825801e-6,0.0004889937158603776,1.304013025125507e-7,-2.9477960492793785e-6,2.2347598043376664e-6,3.128387624565245e-6,-0.0001372127379864395,-7.628123876316137e-6,0.00021078493920726688,2.4704944804638333e-8,2.5334261154090324e-10,0.0005456465419128891,-0.00045248799595012555,7.38040562351149e-10,5.691745719936709e-9,-5.477718036099595e-10,-2.979416668361414e-9,1.0246787770554465e-5,0.00039413403480906945,-0.007934155704089308,-3.1474108161536543e-6,-0.0002543681949702064,-1.7922774278696117e-7,1.5878093486002585e-8,-5.251209375229009e-9,-1.0901707152903194e-6,0.0001966886239060965,-3.69715429426685e-10,3.34411560615898e-8,0.0017365152713377542,-0.00025950346060029864,0.004439650926276905,-7.604736968701357e-5,8.02373574924608e-8,-1.3544754925094661e-6,-6.642188570233612e-9,-0.00027492876685971773,-2.262782811516729e-9,0.001875995983796641,-0.003317495812914521,-2.0856098409774277e-8,0.00023515576071590582,2.4091590242404206e-8,7.562231078096534e-10,4.333544401959646e-8,-6.730884661210093e-5,3.0323360385133226e-7,-0.002262094599635614,7.795288004635094e-5,-1.326860007345252e-8,1.2545539391568028e-9,5.787960025869685e-8,1.8359347233295483e-8,-0.0001818103949407286,-0.0002070537018272204,2.867841009167614e-10,-0.005315466403388676,-0.002089687182343971,-5.560796183519602e-11,-0.00022615777220487247,-0.0010971293113259063,4.937638906388498e-7,3.202647478524003e-6,-2.8146773152078e-5,-0.030201616985457713,9.062752408295134e-5,9.158142921712071e-9,0.00021366412889725915,-0.0019684937625897994,9.02061420980584e-9,-0.0026412722575301292,-4.725127812057202e-6,-0.003198778429949323,3.5584946640552876e-5,-0.0002084946664728003,-1.4230052510130213e-6,4.31416440263379e-8,-7.419666971002037e-7,0.03884316357566022,0.005759692301840499,5.472142646280824e-7,7.905268110152159e-8,5.013330993930425e-8,1.708235693902786e-5,-0.0009735608998328465,-3.319526304019408e-11,1.48886502905376e-9,-1.1948429260915599e-5,3.1123500130898743e-10,-2.27847163762155e-7,2.7721644430791747e-5,-1.8483818696450598e-7,-1.7875269578840304e-6,-6.394627841610493e-7,-0.005826749163559087,3.90020101703892e-5,-1.9005175519616722e-10,-2.2076006951923917e-5,7.368545105983136e-5,1.57318438660497e-5,0.014653676517407288,-0.006104397794180045,6.452086763987329e-10,4.5959420827353737e-10,1.2580718727010895e-5,-0.00021220067589307047,-9.785883096322633e-6,7.250610144017593e-5,-2.4455560770418496e-8,-4.038661059398899e-8,-0.00533017511193922,0.006175281584285983,2.7407464840160213e-5,0.011391111614913883,0.009509012658558335,-1.4854520047008007e-7,5.151903058052374e-6,-2.387101234647129e-6,-0.00016688313992759452,0.0011907186485165177,0.01237629116547664,3.4088331564258525e-6,6.694635824981665e-7,-5.533016807242346e-7,0.000573725153983454,-1.74467124060262e-10,0.0023424982494188967,5.027197633366948e-8,-0.01785417289984622,-2.0190616869273424e-8,-9.210976306269129e-11,0.013969592455287694,3.64723401561585e-5,0.009530678003842654,0.010482646692174758,0.00030550970566728294,-0.00041536424256025843,-2.185750570653324e-8,-0.0007294135520338499,0.004145993591159885,2.2345363909787704e-5,-0.004543209925085423,1.2259972306159684e-6,0.00017202136769688204,-0.0031704962416322533,1.982104352947486e-6,2.0867061845379467e-5,5.005499267318804e-9,-6.962506027237491e-6,0.000143835415478225,-2.5520162964303725e-9,0.0015118395801089022,3.7433350540607243e-6,-0.00010264000603897542,-1.711690413024408e-9,1.863463064076868e-9,-0.00021895254145376064,0.0009109839782100995,-3.788644136277537e-7,5.502893652204325e-10,4.498004132988916e-9,-7.332856964254235e-7,2.210153230169826e-5,-0.0008677127463657921,0.0002506020700360486,0.0038302807629967107,2.580731590854532e-10,-0.00022464068290240587,2.1045879803853113e-7,5.157836529638258e-7,0.00023575253283890943,-0.00024662712545424754,3.024062157623723e-8,-2.254305721685052e-5,-0.0022858987799451386,-0.002903484632524394,3.7502342330985346e-10,-4.915374774603778e-5,0.010274142455834181,-9.7544550059535e-7,-1.308712505039244e-5,2.4808804741981342e-5,5.881909817628757e-7,3.2876386625669315e-9,-0.022665764970042787,4.2105462437858466e-6,1.582911895574012e-5,-0.00021022517342907706,-0.0009685991953433866,0.0001041117999902829,-1.4044419555674463e-6,-5.2276071076912505e-9,-5.732551648195112e-10,0.015066422248384139,-0.005241299046919886,0.002206970372112453,-6.510146234427534e-5,-3.998822738812762e-8,-0.00028778660664930246,-2.3498783565030194e-9,6.780552036216542e-7,-4.1649936309074076e-7,3.023472208639282e-8,0.003242538668255137,-1.5587803792966913e-7,0.0053330824058900545,0.009337652564685564,0.007723901074426639,5.073252288908072e-10,0.0004953800629277542,-0.00020885986881553922,-0.018547708268559542,0.0005414159240557328,-0.00021219692720537476,-1.8802807557281192e-6,3.7139758292517744e-5,6.292323050670521e-10,4.870161136935188e-10,-5.782796770805979e-10,-0.004962056723234244,-3.9014270968156936e-10,0.0015674717304526012,-0.002817242604706829,0.03715257722466564,-8.708302785252212e-6,-0.0007167174763790261,-0.0011799981194828223,4.3757495828300625e-10,-0.0006077787220269311,0.0030694648450913164,0.00043417194609018836,-0.00015620678077342228,0.00042982944309080266,0.00075102914025253,3.329902779601078e-10,0.015479197663860404,2.8002305426181085e-7,0.0001085081489721559,-0.0002106947069051037,-1.907352856369891e-6,-3.9521963503986827e-8,0.002737877476841541,1.7159147138135717e-9,-0.0028699375373876673,0.0010495035747877693,6.719994951306241e-7,-1.556378399325149e-5,5.179731795601729e-6,-0.015226734762740068,1.678742268290834e-5,-0.00014982831103883733,6.327686136862634e-9,5.572007631904999e-6,-0.0014053915572576718,1.0319025605900127e-7,0.00040984273548272756,3.361758813837825e-8,-1.772015963684129e-5,-0.0017214858779905965,-3.950528552219287e-5,-6.434024731576467e-8,-9.391532860958148e-8,8.173393659049141e-5,-1.2225531492768915e-5,0.00012262784900438656,-8.245778238865888e-8,-1.716599789804296e-9,0.0007558271530241984,0.0008789720094362431,1.633438400627418e-8,-3.3043992751995046e-5,-3.661567252607662e-5,-0.006504702959436746,-0.017888648779454668,-8.12802739907426e-10,-1.8276852912737767e-10,-0.0019936012504566934,0.006893481488550274,0.0001842667345584681,-1.5880326826980775e-7,-4.9378422955084524e-5,0.000669173438514961,6.607681757939226e-5,6.556151910066063e-7,4.034700282455681e-8,-0.00034686579887191515,-0.0020657114750168098,0.010116264911705586,-0.0012690126129998635,0.014343713898049735,-0.013597351745040702,-1.0618486430275457e-10,1.2213277633276964e-9,0.00024918927478133384,-0.0019248275241320425,-1.0110178451369365e-10
0.0,0.0,0.0,0.0,0.0,0.0,0.0,0.0,0.0,0.0,0.0,0.0,0.0,0.0,0.0,0.0,0.0,0.0,0.0,0.0,0.0,0.0,0.0,0.0,0.0,0.0,0.0,0.0,0.0,0.0,0.0,0.0,0.0,0.0,0.0,0.0,0.0,0.0,0.0,0.0,0.0,0.0,0.0,0.0,0.0,0.0,0.0,0.0,0.0,0.0,0.0,0.0,0.0,0.0,0.0,0.0,0.0,0.0,0.0,0.0,0.0,0.0,0.0,0.0,0.0,0.0,0.0,0.0,0.0,0.0,0.0,0.0,0.0,0.0,0.0,0.0,0.0,0.0,0.0,0.0,0.0,0.0,0.0,0.0,0.0,0.0,0.0,0.0,0.0,0.0,0.0,0.0,0.0,0.0,0.0,0.0,0.0,0.0,0.0,0.0,0.0,0.0,0.0,0.0,0.0,0.0,0.0,0.0,0.0,0.0,0.0,0.0,0.0,0.0,0.0,0.0,0.0,0.0,0.0,0.0,0.0,0.0,0.0,0.0,0.0,0.0,0.0,0.0,0.0,0.0,0.0,0.0,0.0,0.0,0.0,0.0,0.0,0.0,0.0,0.0,0.0,0.0,0.0,0.0,0.0,0.0,0.0,0.0,0.0,0.0,0.0,0.0,0.0,0.0,0.0,0.0,0.0,0.0,0.0,0.0,0.0,0.0,0.0,0.0,0.0,0.0,0.0,0.0,0.0,0.0,0.0,0.0,0.0,0.0,0.0,0.0,0.0,0.0,0.0,0.0,0.0,0.0,0.0,0.0,0.0,0.0,0.0,0.0,0.0,0.0,0.0,0.0,0.0,0.0,0.0,0.0,0.0,0.0,0.0,0.0,0.0,0.0,0.0,0.0,0.0,0.0,0.0,0.0,0.0,0.0,0.0,0.0,0.0,0.0,0.0,0.0,0.0,0.0,0.0,0.0,0.0,0.0,0.0,0.0,0.0,0.0,0.0,0.0,0.0,0.0,0.0,0.0,0.0,0.0,0.0,0.0,0.0,0.0,0.0,0.0,0.0,0.0,0.0,0.0,0.0,0.0,0.0,0.0,0.0,0.0,0.0,0.0,0.0,0.0,0.12827718959237455,-1.3131767562218067e-9,0.002847455264268814,0.0006703242808096341,-8.064205641376947e-9,3.0744923971235445e-7,-2.076140342589086e-6,4.1636193419380114e-5,-7.585012374904273e-7,-3.216107626941881e-8,-7.437726767075772e-11,-0.0002622925671117859,1.766420666713345e-10,-6.278256237885259e-10,4.306198005520408e-9,3.618544743003572e-6,0.005970791394540012,-0.01068343859086577,5.328378820887988e-6,-6.001482757708163e-10,4.322318209144869e-11,-7.674284506691897e-6,0.00966023019913064,2.520909037402845e-8,-1.4011473304920274e-5,5.631622119219922e-9,2.0027574590581046e-7,0.0001659628720768822,-3.2205918276908815e-9,-0.007257601582920852,0.00010819156847390682,1.0477047330928647e-6,-4.9518363720689225e-11,0.0005843102323842248,3.099246585425722e-11,0.00363599755260889,-1.8748677683501122e-7,0.0031130685729141606,-7.970512242845697e-9,2.153323969703861e-11,0.005390599345629088,-1.1036404276851308e-6,-0.00020662318528107883,-0.02117436941243877,-0.006938804917470177,1.2342100547225874e-11,0.0008743178752479391,0.00620282617588052,7.512113751401251e-7,-2.4883536828259257e-11,2.6660214843690416e-6,-0.00041182409627868986,-5.7739756417162106e-5,1.4370957576107873e-5,1.1559288239617712e-8,9.356506762839905e-8,-0.002168873933720292,0.0003816195899001245,-1.0142006045722207e-5,3.307167843466297e-11,-0.020876797274478803,-3.4145297413191854e-8,9.436343531808578e-6,-3.1555155362139595e-9,-2.5443991450209754e-8,0.0010882218544726212,0.00010317734212027615,1.453536602225899e-6,-0.0015578720602444282,-1.9156674780630573e-8,-0.005326736107401658,9.68919265856902e-6,2.740994884784512e-8,0.0077562797771831464,1.9106195001355228e-10,0.0005081068636583262,5.877411196206895e-10,4.212685600965314e-5,8.773193443785916e-7,1.506996842136501e-11,0.0018501749372089348,-0.0035629636249054145,-2.8531855547632868e-6,-2.494938996696741e-9,-0.004204279758382741,1.6281201792892328e-11,-1.1899691143998502e-7,3.997913935922748e-6,9.56390622503164e-7,0.009139438413642023,2.0477466310993276e-10,-8.588516203392727e-8,-0.015319333969650531,-0.0001570946493155613,-3.183886185164341e-8,1.5166042146400627e-10,0.006050375088392178,-1.3430859256394114e-6,9.58243224380427e-9,2.7020503256166315e-10,6.43762687316703e-8,6.950743415065112e-5,-7.694571202121039e-5,4.8932900018880536e-8,1.1764911722143329e-8,-4.694383134286499e-6,-2.3034634866492585e-10,1.4222212542988945e-9,-2.038754676745673e-9,0.0006258090933210316,0.00010831521972053834,-0.03951748167222652,-0.0004391314323819367,3.199128928898797e-8,-3.01712789481535e-7,-2.3721542288267517e-12,-4.5562205491399576e-7,-4.353134480574793e-11,-0.002963375804986215,-1.4222232515230425e-9,6.574080825097833e-6,4.593398510162297e-9,-3.8099485632416335e-10,-4.713274274434133e-9,-3.3950213553126e-11,-1.3404591735775172e-7,0.0033497904873023513,1.3178313389785157e-12,-2.932447390811885e-11,-1.9130677500743293e-6,-0.004175289337956013,1.624258375036264e-7,-6.6272656956655e-6,0.0043032044593920475,-1.837439825342034e-6,8.379861668300638e-7,2.0703880121405475e-7,-0.00012964430344334003,2.110674711352983e-5,-0.00018066824483723297,-0.007464208721639005,3.9641085356350376e-6,-0.0044068943807398266,0.000782287875142205,2.374735018807456e-9,-9.969953694807347e-10,-7.297366604016046e-11,-0.0005347477647029991,-1.6539304040031485e-9,0.0031733746361331523,-1.115688404577934e-10,-0.000511678603440641,9.612159371470951e-6,0.0006171085787543385,7.892020091544907e-6,8.618833584402105e-13,1.58243834434318e-11,-2.7359504439636732e-11,-2.3681382243143452e-11,-9.07031747190346e-11,-0.001647931648003429,1.880370624013635e-8,-5.8956984231583e-9,-3.387568299600134e-5,-8.858365054869137e-10,-1.0959648206599602e-9,4.030193818944513e-8,0.00022644239846615182,-3.155618728724748e-7,-7.44520965753649e-5,-2.6326368150252354e-5,7.506830679573175e-10,0.0005102187924129428,3.75211046405064e-9,-0.008262871688430963,-2.304616298303571e-11,2.308550777161611e-10,-1.2626671022488014e-8,-0.03781414658254516,3.210466994993576e-10,1.3549809782634159e-5,-0.0019716811033755575,1.3959188312131064e-11,-0.009502182677349829,0.0007480434005668199,0.0016826543335143134,6.165593863880801e-8,5.0957231951804266e-11,4.3941547057887175e-10,-1.9776812588106204e-6,-1.0045156425934384e-11,5.995882348357204e-5,2.456444503586996e-11,-0.007177849550015794,-1.5111070469136087e-10,4.0103672328724905e-9,-4.8599748737400336e-9,0.004202010290193071,-0.00042837769576466774,-0.00484526040966342,2.9651229375360324e-5,-2.598673685393914e-8,0.0009304797961749705,-1.1047516089692983e-10,-0.0018638665520445468,5.569159780411103e-9,-1.7536841006696692e-10,-4.666488590874219e-9,0.010819158884477514,-1.9482801026986834e-11,-0.005877879108552902,-3.92054750430917e-6,-0.006815119809790907,-2.6936624177721354e-10,-8.063631744400724e-11,2.45949850705524e-10,0.01625299131114983,1.3242165517038703e-10,4.1633089051884923e-10,2.4308558150160233e-12,-8.070809003318571e-9,0.002864995047307334,9.511881366853532e-5,0.0031096229551533343,-1.3909054723861032e-10,1.3195491065918498e-10,5.0266469516780514e-11,-3.4185671348283516e-5,7.727367512251098e-10,-0.0012242713661718722,2.9045725428258314e-5,-4.581900096396868e-6,5.355100862889547e-10,0.00012487176854472564,0.0008186487749569244,-2.8513898836613374e-9,7.880171370723998e-10,-7.7439184312135e-6,5.535098225821929e-6,2.6282534024203363e-6,1.8939626359355352e-8,0.00253868499642654,-0.015166726772412849,7.568840218943829e-11,4.194647624602898e-9,-0.031174543079360555,3.4467482772754694e-9,7.2755379056939276e-9,-7.161188200341867e-7,6.888879004975841e-5,5.405611037734988e-7,0.007971158479914588,0.0001756375831669444,-0.0003570991284736867,0.0001702039942582502,-1.1773312027446821e-11,-3.5381409525158e-5,3.73504441989344e-7,-0.001616399547974013,0.0018444100102721628,-9.59629513691063e-7,-3.1805182910623785e-10,0.0012994372128749562,0.03257095114182749,-0.002309889388682255,-0.0021117595849947574,-1.3695996906860839e-5,-3.791632029497631e-10,-2.0375304771176844e-9,6.497566958584186e-5,-5.369345738458475e-7,0.00021105151478368874,-0.0016472082270699623,-0.002224797856706268,-0.0003588450768415944,1.2506549680905494e-6,-0.003368846400537148,0.0014973665261867257,-1.1448783746828284e-7,1.168863467185524e-10,1.0408179980133461e-7,7.109894183389241e-6,-0.009180184466254177,0.00014587206104384298,0.0025442781012122635,1.7072567090318964e-6,0.004507465475153161,3.953900375025848e-8,2.0522854664274893e-8,-0.029495738890780204,1.7414801287899786e-6,-0.002086402076279289,0.017950257579852948,0.009886208052866781,-8.311009011836567e-11,0.001285550507332651,-9.526900315312272e-7,1.1174480444838825e-6,-0.018616729189066556,-0.0004368000928377265,0.0003238984210752377,-0.0007328648336506281,1.9259419351572354e-6,-3.479067754366317e-10,0.0005084453573207736,1.623289552734033e-9,1.0893966381981098e-10,-0.0027159469009488796,1.54315787788204e-10,1.8266790846120628e-6,-0.00025748097647743643,-0.00022489229467486426,5.108918265910621e-11,-7.594477440681078e-9,3.6894958950320867e-5,-0.00012560011553798832,-1.6191005700025047e-10,-7.754216612398521e-10,0.0015495818553248803,-1.646469987490156e-9,0.00013202425197565546,-1.3384876714546097e-7,-2.9460879646310446e-6,6.232767949242865e-7,0.0001405694915154546,0.001082735625851702,0.00024934390332447123,2.603896475158921e-8,9.406444771897469e-8,0.0018920781903712283,0.0011136707417654405,0.007947118341020954,2.5060483018220627e-11,-2.3200709078745995e-9,0.0008887458426308127,-0.003905935791324993,-1.2773505928941293e-5,-0.0009284099973078258,-0.0021709143563853864,-4.373947644493124e-5,-2.593719585706453e-5,3.6849134515076466e-6,-0.00014199551822693065,5.0061658685225685e-9,-2.1081079885569876e-6,0.0005810494109275535,-9.310429197882864e-12,3.567843874950708e-6,-1.7117627617777998e-6,2.738773619912024e-8,-9.770599766636363e-9,-0.007571540274913941,-0.00019443980770304095,-1.549945988460525e-11,-9.773209237565897e-11,-2.0827689024007658e-11,-1.4891381721962584e-5,0.0014202536062464417,0.008453998110741457,-1.3994918435758675e-8,-2.53054110555862e-8,5.7281749093214495e-11,-7.984519100824652e-8,4.8617794085441e-9,0.0008936149190310298,1.6446534370988538e-11,0.0001543694362430385,-5.739948346175265e-6,1.4621876029529856e-6,-4.157224325190413e-9,-0.0004570957431783565,0.005111605953107547,-0.00011953185586375621,2.40084257101628e-10,-0.00011912899700147835,-5.518449728650811e-9,0.005871727882922678,-6.294824869280604e-9,0.0014657383956921664,-0.00029451141767600583,-1.038978253301656e-10,1.6243690603193774e-6,-3.8754650753592646e-11,-3.6521018032178666e-9,4.0855134230753573e-7,-5.8462677299632e-7,-0.017427838994481006,1.764412544032294e-12,6.151765839600549e-10,1.4274147197124436e-5,-7.268581794334139e-8,8.490117811636984e-10,4.494748281943074e-7,1.3792426885103816e-8,0.0012339727620296849,-9.546109492894708e-8,-0.023031586495899266,-7.665078400013414e-6,8.273789031333444e-11,0.0006009432611829467,4.755200728497229e-11,5.956766218415058e-12,-4.132120888792518e-7,0.0026693351241641686,0.0009261975431731009,-4.1531868772345815e-10,-4.002311976612142e-11,-0.0006302697093964873,0.007658931391252426,0.01602836916766825,-4.2411328966409503e-5,-8.943091143260445e-6,-9.474602276321975e-11,-2.16924600726529e-6,-5.833205214274384e-10,0.0003179602932862557,1.4044280624765278e-6,0.0006708358680255241,-6.838284263617264e-5,-3.0216433895626786e-10,4.7933701743728887e-8,-0.0002507168995812565,3.0185835707667412e-5,6.394241622761946e-9,-5.363935330848425e-7,0.0017306055497511845,-8.825822406033397e-11,6.718464747289324e-9,0.0008703091456166448,-6.819163103506536e-5,-6.544664901397721e-6,1.0522529362271035e-5,-0.026096222510752724,2.972328040905517e-8,2.759338722651637e-5,7.820969479165417e-12,1.528092588793527e-10,-2.1637746230318508e-7,-2.6392786226062125e-10,5.036423399344557e-5,-0.03497109839592705,-0.0042592160682527955,3.82005498462188e-8,8.331301161430924e-8,-6.102608292962526e-10,-6.646224550045892e-11,0.0053299870289530964,2.58108096207358e-6,0.004551572786087785,8.667581065366445e-5,0.001106947698643373,-0.002310347145700199,2.019575331301003e-9,0.0007537826275280476,-2.2918232743143786e-8,6.561529959106236e-8,1.6430166523425136e-9,0.0009521943148533572,1.011104643320147e-11,1.24898265202748e-6,8.516712123508316e-9,6.085134026841968e-12,8.147322548064244e-11,9.765797767604386e-5,1.396623582333817e-6,0.0009423042920935185,0.000637177428998655,-0.0001833883224045773,-4.5454285076705655e-8,-0.001865793283054305,2.2094800178292196e-8,-5.482836566062428e-9,-1.1498032114451898e-8,7.332606764091105e-11,-8.462996909908922e-7,-3.8900727390872057e-10,0.0003772142820586178,8.082525182697163e-9,1.0321726623166022e-8,1.939537926105381e-6,1.842807984205296e-10,1.9557599761915544e-10,2.900041131198719e-10,-0.0009846979600841312,6.461538189920218e-9,0.0028237878003658594,-9.147409106584866e-7,-2.4567997669577344e-11,-0.00020742038110487286,-0.0003557886596485417,2.7915801807547776e-7,-0.00977926373898028,-2.1057192153409802e-7,-3.5154364248097626e-9,0.0030949162876215026,3.6159077402273293e-6,-1.0484009410712772e-5,1.0425877105650556e-8,2.159864878031453e-6,7.169950915256919e-11,-0.0005673936051981087,4.5941083840735135e-5,7.200275577255531e-8,0.0007971080734418301,2.162859959425595e-11,-0.005329627041494641,6.819348921123738e-12,1.1735473916660721e-9,1.605701958600064e-12,-0.016918815452591284,-0.00028028124957227914,-2.71238609723086e-6,5.063241698150889e-5,-5.2556440503449625e-12,0.00041321576048362847,0.0028149307901681755,7.914077704819236e-8,-2.375918214004682e-10,0.005934393889790526,-1.5451956641056974e-5,-1.0365600513862659e-5,-1.0054080319268738e-7,-2.0476366207283724e-8,0.001697072498232833,-0.00653084854344162,9.881966558771394e-9,8.058956741351991e-8,3.948462186429769e-7,-0.0009962249162540435,5.467027071092623e-6,5.3616625147515456e-9,6.896184468093879e-6,-0.00022736132564684256,0.0014466670152879946,2.458124312129178e-10,1.8431993692417575e-9,-9.35940785061883e-8,3.04683704338191e-8,-6.363318339345115e-8,8.156721935065499e-10,-0.021677746024953055,0.004725291635470135,8.478182090706092e-11,7.925732480616345e-7,-0.0003552243812819374
0.0,0.0,0.0,0.0,0.0,0.0,0.0,0.0,0.0,0.0,0.0,0.0,0.0,0.0,0.0,0.0,0.0,0.0,0.0,0.0,0.0,0.0,0.0,0.0,0.0,0.0,0.0,0.0,0.0,0.0,0.0,0.0,0.0,0.0,0.0,0.0,0.0,0.0,0.0,0.0,0.0,0.0,0.0,0.0,0.0,0.0,0.0,0.0,0.0,0.0,0.0,0.0,0.0,0.0,0.0,0.0,0.0,0.0,0.0,0.0,0.0,0.0,0.0,0.0,0.0,0.0,0.0,0.0,0.0,0.0,0.0,0.0,0.0,0.0,0.0,0.0,0.0,0.0,0.0,0.0,0.0,0.0,0.0,0.0,0.0,0.0,0.0,0.0,0.0,0.0,0.0,0.0,0.0,0.0,0.0,0.0,0.0,0.0,0.0,0.0,0.0,0.0,0.0,0.0,0.0,0.0,0.0,0.0,0.0,0.0,0.0,0.0,0.0,0.0,0.0,0.0,0.0,0.0,0.0,0.0,0.0,0.0,0.0,0.0,0.0,0.0,0.0,0.0,0.0,0.0,0.0,0.0,0.0,0.0,0.0,0.0,0.0,0.0,0.0,0.0,0.0,0.0,0.0,0.0,0.0,0.0,0.0,0.0,0.0,0.0,0.0,0.0,0.0,0.0,0.0,0.0,0.0,0.0,0.0,0.0,0.0,0.0,0.0,0.0,0.0,0.0,0.0,0.0,0.0,0.0,0.0,0.0,0.0,0.0,0.0,0.0,0.0,0.0,0.0,0.0,0.0,0.0,0.0,0.0,0.0,0.0,0.0,0.0,0.0,0.0,0.0,0.0,0.0,0.0,0.0,0.0,0.0,0.0,0.0,0.0,0.0,0.0,0.0,0.0,0.0,0.0,0.0,0.0,0.0,0.0,0.0,0.0,0.0,0.0,0.0,0.0,0.0,0.0,0.0,0.0,0.0,0.0,0.0,0.0,0.0,0.0,0.0,0.0,0.0,0.0,0.0,0.0,0.0,0.0,0.0,0.0,0.0,0.0,0.0,0.0,0.0,0.0,0.0,0.0,0.0,0.0,0.0,0.0,0.0,0.0,0.0,0.0,0.0,0.0,0.0,0.1262949404220976,6.876530602169727e-8,-3.1672577062068036e-8,-0.0041555307772686055,-0.00019095845995050723,1.3828692119115375e-9,5.071874619354406e-7,0.00010023313676147243,5.5578578163187934e-5,0.002185019905156448,-2.59210912702841e-11,0.00313802534990652,-0.034721091638854985,-0.0035315589843073624,3.522362796732751e-6,-2.492032660622318e-8,-5.502550491642623e-11,-5.135467832876732e-6,0.003785934510817169,0.0005079680118994081,-4.004106963769667e-6,2.3518339430484955e-10,-0.0013844204398424582,9.238831634159599e-7,-0.0206871450427601,0.00010356556071274716,-2.880674120134791e-7,-0.0006073433191174363,-8.104098483061775e-11,5.35020547652349e-7,-3.72634440450953e-5,-0.0031326278730318415,-1.6045557819758736e-8,-0.003911550531102454,-6.3843692032102595e-9,0.00037424172578934094,3.676348300629556e-11,-0.007591528798989018,-0.008536368259136564,2.0201463583803525e-8,-1.308579674228024e-6,2.1427537610906313e-8,9.350724285551264e-10,1.839921549251607e-9,0.0007877209461439275,2.7243555429323077e-12,6.415100844213772e-11,1.5220584565804145e-5,0.0014013477531473007,-1.4358447072995921e-6,2.557087027773912e-7,-2.8716305032014624e-8,-1.4481691870537473e-6,-0.001530501613690591,0.0009451997727955243,5.30349734507585e-10,3.4785387438792013e-7,-2.8081008196763114e-12,-0.00011164835356997064,8.255762754218591e-10,0.00011495273675997092,2.402334185015141e-7,0.0009915584127366567,0.0003082296643875352,2.01262754201618e-11,-1.9829558708299298e-7,-6.544941868076088e-5,7.318791790446588e-8,0.00468573745610414,-3.3783967603347847e-9,5.755206351204312e-7,0.000517227705542778,-5.928212215103112e-9,-0.012727724231532116,-2.1388008304189612e-11,0.00048103662619385014,-2.0367732089645883e-7,1.677859053740008e-5,-0.0016697262168917136,-5.285520356749444e-8,7.531800933593469e-10,1.9666206266773912e-5,0.00017533628721173414,4.680940546647174e-9,-0.0025683885643099607,-0.0006440456261504034,7.101657062885883e-6,-4.351279271152536e-5,3.3605307821893343e-10,-0.018411468171412763,0.0001072567853056767,-3.019535150304022e-10,-2.3279710152792404e-7,-0.0008518289235772285,-0.004785841077525135,-5.5097276915767834e-8,3.6419103781204636e-5,-0.005254464510520044,-0.02208927935224407,8.239369859256187e-5,1.8543282868091978e-6,-5.367432751281873e-8,-0.00018116147092315244,0.003046062676383775,-1.3520327553888958e-6,-0.007927215996039572,-0.03724606720711511,0.0020753098337022505,1.6766953730450458e-8,4.424723727785833e-8,2.164546156045793e-9,8.323917126233502e-10,0.0004828928779279178,7.798005458981449e-5,0.0020404359101130693,8.793178200157153e-7,0.009028994947598004,-1.915184858918013e-9,0.03527764024578329,9.79896562810432e-6,-0.004038518402530729,-0.000337897213619879,-0.0010802042375596258,0.000422157186351073,0.0011171158593414297,4.8129538141121094e-11,-0.0035759166251545156,0.00014858047540966974,9.83337993863452e-6,-4.479650675991302e-9,2.269055169983311e-6,-1.9512553533510207e-7,7.381421235018447e-11,-2.085569969507582e-6,8.01793105628873e-5,8.280312597459129e-5,1.4227307337997397e-7,-1.0820563689182459e-6,-8.29990903118883e-12,-1.2753368783818828e-10,-5.01356315103768e-6,-3.705073608190819e-10,1.3521472000337224e-12,0.0002988752072703047,-0.04294345121798639,0.004016768120921415,-2.841073816528031e-11,0.0010728003477372475,-4.003328984740252e-11,0.0018329445609661249,-1.8605813963808176e-8,-2.760665608805787e-6,-2.994419516442416e-11,1.43468673938985e-5,0.00014560956518354024,-0.00018163511604564603,0.0006822364588769936,0.0006649543354147386,0.0017925418179738863,-2.2305008927876174e-9,0.0007137033816836606,-0.008033452785937971,1.1885056733233418e-6,-0.0008632796254856521,-0.0013809760993440158,0.0002208685676520414,-8.388635858018079e-12,-6.522596350118383e-5,4.283163522826611e-7,-2.1231955125358873e-6,-0.01019559379229084,8.867996901620401e-8,-0.00756017911869076,9.687061251684023e-11,-0.0007784957928356715,-0.003650329034739883,0.001095954420512302,1.0490568495793714e-10,0.05644932420122805,-1.127215159540869e-7,-4.069100126155519e-11,-0.0008214548771297419,-2.619262676086666e-10,3.1749533903807385e-8,6.2000015820486e-10,0.0001176109348613426,-0.008160319062597739,-0.00895865628048763,-1.4036578210365788e-5,-0.00022221850536639486,5.661561328036491e-7,0.0002609588798670993,-8.983562669923818e-9,-0.01518734665819048,0.011566323154240114,0.0030210286580190948,1.624308554747155e-11,1.1966648632896224e-11,-1.681859543411683e-9,-4.1530457736418494e-7,0.0003965124479159178,-1.287161241587743e-8,0.01154226590653814,-8.717759544043255e-11,-0.0002937957522667778,0.0007517424480117258,0.0002192456488714763,5.688999487950284e-9,0.0014092848437139707,9.648145801825356e-11,-2.946448928273981e-6,3.0571214966511555e-10,0.01819483323022744,0.0007472683460911938,-0.001850809237017621,-2.2343677405218932e-10,0.0002600590611143716,-0.015423254966575744,0.013297261705489206,0.01147981413711709,5.7230240839502814e-11,1.2188101108075164e-7,-3.524269960173464e-8,-0.005960015501350568,-0.033134215621455514,0.0004979242780917111,-1.5529605243244735e-6,-0.0009639934885658435,-1.6302761016216207e-12,-3.795014561616342e-7,1.3616053745236887e-6,-0.0011546131410856816,-1.3919323934768972e-9,3.6024593966296673e-9,0.005678117759745444,-0.032906331113993686,-2.8844525677852614e-6,-3.4906604496308846e-7,-3.1844755188593696e-5,0.00016759446980043965,-1.0153621579037989e-8,-2.821021522644619e-9,-0.0027487271143294455,0.0070888467826032515,2.132306966669059e-10,-3.093678431694211e-5,-0.016987118393863257,2.045328989256336e-5,5.923286033644875e-7,9.136175017469115e-5,-1.4298218135002977e-8,2.5673990229708735e-7,6.791559352055367e-8,-3.992058813173416e-7,-0.0003763962227825361,2.3297399323478077e-6,-8.16233232004294e-5,-1.4961979212038517e-9,4.1438831553661696e-11,-1.1961283569930005e-5,0.004727186190122105,1.0514444024696284e-12,-9.389511884612212e-10,-5.317361168512963e-10,-1.0386252705109262e-8,3.9535689669937343e-7,-0.0023121563971757676,-0.002603927722805644,4.016577097116916e-9,-8.828018480366915e-5,-1.1282285404882025e-8,1.3197396660294657e-10,1.1439275804878234e-10,2.0408589433202566e-8,-2.130758307820573e-5,-3.054877054761585e-11,7.005943299590038e-10,-2.6041017030252043e-5,-0.0008603386528975273,-0.00039306995157607896,3.190839455788638e-8,-4.2588295797197074e-9,-3.8070023158703174e-7,-7.774138306584081e-10,1.6596281005235592e-5,2.5280677455973088e-11,0.0012179908692207678,0.0007738435699348299,-4.133637757979978e-11,1.4098998091616689e-5,5.325456650093112e-9,3.7189653272578225e-10,3.1575381226287967e-9,0.0002528990661473946,-2.3607510560380426e-8,2.8072229146741314e-5,-8.913039249523902e-5,5.668641229866368e-10,-3.9406821631222487e-10,-1.1068462095291556e-8,7.616884965150431e-10,4.5930179168262265e-6,-0.0026043145747959386,3.84298554307055e-12,-0.012427989831182682,-0.0031810147377575077,1.1796301101778951e-10,-1.1307054662989798e-5,-3.6905567386916814e-5,-3.4796239151487736e-8,-1.2793177699285904e-8,-0.0012648204918809904,-9.519391332269462e-5,-6.138593304853795e-7,8.474345174079804e-11,-0.00016320082818286735,-0.0011806989718274373,3.4765366524603637e-10,-0.00020119064716939014,3.9265394620875337e-7,1.9773989195739272e-5,1.0081572877295429e-5,3.043552512902724e-7,-2.1254641533379578e-7,-2.538796251750878e-10,2.7902309327087086e-8,0.00047335208912301324,0.0001585719767330475,-3.6347654733082066e-8,-5.591429810144037e-10,2.4782716884105427e-10,-9.000369380917541e-5,-0.0019712998557550126,-1.3409694238906443e-11,-6.12238718704585e-11,1.705696559980074e-7,2.636180180889465e-11,-4.3385470467662106e-9,4.673623324941933e-7,-3.4811761739866817e-6,1.7356795587498282e-8,3.252745155911359e-7,-0.0005452073113774253,-1.4268363717891193e-5,-1.7518005225797886e-11,0.00030864843939480186,2.3453770437722858e-7,1.6694224910962274e-5,-4.219771166354174e-5,-0.0006078289975422806,-1.1290834601895871e-10,1.1351200108876189e-11,-1.4781109020235976e-5,-0.001479719438909383,-0.00023504586390811786,2.6993620236593267e-7,-6.321425952797851e-10,3.772573212396696e-9,0.00011748238819247965,-8.79521326016186e-5,-0.0006787986370495323,0.0005257911633961187,-0.0016832882833904795,5.646057698421595e-10,-0.0002848350248769762,-1.0993701169507366e-7,-9.885933270039962e-6,8.397241757662132e-6,-0.0023256863181908994,4.227488057403713e-8,-1.6480367262404478e-8,-1.621357399555766e-8,-0.0009759040367896248,3.396790909330122e-12,0.0007280780052636599,-1.026462389826002e-9,0.0004874906521804238,8.031256453759556e-10,-7.320188369800937e-12,-0.0008606707735749656,2.571283363970122e-6,-0.0010010145438991923,-0.005892918412712156,5.166332732619739e-5,7.602229650790406e-5,2.043440481612066e-10,0.009844443007923606,-0.016707993390292254,-1.0595532737450131e-6,-0.00012433215558744104,0.004602763903646794,-2.4873063651534184e-6,-1.6735932350730412e-5,1.1094156395363471e-7,0.0001941021311787537,7.201250409694296e-11,8.209453955129106e-6,-0.003663622381238444,1.8955630293241213e-11,0.01492582380895363,0.0001668743546007036,-1.8619885732787878e-5,4.943149445056176e-11,2.5728406111833336e-10,0.004837896856263506,0.003305345387681548,4.74164278144977e-8,-3.759583809562557e-10,1.1222580092015373e-9,-7.669740191170211e-9,1.0448365271038553e-6,0.052193777664206915,4.692710303093032e-6,0.00025729072531943155,5.231144086878823e-11,-4.917289663620218e-5,3.3234202121292726e-8,-4.182764728586131e-7,-0.0017631606760932696,7.842781547007246e-5,-1.2026073082774709e-9,4.760852462102778e-7,-3.75715102356641e-5,6.65428654978543e-5,-2.8274770767692266e-9,0.020627504637435182,0.002245358602717591,1.678340480604693e-8,1.9258893886457187e-7,-1.6636193724126755e-6,-4.5056399980846397e-7,-1.9532635520352617e-10,-0.0012031439129932195,-8.173316399618423e-7,-0.00028901247221883744,0.0012459500284864612,-6.203754661534796e-5,0.005396873007215228,1.4036667974611776e-7,5.835430206611654e-10,4.2486169103512864e-11,-0.00046737222319069804,-0.0005578430404091831,-0.00011757403003073624,-2.1500754244455342e-5,1.1627382040666874e-9,-7.670270863424745e-6,1.3454254619974415e-10,-3.3901807898136183e-7,8.895850950265244e-9,2.913770615879513e-10,-0.004543173029859472,1.3758059467746629e-8,-0.0022270224227225847,0.00015369415997760946,-0.013597251882672664,-4.903328636214617e-12,-0.037927392930940426,8.151163397847988e-6,0.0006250986537988197,-0.006684970567212306,-0.010931390020724546,5.874426596293114e-7,-1.216006589086748e-6,2.4298057449849696e-11,1.2166588342970336e-11,-3.628462395698913e-11,-0.0001909156522496219,7.376265608618636e-11,1.4049860934123934e-6,0.005833998846821523,-0.0022528064134985583,-0.0006493328941702737,-2.2486565168288198e-5,0.009170414993286585,1.6370568861368971e-12,-9.954242243395713e-5,-0.0003550519666222619,3.2369607794984063e-6,-0.013673371986362093,-0.016253736935128008,0.01177667920224029,-3.3616974537029604e-11,-0.0008609144673259738,7.071935212354287e-8,-2.4560670861770565e-6,0.00022842641048761327,-3.964188317167939e-8,-5.4747762123865565e-9,1.3083536350228445e-5,-1.2172993111198823e-10,-0.00010595574761726402,0.001072515646641508,-4.811307411389532e-8,-7.292710111549718e-6,-2.558181561638173e-7,-0.004310850960454546,-2.7373765901605875e-6,0.0008720547085270548,5.641683396061777e-10,8.304531159544244e-7,9.29896687049111e-6,-2.3577673485584523e-8,0.007479914343040087,-4.700353840883565e-9,-0.030762792734443305,0.005745740145100357,-0.0013234669629570701,3.8406638185505665e-9,7.819272264809036e-9,-2.4338644656102926e-6,1.6299938972932825e-6,0.0010071694849195915,-1.9600783120394873e-8,4.0570841520961347e-10,3.773861138977448e-5,-0.00034584812138593695,1.7499784472364176e-10,-5.695568788413978e-7,2.074639533577778e-6,-3.742224738140561e-5,-0.000821711351328245,-1.647621747144041e-10,-9.337703131636298e-11,-0.014255087708046177,0.0002441143598556487,-1.0345377332907574e-6,-5.847840367619545e-9,-9.432196208637767e-7,0.007058487864072399,-1.1486406113512944e-6,1.2640851833182385e-9,1.0575376363694528e-7,-0.0011823706541537352,-0.00028387386846947426,0.000747291148363543,0.0008776245098493013,0.0003249952142625317,0.001698632816207229,1.0300737430030135e-9,1.4356808306506004e-10,0.0004959479352748985,5.013167320727462e-6,-1.8945050121371564e-11
0.0,0.0,0.0,0.0,0.0,0.0,0.0,0.0,0.0,0.0,0.0,0.0,0.0,0.0,0.0,0.0,0.0,0.0,0.0,0.0,0.0,0.0,0.0,0.0,0.0,0.0,0.0,0.0,0.0,0.0,0.0,0.0,0.0,0.0,0.0,0.0,0.0,0.0,0.0,0.0,0.0,0.0,0.0,0.0,0.0,0.0,0.0,0.0,0.0,0.0,0.0,0.0,0.0,0.0,0.0,0.0,0.0,0.0,0.0,0.0,0.0,0.0,0.0,0.0,0.0,0.0,0.0,0.0,0.0,0.0,0.0,0.0,0.0,0.0,0.0,0.0,0.0,0.0,0.0,0.0,0.0,0.0,0.0,0.0,0.0,0.0,0.0,0.0,0.0,0.0,0.0,0.0,0.0,0.0,0.0,0.0,0.0,0.0,0.0,0.0,0.0,0.0,0.0,0.0,0.0,0.0,0.0,0.0,0.0,0.0,0.0,0.0,0.0,0.0,0.0,0.0,0.0,0.0,0.0,0.0,0.0,0.0,0.0,0.0,0.0,0.0,0.0,0.0,0.0,0.0,0.0,0.0,0.0,0.0,0.0,0.0,0.0,0.0,0.0,0.0,0.0,0.0,0.0,0.0,0.0,0.0,0.0,0.0,0.0,0.0,0.0,0.0,0.0,0.0,0.0,0.0,0.0,0.0,0.0,0.0,0.0,0.0,0.0,0.0,0.0,0.0,0.0,0.0,0.0,0.0,0.0,0.0,0.0,0.0,0.0,0.0,0.0,0.0,0.0,0.0,0.0,0.0,0.0,0.0,0.0,0.0,0.0,0.0,0.0,0.0,0.0,0.0,0.0,0.0,0.0,0.0,0.0,0.0,0.0,0.0,0.0,0.0,0.0,0.0,0.0,0.0,0.0,0.0,0.0,0.0,0.0,0.0,0.0,0.0,0.0,0.0,0.0,0.0,0.0,0.0,0.0,0.0,0.0,0.0,0.0,0.0,0.0,0.0,0.0,0.0,0.0,0.0,0.0,0.0,0.0,0.0,0.0,0.0,0.0,0.0,0.0,0.0,0.0,0.0,0.0,0.0,0.0,0.0,0.0,0.0,0.0,0.0,0.0,0.0,0.0,0.0,0.12628203802949875,-0.006378190153467718,-1.0060456363066407e-6,1.8481756365942763e-6,-0.0004837240473459161,0.005467035242605705,-1.0494143292915754e-5,-5.724360944924537e-5,-6.959776641464228e-9,1.8927975171189303e-5,6.130460456831387e-9,6.224113738154267e-9,1.430281566159917e-7,2.399342501790036e-5,-0.01015447987518317,0.0001830679899164592,-0.00047694292087737956,-4.989309615359378e-10,6.892668382140676e-10,0.0005014302355692903,-0.00010343205585825233,1.1619367059195994e-6,-3.3426256777583166e-5,4.581492989483956e-8,1.418818494612492e-5,0.002498951078323513,-7.70139133663558e-8,-4.463881314821702e-5,0.030998276116379807,-1.0926647274164206e-5,-9.61600790901685e-9,-0.0048781265870353665,-1.0003434028923351e-8,-0.001763442461275446,-4.242671364093189e-6,-0.00016485990872742358,-1.7218154172152397e-7,1.8788808124263014e-8,0.040606170416083276,-3.305790230431732e-5,0.003602693014511841,0.00043349933316960833,0.009623677949083082,-2.496864664972905e-9,-3.5099461186376615e-5,0.00024778731422123515,-3.278973230556449e-5,1.562538404018798e-9,-0.0005392664199854809,-0.004815004445538269,-0.006342441875481255,-0.0005198305729878275,1.5476518572558465e-6,5.0963845539874534e-6,-0.0026526807563343096,0.04523275358333848,5.691522231507588e-5,5.079806374105543e-10,-0.0009633400391034166,-2.334222427587657e-5,-0.0033216192944026746,-8.358143775197466e-8,-9.441706363662153e-7,-4.0603630289634874e-5,-0.0055058562327655915,3.8530787209328904e-5,-0.0026174019717074147,-4.588186070055668e-8,-0.0011092817875656853,0.0023212297119184445,9.369271224097791e-7,0.018423529894373094,6.907817138207085e-9,-2.39662566976743e-5,3.0901413005197946e-8,0.009710594160575374,0.00015624538176140396,-5.912924561785873e-10,-0.008080536223677222,-0.00029096872554740244,9.169327329533102e-5,-1.0727605170689214e-7,-0.0003432328332322342,1.0879515462727438e-9,-2.5130015224162885e-6,0.0003328779405584051,2.2953591389439683e-5,-6.298963601646602e-5,6.024848970177504e-8,-1.2423958211215141e-5,0.00022494156497653643,-0.02823073045111345,5.135073515751053e-7,-1.2063886495672586e-9,0.004670789035236667,-1.9723574499076526e-5,-2.966685818379479e-7,1.081971245124677e-8,-6.741040516603533e-7,0.0012192771260973328,0.011141319768673578,3.984216295596125e-6,6.157011085296618e-7,0.000236973679008673,1.7220500625019524e-9,-7.317787946389053e-8,-8.479276757314038e-9,-0.009679779129870005,-0.008555067016741873,-0.0015364264620507128,0.001180602874434356,3.080095339752582e-6,-3.607644550737931e-5,9.124444712379669e-10,0.0059213734516620105,-3.6336667978146204e-9,-0.0028438713215824113,-7.43522736270292e-8,0.00055255035683261,-6.657742505464016e-7,3.754473201444926e-8,-5.893637118281759e-7,-5.897381137339693e-10,-1.075613783672004e-6,-2.9109650331837727e-5,-5.600534318672714e-10,-9.70739636469761e-10,-0.00016350575944960142,-0.049599077562648405,-1.0130302415327846e-5,-0.0010793517594550712,-2.618809440700015e-5,-0.00014886558768406147,2.104436576669341e-5,3.1304336330414636e-6,0.005244846722049214,0.0005160914695083172,-1.1051022081969664e-5,0.0002755253704251379,9.235120603384366e-5,0.0003282108615854861,-1.872626749299421e-5,2.403344291010325e-7,3.2820609570957974e-8,1.0848185255826212e-10,-7.896647715648866e-6,-1.050393007932543e-7,-8.904626605769588e-5,-1.4813144292894955e-9,-0.004915673051425178,-5.899139690171165e-6,-7.350798742827924e-5,7.782585311881754e-5,-1.9542013742237717e-10,1.4902498592592313e-9,7.897267251825629e-10,-2.1088614419766993e-9,3.255442765639487e-10,-0.006228127122435734,-3.953288019161169e-7,-8.392447599209317e-7,0.0010955332402943906,8.555207185134602e-8,-1.3271733691891345e-9,4.030069783800032e-6,-1.9902596821590307e-5,4.7818245108128965e-6,-0.002425271142663886,-0.00015275770668025785,1.4724957343509216e-8,0.0047344280290820846,-4.369167422620516e-7,-0.001970166595367229,-1.2777002220825645e-9,-5.000045208841872e-9,-1.5502563866317416e-7,0.00044564972914203115,-5.778598228874496e-8,-0.04248861687874192,3.543239191371215e-5,1.7818994076821645e-9,-1.553237414119619e-5,0.01694777888656183,0.00076028284458958,-1.8156537852849484e-6,-5.079246499854249e-9,7.773031475836362e-9,-8.077237270930045e-5,-6.36405854968116e-10,0.0006981155874670089,1.1179909283439162e-9,-0.02936786292765155,-1.505412943227062e-8,2.325644182633676e-7,-9.835964045305146e-8,-9.787171978169728e-6,8.428216408467414e-6,0.00936192053158639,-0.0002870072784504776,-2.5385483127267395e-7,0.03928922390842599,-1.410728618877961e-8,3.854956899316492e-5,-6.868849123875241e-7,9.401390747693155e-8,-3.382628131357526e-7,0.017076863684674044,7.459511266412297e-10,0.0004051557436440687,-0.00019410957445899598,0.0007171171013253827,-6.2119225740037124e-9,-1.603786401051562e-9,9.285603664013637e-9,-0.0003511698488997,1.1851902180749535e-8,1.7593607835835267e-8,-6.41591555337067e-10,9.979538224464924e-9,-3.506528490607802e-5,-0.00818453183744449,-0.008936238671898966,-2.8966347112526327e-10,4.408557704357971e-8,-5.230312417339257e-10,-0.00024404397689642494,6.445890810592486e-9,4.05720006487231e-5,-0.0006757125494443957,-0.0002263936326523325,1.7471907109319627e-8,0.0017052930703818229,-0.0007985159984168021,-2.6635929832180805e-8,-1.696357478097719e-8,-0.0003369294189554144,0.0004930281868320264,3.260344297504149e-6,4.267047336569544e-6,-0.005475404630006942,-0.0020166635512563233,2.0085900413302236e-9,1.559536389023719e-7,9.365509730558373e-5,1.779453530051458e-5,6.958757144401521e-8,-1.697545831996133e-5,0.004499673067249646,-3.2803800610615153e-6,-0.007692923742419872,0.004477482844823417,-0.009831094699412,-0.0008468025320682709,-1.1752556212490434e-9,0.00011539758018900198,-2.3369516544990616e-6,-0.0009354153893553143,-4.246543894656614e-6,-0.00011674509818390486,5.2798861880819735e-9,1.0648246254899188e-6,0.0010551162371747094,-0.0010311503398258018,-0.001220089109293988,0.001354457985652025,-1.3197225534319475e-8,5.026349758942593e-8,0.011362507162840336,-2.521904978205574e-6,0.000830602284482111,0.0010185058954017786,-0.00014808559214770238,-0.0020629063589244776,4.397407897126971e-5,6.0717421975753413e-5,0.0003210425736487954,-7.363120303279376e-7,-3.927849816367235e-9,-4.222424331252187e-6,0.0001806403979123462,-0.0033995867752173057,-0.0007735197741072801,0.0010947243283161603,-5.021314694630985e-5,7.116917200133474e-6,4.3604418831246254e-7,-5.273818813368331e-7,-0.003496432751392422,4.16411578133763e-5,0.0016354778088219445,-0.00010990440384469084,0.004231413987173321,-8.242330987971076e-10,-0.002780510158680111,-9.621074079779074e-6,1.0671682165988007e-5,0.0003722045042946682,4.281264301417616e-5,-0.005783345708249354,0.0005357231893123785,2.0760463104678962e-5,-2.915448899594779e-9,-1.0430131810328818e-5,6.443501872774084e-8,-4.469431057180847e-9,7.865475449320016e-5,-5.469483113373915e-10,1.0480371821452753e-5,-0.0033561259199051093,-0.004041422099008818,-3.7556243897473135e-10,1.14767670889204e-6,0.002050098820007825,0.00045772747835357057,-4.269258961033109e-9,8.227212890548634e-9,0.00044158441488177625,-1.522163577999607e-7,0.035054629859831855,-9.102603645329715e-6,7.979913762758705e-5,-8.361755827313593e-5,-0.0066336760933441395,0.002680377951345271,0.0008536771397586438,1.4496183672917777e-7,-3.4139107097076865e-6,0.0007109940227098393,-0.01809369730319101,0.0012925520051133333,2.1986982888450213e-10,-2.7042939317463372e-8,-2.266959386757017e-5,0.00011602546177427461,-0.005154241498280657,2.7079855920178875e-5,-0.0024811576694221973,-0.0017236210371900894,-0.0005418300461715996,0.012846174229311941,0.0013250067617206524,4.5310716533199634e-8,-6.128120177015362e-5,-1.4803072065152679e-6,-5.771263151631366e-10,0.0009132942884474643,-6.296056978073126e-6,2.797181040911104e-6,2.9934111447135107e-6,1.1841230640018542e-5,1.2276088582868326e-5,-3.001635765054724e-10,3.828646387568783e-9,-1.0949418492036374e-9,6.91843207034976e-5,-0.001006058845525305,0.013520794422712153,-9.312904872556353e-7,3.1338330070940414e-6,1.3471862036208903e-9,3.879661525352319e-7,1.7262400119883598e-8,-0.0014166892704497705,3.233402410834435e-10,-0.000364794688969152,-9.675119711012629e-5,-3.539348483289249e-5,-6.451396324897271e-8,-0.002643610755684291,0.011556576638945285,-0.0064548582324883905,5.259407766534969e-9,1.567026407708477e-6,-5.187055428682979e-9,-0.0006217225874797761,-9.079083223488354e-8,-0.0013191120987411501,3.915776273401498e-6,5.679394364591727e-9,0.00020008266660270595,-1.7127217338741798e-6,-1.021895306505451e-6,-4.540077754309059e-6,-9.64641750870613e-6,-0.0035661832418397736,-5.770367401200672e-9,4.8485751587272604e-8,-0.001995224419371448,-5.247248152666139e-7,-1.3041316992644906e-8,-1.929587598715339e-5,-4.346575974851334e-7,0.027639016347511786,-2.8852790516574778e-5,-3.235065039613158e-5,-1.735943416242075e-5,3.142752058195651e-9,7.339931337850307e-5,-9.837241304928155e-9,-3.133944582038986e-10,-8.618265991671388e-5,-9.586680957664687e-5,-0.00103759810698024,-7.441907244223168e-9,1.5840057889538238e-8,0.005391734955083893,0.0001060412963402127,-0.0002165039959668026,0.03308205602703795,-0.0011128259924108827,2.069330795346972e-8,0.0001963954813542029,4.1899799372162054e-8,3.2467044857579754e-5,5.332712772174646e-6,0.004575516320913051,-0.0032326605004795333,1.589646829086038e-8,-2.8334147700627438e-5,0.005449274271041825,0.005729700893277683,3.137425198366458e-7,-8.859437785444167e-6,0.002103158694684688,-1.1009507507614786e-8,1.3172918072257794e-7,0.014777597136751653,-0.00014885600405829317,-0.0003591223097924459,0.0016316267062399929,6.816314536934344e-5,1.0459643247243049e-6,-0.0009327759574809763,-6.931964439723006e-11,-7.612120398179807e-9,-1.8338752679289202e-6,1.6690669641219363e-9,0.01197553797051126,0.00035809864500781886,6.770573290346891e-5,2.707555231177971e-7,-5.058158811738174e-6,-4.511025474145028e-7,-1.1826548329001385e-9,0.0015892565748228285,5.7940672057990175e-5,4.768398160558071e-6,-0.01685662178353626,0.0004713058701914159,-7.636072745027072e-5,1.0947723177953237e-7,-0.008350318767746806,7.779003942365544e-7,-8.388720212347288e-7,8.918429940445271e-8,-3.63347853352122e-5,8.740807483279171e-9,0.00020233932976928485,1.195534401288687e-6,1.648919920393331e-9,-1.5626591685151985e-9,0.0016645260416141428,-0.00026867397148644644,3.1706821956493135e-5,-2.0671465827471515e-5,-4.1780418836468745e-5,-2.0720648170924314e-6,0.00012744432302290378,3.748819104304145e-6,-2.0433164137966748e-7,-7.174044413051754e-7,-4.5799615722411243e-10,-3.6389509409607345e-5,-5.125181943295539e-9,-1.1003764232343178e-5,-5.603779755189549e-7,-1.0984551421535612e-6,3.6290355021088516e-5,1.0911253944280904e-9,8.772680157072565e-9,-6.270202117609936e-9,6.754459432434292e-6,3.296487242028378e-8,0.07615935279608464,-0.00013703419895567124,-3.6440044122215537e-10,-0.0024004037156058378,-0.0021317731879151817,1.6035457519294346e-5,0.00017385817865450985,-4.6474668575225765e-6,-6.336763938793715e-8,-0.00506670677321034,3.621934742358014e-5,-0.0004420708228617132,-4.303150928070253e-9,2.318807886289011e-5,-8.379988453950027e-10,0.00010395640260054969,0.0004973794114775268,2.3291872656512586e-6,-0.0054083580490308395,-1.3706347631688273e-9,-0.00553710604345568,2.2822842382611493e-9,1.1192408381683149e-8,-3.935775320847387e-10,0.002900083832453804,0.0018394827268129047,-0.0008058047678555022,0.0008893140833254595,2.2860347971723543e-9,-0.005112325798481612,-0.00022607619780571088,1.9014639431211442e-5,5.823297533920829e-9,0.00037902843016313054,0.00031206456903955254,-0.0001764619775337243,-1.0772685224334536e-6,7.508042339678204e-7,-0.00024341946873711182,1.4069868230259769e-5,1.0219657650613776e-7,3.359933372329468e-6,3.830471223035748e-5,-1.8818897531281577e-6,5.0734854792852575e-5,2.2324826423682908e-7,0.0002938167678491583,-0.0037599085130428154,0.0774594740772239,-1.035758334139764e-8,2.250622131763278e-8,-1.3764405990333823e-6,6.093703122537987e-7,-3.4589346816488132e-6,9.901450693913233e-7,0.00034574305711575914,-0.00027018043756390445,3.287855606306272e-9,1.1197999073183888e-5,-1.5311780313049266e-5
0.0,0.0,0.0,0.0,0.0,0.0,0.0,0.0,0.0,0.0,0.0,0.0,0.0,0.0,0.0,0.0,0.0,0.0,0.0,0.0,0.0,0.0,0.0,0.0,0.0,0.0,0.0,0.0,0.0,0.0,0.0,0.0,0.0,0.0,0.0,0.0,0.0,0.0,0.0,0.0,0.0,0.0,0.0,0.0,0.0,0.0,0.0,0.0,0.0,0.0,0.0,0.0,0.0,0.0,0.0,0.0,0.0,0.0,0.0,0.0,0.0,0.0,0.0,0.0,0.0,0.0,0.0,0.0,0.0,0.0,0.0,0.0,0.0,0.0,0.0,0.0,0.0,0.0,0.0,0.0,0.0,0.0,0.0,0.0,0.0,0.0,0.0,0.0,0.0,0.0,0.0,0.0,0.0,0.0,0.0,0.0,0.0,0.0,0.0,0.0,0.0,0.0,0.0,0.0,0.0,0.0,0.0,0.0,0.0,0.0,0.0,0.0,0.0,0.0,0.0,0.0,0.0,0.0,0.0,0.0,0.0,0.0,0.0,0.0,0.0,0.0,0.0,0.0,0.0,0.0,0.0,0.0,0.0,0.0,0.0,0.0,0.0,0.0,0.0,0.0,0.0,0.0,0.0,0.0,0.0,0.0,0.0,0.0,0.0,0.0,0.0,0.0,0.0,0.0,0.0,0.0,0.0,0.0,0.0,0.0,0.0,0.0,0.0,0.0,0.0,0.0,0.0,0.0,0.0,0.0,0.0,0.0,0.0,0.0,0.0,0.0,0.0,0.0,0.0,0.0,0.0,0.0,0.0,0.0,0.0,0.0,0.0,0.0,0.0,0.0,0.0,0.0,0.0,0.0,0.0,0.0,0.0,0.0,0.0,0.0,0.0,0.0,0.0,0.0,0.0,0.0,0.0,0.0,0.0,0.0,0.0,0.0,0.0,0.0,0.0,0.0,0.0,0.0,0.0,0.0,0.0,0.0,0.0,0.0,0.0,0.0,0.0,0.0,0.0,0.0,0.0,0.0,0.0,0.0,0.0,0.0,0.0,0.0,0.0,0.0,0.0,0.0,0.0,0.0,0.0,0.0,0.0,0.0,0.0,0.0,0.0,0.0,0.0,0.0,0.0,0.0,0.0,0.1257496092669246,-7.01823555774172e-7,1.7153338347568865e-5,-0.0038883698165023003,0.0026083342761128985,3.887567685411573e-5,-7.512005252765124e-5,-6.149564348773233e-9,7.730827816372918e-5,-2.076669342546754e-9,-4.889247534861602e-8,1.94386414660826e-7,0.00036765119233154173,0.0008044567781365071,-0.00024237842933112378,0.0005579832546412924,2.1775806281109596e-8,3.177197970867777e-9,-0.0006123813282032421,-0.0003335518402712104,-2.2951961818022296e-6,-0.00012785890753919623,-4.837172558752891e-8,-1.3299152000360814e-5,-0.0037022059160707315,1.8685094730975995e-7,-0.00013516136723286333,-0.00280159960670132,4.454617029331478e-5,-1.9690535514178713e-8,0.011475100496558862,-2.335962338670841e-8,-0.0009739963554865852,-5.052207584454508e-6,-7.149148378508832e-5,1.248063161303076e-7,2.7169005756432555e-9,0.0030827542799851597,-0.0004740432099258905,0.006654294022647344,0.0008595815066154376,0.004500410980417808,-1.313096985034797e-9,-8.384365018234888e-5,-9.438377664857609e-5,-0.00016978038686879402,-1.5370260219547825e-9,0.00199164471159478,-0.006035602806066452,0.04727454399262774,8.007221475528444e-5,3.2287374290518097e-7,5.313156453137563e-7,-0.001896484892240696,-0.002745101903968999,0.00010472376985503433,-6.70763799110436e-12,0.00014423298399645685,-2.641610908691669e-7,-0.008070767985140634,-3.0858551823895385e-7,-2.7298247444160517e-6,9.349445039668055e-5,0.0029158938308494254,5.120855791847773e-6,-0.03767488487924901,1.256754020735675e-7,0.0040396877468542305,-0.00044219996049703705,2.5428563070632465e-6,-0.008967210576160024,4.797557383143967e-9,5.350979129923344e-5,4.7933455171097796e-8,0.00931613587261402,-6.0831061536424056e-5,-2.9723406584477804e-9,0.05981321178945916,-0.0032697257310198764,-0.00024255178158124664,-7.128936603606718e-8,0.004220165919161723,9.694338428519353e-10,-4.035007434546777e-6,0.0003115069417452128,-2.2312680101937003e-5,-6.38008765803692e-5,1.6050975087065605e-7,-2.4762179379972557e-5,0.00021312121344345264,0.004988104575511049,-5.93443833076876e-7,5.823758679869165e-9,0.01994135614199453,-7.247051098041616e-5,-1.0478832665020341e-6,4.343248184232654e-8,1.522580083398168e-5,0.00022107182728547343,-0.037535605357872405,2.077028350897852e-5,-4.878754684146941e-7,0.00023535933370497146,7.474956724281814e-9,1.403446801342164e-7,3.993371365621078e-8,-0.0030653660162637503,-0.0005340922388460967,-0.00041347455714118995,-0.002891140420908234,3.1885148580973516e-6,-8.122200463042635e-5,5.052242969648491e-9,0.0016345365961282154,-6.121628133774528e-9,-0.006218042562750553,-5.4075269739899e-8,0.0004115122166997837,-8.066583188288354e-7,-1.0431066043298305e-8,-8.906668612266189e-7,-4.5539369031257995e-11,-4.366754239809632e-6,3.054830670204742e-5,-6.233234514952491e-10,-4.366192824093804e-10,-0.000311857513583338,0.00020560458027995342,1.5701459844097958e-5,-0.0005474512918009053,-4.1819118855449775e-5,-0.00017913059371254603,2.1094788698054313e-5,7.316940412824267e-6,-0.00810636886923658,0.0008487487721129711,-1.6571587367501592e-5,0.00027430585113452004,-0.00013034848990816392,0.0008086311982103875,-7.973462052131138e-5,-2.4537478560904075e-7,-1.4783173774755042e-8,4.449256431243012e-9,8.518680840154918e-6,-3.7473049481019354e-7,-6.644275900296429e-5,-2.106321417012224e-9,0.030947094711667587,0.00016900835177232354,0.00013983380298769482,0.0002846894094509354,4.489523889967028e-10,5.549201753184746e-9,-5.697856457659883e-10,-1.076707398405241e-9,-1.5089376338520417e-9,0.0035998592477194786,-1.6524339801448385e-6,6.13577298712947e-7,0.0009355794735726964,-1.8407515593571848e-7,-5.8743834023688156e-8,-4.421589676181026e-6,2.9085881537555487e-5,1.5805526122480492e-6,0.0044275327672176415,0.0018726095971179837,-4.9731966969222453e-8,-0.03936805682133946,8.678333195129745e-7,-0.005544606108930074,-2.113777162825068e-9,-8.132277269681358e-9,-1.615110358333267e-7,0.0007762589849791502,-3.5174423569917265e-8,0.0011377381017400254,2.6776242593652742e-5,3.573320622770812e-9,3.248430310730014e-5,-0.018895186029758235,-0.0012220997405439308,5.576631870035116e-6,3.814422728152561e-9,2.304961628453094e-8,6.864162213870905e-5,-7.740418499826444e-10,-0.0005062348306148923,3.200836941753216e-9,-0.00381737308624635,1.972335880296276e-8,-1.2008768110410135e-7,-4.0894094223568007e-7,-7.5817374979333e-5,-5.6371120359288995e-5,5.760576772842249e-5,-0.0009457567317780941,5.19301756936135e-7,0.00041986792359704177,-1.9197035878598332e-8,-0.0001353712628781842,-2.903854671083424e-7,-7.557473958914849e-8,3.80519368588927e-7,-0.008790723425671857,5.235385035691498e-9,-0.000458936956540546,1.2824353699372189e-5,0.00020572972520635545,1.9364541318989337e-8,-1.329516784495219e-9,7.10337127677761e-9,5.0511077875910464e-5,-1.2225387163221007e-10,2.314542600426353e-8,-1.0344757641191571e-8,9.671683600099864e-8,6.702999933283188e-6,0.0003648769886556367,0.030279203823871108,-4.946444433076051e-9,5.332203167968897e-8,5.348642593478774e-10,0.0015508420402715114,2.168007482077289e-8,3.607151219164131e-6,0.002673967815113263,-3.255606708747176e-5,7.213354459819627e-8,-0.00277085093624641,0.0552115976065421,-1.21188564873392e-7,2.2525011598954125e-8,0.0003070950028836534,-0.0008167446129886332,0.00016026885528920635,1.7746971711915406e-5,0.019840332390041363,-0.0017805086094698067,-1.9656646354586903e-9,9.756781715380696e-8,0.000123848664707747,9.223661885287211e-5,-3.440452561248155e-8,-7.1448080874884364e-6,0.0014990311498849242,-6.701044665121108e-6,-0.003122750536160841,0.012105460330401812,-0.002862216896475181,-0.005342180486746258,-3.6126632414779593e-10,0.00043824746222267946,2.2049262527920476e-5,-0.0006113430303200045,7.378550136516001e-5,-0.000189716398011417,1.0305512183337067e-8,-6.411396520974206e-5,-0.0013393266908811343,-7.967783927849745e-5,-0.011254559815524603,-0.004285421878798837,2.3908527929207074e-9,2.193173402527486e-7,-0.002568575758444903,-1.0687067224657324e-6,0.00811468131606523,-0.002625252453729728,-0.0007267018025560742,-0.004727902488033773,-9.158447342917017e-5,-0.00010080988671785007,-0.005176300266379037,-1.392296959316297e-5,-7.508378843721905e-9,5.8398190782088685e-6,0.00023877558470672758,-0.000716406892377409,-0.001987602260654769,0.005363578082693345,2.748897115886535e-5,-0.00042797594417010997,2.0572189070565446e-6,5.128413371019876e-7,-0.0016118874035109798,2.1018787793148578e-5,-0.009205754461562918,-1.5580439935862706e-5,0.002364167167415402,-1.0548378581896193e-9,0.018342017872665973,2.2163548439139407e-5,-6.18787733388953e-6,0.00024514449500461616,0.0003766810491721779,0.059170180957689125,-0.0023570081498288493,3.7375891990623475e-5,-2.2811729707899367e-8,-2.7926423319147548e-5,2.973834281033396e-8,1.1880351181371672e-8,-9.559428440022057e-5,-2.492701540318416e-9,0.00013170977448871593,0.01714116411973051,0.0049061608923364865,-1.3385574941462837e-9,2.9604030202553622e-6,7.848523830125013e-6,-0.0006942373364660935,-9.995694960534665e-9,1.9443481267194967e-8,-0.0008321442150774638,-2.8285406508675603e-8,-0.0015059113908566092,-2.125200088229174e-6,-0.00020091889544845574,-0.00011535017308756017,0.009349316278286189,0.003935255789046662,0.0035085262047567117,-3.3984705153213713e-7,-3.7629598070542205e-6,0.017486386052909055,-0.0019179521596099146,0.0038020442096674796,9.225316154510924e-10,-2.4412699775041557e-7,3.7022137677932666e-5,2.3662178111754585e-5,0.0022577068166780923,-1.1682519188411324e-5,0.00012131236475058009,-0.004190341834348613,0.0001494095458392384,-0.006078717297753538,-0.002662078893447968,1.2970940395856918e-7,7.734872341508598e-5,1.2589935916040537e-5,-5.918945116222215e-10,8.771663392125476e-5,-3.204076062195576e-6,-3.31393676217057e-6,-9.952304684115852e-7,-8.730126982209484e-5,-2.7195569834325186e-5,2.0844581264164314e-11,3.3302737512835397e-9,-2.5351062161692224e-9,-0.0007515380438098844,0.0015097285730874537,-0.0011392906485472353,-3.5494765673380812e-6,-2.754430853896406e-6,1.2945881641218632e-9,-1.113088644470061e-6,-1.485609372808417e-7,0.00474239646061602,-5.299771610840007e-10,0.0016209152229628586,-4.259957246835122e-5,-0.00017743151518114853,-2.2712268093693744e-7,-0.02062695993562654,0.007960915529619335,0.0008030779860807313,6.2249826696136e-10,1.670562395150866e-5,-5.853014861187997e-8,-0.003736325327637649,-1.8825422340601534e-7,0.0026439966628006057,-7.691485841476897e-6,2.444215260071397e-7,0.00032758356046777424,1.235499040364856e-6,5.845175469633939e-7,2.8425490177351806e-5,-3.2905036481210553e-5,0.0006983415599238238,4.2165401452189495e-9,7.919034090263599e-8,-0.006091511715867997,-1.1812922306227126e-6,-4.411154881516575e-8,-0.0002843445716737306,3.793078891877613e-7,-0.003563545009760665,-3.111508674144263e-5,-2.0091732731768016e-5,1.6568003409000487e-5,4.0249173105615773e-10,-4.140791218873879e-5,6.657409908034604e-8,-2.5499447687548676e-10,-9.153407872957697e-5,-0.00020762496642354037,-0.00046235172441796713,-1.2949518960029505e-8,2.3560915908045582e-8,-0.020787655799850382,0.0008858161114857198,0.0007263890347646239,-0.00031708281686431273,0.0006967295121429291,9.373898312435847e-9,-0.00025284176172401146,8.16240646977245e-9,-1.2332349249637438e-5,1.392783734667887e-5,-0.032492114683268014,-0.004357461271186736,-2.4761703138048105e-8,-3.384958746993957e-5,0.0034822531933134944,0.002511254842327426,7.2439372448138684e-6,1.4108297258326215e-5,-0.00049472742328059,6.810166328644423e-9,-1.9516980438569436e-8,0.0004493912407721786,-0.0017330886288628973,0.00042104045437419454,0.00037552793901929636,-0.00029343722604055115,-1.5568057719437674e-6,0.0023727180473788133,-6.820478981751464e-10,-1.0620572667442777e-8,5.347253968500237e-7,1.3933704394613996e-8,-0.00496889662572023,0.00034326652408625796,7.838138083482744e-5,-9.85362843967592e-8,7.4811390116967545e-6,-3.924656659414242e-7,-2.265192863284167e-9,0.00031090400975876067,4.9089172161273516e-5,6.619467879671385e-5,0.0009799897959016943,0.04666168307000447,-0.004471017949621307,2.3333995195166545e-7,0.006853341421726124,-5.301627064150619e-7,-6.0128226441502245e-6,3.213778146078671e-8,-3.908070916731381e-5,-2.3788160951076786e-8,-0.00027168063807576047,1.0137149220513874e-6,-1.6822495896519122e-9,-4.99695043659474e-9,-0.001725207794994738,-0.0005189016942153476,-5.938597735953226e-5,-7.848580730171909e-5,7.54487424269739e-5,-2.791846711416414e-6,-0.00020889739389581485,-1.0651797452541859e-5,-1.4549293187666209e-8,-2.2587048309044372e-7,-2.0390788551553887e-9,4.1545159216385166e-6,-4.656922991578907e-8,-4.980580224812757e-5,2.11111656638699e-6,-1.1877092117320668e-6,-9.270935382046976e-5,2.4549894338030736e-8,1.1337213082900927e-8,-2.262401482631542e-8,1.9931481260064016e-5,-1.2860151995188246e-6,-0.002642839017914804,-0.00014598157484695847,2.6171606362017645e-9,0.0055935099804510285,0.015341598615695127,-4.857443670410437e-6,-0.00019394746427257905,1.4495309167699887e-6,3.049599351922831e-8,0.02738541807811668,0.00014649201302377864,-0.0024874265999539047,2.142402000310472e-7,0.0007060364140155427,-1.1759837012587814e-9,-0.0019167958470538986,-3.74027588740232e-5,3.4339141354316636e-6,0.00918181637714369,8.83048327273562e-9,-0.0023554144973542343,8.739138599145604e-9,8.448371970191322e-8,-7.163011469420482e-10,0.002292658783303565,-0.02759504577609814,0.0011746670210181804,0.0001252977438227998,6.3108668183501995e-9,0.03169267923769278,0.000645488156094684,8.109185797821472e-6,-1.3313813740746886e-7,0.00044955971366852503,-0.000169496910069511,4.9004978815339315e-5,-1.7035108819934056e-6,-1.337962784746776e-6,0.0004795262013007953,-7.038289130561902e-5,-9.346873619136359e-8,1.3084442709914058e-6,-0.00032310017246903097,0.007436095696942575,-8.407353871806079e-6,2.956031252259061e-7,0.0003736215956465476,0.009048334848595376,-0.0007363189172439583,-1.396006519411833e-8,4.7575241884200774e-8,-3.97809832737051e-6,1.742651934766589e-6,-9.764124593086074e-7,-3.619253072109058e-7,0.0006383006320101,8.930828922808207e-5,1.4728362559970939e-9,-1.7126567280124017e-5,2.8312018470347006e-5
0.0,0.0,0.0,0.0,0.0,0.0,0.0,0.0,0.0,0.0,0.0,0.0,0.0,0.0,0.0,0.0,0.0,0.0,0.0,0.0,0.0,0.0,0.0,0.0,0.0,0.0,0.0,0.0,0.0,0.0,0.0,0.0,0.0,0.0,0.0,0.0,0.0,0.0,0.0,0.0,0.0,0.0,0.0,0.0,0.0,0.0,0.0,0.0,0.0,0.0,0.0,0.0,0.0,0.0,0.0,0.0,0.0,0.0,0.0,0.0,0.0,0.0,0.0,0.0,0.0,0.0,0.0,0.0,0.0,0.0,0.0,0.0,0.0,0.0,0.0,0.0,0.0,0.0,0.0,0.0,0.0,0.0,0.0,0.0,0.0,0.0,0.0,0.0,0.0,0.0,0.0,0.0,0.0,0.0,0.0,0.0,0.0,0.0,0.0,0.0,0.0,0.0,0.0,0.0,0.0,0.0,0.0,0.0,0.0,0.0,0.0,0.0,0.0,0.0,0.0,0.0,0.0,0.0,0.0,0.0,0.0,0.0,0.0,0.0,0.0,0.0,0.0,0.0,0.0,0.0,0.0,0.0,0.0,0.0,0.0,0.0,0.0,0.0,0.0,0.0,0.0,0.0,0.0,0.0,0.0,0.0,0.0,0.0,0.0,0.0,0.0,0.0,0.0,0.0,0.0,0.0,0.0,0.0,0.0,0.0,0.0,0.0,0.0,0.0,0.0,0.0,0.0,0.0,0.0,0.0,0.0,0.0,0.0,0.0,0.0,0.0,0.0,0.0,0.0,0.0,0.0,0.0,0.0,0.0,0.0,0.0,0.0,0.0,0.0,0.0,0.0,0.0,0.0,0.0,0.0,0.0,0.0,0.0,0.0,0.0,0.0,0.0,0.0,0.0,0.0,0.0,0.0,0.0,0.0,0.0,0.0,0.0,0.0,0.0,0.0,0.0,0.0,0.0,0.0,0.0,0.0,0.0,0.0,0.0,0.0,0.0,0.0,0.0,0.0,0.0,0.0,0.0,0.0,0.0,0.0,0.0,0.0,0.0,0.0,0.0,0.0,0.0,0.0,0.0,0.0,0.0,0.0,0.0,0.0,0.0,0.0,0.0,0.0,0.0,0.0,0.0,0.0,0.0,0.12570748359208608,-0.004998739319055866,-6.792360706143611e-9,-1.523651864150022e-6,-0.0018148441688654261,-0.000965377132025061,0.00041925775441827343,4.663672228202896e-10,-0.00015303995663918743,0.005372566144967246,-0.0228035570161047,-0.00018268979131520416,1.1755691854351242e-7,3.7903693848806344e-10,5.862043764423752e-5,0.0006754671003391954,-0.0002516044158254444,-3.133128797977661e-5,-7.243669753945128e-9,-0.017045282252322245,-1.2943175071501856e-5,-0.012961239979181926,-0.001840064517115942,1.3430049210034619e-6,0.001266991008907026,1.5095670143626505e-10,-1.8113932460328687e-6,0.0008100986789616346,0.0021516882445948384,3.1732056321497576e-7,0.00036157247128020545,3.771643769333703e-8,0.027751368113770818,-1.8029434804218797e-9,0.012426334500843721,0.0005461028829423355,-5.336132780965671e-7,1.2650267287877e-5,-4.22867269616055e-6,-3.758285682759547e-9,2.660323804911017e-8,8.765903273568792e-5,-4.6197003866422856e-10,8.153131996138091e-10,-0.0004961355152144793,-8.81664117828149e-5,1.5097730772403912e-5,-3.549055139016267e-6,7.303570467237252e-7,-2.8691603144254183e-5,-0.012237236503029736,-0.002818246587799608,-6.73730009543191e-8,-2.5538130621955686e-6,7.090203408264939e-10,7.514420644969658e-5,-1.8669794034413537e-8,0.0004249433447098282,1.5149433612150961e-5,-0.0007283612192667318,0.003927188110247908,3.2244293030800256e-10,-1.4324592048120072e-5,0.00030708656650246124,1.5469999100900945e-6,0.003576895483054864,6.294728967467096e-8,1.144679092757295e-5,0.004380803019164011,-9.970323856657422e-8,-0.0004361397698499791,8.742374801980985e-11,-0.00527895927173857,-1.1500574087960806e-6,1.0345676490325402e-5,-7.620547037658574e-5,1.7329109970062362e-7,-2.159597910379535e-8,-5.491998463532707e-5,0.0049980290070435135,-1.4089023786179848e-7,0.000203955664230208,-0.0036968698972696845,-0.00023244448471240032,-0.00016896496078644966,-4.4122143626229024e-9,-0.0022822678589672664,0.0002971177118062135,6.115859042121478e-9,1.273567633844005e-6,0.017383621518197806,-0.00036662006733611104,4.439017979661967e-7,4.092428753642687e-6,0.03212178055325133,-0.004495358962973186,-0.002895749783738629,-9.539916012708428e-7,2.6294984970735537e-6,0.0033246083552424146,0.014859292185186047,-5.7384017366684044e-5,0.0002320621110539809,0.010349090449114256,0.004310109842870935,-4.708249746224548e-7,6.181504948485225e-7,-4.5865718957016e-8,-1.607909604538209e-8,-0.0008928902834167263,-0.0013478621357542824,-9.212091004448341e-5,-4.771852057416456e-6,-0.00036433515869442216,5.518256724384729e-8,0.009548183710175255,-0.00011146658097580224,0.051904123629516435,-0.001463269040191904,0.002919932376058607,-0.00016722163618874503,-0.0003248217906351012,5.6304132418386154e-11,-1.7671030877646893e-5,-4.1149909089064486e-5,-8.715717655319998e-5,-1.5783929582625353e-7,-0.00017169727300038213,1.1467928480593634e-5,-2.9852636041261477e-9,-7.363528763328592e-5,-0.001209216653881483,-0.005462980656105469,3.3307258665830756e-6,-1.390207686111804e-5,-2.0836923075452668e-10,6.442665777394253e-9,0.00011986808627561543,1.1566170984503134e-8,-4.5126916850722086e-10,-0.0011976911241246815,0.0048514077565407305,0.0001734243018355978,4.724847725494722e-10,0.00278117836659152,-1.293211684393432e-10,0.00012100492308616704,4.2516042525795725e-7,-1.0733512585159756e-5,3.8879289720385894e-10,-0.00010826605488405596,-0.0001179792619436481,-4.582373689842159e-5,-4.7854537055290714e-5,8.485920924886656e-5,6.839762649021848e-5,5.040947416528577e-8,-0.0018030728002495979,0.0032437862833842026,-2.294857850528922e-5,0.004012205026802098,-0.009256496026791442,-0.005084436786188653,1.3267088277515958e-10,0.0019065321706915608,-3.088411277143823e-6,2.6395139286635432e-5,-0.0021777926485223144,2.6568557405449305e-7,0.005742103870227835,-5.7854959492772344e-8,-5.2832328615424245e-5,0.000258348545813108,-0.01071533735281516,3.942956015032218e-9,-0.005223250017675515,2.1168102928241443e-6,5.897899105199051e-10,0.00011171978197609811,1.701933374490453e-9,-2.717941654769842e-6,-1.824123505447967e-8,0.006181041093764301,0.0002842003027427615,0.001547943499062308,-0.00014537654025654074,-2.4986612296951833e-5,-2.8158400575989e-6,-9.569381926801985e-6,-6.528482328943652e-8,-0.0002829383646075056,-0.012037489828061661,0.001403473490356176,-5.134230860200455e-10,-2.57016534012187e-10,-1.099484854428102e-8,-2.94587581301251e-6,0.005895813221615142,4.5023284278731767e-7,-0.00038143188992286993,-4.2089509071480193e-10,0.00044497298209394785,-0.011685806766782467,0.004666071209649523,9.168520806169697e-8,-0.0002090428418169934,-1.7715261140697626e-9,-1.8635413451351904e-5,4.05504038493942e-9,-0.00037363595442864623,0.00010257234845685089,-0.0010358943168522865,2.6931989900752375e-9,-0.0004175123449099696,-7.943781225823476e-5,-0.0016474102367722368,0.005900694930290644,2.521047474697573e-11,-5.095590241332934e-6,2.874848936239213e-7,-3.8234760602249844e-5,-0.002146607800984915,-9.209813522169155e-5,8.369616610503045e-6,0.0014481170025075125,1.0955611206545832e-10,1.698718700212968e-6,8.275455967485326e-5,0.0006594007377058868,-1.2242259155678445e-8,-6.906087843478752e-7,-0.0013587060290884158,0.0045638739142499045,7.934899888836793e-6,3.888890304914671e-5,9.152112473213505e-5,-0.002001643463502909,3.257237941610207e-8,1.866561117985309e-8,-9.350550454350354e-5,-0.025729238300085788,-1.274370375292988e-10,2.807855330227947e-6,-0.014284846761663554,-0.0011353600470059,-4.956054842273719e-6,-0.002379237681476543,9.848599445962574e-8,-4.264085443994799e-6,-4.955211304714247e-7,8.444058735395236e-6,7.544792616399869e-6,-3.0219859746549544e-5,0.0007238901756122774,1.8151722515168205e-8,9.9828689664105e-10,-0.00025285048703976826,0.0006538602493986028,-5.659374662583749e-10,-2.306992275779918e-9,7.651295897019435e-9,3.177056411683685e-7,2.848541505707591e-6,0.0011404664064145508,0.00029039373997968924,-2.9135221361308102e-6,0.0011188847133778903,-3.9534860731480983e-7,1.646223203985088e-9,9.726250415198571e-11,-2.8649981221649854e-7,-0.00021113989912500725,3.9501777947041026e-10,-2.228232557555095e-8,-0.0006978688129154131,0.0002124327333600424,0.0019649794445219665,9.323572336001047e-6,5.845616354785099e-8,4.687943380800536e-6,2.7753854235212868e-8,-7.037574008805486e-5,-6.090525250452608e-9,0.04621736995512801,0.055592575918739805,-6.157109807337678e-8,-0.00017142717593630563,-1.8893095511603878e-7,-4.147398210736087e-9,1.2810216696550172e-8,8.073759922193671e-5,2.1727531819572576e-7,-0.0011116095543861793,0.0005846761724138487,-1.3066329175682558e-8,8.518584745003815e-9,4.6032255973378454e-7,-1.4717784155211383e-8,-4.827153966489946e-5,0.002257683117964233,-1.8962472003955696e-10,-0.007236402383226424,0.002484043612716823,-3.2980705019941403e-10,-5.767216809067685e-6,0.0004389284690573541,7.776546464000844e-7,-8.64535209628689e-7,0.00012962579062474316,0.0027611991225400707,7.542140651599415e-6,-3.72761911746582e-9,0.00020148243692516684,0.0004104316292387267,-8.42246203445315e-9,0.006910690997804049,-2.259168051590208e-6,0.006520380035255332,-1.1240858021616628e-5,-0.00025521492853510755,4.079218961992888e-7,5.801985931620091e-8,4.194843204660641e-7,-0.004980358084130906,-0.0044972148609796056,2.1900847254875304e-7,-2.165176515463788e-8,9.115191431530589e-9,-9.107617625652537e-5,-0.006159866224029671,-2.6448798149602813e-10,2.5946613436014936e-10,-3.76052490417873e-6,-1.3241507277305968e-10,9.467253938857246e-8,1.1134238296610985e-5,-3.387537701482842e-5,2.2034754925430915e-6,-2.2630666321714743e-6,0.012545985021835156,1.0092820806840357e-5,4.267285498444873e-10,7.790286488643387e-5,5.262644360309333e-6,-0.00017767441809071047,-0.004345246947954254,0.009077511060895369,4.2864047971832846e-10,-2.2892320423011455e-10,-3.5178301925649705e-5,0.00019064024369914656,-1.7035566371841047e-5,9.263421164706735e-7,3.331292111842115e-8,3.584318178850336e-8,-0.00021958842914493243,0.0016892721852233715,-4.316661550377874e-5,0.0007362062433381024,0.00777157777817172,-3.0086806006468765e-8,3.90918837390572e-6,-1.2691625027448011e-6,0.00013391499392100684,-0.0002911573990915198,0.009256433825011153,-7.755289235586017e-7,-1.199914639813987e-7,-3.194680993494761e-7,-0.00017891166872956803,-2.3966913376280367e-11,0.007113972705920605,-3.868991471788618e-8,0.0042652846712286085,-3.236457732407854e-8,-6.72818389329725e-11,0.002214519524641473,-6.175946058696613e-5,0.0056304464073246565,0.004188111976938685,-0.0008192017471750752,0.0003510403559232883,-2.0411601321451676e-9,-0.0003293511303917931,-0.004245852501172783,2.0003292188825748e-5,0.009407548697293438,0.005182950429389636,2.7549707865543898e-5,0.03496866328594009,-4.058385540091455e-7,-0.0013686596009719583,-2.101366953149704e-9,-2.9694931283971882e-5,-2.747203783642043e-5,-1.9454818084229514e-9,0.0014937667826915777,-1.4861157761587118e-5,-0.0001781192321729397,-4.3529005299335685e-9,-2.4457851679423807e-8,-0.0014949611407204342,0.003941232883873773,2.1075215058921353e-7,1.1976750864637713e-8,-5.274508958460427e-9,4.988797064551471e-8,-2.599739883725744e-6,-0.0016852269413640119,-8.811941927000593e-6,-0.002691880897635534,-1.0517979871118693e-9,0.0005697910372821557,-3.9568355760236117e-7,7.514404934050389e-6,0.0007132111091567386,-0.0009975969669420255,6.67090303549595e-8,-1.5637188589618666e-6,-0.0009828682867358222,-0.0015796559993372177,5.822606901393169e-8,-0.0011552113109508197,-0.004209479850119569,-3.67548982028259e-7,1.9444498437316427e-5,-6.140886356961312e-5,1.0516494971894754e-6,-9.370691517564714e-10,-0.010763445675618483,-3.984593821218349e-6,-2.2678843135268893e-5,-0.0011520200164701847,0.0014783603742581765,0.00010614049615715883,1.7117444046289156e-6,-1.8255284023106804e-9,-9.709642197742909e-10,-0.0041623859576806555,0.0014088405333866226,0.016181099873366418,6.654211178286824e-5,-2.6088404831499943e-9,-2.358644115611807e-5,-2.3155872774033843e-9,4.158748299250535e-6,-5.686597468106898e-7,-1.0440594615795388e-8,-0.02503081346514665,-3.802325206491047e-7,-0.007114515386987107,-0.0006983917961181734,0.003536733473371669,-4.749658573302268e-10,0.00229487474349451,5.5169559766536976e-5,0.0010289242211067775,7.117333897317209e-5,-0.00046491504524303175,-2.87695462600752e-6,-1.5858351271398084e-5,-1.0517493261288619e-9,-4.15239454807884e-10,7.850891524552875e-10,0.007013763821272167,1.6402142395676976e-9,0.000999830083217028,0.00786728822082748,0.08868566178564947,-6.076660586586104e-5,0.00041665516693431196,0.0026646497256859253,-2.8684015395050403e-10,0.00025015232162938714,0.0748291796960814,-0.0001833012931099754,-0.0023307024481348253,-0.00024173616462488433,-0.00044288250336087443,-2.615487696771891e-10,0.010926338749532024,-4.799512199126665e-7,-4.1932936506667724e-5,0.00011048972077821114,9.628993439604619e-7,7.454440199659261e-8,-0.0014088552376510834,4.319958992590214e-10,0.0025573670826976335,0.003671377113320751,4.1055149241880326e-7,4.928787203133414e-5,8.651007965149994e-8,0.00019156204330206584,-6.485624041750606e-5,-8.885817468609683e-5,7.624199328750151e-9,8.610668153677402e-6,-0.0010998815924971946,-1.057980540381436e-8,-0.00028242881507055373,-4.5687337890027065e-8,-0.0012068301946591283,-0.00549615008476227,-2.0537317099451413e-5,-3.2878597501552646e-8,8.034279394677245e-8,3.6665531251773694e-5,7.960131685853823e-6,2.6699973987466403e-5,3.03623395076906e-7,4.418750439132568e-9,-0.0004628503494781608,-0.013740692590925077,1.0677983474350747e-8,2.898150852186517e-7,-2.8684921937340264e-5,0.01575299937195185,0.015912669320992705,-2.688122701138822e-9,1.1626890850400089e-9,-0.013784154263313947,-0.0069676455650400666,2.2744536395462818e-5,2.0948611877145392e-7,6.344646812128065e-5,-0.03427276825691296,-5.727912951465217e-6,-9.640922333558994e-8,-4.1465318277516546e-7,-1.7282477604858347e-6,0.0012781399789797507,0.0020004456797725234,0.008472321894435912,0.0059007641042363845,-0.011619794282185871,-8.799741535711124e-10,-6.863745500788559e-10,5.189831771117237e-5,0.000520229798264042,2.9610494109515004e-10
0.0,0.0,0.0,0.0,0.0,0.0,0.0,0.0,0.0,0.0,0.0,0.0,0.0,0.0,0.0,0.0,0.0,0.0,0.0,0.0,0.0,0.0,0.0,0.0,0.0,0.0,0.0,0.0,0.0,0.0,0.0,0.0,0.0,0.0,0.0,0.0,0.0,0.0,0.0,0.0,0.0,0.0,0.0,0.0,0.0,0.0,0.0,0.0,0.0,0.0,0.0,0.0,0.0,0.0,0.0,0.0,0.0,0.0,0.0,0.0,0.0,0.0,0.0,0.0,0.0,0.0,0.0,0.0,0.0,0.0,0.0,0.0,0.0,0.0,0.0,0.0,0.0,0.0,0.0,0.0,0.0,0.0,0.0,0.0,0.0,0.0,0.0,0.0,0.0,0.0,0.0,0.0,0.0,0.0,0.0,0.0,0.0,0.0,0.0,0.0,0.0,0.0,0.0,0.0,0.0,0.0,0.0,0.0,0.0,0.0,0.0,0.0,0.0,0.0,0.0,0.0,0.0,0.0,0.0,0.0,0.0,0.0,0.0,0.0,0.0,0.0,0.0,0.0,0.0,0.0,0.0,0.0,0.0,0.0,0.0,0.0,0.0,0.0,0.0,0.0,0.0,0.0,0.0,0.0,0.0,0.0,0.0,0.0,0.0,0.0,0.0,0.0,0.0,0.0,0.0,0.0,0.0,0.0,0.0,0.0,0.0,0.0,0.0,0.0,0.0,0.0,0.0,0.0,0.0,0.0,0.0,0.0,0.0,0.0,0.0,0.0,0.0,0.0,0.0,0.0,0.0,0.0,0.0,0.0,0.0,0.0,0.0,0.0,0.0,0.0,0.0,0.0,0.0,0.0,0.0,0.0,0.0,0.0,0.0,0.0,0.0,0.0,0.0,0.0,0.0,0.0,0.0,0.0,0.0,0.0,0.0,0.0,0.0,0.0,0.0,0.0,0.0,0.0,0.0,0.0,0.0,0.0,0.0,0.0,0.0,0.0,0.0,0.0,0.0,0.0,0.0,0.0,0.0,0.0,0.0,0.0,0.0,0.0,0.0,0.0,0.0,0.0,0.0,0.0,0.0,0.0,0.0,0.0,0.0,0.0,0.0,0.0,0.0,0.0,0.0,0.0,0.0,0.0,0.0,0.12532046728862772,1.3534378767765258e-7,-0.00013256479579737824,-0.0038686671591047685,0.007620461754044721,2.314570553507486e-6,-3.4368294194329966e-9,2.961475309180886e-5,-6.650907013233546e-5,0.0004019157383336971,0.000834931873797277,1.1494917705780553e-6,4.069621698564993e-8,0.00044570656753850277,0.00010375145772054895,-9.26630662079741e-6,0.00047285519879388456,2.4935402312473373e-8,-0.01038344191664235,-0.0001445793962361734,-0.0008023736081260555,-0.016977227130685644,3.401245198094594e-5,4.575082385898238e-5,8.459797059045346e-9,-6.421090776907308e-5,0.001750722378448551,2.4611419858374354e-5,-1.088806515799441e-6,8.952407749922766e-6,1.4340867417368283e-7,-0.03425490624994607,1.3373605586598684e-8,-0.0017263193686412668,9.209326842173353e-5,8.123336364113639e-6,0.0008729485317620375,-3.161561798170348e-6,-8.970795510454384e-8,-2.841743203963696e-7,-2.643835865486853e-6,6.710250816632627e-9,2.2898812350050254e-8,-0.0009553193432453469,-9.3415988120064e-6,7.263681501924936e-5,3.3442189205939206e-6,-5.171799569590056e-6,0.00038832862411621646,0.0045604672607096166,0.0023947493870862075,4.952063641521655e-7,-3.4281533154954167e-6,-6.440855588720344e-9,8.422457899872711e-6,1.8537499004363153e-7,0.010748839858924681,-0.0001123969146943283,-0.00045217950495830725,-0.0010327399704833254,-1.2549465661053787e-8,0.00014345403864701343,-0.0034752191434673564,-1.921165611322411e-5,-0.00015881668874948696,-4.046643542293618e-7,-6.729436506265568e-5,-0.0004129581069885105,2.7028526447814473e-6,3.6775222752259535e-5,-2.3012728478856473e-9,-0.0001092567619495215,6.889171059702823e-6,-0.000466418751100125,-1.6425404087101126e-6,1.2657615166415376e-6,2.9083322139532245e-7,-0.0013019597045211173,-0.00037125953144747785,1.5138815380523246e-7,2.116115957330996e-6,-0.0007102990159393141,0.0004708774684123225,0.0019961077010213647,-1.3978983636392531e-8,0.00018956511263129027,-0.019747975227115293,-1.0510338144166498e-8,2.072665591632439e-5,-0.0057854060110342975,-2.9175954729181286e-6,2.4704349903230314e-6,-0.0074560230495117905,-0.004541675955966145,-0.00015821495086702783,0.05411447419296126,4.959758696471739e-5,-1.846502366519116e-5,0.0005180043932677169,0.00112288793014732,0.0004496104587358653,3.1107204356151965e-6,0.0007070165321205458,0.0001969453025846441,1.2749438237025127e-6,-9.789493619886167e-7,-6.322520180727236e-8,2.793683120530653e-7,0.0165786833576616,0.003833366640975441,-3.6622174440076403e-6,-9.256317478886543e-5,-3.615863651748393e-6,1.28794216239737e-7,1.4162112994329269e-5,-0.0004213321290837742,-0.001395101453021546,0.0001695835866949069,-0.0026827583520001768,3.697942031708258e-6,-0.002482261756763102,-1.1560263993432956e-8,-5.378325580635368e-6,-3.900894437175143e-6,0.0014468662558803707,5.544991336555828e-7,0.00832855574764483,9.449203746167355e-5,1.0447584073012197e-8,0.001279068723523287,0.006765741981616964,0.049178919159144796,-5.9571471431159406e-5,0.0006507491181084129,2.864190748961026e-9,-4.4709947432601876e-8,-0.00014046297296981954,-8.896492889014133e-8,6.359199842106083e-9,-0.008034256665439037,-6.455091367520156e-6,1.5219294190289373e-6,-1.6398619225197826e-9,0.000242250912066711,4.194381603366101e-9,4.599155326336131e-6,-3.7200775253085634e-6,0.0006219308981312717,-1.2999174904476414e-8,0.0004348525182560141,-5.433055108514545e-6,-5.270534582164346e-6,-2.645665916151997e-6,-3.409585527806874e-6,2.44390040567881e-6,-7.436918736830467e-7,0.0007147087956720562,0.0062371236101750275,-9.852718895378822e-5,-0.0001479197395510797,-0.00026811814084731745,-0.0008458125174760064,-3.909650576558711e-9,0.0043350702424008285,3.5017887367082126e-6,-1.7830741238996114e-6,-0.00015813610057635778,-1.145963588661145e-5,0.0037496975641494942,7.881396760706883e-7,-1.8115045139829084e-6,1.6832340210851516e-5,-0.0009523622227685656,-4.2835101778003794e-8,7.76466601577562e-5,-5.152493936059135e-6,3.485717332352627e-9,4.63850193363007e-6,1.3807842519932247e-8,7.399928184780894e-6,2.0592811562110224e-7,-0.0031542060968029672,-8.764665294003676e-6,1.1644991837022209e-5,0.0004424632987819109,-4.803107258640712e-6,4.686942050278926e-5,1.7532265452046474e-6,-3.0546627152652057e-7,-1.4887323851454749e-5,-0.0007091433982633495,-0.0005399460522645462,6.463810248175821e-9,4.014300070481355e-9,2.3352875164682356e-8,0.0002655938886991443,0.00596453122764561,-5.3800891044681515e-6,3.210885192640759e-5,2.864613206498778e-8,0.007385229083296007,-0.00037179578931282274,0.0019001702470971122,-4.235798781839696e-8,-9.957918485155686e-6,6.901575871143604e-8,0.0004639708492373945,-4.555495353240819e-8,-1.5432523524854047e-5,7.399256896427502e-6,-3.5098499487554834e-5,-3.073169072783763e-8,5.332440731483519e-5,5.858428080838966e-5,-1.6637177078292263e-5,0.0004269825865440358,-1.4020811506771079e-8,4.869629939387414e-5,-1.221476566580335e-6,3.817652244312267e-6,-3.6467970030063004e-5,-5.463302427977815e-6,3.9006075180034106e-5,0.00020480635743706752,7.105316597577223e-10,3.2500628616378276e-7,-0.0010556738910515724,3.68619417133124e-5,2.1736304221849464e-7,3.955036316055959e-6,-0.00010807389394746124,0.0005739640178506224,3.5225845812146615e-5,-0.001022199065765598,0.00534131864546666,0.021649354069389216,-1.0944248531882464e-6,1.2233458754794622e-7,9.265912140412321e-6,-0.0004724433724483352,2.2079889849615892e-8,-0.003346944805218052,-0.00013569117115057387,-0.0023120474961514635,1.8220354838412412e-5,0.00756818588973125,7.207698678696991e-7,1.3169108930939366e-5,1.0100585560406563e-5,-4.662895195902824e-5,-5.42214010034938e-6,0.00010183174290876667,0.010680706620420897,2.8410020103913956e-8,-1.815380168054872e-8,-8.67504573046581e-5,4.60220695326319e-5,8.893255824916268e-9,2.030076286056761e-7,-7.380962868287484e-8,-1.483981194200104e-6,-2.9895177521073536e-5,9.316955320608043e-5,0.0024052466577416435,5.4629302537065485e-6,-0.008843645190729063,3.282222823572806e-6,1.6001472434522201e-7,-1.9477915499950986e-9,-1.7433092506915857e-6,-0.0027021216258466016,1.0675219541424835e-8,4.146542179956616e-7,-0.005313741650392933,-2.9495198563601157e-5,-0.005166854905407585,-4.980150408247838e-5,-1.248377343601504e-7,-2.4706727914261914e-5,-3.8277918948524433e-7,-0.001885612681371647,5.0748559958200193e-8,-0.00041581539671470063,-0.0022036478402783014,5.142817494552107e-7,0.003302231231461428,1.6581518768832442e-6,-1.6090871400082437e-8,-1.357492690531579e-7,-4.531914161194335e-6,3.861742936096727e-8,-0.0029824393286871443,-0.0009672073947019739,4.5654015280102005e-8,-2.8706129893550055e-8,2.3803677992765494e-6,2.2125983152935724e-7,0.0013620592236092738,6.669856676563946e-6,1.9083741834039484e-9,-0.0005966202332153091,1.6566111794353418e-5,8.491176237504314e-10,-4.082745252477387e-7,0.0040765111328582146,-2.11791054382981e-6,1.1753702895040516e-5,1.0447474731780959e-5,0.0019250904772859887,8.55173247473382e-5,1.0547768401036356e-7,-4.518698151975331e-6,9.774971798911342e-5,1.094374409626794e-7,-0.0004389179253450599,-2.1827350566636944e-5,0.030561871726125706,-0.0018704650404876668,0.0019239405007585864,1.0417638879218824e-5,-1.632961769441535e-7,-1.8518288039492675e-6,0.003290101173153748,0.003265684790161427,3.205061223403696e-6,-1.4341402382407683e-6,-2.423338856803382e-7,-5.6493858774856e-7,-0.00038585850169421313,-3.6118455479122206e-10,1.5424983236890173e-8,-7.072288028413247e-6,1.918052088495132e-9,-2.5389759799492546e-7,-0.0001691423658341081,-4.513331374309624e-5,-3.8661815906475894e-5,-2.556038491361254e-6,0.0005166762593427341,3.563546222466105e-5,-4.164152949583368e-9,2.3081861121591433e-6,-0.00011439333623186527,-0.0005200254229708175,-0.006878549870871708,-0.017135557953708046,1.4972763749990244e-8,3.0458030230648772e-9,-2.2424149261259793e-6,7.4464990152526844e-6,-2.835132514794384e-6,-4.5277745471107994e-5,-4.2565411934243966e-7,-6.491406939921806e-8,-0.00790156984200605,-0.006927902045071621,-3.9458792411177894e-6,0.0025727375798283423,-0.0005483441766587081,-4.138897852630331e-7,5.475813300908508e-6,5.646308515356807e-6,-0.00018960703630512815,0.003119058617623923,0.000501990571872319,-6.546185400715355e-6,5.359865408257787e-6,-1.0781658837637521e-5,3.893007422452613e-5,-1.27284720901595e-9,3.12683396581011e-5,6.235293754675721e-7,-0.0014759239062422096,-3.33884358571088e-8,1.6996455800716404e-9,0.0004199081508194278,0.0006719401929423316,8.890511987212937e-5,0.004318308599739127,0.011442665547613359,-0.008187543605528105,-4.0959153546603537e-7,1.9698373314916605e-5,9.103005308849351e-5,-9.575883627103747e-5,-0.010741920242976,7.675900181589317e-5,0.0005609334190423725,-0.0007628745350407602,5.254091743894819e-6,-0.0036837252588578363,6.786545179824372e-8,-0.0002368342098675894,-7.343634006997283e-6,1.009992069115665e-8,0.00012606724255741068,-4.548953247713921e-7,0.0027437043545174527,3.4724043308271e-8,1.8674923439740383e-7,-0.0001108221624790246,0.0001299069455284569,-1.0238085347793905e-5,-9.373011380455143e-8,-5.988640433335832e-8,8.292530017333704e-7,-6.799228516394424e-5,-3.437889527000254e-5,-5.1179834635537474e-5,4.0601161310872096e-5,5.739063517629393e-9,0.0006852270622653585,1.0637049205719388e-6,1.1716633742119656e-5,0.00012443060387067468,0.006541562541477314,7.608009471862396e-8,-8.721779087224817e-5,0.0026136480148460234,-0.0012404169795585578,-2.5138213426808596e-7,2.356168959346131e-6,-0.0004932842852134862,1.5148665977849623e-8,-0.00035012356669984995,0.00042158469617510576,3.562846134853911e-5,6.214144195449709e-8,-0.006032106788500233,7.141912625060012e-5,-3.519405277921661e-7,-2.5750202130883536e-5,-0.005315607110457247,1.5244439195468051e-5,-5.863462981690505e-5,-8.116125686285663e-9,6.619381359878377e-9,0.006880583833531107,-0.005644447744673605,-0.0010079633153366767,-4.23749624559838e-6,-1.3497838537173367e-7,0.002282104328130165,-8.118199680884158e-9,-1.9022617720655506e-5,1.403675891495636e-6,3.020936821218837e-7,2.4961995096896577e-5,2.1456609718973273e-6,0.00494820488352664,-0.0079406318180855,0.0006746853758169589,5.164697081349564e-9,-0.00010450268391087269,-0.002271938379923517,0.0016191200528444707,9.29887080673483e-6,1.2566336464507756e-5,2.6182175459887218e-5,0.00037414072028686506,1.2647681565135002e-8,5.486376495196639e-9,-9.43774854719039e-9,-0.0024385341312751782,1.168377815341404e-9,-0.005717026452813903,0.0006743784180599946,-0.001420226207080015,4.571446905260986e-6,-0.0020013800658454893,6.315944156964745e-6,4.213301323763318e-9,0.005523561085560246,-0.0025721332214355837,0.0014972091017332167,-9.263605603034487e-5,4.901341978279477e-5,-9.99933231667459e-5,6.470371925990463e-9,-0.00016748463054854157,6.475516994579409e-6,0.0027168245893693104,-1.8359642799113333e-6,8.44961192947298e-6,-8.996237889659452e-7,-0.013549738079314765,3.930605208173089e-8,-0.003373422609091622,5.235576496330253e-5,7.232591669650106e-7,0.00037700013833499765,-4.67349069470041e-5,-0.00035363475853294205,0.0009361266688325292,-9.065623716396026e-6,2.534393382641863e-9,0.00010260765330227068,0.007881022150368839,1.1355642363246131e-6,-3.0828238876197594e-5,7.782312154976872e-7,-8.110388027715037e-6,-0.00012673493962247947,-3.150265418084626e-6,-2.9591732791344606e-7,-7.1652754221181e-6,0.00018376365821040738,8.127357230944339e-5,1.3520316018890707e-6,-2.546655717107202e-6,-1.058587078268049e-7,0.0035684731981860886,-9.88406715085487e-5,-7.420683427531426e-8,4.613096443699773e-5,-0.00017940665703243446,-0.018694492181750032,-0.014539573760822377,-3.767482947773694e-9,5.359471029233733e-9,-0.0009314675320680503,0.013994510534163002,0.00047950101797607935,-1.4422117501235565e-6,0.0004622013885284269,-5.795394621237651e-5,0.00019875823148525772,8.867984067446402e-7,-2.0505194998629824e-6,1.5844751623688073e-5,0.0001408021964261207,-0.0021297597293610023,-0.0008005087985944467,-0.003995593758672221,-0.0034020321858381085,-5.530826363790354e-8,-1.295374359296217e-8,1.6510916583122674e-5,0.0014665289455514769,-2.894748346100863e-9
0.0,0.0,0.0,0.0,0.0,0.0,0.0,0.0,0.0,0.0,0.0,0.0,0.0,0.0,0.0,0.0,0.0,0.0,0.0,0.0,0.0,0.0,0.0,0.0,0.0,0.0,0.0,0.0,0.0,0.0,0.0,0.0,0.0,0.0,0.0,0.0,0.0,0.0,0.0,0.0,0.0,0.0,0.0,0.0,0.0,0.0,0.0,0.0,0.0,0.0,0.0,0.0,0.0,0.0,0.0,0.0,0.0,0.0,0.0,0.0,0.0,0.0,0.0,0.0,0.0,0.0,0.0,0.0,0.0,0.0,0.0,0.0,0.0,0.0,0.0,0.0,0.0,0.0,0.0,0.0,0.0,0.0,0.0,0.0,0.0,0.0,0.0,0.0,0.0,0.0,0.0,0.0,0.0,0.0,0.0,0.0,0.0,0.0,0.0,0.0,0.0,0.0,0.0,0.0,0.0,0.0,0.0,0.0,0.0,0.0,0.0,0.0,0.0,0.0,0.0,0.0,0.0,0.0,0.0,0.0,0.0,0.0,0.0,0.0,0.0,0.0,0.0,0.0,0.0,0.0,0.0,0.0,0.0,0.0,0.0,0.0,0.0,0.0,0.0,0.0,0.0,0.0,0.0,0.0,0.0,0.0,0.0,0.0,0.0,0.0,0.0,0.0,0.0,0.0,0.0,0.0,0.0,0.0,0.0,0.0,0.0,0.0,0.0,0.0,0.0,0.0,0.0,0.0,0.0,0.0,0.0,0.0,0.0,0.0,0.0,0.0,0.0,0.0,0.0,0.0,0.0,0.0,0.0,0.0,0.0,0.0,0.0,0.0,0.0,0.0,0.0,0.0,0.0,0.0,0.0,0.0,0.0,0.0,0.0,0.0,0.0,0.0,0.0,0.0,0.0,0.0,0.0,0.0,0.0,0.0,0.0,0.0,0.0,0.0,0.0,0.0,0.0,0.0,0.0,0.0,0.0,0.0,0.0,0.0,0.0,0.0,0.0,0.0,0.0,0.0,0.0,0.0,0.0,0.0,0.0,0.0,0.0,0.0,0.0,0.0,0.0,0.0,0.0,0.0,0.0,0.0,0.0,0.0,0.0,0.0,0.0,0.0,0.0,0.0,0.0,0.0,0.0,0.0,0.0,0.0,0.123891641103783,7.156462252578938e-5,1.2100812495460922e-6,-1.28191284219535e-6,-1.4686947895554098e-10,-0.003603062432857156,-7.013003549858696e-11,-5.12783895055744e-11,-2.9722667182635212e-9,-1.0330656108954859e-6,0.0008746109267030868,0.002641511949617151,-2.5806163373980536e-5,4.068897325607637e-10,4.152936341338339e-11,4.367349397751193e-6,0.002546803137094511,-7.238213129407218e-8,-3.504876426035439e-5,-2.2997776742553747e-9,-5.056055863288502e-7,-7.291338349840915e-5,3.3031363969475215e-9,0.0004201153308055158,7.031928753056635e-5,6.820722107470872e-7,-5.042932702896545e-10,-0.0012885296166503842,-5.728842305024645e-10,0.0017527000528091224,5.2434158987969425e-8,0.006954226710203689,1.1382560006696535e-8,1.2273644815881012e-10,-0.003396317231883757,-8.45224793533134e-6,0.0002464951093634332,0.007372181244883731,-0.007476550192385596,-3.529153043241514e-11,-0.0002616105381794373,0.007190720067816453,-5.1290919441098485e-6,-5.626186009875604e-11,4.695950942422118e-5,-0.0002575943547176937,-0.001961819463404071,1.171640022571965e-5,1.428075338267523e-8,6.316256492325711e-8,0.046943597899657685,3.9732437234409226e-5,0.0002214384637667516,-9.698060628215117e-12,-0.0009933487287790642,3.6493996620451745e-7,-1.1725091490877337e-5,-6.5085371414997285e-9,-2.943949615610805e-8,0.0011029526281563628,8.090393746293175e-5,-4.7467543319096423e-7,-0.0003394953741916144,1.1842229934679494e-8,-0.007808752697086767,-3.2578347794541246e-5,2.195901970604298e-8,-0.0048064710021207616,1.2784027260058107e-10,-0.0004947977210554937,1.3183550690855925e-9,-0.00028174301868511345,4.749475012715788e-6,-8.377966770543334e-11,-0.003122636035845259,0.07424105764403005,-6.511714566713824e-6,-1.9902735696685975e-9,-0.004527586881832129,9.688590667113872e-11,-9.964737396336617e-8,7.562484756888952e-6,-2.2851324866845733e-7,0.006064963593313438,3.3087621054733643e-9,-4.765069189004582e-7,-0.012778686045687087,9.133272475913877e-5,7.449861381550014e-9,1.274555902336386e-10,-0.0018706120440696973,-7.424537115495557e-8,-2.9324553049370943e-8,8.453054992889262e-10,2.689903044185956e-7,-6.278798087765594e-6,-0.0007237763205619401,4.329990253881808e-7,5.486512293186853e-9,-3.197352445031318e-5,3.048936604993707e-10,9.274975531436394e-10,1.2247017617021052e-9,-0.0036051203063988267,0.0009513657681615212,0.0001429438908845312,0.02950029990513356,1.5150970640641123e-7,-2.49206332057648e-6,1.215384014993898e-10,-1.072511045863305e-5,-1.691200358245095e-10,0.0025164454327662724,9.145078913492775e-11,1.80776556201271e-5,-1.087643602775622e-8,-2.684685180834747e-10,-1.776957059173034e-8,-4.786072990721777e-11,-5.424072639731226e-8,-0.001146536225040506,-2.435530512967783e-11,-2.7549234969153833e-11,-5.246427709883082e-6,0.0013667445665476704,6.772663628854427e-7,-7.488690829017526e-6,0.002979699588109321,-6.368158084798331e-6,9.24750274311814e-8,5.564156632420717e-8,-0.00012035683754498871,1.4733669432160395e-5,-5.612298165206572e-5,-0.008798747955873723,-1.7798901314996246e-7,-0.005867609282890662,-0.0012177945217676104,1.586071013456311e-8,6.57631340572511e-10,9.078419742570638e-11,-0.00023739965776165329,-2.6174382583295396e-11,0.0016888967077336805,-8.112069431445319e-11,-0.004396957283065772,1.0142249926243652e-5,-0.0017342156527715424,8.13563387826589e-6,-4.7688540241699825e-12,1.6105519867461055e-10,-3.050153947686345e-11,-2.590904427044537e-11,-5.891817336370914e-11,0.010051681108100534,-2.5662008565525863e-8,2.592340633683098e-9,-8.249732454041677e-6,-2.8534389090337926e-9,-1.4725327869734995e-9,-6.923326896848993e-8,0.0004642601177040213,3.4170087678637464e-7,0.00011813909426932631,-1.497533015957771e-5,-1.0087108552512161e-9,-8.727476059365195e-5,9.60902188573502e-9,0.06559042828174833,-5.070391182147544e-11,-1.602043215865685e-10,-6.478313009268474e-9,0.002733137073592445,-1.3333576920818176e-9,-0.0002699231868501476,-0.0010744192373510616,1.3974058974514272e-10,-0.00609846017435952,-0.0006359282102185665,-0.003027553851630101,1.1454851874977774e-7,4.942493842123448e-11,7.253522518815378e-10,4.676251688483976e-7,-9.641745578964711e-12,-6.509822210211198e-6,6.861325617355339e-11,0.0025972102337947847,4.292474075669887e-10,-4.686828096098249e-9,-8.126712910921534e-9,-0.0009164576344929115,-0.0021279746295533477,-0.003006733674813081,4.8519697133663155e-6,-1.2164353994689434e-8,2.63717617535537e-5,-7.619998863120623e-10,-0.0037812613540974143,8.880675594238238e-9,-3.844548108383997e-9,6.836991404254529e-9,0.0013747710680723118,9.091056335926316e-11,0.010356642367196193,-2.2091003039779948e-5,-0.01799582241231131,3.8175295868153863e-10,-3.3492810738392104e-11,1.2229534853045323e-10,-0.0014875335097887356,1.4751301299683464e-11,5.896899076883615e-10,-3.2642700765022643e-10,6.614003297484014e-9,0.00076663882281875,3.555835989214064e-5,-0.003046138544814369,-9.923620318552486e-11,1.338108716864391e-9,-7.294962709444679e-12,-5.5584948029915464e-5,-5.4521875720264616e-11,-0.0016296350971362525,0.00012114882577787592,-1.5707165348981259e-6,1.820338924494315e-9,-0.001755946724203774,0.0009030349316051999,-2.7678654924562163e-9,-2.4204776765764193e-9,-1.4075632988807052e-6,3.286221993344903e-6,-1.6702021064581423e-6,3.6559161940619394e-7,-0.007696212400735774,0.0039144337331672805,-5.597240534180243e-11,-1.050866004719825e-9,0.0023314025031529553,8.515771440074587e-7,-3.943813098157872e-9,-1.4668001757070155e-7,-5.789077860412645e-5,-5.203438505695371e-7,0.007709731040789756,0.0002951577849202427,0.00013791798273470136,-1.4720177026421967e-5,-2.7619128447180497e-11,1.9920611451953013e-5,4.125445659813637e-7,-0.0003878730879478709,-0.0006909906479688095,-4.589693281329438e-6,2.67721079583086e-10,-0.0006422909208537308,0.0017192939886550831,0.012128727956480286,0.00013763990780655934,2.3443344826904087e-5,6.603750975080196e-11,1.7624182882068722e-9,2.1021838840408477e-6,-3.3470107220441946e-7,-0.0020872808951827517,0.03883324753900889,0.03228201788975609,-0.00044815785310195206,-2.7608189246031285e-6,0.0030054528646624966,0.06059217961088619,-3.725307496621017e-7,-1.3052503407409344e-10,3.4146226197115346e-8,1.4377137902753056e-5,-0.0021972022275527146,7.433774619834732e-5,-0.019594353266362528,4.059924670498625e-7,-0.0013490338206799074,4.725271692424838e-8,3.291368575119983e-8,0.010675800911426114,5.613112144781631e-7,-0.009601972702768295,0.004047608451648739,-0.002156747838613122,9.589621624012711e-12,-0.0013721882245138622,8.856964784648064e-8,-1.0502174507060458e-7,0.01430930731029828,-0.0006628819695301044,0.000811748702435975,0.04684043767983034,8.014603945911494e-7,-2.1082717987751984e-10,-0.000962713987807558,9.299978384182488e-10,4.0856218075306076e-10,-0.00504554807124793,-5.858631584035079e-11,-2.8351794651724112e-8,8.617959846264961e-5,5.14300238135128e-5,-2.015552855987478e-12,5.164358239894577e-8,1.1105245614175967e-5,0.005238000433630822,-2.394264999226557e-10,4.784935521473753e-10,0.008201231055420768,-1.6533366694266142e-9,0.00020294497208838232,2.388854126542864e-8,1.4231475737146202e-6,-3.7536421713688004e-6,0.0001835599120437127,-0.00412178705814047,0.00023233042976104036,-2.7956017208464517e-8,-1.7388837672600122e-7,-0.0010211684754157443,0.001694597012450984,-0.006793878444087418,8.096721282663722e-12,-5.391664461800908e-9,-0.0011016026770277415,-0.004183909575436,-2.136113708827441e-5,0.00017645401271394775,0.005058555498042289,-1.2362830607764566e-5,4.960801661125784e-7,-8.511474980719954e-6,-5.195742118131259e-5,3.567831442356631e-9,-6.846928610483739e-7,0.0002732308975785536,-1.6776649813811432e-11,-1.6994667825404505e-5,6.519529012716601e-9,-6.39007164160152e-8,-3.560059084873262e-8,-0.0002840486556126256,-0.0006451645891739082,-2.6364138840196552e-12,1.052338763500803e-10,-5.855912910796665e-11,-5.760760799874371e-5,0.005252305583097953,-0.0038042653818143673,-7.322660402563874e-8,-9.030507200815446e-8,5.628970868597447e-11,6.889009349269855e-8,-6.57626488651076e-10,-0.00298269143129593,-3.031540321675444e-11,6.064814598705186e-5,1.8278231540874044e-7,-5.5161329895059876e-6,6.928599998592377e-11,-0.0006462511849697519,-0.0041354440500128604,0.0002254665631715196,-2.0876537781140978e-11,0.00011675901594089686,-1.6262776386392386e-9,0.016191932583953773,7.378957786256514e-9,-0.032479572026045345,-0.0004101740947650165,5.924658847732824e-9,1.5613658367161638e-5,1.5422898990656038e-8,8.562028385530864e-10,-6.496237472776491e-8,-5.14318534445579e-7,0.006147375139354908,-9.300874666902843e-11,1.2324763582718094e-9,-7.526672278278017e-5,6.002158090995543e-8,-2.7024947971909146e-10,-3.928023323277755e-6,7.228680388242599e-9,3.825471725068128e-6,-3.9270408993725516e-7,0.0010154590127425416,5.2808086789538555e-6,8.038552487393192e-11,0.0003434713630952492,1.5793410119138997e-9,-9.597440765407257e-12,-1.6681439764238492e-6,0.0057219530325981266,0.029827173013238804,-1.855061688229552e-10,1.1562288778059944e-9,-7.600935869458586e-5,-0.005434178421658999,-0.005387417781168637,0.00015872812114399047,3.3108431219398224e-5,-7.055241644228035e-11,-8.350335262593144e-6,4.803635064209513e-10,-3.33888849436165e-5,2.595726779362056e-7,-0.0005247488531449037,-5.7541929087822244e-5,-6.331926610992271e-10,-8.946133377355461e-7,-0.003133510412506118,7.830638296163756e-5,1.802955867478236e-7,3.4417822922657044e-7,0.007126381157752795,-1.337268517785617e-10,-2.6817583032836117e-10,-0.0004312062327459845,-6.046179440770499e-6,4.177942624272744e-6,-8.523618821929386e-5,-0.0010374285231176856,-8.287186951583783e-8,5.434668627282613e-5,-2.131872974771797e-11,-4.919488938441874e-10,7.915613472760294e-8,3.483330426353296e-10,3.045232425889688e-5,0.0016834420543205832,0.0008053342808390083,-3.022032629909674e-8,-3.6265587270268566e-8,-6.79686653072764e-9,-2.789035869120487e-11,-0.00032395540800652924,-1.5746118384282822e-6,0.002529515000485373,-0.000185915819925911,0.00034734692299073636,0.06330309257848095,-4.3809476395842773e-10,-0.000997798318000802,-1.5830342683667327e-8,-1.7521572421530863e-7,-1.4376069681895795e-9,0.0003942323842864538,1.1744920942187123e-10,2.273415465428533e-6,1.6496362074286582e-9,3.1265649674777846e-11,-1.675666392287159e-10,-4.5977012267608e-5,-2.927585872367438e-5,-0.0010058224106747767,-0.00010332372296326098,-0.00034390441628070367,-5.039725708017414e-8,0.009910339310480496,-3.5261586291521874e-7,3.783864649124973e-10,6.832498802620181e-9,-9.059757921093233e-11,2.1749760165145358e-7,-5.954092980170842e-10,-0.0006953931298419707,7.326977117041094e-8,-1.1270402857128354e-8,-3.4637229357664745e-6,4.140130413246162e-10,2.59007183814267e-10,-5.571483095502169e-10,-0.0016911007654641693,-1.6656923927591475e-8,-0.00014341097171726892,-2.078279558436523e-6,4.732461889915225e-11,7.121992602472254e-5,-0.008118930289591285,-2.8061805867985154e-7,0.001584548108805444,6.447790444076856e-8,6.091325094999439e-10,-0.0022994541816155076,-1.0827855134566087e-5,-3.518448756831331e-5,1.1628869649872062e-10,-1.0300556745610199e-5,-5.1350874818693044e-11,0.07491535896553014,8.006512643865486e-6,6.437155572010996e-8,-0.0006006889043488832,2.948263374777211e-10,0.011332812864028844,1.348124854163703e-10,1.7194635314838038e-9,-2.5295348175860924e-11,-0.005583938455218767,-0.0006938421549060062,-3.5793428054132737e-6,-2.4372148284831448e-6,1.6916589699383634e-10,-0.0033840664372717212,-0.0013095542380800315,-5.61454318330272e-7,-2.6992968105728755e-9,-0.019286312635860968,-4.2892867741920076e-5,-1.2726884168091718e-5,4.969141122706971e-8,-2.6106843436128327e-8,-0.021220197773162558,0.0014799914954165415,-5.111899893039033e-9,3.235256985357428e-8,-5.278861221735875e-6,0.002019625735923121,2.580136175743668e-6,-3.7771266870787526e-10,1.4911123214676313e-6,0.0001612308964900212,4.183208850004368e-5,-4.2352092751605997e-10,1.2246858080908959e-9,-4.7549485378747226e-8,3.86316334304992e-8,-6.260502880737954e-9,-6.6075711329318586e-9,-0.013469943102723711,0.0035680943700149965,3.691309792841288e-11,-1.5631852377086637e-7,-0.000626281160508523
0.0,0.0,0.0,0.0,0.0,0.0,0.0,0.0,0.0,0.0,0.0,0.0,0.0,0.0,0.0,0.0,0.0,0.0,0.0,0.0,0.0,0.0,0.0,0.0,0.0,0.0,0.0,0.0,0.0,0.0,0.0,0.0,0.0,0.0,0.0,0.0,0.0,0.0,0.0,0.0,0.0,0.0,0.0,0.0,0.0,0.0,0.0,0.0,0.0,0.0,0.0,0.0,0.0,0.0,0.0,0.0,0.0,0.0,0.0,0.0,0.0,0.0,0.0,0.0,0.0,0.0,0.0,0.0,0.0,0.0,0.0,0.0,0.0,0.0,0.0,0.0,0.0,0.0,0.0,0.0,0.0,0.0,0.0,0.0,0.0,0.0,0.0,0.0,0.0,0.0,0.0,0.0,0.0,0.0,0.0,0.0,0.0,0.0,0.0,0.0,0.0,0.0,0.0,0.0,0.0,0.0,0.0,0.0,0.0,0.0,0.0,0.0,0.0,0.0,0.0,0.0,0.0,0.0,0.0,0.0,0.0,0.0,0.0,0.0,0.0,0.0,0.0,0.0,0.0,0.0,0.0,0.0,0.0,0.0,0.0,0.0,0.0,0.0,0.0,0.0,0.0,0.0,0.0,0.0,0.0,0.0,0.0,0.0,0.0,0.0,0.0,0.0,0.0,0.0,0.0,0.0,0.0,0.0,0.0,0.0,0.0,0.0,0.0,0.0,0.0,0.0,0.0,0.0,0.0,0.0,0.0,0.0,0.0,0.0,0.0,0.0,0.0,0.0,0.0,0.0,0.0,0.0,0.0,0.0,0.0,0.0,0.0,0.0,0.0,0.0,0.0,0.0,0.0,0.0,0.0,0.0,0.0,0.0,0.0,0.0,0.0,0.0,0.0,0.0,0.0,0.0,0.0,0.0,0.0,0.0,0.0,0.0,0.0,0.0,0.0,0.0,0.0,0.0,0.0,0.0,0.0,0.0,0.0,0.0,0.0,0.0,0.0,0.0,0.0,0.0,0.0,0.0,0.0,0.0,0.0,0.0,0.0,0.0,0.0,0.0,0.0,0.0,0.0,0.0,0.0,0.0,0.0,0.0,0.0,0.0,0.0,0.0,0.0,0.0,0.0,0.0,0.0,0.0,0.0,0.0,0.0,0.12371386720529438,-0.00024282764684659824,-0.002167595158876616,-9.990359197190918e-8,1.1452422971507455e-6,8.329127332137673e-8,5.60136553245415e-7,1.887674452455928e-6,-0.0036634821256055885,0.00023661247654275104,-8.149885670451023e-6,0.027138589386001312,1.6850848402256125e-7,1.7659091342701658e-8,-0.002354611607811174,4.831992163116036e-6,-1.4708045532582278e-5,-0.029856888455914516,3.231595620578102e-8,3.7264931656967285e-6,0.0020166954365084494,-6.753033624612551e-7,1.866165894459027e-6,0.03193053378995884,0.0009262051286063821,-2.0815870666584595e-7,0.00022946025235455087,-3.234063267105359e-7,8.939861051510135e-5,5.981761351436812e-6,6.448776466218088e-7,-3.88643498348362e-6,2.449632763001769e-7,-0.0018286851746727151,0.0014136630792726105,0.016246293334719338,-5.243043396191306e-5,-0.0002876776028509707,-3.85764281038467e-8,1.5811597935574495e-6,-5.229532566940601e-6,-0.004040839723036929,1.6859785922095344e-8,0.030613232854183912,-0.0009448481888701915,0.000618149213162094,0.010541739090778162,3.291045891923449e-5,3.419061114188215e-5,3.403790380652605e-5,0.006029821535524579,-3.638665864248265e-6,3.4030650934904356e-9,1.4047118063896247e-6,4.313439640864209e-5,0.001756378559187048,-3.484120407862189e-6,-2.999151082881367e-5,-1.358632408296955e-8,-0.027364547509643143,0.000816640893147434,-0.002106376980999816,-3.6490723994288107e-7,7.510267377072239e-6,0.01961965126988871,5.789519754241214e-5,-0.0004924054115366637,9.538464496336085e-8,4.2272298660630814e-7,4.169752990730864e-7,0.011605262417793607,0.0008463779572994289,-5.6911400023395025e-8,0.0008739322890399312,6.1324169886694755e-6,0.0016806485942695215,-2.4334629486653003e-6,-0.0004105206551301845,7.034989679307909e-8,-7.787628148696827e-5,0.008164350799991827,0.0003510117813328015,1.0613322421739403e-5,1.7084582362797442e-6,-0.0002562662356047037,4.3873269800782366e-6,-0.003229540226760043,5.503757918807184e-5,-3.7446499237529896e-8,-0.0008593298586058085,-0.00033559301456871025,-1.0049816221382577e-6,-1.0654442143888148e-7,-3.4800538362767826e-6,-0.0001319193791827868,-0.007487330289772922,0.00046282463291569395,8.412759475032246e-6,0.009270461009857619,2.4441062375434513e-8,6.224633380866226e-7,4.0075098482715854e-7,0.00012671636828593218,-0.00047850614279130733,5.193340148993716e-5,-4.17377655461495e-5,8.22403560318057e-5,-0.0022896509445420083,4.741815915037428e-8,0.04695612353808326,-8.923296385337775e-8,0.00024101864432511612,-5.551702484239111e-8,0.011419177847978083,-6.892050290414513e-6,4.0179343318115505e-7,-1.1630785292454049e-5,-2.789120410245994e-8,-9.497387052692828e-5,3.9696307915691245e-6,-4.078989905714326e-8,-2.1071284957671694e-8,-0.005032761910797023,0.0008658649527606214,-0.00044519007249422247,-0.018899355608267707,1.9195889940079014e-6,-0.006846679609856361,-0.0002072619239871938,2.5845077510406118e-5,-0.014134337597007239,-0.005001759216029854,1.180332827656758e-6,-8.619148472936509e-6,0.001368588532067909,-1.377401511167015e-5,2.20590707482106e-6,-2.2448270102243287e-6,1.1990374243811795e-6,5.0625961847821333e-8,4.1074496062979094e-7,-2.3531793340042817e-7,2.1378185254878366e-6,-2.7099841427139786e-8,5.0469777435488945e-5,0.0035911393942831033,2.0699544317639298e-6,-0.0026306011592307664,-9.046121176728937e-9,7.972103287446087e-8,6.7222988299453624e-9,-2.916414316434113e-8,4.97027923891581e-9,0.00019857721341543473,-1.8426892757816393e-5,-1.2302127771664402e-5,0.005565571706506809,-1.1765861192289761e-6,-1.625094289719751e-6,-5.116943930007715e-5,-1.3480890980031015e-7,0.00026231999395105423,0.007067179616221633,0.013938986554213844,-3.9277382482656476e-7,0.0047767505474416464,4.492686766893057e-6,4.5973118026365796e-5,-5.412128683080914e-8,-1.566679873289435e-7,-6.46024519272948e-6,-3.3941697492813316e-5,-2.5030408227368438e-6,-0.006365705985873599,-2.1084627871646217e-6,6.413988981125094e-8,4.1996168840361913e-7,-0.005145385486923318,-1.8891009339749002e-5,1.8268884763055563e-5,-1.316939225069206e-7,3.458138199220963e-7,-0.0015629932334689403,-1.182410593001322e-8,-0.009845176475028953,4.606195861462345e-8,0.0007528989658020864,-2.4938631539615764e-7,1.4218403638609782e-6,-4.482953809119218e-6,4.707483156554041e-7,1.7357758739404158e-6,-0.00011695288430783842,-0.012362112749688778,4.485747402294558e-5,0.0002974683595865848,-4.119893932767172e-7,-2.6148176660069256e-6,7.910156264660563e-6,2.8957713263429028e-8,-3.6871114644945625e-6,-0.0001468079283056834,3.351622552711523e-8,-1.0674699336945243e-5,0.014874011738538754,-8.86856094802522e-6,1.2970727306278303e-7,-3.3230115291425875e-8,1.1105657633760987e-7,1.0330379140294263e-5,1.2392454939197971e-7,3.978364219906794e-7,-2.615504014560266e-7,-9.971106559182696e-7,5.38398853017474e-6,-0.04414156089115447,-7.56297087777038e-5,1.2351336991432036e-8,8.928738074657479e-7,-6.729694957570674e-9,0.011924561779393621,5.091923004316375e-7,-7.444058412024498e-8,0.06862774183643389,-0.0029775933650051725,9.083921398096911e-7,-2.026168102838439e-5,-0.0002383943118276143,-1.468703652335477e-6,2.21663998308663e-6,-0.0020867313208974437,0.012422690119285925,0.0007149426262514917,0.00021086474306101504,9.110986793510883e-5,7.740744793994741e-5,-1.8688810756770713e-8,-1.055175859685865e-6,-1.4120825067371678e-5,0.0014213713915077124,2.4041455354083945e-7,-0.0005789668691316084,-0.011890312545389746,-0.0006688346611141639,0.00029402562721758424,0.016874038936365632,-0.0032517811451446012,-0.00171973131167042,-3.101930742243692e-8,-0.005733071342759592,-6.544179886134227e-5,2.9328925946383005e-5,2.8861980053986055e-6,-0.0035368172974764404,2.78382445564766e-7,9.599584179301474e-8,1.1937208980537742e-5,2.2920077524621943e-5,2.6531480670894547e-5,0.011355462701247918,-1.8175534393686161e-7,7.675772013901146e-7,-0.0037995630214231035,8.158262762317223e-5,-0.0011793959068935604,-5.032040977544552e-5,-3.320456447506171e-6,0.0005661187558853495,-0.0010240346393664763,-3.5768357735430746e-6,1.7303478735162824e-5,-6.09938855122208e-5,-5.979679961113807e-8,1.402451643731704e-5,0.01553729125321232,8.186032420678897e-5,-0.0013785960731724186,-2.4982217485800737e-5,-0.0007265641700907481,4.792181071546078e-6,2.848709157719091e-5,1.2944478966764679e-5,5.231629355082872e-5,-0.0017741465025489969,-0.0001468946842894663,8.16925259653569e-6,-0.00014994133700161946,-1.0634255896439844e-8,0.0007486991060577181,-0.00011463050085935569,0.0005661590141464255,-1.7573143142795197e-5,-7.117872515789939e-6,0.004184771994786438,-1.3791241914789333e-5,0.001790302639847328,8.300899190824433e-8,1.5852964793743931e-6,1.0686271999043382e-6,1.2248006518433564e-7,1.6710947264303121e-6,-2.792381025381145e-8,0.0016650187168551038,0.0003889830607566475,-0.0015757218294170723,-2.4132014237937072e-8,6.360474515483098e-5,0.02339556477297547,-1.1400217539288366e-5,-1.2626225929531048e-7,3.9639787672506894e-7,-1.4047085043039889e-5,-2.482668475356042e-6,0.0160409465861913,-5.602528348268925e-5,0.00029482376123348997,-0.004139139949640167,0.009133127096110713,-0.00021008949849908977,0.0038271513550984077,-9.403129837339867e-7,-0.0001396269639010823,-0.00019133086977196666,0.000549016328230151,4.440121778510604e-6,1.4078424391360503e-9,-3.3364972248922525e-6,1.0055168084053916e-6,-5.138086287242742e-6,0.017074487896661918,-1.3766488384541532e-6,4.7267231255554975e-5,0.00285103776661227,-0.0013602385523634652,0.006300199645979971,-0.010050582373806826,3.510379939503023e-6,0.0005799777649763252,-9.036456447708034e-7,-8.042487942304217e-9,0.014103505555173814,-0.0004934185072990343,-4.9555163015483574e-5,7.695673547014839e-5,2.2640246845750913e-6,6.967765475831792e-7,-8.599289462534511e-9,1.1388753968450145e-7,-3.9417914740192885e-8,-0.037342104499710746,3.6984029546323033e-5,-0.0002890388195720949,-4.561373056829616e-5,6.0400042871167416e-5,2.9526890942229923e-8,-4.667278430233941e-5,3.4171223639855777e-7,-6.900104015932473e-6,-4.4237481046908e-9,-0.005860707913276363,-0.0004522668965969401,-0.004824866127281563,-7.856896400230091e-7,-0.004648015732017283,-0.0010777355154909904,0.0017960386480991922,7.579152362342379e-8,-1.20297327012512e-7,-9.918933392565113e-7,5.42482621974839e-5,-3.805040154914003e-6,4.920013178791924e-5,1.3858457881038138e-7,1.456325514531399e-6,-0.004074367125964438,-7.421976449350068e-6,-1.0410972895435125e-5,-0.000236478655533081,-0.00014358714724155085,7.500383160135648e-5,-1.5091063809135044e-7,8.758689671948809e-7,0.0045830879177185015,6.519620754574809e-5,1.3361984973938428e-7,0.001991626971421609,-4.2763276921583115e-7,-0.0023794766614314835,-0.0009292783619218008,-6.968437220435563e-6,-0.0002671160532991119,2.8848864692519035e-8,-2.398892348709388e-6,7.65554276938484e-8,-7.08614367749826e-9,-0.002186696131762355,-4.736580747733544e-7,8.816404623617157e-6,-2.978826318997584e-7,5.945960241718063e-7,-0.004555268839882577,-9.305501430655481e-6,-1.7112234132160425e-5,-3.588253152984245e-5,-0.0036789611237320477,3.258593742686436e-7,0.003066508568940824,3.5476345830945727e-7,-8.964286655447472e-7,0.0007874213663947439,0.0007483736292641485,-0.03277233401631809,2.2325045419925614e-8,-0.001243675405995511,-0.0002919660060318468,0.08163347548497007,3.6220434484152475e-5,-0.00013363669980880996,-3.720376193636088e-5,-2.2393046347461335e-7,1.970013273818196e-6,0.0002417665707780883,0.013797203183770288,-0.004346125846954249,-0.004469455545206111,3.608779749451886e-6,-3.876513414138262e-6,0.003853246472212255,-1.1724916660219418e-8,-2.645205470757402e-7,0.00014707355859276515,2.5556725318298934e-7,0.005127649307942242,-2.7088152515046642e-5,-3.649211555418274e-6,-4.579980591601475e-6,3.9460965295083055e-5,-8.917593212767214e-6,-2.8035355202819895e-8,-5.1760216220116375e-5,0.0005318089156562642,2.7808529255988656e-6,-0.0034448939666701056,-0.0007738510404184415,7.233241510914526e-6,8.410723887106741e-7,0.00011812474994985838,1.6903842552761518e-5,-9.026980100127271e-5,2.560024093181635e-6,2.0455428242995723e-6,4.136685185873563e-7,0.007089410559458471,3.502054793997686e-5,6.173130631084118e-8,-1.8982903687987532e-7,0.0021193378078155217,0.021588090798589886,-1.6465174158678992e-6,1.0301919620679083e-6,7.672120496130182e-7,-5.057288899218668e-5,-5.8238164001066e-6,7.325685237690856e-5,-3.808466396627211e-6,7.0738673914503845e-6,-3.0840037357271515e-8,-0.0005249803871885934,-2.0129997576865394e-7,1.204544749473453e-6,2.7818604485141152e-5,-1.270189073015952e-5,-0.0014415522894166617,-1.4900550816113287e-7,8.93618163128432e-8,-2.722080747498659e-7,-1.0037042670406063e-6,6.178888197754738e-6,-0.001490690778672789,-0.003953435690060294,9.189911176663873e-9,-0.0016820351477745488,-4.30927650601014e-5,5.443715161620631e-5,-4.0754002174879115e-6,-5.204599332706731e-5,-9.161724895091032e-7,0.00020928694486236043,0.015096758428500957,0.0005263487326092395,4.6672783656605616e-6,0.003010667695600751,-2.1942584844712123e-8,-1.4341713912421567e-5,-0.0038267469978303615,5.9740029390932085e-5,0.00038451693660079963,1.043283672873514e-7,0.0001249599489690159,-1.5807878328552795e-7,-8.972378956403298e-8,-2.3713223574887257e-8,-3.760570652785315e-5,-0.0032418279378117858,0.015113795533257448,-0.000146292455837619,1.0317628795771305e-7,0.00028647242378757406,-2.263723398481984e-5,-0.0002895899426564129,-1.4769776897942768e-6,2.4462069094696505e-6,0.016762386945516725,-0.02334376854757848,3.667005235189814e-5,4.171289131033421e-5,1.228556205353912e-5,-3.4531135358378193e-7,1.802782750896361e-6,2.2427785701379077e-5,0.001464727146101659,-0.0003180318025193008,0.0022570129782081907,1.0065130983247119e-6,0.010762442333488104,0.0005363172997622069,0.002136237141387786,-3.3108085386237927e-7,1.1404277294417165e-6,-6.72326796169006e-5,2.3790715137487867e-5,-7.379203877517186e-5,1.7818298482795843e-6,-2.40728805017264e-5,4.598940141115737e-6,7.73243436443467e-8,0.0004094249906866139,6.414512180148943e-7
0.0,0.0,0.0,0.0,0.0,0.0,0.0,0.0,0.0,0.0,0.0,0.0,0.0,0.0,0.0,0.0,0.0,0.0,0.0,0.0,0.0,0.0,0.0,0.0,0.0,0.0,0.0,0.0,0.0,0.0,0.0,0.0,0.0,0.0,0.0,0.0,0.0,0.0,0.0,0.0,0.0,0.0,0.0,0.0,0.0,0.0,0.0,0.0,0.0,0.0,0.0,0.0,0.0,0.0,0.0,0.0,0.0,0.0,0.0,0.0,0.0,0.0,0.0,0.0,0.0,0.0,0.0,0.0,0.0,0.0,0.0,0.0,0.0,0.0,0.0,0.0,0.0,0.0,0.0,0.0,0.0,0.0,0.0,0.0,0.0,0.0,0.0,0.0,0.0,0.0,0.0,0.0,0.0,0.0,0.0,0.0,0.0,0.0,0.0,0.0,0.0,0.0,0.0,0.0,0.0,0.0,0.0,0.0,0.0,0.0,0.0,0.0,0.0,0.0,0.0,0.0,0.0,0.0,0.0,0.0,0.0,0.0,0.0,0.0,0.0,0.0,0.0,0.0,0.0,0.0,0.0,0.0,0.0,0.0,0.0,0.0,0.0,0.0,0.0,0.0,0.0,0.0,0.0,0.0,0.0,0.0,0.0,0.0,0.0,0.0,0.0,0.0,0.0,0.0,0.0,0.0,0.0,0.0,0.0,0.0,0.0,0.0,0.0,0.0,0.0,0.0,0.0,0.0,0.0,0.0,0.0,0.0,0.0,0.0,0.0,0.0,0.0,0.0,0.0,0.0,0.0,0.0,0.0,0.0,0.0,0.0,0.0,0.0,0.0,0.0,0.0,0.0,0.0,0.0,0.0,0.0,0.0,0.0,0.0,0.0,0.0,0.0,0.0,0.0,0.0,0.0,0.0,0.0,0.0,0.0,0.0,0.0,0.0,0.0,0.0,0.0,0.0,0.0,0.0,0.0,0.0,0.0,0.0,0.0,0.0,0.0,0.0,0.0,0.0,0.0,0.0,0.0,0.0,0.0,0.0,0.0,0.0,0.0,0.0,0.0,0.0,0.0,0.0,0.0,0.0,0.0,0.0,0.0,0.0,0.0,0.0,0.0,0.0,0.0,0.0,0.0,0.0,0.0,0.0,0.0,0.0,0.0,0.12324732238705606,0.0045754154591399355,-3.4034265925303818e-6,3.847165371614686e-9,1.2242237727292168e-5,5.466865506574027e-5,1.5425849551821113e-5,0.00500969577695654,-9.096070964840482e-6,-7.448157984783109e-8,-0.004480762181418654,-1.8613643826195793e-5,-5.071684524646437e-6,0.0004091574950370775,2.3735892772438745e-7,-0.0005284183448394735,-0.00021250142385689785,-0.00019683167845372824,-0.022441388142329297,-0.00048151038617813135,3.7737212682927274e-5,-4.6821461457637566e-8,3.6527200740737664e-6,-0.022750562712712287,-2.9412143400606594e-5,-1.666099844536702e-5,-1.7877775459057717e-6,-3.897955358659608e-6,-0.0016688008643092865,-2.4894752924500985e-8,-0.00021179472315508712,8.876621773017533e-6,-1.667960874491157e-5,-0.00918425875006825,0.0001527225400842881,5.23853213754457e-7,-1.6305283242819325e-6,-1.1975036276813466e-6,1.831469957819942e-8,-1.4709648911839467e-7,-0.01410073008590589,-2.135716540015143e-6,-0.0009230535388701625,5.73665014106863e-5,-2.5849689206084076e-5,0.0005324513468347955,-0.0009428513873063007,0.00985207866276946,4.886680324263694e-7,3.589753811068239e-5,-3.552215246158651e-8,-2.322756875736165e-7,1.488665693467416e-7,0.023532098534440396,-0.0005638620583877906,-0.00011776330902492913,-0.0001808214211769067,1.5552458001913818e-8,0.000738864319304847,0.026758912905234498,-1.827490251319903e-5,0.00027756357115577365,-1.6486969441062043e-6,-0.0031024896366258128,0.001721879567028699,-4.835729392930203e-7,1.1445513974273477e-5,-1.2046712772362279e-8,0.00015105233629302375,-2.6508528819075295e-5,-0.00013090593258674322,-1.245964065075132e-6,-2.7174687540030748e-5,1.5708973261538775e-7,-0.01242788195200669,-8.614818292292549e-6,7.637467460227245e-6,2.039473887803494e-5,-0.0007834899045331818,0.007794242599537475,-0.016368443691705883,9.429200000586962e-8,5.898264480806169e-5,-0.0017424592347835984,-1.7057982296305417e-7,-2.382400179697083e-5,0.0001588048566586534,1.6254047035523357e-6,-3.1625034304656036e-5,0.007218405060350616,0.00041086389475403684,4.144441042363979e-6,0.013797386499467714,-9.932956428818784e-5,-6.937820768693332e-5,-0.00788902508956475,0.00044356527696783147,0.0002448032310433606,2.9714004688983073e-6,-6.226522923744282e-5,-2.4124603160951887e-5,1.8349450694112208e-7,-2.3448328629802546e-5,2.548913348005936e-6,4.915643324269581e-7,0.00021424541850337687,0.021892607684364924,4.54884896444627e-6,5.276259977423611e-5,4.996940131302531e-6,-3.934081549645696e-6,0.00010197647706706562,0.0075766779812792935,0.0005056459625049143,-4.264266977221141e-5,-0.00012878471505200004,-3.344222717850681e-6,-0.001475126300022367,1.6630278735404675e-8,-4.0549689785464075e-6,-2.1627953141984547e-6,-0.0008523776523400259,2.0582217400978943e-6,0.03697324589834202,-0.001223160916035082,4.070470657320312e-8,-0.005100089300254704,-0.007692836285571791,0.0012380179106634371,-0.00013067613713755485,-0.0004766649248901794,-1.3295582759916454e-9,-4.071776958533529e-8,-0.006898243961089899,-2.778121812418057e-7,2.2791971919194378e-8,-6.762211343420471e-5,7.369995188488278e-5,-4.4653439914940754e-6,-1.8507678570439268e-8,0.0004734746886676103,-1.3623004426045926e-8,-3.237753347212748e-6,-1.5051133378947683e-5,0.00015332352847171387,7.892232387171178e-9,0.002240980519071565,-2.119774743073564e-6,7.826579445200234e-6,-1.4448170931094803e-6,-1.148409695628992e-6,-2.110486673237776e-6,-9.487321020411429e-7,-0.0028838346526775496,-0.00035886356494400104,0.0005761792148776851,6.182539493883534e-5,4.7632372111202076e-7,-0.011753844267701275,6.978582524902841e-9,-0.0018958919099384948,0.0002623296860937908,-0.0007114546033534884,8.68261238997647e-6,-6.291023095941184e-6,-0.0003258499052350413,3.1418660002464875e-7,-1.2142211610594498e-6,2.579777975006678e-7,-0.00042550943914794405,-9.390163548656496e-8,-7.720975386730502e-5,-4.6663060164088755e-5,-5.689818604392736e-9,1.1239643489588217e-5,-7.418625226290803e-8,5.914024832221706e-5,4.785710304468318e-7,-0.002045723022385859,1.1134404949941152e-5,-4.290971547809249e-6,0.006617991038071275,1.5528731234145627e-7,-0.00024694279190779655,9.735153512048047e-7,6.973838917773007e-6,-1.052976884491176e-5,0.0002016106766832404,-3.598567453994552e-5,2.374248166489459e-8,3.146618308642106e-8,2.003650438948594e-6,-0.0010575483473348483,0.0006223004372956563,-4.314756834574473e-6,-2.079268990295607e-5,-9.782866762240794e-9,0.0032256459002401954,-6.699336629389085e-5,-0.00011979231177384447,4.4411506095775033e-7,-6.853141236808365e-6,-8.16933106487025e-8,-0.002129801546556439,2.784449185253605e-7,1.1324573083081905e-5,-6.002220585550802e-7,-2.250758399426588e-6,-2.7469292909383062e-8,1.69621982846763e-5,1.3425635450830065e-5,1.1818086245646907e-5,0.00016466742193719738,-3.288587117805083e-8,0.00027800408866383934,-1.583004141690124e-5,9.179144213469306e-6,2.877548553744106e-5,-2.5377528001382086e-6,-0.0003971448454290114,3.332166313884568e-5,1.0652662651154667e-8,0.0005919874577325115,-0.0023443987183281384,2.2923828090771566e-5,-8.178785439256393e-7,1.688123261222527e-5,-0.00014024494922493694,7.445873239273244e-5,-0.0004447237221285716,0.002453871803921296,-0.01079875546155691,0.011059536446634615,-4.88210771975199e-6,-1.0622891866764656e-6,2.511060761517929e-6,-0.00024112058606556885,-2.134802078783335e-8,0.05488364257147495,-0.0002135208624481039,-0.027911834001288698,0.00010098220967519672,0.0400531582816652,-6.48975295351844e-6,0.00017952570429108692,-5.219518884591706e-6,-0.0003080838142819497,-4.712050016913085e-6,0.0008399892360756294,0.0006741862529386971,-1.0041377928198567e-6,-1.5311984884100115e-8,-0.0009404908980868754,-1.3805969885092487e-5,1.3155932498806503e-8,-1.5604679557451507e-7,-5.3016857901556413e-8,-6.614367542748032e-6,-0.00025261389026616797,1.0618341906782104e-5,-6.785087957490519e-5,8.760868366555294e-5,-0.015654150143177663,3.867328156149612e-6,9.521046537633245e-8,1.3135271318142802e-8,1.8313013982450125e-5,-0.008791965284700862,-1.9194503252487854e-8,5.041994685261896e-7,-0.005812552296708154,-7.455096201059226e-7,-0.015803559727013992,0.00044680540978164356,-3.779157352356516e-6,2.6430522943982418e-5,-1.6341886063033597e-6,0.006345792393923649,1.9590963630338046e-7,-3.2506789801847455e-5,-0.0011032360402054146,1.4458421880397613e-6,-0.005821454970671787,6.163720293737406e-6,1.4325324794997076e-7,-1.6204423416125898e-6,-5.391118500316332e-7,-1.6664361164186426e-5,0.03261004528685332,-0.017157227299073076,2.782348168295688e-7,-2.3311595971766173e-7,-4.624778602857335e-6,2.1234157413741108e-7,0.006003751493017196,1.5164812937829416e-5,1.2860141048668264e-8,-0.00010620141637331329,-4.0320279395913625e-5,8.848701435963623e-8,-2.7308574516525384e-6,-0.013437123054309061,-2.7448964600687915e-5,-1.5318638877477138e-5,1.4928062845890005e-6,0.005283667920050693,-0.0017058315085107262,2.6614607698331067e-8,7.252898553057274e-7,-6.198382702864876e-5,2.0863485032010452e-7,-5.5958343237766526e-5,7.976263099364404e-5,-0.0035584107383274653,0.002097157885832618,0.005011883684010013,-5.53325265287929e-6,-2.848976857190173e-6,1.4026235999278478e-5,-0.001000942292181741,0.00040432031376073593,-2.6343884726083154e-5,1.2520336710308166e-6,-2.003841508772921e-6,5.6059688959390955e-8,-0.00010692080896575404,3.960211701046942e-9,-4.4855686635469754e-8,0.00023634321923140698,6.3676689310564116e-9,3.2400847811207757e-6,-0.00015504046795559347,0.00228522441684627,-2.441845809343234e-5,-1.865926447481535e-5,5.822102452084299e-5,0.0008681075967903558,-3.61913262108574e-9,-5.731197898789788e-7,-0.0023216446863546787,0.008605994011410418,-0.0074141592027107675,-0.0007498270401711193,-8.517218629954717e-8,2.6345200355319147e-9,-5.626873776029728e-7,-6.699806720243895e-6,-7.70531630546261e-7,-0.0012420953776302662,-1.0603500728932826e-6,-4.03818966923547e-7,0.0001822073956694344,-0.015644350982969825,2.890609819588308e-6,-0.00757634203781446,0.00023833556059452184,1.1710901320123736e-6,-1.1120604016595724e-6,5.096968514433304e-5,0.00047254555561513853,-0.01941822174150668,0.00015073074791744146,-5.595634689390241e-5,-2.7172736337859162e-5,0.000137567439089927,1.3758908361148907e-5,-1.1846565777874624e-10,-0.00019213518214710945,-6.102161074891421e-7,-0.00011707599464207954,4.2075190592595173e-7,2.620541313041989e-9,0.0002964083185776631,0.0015559858162458363,-0.001503354764459644,-0.00028752823896970465,0.017049585801681057,-0.0001267040623746036,1.1627716663114358e-6,-1.8745270808871348e-5,3.979280487153849e-5,-0.0007572598583061331,-0.0013034911541523297,5.283217893626148e-5,-0.004168972869786352,0.000847734082785905,-2.318268836145922e-5,0.01404135293768323,3.116424684693141e-8,0.0024927057762413043,5.515611193930483e-6,5.525357357554232e-8,3.962454828959551e-5,3.4379168125482075e-8,0.007623145067596733,6.201117097290126e-8,-2.6732846947847346e-7,-1.0317592761966756e-6,2.939360632537979e-5,1.601454074988433e-5,-3.0159432748088444e-7,3.895453953602838e-7,9.597591858293821e-6,4.306137840473058e-5,-2.07590579190163e-5,-0.008164619014091844,6.24074695298687e-5,3.545516956870962e-8,-0.019532175000540084,-8.197422930276552e-7,-0.0001522112010020616,-3.862197717947722e-5,0.008149072165719836,-3.2868901853812717e-6,0.00019273749685413412,0.005121598672795448,0.05062427330874342,-1.3145303366646682e-6,-5.072144746146844e-6,0.0003730138951032223,9.858688213400239e-6,0.00014706050710675605,0.0016193890812086257,-0.00017495895108350404,-1.3653709104209774e-7,0.0021139102140073527,0.00040041448872987426,-1.7812195206720846e-7,-1.1470471346568625e-5,0.004609505543293123,7.513530919300102e-6,3.655905867579852e-5,1.9310822837262646e-7,-1.859516993630925e-8,-0.0016994196361328662,0.006958234292039067,0.0003718466360860034,-9.956678876535108e-7,1.5702082062903228e-6,-0.003651822303565837,3.716704204175809e-8,-3.1424317198967094e-5,1.4603117540164726e-5,3.2379406085151415e-7,-3.249613166876769e-5,-3.0221731977999795e-6,-0.0014009772390133368,-0.008182782241425351,4.358483736839077e-5,-1.605251868391211e-9,2.9738065524982893e-5,0.0033574278104659596,0.0013983601186662302,1.7375026601643887e-5,-8.999503626232707e-6,-0.0002541996158066758,-0.0020711986579512523,3.584847619922923e-8,1.9672105258932876e-8,-1.543282436750273e-8,-0.00012380470419725022,-6.87210948571848e-8,-0.01743513510949563,7.826952817099798e-5,-0.00021844894211559096,-1.9117909655861635e-6,-0.0004146394305611131,-2.0271750345423093e-5,1.4028247805605344e-8,-0.0014352831926593532,0.0008563996745812716,-0.008319657280179546,-2.2570244742436772e-5,9.689448618599534e-6,2.329329217351128e-5,9.288698353186173e-9,-0.0018065023299319396,-1.1402699400986025e-5,0.009144951951044722,-5.89567579350588e-6,7.817216385776096e-5,-4.623142122709218e-6,-0.010405549049557835,-8.830223707994475e-8,0.0014039355042561028,-5.435142591417641e-5,-2.9704124231275724e-5,-0.0018922576360804462,-0.00014089696555087667,-0.0001533689600779609,0.00024916284778645284,-3.7617377247064144e-6,-1.9271673194116821e-7,-0.0005237404856199742,4.648783875965687e-5,-3.3897794689507714e-6,2.4247545416082907e-5,-1.1185035022649449e-6,-1.5111731036766542e-5,-5.0913499027566494e-5,-1.982761619600454e-6,1.1603495313098577e-6,-1.4774949170116129e-5,-0.002380139373020679,-0.000554940241497857,5.682541911429309e-6,-1.4837308217656767e-5,1.3874799112108626e-7,-0.0032094198295669354,6.731926531165617e-5,-2.603404560949034e-7,-0.0009288691465198412,0.001802603031911646,0.000751012005867063,0.00029609703804792315,1.1127679594017987e-7,-6.65957457401998e-8,-0.00021888229495052648,-0.001231832880279574,-0.004586186019155743,-2.917156702791357e-7,-0.00211173227894921,-2.8842768876608998e-6,-0.0012958411912249736,-7.586755315925956e-6,-2.4074689251800755e-6,-1.1946849183651217e-5,8.529410824346383e-6,-0.001641925963091331,-0.0005673081610217827,-0.002956726002992529,0.00028402057160212583,4.4457152935642946e-7,-1.61666431725312e-8,6.214618392633009e-6,0.013786551332537327,-7.4230355482085736e-9
0.0,0.0,0.0,0.0,0.0,0.0,0.0,0.0,0.0,0.0,0.0,0.0,0.0,0.0,0.0,0.0,0.0,0.0,0.0,0.0,0.0,0.0,0.0,0.0,0.0,0.0,0.0,0.0,0.0,0.0,0.0,0.0,0.0,0.0,0.0,0.0,0.0,0.0,0.0,0.0,0.0,0.0,0.0,0.0,0.0,0.0,0.0,0.0,0.0,0.0,0.0,0.0,0.0,0.0,0.0,0.0,0.0,0.0,0.0,0.0,0.0,0.0,0.0,0.0,0.0,0.0,0.0,0.0,0.0,0.0,0.0,0.0,0.0,0.0,0.0,0.0,0.0,0.0,0.0,0.0,0.0,0.0,0.0,0.0,0.0,0.0,0.0,0.0,0.0,0.0,0.0,0.0,0.0,0.0,0.0,0.0,0.0,0.0,0.0,0.0,0.0,0.0,0.0,0.0,0.0,0.0,0.0,0.0,0.0,0.0,0.0,0.0,0.0,0.0,0.0,0.0,0.0,0.0,0.0,0.0,0.0,0.0,0.0,0.0,0.0,0.0,0.0,0.0,0.0,0.0,0.0,0.0,0.0,0.0,0.0,0.0,0.0,0.0,0.0,0.0,0.0,0.0,0.0,0.0,0.0,0.0,0.0,0.0,0.0,0.0,0.0,0.0,0.0,0.0,0.0,0.0,0.0,0.0,0.0,0.0,0.0,0.0,0.0,0.0,0.0,0.0,0.0,0.0,0.0,0.0,0.0,0.0,0.0,0.0,0.0,0.0,0.0,0.0,0.0,0.0,0.0,0.0,0.0,0.0,0.0,0.0,0.0,0.0,0.0,0.0,0.0,0.0,0.0,0.0,0.0,0.0,0.0,0.0,0.0,0.0,0.0,0.0,0.0,0.0,0.0,0.0,0.0,0.0,0.0,0.0,0.0,0.0,0.0,0.0,0.0,0.0,0.0,0.0,0.0,0.0,0.0,0.0,0.0,0.0,0.0,0.0,0.0,0.0,0.0,0.0,0.0,0.0,0.0,0.0,0.0,0.0,0.0,0.0,0.0,0.0,0.0,0.0,0.0,0.0,0.0,0.0,0.0,0.0,0.0,0.0,0.0,0.0,0.0,0.0,0.0,0.0,0.0,0.0,0.0,0.0,0.0,0.0,0.0,0.12272709377699215,-4.72922260531213e-6,-3.1820812510305035e-8,4.275570243176711e-6,2.7495486062387845e-5,-0.00020728613606150808,0.009244741047343701,9.153205747743772e-6,4.5636932602880106e-8,-0.0013724072492674246,1.8123804303558402e-5,1.4464379313316676e-7,0.0025136980361641793,1.7979478913469076e-7,-0.0013956955870875329,-0.003159421944586861,-7.47482651685188e-5,0.012038776744064714,0.0014683735859870733,-0.00010143944059868788,3.977027356677927e-8,-0.00010616205882052503,-0.0019477260529354677,1.4468266476427554e-5,1.4569560615947388e-5,8.823595380438036e-6,6.030310023773405e-6,-0.00264658354683927,4.654677466804383e-8,-0.00038001428725758347,-7.4030002332958114e-6,1.691143401702202e-5,0.034245889565139694,1.0589648092033998e-5,2.5720964073904416e-7,5.84690515987871e-7,-1.1087325979227503e-6,1.2748252212979318e-8,-3.746362936611396e-7,0.03577314777727388,2.7261240017294806e-7,-0.0025196210775958244,-7.2408903055847546e-6,-2.902820447033986e-7,0.0024195901870900254,0.0006118805556817351,-0.0072359838090248355,1.596802821280077e-6,0.00016304513327571518,3.0537382439995374e-8,1.9168538564791336e-6,1.3906851077747592e-6,-0.006192936297722721,0.00023023906422322738,5.199325003192989e-5,0.002650448758045943,2.8796140330607167e-8,0.000684348010960201,-0.004466622789582446,-8.162347602078491e-5,-0.0012729680938554054,-1.4599123960930642e-6,-0.0022051164203765014,-0.002666543227520889,-1.4625841342581577e-6,2.6732633538747168e-6,1.3414167017300405e-8,1.1903820142959804e-5,8.151198052732138e-5,-0.0001456797245293782,1.2268659446462442e-6,-6.435186789554418e-6,4.127726233249298e-7,0.009634775313916544,-1.4416992510656076e-5,-7.350055594346689e-7,-3.954542476796683e-6,0.005014851672471945,0.0023204156042648887,-0.0021646775047192146,-4.490500548798121e-8,-7.730612729483528e-5,0.0068058392674228176,-1.0554915226710759e-8,0.00032258948634305353,-0.006433330590555383,-3.2093089320669056e-7,6.081693563367271e-6,-0.005766555401496532,7.297448283423235e-5,-3.74522721866378e-5,0.02465291801996228,0.0010532246213735272,-0.000122326063381851,-0.03789320825650816,-0.00018939698510536297,0.006764364792132939,-9.66648925751634e-6,-9.277755932889076e-5,3.185851239594932e-5,-5.468014740100293e-7,-8.728373911488778e-5,1.067323377046743e-6,-9.443093096659704e-7,-0.0022490833834531805,0.05442789296015943,-7.223266433147959e-6,0.00047716524266740076,4.122137015414469e-6,-5.243766814225618e-6,5.029185328815786e-5,-0.0053734924078567255,0.0006894284350034427,-1.9200171366308604e-5,-0.0007104780002899221,-1.2767805483848909e-6,0.0009297632053693497,-3.419201324767869e-8,-6.598612978291092e-7,2.239040577693731e-7,0.06847760481530994,1.583190542299476e-5,-0.02320449634559543,0.0014668872105842252,7.673433846218062e-8,0.010241507839743175,0.037768398608225465,0.01280730225903514,-0.00018404739502856718,0.0011748842766660542,-3.5706515075462913e-9,-1.9043040357496467e-7,-0.0003634142427760874,-5.281863882445916e-7,1.5020540348214538e-8,0.0019660713840576527,2.1346982279238558e-5,-2.874317213220112e-6,-3.760843342791467e-9,-3.16420171365414e-5,3.204163236718781e-9,1.015640603560187e-6,1.1717256322830248e-6,0.0021878525465112877,2.462725902674178e-9,0.00409600863649739,2.550399211104742e-8,-4.255137814798988e-6,7.828842682981624e-7,-1.2605010491181204e-6,1.094168391986427e-6,-5.591173787633168e-7,0.0010641621137151116,9.636969567346034e-5,-0.000944783440048189,-0.00035755698858206444,2.0778996556030375e-5,0.0007108885841621434,4.369789215926484e-8,-0.011868337554317486,0.00014683861044703102,-0.002613913220341265,-2.959184278507642e-5,0.00016645293877743755,0.0005242511782946444,2.505507022064076e-6,8.894954776675734e-7,5.241308477031928e-6,-3.6889715546349405e-5,2.132785389741386e-7,3.9369302057804627e-5,-0.00014383874649885725,-1.976158606499796e-8,-2.6768894977058284e-6,9.90910215504763e-8,0.00021522120080471653,-7.338267964149446e-7,-0.005706625669605183,8.45971352967869e-6,-7.593927604935137e-7,0.002342263220395764,3.939423193108617e-7,0.0003976941661392482,-1.6730208222257536e-6,1.1129983848388185e-5,-1.0613648321255373e-6,0.0001980013490912374,-2.280797479632296e-5,-3.0033351021397135e-8,-1.2097460926225792e-8,2.045212472462517e-6,0.0016803549851772182,-0.002996646090429932,-5.383094141454364e-5,2.4193717810594927e-6,-3.600484633635463e-8,0.0026118571108698645,6.427912383471203e-5,0.0005921562437954624,-8.555135665329206e-6,-1.9275627064903135e-6,-2.894789333083792e-7,0.005601743141915319,-3.4630561375022587e-7,-2.1893601487491777e-5,-1.350296731697665e-6,-1.208501734170548e-6,-2.6904364649333258e-8,8.740126788478813e-7,-4.251881135388722e-6,1.975261822816284e-5,0.00014434620080614868,-6.167980960798266e-8,0.00026285485669336683,1.4639360785683802e-5,-6.471287505594485e-6,-2.0525714646001702e-5,2.093306657644063e-7,-0.0014368123796674296,2.0607241776219858e-5,-8.880774631714574e-9,0.0012616566570657843,-0.004656265601504919,-4.292256584806057e-5,3.8138052313176427e-6,3.732435544272631e-5,0.00013958550038805983,-5.74079107463337e-5,-0.0014986441477103766,-0.0022475917841010963,0.0026060953098066384,-0.0044848746980850375,1.1637249324049862e-5,-1.284042501085709e-7,1.7471234582980113e-6,-3.4670017870003513e-6,6.42786947446442e-8,-0.003448415983759493,-4.0755357135285184e-5,0.00441544946540624,-0.0003817836035078271,0.00991956119892438,1.9482640120192454e-6,2.533158128378261e-5,-1.5326855727522237e-5,0.0007492188475856051,-5.277505036998787e-7,0.00022873496077217335,-0.027731859309997955,-3.7550637524637884e-7,-5.037645028118612e-8,0.06700731365761885,8.966915953639314e-6,-1.0429672365507777e-8,-8.932840378240344e-7,-1.1067883703619209e-7,-6.1933177969275056e-6,0.00014684905257999602,5.739911356227229e-6,-0.0005876936844826932,1.152336321939312e-5,0.017842869158933843,-2.2946111426022956e-5,-8.716039321126974e-7,1.8133662700491187e-7,2.6309103889161198e-5,0.007434459450919922,1.3996930081996216e-8,6.482966147760458e-7,0.019810367683955853,-3.7972323674750635e-6,0.0017583071494682917,-0.005607306614573096,-1.9995320889274003e-6,-0.00017437539634645332,1.1444016198716844e-6,0.009627501886450006,1.9278507964318765e-7,-0.0027646242012841784,-0.0019105111287222097,3.078314315468575e-6,0.009844469733033318,-5.339044102859128e-6,-2.5220026725878756e-8,-2.8014207544812004e-6,-1.2733010878676268e-6,-3.456803460674083e-6,0.004446803661905547,-0.0015909845033366208,4.715911255567887e-7,-1.385569659085787e-7,1.5512774576523964e-5,-2.7849395402771073e-7,-0.0015028855413174332,1.0701910461992482e-5,-1.0871567759535925e-8,-0.00021779392183784513,-3.733827866711564e-6,-3.3154464282019675e-8,1.242517827547488e-6,-0.0015038338003049176,-2.869701200747564e-5,-3.0002144558716128e-5,1.778508103219487e-6,-7.935469876260943e-5,-0.0022871747711739397,-3.5936015973769153e-7,1.409867916306447e-6,-2.6380569227729576e-5,-5.807596591063269e-7,-5.272402264534682e-5,0.00022038814022001362,-0.002347139018564253,0.00013402647067383536,0.04069709847973595,0.00021672317806298736,2.662534238398292e-6,5.5138601422985794e-5,0.002136131401135484,0.004947813691061401,1.7940877890554276e-5,-1.3463294647602613e-5,2.1915365353319304e-6,-5.191871938251871e-7,-8.498208235351193e-5,2.0226767089278076e-9,1.3337684365039243e-8,0.0010767967549973148,-1.0055303971939655e-8,-1.2775323293532675e-6,0.0004268250842249011,-0.0003603696836952669,9.537256944567355e-5,-0.00027872880024780704,-8.901648636622236e-5,0.0010465381456529383,-1.664439724179479e-8,5.986598996177554e-7,-0.002926678237698318,0.0004076629163081011,-0.0006406780638770418,-0.005643309376675616,-1.778814556900947e-8,-2.283413878895947e-8,-3.353991050607676e-7,1.1262876007375886e-5,1.0413881775686286e-6,-0.0007861566361644774,2.233815074576503e-6,-4.426803651731424e-6,0.0012484845497286574,0.005852624356321143,-6.240552731860273e-7,-0.002848082842060627,2.333691380677385e-5,4.756850175022991e-6,2.4363340502103762e-6,0.00010187185722528373,-0.007169014244317318,0.023071576979266643,0.0002812221224507239,-8.517365757492044e-5,1.1567487730437461e-5,0.0002112718495287501,6.44121984175411e-6,9.990586797129352e-10,-0.00013697519869220912,3.740387936036429e-6,-0.0003112421029256665,1.1045950269098508e-6,-2.853860864389123e-9,-0.0001958380174318165,0.0034028799687253297,0.0002743436781750152,0.0004496770347484108,0.005268692557314279,0.0005981021644506512,-7.466104127688221e-7,-6.604646943982861e-6,-1.6339731676714412e-5,0.00047983417347934455,-0.001847994146479791,4.897682410080693e-6,0.017016854986338655,-0.000542819789167213,-4.104175789991979e-5,0.08123789562808136,2.0172932239583157e-7,0.0003734559621926738,3.730417669479318e-6,3.800836474327833e-8,1.1573002682785811e-5,4.0557600975289594e-8,0.05776211539852651,1.2656124210154363e-7,5.122638636148468e-7,-1.5703990965936102e-5,-8.186275496511323e-6,-8.595779282120581e-5,-3.6017076160421294e-7,4.985381237644605e-7,1.8650869130548153e-5,-0.0003247395881736114,-1.007133400381876e-5,0.003910823679778001,-8.341914432120713e-6,-3.418750289158589e-8,-0.00159647942970898,5.371443665258832e-5,0.00050347137548893,-7.093597355176245e-7,0.06919183579597121,3.4210974289230086e-6,0.000660050482907999,-0.005275488432188893,0.008916260837841911,1.8443093226278827e-6,-9.277361178420985e-6,7.150516815470271e-5,1.4811146859364988e-5,-0.0010240015997586736,0.0021685439019425625,-0.0005483189710600796,2.1090402532469476e-7,-2.1059561598881568e-5,-0.0015227687545899405,3.120452051226947e-7,2.1699245259596286e-5,-0.010770745787686997,-1.437313722881994e-5,-0.00017053061884711833,1.2084952355373555e-7,1.0134618073811071e-7,0.0019662750310539784,0.003405139502238289,0.0002278296849200947,8.498329718588084e-8,5.920601249384201e-7,0.0008866439272894968,5.545858872989233e-8,-0.000164560021426519,2.3854038315047467e-5,-2.3287213384785412e-7,-0.00027271763141510115,1.6450836914552617e-5,0.002360571369313951,0.004045629281026472,9.364807945232209e-6,1.6843950282987136e-8,9.617924316905563e-6,-0.007736693022505878,-0.0017187601851711787,-1.8812813335241944e-6,1.1115006663036013e-5,0.001749613067215192,0.007539263969020917,-5.16766202737158e-9,2.963928457998158e-9,2.9046011194423087e-8,0.0022990822260466684,1.0079439835097076e-7,0.010671255005913621,0.0003431151153980565,-0.0006283088058999009,5.3778748605057435e-6,-0.0019456507865822613,8.693169283572202e-5,9.477801513071863e-9,-0.0013438383122036596,0.00021906247314323847,0.005943179483968906,-1.2651208496651896e-5,5.0720385094648505e-6,-3.677855317133187e-6,-1.23204201491262e-8,-0.0023508019871840563,-1.972510886940341e-5,0.05992791518225219,-1.9150076818264777e-6,-0.00046266648914364283,-1.3245809353435758e-6,0.002108584349389877,-7.258511156341907e-8,-0.003028372789125399,5.101952593971868e-5,4.537686594581163e-6,0.00029878515187615936,0.0005383666100043211,0.00065039655108989,0.006401872601709606,2.42514186202152e-8,-4.865908176819159e-8,4.896332100588195e-5,0.002114436674104873,4.767997430032121e-6,-1.1381377665408705e-5,5.228706577123389e-6,1.0852633480545503e-5,-9.961423123999837e-5,-1.6079673764602732e-7,-1.0257042308985824e-7,-6.778972479077888e-5,-0.0030461668428042586,0.0005220983800912766,-4.123958882342879e-6,5.620359544246711e-6,1.3509702352326579e-7,0.005752858270141687,0.00026250096724014153,-5.742250572674351e-7,0.0030763297782434315,-0.005157828776600115,-0.004826564147927337,-0.0037623889075814195,-5.897098355150691e-8,5.105158324471544e-9,6.819423440578206e-6,-0.000988040047460961,0.015230867810569778,1.0156563109204273e-6,0.0005182269948830797,-0.00026475626379864113,-0.0036225093300184395,-2.0141014506925377e-5,-4.816110878153225e-7,4.9324654017883945e-6,-6.768662918085679e-6,0.002410734535076721,-0.00240237447718924,0.00039586478949929683,-0.0007605753755129042,1.1395595960609354e-7,6.403168733140457e-8,1.7566919719105668e-6,-0.006352184507315495,4.075415559311145e-9
0.0,0.0,0.0,0.0,0.0,0.0,0.0,0.0,0.0,0.0,0.0,0.0,0.0,0.0,0.0,0.0,0.0,0.0,0.0,0.0,0.0,0.0,0.0,0.0,0.0,0.0,0.0,0.0,0.0,0.0,0.0,0.0,0.0,0.0,0.0,0.0,0.0,0.0,0.0,0.0,0.0,0.0,0.0,0.0,0.0,0.0,0.0,0.0,0.0,0.0,0.0,0.0,0.0,0.0,0.0,0.0,0.0,0.0,0.0,0.0,0.0,0.0,0.0,0.0,0.0,0.0,0.0,0.0,0.0,0.0,0.0,0.0,0.0,0.0,0.0,0.0,0.0,0.0,0.0,0.0,0.0,0.0,0.0,0.0,0.0,0.0,0.0,0.0,0.0,0.0,0.0,0.0,0.0,0.0,0.0,0.0,0.0,0.0,0.0,0.0,0.0,0.0,0.0,0.0,0.0,0.0,0.0,0.0,0.0,0.0,0.0,0.0,0.0,0.0,0.0,0.0,0.0,0.0,0.0,0.0,0.0,0.0,0.0,0.0,0.0,0.0,0.0,0.0,0.0,0.0,0.0,0.0,0.0,0.0,0.0,0.0,0.0,0.0,0.0,0.0,0.0,0.0,0.0,0.0,0.0,0.0,0.0,0.0,0.0,0.0,0.0,0.0,0.0,0.0,0.0,0.0,0.0,0.0,0.0,0.0,0.0,0.0,0.0,0.0,0.0,0.0,0.0,0.0,0.0,0.0,0.0,0.0,0.0,0.0,0.0,0.0,0.0,0.0,0.0,0.0,0.0,0.0,0.0,0.0,0.0,0.0,0.0,0.0,0.0,0.0,0.0,0.0,0.0,0.0,0.0,0.0,0.0,0.0,0.0,0.0,0.0,0.0,0.0,0.0,0.0,0.0,0.0,0.0,0.0,0.0,0.0,0.0,0.0,0.0,0.0,0.0,0.0,0.0,0.0,0.0,0.0,0.0,0.0,0.0,0.0,0.0,0.0,0.0,0.0,0.0,0.0,0.0,0.0,0.0,0.0,0.0,0.0,0.0,0.0,0.0,0.0,0.0,0.0,0.0,0.0,0.0,0.0,0.0,0.0,0.0,0.0,0.0,0.0,0.0,0.0,0.0,0.0,0.0,0.0,0.0,0.0,0.0,0.0,0.0,0.1226680085965046,-5.324965724312328e-13,0.002670750988786901,0.0014544751981090734,0.0004433951951941556,5.325054021618381e-7,4.800381053144962e-10,-4.270819962757941e-12,-5.8823609834353435e-8,-0.005699083716263135,-0.010532572338453136,1.8351421223955602e-7,6.920252408241447e-12,-2.8667427850894763e-5,2.856852994223101e-7,0.0014293079579774182,4.143961816586218e-6,3.2541531292885015e-8,9.400750091830198e-5,8.002500645344702e-13,-7.789046039982138e-9,-1.7062797556992499e-6,0.0011381090851814162,1.3910433062239193e-9,0.008620766532899534,3.1618661816566326e-10,2.1398241537071023e-6,2.334279399748883e-12,-0.0003562398003909378,0.002589796231442956,2.57959895966168e-10,8.043279515910572e-7,1.293078892774727e-8,-3.610309645125978e-11,1.319099459354637e-10,0.0014563436396814982,3.8881965179523815e-13,6.737638813998734e-13,4.709187864465371e-6,-0.010130498828146494,-1.1196009795068834e-7,2.2986669225918747e-9,5.196597436979083e-10,1.9203340255604477e-7,-1.9884460197725736e-5,-1.601051223768345e-5,5.169514973828323e-11,5.9735874669181285e-9,-1.7617666336174106e-14,0.009204723003776446,1.888680790375598e-11,-1.3359617435510977e-6,-1.992817960429776e-9,0.002769278375180269,-7.2596006768724256e-6,7.675967076081459e-13,7.48481879941661e-8,-7.264355786917704e-7,-6.055976304889009e-9,0.0003571417831380925,-3.500135894675319e-11,-1.3757912123000148e-7,-2.7430958360520892e-5,-1.3306128885283662e-10,0.012663880536546532,4.3027177130278636e-13,-0.0038488883416585187,1.7517316863490032e-8,-4.98056367158391e-7,0.0010881721671525649,2.1746193653302734e-9,3.145252770036874e-11,-1.3288861247548977e-7,-0.0001440591973023368,-4.342233106741692e-10,-0.0013238773071497657,3.772116522603829e-5,-9.574542849569237e-7,1.1486008705350162e-6,1.1773216933706755e-11,-0.005611699129155387,-9.504888490691797e-7,4.182657425175775e-12,1.258717308288763e-8,8.671948381705109e-5,-0.04106431270840957,3.0800242708218986e-10,2.014708277742498e-6,-0.00020220451517475872,0.0002926664732238856,-1.6969367795105308e-5,-1.3552073942776656e-8,-7.490142757094119e-9,-2.4703290078140674e-6,-7.93172536306424e-5,3.2609863595469545e-7,-0.0027378510551720387,-0.00040096188929443114,-0.0014587830063564368,3.2291164816433964e-10,-5.620079226839512e-9,2.0813943128493537e-11,-4.4863485201582024e-11,9.52288574208926e-6,8.206014349982383e-6,0.007084570126430791,3.775917148728236e-8,0.00035113212904665816,3.2160793290699825e-11,0.0005215422936471531,-1.1800653646238477e-6,-0.00020622415439895293,0.0035880643847941113,0.00029672357057503875,0.031337759521088256,1.112478381227769e-6,1.9675550580594963e-12,0.0015427194444020819,-0.02104832467621682,1.8344245225076247e-6,3.523568854580522e-10,1.5070876432694989e-6,7.888884567548798e-8,6.516936696867053e-12,2.2161109162102756e-6,-1.7039637013450173e-6,-4.212149298307335e-5,-2.0743312495976433e-8,-3.298623642425763e-9,9.398673168936146e-13,-1.3649246821350511e-11,-3.75102927392646e-7,-2.409105772395398e-11,1.0525819403665735e-12,-0.0001947958688088622,-0.001573473479691989,-0.0017099461515026932,8.235341785079518e-14,0.00010018482875556908,5.778315164688586e-13,0.03577178507558265,3.5492063610771146e-10,-7.394032182079827e-8,6.350172113124565e-13,-7.94581347632311e-8,-0.006568447459281675,-0.002870591076749857,-0.014846974020164827,0.0035990966120044384,0.022552243314659246,4.9400062052766816e-11,2.99932909248784e-5,0.00032083616156679875,-1.848813363786702e-9,0.0005126603077465651,4.550261301153163e-5,6.324974359504125e-6,8.632950123218763e-13,-2.1337043443983754e-6,4.870074130229833e-9,-1.2025830280704844e-7,0.002649183941445752,8.26873919997079e-9,0.00011188030374397656,8.897950025224854e-11,0.0010748535623673705,-0.028977121721877462,-4.135622603961739e-5,-1.4372446803428458e-11,0.0006614012032736807,-5.33411566837304e-9,-1.9523414964958765e-12,-0.010897931748339989,-3.1423622229618606e-13,5.70200456938863e-9,-2.4765260033499548e-11,1.535047596625167e-5,-0.00759374013857868,-0.011323940319222365,1.1931520799996903e-6,-0.005609793682095512,-1.2942201072004876e-9,0.000997610094859869,2.548433136637344e-10,-0.00248581848953066,-0.001208085671506746,0.0017395541657125003,-1.7465078063283278e-12,-6.9815894594213145e-15,2.500689480173887e-10,6.818202109318475e-8,4.7124706902473676e-5,-1.4509046495269719e-9,0.025358248125044745,-5.750398918523018e-12,4.157842746534635e-5,-0.0004590513977606698,-0.00017900018893209598,-2.2877704825784074e-10,-0.00151644157777654,-1.5920931091283948e-12,2.764935335857392e-7,-1.6289435490868168e-11,0.012044238585929266,0.042552380025812984,-0.03333944283057188,1.8370200636054777e-13,0.005112576894471596,-0.0023327039397778226,-0.003484877820627065,-0.00033379695397821324,4.41932048229011e-12,-9.0147884761485e-10,8.251062702063532e-10,0.024404090022819513,-0.006737069754444546,-0.012529159677739592,-4.124157979498783e-8,-0.0005094400288623954,-1.1316746404761058e-13,5.1201390690995425e-8,5.452968872558824e-8,-0.0012316645942431433,1.190280215577068e-10,6.991883318531152e-10,-0.00041314171687139553,0.0008848106509203383,4.788993155684463e-8,-3.2097168178553693e-7,-4.983983608661825e-7,-8.927509878008556e-6,6.669203582152973e-10,2.14081428617119e-11,0.003263474405854444,2.7786860729792956e-5,-1.3542446568823226e-11,-3.1295373202783068e-6,0.0008324488641558074,6.655554366516862e-6,-2.7099824288923376e-8,8.386496517484194e-6,2.1504529509734474e-10,4.881625008211313e-9,-3.842045627795464e-9,2.7896391837207398e-8,-7.199124685096528e-5,3.151110657934557e-8,-1.4873142662689696e-6,2.522997411480366e-13,1.1584434069555998e-12,5.723953349194013e-6,0.0014744732185294177,-1.1070902952767782e-12,-6.966027830571093e-12,1.4301993539502524e-12,-2.680473638234949e-10,8.221731611753553e-9,0.002276303370984862,0.00014852949618282603,3.458279501875379e-9,-4.5805861327214806e-6,-5.206427938368206e-10,-4.8922733160412866e-11,5.490195787954758e-12,9.395245057576288e-10,2.396918228808502e-6,-1.057280205797926e-12,2.307170368314355e-11,-1.7449585503166224e-6,0.019462322775902808,7.402324939195736e-6,-5.376146538881844e-7,4.815502615732748e-11,-9.575750537254174e-9,4.583305287444579e-11,2.4054903645788316e-7,9.593009786617408e-12,-0.00012149591547456133,-2.4186538956322373e-5,4.2175380003338364e-11,4.4479909816014224e-7,-2.198862103773747e-10,7.0932500978596705e-12,-8.298294837695412e-11,0.002575099846426383,1.0073725213041971e-9,-1.3777466527719087e-6,1.5283528694888986e-7,1.4798325796453085e-11,-5.16524575407974e-12,9.793526652582132e-10,3.327725917814738e-12,2.6802284031749242e-8,0.008470960617225763,3.895834193611459e-13,0.000476324203556844,-0.0007097702841065111,-1.2342610299369724e-12,-0.006408059556213274,-2.0237357319048695e-6,-5.463132019382981e-10,-3.121189807786187e-9,-0.015164094692206004,-1.76691956633511e-5,-1.3815999177824893e-7,-8.372291843579494e-12,0.00705597179940207,0.002656527225172958,-1.662635101700298e-11,0.0005504933659940227,8.568130611299381e-9,-8.60174365500802e-7,-2.619569215654445e-7,2.1358971122212584e-6,1.3577437359737525e-8,2.9586021709939963e-11,2.2649562837269536e-9,-5.414016410708889e-5,7.433326811697063e-6,1.4030103606087324e-9,-3.7063810833618284e-10,1.5947353337592793e-10,-0.0016729597089408003,0.0018579644750985583,5.891352534751469e-13,-2.6885543730856977e-12,9.807869179760194e-8,-1.20886265469659e-12,-2.2346764682263536e-10,-3.3996650939002996e-9,2.3642780792497948e-7,-5.646678874765064e-10,-2.3623873586920656e-8,0.0003911152766557773,1.3223111228445306e-7,-1.605162016617461e-12,0.005856514384894116,-5.26144484620926e-8,2.284797703787728e-7,7.714794349612784e-6,1.3220082259179264e-5,2.7096013126271274e-12,-2.0351524862084108e-13,-0.01142065859639765,-0.01866669547145415,-0.0005134262782639297,1.9468727863005657e-7,7.467514261406318e-11,-9.783768468824366e-11,-6.117859741084082e-5,-3.700372890945657e-6,-0.015299890387524273,4.778935616063865e-6,-0.0003533489329776753,1.763298291232175e-10,-0.007565207642107076,3.4396726249696664e-9,-9.818044945415822e-8,3.6862805194932497e-6,3.1960200787961153e-5,-5.687107281916294e-10,4.6260057776289115e-10,1.2473088937418379e-8,0.004353324865249448,2.471096869907112e-13,-7.975722398016046e-5,1.5594982229589714e-10,-2.8407497340519216e-5,8.63420613565723e-11,-5.5575540237280074e-14,-8.702245049840573e-6,4.8447365537764963e-8,3.184066197741742e-5,0.00023888378210762303,5.890681356361865e-7,-9.90362637351193e-7,-5.472168203757006e-11,0.007776455807395562,-0.003890385850105162,1.404195699641032e-8,-1.3450615082253827e-5,0.0004079778910645607,3.634780469632395e-7,7.622116070379259e-6,-4.747101643441914e-9,-9.230333098439209e-6,-1.3318785620556662e-11,-1.0430542175894385e-7,-0.04027833197239213,1.228573959229134e-12,-0.0021516269215638597,-0.00048652947475710367,2.942108044920075e-6,4.973511111686273e-12,3.1772870944525385e-11,0.0026589366024089857,-0.001628003691054219,-4.69279843628797e-9,-1.315883460237121e-11,-1.1904709189449462e-11,7.767303430158328e-10,-4.2638758100867494e-8,0.00040435200121065904,-7.970786702439703e-8,-0.0016643160347476857,-8.777918735243288e-13,-7.308615190606437e-7,1.5988085584427003e-9,8.609863765084655e-9,0.005515646040034975,-1.168619437900571e-6,4.2541677440655715e-11,3.824548013582181e-8,-6.875296871291094e-6,-1.2957851326771037e-6,4.601917843811742e-11,0.009866123390263066,-0.0009050522129024896,1.1453084768136363e-9,-4.777695835527401e-8,2.3531299778255383e-7,-2.416451228753419e-8,1.4504605072802826e-11,-2.6404104896044297e-5,-2.2479769806643858e-8,9.058148774283275e-5,0.0004272313143172255,3.217446639605061e-6,0.02046512258472122,-1.7250332295047995e-8,-1.8263326215653913e-11,2.916850577663115e-12,-6.624818839860047e-5,5.0643462200636735e-6,3.38822491142205e-5,0.0011876214999883706,-3.6122588541256834e-11,-2.512071778137815e-7,7.529947790695274e-12,-1.9536980984230006e-9,5.205869760841884e-10,-8.181985030804464e-12,0.0004622968511546935,1.00219876876292e-9,1.4082522753301021e-5,1.2640549069153805e-5,-0.00020788375788340273,2.0227880044546687e-12,-0.0006059777189139162,-7.928892701270771e-7,-9.240275777352275e-6,0.01781603445245237,0.0041364744107138685,3.199234695750188e-8,3.315081408773424e-7,-2.281531388954194e-12,-3.8395319714350604e-14,7.594822158591842e-13,4.1269766283936783e-5,1.7612925307198343e-12,-1.1567250223179027e-6,-7.04533310640996e-6,-0.0001312560199801803,-0.0010543643117586164,3.0103893014123525e-8,-0.0014634968842367167,5.34024618635356e-13,3.804562701037694e-6,-0.00013249086116318056,1.3241168644658568e-6,-0.0016786234940330007,-0.003902558389255588,-0.0023465677198224242,-1.7129392632796593e-12,6.585682248337314e-5,-2.2284199754544332e-9,1.6937096263798246e-6,-0.00017869390386342094,-1.880553947446139e-8,1.2717665027696223e-10,6.963115447400948e-6,-6.644321206552184e-13,-1.2531460407135698e-6,-0.000457835942201004,1.4618419344242953e-9,2.3916298968901483e-8,3.7351422393857996e-8,-0.0005696938424409994,3.0184944581550804e-7,-0.021701876397279087,-3.757995889034759e-12,-5.5395248805699566e-8,-2.1144061894372385e-5,1.2003223501707205e-9,0.0009809852801370533,2.003514320556617e-10,-0.0023775780180504825,-0.0005448273757216216,0.0002814305295380348,1.0486816355005672e-10,-1.3289684442196891e-9,-1.513201724238653e-7,-5.965552026623336e-8,5.446068453276244e-5,6.0652655945133e-10,-2.566599327930914e-11,-4.883280328856103e-7,1.0986114498726312e-6,-8.174622932578682e-12,1.0893128099934819e-7,1.6595110178382277e-7,3.615250479336195e-5,1.7739948638811297e-5,-6.800777605616908e-13,3.3528921369311547e-13,0.0006073519182017704,1.0127836339807667e-5,2.9740200303158503e-7,-2.912417799532673e-10,-3.240721589694342e-7,-2.0709571008614867e-5,-1.2015108490840513e-7,-9.660506178895662e-11,1.040990385741441e-10,-0.0017970717660115865,0.00022054462810558472,-2.2840187240160998e-6,-3.6362855492434395e-5,2.219006893363319e-5,-6.347536591239027e-5,-2.6338083516751692e-11,2.0768144402857226e-12,0.00020038699788765024,-1.0042377058675904e-6,1.8014352338514704e-13
0.0,0.0,0.0,0.0,0.0,0.0,0.0,0.0,0.0,0.0,0.0,0.0,0.0,0.0,0.0,0.0,0.0,0.0,0.0,0.0,0.0,0.0,0.0,0.0,0.0,0.0,0.0,0.0,0.0,0.0,0.0,0.0,0.0,0.0,0.0,0.0,0.0,0.0,0.0,0.0,0.0,0.0,0.0,0.0,0.0,0.0,0.0,0.0,0.0,0.0,0.0,0.0,0.0,0.0,0.0,0.0,0.0,0.0,0.0,0.0,0.0,0.0,0.0,0.0,0.0,0.0,0.0,0.0,0.0,0.0,0.0,0.0,0.0,0.0,0.0,0.0,0.0,0.0,0.0,0.0,0.0,0.0,0.0,0.0,0.0,0.0,0.0,0.0,0.0,0.0,0.0,0.0,0.0,0.0,0.0,0.0,0.0,0.0,0.0,0.0,0.0,0.0,0.0,0.0,0.0,0.0,0.0,0.0,0.0,0.0,0.0,0.0,0.0,0.0,0.0,0.0,0.0,0.0,0.0,0.0,0.0,0.0,0.0,0.0,0.0,0.0,0.0,0.0,0.0,0.0,0.0,0.0,0.0,0.0,0.0,0.0,0.0,0.0,0.0,0.0,0.0,0.0,0.0,0.0,0.0,0.0,0.0,0.0,0.0,0.0,0.0,0.0,0.0,0.0,0.0,0.0,0.0,0.0,0.0,0.0,0.0,0.0,0.0,0.0,0.0,0.0,0.0,0.0,0.0,0.0,0.0,0.0,0.0,0.0,0.0,0.0,0.0,0.0,0.0,0.0,0.0,0.0,0.0,0.0,0.0,0.0,0.0,0.0,0.0,0.0,0.0,0.0,0.0,0.0,0.0,0.0,0.0,0.0,0.0,0.0,0.0,0.0,0.0,0.0,0.0,0.0,0.0,0.0,0.0,0.0,0.0,0.0,0.0,0.0,0.0,0.0,0.0,0.0,0.0,0.0,0.0,0.0,0.0,0.0,0.0,0.0,0.0,0.0,0.0,0.0,0.0,0.0,0.0,0.0,0.0,0.0,0.0,0.0,0.0,0.0,0.0,0.0,0.0,0.0,0.0,0.0,0.0,0.0,0.0,0.0,0.0,0.0,0.0,0.0,0.0,0.0,0.0,0.0,0.0,0.0,0.0,0.0,0.0,0.0,0.0,0.12214181289781982,-4.6775017075129875e-12,1.3802746694474163e-11,-1.114906303665115e-10,-2.532448149866408e-7,0.0001638678206402501,0.010192766655007013,-1.4572367171851318e-7,1.498518753175269e-11,8.254195381008379e-14,4.631068243371489e-8,-0.005582357453505786,-1.3514907600571593e-9,1.445004160129952e-7,-8.675111110389219e-11,1.8255261888231202e-10,-1.6524628047616688e-6,-9.675196137437228e-12,-0.028586016026743353,-4.225817070546104e-6,1.350475712762513e-8,-5.0872778735793756e-12,-6.622592270465615e-5,-4.296067749907741e-12,0.00048658787863745936,1.1275895343800303e-9,-0.030758239106565465,2.3312417508642146e-10,-3.0017862299409272e-12,-9.412575932248118e-5,-1.1632012645995646e-7,-5.197625437266163e-6,0.0005138635263966709,-6.516773183359433e-5,-7.461629224726439e-13,-0.005666709146739053,0.008631946036874278,-1.156471099363568e-8,-7.719700358508077e-13,-3.972187133414794e-7,1.5554777570808462e-6,9.377787297753002e-6,4.196712537095715e-7,9.596143182062487e-10,-4.625276437568871e-9,-0.0003975972631866007,2.8437591545021373e-6,-0.013624900815213909,-8.256664404201006e-13,0.00204591446059808,6.794814162863377e-9,1.829421389394638e-6,-5.466935087668919e-13,1.4596518360231676e-9,0.004689748909180354,3.895926077065667e-6,-5.880973442784941e-8,2.0876339897379064e-6,3.7602000230029556e-10,0.0006191702284427336,-8.445254596201584e-8,-9.285747545765649e-10,-0.00015474035569238144,9.717796638373682e-13,0.027154379992033167,-1.3941169126948485e-11,-4.965004456410442e-6,2.851938636866056e-7,-1.021322829798249e-12,-8.309374466949402e-6,0.0006770776168522198,-1.6112829101650585e-7,-4.065270949093602e-11,-0.00015085104467056724,-1.3515253134651486e-12,1.4760785350926398e-9,-6.05783500625361e-8,-7.268785928339868e-9,0.005241943124934079,1.955746317978016e-11,-1.2109995919938008e-8,0.004113135489890442,1.3158154632920735e-6,-9.841374890200733e-10,-3.9759302281306826e-13,-1.5015901128311967e-5,2.8060184324145917e-8,-6.975987290456034e-10,-9.355587260676098e-13,6.678670831552909e-9,3.783744015307162e-7,-1.188325839781259e-5,-4.235006967451042e-9,-9.39721390640858e-11,-7.906115362967158e-7,5.526040722924774e-12,-1.3458862456625858e-11,4.088260563835192e-11,-0.00011938391167197553,1.47648257559744e-5,0.0002147694982495418,0.0008877743195296146,1.946405121047553e-9,-5.806916848650106e-9,-4.112024256793455e-14,2.422752842481963e-7,-8.466813050164104e-13,2.159811719490578e-6,2.4114505107841615e-11,-1.7274763814981563e-7,-1.1791392508773392e-10,1.770492515131238e-11,-3.9650584362622356e-10,5.855181804581318e-13,1.3022067989740551e-9,0.031568115735704456,-3.8951223367935096e-14,-3.279768314896207e-14,-7.822288691490093e-8,5.7837335584642474e-5,9.303954229640254e-9,1.667749180912493e-7,-0.008312190981723618,-1.0654373238635724e-8,-8.449570012877321e-9,-2.958840812232312e-10,-5.1508447587946e-6,3.343253998220319e-7,0.020788442972980263,0.0075044573504818935,1.6343543109709253e-8,0.00023874509825040708,0.018730244881420142,6.057417144924311e-11,2.6451986014524758e-11,9.116666692126547e-13,0.0006442727042464103,-1.611026896298597e-10,-0.02105407052738203,4.876101935191227e-13,-3.132863526001438e-5,1.281885260101365e-7,0.010302336569820363,1.6585558156616152e-7,9.735341193604411e-14,5.455410144915019e-13,-2.639092861670406e-13,-9.745753151670332e-14,3.348785946401024e-13,0.00012946200008534457,1.1134016573017072e-10,2.8455882740559237e-10,-7.702439848067832e-7,-8.317978785073881e-11,2.280376055050186e-11,4.140676679862124e-9,-0.012603550490971619,6.340066889184235e-10,4.260757217477316e-6,-6.83900561428521e-7,-2.100517587285819e-11,-4.195344117396377e-6,2.748480892080508e-10,0.0014365330445609472,6.400931394193498e-14,-3.131169506545252e-12,6.10672129208123e-11,-0.00031456990993569944,-1.7188436529581643e-11,2.437150130289805e-5,0.025377213269632732,3.479581187082996e-13,-0.006422020456462219,-1.4812410031666847e-5,0.002039127217229775,-9.763788554278152e-10,-5.110325611129027e-12,4.503546555423106e-13,7.958262383298277e-9,2.6073606792188135e-13,-3.4028564830248275e-7,1.4675720081965754e-14,1.0276124793558408e-5,3.2050349740887125e-12,-1.5977965090709777e-10,-1.0608827927193186e-11,-0.011590729299791321,0.04881777100130424,-8.362943356710577e-5,7.895784128493626e-7,2.703545520540295e-10,-1.4987518468894433e-5,-4.692628327004282e-12,0.015736907799827254,3.0447495960775763e-10,-2.8364533256331816e-11,2.846518766549322e-10,-8.74086860233549e-5,1.174880143291752e-12,0.012778578526561552,-4.741561501364053e-7,0.0033605079592559863,3.0437770386149685e-12,1.0149079495411421e-12,-2.2222520477269466e-12,-0.008786252032046077,-3.288017921213402e-12,5.017026952272606e-13,-3.079728350566022e-12,1.5681294378919033e-10,-0.0025059477350934884,3.4649814930246833e-6,-1.0176980528889085e-5,2.032201595829034e-12,1.3534875377984254e-11,-7.602694367090482e-13,-2.0777067689564578e-6,-2.176378185509634e-11,0.049827186631071226,5.645683130219414e-7,9.478989614993629e-8,9.019603391198413e-12,-8.439215390233496e-5,8.623479586576727e-6,3.7895993452906414e-11,-1.9832666625280855e-11,-4.3629096673652083e-7,-2.1323130451966522e-7,-7.049107676275683e-8,6.288160388273633e-10,-0.00012819134030941579,-0.0009733317377805692,-2.0909925185529806e-12,-9.130616306082885e-12,0.0011283610424276055,-3.972090782937062e-8,-1.1823958679790044e-10,1.020349385592967e-8,3.5659961106485485e-6,-1.5304071828332604e-9,0.0002953279056280142,5.256188228528871e-6,1.049017371002983e-5,-1.338670920553379e-6,-3.154008339341079e-14,4.4512015065855077e-7,5.43101854657082e-11,-0.0009382888652577986,0.00876519857158748,-5.401878179208073e-9,1.1456049717781516e-11,-0.0020827145471510986,9.55349372105072e-5,0.0006218852469696213,2.7369221007019456e-5,4.834953133196723e-7,6.303848024454642e-12,9.733140404607393e-11,-1.0064199752028663e-5,2.5513271672748007e-9,-9.615727613145757e-6,0.0009523021848994678,-0.004106804337082784,-1.4950942740317493e-5,-5.144355753482676e-8,-0.028578502229231178,0.001110101405222397,1.882694010751093e-9,-3.2119617293668037e-12,2.494436217115463e-10,-1.3396823720834246e-7,0.00011665708139010127,6.51053218800717e-6,-0.0004287076037764106,-4.206191172765031e-8,0.002832031135057701,-8.088342994424032e-10,-1.9392395347328334e-10,0.0006536974973035241,1.2493863653855995e-8,-8.448658421197004e-5,0.0036900743354393705,0.00014339158512836835,1.6512212984219838e-12,7.094636041712887e-6,-3.6355462523479997e-9,-2.0486385236278033e-8,0.0009228446317334581,0.005098582775872529,9.057978183083182e-6,0.0012015033560119836,5.0764104709503835e-9,3.4152718277829737e-12,0.03559593682155352,-2.9938424512083876e-12,7.224837801883953e-12,0.014071123074118244,-1.9831928242499683e-12,-3.7929970276258174e-8,8.100733641595859e-6,1.9627823814237714e-6,-2.7035587218011076e-13,-9.505496350213294e-10,4.214605215608566e-7,0.0033434418589289657,-9.141213550325338e-13,3.3816408650302734e-11,0.003372450956339816,-5.44291908555248e-11,1.1353513383285101e-6,1.2830563055052298e-9,7.162901311518496e-8,-7.874083762803738e-8,-2.3785084724363774e-6,-0.00012880586190100913,-4.5172540646872913e-7,-2.371548637542523e-10,3.4887729307225303e-10,-5.35780326197997e-5,-8.001885836247983e-7,-9.122877468132387e-5,-2.860089298205343e-13,1.1526611193486638e-12,0.04564685882136963,0.004672893170756845,2.0445683102776476e-6,-0.0039331120101309906,0.00023954230776207725,1.0021507599799414e-6,-1.3222857482837983e-7,-6.352874425513151e-6,-4.553704646463545e-6,-3.6194658191556005e-11,-6.516010015170846e-8,-0.01214972933914904,-1.4606664068735e-13,7.563072730156272e-8,1.2290808977251677e-8,8.936120553592034e-10,-1.543690099296515e-9,0.007921427562556465,0.010790854953221133,1.0723673572138699e-13,3.765730490406808e-12,7.390729622718683e-14,2.3644437303852406e-7,-2.994404687748297e-5,-7.86912748715205e-5,-6.184992680766232e-10,5.764867499032738e-9,-3.013247879814329e-13,3.8063387854664225e-9,-6.238054621368616e-11,-6.922504821132603e-5,-4.5356737212588857e-13,-4.815931626619142e-6,3.8831520708340447e-8,-1.3494661868087674e-8,1.7343750062307964e-10,-1.2688805458511145e-6,-0.00014406171606636602,1.6482449501005932e-6,-4.359641898547107e-12,0.0072634333153045755,4.4685106668680075e-12,0.0006454037929261149,1.2641853360417113e-10,-0.0005506624716829913,0.0020433642207579867,-4.9705449813418193e-11,3.524459475416258e-7,6.420142528129977e-10,2.541507402307914e-10,-7.37509607805012e-10,-1.7328746838859067e-8,-0.0001579850394809534,-3.119299116809681e-12,6.031450483453808e-13,-1.0999048359261478e-6,-3.206390569964837e-10,-4.620963113938871e-12,-5.344871189751874e-8,-5.515077898263956e-10,1.2838194253095005e-5,5.287941526267072e-9,0.0016417086421208812,2.893811522454903e-7,-6.445707988768989e-13,0.0010610340733239467,3.829998389906404e-12,-1.432698855094805e-13,9.300569793212924e-9,-0.013568627283785275,-5.017545187391542e-5,5.24005355731772e-12,-2.5297610715585483e-12,-2.870926839657355e-6,0.0025609997345583096,0.0012859550624054169,1.0783961691400696e-5,-3.2648708066323813e-7,-5.8522743453273486e-12,-1.182882622026495e-7,3.6444699903920025e-12,0.008529838686209514,-5.92008942001263e-9,-2.5756076955249106e-6,1.7985331623304875e-7,2.851676138795445e-12,-3.3194717174950052e-9,-4.1498750525854906e-5,4.918742062828942e-7,-3.4294147682668607e-10,2.9968848313450766e-9,0.00013641081699040965,-4.068177919031688e-12,-1.6664580097881685e-10,-1.5652491559198373e-5,1.7723166744434953e-7,-1.948750638012073e-7,-4.840298504290354e-7,-0.00012358998191971287,-1.9758936716702012e-9,5.379339909317016e-7,-3.5852523496675843e-13,-1.9281363009771622e-12,1.3537347036310961e-9,7.769325267347439e-12,-2.0869531590975745e-6,0.002654262769906646,-0.003302339230213087,-2.4546822766788984e-10,-5.228920809180051e-9,-1.175208710986266e-10,1.1477104317182917e-12,-7.164346065426253e-5,-6.546432392492971e-8,-0.0028748143001520515,1.370985229725781e-5,-9.165174779767315e-6,0.001569701507793691,-8.807056655979579e-11,-1.6136352471173836e-5,1.4568221549137515e-9,-7.305966515755588e-10,-4.850778736038229e-11,-0.0013974013103294812,6.322791846376262e-12,-9.963483212260539e-8,-2.696343412046674e-10,4.438047422535604e-13,4.395111770289975e-13,-4.1221341452215e-7,-3.267386061123785e-7,0.004455091806134133,-0.013392625533236847,0.0009202058476725346,4.598893809395516e-10,-0.008023206998710562,-2.317318450463311e-9,1.2179635218480414e-10,-5.2992338275184845e-11,-1.3860770928796212e-12,-3.958370079460019e-9,7.665618463088264e-12,0.01114638788685723,1.1926679678915944e-9,-4.690459552421718e-10,-3.021595651183883e-8,-2.599241851021984e-12,-3.179902101121857e-13,-1.92412223802397e-11,0.015241391755711604,-5.749112474172399e-10,-4.297698129286823e-6,-2.355815429650001e-10,6.203321440191865e-13,2.456325475856303e-6,-8.482123412203509e-5,-2.3448455224353005e-9,0.006565417859908331,-1.9649322115626656e-9,4.100320941465642e-11,-7.547774033478017e-6,-1.1377444731194213e-7,-1.0585956907750815e-6,1.930176550939271e-12,-2.5114937312129075e-7,-1.66088813149132e-12,-0.00028197941121327965,3.308383647859924e-7,-1.1579726210653536e-9,-4.383189670981096e-6,-1.3424181179940922e-12,0.0005924534863466806,3.8429467701553595e-12,-8.233228534522337e-12,-1.9021026247229877e-13,0.0001657538217756242,-4.123602178861499e-6,-2.2312300164502153e-7,1.7350402513458692e-7,6.24825300507971e-13,-4.937543129183915e-5,-9.821733900485328e-5,-8.295682239056898e-9,6.977596467443114e-11,0.0017149829919502584,-8.539216314716034e-7,2.2519790783346845e-8,1.0598707671531923e-10,-1.3570861167615695e-9,0.002267632788302136,-0.0265819710058758,-1.8296475111733466e-10,8.496902704122193e-10,-6.92115914966828e-8,2.3090883443356018e-5,3.3541339155749905e-8,-1.4444723100476972e-10,1.3570082884840018e-7,1.0125659877220273e-5,-3.473478515234573e-6,-5.809116298402079e-12,1.750510974887714e-12,1.9585105048025364e-9,-5.565283329474253e-10,1.3535064711886044e-9,-2.6713789048304673e-10,0.003125649854555613,-0.0023514712343828416,-1.3109924502742296e-12,-1.9889038178629633e-8,0.005235955727971611
0.0,0.0,0.0,0.0,0.0,0.0,0.0,0.0,0.0,0.0,0.0,0.0,0.0,0.0,0.0,0.0,0.0,0.0,0.0,0.0,0.0,0.0,0.0,0.0,0.0,0.0,0.0,0.0,0.0,0.0,0.0,0.0,0.0,0.0,0.0,0.0,0.0,0.0,0.0,0.0,0.0,0.0,0.0,0.0,0.0,0.0,0.0,0.0,0.0,0.0,0.0,0.0,0.0,0.0,0.0,0.0,0.0,0.0,0.0,0.0,0.0,0.0,0.0,0.0,0.0,0.0,0.0,0.0,0.0,0.0,0.0,0.0,0.0,0.0,0.0,0.0,0.0,0.0,0.0,0.0,0.0,0.0,0.0,0.0,0.0,0.0,0.0,0.0,0.0,0.0,0.0,0.0,0.0,0.0,0.0,0.0,0.0,0.0,0.0,0.0,0.0,0.0,0.0,0.0,0.0,0.0,0.0,0.0,0.0,0.0,0.0,0.0,0.0,0.0,0.0,0.0,0.0,0.0,0.0,0.0,0.0,0.0,0.0,0.0,0.0,0.0,0.0,0.0,0.0,0.0,0.0,0.0,0.0,0.0,0.0,0.0,0.0,0.0,0.0,0.0,0.0,0.0,0.0,0.0,0.0,0.0,0.0,0.0,0.0,0.0,0.0,0.0,0.0,0.0,0.0,0.0,0.0,0.0,0.0,0.0,0.0,0.0,0.0,0.0,0.0,0.0,0.0,0.0,0.0,0.0,0.0,0.0,0.0,0.0,0.0,0.0,0.0,0.0,0.0,0.0,0.0,0.0,0.0,0.0,0.0,0.0,0.0,0.0,0.0,0.0,0.0,0.0,0.0,0.0,0.0,0.0,0.0,0.0,0.0,0.0,0.0,0.0,0.0,0.0,0.0,0.0,0.0,0.0,0.0,0.0,0.0,0.0,0.0,0.0,0.0,0.0,0.0,0.0,0.0,0.0,0.0,0.0,0.0,0.0,0.0,0.0,0.0,0.0,0.0,0.0,0.0,0.0,0.0,0.0,0.0,0.0,0.0,0.0,0.0,0.0,0.0,0.0,0.0,0.0,0.0,0.0,0.0,0.0,0.0,0.0,0.0,0.0,0.0,0.0,0.0,0.0,0.0,0.0,0.0,0.0,0.0,0.0,0.0,0.0,0.0,0.0,0.12208756559081262,-8.480540656841339e-5,0.001041656506011782,-3.39187227254084e-7,1.8243934483000003e-9,-4.222346273809789e-12,9.43534717758193e-9,-0.001957312566922539,-0.0110529627512006,5.136544393847777e-7,-5.156316051701688e-12,-0.0001414763511859429,-2.7275689774900927e-8,0.0009289895754308571,-1.664040355030637e-5,2.4671094775688573e-8,-0.0015295637254800394,2.8735697153123754e-12,-3.839170104492887e-8,2.1290633039693886e-6,-0.013567720256512653,-9.380610389227292e-10,0.010661392821212205,2.7856460599255418e-11,2.8713902233646956e-5,1.2777173194689757e-11,-0.0015429390110332356,0.0378049903155487,5.572301754955064e-9,-8.480963437149544e-7,9.816852933898185e-9,1.3381792237182498e-11,8.510330283449481e-10,-0.004825751045986826,-7.759815137252799e-12,1.2699665540019406e-11,1.3113350663576152e-6,-0.0009679909569738651,-9.369085118246944e-8,-2.111461276623205e-8,-1.0563032218746854e-9,4.452370747392448e-7,5.177818137628859e-5,9.467441845930477e-5,4.127184757519192e-10,-1.6935673974407524e-8,5.633856096264751e-12,0.007156554262979897,-1.3213995538608896e-10,8.371378552623835e-6,-3.622015535208805e-8,0.0007465025108337442,3.0239963352598976e-5,-5.135422772262026e-13,4.788309214477426e-8,1.0279116024660399e-5,-1.400776222130065e-8,-0.00034691268858720917,1.8062785576595742e-10,-6.084792554068549e-8,-7.631344055627626e-5,1.8306907625607126e-9,0.02441664328895928,2.4649962925629407e-12,0.00344658416998122,7.143042794766479e-9,-1.1471510039501618e-6,0.01407121438121576,4.048829267492735e-9,-4.4879053965371364e-11,4.981844654276725e-7,-0.006398767832256603,1.0704483196016595e-9,0.0333303501459037,-0.00013299737590441874,5.80979775921176e-7,1.2397312666910958e-5,4.548762643896292e-12,-1.9414578726925985e-5,-4.368015644960327e-7,-2.837492663202146e-11,4.038813496768406e-9,2.8255658678910527e-5,-0.0003635773464127937,4.8848795685124204e-9,3.3258262344497953e-6,-0.00018155646712347814,-0.005190989680288127,3.939337391876999e-6,-1.1722567498320422e-7,1.221709619267867e-8,-1.4718205364758907e-5,0.0004439600949846819,-8.140696402761025e-8,-0.02283008248378273,-0.0009493203369584732,-0.00359457040214337,4.253359878178355e-10,-3.005132040370449e-9,-2.2372021355613784e-10,-5.954681552255267e-11,8.16206167910074e-5,3.876890970208782e-6,-0.0021525340924533095,-5.1315699144183385e-8,0.038218021054432776,-2.708887084230664e-10,0.0001777688256699683,6.130150856964951e-7,9.732903629884417e-5,0.016250612821960015,0.00022203220942163367,0.0007476083475647874,-3.2728651911220924e-5,-5.1622244458023915e-12,-0.036257451616723155,-0.001892706570081853,-1.6987681373628652e-6,-2.3634934768201852e-9,1.3733899829546183e-6,-3.4533413193545216e-7,1.5914218545516946e-11,3.5092022206487217e-7,1.3112798658250854e-6,5.660323316128766e-6,-1.4155094322241403e-8,-3.535974459585174e-8,1.1903969424053e-12,-1.1555380811037206e-11,9.051221160809379e-7,4.337647674762292e-11,-8.929264248907552e-12,-2.064312678661937e-5,0.0006756875676629207,-0.022531475909375518,6.987117786237852e-13,0.0007443093172418382,-1.2747879049903795e-12,-0.0011546885550490762,2.4878756606624495e-10,1.5215783677848796e-8,9.808834304695195e-13,-8.257678496259653e-7,-0.004514730148042496,0.003517039651385588,-0.00027676596646163365,-0.00486100207609618,-0.0012849639421215508,-2.984826021410495e-10,0.0002027677546401986,-2.0651372392011932e-6,6.211204338060963e-8,0.0009291635840831528,3.846655076061625e-5,-3.1983912785161944e-5,1.47464594460581e-12,5.51700781771813e-6,-7.367086025022853e-8,-1.0629434667692623e-7,0.002184919166717019,-5.971821143666635e-9,-0.0002889461326858321,4.566710964287755e-11,-0.008469220513621757,0.006474756365028716,-0.0009331618171678867,3.8260383733496534e-11,0.00013113569106264856,-6.140037067699122e-9,3.655650876263655e-12,0.00783660945862845,1.2303732155605535e-11,2.4582212114781533e-8,-8.173313373712445e-12,-3.252051646082383e-5,-0.011506538038998974,-0.022344291335373422,-5.82868501188813e-6,-0.00011610795090400874,7.464354691050303e-10,-0.007338531205271034,-2.0007177927946553e-9,-0.006264428340122452,3.908566713757452e-5,0.0009475449902682189,-7.95429873969245e-12,-8.196243936112123e-12,7.428126642627079e-10,5.7862641919040015e-9,4.063577326356163e-6,2.4291346996561283e-9,0.01094484608387494,-7.43462445581841e-12,0.00022460650374559626,-0.0003221879268035007,-0.0009212889417528083,-3.734635526388847e-10,-0.029699983619035874,1.484921246955362e-11,1.3342610658347476e-7,-7.416240095791327e-11,0.009172696913673568,-0.00010502822534923648,-0.003311504417811496,-2.7935891528083888e-12,0.08093477941698576,0.018272857244343542,0.0018560865302161508,-0.00021967267261307677,1.0804952475906246e-12,2.2025791361831644e-8,3.0709886141218916e-9,0.015803248849496195,-0.0006734845072618824,-0.0025799723004059985,5.8335157830483664e-8,0.005592938261225404,-8.044818097195234e-13,2.254804429568601e-8,-8.016047011662759e-7,-0.0020646254392597124,-3.816112890824868e-11,7.858531086054805e-10,-0.002724168889219071,0.001581431908628029,4.21706587069588e-7,1.2349065230578819e-6,-2.16909060885731e-6,-3.77556127375986e-6,1.5376001264961276e-9,-1.530293496879083e-11,0.041459291754762866,-0.00039266720837620054,-1.0758431757982013e-11,-1.8066986059843674e-6,0.001625500398103593,-2.413447337608326e-5,-1.453649103813076e-8,9.427060437469355e-6,4.481898464179131e-10,-3.233804780544698e-8,-5.2305872689914545e-9,4.546212115694384e-8,-0.026689636149789402,1.1144666876168589e-8,-6.519323276846836e-6,-8.142173022163099e-12,-5.3560347072934575e-12,7.845786894847896e-7,-0.0018848920592630413,-4.035874234802185e-12,1.2109041540157363e-10,-2.3617528984715906e-11,-1.4420431621248745e-9,-2.6473415017390015e-8,0.0016615592752789912,-5.790501605899663e-5,2.4727241519907527e-8,-4.424085859734326e-5,4.094701880596481e-9,-4.225673113787484e-11,1.8348263216597378e-11,-5.551063299426027e-10,5.676144530953639e-6,4.741691719128713e-12,-1.1620636575648926e-10,-8.472742295593e-6,2.6379457925969323e-5,-1.5592967091621332e-5,6.49845531572237e-7,-7.435449485475601e-11,9.201484827051659e-10,1.3747791811078334e-10,2.483532616874521e-7,-2.203830337939307e-12,-6.907901231467817e-5,0.00010519157041302103,-2.770049398117917e-11,4.31521966067458e-7,2.087514938713934e-10,-1.705206626509973e-11,2.932239355310936e-10,-0.020920299345524886,1.3464051345392919e-9,-1.5258681570521669e-5,6.558569589566434e-6,8.024895331420151e-11,1.73291087206753e-11,-1.4295789202717853e-8,-3.038429339207914e-11,1.4336268153591124e-6,0.0016580888043391667,-3.1661089549998394e-12,-0.0007685584296003914,-0.01769584698116373,-2.6223283315177003e-11,0.0017730771489756897,-1.069477447272355e-6,-2.7494225740566694e-9,-6.035733430947669e-9,0.001310504245189823,3.906403325581665e-5,-4.7652958073643006e-8,1.6463663464567546e-12,0.009401854266961272,3.3287156018292336e-5,-3.358724817671417e-12,-0.003406127081843532,-2.156779225990363e-8,8.241407433936324e-6,-2.3685637018427147e-7,-2.773709423940799e-7,9.795002626799175e-9,1.5152152296251547e-10,-1.2248132490883733e-8,0.0001267301680794249,-9.171698101833003e-6,2.8844945841995095e-9,-2.835294289236699e-10,-7.417455467285029e-11,-0.002381447966512212,0.001174003126925155,3.049055745013959e-12,-2.147691626694356e-12,-1.86531972640025e-8,-2.159452967003117e-12,2.8971083030227253e-10,-1.1658518661676766e-7,1.6345942026349853e-7,-1.558294741918642e-8,1.84893989320681e-8,0.0006077033083074913,-6.721591239336508e-7,1.4389718626356937e-12,0.0012518275884059534,3.1892533155439056e-8,-1.4311927332063363e-6,-3.4113271736884354e-5,-2.1617293852294446e-5,1.1071536890557094e-11,-1.5741201051126176e-12,-0.0016417786091359934,-0.006327880430766309,0.0009678311105479094,-1.2316413166869448e-7,-6.85257725366069e-11,4.97278197575123e-10,4.4570676379871086e-5,-3.977210074098816e-5,-0.00022405903197885568,-2.764830880837318e-5,9.029630551103234e-5,2.2192733594927934e-10,0.006640478386937758,2.3300433336869042e-8,-4.0468726486771434e-8,1.4975457013609306e-6,0.0007789893916097927,2.209979797762762e-8,4.53606758388359e-9,-1.659713357287407e-8,0.07288794061248904,1.855188247973422e-12,-0.000705434495007765,-1.1955325780327695e-11,6.266853740737104e-5,8.256071382071846e-11,7.860281451007407e-13,0.0014686172674989399,-4.596005829206834e-7,-6.667636252674292e-5,-8.946010130511764e-5,-2.780889973507558e-6,6.833211122608325e-7,-2.0882798488914357e-10,-0.0018846769098550828,0.005631679952025531,1.4891285696624973e-8,1.884677632178708e-5,0.0022763462809462414,-5.420848069728001e-7,0.00011209281575526364,-4.093716968728952e-9,1.6502054561781336e-6,-4.8421203783899843e-11,-8.9511114568132e-7,-0.0017041890658784076,1.5346802759310928e-11,-0.00218985955735988,0.0001438358115167534,-2.8513930455190225e-7,1.9641558247856903e-11,2.1051606243274613e-10,-0.004379438356103007,-0.00022580106983577754,2.564223004495598e-9,2.6824480538797138e-11,-1.2926257933456628e-10,7.209134072825778e-10,-1.9570412734748508e-7,0.000780491106757462,-2.6041018820978773e-8,0.0033512526745265937,6.136839153291045e-13,3.8090748342515913e-6,1.3719630060134808e-9,7.154302303034622e-9,0.015269336149430122,-9.094116827315923e-7,3.3480695207640725e-10,-3.0969272229102525e-8,-1.1914252035584488e-5,-4.03780388754151e-6,-5.17397862206729e-12,0.005876941850145308,0.0006057111497602405,3.3714279540647618e-9,-1.282036760838496e-7,2.4227200390032474e-7,3.4084167175331274e-8,1.4414565673826147e-12,-5.1899091746135014e-5,5.3521345227563714e-8,0.007283441241818835,-0.0003955518479739895,8.422779571382192e-7,0.014150686404378875,-2.0462018290808176e-8,-2.524785305772438e-11,9.003383621698083e-12,5.7572433371616706e-5,-4.748980936255074e-6,2.4438115566257802e-5,-0.014386075749157814,-1.1390518501975649e-10,5.44292111362306e-7,1.3557389198758318e-11,-3.549091076203729e-9,3.5074476088194357e-9,-1.2672047265785459e-10,0.0014097858264225183,2.5396498392190246e-9,-7.805548576373101e-5,6.168179508521535e-6,0.0011139538810649554,-1.5350730807890978e-12,-0.0010485621280607055,9.677666027208386e-7,-7.793918561297811e-5,0.02623206754415009,-0.019277998891107297,-4.85848720098001e-8,1.8780413092879714e-7,-4.0854759720348586e-12,-6.872216610414863e-12,9.009885616815685e-13,5.868055677292977e-5,-2.469790472368162e-12,-3.845433460479556e-6,-0.0005778182216568781,-0.00020752201469574844,0.009320390460263525,1.2676665420905027e-7,-0.0018029988705238053,-5.368821049001959e-12,9.217672322627057e-6,0.0003442132351611323,1.6025747771797012e-6,-0.0032280234934664366,0.00817429669910094,0.00018369834231674368,9.167999321358998e-13,0.00010293879035267553,3.835526496185822e-9,-2.2849030807060084e-6,-0.044946560762078286,-1.469503814200712e-8,6.209568714979484e-10,5.365041669426422e-6,1.5928940495223212e-11,-2.4316436220548198e-6,-0.003987500682965795,2.732700854369574e-9,3.669518668516856e-7,7.675646327167793e-8,-0.000799615091335157,-2.8410353386935487e-7,-0.002593844222146332,-4.314712150260946e-11,-3.68265964547469e-9,-1.3644677272533014e-7,1.3567728755493798e-9,0.003962386570601019,2.3152020707224618e-10,-0.004015685967480945,-0.0015312912944791001,-0.011393358359753393,2.285250995998449e-10,1.487206677293201e-8,-1.8136004144887703e-7,-9.637560851303545e-8,0.0048688760565597875,9.688362325492767e-10,-5.365058183766923e-11,-2.612581939334685e-6,0.0003216570222334912,-9.940113610760194e-11,-6.204827488258286e-8,9.95929015941256e-8,2.2425694361607433e-5,-1.2166346969269429e-5,5.080611580103113e-12,7.152265592297627e-12,0.0012983121036203252,1.0043847450425454e-5,-5.251155560397575e-7,1.2648116691223802e-10,1.6346750167335125e-6,0.0002237755440204086,1.2482540771005073e-7,2.080778606414752e-10,-3.5249320288288466e-9,8.28555723655467e-5,0.00045864360695794225,-1.8527514136359938e-5,-4.763984111199202e-5,-6.83125012969229e-5,-5.244698873045137e-5,-1.4464634185284708e-10,-9.045195561864755e-12,0.04561977214857051,1.2390983738340093e-5,2.854528088531776e-13
0.0,0.0,0.0,0.0,0.0,0.0,0.0,0.0,0.0,0.0,0.0,0.0,0.0,0.0,0.0,0.0,0.0,0.0,0.0,0.0,0.0,0.0,0.0,0.0,0.0,0.0,0.0,0.0,0.0,0.0,0.0,0.0,0.0,0.0,0.0,0.0,0.0,0.0,0.0,0.0,0.0,0.0,0.0,0.0,0.0,0.0,0.0,0.0,0.0,0.0,0.0,0.0,0.0,0.0,0.0,0.0,0.0,0.0,0.0,0.0,0.0,0.0,0.0,0.0,0.0,0.0,0.0,0.0,0.0,0.0,0.0,0.0,0.0,0.0,0.0,0.0,0.0,0.0,0.0,0.0,0.0,0.0,0.0,0.0,0.0,0.0,0.0,0.0,0.0,0.0,0.0,0.0,0.0,0.0,0.0,0.0,0.0,0.0,0.0,0.0,0.0,0.0,0.0,0.0,0.0,0.0,0.0,0.0,0.0,0.0,0.0,0.0,0.0,0.0,0.0,0.0,0.0,0.0,0.0,0.0,0.0,0.0,0.0,0.0,0.0,0.0,0.0,0.0,0.0,0.0,0.0,0.0,0.0,0.0,0.0,0.0,0.0,0.0,0.0,0.0,0.0,0.0,0.0,0.0,0.0,0.0,0.0,0.0,0.0,0.0,0.0,0.0,0.0,0.0,0.0,0.0,0.0,0.0,0.0,0.0,0.0,0.0,0.0,0.0,0.0,0.0,0.0,0.0,0.0,0.0,0.0,0.0,0.0,0.0,0.0,0.0,0.0,0.0,0.0,0.0,0.0,0.0,0.0,0.0,0.0,0.0,0.0,0.0,0.0,0.0,0.0,0.0,0.0,0.0,0.0,0.0,0.0,0.0,0.0,0.0,0.0,0.0,0.0,0.0,0.0,0.0,0.0,0.0,0.0,0.0,0.0,0.0,0.0,0.0,0.0,0.0,0.0,0.0,0.0,0.0,0.0,0.0,0.0,0.0,0.0,0.0,0.0,0.0,0.0,0.0,0.0,0.0,0.0,0.0,0.0,0.0,0.0,0.0,0.0,0.0,0.0,0.0,0.0,0.0,0.0,0.0,0.0,0.0,0.0,0.0,0.0,0.0,0.0,0.0,0.0,0.0,0.0,0.0,0.0,0.0,0.0,0.0,0.0,0.0,0.0,0.0,0.0,0.12122146196887928,0.0012937442767960233,-2.461357607705419e-6,-5.740944235192477e-10,1.066604167018886e-10,2.978334482243078e-8,-0.0013885477183522871,-0.0022934668044569326,-1.4313020568458937e-6,-6.423145898626312e-11,0.0014634409173002612,2.525934920467208e-6,-0.010710554363874018,0.0002246436894740805,-3.3458562859232347e-7,-0.015093891042208762,-5.266989351621622e-11,1.4055805914483677e-7,8.88175695857666e-6,0.0012463987204518498,-3.285856339562503e-8,-0.002910380321887793,-3.8977623975180133e-10,-0.00031602772854501726,8.33174303562247e-11,-0.0015519466217295056,-0.0015769900258219367,1.8142478893434317e-8,1.3863216802622558e-6,-2.1894160912276127e-7,2.987169001900527e-10,-4.923507921222368e-10,-0.003907180281745094,-2.8377514111114224e-11,1.7735982076498647e-10,5.762851049692165e-6,0.0023610365280973956,-1.374669408931187e-6,3.3872511037872856e-7,8.493223869075774e-9,5.206051455804586e-7,0.0006184324164108639,9.755211714180924e-5,8.370467452033473e-10,1.2091481405591726e-7,2.4952373126970114e-13,-0.0008401034698682481,8.757764398266323e-10,-2.9692982613780256e-5,1.8986468530966554e-7,0.01678405193385827,0.0006242407817664817,-5.5499365223433585e-12,-4.001625917885693e-7,-3.9809197160049135e-5,6.931337590016997e-8,0.0028857625857215377,4.893561698251848e-10,2.582206876184195e-6,0.0005636700552206209,-9.611659361740827e-10,0.0076478268580351255,1.695416485029416e-11,-0.006968717696038672,-1.522168495122866e-7,7.156432836347443e-6,-0.0014194915278137037,1.6461095272451492e-9,-2.59706202305774e-10,1.696042679789305e-5,-0.0055460275192926265,6.716129405187768e-9,0.01303857476275503,0.0004709207520573324,3.4345348668323657e-6,-7.53368712381595e-6,1.2934322302687615e-10,-0.024318354318590474,1.2028603018887373e-5,-2.0842710404161347e-10,-1.3163340856682592e-7,0.00023365476520748914,-0.011683823095268733,-8.679801678640217e-9,7.729044911480593e-6,0.0019108759225205472,-0.030300986675360454,9.65377698564815e-5,5.501130815013859e-7,3.7764052319808264e-8,-6.343412104064157e-5,0.0012267508370956736,-8.370888550943412e-7,-0.0013058109756015803,-0.0021838127833818076,-0.009654597385473526,1.1580681917806976e-8,5.135209970144003e-8,2.1464701770696923e-10,-5.088289417295109e-10,-9.190816304192938e-5,3.569454007233508e-5,-0.005011618408249332,2.967480598859611e-7,-0.004412162412215113,1.6006143574143342e-9,0.01746149461579809,4.091872658483877e-6,0.0029007399335647475,0.0006745673106940534,-0.0010287752979264183,-0.00510370043896095,0.00036984016253431394,1.8461854954748298e-11,-0.0007142760075802266,-0.0008330111335239708,-3.7323887673242278e-6,4.465540172843797e-9,-3.3362621144450995e-5,-1.5365693245773899e-6,4.488266200878773e-11,-5.843555005158933e-6,-1.9750274810714195e-6,-8.471878102830244e-6,1.084178248485998e-7,1.5810561219333412e-8,-4.4496959707894646e-13,-6.961541862247729e-11,1.1604921704177775e-6,2.379239019358521e-10,-4.161847289086546e-11,-0.00035944792389064865,0.06446602986662942,-0.003967946784877428,3.2292621847129906e-12,-0.001255485578857069,-1.349263371907647e-11,0.0013438223866416707,6.555877108971741e-9,-1.5054038418397094e-6,-2.0327287520760085e-12,2.3703650379070955e-6,-0.0007416616537195348,0.004516608921406188,0.0009914979195851012,-0.001634690735874467,0.0026871196834807724,-5.637458996438713e-10,-0.0010868521088440739,-0.006757056929443131,8.416174280139016e-7,-0.0006738164597078954,-0.0031774583557531125,0.00025051188164602206,-6.282061202227789e-12,-9.415714283483981e-5,-1.0701788329671311e-7,-2.539679439290786e-7,0.006734515448057196,-9.478143322670604e-8,-0.002719199343492593,1.4810652204985709e-10,-0.0014264626274472106,-0.011389646792589529,-0.002193685368156334,4.60703268479558e-11,-0.023582079183996525,5.940555635104233e-8,9.311280622790188e-13,0.004661400994344134,-4.2428028479951305e-11,-5.544848095207455e-8,-2.6023601309298634e-10,-0.0005688660881598147,-0.005040793767490188,0.005303868141735794,-9.624731609056546e-6,0.0020678414711512196,3.587442769257907e-7,-0.0007119750689322103,-7.3729064151518304e-9,-0.014334495842361288,0.009149915037086228,0.01268890956024377,-1.5131598377677956e-12,-3.2903864822707096e-11,-4.517576447311126e-9,6.430389587402263e-7,0.0004938059367797379,-1.6295504625200375e-8,-0.02691976435059567,3.4480115097422956e-11,-0.00038202950846871693,0.013045704187587,-0.004267560669023121,-2.4392323352753794e-9,-0.0029034300562970038,7.90296559772287e-11,2.799123139313909e-7,-1.3670389258834906e-11,-0.00832963802872385,-0.0005214362229137485,-0.00980137174891938,-1.5278621669401362e-10,-0.003059588406887321,0.004687356042268377,-0.018574530338865324,0.0002623330411205094,5.7641796271837325e-11,1.9174221213297115e-7,2.7036351748876102e-9,0.01533088209645342,0.0008213865017932692,-0.0028966948695380175,-1.7876904752138188e-7,-0.0021742809102489797,-1.9639329862131943e-11,-7.842735130995759e-7,1.5516306596420303e-6,-0.001005269020629553,1.9682193455488117e-10,-1.3523468895148009e-8,0.003189019737287157,0.009179084588308167,-1.1370970239176465e-6,8.379060948279373e-7,-4.520381811757566e-6,6.196429714002242e-5,3.6115473777418655e-9,-1.0315821332295187e-9,-0.001196623136606481,-0.0006665036855293976,2.5128128234924743e-10,-5.350137212946802e-6,-0.009787272567407518,-2.5288155919960475e-5,7.195615731257697e-7,2.2542799115524043e-5,-1.379477447426548e-9,-3.7531536228678043e-8,4.994478675750314e-8,-5.290435387233074e-7,-0.0022913407769810782,5.755641978737338e-7,-3.9853701492425115e-5,-3.031011342811195e-10,2.4740073106245805e-11,-9.100514563968045e-6,0.014206849790251384,1.5868712203174398e-12,-1.454522849421376e-10,-1.345844327861613e-10,1.2565376187163925e-9,1.0749722257961186e-7,-0.004722561651026777,-0.00018861332317258013,-8.611880333606427e-8,0.00011433271029507974,1.6935194592302027e-8,-4.93392352257686e-10,-3.395681196176606e-10,2.10546838794945e-9,-6.5778067615040416e-6,-3.949159709745207e-11,-7.409225706252859e-10,0.00015456055167562118,0.006206280983674775,-0.00013785460104017667,1.8981184270384057e-6,1.3482620250827357e-9,-1.1408617274562891e-7,1.2932337641897828e-9,-1.3556753867190092e-5,-1.9498874142377989e-10,-0.002533460673370393,-0.001973698516452417,8.111934003229717e-10,-2.6362313676139107e-6,-1.5471221931050997e-9,1.2289460463203567e-10,3.0660758647397383e-9,0.0020353104630157852,1.2517671419533208e-9,1.4338228569587659e-5,-2.46682853482117e-5,1.789551504968092e-10,5.313532706974948e-11,-4.2239989824037835e-8,-2.673463025114574e-10,2.508112472567756e-6,0.05292503685590091,-1.0616710613685554e-11,-0.0010082927645755416,0.0030184745881531028,-2.625048611189148e-11,-0.006089376941283325,5.143508855720862e-6,6.082701595339907e-9,1.3160846378313147e-7,-0.002505750463747753,5.3236403795030544e-5,3.954319378565599e-7,-6.430725071811057e-11,0.0037888774525054996,0.002759046060751277,-1.560689944257553e-10,-0.001702207310726435,1.0028299189283741e-7,-0.00028703525168854223,3.1864388137431035e-6,-9.612952916450705e-6,-1.715250272128918e-7,-8.66645239473165e-10,-8.798859352863271e-8,-0.0006393792374260904,0.00017430088375278778,-2.9918312109616986e-8,5.262192562269487e-9,1.497432722069713e-10,-0.002171335743097143,0.0034393209846743603,9.598550359384029e-12,9.516649993019155e-11,-1.4355664295937166e-7,-2.513917776519606e-12,9.697030139403098e-10,2.1419320506654184e-7,-2.1734918504283885e-6,-6.824092735767177e-8,2.201609731623247e-7,0.0027621700810574394,-3.591676531680838e-6,-2.1463910879945667e-12,5.5887332037657876e-5,2.3416257369738197e-6,1.4199349249045613e-6,8.112998364996526e-5,0.0003283870632783174,4.8262925920746455e-11,-2.154147719677676e-12,-0.0005391599766184682,0.011924836962334026,0.0002240044270487038,1.466770660905056e-6,5.893595981954725e-10,-2.95298686603169e-10,0.000767258526104684,0.0001745252427970035,0.001097109134702606,2.425470852427276e-5,0.0007726422983527335,7.514714047140852e-10,-0.0002991758511521538,-1.1282052442777221e-7,-8.620396882354371e-7,-2.808246380577274e-6,0.0001418449635375236,2.575569222787752e-7,-2.296772041938623e-9,-2.734648509853503e-7,-0.00028569766809643816,2.5477124989888077e-12,-0.0024414330083211903,-2.2301973950161846e-10,-0.0015841825620403701,5.433785861163735e-10,-7.1035435843157245e-12,-0.007132793164068994,2.5282791122337197e-7,-0.0005000858397610841,-0.0035218016448049544,3.189668024616949e-5,1.573631100165865e-5,1.3467216906664655e-10,-0.02710449474626632,-0.026755804480461783,-3.012111983980035e-7,-0.00018173920386240037,0.014622443610037898,-1.3358887973312476e-6,-0.0008966011053699798,9.064792300631695e-8,3.89457080270199e-5,2.9552112875928233e-10,2.9438248131153775e-6,0.004339850054719224,-3.502001795570948e-12,-0.012436332666168774,-0.0008061233280582924,-1.8035280465168738e-5,2.00182556219147e-11,7.923387621615781e-10,5.82135590484494e-5,-0.005313661265941026,2.3761500147112362e-8,2.2618471540132366e-10,4.1284364347288996e-10,-1.955104542141272e-8,-8.705248794496993e-7,-0.007273372131604822,1.017979331564265e-5,-0.0051216305557579625,-1.5112145772180256e-11,-4.691708234581502e-6,9.677920291254828e-9,-2.0757541166122016e-7,-0.0007430308260623699,1.3523728893064657e-5,-1.6481821082360825e-9,-6.033668563665469e-8,-5.245615125243982e-5,2.7729599328266708e-5,-8.269653585464385e-10,-0.03282663992595366,0.0017713521568862966,2.4490283737194442e-9,4.932201908260598e-8,-2.031784118062121e-6,4.261263802369872e-7,-2.2066133920846941e-10,0.0007369184952038947,-8.561216646646287e-7,-0.00040911590227333183,0.0003469221343745602,4.424862857182854e-5,0.011767065534017839,6.608110114192781e-8,2.7180975782297616e-10,2.288957178405183e-11,-0.0006253143326102236,-0.0002514737591095274,0.0004890024826387646,0.0021565252067246507,-1.0107011215765424e-9,-2.461811562172552e-6,6.072973499198423e-11,-5.025280996351799e-8,-4.190892727339029e-9,-6.818379797310106e-10,-0.004019493510415324,1.5412645702913917e-8,0.00019398225554972804,-0.00017108322539240194,0.003516727673093213,-6.4974532746137e-12,0.05443352419246685,3.8097136428984824e-6,0.0009498328385817303,0.017865996583576904,-0.004896844855324027,-6.991852242672082e-8,1.3244399733315622e-6,-7.656402790586877e-12,-2.2819687498919824e-11,3.5620297772201804e-12,-0.00032434180692040107,1.402663757126623e-11,4.53775965982858e-5,0.0007181877906601736,8.157771945304706e-5,-0.00030641810137650266,-2.5314208084719687e-5,0.00524914141046372,-2.461581471395519e-11,-0.00015809641324641589,0.0003204668671049054,3.1078933131481686e-6,-0.019462590091229446,-0.0032857469170138273,-0.00011010180145539391,-2.959097976015111e-12,-0.00036128636027094757,3.695703476401019e-8,-9.23273298854687e-6,-0.0033669716928293706,1.4000538717720037e-7,3.827140612781755e-9,4.097736285739757e-5,5.448577431933646e-12,-0.00010512618105655814,-0.01090133525380836,-1.3965335835546533e-8,-9.729874149632206e-7,-2.49319670381758e-7,0.001640042270721997,-1.3898262259504675e-6,-0.004617394440624719,-7.48881606084043e-11,3.4811500234185683e-7,-7.242760808964483e-5,-1.048671343102595e-8,0.00015943312839306902,4.215813450167442e-11,-0.005341433571158876,-0.020102736583661303,-0.0005684727813688609,1.2185522084818616e-9,8.809165619021692e-8,-8.635414628750733e-7,7.706898451241304e-7,0.0031519999753405977,8.863516647119724e-9,1.4424243432404142e-10,4.406774327489835e-5,0.0012393237231099218,2.9141386290646546e-10,5.15241450751133e-7,2.620177540211344e-6,3.9541349764750406e-5,0.0002870835372576854,8.856202966469445e-12,-3.577812732154814e-11,-0.0032456717977274023,0.00011338455411176478,-8.13532466789606e-9,-3.955016484423423e-9,1.1796000622410613e-6,-0.0024459931859939195,1.7320472092488769e-6,2.3678338402412235e-8,2.3900840589620576e-8,-0.026397141961917524,0.0019442930192134274,0.0005035376072025405,-0.0009882464806539142,-0.00020547833352714176,0.0010101910064619667,4.1405215897991936e-10,1.2041979086227298e-10,0.0016674595270971275,-3.669289859254725e-5,-7.860368747354341e-14
0.0,0.0,0.0,0.0,0.0,0.0,0.0,0.0,0.0,0.0,0.0,0.0,0.0,0.0,0.0,0.0,0.0,0.0,0.0,0.0,0.0,0.0,0.0,0.0,0.0,0.0,0.0,0.0,0.0,0.0,0.0,0.0,0.0,0.0,0.0,0.0,0.0,0.0,0.0,0.0,0.0,0.0,0.0,0.0,0.0,0.0,0.0,0.0,0.0,0.0,0.0,0.0,0.0,0.0,0.0,0.0,0.0,0.0,0.0,0.0,0.0,0.0,0.0,0.0,0.0,0.0,0.0,0.0,0.0,0.0,0.0,0.0,0.0,0.0,0.0,0.0,0.0,0.0,0.0,0.0,0.0,0.0,0.0,0.0,0.0,0.0,0.0,0.0,0.0,0.0,0.0,0.0,0.0,0.0,0.0,0.0,0.0,0.0,0.0,0.0,0.0,0.0,0.0,0.0,0.0,0.0,0.0,0.0,0.0,0.0,0.0,0.0,0.0,0.0,0.0,0.0,0.0,0.0,0.0,0.0,0.0,0.0,0.0,0.0,0.0,0.0,0.0,0.0,0.0,0.0,0.0,0.0,0.0,0.0,0.0,0.0,0.0,0.0,0.0,0.0,0.0,0.0,0.0,0.0,0.0,0.0,0.0,0.0,0.0,0.0,0.0,0.0,0.0,0.0,0.0,0.0,0.0,0.0,0.0,0.0,0.0,0.0,0.0,0.0,0.0,0.0,0.0,0.0,0.0,0.0,0.0,0.0,0.0,0.0,0.0,0.0,0.0,0.0,0.0,0.0,0.0,0.0,0.0,0.0,0.0,0.0,0.0,0.0,0.0,0.0,0.0,0.0,0.0,0.0,0.0,0.0,0.0,0.0,0.0,0.0,0.0,0.0,0.0,0.0,0.0,0.0,0.0,0.0,0.0,0.0,0.0,0.0,0.0,0.0,0.0,0.0,0.0,0.0,0.0,0.0,0.0,0.0,0.0,0.0,0.0,0.0,0.0,0.0,0.0,0.0,0.0,0.0,0.0,0.0,0.0,0.0,0.0,0.0,0.0,0.0,0.0,0.0,0.0,0.0,0.0,0.0,0.0,0.0,0.0,0.0,0.0,0.0,0.0,0.0,0.0,0.0,0.0,0.0,0.0,0.0,0.0,0.0,0.0,0.0,0.0,0.0,0.0,0.0,0.12053990563525387,5.780591410809471e-6,4.1666867241721596e-8,6.553520167632131e-10,1.4084500372178025e-6,-0.0017787054172247383,0.0004277720602400435,-1.050976962065261e-5,-1.1498021834607444e-12,0.005587662553059498,-1.1463019783892543e-6,-0.00827708523846958,-0.0002311671838106733,3.4507547702747297e-6,-0.014983775296361976,3.74394133773383e-10,-2.932816000456509e-7,9.702576434343329e-5,-0.009384469037233596,1.965441362363114e-8,0.0008867536449610193,2.463526253083488e-8,8.39740315359298e-5,-1.952080644906354e-10,-0.05001288549017704,-0.0032646300530372483,-1.6906282127615082e-8,2.96372723758293e-5,-5.365369992676179e-7,-6.15844649094109e-10,-5.754325139889419e-9,-0.0003439699365101034,-5.406150837732136e-12,-1.4129800575037166e-9,5.2935716346865656e-5,0.0005131530749109105,-3.4933189641631913e-6,-9.010386214142877e-7,9.778635359027253e-8,-5.0885418518566645e-6,-0.00982842754934133,0.0017373034927087073,-7.1037116434442894e-9,-8.745773085365544e-8,4.78961929421683e-12,-6.241248444739928e-5,-1.4793220114611249e-9,0.00036415698135251187,4.2857930377298865e-8,0.008034180184070133,-0.0018336926374149596,2.29215332066817e-12,6.761065140525545e-9,0.0001600019062163036,-6.260843149978171e-8,0.004913802862577254,1.346305426532777e-9,-4.140214686028818e-6,0.006473897772384698,2.4410577320070577e-8,0.0004521452548315556,3.182873477099327e-11,0.010008382043634231,3.578953266158713e-7,-1.0109573409960618e-5,0.0004288127305468377,2.0332990276779547e-8,-3.798033771987868e-11,1.3200150550590873e-5,-0.017036742766233563,-7.854396534179958e-9,-0.00016643992898764888,-0.0025673478319000603,-1.3804206143181796e-5,-0.0001989348970203098,-5.475267230813602e-10,0.00025795401512586114,7.576881999266364e-5,4.865635504805415e-10,6.379525369893972e-7,0.0036813073036978264,-0.0014634538498211908,5.2036450881537855e-8,2.167858931483763e-5,0.017012941483606492,-0.0009818442543873284,-0.00011559042860426706,3.811365030607893e-6,2.4310102081891955e-7,0.0006726696036666527,0.0004576236778990846,8.967204626219e-6,-0.0023819821238074326,-0.0018258390725230658,-0.02478313079294003,-3.2941264131532995e-8,-3.148013010068454e-7,-1.864468791285591e-9,-3.0237004419285957e-9,-0.0017703004109779557,0.00010901759393240253,0.00016767021132649545,8.454824947394643e-7,0.0011999212108983477,-5.177100953094592e-9,-0.00728864429371508,-1.4304542915778746e-5,-0.004971872147265293,0.007932569444935285,-0.004899751019210699,-0.00012526045184042193,-2.342036452099851e-5,-1.1743132684803653e-10,0.0005086416846662677,-0.00021071963395691702,6.362151837320228e-5,-1.9072188672447807e-8,-7.987672031354151e-6,-3.589285609899599e-7,-8.141637485016776e-11,1.3949706189135152e-5,-0.00013276171807241607,-0.001134650162670882,-2.447230577055416e-8,-5.837719271732498e-6,-4.381466890884041e-13,2.905165462650184e-10,2.770264545897671e-6,2.4288818832253513e-10,2.7431772841221733e-11,-0.008876444094582795,0.004137309341082034,-0.0013749522468438752,5.475526328523208e-11,-0.014008123358659143,-4.5792649422533066e-12,0.00026721846876331316,7.190433641328295e-8,-1.2810068718643175e-5,-9.568129622627559e-11,-2.732191705574218e-6,0.0002971311748672614,0.00017096976810956432,0.00024384750175842447,-0.0003570767366162914,0.0004420963812357629,-9.947687837293078e-10,-0.008784019100614644,-0.008510915323089794,-2.7084993511282224e-6,-0.0069131695542211935,-0.005099406128648187,-0.0011110826575102886,9.238661155172315e-11,-0.000431365789559267,-1.8057430966933435e-7,3.8928486483466935e-7,0.004547945835602162,3.0958177894726033e-7,0.0073700004665819925,-8.653505728726446e-10,0.00020961020068699775,-0.0006005674922520459,-0.0013279054969989551,4.571308488817774e-10,-0.012038950742287781,9.005298020820978e-8,-2.4613170799236858e-12,9.257917800998384e-5,5.205667967414861e-10,6.464625354125858e-7,-3.821672819001848e-9,0.0017745400402004673,0.0005372649171332129,-0.005973256420255873,-2.128263869762288e-5,0.00017474679938742042,-8.627448835737047e-7,-0.00012291909430082028,1.9947305279786925e-8,-0.00404278808823527,0.06892699456054302,0.02906310404389531,-1.2584116539628266e-10,3.931038976118844e-12,9.940304553486044e-9,-4.038476025347561e-6,0.005707940961419629,-7.755671747779474e-9,0.0040670794197713465,5.495759504358657e-11,-0.002123848353963428,0.07158930999683624,-0.005435506758859734,4.7386316042632114e-9,0.00011888552869936404,-8.103782334154454e-10,1.1637676836577767e-5,-1.6288318324224446e-10,0.000379138916583906,-9.390893978099846e-5,-0.0005371732622411762,-2.2285041170346456e-11,0.0005152638502391148,2.0767217491267125e-5,-0.0024779083405444594,-0.018097816531416993,-1.5094582679735663e-10,3.3240177713453946e-7,7.020764595020612e-8,0.001681380082276004,-0.0005600253746015907,8.83720784365753e-5,5.16268773078052e-7,0.008993495127115234,4.0992248750569636e-11,1.538336826879476e-6,-1.3910010933867884e-6,0.004782852669445934,1.671784399890068e-8,-6.181789188376307e-8,-0.016159436210887466,0.06606276066713623,3.4381263992510863e-7,1.0741421256761271e-5,4.488840880393573e-5,0.0001849917597432022,4.110896651530615e-8,4.10143259992041e-9,0.00017261534787001368,0.01378737085984198,-3.978723032979061e-11,0.00017084111975896286,0.004782839798181762,-0.00048005694875641097,-9.513456036220733e-7,0.00012201591900278798,1.8258278485011883e-8,-4.3879905785570006e-7,-2.829517051132568e-7,2.7300188639973254e-6,0.00025265900062863855,-5.4669836025897695e-6,-4.645521346526218e-5,1.5003362954766812e-9,-9.33394756714246e-11,9.704054087002415e-5,-0.0015484276246372183,-4.0277439720174755e-11,2.3656465359634954e-9,3.002528682513444e-10,4.932969508801541e-8,-9.446681202010294e-7,-0.0005375232453367669,0.0074364688194256175,-1.9557838514046061e-7,4.482234465504016e-5,-2.9171520323784695e-9,-3.9776410287216645e-10,1.4357680349366935e-9,1.0380860381836321e-7,1.9257813774223865e-5,1.806297221560505e-10,7.00695308518734e-11,-0.0006894544066704056,2.4282062626052502e-5,-0.0006052135340814603,-5.879126719184401e-6,2.3872596643369344e-9,5.06458336984472e-7,7.0714971324397064e-9,3.560101100088181e-5,2.2159793880241886e-10,0.014011700000413992,0.006168626298337134,-3.636994853216527e-10,-1.1001398987982178e-5,-3.443413053516557e-8,-8.003462610399312e-10,-1.0219915318911686e-8,-5.674565402170132e-5,1.614956217440166e-8,7.009899437806266e-5,-3.404410618025219e-5,-2.306000970658294e-10,6.905639318726896e-11,7.031724966663767e-9,-1.3667119558493063e-9,1.0856947270418082e-5,0.0011979432390865118,-1.6161767685945712e-11,-0.009174208244416853,-0.0079612430606868,-1.0430321724803796e-10,0.00013408744534870916,0.00013015943854948915,-8.474809626092708e-9,-4.547578202456364e-7,-0.0003752866814560085,0.0011160083725574998,-6.94076062311053e-6,-1.5011613661656834e-9,-0.0004765521818918411,0.004158849496429016,-2.247395387082261e-9,-0.006829084295817108,2.3295727162398965e-8,-0.00024330079746711443,-2.8563447698301192e-5,3.610384577935587e-5,4.862490015795815e-7,1.512220554462755e-12,1.7422920101035983e-7,0.004440025388131011,4.8254465839070825e-5,3.130441872935263e-8,-2.160846779194106e-8,6.983796232507989e-9,0.00017364065621246102,-0.006255703012045523,-2.291282512731715e-11,9.32635957472547e-11,1.878262680339713e-6,-4.9685362516983227e-11,1.429066601112642e-9,1.9155142668717465e-7,-7.960989486442223e-7,4.5250600230752216e-7,-8.716191065603926e-7,0.005376900063146309,1.6827945745250656e-6,2.8818967250668055e-11,-0.00011721206222677212,-3.3947876956706396e-6,-1.2988619618473134e-5,-0.001379763880611771,0.004095692349330499,1.9464023948967854e-10,-5.688953021628035e-11,-9.755026813592315e-5,-0.0010359118739350296,0.00026022684838755363,-3.4880849812497165e-8,1.0495868470033886e-8,-1.687403120160907e-9,0.0025811087240380903,-0.0002388057940546222,9.54215727941577e-5,-0.00025074969988933847,-0.012000104715980531,1.8403149336757847e-8,-4.96825594719297e-5,3.05468339417742e-7,-1.701186759559129e-6,1.5495010567580766e-5,-0.025276756202988165,-3.7738179253450193e-7,9.106887258227279e-9,1.524359061376905e-7,-0.00015303755778400862,-1.0627457033693193e-11,-0.00214831377258578,5.917483966977433e-9,-0.04309379921211543,-1.489723475002962e-9,-8.983926108295383e-12,0.0086943935018566,-9.799493062955355e-6,0.0005198545001354905,-0.0010788419734653384,0.0001369466705105266,-2.6352725578845454e-5,-1.4635633259461218e-9,0.000780209533156991,0.006091632724249635,2.4990356703380552e-6,-0.00032768948106544457,-0.0049642843528344876,1.438612009660857e-5,0.014085964412107438,-2.2279303026966536e-7,-0.0001592658145294501,3.2583395745531653e-10,-7.173506712243577e-6,-0.000768657476475454,8.513866548150785e-11,-0.007003681996980679,5.844125799148643e-5,2.9246794402408236e-5,-5.515932251466024e-11,-3.081157530497369e-9,-0.0006960141596012348,-0.028235547083287342,-2.0434045127802664e-7,-1.683770579046449e-10,-1.548762214220545e-9,5.484444461883115e-8,-2.0971494381211814e-7,0.0034653354028213144,-4.2036668278923447e-7,0.004778904025481046,-2.451716945680814e-10,3.335433179861704e-5,1.427322262286188e-7,4.525695044040565e-7,-0.002898288014502897,-0.00011672249096069419,4.2310132175525816e-9,9.36718059591126e-7,-0.0004943967112483334,-7.601256709634038e-5,1.6284069713005922e-8,0.0016797338617216759,0.019387615723536377,4.785566574403635e-8,3.0688986984617233e-7,1.7814655527359763e-6,1.192338802416416e-7,4.706837871058054e-10,0.004741449686049404,-1.5484859913414817e-6,0.00010148947849105128,0.008419956730690256,0.0005565595182401738,0.0004477584791686866,1.497360145538506e-7,-3.108619998867683e-10,4.178794767504125e-11,0.0001890108175973655,0.0002648597229223068,0.0038512399190321787,4.670965090433194e-5,2.8283411540788517e-9,4.4623648566145243e-5,-1.3559852311004297e-10,6.01942659061131e-7,-3.552879316539987e-8,-8.352561043832555e-10,0.10921785642217298,-2.231711675583209e-8,-0.006494511208001398,-0.00048166243787114505,0.02701774337804646,-2.0340311489357148e-11,-0.001503445700286498,9.975996943586612e-6,0.007602268537061374,6.736787084625545e-5,0.0007255882136532071,4.15247568481872e-6,9.085592565231318e-6,-9.777827771237212e-11,-2.3615398242227852e-11,1.1492241209047541e-10,0.00024595899291814913,7.921876484188926e-10,9.246384048223113e-5,0.009721532498557785,0.007878925182199282,0.0005229864340816529,3.554103003677132e-5,-0.013921605862324589,1.508146030883816e-11,8.200854980776106e-5,0.010631016193421225,-2.3896620879048548e-6,-0.0033744806355125896,0.00018012135286921138,0.003021696717767973,-6.49652286915211e-11,-0.0023974434460002155,-1.2649841134821591e-7,4.655367821399956e-5,-0.00037793364751453483,-7.823796072185782e-7,9.349841189596804e-9,5.712741705601199e-6,-1.0040866399734649e-11,0.00019428425307788777,-0.03192913226209774,2.5873154456282486e-8,6.459336074753966e-6,9.846470319756957e-7,0.011523681648060101,4.629188300764272e-6,4.5127864389843384e-5,2.1652800687741538e-9,5.370775630679024e-7,-0.0008898024775345282,2.467694590384322e-8,-0.001734952897617979,7.3348603580360995e-9,-0.0009527490132481808,-0.018862636943692543,0.0003001585845430329,-9.892963455277118e-9,3.8165436080992435e-9,-2.221082986128424e-6,2.5366658628783954e-6,-0.0006329717118471539,6.449161271477413e-8,-5.890675415089541e-10,4.06472415154625e-5,-0.004665622091281397,-9.474867510296236e-10,6.095068577983744e-6,-3.3840114892192263e-6,0.000313306269717509,0.0048021030984949096,-1.1010459496216856e-9,2.723015577750609e-10,0.004621792419851841,-0.0009415943842656826,1.1797220274378689e-5,6.640637977124558e-9,1.257488662838815e-5,0.07381079385799534,-1.0612912096378752e-5,-1.3007688886975196e-7,-7.524048194687119e-8,-0.0002275958765281426,0.0024681654397298376,-0.001049642670186532,0.004690663305944269,0.0010730184726915255,0.000627232841894141,-1.0984958189884858e-9,-3.9617248078131456e-10,-0.0004533807172722673,0.0001908171819435475,2.856590126113829e-11
0.0,0.0,0.0,0.0,0.0,0.0,0.0,0.0,0.0,0.0,0.0,0.0,0.0,0.0,0.0,0.0,0.0,0.0,0.0,0.0,0.0,0.0,0.0,0.0,0.0,0.0,0.0,0.0,0.0,0.0,0.0,0.0,0.0,0.0,0.0,0.0,0.0,0.0,0.0,0.0,0.0,0.0,0.0,0.0,0.0,0.0,0.0,0.0,0.0,0.0,0.0,0.0,0.0,0.0,0.0,0.0,0.0,0.0,0.0,0.0,0.0,0.0,0.0,0.0,0.0,0.0,0.0,0.0,0.0,0.0,0.0,0.0,0.0,0.0,0.0,0.0,0.0,0.0,0.0,0.0,0.0,0.0,0.0,0.0,0.0,0.0,0.0,0.0,0.0,0.0,0.0,0.0,0.0,0.0,0.0,0.0,0.0,0.0,0.0,0.0,0.0,0.0,0.0,0.0,0.0,0.0,0.0,0.0,0.0,0.0,0.0,0.0,0.0,0.0,0.0,0.0,0.0,0.0,0.0,0.0,0.0,0.0,0.0,0.0,0.0,0.0,0.0,0.0,0.0,0.0,0.0,0.0,0.0,0.0,0.0,0.0,0.0,0.0,0.0,0.0,0.0,0.0,0.0,0.0,0.0,0.0,0.0,0.0,0.0,0.0,0.0,0.0,0.0,0.0,0.0,0.0,0.0,0.0,0.0,0.0,0.0,0.0,0.0,0.0,0.0,0.0,0.0,0.0,0.0,0.0,0.0,0.0,0.0,0.0,0.0,0.0,0.0,0.0,0.0,0.0,0.0,0.0,0.0,0.0,0.0,0.0,0.0,0.0,0.0,0.0,0.0,0.0,0.0,0.0,0.0,0.0,0.0,0.0,0.0,0.0,0.0,0.0,0.0,0.0,0.0,0.0,0.0,0.0,0.0,0.0,0.0,0.0,0.0,0.0,0.0,0.0,0.0,0.0,0.0,0.0,0.0,0.0,0.0,0.0,0.0,0.0,0.0,0.0,0.0,0.0,0.0,0.0,0.0,0.0,0.0,0.0,0.0,0.0,0.0,0.0,0.0,0.0,0.0,0.0,0.0,0.0,0.0,0.0,0.0,0.0,0.0,0.0,0.0,0.0,0.0,0.0,0.0,0.0,0.0,0.0,0.0,0.0,0.0,0.0,0.0,0.0,0.0,0.0,0.0,0.11990819783885436,-9.311306925782056e-5,2.159591556115832e-7,-0.0004059791420406772,5.192907959973248e-8,2.8772510332371817e-7,0.012016876981489927,4.257157259151592e-6,3.877140985539954e-5,-0.008913763596292573,1.5908320053218124e-5,0.0010360800332714166,0.0017343138057109761,-2.1885289766228353e-7,1.398009379488988e-7,0.0004428904461545804,-0.0059646814220707224,-2.450558927563236e-7,-2.7343034248737983e-6,-8.999690015434839e-7,1.0792821184016505e-5,-0.00042404608816877884,1.8106970830037805e-8,3.083680697289957e-5,-5.917076245425648e-8,0.00016549638183301258,0.014988931391720242,0.00262673159031667,-1.6177428832288277e-6,-2.7309786328455053e-5,9.931433936670197e-8,4.5146029084320916e-7,-7.432153163914167e-7,0.0064359256647510054,-1.1081350538666795e-8,0.011734766782323642,0.0031014131069829207,-0.0004061569093874067,0.014500760295752795,1.1893390329153828e-5,8.453462103657583e-5,1.8955620087243906e-5,0.00018961743419760078,-2.5570796074478465e-7,-6.38985901883425e-8,8.326645862407961e-6,-0.0023272216123094553,-0.00560584988709515,-5.701119757096419e-6,-0.00019739822975801767,-2.5613702703421423e-7,0.007675260033915526,0.00024320660401727867,-0.0011848876661717117,9.11932618347088e-6,-4.3159024888825075e-5,0.0018822407923181383,-7.076792972330363e-5,0.00010398885558048447,-5.006043918318869e-8,-2.456516210670557e-8,-5.8879968331927e-6,0.001278713027195135,-0.03093027579366139,-1.471927302734824e-7,5.189835486294211e-5,1.7323575520109752e-5,0.003580938796427063,-7.3642859511092125e-6,-1.3767794874937132e-5,-9.453127045667255e-8,-0.00037336182661191954,0.01717794918712742,0.0027432920468710422,1.6093912486450287e-6,-8.765931767815511e-7,-0.0005150655171412728,-2.6552850960626046e-7,-7.335361311394484e-5,9.292841629789297e-5,1.7716314497889843e-7,-0.00013360143697967633,0.001956341380923109,-1.3716654409821534e-5,5.140373925125863e-7,-0.0007021097542491576,-0.005076828765060737,-0.0023192464231963986,0.0008638037605246419,3.808961627456682e-5,0.05230209576503127,-1.0768211064721348e-8,6.588426060038799e-6,-9.77184806293942e-7,0.0002658960903620088,-0.0005984686637464167,2.556570288444819e-5,1.565403555160421e-5,0.00017460676058801553,0.0019307034281896831,1.4810780075629503e-8,-0.0005521527420152685,-2.1264886434294164e-7,-5.046587624566725e-5,2.9202303081671576e-7,0.003091946926699243,-3.795567050005471e-5,2.214116370958684e-6,6.651310251812777e-5,-2.1751866043550844e-7,-0.00024321445494503106,-2.1330981822070118e-7,-1.3595491479290932e-7,1.0840569174990695e-7,0.006978680336812028,6.10764134106487e-5,7.077211160428468e-5,0.01042853930377309,1.2524297322103769e-6,-0.000958507832889134,0.001482039252802456,-0.00033435033183184295,-0.001953287952140055,-0.0031357212760584094,1.5020378008864428e-7,-3.01855935675254e-6,-0.02432021549181202,-7.499819774521565e-6,6.607313154376111e-7,-5.617617011242274e-6,-3.5457913155383216e-6,1.9693970974974297e-7,-3.0689200247589215e-7,-2.084881675615397e-5,1.0759835410729261e-7,-2.2484521853869294e-7,-0.00025886923206533364,0.008346683222364697,-4.0399869508626686e-7,0.02442393693963633,5.408109764892759e-8,1.9188067294709358e-7,-1.8194672180736376e-8,8.750602871227649e-8,-2.2380280892137602e-7,-2.5701658989421358e-5,4.1572914240365814e-5,-9.374335692851134e-7,0.010222091331767979,6.981206061400673e-6,-9.311496318715841e-6,0.000525990329057448,-2.2757306895989975e-7,-0.0010432992576293676,0.0035059714672142856,-0.015713196466579333,-1.5763426630816323e-6,0.0006186670658178063,1.672279927121466e-5,2.8501945614299236e-5,-1.4721417538666573e-7,-1.192899825471139e-7,-2.705268077610922e-5,-1.870454934379752e-6,1.6828023640156632e-6,-0.0012503655402472968,-5.125370860380559e-7,-1.0206896050861139e-7,-1.2481035716833924e-6,0.0018028949208885722,1.3828200744133915e-5,0.0004937517910134444,-9.275198997756808e-7,1.292314723486539e-6,0.0021025209235874353,5.238126534782374e-8,-0.00012706750051768702,7.835078048333792e-8,0.00010953618761452476,1.3624995270719111e-6,-2.1667529483512947e-5,-8.746738942642761e-6,3.750438275326506e-7,4.4687447216608617e-7,3.3143878376173443e-5,0.008945571782690762,-1.1250346986299713e-5,-0.00011286850138408626,-6.957654692418222e-7,5.160125456474524e-7,-0.00015043138046937397,-1.1842256539718597e-5,-1.56853886161928e-5,-3.517628863811692e-5,2.8148451165902213e-7,1.7672153254561188e-6,0.036426094857320845,-8.331858646820651e-7,1.337277918790385e-6,-2.2701720726129308e-7,-3.2454824210462785e-8,-1.7552550323870946e-6,-2.709062264319204e-7,6.236828101818783e-7,-2.19688377042548e-6,-1.6974505714418713e-5,-4.2793322744346225e-7,0.0009986599751097723,-0.00017615195390907018,-2.8633101758024318e-8,-1.599261475445954e-6,2.0544623287290892e-7,5.73540892451541e-5,-4.1630731378905666e-7,1.7551893134341705e-7,-0.0029930022723775444,-0.021422779806525946,3.592450373719012e-6,3.4922888643301626e-5,0.00048352161242772805,-7.712584969676346e-6,-4.175756406648425e-6,-0.0025444482741139966,-0.024427674263836126,0.001456220001028104,0.0003201099710674745,-2.8437640336345257e-5,-3.898348147023701e-6,-1.4443616383883138e-7,8.565224809161365e-6,-1.3250710573921957e-6,-0.0007449716540501104,1.0902008635662889e-5,0.0013437681691936504,-0.002098534555712538,0.001896851838981542,-5.190444917306768e-5,0.002047499897487878,0.00042354972202514655,-0.0011468167261074976,-2.430114372055815e-8,0.013715716290963001,-0.0005062779077925969,-8.53000134509841e-6,-6.938785920633587e-7,0.0036231448977025946,7.021188671209422e-7,4.6321328007645236e-7,4.881837401399178e-6,-6.257065836495939e-6,-0.00020423896532064536,-0.0019186548015804016,-8.927251318549677e-7,-2.005156396017195e-6,0.0012528343296623358,-0.0011340977733509795,0.00019612410834987591,4.747334213016565e-6,1.1914849121619962e-6,5.152302870727146e-6,2.589650875528353e-5,-4.606503513414698e-8,2.106882328176141e-5,-0.0008960754288442879,6.747169083348215e-7,0.0011773207375070356,-0.005400590174743422,-3.8530749141673214e-5,-0.0019845194498994316,-5.277379908808672e-6,0.005722256579782499,4.542330133866443e-6,0.00019592794722370348,0.00010865366012077928,2.775612026819722e-5,0.006792626259154173,0.00010249255902961963,1.7047327637970355e-6,-3.306385219781058e-5,-2.255057818427882e-8,-4.8929630616326884e-5,-0.00028861871701589277,0.0006438010828789231,6.710443983957853e-6,-5.671842817967986e-6,1.3062447814795277e-5,1.3325853508165569e-5,0.008450270015210181,1.5068034729217214e-7,2.1879574826575397e-7,1.2574508346942428e-5,2.087362622018569e-6,2.3172430570167125e-7,1.7437762031502984e-7,-0.004703685051291367,-0.00047297851080453483,0.0005522721035512733,-8.847489264769492e-8,-0.0001208976897097045,0.00981806666959081,3.5772577186069925e-6,-4.522014200178758e-7,3.643659779880942e-6,7.043454788297563e-6,-1.4719081646944506e-6,-0.0003954736775808385,-0.0010448611282825558,-0.007392718863238919,0.02072257113841031,0.0006081679203058419,-3.3166275192097104e-5,0.00012734386589874415,-2.5038978963190822e-5,0.00020299260759456365,5.946789613825124e-5,-4.3373791131296954e-5,2.4627723878871006e-5,-3.27396985827752e-8,-3.921103542780206e-6,1.3260326812084114e-7,-5.518743917912147e-8,-0.0008710058753718751,1.9074258936540408e-7,-0.0001411417834111502,0.002086083862996952,0.04388473654399409,-0.0010757481935630032,0.00024778752173584503,2.1944073069844892e-5,0.011557167705715812,-3.01200112544267e-7,-3.5341832549906723e-9,0.00014929065156816913,0.0049185136485871955,0.00045544691777531097,0.00017765902963949104,-5.606258519089318e-7,2.3419277243392868e-7,4.096334569535018e-8,2.091670023106681e-7,-9.378931388593495e-8,-0.0026647272183575573,-2.338890938531975e-5,-2.66051424626603e-5,-0.00016092043170754886,-0.00019780621998895337,9.300475303634535e-8,0.00014001095075853902,-8.705610473728059e-6,-7.834270469221283e-7,-3.667686589038887e-8,0.0009898681368483721,-0.01743315792102861,0.0036026015082642553,-2.116855097103498e-5,9.21594370253136e-5,0.00015217816753350133,0.0021003221792428185,-2.082509560506009e-7,-2.565723203028431e-8,3.861948265906331e-8,3.667576176133122e-5,1.4119937021745983e-5,1.2540941056485169e-5,3.3714459644870155e-8,5.0755993098262104e-6,0.027547824843789072,9.145209466993116e-5,1.4407197048011259e-5,0.0028726922702619886,-0.0022571677153935448,-2.4208527536092894e-6,4.1363753222463635e-7,-3.0634222929145645e-6,-0.0050361717923406565,-0.00027224377174708706,1.0387332366376921e-6,0.009948512836441758,4.4483002675176636e-5,-0.0003141405415875468,-0.0024045527588492,2.208597432477586e-6,0.003963832562585815,-1.1067814119850093e-7,9.678084338891509e-7,2.4907118757775896e-7,-1.3838280583161893e-8,0.0004288796699465424,1.6905562438200587e-6,3.757899532568223e-6,-2.7980866439547183e-7,4.849854411859416e-7,-0.0006265976523179309,-8.359653001927725e-6,1.550261204585769e-6,0.00011612586620738367,0.012611600594865732,2.1306040344040778e-7,0.0028072652047218083,-3.398710828175817e-6,7.740901875207387e-7,-0.003537912620857707,0.0004620185133702904,-0.005367988653697426,5.087900384393398e-7,-0.0018358706047771455,-3.228552735655038e-5,-0.0018046948279666537,4.331123192138181e-5,-0.0010781173231739537,-1.1844271634860925e-5,2.3369246197458142e-7,-8.675601135827032e-6,-3.750647797057195e-5,-0.011632836726841555,0.062402843059791206,-0.0022104516007417307,2.5647298023202925e-6,-5.680084894347068e-5,0.008800855248414313,-2.69659671915471e-8,-6.627254418569572e-7,5.004934188727474e-5,1.1124079443376224e-6,-0.0012148735901517714,-3.9999020929830027e-7,7.32244411338132e-7,-3.173212756076757e-6,3.245074174722722e-5,-2.2975781895330938e-5,-4.742941524889663e-8,9.546622573890539e-6,0.0015862666161761913,9.077714621477955e-7,-0.001822135910477479,0.00034685316297297045,1.1733703371902879e-5,3.844234187982914e-6,-3.508314051205243e-5,-9.69625204766399e-5,0.0001592522353442424,-8.3381442157199e-6,3.684770527324027e-7,4.724439650004009e-7,-0.023105100437321367,-0.00010381722135848264,-5.290839257047695e-8,-5.347208783308221e-7,0.004280890556937491,0.0252779718983017,8.746111964804201e-7,3.436372366717333e-7,-5.97083576625687e-7,-0.00019556409995395553,-5.632611442561614e-7,-0.00012152136450322581,-1.7239401285256698e-5,-4.596522147264372e-6,-1.0984799068838398e-7,-0.002030416546871829,-2.7248740989199364e-6,3.96152067004496e-7,8.14747472549078e-5,-1.3996609975194879e-5,0.0008870448508569746,1.4021481094081225e-6,-4.073318810147165e-7,-1.3486821931566274e-6,2.8653608479512894e-7,7.596023209398913e-5,-4.796151218832866e-5,0.0002694720321674923,5.959453126207998e-8,-0.002139880163174615,-5.660724728146174e-5,0.0017621427995628185,-1.33739692422163e-7,-0.0006702686039412258,-5.0722189644015945e-6,-8.09415492662435e-5,-0.009343460509942567,0.0037324073969225097,-1.0229146391901244e-5,0.05754696000986051,2.582569896879515e-7,-2.9125256053429663e-6,-0.01201765504324852,9.724488803914142e-6,0.0001121020126439286,3.5461436041573797e-7,2.8013877042335344e-5,-4.1325607916031e-7,7.640429934131522e-6,-6.465631412589514e-8,3.0110381009183842e-6,-0.0004384322623644567,0.0041938993219560045,-0.016561538310242704,2.388967361424601e-7,-0.00017254584061547403,-4.843158887496848e-6,0.00323796210563301,-1.6817344420106434e-5,-5.451645009001059e-6,0.00044250392428502576,-0.011643237809834653,-8.354843234056497e-5,-8.665679438592459e-7,4.6985159254318105e-7,-5.873106064227812e-7,1.7827349019959242e-5,0.00044011807668649014,0.00906319562626269,-0.00017404845851254203,-0.0006972615299793818,8.99407699824955e-6,0.0029372454505118798,-1.0556559134517624e-5,3.951641375308252e-5,-3.7901868359132794e-7,5.922505167377942e-6,-0.00025264547549501084,0.0001610314065479941,-2.512943956345993e-5,-5.939834171454528e-5,-2.8784588333923613e-7,-1.0412844065186466e-6,4.510692139446638e-8,-0.0005454648233851782,-2.051115904987167e-7
0.0,0.0,0.0,0.0,0.0,0.0,0.0,0.0,0.0,0.0,0.0,0.0,0.0,0.0,0.0,0.0,0.0,0.0,0.0,0.0,0.0,0.0,0.0,0.0,0.0,0.0,0.0,0.0,0.0,0.0,0.0,0.0,0.0,0.0,0.0,0.0,0.0,0.0,0.0,0.0,0.0,0.0,0.0,0.0,0.0,0.0,0.0,0.0,0.0,0.0,0.0,0.0,0.0,0.0,0.0,0.0,0.0,0.0,0.0,0.0,0.0,0.0,0.0,0.0,0.0,0.0,0.0,0.0,0.0,0.0,0.0,0.0,0.0,0.0,0.0,0.0,0.0,0.0,0.0,0.0,0.0,0.0,0.0,0.0,0.0,0.0,0.0,0.0,0.0,0.0,0.0,0.0,0.0,0.0,0.0,0.0,0.0,0.0,0.0,0.0,0.0,0.0,0.0,0.0,0.0,0.0,0.0,0.0,0.0,0.0,0.0,0.0,0.0,0.0,0.0,0.0,0.0,0.0,0.0,0.0,0.0,0.0,0.0,0.0,0.0,0.0,0.0,0.0,0.0,0.0,0.0,0.0,0.0,0.0,0.0,0.0,0.0,0.0,0.0,0.0,0.0,0.0,0.0,0.0,0.0,0.0,0.0,0.0,0.0,0.0,0.0,0.0,0.0,0.0,0.0,0.0,0.0,0.0,0.0,0.0,0.0,0.0,0.0,0.0,0.0,0.0,0.0,0.0,0.0,0.0,0.0,0.0,0.0,0.0,0.0,0.0,0.0,0.0,0.0,0.0,0.0,0.0,0.0,0.0,0.0,0.0,0.0,0.0,0.0,0.0,0.0,0.0,0.0,0.0,0.0,0.0,0.0,0.0,0.0,0.0,0.0,0.0,0.0,0.0,0.0,0.0,0.0,0.0,0.0,0.0,0.0,0.0,0.0,0.0,0.0,0.0,0.0,0.0,0.0,0.0,0.0,0.0,0.0,0.0,0.0,0.0,0.0,0.0,0.0,0.0,0.0,0.0,0.0,0.0,0.0,0.0,0.0,0.0,0.0,0.0,0.0,0.0,0.0,0.0,0.0,0.0,0.0,0.0,0.0,0.0,0.0,0.0,0.0,0.0,0.0,0.0,0.0,0.0,0.0,0.0,0.0,0.0,0.0,0.0,0.0,0.0,0.0,0.0,0.0,0.0,0.11936619659577458,0.002367748567345337,0.0001934173079978812,-1.0517974024114582e-8,-3.743712056387024e-11,-2.9782085939786483e-5,-0.00014571920060845654,7.257936937693993e-7,-1.960372158989239e-5,6.235321982547805e-8,2.5907545248341836e-7,0.0005987830418190639,-3.738047772692092e-8,7.981158235797074e-5,-0.001260323825407918,4.2139060149298275e-6,4.909765591920394e-10,-0.005936143414573996,1.2266195892342788e-9,0.034370229421991014,-2.1452531993454849e-7,0.0006246577881155877,-1.1472243972681048e-8,-2.5524759610704553e-9,0.013438482683635304,5.65480575036204e-5,-0.003375272373851643,-0.0038273835240771534,-0.006211917960774667,5.903025348631233e-10,1.411117080223563e-5,-0.00015444250558754684,1.0406621774945787e-5,4.202394920845937e-11,-0.0004864333864292535,-0.00048304311287829976,0.010665602667286396,9.442134256372818e-5,-1.4245148778069103e-7,1.0787806916827235e-6,0.013400276395776,-0.0014856156561430351,-0.0004706432428260678,-3.8107179074855603e-10,0.00523334973931784,7.11414559225104e-7,0.0004412511003924895,1.5826896962122364e-8,4.6077299953167065e-8,-0.0002513248049521875,1.7800347492154682e-5,1.4280622585487407e-5,-0.009539603289953636,-1.9600817647228072e-8,0.010292987842726926,7.958266371352786e-5,3.7574485524419016e-7,0.029828671427086374,-1.2806498677165906e-9,0.00013077173520884624,4.009948848623074e-9,0.0011996952182139046,-5.142654003756103e-5,-2.3996016376719124e-10,0.02430036789375103,0.004187702289019006,7.617995705354343e-6,-1.2973721645670812e-9,0.01829070394127052,1.0648441225536674e-9,-7.216723337643567e-7,-6.8659345914771425e-6,7.711648264074462e-6,-0.0008004042039685296,-1.4378374995144528e-8,-8.303354734880264e-7,-0.0003310287194679071,0.006579559837029769,8.807654727843392e-7,8.318968536147966e-10,0.05083597526880667,-5.189668220187159e-6,3.7535032695839327e-7,1.2092931255981302e-9,-2.120175600797569e-6,0.0003754556547057918,0.0024613208886268825,2.162851784719105e-6,1.3694117580461304e-7,0.00015736475491889636,-1.9836187190324567e-9,1.0360647837087974e-8,-2.2681915238354337e-8,-0.019156976352047432,-0.003916303514135511,-0.0008865378367712951,-0.008389065928877918,-4.925592985848355e-7,7.311073484323492e-6,4.175629507312389e-10,2.2603346244970565e-5,1.0218758055600768e-9,0.009948046498312916,2.4517936836463678e-9,-3.146869901927931e-5,1.1631501312691153e-7,-7.343169928614129e-9,2.2084739668588583e-7,-5.11847447050877e-10,-7.392473216929498e-7,-0.00027374696679172833,-2.10463436975684e-10,6.169727041335014e-11,2.9907426090584372e-5,0.005601640593626261,1.987829266341119e-6,-5.893454685419414e-5,0.0005377842167347374,9.343131203917045e-6,-3.429140647966588e-6,-1.206555567728374e-6,-0.0004985984785555862,7.92701059077357e-5,0.00013921020900680255,-0.0013259856528105777,6.419841956485144e-6,-0.00039795418914152347,-4.815841942347749e-5,-1.7226073733887875e-7,-9.774006042424213e-9,-8.720409810478027e-11,0.00013976871391558664,4.553867893108132e-8,0.00015519417284072306,-1.040553255044224e-9,0.014298032930267147,3.651818395997798e-5,-0.00016560701812294622,-3.9222778843314804e-5,6.233008636023599e-12,3.9451308480091066e-10,-1.6938757087093307e-10,3.3938795013006037e-10,-8.679939644654529e-10,-0.017099834641684977,-5.657414978963333e-8,-1.8776943446462947e-7,-0.00039717495014700575,4.9442645048776734e-8,6.865175222663061e-9,-7.039342697595321e-7,0.0002354602579199978,-1.977916021794355e-6,-0.001160585621551509,-2.659921734793909e-5,1.4693546767570386e-8,-0.0010420707902960267,-1.4163223868098725e-7,0.028442654306966873,-8.204620902280857e-11,1.7144005718042547e-9,-8.37992176489703e-8,-0.0019374694910981433,2.780609729385525e-9,-0.0003487207687133004,0.0004698146116095943,3.17320622034966e-10,0.0019183375190935967,0.0027904268129361563,-0.006086758665210855,3.280518222290865e-7,-1.9043974577120424e-9,6.705676525896357e-11,-1.3020531706076788e-5,1.6080048299530547e-10,0.000912868799651076,7.211239191137215e-11,0.0022057094370982753,-3.4898486100993817e-9,2.226875322687509e-8,2.316953126477594e-8,-0.0001231006258301498,-8.109494529033445e-5,0.006051957817955764,0.0002002635986634306,3.1670082216976413e-7,-0.0021440437449868756,-6.268839444339709e-10,0.000925003440600029,-4.9458241938325886e-8,-1.2966801012489047e-8,-1.7553588144197018e-7,-0.0069290695262956056,-3.130867838844717e-10,0.00026303505003612754,0.0001324486486867657,-0.0011797138110288112,1.0282930730102333e-9,-6.162894520267278e-10,1.4825710212637347e-9,-0.0010382817153001015,-6.797576870424982e-10,-2.423168719968536e-9,2.7851659119803014e-9,-1.093235199300267e-7,-0.00042963085496327706,0.0004215973365573551,0.07410838297361673,-3.5579675117306226e-10,-5.596618685656422e-9,3.8983060058759206e-10,-0.00021521844580830115,-4.609395048199802e-9,-4.990974529145567e-5,0.0002238982547102984,-2.8677809445808307e-5,-3.0135504869337673e-9,0.004331528164167568,-0.0019070562790339874,-1.718665822152871e-8,-2.5498825606042378e-9,3.2405500225339265e-5,4.825407592839616e-5,2.6245026991625054e-5,-8.293157913205185e-7,0.043781720185347005,0.006369757772267311,-4.863123883169559e-10,4.045006416747172e-10,0.0005770635349378401,4.922730647706691e-6,5.676667728936777e-8,-6.402385927511979e-6,0.0005827011164678944,5.37549118100567e-6,0.06207042839178836,-0.0015222290708051477,-0.0027894233312580337,0.0005939073586520133,-5.846181786327209e-12,-0.00018473840462768855,2.1417654995273575e-6,0.0011552819691145137,-0.0005443902439580971,1.584635729023772e-5,-4.820130431188168e-9,9.03518266886151e-5,0.01002755366059974,-3.446807342995765e-5,0.0009030231899060972,0.0005643177020641229,-4.5222942589847525e-9,-9.250064267620601e-9,-0.0008761579276343599,-3.5179166935916116e-6,0.001372472696198395,-0.005880721867651288,-0.00042170978822764075,-0.0050203734340966005,1.0946725875054605e-5,0.00019402603391868733,0.005774338175094289,-7.789480114307941e-7,2.5932878323450416e-9,7.753420983329295e-7,1.726405402577687e-6,0.005275075857333999,0.0010504565752981652,-0.002100662451484825,-6.007690648913156e-7,0.0013642334228935577,2.2606848851196586e-7,1.2193017638185782e-7,0.02240201588223534,-9.384825614837011e-7,-0.00914271678927759,-0.0011885513480803787,-0.009140778502776213,4.654719616697282e-11,0.019481605905593547,-4.451209812688443e-6,9.616682869125269e-6,0.0013636444190230962,0.0014085707093881158,-0.004061643008748227,-0.0017516004537110944,2.4377667538473812e-5,-3.4609740586666587e-10,-3.090008446553699e-5,3.9263617189789485e-8,-1.502627101050393e-9,-0.0003847264737326916,1.0491091315155932e-9,1.3307821242670778e-5,-8.765094804479081e-5,-0.0007294140828050989,2.710183567695542e-10,6.10150554046328e-8,1.619182932788217e-5,-0.0005904499261718524,1.3135745275765577e-10,-1.1608087751782276e-8,-0.004628302474043364,-3.3989231801379356e-10,1.892364129176931e-5,-8.385123045122396e-7,-3.636761193441091e-5,2.9679746543691996e-5,0.0017335372061368635,-0.01141600470868706,-0.0018798408283999819,-1.0864012918979986e-7,8.173850562368435e-7,0.010204365134869548,-0.010633510580866411,-0.015662662689644297,8.98412972463931e-11,3.0272250621747285e-8,0.00010921194691007621,0.0007640612230135183,0.00017794788216802387,-0.0002854694829952675,0.0514538542582247,-0.0004138575018510914,-6.672443574208564e-5,0.00010238245545249543,-0.0009637661533859856,2.0495138498197992e-8,9.725914695142562e-7,-9.119111578546225e-5,-1.329855772004139e-10,1.2327988613854436e-5,-1.0202543068973309e-5,-1.8265550396296848e-7,1.0007335393504535e-6,0.0014475037264039831,-0.00014128806048094503,7.425090268116737e-11,-2.2766634964246063e-9,5.598334313505043e-12,3.114512403567384e-5,0.006923839947882998,-0.004546317832776816,2.9942173096806865e-7,-1.0513199126053876e-6,5.499276830139521e-10,-1.2883422521595081e-6,6.423818320427916e-8,0.0008493111359320361,-3.03497874033412e-10,-0.00031814957860169373,-1.8501730332179425e-5,1.4936383486176685e-5,-3.2954546398674937e-8,0.0021705124747692663,0.014453227471962269,-0.0018091444858360434,2.992301987328406e-11,-1.1803984595065715e-5,-4.2891029465352625e-8,0.026478693948258542,6.702049520334339e-9,0.0022674341491841763,2.6682677571769796e-5,-1.5842536135168538e-8,-7.728973645090042e-5,-1.1263086734512979e-7,-1.4270019476889153e-7,5.004801147738127e-6,-5.256374418594171e-7,-0.011570405043011107,-7.272230506928283e-10,-8.218603447837633e-9,0.00036180760009695863,-5.079763450095261e-8,1.3930097970902745e-8,3.9265207513082914e-5,1.6204593724078397e-7,-0.0008216009198036296,-5.0938856862561966e-6,0.0037463134015733963,-6.680048320428463e-5,6.833599574627914e-10,0.000545641814556336,-6.766420826188265e-9,8.908781313459213e-11,9.666158430761882e-6,0.0013796715673674894,0.004827405713838603,3.91807445047738e-9,3.0482926036667114e-9,-0.0036732235579682547,7.16488448065596e-5,-0.004261810307052928,0.005967743060283662,-0.00039537805410157976,1.903821309460857e-9,1.9281535163487575e-5,-4.944895106646179e-9,-0.0005723411685399069,8.506774472941961e-6,0.0005078418854644945,0.0009701110545178145,-3.743060907838022e-9,-1.117434240212788e-6,-0.0003938256742436957,0.00019019393213407247,-1.115582517154039e-7,-1.9240595218534886e-6,0.0033171712703511176,9.194125856357254e-10,6.299487997891453e-8,0.001587948308607572,-0.00031776083402486793,-5.850127289970145e-5,0.00035920290573339213,0.0016876825795034665,7.536924652862402e-7,-0.00043605101762589897,-6.079516668579284e-11,-1.4335253790230457e-9,9.035853115532719e-7,-1.3296766969037586e-9,-0.000589959750107538,-0.0011244241902459743,2.7363381867797964e-5,-1.168879910038455e-7,1.019370246652953e-6,5.242080605681964e-8,4.195982509784488e-11,-0.0034439931534604776,2.007200266834021e-5,-0.0003464879594843564,0.0015872853221460506,-0.0005769013859048564,0.0010739696252986411,-1.2938549892883404e-8,0.009917871607972046,-4.2053030096327943e-7,9.67460299598638e-8,-4.280453804476074e-9,0.00014726086413754114,2.42392418231986e-9,-9.995515612602726e-6,1.9968862471434663e-7,4.88475939858098e-10,-1.9086854512031563e-9,0.00042544795172328977,0.0002518000817482037,-0.00010792543744973912,-4.924540237084778e-5,0.00020415597745717095,-2.0367162545364717e-7,0.000652615002135277,-6.411387926827238e-8,-8.58752822364378e-8,3.695027105957259e-8,-2.509816492321121e-10,-6.276218459586521e-6,-2.253921395954717e-9,-2.2630235356931964e-5,-5.410469437002715e-7,2.672079247884424e-7,1.9540386790336406e-5,-2.446438758199333e-10,-3.6194846544407764e-9,8.752630863143572e-9,7.431372263761311e-5,4.150015058609878e-7,0.0023784571715001843,1.4229739200698762e-5,-9.65128080932469e-11,-0.0003202987515491076,0.00956117617153122,8.715916894837461e-7,0.0014247913037568143,-9.640972668055457e-7,-3.190498872570251e-8,0.031901438154851386,0.00015968889958486846,-2.390109440413057e-5,-4.844394645942959e-10,8.918769615856333e-5,8.419661776341116e-10,-0.0016098400811918668,0.00015695304933126806,-2.678163193158661e-7,0.010928714809510767,3.86617160364362e-9,0.04371623074817435,-5.625903435158268e-9,1.3414638731738125e-8,-8.058169163112221e-11,-0.010612941199179084,0.002956863632841112,-0.00011437855380911756,0.0002468431062608404,1.518793968038719e-10,0.023130650746588738,-0.00482861396068975,2.6741836775922193e-6,1.038924792223617e-8,-0.003015041277560726,0.00021756665361117195,-3.716560473641389e-5,3.764901820975056e-7,8.179398561574348e-7,0.0002759201593601685,0.00033636183945710564,9.519101646752134e-8,-2.9060566187334775e-8,4.481860227964985e-5,0.010872401855891473,2.116693554631054e-5,1.4766371877361176e-8,1.5868877391260412e-5,0.002308561645959806,-0.0024649254846296877,1.8756065554771496e-9,6.724060066749816e-9,-4.347237828768149e-7,1.3933129616549945e-7,-4.84121533077234e-7,7.053329435835569e-8,-0.003257131261992203,-0.0009425180277735478,-1.458861924493467e-10,7.760470776288987e-6,6.150575189504457e-5
0.0,0.0,0.0,0.0,0.0,0.0,0.0,0.0,0.0,0.0,0.0,0.0,0.0,0.0,0.0,0.0,0.0,0.0,0.0,0.0,0.0,0.0,0.0,0.0,0.0,0.0,0.0,0.0,0.0,0.0,0.0,0.0,0.0,0.0,0.0,0.0,0.0,0.0,0.0,0.0,0.0,0.0,0.0,0.0,0.0,0.0,0.0,0.0,0.0,0.0,0.0,0.0,0.0,0.0,0.0,0.0,0.0,0.0,0.0,0.0,0.0,0.0,0.0,0.0,0.0,0.0,0.0,0.0,0.0,0.0,0.0,0.0,0.0,0.0,0.0,0.0,0.0,0.0,0.0,0.0,0.0,0.0,0.0,0.0,0.0,0.0,0.0,0.0,0.0,0.0,0.0,0.0,0.0,0.0,0.0,0.0,0.0,0.0,0.0,0.0,0.0,0.0,0.0,0.0,0.0,0.0,0.0,0.0,0.0,0.0,0.0,0.0,0.0,0.0,0.0,0.0,0.0,0.0,0.0,0.0,0.0,0.0,0.0,0.0,0.0,0.0,0.0,0.0,0.0,0.0,0.0,0.0,0.0,0.0,0.0,0.0,0.0,0.0,0.0,0.0,0.0,0.0,0.0,0.0,0.0,0.0,0.0,0.0,0.0,0.0,0.0,0.0,0.0,0.0,0.0,0.0,0.0,0.0,0.0,0.0,0.0,0.0,0.0,0.0,0.0,0.0,0.0,0.0,0.0,0.0,0.0,0.0,0.0,0.0,0.0,0.0,0.0,0.0,0.0,0.0,0.0,0.0,0.0,0.0,0.0,0.0,0.0,0.0,0.0,0.0,0.0,0.0,0.0,0.0,0.0,0.0,0.0,0.0,0.0,0.0,0.0,0.0,0.0,0.0,0.0,0.0,0.0,0.0,0.0,0.0,0.0,0.0,0.0,0.0,0.0,0.0,0.0,0.0,0.0,0.0,0.0,0.0,0.0,0.0,0.0,0.0,0.0,0.0,0.0,0.0,0.0,0.0,0.0,0.0,0.0,0.0,0.0,0.0,0.0,0.0,0.0,0.0,0.0,0.0,0.0,0.0,0.0,0.0,0.0,0.0,0.0,0.0,0.0,0.0,0.0,0.0,0.0,0.0,0.0,0.0,0.0,0.0,0.0,0.0,0.0,0.0,0.0,0.0,0.0,0.0,0.0,0.119088464470092,9.035442842475658e-7,1.6597729421066016e-10,1.0354806973488776e-12,-4.372824741851043e-6,-0.00939373752214695,-7.642597473110704e-9,-2.815758814034063e-7,-9.746079197436872e-10,2.04492247127903e-8,-1.0791555047526485e-5,4.785551260921019e-10,0.0005569894065448304,7.116787096500509e-6,1.48633654315353e-7,3.528909487461833e-12,-0.0004127286190833063,-3.940837400537885e-11,0.005083604977388074,1.4829300657592342e-10,-0.001627778628604045,1.913055271216031e-10,-3.4494894144404992e-12,3.3729797677989025e-5,-5.307029740694648e-7,-4.115679529532734e-5,0.0028784858162739088,-0.0015390474858952808,-8.041644466860498e-12,-0.0018476762772606243,0.0035969606709447387,-3.733884138603597e-7,-1.3450669670168572e-12,5.281572891363714e-6,4.170939298944722e-5,-0.00012673253361771483,-1.725225451954653e-7,1.8755162873268157e-9,-2.998340088534747e-8,-0.0035553925524677518,7.001604365598692e-5,-0.027758739689843225,6.596420602173471e-12,0.014160267478372679,-1.981787717585308e-8,4.9890768295461735e-6,-3.0524374032157524e-10,2.5601741034143674e-9,-0.026347829455935487,7.571100695795636e-6,-2.0577718063376826e-7,0.0001620812322744749,2.3074123877341902e-10,-0.0017962398014921927,7.814121189138869e-7,4.664574414147439e-9,3.861764247839074e-5,5.0953633657456626e-12,0.0010721601064627559,8.062339827054229e-12,-7.716842304117848e-5,8.504895836766116e-7,1.1080941233279964e-13,-0.00022568493386135844,0.013126021018078369,-1.4459498880563194e-8,1.012577357202297e-10,-8.149394581099974e-6,-1.4249542824695822e-11,1.2179221041365569e-8,1.6718871228356857e-7,-1.5147356618530263e-7,-0.00518587601217792,2.9635770341298463e-10,1.9953941325795258e-8,-0.001565607356342766,-6.546011991301941e-5,-1.2271064704201287e-8,-9.991757239216406e-12,-0.0004405023397109681,-7.776592738546453e-8,-2.60393364966505e-9,-9.132149450434774e-12,5.925244103895103e-8,-1.965193751268379e-6,-7.545098788770238e-5,-1.3279843635350047e-8,-3.5744607105565136e-9,-4.4247197496937244e-7,3.08223348875643e-11,-2.5715541641062213e-11,3.859280075075059e-10,0.0006852227460781067,0.000116823961965509,-0.000421941678241418,0.0011874129315200634,-4.453656687043761e-9,-1.5246783055316443e-7,1.5948877659214222e-12,-2.0524249110070967e-6,-1.2891441723793767e-11,-0.00031334661663440585,2.600259096969381e-11,6.868962031497863e-7,-6.015713690316859e-10,-5.300074283483123e-11,-5.727128869423655e-9,9.968792687998598e-12,5.655961262957677e-9,-0.008777160203393763,-3.4316760322677275e-12,-3.5534612390176365e-12,-4.489688540168114e-7,5.8243275000201536e-5,-6.744694466450358e-8,6.236816267692272e-8,-0.005470116407391101,-5.664819990823349e-7,3.5799795548598114e-8,2.3067277316149667e-8,6.92593959787172e-6,-2.3263059786639527e-6,0.0012597399093022895,0.006792515611354649,-2.421733916987655e-7,0.004712856120707431,-0.004678919504650356,2.9410439453083466e-9,2.549735326668999e-10,9.243773376473217e-12,0.0017278635792061156,-2.308566087186908e-9,-0.007123655449408842,1.5387378228299464e-11,-3.3329349965191035e-5,-2.0085153810043804e-7,-0.03310451514638768,7.225530259203885e-7,-2.9736270587403657e-13,-1.736331459082514e-12,1.3383748397062402e-12,-5.520195628460476e-12,1.3533303771830742e-11,-0.0026024288798245933,-2.998719118509657e-9,7.271483773360864e-10,7.104249108946026e-6,-1.438646108271629e-9,-9.637184849382712e-11,5.812669553176392e-9,-0.0071665262463404215,-9.715990556708084e-9,2.498362825645432e-5,1.513309329933996e-6,-2.5086364306731515e-10,-4.997986972044666e-5,2.8294052256400452e-9,0.011926176664155783,-2.118009176095837e-12,-3.096076519416558e-11,1.0611048563438304e-9,0.0038238389064675334,-3.1613103924600016e-10,0.0001894945403480204,0.010146602224715784,-1.9448993408243318e-12,0.020088510848526527,-2.950237229773399e-5,-0.014492212577480347,-4.952920423443589e-9,3.4568296013590366e-11,3.8607441553221075e-11,1.9517424364144906e-7,-3.526159276468898e-12,-1.4807732438977093e-6,1.5193803830208394e-12,-0.0004229071286739999,4.4260000305475866e-11,2.5361931784410885e-10,-4.4239331527095655e-10,0.0048366245632899115,0.0015867805478777062,-0.001334622742144583,-3.817382295519617e-7,1.581441074455184e-9,-4.1204496933442774e-5,-1.5381572498260985e-11,0.06274945276351955,-1.8931582980794272e-9,3.9839341313630156e-10,2.584719008208056e-9,0.0006829284134830392,6.9334318359196106e-12,0.03670823617322307,-3.4147383167298284e-7,0.009085568118090765,3.806070390237256e-12,9.888321859180834e-12,-7.511499887913528e-12,-0.04828989213153916,-1.1723448041151272e-11,3.0819737021154524e-11,-3.0998952052701466e-11,1.3794570523685556e-9,-0.012196628012448817,2.340625033151904e-5,-0.00043556186497549596,-1.1954540902947583e-11,1.4890034434046086e-10,-5.582369902220112e-12,2.649396401292706e-6,2.7527569173764296e-11,-0.0008778643446669383,-5.748182048080448e-6,7.580819507229607e-7,8.208892054529954e-11,0.0019768752026014065,3.471394734836455e-5,3.135868570867844e-10,2.1532981670605918e-10,-5.599446293208804e-7,-1.3573823151316137e-6,1.2479069275349819e-7,2.641398364045145e-8,0.00021392046921871047,-0.0031778909464691457,3.0296310158262048e-12,3.98475704801581e-11,0.02082149424389628,1.2550567792700064e-7,-1.0043821370406305e-9,4.2481595233219765e-8,5.733165551844217e-6,-8.630951542276129e-8,0.000800281799446162,1.3004524626929975e-5,0.00011343479129816803,-1.1610345456277885e-5,-2.1990530965000782e-12,1.122931885977396e-7,-2.6497031222681864e-8,-0.0021980399853811393,-0.011233186184138355,-3.3514332755842396e-7,7.743276131603699e-11,0.01802281133737284,0.0025283984759007084,-0.0025190324227062186,0.00015256683777960123,-1.111502002219549e-5,5.5725061854034834e-11,-5.408285793502048e-11,-9.844789309479963e-5,1.1088229195510733e-7,0.00016183973352543442,0.0027725816976343436,-0.009345743392035217,1.9725900930930487e-5,-3.168210665949354e-7,0.008966327372898882,0.004995394919101344,2.8968839126299446e-8,-4.665215338458781e-11,-3.169752011085254e-9,5.320847317217679e-7,-0.00014414119849895328,9.600320280818622e-6,0.0008249705459873205,6.148279257048475e-9,0.0013626303420018158,-3.992641794360808e-9,-3.961726993745359e-9,0.005996366559776901,-2.2066588943859087e-7,1.790403987732583e-5,-0.017847846140198846,0.0010639698648685655,-3.3149050720052484e-12,-0.00018191174913600875,9.766278736838808e-8,-1.5477083450545043e-7,0.003689688553703834,0.0009722939856063516,1.545441015231281e-5,0.009431473019233161,-9.875558186048688e-8,-1.7113961694085932e-11,-0.0011348371745806651,-4.682974125278169e-10,5.807232893349674e-11,0.01454885304644135,-1.475700422523052e-11,2.4520066023314546e-7,2.094644611490723e-6,3.275305931497274e-5,-4.64005112631328e-12,2.9118844937344364e-9,1.4159240271455337e-6,0.004917858945950883,-8.858278363961465e-12,1.2320836765514532e-10,-0.019665308495493087,1.4620738099116533e-10,-9.4983167504537e-6,-4.0595391361245964e-11,-1.0101660475485947e-7,-7.097543888732802e-7,-2.751067025634146e-5,-0.0003455583054382931,-2.052704485438005e-5,2.163303699763153e-9,-8.074401606161342e-10,-0.0003619805536645133,0.000322088216624206,0.0003440942685949595,4.0707430189438585e-14,-6.980982642513102e-10,-0.006413750204658723,0.02200825636769314,-1.9468874956633784e-6,0.0032187910771660287,-0.0008292778728505204,5.476304363535961e-6,7.432724822134427e-7,-1.4373629979754289e-6,-5.256078631682287e-7,-3.0524616596097964e-10,-9.994830827642558e-9,-2.2448393370665115e-5,1.63658744319907e-12,8.554148866702489e-7,9.226015180972373e-8,-4.185822985318333e-9,-7.631838724502407e-9,0.041087911810238076,0.005771849550999775,-2.14150682161148e-12,3.444083531995345e-11,-2.4383311669272464e-12,-6.751681593902464e-7,0.0004811881915162109,0.00015240727160253966,-3.894960072571079e-9,4.213436045725701e-8,-7.360911452344117e-12,5.8399294143034876e-9,-7.93244251464478e-10,0.00013548900484121237,3.455035942376532e-12,-1.7819693057343537e-5,3.1922002612772195e-8,-4.921139858566302e-7,1.3688219783690595e-10,2.3516033628555503e-5,-0.0001171194742166658,7.92412141529336e-6,-1.6924724859854834e-12,-0.005382553428022789,2.1287785535966736e-10,0.006846959040511101,-1.0003929721888796e-9,-0.0006674080419812498,-0.00267170808456029,-1.6717066484527193e-10,-3.134674336847613e-7,3.2830711148351396e-9,8.872561907831208e-10,2.6519487005413467e-8,-2.895990538047274e-9,-0.0024115684352135017,1.2646230069603747e-11,1.4607805036142967e-10,-3.9721780232426405e-6,-5.733877939296538e-10,-2.124905274197267e-10,-2.8994802965200205e-7,-1.906767609206348e-9,0.00019777607838791266,1.0216524634879423e-7,0.017537053789641297,9.63919426741779e-7,-9.843881916630959e-12,0.007373647038200872,9.390040763551894e-11,-1.0936149454632985e-12,-1.8739706408840977e-7,0.005382983133006952,-0.0010589701065042976,-4.522633688260769e-11,3.1354914015042073e-12,-1.1045109422941267e-5,-0.001044593292392727,0.004475310757373771,-0.0002748122643583439,5.355706352607536e-6,-2.9397717224871104e-12,2.053750324397024e-8,-5.309789606225061e-12,-0.017080953481508402,-3.350502187817462e-8,9.132025662190778e-5,-1.5896682703763776e-5,-4.010875790805608e-11,3.1411179927794624e-8,-5.047391191117045e-5,-6.551556762491729e-6,2.069974764134863e-9,5.025455198069613e-8,0.0011509906480010183,-1.361528758503479e-11,-6.28965080957229e-10,-0.00014703720375701108,1.2416543176288846e-6,8.067198389214471e-7,4.72183275686189e-7,0.006942862906512703,-5.202865857911305e-9,3.924396304222816e-6,6.226488006025244e-13,2.913126029140735e-12,-3.0193281763396728e-9,2.5118067434394808e-11,1.646517552729106e-5,0.01879577086379156,-0.005723441580536808,1.4495931770346936e-9,2.989169952588139e-9,-5.49158920019752e-10,-4.129369647073426e-12,4.158526838641642e-5,-7.738236682091956e-8,-0.017040954771975567,4.186282517245206e-5,-5.593970655204473e-6,0.004419874282138985,1.110734837594443e-11,-0.00017128573298139332,7.052159654973153e-9,-7.736065751508616e-9,1.9748235291397188e-10,-0.002258683653355464,-1.363452242666255e-11,6.033044103244199e-7,3.3786876369912127e-9,-1.5565280151669588e-11,1.0090101603074519e-11,-4.360253191746844e-6,-7.434216396903846e-7,0.01600394323771167,-0.0011815446533711821,-0.010567179701843893,1.0573213301943694e-9,0.05006585693098904,1.4621405197552382e-8,1.2376237821477172e-9,6.433522213235814e-10,1.5125450166400523e-12,2.897268934754405e-9,9.663308116542872e-11,-0.002513433197958905,-2.875848796476036e-10,-3.698367824467342e-9,-3.0627035893885685e-7,3.3398336462351024e-12,3.935463107565958e-11,-1.2202211110810867e-10,0.0026779107021516137,-9.48544029478764e-9,4.012938736543804e-5,-2.1260235360657908e-7,1.6247761573801101e-12,7.1653441880718e-6,-0.00011853916014939212,-2.4108249828492455e-8,0.03606442029545891,8.88994439384899e-10,5.342612427352919e-10,-0.000531228241255226,-1.085793877299519e-6,-1.9860181662684008e-6,1.9428899962649016e-9,-1.0788094370801236e-7,-1.2599907809043125e-11,0.0062315132117841095,-2.184504958988174e-6,5.733549860837112e-9,-0.0001125902056689846,-3.151815323127116e-11,0.004716689111116271,7.350770618815947e-11,-2.6945157386382635e-10,-1.4053438831039106e-12,-0.001495628787916338,-1.829053354329253e-5,3.570227413002651e-6,-1.8990574864792624e-6,4.7485913277095206e-12,-2.2909655211476296e-5,0.0002642866310823787,3.848042587647352e-8,5.718996263509315e-11,0.005066400477336805,-1.1546335398189419e-6,-2.7962237237710255e-7,-6.32814670879427e-9,-7.597420084232262e-9,-0.01868515173040984,0.00196936190186355,-1.3569970007659377e-9,-6.33534531564063e-9,-3.564462599049455e-7,-0.0004914852287904236,-2.3313091987918054e-7,-2.97541659284516e-10,5.364708787427354e-7,-5.135936597748608e-7,8.926621206866738e-5,-3.6110890032740554e-11,-5.652497961178352e-11,6.5505452391516016e-9,-3.0163629591695728e-9,5.761291293663851e-9,1.0100098350163905e-10,0.014074041825222532,-0.010361186509395453,5.634581211903086e-12,-1.5539606151934643e-7,-0.004569241227139646
0.0,0.0,0.0,0.0,0.0,0.0,0.0,0.0,0.0,0.0,0.0,0.0,0.0,0.0,0.0,0.0,0.0,0.0,0.0,0.0,0.0,0.0,0.0,0.0,0.0,0.0,0.0,0.0,0.0,0.0,0.0,0.0,0.0,0.0,0.0,0.0,0.0,0.0,0.0,0.0,0.0,0.0,0.0,0.0,0.0,0.0,0.0,0.0,0.0,0.0,0.0,0.0,0.0,0.0,0.0,0.0,0.0,0.0,0.0,0.0,0.0,0.0,0.0,0.0,0.0,0.0,0.0,0.0,0.0,0.0,0.0,0.0,0.0,0.0,0.0,0.0,0.0,0.0,0.0,0.0,0.0,0.0,0.0,0.0,0.0,0.0,0.0,0.0,0.0,0.0,0.0,0.0,0.0,0.0,0.0,0.0,0.0,0.0,0.0,0.0,0.0,0.0,0.0,0.0,0.0,0.0,0.0,0.0,0.0,0.0,0.0,0.0,0.0,0.0,0.0,0.0,0.0,0.0,0.0,0.0,0.0,0.0,0.0,0.0,0.0,0.0,0.0,0.0,0.0,0.0,0.0,0.0,0.0,0.0,0.0,0.0,0.0,0.0,0.0,0.0,0.0,0.0,0.0,0.0,0.0,0.0,0.0,0.0,0.0,0.0,0.0,0.0,0.0,0.0,0.0,0.0,0.0,0.0,0.0,0.0,0.0,0.0,0.0,0.0,0.0,0.0,0.0,0.0,0.0,0.0,0.0,0.0,0.0,0.0,0.0,0.0,0.0,0.0,0.0,0.0,0.0,0.0,0.0,0.0,0.0,0.0,0.0,0.0,0.0,0.0,0.0,0.0,0.0,0.0,0.0,0.0,0.0,0.0,0.0,0.0,0.0,0.0,0.0,0.0,0.0,0.0,0.0,0.0,0.0,0.0,0.0,0.0,0.0,0.0,0.0,0.0,0.0,0.0,0.0,0.0,0.0,0.0,0.0,0.0,0.0,0.0,0.0,0.0,0.0,0.0,0.0,0.0,0.0,0.0,0.0,0.0,0.0,0.0,0.0,0.0,0.0,0.0,0.0,0.0,0.0,0.0,0.0,0.0,0.0,0.0,0.0,0.0,0.0,0.0,0.0,0.0,0.0,0.0,0.0,0.0,0.0,0.0,0.0,0.0,0.0,0.0,0.0,0.0,0.0,0.0,0.0,0.0,0.11884609351649383,2.548958812909099e-7,1.2223039541156114e-7,-0.011152939077990235,-4.286343516200542e-6,-0.00012968633824558373,-0.024498238724384894,5.015121705265945e-7,-0.0005359159307550902,0.006561391254478229,-1.2503009141892933e-6,1.0864171084647832e-6,-0.0074210466974307205,0.0010232529427477057,-9.647854872521541e-7,0.00011445151514504227,-4.2095603668920884e-7,7.575972594940823e-5,8.729488989194756e-5,-1.7532085322623568e-6,-6.726534791372861e-8,-1.2399475256891548e-6,0.0003820893760393614,0.014821481995433051,-0.0031633998477104183,-1.9471173689882952e-5,9.336957054414233e-5,-4.4677276717016664e-9,-3.8698042560664774e-7,7.764039252429692e-6,-0.0021936527561400737,-8.00676609945002e-8,0.038713718337325224,0.00482528464460298,0.000591308812023834,0.022230496138685444,-3.2239573170765815e-5,-0.00022108455294542556,-4.680010793604654e-5,-0.004824640656598282,2.0520752505835947e-6,-3.5327752301739167e-9,-2.5008865054897416e-5,0.00047697412923197263,0.00927541933277484,-1.8397649718748724e-6,9.998013936414664e-5,-8.805982876638768e-7,-0.015466413338891174,-0.002724748783991914,-0.00014205567026550074,-1.4830799554364888e-5,1.721287076893307e-6,0.0371581697133716,8.822586083027744e-6,0.0003494193237359638,2.4761306035714484e-7,-4.973756879756883e-8,2.376876066147677e-6,0.0021538504057824286,-0.007989949005688883,-8.660478878725958e-8,0.0009254373650906779,2.433891534733176e-6,0.005554652196631968,-4.249412843868298e-6,-0.00026353094266787523,1.6615331623587824e-7,9.398589062446662e-6,-0.010350296688663684,0.0006427377609483819,-5.334198751577893e-7,-1.2812468064930403e-7,-0.00023282496116775776,8.336979216375162e-6,0.002227642217688682,-1.7007120294051218e-5,1.5035699797966636e-7,0.0008297074165522946,-0.0006865334767201806,5.6171653948099564e-6,6.108472921075435e-7,0.0008559250113701435,-0.0022722705037577324,2.094968178036937e-5,0.00016101775431035846,3.2688443497158722e-6,0.03157422705036995,-3.748828645499462e-7,-3.914140366522203e-7,-1.8840123426082833e-6,-1.4641881612269459e-5,0.00014548681544665764,-5.4002910371708095e-5,2.762938200895682e-5,2.475485041170259e-5,-0.0003255325584993215,1.3024188731925276e-8,-0.00850487711195484,2.608436653033659e-7,6.743735051755053e-5,2.172473883474349e-6,-0.030096812896964822,1.4840160045331976e-5,-1.8282063504223078e-6,2.075789370018249e-7,-6.30619151848881e-8,-6.544702455343623e-5,-2.5612788110157015e-7,-1.0768142234778068e-7,-3.6104026934069995e-8,0.0006579628669123569,-0.0003776350510907725,4.015849949919247e-5,0.022344921262250232,-6.238684397140784e-7,0.00019705548832470312,-0.0003543484817961695,0.0001017085706987021,-0.0025200743434706557,0.01277709061179894,1.772129725441861e-8,2.525934455097384e-6,0.001194928621495698,8.334731202974083e-6,1.7207135230497375e-8,3.3201865311661953e-5,-2.521652678421079e-7,-4.8391213108829895e-8,1.2322709942219617e-7,-4.078600616824177e-7,1.1101674338057742e-7,-8.052448674715233e-8,0.0002519029387107138,0.013079743268861974,-1.0919494977915573e-6,-0.002218363437536544,3.6001391177118416e-8,1.796927177240997e-7,-5.753182880417969e-8,-2.3931453880971135e-8,-8.471352376753354e-8,-2.631558438763898e-5,-2.4965941842791724e-5,9.317204883248966e-6,-0.017209133531287585,-1.702544007180886e-5,-5.805122212240309e-7,-0.0003871703465820561,-1.0347387859318038e-6,-0.00031459788408333406,-0.0043641044044198714,0.024382214912830744,-1.3369525931436646e-6,-0.0008845454514561969,3.845104650986617e-5,-4.748978137874505e-5,-3.6247353925199256e-8,-5.630695845738204e-8,-1.9710850184391366e-5,7.214793479111863e-7,-5.943731965089376e-8,0.0009989948450989576,-1.0327357361691668e-6,7.528532346332888e-8,-1.9610240220401346e-6,-0.0022990323879831594,1.3967800533784216e-5,0.0001571306769582846,-6.479189260215368e-8,1.2366593270660985e-7,0.002610708776729143,5.1309212479334345e-8,0.0023518946642389978,3.698632844211734e-8,-0.00019512371288448144,7.598531871504317e-7,8.521798276808275e-7,-3.5722368773800757e-6,1.697093075939768e-7,-4.043286541265464e-7,0.00011948215178627087,0.025715238746611115,4.764871822227634e-5,0.0003855953230821933,-4.958170889841744e-7,-2.3071367454557278e-7,0.00010394286145016802,-3.2509359979817083e-7,1.678622035796227e-5,0.00010875057528690384,9.476881886056357e-8,8.463549992062503e-6,0.0559107847098265,-1.937158691513523e-6,7.894653362433381e-7,-4.791922376268767e-8,4.425201636827643e-8,4.716503001413493e-8,-2.5338445273537274e-7,1.0744529048459839e-7,2.1205406785861721e-7,6.336378443927419e-7,1.590907521805958e-6,-0.008911525766299803,0.0001728179638939844,-4.357358436034139e-8,-7.51482124229375e-8,5.440565372127891e-8,0.02517834496463171,3.6431898526666095e-7,1.9001586030334745e-7,-0.009193697602996032,-0.00026916356274633174,7.620150852397538e-7,8.622292338570502e-5,-0.0005444771229595482,-1.2736678650140364e-6,6.130369759585456e-7,0.0014813249507636508,-0.033542958185374686,0.010706418479935604,0.0004481269578510668,-2.110953129003748e-5,2.647027850113471e-5,-1.1644838395696707e-7,-5.865882626813819e-7,-4.990071584778067e-6,-0.0014623700715647454,-1.563715932784665e-6,0.00027643716366113595,-0.005489029583861811,-0.00021114856815839962,5.002890311212648e-5,-0.005140926717395292,0.00043649544697632137,0.0024150560187341428,-6.020246752293858e-8,-0.014958300317339076,-0.0001767687500669103,2.012328361501553e-5,8.968064309899494e-7,-0.0003916012433107347,6.614725273249423e-8,7.367827176613985e-8,1.5882427313419544e-5,-1.0748816170902382e-5,0.00017147431761304274,0.001912720331427266,-1.367680613609307e-8,-1.511930248362666e-5,-0.0034774290431642037,0.00030350689803672993,0.00018715970784405586,2.886224119753062e-5,1.7821638590838513e-6,-0.0006231122054025184,-0.005438718529741638,9.49980446466017e-7,2.488941152694966e-6,1.2128638523933168e-5,6.211348980374538e-8,0.0006841586461247828,0.011475837323258202,7.462816298398635e-5,7.563850650424838e-5,6.356795646855369e-5,-0.0008820032047494343,-3.327480153125186e-6,-6.94050249419183e-6,-1.8113743463476124e-5,-7.767957971085498e-5,0.001754239460823303,-9.592800350535415e-5,-1.8910606557282102e-6,1.4931337699553717e-5,-4.731053461406876e-8,0.000552463131457235,0.0006701659017259621,0.0008925586632285142,-5.521999283872681e-6,2.066983862684806e-6,0.00035996713610708317,1.4697908128816607e-5,0.0025361378383933235,-1.2756047484817987e-7,-1.0369241246208973e-7,-1.6880231719957313e-6,-4.956790714612088e-7,-2.143321411054604e-6,2.9979307522883135e-8,0.004014783017392951,0.0007219769190301575,0.0026310627566373777,-2.1667915355324857e-8,0.00011568344241148816,0.03877940827930636,9.626551942814965e-6,-2.5057985090701664e-7,-8.888393853138089e-7,1.238790096063715e-5,-2.006376585574814e-6,-0.007120216035454193,-3.255333141885566e-6,-0.010260543165776072,-0.001461567558309444,0.0017733571000041592,4.226086090211361e-5,-0.000825618134212628,9.283497322597464e-6,6.593320162578724e-5,0.0005801445958976168,-0.0002078553116229007,0.00010130728252735131,1.9252065069984906e-8,-5.585705761737244e-6,-3.167069835643902e-7,1.074130406667952e-6,-0.004022990963720872,3.798816674977688e-7,-0.0002503725123649969,0.007477470338569235,-0.0028347505242325996,-0.0030678174160476577,0.001027290691611136,4.566983972883638e-6,0.008410439275993541,2.868980753433512e-8,-1.5477523678013407e-8,0.01719840076627559,-0.0022344327265664743,-0.0002823263577962359,-0.00011307112628972061,8.987407823811688e-8,4.982719544969903e-7,-1.6433028254690202e-8,1.0224752534877704e-7,-3.189396702734768e-8,-0.0010352052041923256,-8.39017180618221e-6,8.496775841649966e-5,-6.176834154656494e-5,-0.00015663690074567557,6.02848507876285e-8,-0.00021808780471438866,-5.282687574278838e-6,-8.038119289189976e-5,-2.024379294192935e-8,-0.0019692839095134585,-0.0012582912974579664,0.00014493414227511938,-3.6113179246344174e-6,0.003449450368137421,0.0007315809679366319,-0.0029326514974877035,1.660236016538706e-7,-4.224810438384119e-8,-1.5911899014401386e-5,5.3403163773050995e-6,-5.206020308500214e-6,-3.841432034849387e-5,-7.43155485792547e-9,-5.202174776939409e-7,-0.0032474809315112397,8.14923018198192e-5,2.9241032787936313e-5,0.0019804529964677843,-0.00012817545278894462,-4.524922128112961e-5,-5.329521963992087e-8,-1.1432837758612425e-7,0.02005418468756565,7.988484021119513e-5,-3.592507195144482e-7,0.011405052927665665,2.750573901425916e-5,-0.0010058038905531275,0.000465187653902739,-5.876823961256081e-6,-0.008511924216517735,3.709329329237428e-8,-9.05805251328663e-7,8.765904643818692e-7,4.043684752695969e-9,-0.000338216286421984,-3.596970175795468e-6,-9.861090880158504e-6,2.3600000628007927e-7,-1.240172561453683e-6,-0.0015492202078563795,4.7057623331118816e-6,-1.7619434476485224e-5,0.0003590563241357922,-0.000891919771528981,-2.580014728312652e-7,0.009180939148035722,-1.5363639544119218e-6,6.57636871693199e-7,0.0010724093344563655,0.0003036487850755146,0.00012813233268088603,-2.1040571601498434e-6,-1.8730626794120284e-5,6.982655370090944e-5,-0.009284054889792531,3.6592332901874834e-5,0.0005450419034606065,6.629128169363589e-5,3.522888153747668e-7,3.0266353452024465e-6,-0.0005065297162980782,-0.01146549384654115,0.004686661348336321,0.009214313594856223,2.990020936512443e-6,-7.377668563347439e-5,0.0002781380811892162,-1.8437028258357494e-8,6.205210502026926e-7,0.00031788711305753175,4.1886729176921477e-7,-0.005529247123119215,-9.446141477234798e-6,9.40178230766826e-7,-1.4576058942925545e-5,0.00031612149998932755,6.5215921717369306e-6,-4.212194523572079e-8,-2.3533093618714367e-5,0.001044708542685768,6.506880669671337e-7,0.0019447345211107397,-0.0005456604528366276,7.179067246378052e-6,9.062091862679323e-7,-0.0003628609576909315,-3.639400329699265e-5,-0.00016805936711376595,-2.7072316511225587e-6,1.1922045853765996e-7,1.816396455260637e-7,-0.026154982079680186,-5.27530357669936e-5,2.0823777600694307e-7,-3.331479620658276e-8,0.0039985978897502565,0.06454589831130947,4.712888355196116e-8,-3.4142833797777546e-7,-7.853618707389866e-7,-1.1967327888042805e-5,1.9431265197531443e-6,-9.351495554890048e-5,6.5851246493853464e-6,7.958783092521713e-6,5.200237804470534e-8,-0.000248502948362124,-1.0775009200472704e-8,-3.7287240312896616e-8,-7.484982629485809e-5,2.3864550591513863e-5,-0.0014026877853684264,5.1037219690978e-7,-1.4410192829048995e-7,1.336244715647393e-8,-1.7294724695524822e-7,-4.326526163004118e-5,-0.0002010249186815365,-0.0011953461724906304,-8.13340283458206e-8,0.00025882369566311884,6.100548660203071e-5,-0.0005345893940392529,2.4770674029956378e-6,-1.8517465840846148e-6,-2.5013034372808204e-6,0.0006911127500411224,0.046297728672203615,0.003405736218808744,2.076500607072002e-5,0.035730714075882165,8.294712804738855e-9,1.1944584954180655e-5,0.0015476127894989064,6.067529321142308e-5,0.00016752438373980431,7.373368226666678e-7,-4.519982390668123e-5,1.5259740601452118e-7,2.8496287248139375e-9,-5.125391838684409e-8,-1.1909761615305754e-6,0.0006529499271112096,0.07255150900883149,0.00040106806807152967,1.362130368746028e-7,0.00033931488841699325,-1.1150959051862497e-5,0.0011778705233901792,8.061615423877454e-6,8.08586738082664e-6,0.0323163149564456,-0.03196951541126067,5.603305640084455e-5,-4.137610780723879e-5,-7.01281535751033e-6,1.3819658303276798e-6,1.3628626112772844e-6,-7.152398294149033e-5,0.013208339164778963,-0.00019201757548887284,0.00359405594964134,8.913038033143227e-7,0.01916693573548862,0.0003767377209982507,-0.0010572542558705878,-2.6612982897078486e-7,2.851445711291201e-6,3.808988494816905e-5,-2.3846916594107135e-5,4.520525990407185e-5,-7.485767091393422e-5,-1.630632807080647e-5,-2.680976882854282e-6,2.762314173369947e-8,-0.0006384280879619312,-1.7690674141730208e-7
0.0,0.0,0.0,0.0,0.0,0.0,0.0,0.0,0.0,0.0,0.0,0.0,0.0,0.0,0.0,0.0,0.0,0.0,0.0,0.0,0.0,0.0,0.0,0.0,0.0,0.0,0.0,0.0,0.0,0.0,0.0,0.0,0.0,0.0,0.0,0.0,0.0,0.0,0.0,0.0,0.0,0.0,0.0,0.0,0.0,0.0,0.0,0.0,0.0,0.0,0.0,0.0,0.0,0.0,0.0,0.0,0.0,0.0,0.0,0.0,0.0,0.0,0.0,0.0,0.0,0.0,0.0,0.0,0.0,0.0,0.0,0.0,0.0,0.0,0.0,0.0,0.0,0.0,0.0,0.0,0.0,0.0,0.0,0.0,0.0,0.0,0.0,0.0,0.0,0.0,0.0,0.0,0.0,0.0,0.0,0.0,0.0,0.0,0.0,0.0,0.0,0.0,0.0,0.0,0.0,0.0,0.0,0.0,0.0,0.0,0.0,0.0,0.0,0.0,0.0,0.0,0.0,0.0,0.0,0.0,0.0,0.0,0.0,0.0,0.0,0.0,0.0,0.0,0.0,0.0,0.0,0.0,0.0,0.0,0.0,0.0,0.0,0.0,0.0,0.0,0.0,0.0,0.0,0.0,0.0,0.0,0.0,0.0,0.0,0.0,0.0,0.0,0.0,0.0,0.0,0.0,0.0,0.0,0.0,0.0,0.0,0.0,0.0,0.0,0.0,0.0,0.0,0.0,0.0,0.0,0.0,0.0,0.0,0.0,0.0,0.0,0.0,0.0,0.0,0.0,0.0,0.0,0.0,0.0,0.0,0.0,0.0,0.0,0.0,0.0,0.0,0.0,0.0,0.0,0.0,0.0,0.0,0.0,0.0,0.0,0.0,0.0,0.0,0.0,0.0,0.0,0.0,0.0,0.0,0.0,0.0,0.0,0.0,0.0,0.0,0.0,0.0,0.0,0.0,0.0,0.0,0.0,0.0,0.0,0.0,0.0,0.0,0.0,0.0,0.0,0.0,0.0,0.0,0.0,0.0,0.0,0.0,0.0,0.0,0.0,0.0,0.0,0.0,0.0,0.0,0.0,0.0,0.0,0.0,0.0,0.0,0.0,0.0,0.0,0.0,0.0,0.0,0.0,0.0,0.0,0.0,0.0,0.0,0.0,0.0,0.0,0.0,0.0,0.0,0.0,0.0,0.0,0.0,0.11857765948668787,0.007186971608353988,-1.7506932313099816e-6,-1.5871857406572663e-11,-0.0009691478439216904,2.1109704709487355e-7,-0.00905705738019174,0.00010013674136501998,-6.176158747947322e-7,0.004214929242794182,-3.7909777393200086e-11,1.5964359124152744e-7,-1.1244111046502768e-5,0.00875758796620225,2.8195418930932954e-11,-0.032714205732258514,3.1614690335187857e-10,-5.295563434791083e-5,4.308090026396596e-11,4.973259989785788e-5,0.01060069456019892,-9.363292155614094e-9,-1.4929304355420375e-6,-3.193131570675729e-8,-1.8962225428724613e-10,-1.416446185082774e-9,-0.00338993181431547,1.5053070700850653e-11,6.358534816875323e-11,-8.100580009438712e-6,-0.0018241680605487205,7.209172908280327e-7,1.5709098196216553e-7,-1.99382912570798e-9,-1.7602463648088973e-6,0.0004943796744325809,-0.00023516796457233527,3.7794849324216767e-10,5.54349454614937e-8,-6.304530535089137e-12,0.0057436350153481225,7.62588493515029e-10,-3.852229236421809e-5,1.4742419028891294e-7,-0.003916228023053381,-0.0002354703002564715,1.8226705593323986e-11,-3.91687258043629e-7,-3.585193058878434e-5,6.282507879208215e-8,-0.0006135454327339939,4.672826933128453e-10,1.3540413102287044e-6,-4.6586023853319043e-5,-4.672175627161784e-9,-0.003168201929009748,3.4293575585274607e-12,-0.01010140381811678,-1.0630175049582327e-7,4.019222322747311e-6,-0.005642309517411756,-9.887863539852933e-9,3.3392927420506214e-10,5.192100662042823e-6,-0.0025811121850076836,1.0091658674729648e-9,-0.019580635145444565,0.000179227236685699,2.549122406779878e-6,-3.827066701797694e-5,-2.1653731831554026e-11,0.008188430479833456,-2.3192974074316005e-6,-1.328762683411875e-11,-1.0502191182658824e-7,-0.00019443309010255943,-0.006256179304440354,-1.3493800734187056e-8,8.1906393600621e-6,-0.0006405162599960253,-0.020400162422075836,8.229292943866503e-5,-2.15366112423094e-8,-7.299354496853539e-9,1.1646962758650009e-5,-0.00037326095512558874,-1.1418327351762117e-6,-0.0007430025648639897,0.002202209052167312,0.01679642034841313,2.757383320862916e-9,4.553721142713311e-8,4.985471646322694e-10,-4.3224889225624705e-10,-2.4137053066898602e-5,-1.5293411852026642e-5,-0.00901793340827432,1.1390668126515692e-7,-0.004775345873374862,2.1254986162587454e-9,0.0010243002242509164,1.0519147658673373e-6,-0.0025166001846610294,0.01268485945697619,-0.001070196921234164,0.0030525800462009585,7.760147861480812e-5,1.2824592277927201e-11,-0.0037067811443314215,0.0031391867012805705,-7.54861000976194e-6,5.539466233379054e-9,-4.590126264887491e-5,8.550852058172885e-7,1.3455508268559222e-11,-3.520601360993915e-6,7.569209252604601e-6,0.00010255169626497447,1.5671231272647448e-7,-1.235181172169289e-7,4.168442516570653e-12,-9.020622429007656e-11,-3.5903104288030125e-6,-5.752689625743278e-11,1.2331842041970286e-11,0.00015980376817076758,0.011203862179497138,0.015936172352133734,3.781883571890794e-12,-0.0009664269662365551,2.4145736247783277e-11,0.01501626772642132,-2.712692377077586e-9,-9.824586795866585e-7,3.294676921260773e-11,3.153281685666421e-6,0.0012961016040429654,-0.005153041899258319,0.002772745913562893,-0.0010334442122177491,0.010737247016279611,-8.993068493471583e-10,-0.00019180515033641833,0.0014621893512953845,3.232461205376233e-7,-0.004974821070031728,-0.007703053776685177,8.326353327186463e-5,1.6941113844580972e-11,6.261142696445418e-6,1.753143216861775e-7,3.338250675226813e-7,-0.050209217097303055,-2.5402221624818743e-8,0.002874890264025007,1.7733589545404567e-9,-0.002994684162569411,-0.022200314046575357,0.001643518262352171,-2.2257734864594192e-10,-0.0042476115071153194,2.759325885981719e-8,1.493713047537588e-11,-0.01195364772158737,4.162615939653971e-11,-1.215738696576447e-7,-2.4792064941032466e-10,7.598872559218668e-5,-0.0059511634772467644,0.011596720870788757,1.7868537459265e-5,-0.000895294339736325,1.4048556560606606e-7,0.001987768619770743,7.961181230030412e-10,0.026475454408747864,0.00016262585328012398,-0.0037049665351752818,1.1602842876220099e-11,2.2080530364861046e-12,-2.5485295603703492e-9,-2.8780719833975527e-7,0.00011089845445930363,-1.9458366703320644e-9,-0.0011045587357184424,-2.9580268199911833e-12,-0.0003900478813167244,0.0012376253140660729,0.0043812773263359325,1.038977362705799e-9,0.014578766587196262,-1.0770579356009007e-11,-1.1142275819239228e-6,9.372221453626932e-11,0.008827137657959979,0.005169711389643406,-0.023075176371404032,-2.217976400645484e-11,-0.00035325037289483686,0.00852897498310477,-0.01780122155943818,0.0010365803432203697,-2.6217385671673477e-12,-7.230548458486952e-8,-7.47863819479185e-9,-0.011020622594898923,0.0003917566729010648,-0.0006952783262397361,-1.4905404991232775e-7,0.005169719890656351,-6.661633075737576e-12,-5.98012921117774e-7,2.512568681508513e-6,0.0036413031645229628,-9.779580534537096e-10,-4.616893290465514e-9,0.009896860999511783,0.0013780770918495858,-7.453670432014985e-7,-3.558892709456017e-6,-3.6320496401566255e-6,8.497301900629063e-5,-2.80119961717038e-9,3.963299731410987e-11,-0.004764750018428131,-0.00019829057373771248,7.093974221384021e-11,-3.2320582040535413e-6,-0.00456748493641336,8.574070444091196e-5,1.732928750470247e-7,-2.7750824592389843e-5,1.1229711805053104e-9,5.135529020976902e-8,4.832790850777836e-8,-3.8735608395198126e-7,0.0003192071078169849,6.708919162064032e-7,-3.90520046613456e-5,-2.7538553371314916e-11,-7.013104045309073e-13,-1.5466340486664387e-5,0.07477688000732917,-6.70125134589985e-12,2.387051356303443e-10,-7.310165559928316e-11,-5.90457872980684e-11,1.7501218449077506e-7,0.023499348197401626,6.159647756554584e-5,-4.5587086159624885e-8,0.00015821834370558223,-5.845560580560901e-9,-4.376443470600772e-10,-1.3950161409621666e-10,-9.227699159508313e-9,-1.72885863544837e-5,-2.3974474061980727e-11,4.217077311898951e-10,6.055972615534e-5,-0.02764496528982293,4.820220968008241e-5,-3.6343928230552475e-7,4.958846101710679e-10,-8.817998014548027e-8,-4.980725633089305e-10,-2.4250511794670945e-6,4.131333103709628e-11,0.0003534584736538454,2.8005557007395154e-5,1.4535812265259212e-9,4.699515444180228e-7,1.1355757455349614e-9,3.750917844833738e-11,8.229129715814274e-11,-0.0007543885579206907,-3.1312792662976577e-9,4.547236847216027e-5,-2.0608478047869983e-5,-6.353659312713457e-11,7.366347630614241e-11,1.740793756419215e-8,-3.2588636547974975e-11,-3.2117086720592277e-6,0.003612088269011896,3.9854153543373275e-12,-0.004612186934119842,0.01281852291330527,3.518707466160815e-12,-0.012245313940990855,-7.338100107436967e-6,8.046336740508396e-9,4.5894096798114794e-8,-0.003011948051398501,8.602459281970011e-5,8.801567035811761e-7,1.0273253683988139e-11,-0.005887346798312186,0.02112900040653627,-2.1483125162266757e-10,-0.001355813777029838,3.603977388652994e-8,-7.058568277958591e-5,2.2354034820252665e-6,-6.236992481106222e-6,-1.2285994309170549e-7,-8.730738903173677e-10,1.0449191097018737e-9,0.0004256319492536885,-5.2157013606435764e-5,-1.0466581232253452e-8,2.4223276489655605e-9,-1.445037111498982e-9,-0.002553309643432412,-0.008751935519153913,1.1231707485406912e-11,2.4262580106613976e-11,-2.3329163108943795e-7,-1.7603131956107158e-11,2.464497391026397e-9,2.002552599197725e-7,-9.281450448802343e-8,6.356232684258475e-9,1.4185006631778047e-7,0.0008567076811032363,4.320808029297337e-7,-9.329849749930036e-12,0.0030871272727029694,1.0694799078488536e-6,5.719072538047211e-6,7.025401700324631e-5,6.851495521532543e-6,1.2142420429484725e-11,-1.178246142248035e-11,0.0002715958569685085,0.04242789622075982,-0.003852458772482478,4.1329955626264136e-7,9.53273130965714e-12,-4.713539312030769e-10,-0.0008287933853856488,0.00011429530226899922,-0.009317925714704986,0.00011632283290241893,-0.0029005139498023036,-1.869830639728624e-9,0.00460669305968093,-9.147406038258704e-8,3.296395306045448e-7,-8.757269018142706e-6,-0.0008193339461193152,2.2814092485578595e-8,-9.189019454436554e-9,7.090388852544259e-10,-0.0014673880615339958,3.3666606604246068e-12,0.002581408399334035,1.2960150209031695e-9,-0.0011576712062996842,2.001832458236815e-10,2.563584032367196e-12,-6.897189215923385e-5,1.204840589416932e-6,0.0001427948637982007,0.0008621880034320116,6.973084766499607e-6,-2.1474336493181227e-6,-2.904837153483265e-10,0.020336454431708395,-0.002714026158043937,-3.4558883150613846e-7,2.5950746003659587e-5,-0.012448693401773863,-1.0839341716174278e-6,-0.0012908473264323932,4.3254899040356716e-8,2.2403210140344638e-5,3.8642433056028665e-10,3.0474655747711827e-6,-0.009515441747906254,-1.4403854385515053e-11,0.002832685608224946,-0.0018407258336328126,-1.3447042036329846e-5,4.6677367802546327e-11,7.932729149679437e-11,-0.014950018576748707,0.002621944844235521,3.484643129923007e-8,2.743186597784356e-11,1.3652756963201544e-10,-1.1354905157174907e-8,8.549564550851563e-7,-0.0005157841083484212,2.4462842711216297e-6,-0.0008596760880067573,-9.289863080080896e-12,-1.428249094230212e-5,-1.8901262330575796e-8,-9.583315715876295e-8,0.015542408149148283,-8.484717595607294e-6,-7.788673546364988e-10,-1.267499953640755e-7,-8.316953499961676e-6,1.6069167130338223e-5,-1.0651852838256293e-9,-0.002496184268279281,-0.0017308073260595153,-1.344650249577373e-8,3.79763676596055e-7,-7.982204558360178e-7,-8.256461686235507e-8,3.4718311299964956e-11,-0.0004297848901652495,-2.514576400168516e-8,-0.0014108425214470189,-0.0008696130148832377,3.294256408410306e-5,0.024293546310404212,6.898960076448991e-8,1.2315077213241317e-11,-1.307773532223253e-11,0.0002706547557682752,1.4729682990165276e-5,-0.0016058044046819162,-0.001345377132441402,-1.9110039338325282e-10,-5.28043515613971e-6,-2.570361303988152e-11,-5.681068288344268e-8,-6.168282828639213e-9,1.4617649089527765e-10,-0.00012813406545882382,-4.184002220581496e-9,0.0004377721237497352,-0.00011371325028233663,0.0011606744910492076,1.547026302171658e-11,-0.005628931528163989,-9.698611762088146e-7,-0.00010707055503623658,-0.014532869383051277,-0.0018765849105232108,-4.650621285437743e-7,-1.5716515873836858e-6,-1.678382758101256e-11,9.685043594489015e-12,2.1391872362016117e-11,-0.00028684917138951813,-4.1140420959623424e-11,5.060801685568765e-5,0.0029895729415633132,0.0004573444608084196,0.001948105653004965,-9.957750431727547e-8,0.005329003210008449,7.621575150521922e-12,9.106111454276644e-7,-0.0019380328095797773,-6.208565245034156e-6,0.00367186722709833,0.0031069128897893202,-0.04108367374842588,-1.4231991894420927e-13,-0.00029927572690463007,5.249169359656815e-9,-1.1828711682654588e-5,0.006797100899354345,1.4890825534242694e-7,-1.8493389823852995e-10,2.862925750994793e-5,1.4575763150335346e-11,1.0772090079696314e-5,0.009260518643253397,-8.0193066270104e-9,-2.1398025576932788e-6,-2.694066123855129e-7,0.0019006284368398069,-6.622990250375649e-7,-0.005757898769568524,-1.4877375929295162e-10,-1.6160296822058221e-9,4.598524920468121e-5,-6.402200164358463e-9,-0.013551356899539053,1.5449121408622514e-9,0.011639867965489761,-0.002999518338550915,-0.002327547174400808,-3.67796109758231e-10,-5.418164301782438e-9,1.0092385064946604e-6,5.000179616271643e-9,0.005868102473849115,-4.057176053232121e-9,-1.3912267640419793e-10,1.51167799422184e-5,-0.0008611665840541858,1.154340849152427e-10,-4.293562504935736e-7,-4.0590075212291625e-8,-0.00010048868168644619,-0.00012949946826737785,7.7332131880153e-11,-1.7008292113590662e-11,-0.003807664721911221,-4.931886018888736e-6,-6.647966827165043e-7,3.2180275675979923e-10,-4.759956889894413e-6,2.3908097084806535e-5,5.942331822509818e-7,1.0497399661005839e-8,1.73071128448392e-8,-0.020571119874361016,-0.00013831531632678477,-1.9421126471827344e-5,0.0003890153537789161,9.739637222495737e-5,-0.00044279324913292054,2.0262241826053918e-10,-6.568729131964879e-12,0.0021122609346311103,-4.251567427106416e-5,8.161901891273804e-12
0.0,0.0,0.0,0.0,0.0,0.0,0.0,0.0,0.0,0.0,0.0,0.0,0.0,0.0,0.0,0.0,0.0,0.0,0.0,0.0,0.0,0.0,0.0,0.0,0.0,0.0,0.0,0.0,0.0,0.0,0.0,0.0,0.0,0.0,0.0,0.0,0.0,0.0,0.0,0.0,0.0,0.0,0.0,0.0,0.0,0.0,0.0,0.0,0.0,0.0,0.0,0.0,0.0,0.0,0.0,0.0,0.0,0.0,0.0,0.0,0.0,0.0,0.0,0.0,0.0,0.0,0.0,0.0,0.0,0.0,0.0,0.0,0.0,0.0,0.0,0.0,0.0,0.0,0.0,0.0,0.0,0.0,0.0,0.0,0.0,0.0,0.0,0.0,0.0,0.0,0.0,0.0,0.0,0.0,0.0,0.0,0.0,0.0,0.0,0.0,0.0,0.0,0.0,0.0,0.0,0.0,0.0,0.0,0.0,0.0,0.0,0.0,0.0,0.0,0.0,0.0,0.0,0.0,0.0,0.0,0.0,0.0,0.0,0.0,0.0,0.0,0.0,0.0,0.0,0.0,0.0,0.0,0.0,0.0,0.0,0.0,0.0,0.0,0.0,0.0,0.0,0.0,0.0,0.0,0.0,0.0,0.0,0.0,0.0,0.0,0.0,0.0,0.0,0.0,0.0,0.0,0.0,0.0,0.0,0.0,0.0,0.0,0.0,0.0,0.0,0.0,0.0,0.0,0.0,0.0,0.0,0.0,0.0,0.0,0.0,0.0,0.0,0.0,0.0,0.0,0.0,0.0,0.0,0.0,0.0,0.0,0.0,0.0,0.0,0.0,0.0,0.0,0.0,0.0,0.0,0.0,0.0,0.0,0.0,0.0,0.0,0.0,0.0,0.0,0.0,0.0,0.0,0.0,0.0,0.0,0.0,0.0,0.0,0.0,0.0,0.0,0.0,0.0,0.0,0.0,0.0,0.0,0.0,0.0,0.0,0.0,0.0,0.0,0.0,0.0,0.0,0.0,0.0,0.0,0.0,0.0,0.0,0.0,0.0,0.0,0.0,0.0,0.0,0.0,0.0,0.0,0.0,0.0,0.0,0.0,0.0,0.0,0.0,0.0,0.0,0.0,0.0,0.0,0.0,0.0,0.0,0.0,0.0,0.0,0.0,0.0,0.0,0.0,0.0,0.0,0.0,0.0,0.0,0.0,0.118348202652573,2.012306731191017e-7,-3.0391087588859898e-12,2.477956091360255e-5,-1.3304572249390452e-7,0.0017367368312369957,-2.7761160459757778e-6,-2.0830281274794487e-8,-0.0004128709212395994,4.3828488438647463e-13,-7.592323278379815e-9,-1.1513469213496632e-6,-0.0006776408666541321,-8.9266116877076e-11,-0.02104188542442874,-2.4403982281087934e-10,2.3459952587024205e-5,-2.051999493382989e-12,0.00014878522065438427,-0.008343327074661492,-4.8150139392531586e-11,-4.2001703082623944e-8,5.738543165462631e-9,2.227028244658609e-11,6.925453661561686e-12,-0.01791316207585006,-4.0482977914192933e-13,-1.6167626658382245e-12,-1.0316022677717076e-7,0.02729058333856297,2.7681792162895648e-8,-1.1078791602148005e-8,-1.0652535295488636e-9,1.6335207539683353e-7,1.3724062519717989e-6,-7.189456813546453e-6,1.3661524067599701e-11,-6.198952961589738e-9,-1.3204420132514059e-12,0.0006369959712788586,-4.486443069861967e-11,-1.162528021058147e-6,-1.04889140328027e-8,0.0005362718721522139,-4.7053042790416635e-6,-1.5168015515766984e-12,3.7528263919500975e-8,1.358023829098672e-6,-4.328315588272652e-9,-0.00025139251940380856,1.18360829247291e-11,-6.286357565320122e-8,-3.694266006594043e-5,5.341265965319744e-11,-0.001922429719699804,-6.351844688921197e-13,-0.0008382493631828239,-2.140155836668939e-9,-6.50588915325056e-7,4.419033235129164e-5,2.0672898443262815e-10,-2.1146636380080763e-11,-5.839321602401456e-7,-0.0007887502964507828,1.8212715296914022e-10,-0.026140650316754745,-1.935311088495264e-5,6.066091180490851e-8,6.052091060143214e-6,-5.564489234326464e-12,-0.0023596492712416486,-2.830832790602016e-6,-7.664984524302135e-13,2.40316385447076e-9,3.4102496436883524e-5,-0.002844611070845577,7.985295043291894e-10,1.0162735880450082e-6,0.00014506740459909264,0.0031913574929584763,3.5996900619605623e-6,-8.3299785270455e-8,1.9875877994847778e-10,2.444325162653144e-6,2.612422463634964e-5,-1.3157351420091404e-7,-0.012632943882587167,1.966154661179485e-5,-0.0015652129822346112,-4.826000416800063e-10,1.007060942898412e-9,-4.529354583976061e-11,3.861593802694099e-11,8.043852034178621e-6,-5.438373418144625e-7,-0.024270755653907006,-3.1485140510833466e-8,0.006282889603759933,-9.779483958795721e-11,-8.296797058092954e-5,8.866144776751522e-8,5.648813822669483e-5,0.00033072267000437043,9.416777108614595e-5,-0.012540085150631163,-2.3389379902375498e-5,-1.8115139373126469e-12,0.007451354660940334,0.015868742195141932,-3.0713754759147604e-7,-3.2386591910505904e-10,1.7502323810664064e-6,-5.6342049376761236e-8,-4.4472434381144525e-12,-2.524882925235385e-7,-1.076407183680949e-6,-4.799037514150777e-6,-7.558329634069425e-9,4.122802724153063e-8,-4.965331110821913e-13,9.245043833603563e-12,-5.07899113658264e-8,8.551301116003945e-12,-9.349875001143717e-13,5.401259709182468e-5,-0.002150458177474423,0.002117593152692534,-3.163390525358633e-13,-6.038462707301909e-6,-6.676521606386073e-13,-0.003103211744384036,-6.596482968763512e-10,2.392388425496051e-7,-1.3280398017359992e-12,-2.3952306660616793e-7,0.05346717269563606,-0.0012990973361513918,0.014375201727970795,-0.013230498017604744,-0.00033614898121812046,4.79234922883382e-11,3.0378943799809992e-5,-0.0002175906694918201,-5.1569798372925376e-9,-0.000140128880467792,4.686456727692091e-5,-2.8978762683244425e-6,-1.1571700348116136e-12,4.593334253559939e-7,-1.4674060861298167e-8,-7.399384120055239e-9,-0.0005342755369820328,-2.673985748350963e-9,5.4639249084280704e-5,-7.299850065516169e-11,-0.010039494487536837,-0.024674814047685373,-0.0002119351461845863,1.4338401119796642e-11,0.0001151897336814612,1.000607758949369e-10,1.3180616557100002e-12,-0.028336396265428103,1.5489513692511268e-13,-2.4588302096999814e-11,3.585890561430865e-11,1.3129795780179753e-5,-0.0030005055985179536,0.0006848103197969371,-2.6550621455952665e-7,0.021805666881861675,-1.1027897413525003e-8,0.0013700804966024355,-1.7835501613141895e-10,0.0029069152594234345,0.0002134517781996512,0.0001013648500844041,5.25224723327705e-13,8.703241486250694e-14,-3.293671926616387e-11,5.7353464929110373e-8,-5.9821321001993965e-6,9.610611675758232e-10,-0.0016239150880577138,3.2399537899729064e-12,1.8742641809097026e-5,0.0005641083722997233,-0.00019695531902703706,1.0018358634363842e-10,0.0846040389686263,2.0465892586050178e-12,-1.0479424072402319e-7,1.0951307287677233e-12,0.0031581904404090395,-0.01812633282892366,0.006566498320069218,3.823134570638778e-12,-0.006178695351021823,-0.002940966260932835,-0.0004095535810102281,-0.00027854443816441185,-3.5159806900208403e-12,9.199088413742587e-9,9.220197890006822e-11,-0.0029459319436053403,-0.0015684752602303648,0.05926265058020158,2.2221532299429927e-8,-0.0003920241847294361,7.984585317410333e-14,3.612716711695456e-8,-2.9028808080737795e-7,-0.00011248112706093874,-1.2237549991396604e-10,6.713135305206846e-10,0.00010998866682578204,-0.00024734541369818655,1.4793132890540704e-7,2.0857839015644682e-7,-1.3264385707136813e-7,7.830980535804659e-7,-2.0574259163905294e-10,-9.796172216224461e-12,-0.013714321126873182,9.14411198832928e-5,3.349230655357171e-13,-1.6327870048891853e-6,0.0006648227346961158,-1.884841231764616e-7,-1.614896663383681e-8,1.6305060208388029e-6,-5.3570172953387046e-11,-1.9756893439701884e-9,-9.657253507263873e-10,5.195357015093124e-9,0.03558336450257711,-2.1742586808152327e-8,2.587490482500679e-8,1.6617279871593772e-12,-1.382227238161349e-12,6.857898961612514e-8,0.006441194308956945,1.1381542754115633e-12,-7.50449662497664e-12,6.148323121081091e-12,-4.367321184689547e-10,-9.663208218410533e-9,-0.006630990694648855,-0.00024143673588619338,5.415247764676767e-9,-8.477709475941189e-6,1.5442898397069194e-10,2.691003281942635e-11,1.1133402662760487e-12,-7.740045152806379e-10,4.344366577067863e-7,1.5241431720386656e-12,-2.174006914884095e-13,-3.515293097052614e-6,0.014949498374713337,8.356189452551141e-6,1.8481725690706012e-7,-1.2430623247102327e-10,1.0648926531454502e-8,-7.029726679902608e-11,-2.7417805668773053e-7,-3.7843063132674075e-12,2.5723850140804953e-5,1.982649570965801e-5,-6.576063884410691e-11,1.303862123447481e-7,3.000452148382561e-10,-5.5772522565571144e-12,4.460092246983581e-11,-0.016460782873974664,1.149904636787293e-12,-3.3236382482108524e-6,2.3645551633068977e-6,-4.770972272340564e-12,-3.860049610038091e-13,-1.5416258173213133e-9,6.138528606259883e-12,4.590443870015065e-7,-0.0004945511913381284,-3.3172694296905743e-13,0.0003265527894483122,0.0010115784079960373,4.066367067308713e-13,0.01419971584885509,-1.241623050676729e-6,-5.410573193171923e-10,-1.2659049549912135e-9,-0.01817315888372589,-4.401146782060612e-6,3.013109477866193e-8,8.836501684317934e-12,-0.01662805722208072,-0.00017997166647443295,2.190968898874131e-11,-0.00010016914474842898,-5.446957720512251e-9,-4.618976287281605e-6,-2.388432997437988e-7,-1.3551307349741896e-7,6.1769898493803645e-9,3.554522530161464e-11,-1.4274125182676584e-9,-3.2542573681169522e-6,-3.241210737608084e-6,5.26873305353673e-10,1.6439284757036986e-10,-1.0709809975676317e-10,-0.004760196437825573,0.00019621058369821302,-8.708399337824089e-13,-2.9115582720167545e-12,-2.3774934391377256e-8,1.2804491233649002e-12,1.8697260097824616e-10,-3.227598631263576e-8,1.5788339125281927e-7,-2.512628808542243e-10,-5.233409652077592e-9,0.00021014127726680043,2.9482399089878566e-7,1.1972887303910118e-12,-0.0018458778651114281,-5.594591430645949e-8,-1.7908503682119017e-7,3.7429959256955775e-6,1.632670285270607e-5,-1.2479791808400099e-12,8.103246547850576e-13,-0.0004103865902092215,0.01028335178858016,-0.004435049610652333,-1.0232845729617249e-7,-1.1296028047976825e-10,7.338784425543726e-11,3.0927905962466323e-6,-4.941841183870835e-6,0.005719654656064214,-7.268412671249372e-6,-3.67372018926266e-5,-1.1841082785563542e-10,0.010005144927712248,5.596758351811737e-9,-4.573872698313809e-8,1.0349077547977274e-7,-0.0001232320828770595,-1.1920616904444156e-9,1.1599633021808813e-10,2.876093135402448e-9,-0.007058130613917352,-3.4995776193509327e-13,-0.0002246926741282488,-1.1890071363206614e-10,3.362814402125665e-5,-2.8601803333364327e-11,1.0639661838426015e-13,-0.0002547154275346212,-3.2337324516388856e-8,1.7958071115351658e-5,1.67955745208388e-5,8.435438739887556e-7,-2.448553619050866e-6,3.749668180067461e-11,0.002374258496489917,-0.0017730367512323666,6.0029953028410314e-9,1.1374439538385879e-5,-0.000692215851803853,4.805908824873465e-8,8.08954241346602e-5,-5.604126262629289e-10,-1.6986081178447024e-6,-1.2864058562087652e-11,-2.8341096505615286e-7,-0.005695005585177304,-3.3106276538795877e-13,0.00033478384171960575,-0.006299063981807987,2.89326327966068e-7,-2.984352810077983e-12,-5.1245072407547485e-12,0.0006047603938563398,-0.0015267178170223822,4.959862876632163e-10,1.973811973118676e-12,-5.9129608061045254e-12,7.375068409205732e-13,-3.258186201904876e-8,0.0005249090777857451,-1.798869201750015e-7,-0.0008871601374328167,1.3418345699523633e-12,4.037712774274006e-7,-1.2436570910236167e-9,3.6129923183371415e-9,-0.00023873367090321198,-1.5546127007911089e-6,1.8135422829790214e-11,-4.578392084333703e-9,-3.042831799819219e-6,-2.131623203084893e-6,-3.671681081781823e-11,0.0026298505481751806,5.6600112864865417e-5,1.942137172421218e-11,-3.136343095001479e-8,1.2563958595669426e-7,3.1965786159833675e-9,-4.919328503310378e-12,1.4804547962239236e-7,5.0594346870524844e-8,0.0014600983635680148,0.002797267771739393,3.0018716314844856e-6,0.002774843579316171,7.557540808031159e-10,4.3946832006375545e-12,-2.168109703883038e-12,-1.2665971046994417e-5,6.841144633870587e-6,1.2783515531808217e-6,-0.010398579642891556,2.4269229200423925e-11,-2.8830293423447214e-8,-4.460170383998352e-12,2.8474787329308123e-9,7.210907734298476e-10,9.447050311034425e-12,0.00017140838093046123,-1.3074689728390842e-10,8.746297860345935e-6,-1.9435821826513004e-6,-0.00032826701489081566,-1.3428401798224406e-12,0.0014495215359345518,-4.1320816217402756e-8,-4.968860940322253e-5,-0.007042927439150346,0.0038363424651889,-5.8345891422734424e-8,-9.851648814222388e-8,2.2825285654776825e-12,-4.0034805856088156e-14,-1.5774998261569631e-12,7.128078202412571e-8,-3.209135833367085e-12,-3.9970424585670925e-7,-0.00019928360889542006,8.206336005532045e-6,0.009805949358342893,-5.114597522805355e-7,3.324322124681161e-5,-5.070939299136278e-13,4.371329146184634e-6,7.937322672370951e-5,1.1651601390526246e-7,0.002133136669341871,-0.00592971700245352,0.00031522876007482873,1.4018348835387212e-12,3.867912477881703e-5,4.993136324201476e-10,1.404657300663973e-7,0.01064854582432965,4.849790721673972e-9,-1.584946413116012e-10,9.53136686337333e-7,1.4646253705185381e-12,-1.3945311304486467e-6,-0.0006965982082987172,4.109383051320416e-10,1.270078732691684e-7,9.032435323537897e-9,0.0001746102493153691,-6.103472188190431e-8,0.0500050421205779,-9.972876486554764e-12,-5.460308574907423e-9,1.2076923536478515e-6,4.3380779468829045e-10,0.00016439178722356515,-1.228729866416155e-10,0.001092315332411075,0.000256986732859051,0.011440813908884313,-2.508122197635228e-11,5.071967864862847e-10,-3.982208360348304e-9,-6.804626790659554e-8,-0.002888395531421277,-5.158523827604471e-10,1.6944928849036795e-11,-1.8842098555285207e-7,4.8984265812195026e-5,-6.982229177880829e-12,-1.2716361745425432e-7,-1.1223601645114186e-7,2.478108730788027e-5,2.0841411772017328e-5,6.8285645641218495e-12,3.837436994362357e-13,0.0011452112075228513,2.658803261603417e-6,-1.5115755017476833e-8,2.87469079461956e-10,2.6974590844852456e-7,9.028670473864512e-5,6.016775233195234e-8,1.8554326549399154e-10,-5.161491194853249e-10,-0.008434827324850099,0.00021028007962123948,-1.6227555857496173e-5,-2.3170354775394497e-6,-5.4921999172778346e-6,-5.821723680161855e-5,-2.839243941252455e-12,-1.0181610405183418e-12,-0.012399805007334634,1.4201625899671084e-6,-4.518501722387583e-13
0.0,0.0,0.0,0.0,0.0,0.0,0.0,0.0,0.0,0.0,0.0,0.0,0.0,0.0,0.0,0.0,0.0,0.0,0.0,0.0,0.0,0.0,0.0,0.0,0.0,0.0,0.0,0.0,0.0,0.0,0.0,0.0,0.0,0.0,0.0,0.0,0.0,0.0,0.0,0.0,0.0,0.0,0.0,0.0,0.0,0.0,0.0,0.0,0.0,0.0,0.0,0.0,0.0,0.0,0.0,0.0,0.0,0.0,0.0,0.0,0.0,0.0,0.0,0.0,0.0,0.0,0.0,0.0,0.0,0.0,0.0,0.0,0.0,0.0,0.0,0.0,0.0,0.0,0.0,0.0,0.0,0.0,0.0,0.0,0.0,0.0,0.0,0.0,0.0,0.0,0.0,0.0,0.0,0.0,0.0,0.0,0.0,0.0,0.0,0.0,0.0,0.0,0.0,0.0,0.0,0.0,0.0,0.0,0.0,0.0,0.0,0.0,0.0,0.0,0.0,0.0,0.0,0.0,0.0,0.0,0.0,0.0,0.0,0.0,0.0,0.0,0.0,0.0,0.0,0.0,0.0,0.0,0.0,0.0,0.0,0.0,0.0,0.0,0.0,0.0,0.0,0.0,0.0,0.0,0.0,0.0,0.0,0.0,0.0,0.0,0.0,0.0,0.0,0.0,0.0,0.0,0.0,0.0,0.0,0.0,0.0,0.0,0.0,0.0,0.0,0.0,0.0,0.0,0.0,0.0,0.0,0.0,0.0,0.0,0.0,0.0,0.0,0.0,0.0,0.0,0.0,0.0,0.0,0.0,0.0,0.0,0.0,0.0,0.0,0.0,0.0,0.0,0.0,0.0,0.0,0.0,0.0,0.0,0.0,0.0,0.0,0.0,0.0,0.0,0.0,0.0,0.0,0.0,0.0,0.0,0.0,0.0,0.0,0.0,0.0,0.0,0.0,0.0,0.0,0.0,0.0,0.0,0.0,0.0,0.0,0.0,0.0,0.0,0.0,0.0,0.0,0.0,0.0,0.0,0.0,0.0,0.0,0.0,0.0,0.0,0.0,0.0,0.0,0.0,0.0,0.0,0.0,0.0,0.0,0.0,0.0,0.0,0.0,0.0,0.0,0.0,0.0,0.0,0.0,0.0,0.0,0.0,0.0,0.0,0.0,0.0,0.0,0.0,0.0,0.0,0.0,0.0,0.0,0.0,0.0,0.1174820173717079,1.3937136030472621e-6,1.5309891665173038e-5,0.0021488448412644765,9.833603670486112e-6,-0.00028896740355262117,0.0036585790475207286,-1.5500719516137488e-5,-2.3604260377641044e-6,-0.003705737751282783,-0.00022147683117819446,-1.4332588372908785e-6,-1.6792423992650333e-6,-1.0128994317310939e-7,-8.300876789798206e-5,5.351878170416361e-5,2.3955339112362553e-6,9.741616411480012e-6,-3.0979527096311e-7,0.00039784733131158787,0.0017790061430619794,0.0048155449427459635,7.884485671800382e-6,0.00015042300863078227,3.6679664073124097e-8,-5.13511418401298e-7,8.525061086540778e-6,0.0014462756660454613,-9.898536566119973e-8,-0.015942143976389305,0.0022550448767904236,-0.0007089281003961272,0.012631369627466593,9.921612528322938e-5,8.838589883381288e-5,9.095590651732598e-5,-0.000990149177358908,-1.6661858754505482e-7,-4.0703127889715984e-8,8.655076373535859e-6,-0.0011722664678921846,-0.006571796996373149,3.358443197984188e-6,0.00011545791005869281,-4.820809089419584e-7,0.005645142436399649,0.0018351834675076476,-0.0011711148459419948,-9.948379646142416e-6,2.367280547570848e-6,-0.0024681339803729824,-0.00018373148543048007,2.9115333832982327e-6,-2.0085190848840178e-7,1.5664348998894684e-7,7.353838715715333e-7,0.0014410107610524768,-0.013098378994683819,-1.0724242156887701e-7,-3.932504939175344e-5,7.832692219732266e-7,-0.00860071202192585,-1.076480216531093e-5,0.00014009420455388038,-3.745116623815157e-7,-0.00011663276552581212,0.0076953116809936745,0.002816662565997661,2.3235008551607293e-6,-2.9049577693184778e-6,-0.0020462029540641124,-5.9919893214732975e-6,0.00014425316564323765,0.00015315908260848298,1.8211632644948362e-8,0.0001569941108181228,0.001660382134142707,1.6553689118753054e-5,-4.1897964369438346e-7,-8.124998326607787e-5,-0.02595189222570967,-0.000920616795993248,-0.00017440473266330193,7.78443744068832e-5,0.016455617488316886,-7.981718766038205e-7,6.582902336093798e-6,-6.498232360107813e-6,-2.0126054656055408e-5,0.00015959043123598942,1.3722109895322382e-5,1.0928680141207509e-5,0.00030148264058932583,0.00031604071628540405,-8.805055499203526e-8,-0.008341704532614859,4.397599649395023e-7,-7.52428691569767e-5,7.627740607015159e-7,-0.006325655397943081,3.4871428614303685e-6,3.7942522895427023e-6,6.112754901688455e-5,-2.8275275666807515e-8,-8.49969914486137e-5,-3.851047077629526e-7,-4.005976319230451e-8,3.5863512005455352e-9,-0.0016977804591368413,3.5483876083381424e-5,0.0009464253372378042,-0.021585381091188155,2.7342400911678424e-6,0.001046501381004335,-0.0004627156357772335,-0.00010820801845269298,-0.002720129231010137,0.050152980909338944,1.7553064101484585e-7,-4.2387686635678385e-6,0.01304431769673857,-4.22144848289847e-6,-8.116068128957313e-7,5.3308833723794575e-6,-1.6610418301822853e-6,2.0086799706384352e-8,-2.589746476885125e-7,3.0337060839950595e-5,-3.798288328739706e-7,7.523710633843359e-9,-0.00037463119700572987,0.004209024600752468,-3.1842304724947413e-7,-0.014548563030215341,-2.3023612417134213e-8,-5.405482024632184e-8,-3.682976225401242e-8,3.724022959982289e-8,-2.1641937098789263e-8,-1.8513134110495845e-5,3.203377269898288e-5,-1.0781263182794452e-5,-0.006198188758155783,1.6053242317370254e-5,2.0966100681750856e-6,-5.1784143114342863e-5,-8.09243123957992e-8,0.0006069159311594185,-0.0031077941215883345,-0.01821218909228451,2.008467093549413e-6,-0.0013608968143790359,-2.3720808257935668e-5,3.6088537009363326e-5,1.4564570981991273e-8,1.0033311875884466e-7,-2.620775388792059e-5,8.968069668714629e-7,1.54337090916717e-7,-0.0029233040807704635,8.743195814942459e-7,-1.1722027924317965e-7,-3.7554728291381396e-7,0.0008310717032088587,1.579449214478967e-5,-6.445020601143548e-5,-1.115043385180718e-6,-7.989867652692247e-7,-0.0020636912867000533,1.3348367332903001e-8,0.0010827827800064715,3.4321443987502146e-10,-8.526028233662705e-5,-6.548687473874799e-7,-3.152494358655555e-6,4.854785876415289e-6,-2.2161962586353328e-8,-5.61235092635e-7,0.00011341735510747922,0.009793096693283543,-9.325037203216159e-5,-0.00013954772555764094,3.246240755913993e-7,9.90238745424422e-7,0.00011679998554611027,-1.1445839398987386e-7,-2.7616569269444048e-5,-0.0001991247297895928,9.537425893496464e-8,6.345855828522949e-6,0.005401821270248699,-7.429950839630154e-6,1.5409257120787775e-7,3.8849777865912507e-10,-1.7115648236946524e-7,-1.317622620946512e-6,3.550683099951532e-7,-3.4244232052979723e-7,4.2433914508120073e-7,-1.7676354867785844e-5,-4.229772555252769e-7,-0.0013769259507179822,-2.9609879166207504e-5,-1.4988666691360177e-7,-1.2775139285678991e-6,-2.476760685119326e-8,-0.005674120356407399,-5.644838427790346e-7,-2.219009808166814e-7,0.00928116663808149,-0.01459042363360954,-1.7282684857495156e-7,-6.970133959027334e-5,0.0008557986112164845,-3.7983801887916756e-6,2.4366089680938644e-6,-0.002301898415156281,0.017556051219263142,-0.003146593680858409,-0.0002739271227835229,-4.52133941354703e-5,-2.4125817795185984e-5,-1.7022331315804817e-7,-6.611444220632092e-6,-1.3470423054416879e-6,-0.0013032851950972916,9.55694085300393e-6,-0.0004868904808006271,0.0010174371762447416,-0.0001363185719668452,-4.3933035900286976e-5,-0.00135889870533627,0.0006929119175778991,-0.0026127335508329855,-5.849939807625518e-9,0.016481299201388695,9.630189816968412e-5,-1.540696749827845e-5,-1.063406882048746e-6,0.001435398891421279,5.163749426233295e-7,3.997561881764056e-7,-1.6847880706994268e-5,2.0190502165229244e-6,-0.0003607681708820078,-0.0007968087959974729,-3.554381792093109e-7,-4.985502863211408e-6,0.0042002697918044245,-0.0010297209727313829,0.00023877771577737855,2.388850813087396e-6,-6.079474983151802e-6,-0.00031117958840407424,0.0021877001109813663,4.249457438947869e-8,-1.6431357799310987e-6,-0.0001250693102792786,8.404422922685419e-10,0.0007617408308950674,-0.005096138482305323,-2.7952804836114505e-5,-0.0021281537788857816,-4.1920898254755664e-5,-0.006767478142345282,1.999849412380015e-6,-5.374994823083668e-6,2.401442439289323e-5,3.80904045735616e-5,0.0035938758250221143,0.00018234547737061007,2.351433851865136e-6,2.860434645579236e-5,1.1744537463704032e-7,-0.00015970964326622697,-0.001398424286674601,0.004307958889730007,1.2446001929265921e-5,2.844624728159152e-6,-0.0011536838726091529,4.4866429724209576e-6,-0.0018028968874919133,1.1782199377667334e-7,-1.9470685768876183e-7,4.9899438983659945e-6,-1.106339344043545e-6,-1.0735212154671615e-6,4.305928480256215e-8,-0.002262015831649921,-0.00024270374462188285,0.002143504108490786,5.411867659071804e-8,1.7110617043333072e-5,-0.002375437261471522,8.721703399562224e-6,-2.2146586211327703e-7,5.386019968009615e-7,9.01774922107583e-6,-1.3078863886424675e-5,-0.0006987305004960686,-0.00010606091224278847,0.007743669264142147,0.005109034954158813,-0.0003673936563229607,4.5098140015932355e-5,-0.0016237053937618313,-4.40340073814351e-5,-0.00025335190460901863,0.0001943710546552179,-0.00012136094302604655,-4.747065298115642e-5,-1.4313668406022772e-8,8.812553653173798e-6,3.234982452818435e-7,8.34576859776871e-7,-0.0039172445026210674,3.5125250121457714e-8,7.034311385382443e-5,0.0029653700234900993,0.0030428055786254128,-0.0032289931530494016,0.003324465888614253,6.28988766975605e-6,0.008000818820838406,-2.5216926386127945e-7,4.724852551202729e-9,0.0012200526445784675,-0.003893337880658457,3.268302043784593e-5,6.957565309756794e-5,9.618776966908151e-7,2.4196070771893938e-8,1.0441301829779873e-8,2.394205830931052e-7,1.1878034410612342e-8,-0.0027997157978238915,-4.68630122371977e-5,-6.311906841134332e-6,-1.7395772245297184e-5,-0.00022442657541011944,-2.5446200688562284e-8,-7.105878758492192e-6,1.0547327245303742e-5,-3.1425950127054336e-5,-2.7503973048476047e-8,0.0026564942112321925,0.006627693843772344,0.0006656453279354122,1.1425678234284978e-5,0.002042246092182747,0.00023154736814491275,0.0012832370959236434,-1.1187204005744627e-7,7.537931275287786e-8,-7.66877698349044e-6,-8.59558280567459e-6,1.9333754740697975e-5,1.1502530062418394e-5,3.4705183412363744e-8,-2.0553821148068996e-6,0.04553917078723071,-2.1343679534485636e-5,-4.465488167636881e-6,-0.001300343773182258,-0.0017864220242404776,-1.3468075861952911e-5,1.1215104780691178e-7,-1.1933815284442364e-6,-0.004737581195863097,9.464224503631208e-5,3.012199464423245e-6,0.0023663807327998733,-1.710813337130895e-5,-0.0006777231697244198,-0.0013569227653656246,-6.412897311466591e-6,-0.014936817257532547,-6.099756589492623e-8,1.9411488699016933e-6,-6.727535514187961e-7,6.154196208714171e-9,0.0017369536336083262,4.075444946071507e-6,3.864827035003833e-5,3.517016602242805e-7,-2.8274355047176265e-6,0.0010077490483969033,1.1146902188538278e-6,1.700834245549824e-6,0.0003597699545201157,-0.03425414481972517,4.6237379361132694e-7,-0.0030081965445218775,1.5376438280548008e-6,6.300946058030457e-7,0.002715392820912873,-0.0004990458578861009,0.007666792948323665,1.0320544847210036e-6,-0.0010360384821742532,5.247502485741185e-5,-0.0012670332231720868,-3.482413197591068e-5,-0.000536870377812231,-6.940249207187872e-5,2.505735566314855e-7,6.5947144847708374e-6,0.00010620888031703281,-0.010713199575584207,0.01722621736251683,-0.0013596773646145004,-6.289846388164804e-7,-4.112759735804895e-5,0.0018533374344778038,-4.0431037779348485e-8,1.0369601217134642e-6,8.699901933307893e-5,1.6532191822101588e-7,-0.004463068983575248,1.9700931488711213e-8,1.150841554224634e-6,-3.256748539095459e-5,-0.00019176235177518962,-8.046259409323072e-6,9.892318333467096e-8,-1.5400572028855834e-5,-0.00268531342072802,1.944327246192099e-6,-0.0037518966638178377,0.0006799103007875621,3.742135552601872e-6,-1.672371936320618e-7,0.0003310492866616591,4.876676351278368e-5,-3.0235753612403802e-5,-2.696479187699323e-7,7.892633947589064e-8,1.2585612297108193e-7,-0.02308403946191228,-0.00011161158046489727,-2.7093650739715453e-7,-1.335521479725061e-7,-0.003764136507618065,0.017353954977130905,7.793079677261884e-7,-4.166317699497982e-7,-6.523214305517637e-7,-2.8727757375660412e-5,-2.5845178250570834e-6,-0.0001691091301179302,-1.442612242896613e-5,-6.4531443591745224e-6,2.4930366681888763e-8,0.00034228883352349225,-8.89791730269714e-7,-4.6334383441468563e-7,6.601094902184288e-6,1.9541505260960557e-5,-0.001017619593935993,-4.6403352285973084e-7,-7.19294903621396e-7,5.957659074852449e-7,6.437659908057573e-7,0.00012282803084069706,0.00038778404962069716,0.000675397889024615,4.345270262798433e-8,-0.0016088858356200024,-2.7971628924582566e-5,0.0003954466437885341,2.7348235582541566e-6,0.00012069729757727768,-1.1718739167408485e-5,6.0264190765650595e-5,0.04588399211729352,0.006120111066039548,-2.0252070031303194e-5,0.03118541735379986,-4.133220401594891e-8,-1.4701921499702227e-5,-0.004938393572836631,-1.4849057608241285e-5,-7.831978226984925e-5,-1.2914034924371688e-8,3.517150728768529e-5,-1.095851578186411e-6,1.0350545066466355e-6,-3.771349028727025e-8,9.39884276751931e-5,8.029260163763154e-5,-0.027801518666992035,-0.020915827906479938,-6.085752575150445e-8,-0.0003016482265980189,4.698124331296897e-7,-0.0006585177768962228,7.80649321436954e-6,-1.0263780550686624e-5,0.0009128066917648615,-3.3955729655136275e-6,0.0001207144316032765,7.667956309969944e-5,5.384792969924013e-6,-1.1054032579272994e-6,1.6606116801820325e-5,0.00010849701764515781,0.0017746039610267207,5.3162049540450494e-5,0.008675001732118017,-3.7586036949603413e-6,0.0042272333015097655,0.0003862171701288417,-0.00034542919279791215,1.1137883047059272e-7,2.6519415150852195e-6,2.9799860927619343e-5,-7.3765252204525875e-6,-0.00011635042749502837,-4.2699684200252145e-5,-5.487230573674154e-6,1.2727919726067562e-6,-8.998569043717412e-8,0.0011689735218422758,-3.026221410681633e-7
0.0,0.0,0.0,0.0,0.0,0.0,0.0,0.0,0.0,0.0,0.0,0.0,0.0,0.0,0.0,0.0,0.0,0.0,0.0,0.0,0.0,0.0,0.0,0.0,0.0,0.0,0.0,0.0,0.0,0.0,0.0,0.0,0.0,0.0,0.0,0.0,0.0,0.0,0.0,0.0,0.0,0.0,0.0,0.0,0.0,0.0,0.0,0.0,0.0,0.0,0.0,0.0,0.0,0.0,0.0,0.0,0.0,0.0,0.0,0.0,0.0,0.0,0.0,0.0,0.0,0.0,0.0,0.0,0.0,0.0,0.0,0.0,0.0,0.0,0.0,0.0,0.0,0.0,0.0,0.0,0.0,0.0,0.0,0.0,0.0,0.0,0.0,0.0,0.0,0.0,0.0,0.0,0.0,0.0,0.0,0.0,0.0,0.0,0.0,0.0,0.0,0.0,0.0,0.0,0.0,0.0,0.0,0.0,0.0,0.0,0.0,0.0,0.0,0.0,0.0,0.0,0.0,0.0,0.0,0.0,0.0,0.0,0.0,0.0,0.0,0.0,0.0,0.0,0.0,0.0,0.0,0.0,0.0,0.0,0.0,0.0,0.0,0.0,0.0,0.0,0.0,0.0,0.0,0.0,0.0,0.0,0.0,0.0,0.0,0.0,0.0,0.0,0.0,0.0,0.0,0.0,0.0,0.0,0.0,0.0,0.0,0.0,0.0,0.0,0.0,0.0,0.0,0.0,0.0,0.0,0.0,0.0,0.0,0.0,0.0,0.0,0.0,0.0,0.0,0.0,0.0,0.0,0.0,0.0,0.0,0.0,0.0,0.0,0.0,0.0,0.0,0.0,0.0,0.0,0.0,0.0,0.0,0.0,0.0,0.0,0.0,0.0,0.0,0.0,0.0,0.0,0.0,0.0,0.0,0.0,0.0,0.0,0.0,0.0,0.0,0.0,0.0,0.0,0.0,0.0,0.0,0.0,0.0,0.0,0.0,0.0,0.0,0.0,0.0,0.0,0.0,0.0,0.0,0.0,0.0,0.0,0.0,0.0,0.0,0.0,0.0,0.0,0.0,0.0,0.0,0.0,0.0,0.0,0.0,0.0,0.0,0.0,0.0,0.0,0.0,0.0,0.0,0.0,0.0,0.0,0.0,0.0,0.0,0.0,0.0,0.0,0.0,0.0,0.0,0.0,0.0,0.0,0.0,0.0,0.0,0.0,0.11675236648590477,2.0445377665145043e-9,3.304313258781118e-6,-3.472935420289441e-10,2.839485922565682e-9,8.04317630296443e-6,3.4946621709248336e-10,0.015318821609527643,1.42725966755416e-5,1.9336208507791025e-7,8.446722544235288e-11,-0.00018256492600089274,1.3178076288807207e-11,0.002439759352546202,-2.0367848847034583e-10,-0.020854259328231796,-9.30872314240265e-10,-8.244223864221925e-12,0.0002150214968399476,-1.1354615160957113e-6,6.559198214296627e-5,0.0016314191588891736,-0.0004208395904081793,-2.9668869778717614e-12,0.00818966444999793,-0.030401566036753928,-1.1262254652229744e-7,3.754596007622353e-12,-2.785654805306691e-6,9.575604037268243e-6,-0.0004946046230995015,-1.4243782174479575e-6,-3.6109881011548467e-9,-3.244719521734406e-9,0.0018887265432390497,1.1192821011732687e-5,-0.024902573991771045,4.780960542380737e-12,-0.0075549730966330145,-1.4950556186188956e-8,-3.7383088037083914e-5,-1.3778404889885346e-10,7.886332413008559e-10,0.008467809952201245,1.6715887783690814e-6,1.0982386616821114e-7,-8.952048560595033e-5,-1.9857022473037032e-9,-0.009443991644655926,-1.5312694220837757e-6,7.099299545293075e-9,0.001107758280105804,-9.742712122196263e-12,-0.0009644578114113897,5.901874429549039e-11,6.047626804622257e-5,-1.2878898732347784e-7,4.166034273299235e-12,-0.00011366931717530417,0.009726141019002993,2.3909496830847863e-7,4.926089603748837e-10,0.0004241772277634488,4.230039462390759e-12,6.560087573011214e-9,-2.730227148156302e-8,-1.0113961325572947e-7,0.03840679658602129,1.0098738166570053e-10,5.1391549030329967e-8,-0.027556281626850934,-3.123105900322508e-5,-8.710606409005445e-9,-3.9847528965685455e-12,-0.0004208461768451442,-3.23027374284107e-7,1.5045749785829453e-9,1.837941574060316e-12,1.4227889987350605e-8,-2.890967845792743e-6,-9.759748483821841e-5,-2.6845092820662445e-8,-3.2080498449625282e-9,4.406145278550432e-6,-1.109489171680792e-11,-6.765100011683431e-11,5.896378149285516e-11,0.0005920289784735385,-0.0001558390563048386,0.0027171956799672756,0.0008250724125511399,-1.4804414710953285e-8,-8.60531139536956e-9,-3.0290173277450066e-12,6.491310508122715e-6,-1.1658399295768622e-11,-0.000576979358339979,-1.617175610217047e-11,5.834646815115594e-7,1.0894277138503311e-9,-2.145059612257308e-10,-2.135858572056692e-9,4.456338942636875e-12,1.8902419014730826e-9,0.0035078777823015837,5.149464319598424e-12,-1.0680358207887488e-12,-3.3842690553258635e-7,-0.0002335549878627795,-4.9496868923755895e-8,-4.486538118578961e-6,0.03560114279195055,1.0233803880985408e-7,1.2098022454779922e-7,1.7275473538267464e-8,-6.963944270420755e-6,1.7186876384245384e-6,0.0007981872386957157,-0.01613913031331943,3.8070700021721995e-7,-0.009405372782779534,0.01235557035046821,3.0938427667977356e-9,8.430853660359707e-11,1.8124334624897279e-12,-0.006815501351849211,-6.818264417947448e-10,0.0009268829494028366,7.39507782631207e-12,-0.0002980852552424611,-6.54443857333673e-7,0.0010443380593904213,-2.0294457923474663e-7,1.4231721188927776e-12,-3.970171360552753e-12,2.322398935968409e-12,-2.6412502595189574e-12,7.228981997727552e-12,-0.001663564427925785,-2.679648829295864e-9,-7.814423368027819e-10,1.0782976365222935e-5,-3.869196437874061e-10,1.0054121460771308e-10,-2.2083551189093187e-8,0.00843094968275249,-4.219745589580007e-9,-6.131690288558704e-6,3.3794674366140273e-6,-7.15671298576956e-13,-4.261133131860918e-5,-3.0564827478579754e-10,0.0036725599571717136,-2.108545451819753e-13,-4.7166524617093174e-12,8.614585160995768e-10,-0.013008002322479152,-7.944592706553094e-11,-8.465557122549358e-5,-0.013692708146564977,6.595861781325915e-13,-0.010755181467068182,9.832626411607018e-5,-0.001128976177350801,-4.439244086074659e-9,5.102938156642123e-11,2.934193318021572e-11,1.0232974330965785e-7,-1.5520660458896915e-12,-1.3511308461196315e-5,3.695932045082029e-13,9.456088895107932e-5,-1.2243958597079646e-11,7.515712050742344e-10,-2.6389607455398497e-10,0.0007447897600776016,0.012186101436543716,0.0006788603499967273,-4.39649953482909e-6,-4.135473359289049e-9,4.3899681863394436e-5,-2.378219742423315e-12,-0.004953912659817312,-8.113842319996445e-10,2.0855898684446915e-10,5.496905336517227e-10,0.00024842544083818,-9.3909153191891e-13,-0.020572807961526707,1.6960561197918146e-6,0.00032332770672118764,-3.7769549751826424e-11,2.7965045353945586e-12,6.600833967737882e-12,-0.00630096890133631,-1.972444767250864e-11,-1.0218435078854079e-11,3.175924786947287e-11,4.6468651582155083e-10,-0.005434007825635032,-1.8701202473750308e-6,-0.00015552005422048677,-1.2512340165198734e-11,5.908796117903482e-11,-9.943870450583736e-13,1.2133282226017227e-5,7.324067158736446e-11,0.00441584723326173,5.645804834981414e-7,2.051479333426487e-7,-7.971815875600045e-11,0.0020113770254930772,0.00011724464525474276,1.242400691165024e-10,8.562563073527532e-12,1.0523369898844609e-6,-1.0438310403358592e-6,6.39541570721844e-7,3.6632001806232553e-9,0.0006881866053764085,0.0013010044005913961,4.424783791566747e-12,-8.579370251347701e-12,-0.00857291760846994,2.5670058303300894e-7,-2.606136236840445e-10,-3.868442525970469e-8,-2.1518142019963734e-6,-3.2371703972181934e-8,-0.0006491474896006994,2.4954342092475744e-5,-6.807641701558197e-5,-8.746283272102017e-6,4.300328778369453e-12,-1.0907764613586933e-6,2.045881005154914e-8,-0.0035523200498568394,-0.015515745816311445,-2.3904917113044384e-7,-2.033238941641212e-11,0.003799562470740692,0.0036062766903734024,-0.000937778825462943,-5.273525462896102e-5,-3.5469187823075054e-5,1.2168840419659793e-11,-8.363714684941446e-10,7.792377488432319e-5,7.024276661401989e-8,0.00016193693713050978,-0.0007284645316472374,0.010830519351041186,0.0001960981238793282,4.517887490448589e-8,-0.002734961608982866,0.002153263073650222,2.440836315691431e-8,-1.2972960551065113e-11,-6.417822619938261e-9,4.2100627618787993e-7,-0.0010136215154738135,-1.804449412200058e-5,9.64079710192249e-5,1.4588819138501342e-7,0.06397552574179124,-1.889109394427908e-9,-3.3070524105770063e-9,0.002434374233443511,-1.1254179028876248e-8,0.00018528042454968833,0.011070174159168637,-0.0009938154993348672,-6.7037218075060524e-12,-0.00020015123753980792,7.202043608488666e-8,1.3182115505079224e-8,0.016922261328164972,-0.0401533356748632,-3.791656266046266e-5,0.005521052646841711,-2.4778498198925177e-7,-7.41308497760007e-12,0.004167900664300642,-4.1157483356635573e-10,2.1666992948654447e-11,0.0025597635505087138,-5.461755225011477e-12,5.403080945548266e-7,-5.6751501259307986e-5,1.993407827754162e-5,-2.098266423457602e-12,7.58045775996539e-9,-5.987749232604649e-6,-0.01089654525736682,1.118046862984874e-11,-1.7634258986256385e-10,-0.0026992692193391152,5.318269209718067e-10,1.5292405045009762e-5,2.033221799776995e-9,-4.4392621610850615e-7,-1.818260049910586e-7,2.2626692179233486e-5,-0.0019172414744788049,-2.986409622187313e-5,3.037848559802615e-9,-2.849199797248618e-9,-8.745966963462313e-5,8.295829927529361e-5,0.0005458104192464879,7.477043394816583e-13,-1.592874392662868e-10,0.004433847079756399,-0.002812047287953876,1.0213140427843474e-6,-0.0029426537607924654,-0.0007463888514579244,-6.5772192533444804e-6,-5.252981073474511e-7,-2.9452661772478516e-6,1.1252994848529696e-5,-3.943791690667531e-10,1.6352666437191573e-7,0.007013562508066304,1.2693646408899532e-12,7.152667984285729e-8,-1.6224552937562038e-7,-1.2271344539576819e-8,-2.3991187591723617e-9,-0.0027867097235304847,-0.0029929522694417655,-1.5190292872896573e-12,3.3092554592031714e-13,-2.3749975355437394e-13,1.7600815305806727e-6,0.0008018472932362729,0.000263149967296876,2.692505672434745e-9,5.771664910525022e-9,-2.9211061602938064e-12,-1.6035041296413205e-8,2.0667197598860877e-10,0.0004213486712420244,3.794086789032834e-12,4.757959931191715e-5,8.564816066504023e-9,-4.6603242024111066e-8,-3.7586509791364934e-10,-2.832970365397115e-6,0.00011903733782956764,3.681754284718205e-6,6.466601685352492e-12,0.00046852720825473675,2.9266178811505433e-11,0.0034527961756362284,-1.124007954907473e-9,0.0014221760262618382,-0.0001009204379859966,-9.748317804795954e-11,-4.883633895898431e-7,-1.2730168857826379e-9,-6.859123330675868e-10,9.559899077203824e-9,8.075449492303868e-8,0.0008962476779512375,-1.0035014630241765e-11,1.0578810809169436e-10,-9.337239648649795e-6,4.608141440445278e-10,-5.361186339172766e-11,-9.684073784241124e-7,8.389536715306478e-10,-8.84214250687506e-5,7.003028913289975e-8,-0.0005866946002164423,-1.0606642504703678e-6,4.09012887014691e-12,0.03824104941346955,8.040628502411038e-11,-2.798325145555435e-13,-1.5830518367484406e-7,0.03797249530666069,-0.0009633351092394465,-3.2360349756777054e-11,5.344458897734072e-11,-3.376775413349592e-5,-0.030204835964647982,-0.008422228605682416,6.105341425293268e-6,-1.4809536032118879e-6,-1.694776129599864e-12,-6.513105319332436e-9,-6.622448286336279e-11,0.004706118138426327,1.1801190358291589e-7,6.30624115573307e-5,-2.0736960416112422e-5,-4.796823574130434e-11,1.0556028140479447e-7,-0.000821446805863345,2.987368551225712e-6,2.4114542277709017e-9,3.561565336394441e-8,0.0004983877211166847,-1.512410782861907e-11,3.480984760056644e-10,0.00014520685519276647,-4.965102020485503e-6,1.3367181781237948e-6,8.037023243885725e-6,-0.008082714602527888,6.530156197086911e-9,4.094573569586872e-6,1.3942005875945221e-12,1.1619736280687133e-11,-2.8817471755436247e-8,-3.848003404925154e-11,1.6751812082339298e-6,-0.0050966021520137015,-0.008794585455029752,2.1674044783038028e-9,2.5172841642848534e-8,8.368657310110653e-10,-4.520305382095473e-12,0.0015225368043974843,2.9324549166577585e-7,0.029154909997239138,-2.8495869301252964e-5,0.00014178569488697984,0.0012040379441948456,-1.0162291253011001e-10,0.0001161694717932303,-1.2052460290710915e-9,4.607969749388518e-9,2.627771415705151e-10,-0.0013283071968636386,-5.0816407134229326e-12,-1.9642007944507884e-7,3.8409733146642265e-9,-3.4021251329813775e-12,7.045530128050292e-12,1.725572303146718e-6,8.655990746541385e-7,0.00853915256509429,0.006619047612068706,-0.0022446470303012366,1.2191210018589976e-9,0.00322682093910146,1.7005517483491146e-8,3.569327675930862e-10,4.420796541550402e-10,8.235807766145107e-12,6.231819514106897e-8,8.707044835822871e-11,0.0069545873770457765,-9.221238633050984e-9,9.249074444530124e-12,1.933152001925519e-8,-7.121659871957334e-12,9.052473179990916e-12,5.209161333692121e-11,0.0016491894048160478,-5.89355931450152e-9,-2.901223407382899e-5,-2.1906434346435305e-7,3.2462103319729665e-12,-1.73572542555554e-5,-0.00018072327292006687,-1.761446966899036e-8,-0.0188474212635799,2.2020782567647884e-8,2.8380358744926017e-10,-0.00033649202745833343,1.1467765785010618e-6,2.5054802461300332e-6,1.2185392544209675e-9,2.5164593285316176e-6,-2.6980857411649855e-12,0.0007460830712716436,-2.5216184360227938e-6,6.7258400526512475e-9,-3.1983855234737517e-6,-1.1131215795001005e-11,0.002002214237158833,1.6295448235067324e-11,-1.502127441692773e-10,3.092322870968504e-12,-7.546551063197655e-5,-3.1758203058953525e-5,-2.1971507351924307e-6,-1.1022837616398661e-6,-2.6923747248785212e-12,-7.648754424142371e-5,-0.005299363434709879,3.2293004080101065e-8,6.598995530589701e-12,-0.007632379011298495,3.2044167217435956e-6,2.7344353650128557e-6,-5.683973075436265e-9,5.05996715498705e-10,-0.005226999897211245,-0.013064428839131994,-2.0543780189378357e-10,-1.54592905844724e-8,-8.701473587889739e-7,-0.0004301409856922736,-9.540459893275051e-8,-3.318276299221461e-13,2.1270842128286056e-7,-1.8759377472305733e-5,3.1457179337941526e-6,2.671762911828173e-12,-1.3694921601047362e-10,1.4394522522494115e-9,-1.9814427035746728e-9,-9.431030892862634e-10,3.067744677590274e-9,-0.0086110661951929,-0.01308874495187853,1.5427781704269622e-12,-1.4387418161052751e-8,-0.0034438374707430565
0.0,0.0,0.0,0.0,0.0,0.0,0.0,0.0,0.0,0.0,0.0,0.0,0.0,0.0,0.0,0.0,0.0,0.0,0.0,0.0,0.0,0.0,0.0,0.0,0.0,0.0,0.0,0.0,0.0,0.0,0.0,0.0,0.0,0.0,0.0,0.0,0.0,0.0,0.0,0.0,0.0,0.0,0.0,0.0,0.0,0.0,0.0,0.0,0.0,0.0,0.0,0.0,0.0,0.0,0.0,0.0,0.0,0.0,0.0,0.0,0.0,0.0,0.0,0.0,0.0,0.0,0.0,0.0,0.0,0.0,0.0,0.0,0.0,0.0,0.0,0.0,0.0,0.0,0.0,0.0,0.0,0.0,0.0,0.0,0.0,0.0,0.0,0.0,0.0,0.0,0.0,0.0,0.0,0.0,0.0,0.0,0.0,0.0,0.0,0.0,0.0,0.0,0.0,0.0,0.0,0.0,0.0,0.0,0.0,0.0,0.0,0.0,0.0,0.0,0.0,0.0,0.0,0.0,0.0,0.0,0.0,0.0,0.0,0.0,0.0,0.0,0.0,0.0,0.0,0.0,0.0,0.0,0.0,0.0,0.0,0.0,0.0,0.0,0.0,0.0,0.0,0.0,0.0,0.0,0.0,0.0,0.0,0.0,0.0,0.0,0.0,0.0,0.0,0.0,0.0,0.0,0.0,0.0,0.0,0.0,0.0,0.0,0.0,0.0,0.0,0.0,0.0,0.0,0.0,0.0,0.0,0.0,0.0,0.0,0.0,0.0,0.0,0.0,0.0,0.0,0.0,0.0,0.0,0.0,0.0,0.0,0.0,0.0,0.0,0.0,0.0,0.0,0.0,0.0,0.0,0.0,0.0,0.0,0.0,0.0,0.0,0.0,0.0,0.0,0.0,0.0,0.0,0.0,0.0,0.0,0.0,0.0,0.0,0.0,0.0,0.0,0.0,0.0,0.0,0.0,0.0,0.0,0.0,0.0,0.0,0.0,0.0,0.0,0.0,0.0,0.0,0.0,0.0,0.0,0.0,0.0,0.0,0.0,0.0,0.0,0.0,0.0,0.0,0.0,0.0,0.0,0.0,0.0,0.0,0.0,0.0,0.0,0.0,0.0,0.0,0.0,0.0,0.0,0.0,0.0,0.0,0.0,0.0,0.0,0.0,0.0,0.0,0.0,0.0,0.0,0.0,0.0,0.0,0.0,0.0,0.0,0.0,0.11575347654969212,8.744815422884716e-5,0.004616825510926551,0.005839194620503559,5.807212264475921e-5,-0.0035756810908531933,4.521704218692454e-9,-5.342120888301903e-6,0.00010125683503092161,0.000604653378609695,-5.786522163912912e-7,-2.9267936108043552e-5,1.516723946044832e-7,-0.022122443130489316,-3.95495840374564e-9,0.0067588752494157,-0.0004339332201946466,5.986593856287751e-7,0.0002841695515523171,-4.7476711197794425e-6,-8.949233271073314e-10,2.095261773172271e-8,5.96230426844242e-5,-9.920142269476103e-10,-6.390431350680876e-9,0.001135319413336317,2.8741874421672753e-5,-7.664525503239548e-5,-7.456507395136753e-6,1.3032788691080043e-6,-7.686314997711262e-5,-0.013273169272067509,0.010267123432140415,-1.0295756824865407e-7,-3.63247867340644e-6,2.44747212891788e-9,3.5353652487599234e-5,-6.003984726375983e-8,-1.99956276607797e-5,-2.08705254455366e-5,0.00296837449611708,-0.006669318914431035,-1.2674540458405525e-9,-6.626918682294579e-6,0.0020307403486694675,-1.7347176219262817e-6,0.0004769155618939756,-5.1669820374521475e-8,-1.7169957485120247e-5,0.020397850233439322,5.880991551336028e-7,-0.0008300011443475657,-1.226810867743901e-11,0.0003945427714146262,1.2218237381213672e-5,-0.00014228641464651405,7.186154802503456e-6,9.477805914096503e-7,-2.110120913629674e-8,-0.00014512336627594803,0.005541168162825656,-1.422813427828415e-7,-0.00029378889604796696,0.005133468154167653,-1.6742708085583843e-5,-0.00016531211397155854,1.8270120710632654e-9,-0.001461514739188662,-0.0003810141904712378,4.076276528359864e-9,6.8581531764661386e-6,0.01428907394235272,-2.88827912927819e-5,9.149992148152482e-7,-0.0016621476972642588,0.05968048499585869,-0.00037195008384800267,-0.006413393576271819,4.471220399759165e-5,3.6133313075799634e-6,0.0008477273467967873,-0.016162621528850663,0.0001850795771487773,-3.7648874521754766e-5,0.0051233599977490545,-0.0007524363330257984,3.379642906566225e-8,-5.167019602746106e-6,-2.5365325744939097e-8,3.639365528342252e-8,-0.027511911468148263,0.0018444528789552672,2.848691949290943e-5,3.174285668360821e-6,7.117984901735631e-5,-6.656991488142215e-8,0.0003393475789462801,-6.635393636326266e-5,0.02159073452924704,-0.0023044968106176763,0.0008146579048569664,-4.43997889518641e-6,-0.00016829905903929744,-2.6326188053682086e-10,-6.130598501370444e-5,1.8615536701535252e-5,0.0008024620783946863,-4.527716208446267e-7,0.0015723921870028754,-6.0314341739797145e-5,-1.3873648819644012e-9,0.0003601766446290718,-0.0009624076826163455,-0.008792208916003892,-2.3935949973193274e-6,-2.1092387679059435e-5,-3.277155728300597e-10,7.297520651465434e-9,0.00012620524158558105,8.956319282576579e-9,-3.727349206495192e-10,-0.00514985522206418,0.00046869637960632364,0.00018464196712717225,7.131206998379154e-11,-0.01434147539065139,-1.1602806383135436e-9,9.142191857457513e-5,9.351200543957379e-7,-0.0001397850649571855,-2.600636492183112e-9,-0.00024643281928019635,-2.781208660404292e-7,-0.0001155213868907794,2.9287427427657683e-5,4.12672993951893e-5,7.743083119411685e-5,4.5401600732226456e-8,-0.011200780641410767,-0.04427457199802065,-2.2270049438569587e-5,0.005383525540940576,0.0007382406814930446,0.009926630729412522,-1.6613408032525265e-9,-0.004925822590683207,-1.3703448763405582e-5,3.066502187986146e-5,0.001190353882246008,-6.817481129993152e-8,-0.02728165973850054,-1.6301089799911822e-7,-1.676300115672599e-5,5.204083248166999e-5,0.005879700076771648,9.815413058660525e-9,-0.00328134116816273,4.5272734106200474e-8,-2.851564717135612e-9,-0.00012800448354725175,-5.1040859567082055e-9,9.868837861789764e-6,6.812637315921154e-9,-0.018262817193625568,0.00028006975120908217,0.0005515715979967375,-0.0005693154675316847,-2.4247584160164567e-5,-1.639054182108568e-5,-1.7570366128272844e-5,9.61215589923261e-8,-0.0004239205627437972,0.014593938682595375,0.005193148081719433,-3.1600043219016834e-10,-3.127124232109258e-10,2.1438577073452747e-7,-3.0026351189774635e-5,-0.0035640288730625193,1.56500344951203e-7,5.245254144716142e-5,-4.218479831370788e-10,-0.034077905459267414,0.004749637592374726,-0.023984108524971712,-6.05299417375378e-8,5.181267037594384e-5,-1.3858459756455903e-10,0.00011227289543428096,-6.214566045441827e-9,-0.0003201943970352216,-1.0017058946370322e-6,6.95421887529232e-5,2.4466631618166416e-9,-0.0003383263429781745,-0.0006561712128715442,0.00016410265294440743,-0.013419112523625057,2.811639803443002e-9,-1.7392116638725387e-6,7.379245463651259e-7,-0.0005827945842332567,-0.0002881427653914815,1.5745641694988618e-5,3.0681793381359795e-5,-0.0015970916364172246,4.999703184256662e-10,1.4455212273403578e-5,-6.018558414584465e-5,-0.0001241715181845958,2.4733010694041213e-7,-1.0367342258190177e-6,0.0009376712663357623,0.001216280066026576,1.3704598600153393e-6,0.0001813161905715833,0.0009995074915530229,-0.007530514817418764,3.4105964039465396e-7,2.99590377741379e-8,-2.8150083327383527e-5,0.0005215409312774452,-7.847315998506637e-9,0.001715068851876267,0.0027366118424676025,-0.0029163358298834392,1.4980014821279324e-7,0.002997704223364579,-6.137121916008118e-8,-6.960030465665573e-6,-4.63189910641817e-6,2.1028632853284767e-5,2.634432646125835e-5,-8.11114935770071e-5,0.0030341611233072204,1.9301472683608432e-8,1.653383254582449e-9,0.0013815273283435518,7.742575557745463e-5,2.618061042355584e-10,-7.2612499282961885e-9,1.3382532281800045e-9,7.202364821978439e-7,-2.0133734606079626e-5,-0.00034148508413629536,-0.0007651978337924125,-7.669305014733027e-7,-0.0019364200499668914,9.524950005026596e-7,5.016887763612194e-8,1.4292438166592636e-8,1.2772703656554616e-6,0.0018903734155949943,1.5337236570376418e-9,-3.824508607536345e-8,0.00129339234710632,-9.760843960866963e-5,-0.007259126098877408,-0.00011666207304857095,9.685220685504772e-8,9.317228001232895e-6,1.1510660522059186e-7,-0.00018569508564108062,-5.652326508921434e-9,-0.0030056087088207195,-0.017999003072272805,-1.2554147388981613e-7,-0.00035708705363699666,-3.389265223293393e-7,-2.3069269574037974e-9,-5.7122923402694015e-8,-2.0222209876676944e-6,4.152053569698768e-7,0.0010044992757231798,-0.0004186932288444309,-5.292867971217921e-9,-6.912089885295341e-9,-1.1766236954178504e-6,3.522700001699519e-9,-0.00014576949030801304,-0.00017022862406928878,-1.131336501557849e-10,0.0050586972696598145,0.0008194015606336044,-1.0884887900924612e-9,3.657723037523024e-5,0.0013470915745878974,1.852671628672265e-7,-1.982503231383799e-6,3.07708368880073e-5,-0.01802688153574855,-7.503164932161998e-5,-4.938542774280842e-9,2.3479991612902572e-5,-0.0012665751383280361,1.267784528568713e-8,0.00509692075924822,-2.0225523229552016e-6,-0.012839466824265896,-0.00022687102926782963,0.0005704702393929645,6.044782640689699e-6,2.8150280687739788e-9,-7.567334918056866e-7,-0.010158451653479077,0.008176657921829814,1.4911388939326929e-7,-1.9753865036972396e-7,2.080652126274964e-7,-1.428296838711198e-5,0.0019863624213233635,-7.810535057683454e-10,3.9506738131656514e-10,1.4761723314767654e-5,1.1911245433670028e-9,-3.8937813084936e-7,-1.9303651723588187e-5,-3.996788066240165e-5,3.490496630714536e-6,-1.0794834338886707e-5,-0.002559971052904094,5.595485920671307e-6,5.946302820539658e-10,2.5781309456555195e-5,-1.4960919710888598e-5,-0.0001288668701689474,0.015758530840685295,0.029753185646406565,-1.8170702560791134e-9,9.031663210975515e-10,3.523704259541378e-6,0.0001354436329060475,-2.376677880264022e-6,4.928171529106144e-5,7.171593338883393e-8,3.139688506158035e-10,0.05994105737410795,0.0015105298118026846,-5.193662478019906e-5,-0.004813669793844848,0.012308321791016798,2.285947652000835e-7,7.76821952019261e-6,3.869976656671352e-6,4.3826519634161956e-5,0.0008355106456816178,-0.006034298392223794,9.6727986433513e-7,5.773513918844637e-7,-8.137438144041376e-6,-0.0002785320929952544,-2.583837281845737e-10,0.002185309956918128,-6.754633209221882e-8,-0.004637412501198534,-3.851498541945968e-8,-3.082734425876886e-10,-0.0064974891983296005,-0.00013165252888436155,-0.014448650397172056,-0.03317537914871935,0.0003879829758596051,-0.0004956189127750624,3.237248692063338e-8,0.00030196923506880933,-0.0013847189689593345,2.8764537074630955e-5,-0.010532149932638188,0.0010419895818770538,0.00013370278318303693,0.007072984316394451,-3.450445645269615e-6,-0.0027988480226162856,-2.6351685969793835e-8,-0.00012980564712258805,-4.457269554912266e-6,-4.1283917384455554e-10,-0.0005455146622945994,1.1807204258280967e-6,0.0008761893379259523,-6.600918916232368e-9,-2.78681993246437e-8,0.00032146386464637384,0.0004473063212495322,-3.059340468299673e-6,-7.248693702855302e-10,-1.5073563388909645e-8,1.045405241261259e-6,-7.415662345807549e-5,0.0005527632102679213,3.10799735049695e-5,-0.00031645673363291376,2.0103169575278984e-10,2.942261049709316e-5,1.934030948689097e-6,5.636002600061466e-6,-0.0007983986903906813,0.0007542632104406355,-6.0995782822448995e-9,9.167681632283163e-6,-0.001623753934750463,-0.00016493250128346028,1.7995292324009597e-7,-8.535897215584101e-5,0.010087886894101571,9.86335190815116e-7,-2.215500309209323e-6,-1.9590585109352676e-5,2.4834059040488705e-5,-4.6351255657646705e-9,0.07199444768896217,-2.9502355737228594e-5,8.890053353510693e-6,-0.0001650934916142631,-0.0012564640535374636,-0.0005309827767863654,8.418123587332301e-7,-6.842937335703209e-9,1.2419512049897162e-9,-0.005067761915712241,-0.0017769659202438275,0.0104745807932351,-4.771177840964938e-6,8.41596136170461e-10,0.0008800009606719989,2.832854097118186e-9,9.486326939334411e-6,-6.680155939623759e-7,-1.0250437911534052e-8,-0.003419722071583624,4.5924929734320804e-8,-0.0054731130340598235,0.00810497962115166,0.0009410469150203756,-8.199873131544989e-10,0.000356103624906715,8.677409272631048e-5,0.030317650458147972,-0.0006046097606409777,-0.0003426579743430411,6.289174443338483e-5,0.00012679167380645522,4.225774199048773e-10,-6.786868671978617e-10,-1.2441346861684799e-9,0.002266743948280326,6.480014205173753e-9,-0.00019006434340172108,-0.00910398704526896,-0.001381147240860728,-2.0839130227166204e-5,-0.000452094642723704,0.0011643259793688496,-2.844371152327643e-10,-0.003748086208377681,0.014820423908398453,0.0007176843879750681,-0.00019995647231943697,-0.0005420191896910768,0.0009980747246324225,-7.842202575272433e-10,0.007007222671465916,-9.646483323016757e-7,0.0011652926162413824,6.409910568242182e-5,-8.936072290274555e-6,1.456526605364343e-7,0.0012798359986068663,-3.308407421860218e-9,-0.0037031463134949566,-0.0005895037055736428,3.8380674594106344e-7,0.00013975094004718314,9.218228384023487e-6,0.014932324501785103,0.00010340041021459796,4.998892550860715e-5,3.222211500661959e-8,-1.0396663236840997e-5,-0.004206729672759324,3.8799339126362576e-7,-5.927468107893517e-5,-1.1126594570194204e-7,-0.000535547075430296,-7.07909560283234e-5,-1.4001536365951142e-5,-1.1953464737003823e-8,1.972481555690358e-6,-6.843220495414648e-5,3.693228447525246e-5,-3.6660326177867286e-5,9.393130746748237e-7,5.567560659902595e-9,0.000205805418595515,-0.0025263393408292696,7.78282107746975e-10,0.0001274603882918051,8.161731389344844e-5,-0.006866904913648023,0.02713133752028261,-1.6024877917661096e-8,2.056879795282709e-9,0.008569489407644503,0.0011070743447208313,9.884271935182698e-5,-2.5331008224963815e-7,-0.0001054630466590961,-1.923650064043023e-5,-7.945894669127543e-5,-1.0103309803436836e-6,-1.3456942668719078e-6,0.0002506042711018801,-0.0013592306945903138,-0.0046724451114820535,-0.002634322803710561,-0.009634066070378757,0.04190519915045592,-1.7689496399985468e-8,1.6634938200653123e-10,-2.5888892849187386e-5,0.0006937287478674383,-4.277191747219334e-10
0.0,0.0,0.0,0.0,0.0,0.0,0.0,0.0,0.0,0.0,0.0,0.0,0.0,0.0,0.0,0.0,0.0,0.0,0.0,0.0,0.0,0.0,0.0,0.0,0.0,0.0,0.0,0.0,0.0,0.0,0.0,0.0,0.0,0.0,0.0,0.0,0.0,0.0,0.0,0.0,0.0,0.0,0.0,0.0,0.0,0.0,0.0,0.0,0.0,0.0,0.0,0.0,0.0,0.0,0.0,0.0,0.0,0.0,0.0,0.0,0.0,0.0,0.0,0.0,0.0,0.0,0.0,0.0,0.0,0.0,0.0,0.0,0.0,0.0,0.0,0.0,0.0,0.0,0.0,0.0,0.0,0.0,0.0,0.0,0.0,0.0,0.0,0.0,0.0,0.0,0.0,0.0,0.0,0.0,0.0,0.0,0.0,0.0,0.0,0.0,0.0,0.0,0.0,0.0,0.0,0.0,0.0,0.0,0.0,0.0,0.0,0.0,0.0,0.0,0.0,0.0,0.0,0.0,0.0,0.0,0.0,0.0,0.0,0.0,0.0,0.0,0.0,0.0,0.0,0.0,0.0,0.0,0.0,0.0,0.0,0.0,0.0,0.0,0.0,0.0,0.0,0.0,0.0,0.0,0.0,0.0,0.0,0.0,0.0,0.0,0.0,0.0,0.0,0.0,0.0,0.0,0.0,0.0,0.0,0.0,0.0,0.0,0.0,0.0,0.0,0.0,0.0,0.0,0.0,0.0,0.0,0.0,0.0,0.0,0.0,0.0,0.0,0.0,0.0,0.0,0.0,0.0,0.0,0.0,0.0,0.0,0.0,0.0,0.0,0.0,0.0,0.0,0.0,0.0,0.0,0.0,0.0,0.0,0.0,0.0,0.0,0.0,0.0,0.0,0.0,0.0,0.0,0.0,0.0,0.0,0.0,0.0,0.0,0.0,0.0,0.0,0.0,0.0,0.0,0.0,0.0,0.0,0.0,0.0,0.0,0.0,0.0,0.0,0.0,0.0,0.0,0.0,0.0,0.0,0.0,0.0,0.0,0.0,0.0,0.0,0.0,0.0,0.0,0.0,0.0,0.0,0.0,0.0,0.0,0.0,0.0,0.0,0.0,0.0,0.0,0.0,0.0,0.0,0.0,0.0,0.0,0.0,0.0,0.0,0.0,0.0,0.0,0.0,0.0,0.0,0.0,0.0,0.0,0.0,0.0,0.0,0.0,0.0,0.11554054648168538,-1.2260920055560292e-5,0.001614411114868167,-0.006360648219484622,-3.2104311777374406e-6,4.977132700699214e-8,0.0022841551988771564,-0.0008214247757775235,3.928533614660638e-7,-0.0005191629050303321,1.1652275076596246e-6,1.600537686452404e-5,-0.00021693226131914113,1.8519986876129467e-6,-1.5197513101462377e-5,3.227309459509839e-7,0.00024660903570567286,-0.01510792485964461,0.0035812101050965925,-1.6215150869035773e-5,6.835841591315201e-6,1.9104611305741962e-8,-2.7125387903351136e-7,4.936834616375923e-6,0.015038547557979776,2.3201134369732942e-8,-0.02562182899294616,0.0033536222618068623,0.00018564081087260403,-0.029790753935079756,1.5327087570079396e-5,-0.00017760388473161704,3.0252608933300367e-5,0.0016851823616475705,-3.7811606536533137e-7,-6.659890509029072e-8,-5.431339931462324e-6,-0.0017682006441399744,-0.01594929289662518,8.310200497192005e-6,0.0001059654263452046,-1.289742033356564e-6,0.001688522711613286,-0.001306155188161544,-1.9905939686699265e-5,6.814593464363597e-6,-1.9280622218263416e-5,0.02562950982715179,-0.00013597082709356618,0.00011548011620321912,3.359492629624281e-7,5.370018231017971e-8,-3.962275553890276e-6,0.004914589812405614,-0.0029954257692084837,1.7183670018238925e-7,0.00039343691896251594,4.017720737127022e-6,0.0036335663699268135,-1.0925680682288619e-6,4.859325178326125e-5,-3.623230039183443e-8,0.00028103276918906223,-0.01988479937431509,-0.0015632537522063924,6.321535345566713e-6,-2.448036563060103e-6,0.00021220080581821842,-3.2589436263090403e-6,-0.003585142387724048,-0.0001699192385084105,4.3646310053253423e-8,-0.0004181613457990999,0.0022417846214520154,-2.7830913322050577e-5,-1.446684151152541e-6,-0.0001718801619615375,-0.004877272787042759,-0.00029304266208386384,-0.001629144079402606,4.889531705437896e-6,0.011612512634459383,-1.8082378410463963e-7,-8.437910861698379e-6,9.986715426488575e-7,0.000413436262280833,-0.0006196943419285385,1.4845391206336784e-5,4.35712077067401e-7,-0.0002839954411423533,0.007587031086198062,-1.8580226071549294e-7,0.011914274147525203,2.5322909210518893e-7,0.00011221867322240559,3.629666664593266e-6,-0.04284072896495117,-2.64575612477139e-6,3.4001448145438354e-6,1.4271781969103242e-5,1.0671642363241928e-7,0.0002201057818326205,1.2385834305992094e-6,1.24031704523104e-7,1.1321520427133271e-7,-0.0037596577437381115,-7.848133431666488e-5,6.103109870990211e-5,-0.020181140959664116,2.061206704699946e-6,0.020253066604996917,9.386310202945432e-5,-0.00021229850872047886,-0.005105346527698253,0.0065488776775308585,4.705908339143081e-7,-4.366362986968095e-6,-0.003797339308234025,-1.4414526174531135e-6,-2.869250938730523e-7,-1.9069897997049638e-5,5.792448718732039e-7,-2.844773891681385e-7,2.6643213487309795e-7,-8.062677022369712e-6,1.2593449137131667e-7,-6.421687753786087e-9,0.0001225477521951934,-0.03416978182426657,-5.41055970541419e-7,-0.0010763716101320803,7.382058649600924e-8,-2.2475670582426808e-7,4.438307512758668e-8,1.993259447576724e-8,-4.057747204629259e-8,-2.3501078884302527e-5,-5.945131604500678e-6,4.889285430104079e-5,0.018060672725205548,3.818831424270396e-6,2.3070599467300303e-6,0.0003864567654488479,-7.444345270591552e-7,-0.0011084478564777085,-0.0028790018547349525,0.016387554050058643,-5.262342478631189e-7,-0.0020568033666771837,2.316715371831157e-6,1.695310249507015e-5,1.274990109352004e-7,4.254067414934848e-7,9.552158213106601e-6,-1.2908193016128792e-5,3.4700003354934444e-6,-0.000362841734314224,-4.171098767806849e-7,-9.416942209739507e-8,-7.465184181901883e-7,-0.0005617563932261352,4.242979740938598e-6,-0.00032184188981540263,-2.73354239267321e-7,-1.9223334611711095e-6,0.003400796595698408,5.098600263925853e-8,-0.004653602967684989,-1.2316132723955375e-7,-0.00011131434758831242,-9.628504829368035e-8,-9.540585295585298e-6,1.1213675715820983e-5,3.2546148368471913e-7,-2.513975385446009e-7,4.3932973034183364e-5,-0.017120672715100045,2.5178874347487443e-5,8.75201572517497e-5,1.5814780821593658e-6,3.8424572406681223e-7,-7.165886870988897e-6,-8.415065213241718e-8,2.343706757066664e-5,-1.6015913088751947e-6,-1.5487114003621343e-7,4.109137432660967e-6,4.969513050720753e-6,-3.2641849754898415e-6,-3.22494627800216e-7,3.84127920831048e-8,-4.020574386676332e-7,-1.1144248735733939e-6,2.334724363270104e-7,-6.1382081442763e-7,2.961086048329167e-7,1.7586322470152615e-5,3.5306773610263235e-6,-0.004673370738654116,-8.270892889947619e-5,6.549619604880275e-7,-1.3576135245109394e-6,5.0577448058638987e-8,0.016175516188681686,1.093817872588747e-6,-2.3542432032969333e-7,-0.009283760525484595,0.013337635907525496,-2.7907460311417675e-6,3.377747796535713e-5,-0.0004497305716651528,4.915283784778943e-6,3.5126146145841354e-6,0.004060970256393746,-0.03469659991353052,-0.0020019911819403554,-0.0005517903543715305,6.499818373863331e-5,6.085808500809096e-6,1.014510541701536e-7,-7.288391841870499e-7,-3.912684902745725e-6,-0.0025381996586981066,-1.0221082611958599e-5,0.0007737196740314408,0.009791999739623233,0.0032751152244406565,1.1450431761302486e-5,0.00257044060722869,-0.0011021591991860248,-0.012306108301230337,9.072938153824868e-8,0.0023901064817666864,-0.000957427425342827,1.2288711616823474e-6,1.2833952699044785e-6,0.007160760545925059,-3.953464753807461e-7,2.0687172043758446e-7,1.9162307948235905e-5,-2.356995396862964e-6,0.00014389865566649156,-0.004893084460363619,1.1629759604282173e-6,1.015577351350538e-6,0.0002377743545269216,0.0006306365879451486,0.0006061510987203906,-5.988287751982375e-6,-4.8292029476820285e-6,0.0005669143342688068,0.006533216244069911,-9.015395811471153e-7,-3.4618481226487242e-6,0.0007424126831498022,-1.6657460594084414e-8,-0.00020529849475868728,-0.04444239576143083,5.911606770341677e-5,-0.0033191838347998866,2.555303440688943e-6,-0.003412818215484158,3.18898293360464e-7,-0.00013148443487760516,-0.00010430756305378542,7.4641094685644664e-6,0.0023161469286057616,1.4664910831373705e-5,4.127150446538112e-6,2.1045797892115896e-5,4.5175395492599736e-9,0.00017770270807990077,0.00025844735776531447,-0.0016973815627430422,1.2117178216670536e-6,-2.7472650599871618e-6,-0.00019249626329725212,3.119776901841491e-6,-0.004542447263721328,2.3051211906458944e-7,2.5313842983240836e-7,-1.0760225732872765e-5,-1.1003795215720685e-6,1.6534535561771073e-7,4.766114727063135e-8,-0.00204554833263431,0.00027538894134703304,0.0015217662771727083,6.486785729184737e-8,-5.196808327581877e-5,-0.023149292783555788,2.0231890709897897e-6,4.4407502016523424e-7,1.824792694903691e-6,2.5156425959628585e-6,-2.3757508266741064e-6,0.0021316832041017577,-0.00045116148921742005,-0.003448177681883593,0.00010055798797353642,-0.0006959658453454355,-9.29716345871536e-5,-0.0011343896802930057,4.483150771899034e-5,0.0003886564179943048,-0.00047548511584576055,0.00016946522516874725,5.122270220788265e-6,8.183357113668333e-9,8.971249949437158e-6,2.5125517231660376e-7,7.536953515598144e-7,0.015437796704054227,-3.0735209406690584e-7,-6.03219608202009e-5,-0.01285978749484989,0.005076216089554675,-0.0033080898739944486,0.0023634168337365357,-4.818437119997927e-6,-0.0015862889958738566,-5.752604643983564e-7,-1.0292392306761839e-8,0.03954156996407505,0.0012506514685086967,0.00026248003406780467,5.601339595508286e-6,2.5532128423008455e-6,5.209821302828715e-7,4.5428531065916404e-8,-4.208795757871384e-7,1.282327424238776e-7,0.08406146149169867,7.231348885417591e-6,1.6213214156111405e-5,6.888944392523938e-5,0.00039851378161111445,-5.451349755873424e-8,-6.917829987458535e-7,-9.918274493676616e-6,6.241018349265408e-5,6.150577529320182e-8,-0.0011693977574056492,0.002550924983176973,0.015467513941053527,1.1433040261094116e-5,0.0029305287847288756,-7.20252693385149e-5,-0.004835074506102827,8.441077185989172e-8,9.934378037261173e-10,5.101684528810688e-6,1.154195865530646e-5,-1.1379936988957493e-5,2.3491648734441244e-5,6.095703221766799e-8,-6.296316162698351e-6,-0.0010997305525299198,-2.2665880235854215e-5,3.5418101195772416e-5,0.001168164908126989,-0.0003577698983305752,-1.8563151571755194e-6,4.548906797626591e-9,-5.317634027056181e-7,-0.012063668284128979,-0.00034762830788395975,3.0882938286064877e-7,-0.01574441440801132,-3.7604036762242625e-5,-0.0003463012652863468,0.0004218997846710672,-5.516638303639297e-6,-0.0006195416153573687,-1.4449826535355656e-7,1.7327072544593405e-7,-1.0527727046837275e-6,1.861778550085076e-8,0.0002178383199076267,9.886967477339813e-7,2.1333346412198155e-5,1.6738535712955357e-8,-2.465819189152419e-6,-0.0004736746296150313,-2.1384384972001995e-6,-1.2666068789800625e-5,-0.00013895768228132838,-0.02504387521332794,-1.3586210626608023e-6,0.009248184788773215,-1.1547844221890496e-7,-1.4939058338212633e-7,-0.001487092943353555,0.00010573885532188455,-0.012445924011119755,2.336114640668875e-6,0.0012533528180470664,-0.00010662084953017832,0.00512554323774201,-0.00037019475314650394,0.0002491298113592613,-2.485718588699712e-5,3.834688099217854e-7,-1.497428224533835e-5,0.0006455058250227184,-0.004849194415421251,0.0021005879258248015,0.012784746189064567,-8.509843261087541e-7,6.199858073092416e-5,0.0007340565463356057,3.787942610451276e-8,8.750737172180207e-7,-0.00017522023783284336,-8.538536726918648e-8,-0.00303387959328494,-8.006904634220665e-6,-1.583807184665378e-7,3.156167513373813e-5,-2.26387153817968e-5,3.847634499621253e-6,6.754079694302069e-8,-3.574907785753837e-5,0.0002278419683965784,2.5235839763505227e-6,5.628756437891719e-5,-0.00036178464634550975,-2.0184199391397427e-6,-2.478854311801191e-6,0.00045518613640464523,9.398237318942857e-5,0.0003065273113776463,-7.073403312547738e-7,5.779237801644697e-7,-5.934762855977313e-7,-0.015551766835582506,-4.172708573592058e-5,2.7275426200093195e-7,6.3514636630596e-7,-0.006156241472676517,-0.002499328522546641,-5.070366052630745e-7,-1.778061613885593e-7,-4.446304787110633e-7,0.00010218395265750893,-9.493670316310077e-7,0.0003292061089593226,1.8473012175961805e-5,-2.021597604040849e-5,1.2810063224616628e-7,5.7465493783145306e-5,2.8541334606400787e-7,-1.9393351153478507e-7,-0.0001998312599211513,-1.2750837779012613e-5,0.007499037427069983,-1.063394214681167e-6,8.10672842281145e-8,-6.324495468346351e-7,-4.5965846146295407e-7,-9.333939937062752e-5,9.95480718718707e-5,-0.0008738760622988503,-9.900329071154822e-8,0.0033127491021358885,6.593489305493414e-5,0.0012469172956899284,1.531015610026437e-6,-4.163441379341303e-5,1.8275146810422526e-6,-0.00025766095131098414,-0.0011251771723003435,-0.0037139532632056,-2.2497464870956665e-5,0.010491934640993876,8.795982270678866e-8,-4.5446047967267235e-6,-0.005666113930562634,-0.0002703575836320398,-6.52141300898301e-5,-7.006183568296398e-7,1.538695093437774e-5,3.1662101746483333e-7,-5.130347576370085e-6,8.354922397382856e-8,5.290020040829523e-5,0.001153075236018242,-0.012579935906927561,-0.0035949032942618766,-3.2911223195640815e-7,0.00019308570381613467,-1.3902748456374284e-5,0.0028093244166866563,6.912870541112377e-6,1.8518311076278577e-6,0.014001627386341729,0.07663683891663071,-0.00018869598312205418,-5.852985075324698e-5,1.3663359985940313e-6,2.1260147931908637e-7,-1.8813715392462572e-5,-6.233925119508956e-5,-0.012642349891165049,-0.0002767134015180122,-0.008185082221879305,-6.156717719481679e-6,0.005055918059316942,0.00030819413755493204,0.0003778523018661911,7.615709926520625e-7,-1.5555775334508755e-6,0.00018521967938093004,-0.00010989346945301055,5.353176045388821e-5,-1.9150435214796728e-5,-1.2265250180774975e-5,9.88563911531452e-7,-1.2016929701225438e-7,-0.001918249320615833,1.137734665347275e-8
0.0,0.0,0.0,0.0,0.0,0.0,0.0,0.0,0.0,0.0,0.0,0.0,0.0,0.0,0.0,0.0,0.0,0.0,0.0,0.0,0.0,0.0,0.0,0.0,0.0,0.0,0.0,0.0,0.0,0.0,0.0,0.0,0.0,0.0,0.0,0.0,0.0,0.0,0.0,0.0,0.0,0.0,0.0,0.0,0.0,0.0,0.0,0.0,0.0,0.0,0.0,0.0,0.0,0.0,0.0,0.0,0.0,0.0,0.0,0.0,0.0,0.0,0.0,0.0,0.0,0.0,0.0,0.0,0.0,0.0,0.0,0.0,0.0,0.0,0.0,0.0,0.0,0.0,0.0,0.0,0.0,0.0,0.0,0.0,0.0,0.0,0.0,0.0,0.0,0.0,0.0,0.0,0.0,0.0,0.0,0.0,0.0,0.0,0.0,0.0,0.0,0.0,0.0,0.0,0.0,0.0,0.0,0.0,0.0,0.0,0.0,0.0,0.0,0.0,0.0,0.0,0.0,0.0,0.0,0.0,0.0,0.0,0.0,0.0,0.0,0.0,0.0,0.0,0.0,0.0,0.0,0.0,0.0,0.0,0.0,0.0,0.0,0.0,0.0,0.0,0.0,0.0,0.0,0.0,0.0,0.0,0.0,0.0,0.0,0.0,0.0,0.0,0.0,0.0,0.0,0.0,0.0,0.0,0.0,0.0,0.0,0.0,0.0,0.0,0.0,0.0,0.0,0.0,0.0,0.0,0.0,0.0,0.0,0.0,0.0,0.0,0.0,0.0,0.0,0.0,0.0,0.0,0.0,0.0,0.0,0.0,0.0,0.0,0.0,0.0,0.0,0.0,0.0,0.0,0.0,0.0,0.0,0.0,0.0,0.0,0.0,0.0,0.0,0.0,0.0,0.0,0.0,0.0,0.0,0.0,0.0,0.0,0.0,0.0,0.0,0.0,0.0,0.0,0.0,0.0,0.0,0.0,0.0,0.0,0.0,0.0,0.0,0.0,0.0,0.0,0.0,0.0,0.0,0.0,0.0,0.0,0.0,0.0,0.0,0.0,0.0,0.0,0.0,0.0,0.0,0.0,0.0,0.0,0.0,0.0,0.0,0.0,0.0,0.0,0.0,0.0,0.0,0.0,0.0,0.0,0.0,0.0,0.0,0.0,0.0,0.0,0.0,0.0,0.0,0.0,0.0,0.0,0.0,0.0,0.0,0.0,0.0,0.0,0.0,0.1151622415188631,-0.0008348363374404666,-1.3354481373583017e-6,-0.00010178375547763024,2.9800528338091816e-10,-2.8345716548632366e-7,-6.384600660288757e-5,0.0015085113162653717,-3.7172753831152063e-9,-0.002922723369057894,-4.156361672214898e-9,0.0030386163417757926,-3.338805571037346e-10,-0.008981292489418705,0.0016987800239610705,-3.857781025690223e-8,-3.865273096006763e-6,3.2928001772175244e-7,-1.2147873065914556e-9,-6.754302582237763e-9,0.000599225099707067,1.9061509606795142e-11,-5.209429396899879e-10,-2.753640479031654e-5,0.0011063664313458932,1.1269694300023347e-6,-9.627613915058213e-7,3.420921449480246e-8,5.588563915971431e-6,-0.0008214386699040933,0.0002919664367529148,-6.921563723066654e-9,-2.4717771269765125e-7,-1.787857814975434e-10,0.00020821278886580982,-5.241808170710794e-9,0.00021469964892005468,-1.2663585775546173e-6,0.01817146864037891,-0.002210637158240525,-1.3097598041548559e-10,2.0955851852137833e-6,0.0001160377643886649,-1.7491265687045107e-7,-0.008912181136944924,-2.8983425837269086e-10,-4.924651270172234e-6,-0.0008984835247044428,1.1849749505749519e-8,-0.00015219716245873285,-6.527402933934218e-11,-0.002040447437528696,3.93688975666159e-7,-3.389068481634271e-5,-0.0009980549303875113,5.6806764392315537e-8,-1.2421924536519858e-9,-4.7947257818776867e-5,0.0002692526372002294,-8.826612698631823e-9,-0.002166207277542252,-0.003128345873347639,-2.0249124780182494e-6,0.0003120602205446598,1.2039294619364339e-10,-0.04448427027547317,-0.00015912632281482773,3.810443922726728e-10,2.11189225309633e-8,0.003252997970728657,-0.0014528123956444835,4.205887419811522e-9,7.094918539399905e-5,0.004486890825829332,0.0027593371640336436,3.6072904948632634e-5,-1.834173315497474e-6,1.1012643908405555e-7,0.0003214146124567555,-0.0002489626192088334,-6.423251653870568e-6,-0.00045385253509917784,-0.015094172974928741,-0.0006075223405202444,-1.1825011590459418e-8,-9.192524671638499e-8,-3.218173683312515e-9,1.0742966057783143e-9,0.0015745203601800978,-9.619388464815136e-5,-0.0013090834540177576,8.27505022219772e-9,0.0006556984731897032,9.814076179532905e-9,-0.022183912235731653,-5.718080401269376e-6,-0.0003943164647844825,0.002458768438868511,0.006922323099174373,-6.200742785793457e-5,-0.0019380755707807127,5.7196879273889946e-11,-0.0009043376079038083,0.000797437505931833,-1.1437664379469485e-5,-3.981244504180277e-8,8.725642695616302e-5,-1.2545660327321607e-6,-2.268853775014818e-10,-3.888002859450352e-6,-6.399054729867153e-5,-0.0005890082932393888,-7.901910518920906e-7,-2.8292934133990943e-6,2.454619463102656e-12,5.97306766632035e-10,-4.57164292842811e-6,6.494801817956915e-10,3.98748623497261e-11,-0.0004551816429538762,-0.02237507769885259,0.001950372849489399,1.385717730472334e-11,0.00623959984229351,-1.708414857115962e-11,0.0009098504226838965,1.714144306435402e-8,1.0271511594046644e-5,-1.2351878213462746e-10,-1.2623804013736103e-5,-0.0005763516917141261,-0.00091562077506188,0.0007320024175100526,0.000621604972409197,0.0008724743645784486,3.901018854026975e-9,0.0051216344894165055,-0.009239866016776468,3.1162484811462176e-7,0.0020824376464445324,-0.0009127197615148752,-0.0006170827573269265,-8.629873346449569e-11,0.0003513145128188614,-5.729114002842732e-7,2.5840580637550604e-6,0.006013009011924517,-2.8128339412280642e-8,0.0010275302196109668,-7.982992080784821e-9,-9.335422542746963e-5,-0.0028900914591719513,-0.0005374899791180367,-4.349817251719768e-10,0.019420042457422994,1.8634617031581158e-7,-6.635532080546965e-11,-0.0026853272030598757,-2.674143933914737e-11,-3.203264163903297e-8,5.800749962485382e-10,0.001378118422251779,-0.0021772181915658286,-0.0031423677701568316,-3.7022393959660764e-5,-0.0002896137004156084,-1.4705544438058252e-6,0.00017669700163310136,-9.179297618265315e-9,-0.0017604623331300808,-0.005043646517793866,-0.0008078509511246073,2.927433725271155e-11,8.754065686746005e-11,1.1831583783013146e-9,-1.2373948244975563e-6,0.0008799102751346329,8.544428618996935e-8,0.001472451663792488,5.224665761464448e-11,0.0025569017462408676,-0.00525203039399318,-0.018998198822468892,2.6474463047088446e-8,0.0007482604237452858,-1.4988599438983444e-10,-4.668109997474733e-6,5.476654878657651e-10,0.004535023638361708,-0.0007691183765393155,0.0013292403148801686,2.9806832161535666e-10,0.0007496862049937864,-0.0012435334499941958,0.003941940625108837,-0.021294042457816083,1.2983004714767086e-10,-3.1824622477239665e-8,4.246962987807213e-9,-0.000258973719953936,-0.01392619486703892,0.00025818370894278094,2.747444917006152e-6,-0.006920656711828071,3.8574068792149673e-11,1.451805873045471e-6,-1.5713982852121223e-5,-0.004972169995059845,7.383658091249005e-10,-8.535825478236637e-8,0.006359667941276242,-0.016948256244118824,8.818760013714815e-6,8.334360809147305e-6,-9.427274706453148e-6,5.2576083722427055e-5,-1.354750742467242e-9,2.8487248744895505e-9,-0.0008626812195018377,0.007460965577308876,-5.384777665618144e-10,-7.735150896439586e-5,0.07361752520370986,-7.541416010456454e-5,-8.378445668956139e-7,2.5133847615553776e-5,2.9115314965517022e-9,1.7494248973115202e-7,-2.9103056271166883e-7,3.848491194943604e-7,-0.0005296098103613203,-2.8780499017452156e-6,-2.682085077033017e-5,1.7936472666495948e-9,9.710996048419365e-11,2.9441765330670154e-5,0.0049220843253697,4.485173571052802e-11,2.600734640501737e-9,3.1349354863137706e-10,2.588879171553528e-8,-8.541016948690682e-7,-0.01176407867450969,-0.006106016127505947,9.8774310811538e-9,-0.0007166448442128228,1.892224180152519e-8,1.0903279144738586e-9,6.239934201629207e-10,4.3169986332270807e-8,1.0668431324269585e-6,5.315048037512476e-11,-7.471828473368028e-10,-0.0005873989377578357,0.0023934575244361567,0.0002078635898653322,3.828045118626637e-6,9.680689086161697e-10,5.51021702901536e-7,-3.3904924731449176e-10,1.5845103395045192e-5,-8.869580718361028e-11,0.008014878502972405,0.008209420571289365,-9.297230401758212e-9,1.3013084167121573e-5,-2.8096640736589488e-9,-2.2895144928990553e-10,-4.5594561226300475e-10,0.00039285972215963685,3.3768932398940336e-8,-0.0002025161358027299,0.00011402043559573705,-1.3638466817671017e-9,-4.5313576148190196e-10,4.356931393786802e-8,1.1167882314846733e-10,3.215531230727508e-5,0.001089365087768335,3.531704175383954e-11,0.04624008708076659,-0.0031248263588059093,1.9308721543366772e-10,5.087900652167753e-5,-6.674463811811806e-5,1.9226966895086532e-8,-3.726360292528401e-7,-0.0012696502780900497,-0.0005006059918941814,-2.2736101168794264e-6,-2.0977870614092334e-10,-8.884271836479639e-5,-0.0010642413660905522,5.108082079489912e-10,-7.453074923974955e-5,-1.6904916523082035e-7,0.0008467149009353397,-1.505951701905335e-5,1.139126100382948e-5,4.711000237449142e-7,-7.17328690021499e-9,9.125930291446766e-8,0.0016418790931702516,-0.0005155085500779012,7.842957628025749e-9,2.3154599736375222e-8,-7.505233409057685e-11,-0.00023904944143736281,0.0029631612739348966,-6.73029072084957e-11,-2.676328378095815e-10,1.3871747839159642e-6,2.940782970460922e-11,1.6632862353839185e-10,-3.1213480230386907e-6,8.468160201771761e-6,-1.447360409198646e-8,-6.644481593118434e-7,0.00025640230370188154,9.691243554502474e-6,5.872817873949517e-11,0.00031137331949523055,-2.5188634389455466e-6,-7.560859529565339e-6,-0.0006236187944128642,0.0006436933237889142,8.298871217714252e-11,7.819173906746023e-11,0.00021160929454448307,0.00399424665317137,-0.0002864151517323657,8.760710658086583e-7,-5.957884380734803e-10,8.747474378797582e-9,0.00033077619352068295,-0.0007683663518930398,-0.0007373582499604151,2.893330494689777e-5,0.0018714296666148711,3.096424347707288e-9,0.0003067159824345463,7.206903518973074e-8,-2.658906267245452e-6,1.7128281781860979e-6,-0.0022151886778981737,-2.8324445958059896e-7,-2.1587037564450095e-8,-6.668429462624536e-8,0.0004983060241685153,-2.923114061216007e-11,0.0015822380188057414,-6.502444208590912e-9,0.0024065294056147667,-1.1689885756198737e-9,6.403974133836231e-12,0.0011364021598016226,-8.000707356961385e-6,0.001168624930565171,0.0015609507487711497,-3.977654180672774e-6,-0.00012530438954466111,2.28803264959643e-9,0.0013643378262929336,-0.015223664790382245,1.566036553118498e-7,0.001288908396369905,-0.004228982280537538,2.937830291976696e-6,0.003689612776492226,-1.3878562338309677e-7,-0.00018289341489045725,-1.293558157714085e-9,-1.4749453313112329e-5,-0.001251243499687932,-4.697522156408957e-11,-0.025382301656380345,9.17332794665326e-6,5.0653031129146296e-5,-3.8716317845436814e-10,-2.933652708785511e-9,0.004411295319046848,0.004434801902022275,-1.1780553415725469e-7,-1.686353962817321e-10,-2.1264411499280004e-9,-1.061984195187923e-8,-3.737670002039622e-7,0.01124209902832032,-2.3876031569699715e-5,-5.253995496935585e-5,-1.2426821877709151e-11,1.710539024739211e-5,-1.7316492556658045e-8,-1.01123053518443e-6,0.0034314614246799564,-0.00014142921759813845,-8.684831028857657e-9,5.194471920825746e-7,-0.00023631312534428767,-0.00016373970954712726,3.572839592485941e-9,0.005176623651989378,0.004080576144371356,5.5800387572609245e-8,-6.257236015406036e-7,5.167088123007978e-6,6.982390270440251e-7,-1.1649248243184618e-10,-0.001242327539453929,3.10136809258805e-6,-0.0003091641688436709,-0.002123220341689294,0.00024094633782329535,0.003009445154696292,-7.439118667838397e-8,-7.640142258811184e-10,-2.787247912803608e-10,0.0001004404888279168,0.0003554321268808077,-0.0006505492159068546,0.00025065539424131496,5.423369264403052e-10,3.266131517703792e-6,-1.1372068362670577e-10,6.021817042608113e-7,-5.611717216811034e-8,-5.443241857447775e-11,0.0017761271240852585,-9.543919837572494e-9,-0.00043923088469625574,0.00010072285091845294,-0.01374194919513783,-4.018563464990252e-11,0.004128390894184818,-1.9134713496294943e-6,-0.0013213091254229196,-0.0007358405514159948,-0.0003247423627623115,-2.531081079960494e-6,-6.758627584378707e-6,1.3977711027840045e-11,3.6359428100750234e-11,-7.370314380300245e-11,0.0016855378640863068,1.2295518802927118e-10,-7.644487270405864e-5,-0.022254815378540044,-0.0013280600705577474,8.597497436366339e-5,2.693259578586587e-6,-0.00018621680820200096,2.037603017911937e-11,0.000907858495060915,0.004552956986847497,1.3285270221471528e-6,0.004524128265384867,-0.0010057361961513863,-0.0005171659727953529,-4.129525234317423e-11,0.00404488761533047,-5.430402968798832e-8,6.780059732480575e-6,0.0006335098889758148,4.289039372269908e-7,7.0909687343855e-11,-8.328858734545777e-5,-4.0170027689224766e-11,1.8759067020961698e-5,-0.0005940176923161168,1.7716888156417058e-8,3.878178690790837e-6,-2.653879263492284e-8,0.0017025552243918418,-5.0618178234320795e-6,0.0009421120436768237,7.694206805939555e-10,-2.3214413630208266e-7,-5.9450464461735784e-5,3.600489066371342e-8,0.0026502203041773083,-1.0850516981454821e-8,-0.0011146474144626882,0.022810738645689957,-0.0006447573062483465,-4.140866247632723e-9,5.281846542614608e-8,1.1305851786298025e-6,-1.6770387029757654e-6,0.0005086473005345454,1.648456478084993e-8,-5.136928564072104e-10,-0.00011044687369896044,-0.0016954502492101825,6.085467570371085e-10,-5.045763911322125e-6,-3.427654658070248e-6,0.002333666685503863,0.0014297368314355092,-1.8882659861494343e-10,1.4858347721613687e-10,0.07385105824254071,0.0003408337876097348,-2.210777944979218e-6,-4.727835861267774e-9,1.4828059272654158e-5,0.008547419164447076,-1.4280993836383597e-7,-3.443677694762562e-8,-1.6867622796869536e-8,-0.002446249047822448,-0.00025828052369417483,-0.002196360743333208,0.00334268453325855,-0.00023276492706871088,-0.002775525220924551,-1.2601801199378134e-9,-2.2891668030357331e-10,0.0003235324512518802,0.00021067813689720825,-1.1972519967374148e-11
0.0,0.0,0.0,0.0,0.0,0.0,0.0,0.0,0.0,0.0,0.0,0.0,0.0,0.0,0.0,0.0,0.0,0.0,0.0,0.0,0.0,0.0,0.0,0.0,0.0,0.0,0.0,0.0,0.0,0.0,0.0,0.0,0.0,0.0,0.0,0.0,0.0,0.0,0.0,0.0,0.0,0.0,0.0,0.0,0.0,0.0,0.0,0.0,0.0,0.0,0.0,0.0,0.0,0.0,0.0,0.0,0.0,0.0,0.0,0.0,0.0,0.0,0.0,0.0,0.0,0.0,0.0,0.0,0.0,0.0,0.0,0.0,0.0,0.0,0.0,0.0,0.0,0.0,0.0,0.0,0.0,0.0,0.0,0.0,0.0,0.0,0.0,0.0,0.0,0.0,0.0,0.0,0.0,0.0,0.0,0.0,0.0,0.0,0.0,0.0,0.0,0.0,0.0,0.0,0.0,0.0,0.0,0.0,0.0,0.0,0.0,0.0,0.0,0.0,0.0,0.0,0.0,0.0,0.0,0.0,0.0,0.0,0.0,0.0,0.0,0.0,0.0,0.0,0.0,0.0,0.0,0.0,0.0,0.0,0.0,0.0,0.0,0.0,0.0,0.0,0.0,0.0,0.0,0.0,0.0,0.0,0.0,0.0,0.0,0.0,0.0,0.0,0.0,0.0,0.0,0.0,0.0,0.0,0.0,0.0,0.0,0.0,0.0,0.0,0.0,0.0,0.0,0.0,0.0,0.0,0.0,0.0,0.0,0.0,0.0,0.0,0.0,0.0,0.0,0.0,0.0,0.0,0.0,0.0,0.0,0.0,0.0,0.0,0.0,0.0,0.0,0.0,0.0,0.0,0.0,0.0,0.0,0.0,0.0,0.0,0.0,0.0,0.0,0.0,0.0,0.0,0.0,0.0,0.0,0.0,0.0,0.0,0.0,0.0,0.0,0.0,0.0,0.0,0.0,0.0,0.0,0.0,0.0,0.0,0.0,0.0,0.0,0.0,0.0,0.0,0.0,0.0,0.0,0.0,0.0,0.0,0.0,0.0,0.0,0.0,0.0,0.0,0.0,0.0,0.0,0.0,0.0,0.0,0.0,0.0,0.0,0.0,0.0,0.0,0.0,0.0,0.0,0.0,0.0,0.0,0.0,0.0,0.0,0.0,0.0,0.0,0.0,0.0,0.0,0.0,0.0,0.0,0.0,0.0,0.0,0.0,0.0,0.0,0.0,0.0,0.11473071728384213,-0.0001137371499737173,-0.0009464055743262297,-5.172321590188344e-9,-6.10471112561744e-5,0.0074004091827494425,4.333440839791738e-5,-2.7727788796467017e-6,4.284646178083552e-5,-4.549752202725179e-7,-0.015786150379229442,1.6674948165465484e-9,-0.0005394815661146814,2.033839921282262e-5,1.0670865119886764e-5,-0.002256765643208632,-5.4992947409587615e-5,1.7836359110627836e-7,9.121206269096504e-7,5.802667137748806e-6,-6.90814120963697e-9,3.510295394172558e-8,0.01373101072769442,9.375574782074705e-6,-8.513114734341229e-5,7.190373088818676e-5,-2.0894356195582066e-6,0.0018060403751805928,0.011094495703772904,-0.02300228348552567,2.1798547310562792e-7,7.175427433796853e-6,1.0409103389728667e-8,-4.36514559339467e-6,1.145421540684812e-7,-0.03854962255095239,0.00016295475590203992,-1.3552492865065775e-5,0.00248680338275596,6.0436621220256195e-9,9.605978616927247e-5,0.0008952218048667916,-3.142849778844714e-6,-0.0004917178047979342,6.203410481869819e-8,-2.3292054211934756e-5,-0.008112793363968768,6.714833190028066e-7,-9.525615855113032e-6,2.0773586095978357e-9,-0.0005372683307189564,-7.198108722129377e-5,-0.000978726028002745,5.138560826442074e-6,2.686980452344222e-6,-6.497349069557757e-8,0.0031307246349789987,-0.0006260650585455293,1.0228695484362443e-6,-4.290145135680782e-5,0.003826294627756642,0.0018678676922785629,-0.00937380924242783,-9.363089085538103e-10,-0.00018435390210325112,0.005064712864776361,-2.0947176387649306e-8,1.5866172547479533e-5,-0.010509739924576208,-8.223688018275792e-6,5.766461142552452e-6,0.003470870508722845,-0.0007757376302773614,-0.00017797742019827072,0.0017875725221456816,-0.00020522483632731572,-2.8004874909708444e-6,-0.03067024637308206,0.002251288106449621,-0.00019278962919568344,-3.891699093145964e-5,-0.00019696865386409026,0.00010209840088149174,1.7550660274362464e-6,1.968630009488872e-5,-4.3927222736132257e-7,3.4646993285182137e-8,-0.01506514208964197,0.02831901632408951,-1.2943286424879785e-5,-2.311462594750767e-5,5.985788167444334e-6,-3.1255560061551705e-7,0.0001052248494519359,0.0012355447165500173,-0.0013645805457663906,0.00039290681422658155,-0.0013781732822909535,7.686141262619751e-6,-0.003368857774814832,-6.930485631431388e-9,4.040880251124972e-6,5.876562865839584e-6,-0.003342023181399061,-1.3475907258122107e-6,-0.017306207815943397,-0.00022785773884678387,5.767025013768537e-9,0.003914765947118685,0.007819354352539066,0.0008888055632396212,1.0411947069389574e-5,0.00013985707735307456,-3.4791350782494265e-9,1.4496064232764439e-8,-0.000734571187746492,8.23069763107257e-8,-8.250701587228045e-9,0.0010203051875941592,3.1796281099383667e-7,-5.242519539982618e-6,-3.882018059356185e-9,-0.002717217009300863,-6.028466007331087e-9,-1.8987734797936654e-6,-1.3565666484564684e-6,3.5289083918319946e-5,2.3623956161042134e-9,0.0003990495916680402,-3.037069607074381e-7,-2.2476536523637963e-5,4.825298345996402e-6,4.416188983367754e-6,3.288372839604618e-8,-4.7242964236051546e-7,0.0006180651202172626,0.0022688392743542038,0.00022039133897054387,-9.521880461857867e-5,-0.00033248083038097553,0.042435745513534566,6.862124657425074e-10,-0.020728042358781593,-6.544926546236229e-5,-0.0002819514293634347,-7.465611189220934e-5,-1.5864877757148513e-5,0.0016728692969301432,-1.0842330298249248e-7,2.554877510137123e-6,1.6892794605969145e-5,-0.0003606583409713342,1.4637908197550865e-7,-1.6065423122174897e-5,2.1804552548629352e-5,-1.4808970136471682e-9,-2.579422704160358e-5,-1.4071155459663638e-8,-1.87788896318707e-5,7.930446305060619e-8,-0.016229089384499573,-7.590058528947416e-5,-5.4099742827891014e-5,0.0058707806248583,-1.951097057422126e-6,0.00018138232198989021,-4.14999432683301e-6,-4.4620973984277035e-6,-6.591456545139593e-5,-0.0005178385073687305,-0.00045282854028740104,-4.496355697138909e-9,-6.9018571117069436e-9,-1.0013816837940642e-6,0.0006045767712483518,0.002468465897477921,-4.590526545607677e-6,9.02556113051172e-5,-6.341214770737308e-9,-0.011407224525452949,-3.289036880045139e-5,0.0013732101615286027,3.502526125210142e-7,-4.041829337446209e-6,2.7406664236485134e-8,0.0002192215947041637,-1.282484450034365e-8,-3.78431773612279e-5,-6.6867229925802365e-6,1.577752471733306e-5,-3.540842169570314e-8,2.4306183524080845e-6,-2.2531071837178802e-5,-4.383352809302283e-5,0.0011345163422798459,-7.79873460057958e-9,0.0001436655304521499,2.0696494713707027e-6,1.0702548477893811e-5,-7.997075827402366e-5,5.414340809899322e-6,-0.00012016171109061427,6.492355852625575e-5,-6.870392867824696e-10,-9.621285364102453e-5,0.0018833674146800455,-4.6827841531993033e-5,-1.203859214102369e-7,3.568509294412413e-6,0.0003432627415246813,0.00035877094358311335,0.0002834227990600274,-0.0006383009708217062,-0.005268211099441246,-0.005818753839199716,3.804324286782672e-7,-3.8775169587018354e-7,5.468118097280786e-7,0.00018871707324212794,7.30284807967137e-8,-0.00026282188263206883,-0.00020548421457107328,-0.014622231460950786,3.13958468215202e-5,0.03767699591522566,-6.465424363355729e-7,-3.595100559487969e-5,2.1469789868343807e-5,-5.468274177914375e-5,4.8995444845125924e-6,0.00014416790008569066,-0.018806869756683744,-7.734523813220559e-8,-5.914823633173179e-9,0.0036331835691605745,3.6626449577536926e-5,-2.7763728066938814e-9,-9.375936139398305e-8,-1.3809521884446198e-7,-3.0529523663740345e-6,8.885780416784998e-5,-4.66847810407524e-5,-0.00011482415671585488,-9.761130580780393e-6,0.03368627888881444,6.09374329260028e-7,-2.0746662871430446e-8,-4.75913448140806e-8,-7.311724941194831e-6,0.015781431438079002,-5.91896469735164e-10,-8.347756653813107e-8,0.048773181495117744,1.9955463824656283e-5,0.02473440061907802,0.0006607587238282012,-3.3952624874835416e-7,-3.5825811644141575e-5,3.689946399681963e-7,-0.0023431337650998557,-4.1547138899093484e-8,-0.0029948976295506194,-0.005389541714820785,-2.2040808437029973e-7,-0.001520479295548251,3.9927717987528684e-7,-4.3130879047775315e-9,1.267493263294733e-6,1.7936280786528037e-6,1.2179778445206486e-6,-0.024278359583673196,0.0021182230662319,8.307606938865345e-8,4.4856998506329725e-9,-1.3588626605070784e-5,1.24446411121108e-8,0.00018619170779828693,3.7869534625736554e-7,-4.865519789307449e-9,-0.0001967996450395865,4.542403747471692e-5,-2.0321574533124414e-8,1.8441787121761956e-5,-0.00250717037235137,-1.530422068930857e-6,3.6689050790444e-5,-2.2929395699905986e-6,-0.0019753364892655103,0.00027910793750083435,3.3716765135793514e-8,3.441369995475376e-6,0.0003327737760307645,4.348448203110555e-8,-0.000611797286068711,-2.2795054529942032e-5,-0.03150302840947314,-0.0015815727886098726,0.00010538496236633745,-7.463747243271586e-6,9.276442221074272e-7,-2.3882752382723038e-5,0.005194487443600568,0.005765684686899949,1.5506921588488648e-6,-6.310681153483588e-7,1.8365660074729476e-7,1.1354605939518146e-6,-4.465344642704707e-5,1.815505634429848e-9,1.0332830228358583e-8,-2.4374213290387123e-5,4.0128448945434984e-9,-4.807636301403851e-7,8.121792251777176e-7,0.000239717933776919,-2.4784797759060663e-5,2.9946216907264158e-5,0.0005429092863786085,-0.0004626334979679225,5.01098615613776e-9,-1.8030612428754114e-7,7.015121002864159e-5,-0.0004919937604902302,0.03493851607984918,0.008221883570259702,-1.0598284842957145e-8,-1.7636584230237793e-9,1.7172349635413114e-6,2.3913983948243104e-6,5.820195609362188e-6,-0.0004199403308421653,-2.648178830482665e-7,9.35220904458411e-7,-0.0016301575630200055,0.05735089366361044,-3.057075915244667e-6,-0.0023736517449762214,-0.0004466072139119527,-7.580851988360767e-7,2.9773239580958356e-6,-1.0480502372273148e-5,-0.0008710237849760289,0.007692701459645253,-0.00018015769869183707,6.425960452293464e-5,6.762074275444925e-6,-2.7989937200991895e-5,-1.045092136054666e-5,2.164211443714963e-9,0.0005008111627870276,-6.946345649023606e-8,-0.001249837939374765,-5.554215857725737e-9,-6.409990415758689e-10,-0.0012426854653439805,-3.318362846333836e-5,-0.0019277759822807674,0.0008527905392760928,0.009951108204444198,0.0022358836119151793,-3.281252285549945e-7,1.3562627374407658e-5,-8.861723374926717e-5,3.34413172435344e-5,-0.013099548244946314,3.189661462821259e-5,-0.0017838451767094867,-0.004172370440205439,2.6504547909566058e-5,0.007503441007718827,5.450894308843059e-8,-0.00029539218647963957,-1.7479414791900104e-5,8.948197605496311e-9,-0.0001977680504208403,2.197030516340975e-6,-0.003582446382413402,3.2466048379515877e-9,1.7313304974737514e-7,-4.8141041822465486e-5,-0.0001344483515893567,3.547847557145273e-6,5.119469905954831e-8,1.0598728761691015e-7,-5.650006974528051e-6,1.4683706161314494e-5,5.3469047586976805e-5,0.0014341926795151654,-9.67207517004286e-5,1.0099444461172596e-8,0.002976295334813671,-3.016367523850608e-7,2.364942053916597e-5,0.00023091697214757786,0.007279375327791608,9.909005479183073e-7,-8.452048446374524e-5,-0.019208736241400355,-0.006128056370912276,-1.4480112736091675e-7,2.81187400048264e-6,-0.0008640275856867766,-2.397938113695961e-6,-0.00023109751194062733,0.0001322345002320215,1.4172982008090442e-5,-2.6385006448607333e-8,0.0024309421708652895,-0.00014313259452250373,1.1597627769234054e-6,5.345922220698142e-5,-0.004384387239876983,-3.263251851316503e-6,-2.3495471920728957e-5,1.0576849190175308e-7,1.561140813329721e-8,0.005052334828494228,0.005564780826237567,-0.002121277503082659,4.076456972196376e-6,-1.051678508299657e-7,-0.00223218598551073,1.0047214811740576e-8,-2.4598101718333837e-5,4.4695621953256085e-6,-1.63253758340963e-7,-0.00033334618284805364,3.3246891977424636e-6,0.013844477340171633,0.016986856159708484,0.00013742369066868822,-6.879897599170808e-9,1.4735314938462913e-5,-0.0002775652288107093,-0.004956166312795066,-2.473032694429305e-5,1.6958426399488657e-5,-0.00020818433136182086,0.0008157352571467766,4.74892262396971e-9,-5.567083634468847e-9,-2.136282041705376e-9,-0.005925233394794961,-4.096536447075741e-9,0.03654847706300875,0.00032735333199660394,0.0008388843884043345,9.274812559107908e-6,-0.006898484530316163,8.766983891154875e-5,-4.8287161647349085e-9,-0.016556178044074228,-0.003913791943522162,0.006060632565342062,-5.775308508466917e-5,-2.926374570331788e-5,-9.468371330626714e-5,3.999499236124718e-9,-0.006028927989619598,1.2737417339299467e-5,-0.003934968621529821,2.487413862619107e-6,1.448078358604894e-5,2.6933355148867057e-7,0.04557051336925151,4.508492951302621e-10,-0.005901859379245665,-0.00017286330626839749,2.8395515840331114e-6,-0.00042798469264202274,2.942718769662737e-5,0.0009035537367421481,-0.00019237130566734467,1.4785012751538894e-5,-4.0943785013653986e-8,4.154317105890561e-6,-0.002107529285463536,4.9151444486928686e-8,-7.911336157591637e-5,-3.5693949672511726e-7,-1.4121714080322117e-5,-9.051531697376836e-5,2.7032079042314074e-6,2.2766399345873477e-7,1.66525953110211e-5,-0.000145188782267971,-0.0001186374193836845,-2.2880568875994716e-5,1.2021849672117886e-7,9.311536221851442e-8,0.01375221582701427,-0.00010043222522078678,4.375007871691275e-8,-5.160707811725209e-5,0.0008464603967765926,-0.013093010945035281,-0.0031591322475134553,-3.6077367596010023e-10,-7.560040701139459e-9,-0.0005384767835297204,-0.001433341425679431,-0.0015390848271671486,3.812559587408366e-7,-0.00030032517267805826,-0.0004166303074784867,0.0007466477538354549,7.971090069869952e-6,2.4510539924837508e-8,4.1733785011517496e-5,0.00017743107952798316,0.0014197693604810204,-0.0018709533534530588,-0.00869982779094209,-0.0023333795064796404,9.481950380160082e-8,8.052343496284525e-9,-4.597020870581325e-6,-0.0192812285002158,-1.6486249064634875e-9
0.0,0.0,0.0,0.0,0.0,0.0,0.0,0.0,0.0,0.0,0.0,0.0,0.0,0.0,0.0,0.0,0.0,0.0,0.0,0.0,0.0,0.0,0.0,0.0,0.0,0.0,0.0,0.0,0.0,0.0,0.0,0.0,0.0,0.0,0.0,0.0,0.0,0.0,0.0,0.0,0.0,0.0,0.0,0.0,0.0,0.0,0.0,0.0,0.0,0.0,0.0,0.0,0.0,0.0,0.0,0.0,0.0,0.0,0.0,0.0,0.0,0.0,0.0,0.0,0.0,0.0,0.0,0.0,0.0,0.0,0.0,0.0,0.0,0.0,0.0,0.0,0.0,0.0,0.0,0.0,0.0,0.0,0.0,0.0,0.0,0.0,0.0,0.0,0.0,0.0,0.0,0.0,0.0,0.0,0.0,0.0,0.0,0.0,0.0,0.0,0.0,0.0,0.0,0.0,0.0,0.0,0.0,0.0,0.0,0.0,0.0,0.0,0.0,0.0,0.0,0.0,0.0,0.0,0.0,0.0,0.0,0.0,0.0,0.0,0.0,0.0,0.0,0.0,0.0,0.0,0.0,0.0,0.0,0.0,0.0,0.0,0.0,0.0,0.0,0.0,0.0,0.0,0.0,0.0,0.0,0.0,0.0,0.0,0.0,0.0,0.0,0.0,0.0,0.0,0.0,0.0,0.0,0.0,0.0,0.0,0.0,0.0,0.0,0.0,0.0,0.0,0.0,0.0,0.0,0.0,0.0,0.0,0.0,0.0,0.0,0.0,0.0,0.0,0.0,0.0,0.0,0.0,0.0,0.0,0.0,0.0,0.0,0.0,0.0,0.0,0.0,0.0,0.0,0.0,0.0,0.0,0.0,0.0,0.0,0.0,0.0,0.0,0.0,0.0,0.0,0.0,0.0,0.0,0.0,0.0,0.0,0.0,0.0,0.0,0.0,0.0,0.0,0.0,0.0,0.0,0.0,0.0,0.0,0.0,0.0,0.0,0.0,0.0,0.0,0.0,0.0,0.0,0.0,0.0,0.0,0.0,0.0,0.0,0.0,0.0,0.0,0.0,0.0,0.0,0.0,0.0,0.0,0.0,0.0,0.0,0.0,0.0,0.0,0.0,0.0,0.0,0.0,0.0,0.0,0.0,0.0,0.0,0.0,0.0,0.0,0.0,0.0,0.0,0.0,0.0,0.0,0.0,0.0,0.0,0.0,0.0,0.0,0.0,0.0,0.0,0.0,0.11457816765484158,3.3855091850126168e-6,3.866825733457502e-6,-0.0005441781088576255,0.0002110930610915404,3.2404649653376426e-7,0.0013848339008644785,-5.0032891530224285e-8,0.00018423378171426752,-5.2798242867990196e-5,-2.1545360735424654e-7,-5.820061038517254e-6,5.568594631734342e-7,0.0014384844561986208,0.0015571409058070527,0.006627034477095425,4.583545587932878e-5,0.0001470004703037257,-1.8161994891965652e-8,-1.604725874848691e-6,-8.95831575836021e-7,0.002085214927363182,1.826421441321533e-8,-0.006269456640546033,-0.02550996456751738,-0.00024731568304520705,-0.0020783983507213855,-5.556409207469872e-6,9.622364000266658e-5,4.635997708997108e-5,-0.0014244005251261762,2.9672900546309494e-6,-8.959198871430594e-9,-1.8933769732291923e-5,0.00033422859817055383,0.0018825462269180943,-1.9330770263754516e-6,-2.5803897177520288e-5,3.7419279361980287e-7,-0.0005126215446553549,0.0006223802819488976,-0.001858512009446745,5.358673123284387e-6,-5.299413472563404e-5,-0.0017431636256810391,4.721164452395648e-5,-7.605539895373958e-6,3.544029425895387e-7,1.7847380539699893e-8,-1.0199486170222272e-6,0.01696887822533819,0.0075321893938305,-3.814254225419708e-8,-0.001721952217088336,-8.718379111188997e-6,-0.00017947091913625445,-2.6908435365475037e-7,-0.0004872646658932216,1.4882904050423586e-7,-3.238512716425464e-5,-0.00042786412842239714,-7.888932632395382e-5,-5.326375096699311e-6,6.746116404526251e-7,0.0003830525368094875,-6.196226190111529e-6,0.001070471347761171,-3.53448932402323e-7,-1.3770691878869675e-8,0.0013576974068933133,-0.0007511005719973117,-2.3599635143955454e-5,2.6511622442760706e-7,-0.00039375451461379636,0.0185202698391435,-0.0005540660359931485,4.481125477509796e-5,-2.0411706157874906e-6,0.009223631622832854,8.350329698689358e-8,-3.3105294637684865e-6,6.893058197954475e-7,9.433532403371018e-5,-0.005373169912428053,-6.297476080972667e-5,3.9360016090478196e-5,-3.893339480242779e-5,0.00023625953630353945,-3.6394507276660496e-8,-0.00017907618992797316,-1.5673435351381669e-7,-0.000436366771013706,-5.672426011075428e-7,-0.0010861760915934124,-1.116644957989851e-5,7.707946979277911e-7,1.6026249394750115e-6,2.9482756877004737e-8,-1.1243145507224597e-5,-3.754843401952755e-6,1.6607826002437105e-8,3.8139279937171223e-8,0.00167371333305704,-0.0001201647777317702,0.00028223101586885926,0.004571844621283794,-1.6603805083803574e-6,0.00028038427708906367,0.0002682034262907388,-8.464616038026528e-5,-4.890437354809191e-5,0.009131760157480188,-5.049024482038468e-7,4.961693265597493e-6,0.003994389617169693,-1.85026100220318e-5,-2.0250442551805343e-6,-1.4741302064462802e-5,-6.195090146424959e-7,3.840896374437778e-8,1.3561709597367956e-7,3.7690955323391363e-6,-3.579772237243811e-6,7.268479799382772e-9,0.0003035464674125969,-0.001684232485978823,2.5507221566478265e-7,0.005420365268581358,-6.467781905775915e-9,3.3518093454818936e-8,1.8481482148561635e-8,3.5161934507656834e-9,2.2440467610606064e-9,0.00021662170397852533,-8.47170025228619e-6,1.7748396370720514e-5,-0.033293904689015226,2.8199721640448546e-6,1.0913973362379377e-7,1.0281398509000482e-6,7.440791076177992e-8,-0.00015393748442082308,-0.012763291428790804,-0.004882224117069521,-4.3822959377658366e-8,0.006572967851670452,1.2059310208338491e-6,-3.5723874469574514e-5,-1.9970958587469326e-8,-1.4477652476298946e-7,7.190578637073024e-7,3.580746891136655e-5,1.997170329769822e-6,-0.002543087003461476,1.7395451264128678e-6,1.0001864089914268e-8,2.0320228033798e-6,0.019820824381163837,5.494948171578965e-6,9.458903408606478e-6,-1.7413745877496681e-7,-1.6845032033253965e-7,-0.0011364146330442738,-4.506799144831649e-9,-0.015173814161820778,3.174488539305197e-8,6.234536624980403e-5,2.3779155633200436e-8,-9.143232471684913e-6,-3.3541039941919073e-6,-4.2842297415559355e-6,-7.488555179266194e-7,8.404812982782707e-5,0.000798400910461738,1.4003298630261429e-5,0.00015916108545300308,3.4504124345305463e-10,4.904428188916155e-7,-1.790304092658133e-5,-4.777153703138723e-6,5.2138014087716555e-6,-0.0007509909220106572,8.158756859803988e-9,2.1460067378322133e-6,0.0015556591642444826,-1.81571757715538e-5,2.5474766849031676e-7,3.304787674537264e-9,-6.502986201825049e-8,-3.024998807786056e-6,1.4095599573206876e-7,3.0849885524939087e-7,-1.035044323530149e-7,5.66010317679287e-6,-2.55587846367231e-6,-0.0005447529016021072,0.00045973954249600317,3.369480989794974e-7,1.3504322934953798e-7,-3.9183224057065934e-9,-0.0014470306368797048,6.92055791415301e-7,7.162468129291503e-7,0.0028049547787817107,-0.0007401728118992422,-2.3591152532092456e-7,0.00011880545736934205,0.0039690974519224695,-1.315173592709058e-6,-1.1287639828843779e-6,-0.02307454558228294,0.002837907560752624,0.0010719470779691114,-8.2508164423688e-5,0.00017222506004459484,-3.2538947306467176e-5,-9.274117258269015e-9,6.418822195852765e-7,5.8918297587917156e-6,0.0004746479209425638,4.7271579600598557e-7,-0.0003525248092910538,-0.00660227242378453,0.00022216070278503533,3.5608656408785266e-5,-0.00014779323873805405,-0.005278531954920314,0.057776678229583364,-5.514892384133146e-9,-0.03549390391173487,0.00039520513668121516,-8.436402700311272e-6,-2.5876847972785807e-6,0.0010052346916724945,1.0378189426246439e-7,-1.5272244726949808e-6,-4.994682443680689e-5,5.564489886108518e-5,0.0003464946493679726,-0.020186288473208153,2.4182870683039484e-8,4.563068576916847e-6,0.007278117188736455,-0.00014739801895376727,0.00012807976127785075,6.134314462274839e-5,6.64554230036369e-7,0.0018721900888731531,0.0008711406254881198,2.7823884179726505e-6,-2.443921955557116e-5,-8.885144665267456e-5,4.056973567844735e-8,-0.00023483605415311533,-0.0040601408917337765,2.1397268307893263e-5,0.006395792540429225,-8.369396203079881e-5,0.001922113940497472,1.034083625726445e-6,1.9194049656991937e-5,1.553635763388759e-5,-3.0881804998351545e-5,0.0004406448781600784,-0.00022442141927520398,-8.308124265296592e-6,1.0129059457529526e-5,-8.312395243462621e-9,-0.0014566718169225605,4.550198262281514e-5,-0.00017512025471115401,2.09016518779364e-5,1.9527354240866253e-6,0.00039960313013008786,-6.525905824877134e-6,-0.0013331797331223982,9.627282300269793e-8,-1.015935636118949e-6,-6.855754539474965e-7,-1.3891424708405983e-7,1.8011152968490421e-6,-8.060736299155829e-8,0.0010807295355475608,-2.7954293429877998e-5,-0.0005330556476616724,-5.529581276968975e-8,4.8119280266116826e-6,-0.003472616218038474,-1.5578986668618441e-6,6.96682754086046e-8,2.5229766073590433e-7,1.3121645783091538e-5,1.3885197899834406e-7,-0.00013790071558696467,-4.9253603452643925e-5,0.0018510420820503856,0.002307232433491052,0.004230821660313512,0.00020993735892508325,0.0021095241374651107,3.4619116214026625e-6,4.250966576162549e-5,0.0014916720822936295,-0.000168893297132663,0.00017034181893107835,-5.311451846872907e-9,9.86637767630259e-7,-2.877531218137656e-7,5.797648488048318e-6,0.0012284506117198081,1.5757077489991748e-6,-0.0005084279253674777,0.0421875361387489,-0.021796777162634277,0.001996039620434698,-0.009760406328692909,8.345547684808761e-7,-0.0008981646281221311,-2.1964865599524783e-8,2.2221434282892496e-9,-0.0015074387978143372,-0.00027717302166715236,8.900426442176172e-6,4.887973609118154e-5,2.673306798726447e-6,-5.950902152615493e-7,1.2238260405138178e-8,-2.956539075007909e-9,-2.5061164905720897e-8,0.0004335543994211255,0.00010019794633466124,-0.0002012239262726537,-1.4610816855824383e-5,-3.320400171955875e-5,-1.9434338135678018e-8,-1.8034948091348618e-5,-2.834040876336846e-6,0.00042931042183638415,1.8540286887938823e-8,0.017352706035745288,-0.002849353491298503,0.0016682961046047863,9.175737271631392e-7,-0.016420269244208804,0.0017339915960223598,0.005466913960517532,1.426201428231976e-7,3.5523790506714723e-7,1.2980222965207735e-6,-3.398497553708243e-5,-2.795599179247374e-8,-2.065702058330669e-5,-1.0413138895071149e-7,4.194530769344065e-6,0.0026785658698216803,-1.1780262542121202e-5,7.194570346507258e-6,-0.00021438123299308425,-9.628546466150763e-7,4.864569049832139e-5,-1.4039387341637177e-7,7.324042745814618e-7,0.05186663504971562,-6.43919017688113e-5,-4.709461872104656e-8,0.0011079654740181663,2.4855621310772955e-6,-0.002798384629081371,-0.00020392564552946843,-3.423115783520624e-5,0.00040195404759346443,-5.131997407650281e-8,2.2256644362345137e-6,-1.7862679309380998e-7,-8.17379147033426e-9,0.0003558942924449168,1.9490921815272293e-6,3.662815641653875e-5,-1.079756831241776e-7,7.717438516840156e-7,-0.0026604447315501586,-8.622297398644968e-6,1.010773916970561e-5,0.0005378962812135695,-0.004031741297401757,-1.1991567219307216e-7,-0.00033075229866685906,-2.1684723899366028e-7,2.049881727600434e-7,0.00010747277931167787,0.0033184489959092517,0.005506094682375423,7.735892955281905e-7,0.000155668051640303,0.0001988321105869337,0.0014990479631076493,2.3222337386182562e-5,-2.4525313976403443e-5,8.747910480297654e-5,7.062571967321824e-8,-4.952747395631701e-6,0.00166073604054808,0.0029054066826105012,-0.012898943782591162,0.0012820176214050232,9.484465847097538e-6,2.2545067036774578e-5,-0.0068606110397496185,-1.223272236127777e-8,-3.5617136389232117e-7,-0.0001339184468647798,3.8708037993961804e-7,0.0025371756276087055,1.651679691323038e-5,5.741558056969895e-6,2.5044890946756968e-6,-5.289522122927943e-6,-3.2277326807993293e-6,-1.251580326160693e-8,8.606761298382135e-7,0.0010994774389302808,-2.1763942642138708e-7,0.006196393795686443,0.0015955066402306532,4.6483881729730145e-5,8.47761702446816e-7,0.000848531722760973,-1.8495255251147813e-5,5.680581650149757e-5,-2.868699168042666e-7,-1.8106580173177084e-6,-8.205503840107028e-8,0.0021431984665310345,3.289047621622428e-5,3.1616252819426135e-7,4.435739758702217e-8,0.07134914930433142,0.005045365772957775,-3.4693814748607177e-7,-1.180940002885536e-6,1.4537426657366987e-7,-1.3557271095531658e-5,-2.5868863530261213e-6,-6.875214060721429e-5,6.841469899574032e-7,7.621693652840099e-7,-7.511279899243309e-9,2.0187514732247665e-5,-9.822172679264823e-7,-1.079129087343661e-6,-4.758034635297736e-6,-8.137763757946351e-6,0.0006831473535540506,5.2584929276909395e-8,2.1734778937765038e-7,-4.1010595742112256e-7,1.4567801197977316e-6,-8.239215131563675e-6,8.631147580593235e-5,0.0008656952000371474,2.6775818822514152e-8,-0.041099127033311755,-7.23822656244675e-5,7.299915043530264e-5,2.586230754088678e-6,-9.081044847398476e-6,1.2077728586369786e-6,0.0003407796831739254,0.0027488940449632206,0.01765574414401804,-1.2221933302459544e-5,0.00498474849970766,-1.2803055362989992e-8,9.874297256197905e-6,0.014425138938528745,-3.218546607872076e-5,-0.0010089918690817804,8.922922674289673e-8,8.237539638202228e-5,4.744832137523272e-8,1.1681783527761972e-6,-2.837781200362232e-9,-2.465392892039147e-6,-0.010060153917394038,-0.0028475385456123424,0.019657058402451206,7.171716546319971e-8,-6.685694876475426e-5,2.741888694256703e-5,-0.00027050912292668776,-1.6225670550390617e-6,-2.08165978072018e-5,0.009604462195898557,2.1172015040440803e-5,-2.801737370635253e-5,2.196415486446334e-5,-9.373691433058182e-7,3.418323414915874e-6,-2.9644963784702083e-6,-1.2611617323651233e-5,0.0010265070090389806,5.194758930776045e-5,0.0014454839884665688,9.667928870072806e-7,-0.004415051051346895,-0.002471210507950273,-0.0003991322103272254,-2.0138999835072558e-7,1.205498875500953e-7,-2.7141148449084253e-5,1.6515823640287023e-5,-1.738923336425619e-5,1.1593137885271095e-5,-4.883542149427014e-6,4.231276548761008e-6,4.0039744845587616e-8,0.0004691527164519607,-6.613180134268203e-8
0.0,0.0,0.0,0.0,0.0,0.0,0.0,0.0,0.0,0.0,0.0,0.0,0.0,0.0,0.0,0.0,0.0,0.0,0.0,0.0,0.0,0.0,0.0,0.0,0.0,0.0,0.0,0.0,0.0,0.0,0.0,0.0,0.0,0.0,0.0,0.0,0.0,0.0,0.0,0.0,0.0,0.0,0.0,0.0,0.0,0.0,0.0,0.0,0.0,0.0,0.0,0.0,0.0,0.0,0.0,0.0,0.0,0.0,0.0,0.0,0.0,0.0,0.0,0.0,0.0,0.0,0.0,0.0,0.0,0.0,0.0,0.0,0.0,0.0,0.0,0.0,0.0,0.0,0.0,0.0,0.0,0.0,0.0,0.0,0.0,0.0,0.0,0.0,0.0,0.0,0.0,0.0,0.0,0.0,0.0,0.0,0.0,0.0,0.0,0.0,0.0,0.0,0.0,0.0,0.0,0.0,0.0,0.0,0.0,0.0,0.0,0.0,0.0,0.0,0.0,0.0,0.0,0.0,0.0,0.0,0.0,0.0,0.0,0.0,0.0,0.0,0.0,0.0,0.0,0.0,0.0,0.0,0.0,0.0,0.0,0.0,0.0,0.0,0.0,0.0,0.0,0.0,0.0,0.0,0.0,0.0,0.0,0.0,0.0,0.0,0.0,0.0,0.0,0.0,0.0,0.0,0.0,0.0,0.0,0.0,0.0,0.0,0.0,0.0,0.0,0.0,0.0,0.0,0.0,0.0,0.0,0.0,0.0,0.0,0.0,0.0,0.0,0.0,0.0,0.0,0.0,0.0,0.0,0.0,0.0,0.0,0.0,0.0,0.0,0.0,0.0,0.0,0.0,0.0,0.0,0.0,0.0,0.0,0.0,0.0,0.0,0.0,0.0,0.0,0.0,0.0,0.0,0.0,0.0,0.0,0.0,0.0,0.0,0.0,0.0,0.0,0.0,0.0,0.0,0.0,0.0,0.0,0.0,0.0,0.0,0.0,0.0,0.0,0.0,0.0,0.0,0.0,0.0,0.0,0.0,0.0,0.0,0.0,0.0,0.0,0.0,0.0,0.0,0.0,0.0,0.0,0.0,0.0,0.0,0.0,0.0,0.0,0.0,0.0,0.0,0.0,0.0,0.0,0.0,0.0,0.0,0.0,0.0,0.0,0.0,0.0,0.0,0.0,0.0,0.0,0.0,0.0,0.0,0.0,0.0,0.0,0.0,0.0,0.0,0.0,0.0,0.0,0.11377742063787927,-1.994800888086922e-10,-2.418699385781594e-7,-4.1692572440383554e-5,0.007203456777083693,1.91312407124602e-8,-0.0047677855053953125,-1.635821709827558e-9,-0.0011148242385690627,1.316085940682792e-10,-0.0014607809081410327,0.005718649501638907,9.668381787682406e-9,-4.411868022382676e-6,-5.196961533922561e-8,-1.157479847355227e-9,1.1877953363322352e-8,-0.0003834367850839885,3.529753963183197e-11,5.201514267262121e-10,7.682690256435263e-5,0.000716578003170252,-5.124569617500342e-8,5.28820488627239e-7,-1.0577006892427458e-8,-1.0768964610132167e-5,-0.006931299337455476,6.241849143776627e-5,3.4970779702216616e-9,-4.059934086191923e-8,7.199187955032699e-11,0.00017943195530635735,1.538001382970701e-9,-4.673605839597056e-5,-5.56059334310328e-7,-0.019143901797099936,-0.002887966136550031,-3.0891714712871396e-11,-1.9802797836744423e-6,-7.500989816568172e-5,1.023818705364861e-7,-0.00010442250886020569,2.5663519680879275e-10,4.579940623468164e-7,0.0035495266562156924,6.0897741275871685e-9,0.004705181669151999,1.4514823087289762e-11,0.007750367065808821,-8.680206148974452e-8,1.7544666573383367e-5,-0.0005913528567528324,9.61277444837385e-9,8.269676686374342e-10,8.94680249493713e-6,0.05963297665128078,8.528215194851874e-9,0.005380870312029844,0.0019127198672115053,1.328650688711476e-5,-0.0003524740310733848,-7.449782490891576e-11,0.015546934096374733,0.0001392923890644632,9.774987104138834e-11,2.2967751557092296e-7,-0.001417843843508401,-0.0004528346171448352,-1.5585850626277094e-9,-0.00019343525240359452,-0.013269604953288636,0.017495442001111382,-0.00047761529123645176,1.1431650801319352e-6,8.895170131496665e-8,0.00010489578251960076,-0.01568382503492376,1.0317982026388642e-5,0.004999973467693505,0.0015049413512852672,0.027958666933428522,-8.092569480261788e-9,3.516351011224727e-8,2.1213184313284857e-9,3.341233070653092e-10,-0.00031657913864292764,1.2586228318823533e-5,0.00048771278879338527,-3.213177025543256e-7,-0.0031198006233928758,5.692741499601253e-9,-0.01917081918794396,-2.5880517707740585e-6,-0.01895030524107303,-0.024768817699351405,-0.0009361802711402323,-4.41421851148076e-5,0.001146406982418468,2.0923666362195704e-11,-0.0002653715961817764,0.00045130071451749,9.358502054489613e-6,9.56226158227942e-9,-0.000154613045825009,3.1232768500672022e-6,1.8247209793764705e-10,3.918829281921794e-5,0.00018871235154092967,0.00017166693973092394,6.118610567911075e-7,4.16925626566892e-6,1.788675627775036e-11,-4.2776235495237303e-10,-7.581246404330665e-6,-1.988556169331931e-10,4.898643200315783e-11,0.0003830470443125669,-0.004569805169460349,0.0013663806344234477,-8.920409873620255e-12,0.005623871249157463,8.830892145741602e-11,0.00029564668976254384,-1.3757165142924665e-8,-1.1415151357516828e-5,-5.0299673969573056e-11,7.388031030138299e-6,-0.00017871105645593665,0.002092282330037914,0.00039258543377538907,-2.385097219065581e-5,0.0003096062027113478,-9.547714738846889e-9,0.0009684636864298167,0.008299053808316536,-1.5721654394981361e-6,-0.011781805292082097,-5.179190022761105e-5,1.3390684938667821e-5,5.6379827418618584e-12,-6.321214172060433e-5,4.1861632513131174e-7,2.2208338314096455e-6,-0.014153398199303965,-1.5977817741542289e-7,0.004657512999239619,4.3835281186016946e-9,-0.0004461400480362412,-0.005324030471060475,0.033063764092066364,-8.199968384945001e-10,0.004578017918698245,-1.8733950177729701e-7,1.4913413101384068e-12,0.0014651704924854494,-7.096990108730382e-12,-3.318769612680093e-7,5.374785229016341e-10,0.0010309301299069801,0.007913024145835263,0.002744303081868343,9.114609706553212e-5,-0.00014136184156859644,7.364746938851306e-7,0.0007219019735509074,3.432768426587357e-9,0.008451072908976415,-0.030271733104228312,-0.022172099993054032,1.2215987017095531e-10,-1.283941967029829e-11,1.2855383570811814e-8,-3.1167211621339537e-6,-0.0015351088211780159,-4.2904511863478084e-8,-0.006118659160476643,4.60979774617954e-11,-0.0005544401305371554,-0.015561725364935977,0.012954561287218785,2.74188455298786e-10,0.0002550022619434028,3.357399980257597e-10,3.904094942985052e-6,-3.359272509496894e-10,0.01023123445208578,-0.0001327594918029316,-1.0662079269750913e-5,9.310387000525441e-11,-0.0003031011669121475,0.005153366629316723,0.0006995285302913326,0.0032644513956397643,-1.2105238344551828e-11,-6.195954420288973e-7,-1.1916443631446224e-8,0.003946509573685634,0.005515974036904954,-0.00010314000540895226,-1.0067207406500352e-6,0.009079301339590555,-1.2981364734141291e-11,-3.594592262827705e-7,2.225193175195763e-5,0.0010427349902386274,-3.015626319438487e-9,-5.0912625071231034e-8,-0.007577834855044967,-0.00282831527058096,-5.966712643009651e-6,-1.8725007653127492e-5,8.08232794746354e-5,-7.3732222227437164e-6,-1.1260562359108067e-8,1.023291869279881e-9,0.0001767672496718066,-0.005290857038230482,-4.3114011630941524e-10,0.0001237935792803027,0.0022588737507270892,0.00040755972835723606,8.990430340634445e-8,1.7741394971114705e-5,-2.6248829491279947e-9,-2.810418749679247e-7,1.8506537306504543e-7,-1.200897206558635e-6,-0.0005040870789329962,-5.440734098301535e-7,0.00012558181748036207,1.0223281505832781e-10,-2.7937509718397847e-11,9.165710142085618e-6,-0.0016570997756038528,5.3744274043423536e-11,-1.0251673911763855e-9,-1.513946510730744e-9,-8.857271145890809e-9,7.22298398924765e-7,-0.0003299493804202127,0.0013451065702447854,6.499421857307425e-8,0.0007340485474288487,-1.995911375167608e-8,-1.358595681913726e-10,3.76404560390701e-11,-7.041572801137842e-8,5.823008374096216e-5,4.4523342891555543e-13,7.464137065989486e-10,-6.872330202109936e-5,0.0010524573546946193,-0.00045877634674446516,-1.4327583656704727e-5,2.9772694403397876e-9,-4.0212223859875745e-7,2.6442087731687517e-10,3.381656412185519e-5,2.3119585789245508e-10,0.005841142606963716,0.003870415853229806,3.3593583238591332e-9,-1.0797265180073265e-5,8.54510837032703e-9,1.4943563243238185e-10,-2.4118172920693145e-9,-0.0006566451343686215,1.1962616187481127e-8,0.00041050754024156834,-0.00019844733030122475,-2.6638760953812668e-11,3.235179417763882e-10,-9.503327094784341e-9,6.291591309094258e-10,-5.232322598133372e-5,0.0010654531138025957,1.507657379594227e-11,-0.0005107349250874566,-0.0004470737809275711,-1.50553323958345e-10,-0.002351727652816627,8.27409229193825e-5,1.6875596628938132e-8,9.655342635725677e-8,-0.0018371056573438815,-0.0010067498034812446,-1.8523353400712797e-7,6.643163114196113e-10,0.001362108613553978,-0.014577587230928286,1.3477775872811962e-10,0.05784039264351858,-1.1919874317375609e-7,0.0002806490414273704,-9.606957942008438e-6,3.4994001117383805e-5,-2.6546603744650106e-7,4.674833638864459e-9,-5.072263885252058e-8,-0.0008155174808957709,0.0002186878285750785,1.8752135456743824e-8,-2.9213097521231656e-8,-3.1898396388437225e-9,-9.267443746683775e-5,-0.01984153088922825,2.4238892733980915e-11,1.2334412691176478e-11,-4.3014350152819525e-7,-3.756212686173445e-11,6.378408144789223e-9,-6.068875638619861e-7,-8.997926040231558e-6,5.1906945052768216e-8,4.3758060224553007e-7,-0.0255724213968042,-8.022903682109679e-7,-4.1413917807863885e-11,0.00010937482772853904,-3.6274281221708016e-7,2.3094585830722257e-5,-9.549549872698352e-5,-0.0011870734166477997,-8.279112815175986e-11,-4.2077474500870514e-13,9.487647318685739e-5,-0.0003057903364961296,-0.0007163566006713454,-7.111713536397063e-7,-2.7451296501214424e-9,3.339119910726749e-9,-0.0031338962374787183,-0.00012038364933131166,-4.7916030735904714e-5,0.0007237721208255254,-0.012401420368396905,-1.2468509331500138e-8,0.00020146075212950919,-2.909887841307903e-7,-1.1328076703002013e-5,6.138263574573872e-5,0.0029148149139151245,2.2834299134613124e-7,6.171127221534379e-9,-8.234092943503978e-8,0.002789298640900726,-4.2874392212402344e-12,0.020062787687383832,3.4533423748242063e-9,0.004232940340610343,-4.1127181542596316e-10,5.832722715450768e-12,0.049061249025305724,2.3992730939709778e-6,0.0003036767634650586,0.004649334317225599,2.5347615745036637e-5,6.267434123176403e-5,-4.270993957858299e-9,-0.00245215554773938,0.013591090700850147,-1.0553532880321708e-6,-0.0003685083702707099,-0.022792914387174568,-3.818686270176285e-6,0.0003675496228418483,-1.6039498351196737e-8,-1.8992387156113074e-5,2.8923886881997155e-10,5.878611579684825e-6,-0.00014943908644641992,2.3320826434145174e-11,0.00572544870515236,-0.00015666881271530385,-7.220303035438054e-6,1.9766373506688178e-10,1.0078318790770175e-9,-3.7745152935988653e-5,0.018087316342122225,1.7546730696856578e-7,2.218891508596576e-10,-1.5291359983248158e-11,4.567639329699939e-8,-2.2632877520147626e-7,-0.00017975165831100068,-2.678045048473653e-7,-0.005213303616852737,9.985583983769713e-12,-8.776139290639405e-5,-1.3387765000468396e-7,1.6647604820718544e-6,-0.006512662973461437,0.0001392911482854475,7.897205501546385e-9,-4.036830458657349e-7,0.0005040501993330323,0.00014486839477899864,-3.989629591993597e-9,0.004816739646984291,-0.02081167428893919,-5.34592155700297e-8,1.07167400349184e-6,-7.138362911242409e-6,-5.102988921077591e-7,1.3231219387094503e-10,0.0006505246830176326,-2.058358291642855e-6,-0.0001391241951466719,-0.007910348180123787,-0.0004176690020396599,0.006647052785715605,-2.6069329272176357e-7,-7.005999881406813e-10,4.039476522504165e-11,8.22305329712857e-5,-0.00022426763335432458,-0.0015814787850850047,-0.0007645990325795849,-1.0883944906619181e-9,4.41526215847438e-5,6.565127755870117e-11,-4.2561007734063777e-7,-2.2304917036751804e-8,-3.1753398078018257e-10,0.025679704622243477,-1.3962572900276192e-8,-0.0023279910267245342,0.000718002725122599,0.0031954292934463363,7.47780230170858e-11,-0.0014454926676993527,-1.3448967162190703e-5,0.003227994699001445,0.00596004451177668,1.4927533551003739e-5,1.5862528618069043e-6,2.6326826180440974e-6,4.770561712380469e-11,1.6703250007318626e-11,-2.6194796989298657e-11,0.0011593990090203426,8.091205125259045e-11,7.159750169716309e-5,0.0036550783591758496,-0.004002898283004598,-0.0002688153883687486,-1.5362127034673087e-5,-0.012969828234111495,2.802683596176848e-11,0.0003363805101640501,-0.015712696672714455,3.9621056843679014e-5,0.00851404785238626,0.006456366637309461,-0.003251554568623345,-1.2191307747423298e-11,-0.0003655113078091141,-4.716734351096974e-9,-5.077627668736763e-6,0.0001879994171915655,5.577229657540943e-7,1.8714515782004694e-10,-4.344073471128749e-5,1.237208288544325e-10,-7.35018752409457e-5,0.06077885581168997,1.3010989814278709e-8,-8.596552817894325e-7,-4.560027194516019e-7,-0.01101469863408361,9.09147171674694e-6,-0.00038659890776398766,-5.895260523877339e-10,-7.355746808165702e-7,0.00036914901486413297,1.1133089280060158e-8,0.007514587230998975,3.3652161812007974e-9,0.005305736803537696,0.007341253195692174,-0.0002770792391643049,5.339390941431009e-9,1.2052131018776416e-7,-2.0830630353872847e-9,1.8695487750702265e-6,0.0026957976225771316,-1.4541100673805134e-8,-6.191093957591872e-10,2.1595491256119306e-5,-0.011688092723381371,-2.7914053770978267e-10,7.757336067703065e-6,2.3041654851944897e-6,-0.0009881912830217924,-0.001064343678801574,-7.742105597805912e-11,-9.424355812436876e-11,-0.0036294807380707187,0.000465065288142864,-2.9999821910847367e-6,8.987804682473039e-9,-4.480530786911258e-5,-2.1349827732322522e-5,-3.2761929393412306e-6,5.0141371228452305e-8,-5.274418200586102e-8,-0.007904338387762081,-0.011700353404361371,-0.0006655315457613683,0.0036532015810070147,0.0014279383939016454,0.004524227055256196,-5.20365761285449e-10,-9.551535084173064e-11,0.0010724461742455478,-0.00018965044604174442,-1.286209636445966e-11
0.0,0.0,0.0,0.0,0.0,0.0,0.0,0.0,0.0,0.0,0.0,0.0,0.0,0.0,0.0,0.0,0.0,0.0,0.0,0.0,0.0,0.0,0.0,0.0,0.0,0.0,0.0,0.0,0.0,0.0,0.0,0.0,0.0,0.0,0.0,0.0,0.0,0.0,0.0,0.0,0.0,0.0,0.0,0.0,0.0,0.0,0.0,0.0,0.0,0.0,0.0,0.0,0.0,0.0,0.0,0.0,0.0,0.0,0.0,0.0,0.0,0.0,0.0,0.0,0.0,0.0,0.0,0.0,0.0,0.0,0.0,0.0,0.0,0.0,0.0,0.0,0.0,0.0,0.0,0.0,0.0,0.0,0.0,0.0,0.0,0.0,0.0,0.0,0.0,0.0,0.0,0.0,0.0,0.0,0.0,0.0,0.0,0.0,0.0,0.0,0.0,0.0,0.0,0.0,0.0,0.0,0.0,0.0,0.0,0.0,0.0,0.0,0.0,0.0,0.0,0.0,0.0,0.0,0.0,0.0,0.0,0.0,0.0,0.0,0.0,0.0,0.0,0.0,0.0,0.0,0.0,0.0,0.0,0.0,0.0,0.0,0.0,0.0,0.0,0.0,0.0,0.0,0.0,0.0,0.0,0.0,0.0,0.0,0.0,0.0,0.0,0.0,0.0,0.0,0.0,0.0,0.0,0.0,0.0,0.0,0.0,0.0,0.0,0.0,0.0,0.0,0.0,0.0,0.0,0.0,0.0,0.0,0.0,0.0,0.0,0.0,0.0,0.0,0.0,0.0,0.0,0.0,0.0,0.0,0.0,0.0,0.0,0.0,0.0,0.0,0.0,0.0,0.0,0.0,0.0,0.0,0.0,0.0,0.0,0.0,0.0,0.0,0.0,0.0,0.0,0.0,0.0,0.0,0.0,0.0,0.0,0.0,0.0,0.0,0.0,0.0,0.0,0.0,0.0,0.0,0.0,0.0,0.0,0.0,0.0,0.0,0.0,0.0,0.0,0.0,0.0,0.0,0.0,0.0,0.0,0.0,0.0,0.0,0.0,0.0,0.0,0.0,0.0,0.0,0.0,0.0,0.0,0.0,0.0,0.0,0.0,0.0,0.0,0.0,0.0,0.0,0.0,0.0,0.0,0.0,0.0,0.0,0.0,0.0,0.0,0.0,0.0,0.0,0.0,0.0,0.0,0.0,0.0,0.0,0.0,0.0,0.0,0.0,0.0,0.0,0.0,0.0,0.0,0.11373825273378999,5.0841054678841616e-6,9.612917109478795e-9,-1.4627663591396036e-11,0.00013892718049834113,-4.025368909127618e-12,0.0007206417940207633,-8.318535094716141e-10,-0.015412839216025757,-2.479233607399561e-11,-2.698658765356497e-13,0.00021260298321943837,-1.2369074440041197e-7,-9.779605786104675e-6,-0.013077252585911494,-0.001021209346335476,-1.9100286645395537e-12,0.007771426498603781,-0.018903831649243273,4.521845423712345e-8,-4.6177616790263764e-12,2.442897464782069e-6,-2.2271138578225488e-5,0.000291622400487824,-3.6148506563598916e-7,1.1834038317532023e-11,6.85447540291476e-9,-0.0011962731432416248,-8.18456301436153e-6,-0.006397753485697042,9.45000767807052e-14,-0.004013577641866679,-3.661455094807456e-8,1.7606631936812514e-6,-1.1606375227047748e-10,-8.220189810946699e-10,-0.04052013038186144,-3.749597320505e-6,1.3141085994066667e-7,-4.9745286342702525e-5,-1.0160255393734407e-9,-0.0025844860063759974,-4.1792476882344104e-8,-3.1815959551272404e-9,0.0003195122905525835,1.773585027717584e-11,-0.0036788745577582657,3.730720692916974e-11,6.513922157847134e-6,-8.097826553234649e-7,-1.1913881218167834e-12,7.351210936962301e-5,-0.004166205724000432,-1.3376978237640875e-7,-1.3120275946518745e-10,-0.00047631637288178807,1.389772417296739e-11,-5.73400915364434e-9,1.2859764350554674e-7,4.976695896508201e-8,-0.008552991141549803,7.039915360654025e-11,-1.9749437846368973e-8,0.014891981045865078,-9.051561920868733e-7,2.615145670647095e-9,4.8284027475037085e-12,0.00018869362306559663,-2.7180795566818644e-8,4.496855117248493e-10,1.9202607743885756e-11,-7.306426022500238e-9,1.6035266067480916e-6,2.4685826730830284e-5,4.842095941417488e-9,1.817559530301272e-9,-3.173190589745892e-7,-1.189188704845303e-11,1.0816194459825753e-10,-1.0881223408267353e-10,0.00032246411966231793,-6.967646611421544e-7,-0.002926988471819867,-0.003776915944836992,-2.3576021121866154e-10,1.9399581731483582e-8,-1.2427566136924785e-12,1.8536346147355042e-6,-3.4718314396695544e-12,0.0010313993760572967,8.594354172296867e-12,1.8137759585674086e-7,3.403435287040822e-11,5.5795914406480916e-12,1.7628510167810014e-9,-3.421425689804158e-12,-5.86547321378025e-9,-0.007357492962897292,2.451543865710385e-12,-1.324866830388831e-12,-1.776784267562048e-9,-0.00014209928610189117,1.7156482162857794e-8,2.888304784767805e-7,-0.008455699300106296,9.596729087321097e-8,4.106530122330038e-9,4.8740864894967455e-11,2.0805815648255417e-6,-4.034199189655077e-7,0.006993349398174556,0.00637190597070348,9.413137499882857e-8,0.0007501299676034202,0.013077285203525264,7.119892236830387e-10,-5.4491410694035576e-11,-4.582082507076239e-12,0.011949596451177815,9.247414688801267e-10,0.002784860437958898,-2.782525542045636e-12,0.0003724224258114921,3.328883142823695e-8,-0.009857378602050482,-4.1216869376033864e-7,1.3671639971174312e-13,7.19686929627448e-12,-2.5994214937520168e-12,-1.343452991701566e-12,-3.5726908998411493e-12,0.0008265892181315399,1.1608463811029903e-9,5.261419867444549e-10,5.877431468060223e-7,1.3733614061148588e-10,-2.657740386006218e-11,-4.509146291847691e-9,-0.011707067484206623,-1.173679244920778e-9,-6.512531995221709e-6,1.5575849463632962e-6,-1.5253493251647722e-11,2.6134007396453124e-5,2.757153132327833e-11,-0.0035177112341529078,-6.018104045524405e-13,7.754092106838252e-13,-7.123343943593057e-10,-0.0020542632270941735,1.1875803409981803e-10,-7.8055226038994e-7,-0.025941987985346422,8.310142972152002e-12,0.05995642523906289,1.526120086366715e-5,-0.007307521351578638,3.5329782167537846e-9,1.4389488221902274e-12,6.996923095114838e-12,4.167943761048731e-9,1.4395527492784223e-12,5.093726257026971e-6,1.3879834382951874e-12,-9.889888031833358e-5,3.0960064593507124e-11,-2.339496767687517e-10,-1.453602082679348e-10,-0.014322177188099451,0.013030614428330277,-0.00038703782888947823,-5.232836793442334e-7,-3.1744257562082776e-9,5.575152758464053e-5,-1.8975228422157468e-11,0.017379466696002894,1.171562464637975e-9,-1.7433707108625194e-10,-1.9314055109404522e-10,0.0007351620119791947,-2.2294468314159768e-13,-0.018244539689985097,-2.489110795679909e-7,-0.005957687426056796,6.9883896500719196e-12,3.458588426903284e-13,-1.0287880006183429e-11,0.01049262084971366,3.828642655408131e-12,1.8775201111956835e-11,-9.925063427493241e-12,-2.937941508425712e-10,0.036708895426542355,-3.385910337299647e-6,-8.077104607345003e-5,7.921447725498764e-12,-5.526068519720455e-12,-1.4163642117524848e-12,2.8513771526896212e-6,7.062250131083987e-11,0.006701215590249643,-1.777248384692929e-6,-1.913140339665059e-7,9.51054895279327e-12,0.0005884149379017654,-2.7977008946875748e-5,-1.63489304585759e-10,-6.995937944558172e-11,1.4118118791510213e-6,2.629892784701168e-7,4.8949683279848085e-8,-7.01894310298798e-9,0.00010119928493400276,0.0035767249578745643,-1.923289709726192e-13,-4.5906563362003956e-11,0.003779996214919302,2.6386206515958306e-8,1.6056589006710271e-10,-2.5140466253918387e-8,-3.404928757286476e-6,2.5936377433332053e-8,0.0008810193570195748,-1.8216520043290852e-6,-3.668831256922608e-5,5.210549995028425e-6,-3.0895871402649063e-13,-9.844919029853485e-7,1.3545742916486878e-8,0.006416488017842921,0.0005627206298486167,1.3067614275960505e-8,-7.851136942656834e-12,0.0003476383123839966,0.0014480929641326537,-0.0007833586790816623,0.0002113093149272868,4.6433378537587264e-6,2.2918611704522694e-11,-3.8533042649956377e-10,-1.5927447931603124e-5,-3.4717080894901444e-8,-4.7469560313543155e-6,-0.0022512713843428566,0.0021031796019322815,2.4733434948233434e-5,1.4434625875663727e-7,0.011304514121991552,-0.0010700908545533516,-7.997279570583712e-9,1.7556739402198421e-12,1.9398964968962303e-8,7.782426985907212e-8,0.000658056401040704,-7.794872956906909e-6,0.0011338702064343752,-2.0709360829581057e-8,-0.018166572461202776,1.879329501965431e-9,1.8060208452870123e-9,-0.003565737397122817,3.4094027036739326e-8,-0.0006529114177071175,-0.02484526187860279,-1.8939432273982556e-5,-1.1728565881123761e-12,0.00012222940948631181,-4.0817856653778875e-8,1.1095529356763186e-7,-0.01496101350198352,-0.014911794840543169,3.4110998258661494e-5,-0.005401929939715895,-1.0525493562084139e-8,1.0189752871494988e-11,0.010248407197412405,-9.896111464976754e-11,-1.8348251729320288e-11,0.001284245024793298,-3.6801985745303605e-12,2.3155774819801404e-8,1.1573951745721092e-5,-1.4443825954184962e-5,9.79105407626055e-13,5.199466225415106e-10,6.092984696230076e-7,-0.008350461435978849,-3.016882600878681e-12,-4.216689657893984e-11,-0.010908331110183222,-1.1878455695101017e-10,-8.537380681490154e-6,-4.811392668438758e-9,-1.563838579852971e-7,1.2301787632071878e-7,1.416828565281952e-5,-0.0002175054652023036,2.2337839538575452e-5,-7.725566022435847e-11,-9.64137320057527e-10,0.00014720645545592543,0.00031127184729964766,0.0010174270215029047,-1.2879356477390384e-13,1.0273183973828307e-11,0.0015964214116027913,0.0012086016440093787,-1.2941967727475176e-6,-0.0022293500927232533,-0.0008460079823226576,-5.49521564012521e-6,2.2596358468650546e-7,7.494799008586859e-6,2.6279029047018834e-7,2.078419282039624e-10,1.3875062926144334e-7,0.0030820418672623633,-2.0491884880468266e-13,-2.6705096384640487e-7,-1.119413070407378e-7,1.723523337095174e-9,1.6662266421140132e-9,0.051574138754504895,0.015099752034268122,-4.000831545453565e-13,-1.1167483043954402e-12,-1.0598179706235904e-12,-1.4782745974209874e-7,0.0008967602066191069,2.6873135238593204e-5,-3.6746141384069656e-11,-1.1301846743288692e-8,2.1429202586496516e-12,-6.6675997531616385e-9,5.939853488538245e-11,7.430601797453144e-5,-3.302170056988978e-13,-3.965000404659357e-6,3.98789556485801e-8,7.222849259958741e-8,-2.48348339475744e-11,-2.5027155432023036e-5,0.00039854636308771024,-1.0160412141568136e-5,8.292042300056747e-12,-0.0029732666353999566,-2.434946246565802e-10,-0.0003924715961016717,3.7798566273968465e-10,0.0004975930820078,0.00903406460532205,1.9308140257121977e-10,-2.450890869341537e-7,4.443663352149345e-12,5.78130776251286e-10,-2.4642944687159033e-9,-1.9038198616618064e-8,0.00010015367072836331,-9.316103195560164e-12,3.413923221568888e-11,-6.885178451210779e-8,1.2207006282076512e-9,1.596734204052501e-11,-7.941942502343657e-8,6.982850637587358e-10,9.146818505910268e-6,-2.287906150240447e-8,-0.0020120874917683284,-8.15268929510189e-7,5.101594810578117e-12,-0.007757198542808641,9.388844722605418e-11,-4.337681261844326e-13,1.8879422945872526e-8,-0.018406015921031513,-0.00034547781891911314,-2.1401225851985334e-11,-2.1507024137208274e-11,-3.263489189530639e-5,-0.010251810006765871,-0.00523962146877241,-8.582576798190733e-5,1.880669891725729e-6,-3.456188085214848e-11,-1.371504627158778e-7,-1.2151156546112222e-11,-0.015520834237525441,8.06530310869879e-8,2.8862506005057454e-5,-3.7475453892635347e-6,-8.837245344872278e-12,-7.980668633454209e-9,-0.0003236742170516658,-2.887202809731035e-7,3.466547780874401e-10,-2.041981586623838e-8,0.00026435399131399166,-5.348284012963676e-12,1.6482666831231918e-10,4.414587356625007e-5,-1.6765351706974866e-6,2.626010771670648e-7,9.177306823996095e-7,0.012879732863597894,7.110201265025948e-10,1.379572086829435e-7,-5.133869688103524e-13,1.6028289726286585e-11,-2.0403155117889666e-9,7.440242358349808e-12,7.339047484890736e-7,-0.00676129776644437,-0.002487506766917078,1.47783418502924e-10,1.1211270621164272e-8,-4.59995222850786e-11,-7.921123870902625e-13,-0.0010391572125090847,7.141240009216651e-8,-0.0031758966681999725,-4.151183276267033e-6,-6.519228572610849e-5,-0.002518577001486886,1.1549668442727605e-10,3.763032054847999e-5,-2.1195157455460175e-9,1.5666182412547266e-9,-3.832108549820712e-11,-5.7668705097030815e-5,-1.848459220399526e-11,-1.791592024704733e-7,-3.531144011914168e-9,1.7127488858608555e-11,4.191488072830411e-12,-2.1087589595975014e-7,-7.242452141380222e-7,-0.012438459770422815,0.007242502643077623,-0.002370337707037393,-1.2591713269743626e-9,-0.002205118890769005,-2.0043579016431637e-9,-1.7959557677776506e-10,5.203479551940264e-11,2.188205749522746e-12,1.2900669188490637e-8,-4.983119994133221e-11,0.007949854280341657,-1.7864187763018139e-9,1.3690297717133839e-9,6.637423766149309e-8,1.60631298816133e-11,8.540887669100897e-12,7.927256099190849e-12,-0.003558519758444504,2.7347020373623295e-9,4.428933306457124e-5,2.5446451592559745e-8,-8.656875362122209e-13,-1.0469807844600044e-6,-3.96782266528308e-5,1.1471835897231172e-8,0.010395625142750078,3.000777116488383e-9,-1.421309954256753e-10,8.987021110249046e-5,3.331531570832023e-8,-7.711405247318969e-7,-3.8543320849821344e-10,-1.6914348777478968e-7,-4.561721056998262e-12,0.00017197017002759668,6.400342532266566e-7,1.6328998184180878e-9,2.4074039272184094e-5,8.22764781800753e-12,-0.0011066773454988378,3.781644720413025e-12,4.635874086293351e-11,5.389710215869321e-13,-0.001829763808139825,-7.286415260810237e-6,1.6105607892041939e-6,8.756441186809207e-7,4.009588531272819e-12,0.00025276682094476895,-0.0009135001833655331,1.869130702147424e-9,6.766033087741237e-11,0.0006995821619726142,-2.2335213776870603e-7,2.1964412200497258e-7,1.2031090515237435e-9,2.0091882763843095e-9,-0.0010763243874916627,0.07345369555808957,2.9716357649499386e-10,-2.8696026413883576e-11,-9.000052821614389e-8,-0.00023310580343462178,7.580514286568264e-8,1.0232919373560989e-10,-8.659410959253938e-8,-2.8216645117233297e-5,2.124836882197795e-5,-8.698172598280398e-12,7.131857969572913e-11,-4.210956112535169e-9,1.3648926163928135e-9,-2.7876695019777826e-9,-1.8902119887706795e-9,-0.006886247874958776,0.0064669550044468786,5.384701998963788e-13,3.877453262663733e-8,0.007433617481579147
0.0,0.0,0.0,0.0,0.0,0.0,0.0,0.0,0.0,0.0,0.0,0.0,0.0,0.0,0.0,0.0,0.0,0.0,0.0,0.0,0.0,0.0,0.0,0.0,0.0,0.0,0.0,0.0,0.0,0.0,0.0,0.0,0.0,0.0,0.0,0.0,0.0,0.0,0.0,0.0,0.0,0.0,0.0,0.0,0.0,0.0,0.0,0.0,0.0,0.0,0.0,0.0,0.0,0.0,0.0,0.0,0.0,0.0,0.0,0.0,0.0,0.0,0.0,0.0,0.0,0.0,0.0,0.0,0.0,0.0,0.0,0.0,0.0,0.0,0.0,0.0,0.0,0.0,0.0,0.0,0.0,0.0,0.0,0.0,0.0,0.0,0.0,0.0,0.0,0.0,0.0,0.0,0.0,0.0,0.0,0.0,0.0,0.0,0.0,0.0,0.0,0.0,0.0,0.0,0.0,0.0,0.0,0.0,0.0,0.0,0.0,0.0,0.0,0.0,0.0,0.0,0.0,0.0,0.0,0.0,0.0,0.0,0.0,0.0,0.0,0.0,0.0,0.0,0.0,0.0,0.0,0.0,0.0,0.0,0.0,0.0,0.0,0.0,0.0,0.0,0.0,0.0,0.0,0.0,0.0,0.0,0.0,0.0,0.0,0.0,0.0,0.0,0.0,0.0,0.0,0.0,0.0,0.0,0.0,0.0,0.0,0.0,0.0,0.0,0.0,0.0,0.0,0.0,0.0,0.0,0.0,0.0,0.0,0.0,0.0,0.0,0.0,0.0,0.0,0.0,0.0,0.0,0.0,0.0,0.0,0.0,0.0,0.0,0.0,0.0,0.0,0.0,0.0,0.0,0.0,0.0,0.0,0.0,0.0,0.0,0.0,0.0,0.0,0.0,0.0,0.0,0.0,0.0,0.0,0.0,0.0,0.0,0.0,0.0,0.0,0.0,0.0,0.0,0.0,0.0,0.0,0.0,0.0,0.0,0.0,0.0,0.0,0.0,0.0,0.0,0.0,0.0,0.0,0.0,0.0,0.0,0.0,0.0,0.0,0.0,0.0,0.0,0.0,0.0,0.0,0.0,0.0,0.0,0.0,0.0,0.0,0.0,0.0,0.0,0.0,0.0,0.0,0.0,0.0,0.0,0.0,0.0,0.0,0.0,0.0,0.0,0.0,0.0,0.0,0.0,0.0,0.0,0.0,0.0,0.0,0.0,0.0,0.0,0.0,0.0,0.0,0.0,0.0,0.0,0.11264762667102365,-0.00042703388325606546,-3.0570471762077405e-8,0.0018335902069271557,-2.1199967179028894e-8,0.0006310613460324744,-1.2441154528023727e-5,2.1928752492509795e-5,2.0358257173086652e-6,-3.654584587909124e-8,-0.006506924540340595,0.0012656547298107322,0.008846904626093718,2.9015852272681532e-5,-0.0016623980955439727,5.003022640622867e-9,6.545224858825239e-6,-9.095117674739251e-5,-5.100553446061849e-5,7.199888600659996e-9,0.008859211926771556,0.0017658245969624075,0.0020528307302635673,-0.007279021982781121,-1.0536723130260776e-6,-8.771209615352505e-6,4.845451311635136e-5,0.03075611597014417,-3.039219092482691e-6,5.635557784899489e-9,0.00031943170925329304,-0.00011190867746227508,0.0021701902705863613,2.8085244166525374e-7,5.7531407443477125e-6,7.5438376319425845e-6,-0.04323115332793219,-0.0003073684773381047,0.01847636938040957,3.3986472173097625e-7,6.022411013333115e-6,0.015562909255691428,-7.149985944872848e-6,-0.004486381633026991,-2.090994922275015e-8,6.988273623789616e-6,3.7310331584383466e-8,-0.006692456818204211,-0.0003163379980230289,4.039307687656828e-9,-0.003955851061228692,3.949812190456638e-5,0.0007111934737705092,4.1446244309755294e-8,0.000645989793711496,-1.9419542453553864e-8,8.12549694092766e-6,-0.0009818118130144166,7.664754099179798e-5,-1.946170808112102e-5,-2.8309621322147705e-7,1.2272536399377082e-5,-1.760338122584009e-5,-0.04171910591295787,-5.766067809126344e-6,-1.271617098769355e-8,-0.004185913827901796,-1.5706033825669735e-5,2.0411264175869043e-6,-3.5006491714152946e-9,6.616793528431226e-5,-0.002670435945607817,0.011153835612765065,1.155303007846083e-5,1.495301883076204e-6,-0.002040612313299797,2.0858759774179472e-8,5.682968945392244e-7,8.523158312854708e-8,0.0029149875569046127,0.005737654525094998,0.00033182904900268603,-0.0003065368575202246,-3.234982945811116e-6,-7.720624377561103e-5,3.4235194161017613e-9,0.007158974765068858,9.489519090872229e-9,0.00031899458230026,-1.8817555559025184e-7,-0.0006669322463222299,1.038375901841558e-7,-9.375556576246897e-8,-3.343394247530592e-6,-9.317381640878276e-9,1.8068734163365393e-5,2.816413239541652e-6,-3.5828133941152326e-9,-4.71082986699614e-9,0.0003114525395459157,0.006556295172646309,3.651672352130157e-5,0.00498090220020163,-1.56747087247927e-5,-0.00023329691182787587,-1.633767864118327e-5,2.5061987004774202e-5,0.05164925954673343,-0.0024277567570974126,-1.5197492038303321e-6,-2.2967192957901517e-5,7.841344136236386e-5,-4.2713308562458566e-5,3.8011383181157998e-6,3.83253528163978e-6,2.1857722035830444e-8,5.206667168794199e-10,1.7624898959741094e-6,-2.6780067305277186e-6,1.4491140391106766e-5,-2.6053964215617107e-9,0.0015427906322391498,0.0002241123523899689,7.997742658507902e-6,-7.05458988488862e-5,-3.354089639198924e-9,-4.941148075544628e-9,1.2780057605582976e-9,-1.0177884698396683e-10,1.1319206757121572e-9,0.0007632604081846298,-1.964364501380193e-6,-1.6012483608049666e-6,0.0080277347836171,-9.820009081179178e-7,-3.805917566390598e-7,1.0733031116904367e-5,3.652987035727048e-6,-1.8898131974139358e-5,-0.004214969253387613,0.0030769689137946166,-9.868446832418359e-8,-1.2962551551380765e-5,8.277774105298944e-7,0.00026512335100175964,4.101936511964276e-9,3.5578434029653805e-9,-2.936746307577203e-7,-1.970303230133361e-5,-2.2997368430950423e-7,-0.015069561771396258,-4.535405584758507e-6,-9.303184830425407e-9,4.17323029539219e-6,-0.0012414446380913597,-0.00022491592659748007,2.0753910297700343e-6,4.6694682473514314e-8,4.086416190397698e-8,0.0002512709609944887,-2.176199830941794e-9,-0.010039571776022278,-3.286023149209299e-9,0.004250149697801326,4.2497981409830405e-8,1.4069339072122517e-6,4.5402730975385003e-7,6.568007001098475e-6,-1.878644400719334e-6,-0.002267304065499209,0.001964434860680663,-5.659012797405146e-6,0.0003010833399494105,-9.884032074371048e-9,5.983919880926394e-6,-8.154895163329049e-6,8.216090925051115e-7,5.805358599939089e-7,-0.0018655632080126995,-4.2236796220666483e-10,-0.00010858289340062346,-0.0025332534931485997,-7.228126360470029e-5,9.984302901050846e-9,-7.729675161991801e-9,2.1152697682126187e-8,4.533522585234142e-5,-8.981885347570976e-9,-4.0998591604661054e-9,-1.6863785395200605e-8,5.913765768111783e-7,-5.427004920559871e-6,-0.03741266545510654,9.881813908738228e-5,-4.2759544559821215e-8,-1.0135233576170182e-7,3.39770193602798e-9,0.009151468187097733,-8.174076080416962e-8,-6.998777975735401e-6,-0.029983808275575275,-0.0002306672833180708,8.179669039062874e-8,0.00031126990234636286,-0.0013286827438680421,2.8952468881959466e-7,-4.634621166421868e-8,-0.0005078464246961428,-0.0007774980248650713,0.0005269324843201963,2.791167134121611e-5,0.0011310493756630463,0.00019692897116378638,5.547774468953233e-9,-6.489496350149603e-8,2.223464349344519e-5,-0.00031578875297764747,-4.714775339830491e-7,0.00015358904384882115,-4.1231163115917195e-5,-0.00010099073236420871,0.0002279467976592665,-0.002262929677426383,0.0031659533816055184,-0.004336889252653115,-3.2241255910743874e-9,-0.0026184960869685713,2.370358300069498e-5,0.00012055646108424879,2.678886607957656e-6,-0.0002885503076024238,-1.3740464341100037e-8,2.2367252921373544e-6,-0.000348367868342481,6.463626198169735e-5,0.0008255556815244394,0.0011994488486134942,-6.492192831867936e-8,-1.2817879864032822e-7,0.0018373301588191968,3.874847437385464e-5,-0.002742530607648824,-0.00026731385754494833,2.168424099569248e-5,0.0006508334459778547,-0.00027081591629237264,-1.429866813592119e-5,-3.355025687852823e-5,-2.3488282825396885e-6,2.023166984552794e-8,3.874913222500384e-5,-0.0007543792554071866,0.000293935353166586,0.014182197317877197,0.00024091218760498447,-0.0002469683640573082,-2.2442935784255294e-5,-1.9233338214146184e-6,-6.280245039124598e-6,0.0005833970338885382,0.00027913892833727674,-0.0008651766514509024,1.408187729183395e-5,-0.0005302218026446585,1.4002628002847896e-12,-0.0013382963661869277,0.00014281392422567826,-6.802826689053103e-5,-8.913540798016607e-5,-2.6192808507936683e-5,-0.0007859592043645635,-0.0001346803629005074,-0.00045126565646263627,1.247222187305277e-9,3.280990201969684e-7,5.622704161884423e-8,3.911540805618662e-8,-9.713061279446507e-6,1.877922258617354e-8,-0.00019224088563058015,0.0004579483591262019,0.0001396369517625095,4.4987433256548844e-10,-2.9113895075621033e-6,0.018287177710989776,-0.000129939574365736,-1.6440832352191734e-8,2.998940404565858e-8,-0.00015707543809897765,9.670132894028689e-8,0.04075452766026215,-2.4543544345671212e-5,0.00018229699412146638,-0.0006205304733419433,-0.021950414797901094,-3.451598046218842e-5,-0.00026886962416291886,-8.667829649602059e-7,5.4724490918791785e-6,-0.0019830759654008343,0.0026020841052974628,5.257152237263408e-5,8.254088683686475e-10,-5.894182807181597e-7,2.6152209818496877e-6,-9.419355163248631e-6,-0.053045017088247756,-2.478012278980281e-6,-0.0006261858186253499,0.006003277619184774,-0.00010220443668169169,0.052904453780845406,0.015725023193676062,2.1104102666298032e-7,0.0006939068117333503,6.025525505499688e-7,5.105188657328407e-10,0.0029865758089230995,6.522674877049618e-5,1.2707635588060236e-5,-6.597790188856507e-6,-1.4201566003161754e-5,-2.848461002036812e-6,-1.950615453792042e-9,7.455564162088032e-9,9.810450115341346e-10,0.005938888348154948,0.0004263552464836071,-0.0020136305116691218,-1.191854300377692e-7,8.712295285002315e-7,4.337476418741696e-9,9.270323843965324e-6,-7.19525952964022e-7,0.00040287481238045843,-1.2085416141574914e-9,-0.00343432323561452,-6.777928053494485e-5,0.00010662759829939052,-8.997485487172015e-7,0.0019178132757485498,-0.002685203796365643,-0.004202498400136659,-5.864649374234625e-9,-1.2104193085251522e-6,3.9337337939635316e-8,0.0003282103354731229,8.776086408995683e-8,0.0002665837944915233,-2.5684086232340508e-6,-4.6158439102331794e-7,0.00026041824358266435,-5.907190591298717e-7,-1.8419127519738745e-6,8.083192848854631e-5,2.4785146644963544e-5,0.0006630516534371917,4.2388734935642e-8,-2.1043184492559828e-7,0.005932761244341605,-4.2615276044850537e-7,-2.0013478760569752e-7,0.0009076718679929334,1.6393081988242798e-7,0.012257015663218693,6.732372799148358e-5,0.00010522991989299246,-0.00034491586038538485,2.9403454932901387e-9,-2.5961758261572784e-5,-9.064419793695063e-8,1.3301662369718696e-9,-0.0001797535038233778,-4.894795779430769e-6,1.7281865795296848e-6,4.858141610517362e-9,-1.8860725328186113e-8,0.011358046341361474,-2.016601130027767e-5,0.00019377369853240055,-0.005447155711244594,0.005695948410941731,8.12101049159064e-8,0.001300702617016851,-1.8835644585329045e-8,-1.16737730828606e-5,-0.00023683202668765873,-0.0021246249316806075,-0.011861093901770842,-9.013287327837004e-8,-7.80657896655609e-7,-0.0005105289253568017,0.0005521147095857346,6.200552672689335e-6,3.78054953869308e-5,-4.666634746398903e-5,2.9455088676914694e-8,1.9928816095983458e-7,-0.003913523880365834,0.009706617067218705,2.8842208317511664e-5,0.005223202464766085,-2.830913174973724e-5,-1.1108960213773044e-6,-0.00239213713246129,1.0495308480202227e-9,7.471239361251677e-9,1.214206165618154e-5,-2.824284907260548e-8,0.06912204920635456,3.7089379045922175e-6,-7.95857838566051e-6,1.5094001420532131e-7,-2.1627329259516683e-5,-2.4981708913432526e-7,-1.3290278665944818e-10,-6.479532154615292e-5,4.694900153593558e-5,-2.0451754606355793e-5,-0.01798995772987416,-0.0007507403193713191,-0.00010078985262936613,1.8611950008677896e-7,-0.0007988019368335972,1.783641271938054e-7,-1.4042556601897506e-5,6.320887844132831e-8,3.983594271166943e-6,1.5570028133187473e-8,-0.0006552737411432771,-5.600291121018527e-6,-3.38288215947431e-8,1.2663436625534405e-8,-0.000624893238896885,-0.007056908582056898,-1.6334661882073074e-6,3.221519978557398e-6,9.770621291414023e-6,-3.0566019513960164e-6,4.957557719583084e-6,-6.94314106988014e-6,6.666037454003972e-7,9.97369745975904e-7,2.979461284175205e-10,-1.2857301316068524e-5,1.3768251916265092e-7,2.402719845054374e-6,-1.5623446134693112e-5,-3.639855503018806e-7,-0.00010755527644443171,5.7819142117831596e-8,1.5056543189743692e-8,-1.3420174758280934e-8,-2.459766606211214e-6,-2.914215239590159e-6,-0.0011262755043093334,1.0854384505681878e-5,-1.5025852298307933e-9,0.0014531472833323922,0.0003757400546067857,-2.410839737095773e-5,-4.773068558915047e-5,1.9446120680047118e-6,4.7417670292102523e-8,-0.0026535554463973017,-0.0015634874211935496,0.0013973410917120963,1.922413374045272e-6,-0.0008887014964031239,1.1116850872399018e-8,-1.263450861676646e-6,-0.0016487708158663657,9.95080383133422e-6,-0.0019048706044523399,7.325325347624206e-9,0.0006764096155715592,5.089969774901618e-8,-1.1706057948775036e-7,-1.8156907809352645e-9,-0.0006051882725622207,0.0019981638512028424,0.006200337726478253,-0.0015966484955550655,-4.548327251871589e-9,0.0012344458739032595,0.00014493184267382885,0.00019170320434391927,-1.6352774216774574e-7,-1.7492417950287189e-6,-0.0031755274663399628,-0.0012796270855933267,-4.521889966492585e-6,-7.691768245259e-6,1.528907141610584e-5,-1.021283610323303e-5,-5.758368195183825e-7,6.317870674169012e-6,0.0017154862225452505,0.000229875131429959,-0.0005023876441723814,2.608005380302301e-8,-0.0005458849051119299,-0.0005294213756461382,0.01584163039910778,2.4044771038502903e-9,4.91298364408738e-8,1.3377501865173472e-5,-2.337535989281328e-6,5.700650019043543e-6,-1.3728879301667398e-6,9.594569175867885e-5,4.511357515179435e-5,-1.1642294653410815e-9,-0.00012701186345546043,3.2513801429130135e-6
0.0,0.0,0.0,0.0,0.0,0.0,0.0,0.0,0.0,0.0,0.0,0.0,0.0,0.0,0.0,0.0,0.0,0.0,0.0,0.0,0.0,0.0,0.0,0.0,0.0,0.0,0.0,0.0,0.0,0.0,0.0,0.0,0.0,0.0,0.0,0.0,0.0,0.0,0.0,0.0,0.0,0.0,0.0,0.0,0.0,0.0,0.0,0.0,0.0,0.0,0.0,0.0,0.0,0.0,0.0,0.0,0.0,0.0,0.0,0.0,0.0,0.0,0.0,0.0,0.0,0.0,0.0,0.0,0.0,0.0,0.0,0.0,0.0,0.0,0.0,0.0,0.0,0.0,0.0,0.0,0.0,0.0,0.0,0.0,0.0,0.0,0.0,0.0,0.0,0.0,0.0,0.0,0.0,0.0,0.0,0.0,0.0,0.0,0.0,0.0,0.0,0.0,0.0,0.0,0.0,0.0,0.0,0.0,0.0,0.0,0.0,0.0,0.0,0.0,0.0,0.0,0.0,0.0,0.0,0.0,0.0,0.0,0.0,0.0,0.0,0.0,0.0,0.0,0.0,0.0,0.0,0.0,0.0,0.0,0.0,0.0,0.0,0.0,0.0,0.0,0.0,0.0,0.0,0.0,0.0,0.0,0.0,0.0,0.0,0.0,0.0,0.0,0.0,0.0,0.0,0.0,0.0,0.0,0.0,0.0,0.0,0.0,0.0,0.0,0.0,0.0,0.0,0.0,0.0,0.0,0.0,0.0,0.0,0.0,0.0,0.0,0.0,0.0,0.0,0.0,0.0,0.0,0.0,0.0,0.0,0.0,0.0,0.0,0.0,0.0,0.0,0.0,0.0,0.0,0.0,0.0,0.0,0.0,0.0,0.0,0.0,0.0,0.0,0.0,0.0,0.0,0.0,0.0,0.0,0.0,0.0,0.0,0.0,0.0,0.0,0.0,0.0,0.0,0.0,0.0,0.0,0.0,0.0,0.0,0.0,0.0,0.0,0.0,0.0,0.0,0.0,0.0,0.0,0.0,0.0,0.0,0.0,0.0,0.0,0.0,0.0,0.0,0.0,0.0,0.0,0.0,0.0,0.0,0.0,0.0,0.0,0.0,0.0,0.0,0.0,0.0,0.0,0.0,0.0,0.0,0.0,0.0,0.0,0.0,0.0,0.0,0.0,0.0,0.0,0.0,0.0,0.0,0.0,0.0,0.0,0.0,0.0,0.0,0.0,0.0,0.0,0.0,0.0,0.0,0.0,0.11228384702391549,1.5734717431909086e-5,-2.1320891576490837e-5,-3.6622836264630663e-6,1.4938505936969152e-6,0.00392718569036691,1.0762374749183822e-7,-0.0002289747462135235,-3.1911875135563303e-6,1.1492982066460931e-5,-0.009453512060451993,2.7687808686524813e-5,2.7913647557388305e-7,-6.0965096049295624e-6,-7.966425642133524e-7,2.0826938369295435e-8,-4.084754978085843e-7,-0.01636320674101223,-2.4644884285076494e-7,-0.001948579234535965,9.463674204226072e-5,-9.545250520321655e-6,0.008332938279443654,0.00014635811879604619,-6.747821957107235e-5,1.3126009605399183e-6,0.00025183716943410583,2.1571532732426686e-8,-3.5837278887732946e-7,1.6476713142006295e-6,0.0008008021296612396,-0.00047087816116384625,-8.088642764673578e-5,0.0007650008354650965,1.1986179577582276e-9,0.0012414394943934793,0.034299977122186624,-4.932653087711639e-6,1.0220157942802848e-5,-2.5551541018698583e-6,-0.004241781921790372,0.0022330793120450593,-6.598032924424377e-6,-2.0465672626409817e-6,9.799409508194143e-9,1.6512054294022542e-5,-7.388296973534946e-5,-0.002294199719517383,-1.5901098155398788e-6,-2.8674674109147518e-5,4.2098287441395384e-7,-0.006722038338626415,7.011043925922106e-5,9.549184400816036e-6,4.029560888623416e-6,-0.0010270531575692363,0.009451703905926987,-0.034066939834673154,-3.6405179158375595e-8,5.912240337863663e-5,0.0008674705745522947,-1.7078568801445465e-7,-5.2162773622521736e-5,0.000361450312268112,1.1800199212819538e-6,-3.5176975115949836e-5,-0.0179719995698314,0.00032839558037140316,1.4667630662946359e-5,-0.001004959489817521,-0.0002658198140678376,-7.834965699181693e-5,2.169317550915844e-5,-0.000352405605119146,0.0019413985574052014,-4.696831944392733e-6,-3.840969089603634e-5,-1.4913163867480508e-5,1.861784012691685e-5,6.0401642350739826e-6,1.6427042454698873e-6,-7.136754129158381e-7,-0.0015072380957239602,-0.0018766950642308763,3.713444241874998e-7,0.0006102468189636836,-1.7916621052543117e-6,7.451434461579431e-7,2.350998878963696e-5,0.005908515377075742,0.0002880280415791498,-4.2414419730281616e-5,-7.101243025713812e-5,2.2283383401715547e-6,-0.0026721256583148315,1.2599942554813428e-8,-8.896863387863988e-7,7.128554384003662e-7,-0.0034383624746974722,1.7570863279746973e-5,0.00042219270177996986,-0.0018033035835123582,-5.153271827018961e-8,-0.0012799943703504346,0.002611327706238221,-0.0023725827927733524,-0.0004189246131398573,0.0019155811338937212,-2.7818423513688916e-9,-1.4135669081321113e-7,0.009740161056091112,-4.285839049222677e-7,1.003859063339928e-8,-0.00030741238218948884,9.74292674581035e-6,3.2558657551987516e-6,7.709955898959533e-9,-2.4500653782919094e-5,2.244323692525529e-8,1.8296804819968323e-6,-5.631855475159137e-6,0.0016189685167432382,2.385205995288071e-8,0.0013570896803507919,3.3348815407511364e-7,1.682252955119809e-6,2.6857859021928217e-7,1.065449483296761e-7,1.3291992130758121e-6,-1.412683663953217e-6,-0.0012192813986376325,-2.0719960584993448e-5,0.0002666810385811207,9.31584706849822e-5,8.75085698703459e-5,-0.006553056214504341,3.6613686239548773e-9,0.003902972521828204,1.3572326203570803e-5,-0.0004550116151907578,1.846990107261684e-5,-4.866774800191198e-5,-0.00023295307652904058,2.8329233219052802e-6,-1.5174233329907958e-6,-6.2569606565446515e-6,3.141392612212649e-5,-1.4934810808133408e-7,-1.859956040680523e-5,-1.7789607078769113e-5,7.582080265011523e-9,1.2539718183254932e-6,7.343348365619829e-8,2.025051807656147e-5,-3.540599297434734e-7,-0.0003514261641384029,-1.4014038844320403e-6,3.3739540413096734e-6,0.008421191582349174,-1.2540395245178224e-7,0.00020870169636373593,1.2716025967441495e-6,5.0873288789867226e-6,-8.768605010986806e-6,-2.600962204792971e-5,-0.0001314436988632082,2.5173557350912736e-8,-1.3951066633330029e-9,-7.983993008342938e-6,-2.9099467078986508e-5,0.001508601810221123,-3.712562889822381e-5,-5.845238118534917e-6,2.6069197785658588e-8,0.0006123735497334859,-8.278431243874844e-5,-7.357740686390494e-5,-1.3160753977711312e-6,1.2059782276516698e-6,-3.2725455038888734e-7,0.004269761525778839,-5.767998553420189e-8,4.722955312826755e-6,1.2655230138087593e-6,6.415583058062378e-7,5.480618163161125e-9,-5.082632388330304e-6,-3.3635791164944452e-6,1.0595965689090628e-5,1.0554098382232243e-5,-4.555723646138475e-9,0.0005474408816590675,-7.93300922904507e-6,2.460232883757011e-6,3.0503715425002147e-5,-7.551646158285659e-7,-0.0001690301984193403,1.7532277999546463e-7,-1.6029026294220473e-8,0.0006882706193935733,0.00414585420435018,-1.2804375825724384e-5,3.346971806776916e-6,1.2601167131967542e-5,-3.797342469054139e-5,2.1449601684463806e-5,9.413099932777181e-6,-0.0008787912901950789,-0.0022640684443185444,0.0004400063068748664,3.97399272707877e-6,-3.514558251148255e-7,-1.8934260153918673e-6,-1.8169468638606644e-6,2.6582034566654025e-7,0.05695753385550334,-2.97534654305101e-6,-0.03650566748616063,0.00025491310938133933,0.0025310161859023596,-1.2554066602978777e-6,0.00018671937875932085,5.602052039780021e-6,-0.00024700415215936323,7.56990066065278e-8,-0.0002987634411830677,0.003730248352394221,-2.633638785457966e-7,1.8871025321780444e-8,-0.004936849845243004,3.009966025747918e-6,-1.5557596380856491e-9,-3.1544838400487864e-7,-2.690237389706349e-7,1.2108914673204258e-6,-0.000216938356681038,1.6848839931233068e-6,-1.8544040598022032e-5,-3.4807838543984426e-5,0.0037512425085583175,2.493468619407038e-6,-1.1139922472387025e-6,-1.504793621736502e-7,4.135657303057572e-5,0.008767309289414145,-5.4519146112628965e-8,9.050904443610342e-7,0.0018263309975028884,-4.502675815811851e-6,0.001817125065330304,0.003046330815955699,-1.925467785619466e-6,-0.00020790224104692544,-1.2862462859843585e-7,0.0057742501514598836,5.791673598007219e-9,0.00010311606092325026,0.0002867829461170682,3.5153287059046116e-6,-0.010957085742541969,7.443893308566383e-7,7.966413736055224e-8,-2.5670047122948354e-7,-9.09220330760063e-7,-1.3519159015579317e-5,-0.022348790938137943,0.04073041380590573,1.1926669961680832e-8,-3.209267436589036e-7,5.678336128517502e-6,-2.2157048284206173e-7,0.002290903049061874,-4.370793119752103e-6,5.5025863824171075e-9,7.966341440756658e-6,2.133753119527649e-6,5.571926383751771e-8,-4.732555531395189e-6,0.06772292849114914,-1.3736202687359425e-5,7.726589449258092e-5,-1.7972490575792324e-6,0.0030081863368692035,-0.0030152165651054735,-3.415972338578547e-7,2.649598486770033e-6,-3.809364475827857e-5,-4.4436195641475767e-7,6.249732925553448e-5,0.00023449420669888576,0.00507592237828437,-0.009947634173717848,0.00560633097905085,3.569122199535959e-5,-2.2845407134065513e-6,-1.4386621036963867e-5,1.7123807377466644e-6,-0.004346233694351291,-2.6310323109909593e-5,7.266098552621583e-6,-1.2366342454594747e-6,-5.663498916204521e-8,6.45599559694748e-5,9.980878756256773e-9,1.6658500338467388e-8,0.00140264880370605,-2.862663749289164e-9,1.7930471472193446e-7,-0.0003632209608671818,-0.0005278283017919623,-8.940760499350811e-5,-3.280138342271191e-7,-7.178467394284741e-5,0.001058158062220859,-2.586902054909796e-8,1.451409608452667e-7,-0.0025346175367095465,-0.02429966323570049,-0.004552845184500571,0.0015778756152123716,-3.082549408273435e-8,3.3897117060920877e-12,1.5490120571583455e-7,1.0413389803892104e-6,-9.374360082187742e-7,-0.0012780378618978568,1.3569572789793979e-6,-3.822035890466737e-6,0.00017015641731204657,0.005182121797201208,-1.2633771377001155e-6,-0.0037837482779900567,0.00024990924092975334,5.232107159653869e-6,3.5247511419712225e-7,1.1948962798266714e-5,0.0037829364802303292,-0.02505491038945623,3.7311951447662426e-6,1.4182052315463352e-5,-9.205961326028195e-6,-1.8126341783082612e-5,8.765993919045147e-7,1.471716453195673e-10,-7.48648100182748e-5,2.7187015074972867e-6,-0.0002244786941835499,1.7243245171037089e-6,1.4888120797981848e-9,-3.703366906830054e-5,0.0021184574095678022,7.183768551950325e-5,-1.4058662762798632e-5,-0.00614594777894504,0.0036214714907345457,9.878739622581173e-7,-7.205049589183305e-6,4.2670228760744054e-5,-0.00043812943177814627,0.0011836847476372951,2.1416572220524368e-5,-0.004981434489898211,8.727603743461512e-5,7.191773404642427e-5,-0.00015204708977561315,5.61519673403301e-7,-0.0023957537238115845,-6.795637053700965e-7,-8.749632907662172e-8,1.5813357695777043e-5,-2.408889700574369e-7,0.0012207087005676122,1.4148752185394922e-8,4.5086927257675984e-7,5.498977779814823e-6,1.629558878307579e-5,-3.8549939838207143e-5,-4.615785377463491e-7,7.073965138339855e-7,-2.8347014848706525e-5,-0.0003709162643700281,-1.0256417906275916e-6,-0.007395851371238021,-1.6761592728151284e-5,-1.8125374617984037e-8,0.0699838308510426,1.8987837390666655e-5,-0.0004772072252731587,-1.0080462190055739e-5,0.0041642307964074084,-3.374526780939376e-6,0.00037686998128753734,0.0003947929244927336,0.0011015322608761082,-5.299403014718828e-7,-1.2567992405883976e-6,9.471046968045515e-5,2.329700864432247e-5,-0.0013847337232764233,0.0014470401631949943,0.00021418740395864896,-3.8742639579896516e-8,0.000559305863826367,-0.0003083861373528467,-2.875239972829793e-7,-4.822899615365018e-6,-0.00027841330720173316,4.853996727736467e-6,-0.00014592281367113157,2.570423048217722e-7,1.3924022657909806e-8,-0.0004218841885232255,0.008265672950153654,0.00016582911911828535,-9.816012572938117e-7,6.849328082953625e-8,-0.007814786035809651,-6.7761823616157e-8,-0.00012419131904765137,3.0426772913039713e-6,-6.71084022855126e-8,-5.936719743661465e-5,2.4600966382331557e-5,-4.703666251489257e-5,-0.0005688819966208691,1.2659148323126725e-5,1.706272220604472e-8,4.313011924610088e-6,-0.0007910926778659087,0.0014849235656348148,3.5504997700093486e-6,-6.663938627474825e-6,-6.50523851511616e-5,0.005230151444593388,-7.508597727636702e-9,1.4942850031839848e-8,2.4876733772681923e-8,-0.00013873132274297529,-4.30370523057415e-8,0.0001365936592527281,-9.21427354075085e-5,0.00036672850150811447,1.4089765988392957e-7,0.02045117018242005,-1.3435966384640621e-5,8.173947282041069e-9,-0.0009521936421543959,0.0002580559741187463,-0.012693054528969063,-4.316201899988267e-6,-6.9679931137110045e-6,1.3630654962068518e-5,-8.510689629911367e-9,-0.0009520903616574501,1.7123864775653415e-5,5.6948990328429896e-5,9.61072804055367e-7,9.180698247920537e-5,-2.576091927235316e-6,-0.003074198000575092,-1.0617600701479859e-7,0.010156732819644439,1.2724215003370255e-5,-3.619815122684041e-5,0.001413564331167754,-0.00014043903483191048,7.261113725921349e-5,0.00315474437097326,-2.1411099260338783e-6,-2.847027940664579e-7,0.0003633230865611035,-0.0011549797693487,-1.4762192896775639e-5,7.571952528127929e-6,2.880427674404572e-6,-1.0373862037194005e-5,2.6304357628367798e-5,-3.6543215413992586e-7,-1.4691449791938545e-6,-1.323411936677254e-5,-0.0017401678584107547,-9.137180550943857e-5,3.0518167858936684e-6,-5.049165960974345e-7,2.5461464187147485e-7,-0.007161281484939167,5.823557879896233e-5,-1.1012193122087473e-7,0.0011548668520282223,0.0021036682273986316,0.001263439277542284,0.0019006627023678098,1.4228721194607773e-7,-2.2071911007457882e-8,1.3890037343223705e-5,-0.006101681293051065,-0.005618722685502101,-6.078879378424944e-6,0.016144559144868058,4.443895324688273e-6,3.8627694378921774e-5,-3.892710127364051e-6,5.297022163607087e-5,-6.733570839289355e-6,-1.4462293838689008e-5,-0.000854120846258011,5.406057047605975e-5,-0.0009877525483834631,0.0005151524690093583,5.928842801079913e-7,1.577159592272602e-7,1.002788424306768e-6,-0.0011912766949814285,1.6085423691065684e-8
0.0,0.0,0.0,0.0,0.0,0.0,0.0,0.0,0.0,0.0,0.0,0.0,0.0,0.0,0.0,0.0,0.0,0.0,0.0,0.0,0.0,0.0,0.0,0.0,0.0,0.0,0.0,0.0,0.0,0.0,0.0,0.0,0.0,0.0,0.0,0.0,0.0,0.0,0.0,0.0,0.0,0.0,0.0,0.0,0.0,0.0,0.0,0.0,0.0,0.0,0.0,0.0,0.0,0.0,0.0,0.0,0.0,0.0,0.0,0.0,0.0,0.0,0.0,0.0,0.0,0.0,0.0,0.0,0.0,0.0,0.0,0.0,0.0,0.0,0.0,0.0,0.0,0.0,0.0,0.0,0.0,0.0,0.0,0.0,0.0,0.0,0.0,0.0,0.0,0.0,0.0,0.0,0.0,0.0,0.0,0.0,0.0,0.0,0.0,0.0,0.0,0.0,0.0,0.0,0.0,0.0,0.0,0.0,0.0,0.0,0.0,0.0,0.0,0.0,0.0,0.0,0.0,0.0,0.0,0.0,0.0,0.0,0.0,0.0,0.0,0.0,0.0,0.0,0.0,0.0,0.0,0.0,0.0,0.0,0.0,0.0,0.0,0.0,0.0,0.0,0.0,0.0,0.0,0.0,0.0,0.0,0.0,0.0,0.0,0.0,0.0,0.0,0.0,0.0,0.0,0.0,0.0,0.0,0.0,0.0,0.0,0.0,0.0,0.0,0.0,0.0,0.0,0.0,0.0,0.0,0.0,0.0,0.0,0.0,0.0,0.0,0.0,0.0,0.0,0.0,0.0,0.0,0.0,0.0,0.0,0.0,0.0,0.0,0.0,0.0,0.0,0.0,0.0,0.0,0.0,0.0,0.0,0.0,0.0,0.0,0.0,0.0,0.0,0.0,0.0,0.0,0.0,0.0,0.0,0.0,0.0,0.0,0.0,0.0,0.0,0.0,0.0,0.0,0.0,0.0,0.0,0.0,0.0,0.0,0.0,0.0,0.0,0.0,0.0,0.0,0.0,0.0,0.0,0.0,0.0,0.0,0.0,0.0,0.0,0.0,0.0,0.0,0.0,0.0,0.0,0.0,0.0,0.0,0.0,0.0,0.0,0.0,0.0,0.0,0.0,0.0,0.0,0.0,0.0,0.0,0.0,0.0,0.0,0.0,0.0,0.0,0.0,0.0,0.0,0.0,0.0,0.0,0.0,0.0,0.0,0.0,0.0,0.0,0.0,0.0,0.0,0.0,0.0,0.0,0.0,0.0,0.11204004523018314,4.3024224374373666e-9,0.003377276801026821,-4.0674160151857304e-10,-8.395960980659488e-5,1.5735237002008267e-11,-0.0053223797778256315,0.013224137311401837,-4.478142494428887e-9,-2.821090110964385e-6,7.41869313409061e-8,-1.2199083846827058e-10,1.4937718216175456e-9,0.0007148435226571995,-2.8742602697928335e-12,1.9891265347478276e-11,-9.490300636191774e-6,0.0010039103893936083,2.0253051565124543e-7,-3.739792302685478e-8,-2.3072821707915505e-9,-1.5821953701140244e-6,-0.00013222200183832865,2.7818921785885323e-6,5.505241657321097e-10,-1.8474079184491392e-8,-5.2179838719308596e-12,0.0027237893243740137,-1.7302387728474834e-10,4.852501693431108e-5,-9.456575406875026e-8,0.003313722663641258,0.0002779716278460843,-1.219468510905626e-11,-2.1742755634927084e-7,1.2277280718028405e-5,9.814309610008252e-10,-0.0014674973555596723,1.8408501768599393e-10,-2.956871446449219e-7,0.00028333670542009243,4.6286784510072464e-10,-0.014643218712993948,2.9717822521788933e-13,-0.03334375176297785,2.924990478783256e-8,2.1532685616714654e-6,0.0021375077815960816,-3.0106582996034826e-9,7.714779669386816e-13,1.1700747766796872e-6,0.01867472877746798,6.812570561129907e-10,-0.004099011626602468,-3.785114181992017e-5,-2.428093381145092e-6,-8.427142018363941e-6,2.2143036281085897e-11,0.0011620093193043584,3.2831882375848906e-5,-1.684898666075878e-11,-1.6298558334005947e-8,-0.0002997577944071055,0.0016940022351664655,-4.3938260574507875e-9,-1.587108638883133e-6,0.00020097729499174598,-0.006035446869110827,-5.3448309618026855e-5,1.9328290996504752e-7,8.325558038355779e-9,-5.7669030336640006e-5,0.0003360368379090027,-2.686416846888236e-8,-0.01829299948646483,-0.0016713753023734096,0.003735675481797059,-1.7733087536819639e-9,-8.946267296765024e-9,4.0792045530243815e-10,-1.648942110907247e-10,-1.8844033493016755e-5,3.933082223862511e-6,-0.008901677665905596,-1.8780623373745923e-8,-0.017974438711092576,-2.2200224815856555e-10,-0.0036112006428963062,-9.912632242759936e-8,-5.775760968087714e-5,-0.028849213593913136,0.00017203138885770115,0.0038418266845530523,7.337372778436442e-5,3.4892972184118195e-12,0.0015997664537371543,0.0028837993653536473,-1.2611547150723604e-6,-1.6368403099353565e-9,-6.408020490420051e-6,7.908234508677097e-9,2.961380071592594e-11,-1.627691693263983e-6,2.407694747883353e-5,-6.095049020625272e-6,9.64542785728229e-9,-2.991840148923873e-7,6.263210043136589e-12,-4.8287677374712584e-11,4.686460614702502e-7,-4.252913909472406e-11,-1.9439846439380083e-12,-0.0005084063911594964,-0.001203426612219313,0.01268117239330829,4.443373441146605e-12,-0.0012123327260647962,1.4496895935946284e-12,0.0008543254707266537,-9.90190660398696e-10,-6.029965740530707e-7,-6.021917835887067e-12,6.973841339459024e-7,0.0011309014595082825,-0.007415594811456675,0.0010805340439378288,0.0009650815545948448,9.31337740888318e-5,-4.798684057220155e-10,-9.475476611031209e-5,-0.0005095543296680622,-7.63799607493119e-8,0.004326782067096186,0.0030906182051663065,-0.00014392424170570867,2.6238496288720447e-12,7.302710562454194e-6,6.983699147532883e-8,1.0600938475251675e-7,0.002347601512266234,1.9021103513910498e-8,-0.0018793668106136675,3.2042828259341247e-10,-0.002335114076730082,0.0020717509334336145,-0.00030785213099215235,-1.0755519085986428e-10,0.002377235700862889,-4.487995690342741e-8,6.639482060860921e-12,-0.004435204174614618,3.3046924850641716e-11,1.596916435916619e-8,-8.019048406294018e-11,4.9370450980564914e-5,-0.003201212734280051,0.052895925462596055,-8.931486895527946e-6,-0.0013531408991781942,-5.695524085893394e-8,-0.00045937928266971033,1.0551814030519452e-9,-0.0005156393818204528,0.0008995716339387115,0.000904109517115017,-4.651696354575412e-12,-2.1014680979957798e-12,2.8007890168138603e-9,-8.882269683904482e-7,0.0002763674891002866,4.721159097684326e-9,-0.010179641035066505,-3.332470511945646e-12,2.7466128906116068e-5,-0.0037139025530187938,-0.0019241050694727543,-3.123866600560985e-10,0.00167295398743003,7.283156223478595e-12,1.5743511106447097e-7,-4.572565169305945e-11,-0.015289248583366074,0.0007888634909740582,0.0018784800031214045,1.1202702660562161e-11,-0.028876943659491502,-0.014349274951292793,0.003326276740779695,0.0006335028630112087,1.2097128814029168e-11,-1.5328581303918623e-7,-2.255886764537689e-9,-0.014966235015865269,0.00027001087819762844,0.0004946951675722846,-5.481633057513825e-9,0.003440898811888797,6.997182846624175e-13,8.204919022864526e-8,-2.0663839653333e-6,-0.02154087358288115,-7.416438603285322e-10,-6.83454859137154e-10,0.0046844340878040795,-0.0015275837624190015,-3.0536260665908667e-7,1.0501807627430738e-6,1.1658761939892793e-6,-1.26014641007437e-5,-1.35861615466704e-10,9.489361535480251e-11,0.001385618510339824,0.0017631561206172377,-9.198976071710888e-11,1.0110460344622378e-5,0.00263899751888864,-5.0551919557820884e-5,-4.385238124345014e-8,-2.014762608028529e-5,-1.3813178247282406e-10,7.240441063904676e-9,-5.611036423427643e-9,1.9624337177106962e-8,0.004464375826359054,2.8192209103593547e-7,-6.598044942105862e-6,-1.1002971140693236e-10,-8.971578656830808e-13,-4.609959979171375e-6,0.002716750602828672,-3.8431813891027404e-13,1.16458454782581e-10,-1.0530433804834987e-12,-1.417548753642062e-9,5.8388937583411225e-9,6.424220994731837e-5,2.4422350256445823e-5,3.5748004205075555e-8,2.592176239102163e-5,-1.2347343125132809e-9,-1.466354465816388e-10,5.796309620202323e-11,2.294978933659395e-9,-1.3438495113524334e-5,5.779955917243772e-12,-9.133976845741405e-11,6.826069054584213e-5,0.0007702595682847587,1.1465771357245865e-5,5.050955113141137e-7,-2.0385395064005725e-10,-3.946223126460875e-8,-2.620133688359468e-10,9.285654949278576e-6,5.222872341306433e-11,1.530478555156708e-5,-0.00035879424804873293,2.843329505399073e-10,4.41679020825777e-6,5.920012350389038e-10,8.15595240169857e-12,-6.803548892972314e-10,-0.0067486144553877735,-1.5015535807959581e-9,-7.866507691443016e-6,9.112917130498597e-7,8.650877040572844e-11,3.4107832835203464e-11,1.4103396040318326e-9,-5.197773769549832e-11,1.5234986402367517e-6,-0.0006567149660256559,1.9102380599069106e-12,-0.0027931108912914765,0.057556011208433934,-8.935654272619224e-12,-0.0012327692735347483,1.2843640992694035e-6,-3.279935297586152e-9,-3.887497644392298e-8,0.0006905788565393418,0.00032847556136417677,-3.379293266638795e-7,-3.965259320457198e-12,0.009903155518988545,-0.026368146550946377,-6.650520790501363e-11,0.009287469860773641,-2.1528504062035367e-9,7.083451319877382e-5,2.4601935210350857e-6,4.322383610148886e-8,-1.2136334663089538e-8,-2.509443904462749e-10,1.5622224921278328e-8,0.0016753172251677763,-3.206638858065585e-5,1.2930232136816862e-9,-1.4595775357428044e-9,-5.543107536665888e-10,-0.001272140390791043,0.009974473524888105,2.4709907824438777e-12,-1.657348863239256e-11,-1.3757061026251227e-8,-8.808966352443047e-12,1.4115546096231485e-9,-2.497285914661203e-9,-5.168825674276262e-7,-1.1825468093098603e-8,8.298342213854742e-8,0.0009106807911347146,-9.818718374893638e-7,-5.951552267058623e-12,0.0015667835125308448,-2.3514787107756147e-7,1.3916325022787858e-6,-0.00015466822372616398,4.604482463420173e-6,2.843467606066675e-11,1.1988082246396427e-12,0.00043105641227779955,0.0018894639875359552,-0.0011946252814826284,-2.333899906498657e-8,-1.4697165321895587e-11,4.4352785068795433e-10,-0.00028501630414263097,1.6772331263060336e-5,-0.00258051416790955,-0.00012062314892183179,0.0004957074978423427,1.100238265575951e-10,0.004577815385115595,8.461464490272586e-9,-4.768508239307077e-7,-4.835194778952627e-6,-0.0025477679396097223,-3.288586745984352e-8,-2.9159852779231534e-9,3.3040097090154505e-8,-0.00010967836113865014,-4.6095792630781353e-14,-0.0001202119183040652,3.079725750452967e-11,-0.003335957991098656,1.790743374719574e-10,2.660588276712101e-12,-0.006086535966681785,-1.5608988750845273e-7,-4.5686464792585885e-5,-0.000640566480523915,-9.273267111144732e-6,2.725228796075816e-5,-2.3027157214600537e-10,-0.00010709121594242717,-0.0012554394685293465,-1.5798468222555186e-7,-6.559287032618977e-5,0.00659801789761509,-1.2416914504999517e-6,0.00047169988365943383,-2.8160602536692313e-8,2.2559922958728872e-5,-9.767875492630944e-11,6.837782457696224e-7,0.0025177402749759683,1.8478213007170373e-11,0.002901942984363086,-0.000638433135856049,-3.378578233879489e-6,3.440309026204049e-11,1.414925408856627e-10,-0.012033140903635834,0.01704240713944422,1.3957645466785376e-8,3.712290226615631e-12,-1.834047455459343e-10,7.61998381685308e-9,1.20816444403413e-7,-0.0009467683047772978,-1.7382776359159095e-6,-0.018265349814778113,-1.1635332859079629e-11,-1.115176214365189e-6,-3.3033411607455533e-9,1.751196550366801e-8,0.03975124737195328,1.6982574851991757e-5,1.1008131422332343e-10,1.8423017725022885e-8,-6.76603558219385e-5,-4.904960790284022e-6,-4.566698796656782e-10,-0.010047940941823725,-0.0017404389469149188,2.976040439308916e-9,2.165069379722943e-7,-2.606964491238314e-7,-1.1172849376412432e-7,2.849039175775729e-11,2.0118643552185845e-5,1.2732462788761216e-7,0.0010232972595700654,-0.01148686579504338,-5.2315966274152634e-5,-0.014772825005759882,-3.402617205479983e-8,-1.191587175361075e-10,1.3347774997835542e-12,0.0006623167070524756,2.935417114235296e-5,0.00027939521229427465,-0.00398342201337549,9.592258379132722e-11,1.0472225991240777e-6,1.893583767862421e-11,-4.360768951723825e-8,1.9044632761180426e-9,-1.0325541300372439e-10,-0.006540648357334137,-1.167350315167422e-9,-0.00021211409323055054,0.0002892755730289068,0.0030916070833505935,6.560894064143392e-12,-0.00019185742652814186,1.3435513448647578e-6,0.00026446439137755705,-0.005837932629262435,0.0018820291580364994,1.3488911311801924e-7,-7.056995430705099e-7,-8.92528366194036e-12,-3.0629254033243455e-12,1.3396769926513913e-12,-0.00038023504832741535,8.056738616120233e-12,3.9725896649722214e-5,-0.0014198038038142405,0.0003526535352085553,0.00745369661447649,1.174861841512892e-5,0.005347694033362493,-1.3249729200817703e-12,-7.219804156010871e-5,5.477038240665568e-5,-5.844533065689491e-6,-0.0006756154455248277,-0.017723395202899433,-0.0011455868261128423,-5.634327163516364e-12,-0.0004036521993090261,-6.7338178760812735e-9,-4.836426978859961e-6,0.007393771980770423,-1.0076774036826543e-8,7.858379858686845e-11,-6.909089725332848e-6,2.757265292505518e-11,5.3959259405033054e-5,0.006530091506884753,-2.159425881342802e-9,1.8273411833264387e-9,2.3284735090526525e-8,-0.0003459319547697884,-3.5177101301587525e-7,0.0011455618234296608,-8.845850467047276e-11,3.273525901921598e-8,-1.4242802187685387e-5,-8.104825356436644e-10,-0.007167689710040718,3.4871963117370024e-10,-0.0013310572023064995,-0.00043736661912032316,0.0015394705807535926,8.398574502467876e-10,-2.002461062522128e-9,1.5829410995848078e-7,1.26841398677468e-7,-0.0009351510131622059,-2.0258328564554832e-9,-1.678785592471217e-10,-1.1376178690719025e-5,-0.00019555936130190632,-1.7435753314542753e-10,5.1237624737106703e-8,7.144790837174819e-8,-0.00029537706693853673,3.391223346323215e-5,1.7750163128274578e-11,1.42425501725036e-11,0.0014019126192433401,-0.00013204105320183612,-8.884012322889241e-7,7.98046070067704e-10,1.3782901650718866e-6,0.0006213808519182235,-5.578866527381154e-7,-4.493512629073017e-9,-7.227647768005077e-9,0.005185340683904537,0.0002227286473406494,0.0001694936305153055,-0.00013427558106641872,-3.869429706216765e-5,0.00021264950792132628,-2.1582484221026156e-10,-2.4926909087762468e-11,0.0013271296714662737,3.2057822433689045e-5,1.5359872187564666e-12
0.0,0.0,0.0,0.0,0.0,0.0,0.0,0.0,0.0,0.0,0.0,0.0,0.0,0.0,0.0,0.0,0.0,0.0,0.0,0.0,0.0,0.0,0.0,0.0,0.0,0.0,0.0,0.0,0.0,0.0,0.0,0.0,0.0,0.0,0.0,0.0,0.0,0.0,0.0,0.0,0.0,0.0,0.0,0.0,0.0,0.0,0.0,0.0,0.0,0.0,0.0,0.0,0.0,0.0,0.0,0.0,0.0,0.0,0.0,0.0,0.0,0.0,0.0,0.0,0.0,0.0,0.0,0.0,0.0,0.0,0.0,0.0,0.0,0.0,0.0,0.0,0.0,0.0,0.0,0.0,0.0,0.0,0.0,0.0,0.0,0.0,0.0,0.0,0.0,0.0,0.0,0.0,0.0,0.0,0.0,0.0,0.0,0.0,0.0,0.0,0.0,0.0,0.0,0.0,0.0,0.0,0.0,0.0,0.0,0.0,0.0,0.0,0.0,0.0,0.0,0.0,0.0,0.0,0.0,0.0,0.0,0.0,0.0,0.0,0.0,0.0,0.0,0.0,0.0,0.0,0.0,0.0,0.0,0.0,0.0,0.0,0.0,0.0,0.0,0.0,0.0,0.0,0.0,0.0,0.0,0.0,0.0,0.0,0.0,0.0,0.0,0.0,0.0,0.0,0.0,0.0,0.0,0.0,0.0,0.0,0.0,0.0,0.0,0.0,0.0,0.0,0.0,0.0,0.0,0.0,0.0,0.0,0.0,0.0,0.0,0.0,0.0,0.0,0.0,0.0,0.0,0.0,0.0,0.0,0.0,0.0,0.0,0.0,0.0,0.0,0.0,0.0,0.0,0.0,0.0,0.0,0.0,0.0,0.0,0.0,0.0,0.0,0.0,0.0,0.0,0.0,0.0,0.0,0.0,0.0,0.0,0.0,0.0,0.0,0.0,0.0,0.0,0.0,0.0,0.0,0.0,0.0,0.0,0.0,0.0,0.0,0.0,0.0,0.0,0.0,0.0,0.0,0.0,0.0,0.0,0.0,0.0,0.0,0.0,0.0,0.0,0.0,0.0,0.0,0.0,0.0,0.0,0.0,0.0,0.0,0.0,0.0,0.0,0.0,0.0,0.0,0.0,0.0,0.0,0.0,0.0,0.0,0.0,0.0,0.0,0.0,0.0,0.0,0.0,0.0,0.0,0.0,0.0,0.0,0.0,0.0,0.0,0.0,0.0,0.0,0.0,0.0,0.0,0.0,0.0,0.0,0.0,0.11126381923500335,6.168578579584425e-9,-0.0003033340571906151,8.69106452691486e-7,-6.48770305159786e-5,-6.971912226657007e-10,-4.021457573164352e-9,0.0210747864359785,-5.908850325371314e-6,0.004151327617824483,-0.0016262409929312723,0.010782882831856438,4.227058104551432e-10,8.733681888543536e-5,-5.8012891203351296e-5,8.009081144793174e-5,5.7008498347308554e-11,0.0015163580123001424,-0.008199468078118102,-0.0047195698981866785,-0.00020802137406149073,-3.8475476808597595e-7,1.1173049097912623e-7,-0.0022076312822791743,0.0013260103116086322,-9.711121631098204e-5,-6.700435972423192e-10,-0.0010858278660736485,7.266133738862189e-7,0.0007628036312930132,2.5051620817677518e-8,-9.491638319538537e-7,-1.2832366441783982e-5,-7.445916114635715e-5,-1.5945954040617975e-5,7.61037779857094e-6,2.166667580513939e-8,-0.00046717771770361815,-6.304781497795336e-5,-1.2673522874663196e-6,-0.0170428079798925,-4.967447055474661e-9,-5.424424870541757e-5,-1.4141608760049022e-8,0.003174014247441121,-5.41956203959094e-5,1.0618956283165983e-9,0.012453423559788415,0.0008053135297580383,-3.1055300763851216e-5,5.4758227092099424e-8,-0.02273760828943187,-1.400885798909198e-9,6.327924473791903e-7,-0.00011037151362546871,-2.1805675543215184e-5,-0.0002471992008980142,-1.6080445976022263e-8,-1.5866905307919779e-6,0.0005473583229045275,0.0006805930609224991,-9.289746323633937e-7,8.195843912685312e-10,0.026663326650919156,2.8309947135449533e-5,6.110216471469595e-8,-4.725475559245158e-9,-1.7236126694032832e-6,1.3342227579705249e-5,0.008434650063222079,-5.6786359658862515e-6,-2.6825917921650886e-7,-0.0002611621681653126,-9.478057481539733e-10,-9.325047651397294e-9,-9.77052674699618e-10,0.004142628692191813,-0.001592830586010347,-0.004635237472918282,0.00024357780432752494,-1.1163782197269553e-6,2.5006193405699575e-5,-9.272985232443385e-10,4.000001029134143e-5,2.2782560002157737e-9,0.007991067936239764,2.4917946678004632e-8,-0.00036154501476462123,7.386738103084243e-8,6.597885506302917e-10,4.2070212490955523e-7,-1.7039865271766285e-10,-3.000625965014551e-8,-6.078541936251054e-6,1.7257725997295123e-10,1.0615463302283038e-9,-2.0611709331110355e-5,0.006943491629232276,7.69099037370163e-6,0.0010889696908842864,-0.00010827412107580064,0.0001595848085981549,-2.4717486138203536e-6,-2.3536983290566197e-6,0.001381026363061643,0.00010976416905592426,1.2373158308459083e-5,-5.348392746885945e-5,-4.613687285964189e-5,-0.0011052033685545525,0.000101666945717373,-1.6413751397424347e-7,-1.3200088205744555e-8,-1.3905587420631994e-9,-1.2926630995749005e-5,-3.983264889787946e-9,3.0376456367257734e-5,6.059713084604689e-10,0.0011703942026116668,-0.00015814422703471268,-0.00010704575730560972,3.7567250729584875e-5,4.27870450393052e-10,-1.1144011716721111e-9,3.690113840123739e-10,6.585765163552093e-10,1.4431163186468812e-10,0.001829979906774902,2.1670108766585063e-8,2.877571294158764e-7,-0.001331454209014831,9.39604993526313e-8,1.8396283980881466e-8,1.7724943383165624e-7,1.567829416166539e-5,-3.8388765913050153e-7,0.0007641183291219416,-4.3651540057314874e-5,5.070671293517359e-9,0.013422912624865233,-1.1108951901023004e-7,0.00023761328973697493,5.146387654987277e-10,1.7543037864149957e-9,1.7573037850703185e-7,-0.00035873435093228316,3.0617428448033815e-8,-0.0054909097522301,8.065661832465715e-5,-1.0908401765609012e-9,9.804663760167544e-5,-0.002665618729037349,0.00012112277605776321,-5.7105810069016444e-8,1.50359108234163e-9,-8.185513178587247e-9,5.377714064899686e-5,5.234499252616236e-10,0.0008112022851053333,-9.636128547052705e-10,0.0032872986063112466,2.1270848815047994e-9,-3.406576769119009e-8,2.5571306161153924e-8,1.8979291282134855e-5,9.894627654797142e-5,0.0035365164475748847,-0.0002807043122609567,-1.9889170072081466e-7,0.0012302693231757756,7.183142885597953e-9,-4.0575337084628626e-5,4.461636211524874e-9,-2.555377058948014e-8,1.1877938460373558e-8,0.0045557487539122634,-6.130075561382025e-10,9.139327772360455e-5,-0.0001600184574153509,-0.0005095768067835375,-4.439539895462633e-9,-1.02057767442333e-10,-2.77187206768621e-9,0.00036946241492962195,-1.3270928590860822e-9,-8.695296281356874e-9,-2.452778752864421e-10,-1.0165389370891147e-8,-0.0001324803238967263,-0.0020526022361328066,-0.009618142419457725,7.650330934553444e-10,-1.1250475296341738e-8,2.607256283064341e-10,-0.0010722548945220707,-7.289604477663283e-9,4.190571486097822e-5,-0.0002772630206433865,0.00010688599627642875,-1.071159371049948e-8,-0.005952678552085747,0.002220195450200168,1.6042651696451246e-8,-1.2018181695807771e-8,0.00021351010260055555,-0.0004745199354243396,-5.58962756413712e-5,-1.949156206061626e-6,-0.006294304442745449,0.003585113958073897,3.749265882640239e-10,2.2537653887714863e-8,-0.000507665820201694,-3.546247009361533e-5,-6.517510374949541e-9,7.478464010355892e-6,-0.003425615660864506,1.8891002645539467e-5,0.006348838683724011,-0.0012655509252048837,0.0021923740041185236,0.0028289303144016344,3.7540502663116456e-10,0.0003754916785631937,-2.520822572146339e-6,0.0024063451921189755,-5.458392837334014e-5,4.216581259634835e-5,-9.721942155433373e-10,2.1857596314570714e-5,-0.0020047439644578047,0.0003084241596855449,0.002711065618628614,0.002806108199419664,4.330888782915915e-9,-3.419655095967287e-8,0.008987664257634692,-5.866623493854387e-6,-0.008626371163813975,-0.00012380097093915042,0.0010030524290184993,-0.01255875550129178,3.237183478112108e-5,0.00012761882942213335,-0.00030209369141113285,-1.194620265199505e-6,3.3634235639535515e-10,-1.3030894626953551e-6,-0.00036877733597703415,0.00381776732651647,-0.00512441134215767,-0.004171650982100101,-2.9722833515090526e-6,0.0003993314901206698,-1.561404252274626e-7,3.8470304935212694e-8,-0.004821721508358921,3.20081194176681e-5,0.005663909500336019,-0.00028049496051503204,-0.002460421503007592,4.829980266602848e-10,0.0022770751913062507,-4.542965165473973e-6,-8.770087240007997e-6,-0.001052516250757928,0.00015741048668737004,0.01008909755975415,0.0007412720677113151,-6.226703385055907e-5,1.5320790497999696e-9,3.192632842705476e-5,-1.3187618149340664e-8,-1.4922726234877193e-9,0.00017045891598891887,-4.896567163499093e-10,-4.3289240875684557e-5,0.004449720233803602,-0.0044276898720386456,1.0176893913552357e-10,-1.7153184134666833e-7,0.0002864662561142635,0.0002540762099283972,2.765874787697889e-9,3.227292018983158e-9,9.78647079900061e-5,5.273620340066359e-8,-0.002408723835922481,1.7676828980296125e-6,-1.28538227504743e-5,2.0593160535195544e-5,-0.00039269493048559934,0.014650939212344316,0.010729037382669265,1.0821671894606919e-8,-3.4614487359904663e-7,0.06762256294017094,-0.01808030112428763,0.0006375542703239331,-2.955489017837426e-10,4.9701253280619495e-8,-5.260522021927582e-5,-0.0003194235504253242,0.0008107666919420296,5.055281342046475e-6,-0.011794106884763714,-0.0006097922176834359,0.00010930069700937199,0.001884368416216427,-5.6449869647561e-5,-5.8789222505420314e-8,-1.651408886203253e-5,-3.109419930350779e-5,1.0779463209692875e-10,5.446977686667091e-5,7.005223545430328e-6,8.09246115214587e-7,-9.5954069503874e-7,1.5254851535530333e-5,6.926221847559543e-6,4.2939519487546505e-10,9.717849981790019e-11,8.795778520761003e-10,1.8752692275154945e-5,-0.0009407285142037272,0.002255027050780197,6.063027770556535e-7,-1.934616707121299e-6,-6.000169857520363e-10,5.866554225648164e-7,5.851171633692767e-8,0.0020101607746426113,5.1614444778352125e-11,0.003982317450689385,5.0341750861167965e-5,0.00010190240199589268,-1.0033372912587215e-8,-0.014552322458793216,0.06284239118826847,0.004567005294432238,-3.016715575953415e-9,-1.6183916586107768e-5,8.938197099415321e-8,-0.0007649950696616694,-3.6901882633350567e-8,0.00199445611986023,-2.1703989236010703e-6,-1.6268964807978554e-8,0.00011296823627550043,2.709431599842097e-7,3.456547887030016e-7,-3.1258453948055494e-6,-6.674395065268187e-6,-0.004090011279224313,3.752176614092151e-10,-1.2965191601906281e-8,8.593244411981687e-6,-1.078542104000569e-6,6.8855038942052005e-9,-1.4308079685277545e-6,-3.5827092285748456e-9,-0.0003368922524183797,-3.1625135128543646e-7,-0.0012450792910173028,-1.8343295121747286e-6,-4.855891416935972e-10,-7.035301975456803e-5,5.041523101567051e-9,7.611965108104231e-11,1.0741898784457246e-5,8.571789644748168e-5,-0.0009320680345466045,3.5153407051406117e-9,-1.441542965769453e-8,0.008715711968819737,-0.0004984640919040301,-0.0005823606961127345,-0.00846239108794976,0.0011721691541710772,-8.239773875756078e-9,-1.815090928505021e-5,7.824240803315147e-10,-2.363008803672216e-5,-6.21315151827369e-6,-0.014566457984325031,0.001995121541649041,2.49078929241265e-9,-7.353617507235057e-8,0.01650304123502458,-0.00041184444391604576,-8.270046130221868e-7,6.68099561203448e-7,-0.00412391237325542,-4.508328943077309e-11,-7.939643094639162e-9,-0.006806894260715399,-0.00020038622395489403,4.5547526408619056e-5,-0.002431569547614138,0.0010301352456040952,-2.1709874641210348e-7,0.0003814447914756339,2.933949621863553e-10,5.813200477090456e-9,-2.9783448001274696e-7,-4.039136528418964e-9,-0.001881381387527277,-0.0008180424456792214,-7.316244581866629e-5,-6.930612326503098e-8,3.277941708967057e-6,1.3747251793120647e-7,7.595453930570949e-10,-0.0010359356843598227,-2.8242015066913837e-5,-0.00020770063698049806,-0.00635708154252177,0.00045836617161407916,0.00048065263552745405,-1.3351257296429376e-8,0.004356949802950375,-4.277291068974459e-8,1.3310340096884295e-6,-5.2838324901000656e-8,4.085625975242159e-5,-1.135157985069481e-9,-0.00022822163565894572,-7.811595668693719e-7,-2.2934550288437045e-9,-1.7321020564420803e-10,-0.0003554419610841351,-0.0003246482769195628,1.8499658257093466e-5,6.824611203763425e-5,-3.404656444904087e-5,8.153485419821675e-7,0.0002641764239036014,-2.7455467036528196e-6,2.1600393833222513e-8,-1.3534100968800188e-7,1.6784732864689877e-10,2.333828005837369e-5,3.8141019209380434e-10,6.212040889682317e-5,1.1464679860282175e-6,1.3740425945651359e-7,2.694853489077189e-5,-1.3246186424832901e-9,-4.34736155030485e-9,6.138326101141327e-9,-4.319958335859676e-5,-4.316011604239234e-7,-0.0030960721120432484,-9.08855172374779e-7,-8.960181678374315e-10,-0.001874315522581783,0.0031636276105363364,3.00472229334916e-6,0.0001793164864165934,4.034457605153463e-6,1.6129336275358688e-8,0.05439814906673199,-0.0003468108539092276,1.1002864248536135e-5,-1.0301782983879544e-7,-9.25651818087086e-5,3.755018913592709e-10,0.0001809449575462425,0.000235122669423953,-1.73513426972967e-6,0.007983862140705926,-5.09695873748292e-9,-0.001420673995925784,-1.0943271584306325e-9,1.0265126259952722e-8,3.3186239448286715e-10,-0.001063933657563643,-0.008909012049911244,0.0007844141352041237,-5.126819376782294e-6,-1.898820345748955e-9,-0.014831460432814997,-0.00015254211760560318,-4.906440572548211e-6,-4.1834195827664e-8,0.00010088152052235856,-0.00022888891609532843,-3.84004137729183e-5,-3.3382347565173194e-7,-5.595134158792044e-7,-0.00022981245955842132,3.982940431060164e-5,-1.2139701103765098e-8,-1.2998960547826056e-6,-1.64972796172509e-5,0.008378962044093856,-8.35105472391605e-5,2.0426635215121088e-8,-9.52557692169152e-5,-0.010420976462359934,0.0054545754476978715,4.443542046734131e-9,-2.7559509281510876e-8,-7.047444393623613e-7,-5.691481199597323e-8,8.127412056475128e-7,-1.5908155652412964e-7,-0.0011849635861115827,-2.0895712997081032e-5,-1.1005644588319037e-9,-1.2132434779466028e-5,-2.576619694756147e-5
0.0,0.0,0.0,0.0,0.0,0.0,0.0,0.0,0.0,0.0,0.0,0.0,0.0,0.0,0.0,0.0,0.0,0.0,0.0,0.0,0.0,0.0,0.0,0.0,0.0,0.0,0.0,0.0,0.0,0.0,0.0,0.0,0.0,0.0,0.0,0.0,0.0,0.0,0.0,0.0,0.0,0.0,0.0,0.0,0.0,0.0,0.0,0.0,0.0,0.0,0.0,0.0,0.0,0.0,0.0,0.0,0.0,0.0,0.0,0.0,0.0,0.0,0.0,0.0,0.0,0.0,0.0,0.0,0.0,0.0,0.0,0.0,0.0,0.0,0.0,0.0,0.0,0.0,0.0,0.0,0.0,0.0,0.0,0.0,0.0,0.0,0.0,0.0,0.0,0.0,0.0,0.0,0.0,0.0,0.0,0.0,0.0,0.0,0.0,0.0,0.0,0.0,0.0,0.0,0.0,0.0,0.0,0.0,0.0,0.0,0.0,0.0,0.0,0.0,0.0,0.0,0.0,0.0,0.0,0.0,0.0,0.0,0.0,0.0,0.0,0.0,0.0,0.0,0.0,0.0,0.0,0.0,0.0,0.0,0.0,0.0,0.0,0.0,0.0,0.0,0.0,0.0,0.0,0.0,0.0,0.0,0.0,0.0,0.0,0.0,0.0,0.0,0.0,0.0,0.0,0.0,0.0,0.0,0.0,0.0,0.0,0.0,0.0,0.0,0.0,0.0,0.0,0.0,0.0,0.0,0.0,0.0,0.0,0.0,0.0,0.0,0.0,0.0,0.0,0.0,0.0,0.0,0.0,0.0,0.0,0.0,0.0,0.0,0.0,0.0,0.0,0.0,0.0,0.0,0.0,0.0,0.0,0.0,0.0,0.0,0.0,0.0,0.0,0.0,0.0,0.0,0.0,0.0,0.0,0.0,0.0,0.0,0.0,0.0,0.0,0.0,0.0,0.0,0.0,0.0,0.0,0.0,0.0,0.0,0.0,0.0,0.0,0.0,0.0,0.0,0.0,0.0,0.0,0.0,0.0,0.0,0.0,0.0,0.0,0.0,0.0,0.0,0.0,0.0,0.0,0.0,0.0,0.0,0.0,0.0,0.0,0.0,0.0,0.0,0.0,0.0,0.0,0.0,0.0,0.0,0.0,0.0,0.0,0.0,0.0,0.0,0.0,0.0,0.0,0.0,0.0,0.0,0.0,0.0,0.0,0.0,0.0,0.0,0.0,0.0,0.0,0.0,0.0,0.0,0.0,0.0,0.0,0.0,0.10994368549552078,3.3742066283993883e-10,2.263650029689332e-5,4.16082360377846e-12,-0.0012673365534611812,0.0026940724071980644,-5.77399116109986e-9,-1.988602170947812e-6,2.1897470635539625e-8,1.545170753564084e-11,-3.5696690880354006e-10,0.013958335461954758,-6.705734010237428e-14,-2.3589867970777542e-11,1.3271258548634566e-6,-0.0037580010722024874,1.9629624836337422e-7,-2.1394817128807783e-8,5.671407010700494e-10,-6.478112457080034e-7,-4.610927466132121e-6,-1.5910341080858234e-6,5.2452075382351365e-11,-1.3723178336968998e-8,7.2382531922966055e-12,-0.00801905611417776,5.633325073212315e-11,9.136014855358843e-6,-4.412194702702746e-8,0.00014300821856208295,-0.00020748953299921182,4.021893585114888e-13,-7.453755534142104e-8,4.125732389380975e-6,3.4548924202868607e-9,-0.00042257742456996256,5.4137122684821097e-11,-3.9644350217664435e-7,-6.301717610738322e-5,1.7530807667171888e-10,-0.015159510458832466,4.1588737860697455e-12,-0.0012943248058364396,1.6055522143036298e-8,-9.698137400513913e-8,0.01880677756176644,-7.877535598276614e-10,2.6161160667225897e-11,-1.4016873069833891e-6,0.0013879115557715346,8.949443052829101e-10,-0.012801984329754894,5.262314867898754e-5,-6.153101871231409e-7,-1.7445871425455548e-5,-1.0067272776595112e-11,-0.002727925944494959,2.3207579288456143e-6,-1.6386556272107336e-12,1.1864023723933497e-8,-6.454554411418246e-5,0.032198672676707125,-1.5673321741428923e-9,-5.44118507247103e-6,-0.00047591869269380545,-0.021448864467000433,-2.6948624445681266e-5,1.8481335907648815e-8,9.825127925449808e-9,-1.7841824116210818e-5,-0.0004246396403147896,5.699355470973643e-7,-0.0004341352665628414,-0.0014953278811373825,0.0031976974628586644,-1.3071447196145148e-9,-6.503423688214992e-9,4.243798425601431e-10,-6.833346048350335e-11,-5.8709935087168676e-5,6.904563416451143e-6,-0.014768299687283952,-4.6524915775008363e-8,0.0034523130793776826,-4.370837674115776e-10,0.0035979859464658785,-9.468773067509687e-7,-0.0005344208361195755,0.00647739258891366,0.0002519611185008908,0.002735215095615499,2.039733161375446e-5,-1.0724976992173373e-12,0.015824553136365598,0.010919110851754727,-1.1579761183937026e-6,6.149022934567297e-10,-4.8949200312713485e-6,2.1097105337870483e-7,3.565856485028639e-12,3.5727659096473714e-6,4.5117570030967326e-6,-1.962698911777415e-5,4.144634183648798e-8,-7.123453217215659e-8,-7.1587541127536e-15,-8.728593805461936e-12,-3.227253900027988e-7,2.697752932138164e-11,6.636561875040837e-13,-6.024544560863561e-5,-1.4880902361030207e-5,-0.03763158593169887,1.6069032365027455e-12,0.00041269682875189826,6.397074589863895e-12,-0.003106370043714104,1.4219059312376576e-10,-9.829720562628913e-7,2.8910138113953807e-12,-6.341829908196299e-7,0.0033617357766222503,-0.02672866073018065,0.00036293049058181386,0.009287061515308797,-0.009509929623369285,-1.8729029535984094e-10,0.0003267983071746604,0.0007793993029268645,-1.248579419024651e-7,9.44301650494567e-5,-0.0023998066923376356,1.0756127940444053e-5,1.023762548398078e-12,7.26137675959194e-6,3.7699118814486577e-8,1.2943299846923856e-7,0.00014650810496193557,9.419398586296545e-9,0.000129949948824762,1.1110491168642242e-10,0.007665563503130167,0.07976129064874503,0.0016663660639460109,-1.610714759465833e-11,0.003767840412749397,-1.7970103763696242e-8,-5.397549804957647e-12,-0.015065719479782528,2.201457187082404e-12,2.178503334640829e-9,-6.581756924100438e-11,-1.0995377234878734e-7,0.004170477540952468,-0.012966195869151211,3.531637680785123e-6,0.004415108223972346,-3.2613080719331495e-8,-0.010786867084299828,2.133979708291354e-9,-0.007282337515872539,-0.0008704972848243073,0.00012429252443287622,3.518618231125588e-12,-3.893026374240193e-12,5.876675897079717e-10,-4.560704339462011e-7,-3.788848761434103e-5,1.6718527814885931e-9,0.041909700107848995,2.7874236957999617e-12,-6.844631375020826e-5,-0.0010828245972683151,0.0006777739348730757,-3.980145933222725e-10,-0.026376012131174055,-3.014666782968446e-11,3.523804690060917e-7,-7.016834448408119e-13,-0.029856233637691812,-0.007778382492015609,-0.01201844075978045,8.623288514090285e-12,0.0012958559714835425,-0.014997333020929609,-0.0024556899497019695,-0.000172024578858761,-1.6470168407014038e-13,-6.98001465233416e-8,2.494135860145138e-10,0.004305647048348278,-0.0067962967378117,0.01434158948936177,-7.65176161004624e-9,0.003802706283203535,-2.286407410943735e-12,4.322646431454399e-8,7.22310243159623e-7,-0.00022939962041573542,3.3688254948404394e-10,-2.5391435009626578e-9,0.001215440084742438,0.0003539939870340075,2.2294957181664455e-8,-4.0957940811703657e-7,2.9052056080270023e-6,-2.9583753420606408e-5,2.8536251273891676e-10,2.664165072413702e-11,0.012230996817031112,0.00014097463644667296,-2.0104155059968657e-11,6.123162214004249e-6,0.0015452689089185804,1.993736496017934e-5,-9.070640231855532e-8,4.724074110606677e-6,-3.1233509513289654e-10,-2.0484141906441008e-8,4.4479943442398887e-10,3.534563069733111e-8,0.010298749863847503,1.3948088417244724e-8,8.370538359444309e-7,-6.7516370167511e-11,4.311035513525879e-13,4.234437127547232e-6,-0.016243307814675735,1.16973579659301e-12,2.8808270452285947e-12,-4.0789935122602445e-11,-1.1962062380322482e-10,1.0719450537675545e-8,0.021557825760409193,-4.746137177587613e-5,1.6017365930395082e-8,1.7035477080250754e-5,-2.247898480192771e-9,-1.9735147319323105e-11,1.7313922201268018e-11,-1.7723778800476496e-9,4.113545937326975e-6,-3.6027099116756875e-12,6.74241258432145e-11,1.4157856127992147e-5,0.004116835839456665,-1.3043687803704777e-5,-6.494479742767146e-7,-1.2732177842980112e-10,3.0989321303219424e-9,2.8735940135667215e-10,2.1749566552532035e-6,2.8114540795665116e-13,0.00013393094053241813,0.0003077909348397697,3.7571324071359015e-10,-4.891845803210751e-7,-3.61632472083027e-10,7.031244086269862e-12,-5.616217261901428e-10,0.0038619717548100257,1.1320942775011124e-10,1.495088878755176e-5,-5.69632625334938e-6,2.0558638847033578e-11,-7.835218635335807e-13,1.2604448020907301e-9,-3.197071439963497e-11,-1.5809609897492068e-6,0.002196055786279995,-4.3869350605996255e-13,-0.0014965313373147841,-0.0022657045580162685,-1.79005933259242e-11,0.025548006137542836,4.531436744481459e-6,-5.334576559163358e-10,-2.1869927938405055e-8,0.013767753527021639,-7.739018324775329e-5,-1.651785219385261e-7,-3.212114376555926e-11,0.027577667098358547,0.005816302326311593,-4.8787100266067e-11,0.0011068044168071225,-1.2895167975311502e-8,3.2591038104221134e-5,-1.0103243587631813e-6,2.0248218013530296e-6,-1.5300955693183426e-9,-5.097084897957568e-10,9.142101863991436e-9,0.0002986289731869901,-3.0591369452565486e-6,4.251734533572141e-10,-3.3266437933687007e-10,-2.3552844927375868e-11,0.002307944300366869,-0.0011913445538537493,2.6429132099586656e-12,3.88321220805573e-12,-2.461063768476506e-9,-2.6482283087589316e-12,4.486947056688858e-10,-7.135677644024127e-8,1.2359841626603838e-7,2.7846601230747723e-8,1.2102258202285625e-9,-0.00048536202744463503,-3.266388450489793e-7,5.67096647368963e-13,0.00015527695783228276,-2.493847928824472e-7,2.7560001497864165e-7,4.167716494563837e-5,-1.99318297708608e-5,-8.824678464402007e-12,-9.488242479034356e-13,0.0032314500604646024,-0.01012462727358719,0.014482761903110862,-1.5818476904546073e-7,8.633930473228128e-11,-4.107049434124561e-10,8.752309704811884e-5,-1.1158423966498365e-5,-0.005002314664808152,3.3094347765494535e-5,-0.00024276079958252775,-4.1063983730873857e-10,0.002304162463277799,4.849153100268117e-9,1.0592697266515416e-6,2.6710018745302457e-6,0.00013662617195566164,-1.952798729352446e-8,-3.892288216941186e-9,3.4286879950757445e-8,-0.009529491363205727,-2.1444801332932205e-13,0.0017087746862308607,2.591888000638072e-10,-3.5844363045242887e-5,-1.1314485223046977e-10,3.0210798774864234e-14,0.0002542851926070313,-2.8955989674043073e-7,1.0317941262595901e-5,0.0004358382412027636,-4.047371941502651e-6,3.8575904190306094e-6,2.1999279117467146e-10,-0.004774231924780717,-0.000791600781540897,-2.5035986607480084e-8,-8.96524496165579e-6,0.003962384762521004,-9.421788536123612e-7,-0.0005552364613969969,-1.2371900112389906e-8,-1.7025717819389994e-6,6.622327790781456e-11,-1.0466450962829655e-7,0.004735037248499054,-1.0838102351700674e-12,-0.0016287482775086248,0.004086094511466781,2.658008093318711e-6,-2.889390553146459e-12,-4.81204151033843e-11,-0.007086047649295343,9.894439122447059e-5,9.784589484968829e-9,1.7296142255140458e-11,1.9044070718260588e-11,4.070772457566901e-9,1.2438742203017082e-7,-0.004593166882628549,-1.4270538668250073e-6,0.0022667781812480206,-3.945208237261449e-12,-1.6467179706723117e-6,-5.266255450760976e-9,9.137908263626858e-8,0.0068922896694153975,7.26451313540003e-6,-4.718806282310448e-10,-2.263725143759448e-8,-1.4742263960677418e-5,2.798909953955586e-6,2.909900490838652e-10,-0.010848480435509605,-0.0005819521010926016,-3.209397360117464e-9,8.16872740430312e-8,2.8753794574763713e-9,-8.401354933193256e-8,-3.275522954940854e-11,-9.690489156153737e-7,4.504778224475565e-8,0.004742178514468942,0.0014048539939523188,-1.756038962139629e-5,-0.032643365087749426,6.761167997036018e-10,-1.8796647611491567e-11,1.8384769905609236e-12,0.00014092866451837765,1.990273167727839e-5,-0.0001299466907157604,0.008514839061637395,1.721064560871585e-10,2.29880144753567e-6,1.92539827456745e-12,-1.0428346305043182e-8,-5.955407508906489e-10,-3.080265036666339e-11,-0.0004188055600030893,-3.865982376461412e-9,4.7341019261081004e-5,9.228794952300165e-5,-0.00020485911390980978,2.183607513434454e-12,-0.00307141332422729,-5.372850019705378e-7,-5.347233572729022e-5,-0.011646039296138328,0.005340363268505288,5.0358943688299224e-8,-1.7029457953296116e-8,-5.332977453274409e-13,-1.1807048690218189e-12,3.703201699315673e-12,0.00017849745741841945,3.4961544373723673e-12,9.521549809675885e-6,0.0005265073622902093,-0.0002878175690730798,0.004342404863323453,5.171157727280783e-6,0.0012796763643058585,2.3518836977583684e-13,1.618427033757355e-5,-0.0005726427271245216,1.0108070909644559e-6,-0.007928545447615717,-0.0012973282204650197,0.004167072832580422,-1.377732577404976e-13,5.4139029322342756e-5,-6.908868706053952e-9,-3.8605883113345576e-7,-0.011647167913527535,-9.36110328736247e-10,-1.6461225595994313e-10,1.197988315948304e-6,-1.6644924901899297e-11,8.904262530688828e-6,0.000944898778325367,-1.1615832443434636e-9,1.534340000566464e-7,2.7595454247098145e-8,-0.0003966475139411679,3.61979113485583e-7,0.023012099328648023,1.019800127330516e-11,-1.203138134239222e-7,-9.431343719370218e-6,1.1403158504338554e-9,-0.01856274584316479,3.267156246583037e-10,-0.002701629552128393,-0.0016483489760294571,0.010614324849294792,-1.885028168837674e-12,-1.280883007212849e-10,1.0747943477259927e-7,-4.376532031324635e-8,-0.04212695552485704,2.478870244822438e-10,-2.8839730803031442e-12,-5.9505602644535515e-6,-0.0005691787509666108,-5.833830606918574e-11,3.206027260843995e-7,2.720617225147454e-7,-4.2150220088508014e-5,-3.078145420808301e-5,-7.138599562712784e-12,-7.784925139322881e-13,0.0006917750050189408,-3.256785429218488e-6,-1.0685590789660974e-6,4.928950572529907e-10,-1.6766223821450506e-6,-0.00011448827318798714,-3.610005233708841e-7,-2.1454879323863006e-9,-2.4309142556331673e-9,0.07890422011799737,-0.0007156378024061205,-8.047749126645148e-5,0.000217906361653222,4.3313527624005965e-5,1.6784251241910357e-5,7.359452274387344e-12,-1.0639048701840246e-11,-0.0071877711470050175,9.99453110998163e-7,1.8288474154758816e-12
0.0,0.0,0.0,0.0,0.0,0.0,0.0,0.0,0.0,0.0,0.0,0.0,0.0,0.0,0.0,0.0,0.0,0.0,0.0,0.0,0.0,0.0,0.0,0.0,0.0,0.0,0.0,0.0,0.0,0.0,0.0,0.0,0.0,0.0,0.0,0.0,0.0,0.0,0.0,0.0,0.0,0.0,0.0,0.0,0.0,0.0,0.0,0.0,0.0,0.0,0.0,0.0,0.0,0.0,0.0,0.0,0.0,0.0,0.0,0.0,0.0,0.0,0.0,0.0,0.0,0.0,0.0,0.0,0.0,0.0,0.0,0.0,0.0,0.0,0.0,0.0,0.0,0.0,0.0,0.0,0.0,0.0,0.0,0.0,0.0,0.0,0.0,0.0,0.0,0.0,0.0,0.0,0.0,0.0,0.0,0.0,0.0,0.0,0.0,0.0,0.0,0.0,0.0,0.0,0.0,0.0,0.0,0.0,0.0,0.0,0.0,0.0,0.0,0.0,0.0,0.0,0.0,0.0,0.0,0.0,0.0,0.0,0.0,0.0,0.0,0.0,0.0,0.0,0.0,0.0,0.0,0.0,0.0,0.0,0.0,0.0,0.0,0.0,0.0,0.0,0.0,0.0,0.0,0.0,0.0,0.0,0.0,0.0,0.0,0.0,0.0,0.0,0.0,0.0,0.0,0.0,0.0,0.0,0.0,0.0,0.0,0.0,0.0,0.0,0.0,0.0,0.0,0.0,0.0,0.0,0.0,0.0,0.0,0.0,0.0,0.0,0.0,0.0,0.0,0.0,0.0,0.0,0.0,0.0,0.0,0.0,0.0,0.0,0.0,0.0,0.0,0.0,0.0,0.0,0.0,0.0,0.0,0.0,0.0,0.0,0.0,0.0,0.0,0.0,0.0,0.0,0.0,0.0,0.0,0.0,0.0,0.0,0.0,0.0,0.0,0.0,0.0,0.0,0.0,0.0,0.0,0.0,0.0,0.0,0.0,0.0,0.0,0.0,0.0,0.0,0.0,0.0,0.0,0.0,0.0,0.0,0.0,0.0,0.0,0.0,0.0,0.0,0.0,0.0,0.0,0.0,0.0,0.0,0.0,0.0,0.0,0.0,0.0,0.0,0.0,0.0,0.0,0.0,0.0,0.0,0.0,0.0,0.0,0.0,0.0,0.0,0.0,0.0,0.0,0.0,0.0,0.0,0.0,0.0,0.0,0.0,0.0,0.0,0.0,0.0,0.0,0.0,0.0,0.0,0.0,0.0,0.0,0.0,0.0,0.10953458700828371,9.326067335906473e-8,-0.00026489113822234075,-6.791631826349653e-10,6.590739414683179e-10,-0.00010335077610374397,-6.693491533337148e-7,-0.0005778501023559611,-0.00983008051201159,-0.00569720167250073,-6.926277848691346e-11,0.0004981999875899523,0.004465327979590743,-1.8956357748272258e-7,5.70366531806191e-11,2.7971437355508506e-5,0.0008254575487516442,0.010841291293881889,9.386256967815546e-6,4.4391878236773666e-8,-6.022924642639152e-8,-0.013904071460741324,0.0004626839522228946,0.0016630980627205282,-4.402737169730892e-11,0.012912628075575075,-6.321511440813147e-7,0.00022692969664436612,3.826816594367977e-9,-9.345085621734364e-9,0.00020962623640725055,-3.7369444973575674e-5,1.7780444584522833e-6,0.0017105317538654039,1.0180222198620076e-8,-0.02425844557351117,-4.222322789700419e-5,-5.979110226301748e-8,8.856237521290332e-5,2.1921954356086697e-10,0.0002639324320988143,-1.5599874536917938e-9,0.00035646047371870105,-1.201839522641718e-5,-2.8739477976529973e-11,0.0009309889381352284,0.022231849411686343,-2.654027193911992e-6,-2.8233271553501193e-9,-0.021470880904383316,1.233793183418052e-11,6.115057758307105e-8,4.191157377463017e-6,-1.7280478595872851e-7,-0.0014116507416172973,-9.069830951283131e-10,-2.01985072891188e-7,0.004781521626508134,3.71377485753472e-6,1.2989416293117425e-7,-1.7800965677078269e-10,0.0036550034804702816,6.100950078980527e-7,-2.0886450411632688e-8,-2.1479125686001864e-10,-6.440473606352867e-7,-4.526011056977773e-5,-0.0010417419904841926,1.282630007385985e-7,9.53452830197453e-9,4.649404811895545e-5,-5.8108978721209714e-11,2.6639216984537754e-9,4.4164903980839306e-10,0.014778848497653435,-0.0015024179352046603,-0.002478621737948491,0.011155623447976194,-2.0657014381540755e-8,-7.149211346776398e-8,-8.561391450200705e-11,0.00012350854672290898,5.480301412597949e-11,-0.0009482237617457622,-1.2134704168174186e-9,5.341252353056366e-6,-2.1661113352466755e-8,3.673980262194613e-9,3.205104293436832e-8,3.317696381406345e-11,1.926041503948339e-8,-0.00027295888473847444,-1.6354639492190658e-12,4.522710890475958e-11,2.5684727879416356e-6,0.0004892104966935421,-4.3483678245193366e-7,1.7167108153628418e-5,-0.000319790340532102,1.0843036124613023e-6,-1.4109518308982686e-6,-1.9374367273410346e-7,0.000163273704417823,-4.9049659535608227e-5,-3.271595884688358e-5,-0.001275078531588598,1.4656371186822484e-6,-0.00674678791959484,0.0007103146627335092,-4.7544301218378883e-8,-1.0766058249311215e-9,5.387823551906829e-11,0.00015675057169178288,2.3433731134577707e-8,0.0005771314338885085,2.7972050026844168e-11,0.01535400482315971,-1.1179057778627258e-5,0.0006226102950469526,-2.3061382733940757e-5,1.561856013150735e-11,-9.736921398435589e-13,3.934987966126208e-11,-9.542833280840958e-12,3.98202103668272e-11,0.0035337732946759703,2.2946558039378524e-8,3.629809006552055e-8,5.9187235784967744e-5,8.77444589688854e-9,2.0925483515071777e-9,7.228378391559764e-8,-1.1326056017630704e-5,4.94605276752733e-7,8.392655335550952e-5,2.1714773559895863e-5,3.1352487389906083e-10,-0.00012130207050942263,1.8825658817380437e-9,0.036403640318973716,1.5121132113651232e-11,-2.9509511232168477e-10,9.413620970077308e-9,-0.002507459632027672,2.342945129843173e-9,0.0014889089338137745,-0.00035891100521062024,-1.863459915289769e-11,0.00012313887091947953,0.0005428586558529327,0.0009259767010587314,-1.3106969039243355e-7,-6.306483034631804e-10,-1.0503982179959216e-9,4.988944420066968e-8,1.761915256615837e-11,8.588877729092757e-5,-1.668350301369762e-11,0.0014115952255594364,-1.534356056801681e-10,-1.4853696037916048e-8,4.175319302699195e-9,0.00011566907766007182,-4.476961035068125e-5,-0.005171363226951937,-2.097271318824501e-5,1.3087896663528577e-8,0.0007666181046579965,3.9184779643643873e-10,0.0003493941157195321,9.2802393887911e-9,-2.1037060075945143e-9,-1.0924176221649934e-9,-0.00830900895814073,6.30467735229336e-11,0.0037565171014209667,1.3642764450446837e-5,-0.0001003289262513813,5.1141208488677494e-11,4.8616143573274013e-11,-1.6100716996519628e-10,-0.0015304177644839521,2.9893897028257406e-10,-2.1438812126657562e-10,1.718710452428587e-10,-2.143975994360042e-9,0.0005017403321586913,9.131844940714441e-5,0.006029085318874543,4.2314395536557934e-10,-6.324601591289183e-10,-5.120270492819694e-11,6.392950629785696e-5,-3.7706414663007384e-11,-3.965746519371348e-5,-4.567457827673353e-5,6.896338073108362e-6,-1.3059688293044018e-9,0.04908631379553641,0.0013846629032348914,1.7753254078299154e-9,1.8924491444458765e-9,2.367857453991441e-5,1.0570867345768145e-5,-5.2703750462986035e-6,-4.0634105096155357e-7,0.01207911172395631,0.007909671324747996,-3.723380182001023e-11,-5.929876780507447e-9,-0.0026486431628972517,1.675422532605684e-6,2.6647175628648856e-9,7.924739168089856e-8,-0.00012251298124353667,-5.402731526736311e-7,0.014304124974465541,-0.00026706939348103924,-0.00010901338402035189,7.026021705565783e-5,1.4307112594201172e-12,-1.1549847191778758e-5,-4.090031633692147e-8,0.006526175757191863,-5.754576842381883e-5,2.843901671302033e-6,2.0278219415622222e-10,-0.00029354325026117984,0.0017678714384701004,0.0021595235741284297,0.009407705131737606,-2.0277972949588093e-5,1.5983937857088785e-10,1.2424382583714947e-8,-0.0012422236904690894,2.015733543474416e-7,0.0005971743028097394,0.017670103365722542,-0.005393109535323258,-0.00042088115814220285,3.2050433768678043e-6,-0.0005667716358557144,0.03191313207279223,1.8564114993778498e-7,4.874182622754768e-11,-4.9647640816911106e-8,-6.790114002691616e-6,0.0293982452917832,6.158360561794663e-5,0.013457950469919383,-2.5013336010553874e-6,0.0028421538430684953,-3.49331712274287e-8,6.003545277931169e-9,0.008700901802609793,-6.468214394885649e-6,-0.028574872662835225,-1.5078183880774211e-5,-0.0031421927229296825,5.2904582561740204e-11,0.001367705746746379,6.864685679756103e-9,5.927873330311364e-7,-0.0028394101689184926,-0.0002913858166574653,-0.00013876672966525047,0.011054035738972902,-3.303811116673196e-6,3.2019293000891197e-10,-5.0213548568411035e-5,-1.2383446371360207e-10,-8.039187930529959e-10,-0.00033840570772423583,-1.6210452966717636e-10,-1.1191231590665879e-6,0.0010026823179136828,0.0005084781212980585,-7.621335428000476e-11,-5.028516043591537e-8,-4.799877616729071e-5,0.004344889525626103,1.484102423295191e-10,1.6744364942027144e-9,0.0011323126234416233,-5.0145677638625835e-9,-0.00013966762018783184,2.6495368270058907e-7,4.543811837254808e-6,2.186500221603791e-6,0.00020182008953405442,0.002055249858233763,-0.0007499764830847262,-2.618553742974315e-8,-7.243483372497378e-8,-0.00174913818375593,0.0015113211998152186,0.047490731031894176,-3.614644209560976e-11,6.971936508151829e-9,0.0002875077191016094,0.003771400073405976,0.00017912981420329616,-9.553346736625104e-5,-0.036712959348335725,7.401716747189707e-5,4.0678302736869365e-5,0.0003461542497146254,-0.00014136765755323036,-4.044335812217456e-9,1.9755835819498333e-6,-0.00040180657700281526,-3.789679566595517e-12,-1.4380199593208204e-5,-7.58523131964889e-7,8.004577328013427e-8,8.228075101454809e-8,0.0007965575089161231,-0.0002685786567062019,2.3676897054972845e-11,2.8334255230115077e-12,4.460337698855744e-12,-1.0117685733442e-5,0.027483305250124778,-0.008251517526081439,1.3909727846491514e-8,5.486241156500614e-8,-2.1834241595160835e-11,2.793796690265484e-8,-6.3268508064434026e-9,0.0019515221200306957,7.795208704630935e-12,-0.00014266926278441687,8.58306496267935e-6,-2.493488497450427e-6,1.1211338173447923e-8,0.0009271939792749484,0.005029073879380388,-2.674321365604335e-5,-1.2763212916034377e-11,0.00013630360291040923,7.165261802090492e-9,0.06333191136887471,1.1642175394141687e-8,-0.018558750953193932,-2.030351422803758e-5,2.5341096552980756e-9,-1.1232793356333079e-5,-1.7268624217295804e-8,2.428184960749582e-8,-1.862567669594441e-6,2.4103414333611604e-7,-0.004198721815562202,-1.248934804599559e-10,-1.1278574860398545e-10,0.00014825716948322528,7.208573261701928e-8,-4.5060239715639275e-10,-4.870144027007702e-7,-3.5397093939538913e-8,0.0004395502444729105,-7.064738610391286e-7,0.003954549747436929,-6.47855983125905e-6,-8.248505585966538e-11,-0.0007265178019567976,-9.788641899419318e-10,-1.787074484837915e-11,2.069074738558424e-6,-0.0003730497695568972,-0.002038776210757427,2.788086367125266e-10,-8.03697953147252e-10,-0.0008913647495893284,-0.003985250769792082,0.0008118023954559466,-0.0027122502147812256,5.086974167006206e-5,-1.0227234701594343e-10,-3.781197971996354e-6,1.7268445683956277e-9,7.658841071967133e-5,5.43299468665359e-7,0.0017239828590974655,-9.19711145298279e-6,2.1389290530972776e-9,-2.592368307941745e-7,0.002647816365966908,-2.4686897125787158e-5,-3.775620077416107e-8,-1.1297158148602493e-7,0.028766955691059172,1.371701788520869e-10,-1.0504624071724614e-8,-0.002396718394777899,1.561558187584656e-5,2.6816936106006372e-5,3.497981100496616e-5,0.005422981882537708,5.156051850408104e-9,-7.341081740137944e-5,-1.3703859837894324e-11,1.0270936848559647e-10,1.3654677595871566e-7,3.2602094390136673e-10,3.4535301388416394e-5,-0.003329453853783672,0.0014201673555486666,-1.3187339890659478e-8,-1.5329920073629636e-8,-1.2654333220228982e-8,5.0839549563675204e-11,-0.008689316919475703,-2.1565459320303485e-6,-0.0005499731083356307,0.0008685643959178145,-0.0011678802977799939,0.02907189586457707,2.485150339783178e-9,-0.003251063632349351,6.822431500519342e-8,6.958066089589432e-9,9.311567608002709e-10,0.0005407923208596124,-4.3285813275019416e-10,9.025520383998892e-6,-2.1098926620176837e-8,2.462753220166387e-10,1.5007736908687724e-10,-2.1309034805391742e-5,3.940252936155377e-5,-0.00039472845767131616,0.00024341936545262656,0.0003420928881939942,3.795655629089471e-8,-0.0014086144540743162,1.273618001786187e-7,-1.582586273978967e-9,1.6556036088892934e-9,-1.2808846628339717e-11,7.075159362169962e-7,-8.03280135013162e-10,0.0004154182777852385,3.1736248687803254e-8,-2.423038576978077e-8,-7.828831157340978e-7,-1.7976177453392527e-10,-1.0509908976115722e-10,-4.919644444084047e-10,0.00023735662667425948,8.978561499480953e-8,-0.0017847390301305793,2.93916333179173e-6,2.0704393307565924e-11,-0.00034984906999733015,-0.0031010902608576527,-8.411906536210345e-8,0.001125523338809983,8.923260777808418e-8,3.9671728161783007e-10,0.0010988120783032179,4.0913266057998735e-6,6.487301297815914e-5,-2.7959676918309624e-8,9.015772161197893e-6,-7.728804144725585e-11,0.004260427175382474,-7.3271411030007e-5,-6.934184542402195e-8,-0.0002639393750452287,-2.813753629204391e-10,0.048819880954923865,-1.180836323745519e-13,2.3635110059340656e-10,-7.72724184533242e-12,-0.007662814524264463,-3.937447124701674e-5,2.799368302906658e-5,-5.181515110368017e-5,3.088647014573182e-11,0.011157779517807775,-0.0033366815860462083,-1.5217654139416425e-6,2.2088605796028717e-9,0.006417632518382401,5.530192855944503e-5,6.519954234427136e-6,8.939723107480526e-8,7.087411154907493e-8,-0.001078321786352913,-3.7853848171189795e-5,-9.074555314197683e-10,-1.214850212374922e-8,-4.697119600470795e-6,-0.010514845862578446,-4.1302240561847556e-6,-3.742125205959585e-9,-7.416753662450331e-6,0.0005339777863361376,0.0012105964566364487,-2.3829565838614596e-10,-1.3560033029769898e-9,9.667355171151048e-9,-1.736324111769976e-8,-2.194822426063573e-8,-1.9796849004128343e-8,0.00029553627726726394,-0.0018566786448739358,-4.0271234395827826e-11,4.6264183592799554e-8,0.00015781661158392453
0.0,0.0,0.0,0.0,0.0,0.0,0.0,0.0,0.0,0.0,0.0,0.0,0.0,0.0,0.0,0.0,0.0,0.0,0.0,0.0,0.0,0.0,0.0,0.0,0.0,0.0,0.0,0.0,0.0,0.0,0.0,0.0,0.0,0.0,0.0,0.0,0.0,0.0,0.0,0.0,0.0,0.0,0.0,0.0,0.0,0.0,0.0,0.0,0.0,0.0,0.0,0.0,0.0,0.0,0.0,0.0,0.0,0.0,0.0,0.0,0.0,0.0,0.0,0.0,0.0,0.0,0.0,0.0,0.0,0.0,0.0,0.0,0.0,0.0,0.0,0.0,0.0,0.0,0.0,0.0,0.0,0.0,0.0,0.0,0.0,0.0,0.0,0.0,0.0,0.0,0.0,0.0,0.0,0.0,0.0,0.0,0.0,0.0,0.0,0.0,0.0,0.0,0.0,0.0,0.0,0.0,0.0,0.0,0.0,0.0,0.0,0.0,0.0,0.0,0.0,0.0,0.0,0.0,0.0,0.0,0.0,0.0,0.0,0.0,0.0,0.0,0.0,0.0,0.0,0.0,0.0,0.0,0.0,0.0,0.0,0.0,0.0,0.0,0.0,0.0,0.0,0.0,0.0,0.0,0.0,0.0,0.0,0.0,0.0,0.0,0.0,0.0,0.0,0.0,0.0,0.0,0.0,0.0,0.0,0.0,0.0,0.0,0.0,0.0,0.0,0.0,0.0,0.0,0.0,0.0,0.0,0.0,0.0,0.0,0.0,0.0,0.0,0.0,0.0,0.0,0.0,0.0,0.0,0.0,0.0,0.0,0.0,0.0,0.0,0.0,0.0,0.0,0.0,0.0,0.0,0.0,0.0,0.0,0.0,0.0,0.0,0.0,0.0,0.0,0.0,0.0,0.0,0.0,0.0,0.0,0.0,0.0,0.0,0.0,0.0,0.0,0.0,0.0,0.0,0.0,0.0,0.0,0.0,0.0,0.0,0.0,0.0,0.0,0.0,0.0,0.0,0.0,0.0,0.0,0.0,0.0,0.0,0.0,0.0,0.0,0.0,0.0,0.0,0.0,0.0,0.0,0.0,0.0,0.0,0.0,0.0,0.0,0.0,0.0,0.0,0.0,0.0,0.0,0.0,0.0,0.0,0.0,0.0,0.0,0.0,0.0,0.0,0.0,0.0,0.0,0.0,0.0,0.0,0.0,0.0,0.0,0.0,0.0,0.0,0.0,0.0,0.0,0.0,0.0,0.0,0.0,0.0,0.0,0.0,0.0,0.10864140871050543,1.0219820398943482e-9,-0.001495059347392998,-1.010656186592807e-5,-1.554876271757029e-8,0.000615359850949447,-6.197232330687908e-7,3.540052712131592e-8,1.4797247875779708e-7,-1.893397742304219e-5,-2.125023289480269e-9,9.541009077536103e-10,-0.0019700692890910875,9.559282322674912e-6,-2.7782141243194816e-5,3.936071973797801e-6,5.677424560521485e-7,-0.00010994833138715487,-0.003360640020609105,0.0005079269118630069,5.362068081012156e-8,1.4183565126637082e-7,9.004666435623564e-10,-2.397647162186242e-6,9.29275457739547e-9,0.0033525430870493555,2.563021750752186e-5,0.0016821625872015323,-0.0021385330129316425,3.61262582238533e-10,-2.6832807111471668e-5,0.000760112349304112,3.704656893794472e-7,0.004138986173810807,5.313435839299729e-8,3.206994691819124e-5,2.934208714977465e-5,-1.3497667121994468e-7,-1.0632486546349633e-5,1.0134921428727627e-9,0.00042634003671613777,2.897092376132179e-6,8.796382132622974e-5,2.365385267544331e-5,2.2390438606845338e-8,-4.304135827412601e-8,0.00045554433947078,0.000940401463681679,-5.2995675032190454e-8,4.507607832891334e-5,-0.006210997224000169,-0.0002401951225107199,-0.0046471411576116005,5.115655049387686e-9,0.0003339739083905497,-0.0032654864603771745,-7.408786506908473e-9,6.538821588096282e-6,0.05632966458115643,-6.657168125964061e-6,6.160262673094925e-7,-0.0003298453898799204,0.008400892524605175,0.00021140765608522455,0.003938820609811385,2.1929621758486574e-5,-5.44151039114948e-7,0.01087457352441843,0.007520351271302832,5.7388846432068173e-5,3.9571316042134586e-5,-0.0027697264032648427,-0.0001635620140186873,-3.0007915928127957e-7,-1.101494197731631e-6,2.7742488553474308e-8,-2.737633107944339e-8,-0.005069950074283235,0.00040010878100333556,1.3934294638160142e-5,-9.787817918285638e-7,-2.670072925627443e-5,-2.14956824090594e-7,-0.00027083332924552706,-0.000222790367473711,-0.0006039975900132785,-0.0001433026889149587,0.011057931768038865,1.4962259448168373e-5,0.000378913925330309,-1.3672685397424463e-10,1.4718769864373976e-5,-2.8598857770277627e-6,0.0010439248205471124,2.593840172980435e-7,-0.003260136363248866,5.049606443059375e-5,3.135977939739434e-9,0.0007455644015199651,-0.0023005240847286932,-0.02790441743638819,7.2366407616945325e-6,-1.1250766272528486e-5,-2.431857033767964e-10,6.43328651389922e-10,-0.0005206467643544627,1.3841813251960133e-8,-2.317674170941593e-9,-0.002193050899158789,0.00031334594582962293,-1.2079451413949487e-5,-9.089333608067766e-11,0.007272723385992275,-1.6057749983727296e-9,1.6718476709315263e-5,3.555770314856142e-7,-3.983207124004665e-5,-2.1629118066254556e-10,-0.00016511609992013858,1.2748403088924725e-5,1.1659215086036895e-5,4.582044924557374e-6,-1.0728661374498942e-5,1.676977169166007e-5,9.080312214981154e-8,0.005523242624886104,-0.010566329672890715,-1.369142216052276e-5,0.0008375692612022877,0.0006449628425551875,-0.018380947118585098,1.793720454606956e-10,0.016701626794232014,-2.8086106769632826e-7,-4.342252537543479e-5,0.00021670121125342027,4.336465474651303e-6,-0.008776043752282046,-8.063266129593295e-8,2.71448827506406e-6,-5.517788847185338e-5,0.003682861634076483,2.0929215489499434e-8,-0.00012585063520702388,-4.932767634143074e-6,-1.4526389222384297e-9,1.4963855942887517e-5,-2.6744871468133573e-9,3.245924553683874e-6,-1.842156410442098e-8,0.004647611110608542,3.563445406173957e-5,-8.921017194043636e-5,0.00014831718194288106,6.762565611259527e-6,1.4033271699068147e-5,-7.4807040303905066e-6,1.3472812763378367e-7,0.00011886711444510163,0.0020862322076687888,0.002605192771020371,-1.7938067797035444e-9,-1.772988886950086e-9,1.1427520009787282e-7,3.3329580140172676e-5,0.03425049333188735,-6.549667409155192e-7,-5.27825351463379e-5,-1.3763377586838574e-9,-0.00971927265928128,0.0014687345700835266,-0.006707153836109811,-4.5014157704988054e-7,5.024576686517867e-6,-4.827332845972518e-9,3.4751790501801286e-5,-1.0458642545498113e-8,-8.27102315383832e-5,2.2428882096795888e-5,2.2108298199198538e-5,-6.140689560802842e-10,-3.362339122091792e-5,-6.048652881343976e-5,-2.6323610448369475e-5,-0.0015252061605412403,1.2578817449456057e-9,-1.3746463752469528e-5,5.990404739012733e-7,4.63224898013076e-5,0.0003409814956029045,-1.4398066170467473e-5,-3.0614455493073965e-5,-0.0001619206829774401,-4.948273462054078e-10,1.5402481370411e-5,-4.678995070710074e-5,-0.00028775994058334586,2.5472799897562917e-8,8.654541476609436e-7,0.001020159047654783,-0.0004885234593591377,3.915139773683155e-5,-0.0001281023646379079,4.312051268377766e-5,0.0038315837703365332,2.719596642072084e-7,-5.2457606211225e-8,2.409256204646282e-5,0.0005299916209484621,3.8787534074606856e-9,0.0011091268410869386,0.0005282668411730489,-0.008559753006473953,-1.075288651326901e-5,-0.0020457418536110636,-9.225350059067473e-8,-6.755156472379366e-6,3.3359465751807957e-7,1.2766844203237532e-5,5.161851075148162e-6,9.974838213766543e-5,-0.0014110750574433146,-2.7266905362580385e-8,4.979516618940412e-10,1.7608493588582138e-5,-0.00010240505796570073,-1.8517982606960132e-10,-5.791888092529011e-8,6.487247861747382e-9,-1.461149362592507e-7,1.5084593083216608e-5,6.0582290361399716e-5,-0.001626212528077569,-2.0096090771497636e-7,0.009298028042519405,-7.542133344689414e-7,-1.668297860294666e-8,-1.4941873619699468e-9,-2.35223097459596e-7,-0.0007174793103775964,-2.190136769140092e-10,-6.394657696859571e-8,0.004094738930744571,-4.243696197321405e-5,0.002989690119037813,-0.00014305117799539376,-1.0728226643191272e-8,-3.0048166520238316e-6,9.142879182793554e-8,-0.0007600733956613443,-9.885561286719813e-9,0.002130433018601942,0.016275217152417483,9.427545416600945e-9,0.0002757424049499054,-2.878895953666648e-7,3.7709782030276795e-9,2.111930828600043e-8,-8.332433977842377e-6,6.033720938846671e-8,-0.004233386335333019,-0.0009085995599695459,2.033083487515252e-8,5.0700127509836245e-9,-1.4546192076859278e-7,-2.9377233848056766e-8,0.0006994652326166898,-4.7615981418517415e-5,-7.333170867491812e-10,0.0007129427056259908,-0.0001934946895653196,-4.032239685056774e-9,-4.324462212237082e-5,-0.0007211819077515942,1.5058615672122484e-7,1.122025748796847e-6,-9.545463333956322e-6,0.0193945467049257,-4.842274495810733e-6,-1.0502869718724581e-8,5.3155594982809835e-5,-0.00016273549134704514,-7.89497260368821e-9,0.0003908218246854966,2.5311883332341008e-6,0.03208133719363408,-0.00013225050594673358,0.00042941243258422295,2.342104474199377e-6,9.831616404825186e-8,1.1319497280584978e-7,-0.009102876374762467,-0.02325352747399191,3.392869829870073e-7,-2.724381805751997e-7,9.13032099621813e-8,-6.331466391939587e-7,0.0012752821173209286,2.2074497778558175e-10,1.552707046612658e-10,-1.1482778515959784e-6,2.531022728966811e-10,-5.8551700607662314e-8,8.695906235182518e-7,0.00011897468971377783,4.722055519257798e-6,-1.2097495601211205e-7,-0.002310417021921692,-0.0003885137883263678,7.242402891736981e-10,-4.230020300257492e-6,-8.075663584768179e-6,0.0005503227820650942,-0.013490382387367253,0.04131317998575874,-8.904844619255218e-10,-7.775165173723216e-11,1.4241585467494747e-6,-2.122695885708885e-5,2.1005229649028426e-6,3.015170477434752e-5,3.984963390770445e-8,-1.2156102055729318e-7,0.014205336892868204,0.0075891567575286,-3.4070241011081426e-6,-0.0017727581724287778,0.00017997443895644477,1.2164652533893598e-8,-4.05974697125347e-6,9.581464780228007e-7,0.0003619146014113817,0.00021940311562451234,-0.0006855065500993575,1.4033673466162814e-6,8.019714376833786e-8,2.430582097110446e-6,-2.9499582534150932e-5,2.833432753243174e-11,0.0012466764683372238,-6.388167172426161e-8,0.004404615487760593,-3.940308893735424e-9,-3.52065790021765e-10,-0.001244311199208031,-5.0665892231475155e-5,-0.0013980188086298402,-0.009035821935984071,0.0008171134143372602,0.003345105241206934,3.6373278336493414e-8,-1.1388769338035308e-5,0.00018507485604174034,9.18083970390467e-6,0.04027731456248662,-0.0006297904335844765,0.0003138641601129428,-0.004015276985449288,-2.013304615799226e-6,-0.005788737014610519,-7.234439488265244e-9,0.00015256070523528598,1.9711111330775163e-5,1.600121347324503e-9,-0.0003534471197384434,-4.142769793496838e-6,0.0006308555851540403,-4.195861284257807e-10,3.0588640152934275e-8,0.00018423834278667113,-0.0001406316017952383,-5.136853698759353e-7,1.6264325234096475e-8,2.2222512423461572e-8,8.967891171069904e-7,-2.0834806781109727e-5,-8.989396095496138e-5,0.00026547482754520524,0.0003600516361479216,-7.612494336314575e-10,-0.0007957993894825812,1.1556857142916864e-6,2.7733503679341467e-5,-7.413497803437948e-5,-0.0008157227227321169,8.164404923434314e-8,9.144917036417315e-6,-0.005750025274391536,-0.001636369293006841,4.959630590932013e-8,-0.0001011795105346581,0.0009447721251590468,-2.760143436512793e-7,-7.072347699423201e-6,-8.04330779250305e-6,-1.4041273015753832e-5,-1.3317571679650126e-8,-0.012847443211580515,-4.729718421043608e-5,7.486301684193085e-6,-3.8074618468949795e-5,0.011447103358882842,-5.698275810158238e-5,-2.790562427063647e-6,1.053638167770763e-8,2.5144338733738224e-9,-0.01758795697158324,0.006618103804489557,-0.0004264992423354742,-5.158154088813969e-6,-1.6984792183042413e-11,0.00015246401364071404,5.964276041099926e-9,-4.8340915860873644e-6,5.264139454740834e-7,-5.0511845457906596e-8,0.0009958775941560159,9.318111456710519e-8,-0.006472352278778924,-0.017496425200906236,-0.0005628993749301048,-1.0659333732982764e-9,1.870926337001414e-5,-0.0002345526388051658,-0.00462797060495718,3.233138660682517e-5,1.0813143574876432e-6,-1.0594922538557696e-5,8.474851664511835e-5,-3.206953639181738e-11,-1.7807378496276801e-9,1.6431255427093566e-10,0.007293263173499344,2.531317652685524e-9,0.007441476524234281,-0.0023134464140732547,0.008681669840121406,-1.1850509093463107e-5,2.425689028697003e-5,-4.724204620782645e-5,-1.4208044046751757e-9,-0.0012537542652070325,0.0066805848418838255,0.0004905146832187886,0.00016914134055323824,-2.486559975489738e-5,0.00014355699021512466,-2.3872827320775043e-10,0.020988727856847633,-5.839882546164282e-7,0.0008539538788573029,-1.2916546695906698e-5,-1.3760974897006512e-5,7.315668041897474e-8,-0.005807281550527225,-4.001432521772432e-9,0.009931807078161667,0.00013369124103074833,3.132826831459852e-7,-4.7098140788829544e-5,9.728950316144822e-6,-0.002397104774478463,-1.661601090732216e-5,-2.4392984175620797e-5,4.0987717812664885e-10,-1.664970761321528e-5,-0.008284698975222321,-1.5507535069743203e-7,-4.735983115479441e-6,-7.344659944207349e-9,0.0002021726394217259,-0.0001369794001276137,1.1022161919920135e-5,1.1300094024128389e-7,-1.2618762183157818e-6,-2.6800122398210193e-5,5.172207128621862e-6,1.0432258595397453e-5,4.6106902675388256e-7,2.231605820068069e-8,-0.00011527816777273835,0.0004485917636806272,-9.482430759537461e-9,6.575660030699554e-5,-4.421968844247012e-5,0.0712850838640175,0.04854054170164233,-1.4897300965208207e-9,-3.45342720960098e-10,0.001707382172265161,-0.024439512635385793,0.0002959826661416699,1.0041140195276739e-7,-0.0005280735620377822,0.0007907115611644693,-3.385904731602915e-5,3.450521537164521e-8,-5.348213140254809e-7,-3.3346979670810094e-5,-0.0006860868932109759,-0.00022365189318860845,0.006391784004037127,0.003643927876655132,-0.0032199990467061774,8.249574297745593e-9,6.6445688121791236e-9,-1.3957067135288995e-5,0.0009204599137220806,-1.1280771026934163e-10
0.0,0.0,0.0,0.0,0.0,0.0,0.0,0.0,0.0,0.0,0.0,0.0,0.0,0.0,0.0,0.0,0.0,0.0,0.0,0.0,0.0,0.0,0.0,0.0,0.0,0.0,0.0,0.0,0.0,0.0,0.0,0.0,0.0,0.0,0.0,0.0,0.0,0.0,0.0,0.0,0.0,0.0,0.0,0.0,0.0,0.0,0.0,0.0,0.0,0.0,0.0,0.0,0.0,0.0,0.0,0.0,0.0,0.0,0.0,0.0,0.0,0.0,0.0,0.0,0.0,0.0,0.0,0.0,0.0,0.0,0.0,0.0,0.0,0.0,0.0,0.0,0.0,0.0,0.0,0.0,0.0,0.0,0.0,0.0,0.0,0.0,0.0,0.0,0.0,0.0,0.0,0.0,0.0,0.0,0.0,0.0,0.0,0.0,0.0,0.0,0.0,0.0,0.0,0.0,0.0,0.0,0.0,0.0,0.0,0.0,0.0,0.0,0.0,0.0,0.0,0.0,0.0,0.0,0.0,0.0,0.0,0.0,0.0,0.0,0.0,0.0,0.0,0.0,0.0,0.0,0.0,0.0,0.0,0.0,0.0,0.0,0.0,0.0,0.0,0.0,0.0,0.0,0.0,0.0,0.0,0.0,0.0,0.0,0.0,0.0,0.0,0.0,0.0,0.0,0.0,0.0,0.0,0.0,0.0,0.0,0.0,0.0,0.0,0.0,0.0,0.0,0.0,0.0,0.0,0.0,0.0,0.0,0.0,0.0,0.0,0.0,0.0,0.0,0.0,0.0,0.0,0.0,0.0,0.0,0.0,0.0,0.0,0.0,0.0,0.0,0.0,0.0,0.0,0.0,0.0,0.0,0.0,0.0,0.0,0.0,0.0,0.0,0.0,0.0,0.0,0.0,0.0,0.0,0.0,0.0,0.0,0.0,0.0,0.0,0.0,0.0,0.0,0.0,0.0,0.0,0.0,0.0,0.0,0.0,0.0,0.0,0.0,0.0,0.0,0.0,0.0,0.0,0.0,0.0,0.0,0.0,0.0,0.0,0.0,0.0,0.0,0.0,0.0,0.0,0.0,0.0,0.0,0.0,0.0,0.0,0.0,0.0,0.0,0.0,0.0,0.0,0.0,0.0,0.0,0.0,0.0,0.0,0.0,0.0,0.0,0.0,0.0,0.0,0.0,0.0,0.0,0.0,0.0,0.0,0.0,0.0,0.0,0.0,0.0,0.0,0.0,0.0,0.0,0.0,0.0,0.0,0.0,0.0,0.0,0.0,0.0,0.10853047457450818,-2.559058722254554e-10,3.7075031990075924e-12,5.084925008346641e-5,-1.7404937981270847e-7,2.32106676974196e-5,-0.00020415217699735824,8.30680745459059e-5,8.969792718655395e-13,-0.0074448285306122726,0.001021978358090065,-1.7910310551863268e-7,3.4029982307447808e-12,-2.4925920262166377e-6,6.7862399896812835e-6,-0.00025170580137910356,8.388227924341578e-7,-8.59989678801723e-11,-1.7373131725545584e-10,0.00316516324894893,3.660975923344302e-5,-0.005445344031492056,2.3797250435138684e-12,0.003997966878524698,2.9851983901213634e-8,-1.2053445270360081e-5,-3.917407687358375e-11,-2.8303620044687555e-9,0.0017738716777254376,3.5572085762019523e-6,-5.2663138150405534e-8,3.2948353634773385e-5,-2.6826173605079725e-10,0.00032306352304636117,-1.5910535415818083e-6,1.604343344879173e-9,-0.0001323621928476686,-2.049928337250332e-11,0.010710837629158169,2.0203474787146206e-11,1.132863029969822e-5,4.708463156620659e-7,1.0287850652318525e-12,-9.021470033345887e-5,0.005007705062907743,2.2665197202624758e-7,1.4086157363209688e-10,0.0003303243560544545,-1.6655420164059115e-11,2.5306837224147878e-9,3.934330411223101e-7,-3.425176559341677e-8,0.004497882825205933,-2.8137917402434576e-11,1.0361938800540864e-8,-0.022595463371039372,-4.0319788484628336e-5,-4.334787936936802e-9,-5.828562928494614e-12,-0.00011968844225359577,-3.112864750460262e-8,-1.1685775116247985e-10,-3.3415804178412726e-11,1.4777739198072914e-8,-6.088367652837227e-7,1.2872484228254542e-6,-8.35475673640743e-9,-1.5919094578264165e-9,1.2728330312515751e-6,9.11734869376425e-12,-5.976893484360398e-11,8.475448735285557e-11,0.00024597318387216334,-1.5657221617826056e-5,0.0004180113829501248,-0.0008638065493593228,4.004542482237248e-9,-7.046454231007299e-8,3.764479383858924e-12,2.457355730600438e-6,5.826448428033695e-13,-0.00023019000581856635,-3.548663416630431e-12,5.87221430121786e-7,1.5827437885270386e-10,-2.864394481081041e-11,-1.5106203019103548e-9,1.0159675454596227e-12,1.93522138120195e-9,-0.008217242015046509,1.9270731527612225e-13,-2.218549573560058e-12,-1.5933542312065938e-7,0.00011689135223522412,-4.723522005895991e-8,-1.271974613246128e-6,0.02393978518662664,-7.018083148170296e-8,5.1293960429297265e-8,9.334045223737437e-9,-2.424187747894157e-6,1.171719395387797e-6,0.010615663248182044,-0.038742246521930715,-2.467597595664313e-8,-0.0024541940102961396,-0.020185626558367045,1.1232479139810158e-9,7.06177371473383e-11,3.4939535133247646e-12,-0.0014566975586723496,-3.915030078663678e-10,0.02576123204950976,3.0068118905535797e-12,-0.00022361464112850184,-1.0028300677044494e-8,0.0017710029464755059,2.517918940726193e-7,-9.458215133933847e-13,-5.809756520331216e-12,1.359625031886288e-12,-2.9992516108480267e-13,4.406231254711683e-12,-0.000362584883312786,2.2967941042623548e-10,-1.332733574853706e-9,2.2651264566193433e-6,-1.2643381867009352e-10,-7.787049854634785e-11,1.616565166514387e-9,0.005806028055616073,2.113238818718325e-8,-2.076264560614205e-6,-8.257360268410681e-7,8.447676671541952e-12,-2.0101125322978055e-5,-2.9698338430841634e-10,0.0049633918857892425,6.588818489720703e-13,1.184178143303621e-12,5.137602902652087e-10,-0.006388441485223972,-1.5443271495465652e-10,-4.80105732475115e-5,0.011662787943032483,-5.716765747509827e-12,0.008212927746926212,2.5738788114484613e-5,0.001346090040081479,-2.7821564419345783e-9,1.8038414588013658e-11,1.1990222865845357e-11,-1.4288904462384986e-8,-2.6114056495456306e-12,1.932677863376381e-6,-3.3920698381365795e-14,0.000168893047766897,-3.12729946416663e-11,5.848238424531177e-10,-5.230267279271014e-11,-0.007256172188372516,-0.018813425375103325,-5.223796990461278e-5,-1.5739988130088366e-6,-1.2834232021258865e-9,-3.450804783902677e-7,1.0160273729851945e-11,0.0005577911279720589,3.876747435652985e-10,2.187323964713534e-10,-1.0659613464569022e-10,-0.0010624055662201344,1.4373883473452626e-12,0.0021506588876968797,9.367612915906283e-7,-0.0062574890883410296,-2.805327519040393e-11,-3.5581760843899897e-13,1.3148788993783568e-11,0.01033127125713932,2.2800942511145963e-12,-4.903559392663717e-12,4.380688117579019e-12,1.2313831546878865e-10,-0.007116989537808298,-6.544650851668763e-7,-0.00012407293235283895,-2.0575535370067923e-11,1.614525603458638e-11,3.591602612956432e-13,-4.2449714007218327e-7,-1.622238939947983e-11,-0.014696834582479026,1.1872744972226987e-6,8.712871479428357e-8,1.5134088575759868e-11,4.514119383619336e-5,3.4107241781108275e-5,9.799651326588068e-11,4.349783145990888e-11,3.2615034145153724e-7,-5.425674546293282e-7,-3.371624594612388e-8,1.3352149923798904e-8,0.00011303643842668949,0.00023099748423859953,1.4195666538421542e-12,1.1687115099256319e-11,0.003531879723581027,7.442677186034177e-9,-6.387367698225642e-11,1.6746204052224163e-8,2.23832775154641e-6,-2.6580570671217707e-8,0.00014661720947396336,1.8224941076863153e-6,1.951472988082273e-5,-5.557359665346652e-6,1.1928536377647763e-12,2.85657247372308e-6,-2.94906625816719e-8,0.0004131560282607556,-0.020384763014101498,-1.4276048588580805e-7,2.207400628601972e-12,-0.0010666054876388338,-0.0001830236314346546,9.757435732596498e-5,-0.00012805366392115456,-4.093866033864831e-6,-2.1419380051221647e-11,-1.5940475159992713e-10,3.8667997383097005e-5,2.1923713503013225e-8,8.077982687424578e-5,-0.0014182376644241536,-0.0007315073998145256,2.8779106489762307e-5,-7.055639968436422e-8,0.002133941607351831,3.103597975616471e-5,7.315350151306977e-9,-4.7192128912458536e-12,-2.0256528586951063e-8,5.870744456630963e-7,4.6709976760610114e-5,-2.828199814159967e-5,-0.00023837497154227544,6.22718432844143e-8,-0.009500806135077698,-5.330926058077181e-10,-1.3131293814537682e-9,0.003417986472867144,1.1660634345988417e-8,0.0005949357812643845,0.0028171324427339437,-1.1510937146334864e-5,8.889713203728606e-13,-0.0001367054574988529,2.5997658350116254e-8,-8.892841139624819e-8,0.001002598573549892,-0.0009687466845744086,-3.6322405000255516e-5,0.0031022042244364446,4.522916189441723e-8,-1.2362463125436019e-11,0.0020840912315726167,2.757386080411684e-12,1.88474338898148e-11,-0.03286758707877274,5.297315085951612e-12,2.0651362815873805e-8,-5.7882217919286385e-6,6.5937502638057934e-6,6.303058527922118e-13,9.042447986089629e-10,-3.7263444770426884e-6,0.0012805865032043096,-4.778185537544377e-12,2.784296554244592e-12,-5.7053538375890795e-5,1.2698191956344895e-10,1.403471295465739e-5,4.578633713521542e-9,-3.0615958052849715e-8,-2.7246745243720165e-8,-1.4227456984223504e-5,0.00013852252524037607,-1.7748899969897275e-5,1.0801501263909707e-9,-5.4856218722267845e-9,-3.6084605066666904e-5,1.5615780835676247e-5,-0.0006247306244499188,6.19526636312264e-13,-2.118395011716853e-10,0.016316306989048915,-0.0021337118026066634,7.601540146270972e-6,-0.006438454348265727,-0.00024389443495169278,-3.572639693239065e-6,-1.2212205513252273e-7,-6.783833741749609e-6,9.513744159836202e-6,-8.599550390517879e-11,-2.3316685573848818e-7,-0.007879235690526301,4.14904416341383e-13,-9.661949421746502e-8,3.2760300325126966e-8,-1.1797659340325826e-9,-4.764536515375861e-9,0.008166439478064523,-0.003775629405001233,-1.0983655109890962e-12,3.567372915982205e-12,8.459200471119567e-14,-2.7237121792019893e-7,-0.0005088408778478918,-0.0006033670094345842,-2.413174911397715e-10,1.1330837750141315e-9,-6.475834556899219e-13,3.4073900867310405e-9,1.4063009420267967e-10,5.284645594379731e-5,-2.428839789263633e-13,1.3395442574298003e-5,-2.2703561105146804e-8,-1.2397593217405422e-7,-8.160961616044324e-11,8.647960400014157e-6,7.598413985183593e-5,9.486706228284986e-7,-7.0951386309065405e-12,0.003825068269945963,2.670952951541319e-10,0.0010146161604076317,-4.06985366462376e-10,0.000982253189116781,0.0017901370230204558,-5.573204388953278e-11,4.56069624496201e-8,-1.177027580244083e-9,-1.0715021484774286e-9,-1.0077741395104521e-8,3.7503110331505055e-8,4.1950127667913774e-5,1.0337466914193046e-11,-7.171153810427224e-12,-7.445822238050375e-6,2.1467052953736997e-9,2.214616060604348e-12,-1.511316557028134e-7,-1.4482058354874433e-10,7.2474178290186335e-6,2.3642776853327027e-8,0.0029241208885126112,2.6389689241854156e-7,-1.429269707619075e-12,-0.00791978891110169,-2.8885855474206384e-11,3.2741228425563767e-13,-8.107462694837264e-8,0.05550619544599617,0.0032014733316321252,-1.2694377130064364e-11,3.481334901526937e-11,3.151672918490555e-5,-0.003085024168011171,0.0003528753388772219,-2.2797393229097246e-5,-1.2746581041147945e-6,3.310976769802468e-11,2.3695207880535964e-8,3.7136027196661294e-11,0.0012917894014889879,-4.375198797148965e-8,4.499391098581827e-6,-2.0622228205391955e-6,-8.905000594252908e-12,1.2166823580443712e-8,6.707565665201631e-5,5.798279487428323e-9,1.206001333142539e-9,1.5053271998851337e-8,-0.00035403889662780145,-7.250463085306704e-12,2.047276284220888e-10,7.289162291915876e-6,-3.3680026050063005e-6,1.9623326510899643e-7,8.642343846755075e-7,-0.002874146976213419,-6.542268456528877e-10,-5.086042868930379e-8,3.040761487034697e-13,-4.568990867416658e-12,-5.817530620275518e-9,-2.6576579422341153e-11,-1.032019010085573e-5,-0.0009064938959659228,0.00024344607352530246,9.93607806054853e-10,-5.597264410997057e-9,5.808978848323578e-11,-1.9901926682059617e-14,-0.0007269498856119129,-1.500466718158646e-9,0.0011734847509588583,-4.1886890984055244e-5,6.305559192665488e-5,0.00010689657719907635,-1.3341718364344332e-10,3.420916233759345e-5,1.4687707807176926e-9,-6.630608414985361e-10,1.3038099319672942e-10,0.009159678547928242,1.7912938403680514e-11,5.612871690903703e-8,1.6794456989760855e-9,-2.553417050303518e-11,-2.8712099749672547e-12,-7.942049587175919e-7,1.638292502428539e-6,0.000857065223502383,-0.007640963528006405,0.001177308681081904,2.8185377783205034e-10,-0.0025373523035595873,7.058960369248485e-9,1.948651937651933e-11,-5.978706074325561e-10,-1.1348991422327228e-12,-1.5593565628626945e-8,7.809630256604005e-11,-0.010928020424465064,4.3152567034733e-9,-1.1567860459093676e-9,-2.824927060625002e-8,-1.8149994064257005e-11,3.5099497469286972e-12,1.0747150816522228e-11,0.0037030731313523165,-2.150709868816567e-9,1.8990735019208312e-5,-1.6706999247882314e-7,3.070453421013851e-12,-4.329373414355336e-6,0.00010443005419654185,-5.9563447443119856e-9,0.005535352069293507,-4.765105331307471e-9,8.997736265385598e-11,-0.00014926657928652308,-2.802479361126438e-7,3.515519684031627e-7,6.911605847459415e-10,3.8124843990057846e-7,2.461011177600034e-12,-0.00045842640919675965,-3.259857539174492e-7,5.105653961784486e-9,-7.194791721076491e-5,-1.8212194176840146e-11,0.002321042446886017,-3.549589153692009e-12,-7.514999339053139e-11,1.9059372419240952e-13,0.00010679285278123417,9.964717423918461e-8,-1.5296483544883884e-6,-1.5329127109148935e-7,-4.008864154736602e-12,-0.00011925755635382393,9.579146705429467e-5,-2.1627504002081005e-8,-2.342840013691405e-10,-0.0016126426091834783,1.527350836780622e-6,-3.396067164419752e-8,-2.2395518563042875e-9,-3.817814166294434e-9,0.0020584389993870125,0.0002967616738070009,1.0480482977114903e-11,3.344733328017105e-9,-2.6514673704935734e-7,-9.995406308522727e-5,-1.0353576954379363e-8,-5.059221468249735e-11,3.6721217670772644e-7,-8.808922848135692e-6,2.9912163221764508e-5,1.0930172852558534e-11,-5.5835952161377626e-11,-7.732543514844161e-10,-3.0716116700989666e-10,-5.813839756570743e-10,2.0073347649284033e-9,-0.001492659082222903,0.009556866738816625,-3.832527896874172e-13,-1.6425524552099574e-8,-0.00011842989601724254
0.0,0.0,0.0,0.0,0.0,0.0,0.0,0.0,0.0,0.0,0.0,0.0,0.0,0.0,0.0,0.0,0.0,0.0,0.0,0.0,0.0,0.0,0.0,0.0,0.0,0.0,0.0,0.0,0.0,0.0,0.0,0.0,0.0,0.0,0.0,0.0,0.0,0.0,0.0,0.0,0.0,0.0,0.0,0.0,0.0,0.0,0.0,0.0,0.0,0.0,0.0,0.0,0.0,0.0,0.0,0.0,0.0,0.0,0.0,0.0,0.0,0.0,0.0,0.0,0.0,0.0,0.0,0.0,0.0,0.0,0.0,0.0,0.0,0.0,0.0,0.0,0.0,0.0,0.0,0.0,0.0,0.0,0.0,0.0,0.0,0.0,0.0,0.0,0.0,0.0,0.0,0.0,0.0,0.0,0.0,0.0,0.0,0.0,0.0,0.0,0.0,0.0,0.0,0.0,0.0,0.0,0.0,0.0,0.0,0.0,0.0,0.0,0.0,0.0,0.0,0.0,0.0,0.0,0.0,0.0,0.0,0.0,0.0,0.0,0.0,0.0,0.0,0.0,0.0,0.0,0.0,0.0,0.0,0.0,0.0,0.0,0.0,0.0,0.0,0.0,0.0,0.0,0.0,0.0,0.0,0.0,0.0,0.0,0.0,0.0,0.0,0.0,0.0,0.0,0.0,0.0,0.0,0.0,0.0,0.0,0.0,0.0,0.0,0.0,0.0,0.0,0.0,0.0,0.0,0.0,0.0,0.0,0.0,0.0,0.0,0.0,0.0,0.0,0.0,0.0,0.0,0.0,0.0,0.0,0.0,0.0,0.0,0.0,0.0,0.0,0.0,0.0,0.0,0.0,0.0,0.0,0.0,0.0,0.0,0.0,0.0,0.0,0.0,0.0,0.0,0.0,0.0,0.0,0.0,0.0,0.0,0.0,0.0,0.0,0.0,0.0,0.0,0.0,0.0,0.0,0.0,0.0,0.0,0.0,0.0,0.0,0.0,0.0,0.0,0.0,0.0,0.0,0.0,0.0,0.0,0.0,0.0,0.0,0.0,0.0,0.0,0.0,0.0,0.0,0.0,0.0,0.0,0.0,0.0,0.0,0.0,0.0,0.0,0.0,0.0,0.0,0.0,0.0,0.0,0.0,0.0,0.0,0.0,0.0,0.0,0.0,0.0,0.0,0.0,0.0,0.0,0.0,0.0,0.0,0.0,0.0,0.0,0.0,0.0,0.0,0.0,0.0,0.0,0.0,0.0,0.0,0.0,0.0,0.0,0.0,0.0,0.0,0.10806304534159675,-0.002140212448579507,-2.994355128356147e-8,7.707838038243998e-5,-1.3535517675642272e-7,9.338855845639973e-10,-1.2775479302671053e-8,0.00010723859175780463,1.422651359799905e-10,1.0475397780068363e-9,-8.528514764368236e-5,-0.00013696263946439145,-1.8636326482328664e-6,3.487571938475621e-7,-3.4272120021228124e-8,9.011420539921131e-6,0.0007643315817963791,-0.004951564267634683,-6.847753925202997e-10,7.751234282647607e-7,-2.0425492985663237e-10,1.1546809021135946e-6,6.3865694413755945e-9,-0.0010709162489112062,3.2822347318988802e-6,0.007018024040378365,0.002377159158633597,7.342818634752123e-11,2.587506425743853e-6,-0.000475088574712348,1.7680303546672788e-7,0.030083770751300663,-9.584956546975171e-10,2.282451987265524e-6,-0.006581086449191222,-5.1706695420437456e-8,-0.0019763170151342697,-1.066565622592717e-10,0.006002709859306196,-2.5226421560509006e-7,1.094058651016444e-5,0.0004138618780473175,-1.858227981702846e-7,5.548393510760692e-10,-3.743447702381069e-5,-0.00218699467348848,-4.260526268243502e-8,-0.0006065146914757858,0.004317983056644381,-1.4172087716566931e-5,-5.060618029227728e-5,-2.9444972826453277e-10,-0.0010929366855948076,-0.0003708442467634024,1.3687354716154444e-10,2.799176111296457e-7,0.0016724985828924137,0.00014263181346166434,-6.554689648533699e-8,4.815705564433018e-5,0.007826459805744292,0.002728710457479669,0.0008535994240467678,-3.565962327119543e-6,-9.972368612153445e-7,0.0013781991272081597,-0.0032561234747468413,-1.550739563461459e-5,3.514523673692098e-5,0.04028168681620726,-0.005656478302094577,-6.22078491916175e-8,2.8127082271204517e-7,-3.372115654088609e-9,1.979990372524034e-9,-0.0008866742941570289,-0.0003681108751788574,-0.00020092544756537676,2.5935113256713165e-6,-5.87153151210529e-5,5.222171870476437e-9,-0.009184789229305282,-2.1058273246785737e-5,-0.002826240118079794,-0.0022140738905792206,-0.006391786556044795,-0.00027256912465460967,0.0012961057859175104,9.51843940516248e-12,-1.2175042214985352e-5,-1.2050329812961948e-5,0.00011259959328649283,4.460513024813845e-8,0.00019076260303652913,1.1652168562282025e-5,-2.444819565362979e-10,-3.8779219822744455e-5,-0.0003427987028114889,0.00048668211726516665,-1.5049105688908171e-6,1.573077153147813e-5,7.112347787606773e-12,2.5488150895002993e-10,-2.7257633556473014e-5,-1.6463707545630019e-9,8.812083455187578e-11,0.009676795928980733,-0.0014566890351477434,-0.0001230123099621597,-4.4653164894551346e-13,-0.023279306925291433,-9.615826009780152e-11,-0.00016839347071736735,-5.269466839238811e-8,2.69599453618034e-5,2.733308185485878e-10,3.106082412433256e-5,6.7540483654878e-5,-0.0002833544268759692,-9.377432688152808e-5,5.1561449886586626e-5,-0.0002141741298826386,9.056037406065378e-9,-0.011322441585712271,0.003751266099547629,-3.6409913766343866e-6,-0.0030053112659391918,0.0006778950941164249,0.00040777425630820243,9.843624226754436e-11,0.00011834157151794183,1.0797055449912655e-6,-1.8976329116379253e-7,0.0016973002016472123,5.48622786462245e-8,0.006108910624945775,1.046951963183218e-8,5.498527175131551e-5,0.0008945449085110957,0.002103220224112411,-3.099624025508017e-10,-0.005288378221726122,5.47421525678694e-7,2.2515077782148056e-10,-1.5204545261096657e-5,4.770601779210119e-10,-1.1389061041201882e-6,9.048352766110457e-10,0.0034774869646783837,0.00031863310298890394,0.0035159530961257944,0.00032258001662055925,0.00010123565637383516,1.1561792498088475e-6,-0.0003193499179147286,-1.9230111232821855e-8,0.001221326926681769,0.007069443246742016,0.017657435449244155,-7.220574034048129e-11,1.867224125329153e-10,-3.2736448975131977e-8,1.462248391869988e-5,-0.004926317014769258,-1.693489390119302e-7,-0.0015583942092000683,1.9535002445409816e-10,-0.006905274111715323,0.01965895412546618,0.0012837808634790318,1.4066083393844594e-9,-0.00015712561791725497,5.65497608620368e-10,-1.9024003762254342e-5,2.3961588124971057e-9,-0.00026700298254183296,-6.994770365324305e-5,-0.0002778243816188933,-5.738425539985565e-10,-0.0016234406411662853,-0.0012998937900124154,-0.0012325988991164379,-0.0012893112656544626,-1.318549301652519e-10,8.778284833615083e-7,-6.319144786214413e-8,-0.001856992309168767,-0.0012872058795275693,7.305024232155596e-5,-3.484926915458845e-6,-0.008637405737725699,2.4785374218454232e-11,1.8067331348042088e-6,3.326915121092212e-5,0.005652243648925851,-6.789731629789422e-9,2.3756424837977357e-7,-0.003761543028004621,-0.00572004201541331,-9.023194078306172e-6,-5.7624670869130934e-5,-4.965069614370414e-5,0.0006801863159129918,-5.5104007432164767e-8,-4.469678114331289e-9,0.0002683112608941205,-0.003394130057114846,1.7634514878079455e-9,-0.00015597277763593914,-0.013122805875256776,0.0013402386539625023,8.520196901951874e-7,-0.0006394333515335588,1.8817704146472416e-8,1.649930398989789e-6,9.507351788241926e-8,-9.561726560645426e-7,9.386198372561613e-5,1.1488571509779121e-8,0.0003118638153939463,-1.0134590036532078e-9,-9.90473809913394e-11,-9.721079627270837e-5,-1.0669343418800125e-5,-7.07282292385995e-11,-1.9833608494924326e-11,3.195051774160396e-9,3.4748204975523815e-8,1.1761759107296546e-6,-0.00045558476758200705,0.01262743832568024,-9.872511538538389e-7,0.0011391527334521044,-1.722227570990842e-7,1.651596613673009e-9,-3.5804633754489863e-9,5.202772900624093e-8,-0.00021926794376017088,-8.835408473165484e-11,6.825935511445488e-9,-0.0007472302728852359,0.00025614556027029164,0.0023355651431210427,-2.245199093431343e-5,-1.8851514169755104e-10,-3.4546988261857263e-7,-1.8460737653828115e-8,-0.0001062624267760779,2.485965700602848e-10,-0.0016518643377335023,-0.0061294683607261815,5.91864763156879e-9,-1.6487459947484223e-5,-1.735267231913186e-10,-3.709963950343015e-12,1.1197418016923828e-8,-3.5177809840141635e-5,-8.462589994105428e-8,0.00023280109993547437,7.706924276755265e-5,-1.0546963669011619e-9,6.572499293827333e-10,6.047448727460766e-7,6.153781745365979e-11,-4.4262808797563114e-5,0.000596930741495335,6.34000866143621e-11,0.017201710441066623,0.0036499109771019954,9.498795735342177e-10,0.00037538375584223436,-0.00010872870408353394,1.761365881988732e-7,1.0191329738991579e-6,0.000329635541712378,-0.0007476397626157642,3.026679353793847e-6,1.4186976549761787e-9,-9.269201925249703e-5,0.0016820546079801438,4.301057881968397e-10,-0.0011696538831086852,9.321635761035082e-7,-0.0012055393220157214,1.0795721190720627e-5,-9.898398324879857e-6,3.457303474238591e-7,1.9806234868559735e-9,2.6407294251541514e-7,-0.025457143642413423,-0.0007757682117392365,-6.651942129074401e-8,8.06724816752508e-9,-1.131089176108205e-8,-9.280656280570503e-5,-0.0012198641771363997,1.948185569094424e-11,7.303870699343534e-10,3.164960445131086e-6,3.437768156893475e-12,3.15922101851385e-8,6.119176973654767e-6,4.1572431531838703e-7,-4.812502459871204e-7,-1.4396329359141723e-6,-0.0013837107621091052,4.885069043339346e-5,-7.422602651217874e-11,2.8383182011400745e-5,-2.4743590251813717e-6,9.958366331492e-6,0.0014394955537091782,-0.00010699491186260418,3.5841680659279415e-10,-5.3955042411494044e-11,4.1138873284364755e-6,0.0001042544652196556,0.0001951057641302686,6.087877431618786e-6,1.3113495482408965e-9,-6.028343477367368e-9,-0.00505778633099009,0.00124349334118147,7.77015531534524e-5,0.0013582074352938862,-0.005203796544414003,-3.976216010730718e-9,-3.414961430485293e-7,-3.777437893082053e-7,1.611902294576457e-5,-0.00011407231961222728,-0.006374070079757013,-1.0299364796266095e-6,-8.30243718458767e-8,7.311055205467121e-7,-0.0011235906629667388,2.0706355677124112e-11,-0.00014893559758140818,4.479920291788588e-9,0.03933271651463728,-4.7320115405576185e-9,5.1650203839987506e-11,0.0025259875191851987,3.4635876213428084e-5,0.004304631343099741,0.0032350510618827104,6.262636018180943e-5,-0.00027618992620105176,-1.9976565962086438e-9,0.0008285452728594599,-0.005700287355020419,1.991483980774931e-6,0.0009858271074371847,-0.002749276715390941,4.397662409943779e-5,-0.00015499354795299073,2.912275360219616e-7,-0.0002901778475563011,1.6967986235561192e-9,2.3638458827888433e-5,0.0004712378906600751,-1.5937578119739842e-10,0.0021748443975073734,1.278618348606006e-5,1.7732973332044397e-5,1.1765208224011234e-10,-9.456618412403639e-11,0.0016947850243675044,-0.005350265609546341,-4.32631021323549e-7,-4.550266421387778e-10,2.9834597829309017e-9,-7.926699499405273e-8,2.509784080614444e-6,0.0015772560852961122,1.2687200776200103e-5,0.002504506290997335,5.293274449224569e-11,5.672983443612274e-6,-2.8747382597283887e-9,-3.8688073495250644e-7,-0.0032369162446581083,-0.0002996002910099632,-4.6941613640237576e-11,2.472741528739369e-6,0.001469013775055345,5.306748949893884e-5,-3.1997705374837864e-9,-0.0005935138089255363,-0.0008313977681269153,1.7145431845020614e-9,-3.039748301939785e-7,-5.71753885765486e-6,-5.228130788898482e-7,6.801194661518678e-10,-0.004329130737908707,-3.3281602429324555e-6,0.00013826481012450608,0.0006220023978881548,0.0006949190293354532,-0.0011016410108339128,-4.7678117313353626e-7,2.193579520097598e-9,-1.048534632817172e-10,-0.008276645749504208,0.0006124892750945763,-0.0008042920600478811,8.165457344323668e-5,-1.8308392607837264e-9,-0.00013643617867293393,-3.989023625370819e-10,2.956592766085198e-7,-4.8725376571002415e-8,8.278721853949126e-9,0.019055935170695305,5.381517261037399e-8,0.00337310457442857,-0.00442154003099514,-0.00798964685439965,-1.580714249216635e-11,-0.0006596165226715253,-6.281615895480857e-5,-0.008412245352743809,-0.0014194476086892265,-0.00024026306053651084,-3.2016995512007955e-6,-4.647385659411706e-6,-3.606743456688774e-11,1.491066282349617e-10,7.312707602139924e-11,-0.003406863599629377,-9.701190853660658e-10,-0.00042313574242395645,0.002302838203603251,0.009888521106755185,7.848276411749597e-5,1.1466845431598492e-6,-0.0017132630500520084,6.521786972224522e-11,-0.0005496374157833624,-0.003500732233393513,-9.86067129079705e-5,0.002008444176130691,-0.0013577393155110532,0.0004787297078840568,1.4677166549488898e-10,0.0002187939754318901,3.0148082006403204e-8,0.00015188208260138997,-0.00014179605626972715,-2.495230073748997e-7,-3.5479949537583374e-8,-0.0002611052640436056,4.939726349472578e-10,0.00042044789060987833,-0.006812741724182632,-6.015652123640432e-8,-1.3508329394688912e-5,-2.754458388862802e-6,0.0054751198383474154,4.92799007225562e-6,0.00013812947124093477,-1.1285990384983879e-9,3.2728844890654405e-6,0.0005477488445734318,-1.1272043459530117e-7,-0.0002355436880022587,6.451611687087701e-9,2.3559734559551596e-6,0.004960178766665653,9.082833665724004e-5,-4.172716614697781e-9,-1.094506939316566e-6,2.8794237178578473e-6,-6.34626981738902e-7,-0.00047422598758145026,-5.891156934357558e-8,1.0029322754776137e-9,0.00021369396427097827,-0.0003878812568477407,3.156772472427337e-9,-6.886896912376754e-6,-8.915396164799408e-6,0.00256282528659282,-3.0755492131022944e-5,1.359908750961798e-9,1.9355415939998604e-11,-0.019728197900537866,-0.0008241121919861621,4.424383031915745e-5,1.2895303264352628e-8,-2.513072720554027e-5,-0.0003858716506185434,2.401770843723203e-6,5.841373153474477e-8,8.688674647322105e-8,0.0003325607200334994,-0.0003380172613325157,0.002474801763542798,-0.0017092246499212894,0.003830287826084936,-0.006088066954125512,4.650357457701826e-9,3.871810903110607e-10,-0.00018093178710353847,-0.0007133645275179865,4.2978767975324126e-11
0.0,0.0,0.0,0.0,0.0,0.0,0.0,0.0,0.0,0.0,0.0,0.0,0.0,0.0,0.0,0.0,0.0,0.0,0.0,0.0,0.0,0.0,0.0,0.0,0.0,0.0,0.0,0.0,0.0,0.0,0.0,0.0,0.0,0.0,0.0,0.0,0.0,0.0,0.0,0.0,0.0,0.0,0.0,0.0,0.0,0.0,0.0,0.0,0.0,0.0,0.0,0.0,0.0,0.0,0.0,0.0,0.0,0.0,0.0,0.0,0.0,0.0,0.0,0.0,0.0,0.0,0.0,0.0,0.0,0.0,0.0,0.0,0.0,0.0,0.0,0.0,0.0,0.0,0.0,0.0,0.0,0.0,0.0,0.0,0.0,0.0,0.0,0.0,0.0,0.0,0.0,0.0,0.0,0.0,0.0,0.0,0.0,0.0,0.0,0.0,0.0,0.0,0.0,0.0,0.0,0.0,0.0,0.0,0.0,0.0,0.0,0.0,0.0,0.0,0.0,0.0,0.0,0.0,0.0,0.0,0.0,0.0,0.0,0.0,0.0,0.0,0.0,0.0,0.0,0.0,0.0,0.0,0.0,0.0,0.0,0.0,0.0,0.0,0.0,0.0,0.0,0.0,0.0,0.0,0.0,0.0,0.0,0.0,0.0,0.0,0.0,0.0,0.0,0.0,0.0,0.0,0.0,0.0,0.0,0.0,0.0,0.0,0.0,0.0,0.0,0.0,0.0,0.0,0.0,0.0,0.0,0.0,0.0,0.0,0.0,0.0,0.0,0.0,0.0,0.0,0.0,0.0,0.0,0.0,0.0,0.0,0.0,0.0,0.0,0.0,0.0,0.0,0.0,0.0,0.0,0.0,0.0,0.0,0.0,0.0,0.0,0.0,0.0,0.0,0.0,0.0,0.0,0.0,0.0,0.0,0.0,0.0,0.0,0.0,0.0,0.0,0.0,0.0,0.0,0.0,0.0,0.0,0.0,0.0,0.0,0.0,0.0,0.0,0.0,0.0,0.0,0.0,0.0,0.0,0.0,0.0,0.0,0.0,0.0,0.0,0.0,0.0,0.0,0.0,0.0,0.0,0.0,0.0,0.0,0.0,0.0,0.0,0.0,0.0,0.0,0.0,0.0,0.0,0.0,0.0,0.0,0.0,0.0,0.0,0.0,0.0,0.0,0.0,0.0,0.0,0.0,0.0,0.0,0.0,0.0,0.0,0.0,0.0,0.0,0.0,0.0,0.0,0.0,0.0,0.0,0.0,0.0,0.0,0.0,0.0,0.0,0.0,0.0,0.10774066734389816,2.429408868133334e-9,4.802486315316646e-6,-8.614116531881758e-8,-1.603706665011764e-10,2.662296418983072e-11,0.001235171737690553,2.566943512957123e-12,-3.6951756810351925e-11,1.7166541344941218e-6,0.0062376232723414015,-5.287150546596324e-7,9.537654972899515e-8,9.276757700472853e-9,-1.923208284880909e-7,0.0005908054009760577,0.00019953996024401924,-4.4839232920195535e-10,2.983176400453814e-8,-8.443209692272668e-12,0.004802928368007863,7.588746535844119e-11,8.271927117056128e-6,7.377399765032258e-8,-0.0004258072211195355,-0.00011372782122590094,5.962267978271432e-13,-9.544160597059502e-8,-2.757066693618674e-6,1.270569213118599e-8,0.0019018437868849277,1.0821974628747183e-10,3.0779097702724585e-7,-0.0001543150739042442,-4.4581150536617406e-10,0.025128858131400724,2.4578795825582856e-13,0.00035167020703860555,-2.0070754542864917e-8,2.5366782236155474e-6,-0.002356802292852414,8.849911970628118e-9,-1.4556388693009557e-10,1.354438877293303e-6,-0.0078923996147234,-9.161375514863794e-10,0.00013818855615244555,-0.0004107765181062185,2.173660213897293e-6,-5.674988586834324e-7,3.72919486325893e-11,0.0012783298248929128,-1.7195862046650968e-5,2.6215043068452875e-11,2.604746198773023e-8,0.00027839497399687567,-0.0019544852076532897,-1.449771377210696e-10,1.8483910582987485e-7,-0.001229527154611825,-0.0026700483052367768,-4.8575855800970984e-6,5.251916687233204e-7,1.0062528046196675e-8,3.467091489221527e-5,0.001214615054593763,9.285915301061447e-7,0.05207237873165717,-0.002816064398508423,0.011094260556102463,1.5048724508634061e-9,4.7972442982224716e-9,-1.1405980739418606e-10,-2.179568661012845e-10,0.00010828407091045348,-6.205796658042479e-6,0.002455151644808019,1.1431559270086536e-7,-0.033416767276101385,1.752806645121699e-9,-0.0036539101108876942,2.227057171920713e-7,-0.001931810579852975,0.0356399658517436,3.418375312177472e-5,0.002082270808204279,5.993938733872751e-5,1.699022725302767e-11,0.010077249797006381,0.004720503326805473,7.436016367040843e-6,3.0978867384258285e-9,1.0800725338960957e-5,1.2874390152284683e-7,6.602315438174771e-12,1.1694822009372839e-6,-6.600423834052803e-6,-5.353522128386291e-5,-6.933680674971892e-9,2.898604419106868e-7,1.0934652158282331e-12,-1.4757856556944922e-11,1.2005799216070229e-6,5.195825873411612e-11,5.25049596965101e-12,-0.00013186719893171832,-3.951329782384304e-5,0.014181646142394642,-1.7708189105617388e-12,0.000738533534116275,5.941355788521593e-12,0.0048572497660403615,4.598344630050349e-9,-4.4673319077483446e-7,-1.2119274659996556e-11,8.619004313897905e-7,-0.0039583077070090645,-0.006306632325560336,0.004494916284195905,0.002720296814554227,0.004091135364928685,-1.4507351622845967e-10,9.991119178915259e-5,-8.694153465938733e-5,-1.7036445768869816e-7,0.00405388627731313,-0.0051640442041565714,0.00010910179834478325,-2.042647570576758e-12,2.5063584897932348e-5,2.3267277866313348e-8,-2.0689700617996115e-7,-0.0025380898721952794,-5.688577937471601e-9,-0.0013661555229457487,-4.991336493186014e-10,0.0004197653419531258,-0.008761453636248126,-0.0004178428938914719,-6.488148348784229e-11,0.00397408004089092,2.2648549528091575e-9,-1.5840546466428767e-11,-0.004681811116205799,-2.8615177688609075e-11,-3.098437834782313e-8,-1.2334566319125954e-10,-9.726988621659371e-5,0.020066295439119745,-0.0035530000765417566,-5.849954417612321e-6,-0.0073039625202113365,1.368493676323046e-7,0.005532246526390921,7.99087601983432e-10,0.0013610857194912014,-0.0019401510404280147,0.0020089174248122733,9.266991204302114e-12,3.061053012310558e-12,-4.4291307702816494e-10,2.0820727892479664e-7,1.7604521648503544e-5,-9.051869689772005e-9,0.0003990125497145213,-1.5755511138815533e-11,-0.00021839904499006542,-0.0043797546997862286,-0.0016683383536618772,8.139622634239782e-10,0.003725620352565413,-4.201611701107183e-11,5.294711818443905e-7,-3.028248356779043e-11,-0.0036606413007963436,-3.938556308010503e-5,0.0024776985166180057,3.364203794817108e-11,0.04813231107603397,0.04944922105115828,-0.009328475705401044,0.001102873895959608,1.8438564976596364e-11,-1.5958499236460576e-8,1.2919784053339663e-9,0.011254232388942886,0.003291873734040003,0.0014954637758900805,-1.3100038453877604e-7,0.007057177404083318,-1.2720303767840466e-12,-2.5464154095846498e-8,-8.588226185540342e-7,0.0029171002600118586,2.2207328849172607e-10,-1.5195890978484166e-8,-0.0038751925346783593,-0.001115119271141651,-4.836665466330245e-7,1.8568109960055665e-7,-2.0987383440763745e-6,2.4357684046953118e-6,1.1718348590167552e-9,2.6300062469701105e-10,0.007619649194608041,-0.00031771424609854457,-4.096322057409208e-12,-3.2774475464626325e-6,0.0010982010383562457,5.966595010057375e-6,8.369935186833873e-8,1.200257760088318e-6,1.7884928523443684e-10,-3.301691847795717e-8,1.446072855123426e-8,-6.311929173900233e-8,0.004901490565144009,1.1268390303554055e-7,6.397928920476048e-6,1.9603512983456633e-10,1.6970444343616602e-11,1.2509679380050489e-6,-4.0232791957584646e-5,5.0812370312815645e-12,-2.024019708801573e-10,-1.5826426770017007e-10,2.1885208456625276e-9,8.388759160248403e-8,-0.0003141321000808613,0.0011855420422637202,-5.576657978575411e-8,-5.736723946632678e-5,9.668278050105973e-13,-2.6938951025115745e-10,7.372886630168138e-11,-1.091534668222851e-9,4.077376496200067e-6,-3.2268439622607347e-12,-3.6438973189750927e-10,-5.743445164006403e-5,0.0005288967749374197,-7.589877182015803e-5,-1.1617361184678072e-6,7.785156989899289e-10,-4.7803821000101526e-8,7.534987792231159e-10,-2.3260715188547734e-6,-4.8644396358960336e-11,0.0007003750524261486,0.0006344460972242415,-3.472733108906765e-10,1.9169002976795287e-6,-1.4741459509850349e-9,3.0103947881729156e-11,-9.269350567958002e-11,0.003086834025656804,6.448361649211091e-9,4.196802356499324e-6,-8.231583534668538e-6,-1.0736644883673701e-10,-1.2374940930843564e-11,1.3943790778069923e-9,-7.030247171120376e-11,-6.592789066597496e-7,-0.0009679069107456073,4.0894581079674735e-12,0.0009314975736585778,-0.0166171091975319,-3.2825505056669104e-12,-0.0037110402048310498,9.821955172260219e-7,3.910707028142006e-9,9.047873977236005e-9,-0.003581123882440443,-3.503852458697329e-5,-2.477991806615104e-7,-6.766249017962676e-11,0.008104170119973683,0.01575456226908484,-7.566435315440398e-11,-0.007360918859006613,2.446707481862697e-8,-9.216468323089983e-5,1.4658483310733127e-6,4.110659478315865e-6,-9.56749469135352e-9,5.455234505802558e-10,-5.658651932564588e-9,-0.0005725680474832946,-2.7584666338291258e-5,2.0180858625861442e-10,-1.762742100721536e-9,5.402342419433514e-10,-0.0015763247347765489,0.00044671067999661415,-3.0562322801508495e-12,-3.7947616742529995e-11,1.5351698693983982e-7,-1.242067388651065e-12,-1.0213999982856717e-9,-6.277907509028386e-8,-1.0278892848027645e-6,-3.451034699373033e-9,6.462176426878252e-9,0.002286678732124419,-2.6188049314509066e-6,-3.743498460199718e-14,0.002857583297690739,2.9113727120836546e-8,1.2424794276118946e-7,0.00011403226790220163,0.00017215946025320834,-1.986567844345975e-11,4.04504030678236e-12,0.0010821611682568896,0.0009657640557790122,-0.004725883446654596,3.395136384139886e-7,1.4832228138100593e-10,-1.71637128605757e-10,-0.00010030062593467384,-2.505566959320536e-5,-0.00420412081412849,0.00011960679236255292,-0.0005738197753145973,-1.0162634413154033e-10,0.002766597653924695,-6.108375165423908e-8,2.9214070580051065e-7,1.9941294929858523e-6,0.001711390998127799,6.460820637245938e-8,2.261489270982222e-9,-5.950352449477242e-8,0.013901934591928091,-2.5605036824863835e-12,0.0020953314285542743,-2.55973718166673e-10,0.001434592972090689,2.6974974944070875e-10,-2.4999394349347385e-12,0.003835035192391726,4.901942270660851e-7,-0.00023358022482289432,-0.000820552123643806,-6.661535464044111e-6,-5.79902862366898e-6,-2.5950968052139933e-10,-0.0020348343421546025,0.00825353520736349,-1.4295079575401818e-8,1.2382273859343276e-5,0.002477604256658178,2.2539020973632293e-6,-0.0009346596163039496,1.0406698890795869e-8,-3.694179847274486e-5,1.3298470002191729e-12,7.577409721089546e-7,-0.0020286489913885013,-1.701807484985022e-11,-0.00641916442249789,-0.0015492029408574971,3.062136561882089e-6,-1.9732632411883713e-11,-1.1069565150439728e-10,-0.012868868611320847,0.01073294437639897,-9.302599502312202e-9,3.999503418597377e-11,4.82325383985562e-11,-6.494652425691231e-10,-2.675127126115688e-7,-0.0017051574022743268,1.216281321388642e-6,0.011630922669942314,-5.030750916305624e-12,-2.042079129913429e-6,2.5511378430070326e-9,6.001670832349518e-8,0.037992417674108596,-1.7195355053922028e-5,5.030333243094757e-10,5.193617677041573e-8,9.404235723955771e-6,-1.2138870852405933e-6,1.1234631534046962e-11,-0.003272298155074536,-0.00036022404146289467,-3.817699031698458e-9,-1.6181436078137691e-7,-5.179026561283028e-7,4.0970597068227396e-8,-2.8547296313222085e-11,-0.00016434686243676485,-4.0194884406387805e-7,-0.0015977854156265655,-0.023090312414713408,2.6343501354309876e-5,0.003142365546059785,-3.374686409281732e-8,-5.260374504792898e-11,-1.2458039309236745e-11,-0.00020559271821269482,-9.20603403259863e-5,-0.0010138323653267035,-0.0006419896982455717,-2.6121972318690956e-10,9.722963843305934e-7,1.8987296602478198e-11,-2.1120821115307214e-8,-8.422407051178055e-9,-4.312843341667111e-10,0.0002631883238459781,9.347523015658763e-10,-1.0990247819844125e-5,-8.585700236278517e-5,0.0010986518374874615,4.0691709627883454e-12,0.0004215245323858436,5.932841624459024e-8,-6.209144093771524e-5,0.008749027823501286,0.006555507433649268,2.5683668457956086e-7,1.276924783020263e-6,7.701064747286393e-13,1.7895736427257094e-12,-2.946972542629877e-12,-0.00018278539871349056,5.6926373819325535e-11,-2.698600663923703e-5,-0.0006867902167439772,-0.00015371186762455053,-0.008329956159940763,-1.1448864199434245e-6,-0.002941913856920646,2.608751282598859e-12,1.5072491343294599e-5,-0.00042870036744120475,2.224127049761139e-6,-0.0010377915030416968,0.05996601646393446,-0.026061075102420755,-1.3535896399749945e-11,0.0002785146560034076,-8.011016979009433e-11,5.15472527217722e-6,0.0153376459238193,5.180889323412786e-8,1.5292756916134472e-9,1.6745488338145163e-5,-3.303988393606267e-11,-2.453173515584194e-5,-0.0002324773540365536,2.956538026786177e-9,-4.808207029828112e-8,-4.352269037409161e-8,-0.003217925925038791,5.954384601917433e-7,0.0043277609373393155,8.190939242714972e-11,2.0874933076015597e-7,-2.7488314211541035e-5,2.0777452388596733e-9,-0.0037003279444428657,-5.598466220802429e-10,0.004422584496802927,0.00023059465186261817,0.0023033283781510655,-9.346142907740684e-12,3.1599557709178785e-8,-3.9738592624339045e-7,5.088143645984089e-7,0.0036525672183983894,5.131706458209672e-9,9.289669103541869e-14,-1.281365880510276e-7,-0.00045234146603642666,1.0855482333470952e-10,8.428656425245757e-7,-4.62315034516113e-7,0.0001535996088035652,0.00014985233727655853,-6.671832626611927e-11,-8.23707102272074e-12,-0.0021748004305565095,6.826228570014871e-5,2.2382914026655953e-6,-1.4106914496257157e-9,3.191554768277337e-7,8.38171729583028e-5,-6.276931282828687e-7,4.724692359490553e-9,2.365956782925661e-9,-0.0021603895183807636,-0.00016643918058334472,-1.6210014318533134e-5,0.00045795968015198467,-0.00012674260629221001,0.00015082640989613953,-1.4563004828065724e-12,4.071799052385998e-11,0.005350110490335895,3.5139466692281256e-6,-2.2302094690361568e-12
0.0,0.0,0.0,0.0,0.0,0.0,0.0,0.0,0.0,0.0,0.0,0.0,0.0,0.0,0.0,0.0,0.0,0.0,0.0,0.0,0.0,0.0,0.0,0.0,0.0,0.0,0.0,0.0,0.0,0.0,0.0,0.0,0.0,0.0,0.0,0.0,0.0,0.0,0.0,0.0,0.0,0.0,0.0,0.0,0.0,0.0,0.0,0.0,0.0,0.0,0.0,0.0,0.0,0.0,0.0,0.0,0.0,0.0,0.0,0.0,0.0,0.0,0.0,0.0,0.0,0.0,0.0,0.0,0.0,0.0,0.0,0.0,0.0,0.0,0.0,0.0,0.0,0.0,0.0,0.0,0.0,0.0,0.0,0.0,0.0,0.0,0.0,0.0,0.0,0.0,0.0,0.0,0.0,0.0,0.0,0.0,0.0,0.0,0.0,0.0,0.0,0.0,0.0,0.0,0.0,0.0,0.0,0.0,0.0,0.0,0.0,0.0,0.0,0.0,0.0,0.0,0.0,0.0,0.0,0.0,0.0,0.0,0.0,0.0,0.0,0.0,0.0,0.0,0.0,0.0,0.0,0.0,0.0,0.0,0.0,0.0,0.0,0.0,0.0,0.0,0.0,0.0,0.0,0.0,0.0,0.0,0.0,0.0,0.0,0.0,0.0,0.0,0.0,0.0,0.0,0.0,0.0,0.0,0.0,0.0,0.0,0.0,0.0,0.0,0.0,0.0,0.0,0.0,0.0,0.0,0.0,0.0,0.0,0.0,0.0,0.0,0.0,0.0,0.0,0.0,0.0,0.0,0.0,0.0,0.0,0.0,0.0,0.0,0.0,0.0,0.0,0.0,0.0,0.0,0.0,0.0,0.0,0.0,0.0,0.0,0.0,0.0,0.0,0.0,0.0,0.0,0.0,0.0,0.0,0.0,0.0,0.0,0.0,0.0,0.0,0.0,0.0,0.0,0.0,0.0,0.0,0.0,0.0,0.0,0.0,0.0,0.0,0.0,0.0,0.0,0.0,0.0,0.0,0.0,0.0,0.0,0.0,0.0,0.0,0.0,0.0,0.0,0.0,0.0,0.0,0.0,0.0,0.0,0.0,0.0,0.0,0.0,0.0,0.0,0.0,0.0,0.0,0.0,0.0,0.0,0.0,0.0,0.0,0.0,0.0,0.0,0.0,0.0,0.0,0.0,0.0,0.0,0.0,0.0,0.0,0.0,0.0,0.0,0.0,0.0,0.0,0.0,0.0,0.0,0.0,0.0,0.0,0.0,0.0,0.0,0.0,0.0,0.0,0.0,0.10711759632555624,6.0243218725985483e-5,-0.004908326483243717,-0.00010956568180918702,0.014824825472270743,7.50140057849478e-10,-8.151529056081821e-5,-8.275057497228696e-5,-5.058954018266265e-5,-7.849468948861047e-10,-0.0008076869688116857,-0.0006736319579044256,-0.002976980314927034,1.9313843768526974e-6,-4.849828330492126e-8,2.8943097504675643e-6,0.00378174380388862,0.014734100999530276,0.00020199936565878438,9.900642241572581e-10,-0.0014158843436895064,-9.459400032847024e-6,-0.001693400094292273,-3.490346671058767e-8,-1.2793013157029395e-7,-5.589885232246434e-5,-0.0012589056334882697,5.211723132496692e-6,-0.015467620025669175,-1.6537837841839042e-7,-0.005712395141212121,0.0008454292306616674,4.909386052783026e-7,0.03577448347685157,-3.982330120915736e-9,-2.1764741861963743e-5,5.753878150114545e-8,-0.0030011919685094166,8.695840639685946e-6,5.364715098846626e-10,0.003608145292343031,-0.0002625428129180616,0.00010847572552570242,3.4751868344160216e-9,0.004407507295386902,-1.8027116478569047e-9,-9.61932962318032e-7,0.00017388355237654373,1.1616697826130964e-5,5.7721404943112786e-5,1.5328461564356164e-8,-6.229637733258719e-6,-0.00017041774412221382,0.004227213646596688,2.421725306282293e-7,1.7089909260187625e-9,0.01949475953376868,-1.619551655873212e-5,2.296155719367892e-7,4.0501845628876245e-9,8.653264839795537e-6,0.0006906212911817756,0.006339833918432509,-1.0508415712616802e-7,2.3236996946834313e-7,0.0002731505503450798,3.861783895366291e-10,1.398719695889858e-8,-8.101708464866718e-9,0.02763534405531663,-0.0017603037419761456,-0.0032248001582967267,0.0016303145028972452,2.773295089474613e-6,-1.9156294336842464e-5,8.680032070118416e-10,0.000787841006753552,-1.3573467192285572e-9,0.0012939433232816904,-1.0011273582420894e-8,0.00028809713835745024,1.6328343294023934e-7,-3.061589349537538e-8,-3.180770426908243e-7,-1.5849376878445936e-10,-2.8677668301094363e-7,-4.1090134456824426e-5,8.788647798231017e-10,-1.0598140342104586e-9,-2.8035792574406196e-5,-0.020217203907429093,-1.0659065159501703e-5,-0.0003998328358565303,0.00015783023139151378,-5.290095432428355e-5,1.6894397300520605e-5,4.0983516596271945e-6,0.0011913077232357206,0.0002479472622303345,-5.5514398061435455e-6,-0.00010101302812378367,2.981906378859147e-5,-7.015871277038327e-5,-6.354610113556762e-5,6.025106098367192e-7,2.5472260299150462e-8,-1.089287597003437e-11,-1.7267609307186953e-5,1.4168243779775332e-7,-0.00013181889082592503,-1.3183029553150603e-10,0.0003419241176188626,0.0001190342747851787,-0.00010760580040672623,5.393728149045171e-6,-2.0674870175753002e-10,-1.0702166417770538e-9,-6.020334950450242e-10,-1.2195347251225097e-10,-1.823140511616183e-10,-0.013743361760485288,-9.016613307837753e-8,-7.838257267670062e-7,0.0013767041840672134,-4.1347487137223426e-8,-2.697262093006699e-8,-1.577983253225988e-6,-3.8826002755117346e-5,5.615308544068142e-6,-0.00290806517314468,-0.00015854251768014627,2.653620896293485e-9,-0.005040902833631105,-2.3177044593904554e-7,0.0003300618805136437,7.394706236177992e-11,4.740914554773462e-9,-1.5663305346318475e-7,0.00038499641884482305,-6.224823587145205e-8,0.0030190139017099416,3.778754158585195e-5,1.390686988118879e-10,6.727358392122106e-6,0.011762324062179665,0.0013685891054292694,-9.116136272324945e-8,8.515919401105246e-9,1.5656086986529757e-8,-2.3543856050004122e-5,-5.433080981502276e-10,0.0036451300061431523,1.8058153100495421e-10,-0.04499507118065405,-2.9423938579158887e-9,2.5667520076547e-7,-1.4041029996045314e-9,-1.562489400426883e-5,-4.722030003616e-5,0.00898459252342771,0.00012554855795589046,-7.484750336543238e-7,-0.022555794548550848,-7.041070062077173e-9,-6.604605413935023e-5,9.659610495105574e-7,7.701691604228537e-8,-2.1761503868483692e-7,0.011410796784897785,-4.986245984893945e-10,0.0003584868082131112,0.0001360572764419147,-0.0005004424453888025,-3.732739506958898e-9,-1.8692122051609664e-10,2.855401716364273e-9,-0.0004088858884199184,-8.102111681550185e-10,4.007501687266741e-9,3.6808227838510594e-9,-5.093210117848214e-8,4.279781530297903e-5,0.00039091654386078057,0.0017501627897573144,-8.75666634577078e-9,1.3431922831987893e-8,5.100916885159154e-10,-9.081957605894754e-5,4.881384617109648e-9,4.485372955823853e-5,-0.0015690362015599955,-8.005394790720739e-5,1.754531990206351e-8,0.0051880933108746745,0.004604118771628375,-3.138512922663342e-8,3.915390069142086e-10,0.00028089031467508444,-3.98311748177069e-6,2.2013884855754204e-5,5.459169143724897e-6,0.004917210097966859,-0.0012217967829901693,6.620616656692838e-10,-4.3358135244732115e-8,7.590283565905741e-5,-1.7356401958024186e-6,-4.701974562951513e-9,-4.7238606237103555e-6,0.0023901243944868117,-3.7586988088309546e-6,-0.006994254126734075,-0.001724858253275491,0.006786791032836183,-0.0014169616673600015,7.350460083920721e-10,0.0006151229242630169,-7.678386255439398e-6,-0.0003825516716631062,-6.854854275887833e-6,-6.201979062003453e-5,-2.997572454463049e-9,-2.5186897781811965e-5,0.0022986672056107492,-0.0020955211673627746,0.0011761134878553558,0.0020106045008945945,-2.761707477425657e-9,-1.2082077097767272e-7,0.002134941776226405,-6.668723789256778e-7,0.01210245736712327,0.0007448875008936439,0.00034506972302331883,0.01456923672766277,3.546982500011528e-6,8.025082926390003e-5,-0.0007655864728722887,-4.0820569457814734e-7,-2.212981823263894e-9,-1.6123513958618977e-6,0.00021311478931179616,-0.0006433733613256564,-0.009246207521904545,0.001485706852018222,-2.4660077539911237e-5,0.00015271721707467854,2.8608756273562735e-7,-7.732713555128056e-8,-0.00284340031047854,3.017101799367835e-5,0.0013952908543227666,-0.00021859656028518678,0.007587060232400831,-5.070458682929436e-10,-0.000535401336383814,-2.7652055801830473e-6,2.97052841591969e-6,0.0011081232207797778,-0.00045120790606852475,-0.01008905446693644,0.00049325339721756,3.576409548400945e-5,-4.29864793873906e-9,-2.845051391583163e-5,1.1332257654804735e-8,3.2959101699800205e-9,-7.08476337734567e-6,2.5256606456678983e-9,8.777594973056246e-6,0.00018546235274116446,-0.0008653710629348488,1.6748997853329103e-9,1.1515483215971662e-6,0.0004807924909505996,0.0003238252310640928,-2.112283935735066e-9,-2.8350781203472627e-8,0.0006937602722949979,-1.0813985478987537e-8,0.00043321449211700363,-1.5687482053689641e-6,-3.248022598344077e-5,-1.1084397428352808e-5,-0.0021202761217282693,0.004380518217070537,-0.00603130123499951,-9.47642674706896e-8,-2.155299453786212e-6,0.017654238412732098,-0.019875247273315782,0.0036949650731814814,4.5937534274419034e-10,-8.965505925185792e-8,-9.37190298918588e-6,8.2357942005087e-5,-0.0009099464524704851,3.4928601036994556e-5,-0.012569846767781185,-0.002450940783247597,-0.00013890828266155248,-0.0013844397437614286,0.0021274821596967896,3.857347202787484e-8,-4.506394296240819e-5,-4.909168191054982e-5,1.2184106401199002e-10,0.0002849726849141759,-1.6666216286723292e-5,-1.4728149790401497e-6,-6.274790831802957e-7,-3.5319262748793416e-6,1.870164351148818e-5,-5.224215950631477e-10,6.548872389520396e-11,-3.68809262236983e-11,0.00028031017802024425,0.00042007579156280077,0.01744732119160072,-2.642916600196144e-7,-2.109830204808128e-6,2.3849226209796227e-10,-6.093732637342369e-7,9.057645091874672e-8,0.0069214412415994075,9.423143917180886e-12,-8.3332132905497e-5,-4.9110972939414434e-5,-2.2685721534912778e-5,-7.635150965122532e-9,0.0043463424091661805,0.06844561457270966,-0.005427867832792034,3.192466907525029e-10,1.8423452901736113e-5,-6.361877171778746e-8,0.0014291459872686175,3.122346386790824e-8,0.0011463466182997622,7.083127517609332e-6,6.08874476875793e-8,-3.102189150616608e-5,-6.734823111055879e-7,-6.39622044751981e-7,6.009574575205892e-6,4.580674579757318e-6,-0.0071620324022929754,1.872874890690669e-9,1.1185012166123856e-8,-0.002222558920684821,1.7590432224823646e-6,3.3171309710652805e-9,3.244733260307025e-5,2.547363259101573e-7,0.023675545886453563,2.254209444394282e-6,-0.0009517649919119718,-8.340027513496433e-5,2.030452441415343e-9,0.00019032240631118135,1.0759772675947382e-8,1.9830835153632775e-10,-3.252146955423834e-5,0.00014118869899001763,0.0022242702943766923,-6.4978905638754075e-9,1.8801478886413174e-8,-0.0033107306760777333,-0.0005246535389413651,-0.0012782598911752563,-0.017109077102869793,-0.00041199035945429705,7.730272581307256e-9,0.00012169940817283592,1.9185156045618398e-8,9.064066346398442e-5,7.1008022062309355e-6,0.008183879290587281,-0.0006585468908423402,-1.8126498766431022e-8,-1.3588033367657485e-6,0.008774129556610439,-0.0003703963406700634,1.3816337531058452e-6,1.4504597215978816e-6,-0.00044143667161068175,-2.4958058115131897e-9,1.974634703220263e-7,0.022883158478487493,-0.0012735776081909463,-3.064906582617504e-5,0.0013048414791757864,0.0004136922127786879,-7.139172013327424e-8,-0.0008706777261141668,1.47543935003443e-10,-4.585068259637277e-9,-2.900235821537855e-7,-7.751280953406765e-9,-0.001259257607948279,8.696344578299404e-5,0.00025551465200188486,-1.3965517021313665e-7,-1.822941649752036e-6,4.471331422147919e-8,-4.887481768803172e-10,-0.0013583302085025902,2.786226569083843e-5,0.00020175421539736057,-0.011325730419086648,0.004715839728112096,-0.0014724871932753766,-5.743496060489584e-9,0.05567093906096501,-3.9331382723688005e-7,-2.369743711398726e-6,5.349218222288306e-8,-1.9608795900938508e-5,4.42678942355946e-9,-1.052765253927139e-6,3.2756001945637825e-7,-5.304654497837167e-9,-1.2315465106196825e-9,6.238086011057555e-5,0.0002637804491981391,1.9895691731632032e-5,-5.7195093539146884e-5,-6.921680608442151e-5,-5.086757307642151e-7,0.00011966827627352139,8.881475800278877e-7,-6.07063993973256e-8,-1.0240886328766325e-7,3.645347855548371e-10,-2.3302480064131132e-5,1.1446959500365541e-8,-3.670514112745713e-5,2.4915427762355276e-7,1.5204597042594347e-7,2.3597496438725348e-5,-1.0480403944806879e-10,2.875967558431143e-9,8.600567980991178e-9,-2.4197839507903704e-5,1.392056675297342e-7,0.0312459589263983,-5.450207029084774e-5,8.518818847464663e-10,-0.0007635291244222652,9.455828393147668e-5,1.3820095341336778e-6,0.00021062279336588275,-2.8013497028664138e-6,-2.5713861521176778e-8,0.0003352263988585158,-9.421431831148603e-5,-0.0003560828732147166,1.7611842108009505e-7,4.0318363532772945e-5,7.891292977021361e-10,-0.00044652098830720436,0.0001733190142127225,2.578698368443766e-6,-0.005211683246286307,3.196408604101779e-9,-0.002138177583802423,-1.1164884281882581e-9,-2.3478856076708652e-8,4.557830751912653e-10,0.004255202774084037,0.0045135745558652,-0.00032169855489458317,0.0004668892558749733,-1.208986040917704e-9,0.004148919079192696,-0.0010318705354487275,1.319444553189653e-5,-1.161234168258087e-8,-0.0007561428059812376,0.0003614345039798614,-0.00010604117016711924,5.769184539254166e-7,-2.238754111633702e-7,-0.00030349593947632094,3.83569120319343e-5,7.31483943951621e-8,1.7836421628129397e-6,6.676940870953347e-5,-0.010448090679438167,3.0131386432034673e-5,3.7194114765080104e-9,0.00021388105553777037,-0.0008723287457871403,0.0030600338167773708,3.3248016588014623e-9,9.6725215744832e-9,-4.4431187970866824e-7,1.2487413740261771e-7,-1.1624211786896301e-6,3.8961118094631585e-7,-0.0012189809839314803,-0.00017146946112438162,1.8327163507883421e-10,-1.4246864986238108e-6,-2.249745987587427e-5
0.0,0.0,0.0,0.0,0.0,0.0,0.0,0.0,0.0,0.0,0.0,0.0,0.0,0.0,0.0,0.0,0.0,0.0,0.0,0.0,0.0,0.0,0.0,0.0,0.0,0.0,0.0,0.0,0.0,0.0,0.0,0.0,0.0,0.0,0.0,0.0,0.0,0.0,0.0,0.0,0.0,0.0,0.0,0.0,0.0,0.0,0.0,0.0,0.0,0.0,0.0,0.0,0.0,0.0,0.0,0.0,0.0,0.0,0.0,0.0,0.0,0.0,0.0,0.0,0.0,0.0,0.0,0.0,0.0,0.0,0.0,0.0,0.0,0.0,0.0,0.0,0.0,0.0,0.0,0.0,0.0,0.0,0.0,0.0,0.0,0.0,0.0,0.0,0.0,0.0,0.0,0.0,0.0,0.0,0.0,0.0,0.0,0.0,0.0,0.0,0.0,0.0,0.0,0.0,0.0,0.0,0.0,0.0,0.0,0.0,0.0,0.0,0.0,0.0,0.0,0.0,0.0,0.0,0.0,0.0,0.0,0.0,0.0,0.0,0.0,0.0,0.0,0.0,0.0,0.0,0.0,0.0,0.0,0.0,0.0,0.0,0.0,0.0,0.0,0.0,0.0,0.0,0.0,0.0,0.0,0.0,0.0,0.0,0.0,0.0,0.0,0.0,0.0,0.0,0.0,0.0,0.0,0.0,0.0,0.0,0.0,0.0,0.0,0.0,0.0,0.0,0.0,0.0,0.0,0.0,0.0,0.0,0.0,0.0,0.0,0.0,0.0,0.0,0.0,0.0,0.0,0.0,0.0,0.0,0.0,0.0,0.0,0.0,0.0,0.0,0.0,0.0,0.0,0.0,0.0,0.0,0.0,0.0,0.0,0.0,0.0,0.0,0.0,0.0,0.0,0.0,0.0,0.0,0.0,0.0,0.0,0.0,0.0,0.0,0.0,0.0,0.0,0.0,0.0,0.0,0.0,0.0,0.0,0.0,0.0,0.0,0.0,0.0,0.0,0.0,0.0,0.0,0.0,0.0,0.0,0.0,0.0,0.0,0.0,0.0,0.0,0.0,0.0,0.0,0.0,0.0,0.0,0.0,0.0,0.0,0.0,0.0,0.0,0.0,0.0,0.0,0.0,0.0,0.0,0.0,0.0,0.0,0.0,0.0,0.0,0.0,0.0,0.0,0.0,0.0,0.0,0.0,0.0,0.0,0.0,0.0,0.0,0.0,0.0,0.0,0.0,0.0,0.0,0.0,0.0,0.0,0.0,0.0,0.0,0.0,0.0,0.0,0.0,0.0,0.0,0.10675227228382908,-0.0015143034445363748,2.4702945711994227e-6,1.530786870901901e-5,2.860854116914393e-7,-9.279135132342942e-8,4.824335001520063e-7,0.0075372362767378,-2.337725776989528e-7,-0.011771196860575817,0.0005215179590092704,0.00012283916558898246,-0.013170699605330882,0.00019222925785612296,0.0003568741061361579,-9.541035479543976e-6,0.0005769239817273794,-7.636094836236935e-8,-7.608109306917602e-7,9.835009459180386e-7,-0.0016651122647858556,0.0023228296840875112,-1.1116800134668159e-5,7.19956595207038e-5,1.5038653325563535e-7,-0.0024937650103723083,-0.006333943566671475,0.00015970323780822927,0.00023355403111079576,8.99514000361186e-6,0.01941436327269686,0.00030570860497795653,-4.605235595756215e-5,1.2773688574898079e-6,5.503827053325967e-8,-1.601182281749639e-5,-0.00039609574654747353,0.0013698711449302557,-4.100419378695121e-7,0.00010594617993754252,-4.038520574946624e-6,0.03689241147457854,-2.449550293272312e-5,4.23911421749236e-6,8.927831088102778e-7,-0.0003648578106930169,-0.009223083975707902,-2.7861296155536407e-5,5.771293662031665e-7,5.401275352789199e-6,-0.002142914894067175,-1.227758583651301e-7,0.000903464041146978,0.0009589434163037311,6.987447249504461e-7,3.978033886563934e-5,0.008099383095522715,-0.00010475831668434624,1.0019345748635973e-7,-0.0016646584802797921,0.0033271607578091735,0.0005158735608298282,0.00544083193384925,0.0001427193436619881,0.009879629569330814,-1.0590189602629981e-6,-7.711873216134002e-6,9.166545176654273e-6,-5.143879756697097e-5,-7.006274469101378e-5,-2.374059161121588e-6,-4.139976707369801e-6,-0.00010693498987699107,-0.0010352774389329707,8.607239628726081e-8,0.002890516696909938,1.2572237776332784e-6,8.847367328162819e-7,4.550639448445967e-6,-0.03769212466929094,-0.0001416821703165262,1.3444052883482993e-5,1.1579761687465296e-5,2.798617211075429e-7,6.832502873111335e-5,1.4680243178811725e-7,-6.640975556857591e-7,3.346166302360079e-7,0.05612975558647214,9.963069784072858e-6,0.003081963364199045,0.005291598212685162,8.430756660952463e-8,0.003783384956682479,-0.011898868266249597,-0.0021237668496755183,0.0014034030424013707,-0.00306760503817152,-2.818940260433672e-8,4.6759661689217884e-7,-0.0023289764218049954,1.5483918760946672e-6,-1.1138411838848465e-7,-0.0004022771193825058,-1.2966515008109011e-6,-3.6620755453214577e-7,-1.3805488782839801e-8,-3.266298934901413e-5,-4.952647882062015e-8,-5.986088399977906e-7,9.029886198533228e-5,-0.0044905937887075855,8.89720667101691e-9,-0.005249949746208669,1.1227601052448534e-7,4.6791523988157734e-7,-1.1080576445498944e-7,2.7264136530236653e-7,-6.034760495738936e-7,1.3174074694835901e-5,-0.00032567635300068164,0.00014461831511821828,-0.0011048848688540267,3.325456259446337e-5,-5.5640215835906586e-6,0.0004886526513990846,6.891737607604843e-8,0.0006597612225622086,-0.000518375068996891,-0.0055358363484679434,-2.8706707772475704e-6,2.9204464510202143e-5,4.726879051682386e-5,-1.3726726752087757e-5,-1.9926192714838509e-7,1.636636078760039e-7,-4.865724486930519e-5,1.4958221433789862e-6,5.69149389566761e-7,0.0002822319588350137,-1.912022383344468e-7,3.9611921514785566e-8,-4.909408459482745e-7,-2.2838646766303637e-5,-3.5479847992474037e-6,0.00021290644523055982,-5.782070389853216e-6,-3.2156028793458073e-6,0.000892158719342024,3.3209591403835595e-7,0.0019482479168846448,1.4785903804380345e-8,-1.3702379747954152e-5,-7.43628964300246e-7,-9.333991148315577e-5,-1.747548632472746e-5,-1.4055573811194298e-7,-6.122772303898653e-8,-4.031076727633302e-6,0.002632496456589088,0.0007707805076579995,-0.00014547596423465157,9.290952932406243e-7,-3.131111003053032e-7,-0.0004202096120375468,-4.8773003990652944e-5,2.576383822196885e-6,-8.676115710677044e-6,-3.029598630745567e-7,-3.7317087568480004e-7,0.01296968853142653,4.2768988154220154e-7,5.2883117134862955e-6,-1.8873760508681786e-7,-2.876612809231911e-7,8.606419466717005e-8,-2.3035675952213517e-7,-3.603571561610056e-7,-9.871023332547995e-7,3.5736177316013534e-5,2.583008201797974e-7,0.000749217534429493,8.334600581530519e-5,2.8928222092019933e-6,1.0386792102514488e-6,2.2648231033644902e-7,-0.005098790145019349,1.4732096407823982e-6,-4.988088152990319e-8,-0.0019336028396042808,-0.0034801675565430314,3.780715297456834e-7,-4.9071141252095054e-6,-0.0001376743278773698,-8.818163501091442e-6,1.1760762122038917e-5,-0.0009061771802171915,-0.003688979868647019,0.0019703053782276006,0.0005660607949066893,3.7074608036368384e-5,-4.382487598405806e-6,-8.279890455148161e-7,-1.9025532590127102e-5,4.0151358909069187e-7,-0.0066020311434101175,-8.6631844818836e-6,-0.001209540232450332,0.0010589371176695352,-0.0014616953029727014,-9.372415392849688e-6,-0.0011613652435225415,1.7300720828055645e-5,0.000859203063818877,-3.6090146335637743e-7,0.0005698399683236856,0.0020754981953364495,-1.792808468969847e-7,1.5835224690652397e-7,0.017176070878299223,1.665206793286479e-6,-6.584385685383811e-8,-8.030099630903228e-6,1.1249647974903257e-6,2.2672800192074784e-5,0.0014538594576932592,-3.2662939571774664e-7,0.00012181545523196245,-0.0002829437814583517,-0.0006398400519100479,-5.607998636770577e-6,-1.701556785327083e-6,-2.0077194383022236e-7,4.657348468240242e-6,-0.003929769089441482,-7.601327826902301e-8,-7.384381260172769e-6,-0.0014649979858202108,7.08578314696157e-7,0.0003126080605451966,-0.02294478175750969,8.672345980147815e-6,-0.000545816270350524,9.896331395441718e-6,-0.01671823353540343,-1.2434560687355214e-6,0.00016846882583073527,1.0692599540388901e-5,-9.4017719455902e-6,-0.00048018300892181654,-3.279092550687818e-5,4.951659561735801e-7,1.0201414506593284e-5,1.7935319611265004e-7,5.728946221615794e-5,-0.00033521538723184195,0.00018778337475268498,-6.476397008822484e-7,9.207437438357302e-7,-0.0002344277273103725,-2.4477068508297666e-6,0.0007365900726156088,-1.0922049038795747e-7,-1.6855212327110035e-8,1.307307913281437e-5,-8.176253294654085e-7,-1.1109228199359589e-7,1.3987275106610568e-7,-0.004482098243506246,4.629469882646256e-5,-0.00010457504943514805,-1.2130854193148827e-7,-1.4660909247905495e-5,-0.001562308542653566,-1.2152298659853192e-6,1.5412917316839386e-7,1.0371362461229904e-5,-1.5211440996341017e-6,-2.483432185966063e-5,0.0007184561929261135,1.3635126836888512e-5,0.0013299016651281206,0.020798292427765454,-0.00017074127047785295,1.8578060532823573e-5,-0.0002138796991046958,-0.0003036637204578255,-0.000255831411316331,-5.868176274967388e-6,-2.1259583911636586e-5,8.066543193638651e-6,1.1958464679925437e-7,1.4447706558688436e-5,5.555668109130536e-9,-5.508121795238206e-8,0.0017337698863089646,-9.70274673359743e-9,1.5519220308655032e-5,0.00017031215249474122,-0.002635463475894917,0.00046807576351883874,-0.00044345664787244135,3.0048031555131972e-5,0.0020582317576404094,1.0609744884016172e-7,-2.2012933573681755e-7,0.013680166515435499,0.0011738977284838103,0.0004578659180476547,0.001069677111534925,-1.0364811882470935e-7,-4.354939013941857e-8,1.9353872249627578e-7,-7.882609983867471e-7,1.184824609091273e-7,0.012664618017138854,6.380278899614735e-6,5.11453199623658e-7,-0.00028489964091336695,0.0008111265996913335,9.614030419442795e-8,0.0002532242264251017,-3.693212653269937e-5,4.2010590994439565e-6,-2.194742528145299e-7,-0.00021035041023295263,-0.0028138359157675323,0.008626192111201659,-6.492660979661168e-8,0.0008684938015214651,-3.634250624368894e-5,-0.000352815468678521,4.251733367585855e-8,2.072173001704669e-9,3.3047285057009632e-6,-1.1835458623538512e-5,3.427311752086951e-6,-2.5006838451314905e-7,-5.062287170057013e-8,1.2031738534058504e-5,-0.003322249552149224,-7.301305887318831e-5,2.92652061706441e-5,0.002283275948487706,-0.0007795174365913642,2.6243725071017656e-6,-4.71380715131461e-7,1.7157944250792553e-6,0.0009236138397362521,0.00013014770585541424,2.958039331588504e-6,0.05988856485634388,-3.4216695909078456e-5,8.81960307787255e-5,-0.007641498100930535,-6.304630572720029e-7,0.0011344809875893365,-7.977710180432524e-7,-1.125783798466187e-7,-7.358778436845406e-6,1.072447890841416e-7,0.010773205455021646,-2.929238432171746e-7,-1.8167149941123258e-6,1.943491554755078e-6,9.218275906515505e-6,0.00011423125181751024,2.1532076127056814e-6,3.371315719759351e-6,1.3642266512782557e-5,-0.004507696507192684,2.4869170571641695e-7,0.04864502889792327,-2.0850865065480597e-6,-1.4193451352638925e-7,-0.0002959361725822852,-2.2669163973064188e-5,0.003180044533199683,7.343574270492656e-6,-0.007002478667972448,1.4823139286804984e-5,0.0015034150822187105,0.0004034011515323998,6.363960349003685e-5,5.487354881037307e-6,2.29544612084498e-6,-5.5407160683581905e-5,2.209891066064172e-5,0.0015202573389481585,-0.0055143010231185965,-0.0005875235298375044,-1.2633185322629882e-6,8.081426185895473e-5,-0.008642576229704442,-8.227596450286798e-8,-4.6160922219721924e-6,0.0034260354947808526,5.239104979365442e-6,-1.401738785927983e-5,1.190649959522448e-6,-5.477554665439746e-8,-0.0002843821630733657,-0.000617915316831317,-8.762168267600597e-5,1.7522914564161082e-7,-1.0074947484009476e-6,-0.0010165829624784067,3.852645031439447e-7,5.4139730994009476e-5,-2.9451353398548225e-5,-5.172682667701428e-6,-5.0481666486685076e-6,3.9028803564187467e-5,2.237811427185474e-5,-0.0010942861236401002,2.7602313672443968e-6,-9.369168385021156e-8,8.656737668115934e-7,-0.01305968186168263,0.0002669822437825792,1.9839507751997556e-6,-1.4586058315876032e-6,0.0015053327922188208,0.017581231383646766,-1.1030461480130023e-7,-7.633362415511642e-8,7.079134961716182e-8,-0.0004035208734791671,6.052036057537575e-7,-0.0010702803242946264,-1.3937418589396962e-5,0.00012029185980976985,-3.3669432047995765e-7,-0.0030865995037653894,-8.409527830059912e-6,-7.136167365676139e-8,-0.0004979366959973615,-0.00011841647815771634,0.004634217171932371,-8.695260311539165e-7,-2.6841948171915203e-6,-4.7396702708943224e-6,-1.1996195017533532e-7,0.00021796441528222922,-2.597629008004603e-5,0.024415306714032067,-6.59262359302041e-7,-6.0926397808932984e-5,2.8885932795545272e-5,-0.0010943327365025189,-5.46156836770349e-7,0.00039156908400986295,2.273724878234924e-7,6.644469108456494e-5,0.0018503251115464263,0.00098993259347851,-0.00011173703411256136,0.003611677919917517,3.3051692223226435e-7,2.0679288439179167e-6,0.00014585227548759457,-0.0006051136679448286,3.831063357293542e-5,2.5700162425976243e-6,-1.3581545319563107e-5,-1.9868436223728917e-6,1.1362969063230916e-5,-2.5711941379861284e-7,9.736191162414414e-6,0.0004952360556609577,-0.008947084551625644,0.0026685448380049923,2.90211928029447e-7,7.845823542388151e-5,3.3841885532067222e-6,0.004714838846722133,-9.533022240562668e-6,2.7884681054344236e-6,0.010497566308562184,-0.024957845353561235,0.0006069930407969596,0.0005025285235881436,-8.851656550966607e-7,-1.0834289918015411e-7,-4.0841356307291225e-5,-8.3539276346057e-5,0.0594687130925843,3.569898021461358e-5,-0.00744484780897255,-4.112876714001108e-7,-0.006244198466999436,2.4842858480730968e-5,-3.583643933900679e-5,-6.893957362823145e-7,9.564287654598751e-6,8.012136298039895e-5,0.00012880124103006952,-0.0001484290610807486,-4.508150868165395e-5,2.8339513649606303e-6,7.482400452532854e-7,-2.077709394743405e-8,-0.002914046719274309,-1.5463990483546793e-8
0.0,0.0,0.0,0.0,0.0,0.0,0.0,0.0,0.0,0.0,0.0,0.0,0.0,0.0,0.0,0.0,0.0,0.0,0.0,0.0,0.0,0.0,0.0,0.0,0.0,0.0,0.0,0.0,0.0,0.0,0.0,0.0,0.0,0.0,0.0,0.0,0.0,0.0,0.0,0.0,0.0,0.0,0.0,0.0,0.0,0.0,0.0,0.0,0.0,0.0,0.0,0.0,0.0,0.0,0.0,0.0,0.0,0.0,0.0,0.0,0.0,0.0,0.0,0.0,0.0,0.0,0.0,0.0,0.0,0.0,0.0,0.0,0.0,0.0,0.0,0.0,0.0,0.0,0.0,0.0,0.0,0.0,0.0,0.0,0.0,0.0,0.0,0.0,0.0,0.0,0.0,0.0,0.0,0.0,0.0,0.0,0.0,0.0,0.0,0.0,0.0,0.0,0.0,0.0,0.0,0.0,0.0,0.0,0.0,0.0,0.0,0.0,0.0,0.0,0.0,0.0,0.0,0.0,0.0,0.0,0.0,0.0,0.0,0.0,0.0,0.0,0.0,0.0,0.0,0.0,0.0,0.0,0.0,0.0,0.0,0.0,0.0,0.0,0.0,0.0,0.0,0.0,0.0,0.0,0.0,0.0,0.0,0.0,0.0,0.0,0.0,0.0,0.0,0.0,0.0,0.0,0.0,0.0,0.0,0.0,0.0,0.0,0.0,0.0,0.0,0.0,0.0,0.0,0.0,0.0,0.0,0.0,0.0,0.0,0.0,0.0,0.0,0.0,0.0,0.0,0.0,0.0,0.0,0.0,0.0,0.0,0.0,0.0,0.0,0.0,0.0,0.0,0.0,0.0,0.0,0.0,0.0,0.0,0.0,0.0,0.0,0.0,0.0,0.0,0.0,0.0,0.0,0.0,0.0,0.0,0.0,0.0,0.0,0.0,0.0,0.0,0.0,0.0,0.0,0.0,0.0,0.0,0.0,0.0,0.0,0.0,0.0,0.0,0.0,0.0,0.0,0.0,0.0,0.0,0.0,0.0,0.0,0.0,0.0,0.0,0.0,0.0,0.0,0.0,0.0,0.0,0.0,0.0,0.0,0.0,0.0,0.0,0.0,0.0,0.0,0.0,0.0,0.0,0.0,0.0,0.0,0.0,0.0,0.0,0.0,0.0,0.0,0.0,0.0,0.0,0.0,0.0,0.0,0.0,0.0,0.0,0.0,0.0,0.0,0.0,0.0,0.0,0.0,0.0,0.0,0.0,0.0,0.0,0.0,0.0,0.0,0.0,0.0,0.0,0.0,0.0,0.10659211261735563,-0.00010378634171154846,0.0018065099137088174,3.1009030062272105e-9,-6.983004599566459e-6,5.511417833928971e-5,-0.0003745448747242211,5.333101438860667e-9,0.006485311911696976,-0.01988183240856789,-0.007695165096592684,0.00028818372484626094,5.982783721878667e-7,-9.393288030726328e-6,0.001265532966189964,-0.022930342146669728,1.5660409022943945e-5,-1.4487517657615075e-9,-0.00029685920237951756,-6.003949627626195e-7,-0.039539149364659486,-4.1389392903560484e-7,-5.0103675919175885e-6,-2.4824793878296118e-5,0.005166978873627413,-6.416632686184789e-5,-0.009490103358712873,-3.9007108360669493e-7,-0.000458287438622781,-0.005471389056505329,-8.595550993033013e-8,0.002874732944711171,-7.534713698928969e-9,1.3769861607403434e-7,-2.2781836640200288e-7,0.05448271471478607,-0.0013904035827701,-1.6280946637363514e-9,-0.005718497428244266,0.00016152804162055802,0.0005161414861847531,1.0857547054033283e-7,0.0016471445553653129,-3.217096628804876e-9,-3.0720503207618684e-6,-0.00012298026755257996,-5.384330253285924e-5,2.1494129225320245e-5,6.712891418299645e-8,4.555482985347834e-5,-3.6733986535976495e-5,-0.03364873918948774,-2.567740435835014e-6,-1.8538896089454264e-9,-0.0038363863905948943,-0.00012940707819380059,1.6791948766040476e-6,-6.527414840568386e-8,1.1697416081718604e-5,-0.01017471110560979,-0.019991632147642616,6.243579602606545e-5,-1.1588382452701584e-6,0.00036579946119274023,8.012498690601363e-9,2.9752967348187045e-7,1.489796411150352e-7,0.003057040803444703,-0.008020308125848433,0.0003914492661676293,0.00013108687712277031,-1.3142379235658053e-5,-0.00019266620527274867,5.859436850276255e-9,0.004898060435104138,-4.4576784897839805e-9,-0.0004673602025257553,7.202956058984077e-8,0.0006637389376247467,-3.21995766160594e-7,-2.422891647606711e-8,-1.2037627298293338e-6,-2.3807820215934874e-9,-5.406900845578251e-6,-3.612650955875201e-6,-1.5955172379452704e-10,1.0296131641589576e-9,0.00032058134855462853,-0.004604543837530255,-1.745007540356096e-5,-0.0009836096716425715,2.9148180850399675e-5,0.0001256383628750946,-4.402753146469243e-5,2.6194208295183926e-6,-0.02071734698097258,-0.0003169786899915364,3.197513605957752e-6,-4.9598876814935126e-5,-0.0003008203366247709,-6.0987635346847166e-5,-4.301680073130054e-6,2.694179786378955e-7,-9.828221173905654e-9,-1.1894959517157701e-9,5.528347733015265e-6,-2.1088681978617993e-6,-7.81170003789328e-6,-8.351807531045695e-10,-0.004804905546778273,0.0008134785952817039,-7.861021713338816e-6,-0.0006694539967932833,-2.0517227739700254e-9,1.5771287156482297e-9,2.0872184358450733e-9,2.5798258280349237e-9,1.0145132744598691e-9,-0.001316900101180005,-1.6277130080251756e-6,1.3374088808846674e-6,0.011881888006188385,-3.9221591429182053e-7,-3.3167706964332086e-7,1.1237974129517576e-6,-7.018269306643609e-6,3.068235001050269e-5,-0.01652614999445895,0.006578370075740436,-1.0135758092058713e-7,-0.001624855465914485,1.6604273137182648e-6,0.0008538732299130849,-1.787123627692784e-9,-4.420066074906528e-9,3.7899291282401616e-8,-9.377757820101111e-5,-8.226568297631208e-8,-0.034844640499585945,8.123788336701958e-6,-4.044579226632915e-9,3.7063823548452375e-5,-0.00025884540836098853,0.00015001830145317126,8.47370578851538e-6,7.01068973629939e-9,9.345814491667681e-9,0.00027562687718700024,-1.809007005927266e-9,-0.028565856850476315,2.574530440266902e-9,-0.002473511153862429,4.305735603409278e-9,6.134009485293611e-9,-8.294814034734309e-7,4.650619345495281e-7,-6.39831824977198e-6,0.002869122243026908,-0.004273818694547179,1.2276184412152118e-7,0.011553487795593868,6.9710678586597035e-9,1.6928630593714817e-5,-1.0476997490581586e-5,-2.3552834329080276e-7,6.537382378175628e-7,2.347798775740695e-5,-1.3366820905462649e-9,6.035147906773386e-5,0.0006710988214283247,-8.217211363905774e-5,-3.274071022704446e-9,-6.098417591838478e-9,1.3357995449551366e-8,-3.2832410415922635e-5,2.2103984919041526e-9,1.208764930177958e-8,-4.7717399832187664e-8,3.582403713970306e-7,1.9536810164625905e-5,-0.022820930083982886,-0.0026625073754466006,2.6975036250864443e-9,-5.4783137731511924e-9,2.812480372582586e-9,0.019709324173785077,6.461572755605728e-8,2.9706533192031405e-6,0.006346871896100695,0.00029246979563485185,3.780254902975384e-8,9.693162587871158e-5,0.009295733090983194,9.3430044235102e-8,1.1983245548233004e-7,0.00467450359219721,-0.0017062035788577208,0.00036352268939994763,2.541288499968808e-5,-0.0006882130696342132,-8.978097541536767e-5,-2.2334316689324616e-10,4.989033858126145e-8,-0.00011432223330809029,-2.0410954264673834e-5,-1.1368417478007049e-7,2.3139376167833414e-5,-0.023382344603876663,-7.405191750939794e-5,-0.0007356255341711515,0.03335043576040704,-0.020826047233127292,-0.008839162581426604,-9.074315762782961e-10,0.00016469195985516796,3.336787424221011e-5,-0.00020502959605162209,-6.213589523899124e-7,-0.00017024896098493864,6.979948791798396e-9,1.3307313229483778e-6,0.0004154321218238219,-0.00010902334322345172,-0.0028141202522016674,-0.0249695010376527,-2.4589628408605714e-8,7.22178006671587e-8,0.05277530078433178,1.7161427203061548e-5,-0.0022859921052947297,4.5794964815553536e-5,-1.420507998614063e-5,0.0016180585147361343,-0.00016087762180000973,-8.3135068944712e-7,0.0002775968944836474,-1.681794130653389e-6,1.2608706255139494e-8,3.711921794027527e-5,0.0016340260122721434,-0.00047173345569585774,-0.0022571161454893927,-0.0003982816552660415,0.00018086004157021084,8.383751416569121e-5,3.0462893842059853e-6,-2.055761763920859e-6,0.00040202380139934207,-8.774481978215062e-5,0.0015928941235009615,2.579960066930738e-6,3.4961768903842024e-5,1.5655568844065287e-9,-0.0036295926742395735,2.471480698860515e-5,2.6871598845677383e-5,0.00018536946507128496,-3.251798621244258e-5,0.0030760586858005435,6.537869831938913e-5,-8.702786183564489e-5,-4.064900081978311e-9,-2.677864623110371e-6,-7.826890381079202e-8,4.999880163952535e-8,-1.2436987706985698e-5,4.686010981936575e-9,6.394682384684751e-5,-0.0029161758177059724,0.0027440151453540043,-5.001213811568704e-9,5.969005246856192e-7,-0.00417076725727896,7.608718488915793e-5,-4.334265008496227e-9,7.181747188259919e-8,5.1347561263413094e-5,2.7258741816444254e-7,-0.008632317029850246,1.4505220632970231e-5,-0.0005341506232403507,1.2192183041133357e-5,0.020829573987575206,-0.0009689080072864982,0.003156090837535422,8.748541504787502e-7,-8.073443976591218e-6,-0.0002865912799886842,0.0009290325385462381,-0.00048420849090632684,9.450144663774546e-10,-4.669227784118745e-7,2.587406887819289e-6,2.2067761190602866e-5,0.011086382136453993,-4.026210511718574e-6,0.00011287043073256968,-0.008354411057545861,0.0021661561307848797,-0.006882253124608698,0.009567400977385497,3.542965439245273e-7,0.00027956439098896467,-7.4363826912731966e-6,-4.4132350729600713e-11,-0.002089136208972887,-3.90771337659115e-5,1.0317110105653405e-5,-2.0317706203798806e-6,4.1641581732953194e-5,4.855327445572771e-6,4.516291078340662e-11,4.004150099842053e-9,-7.050579357343957e-10,-0.0007492319539545178,-0.00010248089867634494,0.0014362600624471947,-1.6801263027319698e-6,9.233189985431368e-6,1.1509818742653204e-9,-6.995766368423921e-6,-9.62604588220726e-8,-8.296708432926656e-5,-1.7583201129869236e-9,0.02338219335191122,2.7098645541179892e-5,-0.0001500969184955497,-1.2080012160632684e-6,-0.0266220848481799,-0.0005267560986984583,0.018658646940174554,-3.7190760203933546e-9,1.1421503672156894e-6,2.745034913740132e-7,0.0007399579308750466,-1.0042483694739703e-6,7.200442733395847e-5,3.6293919322086525e-6,-4.601436859148242e-7,-0.0017540704700969303,9.648700923569266e-7,6.809074331446729e-7,1.6835816130240073e-5,0.00012217357529083276,-0.000255754297640082,2.950236315151876e-9,-1.9866465071920575e-8,-0.005261229685503135,7.00488012622574e-6,-2.757234046875354e-8,-0.0002882149791325612,5.588141431915434e-7,-0.025253809875969115,4.32697091462036e-6,-0.00012381505559114702,-0.0013835626949900539,-5.0754183011616e-9,3.4012485058244634e-5,2.4167005103374735e-8,7.615422359830097e-10,6.414668837008756e-8,3.272395054927809e-5,0.00044225823434336563,-4.0454544039113607e-8,7.289859145072874e-8,0.009200080431466152,-6.766386385624358e-5,-0.0003036233768442333,0.0029726145993462082,0.0024189009671554246,1.8844740117964225e-8,-0.0001906661776167817,-1.4884618926953224e-7,-1.5000583981515157e-6,8.346291215884487e-6,-0.008773168585003726,-0.022848059851072834,-2.3431644356120136e-9,-1.0097964305087212e-5,-0.0006086869406603248,0.005560313664874845,7.951513330711142e-6,1.7854238638306512e-5,-0.0005233110661912137,-5.603973695960825e-9,-2.4861027543602008e-8,0.0065950665547216125,-0.0012180589367697392,0.002390970241997704,0.004741527653584905,4.9436085469669996e-5,1.417705708848483e-6,0.011123953609787973,-3.710647565684255e-10,-7.4054873070078094e-9,1.9214651242453078e-5,2.1598124119050517e-11,-0.009628268412947819,-0.00013568671956008972,2.211365553280049e-5,1.4163775756824184e-6,2.784210523893201e-5,-6.500428557586451e-7,-1.68896954247247e-10,-2.47090229074941e-5,3.5076299608130996e-5,2.0099695315004644e-5,-0.01198633195278847,0.004957102751623405,0.00015406113029296946,-1.7699084018265186e-7,0.002229939753223508,8.748266860086692e-7,-6.065034998930053e-6,1.1023799485302526e-7,4.3288053052027035e-6,1.3734000212974967e-8,-0.0004063434172332354,-3.346765095277283e-6,-7.414682084751325e-9,-1.416526318763931e-8,-0.00860319527216974,-0.002014035519910778,-3.899569056306893e-6,-5.901066659138872e-6,-5.067448748473089e-6,-6.437649617141981e-6,-3.5873483069318576e-5,3.7759959730575695e-6,-6.038305459559755e-8,1.6272173270854238e-6,-3.676161702362515e-9,6.520299516819567e-5,6.224089841185058e-8,-2.781666343782413e-6,-9.69706163112015e-6,-1.3203734837952705e-6,-2.4527909191458636e-5,6.218239161801983e-9,3.3003821722690496e-9,-1.6968794825485192e-8,9.110732592807719e-7,-2.017747384669122e-6,-0.0038844632415425684,4.401614109727615e-5,3.0956833212911053e-10,-0.007150431981789142,-0.0011233231724761276,-4.954090090085925e-5,5.292977897852004e-5,2.0654828918319952e-5,1.396687741188664e-7,-0.0035329837283222163,-0.0011688848145478656,0.003275367342238052,1.690091701827121e-6,-7.640866002856471e-5,6.4432786926986675e-9,-0.00022021857963692258,-0.004450226091959324,7.762599229097938e-6,-0.0020146143446309185,-1.3368239713747602e-8,0.0007704798180928696,-1.958350288012747e-9,1.0496843274607764e-7,-4.332584952057195e-10,0.001148763561897591,-0.0176879829388716,0.002138355971139197,-0.00520425922827178,6.475637867687413e-10,-0.003909255416874284,-0.0002538783864866809,-3.1913385581089936e-5,-5.819113387565843e-7,-0.00025016606878450664,-0.0008731304351808396,0.0006175204036983461,-7.977753087720269e-7,-3.3177420711571664e-6,6.474481473729051e-5,1.5101646197148233e-5,-1.4470732553934517e-7,-8.126957756493749e-6,-0.0003936996912322242,-0.0003509094982740853,-0.0004154261791480801,1.394163636362534e-7,0.0005401718202930155,0.0020720723054994073,-0.0025574658018686493,1.3997799303228809e-9,7.372746112904604e-8,-5.57947631415446e-6,2.380779523978503e-6,-1.8627030646939248e-6,-1.2450019852368404e-6,-0.00033068945187607476,-6.450537850787453e-5,2.082625943361492e-9,-5.412795952564122e-5,1.8499794721498104e-6
0.0,0.0,0.0,0.0,0.0,0.0,0.0,0.0,0.0,0.0,0.0,0.0,0.0,0.0,0.0,0.0,0.0,0.0,0.0,0.0,0.0,0.0,0.0,0.0,0.0,0.0,0.0,0.0,0.0,0.0,0.0,0.0,0.0,0.0,0.0,0.0,0.0,0.0,0.0,0.0,0.0,0.0,0.0,0.0,0.0,0.0,0.0,0.0,0.0,0.0,0.0,0.0,0.0,0.0,0.0,0.0,0.0,0.0,0.0,0.0,0.0,0.0,0.0,0.0,0.0,0.0,0.0,0.0,0.0,0.0,0.0,0.0,0.0,0.0,0.0,0.0,0.0,0.0,0.0,0.0,0.0,0.0,0.0,0.0,0.0,0.0,0.0,0.0,0.0,0.0,0.0,0.0,0.0,0.0,0.0,0.0,0.0,0.0,0.0,0.0,0.0,0.0,0.0,0.0,0.0,0.0,0.0,0.0,0.0,0.0,0.0,0.0,0.0,0.0,0.0,0.0,0.0,0.0,0.0,0.0,0.0,0.0,0.0,0.0,0.0,0.0,0.0,0.0,0.0,0.0,0.0,0.0,0.0,0.0,0.0,0.0,0.0,0.0,0.0,0.0,0.0,0.0,0.0,0.0,0.0,0.0,0.0,0.0,0.0,0.0,0.0,0.0,0.0,0.0,0.0,0.0,0.0,0.0,0.0,0.0,0.0,0.0,0.0,0.0,0.0,0.0,0.0,0.0,0.0,0.0,0.0,0.0,0.0,0.0,0.0,0.0,0.0,0.0,0.0,0.0,0.0,0.0,0.0,0.0,0.0,0.0,0.0,0.0,0.0,0.0,0.0,0.0,0.0,0.0,0.0,0.0,0.0,0.0,0.0,0.0,0.0,0.0,0.0,0.0,0.0,0.0,0.0,0.0,0.0,0.0,0.0,0.0,0.0,0.0,0.0,0.0,0.0,0.0,0.0,0.0,0.0,0.0,0.0,0.0,0.0,0.0,0.0,0.0,0.0,0.0,0.0,0.0,0.0,0.0,0.0,0.0,0.0,0.0,0.0,0.0,0.0,0.0,0.0,0.0,0.0,0.0,0.0,0.0,0.0,0.0,0.0,0.0,0.0,0.0,0.0,0.0,0.0,0.0,0.0,0.0,0.0,0.0,0.0,0.0,0.0,0.0,0.0,0.0,0.0,0.0,0.0,0.0,0.0,0.0,0.0,0.0,0.0,0.0,0.0,0.0,0.0,0.0,0.0,0.0,0.0,0.0,0.0,0.0,0.0,0.0,0.0,0.0,0.0,0.0,0.0,0.0,0.0,0.10518694582359767,0.0008814035047093573,1.2416700143013376e-11,-0.0023906884746299033,0.005793476274615565,9.759125528965865e-7,6.187742337075045e-12,-1.3884573267172801e-6,-8.459138814870532e-5,-0.0014708178625137565,3.7485758427318634e-6,-1.8736575126702822e-8,-3.498099274306471e-8,0.010623078229417823,0.0002488333853851245,0.004853978483093687,2.515998979135179e-11,0.026227928442949636,-2.551626745892082e-7,5.5236884886172594e-5,1.6288685922860814e-9,1.1913802416917824e-8,0.0018641224899500937,2.1970486368050616e-5,-3.1944502463775823e-7,0.00033232563107500086,-5.185371050306855e-9,-0.00016668802121120338,-1.1943450984279339e-5,-2.8979858001882908e-8,-0.0029721526924195428,-6.35644871626697e-11,0.0009053213857834105,7.007551809930636e-10,-0.0001690213582555406,-7.223936505777308e-6,-7.889818597367688e-12,-0.0007095640852821621,-0.0027272618524614343,1.9404818882052473e-6,1.6882664508726033e-9,0.005155635638773561,6.078444435333618e-12,4.435853952960016e-8,-2.9328406230614207e-6,-2.3519515375723965e-7,-0.007835432580377864,-9.001817881349984e-10,2.2587124197567598e-8,-0.02417685176807269,0.00012426289414845093,-2.0009761877640226e-8,2.131271453110021e-12,0.00028886039559451005,9.111962650950287e-7,1.3337575659235676e-8,-4.620111646678571e-11,1.2371231076529705e-7,-2.6922358720328765e-5,8.084130822528527e-5,-1.6635028888374467e-7,-6.583340340471664e-9,1.4068788752455724e-6,1.0983730722724093e-10,1.77016709581434e-9,-2.1311447460642465e-10,0.00026962181370633576,0.00013801482415162823,0.012105508976709726,-0.0019705578917214675,-5.6074891034074446e-9,8.472106561803345e-7,9.144911336967823e-12,-2.204341654628885e-5,9.482615227039639e-12,-0.011275006372913586,6.924206217087344e-10,-5.83337174662268e-6,1.0233455163080842e-8,-9.021484720709992e-10,5.854949544799249e-9,-2.0716325514128906e-11,1.7317102455233237e-8,-0.004676432954462336,-2.8018820460908904e-12,1.0750258800240786e-11,-3.010510085874664e-7,0.0009247224021403356,-2.0143403632007837e-7,2.2507281206239925e-6,-0.004923190890975172,2.941977115842745e-6,-2.7312835877640785e-7,1.0469918101836416e-8,8.467996963763225e-5,-7.642806940091008e-6,-0.0022120539332940756,0.013860721876343842,-2.6582717724893666e-6,0.0048590058771288405,-0.0037108594026523368,-6.562962960916246e-10,-1.197463869728768e-10,5.7068687586058176e-11,-0.0001197468156057956,2.735921015933276e-10,-0.003265009805303658,2.1940591232237264e-11,-0.00024763301599623144,-3.926541027211862e-6,0.0025484710653616975,-4.613529176747278e-6,-7.8902601302841e-12,-8.799086348542893e-12,8.998144378244594e-12,1.0789488257602246e-11,1.4411187728167066e-11,-0.0031574934598372936,2.7441940293694516e-9,-1.8320348085127403e-9,-4.023500562859021e-6,-9.867861785954845e-10,5.206192931109337e-10,-5.1705855374787346e-8,0.0010688439587729403,-4.1691987870446446e-8,-5.453816044291799e-5,-7.583570912453734e-6,-4.293477017436437e-11,2.8671027646485074e-5,6.565106091306549e-10,0.00764340090219376,9.697473904239428e-12,-6.0962888772561555e-12,4.2904094039912224e-10,0.058464040875604216,-5.7336732565709706e-11,0.00013311185929332567,0.0003685382408050197,-3.184502210157824e-12,-0.0029864902950286613,0.00016561655295099122,-0.0033584575366528186,-8.440409399542155e-9,2.7223353581025296e-10,-2.6850565502904922e-11,1.4073448637689366e-6,-1.3217927896398073e-11,4.588577310289455e-6,4.638739803809778e-12,-0.00043194463927944733,1.3753395649448081e-10,3.62177100533739e-9,2.7354302814776597e-9,-0.0032447946110380392,-0.002479252421126773,-0.0025629157584203554,-2.1025842777796104e-6,-7.27682026351407e-9,-0.00023141737834408028,2.2813766677895068e-11,-0.00011226984493452581,3.596542104390713e-8,1.3228666598231895e-9,-1.0363078540337831e-9,-0.0038774924084099102,1.7123223348807043e-11,-0.0023085832041722433,6.2654084367005385e-6,0.01575005964708089,1.0171257035650034e-11,6.052459830706678e-13,-4.1577120713725235e-11,-0.012992691930163216,4.403672674530431e-11,-8.994794107139986e-11,1.9646591986399141e-10,-3.914889542323546e-9,-0.005192484236301192,6.313869350458648e-5,0.0044153635909242655,-8.89860246027516e-11,-4.266846393406358e-10,3.5020723695038917e-12,-2.899875674107588e-5,-2.0648166199443978e-10,-0.0003167407071855586,2.6935092804487814e-5,3.6735841594658564e-6,-2.346662888440084e-10,0.005007471813402218,0.0007099327925476783,4.884905593143284e-10,5.180745737297388e-10,1.5025892189748698e-5,-4.526571055644205e-6,-1.0862655535444365e-6,-1.6425465857106256e-8,0.005626079960053975,-0.035241011300350844,8.042814496145577e-12,-7.521216973265528e-10,0.019437341691450522,-4.850345072196827e-7,9.08198828714227e-11,2.8254688523411247e-7,-9.094995153310251e-5,3.258243255236364e-7,-0.009924792135352642,-0.00010441458560342936,0.0001189501490863041,9.089454562961167e-5,4.993750905944604e-12,7.965172622530246e-6,-3.939403835598068e-7,-0.041919128898139243,-0.002943119082794198,8.894746795975548e-7,-9.604325698641002e-11,-0.002058764413867951,-0.015366221265800978,-0.0003966443954624469,-0.0012545711059994487,-1.321292594146064e-6,1.0006653174491807e-10,-2.5406395520488804e-9,0.00016223387494984973,7.215450386385111e-8,-0.0002493949693386651,-0.0013954370489474264,-0.005681356553916963,-0.000137869785056037,5.460698490996243e-7,-3.44214301338949e-5,0.001211634899001507,6.236616570139882e-8,-6.005070840896826e-12,8.019734066407426e-8,-2.066059899578946e-6,-0.010478145108619262,3.5340388183926955e-5,0.0007854951644956922,-7.355313400049667e-7,-0.012767986902341035,-2.0103121343375385e-8,-1.710923561791308e-8,0.019338875446576743,-6.928665962279063e-7,-0.00028754238753827947,0.004141537211310272,0.004632848192644283,3.919761176184654e-12,-0.001273636215528955,2.4215799710861302e-8,8.484642125358838e-10,0.042515267155410624,0.0070747576178438664,-0.00041797702777082285,-0.003934824053018096,4.361949108458124e-9,1.43811821453281e-11,-0.0020354100816577076,-5.07841508578254e-10,-1.1334002502882458e-10,-0.002355893921891732,-1.6697354723358103e-11,-6.849382982387969e-7,-3.45232939438798e-5,3.4222382408305304e-5,3.029876102180906e-12,-4.170319831707895e-9,-1.6561287177769503e-5,-0.0006082081799997053,3.193392624666583e-11,-6.650293056303822e-10,-0.0016289938961517832,1.553740745785102e-9,7.7472198009374e-5,4.981286046019826e-8,-2.3465928457005575e-6,-6.852747803050912e-7,-1.2591268615975207e-5,0.003454745464910888,-0.00016568632285523716,2.580463436549536e-9,3.13935378976534e-8,5.0541988384090714e-5,-1.196538392278118e-5,-0.0030541063403363967,-9.30343160871967e-12,2.9639964362093296e-10,0.0006231289876130853,0.00502989470965861,1.1446430178440206e-5,0.0018461647423361933,0.0014940375452314862,1.0932830713701317e-5,1.5742283000379454e-5,0.00014016936772751643,-2.4744491632851982e-6,-1.371476936718917e-9,8.45934790607452e-7,0.0029397914207526087,1.3180023995176434e-11,-5.704070202774112e-7,2.6316988431178803e-8,-4.012924761330883e-8,-5.751924380109641e-8,-0.005410736262003192,-0.0012164793491203623,2.2804395998889333e-12,7.1895507426190365e-12,-1.1353412862445413e-11,-9.512242385570194e-6,0.0012695624884549606,-0.00019999813973639406,1.8806728875419576e-8,-6.968031641606214e-8,-1.0219944101911516e-11,-2.052358349040308e-8,1.6164246182400138e-9,0.0017758038798162152,8.0027919443624e-12,0.00024963386465906974,2.0630306898014467e-6,1.1128551172795373e-6,3.4921357634213454e-10,-6.50164657062976e-5,-0.0002653211535423615,0.00014260510785952675,2.2829930688835025e-11,0.0007255304164207685,-1.2601325214047052e-9,0.0005899961740064933,-2.6677835867640965e-9,0.0007505040181821852,6.789994665642185e-5,-6.540612186796152e-10,-4.457020744488536e-6,1.1422073265702582e-8,5.86134090824922e-9,2.1231566173746343e-7,1.474480087884426e-7,0.005847895686454908,4.8915742220427046e-11,-5.316951851342916e-10,4.11195450402609e-5,4.5525631231722524e-10,1.7107341378675478e-10,-3.850603995979634e-7,5.52189988399978e-9,0.00032193363342024203,1.7897591126646941e-7,0.014938003381481157,-2.7160493942239413e-6,1.381622348530903e-11,0.0014756819907197573,2.63086477763589e-10,-3.850252955542326e-12,-3.487948163363072e-8,-0.0013137409882570503,0.006204834456478049,8.497959346578784e-11,-1.885768253901506e-10,0.00019663562089263344,0.013210362738498538,0.044993531418567184,-0.0004935045151058795,1.1042343873489571e-5,-1.5576169659200418e-10,1.8303673537531492e-6,-7.523334985473885e-11,0.0005169749173048144,-5.011632578337089e-8,-7.246303111772367e-5,5.846046211961251e-5,-4.417423872046655e-10,5.079488345360014e-8,0.0014344588140110498,-1.0160848794964733e-5,-3.7472376239842455e-8,5.5600806026568724e-8,0.0024304075377842415,1.0586664503927394e-10,2.5594495939155106e-9,-0.00038253490871629613,4.955979224962115e-6,9.467400634481993e-6,-4.8478956586975354e-5,-0.025663329972899544,8.084775378153215e-10,-4.389955552063516e-6,-4.0268853969424995e-12,9.381257556544415e-11,7.735885996549411e-8,-1.2518640741764627e-10,6.027622354555423e-5,0.05442268777226318,0.004734781510459816,2.877916219298218e-9,6.874281983347114e-8,7.316896514598626e-9,-2.6084364114921936e-12,0.011233746535667246,-7.570863644979615e-7,-0.002182825108385112,-1.295370633185505e-5,0.001011540690602237,-0.0010025581753978243,-8.159000875724666e-10,0.00016248843667834856,-4.4531264436000275e-9,-4.350220913618746e-9,-3.207361345490899e-10,-0.004106834564421898,-2.8998223140806728e-11,-1.7305156417844672e-6,-1.8009605493941566e-8,-4.338510598193714e-11,1.3990070517119153e-11,-2.9798088276277206e-5,9.980319696709746e-6,0.00011460227736915898,-0.0018247183075824293,0.0014334020485436301,2.9892479467273386e-8,-0.0017161799682509221,2.9715676632595875e-8,1.286062572209096e-9,-7.64411588851203e-9,-1.0739142979088696e-11,2.0765843662822e-7,4.0493492572708213e-10,-0.002063408002568633,7.371740383348028e-9,1.0968352657198344e-8,5.565795189200293e-7,-2.638029243940325e-11,8.332981138666898e-11,2.493999849585566e-10,0.0016068625215935298,-3.6897234912744037e-9,-8.036414175236843e-5,-3.389241717985363e-7,3.082510782038153e-11,-0.00013370784321674298,0.000427560398061336,3.034911872643166e-8,-0.006508449899207694,2.6702053362706294e-8,2.770255783688952e-10,-8.044665960424551e-5,-5.770922300685652e-7,1.6581297511980607e-5,4.055828216808696e-9,-2.397991362272265e-7,7.321408433960439e-12,-0.0006490364634150574,-1.2109584480183165e-5,-1.4597319762666326e-8,-0.00018410658829274957,8.178913562614555e-11,0.0006762521132969797,-2.368314027090896e-11,-6.167012065549169e-10,-5.5193409752086886e-12,0.006669010665658672,-0.00013111495716922297,-6.653269769650895e-6,-1.994240442089268e-5,1.8150410928518168e-11,0.0007903465929903996,0.03324085045210603,3.347137727392101e-7,1.4649425902485749e-9,-0.007351296098606745,2.2904203883280105e-6,1.476486483288276e-6,-1.0110804955537912e-8,-2.9049117111720557e-8,-0.0002316351736278448,-3.930880598989164e-5,1.5369084275198456e-9,-6.2196750094240375e-9,-6.299866091391539e-7,0.001172426469943176,-1.8266033380780605e-6,-3.741177208252048e-10,-7.979040346733108e-9,1.2734497957628614e-5,0.00025135460078510436,4.3466283805235303e-11,-4.762689965963381e-10,1.5707487880415058e-8,-2.0170032267048936e-8,2.5855412582330732e-8,-8.861681416183545e-9,0.053159174849164416,0.004176322335385248,4.326545172346726e-12,-4.0538989490728827e-7,0.0005360808244839602
0.0,0.0,0.0,0.0,0.0,0.0,0.0,0.0,0.0,0.0,0.0,0.0,0.0,0.0,0.0,0.0,0.0,0.0,0.0,0.0,0.0,0.0,0.0,0.0,0.0,0.0,0.0,0.0,0.0,0.0,0.0,0.0,0.0,0.0,0.0,0.0,0.0,0.0,0.0,0.0,0.0,0.0,0.0,0.0,0.0,0.0,0.0,0.0,0.0,0.0,0.0,0.0,0.0,0.0,0.0,0.0,0.0,0.0,0.0,0.0,0.0,0.0,0.0,0.0,0.0,0.0,0.0,0.0,0.0,0.0,0.0,0.0,0.0,0.0,0.0,0.0,0.0,0.0,0.0,0.0,0.0,0.0,0.0,0.0,0.0,0.0,0.0,0.0,0.0,0.0,0.0,0.0,0.0,0.0,0.0,0.0,0.0,0.0,0.0,0.0,0.0,0.0,0.0,0.0,0.0,0.0,0.0,0.0,0.0,0.0,0.0,0.0,0.0,0.0,0.0,0.0,0.0,0.0,0.0,0.0,0.0,0.0,0.0,0.0,0.0,0.0,0.0,0.0,0.0,0.0,0.0,0.0,0.0,0.0,0.0,0.0,0.0,0.0,0.0,0.0,0.0,0.0,0.0,0.0,0.0,0.0,0.0,0.0,0.0,0.0,0.0,0.0,0.0,0.0,0.0,0.0,0.0,0.0,0.0,0.0,0.0,0.0,0.0,0.0,0.0,0.0,0.0,0.0,0.0,0.0,0.0,0.0,0.0,0.0,0.0,0.0,0.0,0.0,0.0,0.0,0.0,0.0,0.0,0.0,0.0,0.0,0.0,0.0,0.0,0.0,0.0,0.0,0.0,0.0,0.0,0.0,0.0,0.0,0.0,0.0,0.0,0.0,0.0,0.0,0.0,0.0,0.0,0.0,0.0,0.0,0.0,0.0,0.0,0.0,0.0,0.0,0.0,0.0,0.0,0.0,0.0,0.0,0.0,0.0,0.0,0.0,0.0,0.0,0.0,0.0,0.0,0.0,0.0,0.0,0.0,0.0,0.0,0.0,0.0,0.0,0.0,0.0,0.0,0.0,0.0,0.0,0.0,0.0,0.0,0.0,0.0,0.0,0.0,0.0,0.0,0.0,0.0,0.0,0.0,0.0,0.0,0.0,0.0,0.0,0.0,0.0,0.0,0.0,0.0,0.0,0.0,0.0,0.0,0.0,0.0,0.0,0.0,0.0,0.0,0.0,0.0,0.0,0.0,0.0,0.0,0.0,0.0,0.0,0.0,0.0,0.0,0.0,0.0,0.0,0.0,0.0,0.0,0.0,0.10468631724770068,-9.465490738997729e-11,-0.0002465004052563952,0.005122532064731155,1.1553127847867242e-6,1.459516388331001e-10,-9.19987781565737e-5,0.000961612039049926,9.404644313014833e-5,-8.198099586864684e-5,-5.648230550735916e-8,-2.1621947251029307e-7,0.023847388779483895,-0.0019265535920731656,0.0006129234421610099,8.35670478522855e-11,-0.0010185742538525865,4.5488324204104157e-7,0.0006120645393776569,1.1848321619588568e-8,1.1546202906911072e-7,-0.0007819482763836562,-0.0007487647283203395,2.689770676073903e-6,0.002592715118123984,-5.7984866493384686e-9,-0.0018887662577146958,0.00011541689074752368,1.1720617485965859e-7,-0.008410164298376982,-2.0679703500079913e-10,-8.990530964829679e-5,8.183732052745279e-10,0.0005656587389134568,1.2009691960152627e-5,2.19343949422347e-11,-0.008191506388678067,-0.0037823891191655135,4.221080462330702e-6,4.645525010718451e-9,0.0062081297284485035,-3.5071785799600466e-10,3.142515719639356e-7,-1.1790487664950545e-5,-1.7924415263178138e-6,0.0010416554050989453,-5.3040636921709674e-9,2.3246807737816555e-6,-0.00019095165418744369,0.0015621898276411417,-1.313447924633523e-7,-4.2896818256862346e-10,0.00815741710887863,1.3800760823007524e-6,-2.0101879005572046e-8,-7.696839101045244e-11,-7.220934089180866e-7,-0.00010595330731582,0.0006848897939281713,-1.1870843987070158e-6,-6.97180815224592e-8,8.055161329880662e-7,3.133792527437369e-10,4.38256446661184e-9,-8.601881628205671e-10,-0.013206467708201759,-0.002152369096042677,-0.009753587783585217,0.0032083813983624526,-1.2284520911637627e-7,2.7287236569632874e-6,-1.3870117908853765e-10,-3.520861815475173e-5,1.7217691483586659e-10,-0.001533072134067326,-3.8293268235190525e-9,-3.5362059989742e-6,1.0282089092683719e-8,8.906884753967432e-11,-2.6218428337068673e-8,1.7971917380378997e-11,2.3784238632214737e-7,4.871394864143792e-5,-3.6151424251688165e-11,8.886306403200929e-12,1.2412962843123732e-6,-0.008796943949001363,-1.681735800061034e-6,1.7947581797785637e-5,0.001422414001551641,-1.064344765282953e-5,3.7341357543837386e-7,8.415531783277946e-8,0.0007461772294570312,-0.00011356234747282676,0.0001002327946939079,-0.0009770845176875183,-8.436278178786902e-6,-0.001510020800549651,-0.00012713892962468737,-3.3838493510153495e-8,-9.098203501729055e-10,1.68288638243428e-10,8.027429261971948e-5,-4.613688402377502e-9,-0.0003457758040440205,1.9689342192760994e-10,0.0005584474349434903,-3.6555014924447445e-5,-0.00069471474821669,-1.5695483455307866e-5,-4.507811486518781e-12,-2.019918911348234e-10,9.718485951087983e-11,-4.704340419587189e-11,2.0946835899950415e-10,-0.03347203274075878,-6.503890552419431e-9,2.380046759419697e-8,-0.00018967120324754784,-1.0529596167389771e-9,8.191686129321136e-9,-3.3482567883816343e-7,-5.184207508225115e-5,-4.605072913900326e-7,-0.0002440377571913226,3.380044607068122e-5,2.5283837125941895e-9,-0.0026770497295159827,-1.9683592727244565e-9,0.009620931886821477,7.743453041370206e-11,-3.0960114057030676e-10,3.032778310991299e-8,-2.0565945280305423e-6,2.2451437090424865e-9,-0.002541004009850893,2.5887691264316104e-5,-1.843220829331478e-10,0.0008164964931536688,-0.001543038248865466,0.002759638448468647,-2.4334081921178467e-7,1.1336303024299627e-11,-8.911660233998819e-10,-2.1867967607547102e-6,-2.1685236164603124e-11,-0.00021256767924548772,-7.817770963530358e-11,-0.029578427733315277,-7.497777618199788e-10,3.0533476428951866e-9,1.5565895151453708e-8,-0.00019938947526416142,-0.00012133283269223343,0.03580879814787992,-3.6263134284098586e-5,6.21631818128213e-8,-0.0006236114825177601,5.81721474791091e-10,-8.242487214894784e-5,1.1316087400122326e-7,9.273770730885274e-9,1.6168571605700694e-8,-0.01892190357376992,1.0859976377589584e-10,0.003773543710772412,9.356176400625132e-7,-0.002578585275047716,-6.616323168255034e-10,9.864663977171626e-11,-1.0504629026086534e-10,-0.00027613501268961504,2.020915838227891e-10,-7.852411246454528e-10,1.0701625112308811e-9,4.505162981048582e-9,0.0008693903926097407,-0.0004040200993108362,0.0070749652982570205,-1.9182123376530903e-10,-1.4971729015754606e-9,-7.44453838821882e-11,1.654038820863548e-7,-3.5728528121351997e-9,0.00015136536306119272,-0.00011958095926948224,1.9989022087623966e-6,-2.2903115829124046e-9,0.00015633413834209494,0.0013057862585440893,6.196906721444443e-9,-2.0017659587241765e-9,-9.63814046312116e-5,7.146762462774995e-5,-7.157874261270188e-6,-6.318860874264006e-7,-0.000584963835267176,-0.010377437227409544,4.076167185844956e-11,1.3239230076525107e-9,-0.00308317556324625,7.019018744706943e-6,-1.3575475601476942e-9,-1.994785767907964e-7,-4.444382403395255e-5,-1.4139970048985119e-6,-0.013587132438797092,-0.0012930226127044855,-0.0015133012256915302,5.4620395612997e-5,-2.92930017570796e-12,-0.00010044103624665276,-1.052903033078251e-6,-0.004794247318686435,-1.6335932607367446e-5,2.828201538517844e-6,1.696279778854588e-10,-1.6039007952851156e-5,-0.013560147741061351,-0.004224100417488608,0.002032112492378916,-7.067425021616965e-5,-2.876285123676889e-10,7.849081293212299e-9,0.000459614263627528,1.928218528581008e-6,-0.003599239045385174,0.0035318808493705893,-0.0025658058903165314,0.0029339470946155386,-3.9537044336719423e-7,0.00042442787506867747,-0.0004628897517908247,6.913560484288099e-7,-1.393186210472804e-10,-5.878434669327344e-7,-2.1271651660493552e-5,0.006750623917068812,0.00026097740709054613,-0.001917118763162534,3.860800687306238e-6,0.000976602388948384,-1.3290581044760536e-7,-5.22183460606584e-8,-0.0046785357011266925,-9.786322135612089e-6,-0.0017897466843784736,0.0004905218237428741,0.025418395116871564,7.646615365907417e-11,-0.005397047830669693,1.5830047387566312e-6,-6.6117847125159e-7,0.0035947070425325013,0.0028475607066142227,-0.0017395026093398212,0.0009729293694600234,-2.0972219599847975e-6,3.4639622520152244e-10,3.7051504199505674e-6,2.7724137132801316e-10,-4.16030507789854e-10,-0.0003801299877320466,-1.2216178422176644e-10,3.6248284356210074e-7,0.0021147026030730576,0.0008421721643279153,-3.41620653667116e-11,2.8896460741208278e-8,2.412053279555969e-5,0.0047463063352054255,1.5963044861245548e-10,-3.2507871421971483e-10,0.0014723653589432152,3.3430456002626412e-9,-1.538290546959008e-5,2.8747173135344414e-7,1.8791929393409644e-5,-5.7052391423141255e-6,-5.6964939978420755e-5,0.06380768200064742,-0.0019282241637174479,6.222676282770153e-8,8.84225622624738e-8,-0.002846432114575058,-0.025908081149178218,-0.004468942714533164,-6.525300412715576e-11,1.0367951580858692e-8,3.995000773666522e-5,0.0008790527118064175,-0.00041027252058878903,-0.00012603588485622652,0.0021148987843493316,0.0005710156577810252,2.7324276309236143e-5,0.00020913950569419383,0.0002686725631052301,-1.5682459845958587e-8,8.84230759121309e-6,-0.000152344061565811,3.467568872072025e-11,1.8830791316856856e-5,5.628948621896115e-6,-3.6644670288090643e-7,-4.173052669423479e-8,0.0011829879862474914,0.0001288591487758691,1.5593633569259157e-12,2.3587498556189977e-10,1.684585367334639e-11,3.0373956870848645e-5,0.0010803310150487332,0.033398543215439815,7.074970166026228e-8,2.476609382356757e-7,-8.76612739811563e-11,6.193695019083993e-9,-4.473735045794886e-9,-0.0012682732527520145,5.0775781546285036e-11,0.0001787261757883523,5.401099101443518e-6,-8.839954609493383e-6,1.1663959467010717e-8,0.0015871982164985744,8.662257932900594e-5,0.00014400907643950673,-1.2546715857455444e-10,2.1029661917740825e-5,2.922392573768448e-9,0.003929218165321604,-1.0351913251648776e-8,-0.004380867774671248,0.0001223967914510708,-4.423304442425278e-9,-1.4189372986994208e-5,1.0938944072799601e-8,2.371842313291227e-8,-1.9409681604088144e-6,1.5457573341817806e-6,-0.03244097826400105,1.9109772485787077e-10,-2.296350522068812e-9,0.0005149426913546102,-1.2241287135372938e-7,-7.172380739706067e-10,2.4888141788484536e-6,-2.3592234350528838e-8,-0.006760570889491264,1.64151309591213e-6,-0.007172551250440439,3.6504175839658286e-5,-3.0827306132096e-11,0.0009312667912605143,-2.07427202636693e-9,-2.9863266389836864e-11,-8.348484672633676e-7,0.001022604467746304,0.013741784731458121,1.2679519552537599e-9,-2.050112884797245e-9,0.0013044674286166538,0.001988973303295525,-0.0017635611967700316,0.007305170851479725,-5.982645122084364e-5,6.854799201998018e-10,8.18188023558444e-6,9.635065644843811e-10,-0.0001815649421729683,-1.5678398042226255e-6,-0.002302639681716268,0.0005925457858237822,2.418562580527839e-10,1.6253787342501355e-6,0.05484220871846385,-1.0662000184082349e-5,-2.576264792265656e-7,1.2334700443858817e-7,-0.00014167445915556621,7.223434383203567e-11,-8.416831139192103e-9,0.002784272483805992,0.00042858545735218,-4.3487331679173634e-5,3.3078765955005027e-5,0.000926827816770434,4.5286857074815156e-8,-0.0002769504275471711,-9.45671581914948e-13,5.937922773640151e-10,-5.184649748977988e-7,-4.692578374040425e-10,0.0002822520596557863,-0.0030427637297248083,0.0008689557278933015,5.948463119787907e-8,-9.87526428843316e-8,1.8779121436548467e-8,7.046478345386224e-11,-0.009575009821000645,-3.3768090634457087e-6,0.0014897724289567157,0.00032724531298566694,0.00026251857690714965,-0.0011992609746335789,9.274496723167174e-10,0.004929500786641033,3.662401742565018e-8,2.894601723611042e-7,-9.012282179571185e-11,2.461032212876371e-5,-3.8044293517321015e-10,4.4895665800613165e-5,1.3520119567893035e-7,-2.7920035949451844e-10,3.5522374404553105e-10,2.044002285921244e-5,-1.5717895195270283e-6,-0.00013856144289766967,-0.0001963944620964815,-0.00029068240989944827,1.76336151695928e-7,0.0006623163828671141,5.918706423856962e-7,1.28801351562206e-8,-1.2725713343185011e-8,-1.3800790059558687e-11,2.2180202019412638e-6,1.5274247979161043e-9,-8.199550683338778e-5,3.293186175584023e-8,-1.2298730340890944e-8,-8.198606580098201e-6,-3.006095728456538e-10,-3.55824082168951e-11,4.121196246526482e-10,-0.00021602202525655665,-7.83830426131017e-8,-0.005220815378126883,6.157497667015073e-7,5.5827079825900295e-11,0.00028287218375815695,-0.001104422736001889,6.261846293592219e-8,0.0020743572907415686,4.139938559452722e-7,2.636694815561918e-9,-0.003426929223175613,2.6898493101267587e-5,0.00012193517219321985,-5.970816338322614e-9,-2.8520140279363078e-5,-7.481921388328252e-11,-0.002766223723927657,-8.525526277144868e-5,-1.3838990701504073e-7,-0.006192708661377099,-4.764357989223696e-10,0.0022388543563741383,1.0000836740405156e-10,-1.5275489443795921e-9,-2.2467051049354137e-11,0.05556418332799773,0.0005347469195425887,-4.282113039442516e-6,-7.938985511170789e-5,-6.682177155512436e-11,-7.79277951603931e-6,-0.0007881669749240518,-4.352599180043048e-7,9.834082163274622e-9,-0.0014606661149862883,6.40031941041441e-5,-2.053879766215925e-6,-1.5095818827262607e-7,9.473816801920433e-9,-0.0007122925532014807,0.0005282584994012663,-8.952843582724448e-9,-2.4677339532790886e-7,9.492427531694466e-6,0.01065100464279895,-6.627035735091254e-6,-3.783375266105467e-9,-4.69445426185204e-5,0.0012394990780938663,-0.003722018110586707,-2.6871130338310188e-11,-4.403219666044642e-9,2.1586998179353876e-7,-1.0602112365182046e-7,1.3220481899750235e-7,4.9514158727846974e-8,-0.005762152975474297,-0.0002066085264185047,-4.318990655361664e-11,9.080716666588473e-7,-7.957754538343965e-5
0.0,0.0,0.0,0.0,0.0,0.0,0.0,0.0,0.0,0.0,0.0,0.0,0.0,0.0,0.0,0.0,0.0,0.0,0.0,0.0,0.0,0.0,0.0,0.0,0.0,0.0,0.0,0.0,0.0,0.0,0.0,0.0,0.0,0.0,0.0,0.0,0.0,0.0,0.0,0.0,0.0,0.0,0.0,0.0,0.0,0.0,0.0,0.0,0.0,0.0,0.0,0.0,0.0,0.0,0.0,0.0,0.0,0.0,0.0,0.0,0.0,0.0,0.0,0.0,0.0,0.0,0.0,0.0,0.0,0.0,0.0,0.0,0.0,0.0,0.0,0.0,0.0,0.0,0.0,0.0,0.0,0.0,0.0,0.0,0.0,0.0,0.0,0.0,0.0,0.0,0.0,0.0,0.0,0.0,0.0,0.0,0.0,0.0,0.0,0.0,0.0,0.0,0.0,0.0,0.0,0.0,0.0,0.0,0.0,0.0,0.0,0.0,0.0,0.0,0.0,0.0,0.0,0.0,0.0,0.0,0.0,0.0,0.0,0.0,0.0,0.0,0.0,0.0,0.0,0.0,0.0,0.0,0.0,0.0,0.0,0.0,0.0,0.0,0.0,0.0,0.0,0.0,0.0,0.0,0.0,0.0,0.0,0.0,0.0,0.0,0.0,0.0,0.0,0.0,0.0,0.0,0.0,0.0,0.0,0.0,0.0,0.0,0.0,0.0,0.0,0.0,0.0,0.0,0.0,0.0,0.0,0.0,0.0,0.0,0.0,0.0,0.0,0.0,0.0,0.0,0.0,0.0,0.0,0.0,0.0,0.0,0.0,0.0,0.0,0.0,0.0,0.0,0.0,0.0,0.0,0.0,0.0,0.0,0.0,0.0,0.0,0.0,0.0,0.0,0.0,0.0,0.0,0.0,0.0,0.0,0.0,0.0,0.0,0.0,0.0,0.0,0.0,0.0,0.0,0.0,0.0,0.0,0.0,0.0,0.0,0.0,0.0,0.0,0.0,0.0,0.0,0.0,0.0,0.0,0.0,0.0,0.0,0.0,0.0,0.0,0.0,0.0,0.0,0.0,0.0,0.0,0.0,0.0,0.0,0.0,0.0,0.0,0.0,0.0,0.0,0.0,0.0,0.0,0.0,0.0,0.0,0.0,0.0,0.0,0.0,0.0,0.0,0.0,0.0,0.0,0.0,0.0,0.0,0.0,0.0,0.0,0.0,0.0,0.0,0.0,0.0,0.0,0.0,0.0,0.0,0.0,0.0,0.0,0.0,0.0,0.0,0.0,0.0,0.0,0.0,0.0,0.0,0.0,0.0,0.1045750778944902,8.241132951502708e-13,1.0988629776687035e-11,-2.1816995853017476e-7,-0.013945101858526885,1.0557005989555326e-8,1.243819322027083e-9,-5.767022331616269e-10,8.984077153529992e-8,-5.083989738737262e-6,-3.2059193441277063e-6,3.157987945252505e-11,2.0571988000767536e-9,-9.572599814021533e-13,-0.01613467270505491,3.791298272793557e-11,-7.44330524264074e-7,7.789041337472666e-9,0.00020635503266840785,1.1146943763739443e-5,-3.1671909921569324e-14,1.0988766381171338e-8,-1.5142952764997978e-6,-1.108005725963739e-10,6.51610897983801e-5,2.7694614795840495e-11,1.0763333323131537e-8,1.8963924889430072e-5,-3.8151548189272135e-10,-0.005452639561126766,-2.6347291635770537e-13,-0.00047918676808552367,-3.669886594283597e-9,6.324229346803922e-8,-0.009463285123595911,-6.112314867043824e-10,1.1140231554570849e-11,4.1017261674538093e-7,-0.0001511286253020754,-6.520524912396876e-11,-0.007681486719870744,9.939781000784079e-6,4.047913833540842e-8,1.4861361194877714e-7,-2.205553154194883e-15,-0.0013408931973470865,-3.366866883175093e-7,2.2509215691680547e-12,-2.496283203752484e-9,1.5007470517541575e-5,0.013525952492346786,-3.075146149711149e-11,9.012215036949127e-7,6.988337261443336e-5,0.00028238981717865403,5.326409885272649e-6,-1.8944114816401255e-8,-2.351872248655496e-9,2.5670086594003958e-6,-1.6165666687689703e-5,-9.297395780226634e-8,-0.00014433734098594884,0.00024218448182970412,-0.00040386411556802854,-1.0820033986117412e-10,1.4448211344813017e-9,-1.627258304991861e-11,1.081701639764907e-12,3.124998167538778e-6,-3.897690075113051e-7,0.0014064989102935091,-1.1147476820103445e-9,0.0010508876327013918,-8.071944722002772e-11,0.0007031393003142592,9.505940566851753e-8,0.00010522845450343687,-0.0005154842764182021,-1.542770966897718e-5,-0.01160494250531909,-3.049881119414535e-6,3.183012739211256e-14,-0.008956343416116765,0.03848098888014907,-1.3531323635982293e-7,2.635155032811897e-10,-1.4376969491456853e-6,-1.745160346339711e-8,4.294660901372389e-13,-2.46820852863445e-7,-4.821119101790135e-7,-2.969273645217285e-6,-3.434606162334269e-9,1.758636790551954e-8,2.6756747644465014e-13,-2.8011200777685906e-12,-6.555984914629728e-8,-1.087898259538041e-11,8.316520331626878e-13,-2.6962862589625013e-5,-0.0010335479421641287,0.01209314556927128,1.864087263690364e-13,-2.948441797949043e-5,1.9500519684593566e-14,-0.019723063114113624,-3.0204472358840587e-10,8.08284467982399e-8,1.1212129994137567e-12,1.1236823800551018e-7,-0.009293949624602832,-0.012145778242756294,-0.006467975844097807,0.07265979719675157,-0.021539078397585072,9.607487616921989e-11,-5.476081960866867e-5,-7.98455326930605e-5,1.8018010295093695e-8,-0.0001573564164090536,-0.00015328610325946994,-2.6391191126194065e-6,4.191275467399093e-13,-8.038305194582698e-8,1.4045823474814278e-10,-1.8902710232566396e-8,-0.0006243968142852428,2.6191860573339544e-10,9.372210930296737e-5,6.299932740498692e-11,-0.001743736822482239,0.02472466052864896,-0.00015525142885576996,-2.2780004194051854e-12,-0.0003610783038423804,1.0914568652041458e-9,7.219924138783325e-13,-0.010020466177192044,2.7516634811711733e-12,8.969127789480056e-10,8.115261986785348e-13,-1.3416548530334576e-7,-0.0016679950312603429,0.002425324831414663,1.1577120731800863e-7,-0.0010957700773724026,5.696108140139688e-9,0.0021668175692636455,8.154023546918069e-11,0.0014965623192541052,5.617687351282542e-6,0.00018531167257467652,-8.016449717832399e-13,8.260323607174357e-13,-1.7007464051914442e-10,3.7179756892337114e-8,2.4752010611120838e-5,-3.472372335233816e-10,-0.0009785020596854313,6.690148694904523e-13,1.1068096197399936e-5,-7.886539579697843e-5,-2.8799449146261666e-5,-2.2641377293209085e-10,-0.007651612758961646,6.3507341987811945e-12,-3.843789807366326e-8,8.480186730881867e-14,0.003712790855191887,-0.013760947061097558,0.0019693286217640285,-5.68449239244425e-13,-0.0012273609755636642,-0.00017307938199684613,-0.0010634765090657239,-9.973758543605545e-5,1.695614257882948e-13,7.607414039636294e-9,-1.433772356405617e-10,-0.005098336777266451,-0.0017231944422268228,0.04890431434365109,-8.766262187111747e-9,-0.0005548012353920093,1.2069052470419343e-13,-3.968547925148559e-9,6.959060056396141e-9,0.00036486883777175585,-8.589167775787687e-11,1.3389671223843185e-9,-0.0002188962446459748,0.0003180642407961521,-5.559746507190963e-9,-4.331050246360293e-8,-2.885532994509926e-7,7.404951910807976e-6,-1.1553475572589947e-10,-2.846940781220129e-11,-0.009598691510451896,-0.00011512301822016492,2.879334889888529e-12,-8.215230446214724e-7,-0.00038091577462603764,-5.889702691571578e-7,7.315662715973941e-9,-2.951229035244741e-7,7.338673294555983e-11,3.825906231997318e-9,1.318473026695857e-9,-2.250615240170489e-9,0.007332630617226371,2.902324802685296e-8,-2.1795856414680956e-6,-5.6637649214814694e-12,-6.094114647565808e-13,-4.015488656519737e-7,0.0022300955100711347,-3.169376374223121e-13,-3.096472429399708e-11,2.3060923759221937e-11,-2.2892375777805313e-10,1.6588234796218073e-9,-0.0019489365262390348,-1.6606484935319222e-5,4.8209541204199216e-11,2.628537428803199e-6,8.756034673289508e-13,5.458417577139671e-12,-1.661991178577813e-11,-6.31500433551699e-11,-9.38346934520208e-7,-2.337677797493234e-13,2.3787217227007724e-11,-7.153119021087422e-7,0.009810356628233917,9.027178434872915e-7,1.1408595168751977e-7,-1.3405640927211893e-11,-2.476367280213322e-9,-7.124076331650929e-11,-2.271997447811014e-7,2.9262360327764913e-12,-6.98080338869485e-5,-7.816416932024415e-5,4.621125829745659e-11,1.2669136388012128e-7,8.491052823141974e-11,5.815005905326553e-13,4.792852703707265e-11,0.0019279021157464036,-4.35772774079123e-10,8.814109574631786e-9,-1.0055428425188956e-8,-2.1174834476934185e-12,7.344680608835161e-12,6.045615325313943e-11,3.7599624518167676e-12,1.9036459538483593e-7,-0.0009808451163109328,2.7288483285786166e-13,3.558519551292535e-5,0.0010469005255997023,1.9528206244607975e-12,0.030508866940158526,-4.739248093316471e-7,-1.824356313282461e-10,2.8965114236314983e-9,0.007124782425265913,1.3413278525255685e-5,2.999982352395448e-8,8.799970142840414e-12,-0.0030609115983149865,0.00014174474459488587,1.2230806299623415e-12,0.0001157126512734355,1.2554513761381152e-9,-2.6422393747686957e-6,6.210740252587247e-8,-2.8945484193532753e-7,-1.8385099849868717e-9,8.490466263345388e-11,-4.808906504951713e-10,-3.571898264085678e-5,1.2306214236693225e-6,-1.715966550192623e-10,1.4673277916180984e-10,-4.0862911988836496e-11,0.0021764040174629376,-8.103526258007607e-6,1.5741553038738521e-13,3.2735000970379932e-12,-6.265390188095438e-9,-3.2990285948144783e-13,1.0410367780707208e-10,1.8623881749062556e-8,1.0315880489444735e-8,-4.1707961142892375e-9,3.179867458288784e-9,0.00019062309353177383,2.2549477758193057e-8,-4.3035783283611787e-13,0.009234296003598997,1.583437010061907e-8,7.099221087149121e-8,-8.85603185355323e-6,4.445284314648608e-6,3.6135610350211267e-12,-2.4024289637652003e-13,0.016917815169188173,0.0012228347566435567,0.0010010785857911995,-1.4787817765957315e-8,-8.354521107767253e-12,-1.1921582107041433e-10,-1.4484344981821717e-5,1.211045520233519e-6,-0.004716667010536383,-5.187583867954159e-6,-4.438103837666904e-5,-1.566989332728726e-11,-0.004788643338781248,1.5248402272799308e-9,-8.505106254167417e-8,-2.4667846673178154e-7,-2.2125925731948386e-5,-7.605034536068451e-10,-8.183426479203595e-11,7.4536506127019e-10,-0.0024462308173930384,5.020783978390561e-14,-0.000200926634074094,1.876193061278664e-11,-8.316459166875862e-5,-7.40028489202605e-12,1.998525131776374e-13,6.5817305071387735e-6,5.6325732068475736e-8,3.4699467049693712e-6,4.449756795835357e-7,9.993518993737647e-7,1.3752887309310147e-8,5.736876845144687e-13,0.0024792971426414534,-0.0021895993593454618,-3.451318171614883e-9,-3.576882038329271e-7,0.0003108849996214667,-4.898795198991795e-8,5.6000875674454544e-5,2.0094347345369413e-9,5.822791320957139e-8,3.890628015386736e-12,5.884138200885716e-8,-0.00030636001700320894,-2.9441664170128764e-13,2.801146729398055e-5,0.010977798175070488,-4.6875297866605257e-7,1.9544005559907515e-12,1.8724238707808816e-11,0.0005554792635783151,7.046119190938818e-5,-3.492849858170172e-10,3.3460698122093685e-13,1.508512799957677e-11,-4.0765434051880983e-10,1.0542974132578011e-8,5.0161395299011416e-5,1.574105713411675e-7,-0.0006160409972466986,-2.636024416204001e-13,-7.359865015981054e-8,6.762357043046346e-10,-9.030754994984512e-9,-0.0006649784964211276,-1.0833117747050332e-6,4.244153535858995e-11,-2.4470315928573253e-9,1.1750475037148696e-6,9.728216361136879e-7,-4.0991860592534165e-11,0.0016247017825206111,-1.911490119898677e-6,-2.8341369063975656e-12,-6.911230021348451e-9,8.709622439658642e-9,-1.355830925455637e-9,6.8446622647472835e-12,9.44184380026081e-6,9.95799544901482e-9,-0.00321123885502959,-0.0006380289624865119,5.058783616896304e-6,0.0016923554477639112,-7.055742684424454e-10,1.8279917623720863e-12,2.3603265571227547e-13,-3.2304807148228884e-5,4.2273552115087625e-7,3.2911247037571826e-5,0.0029151004339851233,-1.4695833427347254e-11,-3.3208264897280973e-7,-6.744584878348956e-13,-1.896459218719808e-9,6.554069998702552e-10,3.63547457214628e-11,-0.00010574468835543878,1.0897697066066016e-10,4.566088604297221e-6,-1.7794453126851012e-5,2.4203355834282187e-5,3.9446768738833113e-13,0.0009444202353681085,-4.074990152199347e-9,2.3216138810126258e-5,-0.007414688015791748,-0.007575200441277396,-1.4917590988179265e-8,-3.452479816297455e-8,-6.11040747549089e-13,6.35320000259169e-13,3.6679280265367446e-13,-1.2767827159376271e-5,-4.427893034028269e-12,-4.621174798712682e-7,3.7800826577582575e-5,-1.3386432707545994e-5,-0.0029030159038607468,-5.515783550347631e-7,7.901026349756515e-6,5.182270445298062e-13,-8.693477006492759e-7,2.318160593094298e-6,-1.4781647132569983e-7,0.000670382455370136,-0.0026368375931983806,-0.0006841736388397431,6.726965476097463e-13,-1.6332373214493377e-5,9.86747755390696e-10,-4.741551112923311e-7,0.008074077323153968,-4.7319121981274905e-9,-6.010000296187567e-11,-1.846338285350987e-7,4.1849895607856864e-12,-8.997102421196071e-7,-0.00021348261241450341,-1.4462583136443481e-10,-5.057264264048892e-8,-2.087637281631358e-9,0.00010129256905025769,-5.1317951421678886e-8,0.07489898156225826,-6.655498901656845e-12,9.214316559241237e-9,-2.7047607579476268e-6,-3.9080068316895495e-10,0.0019003003841187218,7.236902638231143e-11,-0.0006468892484332871,6.243062455261527e-5,-0.0055901481157137264,1.5603083878038025e-11,-2.180349203956626e-9,9.820352054627397e-9,-1.1835173968927176e-8,-0.003099676290420673,-3.515872475964426e-10,7.465545144343732e-12,8.883832955550812e-7,4.402313831345313e-5,9.190405710583893e-12,-6.35815683299729e-8,2.321289093200067e-8,1.2407798146644916e-5,4.739487301934541e-6,6.878437686511625e-12,5.739055983394507e-13,-4.171276987987808e-5,1.4543928056935e-6,-2.4140521303880492e-8,8.7735012030066e-11,7.443780960961782e-8,-0.00010542970179438085,6.885904354216793e-8,1.0109827875997157e-10,4.4539432861638285e-10,0.009360094715794368,0.00014894649963278426,3.243443517695301e-6,-3.3421937647350094e-5,-3.413661207664181e-6,-5.4545175446019805e-6,1.0864980486685453e-11,2.1372340941732155e-12,-0.0002193037302164336,-1.127418030751582e-6,1.6973554118525115e-13
0.0,0.0,0.0,0.0,0.0,0.0,0.0,0.0,0.0,0.0,0.0,0.0,0.0,0.0,0.0,0.0,0.0,0.0,0.0,0.0,0.0,0.0,0.0,0.0,0.0,0.0,0.0,0.0,0.0,0.0,0.0,0.0,0.0,0.0,0.0,0.0,0.0,0.0,0.0,0.0,0.0,0.0,0.0,0.0,0.0,0.0,0.0,0.0,0.0,0.0,0.0,0.0,0.0,0.0,0.0,0.0,0.0,0.0,0.0,0.0,0.0,0.0,0.0,0.0,0.0,0.0,0.0,0.0,0.0,0.0,0.0,0.0,0.0,0.0,0.0,0.0,0.0,0.0,0.0,0.0,0.0,0.0,0.0,0.0,0.0,0.0,0.0,0.0,0.0,0.0,0.0,0.0,0.0,0.0,0.0,0.0,0.0,0.0,0.0,0.0,0.0,0.0,0.0,0.0,0.0,0.0,0.0,0.0,0.0,0.0,0.0,0.0,0.0,0.0,0.0,0.0,0.0,0.0,0.0,0.0,0.0,0.0,0.0,0.0,0.0,0.0,0.0,0.0,0.0,0.0,0.0,0.0,0.0,0.0,0.0,0.0,0.0,0.0,0.0,0.0,0.0,0.0,0.0,0.0,0.0,0.0,0.0,0.0,0.0,0.0,0.0,0.0,0.0,0.0,0.0,0.0,0.0,0.0,0.0,0.0,0.0,0.0,0.0,0.0,0.0,0.0,0.0,0.0,0.0,0.0,0.0,0.0,0.0,0.0,0.0,0.0,0.0,0.0,0.0,0.0,0.0,0.0,0.0,0.0,0.0,0.0,0.0,0.0,0.0,0.0,0.0,0.0,0.0,0.0,0.0,0.0,0.0,0.0,0.0,0.0,0.0,0.0,0.0,0.0,0.0,0.0,0.0,0.0,0.0,0.0,0.0,0.0,0.0,0.0,0.0,0.0,0.0,0.0,0.0,0.0,0.0,0.0,0.0,0.0,0.0,0.0,0.0,0.0,0.0,0.0,0.0,0.0,0.0,0.0,0.0,0.0,0.0,0.0,0.0,0.0,0.0,0.0,0.0,0.0,0.0,0.0,0.0,0.0,0.0,0.0,0.0,0.0,0.0,0.0,0.0,0.0,0.0,0.0,0.0,0.0,0.0,0.0,0.0,0.0,0.0,0.0,0.0,0.0,0.0,0.0,0.0,0.0,0.0,0.0,0.0,0.0,0.0,0.0,0.0,0.0,0.0,0.0,0.0,0.0,0.0,0.0,0.0,0.0,0.0,0.0,0.0,0.0,0.0,0.0,0.0,0.0,0.0,0.0,0.0,0.0,0.10455185940204527,-0.00137780058518316,-5.6236553943531496e-8,8.009599478150314e-13,-1.094855007662165e-6,-1.0765246903299653e-6,-0.0001727689671724945,1.2025973931257093e-7,-1.4566833411046406e-10,-1.1767434618503157e-9,-0.0002824108931698474,1.9988507445391726e-5,-0.00654793505177062,4.5127363992400935e-13,0.0019003117402458633,1.1441163276073134e-10,-4.2487099369915005e-6,-2.076130186156466e-11,-2.2403905629427393e-10,-0.004859047808949276,2.041500873599315e-6,-3.675787047130523e-8,5.3772380924469145e-6,1.1092571484030728e-10,-0.0004261454663319277,-6.140642790918825e-8,1.0489858814134841e-9,-0.0002614276828890047,-3.804913128463228e-12,-0.013200199582799613,9.135357305568991e-13,-9.77427047756587e-6,1.726678016316143e-7,4.948551464897741e-13,-5.5393255780424804e-5,0.0022690110562084125,4.2652168121096255e-8,1.5829210768616576e-11,0.0001559967166393153,-3.315644014197255e-12,1.1908388266567116e-10,1.0870117413059048e-7,-3.468900737075291e-9,-0.007950777199513401,6.085230711570172e-12,-4.483264575255005e-9,0.003931366376943734,3.0836215681343766e-6,-2.4899170688222005e-10,1.590996735307475e-13,-1.0393972548659958e-5,-2.3297303783260718e-8,7.96259214248399e-11,-4.709424741083746e-12,9.192299361028525e-9,-1.7277610857481475e-8,-2.8364918795867094e-6,4.026104820687091e-9,-2.814400018261461e-10,2.898199377169155e-7,3.473250440253873e-12,-5.918753335782349e-11,2.784161652962902e-11,-5.217714481564084e-5,2.1589941859539203e-5,0.00032824887536296913,0.0012629320805584024,9.720838453542871e-10,-2.5643658524946758e-8,1.7422699211838937e-12,-4.798294885718423e-7,-9.042284557398814e-13,-8.502639111001889e-5,5.711464628383311e-12,1.5880004350336785e-7,-2.5925457016445616e-11,-1.2705562264503498e-11,-5.802764872762496e-10,7.583813366553697e-13,8.695826265684548e-10,-0.0031822239306241026,1.9620368112929945e-13,-8.290649400213981e-13,-3.274617364543884e-8,9.135880854351571e-5,-5.562761690285875e-9,-5.469701091125996e-7,-0.015532731446573687,-6.131187064226067e-8,1.3288300122449129e-8,2.380911609478525e-9,-8.783945502684772e-7,9.272498319353694e-7,0.005340894759705764,-0.0006854889791702505,2.959442926715657e-9,-0.002471260513486126,0.08219642721370361,4.678106338771611e-10,3.065168488895869e-11,2.9424009127011007e-13,3.369094713401924e-5,-2.680740142803718e-10,0.025791628900121034,1.267096097696103e-13,-0.00018072289410801172,8.195309900971256e-8,-0.001325382178647198,2.093066129246637e-7,-1.996164713929628e-13,-1.2388885683885869e-12,1.6993678509065776e-13,-3.983012320830943e-13,5.115762788882019e-13,9.5358902759624e-6,-3.5323880280553793e-10,-6.251319612729373e-10,1.7758321731378344e-7,-1.1306707841476777e-10,-3.9098530340072733e-11,9.799856768808242e-10,-0.00536226467604911,2.541155650117015e-10,-4.569091572398804e-7,-1.6602272240298286e-7,-6.5787400636871414e-12,-2.5998059464831968e-5,-1.6176978578312956e-11,0.0016267845468890018,-2.44149407780721e-14,1.67313600527964e-12,5.583528561082927e-11,-0.003228724148403746,-6.318767960518144e-11,2.671885594747858e-6,-0.008681359989337617,-1.3330502193637995e-12,-0.0012671978928651096,-3.6774073861272295e-6,0.002657971881973651,9.519052082522952e-10,2.8811033612473612e-12,6.791234840389985e-12,1.1461417285252724e-8,-7.167471050378423e-13,8.994895990703125e-7,1.7729053345571474e-13,3.6285739166785406e-5,-4.918623898984632e-12,1.7514232950938317e-10,-2.454757339895317e-11,0.015277521409646638,0.038909553308214634,-0.00013735244660159588,-5.1037521058471736e-8,1.8954543628858373e-10,-3.3289237299101734e-5,-7.76899971987455e-14,0.0060529222687348665,-7.983479866531532e-10,6.127683648445314e-11,-4.3343465888486114e-11,-0.00014490395537969188,-2.050339272066268e-13,-0.0011027577392235548,1.4228716798102266e-7,0.00046427557231229504,-3.3828868775567617e-12,-3.5485467511389785e-13,5.519350959332919e-12,0.0038698704816232613,-5.4703781695942e-13,1.7468620206957655e-12,-2.3294036570218286e-12,4.3651553688798095e-11,-0.008941730603297702,2.9810310658285315e-6,-2.0575274302028064e-5,-4.562637399711297e-12,1.3927286357547469e-11,2.360655928296588e-13,-8.855006437088174e-7,-3.3676321984870676e-12,0.003409437774995715,6.909696725421033e-7,1.1298197913705777e-9,1.1545723225205093e-11,-5.139063172015352e-5,1.915090577589364e-5,2.6118881058110617e-11,9.47592503064001e-12,-8.43661810608632e-8,-3.6343900787777127e-7,7.988946122311404e-8,7.035040234857662e-9,-7.348986697251404e-5,-0.00017435135230718367,6.526347509074273e-13,2.7888240125060108e-11,-0.0005085388395291048,-2.8408325068025294e-9,-3.647930438477983e-11,9.395592509812641e-9,1.8803361945719182e-6,-1.0680797068095758e-8,-7.87711335961141e-5,8.565892600319099e-7,2.2805802370694208e-5,-1.9796399862357543e-6,1.9879128094480487e-13,4.7200509309204314e-7,-8.871053212914281e-10,5.928177336884455e-5,-0.008016161191452128,-6.150790576614712e-8,-3.9844588540030257e-13,0.015389950090320938,-0.0007410287218229884,0.00031215744915486616,-4.421086935682235e-5,-2.2717522279025894e-6,-7.07520959226171e-12,-5.2529382656923995e-11,5.740683322091511e-6,8.508727210479048e-9,7.788107463296819e-6,0.0005542554579700269,-0.00024827818032078673,-1.1433631615339419e-5,-5.522508007830491e-8,0.000712267550091172,0.000829272976749184,-9.276290411855076e-10,-7.7298760934457e-13,-8.354598109524297e-10,1.0767535862085536e-7,-0.00010665553719322986,-4.138428358516466e-6,-0.0005710244949410956,-3.0711643811608835e-9,0.004916788778980006,2.4807325990883503e-10,-2.0299444308911165e-10,0.000992004831456639,3.662970981166358e-8,0.0003018821739710921,0.0001117984320382807,-1.5257608783772862e-5,-8.602575848514062e-14,-6.709450415459065e-5,1.546674252546371e-8,-2.8115429964102163e-8,-0.0032226410337049967,-0.0013071115511135612,-1.5433964165241467e-5,0.0023786207596564087,2.155208476558025e-8,-6.356729420460854e-12,0.029619270768886447,1.954009216614592e-11,7.886038034126947e-12,0.0012423187872623173,2.27158471995979e-12,4.523174340832256e-8,1.2633225218387747e-7,4.667700731726904e-6,2.756880158083787e-13,3.327795751392526e-10,-5.375580449719629e-7,0.001293521461608352,-1.4967905295651644e-12,5.0520787705179785e-12,0.0021375484766615375,2.7882937663908282e-11,6.888661823366578e-6,-2.5100904181656937e-9,-7.768247131619461e-8,-2.8893715444901682e-8,-4.24855922526242e-6,0.0002912529786328493,-1.1764609711445531e-5,-1.2114108305699597e-10,-5.519384124191949e-10,-1.3648304693605855e-5,-5.535393278076484e-5,-0.0003230428275241939,5.093736761077061e-13,-8.811116233208066e-11,-0.004359962989605445,-0.00152069109125762,1.1433811663468334e-8,0.0023878291305412937,0.0001075242235792472,-1.4388686603998035e-6,-2.698296750529859e-7,-1.85995052973721e-6,1.1358515178322444e-6,1.722845756128678e-11,-3.17272951375094e-8,-0.005127837641955025,-1.470284808955925e-13,7.88268302130062e-8,1.1110957837754612e-9,-1.8002036959819907e-10,-9.500230397026457e-11,-0.005859875946766972,0.012921428916502128,-3.7332478574890974e-13,-3.6468962900717234e-13,-1.1506443636333516e-15,-1.2272021021465292e-7,-0.00027163520077924636,-0.0001591794162647603,-5.269712565640176e-10,1.981664761762062e-9,1.1358326739162574e-13,1.3919649779524605e-9,-2.3110625662346575e-11,-9.835225457605362e-6,-2.132823547254888e-13,5.83588599277292e-6,-5.364036497901692e-8,-3.836462682700292e-8,-1.014510686538977e-10,-3.26190155991985e-7,-2.8649214412441577e-5,1.6670561575445844e-6,-1.2834282794553773e-12,-0.011882845358515269,1.9635949873063756e-11,0.0004280575240682058,-7.568936936421618e-11,8.293359414811593e-6,0.005050587035369286,-3.8168173224880056e-11,2.215789545277644e-7,8.300998805676143e-11,-5.07120671863306e-10,1.7720188302008313e-8,-2.605600103367304e-9,0.00019133215019571224,2.762464695637798e-12,2.4430287891145657e-12,-2.818845570872842e-6,5.676880331017433e-10,-8.01294699610244e-12,-5.697898974898549e-9,7.660713987595681e-11,2.7051847803473305e-5,3.431517447498471e-9,0.0010855890008215196,5.503778670323736e-8,-2.9224160174865077e-13,-0.008327890240170385,-1.3169820126322221e-11,1.503494131265062e-13,-2.978243643022013e-8,-0.005336415084042216,-0.0003920352752406396,-2.49303011111122e-12,1.612093683095855e-11,1.0027798159324441e-5,-0.0023585165651767506,0.0016398763325416253,-7.670604877881736e-6,-6.469927432166654e-7,9.450792327380598e-12,4.104773604934663e-8,-2.3408339486922195e-12,0.0010887534097696824,-1.3207960187211277e-8,-1.622340199904558e-5,2.633832271554627e-7,-7.374477187282722e-12,-1.7677276573261277e-9,0.00019018577094455304,1.6988882450450705e-8,1.6196402600060807e-9,5.647041972891423e-9,-7.764220635904381e-5,-1.8564979687708312e-12,4.4235548776328647e-11,-1.597185391896209e-5,-1.3543542973025096e-6,8.930040414244188e-10,6.828630678077845e-8,0.001309863832105622,-4.078277543419576e-10,2.68914678749295e-7,1.9285806779190775e-13,-5.655526581137716e-12,6.264559810136283e-10,-4.330581448702516e-12,-6.660040007108059e-7,-0.00034563884309239,-0.010811022905611528,-2.3390800316734917e-10,-2.5944945991705736e-9,-4.5209907632720276e-11,-3.5278623231802103e-13,0.0001303409988827768,2.7287332839040382e-8,-0.016048166747238125,-1.012772296296885e-5,2.9127929997047207e-5,0.0012707863002634323,-3.024212107312111e-11,2.2004569226544953e-5,-4.297558106244699e-11,-2.0545255849030743e-9,2.6788875992693933e-11,0.006925636049205672,8.573754824437008e-12,-1.1244915071337984e-7,6.502848636148757e-10,-5.4700215720320496e-12,-1.896773490448182e-12,-1.875082937527578e-7,2.111858542796098e-7,0.009042254916838953,0.07606470291695668,-0.005736718553463808,-6.122944519289665e-10,-0.00012539039942399688,-1.551159970765571e-10,-4.55736229746796e-12,1.1136712825818466e-10,-7.313497419564067e-13,-1.660039348835396e-8,1.9834880383412263e-11,0.06193040860546907,8.392029144667677e-11,-2.9218978985005257e-10,-1.300237916546661e-8,-6.647985319097034e-13,1.2038585552930096e-12,-1.5263174121025177e-12,0.001841455041469445,-5.415915661365972e-10,1.420865592196298e-5,-3.725524005605856e-8,4.189038733883719e-13,9.4378986826677e-7,-2.1337781992985058e-5,-2.2121326639444825e-9,-0.0018031044946318926,-3.0467786707005895e-9,2.092779644620995e-11,-2.762051860169763e-5,8.836650911772954e-8,-6.13105650305908e-7,2.793780069116593e-10,3.621486150445959e-7,9.936087405002153e-13,5.646421867661186e-5,1.9709827691686425e-7,1.5809323952266209e-9,-1.962401371532697e-5,-1.1941535580077048e-12,0.00045758148557025185,1.7047159364616225e-12,-2.0757006532205523e-11,1.9213297665884462e-13,-6.053035471396335e-5,-3.5694655015690825e-6,-6.880457252590976e-7,2.0348550328713514e-7,-9.707839406622055e-13,-0.00013869668036267663,0.0009638292044303333,1.7938326286433945e-8,-6.355686176086468e-11,0.00038966453014242124,1.524397107706445e-7,-2.5978774520905855e-8,2.5662371591979826e-10,-3.344581072382533e-10,0.0006927135245817286,-0.0010734880367077415,5.972444030301388e-12,1.2426380263628282e-9,6.640578379471659e-10,8.333010478993952e-5,1.7234269673774026e-8,1.1260406630487178e-11,1.3963055749876002e-7,4.707539301896213e-6,6.692143019627675e-6,3.340499410828783e-12,4.147869021079241e-12,4.1413231528253147e-10,2.0640085913039576e-10,3.9284921649364154e-10,4.437848077960317e-10,0.0016554052173196206,-0.00021363301596640611,2.2410569286924072e-13,-1.623574605308285e-8,0.0004555129669370583
0.0,0.0,0.0,0.0,0.0,0.0,0.0,0.0,0.0,0.0,0.0,0.0,0.0,0.0,0.0,0.0,0.0,0.0,0.0,0.0,0.0,0.0,0.0,0.0,0.0,0.0,0.0,0.0,0.0,0.0,0.0,0.0,0.0,0.0,0.0,0.0,0.0,0.0,0.0,0.0,0.0,0.0,0.0,0.0,0.0,0.0,0.0,0.0,0.0,0.0,0.0,0.0,0.0,0.0,0.0,0.0,0.0,0.0,0.0,0.0,0.0,0.0,0.0,0.0,0.0,0.0,0.0,0.0,0.0,0.0,0.0,0.0,0.0,0.0,0.0,0.0,0.0,0.0,0.0,0.0,0.0,0.0,0.0,0.0,0.0,0.0,0.0,0.0,0.0,0.0,0.0,0.0,0.0,0.0,0.0,0.0,0.0,0.0,0.0,0.0,0.0,0.0,0.0,0.0,0.0,0.0,0.0,0.0,0.0,0.0,0.0,0.0,0.0,0.0,0.0,0.0,0.0,0.0,0.0,0.0,0.0,0.0,0.0,0.0,0.0,0.0,0.0,0.0,0.0,0.0,0.0,0.0,0.0,0.0,0.0,0.0,0.0,0.0,0.0,0.0,0.0,0.0,0.0,0.0,0.0,0.0,0.0,0.0,0.0,0.0,0.0,0.0,0.0,0.0,0.0,0.0,0.0,0.0,0.0,0.0,0.0,0.0,0.0,0.0,0.0,0.0,0.0,0.0,0.0,0.0,0.0,0.0,0.0,0.0,0.0,0.0,0.0,0.0,0.0,0.0,0.0,0.0,0.0,0.0,0.0,0.0,0.0,0.0,0.0,0.0,0.0,0.0,0.0,0.0,0.0,0.0,0.0,0.0,0.0,0.0,0.0,0.0,0.0,0.0,0.0,0.0,0.0,0.0,0.0,0.0,0.0,0.0,0.0,0.0,0.0,0.0,0.0,0.0,0.0,0.0,0.0,0.0,0.0,0.0,0.0,0.0,0.0,0.0,0.0,0.0,0.0,0.0,0.0,0.0,0.0,0.0,0.0,0.0,0.0,0.0,0.0,0.0,0.0,0.0,0.0,0.0,0.0,0.0,0.0,0.0,0.0,0.0,0.0,0.0,0.0,0.0,0.0,0.0,0.0,0.0,0.0,0.0,0.0,0.0,0.0,0.0,0.0,0.0,0.0,0.0,0.0,0.0,0.0,0.0,0.0,0.0,0.0,0.0,0.0,0.0,0.0,0.0,0.0,0.0,0.0,0.0,0.0,0.0,0.0,0.0,0.0,0.0,0.0,0.0,0.0,0.0,0.0,0.0,0.0,0.0,0.0,0.1037379156355751,-4.3076364839575727e-7,4.686014579904697e-12,5.292992721000996e-6,-3.4718424867602765e-5,-0.0009787344736938758,3.495970743839107e-7,4.257321377845033e-9,1.4410719443253523e-9,-0.002622108973444423,1.5346844752266753e-5,0.00645251945376239,6.940634829505034e-12,0.01539918364494523,4.983226744059804e-8,-3.3953611020330407e-5,-8.581603514629682e-10,-3.93355108581985e-9,-0.0023543415638360428,2.362226892745616e-5,-5.334923519371492e-7,-0.0002384406555938542,4.850752228150606e-10,0.006603333687331738,1.4595051953966708e-5,3.3443916294823e-9,-0.0002167006504749819,-6.145008306954133e-11,-7.990348625755414e-5,3.5435735960383827e-10,1.1057192034389385e-5,3.2758127668926393e-6,5.919662574084685e-12,0.0005266799732700778,0.023803236564133367,-6.20026141768821e-7,4.893090300219844e-10,-0.0005855284203631893,-2.7856386309563467e-11,-7.950230967943726e-9,1.0192328778663305e-6,-2.384007566110211e-8,0.017200754748855934,3.082879490507226e-10,-1.2714145119021529e-7,-0.004603982891714291,-0.000101278166241657,-1.6402864113590756e-8,1.5818280515258063e-11,8.734921952438992e-6,-6.722505691782349e-8,1.9894556057581884e-9,1.456156930976412e-11,1.5076129720459184e-7,1.1808087939897007e-5,-1.6589709536764422e-5,-1.7015529181384208e-8,-1.5987167942051584e-9,-6.582098041790967e-6,4.882178132607933e-11,-7.152531329226799e-10,3.2651490227574173e-10,-0.0006582780332223185,0.00013027405271870098,0.00023217305613430693,0.030337314103786973,2.5413944112965105e-8,-3.971523768871912e-7,2.4525430424709326e-11,-4.865395315805829e-7,-2.0270218504000767e-11,-0.00038883012805596205,1.6750472199718442e-10,5.972382385739627e-7,2.3138192730895664e-9,-4.0374417633680574e-10,-8.239596266355903e-9,9.97912536072277e-12,-4.583766957307349e-9,-0.001221452731704896,5.298699110537067e-12,-1.0511961848580037e-11,-1.1276175005845715e-6,0.000349196892293579,7.009247918550083e-8,4.8703743772861156e-6,0.016643068802295144,-5.95803647214889e-7,2.034935046484209e-7,4.5541408458762284e-8,-4.64088031059651e-5,9.076552896000167e-6,0.0012103522697882948,-0.008425673952890777,2.4569267270673494e-7,-0.0070460668430477455,2.2458879185324644e-5,8.768087101344884e-9,4.123869681336115e-10,2.9750240505533825e-12,0.001414691157386632,-3.0406324569109567e-9,-0.0028048550249633324,5.790342620285644e-12,-0.0016183713263398195,3.3065244811126543e-6,0.004342954659333693,3.848263538803499e-6,-2.7491913586287385e-12,-9.93645867850858e-12,3.6255163359956835e-13,-4.3517544498830465e-12,7.480723208370073e-12,0.0017313890947135784,-3.6313772671654423e-9,-9.194994749351047e-9,2.2771576163785597e-6,-9.444648856792867e-10,-3.998052809447541e-10,2.718892972638636e-8,0.00039003075094371756,2.4844444039068597e-8,1.384452785025183e-5,-5.9255973602260505e-6,-7.858822284884666e-11,-3.1401597614143996e-5,-2.016879861803889e-9,0.011555248432998393,-2.1960687513294614e-12,2.240999541223304e-11,-6.147989363856123e-11,0.0015113444983876959,-8.860141633104095e-10,0.0001679403732813023,-0.0017700440269633462,-7.38937365193832e-12,-0.009207582332151536,-2.093511098348572e-6,0.026459207652454898,1.6147641472114346e-9,1.1543323048228682e-10,1.4021318448133185e-10,-1.001831361727963e-7,-1.020846031610335e-11,6.90708817125589e-6,5.329578292524478e-12,0.0006003568647593639,-7.502251683821463e-11,2.953359878734995e-9,-9.644635049857866e-10,-0.008012137199949568,-0.00034013387927353425,-9.576890387709442e-5,8.746500199762765e-6,-7.519050195409648e-9,-0.00012897662808213043,-3.785739176425501e-11,0.0046326297648393334,-2.8664972242704266e-9,7.016432174926528e-10,-1.0910222120912645e-9,-0.0014728260950207547,-5.028105334843769e-12,0.08469746727807079,-5.702964023543943e-6,0.004310074878914141,-3.448850715916856e-11,-4.6663954166600534e-12,6.62833162022408e-11,-0.01631960635051492,-1.29722859293113e-11,4.280914146893192e-11,8.046040037983569e-12,2.7892076098112237e-10,0.016620863282058564,-3.650204381251243e-6,-0.000952550294712025,-7.199298053831093e-11,2.6817814421134197e-10,3.4355971184477836e-12,-8.906996346358806e-6,2.3948946238957953e-11,0.00045316490874603305,-2.4231663287847826e-5,-5.211225220323366e-7,2.495165994898133e-10,-0.002186229327300251,2.5453472299793247e-5,-5.509210394755247e-11,1.7740007235001084e-10,-2.322919154733272e-6,-4.807095240722789e-6,-3.5796204044434557e-9,8.224465096482106e-8,-0.002106875767666348,-0.007468601110290487,8.745335383305601e-12,3.9568315136618566e-10,-0.0007576123265297803,-5.383395814234077e-7,-4.4152348752034137e-10,1.743123501390198e-8,4.978963422817032e-5,8.445972183977595e-9,0.0009738843681479079,6.444253027407597e-5,0.00016241582059460023,-2.361881101882314e-5,4.636074503310781e-12,8.223098001077974e-6,1.6733861265637594e-8,-0.003690189007476976,-0.0018482231620267256,-8.55335946595531e-7,-1.1310494875673887e-11,-0.0034464199795294155,-0.0032495509562765895,0.009565473864715884,-0.0004225305987402212,5.7623231597475884e-6,-7.331667844302037e-11,-1.2939135797233198e-9,7.344486162146466e-5,-4.59664054786733e-8,0.00041721161755069414,0.019343505921169422,-0.02945337624555527,-0.00022881951067945207,-4.876013560582247e-7,-0.0003430883073096735,0.007149446675963648,-2.133005550634739e-8,-2.4073876969337393e-11,-3.4295687134896887e-8,-1.7436313428871086e-7,0.0014797494424648768,-1.4245961391306654e-5,-0.004704327596648931,-1.777243865200308e-7,-0.006406246253524083,3.20780674859108e-9,-6.049607382588723e-10,0.0014657930448512605,9.188739189856469e-7,0.0029746657323740746,0.02012071920435772,0.0009958265537070255,-3.408955425323851e-12,9.635152752145355e-5,-6.413431562617457e-8,-2.2817102059175117e-7,0.0045196833707467935,0.05635330189548885,2.03207830183435e-7,0.031224355118491857,1.5707248486297286e-7,-9.117866728157086e-11,-0.00022659892573495107,2.1347401914585636e-10,9.860776321382465e-11,-0.0027354819270196725,2.1125455076063085e-11,-3.349029948964274e-7,-4.8511022458518433e-5,-2.8678144476504045e-5,2.3149167248316515e-12,4.4451254250061e-9,2.276983391273264e-5,0.05085430939439268,-1.805445653333942e-11,-1.2831014846870584e-10,0.05254225285349336,4.3426433734419773e-10,-5.0615690104236976e-5,-2.3794542945453724e-8,2.479152898269993e-7,-8.591226163987374e-7,-6.952150627830209e-5,-0.0009676584380596475,2.1630868949000558e-5,-1.156096297539268e-9,-1.590942952191004e-8,0.0001945564617206366,0.00018144645802477147,-0.0012064395853975353,6.8276977978863496e-12,-1.4504483345537863e-9,0.003290082782877938,0.030766201456987562,-6.406025626662363e-6,-0.0008225889924377943,0.0019799735640386373,-1.964830537262539e-5,-5.5509056326686755e-6,-8.538143649693488e-5,-1.5735982606120796e-5,1.5549241434968534e-10,-1.2492544651478548e-6,0.0004082928546001147,-4.046917842041058e-13,5.622529761660087e-6,1.1435240694167221e-7,5.763399966896628e-9,-1.6016061030477687e-8,0.027417821181559388,-0.0018592831854512964,-5.8695741200499335e-12,-1.0360644116576808e-12,-8.398028318458234e-13,8.164129226068311e-6,-0.0032345917857242736,-0.0012448159170421716,-2.8072680208863954e-9,2.457986433105233e-8,-6.303526854116004e-13,2.287881098036008e-8,1.7553255985880585e-9,-0.000627141361608171,-1.7151336886102463e-12,-8.692137671658793e-6,-1.0434635963057803e-6,8.659975859490356e-8,-4.52090092552712e-10,-3.601742225621275e-5,-0.00030222613616168404,-2.3924044675272382e-5,-1.099612982517612e-11,0.002377704122222534,1.010052364986931e-10,0.003317117166319481,-1.019020417299514e-9,-0.003005716819386426,0.0007360787114475606,-2.834224592965378e-10,3.8206385686104105e-6,-1.7518164613816454e-9,-7.315169185293197e-9,9.358104854585014e-8,-1.6837003965032305e-7,-0.0015945771151570354,9.073203002887825e-12,2.1449820126990787e-10,-3.5446183772375016e-5,2.790033993219758e-9,1.2584637949276667e-11,3.1360842728127754e-7,3.4735474197638053e-10,0.00029366984413122275,1.0274159183257676e-7,0.0006483184709444533,1.6983735067408844e-6,1.4594073329044808e-12,0.008108907136426504,2.4570690723919543e-11,2.2614021013705377e-12,-3.106158577552039e-7,0.011468006561306096,0.004890028691906152,-6.719952003059575e-11,2.4236383474762316e-10,1.3444207098271874e-6,0.03457375406769874,0.010808147547938607,1.7066578863874015e-5,-2.9347477973281424e-6,1.08906155724068e-10,1.374466684246719e-8,7.684384328035935e-11,0.000933004674581738,-1.1319607184507239e-7,-4.341370782752708e-5,-1.9459008229998458e-5,-2.156482504199351e-10,-3.421798647118269e-8,-0.0012141441911134004,-4.532295810646753e-6,2.126598392858113e-8,4.7483190280486977e-8,-0.0014632945460690404,-2.2360301136589688e-11,1.876404306991178e-9,-1.8540015491849877e-5,-1.6189889250247145e-5,-1.7367020064710675e-6,8.279258787011714e-6,0.0010406132178243507,-8.387444530919985e-9,1.2710514115547427e-5,2.3550984563752953e-12,-7.404930324046892e-11,-1.6271775755601147e-8,-6.574924947290309e-11,-2.8238166991624877e-5,0.002961602915289424,0.011341146694677813,-2.4553312286163294e-9,-3.1268359845764705e-8,3.6528284229390805e-10,-6.796217128338925e-12,-0.002508637425015269,-4.758673242778724e-8,0.015920536581989487,1.3530225759667575e-6,6.706825238737225e-5,0.022693047882025842,-6.299776968627577e-10,2.3511428005350612e-5,3.853729153218427e-9,-2.4497889219671533e-8,3.055015890170448e-10,-0.0009075221906207458,1.1532907117295768e-10,-1.8698485693009042e-6,4.05869306758065e-9,-7.099796805798079e-11,-3.672929018599442e-11,5.0020585570423096e-6,-7.893982799708481e-6,-0.005340223417905465,-7.914283348214449e-5,-0.0011192753344726328,-6.0683578181884585e-9,-0.01823974632317129,-4.046307617506642e-8,-3.533459405731523e-10,-6.494972305840312e-10,-5.431925888412854e-12,-2.224715513167143e-7,1.849593222581787e-10,0.00014929167680496016,1.4714286012786557e-8,-8.292766310127091e-10,1.4206957379819137e-7,-2.6145786460045673e-11,3.964686817743589e-11,4.1781967060506467e-11,0.004187163858742205,-1.1487257689265325e-8,0.0003196717245700601,-6.505327413071867e-7,7.08552282844784e-12,1.2993797322774918e-5,0.0001650772735070851,-6.253051859285377e-9,0.03267657122928563,-3.583860182093443e-8,2.4965929169367654e-10,0.0005650389458395578,-4.820502141536362e-6,-1.318412644817994e-5,4.51946551835248e-9,-1.5215073860549115e-6,8.356407883619585e-12,0.00586036900100766,9.496155026594811e-6,1.882412050609231e-8,0.0001467974485846658,1.2390615175049478e-11,0.0018335618163438088,-1.2405619174150509e-11,-2.2988733839184204e-10,3.781583276401852e-12,0.0034173125042567956,3.911808471641835e-6,3.5850589616245033e-6,9.02146175267557e-6,-1.0530604556911898e-11,-0.0011804826540234752,0.00044535698502739813,1.0235567544532351e-8,-7.571163894330841e-10,0.014447193916558939,-9.988194244422452e-6,-3.345094392818653e-6,-3.4802806613414875e-9,-1.391481327151768e-8,-0.0033989500092439355,0.0063444420228337675,3.390027907061362e-10,1.6704347086182952e-8,6.198100469255965e-7,-0.00012309084519953315,3.157872036507298e-7,-1.8187895306768244e-11,3.7945353129058954e-6,3.788374529853924e-5,2.7552319154421933e-6,3.0626771935788457e-11,1.218367690793924e-11,-4.866037424564689e-9,2.8640186808997352e-9,-2.4602892162314547e-9,6.752408447819399e-9,0.011084475031798637,0.007001805618433153,5.983793047352608e-12,-1.6607041393392407e-7,-0.00038334980531213713
0.0,0.0,0.0,0.0,0.0,0.0,0.0,0.0,0.0,0.0,0.0,0.0,0.0,0.0,0.0,0.0,0.0,0.0,0.0,0.0,0.0,0.0,0.0,0.0,0.0,0.0,0.0,0.0,0.0,0.0,0.0,0.0,0.0,0.0,0.0,0.0,0.0,0.0,0.0,0.0,0.0,0.0,0.0,0.0,0.0,0.0,0.0,0.0,0.0,0.0,0.0,0.0,0.0,0.0,0.0,0.0,0.0,0.0,0.0,0.0,0.0,0.0,0.0,0.0,0.0,0.0,0.0,0.0,0.0,0.0,0.0,0.0,0.0,0.0,0.0,0.0,0.0,0.0,0.0,0.0,0.0,0.0,0.0,0.0,0.0,0.0,0.0,0.0,0.0,0.0,0.0,0.0,0.0,0.0,0.0,0.0,0.0,0.0,0.0,0.0,0.0,0.0,0.0,0.0,0.0,0.0,0.0,0.0,0.0,0.0,0.0,0.0,0.0,0.0,0.0,0.0,0.0,0.0,0.0,0.0,0.0,0.0,0.0,0.0,0.0,0.0,0.0,0.0,0.0,0.0,0.0,0.0,0.0,0.0,0.0,0.0,0.0,0.0,0.0,0.0,0.0,0.0,0.0,0.0,0.0,0.0,0.0,0.0,0.0,0.0,0.0,0.0,0.0,0.0,0.0,0.0,0.0,0.0,0.0,0.0,0.0,0.0,0.0,0.0,0.0,0.0,0.0,0.0,0.0,0.0,0.0,0.0,0.0,0.0,0.0,0.0,0.0,0.0,0.0,0.0,0.0,0.0,0.0,0.0,0.0,0.0,0.0,0.0,0.0,0.0,0.0,0.0,0.0,0.0,0.0,0.0,0.0,0.0,0.0,0.0,0.0,0.0,0.0,0.0,0.0,0.0,0.0,0.0,0.0,0.0,0.0,0.0,0.0,0.0,0.0,0.0,0.0,0.0,0.0,0.0,0.0,0.0,0.0,0.0,0.0,0.0,0.0,0.0,0.0,0.0,0.0,0.0,0.0,0.0,0.0,0.0,0.0,0.0,0.0,0.0,0.0,0.0,0.0,0.0,0.0,0.0,0.0,0.0,0.0,0.0,0.0,0.0,0.0,0.0,0.0,0.0,0.0,0.0,0.0,0.0,0.0,0.0,0.0,0.0,0.0,0.0,0.0,0.0,0.0,0.0,0.0,0.0,0.0,0.0,0.0,0.0,0.0,0.0,0.0,0.0,0.0,0.0,0.0,0.0,0.0,0.0,0.0,0.0,0.0,0.0,0.0,0.0,0.0,0.0,0.0,0.0,0.0,0.0,0.0,0.0,0.0,0.0,0.10349452541388023,-2.5577676856381892e-6,0.002192608886506943,-0.00029702064316596645,-1.6251645576966588e-6,0.005133077783378798,-0.0011472943740416615,0.005538019801557117,1.3748568803178902e-6,-4.087377388323127e-5,1.1589477149959116e-7,-9.203812847089986e-8,-6.747094137647495e-7,-0.01065722400007208,0.0020698781600687875,3.0010875628139802e-5,-0.0009098647176767824,7.966663625284603e-9,0.0009710128290389566,-0.0014859410126253363,-3.516728702652743e-5,0.0003367898595203689,-1.2252530346258094e-6,-0.0029554718030461407,0.00010967571657130004,1.1583003681922887e-5,1.3745252403523367e-6,2.971595059279274e-8,3.36715972702559e-5,-0.00032274773411945665,-0.00543134630153972,-2.7289145998956795e-7,1.0435634926936062e-5,-3.408181328844499e-7,0.0014134366139828861,-1.3342240852236391e-5,8.298225216439435e-6,3.329790733514636e-6,-0.001772542219162828,-0.018017460066363608,0.0013003263229713637,1.124063221231554e-7,8.888947775510672e-6,0.00665594938455749,1.7952351357828725e-7,0.00016849658157499137,0.0012135170998212805,3.2809984877617483e-6,1.0060528422976867e-5,0.01869287375581093,-0.00020579706611264473,9.054738745975138e-6,-0.008201721666562422,5.917303154069116e-7,-3.110147087855274e-5,-0.0045140731411967595,0.00032843548143026,-0.0012815627132498168,-1.7134911141462715e-6,-9.837494109905722e-5,-4.987845459611206e-5,-1.221923052490785e-7,0.00010961865850071451,-2.638692023543548e-7,-3.4662988991521846e-7,0.000699342384207997,0.04186552450540001,-4.995806954485605e-7,-0.00019725600488479015,-6.865485071638794e-7,-3.286320877817621e-6,2.8891050609115977e-5,-0.020857728589219412,6.49201710025022e-5,-8.117176801071514e-7,0.0008054467102070205,-4.525086717057606e-7,-0.0007564682666663496,-8.118070180731294e-9,-1.1591030217720462e-7,3.539755035055875e-7,0.0056486779168628,-1.394987891243489e-5,0.015596890827035956,0.004032374094899441,1.6146218804230746e-7,0.041659405521479995,-8.035734847372759e-5,-0.004280479739287287,0.0002758723906120277,-0.0010746776566885768,4.9189325549098555e-9,-7.682294194252847e-9,0.0059569134696824564,9.027328494099845e-7,-1.90366326759294e-9,-0.0006668368918426066,-1.4689935493908136e-5,6.770439773164598e-7,-4.364454661206889e-9,0.0005029390976188289,4.3908286077803204e-9,-6.834889968951537e-7,-1.1789183217955142e-5,-0.006532374220976044,3.776612130926136e-8,0.0036604618077656246,5.034888549053399e-7,1.209463269791091e-6,-9.877508186159693e-7,1.327504992688581e-7,-1.5105144696944426e-6,-7.331688934917918e-6,9.457258135273164e-6,7.609193909442874e-5,-0.0013012708735410895,0.00017613591972878286,4.2028081012807267e-5,-0.00048307632942048767,-3.800616579746005e-9,-0.0114081548855089,0.00022177762258092552,-0.002234232778506713,2.3817981035411706e-5,0.00023986754047901126,-0.000368715677452758,-5.907759684013026e-7,-3.206680432039658e-7,2.664558028113575e-6,-0.00010507350740169298,2.907224932880455e-7,5.9087986628885543e-5,4.989119066924e-5,-4.868220331473262e-8,2.134937854763592e-6,-2.894940634028338e-8,-0.00028476721998072174,1.026086276730448e-7,0.0017519612772821354,-4.170381525504581e-6,1.8344612554516413e-6,0.006721656448784266,6.970281922989861e-7,0.0006756226426527863,-6.026126469419732e-8,-2.9640930157363815e-5,7.0584058162459885e-6,-0.00011681425174032404,0.0001050001953431757,-1.0552434088119073e-8,-5.181377375229716e-8,-3.6834854605236563e-6,0.002899756863601027,0.0007338100053865224,1.723191655496678e-5,-3.993447796870946e-6,-2.0026674436162143e-8,0.0011486784114771028,-8.863381633501344e-5,-0.0002046208392118548,1.5730432665467452e-5,4.2988769912893743e-7,9.97458862721074e-8,0.0005521997293695905,1.110753656863676e-7,1.2980753212713975e-6,1.1364263767854467e-6,-6.220371672378517e-6,-3.115030828038809e-7,-1.4312356326419458e-6,-1.0483702434923194e-6,-8.473095173905326e-7,-9.389808379949599e-5,9.026324673269765e-8,0.00030663923801809914,1.1522248419797437e-5,1.2219781885044422e-6,-2.3891908773341284e-6,-4.2489393712483797e-7,-0.0015921182709620722,-7.177255914469687e-6,-1.035437533236666e-8,0.00024259306642322135,0.012041428859970746,7.245923850790064e-7,2.585097060541581e-6,4.487862738557275e-7,-7.766328744117089e-5,-6.55241073319497e-5,0.001008187127510973,-0.005339432030987873,-0.021259281612014777,-0.003421679162742367,4.007231608786572e-6,-2.3819697163612537e-6,-3.952758158894376e-7,2.6413941316861148e-5,1.2232912051931566e-7,-0.03019328045007434,2.740788839454801e-5,-0.0019320478601149217,-0.0013576141171304941,0.03732550349725915,-8.200040017270953e-6,-8.727662825178807e-5,4.3950393970390014e-5,0.0011831078723442629,1.3080144171792667e-7,-0.0012985003659490685,0.0025604558891554586,-8.955394917432256e-7,7.780598867580047e-9,0.04983142922287114,-2.393128868847188e-6,-1.4302925689339083e-8,2.4670337123140846e-6,-1.8389575363902683e-6,-2.3277441981789896e-5,0.001089287605131749,1.27773972407077e-5,5.3973941979099614e-5,1.2916922652686125e-5,-0.018203656865024637,-7.348467735379036e-5,-5.183728382606026e-7,-1.3075838922438559e-7,-5.883908038076167e-5,0.054093755918519365,-6.473376580533744e-8,4.92010228704833e-7,-0.007668819199938474,-1.962896098932617e-6,-0.00432424012859198,-0.007903827922837931,-6.089540206167573e-6,5.144378066683249e-5,5.2623099327339325e-6,0.0037807047217036805,-8.369100765151981e-8,0.0007331971640177795,0.0011817597925278102,-1.0016836580315396e-6,0.005190343066665498,-5.015558219854835e-6,-4.5066602925205884e-8,6.5243792855804995e-6,-4.096302676321787e-7,1.5982609630698747e-5,-0.011651114387869543,0.0036417813726241748,5.306809287348263e-7,-2.599763483669583e-7,5.874284777331642e-5,-3.3726878461140626e-7,-0.021827697428989868,1.2694331821946615e-6,-1.4251308534044107e-8,2.703094100200053e-5,-6.262715823271547e-6,-2.028378435947239e-7,-1.6591403896964718e-6,-0.018709333370962804,-1.4453576779798946e-5,-0.0002611156144186713,1.8190030373522966e-6,1.2851751543522645e-5,0.001485470441541929,-1.68936835398945e-7,9.618638238320773e-7,-1.559077356906685e-5,-4.8712881066231775e-8,-1.7477181516144667e-5,-0.00011139749468049363,-0.0023579244240337777,-0.0014620208094315171,0.0146131408255726,0.0001784068539152845,-3.97596306124053e-6,0.00014922871765195363,-0.0006548979085039662,0.003574832048665168,3.0281616484247223e-5,4.777542200746101e-6,2.2749158848121666e-6,-3.879988180316042e-7,9.741202370944586e-5,3.887171174021422e-8,1.8022186446379037e-7,6.247740782526788e-5,-1.390000249808007e-8,2.3254968283983324e-6,0.0008935424927456244,-0.0017043321789076155,0.00030854390537372135,-0.0003810321469264829,7.857183310681948e-6,-0.0012938690432048542,-5.279936742915833e-9,3.624419296691766e-8,-0.001831328841225327,-0.004076004203680748,-0.001263391898469391,0.00021533151018310022,5.8091683314495673e-8,-5.130243690880672e-9,3.246492274004368e-7,-1.623468667640102e-6,-3.619683861287041e-7,-0.0022130511274905287,4.1709841685929647e-7,1.1820040449120645e-5,0.0002931614221443133,-0.007390476673417025,-2.3202049083076595e-8,-3.523253612345849e-5,6.259591531333188e-5,-8.258095778847174e-6,5.513200267470941e-8,-8.34427419490887e-5,-0.005666407279460562,0.07357478877653378,7.147108932622463e-5,-0.00020560676365971112,-4.907533470706506e-6,0.0005056954310865908,2.1482613386970265e-7,1.755039457746259e-8,-6.764186095720551e-5,2.6996500119812146e-6,0.0002424858110166668,-1.0934750590990173e-6,1.5016244806097613e-9,0.00015256481876041661,-0.0010365126481340604,8.858327294500957e-5,0.00013316806698207556,0.0051724831815758605,-0.012295315940898938,-9.347700226664644e-7,-5.081792055501746e-7,-2.2949150945375336e-6,0.0014943034922709063,-0.0024084676032116894,3.106998679543332e-5,-0.0035161770842550583,0.0005257834753886422,4.3974489436988045e-5,-0.003749787067823657,6.052194425248826e-7,-0.005212126530020721,1.4794675050407103e-6,1.1841278365981215e-7,1.3738643260206111e-5,-2.948371278028878e-7,0.010909424629333177,3.54747406110999e-9,3.023090511404689e-7,6.839587149662451e-6,-5.435520416200705e-6,5.453025120390464e-5,1.8386519626889067e-7,-4.504149815438813e-7,-3.283086745751443e-5,0.0030653200962025675,-2.019938593655972e-5,0.0019320786892360526,1.5092027033500088e-5,4.6297617045523914e-8,0.002424985092780949,-6.957641280454211e-5,0.0007259159366889732,-3.0388012036898218e-6,-6.290251168453132e-5,-2.4650753459152104e-6,-0.00026114025744620046,0.00048261806881521615,-0.002611026638758262,2.3438168296303575e-6,-2.979829109157718e-6,5.771479988462356e-5,-3.80818202140716e-5,-0.00022939765145923936,0.0007557733090120884,-0.001516213164374596,-4.338958497367099e-8,-9.559382249226581e-5,0.0003518916703538862,-4.311585025331551e-8,-3.3821915431545652e-6,-0.0016243235511698999,1.7655082035735392e-6,0.0001468113646143713,6.401972603217903e-8,1.3731385154354355e-7,-0.0008404515436631436,0.00046300945034655227,0.00023651190447612427,-2.0792709838756942e-7,1.381763916358041e-6,-0.005569612334588905,1.704866645086475e-7,-5.721053659578385e-5,1.4751417913883387e-5,-1.6644796567457884e-6,3.25985525378672e-5,-2.4758770667629885e-6,-0.0019748205120729474,0.0005259068835445334,-9.43320216876475e-5,1.7773566731414775e-9,-2.7362365634601828e-6,-0.00882004759220082,0.00018016873271326484,3.4561891775094773e-6,-9.89015841240235e-7,0.0003401378995783475,0.002383340082471874,-8.318425690324801e-9,-1.0784263264371826e-8,-1.3367025321074662e-9,0.0006884308158498875,-1.0790221340433158e-7,-0.007239445050477051,-5.10625730977479e-5,-0.00022430424477621374,-3.0402325314656893e-7,-0.006494137154681759,-2.8959358776784772e-5,3.933298148666893e-9,0.0015541110211961372,0.0007636138859696338,0.033316324813600556,-2.0464978714572722e-7,-3.448574974391763e-6,7.307821608478849e-6,1.6215035710935863e-8,0.0005708780906521972,-1.569375533092188e-5,0.007479459687941472,4.045844782072165e-8,-4.335765093348329e-5,-4.983264187625696e-6,0.011393816753028618,4.081054343192773e-8,-0.0031481377659314117,-6.040198006433125e-5,1.2444787436623318e-5,-0.002082268764990913,0.0006429640397988814,-0.0005106415671784859,-0.0005868441170885212,-1.4975420955259073e-6,-4.4976719876271985e-7,0.0009985474095744592,-0.002872055323884882,2.05065553885203e-5,4.278786609184307e-6,-1.978331480973358e-6,-3.4671630461751253e-6,2.728491865191421e-5,-1.4666777711648318e-8,2.721665303700264e-8,-4.679375831223121e-5,0.0009424560235682383,7.850588213787254e-5,1.4641103287391765e-6,1.7588717047313014e-6,-4.757901094888387e-7,0.008856582162191564,2.1124626135379655e-5,-1.1499993570711124e-7,-0.0016007085394018547,0.003669699881882746,0.0008498931301445461,0.0008532601108042311,3.19562677126238e-8,-2.119533713634584e-8,2.3771381343730387e-5,0.001088807136844905,-0.002996890323885075,7.728289672127417e-6,-0.0012130376176592913,7.858288688261784e-5,-0.001965990973140057,2.3496534172194697e-5,2.2765801455210062e-5,1.5794372654520113e-6,-7.644472980340382e-7,-0.001297912719880589,0.000574951748003338,0.0003294670288349581,-7.08767084001814e-5,-1.35034064484315e-7,-2.8171394790472105e-7,-2.621468969266872e-7,-0.00544770390499748,4.581940198689877e-9
0.0,0.0,0.0,0.0,0.0,0.0,0.0,0.0,0.0,0.0,0.0,0.0,0.0,0.0,0.0,0.0,0.0,0.0,0.0,0.0,0.0,0.0,0.0,0.0,0.0,0.0,0.0,0.0,0.0,0.0,0.0,0.0,0.0,0.0,0.0,0.0,0.0,0.0,0.0,0.0,0.0,0.0,0.0,0.0,0.0,0.0,0.0,0.0,0.0,0.0,0.0,0.0,0.0,0.0,0.0,0.0,0.0,0.0,0.0,0.0,0.0,0.0,0.0,0.0,0.0,0.0,0.0,0.0,0.0,0.0,0.0,0.0,0.0,0.0,0.0,0.0,0.0,0.0,0.0,0.0,0.0,0.0,0.0,0.0,0.0,0.0,0.0,0.0,0.0,0.0,0.0,0.0,0.0,0.0,0.0,0.0,0.0,0.0,0.0,0.0,0.0,0.0,0.0,0.0,0.0,0.0,0.0,0.0,0.0,0.0,0.0,0.0,0.0,0.0,0.0,0.0,0.0,0.0,0.0,0.0,0.0,0.0,0.0,0.0,0.0,0.0,0.0,0.0,0.0,0.0,0.0,0.0,0.0,0.0,0.0,0.0,0.0,0.0,0.0,0.0,0.0,0.0,0.0,0.0,0.0,0.0,0.0,0.0,0.0,0.0,0.0,0.0,0.0,0.0,0.0,0.0,0.0,0.0,0.0,0.0,0.0,0.0,0.0,0.0,0.0,0.0,0.0,0.0,0.0,0.0,0.0,0.0,0.0,0.0,0.0,0.0,0.0,0.0,0.0,0.0,0.0,0.0,0.0,0.0,0.0,0.0,0.0,0.0,0.0,0.0,0.0,0.0,0.0,0.0,0.0,0.0,0.0,0.0,0.0,0.0,0.0,0.0,0.0,0.0,0.0,0.0,0.0,0.0,0.0,0.0,0.0,0.0,0.0,0.0,0.0,0.0,0.0,0.0,0.0,0.0,0.0,0.0,0.0,0.0,0.0,0.0,0.0,0.0,0.0,0.0,0.0,0.0,0.0,0.0,0.0,0.0,0.0,0.0,0.0,0.0,0.0,0.0,0.0,0.0,0.0,0.0,0.0,0.0,0.0,0.0,0.0,0.0,0.0,0.0,0.0,0.0,0.0,0.0,0.0,0.0,0.0,0.0,0.0,0.0,0.0,0.0,0.0,0.0,0.0,0.0,0.0,0.0,0.0,0.0,0.0,0.0,0.0,0.0,0.0,0.0,0.0,0.0,0.0,0.0,0.0,0.0,0.0,0.0,0.0,0.0,0.0,0.0,0.0,0.0,0.0,0.0,0.0,0.0,0.0,0.0,0.0,0.0,0.0,0.10343694164479086,7.464878260144711e-8,-2.0346028141450805e-9,-6.369413515194718e-10,-1.6408173382182192e-7,7.168040840035634e-5,-2.828918800812789e-5,6.520433815298187e-11,7.125867957063053e-12,2.734972699916321e-12,0.017164141043116685,3.0790834288828904e-11,6.576412910419647e-7,4.4037742869439474e-8,0.0003551568593482349,4.254032356212336e-6,9.482834888905892e-13,-9.875022366193381e-9,-2.0451608485095104e-6,1.3350361354683786e-9,-4.181780726778338e-5,-2.090880799126826e-11,-1.493544222732591e-8,-4.345324564879543e-6,4.3264225376338766e-10,-0.004000284489828768,2.354983754698345e-13,-7.496960069381627e-5,-7.685548802964353e-9,3.133666952495631e-7,-0.0007818600555523129,-7.978594837663997e-10,1.0725549885600144e-11,9.934132744868354e-8,0.001115726576821561,2.617377758680652e-10,0.00037536452931232514,5.645727023564903e-5,-5.610756633937207e-7,-3.7667157905982596e-6,-8.07969354041289e-14,-0.0012885134890888335,5.1528417908281e-7,2.3504112995276878e-12,5.625385306690712e-9,-1.682894092205877e-5,-0.030017458532328845,-3.155350472880075e-10,-6.421001705650722e-7,5.943235314436539e-5,-0.0013790700546551472,2.1603827528335763e-6,8.92898709587855e-9,-2.3369764370111187e-9,-2.364626271007305e-6,-5.7086163447146424e-5,3.101398933467402e-8,0.0031548810131705623,0.00015883553167839558,0.0010137638143200467,-4.85617121712675e-10,1.9860066728193356e-9,6.729230398082347e-11,-6.209398052015523e-12,-2.107580021725968e-5,-1.5972969100642493e-6,-0.0032017037013787513,-3.265480157332107e-9,-0.002635043200103507,-2.1945019190395803e-10,-0.0006340341220441631,-6.192089440337414e-7,-1.4734680185675263e-5,-0.0007800127550422162,-2.8766385894068736e-5,-0.005973406152776518,1.1863596168636979e-5,-3.037695372868285e-13,-0.0022007342328942427,0.022025020543938876,-8.844902271104943e-8,-1.9089713165191186e-10,-1.8438067125382338e-6,1.5338640806511078e-7,5.031246932285638e-12,4.998192913797566e-7,1.3563789717960848e-8,5.824213846381112e-6,1.4448470078450189e-8,-9.78008509914242e-9,4.990262325250974e-13,-5.354942098269482e-12,7.38833235000046e-8,1.1728218758485392e-11,4.3952746071769517e-13,1.1677520001835198e-5,3.504708257466906e-5,0.012012323127722048,1.666904222439714e-13,-8.155204257486703e-5,-7.30285961663218e-13,0.052404557485161776,-5.679103098363476e-10,-2.8490342175046107e-7,2.6821922132722946e-12,1.3997646756862906e-7,-0.008156705249130874,-0.017756679499757084,0.06451679645009002,0.0014862542448134,0.044730379152465104,-2.4733044810417457e-10,-2.2414740395784388e-5,-1.9052582139908886e-5,-4.8963043507293965e-8,-0.00023068177535693612,-0.0004153928140722293,3.6532360517659626e-6,7.149780900570514e-13,2.153532466985766e-6,2.61802009325725e-8,-3.8554003999489435e-8,-0.0001018101393303378,7.113782369499844e-9,2.382457475533135e-5,8.434643918909577e-11,0.0017491706735181176,-0.035991725135001054,0.00028717149861936234,-2.6347259564535493e-12,-0.0007866695515866509,-1.9173658351325073e-10,2.31141727835754e-14,-0.022069975259697634,3.23466913993481e-12,-6.306034731561201e-9,1.1250559772293662e-12,-1.787594252709611e-5,0.0010667971016354203,-0.0056509536825349255,9.298467380735501e-7,-0.0056079253352067865,1.2937977546878295e-8,-0.0017802831279407937,-6.310912976551629e-10,-0.0022709932076222946,0.00018043379725280373,3.80592143558621e-6,-7.308620221661523e-13,-4.032892431676652e-13,9.607436058915277e-11,-2.4330207967999668e-8,-1.1023478727269179e-7,-7.839177903434561e-10,0.009183365699975493,-1.0592110084661468e-12,-4.3305201281648134e-5,0.0007405901063196726,5.8852604692190246e-5,2.4086204915561084e-10,-0.0015745020897613548,2.8282105693478584e-12,4.666337494679668e-8,1.3665513348676696e-11,0.0007925307980366915,-0.010145395447937975,0.0035252033928723325,-1.2799961372530772e-11,-0.0002481351394871945,-0.004654246539857521,-0.0002024510155328477,3.613804060794309e-5,9.553567628987241e-13,-4.5682072155629034e-9,-1.1779175718490355e-10,0.004681158677759549,-0.0013000659346496107,0.011307229676012557,-6.66971104617971e-8,0.00026015591938121133,4.1378009357769953e-13,-4.156331495181297e-9,3.317782371029249e-7,-0.00043538974473408733,3.1246171271444856e-12,9.524540095226016e-10,0.0012422604249380945,0.0005495509802104886,-9.359122664748118e-8,-2.844754724830522e-7,2.0591350465102828e-7,4.4653061524448947e-7,-8.644460232451118e-11,-8.612832458146801e-11,0.0019472491585968373,-3.7446881448029496e-5,1.1530692320211444e-11,8.809424545009472e-7,-0.00011112740629719421,6.32415702564606e-6,-2.4748719244082124e-8,-5.890197408157919e-6,-1.9008275979974663e-10,2.7367595230262177e-10,3.586478162296675e-9,2.0713681730062796e-8,-0.004172693953459362,2.346909207283041e-8,1.2314267293656926e-7,-5.3056680178766634e-11,-3.6189119085143773e-13,5.101362961570706e-8,0.0018301740013012692,-1.1349655752320068e-12,9.227614772674067e-11,-3.4778039972725116e-11,-5.8926876103512e-10,2.8434271960618175e-8,-0.006478843134562224,-2.9772468902087205e-5,1.012656525226832e-9,1.4269504516722877e-5,-1.7408173318697945e-9,-6.926381856431418e-12,-9.157888527333497e-12,-1.2548344591386172e-9,-1.565661237974456e-6,-9.64839986717402e-13,3.433802483531992e-11,1.15568886167145e-5,0.00950484826769433,2.3881485511121502e-6,-2.868715865137623e-7,-1.8278292753714119e-10,-4.291551115443879e-9,3.839329874346558e-11,7.388164529132295e-8,4.414977790114909e-12,-0.00010449263964638302,-8.73802638078892e-5,1.0215093505947049e-10,-5.185509690208614e-8,5.938539959908666e-12,-2.086416802703014e-12,9.477164574754355e-11,0.0025587080675372863,-3.0064283210213813e-10,6.033015266872505e-6,-1.3983301088573434e-6,2.5414595032913984e-11,-2.590150990102909e-12,2.3526472281731456e-9,-4.2215793444003175e-12,-8.347877696787088e-7,0.0023756276874762044,-4.046763153872745e-14,-9.055696578345636e-5,-0.0014249934469474064,-1.2463562496474347e-12,-0.004292737463031558,6.368362000277961e-7,-2.3659977809553383e-10,-5.181069893278546e-9,-0.024550101672189642,7.510040146814115e-6,3.590109273129906e-8,-5.74730606358763e-13,0.014611482973478359,0.0005928126317201827,-3.91541691912909e-12,0.00042254337178868447,-1.0089707548455433e-9,2.1736954861821082e-6,2.415049721291301e-7,-1.4411896890434856e-8,-2.36383334139259e-9,-1.781401532680046e-10,4.990930294146359e-9,2.6937879548338848e-5,-2.5402797103580054e-7,3.0026188076896085e-10,-3.9758347386831855e-10,-2.46320670061613e-11,-0.0032366399636092604,-0.0004096947320516248,1.0601104369009444e-12,6.199278310379982e-12,-8.734410141720076e-9,-9.208975609069461e-13,3.344651811607242e-10,5.8324242579857253e-8,-6.556891863956316e-8,5.200830273522025e-9,-4.113726425061385e-9,-0.00022556673995208825,7.003885269315376e-8,-1.2354747635037042e-12,0.009711936171202841,-2.179396949259388e-9,1.3283254751974567e-7,5.577945364622874e-6,-3.7302255095448573e-6,1.7608639307478926e-12,-5.975477317824696e-13,0.0036747475253328175,0.004458068393089661,-0.001151075420283615,-2.0538170936038418e-8,-3.028046117553664e-12,2.5526557900281955e-10,7.936601762335825e-7,9.27198258675549e-6,-0.02962611298217915,-4.5903556264923753e-7,-2.0614679269937813e-5,-1.8383786200203394e-10,0.009521319183685113,-1.2994625193141372e-9,2.0622644837915733e-7,-3.508369011202157e-8,-0.00012926474864493383,-9.71943442119784e-9,-6.40606951090777e-10,2.0840917131489098e-8,-0.0007448851147605032,5.850701646242152e-13,0.00029135759445071344,1.107879089846564e-10,-5.86887243806645e-5,-3.1642863017483495e-11,4.696037837591734e-13,-0.0005123407632523973,9.949865561349301e-8,7.690632271266125e-7,-1.0296513794613186e-5,-1.0757089802055104e-6,1.1053678746271449e-6,-5.572323151115018e-11,0.0031487988187056627,-0.0005817911901585148,1.248358587604065e-8,6.696054478109833e-7,-0.0017595432974524935,-4.3615912216954106e-8,-0.0001853021258173197,2.860781291519401e-11,2.260849450322622e-6,3.3420163798147436e-11,1.3718842976813682e-7,-0.008097118982481447,3.719637677222517e-12,-0.0012937966012413586,-0.0006753328483674811,-9.709634077975431e-9,3.218327376919008e-12,9.18524724816341e-12,0.0006458857809133323,-0.0003706196191825331,2.694094295701893e-9,-1.4019370609432245e-13,-3.0101898688649646e-12,2.2735468045993562e-10,9.858707625902587e-8,0.0018661197319298165,7.67849460812485e-8,0.00015864446460410147,1.1613579373070709e-12,-5.037108726288425e-7,-1.783442203254518e-9,3.225266992190782e-8,-0.000569461181830549,1.2382724890829367e-6,-5.83752096410555e-11,-5.6963275846854396e-9,-2.0001244927648592e-7,2.779212596840497e-6,1.925666879425236e-11,0.0017918707152480618,-7.650128446744479e-5,-1.218163119459975e-9,4.378864867432203e-8,-3.917715812618814e-8,-5.5788476368541934e-8,4.9512617595950635e-12,6.917245608762074e-6,1.4772055862237646e-10,-0.0005515515909582605,0.0002832607881345641,-1.446478973565324e-6,0.001960861933722752,7.511124854582685e-10,1.178987981716038e-11,4.076894594180616e-12,1.1207878322932991e-5,2.505222060129489e-6,-8.183445958374248e-5,0.0017556715974743412,6.490824877569417e-11,-2.0787531502272166e-7,3.6093520084470344e-12,-4.6820020560014385e-9,6.816185610968223e-10,-1.2458934156288631e-11,5.6090486250584116e-5,-1.0324246039597345e-10,6.765083649403724e-5,2.9633988463996993e-6,0.00025433397772106923,6.435989650938434e-13,-0.00015966394775535878,-3.0003664200427797e-7,-6.1464016103614415e-6,-0.00043661513297048885,-0.005156716338882514,2.3359648218689298e-8,-1.605129818938145e-8,-1.1413208517599606e-12,-9.778046179220055e-14,9.549962142028724e-13,-1.5690899149796004e-5,-5.454133594002366e-12,2.450022673110288e-6,2.300137220745423e-5,5.515320523136555e-5,-0.003178260123353864,1.08807271602616e-6,0.0003161111427190119,3.2796135957894675e-13,-6.2196861647703774e-6,-0.00014359185596888712,-4.2435152647455565e-7,0.0005103971497623028,-0.001085786627223932,0.0015082004928802773,7.966265289831696e-13,-1.918786196027454e-5,-8.061396513365044e-10,-8.350839380251375e-8,0.0032725594966802963,-4.970258543024321e-9,-2.1182311892781817e-10,-4.169854853986792e-6,2.9572821123151608e-12,2.520410384478457e-6,0.0007270941309506044,-3.240099359494867e-10,-7.015969948432246e-8,6.9923030835004174e-9,0.00017814525837428128,6.343098461266628e-8,0.05103183144011559,-1.4719309119384238e-11,4.859066143165944e-9,2.725002609347404e-6,3.6136897324134455e-11,-0.0012614790838896492,6.483979794786785e-11,0.0005371562731774678,-0.00061769631418043,-0.002678525674952636,1.4139664895161335e-11,-4.3413044425821975e-9,4.960028636685473e-8,-5.336832926153573e-9,0.0024090377523308102,-4.429029787241191e-10,-2.49499077547521e-11,-4.885130105568736e-7,-3.9613101213107294e-5,-9.256498877822891e-12,1.1610947309456365e-9,2.6731428150986154e-8,-6.506677981952692e-6,-2.9191188247843993e-6,4.0681862323863425e-12,7.289485030858438e-13,-8.836154753753714e-6,-6.350522522644512e-6,-1.3912668871579509e-8,2.643191616478962e-10,-3.3401487025093197e-7,-0.0001703153473234649,-8.835657872555521e-8,9.44492377894501e-11,-5.571386284169107e-10,-0.008776281709559682,-0.00021696171207369658,1.2901965602877322e-5,-2.3531450421928686e-5,3.784926828090987e-7,-6.559199447020584e-7,1.5661637451638536e-11,-8.222358064089291e-12,0.002809490202541199,-1.493842530265243e-6,6.049275969789835e-13
0.0,0.0,0.0,0.0,0.0,0.0,0.0,0.0,0.0,0.0,0.0,0.0,0.0,0.0,0.0,0.0,0.0,0.0,0.0,0.0,0.0,0.0,0.0,0.0,0.0,0.0,0.0,0.0,0.0,0.0,0.0,0.0,0.0,0.0,0.0,0.0,0.0,0.0,0.0,0.0,0.0,0.0,0.0,0.0,0.0,0.0,0.0,0.0,0.0,0.0,0.0,0.0,0.0,0.0,0.0,0.0,0.0,0.0,0.0,0.0,0.0,0.0,0.0,0.0,0.0,0.0,0.0,0.0,0.0,0.0,0.0,0.0,0.0,0.0,0.0,0.0,0.0,0.0,0.0,0.0,0.0,0.0,0.0,0.0,0.0,0.0,0.0,0.0,0.0,0.0,0.0,0.0,0.0,0.0,0.0,0.0,0.0,0.0,0.0,0.0,0.0,0.0,0.0,0.0,0.0,0.0,0.0,0.0,0.0,0.0,0.0,0.0,0.0,0.0,0.0,0.0,0.0,0.0,0.0,0.0,0.0,0.0,0.0,0.0,0.0,0.0,0.0,0.0,0.0,0.0,0.0,0.0,0.0,0.0,0.0,0.0,0.0,0.0,0.0,0.0,0.0,0.0,0.0,0.0,0.0,0.0,0.0,0.0,0.0,0.0,0.0,0.0,0.0,0.0,0.0,0.0,0.0,0.0,0.0,0.0,0.0,0.0,0.0,0.0,0.0,0.0,0.0,0.0,0.0,0.0,0.0,0.0,0.0,0.0,0.0,0.0,0.0,0.0,0.0,0.0,0.0,0.0,0.0,0.0,0.0,0.0,0.0,0.0,0.0,0.0,0.0,0.0,0.0,0.0,0.0,0.0,0.0,0.0,0.0,0.0,0.0,0.0,0.0,0.0,0.0,0.0,0.0,0.0,0.0,0.0,0.0,0.0,0.0,0.0,0.0,0.0,0.0,0.0,0.0,0.0,0.0,0.0,0.0,0.0,0.0,0.0,0.0,0.0,0.0,0.0,0.0,0.0,0.0,0.0,0.0,0.0,0.0,0.0,0.0,0.0,0.0,0.0,0.0,0.0,0.0,0.0,0.0,0.0,0.0,0.0,0.0,0.0,0.0,0.0,0.0,0.0,0.0,0.0,0.0,0.0,0.0,0.0,0.0,0.0,0.0,0.0,0.0,0.0,0.0,0.0,0.0,0.0,0.0,0.0,0.0,0.0,0.0,0.0,0.0,0.0,0.0,0.0,0.0,0.0,0.0,0.0,0.0,0.0,0.0,0.0,0.0,0.0,0.0,0.0,0.0,0.0,0.0,0.0,0.0,0.0,0.0,0.0,0.0,0.0,0.1023287936090463,-0.0065872551711287745,0.00014507460129132326,-0.01765445464615615,3.1337456328789285e-5,-0.00013835271851334692,-2.8615058180010183e-5,-0.007773259573147447,1.2309235964490598e-6,-2.818106372062168e-8,-3.149590553494342e-5,-0.0001588079162279866,0.010399911465643655,-1.8969614365691255e-6,1.57925645868077e-5,9.566912188177635e-7,-0.007015544644587068,-0.0008868305195132328,0.00010031939077764192,-3.2741103540231683e-6,2.1642166588295476e-5,0.01161350522277071,-3.1768971133247255e-5,0.0006266558933259304,-3.7927159674035276e-8,-1.2303618782886918e-7,-1.0035097806898254e-6,-0.0022897631126430154,-0.002823556162276332,-1.9153322132050534e-8,0.0002919007667075577,-6.215364400752496e-6,-0.0014472599590327068,1.184727660762599e-6,-0.0002510460955653303,-4.6307168230253704e-8,4.8406224681596005e-5,-0.0041897423066031,-0.0007318036154675893,-4.0274197784378476e-6,-3.666580961771235e-7,-0.0003411586479785423,4.0982543673228445e-6,-0.00032606956042884906,-5.4673734570371086e-5,-4.4894370768392017e-8,0.0008199316657537676,0.0003876231304183844,1.1634396825845239e-5,-2.2517720485440632e-7,0.0002827359265548799,-0.013527805843486838,-0.0002623967047189163,9.424381480292389e-5,-7.948980185088972e-6,-0.02789378460782144,3.8595999922223645e-8,2.357134349143134e-6,1.753604495475771e-6,-0.00030806559281390604,0.0011626522626396172,-5.669811701262438e-5,3.5609398175169794e-5,-9.021203751788363e-5,-0.0008783122199517942,1.1764589278918948e-8,-0.022213471302504104,7.649967769133624e-8,-2.6928869023208873e-5,2.1242661875321255e-7,-0.0088838415073887,2.0682795921528147e-6,-8.789469175934346e-8,-2.1421302018773513e-5,2.3410511726375053e-8,9.945245659255233e-7,-1.6155308467245062e-6,-2.2629968796124197e-8,1.6041090438200878e-9,-0.0011196075667107748,-0.0006830613779059138,0.00026261452734155035,0.03319352068821043,1.0469286167879447e-6,0.002100285618496072,-0.0005558934967005494,5.9842761490244004e-5,0.010185240905626825,-0.005190835523430739,1.0585071592681747e-7,5.050763010696921e-6,-0.0005708768542125984,2.033722407752856e-5,-2.541324730437189e-7,1.0509782928263176e-5,-2.715658939213806e-8,-3.4643642266458023e-9,-5.90061254730065e-7,-1.8914732338844724e-5,3.9729699838937586e-7,-4.744255840742529e-9,-0.00013353280011896014,-0.0016115835426408927,2.858873961975196e-7,0.000945567691944302,-8.39151055560404e-9,4.151434230197193e-9,-9.425662700679049e-9,9.91894982069724e-9,1.5932560898577016e-8,-0.00013257449941572912,-2.982551681418479e-5,1.0235248646435077e-5,0.0013501858005170737,-3.082473119997282e-6,-7.529342901408708e-7,2.210507715437167e-5,2.9390879602972116e-7,0.00018658279412861174,0.007118165280394308,0.015986619852887036,-7.794367276630911e-7,0.0025781139986306607,1.0729150412684385e-5,-2.7532055236133298e-5,2.314531119448343e-9,-1.269351449992522e-7,3.2428397414623544e-6,9.605392895305634e-6,-8.202415394121252e-7,0.004008314068416416,4.6827188072076457e-7,-5.1569349390534465e-8,2.590081292333117e-7,-0.0035883885591283214,2.228845694519629e-5,-5.323940119767772e-5,1.1864715270364783e-7,-2.953551261532797e-7,0.001686038041083023,-1.0146443811584014e-8,-0.009699477923897788,1.0770146059839116e-8,-0.00038986343492814233,-1.4310194912362817e-7,1.5147315440602138e-6,-4.8157489787856645e-6,6.418916484913602e-9,-6.059521855350549e-7,6.183199415491803e-5,-0.0032169126946355554,-2.1964589456911655e-5,0.0010415970707041932,1.84585325729006e-7,-1.1518656937265598e-6,-4.720226202125169e-5,4.306486799854328e-9,8.981305969438741e-6,0.00032535795495068794,-7.827973693702105e-10,4.631874948098695e-6,-0.0257850578978654,1.1212341950570182e-5,1.2217695678209138e-7,-3.024984707269757e-8,1.3774594836293519e-7,-4.81578284762143e-6,6.04067149462456e-8,-7.219910131129999e-8,1.7101486804040024e-7,4.404848183826036e-6,-2.9729138571942904e-6,-0.012089082945251493,-0.000125687927944838,6.571645271337341e-8,-9.536666133404843e-8,1.8476531040863275e-9,0.022139287295867224,2.870791463345289e-7,2.0895990432002383e-7,-0.025913772107664306,0.002174106849730772,-2.1541356693287408e-7,4.3101826523543407e-5,-0.00012819902551540856,1.9320730215980226e-6,1.9222387621776234e-6,0.008252333312234586,-0.01371056113777336,-0.000640745908694424,7.40673165954311e-5,-0.0002679830123824606,-9.632724975174954e-6,-2.3601850103300377e-8,-9.868879714643796e-7,2.9691478349168045e-6,-0.0010699430741406444,-1.6343501317661096e-6,5.400340533530252e-5,-0.021985613954819756,-0.00048103425919000716,4.4295199106365417e-5,0.00015669784666338352,0.0019574430363435555,0.00893247584508945,-1.4269594236911066e-8,-0.008050465199763317,0.00020230517204995792,-7.449746644313174e-6,-1.9430873332341277e-6,-0.0003682849334236915,1.075437324110412e-7,-1.8322427466003752e-7,7.380570380144725e-5,-2.296076423832839e-5,2.308960920222348e-5,0.004602700094063967,-3.208269872559304e-7,3.077492320284464e-7,-0.002583640385830186,0.00020301202872703144,-0.00029776260946741623,3.8133384023293446e-5,-6.120419040753121e-7,-0.0013809111866839923,-0.0005157518179085769,1.674498493817188e-6,1.917729638034907e-5,0.00010820758913288573,7.075695270136116e-8,0.00016804236867635355,-0.006066463656505398,-3.134014228491451e-5,0.003874892168676105,3.295227869281875e-5,-0.0014895098967883556,6.816975650107047e-7,-2.130364395929209e-5,-3.5827778802288855e-5,-4.934633076598626e-5,0.0009860927227155654,-1.6742357299204377e-5,-6.864074782383452e-6,5.6298496364711596e-5,2.1475217571549863e-8,0.00028448431544520364,-5.598970716018707e-6,0.00020547402240537533,9.440139560573628e-6,2.0966738043780822e-7,0.002252449227222015,1.1265701392679703e-5,-0.0029554351704978747,-3.4537733189326606e-8,-6.760198702446507e-8,-1.4108099526250927e-6,-2.3363503509988383e-8,-3.3846455560421075e-6,-6.456425331576793e-9,-0.0016707076538823747,0.000609730431434855,-0.0024269861634879076,-6.85865643371758e-8,6.3653529630902715e-6,0.05563998205964286,1.0668633322185641e-5,1.205503489808483e-8,3.546088038398622e-7,1.3354128055351661e-5,9.461665530820662e-7,-0.011420837029349262,7.84435197499109e-5,0.0018334484277198616,-0.0026119146156734947,-0.0008865739243700928,-5.241953383720135e-5,0.002933831474058452,3.88011659231088e-6,-9.911304653159167e-5,0.0005288556345048874,-9.027070814238613e-5,2.07413713595349e-5,6.991190965192418e-9,-2.467430972253455e-6,4.1053048494529895e-7,8.68701888142371e-7,-0.033958137247323085,8.70699309921287e-8,-9.131804232322329e-5,0.00949757694927163,0.003147309127406765,0.002214237853951758,-0.0007071544180893253,-7.761318977230568e-7,0.000784942342852518,4.049167396649041e-7,-6.281255042185912e-9,0.008381484730309448,0.00028355187003830724,7.449357269645102e-5,-1.0266889580883106e-5,-2.723143316463904e-6,-2.337328319210375e-7,-1.7332743451257105e-9,6.480941542645758e-8,6.59112092158226e-9,-0.004442367947049362,-5.2760970865397296e-5,0.0002220344731496948,8.727553821042443e-6,0.00022428714409604276,7.852484198968008e-9,-1.2654149252649888e-6,1.3153945255718365e-6,-0.00022656577470294675,-9.38073027204971e-9,-0.0012864403409091447,0.000682052262821248,0.0018487378367809542,-1.442695108520346e-6,-0.007221199604425286,0.0002784224641452779,0.007061397703043101,4.9698315078604865e-9,2.1681246865485687e-7,2.5536469893491276e-6,6.5491016516926805e-6,-9.80998973093281e-6,-7.977413151983005e-5,3.3598142763453955e-7,-4.233276361802234e-6,0.0029089135326996734,3.4463369303625922e-6,6.698965447018664e-6,-0.0002613504038119549,-0.00025451443194597753,-7.980779902507876e-5,-5.82743648812276e-8,1.0040554100246685e-7,0.010641776983022821,2.0048338202789692e-5,-5.301755070471741e-7,-0.00010773643067097954,-1.4243093327146794e-5,-0.00013790059571179073,0.00015842731285617163,7.619866688386167e-6,-0.0030105227426093424,-7.16490312948254e-8,2.798609652549765e-6,-2.2791930020380528e-7,7.829358520958588e-9,-9.165924941375024e-5,6.89463231910529e-7,-1.5001784730967364e-5,-1.0013795216854822e-7,2.981385329164923e-7,-0.0002840602095916948,6.123839383971008e-6,-2.689470591259457e-5,5.9441297521946874e-5,0.05553663756119783,3.8178568798468343e-7,0.0005394279702110909,-3.842919862398818e-7,2.1861615776224665e-6,3.47448524059557e-6,-6.749737162480181e-5,-0.00812039743543202,1.0934530797413885e-7,-0.0001488506093204931,-9.82298808293385e-7,-0.021400254872033425,1.660664821847841e-5,0.00017913817454981955,8.593965128358094e-5,2.2800284805754285e-7,-6.877552070896656e-7,-0.001274344941698766,0.008780669855157044,0.006762507253013438,-0.011448550282954193,-1.7153544742230115e-7,9.609979630855613e-6,0.04821880930832861,-6.144739589296591e-9,5.763382703618676e-8,0.00012872013174807285,6.19720270223047e-8,0.0035748331064388594,3.6123044026677146e-6,4.4554524399870623e-7,7.656887016115634e-6,0.00013815893425548505,-3.2084410039478526e-6,1.175607667314135e-8,1.8300769460187303e-5,-0.0008779638217894452,2.9238587077128495e-7,0.0036921163933554824,-0.00042113036741140477,7.398295830211403e-6,-2.146393763935002e-6,-0.0010621153949136191,5.5881803445818816e-5,-6.698875363572754e-5,1.3956192510240389e-6,-3.923005895505531e-7,1.2501925876146356e-7,-0.006124614053357975,-1.9654523737687847e-5,-2.994413960317917e-8,-2.0590876811143072e-8,-0.00879268139744639,-0.0486737549759719,1.0644937386978284e-6,-3.382832644558697e-8,-4.369979264122064e-7,-1.0521072865209727e-5,-1.1993305096423617e-7,-2.3427701257536866e-5,2.939589367931483e-6,9.065169035870732e-6,8.68764319230375e-10,0.0007711457109449453,6.466269611004335e-7,-1.921745098644044e-8,-5.325471534658955e-5,-1.2253238464485693e-5,-2.959209894047747e-5,-3.4321952723920996e-8,3.9387362236434355e-8,-1.4243215721624585e-7,8.880738432253047e-7,-4.24810943876176e-5,-0.00013198694844114637,0.0003144282518060607,-9.616117461400915e-9,-0.0010694658237042044,-0.0001196854500142004,-0.0003309923654224083,1.8792717141203435e-6,0.00027436341864421306,2.237366148593603e-6,0.000370022188930988,-0.016758580036737906,0.001150024937745606,1.3354277684083863e-5,-0.013570231120953478,-4.426584243938136e-9,4.2911343055742575e-6,-0.0011842536707523893,2.1257048740558027e-5,0.00025004204612539735,-1.9314251292482618e-8,-4.555665304234811e-5,-7.835144482210838e-10,-1.1231709705858025e-7,-1.2561348987718492e-8,-4.9726098379840615e-5,-0.003057206338417233,0.06032918077706226,-0.007487806058443691,-9.182981882360846e-9,-9.751023930820827e-5,-1.842096080297819e-5,-0.00017699107518634582,-8.662654752963585e-7,-1.3582035104064805e-6,-0.03897683983818174,-0.0006914513767228199,-3.371752270050768e-5,-3.1733742336638566e-5,-3.709394351270895e-6,1.3579921171414566e-7,-2.7472915416803128e-6,-0.00011403718037324976,-0.0012915563298379034,-0.0001286616967021337,-0.0037139171397045437,-1.6365583740796979e-6,0.005931810247909185,-0.00031174133558137625,-0.0009422719883484792,-9.269984380686536e-8,-2.717485910924681e-7,1.590532967034441e-5,-1.7224859327415266e-5,5.069364159190083e-6,-6.22222838720142e-6,-7.338251362091036e-6,-9.069585331975473e-6,6.554589062954708e-9,-0.0006370644362137968,-2.009558752647122e-7
0.0,0.0,0.0,0.0,0.0,0.0,0.0,0.0,0.0,0.0,0.0,0.0,0.0,0.0,0.0,0.0,0.0,0.0,0.0,0.0,0.0,0.0,0.0,0.0,0.0,0.0,0.0,0.0,0.0,0.0,0.0,0.0,0.0,0.0,0.0,0.0,0.0,0.0,0.0,0.0,0.0,0.0,0.0,0.0,0.0,0.0,0.0,0.0,0.0,0.0,0.0,0.0,0.0,0.0,0.0,0.0,0.0,0.0,0.0,0.0,0.0,0.0,0.0,0.0,0.0,0.0,0.0,0.0,0.0,0.0,0.0,0.0,0.0,0.0,0.0,0.0,0.0,0.0,0.0,0.0,0.0,0.0,0.0,0.0,0.0,0.0,0.0,0.0,0.0,0.0,0.0,0.0,0.0,0.0,0.0,0.0,0.0,0.0,0.0,0.0,0.0,0.0,0.0,0.0,0.0,0.0,0.0,0.0,0.0,0.0,0.0,0.0,0.0,0.0,0.0,0.0,0.0,0.0,0.0,0.0,0.0,0.0,0.0,0.0,0.0,0.0,0.0,0.0,0.0,0.0,0.0,0.0,0.0,0.0,0.0,0.0,0.0,0.0,0.0,0.0,0.0,0.0,0.0,0.0,0.0,0.0,0.0,0.0,0.0,0.0,0.0,0.0,0.0,0.0,0.0,0.0,0.0,0.0,0.0,0.0,0.0,0.0,0.0,0.0,0.0,0.0,0.0,0.0,0.0,0.0,0.0,0.0,0.0,0.0,0.0,0.0,0.0,0.0,0.0,0.0,0.0,0.0,0.0,0.0,0.0,0.0,0.0,0.0,0.0,0.0,0.0,0.0,0.0,0.0,0.0,0.0,0.0,0.0,0.0,0.0,0.0,0.0,0.0,0.0,0.0,0.0,0.0,0.0,0.0,0.0,0.0,0.0,0.0,0.0,0.0,0.0,0.0,0.0,0.0,0.0,0.0,0.0,0.0,0.0,0.0,0.0,0.0,0.0,0.0,0.0,0.0,0.0,0.0,0.0,0.0,0.0,0.0,0.0,0.0,0.0,0.0,0.0,0.0,0.0,0.0,0.0,0.0,0.0,0.0,0.0,0.0,0.0,0.0,0.0,0.0,0.0,0.0,0.0,0.0,0.0,0.0,0.0,0.0,0.0,0.0,0.0,0.0,0.0,0.0,0.0,0.0,0.0,0.0,0.0,0.0,0.0,0.0,0.0,0.0,0.0,0.0,0.0,0.0,0.0,0.0,0.0,0.0,0.0,0.0,0.0,0.0,0.0,0.0,0.0,0.0,0.0,0.0,0.0,0.0,0.0,0.0,0.0,0.0,0.0,0.0,0.10118314661347334,0.0005955985425075566,0.0009230959086175323,3.650081999673508e-7,7.897521666906257e-6,-5.235434041977959e-5,-0.0037449367104330157,-7.134725919666092e-7,-2.424513309376209e-9,1.557680998114605e-5,-1.1895239081569596e-5,0.011350703543730363,1.8224559719137468e-7,4.12785474445273e-6,4.743555249763887e-7,-0.010033488620137535,-0.0002498864021989984,0.00409333060010381,4.603451034736498e-6,2.4837582242685285e-5,0.0018181538010831962,1.0797362028710843e-5,0.0012772859210880578,-2.2869267092186547e-8,2.425677669925402e-8,6.880905504411226e-8,-0.0019050203766369613,0.0017828612937591244,-2.66646612588565e-9,0.006209115428279284,8.746205870035538e-5,0.00042008338209266797,-1.3778133950070333e-9,-0.00047882427446616977,-2.6124539407066408e-8,7.262834729667841e-6,-2.459507572531296e-5,-7.349539924032044e-5,2.2950651483667786e-5,-1.1783124794203243e-7,9.376280462594531e-5,-1.6472821890243818e-5,0.004934030361362251,1.4267560086006672e-6,-1.0031513338622056e-8,-0.0002083019650275862,4.995141802626917e-5,-3.983832280395855e-6,-2.6178213397451307e-8,-2.6390795482983697e-5,-0.009855323964922214,-0.022403101980854184,2.005711812689621e-6,-2.040825265253384e-6,0.0011690641038086742,5.421999492054191e-9,-4.44583240732473e-7,1.560086282432129e-7,0.003032076844842592,-0.00316130431554678,0.00034486301041729246,-0.00012161548054385023,1.1091372683106654e-5,-7.568757611773798e-5,1.269922909634966e-9,0.001910070837947021,2.484573406220181e-8,8.70512325012095e-5,-1.1743051379272877e-7,0.0016962074465926326,-7.719433257037889e-7,9.273346165705428e-8,-4.762268359417775e-6,8.802997994603707e-9,1.789424693524393e-5,1.0668386654619128e-6,-1.0551176910924864e-8,-2.4385726709320108e-9,0.000256702416500538,0.0007666949256678126,-3.1047901838415145e-6,-0.0002683644083046428,9.030296845599464e-6,-0.0004732203850395088,-4.4580772650246914e-5,-3.3168132532930724e-6,-0.0009071325885329036,-0.0019385024343329838,1.2391334976275324e-6,-2.2827305540693183e-5,0.00031913319643274586,3.6349718463306068e-6,1.5929190465075636e-6,-4.849112526607582e-6,1.1518568571941508e-7,5.624064719745032e-9,-5.115519165440778e-8,-1.6577092666382e-7,-2.2319415560305653e-6,2.615352718397765e-9,0.0002697147162860608,0.0005685139150687936,-2.676867034236838e-6,0.0005643335094780711,1.2186886951374821e-9,-1.0741031279797351e-8,1.6414671394449667e-10,-1.3905198760314523e-9,4.682824117716644e-9,-0.00033277745529496625,-3.2093206976155193e-6,-6.420369446435309e-7,0.010367844575849418,3.3551703727625183e-7,1.9358307626933136e-7,1.8463467484981653e-5,-1.1886931234015081e-6,1.685847008483571e-5,0.011889387074961712,-0.0013874807139795,1.4445141392250977e-7,-0.0031930160536550057,-1.2668883913434624e-6,-3.779097373238377e-5,5.870259288026155e-10,4.799078345665612e-9,9.570618525426968e-7,7.295669165689311e-6,-1.835091278007686e-7,-0.011396684066503035,-6.950816076286751e-6,-1.227728114923031e-8,-2.2508956606337392e-5,-0.005916521928408378,-2.50946384152159e-5,-1.0634283500544287e-5,-4.9105080350728856e-8,-3.1699779895121593e-8,-0.00020676964786092779,3.9408245044213673e-10,0.0038276763068473833,-3.053507825533688e-9,0.001354974660037994,-1.1914467654376973e-7,3.7026632834397684e-8,4.2505969077773216e-7,-3.854388510916753e-6,9.20252005783335e-7,0.001257266026196797,0.005198433841590487,5.609723541653644e-6,-0.0009592965237697619,3.692686483066873e-8,-1.2790444372087529e-5,-1.2094124951444186e-7,9.084386550689758e-8,-5.7350622372889546e-8,0.00011060227570148296,9.639147464959995e-10,3.7846292538698718e-6,-0.0011778713043748435,-7.713098495817158e-7,1.46874469773592e-9,3.365504282557736e-9,1.1599037288521122e-8,-1.5003698934271926e-5,-7.6458033170989e-10,-3.4609491389824014e-8,5.541025357886165e-8,9.573283936004184e-7,4.423825963345695e-6,-0.006148154208693187,0.000523356425281177,-9.640533417578951e-9,3.621730345544734e-8,-3.570771675187158e-10,0.009049423763254993,-1.50011570010546e-7,1.6631761959313716e-6,-0.0036292161535938627,0.0007470549750919183,-1.0691865240196535e-8,0.00014643838054804404,-0.0015971926981424864,6.947973437269456e-8,8.859294871087816e-8,-0.002068059234700406,0.0009732841067615803,-0.0006161492868389461,4.088705562819981e-6,0.0011722755539797052,9.329718264430562e-5,-8.603436277973123e-9,-2.403299268620205e-7,1.996889020650886e-6,-0.00013396383753034214,-2.5677199350276744e-7,1.368592923952685e-5,0.003052773288470382,-4.8761242685688585e-5,-0.00019044867482177167,-0.00421340554310811,0.009410713790935986,-0.025741993290437935,-2.728687823883943e-9,-0.001431404533157645,1.5843794761841476e-5,-7.42317755522098e-5,3.7341417741380004e-6,-4.8730102531392653e-5,3.1383535648402675e-8,-5.261131421552021e-7,0.00010924251838875016,-0.00011365558621169421,-0.0017880487188048951,0.004005217371946843,-4.575866669394257e-8,2.4199391146539515e-6,-0.013260284604928575,3.016473881056803e-5,0.002283699043038094,-0.00024250383129358926,0.0001191319923159694,-0.003390117079867984,-2.2404343468066174e-5,3.568675106851092e-6,-0.00013961292033404728,1.3815769171959317e-6,-1.5781499141742753e-8,-7.099010148015143e-5,0.0009313112762819651,-0.00013429138932370837,-0.004304566219862504,0.00034149750507024476,7.369774838550948e-6,-1.2133000955489603e-5,-2.8100812056948007e-6,-1.7194393167951277e-6,0.00011874915406240098,-0.0003467808094334691,0.00031956939309707184,3.026666005167265e-5,-0.0007061492435266329,4.207711822973608e-9,0.0029371923020977127,6.097294348348442e-6,-0.00018537603827445577,9.470928671865003e-5,-4.673893010987105e-6,-0.006790836727845271,4.71106218859066e-5,-0.0002070832853389002,-1.7289028966496098e-8,9.367939878677182e-7,3.2909799915966857e-7,-1.2023002792745653e-8,-9.511794968972205e-6,8.169120062921361e-9,-0.00033043365675499076,-0.004240265722018291,0.0317661812010011,4.2335819002047925e-9,-4.454365534945988e-6,0.005527778796460942,-2.5938069751575004e-5,-3.3941201545184124e-9,6.495304711899104e-8,-8.969112880607217e-6,-1.616162576772177e-7,-0.0010045877078047728,2.2826368744870523e-5,0.0010074432930254906,-0.0004418701412733686,-0.0018441301891731574,-0.00038741914551553057,-0.013878996626940393,-4.221262210216731e-6,4.569721060805696e-6,-0.0021308239018707742,-0.002244011138169867,0.00033116287941617955,1.249876989921753e-9,2.0288776375336293e-7,-1.2909940614503496e-6,-3.1860969136224345e-5,-0.0030415393473123818,6.608627056026441e-7,-0.0014637201425097602,0.021149321844245304,0.00026939737499201633,-0.0028824977749815207,0.007575618734199095,-3.531569665447664e-7,-0.0005971175555290535,-1.3702059751546e-7,-1.886507266287414e-9,-0.00017160628982716063,0.0002101205456545655,-3.026975813254078e-6,-4.3302336295691405e-6,-8.868759038587618e-6,2.3070157163925023e-6,-4.952766445767637e-10,1.5583696648709573e-9,2.4368205479302093e-9,0.00035220453516435956,-0.00022043351909787443,-8.534199619284808e-5,-8.17811762875281e-7,2.0267990605431503e-5,-2.3944113269287873e-9,2.3644716151529672e-5,1.435548506096037e-8,-0.00015599856105868594,-1.03797502605595e-9,-0.020548237471444436,-0.0002436750613494673,-0.00016338496730858326,8.766466822138821e-7,0.06519156868679911,0.0016893290997818035,-0.0016126393926141664,-1.205030488797394e-8,-1.7102622688316942e-7,3.2968739924769194e-7,0.00011727330985889436,3.562911408205127e-7,0.0004238154707079803,-2.455503364629214e-7,3.2213922506740063e-7,-0.000356855750543058,-4.825985594171505e-6,-2.520503374031317e-6,-0.00010106791983862764,9.303996450080304e-5,-0.00011790649147146484,1.581114610125407e-8,-4.589240255712247e-9,0.014964787850638851,-1.2808019381876516e-6,7.277213705395362e-8,-9.387510828140026e-5,-1.3291187974087123e-6,-0.007100894587882903,4.4804223418589076e-5,4.994666418081981e-5,0.0012042168306684513,-1.1205056365449931e-8,1.7541949400416697e-6,-2.5888594818963726e-7,9.739169400300479e-10,-3.642141421740096e-5,1.8293372330007846e-6,-8.253885385657156e-5,6.411791175781814e-8,1.4164581995041888e-7,-0.00423586737305997,3.2699443356381773e-6,7.565220842227128e-6,0.0038498745630477778,-0.0016094643077684124,8.868041871495877e-8,0.0002716311620845536,1.764291142874718e-7,1.3453408054358229e-7,-0.00012400277999469536,0.005759293016522786,-0.004562215066470059,5.886050507000076e-8,3.0500757273785077e-5,-4.3795418736039546e-5,0.0007734535227541765,1.293150967885849e-5,3.733571993437916e-5,-0.00027325496395163234,1.770506397778094e-8,-3.3750339590500375e-7,-0.004515609860383999,0.0025812252193408835,0.0011724903042876667,0.011652772764231272,-1.2892808588140535e-5,-2.2060082140548933e-6,-0.0056940225263735385,-3.2741567841220467e-10,-7.355139135501071e-8,-1.1011613315505028e-6,9.514836633057152e-9,-0.0024238373230515134,1.904938464229772e-5,5.32565038638496e-6,-3.337883011807211e-6,-5.514261377671517e-5,-2.52251413713702e-8,3.4525087583443496e-9,0.0001634815537481364,-0.00033322219901394263,1.4205909068881157e-5,-0.00947317126121825,0.001324778302792215,-0.00023390806568445005,-1.911153572321934e-7,-0.0021234455963747107,1.6984877563131932e-6,-1.441781640864005e-5,2.193278102802829e-7,7.193125039405487e-7,3.639891316984253e-8,0.002020721556896393,1.2791401850072544e-5,-2.5153003927125856e-8,-1.2855682365649109e-8,-0.00011425931194354126,0.000847442502097551,-1.907235375225238e-6,-3.6006178604822733e-7,-1.427369475374485e-6,2.0905972883813883e-6,2.5659968103366725e-5,-1.5975742327303043e-5,2.270101969857376e-7,-4.935856403455234e-7,-4.600371176682068e-9,-0.00012095131418109259,1.087338023381344e-8,9.726111820182342e-7,4.356734995076879e-6,-2.7900305054743312e-6,2.028866529641882e-5,-7.564911290109353e-8,-3.489501391528268e-8,-1.4568708066262402e-8,-4.436144776408609e-6,-1.3323559162260916e-6,-0.004769966295936383,0.00012073793057641784,-2.9601245084640562e-9,0.00392525382462674,0.0009011848446386024,-2.8252890108542977e-5,-1.0017680960604732e-5,-1.8429175781396203e-5,1.14025156098086e-7,0.00255947454806637,-0.0018989899922282369,0.007720233235659233,-1.221538864934313e-6,-0.0006739224391149268,1.2611799274365976e-9,1.999387587710245e-5,-0.005807282896495915,-3.8612923820779544e-6,0.002767864999730512,6.633791387631599e-9,2.720521333990144e-5,-4.027299726573723e-8,-4.2041892863768544e-8,-3.6886377457749284e-9,1.8919391947586216e-5,0.020887502859342873,0.0011643238723994089,-0.00579530799581324,-5.759997825167988e-9,0.0013461130686931654,-7.762510401397372e-5,-3.626231060095625e-5,1.897885560576118e-9,-7.79022112237694e-5,0.0007821299606605973,0.0005020704355840119,1.6677883817224387e-6,-3.812656662073802e-6,-3.358171835925023e-5,4.355307456614968e-6,-9.837448513513543e-7,8.392953892267418e-6,-6.298894088119129e-5,-0.001845494396287444,-0.0001299985483460325,-2.778978806947613e-7,0.0007896631193564013,0.0068112757462431926,-0.0029300057285056172,1.2080636666555054e-8,-1.1552769196066273e-7,1.2399667049892928e-5,-2.034370519142625e-6,3.3086912184244104e-6,7.089645840235897e-6,4.2591945826217516e-7,4.50057060303712e-6,-2.0708878985612515e-9,-0.00011122259831587922,-2.92207520565593e-7
0.0,0.0,0.0,0.0,0.0,0.0,0.0,0.0,0.0,0.0,0.0,0.0,0.0,0.0,0.0,0.0,0.0,0.0,0.0,0.0,0.0,0.0,0.0,0.0,0.0,0.0,0.0,0.0,0.0,0.0,0.0,0.0,0.0,0.0,0.0,0.0,0.0,0.0,0.0,0.0,0.0,0.0,0.0,0.0,0.0,0.0,0.0,0.0,0.0,0.0,0.0,0.0,0.0,0.0,0.0,0.0,0.0,0.0,0.0,0.0,0.0,0.0,0.0,0.0,0.0,0.0,0.0,0.0,0.0,0.0,0.0,0.0,0.0,0.0,0.0,0.0,0.0,0.0,0.0,0.0,0.0,0.0,0.0,0.0,0.0,0.0,0.0,0.0,0.0,0.0,0.0,0.0,0.0,0.0,0.0,0.0,0.0,0.0,0.0,0.0,0.0,0.0,0.0,0.0,0.0,0.0,0.0,0.0,0.0,0.0,0.0,0.0,0.0,0.0,0.0,0.0,0.0,0.0,0.0,0.0,0.0,0.0,0.0,0.0,0.0,0.0,0.0,0.0,0.0,0.0,0.0,0.0,0.0,0.0,0.0,0.0,0.0,0.0,0.0,0.0,0.0,0.0,0.0,0.0,0.0,0.0,0.0,0.0,0.0,0.0,0.0,0.0,0.0,0.0,0.0,0.0,0.0,0.0,0.0,0.0,0.0,0.0,0.0,0.0,0.0,0.0,0.0,0.0,0.0,0.0,0.0,0.0,0.0,0.0,0.0,0.0,0.0,0.0,0.0,0.0,0.0,0.0,0.0,0.0,0.0,0.0,0.0,0.0,0.0,0.0,0.0,0.0,0.0,0.0,0.0,0.0,0.0,0.0,0.0,0.0,0.0,0.0,0.0,0.0,0.0,0.0,0.0,0.0,0.0,0.0,0.0,0.0,0.0,0.0,0.0,0.0,0.0,0.0,0.0,0.0,0.0,0.0,0.0,0.0,0.0,0.0,0.0,0.0,0.0,0.0,0.0,0.0,0.0,0.0,0.0,0.0,0.0,0.0,0.0,0.0,0.0,0.0,0.0,0.0,0.0,0.0,0.0,0.0,0.0,0.0,0.0,0.0,0.0,0.0,0.0,0.0,0.0,0.0,0.0,0.0,0.0,0.0,0.0,0.0,0.0,0.0,0.0,0.0,0.0,0.0,0.0,0.0,0.0,0.0,0.0,0.0,0.0,0.0,0.0,0.0,0.0,0.0,0.0,0.0,0.0,0.0,0.0,0.0,0.0,0.0,0.0,0.0,0.0,0.0,0.0,0.0,0.0,0.0,0.0,0.0,0.0,0.0,0.0,0.0,0.0,0.0,0.10094639431199141,9.351201633421848e-5,1.9872621914591352e-7,8.005773722789926e-7,-0.005944317502410457,0.0010129289349044943,-8.107660734027803e-5,-6.221803362837862e-10,-0.0032005321767309327,6.325887899866717e-7,0.0004435408955374914,-2.3557076988788687e-8,-6.396336723364367e-7,0.00010422163296931985,-0.001562847779307729,3.2473124237993834e-5,0.011782309607567515,-6.965995498616998e-8,0.0054781055416035064,-0.0005178840599058484,-3.6407293623261633e-7,0.0012808863685862585,2.2215920132502028e-9,1.8268654870474575e-5,-2.6849266525785332e-8,0.00561844239800657,-0.00015058340983469746,-3.005288713859112e-10,0.019229392292284098,-0.005834886223595382,-5.369734552217961e-6,-3.3187193556471917e-8,-0.03285081339633945,1.995434741264316e-9,-1.0865229831099402e-6,2.3851192120447737e-5,5.790303395408423e-6,0.0008586049868055689,1.6986385404931718e-8,4.891535464042432e-6,-0.00022908648800283466,0.0012852957035453855,7.402596930773421e-7,-3.8950414254788895e-11,0.004268017285993021,-7.071121391059504e-6,-1.965341407181374e-7,-1.1055457283964307e-9,-9.641726427195194e-6,-0.00023666795082951612,0.009476939734929283,3.2119163538401775e-6,1.38118856334801e-7,0.0001575739079893629,-4.000382405129068e-9,4.396730466812137e-8,-1.6750794286207565e-8,0.003571055725055251,-0.006744519426978794,-0.002814588494706948,-0.0052002606194045346,-4.5452621391879946e-7,1.2566247891971713e-6,-7.472979927532396e-10,0.0019185572963235573,-1.304603644434211e-10,0.016609476133607595,-4.432929036454361e-10,5.018706666057754e-5,-1.8589111242633523e-7,2.365367222027277e-8,5.154346928166046e-7,-5.59423955743001e-10,-1.346926415537921e-6,0.00018214576745673676,1.071221828768492e-12,5.854879248860167e-10,5.2986003855252276e-5,-0.00260720814736662,-1.2956170527588983e-6,7.173334759640661e-5,0.00033867263444869593,2.1167116692863843e-5,-2.877075642806714e-6,-2.3724976971937475e-6,7.743922545159087e-5,-0.0005150313372461038,1.0029633236753505e-5,0.0003722428813767524,-8.292770755421697e-6,0.0018708260925116406,-5.5395457057067995e-5,-3.5164719053504506e-7,-1.9173714512657108e-8,-7.286492243821719e-10,-2.585938004053154e-6,1.773997712857359e-7,-0.00011365088236188053,-2.953553065511079e-10,0.06723046818090926,1.2824436284287073e-5,-4.456716014755825e-6,-0.00017376664287844842,1.6411184804785506e-10,1.111499607757001e-9,1.443130995972829e-10,2.9454406695765347e-10,-4.74498593812869e-10,0.005038350236359061,3.781987839093701e-7,4.901055524345476e-7,0.00042285382322693546,9.984028168414098e-8,1.2549261128002253e-9,-3.0305752970275237e-7,7.991206624961596e-5,2.8978401923160747e-6,-0.0009127954304638497,0.0007770629455722342,1.1496862777039213e-9,0.010240603936741434,7.218342814871365e-8,-0.013619919297134606,-3.0631910837425855e-10,-9.300584743093669e-10,-4.0790281600145286e-8,0.0005637845802806808,3.862913036293443e-8,0.0034493108996207656,-0.00013223522236088215,1.0791998603503393e-9,-0.00033376815272094594,-0.003222483185975198,-0.0038661941183092737,6.173847717322392e-7,-6.536857924853562e-9,-2.584258786353757e-9,-5.5870366133394304e-6,5.559515679387029e-10,-0.0009671415401629484,-2.3524664194541016e-11,-0.0028361423841100964,2.8614697192674584e-9,-2.015978368099596e-7,-4.792287499603964e-8,-0.0001743835341615604,-3.660761575156141e-5,0.0004969923688282868,-0.00041183783435671167,-9.989665586956806e-8,0.0008552937117826382,-8.375938619060768e-11,-0.0003307848386828521,-1.5395725377581063e-7,-8.27271174710071e-8,6.315338924163432e-9,0.009966035283138832,2.437903529826795e-11,-0.00046941543841898313,0.00019004283048480936,0.0003200425919509841,8.813847444925934e-10,4.752315256685542e-11,-3.385218319359132e-9,-0.0001169729952221825,-3.289792360866184e-10,3.0102844185985607e-10,-6.07184674245404e-9,-2.6543105707425396e-8,0.0003956382118200146,-0.002986265260866289,0.012747003343953548,4.054140441291196e-9,-4.158339476176499e-9,-8.246509309295123e-11,0.0013352022651017669,8.666612389067676e-9,-2.2254133555944797e-5,8.801553847971987e-5,-2.4808386959290613e-5,-1.6752980306598834e-9,-0.0015598063059298437,-0.02181271084655838,-3.006362351853422e-8,-5.0978928212324005e-9,0.00014119612004753515,0.00015777353990152068,-1.1502689505075396e-5,-3.142884232450026e-6,0.010214409885776704,0.0017928703608663793,-5.413516524542718e-10,-1.1510238470339853e-8,0.0002102900250738993,2.16815290855569e-5,3.55871038809921e-8,-5.431558839361712e-6,-0.0010096016968440663,3.1620521532953335e-7,0.005618941610989864,-0.0001984882745583124,-0.007519372509477401,-0.0001924273222809692,-1.031236639124856e-10,-0.00034245437848728173,3.091161579659983e-6,0.0010628327820012798,0.00018400518382281892,2.8375387228518634e-5,1.5153311351932157e-9,-6.747468647364224e-5,0.00047775824188810563,-0.00038279678462836675,0.03561722811498279,0.0016754481939398518,5.1256652259876275e-9,5.0717495501086374e-8,-0.010692810923419959,-4.8297661592635844e-6,-0.015159575888230291,-0.0038595929247833313,0.000694322584710376,0.005465939395842451,2.6000615005460778e-5,-5.759668185130762e-5,-0.009102783231727151,-7.932928608079653e-7,1.0078163274778638e-9,2.7499491369260714e-6,5.223162088370578e-5,0.010621815368127643,0.0004941917430076671,0.009683634825833953,3.178056050766455e-5,-0.0010098332961619677,4.410568216857849e-7,4.4724781605729315e-7,-0.010014802567506519,-3.2226855650970067e-5,-0.0426341094241773,0.00040843666694876415,0.0007777841738988142,6.69025053349362e-11,0.031053325936870147,-6.70890637045274e-6,2.00276305711056e-5,-8.390917764900975e-5,0.0006850955071510509,0.009761469814943111,-0.004099589251633719,-2.1179913083998346e-7,3.997306038634522e-9,1.9337897488410156e-5,-4.991744240731621e-9,7.061020310010985e-10,-2.8196988173204724e-5,-1.2269068826859566e-9,-2.0981762368987404e-6,0.0076785862456642436,-0.0025562104051376927,-2.599954167730437e-10,-2.12764884262708e-7,-0.0006220207303116684,-0.0018331267473602904,2.6567206754169883e-10,1.1196857742663091e-8,-0.0018056177165721953,-2.3774159017127998e-8,0.0012272093488745587,1.5969646300077823e-6,1.4905476403369855e-5,8.486236108335034e-5,0.001338223039231844,-0.00048082483096490564,0.005280370445761393,6.424979671061115e-8,-5.166531182579604e-7,-0.002312517079547466,0.0011403912147823802,0.009950341421272862,-2.5184129408392044e-10,4.870165099645639e-8,1.2941700275106932e-5,-9.024497623303258e-5,0.0018850631155911245,-3.802265616181953e-5,-0.009230908946139605,-6.114632256671353e-5,0.0001827952810147289,0.0018573720816543037,-0.0001853883010484652,3.732850845790894e-8,4.655531714370584e-5,5.8177882979294894e-5,-1.3812415036044172e-11,-0.0002841093666993924,-5.643952119511098e-6,8.519690767454774e-7,6.689888799100457e-7,0.00011468966822760922,-2.5768022871812305e-5,2.857736855556895e-10,-2.798122494387941e-10,2.6898818291022326e-11,6.485358616501579e-5,0.009309879473959509,0.0030818911340868313,-2.2443111003685637e-7,-1.6164920857750441e-6,2.8325761490504616e-11,-1.1102482032856837e-6,-2.7400743824675002e-8,0.00027840595588228214,-6.429964988080345e-11,-0.007502797812499891,1.9204775277747126e-5,-1.2430476820274475e-5,-6.540293990635199e-9,0.0021349663855030105,0.002540602397220278,-0.0028469064417019855,-2.5841986571155414e-10,6.6372669022057294e-6,1.9475243319238895e-8,-0.009768181429820774,7.75778419923222e-8,0.0006232817417329778,-3.0767451427920787e-5,3.5046130399921256e-8,-0.00023378105921887944,1.6630493906506683e-8,3.5775329318797754e-7,-1.1782061709209223e-5,8.647279228217082e-6,-0.0011169300513867537,-1.982884487151416e-9,2.8621075840450415e-9,0.0010698013523107073,1.309419970654679e-7,8.041133066274899e-9,-9.391543702924773e-6,-1.0201621210740765e-9,-0.002693255890481619,-9.38530905061567e-6,-0.0012642815608835773,-7.494291430193268e-5,-7.819612616137355e-11,0.00014560155404649873,1.3540079454884338e-8,-7.412882533874719e-11,2.2851607612338626e-5,-0.00012004920246529178,-0.0015715636464534353,-2.3540228177220292e-9,-8.365384426115954e-9,-0.0039183452395254075,0.001842214521219708,-0.0003813188230657122,-0.0013212699454212022,9.026963351416403e-5,-7.175814331660933e-9,-6.957073318411864e-5,-6.907097183031685e-9,-0.00014487775139880528,1.0090699449609419e-5,0.00628036964758709,-0.0004283877146351304,1.2507106733792566e-8,-5.670947340527798e-7,-0.0014648935494192444,0.0008678884708473597,-2.1831020325514252e-7,-4.616888555601427e-6,0.004204819099000744,-2.024902832406139e-9,-7.919776861002349e-8,0.0018119618943032792,0.0009732082108211707,-9.440146483562205e-5,0.0006747902245014075,-0.0009997891718389038,1.7287785316388708e-7,-0.0005373447848882913,-8.22395326671712e-11,3.291524487391424e-9,-7.311088750591306e-7,4.064947458854195e-9,-0.0004990594980294752,0.00028305901953283786,-1.5843958153346165e-6,1.8307678280551147e-7,2.4563740641520444e-6,-1.0175761165089283e-7,2.2409955435784833e-10,-0.002137691105122308,-3.5669175371467854e-6,0.0006274263372308873,0.004960155575317305,-0.03316247366230821,-0.008019508480287168,2.8876255698766055e-8,0.002192164121026727,-9.880519637227552e-8,1.6473072737166262e-6,-1.3052019208527669e-8,-9.026989695794412e-5,-5.58725464140171e-9,4.1589899149462064e-5,-4.996649270346485e-7,3.4635942105780644e-9,-2.927443429037872e-10,-0.0001245449995170529,0.00015569357429569367,-0.0001465609436589696,-7.254347517521065e-6,5.042462811552128e-5,-3.33493499490701e-7,0.0005464377195807717,9.088591741071532e-7,-5.5488893144367194e-8,1.9575077042182254e-8,2.6901394292425465e-10,9.698614123879855e-6,-1.830665437462569e-8,-1.6185350937426073e-5,-2.8694449482737966e-8,-6.08268035188477e-8,-8.80806459402376e-7,3.6430094899728827e-10,-2.9567207801331528e-9,-2.3741622884900513e-9,-0.00014478448861603334,7.20650462765287e-7,-0.004877767743484814,2.6278290440497216e-5,-4.356547082025461e-10,0.0005117987983500072,0.011374419164564744,8.772026102640576e-7,-0.00031376838141803287,1.4452903297906152e-6,-2.1792720073345028e-8,0.01179311732121345,8.083779015339304e-6,0.00019440628977189246,-2.3243322149800482e-7,-6.391435230289288e-5,-3.210745998739062e-10,0.0010558343722349866,-0.0003500447380726974,-3.3109830617442377e-7,0.0025987635293729027,-2.2202912374772134e-9,-0.011272849651896294,-2.3363352084252534e-9,2.8024730769213315e-8,-2.0768511011506854e-11,0.00014411411427210923,0.0055033982565018446,0.0001511296849342542,-0.00020567380052713925,6.119828662542516e-10,0.0518440394716836,-0.0002298283297925926,-1.6894153649325828e-5,-2.214718774770972e-8,0.0009838959497821154,0.0004176384367260625,6.50045172267742e-5,1.783786083430637e-7,5.183351441433201e-7,-0.0007321009047239048,-2.4932102037258933e-5,1.5184900383201045e-8,-2.5711423500795074e-7,-3.1960762149397533e-5,-0.008915319433035746,-1.2413983837808594e-5,9.890729858922898e-9,-9.561697513227129e-5,9.973372246585198e-5,0.000394101852207089,-1.9934500504308887e-9,9.55814533231985e-9,-1.1396976876256222e-6,4.0489860046172987e-7,-6.911384584294264e-7,-3.024275616038822e-7,-0.00014747209721239113,0.00047537121373776836,-2.0546285995897614e-10,1.336558586938336e-5,-1.1416878233733796e-5
0.0,0.0,0.0,0.0,0.0,0.0,0.0,0.0,0.0,0.0,0.0,0.0,0.0,0.0,0.0,0.0,0.0,0.0,0.0,0.0,0.0,0.0,0.0,0.0,0.0,0.0,0.0,0.0,0.0,0.0,0.0,0.0,0.0,0.0,0.0,0.0,0.0,0.0,0.0,0.0,0.0,0.0,0.0,0.0,0.0,0.0,0.0,0.0,0.0,0.0,0.0,0.0,0.0,0.0,0.0,0.0,0.0,0.0,0.0,0.0,0.0,0.0,0.0,0.0,0.0,0.0,0.0,0.0,0.0,0.0,0.0,0.0,0.0,0.0,0.0,0.0,0.0,0.0,0.0,0.0,0.0,0.0,0.0,0.0,0.0,0.0,0.0,0.0,0.0,0.0,0.0,0.0,0.0,0.0,0.0,0.0,0.0,0.0,0.0,0.0,0.0,0.0,0.0,0.0,0.0,0.0,0.0,0.0,0.0,0.0,0.0,0.0,0.0,0.0,0.0,0.0,0.0,0.0,0.0,0.0,0.0,0.0,0.0,0.0,0.0,0.0,0.0,0.0,0.0,0.0,0.0,0.0,0.0,0.0,0.0,0.0,0.0,0.0,0.0,0.0,0.0,0.0,0.0,0.0,0.0,0.0,0.0,0.0,0.0,0.0,0.0,0.0,0.0,0.0,0.0,0.0,0.0,0.0,0.0,0.0,0.0,0.0,0.0,0.0,0.0,0.0,0.0,0.0,0.0,0.0,0.0,0.0,0.0,0.0,0.0,0.0,0.0,0.0,0.0,0.0,0.0,0.0,0.0,0.0,0.0,0.0,0.0,0.0,0.0,0.0,0.0,0.0,0.0,0.0,0.0,0.0,0.0,0.0,0.0,0.0,0.0,0.0,0.0,0.0,0.0,0.0,0.0,0.0,0.0,0.0,0.0,0.0,0.0,0.0,0.0,0.0,0.0,0.0,0.0,0.0,0.0,0.0,0.0,0.0,0.0,0.0,0.0,0.0,0.0,0.0,0.0,0.0,0.0,0.0,0.0,0.0,0.0,0.0,0.0,0.0,0.0,0.0,0.0,0.0,0.0,0.0,0.0,0.0,0.0,0.0,0.0,0.0,0.0,0.0,0.0,0.0,0.0,0.0,0.0,0.0,0.0,0.0,0.0,0.0,0.0,0.0,0.0,0.0,0.0,0.0,0.0,0.0,0.0,0.0,0.0,0.0,0.0,0.0,0.0,0.0,0.0,0.0,0.0,0.0,0.0,0.0,0.0,0.0,0.0,0.0,0.0,0.0,0.0,0.0,0.0,0.0,0.0,0.0,0.0,0.0,0.0,0.0,0.0,0.0,0.0,0.0,0.0,0.10049815575342273,0.0001061931105701728,-0.00019057979486138815,1.6827891689941316e-5,0.001270716817205503,-2.768945908732834e-7,-5.5450999494697424e-8,1.227994355876836e-5,0.0009068978850578403,0.006528575416847405,-1.6081359617919322e-6,0.00018957273087250192,-1.8846236962425224e-7,0.021679144184465746,-0.0038810435512384683,0.00013651706591377458,3.2791365449771856e-5,-1.5245216713213759e-6,-0.04178156054131678,-6.543207617495281e-5,-0.0001647096445425107,3.976227027436693e-7,-9.419158015754941e-8,1.320948879614032e-6,-0.0017595619812116102,0.003183778909249063,-6.441160864074644e-8,-1.8842088128329135e-5,-1.3039647629369214e-6,-0.003480046518168029,-3.2475696840364506e-6,-3.0167590888570997e-5,6.18409033607721e-7,-0.00010100045655671687,0.003860710530115183,0.004214314633597092,5.934162829601601e-7,4.338051044229446e-6,-0.0010404016723122185,7.952279988070228e-7,-0.0017331189266707012,0.00019716625360524586,3.9676179836528383e-7,-5.621014070952311e-5,0.0034673192932023157,-2.365912074045937e-6,8.912814748559441e-7,2.9278856469788265e-5,-0.0006622460377677576,-0.000933498588586088,0.00034420352504133014,4.501749475174995e-5,-0.0024566564743427437,1.5254369701821802e-7,-8.595098267747225e-7,1.8961757272208098e-7,0.00014875399105953658,0.0008723555032303559,-1.9033333414436196e-5,-4.56569485087988e-6,0.0005500623225590822,0.00015810350488571615,1.9698698831047325e-7,-0.00037003274363404584,-5.5756742269129636e-8,9.107508558344353e-6,3.6615582100220432e-6,-0.0024631814623910634,1.1183516980753415e-5,-1.859150921589396e-6,2.3614435996278182e-5,7.130100885540783e-8,-3.2889291863522584e-5,3.224521081715233e-7,-5.1800602380731616e-8,3.366254354873899e-8,0.0021759446785252364,0.0001798776113915169,0.000310418585257938,-0.011362576681304384,1.4615721874511755e-7,0.0033024992504942876,-0.001463808695181114,-0.0001927019557146422,-0.0036114509326650415,0.0006343688801113653,2.9110610804710307e-8,-9.393691775127264e-7,0.007887589625993764,-1.8596138489817531e-6,8.149038796776356e-8,-4.526894407067218e-5,2.4131255091089046e-6,-4.1487119604188715e-8,-3.088890960810438e-8,2.121500089548025e-5,-8.043957479152889e-8,-7.101436739107535e-8,-3.8619159352275906e-5,0.02336881715003798,-1.9843745693999207e-7,0.004952470540700661,1.8645060197302946e-8,2.016313809799585e-7,1.9198750887359857e-8,-1.4113088775458798e-8,-1.232209578141213e-7,2.0445742452919514e-6,0.0001028285053056921,-4.5119704084067477e-5,0.010100118623549821,2.980074770369551e-7,-7.336066859787965e-7,0.0005009145842448765,2.212133418829206e-8,0.000450278144222275,0.0007096108257664127,-0.015338803225098343,-1.5739842957119483e-6,0.0010969293059124607,-1.5821836080842612e-7,1.8081176679968394e-5,-7.162143909543954e-8,2.4905804179538196e-7,-3.137220346667591e-5,-1.0422810905325299e-8,-5.762922817002241e-6,0.0014047877512191886,1.1204356627844952e-7,2.599427427612864e-7,9.97075131113744e-7,-0.0006872306112042343,-3.669993856535677e-7,5.32717033392435e-5,-2.6817446661419533e-9,4.826014090654747e-7,-0.005336172173035475,1.2602348247087373e-8,0.0011381680497015362,8.241010618712818e-8,-2.9773367013758507e-5,2.692446515188229e-8,-6.288927511124576e-6,2.7846841944736755e-6,5.448591496818379e-8,1.3886422984678117e-7,-0.00014490049968848351,0.02439923148792665,4.832342490876654e-5,-5.254007577254763e-5,-4.613843032706317e-7,-2.5874343508873397e-7,0.00012463837200843127,-3.2499205854745257e-6,-2.9972200047057523e-5,-1.5400686329628822e-5,-1.3121855763710537e-7,-5.289704809750806e-7,0.027979908266263506,-1.6801133966480248e-6,1.7082397346714207e-6,-2.682650189619138e-8,-1.3025564778996634e-7,1.1950819515181732e-7,-1.4031779852972406e-7,6.330524828529779e-7,-6.87914686001022e-8,-2.2782479191798553e-5,1.497200955378245e-7,0.0056472576760743095,-7.988671701505888e-6,4.580276008381705e-7,1.7515181166309849e-6,6.354558556688307e-8,-0.003201359767276919,1.4819571742902202e-6,4.678602949221602e-8,0.00598716328190434,0.005630740770156472,1.695129653501479e-6,-1.0053195680081613e-5,0.00013878531262561582,-5.853463344461963e-6,1.0052378907754366e-5,0.0039438054565540635,0.0005600544349201672,-0.007174374154936055,0.00020593622016800705,9.643678964402136e-6,-1.640918140559525e-5,-8.743068394764333e-8,-6.291152710412276e-6,1.1535750965577707e-6,-0.005832530224249172,4.693078174594856e-6,0.000465817379189486,-0.001669960863439675,0.0007632971871953973,8.806151410278206e-6,0.002795080176069504,0.0003917741894958854,0.0008856763701155693,-3.2350203958509084e-8,0.0031959230935923047,-0.0005842486745577957,-1.8133753298091948e-6,1.8634180724400553e-7,0.003822014683952794,-1.7737298511973081e-7,1.6613931807597903e-8,-1.3785689185249672e-5,-2.143240372448201e-6,-6.412129464354878e-5,0.0029798209263718015,7.382013087323268e-7,1.2704359536437225e-5,-0.0011272733132066972,-0.0010852262929497538,-0.00020098630662899,-6.649720199214811e-6,-4.5767393952293134e-6,-9.442237469878903e-5,-0.0021869199542457673,-1.5284724762550944e-7,4.258069425807322e-6,1.7540010182557402e-6,-1.0673378628344913e-7,0.0004128418217992246,0.02232006593971472,-9.269592030495429e-6,0.0010430164085827487,-5.176069157243555e-6,-0.0006555742891088563,3.361495605691777e-7,-6.684070542488204e-6,3.711993176045064e-6,4.803282945119894e-6,0.0003736999372301123,-2.6307215215935275e-6,-9.448752676843074e-8,5.338062700379396e-5,-6.056799891737286e-8,7.382499125582823e-6,-0.0021352627240951846,1.5106398271831378e-5,-2.3267886712081372e-7,-6.187925277423479e-7,0.0004791287527687873,-1.1079772172126219e-6,0.011535023832525639,-3.4905530598983925e-7,4.1865796259539776e-8,5.5323324256020115e-6,-2.7778830034818893e-8,4.232716521581868e-7,1.5105914667999486e-8,-0.0053011300761048215,-3.398695302192089e-5,-9.687312885737728e-5,2.166042541484847e-8,-0.00019398546587115787,-0.007334375738077281,6.915500690211285e-7,3.8766607807984506e-8,-8.378531362067374e-7,-2.150059359026785e-6,-3.5282757861070156e-6,0.00029310133543022584,0.00015039748083755673,-0.002984516933893217,0.007111049466844499,0.0001244737805796329,5.207099042054499e-5,0.0005091534190684168,-6.556332073962068e-5,0.0002656581835473638,-7.758327975155781e-5,0.00015590046531544912,-3.714655337332979e-6,5.7206817444626767e-8,-7.101534657536892e-8,-7.582986250774612e-8,-2.2728253644916092e-7,0.010432427312716918,-7.345903405281008e-8,-2.3818246114641692e-5,0.0033816110112610135,-0.0028593927832655814,-0.0002558549696330028,-0.002813542620682649,8.118403138354082e-6,-0.007683208569235921,-1.7198188870779587e-7,-2.7767603193201082e-8,-0.01415144291277441,-0.002427868212143336,0.00013408844011991578,-0.00012858707162284616,3.6345682832635034e-7,9.987747912701937e-8,6.623662433479052e-9,-5.087947191046834e-7,-2.8092046834504793e-8,-0.013269658038663446,-1.2477000864557016e-7,-1.140223251380267e-5,-7.719761778836833e-5,6.666595347438344e-5,2.0875800350288564e-9,0.00022299894137832313,7.2396826420954e-6,-3.7234650615700483e-6,-9.613688064596917e-9,-0.0009844632631166035,-0.00761943838275606,0.003007556806747228,1.1347176733995994e-5,-0.000489818050340735,-4.3700546768844364e-6,0.0004289785496828806,2.8823387118654333e-7,-3.6343420607023744e-8,-1.3637882170830428e-5,1.1471548091246397e-5,1.90055122710727e-5,6.933135541944161e-6,2.7874724880521438e-8,1.8622501714038146e-6,0.00048766754032338153,1.8202189476803228e-5,-3.165533064785422e-5,0.0009065476614118686,-6.507399567474712e-5,-1.6012879785348393e-5,-2.259751920045823e-7,2.4110327628376558e-6,0.0023028160378683344,0.00013854183847871086,1.6202825722701252e-6,-0.0026725422434148256,-7.62765979721873e-6,0.001558684156608565,-0.001151304268722936,-1.8031652037805735e-7,-0.0017511335755534068,-6.927568051834635e-8,-1.7599319859936362e-7,2.873184174893448e-7,1.632701546698521e-8,0.003410550334380131,2.4969971493274256e-7,1.2044531640732894e-5,4.0692258451568565e-8,1.6179112311774585e-6,-0.00037670935063270774,-8.491807733175497e-7,5.050916824762041e-6,-0.0005900092598117909,0.0027000158832904144,-4.459722550865395e-7,-0.0058816277671637305,-1.1926753996489944e-6,-7.81045980358739e-8,0.000667794583708514,0.0003296011063116785,-0.006872315000616864,-1.1786180658914279e-6,-0.0010424572290395997,1.9273712699988852e-5,-0.0008480869926068204,2.260873764443346e-5,-0.00034092015908873425,-9.638334623245676e-6,6.138038843166425e-7,7.014995258267981e-7,-0.00015912206760901155,-0.008290130921681025,0.0035426522376064266,-0.0020636607604964125,1.986208674437068e-6,-0.0001338730028907351,0.008436512885693118,-9.010325621541147e-9,-1.0395117745964907e-6,0.0004950295105173771,1.1594028792179537e-6,0.0006635879809991149,1.0760404281427187e-7,2.7774279517778546e-8,-4.177854368553188e-5,-0.000922203389829124,-9.060184099310157e-6,-7.25959131412074e-8,-1.1477852583207884e-5,-0.004540633978361811,9.456922659251214e-8,0.0006439178655578825,4.57091008125773e-5,-1.3545870332863967e-6,-2.5081315031711026e-6,7.2521115304576e-5,6.308369520642814e-5,-0.00015124831664253846,3.431055535074307e-6,1.0788384237002499e-7,1.8404379940217896e-7,-0.0054084581951494536,-2.8115674680998777e-5,6.032253933518168e-7,-4.575322603148382e-7,-0.002303957591396174,0.04842940440335406,-2.381587238719114e-8,1.0749884568620298e-8,-3.779044366771173e-8,-6.95988678343956e-5,1.8991039308163282e-8,-0.0001203717884625016,-1.5650452241319406e-5,-3.0558101891765785e-5,-7.32985594917748e-8,-0.004933011431746471,-2.6048354543814114e-6,3.190758682281425e-8,9.223579344163289e-5,-4.362584868891744e-6,0.005367102407475281,-6.267168230849305e-7,1.1035128556265408e-7,-5.158296071551044e-7,-1.9830588547096076e-7,0.00017151877102806047,0.00038079093185209743,0.001611462767286354,-7.045791254602246e-8,-0.0012550159187198681,-1.049898969030313e-5,-0.00019557322689168425,3.8515181859485124e-7,-0.0013053165977271654,-1.7841285281837068e-6,-9.371334453847842e-7,-0.0004942163877020233,0.0009403641767773908,1.9719317287802465e-6,0.0009900713985227462,8.811095846862981e-8,-4.2283682289380665e-6,0.002362326287199522,4.356848851213983e-5,-1.3171708855583364e-5,1.396316373504731e-6,1.0874364441852103e-5,-7.380095644503769e-7,-1.9476912142696916e-6,-1.2547227806439664e-8,1.0407408949704777e-5,-0.0005814154302724918,-0.011874541714992899,0.0012545205858049413,1.5781748880966753e-7,-1.0350028459140346e-5,2.9657015715076765e-6,-0.0010850129908218748,6.481419481576211e-6,3.745629761361807e-6,-0.007510510516527005,0.0067700361440114695,0.00016382594232521548,-0.00010219987948789667,1.6121583475371334e-6,-1.0754789471983471e-7,1.3082311487033933e-5,0.0005972184837470221,-0.00793366332759652,-1.8292565039764866e-5,0.016177429777515566,-9.166381203231221e-6,0.020375778304021548,9.879865095322878e-5,0.0007790228158322258,-1.0961264823174684e-7,3.6716484638301794e-6,0.00012112651769872031,-1.442388336935253e-5,-4.067722527046297e-5,-1.6461027956736678e-5,1.9000153895759558e-6,9.0322496749668e-7,1.0149701734023001e-7,5.900343860760135e-5,1.3645480771419203e-9
0.0,0.0,0.0,0.0,0.0,0.0,0.0,0.0,0.0,0.0,0.0,0.0,0.0,0.0,0.0,0.0,0.0,0.0,0.0,0.0,0.0,0.0,0.0,0.0,0.0,0.0,0.0,0.0,0.0,0.0,0.0,0.0,0.0,0.0,0.0,0.0,0.0,0.0,0.0,0.0,0.0,0.0,0.0,0.0,0.0,0.0,0.0,0.0,0.0,0.0,0.0,0.0,0.0,0.0,0.0,0.0,0.0,0.0,0.0,0.0,0.0,0.0,0.0,0.0,0.0,0.0,0.0,0.0,0.0,0.0,0.0,0.0,0.0,0.0,0.0,0.0,0.0,0.0,0.0,0.0,0.0,0.0,0.0,0.0,0.0,0.0,0.0,0.0,0.0,0.0,0.0,0.0,0.0,0.0,0.0,0.0,0.0,0.0,0.0,0.0,0.0,0.0,0.0,0.0,0.0,0.0,0.0,0.0,0.0,0.0,0.0,0.0,0.0,0.0,0.0,0.0,0.0,0.0,0.0,0.0,0.0,0.0,0.0,0.0,0.0,0.0,0.0,0.0,0.0,0.0,0.0,0.0,0.0,0.0,0.0,0.0,0.0,0.0,0.0,0.0,0.0,0.0,0.0,0.0,0.0,0.0,0.0,0.0,0.0,0.0,0.0,0.0,0.0,0.0,0.0,0.0,0.0,0.0,0.0,0.0,0.0,0.0,0.0,0.0,0.0,0.0,0.0,0.0,0.0,0.0,0.0,0.0,0.0,0.0,0.0,0.0,0.0,0.0,0.0,0.0,0.0,0.0,0.0,0.0,0.0,0.0,0.0,0.0,0.0,0.0,0.0,0.0,0.0,0.0,0.0,0.0,0.0,0.0,0.0,0.0,0.0,0.0,0.0,0.0,0.0,0.0,0.0,0.0,0.0,0.0,0.0,0.0,0.0,0.0,0.0,0.0,0.0,0.0,0.0,0.0,0.0,0.0,0.0,0.0,0.0,0.0,0.0,0.0,0.0,0.0,0.0,0.0,0.0,0.0,0.0,0.0,0.0,0.0,0.0,0.0,0.0,0.0,0.0,0.0,0.0,0.0,0.0,0.0,0.0,0.0,0.0,0.0,0.0,0.0,0.0,0.0,0.0,0.0,0.0,0.0,0.0,0.0,0.0,0.0,0.0,0.0,0.0,0.0,0.0,0.0,0.0,0.0,0.0,0.0,0.0,0.0,0.0,0.0,0.0,0.0,0.0,0.0,0.0,0.0,0.0,0.0,0.0,0.0,0.0,0.0,0.0,0.0,0.0,0.0,0.0,0.0,0.0,0.0,0.0,0.0,0.0,0.0,0.0,0.0,0.0,0.0,0.0,0.0,0.09985526522222855,-0.008175837527893356,1.829536034081854e-8,1.005755267302736e-6,9.758977048593575e-10,-0.00013285290671222527,-5.5998735034545005e-9,0.00043347413563894337,6.472702107403874e-6,-0.0026410611743705164,-0.0003890759730151849,-4.422330623994135e-10,-4.766376264189422e-6,7.140659041920547e-5,3.6452765467776623e-7,-0.002470447680851221,-3.759194641208372e-8,-9.805636090844626e-6,-0.020233499772851837,1.8468346027073056e-7,-0.0003203803540315207,-4.797041565006721e-11,-0.0010287593129082006,2.066719556940821e-6,0.0001555467012959734,-1.6184997916557679e-6,-1.64982870834376e-8,1.0004530028570772e-8,-0.00025555905662568595,-0.0005287515980020876,9.570685659547908e-8,-5.049458294967335e-5,-0.007975072745310653,0.00010631309511357268,0.0010268673691765293,8.715203542667159e-10,0.0018627867435465322,-0.002872238299456809,-3.6030470670516473e-9,3.4054094656410064e-7,0.007571737282708727,-4.036083638134205e-5,-4.627107073711565e-7,0.0006099984840632936,-0.0024339377223677227,9.604764898792113e-5,0.0011389826769843184,3.390455713867175e-5,-3.041006398362823e-7,-0.0005206002196919684,0.011478373895601036,-1.5679821252948774e-5,-0.00019164620258283973,0.005208167872640673,0.003465449945144522,8.901879631801942e-8,-1.9176959122113256e-7,3.125948371240577e-8,1.5017913373154263e-9,0.012998771459323218,-0.001990328713957667,4.903274096347379e-5,9.35427807030094e-6,0.00020403167807268627,4.751576669075864e-8,0.0007086732289270335,-9.519454673079286e-5,-0.010685100323955995,0.0021018580087544627,0.005546776123196496,0.00010242569674043266,-0.023177711020351176,-6.961975248227764e-11,-6.401846984742385e-5,3.64120813243985e-5,-4.554623688029527e-5,-9.508905793610265e-8,-5.7939564118349807e-5,4.0913345172415254e-5,2.981974676688438e-10,4.1483980413253595e-5,-0.0005391156385908314,-0.0028699499897496096,-3.1285353178403315e-6,-1.8510136007313055e-6,-4.46084266115322e-11,-9.989971959636528e-10,0.0001450564395129724,-1.9088058125006666e-9,-2.232426763661617e-11,0.0002726871103955989,0.001001878351246305,-1.3844371773002859e-5,1.9951880366246917e-10,0.00036643398309005564,-5.295484648754411e-10,-2.2836053668670348e-5,-6.001717620000568e-8,-1.5981936252476458e-5,2.4565981741275134e-10,7.787174199771541e-5,3.084867346239189e-5,5.020906736594662e-5,-1.1323484167423549e-5,3.834956411861542e-5,3.7053833875507115e-7,-8.283385017234729e-8,-0.003418490324044345,0.00034966844641864947,-2.6154097557254644e-5,0.006347887561551422,-0.00026367664875791166,0.00910869616732855,-2.477440989258168e-10,0.005234923256774199,5.208731538358473e-6,1.3892897989606428e-6,-0.0013127161292751446,6.089888198885778e-7,-0.0003476418788131226,2.8684565168990033e-8,-1.906107801619727e-5,-0.00028438134368924254,0.007827123499910273,-2.8585062015331304e-9,-0.003990856388632963,-8.939558021602776e-7,6.524778467851141e-11,7.456490846866801e-6,-6.168692995722527e-11,-2.19898824664618e-6,3.3125227279577527e-9,-0.02949871606925113,-0.00015183245534629067,-0.0006765933213602849,-0.0007192397379261354,1.8112487318452405e-5,3.0194134480151436e-6,-9.159236543465972e-6,-1.5647868638347276e-7,-0.00047324456889859555,-0.00767452901445009,-0.005460005284321495,3.958685766880802e-11,-1.0195859705278073e-10,1.0184858819747892e-7,-3.9690382517542655e-6,0.002428824960680318,-3.826902705891006e-8,0.00033120302321859373,3.7742931624179136e-10,0.007720725685609234,0.00027046776595513844,-0.005450232490020902,1.4022226833264084e-7,5.984568767773334e-7,1.082382252649562e-9,-3.788563191796682e-5,3.437578058998881e-9,0.0004596379938688821,-5.258484847658796e-6,0.00015891264283102838,-3.894314780435829e-9,-0.00011201437579571941,-0.0004486610947157256,0.00021860998199416776,-0.00457292775929971,9.178877126041413e-10,-2.033658772285148e-6,-1.361527929731374e-7,0.00021831782861989066,0.0009030660214982636,-5.370602777331028e-6,-1.240804563874246e-5,0.0006364121088148891,1.2213354095623464e-10,2.050219318066032e-6,-9.17357455112592e-5,0.00015133526829499635,2.2716121471110443e-8,-4.021373671549532e-7,0.0014612445203705067,0.00818933873178438,-3.79860607151557e-5,-5.965975458726144e-6,-0.0005235037226352926,-0.0004734981057476159,1.3905763282296e-9,1.7842308362367223e-9,-8.591912216988964e-5,-0.007177836356180186,5.558599392237579e-10,-0.00011922540885100444,0.00013570630476214088,-0.0021607733416392333,2.9268356720382633e-6,-0.001651566469951686,-4.17089541737696e-8,1.205109596982946e-6,-9.320998657926935e-7,2.2750695339904445e-6,2.4481088644300097e-6,-1.4389801469299292e-6,-0.0007518970147075548,-8.97679182091171e-9,3.159553117142415e-10,0.00021573942849966197,0.0002925304939840057,-2.161461205244931e-10,3.571859024870051e-8,-1.033596885138079e-8,3.11549540545587e-8,3.2995895310171816e-6,-0.00020106166378819023,-0.0007534994957925853,-5.053529902893587e-7,-0.0029411637537667275,-2.26764009474587e-7,-5.966994481180813e-9,1.6677844332282379e-9,3.332227801301627e-7,-0.00029821024791987786,-4.955006621867e-10,9.512384142537933e-9,0.002429664707233507,1.4557656803481258e-5,-0.0005531175853212262,-6.576790329483038e-5,-1.4549483806086586e-8,-1.2370078524661939e-6,-5.418384053494235e-9,-0.00018964420404151487,1.3393773775964542e-9,-0.03423836105275523,-0.015193220364711508,1.712298540901848e-8,0.00017753389155135527,3.714927354293425e-8,1.6449643398203231e-9,-1.069665087295547e-8,2.9160155906282566e-5,1.6364155166376547e-8,-0.0008600834754685419,0.0004685043787257642,7.851906670577657e-9,-3.5562389203512733e-9,8.421815353790021e-7,3.111629274863223e-9,-0.00010538412052304222,-0.00011403173847869548,-5.5145129122702884e-11,0.0009072273962233051,-0.00023947473040950606,7.04369252911388e-10,-0.00010231065113653673,-0.0004384548231641428,8.51176269483716e-8,-1.6150526516678837e-6,-0.0001373029750404652,0.01122380861083317,6.260202099377133e-7,-4.696697693579425e-10,9.093821255876181e-5,0.0018837671469565654,6.025316159763437e-10,-0.0036989617241490786,2.0680428040146416e-6,-0.0067766206510690916,0.00032194942790686774,0.00021393780218414515,7.22713078049621e-7,-1.0708386190892864e-7,1.196588903436459e-6,-0.0020504277402126113,-0.005874990261221289,-9.681031683455532e-9,-5.2789356584995686e-8,-1.4851763276662459e-8,1.0152713425730832e-5,-0.0004816996561732866,1.319200035024062e-10,1.1878497308973936e-9,1.1859373567385899e-5,3.9543234460095505e-11,5.505826216866042e-8,6.616828610089838e-6,-5.542668207920291e-5,-6.23661701583334e-7,-2.3883172173181614e-6,-0.0026866860833693502,-6.787345898423108e-5,-2.4522952436727496e-10,-2.5552204744123072e-5,-1.5855371187122536e-5,-2.1361420079707006e-5,0.007625869271232934,0.014560054983235884,6.042884928777875e-10,1.0163375001446534e-10,1.808621481466118e-5,-6.924404407756762e-5,4.666070767474299e-5,2.8604515115938306e-6,5.956280310255797e-9,8.428673603309502e-8,-0.01617234198646241,0.0033556706018820835,5.5278467421908714e-6,-0.002560809224159974,0.004991006369229458,3.7098765107851866e-8,-3.401467531090376e-5,-1.7261272610614484e-6,4.3363983263911004e-5,-8.75640941327153e-5,0.013150498765325744,-1.410543671734575e-6,-1.6126653170064154e-7,6.803370423311573e-7,-0.00021504770912393977,1.2833468608694443e-10,0.010968069785862575,3.379945441281281e-8,-0.0009732231481669094,1.6966009764128424e-8,1.1615749655135936e-10,-0.0021666161611887708,5.526031613468816e-5,-0.0050472953332978375,0.002850913456190982,-0.0017629513703158015,-0.0016422432177345167,-7.253505855931628e-9,-0.0002582285073226047,0.0016676358996398613,2.7288579193790762e-6,-0.0004835968530477495,-0.0006840869797068041,-2.5756895410862523e-5,-0.054651961546435285,-9.717842898122847e-7,-0.0029475655783480848,3.475511956942273e-9,5.5154286931099154e-5,-0.00016100248151566343,7.263310694694468e-10,-0.00030899761582113376,1.8469838645429583e-5,0.0004466780466570952,4.060362593578634e-10,2.588859411460085e-9,-0.00012129365354755633,-0.0004425384726976079,-8.407109786946695e-8,-4.292810322756851e-9,-6.4480704289694054e-9,1.1639628727581664e-7,1.3852065306492612e-5,0.0005784725252651658,-0.00010906934250043442,0.0018730689011465206,1.4705023266066792e-10,0.00013815843982163182,-5.963254816989625e-7,5.902081904897763e-6,0.0011723478996153755,-0.002024616204806207,-6.902331109604164e-8,5.38137640864499e-6,-0.0018247558887120358,-8.863490589360054e-5,-2.2356898821808624e-8,0.00038255487861492914,-0.004547208956131471,2.747250022431016e-7,8.77788003267097e-6,-2.7928740927532294e-5,-4.610302869079041e-6,-8.052510706359162e-10,-0.004455301778864415,-9.478457615920741e-6,5.481871311688654e-6,0.00011112560555844797,0.001725088383442512,0.0003860956427101972,-1.9941970100212227e-6,2.3625054411556068e-9,9.77062669346847e-10,-0.0022927776823489137,0.0004560866396365474,-0.021388189383331778,3.223057221380141e-5,6.416051350342508e-9,-0.0002829874900993291,3.653618211684126e-10,2.6939002882493444e-7,-2.691143207753776e-7,-7.303780459796253e-10,-0.0013072832130313996,2.783181348458383e-7,0.07487739020173988,-0.0026407914720939117,0.003977576244415622,-6.269301305864203e-11,7.319654743366766e-5,-6.918299382542106e-5,-0.009871149290340315,-7.208217160590014e-5,-0.00021751175004329593,1.8808199122632164e-5,-3.090936829032776e-5,-3.4427030559347733e-10,3.651088025679275e-11,3.311876452747944e-11,-0.014476211675620456,-1.270528183663453e-9,-0.001174113477478316,-0.006511865658371472,-0.0036891349906784795,1.9082591542398776e-5,0.00011132950936098472,-0.00046273728781308544,2.6068995158870798e-11,0.005108991558374732,-0.042932534132917255,-9.699988194650033e-5,-0.0003078698564780126,-0.0003710830336802713,-0.0004375008706359229,-1.308496165601407e-11,0.002025465756637551,-5.648004339503254e-7,-3.173259644032659e-5,-5.094749648358545e-5,2.4283794803170525e-6,-1.7887344893962947e-8,0.002049891726822226,3.866679553708293e-10,-0.0007404743103587311,0.0033730728387216984,-1.8472543969210057e-7,-3.0459883993116586e-5,-6.085848780574017e-6,-0.0015040983068167217,-3.108285492671609e-6,-3.62355494726837e-5,-4.945818586947283e-9,1.9259552059051905e-5,-0.0023953393756690772,-2.1162421073849825e-8,-0.0001650029458039976,7.001099809191715e-9,-0.0003644927739948363,-0.0012211859561693016,-9.04897236870498e-6,9.464825856347924e-9,-1.0259184397265439e-7,1.7318565669290698e-5,2.694064870934623e-5,-3.647580609849236e-5,-1.4459189708043127e-8,-1.1976926588157546e-8,-0.0011422709672123286,-5.5034172833250473e-5,-5.8524353108197894e-9,-2.844542638135514e-6,1.417661059830222e-5,0.004011739127407476,0.010760241293664317,8.15783854564508e-10,3.3471603761549234e-10,0.0031897013866530673,0.003966692552715706,-4.476086358884553e-5,-4.652051083686049e-8,0.00011475018301871311,-0.009510620906263713,-3.152768351460587e-5,1.0885357112359677e-7,-6.523306047581841e-8,-0.000298353735274161,-0.0014698216211371598,-0.012097862538896036,-0.011022634806165907,-0.030242019956258744,-0.006916648021232713,-1.3679310509547014e-9,-1.7868315928607836e-9,-4.390112216500631e-5,0.0007754313865300203,1.8187388311426858e-10
0.0,0.0,0.0,0.0,0.0,0.0,0.0,0.0,0.0,0.0,0.0,0.0,0.0,0.0,0.0,0.0,0.0,0.0,0.0,0.0,0.0,0.0,0.0,0.0,0.0,0.0,0.0,0.0,0.0,0.0,0.0,0.0,0.0,0.0,0.0,0.0,0.0,0.0,0.0,0.0,0.0,0.0,0.0,0.0,0.0,0.0,0.0,0.0,0.0,0.0,0.0,0.0,0.0,0.0,0.0,0.0,0.0,0.0,0.0,0.0,0.0,0.0,0.0,0.0,0.0,0.0,0.0,0.0,0.0,0.0,0.0,0.0,0.0,0.0,0.0,0.0,0.0,0.0,0.0,0.0,0.0,0.0,0.0,0.0,0.0,0.0,0.0,0.0,0.0,0.0,0.0,0.0,0.0,0.0,0.0,0.0,0.0,0.0,0.0,0.0,0.0,0.0,0.0,0.0,0.0,0.0,0.0,0.0,0.0,0.0,0.0,0.0,0.0,0.0,0.0,0.0,0.0,0.0,0.0,0.0,0.0,0.0,0.0,0.0,0.0,0.0,0.0,0.0,0.0,0.0,0.0,0.0,0.0,0.0,0.0,0.0,0.0,0.0,0.0,0.0,0.0,0.0,0.0,0.0,0.0,0.0,0.0,0.0,0.0,0.0,0.0,0.0,0.0,0.0,0.0,0.0,0.0,0.0,0.0,0.0,0.0,0.0,0.0,0.0,0.0,0.0,0.0,0.0,0.0,0.0,0.0,0.0,0.0,0.0,0.0,0.0,0.0,0.0,0.0,0.0,0.0,0.0,0.0,0.0,0.0,0.0,0.0,0.0,0.0,0.0,0.0,0.0,0.0,0.0,0.0,0.0,0.0,0.0,0.0,0.0,0.0,0.0,0.0,0.0,0.0,0.0,0.0,0.0,0.0,0.0,0.0,0.0,0.0,0.0,0.0,0.0,0.0,0.0,0.0,0.0,0.0,0.0,0.0,0.0,0.0,0.0,0.0,0.0,0.0,0.0,0.0,0.0,0.0,0.0,0.0,0.0,0.0,0.0,0.0,0.0,0.0,0.0,0.0,0.0,0.0,0.0,0.0,0.0,0.0,0.0,0.0,0.0,0.0,0.0,0.0,0.0,0.0,0.0,0.0,0.0,0.0,0.0,0.0,0.0,0.0,0.0,0.0,0.0,0.0,0.0,0.0,0.0,0.0,0.0,0.0,0.0,0.0,0.0,0.0,0.0,0.0,0.0,0.0,0.0,0.0,0.0,0.0,0.0,0.0,0.0,0.0,0.0,0.0,0.0,0.0,0.0,0.0,0.0,0.0,0.0,0.0,0.0,0.0,0.0,0.0,0.0,0.0,0.0,0.0,0.09903641675325298,1.147331713027429e-8,-9.237346114820516e-6,-2.8467026670040922e-9,5.966947197439266e-6,7.198771317139512e-9,0.007531893687175252,-7.878721926654445e-5,-0.0006795504236203967,-0.018108656873218765,-2.6893473747718884e-9,-1.3386186984556592e-5,0.004374348520532457,-5.265383769837572e-6,0.0017479357785219027,8.732270671596108e-8,0.0001227253100245335,0.0023867489107027933,-4.119762226397085e-7,-2.689416731212134e-5,4.878729811648425e-10,0.0007262960011079299,6.520681981851101e-6,-8.406176763454535e-5,1.4822785952175708e-5,2.7581007331280734e-6,4.3133940509286105e-8,0.0009798082032683865,-0.000518598933265719,-3.646096024210955e-7,-1.3869141366349235e-5,-0.03678710993681946,0.0010128554456516703,0.002572480537382294,-1.3572858168888794e-8,0.00019229576299743952,0.004093972431685624,3.5215650085096833e-9,-1.3650091365820071e-5,0.004141581872987918,7.039759211342291e-6,1.7381032526156279e-6,0.000836447274964958,-0.004903245006190827,9.986838106413049e-5,-0.002308762856201982,2.156715596154126e-5,5.995008211337912e-6,0.0039200722430227765,0.014238528033939641,4.9394082156618065e-5,-3.6476196657233305e-5,-0.0010177452036923443,-3.371075664528509e-5,6.716052514334414e-7,-2.80930961980919e-7,-1.3508267299176745e-7,7.626141535682412e-8,0.011816662397347945,0.004799300066154649,-1.9416091825604437e-5,-3.4188798959694104e-5,-2.2435748594319465e-6,2.1672810912944347e-7,-0.0005694789288106775,0.001458719873144038,-0.0012471519030657836,0.0001515802816807027,-0.0002843665975065696,-1.3978839624709358e-5,0.014200217160144616,-2.9867139990865345e-9,2.671292217303485e-6,-9.338410935894883e-6,0.0006002865870128219,1.4976699625091046e-7,0.006127714172323898,-0.0002510559212246208,-1.1962511647317409e-8,-0.00045720086991388247,0.0029767296616769186,-0.0020668763912111278,-1.1151216479219372e-5,4.576136454617487e-5,-1.199525682685611e-9,6.1890053409666485e-9,9.985718377426354e-5,-1.5629627821755583e-8,-2.873569248129978e-11,-0.0010891883243390433,-7.422930105225582e-5,-2.555609889151015e-5,-8.068184029709511e-10,0.0052263810066741035,5.124017737946825e-9,-1.9519884618384827e-6,-9.872803963697333e-8,0.00015188784899310183,-5.031916602816644e-9,3.138022271951185e-5,3.0262337587842053e-6,-7.531746307699595e-6,-4.656229947760946e-7,-6.5196271977038154e-6,-4.822478325674674e-6,3.2838734345913605e-7,0.002662037467093322,-0.0027223467435832254,0.00010876927508187788,0.001982268478982743,-0.0004163772801525226,-0.005843532902560886,-2.1725257718091566e-9,-0.006165932717976523,-3.649111342328707e-5,1.5614330581805497e-5,0.00019477370134574512,-8.347479578749405e-6,-0.006451179068730625,3.2847360253811065e-8,3.007866525827579e-6,5.499539186695186e-5,-0.001983661222458127,1.1609225899766122e-8,0.0003697173158455955,-1.48865041530522e-6,-6.21245130528968e-10,6.398951093356942e-6,-5.809337916626353e-10,1.1481805376092208e-5,5.448432655859841e-8,0.008310746568902957,2.6741623724613757e-5,0.0001736281927754309,-0.0032005382159553124,9.115149464950453e-6,-6.026493683199736e-6,-1.3546377670114575e-5,1.3985968413060871e-6,-4.369230271662797e-6,0.0008470468187679103,-0.0001583906388771837,4.815433311765823e-9,-3.748680988978875e-10,-2.4183957761026114e-7,-3.604012572815562e-7,0.004791337640862608,2.3550225043441345e-6,-9.568658783845533e-5,4.362490736335936e-9,0.0028330743678029245,-0.00011319398316480509,-0.001969823830755824,-5.933342954894643e-7,-1.0897924460062691e-5,-4.278867220587886e-9,-4.2243789586284825e-5,-3.301634225109305e-8,-8.729144668858905e-5,-1.0155010935930085e-6,-1.4245988451801615e-5,2.5062786167010253e-8,-4.705719815355315e-5,2.9203909392894885e-5,-2.935132901280522e-5,0.001592217405416949,-1.019185149822211e-8,-2.135091386359062e-5,-1.9076547206612484e-7,-7.286893153371016e-5,6.850884481429239e-5,1.5239160255500885e-6,0.0001431379278009897,2.3658110242018408e-5,-1.0944966352873122e-9,-5.496457466133446e-5,-0.000685344430028532,0.00030892264337280636,-3.853707501451786e-8,-2.328156792461328e-6,-0.0008517380959402816,-0.0011527349592840496,0.00017863931792546777,0.0006749386447712191,-0.0005405178973370361,0.004614070552753526,-2.519539593644838e-7,1.36756920485523e-7,6.644166041567516e-6,0.00040019432164560716,-2.5750767317199746e-8,-0.0031761364207044743,-6.435707843466316e-5,-0.012484819689544683,1.6910605306695042e-5,0.014378958717351807,4.467678623883625e-7,-7.237190203832786e-6,1.2052968648199766e-6,-3.1765713092396186e-5,3.142811107289841e-7,5.459367386620706e-5,0.0008409964015837688,7.658785862327632e-8,-3.036760744544045e-9,-0.002132133001780247,-3.4183567737533443e-6,3.840950474978025e-9,-1.5984970076610082e-7,3.52964348898383e-8,-6.782519735649172e-8,-3.106381672580591e-5,-1.1418329110294208e-5,0.0007146008829072466,-1.3759467184126002e-6,-0.03859449611609233,3.6557167254027976e-6,6.936082848337924e-8,-3.8914884706211404e-9,-7.696056749404451e-7,0.004260901152576828,2.7444330449323586e-9,6.506379600803422e-8,-0.03098919521732188,-7.233622593917989e-6,-0.028914383813106622,0.0004954784927800776,2.2144719589786493e-7,-8.709435093646905e-6,-4.826272412450855e-8,0.00073492887284226,3.286961448468247e-10,0.012672877848097642,0.01408841580457726,-2.8414166638047935e-8,0.001229088325561002,5.184197577462881e-7,-3.605141444689539e-9,-1.633427011776609e-7,-6.439721782302045e-6,1.2745660151200232e-6,-0.009610511142676878,-0.0009403721832279847,-2.6411289891729784e-8,-7.756396264187638e-10,-3.4143627522162135e-6,6.232890817596072e-8,0.001453790511565519,2.187926192849379e-5,-4.30074917457221e-10,0.0003373282026817731,1.4749195756460357e-5,-8.374297624464641e-9,2.2170391884258865e-5,-0.00042629739297245537,5.056803627519182e-8,1.8867860227909507e-6,2.2118374343244283e-5,0.0031885558756560278,4.680352289979144e-6,3.318425423796251e-8,-2.492801061561876e-5,-4.655468434737027e-5,2.653825891452927e-8,-0.0012015091166448092,-1.71884593660096e-5,-0.007138184138129417,-0.0005386471850007167,-0.00028907607050969024,-2.19736404826409e-6,3.6073632758626343e-7,-5.920525698396699e-6,0.001284836196312885,-8.866223083343135e-5,1.0596415754933087e-6,8.168355434174629e-7,-2.570630021967856e-8,-5.244784647305225e-7,-0.0007079630911825741,-1.510708197531783e-9,-1.272854895186258e-8,-4.7773755840871924e-5,1.7464697730180961e-9,-6.568538093819172e-7,-0.00013499316456271163,-4.543817737168445e-5,-1.4515089820649981e-5,3.3405671627318996e-5,0.0006451966553817926,-0.0012175580330285702,2.8973602303473497e-9,-1.278493157246095e-7,5.810371358038979e-5,-0.0001392293546117376,0.00042949415388514854,0.008643596264839128,-1.1227770455821841e-8,1.7517755929518986e-9,-4.065626128741146e-6,1.4069441753079475e-5,8.155456299957138e-6,4.4911108056102786e-5,-2.116705014318605e-7,-5.450297102479204e-7,0.005769117397109965,-0.0303310404256767,2.8089498054619002e-6,0.012857780060142569,0.0014233108050616288,-2.0794160331942193e-7,1.0708966528713217e-6,-6.367618112577575e-7,-0.00046117937095047475,0.0012769726304221831,0.0015461958181037015,1.4565820429961986e-5,1.8594630903663336e-6,-3.527046720169544e-5,-2.020746206311896e-5,-1.503455554270354e-9,0.0008849916789417258,-3.631997753964852e-8,0.0023800308820478033,-3.7646988868685865e-8,-2.3433406385563654e-10,0.0020093059812011952,-0.00020315456314773646,-0.02076247339687348,-0.006675616118731417,0.0029623606306115285,0.0030463616736333874,1.863419049238151e-8,1.0226410781507857e-5,0.00011046333388344337,-5.050419096393839e-5,-0.0012269781401560112,7.43078800045507e-5,3.761304348415827e-5,0.0007549769060377088,1.518376539587521e-6,-0.0004559637957351386,-2.3694982585990362e-8,-0.00023792692570030467,3.219589279822147e-5,-7.449679533586589e-9,5.258529111646536e-5,1.267964131185313e-6,-0.0019319149524820323,-5.942791812765768e-9,3.3279903470071095e-8,-7.809045549294812e-5,0.00022350020711491776,-4.297420199773474e-6,-2.749026021565969e-9,-1.5847068317211756e-9,-2.2328777687126681e-7,-0.00011158536212636402,2.5782584318557124e-5,0.00014154460777847516,0.0007349655675005023,6.546360675595266e-10,-1.2085886516545984e-5,3.885785014570531e-6,-7.643396019622417e-5,2.4934322925842444e-5,-0.0004578373047352069,1.1075988513465017e-7,-3.725349396555159e-5,-0.0005283163455969708,-0.004605423217973127,-3.365567429136554e-8,-8.205704556459129e-5,0.002026854280203817,-1.3542370272267365e-7,-0.00014978476699207426,0.00011274996845374157,7.76162661506256e-5,-6.2085121655674675e-9,0.0028055262963957825,6.129523118794684e-5,4.597991985929499e-6,-0.00010177701729129712,0.00042696864560488255,-6.580920743861816e-5,-9.735707594395665e-6,-2.9746621842150778e-8,-7.475137932548333e-9,-0.00030214487996233804,-0.021248153672383342,-0.0009713256376241436,1.9422419118098125e-6,-1.373607566423972e-7,0.001485622846473319,-1.2550430303826365e-8,-6.248286285608073e-6,-8.636475998196551e-7,1.0163463314012182e-7,0.0005444687541065835,-1.690279491106063e-6,-0.020794185722182775,-0.001462927555845036,-0.0002624945125814961,9.3299852204634e-11,-2.2356044579903317e-5,0.001059789562666809,0.005537553395395164,-3.507226294115896e-5,2.14019305594465e-5,-2.1854436845324523e-5,8.564483078176049e-5,5.790651174235259e-9,-2.3346132294726295e-10,-2.3679165944048908e-9,-0.001673744034032256,6.011170320171431e-9,-0.006677591550285594,-0.0004705051006066911,-0.002020268094192257,1.7253865980030857e-5,-0.0010602601928375224,-0.0001870537680478896,-3.441191951721801e-10,-0.004912686948288831,0.006361461499276838,0.0015700393567892462,4.07709831843432e-5,-3.1403240021765783e-6,1.4949792282596792e-5,5.938337706553673e-10,0.001866181680956265,3.2185859976689925e-6,-0.00040159101822429666,-1.3747923835001375e-5,6.866279039031575e-6,2.3854663012325397e-7,0.006016175115521933,-5.858924061215612e-9,-0.004363717362054263,-0.0004960945182916189,1.2151263419769273e-6,4.412218854569512e-5,5.294303173404499e-6,-0.004380477793444331,-0.00011373857797046344,4.8512683447800724e-6,6.963167845763897e-9,2.496144522730774e-5,-0.0020519432170843436,5.52812095664589e-7,-2.6076538672925702e-5,9.2760099968413e-8,3.1620327056785326e-5,0.00032463453546692907,3.937822218388057e-6,-1.0333765023961293e-8,8.408017810228157e-6,-3.297101378201332e-5,5.025539114509799e-5,-2.0006559213731312e-5,1.066783414114139e-7,3.3885753130833676e-8,0.0020565471192087845,-0.0006610040397393793,2.2486038077968016e-9,3.511025299798851e-5,-4.325567426742497e-5,0.0020756568038667175,0.005400850039201752,1.7232261916557305e-9,-2.23079885319633e-9,-0.0009647787880961374,0.004274370461764285,9.735020337785604e-5,-7.550703307911506e-7,0.0007262678446296397,0.0007510472273150334,4.921367355826478e-5,-4.88495982084148e-7,1.901613502385747e-7,1.5629543639263203e-5,-3.356192482421658e-5,-0.010042379610314615,0.01174136719771699,-0.011758261954983569,0.0051509684639216005,-3.887331091334252e-8,3.4021551141151686e-9,-8.095674545091036e-6,0.006634970253720162,-8.872443100398475e-10
0.0,0.0,0.0,0.0,0.0,0.0,0.0,0.0,0.0,0.0,0.0,0.0,0.0,0.0,0.0,0.0,0.0,0.0,0.0,0.0,0.0,0.0,0.0,0.0,0.0,0.0,0.0,0.0,0.0,0.0,0.0,0.0,0.0,0.0,0.0,0.0,0.0,0.0,0.0,0.0,0.0,0.0,0.0,0.0,0.0,0.0,0.0,0.0,0.0,0.0,0.0,0.0,0.0,0.0,0.0,0.0,0.0,0.0,0.0,0.0,0.0,0.0,0.0,0.0,0.0,0.0,0.0,0.0,0.0,0.0,0.0,0.0,0.0,0.0,0.0,0.0,0.0,0.0,0.0,0.0,0.0,0.0,0.0,0.0,0.0,0.0,0.0,0.0,0.0,0.0,0.0,0.0,0.0,0.0,0.0,0.0,0.0,0.0,0.0,0.0,0.0,0.0,0.0,0.0,0.0,0.0,0.0,0.0,0.0,0.0,0.0,0.0,0.0,0.0,0.0,0.0,0.0,0.0,0.0,0.0,0.0,0.0,0.0,0.0,0.0,0.0,0.0,0.0,0.0,0.0,0.0,0.0,0.0,0.0,0.0,0.0,0.0,0.0,0.0,0.0,0.0,0.0,0.0,0.0,0.0,0.0,0.0,0.0,0.0,0.0,0.0,0.0,0.0,0.0,0.0,0.0,0.0,0.0,0.0,0.0,0.0,0.0,0.0,0.0,0.0,0.0,0.0,0.0,0.0,0.0,0.0,0.0,0.0,0.0,0.0,0.0,0.0,0.0,0.0,0.0,0.0,0.0,0.0,0.0,0.0,0.0,0.0,0.0,0.0,0.0,0.0,0.0,0.0,0.0,0.0,0.0,0.0,0.0,0.0,0.0,0.0,0.0,0.0,0.0,0.0,0.0,0.0,0.0,0.0,0.0,0.0,0.0,0.0,0.0,0.0,0.0,0.0,0.0,0.0,0.0,0.0,0.0,0.0,0.0,0.0,0.0,0.0,0.0,0.0,0.0,0.0,0.0,0.0,0.0,0.0,0.0,0.0,0.0,0.0,0.0,0.0,0.0,0.0,0.0,0.0,0.0,0.0,0.0,0.0,0.0,0.0,0.0,0.0,0.0,0.0,0.0,0.0,0.0,0.0,0.0,0.0,0.0,0.0,0.0,0.0,0.0,0.0,0.0,0.0,0.0,0.0,0.0,0.0,0.0,0.0,0.0,0.0,0.0,0.0,0.0,0.0,0.0,0.0,0.0,0.0,0.0,0.0,0.0,0.0,0.0,0.0,0.0,0.0,0.0,0.0,0.0,0.0,0.0,0.0,0.0,0.0,0.0,0.0,0.0,0.0,0.0,0.0,0.0,0.0,0.0,0.09784809321147643,0.00037633654492479985,0.0009154860761600499,-1.8279257806111787e-11,0.0051803182261917526,4.389815957832229e-7,4.978379258103388e-5,-9.62581785367509e-11,-6.306723870347073e-8,-0.0015226919605778265,1.756785345887922e-5,-7.580874306754251e-7,0.0007258084037953127,8.362737734180507e-9,0.0038793948341316305,-2.5731798564494202e-5,-1.0030819999124279e-9,0.002026696864386503,-2.6628156313886366e-10,0.0002598801963433229,-2.082636642531333e-9,0.0003472226923051559,1.2999989029254725e-5,-1.2325027391099562e-12,-0.002380466099709973,-0.006603225352147187,-2.0334484662157612e-7,9.252664818150435e-10,-0.00415330708929852,-3.165110740995635e-10,6.284264694922078e-8,3.41600713502299e-6,-1.442882566783159e-6,-0.004677086299623087,-1.3451120549302886e-9,-3.3406627059565056e-7,-0.0034518224068983837,-0.0006710357990969239,-7.155687753330898e-8,-1.5296405870257938e-10,-0.0006001841890816728,2.3955623755511873e-7,-2.7049680715510867e-8,-6.429662110021096e-10,-1.0541016763403518e-7,6.512059403487987e-5,9.997667976844518e-5,-8.435905089361054e-8,-3.1731894262972815e-8,8.090713865995487e-6,-5.152979845245535e-11,-9.000505545719805e-10,1.1472399471706641e-9,0.0061572496191631245,-0.0006414647754132948,0.0008459133092781184,-0.0028006161920205285,6.145139026568787e-10,-4.5439393174781447e-7,-1.2098411571169629e-11,4.03868756552272e-5,1.4380711478431802e-10,-0.001984112453309233,-4.439487317926192e-10,-4.011154771995476e-6,-1.2824023423843113e-8,1.542299510481787e-9,-1.6265103624604663e-8,1.9772300117643122e-11,6.341003623058578e-8,-0.00144045864132796,-4.141703460941334e-11,-1.4679217892479557e-11,-9.734910201032736e-7,0.0023630284609419843,-2.0939344657640256e-7,2.0903847886262878e-5,0.003001552872181031,3.0814663166972316e-6,3.805635048699897e-7,-6.166997277696895e-8,1.5248873537438194e-5,1.9738359299905664e-5,7.620773199155092e-5,-0.005389171962593751,-8.647801955026599e-7,-0.0007855774513630409,0.00011197204112467034,-3.874563097878926e-9,-1.347548900803972e-10,2.8572869651610064e-11,0.0001947810332831014,-1.1558452425123715e-8,-0.0005817035523694729,1.3523013937211203e-11,-0.003998456489442559,-6.672993714171953e-6,-0.0003422199300216815,6.4334384770753265e-6,3.2564684675255725e-13,-7.889940510648771e-11,-4.984419888782844e-12,3.931898515102301e-12,4.2434571579999876e-11,-0.007809505633030276,-1.683493391866222e-8,1.4318137026506755e-8,-3.556424398534962e-5,3.865922856135748e-9,-1.6055883995428138e-10,7.853144314206668e-8,-3.0305589848133433e-5,4.6349100367372637e-7,0.00011676763056775708,-3.015441367158267e-5,5.949514178686331e-10,0.0006580056829116423,-2.577173663975873e-9,0.05661172219694383,1.2609900036250584e-11,-7.369184553214104e-11,1.3715424257121078e-8,-0.0001964499543637837,3.965442341584707e-10,-0.0011661679321972253,0.000989525085346298,-1.2254125840592414e-10,0.005429944865938471,0.0003687160554472698,0.008237440227425286,-7.920643721012547e-8,-2.905678797686839e-10,-3.571386596853004e-10,7.285273341632643e-7,-4.6644487674162766e-12,0.00023962330948726064,-2.7029074084084516e-11,0.007475521763334442,-5.5550511556835e-10,-1.9670385555002368e-9,-1.433741351230956e-9,0.0006422055984694622,-0.0003237045212927879,0.0003940913397369985,-1.0832824006021794e-5,-2.3797048043248894e-8,0.0011243900156391263,4.6316172202989744e-10,0.0028572224966838225,-3.705780787409318e-8,-7.389595311134741e-10,8.006548617917439e-9,-0.025261348113352587,4.563310177383246e-11,-0.001048811721871883,-2.051386974313984e-6,-0.017269312228955853,-4.0054735304199e-10,7.284088218247027e-12,7.426835389969519e-11,0.0004110402289008205,4.280185333884701e-11,-3.2484256382347577e-10,-4.158413467203184e-11,9.84096900330822e-9,-0.0015311626028581013,-4.3527725664076875e-5,-0.00462605114543835,-9.31048217248005e-11,-3.9669032590564226e-10,-1.9548222911193868e-11,-0.0001150949577095005,-7.050777772021765e-10,0.00025750671697851693,2.2409662392722526e-5,9.932563472893378e-7,-3.4779887074636017e-10,-0.001050857692953523,0.00045263691663228903,1.6283269471901822e-9,-1.2273326602860829e-9,-1.3196026217119855e-5,-1.771098341815069e-5,-2.7861532511137256e-6,2.9055439920864917e-8,-0.006691769349640893,-0.0019001451751996343,-2.7413570400185403e-11,1.1357066489270386e-9,-0.0032814472972740815,-1.8626902443890052e-7,-2.2253868311551268e-9,2.49107447066086e-7,9.038989106260005e-5,-3.496408064108218e-7,0.007272227255514147,7.459385157135593e-5,-0.00013557975265271222,-2.6114676770799864e-5,-6.814947328205597e-12,5.6676084796157655e-5,-1.472681199434075e-7,-0.005767695596224206,-0.0019135002785471752,-8.46670216687904e-8,2.5642717059493587e-10,0.0008431192089320936,-0.001784425437646224,-0.007534527706023643,-0.00024771894501195456,0.0002662934413224297,-3.656576222664024e-10,5.8520994734540606e-9,0.00018141727383795723,2.644646511165931e-7,-0.0007375807180075488,-0.0055301624194344125,-0.0005934103932036874,-0.0008385297359572432,-3.620826596578683e-8,0.00043655751003202054,0.0067763144084856276,3.665127386634121e-8,1.8084297882203696e-12,-4.1553165381602014e-7,-9.652258051002192e-6,0.008885201188813797,-0.00046875975432720445,-0.014521894474030982,-6.224582196424978e-7,0.004827814824370277,-6.439371679528894e-9,-1.557148948277362e-8,0.03914396980369137,1.8409446216438e-6,-0.0014465498431053955,-0.004575264853739656,6.011996594847046e-5,4.317652943795827e-11,-0.00181622937189929,3.11369670195787e-7,-1.5349761449055328e-6,0.012289673645137118,0.003161872679726752,0.0007114555581908858,-0.01132804840744575,-2.3904204847527516e-6,5.916214505833547e-12,-0.00030464781293335644,-3.6826554728616733e-10,2.872727266495213e-10,-0.0026814789319790444,3.171915950899407e-11,-1.162378334278373e-6,0.00027371645824036695,-0.00010098808360331079,-7.556001481648663e-12,-4.5910102007811144e-9,-3.2572050313217845e-5,0.0026634722014930302,-5.834745298413702e-11,1.3326542844747537e-9,7.393343347893285e-5,1.1784629609543363e-9,0.0002566727950570705,1.0222481420793166e-7,3.86091959925167e-6,2.761314742291781e-6,-0.00018208278476766036,-0.0009015934721130651,0.0003310717408239918,6.747811133800573e-9,-1.9227568652567295e-7,-0.0004426694676253389,0.003551227484658438,-0.010777073731434657,-6.033732136346517e-12,1.012667803254129e-9,0.00022781596795539571,0.000933564716603364,0.00015544634298528926,-0.00034983985660347805,-0.007649253156293255,-6.1371772025144e-5,-1.1189363081654293e-5,7.046102532871629e-5,4.257877681534905e-5,-1.7099128866405073e-9,-4.4331250123088685e-6,-0.00027837155303768533,-6.530141937478386e-12,-1.5452786320986637e-6,1.1628950321324365e-6,7.46633168985201e-8,-6.662147456041348e-9,0.0017334463246031309,0.00011322331987320611,-6.716338488793677e-14,1.0250141089033259e-10,1.9114971539538377e-11,-7.386833022571134e-6,-0.006271709060058683,-0.011947518306875241,-6.500591474074799e-9,1.115926889405826e-7,-2.6496818620004354e-12,1.3058209872380954e-7,-2.095442478744648e-9,-0.0037861567330388078,-1.3214827186569674e-11,-0.0002553906654018649,1.962130712326152e-6,1.1221960961293553e-6,-1.0135933676091467e-9,-0.0002301826761088134,0.0015447398287157502,-0.00017004097308831153,-1.8745850409116182e-10,-0.00010115561557994298,7.944833772267082e-9,0.02138191459999959,-5.765029412422388e-9,-0.008700657688669029,0.00024782671219910685,2.2790614585323327e-10,1.2978745845187528e-5,-1.957569997250702e-8,4.751640353451166e-9,-7.059628205896403e-7,-9.784613099684104e-8,-0.006801799785637697,1.583750452781246e-10,-7.199161478207825e-10,-0.00011993944934656163,-2.0618316985052993e-8,3.071528246562163e-10,6.138315245690079e-7,-8.579751750297074e-9,1.9101017340257264e-5,-3.115996875858965e-7,-0.003984136972416186,1.1564979301438776e-5,-9.462650477804196e-11,0.0035454486401533163,-8.213075497738411e-10,2.7770725031306006e-12,-2.7073230226435636e-7,0.0046888572569952535,0.044259180117356876,5.6560105716299054e-11,4.071091247660459e-11,0.0002993941728248351,0.0016704753775707648,-0.0077454185746237145,-0.0004229973766413757,1.164497374224165e-5,4.096547726944778e-10,-4.459369751608463e-7,3.326497410235499e-10,-0.00025667569537839104,-8.376286390500015e-7,0.0003791299949139141,8.6145969321521e-5,1.005024126618932e-9,-9.608772023827656e-8,-0.005432758788933638,-6.328793152723461e-7,5.573013295033109e-9,1.5436703641973182e-7,-0.002636199830451718,-3.4878923368856526e-11,-5.360579682283606e-9,-0.00038023377140808406,-5.104227432490579e-5,-1.2126292504713764e-5,-4.911116842490992e-5,0.003976140750977853,-7.05499134602868e-9,-5.164885112814165e-5,9.428679788081635e-14,8.18742523147537e-11,-5.488041592396906e-8,-1.7782844234607395e-10,-0.0002075489281744592,-0.0067199175208496826,0.0023370378069187793,1.002501230322581e-8,-7.16717116214968e-8,-1.446482768263532e-9,3.6735202167117816e-11,-0.014014820055394879,-7.959728186226047e-7,0.0005899955683023828,-0.0006859708690782843,-0.0003140358160890534,-0.0065444260711492955,-1.2562400577088154e-9,-0.001132329283213703,3.800965983397299e-8,3.70486594397301e-8,-8.174133770573349e-11,0.00018232275345228798,1.4934083667014127e-10,-7.585958811854932e-6,2.3421906165545005e-8,-3.196141495637166e-10,8.14213867184135e-12,3.317104293157796e-5,1.4467748660183237e-5,0.0007979717213003504,-0.00012531743520348968,-0.00025854754770650616,1.2308871594114698e-8,-0.0038150032306484495,4.656710020509888e-9,3.786281596631634e-9,-4.156239207366206e-9,-8.698395352744054e-12,9.205034709179212e-7,5.823936239272363e-10,0.0001137200338464091,7.915268688245921e-8,-3.1069368006948426e-8,-6.194143124784799e-7,-3.099038107285443e-10,-2.448266135721695e-10,-1.240538672297193e-10,0.0007793851335131767,-4.594201009987364e-8,0.0005616882323850808,-5.900461576157092e-7,3.062535318619121e-12,-9.844546104266925e-5,-0.0051903314401939155,-3.314722792335866e-8,0.003162381369193262,2.4519257741220807e-7,1.3694499399637846e-9,-0.0021644497451306895,-1.3783563074503509e-5,-2.970056735274904e-5,-6.236583909000419e-9,-3.9916964304152894e-7,-1.805283583881618e-11,-0.02696829981071901,2.1846716436225155e-5,-1.8185236723472542e-8,-0.0008407713303855328,-5.068442999222124e-10,0.04566847393591322,-1.2411157702435602e-10,5.043444963143091e-10,-1.606402538222445e-11,0.008779915306887143,-0.0002867067011465933,7.408081500576352e-6,3.515473223468941e-5,-6.553897383009433e-11,-0.002655286302476436,-0.0036443087040997787,-5.215402144812235e-7,-5.712897065174765e-9,-0.022665705828058776,2.180025330805816e-5,-2.6918792891982626e-7,-5.189286806647267e-8,-4.0496329342717455e-8,0.009680200939306029,0.000684777437906193,-6.665578132479833e-9,-4.066839907354713e-8,-2.2518458080062595e-6,-0.003305202893594871,-3.300433769427463e-6,6.473844291498639e-10,2.0804923305503996e-6,-0.00011775980121596606,0.0008216202641371895,9.854749714268137e-11,-1.0668841291988929e-9,-7.438986233883154e-9,-9.08769028079582e-10,1.561052301168815e-8,3.258769832894896e-8,-0.018996402497818234,-0.002218626737189339,-4.203743398390117e-11,-4.3578800342179045e-7,6.764430525412646e-5
0.0,0.0,0.0,0.0,0.0,0.0,0.0,0.0,0.0,0.0,0.0,0.0,0.0,0.0,0.0,0.0,0.0,0.0,0.0,0.0,0.0,0.0,0.0,0.0,0.0,0.0,0.0,0.0,0.0,0.0,0.0,0.0,0.0,0.0,0.0,0.0,0.0,0.0,0.0,0.0,0.0,0.0,0.0,0.0,0.0,0.0,0.0,0.0,0.0,0.0,0.0,0.0,0.0,0.0,0.0,0.0,0.0,0.0,0.0,0.0,0.0,0.0,0.0,0.0,0.0,0.0,0.0,0.0,0.0,0.0,0.0,0.0,0.0,0.0,0.0,0.0,0.0,0.0,0.0,0.0,0.0,0.0,0.0,0.0,0.0,0.0,0.0,0.0,0.0,0.0,0.0,0.0,0.0,0.0,0.0,0.0,0.0,0.0,0.0,0.0,0.0,0.0,0.0,0.0,0.0,0.0,0.0,0.0,0.0,0.0,0.0,0.0,0.0,0.0,0.0,0.0,0.0,0.0,0.0,0.0,0.0,0.0,0.0,0.0,0.0,0.0,0.0,0.0,0.0,0.0,0.0,0.0,0.0,0.0,0.0,0.0,0.0,0.0,0.0,0.0,0.0,0.0,0.0,0.0,0.0,0.0,0.0,0.0,0.0,0.0,0.0,0.0,0.0,0.0,0.0,0.0,0.0,0.0,0.0,0.0,0.0,0.0,0.0,0.0,0.0,0.0,0.0,0.0,0.0,0.0,0.0,0.0,0.0,0.0,0.0,0.0,0.0,0.0,0.0,0.0,0.0,0.0,0.0,0.0,0.0,0.0,0.0,0.0,0.0,0.0,0.0,0.0,0.0,0.0,0.0,0.0,0.0,0.0,0.0,0.0,0.0,0.0,0.0,0.0,0.0,0.0,0.0,0.0,0.0,0.0,0.0,0.0,0.0,0.0,0.0,0.0,0.0,0.0,0.0,0.0,0.0,0.0,0.0,0.0,0.0,0.0,0.0,0.0,0.0,0.0,0.0,0.0,0.0,0.0,0.0,0.0,0.0,0.0,0.0,0.0,0.0,0.0,0.0,0.0,0.0,0.0,0.0,0.0,0.0,0.0,0.0,0.0,0.0,0.0,0.0,0.0,0.0,0.0,0.0,0.0,0.0,0.0,0.0,0.0,0.0,0.0,0.0,0.0,0.0,0.0,0.0,0.0,0.0,0.0,0.0,0.0,0.0,0.0,0.0,0.0,0.0,0.0,0.0,0.0,0.0,0.0,0.0,0.0,0.0,0.0,0.0,0.0,0.0,0.0,0.0,0.0,0.0,0.0,0.0,0.0,0.0,0.0,0.0,0.0,0.0,0.0,0.0,0.0,0.0,0.0,0.0,0.09716274258828585,-2.922040621397848e-5,-5.3932730993433e-10,0.0011742781861573334,-6.164161545335763e-6,-0.006300059572667436,-2.3450945212612702e-7,-5.673317320392364e-6,5.604448963197602e-7,0.0075147855297905365,-0.00020353283206595265,0.010183032772905123,4.17419587922467e-7,0.00012509282284370267,-0.0020061718476384834,-2.160245463523134e-6,-0.011774235974308541,-2.6520193813741095e-8,-3.794518577985596e-6,-1.1586898111439962e-7,-0.020006139970681323,0.0005112568116108172,1.3487337388754267e-9,-0.009537531257976151,-1.3586219071520752e-5,6.971779689237888e-5,2.008159248876389e-7,0.003050556266907066,-1.9922324699690893e-8,-1.2088426679795996e-7,-3.163458627582199e-5,-0.00010506856743911743,7.701060004485442e-5,-1.5066305402591473e-8,-1.7102734609734073e-5,5.244103567624064e-6,0.005806095117010706,-7.588922690156889e-6,-5.111708745731964e-9,-0.01652182726147238,-3.539925095770476e-5,-4.128181741911982e-7,-4.381400309040013e-8,1.9436278321849066e-5,0.0001169906509053114,-0.0029245979358243474,2.096131003747932e-6,-1.1775596333847943e-6,7.758651345980208e-6,6.048726380560164e-9,-1.9052085221562654e-7,1.4146031748767277e-7,0.00022288836656168674,0.008092053142365037,0.00046760357214687266,-0.0007493415109480473,-1.1030720513090275e-6,-9.135361801888192e-5,4.192825578834803e-9,0.016100562092128463,3.2879861119169023e-9,0.0007260273926203582,4.000393034664286e-8,-0.0007174609570994367,-4.194530188679589e-7,1.414588227378336e-8,-1.5155056352077521e-6,9.839435474436613e-10,4.559904761224846e-6,4.6235975192764005e-5,-8.969014684833513e-10,-2.327140080196894e-9,-0.00011978893954222405,0.011218990761424009,1.0801996798799166e-5,0.002127230684730929,-5.441714579689471e-6,0.0003481204791080085,4.760354012017996e-5,2.2090664518785325e-6,-0.006854778903516511,0.0019140630021012288,1.7629008373761704e-6,-7.293636162148771e-5,0.0001546921129173024,-0.00021562436424276982,8.840720563612709e-6,1.4464334273671795e-6,3.269262518683423e-8,5.312878715993776e-10,6.796315508164675e-6,-1.4937395960194725e-6,1.5176694349414026e-6,7.204621857852675e-10,0.0005511779498730731,-6.468210739587831e-5,8.707175031622285e-6,0.0008460242854932417,-4.2774133695246716e-10,-3.6666864029309734e-9,-8.141817983067957e-10,-1.5609438620215205e-10,2.8268480859039815e-9,0.0006865644448159656,-1.9849959169667526e-6,-2.899149519511047e-7,0.0026112206738775805,1.5715845500629827e-7,-1.901162267649757e-7,5.372541733140555e-6,9.693876451729427e-6,2.2616367828300247e-5,0.005598629545100753,-0.0007331667526843908,-1.0027651021027115e-8,0.005471435920801332,-5.681844525104201e-7,0.0010318902655093623,1.6163437405548678e-10,-2.717516964924281e-9,6.969177623990646e-7,-0.000201967239327277,-7.999627814197891e-8,0.006267384034311858,-9.688505659716992e-6,-7.721641222949434e-9,3.177187523096603e-5,-0.0037043808728711904,-0.000478152835716819,1.9401726089322625e-6,1.1662928175889733e-8,1.4057746733696302e-9,0.00028478916764593297,-1.6127623104859623e-9,0.010773145895228894,-3.883167025357237e-10,0.002747830791009543,-2.444392147920517e-8,4.031845601638949e-7,-4.075030923790542e-7,1.0120007652883983e-6,1.6332352451072812e-5,-0.00412664531632329,-0.0009398329374399757,-2.5999480165542856e-6,-0.02852644856151059,2.0822484427179373e-8,-2.111893378738597e-5,-6.013499067579179e-6,-2.4027012043859774e-8,2.42943106218314e-7,-0.002360189675318681,1.7040612986753797e-9,-8.953867191124279e-5,-0.00020430229612829713,7.340829367073297e-5,-2.86353330122371e-8,-1.8103173348801424e-9,1.4481413321147471e-8,4.379987476186201e-5,-5.799079968490208e-10,-1.0099878081126581e-8,-2.0893626043628905e-8,7.272853810182299e-7,4.9887337764952236e-5,0.008870396729106122,-0.002027429200892243,-1.3781456705841355e-8,6.9330834979018035e-9,-6.640393133168404e-10,-0.005682986741011675,-4.704931394886295e-9,-1.6151276273879105e-6,0.00044764222998618753,0.0003217292292506537,2.653291146584339e-8,-0.0006771299658230072,0.001070029027753386,9.113425326465875e-8,-7.3228810046571e-8,-0.00016220175938787664,-0.0030857919769645406,0.00011438922827986916,2.2490076751677218e-5,0.001744559219656697,-0.0006666723444249675,7.174085427731663e-10,1.9727078351648528e-7,9.724781727984829e-5,-0.0001347174804356194,-2.307466936039609e-7,6.218813463494076e-5,0.004718623826223162,-3.097951928594018e-5,-0.00010740721033897555,0.012338118905182369,0.018866741167848918,-0.005202342792809266,1.0134690807447178e-10,0.0018707972194156593,8.633698821634195e-6,-0.00014310885408595493,4.153678374919501e-5,-0.00012103127084642873,8.978619760271152e-9,-7.392593409971092e-6,-0.0011423905998634515,0.00013558107987315964,0.00039361507283852166,0.009457848944708372,-3.2380894252011866e-8,-6.97851898225795e-8,-0.007442692102744718,1.9672200735314446e-5,-0.004029134915127644,-0.0007352313477322282,-0.00025066779491649563,0.014732069950933563,-0.00013276139846211127,-2.9532872556666265e-5,6.601056081791424e-5,-4.990392834062847e-6,1.2626006247889554e-9,4.109553039852131e-6,-0.0005265192375534366,-0.000257150368567296,-0.04692873813718274,-0.000382260622207977,1.7916977521994383e-5,-2.507698571543137e-5,1.7054260145508924e-6,-9.023163074928866e-7,0.0013277888927766864,0.0002798597638323975,-0.0005550657750246101,0.0001096699209536356,0.0009623664235762453,1.7034606328286245e-9,-0.004488113855483264,4.973842532510353e-5,-8.576252058722171e-5,-0.00020106406546113696,3.241543452999822e-5,0.0038113970639148055,-0.00020483552232331668,-0.0003816682193661691,-1.260051397437115e-8,7.559064125694255e-6,-3.147426484011595e-8,3.6757249947436844e-8,7.322253426066297e-5,4.277156385549166e-9,-1.0306537631406214e-5,-0.00024451225982743393,-9.796210816922897e-5,-1.4805356773203483e-9,1.497450700128999e-6,-0.0025380384869400398,-0.00011670715574224967,-5.848107501118754e-9,6.509758372911007e-8,-0.0003534473459895038,2.2507667067842926e-7,0.04855639572274816,6.091434425555637e-7,-9.464070047404727e-6,8.402971889232241e-5,-0.008842319688931446,0.0018211342754480074,0.004239867871554204,4.08014181238717e-7,-1.3393487313005595e-5,-0.005933184296900868,0.000997080830340404,-0.0011967011568984685,7.06498972834958e-10,-2.7151223843236177e-7,-2.9871222708001885e-6,-1.6744226621154663e-6,0.0153882074832532,-1.2545393116334967e-5,0.003858340139394375,-0.003754077525014135,-0.0009588137516801927,-0.008091398966894377,0.004191137363910319,4.2225829415668236e-8,3.581214787146831e-5,-1.0095915472402262e-5,-5.830917814297788e-10,-0.0001911140095307799,-1.805096237175772e-5,8.767365194510868e-6,-3.344948353037081e-6,2.7850502064210836e-5,-7.372550315198758e-7,-8.179309692932226e-10,6.486849802470704e-9,8.257814870212081e-10,-0.0001533402274661383,0.0007023575229851713,-0.00225911311254172,-5.6536498690835e-7,7.504854318579478e-6,6.963794748213469e-10,8.708386487028601e-6,2.1305700307563254e-7,0.0016880034645853355,-1.6162176983959633e-9,-0.004846109886828825,1.584494846424801e-5,0.00018765169172204192,-5.281287967109239e-7,-0.0053581786316219465,-0.009918688847642987,0.0019335483679573722,-1.378809355105172e-8,-1.5576889690373205e-6,6.352930231308083e-7,0.0004414906389552887,-6.428015992744207e-7,0.000807560292082221,-3.6897552109224206e-7,-1.433973287487842e-7,0.0012404089309014997,-1.3770685084050997e-6,-7.652000755091141e-7,-2.796435731613232e-6,-1.3946400749382965e-5,6.62476938498274e-5,1.1940954508009821e-8,-2.082837082476149e-8,-0.008519063543528799,-1.6548100050201634e-6,3.0875288165219865e-9,3.7590178518215516e-6,-5.4903445748878556e-8,0.035430632435899896,4.767746696296471e-6,0.00019885173607684308,6.702775575064182e-5,-5.552197235407346e-9,-5.714979324032639e-5,-2.3675381996583656e-8,5.124905131832192e-10,-8.238212765827232e-5,-1.795751897936462e-5,0.0001273037786603461,-2.009203155475947e-8,4.833198274077339e-8,0.0013388462298828277,-2.7437120816899333e-5,0.0006149608779029953,-0.011443808822278155,0.003851928462705419,2.897015566583489e-8,-3.766051368741654e-5,4.988315760694887e-9,-3.1740823135404914e-5,-3.943667043054561e-5,0.0005905775663934736,-0.0037319053345232266,2.1350536871032962e-8,-4.586568262269995e-6,0.0007937294492724559,0.004932538755798973,5.530922623122444e-6,3.115659140116417e-5,-0.0007031804104864622,-6.530434255987607e-9,1.0797064781323552e-7,0.008329240440848857,-0.003694108511000843,7.064751638074097e-5,-0.0031657268438531412,-4.652123335672706e-6,-1.7094777595245065e-6,-0.0004929516521341419,5.245370575849267e-10,-5.999414183312027e-9,-2.3650035405155254e-6,-2.2157338391181563e-8,-0.013953446626608084,6.519587052627601e-5,-2.7128706491225072e-5,1.6147383517073677e-7,3.5666338593771118e-6,-1.5316191262354564e-7,7.277643195105785e-10,-0.00024102571962647678,-8.372092408571368e-5,4.9192243665490475e-6,-0.04190147209262518,0.0002793589430719971,-0.00012620677836216968,-1.826023828045617e-7,0.012328236101363804,6.226035015482624e-7,-2.183804024793163e-6,-2.6368856910996104e-8,1.114960364572922e-5,2.8116612714609393e-8,-0.0015009915258136068,-1.1690563367638748e-6,-2.8825936990442205e-8,-7.019121835578862e-9,-0.00016548491046696506,-0.0002255766432196923,-2.6896470806264584e-5,2.044971037171677e-6,1.736980381248125e-5,-2.025383287884965e-6,2.109280800593384e-5,-9.289993125321831e-6,1.0217183889012828e-7,1.498479524114498e-7,-1.5666517722578922e-9,9.164673650909047e-5,6.298265707725391e-8,2.062289932906818e-6,2.9244205357247704e-7,-1.4074939850494032e-6,-7.590046622254698e-5,-9.48593093513273e-9,-5.387806503090496e-9,1.9518282653108176e-9,-2.2413162724585123e-5,-5.322821095742458e-6,0.007735672522653675,-0.00010524141123345872,5.646389805862106e-10,-0.000815663978134378,0.00031266873392978153,-1.3139355458234611e-5,-2.8507397125611553e-5,2.150368940259043e-5,1.376271633451383e-7,-0.010430777264520828,-0.0015212672881215576,-0.0013708505714927007,5.13446847776314e-7,0.0005418700288450156,-1.8473382277483824e-10,-6.44669558071089e-6,0.0007570471194118238,2.6772782467533276e-6,-0.006430895370109733,-3.0678939375293594e-8,0.0008744741677024901,-1.3845419041272936e-9,4.260749882344901e-8,-6.292074833875549e-11,0.0010925048977047827,-0.003821638949115191,0.001074666711224324,0.000506953177654421,-4.416911263821722e-9,0.00014500383737655007,0.0003075799511423937,3.4058349665948544e-6,-6.51166269605676e-7,0.00035224479810546993,-0.0002368342026737964,-0.00012728747069337183,-3.8645733684216515e-6,-5.110340737632517e-6,3.802630679795026e-5,-5.363022570346988e-6,-3.4948879893397984e-7,-3.919717265211033e-6,-0.0001536067301467012,0.0018033831448628628,-0.0002287473139969006,1.612967382019599e-7,0.00035003415173519184,-0.0023461427835093558,0.01754183115788649,9.774231174673652e-9,-5.647272233780702e-8,-1.2951948020532952e-6,1.6723130286047096e-6,1.3245698164912397e-6,1.8348238140211144e-6,0.0004963920545923732,0.00014213949811644612,-1.7541133938898773e-9,-0.00011299169859609538,6.988040914848929e-6
0.0,0.0,0.0,0.0,0.0,0.0,0.0,0.0,0.0,0.0,0.0,0.0,0.0,0.0,0.0,0.0,0.0,0.0,0.0,0.0,0.0,0.0,0.0,0.0,0.0,0.0,0.0,0.0,0.0,0.0,0.0,0.0,0.0,0.0,0.0,0.0,0.0,0.0,0.0,0.0,0.0,0.0,0.0,0.0,0.0,0.0,0.0,0.0,0.0,0.0,0.0,0.0,0.0,0.0,0.0,0.0,0.0,0.0,0.0,0.0,0.0,0.0,0.0,0.0,0.0,0.0,0.0,0.0,0.0,0.0,0.0,0.0,0.0,0.0,0.0,0.0,0.0,0.0,0.0,0.0,0.0,0.0,0.0,0.0,0.0,0.0,0.0,0.0,0.0,0.0,0.0,0.0,0.0,0.0,0.0,0.0,0.0,0.0,0.0,0.0,0.0,0.0,0.0,0.0,0.0,0.0,0.0,0.0,0.0,0.0,0.0,0.0,0.0,0.0,0.0,0.0,0.0,0.0,0.0,0.0,0.0,0.0,0.0,0.0,0.0,0.0,0.0,0.0,0.0,0.0,0.0,0.0,0.0,0.0,0.0,0.0,0.0,0.0,0.0,0.0,0.0,0.0,0.0,0.0,0.0,0.0,0.0,0.0,0.0,0.0,0.0,0.0,0.0,0.0,0.0,0.0,0.0,0.0,0.0,0.0,0.0,0.0,0.0,0.0,0.0,0.0,0.0,0.0,0.0,0.0,0.0,0.0,0.0,0.0,0.0,0.0,0.0,0.0,0.0,0.0,0.0,0.0,0.0,0.0,0.0,0.0,0.0,0.0,0.0,0.0,0.0,0.0,0.0,0.0,0.0,0.0,0.0,0.0,0.0,0.0,0.0,0.0,0.0,0.0,0.0,0.0,0.0,0.0,0.0,0.0,0.0,0.0,0.0,0.0,0.0,0.0,0.0,0.0,0.0,0.0,0.0,0.0,0.0,0.0,0.0,0.0,0.0,0.0,0.0,0.0,0.0,0.0,0.0,0.0,0.0,0.0,0.0,0.0,0.0,0.0,0.0,0.0,0.0,0.0,0.0,0.0,0.0,0.0,0.0,0.0,0.0,0.0,0.0,0.0,0.0,0.0,0.0,0.0,0.0,0.0,0.0,0.0,0.0,0.0,0.0,0.0,0.0,0.0,0.0,0.0,0.0,0.0,0.0,0.0,0.0,0.0,0.0,0.0,0.0,0.0,0.0,0.0,0.0,0.0,0.0,0.0,0.0,0.0,0.0,0.0,0.0,0.0,0.0,0.0,0.0,0.0,0.0,0.0,0.0,0.0,0.0,0.0,0.0,0.0,0.0,0.0,0.0,0.0,0.0,0.0,0.0,0.0,0.09522811384503688,-1.2669716160052705e-12,0.0010470164401065437,2.2327662775259612e-8,-1.677850625857447e-7,-2.186936423081377e-11,-1.0903522500438773e-9,-0.0016164985208547867,2.801845089675149e-7,7.713378769641405e-9,2.1620816190782593e-5,3.0751298352684454e-10,-0.0019313539041790916,-2.211349859815834e-6,2.4989372174526246e-10,0.00034914366487758805,8.75782164935789e-12,0.011580567298429916,-1.1556553547569891e-10,-1.2238328984195778e-5,7.38949705947431e-8,3.4743486502791034e-13,-1.2042902021253015e-5,0.001097948714423918,-5.8077643683313265e-8,-1.0339429386961857e-10,0.0003331433808781806,-1.6886969679854328e-12,-9.47748467136298e-10,-1.0988605007744887e-7,-9.536973892578428e-9,-0.019506830456536225,-2.1340075143777728e-11,1.9595198974731489e-10,0.003250284723060231,1.0783407638994681e-5,6.909733355200594e-10,-3.8347574403279955e-12,-2.9679083929113996e-5,-3.910652211175e-8,-1.021146356039989e-9,-1.3724095100747252e-11,-1.4236685167863637e-8,-1.3330791573967668e-7,4.777528832669934e-6,1.4923278598950076e-8,4.260750128476766e-10,6.658023405219658e-7,-7.0075950903215496e-12,-1.0968276585845984e-10,5.3603548114237215e-12,-1.3298447719747648e-5,1.5403063968420982e-5,-0.00020707909586697412,0.0002167883711070201,-3.895957629901106e-9,-1.42701237897858e-8,-3.0471423488439804e-12,1.4355026913690541e-6,1.267589750019063e-12,8.485107737201588e-5,-6.756754548439073e-11,-2.8895464804536505e-7,-8.722127762282385e-10,8.714180470510287e-11,2.610245817972788e-11,-1.0935881578816436e-12,2.5664315168202383e-9,-0.02072834438200748,-3.958083367555312e-13,-4.7789381703871854e-14,1.3630849939574328e-7,-2.9274212583002513e-5,3.9404608383449306e-9,9.938338328150368e-8,0.026924635793821847,1.177549301998414e-7,-1.0572794868608457e-8,-5.763918784384291e-9,3.651866279050143e-7,3.467014556316784e-7,-0.00878245786518971,-0.00866046555294302,1.178016829405736e-7,-0.0007021726370123849,0.010190990978885879,-5.294195365372774e-10,-4.529534556840254e-11,-4.097767721331178e-12,0.003193051379179313,-2.0465626757436572e-10,-0.013963196688955012,-1.9202425941645467e-12,-1.2292930750612579e-5,-2.770206007291958e-7,-0.0025031957660036418,1.1669010695406354e-7,1.6200391247011364e-13,1.5062927824025174e-13,-3.3297485470026467e-13,-1.2622903948716017e-13,-1.1114960657776664e-12,-0.0010806455392903059,2.033964337684957e-10,1.1546891212872383e-9,-1.3649901319089095e-6,7.722694472452702e-11,-6.298287637072399e-11,2.311061811332506e-9,0.003157964778854845,6.730566465117857e-9,6.089168313315103e-6,7.329016661976303e-7,5.1202874875966016e-12,1.6684646045353084e-5,2.0940749768882478e-10,0.0006917349697252149,1.9164673905843214e-13,-7.022782448549033e-13,5.851398107646025e-11,0.00588145203131965,1.2440036565743374e-10,-2.2547941400562664e-5,-0.01908506037493697,-1.5874968549981723e-12,0.001977992023911758,-1.6010536700941516e-5,-0.006075839034515903,1.0420757198321462e-9,-2.1855501566942474e-11,-9.719661009266558e-12,2.5996128287611703e-8,1.391737390414518e-12,7.859263535300043e-7,-1.1346473409837256e-12,-4.190447851158642e-5,1.6405849915390425e-12,-3.584686408419809e-10,-1.0391458741138962e-10,0.0069770161656267675,-0.014679943115304267,4.5986482496428414e-5,-1.0276804423245713e-6,9.331519845632551e-10,1.7936594865974207e-5,6.908270793216098e-12,0.006341343124634875,-3.9158806270121554e-9,-1.3986749904827575e-10,4.005404255203023e-10,0.00044334778563078864,-5.486716459677913e-13,0.004625481063652837,4.572827511268237e-7,-0.0021063070226817865,-5.5592477344502235e-12,-7.354452521034272e-13,-1.9947287114988857e-12,-0.0028650775535290947,-2.7806203537460747e-13,2.965224758383226e-12,-2.1503591808614045e-11,4.710251799212482e-10,0.0195366079964154,1.0371432753824815e-6,-7.572491007813267e-5,8.968133489794427e-12,-2.0777477134706242e-11,-1.0387162867886305e-13,-2.8789795120213124e-7,7.327653950549683e-12,0.007023818449606031,3.6262832142729193e-6,3.3081119361526856e-8,-8.002203027851777e-12,0.00010990486358493898,-5.4448240234617116e-5,1.7749737317434257e-11,-1.3097823541315624e-10,-4.730993790773165e-7,-2.8203406294745025e-7,1.1724192008820007e-7,-2.173280227809924e-9,3.756770987714001e-5,0.000973795876490625,-2.280091350929259e-13,1.2959823461791718e-10,0.00020127108703995756,4.5220833497997234e-8,-2.607751747752707e-11,8.045281549010814e-9,-4.018440861201297e-6,-3.3080534184949896e-8,-0.00024006706742844258,8.254271640496546e-7,2.087905856097501e-6,-4.228539361970448e-7,-1.1971847671244165e-12,-7.787252681073222e-7,1.9353279990258725e-8,0.0007256337845913197,-0.006228004610368238,4.522704536877905e-8,6.426201047393518e-12,-0.008394963525613293,0.00027274048908954853,-0.001960600935671543,-3.912266142317978e-5,2.3433731487967563e-6,-7.346244344271578e-12,2.7960307242045824e-10,-1.642263071362809e-5,1.4066789359643263e-8,-1.671571216798187e-5,0.000715579042208735,0.0012249825345722037,-1.228209898496734e-5,-3.847878343969713e-8,0.0010524322564077625,-0.0002548945151805254,1.1613036582884412e-9,5.739358717096746e-12,4.599522000807879e-9,-2.638962589337666e-7,-0.000266784568711799,-5.268691798275561e-6,0.0012158649207982069,5.607925863703723e-8,0.0012894481584482312,1.2139620382227785e-9,5.447232326588598e-10,0.00046237737516923317,2.4468733667078978e-8,0.00011316898458688899,-0.002457941524633202,-0.00013635743173028857,3.0245616407093565e-13,2.0849783974560505e-5,2.577008963066448e-8,-1.0140871823042732e-8,0.0023892462506648537,0.00225224833277074,2.68386732952911e-5,-0.0002786103967825388,-6.859419650199853e-8,8.914626743468601e-12,-0.006175932921318889,-2.2778684768264293e-11,7.210011973853002e-12,-0.01505598970982734,1.6205791460634304e-12,8.892821510901154e-8,-1.475273142582289e-5,-3.259158395719134e-6,-1.7488331644646444e-13,-1.043231160696196e-9,-2.734310989394232e-6,-0.0008689274409574666,-2.2573069998574265e-12,6.428122046909114e-11,-0.005108063187060229,-5.975872885858644e-11,9.735012552460098e-6,1.3768046597240001e-9,-4.525257327134494e-8,1.7923079483173682e-7,4.6553569659233625e-6,0.00011179144071289196,2.3115320870679983e-5,5.079867013682109e-10,-2.3708652821921107e-9,1.5964080235684584e-5,-4.845927644031883e-5,0.0001476915566460365,-7.628217307371716e-14,4.15507703075537e-11,0.013013483956513472,0.008897452705394824,2.442360658674666e-6,0.0046798610493544186,5.065857232804792e-5,4.999546810740343e-7,-4.587015514604229e-7,4.4788047329402015e-6,2.416565439376014e-6,1.1408330906847002e-10,8.368375615062391e-8,-0.01746391706804581,-6.134424382795147e-13,-8.101018815913529e-7,-1.699568040984273e-8,5.0463340498306306e-9,3.951655142465714e-9,-0.012901725131523939,-0.01472232153517762,2.429837727816129e-13,2.069836904184037e-12,7.763446461081399e-13,-9.98732000752866e-7,0.00020527989689427765,0.00028178762694944915,-4.97795598726124e-10,5.595039656616856e-9,1.0065970653589094e-12,1.5412291997150588e-9,-3.36091857203137e-10,3.219639527644097e-5,-3.3154648913110735e-13,-8.665422012509813e-6,2.0834922653487175e-8,2.0874065474427428e-8,-2.267064718611232e-10,-9.635734507350809e-6,3.6098958047774074e-5,3.3660734146885744e-6,-9.0744584042214e-13,0.005387567860633939,1.525519432123303e-10,0.0008378754861819435,5.2837778800779016e-11,0.00017243256396674942,0.00037315951352759986,-7.77350412632603e-12,1.7112477964086352e-7,-9.06647813366987e-10,2.695587625509671e-10,-6.550053886747075e-9,1.0484607055748975e-8,-0.0006875233138743556,2.3901023413432413e-12,-2.252696169303968e-11,3.8546445948196406e-7,2.4865724134643924e-11,-2.0232270030184802e-11,-2.5832902757485394e-8,-9.43227939616407e-11,-2.3545679170900535e-5,-2.345019493762706e-8,0.0014798550408765842,-7.326088101853613e-8,-1.398134447076189e-12,0.0009794080819948967,-3.217320576690425e-11,1.14097992386327e-13,3.501025169036562e-8,0.006441160681734269,8.790278259595096e-5,-3.694341928633904e-12,-1.1319387542739369e-13,2.436574859846937e-6,-0.0004824296473236889,-0.0003905940706116949,2.029136824316976e-5,1.0299129497140892e-6,2.608127084295508e-12,-1.3003745208494222e-7,-2.3456759061355242e-11,-0.00027537626158919554,-4.406114782520246e-9,-6.686290901093098e-6,8.969786881426864e-7,4.6868139619743716e-11,-2.437505999881167e-9,0.00010352022327230175,1.5643915507188195e-6,-6.59604897963959e-10,-3.488333153555922e-10,-4.1994094439657623e-5,-5.527929030409418e-12,-3.264860529662211e-10,-2.6393155661520802e-5,1.2773976143542317e-7,-1.9972515165031096e-7,-2.6235526129833292e-6,0.001044455696448928,5.551202049887701e-10,-1.0255458748913312e-7,8.809310141351279e-14,5.535292068259862e-13,1.6097206080880249e-9,7.1610345902138456e-12,-5.790465040474072e-7,6.175281093891949e-5,0.0646090491941967,6.265373451390104e-10,-7.063137091957771e-10,-4.09544136764888e-10,8.998664433604004e-13,2.5765155919010374e-5,3.353306135219655e-8,0.023714021472703815,-1.2305076241272984e-5,-2.9083684198918614e-5,-0.0011584178623302577,8.101865596184626e-11,-5.4004416538229744e-5,-4.5762549398229487e-10,2.9561596406797926e-9,-5.0556354486210037e-11,0.0038484097810333002,-6.041280670077268e-12,-2.5396731193011844e-7,-1.1935804671831223e-10,4.767847335183737e-12,5.82250648133685e-12,7.474025533176118e-7,4.6494519998378895e-7,-0.0016134384241538392,-0.003889516514278589,0.006132546765456109,-1.4321150324441558e-9,0.010288692764148783,4.229036067318248e-9,1.0362836317147833e-10,5.735871071415439e-10,1.047825413354848e-12,3.7687047706645896e-8,-1.8468341443241685e-11,0.007192465558734354,-3.5730923747232887e-9,-5.602317254013468e-10,-3.1484961860358646e-8,7.565354568709403e-12,-4.233406362458214e-12,-2.2259036051571818e-11,0.0008234191565154248,1.664022564613301e-10,-1.9467263925975403e-5,9.130412249933696e-8,-2.5961924442031343e-12,5.163486531692765e-6,5.620405142593696e-5,-1.0942156217744116e-8,0.00010546799037294207,7.39097072411824e-9,-1.5309083892730647e-11,-5.9381437960890935e-5,3.33157227602453e-7,3.277200491615496e-8,-4.754275235525785e-10,6.457689958737619e-7,2.519548631072905e-13,0.0018411177470573142,2.3297842072148927e-7,-5.562049142070605e-10,2.0522851352627025e-5,-1.2780839097046432e-11,0.00024069662893326236,1.0385375302138417e-11,7.499459996900566e-11,-2.1029902862523204e-13,-0.0003395985981721687,-5.330711997458571e-7,-6.51000227905599e-8,7.75032815575602e-8,-9.837437312473451e-13,5.025814299795341e-6,-0.00032900640976969264,-1.3825122433979427e-8,-1.5568616101549687e-10,-0.001156740730879833,7.345831461215235e-7,3.859264329915424e-7,-2.8749486274997926e-10,1.2377223432972112e-9,-0.00891316990372576,0.00016098217994357287,-2.823727096619402e-10,-2.563362807882602e-9,-9.242078537048075e-8,2.4991322891880607e-5,2.0953630039441578e-8,1.256267254173967e-10,-4.7392495898736654e-7,-1.586954844837879e-5,-6.10427885536302e-6,-1.6339006297312494e-12,2.867524394950153e-11,7.609631163660891e-10,1.1009194706263398e-9,-2.670465439092364e-11,1.2703460000727254e-11,-0.0009971555362362342,-8.63222055022068e-5,-8.564963605862399e-13,1.4670515144420445e-8,0.0005850339594466993
0.0,0.0,0.0,0.0,0.0,0.0,0.0,0.0,0.0,0.0,0.0,0.0,0.0,0.0,0.0,0.0,0.0,0.0,0.0,0.0,0.0,0.0,0.0,0.0,0.0,0.0,0.0,0.0,0.0,0.0,0.0,0.0,0.0,0.0,0.0,0.0,0.0,0.0,0.0,0.0,0.0,0.0,0.0,0.0,0.0,0.0,0.0,0.0,0.0,0.0,0.0,0.0,0.0,0.0,0.0,0.0,0.0,0.0,0.0,0.0,0.0,0.0,0.0,0.0,0.0,0.0,0.0,0.0,0.0,0.0,0.0,0.0,0.0,0.0,0.0,0.0,0.0,0.0,0.0,0.0,0.0,0.0,0.0,0.0,0.0,0.0,0.0,0.0,0.0,0.0,0.0,0.0,0.0,0.0,0.0,0.0,0.0,0.0,0.0,0.0,0.0,0.0,0.0,0.0,0.0,0.0,0.0,0.0,0.0,0.0,0.0,0.0,0.0,0.0,0.0,0.0,0.0,0.0,0.0,0.0,0.0,0.0,0.0,0.0,0.0,0.0,0.0,0.0,0.0,0.0,0.0,0.0,0.0,0.0,0.0,0.0,0.0,0.0,0.0,0.0,0.0,0.0,0.0,0.0,0.0,0.0,0.0,0.0,0.0,0.0,0.0,0.0,0.0,0.0,0.0,0.0,0.0,0.0,0.0,0.0,0.0,0.0,0.0,0.0,0.0,0.0,0.0,0.0,0.0,0.0,0.0,0.0,0.0,0.0,0.0,0.0,0.0,0.0,0.0,0.0,0.0,0.0,0.0,0.0,0.0,0.0,0.0,0.0,0.0,0.0,0.0,0.0,0.0,0.0,0.0,0.0,0.0,0.0,0.0,0.0,0.0,0.0,0.0,0.0,0.0,0.0,0.0,0.0,0.0,0.0,0.0,0.0,0.0,0.0,0.0,0.0,0.0,0.0,0.0,0.0,0.0,0.0,0.0,0.0,0.0,0.0,0.0,0.0,0.0,0.0,0.0,0.0,0.0,0.0,0.0,0.0,0.0,0.0,0.0,0.0,0.0,0.0,0.0,0.0,0.0,0.0,0.0,0.0,0.0,0.0,0.0,0.0,0.0,0.0,0.0,0.0,0.0,0.0,0.0,0.0,0.0,0.0,0.0,0.0,0.0,0.0,0.0,0.0,0.0,0.0,0.0,0.0,0.0,0.0,0.0,0.0,0.0,0.0,0.0,0.0,0.0,0.0,0.0,0.0,0.0,0.0,0.0,0.0,0.0,0.0,0.0,0.0,0.0,0.0,0.0,0.0,0.0,0.0,0.0,0.0,0.0,0.0,0.0,0.0,0.0,0.0,0.0,0.0,0.0,0.0,0.0,0.0,0.0,0.09513115779763195,-2.666234493360961e-11,6.883880721204926e-7,1.5778664499910068e-8,0.00046425518096193495,1.1918260249934066e-5,5.743090073786216e-13,-6.666439620588011e-9,3.800820377033234e-7,-1.356167382604146e-9,-0.00018598678722191305,5.842242756977993e-11,1.3115294100901786e-7,-2.485382673178788e-5,-2.6620168499349734e-11,0.000514174251419078,6.658059801921562e-13,0.0002920443243049661,1.8864452488303982e-10,-1.1242995474220136e-7,0.00556742157043358,5.093348433419546e-10,-1.7201429767903845e-11,5.11626723958225e-8,0.0005613546007328462,4.062029684100204e-13,-0.012148437629106962,-1.2928872624576433e-6,9.733839595972567e-9,3.214854157185307e-6,6.790459263013771e-12,-0.001301648569971998,-9.395661569767953e-7,-1.8741103916929997e-12,1.4185548348450957e-10,-3.731341536402235e-5,-0.0036411573415998026,1.0474506960416789e-10,1.288654375942042e-6,8.85436105039293e-6,-0.0020157318071700268,6.367819862142704e-6,-4.725697096985885e-9,5.333518979262959e-10,-4.972016911726944e-6,-2.336450918029569e-6,-6.467590752904564e-8,0.0018149275450175543,-9.474782115544933e-5,-0.00128272314598194,1.3255801109973676e-10,-5.215708104471338e-10,1.982096388377537e-11,-4.0610789273862704e-11,1.7157059384995207e-5,-1.3714399498632677e-6,-0.0036040003043366336,8.315772091111944e-9,-0.012368357623237113,-4.365198593677978e-11,-0.0002828444453211494,-1.1739588358227181e-7,0.0002319176910578859,-0.0026673755704138703,-7.479168403835212e-5,-0.012984860272704155,-8.706876828778131e-6,7.333426636372214e-13,0.02105102098818728,-0.022372320911743303,-8.308314692973013e-7,-3.9249816655130035e-10,-2.2522727607783902e-7,3.385209826660686e-8,3.0428290763261278e-12,-1.2309542225572393e-7,1.0471396217833575e-7,1.173141783609015e-5,6.811259615249428e-9,-6.141770564765802e-8,1.7504312446911826e-13,-9.539392737287654e-13,1.4830962285250614e-7,1.377692981049647e-11,-1.5304779344699805e-13,5.6291047257229834e-5,-0.00021809714488393866,0.011461276118264368,2.7877120722431983e-13,-8.026451505603822e-6,-6.002801232657003e-13,0.009823395197165052,1.9111381803921864e-10,-3.6732661937274855e-8,9.422268081012562e-13,-8.719226678021445e-9,-0.01943063362236631,-0.020175849421683656,0.003135872984409058,-0.02005400065999508,0.007728225284984701,8.537773279499702e-11,8.585694855926838e-5,-0.00011041684848107333,1.0941167501982607e-8,-0.000501460740734639,-0.00017889724047111946,5.308285844618326e-6,2.608368623158606e-13,2.8662342896084114e-6,-6.191856689961797e-9,-4.0912988516880554e-8,0.0011681019025230246,7.011308825875729e-10,1.3463005300850268e-5,-6.011714363501679e-11,-0.0011573516415566293,0.014393462027353355,-4.374436201077366e-7,1.5386189783397546e-12,0.0005479375232185833,-4.538306571501612e-13,-1.0125117769208116e-12,-0.0055046358281081904,-1.440919603834621e-12,2.8098631934330808e-9,-2.4832580577597173e-11,-1.8952543136685154e-5,0.002848020838688487,0.00577112923498811,-1.0300554117719816e-6,-0.02479015916610078,9.009411796490943e-9,0.01947652531924462,-2.0774137182214582e-10,1.630511783331759e-5,0.0006579559949998246,0.000418983472508723,-1.2395947931736101e-12,-6.688451604159408e-13,8.19596931196813e-11,2.9493794172419773e-8,-1.2552088968200074e-5,5.053080953302329e-10,-0.0008169232598041356,-1.5470362330709619e-12,2.1159695567187783e-5,0.0007160175007516107,0.0002088355682184789,-2.2679285546682346e-11,0.010860631681330108,-3.811541635766161e-12,-2.782110565300395e-8,-1.2874057563662415e-12,-0.006288264373507532,-0.0002941195388632435,-0.0013161651122350617,-2.6895495340723216e-12,-0.0011636043152984926,0.006086685673114485,-0.002129577276513786,4.302351303691288e-5,3.043322109408909e-12,9.274271634290976e-9,3.2346045930959527e-10,-0.007939891544146678,-0.0016926489091904926,-0.0018053023330861263,-2.0374165497960622e-8,5.8946283039917866e-5,-1.9610264495943742e-13,-3.368267890055918e-8,-2.5751348760869323e-8,0.0007461021299858278,-5.420496618013133e-11,5.344706610962848e-10,-0.0002131626578448216,-0.0004317516293765253,4.289055964808393e-8,7.555414195101683e-8,-9.154030902580871e-7,1.8680337316158875e-7,2.268798015414742e-10,-2.018187281763994e-11,0.016749320625979412,0.00012786638881077963,-1.4163917140664468e-12,-1.0703235396451798e-6,0.00014767918440895358,-2.777094497454183e-6,2.151601620756686e-9,-8.596731282080996e-7,-4.697681938989742e-11,-4.799077968530932e-9,-1.037933160458968e-9,1.3863256514104626e-8,0.014831161415157387,6.5182740432825975e-9,-1.7883344732632315e-6,-1.1251881992499705e-11,1.065314756470369e-12,-6.31380270955471e-7,-0.002598898747549868,-5.207154568938742e-13,2.2107578121381888e-11,7.300462673249589e-12,-2.9323495976036174e-10,3.4623454314317957e-9,0.0006289375825578233,-4.585881703613702e-5,5.1599553265804615e-9,-4.555689897036187e-6,2.4669382820778965e-10,-2.945890909474141e-11,4.000016578267314e-12,-1.580207607118353e-10,7.178533499698423e-8,-1.3429645254890454e-12,-4.59811153357672e-11,4.8209383041793405e-6,-0.0023549752473114513,-6.356108858879859e-7,4.3261561467230565e-9,1.0609811382975674e-13,-2.979240613586609e-9,6.115552328530381e-11,-2.7934664300954344e-7,-3.3503966667002976e-12,-5.707419666787768e-5,-1.7889236250182687e-5,-3.9283037829114174e-11,3.4136925404624664e-8,-1.4103342823818903e-10,2.7588444373907214e-12,2.7489070869957624e-11,-0.01371803681088168,1.346364077164862e-10,-2.6898300501777054e-6,1.075056418894941e-6,8.97184136660458e-12,7.991812527938399e-13,-2.201151655947402e-9,-2.2634521127268477e-11,6.319562122330145e-8,0.0004595789359433933,-1.4394921530298047e-13,-0.00016869501288316156,0.0016995605126161276,-2.2554161662515362e-12,0.01928892666201626,-8.880525101862781e-7,-7.241231286853884e-10,-1.0862249948484425e-9,0.010330862492538452,-8.010323001808911e-6,6.458450393324036e-8,-1.4469421123624955e-11,-0.007725758751232652,-0.0011460077542759216,-1.2654480684374212e-11,0.0007529292184655935,-3.9390154968866776e-10,1.585287841607701e-6,1.8222616442247933e-7,-5.119677649257653e-7,-1.2056652341308422e-10,-1.0848899834458387e-10,-1.4500079340674341e-9,9.185712857859398e-5,-2.2310620917578564e-6,2.008108949996536e-10,1.4853363718672075e-10,6.230378422728175e-11,-0.0016049107826818646,-0.00033586443894399325,4.429878840877944e-13,-8.974311939382599e-13,-1.1520108807352722e-8,-4.884851353049753e-13,5.355747375475423e-12,8.692149552057188e-9,3.7590933691147284e-8,-6.228685579572338e-10,9.589201956428219e-10,4.241451766799446e-6,-6.258163885021765e-8,-1.7849669383926814e-14,0.023603093552986912,1.0646972270895415e-7,-1.5924354274696858e-7,2.006792300208537e-6,-1.1869355814486491e-5,2.2720289023077755e-12,-2.965957684393756e-13,-0.01736192297386794,0.001996998624195587,-0.019118358779338325,3.360412670969264e-8,3.844148054093487e-11,3.1997480900232414e-11,3.8409586140276585e-5,1.094527228340413e-6,-0.011039925934733416,-1.6543849361589578e-7,-4.308773358067748e-6,-7.874391022067356e-12,0.028861769907358004,4.021509736688311e-9,-4.6654205186020206e-8,-3.237585364061562e-8,-0.00016593772138249766,3.572723732393119e-9,-6.152374910702508e-11,1.5391999225300565e-9,0.00354613219436204,1.139399959195526e-13,-0.00023255391631847626,-4.0767755752469286e-11,-1.6008471749457477e-5,1.9056498037590665e-11,-2.425914457898472e-13,-0.00015931454337507435,-4.3427870298646554e-8,-1.1030394856471107e-5,-5.554587144690594e-5,-7.625869639590614e-7,-5.37838980009505e-7,5.415014299233668e-11,0.003563493622718439,-0.0016276517579445222,1.108709498172651e-8,4.904325427340757e-6,0.0006592925433243594,-7.944157160856143e-9,9.513843289422276e-5,-7.868907074272698e-10,2.940928683095435e-6,-2.4878171459809517e-12,-7.960078795991244e-8,0.003709752917458346,1.8457195247727027e-12,0.00020270277656372684,-0.007943400978096983,-4.814329894229081e-7,1.6604481696702885e-13,2.575771805752924e-12,-0.001519377763497191,-0.00030261310493392567,1.3754202364312815e-9,9.89633153458102e-12,-7.605335247077588e-12,7.072180612528724e-11,2.1537130902441093e-8,-0.0004192120157605531,2.0713961610791387e-7,-0.0008610857344296839,-9.860721348774084e-13,4.4019934903000467e-7,-2.9783252737188227e-10,7.031228209254111e-9,-0.003078090748723749,-2.3086154746547186e-7,-1.0583247926287598e-10,-5.496830900298555e-9,-4.371151820834851e-6,-7.468098884973451e-7,-4.066281996705344e-12,-0.003075302747930161,0.00017126026108562652,5.217853803501804e-10,2.1256261932795184e-9,4.4587219659619716e-8,-6.075634916441691e-9,-4.053805015074052e-12,-1.578130152921203e-5,-8.900596881578145e-9,0.0007993875184618304,0.0006793428625562764,-5.502539853908951e-7,-0.008618105431227128,7.363138679276188e-10,-1.4633957997845332e-12,9.680428167286553e-13,5.860198170405538e-5,-3.106893617807575e-6,0.0001482939496449332,-0.01979339275512494,8.701900035380689e-12,-3.484236758837923e-7,4.098821157107216e-12,-3.718121479950251e-10,8.347586063286386e-10,-4.065023853342894e-11,8.633630770107546e-5,1.7478706543703987e-10,1.508770459807356e-5,5.139713464093683e-6,-8.622117740309196e-5,-1.1302783398712022e-13,-0.0001385824701606107,8.918501722722836e-8,-2.0090080519575856e-5,-0.008865773876436858,0.005141483633302039,-9.73801050091567e-10,-2.6544935349523275e-8,-1.3539162299684414e-12,-2.273851043757081e-13,7.52197935087835e-13,2.0205702780071375e-5,-7.046614024621105e-14,1.1446478941775859e-6,0.00030555354868786003,-5.499964949401147e-5,0.002795878281951861,-3.9506610504368076e-7,0.00030678948730909127,1.0287629289639073e-14,3.276368551598168e-6,8.896223747206865e-5,1.2652975662428737e-7,-0.0004921530599309911,0.004971520433814124,0.0010202968767035541,-4.543751699900237e-13,-1.6907930171574968e-6,-6.604825689741416e-11,-7.588955584070774e-7,0.023997357955869922,-4.8440666528523206e-9,1.3128836548296747e-10,2.9098891304562047e-7,-1.971884483229727e-12,-2.080090165282978e-6,-0.0004885649549401933,3.4458932747705194e-10,-4.5553233180604454e-8,1.2387803503413104e-8,0.00026838166145344875,-7.938155357370886e-8,0.005580090250516991,-2.0193799157047426e-12,6.0713807211513424e-9,4.452307604095175e-6,2.4412258028201296e-10,-0.0022097958481586367,-3.857243463946255e-11,0.00048473918745018345,-0.00025339586507857167,0.008251841349940845,3.2182678735166774e-11,1.8639781101426056e-9,9.085593475810147e-9,-1.553768694896967e-8,-0.0028462806758757057,1.881116925018253e-10,-6.3778549822209386e-12,-5.592905870421577e-7,8.280357601741564e-6,-1.7209144068030063e-12,-4.951059371282045e-8,-5.514249321183996e-8,-1.6961566480809898e-5,-2.685201859247282e-5,1.8906093580875704e-12,-9.608698633184611e-14,-3.2521740639956905e-5,5.3743049418815e-6,3.934584135512397e-9,5.0190784165027453e-11,2.335968738235444e-7,0.00010132876063947114,3.140655929873075e-8,3.307558835838772e-10,-4.237998949215903e-10,0.009883048887252244,0.00010696872449000934,6.293684738891595e-7,-2.6537824645134642e-5,-1.3106708384303888e-5,1.39480826302687e-5,-7.08198016401073e-12,-6.996026995388735e-13,0.005050475930752654,1.399720676635085e-6,1.886371398678121e-13
0.0,0.0,0.0,0.0,0.0,0.0,0.0,0.0,0.0,0.0,0.0,0.0,0.0,0.0,0.0,0.0,0.0,0.0,0.0,0.0,0.0,0.0,0.0,0.0,0.0,0.0,0.0,0.0,0.0,0.0,0.0,0.0,0.0,0.0,0.0,0.0,0.0,0.0,0.0,0.0,0.0,0.0,0.0,0.0,0.0,0.0,0.0,0.0,0.0,0.0,0.0,0.0,0.0,0.0,0.0,0.0,0.0,0.0,0.0,0.0,0.0,0.0,0.0,0.0,0.0,0.0,0.0,0.0,0.0,0.0,0.0,0.0,0.0,0.0,0.0,0.0,0.0,0.0,0.0,0.0,0.0,0.0,0.0,0.0,0.0,0.0,0.0,0.0,0.0,0.0,0.0,0.0,0.0,0.0,0.0,0.0,0.0,0.0,0.0,0.0,0.0,0.0,0.0,0.0,0.0,0.0,0.0,0.0,0.0,0.0,0.0,0.0,0.0,0.0,0.0,0.0,0.0,0.0,0.0,0.0,0.0,0.0,0.0,0.0,0.0,0.0,0.0,0.0,0.0,0.0,0.0,0.0,0.0,0.0,0.0,0.0,0.0,0.0,0.0,0.0,0.0,0.0,0.0,0.0,0.0,0.0,0.0,0.0,0.0,0.0,0.0,0.0,0.0,0.0,0.0,0.0,0.0,0.0,0.0,0.0,0.0,0.0,0.0,0.0,0.0,0.0,0.0,0.0,0.0,0.0,0.0,0.0,0.0,0.0,0.0,0.0,0.0,0.0,0.0,0.0,0.0,0.0,0.0,0.0,0.0,0.0,0.0,0.0,0.0,0.0,0.0,0.0,0.0,0.0,0.0,0.0,0.0,0.0,0.0,0.0,0.0,0.0,0.0,0.0,0.0,0.0,0.0,0.0,0.0,0.0,0.0,0.0,0.0,0.0,0.0,0.0,0.0,0.0,0.0,0.0,0.0,0.0,0.0,0.0,0.0,0.0,0.0,0.0,0.0,0.0,0.0,0.0,0.0,0.0,0.0,0.0,0.0,0.0,0.0,0.0,0.0,0.0,0.0,0.0,0.0,0.0,0.0,0.0,0.0,0.0,0.0,0.0,0.0,0.0,0.0,0.0,0.0,0.0,0.0,0.0,0.0,0.0,0.0,0.0,0.0,0.0,0.0,0.0,0.0,0.0,0.0,0.0,0.0,0.0,0.0,0.0,0.0,0.0,0.0,0.0,0.0,0.0,0.0,0.0,0.0,0.0,0.0,0.0,0.0,0.0,0.0,0.0,0.0,0.0,0.0,0.0,0.0,0.0,0.0,0.0,0.0,0.0,0.0,0.0,0.0,0.0,0.0,0.0,0.0,0.0,0.0,0.0,0.0,0.0,0.09504445517302246,2.418426008953621e-7,-1.7616145864024695e-5,9.911722688024102e-10,1.2498870876248272e-9,0.0019866419581467,-3.027220283499519e-5,1.0433140174711146e-6,0.000918286506792646,3.644781347732082e-9,-0.0014396581427201208,2.2593597251022808e-7,3.507601889573605e-8,-0.010537651406426169,4.2220959198211275e-11,-0.0002687508169428872,-5.364991402201437e-10,-4.883108430941371e-5,4.672546539032427e-7,-1.7474280217023013e-11,-0.0013223631654504442,0.009125019034501691,4.796765486510557e-7,-9.36246945645322e-10,0.002321803711974122,3.7526223589969695e-11,8.236877440586856e-9,1.4283238925907485e-6,1.1809531266725589e-7,-0.0020142133023229388,2.1557905121811824e-10,2.84130089402676e-7,0.0034745377995495123,-0.00012968285752285882,3.6516880004850994e-8,-1.7016811195607204e-13,-0.001528390455378377,8.843789023863177e-8,-6.245248709634735e-9,1.1447803867855608e-11,-2.520207347384599e-7,-1.715298932009786e-6,0.0002548585655705728,6.175702117975941e-8,-1.0148792124565215e-8,2.0257617089997332e-6,-4.84628573051282e-11,1.195299450727321e-9,-2.1711383736151629e-10,-0.0019347590601812628,0.0009148264574138587,0.0085057562692287,-0.00020612715789376375,-1.598016101560644e-8,5.145176849924516e-7,-4.744776317425103e-12,-0.00012343454513493078,2.290593790377887e-11,-0.0033449018816716198,3.266039470290219e-10,6.978805120389521e-6,-3.520152725363419e-9,6.694208478820176e-10,9.007166580272013e-9,1.5312966235404946e-11,-3.9512320135044494e-8,0.0015167188791592383,-1.455179980711226e-11,1.9152379032192477e-11,1.3659194115162936e-6,0.005439857928876081,-5.373131051111768e-8,-1.4106942873579997e-5,-0.0007883641198257731,-1.8183134773049241e-6,-1.7641758191311367e-7,-7.98502878102753e-8,8.50567359889166e-7,-1.5545572297607574e-6,-0.00025355114203746434,-0.008198147108107146,-3.093277167723504e-6,-0.01418302088667292,0.0008785053623017294,-1.9026823972063532e-8,-1.1743889284088277e-10,2.7278349797195947e-11,-0.00047122750974843374,4.483442562108363e-9,-0.000291870603886658,-1.8573749281055674e-12,-0.0019644227282147935,8.37984959426336e-7,0.002009451342854758,-3.183059976260315e-6,2.370045603358575e-12,1.0976848867595446e-11,6.321303740005419e-12,7.2000227527664355e-12,-7.333860156474229e-12,-0.002878768874432581,2.620660091616996e-9,9.691016285131553e-9,-2.7747595170463942e-5,9.52551236063022e-10,1.274777843182344e-9,-6.533256727984549e-9,0.0006009452545619407,-1.1952321207896277e-7,3.955634184548806e-6,1.0355358821685487e-5,1.275772235944047e-10,5.0115627632560314e-5,5.418193604505931e-9,0.04772486673966386,-1.0643854038290447e-11,-4.641761633110612e-11,2.000915508388416e-9,-0.0003686924770931899,2.2014058125559413e-10,7.334475401940504e-5,-0.00091111927245223,1.7324035833250533e-11,0.0032757152546204365,-0.0002237240334665211,0.0025290918314867152,2.199335116680044e-10,-2.8994956839619576e-10,-2.313853081577762e-10,-1.5508008930752335e-6,2.6792803231407262e-12,-7.903060902915223e-5,6.973701092189506e-12,0.0017517336314080824,-5.831793937818827e-11,-6.5141840504509495e-9,1.079636715758834e-9,0.0009423797786487968,0.0011819839523688868,-0.007612286825521715,-1.4360252951049875e-6,2.915225400642075e-8,-0.001224931959471764,7.307845961237413e-11,-0.0010165909329185692,1.6138509744295132e-8,-1.305119468167553e-9,4.093981029788771e-10,-0.010185928187176486,1.3415881098766869e-11,-0.00191951069457794,2.219516643581286e-6,-0.0036636224178838066,1.3913254801887297e-10,1.7673811914940794e-11,-6.58266299071154e-11,-0.001269329818462753,-9.818635273410084e-13,-1.0083232556080018e-10,2.8004387265668195e-11,-3.1586449887848e-9,-0.0011742355019510717,-0.00013007287310821966,-0.002863034135609352,1.3650294673660348e-10,1.3973417644484804e-11,-3.949952112194657e-12,4.089016468946531e-5,-2.2447106716453445e-10,3.2816852433911394e-5,2.39306125097506e-5,-1.982011930491238e-6,-2.5116320399417117e-10,-0.003952944301145046,-0.00029909611247735333,-7.765092642763183e-11,1.219505268734102e-9,5.080533570413738e-7,1.407178868805187e-5,-8.693907046347809e-7,-1.252382617999274e-7,-0.0029165785652290064,-0.02433806832197158,-2.5783716374737132e-11,-1.2480735527403382e-9,0.022253162508602542,8.738413940246576e-7,8.463382464272351e-10,-3.7080728328908304e-7,-3.501094510301899e-5,3.5358251299596196e-7,0.0009194960631748213,-5.230042927520931e-5,0.0008827092708366467,-1.843085442432717e-6,1.1981403150234792e-12,8.237380004856106e-6,8.468496364908487e-9,0.0002830288440569239,0.0009756614305712429,7.234503697335006e-7,7.598288464027773e-11,-0.0002921168544275409,-0.02721997175981822,0.0005650662029485894,-0.000551526329640929,-1.5446067009690193e-5,1.446909578726352e-10,3.3336138422970878e-9,-0.0002919934364536587,-1.5684844473309092e-7,-0.00022894182594289118,0.00015489403061565794,-0.031470286219520915,-0.0005548078061265939,8.131993163375879e-7,-0.0012605866471057314,0.011979935358274097,-4.770723753131342e-8,-1.1313425710779956e-11,-2.0135830504255416e-7,3.7032953175143824e-6,-0.003864117863202908,0.00022699331630541764,-0.0006253157687829616,6.029455785710404e-7,-0.004033372359374758,-7.340536729731074e-9,5.933361395498519e-9,0.046692513747257136,-1.5665888347072739e-6,0.004341965367128516,0.0006447200466996265,0.003673990030739034,5.666712434809446e-12,-0.0008841988800844491,-2.4660783210961134e-7,-9.604342522524337e-8,-0.008331857384685545,0.0007176433831452064,0.00015507587584121538,0.006038876542773828,2.3733802735661292e-6,4.020665602413992e-11,0.0003508127597384213,6.369373689259388e-10,-8.996117541613737e-11,0.003912625706988949,-4.172262643517651e-11,-3.324781419588116e-8,0.00028975409903380896,3.591838334138289e-7,-9.320706279640283e-12,-1.0664191274107123e-8,2.217495876129915e-6,0.007305939368994874,4.209320961920391e-11,4.3286344824283864e-10,-0.0056571132917964005,-7.462009137660088e-10,-0.00016646030843365435,2.4069649899893375e-8,8.794333625544435e-8,2.3237635722672657e-7,-0.00013110584640102613,0.010789018249544726,3.844063572145757e-5,-5.7848338015163024e-9,7.040202660457878e-8,-0.0005857594400534826,-0.0026011459771132584,-0.005436634570993241,-7.525816738996041e-12,2.552594036916162e-9,-0.00023388887185883995,0.004778701324635527,-5.993618003137285e-5,4.876987602278219e-5,0.005508046872569364,-3.4154251355084303e-7,4.847858211496195e-6,2.23060378212434e-5,-3.92329904911673e-6,-9.021481262067253e-10,-1.7918623201855799e-6,-0.0009585202608034409,4.515971037786901e-12,-2.7956796137682964e-6,9.443332129269014e-7,-4.6347669203080334e-8,2.4371909002640836e-8,-0.0028845019670839774,-0.0002889961346660579,8.250293400052622e-12,-4.11650673136017e-11,-6.296005007315456e-12,8.232264376970157e-7,-0.004039010739626377,-0.008707894857918745,-7.582791550670828e-9,-5.653789479393561e-8,-1.1404130909366369e-11,-2.9337867250168407e-8,-2.0647412101373685e-9,-0.0006085359101341416,6.447082519834118e-12,-0.00015523034693876078,-2.780768070793777e-7,-1.1778334029294995e-6,2.7625595899448958e-9,4.841227130698138e-5,-0.0009062696995785055,-8.976693972557525e-6,-1.421193485737061e-11,-0.00013968671886229128,-5.141962545868009e-10,0.015676040108893015,1.9169367403027143e-9,0.0005818915085761152,9.787185933049448e-5,5.3201196421849e-10,-8.278503556801155e-6,1.769170717956301e-8,1.1490619562400239e-8,-8.334793877662499e-9,2.413750511839102e-7,-0.006787633872670394,-6.481369295635494e-11,6.64083340122538e-11,1.2801545159675259e-5,-1.385852985816957e-8,2.3671464332855e-10,-4.246308782135571e-7,-3.844628277096498e-9,0.0009424011461748512,-1.2619800531107647e-7,0.027437181686808785,3.760995416427328e-6,-2.7626172598837666e-11,-0.005020361863802838,-1.1261816657311865e-10,-5.210130363544561e-12,5.593366537514812e-7,-0.0007056538739625467,0.018245545942829913,1.9911804519890794e-10,-3.8332748224085115e-10,0.00024223772419407547,-0.005818199791941507,0.044402508297955987,-0.0005072649522887275,-3.787146314450648e-5,-1.3231897449042337e-10,-4.183689747132141e-7,-1.1820653231287986e-10,0.001024406826171978,-2.199781872373633e-7,9.011716538408642e-5,3.9408411597794015e-5,3.2401057673031024e-10,1.3262066556805336e-8,0.007786619347455955,-2.41716668368444e-5,-1.2062531200841816e-8,-1.712216824789062e-7,-0.0027630693560119685,3.1434727540535e-11,-4.132956870922345e-9,-0.0011856620006412463,1.2284324657020334e-5,-3.979365777166435e-6,1.506409687192275e-5,0.007318490963956585,9.22176298776905e-9,1.3227197474165659e-5,-3.995933062775909e-12,3.7654513962158764e-11,-5.4223966055498115e-9,1.9348625136262906e-10,2.1449421843047582e-5,0.01726969921367176,0.0010492187014578753,-4.628194112348696e-9,-6.781617106764707e-10,-1.2528756774386637e-9,2.626275786783454e-12,-0.004659201533740765,6.567623586500589e-7,8.64272468495792e-5,2.661413217685608e-5,-0.0004614040482347675,0.012053686693701937,4.3809652981118017e-10,0.0007861178516173044,3.8162914599385125e-9,2.98664757763715e-8,-9.424057885375526e-12,0.0010242809670461908,-9.541926143962987e-11,9.340258390599875e-6,2.3095544855874192e-8,9.50860602328611e-11,-4.4316094207026805e-11,-4.279130984228788e-6,1.0638955030640924e-6,0.00041328424453994833,0.0001702310551973721,0.0009057565813175151,1.0749983596619746e-8,-0.002706084674309461,3.3837985805524687e-9,-9.54438107071697e-10,-5.580695147603625e-10,-1.579657880485008e-11,-4.5241365742052665e-7,-3.965146398371623e-10,0.0002558682251218609,3.5177465171159376e-8,-6.6850929368006275e-9,5.751560821209956e-7,-1.0700353639368767e-10,-1.444542417976517e-10,-1.2528717689699115e-10,0.00045498889987617464,2.011567651367358e-8,0.0005298966607071404,6.359891314656997e-7,4.213509015255767e-12,1.28812549741202e-5,-2.4346491794189476e-5,1.2316283731879508e-7,-0.001168986705891517,-1.0008930865104764e-7,-6.660500343017335e-11,-0.0015937277096201745,5.620257581354701e-6,7.637567586799506e-7,-5.91999973423924e-9,-3.325828731559189e-6,-8.516839772594955e-12,-0.0005463960444525978,-3.3734788407873094e-6,-4.4890773898835575e-8,-0.0010413012507260167,1.5693865164191514e-11,0.023993657052489445,-1.4665527739712967e-10,7.736913658630945e-11,-5.704053256261263e-12,0.0027819106520110253,7.010001259314839e-5,-9.217718839406536e-6,-1.1995120908525536e-6,2.4344902421007172e-11,-0.0017773554352802504,0.02191258796839598,-1.34850253085823e-7,1.7531914990145192e-9,0.027152698267715554,6.608889224069461e-6,1.231346728544077e-6,1.6920266622661997e-8,2.981327108080932e-8,0.00395355172919242,-0.0018092236247138948,8.182734156998625e-10,1.3128470323060766e-8,3.065495968455872e-7,0.0009913784010666588,-3.1521445222461035e-7,-1.4018510593528706e-9,-2.220782303510399e-6,1.3001673015471459e-5,0.0003761630671853913,-4.853872113215157e-11,-5.036216978850282e-11,-1.8448017366867505e-8,-3.920680540408917e-9,1.9755318825777113e-9,-2.990241326155799e-9,0.041719539163578664,0.013689988770114918,-3.8505054342195733e-13,5.878715197911062e-7,0.0003245176153838497
0.0,0.0,0.0,0.0,0.0,0.0,0.0,0.0,0.0,0.0,0.0,0.0,0.0,0.0,0.0,0.0,0.0,0.0,0.0,0.0,0.0,0.0,0.0,0.0,0.0,0.0,0.0,0.0,0.0,0.0,0.0,0.0,0.0,0.0,0.0,0.0,0.0,0.0,0.0,0.0,0.0,0.0,0.0,0.0,0.0,0.0,0.0,0.0,0.0,0.0,0.0,0.0,0.0,0.0,0.0,0.0,0.0,0.0,0.0,0.0,0.0,0.0,0.0,0.0,0.0,0.0,0.0,0.0,0.0,0.0,0.0,0.0,0.0,0.0,0.0,0.0,0.0,0.0,0.0,0.0,0.0,0.0,0.0,0.0,0.0,0.0,0.0,0.0,0.0,0.0,0.0,0.0,0.0,0.0,0.0,0.0,0.0,0.0,0.0,0.0,0.0,0.0,0.0,0.0,0.0,0.0,0.0,0.0,0.0,0.0,0.0,0.0,0.0,0.0,0.0,0.0,0.0,0.0,0.0,0.0,0.0,0.0,0.0,0.0,0.0,0.0,0.0,0.0,0.0,0.0,0.0,0.0,0.0,0.0,0.0,0.0,0.0,0.0,0.0,0.0,0.0,0.0,0.0,0.0,0.0,0.0,0.0,0.0,0.0,0.0,0.0,0.0,0.0,0.0,0.0,0.0,0.0,0.0,0.0,0.0,0.0,0.0,0.0,0.0,0.0,0.0,0.0,0.0,0.0,0.0,0.0,0.0,0.0,0.0,0.0,0.0,0.0,0.0,0.0,0.0,0.0,0.0,0.0,0.0,0.0,0.0,0.0,0.0,0.0,0.0,0.0,0.0,0.0,0.0,0.0,0.0,0.0,0.0,0.0,0.0,0.0,0.0,0.0,0.0,0.0,0.0,0.0,0.0,0.0,0.0,0.0,0.0,0.0,0.0,0.0,0.0,0.0,0.0,0.0,0.0,0.0,0.0,0.0,0.0,0.0,0.0,0.0,0.0,0.0,0.0,0.0,0.0,0.0,0.0,0.0,0.0,0.0,0.0,0.0,0.0,0.0,0.0,0.0,0.0,0.0,0.0,0.0,0.0,0.0,0.0,0.0,0.0,0.0,0.0,0.0,0.0,0.0,0.0,0.0,0.0,0.0,0.0,0.0,0.0,0.0,0.0,0.0,0.0,0.0,0.0,0.0,0.0,0.0,0.0,0.0,0.0,0.0,0.0,0.0,0.0,0.0,0.0,0.0,0.0,0.0,0.0,0.0,0.0,0.0,0.0,0.0,0.0,0.0,0.0,0.0,0.0,0.0,0.0,0.0,0.0,0.0,0.0,0.0,0.0,0.0,0.0,0.0,0.0,0.0,0.0,0.0,0.0,0.0,0.0,0.0,0.09473878672920417,0.00013892934252240176,8.813343676731714e-5,0.0006756101630260664,5.514996121707482e-10,0.00013043251134749046,-0.0036699760421715875,-4.186629863610931e-6,-0.0001417101838669663,-3.6420662785974543e-7,-0.0004173368681780556,0.001595457822798662,2.931844710140532e-6,9.003979528139196e-6,3.1066848633005044e-9,-0.0001010676841808327,-2.1267866704432552e-5,0.0044359327698358505,1.1016821545112117e-6,1.0177624061550963e-5,1.71403611532277e-7,-0.004484537983682588,4.102223814540005e-6,2.507918169620482e-6,-3.0440120438985984e-6,0.002597346822773003,-0.0045508535294083,0.009466352805700127,7.052401631568471e-8,-5.880256902829898e-5,-0.0007497757916706162,-3.128610185157944e-8,2.0964243557604865e-5,-0.004256045660015931,-4.331352990994392e-6,-5.663764146859979e-6,-0.0017205078770371643,-0.0008822341977734688,-4.39034023206007e-6,-0.00020114632084900007,0.0008289931700367778,1.0996121825099031e-5,0.001187373997737031,-0.0009075063161406952,3.2296306779371516e-5,8.062653364068884e-6,-8.895085526270248e-5,-1.5922675834961814e-5,-2.886421464952418e-7,9.618867065119371e-6,7.19662699421822e-7,-1.8382613273781734e-7,-0.0010326018747177667,3.709819060214672e-5,-1.8940218817733655e-6,-8.034845937425804e-5,-3.5900432970843494e-6,5.524208463514967e-7,-7.246224848725359e-5,-0.004568580869760511,-0.00014695710846000204,9.269106504650777e-6,-0.0006173807554470657,-4.83809612067224e-7,0.0006682282706458897,1.0113854416403422e-8,6.205724348642875e-7,6.376027824530208e-8,5.955358601822524e-5,2.1696265192219545e-6,0.004166234898228347,0.00043870935107484955,3.0942049656892983e-9,0.004872815426734124,-0.00038995125413685596,-0.0040927623763646484,3.930842833600543e-6,-0.00022131815518737803,1.596198056385032e-9,-3.4762485315351166e-10,0.0018897534317993405,7.527202882713267e-8,-2.607458625527654e-9,6.958342503355623e-5,-2.6124653172395436e-5,-1.8043978111753888e-6,2.3536489097297824e-9,-0.0007291562733284287,7.128726285841014e-10,-7.417057461513489e-7,-1.002374523501006e-6,-0.0007040203544686046,6.300131101969848e-9,0.002085813376138624,-4.2898991444476015e-7,-1.7455165052589449e-6,-2.436333508167957e-7,-1.6729486086069827e-7,-1.7759645046722487e-7,-1.4678565021928808e-6,0.0016230547390960245,0.0006559811252718906,-0.000536933190716192,-0.00020579334267768485,1.761901157463192e-6,0.004165542478694054,-6.4653381316312275e-9,0.0015101016440435954,0.00017939678023975883,-0.0006722666354785882,1.0746812203508891e-5,4.426342723305735e-5,0.0004127698665871985,4.838744043861162e-8,7.473788271871552e-7,7.540545031767626e-8,0.00016252451789338778,-3.3299974215229524e-9,7.598876679518997e-5,-4.433718828417692e-5,-1.5898886807029592e-8,-2.569628792389501e-6,-5.259953735006305e-8,-3.012393415854188e-5,-8.446396606626669e-8,-0.0039805812764084824,-3.1412814801870647e-6,-8.299747241748769e-7,-0.02474819240525296,-1.41504470805043e-7,2.053053056896034e-5,-7.920044566836297e-7,-2.246834884730109e-6,-1.5715287845302375e-6,-9.997070105612963e-5,4.313845451595709e-5,-7.147516179159266e-9,-4.959146857496632e-9,1.545730933150601e-6,-0.00020166019458845333,0.0023286987100576504,-6.2318760531404066e-6,6.447328958364563e-6,-2.1611539694147478e-8,-0.0007214111230513715,5.67302722361424e-5,0.000597458463566696,1.8633825029534517e-6,-6.587039966834777e-7,1.7986469469738741e-10,0.00010270224740576452,1.28890911361615e-7,-3.739477499336529e-6,-6.109663603839268e-7,-6.875977299696491e-7,-9.534483511597901e-8,2.028681703603207e-6,7.770497532005705e-6,-1.795686344100855e-5,0.0004494997892309328,3.10708697341494e-8,-0.00010114863401480981,-6.279227516002961e-7,4.466087851496548e-6,-2.311544055246058e-5,2.015762586217079e-7,-0.0003910959829578941,-3.572026241303874e-5,-3.432942928889395e-9,0.000185537133143677,-0.0004922256952681906,-6.2538779330631114e-6,-2.2407841784513835e-7,-1.3536692332690035e-5,6.66378992387961e-5,-0.0001133757744919546,-0.0007306874408692175,0.0012472099890483096,0.0023078538347706735,-0.0018140662177139658,1.5229840763495153e-6,-9.229736995005396e-8,2.4678236461208105e-6,0.00028575570014511653,-4.018237922060478e-9,-0.009958860762764844,-8.41571327845764e-5,-0.028403056610935767,-7.76102761034836e-5,0.01786460597417972,-1.2159281808114758e-6,-1.859597313786361e-5,2.3253737654569913e-5,0.00013770023950681327,-7.420692102404183e-7,0.00015968260044042827,0.0020258270225307763,-2.3084464747229963e-7,1.9934787912600664e-8,0.008107819017498937,4.108579469542647e-6,-5.608054611129071e-9,6.17252801341552e-7,-2.877314807190684e-7,-5.141254830947487e-6,0.000140109742977817,-1.1092724917590076e-5,1.4194224802692791e-5,1.8462986522089825e-5,-0.012377410620025626,-3.0728392505038587e-6,-2.593121557285165e-7,8.21165365150213e-8,-8.065419611066132e-6,-0.012638222866678045,-1.799691711584859e-8,-5.6315234364256705e-8,0.0068788342698879925,3.828040616848692e-6,-0.032223136485746165,-0.0013678151489052688,-3.7370244448593924e-7,-3.165385441648107e-5,9.446718411886902e-7,0.00722850045954817,-2.792712700075531e-8,-0.0009058292151874558,-0.0007644468023947113,3.0089878084636365e-7,0.0042762559109307645,2.813713027284694e-7,7.592601660960091e-8,-1.99369667470542e-8,2.7639447160358665e-7,6.663668925360935e-6,-0.009710115723968236,-0.024705694977145996,2.0302205706211038e-7,-7.887801056208675e-8,5.716614928817087e-7,5.141923988213901e-8,0.0063524720339111,6.34296709823866e-6,2.2195956877176128e-10,1.0804874236336381e-5,2.0574549700799206e-5,-1.393258869216502e-8,2.3333330040111627e-6,0.005217865077743974,-6.36185658145315e-6,-8.713404769548776e-5,-7.410333071197252e-8,-0.0017783752900107225,-0.00028400286134519677,-9.045212715691167e-8,-1.3692576040733102e-6,3.692428224021405e-5,-5.4162937426362216e-8,0.00010078998954608093,1.0386059913042028e-5,0.003442705266359286,0.00014008529014421995,0.0033558492454884284,-2.0424173025771793e-5,-1.7627042240060147e-6,2.8415536970874417e-5,0.0027315214994182136,0.0006735819241023133,3.21964431495212e-6,-2.824884497760917e-6,5.083421846064619e-7,-1.4982176682966666e-7,5.915876549784029e-5,1.6153083556611378e-9,2.0558095763582538e-9,5.04892071445266e-5,-9.821979900408475e-10,1.7385165123267857e-6,0.00015528349007702842,-0.0018093973745658529,6.5632805256640085e-6,-2.363968852598612e-5,1.1801323579161998e-5,-0.006501569765994177,3.2625492122714806e-9,-1.2106188661376162e-7,-0.00022322966599768246,0.0008902574280997174,0.002289991869432747,0.0007796538114250944,-5.275264637865302e-9,6.0233821725689114e-9,1.2648200489718542e-7,1.9807079981358865e-6,4.0017159634267383e-7,0.00018567548982958323,3.8152262109801775e-8,1.29859477253804e-6,0.0001963213444588613,0.0007539071646291374,3.7175032046723833e-7,0.0009393761634248883,-0.0002817150603003628,-8.463852311343846e-7,3.7293408317165306e-7,-4.1076501199594e-5,-0.0015543934755265876,0.00838886834470945,-0.00021035257979986951,-3.868114611062078e-6,-3.647728938151718e-6,7.33237953647731e-5,1.1698708786150025e-6,1.2448185410143736e-9,-3.8113684580615515e-5,5.684362452750041e-7,-0.00033290028761858505,3.964082655683437e-7,-9.099888501492861e-10,-0.00020941771590642845,-0.0003424984150423658,-0.0006174083587689733,0.00017266019060710496,0.01641968455904255,0.0018644409308884102,-3.048530289532305e-7,6.046631759043154e-6,-4.652260490842488e-5,-0.00010358636443592302,-0.0014375847255458925,-2.4150395508092047e-5,0.000445206136654742,-0.00011312217910067493,-1.3544055741955567e-5,-0.0037048787409049324,1.3868449567975225e-7,0.0007473553040506497,-1.6552990995903062e-6,3.6365050247060497e-9,-3.9783625333205616e-5,-1.4196049134496869e-8,0.0074241182945094086,-2.6263465637835954e-8,-1.0423033128965379e-7,7.208666365439298e-6,-3.5372970116094816e-5,2.3183079238061538e-5,-2.6611185647011964e-9,-5.239895842645611e-8,4.591452903863616e-6,-0.00010456469925377286,1.1974230497675404e-5,-0.003026709761314034,-8.000265148266584e-5,3.4788900109721963e-10,-0.006802951337732209,-1.0837404707756614e-5,0.00022984778124103688,5.165266650396885e-6,0.0005523132386170505,-1.0480642981737553e-6,1.6477843601177292e-5,-0.007827776615978381,-0.006022067042165713,-4.377094801975467e-7,-2.6913759776948823e-6,-0.0003344103340062872,-6.651482935242864e-6,5.3779352147261486e-5,-0.0002732134852447656,-0.000300001109870103,-7.697117175243803e-8,0.0006084714786009402,0.0001820670360570728,2.3561978057257038e-7,9.131281709437844e-6,0.0010992009620214931,3.8102010763573594e-6,-4.94892958819107e-5,7.337298847756461e-8,5.189546985368346e-9,0.002496597279169023,-0.010493196048516923,-3.1255975545718535e-6,3.5801268747204873e-7,8.80969590442243e-8,0.005163603698370589,2.740925011780117e-8,-5.9178133938255e-5,3.797252691752846e-7,-3.6732326379954316e-7,3.880200786435308e-5,3.187630057749836e-6,0.0014083112381573573,0.00941641089395389,-7.544034258614064e-5,-1.4020201792016084e-9,-3.2019646340445453e-6,0.0006583628326893112,0.0010840286530846407,1.7661032528513815e-6,8.554954839725736e-6,0.0005256117375810282,0.00017191787041888432,-1.2313988398946339e-8,-8.012995880569917e-10,2.010747528236916e-9,0.00040625492110677917,1.6498571771794372e-8,0.008391086294219117,0.00023920860586446825,-0.00021279058906954697,1.2798582287871935e-7,-0.005553125379233963,3.4544748849242032e-6,-9.670139148151962e-10,0.001761886336723452,-0.0006756992748343036,0.0038907319374950856,6.102746023442888e-6,9.443016008459187e-6,-2.0049807644464467e-5,-8.501725864225182e-9,-0.002063117703412197,-7.372107144104484e-6,0.0005149476636345467,-7.717019099319567e-7,3.388159077364055e-5,7.116021708644473e-7,-0.00681550830796239,-4.0104674415782675e-8,-0.006502837987470657,1.8664216692175738e-5,4.496904681588867e-7,0.0005495870269401934,6.995439144661236e-5,0.0002645216183226111,-0.0002904001315511894,7.92858754182241e-7,3.442430180565e-8,0.0004378049307149266,-0.0020260326156691334,6.597001164640655e-6,-8.741605100033198e-6,1.0499320200647046e-7,1.0822975535045947e-5,3.192325803664764e-5,9.639656137435982e-8,4.5850611986042247e-7,3.0068318350232132e-5,-0.00028568358586638243,0.0006985038331767223,-1.4053905672218624e-6,6.329480040784977e-7,-2.552534445670812e-7,-0.015787203339663602,-1.1199306940612807e-7,-1.682995887219359e-8,-0.00018882878792188148,-0.0005887173055907058,-0.003680224769271582,-0.0014743987811798476,-5.4877981030793017e-8,-6.751549933845441e-10,-0.00030693490713564413,3.3424591472091035e-6,-1.9518270892571496e-5,-8.537665923192661e-7,0.0042370194425604074,3.6234695615256984e-5,-0.0011187078127823551,2.880421655459717e-6,-8.546454901757995e-8,6.045954880563278e-7,2.1788184770192638e-5,0.0008805517678461789,-0.0007730971152473062,-0.000687965292118517,0.0007519163257498162,7.21133292109242e-8,-3.9764097051378304e-8,7.620609202629906e-7,0.047106849507697085,3.2502114216206534e-9
0.0,0.0,0.0,0.0,0.0,0.0,0.0,0.0,0.0,0.0,0.0,0.0,0.0,0.0,0.0,0.0,0.0,0.0,0.0,0.0,0.0,0.0,0.0,0.0,0.0,0.0,0.0,0.0,0.0,0.0,0.0,0.0,0.0,0.0,0.0,0.0,0.0,0.0,0.0,0.0,0.0,0.0,0.0,0.0,0.0,0.0,0.0,0.0,0.0,0.0,0.0,0.0,0.0,0.0,0.0,0.0,0.0,0.0,0.0,0.0,0.0,0.0,0.0,0.0,0.0,0.0,0.0,0.0,0.0,0.0,0.0,0.0,0.0,0.0,0.0,0.0,0.0,0.0,0.0,0.0,0.0,0.0,0.0,0.0,0.0,0.0,0.0,0.0,0.0,0.0,0.0,0.0,0.0,0.0,0.0,0.0,0.0,0.0,0.0,0.0,0.0,0.0,0.0,0.0,0.0,0.0,0.0,0.0,0.0,0.0,0.0,0.0,0.0,0.0,0.0,0.0,0.0,0.0,0.0,0.0,0.0,0.0,0.0,0.0,0.0,0.0,0.0,0.0,0.0,0.0,0.0,0.0,0.0,0.0,0.0,0.0,0.0,0.0,0.0,0.0,0.0,0.0,0.0,0.0,0.0,0.0,0.0,0.0,0.0,0.0,0.0,0.0,0.0,0.0,0.0,0.0,0.0,0.0,0.0,0.0,0.0,0.0,0.0,0.0,0.0,0.0,0.0,0.0,0.0,0.0,0.0,0.0,0.0,0.0,0.0,0.0,0.0,0.0,0.0,0.0,0.0,0.0,0.0,0.0,0.0,0.0,0.0,0.0,0.0,0.0,0.0,0.0,0.0,0.0,0.0,0.0,0.0,0.0,0.0,0.0,0.0,0.0,0.0,0.0,0.0,0.0,0.0,0.0,0.0,0.0,0.0,0.0,0.0,0.0,0.0,0.0,0.0,0.0,0.0,0.0,0.0,0.0,0.0,0.0,0.0,0.0,0.0,0.0,0.0,0.0,0.0,0.0,0.0,0.0,0.0,0.0,0.0,0.0,0.0,0.0,0.0,0.0,0.0,0.0,0.0,0.0,0.0,0.0,0.0,0.0,0.0,0.0,0.0,0.0,0.0,0.0,0.0,0.0,0.0,0.0,0.0,0.0,0.0,0.0,0.0,0.0,0.0,0.0,0.0,0.0,0.0,0.0,0.0,0.0,0.0,0.0,0.0,0.0,0.0,0.0,0.0,0.0,0.0,0.0,0.0,0.0,0.0,0.0,0.0,0.0,0.0,0.0,0.0,0.0,0.0,0.0,0.0,0.0,0.0,0.0,0.0,0.0,0.0,0.0,0.0,0.0,0.0,0.0,0.0,0.0,0.0,0.0,0.0,0.0,0.0,0.0,0.09461547534250712,2.445893589623145e-7,1.647464861201488e-5,4.556015056378632e-6,-0.01485014409435111,-0.0005051830226060647,0.0029922707771714335,2.1752893266118845e-7,2.6376304461879485e-5,0.0028932857177995245,-1.417464268293024e-5,-0.0003164895993594376,-7.470204027507164e-8,9.972188451992726e-7,3.518247093808748e-7,-0.013114148387106147,0.001807187655952547,5.996713159136231e-9,-0.002435387132715376,-2.123006067369412e-5,0.0004002609602769594,1.2429933935429916e-6,0.0003591564670134011,-7.200431310328819e-8,2.6610425798641562e-5,-0.003864794239729073,-0.00035700212590742043,1.4165070186354769e-5,-7.051230585549025e-7,5.633701585836221e-5,8.750753403820438e-6,0.000583274161699652,-3.9881018430253864e-5,-4.71373740846412e-8,-0.0001249781738167237,0.0006490719430303373,-1.4807786720221872e-6,-6.269698135168257e-8,9.281321962051047e-5,-0.00019055276875108924,-0.004973786267273199,-0.00012270123127194942,9.251760424997024e-7,-0.011013380750428955,6.637148301059293e-8,1.536202393006905e-7,4.3596201335961524e-7,-0.0003049154380747239,0.006700682944186027,-1.4622406589075181e-5,-7.372487269668948e-5,1.6705972728252388e-5,0.00014588191622817473,-5.743206194839624e-9,0.001980669568768143,4.091446458275814e-8,-0.00040599368549564403,-6.239996999668876e-7,-0.0055802995515622225,3.290803330784066e-6,-3.594668141870058e-7,-1.2646872234757276e-5,-4.841973808940869e-9,7.258201279958422e-5,2.88762866065409e-6,-9.534394058793928e-9,-1.2165643096434817e-8,0.0002713086091303246,-0.0007176863240630562,-0.0001406130557216105,0.011647205099993417,5.7020514870310115e-6,0.001311805690558999,-3.67128799563365e-5,4.491534938661157e-5,0.004041604965733822,-0.008877480269711762,5.698703145813831e-7,-1.1093043415561045e-6,-0.000881154854781049,3.111180614510746e-5,-2.622353677901619e-7,3.0024290517122927e-6,3.288029898147354e-8,-1.5334627942138163e-9,2.0709103050780895e-7,-4.374470500658706e-6,-3.6772454616718804e-7,1.3468647573748624e-8,-0.00033139624066731276,-0.00176111257387981,6.440853932113161e-6,0.00173762956575791,-1.6425667710865043e-9,-2.58787802770035e-8,-2.960886725271886e-9,-3.395765015865511e-9,2.1125535504744012e-8,-9.613521856201462e-6,-8.569972054866879e-7,-2.5987490759415233e-6,-0.015199264767768951,3.0730656832732266e-7,-8.02595720644906e-9,-4.778895986552697e-6,1.8604984054105141e-6,0.00013554637975524077,-0.003742884333882525,-0.01783622726047759,1.692630335867244e-7,0.012491493351819318,-4.699050949392691e-6,-4.692079465430847e-5,1.380109077292022e-8,1.5205133452128473e-9,1.8176015411365035e-6,4.8750120673484284e-6,-1.5995994743108586e-7,0.0004234138504756123,-1.0228659824158771e-6,-3.19350561797741e-8,2.4710371662023984e-7,-0.010542934020837131,-5.081903320393128e-5,-2.6880044347588983e-5,1.8202014957438558e-7,1.7862187264634343e-8,0.00046027564743735265,-1.890421710112722e-9,0.030678699090585786,-1.2612011050297855e-8,-0.001665573989784969,-1.524214375935571e-7,4.2023681795364536e-6,5.579432562855945e-7,-4.055524993845105e-6,-1.0062726814429782e-6,-0.0002598101015455477,0.018912344108356505,-1.3904836389419172e-5,0.0009080193567552895,5.785663491326565e-8,-4.614454584384068e-6,1.5401653955212508e-6,1.490360911997718e-6,1.2503685641826798e-6,0.00024032357462983026,-5.911721727125202e-10,-6.13975947335471e-8,-0.0041461944493212145,1.3070070870793802e-5,-1.0962145346880985e-7,-3.7013014469430234e-9,3.2247718517027966e-8,-1.1771744034606507e-5,2.4190487045830994e-8,-4.330292525170986e-8,1.477391703255084e-7,2.8497609067573123e-6,7.013423331863806e-6,-0.0006732728908838583,0.0005018189034208127,-1.0533053798036813e-7,-1.6708946306781304e-7,-9.690859111872792e-10,-0.027958751549910614,-2.1900392111300007e-7,-8.04921349977308e-7,0.007883883038985651,0.001698685184203184,-3.0622387961985796e-8,5.1415540218665355e-5,0.0031698812712480117,5.838771235574047e-7,-4.81936862642211e-7,-0.006808100651912216,0.00037944654502566823,-0.0020257598564120028,1.141778506919068e-5,0.0003531638142856798,-0.0001549850839951884,5.102990725909996e-9,4.133885268583633e-7,2.3438887507652546e-5,-0.00018939052413119068,-7.840631949537429e-7,0.00023446564600367514,-0.02379364663033805,-0.00037739250632840834,-0.00027712458993803284,-0.0035895001726233677,-0.00023428423540763782,0.03195379865327871,-5.5485250629416615e-9,0.0015441457923762061,-0.00018955714619070283,-3.8156286834727863e-5,3.0680714023845196e-6,7.39647119131099e-6,7.2051488449759284e-9,-3.182850490239381e-6,9.150750156309771e-5,-2.6344596771211372e-6,-0.0008743070328050128,0.04473030152732094,-1.5653050935038408e-7,1.4195433983834309e-6,-0.006298676851994476,0.0002577973225283014,-0.004250375246793164,-5.887276109683387e-5,-2.677971051153601e-5,-0.00037094394609488927,-0.0005593182222766314,-5.344052668830055e-6,-8.967969226330398e-6,8.687430695304373e-5,-1.1989917083836056e-8,4.1754500824218435e-5,-0.0042139130515541036,-0.00036870830711295587,0.0025328698693225073,0.00015758446549528568,-5.3888590165617876e-5,-6.8442415668837635e-6,-1.1635984536295224e-5,-1.2377469777630818e-5,-1.376890426122236e-5,0.0002570570005920101,-0.0004502752466142485,1.6015602718015914e-6,0.0003735656233256875,9.93194211416067e-9,-0.0008544900666214996,8.439324501466503e-5,-0.0002041379156894722,1.881234212659108e-6,-7.271115011829348e-6,0.0038925931384067728,-4.360157840150142e-5,-0.00033305512786935184,8.63859409939225e-9,-4.0041599417965496e-7,-2.3230511106357088e-7,2.731803075963877e-8,-1.4976287671698832e-6,2.203599343464466e-8,-0.001102624226297866,0.000539376947782879,6.569582085937478e-5,3.514435364966465e-9,-6.586335698855576e-6,0.011023495836493188,-2.4887969739093548e-5,-1.8867083456446808e-8,-2.3981944175364166e-7,-2.7218559590691072e-5,6.740112373011782e-7,0.0004165704307336783,7.640244011491265e-5,0.001839812664066328,-0.0005145639989535594,0.010621471442693015,-0.00017741132193597632,0.004770245382719441,7.157746994928821e-6,-5.0956080434869267e-5,0.00025824881198932835,0.00042457240768791003,4.016480715220681e-5,4.399680228144797e-10,-6.252132654335511e-7,1.6685409169486659e-6,1.076117815250691e-5,-0.0027447393169732774,-1.5268077337575781e-6,0.00034875026624689096,0.04246933334310141,0.0014811001261444978,0.007464988211296657,-0.004931173848684885,-9.905764575413594e-7,-0.00032790375998401045,-6.245337375518957e-7,-1.462764786798562e-9,-0.0012256202966063159,0.0005878728842323253,-6.959012290858114e-8,-3.9694425990091424e-5,9.732211962698947e-6,-1.8458475552427692e-6,-4.931348243048107e-9,4.928059244056882e-8,8.97681468407755e-9,-0.00016840199456701757,0.00014242781798717372,0.0003453789948023947,1.2323010457524582e-5,7.798413134408333e-5,1.4405971273072746e-9,5.932182370654581e-5,1.921689480926762e-6,2.5626356216861623e-5,-2.734029322766481e-9,-0.0025138374644890814,0.0006658610440134266,0.00019887181918496648,6.583840620977294e-7,-0.005851683694508807,-0.0004052692018442716,0.010910318304819871,-1.2774160548856252e-8,1.2374143662864435e-6,1.3906990307921543e-6,5.6721411980733167e-5,-2.711982912811499e-6,-1.6877080831231664e-6,-4.012769046340856e-7,-7.04419642625897e-7,0.002062405772160205,-1.617942201665547e-5,-6.2207769548335065e-6,-0.00017566124601554927,0.0002664912652302473,0.00010131141793543521,6.072695454197712e-8,-2.1839807769439974e-7,0.04667080355328123,1.0520566541833562e-5,-7.240227216586853e-8,0.0002700260943436215,-2.8868254459337775e-6,0.0007735411836282685,0.00021243555211394925,4.1021739440583036e-5,0.004174186415565934,-2.2396894020399365e-9,1.669191293573779e-6,-2.401351276685654e-7,3.4359497196358762e-9,-0.00022848383996481515,-8.950220275854407e-7,-2.233827787175785e-6,-6.07966855696829e-9,2.749075332735423e-7,-0.0005667856795853126,4.821248650323772e-6,1.7155589344650465e-6,-0.0018513829896284004,0.00811592848433202,2.423520224328488e-7,0.000703594059355537,3.1425918988883453e-7,3.0608380109326137e-7,-0.0002405127383465411,0.0001885259938167446,0.01379799070618367,-1.1266873140416412e-7,0.00010512628607205932,-8.997595786606775e-5,0.005643245975584797,-1.868398916742368e-5,5.1202064860947703e-5,7.252750030891826e-5,4.37346121329991e-8,1.698783868506194e-6,-2.5955465857138955e-5,0.015716459145753165,-0.0024746054280145174,-0.019038242648357757,3.2953378205229852e-6,-7.850095834630378e-6,-0.022101958123743916,7.348403029514008e-10,-3.886888950985187e-8,1.362849447596923e-6,-1.3634911962940663e-7,0.0037413391383760964,1.3269750209429013e-5,2.4868428629256002e-6,9.900714728789408e-6,-7.417623628936671e-5,2.1486621983834964e-6,9.888470456787552e-9,8.36132773525598e-5,-0.0012768425884996815,7.101429133450169e-6,-0.0023118583968924885,0.0015614863165017796,-3.994373448373305e-5,-7.888847396822725e-7,0.0010794299459341498,2.2677200156446613e-6,-3.352939483487291e-7,5.43002322727386e-7,2.3427274452991087e-7,3.637448366680459e-8,0.0001897036795947058,2.579161029689843e-6,-1.0672755162828101e-7,4.055359108083921e-8,0.0002882516664663535,0.0021578774331922914,-4.272682430708055e-6,-3.1380304904691494e-7,2.8256171812755797e-6,1.1435961719556988e-5,-1.002517401013075e-5,6.156965009761338e-5,1.870441373477398e-6,-3.2383694296189525e-6,6.497029437525226e-9,0.0004560162427288428,4.0221252910382423e-7,-7.123545175770063e-8,-1.722833931706929e-5,7.338939156409856e-7,-0.0005576934964910099,-6.232522210677502e-8,6.706103458247037e-8,9.407342219680106e-8,5.870201570301193e-7,-1.7986057255028094e-5,-0.00022320181406707096,0.00010492653415569086,-4.464443327746204e-9,-0.01594741849185513,-0.00018641810820585667,-0.00011127916902297772,2.8978825600477507e-6,0.00013011467412492024,6.409812078990472e-7,-0.0006770301841811595,-0.005794504735613493,0.006929439243262237,2.3877763467401215e-6,-0.007390509358404859,-7.468338855590912e-10,2.515864190438386e-7,0.003308984120090065,8.991081647096286e-6,-0.0017108709192502278,-4.374960694896972e-8,-6.0708711267297225e-5,2.390017586129e-8,-2.527721330519904e-7,-4.589445568032283e-9,-1.1867138249679242e-5,-0.008187787273185598,0.001846990669582791,-0.0024395495344435606,-2.5841305555193973e-8,0.00017666741696251178,1.0667695619332741e-6,5.421470057632318e-5,-3.827839624430832e-7,2.1195207798464626e-5,-0.006643870138581964,0.0011055535562947349,-2.6597897007327137e-5,-3.445245526434392e-5,8.353494231531246e-6,-1.080880287382063e-6,-2.121026758414188e-6,-2.4601578395816065e-5,0.0011105341958504013,0.0006162399460643767,-0.0003973332152697405,-1.7084342236560813e-7,-0.002645034632696355,0.0008847453583346335,0.0010819730710070975,2.3427863195446125e-8,-5.021668924384869e-7,4.7917786774307456e-5,-1.0163503614940138e-5,1.982748682731462e-5,1.1771692695515207e-5,2.3702284859216986e-5,-1.4556023211916888e-6,-4.989722794779301e-9,-0.00023471819557053793,9.040858494945097e-7
0.0,0.0,0.0,0.0,0.0,0.0,0.0,0.0,0.0,0.0,0.0,0.0,0.0,0.0,0.0,0.0,0.0,0.0,0.0,0.0,0.0,0.0,0.0,0.0,0.0,0.0,0.0,0.0,0.0,0.0,0.0,0.0,0.0,0.0,0.0,0.0,0.0,0.0,0.0,0.0,0.0,0.0,0.0,0.0,0.0,0.0,0.0,0.0,0.0,0.0,0.0,0.0,0.0,0.0,0.0,0.0,0.0,0.0,0.0,0.0,0.0,0.0,0.0,0.0,0.0,0.0,0.0,0.0,0.0,0.0,0.0,0.0,0.0,0.0,0.0,0.0,0.0,0.0,0.0,0.0,0.0,0.0,0.0,0.0,0.0,0.0,0.0,0.0,0.0,0.0,0.0,0.0,0.0,0.0,0.0,0.0,0.0,0.0,0.0,0.0,0.0,0.0,0.0,0.0,0.0,0.0,0.0,0.0,0.0,0.0,0.0,0.0,0.0,0.0,0.0,0.0,0.0,0.0,0.0,0.0,0.0,0.0,0.0,0.0,0.0,0.0,0.0,0.0,0.0,0.0,0.0,0.0,0.0,0.0,0.0,0.0,0.0,0.0,0.0,0.0,0.0,0.0,0.0,0.0,0.0,0.0,0.0,0.0,0.0,0.0,0.0,0.0,0.0,0.0,0.0,0.0,0.0,0.0,0.0,0.0,0.0,0.0,0.0,0.0,0.0,0.0,0.0,0.0,0.0,0.0,0.0,0.0,0.0,0.0,0.0,0.0,0.0,0.0,0.0,0.0,0.0,0.0,0.0,0.0,0.0,0.0,0.0,0.0,0.0,0.0,0.0,0.0,0.0,0.0,0.0,0.0,0.0,0.0,0.0,0.0,0.0,0.0,0.0,0.0,0.0,0.0,0.0,0.0,0.0,0.0,0.0,0.0,0.0,0.0,0.0,0.0,0.0,0.0,0.0,0.0,0.0,0.0,0.0,0.0,0.0,0.0,0.0,0.0,0.0,0.0,0.0,0.0,0.0,0.0,0.0,0.0,0.0,0.0,0.0,0.0,0.0,0.0,0.0,0.0,0.0,0.0,0.0,0.0,0.0,0.0,0.0,0.0,0.0,0.0,0.0,0.0,0.0,0.0,0.0,0.0,0.0,0.0,0.0,0.0,0.0,0.0,0.0,0.0,0.0,0.0,0.0,0.0,0.0,0.0,0.0,0.0,0.0,0.0,0.0,0.0,0.0,0.0,0.0,0.0,0.0,0.0,0.0,0.0,0.0,0.0,0.0,0.0,0.0,0.0,0.0,0.0,0.0,0.0,0.0,0.0,0.0,0.0,0.0,0.0,0.0,0.0,0.0,0.0,0.0,0.0,0.0,0.0,0.0,0.0,0.0,0.0,0.0,0.09446350309702485,0.0021819766407391744,5.210139585218138e-12,-7.542877972370276e-7,-4.687621251915926e-5,2.873748170078688e-8,0.006913680084411685,1.660163043134663e-9,1.2220572784604432e-6,-0.0011330704311707299,-1.2860730263521772e-8,0.003514732001185953,3.427448922887523e-12,-0.013421920167699759,-3.068335099124593e-8,-2.728759722797214e-7,9.865344103447955e-5,-4.590029056680361e-8,-1.0425032525566673e-9,2.284236188976009e-5,0.004593120861467807,5.963305133485446e-9,0.000708344300490779,0.004535371619780529,-2.3389407045561915e-6,0.00012017816591138694,1.5693409776897385e-10,-0.04465216011759416,3.5473382635158364e-5,-4.377681446626682e-11,-4.713230171097885e-8,0.002191101117460033,-0.0015924028726037366,-1.820133594917982e-8,6.247207196717952e-5,-0.00039622462521778724,0.0007436894134942016,8.31022395219484e-6,-2.791537682092018e-7,5.984795595291498e-8,-0.0002819032552740777,0.001317760608259651,3.6676938935003875e-6,0.00047487295476421115,-0.0016521157794852622,-0.019026823454693677,-4.750288894259863e-10,-3.836825253657433e-8,8.766283544265912e-10,-1.9203288162253654e-9,0.0008058826222248294,0.00017450125065511385,-0.0004838731538911543,-4.855209406889011e-7,0.0026058116750443863,-3.4384811698374924e-9,-0.017612024497104466,7.538451514417765e-6,-0.004513914788149662,0.001670549487888498,0.0021717251851159436,-0.00021596332666441183,0.0023000171950449434,4.9721954552720277e-11,-0.0002642668135521642,8.989845145314304e-5,4.975171866140863e-6,3.613828159908808e-9,1.256601796042581e-5,-2.9036904434148013e-6,1.4341263023537885e-10,-8.179068706496976e-6,-9.899665190481324e-5,-0.00014262289919290714,4.3133614258761654e-7,-2.2905831566066704e-6,1.351795736900665e-11,-5.99191115396106e-11,3.395959496824404e-6,2.022009128688466e-10,7.867555236591478e-12,-0.00266042672558748,0.0013392782852011318,2.3810117523215634e-5,2.147599681395772e-11,0.0014365702538331694,-6.521615213859182e-12,-3.34727590059616e-5,7.288620008533717e-9,-5.224119085254124e-6,1.2532757177253583e-11,-9.804542936431863e-6,0.00019879638139342238,-0.00044043287430169445,8.041242133705155e-5,-0.0002476122231653369,-2.2404939292246207e-5,7.535280790133112e-10,0.001982142448792344,-0.005065340773775378,1.080329936901743e-6,-0.005249394281762147,0.019003907366425675,0.0002666175337874925,4.25442982887591e-11,-0.00022191984809766485,-1.0330612098289842e-7,-9.773539397359273e-7,0.008301889761935048,-4.795123437064776e-9,-0.001416735602222066,-4.717831143829907e-10,0.0008220726253779959,0.0005769650812933766,0.006731662420198131,-3.0000295728054965e-10,-0.0018296438655735548,1.7925403200800184e-8,-3.700740095924312e-12,-0.000507162756840427,6.753360642477792e-11,1.9888910402297504e-7,-1.3904316427216382e-9,-0.001115209511480147,-0.0022642837863370018,-0.008652999384158835,-1.7223346047200278e-5,0.00032008852345095706,-2.0762378973351034e-7,-0.0005456765846176051,6.413774393763907e-9,0.0022948058986235324,0.008595884423012061,0.076285974043445,-4.673690288218925e-11,-4.652708492593197e-13,-3.159166880303678e-9,-4.813919784272343e-7,0.0010388605235293021,-1.795983428087603e-8,0.005053317791939135,-5.2537947530487294e-11,0.001379769537500147,0.040031542953342755,-0.007239105986845552,-5.447096388571619e-9,7.483515939780577e-5,-9.042121023334129e-11,5.342361505498252e-6,-3.0108077495231296e-11,0.006807118171763563,0.00036546456088458945,-0.0029169390521386392,1.60240306383339e-10,0.002359926053259135,-0.0024107760919486287,0.0032429883163664296,-0.0034373834986756824,1.2751508970496676e-10,1.0114764571918816e-7,-4.676870657707076e-10,0.0020711423956899463,-0.018332529139953296,-4.7903633761098795e-5,4.508948753614724e-7,-0.010391219132726302,5.4621777796212464e-12,-8.176445363023974e-7,-3.381915964100413e-6,-0.017578349698972397,4.4083365688817097e-10,3.02351109264887e-8,0.029466503225719438,0.0031296059932911986,6.093756398995831e-7,1.1312938336218993e-5,-1.5131597217004863e-5,-0.00023571766569864202,5.3683389722518055e-9,-8.447575940894699e-10,5.558051148418012e-5,-0.0002989025746941453,-9.648683416696795e-11,-3.7388606985836676e-5,0.0016629305181146176,0.00034837495118127386,-1.2958474124001183e-7,-2.758729034447708e-5,-1.0813235855900437e-9,-1.7421831817615688e-7,2.0271767250255328e-8,2.0096386366588532e-7,-0.00031648008374761703,8.476690940096088e-7,-8.356389028334113e-5,-3.4500211446385333e-10,3.77413353330565e-11,4.151734925179078e-5,-0.0034540011723374225,-2.916094160194428e-11,-1.1849163270874986e-9,2.4474353699660705e-10,5.8333210813347975e-9,-3.8333737859307787e-7,0.0011533253970501729,0.004362308348875515,1.0527960799439921e-7,5.8086801321738625e-5,2.382302526123007e-9,-1.4542022829627093e-9,1.9303035415596652e-10,3.181502025632659e-8,1.2599462206694762e-6,-1.6822008762965884e-12,-1.263846174048331e-9,0.00029542568108560484,0.0003896551014799383,-0.0003055623410628715,6.05008419202381e-6,-1.8002501812478837e-9,7.035122794278026e-8,5.846742128757223e-10,-3.057951809800832e-5,-1.3663887837675059e-11,-0.013112779869979831,-0.0042296983098514766,1.5375328323802227e-9,-2.0005315057841404e-5,-6.0450230133060625e-9,7.141327350997325e-11,5.813173799606381e-11,0.00012329355193911945,-2.363264950849795e-8,0.00015066841551122576,-1.2005852180276131e-5,-2.0682451206628564e-10,3.225691214635933e-10,-3.570978079846453e-8,-1.1255425817811895e-9,8.933857734839485e-6,0.002874520341057512,6.456506110629181e-12,0.010202439968452081,-0.006769745723029283,-1.4129092438945722e-11,0.00047717396520581854,1.3850570321415634e-5,-6.800067824860826e-9,2.8568296067318986e-8,0.0006049267765874276,-0.0009115380326839516,1.1859157813173129e-7,-4.978132893683421e-10,0.0008298166132150607,-0.006584261878385904,-7.208196528723568e-10,0.005701059834111433,-1.5735659803321867e-7,-0.00024963717379127015,3.125063407572976e-6,-1.152847923031614e-5,-6.138493557660528e-8,2.361034091005773e-9,-2.026850169022759e-8,-0.0003620143588877819,0.00041803149647407623,-1.0279247755250269e-8,6.625431135288141e-10,-2.0225190791032434e-9,2.7159777559380532e-5,0.04732458459742896,1.4984249001778273e-11,-1.7407631279799484e-11,-1.0966233892669327e-6,-4.304939442339704e-11,3.765010886942491e-9,5.868901299772968e-7,4.0369932558676915e-6,1.0107799142153673e-7,1.6099451279860982e-7,-0.013747952148403469,-7.794435109279376e-7,-7.654498974924949e-12,-0.00017829394262233375,9.390655167708399e-7,-9.971837869667996e-6,0.00015919592432318895,0.00024178618871554457,1.5241550786596822e-10,-2.6654626105350903e-11,0.00019607528869165073,-0.0017906904859965077,0.00013987996532584018,-1.3043359433014205e-6,2.305482018238428e-9,-3.217716222873359e-9,0.0010728840237424922,-9.818038584971315e-5,3.0989793855137386e-5,0.000740934015950107,-0.015713305176775678,4.267862251124708e-9,7.2578107542948e-5,1.96665029426356e-7,1.6798671312616726e-5,-2.2374242403975656e-5,0.0014703875922426576,-6.008315183310354e-8,-1.1306729911681789e-8,8.46818915428299e-8,0.0020554875722930124,8.544842014549162e-12,-0.0047197395129213015,-9.018482164027676e-10,0.0018954274684781752,7.376723048467775e-10,-1.0882875801860261e-13,-0.01385201961742854,-1.9396569154502106e-6,-0.0004418029367444682,-0.0027965158999251386,7.350509303561785e-7,4.3396641630695965e-5,9.037624807625226e-10,0.005458812535135062,-0.024659940533917686,2.8518842115589537e-7,5.6247702104664716e-5,-0.010376036659919187,-2.1340776276702037e-6,-0.006202250638610579,1.797002791605821e-8,7.195983414357239e-5,-7.339939855724616e-11,8.599689847829591e-7,-0.0006068316485800228,5.989543689989284e-11,-0.025444648630512063,1.107433629839714e-5,9.789050893466493e-7,7.294361202875874e-11,-1.9620823959162647e-10,0.009594293092945199,-0.008498864224471978,4.5559322583300995e-8,3.362797141866459e-10,6.924700358579875e-11,-8.028837560162351e-9,-1.9183814337922395e-7,0.0018414068212998507,1.2262629890241075e-5,-0.012191817582918112,-8.097127030450943e-11,1.2641259746393624e-5,1.5485457763868767e-8,-1.940789819315992e-7,0.003705560635507254,4.113850793169346e-5,1.4950970781390136e-9,-5.600337535704733e-7,-0.0003606113160110171,3.959689742553662e-5,1.3778289827562986e-9,0.007972017336947593,-0.017935619471835994,1.7028666601019837e-8,1.0940989965838848e-7,2.041454837806795e-6,2.395956784060067e-7,-1.1975179318275643e-10,-0.0008249780214870643,-3.0268943402939705e-7,-6.228922897617712e-5,0.0007479282471899695,0.00011870071709959582,0.003039969219384761,2.0606059511762007e-7,-2.6823529102587715e-10,-7.1924077451514844e-12,-0.0003371391724734589,-0.0009504495793538659,0.0008264175470079043,0.00025367377984021757,9.334191440489103e-10,-5.052210577662048e-6,1.2408785058172055e-10,-5.235102162335602e-10,1.635340412820221e-8,-1.453049930258744e-9,0.008668039398893962,2.531614194162718e-9,0.0010111318035631207,-3.7450575724251505e-5,0.0019748704463703206,2.945418918652564e-12,-0.0028338654815582205,1.2578146754362364e-5,-0.0002277626127574213,0.0024031666423213215,0.0034184410821696174,-1.3356648070257038e-7,5.291931720375859e-6,-7.845677613736174e-11,-3.744700123869347e-12,3.668964939780544e-11,0.0023316424515337723,8.877463097994445e-11,5.8614029958088336e-5,0.00791405894802255,-0.00024843393081112067,-3.134790614595982e-5,9.393632674676832e-6,-0.0014503185537492198,5.28878023573115e-12,-0.0002911284252346536,-0.003489135355872623,-1.6040317388738635e-5,-0.0003697599565603173,0.000279091893769412,0.0003311138256907436,-3.5946638872746645e-11,0.0025866089535079807,8.715006347740151e-9,1.0787120620571042e-5,-0.0003720488716591745,-1.9251629526368052e-7,-4.977200899304367e-11,-1.7809389067045445e-5,5.6690727978558245e-11,-0.0002289062551602195,-0.003738576352473529,-2.9776490277276492e-8,2.527553980681756e-6,4.512659460101252e-7,-0.005832980095835458,4.638758470353277e-7,0.00021896737619735043,1.44060693494771e-10,-1.2947637847450354e-6,-0.00021354005832778574,-2.2104763071055062e-8,0.005155843596722822,6.284209778722005e-10,0.002935074323798133,-0.023577720972424283,-0.00019370418593136435,6.970526380583008e-10,-3.9257365175828104e-8,-1.0966727375653802e-6,-1.0908357376261853e-6,0.00010752986075952718,1.567320956052805e-9,2.66625700190978e-10,5.590863360938262e-5,0.004563823880498033,-2.426153171885814e-10,2.1120505711562467e-6,2.3264666458732547e-6,0.0007630250495376086,0.00031164910430849104,-7.691004091833579e-11,4.401088023587041e-11,-0.004325538904816855,0.0004952877327847696,-8.667229081243862e-7,5.175265601049254e-9,7.273052067828231e-6,-0.004206633961111656,7.622576909419174e-7,-3.7012476842869165e-8,2.6803693464939864e-9,0.0007872293114959343,-0.0016900788963321372,0.002293352157972735,-0.004735718968109569,0.001096577630271109,-0.0006192710181158117,-1.1109742488286296e-10,5.537638311680912e-11,-0.0005479257802038774,-1.448692703018243e-5,7.116082477075843e-12
0.0,0.0,0.0,0.0,0.0,0.0,0.0,0.0,0.0,0.0,0.0,0.0,0.0,0.0,0.0,0.0,0.0,0.0,0.0,0.0,0.0,0.0,0.0,0.0,0.0,0.0,0.0,0.0,0.0,0.0,0.0,0.0,0.0,0.0,0.0,0.0,0.0,0.0,0.0,0.0,0.0,0.0,0.0,0.0,0.0,0.0,0.0,0.0,0.0,0.0,0.0,0.0,0.0,0.0,0.0,0.0,0.0,0.0,0.0,0.0,0.0,0.0,0.0,0.0,0.0,0.0,0.0,0.0,0.0,0.0,0.0,0.0,0.0,0.0,0.0,0.0,0.0,0.0,0.0,0.0,0.0,0.0,0.0,0.0,0.0,0.0,0.0,0.0,0.0,0.0,0.0,0.0,0.0,0.0,0.0,0.0,0.0,0.0,0.0,0.0,0.0,0.0,0.0,0.0,0.0,0.0,0.0,0.0,0.0,0.0,0.0,0.0,0.0,0.0,0.0,0.0,0.0,0.0,0.0,0.0,0.0,0.0,0.0,0.0,0.0,0.0,0.0,0.0,0.0,0.0,0.0,0.0,0.0,0.0,0.0,0.0,0.0,0.0,0.0,0.0,0.0,0.0,0.0,0.0,0.0,0.0,0.0,0.0,0.0,0.0,0.0,0.0,0.0,0.0,0.0,0.0,0.0,0.0,0.0,0.0,0.0,0.0,0.0,0.0,0.0,0.0,0.0,0.0,0.0,0.0,0.0,0.0,0.0,0.0,0.0,0.0,0.0,0.0,0.0,0.0,0.0,0.0,0.0,0.0,0.0,0.0,0.0,0.0,0.0,0.0,0.0,0.0,0.0,0.0,0.0,0.0,0.0,0.0,0.0,0.0,0.0,0.0,0.0,0.0,0.0,0.0,0.0,0.0,0.0,0.0,0.0,0.0,0.0,0.0,0.0,0.0,0.0,0.0,0.0,0.0,0.0,0.0,0.0,0.0,0.0,0.0,0.0,0.0,0.0,0.0,0.0,0.0,0.0,0.0,0.0,0.0,0.0,0.0,0.0,0.0,0.0,0.0,0.0,0.0,0.0,0.0,0.0,0.0,0.0,0.0,0.0,0.0,0.0,0.0,0.0,0.0,0.0,0.0,0.0,0.0,0.0,0.0,0.0,0.0,0.0,0.0,0.0,0.0,0.0,0.0,0.0,0.0,0.0,0.0,0.0,0.0,0.0,0.0,0.0,0.0,0.0,0.0,0.0,0.0,0.0,0.0,0.0,0.0,0.0,0.0,0.0,0.0,0.0,0.0,0.0,0.0,0.0,0.0,0.0,0.0,0.0,0.0,0.0,0.0,0.0,0.0,0.0,0.0,0.0,0.0,0.0,0.0,0.0,0.0,0.0,0.0,0.0,0.0,0.0930136136588865,-4.2737584474658446e-10,-2.5427770359673122e-5,-0.0004809493716987592,-2.2619454883529342e-6,0.005427355967678513,4.092072686854244e-8,7.806689778873151e-5,-0.0035981097190305907,-3.191574765136045e-7,0.00018386474095885685,3.0228093445081803e-10,0.0005689391700662826,-7.83327155496999e-7,-3.282384013564865e-5,-2.4552686190754945e-5,-4.733453394873039e-7,-2.68291247278762e-8,0.0005561227695220901,0.0004346453784248867,-1.245991774986695e-7,0.0001222483909235875,0.025296930613770013,-0.000581463612432838,0.006401817561939738,-4.0075631249289517e-10,0.000482289073941988,0.002962331422924817,3.539581449770753e-10,1.472006910669356e-6,-0.0053769858742009425,5.0524011543366915e-5,-2.508274348682887e-7,0.0014347996946145966,-0.002009753483238032,0.0005186957783138601,0.0006454568000619693,-3.2688975133992413e-6,-4.821838448432548e-7,-0.006212984717681595,0.01368939019100323,-0.00010034078040419063,1.8247150138221984e-5,-0.0009677730267615699,-0.0007969636763103424,-2.838993116214768e-7,-1.255567414306292e-6,-2.835237708966844e-9,-3.764308719792723e-8,0.017483071598931803,0.003697726803644782,-4.824556385012517e-6,-1.090331036635046e-5,-2.976381945416682e-5,2.588985840416872e-8,-0.0002271191711104191,0.00018642877989631264,0.007142115823646614,-0.0010455589685321163,-0.006884550152275759,3.0730704392639824e-5,0.039811887482462546,1.5354536458949675e-11,6.429277152891624e-6,1.512143497926958e-5,0.00044029122646412923,4.8946021886769875e-9,0.0031888313069627153,-7.181255259718998e-5,1.928689752968727e-9,-0.0004714733179510618,-0.001840588944101569,0.002644461258469448,1.6799107213636738e-6,-7.259560468681865e-5,3.137125663684893e-11,-1.0138365746555008e-9,0.0001325342076666586,-5.502873543411179e-9,1.6945296344014473e-11,-0.0006074339150257418,6.405381521086423e-5,-1.9860519066377414e-5,3.94584964801367e-10,-0.003053125708420485,-6.50302712642216e-10,2.9077151705835644e-5,1.8243841477704214e-7,9.471837727763249e-5,-7.849931820679371e-11,-0.00011925741415376559,-7.813532149165458e-6,2.2389525515678976e-5,9.035786256416657e-6,1.9518486864222755e-6,1.3288680658161289e-5,1.393434486971414e-7,-0.0009663126318295885,-0.005152377773648553,2.6677385092582445e-5,0.00029377977393553933,0.0016317173749831116,-0.011596311243206299,9.86008051824616e-10,-0.005287868442319429,-7.027800745873319e-6,-3.262070935986731e-5,0.0001894782321304615,-1.69050644900586e-6,-0.008038324856363415,-1.6704480446607782e-8,-9.207070244091753e-6,-2.6041859561350703e-5,-0.007139881413811844,-1.1065731932545642e-9,-0.00013441570173172344,-1.024292979354504e-6,4.3312971227521066e-10,1.6249236726712238e-5,3.933621613961113e-9,5.730791561758934e-6,-2.591717336563144e-8,-0.012423468158407468,0.00011158662863857517,9.875074584077029e-6,-0.0018391645026496668,-5.234784213839195e-6,-2.898236140890166e-6,2.5993125352277627e-5,3.18424294656003e-7,-0.00014287180844880072,0.0017199912646700536,0.0019158938932937989,-8.18185691234834e-10,-6.117494778799642e-11,2.6098988260672977e-8,6.855867143736489e-5,-0.0013683942986597573,-5.28758242752779e-7,-0.0001072984700561994,4.928150020904483e-10,0.02173851221508486,0.00024337582151657067,-0.0012732079945587125,-8.446441796713921e-8,-2.6193813706635527e-5,-4.98153759466606e-9,-8.263258334450812e-5,-6.359392911237827e-9,0.0002961501704511202,-5.217371812587248e-6,-4.16321130872261e-6,4.303612209369741e-9,4.207448381510166e-5,0.000202125697419767,0.00026361915511447843,0.002858130973946352,5.874002908124836e-10,4.0167569518595305e-6,-5.767361724979009e-8,0.00012838001303739212,0.0004221243381758848,1.1750637630595074e-5,1.569086968854624e-5,0.00019289136669112478,4.0515747545391746e-11,-4.210273705937606e-6,-0.000207266716598178,-0.00013516611819530065,-6.310104477318528e-8,6.137367987144255e-7,-0.0011530253414252412,0.0002919888773113017,2.1144379738126695e-5,0.000352206445047704,-0.0007539777671075963,-0.0040413796410975426,3.168316874404307e-8,1.675917258411089e-8,-1.3888682710204799e-5,-0.00023001944462393186,-4.820602447607842e-9,-0.0018973330852123842,-0.0005287702421300808,-0.005157350270334493,6.19924380041261e-6,-0.0018690955053545847,7.87687476175105e-8,-6.173323750241341e-7,-7.427716955822953e-7,1.3182571799336342e-6,-8.55691846225012e-6,7.444439536609586e-6,0.0011176368264165161,6.011704470668712e-9,-4.33563157943843e-10,0.00017517051927123546,2.4779318076214213e-5,-9.913109680587215e-11,-4.292776538413031e-8,1.869488829768918e-8,1.1847310314118012e-7,-1.323781190866939e-5,-4.624958855543899e-5,0.0027396528023460828,2.1344909343019283e-6,-0.0021616307329925515,4.149572863970657e-7,-2.4571029181264983e-8,4.564431553375678e-10,9.807548263396776e-7,-0.0008736403156752864,1.1148917323560871e-10,-2.282644733650522e-8,0.007320406757522079,-5.225716854457267e-5,0.0033203417860201315,0.0002653284795537586,3.1038357424745255e-8,1.7370701670078481e-6,-1.7660831844454295e-8,-0.0007000581531735999,8.751679998017732e-10,-0.027553612693470585,-0.022614728590454995,-9.151465146062647e-9,-8.7675402155729e-5,-1.5939910170497904e-7,-9.417574148971019e-11,-6.422202970674479e-8,-7.666290287064164e-6,-2.2667450349170353e-7,-0.004549226109981892,0.001747798237376373,-3.8613516042362634e-9,9.278408033135684e-9,-1.30647914407223e-6,-2.7886341911608762e-8,0.0006096235630561789,-4.695548038913486e-5,-7.9837005349657e-11,-0.00024768185895563305,-0.00016147563416085993,5.933246125930205e-10,-3.0331477159318542e-5,-0.0011675792788221645,-6.703119644139078e-7,1.3320891744444785e-6,-2.7581712964255927e-5,0.002657094468343183,5.729391165782777e-5,-8.285290983514128e-9,2.3889913589967144e-5,-0.0010258939032725862,-1.605496886578701e-8,0.0006067214283810446,-3.5653511248017566e-7,0.004825195185150891,0.0003626497972352559,-0.0006786153754683538,2.1763803986611214e-6,6.820119973324345e-8,-1.4388651677159951e-6,-0.0023630992311114538,0.007157854695631993,-1.7909889129569548e-7,-3.308073692867671e-8,-2.878421268552086e-9,1.1450257549875937e-5,0.0023031752824935726,2.0449416699685771e-10,-4.590091605589989e-10,-4.502893095018454e-5,-6.11069170293984e-10,1.1777497174851676e-7,2.2628427196756025e-5,6.82306179216661e-5,-1.4980593840699911e-6,5.307634555991278e-6,-2.609319412778529e-5,-8.683838956790455e-6,-2.555637589266642e-10,3.232631220744119e-6,4.9470527007329575e-6,-0.00018794631358487457,-0.013293696044186216,-0.011549626261105825,2.7863044208113794e-9,-5.318734718032345e-10,-8.987212236900677e-7,1.1395703179719033e-5,-7.480251041278289e-6,-3.111398552522591e-5,5.7898056405154465e-8,-1.1407282695103392e-7,0.00164840536719249,0.004234526812510435,-2.4807487930955864e-5,-0.004279064972527963,0.001164376362980704,8.342739438543702e-8,1.2294688521296917e-5,4.121643236294924e-6,3.457674212014221e-5,-0.00010681963026283404,0.0012805870940931993,1.0689283458955521e-6,-2.2040675220404174e-7,-3.5538337395338186e-6,0.0001340596624054999,-2.6298039661538468e-11,-0.006124520085397635,-4.581710079092834e-8,0.000520468685900057,1.9870540654897404e-9,-7.13251399755149e-12,-0.0015523007292368445,-5.111741295147455e-5,-0.009209788671427278,-0.012246318725971747,0.0008969915880716516,0.0029695444289259535,2.1685930359568465e-8,-0.0001363114142200435,0.0007879270069563973,9.739281697318542e-6,-0.00022433577900862327,0.00022111925775413003,-5.244913886259665e-5,0.0016882521700274623,-6.547617594029457e-7,0.00436717829137434,-1.2446364663789983e-8,-3.3553587987984166e-6,-2.0135701015627518e-5,8.846420821622484e-10,9.785432955635993e-5,3.824164502805715e-6,-0.0003945488859278425,2.0248317885325744e-9,2.5796258141386723e-9,8.470554224093752e-5,0.0002818230465614101,-9.169938525349847e-7,6.355696421911172e-9,5.238925431946999e-9,3.7459408762924947e-7,-1.1597883704212475e-5,0.00012550273606880887,0.00036817318289221034,-0.000741257473476187,-2.1252269504005456e-9,0.0006900114884652044,8.761556802644017e-7,-1.0651310649966443e-5,-0.0004692313210690193,0.002573310623906066,3.2279156012905266e-8,-1.2356385470806717e-6,-0.0027385383807538455,-0.0009917323523827048,1.485749697996073e-8,0.00014761613861221523,-0.00031670682786518703,1.0407596285605725e-6,1.3110488222970745e-6,5.950605549824037e-5,1.4818365176650806e-5,9.947210951502986e-10,-0.011352694683788642,-6.540367396118319e-6,-7.715108728409346e-6,-6.259289672805925e-5,-0.0007414924466221676,0.00021821078891534287,3.594779989991832e-6,-5.625895880253746e-9,8.207215155723843e-10,-0.0002757644940386572,-0.01821693475912614,0.004968325947741515,-1.0943037366804848e-5,-4.9055623429898665e-9,-0.0004722264989867392,1.2404326254973846e-9,-7.860115657688944e-7,3.854858440293281e-7,-1.6712864592218853e-8,-0.00036666276987311477,1.934985969741952e-7,-0.010601581438230074,-0.0007802331046869315,0.0008410427965741306,2.762512278391574e-11,7.856462744464203e-5,0.00036870508625538005,0.002449942100386067,0.00017431686137792219,-2.343763086003045e-5,-4.544425085068846e-6,-4.4333669969114316e-5,-8.107526887641182e-10,-1.3662190008911868e-10,7.466380606271375e-10,-0.003908815579757439,4.411788348310494e-10,0.0005021537824370471,0.000878076169641687,0.0013796755389880796,9.844004028988808e-6,-0.0007857328623303717,-0.0004379732121058649,3.2117841890818424e-11,-0.018734250660615653,0.008671195055119199,-0.0002173854250829151,-4.116551800567382e-5,0.00015358350336944568,0.00010614555235140185,-3.486392015014655e-10,-0.00226159299234324,4.3834921164944917e-7,0.0008018167764035038,-7.404929230617842e-6,-1.5968844963169627e-6,1.0666156309950832e-8,-0.005147136716389332,7.630402159022565e-10,-5.3591057600712966e-5,-0.0005537140433803728,-3.045697608024834e-7,1.1170785970163239e-5,7.594170834258774e-6,-0.000856667833502297,-0.000143838274354933,4.211236679630282e-6,-7.175165057628684e-9,-5.3110015918476005e-6,-0.0009400221234580737,-1.774335323763685e-7,0.00032236033517322164,-5.952036911952841e-9,-0.0001100839833302347,7.255486753143967e-6,-2.090218682110663e-6,1.2375083689604459e-8,4.4222681519771967e-7,2.2495231283308657e-6,-1.5389535160163432e-5,2.4531657800777427e-5,7.465744539497355e-9,8.995863208924747e-9,0.0019089496379910086,0.00465662369091223,-4.278461564343813e-9,-6.998462009185399e-5,0.00010257780304936354,-0.0024486376205614677,-0.010013171260736699,4.4830550197366565e-9,6.52257735275607e-10,-0.0017352761533557881,-0.007246902922270683,3.477960359039983e-5,9.674974304288747e-8,0.0005019236792027767,-0.0012851814297447832,6.003178427473286e-5,-5.587999612785849e-7,-7.153568808303691e-7,-0.00011499207131646464,0.000598552824950386,0.07008272527757595,-0.029838937375686606,0.012361872829110051,0.009666232316023642,-4.881438294010394e-9,3.174961566689236e-9,3.743790956432131e-5,0.0014625938618708758,1.3589951142118504e-10
0.0,0.0,0.0,0.0,0.0,0.0,0.0,0.0,0.0,0.0,0.0,0.0,0.0,0.0,0.0,0.0,0.0,0.0,0.0,0.0,0.0,0.0,0.0,0.0,0.0,0.0,0.0,0.0,0.0,0.0,0.0,0.0,0.0,0.0,0.0,0.0,0.0,0.0,0.0,0.0,0.0,0.0,0.0,0.0,0.0,0.0,0.0,0.0,0.0,0.0,0.0,0.0,0.0,0.0,0.0,0.0,0.0,0.0,0.0,0.0,0.0,0.0,0.0,0.0,0.0,0.0,0.0,0.0,0.0,0.0,0.0,0.0,0.0,0.0,0.0,0.0,0.0,0.0,0.0,0.0,0.0,0.0,0.0,0.0,0.0,0.0,0.0,0.0,0.0,0.0,0.0,0.0,0.0,0.0,0.0,0.0,0.0,0.0,0.0,0.0,0.0,0.0,0.0,0.0,0.0,0.0,0.0,0.0,0.0,0.0,0.0,0.0,0.0,0.0,0.0,0.0,0.0,0.0,0.0,0.0,0.0,0.0,0.0,0.0,0.0,0.0,0.0,0.0,0.0,0.0,0.0,0.0,0.0,0.0,0.0,0.0,0.0,0.0,0.0,0.0,0.0,0.0,0.0,0.0,0.0,0.0,0.0,0.0,0.0,0.0,0.0,0.0,0.0,0.0,0.0,0.0,0.0,0.0,0.0,0.0,0.0,0.0,0.0,0.0,0.0,0.0,0.0,0.0,0.0,0.0,0.0,0.0,0.0,0.0,0.0,0.0,0.0,0.0,0.0,0.0,0.0,0.0,0.0,0.0,0.0,0.0,0.0,0.0,0.0,0.0,0.0,0.0,0.0,0.0,0.0,0.0,0.0,0.0,0.0,0.0,0.0,0.0,0.0,0.0,0.0,0.0,0.0,0.0,0.0,0.0,0.0,0.0,0.0,0.0,0.0,0.0,0.0,0.0,0.0,0.0,0.0,0.0,0.0,0.0,0.0,0.0,0.0,0.0,0.0,0.0,0.0,0.0,0.0,0.0,0.0,0.0,0.0,0.0,0.0,0.0,0.0,0.0,0.0,0.0,0.0,0.0,0.0,0.0,0.0,0.0,0.0,0.0,0.0,0.0,0.0,0.0,0.0,0.0,0.0,0.0,0.0,0.0,0.0,0.0,0.0,0.0,0.0,0.0,0.0,0.0,0.0,0.0,0.0,0.0,0.0,0.0,0.0,0.0,0.0,0.0,0.0,0.0,0.0,0.0,0.0,0.0,0.0,0.0,0.0,0.0,0.0,0.0,0.0,0.0,0.0,0.0,0.0,0.0,0.0,0.0,0.0,0.0,0.0,0.0,0.0,0.0,0.0,0.0,0.0,0.0,0.0,0.0,0.0,0.0,0.0,0.0,0.0,0.0,0.0,0.09285781263886227,8.883759899164677e-7,-4.6006826976889445e-8,1.9198881201428428e-5,1.1652518181634898e-10,0.001403575930308511,4.0364333584448744e-8,3.118486988723475e-10,9.0366920694105e-5,-6.299145949399977e-12,0.013205130032207748,3.2963207505129594e-11,-1.0572421775040022e-5,1.7815209287624037e-7,5.360552695430029e-13,-8.197507221811461e-5,0.0005529969906561235,4.6736500830132294e-8,4.739722102773954e-11,-0.00013971638891440593,-2.7337374150321426e-12,6.081489436708208e-10,9.881530973338035e-8,-7.041875425046209e-9,-0.005989326138807978,3.261500302064173e-12,-4.680895471200369e-9,0.006050654478465085,-1.1061172170934767e-5,-9.006365086121704e-10,9.702643044886302e-13,7.567997595768585e-5,6.928267885789954e-9,1.4688860234200103e-10,3.2115297907063124e-12,8.678047496444457e-9,-1.2994870797366664e-7,1.2232280951871061e-6,-5.098616041920017e-9,-1.4249119642078356e-10,1.0719311061955213e-7,4.732218942808846e-12,-5.0462095378617963e-11,2.1525658115355823e-11,2.254345652280148e-5,7.754422597868355e-6,-0.0006696102335119994,-0.0005909863114127236,1.8680586899506045e-9,-1.0034116200762113e-8,1.6039095470076708e-12,4.574745680321031e-7,-3.644332033036288e-13,-2.0687086257811935e-5,1.3634417798983472e-11,-1.730774184228452e-8,1.7605502542826255e-10,-2.610359630849546e-11,-3.4850643196417623e-10,8.850009845685438e-13,7.451315938509428e-10,-0.017763242594540558,-8.597940093320359e-14,-4.4870421757943185e-13,-9.093033493518723e-8,-8.678911963535597e-5,-4.452772566864933e-9,-2.524231418852251e-7,0.0007327145215275598,-4.0767587654868894e-8,1.102063221101053e-8,1.8317934733571558e-9,2.657299688680666e-6,2.809043754802283e-7,0.0030321724910033973,0.0021963968328553244,4.628266355068348e-8,0.0015010974941034483,-0.00048581709025046296,3.100505353049366e-10,2.8155434235671008e-11,9.682437464610183e-13,-0.010128298077731135,-1.2413384306685332e-10,-0.0014951991015668407,4.409548497566848e-13,7.865974076009558e-6,-9.011041120497974e-8,0.03526836754527588,1.53450601124682e-7,3.3770147984241137e-14,-1.0160460010514261e-12,-9.937091469916605e-14,-1.0509171416867732e-13,4.985374095397853e-13,0.00017708577128339008,-2.9824650585283497e-10,-6.953142075801661e-10,5.108419386362477e-7,-2.654363877412687e-11,-6.8796177706168794e-12,3.0573740295794914e-10,0.03145349264645017,-2.1178770765355835e-9,2.520088520603844e-6,-2.541439664723342e-7,-2.2726240139394767e-13,8.740489529892394e-6,-2.536316634001698e-10,-0.0010444128065932468,5.832351148041766e-14,1.2553866778494612e-12,5.443467571563685e-11,0.006757440231423972,-6.230655388664942e-11,-7.2251720402611505e-6,-0.00275612335393385,-8.233129380880763e-13,-0.022485132320763646,2.5502161888104682e-6,-0.006129538945997888,-5.712764273172802e-10,8.301809217289967e-12,6.629546865500637e-12,2.3670714767569215e-8,-5.562785120887593e-13,3.502502735015733e-7,-3.410705385595076e-14,-7.328559923159491e-5,-4.891291852992105e-12,2.185889785961267e-10,4.199901557557333e-11,-0.04266347224821912,-0.0008510200287930311,4.609603163934743e-6,-7.814368984802674e-7,4.122888072675296e-10,2.5311123269581092e-5,-1.119658433566741e-12,-0.028125291468731068,6.742279087569357e-10,7.959417031063206e-11,-1.419159095164808e-10,-0.00017687447967465515,-4.9377460229353416e-14,0.0037884215486336686,1.4516006765295577e-7,7.715889375210005e-5,-1.613619767500032e-12,-6.471160773420098e-15,3.91751513321869e-12,-0.003845905218749214,-1.0747303040620414e-12,-1.2044617248279427e-12,3.676950152096887e-12,-7.807385096302384e-13,-0.018013245503520056,3.176884108552525e-6,-2.765853527567343e-5,-5.785669757619471e-12,1.3595682958796836e-11,9.131866979701262e-14,-1.4146778934682702e-6,-1.135761519468854e-11,0.00017123600765750534,-6.030887306747745e-7,3.7077850552555876e-8,1.1871297589590461e-11,-0.00014261720941118248,2.3303722718122033e-5,9.769634919725967e-12,1.737830950584861e-11,-3.075622842182087e-7,-3.161267259219063e-7,2.3704186740139227e-8,5.163193053497738e-9,-7.833371525830699e-5,0.0006766012048096713,5.244841239306325e-13,9.126035497032873e-12,0.004219202943323058,-2.290288514236465e-8,-4.248968416983824e-11,9.168711476487188e-9,1.916415384611317e-6,2.64263671204489e-9,0.00034098538636035113,3.6304671129518494e-7,-2.698016713938438e-6,-1.5326046720552684e-7,2.9902456264023804e-13,3.2831368154306265e-7,-9.166803265335961e-9,0.0007389427947119604,-0.012585024883716715,-2.5345922772716416e-8,-8.719291943673109e-13,-0.03708113823570332,0.0007854994915560137,0.0009485587444842869,-3.796190922222289e-5,2.422642085241439e-9,-4.535801213660397e-12,-7.989881331113058e-11,5.314742111178185e-6,4.445588756576468e-9,-2.2617418247190872e-5,5.5735795468057185e-6,0.0015967508827767448,8.993171129983694e-7,-3.448545062815646e-8,0.017877236283503767,-0.0008386541735931613,3.3102708624226153e-10,-1.9854032346630943e-12,-4.288869808120037e-9,7.46092042669439e-8,0.0001275982631282908,-6.5933655885221056e-6,0.00039785842995912886,-1.9709627180293464e-8,-0.0061214302029192185,-3.2725727604605154e-10,-3.370648368138248e-10,-0.00021463271325953078,2.4806409553352104e-8,-0.00015051341314907898,-0.004924630615524235,0.00011915099431187434,1.688775929779586e-14,-5.8455508965588454e-5,1.2681231145401069e-8,-2.374261454856862e-8,-0.0006311377339971761,0.006373402564066279,2.3563870822858282e-6,-0.0007584541501023506,-3.4390284628893e-8,-6.22506810137618e-12,-0.005177574912749523,2.9063949589272217e-11,3.850259744812649e-12,-0.0038351746150635394,9.94257661264992e-13,1.5986475027094117e-8,-1.241216457988072e-6,6.911431077555283e-7,2.682607243765625e-13,7.37851324255118e-10,-6.123674426935004e-7,-0.001770762358717113,-3.2691642513557895e-13,-8.753058432318927e-12,0.0016993979740446094,3.132152652712524e-11,2.856974819100366e-6,-2.4039766191829065e-9,5.412739969439119e-9,-4.817059130562661e-8,-6.996278288348864e-6,0.00012174651776669796,2.2072217482071486e-6,1.358064568283757e-11,-9.184811836350237e-11,-1.6932777511171602e-5,3.9745515829404994e-5,0.00010243137401123941,2.8149426783132236e-13,-4.9895215086093534e-11,0.006590982134271548,0.0017114164325183956,3.726945650243232e-7,0.005679936195775642,-0.00018195159405750636,8.66150102967204e-7,-1.7061493748820068e-7,-1.4192995448469463e-6,2.8731205571664572e-6,-3.1954754229475794e-11,1.641716720366033e-8,0.0011296284550474987,-9.137979197177885e-14,3.2429301392750116e-7,-3.926293656236086e-9,-1.0307740399431925e-9,-7.560129043774524e-10,-0.0070433074894100285,-0.05104256583598585,-2.0350951152525654e-13,-2.1335601590179974e-13,1.4040375256282034e-13,-1.544341299540718e-7,0.00013548183502109262,2.6914738791673117e-6,1.4774088230146678e-14,-1.1113693975737577e-10,-1.2265351869140018e-13,1.1669833631502403e-9,8.893108402632442e-11,-4.1313436739420035e-5,-2.1531326402328514e-13,3.4501022072635398e-6,-8.746786492061417e-9,-5.725188626423929e-9,2.7766729942582506e-11,-5.3739600045210895e-6,3.9125540596590126e-5,3.229215631630454e-6,-1.86857147179812e-12,0.012305438144394238,1.866373344359052e-11,-0.00011107936356493266,-7.533325011452365e-11,-3.3402379456971773e-6,-0.013734296894998992,-1.4989487448085126e-11,2.8137291244379837e-7,-1.6839632624748853e-10,-4.93083423443043e-10,8.104353226289616e-9,-1.4054475345758267e-8,-4.394955135812414e-5,1.7871360740968764e-12,4.368179987013105e-12,-1.7461048228956442e-6,-6.254982924530031e-10,5.568120707684638e-13,-3.116559361911593e-9,-2.127682640473679e-11,-1.221983414172921e-5,7.469727213320249e-9,0.0022690964408070935,9.84098686429526e-8,-6.141348207101577e-14,-0.0022039710949601178,-5.789805506930066e-12,1.2873516381797614e-13,-2.832123016278659e-8,-0.0009145875261317364,-0.0008202745770266144,1.255694476327657e-12,1.0107678052440789e-11,1.035486545281518e-5,0.001679943959867569,0.0002491503273081912,1.1332285796973162e-5,4.782549829986604e-7,6.994772552950037e-12,7.524365733630248e-8,1.6094146578985353e-11,0.017493011389100366,-9.660055820784656e-9,5.640355482399779e-6,-1.2210957396370976e-7,-1.4345306066210571e-11,-2.174376550434112e-9,4.006376645450612e-5,-8.261921195092968e-7,1.0635503264511955e-10,7.779778531335724e-9,-4.7127622441088714e-5,2.9899331794861145e-13,1.0547168115335809e-10,1.1101753354988167e-5,2.366324159489352e-7,1.5304506029441725e-8,-1.1333159406686157e-6,0.0036562964291678903,-4.3235290990648196e-10,4.765573487638489e-7,2.091802799627344e-13,-5.095751286640247e-12,-6.737009014782714e-11,-5.1055075146379936e-12,6.156546578859917e-7,0.003122737199109599,0.00846721733912884,-2.200410022265934e-10,-1.968295106964091e-9,8.681912942397937e-11,-1.8495683975844543e-13,-3.345855588514174e-5,-1.1581546810189903e-8,0.0015838631008973565,-8.231906092786e-6,2.515812362224435e-5,-0.00044435825273436404,-3.7108286997013686e-11,-3.569828136630369e-5,2.0018654625156705e-10,-1.1873858822541466e-9,7.653044742510058e-12,-0.000587771072305547,8.102084148106533e-12,-1.4170275237087286e-7,5.451509030181694e-10,-6.113170183092503e-12,-2.4263688133481497e-12,9.783702790712568e-8,5.4164994387922005e-8,-0.016734456798776446,-0.0033612046652970163,0.03893582764428386,2.37240912286737e-10,0.0010800218538465415,-1.3272870782858875e-9,-7.240027303737124e-12,-1.779851035994464e-10,-6.24444966395783e-13,-8.037052246705176e-9,1.3448446372634108e-11,-6.734016066594045e-5,1.3764203656992834e-9,-5.36140601402466e-11,-2.8380994992672354e-8,-2.114179915086476e-12,1.307621128245912e-12,4.201865565582162e-12,0.011526127976360054,-8.984217145361617e-10,2.0834959887071885e-6,-6.170739084876556e-8,4.771773712150301e-13,-1.4512022557501502e-6,-1.2343457845996044e-5,2.1381439742456665e-9,-0.002389985583624725,-3.267990750517697e-9,2.0305040745020897e-11,-3.386310552529914e-5,2.625062515932229e-8,-1.7089277781216722e-7,1.8620402231461672e-10,1.7321871594165265e-7,2.70306206523753e-13,0.0019483147256496773,-1.5021594647331315e-8,3.0629734116011585e-10,-3.987897159282269e-5,1.1895127953534824e-12,0.0002841294871128249,-1.186372816884415e-12,-2.297910183274768e-11,1.2793783971977787e-13,-0.0004823117135555571,-8.383189314941827e-6,-7.36340355138035e-8,-4.187094139263454e-8,-8.373056113129814e-13,-2.206060505495628e-5,5.0575874785246265e-5,9.948356462163027e-9,-1.2576878075194199e-11,-0.00018976799919635722,-3.041832059938042e-8,-1.2013741069178125e-7,-2.752686152428308e-10,-6.702514818707282e-10,-0.005148299868602524,-0.0014959595411824641,4.827066137591376e-12,1.2148091136431229e-9,-4.459379775555056e-8,4.491327601251419e-6,9.426684770424107e-9,-1.9438217835232936e-11,1.7509719310480594e-7,-5.740672678150271e-6,-8.269256585185919e-6,2.577102111546058e-12,-1.4530839548228857e-11,3.5429019045048297e-10,-2.732867089325596e-10,1.5088771276061812e-10,4.694232190234974e-10,0.0010530487922481991,3.475428401992837e-5,6.172348836134297e-14,-2.1117481198764865e-8,0.0015879626959214987
0.0,0.0,0.0,0.0,0.0,0.0,0.0,0.0,0.0,0.0,0.0,0.0,0.0,0.0,0.0,0.0,0.0,0.0,0.0,0.0,0.0,0.0,0.0,0.0,0.0,0.0,0.0,0.0,0.0,0.0,0.0,0.0,0.0,0.0,0.0,0.0,0.0,0.0,0.0,0.0,0.0,0.0,0.0,0.0,0.0,0.0,0.0,0.0,0.0,0.0,0.0,0.0,0.0,0.0,0.0,0.0,0.0,0.0,0.0,0.0,0.0,0.0,0.0,0.0,0.0,0.0,0.0,0.0,0.0,0.0,0.0,0.0,0.0,0.0,0.0,0.0,0.0,0.0,0.0,0.0,0.0,0.0,0.0,0.0,0.0,0.0,0.0,0.0,0.0,0.0,0.0,0.0,0.0,0.0,0.0,0.0,0.0,0.0,0.0,0.0,0.0,0.0,0.0,0.0,0.0,0.0,0.0,0.0,0.0,0.0,0.0,0.0,0.0,0.0,0.0,0.0,0.0,0.0,0.0,0.0,0.0,0.0,0.0,0.0,0.0,0.0,0.0,0.0,0.0,0.0,0.0,0.0,0.0,0.0,0.0,0.0,0.0,0.0,0.0,0.0,0.0,0.0,0.0,0.0,0.0,0.0,0.0,0.0,0.0,0.0,0.0,0.0,0.0,0.0,0.0,0.0,0.0,0.0,0.0,0.0,0.0,0.0,0.0,0.0,0.0,0.0,0.0,0.0,0.0,0.0,0.0,0.0,0.0,0.0,0.0,0.0,0.0,0.0,0.0,0.0,0.0,0.0,0.0,0.0,0.0,0.0,0.0,0.0,0.0,0.0,0.0,0.0,0.0,0.0,0.0,0.0,0.0,0.0,0.0,0.0,0.0,0.0,0.0,0.0,0.0,0.0,0.0,0.0,0.0,0.0,0.0,0.0,0.0,0.0,0.0,0.0,0.0,0.0,0.0,0.0,0.0,0.0,0.0,0.0,0.0,0.0,0.0,0.0,0.0,0.0,0.0,0.0,0.0,0.0,0.0,0.0,0.0,0.0,0.0,0.0,0.0,0.0,0.0,0.0,0.0,0.0,0.0,0.0,0.0,0.0,0.0,0.0,0.0,0.0,0.0,0.0,0.0,0.0,0.0,0.0,0.0,0.0,0.0,0.0,0.0,0.0,0.0,0.0,0.0,0.0,0.0,0.0,0.0,0.0,0.0,0.0,0.0,0.0,0.0,0.0,0.0,0.0,0.0,0.0,0.0,0.0,0.0,0.0,0.0,0.0,0.0,0.0,0.0,0.0,0.0,0.0,0.0,0.0,0.0,0.0,0.0,0.0,0.0,0.0,0.0,0.0,0.0,0.0,0.0,0.0,0.0,0.0,0.0,0.0,0.0,0.0,0.0,0.0,0.0,0.0,0.09280381842873218,3.787990416603418e-5,-0.0024191784451245138,-3.0593865055692866e-6,-2.874099883216384e-5,-0.011769966994221216,-1.4052337680998835e-5,0.00025200456789126137,6.02905591950433e-8,-1.5102195337310083e-6,-3.469476629347498e-7,-0.006665073853197496,-0.00012660712750620258,5.772293597120362e-9,0.0011068258013112006,-4.9477322593451986e-5,-0.0019356430336769236,4.866829756209625e-7,-0.0007537289562421091,-8.227935106908151e-9,6.735117583182249e-6,-0.003224544690493032,-0.0005401431428551464,1.1265194059031365e-5,-5.419850973597945e-7,-4.837447340838147e-5,-6.726016554269742e-7,-0.010145632309015962,-3.0982045880812464e-5,-3.815542296221036e-8,0.00023688793585603695,-0.00011325047901934612,4.996643175413872e-6,1.974383046256597e-8,0.0001268509225086724,0.006983444117823743,-0.007678245023824843,4.950868670435633e-5,7.113513850286516e-6,-0.007703532316838937,4.5541673154287045e-9,-5.123232359024961e-7,3.572696501807879e-7,0.0012392659024968256,0.002845054380223458,-0.00011822733707458457,-2.711471192903489e-5,-9.004421322328986e-5,-0.00026807436778857746,-2.2280193525214118e-8,-0.006224886889136482,1.784272930306722e-8,0.00017506630194194422,-5.398663882471679e-7,-0.005326778990699094,2.969164954057896e-7,-1.3319664099394295e-8,-8.462099319094777e-6,-2.380523400031343e-9,1.3170639256825947e-5,2.110881510634846e-6,5.446210561245548e-9,-2.602562014896381e-9,-0.000391935024812334,0.00048741992588746403,0.00023949270965099655,0.004343094775905431,5.900967778421722e-6,0.0009191086617917889,-0.00010154595657022245,4.280369412336144e-5,-0.02319053594753811,0.010315346617678802,4.902988587876905e-7,-2.3968808178070814e-6,-0.0005598620814097814,4.2584756731507356e-6,-1.31125814176801e-7,1.0932060799655707e-5,-2.468309175167112e-7,-2.5725368422755483e-8,-6.971618320322843e-7,-7.6082053891246615e-6,-4.280226449762417e-6,-3.5825976708115425e-11,0.0002082151756445234,-0.0006906726587761668,-1.6706068236120135e-6,0.003099721669661278,-3.932387084936162e-9,-3.2892001710221904e-9,-4.84405775627359e-9,-2.7245058228727105e-10,8.481091648729227e-9,-0.00013470927079771783,-1.3877461982190378e-5,4.190238756348882e-6,-0.004606110990563801,-1.2312202120285086e-6,-2.0491130063143797e-7,-1.9439731708662686e-5,2.607400054013909e-7,-8.82196601184282e-5,0.015297504544331772,-0.024083689057698754,-1.7859070414354381e-7,0.003957362445343191,5.55333592833836e-7,-6.799287351799087e-5,1.1536091913372628e-8,-5.4077412903916716e-8,1.053756214894476e-6,1.5187881464940815e-5,5.383609395003992e-7,0.007972203916825335,2.646648036239668e-7,-2.6394667794478353e-8,-6.810235709955976e-7,0.0020802089876449472,-6.036795897616754e-6,6.257710941907379e-6,8.12562433215925e-8,-1.4150741501309642e-7,0.0010092862627165819,8.396974350839421e-10,-0.007234507841509843,-4.313166213624391e-9,-0.00030719561122590676,6.804745898831074e-8,1.8018684957958061e-6,-1.0263808753640668e-6,-2.4330473478027223e-6,8.836120015927089e-7,-0.0003755172800877734,0.016174600525216035,-9.035688009139986e-6,0.0011457343449102456,5.433444178330629e-8,-7.1644397244243305e-6,-3.579643858209986e-5,6.618056451150011e-7,4.664864235904288e-6,0.00032140115427333426,-2.623356477265421e-9,2.2735907890463967e-6,-0.00921799923721261,5.4353848066425116e-6,-1.6929536093365498e-8,-1.062284825688082e-8,4.040720609134584e-8,-1.4527530805185921e-5,3.3171825693006684e-8,3.977115384353086e-9,5.047935474518064e-8,4.05507332756341e-6,3.009356190803728e-6,0.03367950369580545,-0.00011899159240649845,3.966560287048561e-8,-1.7624266129175813e-7,-1.075677870263553e-9,-0.017851063232075467,1.1188654380379522e-7,1.2989609636362839e-6,0.018357736342734382,0.000627689024499593,-2.6380779796624683e-7,-3.996423240091645e-5,0.0013807440972899462,1.097115530429584e-6,-7.232521371888698e-7,0.003427594455525788,-0.005366477541189163,0.0008553238488236563,3.6709394219759006e-6,7.663732659572729e-5,-5.358535407474298e-5,1.080573029674665e-8,1.0776971029795616e-6,1.699016296079663e-5,1.0908837289297133e-5,-8.189755814498027e-7,6.905486353082449e-5,-0.002722327731166459,-0.0001283646809486875,9.565589455831958e-5,0.013442709076734945,0.002198882401352263,0.010717986468915044,-6.842393993385932e-9,0.003911949538689561,0.00022466831942446696,-2.10359004454001e-5,1.7546737942891789e-6,-0.0005803791779466559,-8.085323540425043e-9,-1.1439508310277336e-6,4.915091321871765e-5,-3.941001026397927e-5,-0.00017720120506371732,-0.00608656592831087,-1.5026679725152493e-7,-1.6433018705584158e-6,0.0015031059818044188,6.683190216686633e-5,0.000863812258698748,-3.9859475790031376e-5,-1.8173979980309782e-6,-0.001241455408436947,-0.00023195029943026436,1.3619520324630874e-6,-8.67957743382175e-5,-2.914014486773082e-5,4.461267972538095e-8,5.8844042473738984e-5,-0.005712405149043153,4.4567730862330564e-5,0.013596427347493686,4.8612783515655196e-5,-8.687810579208676e-5,-4.878044026476026e-6,-3.3118235415248957e-6,-6.188295520164187e-6,-0.00012753029633655186,0.0008223030838760656,-0.00024341759879378794,6.816183472632367e-7,0.00017966241828390716,1.9168901194087207e-9,0.0004018424400770478,0.00020281446959593617,-0.00010058516170161466,2.993548626184531e-5,-7.089853574797936e-7,6.952118547176476e-5,-2.0277443628043855e-5,-0.001201538908015561,3.6080845686263325e-8,7.113166906336118e-7,-1.0124891466438806e-6,-9.488834226697064e-8,4.9016814806079915e-6,-5.416364213102647e-10,0.00035332064346877806,-0.001826947230306801,-0.00248868047999737,-2.475003732102874e-8,1.0995508518157113e-5,-0.006323374027943682,-6.0661846862108004e-6,7.028983020848604e-9,-1.090582831285029e-10,-6.386683565295409e-6,3.250831977300718e-7,-0.0017162721855760905,-3.213823056447688e-5,-0.0009660372398238984,-0.0017560255465080647,-0.0015937352486474349,7.722987840648774e-5,0.0017575792533936476,6.565006808346332e-6,-2.249011994113213e-5,-0.0003047052063570553,0.0004474061733286856,0.0001883055741695649,1.2996955314984649e-9,-6.025876763489906e-7,-7.191774797473284e-7,-1.9386833254127496e-6,0.040274318587231316,2.2188025786362442e-7,-0.0005705269568258578,-0.005953188437055266,-0.0027416316074122763,-0.005226734646161262,-0.019914804690124778,-5.811798936334358e-7,-0.0003779570965620137,-1.4703698328983333e-6,-9.464962490513477e-10,-0.00041599630924159145,3.426704354387988e-5,3.142631798059821e-5,1.6631397756203778e-5,9.756951627139383e-8,1.0062787504527673e-6,-1.6401471212526124e-9,4.81190464988002e-8,5.013481810952355e-9,-0.0001743130015147321,4.2087740720246545e-5,0.00019516984655457457,1.3934511012621088e-5,4.3156867357909526e-5,4.606302457785373e-9,-1.2191865585980715e-5,-2.94623131363855e-7,2.1472222872462975e-5,1.2310970328816107e-9,0.0026933254535104105,0.0007459381230235931,0.000626849870573986,-1.5109712012504503e-6,-0.0031959830919725957,0.0006036270063179834,0.01273473382772283,2.8343135275950143e-8,6.506824306492472e-9,1.0010881747692026e-6,-4.394749020049565e-5,-3.1560248450060247e-6,5.743848338436599e-5,3.4881644139370375e-7,-2.0522256178473913e-6,0.003634112749192003,-2.320664491810627e-6,-1.3369959646162796e-7,5.384174062551886e-5,-0.00023115616441093609,-0.00020525672377355938,-3.0707031558079224e-9,-1.0919576208582801e-7,-0.011948231386805837,-1.5741587462944546e-5,-5.747128813699701e-7,0.0009577215442289799,-3.96777144651294e-6,0.005172147517477761,0.00017953717944156622,-1.7444333420695337e-5,-0.0016020614997458115,-8.48675451142759e-9,3.596543574020925e-6,-2.2550509799278094e-7,2.175024442990086e-9,-0.0003145113021181714,2.8576216542735315e-6,2.978029697716056e-5,-2.1353121514512715e-8,-3.699761618106075e-8,-0.000946247218953242,4.047083522640691e-6,-5.690363687287041e-7,-0.0021910419785408025,0.0018421097750179745,1.2889068458009362e-7,-0.0013453987372642605,-1.558450311815798e-7,8.993004164691257e-7,-7.843652792058535e-5,0.0016279356906323682,-0.017773281029826567,6.070218451612844e-8,-2.2227817926447362e-5,1.3717705527671297e-5,-0.00384230869008475,1.0702934072510818e-6,2.3415026948423472e-5,-1.7492067935207164e-5,6.380639375688152e-8,1.0272520010315249e-7,-0.0018376149383329894,-0.03129869973346824,0.0062782487676956225,-0.015599548121016082,9.979763216288817e-6,9.476314354160487e-6,0.0326993841522208,-8.37942355971191e-11,8.786005357668002e-8,4.3835701854476616e-6,-1.8600155181606962e-8,0.001939027999936769,2.002537330006375e-5,4.317429259123473e-6,4.86784573651258e-6,0.00013217650847443635,-5.918856524055399e-7,4.304793746317318e-9,-3.9332233153176035e-5,0.0004818050186775126,9.46777316397702e-6,0.01025400429967911,0.0009758263334689968,-9.781900581398111e-5,-8.707158937020792e-8,-0.00033560731692484664,-4.534775053136808e-6,-6.64789295496273e-6,-1.172775482381532e-7,-7.090026010447298e-7,2.3211534289495838e-9,-0.0021240632512907896,-1.3475486603672875e-5,2.6300481692925968e-8,8.437390450440973e-8,0.0021355201462790233,-0.002686685940771881,-9.40785144419666e-7,2.5753518606386726e-7,-1.0713154133321332e-6,-2.2463608897836165e-6,7.226181054881687e-6,-2.8242509536868734e-5,2.373962102830976e-6,7.9464912174152e-6,1.701439079982574e-8,0.0007357632168523129,2.8037692635606474e-7,2.125399773310422e-7,-3.722533879223789e-5,3.7607985738281173e-6,-0.0004296642553631333,1.450385594366779e-7,7.989747985195005e-8,-3.763006508603264e-8,-2.140617659887002e-6,-2.5650577005814866e-5,0.0003777331873233637,0.0003765925577505694,-1.217323257650941e-8,-0.004811390678975639,4.644643917384249e-5,-6.764372802216538e-5,1.4092447367592025e-6,0.00018404075939387442,6.858708117188258e-7,0.0006446649830008965,-0.0004511543578513637,0.00020972578821121644,3.643469690146132e-6,-0.0006808382896550688,-3.592856700102899e-9,-4.053032682303607e-6,0.010453713774628089,-1.235694781144502e-6,0.0009500198096806415,-3.5546129766501056e-8,-9.959863309699882e-5,1.835557813122408e-7,3.5222937783888785e-8,-1.0574588197536457e-10,-1.0061297541924314e-6,-0.0016190685988782278,-0.005898095237179998,0.005456817000004828,-1.0528505314700368e-8,6.990995600047313e-5,-2.573418676328384e-5,0.00011404013087693917,-2.5163805227912863e-8,1.4863693472812933e-5,-0.016658368780578536,-0.0024675801150886643,-2.2329972648086055e-5,3.7607965001249243e-6,-7.912487651912874e-6,5.606203729026784e-7,-2.01579835298449e-6,-8.69152522337835e-5,0.0009818186427614209,-0.0006717680736751654,-0.0008246154203960984,5.884827183402835e-7,-0.0017919688787130128,0.00040800288087653667,0.0030994326617836774,-5.012032591159061e-8,-1.9143236484208295e-7,2.2969748872355093e-6,-1.6056120739233544e-6,1.4926130229065064e-5,-4.4826868659990775e-6,4.9479407396660425e-6,5.184723281983165e-6,-2.9958644508094978e-9,-7.209386362363557e-5,-4.609470599593235e-7
0.0,0.0,0.0,0.0,0.0,0.0,0.0,0.0,0.0,0.0,0.0,0.0,0.0,0.0,0.0,0.0,0.0,0.0,0.0,0.0,0.0,0.0,0.0,0.0,0.0,0.0,0.0,0.0,0.0,0.0,0.0,0.0,0.0,0.0,0.0,0.0,0.0,0.0,0.0,0.0,0.0,0.0,0.0,0.0,0.0,0.0,0.0,0.0,0.0,0.0,0.0,0.0,0.0,0.0,0.0,0.0,0.0,0.0,0.0,0.0,0.0,0.0,0.0,0.0,0.0,0.0,0.0,0.0,0.0,0.0,0.0,0.0,0.0,0.0,0.0,0.0,0.0,0.0,0.0,0.0,0.0,0.0,0.0,0.0,0.0,0.0,0.0,0.0,0.0,0.0,0.0,0.0,0.0,0.0,0.0,0.0,0.0,0.0,0.0,0.0,0.0,0.0,0.0,0.0,0.0,0.0,0.0,0.0,0.0,0.0,0.0,0.0,0.0,0.0,0.0,0.0,0.0,0.0,0.0,0.0,0.0,0.0,0.0,0.0,0.0,0.0,0.0,0.0,0.0,0.0,0.0,0.0,0.0,0.0,0.0,0.0,0.0,0.0,0.0,0.0,0.0,0.0,0.0,0.0,0.0,0.0,0.0,0.0,0.0,0.0,0.0,0.0,0.0,0.0,0.0,0.0,0.0,0.0,0.0,0.0,0.0,0.0,0.0,0.0,0.0,0.0,0.0,0.0,0.0,0.0,0.0,0.0,0.0,0.0,0.0,0.0,0.0,0.0,0.0,0.0,0.0,0.0,0.0,0.0,0.0,0.0,0.0,0.0,0.0,0.0,0.0,0.0,0.0,0.0,0.0,0.0,0.0,0.0,0.0,0.0,0.0,0.0,0.0,0.0,0.0,0.0,0.0,0.0,0.0,0.0,0.0,0.0,0.0,0.0,0.0,0.0,0.0,0.0,0.0,0.0,0.0,0.0,0.0,0.0,0.0,0.0,0.0,0.0,0.0,0.0,0.0,0.0,0.0,0.0,0.0,0.0,0.0,0.0,0.0,0.0,0.0,0.0,0.0,0.0,0.0,0.0,0.0,0.0,0.0,0.0,0.0,0.0,0.0,0.0,0.0,0.0,0.0,0.0,0.0,0.0,0.0,0.0,0.0,0.0,0.0,0.0,0.0,0.0,0.0,0.0,0.0,0.0,0.0,0.0,0.0,0.0,0.0,0.0,0.0,0.0,0.0,0.0,0.0,0.0,0.0,0.0,0.0,0.0,0.0,0.0,0.0,0.0,0.0,0.0,0.0,0.0,0.0,0.0,0.0,0.0,0.0,0.0,0.0,0.0,0.0,0.0,0.0,0.0,0.0,0.0,0.0,0.0,0.0,0.0,0.0,0.0,0.0,0.0,0.0,0.0,0.0,0.09255208348874247,8.910229195083813e-6,-0.0010409923152619864,-1.3571581950692693e-6,-0.0011645826367922532,-0.00012398433043974528,-1.1939246651727636e-5,9.872144841484684e-6,1.115728542276029e-8,-1.0639596343056893e-5,3.5558714439027258e-6,-0.013272921145035093,-7.059032365217032e-7,1.9785326035606043e-5,1.1606081324521951e-6,-0.0018599856375466949,-3.789028587903136e-5,1.920749417706603e-5,6.148274973618182e-6,-0.0009470096623322325,0.00870340629402368,0.009705006475308548,7.00559967553357e-8,2.4202674561549397e-6,0.002024154986877254,4.313266229845089e-8,4.5505399247575e-6,0.00022194314257094474,-5.011028929343598e-7,-1.1851173513952943e-5,-0.012653334081107854,0.0004852250591085955,9.236813062939911e-6,-0.009768903146858082,-0.00013074225948286558,9.84547717517498e-5,0.001234699316186377,-1.19771084252561e-5,0.0028150287222639425,-6.552916666865719e-6,0.0002484171379047182,-8.704549078115316e-5,1.7678592490319437e-5,-1.3834552680332159e-5,1.0126496693796066e-6,-3.219394842202191e-7,-0.003956974544546014,0.002395553538857767,-2.888489281397904e-6,-0.0002886182802332277,-2.4233442578686082e-6,-3.994084864429869e-6,-3.3650082453597726e-5,0.005281826559717708,0.0001184554914682377,-7.412591533629038e-6,0.0006706894852764943,-1.8520606033853093e-6,-0.00576746168421992,3.903286591832314e-9,1.7494088487925556e-6,1.1406088217807582e-6,0.0009556648698054605,3.928631854272296e-6,-0.007652543590385356,-0.002265113294300807,-1.036426314346871e-8,0.001100725796020339,0.002947420207369284,0.0013844898805626404,0.00014439275905992247,-0.0026072642474565975,7.797787581558516e-9,-1.0342491285416196e-7,0.0021690920030360008,-8.733650446232298e-8,1.5744456691911865e-8,0.00030767957384842456,-4.809464992391482e-5,-9.63904078353806e-7,6.06149913935473e-9,0.0001871622501802542,6.022242242404385e-8,4.082263796757908e-7,-1.8043488358634561e-6,-0.003066988883373036,-2.220453876748176e-8,-0.009839099119759375,-2.096446680272978e-7,1.5456483844778376e-6,3.041423775009384e-7,5.23832808700487e-7,-2.534605431033085e-7,-2.035258393860647e-6,5.6536802874387506e-5,0.0009231101050977084,0.0006891009758461558,-2.376491990982998e-5,6.08258494189311e-5,-0.008030713726118913,-1.2475541458464158e-8,0.0038644165381939736,-0.0004975281234558201,0.0007629688201713274,4.426969492891476e-6,4.716129130657432e-5,0.0004654767055106711,1.2971512556430784e-6,1.6947691351234824e-7,-1.8957100961499184e-6,-0.00020504138279217902,-2.2965710180594073e-7,7.742704470781071e-5,3.0037726987222805e-5,-2.4721290144244308e-8,2.27183888780228e-6,-8.775294758888486e-8,4.46238134562465e-5,1.2134111991257107e-7,-0.0006510300161125351,-1.6695986630874218e-6,-1.3329376350421988e-6,-0.024043176736248624,5.282523838566148e-7,-0.00031584044413907384,3.147719535307965e-7,-2.88972007084178e-7,1.380755366201332e-5,-0.00017995659516996168,-7.86526315182678e-5,5.794135469231292e-10,-3.778960667263885e-9,-5.215717272818353e-6,-0.0014122934588952454,-0.001382772151887458,-4.440064649544235e-6,-6.355743613438529e-6,4.5030127836769346e-9,0.0010377776190542262,-5.050991131150372e-5,0.00022435781320135554,1.3551614593827945e-6,3.687682217808022e-8,1.424780066766531e-7,0.0034971232248726994,-2.501617436953936e-7,2.0808167412821773e-6,1.6493883651109625e-7,-7.266477962889272e-6,1.990975187351305e-7,3.924100760492577e-6,5.077487996835472e-6,2.0190722933723646e-6,-0.00013450047014069893,5.056902905215959e-8,-0.00010900285001488122,1.2972666405798591e-5,4.766486403523595e-6,-2.054423279183673e-5,-7.100988392315063e-8,0.0015386047279237539,1.4171368737522743e-5,-4.5258897408364385e-9,-0.0001036146267101896,-0.00817918953813749,-2.252854209863921e-5,4.18905595573015e-6,-4.2715307911139253e-5,-3.261296249339265e-5,-2.8222961577412562e-5,0.003955689247445182,0.010612784561693974,0.008092553880039502,-0.00881804999368165,1.4952776186765145e-5,-9.632639053988612e-7,2.089960495267949e-7,-3.8773071788668315e-5,-3.252749960777046e-7,0.05407771198057979,7.809517365792057e-5,-0.040073024458101306,-0.0006725274569064533,0.002139306003226394,-6.326360765399479e-6,-0.0002848594196724027,-2.9257456459930043e-5,0.00046719141721581305,3.070949609272558e-7,-0.0015369337751928787,0.001158967812680759,-2.425900211013497e-7,2.0502897850275388e-8,0.004329016361774107,-2.6349910719883304e-6,-5.358918671793036e-9,-1.3399889569194687e-6,-6.460471209718548e-7,-1.0476367656454291e-5,-0.00010934317007361583,1.0045553385081206e-5,-0.00022877279682008132,-5.5698348052579265e-5,-0.007453476139933703,7.08122165369712e-7,-1.0081762287113051e-6,4.790291324269087e-7,1.8800598422808177e-5,0.046132231776696536,2.0439427427758077e-9,1.2044692815388607e-6,0.0020864080383252662,1.748436089331687e-6,0.005718664618140426,0.0019292142252830343,-5.833576849943085e-6,0.0001966134228351881,1.7953517847965985e-6,0.0077935071220079305,8.164990911625822e-8,8.025780391189005e-5,0.0001702859984693485,1.5855529642040398e-6,-0.004509089202772401,6.669579836596973e-6,1.0593639432528854e-7,1.3000258577786214e-6,-3.167727110499588e-9,8.333198632768667e-6,-0.019510194983846964,0.032869887852530894,-1.9911535565797205e-7,-2.082341999982391e-7,-5.029822077911267e-5,7.270390980950756e-7,0.004809539096365729,1.1025790377039728e-5,-4.778768929367671e-9,-7.566919921995435e-5,-5.382001107592926e-6,-1.268819037312794e-7,-2.8778000840120864e-6,0.012538852470664925,-1.3181463253755165e-5,-8.843815486877756e-5,-4.896849418744131e-7,0.002048581749120962,-0.0012571938635728577,-1.2492517768015382e-8,1.476734031642849e-6,-3.359542974749428e-5,8.183296314503647e-8,-1.8261352294912484e-6,-0.00014609085824571463,0.0017429834210010377,-0.006502280238895738,0.007603161267519077,0.00015652193133094828,2.3375618246604937e-6,-2.732414873369781e-5,0.0009343380273381212,-0.0038194097493388216,-2.0846006496797196e-7,4.5095696859595986e-6,-1.830239449735631e-6,-6.577419149571718e-7,9.10547776410509e-5,1.3124933046065472e-9,-1.279072102209185e-7,-6.092066221058391e-5,-4.3516391486162135e-9,-2.439832250010498e-6,-0.00144268118635818,0.0023964372687104497,0.0002117290489499633,-3.693644300270527e-5,2.004566789014609e-5,-7.050856601736145e-5,8.860623482724963e-9,4.75468404509939e-7,-0.0002393163080458612,-0.004311210442073657,-0.002391916652280335,0.0020555819140113353,5.310707380229674e-8,-9.80476716002506e-9,3.8807726783711573e-7,1.7329046731156779e-6,-3.619759607299841e-7,-0.00041427061302438636,-1.4953233704144521e-6,-3.5022959883610755e-7,0.00015650907642530113,-0.002683357300063463,-2.1904918477777342e-7,-0.008296608138905776,-2.83460271845296e-5,4.815700111753154e-6,5.182351906006462e-7,-4.041052555873884e-5,5.2423873578306314e-5,0.0007680014786822364,-7.744118407418495e-5,0.00023937700874331164,6.302887435539372e-7,-0.0001403164329293171,5.306872211695853e-6,7.900223438726768e-9,-0.0001884777348095909,2.1089924890163132e-6,-9.760528773408177e-5,2.468968475363748e-6,-1.0719834840602013e-8,-9.333361803735819e-6,-0.006983046154422843,0.0006557812969835331,0.0009812311222262503,-0.015666205207163053,0.005126766095922827,1.5321526335393469e-6,-4.764633258330715e-6,-2.891590171217424e-6,0.0007121866122004086,0.0013112916685280123,-3.0183696902618307e-6,8.456191992658313e-6,0.0002771567736193067,1.3500147793377394e-5,-0.006545427865417018,2.488486528401961e-7,-0.00825503002729607,2.4734694147364997e-6,-3.442145772024145e-8,4.9559413240703745e-5,-2.6720094835329073e-7,0.005144589668508015,-1.6046003674908674e-8,-2.469616911993656e-7,-2.861463360921847e-6,-3.452491714556482e-5,-1.3111396368542237e-5,-2.853895429028347e-7,5.4767558808044705e-8,-2.9418719986045154e-5,-0.0006547118132042183,-1.0809987468230817e-5,-0.0017702117483970172,-4.527373525057811e-5,-1.7800768657625288e-10,0.011985310268744553,2.728773734436812e-5,-0.0003082747535921026,-2.4969126415487327e-6,0.00022100475674798384,1.2868153785939632e-6,-0.00029420075003373645,-0.0020661641549967248,-0.014048354510162862,2.7106555158044935e-7,-9.313744750989931e-7,-2.7398970050369893e-5,8.301735132616538e-6,-0.00045658472871922716,0.001899943563089835,0.0004681293663418647,-2.6774453968234297e-8,0.0018220496806511353,0.0006178133143085075,-4.139143085915603e-7,1.9066091672979802e-5,-0.003530641727755361,2.600559002576795e-6,0.0001803801365565264,-4.5511854653924895e-7,-3.4283105482737325e-8,0.0010799126620722637,0.014935019833827827,8.231527829419615e-5,2.9094502796041583e-7,1.4565456814048012e-6,0.02117434767587859,-4.4736849077757956e-8,8.406368414023543e-5,1.7656999858930748e-6,-1.8423598757195086e-7,7.021513623585364e-5,8.030736741737603e-6,0.00016917384547108388,0.0034187778979463236,1.2089297072068438e-5,2.0181431267689883e-8,-1.66405520872811e-5,0.009051759550207,-0.0009512738935270794,9.830749879548724e-6,4.687899531374151e-6,-0.00017098898695664942,0.0026603432732976652,-1.8209887782057853e-8,-5.404398091011885e-9,-2.436601690447275e-9,-0.00014983913710363237,6.212110045921658e-8,0.0063799627455173175,4.827414625719416e-6,0.00029906920180021364,1.4461882743546434e-6,0.00864417723963315,-1.3125590498311102e-5,5.033070465699703e-9,-0.000901328887568279,0.00045049077143388943,0.011399726512264275,9.731137473912744e-6,3.614264290938727e-6,8.19954229627323e-6,-1.031025112038582e-8,0.0005362503995573034,-1.4711117203552324e-5,0.0002489087923216228,6.230962279185728e-7,2.415377301470887e-5,3.87229103389219e-6,0.00506437172274369,5.112864407317027e-8,0.009929460156786868,-5.947192212717532e-5,-3.466858958869259e-6,0.0033625235693244397,0.0005539524919485587,4.87458267976211e-5,-0.0002675158771345502,-7.713348496447228e-7,1.1708637603745541e-7,-0.0006705430763133529,0.0008359907415229865,6.452162196754901e-6,2.726613140386996e-6,2.812453130639758e-7,8.436097605132696e-7,2.6767230374141977e-5,3.2028933568650923e-7,7.088180373370183e-7,0.00016174503467307518,-0.000850648372122303,-0.0002860376225470787,1.3137358119867373e-6,1.0788859469094946e-5,3.905807177061166e-7,-0.014424117718465178,0.00011859870910385522,-3.9139341020839493e-7,0.0016275556755289018,-9.665598726559487e-5,-0.0007722534813108726,0.0020964821760376257,-1.0784041634425859e-7,1.893090701562522e-8,0.00010649575333088346,-0.005353194135909902,-0.0005050530433833271,4.5692329464588367e-7,0.0024784478320612788,2.7215349385816793e-5,-0.0013581364843503238,-2.508907370436755e-9,3.0291012463955874e-5,-5.607423194164139e-6,2.6359882243920924e-5,-0.0031821747693501555,-0.0001003706323029038,-0.002180578303388896,-0.0010256925827991047,-3.077231132758768e-7,-9.267309875525891e-8,3.5241242404078154e-7,0.0455482658006132,-3.0241503149731013e-9
0.0,0.0,0.0,0.0,0.0,0.0,0.0,0.0,0.0,0.0,0.0,0.0,0.0,0.0,0.0,0.0,0.0,0.0,0.0,0.0,0.0,0.0,0.0,0.0,0.0,0.0,0.0,0.0,0.0,0.0,0.0,0.0,0.0,0.0,0.0,0.0,0.0,0.0,0.0,0.0,0.0,0.0,0.0,0.0,0.0,0.0,0.0,0.0,0.0,0.0,0.0,0.0,0.0,0.0,0.0,0.0,0.0,0.0,0.0,0.0,0.0,0.0,0.0,0.0,0.0,0.0,0.0,0.0,0.0,0.0,0.0,0.0,0.0,0.0,0.0,0.0,0.0,0.0,0.0,0.0,0.0,0.0,0.0,0.0,0.0,0.0,0.0,0.0,0.0,0.0,0.0,0.0,0.0,0.0,0.0,0.0,0.0,0.0,0.0,0.0,0.0,0.0,0.0,0.0,0.0,0.0,0.0,0.0,0.0,0.0,0.0,0.0,0.0,0.0,0.0,0.0,0.0,0.0,0.0,0.0,0.0,0.0,0.0,0.0,0.0,0.0,0.0,0.0,0.0,0.0,0.0,0.0,0.0,0.0,0.0,0.0,0.0,0.0,0.0,0.0,0.0,0.0,0.0,0.0,0.0,0.0,0.0,0.0,0.0,0.0,0.0,0.0,0.0,0.0,0.0,0.0,0.0,0.0,0.0,0.0,0.0,0.0,0.0,0.0,0.0,0.0,0.0,0.0,0.0,0.0,0.0,0.0,0.0,0.0,0.0,0.0,0.0,0.0,0.0,0.0,0.0,0.0,0.0,0.0,0.0,0.0,0.0,0.0,0.0,0.0,0.0,0.0,0.0,0.0,0.0,0.0,0.0,0.0,0.0,0.0,0.0,0.0,0.0,0.0,0.0,0.0,0.0,0.0,0.0,0.0,0.0,0.0,0.0,0.0,0.0,0.0,0.0,0.0,0.0,0.0,0.0,0.0,0.0,0.0,0.0,0.0,0.0,0.0,0.0,0.0,0.0,0.0,0.0,0.0,0.0,0.0,0.0,0.0,0.0,0.0,0.0,0.0,0.0,0.0,0.0,0.0,0.0,0.0,0.0,0.0,0.0,0.0,0.0,0.0,0.0,0.0,0.0,0.0,0.0,0.0,0.0,0.0,0.0,0.0,0.0,0.0,0.0,0.0,0.0,0.0,0.0,0.0,0.0,0.0,0.0,0.0,0.0,0.0,0.0,0.0,0.0,0.0,0.0,0.0,0.0,0.0,0.0,0.0,0.0,0.0,0.0,0.0,0.0,0.0,0.0,0.0,0.0,0.0,0.0,0.0,0.0,0.0,0.0,0.0,0.0,0.0,0.0,0.0,0.0,0.0,0.0,0.0,0.0,0.0,0.0,0.0,0.0,0.0,0.0,0.0,0.0,0.0,0.09224618867844846,7.010864634610253e-7,0.00039948544812996476,-0.0015426676768108152,1.6840999489027367e-6,-0.0013861015520395146,-3.663145042636573e-10,-3.0727251555496e-6,-3.232749537344454e-8,-0.004844620914617792,0.00021196251829372136,-2.1165416707546412e-10,-0.024882279246571482,0.0002938661538533203,-7.564309714264532e-5,-3.063769599199125e-8,0.007992759207856052,-5.121189840241908e-10,1.5085795797122515e-7,0.0002212954606493763,-2.7888451377102648e-5,-8.069303223698668e-5,3.609575195085918e-8,5.836691411779645e-6,-7.271597599645503e-5,-0.02633248274318515,1.0749236465323427e-6,7.724897231489919e-10,-0.005810028572893997,4.674968870118268e-7,-8.553382580711974e-7,9.922271561194636e-9,-1.3281771196978289e-5,-0.000819872093596772,0.028130732960404754,3.494596957350423e-6,2.0083985377817817e-8,0.0004117052156070249,-7.042892770169136e-10,-1.2348108453159137e-7,1.4672889154787905e-8,-0.0012746596473758355,0.0209262258933166,0.0008392301368403366,-0.0001687790988679121,-3.7093362500719244e-7,-9.384557330320732e-6,-5.4517052518998533e-11,-0.002159603362139342,5.148467098259128e-10,-0.0014240077773308112,9.464289224233887e-11,8.344195460540699e-5,-4.0997687021334785e-7,4.123564171409445e-8,9.447430287818523e-8,1.6131055207635983e-9,8.395123210328454e-7,-5.511555999631778e-6,-8.546698727059421e-10,5.867009048251862e-10,-2.0899641537647253e-5,0.005664571696847956,-9.314217384827635e-6,-0.0006853977787225799,1.1279892256386854e-5,-0.0001875703661379449,-2.361587464369934e-6,-5.6731451273297184e-6,0.007955341419869342,-0.0005159644625324636,2.597701305975021e-6,7.478844006374142e-6,-0.00011194053040249035,0.00014597495508103045,1.170435652022899e-6,-1.0455558067476722e-6,-3.4954038224810134e-10,-2.433926889282685e-10,1.008850217036023e-5,-3.6762002504191845e-8,1.963895528525584e-5,1.851535308541487e-10,0.0019143953518309575,-0.0002894383465206168,1.692623820414718e-5,-6.571683482854006e-5,8.742972641423716e-11,2.220784933355922e-11,2.7594636141921785e-10,2.33776833784963e-10,-1.87000642801201e-11,-0.00249263787868673,-5.148966851964232e-7,2.097126541103826e-7,-0.0006274997314486417,1.9282886786892997e-7,6.347643514164302e-8,6.784143504148338e-7,7.058260338062353e-6,-9.717235660573584e-6,0.002238382626193839,0.0019021895546809293,1.722291259723106e-8,-0.02481720771196114,-3.20549495152361e-7,0.0008568338486128451,-7.83628664475943e-10,-2.204826760247151e-9,1.512318614527298e-7,-0.00015579136025670236,2.5301973794850624e-8,0.011422582162415365,1.85862472829324e-5,-1.7686871204784636e-10,-9.3900417575649e-6,-0.02694259375414447,-0.0002892231819138295,6.262071423713917e-7,-1.5058003346806443e-8,-6.724541132080016e-9,2.657702250355661e-5,1.534356877375505e-10,-0.0075479472545107226,1.5083398596840702e-10,-0.001679259877427095,-9.914523321955504e-9,-2.580930273031834e-7,5.739184403747745e-8,4.1926318794245494e-6,-2.3934756657814704e-7,-0.0006078348081190199,-0.002141456923632599,2.5812706370102032e-6,-0.005329611836161926,1.529532727591848e-9,7.227781499553848e-6,-2.105843781872866e-7,-8.508929385697553e-8,-1.9392737447716727e-8,-0.0021945188261386374,1.3590522201195733e-10,2.9122439236143036e-5,0.0004156619958680875,9.748119958027877e-5,1.3961672094405026e-9,6.838290274886281e-10,2.8891762971436053e-10,1.571099495110585e-6,-2.286916346581345e-9,-3.2030737946660327e-9,-2.0373903779735016e-9,1.4238839219214358e-7,7.891460928816803e-7,-0.0011524368482137037,-0.0018717283202978323,6.397221081694773e-9,2.3349315702089864e-8,-1.3542932782897104e-10,0.0005380452281705388,-2.1430207720884443e-8,3.5889778005954788e-6,0.0011676276705419437,-1.6986916076326539e-6,1.0422959971535277e-10,-0.00033091924310861326,-0.005371204147779297,-2.0338907638421393e-8,-3.033419515463062e-8,-0.001188140093103394,0.00012351439394966144,9.963247334343083e-6,-2.7275355876694366e-6,-0.0009257459073417372,4.0344164232591934e-5,-9.310315071336975e-10,6.572281892988242e-8,-1.9525267781172226e-5,8.146955698564644e-5,-2.495238252038406e-8,8.339756592385247e-6,0.0015963013914260637,-7.692978783238816e-6,-0.0017058757044557738,-0.0025162461456743404,0.020418550192120972,-0.0014568116782743077,-1.7404388714965298e-10,-0.0009301570389420904,-1.6222440232358566e-6,-1.7805278145920812e-5,-1.2119217603600554e-5,4.469639274715214e-5,7.845606333907693e-9,-6.152729486156922e-6,0.0003193110379428577,-6.407368578934959e-5,0.004164097791459157,-0.003731397625879274,-4.311412759617732e-10,2.8955225361709994e-7,-0.011754798733967805,1.2861253483732838e-5,-0.00400305671942532,1.3470886341986815e-5,0.0003744751653491959,-0.008076187797054246,-3.566328632285824e-5,7.63685054854221e-6,-0.0002293103641666476,-3.5300097066658796e-6,-1.6715571021142286e-9,-6.1918804762600415e-6,-0.00011513634415061812,0.00019643896840444589,0.010450007814921048,-0.00035555608997889205,3.638497932044076e-5,6.829051530996271e-5,-1.498161700447821e-7,6.632027265599058e-7,0.0015913972968294385,-0.0001127178454845304,0.001647750434708043,-4.707848631242786e-5,-5.1369876862151305e-5,3.454785192553626e-10,-0.013200589617631497,3.1300440022146915e-5,-2.5778140620321115e-5,-8.365092860992927e-5,9.930801189869482e-5,-0.007953364966105735,-4.0116829690529395e-5,-5.652983572658152e-5,-2.354801455828702e-9,-1.5725238237829529e-6,5.719422682142352e-8,3.6114086887603042e-9,-2.9096476998331615e-5,-1.4361966513552987e-9,6.132549818446409e-5,0.016592041056840975,0.008220902808536164,-6.834965900402271e-10,2.5283351924449323e-7,-0.0027437101703698128,-0.00010970286866031129,9.907392511760436e-10,3.441714419380674e-8,-6.005478164133218e-5,-3.863793824374568e-8,-0.0006116235287376303,-3.1993483420832695e-6,0.0001405935305325414,5.128877311904218e-5,-0.02038762784783629,0.00041611511002229027,-0.011982997027511955,-2.7260920670820465e-7,9.777449741668992e-7,-0.013669341904026275,-0.0060234272996794675,-0.0018603432747492466,-1.2244051541383067e-10,1.5182418038547222e-7,6.6313476951050925e-6,9.755832433852547e-6,0.0032676995320417785,-1.6141977096707533e-5,0.0033986052328568474,0.0035769103080376813,0.00017648193179622127,0.006835973007584083,0.0016758874265127418,-4.952863794019915e-8,0.00015837747588116316,1.1206456542754697e-5,1.2129542846500913e-10,-4.807565670471776e-5,5.400165915980013e-5,-1.0325588841669784e-6,3.3040603935765885e-6,2.3084517756569095e-5,-5.8482298525251524e-6,1.9316409872914982e-10,-2.6924474017456423e-10,8.643418266886232e-11,-0.00046007902421153025,8.881426059757651e-5,6.910194959087467e-5,-5.145976112918168e-7,1.626677330929404e-6,-8.560565813541093e-10,2.1886276055036955e-6,-8.673508081753951e-8,-5.0930026923395264e-5,1.8343785074830887e-10,-0.007224555587479052,6.64313869791465e-5,-0.0001573074220162566,1.4464921623861938e-7,0.0008878687931481139,-0.0030899859071779638,0.0016011769416884821,-3.6582563523844923e-9,5.753634552572875e-6,5.2475669910068e-8,0.0005713080515296417,6.753513791621783e-8,4.904557157017715e-5,2.8731656868365917e-6,2.537056732271217e-8,0.00012022245850620357,1.9306265332714503e-7,-4.586067198921303e-8,-1.4178997152989093e-5,-2.7155803193302812e-5,0.00010223325323463568,-5.148303966931213e-9,2.2047809874817496e-8,0.0006451588927644976,-3.086520336856309e-6,1.4348212628728686e-8,1.9009320412677904e-5,-3.1655754224919344e-7,0.014072066750917893,-1.009845013786788e-5,0.0002536075189861708,0.00046048442480052813,-1.8391357238044328e-9,4.307119780956919e-5,-1.202775594341217e-8,-1.225293771342538e-10,1.803891968772572e-5,4.872541676517856e-5,-0.0003930911332607824,9.747678272298342e-9,2.315285500062642e-9,0.04069758325340066,8.718408925874618e-5,-0.00012740493953211047,-0.0016047946749493502,-0.00033940983501140154,-1.0915311123074429e-9,-9.473553870548028e-5,1.0657433008386971e-8,-1.4255531884766052e-5,-2.3680193424365524e-5,-0.018613359102969743,0.0025943406877887085,2.137102488184623e-8,-9.966863730067453e-6,0.0019986473019139987,-0.0020165531313713235,-4.762646755748196e-7,2.7735597196427033e-6,-0.0007461183959630278,-4.153633420414597e-9,-2.3859429238548165e-7,-0.018641583014020954,0.0046561298479955065,-0.0006334892651065802,-0.0006943089735599497,-3.292572840786168e-5,-3.9386913288212414e-7,0.0006586748044206154,7.790155969204967e-11,-6.655981883524255e-9,-1.1153920746689625e-6,8.732951851368277e-9,0.006259826198405049,-2.968760043513531e-5,-2.6219942164023696e-5,-4.715782762816622e-7,1.2476724905542485e-6,-8.408111101186936e-8,2.0193240454530118e-10,0.000571846682655409,-2.218437013434898e-5,-4.088979449005845e-5,0.013210121070476163,-0.005481640587138924,-0.00012896878635104247,6.3648367709885545e-9,-0.002967661693084127,-3.711488115847373e-7,1.6845582679215224e-6,-4.890394377673109e-8,-3.2964709062009143e-6,3.5918788094700424e-9,0.00015245889583070336,1.7472528004250478e-6,1.737667131952038e-9,-3.7194870173032294e-9,-9.453881437000098e-5,0.0003099967319452884,-2.366830075789593e-5,8.880724095250185e-7,8.409630534637274e-6,3.650725907542719e-7,1.0074905717141418e-5,-9.718174713583838e-7,-8.350695454837567e-9,1.0546681822848428e-7,-9.790385557120934e-10,2.1756710271047625e-5,-2.5542643632022476e-8,1.4246125014319119e-7,2.7686951064185923e-6,-3.829977285032688e-7,-0.00013632375758291693,-3.5218756509685877e-9,-7.85223465602321e-9,-1.0104259406650409e-8,-1.0639105121937013e-6,-3.4444933705446424e-7,-0.003012785626994275,6.485430652715182e-6,-8.696876387387216e-10,0.002120120429166362,0.0009972066586992731,8.350154168291265e-6,2.097115646494136e-5,-3.258186300895147e-7,8.842106167976898e-9,-0.01260371186507343,0.0005554767135206493,-0.0008054816933439012,-5.626289264477504e-7,0.00028539787983625177,-2.9116221725731235e-10,0.00015998501677225445,-0.0010363007052410142,-3.4604449950422515e-6,-0.014536443805808085,-3.3471827096863078e-9,0.0013080239456117163,-5.194666707250662e-9,4.2165447823435073e-8,-1.4257027190117276e-10,-0.000907930307348298,-0.0027383305426249144,-0.0003403687041703345,-0.000609282755335161,8.684209931948487e-11,-0.003224585208990617,-8.735613236074272e-5,-1.3221723406338805e-5,3.504042624746894e-8,-0.0002571981180819506,0.0008868050148477942,-0.00010144527366110315,5.2095615162287355e-8,1.9269917662540793e-6,-0.00012677401513531958,2.3411028257273095e-5,-1.3745899513119976e-7,-8.823104748456442e-7,-9.877047204742366e-5,0.0061486267212380544,-0.00011141131416330387,-7.078800707157395e-11,-9.960163232402323e-5,0.0029002696485620175,0.004215137862916986,-2.7341931787267082e-9,-1.0643344886917984e-8,3.1691360796283263e-7,5.731770907618589e-8,1.0950141508643249e-6,5.853641431302486e-7,-4.7413198441215e-6,-0.0001352262499337149,-8.691910204768954e-11,-1.2341074301393208e-5,3.7999244272697262e-6
0.0,0.0,0.0,0.0,0.0,0.0,0.0,0.0,0.0,0.0,0.0,0.0,0.0,0.0,0.0,0.0,0.0,0.0,0.0,0.0,0.0,0.0,0.0,0.0,0.0,0.0,0.0,0.0,0.0,0.0,0.0,0.0,0.0,0.0,0.0,0.0,0.0,0.0,0.0,0.0,0.0,0.0,0.0,0.0,0.0,0.0,0.0,0.0,0.0,0.0,0.0,0.0,0.0,0.0,0.0,0.0,0.0,0.0,0.0,0.0,0.0,0.0,0.0,0.0,0.0,0.0,0.0,0.0,0.0,0.0,0.0,0.0,0.0,0.0,0.0,0.0,0.0,0.0,0.0,0.0,0.0,0.0,0.0,0.0,0.0,0.0,0.0,0.0,0.0,0.0,0.0,0.0,0.0,0.0,0.0,0.0,0.0,0.0,0.0,0.0,0.0,0.0,0.0,0.0,0.0,0.0,0.0,0.0,0.0,0.0,0.0,0.0,0.0,0.0,0.0,0.0,0.0,0.0,0.0,0.0,0.0,0.0,0.0,0.0,0.0,0.0,0.0,0.0,0.0,0.0,0.0,0.0,0.0,0.0,0.0,0.0,0.0,0.0,0.0,0.0,0.0,0.0,0.0,0.0,0.0,0.0,0.0,0.0,0.0,0.0,0.0,0.0,0.0,0.0,0.0,0.0,0.0,0.0,0.0,0.0,0.0,0.0,0.0,0.0,0.0,0.0,0.0,0.0,0.0,0.0,0.0,0.0,0.0,0.0,0.0,0.0,0.0,0.0,0.0,0.0,0.0,0.0,0.0,0.0,0.0,0.0,0.0,0.0,0.0,0.0,0.0,0.0,0.0,0.0,0.0,0.0,0.0,0.0,0.0,0.0,0.0,0.0,0.0,0.0,0.0,0.0,0.0,0.0,0.0,0.0,0.0,0.0,0.0,0.0,0.0,0.0,0.0,0.0,0.0,0.0,0.0,0.0,0.0,0.0,0.0,0.0,0.0,0.0,0.0,0.0,0.0,0.0,0.0,0.0,0.0,0.0,0.0,0.0,0.0,0.0,0.0,0.0,0.0,0.0,0.0,0.0,0.0,0.0,0.0,0.0,0.0,0.0,0.0,0.0,0.0,0.0,0.0,0.0,0.0,0.0,0.0,0.0,0.0,0.0,0.0,0.0,0.0,0.0,0.0,0.0,0.0,0.0,0.0,0.0,0.0,0.0,0.0,0.0,0.0,0.0,0.0,0.0,0.0,0.0,0.0,0.0,0.0,0.0,0.0,0.0,0.0,0.0,0.0,0.0,0.0,0.0,0.0,0.0,0.0,0.0,0.0,0.0,0.0,0.0,0.0,0.0,0.0,0.0,0.0,0.0,0.0,0.0,0.0,0.0,0.0,0.0,0.0,0.0,0.0,0.0,0.0,0.0,0.0,0.09209306712136453,-3.065907014242174e-8,-3.653949503582915e-5,0.009238330385988688,-4.89402776458705e-8,0.0002134075347401992,-5.7239078118990944e-11,-0.0006697410505047006,-3.0593463192734687e-7,3.812859709103197e-5,-0.00015391186592590792,7.306656512260385e-9,7.811536382929658e-9,-6.990842403051836e-5,0.0002624013914766479,7.931731134106648e-8,0.0003959539813364929,-0.0007883412806175344,0.00011022001365895668,-0.0007243318875452664,4.785233547648141e-10,0.0035309655770133317,-0.00014749769601830263,3.122941210129051e-10,-6.771500600946256e-7,0.013136836970458947,0.00019991854566075586,-2.0511153992159785e-7,-0.00019963958003936023,-0.01604927401533078,-0.0005323307179589767,-0.0011630459005378302,9.584980801971141e-6,2.1655840057832397e-7,0.0019126033350070292,0.010326102930503536,3.464051852983701e-5,0.0002303958102590945,-0.02461437700814896,0.0042214019414034435,8.939735833594033e-8,4.3048569640728197e-7,-5.287514501799149e-9,5.2005517407773985e-9,0.0013486995025141636,-0.00027891978245667804,0.00017205134617616688,-4.1364638356734525e-6,0.0002648357862521727,1.672934851620269e-8,0.0037353420655984143,8.706477428329775e-5,-0.011245348640376622,0.001896360554479298,-0.002618075991978468,0.00018772551781042637,0.0029023216948868085,3.210123113653704e-11,-0.00029136180495904513,5.4163464584012804e-5,0.00026033540319994586,6.462146608618522e-8,2.768954572711647e-5,-1.9096968181532482e-5,-8.128105124883464e-10,-1.4825705278427307e-5,-0.0003965492950072557,-0.002849859318769074,-1.946997673098398e-6,2.199975139034004e-6,-4.281844575748413e-12,5.277963737663548e-10,1.2628890665385622e-5,-2.818613838500086e-9,-1.1383858081693362e-11,-0.02593430979255176,0.001337581018148179,6.156140000237122e-5,-3.244744385998928e-11,0.0029308300290036803,2.807260584966301e-10,7.078598996694738e-6,-9.312816339699588e-8,-1.1542249855467261e-5,-2.3150988270995455e-10,-1.5296807239667134e-5,2.904831215610662e-5,0.00016491691550766846,4.332539213999048e-5,-2.0262048254556414e-5,-2.6299209752472237e-5,-3.546921771205514e-8,-0.014027115000975147,-0.004252813344256488,-6.299724387813211e-6,0.016062013432094183,0.0003354101943626144,0.004657337459627824,-1.1303922950413355e-10,0.00026216113575443906,1.2705654855990696e-7,1.4337371774773281e-5,0.0016755898532339207,5.729492193884434e-7,-0.024884896522627053,1.7819778991652863e-8,-0.00014569806377300317,-8.498775814030762e-5,0.0010966563554229054,-1.18526435796009e-9,0.0015916448510923072,1.1745792552459847e-7,2.886367937016071e-11,2.2394840899745526e-5,-3.9153568927218446e-10,-1.3892661158987619e-6,5.4341246934571545e-9,-0.000709136032921435,-0.0014977348176104545,-0.0012401232922586547,-0.00013157290363623774,5.043803893550026e-5,-3.1169032939081736e-6,8.100053118594846e-5,-4.692089151461307e-8,-0.0013403908861124374,-0.016345870234147703,0.009325656031946754,-2.0338032594487332e-11,2.806701046594874e-11,-6.092736884076372e-8,-1.4216348053553984e-5,0.007239266854589277,-7.452510942158243e-8,0.0005694155143313784,7.312441350805278e-11,-0.006722565379768189,-0.013630152305038005,-0.023353334852082422,7.648575006233775e-8,-3.009268395227078e-5,1.511822083936496e-9,1.396812939799615e-5,1.18293322958136e-9,0.0012204889988159519,4.569617783599536e-5,-6.673247325690628e-5,4.949838301486286e-10,-0.0004233688194259999,-0.00025221103682783577,-0.0005547342228842594,0.009897955320220881,1.8833757487104623e-10,-3.885577755601377e-6,-5.8775226110883476e-8,0.0011418132830508254,0.0022224874959445645,1.4011882533906786e-5,1.2817924130739614e-5,-0.0002715789681074283,-4.531086420475761e-11,6.870081586512207e-6,-4.849271841773132e-5,0.0006882007958271516,4.148115624843107e-8,-3.2009388169071307e-7,-0.004352460334311887,0.0016786140565391774,-8.465136001357297e-6,6.568323554742201e-5,0.00010917157292131121,0.0005514292761281481,2.5958776691871274e-8,-3.5549782857867598e-9,-0.00027007487424171795,-0.0006452769317701448,-1.4746667455521457e-9,0.00046297078014525996,-0.004025380370120442,0.0008984861884111316,-3.6751843018636696e-6,-0.00022044892726663196,-1.6371085429518128e-8,-4.036514498317965e-7,1.4063288300199566e-8,-4.1463806661053773e-7,-0.00013385362869228779,-1.1592779202571066e-5,0.00035244442801544935,-4.6040713913520086e-10,2.104425871539633e-10,0.00020613186255851964,0.0006250594463889042,-1.3193006236929913e-10,-2.485641214216073e-9,-7.177482102397934e-9,-1.3552029737208363e-8,5.1134894182186676e-8,0.00011362239718075948,0.03998873054500149,-1.7171508004034597e-6,0.0005987574386702911,-1.906420904482368e-7,-2.7052991323975183e-9,-6.636313444875511e-10,2.5372677498961917e-7,0.0001098304625965461,-1.9859943544195306e-11,1.984349361559948e-8,-0.0014566488094376999,-0.00019874950343200137,-0.0015825747603076246,-1.0724789686038054e-6,-4.195687766650803e-8,1.9760303301552534e-6,1.1268142492035118e-9,8.017517188144865e-5,6.929546446884129e-10,0.003764161838417464,0.0014869217562491588,6.053964808129318e-9,-6.045559867416053e-5,4.5646497536754886e-8,9.559169318616888e-10,2.2822765677970107e-8,-2.224911428514408e-5,6.203016441804584e-8,0.0006063511409562669,-0.00033214781441921846,-1.4641269059181289e-9,-3.0704323497808e-9,7.025188219491812e-7,7.510884041306415e-9,2.163785555305143e-6,-0.0005368769843588588,-1.5895526475080296e-11,0.01038096214959057,-0.0010493190911212117,1.6361358915568727e-10,-7.897686458924724e-5,0.00020821500247883957,9.348890201325669e-8,-6.887970942092725e-7,-4.0568602261616794e-5,-0.0027941015358937007,-2.0051780100674117e-5,2.3179933132066544e-9,0.00017997398299704942,0.0027106534230856055,2.1949161082003705e-9,-0.001444374492610856,-1.0299317016114278e-6,0.000126985862268524,1.3372197106473282e-5,0.0001968303023489493,9.868050355219804e-7,1.2912791396875707e-8,7.56536003673153e-7,-0.03677136330488289,0.00167969170548742,6.77522335190628e-8,6.770862811976003e-8,-1.8420116723400994e-8,3.5702214555799896e-5,0.00755317627010688,-4.663354523611633e-11,-1.4513809168609957e-10,2.4718147692494668e-6,1.345506784905871e-10,-3.351931108118791e-9,-4.554432568253419e-6,-2.0868280709455383e-5,7.669643137645539e-7,-3.8650225808748094e-7,0.00042935820443714903,-4.055005498572202e-5,5.423287587669035e-11,-2.160056392158808e-5,-3.1056967680275695e-5,4.41953493028801e-5,0.001590641300219529,0.00011977090549199825,2.1925481420174797e-10,-4.255317840441172e-11,2.0984593037569038e-5,-0.0002976565426889801,-5.349441738428597e-5,-1.0452362280900165e-5,-7.229624769087362e-9,1.9861390125428034e-8,-0.002832588810674,0.001073568543950944,-8.213764665962217e-5,0.003996784462219059,3.071683334981951e-5,3.700536224931755e-8,3.861736979352322e-6,-1.5822020931154065e-6,3.137843880631245e-7,-8.688525645725813e-5,0.003693493690163765,-4.149852876437203e-7,-9.446392314298374e-9,-7.502396870688769e-7,-0.00011592827939528182,7.928995653959153e-11,0.0037390978303546585,2.596259668067421e-8,0.018605829736533058,1.137310791610647e-8,-3.743504804617138e-11,0.0030943405518765593,-1.239247803544681e-5,-0.0030615675331915095,-0.02245447855616942,-0.00019855025744225816,-9.315743962670521e-5,-8.544210983230968e-9,-0.00023954614123093183,0.0020999785302399415,3.144129601969891e-6,-0.0016579774286004658,0.002872212351508852,-1.0463200137204469e-5,-0.0028430659014891096,2.733902146065845e-7,-0.001218315089020175,7.901577001046453e-10,3.687292986765429e-6,-0.0003751944322557024,-5.522028285889297e-10,-0.0061627445221324705,-8.126699454047305e-6,0.00027064683402180353,-6.631474790881301e-10,-4.656543733323658e-10,0.001297826211463337,0.0045302182047649905,-5.596142656092783e-7,-4.502395559047239e-9,-1.0498141838350702e-9,-3.2649617502541545e-7,-1.1009690702198457e-5,-0.00046774709630228794,-9.053434668008039e-5,0.002051600916514662,2.509372949872871e-10,-0.00013150058019117668,1.2359548649535146e-7,-2.902474690966169e-6,0.0010023765363159146,-0.0005045044462631259,2.110749028001726e-9,-1.1834146395153239e-6,0.002106944537900444,0.0002850704497696403,4.446786180465629e-9,4.000975854003403e-5,-0.006705063661363149,6.700719919836043e-8,-7.861460424934371e-7,-1.160195359259901e-5,3.715415375777595e-6,-1.9120401646825698e-10,-0.002431151148630538,4.8327066270705205e-6,-1.5881059329275677e-5,-0.0029110644656413767,0.0009747970836737502,0.0017162834570469921,5.104321020574574e-7,-1.6539301405587782e-9,-3.4849862718849363e-10,-0.02197688955229882,-0.0025866822876347262,-0.00317116059077245,-5.831647642577875e-5,7.688228793740923e-10,0.0001457241224150228,-7.27202722753926e-10,4.7198975369181123e-7,-2.0234823479686137e-7,7.0728167967061935e-9,-0.0026489841729971982,1.393012689391712e-7,-0.003060228079237149,-0.005609361595845406,-0.0030505905520576545,1.4031216395370155e-11,0.0008499955841691911,7.208808993220709e-5,0.013043192884356456,0.0006278931195053989,-0.0008852024653495529,6.313059869170343e-6,1.797926363496465e-5,-8.572768398086127e-12,1.576062874810312e-11,-7.977204234380929e-11,-0.004486188120540443,1.0398937140900055e-10,-0.001233357329394868,-0.008208281194071094,0.0063866914550761485,-0.0002273539286683235,-2.73809503743963e-5,-0.003809665777385167,-2.2106026896713737e-11,0.0008955147735539746,-0.0024153876606202965,4.19093590999821e-5,-0.001194479388317279,-0.0009009655160905642,-0.000954388079114555,-5.4198554149871585e-11,0.004924905982497218,-6.095459257560933e-8,0.00023504519607996923,-0.00019885290263810807,1.9997580818448664e-6,-3.1829305466233445e-8,1.5245883255846479e-5,6.003002826232144e-10,-0.0009069523657801805,0.0011991798342733835,-1.398650254934539e-7,2.6422440999920286e-5,-1.1728367272222853e-6,-0.03634823768979578,2.017607211196046e-5,4.017206817010221e-5,8.250745807841543e-11,-8.809189515240521e-7,-0.0017768498604420978,-5.295506645191694e-8,0.000849725828175766,-6.256613397227681e-10,-0.0009459376338946258,0.003480356715651889,-0.00010158238425861594,4.3096622235392856e-9,3.0797986371099876e-8,-5.312153964243921e-6,9.725587278379167e-6,0.00026298199728195935,2.5132157619017696e-8,2.1983115194959652e-11,-0.00013782504745131328,-0.0009112004489074838,2.1595443478605126e-10,2.462301480095805e-5,2.0418639893344804e-5,0.007883386150227231,0.0023550352465554034,-3.6440676850556667e-10,5.61847587563343e-11,-0.018215217319988708,0.0032157856806381098,-1.5461707748564466e-5,-5.047550085884361e-8,-1.984984485759181e-5,0.0003201459596187564,-2.7629185064793055e-5,-8.585709327011603e-8,3.857916450677196e-7,-9.176750370746455e-6,-0.0005838923763753513,0.0018368653439001681,0.002040228699151228,0.0008181850281523413,0.009412769030191198,-1.0736185575752613e-9,-5.825471730664026e-10,7.036220874315171e-5,-0.000250234677611841,-1.358939313135366e-11
0.0,0.0,0.0,0.0,0.0,0.0,0.0,0.0,0.0,0.0,0.0,0.0,0.0,0.0,0.0,0.0,0.0,0.0,0.0,0.0,0.0,0.0,0.0,0.0,0.0,0.0,0.0,0.0,0.0,0.0,0.0,0.0,0.0,0.0,0.0,0.0,0.0,0.0,0.0,0.0,0.0,0.0,0.0,0.0,0.0,0.0,0.0,0.0,0.0,0.0,0.0,0.0,0.0,0.0,0.0,0.0,0.0,0.0,0.0,0.0,0.0,0.0,0.0,0.0,0.0,0.0,0.0,0.0,0.0,0.0,0.0,0.0,0.0,0.0,0.0,0.0,0.0,0.0,0.0,0.0,0.0,0.0,0.0,0.0,0.0,0.0,0.0,0.0,0.0,0.0,0.0,0.0,0.0,0.0,0.0,0.0,0.0,0.0,0.0,0.0,0.0,0.0,0.0,0.0,0.0,0.0,0.0,0.0,0.0,0.0,0.0,0.0,0.0,0.0,0.0,0.0,0.0,0.0,0.0,0.0,0.0,0.0,0.0,0.0,0.0,0.0,0.0,0.0,0.0,0.0,0.0,0.0,0.0,0.0,0.0,0.0,0.0,0.0,0.0,0.0,0.0,0.0,0.0,0.0,0.0,0.0,0.0,0.0,0.0,0.0,0.0,0.0,0.0,0.0,0.0,0.0,0.0,0.0,0.0,0.0,0.0,0.0,0.0,0.0,0.0,0.0,0.0,0.0,0.0,0.0,0.0,0.0,0.0,0.0,0.0,0.0,0.0,0.0,0.0,0.0,0.0,0.0,0.0,0.0,0.0,0.0,0.0,0.0,0.0,0.0,0.0,0.0,0.0,0.0,0.0,0.0,0.0,0.0,0.0,0.0,0.0,0.0,0.0,0.0,0.0,0.0,0.0,0.0,0.0,0.0,0.0,0.0,0.0,0.0,0.0,0.0,0.0,0.0,0.0,0.0,0.0,0.0,0.0,0.0,0.0,0.0,0.0,0.0,0.0,0.0,0.0,0.0,0.0,0.0,0.0,0.0,0.0,0.0,0.0,0.0,0.0,0.0,0.0,0.0,0.0,0.0,0.0,0.0,0.0,0.0,0.0,0.0,0.0,0.0,0.0,0.0,0.0,0.0,0.0,0.0,0.0,0.0,0.0,0.0,0.0,0.0,0.0,0.0,0.0,0.0,0.0,0.0,0.0,0.0,0.0,0.0,0.0,0.0,0.0,0.0,0.0,0.0,0.0,0.0,0.0,0.0,0.0,0.0,0.0,0.0,0.0,0.0,0.0,0.0,0.0,0.0,0.0,0.0,0.0,0.0,0.0,0.0,0.0,0.0,0.0,0.0,0.0,0.0,0.0,0.0,0.0,0.0,0.0,0.0,0.0,0.0,0.0,0.0,0.0,0.0,0.0,0.0,0.0,0.0,0.09103643271817627,6.68305236809242e-5,1.7636631826792012e-8,-0.005216300048816512,-4.0786032473547356e-10,0.0006767735267259167,3.453108751443751e-9,-0.00036773176813035706,3.5538859536231763e-6,-3.3637888338267216e-11,-0.0009449197378334134,-0.01385431555389423,5.634234714001488e-6,4.521127784913421e-9,-0.004003433449316857,8.743243349862355e-12,6.27331848148405e-8,1.22210136436454e-6,7.347826997517044e-8,-0.0017722311152077062,1.235270927008197e-9,1.657044602768013e-7,-0.000625044054009818,-0.0002583896870633666,-9.076125449720765e-8,9.865762566001543e-11,0.0018509680612924869,9.390255826884616e-7,3.608522432822059e-8,-5.0565744052320717e-11,6.187978971695396e-7,-6.855172269911502e-6,0.00020449092918623307,-6.119615976571727e-7,-2.8985575444952878e-8,-1.6242695400060918e-5,3.599589177460002e-10,-9.291058008121619e-10,1.693183671404244e-9,-0.0032072506240817156,0.0005955225218887702,0.0008285548832885858,-0.018370837512194486,6.51364150925151e-8,4.31096273482928e-7,1.4382971062856236e-10,-0.00010840620611807761,1.151569147430447e-11,-0.0062124421811008464,2.311619530946882e-9,5.107236792348361e-6,2.6061461935976997e-8,-2.35080846012582e-9,-1.4474346395093935e-8,8.186280976123224e-11,-1.0053279804726485e-7,-4.0028684664158285e-5,-6.726023887534927e-11,6.109451838854609e-12,-5.185730762522947e-6,-0.000347840108777593,-5.327028482633464e-7,-7.301133904920773e-6,0.0018772717926589862,-1.5198324515214882e-6,8.921132249640729e-7,3.107196156348504e-7,8.835480190502363e-5,5.129764188807508e-6,-0.0001566007551818429,0.00019388770586527919,-2.048167309131075e-6,0.019150625021627222,0.00012778093146980287,3.2341247775901576e-8,1.8193591257513457e-9,1.5313856420578302e-10,0.00017827145389062393,-2.4770550770545715e-10,0.0008245724659032644,6.296101709037295e-11,0.0016758216151273359,4.811320799306054e-6,0.0004561609160897888,4.476083153396453e-6,6.647272071190329e-12,3.6014163889867054e-12,9.676710342793312e-12,7.401406137275426e-12,4.7615365850667565e-11,0.023184566138023215,-1.1272023695164561e-8,-3.7213949614394354e-8,4.346397138203464e-5,-8.774911527040419e-10,1.055730071033923e-9,-2.008399104525237e-7,0.0005953454553392802,-4.231005040000017e-8,-0.00011214382625860471,-4.786581114875715e-5,2.763685799056835e-10,-0.0001526281622412648,-7.51103528140153e-9,-0.017345689044880017,-3.792661187570464e-11,-2.251031625609208e-11,4.4158694452312916e-9,0.0023393619323760152,-4.021754684828975e-9,0.0004466463536353575,-0.000955402657397254,7.759226846092386e-12,0.0010309176364354299,0.00037872581619242257,-0.020606571650673026,-8.943818147532849e-8,4.6101229909902847e-10,1.0846537843150004e-10,-9.068611736415807e-7,-3.2149658167671613e-11,2.7640717422518287e-5,3.638745338499929e-11,0.0023848336855409194,-5.639712401287129e-10,1.1147175568783789e-8,3.958819295876709e-9,0.0008385108700668392,-0.0006926926188548097,0.000981762908411997,3.294106308626269e-5,-4.4320237972480573e-8,-0.000691626694103262,-1.4076020330870152e-11,-0.000778746033894557,1.2146924546433124e-7,2.939642351993748e-9,-1.4096935049642771e-8,-0.01334853077944847,1.5474693683501192e-11,-0.007166083617855201,-7.453392508574519e-6,-0.0023011591570890953,1.6408474516005581e-10,2.680785008812094e-11,1.5089175579297413e-10,0.00255468254428221,-1.191622457515586e-10,-2.3150539447941256e-10,4.301183683349633e-10,-9.280358368968952e-9,-0.0007354402555474718,2.125551978623125e-5,0.0019266058311009427,-1.5968243529407488e-10,1.1425014558674464e-9,2.8254762887504225e-12,-2.680878287983181e-5,-5.725162594276256e-10,-0.00021262016873446586,-8.535668867524955e-5,9.037445115178562e-7,6.314427739514637e-10,-0.011730281450344554,0.0009558045177549133,-4.0742459113736683e-10,4.3234947740410365e-9,1.0566935432921146e-5,-1.5290314077913212e-7,-2.577977659406132e-6,1.0955294555534885e-7,-0.0028169870295677375,0.005482498579216383,-4.662923670649521e-11,-3.912218489299949e-9,-0.00036812642724679874,-1.1897410754964213e-6,-1.4905915668796134e-9,-6.73339911219131e-7,4.643677947226134e-5,8.564874689502261e-7,0.00975625086847422,-8.869135699099802e-5,0.0007359901730482636,4.045687639420878e-6,5.188768937906022e-12,3.8772566131453695e-5,-8.714275496731588e-7,0.0036707712089938884,-0.0005388647499549739,-2.4972322829434257e-6,2.7460331932092206e-11,0.00055019141021819,-0.0024918681521340627,0.015075028257464956,-0.0011402464620870406,8.307688988924267e-6,-3.3555990330863793e-12,-2.7689699571608903e-9,0.0005160189950844734,-2.0192970367386478e-7,0.0003056413179321844,0.0011928184840781216,0.0031646511350353103,-0.0005412368920514573,8.422693790661621e-7,-0.0003875103027232705,-0.019193288155653594,1.4094195329445373e-7,-2.1540232179646165e-10,-3.325096158271925e-7,7.974908705264556e-6,0.012848432273123678,-8.912376344243166e-5,0.0040495677923629405,-1.1255338741531937e-6,-0.0036076662339255376,-4.568132847716668e-8,-3.697798555991816e-8,0.002980359206620654,1.1486658234380494e-6,-0.00224195038180056,-0.0020578926092256196,-0.0025283500236175714,1.7469710981502242e-12,-0.0011980756497233316,-6.368947089572427e-7,-3.0310165021900266e-7,-5.4045414284096546e-5,0.009328850471009818,-0.0008321113211124844,-0.015833902235259927,1.942921711104556e-6,-4.219331921430665e-10,-0.00012063552217982309,3.266943595863867e-9,-2.6588954081804887e-10,-0.004729513265217739,-4.557531906820081e-11,-1.9427550305516797e-6,-2.2477884706874077e-5,2.2943199970046988e-5,-1.381246512208555e-11,7.806184459996445e-8,7.445476383629015e-5,-0.004298119295618601,9.010595772064731e-11,-9.925745227019535e-10,-0.012255333486583331,2.7973157696345007e-9,-0.00032875253440682703,1.1812625597360726e-8,-3.787769028382138e-7,-6.610195478508752e-6,-0.00032838120287890214,0.0013163049927079392,-0.00039687197979482836,1.3380187548788352e-8,-2.429125084969699e-8,-0.0004609283029779968,-0.0008902446818500648,-0.002867319162008044,8.570129272891418e-12,-1.835783405333441e-9,0.0004724993043611063,-0.0030321985091895706,-0.00014035362779517957,-0.0008432059321546053,0.0032113143555227495,-7.483060747133554e-6,2.154003312129434e-6,-0.00012184140800286029,8.274098107313043e-5,-4.477695391804646e-9,-4.541948845257525e-6,0.0006919122625940267,4.1837257942563026e-12,2.807655605119652e-5,6.067273654592744e-7,-2.111892415924759e-7,-1.34500554067202e-7,-0.001841559866428402,-1.53609993709865e-5,-2.0876835055817888e-12,-5.596598306284476e-11,-2.1020786832861764e-11,1.854968353721028e-5,-0.0037782534182035873,-0.008983845746017563,2.4459543415427913e-8,-1.7204263964367573e-7,-3.762760731979795e-11,-1.3555220014714474e-7,1.0407659383136949e-8,-0.0029036999344579074,-6.855492493146472e-12,0.00027409354749109374,-2.2961253678691716e-6,9.05168175528257e-7,4.9332124403968576e-9,0.00019056851600134192,-0.0014620727439497582,3.606308956549553e-5,-9.58408562780251e-11,-0.0002065964958508523,-6.183321941027497e-10,-0.018654237884675264,-3.936225940410292e-9,-0.01279965721100338,8.76746863131089e-5,-8.735474727971834e-10,-1.2470457131751715e-6,1.7896085150417908e-8,-1.22564653239684e-8,3.9402031741957784e-7,1.9638793953332865e-7,0.009990665622968482,-7.198084385637998e-11,9.098193760778625e-10,-3.564856546839812e-5,3.0955703978161467e-8,9.960716314798893e-10,1.5999494732229923e-7,-6.885295132479047e-10,0.0010301346783801698,1.058717917457569e-6,0.0061085567911737335,3.0324617253022435e-6,-5.036204283258685e-11,0.0013032966692319776,-8.16170008222304e-10,-1.1793732716340112e-12,-2.230611502439321e-6,0.000844878996849578,-2.202445003911479e-5,3.1795549638165683e-10,1.1494362741659318e-9,0.00043695259872816145,0.01969169596481049,-0.0014547680158641517,-9.382080598386346e-5,-1.9954464802541642e-5,1.5865665693797756e-10,7.872883500830614e-6,1.543042591164957e-9,-0.001254949477828186,-2.4830728525418027e-7,5.959767064588711e-5,-1.317418361685199e-5,-1.2814355616257405e-9,3.461755054345352e-7,0.0002937752895202139,-7.321066929605445e-5,-4.619296262561473e-8,2.460165934729862e-8,-0.0008691581139358264,2.92820537265422e-11,9.783175011221994e-9,-6.097791145107639e-5,-3.0570258185167656e-5,6.565296614619687e-6,1.3801673851736726e-5,-0.0060562189576982995,1.6429306959703893e-8,1.5358244124450656e-5,-1.2399671500207017e-12,-7.107163967251321e-10,-1.3231087716813438e-7,-3.372085011962972e-11,5.08804069557819e-5,-0.0015243831399728764,-0.0009029733113422479,1.0695042838160195e-8,1.181590308190292e-7,1.1206120716909762e-8,-2.6318815811887455e-11,-0.0035523735070231073,-3.407915951342858e-7,0.0010421371483740828,-0.00027016082487237215,0.0011587779726188628,-0.0028204545430087556,-3.2815814936890733e-9,-0.000602422853481834,3.6702155593212305e-8,-2.724945468181923e-8,1.6765870897306048e-9,-3.164811974570685e-5,4.450207640347924e-10,4.901782718547925e-6,1.5083319967343875e-8,-2.0068213314522258e-10,-4.1146575025950426e-10,-2.073906926737872e-5,-4.062622287764162e-6,-2.297619198221899e-5,-0.0002380048865538883,0.0005661509433935224,4.844700418560767e-8,0.0019454205991387234,8.268456175632253e-8,-3.7837608403935694e-9,-1.5904752105608627e-8,-9.206617217664934e-11,-1.10595804276393e-6,3.106127196671785e-10,7.065174789788923e-5,9.183967891503363e-8,7.18861122759466e-9,1.824662644607944e-6,-5.14140091953868e-10,-7.439295425576175e-11,4.876267996895521e-10,-0.0004494282720828497,-4.347881563603032e-8,0.0010431734260023683,-4.378733169854181e-6,3.5262834922541326e-11,-0.00010703073346875398,0.0021379767161594358,2.495042127126385e-7,-0.003239860857114242,-8.065818872793382e-8,1.7426105563470662e-9,0.00048130224235180135,-1.3265050200475364e-5,1.2272658258946436e-5,1.5867892746073405e-8,-1.44918021746743e-5,-4.1218247334733145e-12,0.0009245041117124745,5.137139798944162e-6,7.609730332302197e-8,-0.0009126536704954464,3.4728336522275815e-10,0.010176717315148931,-5.234456328849539e-10,-1.4374145416316122e-9,-1.883635580888708e-11,-0.0008419438466252697,9.134436876646556e-5,-1.0275674007920359e-5,-1.530407798615112e-6,5.5448947232806067e-11,-0.0004376524568968426,0.0009623647068833943,6.660137132599565e-7,2.718031507307003e-9,-0.00019658739449095522,-2.3394601893350542e-5,-1.0197891211336577e-5,-4.546578400379072e-8,-5.126406275977177e-8,0.000472409750039643,-0.0004170982021377268,2.1430232969045807e-9,2.1634468995974206e-10,3.1285822655642408e-6,0.0021254196942601046,2.6734543243170466e-7,-3.913609804884001e-9,1.4581622457874649e-5,7.915545392748234e-5,-0.00011125667764119105,9.688442901216874e-11,-1.701655700450886e-9,-5.413897816717048e-8,-4.034494734575505e-8,-3.06053837585941e-8,7.649876165015098e-9,-0.0019864476788396704,-0.0014807389475238473,3.752716291377751e-11,1.2186865477060409e-7,0.00019326962374049757
0.0,0.0,0.0,0.0,0.0,0.0,0.0,0.0,0.0,0.0,0.0,0.0,0.0,0.0,0.0,0.0,0.0,0.0,0.0,0.0,0.0,0.0,0.0,0.0,0.0,0.0,0.0,0.0,0.0,0.0,0.0,0.0,0.0,0.0,0.0,0.0,0.0,0.0,0.0,0.0,0.0,0.0,0.0,0.0,0.0,0.0,0.0,0.0,0.0,0.0,0.0,0.0,0.0,0.0,0.0,0.0,0.0,0.0,0.0,0.0,0.0,0.0,0.0,0.0,0.0,0.0,0.0,0.0,0.0,0.0,0.0,0.0,0.0,0.0,0.0,0.0,0.0,0.0,0.0,0.0,0.0,0.0,0.0,0.0,0.0,0.0,0.0,0.0,0.0,0.0,0.0,0.0,0.0,0.0,0.0,0.0,0.0,0.0,0.0,0.0,0.0,0.0,0.0,0.0,0.0,0.0,0.0,0.0,0.0,0.0,0.0,0.0,0.0,0.0,0.0,0.0,0.0,0.0,0.0,0.0,0.0,0.0,0.0,0.0,0.0,0.0,0.0,0.0,0.0,0.0,0.0,0.0,0.0,0.0,0.0,0.0,0.0,0.0,0.0,0.0,0.0,0.0,0.0,0.0,0.0,0.0,0.0,0.0,0.0,0.0,0.0,0.0,0.0,0.0,0.0,0.0,0.0,0.0,0.0,0.0,0.0,0.0,0.0,0.0,0.0,0.0,0.0,0.0,0.0,0.0,0.0,0.0,0.0,0.0,0.0,0.0,0.0,0.0,0.0,0.0,0.0,0.0,0.0,0.0,0.0,0.0,0.0,0.0,0.0,0.0,0.0,0.0,0.0,0.0,0.0,0.0,0.0,0.0,0.0,0.0,0.0,0.0,0.0,0.0,0.0,0.0,0.0,0.0,0.0,0.0,0.0,0.0,0.0,0.0,0.0,0.0,0.0,0.0,0.0,0.0,0.0,0.0,0.0,0.0,0.0,0.0,0.0,0.0,0.0,0.0,0.0,0.0,0.0,0.0,0.0,0.0,0.0,0.0,0.0,0.0,0.0,0.0,0.0,0.0,0.0,0.0,0.0,0.0,0.0,0.0,0.0,0.0,0.0,0.0,0.0,0.0,0.0,0.0,0.0,0.0,0.0,0.0,0.0,0.0,0.0,0.0,0.0,0.0,0.0,0.0,0.0,0.0,0.0,0.0,0.0,0.0,0.0,0.0,0.0,0.0,0.0,0.0,0.0,0.0,0.0,0.0,0.0,0.0,0.0,0.0,0.0,0.0,0.0,0.0,0.0,0.0,0.0,0.0,0.0,0.0,0.0,0.0,0.0,0.0,0.0,0.0,0.0,0.0,0.0,0.0,0.0,0.0,0.0,0.0,0.0,0.0,0.0,0.0,0.0,0.0,0.0,0.0,0.0,0.0,0.0,0.0904770354034336,-5.226968880936088e-6,-0.00016875149763805384,-2.9973851308233617e-7,-3.0714877842632625e-7,6.414713816311513e-6,0.0024186422104229984,0.005584916254478058,-2.0729877626333118e-8,0.0001785409927065209,-3.1208869708009387e-6,-0.002992983203905649,4.128814818586812e-6,-0.00016943221290372505,1.8117799556194216e-7,-3.019853926158861e-6,0.005673923873484921,0.0015608970872113145,3.362683699894904e-6,2.6115916818799693e-6,-0.00017314489958808818,-2.691423650951865e-6,-0.002482443288205515,-8.040768868147146e-5,2.284975420349094e-7,-2.492522751316578e-5,0.0011383904866499928,3.886409023513056e-5,3.025968396817497e-7,0.0007303831722469134,0.002364011988395238,-0.0006115057743829047,-0.000977157220560042,-2.0175793697630313e-5,-0.017510690498306895,4.540941000953013e-7,-5.504643107289815e-6,1.322940021331564e-7,4.10276305959457e-5,0.0004771604962495883,-1.1720899680181736e-5,-8.790653962009937e-6,0.0002542131803068977,-0.00022804686961146474,1.780963558363053e-7,0.0021680690320639512,-1.528868284162035e-7,0.00010409979954518376,2.776017760238817e-6,0.00566581026766545,3.901110110743262e-5,-3.903470338759086e-6,-8.898901741671439e-6,6.890153167646092e-8,-0.00018335920693078259,5.183450350456747e-7,-4.185251355372351e-8,-1.119872147786809e-9,-0.009354682221465207,-2.366793301057764e-5,-0.00022894600144793257,0.019059350596245847,-5.152781392239332e-7,-0.0056083935187611145,0.0014629686240286526,0.00045581662080136057,0.0011828952711864728,-0.002859668728063473,1.6671348053010143e-8,8.577010343597271e-7,0.0024714524810083276,-6.288926074720706e-6,-1.577597346330449e-7,5.0542262417989524e-5,2.5212506919685803e-6,1.4706906233687966e-7,1.1574858578162214e-7,1.8740243224093576e-5,-1.2456955173237916e-6,6.719388753170509e-8,0.00014660228484652147,0.011666051051484062,1.5944160915396385e-7,0.005162071437046213,2.0615161109265898e-8,3.995610105079709e-8,1.6082229408188527e-8,-3.571293738645619e-9,2.4885435496199263e-8,4.9236971131642226e-5,3.708027128798257e-5,-6.603878162630039e-5,0.008216659193079427,-2.5280068744904765e-6,1.3710023732778377e-6,-5.33560271357145e-5,-1.4993501776657615e-7,-0.00010290785331238753,-0.0024779689796410004,-0.013776301595030951,7.691672123207329e-7,-0.001668945210315041,-1.6491733247377667e-5,8.55084101016093e-6,-5.0864480273613194e-8,1.704691644723002e-7,-3.6347858566060418e-6,-3.851703528645649e-6,-4.1009449206040475e-6,0.0029276255437608225,5.886570922855699e-7,1.1551245501586956e-7,-1.8434663442868208e-7,1.6004981712275702e-5,-1.8929927574748753e-6,-9.148098934900067e-5,7.28516074709815e-7,7.935712753968378e-7,-0.003710766214686808,-2.173368571619566e-8,0.0018059508547890958,3.9457605967019934e-8,-0.00013580521937997352,-4.0673416784335356e-7,1.6518897455245088e-5,6.929636911666733e-6,-5.608304024709919e-7,3.064085895054105e-7,-7.082213275721843e-5,0.031424610754291524,-9.285812373327016e-5,8.382113540204938e-5,-4.4778433543482183e-7,-1.8028044157158663e-7,0.0001909554890288854,4.018816200841289e-6,-2.5681151862893934e-5,-5.615226906656619e-5,-1.7293307551399933e-8,-2.2431526745133361e-7,-0.016645395678878825,8.07532764791554e-6,7.054177928555318e-8,5.1581383040831015e-8,7.559509206173511e-8,-4.539800121494959e-6,-2.1041734621935105e-7,1.0288458128855379e-7,3.638797002309159e-7,-1.8299023435603036e-5,1.692680740455536e-6,0.005555938463019094,-7.672105044227858e-5,-2.8385491356906603e-7,1.8174836074411457e-6,1.4805231119668666e-8,-0.005716979299755472,-4.1628554614923976e-7,2.3836842743393624e-7,-0.03322947985750738,0.0006319320807221254,1.434115997623277e-6,-0.00011119070399483615,0.00043359187730268036,-3.1731975706758445e-6,2.8462324490701257e-6,-0.0006157659292167464,0.0023205506198031006,-0.00595686148351346,6.109654932657964e-5,-0.00010474678223475968,-1.5477756739989032e-5,-1.3801680746735342e-8,-1.8783325812991394e-6,1.6599570237912552e-6,-0.0022442775656315063,1.0923995477253976e-6,-0.0008805943254330653,0.010399465823154314,0.0013807794199280168,7.545563264717505e-5,0.0010168248935817398,0.00022650837023532308,-0.0018870622957185379,1.2481343590104385e-8,0.003462365462314029,-0.0008201999549189872,-6.204308750777312e-6,8.414183140630053e-7,-0.0034480334873541684,-2.1569894720126246e-7,-6.175428193477011e-7,1.1163193861002566e-5,2.561397677958201e-6,6.55967536898983e-5,-0.0012489557887966464,4.124535421148046e-7,-6.242918939424802e-6,0.003218382243654868,-0.0008133416933299668,0.0004922986720201404,-9.380749266512514e-6,-6.25601872087669e-6,-0.0004750062786731884,0.0016183881737498133,-5.492956919494031e-7,-1.5358029464096762e-5,0.00014004766353328604,-3.5028199318536444e-7,-0.0003379037684917027,-0.00210460066805529,0.00010467835408775196,-0.0005315192220013273,-3.049925304723167e-5,-0.0010498776555514793,1.4812696628481955e-6,-2.3731191678560546e-5,7.34867137355294e-6,-1.593977685496976e-5,0.00045685145190276123,-5.281554797271478e-5,2.3238140541176987e-6,6.342384007530758e-5,-4.074694727410663e-8,-3.6320387298574306e-5,-0.0016065894947105354,0.00036862375175654633,2.6713150351163634e-6,-3.9321983153375834e-6,-0.0007560582762535876,-4.847916279674819e-6,0.003086806252390989,-5.312598512618134e-7,9.035929589022429e-8,4.9343882546014735e-6,-2.660985365429358e-7,4.262781142418458e-6,-3.106399786978172e-8,-0.003938229149906657,0.0002496421157975561,0.0009212301126034188,6.563642448795397e-8,3.3714000434479285e-5,0.05993882373623119,-3.71678287676924e-6,6.521594069853768e-8,-2.3051777487568266e-6,-1.4468768638866153e-6,2.2798778268945098e-6,-0.001975678679453583,-5.017884645084385e-5,0.0035749334115653814,-0.00865025580675737,-0.002155998539176948,-2.6333957383179092e-5,-0.0012523033456843583,2.8260939798464195e-6,8.067342708310623e-5,-0.00014031997802495526,0.00013964730081752482,2.9295784548723197e-6,1.581174102664104e-8,-3.2699831043734604e-6,-6.898316145218508e-8,1.1370451645044676e-6,-0.014642933585381617,2.3056961495325584e-7,7.049746208122375e-5,0.0022034675930976805,-0.0023780522762860694,-0.004428627552009814,-0.00250126499686359,-3.5051148362678307e-6,-0.005669199933984891,-6.407771514250657e-7,-9.860717364538411e-10,0.03910793651211415,-2.8439970812866362e-5,-0.00020600095239827428,-0.00021256705943744375,1.3399774929139445e-6,-1.366547287122269e-7,-3.232536930278e-9,-1.5950907627528617e-7,-3.399791714548951e-8,0.039824533918067194,2.0532566026678378e-5,-1.144942538173859e-5,2.8103668204789303e-5,-0.00021275179563562695,-3.631193589517827e-8,-8.338895050945398e-5,1.5881721604645194e-5,-7.792074281779406e-5,-9.513949098396638e-9,0.0020285919123582768,-0.0050934184244210735,3.43650329047907e-5,8.121039078690266e-6,0.0005815094814689205,-0.00015256374658278052,-0.0010221622715885883,2.97890522829746e-9,1.1782449420224144e-7,-6.680734739199415e-6,-1.6996750845834138e-5,8.34287562719259e-6,1.2213970857857298e-6,-2.3409897412298935e-8,3.214652947745633e-6,0.0030306257020096057,2.466820183428222e-5,-2.812607117864941e-5,-0.00013242885178898117,-0.000695027272192719,-1.0223866194927867e-5,-9.635025374303057e-8,1.5822694367422742e-6,-0.0017462296943736094,3.6485378836634155e-5,1.6971308667929776e-6,0.003597155035026247,1.38513382652148e-5,0.001160262207460961,0.0013768368478301186,-6.033607830760623e-6,0.0033881911956108405,6.651803025760578e-8,6.936925310947727e-8,-2.667769627871615e-7,-2.7892120080621745e-9,-0.0018414642873609017,-1.7438936919146643e-7,7.708673390831877e-6,2.597169538857705e-7,1.4059594744433975e-6,0.0011029293634002835,-4.85432070190967e-6,5.09044491914721e-7,-0.0002758192952711475,-0.00509984282531584,-3.262240889956667e-7,0.004521368650979562,2.0656906178780235e-6,-5.6285211678663545e-8,0.00028976269314074423,-0.0007945231952134486,-0.0007709712878461513,-2.3213919204870717e-6,0.0003838926072393943,-4.2927025393328015e-5,-0.008099539748372648,-2.6495703028446855e-5,-0.00015585987890078635,-4.497883822796132e-5,-2.5985102805448975e-7,1.7570390861295776e-5,-6.571760477746745e-5,-0.0019299416418383458,-0.0011913222486028593,0.0035892626163928137,1.5063517360034565e-6,-2.4522697005471965e-5,-0.0028864594617027703,4.2833182751839545e-9,-9.767060054418962e-7,-0.0003674381038240426,-1.5455195566433338e-7,-0.00012615254562158004,4.5373861409764715e-6,3.735848012473201e-7,3.1995679591846457e-6,-9.429352890448599e-5,1.8603921948647977e-5,-5.9057629111444306e-8,-3.173103136401474e-5,-0.0017392437169453016,1.639751146496108e-7,0.0027482119669178526,0.00013192331865305196,-8.372298043229853e-6,-2.4146477797736586e-6,8.046758734643367e-5,3.194031125871989e-5,-1.6200829266028836e-5,3.528368476611946e-7,-1.9425473929954833e-7,4.221820953292786e-7,0.007282277413073715,5.183263756435526e-6,-1.0862301501438063e-7,-4.278622457522937e-7,8.457176025169837e-5,-0.015605147994276456,-7.33355462077384e-7,1.472861119763431e-7,2.2817847017778518e-7,6.320554824653807e-5,-1.1843856030780014e-6,-2.416926965159319e-5,-7.86379883209964e-6,-3.1310893241036086e-5,-9.665461740625036e-8,-0.0026011776497036603,-2.44588267205742e-7,-2.733946157526412e-8,0.00020581693717364288,3.2967651144414203e-5,0.002814410754031924,-5.521007478587582e-7,1.2056397091361883e-7,7.688151514494316e-7,-2.409091854293223e-7,-1.768736011729896e-6,0.0005305559141233319,-0.005318383139032555,3.898576240677088e-8,-0.001124695152994847,7.766749811766966e-5,0.00047019456071470725,-2.417761085489463e-7,-0.0005763179084667817,-4.587800628769739e-7,0.00020763487025857123,-0.015256844786095363,0.0002035227226185859,1.785252283432103e-5,-0.012888557037255909,1.1721149998522608e-8,-4.345968420416557e-6,0.002852288512180844,0.0001210329930261791,-1.5130169375476307e-5,6.223429043889638e-7,-3.1523601071240393e-7,-4.888001189465605e-7,-1.9686714273774494e-6,-5.696549281277041e-9,2.956000300076311e-5,-0.0003204138403324174,0.006685545926997151,0.002303956750588073,9.821424977440135e-8,-8.950166666227276e-5,-7.110027621874577e-6,-0.000543349576904645,4.547732010717405e-6,1.0833034708107195e-5,-0.016797524924381545,-0.022672789726667815,-2.5066800200104448e-5,-8.037805845143439e-5,2.33042289927359e-6,5.770337849345082e-8,8.388397234518076e-6,0.00019541267130766932,0.007373271581501912,1.9794402389652625e-5,0.004029066856740179,-2.568308351378678e-6,0.013590741622306378,0.00045582212421978906,1.2592411315771157e-5,2.1005520896559646e-7,-1.0393520912786426e-6,-9.076812699154525e-5,-2.357508689422985e-5,-5.9639609795712395e-5,9.252499136842874e-6,5.634946908549266e-6,2.0821187135846095e-7,6.706791802469797e-8,0.0004802261347392333,8.32815905531395e-8
0.0,0.0,0.0,0.0,0.0,0.0,0.0,0.0,0.0,0.0,0.0,0.0,0.0,0.0,0.0,0.0,0.0,0.0,0.0,0.0,0.0,0.0,0.0,0.0,0.0,0.0,0.0,0.0,0.0,0.0,0.0,0.0,0.0,0.0,0.0,0.0,0.0,0.0,0.0,0.0,0.0,0.0,0.0,0.0,0.0,0.0,0.0,0.0,0.0,0.0,0.0,0.0,0.0,0.0,0.0,0.0,0.0,0.0,0.0,0.0,0.0,0.0,0.0,0.0,0.0,0.0,0.0,0.0,0.0,0.0,0.0,0.0,0.0,0.0,0.0,0.0,0.0,0.0,0.0,0.0,0.0,0.0,0.0,0.0,0.0,0.0,0.0,0.0,0.0,0.0,0.0,0.0,0.0,0.0,0.0,0.0,0.0,0.0,0.0,0.0,0.0,0.0,0.0,0.0,0.0,0.0,0.0,0.0,0.0,0.0,0.0,0.0,0.0,0.0,0.0,0.0,0.0,0.0,0.0,0.0,0.0,0.0,0.0,0.0,0.0,0.0,0.0,0.0,0.0,0.0,0.0,0.0,0.0,0.0,0.0,0.0,0.0,0.0,0.0,0.0,0.0,0.0,0.0,0.0,0.0,0.0,0.0,0.0,0.0,0.0,0.0,0.0,0.0,0.0,0.0,0.0,0.0,0.0,0.0,0.0,0.0,0.0,0.0,0.0,0.0,0.0,0.0,0.0,0.0,0.0,0.0,0.0,0.0,0.0,0.0,0.0,0.0,0.0,0.0,0.0,0.0,0.0,0.0,0.0,0.0,0.0,0.0,0.0,0.0,0.0,0.0,0.0,0.0,0.0,0.0,0.0,0.0,0.0,0.0,0.0,0.0,0.0,0.0,0.0,0.0,0.0,0.0,0.0,0.0,0.0,0.0,0.0,0.0,0.0,0.0,0.0,0.0,0.0,0.0,0.0,0.0,0.0,0.0,0.0,0.0,0.0,0.0,0.0,0.0,0.0,0.0,0.0,0.0,0.0,0.0,0.0,0.0,0.0,0.0,0.0,0.0,0.0,0.0,0.0,0.0,0.0,0.0,0.0,0.0,0.0,0.0,0.0,0.0,0.0,0.0,0.0,0.0,0.0,0.0,0.0,0.0,0.0,0.0,0.0,0.0,0.0,0.0,0.0,0.0,0.0,0.0,0.0,0.0,0.0,0.0,0.0,0.0,0.0,0.0,0.0,0.0,0.0,0.0,0.0,0.0,0.0,0.0,0.0,0.0,0.0,0.0,0.0,0.0,0.0,0.0,0.0,0.0,0.0,0.0,0.0,0.0,0.0,0.0,0.0,0.0,0.0,0.0,0.0,0.0,0.0,0.0,0.0,0.0,0.0,0.0,0.0,0.0,0.0,0.0,0.0,0.0,0.0,0.0,0.0,0.0,0.0,0.09029712562526367,-3.50509006181576e-7,-9.1362766759201e-5,-2.7549086671270583e-11,-0.0004007148898036276,-6.334614092709076e-6,0.000287223357191095,2.051686594311447e-5,-6.929903764230631e-7,-2.254742911035466e-8,0.0004796595477512016,-0.0003931382069239448,-2.116088563769121e-7,-9.303374710008624e-5,-0.009768344283951898,0.00036202241618862115,-0.0027754820639731845,1.6226181220787578e-9,0.00013004194158062622,0.0027214873044558645,1.345320586902633e-9,-6.044067006826347e-6,0.012302287845815808,-9.952288686745952e-6,-2.726481963650993e-7,-0.002303898498229173,-0.0022850336497972305,0.0001122178510523886,-0.0038441471834333475,6.5103497981554235e-6,-3.2261987369282457e-8,0.004155496439957925,-0.017573255396699614,7.296611194986956e-5,0.00010926909193811432,0.003103362509282659,8.216286322734027e-5,2.2316697482381574e-8,2.927608835980785e-6,-7.076847551989647e-8,-2.2961853690554645e-8,-0.007699614166346304,-0.00148015663325741,2.4857873151501716e-5,-1.595022811516663e-5,-3.182636167574212e-5,1.7157869431360832e-7,-0.0008904890458338764,0.00036083142756207265,-0.003250814389588263,-0.0001355446616090288,-0.01701321593141426,1.773439314386618e-5,-0.012534913234574794,6.270894384907276e-10,1.624913430725879e-5,-1.27693348670155e-5,0.0002590173418698502,1.0041501455485388e-7,-0.002843537207372823,-7.299273341938993e-5,-4.0958223483388624e-10,-0.0005525987484984141,0.0014119522286394856,0.000747888178989398,-7.327960739182779e-7,1.9544282483672773e-5,-1.9598737118623904e-10,3.6624430312096674e-9,1.0874100110320017e-5,-1.93823183511667e-9,-3.7359346972330317e-10,-0.015038900326287246,0.0006402145882821933,9.864101076222693e-6,1.0031107635109094e-10,-0.007321998383956615,-6.050850949373969e-10,-1.145409395747355e-5,-4.821109227105567e-8,7.5842616408321795e-6,2.2137144175583632e-10,6.710087951558225e-5,-2.977112550644703e-6,-5.034474889361328e-5,-6.8783577983748405e-6,-4.70333667840928e-6,-4.408471864943464e-6,3.731844556546957e-8,-0.018934282481895517,-0.004575637221492365,2.013223814776971e-5,-0.0037010999467106485,0.00035523708499020156,-0.006338676744909715,6.901403972687812e-10,-0.0015030931971107386,1.2894134036213248e-6,3.0634726886479717e-5,5.90250953894343e-5,-6.883613176158265e-7,0.00774270563752864,8.247044341897606e-9,5.933379596900558e-6,6.324376828918058e-5,0.002334280621323827,2.0743701826096218e-9,-0.002133654842537158,2.678917775069736e-6,6.92379117230135e-10,-2.6466606578139114e-5,2.9926073129929507e-9,-3.124560538037639e-6,-1.5584631189865964e-8,-0.0020963585010083494,-0.00010268203882964493,0.00021430071594537523,-0.00029073134660594844,-1.5187324231775148e-5,7.339311758167433e-7,-6.375624372233089e-6,-2.0463973245004792e-7,-0.00014614730219522716,3.259465084438089e-5,-0.0017779504838503306,-7.033133673916527e-10,-1.435805193191757e-10,-2.812208896937842e-7,5.108340289245054e-7,0.03602855382761289,2.3034156391069498e-7,-5.8762662138449875e-5,-4.980790941869634e-10,-0.000964922386330532,0.0018111173163478053,0.0032001097420526698,1.4322296328856547e-7,-9.893714321681177e-6,-3.4854014272433523e-9,5.1530776953569654e-5,5.718231614161145e-9,4.126901575300019e-5,1.243920197917819e-6,8.377557442519253e-5,-1.414515234167518e-9,1.8288985962931015e-5,6.3873495560050775e-6,-1.6963456132721688e-5,0.00020166499094493052,1.1411045356102036e-9,5.619188651826086e-6,-3.198409203693997e-7,-0.0001230155198712406,0.0002392915098574615,6.4080810581422645e-6,1.1953303658373724e-5,-0.0008239187336680993,-1.3746704287546023e-10,-3.503979032892571e-6,3.0020443331615553e-5,0.00024432941444664004,-8.24353258157537e-8,4.963468965797769e-7,0.0007858102966988269,0.000915626669715623,-9.601370692772278e-5,5.553806219372932e-5,0.001144123899734122,0.0033459389936015705,-1.9466006979024538e-7,-7.496869664125603e-9,2.4805031657992865e-5,0.00025531404778782787,9.52725988244094e-10,0.0032901542478693526,-0.0009302879169219798,-0.00716155883554001,9.188996278290624e-6,-0.0023754218138240303,1.1460433555400092e-7,3.7728480805476166e-6,1.3773891272419842e-6,-1.8123760068902012e-5,1.53493575495019e-5,-2.1506196814028688e-5,0.001096563243308894,8.003600703581992e-9,4.670321795548277e-10,-0.0005670181880665892,3.420907242281719e-5,-6.63269645859315e-10,-8.274673698957436e-9,-6.231653736814384e-10,5.772428805375233e-8,2.4719321426677744e-6,-0.00017760638387260581,0.0008929163262072995,1.3008938105972554e-7,0.010804798413407896,-5.171503483638196e-7,-1.6990910781461772e-8,-1.4252600273683252e-8,-1.337808052395177e-7,-0.0004297693953442368,-1.0483643019047178e-9,4.544023878732756e-11,0.0034359788282711692,-1.4438464236998837e-5,-0.009171863860904109,9.601965269100308e-5,4.493213976959696e-8,4.539006599603233e-6,-1.3979012242862342e-8,0.0001747645259201213,-3.2535014052670743e-10,0.008581750164344188,0.0021423354693725187,-4.60715640127915e-8,-0.0004124607762304078,-1.6028416447905893e-7,3.612622517253099e-10,1.2033285251508027e-7,1.44802718308965e-5,-1.64226659325456e-7,0.0026621449819752975,-0.0014491496747812635,-5.15923123351685e-9,2.9224248640577424e-10,1.115573940429185e-6,-1.9592754324748114e-8,-0.0003091827981117271,-5.643175889457468e-5,-1.13344310189553e-10,0.0015214151049603908,0.0004092762553262044,2.562683033316472e-9,5.768235061425679e-5,0.001315420074568965,-2.036609385065383e-8,4.7668901922067713e-7,2.0489509726689602e-5,0.018196777804420215,1.7755270100439165e-5,-4.158241991982749e-9,-1.8499508810583547e-5,0.00027908082026753664,-1.3026925371592941e-8,0.00031228531856497793,-3.0758163666904688e-6,0.007235500646402089,0.0001495010025856422,-1.0644202240555074e-5,-3.077614859089212e-6,7.261204218167696e-8,7.889160969613734e-7,0.009428972165802477,0.0057036759373198485,-4.809697200269136e-8,4.280250348399563e-7,-7.905482043138604e-9,4.781658453283552e-6,-0.0008546232944376474,2.1151361071538168e-10,2.3083662326516167e-9,-1.9002321805274562e-5,-2.456731803698572e-10,1.1051093363215693e-7,1.2042918161629477e-5,-0.00012548208981755745,-1.85940882090132e-6,3.999834465073089e-6,-4.074627622447133e-5,0.00014861785400079115,-7.497269269264839e-11,-3.1714822008770106e-6,-2.4964607348291345e-6,0.0003010885061155277,-0.024214396687815408,0.011421987725496189,2.2095282051640536e-9,-3.737416325826785e-10,-3.952593273423064e-6,-2.1072889388191333e-5,8.650450942477758e-6,-4.0441987219405326e-5,6.154294043016176e-8,3.4345461763653564e-8,-0.019831222947874982,0.00561245157613439,5.1271428870083e-6,-0.013097873298016113,-0.0012810391641356687,-5.902620050267178e-8,-4.537464798713313e-6,-1.8424784307947427e-6,-0.0003078256109729701,-0.0005241343206937511,-0.0019580509903192617,-2.9273322770480225e-6,-1.3383301901236665e-7,-3.418523561144456e-6,-4.9421661856335044e-5,1.648676785940678e-10,-0.0005733877913721985,2.3909593796852784e-9,-0.006483828502156545,-1.7327212275183933e-8,3.515006052361127e-11,-0.0014933636176518285,1.0330259878293221e-5,0.0024250829967515175,-0.0033160992446673583,0.0004530453673899568,0.0015083957037967733,-4.0344171187865104e-8,8.141238344979633e-5,-0.00023946469777384028,-7.97602537514555e-6,-0.001467547097142827,-0.0003771611236161424,-7.97763051691557e-5,-0.0006814404260299126,3.4028040337658202e-6,0.0007166054500452837,-7.665352918240786e-9,0.00010499758976400109,8.122643861149539e-6,4.02906897253911e-11,-0.0002104135579245162,2.0343197367524547e-6,-0.0004238485794901501,-3.9908189260731054e-10,1.1426870866816453e-8,0.0001703145142097793,-6.152096747072984e-5,9.968184142196261e-7,1.2660104237930794e-9,1.2002824477669187e-9,-1.2101318808620099e-6,-2.5944680408259063e-5,0.00045471653273868224,0.000175250726272557,-0.0005448131670781067,-9.225428531598124e-10,-0.000734865570931111,-6.426513726145551e-7,-9.298524566422207e-6,-0.00012241921090178046,0.0012337425601253208,8.499092882660498e-9,-1.2394557095115522e-5,0.0037647916509931773,0.0016512085111108198,-1.2824915015568825e-8,-4.072902820598955e-6,-0.0017881420459369987,5.990910216501113e-8,1.8865650336191915e-5,-9.185415860165483e-5,8.45782119888291e-6,1.0654354947544116e-9,0.022111244320443948,3.7646667876120987e-6,5.830469204755269e-6,-4.248229433132221e-5,-0.0019982515444822877,-2.116421024900607e-5,4.713710816130874e-6,1.4907501317635863e-9,9.546324442219113e-11,9.128201380403943e-5,-0.003845230569437277,-0.0037010046100489427,7.603444332675703e-6,-4.473046562845576e-8,0.000530773431540386,5.933462144467361e-11,2.0060688096578178e-7,-2.260420466934838e-8,-7.515138511347392e-9,-3.9581398955812294e-5,2.3509721871726446e-7,-0.005260850774772509,-0.0002077076862301583,0.001386453007348977,-4.272836903473483e-10,5.357731836709964e-5,0.00018798436390656038,0.06883199024991626,-0.00012224141788838184,-4.5197799055548156e-5,1.7423734057037505e-5,2.7119754694625033e-5,-8.506429552218659e-10,-1.345738210922519e-12,6.427817641086402e-10,-0.018251271584446352,-6.863367134975594e-10,0.0022826229552371916,-0.0005125447003567875,0.007554600758731372,-3.163321549617895e-5,-0.0011949853254455732,0.00036559616270794704,-1.5522928823537612e-10,0.0011289747473072706,-0.01470239742970329,0.00011927374600849079,5.104075329741718e-5,-2.99198989972101e-5,-0.0001110707565145566,-5.186154291721375e-10,-0.015273109967204799,1.4294115621581832e-6,-8.510221049659261e-5,1.7811359968163956e-5,5.1648864846365275e-6,-7.90817300882993e-8,-0.002695126285301478,2.956970519466304e-10,-0.002542172469200193,0.0003770226738772914,-2.5587777645339886e-7,2.9326732113067625e-5,-9.63387611066298e-6,0.008137445621438753,6.329939515278153e-5,1.963848478690732e-5,-8.010226483702272e-9,-1.2739928744287136e-5,0.0013180399530558307,-3.558308686128709e-7,1.4507933630680877e-5,-2.1630099672716982e-8,-5.491016169300885e-5,-0.00027931595192059924,1.1025452425062748e-5,7.284693494107727e-9,-1.8956065111046716e-6,-1.6088564092795714e-5,1.7091163901428192e-5,-4.60006234104243e-5,-1.7420844758941878e-7,2.2334525034875376e-10,0.0007469092611235127,-0.0003879336778504061,1.624276110183842e-8,4.4811904866507205e-5,7.46530242511726e-5,0.0023845906326881968,0.022237002425763524,4.213426079860726e-9,-2.909046796889191e-10,-0.00035636584293671905,0.00047559632100536737,-3.5070597903483466e-5,8.09831927428197e-8,-0.00030666570346891964,-0.0007628201520517128,4.2035802968872654e-5,9.569410326434607e-8,1.059417788459469e-6,3.7287135572277875e-5,0.0002603531901477199,-0.007042785184129338,0.007511102591016993,-0.010797940991965078,0.018927955702460437,2.3760191608894378e-9,8.344535775693078e-10,1.1030592290175205e-6,-0.0011268335728104564,2.007148741486565e-10
0.0,0.0,0.0,0.0,0.0,0.0,0.0,0.0,0.0,0.0,0.0,0.0,0.0,0.0,0.0,0.0,0.0,0.0,0.0,0.0,0.0,0.0,0.0,0.0,0.0,0.0,0.0,0.0,0.0,0.0,0.0,0.0,0.0,0.0,0.0,0.0,0.0,0.0,0.0,0.0,0.0,0.0,0.0,0.0,0.0,0.0,0.0,0.0,0.0,0.0,0.0,0.0,0.0,0.0,0.0,0.0,0.0,0.0,0.0,0.0,0.0,0.0,0.0,0.0,0.0,0.0,0.0,0.0,0.0,0.0,0.0,0.0,0.0,0.0,0.0,0.0,0.0,0.0,0.0,0.0,0.0,0.0,0.0,0.0,0.0,0.0,0.0,0.0,0.0,0.0,0.0,0.0,0.0,0.0,0.0,0.0,0.0,0.0,0.0,0.0,0.0,0.0,0.0,0.0,0.0,0.0,0.0,0.0,0.0,0.0,0.0,0.0,0.0,0.0,0.0,0.0,0.0,0.0,0.0,0.0,0.0,0.0,0.0,0.0,0.0,0.0,0.0,0.0,0.0,0.0,0.0,0.0,0.0,0.0,0.0,0.0,0.0,0.0,0.0,0.0,0.0,0.0,0.0,0.0,0.0,0.0,0.0,0.0,0.0,0.0,0.0,0.0,0.0,0.0,0.0,0.0,0.0,0.0,0.0,0.0,0.0,0.0,0.0,0.0,0.0,0.0,0.0,0.0,0.0,0.0,0.0,0.0,0.0,0.0,0.0,0.0,0.0,0.0,0.0,0.0,0.0,0.0,0.0,0.0,0.0,0.0,0.0,0.0,0.0,0.0,0.0,0.0,0.0,0.0,0.0,0.0,0.0,0.0,0.0,0.0,0.0,0.0,0.0,0.0,0.0,0.0,0.0,0.0,0.0,0.0,0.0,0.0,0.0,0.0,0.0,0.0,0.0,0.0,0.0,0.0,0.0,0.0,0.0,0.0,0.0,0.0,0.0,0.0,0.0,0.0,0.0,0.0,0.0,0.0,0.0,0.0,0.0,0.0,0.0,0.0,0.0,0.0,0.0,0.0,0.0,0.0,0.0,0.0,0.0,0.0,0.0,0.0,0.0,0.0,0.0,0.0,0.0,0.0,0.0,0.0,0.0,0.0,0.0,0.0,0.0,0.0,0.0,0.0,0.0,0.0,0.0,0.0,0.0,0.0,0.0,0.0,0.0,0.0,0.0,0.0,0.0,0.0,0.0,0.0,0.0,0.0,0.0,0.0,0.0,0.0,0.0,0.0,0.0,0.0,0.0,0.0,0.0,0.0,0.0,0.0,0.0,0.0,0.0,0.0,0.0,0.0,0.0,0.0,0.0,0.0,0.0,0.0,0.0,0.0,0.0,0.0,0.0,0.0,0.0,0.0,0.0,0.0,0.0,0.0,0.0,0.0,0.0,0.08990746107834037,1.3210078709073925e-9,-5.828791518697359e-5,-1.0847699165812952e-9,0.00025715514883756593,6.800607649006556e-5,-3.3152688452341764e-11,0.011330397233584344,0.000743326841463919,-2.9135702633936275e-5,1.5487813317664163e-9,-0.002419059752213816,6.868888421334423e-10,-3.4208539164409007e-7,9.002378317459801e-7,7.104257861519537e-7,-8.256000083914114e-5,2.1551650815063403e-9,-2.5023944447444074e-6,-0.00018324190187194735,0.0010371385597992575,-2.8121668541423523e-7,-1.9277552961133316e-11,0.0014255021483927637,-2.9477832524656316e-6,-4.0882440231847856e-8,1.5577772721011072e-9,-6.349301189204584e-7,0.00017828587660753304,-0.0032679513317293964,-1.4324111343406444e-6,3.4831027614253564e-8,7.640478348745239e-5,1.1050049573949045e-10,-1.538065604075765e-8,-1.0687705839777298e-8,0.0013861128491910906,-0.006411385082541618,0.009603787403725056,0.004036426833531036,1.3949868085672811e-7,-5.282894694538754e-6,-1.0123867147224292e-10,0.0013388548554794009,-2.1646004213681775e-10,-0.011129761489622329,-9.697451548809237e-9,-9.184251222515077e-5,-2.6027532106171768e-9,-3.410532597606924e-9,-3.927200500332224e-8,-7.169556035973403e-11,-2.945810133582557e-7,5.2940557510287506e-5,2.932939699885283e-11,1.8370752919765034e-11,-1.6005065886539527e-5,-0.030570201891785404,-9.175586476563754e-7,0.00026990749863970445,0.0002139553569558185,1.5940561110253272e-5,5.251824145302555e-6,6.130860376068191e-7,-0.00015005100998096335,3.981721765462762e-5,2.8558275969399785e-5,-0.0005911848812680062,4.215708272758447e-5,0.0009527192216352871,2.7690962311669038e-5,7.766846958291281e-8,-1.0519168571932479e-9,-3.4649972485087775e-10,-4.136829568636125e-5,-2.528033738252718e-9,-3.1556492080457335e-5,1.2498814447358048e-10,-0.0021189278178251384,-1.5008376436822605e-5,5.900921465564124e-5,6.037698930781714e-5,2.774536314128026e-11,7.845451589369697e-11,6.752470773146921e-11,-7.821559455242898e-11,1.935859598434921e-11,-0.020330439214506803,3.316498423031762e-8,4.23840388306052e-9,-0.00011250628885590118,2.077993513540953e-8,5.164977937294352e-9,-4.503510518220802e-7,-5.563315199039916e-5,2.617884483089027e-6,0.0017829637194207676,2.784406112722365e-5,7.061305741665485e-9,0.0036222799132213726,-5.6695079873039196e-8,-0.0026081486210103844,-1.322614177432708e-11,5.53414772376599e-10,-3.2683591737297826e-8,0.00046665714333973346,6.796901084698549e-9,-0.0002666627169083162,-0.00010047387107378785,1.1508438887574881e-10,6.003474218121352e-5,-0.0007544099598210768,0.0019876362956788157,-1.0332787377119463e-7,-9.6873662007996e-10,8.919000822169474e-10,4.6457057725149745e-6,1.3163413709505036e-10,0.00038906859035375477,-1.803093344145506e-11,0.00311803467647127,-9.023780494320356e-10,7.559099597102376e-10,5.293785370260309e-10,0.00010349826145267358,3.6904282450288416e-5,0.04424288788483803,-0.0001395581871159868,-3.774923704781201e-7,0.0068532172480098704,-5.177608434980712e-10,-0.00023332425020518966,4.09551054278284e-8,-8.404060804351155e-9,-1.0974813387949313e-8,0.027428498215795138,-1.9571761296581354e-10,0.00016457300411147863,5.589085195453394e-5,0.00026642470216538993,7.739526826191867e-10,7.070780460624589e-11,-8.732227044642027e-10,-0.0007964729743802886,1.1463950882629405e-10,1.4578797546129415e-9,-1.2539927191961724e-9,3.420197325462084e-8,-0.0002351503831458901,0.00042831687022188526,-0.007186171042396632,7.801685570795714e-10,6.440675228962253e-10,5.226988477605885e-11,-0.0005385966781355978,-1.72080512455711e-9,1.9769723922127e-5,-0.00010702001867838524,1.787602377246342e-5,3.909585786096495e-10,0.0084303226078962,-0.004102071870433274,-1.26400649998156e-8,-1.7814349311600418e-8,-0.00018898794265713022,-0.00016298912918753133,1.840168071572726e-6,-4.850474142169973e-7,-0.00337168686254438,0.0010108164988346078,1.5603861766743069e-12,1.721845468307276e-8,0.0011840546964893878,9.445484615391199e-7,-2.95831842425235e-9,-5.522010523691884e-7,4.5724318101691545e-5,-3.834430822575457e-6,-0.007081491402083901,0.0013255962227189365,-0.0023720383885877695,-1.2817233073302379e-5,-1.16842680855424e-10,-1.2947751156902629e-5,3.216595253453515e-8,-0.0032673718533712034,3.485975555029906e-5,-3.7605442993154246e-6,-1.430072050134066e-10,7.23771038160013e-5,0.010393599854766138,-0.0017137546023260172,0.0006683220007109549,0.0005354796804675661,1.7470687775138203e-10,1.9096269527382844e-8,-0.0016784558601838373,7.948028323318433e-7,0.004179242047680088,0.004773398005729044,-0.0007569245683689838,0.00021265668000455744,-6.242850847403192e-6,6.345475967232939e-5,-0.0006785551978488504,7.905255798976007e-7,-3.491841752943806e-10,2.3841433764496923e-6,-0.00010002173610627957,-0.006020390886624,-0.0023051930823974475,0.005164404672254511,3.6815102308593627e-6,-0.0002100476963709666,1.7135523438434363e-7,9.059854358016352e-8,0.0011572822530929172,1.6230121210010215e-5,0.0027999862431526443,-9.995235646263158e-5,-0.01861210165075255,-3.8451967365376564e-11,0.008527288749448587,1.5837955615293074e-7,7.814934155574185e-7,0.0028220319697055867,-2.8085157744189557e-5,0.005023205100682466,0.001664362188266168,-2.0164206161002012e-5,5.479153243286123e-10,6.321367139396509e-5,9.695931988729889e-9,5.557240976871685e-10,-0.00017194328213920005,1.2399041018832994e-10,2.816212376712486e-6,-0.0025232381886087117,-0.00037877249097879255,2.446344818739264e-10,2.77459898939674e-7,-0.00018764097696829092,0.0011783743641468742,-9.898577146404312e-11,-4.24806308052132e-9,0.0008502078733603818,6.988334170857983e-9,0.0013445769870571887,1.9446354903341478e-7,1.629470289897885e-5,1.5287747597303922e-5,0.0002736337651889838,-0.03154702597427542,0.003736075288277273,1.5675898211592087e-7,-1.215362570774375e-6,0.004146403898073012,-0.009149913391604751,0.005013213912510106,4.5613176762775783e-11,1.4067185516848778e-8,-4.3196536453170064e-5,0.0002920814517948814,0.0008257593464408162,-8.65998349885464e-6,-0.004893959571476518,8.47764544104668e-5,-0.00011676825241840931,-0.0004568127743714842,-1.5537230649192437e-5,1.1676528954685011e-8,1.0237738626635316e-5,-2.0220176057829566e-5,-3.686728755891035e-11,9.644778605698652e-6,-5.8644711862354114e-6,1.668654408349066e-7,-3.103051687838762e-8,-0.0005631014049187233,0.00014823493667241185,1.951157628005153e-11,-1.2017674348722733e-10,-1.0406681977092713e-11,6.5654919313913e-5,-0.0030271099812436693,0.01936910774946373,-5.891786050757536e-8,4.121063594999695e-7,-8.623933527785059e-11,-3.223616230666632e-7,1.4346277967647597e-8,0.0001684488961888554,1.6206821506484416e-11,-0.0009482571495814355,1.3248635236952228e-6,5.301764108001315e-6,-3.025643726171555e-8,-0.0021004842208225405,0.005129643404880185,0.0007620765707129661,5.521396968235484e-10,-5.4255639578971396e-5,-1.865105948902977e-8,0.000581491724662648,3.720062944976125e-9,-0.0042723111112522305,6.401452904733831e-5,2.9303464854365105e-9,0.00013513882220965464,-1.2368922612199979e-7,-5.399005631844593e-8,-5.556246744668271e-6,-2.0710925853623226e-6,-0.0032914480496297645,4.978246823831472e-10,1.3280275515018316e-10,-0.00031796388069643726,1.7015903243277255e-7,2.5084496390165364e-9,8.991604363664636e-6,7.975310685631566e-8,-0.007763319038018987,-7.884286776317111e-7,0.0018308754305977472,3.7435005905823434e-5,3.864793266012449e-11,7.904509563698107e-5,-3.719854069189759e-9,2.7942780346988863e-12,4.4040532553503746e-7,9.33867187144537e-6,-0.0004322903583514735,1.3177382757994596e-9,3.71415760535788e-9,-0.00164191951953338,0.00034960305417379705,-0.0007913752488291825,0.00990814868854315,0.00041173371177612145,5.124777292806736e-10,-1.715279833111093e-5,-5.4378826716391865e-9,0.00019005293532244882,6.375495186054138e-7,0.0006255961540168106,-0.00019058392278338142,-1.1814695721165807e-9,2.1745411749856106e-7,-0.020786338458693553,0.0003604032299170335,-1.6272121636668766e-7,-5.355276807686045e-7,0.005067080492675661,-4.6374407119598734e-10,7.141893015731743e-9,8.39525456275153e-5,0.00014225549307423337,-7.887568226481427e-5,-0.0006154221337014153,-0.00012945826920065826,5.7023391835572674e-8,-0.00021032581920367053,-1.2573389054596549e-11,-2.07219591290752e-9,-1.5620453536590244e-6,1.2220011213787709e-9,-0.0005023555380248593,0.0010925592329875768,0.00011914082840577696,1.6655535673041765e-7,1.150508617775272e-6,1.371993038215264e-8,-1.1502125921489259e-11,0.006781343761739637,-9.427793739211974e-6,0.000388150070630345,-0.0003586966787870928,-0.003150871773104024,0.0007191433105388427,6.1689441251677345e-9,-0.016849878198420015,-6.699990967721051e-8,6.68043262465072e-7,-1.5113929118242548e-9,3.5113033084459835e-5,-4.1773729478969366e-10,-0.00010790769006115441,1.6274646523255753e-8,1.0603141184609862e-9,-4.9211191486862566e-11,0.00022665880302734202,5.442765892989119e-5,0.00013319141899755384,1.6320385567074202e-5,-6.642731442780387e-5,-1.833749352768354e-7,5.199468438539098e-5,8.297638120802781e-7,-9.384033292503013e-9,3.6744632757710396e-8,-8.503292598417791e-11,4.677138216102043e-6,-5.593652429396696e-9,1.485363184028796e-5,-7.361183056040112e-8,4.467598063396286e-8,-7.817754567493137e-6,-3.03639343118804e-11,2.597625761117506e-10,7.788699067091034e-10,3.3798424255978944e-5,-8.785091663236422e-8,-0.006797849267166344,-6.9334502531811546e-6,-2.3034209367303252e-10,0.0001227852626009206,-0.0015565864532248465,3.5764711424593055e-7,-0.0001598021554040482,1.570335401900121e-6,-1.0802324435987519e-8,0.00500238715949695,-4.5343759726024816e-5,-0.00015045408416110488,-1.8694267750620793e-8,0.00010721396975953989,9.98750439259565e-11,0.0010240235363970067,7.854703808598838e-5,4.0313949749028906e-7,0.009162456294790518,1.4519904553736552e-9,-0.002510850191793845,-3.5708890889462434e-10,7.147842358869318e-9,-1.2694929681485958e-12,-0.0013178441899204675,-0.001537912039045366,8.520891992557433e-5,9.010976779084211e-5,1.3049425749459243e-10,0.00041818228085218397,-0.002795637368686101,-6.897180175923237e-6,-7.462126644802921e-9,-0.0012645973181589492,0.00010483224919858592,-3.3901043733266425e-5,-2.638944119914035e-7,2.7571426596796285e-9,-0.0005666054637731213,-2.657192466699731e-5,-2.483513886803326e-8,-3.844073644882061e-7,7.148256239211766e-6,-0.01383796441967585,1.2340395686097949e-5,1.7764107720974186e-8,-4.1484214444537456e-5,-0.002020322334550789,-0.004470409350936236,3.181307521045516e-11,4.641289046354945e-9,-1.7965050990914205e-7,1.0491176828790034e-7,-3.2663398298794837e-7,9.846594841892734e-8,0.00021784374621057335,4.3079397645856827e-5,8.404181273603829e-11,1.6635124396217355e-6,1.739131284619898e-5
0.0,0.0,0.0,0.0,0.0,0.0,0.0,0.0,0.0,0.0,0.0,0.0,0.0,0.0,0.0,0.0,0.0,0.0,0.0,0.0,0.0,0.0,0.0,0.0,0.0,0.0,0.0,0.0,0.0,0.0,0.0,0.0,0.0,0.0,0.0,0.0,0.0,0.0,0.0,0.0,0.0,0.0,0.0,0.0,0.0,0.0,0.0,0.0,0.0,0.0,0.0,0.0,0.0,0.0,0.0,0.0,0.0,0.0,0.0,0.0,0.0,0.0,0.0,0.0,0.0,0.0,0.0,0.0,0.0,0.0,0.0,0.0,0.0,0.0,0.0,0.0,0.0,0.0,0.0,0.0,0.0,0.0,0.0,0.0,0.0,0.0,0.0,0.0,0.0,0.0,0.0,0.0,0.0,0.0,0.0,0.0,0.0,0.0,0.0,0.0,0.0,0.0,0.0,0.0,0.0,0.0,0.0,0.0,0.0,0.0,0.0,0.0,0.0,0.0,0.0,0.0,0.0,0.0,0.0,0.0,0.0,0.0,0.0,0.0,0.0,0.0,0.0,0.0,0.0,0.0,0.0,0.0,0.0,0.0,0.0,0.0,0.0,0.0,0.0,0.0,0.0,0.0,0.0,0.0,0.0,0.0,0.0,0.0,0.0,0.0,0.0,0.0,0.0,0.0,0.0,0.0,0.0,0.0,0.0,0.0,0.0,0.0,0.0,0.0,0.0,0.0,0.0,0.0,0.0,0.0,0.0,0.0,0.0,0.0,0.0,0.0,0.0,0.0,0.0,0.0,0.0,0.0,0.0,0.0,0.0,0.0,0.0,0.0,0.0,0.0,0.0,0.0,0.0,0.0,0.0,0.0,0.0,0.0,0.0,0.0,0.0,0.0,0.0,0.0,0.0,0.0,0.0,0.0,0.0,0.0,0.0,0.0,0.0,0.0,0.0,0.0,0.0,0.0,0.0,0.0,0.0,0.0,0.0,0.0,0.0,0.0,0.0,0.0,0.0,0.0,0.0,0.0,0.0,0.0,0.0,0.0,0.0,0.0,0.0,0.0,0.0,0.0,0.0,0.0,0.0,0.0,0.0,0.0,0.0,0.0,0.0,0.0,0.0,0.0,0.0,0.0,0.0,0.0,0.0,0.0,0.0,0.0,0.0,0.0,0.0,0.0,0.0,0.0,0.0,0.0,0.0,0.0,0.0,0.0,0.0,0.0,0.0,0.0,0.0,0.0,0.0,0.0,0.0,0.0,0.0,0.0,0.0,0.0,0.0,0.0,0.0,0.0,0.0,0.0,0.0,0.0,0.0,0.0,0.0,0.0,0.0,0.0,0.0,0.0,0.0,0.0,0.0,0.0,0.0,0.0,0.0,0.0,0.0,0.0,0.0,0.0,0.0,0.0,0.0,0.0,0.0,0.0,0.0,0.0,0.0,0.0,0.0,0.0,0.0898805194263491,-3.537870687128502e-13,-0.0017704479605069638,1.8793186293663158e-8,2.721763783152767e-7,-0.004529319981523675,-2.302011685787632e-9,-1.7590115040217673e-11,-3.726007492970853e-6,-0.0022513444939081546,-1.5023700942758424e-9,0.029833680437779453,-0.00012189950527358643,-6.516271101594413e-7,5.500281538729919e-6,-2.965781011493127e-11,-0.0009987732335905656,-1.3180095256086284e-5,-8.870730094781838e-12,7.108442058374285e-9,-2.6785831950621572e-5,0.004190876465035901,-9.31486452574171e-10,-1.195594127182446e-6,-9.592467887344461e-6,0.008246019356588022,-5.6193338250674974e-6,2.5132227080361006e-8,-2.1716717017659275e-8,3.285122017342422e-5,0.0003333133996118181,-5.79673383637535e-7,0.007948899367298699,-0.0023590970849579223,-0.002227671134440605,-1.9496303677644685e-9,3.566425503422762e-9,-2.565092291740956e-10,6.837267928754111e-11,-7.671122139973743e-5,-1.2342011808311187e-5,-0.009305792943292158,5.27039406813235e-8,-0.015719469245697813,9.730485353360025e-10,-0.0006979120447320542,-3.2400936769871206e-7,0.0007825248626871961,-0.004977457614535467,-0.00024077602511668944,0.006482731887372251,-0.0001695636291151038,-5.966242648446374e-12,0.002225770759383278,0.002915817376720895,2.1009378448960826e-6,-6.426823434515427e-10,1.3705804361250907e-5,2.495526300827515e-7,-1.0677541698880543e-11,-9.402512232412023e-7,-6.264728516487026e-6,-3.483762748488588e-5,-6.72076425340662e-8,3.6375844174147e-7,-2.128512573521854e-12,2.209397709961799e-11,1.1793135487302327e-7,-1.9140661319893537e-11,-2.103630965810996e-12,0.00015279513674866732,-0.0010246335723070384,-0.01880644519280878,8.38418401731615e-14,-0.00035377070977223745,-4.005645303816815e-12,-0.0052871353994037,-6.493153523453494e-10,9.231584918045632e-7,3.95636874795897e-12,8.36586418297546e-7,-0.0029746274745348286,0.007759500278417257,0.0004500204448521933,-0.00296051277683808,-0.006777331169117057,2.2851956846426826e-10,1.4892997920581524e-5,0.000575165059178721,-1.9306384889598578e-7,-0.0016352283627262397,0.002611585526496117,2.3443441308081603e-5,2.393456878733592e-12,5.421030315954595e-6,2.3024790872851013e-8,1.9953812898359727e-7,-0.0041575116253313674,-9.860661368031902e-9,0.0005208542683824084,1.9346899369362324e-10,0.001082396981511326,0.001723030952009243,-0.001896213479600543,4.9224172924986896e-12,0.005042876847507687,6.267895977024873e-9,8.546060786534528e-12,0.003632832156334796,1.6397708033542388e-11,-3.102470841774535e-8,2.0289995863253438e-11,-5.678368627598962e-6,-0.010930030110801875,-0.015607396394196806,1.439876537710045e-6,0.002132570808073424,-9.478293554966911e-9,0.004603063323728308,-1.5180323801924147e-9,0.008036756080209156,-0.0005414446901129251,-0.0014179346029678241,2.346139010212134e-12,5.819986395859339e-14,-3.2141025546305983e-11,2.3090662103580175e-7,8.328236199117054e-6,-2.2587538639957462e-10,0.0020890139170501006,1.0814944529858345e-11,-4.450654881885584e-5,-0.0015694833883302974,0.0014199085580340718,6.969207912197321e-10,-0.009065423218459434,-1.6123449425565493e-11,-1.0178385823946422e-6,4.165619453698519e-11,0.01510838540119969,0.00015219587911963827,-0.008061736098951198,-1.4515543991870506e-11,0.02244118082858985,0.039165871443121614,0.00013114303542147743,0.000805124157099269,-1.1721961987841302e-11,-7.723788172967371e-9,-2.0568599243651482e-9,0.05091211719369398,0.0020648308263689144,0.003244795613746627,1.943020288379898e-9,0.002261828475600154,4.581778421759079e-13,6.078315761922738e-8,1.9955721367804304e-7,-0.005665007665825825,-3.7186078790242775e-10,1.828933071474503e-9,0.0005623306842834359,-0.0014949540274977397,-3.229104885451948e-7,-8.734441921617366e-7,8.588148996820826e-7,-7.231550700657623e-6,-1.9301179419488155e-9,1.1409938124146785e-10,0.00650042043435321,0.0007313710301268788,1.7270415229111422e-11,-2.20040334900615e-6,0.0009292377369199226,-2.9503751762266602e-5,7.826465461715258e-8,4.251035158784413e-6,7.004494335390389e-10,4.4770659724868394e-8,-7.994253203343615e-9,-5.6031097658639295e-8,-0.01043553584709884,-1.8066837963531453e-7,1.4302620123420404e-5,8.40747514721839e-11,-8.12731316096194e-12,2.2434351038022627e-7,0.000612431245391878,-1.700565730835037e-14,9.744214871149077e-11,8.857098093269874e-11,1.920029571570251e-9,-9.203770363648635e-9,0.0063124424811686385,3.85339527124337e-5,-1.868612764216538e-8,-4.1143501008545274e-5,-2.0672166818246503e-9,8.928902547603105e-11,-3.986853916150119e-11,1.1586709682617418e-9,-2.3507075458485643e-6,-1.4824101044314632e-12,1.0266629099370643e-10,-2.2793950443857545e-5,0.004406702287978891,2.2378488182353645e-6,-2.905263813902169e-7,5.669674640428229e-10,1.2118604356396619e-8,-5.558599305704605e-10,-8.657255322656243e-7,1.1390462104458409e-11,-3.619924798599912e-5,-0.0001362548950488253,-1.3628646632001296e-10,6.877701912368816e-7,5.13397192118838e-12,-2.0352924976473737e-11,2.6962971922808847e-10,-0.004048163824135526,-9.388925876949525e-10,-1.1897515804552151e-5,3.0848467091503573e-6,-2.8124563618679034e-11,1.1779352198858023e-11,1.3785554533200152e-8,-3.5454832108356546e-11,-8.308661590370679e-7,0.0021342000370609265,-1.465138417982916e-12,-0.0013331423176582218,-0.007166000038584493,1.7546819741118492e-11,0.003187735703789911,-8.360333997610994e-7,4.807930849025144e-9,1.5638189838699127e-8,-0.0016043992636489825,-2.200566610103665e-6,1.7213401578121624e-7,1.7430148047792667e-11,-0.0037849924984245916,-0.005136864886287836,1.6510383584475128e-12,-0.0007568119232158003,2.0641606721225897e-8,-3.1076025045121425e-5,2.4015565277229654e-7,4.5404180880602856e-7,1.8692333403230663e-8,4.326521127389551e-12,5.342742838982232e-9,0.0001153646467820102,-1.3103658078291704e-5,-1.108135432930199e-9,-5.690875702885161e-10,-1.6662104747220446e-10,0.004238516360127766,0.00014225825465829237,1.2028958279213136e-12,8.389049401795507e-12,4.47858624494744e-9,8.218058527364837e-13,7.487159880226283e-10,8.271497053310959e-8,-2.682367752198212e-7,-2.599196785018641e-8,-4.204599204974078e-8,0.0006904982730198052,9.783870840194286e-7,4.030817544611548e-14,-0.0016847820092319075,-2.864532630792642e-7,-4.2453803796826754e-8,3.545620057646267e-5,0.00012026229609047426,5.537386786939529e-13,-2.3116602696009215e-12,0.0010840180200490327,-0.0078414638142446,-0.0018994121919258553,1.409579860023942e-7,8.725805986592891e-11,2.963686873339167e-10,2.4951734735015852e-5,6.954773228999002e-6,-0.0007150468499896664,-5.967289373807818e-5,1.8978376012410373e-5,-1.521227760597132e-10,0.004180455838173239,-1.2724161300911436e-8,-3.229849997204192e-7,-8.606588073908287e-8,-5.4326098484545797e-5,-2.2575268103304778e-8,-9.045741049292058e-10,-7.451723621920519e-9,0.040298583846671406,5.821819788462133e-13,-0.002261719439186517,1.2815356163668497e-11,0.0001276754400531285,-1.755593639485151e-10,7.697696830003251e-13,-0.0005594348246094816,7.306226342653672e-7,2.8043290833489255e-5,0.00012689451916766893,-1.382188006323153e-7,-1.2390476427146978e-5,-1.3879456851440043e-10,-0.007432810334825993,0.0048575228935853944,1.1787710981238622e-8,7.187996362077928e-7,-0.0027664258677991957,1.9829974444043116e-7,0.0008024582831932559,-5.4488310843566295e-9,-1.9720311253068394e-5,-1.7283986661907026e-11,3.295168870950322e-7,-0.006024917542691726,3.1197409663297662e-12,-0.0021738544872891815,8.214367942064994e-5,3.165645650171509e-6,6.102955989845252e-12,1.699659209410681e-11,0.0034026422993161287,-0.0014489216183310564,-1.1841687785751353e-8,2.8580662033773485e-12,-1.5892055864423434e-11,1.6394116803033845e-9,-3.095272054914231e-8,-0.003604676622462468,-1.5660706506417898e-6,-0.005513553684341777,-5.243631610711777e-13,5.096106083396875e-7,-4.396270714420955e-9,-6.8299000477020105e-9,-0.0018012607469595412,-1.0285162405611255e-5,1.2627091027694156e-10,8.442712208242505e-8,-5.805561614935693e-6,-7.80795127339117e-6,-2.36858835016853e-10,0.003868368626280477,0.00029245638003006435,1.2956536372294386e-9,5.966199030628634e-8,-1.5728424633417415e-7,4.7319748504451374e-8,1.3659275875242286e-11,7.921426201716158e-5,-1.0985519614718533e-8,-0.0016807975690898546,0.0027152594922579968,9.167543835483796e-6,0.04058863286820074,-1.4518424061796901e-8,3.934864971238503e-11,-1.214710724302399e-12,8.856284539314343e-5,4.637404885786404e-5,0.0003123388482745138,-0.003847981813520939,-2.3695148015472426e-10,-1.2528369199e-6,-1.8641834134847383e-11,2.3024012601978827e-8,-3.6108870889187006e-9,1.9920907565598203e-10,-0.000489456098848522,1.6623811911138685e-9,2.3025918140501833e-5,1.1386845272930855e-5,-0.0006051442273914095,-2.624982879885345e-12,-0.0011208851723701683,-1.1835719527748468e-6,-5.8758962764524864e-5,0.06659413412829969,0.048953694387957505,2.483069790900596e-8,-9.379880741847566e-7,1.8955123493992973e-12,6.076310748971704e-13,2.0910589422348525e-12,-7.396159372842331e-5,-2.0800420403557816e-11,-1.0277318288404244e-5,0.0007477883540580357,0.00011521255593416386,0.003157158092115058,-1.6732832638004126e-6,-0.0008305716334636965,-9.468813690119068e-13,1.871717697985456e-5,0.0008270354324396017,-6.977436958511196e-7,0.0016595767409617575,0.03213105774123756,-0.018173102055334567,3.1615943582138334e-12,-6.415667126216276e-5,-1.7159156915399626e-9,4.562683259786308e-6,-0.010782015221716268,2.696175401028479e-8,-6.570242684479872e-10,4.348145589820862e-6,1.4624439087572168e-12,-1.8974119671139665e-6,0.0007112459715657776,-2.7914028184381566e-10,-1.3854046664478328e-7,-1.1915703847429579e-7,0.00050431028596343,5.166244285443691e-8,0.005559390617931429,-6.489174371139112e-11,1.3615818587591066e-7,-1.2558593924026268e-5,-1.813990092329525e-9,0.010319706076054203,1.5380349259273214e-11,0.00844488164646927,-0.00012277730088710722,-0.0022025858982934227,-1.195087961107186e-10,-1.913098034425221e-8,2.3905039946795974e-7,7.168881340765988e-8,0.008042258177340772,-1.382918782907411e-9,-1.899335692835404e-11,-2.802696717773445e-6,0.0007654797366242423,5.6275726228578677e-11,-3.9817590993137e-7,7.359446737521608e-8,-1.247470100083634e-5,6.91543281912445e-5,4.0840819416275844e-11,-1.2871117531061458e-12,-0.0006266987491626753,-2.2345715360611297e-5,-2.8434549207022536e-8,1.8207596940897652e-10,1.1738812304171382e-7,0.0004761979140032839,-3.5079964140458784e-8,2.7180806256063006e-9,-3.203948850364514e-9,-0.010812996331082065,0.0009565087261102501,-0.00010935344777383449,-0.00017209680571253063,-9.562816130311255e-5,-0.00011376846674253203,3.642719558268296e-11,-1.0193728607634352e-11,0.011695873892141254,2.3125251746333383e-6,9.43596243525978e-13
0.0,0.0,0.0,0.0,0.0,0.0,0.0,0.0,0.0,0.0,0.0,0.0,0.0,0.0,0.0,0.0,0.0,0.0,0.0,0.0,0.0,0.0,0.0,0.0,0.0,0.0,0.0,0.0,0.0,0.0,0.0,0.0,0.0,0.0,0.0,0.0,0.0,0.0,0.0,0.0,0.0,0.0,0.0,0.0,0.0,0.0,0.0,0.0,0.0,0.0,0.0,0.0,0.0,0.0,0.0,0.0,0.0,0.0,0.0,0.0,0.0,0.0,0.0,0.0,0.0,0.0,0.0,0.0,0.0,0.0,0.0,0.0,0.0,0.0,0.0,0.0,0.0,0.0,0.0,0.0,0.0,0.0,0.0,0.0,0.0,0.0,0.0,0.0,0.0,0.0,0.0,0.0,0.0,0.0,0.0,0.0,0.0,0.0,0.0,0.0,0.0,0.0,0.0,0.0,0.0,0.0,0.0,0.0,0.0,0.0,0.0,0.0,0.0,0.0,0.0,0.0,0.0,0.0,0.0,0.0,0.0,0.0,0.0,0.0,0.0,0.0,0.0,0.0,0.0,0.0,0.0,0.0,0.0,0.0,0.0,0.0,0.0,0.0,0.0,0.0,0.0,0.0,0.0,0.0,0.0,0.0,0.0,0.0,0.0,0.0,0.0,0.0,0.0,0.0,0.0,0.0,0.0,0.0,0.0,0.0,0.0,0.0,0.0,0.0,0.0,0.0,0.0,0.0,0.0,0.0,0.0,0.0,0.0,0.0,0.0,0.0,0.0,0.0,0.0,0.0,0.0,0.0,0.0,0.0,0.0,0.0,0.0,0.0,0.0,0.0,0.0,0.0,0.0,0.0,0.0,0.0,0.0,0.0,0.0,0.0,0.0,0.0,0.0,0.0,0.0,0.0,0.0,0.0,0.0,0.0,0.0,0.0,0.0,0.0,0.0,0.0,0.0,0.0,0.0,0.0,0.0,0.0,0.0,0.0,0.0,0.0,0.0,0.0,0.0,0.0,0.0,0.0,0.0,0.0,0.0,0.0,0.0,0.0,0.0,0.0,0.0,0.0,0.0,0.0,0.0,0.0,0.0,0.0,0.0,0.0,0.0,0.0,0.0,0.0,0.0,0.0,0.0,0.0,0.0,0.0,0.0,0.0,0.0,0.0,0.0,0.0,0.0,0.0,0.0,0.0,0.0,0.0,0.0,0.0,0.0,0.0,0.0,0.0,0.0,0.0,0.0,0.0,0.0,0.0,0.0,0.0,0.0,0.0,0.0,0.0,0.0,0.0,0.0,0.0,0.0,0.0,0.0,0.0,0.0,0.0,0.0,0.0,0.0,0.0,0.0,0.0,0.0,0.0,0.0,0.0,0.0,0.0,0.0,0.0,0.0,0.0,0.0,0.0,0.0,0.0,0.0,0.0,0.0,0.0,0.0,0.0,0.0,0.0,0.0,0.08898978050552192,1.0656911890436454e-11,1.4086376115728225e-6,3.3874648342144617e-8,1.392219898843008e-13,2.2050680311432887e-5,0.00026249241610958626,-4.9666594577608145e-8,1.0056900764423175e-11,9.707416998705578e-5,-3.8024904986625385e-13,-1.3478902682570474e-10,-1.1183359543886165e-8,-2.1217560284139683e-9,-0.001956922739241938,-2.356809610431503e-12,-1.5861537960151957e-9,0.001620916313640865,6.026711268519484e-6,-4.069871857020317e-10,-1.8072602946964823e-13,9.596151392870221e-6,-2.9952971658801093e-9,2.267350666619639e-11,5.937767833108864e-13,2.111159605041639e-9,3.617887474579912e-7,6.4092937068240144e-6,-1.7395529922257045e-9,8.896788014417372e-12,-6.631854642765195e-8,7.385130792898803e-13,-1.807688518327979e-11,-2.3154306596792937e-13,-1.8568720236047776e-5,-1.2329675211729924e-6,0.00030104267489130176,-0.00012078120103400976,2.4877612395785794e-10,-6.828606377260349e-9,1.7448838184636985e-13,3.207472548933967e-7,-1.2236654775168653e-13,-1.2113867340078273e-6,-6.461574804867251e-12,-7.414667067544234e-8,5.899380081428581e-11,-8.95808570214821e-12,-2.0700811256579623e-10,1.7510043357109445e-13,1.3756085613752417e-10,-0.02118992712623456,1.2243787808331257e-13,-2.4190973348992303e-13,-2.1436627962180924e-8,6.402199189237222e-6,1.7787967488474044e-9,3.183174485784572e-7,-0.00761287336922858,2.3580075382316206e-8,6.35600839526434e-9,1.6655941040813777e-9,5.539415842559584e-7,1.9669727079393148e-7,-0.004005452726289219,0.00255614394902589,7.397832866007862e-9,0.0017956120266830729,-0.005178173886307132,2.2728551700285017e-10,7.819838387866268e-12,-1.5128835615243756e-13,0.011755015848519798,-2.5572493161175706e-11,0.020536577360614913,1.1711089143703804e-13,-2.9409753893588045e-5,1.1207609667942547e-8,0.003704561239211277,6.24897707298648e-8,1.1445282269110217e-14,-2.8635912659969466e-13,-5.504582332375447e-14,-1.3737402866063959e-13,1.815170976516978e-13,6.800521104810265e-6,-1.1966553681519528e-11,-1.8911128693920962e-10,-6.290951372401765e-7,-2.4865966788811037e-11,-2.039095462820273e-12,6.173870120709846e-10,-0.009783294251143876,1.042016848292627e-9,-7.551687357277693e-7,-1.0840866619630408e-7,2.3977354518104593e-12,-3.4317131441932573e-6,-6.401289634609795e-11,5.658971981514251e-5,1.39189593281851e-13,5.883296357232691e-13,-2.7254120241354486e-13,0.0002737828113406385,-1.4254247096571235e-11,-1.180650336260604e-5,-0.01759582057084935,-2.0484921642426979e-13,-0.005981201996328864,-6.644576518464935e-6,0.0002238305979754887,8.991763250171239e-11,2.24860446732033e-12,1.8088710033782891e-12,-8.188311739379412e-9,-6.927005001183507e-14,1.0707677010396518e-6,-4.677348419046891e-14,1.4474282945488644e-5,-1.8146578574464263e-12,7.60770217240808e-11,-1.7635359033951816e-12,0.009418156132900793,-0.03514644986587718,3.564289555271338e-5,1.4455890238655606e-7,-5.414592166739822e-10,-1.7088307619509886e-6,-2.7334795415457493e-13,0.010633658787049687,-9.458665606511636e-11,2.8486448716801374e-11,-1.8908766124956295e-11,-3.893392280477627e-6,-1.557380573304233e-13,-0.002578966010427525,-1.3593256525562723e-7,-2.2627024112147665e-5,-7.875553808488717e-13,3.35893605991972e-14,8.201890655707954e-13,0.001016819929852454,2.716367104263503e-13,9.936772680059828e-13,1.48297783787506e-12,1.5971956642743472e-11,-0.0006173741342049622,-1.3272703072380986e-6,2.8581790155648786e-5,-1.2515299659971623e-12,2.4569517880225295e-12,5.1379679491587564e-14,-3.0125430071863367e-7,-6.442433942072965e-13,-0.0360587107509684,4.607715943159654e-7,1.4332756425193486e-10,1.3509967252584547e-12,2.4175923094909113e-5,-1.4013577146061026e-5,3.9128789457650756e-12,-2.1226933013175872e-12,1.956703302414909e-8,-9.863452631289928e-8,-1.4121625084488284e-8,9.004046463384566e-10,1.6661044160152042e-5,-3.6051847100341415e-5,2.331856231388423e-13,6.3667487906473574e-12,-0.0016720778469155103,-6.5739265846018216e-9,-4.584873515146256e-12,2.5047742103113977e-9,-6.085178616033933e-7,-7.72653146033861e-10,-0.0001519316265927439,-2.569528628536403e-6,4.412183573774121e-8,-2.5917280031234647e-7,-3.0926228300952996e-15,1.5069966634832537e-8,1.522120839149095e-9,2.9390001241762787e-5,-0.005728166252184684,-1.27177332734873e-8,-9.212816506742368e-13,0.012840005966694355,-0.00018958183260599183,-0.0002299582058744862,-1.7254592194122734e-5,2.20012473505072e-6,-1.5541352976203973e-12,-1.745084677404523e-11,-8.466986762143807e-7,-5.228575232813886e-10,-6.083640554799808e-6,-4.195721012365468e-6,-1.2586719373207094e-5,-8.148885254306074e-6,4.755826025118716e-9,-0.01474520659265238,0.0002763444865169246,-9.912005248708715e-11,-6.293507496166841e-13,4.756205922560627e-10,-1.5132091958429292e-7,-8.053333909281628e-5,-2.784111770486659e-6,0.00020745635915923888,1.2806279347987335e-8,-0.0019295157691840326,5.615376508278344e-11,1.0801093250716647e-11,0.00016681036927640263,2.0610652984652855e-8,5.245162957275807e-5,0.0008145472430371229,-5.607886287819283e-5,-8.505029558604463e-14,2.5868652491338162e-5,-2.0555666724709783e-9,-2.5031706431297964e-9,-0.0006820211528179567,-0.0008746848402334591,-1.363928904923408e-6,-0.000148436114144793,2.6581092259681527e-9,-1.0016949650837081e-12,-0.022304855903043787,2.6498560442204324e-12,-2.3651812517079994e-14,-0.00880526279054306,5.16143919520349e-13,-1.184410233370282e-8,1.901337195590574e-6,-4.5761440957347856e-7,2.2029428510487924e-13,-3.677840938126454e-11,-1.116095011713367e-7,-0.0007552785227220658,-3.5855385845230863e-13,-6.642980569155254e-12,0.00023706215046101375,7.187961734663464e-12,2.0615510438775095e-6,-4.8764887199271757e-11,4.414774305205109e-9,-2.817096381478874e-9,9.968716799143435e-7,-4.946868578884177e-5,-7.276533149867121e-7,-3.4135671556305774e-11,-1.7365269637791473e-10,1.3011909086969876e-5,-2.931372242849525e-5,3.320272615210374e-5,1.6211643122704355e-13,-2.2271809556129073e-11,0.0302439605492773,0.00011144300644832042,8.267560483103356e-7,-0.008222412220597919,4.782309870745239e-5,-6.611259399025812e-7,-1.5895166883247573e-7,1.4414581288219138e-6,6.673989346130813e-7,-5.891781309163861e-12,-4.4860901634128693e-8,0.011389169202238715,-9.002341949391777e-14,4.616953722281398e-8,1.3328919127884314e-9,4.3776020121192657e-10,-6.421708323182911e-10,-0.002149450495797315,-0.02377574739329622,-8.814563104350698e-14,-2.1669945164184605e-14,5.037429637406425e-14,1.0061857829695706e-7,-8.213898401071919e-5,-2.1857294875417098e-5,5.546624613931239e-11,5.684468306297813e-10,3.4432472770350424e-14,4.78839986804832e-10,3.6630977752041576e-11,-2.1625609857435867e-5,-3.911310137542999e-14,-3.617894232602294e-6,-2.7499819467027203e-8,2.28059264007742e-8,-5.4644518899494665e-12,3.117560011599974e-6,1.3868129993757373e-6,-1.5116794741255182e-6,5.192440104670169e-13,-0.0009727378376873298,-5.01119809799431e-12,0.00022527963514416683,6.8429329719085885e-12,-4.017585207488438e-5,-0.01844114925148279,-4.370592747086703e-12,2.485801362831817e-8,-1.04596904137231e-10,-1.8615544260709892e-10,-3.000854677070696e-9,-2.0379076844042827e-9,0.0002820376228171274,9.572629711857155e-13,1.46756044224344e-12,-2.0611530361688195e-7,1.0800832090915687e-10,-2.705376675230049e-12,2.4994050623974396e-8,1.0653577954173831e-11,-8.833153893230878e-6,3.531447449732798e-9,0.00033227933478992115,-1.6152544582285083e-8,1.2720144775677615e-13,-0.001257480267441608,-4.382229820800006e-12,6.712229289036509e-14,-3.839779118854613e-9,-0.009169228460811177,-2.467367263416325e-5,-4.1281965036522867e-14,3.647979848436988e-12,2.9834168410753284e-6,0.0017621751998693504,0.00017297657023672173,1.150681514057266e-5,1.4087711270842433e-8,3.243051235026546e-12,-2.740524853758735e-8,2.0829878663613916e-12,-0.0056889366379815854,-5.047311827004556e-10,-8.984901711841441e-6,1.4154080148776486e-6,-4.3227896730157325e-12,1.8110977938105574e-9,-2.4911670390500566e-6,2.3345291762016363e-7,7.007583234952781e-10,4.653294797085026e-10,-8.329501409221595e-6,2.6559254725334076e-13,4.381552280225621e-11,-2.652669905104063e-6,-3.929854568302015e-7,-8.988004235154272e-8,-3.5648091976951373e-7,-0.0019420397370496754,-1.6444550493250893e-10,-9.479294698455525e-8,2.907824070533176e-14,-1.0641821751760627e-12,-1.7108299081769043e-9,-1.502238472849665e-12,-1.1304973332863767e-6,-0.0008522511176986963,-0.004205780438835274,-2.6954060070135018e-11,1.983009526388129e-12,2.0239503244803902e-11,-7.057118785444841e-14,3.086623351085647e-5,5.953845182099988e-9,-0.004365086092232832,-5.706970830755888e-6,-8.916063821682565e-6,2.411963726648603e-5,-5.127921568238489e-12,4.568887503094207e-6,-8.487759652817569e-11,-4.1672329585361454e-10,1.0781065160434693e-11,0.0010621292930445615,1.348620262878044e-12,-2.7304470133549708e-8,4.3612125717815416e-11,-7.629800458525498e-13,5.297796419325404e-13,2.2530804001661665e-7,-4.5802427622133314e-8,0.003274157814912519,-0.02378888153625308,0.018307459205177623,-8.90276589029627e-11,-0.00325599770298504,-8.243751830928738e-10,7.308671299321643e-14,7.113336181520208e-12,7.245159711480264e-14,7.464935992907733e-10,3.855607508154846e-12,-0.005001238359093982,1.7177566561639744e-10,3.847721944713923e-11,1.700717138266384e-8,-5.877967425839275e-13,1.3717146587920063e-12,1.7707851184634043e-12,0.004672154069952535,-1.6857219396644982e-10,-6.350499158062393e-6,-5.152084435722751e-9,4.927463749391208e-16,2.0450162136399437e-6,-1.652283883251196e-6,-6.433506028893293e-10,-0.005408136253317519,-2.1536462541900262e-10,8.840310094993327e-13,1.0864101369988766e-5,-9.544486836911428e-8,-5.066227170829352e-8,8.756974610608117e-11,-4.4753914298444956e-8,1.1626199012266604e-13,-0.0003791986809394084,2.658167058670523e-7,7.315422697515249e-10,9.487855740417598e-6,8.550491567122313e-13,6.48131513498238e-5,8.595336746855925e-13,-9.413471400177684e-12,4.8502307804630534e-14,4.932198656508164e-5,5.057144561089965e-6,4.7863133281348375e-8,3.0950108202309284e-7,-2.4369797053030594e-13,1.2365678743779832e-5,0.0001591049836434494,-6.374200629472133e-9,-8.39513722514995e-12,0.00013854199887958481,-1.8711301769680083e-8,-7.97465539400809e-8,-1.4993106055317208e-10,-4.058675689184889e-10,0.0010733355092642683,-0.006276352632391887,3.142362925818233e-12,2.7174205262652356e-10,2.7669315838001107e-8,1.7161239803705038e-5,4.325880880914249e-9,-7.85992507556191e-14,-3.403461284206024e-8,3.5323484725271176e-6,-2.6458435109236477e-6,6.103919184551314e-13,-9.617930913732022e-13,7.0225304467257855e-12,4.8512614742249364e-11,1.0608811626632019e-10,1.7601660403867853e-10,9.144838889410573e-5,-0.0010603121190738058,6.378437388868859e-14,-5.099635589972836e-10,0.005522460659298187
0.0,0.0,0.0,0.0,0.0,0.0,0.0,0.0,0.0,0.0,0.0,0.0,0.0,0.0,0.0,0.0,0.0,0.0,0.0,0.0,0.0,0.0,0.0,0.0,0.0,0.0,0.0,0.0,0.0,0.0,0.0,0.0,0.0,0.0,0.0,0.0,0.0,0.0,0.0,0.0,0.0,0.0,0.0,0.0,0.0,0.0,0.0,0.0,0.0,0.0,0.0,0.0,0.0,0.0,0.0,0.0,0.0,0.0,0.0,0.0,0.0,0.0,0.0,0.0,0.0,0.0,0.0,0.0,0.0,0.0,0.0,0.0,0.0,0.0,0.0,0.0,0.0,0.0,0.0,0.0,0.0,0.0,0.0,0.0,0.0,0.0,0.0,0.0,0.0,0.0,0.0,0.0,0.0,0.0,0.0,0.0,0.0,0.0,0.0,0.0,0.0,0.0,0.0,0.0,0.0,0.0,0.0,0.0,0.0,0.0,0.0,0.0,0.0,0.0,0.0,0.0,0.0,0.0,0.0,0.0,0.0,0.0,0.0,0.0,0.0,0.0,0.0,0.0,0.0,0.0,0.0,0.0,0.0,0.0,0.0,0.0,0.0,0.0,0.0,0.0,0.0,0.0,0.0,0.0,0.0,0.0,0.0,0.0,0.0,0.0,0.0,0.0,0.0,0.0,0.0,0.0,0.0,0.0,0.0,0.0,0.0,0.0,0.0,0.0,0.0,0.0,0.0,0.0,0.0,0.0,0.0,0.0,0.0,0.0,0.0,0.0,0.0,0.0,0.0,0.0,0.0,0.0,0.0,0.0,0.0,0.0,0.0,0.0,0.0,0.0,0.0,0.0,0.0,0.0,0.0,0.0,0.0,0.0,0.0,0.0,0.0,0.0,0.0,0.0,0.0,0.0,0.0,0.0,0.0,0.0,0.0,0.0,0.0,0.0,0.0,0.0,0.0,0.0,0.0,0.0,0.0,0.0,0.0,0.0,0.0,0.0,0.0,0.0,0.0,0.0,0.0,0.0,0.0,0.0,0.0,0.0,0.0,0.0,0.0,0.0,0.0,0.0,0.0,0.0,0.0,0.0,0.0,0.0,0.0,0.0,0.0,0.0,0.0,0.0,0.0,0.0,0.0,0.0,0.0,0.0,0.0,0.0,0.0,0.0,0.0,0.0,0.0,0.0,0.0,0.0,0.0,0.0,0.0,0.0,0.0,0.0,0.0,0.0,0.0,0.0,0.0,0.0,0.0,0.0,0.0,0.0,0.0,0.0,0.0,0.0,0.0,0.0,0.0,0.0,0.0,0.0,0.0,0.0,0.0,0.0,0.0,0.0,0.0,0.0,0.0,0.0,0.0,0.0,0.0,0.0,0.0,0.0,0.0,0.0,0.0,0.0,0.0,0.0,0.0,0.0,0.0,0.0,0.0,0.0,0.0,0.0,0.0,0.0,0.0,0.0,0.08869629969502084,-1.7051369489640048e-7,-3.848164972042562e-6,-0.000647404640203492,-8.302395389645961e-9,-4.0621411891810146e-10,6.469761083185754e-6,-0.008999850692994213,1.4197461843315003e-8,0.003193170776088604,-4.186584986497299e-5,7.517499016140954e-6,7.571737107875058e-5,1.5064637632565237e-10,0.005551055149778258,-3.7875374685898884e-5,4.36486768643413e-11,3.13102858698581e-8,2.96415452060969e-5,0.0009001303110506847,-8.761974789065554e-9,3.095213761783975e-5,0.0025694919805003577,0.010762952313059527,0.00030068607655347806,-5.729325379922695e-7,1.4182738882269403e-7,-0.00017805332271625106,0.0023177849820859193,9.051973316283661e-7,0.0004884680057131033,-0.001241944398557888,-0.0011303328309023135,6.907644059487748e-9,-5.380342741743982e-8,1.7974272450887047e-9,-1.386188987267442e-9,0.00044260427042928306,-3.1059693844189205e-5,-0.0014973412324207993,-4.2643463942714244e-7,0.00027478342416922444,-7.181898729654237e-9,-0.003941874094844994,-1.5348280680662944e-6,0.009257203285946381,-0.021782455479710857,-0.0016498679608359214,0.0013656630849557961,-0.000531042201688642,4.344424011727109e-11,-0.0008843572320856835,0.000625055900604546,-4.433016938535376e-5,8.174553453197861e-10,-9.487175865222524e-5,-2.2111357666551307e-6,1.485046743637361e-10,-1.3979308069027285e-5,-3.507001975836338e-5,0.0005194934874223816,3.660151395126409e-7,-3.3116794124453698e-6,1.3974762025660251e-11,-2.0628337455747528e-10,2.4068557169883804e-6,1.816802415226731e-10,1.3113345835314191e-11,0.0008339104929911416,0.004571376394774028,0.0016814753378696598,8.268767161015015e-12,0.005732484791834802,9.55567640123049e-12,0.0014201538712411337,5.7391834687208235e-9,-2.7605559477031575e-6,4.463686787077381e-12,-5.942140091095853e-6,0.00028481862849801735,-8.937109244004521e-5,0.00019908593678047767,0.00025520925302930985,0.0009902340033487364,-9.644651980284196e-10,0.0015359360389608139,-0.005859577312061761,5.638298285291066e-7,-0.01001790828274212,0.0077146295905781695,0.00025577512185412664,1.4413700033415603e-11,-5.1350755431758667e-5,-4.8295846610426504e-8,-2.891486106520436e-7,0.011471200634388435,7.619216256190569e-8,-0.0008923799788131594,-1.6768748978845744e-9,-0.0001441714004470536,-0.002313389816971837,-0.0027289877476781264,1.8581528939690817e-11,-0.002791340426697343,-1.274820227131435e-7,-4.1884390184284696e-11,0.0003031103589631981,-1.765949689501908e-11,2.159604669163371e-7,-8.683562897802747e-10,-0.000913643777711604,0.008815794707480456,-0.0007750699421749655,-4.230607486307864e-5,0.0001872295818444765,-3.3691824847161214e-7,6.066447193464174e-5,6.009367504800201e-9,-0.0038476648048542793,0.01579124643091497,0.009650990605010703,-3.63887092677697e-11,-1.2690012547870835e-12,3.0186004751153615e-9,-2.1437981009644897e-6,-9.588951574179097e-5,-2.085148091204661e-9,-0.006259501475846029,-5.7934829470131536e-11,0.00174307064589743,0.014282160326056968,-0.0027043356488628064,-4.824026560880854e-10,-1.614453732620867e-5,2.607665067738115e-11,2.63566819502549e-6,-5.065430694491749e-10,-0.0009860143660224293,0.000914127436785916,0.001237016341950686,1.3835593341352573e-10,-0.002460869239062514,-0.004017116321309325,0.02032922248137405,-0.0020606204579092673,9.388861459317652e-11,1.4153529546313945e-7,1.451606714150472e-8,-0.0014738329672809027,0.011997770088022058,-4.011686451292502e-5,5.9297561172144446e-8,-0.0017612077263312153,-2.939710367933062e-13,5.963258247642466e-7,1.3378230806603125e-7,0.006748867635879995,4.085366908358485e-9,-7.88349468076409e-9,-0.010922301192453951,1.136776780430934e-5,1.1043575626081033e-6,7.2066774642719115e-6,-1.0101000028870514e-5,1.0812471858254795e-5,1.760143611310725e-8,-4.328225965828442e-10,-0.0007907126844347826,-0.004291104649464615,-3.142728050693572e-11,-1.1940950571326827e-6,-0.0008174127152647468,-7.579393652481635e-5,-4.144759000650679e-7,1.2260359204302217e-5,-6.743503546408819e-9,-2.9027704324085636e-7,-1.0176591343618006e-8,4.516990916636501e-7,-0.0001973936641848264,-3.8486531744002465e-7,-0.00011302607005534255,-2.6923473376041284e-10,3.680510230839527e-11,-8.422247579719537e-7,-0.0011390260688544523,-5.6148023509735185e-12,-8.208193602507973e-10,-2.9462642969627734e-10,-8.984275818910968e-9,-2.2609615197444942e-7,0.0007878907931245713,-0.000279484580196184,1.0099127805846172e-7,3.4815025911995e-5,-9.01344091372585e-10,-1.2998270390749034e-9,4.188173156691627e-10,3.127838479974822e-8,4.284755770511368e-6,-6.3305815549329655e-12,-1.1104884460870098e-9,0.00022476729436876137,-0.0033504189751939906,-0.00013288020636565762,2.7064332805831323e-6,-5.769729653245147e-9,1.5849051251910847e-7,3.709297354163415e-9,-1.8973219957348738e-5,-1.122303132891754e-10,-0.0032521069587248164,0.0001545386840366715,7.269890582453676e-10,-2.130137906696059e-5,-3.4467887689048926e-9,7.087585274470044e-11,-2.426913157343963e-9,-0.0006755993948451427,-3.889508861943589e-9,-1.4146923457798194e-5,-1.1890709077516325e-6,6.15189251070436e-11,1.7072634262197735e-10,-8.572525784159738e-8,-5.267945600588323e-10,8.808521001386825e-6,-0.002064721730422258,5.373050314004921e-12,0.004622739510226866,-0.023849399963734225,-1.3938346189427684e-10,-0.0025031433494040072,-2.39396898363477e-6,-4.9355418838433685e-8,-1.120642263270362e-7,-0.000561240491142573,-0.0004887662894408291,-1.330316481464411e-6,-3.857318550153181e-10,0.003550327758427576,-0.027514136422074006,-4.212208108135786e-10,-0.019186427078962117,1.3539344810431765e-8,3.0267310870330024e-5,1.8611172973941414e-6,-2.416820081130637e-5,-4.052383146119431e-8,1.387326320229552e-10,-1.2238264042258879e-8,-0.0010057423746671367,0.00022155515424678542,8.064608156891507e-10,-3.162459857903808e-9,1.1399934350189846e-9,-0.00015457312228075496,-0.016426534689084157,7.940402183886729e-14,-1.11909333185977e-11,-4.0444368423281336e-8,-2.7144640854055002e-11,-2.1948775736924473e-9,2.9843779610154444e-7,2.4931997499684254e-6,2.976124555236257e-7,1.706421167840543e-7,-0.01009846097229719,-5.644791219362866e-7,1.1672052228464845e-12,0.00022517433449871252,3.3224988986103643e-6,-2.463739804792732e-6,-0.00019195772415100644,-0.0006275180706331881,9.726932789417488e-11,5.674546170818582e-12,9.056217523122965e-5,0.0020128303208836284,-0.00016101892802920803,-1.6288077244600742e-6,1.4134005933643343e-9,-1.4915837483403425e-10,0.0030106996367572545,3.779893946843657e-5,-0.0009426324073442457,-6.844972986841485e-5,0.0043637354248974546,7.562990921509303e-9,0.0006226067918790154,1.135828256222503e-7,-4.4260410983247646e-7,-1.5553902796375955e-5,0.008708282283234775,1.0871746060932904e-7,-1.8637632087180763e-10,1.3830923886001769e-7,0.002957567839010905,1.3095707613823476e-12,-0.006787428990789878,-4.1419562240409153e-10,0.0042965931211630054,1.9108099536897193e-9,-2.153343639775225e-12,0.013488916887461764,-4.6027929456275205e-6,-0.0005304228855553981,-0.0030334228011785966,7.185552170966416e-6,-5.656985408910164e-5,1.7602390946705434e-9,-0.005729977599633735,0.019937084798153093,2.0736965180104408e-7,0.00012113899668733168,-0.0015518607863433398,-9.031760390037761e-7,0.0005652811041905985,-4.565082792206843e-8,0.0001449176615436538,1.3668995313741519e-10,-2.405767112977007e-6,0.0015801375328032138,2.5692237723238557e-11,-0.003211250358306941,-4.115068759333984e-5,-8.846815301516605e-6,4.5023658464019044e-11,-2.0023792145979236e-10,0.006730292139183455,0.002842536573055845,6.73154292728202e-8,1.7338431424415435e-10,1.973981730169366e-10,5.444340604810915e-9,3.498644260205399e-8,0.0009809693975142246,1.1228862340733187e-5,0.04499193267167476,-3.9386974498876037e-11,2.8455695193191167e-6,3.1922904297675584e-8,3.039856882633738e-7,-0.020445234917047896,-1.2130817242867247e-6,5.285565417861435e-10,-1.4080591594354563e-7,-1.2961177907798121e-5,3.330422006678721e-5,2.1409513504871e-9,0.0003136145757708467,0.014916356333845334,1.7591530771678582e-8,9.445640879570838e-7,1.539837244378759e-6,-2.4294323952099723e-7,-3.6415510762123524e-11,0.000257483084642636,4.922591851388482e-7,-0.0001550572479769444,-0.005526109811614547,5.0614384627337555e-5,-0.00331662905128083,2.2474700919279727e-7,-2.3359130284358025e-10,4.4991133605260836e-11,-0.0001935681021919012,-7.823214746207702e-5,0.0034688362866986773,-0.0003548687374516375,2.2227817751799997e-9,8.199094826484399e-7,1.6501230074794484e-10,-8.998133763421721e-8,2.8208641307211894e-8,-1.7843018513859156e-9,0.008923394957577331,5.488658879650901e-9,-1.8622470524918065e-5,-0.0004569618849063717,-0.00019085873874170517,1.5068619991852954e-11,0.0006601255888340026,8.72203285698082e-6,0.00025073287788940135,0.002951460685692074,0.0005414754676577932,8.85411003186296e-8,1.0316423257650316e-6,-4.075356104194099e-11,-4.545541576479279e-12,3.789840640213814e-12,0.001955516029852022,8.884963899822707e-11,2.68676749786437e-5,0.0024064429367283407,-0.001466417972794701,0.000983492852530977,-4.331261935729021e-5,-0.0032829690291158887,6.298120280744258e-12,0.0002967384010434618,0.00606912896838303,7.796486325133889e-6,-0.0008705356734667644,0.0009556208887836537,0.012094374485404824,-2.0636096398523002e-11,0.0007868835458045948,-2.2625165007438814e-8,-4.1881220633255895e-5,-4.061535466679482e-5,-9.131840486734404e-8,2.5415059872435992e-9,2.0917627690446745e-5,4.563899173005883e-11,-0.00019701640038354557,-0.011056154738709155,-1.461558965842749e-8,2.254217890978985e-6,5.306420184321077e-7,0.0034051536338212535,-1.3202528853292313e-6,-0.000691467635654184,2.415347529649826e-10,-1.066640644144119e-6,0.00013109775602692525,4.663113110877902e-9,0.008203814969406422,-9.119888216531805e-10,-0.0003275502973426155,-0.0028907595597410696,-0.0003902324122865723,-9.156015501764152e-11,1.245271775671434e-7,-1.0587438254523228e-6,-1.2309452316216595e-6,0.001122860183939681,1.211700040357239e-8,3.906680121782887e-10,-7.918392622975828e-6,0.004082281356068437,-6.015294542104771e-10,6.59397488859474e-8,-1.5582434721345966e-6,0.0001273625931658666,-0.000568988673589184,-1.683356641950909e-10,2.2393708701317943e-11,-0.001134462248485532,0.0004464798732987514,-1.2739311210754149e-6,2.4723577453092515e-9,3.918892143169587e-6,-0.0010422599812423404,1.894718962436681e-6,-3.174246064134116e-8,7.122202998962857e-9,-0.0030427822670232875,-0.0038795410989815255,-0.0003704091745385715,-0.0013160703577773675,-0.0004512750729424899,0.00028617488814705274,-2.3259551683630385e-10,1.4249123285580244e-10,0.0007177365177643039,1.2405721527429296e-5,-5.508554120270102e-13
0.0,0.0,0.0,0.0,0.0,0.0,0.0,0.0,0.0,0.0,0.0,0.0,0.0,0.0,0.0,0.0,0.0,0.0,0.0,0.0,0.0,0.0,0.0,0.0,0.0,0.0,0.0,0.0,0.0,0.0,0.0,0.0,0.0,0.0,0.0,0.0,0.0,0.0,0.0,0.0,0.0,0.0,0.0,0.0,0.0,0.0,0.0,0.0,0.0,0.0,0.0,0.0,0.0,0.0,0.0,0.0,0.0,0.0,0.0,0.0,0.0,0.0,0.0,0.0,0.0,0.0,0.0,0.0,0.0,0.0,0.0,0.0,0.0,0.0,0.0,0.0,0.0,0.0,0.0,0.0,0.0,0.0,0.0,0.0,0.0,0.0,0.0,0.0,0.0,0.0,0.0,0.0,0.0,0.0,0.0,0.0,0.0,0.0,0.0,0.0,0.0,0.0,0.0,0.0,0.0,0.0,0.0,0.0,0.0,0.0,0.0,0.0,0.0,0.0,0.0,0.0,0.0,0.0,0.0,0.0,0.0,0.0,0.0,0.0,0.0,0.0,0.0,0.0,0.0,0.0,0.0,0.0,0.0,0.0,0.0,0.0,0.0,0.0,0.0,0.0,0.0,0.0,0.0,0.0,0.0,0.0,0.0,0.0,0.0,0.0,0.0,0.0,0.0,0.0,0.0,0.0,0.0,0.0,0.0,0.0,0.0,0.0,0.0,0.0,0.0,0.0,0.0,0.0,0.0,0.0,0.0,0.0,0.0,0.0,0.0,0.0,0.0,0.0,0.0,0.0,0.0,0.0,0.0,0.0,0.0,0.0,0.0,0.0,0.0,0.0,0.0,0.0,0.0,0.0,0.0,0.0,0.0,0.0,0.0,0.0,0.0,0.0,0.0,0.0,0.0,0.0,0.0,0.0,0.0,0.0,0.0,0.0,0.0,0.0,0.0,0.0,0.0,0.0,0.0,0.0,0.0,0.0,0.0,0.0,0.0,0.0,0.0,0.0,0.0,0.0,0.0,0.0,0.0,0.0,0.0,0.0,0.0,0.0,0.0,0.0,0.0,0.0,0.0,0.0,0.0,0.0,0.0,0.0,0.0,0.0,0.0,0.0,0.0,0.0,0.0,0.0,0.0,0.0,0.0,0.0,0.0,0.0,0.0,0.0,0.0,0.0,0.0,0.0,0.0,0.0,0.0,0.0,0.0,0.0,0.0,0.0,0.0,0.0,0.0,0.0,0.0,0.0,0.0,0.0,0.0,0.0,0.0,0.0,0.0,0.0,0.0,0.0,0.0,0.0,0.0,0.0,0.0,0.0,0.0,0.0,0.0,0.0,0.0,0.0,0.0,0.0,0.0,0.0,0.0,0.0,0.0,0.0,0.0,0.0,0.0,0.0,0.0,0.0,0.0,0.0,0.0,0.0,0.0,0.0,0.0,0.0,0.0,0.0,0.0,0.0,0.0,0.08730192418802563,-0.00045177041239204515,4.1116147134063513e-10,0.003159926471047055,0.00020218732231182005,-0.0006232852300448267,-1.2504090824106086e-7,0.0010566429140102787,-2.6273070013826766e-9,-1.063298439130778e-6,-0.00033805580097044245,-7.755226612867767e-5,1.4994829949091647e-5,-1.0322032553209365e-7,-4.556438965801389e-5,-4.1175831529718784e-5,-0.0005412704075995358,-1.1675473386655195e-6,-6.566322565751858e-9,-0.002819106604736506,4.429623608170101e-5,-1.5629815936400689e-6,3.043585528068138e-8,-1.7408061439453538e-5,0.0031907429854627915,0.0003845126951732158,1.4290900143043672e-5,4.795938533089716e-7,-0.000388912237580284,-6.994641850178752e-9,1.9767439924322227e-7,-6.972484627038824e-8,0.002088436346878235,-0.02883833980406343,0.0005185988506358765,0.0002168001043711216,-9.460120989283927e-6,-2.3489974143650946e-5,-8.853540674718133e-9,0.012657785464002553,6.470041954052135e-9,-1.9267637192957327e-5,-1.7888158243641005e-7,-0.0011410990204321712,-7.359744273287865e-7,2.2836159210626695e-8,-9.14356262288701e-7,-2.3374324084027354e-9,3.2001037303703332e-6,3.881800117464214e-6,-4.904052783058079e-10,1.0041165567165264e-9,7.048875405218063e-5,0.000718250199158962,3.7756667047895e-5,0.003962993454700313,-2.4150100118806296e-5,0.00035255929052838993,-8.223001986797554e-5,-1.2848695204315291e-5,-0.00517293959103693,-0.0008541637507657353,-2.0535361426145422e-6,2.854299973570022e-6,-0.0002499746806151658,-2.110748686327911e-5,2.6585907160207523e-6,-2.2005115125749623e-6,-9.632813137258627e-8,1.197121857413326e-9,6.821244036819403e-7,-9.269103516355497e-7,4.198025706899684e-6,2.507693813602032e-9,-0.00028799200876206105,-8.755999633849877e-5,-3.8170468152955655e-6,-0.0005039944923035795,3.0281358715332273e-10,-3.9884017668993675e-9,1.2227082212188284e-10,1.0334686057409562e-9,2.5370824084164424e-9,0.0002562727364291856,-1.2564701860258574e-6,2.620627378062318e-6,-0.0027748388880799927,-3.6265487068835423e-8,6.560031081925498e-8,8.4012943003926e-6,-7.380206273369944e-6,1.7587754555009393e-5,-0.0015395294186093833,-0.0005384594112937603,3.817082325765229e-8,-0.005720224205138355,6.336482354152767e-7,0.0001367112682638384,2.0401268319444388e-9,-5.257195956485982e-9,-7.02880966439371e-8,-8.951652009763912e-5,1.9229168551670284e-7,-0.010747320209471747,-9.753365210781506e-6,-3.422324312802673e-9,-3.42281103323173e-5,0.023098842711814945,9.24146606234875e-5,-1.118415255964772e-6,1.3126803301832342e-9,-8.66078600205983e-9,0.00018226067974641669,1.1543852325464179e-9,0.0012565448411154302,-2.9654052703944566e-9,0.0015697911797926019,2.833668000640219e-9,-4.3035741201254777e-7,-2.6065323492428063e-7,1.24931017040089e-5,1.88374904325964e-6,0.0009686576693342412,0.0010409532392498604,8.655725692191838e-7,3.514478231911243e-5,-7.51546456320309e-9,7.497935594056095e-6,-5.040187003972054e-6,-9.795695156416112e-8,1.2739247142397561e-6,-0.0019619539693924723,7.993043106012521e-10,-1.347758304315041e-5,-0.001180870352947332,3.174150795300781e-5,-3.8022715354332655e-9,2.913129347789484e-10,-4.1283546768258796e-9,2.8965091183031064e-5,9.276372966736505e-10,-8.684024405199325e-9,3.5851900508439954e-8,7.868539631989154e-7,6.866700860185066e-6,-0.00855718229312419,0.00032789017009731027,-6.533276726534989e-9,-4.9200703655148075e-8,-6.357829177575559e-10,-0.0038495951970892684,-3.633201379549196e-8,-1.0754179101669087e-7,-0.0074871722338090444,0.000150362534089043,-2.6109158265677816e-8,0.0002932463480102551,-0.003119804820252177,2.971107690770367e-8,-2.4215725002381536e-7,0.0005022534130825138,-0.0008831436150569861,-0.00015354782195759818,-1.4932300291539714e-5,0.00013842155657407565,5.130833519461332e-5,-1.1890086757895453e-9,2.7128921237760585e-7,-3.342503663170024e-5,-1.247458444200326e-5,-7.321992243747902e-8,2.986992963759574e-5,0.013180995003886344,-2.7348322003536444e-5,-0.0003345146751064927,-0.001432592232133109,-0.029499313745498395,0.0020748876699833068,6.156499136939034e-10,0.0015078285919270136,3.4135078515385956e-5,-3.1697472179423936e-6,1.0153169152230808e-5,0.00015011675189693634,2.5720175535902236e-9,3.4607683249024796e-6,-0.00012508106381261728,0.00020593313269480173,0.002172995994193615,-0.005064407237869745,-1.3137282036716863e-8,4.09599861638121e-7,0.010611054054458384,7.845551428041207e-7,0.0028995862097896557,0.0001888779243977995,5.463063935264397e-6,0.007416939478602952,1.5656297708375097e-5,-3.636414170870713e-6,0.00011669546244793306,-2.763456673469075e-7,2.5074294022379294e-9,1.8307119689946132e-5,-0.0014841368274326142,0.00039886276499696816,0.0060843115920319645,-0.0006781165344284341,-0.000117528182887951,-1.0865127276036268e-5,1.13313111164163e-6,6.723490640002742e-7,0.0003263430624610974,-4.288724476356019e-5,0.0018394886887489552,3.513099481670387e-5,-0.00037912024104992545,1.3510126643077446e-9,-0.0002201944676857448,-2.285179356447463e-6,2.6019677644245336e-5,-6.797167766832276e-5,-3.8036220480641766e-5,0.005934555158671526,0.00016706358570562306,-0.00021207482200290894,1.9545423498466707e-8,1.7272885335810146e-6,-1.1498804906242342e-7,-2.4126663714591207e-8,1.0403604589090656e-5,-3.2582286210687123e-9,-0.0001235020252586182,0.007223878591716944,-0.0029962073286330915,-7.660716343505676e-10,-3.040711823292464e-6,0.0022713838759448215,3.224657232183185e-5,5.05888929227339e-9,-2.5107547207289056e-8,7.172371371646259e-5,-6.071572933807367e-8,0.004481242397339404,9.253925448691472e-6,0.0001163953607007469,0.00015485609904886417,0.007078912936144078,-0.0006632534454349185,-0.0015327968393092641,9.729991097984288e-7,-5.44087646840298e-6,-0.0007277701711144995,0.00034649400931369297,-0.00047560053203714856,-2.0148795511384795e-9,9.724692300552084e-8,-2.2093701705754094e-6,-3.009811221356856e-5,0.010909224879872155,4.8178815364548025e-6,-0.00028754073818370955,-0.0031001672197189948,0.0011474796478897023,-0.004338280511801317,-0.015704803243923728,8.480867069057369e-8,6.57884461337468e-5,-5.975354732060672e-7,8.69008444507502e-10,-0.00022254756351665006,3.3676518658073433e-5,1.2199297963849287e-5,3.195882055289018e-6,-2.447990555668825e-5,1.0384195934424893e-6,2.08191536324476e-10,1.23095105295905e-8,1.4084281457604701e-9,0.001953881002535863,-0.0004082941368389228,-0.0008422355761096197,4.440011582988623e-7,1.177525496511712e-5,-9.403737817107843e-10,5.16751967077195e-6,-2.6877809619049806e-7,0.0008655184911716251,9.731604172399783e-10,0.007096581108113193,0.0004627463904673962,5.993719045588545e-5,-2.353259573415356e-7,-0.0016881267533891953,-0.0015010330521153805,-0.018115762047188323,2.8575553369448226e-9,-1.9088611325070704e-6,-3.12673925232339e-8,-2.0571394377109884e-5,-5.610786756974513e-7,0.00020647488247744008,-1.7785824307688992e-6,-8.874798375922731e-8,0.0002547919575926386,-1.394779346550023e-6,1.056630498256504e-6,-6.383132662119995e-5,-3.907404743133593e-5,0.000552840805206168,-4.43213436264497e-9,-3.4353267104067625e-8,-0.0002485415817666918,-2.364248496052866e-6,-4.2262608086609576e-8,0.00013604638015704914,-5.7070023467414034e-8,-0.020599653867787955,-4.018056289082113e-5,-1.7805970467633795e-5,0.00012157032561931292,4.9809465613274034e-9,-2.4081470885879597e-5,6.91233270316105e-9,-9.19460945410882e-12,0.00014738237995664494,-2.454664118219262e-5,-3.151127334023449e-5,1.7466845292079083e-8,-3.124108622008208e-8,-0.010612154938736974,-1.7593198343309393e-5,3.6960205983950496e-5,0.004503633563662717,0.0008375751178805715,1.9453667921750997e-8,-0.0005842027236457761,-1.9847752182739726e-8,9.514161911887259e-7,2.539894152947677e-6,-0.000514530775089651,0.005809658970155987,4.748507425268634e-9,-2.5205756282871066e-5,-0.0008132676275226176,0.002646336443054758,-1.9794514863504246e-6,-3.965725674557311e-6,-0.00043994330960956556,8.733151851346138e-9,-4.286391521229462e-7,0.007340454402284604,-5.710658930041552e-5,0.0002947136612035962,0.0036370312152622453,-5.846077284616711e-5,1.5587334809744471e-6,-0.0032130768545410786,-2.4746054370486485e-10,1.4843799631642712e-8,9.99700216943508e-6,-8.55705607441092e-9,-0.00930340987149356,-1.5177760498435138e-5,-2.0355638495389858e-5,9.034989557929778e-7,1.1499481506412219e-5,-1.9993463204779475e-7,2.6845095486560823e-9,-8.581520780372794e-5,-0.00011531529566897666,-1.737510234467175e-5,0.034109897410630356,-0.005067990910832012,0.00036905859305827313,7.539951573287785e-8,0.003849065105867829,-1.0501762069459789e-6,3.849363550656815e-6,-6.652605589403026e-8,2.213375625826003e-6,-1.968342160583478e-8,-0.0006746433203931183,1.3463726484277974e-6,2.91572143751399e-10,9.913305633029686e-9,0.0011923405971632636,-0.000651336567435316,3.7476008944902533e-6,1.1066455072687294e-6,-6.524051355203767e-7,-1.0832146402466624e-6,7.97020686601923e-6,-4.3646371451809915e-6,4.3838950461935584e-7,9.53283104549839e-7,4.010411318267214e-9,0.00014191337350471795,-5.867751641645828e-9,8.646758140581112e-7,-2.896678642435434e-6,-1.4671968969028917e-7,-8.629790239592277e-5,1.891199295939167e-8,1.945556555075756e-9,6.3040297370910335e-9,-2.500303396449641e-6,-1.6306857503085911e-6,-0.006589265116104962,0.0002166670061363553,2.2723033752455577e-10,-0.01413668201498138,0.00011144634309934507,-1.61892406093991e-5,-3.350833625234937e-5,2.7242918606851214e-5,-3.7188185081267495e-8,0.00028432004049069447,-0.0006666269059708245,-0.0019084197791219045,-2.5142664514421946e-7,-0.0002750766368965355,-1.976625600117077e-9,7.171475333719997e-5,0.00012990208863864386,-6.026807242613805e-6,0.0005209205380534934,5.878417040896291e-9,0.00035869821497304985,1.4166140052679442e-8,9.469834655757941e-8,-2.721883421856067e-10,0.00047331881133314273,-0.004566476098194414,0.0018103181316909795,0.000548678408002167,-2.837478840969474e-9,9.523303998009866e-5,3.749742055617117e-5,-8.949376452658785e-5,-6.40511877174192e-8,5.034150656389054e-5,-0.00016347213080358444,-0.000406820679102054,-2.1991451986703953e-6,6.059845335258947e-7,-6.2249869115903135e-6,-5.995866377737215e-6,-4.88952611071316e-7,-8.882419874486681e-6,-4.5726034145618986e-5,-0.0009269732791670784,-0.00039364453985421576,1.7943422385606484e-7,-0.0003747344172914667,-0.000598733687989537,-0.0006950898044535129,-1.057192545072355e-8,4.9413873468057196e-8,1.0608395649083255e-6,8.709636245345517e-7,1.3355018369400916e-6,5.820356254227468e-7,4.614563485299094e-5,1.3613796740316161e-5,-2.082860937749544e-9,-2.481628498605469e-5,-1.2761513897353048e-7
0.0,0.0,0.0,0.0,0.0,0.0,0.0,0.0,0.0,0.0,0.0,0.0,0.0,0.0,0.0,0.0,0.0,0.0,0.0,0.0,0.0,0.0,0.0,0.0,0.0,0.0,0.0,0.0,0.0,0.0,0.0,0.0,0.0,0.0,0.0,0.0,0.0,0.0,0.0,0.0,0.0,0.0,0.0,0.0,0.0,0.0,0.0,0.0,0.0,0.0,0.0,0.0,0.0,0.0,0.0,0.0,0.0,0.0,0.0,0.0,0.0,0.0,0.0,0.0,0.0,0.0,0.0,0.0,0.0,0.0,0.0,0.0,0.0,0.0,0.0,0.0,0.0,0.0,0.0,0.0,0.0,0.0,0.0,0.0,0.0,0.0,0.0,0.0,0.0,0.0,0.0,0.0,0.0,0.0,0.0,0.0,0.0,0.0,0.0,0.0,0.0,0.0,0.0,0.0,0.0,0.0,0.0,0.0,0.0,0.0,0.0,0.0,0.0,0.0,0.0,0.0,0.0,0.0,0.0,0.0,0.0,0.0,0.0,0.0,0.0,0.0,0.0,0.0,0.0,0.0,0.0,0.0,0.0,0.0,0.0,0.0,0.0,0.0,0.0,0.0,0.0,0.0,0.0,0.0,0.0,0.0,0.0,0.0,0.0,0.0,0.0,0.0,0.0,0.0,0.0,0.0,0.0,0.0,0.0,0.0,0.0,0.0,0.0,0.0,0.0,0.0,0.0,0.0,0.0,0.0,0.0,0.0,0.0,0.0,0.0,0.0,0.0,0.0,0.0,0.0,0.0,0.0,0.0,0.0,0.0,0.0,0.0,0.0,0.0,0.0,0.0,0.0,0.0,0.0,0.0,0.0,0.0,0.0,0.0,0.0,0.0,0.0,0.0,0.0,0.0,0.0,0.0,0.0,0.0,0.0,0.0,0.0,0.0,0.0,0.0,0.0,0.0,0.0,0.0,0.0,0.0,0.0,0.0,0.0,0.0,0.0,0.0,0.0,0.0,0.0,0.0,0.0,0.0,0.0,0.0,0.0,0.0,0.0,0.0,0.0,0.0,0.0,0.0,0.0,0.0,0.0,0.0,0.0,0.0,0.0,0.0,0.0,0.0,0.0,0.0,0.0,0.0,0.0,0.0,0.0,0.0,0.0,0.0,0.0,0.0,0.0,0.0,0.0,0.0,0.0,0.0,0.0,0.0,0.0,0.0,0.0,0.0,0.0,0.0,0.0,0.0,0.0,0.0,0.0,0.0,0.0,0.0,0.0,0.0,0.0,0.0,0.0,0.0,0.0,0.0,0.0,0.0,0.0,0.0,0.0,0.0,0.0,0.0,0.0,0.0,0.0,0.0,0.0,0.0,0.0,0.0,0.0,0.0,0.0,0.0,0.0,0.0,0.0,0.0,0.0,0.0,0.0,0.0,0.0,0.0,0.0,0.0,0.0,0.0,0.0,0.0,0.0,0.08682806222042908,-1.6853103352830658e-7,-5.4268130477162e-6,-4.997572691102631e-7,-0.002957665650813946,5.276919267772701e-7,-6.443699211389186e-5,-2.038305225736319e-7,4.033652280439721e-5,0.013694635914019381,-0.003961489514978399,4.768043260401904e-7,-2.5560090704205034e-6,0.0007899218865580977,-8.273743993921242e-7,-0.0010443242467039655,-9.392388631264107e-5,-3.6868315568284255e-7,-0.00011510934164224299,-0.0008444205933441474,-0.00010399042757964218,8.233250026593891e-7,-0.002367260363396278,0.016754630898686444,-0.0001206849098555429,-0.0006194693923445979,-6.185495560808676e-5,0.0049503370013468835,-1.187306741580719e-6,3.628420691281297e-6,-9.043826284383214e-6,-9.063688619005176e-6,0.00024257598043934923,-6.373931033489897e-6,-2.3418194600160856e-6,0.00010816732458679494,-0.003530776012989042,-3.6564423896997666e-7,1.8933733013113718e-5,4.85903194857834e-7,6.978222573780293e-5,-4.117277298277405e-6,0.0024406305550003842,-3.0294058548122905e-5,2.0177381614360145e-6,-3.845595618448769e-6,2.8312989046002766e-8,-9.3371920461004e-5,1.0373154146764274e-7,-3.488396197297549e-8,9.350178110877155e-8,-0.00280910010120277,1.1122794578173746e-5,-0.00046691182807015946,0.00510744459126476,-8.239250622105561e-7,-0.009482689772492142,0.0037496483152676353,-0.00019839355389442845,-0.0006947101994506672,0.015756933200146154,-1.2754806065618184e-7,1.5820382749544805e-6,0.010842410683739338,-5.058147788643059e-7,-1.3320608345357383e-7,-1.703542919799192e-5,-3.92269032353126e-6,1.389172960347259e-7,4.0525714611984524e-8,3.063382924758803e-6,-7.767363845795687e-8,3.385103737650696e-7,-4.044377136644153e-5,-0.0015485994534097187,8.381614108378769e-8,0.04662329440599762,1.5137728939495612e-8,-1.31095218368506e-7,8.086681941811833e-8,6.323049194447517e-8,2.8360511712678204e-7,4.144512789039811e-6,-0.000145068445290235,9.518753899878997e-5,-0.006145007239551825,3.445520278039494e-5,1.3795561425350719e-5,-0.00040295674756611746,2.3054253077664415e-8,0.0017062963554235013,0.004184768863899946,-0.005158795593917082,6.558176787963382e-6,1.5057467206172182e-6,-4.572193325997829e-5,6.920235667487969e-6,3.5229979708789674e-8,-4.752947781394066e-7,1.5564040469273822e-5,-8.290464963198672e-8,1.0099839853865641e-5,-0.0004886578915546952,-1.913041855698751e-8,-1.4566412938267344e-7,-1.8395007756089867e-7,-0.0010449748383281883,-2.4295777641276498e-6,-0.0002791611582106061,-1.0338479827227287e-6,-1.5328062275245218e-6,-0.010130423511976471,5.588031672011222e-8,0.002397090140396198,-3.1843698533139756e-8,-1.5023381036579886e-5,-1.5942027816364836e-6,-1.827983353291511e-5,-2.916220275270198e-6,-3.976449673654168e-9,-6.92659592948212e-8,-7.037278959044485e-6,0.00025499668727887195,-0.00017895160970166226,6.470075728044857e-5,5.353601358272983e-7,-6.31540416551153e-8,-1.3422554450396563e-5,-1.1692354540009399e-5,2.19847131144131e-5,1.3493573301763602e-5,1.950909293808732e-7,-1.272183860864354e-6,-0.0019064800740631078,3.727108795756827e-6,-9.457947528750108e-7,1.8409443725824283e-7,-6.194920053180122e-7,-9.29335120358819e-7,4.5581196662133497e-7,-8.102137918116136e-7,2.236300330987483e-6,2.6839273800816633e-5,2.2991403232107635e-7,-0.0009801304231046302,-0.00014937454013213612,1.0345104809666216e-7,-1.1171693471534304e-6,-9.359226006046347e-8,-0.007565157186486558,-1.0839922606601557e-6,-7.013270056302672e-8,-0.0006770577357282935,-0.001880126130306025,-3.937767376474447e-6,-2.9444894689589492e-5,-0.00010476156165377105,-5.677707141092283e-6,-1.2476308975770943e-5,-0.03411567931671209,-0.01882832629391936,-0.008936123303843971,-0.0006596630671455914,-8.640057879160843e-5,7.477032111602138e-6,-2.436716729840958e-7,-3.610707451234638e-8,-2.3743817250113897e-7,0.004572204622810414,9.858666936752e-7,-0.0031607052399127444,0.0041227474968193135,-0.0035269251180425065,3.899301870610877e-5,0.0017445565177832863,0.00027612029197951325,-0.0038908253723019836,2.2590372656257906e-8,0.007348920759564858,0.0006238442544890603,3.0050984103365857e-6,2.2518460920540943e-7,-0.003278109228150875,4.48090688632267e-7,-1.3091235685535502e-7,4.388521983780848e-6,1.5129068426046053e-6,1.8728334152020565e-5,0.00225049962297698,2.0491168475112502e-7,2.0083198454187763e-5,6.638016231013366e-5,0.001393826660411499,-5.263567200610246e-5,-1.791308867776979e-6,-2.257986259646134e-6,-9.354997811323569e-5,-0.006071198107573344,-3.873309655688891e-7,1.6493069265076632e-6,-0.00012577914605941824,-4.889436140317175e-7,-0.0006632998045033346,-0.010708820383258398,3.453261497839512e-5,-0.0015926130900514078,-1.1139983027588602e-5,0.0032383786338098736,-5.057203433194077e-7,1.1790079664727144e-5,2.7529824718570224e-5,-3.935232061134736e-6,0.009979406012794984,-3.0583585048997832e-6,1.0336658716929444e-6,9.561150019028889e-6,1.0508753024668684e-7,4.523949520719115e-5,0.0002225669090717516,-0.005865589978947247,-4.3552193235760735e-7,-6.852471184635248e-7,0.0005886757856612558,-1.3882206957620157e-6,-0.006694641461799889,6.741484158414633e-7,-2.8731037099601787e-8,-7.633114856064803e-6,-1.6617879936677712e-6,7.273564583026984e-7,-4.2293003114314576e-7,-0.002607821704134489,9.287316427709317e-5,-0.0005686794190943138,-2.121807137800901e-8,0.00028563009010707755,7.745417034346119e-5,-7.711380258495351e-7,1.4552481351194397e-7,-3.925581639361889e-6,-2.1418333674288456e-6,1.8905792917931823e-6,0.0001939666722601053,0.00019496321161915388,0.03180908401435846,0.004584658512220282,-0.0014216894215747236,-9.539456568977569e-6,0.0006245054536123912,-5.7954469407663545e-5,-0.0011815680374235708,2.2547202250599904e-5,3.3971869796399806e-5,-4.387256834034352e-6,-7.638331266215493e-8,2.3876031473703604e-5,2.621034971925775e-8,5.763563908652236e-8,0.0009454702386288268,5.990264290621885e-8,3.103531393199261e-5,0.0047986793190812095,-0.04196904030581232,-0.001311142148622992,0.0011050692879193272,-6.875873046825262e-6,-0.02203586202973253,1.001892401301444e-7,5.073995940721202e-8,0.0011033951260456527,0.008958185579082529,-0.00023977337587775393,0.00030068368655852205,-2.082466183664951e-7,-1.6806384289632618e-8,3.565554042479102e-8,5.750687102614258e-7,-4.642120920109776e-9,0.0005591841936698194,5.315990382686229e-6,1.1493245158571862e-6,-7.260053017278109e-5,0.0008799409890626551,-1.9885937353887603e-7,0.00011507710194467806,6.193111276264577e-6,-3.797447505495378e-5,5.0562380410265406e-8,-0.0011965205566135376,-0.007496132346252074,-0.0043314674786567465,2.633720320545588e-6,-0.0014147040112634551,-5.027428796489872e-5,-0.00026553513944705927,1.1538650008229821e-7,1.3837113470048926e-8,-8.645294235306776e-7,4.672825827343248e-6,9.920047777409546e-7,-1.9709723272091993e-6,3.769915177912517e-11,1.3422110527361373e-5,0.032004657835022335,-2.484596572232488e-5,5.110325776439484e-5,-0.006406614512177507,-0.000360552754913006,-1.0185479935178233e-5,-3.3745271250380174e-7,1.0329829146184238e-6,-0.006994506380431908,-0.00012945103061089911,3.7426150170416144e-6,0.0005383539976710231,2.004913973864927e-5,7.331769343583419e-6,-0.001226120050766946,-8.746414836595048e-7,0.0428014770883285,-5.373859817788972e-9,-3.6780065632709114e-7,2.057661617535157e-6,-1.8868721892914243e-8,-0.0012922668542648976,-7.404084610557476e-7,4.893705265617183e-7,9.270131345575825e-7,-9.284256594856782e-7,0.00023399299745176057,2.736307613804265e-7,-7.56572813572188e-7,5.860796591055913e-5,0.0004969417594282098,-1.3760982727230077e-7,-0.002103392132161302,2.54177006321841e-7,-1.87076671749122e-7,-0.004965335954071837,-0.0002815014930298492,0.0006807436635161856,1.9444819181238684e-6,-0.00013195696588683248,-1.4818271323377754e-5,-0.0005588688572149657,0.0002507955512223394,-0.0002156208476920374,-1.9311918241351067e-5,2.1421197050700673e-8,-1.2094292159196634e-5,4.47598173524257e-6,0.0012438019371059212,-0.0227748183501053,-0.0026178321803476427,-1.5498318682057282e-6,-4.259994563046172e-5,-0.0017195008338142513,-6.647534007786644e-8,1.1199163419713847e-6,-0.0013325219714755753,-3.8381471049072815e-7,-0.0013801992822401901,1.6564117554384028e-6,-3.2284619871407983e-7,-1.8784331347256058e-5,0.00031820958278153745,2.770648334853131e-5,1.2642207228699368e-7,-1.769943196052176e-5,-0.004635765406018576,-4.3465440472077123e-7,-0.001093880139622942,-0.00016094319852574232,2.79838277691555e-6,1.2663196372065092e-6,2.720343682436726e-5,0.00010749825606330098,0.00015463479829635863,-1.1023884613995151e-6,-1.6140614255962648e-7,-5.942883288540679e-7,-0.006204002870444858,8.709840031995257e-5,7.359065896441357e-8,1.9039175723584038e-7,0.009842558984092753,0.005634889789765604,-1.5321503555602348e-7,1.6988050876262846e-8,1.6144971332633937e-7,1.3609371592667748e-5,2.881878974984616e-8,-8.482682452850899e-5,1.0521603152217182e-5,1.7187021780160114e-5,1.4705040736853162e-7,0.0009536895747746789,-1.8131984020171594e-6,-6.386125949040829e-8,0.0002066294707750983,-2.707608513490393e-5,-0.00764016073513757,-9.141875814282854e-7,-7.764942273954606e-7,2.2964248465295056e-6,-1.673460093407283e-7,-8.617799154866509e-5,0.00014848688942063835,-0.003011372675010754,9.076023601029538e-8,0.0016969206065375075,-1.9583281356881602e-5,0.0011001405517246708,-9.76927331144114e-7,0.0018170777343058334,-6.4231843515045905e-6,-3.9172336480876484e-5,-0.00733338065420622,-0.004410005660973288,-6.999199657603646e-5,0.009941651645405744,-2.1871985156251112e-7,-8.923771735014003e-7,0.009509862308099287,-0.00015054387007262465,-1.680627811693304e-6,-2.470097068023046e-7,7.68802072782405e-6,-9.447234718003282e-7,4.6611088317820245e-6,-4.936790099614617e-8,7.670849827859217e-6,-0.0004943868143277299,-0.0006677478026626412,0.01730659854017323,1.83746917877614e-8,-7.28572564735237e-5,-2.8672746537017515e-6,-0.0040106062099294765,-4.113683500420983e-6,4.644319015481977e-6,0.0050645756118244435,-0.0017197207550148697,-0.00012086016207788305,0.00015005121080211863,5.796834708803121e-7,-1.7513412282177326e-7,-1.453111663536043e-5,-0.0005855922472671185,0.00010982077637934809,-3.4092696598854105e-5,0.0017981279145208593,9.743647785506298e-6,-0.0015707555891383569,2.4640513925874592e-5,-6.993372782639687e-6,-3.462910515132214e-7,-1.3955100748211319e-6,-3.884933824565469e-5,3.900497783679391e-7,-6.929531216462436e-5,0.00010628769297159243,2.1011700293818733e-6,-8.592959731005961e-8,-1.1753932170276148e-7,0.0014660569248827404,8.041038690523053e-8
0.0,0.0,0.0,0.0,0.0,0.0,0.0,0.0,0.0,0.0,0.0,0.0,0.0,0.0,0.0,0.0,0.0,0.0,0.0,0.0,0.0,0.0,0.0,0.0,0.0,0.0,0.0,0.0,0.0,0.0,0.0,0.0,0.0,0.0,0.0,0.0,0.0,0.0,0.0,0.0,0.0,0.0,0.0,0.0,0.0,0.0,0.0,0.0,0.0,0.0,0.0,0.0,0.0,0.0,0.0,0.0,0.0,0.0,0.0,0.0,0.0,0.0,0.0,0.0,0.0,0.0,0.0,0.0,0.0,0.0,0.0,0.0,0.0,0.0,0.0,0.0,0.0,0.0,0.0,0.0,0.0,0.0,0.0,0.0,0.0,0.0,0.0,0.0,0.0,0.0,0.0,0.0,0.0,0.0,0.0,0.0,0.0,0.0,0.0,0.0,0.0,0.0,0.0,0.0,0.0,0.0,0.0,0.0,0.0,0.0,0.0,0.0,0.0,0.0,0.0,0.0,0.0,0.0,0.0,0.0,0.0,0.0,0.0,0.0,0.0,0.0,0.0,0.0,0.0,0.0,0.0,0.0,0.0,0.0,0.0,0.0,0.0,0.0,0.0,0.0,0.0,0.0,0.0,0.0,0.0,0.0,0.0,0.0,0.0,0.0,0.0,0.0,0.0,0.0,0.0,0.0,0.0,0.0,0.0,0.0,0.0,0.0,0.0,0.0,0.0,0.0,0.0,0.0,0.0,0.0,0.0,0.0,0.0,0.0,0.0,0.0,0.0,0.0,0.0,0.0,0.0,0.0,0.0,0.0,0.0,0.0,0.0,0.0,0.0,0.0,0.0,0.0,0.0,0.0,0.0,0.0,0.0,0.0,0.0,0.0,0.0,0.0,0.0,0.0,0.0,0.0,0.0,0.0,0.0,0.0,0.0,0.0,0.0,0.0,0.0,0.0,0.0,0.0,0.0,0.0,0.0,0.0,0.0,0.0,0.0,0.0,0.0,0.0,0.0,0.0,0.0,0.0,0.0,0.0,0.0,0.0,0.0,0.0,0.0,0.0,0.0,0.0,0.0,0.0,0.0,0.0,0.0,0.0,0.0,0.0,0.0,0.0,0.0,0.0,0.0,0.0,0.0,0.0,0.0,0.0,0.0,0.0,0.0,0.0,0.0,0.0,0.0,0.0,0.0,0.0,0.0,0.0,0.0,0.0,0.0,0.0,0.0,0.0,0.0,0.0,0.0,0.0,0.0,0.0,0.0,0.0,0.0,0.0,0.0,0.0,0.0,0.0,0.0,0.0,0.0,0.0,0.0,0.0,0.0,0.0,0.0,0.0,0.0,0.0,0.0,0.0,0.0,0.0,0.0,0.0,0.0,0.0,0.0,0.0,0.0,0.0,0.0,0.0,0.0,0.0,0.0,0.0,0.0,0.0,0.0,0.0,0.0,0.0,0.0,0.0,0.0,0.0,0.0,0.08579411347970639,1.729225862720399e-10,6.5901674783229264e-12,-3.2991957472839293e-7,-0.00010080583840614244,1.597130402729829e-10,-0.012173113033596349,-3.5043954279204204e-5,1.6293540810459882e-7,2.3981472460891032e-6,1.3485613602878808e-12,0.0003765524406687509,-1.179555485901716e-6,-3.494727238557775e-12,-1.6246499309014714e-9,1.5804349049191585e-5,-0.003954056710047329,-8.146705527046214e-10,8.103403866456871e-7,3.0164300226863306e-5,0.003988762114440109,3.525276400876261e-6,3.200434109482103e-8,1.1207584684808859e-9,-1.2415327485644626e-6,0.00012533045607606352,2.138104151608127e-8,0.0014766975083116856,-0.00017334743037233203,0.00015219716355234158,2.1676849744128568e-10,-2.2921750656995004e-10,1.565448403800251e-11,-2.7953064239148603e-11,9.700981266477594e-6,-1.5724132952199849e-6,-0.0015008235992834526,-6.224679663223981e-10,-0.009251397932962462,1.4560155852847574e-10,-0.0006487444047599063,-1.2615495543052627e-8,-5.828795100036824e-5,0.00034683208715610285,-3.2706240502361477e-5,0.0032799043429736843,6.037290169362225e-6,5.384595179307137e-13,0.04694467685762308,0.002207151454185391,-3.2480200935165677e-7,-1.880769315647815e-10,8.168342579497783e-7,-1.5692209480955534e-8,2.1618388556257525e-13,-3.996831188114361e-7,-1.3306790016865627e-6,4.608730996395438e-6,1.7412104303262953e-9,-1.862069421624419e-8,-1.187678106337832e-13,1.6729010424215267e-13,2.2950886155125285e-7,4.194789750821546e-12,-3.2955060850780016e-14,-8.317755601347873e-6,0.0005498093941307342,-0.017897627703347147,3.327626867910435e-13,-1.304724913903056e-5,2.420602692142151e-13,-9.498583282981185e-5,-7.41370692636621e-11,-8.51898463650109e-8,6.724034478295214e-13,-6.349034212082713e-9,0.020833575566824008,-0.020794029541585712,0.0009384241646463002,-0.001143595906521786,-0.00035463606237549536,-7.29890106079873e-11,1.445584170434908e-5,-0.00024226215884392237,-1.897723490377244e-8,-0.00018259853462817784,-0.0003337840007427863,1.7401572379606732e-5,5.106434914218454e-13,-2.0762988969234423e-6,4.366152605232788e-9,3.899316006192995e-9,-0.0012345189443169252,-1.6690132461278695e-10,-8.068618501896622e-5,3.843332604412746e-11,0.014815306507713446,0.005988599642011385,-4.3493312184714486e-5,-3.5696464763439595e-12,-0.0001532850679577477,1.2099131663271138e-10,-2.3254750795215244e-13,0.0004675395235429837,7.544755006171875e-13,-2.8116168717339416e-9,-1.6571049858554968e-11,-6.50152577862211e-6,0.002337289190471998,0.002669514171273522,-6.842312252364893e-7,0.0057358283809818,-6.362732974369944e-9,-0.048623528845191034,-2.0724891006604542e-10,0.003948882906822133,0.000544213382673324,-2.749719447062836e-5,-6.635899825953457e-14,-2.0471665546797247e-13,2.3542316967355233e-11,-2.8948114035698447e-8,1.1890926119574273e-5,6.019197423277378e-11,-0.002243629925929557,-6.157513684345423e-13,-1.9716052109847154e-5,0.000758457688891422,-1.8677286593771184e-5,2.70023671870009e-10,-0.01367309326335546,-3.4118474945607232e-12,2.746314856471276e-8,5.7764793811213975e-12,-0.0027544096121269795,0.0026562743970507336,0.0007098127796176646,-1.5211039457656985e-12,-0.0011533675192941224,0.001973021764988795,-0.0019175002859150685,8.773194057683702e-5,1.2920430541079772e-12,1.917752235983901e-10,-2.422624168607281e-10,-0.0006887834402385,0.0016303539472914054,0.0013324705536157649,4.3949145456356006e-9,-0.0005483451698895872,-3.5815749886218534e-14,-8.086089706522565e-9,-1.216264305939185e-7,0.0005839175181209762,9.54357031566222e-12,-9.952069360132683e-10,0.0004307420890914615,-0.0006530079275246588,-4.108660393903868e-8,1.8035098252573896e-7,-2.2005258420112918e-7,2.5060109900346473e-7,4.689895181879228e-11,4.904123619261377e-12,0.036798897030553224,0.00016204841658042007,-1.606977401528859e-12,1.5736356416176668e-7,-0.00019768255174567069,3.8853871985383195e-6,1.0074901235492375e-9,-1.7865032077163998e-6,-2.7359869935191067e-11,-3.27189140371124e-10,-5.516625393687415e-10,1.4665222146848215e-9,0.0460702593236117,-4.1130706695024294e-8,-2.50121475778393e-7,-2.344278397923503e-12,5.538790090873198e-13,7.931187033821043e-8,-0.003595257390556747,-4.965455261661852e-13,1.898885612463357e-11,-9.341665095097346e-12,-8.821862946945148e-13,-2.6324496464401817e-9,-0.0018175780867877205,-8.37454704619913e-5,1.2393847628509635e-12,-1.858441175269062e-6,-7.169435004267963e-11,-3.0671021199341484e-11,2.487992484783084e-12,5.379913644031244e-10,-2.052431845458884e-7,-1.13170177554248e-12,1.2424332457097687e-11,1.3320215625609058e-6,-0.0027197024443682315,-2.196203235828955e-6,-1.3255747644247847e-8,-2.0062541708015358e-11,1.5422710026819489e-9,3.42039428638183e-12,-1.148758550823276e-7,-6.03200016070616e-13,0.00011672518138498482,8.26683653501888e-5,1.226236890713152e-11,-2.896364851341006e-7,4.9296533547267297e-11,2.8110413646438996e-12,2.365878513536813e-11,-0.013120616489856551,1.807223187412428e-10,1.3554830799362678e-6,5.804409517622955e-7,1.926127355075234e-12,4.99357664637847e-13,5.407015292611622e-10,-5.816701722360007e-12,-9.116442501142973e-8,-0.0012523709455738664,-7.249048336836567e-14,5.76276688550307e-5,0.0015013109844966603,-9.862988599469705e-13,0.006244330653448077,2.4881584473068925e-7,-1.6320077966103834e-10,-2.7456079640716394e-9,0.004898387029138107,-1.7437845546682373e-5,-1.4847156273770383e-8,-5.431526227519572e-12,-0.0019359684511506827,0.000619342884033122,-1.3235450320501605e-11,-0.00021510273039409848,-1.3217558489647565e-9,-6.460938053579339e-6,1.3234719297450235e-7,-1.530070951464871e-7,-7.573640234755648e-10,-6.606181530397657e-11,1.1459734496245942e-9,-3.4292319487569103e-6,6.508666639173125e-6,-7.904640104216655e-11,4.371086251124934e-11,-4.436307713926886e-11,-0.0012298771776716073,-0.0004289668834419743,2.9461509752419724e-13,-1.2589024081875801e-12,-7.757211664607553e-10,-5.674212746904741e-13,9.389753499004979e-11,7.659633043305975e-9,-6.977945030890303e-8,6.361022417514973e-10,-7.95152984446762e-10,9.006060150242498e-5,1.0933515893730432e-7,3.6798551870747186e-13,1.77235206269978e-5,2.143267127129628e-8,-2.051451964072763e-7,1.1273251377492632e-5,1.3943738596526767e-6,8.582713525809982e-13,-1.9355129917250408e-13,0.0007796038809067505,-0.0034851215134330386,0.026528260895347162,-1.3914240136553111e-9,1.2530944000103089e-11,1.0908506644055615e-10,2.663469179449653e-5,2.931971520464247e-6,-0.0030384330931544465,1.1601263342579237e-5,-6.357336939400475e-5,4.148741762709958e-11,0.00757245165606823,-2.3415597138606865e-9,3.047874416125876e-8,-6.254471529244338e-7,-0.00013151736265792734,-3.5169781661829405e-10,-3.1232516138923515e-10,4.489002416517757e-10,-0.011425408833671356,1.816094786083797e-13,7.274696802147072e-5,4.2946368992984056e-11,-5.0483666152803544e-5,3.591210416509231e-11,1.183604792893532e-13,-0.0001133552104673747,6.93856041837028e-9,-1.8922771405053044e-5,-0.00013818794615733082,-5.294634057398506e-7,-1.928841007632445e-6,-1.2477472187276354e-11,0.0022765084769076787,-0.0001958223811567027,3.7465293886309105e-9,-3.0543526336907193e-6,-0.0016306357986519816,5.88268272709084e-9,1.2211407288087547e-5,-7.429341561760541e-10,1.0770112530190996e-6,7.91281449546344e-12,-3.6710838077943513e-8,-0.0008380435608935364,3.7804670428116353e-13,0.0008008731057761729,0.002811279867797937,1.1070528804586155e-7,2.1525734611200383e-13,-3.220897711546729e-12,-9.769628830391661e-5,-0.0007900870640799222,6.978999891985872e-10,3.775071392654912e-12,-3.956692778712222e-12,-1.5275689340549157e-10,1.396926115700748e-9,-0.00024691089266180784,-4.512672499882483e-8,0.00019052592410145273,-1.0377569984770073e-12,3.726927391963907e-7,-8.39919599156098e-10,-1.4899430127766459e-9,0.0002776284687985326,-1.0240447306509526e-6,-5.3995969224431995e-11,-4.521941753227372e-9,-1.5034566218088938e-6,1.9649539296944163e-7,-3.0919463719514256e-11,-0.001460650579677152,0.00017092969445316896,5.452601883679215e-10,1.434121541194606e-8,-1.3704298619210303e-8,8.379914543633359e-10,-4.722393861183654e-12,-1.3217935412025833e-5,9.813336685090428e-9,0.026054224263736516,0.0012888777894418352,1.1806562506458627e-6,-0.003513083723212539,1.7048266500572096e-9,7.60164284307422e-13,-6.285464546618388e-13,-1.5472025534668496e-5,-8.585713057499624e-6,-4.8545275896431356e-5,-0.001178140484343374,-4.396052247272052e-12,-2.4161364203698077e-9,-8.479845319231019e-14,1.2574154057619929e-9,-4.050174273007152e-10,-9.886376971519735e-12,0.00021764244319610028,3.390973829320291e-10,-2.7360239632440138e-5,-4.016167353386264e-6,-0.0003125206496195749,-1.2434218880325128e-13,0.0006778995629630735,1.6927947578632379e-7,1.050779714120288e-5,-0.007474556135373319,0.010161411153937098,2.630525231960696e-8,1.7400874699896314e-8,-1.152852498201776e-12,-1.427268179427432e-14,7.913846821731921e-13,-7.140949300528844e-6,4.834777180312453e-13,-1.6780793622639236e-6,6.683904081319435e-5,4.6690402601686346e-5,0.002788693958886798,-4.445232912710907e-8,0.00019478867914738624,-2.1701163994099068e-14,3.262500404221176e-6,8.364037055623345e-5,-2.988627159527071e-7,0.0021877655348498458,0.0031199564393973173,-0.0011265583280106988,-6.987001705634141e-13,1.4163728888672656e-5,-4.571935855291073e-10,8.655324975358671e-10,-0.0007551035173233098,7.545220339947084e-9,2.8427945734516463e-13,1.3070920857251534e-7,-1.305779601783345e-12,-4.9934814657502e-6,0.00011237006401022192,-3.429559325049042e-10,5.994008551691916e-8,-2.9096584935782077e-9,9.750931792032129e-5,2.1098843117659685e-8,0.0032160880673833244,-5.700171095881658e-12,1.751100246683605e-8,4.109909334836053e-7,1.331217467225284e-10,-0.002485140169134944,2.721548608107372e-12,0.0030228141398469426,0.0002015255418196556,0.04868114438694992,2.2984782580478744e-11,1.540625403388566e-9,-7.826492825406689e-9,2.6603941549053353e-8,-0.028412698258436144,7.2101597899607855e-12,-7.189082670068764e-12,-3.7353516284572817e-7,-2.9214369316654212e-5,1.173909533439362e-12,7.254774263747765e-9,-2.264052490086145e-8,5.082110509465923e-6,-9.731228578783031e-8,1.4814593233890105e-12,1.8028362032709545e-13,4.517617110232924e-5,1.2412952299457033e-5,-2.5063875104257092e-8,-7.736943898554238e-11,2.569234291602069e-7,0.00023905445336209043,-4.118756599297763e-8,-4.983060214495956e-11,2.4033799582471254e-11,-0.0017648205535869116,-5.134065894338111e-6,5.37310435771839e-6,4.709217604663351e-5,-2.8381948198894796e-6,1.0619112251237752e-5,1.8853632872163157e-12,-1.942962891180356e-12,-0.009893340893312043,3.276638174715624e-7,3.939756215996158e-13
0.0,0.0,0.0,0.0,0.0,0.0,0.0,0.0,0.0,0.0,0.0,0.0,0.0,0.0,0.0,0.0,0.0,0.0,0.0,0.0,0.0,0.0,0.0,0.0,0.0,0.0,0.0,0.0,0.0,0.0,0.0,0.0,0.0,0.0,0.0,0.0,0.0,0.0,0.0,0.0,0.0,0.0,0.0,0.0,0.0,0.0,0.0,0.0,0.0,0.0,0.0,0.0,0.0,0.0,0.0,0.0,0.0,0.0,0.0,0.0,0.0,0.0,0.0,0.0,0.0,0.0,0.0,0.0,0.0,0.0,0.0,0.0,0.0,0.0,0.0,0.0,0.0,0.0,0.0,0.0,0.0,0.0,0.0,0.0,0.0,0.0,0.0,0.0,0.0,0.0,0.0,0.0,0.0,0.0,0.0,0.0,0.0,0.0,0.0,0.0,0.0,0.0,0.0,0.0,0.0,0.0,0.0,0.0,0.0,0.0,0.0,0.0,0.0,0.0,0.0,0.0,0.0,0.0,0.0,0.0,0.0,0.0,0.0,0.0,0.0,0.0,0.0,0.0,0.0,0.0,0.0,0.0,0.0,0.0,0.0,0.0,0.0,0.0,0.0,0.0,0.0,0.0,0.0,0.0,0.0,0.0,0.0,0.0,0.0,0.0,0.0,0.0,0.0,0.0,0.0,0.0,0.0,0.0,0.0,0.0,0.0,0.0,0.0,0.0,0.0,0.0,0.0,0.0,0.0,0.0,0.0,0.0,0.0,0.0,0.0,0.0,0.0,0.0,0.0,0.0,0.0,0.0,0.0,0.0,0.0,0.0,0.0,0.0,0.0,0.0,0.0,0.0,0.0,0.0,0.0,0.0,0.0,0.0,0.0,0.0,0.0,0.0,0.0,0.0,0.0,0.0,0.0,0.0,0.0,0.0,0.0,0.0,0.0,0.0,0.0,0.0,0.0,0.0,0.0,0.0,0.0,0.0,0.0,0.0,0.0,0.0,0.0,0.0,0.0,0.0,0.0,0.0,0.0,0.0,0.0,0.0,0.0,0.0,0.0,0.0,0.0,0.0,0.0,0.0,0.0,0.0,0.0,0.0,0.0,0.0,0.0,0.0,0.0,0.0,0.0,0.0,0.0,0.0,0.0,0.0,0.0,0.0,0.0,0.0,0.0,0.0,0.0,0.0,0.0,0.0,0.0,0.0,0.0,0.0,0.0,0.0,0.0,0.0,0.0,0.0,0.0,0.0,0.0,0.0,0.0,0.0,0.0,0.0,0.0,0.0,0.0,0.0,0.0,0.0,0.0,0.0,0.0,0.0,0.0,0.0,0.0,0.0,0.0,0.0,0.0,0.0,0.0,0.0,0.0,0.0,0.0,0.0,0.0,0.0,0.0,0.0,0.0,0.0,0.0,0.0,0.0,0.0,0.0,0.0,0.0,0.0,0.0,0.0,0.0,0.0,0.0,0.0,0.0,0.0,0.08534159092319919,0.0012262618790418406,2.3265254013584557e-6,3.234933772537559e-8,0.00551874627505369,-1.0615057240927504e-9,5.846208277704281e-8,-2.3845967771062824e-6,-1.0043354486581434e-5,2.3670254372877805e-5,-5.679795358980685e-9,4.849971038334625e-6,0.00012063950299685743,-0.00466874879318022,-7.328275654203181e-7,-8.211988425184727e-10,0.016212869439193034,-6.824269617742995e-6,-1.0877490950691165e-7,8.620218473948235e-10,-1.5281241596390388e-6,0.0002540025718568356,0.00878259825800564,-3.069294342968064e-6,-9.177338544500466e-8,-0.0001450684058133778,1.1670672994278083e-9,1.548024303115256e-8,-1.7459384555972398e-9,0.008308368526822612,0.003285820155295584,-0.0021087739668106125,0.001002921717006722,6.088115618931328e-7,-4.60916282276319e-6,1.1440029433506714e-11,0.0014961255423813324,-2.0241131911510086e-10,0.0016482640153653643,-1.044956873814021e-8,-9.724841967960399e-5,1.8218041634954623e-8,-9.210124631162242e-9,-1.52375613381846e-7,4.0663395063783927e-10,1.0069439996137705e-6,-4.124826037482766e-5,2.203754774236584e-10,-1.4999940996315216e-10,1.520308707079852e-6,0.0008337628316911448,-5.380318341017395e-6,0.0004511668894790887,-6.167136001898675e-5,4.556242898025213e-5,1.2473149397433966e-5,6.232477979949732e-7,-0.0008167538953518963,-0.00018956637097174186,-2.955782274973189e-7,-9.727362822271547e-5,-1.1858127934189737e-5,7.468331389046671e-6,1.855819557612613e-5,5.9583837185495375e-8,8.495521278586885e-9,-4.5911445070320733e-10,-2.981095711222923e-5,-8.846758367918518e-8,3.3598521662929466e-5,3.404489609483566e-10,0.0009737916473233521,-1.5765347718565454e-5,-9.760228594727044e-5,4.846916944293997e-6,-1.4409443420648292e-10,-4.595020357621859e-10,-9.215328502274716e-12,-1.3910316815173171e-10,4.1305854608930453e-10,0.0024871978029225358,-3.977891457022576e-8,-1.617548189478077e-7,-0.0003000589328386997,3.060625766864721e-8,2.038861772487558e-9,2.8346656773040797e-7,-4.192679013049647e-5,3.5540423692549697e-6,-0.001925810176021367,0.00016946628718433714,5.829782590398246e-9,-0.004971221091910726,-1.8075579654091011e-7,-6.503314054653727e-5,2.6443748646228077e-10,-4.521330123044418e-11,5.9491945377455537e-8,0.00020389771778579017,-2.6537521003237226e-8,0.015458932265244451,-4.8464345591452356e-5,-5.959202988181853e-10,-0.00011231344590579701,-0.011951949418248835,0.0013893490773801821,2.4716787152817196e-7,3.4046888416478306e-9,7.67334300490452e-10,5.1755894137197684e-6,-1.7409986699375244e-10,-0.0007913656112719592,1.0168504393318389e-10,0.00042900257779722917,-4.1319201709289884e-9,8.180282154888846e-8,-8.347510366390753e-9,4.39653609609538e-5,-3.2829306135018674e-6,-0.006406298797541757,-0.00011151617156013756,-3.8421057349203677e-7,0.0009393800325279306,1.569233221042086e-9,-1.1089574095586379e-5,-1.5658002751642123e-7,3.827893107734504e-8,-3.723124467109751e-8,0.004204176567639252,-1.5294476290436038e-10,6.593890208086437e-5,6.0862674480676606e-5,-0.0005272006813158755,-1.6909986165898965e-9,6.020920582110778e-11,5.719948238242832e-10,0.00012807363811685016,1.4163318919326773e-9,2.837770536581477e-10,1.6282669816995445e-9,5.293833984190846e-8,-7.664461883772745e-5,-0.0017570731108916538,0.02241490371644434,-1.0208417313612165e-9,1.1524209081874671e-9,4.74040060669754e-11,0.00021719082307772436,-5.399955427364454e-9,9.50690877993098e-6,-0.0006468969606996324,-3.1169223961630484e-5,-7.45191532476172e-11,0.0014761452218465315,-0.02852633720177515,7.747042307721104e-9,4.546339998347692e-9,-7.225919049681564e-5,-1.0817653059837932e-5,-1.6441604777770477e-5,1.7226982023884564e-6,0.013583380526496427,-0.001252106936095189,4.871682061761178e-10,4.297471294179765e-9,-0.00039170001302826757,7.057267169215141e-6,-1.5779122550310967e-8,9.753333920910518e-6,-0.00032388234024425194,-6.974254852511864e-6,-0.002683624532679658,-0.00013295308632689808,0.007834198775565302,-9.662880996601406e-5,-2.1754512614430321e-10,-0.0003007809316445256,-2.52442475100653e-6,-3.98430792847534e-5,-2.3008554046351777e-5,4.072199111279034e-6,-1.9479778236784361e-10,2.938044365877995e-5,-0.0018697810001190222,-0.0006201178692136112,-0.018784470338306516,0.001849446488134859,-2.960651460889639e-9,-1.2574305575652894e-8,-0.00489826591545795,4.792390087544122e-6,0.03016349153455132,2.3648366451373194e-5,0.00016535850123654746,-0.021774619984201434,-1.050477491751751e-6,4.50702805863126e-5,0.0013823732857881376,7.975745056415125e-7,-8.177588003239436e-10,1.9312161723241947e-6,-0.00011094813129002374,-0.0001262757815259898,-4.5648850000897054e-5,0.0018899970479741039,4.884207731725596e-5,1.8049971059580537e-5,-2.413727066682699e-9,-1.6861064925838205e-7,-0.002604715945099241,1.0367046047706754e-5,0.010989551448101794,-9.079060018136478e-6,0.004138809759596639,7.751831505808682e-11,0.042924035859174856,5.197012346718307e-6,-2.82861765667787e-7,0.000206651330395862,-0.0004197658591858546,-0.012260180823586429,0.00151688047566226,-1.0339073191030365e-5,-7.091318715377558e-10,-2.8559643409753988e-6,2.851244100979363e-9,2.8396121993618307e-9,-0.00018061790022623673,4.266555858504669e-10,-8.468642627425716e-6,-0.002055900571978752,-0.001175058935483949,-1.9276670941949025e-11,2.1798710320509715e-7,2.5212772452525225e-5,0.0005195323385544057,-4.987839920898437e-10,-6.442476799046934e-9,0.0006041898975385692,3.177480514915652e-8,-0.0024790050359469644,8.730582709922234e-7,3.4592003549472894e-5,7.196436168791423e-5,-0.003529360623974737,0.003659150228120488,-0.004470692905367177,8.814957902231707e-8,-1.0826968344141648e-6,0.014642961870305771,0.006511021481126136,0.0028963287977294386,2.361335790308144e-10,-3.086653842377736e-9,-2.4734010005146123e-5,-0.00034134208470285737,0.001858137063449484,3.958586333828136e-5,-0.006723320961419132,-0.0003871503232116059,-0.00014037739780250837,-0.0009239725373716752,-0.0007372834860651829,-1.44237886436904e-8,2.940513141306749e-6,-3.3994703019064756e-6,-7.491794088803692e-11,-3.0340838658140294e-5,7.913895704783496e-6,4.43066787056283e-7,-1.0582051846050937e-6,-0.00014582997638279936,1.2731346299993585e-5,-6.103246187185578e-11,2.750439127282874e-10,6.032999095297423e-11,0.0003070447496720501,-0.004467281361677478,0.0005178889830512258,-9.489127636644086e-8,4.6097029760850624e-7,-1.379217179224607e-10,1.015101806438179e-6,5.851201150724217e-8,-0.000746623918717214,5.3508510387591526e-11,-0.006826267502489134,-1.6468158282761188e-5,7.586435219168469e-6,-2.5426583727268437e-8,0.011227821957443998,0.00448785201709734,-0.0014353778590964433,5.258275315320849e-10,-1.0375175343247242e-5,3.863992097490302e-8,0.00026626293110606055,-4.924656227527647e-8,0.001781165749392855,-1.3352205837126571e-5,-2.0632814369040473e-8,-9.197972702460874e-5,-3.1667743146281467e-7,-2.3199975486156954e-7,-9.36914468522023e-6,7.733245059418073e-6,-0.0005639024518174484,1.7638055704429451e-9,-1.365857609496391e-9,0.0005094150043117224,-1.235237556189539e-7,-1.407838931282861e-9,6.7602542035522e-6,-2.9366838156443566e-8,0.010467774900048969,1.8563609305547353e-6,-0.00033058262590220507,1.596801442153939e-5,-4.96073053569425e-10,-5.61084217370388e-5,-8.284859458330529e-10,7.646131626682184e-11,1.3539927083695388e-6,-6.137904071072366e-5,0.000987240326725557,1.3774257316167833e-10,-3.218725259721817e-10,0.004788900627490764,-0.00021946470423539588,9.220682593656165e-5,-0.0025276818658535654,1.7093741192513527e-5,6.58061126637665e-9,-3.940677018531537e-5,-8.517671884776447e-10,6.382956165363011e-5,-1.1018136130646876e-6,-0.004123935997101975,-0.0002534249893197119,-2.676624856061659e-9,5.010473325846624e-6,-0.000626402646697334,0.00031843648891540714,6.945217630540433e-7,3.0808707911841996e-6,-0.00097165534585732,1.0971898222042478e-9,2.2919239169720427e-8,-0.011549092991756167,0.0005042179861038139,-0.0003202600152465335,0.00020214988091661889,6.0022555581306366e-5,-3.628839242720931e-7,-0.00019272815320048553,-4.019206274535935e-11,1.5577360797562923e-9,-2.7927958115897314e-6,-2.0032104150248965e-9,-0.0011830728591940222,-0.0003558656729004988,-4.00505905050953e-6,5.557340919068728e-8,1.6836338796080645e-7,1.5055226345776786e-8,4.2791396099445564e-12,-0.0012692570677684607,-4.624779943113047e-6,-5.695863059540898e-5,0.005159874892491558,-0.005675872845978116,0.0005671647282947554,-1.189627648847694e-8,-0.0084447315701499,-1.4378630172538705e-7,3.622812659359111e-7,1.9671455003907122e-8,2.461201316867177e-5,1.7483307541261222e-9,-3.273286634563542e-5,1.2356733087479807e-7,-1.180056231105547e-9,1.5847053788176128e-9,8.492874981844233e-5,3.097438569677323e-5,7.434066113704181e-5,-2.7548186572833826e-6,-4.4021334711717135e-5,-2.0170738462935666e-7,0.00013584112763678725,1.8749824947870274e-7,-1.0988228937196098e-8,-4.398928800807421e-8,1.427641695073976e-10,1.70056419388495e-5,5.611725733736738e-9,9.203567769567477e-6,1.696441475852961e-7,-1.4812580265782885e-7,-4.8502935215521465e-6,-1.7754153672908415e-9,1.635054356308713e-9,3.859420986926954e-9,-9.689451107295409e-6,-3.963003547032166e-7,0.0014364825821542868,-1.2308219215463209e-5,-6.089880918577327e-11,0.003721236286951015,0.011736191902395722,-7.280961537355604e-7,-5.4554893552668814e-5,1.896217015227255e-6,5.957351023562169e-9,0.04435044549066546,-0.00015932572748855668,-3.044532263605303e-6,5.069400169914963e-8,-0.00016963320786766035,9.275953171609737e-11,-0.00032250341082755803,0.0002525902210147239,6.657284081127482e-7,0.038756415785903525,-1.0671765947142069e-9,-0.002720517912443875,-8.416107515628755e-10,-7.882532714023185e-9,-4.158423238094027e-11,0.0024959962766464014,0.01599761350732373,0.00010535225404779181,0.00026531367700299645,-4.4561636113375166e-10,0.014670872841834708,0.0003585706426988062,-1.2517524106421847e-5,-4.0525725474197595e-8,0.00020826627922598242,9.379844476495227e-5,-7.054814149001072e-5,-3.955980700834063e-7,-7.410727789505028e-7,6.730479583315283e-5,-3.721358579388558e-5,-1.0928553886401275e-8,1.214388508349404e-7,1.9029034603884744e-6,-0.008994589470258673,-1.4647239688406308e-5,-1.0421275308387323e-8,-7.15039193409389e-5,0.007474446198681151,0.0015924707892665414,2.663217050479524e-10,-8.330114286481936e-9,4.1882830376806463e-7,7.354892336151488e-9,2.3298569526705263e-7,4.422196855591768e-7,-0.0004588952115513056,-8.977555546267722e-5,1.8186764891225526e-10,-3.5791006347391287e-6,-2.288913961415222e-5
0.0,0.0,0.0,0.0,0.0,0.0,0.0,0.0,0.0,0.0,0.0,0.0,0.0,0.0,0.0,0.0,0.0,0.0,0.0,0.0,0.0,0.0,0.0,0.0,0.0,0.0,0.0,0.0,0.0,0.0,0.0,0.0,0.0,0.0,0.0,0.0,0.0,0.0,0.0,0.0,0.0,0.0,0.0,0.0,0.0,0.0,0.0,0.0,0.0,0.0,0.0,0.0,0.0,0.0,0.0,0.0,0.0,0.0,0.0,0.0,0.0,0.0,0.0,0.0,0.0,0.0,0.0,0.0,0.0,0.0,0.0,0.0,0.0,0.0,0.0,0.0,0.0,0.0,0.0,0.0,0.0,0.0,0.0,0.0,0.0,0.0,0.0,0.0,0.0,0.0,0.0,0.0,0.0,0.0,0.0,0.0,0.0,0.0,0.0,0.0,0.0,0.0,0.0,0.0,0.0,0.0,0.0,0.0,0.0,0.0,0.0,0.0,0.0,0.0,0.0,0.0,0.0,0.0,0.0,0.0,0.0,0.0,0.0,0.0,0.0,0.0,0.0,0.0,0.0,0.0,0.0,0.0,0.0,0.0,0.0,0.0,0.0,0.0,0.0,0.0,0.0,0.0,0.0,0.0,0.0,0.0,0.0,0.0,0.0,0.0,0.0,0.0,0.0,0.0,0.0,0.0,0.0,0.0,0.0,0.0,0.0,0.0,0.0,0.0,0.0,0.0,0.0,0.0,0.0,0.0,0.0,0.0,0.0,0.0,0.0,0.0,0.0,0.0,0.0,0.0,0.0,0.0,0.0,0.0,0.0,0.0,0.0,0.0,0.0,0.0,0.0,0.0,0.0,0.0,0.0,0.0,0.0,0.0,0.0,0.0,0.0,0.0,0.0,0.0,0.0,0.0,0.0,0.0,0.0,0.0,0.0,0.0,0.0,0.0,0.0,0.0,0.0,0.0,0.0,0.0,0.0,0.0,0.0,0.0,0.0,0.0,0.0,0.0,0.0,0.0,0.0,0.0,0.0,0.0,0.0,0.0,0.0,0.0,0.0,0.0,0.0,0.0,0.0,0.0,0.0,0.0,0.0,0.0,0.0,0.0,0.0,0.0,0.0,0.0,0.0,0.0,0.0,0.0,0.0,0.0,0.0,0.0,0.0,0.0,0.0,0.0,0.0,0.0,0.0,0.0,0.0,0.0,0.0,0.0,0.0,0.0,0.0,0.0,0.0,0.0,0.0,0.0,0.0,0.0,0.0,0.0,0.0,0.0,0.0,0.0,0.0,0.0,0.0,0.0,0.0,0.0,0.0,0.0,0.0,0.0,0.0,0.0,0.0,0.0,0.0,0.0,0.0,0.0,0.0,0.0,0.0,0.0,0.0,0.0,0.0,0.0,0.0,0.0,0.0,0.0,0.0,0.0,0.0,0.0,0.0,0.0,0.0,0.0,0.0,0.0,0.0,0.0,0.0,0.0,0.0,0.0848740125855774,4.218490837140423e-8,4.767781035419288e-10,0.0011832316172328986,6.2024336908627e-12,-7.210032726070858e-9,-9.243856545140341e-8,1.655065247639558e-7,-0.004746301525850651,1.2213966728594333e-10,1.2375587652823962e-7,0.003327872387427688,8.154918835054722e-5,-5.980357946286219e-9,8.275268943927611e-12,0.00011540607216195504,-2.8342771216011565e-7,3.958070721595528e-9,-1.4109359957573587e-11,6.228698097320273e-8,6.68831902873652e-6,0.00012088294366098927,-1.8309047777614793e-8,-1.7180802920453515e-9,-4.713528501436843e-6,3.25966400286841e-11,-7.872183702981928e-10,6.694821809142465e-11,8.967389047767063e-5,-0.0002647771619153267,0.00817078127539161,0.03054242594110711,1.4182195927087538e-8,-1.793830196872788e-7,2.185295154568391e-11,1.6884359926726068e-5,-2.0714381819862262e-11,-0.0021145900675290483,2.845385331023144e-10,2.5706447163880957e-6,1.2815884172845566e-9,-2.8451845833307016e-10,-1.7546108227945366e-9,1.0103122407455227e-11,-6.046686990645385e-9,-0.001522561240636192,6.358883466610231e-12,-4.241339788032955e-12,8.270405652689067e-9,-0.0005765552953057537,2.0284145600559195e-7,-4.895721756805268e-6,-0.007278606529831145,-5.244446934957417e-7,2.825770980441266e-7,4.053414372329318e-8,-2.1976971505600956e-5,-1.2841165324358761e-6,-0.00013672640765620032,-0.00673454071197131,1.3625269797662082e-6,-0.018684848512086443,0.0010108779131975554,8.315917545691637e-9,3.4017240067520134e-10,1.4699093629534484e-12,0.00034872601640042545,-1.6883399437164103e-9,0.002728977113100335,-1.0728181466483503e-13,-0.00363346533995245,2.7994941773091996e-6,0.0005746153017555737,1.5523842234701541e-6,-1.003966496462018e-12,3.186440111109855e-12,-1.907559771377686e-12,-2.2734882260634647e-12,2.0339734572612705e-12,-0.0020387761528977717,-2.668336568576623e-10,-7.299982703262347e-9,2.300746185795275e-5,-1.0958587694861028e-9,-3.243731607078453e-10,2.3820094124801716e-8,-0.00180020187368309,-6.340852554215443e-8,-4.964559517847549e-6,-2.122783665445922e-6,-1.1623306881198599e-10,0.000365986685951966,-9.616458677920282e-10,0.03316239691074041,-8.05316050204741e-13,-9.230616056722828e-13,4.5286125421743025e-10,-0.0017253722206302053,-6.916788621690255e-10,-1.3309617301276338e-5,0.00013649161506282953,-9.970997523296428e-13,-0.00586314498598916,2.2982035243887135e-5,0.020657954675135568,1.8328981974535763e-8,6.957054579650696e-11,1.757501368840828e-11,-4.789367864467062e-7,-6.365407506879426e-12,1.9981258860687597e-6,8.682748172796659e-12,-0.00019213046975643204,1.870822788525385e-11,1.925477812915924e-9,-2.4791123681230024e-10,0.0011863762909650214,0.00039005823685159225,0.0011202272345957397,7.950083126624792e-6,-7.60276607315818e-9,-6.624323934335846e-6,8.009224916996854e-12,-0.0005708437360275117,-9.928827664973828e-9,7.305799739078891e-10,-1.6707763154844707e-9,-0.0009476630229522809,-6.59807026484057e-13,0.00589010945806723,-3.1813998051799002e-6,0.0005342095595464901,9.281823027206154e-12,-4.956595969651252e-13,3.7008502475152136e-11,-0.003549581296686738,5.921680833356396e-12,2.891498121584896e-11,-3.568873478715921e-11,-7.206978688299917e-10,-0.0027713780764512916,-4.034816940677946e-5,-0.0009840467370417058,-2.104084559846841e-12,1.3634045820912394e-10,1.0544249130127755e-12,3.1304787266192636e-5,9.190816000337325e-11,0.00027894390480441805,7.767327856829808e-6,-1.9631158676540576e-6,2.0969176182709614e-11,-0.003740422623002087,-0.0005161392387487881,3.2207153374421463e-10,4.280292626265911e-10,2.1950690189501635e-6,4.134353229100688e-6,4.223766553925613e-7,6.073309199722391e-8,-0.0024202971264104815,0.003993264465683953,9.16392312923417e-12,1.9580665980352972e-10,-0.008275028562368388,-3.348938199932531e-7,-4.8747744820681166e-11,4.492119922061475e-9,-1.4142219342385734e-5,1.0499715154193663e-7,-0.001092921463090022,4.383710420867589e-5,-0.0003020852019990938,-2.9372931654253388e-5,2.989633773096263e-13,-3.304750345557365e-6,1.426663582434008e-7,-0.004649751349486512,-0.00048075902777049796,-7.85415661120718e-7,-4.7932785795620475e-11,-0.0002760997169328151,0.006571472574015316,0.00438283289317677,-0.0009927733313187428,6.361475060554483e-5,-1.3941774624662048e-11,-2.0380132794919054e-9,-0.00020209743074325946,-1.4642936841039303e-7,-0.0005093542547098102,0.014258910823104107,0.025470300376134753,0.00020040162112693388,1.5240899606672257e-7,-0.00033551466069586756,0.01888530664073889,-5.84486083844795e-8,-1.0323521091389017e-11,-1.7906779002536932e-8,3.0897010838183944e-6,-0.002506285244946816,-5.991468241254864e-5,-0.009133879056071232,6.897900742239993e-7,0.011529474150505524,4.108298900779623e-9,4.174999340131989e-10,0.013133045276777373,8.116699140148229e-7,0.010636870554427504,0.0015800671535278134,-0.0016754363557694343,-5.159851220099306e-12,0.00032260276775290055,-9.437270121923551e-8,1.8160363814317125e-7,0.008507631719798039,-0.014658767350070882,0.00041629056435098726,0.05894820242986406,9.103341123840661e-8,-6.248780608123873e-11,-0.0005634595004439091,7.024788152594664e-11,9.082191232976682e-12,-0.0030141558725178866,5.6167323463451515e-12,3.8166244568340034e-8,9.355995120814237e-5,-0.00011720460744912325,-3.316182043992275e-12,2.5850496537779685e-9,-1.6711761916320087e-6,0.008325897121650947,-1.2869494831871778e-13,-9.541956806453153e-11,0.01698285019474481,6.648787077485816e-10,5.834317235866905e-6,-4.232413041185085e-8,1.0840597954867486e-7,-4.490495159938607e-7,6.530714590713151e-5,-0.0017261448424185468,0.00025545080385574217,-4.027850037791737e-9,1.581283023426301e-8,-0.00041344185386872547,-0.000190394582857532,-0.005807141742812609,6.609619901523877e-12,-7.370471771182139e-10,-0.0005742397312012321,-0.006288596301445375,5.964276752439069e-6,0.0005355145305503725,0.00020686752065418552,-1.3243190395232797e-5,-6.235120701345348e-6,-1.2920944131171589e-5,3.5539403228616885e-5,2.3190935965499276e-11,-4.0993532593237285e-7,-0.00022574118876671358,-2.701781122969202e-12,-1.4783998375391835e-6,-2.845668865173898e-7,9.39115302176035e-9,-1.3679025967754183e-8,-0.0029440101242544435,0.0007339885766153152,-1.3139350570407299e-12,-2.1009831359218393e-11,-4.34061427102051e-12,3.7098017842312046e-6,-0.013005334708244472,0.0001810092824761461,-4.052606449565729e-9,-2.406476700888359e-8,2.002826811870006e-12,8.792502026422309e-9,5.565749439867868e-10,-0.0015924744058837305,-2.6205269365530848e-12,-0.00021888360575121932,-1.379911992157305e-6,3.466099778854604e-7,-1.4362476885805042e-9,2.4291932249832193e-5,-0.0002566737920047207,-0.00010209651317886702,1.183629927895645e-11,0.0001433976788547082,7.127003930049702e-11,0.01675280744325979,3.522658867155607e-10,0.003242782892205571,-0.00023773950460517407,-8.131632014331363e-10,-2.252350638178245e-6,4.893063246565365e-9,-4.778159555610849e-9,7.649761980172482e-8,2.1371034582986904e-8,0.005470128363019498,2.4305161426033025e-11,6.882278491555647e-11,-3.837476286202193e-6,-6.886265828436385e-9,-1.6085001409715605e-10,3.247108489324168e-7,8.862163476457995e-10,-0.00015463989257536158,1.4965831686237182e-7,0.020359289264043578,-2.709038802367777e-6,-6.541394193663489e-12,-0.0041783166573419505,-8.36465511624226e-11,9.13373671415775e-13,-4.0230086072859873e-7,-0.0010413315786297187,-0.013891952220101514,-1.5309511792295523e-11,-1.3190744456676093e-12,-0.00022699086241083873,-0.023106095861365705,-0.0005536499959066273,0.00011361477784146398,-1.2021379196690687e-6,1.8626869606005574e-11,-3.0083430511524357e-7,-1.7582621644624335e-10,0.0012014382803816862,1.7340923227302046e-7,0.00020311234719092188,-5.7496465921207296e-5,-1.3977337846229082e-10,6.654835461364968e-8,-0.00023671106220169664,1.406046765468964e-5,3.0071421013222704e-8,6.980973296019e-9,-0.005297221744515362,1.0474177568064834e-11,9.718467670407829e-10,0.0003987718873365931,-9.769227411618405e-6,-5.976613850328718e-7,1.6602232177542665e-5,0.011378127323582175,-9.582975512222819e-9,1.18923077835515e-5,4.5062477717863577e-14,-8.280216817025384e-13,-5.8827364993150106e-8,-2.0618582449359384e-11,-1.0571151061399908e-5,-0.001567367125001979,-0.00043528004268619883,-5.374908304504011e-9,-4.0789254643701706e-8,-1.7052525787571836e-10,-8.186863465352049e-12,0.006202546324739895,4.5127043644045516e-7,-0.009435981902758931,-3.643028728729711e-5,-0.000825467274945754,0.031195326361368257,-1.9796613162162759e-10,5.4394591975400355e-5,-9.339440616803418e-10,-1.5292320368843073e-8,1.228150094223927e-10,0.0014821747608194092,7.223098576530303e-11,1.4298659260823216e-6,-5.183136014647466e-9,-7.678796860289971e-12,-7.399489294163594e-12,8.030711677292231e-6,-2.337192255706293e-6,-0.0006636729528280292,-0.00010876381162106899,-0.0001542042924570494,-8.383344153230201e-9,0.00025629259045841516,-6.893200301916802e-8,-7.937999055588642e-10,1.4106977882481334e-9,-5.976182638825639e-12,-8.288310063976471e-8,1.2423910908169323e-10,0.00027658922494802173,-1.9328363231641608e-10,-7.360316899527214e-10,2.823957019294777e-7,1.0022549956768446e-11,3.4772658257968704e-11,4.28026128561879e-11,-0.00023314786325046515,-3.705002347094855e-9,7.235460074810187e-6,-2.0762558100715142e-7,4.728970481126259e-12,5.33041256681002e-5,0.0007522695315752457,2.2762918406366886e-8,-0.0019420390016634216,-4.462455375501489e-8,1.5339307598022045e-10,0.00039078213831732314,-9.311150050590044e-7,2.367665737138472e-6,3.7013589306421388e-9,-3.885542050492805e-6,2.519457617004287e-12,0.01007272619534336,7.113395720944513e-6,1.747021866004315e-8,-0.000158306605017308,2.1451141256901845e-11,0.013377048706135819,3.969678528539241e-11,-3.5503274879021306e-10,1.4100744474936074e-12,-0.002117377844811569,0.00013820005071528866,-1.3436337154041153e-6,6.9128102638239265e-6,4.7911428622082764e-12,-0.001877305327010186,-0.004886831238776925,7.658670364721268e-8,-5.887626692646495e-10,-0.010134946087026484,-6.521399074986573e-6,-9.209455756442635e-7,3.152730669590084e-9,-7.287406854841868e-9,-0.006217328796398151,0.0004697644643158192,1.215135425614244e-9,2.2961221594284484e-8,1.1396378814653222e-6,0.00026770507837216626,1.442549276500692e-6,-1.1848636006677552e-11,-3.934174193163365e-7,2.942445219273588e-5,-0.00012509212465683557,1.762443635963747e-11,9.100854789403303e-12,-1.7799110423550998e-9,4.035320258509212e-9,1.4904350454032452e-9,8.528763094835634e-10,0.0011329318221710019,-0.009608612583217997,4.386541905877687e-12,7.139267542687705e-8,0.0002849356249496629
0.0,0.0,0.0,0.0,0.0,0.0,0.0,0.0,0.0,0.0,0.0,0.0,0.0,0.0,0.0,0.0,0.0,0.0,0.0,0.0,0.0,0.0,0.0,0.0,0.0,0.0,0.0,0.0,0.0,0.0,0.0,0.0,0.0,0.0,0.0,0.0,0.0,0.0,0.0,0.0,0.0,0.0,0.0,0.0,0.0,0.0,0.0,0.0,0.0,0.0,0.0,0.0,0.0,0.0,0.0,0.0,0.0,0.0,0.0,0.0,0.0,0.0,0.0,0.0,0.0,0.0,0.0,0.0,0.0,0.0,0.0,0.0,0.0,0.0,0.0,0.0,0.0,0.0,0.0,0.0,0.0,0.0,0.0,0.0,0.0,0.0,0.0,0.0,0.0,0.0,0.0,0.0,0.0,0.0,0.0,0.0,0.0,0.0,0.0,0.0,0.0,0.0,0.0,0.0,0.0,0.0,0.0,0.0,0.0,0.0,0.0,0.0,0.0,0.0,0.0,0.0,0.0,0.0,0.0,0.0,0.0,0.0,0.0,0.0,0.0,0.0,0.0,0.0,0.0,0.0,0.0,0.0,0.0,0.0,0.0,0.0,0.0,0.0,0.0,0.0,0.0,0.0,0.0,0.0,0.0,0.0,0.0,0.0,0.0,0.0,0.0,0.0,0.0,0.0,0.0,0.0,0.0,0.0,0.0,0.0,0.0,0.0,0.0,0.0,0.0,0.0,0.0,0.0,0.0,0.0,0.0,0.0,0.0,0.0,0.0,0.0,0.0,0.0,0.0,0.0,0.0,0.0,0.0,0.0,0.0,0.0,0.0,0.0,0.0,0.0,0.0,0.0,0.0,0.0,0.0,0.0,0.0,0.0,0.0,0.0,0.0,0.0,0.0,0.0,0.0,0.0,0.0,0.0,0.0,0.0,0.0,0.0,0.0,0.0,0.0,0.0,0.0,0.0,0.0,0.0,0.0,0.0,0.0,0.0,0.0,0.0,0.0,0.0,0.0,0.0,0.0,0.0,0.0,0.0,0.0,0.0,0.0,0.0,0.0,0.0,0.0,0.0,0.0,0.0,0.0,0.0,0.0,0.0,0.0,0.0,0.0,0.0,0.0,0.0,0.0,0.0,0.0,0.0,0.0,0.0,0.0,0.0,0.0,0.0,0.0,0.0,0.0,0.0,0.0,0.0,0.0,0.0,0.0,0.0,0.0,0.0,0.0,0.0,0.0,0.0,0.0,0.0,0.0,0.0,0.0,0.0,0.0,0.0,0.0,0.0,0.0,0.0,0.0,0.0,0.0,0.0,0.0,0.0,0.0,0.0,0.0,0.0,0.0,0.0,0.0,0.0,0.0,0.0,0.0,0.0,0.0,0.0,0.0,0.0,0.0,0.0,0.0,0.0,0.0,0.0,0.0,0.0,0.0,0.0,0.0,0.0,0.0,0.0,0.0,0.0,0.0,0.0,0.0,0.0,0.0,0.0,0.08468950512598314,2.378430351373671e-5,-3.6347675170868604e-6,-5.110299535289061e-7,0.0008982779632786408,-0.0016797115450894746,-0.0016528673058360838,4.173935268469765e-7,-2.1620164026419407e-6,0.003682631325410559,-1.1548571980724289e-7,-0.00039222050135131293,-0.000231051662786301,5.100196303188138e-9,2.4016540795144453e-5,0.0047319019538120365,0.00014802923532848732,-4.634280437101287e-6,0.0020509960352700636,-0.0023989103712026764,6.289713150629945e-5,-0.0015381766911603029,-0.00019265587343264613,0.0026786803242235856,1.242486296174133e-6,1.8426161619052586e-5,1.7943504326990225e-5,2.76121936699005e-5,-6.664963550495761e-5,3.0058691927502094e-6,6.799146214338904e-7,0.0004041876658104948,0.007238503484952947,3.0448267663957086e-7,-0.0005377341958213,2.3272235456588238e-7,-8.462882083513936e-6,1.3178891642938213e-5,0.02246364162808248,4.210907387061802e-5,-4.157680740646592e-7,-6.964079423382177e-6,5.232346384122412e-7,0.0003595503640304961,8.866276597213852e-8,-1.6569705248789162e-7,3.6422153028814565e-8,0.01887293302421307,1.7676109606047323e-5,-0.008135977371999415,-0.005062285534123475,-4.1018533448871856e-9,0.0017645386758152301,0.002638234088044866,0.0005562816640822977,0.00016452269311167248,-0.002672187593090414,1.3170965391616233e-8,-1.7976667779959176e-7,-0.0010266781946937913,-5.205791771237997e-7,1.6161809918451865e-8,6.391049705634425e-5,5.359609123795856e-6,-9.815003480921018e-8,-1.3629967026144666e-9,-3.312319095847593e-5,-4.874698751479984e-8,-7.882124022940769e-8,1.8711382919800703e-5,-0.00505991450293334,-5.5583973093395406e-8,-0.000739004638122486,-8.244763304517967e-8,-1.2058436035417054e-8,2.2761420737526036e-9,-7.759038498253793e-8,-2.1095992833695222e-8,2.21938706847684e-6,-0.00020326254404786273,-9.83321411427422e-5,0.00429706875776541,1.9424381501324633e-5,-6.65437975721595e-6,-0.0019191976704205232,-6.431786018217282e-8,0.0017997311964319702,-0.00029100234664044536,-0.0027036536912766382,-2.3427661174477387e-6,-4.427995788925181e-6,-2.7729224094548312e-5,-2.968277326916487e-6,-1.827539200239468e-8,-3.607753330384451e-7,6.323487635812657e-5,-2.4882871284983125e-7,-1.980168890663401e-5,-6.87728584227144e-6,-6.103064201573952e-8,-4.2089417805844074e-7,-2.421907734733465e-7,0.0006395342777865364,3.0840422715291006e-7,-0.0008501385843069825,3.6744120408852515e-7,-2.124293076596717e-6,-0.001983641152622201,-1.0837084023552159e-7,0.0010676283763787083,9.829842831617244e-8,2.6748826082650122e-5,-2.9504011391375642e-6,4.52761831190352e-5,2.0688918145657087e-5,-1.6246643451037995e-8,3.088139941745755e-8,1.5547127026777835e-6,-0.0005901339196636094,0.00013538559596150158,3.55988697628346e-5,2.479258192635435e-6,-1.1701358853009272e-7,0.0004882816537822332,9.365093034477675e-6,-5.6637316150973985e-5,-2.6226434158558936e-5,-1.1096478551194799e-7,1.945811277910729e-7,0.010038084496934174,-9.131210555505496e-8,-3.8104312978982676e-8,-7.034072641725672e-8,8.70326437211556e-7,-4.0273477423808775e-8,6.748634002512215e-7,-1.3540652387041129e-6,4.5988758637982064e-7,-1.3467022133928645e-5,1.4936726250516718e-7,0.0008074206449293239,1.4601059887928925e-5,7.588667352671867e-7,7.37994476713005e-7,6.778547622180677e-8,-0.0005639820795735268,-1.8813285057196786e-6,3.4279075603102373e-9,-0.0008206986217708613,0.0013231135679858661,2.6447938109185043e-7,-3.0987283651451988e-6,5.742369666967886e-5,9.49807841025044e-6,2.650408115125648e-5,0.0021334562581523595,0.007077350542691518,-0.0014234786130613714,0.001619135771240063,6.7937973257370445e-6,-7.816173079379695e-7,6.080960136465009e-8,-4.258584016832279e-5,1.3461508470311647e-7,0.0014599984237562865,-1.751462370743034e-5,-0.0029234796345510576,7.530091325739182e-5,-0.0017391614015188671,-6.231434210559201e-7,-9.406370125210876e-5,-6.213572803688551e-6,-1.2127605339436635e-5,-2.2550989987920912e-7,0.0040423786032958466,-0.008063403178127235,-8.545206718465718e-7,1.3869784809394423e-7,-0.003707249866086054,1.413631674732153e-6,-5.144257536147026e-9,-5.06930035645537e-7,5.096742944700764e-7,-4.52170453839914e-7,0.00023451828697656767,-1.7185363218318258e-6,2.263952699449204e-7,0.0003975171363443167,0.004182889584703475,5.885225717999243e-5,8.928244759116797e-7,-1.3136532853993235e-7,-1.9129077092805365e-5,0.0016413891700680582,2.2366354867464378e-8,-2.9860250407915418e-6,0.0017516009943733272,-4.739813111883969e-9,-0.0027365355823670205,0.017374489714481182,3.7620528033157997e-6,-0.0003286691068014772,5.553787664696161e-7,0.005118781130388953,-8.582989761951201e-8,-0.0003866976954729062,-0.0005020084616582651,4.897684118409038e-7,0.004229345065308464,-1.662177522104471e-6,2.709913323353573e-7,-4.509919207486296e-6,4.179346366788914e-8,-1.6074239788449312e-5,0.002907402111343767,-0.0015969310690603434,2.607133465880253e-7,-2.9474005275482265e-7,-0.00015892098300842737,5.577979194520378e-7,0.003550681615221494,-1.5924101853896487e-6,2.6579085847236963e-8,5.416192285735754e-6,5.252439381360271e-7,2.0767936499160388e-7,2.6011074437067524e-7,-0.00014863958378781626,-1.579955483262649e-5,-4.506284405809283e-5,-2.6212405046244944e-7,0.0006946140732005916,0.0001580792192746619,-6.274559201298744e-8,-2.2036591473874376e-7,4.068733259417473e-6,4.555969585372623e-7,1.3697468222796946e-5,-0.0001505628155759684,0.0003573682320770064,-0.0002485705622062227,0.002054887210644861,-0.00029241383636841565,-2.5841452197557543e-6,-0.00015114402123339875,6.959057343590557e-5,-0.0011600487370922639,-1.3364060404131974e-5,1.7872271170161847e-5,2.410141176471374e-6,1.7822513483910022e-7,-6.765376493258519e-6,-3.2878086358332066e-8,2.1168357167153124e-8,-0.0008765934849885356,3.3769063264320006e-8,-1.0497466202353204e-5,-0.00024678214930238954,0.001144959413160722,-0.000273171451765379,0.0008885902584468935,-2.0396038317713913e-5,-0.0021249006270914273,-4.955246007721737e-8,-5.237105855542782e-8,-0.0010049871476560282,0.0013643472322800035,-0.0013993606463644183,-0.00015590167679798285,-7.738624637455439e-8,3.106399413652e-8,4.272780035183164e-10,-9.81671737108611e-8,1.8316058408600424e-8,-0.003906414087975855,-8.894043663850418e-8,-9.648956896994022e-6,3.17406798713829e-5,-0.0005747726696737713,-9.091105296311692e-8,-0.0006362171175261998,1.1100151997331768e-5,5.888317950099251e-7,8.17736380059344e-8,0.0003812297532815324,-0.011680792634823705,0.003340049623583474,1.0720588893536992e-5,0.00017591540593640362,1.5364643978888594e-5,-0.00011594891170112485,-5.342608303231813e-8,-1.8265416562962004e-8,3.9882030515299315e-5,-3.5124955784504908e-6,-5.672521909364105e-5,7.191608572508988e-7,-1.523765352687382e-8,-5.098377249348424e-6,-0.006421871268538904,-8.407685357328676e-5,-1.2154044226670531e-5,0.003748608186328856,0.01006205291533898,1.8575637290852082e-6,3.195294131361115e-7,-1.629494395610471e-6,-0.001246043037946383,0.0004456437710636089,4.26731316569287e-6,-0.009475441591974568,-4.921372723410871e-5,0.00010305475106860632,0.0016407641629893473,-6.49468122435093e-7,-0.0020492243083509386,-1.0085862722670571e-6,-1.1621829146399148e-7,-4.088868354735691e-6,2.231871623439568e-8,-0.0144489687998102,-1.2848566531962656e-7,2.564745577211372e-7,-1.5728006307894115e-7,6.121339953955336e-6,7.352497496774763e-5,-4.14650502953909e-7,4.6184133947904255e-7,-1.9442020343811675e-5,0.0006879323016026874,2.1646892362446656e-6,0.028760003862547096,8.22462669462196e-6,3.307539145989065e-8,-0.0008660609557340455,6.771005220892822e-5,-0.0009140762356372924,9.293308288662874e-7,0.0012401725879708822,-4.8748417947851e-6,-0.0008821577636169827,-0.0005135667782516651,0.0019343618731577305,-1.0094796115246402e-6,7.135602004187795e-7,1.8651388857170007e-5,-9.420816405183006e-6,-0.00158572277124508,0.001203918250678637,-0.00048488213500814134,5.000524001885824e-8,0.00015564962197478068,-0.0004449223005261493,2.9052698887933123e-8,-1.8788169182359623e-6,0.0010667768686596683,6.075342717101175e-7,-6.611805265890747e-5,5.645604256132447e-8,1.2400028008416724e-8,6.871542484157259e-5,-0.0005983335724067194,2.2488194954144607e-5,-9.63476517463118e-8,5.74771390104462e-7,0.001953876695715747,1.751639692387418e-7,-0.00016297206076185938,4.3010892207025914e-5,-9.698508525625754e-7,-2.0436177207296684e-5,-1.624219608534887e-5,0.00040648741414635217,-0.0004190361785649615,1.5861747453816173e-5,1.6611850535073865e-8,2.641725690140813e-6,0.017931173891069494,2.683689739557555e-5,-1.4147979675683137e-7,-3.529959637811008e-8,-0.0009611517947753976,0.007139387070245119,-8.841555048277744e-9,2.0119087252818377e-9,-3.0660934797279785e-8,0.0002302782759700754,1.8838865076021001e-7,0.001961514885701781,-4.14184768612924e-6,-8.311577720749813e-5,-3.003564118665663e-7,-0.002374351695193621,6.503401161995567e-6,7.986342053972492e-9,-0.00013455881842174228,-0.00013719445640290602,0.004094118151269911,-2.7587223164649394e-6,-4.990290205189755e-7,1.5821738441496386e-7,-3.421568921954193e-8,-0.00023223833663923852,6.935234140248286e-5,-0.017252056142227953,-2.2798517241881367e-7,-0.0006404441229520527,9.328991611620889e-6,2.302829767760226e-5,-8.929928378052803e-8,0.0011798908616036524,1.6595471362366537e-5,1.202337942981786e-5,-0.0030551261779378502,0.0012909312457490183,2.388936804429159e-5,-0.003235594499498359,1.955557738079181e-7,1.0667778512239808e-6,-0.0013799898735886056,0.00033767212406222107,-3.8049043761181513e-6,-1.0866691866466202e-6,1.104194032613045e-6,-2.6489523848602408e-6,-4.794143054510561e-6,-3.981482585868799e-8,1.8701489619478832e-6,3.6247461716287755e-5,-0.0014843033010962937,-0.002237925611345274,7.691080733637143e-8,2.288060393980916e-6,-5.0822802410546785e-8,0.012200393506887652,-7.810092642695203e-6,1.2723459455700262e-7,0.0023915419802197652,0.009011473777397557,-0.00012464142671347924,-0.00016480560361482546,-4.771522490766238e-7,-9.346783182817946e-9,-1.100440889446098e-5,-0.00032115521297992704,-0.004518993715909128,-2.1185231639086626e-6,-0.0010780264155128845,-2.2708588496515e-5,0.00398183697902379,-1.4866091604030948e-5,5.493829249128871e-5,4.950676563083461e-7,-1.280309630918862e-5,0.00023366421462494666,-0.000345768759656458,-0.00018311288179912678,2.8024871376004025e-5,1.0296889907484777e-7,3.6173663410498616e-7,3.451795223454206e-7,-2.1398488445916178e-5,-1.4256712185942599e-8
0.0,0.0,0.0,0.0,0.0,0.0,0.0,0.0,0.0,0.0,0.0,0.0,0.0,0.0,0.0,0.0,0.0,0.0,0.0,0.0,0.0,0.0,0.0,0.0,0.0,0.0,0.0,0.0,0.0,0.0,0.0,0.0,0.0,0.0,0.0,0.0,0.0,0.0,0.0,0.0,0.0,0.0,0.0,0.0,0.0,0.0,0.0,0.0,0.0,0.0,0.0,0.0,0.0,0.0,0.0,0.0,0.0,0.0,0.0,0.0,0.0,0.0,0.0,0.0,0.0,0.0,0.0,0.0,0.0,0.0,0.0,0.0,0.0,0.0,0.0,0.0,0.0,0.0,0.0,0.0,0.0,0.0,0.0,0.0,0.0,0.0,0.0,0.0,0.0,0.0,0.0,0.0,0.0,0.0,0.0,0.0,0.0,0.0,0.0,0.0,0.0,0.0,0.0,0.0,0.0,0.0,0.0,0.0,0.0,0.0,0.0,0.0,0.0,0.0,0.0,0.0,0.0,0.0,0.0,0.0,0.0,0.0,0.0,0.0,0.0,0.0,0.0,0.0,0.0,0.0,0.0,0.0,0.0,0.0,0.0,0.0,0.0,0.0,0.0,0.0,0.0,0.0,0.0,0.0,0.0,0.0,0.0,0.0,0.0,0.0,0.0,0.0,0.0,0.0,0.0,0.0,0.0,0.0,0.0,0.0,0.0,0.0,0.0,0.0,0.0,0.0,0.0,0.0,0.0,0.0,0.0,0.0,0.0,0.0,0.0,0.0,0.0,0.0,0.0,0.0,0.0,0.0,0.0,0.0,0.0,0.0,0.0,0.0,0.0,0.0,0.0,0.0,0.0,0.0,0.0,0.0,0.0,0.0,0.0,0.0,0.0,0.0,0.0,0.0,0.0,0.0,0.0,0.0,0.0,0.0,0.0,0.0,0.0,0.0,0.0,0.0,0.0,0.0,0.0,0.0,0.0,0.0,0.0,0.0,0.0,0.0,0.0,0.0,0.0,0.0,0.0,0.0,0.0,0.0,0.0,0.0,0.0,0.0,0.0,0.0,0.0,0.0,0.0,0.0,0.0,0.0,0.0,0.0,0.0,0.0,0.0,0.0,0.0,0.0,0.0,0.0,0.0,0.0,0.0,0.0,0.0,0.0,0.0,0.0,0.0,0.0,0.0,0.0,0.0,0.0,0.0,0.0,0.0,0.0,0.0,0.0,0.0,0.0,0.0,0.0,0.0,0.0,0.0,0.0,0.0,0.0,0.0,0.0,0.0,0.0,0.0,0.0,0.0,0.0,0.0,0.0,0.0,0.0,0.0,0.0,0.0,0.0,0.0,0.0,0.0,0.0,0.0,0.0,0.0,0.0,0.0,0.0,0.0,0.0,0.0,0.0,0.0,0.0,0.0,0.0,0.0,0.0,0.0,0.0,0.0,0.0,0.0,0.0,0.0,0.0,0.0,0.0,0.0,0.0,0.0,0.0,0.0,0.08423500418658654,7.12705432537649e-9,0.0019242479271124545,-0.0003971951088845053,-4.11639349082317e-6,-9.318348020178509e-5,-1.4090887619185687e-10,2.8190170686122777e-5,0.00015005857341254496,8.871990545078582e-11,1.5441693741750038e-7,-0.001741681084467474,-0.0014832962942590434,1.810314015758184e-8,5.420950782896526e-5,0.007130660486923947,-0.0007231779467804214,0.00015179912889131853,-7.072427819852094e-7,1.641877866117325e-7,-0.00026998793423400446,0.0003129495012711658,-2.6611213361837982e-6,0.008694545750775436,0.001571746200524619,0.015704244902840635,-1.3305248906153055e-8,-7.512065801107271e-8,1.117526882602767e-9,4.1026509558494536e-10,-0.00017306426031322433,8.564437851195833e-6,0.001196582270967143,3.768399437777415e-7,-0.002441728229947741,-6.866516917722205e-9,-0.0031382988886197866,-1.1435222665394501e-5,0.011007849494199284,-0.03942196512645914,-0.0001971198804468952,-0.0001358293835695719,-0.00021443537585301642,-2.6439626350258607e-11,3.650687443352223e-6,0.00028147226266949255,-4.22772089182368e-5,-5.413649090585687e-9,-5.7199117170036205e-5,1.6226582722800945e-6,-3.0873079968141934e-11,-3.7042824745708066e-6,0.00011150946501794073,0.0006550656892937316,2.8982248817397846e-7,-8.431255356422356e-7,-4.242566123136844e-12,5.611517173319856e-11,-4.247536628941309e-6,-7.56200031146699e-11,-3.887443382759262e-12,-9.917955196502705e-5,0.0011914374259329845,0.00011162234230905574,-1.2565568259364331e-12,-0.005205292669096215,3.632300331504262e-11,0.0011337825042223627,-2.0712280347929593e-9,-7.333791473606872e-7,1.092632785197104e-11,5.8502713679269045e-6,-8.735212378138465e-5,0.0007285587087887312,0.0001311872658948805,0.0001392535143262503,0.0011157181868535224,3.4556746847053326e-9,-0.001520736083902036,-0.007293591928400124,8.321150679796836e-8,0.013324091245502165,-0.001411433415548419,-0.00042266621683837184,1.206500943524563e-12,-3.849780939751045e-5,-3.235722174954823e-8,-1.05249326147094e-6,0.009890369427323456,3.486089629919968e-8,-0.010719857200732921,-6.369078482122073e-10,-8.313288832850943e-5,-0.002436431066798954,0.008632807861358859,2.849869122837142e-11,-0.0016457636127252986,-1.7832531483499328e-7,-2.9466029902268006e-12,0.00034050834413561015,-1.4521915719997273e-12,8.77479114028059e-8,8.67732726254279e-11,0.000519498918488448,0.012347815329671684,0.00020616356272970917,1.2839216731746018e-5,-0.0001784653630399657,-1.6847593262641374e-8,0.00033039604162332447,1.1591924249211141e-8,-0.0015844631001149803,0.02099382079447202,0.008151041066430036,6.6099693308396475e-12,-4.931436823809115e-12,6.673311629472572e-9,-9.779971529475953e-7,0.00021702983018632237,1.4544363434863072e-9,0.0020591634403159,9.791236594500279e-11,-0.00035276883192275117,0.005978492530035668,-0.01192525067636484,-1.1064925503474408e-8,-0.00023317001900567905,4.347384302104535e-11,-4.4278631086078836e-7,-3.7734924959838413e-10,-0.0037108439424557273,0.0002189393528979107,-0.001000248358136744,2.917265901085046e-10,0.0008322957183823416,0.0014569783632134418,-0.0024093435769043524,-0.0018039359110696047,-4.386906957895495e-11,-3.7208192633510924e-7,8.756202106723358e-9,0.0008715303509576975,0.00018143469548340252,4.853965890516847e-5,-7.300014740112093e-7,-0.005390452425613754,-1.3143925691014538e-11,4.750716898288808e-7,2.1963102670197534e-6,-0.0024157446554421693,1.56294999874847e-9,-2.8041104641048275e-8,0.007566740247855341,-0.0028626677198234094,1.1787397556733342e-6,-4.3185938392566965e-6,-3.578883272351835e-5,0.0001694243629941028,2.9426571433926618e-9,1.2458304037309518e-9,0.00101772006541613,0.004211549500574078,-1.258217666853813e-10,-3.359785702091181e-5,2.0579092930602582e-5,-6.979752049021296e-5,-2.8001502650879003e-7,7.264373869350106e-6,-1.4961000940087441e-9,-2.3515965815393236e-7,-1.421266237528713e-8,2.4668033574276735e-7,-0.00043771037253248366,1.0502705902877479e-6,-0.00011595044686075029,6.978182654832085e-10,-3.3759617400389855e-11,-5.0599003869997036e-5,-0.0022294069807076385,2.250697041834934e-11,-1.3044493227487936e-9,7.1153923867074e-10,-2.8277862116953274e-9,1.8958289981798934e-7,0.0002885404905657283,0.00030977830513300656,-1.0599327982392511e-8,3.904228749990034e-5,-2.9995137544885546e-9,6.908400041043034e-10,3.674059977970109e-11,9.900034072702228e-9,-8.622790383331188e-6,9.66895114785453e-12,5.139027489264673e-10,1.684787845636891e-5,-0.0015074404633596615,0.00018816387804345463,-4.395744245868884e-6,-1.9659601969808542e-9,-2.7931172157308394e-7,2.0892620207189822e-10,2.413318678234316e-5,-5.006580964301564e-11,-9.305930397567307e-5,-0.0006633925561717845,1.480441206924428e-9,1.3596545465407636e-5,1.816754281259158e-9,-7.094275395984788e-11,-4.3408623349179735e-9,-5.597110701872444e-5,-1.7097009126896317e-9,-9.734467261743488e-5,1.2044672791389039e-5,-5.338040179893134e-10,1.611264290481031e-10,-5.0274024440548174e-8,-3.37796338733548e-11,-7.418191600332164e-7,0.0004122014187825306,-3.1951525875115042e-12,0.002372619930299285,0.003950452879353415,-6.882348809786577e-11,-0.0013487824743617471,-4.6171646876174814e-5,-8.301423755943911e-9,-4.554282737559988e-8,-0.0007387882601316166,0.0009743548835509182,-1.4015539679029115e-6,1.5247292321616016e-11,0.0010590530340590307,-0.015840488149818553,2.0351573809011305e-10,0.03923400602172728,1.2236323106004716e-7,0.0004595806441389213,3.457396739916164e-6,-2.5191756177863252e-5,-9.879047577102937e-8,1.311480306276706e-9,-2.5601737806862296e-8,0.0016729748495430236,-8.773967329287957e-5,1.1230873257025185e-8,-9.184656739884026e-9,-7.292454041137209e-10,3.6215505795649475e-5,0.00420367899320273,-7.554206990484091e-13,8.704985840830905e-11,9.659225866314306e-7,7.029804986404503e-12,2.9165432792763626e-10,2.0086941102584158e-7,9.75737233539104e-7,1.4980972267322397e-7,2.9800365841617723e-7,-0.009600865604970267,-4.704008194088837e-6,2.1664303763772677e-11,7.391571533828966e-5,3.66635177437726e-6,7.861557216352598e-6,-0.000675134460187818,-0.0013393492732849263,2.2668710653816587e-11,-4.1642509637423965e-12,0.0001051087622847917,0.0006017716136559279,-0.00030137469141979656,9.36441523606634e-7,-6.186608263014911e-10,-5.417180772943353e-9,0.0017528308283659825,-1.3470979888396435e-5,-0.0002920833651845734,-0.00015369231201225163,0.012466853327170558,8.329260482328684e-10,-1.5709884144794143e-5,-3.4625486071316174e-8,-4.775264521624091e-6,-3.777196596502918e-6,-0.008808031907363593,1.4859573607802435e-7,7.712414926611674e-9,1.536744596174647e-8,0.0007428316515151671,-2.9918421282711596e-12,0.008492900712541851,-4.968407318147159e-10,-0.004392976067184124,-6.714348365188495e-10,-2.6407985101387663e-12,-0.018979832505663083,3.3840395072420427e-7,0.00029594814223747633,-0.0037297997599329675,-9.118742642211354e-6,7.110741397243785e-5,3.217414241440037e-9,0.0010306170043190984,-0.001796993666302794,5.263906249890113e-9,-0.000140053403039006,0.0003329829942633695,2.9165856399366595e-6,4.118753033260984e-6,-9.651823188222986e-8,0.0002771142645773204,-3.126810067188903e-11,3.9520065937699245e-7,-0.0006341582972139353,-4.2102165614941265e-11,0.0010983429797233677,-6.580899882037689e-5,-4.95942805530378e-5,-2.9949843396149207e-11,-4.1533342066406596e-10,0.0007915249040915352,0.011484814844187405,2.2256277761926796e-8,5.748648232112822e-12,9.451671846740144e-11,4.5220012115562936e-8,1.0177922769009012e-6,0.0007611503118036096,3.0331308336574824e-6,-0.0006182604301194874,-3.501965846683878e-12,-6.713523522395827e-6,2.6472572928637862e-8,3.967277180969232e-7,-0.018508960665577855,5.4702889742601074e-5,2.3516976782110342e-9,2.393699165206394e-7,3.0502988753727528e-5,-5.3613070221461065e-6,1.5455309225397695e-9,-0.001684648208498469,0.01022414942994305,1.4259583240214521e-8,4.413316098036553e-7,4.4997984532555963e-7,-5.741017990774925e-7,-7.974061942068717e-11,-0.0005521602944269599,2.8201950506638e-7,2.33934406612013e-5,-0.003264603838478157,-0.0001825005306059502,-0.0029098161138060782,-1.0020369887725665e-7,-2.594044198559679e-10,-2.5982696922488314e-11,0.0007490025451145347,0.0003005945927443289,0.004807760749298665,-0.0003832528836767927,8.961017105538646e-10,-1.5048627443661464e-5,-4.8372130698478455e-11,-2.3299947875327272e-7,4.83870140477696e-9,8.12676268629882e-10,-0.01310079964010076,-7.729446463448882e-9,-9.625045669447333e-5,0.00027916939575702775,0.0026305805315202414,9.086889892427865e-13,-0.0001202367664511804,-1.89384579267585e-6,-0.0002459618515810301,0.0003716782641993527,-0.0006265951608525253,-5.119879649635073e-7,-2.758191619227066e-8,3.253884137700065e-11,7.985143643887769e-13,-9.251136764713972e-12,-4.2907198725737246e-6,-9.240667611541563e-11,4.538509414812108e-5,-0.004964457575464353,0.002152660068477893,-0.001136543241353106,2.589666363304827e-5,0.007272361348395077,-4.276934973672081e-12,-8.706751775910505e-5,0.004629719219944491,-5.231009017169668e-6,-0.0006635938173293349,0.006144701465153226,0.00954935676000774,4.555960194121807e-11,-0.0017823760240831506,-1.684574610942221e-8,-5.987000031886374e-5,-0.0002622633380270651,-7.82386440565344e-8,-1.8672719143315114e-9,3.236647484530137e-5,3.29775572662801e-11,0.0002075063441023947,0.022804688755954216,-8.377706335763786e-10,-2.388317444955693e-6,3.5916930612296296e-7,0.00551692919738498,-2.2494793714333895e-6,-0.00032954130289009347,2.3365967139248574e-10,2.2828107007012715e-7,0.00014875324811810313,2.4168377800992544e-9,-0.0015758504983415323,1.5641341665706347e-9,6.777736722038046e-5,0.0006463164856813962,-7.888806029947786e-5,-1.330522556384731e-9,1.2583053907597222e-7,-4.431161872198126e-7,-6.455061984923779e-7,0.0010918771534106889,2.205786348608998e-9,6.697066447467528e-10,-3.9727207364923674e-7,-0.0021102051122001758,-3.675810592396197e-10,-1.3197838719985806e-6,-6.306767290563364e-6,-0.0008845085103553613,-0.0008517091104333516,4.660430947712828e-11,-8.199104653116417e-12,0.0005232801791350511,-0.00039255673899145675,4.4863828581796695e-6,5.919407930607656e-9,-3.4409229939724864e-7,0.0010914280129599556,2.532435640561745e-7,-1.6860771483692977e-8,-4.1408074773811905e-8,-0.0007323928313618479,-0.01179129980782054,-0.00010818734093550526,9.716477429492281e-5,0.0001195702897804342,1.600460726166359e-5,-1.6478954100956735e-10,1.0665034774269687e-10,0.0010061011604876326,9.676531274185823e-6,-6.842162603275947e-12
0.0,0.0,0.0,0.0,0.0,0.0,0.0,0.0,0.0,0.0,0.0,0.0,0.0,0.0,0.0,0.0,0.0,0.0,0.0,0.0,0.0,0.0,0.0,0.0,0.0,0.0,0.0,0.0,0.0,0.0,0.0,0.0,0.0,0.0,0.0,0.0,0.0,0.0,0.0,0.0,0.0,0.0,0.0,0.0,0.0,0.0,0.0,0.0,0.0,0.0,0.0,0.0,0.0,0.0,0.0,0.0,0.0,0.0,0.0,0.0,0.0,0.0,0.0,0.0,0.0,0.0,0.0,0.0,0.0,0.0,0.0,0.0,0.0,0.0,0.0,0.0,0.0,0.0,0.0,0.0,0.0,0.0,0.0,0.0,0.0,0.0,0.0,0.0,0.0,0.0,0.0,0.0,0.0,0.0,0.0,0.0,0.0,0.0,0.0,0.0,0.0,0.0,0.0,0.0,0.0,0.0,0.0,0.0,0.0,0.0,0.0,0.0,0.0,0.0,0.0,0.0,0.0,0.0,0.0,0.0,0.0,0.0,0.0,0.0,0.0,0.0,0.0,0.0,0.0,0.0,0.0,0.0,0.0,0.0,0.0,0.0,0.0,0.0,0.0,0.0,0.0,0.0,0.0,0.0,0.0,0.0,0.0,0.0,0.0,0.0,0.0,0.0,0.0,0.0,0.0,0.0,0.0,0.0,0.0,0.0,0.0,0.0,0.0,0.0,0.0,0.0,0.0,0.0,0.0,0.0,0.0,0.0,0.0,0.0,0.0,0.0,0.0,0.0,0.0,0.0,0.0,0.0,0.0,0.0,0.0,0.0,0.0,0.0,0.0,0.0,0.0,0.0,0.0,0.0,0.0,0.0,0.0,0.0,0.0,0.0,0.0,0.0,0.0,0.0,0.0,0.0,0.0,0.0,0.0,0.0,0.0,0.0,0.0,0.0,0.0,0.0,0.0,0.0,0.0,0.0,0.0,0.0,0.0,0.0,0.0,0.0,0.0,0.0,0.0,0.0,0.0,0.0,0.0,0.0,0.0,0.0,0.0,0.0,0.0,0.0,0.0,0.0,0.0,0.0,0.0,0.0,0.0,0.0,0.0,0.0,0.0,0.0,0.0,0.0,0.0,0.0,0.0,0.0,0.0,0.0,0.0,0.0,0.0,0.0,0.0,0.0,0.0,0.0,0.0,0.0,0.0,0.0,0.0,0.0,0.0,0.0,0.0,0.0,0.0,0.0,0.0,0.0,0.0,0.0,0.0,0.0,0.0,0.0,0.0,0.0,0.0,0.0,0.0,0.0,0.0,0.0,0.0,0.0,0.0,0.0,0.0,0.0,0.0,0.0,0.0,0.0,0.0,0.0,0.0,0.0,0.0,0.0,0.0,0.0,0.0,0.0,0.0,0.0,0.0,0.0,0.0,0.0,0.0,0.0,0.0,0.0,0.0,0.0,0.0,0.0,0.0,0.0,0.0,0.0,0.0,0.0,0.0,0.0,0.08407472150842463,-1.049807441682007e-9,2.208029314845179e-7,-4.456029045687786e-6,6.483764245704703e-7,-0.00012590697492992196,-2.9247738569656176e-9,1.5100966323203659e-6,3.1357537925476913e-6,0.0027696563644775685,-5.206201264111895e-8,-6.736096651840151e-11,-0.0234607490104473,1.4383746568777472e-6,3.108751678317885e-8,-2.368990709154814e-9,9.043687975500019e-7,-0.00011613143647255054,0.0037718725245010974,-1.977718860651915e-6,-2.9049968388018413e-8,3.0554874510391015e-5,-4.737894299922709e-10,-1.88049207329182e-9,2.294876890630789e-9,-0.00527206806674019,-0.0034474073116628665,0.009154145080458453,-0.0012444301033824972,4.3890018986389763e-7,-1.59932045703631e-6,8.077855695638728e-11,-0.00031827658886206944,-2.279022432702153e-11,-0.023699562217059125,-3.263924099387831e-10,6.525701079901105e-6,3.9927948344622364e-8,2.9164382941951862e-9,-9.343610912485299e-8,-4.758341096753956e-11,2.665079078796999e-7,7.021293508764223e-5,1.0678212429505807e-10,-2.740702080764432e-10,-7.55000257334597e-6,0.001955265343442716,-4.665798320134582e-7,-2.1961394587244876e-5,0.0003732424843516184,-1.1839813837480986e-6,2.438507825108256e-6,1.019268591830924e-6,0.0005756452145920266,-8.725204372925525e-6,5.1085178451402875e-5,-0.00046257593673141846,1.606236394540477e-5,0.0015689440831420465,3.381994065144153e-5,7.914030628746872e-8,3.7017817024852085e-9,-3.605594987107611e-10,3.2238965579332784e-5,4.0563865483997463e-8,0.00021868992164289153,-3.099916416318121e-10,0.011357866992217833,-1.2258471248820889e-5,-1.5498575553088238e-5,3.3306135981163937e-6,-9.62316366105053e-11,-1.995775722641875e-10,-9.19907670809364e-11,-1.3950847958460478e-10,-1.926685118381876e-10,-0.009762217414905783,-1.977347578107657e-8,-1.275783984248784e-7,-9.934807419298605e-5,-1.1544873088550172e-8,-3.445344120806177e-9,2.1697224252103373e-7,3.702994362356364e-5,5.711251374832044e-7,-0.0004945035478615304,-8.171066118481782e-5,-1.707726734577979e-9,0.0032306214678174323,-3.8673128580317465e-8,-0.0012535417973902996,9.280183619635659e-11,9.386311827662365e-10,1.9892116939762823e-8,-0.0008985886874321571,-8.85366167383202e-9,-0.0046134613668686545,-0.00010092118854527491,-1.9364855041702282e-10,6.739667768633767e-5,0.0017639126493611927,-0.0018358125381834787,-4.0123724879263187e-7,-7.450933757334899e-10,1.5853674936122138e-9,-1.808308078192101e-5,-5.661525457675827e-11,0.00010459664775884179,2.1098568488843894e-11,0.003185854185278577,-5.189764185301077e-10,5.2023898334188204e-8,8.321050532470184e-9,5.881988282664512e-5,-4.339314984635359e-5,0.0015679598475847843,3.85805925651765e-5,-1.7001843497633273e-7,0.0001388377401408966,4.550528117594114e-10,0.00012094501109646002,1.5347471610143433e-7,1.96685241759958e-8,-2.4593517922721366e-8,-0.0004058330258542373,-5.082787604368379e-11,-7.58646118929639e-5,-1.0523386591754603e-5,-0.0018604961756846028,-1.5144553256322962e-9,-1.1560733356763356e-10,5.761847834413053e-10,0.0008515841687374502,5.164197977515822e-10,6.335204209331043e-10,-1.1413418162796377e-9,-1.1542315915473103e-8,0.00017024381436515413,-0.000195756512131329,0.03166251358039905,-1.0300911264125092e-9,-5.063751911154887e-10,3.075605608825298e-11,0.00028670404604981173,1.153244884100766e-10,-2.4830748459068392e-5,0.0003180681472744921,-2.1287896963323767e-6,8.147818857781305e-10,0.012821879027807587,-0.007448929048297879,4.636671090993739e-9,2.4799924544867916e-9,0.00016731598025049343,8.157307594229789e-5,-1.4390263766244978e-5,3.2045651131701277e-7,0.04140096636411656,-0.0032805227011834747,1.6765173986962497e-10,-1.3111180024238856e-8,-0.0011658952959768096,-3.0307590482777107e-6,6.757029442382701e-11,6.940330966210096e-8,-0.0010811942890093691,-1.1867817685993012e-6,-0.034248184420679374,-0.0017739841219544424,-0.0038051301927016735,0.00040428816130599784,-8.551374492819702e-11,-7.333348757695782e-5,-8.232889408829533e-7,-0.0010776658568895298,3.820602585121302e-5,-6.262695964025353e-6,5.823971051326633e-11,4.394447017694388e-5,-0.00434792918526644,-0.0011657609451043887,-0.00545453239306518,0.0002043778376065762,-9.271628133900034e-10,-8.47532055482494e-9,0.00093594646196975,8.054809574728432e-7,0.0005845970742373259,0.0003025469806208138,0.0011087491827770244,0.008276665177458358,3.924510656883266e-6,-1.7983892336880274e-5,-0.00021464404747020355,5.756730432025766e-7,2.4577728219923015e-10,-1.210000898848396e-6,-1.028759957922018e-5,-0.013950256570333561,-0.0006533181474385062,0.012478347213464256,4.117774330909833e-6,2.4042082480630017e-5,-8.868925417321005e-8,-6.14830890687446e-8,0.006969587572255495,3.3681732963010917e-6,0.01247214453560991,-0.00012022055536542178,-0.0007039585097020398,5.98356971725752e-11,-0.0034496244043309213,-6.752435859018075e-7,-3.075334671735163e-6,-0.0006517982248354045,0.0003717086392813623,-0.0006788229195993198,-0.0010456483817487924,8.183346838627085e-6,-4.73779977396584e-10,1.1284366711991034e-5,-1.7357537863230793e-9,2.9609617164029405e-9,-0.0007953617874924139,8.233076020228323e-10,-6.338013975269259e-6,-0.0014452382542795277,-0.0013674423454795913,3.0294921205315753e-10,3.585337630406586e-8,-0.0001257920686730515,-0.0005412437637728009,-9.87057992498582e-10,2.1746675295445877e-9,-0.0008890759561426105,-2.8874190074829856e-9,0.00044382173293966806,1.0572268826750229e-7,4.710598093938724e-6,-1.4714191770700997e-5,0.0015466745806669033,-0.000589936674563027,0.002200076719356745,-9.05346867473537e-8,7.463922176994186e-8,0.0016073588597123717,-0.0042562825147009,-0.004749475391615169,1.1960105060832778e-10,-1.666297144012457e-8,9.878984420197296e-6,0.00020738742227919432,-0.00010920844349039644,-0.0001193639781987044,0.034585688181403396,-0.00020052099329836054,-3.1944949276621375e-6,0.001225008517215073,0.0005350281204070216,-1.0875683631960781e-8,-3.503196437088159e-5,7.146161513423325e-5,-9.28626879825829e-11,2.2950152223504203e-5,1.9352542900150585e-6,-2.3722198101330905e-7,-3.5029196143799143e-7,0.00023273441243271402,-1.4313692652096574e-5,-8.166639880511645e-11,-1.8346005745300123e-10,3.469921311330191e-11,-1.9682674030997732e-5,0.00434549073299215,0.0019396002717482297,8.487025587271238e-8,3.4515637365149537e-7,2.1067790211826298e-10,3.164711188106758e-7,1.699283676194185e-8,0.017271351527953185,-9.501510221100001e-11,0.0005736094940534367,-1.4021158183514246e-5,5.908974716109828e-6,2.0114798806585083e-8,0.00016057900490882608,-0.009376844748861244,0.00016995370688730236,-1.788304086572392e-10,1.96277416133346e-6,8.198649675405294e-9,0.0018326501900256858,1.841131899561459e-8,0.0008032872054199429,-1.2285342087174563e-5,1.1299270290098313e-8,-6.904988748784497e-5,-9.784045371662887e-8,-8.961931787773061e-8,-3.1187545973985634e-6,1.979687781992068e-6,0.009249170258513541,1.044547410965931e-9,-2.021633029165766e-9,0.0003956260157310609,1.1595006709252289e-7,-3.3074842078791545e-10,5.5373385066288305e-6,-1.4818418534125361e-8,-0.0042915501358361564,3.3604773263640124e-6,0.0006894643999449466,-5.6057361699992754e-5,4.920325519145135e-12,0.0002050362942817589,1.458998966985761e-10,3.7509261343726226e-11,-4.141029706191893e-6,9.808643450007719e-5,-6.655657159437585e-5,-1.8907160964525804e-9,7.854343593588849e-10,-0.00023984602259829706,0.0009266529388223942,0.00012656323581676615,-0.0008379503956203549,-2.7770731064994142e-5,1.3421461108313525e-9,7.0935777655049975e-6,2.570914515246574e-9,-0.00013333367297764021,-1.353938933151391e-6,-0.0012853640457775601,0.00031359278136587496,2.404065931663623e-9,1.7964974213431823e-6,-0.00034457566727031,-4.35857123693703e-5,3.248960725108886e-7,8.824943871241446e-7,0.0022725049775359422,-4.70314702519028e-10,3.380075636382426e-8,0.0034700451112722026,-0.0003128332884605277,7.891026599619435e-5,-0.00012260626396471086,-0.0008094925031412195,-6.924358779649153e-8,0.00011585493281284406,-1.3568567872321366e-11,8.261306125659894e-10,-8.471342210770536e-7,-1.1030956724097405e-9,5.720993569758038e-5,-0.0020096040344396667,-7.260837111055734e-5,-7.927609001448014e-8,-1.0823440350995257e-6,2.0985567871476152e-8,3.67520032785272e-11,0.0063955700673923735,3.915968575588907e-6,0.0002128045068394282,-0.0018971298776172684,-0.002609793071739435,-0.0011809175007632146,-2.916031277539081e-9,0.00482264245687743,1.1327480049993885e-7,-5.380428180504713e-7,8.337855576046163e-9,6.240707490241905e-5,7.556732998537569e-10,5.67353528972143e-5,9.870431076760828e-8,-1.0551923502754928e-9,8.151924252978342e-10,-3.572615528343089e-5,3.6475820703070965e-5,-6.618490625927155e-5,-5.717261646941308e-6,3.181895853183382e-5,1.3732063004683541e-7,0.00014280722358495706,-2.398950556410391e-7,3.792506878545336e-9,-4.071843455284562e-8,7.355176426888315e-11,-4.077187939316459e-6,5.014972468570066e-9,1.240570135778472e-5,1.2308551503469223e-7,1.0613894169429647e-8,1.1718395819992333e-5,-5.289624647566261e-10,7.055829030027312e-11,-1.1517650004381304e-9,-2.553992315253915e-5,-9.402794758382684e-10,-0.0031497150692368033,-5.012951649867209e-6,1.0371855229638045e-11,0.00036042508788208984,0.022846490595166597,-1.531621378608967e-7,0.00010715251062490661,-7.749740677105053e-7,1.5490553957207292e-9,-0.012137929644328837,1.99111974992316e-5,0.000296608403389558,2.898468725600309e-8,-1.4555259998160466e-5,2.0001403284259152e-10,0.0007628084667203949,3.052279237858152e-5,3.1207823928605567e-7,-0.00019473139950148229,-1.6480806311656686e-9,-0.003242226359768382,3.5658309356047336e-10,-7.1118371702065215e-9,-2.2786332570946973e-11,0.0034800061426494087,0.002090321159255291,-4.516561240767626e-5,-3.770943465740635e-5,-3.7461184017591866e-10,0.018678559542633477,0.0018837292088721281,-2.422057482098084e-6,-4.23179910704981e-10,-0.002180730019846765,1.7989558577194138e-6,-1.5827390817692817e-5,5.2147455906635856e-8,-1.7298275667131376e-7,-0.0004987749340506278,4.749568580613247e-5,1.0479806540734954e-8,3.924243483972045e-7,1.0175216437135118e-5,0.01673077033983666,1.5552195608510454e-5,-5.653242958560783e-9,-2.5137333126193273e-5,-0.0033364015671064288,0.0006364667931288725,1.0549702618569614e-9,-3.792699976242512e-9,1.6479145315261793e-7,-6.874026987293302e-8,-5.292697743717297e-9,9.216900557363185e-8,-0.0015801580404687082,-0.00038359826288979904,-5.3691161653249683e-11,1.3866617942104471e-6,4.449088117051945e-6
0.0,0.0,0.0,0.0,0.0,0.0,0.0,0.0,0.0,0.0,0.0,0.0,0.0,0.0,0.0,0.0,0.0,0.0,0.0,0.0,0.0,0.0,0.0,0.0,0.0,0.0,0.0,0.0,0.0,0.0,0.0,0.0,0.0,0.0,0.0,0.0,0.0,0.0,0.0,0.0,0.0,0.0,0.0,0.0,0.0,0.0,0.0,0.0,0.0,0.0,0.0,0.0,0.0,0.0,0.0,0.0,0.0,0.0,0.0,0.0,0.0,0.0,0.0,0.0,0.0,0.0,0.0,0.0,0.0,0.0,0.0,0.0,0.0,0.0,0.0,0.0,0.0,0.0,0.0,0.0,0.0,0.0,0.0,0.0,0.0,0.0,0.0,0.0,0.0,0.0,0.0,0.0,0.0,0.0,0.0,0.0,0.0,0.0,0.0,0.0,0.0,0.0,0.0,0.0,0.0,0.0,0.0,0.0,0.0,0.0,0.0,0.0,0.0,0.0,0.0,0.0,0.0,0.0,0.0,0.0,0.0,0.0,0.0,0.0,0.0,0.0,0.0,0.0,0.0,0.0,0.0,0.0,0.0,0.0,0.0,0.0,0.0,0.0,0.0,0.0,0.0,0.0,0.0,0.0,0.0,0.0,0.0,0.0,0.0,0.0,0.0,0.0,0.0,0.0,0.0,0.0,0.0,0.0,0.0,0.0,0.0,0.0,0.0,0.0,0.0,0.0,0.0,0.0,0.0,0.0,0.0,0.0,0.0,0.0,0.0,0.0,0.0,0.0,0.0,0.0,0.0,0.0,0.0,0.0,0.0,0.0,0.0,0.0,0.0,0.0,0.0,0.0,0.0,0.0,0.0,0.0,0.0,0.0,0.0,0.0,0.0,0.0,0.0,0.0,0.0,0.0,0.0,0.0,0.0,0.0,0.0,0.0,0.0,0.0,0.0,0.0,0.0,0.0,0.0,0.0,0.0,0.0,0.0,0.0,0.0,0.0,0.0,0.0,0.0,0.0,0.0,0.0,0.0,0.0,0.0,0.0,0.0,0.0,0.0,0.0,0.0,0.0,0.0,0.0,0.0,0.0,0.0,0.0,0.0,0.0,0.0,0.0,0.0,0.0,0.0,0.0,0.0,0.0,0.0,0.0,0.0,0.0,0.0,0.0,0.0,0.0,0.0,0.0,0.0,0.0,0.0,0.0,0.0,0.0,0.0,0.0,0.0,0.0,0.0,0.0,0.0,0.0,0.0,0.0,0.0,0.0,0.0,0.0,0.0,0.0,0.0,0.0,0.0,0.0,0.0,0.0,0.0,0.0,0.0,0.0,0.0,0.0,0.0,0.0,0.0,0.0,0.0,0.0,0.0,0.0,0.0,0.0,0.0,0.0,0.0,0.0,0.0,0.0,0.0,0.0,0.0,0.0,0.0,0.0,0.0,0.0,0.0,0.0,0.0,0.0,0.0,0.0,0.0,0.0,0.0,0.0,0.0,0.0,0.0,0.08365668434883936,-6.917975157910556e-5,-5.051007661317748e-7,9.529872612980742e-6,-5.050219985729359e-12,0.005212118870847697,-1.6707672121525136e-6,-2.2286147549296778e-13,-5.571924184021212e-9,8.698332387724714e-5,0.0011854230388668706,-8.889806091314031e-11,2.130728264664181e-6,0.00027901988885809426,0.0035279661801141627,-1.0411332547013368e-5,-2.907903236928402e-8,-1.3944693600083577e-8,1.1127176844886236e-5,8.361603046262004e-5,-3.9885316766350934e-7,0.006410389785975423,0.00037144679591631706,0.00024193772328259274,-5.777435256902548e-10,2.6577446925817887e-9,-5.444876211392133e-11,2.924002972749233e-11,-1.9579328891916594e-5,2.159667616546036e-6,0.014712055289596735,7.554076919840674e-9,0.001215673135865504,-4.5391815375199334e-11,0.0001077794657247762,4.582329442124603e-7,6.397093891341249e-6,-0.006031115349746819,0.0002259954051742967,-0.007933923156594745,-8.458356791351722e-5,-1.5830366572924865e-12,-0.0018151783011549198,0.0001035571444022976,1.340101985918781e-6,5.3244371215692455e-11,5.757095094714421e-6,-5.07359593913734e-8,1.4093937460042058e-12,-8.556453983363628e-7,-1.8723572637787584e-6,-2.9946765958540705e-5,-3.692187283823326e-8,1.7920136966044922e-7,2.4037209205785707e-13,-2.583201018888167e-12,-2.3906517454304775e-7,-3.410551704038843e-12,1.3631144247881915e-14,-7.910226961170016e-5,0.0036164350424761136,-0.0017241252882846075,-1.334355609075486e-13,-5.070784121613477e-5,-1.0417919204590323e-12,-0.004031908750370895,1.2355073819870678e-10,7.55437544316867e-7,-9.255559390964572e-13,4.07558499876786e-7,0.010440962760324924,0.03599453150884123,-0.0011644740409088544,-0.0032417873511538203,-0.0018272230058722315,1.2575542178954847e-10,-4.723702169920876e-5,0.0003800576510344131,-2.6782797330000695e-8,0.0003558175654719394,0.0007334670680958907,-2.5318551154905925e-5,3.8742809493056395e-13,-7.072629560576594e-6,1.3874694871198197e-8,7.081274698280175e-8,-0.0035250597043155,8.847311127954646e-11,0.0004183765589212104,1.0029511927452746e-11,-0.005111915607356942,-0.013376892880764246,-0.000944640162663777,-4.984109048197079e-13,-0.001492388070783377,2.9323997645334726e-9,1.8763371367993716e-12,0.03630796265468209,5.9699037835669965e-12,-4.141110674514268e-9,1.2195782532995463e-11,5.002383133889953e-5,0.006275108280424924,-0.0019644878150005137,5.154780304514527e-7,0.011242336944860695,1.9604683788884204e-9,0.0037223194574597124,-3.6562124858576187e-10,0.0013357054926683848,-0.0011639256717689865,-0.0002451649824136661,1.6438267999444851e-13,-6.215644210202051e-14,-1.2861209333018847e-10,3.36629171729664e-8,4.7860803473254664e-5,2.2734747263641786e-10,-0.012540558226036376,1.615420057494161e-12,4.348663486663117e-5,-0.0014105722171652776,-0.00028630234825699095,7.906556803219782e-11,-0.011784123674187791,-1.098334505453508e-12,-4.1735511293818383e-7,-1.5434756562841035e-11,0.02107615499676188,0.0019118697086678111,-0.01155258601075739,8.146748904098143e-13,-0.011017192978625193,-0.0013411659198187436,0.0012021428470748749,-0.0003897520996939651,-2.6136471412460044e-12,3.316498613110228e-12,-8.263665931194859e-11,0.014767289211086552,0.0045080533334096165,0.0021372267519857466,9.751538019532391e-9,0.0001001908405890134,5.158720187080407e-13,4.724556670515594e-8,-2.316400733193942e-7,-0.0004514360392887864,-2.368748014285452e-11,2.74999631358943e-9,-1.2023589988643149e-5,0.0009018264862800701,-1.1169463910997224e-7,-1.945084399387588e-7,-2.8802654918088207e-9,-8.8260451275713e-7,7.204022098191302e-11,-5.362638259294887e-11,-0.006525847171410409,-9.456756773137633e-5,-5.2456059441006e-12,-4.622814751520671e-6,0.00033806377084290767,-1.3275853381514452e-5,3.7015098111466335e-8,1.0180031535087225e-5,-5.625126284751636e-11,2.582223922590535e-8,-1.172518163369194e-9,-2.1617721444183276e-8,4.067114687108155e-5,1.3024992773818827e-8,1.4605850624959008e-6,-5.216634696049702e-12,-2.1125038627856317e-12,1.4276450589769507e-6,-0.024561454302559082,2.2793933766963534e-13,-2.6558194370555632e-11,2.7131071624876348e-11,2.6410510847536697e-10,-5.072400074297225e-9,0.010690648028777498,1.7663619706959868e-5,-9.551175819702584e-9,-2.5119137653285442e-5,3.1073946493739995e-10,3.6264137067038125e-11,-6.1595430962560965e-12,4.815671866928941e-10,-1.6442892802461058e-6,1.380843920706958e-12,1.611515937832133e-11,-1.70362513131589e-5,-0.006297558462145046,1.6095100299719977e-5,4.634990391255783e-7,3.449938119406899e-11,7.887524539349012e-10,-5.1518695445321946e-11,3.0273707891230495e-7,7.30056219231631e-12,7.013336743198775e-5,-7.073022248498277e-5,-4.6980533545255856e-11,8.023898760213889e-7,1.710087063417519e-10,-9.217403464481198e-12,1.6033142708849295e-10,-0.012635619468095194,-7.851040419623989e-11,-1.0199151630563777e-5,3.4970031487443612e-6,4.564347365441957e-12,-5.332081648347378e-13,5.67456502857488e-9,-1.8216902820675998e-13,1.2869467345366896e-6,0.003359929194092168,-2.6311175904270496e-13,0.0007372177850872915,-0.004142867051534629,-2.6824220383770726e-13,-0.023911519563027547,-1.6057500827781121e-6,1.4650056321766419e-9,9.486810464000167e-9,-0.0036295497478700885,3.388427251444361e-5,1.3525272571534485e-8,1.0096607243226033e-11,0.029106475491654477,-0.0032151472992085033,4.399616761474865e-12,-0.0006425260790889652,9.51387571135186e-9,-1.257885005289768e-5,-2.1747444670107894e-7,2.839084979521606e-7,4.1139635135251165e-9,6.325186804008729e-11,2.1348570046948522e-9,1.9111419686253402e-5,-1.4676194421364963e-6,-8.5218641237699e-10,1.3454100312816638e-11,2.2070037730366062e-11,0.0016639799989540658,0.001148665412111138,-1.8682691337642152e-13,-3.117838362627877e-13,-8.395541185824949e-9,-8.349636523083348e-14,4.0808269481956933e-10,3.9095248759316035e-8,-6.25284470231836e-8,-1.8926187242076666e-8,-1.6712739454811315e-9,0.0005565328617243741,4.938492885233115e-7,-9.230536716740937e-13,-0.003289282568910359,-1.467222851381228e-7,-2.659606246800835e-7,-1.0445773046790676e-5,6.078726804330997e-5,2.3271015953893047e-12,-6.292567304677687e-13,-0.00016865003563833783,-0.021817060412912655,-0.005331620532856762,3.675494116013399e-8,4.2964257675819377e-11,6.788010404359138e-11,-7.742144986890599e-5,-1.2993587361939026e-5,0.008486694650475687,-5.146123664400118e-5,-6.619369094733908e-5,2.8709050352265477e-10,-0.0017070283545274382,-5.862279651462306e-10,-5.206405118490167e-7,6.275253958518048e-8,-0.00022103213251630307,-1.1723940101663525e-8,-1.4038656813612314e-10,1.3237612045148345e-9,0.019367067456835068,-2.7072505588990148e-14,-0.0006822524882347759,-4.088568269037422e-11,-5.535101980878155e-5,-5.268404627069218e-12,-1.230789471256255e-13,-0.00032197447410197593,2.790207240128572e-7,6.510850782975098e-5,0.000313619444259454,3.5777684043579655e-6,-3.680431226067779e-6,2.1656648039904432e-13,-0.004931746302243516,0.003979665655997586,-3.661407313690397e-8,8.667418321097266e-7,-0.002470372298447772,4.5586979869298075e-8,0.00027646183137489415,-7.281212814051899e-10,-8.745856146649516e-6,-2.029430720945224e-11,1.8497338394369593e-7,0.007781931854481966,3.2603329458232345e-12,-0.00043728012963454183,-0.0011711748648738866,1.1336072749596188e-6,3.826203362274591e-12,3.947419934888692e-11,0.004151056785564704,0.0011222191179265566,-7.1660759240676e-9,-2.6372833024193915e-12,-5.001799757471907e-12,1.4996633086431372e-10,-3.76893789519663e-8,0.0007769013993513124,-3.621001211116524e-7,-0.0009758115188355912,-8.125729585699413e-14,1.1838684180301152e-6,2.427038958228118e-9,-3.389029215097071e-8,-0.007948220257772849,-3.97005824455807e-6,1.5312817344451185e-11,3.7837405259699895e-8,-7.053302174390151e-6,-5.563782034549636e-6,-7.634205114074205e-11,0.0072301462483383505,-0.0003072459804647398,1.2997597165267288e-10,1.8317061105548497e-9,-5.5373858656358675e-8,1.6934646778972552e-8,8.72301264038663e-12,5.332139784672318e-5,1.5311452685587825e-8,0.0005175064103003198,-0.0041366671454320155,6.5542196958038985e-6,0.016920123574358417,-1.203385291686064e-8,-6.3456204253670634e-12,1.506024798567877e-12,-4.92278208629701e-6,3.141972059148274e-5,-5.985915680361216e-5,-0.011003284557482711,-3.030758120861816e-11,-1.0866736711869724e-6,-1.0173994185754636e-12,5.998889551588824e-9,-4.5115639894307764e-10,6.106686762689329e-11,-3.429666819604136e-5,4.700928514084182e-10,5.94479411408746e-6,5.118814075849472e-6,4.294905470482436e-5,3.62285012602548e-13,-0.0029774880577581415,-2.269120515900981e-7,-4.088899322173438e-5,0.03827095007706275,-0.02813480084559363,-3.1126816862139144e-8,-4.579279094250379e-7,4.874967399600205e-13,-2.1224696009622475e-14,8.349499580587672e-14,-7.701882476276412e-5,-2.516010226420354e-12,-2.438881508640553e-6,-0.0006104160975028177,0.00010516771430228524,-0.006440579542936621,-1.184147811977429e-6,-0.0013379368688639852,1.0195584063100967e-13,7.493544069705538e-7,0.00021006253788536045,-8.354348698761672e-7,-0.0002928129935810481,-0.003079290782336182,0.003978699760149699,2.8213846850518167e-13,3.9013948308127304e-5,3.932219809839297e-10,1.2677127261104586e-6,-0.012544632094722733,-4.50248459717797e-9,3.0083507462956076e-10,7.0722813776498315e-6,4.513810924435304e-12,6.019776695890145e-7,0.000152394707722478,3.822174901817347e-10,-6.762873025269884e-8,-4.745929926762016e-8,3.352196821070621e-5,-1.6665096543444148e-7,-0.003710707786597132,-1.3977028037553211e-11,6.428746422432312e-8,-9.358755054022114e-6,-6.752068931732762e-10,0.015258076984033366,-9.179506546153174e-11,-0.001874548663580561,0.0005482679983940125,0.0031548558920127655,5.136203831219327e-11,-1.2350618463113355e-8,8.988714656596782e-8,1.6382288099363982e-8,0.03143747765078887,-1.7490320317363193e-11,9.810554458955792e-12,3.7329899244610725e-7,0.00019028461987304413,-1.24347444861847e-12,-2.280807238224182e-7,7.059402748428891e-8,2.4751209046047383e-5,6.934987284225815e-5,9.092967729712226e-12,4.884485828902181e-13,0.0004876724070702531,-1.231078585282923e-5,1.2504754905969742e-8,-2.1456534588843867e-10,7.513673823203667e-7,-4.3243173281397585e-5,1.175934999576994e-7,4.2388718529956893e-10,-2.5285939053813705e-10,-0.0229693264768124,0.00043648466597041754,-5.6172700380904616e-5,-4.05927723513141e-5,-2.7133097267588866e-5,-0.00018506074217435498,-1.2938405114521848e-11,-4.538927735160462e-12,0.0036175988976743334,2.673475347417973e-6,-1.522610131752723e-13
0.0,0.0,0.0,0.0,0.0,0.0,0.0,0.0,0.0,0.0,0.0,0.0,0.0,0.0,0.0,0.0,0.0,0.0,0.0,0.0,0.0,0.0,0.0,0.0,0.0,0.0,0.0,0.0,0.0,0.0,0.0,0.0,0.0,0.0,0.0,0.0,0.0,0.0,0.0,0.0,0.0,0.0,0.0,0.0,0.0,0.0,0.0,0.0,0.0,0.0,0.0,0.0,0.0,0.0,0.0,0.0,0.0,0.0,0.0,0.0,0.0,0.0,0.0,0.0,0.0,0.0,0.0,0.0,0.0,0.0,0.0,0.0,0.0,0.0,0.0,0.0,0.0,0.0,0.0,0.0,0.0,0.0,0.0,0.0,0.0,0.0,0.0,0.0,0.0,0.0,0.0,0.0,0.0,0.0,0.0,0.0,0.0,0.0,0.0,0.0,0.0,0.0,0.0,0.0,0.0,0.0,0.0,0.0,0.0,0.0,0.0,0.0,0.0,0.0,0.0,0.0,0.0,0.0,0.0,0.0,0.0,0.0,0.0,0.0,0.0,0.0,0.0,0.0,0.0,0.0,0.0,0.0,0.0,0.0,0.0,0.0,0.0,0.0,0.0,0.0,0.0,0.0,0.0,0.0,0.0,0.0,0.0,0.0,0.0,0.0,0.0,0.0,0.0,0.0,0.0,0.0,0.0,0.0,0.0,0.0,0.0,0.0,0.0,0.0,0.0,0.0,0.0,0.0,0.0,0.0,0.0,0.0,0.0,0.0,0.0,0.0,0.0,0.0,0.0,0.0,0.0,0.0,0.0,0.0,0.0,0.0,0.0,0.0,0.0,0.0,0.0,0.0,0.0,0.0,0.0,0.0,0.0,0.0,0.0,0.0,0.0,0.0,0.0,0.0,0.0,0.0,0.0,0.0,0.0,0.0,0.0,0.0,0.0,0.0,0.0,0.0,0.0,0.0,0.0,0.0,0.0,0.0,0.0,0.0,0.0,0.0,0.0,0.0,0.0,0.0,0.0,0.0,0.0,0.0,0.0,0.0,0.0,0.0,0.0,0.0,0.0,0.0,0.0,0.0,0.0,0.0,0.0,0.0,0.0,0.0,0.0,0.0,0.0,0.0,0.0,0.0,0.0,0.0,0.0,0.0,0.0,0.0,0.0,0.0,0.0,0.0,0.0,0.0,0.0,0.0,0.0,0.0,0.0,0.0,0.0,0.0,0.0,0.0,0.0,0.0,0.0,0.0,0.0,0.0,0.0,0.0,0.0,0.0,0.0,0.0,0.0,0.0,0.0,0.0,0.0,0.0,0.0,0.0,0.0,0.0,0.0,0.0,0.0,0.0,0.0,0.0,0.0,0.0,0.0,0.0,0.0,0.0,0.0,0.0,0.0,0.0,0.0,0.0,0.0,0.0,0.0,0.0,0.0,0.0,0.0,0.0,0.0,0.0,0.0,0.0,0.0,0.0,0.0,0.0,0.0,0.0,0.0,0.0,0.0,0.0,0.08343962955829895,0.00012897558590628804,-0.004978863435951743,2.3261358523231648e-9,-3.169470634795505e-5,0.0012678519156215226,3.1060386771316525e-9,2.764925504661502e-6,-0.0021988052513966043,-1.4419922903089843e-5,2.2026656629588146e-7,-0.0008083871766880863,-1.613809605220799e-5,-0.0002035384503642383,0.0014157334355568874,1.3010915301805016e-5,3.5464676459530392e-6,-0.004559939234844647,-0.025925070739052744,0.0001894985798772216,2.6612116271700627e-5,0.0017588463438106643,0.000982896848789673,1.4907273107465767e-8,-5.480345116832606e-7,5.195911453305317e-9,-7.467871901692381e-10,-0.010840078084419322,0.0026460327518136955,3.918943635774469e-6,-6.5977733814742636e-6,-3.696249035506004e-5,-4.662913261876499e-8,0.0010763259975807794,-0.00019351099894591647,0.0019034873276969216,0.00022507483169484366,-0.00283830934232028,5.9185167486082346e-5,0.026630509652289355,4.6423305897440744e-10,2.9848682327605292e-6,1.9483598560935323e-5,-0.00035555194933759314,2.0093030813233596e-8,-0.002912538799716551,2.0994876930782224e-5,-2.898250802037023e-10,0.0005153278018988003,-2.912585505507232e-5,-0.00012618412723981333,1.462672966216198e-5,-3.356474612083136e-5,8.700690489031844e-11,-3.6443344775813195e-10,-8.310932084474175e-5,1.684151834999726e-9,1.7603946149272945e-10,-0.001625759514139819,5.402027191538612e-5,4.609574173759953e-5,-1.2495113564058354e-10,-0.003049558210346085,6.95982717651721e-10,5.661868212389515e-6,-5.185333874340319e-8,-0.00027683529712567255,-3.1794133527831866e-10,-0.0002749579047362537,2.3122399730387113e-7,7.625041726061197e-6,-1.8341238534975562e-6,1.1615853469075115e-5,1.560601389149207e-5,-1.9776739366229817e-8,-0.005151079628160305,0.007110013860700208,6.537181590222409e-6,-0.004276410324544731,0.0007597132093889447,0.0012063066226743666,-3.7238043415470024e-10,-4.12934173479586e-5,-2.309594446768668e-6,-2.3338835901724154e-5,-0.0003821430705654101,7.19436401667782e-7,0.011959037516787951,-2.0592128384518178e-8,-1.8302562533032104e-5,-0.00015653774989902598,0.005888232447854885,1.1645157449893955e-9,-0.0006216617672600698,-6.347297492659339e-7,-9.307390607345858e-10,-1.4228502486438479e-5,-2.2371758093662387e-9,9.343749185996962e-7,3.3201619387211773e-9,-0.029186579062645664,-3.3505676868429434e-5,-0.00025422872813225756,0.0006975328716349018,-1.7055203088006653e-5,-3.095125432031633e-6,1.683493795886805e-5,1.5132690292645648e-7,-0.00029899645980323774,-0.002191633356331986,0.0013669854346186024,3.7178976070142284e-11,4.3280307171858284e-12,-1.8930757266513892e-8,-4.5801352010144196e-6,0.0038458872726964445,-3.1483880390346623e-7,0.00014872627703243257,-8.035085341616103e-10,0.012697497183974482,0.000632578118672914,0.006826620090205993,-3.497683076537465e-8,3.499821828964484e-6,1.5850245663101138e-9,0.00016209260034025485,1.0386508991304202e-9,-4.642620566041028e-5,4.625461417346399e-7,0.00012712184671037359,1.0240444324407552e-9,1.2119115919542234e-5,-9.618985403368967e-5,0.00024688166885276485,0.00040057369253411224,6.697607787891845e-10,-2.0014591599390427e-6,1.503867545873754e-7,9.206704336309905e-5,0.0002450089289942791,1.123740909109949e-6,-6.482713614416597e-6,-2.4778668685634004e-5,-1.4090499505590288e-10,-1.6876365270263674e-5,0.00014451521624328433,-0.0001838855425925461,3.877489132325101e-8,-2.7785161817629356e-7,0.001279589890172151,0.0028465360360266246,3.032790162734008e-5,-1.546605600948372e-5,0.00039703867035909864,-0.0019948918363546487,2.8721312245852864e-8,-4.80980894324825e-9,-8.335697392318525e-6,-0.00342718814379387,-1.0159683426617566e-9,0.0016100885010901414,-0.0009730373015692278,0.006099330953270372,-1.0384338220215389e-5,-0.0010967467363555278,-9.901525945794333e-9,-7.24110188666758e-6,1.1986478559807192e-6,3.978465047842734e-6,1.4912258070091405e-5,1.738980411527475e-5,-0.0017281891180710419,-4.415468860425578e-9,7.257126774445379e-10,0.00019926413734717863,0.00020444055482794415,8.364738119747797e-11,-8.96269422950759e-9,-1.1630928998102146e-8,-1.6040125460000405e-7,9.476139674387043e-7,-0.0001752823163282191,0.0002635509807416952,2.373732893124679e-6,0.009956207510787926,-3.12531557281592e-7,-5.661278688095363e-9,5.097883768748866e-10,-2.9938953335970147e-7,0.0012063141999313527,-1.0002028950894736e-10,4.191691845801518e-10,0.006917247578304516,-6.92602450124402e-6,-0.01092197758279637,-0.00019993254181172873,-4.2697252617145806e-8,1.43495571371821e-6,4.672865999764175e-8,-0.00047704013571464495,-1.5276054309569334e-9,-0.0568550886808667,-0.043757780072842985,1.9747749396391374e-9,-0.0004415796602842729,-8.203286362085197e-8,2.5570277595877863e-9,-1.767250548559894e-8,-1.1486284302888487e-5,8.852757743085693e-8,0.0057857024393274175,-0.001914789175993335,-8.33592313184977e-11,-2.4927632326741472e-9,-9.150124556208161e-7,6.200152092774343e-9,-0.00039911218891581287,-0.00010757040689537998,1.2708731379302458e-10,-0.0011153114044612754,-0.00010849702392864112,-1.2583530490338355e-9,-6.050854344758403e-5,0.001056352184849683,-3.376395526083627e-7,-1.2466448519612774e-6,-6.933412501120322e-5,-0.006635655930163899,-1.2096702875551913e-7,4.0632896677238865e-10,5.0151222489981315e-5,0.0005321934284246755,2.5067120336150908e-9,0.00015775520664982717,-3.4454852278551553e-6,0.002643379399817879,-0.0001470118266541594,-0.00010853389040753522,-1.4821502973853496e-6,1.6221108264766444e-8,6.208607425295369e-8,0.0013376726543409929,0.0029333531025315827,4.5956090141069854e-7,3.4588921758496224e-8,1.6628018787822318e-8,2.019202146069258e-6,0.0004099182085829113,-1.0424528684249764e-10,-8.174276956602665e-10,-1.3126621760276871e-6,1.4270784366117693e-10,-1.0277532733979876e-7,-9.589516221301334e-6,8.802270280181686e-5,7.715190010835724e-6,-3.5329100065029065e-6,-0.0028193680679128594,-0.00018361719080131625,8.053469496725314e-11,6.0354635826685465e-6,5.71289413716072e-5,0.00010680452863886778,0.0013949504172617205,-0.0012517616247417276,-1.0055985394618682e-9,3.269018207021593e-10,1.0388998948399276e-6,5.034193914906214e-5,-6.681613358747111e-6,-5.403864155409059e-6,-1.5379701855997037e-8,-3.0413326204481834e-8,0.009197511133265758,-0.0014045264334136465,-1.3362262109168186e-5,0.011054823355878455,-0.0047350076513375805,-9.587631911355041e-8,1.847814452260031e-5,6.888771293185672e-7,0.0005051525536294163,0.00017299965572193662,0.003244090196554128,4.125957393334006e-7,1.8407445582192542e-8,1.059853926009759e-6,1.946533248226328e-5,-5.3476332923483934e-11,-0.0011564883139747319,4.669840482112304e-9,-0.0025383424016653623,-1.0450089506513873e-8,-4.679488350413103e-11,-0.0016402408444381217,-6.229777354025224e-5,0.004545224797723563,0.011190232838453476,-0.0005278923983164535,0.0025653563450126937,-1.3707837798794932e-9,-0.00018695925255576246,0.0004197803265959425,1.0487649573033857e-5,-0.00018881439766811,6.224012549331866e-5,2.310553347762413e-5,-0.011502804947905426,7.943852196754347e-7,0.002224966244691437,4.603195461634432e-9,6.261545291819098e-6,-6.868750607420518e-5,-1.346890575348932e-9,-1.8164523202804243e-5,-1.6254964484816979e-6,-0.0003556732964338884,-1.7611587566511882e-9,-6.54871116570178e-9,3.1794531417645654e-6,-0.0004700928419741681,2.122520451985413e-6,-1.1469104943025552e-9,2.9209561412509237e-9,-6.194753416961714e-8,2.1320697856858132e-6,0.00017393876414832093,0.00012133627575557688,0.00020791435894563964,4.200136167985996e-10,-0.0005551407581231763,-6.335998201010982e-7,1.5770129085252663e-5,4.41010040728336e-5,0.0022703824444454354,-3.4899404689259493e-9,-1.3601659819913756e-5,-0.002784610736858058,0.0026882990233085932,5.439500528182047e-8,2.6406875983901624e-5,-0.005342879069369234,-1.8845587596749117e-7,6.362941435254942e-7,2.619198360963474e-5,-3.5062493699511255e-6,-1.598760658551562e-9,0.014586941650059177,-1.0423839973235239e-5,2.8345321443720222e-6,0.0002236465220425668,0.0005776977133487211,6.321097080934836e-5,5.236835007011768e-6,-2.1338685952014853e-9,-2.4471325294292176e-10,-0.00017522130915772482,-0.010106149614382024,0.002286746839231744,-1.84478646999693e-5,1.2524246299451395e-8,0.000572772830707044,6.328011870715763e-10,-1.8769253045302177e-6,2.4413355337706564e-7,-1.6273799586288687e-8,-0.0004509309451892187,-2.622306228242432e-7,0.03793806966728835,-0.0019612919981126607,0.0010560871652766073,2.3706739954134607e-10,0.00014656047839905543,-4.054074567842886e-5,0.006874588569704051,2.761285936969284e-5,-3.015146399410789e-5,5.517312330749161e-6,0.000188724059986424,1.814556974458057e-10,-3.1229806271655396e-11,-3.372535050145718e-10,0.030131477713503184,1.5391565459348976e-9,0.0027356491975145027,0.0038723206835899306,-0.003981646018917051,-1.2050175552473687e-6,0.0007750020859230087,0.0004531112853144701,5.4803681510374864e-11,-0.002927147576717437,-0.017012505884811246,0.0003236162110566773,-0.00017867115545157176,-1.8202042817042927e-5,-0.00011813932644782132,-1.6195167161600924e-10,-0.005499804561558365,1.446122816331755e-7,-0.0002518711739678127,1.978525648233276e-5,-1.6226122799274116e-6,-7.925016217203315e-8,-0.0023812247281171693,-9.047973171692203e-10,-0.000138073136342874,0.0011208995997135833,1.7127496614409183e-8,4.7480958874764284e-5,9.915586859438026e-6,0.0031847047758249846,0.00011543022024840338,-1.4182930139240786e-5,5.286211513059299e-9,-3.8490627030674954e-5,-0.0022864920058064684,2.2519971269431057e-7,-0.00015096430424544084,7.63499367618236e-10,-0.00017988030876492912,-0.0004613401552823372,1.0761266745014295e-5,4.169842466577948e-9,1.336525481606547e-6,-3.5584248183806836e-5,-9.838177050860517e-6,2.5895767960646483e-5,6.451650687536251e-8,1.4719840447595916e-9,0.0008115084876983994,0.0035925063686001687,2.2100971522705313e-10,0.00010276889478141423,-4.565849860902192e-5,-6.054563092505567e-5,-0.0026580323874222187,-3.361317549739771e-9,-2.391990784807556e-10,-0.0012341550752376675,0.0013049062327559905,8.959483292736628e-6,6.001250776329152e-8,-0.0004986635307545375,-0.0038877427104732965,-2.072156291455273e-5,-3.549722430748008e-7,5.266548301923117e-8,-9.331677504150847e-5,-0.00040330484604820274,0.012748565342230907,-0.0421103045050485,0.011245899401849129,-0.002136732610457599,7.131383994033046e-10,7.256206686933422e-10,4.039585285927361e-5,-0.0016401504941565633,-1.0055858404827558e-10
0.0,0.0,0.0,0.0,0.0,0.0,0.0,0.0,0.0,0.0,0.0,0.0,0.0,0.0,0.0,0.0,0.0,0.0,0.0,0.0,0.0,0.0,0.0,0.0,0.0,0.0,0.0,0.0,0.0,0.0,0.0,0.0,0.0,0.0,0.0,0.0,0.0,0.0,0.0,0.0,0.0,0.0,0.0,0.0,0.0,0.0,0.0,0.0,0.0,0.0,0.0,0.0,0.0,0.0,0.0,0.0,0.0,0.0,0.0,0.0,0.0,0.0,0.0,0.0,0.0,0.0,0.0,0.0,0.0,0.0,0.0,0.0,0.0,0.0,0.0,0.0,0.0,0.0,0.0,0.0,0.0,0.0,0.0,0.0,0.0,0.0,0.0,0.0,0.0,0.0,0.0,0.0,0.0,0.0,0.0,0.0,0.0,0.0,0.0,0.0,0.0,0.0,0.0,0.0,0.0,0.0,0.0,0.0,0.0,0.0,0.0,0.0,0.0,0.0,0.0,0.0,0.0,0.0,0.0,0.0,0.0,0.0,0.0,0.0,0.0,0.0,0.0,0.0,0.0,0.0,0.0,0.0,0.0,0.0,0.0,0.0,0.0,0.0,0.0,0.0,0.0,0.0,0.0,0.0,0.0,0.0,0.0,0.0,0.0,0.0,0.0,0.0,0.0,0.0,0.0,0.0,0.0,0.0,0.0,0.0,0.0,0.0,0.0,0.0,0.0,0.0,0.0,0.0,0.0,0.0,0.0,0.0,0.0,0.0,0.0,0.0,0.0,0.0,0.0,0.0,0.0,0.0,0.0,0.0,0.0,0.0,0.0,0.0,0.0,0.0,0.0,0.0,0.0,0.0,0.0,0.0,0.0,0.0,0.0,0.0,0.0,0.0,0.0,0.0,0.0,0.0,0.0,0.0,0.0,0.0,0.0,0.0,0.0,0.0,0.0,0.0,0.0,0.0,0.0,0.0,0.0,0.0,0.0,0.0,0.0,0.0,0.0,0.0,0.0,0.0,0.0,0.0,0.0,0.0,0.0,0.0,0.0,0.0,0.0,0.0,0.0,0.0,0.0,0.0,0.0,0.0,0.0,0.0,0.0,0.0,0.0,0.0,0.0,0.0,0.0,0.0,0.0,0.0,0.0,0.0,0.0,0.0,0.0,0.0,0.0,0.0,0.0,0.0,0.0,0.0,0.0,0.0,0.0,0.0,0.0,0.0,0.0,0.0,0.0,0.0,0.0,0.0,0.0,0.0,0.0,0.0,0.0,0.0,0.0,0.0,0.0,0.0,0.0,0.0,0.0,0.0,0.0,0.0,0.0,0.0,0.0,0.0,0.0,0.0,0.0,0.0,0.0,0.0,0.0,0.0,0.0,0.0,0.0,0.0,0.0,0.0,0.0,0.0,0.0,0.0,0.0,0.0,0.0,0.0,0.0,0.0,0.0,0.0,0.0,0.0,0.0,0.0,0.0,0.0,0.0,0.0,0.0,0.0,0.0,0.0,0.0,0.08302729409974437,0.002259978472846883,7.382933257376757e-7,5.311766610905447e-6,-0.005964835016994193,5.592465620873165e-8,-0.0006719606441334603,0.0003364753989192583,6.220212978842549e-7,-5.77701243476197e-6,-0.0002336017066256173,-5.064964835545157e-5,1.58354174008312e-6,0.0013001316314752143,0.0009677359666318,-0.00013845367415125026,0.0007070104894607485,1.884105777061879e-5,0.005899125811868223,2.987221937383591e-7,-1.3884048548922633e-5,-6.478807674578769e-6,9.034108234016941e-5,0.00011701648138697907,-2.3435862781786374e-6,-3.3556019157426735e-7,0.0013762763302235922,-0.007873467632976347,5.189893603333004e-7,0.0005198747688611461,-9.202008284756694e-7,-4.262662524253427e-6,4.669322969127202e-6,0.041371731680537246,3.4934489994272475e-6,-5.260373368279535e-6,2.3659481950760183e-5,-2.357393494330942e-8,-0.0002997354313492526,1.9168274286612001e-7,3.249378474549515e-7,-2.1492207807353664e-7,-0.022445057168883082,-2.4852772420775093e-5,-0.0036684187411484413,-0.004521881671937021,5.5379202071031515e-8,-0.01688735240766805,0.004221492655822852,-0.00011044240529067846,-0.0003187638831147219,0.006346413739760495,-1.1091737611843099e-8,-1.6932409380190389e-7,0.0012474217396003177,9.868758929288388e-7,2.88556799314374e-8,9.334388991990723e-5,7.088229550810302e-6,-2.9729841891822953e-7,-1.8279516673188332e-8,4.699011463548586e-5,3.3435749858293296e-8,-1.2534035474899105e-7,-1.7101107905272077e-5,-0.001842088718850661,-9.80567083242927e-9,0.004319020577201415,-4.3991427345711786e-8,1.3334947541841505e-7,-4.080453145395994e-8,-1.1273286086471413e-7,-1.4049138410241798e-7,-3.3020740399386307e-6,7.396165880057649e-5,-0.0002476144403208869,0.0009408858160476617,-3.5343362655027635e-6,-9.161725976369976e-7,0.0008442078204329783,-4.769992208145606e-8,0.00023947576789334386,-0.0009775307494994182,0.007802102260151835,-7.962861431467557e-7,0.00016389886285963937,-9.177309675724984e-5,-2.035138814628402e-6,-2.6990447563979807e-8,1.1254662310922161e-6,-3.613350953937582e-5,1.9082762772843054e-7,-1.367677796642655e-5,0.00021555470930893414,-1.7242455313718297e-7,3.4355821102888563e-7,-1.5733477227642837e-7,-0.00016780698287065205,-7.65168483749788e-8,-0.00015609384799029492,1.2316393021688006e-6,4.112694087903824e-6,-0.007285049911856194,-9.668424065174158e-8,0.0008145549528430215,2.121028775836569e-7,-2.908217238464729e-5,6.768843660635994e-7,4.976808143532749e-5,1.8530499548660068e-5,5.821535423057949e-8,-1.109219431182748e-8,-1.6356253876439474e-5,-0.0089157487352785,0.00013005052129207653,0.00013691856048183318,-1.3765858500633136e-6,-2.5137563933385526e-7,0.00035751286431620806,1.7961500809232094e-5,-7.351759298884282e-5,1.1059756057453806e-5,-1.7233187740329887e-7,-4.491018512001525e-8,0.005003430509741741,-2.355644154560269e-7,-1.2335907677867835e-6,-4.117522798523144e-8,4.684859849532714e-7,8.761652328078724e-8,3.634029519072854e-7,2.176858086316139e-6,-1.6142910918850553e-6,-2.944276545699818e-5,2.3043434302005013e-7,0.00022986945726609126,7.851591170148187e-6,-1.335225248225551e-6,3.937474179353395e-6,7.875631471325297e-8,0.0033638905414443703,7.191681754994406e-7,-2.2345496438033297e-8,-0.0018859780711409963,-0.019314617608516355,2.222121206485793e-6,1.403785176394638e-5,7.172944245524377e-5,-7.072696519019531e-6,-5.571934731220086e-6,0.003001944510770098,-0.0022864615597899865,-0.005905619994910699,0.0016215919887980158,1.739836664648245e-5,-3.7669546216847615e-6,3.196732857289129e-7,5.65020236853145e-6,7.346589224926268e-7,0.004923490637442715,5.419611723052084e-6,0.0003926813335815422,-0.0002404977334191345,0.0031131307841808357,-4.308405831440905e-6,-0.0001405576241911486,-0.0001602731451464027,-0.00018956206191912534,1.479907883592339e-8,-0.0008179202637583822,-0.0033795806505018027,-6.252410180423152e-7,2.2922806664628748e-7,-0.003899892309868164,-1.0790633735211866e-6,8.746596735243217e-9,8.757444386633085e-7,-3.9377072783747376e-7,-1.2724437443720694e-5,0.0003258327932037596,5.306021722924035e-7,-4.496215568261019e-5,-0.0002844035811626129,-0.0008533554663620459,-3.9606968160097875e-5,-1.3462279283834827e-6,-1.2377637304454571e-6,4.365240958224645e-5,0.007903854174184226,-1.3471513534179647e-7,2.0012358613133286e-7,-0.0008335967471725163,-4.438795267061605e-7,-0.0036883504415235703,0.006505337293495169,-1.1888214132319959e-5,8.810244035649854e-5,4.656404577847352e-6,-0.006850122517651324,-6.204856831767123e-7,2.214913825386728e-6,5.6579385160964186e-5,-2.8267803263239844e-6,-0.000751496540827721,1.2684421929024195e-6,3.421948854316356e-7,1.011196772060322e-5,-1.1371995689527448e-7,-2.302228181378435e-6,0.0024698316987487676,-0.0034190675676452607,-1.5895745633346027e-7,-5.932157034951317e-7,0.00015540248807369812,5.578188892439435e-7,0.0028400227559079332,-1.3821657406926122e-6,2.137682657382042e-8,-7.333931383837192e-7,4.4256302563764995e-6,-1.5480586449722086e-7,4.595079813058169e-7,0.005923390540985707,4.318331360079276e-6,0.0002323994761271019,3.4387973677429624e-7,7.924047825541542e-5,-0.004071032565797929,1.7362327822792838e-7,-7.38055852871701e-7,-4.321244003939905e-6,-2.5732415739395896e-7,1.6995219176187374e-6,-0.00034321985164024164,-0.0016250575051401624,0.0016795152049150456,0.02031647977786747,0.00019241987360596658,-4.8076175602641494e-6,6.256250914274512e-5,-0.00015383990728223414,-0.00019786387746103843,3.073413603534366e-5,6.47621921228458e-5,1.384334421800829e-6,1.7467853129385557e-7,-9.99570019319579e-7,-8.861298910750044e-9,-1.5827511702211413e-7,0.0024099595421003873,6.064901767694383e-10,-3.318423830222218e-5,-0.005359809166193783,-0.005093945585782911,8.8797775758975e-5,0.00023944742375147342,1.0117098285539968e-5,-0.0015909135133542233,-3.801690578137635e-9,-8.382422508084507e-8,0.0033692584730351033,-0.00032261194056277967,-0.00015242861209860729,0.00027091734521211044,-8.91034101584879e-8,6.700521797753439e-8,-7.42819515166543e-8,-6.097357836450086e-7,-9.237009249622915e-8,-0.0004675376504743104,-8.573912333243062e-7,7.458515041266089e-6,-0.00023243841460229375,-0.0007494247214442046,1.455012796915909e-7,0.0005038654397106166,-2.842869939016943e-6,1.0724365969148538e-5,-1.2194043059381572e-7,-7.694599282936205e-5,-0.004997849078225368,-0.015514449763036717,1.0672116115822377e-5,2.1270986155045307e-5,4.7897152996901334e-5,-0.00040286228752977606,2.0856811408472752e-7,-1.5480395488677726e-8,-2.9909229199645392e-5,1.9058004168315933e-6,3.3836086445976604e-5,3.6802490340429705e-6,8.609736625156863e-10,1.744589981687928e-5,0.0026531815418349785,2.02215985463661e-6,-0.00017120764840754618,-5.020885472463428e-5,-0.010288779486930294,1.92765342788894e-6,6.851594414615172e-7,1.817075634332141e-6,-0.0005671821538660469,-2.8765629589388666e-5,2.6163789893812537e-6,-0.00462076369701478,6.758597126174385e-5,0.00012837173810077154,-0.003926431232453141,9.161140513587211e-7,-0.0026781591842538147,3.4589227202410065e-7,-2.0104515759693556e-7,8.23369125535011e-6,2.731457888529264e-8,-0.0012760591284064979,-2.520701948249715e-7,1.2048769223866225e-6,-2.220039199060644e-6,1.294513571172167e-7,-0.0001962078633349416,7.936613455652164e-8,2.1423041232390015e-7,-0.0001522321580012209,-0.0006872525234176681,-5.714404276329849e-7,-0.0006352654225520414,-4.407880914400564e-6,5.5936625910489846e-8,-0.00022095427547476958,0.00011443169020791279,-0.0011946314348951165,-2.384922343268308e-6,-0.005585114529442613,-1.0430103497251187e-5,-0.000984721820899051,0.00029432814177396085,0.0009671025423113811,1.223920571560108e-6,-1.1492662084038848e-6,1.8187377560190378e-5,3.697868722187634e-5,-0.0031625327697785708,-0.004623558012637537,0.0016846793022805607,-3.131456396514822e-7,-0.0003530228021814176,-5.003580162162883e-5,-8.72189978756761e-9,1.3158199725907093e-6,0.0003517862597813743,-1.4733157896462024e-6,-8.281222270265342e-5,6.277656368986771e-8,-7.544641602463368e-8,-0.00018370809633585497,-0.0012849831736753273,2.411284929367035e-5,-1.6926382629559613e-7,7.512187831136223e-7,0.0038448475720326194,2.6757511648985523e-7,0.00026125066902022386,1.4178162981330045e-5,-1.3147837378976873e-8,-2.4052971493012454e-6,1.9523365603162598e-5,9.639587078963769e-5,-0.0005431536434207763,1.3125874683150764e-6,2.248291569202388e-8,1.4566673188126724e-6,-0.0038243009399117904,5.9525581854383776e-5,-7.884419260869497e-7,1.0280774795645368e-7,-0.0011727265299767645,0.0019097826633853278,2.070999661442334e-9,-3.777323274880534e-9,-3.1557842779777896e-8,-2.387422924834149e-5,1.4186251206383448e-7,-0.0005597718070699843,-1.6652843054705337e-5,-8.47388975192023e-5,-7.305090633852776e-8,-0.007471109395988962,3.0191896820886474e-6,1.2124254148818582e-8,0.0013564018892488162,-1.7263386539125188e-5,0.0006532039160698723,2.690926549464413e-7,1.254396727849898e-6,7.187761195487451e-7,-8.034780887524484e-8,0.00014890211891151423,1.035476290706952e-5,-0.020780333710138387,1.1662704455880054e-7,-0.00014707182172260695,-2.704380165704982e-6,0.0032052920136968394,-1.1807780903829306e-7,-0.0033908902833186846,-8.568269569497123e-6,-5.173101607101808e-7,-0.0012873837630228235,-0.0014295629527331711,-8.283104454815587e-6,0.005282761440724505,1.6236864409180328e-7,6.961323636170068e-7,0.001117701026115343,9.344188685249064e-5,-3.152342047482672e-5,-5.020068062122579e-7,-3.6088608945191767e-6,2.543080098905844e-7,-6.9950561969617425e-6,7.633072756632594e-8,2.046763603043185e-6,-0.00019731349739930898,0.0013854868029673343,0.003213372125025805,-4.640506569468059e-8,2.326479186480742e-5,4.630639210118002e-7,-0.0009226495450084802,4.766952308379384e-6,1.2179137802057926e-6,0.007838605856876152,-0.0009107448171365802,0.0003478681786080671,6.27760339205786e-5,-8.742388548200591e-8,-1.0963803267206294e-7,4.09006589591285e-5,0.0013427479315982847,-0.010058810102796335,-3.435403697850654e-5,0.003391564032604201,4.516805401846641e-6,0.0034774604223751482,2.101447312549156e-5,0.00017113165189441075,1.0090955172807185e-6,5.32666016316602e-6,-0.0001700456629007035,-2.449090071969644e-5,-0.00018589075991484532,0.00010855142674634346,1.2867429186990083e-7,4.744468708842023e-7,1.2523465259827695e-7,-0.0016476572625436113,1.19475364381456e-9
0.0,0.0,0.0,0.0,0.0,0.0,0.0,0.0,0.0,0.0,0.0,0.0,0.0,0.0,0.0,0.0,0.0,0.0,0.0,0.0,0.0,0.0,0.0,0.0,0.0,0.0,0.0,0.0,0.0,0.0,0.0,0.0,0.0,0.0,0.0,0.0,0.0,0.0,0.0,0.0,0.0,0.0,0.0,0.0,0.0,0.0,0.0,0.0,0.0,0.0,0.0,0.0,0.0,0.0,0.0,0.0,0.0,0.0,0.0,0.0,0.0,0.0,0.0,0.0,0.0,0.0,0.0,0.0,0.0,0.0,0.0,0.0,0.0,0.0,0.0,0.0,0.0,0.0,0.0,0.0,0.0,0.0,0.0,0.0,0.0,0.0,0.0,0.0,0.0,0.0,0.0,0.0,0.0,0.0,0.0,0.0,0.0,0.0,0.0,0.0,0.0,0.0,0.0,0.0,0.0,0.0,0.0,0.0,0.0,0.0,0.0,0.0,0.0,0.0,0.0,0.0,0.0,0.0,0.0,0.0,0.0,0.0,0.0,0.0,0.0,0.0,0.0,0.0,0.0,0.0,0.0,0.0,0.0,0.0,0.0,0.0,0.0,0.0,0.0,0.0,0.0,0.0,0.0,0.0,0.0,0.0,0.0,0.0,0.0,0.0,0.0,0.0,0.0,0.0,0.0,0.0,0.0,0.0,0.0,0.0,0.0,0.0,0.0,0.0,0.0,0.0,0.0,0.0,0.0,0.0,0.0,0.0,0.0,0.0,0.0,0.0,0.0,0.0,0.0,0.0,0.0,0.0,0.0,0.0,0.0,0.0,0.0,0.0,0.0,0.0,0.0,0.0,0.0,0.0,0.0,0.0,0.0,0.0,0.0,0.0,0.0,0.0,0.0,0.0,0.0,0.0,0.0,0.0,0.0,0.0,0.0,0.0,0.0,0.0,0.0,0.0,0.0,0.0,0.0,0.0,0.0,0.0,0.0,0.0,0.0,0.0,0.0,0.0,0.0,0.0,0.0,0.0,0.0,0.0,0.0,0.0,0.0,0.0,0.0,0.0,0.0,0.0,0.0,0.0,0.0,0.0,0.0,0.0,0.0,0.0,0.0,0.0,0.0,0.0,0.0,0.0,0.0,0.0,0.0,0.0,0.0,0.0,0.0,0.0,0.0,0.0,0.0,0.0,0.0,0.0,0.0,0.0,0.0,0.0,0.0,0.0,0.0,0.0,0.0,0.0,0.0,0.0,0.0,0.0,0.0,0.0,0.0,0.0,0.0,0.0,0.0,0.0,0.0,0.0,0.0,0.0,0.0,0.0,0.0,0.0,0.0,0.0,0.0,0.0,0.0,0.0,0.0,0.0,0.0,0.0,0.0,0.0,0.0,0.0,0.0,0.0,0.0,0.0,0.0,0.0,0.0,0.0,0.0,0.0,0.0,0.0,0.0,0.0,0.0,0.0,0.0,0.0,0.0,0.0,0.0,0.0,0.0,0.0,0.0,0.0,0.0,0.0,0.0827994156620061,9.76742705234015e-9,0.00010012029268435064,-0.0015444389170239756,-6.026055001347698e-8,-4.10244351881363e-5,0.005184931793182355,4.8056460857560874e-6,-1.4350820417354132e-5,0.009284308081795081,0.0010160220316816845,-2.1053859542339753e-5,0.003579712314361745,0.0005298890302025052,-4.7727316073596135e-5,-0.003351486124276006,-0.0005351382111862866,-0.0013448858219817792,1.6107418147817763e-5,-2.8106982749880783e-5,5.8457309306924325e-5,4.737059192201514e-6,-1.0655667444035018e-5,-2.614005674386005e-7,-3.458201111386316e-7,0.007521649001312764,0.0025095075709461673,5.654944491797792e-6,-5.308951623793922e-5,-1.4046909460298053e-5,2.5589827410060613e-6,9.228623780721861e-5,0.004273112165996318,0.00015071983993077362,-4.3146191281507455e-5,0.0009228286704552629,7.274417306645706e-7,-0.0011130390243025052,1.0625807834141713e-9,1.003557621549074e-6,-2.699513899819891e-7,0.0004205132414889823,1.1050896164296323e-6,0.015116618309188092,-0.000931635579874761,7.002766803330068e-9,-0.009705988396782647,-0.004948785594250131,0.005605407697327897,-0.00018599146299907564,5.9738638434184144e-5,-3.2473097022517576e-9,2.3512793528030453e-8,0.004247679848479027,2.4600005191456773e-8,-9.984039929116993e-10,-1.904284004884123e-5,4.123908301609031e-5,1.1732821301635964e-6,2.304648285077677e-9,0.0008054076448818029,-7.587094255183984e-9,-2.078494344778431e-6,-1.8352938117937805e-6,0.0036172113845728284,-4.258898470148637e-9,0.000670632062843225,-1.0781883365121385e-6,1.0569931249629622e-6,-4.084981835870484e-7,2.6327464865041603e-7,-1.986465763139127e-6,-5.475928249356861e-7,0.0022062315788961427,-0.0009481331366708225,-0.00020597234820923514,-0.0004362379396858817,-8.987361727559804e-5,0.004114787355019853,1.2975555526251353e-8,-0.008400460322715754,0.00015552951657221077,0.00024478653687786734,-4.364015010702199e-5,1.871854790174659e-5,0.0009186882003504363,6.244593849705866e-7,-2.3499797621553492e-6,3.116273105881874e-6,-0.00012830971252508644,-1.201511814349137e-8,-8.0180588495617e-5,-2.6214946667268583e-5,7.931803872061528e-10,1.7843155301492915e-6,2.270928047220543e-8,-5.655109867382269e-6,-2.1419088585132526e-7,0.0010294938787418857,4.745069328896633e-6,2.3724240903011883e-5,-0.021840532361144714,-2.0068457817110163e-6,-5.0611759169477486e-5,2.2482443203735006e-6,-6.985172484498443e-7,1.0500162068056311e-5,-5.321119387761798e-5,0.0001887662583390692,-3.862564534022557e-9,-1.9613412927896512e-9,-2.3357065694819848e-7,-4.409741594805425e-5,0.00030074662702678136,1.0105580104754655e-6,-8.05202093746613e-6,-1.6669260636694862e-8,0.0024463111192019904,4.01602212610484e-5,-0.0003986030567353966,3.3051551384278006e-6,-3.4399040995944523e-7,-6.579452484471546e-8,-0.0015981808416081216,5.0617163496345404e-8,-6.81560798859777e-6,-7.869014780713737e-7,5.993552028405305e-6,9.254225394876793e-9,-5.343402427125571e-6,1.4406824869053e-5,-3.7370258212225395e-5,-0.000636923594832171,4.0228014435374185e-9,1.6139149685410696e-5,-5.4355189130901685e-6,1.3052510462934115e-6,3.90863967019693e-5,6.317266402368569e-7,0.00020740165132559252,1.600143995167958e-5,3.2400863965176956e-9,0.00043855220211631754,-0.004060515467755091,3.760556064871211e-5,3.569597225175255e-7,-7.898277234933704e-6,7.662575292697871e-6,0.0001647355249753872,-0.0009121399713768945,0.0033717836863502294,-0.007430771207138532,-0.002120681726337599,5.574639501956844e-7,2.3215860711134503e-7,2.8294197617455097e-6,-0.0001616501537299312,-2.608398130812471e-8,-0.02704501133824315,9.790425741227581e-5,-0.003949426049363087,6.86033172135775e-5,0.006854094070312186,4.774432595743316e-7,0.00011931983880081852,-2.5436669318908167e-5,-3.622264069167695e-5,1.4355177396739332e-7,-0.00036208046925516427,0.0030153057920084447,9.460268934480366e-8,-1.8278878514249149e-9,-0.0019317592735329148,-5.35439713790394e-7,-5.9599513466185935e-9,2.5786065688837875e-9,3.201733919292134e-8,1.3727774218845078e-6,-8.857274657317178e-5,9.678918927373642e-6,-0.00013186585689696587,-6.0548802351762636e-5,-0.0282507378216503,-7.858816388692795e-8,-4.5573875324280793e-7,8.17806506142657e-8,1.797554986564096e-5,0.00027705537275128634,1.139156720201858e-9,2.0005568617745332e-7,0.0005278749862279792,8.776399929344565e-7,0.014847527913746201,0.003233442417434216,-1.0377488974355629e-7,3.892355249598946e-5,-7.72474138313445e-7,-0.003965066910081432,-2.0531811203033878e-8,-0.0008757512689738615,-8.137320767246872e-5,-5.2669823674773135e-8,-0.0006961520102278568,1.9313587876949274e-6,1.570167005940004e-8,2.4894329601559334e-7,-5.899401560194749e-7,1.6691560058006532e-6,-0.022816587799196132,0.027681529442996178,6.8429532923763664e-9,6.17730412763681e-8,3.673662490102458e-5,-9.023548380880227e-8,0.007899183944777085,-1.0064510904912715e-5,-9.201935884011265e-10,8.925378461036911e-5,2.863078612404746e-5,-7.07598480978636e-11,2.5142867824119726e-6,-0.00972252095942874,-1.34452898124971e-6,-2.7935886375687233e-5,6.966339121281296e-8,-0.0022992298563361308,-0.0003771792352176132,-3.5766989198249165e-8,-3.0588572302645395e-6,3.426615817904144e-5,-1.8445091433994192e-7,-1.7081795509566733e-5,3.6553780728029136e-5,-0.005565366177495897,0.00314704760097786,-0.004239239838320207,4.5877204058807925e-5,2.5103378822943933e-7,3.949452222197947e-5,-0.0003030661908940406,0.007039523603139465,-6.756467434268365e-6,-3.7744284199405675e-7,-5.38913558645759e-7,4.528086417818579e-7,-0.00012432912051181183,2.666269138162335e-9,-6.967326550302519e-8,-1.928568361000049e-5,-5.1339619026620294e-9,-6.293548627962056e-7,0.0001908925294896296,-0.0012101518748157012,-3.7216253542809114e-5,2.2105506213212708e-5,3.512352623323681e-5,0.0014629099832075484,3.796001962121389e-9,5.670448124911189e-8,-0.0003103569827752644,-0.006562097481632783,0.0009632486628404372,-0.0009810640417168453,3.3160467949942575e-9,-6.345718097271042e-9,-9.889253154716182e-8,-4.521493319454277e-6,-1.2900094930744662e-6,-0.00034184012692121653,-1.3276895691475828e-7,9.68185274400461e-7,-0.00032514879230536133,-0.0064509588860617575,8.410178417661611e-7,0.00033791157090658886,-0.0003656822178875567,2.309134812792691e-6,-5.790227109487526e-7,-4.274818599493757e-5,-0.002996260473080217,-0.004849507457350241,3.0201485399203145e-6,-6.064945856684816e-5,-3.078054554939577e-6,-2.729075431159321e-6,-3.613066225155958e-6,1.5912287815683314e-9,-0.0002405753923865707,4.92070620481027e-7,0.0004476310355403751,9.515303777152016e-7,1.3542182812920988e-9,-1.845106265610049e-5,0.0005092025059535661,0.0009526181392241394,5.2055883620446705e-5,0.006745578682808108,-0.005501036094109237,-6.54202945605918e-7,-3.124189257522085e-6,1.884143409729754e-5,-0.00013559130606689333,0.0025781299104633464,-3.3950308987082506e-6,9.532559567634509e-6,8.744892323932164e-5,-2.9733791935949657e-5,0.0038664910181537325,-5.694516066554933e-8,5.7671645801955395e-6,-2.0721206383620078e-7,1.0576503766936203e-8,8.644603112151155e-6,-2.6652399220336383e-7,8.202678501969481e-5,1.5768661534679627e-8,2.6157432913205152e-8,-1.3062517264074978e-5,1.4680071446922544e-5,-3.973606473589746e-5,9.161357938939363e-8,-6.146127966249216e-8,8.944813376750891e-7,-8.788479533822398e-5,-1.725321427204351e-5,0.0010031226206566374,-1.483599867257031e-5,-1.8432569013051794e-8,0.015082919752624328,1.4529330304837934e-5,-0.0002671374261195355,-3.541307724908743e-5,-0.0019913798956191935,6.610153913910964e-8,0.0001653833855460505,-0.0011345510065394221,-0.011108994915522637,-9.464011950570788e-7,-2.15960391008655e-5,-5.167764146757428e-5,9.394618538017023e-6,4.183606105035415e-5,-0.00019524710185226228,7.955145873785141e-5,-4.769560286370814e-8,0.0001624982792270835,0.00017866466469613804,3.618546662987885e-7,-1.2588196174866103e-5,-0.0006050770620224907,6.538101985052176e-7,-2.8652682907813784e-5,2.646218045016856e-8,-9.415154741042204e-9,-0.000451271169363202,-0.015887128277891894,-0.0001503850615315474,-1.8005521336334393e-6,-3.2537382085522756e-7,-0.006656864223306451,1.977486638512974e-9,2.284356021545417e-5,-9.576570083152769e-6,5.026473903456945e-8,5.9889999080708296e-5,6.194336306847171e-6,0.0011867940592842055,-0.0007697838462700858,3.28403973582754e-5,-5.350786390387039e-9,5.039495809050443e-6,0.0033208074921852763,-0.0005006109330298158,-1.139462313073836e-6,-9.166590918507446e-6,0.0003400030655418211,-0.0014502882850574669,-1.083277819886328e-8,-6.152331610398099e-10,9.155114240599316e-9,0.0005464716255329076,4.086016019438248e-8,0.0003508861364204957,-0.00019399850509636837,-0.00020263401340608967,-4.021197671337104e-6,-0.016296606805166192,1.24798556329026e-5,1.66319205075851e-10,-0.0018932729916129826,-0.00014758779562072213,-0.0005801702876342754,3.39341587067645e-6,6.668428617461402e-6,-1.2677866931581653e-5,-1.4880943321590899e-8,0.003912465523250953,-1.1747823305703638e-5,0.0025438312739214115,1.7721725971105551e-6,7.672262143750542e-5,-1.6566822148525038e-7,0.003624416300506808,-1.0725628662914481e-8,-0.01935910706235835,1.152907922384435e-5,-7.130193156580696e-6,0.00036034886005606524,-0.00022100591779257168,0.00037725710988204523,-0.0009844061057062464,1.4461191910042064e-6,-1.1202306089773441e-7,0.0005038321702735361,0.003595085677687927,-7.518240578006085e-7,-7.505622132965579e-6,1.4617056691007002e-7,-2.3036572625740058e-7,-3.0207881996180508e-5,3.4231060352619044e-7,2.8128672320694664e-7,-2.3869012471949114e-5,0.00016844257575165055,0.0005248215708965372,1.2049669855680208e-6,2.7590461401385947e-8,-6.668117444389398e-8,0.0037302107000580413,0.00021415696777415865,3.300167960896191e-8,-0.0008188118152834148,0.00050021245233788,0.00359450861052086,0.0012586887040249013,3.03882524583558e-8,5.919249434071374e-9,0.0003423120277538422,0.010307860997320483,0.0004658945615325053,-4.3300729416307925e-6,0.009974579841054314,-0.00012686053325958814,0.0004317360274197004,-6.002474949091196e-6,4.596909773737693e-6,5.985475908682974e-6,2.835039986746413e-5,0.0003671653383111564,-0.00048455210101504785,-0.0018561851894469898,-0.0015853473205520753,-5.900130631576477e-9,5.329963567845769e-10,3.2484713068095223e-6,0.020635681232615048,2.508111566894534e-9
0.0,0.0,0.0,0.0,0.0,0.0,0.0,0.0,0.0,0.0,0.0,0.0,0.0,0.0,0.0,0.0,0.0,0.0,0.0,0.0,0.0,0.0,0.0,0.0,0.0,0.0,0.0,0.0,0.0,0.0,0.0,0.0,0.0,0.0,0.0,0.0,0.0,0.0,0.0,0.0,0.0,0.0,0.0,0.0,0.0,0.0,0.0,0.0,0.0,0.0,0.0,0.0,0.0,0.0,0.0,0.0,0.0,0.0,0.0,0.0,0.0,0.0,0.0,0.0,0.0,0.0,0.0,0.0,0.0,0.0,0.0,0.0,0.0,0.0,0.0,0.0,0.0,0.0,0.0,0.0,0.0,0.0,0.0,0.0,0.0,0.0,0.0,0.0,0.0,0.0,0.0,0.0,0.0,0.0,0.0,0.0,0.0,0.0,0.0,0.0,0.0,0.0,0.0,0.0,0.0,0.0,0.0,0.0,0.0,0.0,0.0,0.0,0.0,0.0,0.0,0.0,0.0,0.0,0.0,0.0,0.0,0.0,0.0,0.0,0.0,0.0,0.0,0.0,0.0,0.0,0.0,0.0,0.0,0.0,0.0,0.0,0.0,0.0,0.0,0.0,0.0,0.0,0.0,0.0,0.0,0.0,0.0,0.0,0.0,0.0,0.0,0.0,0.0,0.0,0.0,0.0,0.0,0.0,0.0,0.0,0.0,0.0,0.0,0.0,0.0,0.0,0.0,0.0,0.0,0.0,0.0,0.0,0.0,0.0,0.0,0.0,0.0,0.0,0.0,0.0,0.0,0.0,0.0,0.0,0.0,0.0,0.0,0.0,0.0,0.0,0.0,0.0,0.0,0.0,0.0,0.0,0.0,0.0,0.0,0.0,0.0,0.0,0.0,0.0,0.0,0.0,0.0,0.0,0.0,0.0,0.0,0.0,0.0,0.0,0.0,0.0,0.0,0.0,0.0,0.0,0.0,0.0,0.0,0.0,0.0,0.0,0.0,0.0,0.0,0.0,0.0,0.0,0.0,0.0,0.0,0.0,0.0,0.0,0.0,0.0,0.0,0.0,0.0,0.0,0.0,0.0,0.0,0.0,0.0,0.0,0.0,0.0,0.0,0.0,0.0,0.0,0.0,0.0,0.0,0.0,0.0,0.0,0.0,0.0,0.0,0.0,0.0,0.0,0.0,0.0,0.0,0.0,0.0,0.0,0.0,0.0,0.0,0.0,0.0,0.0,0.0,0.0,0.0,0.0,0.0,0.0,0.0,0.0,0.0,0.0,0.0,0.0,0.0,0.0,0.0,0.0,0.0,0.0,0.0,0.0,0.0,0.0,0.0,0.0,0.0,0.0,0.0,0.0,0.0,0.0,0.0,0.0,0.0,0.0,0.0,0.0,0.0,0.0,0.0,0.0,0.0,0.0,0.0,0.0,0.0,0.0,0.0,0.0,0.0,0.0,0.0,0.0,0.0,0.0,0.0,0.0,0.0,0.0,0.0,0.0,0.0,0.0,0.0,0.08273085201666097,-1.9522938145609386e-11,6.829836194050955e-9,-0.011710420470384838,-7.752545535701377e-5,3.3069052941821053e-9,-2.0294428953945212e-12,-0.0005432183519222224,3.8482576966809016e-8,2.1967263893780394e-10,-7.71134214464207e-12,-2.0962830040808867e-9,4.974296442090002e-6,-2.2413344503600896e-5,-1.9475362118403477e-8,1.3278950135179984e-9,2.1819629543206457e-6,5.756482686873385e-12,1.7246179301263783e-10,8.704333219140197e-11,0.0005752852384740144,-7.791814111285081e-5,0.0018220498436452754,-0.011726361059682375,-6.2696827871337365e-9,1.3015958504780058e-7,-5.413250505171141e-13,-1.7612889071052395e-5,-2.3895838129396612e-12,-0.0007282978654510056,-7.807700729699552e-12,1.76680068978095e-7,1.1714341769994676e-10,4.0856050013862716e-11,7.987861270491471e-10,-3.269907588695972e-12,4.463723570009021e-9,0.022340330328476363,-4.2477837782315966e-13,-1.1820375100283993e-13,-9.208032233186517e-8,8.111939233613802e-5,1.4216828161762209e-8,-3.4741664203720464e-6,0.011825021328574522,4.6132244769111294e-8,-7.008138382346262e-8,-4.779946316145693e-9,1.6026847108960305e-5,8.393436492563484e-7,0.002508949705759058,-0.0037034360720009903,-1.5804337638602952e-7,0.001967265231486743,-0.00014746992708789553,-1.7637016528638202e-9,-2.3561921627328094e-11,-3.0120055012870858e-12,0.0024717665874835217,1.0652536587994164e-9,-0.004084821431181001,-3.2495939913032407e-12,0.000170285390341535,-9.677258375797467e-7,0.0014223916587240597,-7.752627641712569e-7,-7.715519380279999e-13,2.107640806285772e-12,-5.582490360440314e-13,-1.5342587351982845e-13,-2.7553398474176077e-12,6.317825647530428e-5,8.024258662916631e-10,3.0690815523777785e-10,-4.094178921931908e-6,2.3484298987187802e-11,-5.256592148015543e-11,4.090075142482123e-9,-0.0023408033752699516,-2.3099961686025417e-8,5.9963079825951e-6,-2.1503114164727946e-6,-4.352073849078146e-11,6.596582590606028e-5,2.309423200546029e-10,-0.0029567076825149996,5.295748046892913e-13,8.052873033934084e-13,9.252878086334052e-11,-0.0054895248406458185,1.062564040630214e-11,-8.399637187069481e-5,-0.015964887649870873,2.5250780799874973e-12,-0.01627461024035286,7.837665159759955e-5,-0.0070371215797968185,2.2844814111809668e-10,7.100209029578633e-12,4.7425742059951475e-12,-7.155571956145217e-8,5.29068391323077e-13,5.75671707089752e-6,2.9118704933871355e-14,0.00015024852315726546,2.220277426374685e-11,-1.4919294772100992e-10,1.012503491432372e-11,-0.018081163886677645,-0.0024314088345619325,0.00021389205275988276,-5.152236176968138e-6,2.006673150407226e-9,4.73900033864309e-5,3.4972622351587538e-12,-0.027341520707005056,1.0913311113458834e-9,5.5184230951429095e-11,-1.7412982160033835e-11,-0.0010608310423451078,-7.081024990799123e-13,0.011566117838831939,1.989713585119115e-6,0.004127634816207114,-4.489408404140742e-12,-1.0613095278313968e-12,-5.01155955206914e-12,-0.004869483917999839,-9.193095351345007e-13,-2.4980600984850587e-12,-1.9392435496924776e-11,-3.977652068410452e-10,0.04365994874343972,6.0646349560468796e-6,-3.3668296362554076e-5,-1.1551132180693198e-12,-3.335894251647338e-11,2.3034060278795864e-13,-6.300206808976344e-6,-1.941921951154186e-12,-0.0028332657899249915,-2.493748569108022e-6,-2.2680344974189685e-7,1.8033532973919792e-11,0.0006084094340798309,0.00012493912244797463,4.092997570936646e-11,9.540007749129377e-11,2.9653979091078675e-7,1.6318063405799197e-6,9.874273794633328e-8,-1.4034195837354356e-8,0.000888761450771764,-0.004865590081609492,2.491466429075113e-12,-1.676575758464823e-10,0.00464990243135558,-2.6649608651503317e-8,8.170899017084082e-11,5.038028296667904e-8,4.70782820825983e-6,2.9759225121572645e-8,-9.78249436990202e-5,-1.794456432983505e-5,1.4000179578070117e-6,8.59689414119357e-6,-1.7977746563914026e-12,4.737260219653307e-6,-3.3058121154622908e-9,-0.00586349713183321,0.030945664570220622,1.8216846785547497e-7,-2.6353822704839696e-12,-0.01179164102071266,0.0021944033876656983,-0.0015687404051434436,-0.0002471028241883903,1.1594012475106044e-6,7.916690124461693e-12,-2.8080674485483126e-11,7.946098244103689e-5,8.131773918570109e-9,0.00011434587227779416,-0.009639674933580715,-0.004649591737752502,0.00011917672473623332,4.185454701719135e-9,-0.009725161754540131,-0.0010006587281199827,7.412724574668298e-9,7.331790597776796e-12,1.0734672634477298e-8,8.437854719947899e-7,-0.001522379569310813,-1.7774739972928336e-5,0.002918798256590676,-1.3207720869482016e-7,-0.02214973318859096,-1.3952989776037634e-10,1.1227786812913322e-9,0.001910733734935623,-1.557766475368592e-7,-0.0005604271534276355,0.030623230485134354,0.0005482257624509196,2.8092034712475546e-13,-4.875895482471691e-5,9.330093185207016e-9,-3.307859779341574e-8,0.012481752754677193,-0.02412141029854052,-3.855085045550282e-5,0.0016316161804394381,2.808140286448554e-7,1.0265254192771795e-11,0.002968877936535994,7.624848112522527e-13,2.219760191650473e-11,0.001465617423928249,1.3458063516315738e-12,7.260903352482231e-8,-3.0428442361063748e-5,-5.0911878206270804e-6,-7.68863380658272e-14,-4.278386208775193e-9,-2.829836992825905e-6,-0.0081928087789635,-2.1246083882090033e-12,5.7991433946389545e-11,-0.01052942619226447,-1.7723320286077518e-10,-1.651177561597793e-5,5.065236305643875e-9,-2.6437853586604277e-7,-1.0633327460191255e-7,-2.648509675265127e-5,-0.0017601840391607176,-4.022979753533643e-6,-7.538129829338287e-10,2.023485390365612e-8,-1.995706778720405e-5,0.00024704271917841945,0.000532662951430049,-4.603810627221035e-13,-1.4630279047260504e-10,0.0007522783464432427,-0.007320585794349108,-9.186378647896193e-6,-0.00015515115833717743,-0.00029021751943556184,-5.068794677636643e-6,1.3888925440077098e-7,-5.243571922371522e-7,9.878795273825212e-6,-9.505591768191766e-11,-1.778092363197903e-7,-0.002627102688333114,-1.1959909055555574e-14,1.2176342123398078e-6,-2.799632598785017e-8,5.928525633374156e-10,-3.2289529615073237e-9,0.022314263658871944,0.0023338217037584914,1.6222903949586437e-13,-3.2346743359079367e-12,9.109399895776849e-14,-1.7429845255592153e-6,0.0004447766710973054,-0.000407225496695189,2.439170326621232e-9,-2.4639727568748608e-9,2.1486936173113044e-12,-1.9893581884550775e-10,1.3720022002293136e-10,0.00021514092663338876,-3.2549889286710374e-13,2.8043582211764608e-5,2.7314665156127723e-7,7.200919623279582e-8,5.26123854606137e-10,3.2118062276988138e-6,-2.3965635432076496e-5,7.672755020972203e-6,-4.0401671676582326e-12,0.0019815459599179,2.783534237979811e-10,-5.908243856073289e-6,3.2067084617766115e-10,0.0021257656005923046,-0.00012107313722607153,1.36933500384677e-10,-4.932411019688813e-7,-1.2438330118312334e-10,5.709109388736228e-10,3.219075583359817e-8,2.9332757791679735e-8,0.00032003927643027504,3.690204474744092e-12,-3.168443324855161e-11,-1.0741619669774758e-5,-2.0112706845721577e-9,-2.945281059954125e-11,-6.13898235976528e-8,-8.900648418467292e-10,-3.224161581521369e-5,1.88191144417427e-8,0.0053441393461655644,1.935286915115763e-7,8.168105748894568e-13,-0.0051644012413371845,2.83960509040865e-11,-2.0269078550689157e-13,8.491188319368156e-8,-0.02225081226319431,0.0006611358994905492,-1.4674217572264438e-11,-2.9495528230125096e-11,3.76543671345588e-5,-0.01272846065948433,-0.0026715417517981137,-7.872275617945534e-5,-2.6854501529091137e-6,-8.152827143450485e-12,3.1633074787879736e-7,8.054476488596623e-11,-0.0001217794986431042,-1.15221566140315e-9,6.534288072098065e-5,1.0356786652881973e-5,1.8919338082376245e-11,3.679601127175202e-8,-0.0009688745379444508,-1.1187617376610395e-5,-2.3272977823132007e-9,7.936922766037463e-9,0.00015112590784608984,-6.080159507295361e-13,1.4941007672855643e-10,7.58675816598486e-5,-3.0136574230313545e-6,-2.0323035886640793e-7,-5.460228385403857e-6,-0.012438193966322855,1.6262387782112936e-9,1.7868142717403212e-6,-6.068661849195881e-14,1.0700946648713826e-11,7.421758316370751e-9,-2.9371820320218164e-12,-1.1643936583551483e-6,0.00037608676957430324,-0.00463157379226696,-1.148205857163816e-9,4.0776099124483244e-10,-2.734343191217925e-10,3.253732137829212e-13,0.00047108036128713305,1.4709687159227944e-7,0.03319349947816685,-4.420482451392688e-5,0.00015181435914433881,-0.00486148207204118,5.509332863479544e-11,0.00011861134349887727,-2.1977087678662805e-9,-1.5721572058562328e-9,-1.636349677961698e-11,-0.0001012149774046209,-1.582786161252859e-11,5.603635580719832e-7,7.67363873581824e-10,-9.101222816017976e-13,8.564203828177252e-12,2.1477863574602916e-6,1.9033548251953645e-6,-0.016427575492708745,-0.0012018249176542959,0.000950442810153443,2.33772287255527e-9,0.004831675213363203,-3.5683361353229077e-9,-6.770370890416806e-12,-3.8606164001752043e-10,2.6788501661610423e-13,-2.062536163071147e-8,1.2785968012251407e-11,0.00039006478447518503,-4.212349850794883e-9,8.665257697584286e-10,7.713007637537038e-8,9.882947583008047e-12,4.212942930717639e-12,-1.738873477828747e-11,-0.007558991471388358,2.1918393907205063e-9,-1.4973877159659059e-5,1.0028991077949084e-7,-1.6167375293239013e-12,-1.4426616154182582e-5,0.00011200540032528911,-1.4583781943844111e-8,0.0071698507278799275,-1.328744361618009e-8,7.555475822216496e-11,-0.0002363297489853134,1.7260800842086855e-6,-3.9943456289194565e-7,-2.765889760380243e-10,4.4159547989128507e-7,6.311443431384782e-13,0.0021163663093105817,1.198433508081621e-6,-4.659900916443563e-9,-7.492053194462703e-5,-1.9828527861606086e-11,0.00021028050563826875,8.662908224020374e-12,-3.7208036934139115e-11,-9.179814355934768e-13,0.0018947183019754176,-1.4728449215548421e-5,-1.8230430696008354e-6,2.4729340110002845e-6,-7.050824493111368e-13,0.00033533052992934184,-0.0036419871032345396,-4.48722963871542e-9,8.771800782160918e-11,0.001663026698783147,2.405649852437882e-6,-1.9490041952787652e-8,2.3149947758911646e-9,1.4814084956890937e-10,0.0018247433007133422,0.00489845092252188,1.7661292780199031e-10,3.2078643583612445e-9,-3.0521189907092013e-7,-0.0005359515851341266,6.704234512399582e-8,-1.563628120098283e-10,4.1742591820736866e-7,-2.65255449368346e-5,6.284004457828526e-5,-8.53380468544964e-13,-6.710100535990361e-11,1.99626819340906e-9,2.007464533359192e-10,3.2471545137205777e-9,-1.0812893869168413e-9,0.0004953694942733018,0.012284194504600702,-1.9680667999961707e-13,-4.810433630607873e-9,0.0013205252501392562
0.0,0.0,0.0,0.0,0.0,0.0,0.0,0.0,0.0,0.0,0.0,0.0,0.0,0.0,0.0,0.0,0.0,0.0,0.0,0.0,0.0,0.0,0.0,0.0,0.0,0.0,0.0,0.0,0.0,0.0,0.0,0.0,0.0,0.0,0.0,0.0,0.0,0.0,0.0,0.0,0.0,0.0,0.0,0.0,0.0,0.0,0.0,0.0,0.0,0.0,0.0,0.0,0.0,0.0,0.0,0.0,0.0,0.0,0.0,0.0,0.0,0.0,0.0,0.0,0.0,0.0,0.0,0.0,0.0,0.0,0.0,0.0,0.0,0.0,0.0,0.0,0.0,0.0,0.0,0.0,0.0,0.0,0.0,0.0,0.0,0.0,0.0,0.0,0.0,0.0,0.0,0.0,0.0,0.0,0.0,0.0,0.0,0.0,0.0,0.0,0.0,0.0,0.0,0.0,0.0,0.0,0.0,0.0,0.0,0.0,0.0,0.0,0.0,0.0,0.0,0.0,0.0,0.0,0.0,0.0,0.0,0.0,0.0,0.0,0.0,0.0,0.0,0.0,0.0,0.0,0.0,0.0,0.0,0.0,0.0,0.0,0.0,0.0,0.0,0.0,0.0,0.0,0.0,0.0,0.0,0.0,0.0,0.0,0.0,0.0,0.0,0.0,0.0,0.0,0.0,0.0,0.0,0.0,0.0,0.0,0.0,0.0,0.0,0.0,0.0,0.0,0.0,0.0,0.0,0.0,0.0,0.0,0.0,0.0,0.0,0.0,0.0,0.0,0.0,0.0,0.0,0.0,0.0,0.0,0.0,0.0,0.0,0.0,0.0,0.0,0.0,0.0,0.0,0.0,0.0,0.0,0.0,0.0,0.0,0.0,0.0,0.0,0.0,0.0,0.0,0.0,0.0,0.0,0.0,0.0,0.0,0.0,0.0,0.0,0.0,0.0,0.0,0.0,0.0,0.0,0.0,0.0,0.0,0.0,0.0,0.0,0.0,0.0,0.0,0.0,0.0,0.0,0.0,0.0,0.0,0.0,0.0,0.0,0.0,0.0,0.0,0.0,0.0,0.0,0.0,0.0,0.0,0.0,0.0,0.0,0.0,0.0,0.0,0.0,0.0,0.0,0.0,0.0,0.0,0.0,0.0,0.0,0.0,0.0,0.0,0.0,0.0,0.0,0.0,0.0,0.0,0.0,0.0,0.0,0.0,0.0,0.0,0.0,0.0,0.0,0.0,0.0,0.0,0.0,0.0,0.0,0.0,0.0,0.0,0.0,0.0,0.0,0.0,0.0,0.0,0.0,0.0,0.0,0.0,0.0,0.0,0.0,0.0,0.0,0.0,0.0,0.0,0.0,0.0,0.0,0.0,0.0,0.0,0.0,0.0,0.0,0.0,0.0,0.0,0.0,0.0,0.0,0.0,0.0,0.0,0.0,0.0,0.0,0.0,0.0,0.0,0.0,0.0,0.0,0.0,0.0,0.0,0.0,0.0,0.0,0.0,0.0,0.0,0.0,0.08168655214576252,2.2045502654865403e-5,6.204323755750322e-11,4.57831516415431e-8,0.000740741872280598,0.001967538275123157,1.1807239353893009e-8,6.79627985203263e-7,0.0024011142828664948,0.0052319682354947964,-7.331035670468477e-5,-7.537176896937677e-7,1.635296434906927e-8,-9.942190805048913e-5,0.0002829814444582495,-8.726503415979639e-8,-0.005332593945829767,0.0009064432129155006,-0.004947056775255633,-8.312260612423956e-9,-1.3317189091995914e-8,2.715190140008359e-10,4.247763361450189e-10,0.0004106935100086633,2.8326151157335143e-5,0.002007477827181909,8.423380794397518e-8,-0.005406228469655246,-3.3184749924139046e-9,-0.003765446146505998,-3.87417302950408e-6,-0.002477243172517831,0.00017652603280334658,0.0030235026951867844,0.0017373596776025968,-0.0002973613655499067,-1.2898481980879819e-12,0.002042526944276787,-0.0003216173799071653,-1.1070392500426733e-5,-3.008860555425788e-9,-1.8894227338285017e-5,6.064173907231858e-7,-6.233285981490977e-12,1.2224985801244464e-6,4.8582965708604524e-5,4.109411645915368e-5,1.7799218560693215e-7,6.506572705884445e-7,3.5061657319566695e-12,-1.3655905277991205e-11,-5.2896705941008175e-6,-6.367408315474729e-11,1.0973337337526914e-12,-0.00038994994911150326,0.03145451318505956,-0.0013511783028470042,-1.6382656879390594e-12,0.0009022048949459809,4.447097537189979e-12,0.0004640799476270722,4.5477874179780337e-10,-7.809965436858059e-9,1.831771311944183e-12,1.6217169787490516e-6,-0.00024406766700095628,0.0002067368224815986,6.183642241275691e-5,0.000185707849217207,0.00014002817051119514,1.7207299565609171e-9,0.00017058340907374396,-0.0036181992804035965,1.813202598323422e-7,0.009099387146695103,0.015082857444374435,-0.000154169250299336,-9.501727344902567e-12,-7.718403080894224e-5,-2.2862575258736417e-9,-1.523666971728049e-7,-0.002542011858176755,8.934473042806449e-9,-0.0026674180558529685,-5.334217137743989e-10,-0.0013210812415359412,-0.0004894666650279462,-0.0009107860231130564,-1.5615448512776544e-11,-0.025055934216866645,-4.020892569733576e-9,-1.9527289773878092e-12,0.001961221869658352,-4.546343721447779e-12,6.361626340389793e-9,2.3642960149560583e-10,0.00020444971769529162,-0.003149851765401025,0.004953005964015794,2.6192324018310496e-5,-0.0008729187520678965,-5.5637899637133495e-9,0.0014332349124730201,1.3514610256099865e-9,-0.004673523699831044,-0.007322926948626364,0.000917334375852286,-1.0878322663676125e-12,8.231815639119771e-13,1.401758104462958e-9,-4.973160026810076e-7,4.448092165023655e-5,-1.4936783113874123e-9,-0.008391202240023933,2.382498596780088e-11,0.0011004721774458548,-0.0009145150989455345,-0.012678566798499533,-4.219410027412479e-9,0.0006349742551275164,5.598318368664455e-11,9.75458288382171e-7,-9.82253870450535e-11,-0.005139331080585924,0.0011042367898086377,0.001821230870814135,4.4557900604749886e-11,-0.0021317073781974252,0.005971379839109392,-0.011488867809021232,-0.003087247199630433,1.6164680315067816e-13,-9.81309668514825e-8,4.841272371028551e-9,0.004182958124293003,0.04741334949413482,-0.00030753616079542956,-3.5467902919305725e-7,0.015243525127227613,-3.2127201361352887e-12,-9.84929745872079e-8,3.6795063463452354e-6,0.001531406505672841,6.709127876312168e-11,1.2554645299539509e-8,-0.006121230001927702,0.004026272707459888,1.7411971764857078e-7,-4.998211456311723e-6,6.314493428978376e-6,-2.5203713887317983e-5,1.874936914378305e-10,-2.822110770250251e-10,0.0005291125101826183,9.744877703663189e-5,-2.1124503680358948e-11,-6.168989762338832e-7,0.003415462426647324,1.4554073932866588e-5,-2.759396990296322e-8,6.56388305726957e-5,-6.598828982849061e-10,-3.585304246008268e-8,1.227452992268821e-8,-2.17176698903351e-8,0.0011413750522718856,4.233113825227689e-7,-3.3861530605540374e-5,-4.789939918926937e-11,1.951412227064878e-12,-6.037092148652099e-7,1.3889314408293114e-5,4.515617238046446e-12,-3.137619418767699e-10,2.5546405198116065e-10,-4.842403739055885e-10,1.1346654600238649e-7,0.0105019425535325,-0.0010805617107451596,9.043827522979785e-9,-0.0001081054771887459,-2.5627303329112857e-9,5.263933784367361e-10,-1.3084067519389715e-10,-6.336573012802571e-9,-4.860548009829538e-6,9.127716473446102e-13,1.2691964340872697e-10,1.5971069731757508e-5,-0.0047194322208145125,4.893637645272988e-5,-1.550635033512281e-6,-3.7760045494957045e-10,-8.372295218891141e-8,1.6131453204713134e-10,1.0989500668303788e-5,2.350791389921269e-11,7.549554219560767e-5,0.0003479428608267068,1.5447453589002455e-10,2.8723760418286816e-6,-6.595974016925791e-10,-2.7834677203758348e-11,-3.0355914868709606e-10,-0.00019476346406019476,-1.4694910783673631e-9,-1.9798485342618636e-5,-1.048450337965951e-5,-8.190991903825792e-11,-4.5783210877820055e-11,-4.416915782101771e-9,9.282933486911326e-11,-6.814289281602755e-7,-0.0049189172989239525,1.2476731330188531e-12,0.01626840401178246,-0.00036499651525664955,2.6955369808916803e-12,-0.0008227859188513057,4.059729267001851e-6,6.642203736817143e-9,4.576154536834451e-8,8.509115439528088e-5,0.00019982953318279273,-3.379674318763538e-7,7.323539426470467e-11,-0.000951974311877734,-0.003749208973139155,1.9110851907441583e-10,-0.003025185395170196,2.239311515386883e-8,-8.478568878374506e-5,-5.623637955802236e-6,7.604158734798757e-7,-6.657712061941938e-8,-2.3383962344558437e-11,-1.4137513271671095e-8,0.0002724863449148348,2.022663094903494e-5,3.2993387301549494e-9,-1.1254668296215324e-9,2.2164917539911527e-10,0.00047480196609081646,0.019743532004423935,-2.338872129252781e-12,5.175238569657165e-11,1.623277994062073e-7,5.9655869435159865e-12,1.805601732871398e-9,1.429916972941978e-7,7.448838958758839e-7,3.255539512242764e-8,2.9015287787093042e-8,-0.004678207470787598,1.5228268233097856e-6,-6.880529799031061e-12,0.00018979958997450606,9.003439046927328e-7,3.469457251342455e-6,-0.00014690013023894638,-8.065311407994997e-5,1.6161853838527546e-11,1.974186636591511e-12,-0.00014436222129677828,-0.0027134276725987246,-0.00026570624305127647,6.777679454059203e-7,3.064760829526717e-11,-1.3482281876901006e-9,-0.0006064258016493143,-0.0001782010517122556,-0.000610629637458747,-0.0001628698474131119,0.00047727641433662713,-6.063449029022088e-10,-0.00022518494453044606,1.938503818570074e-8,-5.154795871308048e-7,-1.2862818124570727e-6,-0.000596714128289693,-2.2820639152135981e-10,9.148851347848303e-11,6.070165740124124e-8,-0.002886699343703429,-1.3328374145820432e-12,-0.0009697678269112992,-6.008732956343207e-10,0.00036454529161633,-7.889818052355514e-10,-1.8964568678814052e-12,-0.004397740204770186,8.450380003887886e-7,0.00022819327292144474,-0.0009429901076143846,1.118834501297117e-5,-1.7990181354990713e-5,1.0828425247789324e-9,-0.00680070563294846,0.05215743313876469,-1.2583506740766602e-7,5.894682862911411e-5,-0.0005033847556837175,1.688849542831397e-6,2.339707246481598e-5,-7.4467477840505055e-9,2.0031256730958773e-5,-4.915356189660462e-11,9.316471225337601e-7,0.0006872769864308442,-1.5668614004173298e-11,0.008646750107411096,-8.01620557710345e-5,-7.272437542063877e-6,-1.9530186101778222e-11,3.1929860917090644e-11,-0.008972907929601346,-0.0014571997513702453,1.154222325966494e-8,-1.0194243838839398e-10,4.61319997799247e-11,1.0712567689831478e-8,1.3143017898262642e-7,-0.003964392845197794,-6.777627955831262e-7,-0.0015980659184786387,1.3504784141175872e-11,-6.7290967123158395e-6,4.810910645170967e-9,1.950546976889147e-7,0.0005985586048388456,1.3477466611764699e-5,-2.6566703226220813e-11,1.823314425787948e-8,-7.696996372595372e-5,-1.5782031402905428e-5,8.47472310944845e-10,-0.014885358702298082,-0.003029245051505871,4.304695214558312e-10,2.676455170272962e-7,-2.4922194780115253e-7,-2.0297523719216702e-7,4.097658892004182e-11,6.646578936662592e-5,-1.935195242586601e-8,0.00010879296419191103,0.0017452719408068227,-8.732085661569506e-5,0.0014577287779447556,-2.1167423623385848e-8,-7.054462980218274e-11,3.286443334873609e-12,-6.148966593472428e-5,4.090993415111061e-5,-0.0017031549802825352,-0.0004798199884304415,2.9853749047247835e-10,5.512488605441222e-7,-7.027454207862249e-13,-3.938361305722105e-8,5.58698955263791e-9,4.1242332904878847e-10,0.003977902011700472,-3.3153459673800417e-9,0.00016997819898853595,0.0003840235282049036,0.001524986144721756,7.256385255140628e-12,-0.0019954501969594207,-4.6299398943148985e-6,-0.00028598127849705727,0.0013476096085256182,-0.0055573114549506445,-5.001035001373971e-7,5.202038585013004e-7,1.0042099404092142e-11,3.771997998176664e-13,-7.394469381113072e-12,-0.00015892972582345088,-5.568984021081672e-11,4.543468197274824e-5,-0.013146206407715601,0.0014146589591062352,-9.25229608166841e-5,1.2777743218692064e-5,-0.013804401078099559,1.3705317395707618e-13,0.00010482030028753216,8.209493482596295e-5,-7.46330916957629e-6,-0.0031498437713732936,-0.0029541835442302307,0.00488683014024121,1.6409042131067784e-11,0.0009794914984555996,4.375713300640656e-9,-1.7365761660831953e-5,0.0009897867319285962,-9.814844952900458e-8,-5.6315185742156564e-11,8.778261106491439e-5,2.8892836822639664e-11,-3.089219337043387e-5,-0.0001594640705140042,5.4210095224642004e-9,-2.5114640194389407e-7,6.170145829601283e-8,-0.0034244992555805525,5.053652103776869e-7,-0.0005706817110004909,7.209202257398654e-11,-2.8763996048363545e-7,0.00010261008282244017,9.151559073694756e-11,-0.0037440432300098053,-8.017466469609514e-11,-0.005350315455417698,0.003011213285514758,0.0008392992940909466,1.1770175532374286e-10,-2.071666030301661e-8,-2.2005972007508824e-7,-4.909165991251909e-7,-0.0006285612971579849,1.1948690589898727e-10,2.0144247830016606e-10,-1.0274346155258607e-6,0.0013169850377302544,-3.562094358950364e-11,6.806596830198618e-8,-2.2925197439637327e-6,0.0001574699118874649,0.0003616827960602227,3.7114396696960334e-11,-3.622701831253694e-12,0.007766106180257164,0.00015720194026834906,1.2352776091252347e-6,2.7002990533935705e-9,-4.77413674408816e-6,0.00014021756305826675,5.373049686634517e-7,-1.8376783191513036e-9,-1.3335582033237408e-8,-0.00190221709441688,-0.0009913592877459968,-0.00023486414490511738,-0.0003619527239466832,-0.0001896952944628206,-0.0006882480734958418,-1.2394374058949576e-11,1.8537463580207608e-11,0.00013679412109245343,-3.255035310831394e-6,-2.9156275924864285e-12
0.0,0.0,0.0,0.0,0.0,0.0,0.0,0.0,0.0,0.0,0.0,0.0,0.0,0.0,0.0,0.0,0.0,0.0,0.0,0.0,0.0,0.0,0.0,0.0,0.0,0.0,0.0,0.0,0.0,0.0,0.0,0.0,0.0,0.0,0.0,0.0,0.0,0.0,0.0,0.0,0.0,0.0,0.0,0.0,0.0,0.0,0.0,0.0,0.0,0.0,0.0,0.0,0.0,0.0,0.0,0.0,0.0,0.0,0.0,0.0,0.0,0.0,0.0,0.0,0.0,0.0,0.0,0.0,0.0,0.0,0.0,0.0,0.0,0.0,0.0,0.0,0.0,0.0,0.0,0.0,0.0,0.0,0.0,0.0,0.0,0.0,0.0,0.0,0.0,0.0,0.0,0.0,0.0,0.0,0.0,0.0,0.0,0.0,0.0,0.0,0.0,0.0,0.0,0.0,0.0,0.0,0.0,0.0,0.0,0.0,0.0,0.0,0.0,0.0,0.0,0.0,0.0,0.0,0.0,0.0,0.0,0.0,0.0,0.0,0.0,0.0,0.0,0.0,0.0,0.0,0.0,0.0,0.0,0.0,0.0,0.0,0.0,0.0,0.0,0.0,0.0,0.0,0.0,0.0,0.0,0.0,0.0,0.0,0.0,0.0,0.0,0.0,0.0,0.0,0.0,0.0,0.0,0.0,0.0,0.0,0.0,0.0,0.0,0.0,0.0,0.0,0.0,0.0,0.0,0.0,0.0,0.0,0.0,0.0,0.0,0.0,0.0,0.0,0.0,0.0,0.0,0.0,0.0,0.0,0.0,0.0,0.0,0.0,0.0,0.0,0.0,0.0,0.0,0.0,0.0,0.0,0.0,0.0,0.0,0.0,0.0,0.0,0.0,0.0,0.0,0.0,0.0,0.0,0.0,0.0,0.0,0.0,0.0,0.0,0.0,0.0,0.0,0.0,0.0,0.0,0.0,0.0,0.0,0.0,0.0,0.0,0.0,0.0,0.0,0.0,0.0,0.0,0.0,0.0,0.0,0.0,0.0,0.0,0.0,0.0,0.0,0.0,0.0,0.0,0.0,0.0,0.0,0.0,0.0,0.0,0.0,0.0,0.0,0.0,0.0,0.0,0.0,0.0,0.0,0.0,0.0,0.0,0.0,0.0,0.0,0.0,0.0,0.0,0.0,0.0,0.0,0.0,0.0,0.0,0.0,0.0,0.0,0.0,0.0,0.0,0.0,0.0,0.0,0.0,0.0,0.0,0.0,0.0,0.0,0.0,0.0,0.0,0.0,0.0,0.0,0.0,0.0,0.0,0.0,0.0,0.0,0.0,0.0,0.0,0.0,0.0,0.0,0.0,0.0,0.0,0.0,0.0,0.0,0.0,0.0,0.0,0.0,0.0,0.0,0.0,0.0,0.0,0.0,0.0,0.0,0.0,0.0,0.0,0.0,0.0,0.0,0.0,0.0,0.0,0.0,0.0,0.0,0.0,0.0,0.0,0.0,0.0,0.0,0.0,0.0,0.0813363527633853,3.436117077902126e-9,-4.0340696949083925e-5,-0.00286242281451008,-2.244952069546185e-6,-1.3192037973680656e-6,-0.011452682203883659,0.00011817521419580645,-2.1237488102751454e-5,-0.02059687755829577,-0.0004490181928248562,1.4144318906457239e-5,-0.00936155266142377,-0.0005105453156830744,0.0007910318700040022,-1.1460716599678643e-5,-5.0825719064005e-6,1.9825195430325874e-5,3.267922192058341e-6,3.1475658841002896e-6,-2.262076137529558e-7,2.0991298115996897e-7,-0.001304044663236012,0.008959096276811991,-2.028253308619079e-6,-2.5230172681729694e-6,5.925797045812369e-6,-6.7259408901393e-7,2.7818087434922902e-5,0.002746058180286188,1.4489648701424104e-6,7.52750812013262e-5,0.0005376593818545063,1.5685410336584878e-6,0.0029397130026574975,2.5771938109247235e-9,-1.1719447751534473e-6,2.704557912135291e-7,0.003510181995659773,-3.273720029866848e-6,0.0031087018040353736,-0.0004719394263571797,3.400743217519078e-9,-0.007115594961700107,0.02438308294320709,0.005080640604507694,4.470606591403636e-6,-0.00032700946376888,-8.413279276885152e-10,5.650838826050672e-10,0.0014137080572999485,6.576823053624967e-8,1.1274961800624402e-9,0.00034423923735826025,4.375464195808378e-6,-3.711910363002978e-8,-2.3118304213744244e-9,8.029579753388858e-5,7.980092593540103e-10,-8.484215669606396e-7,-1.7181300480396702e-6,0.0010535332146662715,3.6906618115057075e-9,-0.0003186619332289183,6.713787862931086e-7,6.184488228063253e-7,-3.627210808410455e-8,-2.6020712973489133e-7,-3.3217390438851285e-7,-3.5149912133576934e-7,0.0013419920839265835,0.00010851287655610787,0.0003244725526975029,0.00021888005176467725,-2.984872531246288e-5,-0.004311672354435444,1.534195273903687e-10,-0.014537090216251271,-8.109210965794822e-5,0.0005377767997126591,-4.215510104209842e-6,1.3912644793034438e-5,-0.0004024777212916088,1.709300993822635e-7,1.339224927786804e-7,-4.101515951602283e-6,0.0005247715197193345,-9.748874505379616e-10,-2.5481210157655163e-5,4.224453182518992e-5,3.4237197288065826e-10,-5.961475456511964e-7,2.6454168295215705e-8,-1.6569477697127084e-5,1.3121859881852891e-7,0.003798040964527051,-1.4351052646321688e-5,-2.2004276252480694e-5,-0.0018601735716585043,8.625399947204487e-7,-0.00010208784568998989,-5.061171498409755e-7,-3.3489242267548337e-6,-1.0180866625813869e-5,-4.600250920973346e-5,-5.653060670876109e-5,9.386822994336517e-9,1.1036048454583192e-10,-7.896645413765741e-7,-0.0005473893473979057,-0.001180077669430704,5.318779548123146e-6,1.1761625400987406e-5,-2.7867014617197124e-9,-0.0015166555397382942,5.403796875768929e-6,-0.00033045771248806565,1.735760028104604e-6,7.434494490618708e-7,5.509265359212086e-9,0.0004942216665392247,2.408113705163118e-8,5.734152139403308e-7,6.206028150379104e-7,-1.5987424346203464e-7,8.12359548011667e-9,-1.5275047751659668e-6,-1.4120697484096533e-5,3.860771580435799e-6,-8.513834293842359e-5,-1.0366163405971292e-8,-5.3493920847818277e-5,-1.2641075444615232e-8,7.153568603573478e-6,-5.477033850507216e-6,-4.790075823324006e-7,0.00044658777608400096,1.3969468043915609e-5,-4.69978047498737e-10,-8.51653188469921e-5,0.0007807840219321009,-2.0849852578705975e-6,1.0990550486938468e-6,-1.8589353850871858e-6,4.013607596740084e-5,0.00011909336930053456,9.068525121525706e-6,0.0013246259368788784,0.0011924408694109923,0.0013327320265089846,4.2351133898932283e-7,-2.7262162662260933e-7,-1.72342210135614e-6,-6.585582031180215e-5,7.471279456358499e-8,0.0034665544581179582,4.0739381531737977e-5,0.0030058458015717053,-0.00011368772226524388,-0.009774056335696415,6.581875533622197e-8,-3.068943257208361e-5,-1.6616868066849747e-5,-1.766468882910673e-5,-2.1808571282366648e-7,-0.0005578631404442853,0.015507401875535516,-8.044866637051872e-8,-7.956945201052615e-10,-0.0026005940539568263,5.038062042981326e-6,3.5593823310157604e-9,2.81307312868873e-7,6.483299454412592e-8,1.0047325266671915e-6,9.999950521387992e-6,-6.842449858561608e-7,4.083721738236894e-5,-3.709665072185606e-5,0.006036730735523684,-2.130375027610597e-6,2.0828142174432698e-7,-1.9000672568169627e-7,9.92393756335015e-6,-0.002296385423137225,-7.068756306573349e-10,3.792908189207667e-7,0.0007452675501399039,1.0168984226267552e-6,6.526834771540475e-5,0.0006848348228721717,-1.17685672925632e-6,3.87174324548302e-5,-3.906233887048547e-7,0.01434387783274086,-1.4210656303104523e-8,0.0002687134795552321,-1.6448799932710958e-5,-4.0559528085298496e-8,-0.006597887465708056,9.748715863418284e-7,-2.4161897074539804e-8,6.567100336262884e-7,-6.003559608003967e-7,-6.707791510900275e-7,0.003395393023810929,0.00012758323818704614,-1.6461714959046556e-8,-7.577858640496135e-9,1.0118999280353902e-5,8.247790382760467e-8,-0.0029520914100648254,5.769796209085646e-7,1.3855995500737104e-9,3.654992367564163e-5,-2.236187233064702e-5,1.2438239797618037e-9,-1.3768340516483648e-6,0.0020006790268255977,6.14316221984431e-6,-3.4843270929290144e-7,-1.0542823363809104e-6,-0.0001750702256240609,-0.0003980319906126564,9.321486197949828e-8,1.842073285275097e-6,4.581899261305443e-5,4.099419261464851e-8,4.972253367381187e-5,-3.804020227972282e-5,0.008331584325388835,0.0021153750636945935,-0.0018021559361014162,1.3917056940525322e-5,-6.464019780285046e-7,4.2276091673976e-6,0.0004509610003351634,0.005508589637718981,7.633877994501442e-7,4.348263969313072e-6,-4.638027685543745e-7,5.657020260769192e-9,-1.0149557213793885e-5,1.5987259179511581e-9,8.482767896369315e-9,0.00016444996876567607,-9.258143645868624e-10,-1.3967762610493093e-6,-6.377860953605497e-5,-0.0001991450280921229,2.041157219313136e-5,1.2176072272271386e-5,-0.00010913823086820445,0.0017328701485315456,-1.0662038447337597e-9,-2.0752291963578001e-7,0.00016667377154996234,-0.000323429337459892,-0.002923820952756245,-0.005364689661272114,-1.1810781856782653e-8,1.4335392240741137e-9,1.5478642388063196e-7,-1.1670393168485298e-6,3.017703195311386e-7,0.0003438806654795644,-3.926654553674067e-7,1.0216065677472579e-6,0.0002837574587074952,-0.002094137839354274,-5.07644522430742e-8,-0.0005917755194789247,0.00022159164489370903,1.3734385265646775e-6,5.888576598821083e-7,-1.2123316263256346e-5,-0.0035431047021514572,-0.00629603498865386,-6.708868177754789e-5,1.1935781397004452e-5,7.605602818515549e-7,-1.7448456194737534e-5,-1.2369113054130793e-6,-1.5535610341082078e-9,0.0003993894390111342,1.8461107333847636e-7,0.00017087636866774315,-7.708838986814714e-8,2.8012314114988386e-9,-8.353186951213614e-5,-0.0007856736549720657,0.0002427267820659485,-1.6587549195168128e-5,-0.003987816835849312,0.05280530420079513,4.5252520998934966e-8,-7.628529329034514e-7,2.662844800559792e-6,0.00011150174877459779,-0.0008448915243144854,-5.726741981814622e-6,0.0007580844560733456,-0.000514646563749262,1.008235109099475e-5,0.04889240224963005,6.449866982182701e-8,-0.0005321720392472048,-3.04088941271494e-6,-3.2303258247729433e-9,-3.7759778367781784e-5,-4.952254871264424e-8,-0.005751908493433785,-2.6931599219296306e-10,8.97047921277721e-8,3.224828162216541e-6,-2.878514603788086e-5,-1.7336632772584572e-5,8.470355008311858e-9,-5.792088020311441e-8,-1.3285167223642017e-5,-0.00018246317922443307,1.0647633890376659e-6,-0.0015369492313447683,4.580728412247335e-5,9.735763622783707e-9,0.00034394418212287635,9.990515574706039e-6,-0.00017864814593298437,3.885093199789637e-5,0.043326262992845574,-7.925701675221482e-7,-5.737445152853488e-5,0.002539629765573941,0.0020387953444488197,5.360155851764625e-7,4.593711610109571e-6,3.129800728205125e-5,7.424091553553059e-6,0.00018032480500590763,-0.000262228337184312,0.00013035477552771698,-9.890039600610917e-10,-0.0012135531766474885,0.00013423157675626068,4.221858728232371e-8,3.3706793532702973e-6,-0.0181515927591401,5.547190842890656e-6,2.1951933442492552e-5,2.0814726013371236e-8,-8.851189264619705e-9,0.0008690561049883056,-0.005034429664392236,-0.0001790481919388706,-3.619158014582043e-8,1.678549524614592e-7,-0.0007818659252332185,3.9409557528740054e-9,5.320699174087728e-5,-2.3244990714648738e-6,3.756184096926534e-7,1.003359597500886e-5,3.897458461858501e-6,-0.0007663146494647726,0.004424990910171911,2.7264027840231756e-5,6.762108729823653e-10,3.4466060592149444e-7,0.0035176932243164375,-0.0013466313104968915,3.3708017741742074e-6,3.1720319445210884e-6,-8.807771084737877e-5,0.0003909034169026874,9.029553928288398e-9,2.7323271850006695e-10,-1.5756558449087296e-9,-0.0002743122151591993,-2.1369753474836323e-8,0.0017925760355631325,-0.00022621097495198177,-0.00014471969697728496,1.816726603906314e-6,0.0020295086504148545,-1.6574229734113908e-5,4.696243291449706e-10,-0.004372883300186326,-0.0005160349768704147,-0.00418800911573389,-1.2749927071896416e-5,-1.3419030711321632e-5,-5.605804262633677e-6,4.773818351405424e-9,-0.00022702883286735063,-7.417903804251557e-7,0.004001552003222906,-1.1725338252399475e-6,6.0925959840916496e-6,-1.2183855193094605e-6,-0.012792222014737753,1.197289410830262e-8,0.002619817441998234,2.7731331626136785e-5,-1.9538971216312755e-6,0.0003899305381733255,7.329271422408801e-5,6.377355703332207e-6,0.00020229947042372167,-6.171072909399201e-7,1.0658957039920521e-8,-0.0003930219474245056,0.002965563970843866,-2.9063618402625674e-6,-5.485270358202834e-6,-7.499988427978038e-8,-3.940427044775062e-6,-5.977034148021957e-6,-2.14676338356382e-7,-4.9296846361847674e-9,-8.64973399462021e-7,-0.0001019036106006519,-0.00033721862577863385,6.269688727781345e-7,9.005003031957938e-7,-6.273464935364086e-9,-0.0028477199313823223,-0.00019843770498395225,7.434976664372754e-8,0.0006342989821806039,-0.0008452392395774897,-0.0020399576348220567,-0.002853639409874569,4.117757322249627e-8,-6.394222519358649e-9,6.421075484513068e-5,-0.0010909493437975936,0.00043023971863417697,-1.5313718304381155e-6,0.0003882139605755472,-9.498415331427868e-5,2.171225023507916e-5,-3.3367425167099155e-6,1.194543230819814e-5,-1.9439105627241523e-6,-6.341668405908863e-5,0.0018891767694119456,0.000576297481306545,0.001890578156437715,0.00031040730372659234,9.94511815045333e-9,1.600516287349743e-8,-1.2894856839432423e-6,0.0006971664826035631,5.082137020908468e-10
0.0,0.0,0.0,0.0,0.0,0.0,0.0,0.0,0.0,0.0,0.0,0.0,0.0,0.0,0.0,0.0,0.0,0.0,0.0,0.0,0.0,0.0,0.0,0.0,0.0,0.0,0.0,0.0,0.0,0.0,0.0,0.0,0.0,0.0,0.0,0.0,0.0,0.0,0.0,0.0,0.0,0.0,0.0,0.0,0.0,0.0,0.0,0.0,0.0,0.0,0.0,0.0,0.0,0.0,0.0,0.0,0.0,0.0,0.0,0.0,0.0,0.0,0.0,0.0,0.0,0.0,0.0,0.0,0.0,0.0,0.0,0.0,0.0,0.0,0.0,0.0,0.0,0.0,0.0,0.0,0.0,0.0,0.0,0.0,0.0,0.0,0.0,0.0,0.0,0.0,0.0,0.0,0.0,0.0,0.0,0.0,0.0,0.0,0.0,0.0,0.0,0.0,0.0,0.0,0.0,0.0,0.0,0.0,0.0,0.0,0.0,0.0,0.0,0.0,0.0,0.0,0.0,0.0,0.0,0.0,0.0,0.0,0.0,0.0,0.0,0.0,0.0,0.0,0.0,0.0,0.0,0.0,0.0,0.0,0.0,0.0,0.0,0.0,0.0,0.0,0.0,0.0,0.0,0.0,0.0,0.0,0.0,0.0,0.0,0.0,0.0,0.0,0.0,0.0,0.0,0.0,0.0,0.0,0.0,0.0,0.0,0.0,0.0,0.0,0.0,0.0,0.0,0.0,0.0,0.0,0.0,0.0,0.0,0.0,0.0,0.0,0.0,0.0,0.0,0.0,0.0,0.0,0.0,0.0,0.0,0.0,0.0,0.0,0.0,0.0,0.0,0.0,0.0,0.0,0.0,0.0,0.0,0.0,0.0,0.0,0.0,0.0,0.0,0.0,0.0,0.0,0.0,0.0,0.0,0.0,0.0,0.0,0.0,0.0,0.0,0.0,0.0,0.0,0.0,0.0,0.0,0.0,0.0,0.0,0.0,0.0,0.0,0.0,0.0,0.0,0.0,0.0,0.0,0.0,0.0,0.0,0.0,0.0,0.0,0.0,0.0,0.0,0.0,0.0,0.0,0.0,0.0,0.0,0.0,0.0,0.0,0.0,0.0,0.0,0.0,0.0,0.0,0.0,0.0,0.0,0.0,0.0,0.0,0.0,0.0,0.0,0.0,0.0,0.0,0.0,0.0,0.0,0.0,0.0,0.0,0.0,0.0,0.0,0.0,0.0,0.0,0.0,0.0,0.0,0.0,0.0,0.0,0.0,0.0,0.0,0.0,0.0,0.0,0.0,0.0,0.0,0.0,0.0,0.0,0.0,0.0,0.0,0.0,0.0,0.0,0.0,0.0,0.0,0.0,0.0,0.0,0.0,0.0,0.0,0.0,0.0,0.0,0.0,0.0,0.0,0.0,0.0,0.0,0.0,0.0,0.0,0.0,0.0,0.0,0.0,0.0,0.0,0.0,0.0,0.0,0.0,0.0,0.0,0.0,0.0,0.0,0.0,0.0,0.0,0.0,0.0,0.08089062180832929,5.7118163667515146e-5,-1.204665165698202e-9,3.3435017241709475e-13,0.00040545624158258006,-3.4954624443890306e-8,2.885139566790221e-10,-8.386481242926304e-12,-8.106407262778655e-9,-2.083945635404322e-6,-8.516433668114041e-6,-1.634867298966253e-8,-1.0670023050219732e-9,1.8900978990857958e-6,4.81600927848374e-13,-2.1197635736823315e-11,-4.643264211954068e-11,-0.0002636118855802354,6.18160964140922e-5,0.001000304922248066,0.0018839703644381615,2.608411568054227e-10,3.5285325588702845e-9,-1.699524752997989e-12,1.3217474000520305e-6,4.707421279894523e-12,-0.0014432027818074762,5.446280639807335e-11,-1.692742206788432e-8,1.8718003044462304e-10,9.639635644033994e-12,7.673766209939666e-10,-4.1011746587383025e-15,-6.61996795897549e-9,0.002090650042034002,-2.1957895787294537e-12,2.3468060902127404e-12,-9.624107781599971e-8,-1.4860321299082588e-5,7.977514610705354e-9,8.208464677155503e-7,-0.0025998255704183073,1.050480113258371e-7,1.7154563520417318e-8,3.394244187875952e-9,8.22772837476728e-6,1.1384642056588477e-7,0.0021206278643491525,0.00478231848822658,-1.3155214875058125e-7,-0.006499830593677104,0.0020575433779822594,1.1461664601016889e-11,-4.552834798309523e-11,4.579880673273636e-12,-0.0017881561550827886,4.5648698242852176e-10,0.005587644926518248,1.7870786782741195e-12,-0.0002881860739804426,3.365608947951784e-7,-0.00017730718438031213,-2.9462087223648325e-7,4.779127253392994e-13,-1.056908424623823e-12,1.183950023269011e-12,9.38470099152232e-13,5.021706499255782e-13,0.0007433960219809288,2.3031717678457133e-10,8.306805300249055e-10,4.914155914095036e-6,2.1038874968855877e-10,9.624516326483999e-11,-6.912385608403077e-9,0.00015119163931533148,9.617239255250744e-9,6.547718478815371e-7,1.2231717929385197e-6,4.4732177583483465e-11,6.239709928486063e-5,1.9838316966246174e-10,-0.004226468533420277,-3.465795048567516e-13,-1.66418200369871e-12,1.4405609552005668e-11,0.01880282651662422,9.714502079649282e-11,-2.208496641225403e-5,-0.003591634064459344,-1.7296038025770168e-12,-0.004081703575663358,5.833364759267158e-6,0.0012885595298700757,-3.929878429527731e-9,-1.9043638487921647e-11,-1.7221622239900516e-11,5.125967741545822e-8,5.374340329404977e-13,3.792542534238776e-6,-1.6525739901252453e-12,0.00013891982488721159,-6.766463952096837e-12,-4.115049867595352e-10,5.1941724150700265e-11,-0.004369065930618545,-0.00022158993879572,-4.566810895786938e-5,4.389986157154482e-7,-3.0595083721182957e-9,-1.3471270472900352e-5,9.561704195252166e-12,-0.00784177198559637,3.3453154169782985e-9,-2.2235573181413038e-10,-1.396859324064971e-10,0.0004298266733943033,1.5162491016522612e-12,0.004380608613814043,1.913476191145308e-7,0.009143974516114149,1.3488163002944984e-11,8.381246075946216e-13,-9.283966048714034e-12,-0.0031357077043615476,-1.0440573743995975e-12,-1.0268606119376205e-11,4.2082655573966786e-12,-2.2499940982652413e-10,-0.0008192862416267164,-1.414569097308394e-6,0.0006387236096875051,7.980547221550938e-12,-2.3096150695237615e-11,-3.4620647736322677e-13,-1.2843646479344719e-6,-1.80248948660311e-11,-0.0010137607221734357,1.9157449056324747e-6,3.8024542742723623e-7,-1.0623947992219197e-11,0.00019642927545153113,6.993898139904364e-5,-1.0819815571942257e-10,2.452389066102362e-11,2.0556468743486047e-6,-1.7127585654487416e-6,1.8336325705782355e-9,-1.4589706947503616e-8,0.00013844960477177553,-0.004079687407077723,-2.715410561214804e-12,-8.260644156060145e-11,-0.012877068642109645,-3.499234805431593e-8,4.0417263742925286e-11,-5.2782418882017125e-8,-4.782751907418439e-6,2.6028600332878783e-8,-0.001432208510836481,1.3588872838112381e-6,1.309049375807267e-5,1.2207851761142572e-7,5.942027897044044e-13,1.840733064152775e-6,7.67931287407648e-9,-0.00445875508183133,-3.8381502255089505e-5,-6.482119826517597e-8,8.645660857448364e-12,-0.0003034977575028088,-0.0037398828714324886,-0.0013246195081044118,-0.00037373530241682356,8.56026976034672e-6,8.179074272822617e-12,2.1723567062536505e-10,-1.1857628913012492e-5,-2.500471996266818e-8,-0.00024886731723436085,0.0017866518340542443,0.0012440879815357852,-0.00018816614457324907,3.9712891367624735e-8,-0.0015992593325880415,0.0026130945850240885,4.832610161785951e-9,-1.9121704744512018e-13,-2.308823259967957e-9,-4.196770529587953e-7,-0.0019486361094072518,1.0181487181056135e-5,0.0017732912729523996,-1.1466656048593544e-7,0.011166029944924436,-1.77510259276929e-10,3.004220091209061e-10,-0.0015375444192464393,1.12845475354689e-8,-0.0008603830214351739,-0.003505765493570581,0.00016673147159241213,1.0709442930798e-12,9.118850738234879e-5,-3.82472261262083e-8,-2.395227571348992e-8,-0.006240918487206552,-0.0042435062078132555,2.8068850685999883e-5,0.0027290200755999633,-1.6248622191581088e-7,5.32312451935507e-12,0.00030826460951833515,7.543607698689609e-11,-1.3117878458563326e-11,-0.0029538467564753017,-2.6811396245434038e-12,-6.730640321864562e-8,-2.3218277512864993e-5,1.408362513383115e-6,-7.66144837134951e-14,1.8870674200377813e-9,2.5824561994452376e-7,0.0010895775109521996,2.843524849775256e-12,1.2385183591294152e-12,0.002437758134615808,2.8745649489446817e-11,1.0093763865636385e-5,4.393592070603167e-9,-1.0433170445799857e-8,-1.7112761679735378e-7,1.5480369430593258e-5,0.0006231307233992567,1.569132078403095e-5,5.79016027892374e-10,-4.56545053085309e-9,0.00010954592496183839,2.5473295598308938e-5,0.0009745715819141198,-1.4246342922959657e-12,2.0158115464243266e-10,4.8475550753133914e-5,0.001350847821097312,3.1243693913940754e-6,-0.00019759633620427787,0.00035163348392027995,-4.360780063699117e-6,1.4579139741143043e-6,2.8014013004875558e-5,-6.436023014540994e-6,-3.292186813252775e-11,-1.6037873659680322e-7,-0.0047901865625059005,7.110031281751334e-13,2.2871715453835897e-7,5.226820992912439e-8,-3.9774861001201795e-9,-1.4444466517782498e-9,0.0012393870534431995,0.0027589563722076275,9.474850577058696e-13,1.7021122146114978e-12,1.9450362997496135e-13,1.6849744246618427e-7,5.3240353627939084e-5,0.00043566532097904094,4.1331571619161196e-11,-5.148569019414355e-9,-2.175722353647359e-12,-7.371131057540068e-9,7.094357371443583e-11,-0.000254153038601623,8.021728152589183e-13,4.2271328421053343e-7,1.3948272987561263e-7,5.5743837454033844e-8,4.441330379341225e-11,-2.186329289822418e-5,-3.332417745122933e-5,1.8989834446295175e-6,-1.7016927187449882e-12,0.0002996666939433019,-1.2731739172152316e-10,0.0011622694489776578,1.4774224245659293e-10,-0.002272782851461687,0.00010728688902743205,9.500075126565258e-11,-2.5555281517137205e-7,9.396117832072753e-10,1.079847647535247e-9,-3.371689879338134e-8,9.626209163924162e-9,0.0008959477351290207,-2.06422108468828e-12,-1.5696829707379695e-11,-7.13540923395763e-7,6.75036372798838e-10,6.365117440873694e-11,5.954490309452657e-8,3.7217612774923016e-10,4.103859017926006e-5,7.313672615049282e-9,0.0016293654026886127,-1.324362478249761e-7,-3.180619453718209e-12,-0.013313020188143121,-2.3658080945623162e-11,-3.844833276694183e-13,-1.8974952585538723e-8,-0.011792244877136506,-0.0044323103842758334,2.3071537641289118e-11,9.101426821858035e-12,-1.394251130578293e-6,-0.005941432197900173,0.006579342929576319,-1.0442916941649873e-5,6.258021352392027e-7,-1.9662584988336727e-11,6.977791559233821e-8,-1.0484602302536837e-11,0.002317777995711134,-2.9283534710379398e-8,9.621444497967525e-7,6.940162686573206e-6,5.182960525203162e-12,1.6099704724359558e-8,-6.955355603528408e-5,1.754475138592857e-6,-2.6066600183513842e-9,-1.0172781988680542e-8,0.000663822334577872,4.897944710624041e-12,-5.313215959100094e-11,-9.843625420689925e-5,-1.2391257704709292e-6,1.2186289877237508e-6,-1.7643482524852454e-6,0.028374803913142878,1.8078930209358445e-9,-1.4698944627979424e-6,1.6167909191658866e-13,-1.6420362733881117e-11,-1.0601328417324971e-8,1.5611054978047825e-11,6.176511730591073e-6,-0.003792430192469227,0.009360186094345413,8.69295340833625e-10,6.836633343490754e-9,2.1455958665757476e-10,1.0251988193755717e-12,0.002655898868136335,-4.6458124119168613e-8,0.0002546984178150947,-9.868188585746324e-6,9.907496112003639e-5,0.0011397987432831453,1.8431389128412363e-11,-0.0001153753132650666,1.4136378049427613e-9,5.508987831622931e-9,-4.0536635819860264e-11,0.006829040274478708,-3.880735663662967e-12,-5.490315373409316e-7,-2.1757306484630585e-10,4.6549968018803266e-12,-7.197645242364674e-12,-2.552851444101222e-6,4.957342829524615e-7,0.000708497016383012,-0.0012153517175713365,-0.00297649787226149,9.485970584145183e-10,0.0015661529645980357,2.3985807485322495e-9,-1.4686329285342192e-10,-1.0003929522068737e-10,-2.0662051699064875e-12,-3.4392656934178957e-9,-4.910557458372391e-11,0.0005620789907861938,5.408059601428851e-10,1.6139542874452832e-10,5.83354763226461e-8,-1.1654185616355922e-11,-1.1857376492980034e-11,1.4097086113190564e-12,-0.00011271853428242432,4.552553437694611e-10,3.273971884102153e-5,-4.540449721226364e-8,7.019360040465933e-13,-2.1872719326820395e-5,-0.000425320634049873,1.0311751293037323e-8,0.0014574086142221992,8.634988315942335e-9,-4.9664070548653517e-11,0.0002415390180285815,-4.979436750845563e-7,-9.476072589814111e-8,-3.8471607975071346e-10,1.0268096112530334e-6,-3.962052778129692e-13,-0.00023063760484974102,-2.7792315421139584e-6,-9.114868152968992e-11,0.00011455470705716949,1.051204066789494e-11,-0.001064992451003056,-1.76640948244031e-11,6.004504934890098e-11,-1.803174481075498e-13,0.0011570827558759354,-3.284878361551392e-5,-3.423348102058222e-7,-1.8719349986999422e-6,1.6353062505486632e-12,5.730071452901618e-5,0.004794730177442253,-2.4216743589552086e-8,1.1145896853899636e-10,0.0015614088378032834,1.4798745490069005e-6,-2.370499688552818e-7,-1.384040075354531e-9,1.1228299825231485e-9,-0.002514962004832666,-0.0023621217890288032,-4.483776600720481e-11,-3.2988179341861783e-9,9.561598580707699e-8,0.00026022373215967606,-4.095968886315173e-7,-2.355102775337246e-12,6.821450385844484e-7,2.4465398783674353e-5,8.435110485926092e-6,1.0244517683920838e-12,-4.9908250845551575e-12,-2.987049661325654e-9,-3.2645206645164515e-10,-3.364588904765024e-9,-5.294292487918843e-10,0.007995225666650905,-0.009561234201151235,-2.9084740191418074e-13,9.620523297102553e-9,-0.0011140343597814519
0.0,0.0,0.0,0.0,0.0,0.0,0.0,0.0,0.0,0.0,0.0,0.0,0.0,0.0,0.0,0.0,0.0,0.0,0.0,0.0,0.0,0.0,0.0,0.0,0.0,0.0,0.0,0.0,0.0,0.0,0.0,0.0,0.0,0.0,0.0,0.0,0.0,0.0,0.0,0.0,0.0,0.0,0.0,0.0,0.0,0.0,0.0,0.0,0.0,0.0,0.0,0.0,0.0,0.0,0.0,0.0,0.0,0.0,0.0,0.0,0.0,0.0,0.0,0.0,0.0,0.0,0.0,0.0,0.0,0.0,0.0,0.0,0.0,0.0,0.0,0.0,0.0,0.0,0.0,0.0,0.0,0.0,0.0,0.0,0.0,0.0,0.0,0.0,0.0,0.0,0.0,0.0,0.0,0.0,0.0,0.0,0.0,0.0,0.0,0.0,0.0,0.0,0.0,0.0,0.0,0.0,0.0,0.0,0.0,0.0,0.0,0.0,0.0,0.0,0.0,0.0,0.0,0.0,0.0,0.0,0.0,0.0,0.0,0.0,0.0,0.0,0.0,0.0,0.0,0.0,0.0,0.0,0.0,0.0,0.0,0.0,0.0,0.0,0.0,0.0,0.0,0.0,0.0,0.0,0.0,0.0,0.0,0.0,0.0,0.0,0.0,0.0,0.0,0.0,0.0,0.0,0.0,0.0,0.0,0.0,0.0,0.0,0.0,0.0,0.0,0.0,0.0,0.0,0.0,0.0,0.0,0.0,0.0,0.0,0.0,0.0,0.0,0.0,0.0,0.0,0.0,0.0,0.0,0.0,0.0,0.0,0.0,0.0,0.0,0.0,0.0,0.0,0.0,0.0,0.0,0.0,0.0,0.0,0.0,0.0,0.0,0.0,0.0,0.0,0.0,0.0,0.0,0.0,0.0,0.0,0.0,0.0,0.0,0.0,0.0,0.0,0.0,0.0,0.0,0.0,0.0,0.0,0.0,0.0,0.0,0.0,0.0,0.0,0.0,0.0,0.0,0.0,0.0,0.0,0.0,0.0,0.0,0.0,0.0,0.0,0.0,0.0,0.0,0.0,0.0,0.0,0.0,0.0,0.0,0.0,0.0,0.0,0.0,0.0,0.0,0.0,0.0,0.0,0.0,0.0,0.0,0.0,0.0,0.0,0.0,0.0,0.0,0.0,0.0,0.0,0.0,0.0,0.0,0.0,0.0,0.0,0.0,0.0,0.0,0.0,0.0,0.0,0.0,0.0,0.0,0.0,0.0,0.0,0.0,0.0,0.0,0.0,0.0,0.0,0.0,0.0,0.0,0.0,0.0,0.0,0.0,0.0,0.0,0.0,0.0,0.0,0.0,0.0,0.0,0.0,0.0,0.0,0.0,0.0,0.0,0.0,0.0,0.0,0.0,0.0,0.0,0.0,0.0,0.0,0.0,0.0,0.0,0.0,0.0,0.0,0.0,0.0,0.0,0.0,0.0,0.0,0.0,0.0,0.0,0.0,0.0,0.0,0.0,0.0,0.0,0.0,0.0,0.08063244330661877,-2.204444417002977e-6,2.3661764336514906e-9,0.006232161574899926,-3.484746905567818e-5,5.421936751640015e-7,-2.2851038589929364e-8,8.247628703255373e-6,-0.0015589808571584987,-0.013404924447530695,-2.2578944697763518e-5,-4.397693482509558e-7,0.0011381311168168508,-9.442503091368586e-9,-1.5203776749472103e-7,-4.250824892629252e-8,-0.00815974624670672,-0.013464633731796339,3.14148012799252e-6,0.00022098353078704898,9.41963931517825e-6,-4.130025048716312e-5,2.419650665412041e-9,0.0018580209524662872,7.442528105255965e-9,-0.0011305904596960003,3.19806531395248e-8,-0.0010368158389162888,2.961596536928659e-7,4.113532069943011e-8,-1.063837060595135e-7,-8.383885294516867e-11,-1.9072956386137681e-6,-7.841520247851858e-7,-1.2384166370378948e-9,-1.912483649264732e-9,-0.00014977119583614218,0.0005201180115951204,-5.237953698939853e-5,0.0035891186521565675,1.752573383464686e-5,0.0004006674997390712,9.034203689265294e-5,1.5445693584190697e-5,0.005468192340034317,0.0015138231910963855,2.281532728652717e-6,4.908905665934438e-6,8.23606874718895e-6,2.6340113460857763e-5,-7.513362821166984e-7,2.08057324832904e-6,4.946645057407871e-8,-2.4228544890427677e-9,-7.444939111536265e-7,5.745679372637706e-7,-3.1961432404602086e-6,-2.2956610039825597e-9,-0.0015619352886213787,0.00010307834587278547,-2.0434084939050623e-6,0.00022240842757716305,1.0448290020016262e-9,1.3144626375422382e-9,-4.125717393168233e-11,-2.155252424457653e-9,-2.1851983402453868e-9,0.0004844752399368655,2.7868348286599424e-7,-1.9844861744136814e-6,-0.0021890949562517878,3.469967461890796e-7,-1.974264585053075e-8,-1.1210774569169586e-5,-1.1813762150799517e-6,2.478476342375498e-5,-0.0015616179111492428,-0.0013593414402299454,3.100359217385656e-8,0.005731504938872319,-1.3032000182801343e-6,-4.080971073966887e-5,2.3020884437699985e-10,1.2321435458196912e-8,1.8816657515336975e-8,1.530804479811809e-5,-1.1615888913356122e-7,-0.01939083101974951,-7.225893995148332e-6,6.571628054346742e-10,-1.0731404230921708e-5,-0.004110521292615124,0.00020114174246638504,-3.1246438466080144e-6,-2.6202422375261127e-8,6.265367003398027e-9,-3.580789798969835e-5,1.6448962924789933e-9,0.0016849823754577459,-5.3729811849328e-10,0.0008011637566140043,-1.7890610450695745e-8,4.7268362523739606e-7,1.5744978061910278e-7,-7.541242945810449e-6,-1.5654304635022494e-6,0.0010024620518486343,0.002381398484850782,-4.710500746702829e-6,-0.014514124486897267,9.142067474253808e-9,1.5249575933167669e-5,4.262099139998942e-6,5.861175116598766e-8,-1.1119610755157398e-6,-0.00023154436006486324,-1.7872133328595833e-9,2.1160301537940583e-5,-0.00012038236300303198,-3.6299639865877174e-5,8.65424747896659e-9,-2.7661348072171486e-10,-1.6160751422530592e-9,3.178562342624525e-5,2.2136146877304726e-9,3.042444775048722e-10,-1.0432528831787894e-8,-2.0475418042668297e-7,9.5507783129079e-6,-0.006206002830024134,0.004339236220932456,-2.5182348501591895e-9,-8.329859445087237e-10,6.181058027641037e-10,-0.002319604695132257,-2.329572097294386e-10,-5.327938075877629e-7,0.005134069215813122,0.0004266190427393967,1.4746248778426011e-8,0.0001831545689415724,-0.0006342509449868521,-9.971995571370817e-8,3.5265487297238444e-8,0.0025838992490878144,-0.0024163920951288456,-9.458631086391849e-6,8.551586687127335e-6,-0.0007264992103506458,1.1257121983887685e-5,-2.2316336969236057e-9,-1.5570486931179596e-7,-3.2138384537247364e-5,1.5153451522530418e-5,-6.628921348892866e-10,-2.2547996437384135e-5,-0.01684611095009982,-1.4281060533180417e-5,-0.0006652795305570327,-0.008233395436900912,0.0008371511471293009,0.006251572035817578,-9.038516208203185e-10,0.0005192227756509363,-3.387818145867472e-5,6.447844419954344e-5,1.6810803933894202e-6,-0.0001226354869811861,1.5543683229027044e-9,-6.023641769388124e-7,-0.0003245809294148074,-1.868580763153653e-5,-0.00098046564289752,0.005811325453954128,-5.231917651147112e-9,-3.4845938072455324e-8,-0.017459075704440365,1.8524457782024525e-5,-0.008903432319186815,0.00016677944425106043,9.14747706419504e-5,-0.002761436426622235,3.160291421435922e-5,5.383971808247869e-6,0.0002909677238157306,9.945264550168271e-6,-1.15783269265554e-9,-9.708628076092316e-6,-0.0016943636453201631,-0.0002796161295172529,9.320513694443526e-5,-0.0002538408136351411,-1.1812398403392714e-5,-9.180990899442011e-6,4.430198639184451e-7,-4.644937964722955e-7,-8.917352402264065e-6,0.00021199178860966,0.00014788339831431455,-2.463743729123004e-5,-0.0003944587882994892,-6.584456798272239e-10,0.0010430086907571587,1.3560227646065695e-5,-7.16252786663855e-5,-6.65309448528782e-5,2.3627760702849896e-5,0.0021406253484102336,2.954755105705295e-5,-3.022632359131387e-5,-7.561722414475088e-9,1.5985658315715572e-6,1.2820730947870659e-7,1.3801081240144744e-8,-1.3588616761412886e-5,6.426816944483605e-9,6.529286404869397e-6,0.0015379610296579133,0.004732261465941889,4.360273831093622e-9,5.619462977113086e-6,8.444520966297856e-5,4.2226397227115206e-5,-5.927035863040999e-9,6.008978264697888e-9,0.00012511076394029685,4.68999290509203e-8,0.01409794964449521,-5.77369578324383e-7,-0.0002278305540790738,0.00010520223558033193,0.03024052964285624,0.0009648104068118406,0.0010158656572681923,1.313270253455167e-7,-1.1969009132246322e-5,0.0020924186645007933,-0.006861883085849512,0.00018069090209909356,1.532859939039156e-9,1.8416908369151754e-8,1.8178207382543293e-6,-1.776281227885767e-5,-0.001684785651662272,3.638844381807355e-6,0.0004726629810864642,-0.004769262378835954,0.0005847040206052022,0.017408045088159543,-0.006102086721121122,1.0022526986453542e-8,-0.0003610846440040964,1.1770976612628646e-6,-1.4636424565213227e-9,-0.0003561055857183225,2.495472885116157e-5,-8.793528593923341e-6,-4.006034760906772e-6,1.2330174603472021e-5,-2.893056124520199e-6,-4.318094530542362e-10,-7.100960828139559e-9,1.8514640942804396e-10,0.0006627550297660411,-0.0005990202603578871,-0.0002636413114171187,-1.1988016921166744e-6,-4.675646169132788e-6,1.2716430102047031e-9,-4.675073251305126e-6,3.6250283394444304e-7,-0.0013337167776910981,-8.016754275801657e-10,0.0004915181840255246,-5.447023976078347e-5,0.0001381724787218348,-4.5168291949253394e-8,-0.00027585709609448676,-0.0023439481425259106,0.00971405499085646,3.081646749673555e-10,1.7456783829415777e-6,6.995977984025739e-8,5.278681733957492e-5,3.0902722323241323e-7,-0.0004047969565775466,-4.956433303947707e-7,1.8173711048697688e-7,-1.3543037360551062e-5,-9.492668230586602e-7,-1.5072503032486332e-6,-2.867180374865148e-5,1.1247225564357509e-5,0.0002464528138004849,1.4833265867275979e-8,-1.985000199239266e-8,0.0025748889266172937,4.457613934926832e-6,5.623631137917955e-8,6.666364128821365e-5,5.901104219982385e-7,-0.02011083846545161,1.8341709070637112e-5,-6.125605074860069e-6,-0.0005943038777606831,-2.443177964956445e-9,1.4620936634261086e-5,-4.4616094795922024e-8,3.436501867389479e-10,-6.604730048525697e-5,3.331931227365487e-6,-0.00016535578057096846,8.162480173241062e-10,4.922147931214541e-8,-0.010478918095202345,2.4282807944767142e-5,7.003410450575386e-5,0.013456486680168432,0.00152327794920601,8.444088253379235e-9,-9.069619267394276e-5,1.2004778033160816e-8,6.51654861622336e-6,-3.9832993158026116e-5,-0.003558899439094816,0.011465007596461794,3.3481062533102434e-8,8.726258718378368e-6,0.001383448827633179,0.0050260209872329785,1.9270033070919253e-6,7.554841538804795e-6,0.0004522100685799767,5.368190213933421e-9,4.3635405116381225e-7,-0.0035475396476207757,-0.004017785826198095,0.001445235685792378,-0.006140912192412051,8.367460327584004e-6,-9.653278635418426e-7,-0.00043155757074575556,7.924431600739206e-11,-2.126663884958359e-8,-1.852101222749857e-5,8.436984578204644e-9,0.002188276607128153,-2.7551587526464807e-5,-5.317750487213922e-6,5.195219149054309e-7,-1.7183692754211115e-6,2.0026840764043947e-7,-5.065136068109142e-10,0.0003055054150164477,3.483873098314654e-5,8.78379797461976e-6,-0.01062695874045635,-0.0008582607177162792,0.0001345483409393675,-3.321784030227403e-8,-0.0014023923457894072,8.527484298422281e-7,-3.550676220339489e-8,1.1437634248474634e-7,-3.013244436490242e-6,1.5419294639451107e-8,-0.001047259129665963,-3.0345933831281e-7,-2.533618448876083e-9,-3.293191117349565e-9,-0.0022997455742944997,0.0005631722935621562,3.2136854152790634e-6,2.7930540987448677e-7,-4.293457051547411e-6,-6.514973955101535e-7,-2.381737258854245e-5,1.1049400157765275e-5,-3.966153792305031e-7,-5.116134606088802e-7,-1.2189726326822e-9,-2.7725876547159122e-5,-1.2146312563774883e-8,4.448825226476553e-7,2.7002060249381697e-6,-1.8814086313114695e-7,0.0001502096645432898,-1.8901950139742076e-8,-1.4045026672128096e-8,-5.55238449738569e-9,7.942946912283062e-6,-7.472276353414903e-9,-0.012483956784633625,-0.00022087961176435185,-2.413147570782841e-9,-0.007520934467313581,-0.0014018029491969124,1.4475673792813667e-5,1.9929799065351056e-5,1.4001390883950287e-6,-7.920186499024669e-8,0.003923530200915365,-0.00034710363586829603,0.002079589858630481,-1.177656782267748e-7,0.001100897451920418,2.490400752152143e-9,-0.0001169596499973687,-0.0006500894065963855,8.182178945342736e-6,0.0035129754461259376,6.012485194213096e-9,3.6288563874031364e-6,-1.470292170853891e-8,-3.302175057416085e-8,-6.073271105419424e-11,-0.0003824579828210056,-0.005250511148892522,-0.0005685349444822982,-0.0007876088997536733,6.314034420968602e-10,-0.00020718931386290166,0.00012891123654206726,-1.350848470279845e-5,-1.4662443433933052e-7,-6.437845166166494e-5,0.0002530559608759069,-0.00020574548321002366,-7.710004783633867e-7,-1.4157568719183463e-6,5.094389144310071e-5,5.44738610626165e-6,1.1297040933089858e-7,2.213292710430398e-6,0.00026346642382982927,0.0037998206253803584,-0.0001279881708721185,8.944601843916541e-9,-0.0006158911915464542,0.0012166416888394513,-0.015698226090032335,1.2401542234796294e-8,-1.7696481323234476e-8,-7.530904607019031e-7,-1.0999749848103369e-8,-3.721028466737624e-6,1.3498690742603676e-6,2.182164580124274e-5,-1.6788276605730846e-5,-1.141404179155965e-9,8.525922479682577e-6,-2.2854037348437574e-6
0.0,0.0,0.0,0.0,0.0,0.0,0.0,0.0,0.0,0.0,0.0,0.0,0.0,0.0,0.0,0.0,0.0,0.0,0.0,0.0,0.0,0.0,0.0,0.0,0.0,0.0,0.0,0.0,0.0,0.0,0.0,0.0,0.0,0.0,0.0,0.0,0.0,0.0,0.0,0.0,0.0,0.0,0.0,0.0,0.0,0.0,0.0,0.0,0.0,0.0,0.0,0.0,0.0,0.0,0.0,0.0,0.0,0.0,0.0,0.0,0.0,0.0,0.0,0.0,0.0,0.0,0.0,0.0,0.0,0.0,0.0,0.0,0.0,0.0,0.0,0.0,0.0,0.0,0.0,0.0,0.0,0.0,0.0,0.0,0.0,0.0,0.0,0.0,0.0,0.0,0.0,0.0,0.0,0.0,0.0,0.0,0.0,0.0,0.0,0.0,0.0,0.0,0.0,0.0,0.0,0.0,0.0,0.0,0.0,0.0,0.0,0.0,0.0,0.0,0.0,0.0,0.0,0.0,0.0,0.0,0.0,0.0,0.0,0.0,0.0,0.0,0.0,0.0,0.0,0.0,0.0,0.0,0.0,0.0,0.0,0.0,0.0,0.0,0.0,0.0,0.0,0.0,0.0,0.0,0.0,0.0,0.0,0.0,0.0,0.0,0.0,0.0,0.0,0.0,0.0,0.0,0.0,0.0,0.0,0.0,0.0,0.0,0.0,0.0,0.0,0.0,0.0,0.0,0.0,0.0,0.0,0.0,0.0,0.0,0.0,0.0,0.0,0.0,0.0,0.0,0.0,0.0,0.0,0.0,0.0,0.0,0.0,0.0,0.0,0.0,0.0,0.0,0.0,0.0,0.0,0.0,0.0,0.0,0.0,0.0,0.0,0.0,0.0,0.0,0.0,0.0,0.0,0.0,0.0,0.0,0.0,0.0,0.0,0.0,0.0,0.0,0.0,0.0,0.0,0.0,0.0,0.0,0.0,0.0,0.0,0.0,0.0,0.0,0.0,0.0,0.0,0.0,0.0,0.0,0.0,0.0,0.0,0.0,0.0,0.0,0.0,0.0,0.0,0.0,0.0,0.0,0.0,0.0,0.0,0.0,0.0,0.0,0.0,0.0,0.0,0.0,0.0,0.0,0.0,0.0,0.0,0.0,0.0,0.0,0.0,0.0,0.0,0.0,0.0,0.0,0.0,0.0,0.0,0.0,0.0,0.0,0.0,0.0,0.0,0.0,0.0,0.0,0.0,0.0,0.0,0.0,0.0,0.0,0.0,0.0,0.0,0.0,0.0,0.0,0.0,0.0,0.0,0.0,0.0,0.0,0.0,0.0,0.0,0.0,0.0,0.0,0.0,0.0,0.0,0.0,0.0,0.0,0.0,0.0,0.0,0.0,0.0,0.0,0.0,0.0,0.0,0.0,0.0,0.0,0.0,0.0,0.0,0.0,0.0,0.0,0.0,0.0,0.0,0.0,0.0,0.0,0.0,0.0,0.0,0.0,0.0,0.0,0.0,0.0,0.0,0.0,0.0,0.0,0.08030340366111956,3.590116064382732e-5,-7.526479429067283e-8,-0.000686529255481107,0.010662892472730912,0.0002321559621631553,0.000250383022808822,-2.3104346841647035e-5,-2.6053852827653533e-7,0.01125599357286607,0.017663143551632975,8.903597500371086e-5,0.0001280568565334633,0.003036718325600497,0.0005106280173057446,-3.1846133564464033e-7,2.060740103971968e-6,2.1363627196264868e-8,1.018876781768836e-8,0.004497913890747232,0.00037780730740565515,-1.6093078176826073e-5,-1.5668927870304038e-5,-3.912372391254504e-5,-3.7250196969616583e-8,0.00017954953045154582,9.421653651763486e-5,-0.006507248362440645,-0.00026569492177702783,0.01929822069693338,-2.6947836226138764e-5,0.0002670564354377278,-1.9774572245137565e-10,3.854054771884664e-6,1.113821247495763e-5,0.001178907678884753,1.011138661996675e-7,-0.0017768385898919577,-3.0345283569524248e-5,1.6994589003534916e-9,4.853457185138146e-5,-0.0028379695136241966,-0.009971090247007845,1.695420647945123e-6,-2.1230576124285016e-5,3.9719483053695195e-10,-3.0151251552499956e-9,-6.95122241832093e-5,4.8922199028384494e-9,1.4809267552309007e-10,-0.02646512257378886,-0.00044358280483890086,-1.8076963705267356e-5,-3.7179758043295884e-11,0.0068294633474042035,-4.502863474983736e-10,-1.0793596414288124e-5,8.676071786276801e-8,-7.588714494119983e-5,4.1482186443062564e-10,-0.0001384951949235803,-1.5547775600005538e-5,1.5548860874344518e-6,-2.6681196507287963e-6,8.688725152019822e-6,-1.6194388763975816e-5,-7.97046256917133e-8,-0.012504044458670717,-0.000791459959304007,-2.2077821347037828e-6,0.0004389127416766002,-0.0008260950790068691,0.003726707096762014,-2.8353748088507713e-10,-0.002511990942478361,-7.03509117160768e-6,1.0240318840715234e-5,-0.0004881757378083113,-9.669432645424882e-7,0.0030496781843584973,8.660546307872811e-10,1.0183273792066356e-5,-1.3094559388812024e-5,-0.0037856924517025805,-2.9878878713390163e-9,-7.368880994054317e-5,5.328399400470138e-6,5.006646881266121e-10,-1.076583419065446e-5,7.447362021016698e-10,-2.5956082532821115e-6,9.357705067386248e-9,-0.0006345623468911414,0.000218953647367228,9.330636852044616e-5,3.109996851734719e-5,-3.7445685695004312e-6,-1.4286502040845198e-5,5.124053025468908e-7,-3.2898473512687897e-7,0.0005043587247636836,-0.00163250712638312,0.0012662989393103217,3.393877349355104e-10,1.8765500717476235e-10,-4.188539963821649e-8,-1.6154621110408837e-7,0.028346876444920125,-1.1054438853608732e-6,-0.00012304085579199384,-3.0963143024452375e-10,0.001739475335484274,-0.00047587432249939816,-0.004980756403887597,1.9106240020336958e-7,-7.111929466563897e-6,1.7062281236438746e-9,5.172744140485387e-5,8.694757167497466e-9,-4.301522017832639e-5,-1.9274938278414625e-5,1.3670818279734686e-5,-7.260609822114673e-9,2.47243710945153e-5,-1.1902829004938117e-5,-1.5694429393931745e-6,-0.0048519880296252005,-4.233232627938272e-10,-2.479436514852763e-6,9.042279609465302e-8,-6.156330228320753e-5,-0.0002607625708760083,4.5658506625692076e-6,2.8774605039073932e-5,0.00010872362229825261,2.854324624485645e-10,-2.6951130895368705e-5,0.00011486164694475562,-5.275268364781022e-5,-8.270061049575608e-9,5.317031081790704e-7,0.0003207851933048968,-6.942876637200217e-5,1.1879016422009122e-5,0.00017971429600845812,0.0008671707278663679,0.0025412345303644597,-1.827073820112093e-8,-4.771544114184365e-8,3.2415965925360144e-5,-0.001805267408044356,3.6758754990230068e-9,0.0017076936460563752,0.0007417067568033764,0.0031573275528830923,-2.437386103391639e-6,-0.00041793758386085767,-3.423364224342219e-8,-3.992476133234227e-6,1.8005985141373465e-6,3.3991495118048176e-6,-1.6984828264187835e-5,-4.191709361672845e-5,-0.0007400615901799316,-3.2496334114636475e-8,-2.993011087202426e-10,0.0017137098864324313,-7.828767940275677e-5,7.04348290610131e-11,4.787926070035532e-8,-1.5415417634102582e-8,1.6182101770783605e-8,-5.95050807078927e-6,2.943133544226747e-6,-0.0015348254455355536,1.3758122474923598e-6,0.0012005465391418592,-2.3738267045393703e-8,1.2406938250672497e-8,-5.16744949908434e-9,-3.463795211309177e-7,-0.00024210001886678252,1.5193616558699243e-10,7.978598272193833e-11,-0.004338743686504796,8.551175898207299e-5,-0.0014643022700063578,-1.6317413719556057e-5,-2.5110938482523438e-8,7.862821742639843e-6,1.891848133317321e-8,0.0004477834577109912,3.5771490149621896e-9,0.001388617107005335,0.0056251521383985734,2.9975385804530037e-9,-0.0006217394556704496,-8.708709081527763e-8,-7.996252918045985e-10,6.017934187269452e-8,1.1391220271355026e-5,-2.8607967977640322e-8,0.003329966541465251,-0.0018244694105277626,1.614577866623527e-8,-3.3256636322669957e-9,-6.516633535355757e-7,2.9988291106159014e-9,2.914223118381093e-5,3.708179813211034e-5,1.395542273698192e-10,-0.0007311746438859119,9.019742006605006e-5,7.227792257764004e-10,-3.19202067487336e-6,0.0014581176280815647,5.397657585622686e-7,1.1067014293158367e-6,-1.7340902122876553e-5,-0.00431430260681762,3.263561851148451e-5,2.4022763344193358e-9,9.119282302018708e-6,-0.00011555169963947134,4.126512114919887e-9,-0.0013601170187625869,-5.899342003598326e-6,-0.01555872718309504,-0.00025751387804875335,0.0007175735714890366,6.089048772150898e-7,-1.028906588165963e-7,-1.113057029067506e-6,-0.02200790053435418,0.0016490854562622819,6.500444977417506e-8,-2.3200849020746254e-8,1.2478664735506125e-8,-6.322419464916551e-6,0.0002580896651233321,1.0659069233467911e-10,2.0089781543212995e-9,-2.807056771455092e-5,-2.491911920470802e-10,1.868472118472432e-7,7.22719139135137e-6,4.198458434241789e-5,-1.6598205051725488e-6,-8.158234698033349e-6,0.0008551306014206536,-6.0455570763132154e-5,-6.519342512370891e-10,5.538021152812278e-6,-6.639013532611681e-5,0.00011114721383007487,0.0035604553256061663,0.03222118466393293,-6.75317955976751e-10,1.9177192951528433e-10,3.937460297621796e-6,4.739113142366322e-5,8.267277448972939e-7,2.3158539788364598e-5,8.019468725073237e-9,1.1553253720293652e-7,-0.001358524958341793,-0.0021300420149013882,6.1193986860485866e-6,0.0018469112418682924,-0.004368327823633216,-3.288424525534778e-8,-1.2759051292704428e-6,2.966045285835222e-6,0.00010212395791047605,-0.0003584992323676555,9.143036242457056e-5,5.251948679077467e-7,-3.841135874323859e-7,2.362365420476745e-6,2.1113679076291498e-6,-1.6203348442574944e-11,-0.0006780214742174212,2.6798051905380305e-9,0.0010928902587256746,-3.57936936486301e-8,1.706744927027035e-10,0.0005237002140589786,-8.656865696005834e-5,0.0025838171695498507,0.003613103031287075,0.0010732461052466798,8.594049229803572e-5,-3.259087504724923e-8,-1.5421181589209185e-5,-0.0003586704411840339,1.8025978662013985e-5,0.012870963841092245,-0.0004444267728850223,-4.1278550456372975e-5,-0.0007739591895599149,2.6780093683660357e-6,-0.005364547302924526,8.258615520534674e-9,-2.9132272200526393e-5,4.2432625980057316e-5,2.0940957328248005e-9,0.0010206884563560795,-1.0265716046124541e-6,0.001156088004922295,1.5755093158030549e-9,2.79866520978315e-9,-8.602466195535909e-5,0.0002322568248792477,9.28198981946308e-7,-1.0214517602760703e-9,-3.792799038327264e-9,-9.036268837984544e-7,-5.1045035539549504e-5,-0.00016454876063902457,-0.0003259195137178563,0.00032866632313192007,8.830382792477661e-10,-0.000599536424829548,-1.0754608332770533e-6,1.2815465851884154e-7,-0.00019977688834952876,-0.0018172425506796641,-7.166755162721337e-8,-1.6123010308246472e-5,0.0002054995836164147,0.0006787820522886711,4.580205000267944e-8,5.215984342112505e-6,-0.0012163230953289976,-4.0508007717222577e-7,5.7461159121894305e-6,2.6474221873425893e-5,1.3035240982474078e-5,2.369063430674442e-9,0.006857868127074003,1.4636293885406598e-5,-1.5440435567721116e-6,3.0373303562640233e-5,0.011492429643071615,-0.00013208499904778347,4.432684124725243e-6,4.007819241074852e-9,1.1528162233792357e-9,-0.02440774181763123,-0.004560596549810778,-0.0035752226836216127,7.6208112710400315e-6,2.38301321671753e-8,0.0006455621498586872,1.1002826406572213e-9,5.619480601321411e-6,2.1709491902437125e-7,-8.04647315680908e-9,0.0007125337918586633,3.3533979883669125e-7,0.00012377888515620244,-0.03169652384865406,0.000373150381735274,2.589391525659019e-10,-4.343567639594443e-5,0.00023774137849323415,0.002176985324460026,-6.11301675764609e-6,6.601560942901857e-5,-1.3979260126023219e-6,3.523425706748923e-5,1.0947424727947107e-10,5.536867342203775e-11,-4.4756843109237804e-11,0.0007877361124104076,-1.464854044773343e-9,-0.00020227894187341934,-0.0018029760690958863,0.00792369137448983,-8.813273279117163e-6,-0.00012021462046122631,0.00041059051385192597,1.195608936381581e-10,0.0005632428049852181,0.005689446944845333,-0.00014383252031333006,0.0004657625822708544,0.0001058182795076887,7.382534342811405e-5,2.238458277802551e-10,0.03969233288112804,2.9415625838161716e-7,0.0009981055806987484,-6.965025082507325e-6,-6.044366985419284e-7,2.0137866470751643e-9,0.0012889127391773315,4.397143173414005e-10,-0.005527086580440225,4.60139150316751e-5,6.847433902721811e-8,0.00011028186394392407,1.140306376290306e-5,-0.00659654457298794,4.947261679058426e-5,6.089140190150213e-6,-2.6737252077110415e-9,-3.355232853199742e-5,-0.002277392087667878,-1.324556610721667e-7,-3.916354446622725e-5,-3.294246529013755e-8,0.00019626970759295182,0.00016486370707039422,-7.119033867193936e-6,2.1437773346962685e-8,-6.685490706106776e-7,-1.549012873875837e-5,-2.755366884838658e-5,-8.580950857565402e-6,9.737157777623837e-9,-1.769296639143705e-8,0.00034472561022566594,0.0012509479298027735,-8.873026969207955e-10,3.620531720623343e-5,5.106682241008012e-5,0.04131386363908709,0.03845443939029892,-5.3874216666666016e-11,2.5160527331156526e-10,0.0038325913025145987,0.009522799409465767,-8.050773189459194e-5,1.4483086602998642e-7,-0.00015167225379289465,0.0008555182660207858,-7.467809645138704e-5,3.119337241259926e-7,4.089916671361264e-7,-2.7032010939424786e-5,0.00019253783791032866,-0.00021386982286069792,0.0004492802351025304,-0.0006201767241569289,-0.022360797292506562,3.3807431063096537e-9,-4.887539133850696e-9,9.576478676653748e-6,-0.00034125592108304105,1.3165672142267968e-10
0.0,0.0,0.0,0.0,0.0,0.0,0.0,0.0,0.0,0.0,0.0,0.0,0.0,0.0,0.0,0.0,0.0,0.0,0.0,0.0,0.0,0.0,0.0,0.0,0.0,0.0,0.0,0.0,0.0,0.0,0.0,0.0,0.0,0.0,0.0,0.0,0.0,0.0,0.0,0.0,0.0,0.0,0.0,0.0,0.0,0.0,0.0,0.0,0.0,0.0,0.0,0.0,0.0,0.0,0.0,0.0,0.0,0.0,0.0,0.0,0.0,0.0,0.0,0.0,0.0,0.0,0.0,0.0,0.0,0.0,0.0,0.0,0.0,0.0,0.0,0.0,0.0,0.0,0.0,0.0,0.0,0.0,0.0,0.0,0.0,0.0,0.0,0.0,0.0,0.0,0.0,0.0,0.0,0.0,0.0,0.0,0.0,0.0,0.0,0.0,0.0,0.0,0.0,0.0,0.0,0.0,0.0,0.0,0.0,0.0,0.0,0.0,0.0,0.0,0.0,0.0,0.0,0.0,0.0,0.0,0.0,0.0,0.0,0.0,0.0,0.0,0.0,0.0,0.0,0.0,0.0,0.0,0.0,0.0,0.0,0.0,0.0,0.0,0.0,0.0,0.0,0.0,0.0,0.0,0.0,0.0,0.0,0.0,0.0,0.0,0.0,0.0,0.0,0.0,0.0,0.0,0.0,0.0,0.0,0.0,0.0,0.0,0.0,0.0,0.0,0.0,0.0,0.0,0.0,0.0,0.0,0.0,0.0,0.0,0.0,0.0,0.0,0.0,0.0,0.0,0.0,0.0,0.0,0.0,0.0,0.0,0.0,0.0,0.0,0.0,0.0,0.0,0.0,0.0,0.0,0.0,0.0,0.0,0.0,0.0,0.0,0.0,0.0,0.0,0.0,0.0,0.0,0.0,0.0,0.0,0.0,0.0,0.0,0.0,0.0,0.0,0.0,0.0,0.0,0.0,0.0,0.0,0.0,0.0,0.0,0.0,0.0,0.0,0.0,0.0,0.0,0.0,0.0,0.0,0.0,0.0,0.0,0.0,0.0,0.0,0.0,0.0,0.0,0.0,0.0,0.0,0.0,0.0,0.0,0.0,0.0,0.0,0.0,0.0,0.0,0.0,0.0,0.0,0.0,0.0,0.0,0.0,0.0,0.0,0.0,0.0,0.0,0.0,0.0,0.0,0.0,0.0,0.0,0.0,0.0,0.0,0.0,0.0,0.0,0.0,0.0,0.0,0.0,0.0,0.0,0.0,0.0,0.0,0.0,0.0,0.0,0.0,0.0,0.0,0.0,0.0,0.0,0.0,0.0,0.0,0.0,0.0,0.0,0.0,0.0,0.0,0.0,0.0,0.0,0.0,0.0,0.0,0.0,0.0,0.0,0.0,0.0,0.0,0.0,0.0,0.0,0.0,0.0,0.0,0.0,0.0,0.0,0.0,0.0,0.0,0.0,0.0,0.0,0.0,0.0,0.0,0.0,0.0,0.0,0.0,0.0,0.0,0.0,0.0,0.0,0.0,0.0,0.0,0.0,0.08027161509601875,-2.7112891614714628e-11,4.46854475468231e-6,0.0003791527462164438,0.00900746894813681,1.4684524712553525e-5,2.7854174227573013e-9,3.951380661827953e-9,-6.227195623725692e-6,2.5922834196621614e-5,-2.381649402623093e-7,0.0002442662262882838,0.00025354484439291374,-0.0004884784721386381,-2.1562999075805327e-10,-2.4121944495890255e-9,1.0208792545180321e-11,-3.856431743868083e-12,1.68721840086746e-5,8.63528717255824e-7,0.0014985251152764359,7.70609781664952e-9,-0.0027740708260744003,-6.941508553896535e-11,0.003547797433495848,-2.9312105353674723e-7,0.00035314994169437545,-0.0018047818260606972,5.377972675383664e-5,0.014873725294269852,-4.7340408977763274e-5,-2.5250441248261876e-13,-0.0007731934215001456,0.006990843870976672,-2.00056663127691e-6,-1.6648596065589778e-10,-2.084962855023466e-6,1.113770642234762e-8,-2.462406723362518e-12,-5.976917903569111e-7,1.8648693936373239e-6,2.710585142377644e-7,1.7224297379479265e-9,6.612971632259056e-9,-4.314790811061356e-13,2.392679235881142e-12,-2.29066444204271e-7,-1.2152334859758817e-11,-2.603117204750484e-13,-3.83381272929214e-5,-0.0028612506699507967,0.007825519791143773,9.964391378396642e-14,-0.00018356213120494387,-3.826904876190985e-14,-0.0063064240405777934,-2.734962799385092e-11,1.0921064635133214e-7,3.7028129846113655e-13,2.6601964502207233e-7,-0.0028875406384255456,0.0034105064128677263,0.0017020556790488036,0.0047385831831603204,-0.018091584938530633,2.0188537780758018e-10,-0.00017785503195961728,-0.0003593448254955743,-2.2537527045798957e-8,5.956409889369783e-5,0.0008370084651108055,-1.499204861016416e-5,1.690635813400291e-13,-3.1744850949682965e-6,7.4916107372816e-9,-3.1696730753960235e-8,-0.00508922788954298,1.6773962447561136e-9,8.448386276020303e-5,-1.7404220686233472e-11,-0.001019808754783612,0.029115847030939286,-0.0003856312757761817,3.0739369875185534e-12,0.0007377001667264344,-8.650986784497227e-9,-2.0677830590852055e-13,-0.00349426139252836,4.1711262387679427e-13,3.721996783753359e-9,-8.939059796087619e-12,2.4102688625945345e-6,-0.0003236687629347849,0.01049316493690045,-3.204745119479149e-8,-0.004746150414558085,-4.5187095238169186e-9,0.003644258425427503,4.0246542209319887e-10,0.01336543016943406,0.00040057034715634533,0.0005914075317623004,-6.661780348538629e-13,-1.3306540267326023e-13,2.475570124246151e-10,-4.251877486757108e-8,5.680510680883763e-5,6.231296353640994e-10,-0.027360051246354048,1.1862201529532433e-12,7.716146681878243e-5,-0.0009754161064888337,-0.00027998315397931864,-3.5198523771443734e-10,0.0028786860339185816,-1.7777099727075595e-12,-1.6869622012234938e-7,-1.0145205742392769e-11,0.006263760026008312,-0.007626375267193686,0.02479291236194572,6.90631363100369e-12,-0.0017817986567088496,0.005166830294965396,0.0032485912641990154,-0.00041296876660404185,-3.984888980208854e-13,-1.3616140916190737e-8,-7.800625122668926e-11,-0.011406191003096058,0.00297576033094216,0.0007397349472155765,-2.9541270650799835e-8,-0.0022278287045780242,-3.700747545329199e-13,4.1768438711701297e-8,-1.4810097803637978e-7,0.0005229599202904283,-6.065011205631873e-13,-6.176868963035263e-10,-0.0007002130944340575,-0.0004613085653140857,-1.27575287294817e-8,-8.049748555934074e-8,-1.6232661964821593e-6,1.35577450688782e-5,1.1314342411939943e-10,5.933332750426341e-11,0.0010018381396513123,-4.354109284473447e-5,-1.997521977241673e-12,-2.6249409677181015e-6,-0.0010041645640346704,-7.72184752655892e-6,5.980796760566089e-9,5.292849587261376e-6,8.430824463581095e-11,-1.978300741511749e-9,-1.3606768325216345e-9,4.477188644305707e-9,-0.0011907769077123256,5.032954534143504e-8,-8.470188329288112e-6,2.8272888180650985e-11,-4.6404245996376026e-14,-1.3812116879887932e-6,-0.001779039929158155,5.0203217109279606e-14,-3.1555519364095725e-11,4.2811781948872057e-11,-6.228173805785809e-11,9.383744795696738e-10,0.006171070592917278,-0.00021122217220581567,-1.6016154900377884e-9,-7.349707199526993e-6,3.067168442926561e-10,2.4023983862225385e-12,-5.642268228545771e-12,1.2764993521558373e-9,-5.903287185526422e-7,-4.611756714298661e-13,6.1723374562191e-12,-7.818151254415418e-6,0.008947433575109442,4.269655360689899e-6,1.1210450571499218e-8,-6.992810764766696e-12,-8.119580769448918e-9,-3.21288216476507e-11,1.696866588790621e-7,-2.9244923084431354e-12,-0.00013997134513964857,-9.783096779643098e-5,1.5262779202832256e-11,7.365045911386656e-7,5.401692608682382e-11,1.2996888888206654e-12,-1.3896209081005398e-10,-0.0015215570721442584,-1.3299152348829924e-11,-6.115154543509224e-6,1.771836176099903e-6,-1.1311324787514263e-11,2.9955177876392714e-12,-2.7337890658622587e-10,-3.6547876718389175e-12,6.899331022403487e-7,-0.013014394278538266,-1.8002980801159982e-13,-0.0001966581567270303,0.0023477301674001186,7.540871215418842e-13,-0.003947137938395111,-2.3135832591349964e-6,-4.02911316159238e-10,-9.517200858602905e-10,-0.0002901742764038941,5.497087564959006e-5,-6.183118322178997e-8,-2.1029872616922506e-12,-0.002451776364867286,-0.0014783570057954369,-2.662579525985493e-12,8.526646908787836e-5,8.185514216270894e-9,-1.1476218857955276e-5,8.59167723720458e-8,-1.2150613543076686e-6,-4.906288116265728e-9,-3.1172718392161e-12,4.5458694820715374e-10,-3.758962511224081e-5,-5.157686838077338e-6,5.266272106208796e-11,-6.937378924021112e-11,-8.95224177981471e-14,-3.128655329689478e-5,0.0007517937263158796,-2.1210175609480577e-13,8.770010139921205e-13,2.6949977094563237e-8,4.601021074206243e-13,-1.852557745645742e-11,2.92765939700465e-8,1.7992102730142853e-8,1.1913060344082444e-9,1.2805609365505146e-8,0.00010149962832705802,-6.040328477127052e-8,2.889556514837615e-13,0.0015729034537105893,1.4347572594993627e-7,1.6703927274909158e-7,-2.740526223067433e-5,1.4088100227323189e-5,1.246652395028539e-12,-6.853242873730995e-14,0.001165264543147128,0.003617403038512284,-0.0024713826864701154,2.1543893574136726e-8,1.247937632748342e-11,-1.9510613012292815e-10,7.625475899085783e-7,-4.560897842781216e-6,-0.006234790218753759,-1.5474589374571894e-5,3.635977639546593e-5,1.8050476625822283e-10,-0.000429536906968173,-2.0879776937610727e-9,-2.013511863710122e-7,-2.071671320232154e-7,-4.093258497275644e-5,1.3181261946206994e-9,2.1581899690146815e-10,4.417979632840176e-11,0.0014178191335149268,-1.3336493067818002e-13,-0.000561208035753664,-3.4344753503923384e-11,-0.00036996943434471454,2.7305989236168403e-11,-1.2844667900702492e-13,4.9205391487787935e-5,1.0036910067195056e-7,3.941616204104146e-5,4.756395922070815e-5,1.5085123598259671e-6,-2.028879431084883e-6,8.354954068650294e-11,-0.011927872898529432,-0.0012737105547406152,-1.5311588726403656e-8,-1.7055352143310783e-5,0.0018633502168246539,1.3046421747038536e-7,0.0001999207767597701,-4.580240193050218e-9,4.83517493899197e-6,-1.0382114030891924e-11,9.03168244539156e-8,0.01645608968733284,-2.9128278396084484e-12,0.0034564144688477034,-0.0005121427910158179,-1.9577537465274545e-6,-2.1805590345656604e-12,1.7439527278819809e-12,0.0015118643700943637,0.0005727761191173054,-1.3438405803085328e-10,-3.7117082920075216e-12,6.349627212865452e-13,1.6166188488148648e-9,1.9103350140651444e-8,-0.004403209178663811,1.5658496260825758e-7,-0.0009556527955849754,-8.767554833220824e-13,2.7948398087078724e-7,1.9150447411264546e-9,9.329222209270913e-9,-0.00249853484631541,-2.4768015287458517e-6,-3.0046729763110523e-12,1.973553195896953e-8,-6.322880854739301e-6,-9.563687936625467e-7,-1.509172751042116e-11,0.0005592161478563562,0.00020823229637248532,1.304513881086712e-9,2.8196011753990673e-8,8.93495222776092e-9,-1.6268978467332702e-8,-2.1241301236666275e-12,9.056749643851536e-6,2.3625530455000144e-8,0.0002426186554885638,-0.000722373478192917,6.027151006232164e-6,-0.0024761278757929536,-5.850489443110609e-9,-2.4849942917493657e-12,-3.356212205356779e-13,-6.298725573861187e-5,1.541752343319634e-5,0.00022147244868140215,-0.003054342409217214,-1.9396296127775953e-11,-7.716837736956552e-7,-1.0238730665318586e-12,-8.451123560286376e-9,7.581166801927814e-11,3.5164365435593915e-11,-0.0007649197688993219,1.8311633647274948e-10,3.969807291422276e-5,-1.8214866977366216e-5,-0.0006427897069131161,-9.417039087228155e-14,0.004310751055751092,-4.0457537161343423e-8,1.5515191798724092e-5,-0.002388076076308974,0.0003035135469919585,-9.823886524998782e-9,-1.58772413867794e-7,1.5633294585620738e-13,-2.1744595058381157e-14,1.77491781930551e-13,2.0420306573052908e-5,-1.885864095643536e-12,-1.6161407768831718e-6,0.00011622041243619901,2.734037327332464e-5,0.00013637383698388562,-3.0630252048932324e-8,0.00025462418067821784,-1.8293358338324383e-13,1.0713799293977548e-5,0.00022979341189810544,-3.6892218167534516e-7,0.003399623273539764,0.0009351269288133462,-0.004176430442214692,5.776850857068885e-13,-8.326385201177326e-5,-2.849009974060397e-10,-2.6299084710083652e-6,0.0036860670672042547,-1.893835174072111e-9,5.6601531280581886e-12,7.789327422127637e-6,-3.4513251567720664e-13,3.700393909228967e-6,-5.2633466914075446e-5,-3.1414209076841963e-10,-6.075943771298968e-8,-4.926227300808395e-9,0.0002535799338477736,-1.606564721657313e-7,0.005032432965152927,6.566490063228344e-12,4.002906826910023e-8,-1.1127754150693978e-5,-2.077389357797569e-10,0.006950747862296594,4.762358905533381e-11,0.0005650761691117119,0.0014428213368611375,-0.00043426457477885213,-8.3455572907388e-12,2.1016375466358364e-9,3.537980901058373e-9,5.770851570950711e-9,0.005036559380219882,9.2088335367439e-11,1.4025396651667154e-11,8.048325334469623e-7,0.00015444874777417633,-2.7811143192956964e-12,-1.424581213480037e-7,-2.3767487473638732e-7,-4.465597961840894e-6,1.9094638206562868e-5,4.296012870083155e-12,-4.1419251112603287e-13,0.00022628372736985367,-5.029804102386345e-6,1.1606374749416673e-7,-1.4059243875690645e-10,3.299506177215193e-7,0.00014722940748603165,6.229826916344606e-8,-9.514440553327997e-10,-1.0985883556363691e-9,0.018302545994333962,0.00018734205569602893,-3.212707749684748e-5,-8.419164840481757e-5,-1.2674275222969812e-5,-8.857317823386192e-5,-4.2118109689272125e-12,7.888538945025639e-12,0.001679271847813778,7.427014263867246e-7,-1.528326320641246e-14
0.0,0.0,0.0,0.0,0.0,0.0,0.0,0.0,0.0,0.0,0.0,0.0,0.0,0.0,0.0,0.0,0.0,0.0,0.0,0.0,0.0,0.0,0.0,0.0,0.0,0.0,0.0,0.0,0.0,0.0,0.0,0.0,0.0,0.0,0.0,0.0,0.0,0.0,0.0,0.0,0.0,0.0,0.0,0.0,0.0,0.0,0.0,0.0,0.0,0.0,0.0,0.0,0.0,0.0,0.0,0.0,0.0,0.0,0.0,0.0,0.0,0.0,0.0,0.0,0.0,0.0,0.0,0.0,0.0,0.0,0.0,0.0,0.0,0.0,0.0,0.0,0.0,0.0,0.0,0.0,0.0,0.0,0.0,0.0,0.0,0.0,0.0,0.0,0.0,0.0,0.0,0.0,0.0,0.0,0.0,0.0,0.0,0.0,0.0,0.0,0.0,0.0,0.0,0.0,0.0,0.0,0.0,0.0,0.0,0.0,0.0,0.0,0.0,0.0,0.0,0.0,0.0,0.0,0.0,0.0,0.0,0.0,0.0,0.0,0.0,0.0,0.0,0.0,0.0,0.0,0.0,0.0,0.0,0.0,0.0,0.0,0.0,0.0,0.0,0.0,0.0,0.0,0.0,0.0,0.0,0.0,0.0,0.0,0.0,0.0,0.0,0.0,0.0,0.0,0.0,0.0,0.0,0.0,0.0,0.0,0.0,0.0,0.0,0.0,0.0,0.0,0.0,0.0,0.0,0.0,0.0,0.0,0.0,0.0,0.0,0.0,0.0,0.0,0.0,0.0,0.0,0.0,0.0,0.0,0.0,0.0,0.0,0.0,0.0,0.0,0.0,0.0,0.0,0.0,0.0,0.0,0.0,0.0,0.0,0.0,0.0,0.0,0.0,0.0,0.0,0.0,0.0,0.0,0.0,0.0,0.0,0.0,0.0,0.0,0.0,0.0,0.0,0.0,0.0,0.0,0.0,0.0,0.0,0.0,0.0,0.0,0.0,0.0,0.0,0.0,0.0,0.0,0.0,0.0,0.0,0.0,0.0,0.0,0.0,0.0,0.0,0.0,0.0,0.0,0.0,0.0,0.0,0.0,0.0,0.0,0.0,0.0,0.0,0.0,0.0,0.0,0.0,0.0,0.0,0.0,0.0,0.0,0.0,0.0,0.0,0.0,0.0,0.0,0.0,0.0,0.0,0.0,0.0,0.0,0.0,0.0,0.0,0.0,0.0,0.0,0.0,0.0,0.0,0.0,0.0,0.0,0.0,0.0,0.0,0.0,0.0,0.0,0.0,0.0,0.0,0.0,0.0,0.0,0.0,0.0,0.0,0.0,0.0,0.0,0.0,0.0,0.0,0.0,0.0,0.0,0.0,0.0,0.0,0.0,0.0,0.0,0.0,0.0,0.0,0.0,0.0,0.0,0.0,0.0,0.0,0.0,0.0,0.0,0.0,0.0,0.0,0.0,0.0,0.0,0.0,0.0,0.0,0.0,0.0,0.0,0.0,0.0,0.0,0.0,0.0,0.0,0.0,0.0,0.0,0.0,0.07961818908610352,2.569472950405773e-6,5.307793767754651e-8,-3.9968782761132753e-10,-2.2363211861712837e-6,-0.00036839795368999516,0.0051930548870067275,2.933276446948425e-7,-2.694926353060919e-7,-7.420168760615008e-5,1.593112210773723e-9,2.1024083200068114e-8,-4.948105306407424e-9,-0.0040502874705834226,0.006713259595277289,-0.003679914197741448,0.0035842187594447355,-1.4983759595647464e-7,-5.559720387498166e-6,-2.3809078365118837e-10,0.001118697143426613,-5.436738308908376e-11,-0.011376624259150939,8.35448918950092e-9,4.119650988910167e-5,2.146296438642066e-8,-7.961002839427639e-9,5.344180929174205e-8,2.213674427363397e-10,-9.64213808421252e-7,1.924587743271714e-5,-2.0905076579061798e-10,4.90530445860744e-10,-8.21874560342079e-6,-0.0026929389603184634,6.2534029395706765e-6,4.6167548287706124e-5,-1.4482198709421614e-5,1.6529558143432233e-5,-2.210201713972508e-6,1.997672352933353e-7,-0.00014313131804385168,-6.163533484684989e-5,-1.5548402350266525e-5,4.4327383586410334e-5,-3.458873695485273e-5,0.0006885107162127842,-1.6894588957995903e-5,-1.4120373943646878e-7,-7.664967197537203e-9,1.2252423000135158e-9,-3.933562717659198e-5,-3.201456081789485e-8,5.8019476507219534e-5,4.918350122863011e-10,-0.003806763332961842,1.413267578588931e-5,-3.03638042518806e-5,-3.1385224757688497e-6,-1.736414387761508e-11,-4.1184026543362445e-10,1.6232269338358377e-10,3.1550990487415374e-10,3.3139970370174467e-10,0.006222200866201514,7.51389412735002e-8,2.4320157532822855e-7,0.0007087257331602998,-3.954686157299825e-8,1.4897923652819786e-8,2.674392817881028e-7,-0.00010508313149696459,1.6885499864320025e-6,-0.0023461601499309313,0.000116057056579211,3.2763564790740702e-9,-0.00487693669755753,2.104793849379245e-7,-0.004486517577688337,-1.108667549502607e-10,-1.1940737294293615e-9,-6.522530038079939e-9,0.0007823021789788432,1.2203519174054513e-8,0.000198377501427142,-0.00012591502730970475,-5.174981009078187e-10,-0.0003444563775691764,0.00216895285096255,0.002463718806091406,-2.206312639065404e-8,-5.598105869728922e-10,-2.5297998898988534e-9,1.7778325538006726e-5,-1.8536082253461884e-10,0.0013626081827617105,-1.4930030136632945e-10,-0.0052535355988869254,-9.131121093927913e-10,-8.736060743709375e-8,-3.5834683966343366e-9,4.1459528757014644e-5,-3.1899571554271916e-5,-0.0047637238527966485,2.1203382869649047e-5,-3.821441855813226e-7,0.006915321006366288,5.608497164180378e-10,0.00016086007260830574,8.365106967931288e-8,-3.114308338065853e-8,7.204160567187269e-8,-0.01716876080829497,3.0005462916610026e-10,0.0003324730037697635,-7.535521171764904e-5,-0.0016563199014159318,2.120523197532085e-9,7.258384232973869e-11,-4.4786229807655263e-10,0.0005197063649287782,-1.0499226359299037e-10,-1.0526505571807911e-9,2.7280360949682227e-9,-2.5316203679606696e-8,3.0304030754706094e-5,0.0003732039692008939,0.03308069807094928,1.1130754143250913e-9,-2.3195941715088316e-9,-3.4186251490866625e-11,4.5084102153929925e-5,-3.1382168328452677e-9,-4.54726032330419e-5,-0.0004725207132808911,4.020688285786737e-5,-2.445740971059603e-9,0.003844999740434619,0.01074174207951376,-4.208158801375058e-9,1.5346971036524622e-8,0.0002231304354135563,-0.00017414093868542966,-2.6035267564997187e-5,-2.2194123144415624e-6,-0.00068825348753406,0.001259849230519629,-2.704981020557958e-10,-8.920502590647087e-9,0.00021760267711569113,-1.0624541860809339e-5,5.4559783666300095e-9,-5.77826283926707e-6,0.0005578925264816826,2.438298946046881e-6,-0.004208186148784734,-0.001556849115028855,0.0009037862409929379,-0.0003851239479106051,2.608838340240811e-10,0.0003066539155594271,4.581391043712997e-6,0.002640877416331636,5.9775424849684454e-5,-5.6160992723675354e-6,1.3975771358639413e-9,6.889358767105348e-5,-0.0033333559900710894,-3.631936258345335e-5,-0.007946895742349878,0.0008097156359654412,3.324853643341683e-10,4.858802507947916e-8,0.0026962597510592624,-7.72327043817917e-6,-0.009064563079479615,0.0034308649134452006,3.725967474855145e-7,-0.02656454184812459,4.094336512725777e-6,-2.030479781003624e-5,-8.713709506085857e-5,-7.577133213572258e-7,-4.793149776924041e-11,2.4544655007450343e-6,5.036655555031937e-5,0.0007917770669151355,-0.0018641493012823633,0.00406430422739398,-9.594489208835593e-6,-0.0005324572525549071,-1.5135167284626383e-7,-8.006349387705809e-8,-0.002705256230168514,2.80059232754338e-6,0.004096164308868331,-0.00028810159074946375,0.0016038370891391395,1.947389199601155e-10,0.005100481576955999,-1.0380786913802419e-5,2.6290866148058014e-6,-0.0012372548363448097,-0.0002071734845456171,-0.008651664993700774,0.0008530838387399195,-3.1527749315636325e-5,5.83696422731602e-10,-8.711374828838393e-9,3.1522811861242377e-9,-2.8886117171194926e-9,-0.00033667767344558355,-7.713277093198318e-10,-2.6961712573116627e-5,0.005082176514451367,0.0008760180183232483,-4.246884463029328e-10,-2.7950724492423894e-7,0.00013665184923042625,0.000539140844791091,9.7836162549995e-10,-2.6308724212411523e-9,0.0018141840991932258,1.3561127946328795e-8,0.000632152919137179,1.2094630404298447e-6,2.6299754667824797e-5,-2.0056326792169194e-5,-0.0011974551648244929,0.009659708409061522,-0.006480230016528825,8.536916379582532e-8,-5.664653722597369e-7,0.007942711171824083,-0.005103793758237867,0.0057185922912880854,-2.800628374315063e-10,2.4695277427468127e-8,-2.0038365547848325e-5,0.00012570245816242466,0.0011774437146105097,8.276361558602751e-5,-0.017424583724094885,-0.00038271301622385827,0.0001613696369065832,0.00021256730219103713,0.0006149060375095982,-1.7659395489224286e-9,-1.148456696120037e-5,7.728059451759647e-5,2.1110764358333167e-10,3.474212159447661e-5,1.0621254431159308e-5,7.402441383798816e-7,-2.6096316736756706e-7,-8.73122585519686e-5,5.006126794863304e-5,1.4407501861282137e-10,9.661404343005711e-10,-2.7809605866547912e-11,9.220438652560349e-6,-0.0048338957349327106,-0.005893753066063788,-1.7180276026585142e-8,-2.9303440078473997e-7,-4.573763090199461e-10,-3.7563284569000403e-7,-4.156169078915919e-8,-0.010488230521800231,2.094974104473047e-10,0.0017957170836583167,1.9583369834821627e-5,9.485845202683037e-6,-2.6979098879657484e-8,0.0022028766205931215,0.03120014377169257,-0.0012506484505412545,2.2038121773218633e-10,-1.177887125865057e-5,-5.800892600421251e-8,-0.0021396307646867497,-2.0275053574819023e-8,-0.004008417307833148,-2.1989479519713463e-5,-2.229733977010806e-8,-2.246397923345081e-5,2.5301426836382043e-7,2.5373504936388364e-7,-7.380356091895509e-6,-2.3446430158190158e-7,0.005642109836260071,-1.5358731458443564e-9,-9.21999747930828e-10,-0.00012454756202019476,1.1136337921753724e-7,4.718680734821273e-9,-2.8327915272279743e-6,3.952601569446823e-8,0.0019110687905504542,-3.6208046897375614e-7,0.00010548562240180547,1.5849589516196604e-5,-4.1056381968084873e-10,-5.351504446910883e-5,-1.7597464884840248e-9,-6.24602596358731e-11,8.276200600232167e-9,-0.00017382253541221848,0.0003460758039923636,4.284971077347767e-9,-4.401001809024292e-10,0.002049803714553513,0.00010273438606627554,0.0006253059424252717,0.003634627491065188,0.00013615587338614178,-1.7151862774037916e-9,1.3871842264245111e-5,-1.0165189136013994e-8,0.00015717962628198593,-1.935546074340784e-6,-0.0014628328533751282,-1.4911675504792412e-5,-5.498324738554986e-9,-3.5575301333392454e-7,0.009615686422334343,0.00010417365670053566,-9.747942740942553e-8,-3.624877248048688e-6,0.003283875232641884,9.61294874452394e-10,-6.100210522767919e-8,-0.015625747316581676,-0.00021293132282371998,8.772391492766769e-5,0.0006047653741957921,-5.339781077080734e-5,2.447230398765953e-7,-0.0003761113932612928,2.4431098697199006e-11,-1.5402425621631491e-9,-8.731870080710479e-7,1.815604343596825e-9,-0.0008959940885550439,-0.0003868318204564757,-8.280251071114685e-5,1.4259955616018827e-7,9.863064282002803e-7,2.3313941543848992e-8,1.1319336962978394e-10,-0.00023234160937346836,-2.0709132563616457e-5,4.599039469190691e-5,-0.0018906023647638811,0.006518092722496187,0.0008478734687953094,1.823084052541614e-9,-0.0178028148928029,2.663946127809171e-7,7.419422538019613e-7,-7.40159714069537e-10,-3.693789419673204e-5,-5.706357118627337e-10,-3.87829457564502e-5,-4.444029757569299e-8,7.925030471410464e-10,-1.4215000985769337e-9,-0.0004686289316165939,-7.364906168134994e-5,0.00014169677043323402,3.004873439617816e-6,-0.00011436143972485796,2.0544439193642528e-8,-0.00023658617349380827,-7.197065770365494e-7,5.5981872672143036e-9,6.184357342760324e-8,-3.967153773851306e-10,8.137760512823912e-6,-3.789565010702544e-9,-8.539418531421677e-6,-1.0610106321921534e-7,-4.865251462632534e-8,-4.3343448183112405e-6,-8.540001317739835e-10,-2.75959871086198e-10,8.474505958945427e-10,0.00010922258306580991,1.5698828594732552e-7,0.001442014954643975,6.844551395107332e-6,4.916193395998314e-10,-0.0017094088993046454,0.0011208654054480158,1.6947007629507487e-8,2.3077440948072976e-5,1.9098954702592895e-6,-2.3331830638806736e-9,0.032341782961737404,-0.00023335711517890717,3.4083145851241904e-5,3.929572270558082e-8,-0.00010992517440508342,-1.645582728599998e-10,0.00025606498126766155,-0.00023077365351398547,9.180991025199477e-8,-0.002977640864707592,2.621401494996536e-9,-0.001614252214236229,-2.1359311790890785e-9,8.931346273154641e-9,3.4194207761884725e-11,-0.00595860539305846,0.0006296698872928233,0.00019007630132896955,-0.0002373214147414673,2.7530526662517747e-10,0.0020832993202592556,0.0021247044352020695,-8.067862307040228e-6,3.4752035042432215e-8,-3.942557372078492e-5,-1.2425437027459994e-5,-2.779787349842027e-7,-1.7023660680417267e-7,3.702092026749083e-8,4.578795943452235e-5,-9.725274905404818e-5,-9.008276006995482e-9,-3.553807526536006e-7,-2.1604986019239133e-5,0.010070165438683974,-5.8804740588498196e-5,-1.0476061156625671e-8,0.00012232937864313452,0.006293452796810742,-0.0007058088055941738,-6.639000470302727e-10,7.204633276745948e-9,-4.6347862003535874e-7,-1.1664895575026928e-7,-2.8707590187987676e-7,-1.6722967627557977e-7,-0.0005026927056793958,0.00031643952672074694,2.713919490183251e-10,8.402652554618623e-7,-4.463360153376522e-5
0.0,0.0,0.0,0.0,0.0,0.0,0.0,0.0,0.0,0.0,0.0,0.0,0.0,0.0,0.0,0.0,0.0,0.0,0.0,0.0,0.0,0.0,0.0,0.0,0.0,0.0,0.0,0.0,0.0,0.0,0.0,0.0,0.0,0.0,0.0,0.0,0.0,0.0,0.0,0.0,0.0,0.0,0.0,0.0,0.0,0.0,0.0,0.0,0.0,0.0,0.0,0.0,0.0,0.0,0.0,0.0,0.0,0.0,0.0,0.0,0.0,0.0,0.0,0.0,0.0,0.0,0.0,0.0,0.0,0.0,0.0,0.0,0.0,0.0,0.0,0.0,0.0,0.0,0.0,0.0,0.0,0.0,0.0,0.0,0.0,0.0,0.0,0.0,0.0,0.0,0.0,0.0,0.0,0.0,0.0,0.0,0.0,0.0,0.0,0.0,0.0,0.0,0.0,0.0,0.0,0.0,0.0,0.0,0.0,0.0,0.0,0.0,0.0,0.0,0.0,0.0,0.0,0.0,0.0,0.0,0.0,0.0,0.0,0.0,0.0,0.0,0.0,0.0,0.0,0.0,0.0,0.0,0.0,0.0,0.0,0.0,0.0,0.0,0.0,0.0,0.0,0.0,0.0,0.0,0.0,0.0,0.0,0.0,0.0,0.0,0.0,0.0,0.0,0.0,0.0,0.0,0.0,0.0,0.0,0.0,0.0,0.0,0.0,0.0,0.0,0.0,0.0,0.0,0.0,0.0,0.0,0.0,0.0,0.0,0.0,0.0,0.0,0.0,0.0,0.0,0.0,0.0,0.0,0.0,0.0,0.0,0.0,0.0,0.0,0.0,0.0,0.0,0.0,0.0,0.0,0.0,0.0,0.0,0.0,0.0,0.0,0.0,0.0,0.0,0.0,0.0,0.0,0.0,0.0,0.0,0.0,0.0,0.0,0.0,0.0,0.0,0.0,0.0,0.0,0.0,0.0,0.0,0.0,0.0,0.0,0.0,0.0,0.0,0.0,0.0,0.0,0.0,0.0,0.0,0.0,0.0,0.0,0.0,0.0,0.0,0.0,0.0,0.0,0.0,0.0,0.0,0.0,0.0,0.0,0.0,0.0,0.0,0.0,0.0,0.0,0.0,0.0,0.0,0.0,0.0,0.0,0.0,0.0,0.0,0.0,0.0,0.0,0.0,0.0,0.0,0.0,0.0,0.0,0.0,0.0,0.0,0.0,0.0,0.0,0.0,0.0,0.0,0.0,0.0,0.0,0.0,0.0,0.0,0.0,0.0,0.0,0.0,0.0,0.0,0.0,0.0,0.0,0.0,0.0,0.0,0.0,0.0,0.0,0.0,0.0,0.0,0.0,0.0,0.0,0.0,0.0,0.0,0.0,0.0,0.0,0.0,0.0,0.0,0.0,0.0,0.0,0.0,0.0,0.0,0.0,0.0,0.0,0.0,0.0,0.0,0.0,0.0,0.0,0.0,0.0,0.0,0.0,0.0,0.0,0.0,0.0,0.0,0.0,0.0,0.0,0.0,0.0,0.0,0.0,0.0,0.0,0.07923630808253959,0.0008201883433138695,4.572306389011422e-6,0.006002999145985547,-0.0002738994696289645,4.805483096883054e-5,-0.0042153475194352365,4.144584344215798e-5,-0.004174819874305639,6.955679864284904e-6,9.797284157233834e-5,3.0228332849850386e-5,-6.21533289357834e-6,-1.2390268945543785e-5,1.4429929664614487e-7,-6.62385851663799e-8,0.0016682915226676114,0.012245670100156227,6.904625029411392e-7,-0.00014708469131886938,-7.669587684471808e-7,-1.2523386077353292e-6,2.2766983597759968e-5,-0.00041384324829832906,0.00032657092834327263,-1.567244284195256e-5,-0.00020794089604430526,-1.8927248115510657e-6,-0.0007662133492487363,-1.3482016508316732e-8,-2.6416958122907824e-7,-6.864961538195691e-7,-0.001825422063838014,4.976278305884346e-6,0.005537684552865053,-0.00021045438405773223,5.6931537919975614e-9,-0.004060524451639793,-0.03327233843745833,0.0007619633808977381,-8.18269323825306e-5,-5.346038390688942e-5,2.786871515513849e-9,-7.113094397260179e-8,-0.0064673907580901115,-1.6012421558625726e-7,5.658273643272598e-9,-0.0009001152814949,1.1008965887379423e-6,-1.1354384494924376e-6,-6.376139636108798e-11,-0.0003669709488075281,-5.47231779150463e-9,-2.0100522082900947e-6,4.092181644210515e-6,-0.0029028059915241202,-9.834290414473152e-9,0.002743393511530466,-4.332293321715592e-7,-1.7555087962338834e-7,-4.3409132231972203e-7,-4.044944856336597e-7,-1.4492076173740487e-6,1.5559778338525498e-6,-0.00019949742524808398,-0.00030682482520111586,-0.0012181274184722324,-0.0001311803584291611,-1.3113109723647485e-5,0.0007981031409443601,-3.1715230908597853e-9,-0.004107545092040311,-6.221108964673088e-5,-0.0009803257043254645,-3.501590022445436e-5,-4.28934803536541e-5,0.0002413680372034856,-5.758949845814709e-7,3.298952707884306e-7,3.868863068349506e-6,-4.6762978286060407e-5,1.2625331751008038e-8,-3.094235319783693e-5,-7.012018697023984e-5,3.332337558815154e-10,5.736343614261117e-7,-2.114046563693683e-8,7.039915009706566e-5,1.1938337187645193e-8,-0.0004600744161924542,8.827106190103543e-7,1.3604952125381564e-5,0.0009139881767040746,3.758468868033415e-8,-0.00028279340729194777,-1.9328622088842443e-7,6.270921360918746e-6,1.615508256283146e-5,0.00016692598450225146,3.164085015413752e-5,-9.94198310992788e-9,5.300526491260198e-9,2.032087772629299e-6,0.00018625270625306458,0.00221092680946848,-1.7064902731573343e-5,-8.191466720600779e-6,-5.288822439542875e-9,0.0009226363982199333,3.44233645922979e-5,-9.845028450049816e-6,-3.0183947373586114e-6,-1.1673320040778306e-6,3.9000652095545615e-8,-0.00449484292621635,-1.650397378130538e-7,5.715457351135674e-6,-8.378401762607488e-7,1.060311048004447e-6,3.507749853802501e-8,6.499457209522492e-7,2.7140239043348657e-6,-2.0089658085860903e-6,-0.00023061537443775022,-1.3985092305550328e-8,-0.00014346482237439793,2.6750204442005218e-6,-3.378965453910697e-6,-4.472021537869957e-6,5.667856316136786e-7,0.00010884494854575609,-2.1642577321624657e-5,5.950961578037966e-9,0.00017450805532374,-0.002221183568496822,2.1340944495218156e-5,1.2182511878470663e-6,5.606353930265478e-6,2.631322391295756e-5,1.3570367378778171e-6,0.0007546772381114156,0.004646012251908532,-0.04779899488710828,-0.0017725237585915397,4.151775599645254e-6,3.1961560922973996e-7,8.797856863594098e-7,8.433451448727434e-5,-3.965376036198402e-8,-0.015130526976831064,-7.121933855415499e-6,-0.0022891980035930244,-1.3616601194071393e-5,0.004866021414563364,8.87426429046748e-7,-0.0001896305954228384,2.8433433468400842e-5,0.00039208394356809724,-6.124901478530549e-7,0.0009037439031040966,-0.019920726392140743,-3.213895951414555e-9,-1.1615847424799564e-8,0.019365260920046343,-1.7736740151292692e-6,1.6804158621655076e-9,-3.6411074452244785e-7,2.0333932254474488e-7,1.4584140027591637e-6,-0.0003811349538706159,6.864433922628657e-7,1.295001096439799e-5,1.5687036939284098e-5,-0.011386729309802498,1.797455739607963e-5,-1.679474276879232e-7,1.9005041432746646e-7,1.9680662264072044e-5,-0.0048488112114055465,2.152277492265909e-8,-3.433269134976286e-7,-0.0036809943702461128,3.5912520392604046e-6,0.0010267252217706115,0.0005759981310908319,-3.8464631266734286e-7,1.9851747855184117e-6,2.2532096910286268e-7,-0.012073777758256306,2.8757712594427055e-8,-7.85764409914615e-5,0.0002092369035758935,1.727583292039594e-7,0.0002471874830506625,-1.3989068947332905e-6,1.6058370477476098e-8,-1.6862014756527736e-6,8.418547426739201e-7,-8.722728547885775e-7,-0.017764857071378447,0.006992688738387587,1.1790063203538281e-7,2.5269631821107173e-8,-3.920712789255764e-5,7.856845240483065e-8,0.013223241239781096,-1.5121448437267033e-6,-1.1238462687648751e-9,3.970872510690341e-5,1.7909638992361845e-5,-8.111440275212526e-9,3.24609400214204e-6,-0.03543848632749382,-1.210201045462452e-6,6.223116145739633e-5,1.2171340322800324e-6,-0.0005336741651489025,-0.00040119551637017586,-1.1093186711199462e-8,-1.40096283799367e-6,1.2138108601007281e-5,6.88529488902653e-8,3.259286791021375e-5,1.969112462764873e-5,0.0014737907430322046,0.00474421163199712,-0.00802793084123015,-5.2255652971479296e-5,5.334095820100839e-7,-4.06551840562959e-5,0.0003358671171808967,-0.0004390417786879067,4.383635096089359e-6,-6.065442849032729e-6,7.040175875169173e-7,-6.609706186342574e-8,-7.03591352555351e-5,-6.2667416393971546e-9,-5.046746505435594e-8,2.0713322586081877e-5,4.634687421052049e-9,-1.1918859794131236e-6,0.0007629663337222641,0.0027784658956875367,-6.658189434894907e-5,0.0001236553013500392,-6.835820199470817e-6,-0.004223250011075114,-7.172883343689804e-9,-2.1799382256284688e-7,0.0002424871674424013,0.004205589484653674,-0.0006109933447670578,-0.0003236363519812085,8.537149549444689e-10,8.085805192725771e-10,-1.5703071417734934e-7,-1.8851553597556029e-6,2.081176435287948e-7,-2.6899157188139015e-5,1.880522820746204e-7,-2.6179292563360288e-6,0.0005427809248041327,0.0006336214273592001,1.418356040252025e-6,0.0026763307946213047,7.658667037218513e-5,3.988150494467987e-6,-4.3450350243475843e-7,0.0001275237987497638,0.00696019566857406,-0.012536740664545735,-6.846176167856386e-5,2.6837315474200197e-5,2.63215817621598e-6,0.0001189417641960223,-8.029392634272589e-7,-1.2403162102129376e-9,-4.358889322978729e-5,-8.771672315411244e-7,-0.00033504095864097204,4.822224997819823e-7,-2.849048167885666e-9,-0.000107632789667341,0.002055391796713,0.001002875680082986,0.000168202816230495,-0.0030957607325195406,-0.011822609150350893,1.5085616716851044e-7,9.743259575286307e-7,-2.3860505624894356e-5,0.00039762238286423455,-0.0007071624621302093,-8.45439663044595e-6,-0.0004504712995056318,6.446949180100134e-5,-3.790616626127747e-5,0.008276847931632992,-9.571267043783951e-8,0.002454372431722125,1.2600548209006175e-6,-5.7003979966222585e-9,2.3408854067233677e-5,4.2773795969108276e-8,0.003270155185364019,1.9745773130510334e-8,5.4846028695682304e-8,1.5897156042863438e-6,1.3651864630757311e-5,5.538944541582824e-6,-8.132248431801672e-8,3.6692293873206773e-9,1.6078756790278777e-5,-0.00024337796595841547,-5.090041605704901e-6,-0.0009552335685659139,-2.1094134387915416e-5,-1.6588790740493415e-9,2.982070259271467e-5,1.4530739038444743e-5,7.058507887867565e-5,-1.043078230554062e-5,-0.02193824018760803,6.345769806095187e-7,-4.768424778055437e-6,-0.004184011971091707,-0.009621210385239613,1.055510609606677e-6,1.2456425221854478e-6,9.057955055414656e-5,4.323731168223334e-6,-0.00029370460294233993,0.0015385590335885624,5.939039647488498e-5,4.4199489270386e-8,-0.00037898251859119975,0.00027622575523127255,-4.432564911146858e-8,-6.879371914474776e-6,0.007321187303181741,3.5925404887748374e-7,-6.996189938799719e-5,-5.302783037509441e-8,2.4224653835886542e-8,0.00020488198639122195,-0.0019971572364864583,0.0001693620514090413,5.821994769073667e-7,4.440024771369177e-8,-0.018958688677498694,4.661719808760022e-9,-5.182341732344996e-5,7.791531514188321e-6,-1.9215036700890572e-7,-5.823464107502506e-5,3.118610206187882e-6,0.00026774179615237357,-0.00043792408569687046,-3.074881221925695e-5,6.848219882785896e-9,1.6190409584536588e-6,0.006119010424280724,0.0008779490893334879,-6.338657267427736e-7,2.7934862227427144e-7,-0.00046497807119573367,-0.0021162111043547004,8.547991346727919e-10,-1.1621775695722642e-9,-4.832213563498944e-9,0.0008241934832808336,3.0012745104258546e-8,-0.0013940542912263014,3.4848359159806275e-5,3.673360752166356e-5,-1.5023553883182768e-6,0.005558533616886248,2.0413667830126922e-5,2.727499081162221e-9,0.0018277533460450252,0.0005681349183560666,-0.013070509416996647,1.058398977980904e-5,1.947967679706302e-6,-1.2790283914971282e-5,-9.568442814630096e-11,-0.0004164073435958761,-1.317876162496427e-5,-0.0011795674153695433,-5.717243685051481e-7,-7.206239055787772e-5,9.634199813822993e-7,0.004230761499709013,1.4554980916421536e-8,0.0032681280994544025,3.40847280485189e-5,-5.173706002976459e-6,-0.0006353445193138914,0.0002458396328587862,0.00045250345209663583,-0.003950585530092958,1.3344147221030493e-6,8.177677126195086e-8,0.000662447300400462,-0.0021637040368129934,-6.319381569820336e-6,5.638896032776013e-6,-1.7143006323123828e-7,4.840082738069676e-6,2.82654595442271e-6,-3.2369760479036847e-7,-7.085800425518098e-8,1.6341195085898887e-5,0.0004478055171395851,-0.00042150957674990926,-8.826387210549766e-7,5.453798215567462e-6,1.8389662018615172e-9,0.00356949701638565,1.4728725489735577e-5,-2.583096828469478e-7,-0.0020820936429944976,-0.00018650439315605027,-0.0007063453517016645,-0.00035679701226348656,-3.92153998888979e-8,1.2661838356066448e-8,6.52237090304293e-5,-0.00014764343773197982,-0.0014785599609283208,-2.484863896983042e-6,0.005761104616077821,4.3199731189829974e-5,-0.0016147542950450387,-1.828719133001949e-5,-1.1771893659621972e-5,1.639561572203155e-6,7.543549746717467e-6,-0.00038179781299762134,-6.847453963374417e-5,0.001204780681923615,-0.0005245358967160077,-1.4186486541724787e-7,4.758906525453556e-8,2.2067967354035016e-7,0.0029160496118270395,-3.4774190544801755e-9
0.0,0.0,0.0,0.0,0.0,0.0,0.0,0.0,0.0,0.0,0.0,0.0,0.0,0.0,0.0,0.0,0.0,0.0,0.0,0.0,0.0,0.0,0.0,0.0,0.0,0.0,0.0,0.0,0.0,0.0,0.0,0.0,0.0,0.0,0.0,0.0,0.0,0.0,0.0,0.0,0.0,0.0,0.0,0.0,0.0,0.0,0.0,0.0,0.0,0.0,0.0,0.0,0.0,0.0,0.0,0.0,0.0,0.0,0.0,0.0,0.0,0.0,0.0,0.0,0.0,0.0,0.0,0.0,0.0,0.0,0.0,0.0,0.0,0.0,0.0,0.0,0.0,0.0,0.0,0.0,0.0,0.0,0.0,0.0,0.0,0.0,0.0,0.0,0.0,0.0,0.0,0.0,0.0,0.0,0.0,0.0,0.0,0.0,0.0,0.0,0.0,0.0,0.0,0.0,0.0,0.0,0.0,0.0,0.0,0.0,0.0,0.0,0.0,0.0,0.0,0.0,0.0,0.0,0.0,0.0,0.0,0.0,0.0,0.0,0.0,0.0,0.0,0.0,0.0,0.0,0.0,0.0,0.0,0.0,0.0,0.0,0.0,0.0,0.0,0.0,0.0,0.0,0.0,0.0,0.0,0.0,0.0,0.0,0.0,0.0,0.0,0.0,0.0,0.0,0.0,0.0,0.0,0.0,0.0,0.0,0.0,0.0,0.0,0.0,0.0,0.0,0.0,0.0,0.0,0.0,0.0,0.0,0.0,0.0,0.0,0.0,0.0,0.0,0.0,0.0,0.0,0.0,0.0,0.0,0.0,0.0,0.0,0.0,0.0,0.0,0.0,0.0,0.0,0.0,0.0,0.0,0.0,0.0,0.0,0.0,0.0,0.0,0.0,0.0,0.0,0.0,0.0,0.0,0.0,0.0,0.0,0.0,0.0,0.0,0.0,0.0,0.0,0.0,0.0,0.0,0.0,0.0,0.0,0.0,0.0,0.0,0.0,0.0,0.0,0.0,0.0,0.0,0.0,0.0,0.0,0.0,0.0,0.0,0.0,0.0,0.0,0.0,0.0,0.0,0.0,0.0,0.0,0.0,0.0,0.0,0.0,0.0,0.0,0.0,0.0,0.0,0.0,0.0,0.0,0.0,0.0,0.0,0.0,0.0,0.0,0.0,0.0,0.0,0.0,0.0,0.0,0.0,0.0,0.0,0.0,0.0,0.0,0.0,0.0,0.0,0.0,0.0,0.0,0.0,0.0,0.0,0.0,0.0,0.0,0.0,0.0,0.0,0.0,0.0,0.0,0.0,0.0,0.0,0.0,0.0,0.0,0.0,0.0,0.0,0.0,0.0,0.0,0.0,0.0,0.0,0.0,0.0,0.0,0.0,0.0,0.0,0.0,0.0,0.0,0.0,0.0,0.0,0.0,0.0,0.0,0.0,0.0,0.0,0.0,0.0,0.0,0.0,0.0,0.0,0.0,0.0,0.0,0.0,0.0,0.0,0.0,0.0,0.0,0.0,0.0,0.0,0.0,0.0,0.0,0.0,0.0,0.0,0.07830775884682747,0.0006968038311287645,0.0045630282960657615,5.256986904063477e-6,5.061795932140851e-7,-0.0004037770569594075,0.01243799672909545,-3.864997620803299e-6,0.00019803952849895202,0.0036618644693461777,0.0007944832011961712,2.88732019222276e-8,-3.3027959205493556e-7,2.7745944370911325e-9,-3.6807404192011814e-9,-0.006431792067364672,-0.0003612009242037005,2.3502018703241805e-5,4.789101585555742e-6,0.0001491248821751736,1.9700422424622093e-8,0.0022679867317744956,-9.241842760043559e-5,0.022963422677922403,-0.0013902074423611391,-0.005110868416241137,-0.00011942749332123383,-0.008482272829049871,8.277217123875809e-11,-4.266553556289012e-6,-3.7488501638365765e-5,-0.0004991552213893235,-1.1266505290513302e-7,-0.0003992198590338854,1.0040889237855543e-5,-1.0958152825378086e-9,-3.290373548989655e-5,0.00012896430226693478,0.005418998013504698,2.0389156378316703e-6,1.2842426195825e-5,-1.9704654828754817e-10,1.6208754612265677e-9,3.523900101278393e-5,-1.6416376259884883e-9,-1.4268504015292874e-10,-0.000351360470086464,-0.00010135816921040513,-3.53885385856203e-5,2.7783824484803682e-11,-0.01376211277756654,1.0327636861003527e-10,-0.0001141787001591036,-4.591175010666838e-8,6.056283791604541e-6,2.0497921268175653e-10,4.4715549435739304e-5,-3.041641560628743e-5,-4.7734870737966045e-5,-3.1991290718289495e-5,-1.9855488079546847e-5,-7.020760656599539e-5,3.551636621467115e-8,-0.029103235322815366,-0.02482416794315233,7.752421057268085e-6,-0.009535468361634509,-0.00024906821032542984,-0.004870446126224333,4.5771129305019154e-11,-0.001779127270075554,2.151404466704584e-6,1.210578337554222e-6,-0.003024975151577017,5.061053673257172e-7,0.013684626522491325,4.0419399621743874e-11,4.2216332753800124e-5,0.0001392721914811816,-0.010226512240522411,3.224448419531797e-10,-0.0030551324639770446,-1.745954740669577e-6,-4.5130811487986736e-11,-9.370590272981198e-5,1.3190407709564056e-10,-1.2310115039033585e-8,-4.445458760414593e-9,0.00176277310959869,-0.000278135386706461,0.0002083092257273767,8.2628609692587e-5,-1.7080775530101259e-6,5.825415485867984e-6,-1.8930220240482966e-5,3.655700861655869e-8,0.0016623492203597908,0.015868801519009396,-0.0004435234827327449,1.2177666115042843e-10,-7.473485679050577e-11,3.7015117522233636e-8,-1.388621449902608e-5,0.006384955506052967,4.47644662605746e-7,-0.0005131044423308471,4.907178571158194e-10,0.00262995648994983,0.002385796071408194,-0.013342662841014137,-5.904385744126502e-8,-3.9192738429893153e-5,-1.432284946187232e-9,1.9937306833371996e-5,3.2796016360343735e-10,0.0012251533579026364,-9.345275657970226e-5,0.0002215515184025336,9.33081477467354e-10,9.402398399354839e-5,-4.578270084973152e-5,7.646985362988103e-5,-0.013425382149610794,5.691924519299987e-11,-1.610675523920732e-8,-5.40707320210134e-8,-2.716091049351468e-5,-0.00040524535586731466,2.7922190795272893e-5,-1.2871692695839573e-5,-0.0006021289884617786,-1.800246936047319e-10,3.9014852713047416e-6,3.7666202215905284e-5,4.2644266073372624e-5,-2.533866550031263e-8,-1.4729281195531862e-7,0.0032801755905758545,0.0018494096356616685,-1.3621323912449323e-5,-0.00010372827471447093,0.0002492567297324013,0.002779625687713961,-3.194799294466261e-8,1.1627828269880276e-8,3.586621842814215e-6,-0.001751519263978615,-2.5690434755418813e-10,-0.0004094440649328506,-0.0031611091688922887,-0.0016178275522844017,3.6149032113877223e-6,0.0007342637968410098,1.37281174440511e-8,1.4171654578804549e-6,-6.410692844438882e-7,-4.566387801552852e-6,-7.485906447145053e-6,5.113770067728152e-6,-0.0010771251313806693,7.2392927889524605e-9,1.3871812928869072e-10,-0.0006234890150430541,-0.00021476329351048583,4.049010809579854e-11,-4.026232454347226e-9,7.241593240117289e-9,-5.080831778083108e-8,5.623373886852614e-6,-0.00039813538896477866,-0.006294508608758669,2.421524325094301e-7,-0.0008638260509969789,-1.5517351343668814e-7,-1.1842838280108007e-9,-4.170917486717828e-9,-7.084316899787131e-8,-8.381504125353312e-5,-5.612823601188937e-10,2.0404120350599177e-9,-0.00044515933755739153,0.0004053830859142163,0.0015779607204392681,-2.5268180230705756e-5,1.8265522745344355e-8,-3.409662456895917e-6,-3.249766779904199e-9,1.5696604096983964e-5,-1.2357143153972737e-9,-0.007401552645040083,-0.014100700644237178,-1.9170577261712858e-9,9.497641010627524e-5,1.0038032743960228e-8,8.638008080335313e-10,-1.2321159715581614e-8,8.63571860760487e-5,1.821774106510038e-8,-0.000622847229401215,0.00020213859853946352,-4.532521994068958e-9,-3.154374448393464e-10,2.86891201788012e-7,-2.5597498506028765e-9,-8.126690207544101e-5,-0.00021433168505179543,-5.681424417638417e-11,0.002286227804756909,0.00014633824491682728,5.316333591431918e-10,0.0002199221763955254,3.682251110843142e-5,-9.100497307699357e-8,-7.397631840746877e-7,8.909254767369216e-6,0.009531108680356403,-6.032483897280331e-6,-1.4168624361007419e-9,3.531974366261819e-5,-0.00025766461527898136,-2.7898416751454035e-9,0.0026197301127618825,1.8022569385601107e-6,-0.000975137244895976,-7.912849107195571e-5,-0.00030747884501335077,-8.862734350871745e-7,-1.5589088807927464e-8,4.1120089155034137e-7,-0.008637960388429814,0.0004328677249503082,4.583023580521031e-8,8.444586526471505e-8,-4.97189667133614e-9,-7.580992866333621e-6,-0.0039775096565378126,-7.764110949799106e-12,9.760783671513949e-10,5.3148953425430286e-6,8.505692202235587e-11,1.966496521622329e-8,-2.9841700341969844e-6,-3.3562330332470146e-5,7.518360101112186e-7,2.7274303867626734e-6,-0.0017033373507247358,2.550613268968448e-5,1.7558277038557327e-10,-1.3477287821618652e-5,3.783244712876701e-5,-3.129809558501001e-5,-0.00486071710115961,-0.00018505477107972628,1.0530390239491354e-10,-1.425927473480406e-11,-7.748703690940171e-6,-4.1393467183144365e-5,2.2021299712861562e-5,-1.5445553234178183e-6,7.900067354454547e-9,-2.1497476633567932e-8,0.011599962453250227,-0.001095813453722464,8.34844860172277e-5,-0.007410114275250358,0.004771217141833492,-2.793248152311526e-8,-3.679418327671436e-5,-1.6528791227996099e-6,-6.875802773573743e-5,0.00012398494754242205,-0.010783114382067758,-5.587963802418342e-8,3.164201135878934e-8,-1.8008379520144292e-6,-3.492777960166744e-5,-3.6304119703843304e-11,-0.007391703822786148,1.4838497421841471e-9,-0.017626153131827017,2.0338822225107967e-9,-2.7664913081430442e-11,-0.01134029243374146,1.335940581005226e-5,0.005848707093870611,0.0032896449923254883,0.0006087578707793466,-0.00034054038556212093,2.0803098158154596e-8,8.361503691683228e-5,-0.0016995628638002992,-1.0351601583216142e-5,0.0004248700336865894,-0.0024397180852581794,1.6016032505330815e-5,0.007771654874223858,-6.536674494903725e-7,0.0020787122609507453,-1.444564349916468e-9,-1.2722775877163565e-5,3.013464393684851e-5,-9.749746842803372e-10,0.00015300365522480171,6.678052892083876e-6,-0.0004966846126753745,-1.0706688923516505e-9,-4.090965873382565e-11,0.0006478188445834792,0.0010757308745280845,2.50420674491927e-7,-3.2547552550233864e-10,1.2308373892543358e-9,2.600185476707705e-7,1.1792066334493997e-5,-0.0001964394712967795,8.200171543435365e-5,-0.0027680581558123126,-2.9696225091164523e-10,4.667622117013419e-5,-5.845083960485595e-9,3.5396103145796093e-6,-0.0006318759300965785,-0.00014737881619892053,-2.2141219084044363e-8,3.3330025087482442e-6,-0.00032525294247567026,0.00016782445094437322,-2.35597405953691e-8,0.0005821136293740951,0.01368758099140249,2.408159584427438e-7,4.4410735502057304e-6,-8.895204563272443e-6,-5.228726494458222e-6,-1.610026067701984e-9,0.011055276804896727,9.511744338911713e-7,-7.355623706879048e-6,-0.0005767390826174171,0.0012275175615928137,0.00041222436158045453,-1.0607145178878732e-6,2.72567878335689e-10,-3.643869736312021e-10,-0.004510884430858618,0.005129124487483737,0.0044441907349479825,6.80960931641099e-5,-1.0410819885276653e-8,9.570271570783191e-5,-6.198235601544841e-10,-2.448080103612165e-6,-4.949408276338881e-8,7.278107661403243e-9,-0.0026293497408686243,-2.5236360645281922e-8,0.0059465260167788515,-0.006139754018083677,-0.0009641221183634797,-1.0025800444944069e-10,0.0004455850431330213,-0.00010658235631835083,-0.003243571043204621,7.92988160282521e-5,-0.0001552593070676658,4.4005438402331046e-6,-8.951578447192834e-6,4.575310011646148e-11,2.6328448730847517e-11,1.5099206186464947e-10,-0.0013356650783587318,-6.747244118426649e-10,2.3951379807766135e-5,-0.004377898981793604,0.02858668414317338,-0.00010571123857188492,-4.598890029166552e-5,0.0012275310862701868,-9.355944354666032e-11,-0.0013233033961732286,0.035181351470433296,0.00010526787414222804,0.0014583600843578414,-0.00013616300075491113,-0.0007332217511497217,7.131325372170391e-11,-0.006810606045913971,1.8553948876468673e-7,-0.0005469470636670255,-8.934158553079299e-6,5.580060502435643e-7,3.477878131148088e-10,0.00021842324411212145,-8.564566860412381e-10,0.0008142680105338691,0.0018383676406946484,2.0343600651715377e-8,-1.286686828498699e-5,-5.183288836211451e-6,0.03024235284674588,2.2399902072640537e-5,8.751347866714656e-5,8.200846698687665e-10,5.962882015175671e-6,0.0008590002422495446,2.927157728319741e-8,0.00111229121834967,1.1470432862247494e-8,0.0007044688565364585,0.0007372978327651049,-1.217145678718087e-5,5.085438998716187e-9,2.0008038089696382e-7,-3.0307400254293787e-6,7.577145543831465e-6,-7.856714161105533e-5,-4.123081347155633e-8,3.1728773029965067e-9,0.00028487136794089766,0.006217617852392039,4.438944493042366e-9,-9.859391855369921e-6,-4.368229271559875e-5,-0.0008281328563999069,0.0036966920844618834,1.2620100543494324e-9,-4.1859716019546184e-10,0.004209865582863183,-0.0039305524274147975,2.34310448301325e-5,6.672672541292144e-9,-1.3877170472461201e-5,0.004208084403863413,3.3119128179256806e-5,7.404518478643739e-8,-1.9738852981321916e-7,1.7878386214788134e-5,0.0005682916759316796,-0.005470996242880131,-0.007911434172843842,-0.0037673501270744166,-0.024243615462640544,1.7146828282546718e-9,1.570536448572251e-9,-5.924082456332753e-5,0.00017050057046040995,5.584155777439422e-11
0.0,0.0,0.0,0.0,0.0,0.0,0.0,0.0,0.0,0.0,0.0,0.0,0.0,0.0,0.0,0.0,0.0,0.0,0.0,0.0,0.0,0.0,0.0,0.0,0.0,0.0,0.0,0.0,0.0,0.0,0.0,0.0,0.0,0.0,0.0,0.0,0.0,0.0,0.0,0.0,0.0,0.0,0.0,0.0,0.0,0.0,0.0,0.0,0.0,0.0,0.0,0.0,0.0,0.0,0.0,0.0,0.0,0.0,0.0,0.0,0.0,0.0,0.0,0.0,0.0,0.0,0.0,0.0,0.0,0.0,0.0,0.0,0.0,0.0,0.0,0.0,0.0,0.0,0.0,0.0,0.0,0.0,0.0,0.0,0.0,0.0,0.0,0.0,0.0,0.0,0.0,0.0,0.0,0.0,0.0,0.0,0.0,0.0,0.0,0.0,0.0,0.0,0.0,0.0,0.0,0.0,0.0,0.0,0.0,0.0,0.0,0.0,0.0,0.0,0.0,0.0,0.0,0.0,0.0,0.0,0.0,0.0,0.0,0.0,0.0,0.0,0.0,0.0,0.0,0.0,0.0,0.0,0.0,0.0,0.0,0.0,0.0,0.0,0.0,0.0,0.0,0.0,0.0,0.0,0.0,0.0,0.0,0.0,0.0,0.0,0.0,0.0,0.0,0.0,0.0,0.0,0.0,0.0,0.0,0.0,0.0,0.0,0.0,0.0,0.0,0.0,0.0,0.0,0.0,0.0,0.0,0.0,0.0,0.0,0.0,0.0,0.0,0.0,0.0,0.0,0.0,0.0,0.0,0.0,0.0,0.0,0.0,0.0,0.0,0.0,0.0,0.0,0.0,0.0,0.0,0.0,0.0,0.0,0.0,0.0,0.0,0.0,0.0,0.0,0.0,0.0,0.0,0.0,0.0,0.0,0.0,0.0,0.0,0.0,0.0,0.0,0.0,0.0,0.0,0.0,0.0,0.0,0.0,0.0,0.0,0.0,0.0,0.0,0.0,0.0,0.0,0.0,0.0,0.0,0.0,0.0,0.0,0.0,0.0,0.0,0.0,0.0,0.0,0.0,0.0,0.0,0.0,0.0,0.0,0.0,0.0,0.0,0.0,0.0,0.0,0.0,0.0,0.0,0.0,0.0,0.0,0.0,0.0,0.0,0.0,0.0,0.0,0.0,0.0,0.0,0.0,0.0,0.0,0.0,0.0,0.0,0.0,0.0,0.0,0.0,0.0,0.0,0.0,0.0,0.0,0.0,0.0,0.0,0.0,0.0,0.0,0.0,0.0,0.0,0.0,0.0,0.0,0.0,0.0,0.0,0.0,0.0,0.0,0.0,0.0,0.0,0.0,0.0,0.0,0.0,0.0,0.0,0.0,0.0,0.0,0.0,0.0,0.0,0.0,0.0,0.0,0.0,0.0,0.0,0.0,0.0,0.0,0.0,0.0,0.0,0.0,0.0,0.0,0.0,0.0,0.0,0.0,0.0,0.0,0.0,0.0,0.0,0.0,0.0,0.0,0.0,0.0,0.0,0.0,0.0,0.0,0.0,0.0,0.07817493776049167,-6.295920428210857e-5,-6.506677071510504e-9,-2.877626138153514e-8,-3.7018027248133055e-5,0.0011544969181974585,-2.9726340459994636e-7,0.003993890188103983,-0.0005790491568164714,-0.0019089181405419914,-8.307369952514762e-10,-3.4131606305931827e-9,-2.193897212159343e-10,9.672791896315764e-11,-1.7541293954678826e-5,5.850867852541322e-6,-0.0023517601182391048,3.097735405304758e-8,-0.0012982923978053494,-4.949874444058078e-10,0.0019619654156989665,2.201671289411137e-6,-0.0005302421523993522,-0.003786568177507303,0.0007909973482192035,0.0015864250665573616,-3.853961325392894e-5,7.281902127717803e-13,0.0006723140645250351,0.002335489201415359,3.0415032553790117e-6,-8.165938874896214e-10,1.8251581490224382e-5,-3.0040018294254257e-7,2.015575368906772e-11,-3.380666144700164e-6,1.6590534564833614e-5,-0.00013872583369904827,-7.332943413385011e-8,-1.230447928717356e-7,2.2677054797356042e-12,-6.68315037189443e-12,1.1606151573378348e-6,2.395803809341754e-11,5.296470856259814e-13,-0.00019126349183805352,-0.005194318254344924,-0.0021527433346027413,-1.7989854079756229e-13,-0.0010062142907474392,-4.058912497191398e-12,0.002401462558820442,-7.1485390938395e-10,1.7740681179109424e-6,-1.2783194986779536e-12,-2.8299923815626333e-8,-0.0010243415386494354,-0.0019488725634345286,0.0007665039694715647,0.0011291371568660084,0.0013909644069594524,-1.1275487903605701e-10,-0.0010486613261681357,-0.0018709504191229255,1.0756196317816505e-7,0.005354168314099014,0.013645067067475107,3.9642965076644593e-5,3.2118509486716453e-12,1.4739402766320843e-5,1.3152694293794955e-8,2.3891940097861016e-7,0.004136933255806101,1.2432654392235355e-8,-0.002130303643608265,2.0028279866571623e-10,0.0008396044285515223,-0.0078064728672957995,-0.003168254269727996,6.1963152850556664e-12,0.0001777347280253039,2.0945816986687963e-8,1.0148859233603772e-12,-0.001178734967866741,1.7950812986168126e-11,-3.759306443603199e-9,8.795017507402033e-11,-2.816331173024801e-5,0.0038706207289459825,-0.005114070757533181,-2.0488197534298736e-6,-0.0006534046985433162,-4.865864591744243e-8,0.0006507976618898601,-1.3372975310821695e-9,0.01984393622943093,0.00021973432758988162,-0.0006421607551416602,-6.580295123291903e-12,-8.069727755286615e-13,-3.0626539506410715e-10,-4.5012650445766244e-8,5.083902001267343e-5,-2.3070714819872774e-9,-0.007333592688348583,-2.8799337749015215e-12,0.00016237560512421417,-0.0002706975579599122,-0.001620132605186951,1.210189003539455e-9,-0.0007362335629038321,1.3647782082811788e-11,-2.573910900875522e-7,-3.0979976341134324e-11,0.026059556382520416,0.0003417724433119397,-0.0017740123063696644,1.3389681076868098e-11,-0.003369427097689212,-9.18973152672462e-5,0.016254544976535747,0.0003963655465221394,2.8225027223727727e-12,4.9075427682019645e-9,6.815956620687293e-10,0.006358149487369479,0.029755753228042043,0.0003322037624575158,1.8607266139585615e-7,-0.017478622218059226,1.4016151858469984e-12,6.088838365610636e-8,-2.2131708304163816e-6,-0.0074573914371376705,3.666719290051399e-10,8.57241492332023e-10,0.0015806680514566511,-0.005109854446442339,-9.323442335818268e-8,1.116232478382303e-6,-1.8329725787926572e-6,-3.143684679445853e-5,2.2961888573505172e-10,-1.4289492391518448e-10,0.001857304295596974,0.0008676661578412788,1.4212906094287429e-12,-5.2926480978383875e-6,-0.0063400980550826465,1.1635690466016693e-5,-2.834066439287208e-9,8.460335129752798e-6,-3.2284800275708957e-10,4.767441912859707e-8,-8.723618876502636e-9,-7.54779930696246e-9,-0.00019377359632746164,-1.1508860157790408e-7,1.1653972210726971e-5,-8.767300300749747e-12,-1.0760850775880877e-12,2.170747384480265e-6,-0.0010242510644793126,-2.8879975761884275e-12,-5.885836299424972e-11,-3.8107433073334475e-12,6.07014935850817e-10,-2.8079091818078402e-8,-0.008784474458121633,-0.001822078117117212,-3.9843367048296584e-8,-1.7110112307467915e-5,-1.7184809185625413e-9,6.529142017090209e-11,2.2537934169363896e-11,4.629272561363218e-9,-1.8267919727193095e-7,6.88525402311181e-12,2.174929668326991e-10,-3.0147106430524656e-5,-0.0009986790102842111,-6.91948156324007e-6,1.5159729556582613e-6,-5.228181482322129e-10,2.933809155726876e-8,-3.6877923454713495e-10,2.959985593350473e-6,1.073158175296061e-11,-0.00011524367339502711,-0.00012205290919934772,-3.590247936013556e-11,2.1745884316511277e-6,8.865041933961486e-10,-3.431340176458727e-11,3.057087583251361e-10,0.0008478383709482206,-1.4960884424138993e-10,2.4649467139720404e-6,9.313378213643342e-6,-7.1301706950423565e-12,2.5973374518264304e-11,1.2678239932429483e-8,1.2120182574983806e-11,1.0709382732462755e-6,-0.007718172952625575,8.016447455064423e-13,-0.002718710251687547,-0.0021101004743817675,-7.307574560418914e-12,-0.0043408540118595376,-2.9437225745047218e-6,1.5137710653315542e-9,4.0288508575366035e-9,-0.00398739370414276,0.0001959817707048939,-1.3752254689807214e-7,4.458884127951029e-11,0.005983817537011759,-0.007945549109991403,3.5680239201992706e-11,-0.004761480487170268,4.658138436822702e-9,-7.172163487558429e-5,2.220076023435882e-6,2.4103088735173266e-6,3.066261086443572e-8,5.427325208904682e-10,9.834796417260548e-9,-0.0003770404466759122,-3.321456546578744e-5,-2.9710987136427095e-9,-1.43509446135503e-9,-1.5853725042229724e-10,-0.0002967174408337106,0.010370622761205265,1.9715301760139654e-12,-1.5394602439866983e-11,5.776216371526709e-8,-1.5312963628874724e-12,-1.8114852998315016e-10,-1.46763850570124e-8,-1.8008640676954423e-7,-1.668842696254712e-8,-2.053253173287285e-8,-0.0006648189829476105,1.54009905398189e-6,-1.8318137617658104e-12,0.0009035770601936146,-3.501875464532315e-7,-1.424900627265029e-6,4.427493617267071e-5,0.00016103778814999367,1.4604767230472948e-11,-2.8090904153257975e-12,0.0006515858838543185,-0.001862526917973822,0.0008991119877116752,1.2951502154488166e-7,-3.0860285606737003e-10,5.724886909926885e-10,-0.00034615820254696206,5.401083120585791e-6,-0.0023163744345098135,4.409396712164106e-5,0.0009775203658830489,6.747669297217589e-10,0.000981854520584194,-1.0589710590670334e-8,-1.3881438199105008e-6,-2.2364041441855007e-6,0.0009765744580360954,-1.3249746245225999e-8,-7.39318102476423e-10,1.3925950385510506e-10,-0.003167556202016709,1.5112457758590982e-12,-0.0023113920102706205,1.1069616014531211e-10,-0.00181941242359219,3.0284689329802303e-12,1.0535322940454137e-12,-0.0010678981351517202,1.679941704280251e-8,4.389716500815941e-5,-0.0003878561932832964,-1.167042899468309e-5,-4.362684830568568e-6,-1.2141170859656237e-10,-0.006773087407999729,0.01571232713850043,3.0530922248856165e-10,-0.00017453035134551933,-0.014353399047659171,3.237687376057685e-7,0.0005824718113086107,-4.397519622730447e-9,-2.434390813045351e-5,-1.2355381820325486e-11,8.594199531780431e-8,-0.002702902442752674,1.688099101371283e-11,0.014548779045313213,0.000260227942205023,1.8115405975099273e-6,1.6894907772614905e-11,7.772432200729288e-12,0.024388511013172104,-0.010378396833209609,-2.506105749659975e-8,1.7160128215942884e-11,-2.1733988335378464e-11,-5.924401260770437e-10,-3.3547261904795085e-8,-0.004990431578785132,-7.469199637252032e-7,-0.001458358609232366,2.81076424425254e-12,4.337573362372705e-6,1.0007622979702501e-8,-1.777157305078306e-7,-0.0023470995779832494,2.4005765892915848e-6,6.355288921080879e-10,6.10298562547208e-8,-1.1147168376640889e-5,-2.932840241685756e-6,1.131330901109318e-10,0.01738742081939296,-0.0005903532626513776,9.033482974196783e-10,6.052497372539285e-8,-2.4677914881738306e-7,7.207366725577909e-8,3.2243662569074545e-11,-2.3921673110758453e-5,2.133417719439152e-8,-0.00019096542422621416,0.007743039003854709,-3.8356795571326384e-5,0.015333157531823852,-1.12008044656852e-9,-1.3579008372181025e-11,-2.9596473514230745e-13,-0.0005402271263778572,3.9344506615616674e-5,0.0002389348854270103,0.0011664048756616346,1.753668526621558e-10,-3.3394874342373343e-6,1.0580441388640162e-11,4.0202122409272924e-8,-2.100678828040454e-9,1.502234528262543e-10,-0.0018785921217640887,5.207049598480872e-10,-0.00013332313628036562,0.0001350839736655393,-0.004048066845273091,-4.5148122112554327e-13,0.014223015900834574,8.675668315309924e-7,0.00016426747955040986,0.0020622903531501728,0.0029200409621808706,-2.2469462037263265e-8,-3.5921907907257125e-7,-1.671170147369539e-12,-6.027663850561008e-13,-8.358280146089843e-13,-9.399043669284462e-5,-8.822508111407524e-12,-2.5859639752491083e-5,-2.976205800721871e-5,0.0005619252457929802,0.0014792952894693925,3.308343717463736e-6,-0.002981944356827505,8.590896622532802e-13,4.977459937310382e-5,0.0010007771726555765,-3.414696185516505e-6,0.02564015011042499,0.00462529089956515,-0.00873813599945612,1.6976050977081132e-12,-0.0004463033907607883,-5.879331946583164e-9,2.795429047567278e-6,-0.0004973577885344488,-4.614556113145876e-9,-2.8760425538206325e-10,2.9558308546009936e-5,2.980147132865056e-11,2.468604786647778e-5,0.004007556951793432,2.377457893227477e-10,3.139037517815082e-9,-4.616585258819209e-8,-0.002025157759688663,-3.6588109481357434e-7,-0.0008076846682186422,-7.785912104969004e-11,1.4622154815485428e-8,-8.911450868028165e-5,8.34749334043442e-11,0.011624312441219956,-9.80508516272339e-11,0.01761701590756804,0.004104948341299625,-0.000572104430781798,-1.8698828778530177e-10,-1.4334838006541995e-8,1.1641525403464123e-7,3.553221920020992e-8,-0.004179094043953532,-1.7044421324523042e-11,4.215798468501983e-11,-7.184981324032234e-6,0.0013114772998070016,-4.448093424255634e-11,-5.5044941032955854e-8,9.16849587940286e-8,-3.7669286914749366e-5,0.000196128566570884,3.6027557982257496e-11,6.8572085540083755e-12,0.0013743001563292173,-2.6496468787298885e-5,2.8882173267674814e-7,-2.6612731727918744e-11,2.589609531471146e-6,0.0013269289044947035,1.6168426587616486e-7,-1.0406522458083342e-9,-8.890688191871092e-10,-0.015213374356288,-2.0014723836099296e-5,-6.099449395656641e-5,-0.0003519124112432276,1.9478528088139684e-5,6.658278755132349e-5,-2.7593830408749658e-11,-1.5882452439634697e-11,-0.0014567786528842262,2.810863126326086e-6,-6.777989101203636e-13
0.0,0.0,0.0,0.0,0.0,0.0,0.0,0.0,0.0,0.0,0.0,0.0,0.0,0.0,0.0,0.0,0.0,0.0,0.0,0.0,0.0,0.0,0.0,0.0,0.0,0.0,0.0,0.0,0.0,0.0,0.0,0.0,0.0,0.0,0.0,0.0,0.0,0.0,0.0,0.0,0.0,0.0,0.0,0.0,0.0,0.0,0.0,0.0,0.0,0.0,0.0,0.0,0.0,0.0,0.0,0.0,0.0,0.0,0.0,0.0,0.0,0.0,0.0,0.0,0.0,0.0,0.0,0.0,0.0,0.0,0.0,0.0,0.0,0.0,0.0,0.0,0.0,0.0,0.0,0.0,0.0,0.0,0.0,0.0,0.0,0.0,0.0,0.0,0.0,0.0,0.0,0.0,0.0,0.0,0.0,0.0,0.0,0.0,0.0,0.0,0.0,0.0,0.0,0.0,0.0,0.0,0.0,0.0,0.0,0.0,0.0,0.0,0.0,0.0,0.0,0.0,0.0,0.0,0.0,0.0,0.0,0.0,0.0,0.0,0.0,0.0,0.0,0.0,0.0,0.0,0.0,0.0,0.0,0.0,0.0,0.0,0.0,0.0,0.0,0.0,0.0,0.0,0.0,0.0,0.0,0.0,0.0,0.0,0.0,0.0,0.0,0.0,0.0,0.0,0.0,0.0,0.0,0.0,0.0,0.0,0.0,0.0,0.0,0.0,0.0,0.0,0.0,0.0,0.0,0.0,0.0,0.0,0.0,0.0,0.0,0.0,0.0,0.0,0.0,0.0,0.0,0.0,0.0,0.0,0.0,0.0,0.0,0.0,0.0,0.0,0.0,0.0,0.0,0.0,0.0,0.0,0.0,0.0,0.0,0.0,0.0,0.0,0.0,0.0,0.0,0.0,0.0,0.0,0.0,0.0,0.0,0.0,0.0,0.0,0.0,0.0,0.0,0.0,0.0,0.0,0.0,0.0,0.0,0.0,0.0,0.0,0.0,0.0,0.0,0.0,0.0,0.0,0.0,0.0,0.0,0.0,0.0,0.0,0.0,0.0,0.0,0.0,0.0,0.0,0.0,0.0,0.0,0.0,0.0,0.0,0.0,0.0,0.0,0.0,0.0,0.0,0.0,0.0,0.0,0.0,0.0,0.0,0.0,0.0,0.0,0.0,0.0,0.0,0.0,0.0,0.0,0.0,0.0,0.0,0.0,0.0,0.0,0.0,0.0,0.0,0.0,0.0,0.0,0.0,0.0,0.0,0.0,0.0,0.0,0.0,0.0,0.0,0.0,0.0,0.0,0.0,0.0,0.0,0.0,0.0,0.0,0.0,0.0,0.0,0.0,0.0,0.0,0.0,0.0,0.0,0.0,0.0,0.0,0.0,0.0,0.0,0.0,0.0,0.0,0.0,0.0,0.0,0.0,0.0,0.0,0.0,0.0,0.0,0.0,0.0,0.0,0.0,0.0,0.0,0.0,0.0,0.0,0.0,0.0,0.0,0.0,0.0,0.0,0.0,0.0,0.0,0.0,0.0,0.0,0.0,0.0,0.0,0.0,0.0,0.07724595806458219,0.0001634223373567569,1.9083492399871562e-5,0.010799810519295202,0.001611377087521746,9.200281305454594e-5,6.660990092426247e-6,-0.0003992999664164604,0.00016282289151177087,-1.0779393199017205e-7,-6.4906777854835505e-6,-1.5347409616445165e-9,3.915978833299444e-8,0.0021292415658064005,-0.001907870236459105,1.047656761093872e-5,6.519985690853632e-6,-8.54995671837275e-6,6.141546617727281e-7,-0.00013547036309902947,-0.0009672478111646852,0.0003670792376308674,3.4706391133672694e-6,-0.004416403431202885,1.558638159159836e-6,-0.0008701188518297635,2.452598866779095e-9,9.91716576894771e-7,-5.965788329905387e-6,-0.006199844884232067,-1.0353117649869196e-6,-0.008148764447745892,-3.5772964849687446e-5,-2.047425899028046e-8,-0.0017925389873370242,0.0002584360981644709,0.018995680286476815,3.9708478961980184e-5,9.75525065854507e-5,-3.875484778941196e-9,3.701312533109112e-8,0.0007245205849778169,7.622894036653947e-9,-2.8491117964353715e-9,0.0026926737779188314,0.00016357202302530433,-1.1480579503570793e-5,-9.79456583736483e-10,-0.0006356451759376523,5.203945444222385e-9,-2.1599100628003785e-6,-1.3016354806499181e-6,-0.0005721846318807826,1.4975494113186923e-9,0.0004842014386812619,3.587156539493419e-7,4.281398465782402e-6,-1.3437425415886574e-6,-3.556974775341814e-6,-1.1728083142022042e-6,4.822875557910605e-7,-0.0026010283530192024,-0.0030234391610466723,8.90396828842401e-6,-0.00039151670625767675,-0.00022487848843116793,-0.00383915300917028,-1.6560643022125726e-9,-0.0002972712700436489,4.2194418098760037e-5,-0.00011095550715548855,2.525432533084783e-5,-5.430373153909179e-7,-0.0006975594506043279,-2.5247607124582307e-8,-1.2770250031962152e-6,1.5211667154376673e-5,-0.00016144830744006897,2.29953678174413e-8,-0.00013074642089473386,-3.1448214427223774e-5,-7.704890962006809e-9,9.45859289945865e-6,-1.2868289167805882e-8,-6.23282890658517e-6,6.1432686607530225e-9,-0.003839624993335902,2.0620871129052142e-5,4.820290974328086e-5,-7.151344945498576e-6,1.0257373342380083e-7,4.8838645356098614e-5,3.3639141135676793e-6,9.450803248142989e-7,-4.544619950907663e-5,0.0009399809075885602,0.0001325989065010971,3.5515778940381044e-9,-2.6281665797420525e-9,6.543884740231834e-7,-0.00012357046331562608,0.0017237177327227785,2.702223547104462e-6,3.4731164991898533e-7,1.1143249212001531e-8,0.0017195444527823534,0.0003493103780115113,0.0002809895930061861,-8.453831690086568e-7,-5.561640708378713e-6,-2.2715046554450694e-8,0.00035508004446682033,-1.06511085940765e-8,-2.721826435763441e-5,1.1820239005719147e-6,7.004379610436271e-6,3.0958419071618836e-8,-5.660591307034133e-6,3.842990830554664e-5,-3.329040309414733e-5,0.00036450981605496005,1.884955744338708e-9,-1.238340982877073e-5,-9.092371861997139e-7,-1.3761056504979053e-5,8.833837207241195e-5,1.4378451194113653e-6,-0.0001451875640637739,3.210672546072673e-5,-4.618929090469416e-9,4.248019319789232e-5,0.0005721562092992476,5.3969905553460984e-5,-2.2938250671702405e-7,-6.759325426332447e-6,-1.192184917651243e-5,-0.0001557578373936053,-0.0003454869556596215,-0.0003107626712489118,0.0020660018927528734,0.021507600423824866,-1.0334310356100994e-6,3.491813975873676e-7,3.1396716651820136e-6,0.0002290812715061633,-1.0943615756261613e-8,5.838074567924373e-5,-6.051722053513208e-5,0.001860790002038059,3.376443645922968e-5,-0.0013906385066892461,3.357963765037066e-7,1.9335839301259664e-6,-5.646659368906181e-6,-5.507920612415482e-5,-2.402881519134037e-6,-3.2444767579423616e-5,-0.0133123713155032,2.0317371548332498e-7,4.8739001658427545e-9,-0.009913234094866758,-8.104260116032096e-6,2.586072371952959e-9,-1.3156755549957292e-7,7.147426772958166e-8,-6.1196162368565e-7,5.341325629295052e-5,-7.983837541943688e-6,2.370102273613515e-5,7.417134665843646e-6,0.009563268609239438,-2.6120950069378737e-6,5.453243305309816e-8,-5.5173414047134273e-8,4.0913379175615055e-7,-0.00047401907196946815,-9.927503102632954e-9,1.0612185915690878e-7,0.0013010970053632179,-1.5421678056019766e-5,-0.0011375780390115808,-0.0005281308560772886,4.2358789403467433e-7,-4.179371505910188e-5,-1.914001813198192e-8,-0.000546854692499958,-4.182515445327801e-8,0.0004975771441429387,-0.0003115070242170081,-3.7709334686292826e-8,-0.0011895062872034473,4.572696230790407e-7,1.626776602945156e-8,-3.744865427206704e-7,-3.878756125668187e-6,1.226103568001662e-6,0.003224965607574907,0.0012488889882266404,-1.0532708503673639e-7,-4.6990695995971716e-9,4.149203952298241e-6,-8.667075782767376e-9,-0.0013641928172341215,-2.101070709221837e-5,-3.9854541761228743e-10,-1.5654710405487776e-5,6.247057487518813e-5,-3.874949792594816e-9,8.472832965783396e-6,0.002095001405228765,-2.81919554885144e-7,-1.9543154474134807e-5,4.805716254409931e-6,0.0033579986882640153,-8.124484500771117e-5,-2.953681965566842e-9,-1.4122642426366463e-5,2.076274612167045e-5,5.354928012932223e-10,-0.00021023656523610714,1.0174906955821793e-5,-0.01866065095066547,-0.000912932758772547,-0.006100031741663275,-2.003743602510939e-5,-6.342904971142024e-8,7.201048849938907e-6,-5.0319939390596456e-5,-0.00788606701629274,1.4160855729172592e-6,4.385812401103252e-7,-5.0080857017126875e-8,4.61881300794212e-6,-0.000498058775253708,-2.5979620812461694e-10,9.735083738168095e-9,-3.7032066115001915e-6,3.936061597601185e-9,-1.1074708844918718e-7,5.8264743428997545e-5,-0.0005854797640899015,1.0204797173770355e-5,5.435054778385914e-5,0.00020718562881707675,0.00035560316498671897,6.498067137080936e-9,-2.2758774710427428e-6,0.0005794513851294969,-0.0005510493670149287,-0.005253113881542863,0.0013600314718163233,-9.020897546522911e-9,1.4248884060865673e-9,-2.0745712528730618e-6,-1.725842655914651e-5,-2.591620976930424e-7,-0.00016012419863560283,-1.5789570813975112e-7,-5.144440766094603e-7,0.0016744121072030816,-0.0003904692891672899,3.3908610385407275e-6,-0.00025302510319985636,8.309919367730554e-5,-9.638612617239376e-7,-2.2820509874830967e-6,-2.6883606976258256e-5,-0.0004622177674872083,-0.0010791413328836259,0.0005339276502452901,-2.2856089651870795e-6,4.618194803941928e-8,-2.3353873627445608e-5,-1.4999831579241473e-6,-9.251281324584447e-10,0.0001745548571793426,8.435815365647704e-8,9.791766067964251e-5,-8.990289715944079e-8,-6.934889819132015e-10,0.00046383422071091823,0.00015970077611211027,-0.00036516836018781867,-0.0031557335944014547,0.012800776303773211,0.0026393384708514197,3.6009369128188736e-7,1.3321065286799306e-5,6.98180649679363e-5,-9.405794318319008e-5,0.009002312353266807,4.8488987888462176e-5,-9.409997137070687e-5,0.00020626060007719065,-1.0899757804318413e-5,0.02329044415797038,-6.928050365560508e-9,-0.0002086339391003076,5.578328128066017e-7,-1.9746812732670117e-8,-6.988385224389286e-5,1.2077192929515422e-6,-0.00710768588681156,-2.82058122173848e-8,-2.9894048637284294e-8,-5.481994549608429e-5,0.00010770062176575684,8.446187884983059e-6,1.9067635879977885e-8,3.0630479706914025e-8,4.756493653200716e-6,0.0001213351933874993,4.023124304359946e-5,0.0015306558663527006,0.0001024991649022705,-7.333322606733107e-10,0.0005920206772166288,-5.210050965549208e-6,4.4400246005660424e-5,1.2755893258190755e-5,0.0009617226171468375,-1.178778507287072e-7,-1.4340084941110648e-5,-0.006730301196511976,0.0033386134739530633,-2.419771407985135e-7,-2.1904833043602696e-5,0.000484508283677192,4.3507497440848555e-6,6.26495360541953e-5,-6.357884230555475e-5,-7.049287007388558e-5,-5.20146327708831e-8,0.0009492417623868782,7.49447468444479e-5,2.686313346340038e-7,-1.3237920849779865e-5,0.03327851797004059,-1.0643784746281837e-5,-3.019890477484379e-6,-5.612927799268336e-9,-1.1802784558477501e-8,-0.0009569932084745338,0.001311239064418685,5.2380620931961484e-5,-3.8111803469243862e-6,-2.252120452707409e-7,0.001998829578630407,-9.544353319240186e-9,-4.147511304468023e-5,-2.9791710250999677e-6,1.3500408830068135e-7,-0.00015887449118297698,7.914683312751252e-8,-0.00033000436920066885,-0.019618889422581567,0.0002334091175147681,-3.0917983128853674e-9,1.491446813953925e-5,0.00015543511762227956,0.0014428927541777236,-1.5611527117199333e-5,2.7678376556206315e-6,0.00015798495442954038,0.00020086992565419178,5.470846033912223e-9,4.5549381987825174e-10,-6.347383774269227e-10,0.0006669802786200587,-1.0178281620740888e-8,0.00652022362122261,0.0004340321896732386,-0.0009369842707125215,1.4332967753864475e-6,-0.0018211946346201673,7.895719114898099e-5,-1.8027913968783705e-9,0.0015917751350902302,0.0006862131740871623,0.0011444782675997646,-2.9030207531612217e-5,2.6002998506509913e-5,-2.331487627258458e-5,2.9864398892185803e-9,-0.002215816456862954,1.671073357361288e-6,-0.006536796563091805,-4.897939138240712e-6,4.069075204345345e-5,-3.98746139817281e-7,0.0009320728585327904,-2.3042126243310935e-8,-0.0011346737108318926,7.011941546479821e-5,-3.3242848485032655e-7,8.218427046878334e-5,-4.177477407708696e-5,0.0007464416971984018,0.0003316283506696248,2.069685931538694e-6,7.397558296068409e-9,0.00013457191324659512,0.0024380945822974377,4.940878080035671e-7,-3.370606727528809e-5,2.387110980319298e-7,5.047011969350497e-6,-0.000233557534477429,-2.1222170441005243e-7,-7.503268066192927e-8,1.0204769731405585e-5,-0.00016778548411340862,0.00015976334040825431,-2.8562113733319636e-6,-8.103992365201389e-7,7.574644465335278e-8,0.009213036260896276,-0.00023813666318602412,7.00872202074332e-8,-8.393615275010954e-5,-0.00046974398291313603,0.0032822622151296873,0.0013105503220534774,1.9613981647282336e-8,-9.975206279506595e-9,-0.00016786271285446433,-0.00022134577003181407,0.0005801891456384882,3.5034606220271385e-7,2.1866239332441032e-5,-5.588826336321093e-5,9.842356552100018e-5,-3.0146241744509134e-7,-3.772943793627564e-6,8.771027690404124e-6,7.3267323093756946e-6,-0.0005113645643775639,-4.188397058362525e-5,-0.000666567717426835,0.00017343751509657778,1.9034680904971885e-8,2.9042866173335566e-8,1.7293118401165112e-6,-0.0008581788130145997,-1.6063406516843745e-10
0.0,0.0,0.0,0.0,0.0,0.0,0.0,0.0,0.0,0.0,0.0,0.0,0.0,0.0,0.0,0.0,0.0,0.0,0.0,0.0,0.0,0.0,0.0,0.0,0.0,0.0,0.0,0.0,0.0,0.0,0.0,0.0,0.0,0.0,0.0,0.0,0.0,0.0,0.0,0.0,0.0,0.0,0.0,0.0,0.0,0.0,0.0,0.0,0.0,0.0,0.0,0.0,0.0,0.0,0.0,0.0,0.0,0.0,0.0,0.0,0.0,0.0,0.0,0.0,0.0,0.0,0.0,0.0,0.0,0.0,0.0,0.0,0.0,0.0,0.0,0.0,0.0,0.0,0.0,0.0,0.0,0.0,0.0,0.0,0.0,0.0,0.0,0.0,0.0,0.0,0.0,0.0,0.0,0.0,0.0,0.0,0.0,0.0,0.0,0.0,0.0,0.0,0.0,0.0,0.0,0.0,0.0,0.0,0.0,0.0,0.0,0.0,0.0,0.0,0.0,0.0,0.0,0.0,0.0,0.0,0.0,0.0,0.0,0.0,0.0,0.0,0.0,0.0,0.0,0.0,0.0,0.0,0.0,0.0,0.0,0.0,0.0,0.0,0.0,0.0,0.0,0.0,0.0,0.0,0.0,0.0,0.0,0.0,0.0,0.0,0.0,0.0,0.0,0.0,0.0,0.0,0.0,0.0,0.0,0.0,0.0,0.0,0.0,0.0,0.0,0.0,0.0,0.0,0.0,0.0,0.0,0.0,0.0,0.0,0.0,0.0,0.0,0.0,0.0,0.0,0.0,0.0,0.0,0.0,0.0,0.0,0.0,0.0,0.0,0.0,0.0,0.0,0.0,0.0,0.0,0.0,0.0,0.0,0.0,0.0,0.0,0.0,0.0,0.0,0.0,0.0,0.0,0.0,0.0,0.0,0.0,0.0,0.0,0.0,0.0,0.0,0.0,0.0,0.0,0.0,0.0,0.0,0.0,0.0,0.0,0.0,0.0,0.0,0.0,0.0,0.0,0.0,0.0,0.0,0.0,0.0,0.0,0.0,0.0,0.0,0.0,0.0,0.0,0.0,0.0,0.0,0.0,0.0,0.0,0.0,0.0,0.0,0.0,0.0,0.0,0.0,0.0,0.0,0.0,0.0,0.0,0.0,0.0,0.0,0.0,0.0,0.0,0.0,0.0,0.0,0.0,0.0,0.0,0.0,0.0,0.0,0.0,0.0,0.0,0.0,0.0,0.0,0.0,0.0,0.0,0.0,0.0,0.0,0.0,0.0,0.0,0.0,0.0,0.0,0.0,0.0,0.0,0.0,0.0,0.0,0.0,0.0,0.0,0.0,0.0,0.0,0.0,0.0,0.0,0.0,0.0,0.0,0.0,0.0,0.0,0.0,0.0,0.0,0.0,0.0,0.0,0.0,0.0,0.0,0.0,0.0,0.0,0.0,0.0,0.0,0.0,0.0,0.0,0.0,0.0,0.0,0.0,0.0,0.0,0.0,0.0,0.0,0.0,0.0,0.0,0.0,0.0,0.0,0.0,0.0,0.0,0.0,0.0,0.0,0.0,0.07686069700745903,-0.0023096513446389183,-0.000131056561498398,9.561433382262772e-6,0.001437108557166243,-6.244458357037974e-8,1.885825873976194e-6,5.868535766141219e-7,0.00011736489918068025,0.0007658590040479131,3.1612268268385454e-5,-1.975744985070555e-5,-2.448643154465595e-5,0.0010644417525646544,-2.5300581206226478e-8,-0.0008816584102582794,2.2973657845668147e-8,4.533706984183341e-5,-6.425112757672387e-9,-0.0029640135543170403,-6.397523714534196e-6,6.261972626529253e-7,1.5005111988911703e-5,6.777022412612169e-9,8.411285729968954e-5,-1.8416105484438535e-7,-8.889824554638853e-10,1.238881439904269e-9,0.0006327234932568999,0.0002371656425345678,-1.5735457444547307e-5,0.00196754354822773,-7.033536979988346e-7,0.002344764262406422,-0.00010593810672017796,-7.79576530953157e-5,-0.0036985942404815257,0.013508645776128668,-2.2612834294742824e-7,3.6955247254874868e-6,0.0010365574748397428,6.1165514091713576e-6,-3.8032184548820367e-7,-1.2789923150466652e-5,1.278963542913552e-7,-3.276891502980559e-8,-8.812419365989034e-9,2.890259398365988e-7,7.086197439570358e-7,-2.236671571413787e-8,-0.00017409649696367686,-0.0002692809943576871,3.496542981811363e-8,-0.0033203302686315803,-3.3760342497649782e-9,4.135812950869166e-9,-4.6414986436899405e-9,-4.6771698420302065e-9,-1.931291183017649e-8,-1.3264898929695064e-5,3.3683280721069805e-6,-1.0144567981210826e-7,-0.021429053430561933,3.2132276982248846e-6,-1.4063590028548986e-6,4.234344868867119e-7,1.0136380360914524e-8,-6.853244723451858e-5,0.006677882836296731,-0.011799323299381673,-4.608914956967814e-7,0.0025182499755089685,-4.43607344820758e-6,-6.310345159271852e-6,1.0073764400623707e-8,-1.7886654991723028e-8,2.54725516058363e-6,3.6862594682516515e-6,-1.0318288767794663e-6,-0.004536570566135198,-8.247790952977173e-7,-7.450118180133301e-9,-3.478017848200496e-6,-0.0014765570238104322,-1.2909002548488855e-5,2.7255108113411692e-5,5.5609907041016326e-8,-1.0136392256612195e-7,0.00016126816114547983,5.2454191878048155e-9,0.012849553624496201,1.731619671471393e-9,0.0001749497614664684,1.9862796560275127e-7,-4.2944436422012074e-7,-1.281426057181808e-6,9.121727107215643e-9,-4.0251595579002093e-7,7.475819819888198e-5,-0.0014647871466442989,2.009422208351507e-5,-0.00014318497900186523,1.0157267486168308e-8,9.019431961504718e-7,-2.3604142732460562e-5,4.6934873724974933e-7,-4.008717276653413e-6,-0.00011449128590036134,-2.0193437663344366e-9,-2.9648782016661256e-6,0.001804533928570308,1.3049176790836293e-6,6.5769381704767776e-9,-3.5387274358072303e-9,1.4910956925950226e-8,7.771543586888856e-7,-5.707550667625097e-9,-1.3534884164646408e-7,-3.2916623043788584e-8,-3.263014520118564e-8,4.3524022505738277e-7,-0.0036594589653998486,-0.00018146356090382564,1.7730522438954577e-8,-1.1066776881982919e-7,-1.0171098490900523e-9,-0.01615079448868115,1.0354364658260006e-7,-3.388428677728044e-7,-0.0019034439225163176,-0.00701998156938311,1.631338777632746e-7,-6.662241408438755e-5,-0.0004935325886631954,7.611369370523761e-7,8.304799417080922e-7,-0.009500692747611028,0.005253208487048742,0.0021789274963856663,8.487984790491547e-5,-8.345776306527499e-5,3.378096639551552e-5,1.3896970859612608e-8,-6.067180134724454e-7,-4.2807003189478596e-6,-0.0003927143016814334,-4.119763047981732e-7,0.0005881607268654582,0.009175657172258605,0.00010173903866907167,-1.3940408585227088e-5,0.004878779181942468,0.0017623901946705247,0.0004735999456679827,-1.72910589874206e-8,0.029060427375527036,-0.0001487041883830029,1.2276457643721214e-5,4.736556077553276e-8,0.0009772164503610355,-4.652278308754122e-8,3.2343671479974504e-7,-8.900380166404073e-6,-1.188498964218369e-5,-0.0003853205493486268,0.008002166339116693,5.249133254030225e-9,-2.7363218238089004e-6,-0.0015750918983953887,0.0002047632796366353,-0.0006213298673043173,-2.1697612796559975e-5,1.0797733407767138e-5,-0.0009433894564589717,0.0002821955646570777,-7.565780170807461e-7,-1.3147772683091897e-5,5.7813960667953665e-5,5.2083354796447787e-8,-9.2860259776929e-6,-0.0011998751542112744,2.8348992360191027e-5,-0.005065526584304409,6.445622718855954e-5,-0.0009035673991783888,-4.3425977296758225e-6,1.5184595534292522e-5,2.178351691480941e-7,2.1973193675013613e-5,0.0012515277630034374,1.1089047128208954e-5,3.6583203881842166e-6,-6.258022226843815e-5,-4.743935889389307e-9,0.00029002904576728164,0.0002959605766771207,0.000562253006482953,-2.5764529288081645e-6,1.0299382522742614e-6,0.000946120576303341,-8.862853347823212e-6,0.0017788780226995846,1.8797806111799874e-8,-1.01454451927552e-7,2.2932188387654248e-7,-1.585301854114413e-7,-2.4170477635209096e-6,5.993944949758581e-9,0.0008408772751543899,-0.0004614081649284896,-0.0025525879450612136,-9.073663526273949e-9,-1.3183916611775484e-5,0.0015591552910115042,-9.161183751871453e-6,1.7586633597171075e-8,4.543609794036795e-7,-5.523881359925985e-6,-2.8856718819345064e-7,0.0008569087797357945,5.7535172501568447e-5,-0.0007543344414425423,0.0030045384488538683,0.00045490854410514,1.0371862666836253e-5,0.001629656071225225,2.669654546095098e-7,8.305139759641197e-5,-8.730237583642654e-5,-0.00024253818962435535,3.4793492616952266e-5,4.72323847472024e-9,-1.0271267585845819e-6,2.748804566600321e-8,-9.376560740395427e-9,-0.002658917720011386,1.3917595329058708e-7,-1.0343563830565952e-5,-0.03834431242617616,-0.017301340446505373,-0.002039192953980884,-0.00039915043438132824,4.0193496055368727e-7,0.0015386146433346113,1.0295084930822383e-6,-2.7271584578898086e-9,0.0004645909067145366,-0.0016773355645401467,2.411727982530126e-5,-3.5796689048426275e-5,-9.058687966935255e-7,1.8684124904159586e-7,1.725178907654308e-9,-2.072637324501136e-8,4.1022480567996486e-9,-0.0008687205918100123,-7.851430420868851e-6,-6.777610544240258e-5,-2.157252120702997e-6,-2.9581861611973216e-5,7.693528794758985e-9,1.786707446249607e-5,9.02000139964962e-7,-0.0002203782083868328,4.193184008148324e-9,-0.0065479467550944165,0.0009109378356236018,0.0016685529651254698,-1.9056368698184547e-6,-6.353933285775391e-5,0.00010959528582402573,-0.005103109005360176,-7.14039395297538e-9,4.634713613501835e-10,5.831636165324666e-6,3.615862605509059e-5,-1.7221144607065637e-6,1.2798955789402044e-5,-1.257452961482577e-7,-7.961175819466848e-7,0.007516409631461845,-1.0187749118642268e-5,-1.1734942303444884e-6,0.000676125103879675,0.0003844162091970965,1.4656434961867371e-5,3.901350551398074e-8,-1.8656730257446155e-7,-0.0246121820858707,-2.1096097735632934e-5,-5.950833401010496e-7,0.00022677984161134477,-6.1280354854741516e-6,-0.000552174186889088,2.7168522512503572e-5,4.666696904101932e-6,0.0026922195848678053,1.9918915058225213e-9,-2.3432070875654934e-7,1.1993230084116067e-7,2.447002839137875e-10,0.00028525225684346354,-1.9120036848455768e-6,-1.6347787950450738e-5,-6.780241492378891e-8,-3.4579811229031786e-7,-7.2032671919509125e-6,6.451759773793228e-6,3.818531748408732e-6,0.0006400363660064385,-0.002062887800960716,5.875663730476819e-8,-0.0004983664389831682,7.547530985538429e-7,-6.657618529832357e-7,0.0008867297677324598,0.0003282396485386119,0.0016480822269705384,2.631355783702504e-7,0.00025663047050946964,4.25654227176339e-5,-0.0007881188613828768,-3.97887888386406e-6,0.0001933967282541507,-5.911363102659575e-5,6.313142218327084e-8,5.246471864351059e-9,-0.0006265003040729234,-0.02585186218902909,-0.015439610346612523,-0.0017417900881262782,-7.320649766476731e-6,-5.6072295257785975e-6,-0.0027935585981134522,-1.1562818857748582e-9,7.842583996246243e-8,1.6275118081726264e-5,-4.3308910921705835e-8,-0.004416467358086891,-1.1352277124030095e-6,-4.394885335947143e-7,-4.3418038887342634e-6,-9.025755074610179e-5,-6.032201130290604e-6,9.150681958958329e-11,-5.67565170389742e-6,0.0016185663909772698,-8.235741243204658e-8,-0.006466644943745041,-5.712795668483163e-5,-2.8536188848084454e-5,3.5924664159682316e-7,-0.0002683065019139002,-2.1861615470336354e-5,2.7053100911379977e-5,-1.5239366187119964e-7,-5.0767560070827e-7,-3.257534357783318e-8,-0.005611143392686461,-5.414753167402148e-6,2.517741980600753e-8,9.97018678187299e-8,0.02287512556496269,0.0032215388373482644,1.9517055541021694e-7,3.5911334072955236e-8,-4.281626966082264e-8,-1.4988867265355435e-5,1.430670760983285e-6,4.318868720764766e-6,-2.4529332550113823e-6,3.4654206777154237e-7,2.4342987558794558e-8,0.00015102178100291137,-1.7343289078300187e-8,-1.8964935560672202e-7,-5.730590982631454e-5,-5.878856961018201e-6,0.0006935498798345259,1.4497809593764924e-7,-6.581554393722284e-8,1.369698987873413e-8,-5.849584066377149e-8,-7.996282006959383e-7,0.00019919356031671698,0.0001871960061193107,-2.2251386622785986e-8,0.002067379416797951,1.6916120129668902e-6,-0.0002049238044536953,-3.652151716305444e-6,-8.138163897906075e-6,4.639396300762554e-7,2.0676093188527417e-5,0.0032809894119512073,-0.015127283800611437,-2.7511042320878275e-6,0.0005390813450458626,4.798150631521772e-9,2.200190383936583e-6,0.03278775157515645,-4.841700635253134e-6,0.00014176107146136855,-6.94734481041111e-8,4.4882006608611995e-5,7.699631132536076e-8,-3.232293586682971e-8,-6.7620475159676835e-9,-1.2131787995037122e-5,0.0007624906025740088,-0.00014307920825657705,0.053223483227986576,-9.457665742538427e-9,-0.00017212592928852235,-5.26109528884505e-7,0.0006330335942812606,-3.979407266678522e-6,-1.7659402684804418e-6,0.0044422106326948005,3.00987777884016e-5,-2.2099985627632763e-6,-2.8463818646001006e-5,-3.195934042809019e-6,-4.577549342999881e-7,1.201720465118982e-6,2.0378604792454684e-5,-4.330423246706311e-5,-1.1043599179944348e-5,0.0021167894644042212,-2.321637005837275e-8,-0.00034472460458354883,0.0006117691714897198,-0.0003165154139820034,-2.6143289046948135e-8,-4.745817979809466e-7,3.7027745206538136e-5,1.3016468185900963e-5,3.506359985723432e-5,3.173254165256254e-7,1.01247733430718e-6,-5.952648091056181e-7,-1.0046097170593677e-8,-0.00028759471110699145,-3.794511029266557e-8
0.0,0.0,0.0,0.0,0.0,0.0,0.0,0.0,0.0,0.0,0.0,0.0,0.0,0.0,0.0,0.0,0.0,0.0,0.0,0.0,0.0,0.0,0.0,0.0,0.0,0.0,0.0,0.0,0.0,0.0,0.0,0.0,0.0,0.0,0.0,0.0,0.0,0.0,0.0,0.0,0.0,0.0,0.0,0.0,0.0,0.0,0.0,0.0,0.0,0.0,0.0,0.0,0.0,0.0,0.0,0.0,0.0,0.0,0.0,0.0,0.0,0.0,0.0,0.0,0.0,0.0,0.0,0.0,0.0,0.0,0.0,0.0,0.0,0.0,0.0,0.0,0.0,0.0,0.0,0.0,0.0,0.0,0.0,0.0,0.0,0.0,0.0,0.0,0.0,0.0,0.0,0.0,0.0,0.0,0.0,0.0,0.0,0.0,0.0,0.0,0.0,0.0,0.0,0.0,0.0,0.0,0.0,0.0,0.0,0.0,0.0,0.0,0.0,0.0,0.0,0.0,0.0,0.0,0.0,0.0,0.0,0.0,0.0,0.0,0.0,0.0,0.0,0.0,0.0,0.0,0.0,0.0,0.0,0.0,0.0,0.0,0.0,0.0,0.0,0.0,0.0,0.0,0.0,0.0,0.0,0.0,0.0,0.0,0.0,0.0,0.0,0.0,0.0,0.0,0.0,0.0,0.0,0.0,0.0,0.0,0.0,0.0,0.0,0.0,0.0,0.0,0.0,0.0,0.0,0.0,0.0,0.0,0.0,0.0,0.0,0.0,0.0,0.0,0.0,0.0,0.0,0.0,0.0,0.0,0.0,0.0,0.0,0.0,0.0,0.0,0.0,0.0,0.0,0.0,0.0,0.0,0.0,0.0,0.0,0.0,0.0,0.0,0.0,0.0,0.0,0.0,0.0,0.0,0.0,0.0,0.0,0.0,0.0,0.0,0.0,0.0,0.0,0.0,0.0,0.0,0.0,0.0,0.0,0.0,0.0,0.0,0.0,0.0,0.0,0.0,0.0,0.0,0.0,0.0,0.0,0.0,0.0,0.0,0.0,0.0,0.0,0.0,0.0,0.0,0.0,0.0,0.0,0.0,0.0,0.0,0.0,0.0,0.0,0.0,0.0,0.0,0.0,0.0,0.0,0.0,0.0,0.0,0.0,0.0,0.0,0.0,0.0,0.0,0.0,0.0,0.0,0.0,0.0,0.0,0.0,0.0,0.0,0.0,0.0,0.0,0.0,0.0,0.0,0.0,0.0,0.0,0.0,0.0,0.0,0.0,0.0,0.0,0.0,0.0,0.0,0.0,0.0,0.0,0.0,0.0,0.0,0.0,0.0,0.0,0.0,0.0,0.0,0.0,0.0,0.0,0.0,0.0,0.0,0.0,0.0,0.0,0.0,0.0,0.0,0.0,0.0,0.0,0.0,0.0,0.0,0.0,0.0,0.0,0.0,0.0,0.0,0.0,0.0,0.0,0.0,0.0,0.0,0.0,0.0,0.0,0.0,0.0,0.0,0.0,0.0,0.0,0.0,0.0,0.0,0.0,0.0,0.0,0.0,0.0,0.0,0.0,0.07644109504328973,-2.972164609368302e-5,4.041495658830559e-7,-0.00043318477314979384,-3.014759868868913e-9,-4.871916396154818e-8,-2.548640360962213e-8,-0.004320734036382314,-0.010539886846652273,0.00018871839431173012,0.0001595367847214586,7.617478024953305e-6,-2.3974609875865587e-5,1.0949801421470694e-9,-0.0022238697539817007,-1.5775452503349216e-9,0.0006953557135535773,-1.3199138772922574e-8,-0.00040614898320071605,8.226578439540454e-8,3.511824813156058e-8,5.781200192406981e-7,-2.5146746655400757e-9,4.649365964637112e-6,6.060964863646227e-6,1.0439672827541375e-9,-2.1823493916195626e-9,-0.00018439584999062109,-0.003377770724371469,-3.108566557533765e-5,0.0012391550517232865,-3.4986765580528545e-5,0.00012391975997014224,4.5202410797873324e-5,9.97810725407387e-6,0.01265230654381997,-0.0005212086574045361,-4.051820663519143e-6,3.162906490832733e-5,-9.005171739592368e-5,-0.00010334391521937841,-3.4359844378238073e-6,7.072728102174773e-7,3.257449563420027e-8,-5.686948471274589e-9,1.1999044588713545e-6,1.1553130768357886e-6,-3.82707702221892e-6,-3.7173730156517123e-9,0.0007700778961957892,-0.0003810526425410137,1.6579712963125053e-5,-0.00010027107336170586,-1.0891830631597564e-10,1.976931830362446e-9,-8.159795321967511e-10,-1.8234066803861665e-9,-2.7460474285477483e-9,0.0008812448706857375,1.886761728345713e-6,-1.7992082672772522e-6,-0.0015639030931581738,1.5360977490733442e-7,-7.019284619898888e-8,3.6045885728001008e-6,-2.0073847781114734e-6,6.280717368872985e-6,-0.007286096941929967,-0.0014148435671811025,-9.378105464176366e-9,-0.0076957842106346675,-1.0659078921728263e-6,0.00010340540036479006,8.963082641635556e-10,9.51888390966434e-9,1.0023630284910664e-7,-9.558997065766736e-6,-1.188865079507695e-7,-0.00726759862477624,2.0487604644121217e-6,1.9092974360154406e-9,2.332792125524091e-5,0.01813651976043615,2.5851962584299145e-5,-2.0389852088454642e-6,-5.836278813726194e-9,2.267287940094932e-8,-8.23579801479235e-5,1.1847594197937006e-9,-0.0038772097657561806,5.96650750892904e-10,-0.0001950303535866183,1.2330955146147727e-8,4.839249449675046e-7,9.995522335430483e-8,2.0389544190643667e-6,4.6351726163587057e-7,0.0018004390982063851,0.0007458241547259695,-2.994328626255568e-6,0.00290156315086741,-2.276825519164596e-9,7.749021763478626e-6,2.2184850992108204e-6,2.039116388824945e-7,-9.725620591646909e-7,-0.00036576061971094675,-2.350816215708884e-9,-2.8540913006442623e-5,-0.00048507609180745663,0.0001098352755143738,-6.1855623922789334e-9,-1.259251230051996e-9,3.3010432959347256e-10,-3.597950708426256e-5,1.8058787142970151e-9,5.967308160479642e-9,-2.391778813144117e-8,-2.4121988242722815e-7,-2.165093672423777e-6,-0.004438655614332978,-0.0007309542245241531,-8.276952784213218e-9,-5.510108944762543e-9,7.159304308838866e-10,0.0014705683887172338,-5.3574731094141854e-9,-5.008416999912959e-6,0.0006250429837456676,-5.1003976911932154e-5,2.1022237958821898e-8,-0.0010724752819833393,-0.015866755858312175,-2.658654010781305e-9,1.649595060103366e-8,0.0006217445233453867,0.000417551039419073,-0.0001907341593947802,4.715161549774911e-6,-0.001924772255375361,0.00033785569670687575,2.4078610856538062e-9,-1.3658611837062798e-7,4.709808405423329e-5,2.6401669320323245e-6,5.707148323622521e-8,3.1417579281659724e-5,-0.0064270904912167364,-1.1715045214447433e-5,0.0013159721519756223,-0.022147163500242272,-0.01038318837014719,-2.7838522106472734e-5,-1.7914246384176686e-9,0.0001169644463348547,-2.2495743185639037e-5,4.2550676893475296e-5,7.801492542734568e-6,-4.248119921754052e-5,-7.02952853425422e-9,-2.1579072678227645e-6,0.0004217385694405408,0.0003013523675340319,0.0013220777412150137,-0.0004699061322360503,-6.750469462670642e-9,-2.438764342749655e-7,0.029620487911873227,1.7884418835062895e-5,0.0047003398887291575,0.00038657842929712096,-0.0002911283927919093,0.005292023433083643,7.05381233064538e-5,-1.9078707528706758e-5,0.00016143900413531252,1.3061331416488361e-5,3.917215945392973e-9,-1.1487245237197505e-5,-0.0006932535381606311,0.0007675424088339573,3.290526378617097e-5,-0.000741302965551209,3.925649695120442e-5,-2.1511582753671373e-6,5.611928378277304e-7,6.735888884346484e-7,-6.529263142531187e-5,-8.473422893983996e-6,-0.0005219276488514492,1.5176123196422107e-5,-0.0006818933726999511,-7.056622777519816e-10,-0.001256495785535695,2.3198245124402574e-5,-2.0971212239908238e-5,-1.969397201097139e-5,-1.830061544638081e-5,-0.027853896671768925,-7.5200066715364465e-6,3.30734801039669e-5,-2.582550650206075e-9,4.783277140163e-7,7.018322344319439e-8,3.4334552073044686e-8,4.841220778117228e-5,5.861230614432792e-9,-7.053400368125217e-5,-4.909949420236989e-5,-0.015284125460336724,3.0577618312482686e-9,-4.860868619463429e-7,-0.000676900688863549,2.249038374749764e-5,-5.51167015660805e-9,2.131193425555332e-8,-1.6935319474841086e-5,-2.4976720438715956e-8,-8.293330585025388e-6,3.432459414334436e-6,0.00016882394919450952,-5.221866967481269e-5,-0.015653509792889347,-0.0018228456032247755,-0.0036386194529750633,-6.203050232763276e-7,5.3960783830914354e-6,0.005513863979568274,0.0032711512376161008,-0.0003003769636584875,1.2065367315373765e-9,-1.1433060125768624e-7,7.13769724392397e-7,6.61569521049012e-5,0.002805084386716166,2.529825348058844e-6,0.0019392419011463311,0.0009949964741436113,-0.0001484754547838112,0.011832917999720164,0.006490570287012663,-4.665831208270701e-8,-0.00021205569835740668,-2.6630105196070155e-6,-1.281282870793632e-9,0.0005656446921626456,3.962694381269261e-5,-5.44251310832456e-7,-6.486347802559109e-6,-8.18937344655461e-6,2.484054436001473e-6,-5.256442282976765e-10,-5.874511891557421e-9,-8.81982698268103e-11,0.00034050078249323734,0.00022027981211440227,-3.992082338337228e-5,-5.972037077788926e-8,-1.341514980045212e-6,2.9599583544268954e-9,2.7769266542788614e-6,2.4323661248161943e-7,0.0001732945697745691,-1.0880601353858489e-9,0.0042974605858395595,-3.259516409939238e-5,5.9647736421887e-5,9.369121319602078e-8,0.009590895553205062,-0.0026172066959826244,-0.0027208288225688522,-1.3575079699228475e-9,-2.0644665682151533e-6,1.7814344211972678e-7,-0.000251701851767632,5.46864693332641e-7,-0.0005293639897059492,2.2827091195542517e-6,1.4247944021679638e-7,-0.0005079118223155152,-2.244777134376366e-6,-1.5066466425255824e-6,-2.8908028050951842e-5,7.22869216341315e-6,0.0004081307243443451,1.528577395127875e-8,-3.612757646308285e-8,0.0047796376463081535,-9.255660150239101e-8,-2.054296569357314e-8,0.00010042531268499178,-3.407030480541011e-8,-0.0041074991851011225,3.295459715154183e-5,-2.2961705155600238e-5,-1.761040034307645e-5,1.463318188336158e-9,-2.9829480620581743e-5,1.799105711774729e-8,1.9169606186056897e-10,-5.274295511982291e-5,-3.0831543939102856e-5,4.6104574144431926e-5,-1.0611800771640436e-8,-9.95719515966866e-9,0.03363845965507284,-4.7289709475751925e-5,-2.3906777124649806e-5,0.0008128557457362712,-0.0003773437019112035,7.192972118927746e-9,3.6985496219417105e-5,2.9522658153719588e-8,1.2810305535036183e-6,-1.7455489514435052e-6,-0.013201211873657755,0.007350926046737193,2.3633843527143402e-8,2.525793260119399e-5,-0.001724200196135221,-0.0018565618640882643,5.488318339853383e-6,2.1754665078559078e-5,0.00014046623289397397,-2.02823311911851e-9,4.140058982060553e-7,0.012033053105611825,-5.390833647217582e-5,-0.0001656006753544056,-3.3594792651684243e-6,-6.964519334115883e-6,-1.7554118794551059e-6,4.024048250867248e-5,-1.815281310037334e-10,7.558557541111913e-9,-1.9380507607295004e-5,-7.094805318638119e-9,0.0037188169914677636,8.17185830130177e-5,-4.6077376733275634e-6,-5.232620822814496e-7,-1.407153700981831e-5,-1.1001258536392874e-7,-4.608374882544142e-10,-0.00026469057836668185,2.0603595335216487e-5,-1.419821239806472e-5,-0.0042001886499798665,-0.00016908491285274384,0.00043019337047477504,6.873473307681014e-8,0.005462330418003427,-4.77656857138325e-7,-2.488113098637756e-7,4.7348819109350525e-8,-3.0622496601534105e-7,8.667621765440165e-9,0.00037782295323304896,7.052039135611524e-8,-5.167882932532013e-9,7.838000002126176e-9,-0.0003294778038380255,0.00037724463434353456,8.435551972905128e-7,9.126913432813868e-7,6.0816768423243994e-6,1.3164805308070424e-7,-5.400546477757248e-5,9.686119038211792e-7,-3.6395325636996137e-7,-5.671638329755646e-7,3.5305852979983867e-10,4.458995363521498e-6,1.9039480261227188e-8,-2.399752521248632e-6,1.609738993640632e-6,-3.717418073334577e-8,7.749606063245859e-5,9.827237720510222e-9,-5.392413963481512e-10,-9.228177541034298e-9,7.947878644029218e-6,1.5101734624717222e-6,0.00473777991620735,-0.00012618637229629552,-2.3110460854977216e-9,0.006920006572307056,-0.0009813070631765365,-4.0086412132686055e-6,-2.5265901304411865e-5,-1.7293312492214073e-5,-4.653512743113071e-8,-0.0017189876062004646,-0.000409619515785956,0.0030181389148246605,-1.2916956460873464e-7,-0.0008944182792535895,2.0557296892516567e-9,1.577743345101574e-5,0.0003403580558797411,6.695137573777215e-6,-0.00020564400099414576,-1.111619651550334e-8,0.0003941355208507532,1.2091479816906966e-8,-3.1190694343144654e-8,-3.8289930098629317e-10,0.00015317749741415644,0.03586106520326801,-0.00014400288682053374,0.0005091290567222751,-1.1767380973278621e-9,-0.0009051133941075766,-8.433437302114762e-5,-3.0338485133616246e-5,-9.802804443945419e-8,0.00016200209681545234,-0.00010523214145473451,-0.0004698304428906309,2.1667864636957156e-7,-3.1636766809577884e-6,6.881221631780302e-5,-1.2737652132138167e-5,2.8146133151611204e-7,8.994752517631198e-6,6.104563715273351e-5,0.0031271726213926735,-5.9160358421253136e-5,-1.7202044175476826e-8,-0.000216730964195487,-0.008082293991903427,-0.0011313632300811193,6.947628855529363e-9,-3.797137056594471e-8,2.5538175242299665e-6,5.067565850476841e-7,-9.003467821454436e-7,1.4220745046181085e-6,0.000100319936583457,3.9277230672483376e-5,-1.1384431854566309e-9,-1.3195400201168215e-5,4.464339094552445e-6
0.0,0.0,0.0,0.0,0.0,0.0,0.0,0.0,0.0,0.0,0.0,0.0,0.0,0.0,0.0,0.0,0.0,0.0,0.0,0.0,0.0,0.0,0.0,0.0,0.0,0.0,0.0,0.0,0.0,0.0,0.0,0.0,0.0,0.0,0.0,0.0,0.0,0.0,0.0,0.0,0.0,0.0,0.0,0.0,0.0,0.0,0.0,0.0,0.0,0.0,0.0,0.0,0.0,0.0,0.0,0.0,0.0,0.0,0.0,0.0,0.0,0.0,0.0,0.0,0.0,0.0,0.0,0.0,0.0,0.0,0.0,0.0,0.0,0.0,0.0,0.0,0.0,0.0,0.0,0.0,0.0,0.0,0.0,0.0,0.0,0.0,0.0,0.0,0.0,0.0,0.0,0.0,0.0,0.0,0.0,0.0,0.0,0.0,0.0,0.0,0.0,0.0,0.0,0.0,0.0,0.0,0.0,0.0,0.0,0.0,0.0,0.0,0.0,0.0,0.0,0.0,0.0,0.0,0.0,0.0,0.0,0.0,0.0,0.0,0.0,0.0,0.0,0.0,0.0,0.0,0.0,0.0,0.0,0.0,0.0,0.0,0.0,0.0,0.0,0.0,0.0,0.0,0.0,0.0,0.0,0.0,0.0,0.0,0.0,0.0,0.0,0.0,0.0,0.0,0.0,0.0,0.0,0.0,0.0,0.0,0.0,0.0,0.0,0.0,0.0,0.0,0.0,0.0,0.0,0.0,0.0,0.0,0.0,0.0,0.0,0.0,0.0,0.0,0.0,0.0,0.0,0.0,0.0,0.0,0.0,0.0,0.0,0.0,0.0,0.0,0.0,0.0,0.0,0.0,0.0,0.0,0.0,0.0,0.0,0.0,0.0,0.0,0.0,0.0,0.0,0.0,0.0,0.0,0.0,0.0,0.0,0.0,0.0,0.0,0.0,0.0,0.0,0.0,0.0,0.0,0.0,0.0,0.0,0.0,0.0,0.0,0.0,0.0,0.0,0.0,0.0,0.0,0.0,0.0,0.0,0.0,0.0,0.0,0.0,0.0,0.0,0.0,0.0,0.0,0.0,0.0,0.0,0.0,0.0,0.0,0.0,0.0,0.0,0.0,0.0,0.0,0.0,0.0,0.0,0.0,0.0,0.0,0.0,0.0,0.0,0.0,0.0,0.0,0.0,0.0,0.0,0.0,0.0,0.0,0.0,0.0,0.0,0.0,0.0,0.0,0.0,0.0,0.0,0.0,0.0,0.0,0.0,0.0,0.0,0.0,0.0,0.0,0.0,0.0,0.0,0.0,0.0,0.0,0.0,0.0,0.0,0.0,0.0,0.0,0.0,0.0,0.0,0.0,0.0,0.0,0.0,0.0,0.0,0.0,0.0,0.0,0.0,0.0,0.0,0.0,0.0,0.0,0.0,0.0,0.0,0.0,0.0,0.0,0.0,0.0,0.0,0.0,0.0,0.0,0.0,0.0,0.0,0.0,0.0,0.0,0.0,0.0,0.0,0.0,0.0,0.0,0.0,0.0,0.0,0.0,0.0,0.0,0.0,0.0,0.0,0.0,0.0,0.07624239721948378,-0.0016893845841336845,-0.0006166082233373109,-2.609365213919843e-6,0.00020437369310785915,5.302649237543209e-5,-5.634412104138794e-6,1.4299597074954809e-5,7.806403506823033e-9,1.8405898946135672e-7,-0.005379225277626304,-0.012796977043129506,2.6771531721309326e-6,-2.6275244756165352e-5,3.633075906919513e-6,9.298600545990292e-7,-5.28499310635797e-6,0.002012583684944891,0.0002696392160530435,-0.00011377372604127248,-0.003831077458647526,6.401779757932958e-6,0.0012481883215806754,4.068010375842295e-9,1.7662985098937768e-6,-1.0422996771038879e-7,0.009665333357560556,-1.7461984647797048e-7,-0.0013103212902487967,-5.3877869479554855e-5,-9.309480514782398e-9,-0.0011909756912530998,-0.016447322835903676,-0.01394973903675942,-0.00010002263408689436,0.0004646155353111871,-2.416473859700847e-10,2.3575740700197607e-8,-0.00038674910169216254,-6.898696375193834e-9,-2.709271491255344e-9,0.0008512716009585747,4.5607746458483484e-5,6.932867561273959e-6,3.068237854751579e-10,-0.0026177871353871953,-1.959556340163416e-9,4.84709613356361e-6,-2.1199169427072932e-7,0.00047812769498312103,5.892785928053423e-9,0.0010831559494853373,-1.0149667902485564e-7,-4.3302124834223155e-6,2.9851759519556015e-8,1.7920027509985794e-6,5.586557122091317e-6,1.6464756748652363e-7,-0.0007065322618128058,0.0021214009417505116,-0.00020447791879074807,-0.0009583796815846708,3.582375121314765e-5,0.003361646608107176,-4.956854870005895e-10,0.00940751794168337,-7.940601606498713e-6,0.000146462938024346,-4.626852904803989e-5,-2.1016534145127655e-5,0.0024821954168485856,2.1841363094475286e-7,-8.163755049981536e-7,-1.2848704983420595e-5,-0.00018113464258513647,-7.817176494173414e-9,-3.556417600629592e-5,1.1308437073489982e-5,-1.458396837807921e-9,-3.1385375498251294e-6,1.4576217288765432e-8,-3.408599502543498e-5,8.528515238999708e-8,0.012325375868225161,1.2957706504231657e-5,-2.7884222509210082e-5,0.0033902907046971303,-3.741625018445319e-6,1.0869461939042528e-5,1.1174187239344365e-6,-1.3499636876551004e-6,-3.507533334519203e-5,8.556186131394209e-5,-0.0004180963263486453,-2.3239462420573767e-9,-2.1246888859559155e-9,4.178836054304301e-7,0.0003681384970061477,0.0027736411804971926,-5.437739759099796e-6,-1.0186656235401525e-5,4.04225769810741e-9,-0.008270776076730517,2.529639330789936e-5,0.0017071253991020102,1.1064998068150708e-6,2.771873152304643e-6,-1.9541952816122785e-8,-0.0010766131159970409,6.749067198816464e-8,2.533949647765007e-5,7.339290414752703e-7,1.6870092279013582e-5,-2.868967727272192e-8,1.7662502498020553e-6,3.384223013190173e-6,5.6313855885290796e-5,0.00045613354222908694,3.4488367556964674e-9,-1.087608131686917e-5,-1.2000719171131626e-6,8.760554460312225e-6,5.8135993138296134e-5,-6.82441253287137e-7,0.00013551123230971885,3.489217090426145e-5,-2.8204591754749722e-9,-5.928612385545055e-5,0.0006840731454919547,-5.92913361930729e-5,-7.054581251966228e-7,-3.712754718138286e-6,0.00022381673273263599,0.00017785038377495164,-0.00031079828825097814,0.00017058442114759306,-0.00035837105128441,0.01080012539297275,-2.21475146849116e-6,1.0110158655480106e-7,-3.592349250926484e-6,4.280147746492009e-5,-5.7325026302344186e-9,0.0047888224951944764,-6.581261361823951e-5,-0.0020247649080245077,9.606702325098641e-5,-0.009811781476543662,5.797200535412934e-7,3.0854812825348986e-5,5.441953043955809e-6,-6.306475004289145e-5,5.058735744018922e-6,-0.00016324459131354348,0.00730118811528364,-3.2992096116561607e-9,6.325815218725334e-9,0.0019922135747807916,1.0612441105503076e-6,-3.25418805655239e-9,2.1427326432198095e-7,6.196098290276193e-8,1.1783990943689158e-6,-2.3996888636647e-5,-9.016021819531741e-6,0.0007167755512655405,-9.080667831932388e-6,0.003471224443848375,1.490358953832188e-7,2.929385666405873e-7,-1.248611787127102e-7,-1.8078382950058576e-6,-0.00220821320932045,-9.154912535257417e-9,2.2532505690655634e-7,-0.02463774219053687,-9.375491444722334e-6,0.007253572566608805,0.00023181448580663496,7.101597667823567e-7,2.8610183093248084e-6,-3.903179415121885e-7,0.0015250687814121389,8.979445476474233e-9,-0.0010340452145331774,-0.002983197287002239,-7.706993284314655e-8,-0.001697937598667922,1.6306034275396735e-7,-3.939069865385758e-9,3.599965452837618e-8,1.1811335354669475e-6,5.449457937532899e-7,0.00144674863420294,-0.0007449709156923491,1.6353653199928046e-8,-1.5881633982439193e-8,1.2334126069609313e-6,-3.717856008618445e-9,-0.00019999032759917718,-1.2716619876244933e-5,8.293196088878548e-10,-0.00014092269171032856,-6.08467003618728e-5,1.386337766833828e-8,-4.680455386740809e-6,0.000522987325588833,7.04225878780471e-6,1.808676020845291e-5,-4.7479307908122055e-6,-0.0053843535849086525,0.000298305017217823,4.188329159435372e-8,7.564900479313037e-6,-8.847611025177114e-5,1.2822918537207097e-8,0.0001610769018884321,-5.841726232103637e-6,0.00549236765620915,-0.00045500163938920864,0.0023943991940436828,1.1632841040013237e-5,-7.134374286658251e-7,-1.8697010663469431e-6,-0.0003184699652373002,-0.007530551266214284,2.4532270496065538e-6,-2.926013104245561e-7,-1.696966471653625e-7,7.452149667766153e-8,-0.0001796440495534536,1.4677669762765654e-9,2.7668608862682244e-8,-0.00013662918577059724,9.013377621565149e-10,2.6348127141570114e-6,8.165384733697952e-5,-0.0002498462084718485,-6.320308938564296e-5,-5.469899601454593e-6,7.682339452897261e-5,0.0008088020839318439,-1.2586663806347618e-9,1.1005680380042578e-6,-0.0007281192935586009,0.0002872640107510796,0.005848058435577543,0.006746761597248044,-6.828132078170304e-10,4.1015560002812497e-10,-8.410921708203772e-7,4.641150481279151e-6,2.4328716528791713e-7,6.0851332723596624e-5,2.3231065246659428e-8,3.8807220710106635e-7,-0.0020196698895231717,0.004019450358655264,-2.937536030041677e-6,0.005832199994752976,-0.00034219616450264384,-6.541652425539703e-7,4.516325576484123e-7,-6.643441530379253e-6,-0.0006548714587598441,-0.002813932334298639,-0.00048163000220515493,-1.5431435221782643e-5,-2.4981862685062193e-6,-2.05454216622855e-5,6.246763522043592e-6,1.3121705925127343e-10,-0.0004192214381659158,3.693617402205978e-8,-0.0010096409745657263,-5.178081089569632e-7,1.342057819534264e-9,-0.0005422549208043126,0.0005827370034413471,0.001836450982197403,0.0010623726765013302,0.007790867855666307,0.0014541263842334732,-3.348834510847056e-8,-2.3747579440072046e-5,8.319901897104292e-5,1.6539299466205908e-5,0.006425937063187296,-4.893191075903795e-5,-0.0005027676599709496,8.654119758045457e-5,5.702506032882433e-6,-0.028769877500107375,-6.213602121039313e-9,0.00021096703181139347,-1.5888225496045987e-6,-1.319402562277739e-9,-8.123069435727845e-5,5.176068006896733e-7,0.0036195853323731896,-1.5955830892379825e-8,3.858655072272109e-8,1.6679772682837897e-5,4.0187712681422544e-5,1.046299693668386e-6,1.345175882768636e-9,-2.6898573502897987e-8,5.134133971801875e-7,-0.0002056340885520553,2.738901488930124e-5,-0.001932263837939184,-0.00014252769612936835,2.437694273298548e-9,-0.000580950624166061,-1.2205922536464864e-5,-8.422577397522648e-5,-5.724262360648473e-5,-0.01772934150074902,-5.543533548041292e-7,-1.0152166277314299e-5,0.0051014769355467,-0.008849799455751914,-7.173130265928645e-8,1.3731061702768752e-5,-0.00029888082027440657,8.837504323266522e-7,-0.000152418008320471,-2.182634344150432e-5,0.00011276091323613934,-1.2989167131466652e-8,-0.00134177646444785,5.592360992961523e-5,-1.4501925969656516e-9,-2.548289044590566e-6,0.040351452608288964,1.1647793754326414e-5,-2.6870275007291565e-5,2.2731128243309557e-8,-3.570015898762447e-9,0.0016718186111095597,0.0018347290646025726,-8.965419605560324e-5,4.1978135092623555e-7,-2.1142504067634698e-7,-0.00095328651034841,-3.286667037186361e-9,8.041558974971553e-6,-3.8902073783140924e-6,3.027272524083353e-7,-0.00027094795363335914,3.037621496613449e-6,-0.0002967120092469899,-0.01266388482849492,0.00014966632728452773,-1.0219187700546808e-9,7.080107326654915e-6,0.000989382710780309,-0.001996132290424537,5.395143115175824e-6,-1.5819551111145237e-5,2.1902722432333222e-5,-0.0008139933787329051,-1.034734411774015e-9,2.4222376504098844e-10,2.900222118641467e-9,-0.003519389727513083,-2.99423744622213e-8,0.005884543663210513,0.0005840825062418525,0.0008717308081865052,5.38730595224359e-7,-0.002097168424307665,6.114281366421785e-5,-1.1631974812299584e-9,-0.0011295559930071452,-0.00143922687311585,-0.0010836554699425389,-2.7975149359331044e-5,6.6180179418411695e-6,1.0770400947060955e-5,3.0616919449335454e-9,-0.0009094670143757604,3.384693865284039e-6,0.00889945856128686,5.78559841485788e-6,3.538388156233584e-5,-2.832937901498929e-7,-0.0051155389369781385,-8.012648150419503e-9,0.004213089513222202,0.0001457022823687895,8.772853278165887e-7,-9.169794972906376e-5,-8.920212432758432e-5,0.002005958282767078,-9.688541133930571e-5,-2.590285717106935e-6,-7.205421069057554e-8,0.00020123327353553788,-0.001920690613127657,-1.5475941492737529e-6,4.193243978779877e-5,2.164604933507313e-9,-2.799788987222271e-6,-4.269723294317036e-5,1.7948898888047574e-6,8.3433174536264e-8,-8.995762997023889e-6,0.0002141340252595332,5.35347697004174e-5,-1.3201898442974732e-6,-1.3792392851767861e-6,-7.435574029154164e-8,0.004777559421428655,0.00010372864405478022,7.04258779899127e-8,-0.00037085146095946743,0.0008098973322470593,0.0016048894729759513,-0.0013332022407812677,5.4308352259919715e-8,-3.5828185711942576e-9,-0.00039287470500623853,-0.002716858850812402,-0.00043741548219886485,2.1244457050556255e-6,0.00032506900290272113,-0.00010661280839736584,-0.00047262034775722914,2.09481148824522e-6,-3.5730484024681673e-6,-1.4072265186157815e-5,9.830027877145368e-5,0.0002850999677584469,-0.0006528816931691565,0.004041915613452025,-0.00018089997584129093,2.8986819427132846e-8,-2.2039558042146297e-8,3.973245642431596e-7,-0.0012325425984028953,2.331322544665237e-9
0.0,0.0,0.0,0.0,0.0,0.0,0.0,0.0,0.0,0.0,0.0,0.0,0.0,0.0,0.0,0.0,0.0,0.0,0.0,0.0,0.0,0.0,0.0,0.0,0.0,0.0,0.0,0.0,0.0,0.0,0.0,0.0,0.0,0.0,0.0,0.0,0.0,0.0,0.0,0.0,0.0,0.0,0.0,0.0,0.0,0.0,0.0,0.0,0.0,0.0,0.0,0.0,0.0,0.0,0.0,0.0,0.0,0.0,0.0,0.0,0.0,0.0,0.0,0.0,0.0,0.0,0.0,0.0,0.0,0.0,0.0,0.0,0.0,0.0,0.0,0.0,0.0,0.0,0.0,0.0,0.0,0.0,0.0,0.0,0.0,0.0,0.0,0.0,0.0,0.0,0.0,0.0,0.0,0.0,0.0,0.0,0.0,0.0,0.0,0.0,0.0,0.0,0.0,0.0,0.0,0.0,0.0,0.0,0.0,0.0,0.0,0.0,0.0,0.0,0.0,0.0,0.0,0.0,0.0,0.0,0.0,0.0,0.0,0.0,0.0,0.0,0.0,0.0,0.0,0.0,0.0,0.0,0.0,0.0,0.0,0.0,0.0,0.0,0.0,0.0,0.0,0.0,0.0,0.0,0.0,0.0,0.0,0.0,0.0,0.0,0.0,0.0,0.0,0.0,0.0,0.0,0.0,0.0,0.0,0.0,0.0,0.0,0.0,0.0,0.0,0.0,0.0,0.0,0.0,0.0,0.0,0.0,0.0,0.0,0.0,0.0,0.0,0.0,0.0,0.0,0.0,0.0,0.0,0.0,0.0,0.0,0.0,0.0,0.0,0.0,0.0,0.0,0.0,0.0,0.0,0.0,0.0,0.0,0.0,0.0,0.0,0.0,0.0,0.0,0.0,0.0,0.0,0.0,0.0,0.0,0.0,0.0,0.0,0.0,0.0,0.0,0.0,0.0,0.0,0.0,0.0,0.0,0.0,0.0,0.0,0.0,0.0,0.0,0.0,0.0,0.0,0.0,0.0,0.0,0.0,0.0,0.0,0.0,0.0,0.0,0.0,0.0,0.0,0.0,0.0,0.0,0.0,0.0,0.0,0.0,0.0,0.0,0.0,0.0,0.0,0.0,0.0,0.0,0.0,0.0,0.0,0.0,0.0,0.0,0.0,0.0,0.0,0.0,0.0,0.0,0.0,0.0,0.0,0.0,0.0,0.0,0.0,0.0,0.0,0.0,0.0,0.0,0.0,0.0,0.0,0.0,0.0,0.0,0.0,0.0,0.0,0.0,0.0,0.0,0.0,0.0,0.0,0.0,0.0,0.0,0.0,0.0,0.0,0.0,0.0,0.0,0.0,0.0,0.0,0.0,0.0,0.0,0.0,0.0,0.0,0.0,0.0,0.0,0.0,0.0,0.0,0.0,0.0,0.0,0.0,0.0,0.0,0.0,0.0,0.0,0.0,0.0,0.0,0.0,0.0,0.0,0.0,0.0,0.0,0.0,0.0,0.0,0.0,0.0,0.0,0.0,0.0,0.0,0.0,0.0,0.0,0.0,0.0,0.0,0.0,0.0,0.0,0.0,0.07563184152328069,1.0005237235643876e-5,-0.00018111590385404242,-0.004610824369246773,0.0002500367204247594,-6.650668223503917e-8,-2.972630687467474e-7,-1.8035064275461546e-8,5.2888043406719015e-9,-0.008472578920312302,-0.0003317724234365744,-7.854734269643263e-6,-1.6231474353751695e-6,0.00010771040961797928,2.886988447568749e-8,-0.0045985296346852025,2.7901948917290918e-5,-0.0020134741704176677,8.142675792388011e-5,-0.00832981923619343,-0.00014393020601512077,0.006837544014413947,1.2566850081781794e-10,-3.655333122732898e-6,-0.00010093654485280527,0.00010264754857575392,-6.197915455471214e-8,-0.0003212099188061425,-8.897067357560233e-6,2.4179219440068687e-10,-0.00012627472067813273,-0.0007822152428447669,0.0007214806178832575,-6.111362204855625e-8,-8.829143794476028e-6,8.307343214010388e-13,-3.1882389922719193e-10,7.701976013462133e-5,1.2011888229348246e-9,1.9386986819888546e-11,0.004964803988311253,-0.0006179537186146776,-0.00020006751114654,-5.53253510947176e-11,0.0037087280210082447,-2.267380296932351e-11,-5.684399775341287e-5,1.1460057793062492e-8,-3.849445820243088e-5,-3.369482713414692e-11,-3.669422039821057e-5,-2.943745142879124e-6,7.0353838652611e-5,-2.9484169945467784e-5,-3.691813738666669e-5,-3.466537913788442e-5,3.5080709231138034e-9,0.007929640592512395,-0.01806548345103917,-4.7348681280051125e-6,0.008804748814075447,-0.0005391052227843135,0.0024966489575138475,-1.0255609159150784e-10,-0.0008808514620504492,2.1618429545162013e-6,1.5858236957796619e-6,-0.0003364787020120808,-7.497566217206141e-7,-0.028929907629286055,-6.194829179143618e-10,2.3891272092095283e-5,0.00024843189693792396,-0.0186374499672902,1.1773331502850933e-9,0.0023193877274316622,8.382092873743832e-7,-2.1670624125513227e-10,6.519877612157121e-5,-1.539376831966899e-10,-4.097252890410571e-7,5.603278090971742e-9,-0.002411080209593457,0.0004651947104393581,0.0005566268605595678,-2.1750816954080035e-5,4.3477793379777576e-5,-3.7736547519723784e-6,-1.9840985714841774e-5,-9.071975770902083e-8,0.0001827199990478588,0.01114100866717953,0.002938025443150247,-4.0653186960832346e-11,-5.214015542199062e-11,-2.2974913884791444e-8,3.5036991295711354e-6,0.0073819770312754844,-1.5975124500830955e-7,-0.00028731235976867494,1.6740116032624917e-10,-0.00646736588075155,0.0034927827162169666,-0.008137238807660341,7.04444593329576e-8,-4.08347725024306e-5,3.255187621623721e-10,5.621033881920316e-6,-2.762385857188376e-9,-0.00047407648048284495,-6.368280638754275e-5,7.454676248676929e-6,4.3740762346589254e-10,1.3332016271490139e-5,0.00037215373028894614,-0.0004219442497306211,0.009551648408469992,2.900530008761522e-10,3.3260742508940583e-6,5.640761355649293e-8,-0.00028863476595926077,-0.00040848527705184185,-3.4207679853800487e-7,1.8954761473358959e-6,0.00111495526553105,-2.6193099684461646e-11,-2.5016070572263717e-6,-7.6073377066957946e-6,2.9928395274779073e-5,8.456340095812993e-9,-7.882955234452393e-8,-0.0006570033164450272,-0.006247393335853194,-2.5297375710518945e-5,6.598073205385691e-5,7.692096507020442e-6,-0.0009697173571563929,-1.0252209999952666e-8,-1.7464631664981514e-11,-3.238175272487429e-6,0.004815924504583793,6.333875356318483e-11,0.0005349238037689957,0.0006802097072342595,0.0017615556393003912,1.4133114868217334e-6,-0.0014535560720568092,-9.049452753511134e-9,5.95365790961079e-7,-3.2965198152925427e-7,-9.964324735887873e-7,-4.5674224491948384e-5,-1.4744707930967397e-5,0.00028547207320628754,5.504125644635098e-9,1.4802550238184188e-10,0.00022121001116402818,-0.00021944660752555397,-3.353595369846199e-11,-6.6597483549004435e-9,-2.5023596971566993e-9,6.669487293620201e-8,-3.961297729032136e-6,-5.346213301205613e-5,9.171481587085506e-5,5.29137818353643e-7,0.0038508687465596473,2.3393528620264482e-8,3.4724692838252705e-9,6.310881054376961e-10,1.9642727461426846e-7,-3.7522645678799838e-6,-1.1711362571694434e-10,4.126568427914417e-9,0.002467098650368605,0.00010824561442384545,-0.0025480817410213686,1.726558122412796e-5,1.2867015020691632e-8,2.250247121507808e-6,-6.172873050237547e-9,-0.00021048931416119994,-3.9707961937397203e-10,0.0024878492098296,0.009314392061379826,-1.6505195644140125e-8,-0.000251131597988601,6.678710421090987e-9,-1.010419242525262e-9,2.5053351919604635e-8,5.614327756289958e-6,2.3801216910895405e-8,0.0022689388620439044,7.710056113148116e-5,-2.2957342487722026e-9,-2.1968277426562361e-10,1.2571226206650292e-7,1.1093125126613978e-9,-0.00010601554072608163,0.0003671911466342002,-8.95903727177187e-12,-0.0017485905079307202,0.0003504443160929532,-5.491922897325121e-10,0.0001465497921552282,0.00030868063489873697,4.0551300901714397e-8,-1.0029269374491023e-7,8.658560202270995e-5,-0.003808508506976914,3.2625863598529402e-6,1.480677690979589e-9,-0.00022286753459428043,-0.0008640200960019142,2.7037958938363944e-9,-0.0046238894538613295,-3.579660063220615e-7,-0.0009578183992116516,6.88761683219336e-5,-4.1893278481093464e-5,-6.729887041456513e-8,2.5254043720778444e-8,2.3330340212574118e-7,0.004570147947762482,0.0025087807765829355,-1.812249030450319e-8,-4.301549797601501e-8,5.5605700850911105e-9,1.2459163626287653e-5,0.0008253636055597808,2.760235021187074e-11,-4.5023270507042296e-10,-4.864213485346227e-6,9.028109634804795e-11,-5.767810691937085e-9,1.4365961779664418e-5,-6.6915842465196245e-6,-1.6780044690326657e-7,-1.2008188106546674e-6,0.0017212590276522337,0.00011341152748232056,2.6919803331260543e-11,-2.2795412678349244e-5,-9.411030025925387e-6,-9.891404166205757e-5,0.0015485048012311873,0.006888405558405346,2.0531566311139518e-10,2.7397872064889443e-12,-3.719186920908632e-5,9.73107729893507e-5,1.7666708508077914e-5,-1.0115381010865718e-5,-9.293731470723857e-9,2.9598581246223145e-8,0.017069370137891345,0.0016976328579547456,8.752984149638005e-5,0.002182832611247942,0.003643195543940881,-3.2747425227006908e-9,-5.548750330293465e-5,8.367294679227895e-7,8.037240892098053e-5,-0.0002888245792917742,0.007447518380872892,-1.4038914149328168e-6,-9.673882456059019e-8,1.4919194439681025e-6,-6.412078426944485e-6,4.712901144101569e-11,0.0003342834967832986,-3.053872019298505e-9,0.006469740565348697,-6.678445848268601e-9,-2.370640037783165e-11,0.00023184148135956833,1.0828547519552727e-5,-0.004739145902007933,-0.031771614819112275,-0.00024950326652408686,-9.719768482492631e-5,-2.7013005346315887e-10,0.0001391432511810688,0.0004203897822076793,4.638422969882557e-6,-0.0019112230025862475,-0.0013521682321759774,-1.5352149436690803e-5,-0.007890394842056881,-1.964235702999592e-7,0.00033293107376237464,-3.0608898929634353e-10,9.418650405677734e-6,0.00018761529832287815,1.408284382706985e-10,0.0005660254381785569,1.2423465800828125e-5,8.20706368769876e-5,1.1173872754066239e-10,2.4762829767855886e-9,-0.0009730347928722018,0.0011826774038864757,2.1632462008791895e-7,5.686015816008528e-10,1.2695922312667725e-9,1.6800216815487188e-8,1.172574367264718e-6,0.00036561474217526764,2.308386517638354e-5,0.0008238102645269119,2.6765100060985205e-10,0.00015269362840824465,-5.20438009197004e-7,-1.6227060277569418e-6,0.00041765691025659615,7.246750899963878e-5,2.1506897554559375e-8,-1.3321617353337057e-6,-0.001790337737000754,0.0004803370365590351,8.077396602598369e-9,-0.0002523657367619607,0.007101634213403195,1.513061007400152e-7,9.370484214294873e-6,-2.40090579421834e-6,1.2531284556997387e-6,9.433047991146524e-10,0.00017565298075981648,-5.082067512940627e-7,-4.9059727341171545e-6,-9.511217828267624e-5,8.33265967362607e-5,-0.0004534261993780218,1.6577665954605459e-6,-2.667068569955253e-10,-4.233733656258815e-11,0.005519009113248416,-0.0014012076693658794,-0.004821697303559126,2.1610591309390322e-5,-5.357910997884315e-9,-5.4742689978054053e-5,4.4248048640611285e-11,1.9090148899850116e-6,-1.2570154852867847e-7,1.140798865729909e-9,0.0013645951827789035,7.737328330033961e-8,-0.018521665545350688,0.001471514671322191,7.026738432634696e-5,-1.49922592841299e-11,-0.0004693561420689751,6.649277723920832e-5,-0.003088378514036796,-0.00014173972987504798,0.0001628379640191339,7.220653217712599e-6,4.54105429537707e-6,5.833085706642537e-11,-1.2157534587317363e-11,-1.3056101158403233e-10,0.002347653627196076,-6.514214732452043e-10,0.0009815793279786846,0.0013594000703270029,0.006923298689159333,7.498869775198192e-5,-9.932104334782434e-7,-0.00020773229474480468,1.6394671979837786e-11,-0.00038459239271017325,0.040010073601171724,-0.00013755096393913596,0.0003078738480247628,0.00031056228742528844,-2.8672660139898223e-5,9.524691784440404e-11,0.0013114928265596,-2.4972123164909877e-7,0.0002723586533174813,-9.140251801626369e-5,2.001937923085472e-6,-5.273345392062857e-9,-0.00120418456387699,3.883065575362986e-10,-0.0005411479914030962,-0.000137228736821874,2.322778844602843e-8,1.911092256579167e-5,-6.666011688531199e-7,-0.013705660284497538,1.2912200912596248e-5,1.5230656920480383e-5,-4.279744630389521e-9,-1.8897815372235635e-6,-0.0009463881677456042,5.662986984578459e-8,-0.00025077243806125265,-1.6938846959956055e-8,0.0004879738093967779,0.00027812677666895757,-1.4192567175781588e-5,-8.592340779076446e-9,-4.0344763933465365e-7,9.547328762185662e-7,-3.246846891838394e-6,-4.4388046761407215e-5,5.520656411809221e-9,4.200088366389236e-9,6.977620742582319e-5,0.0042213843554150705,1.0829293545451863e-9,1.935038118301262e-6,3.0461903464189544e-5,-0.002892645637575112,0.0035159015698060267,1.6002591952820935e-9,-8.871869999798423e-11,-0.0029659878850429927,-0.0002682259722890839,-3.0463656125343225e-5,4.6293502469058726e-8,4.450083526237127e-5,0.0029729423714147073,-1.1739376836350946e-5,-1.2748838334975681e-7,-1.1792203283179305e-7,8.682355019421025e-5,2.119074807085951e-5,0.002421345336100131,-0.003093235802938805,0.0050927689654587625,-0.006866647814271873,-2.3294253649939043e-10,-1.0308189925553433e-10,-5.1885348333901554e-5,-0.00016119094910445545,-4.985130028929793e-11
0.0,0.0,0.0,0.0,0.0,0.0,0.0,0.0,0.0,0.0,0.0,0.0,0.0,0.0,0.0,0.0,0.0,0.0,0.0,0.0,0.0,0.0,0.0,0.0,0.0,0.0,0.0,0.0,0.0,0.0,0.0,0.0,0.0,0.0,0.0,0.0,0.0,0.0,0.0,0.0,0.0,0.0,0.0,0.0,0.0,0.0,0.0,0.0,0.0,0.0,0.0,0.0,0.0,0.0,0.0,0.0,0.0,0.0,0.0,0.0,0.0,0.0,0.0,0.0,0.0,0.0,0.0,0.0,0.0,0.0,0.0,0.0,0.0,0.0,0.0,0.0,0.0,0.0,0.0,0.0,0.0,0.0,0.0,0.0,0.0,0.0,0.0,0.0,0.0,0.0,0.0,0.0,0.0,0.0,0.0,0.0,0.0,0.0,0.0,0.0,0.0,0.0,0.0,0.0,0.0,0.0,0.0,0.0,0.0,0.0,0.0,0.0,0.0,0.0,0.0,0.0,0.0,0.0,0.0,0.0,0.0,0.0,0.0,0.0,0.0,0.0,0.0,0.0,0.0,0.0,0.0,0.0,0.0,0.0,0.0,0.0,0.0,0.0,0.0,0.0,0.0,0.0,0.0,0.0,0.0,0.0,0.0,0.0,0.0,0.0,0.0,0.0,0.0,0.0,0.0,0.0,0.0,0.0,0.0,0.0,0.0,0.0,0.0,0.0,0.0,0.0,0.0,0.0,0.0,0.0,0.0,0.0,0.0,0.0,0.0,0.0,0.0,0.0,0.0,0.0,0.0,0.0,0.0,0.0,0.0,0.0,0.0,0.0,0.0,0.0,0.0,0.0,0.0,0.0,0.0,0.0,0.0,0.0,0.0,0.0,0.0,0.0,0.0,0.0,0.0,0.0,0.0,0.0,0.0,0.0,0.0,0.0,0.0,0.0,0.0,0.0,0.0,0.0,0.0,0.0,0.0,0.0,0.0,0.0,0.0,0.0,0.0,0.0,0.0,0.0,0.0,0.0,0.0,0.0,0.0,0.0,0.0,0.0,0.0,0.0,0.0,0.0,0.0,0.0,0.0,0.0,0.0,0.0,0.0,0.0,0.0,0.0,0.0,0.0,0.0,0.0,0.0,0.0,0.0,0.0,0.0,0.0,0.0,0.0,0.0,0.0,0.0,0.0,0.0,0.0,0.0,0.0,0.0,0.0,0.0,0.0,0.0,0.0,0.0,0.0,0.0,0.0,0.0,0.0,0.0,0.0,0.0,0.0,0.0,0.0,0.0,0.0,0.0,0.0,0.0,0.0,0.0,0.0,0.0,0.0,0.0,0.0,0.0,0.0,0.0,0.0,0.0,0.0,0.0,0.0,0.0,0.0,0.0,0.0,0.0,0.0,0.0,0.0,0.0,0.0,0.0,0.0,0.0,0.0,0.0,0.0,0.0,0.0,0.0,0.0,0.0,0.0,0.0,0.0,0.0,0.0,0.0,0.0,0.0,0.0,0.0,0.0,0.0,0.0,0.0,0.0,0.0,0.0,0.0,0.0,0.0,0.0,0.0,0.0,0.0,0.0,0.0,0.0,0.0,0.07528594658102623,3.84202749717872e-7,1.6507275221176247e-6,1.8194561778524053e-6,0.0002446824646239517,-0.0003288199504280298,-8.172249407206189e-6,-6.022345691415352e-6,2.4242621345167283e-5,0.0010411884364667863,5.449165723642224e-8,0.0015565153329288755,-2.1540379466330624e-7,-1.875464035999078e-5,-1.7259930189690656e-6,0.004236705414250874,8.481456580570129e-6,-7.739587052113306e-7,-4.5197421683600074e-5,-7.797196271612664e-8,0.00012699923611299882,-1.4681486702674576e-7,1.6086511188813018e-8,-6.090946534708354e-8,0.0012760897839224651,-8.116663916886924e-5,8.257187736730508e-5,-0.0008904598434332225,-1.3729326154085469e-9,0.0035618932422264785,-0.0019444348614761158,-0.00010755422802392531,0.004717926667823367,-0.005115566311364628,-3.8415862538835186e-8,-5.789562917423729e-7,0.0053984655964057675,3.0790871722189457e-6,9.878146827198017e-8,-2.4159079470636557e-5,4.0292829992607604e-7,-9.39094585754211e-8,-5.215375885747068e-8,-9.01131773670231e-6,1.690471036768612e-7,-9.507728727023723e-8,-1.444668281689332e-5,-0.007877305856617592,-9.342758548361746e-8,-0.018441131192476166,-2.6367861634676146e-8,1.0498407545045705e-8,-3.246444700514054e-8,-1.8117785993015772e-8,-6.108969536867443e-8,-3.3987345632383084e-5,6.422204201475574e-5,1.3457830305637258e-6,0.012074186733416802,-1.3070821296926215e-5,-2.1104403393501677e-6,0.0003407795044042095,-1.1887018022380316e-7,-8.587775815780393e-5,0.0036708321910207077,0.0029326113806762578,-1.1480682436668178e-6,0.0018117509532625555,2.2355939855627723e-5,-6.620399771286465e-6,8.691568074179909e-10,2.000230524172526e-7,3.2160444837226787e-6,-5.615987790618351e-7,-4.749814347783171e-8,0.0011979133100216953,2.1756058096178297e-7,7.422202171154821e-8,-4.949816471674974e-7,0.0004652380251968724,-1.656605183575956e-6,-4.09343283957408e-5,2.3150202876073217e-7,9.613065928603472e-7,0.0004318799600856675,-9.457120436093e-9,0.002404930011282853,1.8912841700065373e-8,-0.0001092113135078818,4.011354737263053e-7,9.732181723850123e-6,-1.8566029552032783e-6,6.732816379982707e-7,9.853583641715938e-8,-8.105754739263856e-5,-0.013370988499899416,8.567608303039559e-5,0.0002792475886471816,-5.32226171591967e-7,-9.792009634716223e-9,-2.3624302544859485e-5,5.1083067019879635e-6,1.425781795805101e-5,3.1184919623751e-5,-5.1441595598470307e-8,4.0152043013044316e-7,0.03902805343590102,1.9110070007930854e-6,-2.4176433363503194e-7,-3.153595696470645e-8,1.344443880536054e-7,-8.291818443739041e-7,-8.63664724965298e-8,3.90529863540836e-7,-5.252861067148853e-7,-3.6049351581327955e-6,-2.5487405837201455e-7,0.002582881401494106,6.516684769090057e-5,-2.2323051582040518e-7,2.9929868166571355e-7,1.9486970394308728e-8,-0.0035596346576592594,-1.0976978541778152e-6,1.18779054143295e-7,-0.007903449673461793,0.0050291410832778525,1.1669823297684348e-6,1.5405844363161437e-5,0.00014819046090216024,3.0988231062041117e-6,-1.5565885042547586e-6,-0.0023322757366673968,0.0023911782257475486,0.004194023589593154,-0.0003298627652929371,4.931209312291106e-5,-2.3690858147650022e-5,9.396487154645483e-8,5.873767884616361e-6,1.384928582639865e-6,0.0006357482334125015,7.042562177643948e-7,0.0010288710578079943,-0.005928091917099975,0.0001275013160626394,-3.465359288339704e-5,4.163839331568232e-5,-9.771608452393478e-6,9.08940757646682e-5,-3.0806750426147794e-8,-0.0018730802647840695,-0.0004199870443282037,-6.562935120525705e-6,-2.80212774047494e-7,0.0023226296917097464,-1.7566990792350183e-7,2.4280410870542053e-7,2.6334429822498005e-6,-8.209856144596583e-6,-7.490321026101174e-5,0.004532879612672553,-3.1902159708248516e-8,7.321412092235858e-6,0.0010062357980480333,-0.00010596280016156309,-0.00024491441166047876,-9.426620071942102e-6,-9.494510544362425e-7,-0.00014325911937891308,0.002733259211624054,-3.0811895459685774e-8,-5.137220211649709e-6,1.2772608558833957e-5,8.565442262457629e-8,-0.0002697726187691609,-0.007633135902156418,-3.0482179195548954e-5,0.000566674835104293,2.0708049102573094e-5,-0.0003108837101550158,-1.288830295280333e-7,1.7111656642553536e-5,2.8390160723213273e-5,-7.065578949109495e-6,-0.005275496172891126,-3.680889273182663e-5,3.308058436292766e-7,5.7253071135584404e-5,1.7439452610046168e-8,7.442354283814386e-7,0.0006503476103961653,-0.0011031060843715655,3.04657471194349e-7,-1.7183872300510756e-6,0.00034854610459887864,1.4067931772234049e-6,-0.004592362214112583,-1.83980180560943e-8,-3.957510898026523e-8,1.8995550089374118e-6,1.1185816502207507e-6,-1.7758844601923987e-7,1.4359962461342343e-7,0.0031299297087856426,-0.0001723132422337504,-0.0014341765353234881,6.697183268767004e-8,-0.00017483987985997886,-0.007330090473042226,-1.26287335938896e-6,-9.817934521582205e-8,8.455166713932536e-7,-6.682746124356007e-7,6.576732370274133e-7,-0.0015999141636321224,0.0001757501121198709,-0.002096452384175121,0.0014061420969743487,0.00012912442369432194,3.759850320410005e-6,0.0011306587936634372,3.0265563889906617e-5,0.0002675007436053318,7.138387949444344e-5,0.00016095116777799947,6.545003778835223e-6,1.4706527808666303e-10,-8.18606346759705e-6,-3.9105060826507725e-9,-2.80492984106897e-7,0.002661394529941131,-8.025888248801971e-8,-7.174723536908191e-5,-0.008335933107566291,-0.0019775875630091526,0.003005448150569545,-0.002963121182264151,-1.4349134190849698e-7,-0.0008202636949001053,3.4555377756678016e-8,-1.247116346176799e-8,0.0009842294412096293,-0.0013482446044806632,0.00013864635523230435,-2.6503374317945414e-5,-6.104335706352636e-7,2.9807851890111104e-8,-1.9493851854861882e-8,-9.042705732921207e-8,-2.4662473904093576e-9,-0.00046070213594495,1.4590779685300784e-6,4.012708803462736e-5,2.903513072158297e-5,6.649204115631096e-6,8.108164331734395e-8,0.00022995350124451987,7.153751864886936e-7,-2.2297529746394748e-5,-3.705064576625484e-8,8.390446208461543e-5,0.0044413048068344925,0.00033167116020567584,-2.58521808518199e-6,-0.002032428511930082,-2.5438181215213716e-5,0.0027776461031672147,-1.011304926695513e-7,-3.315762881092126e-8,1.7495300392318619e-6,6.0187885616993555e-6,-6.716325995493604e-6,8.100253374186919e-6,-2.3370775453500003e-8,-4.372970954548723e-6,-0.013792070467534279,-2.4423746707017494e-6,2.5305620527480003e-6,-0.0009268718742937987,0.0004488532671176582,-8.311086599296199e-6,3.84254701964059e-8,-7.967554207876897e-7,-0.003916078598797075,2.9712321158178317e-6,-1.4162167099159904e-6,0.0005121407051782483,-3.854967705921422e-6,0.0006037109791564199,0.0001612758860143802,2.6431791780660195e-6,-0.009387456591294517,1.3836463742251164e-7,6.520486468042146e-8,-1.9735457620534292e-7,-1.1096916347316645e-10,0.001702882781739657,4.7403405344898834e-7,1.2803140246516638e-6,-1.1808930284877753e-7,3.166755711525732e-7,0.0005902557990582627,5.8625200751872064e-9,7.812049714978763e-7,-0.0004063255344099031,0.008006228735522635,1.0533597793494604e-7,0.0013509474159955207,-6.266161202168514e-7,1.344799996958529e-7,-9.580252417075877e-5,-0.0001913865230328823,0.0018964512854724059,-5.996388254754823e-7,-4.990868480399453e-5,-1.784034652586762e-5,-0.003405084824032122,-0.00017376790010187237,6.630962274567479e-5,1.1176446286226715e-5,-4.1684617906982054e-7,5.379571574883563e-6,-9.366713182026763e-5,0.002864373828943588,0.007276365275950145,-0.005288328339785523,1.9625993011455345e-7,-2.091532718726579e-5,-0.005438235445029906,-2.0188325863341778e-9,-1.5300313558462195e-7,0.0005290121165852758,-2.025954021077954e-7,0.0019442706188321415,7.042990137138491e-7,-6.902399910479335e-8,3.97141070099169e-5,-0.00044088807664578457,-1.540019786739467e-6,9.010729886799313e-9,3.8141332290990505e-6,0.003214917002096662,-2.755868108253063e-7,0.0009351674541831762,0.00013948483201124188,-1.3683340513235024e-5,-1.122107358538951e-6,-8.831202062611576e-5,-1.7473302532453523e-5,-3.3440303262491804e-5,-1.344202429457977e-6,3.472407303791418e-8,-1.0675665619538447e-7,0.006135124601277277,4.0932308378274116e-5,-1.001607424427746e-7,8.226283471443899e-8,0.006787231546911714,0.050534653644013744,2.0485461241452155e-7,4.012995278923689e-8,-6.426042130366081e-8,2.788655687971952e-5,6.743553804665654e-7,2.394167607809104e-5,6.270658817959893e-6,-7.102729435407158e-6,-4.150426365912199e-8,8.780533887286089e-5,1.518273992483072e-6,3.6835435268990845e-8,2.32132419699868e-5,8.451167989859681e-6,0.002640651197143961,3.20334013650903e-7,3.147646409319261e-7,-6.785815213138576e-7,-1.305890097295815e-7,1.7135384187519693e-5,4.165401428021874e-7,0.0016737067826741658,-2.1154093082418048e-8,-0.0018474479395122025,-1.5779052432948827e-5,-0.00016539986109916728,-4.629673124236917e-7,-0.00046033095347741617,2.284626577802115e-6,2.079068813429523e-5,0.016435614226615356,0.001639596968159807,2.7727637579961392e-5,0.039259075722472586,4.270781495684138e-8,2.238900157793815e-6,-0.020560472767214438,-0.00012996639968405557,0.00012819741834465233,-1.1291717337021678e-7,-9.858971510544402e-6,6.219344753214439e-7,-1.9922690965810397e-7,-1.6481849641236648e-8,1.4641630948218476e-5,-0.0007909390664702825,-0.012398939795268689,-0.0068791274644872495,-5.725608676439324e-8,1.8706140040083384e-5,3.5923868207331135e-7,-0.001206638757439907,-1.3625899747286876e-6,4.282126482686671e-6,0.04599532568168973,4.102586115232947e-5,-1.0320892449725456e-6,-5.552058427701366e-5,-1.8261500296580864e-6,-2.5645763475554963e-7,-1.7626183046407325e-6,0.00019528251746086213,0.001155225712340913,-2.2117383637407393e-5,-0.008119315699377386,1.4210440351430279e-6,-0.003776076952145562,-0.00015566956676296904,0.0004102044837448643,5.0116282984469265e-8,-4.1040850059227834e-8,7.058131544267915e-5,1.9429704055885552e-5,7.12758957146942e-5,7.35851276093702e-6,2.4055566695827906e-6,-2.901725716905665e-7,6.612452415074662e-9,-0.0005825681562738695,-2.8380839477462896e-8
0.0,0.0,0.0,0.0,0.0,0.0,0.0,0.0,0.0,0.0,0.0,0.0,0.0,0.0,0.0,0.0,0.0,0.0,0.0,0.0,0.0,0.0,0.0,0.0,0.0,0.0,0.0,0.0,0.0,0.0,0.0,0.0,0.0,0.0,0.0,0.0,0.0,0.0,0.0,0.0,0.0,0.0,0.0,0.0,0.0,0.0,0.0,0.0,0.0,0.0,0.0,0.0,0.0,0.0,0.0,0.0,0.0,0.0,0.0,0.0,0.0,0.0,0.0,0.0,0.0,0.0,0.0,0.0,0.0,0.0,0.0,0.0,0.0,0.0,0.0,0.0,0.0,0.0,0.0,0.0,0.0,0.0,0.0,0.0,0.0,0.0,0.0,0.0,0.0,0.0,0.0,0.0,0.0,0.0,0.0,0.0,0.0,0.0,0.0,0.0,0.0,0.0,0.0,0.0,0.0,0.0,0.0,0.0,0.0,0.0,0.0,0.0,0.0,0.0,0.0,0.0,0.0,0.0,0.0,0.0,0.0,0.0,0.0,0.0,0.0,0.0,0.0,0.0,0.0,0.0,0.0,0.0,0.0,0.0,0.0,0.0,0.0,0.0,0.0,0.0,0.0,0.0,0.0,0.0,0.0,0.0,0.0,0.0,0.0,0.0,0.0,0.0,0.0,0.0,0.0,0.0,0.0,0.0,0.0,0.0,0.0,0.0,0.0,0.0,0.0,0.0,0.0,0.0,0.0,0.0,0.0,0.0,0.0,0.0,0.0,0.0,0.0,0.0,0.0,0.0,0.0,0.0,0.0,0.0,0.0,0.0,0.0,0.0,0.0,0.0,0.0,0.0,0.0,0.0,0.0,0.0,0.0,0.0,0.0,0.0,0.0,0.0,0.0,0.0,0.0,0.0,0.0,0.0,0.0,0.0,0.0,0.0,0.0,0.0,0.0,0.0,0.0,0.0,0.0,0.0,0.0,0.0,0.0,0.0,0.0,0.0,0.0,0.0,0.0,0.0,0.0,0.0,0.0,0.0,0.0,0.0,0.0,0.0,0.0,0.0,0.0,0.0,0.0,0.0,0.0,0.0,0.0,0.0,0.0,0.0,0.0,0.0,0.0,0.0,0.0,0.0,0.0,0.0,0.0,0.0,0.0,0.0,0.0,0.0,0.0,0.0,0.0,0.0,0.0,0.0,0.0,0.0,0.0,0.0,0.0,0.0,0.0,0.0,0.0,0.0,0.0,0.0,0.0,0.0,0.0,0.0,0.0,0.0,0.0,0.0,0.0,0.0,0.0,0.0,0.0,0.0,0.0,0.0,0.0,0.0,0.0,0.0,0.0,0.0,0.0,0.0,0.0,0.0,0.0,0.0,0.0,0.0,0.0,0.0,0.0,0.0,0.0,0.0,0.0,0.0,0.0,0.0,0.0,0.0,0.0,0.0,0.0,0.0,0.0,0.0,0.0,0.0,0.0,0.0,0.0,0.0,0.0,0.0,0.0,0.0,0.0,0.0,0.0,0.0,0.0,0.0,0.0,0.0,0.0,0.0,0.0,0.0,0.0,0.0,0.0,0.0,0.0,0.0,0.0,0.0,0.07527633124944969,0.0008619857560194059,0.006560939358925232,-2.1170676176098535e-9,2.7056892387172243e-9,1.0116713837538733e-10,2.451294754816231e-11,7.777922300892741e-5,-6.290611534755596e-7,0.007428231321507726,1.4483743058241403e-8,-0.00849930345386749,3.677634563572011e-10,-0.0011475074226832535,-1.6400515261188247e-9,-0.0004626409185110484,-0.017660904528122863,-0.00044231470074345677,-0.0033964623958956763,2.8491667634868558e-5,2.1819019538850183e-12,-0.009956123535236032,0.0004495026894128626,9.814382299672832e-7,-4.678679045242991e-10,5.758886437254378e-6,1.0996393865725203e-7,-2.438364828861588e-12,1.0517745510072421e-7,-2.81716125569855e-6,-2.321794533063898e-5,-5.126167992538602e-9,1.499572164603201e-7,2.728203929718353e-13,8.72268780208921e-12,-2.703399551984489e-8,-1.6451058535160038e-11,-9.70415111524392e-13,-9.357120244510277e-5,-3.82539542838445e-5,0.001423786410108877,9.924814429519776e-13,-0.00037164239014617594,-7.096734251780018e-13,0.0011666771841440692,-1.0334120480724105e-10,-4.1362751906436135e-7,2.849005062374972e-12,5.914572815500406e-8,-0.00247056832703443,0.0004085859211434407,-6.235311077293323e-5,0.0010599078200182908,0.001451911133173323,7.999033915628985e-11,0.00021863247254012448,-2.673591352746721e-5,-2.20373519085455e-8,-0.0029126006284821474,0.00043039435971113665,4.572539123785159e-5,1.1960297412687477e-12,-3.6746232139411283e-6,-1.0690571445565165e-8,1.622371728715165e-8,-0.0039276922033594525,-1.1880574013108563e-8,0.0014679711728020441,1.215129576273934e-10,0.0009197198360013959,-0.0002821823375724467,-0.00043992641031922997,-1.5860524595429016e-11,-0.0004066354111650831,2.4537346947440723e-9,5.262687224520864e-14,0.0004767337192300937,8.246352772405989e-12,-1.4098048640406531e-8,-1.3094774677140742e-12,-1.7607307426580103e-5,0.02483605256757963,0.012838283861692619,4.517723170678729e-6,-0.0016574052956477598,2.273474509824575e-8,-0.0014765731950697931,-7.135244968186616e-12,0.003762398426464595,-2.793704132238075e-5,-0.0005928342283168846,-2.852407468978516e-12,-6.339997780317439e-13,4.532533440167142e-10,5.544446059815063e-8,7.62322655712784e-5,-1.1239829597645844e-9,-0.0049109631192789495,2.352605569123703e-12,4.1423178912462414e-5,0.0008152828509135066,0.001644912715333771,2.58015229563608e-10,-0.005028753511589434,-8.567939866312647e-12,2.008156824973624e-7,2.8894032373704288e-11,-0.010239170906625147,-0.0017089041104394298,0.0022829061015573033,-6.6126954693894024e-12,0.007522527407837641,0.00584381897736308,0.004257044812268366,-0.00031542852922694686,4.186171617600639e-12,4.98319537253137e-9,-7.309788204176641e-10,-0.0066711164843699265,-0.0027634213777642386,0.0023061680297833858,-3.095495644168221e-8,-0.0075961549378320515,-1.0885191142906212e-12,-6.804881513187826e-8,7.052377225023771e-7,0.005526349018391261,-3.400604049407e-10,-1.0089958361218257e-9,0.002494077419786516,-0.001401692236864452,-1.4514338451349094e-7,-6.230706556948331e-7,1.5302947876630561e-6,-8.458798913993628e-6,-9.541306981948006e-10,6.857953063351399e-11,0.006769565422289079,0.0005723726754548209,-1.30368297984922e-11,3.2932866922367058e-6,-0.0005467721101592138,1.2570578410045613e-5,5.229692247185591e-8,-5.316421109309796e-6,1.5317282163635198e-10,1.0185844243766916e-8,1.8388176284748182e-9,-3.9822330901514335e-8,-0.007538688046847224,-1.175441079754451e-8,1.0885393445301844e-6,-1.566230733918844e-12,3.0033753248806212e-12,4.6108999935093645e-7,7.885673689422773e-5,-2.4754382176943283e-12,4.4728268305749386e-11,2.9440775994900806e-11,6.023410476014943e-10,8.769618281508676e-9,-7.441545636050852e-5,0.0001991692472344345,-4.544406179273653e-10,-1.3163132339437512e-5,-1.967317946844485e-10,6.848536554712606e-11,-2.8546096415296175e-11,-1.9819818647306813e-9,-8.002161138705476e-7,-3.4456494962554076e-12,8.016711853420155e-11,-2.003630134409221e-6,-0.001143063785331469,-1.0857265219018466e-5,-1.8136389852139466e-7,3.166686688012356e-10,-1.5094471765830397e-8,-1.732517272625555e-10,1.11462804471758e-6,8.365926862098157e-12,0.00017458774559537396,0.00021722074241621104,4.45099685555566e-11,-8.93272344008777e-7,5.318176857113803e-11,1.4081175904007157e-12,-1.5774519397169613e-10,0.004113562311930247,1.0706060545572214e-10,3.531396704060158e-6,2.587573435074917e-7,-4.463009994126501e-12,1.5288308764246433e-12,-2.9810691809637756e-11,-2.3254100505074794e-11,-2.295539749674576e-6,-0.0009321123266845035,3.649059879247005e-13,0.0029874746308279077,0.016303389434315467,7.430533828258761e-12,0.0011488338936061651,2.301298255593386e-6,2.4247707992774713e-9,9.349471189687718e-9,-0.0005491209036201406,-0.00012317107782711857,7.528356236333926e-8,4.348451172527853e-12,0.0008063548158037162,0.001780838385296897,-1.2866353479450901e-11,-0.0008514346164372545,2.138047691645947e-9,-1.9131494663061364e-5,-1.881784724229801e-7,8.174515076955877e-7,-9.524987350651576e-9,-2.636450751727017e-10,-4.898683391292317e-9,0.0003589625607807057,2.31142079236323e-6,2.109750180133643e-10,-5.197365454104715e-10,-1.696356404094739e-10,-0.0016864483146001503,-0.0021654769530144785,9.179709660279089e-13,1.1185897953832862e-11,-6.4237351460474135e-9,-5.725292952350668e-13,1.2066214331596573e-9,2.1132689355473888e-8,-1.4464397857571583e-7,-1.9293339873456837e-8,1.1093535713256548e-8,0.0002090325528505896,1.154599916777148e-6,-8.133404059211724e-13,0.0007708256699825533,-5.9047739085985014e-8,-6.229115153445925e-8,4.60486608486932e-5,9.369857735022372e-5,5.833116458577318e-12,-9.870931125081995e-13,-0.00015690720676617115,0.0035139946915173853,0.0005902336103710698,4.3101282843316094e-8,7.127381078990697e-11,6.385341024289516e-11,-8.171945759810846e-5,6.376408888887765e-6,0.0005863651084996677,6.743486620973551e-5,-0.0010202784113401847,-4.038811201375248e-10,-0.0009598384412100461,-6.7899004070326205e-9,8.591950775728703e-8,-7.221612098733264e-7,-0.00016238353990612417,3.832912456723221e-9,-9.651721514444684e-10,-1.724863756755624e-8,-0.007191977151732784,5.443300464314287e-13,-0.0006123031456328152,2.8472427709152804e-11,-0.0008380988291423829,-1.737470945752283e-10,4.835427922862779e-13,-0.000762037852075547,2.2881086656301564e-7,6.087300346777071e-6,0.00016616445563303448,-2.101700565046008e-6,-2.0736144349861035e-6,3.768927005936205e-11,-0.0005248112557906246,-0.008999389357639128,-1.799454870504167e-8,-4.352186529196683e-6,0.00029048218240219876,9.264900665782529e-8,0.00010417972005294788,7.603184143705616e-10,-1.0561750663704839e-6,-5.817580193736915e-12,7.5238863214885e-8,0.0009034703134913278,-2.6128133983476043e-13,0.0011817449102057703,0.00010311000385975204,-6.393492010004151e-7,-4.803019369784484e-12,-1.598247720166525e-11,0.004381741598697528,0.004179650664694999,1.7227110271850587e-9,-2.2512726501793458e-12,-4.923584365284345e-12,2.0375885508200575e-9,1.1735675921331882e-8,-0.0011737576841935066,-7.883094561167394e-8,-0.0021237409490552643,-1.7312958844583349e-12,4.706678557248671e-8,-4.4005042998843874e-9,-9.087925083251263e-9,-0.018792053879715002,-8.540694371053475e-7,-1.5387595184294782e-10,-1.1113342629987238e-8,-4.457665652717308e-5,-6.107116875459605e-6,-9.657401827732034e-11,-0.0038640933171033734,-0.0005235642732318852,1.1543933064692919e-10,-6.291973027046142e-9,-2.3057788211189923e-7,1.613519518158563e-8,-5.6964975239307014e-12,-3.718883962712129e-5,-4.322531008562525e-8,0.0004954070975080454,-0.008422908155524248,8.656657048564306e-6,-0.010545711491827228,-1.068570895285306e-8,1.2832658458011836e-12,-1.4407752026295614e-12,0.00019089388063952837,-3.8518396116725514e-5,-0.00031568214628270087,0.001235384541619302,-3.774654322007393e-11,1.8068925706729723e-7,-1.5782904341505318e-12,-3.849754627874105e-9,-1.5649177791441589e-9,1.0119342906129068e-10,-0.0005852005888460335,1.807435134154934e-10,1.9595629481328663e-5,4.7550966398848285e-5,-0.0011244871929360703,-6.708886648437626e-14,-9.563658396170011e-5,-4.1673869754786017e-7,0.00010317193699497245,-0.009391347233520553,0.008011013355681348,-1.3997644240421269e-8,8.769953001642163e-8,-3.0155010198640416e-12,3.017111360816542e-14,2.446132083408506e-12,5.934088981102311e-5,-1.1197823994870755e-11,5.5648697986509505e-6,0.0009558657197571688,1.8085557257688003e-5,-0.012392335693156164,3.3418090859800948e-6,0.002578149845001165,-4.4497793424096484e-13,2.591088711658484e-5,-6.970207458813644e-5,-1.6724544758441757e-6,0.0004164638956939192,0.032222790686677286,-0.007882619196712593,6.181874533062372e-13,4.0929895109063334e-5,1.4908792336268545e-9,2.4859403604350985e-6,-0.0062338643336112345,1.7882200385705107e-8,-1.0994925884229216e-10,1.0017506750476248e-6,2.8438534722146923e-13,-8.212869682700503e-6,0.002749902702455087,5.5278721742001e-10,-1.1430720294707108e-7,-2.7161067177289835e-8,0.0012808112558802308,1.8009176565925812e-7,0.0022586597501206697,-3.261528723818093e-11,6.864686511930517e-8,-1.7639971318883898e-5,9.05753824584033e-11,-0.0019610975958420105,5.145315580876529e-11,0.0035702700310468152,0.001923993233174373,-0.00486268364601165,4.1658138557055115e-11,7.414662547130587e-11,6.207182571955657e-8,5.301519623922646e-8,0.001155929569948599,-8.079985193995501e-10,-1.9291005346452008e-11,-4.3116581574055257e-7,0.00016770395261214412,1.0091495865615863e-11,3.890587549763019e-8,7.251578754736511e-8,-5.3357059587361816e-5,-3.5988165395885525e-6,2.1033199084311233e-11,7.876742709267798e-13,-0.0011158009372772123,3.552239692220499e-5,-1.8711605240859366e-7,8.513811831986266e-10,-1.119790740001447e-6,0.0006505906167455548,5.261333691494931e-9,2.2459651124383405e-9,-3.3357687438398466e-9,0.0017893660049665703,0.0005197781418578147,1.839746199694101e-5,4.5740753240201345e-5,3.333051239765484e-5,-4.136292091296394e-5,1.4000576246184182e-11,-9.703805290753391e-12,0.00755743757886947,-2.5494941974845794e-6,1.2637605234236853e-12
0.0,0.0,0.0,0.0,0.0,0.0,0.0,0.0,0.0,0.0,0.0,0.0,0.0,0.0,0.0,0.0,0.0,0.0,0.0,0.0,0.0,0.0,0.0,0.0,0.0,0.0,0.0,0.0,0.0,0.0,0.0,0.0,0.0,0.0,0.0,0.0,0.0,0.0,0.0,0.0,0.0,0.0,0.0,0.0,0.0,0.0,0.0,0.0,0.0,0.0,0.0,0.0,0.0,0.0,0.0,0.0,0.0,0.0,0.0,0.0,0.0,0.0,0.0,0.0,0.0,0.0,0.0,0.0,0.0,0.0,0.0,0.0,0.0,0.0,0.0,0.0,0.0,0.0,0.0,0.0,0.0,0.0,0.0,0.0,0.0,0.0,0.0,0.0,0.0,0.0,0.0,0.0,0.0,0.0,0.0,0.0,0.0,0.0,0.0,0.0,0.0,0.0,0.0,0.0,0.0,0.0,0.0,0.0,0.0,0.0,0.0,0.0,0.0,0.0,0.0,0.0,0.0,0.0,0.0,0.0,0.0,0.0,0.0,0.0,0.0,0.0,0.0,0.0,0.0,0.0,0.0,0.0,0.0,0.0,0.0,0.0,0.0,0.0,0.0,0.0,0.0,0.0,0.0,0.0,0.0,0.0,0.0,0.0,0.0,0.0,0.0,0.0,0.0,0.0,0.0,0.0,0.0,0.0,0.0,0.0,0.0,0.0,0.0,0.0,0.0,0.0,0.0,0.0,0.0,0.0,0.0,0.0,0.0,0.0,0.0,0.0,0.0,0.0,0.0,0.0,0.0,0.0,0.0,0.0,0.0,0.0,0.0,0.0,0.0,0.0,0.0,0.0,0.0,0.0,0.0,0.0,0.0,0.0,0.0,0.0,0.0,0.0,0.0,0.0,0.0,0.0,0.0,0.0,0.0,0.0,0.0,0.0,0.0,0.0,0.0,0.0,0.0,0.0,0.0,0.0,0.0,0.0,0.0,0.0,0.0,0.0,0.0,0.0,0.0,0.0,0.0,0.0,0.0,0.0,0.0,0.0,0.0,0.0,0.0,0.0,0.0,0.0,0.0,0.0,0.0,0.0,0.0,0.0,0.0,0.0,0.0,0.0,0.0,0.0,0.0,0.0,0.0,0.0,0.0,0.0,0.0,0.0,0.0,0.0,0.0,0.0,0.0,0.0,0.0,0.0,0.0,0.0,0.0,0.0,0.0,0.0,0.0,0.0,0.0,0.0,0.0,0.0,0.0,0.0,0.0,0.0,0.0,0.0,0.0,0.0,0.0,0.0,0.0,0.0,0.0,0.0,0.0,0.0,0.0,0.0,0.0,0.0,0.0,0.0,0.0,0.0,0.0,0.0,0.0,0.0,0.0,0.0,0.0,0.0,0.0,0.0,0.0,0.0,0.0,0.0,0.0,0.0,0.0,0.0,0.0,0.0,0.0,0.0,0.0,0.0,0.0,0.0,0.0,0.0,0.0,0.0,0.0,0.0,0.0,0.0,0.0,0.0,0.0,0.0,0.0,0.0,0.0,0.0,0.0,0.0,0.0,0.0,0.0,0.0,0.0,0.0,0.0,0.0,0.0,0.0,0.0,0.07492085453112333,0.0035808140668690766,1.185767112822229e-8,-6.163815068201841e-8,-2.010679936761306e-9,3.2437262795593307e-10,-4.5793421708107054e-5,6.211597756556357e-5,-0.00022986947268789252,4.6033834048825464e-7,0.00012911017398929524,-5.177392033121633e-10,-0.004300535549322376,1.7373114895760183e-6,1.3538817857004053e-5,-0.0013559750512328896,-0.003085915495075411,9.8500556551543e-6,0.0010235575469663006,9.456663320619503e-12,0.00021857277444547945,0.0001171918112298933,-1.2062879078391502e-5,-1.0182533256250868e-9,-6.0126934356458916e-5,8.322480003478153e-7,8.802697435267074e-12,1.7761658727994614e-5,2.550887877355149e-6,-0.00021412181746421186,-2.1543731897393967e-7,-6.5649018110498e-7,-4.165836840175266e-12,3.921629610869404e-11,7.596743018952001e-6,4.338127987345486e-11,4.436097560976986e-12,-0.006545666999850449,-0.00039807840919011414,-0.0001452198182851896,-1.6969526665475194e-12,0.0008893723946311869,4.1939862537332874e-13,-0.00021232968962608937,-3.0908777309954697e-9,8.291279494359996e-6,-1.545172108665048e-11,-1.7319800280605593e-6,-9.920577344129691e-5,-0.0002508640092962967,-1.1080532512549388e-5,-1.9548946174460934e-5,-0.00027643695171815597,3.253441359590865e-10,0.00017771173577283824,0.01951638403814854,7.741279473057247e-7,0.0010630615911744737,0.0017504176610550182,-0.000389818116067912,8.182991923479198e-12,0.00041816269797387,2.1773653731050513e-7,9.552966753123134e-7,-0.0027279225118188462,5.0556620789350135e-8,0.009967938552194832,3.923931688138744e-10,8.810700030521762e-5,0.0003945012685944045,-0.001748080654338891,7.483959939127178e-11,-0.02041263104795586,-2.573673054838378e-8,-5.155556925094366e-12,-4.9557167046012656e-5,4.293746668425658e-12,8.947254948787733e-8,1.3639375003506813e-10,0.0010137349933798745,-0.0013832602813365613,0.0006997362239023382,-3.405024029170125e-5,-1.7761852126511688e-5,6.436543394554925e-8,-1.4375224347374791e-5,-7.056479168238613e-10,0.000704878079324646,-0.0162667762985532,-0.00572073786488743,-8.942738549752613e-12,-1.861255447605799e-12,-3.920051559414637e-9,-1.062025312322679e-6,-0.00015609937250475427,2.404269612848943e-8,-0.0011313507677897575,-2.9829623739514296e-11,-0.00013715171008458552,-0.00047125241065479415,-0.0025830077773697493,-4.230009741547343e-10,-0.00018149141306290787,4.3742574294438553e-11,1.0473815549032163e-6,-2.0188748877154826e-10,0.0024125739122096428,-2.029534800433171e-5,-0.0002479761183664353,1.699922879726352e-10,0.000893451926828457,-0.001185772152328795,0.00177085853243709,-0.019122558601613382,8.841131391594031e-12,1.7731462471813983e-9,1.5038324311515926e-9,-0.00023516791608383885,-0.0024335533559361137,0.00010571575648447291,6.965884336874591e-10,-0.006753793950696217,2.5666923297197774e-12,1.1831361211208168e-6,-7.375346725058406e-6,0.0005917173488860183,3.5442814639510455e-9,-1.2782686009154458e-8,0.004586415315659673,0.02923301942703411,-6.267025831112085e-7,-2.7189361310219524e-6,-2.2456276725120693e-5,-3.2123297182344296e-5,2.017220075933758e-9,2.787188898482407e-10,5.625022712430838e-5,-0.017677775390165566,6.772374982740943e-11,-9.26749040159687e-5,0.0029005116437689593,8.369600465515471e-5,-3.5401906941261156e-7,-2.836867036007565e-6,3.35724736315652e-10,7.132467080432224e-8,-1.0229310415544409e-7,-1.099647853009094e-7,4.493677939476874e-5,4.52771216274422e-7,-7.749594838079241e-5,7.078698754184248e-10,2.218862912649795e-12,-2.3842165412050535e-5,0.0006227746682301513,-6.741896563111079e-12,-9.527180714480943e-10,4.780716417996269e-10,8.245832308593574e-9,5.9388174733617967e-8,-0.0005076738777537223,0.018197413099525026,-8.19265222776853e-8,0.00029276449196344084,7.027111098871431e-9,1.32739057441749e-10,1.986821805061587e-10,3.3018762936847956e-8,3.635600154015916e-5,2.3790198723651987e-11,3.902679823760485e-10,5.0864793655513914e-5,0.0004824541413017437,0.0003848862023136558,8.167921866528001e-7,-1.261108468709328e-9,-4.594992821497021e-8,-2.377468114246414e-9,-4.794920562190748e-6,-5.972235548383497e-11,-0.003844473168547019,-0.0037960856272155983,-3.3143937197128956e-10,9.729727058162949e-6,4.213852949676293e-9,-1.132936956010705e-10,1.4450905298974384e-9,0.000256363623310503,-6.468338755859399e-9,-0.00013034181733409327,7.27774165323921e-5,-4.205336960147199e-10,1.4289056056546464e-10,3.4919068035720126e-8,1.3841931343146375e-10,1.477203741139628e-5,0.000672781497664978,-9.20419443735435e-13,0.0097461207303203,0.00196107023437839,-1.9524815315516433e-11,0.0003372968283869689,-5.939561854691249e-5,-9.212054966076249e-9,-8.993093692122655e-8,6.823041043094642e-5,-0.00017361323651753782,-1.3869795630604872e-6,1.3812022894208e-10,0.00013345329329987946,-0.0001974398951435217,1.2478579926818098e-10,-0.0021155360917148045,1.1084305103387778e-7,0.0012562382003457754,6.918438090736293e-6,-3.702612051944716e-6,4.607775929411243e-8,4.564412576644694e-9,5.290632294915112e-8,-0.0010522097476490216,-0.0003955012165818853,2.025209692997534e-10,7.297213245530659e-10,-1.1576496826181994e-9,6.014496846131947e-6,0.0013435265798126888,2.6839646370363084e-12,-1.2976647000692813e-10,1.3304226748999906e-6,1.412629738069296e-12,-9.70099804300506e-9,2.2035191237308827e-7,-2.6046713223839988e-6,7.913093387951438e-8,2.0437265436103862e-7,-0.000954868566965505,-6.8470337971122974e-6,4.956066026723107e-12,2.96859508089171e-5,7.548817953945687e-7,-1.0860859847549198e-5,-0.0002598431746728142,-0.0013520920130368583,2.310785575592011e-11,-6.831052445211841e-12,4.78889889536409e-5,-0.0001334449461466613,9.033932931820562e-5,-4.786250276023948e-7,-1.1620206628651664e-9,-3.1798975149599644e-10,-0.0009653094516139145,0.000104525082521143,-9.28947208989694e-6,0.0003347874598710583,0.0014675484780820975,6.227194803182024e-9,8.649798797680759e-5,8.58883891473899e-9,-4.228710083564909e-6,3.063076948376294e-5,0.005040586491808094,-3.565959879498991e-8,1.1324451557630354e-8,6.388214513016173e-8,0.00017399716311340287,3.868943272671344e-12,-5.655422421142432e-6,-1.3439311060266946e-10,-0.008368571136158567,1.0860346351288223e-9,-2.474741605095409e-13,-0.0021785106618252845,-1.6913772555852055e-6,-0.0005869296956327086,0.003634637638769859,-2.637333394690445e-5,0.00011972047542977113,-3.109595878829711e-10,7.070596047885447e-5,-0.006166705877974047,-1.1552463958432519e-7,0.00029967191212882386,-6.811794708397059e-5,-1.0727563586904017e-6,-0.003571317421801739,-6.563548892850532e-8,3.909273304376866e-5,-1.5653876046805913e-10,-1.5877040139863547e-7,0.00011010339293328282,-1.0924597005749329e-11,0.004699094788234142,-1.1295658740357673e-5,6.524030480109987e-6,2.2515508365219855e-11,5.428453900846759e-11,0.0017739930528451273,0.0038420354322906986,-8.16681718220653e-8,7.659201511724374e-11,-3.340987280073878e-11,-4.5228420384512386e-10,1.0972203882908145e-6,0.0035773532133073402,4.4979412581091115e-6,0.00012252272883487482,1.6876434189324933e-12,3.15013087637996e-5,4.5567480146245494e-8,-1.4113835845123616e-7,-0.0007716611986158514,2.384300965973711e-5,3.7063917644784866e-9,4.649690179461752e-7,0.00017706645146319417,-2.0305457759073383e-5,-6.379675937229702e-11,0.0011536723901641815,-0.00496905501431307,1.0339547230118481e-8,3.9341162842072974e-7,-1.6861542501241885e-6,-3.9059604847964503e-7,7.655468138580176e-11,-0.0005143790825837925,-2.2848076275966386e-7,-2.1064120982276857e-5,-0.0009053478266738981,6.507865887192049e-5,0.0010368490439429364,-8.944851004151676e-8,-1.6576242210834268e-11,-3.572580096868271e-11,0.00122921678272483,0.00034884995523350995,-0.003805926136073643,0.00018913841965054575,-2.706732120658659e-10,-1.7389938102582898e-5,-9.783918106954853e-12,5.349966658219999e-8,-1.0865942583835165e-8,7.196622565994808e-10,-0.006065527411660657,7.295214996371531e-10,-0.0018954131489856408,-0.00014442504934969173,0.02861839585362967,-4.30352219523212e-12,-0.0013671700361332843,-6.024378809909708e-6,0.0008014996665818921,0.0005079334392051755,-0.0003387690102570301,2.2311065033484278e-7,-2.1989482453838057e-7,-4.565352893626966e-12,-3.192057684278614e-12,-9.399650485119604e-12,-0.0008959073442757451,4.048654456425612e-11,7.934970316922562e-5,-0.011155037650362225,-0.000956932446961866,-0.00024222911180735678,-7.269209270620818e-6,0.004677554263219185,2.334249488103559e-12,-0.00011586434631387928,-0.004810320020871088,3.478140977895889e-5,0.0012092094316464626,-0.0014945289965237244,0.000788697269508877,-8.352676480232535e-12,0.0018179910583796836,-4.212752690773889e-8,-1.4816307117055493e-5,4.230200776008067e-5,1.9450181200394175e-9,-2.9225547812556033e-9,-6.459227631497773e-5,7.482760884784501e-11,0.00038478031410769893,0.0038907011289739516,-5.589964167888155e-9,-3.418600729973231e-6,-6.281709727172827e-8,0.0024064833442459907,-6.081093099264735e-7,0.000249902814712941,3.966017479885764e-12,1.5861250844508268e-7,-0.00013557864681713885,2.7351847528491367e-9,0.0016328071414706197,3.573518921525118e-10,-0.0028900277590355747,0.0005350863048292284,8.351419757281403e-5,-1.4023823894407336e-9,2.3659260762769943e-9,2.4735091830259643e-7,6.33029841777004e-7,-0.00024967736971245554,3.6711540344932104e-9,4.660666967776381e-10,-2.6972426012800857e-5,0.0018765751229698712,2.3301830770368827e-11,7.324492901427023e-7,-6.432523136614566e-7,-0.0001120057101812792,-0.0013791951515593258,1.4545812717717023e-11,9.150125722136134e-12,0.005663074166692244,-0.0005090251367251455,3.528153660530535e-6,-7.213238254941339e-9,1.0215042247939516e-5,-0.015150339168892637,1.690269061075338e-6,-2.078564127343322e-8,1.3644935760039477e-8,-0.00048199100629013044,-0.00027749136392205925,0.0005304649057486934,-0.0010504853951911754,0.0008382010219854754,0.0012534582663025152,-6.91857445024215e-11,7.281801502896179e-11,0.00010276550442451608,2.4852576659886382e-5,-7.315441168510462e-12
0.0,0.0,0.0,0.0,0.0,0.0,0.0,0.0,0.0,0.0,0.0,0.0,0.0,0.0,0.0,0.0,0.0,0.0,0.0,0.0,0.0,0.0,0.0,0.0,0.0,0.0,0.0,0.0,0.0,0.0,0.0,0.0,0.0,0.0,0.0,0.0,0.0,0.0,0.0,0.0,0.0,0.0,0.0,0.0,0.0,0.0,0.0,0.0,0.0,0.0,0.0,0.0,0.0,0.0,0.0,0.0,0.0,0.0,0.0,0.0,0.0,0.0,0.0,0.0,0.0,0.0,0.0,0.0,0.0,0.0,0.0,0.0,0.0,0.0,0.0,0.0,0.0,0.0,0.0,0.0,0.0,0.0,0.0,0.0,0.0,0.0,0.0,0.0,0.0,0.0,0.0,0.0,0.0,0.0,0.0,0.0,0.0,0.0,0.0,0.0,0.0,0.0,0.0,0.0,0.0,0.0,0.0,0.0,0.0,0.0,0.0,0.0,0.0,0.0,0.0,0.0,0.0,0.0,0.0,0.0,0.0,0.0,0.0,0.0,0.0,0.0,0.0,0.0,0.0,0.0,0.0,0.0,0.0,0.0,0.0,0.0,0.0,0.0,0.0,0.0,0.0,0.0,0.0,0.0,0.0,0.0,0.0,0.0,0.0,0.0,0.0,0.0,0.0,0.0,0.0,0.0,0.0,0.0,0.0,0.0,0.0,0.0,0.0,0.0,0.0,0.0,0.0,0.0,0.0,0.0,0.0,0.0,0.0,0.0,0.0,0.0,0.0,0.0,0.0,0.0,0.0,0.0,0.0,0.0,0.0,0.0,0.0,0.0,0.0,0.0,0.0,0.0,0.0,0.0,0.0,0.0,0.0,0.0,0.0,0.0,0.0,0.0,0.0,0.0,0.0,0.0,0.0,0.0,0.0,0.0,0.0,0.0,0.0,0.0,0.0,0.0,0.0,0.0,0.0,0.0,0.0,0.0,0.0,0.0,0.0,0.0,0.0,0.0,0.0,0.0,0.0,0.0,0.0,0.0,0.0,0.0,0.0,0.0,0.0,0.0,0.0,0.0,0.0,0.0,0.0,0.0,0.0,0.0,0.0,0.0,0.0,0.0,0.0,0.0,0.0,0.0,0.0,0.0,0.0,0.0,0.0,0.0,0.0,0.0,0.0,0.0,0.0,0.0,0.0,0.0,0.0,0.0,0.0,0.0,0.0,0.0,0.0,0.0,0.0,0.0,0.0,0.0,0.0,0.0,0.0,0.0,0.0,0.0,0.0,0.0,0.0,0.0,0.0,0.0,0.0,0.0,0.0,0.0,0.0,0.0,0.0,0.0,0.0,0.0,0.0,0.0,0.0,0.0,0.0,0.0,0.0,0.0,0.0,0.0,0.0,0.0,0.0,0.0,0.0,0.0,0.0,0.0,0.0,0.0,0.0,0.0,0.0,0.0,0.0,0.0,0.0,0.0,0.0,0.0,0.0,0.0,0.0,0.0,0.0,0.0,0.0,0.0,0.0,0.0,0.0,0.0,0.0,0.0,0.0,0.0,0.0,0.0,0.0,0.0,0.0,0.0,0.0,0.0,0.0,0.0,0.0,0.0,0.07473363950191886,-5.850196105302542e-9,8.671429603466906e-9,4.575446154623129e-10,1.5019831477247112e-10,-0.0002228153720777728,4.606905958683358e-5,-0.00027302117559760896,-1.060861195919836e-7,0.003918859700874462,1.3669039579971728e-9,-0.003939522199143861,-1.212359041822584e-6,-0.006731007225793101,0.017802640450233748,-0.002607845967414473,0.0006397502622268297,0.0010831427489849785,6.829266281711306e-12,-0.0008978519418921372,-0.00041412512013180175,3.3677543750864553e-6,-7.71854435447943e-10,4.185571839904884e-5,7.758701337739591e-8,-3.181619477012028e-12,6.349427553282985e-6,-3.461057390172392e-5,5.922128295788018e-5,1.021671221777084e-7,1.0687830060999357e-6,2.481303618620509e-12,-9.4460686907866e-12,-1.726389852179031e-6,-4.23688576140433e-11,6.988925661945897e-13,0.000628616683023482,0.00329955140545013,-0.0019800473255354714,1.5492701006409036e-12,-0.0027291289981157354,-3.7687489204173525e-13,-0.001198519406466598,8.366549184457188e-10,-4.2541195286004305e-6,2.201577773463418e-12,-8.116691011200243e-8,-0.00010559208260821844,0.0009046949987359128,-0.00044312805187099127,-0.00014946189970121884,-0.0006820756660680338,-1.0218527706051185e-10,8.899312142418224e-5,-0.0011506489421963019,-1.8934043273384947e-7,-0.0058053500521219065,-0.017899114802521293,-0.00015229207371535129,-9.370134526084743e-13,-0.00020539165410750378,-1.3077802896617547e-7,-1.5771535551461367e-7,-0.025228454173009538,-8.355956289266939e-8,0.006523291542106996,1.5304460218427392e-10,0.00016936066810354958,-0.002891388800880687,0.005385182659011708,-7.715198211416238e-11,-0.0017178510999180181,3.642172596316975e-8,-3.079919663747489e-12,0.0002209310686611789,1.3738758984238437e-11,-5.346787092094125e-8,7.27877485592535e-11,0.0007337332957057695,0.003769136157632907,-0.008454767335292443,1.8023229248222338e-5,0.0004439721347683724,1.6850983393145278e-8,-6.586116846178029e-5,9.568109637471618e-11,0.0036724115747511976,-8.430939771596939e-5,0.0018794419306332744,-1.0633554005760295e-13,9.319871079945448e-13,1.1388040050007914e-9,2.888771412414304e-7,0.00029466761747733194,-7.722255608091148e-9,0.0009552373042980732,7.587414860239338e-12,-0.0014415407880332444,-0.0028504984006088893,0.005390266641279679,1.3642599818175879e-9,-0.00017766343052940013,-1.471513197524956e-11,1.4235428274686153e-6,5.95845689675625e-11,-0.00020015298624122713,-0.00018370702526626317,0.004177564768267393,-2.4816021082960155e-11,-0.002018955486896673,-0.006059487124784568,0.005076188273512027,-0.0017601409290217223,1.0784918577135542e-11,9.014643266903059e-8,-9.206387512275589e-10,0.002119829752714177,0.006277302328052733,-0.0001469137975189502,-4.119149785987478e-8,-0.0026175582768271353,-1.4072812126345513e-12,-4.2499864246906965e-7,-2.850474237922606e-7,0.000477280168560647,-5.291339336185895e-10,5.4414847559320095e-9,0.029089436098592155,0.00033648854502047354,-1.457146393235604e-7,-1.5417951525457348e-6,1.4512069050336406e-5,-1.500633278823783e-5,-2.6646592555075364e-9,2.8088612495763815e-11,-0.0007359432750344034,0.0006748154392955539,-4.6799435469750344e-11,2.2353094717425117e-5,-0.0004592544391424507,0.00012079150547490899,1.3971279855749613e-7,-5.010797182825725e-5,6.365689223212428e-11,-2.1065379577254554e-8,1.2987514293473217e-8,-1.1527798388967677e-7,-0.0006702281920087308,-5.3964427525455585e-8,3.2683802780055985e-5,-1.1314947797535395e-10,9.991001914196259e-12,1.1979032461180931e-5,0.0014394923520654557,-3.2988540040451944e-12,8.546761668109043e-11,-3.714593594450405e-11,3.5184220957047288e-9,-7.978076356412452e-8,-0.0028935018044918964,0.0007253105784338854,3.615551033559147e-8,0.0001604266220864963,3.0455033726663313e-9,2.064811942661856e-10,-6.099363781919394e-11,-7.920445340254254e-9,-9.183453684505867e-6,-6.278865175001612e-12,9.159878682233063e-11,-1.5009679447315434e-5,0.0019186618024633621,8.695523181741518e-5,-5.640833097441397e-7,1.2414699091489404e-9,-4.502201375441083e-9,-1.8482712354924146e-10,-7.026517703892244e-6,3.4232579138208416e-11,0.001523408071201011,0.002415260599584525,6.76697532079382e-12,5.960306682375063e-7,-5.061043853831799e-10,1.176021509373641e-11,-3.6257726587650076e-10,8.255662378665196e-5,-4.428576376012155e-10,6.49688152469707e-5,-1.0480857654034263e-5,2.3647705909047263e-11,-2.511579374166613e-11,-7.575822835723708e-9,-1.2253802693447572e-11,-2.2880494312032547e-6,-0.001611187140623688,2.244422939245284e-12,0.0037793474992898826,-0.0032924583813854977,1.7628580853453296e-11,-0.0002300677734955547,2.277118188070873e-5,9.652028588063354e-9,7.479564995386857e-8,-0.00133761818330447,-0.0005624503411721423,3.2263181409980985e-7,4.2621497257345545e-11,0.0005990213188672503,0.023375393390995147,7.979366868813287e-12,-0.024529725966728186,-2.6896128373446e-8,-0.00015803127821356088,-5.758601742354517e-6,6.13752584269373e-6,-4.890815312649212e-8,-9.842910336325975e-10,-3.9602371316409795e-8,0.001223366521560284,7.741458742653684e-5,4.964663990192918e-10,-1.0559057496528745e-9,-3.683452484557641e-10,0.00029417372959389046,-0.019135350176787448,4.0474553585925526e-13,2.3887300186029262e-11,-2.931939024887745e-7,-6.848281778835356e-13,3.507288490915764e-9,1.340587940163656e-7,-8.133299257993695e-7,-3.171794079805204e-8,1.4383151910683517e-8,0.0020759252564806147,2.157796044754292e-6,-5.783415103443714e-12,-0.00011211152538276523,-1.762145583458228e-7,2.2274900836892283e-7,-6.631192232941707e-5,0.0005231224850463808,2.7612619106752426e-12,-1.0769861278979384e-12,-0.0001619326471031841,-7.305343002747955e-5,0.0006083356250899134,-1.4086428566075382e-7,3.056425562453014e-10,4.852646461332374e-10,-0.0001608328369002955,7.040697960267102e-5,0.0006072975686119504,0.000464322385224606,-0.00789256803471628,-1.4377246017792631e-9,-0.00016494914120396026,3.579724738949508e-8,5.132827009831792e-6,2.9076104876518693e-6,0.005678398701942318,2.1657662099934088e-8,-4.4027044988153854e-9,-3.024621875927293e-8,-0.0016340869428513852,3.9242895016893086e-13,0.01310397389039736,-8.599347127734082e-11,-0.002708101229817888,-6.041216756456272e-10,4.238782452787425e-13,0.0016895342500181088,1.084155761048641e-6,0.00019288257342381956,0.0009835435064142193,2.9755182359571334e-5,-1.842947076113226e-5,7.514790710564704e-11,-0.0043527703030418205,0.004352301292913335,1.1069915215431617e-7,8.597032899134086e-5,-0.013199927370154262,4.751901347617978e-7,-0.005459053641175553,1.530532207803596e-8,4.29373063425959e-5,-8.423835759442188e-12,3.387006568660379e-7,-0.00019324301999256756,-2.6062413563594716e-12,-0.006169893965441632,6.401994071270023e-5,-3.218675983387684e-6,-1.1785768733330266e-11,-2.5832106549976344e-12,-0.0036823857415167263,0.02947078699956589,1.864638190011786e-8,-2.3487958294843597e-11,2.119838066772612e-11,2.3040823232594293e-9,-1.493969026905438e-7,0.0011856505593626472,1.502474475430669e-6,0.030157034866809956,-3.4017231578406185e-14,-3.544065437838788e-6,-2.7190450980449982e-8,7.785934104851291e-8,0.010042151638554604,2.0853908574440773e-5,-8.425678911447839e-10,-1.6646236638322563e-7,-0.00015539563964556567,-1.9557292130985776e-5,-1.2789010920542549e-10,0.000516009610628924,-0.001908321158077813,-6.679672668460491e-10,-2.472156904600963e-7,-7.607671382377112e-7,1.2890771722895347e-7,-1.5313968769580766e-11,-0.00035603802903091524,-1.9416349573185697e-7,0.00011930525357675441,-0.010322169240289185,-3.5987519784004973e-6,0.001300778445080176,1.2917787395758622e-8,-1.561293406818404e-11,-2.2805378407322477e-13,0.00088589276008762,-0.0002085543148158353,-0.005724330284697373,0.000217229576221639,-5.4487700244491235e-11,8.335500316136892e-6,-2.0856852661178738e-12,1.9144683459754775e-8,-3.825348854588885e-9,1.679810563880572e-10,-0.01045487416351084,7.536139520170748e-10,-0.0007571733411527726,-4.425206729067571e-6,0.0017145741120426722,4.141214693392952e-12,0.000751255850673748,-3.7594156485460897e-6,0.00013920428009203963,0.0013507099769615582,0.001359487206358944,-2.2643820298050355e-7,1.2088215803638643e-6,-4.254080495760912e-12,3.9995989338619647e-13,4.162612625288082e-12,0.0007634165814866923,-1.9202474592853427e-11,7.178043121561703e-5,0.005364312724415352,0.0004822329394414825,0.0008322609591016734,1.6978807866785654e-5,0.017399054382446728,2.433505795004095e-13,-0.00023082974981680649,-0.0036578837948881976,-6.668134409543907e-6,0.004452712882688283,0.0008311653316053196,-0.01182821611011946,-5.64175805707146e-13,-0.000154076561707546,6.766498855835819e-9,1.6486709305937134e-5,-0.0018008310818559625,7.130741651795598e-8,3.477721429331046e-10,-8.160925019670832e-5,-3.1717632549844786e-12,4.0585169861380704e-5,0.0374126267466344,2.973363490923493e-9,3.9554078370449206e-7,-5.3855347988900904e-8,0.0024168553400885843,7.997341599805739e-7,-0.00021966850377354348,-9.148236813397947e-11,5.16862606020357e-7,2.4604348232268752e-6,2.9733238529953256e-10,-0.0051157998361051355,-2.9684930753957266e-10,0.007167974278160125,-0.0021348527468772597,-0.0003152509281174163,4.065679107905149e-10,-9.431663733998286e-9,5.2487149350861326e-8,5.384106403531973e-7,-0.0006919438950583803,-1.2299398957502262e-9,-5.159392344207203e-11,3.0146824405401193e-5,-0.0002966857086364524,1.7021071384334315e-11,2.1170430495194996e-7,8.159647780428583e-7,-0.0002473228702629268,0.00029753972263878744,3.47212837462495e-11,1.311474841721822e-12,-0.0033662718149275726,-0.00022779812477024232,-1.5418764509456955e-6,2.454774080425127e-9,-2.3896922991840614e-6,-6.54592697477845e-5,-3.891009716226749e-9,9.783282940880477e-9,-6.876920090717215e-9,-0.0034210542410870346,-0.006995419537416264,0.0008576592256079692,0.0019392830046814564,0.0010100105539206144,-0.0006491082357814693,3.709314409635406e-11,-3.069419059490745e-11,-0.0002929222589476053,-2.1161093436773062e-6,2.6767533689006616e-12
0.0,0.0,0.0,0.0,0.0,0.0,0.0,0.0,0.0,0.0,0.0,0.0,0.0,0.0,0.0,0.0,0.0,0.0,0.0,0.0,0.0,0.0,0.0,0.0,0.0,0.0,0.0,0.0,0.0,0.0,0.0,0.0,0.0,0.0,0.0,0.0,0.0,0.0,0.0,0.0,0.0,0.0,0.0,0.0,0.0,0.0,0.0,0.0,0.0,0.0,0.0,0.0,0.0,0.0,0.0,0.0,0.0,0.0,0.0,0.0,0.0,0.0,0.0,0.0,0.0,0.0,0.0,0.0,0.0,0.0,0.0,0.0,0.0,0.0,0.0,0.0,0.0,0.0,0.0,0.0,0.0,0.0,0.0,0.0,0.0,0.0,0.0,0.0,0.0,0.0,0.0,0.0,0.0,0.0,0.0,0.0,0.0,0.0,0.0,0.0,0.0,0.0,0.0,0.0,0.0,0.0,0.0,0.0,0.0,0.0,0.0,0.0,0.0,0.0,0.0,0.0,0.0,0.0,0.0,0.0,0.0,0.0,0.0,0.0,0.0,0.0,0.0,0.0,0.0,0.0,0.0,0.0,0.0,0.0,0.0,0.0,0.0,0.0,0.0,0.0,0.0,0.0,0.0,0.0,0.0,0.0,0.0,0.0,0.0,0.0,0.0,0.0,0.0,0.0,0.0,0.0,0.0,0.0,0.0,0.0,0.0,0.0,0.0,0.0,0.0,0.0,0.0,0.0,0.0,0.0,0.0,0.0,0.0,0.0,0.0,0.0,0.0,0.0,0.0,0.0,0.0,0.0,0.0,0.0,0.0,0.0,0.0,0.0,0.0,0.0,0.0,0.0,0.0,0.0,0.0,0.0,0.0,0.0,0.0,0.0,0.0,0.0,0.0,0.0,0.0,0.0,0.0,0.0,0.0,0.0,0.0,0.0,0.0,0.0,0.0,0.0,0.0,0.0,0.0,0.0,0.0,0.0,0.0,0.0,0.0,0.0,0.0,0.0,0.0,0.0,0.0,0.0,0.0,0.0,0.0,0.0,0.0,0.0,0.0,0.0,0.0,0.0,0.0,0.0,0.0,0.0,0.0,0.0,0.0,0.0,0.0,0.0,0.0,0.0,0.0,0.0,0.0,0.0,0.0,0.0,0.0,0.0,0.0,0.0,0.0,0.0,0.0,0.0,0.0,0.0,0.0,0.0,0.0,0.0,0.0,0.0,0.0,0.0,0.0,0.0,0.0,0.0,0.0,0.0,0.0,0.0,0.0,0.0,0.0,0.0,0.0,0.0,0.0,0.0,0.0,0.0,0.0,0.0,0.0,0.0,0.0,0.0,0.0,0.0,0.0,0.0,0.0,0.0,0.0,0.0,0.0,0.0,0.0,0.0,0.0,0.0,0.0,0.0,0.0,0.0,0.0,0.0,0.0,0.0,0.0,0.0,0.0,0.0,0.0,0.0,0.0,0.0,0.0,0.0,0.0,0.0,0.0,0.0,0.0,0.0,0.0,0.0,0.0,0.0,0.0,0.0,0.0,0.0,0.0,0.0,0.0,0.0,0.0,0.0,0.0,0.0,0.0,0.0,0.0,0.0,0.0,0.0,0.0,0.07464819931405708,-0.006308880267687822,-0.0006030285911412416,-0.001871741565989864,7.694905471931104e-7,-3.996165956554412e-6,3.421606428380093e-10,-0.00010943035125334018,1.1686159719645243e-9,0.008098697179444133,-6.1379611998580245e-9,-8.815414603907105e-5,-1.4357841322991473e-8,1.1517788220653977e-9,-1.2582630263425212e-7,1.1749067107405263e-10,1.2320069061398221e-7,3.447174308287119e-5,-2.595734540579285e-10,-2.203740318923449e-10,-2.560568339650485e-5,-0.008548292423864099,-5.366301317793304e-6,0.00019336931865680248,5.24175799512116e-6,2.9384090298406063e-5,1.3162589503913986e-5,1.0053385096551524e-6,0.0016052915882214412,-5.8686622826181905e-6,-2.8119810769609666e-5,-9.969352072924263e-5,4.717071074098537e-6,0.001102724920306999,3.167188496093716e-5,1.3101989867707946e-7,4.194933494526852e-9,-3.5492148175910465e-10,-2.765661117343196e-5,-1.5001165495659646e-8,8.862368402991219e-5,1.974184966902023e-10,0.0008348662657541768,-3.138874023593508e-5,-5.238043592097641e-5,2.1466160109256766e-5,3.286619480284547e-11,7.87957503971432e-11,-5.284295281094224e-12,-7.641724210521691e-11,2.517750665547157e-10,-0.011256788786496094,-1.9284835387314328e-7,-3.91784352740723e-8,-8.3728408072808e-5,2.7212513438020673e-8,2.77021809557662e-9,-1.38491320169773e-6,-2.695863593958056e-5,5.083299966812083e-6,-0.001701642074987234,8.530614970241019e-6,2.12578285324553e-9,-0.0030389429692707437,-6.040122305375962e-8,-0.00137636712020008,8.544857966391196e-11,-4.2263001081416317e-11,-3.6271743121869025e-8,9.894627302013826e-5,-4.9415770565095215e-9,-2.3704536268002043e-5,-6.685427253834449e-5,3.9201291552247426e-11,-0.00031708582762793433,0.0038546381815472304,-0.00097283140194035,2.418199358952372e-7,6.07671140250906e-11,-1.7914136460730697e-9,-2.0088697598021773e-5,4.5421012305111785e-11,0.0007697647163775751,-6.963170786596087e-11,-0.013415423369876335,-2.825086069952878e-9,3.831361695315005e-8,-1.8536849875482713e-9,0.000187242845839347,1.2898160405325715e-5,-0.013004402701900866,1.798575686849783e-5,-5.729772153126186e-7,0.01741807482141336,3.251287339841105e-10,-5.6147408011801906e-5,-8.296700599468947e-9,-2.998107010650306e-10,-3.8677378498939494e-8,0.006130040328869209,-1.4080432928031978e-10,-0.00015066376909338112,-2.6079140703070684e-5,-0.000325203453062875,1.812554636221617e-10,1.3799600669573545e-11,5.394725951560072e-10,0.0001149113680934336,6.479307961920804e-10,-4.003693610138595e-11,2.8759387613992576e-9,2.6871371251391784e-8,-1.643037087756336e-5,0.0009127047159796669,-0.00571499094809204,4.3782674397449494e-12,2.840226899053984e-9,9.445147466572564e-12,8.590627687062136e-5,5.213568112162735e-9,7.500358687324102e-6,0.0005235987981999271,1.3882456674108824e-5,-5.36624827703965e-9,0.007537023537212383,0.0016463530869395557,-1.7113241821496516e-9,-3.8369579989620866e-9,0.000332729770703931,-9.945778524233748e-5,-3.0067513770663042e-5,1.468996839945552e-6,0.011069382504701086,-0.0006164732118085709,-2.6210599906112266e-10,-2.5250501523410783e-8,0.0003780137207391843,-1.9983500764339836e-6,-1.1415472029371706e-10,-3.173606962437393e-6,-0.0019704056076083436,-5.969981489059559e-6,-0.005107704629667244,-0.002075444669624736,-0.0070186551479480596,0.0006562323004902989,-1.0975550650708305e-10,-6.169057112664156e-5,-2.6901903206980213e-6,0.0006093292806965506,-6.4440361548704095e-6,-1.5202682736710575e-5,-1.0303621381191142e-10,9.330962231206617e-5,-1.1907664286142335e-5,-0.001931857982557303,0.0010712540726200107,0.00032977174471194237,-7.460885146052683e-10,3.6527729644183245e-8,0.0024364775739550795,4.073482749018036e-6,0.004733435396928022,-0.0028896269180064115,0.0006102608479382748,-0.0014696171912697397,-4.934990034527034e-6,-3.419031704880651e-5,-0.0032454239744833836,5.005844664314697e-7,-7.436095236249047e-10,1.070460452238149e-6,-0.00010813536941395934,-0.0010227159003608358,-5.4113510732496885e-5,0.0045607169291636334,2.253894033663444e-6,-0.0005034478664609384,4.2936366615368545e-9,-1.834490896896888e-7,-0.0010815091841143904,3.1561286716592354e-5,0.005761344299293577,0.0001922083588190211,0.005723758853059652,1.1134482531504536e-10,0.0010795139588627419,-2.1076390367183078e-6,-3.3437343669813916e-6,-0.0005672752190430916,-2.9724469194725182e-5,-0.004023881678760882,-2.149367841656221e-5,1.6055591193554612e-5,-6.351407907806827e-10,-2.827447489777063e-6,-8.088523065509257e-9,-2.814832334493621e-9,-0.00021655759962794653,5.64905384176784e-11,-1.8434268152865835e-5,-0.0014110392775761337,0.00012662310064934273,1.8821481590536997e-11,3.985506287690389e-7,-0.00025404187729513757,-0.0005501962734809454,-2.0171391748045511e-10,-6.59819586431555e-9,-0.00044044084666095565,-4.73077242648227e-9,0.0005777105069703099,9.450318412873873e-7,1.384888519668272e-5,1.3118432405645856e-6,0.0026849539819507684,0.0004567279897168856,-0.00290231376371512,-1.778875102387197e-7,-2.4417526071820784e-6,-0.00795977828929132,0.03322060574130369,0.0002537502275949892,1.2434058537699126e-10,8.72749037601852e-9,-1.138228800241118e-5,-0.00022696429218841468,0.00013909874771790727,-1.0230182851161433e-5,-0.03791919114131505,-0.0008858829534041809,4.891023135498482e-5,0.0030295544147464046,0.00022641593001054638,6.840373511909166e-9,-4.310506068804864e-5,5.5279567446961446e-5,-4.8605200772801154e-11,4.944978489747662e-5,6.209666760039654e-6,-5.896966113504905e-7,-1.041219830238671e-7,-0.0003097824990981356,4.486426370121363e-5,-1.0785676221389542e-10,5.950198174839658e-11,1.3333906019312088e-10,-6.0403252802693625e-5,-0.001903615478406573,0.006212555322321974,-2.1328231064929028e-7,8.895572857391547e-7,-2.17339226390003e-11,-2.7119810102178563e-8,1.2313017755860989e-8,0.0010242192800569562,-1.1058289418474903e-10,0.0003006747373205267,-2.272960989814104e-5,2.032411195531294e-5,-3.3985148329088322e-9,0.003115987893170502,0.026262936038058706,-0.0007497612805892201,7.223911343122618e-11,-1.9844144191244443e-5,-1.0287746881610302e-8,0.0016651511485187133,2.4854143855044677e-9,0.006337315995613347,-1.0663299824638862e-5,1.44943482999719e-8,-4.6957066267654624e-5,-1.3082977598586892e-7,-9.599856037905417e-8,-5.0104989775552095e-6,3.6857599105506866e-6,-0.0003273647727264706,-1.8634671277498536e-10,5.563923163365677e-9,0.0002726559761595816,8.689744934340315e-7,1.8415804335187494e-9,1.120375443551189e-5,5.026322333761043e-8,-0.0010326453799642114,1.211484866938275e-6,0.0006053058995001189,-5.913894143857898e-5,-6.378833801462934e-11,-0.00011252800671938766,-3.2259734670976992e-9,7.907365720889154e-11,-1.1912783237915108e-5,1.5305062588411232e-6,0.00024860909698157046,-1.0236944826426583e-9,9.752224207866834e-9,0.000745320005676618,0.0006887999183940209,0.00038913808751820414,-0.019315141227703742,0.00017998662829510172,2.101262364759422e-9,1.4845184526175441e-5,1.5014238031145345e-9,5.355149830312996e-6,-2.638370623559698e-6,0.002072865990799084,0.0010173582412071848,2.847765920785856e-9,3.1049320147113404e-6,-0.0021291128935244136,-2.9258696999123775e-5,9.95169798982229e-7,3.544148629288652e-7,-0.003142191283340426,8.110434052234838e-10,2.2534623349118422e-8,0.0014895206624173038,-0.00041286652150400324,4.0313116103938304e-5,-0.00033022259700152067,-0.00033890990829170913,-1.1434444461009891e-7,-0.00025737427291697097,1.2760453418340681e-11,-1.6045851227019008e-9,-1.3613954050902695e-6,-3.756742003595546e-11,0.0008112088180021837,9.757168797264823e-5,-4.181446981783392e-5,-1.941992108288452e-8,1.6781278071584874e-8,5.670499248696951e-9,7.429433074204408e-11,-0.00035008733049950185,-8.004057294333301e-6,1.2617649814512715e-5,2.1407066164508073e-5,0.000373200070021877,-0.00420547269527765,-1.0029852655116282e-8,-0.005976845446827024,6.722049954498795e-8,-7.994163359750384e-7,2.128719744826569e-8,9.715894118244798e-6,8.424071634895428e-10,-6.0820274053472675e-5,-7.926282486374713e-8,-2.767912956336596e-10,-2.2056310985045827e-10,-0.00018421493838098976,4.2540540298055674e-5,8.182074785032313e-5,2.4962175497749483e-6,-4.564252342144226e-5,-2.4781704268633557e-7,0.00041328739747525635,1.539594218492746e-6,-8.862803354687734e-9,3.022988640793919e-8,-8.189414742394724e-11,-2.4572785825339672e-6,1.4388070567693004e-9,8.255032296171406e-6,7.811006339494021e-9,-5.1744415927311865e-8,1.0356094991453787e-5,-1.9981102124515476e-9,2.955439200496291e-10,1.276139894562178e-9,-7.043597215957546e-5,6.49849538990133e-8,-0.0018080970769238241,-2.195023770415406e-5,-3.64344878275176e-10,-4.260775293185412e-5,0.003610574197206399,1.582886647659724e-7,-0.00033472827185430557,2.2576950092084065e-6,-3.2761508376700305e-9,-0.0016406773415050583,-3.0703711143285813e-5,0.0003466544321218153,-2.0554611328766177e-8,-5.368737720238094e-5,-4.2791570129567164e-11,0.0008328084974232612,-3.449920422959537e-5,1.023493152157561e-6,0.00011209727952121536,9.300188937317143e-10,-0.00042338749711239715,-4.619982954013449e-10,-3.3637669757007574e-9,-5.847868686381774e-11,0.0003282323284808569,0.002748128715292295,5.699246598753573e-6,4.703878388721845e-5,-1.1068809142018084e-10,0.003942045564283303,0.0005328222906328493,-2.2588047459524128e-6,-6.7024957407803204e-9,0.0006853799141158158,0.00012653007000308246,-2.6755653501861116e-5,5.1496801624646916e-8,-1.5248569402774515e-7,-0.0007559705464352781,-0.00011905964917316826,-8.331568451128536e-9,-3.7480891067495786e-7,1.4140379921609128e-5,-0.022209575143906413,2.2954519105884947e-5,4.111273305018904e-9,-1.9030236530329545e-5,0.0027179337062772113,0.007241238312548737,-2.3538396818001537e-10,1.9805974825964396e-9,5.5795181668487004e-8,-3.912268109011709e-8,-1.601295719205339e-7,1.2275554068501732e-7,0.00017462958116241145,0.00029707426041273227,-3.9322944873536854e-11,3.089462673858534e-6,-2.118233691892725e-5
0.0,0.0,0.0,0.0,0.0,0.0,0.0,0.0,0.0,0.0,0.0,0.0,0.0,0.0,0.0,0.0,0.0,0.0,0.0,0.0,0.0,0.0,0.0,0.0,0.0,0.0,0.0,0.0,0.0,0.0,0.0,0.0,0.0,0.0,0.0,0.0,0.0,0.0,0.0,0.0,0.0,0.0,0.0,0.0,0.0,0.0,0.0,0.0,0.0,0.0,0.0,0.0,0.0,0.0,0.0,0.0,0.0,0.0,0.0,0.0,0.0,0.0,0.0,0.0,0.0,0.0,0.0,0.0,0.0,0.0,0.0,0.0,0.0,0.0,0.0,0.0,0.0,0.0,0.0,0.0,0.0,0.0,0.0,0.0,0.0,0.0,0.0,0.0,0.0,0.0,0.0,0.0,0.0,0.0,0.0,0.0,0.0,0.0,0.0,0.0,0.0,0.0,0.0,0.0,0.0,0.0,0.0,0.0,0.0,0.0,0.0,0.0,0.0,0.0,0.0,0.0,0.0,0.0,0.0,0.0,0.0,0.0,0.0,0.0,0.0,0.0,0.0,0.0,0.0,0.0,0.0,0.0,0.0,0.0,0.0,0.0,0.0,0.0,0.0,0.0,0.0,0.0,0.0,0.0,0.0,0.0,0.0,0.0,0.0,0.0,0.0,0.0,0.0,0.0,0.0,0.0,0.0,0.0,0.0,0.0,0.0,0.0,0.0,0.0,0.0,0.0,0.0,0.0,0.0,0.0,0.0,0.0,0.0,0.0,0.0,0.0,0.0,0.0,0.0,0.0,0.0,0.0,0.0,0.0,0.0,0.0,0.0,0.0,0.0,0.0,0.0,0.0,0.0,0.0,0.0,0.0,0.0,0.0,0.0,0.0,0.0,0.0,0.0,0.0,0.0,0.0,0.0,0.0,0.0,0.0,0.0,0.0,0.0,0.0,0.0,0.0,0.0,0.0,0.0,0.0,0.0,0.0,0.0,0.0,0.0,0.0,0.0,0.0,0.0,0.0,0.0,0.0,0.0,0.0,0.0,0.0,0.0,0.0,0.0,0.0,0.0,0.0,0.0,0.0,0.0,0.0,0.0,0.0,0.0,0.0,0.0,0.0,0.0,0.0,0.0,0.0,0.0,0.0,0.0,0.0,0.0,0.0,0.0,0.0,0.0,0.0,0.0,0.0,0.0,0.0,0.0,0.0,0.0,0.0,0.0,0.0,0.0,0.0,0.0,0.0,0.0,0.0,0.0,0.0,0.0,0.0,0.0,0.0,0.0,0.0,0.0,0.0,0.0,0.0,0.0,0.0,0.0,0.0,0.0,0.0,0.0,0.0,0.0,0.0,0.0,0.0,0.0,0.0,0.0,0.0,0.0,0.0,0.0,0.0,0.0,0.0,0.0,0.0,0.0,0.0,0.0,0.0,0.0,0.0,0.0,0.0,0.0,0.0,0.0,0.0,0.0,0.0,0.0,0.0,0.0,0.0,0.0,0.0,0.0,0.0,0.0,0.0,0.0,0.0,0.0,0.0,0.0,0.0,0.0,0.0,0.0,0.0,0.0,0.0,0.0,0.0,0.0,0.0,0.0,0.0,0.0,0.0,0.0,0.0,0.07376297565501828,-0.0007802787187026775,-0.00020609739375498131,2.093254578685825e-6,-1.1078069042567761e-5,4.190443943512008e-10,0.001962047151793581,-1.8362382132810048e-9,0.0018857917800611816,-2.6365218352052888e-8,3.3614746589573286e-5,2.2550259760101476e-8,-3.6694638678078323e-9,-2.2768446991727834e-7,-6.300874395270937e-10,5.037943621218655e-7,3.2739423819721105e-6,6.273871490116441e-10,-7.266620961305057e-10,0.00012432150877100313,0.005044117663818359,7.669182970603364e-6,0.001141179074922835,2.0390503096279175e-5,0.0001148736313977465,-1.9123882769963607e-5,1.8478129839474882e-6,-0.006861493302015468,0.0009228677247602108,8.171781144855981e-7,-1.3331919205709802e-5,-6.715194848688346e-5,0.0002126765648817513,-1.4566250732069614e-6,2.574387682992488e-7,1.2043876276685129e-8,-1.5118239976688525e-9,-3.9471054384248695e-8,8.26198513051395e-8,1.5939862600403983e-5,-1.0017826858200682e-9,-0.002483564099304096,9.76101390986622e-5,5.874553497554107e-7,0.0001113918232190226,-5.879005055158453e-11,1.3582391392723365e-10,-2.590638789213628e-10,-5.624909747415517e-10,-8.401307963506556e-10,-0.002916837503031555,5.394372126287267e-7,-4.567944624229479e-7,-0.0019219795782025513,-4.1689923953228224e-8,-3.2025198090712326e-8,3.331507989385924e-6,7.060003719419696e-6,3.327994476851313e-6,-0.003193100478064375,0.00012811139346689032,1.6958961988869672e-9,-0.013591216053047113,-9.772926257002748e-8,0.0003069382260149381,3.478604835402332e-11,3.937563640134469e-9,-7.567928950688297e-9,0.00011190072216745985,-3.1948599906757086e-8,0.007434877347568971,-1.3024363471115962e-6,6.831074852845698e-10,2.9343364144525965e-5,-0.03503860965575312,-0.00015479849779443094,-1.5066872211862715e-6,-1.0075174897257696e-9,1.2009173180871173e-8,1.7938669270928255e-5,1.899001695896583e-10,0.002430862270740935,2.7591043094546856e-10,-0.004721510088527023,8.754589946386825e-10,1.3200454597932042e-7,2.318987167444304e-8,-2.891354639110867e-6,-7.4816680189624815e-6,-0.004527900972890697,0.0007375302933970116,-5.190946012486575e-7,-0.005095029219518141,-3.1329860003896926e-9,-5.13773559897171e-5,2.2811550325697574e-7,6.167114374814955e-8,-8.784544082718752e-8,0.007149253193518837,-8.32235393664696e-10,-1.3202584138062326e-5,-0.0003899973304975343,4.833558973851456e-5,-1.5023301797044518e-9,-2.43032665985087e-10,8.651614860162078e-11,-7.709571485172601e-5,-4.248346829078641e-10,4.555598481780366e-9,-8.281566539127468e-9,-1.3207972293865325e-8,-1.6120039712530056e-5,-0.0062913933962754215,-0.004944302384622162,-3.269530069051103e-9,1.2729589175507363e-9,3.026052221137417e-10,2.8672461610188915e-5,-9.40976244581625e-9,-1.5775417676888205e-6,-0.001022957768189768,9.793223195347453e-5,1.5154188797202484e-8,0.0011785869519094854,0.0008947226075780856,5.416863534807477e-10,-5.493950972470922e-9,0.0003956601584246217,-0.0005121647473196663,-1.97825476044617e-5,-7.618830191322011e-7,-0.0010481995267837307,-9.134253235282421e-5,7.64062303487551e-10,3.0128067419141656e-8,7.805208141922527e-5,-1.2066672837141694e-5,7.496778168253056e-9,2.7944699117765063e-6,0.001954408724457787,-3.6341236905039493e-6,0.0009289113479558994,-0.0015289257033571767,0.02046430816176011,-0.0008267729727140038,-2.7372086752426643e-10,0.00015409293246581917,5.222192178449565e-6,-0.0001806822854922708,3.862441556686152e-6,1.0129829044322043e-5,-1.864270421167449e-9,-6.071466689828022e-6,0.0007593161816160238,-0.000597289861107031,-0.0031946196733583154,0.0033045302859669567,-2.4591965299459913e-9,-9.391471019603225e-9,-0.013113999407128098,-1.039663536000028e-5,-0.008761646540545799,-0.0002228788589191316,4.904045051268406e-5,-0.02019020197187089,3.087874984793574e-5,-2.859527429786092e-7,0.00010704324190101061,3.9159498174323694e-7,4.318195796322881e-10,-5.72981869976446e-7,-0.0004599256741409601,-0.0012906093044111103,-0.0010059158718446002,0.0017714437819574848,3.029886443381756e-5,-2.484744249404063e-6,3.1718767295620916e-7,1.5433080988704837e-7,-0.00018645270533636392,3.593744107836093e-6,-0.0013576807719118593,6.036605631566944e-6,0.0012323583425457218,-2.645082419215602e-10,0.004104766707280657,-6.3530624256105445e-6,-1.5067379110257227e-5,0.00028453904614592995,-2.443584425255161e-5,0.0032926197658767788,6.449493102061354e-6,-4.0279690368607535e-5,-3.0574229417311956e-10,-1.793659659808341e-6,3.4229725831178745e-8,1.4475715296757504e-8,-7.369514781130298e-5,2.275281748495244e-9,-2.2475392049042848e-5,0.004542775084539209,0.00120907916217383,1.282393417347553e-9,-3.712996958567192e-7,0.001295093562736903,4.107381000807014e-5,-1.9256052530399997e-9,4.9320503652529204e-9,-0.0001735812058969686,6.095494173049211e-10,-0.0017825410003232483,-6.275232312319728e-7,-5.900143619903337e-5,8.367819190907027e-5,0.0039374679171502195,0.0001360806563378364,-0.005382670933113613,2.5453608550475227e-7,6.941516953797495e-7,0.006599555189049608,0.0038405391803510184,0.00013525478063557803,4.045960879782863e-10,-6.148932447230813e-8,1.3619747470668292e-6,-7.647278748674484e-6,0.0017124974036449262,-1.1785000510935261e-5,0.0004419045181973727,-0.0015878927366399182,-5.8264805731660174e-5,-0.0063469891476116355,-0.00201862628980369,2.3529574592095402e-8,-0.0001461880000946122,1.2402293234711482e-5,-3.624722074166225e-10,-0.00026243949578361886,2.3612382134176218e-5,1.7187442851207058e-6,-1.1498613883372598e-6,-1.6940326923548702e-5,7.519975023191972e-6,-1.852483491526509e-10,-1.8402296341887965e-9,-9.335237396118021e-11,0.0005477115884586411,0.0005044747255292058,0.002222422763424874,-2.1143900377473703e-8,-4.528214718286534e-7,7.951122879729628e-10,1.5011843846628073e-6,1.4297044477745486e-8,-0.0014473357270410536,-3.0706094725829954e-10,-0.005743433099015008,-7.824306507271363e-6,3.8440782464915965e-5,-4.277816868439536e-8,0.004148068488247139,0.007047947103354581,-0.0032125395058885953,-7.468503491222751e-13,1.6209312723620267e-6,2.6367485851894023e-8,0.0010180144498991755,7.856722383185788e-8,-0.0002453251984839289,4.905570305358989e-6,7.538603188113365e-9,-4.306248547101217e-6,-1.8642428401591935e-7,-3.8588333462239926e-7,-7.0291684933426565e-6,1.051778442785102e-5,-0.0017713125848097114,4.29478375773713e-9,-1.1158037973469183e-8,0.0003919283002703035,4.6476844123292883e-7,-6.226581335995444e-9,-2.5670538118254536e-5,8.587345039850221e-8,0.03815471075902194,-7.952606693594664e-6,0.00035733757737836517,-0.00010092028219885919,9.431966248113856e-10,3.556615244150989e-5,-3.440424316391105e-9,6.358975332772864e-11,2.0900374076547495e-5,6.780355923611774e-6,5.5980711284787304e-5,-2.0637647546509886e-9,7.967976865223428e-9,-0.0034184029134240136,6.47685523686384e-5,-0.00017280937507331762,-0.02304681923285004,-0.0005911524693556536,6.742614251587703e-9,-0.00015128585381702405,-2.3500838933008536e-10,-1.352578699429196e-7,-1.1936430345874535e-5,-0.008657362662822148,0.0024437269200729013,-2.5527800902842566e-9,-9.968014437087141e-6,0.0003104088660612762,0.0009034675429821163,-2.72848389307585e-7,-2.6352463479277165e-6,0.0005402686154367493,-2.5435764776139633e-9,7.715922704439902e-8,-0.021031435788200787,-0.002101913193633579,0.00019492735111915799,0.0011895169708305991,-4.659157485950467e-5,-1.7698092679919058e-7,0.00013578037847115148,-4.5408268578181396e-11,-2.8648187560751867e-9,9.07320503381457e-7,-1.6229309091309808e-9,-0.005795569785124578,-1.9334808760383935e-5,4.065954413063816e-6,1.4156034009266693e-7,-6.346479011185616e-6,-3.157872440012558e-8,-2.03044807410644e-10,4.33377718701688e-5,2.306811492612881e-5,1.172624101342324e-5,-0.004566237642988495,0.0003246514071828514,-0.0003675369921665064,1.260936728655753e-8,-0.002846353367137424,3.032823654651251e-7,-1.3399119631541685e-7,3.015151651267561e-8,-5.757742166360173e-6,4.255365720342315e-10,-4.025902577337734e-5,2.705196398979303e-7,-1.506372694138946e-9,5.96662628109877e-10,4.736540838617513e-7,-0.0003560945690873508,-1.065481226541803e-5,-2.166826524726858e-6,3.946804582963554e-6,-6.494465234408778e-8,5.767261669970667e-5,-2.5830580705689288e-6,-2.2973338988939555e-8,-7.107571349992855e-8,-5.237022928324304e-11,1.006732232573796e-5,8.038423858799237e-9,-2.5301778676418274e-7,-6.95046044259238e-7,2.8059485816884522e-8,5.639990623322775e-5,2.781051208472269e-9,5.430883171715088e-10,-2.707761771774197e-9,-1.6483360121638535e-5,2.1241928033575023e-7,0.01854835469925544,4.984122642178165e-5,-3.13414065084243e-10,0.0034657686620970327,-0.0004511036361613326,-2.0491790032277786e-6,5.618305649156625e-6,-2.2348920847970174e-6,-5.7647857224477175e-9,0.0008755577231937388,-0.0004411338797635107,-0.0004877481085827954,1.210266636831338e-7,0.0001885323586902467,7.961071498944621e-10,1.8139901692158114e-5,0.00047944496995183054,8.613216080552168e-7,-0.004882906541515202,-1.3141244981760121e-9,-0.0008402422137726158,2.1716194286554884e-9,-1.1187315896986565e-8,4.6947681238254657e-11,-0.0007894258071020469,0.003704568886933702,0.00039391043988349354,0.00013816636213070433,-5.439443699512628e-10,0.0007017844714233728,-0.0003972257461395135,-3.5023782010115338e-6,-3.8345917871666824e-8,-0.00012047438896877796,-0.00021184951396897134,2.159545298736724e-5,2.5315798448193514e-7,-5.060855485973778e-7,-9.525027247910575e-5,9.31464852609121e-6,1.5628692489573835e-8,2.672876075022732e-6,-8.734025235558031e-6,-0.0019103697112520138,-0.00013496469653806483,8.698943259295397e-9,-0.00020363549452242642,0.015687814561755282,0.01103437774970081,2.148168737553761e-9,1.3827848295383572e-9,5.607452552083509e-7,2.2868089479202096e-7,-6.135197138614102e-7,2.2338881570578433e-7,-0.0002011255074688495,-0.0001053734855492353,-7.53234917992403e-11,-1.2830685115005817e-6,5.036367017271554e-6
0.0,0.0,0.0,0.0,0.0,0.0,0.0,0.0,0.0,0.0,0.0,0.0,0.0,0.0,0.0,0.0,0.0,0.0,0.0,0.0,0.0,0.0,0.0,0.0,0.0,0.0,0.0,0.0,0.0,0.0,0.0,0.0,0.0,0.0,0.0,0.0,0.0,0.0,0.0,0.0,0.0,0.0,0.0,0.0,0.0,0.0,0.0,0.0,0.0,0.0,0.0,0.0,0.0,0.0,0.0,0.0,0.0,0.0,0.0,0.0,0.0,0.0,0.0,0.0,0.0,0.0,0.0,0.0,0.0,0.0,0.0,0.0,0.0,0.0,0.0,0.0,0.0,0.0,0.0,0.0,0.0,0.0,0.0,0.0,0.0,0.0,0.0,0.0,0.0,0.0,0.0,0.0,0.0,0.0,0.0,0.0,0.0,0.0,0.0,0.0,0.0,0.0,0.0,0.0,0.0,0.0,0.0,0.0,0.0,0.0,0.0,0.0,0.0,0.0,0.0,0.0,0.0,0.0,0.0,0.0,0.0,0.0,0.0,0.0,0.0,0.0,0.0,0.0,0.0,0.0,0.0,0.0,0.0,0.0,0.0,0.0,0.0,0.0,0.0,0.0,0.0,0.0,0.0,0.0,0.0,0.0,0.0,0.0,0.0,0.0,0.0,0.0,0.0,0.0,0.0,0.0,0.0,0.0,0.0,0.0,0.0,0.0,0.0,0.0,0.0,0.0,0.0,0.0,0.0,0.0,0.0,0.0,0.0,0.0,0.0,0.0,0.0,0.0,0.0,0.0,0.0,0.0,0.0,0.0,0.0,0.0,0.0,0.0,0.0,0.0,0.0,0.0,0.0,0.0,0.0,0.0,0.0,0.0,0.0,0.0,0.0,0.0,0.0,0.0,0.0,0.0,0.0,0.0,0.0,0.0,0.0,0.0,0.0,0.0,0.0,0.0,0.0,0.0,0.0,0.0,0.0,0.0,0.0,0.0,0.0,0.0,0.0,0.0,0.0,0.0,0.0,0.0,0.0,0.0,0.0,0.0,0.0,0.0,0.0,0.0,0.0,0.0,0.0,0.0,0.0,0.0,0.0,0.0,0.0,0.0,0.0,0.0,0.0,0.0,0.0,0.0,0.0,0.0,0.0,0.0,0.0,0.0,0.0,0.0,0.0,0.0,0.0,0.0,0.0,0.0,0.0,0.0,0.0,0.0,0.0,0.0,0.0,0.0,0.0,0.0,0.0,0.0,0.0,0.0,0.0,0.0,0.0,0.0,0.0,0.0,0.0,0.0,0.0,0.0,0.0,0.0,0.0,0.0,0.0,0.0,0.0,0.0,0.0,0.0,0.0,0.0,0.0,0.0,0.0,0.0,0.0,0.0,0.0,0.0,0.0,0.0,0.0,0.0,0.0,0.0,0.0,0.0,0.0,0.0,0.0,0.0,0.0,0.0,0.0,0.0,0.0,0.0,0.0,0.0,0.0,0.0,0.0,0.0,0.0,0.0,0.0,0.0,0.0,0.0,0.0,0.0,0.0,0.0,0.0,0.0,0.0,0.0,0.0,0.0,0.0,0.0,0.0,0.0,0.0,0.0,0.0,0.0,0.0,0.0,0.0,0.07362613064796152,-0.0014650255749596949,5.178494906504064e-8,-2.175401554473175e-7,2.34260119805122e-11,-0.0001265760009606232,-4.976193546950326e-11,-0.014336037721844089,-8.113001148257209e-10,9.085050745702697e-7,7.378159809096217e-9,-5.376898838111524e-10,-1.780487354885561e-8,-1.675097310178656e-11,-2.1430850616263748e-8,-3.552588294139199e-5,2.4369257943986202e-11,-1.999133268112234e-11,-4.4664908054695574e-7,0.0033137424671667312,3.686044960570786e-7,-5.125506460545442e-6,0.0013833754867674344,3.0019080311201123e-6,-2.1823182551287495e-7,8.127922931735097e-8,3.801424537513912e-5,7.0650946598710935e-6,0.0003396488162844666,-0.0015909261073267433,-6.3603469743698225e-6,0.0001394936740359881,0.0002345254306111052,1.3898328218888696e-8,2.5982096124862564e-10,-1.6090354000839925e-11,0.00012438105943216482,2.270726073453244e-9,-0.00026688460280464583,-1.836182129591926e-11,-0.0012687149543296114,-1.6580609065787665e-6,-0.00017346710524179142,-1.8472998853232553e-6,-2.186605036213813e-12,3.7690864334937494e-12,-6.0522326499929e-12,-9.518223411282172e-12,-1.4410982744868577e-11,-0.013281217666020844,2.5851747889305957e-8,-1.1824534445224147e-8,-1.2185012230006066e-5,-4.0132732732679995e-9,3.72427283664487e-10,1.1364069979375772e-7,4.309360375288998e-6,-5.758424974903579e-8,-0.00026485731693390676,-1.6129002931015606e-5,-1.30681318002137e-11,-0.000775756085633663,2.3075537283613116e-9,-0.004158933619856312,-4.022516087575384e-12,9.785536045298312e-11,-2.9351039797871688e-9,-0.008976833923373083,-6.722049780305907e-10,-0.00018414973062259076,-0.00031065964382258755,2.755461552437846e-11,-0.0012718708998092764,-9.800443728871867e-5,-0.004038196023463742,1.638624730817417e-8,7.879093056633091e-12,3.3987145386334895e-10,3.8627128200358737e-7,-5.255827687147487e-12,0.00010444089865395408,1.002690390113012e-11,0.006831094227623709,-1.5994826502040078e-10,3.2668034902500165e-9,1.27246585736041e-9,0.000546820217068645,0.00028550739184376577,0.012448325074071648,8.356923777689957e-6,-2.7572353524783544e-8,-0.0008646939473216812,-6.014277137015538e-11,0.0014759208626540727,1.7457626437210984e-8,2.3971177044211648e-9,1.3461784395815795e-9,-0.01141817427990772,-1.8999085183737068e-11,-0.0020881091458078913,2.9433536391292917e-6,0.005143153304017295,5.4561606194536304e-11,-1.360113428442446e-11,2.831784349686456e-12,0.00019937092642877688,5.249705165839997e-12,2.1267110707415545e-10,-1.197215040876841e-10,-1.8298083258977373e-9,0.000702217848827218,-7.935140644118678e-5,6.516809056369546e-5,-8.843657057187255e-11,4.01237615022412e-11,9.474737970987098e-12,-4.0209200032159294e-5,-1.5068389590804349e-10,0.00026160622504767164,-1.0872363075625514e-5,2.219601065714882e-6,2.671540393582343e-10,0.0015177513503169505,0.0009775094753055969,8.413493835173778e-12,1.1432986562196206e-9,2.419670561982659e-5,-6.879638750824117e-6,-8.599329396912313e-7,-1.1177859830857006e-7,-0.0002536611933588545,-0.005154333047818955,7.696704590930553e-12,4.685207900870804e-10,-0.0061892970505007545,-7.979411120028112e-8,1.108888975409798e-9,7.0217592036123e-8,3.369699410830543e-5,1.9257056360081557e-7,-0.014763374755316671,-0.00019603804504888918,0.0008460885345083092,1.4977603097295488e-5,1.1857415616847988e-11,3.402810644984336e-5,2.4322955467911064e-7,-0.023532700230091838,-7.254506346992817e-5,2.517389338491126e-7,-1.8499592054498252e-12,0.00047326159041147074,0.007718539224967456,0.004517093552955058,-0.0004814114992059465,0.0001623616591027741,-7.784397832253218e-11,1.8446669443023728e-9,0.00038680338099222336,-4.748847924902254e-7,-0.0006768160368216037,0.0010570735229942867,0.0048420403569543104,-0.0019476587997263022,3.499737367238741e-7,0.00015063249738656763,-0.0010628349216895503,-1.0003239810114954e-7,-1.0047063847108344e-12,1.689208114691174e-7,1.738454237567285e-6,-0.010486859661771725,5.7868549618450174e-5,-7.891299257587743e-5,8.504791576011418e-8,0.0015631592744890423,-1.496166045327207e-8,1.7099752231814652e-9,0.04638458737350658,-9.175676955580473e-8,-0.00048693043194950096,0.0024426912739826867,-0.026129889214720037,-3.6770652285578034e-12,-0.0007025458780712742,-3.814236838799552e-7,-7.757197707111949e-7,0.002784705163265188,0.0014108803646167712,-0.0011707620136445257,-0.00466211695238219,-7.173638420783743e-8,2.468578451600748e-11,0.00029293421088559795,4.35663643393724e-10,4.763374553149626e-10,0.0009173636909510904,5.4748277389511504e-11,-8.552054516458273e-7,0.00031806125306219437,0.0001460541713604649,2.45270883041893e-11,-4.5029600579706376e-8,2.9839823839282313e-5,-0.003930283324992921,-6.61692752740173e-11,-1.2856766855167487e-10,-0.0007109412313486155,-5.984496223732424e-10,-0.00016390857749476757,-3.149978319575909e-8,-1.647017145030489e-6,5.855001406976662e-7,-0.00019815420437735654,-0.02629472615090454,-0.0010131896511903482,4.2156622631333585e-9,7.479806463342009e-8,-0.0006515552915541445,-0.00500847547330925,-0.006605954023936248,7.604588149532988e-12,-1.1885714906023227e-9,1.657707908742602e-5,-0.00010494854389346167,-5.794112583882726e-5,-0.00016053122881678336,0.004917454093858904,-9.218694849394227e-5,1.0919809743735937e-5,4.961048361295384e-5,4.95026778964821e-6,-5.612325629486617e-10,-4.761080313164422e-6,-0.0005406816485498643,-5.675952901066401e-12,5.576200784459896e-7,1.9164154896966043e-6,4.426504619221721e-8,-4.739501652592474e-8,-0.0005673659547491263,-0.00018342303313126755,-8.373249286547493e-12,-3.708881307630744e-11,-4.444194621940108e-12,-5.024592504603168e-6,0.0007270259273634621,-0.004348568059131514,8.33178255511685e-9,-4.190010389480578e-8,1.842188057188802e-11,5.2536678222696965e-8,7.310063925988798e-10,-0.001192247212999158,-8.096823193172692e-12,-7.5882679060223e-5,9.400455232931526e-7,6.936728068891321e-7,4.397066606551436e-9,0.0008193671005274825,-0.001315235159285239,-0.00016447960635506957,2.122096987280384e-11,-0.00011784474167795086,-2.99242970028852e-9,0.0038621291157172797,4.744590644283771e-9,-0.0008026257143730716,-9.165048177330451e-5,-5.006063602095997e-10,-1.3527755811249788e-5,1.75512479300022e-8,-9.16099571243523e-9,-3.9698905672632464e-7,-1.231893012871561e-7,0.02637510863838188,4.915222182542592e-11,1.8490761384624977e-11,-5.703609075224929e-5,1.1219711474193751e-8,-3.1320418306951355e-11,-1.0636616611594233e-6,-3.3762092669852453e-9,0.0008878587269720608,1.924483252795229e-8,-0.0015873330095986212,-4.1089134769812107e-7,1.479968287093697e-11,0.0006876797946729276,-7.283698668375448e-11,3.286624264544199e-12,5.743718411347937e-7,0.0004601282391489059,-0.016299272796162265,-8.143510858666032e-11,1.324039586226853e-10,0.0004562201438620232,0.0032422928704168258,0.007429581023936508,0.0005207069433671276,-3.501879315827388e-5,2.674315225240126e-10,1.3244998345988557e-6,-4.4571768805365884e-10,-0.0006180341748384407,-8.096155037450419e-7,-0.00021534054119093092,0.00012746032714501277,-2.3270584713237713e-10,-5.852086758869589e-8,-0.00436724987240859,-4.47301940680373e-5,9.805703653569654e-9,-2.0066968757763344e-7,-6.247940132571735e-5,7.279188684143994e-13,1.4715537666797733e-9,-0.0011567074117738768,-3.4908958689891665e-5,2.804320657240622e-6,1.1943073352262712e-5,-0.0026883080640878227,-6.860781670863186e-9,-3.0036797763888098e-6,-1.7004728767892389e-12,1.5611525173246184e-11,-6.663800669319279e-9,2.636694106626582e-11,-3.1464173780079765e-5,-0.0023272031557513666,0.0001916021846068625,5.64957608556727e-9,-8.634683131425642e-8,1.1286962740434718e-9,-4.961445194524175e-12,0.031137437941633032,4.964866494831576e-7,0.0010231028485293088,-0.00028505482587323837,0.00074829957907038,0.0007245567997013935,-1.7042509935865954e-10,0.00041980808997796077,4.708804436058521e-9,-1.8817661825337986e-8,1.7550683730414333e-9,0.00042927046554488665,-4.972902938399761e-11,7.971390464122717e-7,4.947726703823787e-9,-4.8160796367600853e-11,-3.6059803399688003e-11,-2.3933316174654525e-5,3.7702639651253064e-6,0.00018525113270870047,0.00013158699118374022,0.00018130664317633319,1.565780150597575e-8,0.0004042350535295677,-1.075708061180739e-7,1.2525440043394914e-9,-4.852115167028591e-9,1.0028331800239347e-12,3.4396344722995004e-7,2.4594585829220485e-10,0.00013806371057916044,1.4389303659189848e-8,6.700002678254665e-9,9.423783516994607e-7,-9.83295654596574e-11,8.371885929654619e-11,-1.4467726388383503e-10,-9.128448916322956e-6,1.4209157881856027e-8,0.00037325794385922634,4.7564706495573416e-7,1.7344360071070817e-11,-2.7137449439189974e-5,-0.0019082916887076726,8.920843852846605e-8,-0.0019944894627312243,-1.3231751500478195e-7,2.6451072695736624e-10,0.0010370793542100203,-7.559797563232413e-6,-7.0911539406492696e-6,7.023223706695793e-9,-7.918133909395614e-6,1.7197618840810637e-11,0.002326962570010227,-4.002110336043044e-7,1.3786978904645803e-8,0.00014105149984472372,2.5564348354461255e-11,0.017661462252234684,-3.7977923479543734e-11,-8.725440805989045e-10,8.807610349189962e-12,0.009430801451244293,0.0005261251907693583,-1.0254499541965038e-5,-7.767709439686351e-7,-1.4386832727737515e-11,-0.0015362897786776086,-0.0017323490535437996,-6.974737595731603e-7,3.7516592952534756e-9,-0.008030387836337376,1.660277229747052e-7,2.7961183319774666e-6,1.3062666492046321e-8,-1.238807841359837e-8,-0.0004868466145662607,0.00016517490047416095,6.719688702563006e-10,9.070008569208075e-8,-1.4698894533131278e-6,0.001048978799471378,-5.852611811112433e-6,-2.404729387281474e-9,6.250184716606524e-6,0.0011717499709229006,0.0003312344888400794,3.083602771776148e-11,1.9150682716886588e-10,-4.88225990929158e-9,-8.845401236381618e-9,4.73963132926809e-9,-2.0781259564337497e-12,0.006589396476501159,-0.0014817434895113277,3.362554783258387e-12,5.295575772234671e-9,1.2107125943895491e-5
0.0,0.0,0.0,0.0,0.0,0.0,0.0,0.0,0.0,0.0,0.0,0.0,0.0,0.0,0.0,0.0,0.0,0.0,0.0,0.0,0.0,0.0,0.0,0.0,0.0,0.0,0.0,0.0,0.0,0.0,0.0,0.0,0.0,0.0,0.0,0.0,0.0,0.0,0.0,0.0,0.0,0.0,0.0,0.0,0.0,0.0,0.0,0.0,0.0,0.0,0.0,0.0,0.0,0.0,0.0,0.0,0.0,0.0,0.0,0.0,0.0,0.0,0.0,0.0,0.0,0.0,0.0,0.0,0.0,0.0,0.0,0.0,0.0,0.0,0.0,0.0,0.0,0.0,0.0,0.0,0.0,0.0,0.0,0.0,0.0,0.0,0.0,0.0,0.0,0.0,0.0,0.0,0.0,0.0,0.0,0.0,0.0,0.0,0.0,0.0,0.0,0.0,0.0,0.0,0.0,0.0,0.0,0.0,0.0,0.0,0.0,0.0,0.0,0.0,0.0,0.0,0.0,0.0,0.0,0.0,0.0,0.0,0.0,0.0,0.0,0.0,0.0,0.0,0.0,0.0,0.0,0.0,0.0,0.0,0.0,0.0,0.0,0.0,0.0,0.0,0.0,0.0,0.0,0.0,0.0,0.0,0.0,0.0,0.0,0.0,0.0,0.0,0.0,0.0,0.0,0.0,0.0,0.0,0.0,0.0,0.0,0.0,0.0,0.0,0.0,0.0,0.0,0.0,0.0,0.0,0.0,0.0,0.0,0.0,0.0,0.0,0.0,0.0,0.0,0.0,0.0,0.0,0.0,0.0,0.0,0.0,0.0,0.0,0.0,0.0,0.0,0.0,0.0,0.0,0.0,0.0,0.0,0.0,0.0,0.0,0.0,0.0,0.0,0.0,0.0,0.0,0.0,0.0,0.0,0.0,0.0,0.0,0.0,0.0,0.0,0.0,0.0,0.0,0.0,0.0,0.0,0.0,0.0,0.0,0.0,0.0,0.0,0.0,0.0,0.0,0.0,0.0,0.0,0.0,0.0,0.0,0.0,0.0,0.0,0.0,0.0,0.0,0.0,0.0,0.0,0.0,0.0,0.0,0.0,0.0,0.0,0.0,0.0,0.0,0.0,0.0,0.0,0.0,0.0,0.0,0.0,0.0,0.0,0.0,0.0,0.0,0.0,0.0,0.0,0.0,0.0,0.0,0.0,0.0,0.0,0.0,0.0,0.0,0.0,0.0,0.0,0.0,0.0,0.0,0.0,0.0,0.0,0.0,0.0,0.0,0.0,0.0,0.0,0.0,0.0,0.0,0.0,0.0,0.0,0.0,0.0,0.0,0.0,0.0,0.0,0.0,0.0,0.0,0.0,0.0,0.0,0.0,0.0,0.0,0.0,0.0,0.0,0.0,0.0,0.0,0.0,0.0,0.0,0.0,0.0,0.0,0.0,0.0,0.0,0.0,0.0,0.0,0.0,0.0,0.0,0.0,0.0,0.0,0.0,0.0,0.0,0.0,0.0,0.0,0.0,0.0,0.0,0.0,0.0,0.0,0.0,0.0,0.0,0.0,0.0,0.0,0.0,0.0,0.0,0.0,0.0,0.0,0.0,0.0,0.0,0.0,0.07331513928273369,9.203397217242539e-9,3.1695522606084534e-7,1.1038639841080057e-12,-3.789655449980503e-5,-2.0899537423872934e-12,-0.003006486438139996,3.831662636251777e-10,4.558023281904117e-6,-3.9678419175982427e-10,1.2381824299609823e-10,3.657464012022044e-9,-7.139626255860396e-12,1.715997508215096e-8,-7.322613445877859e-5,1.5547108943630463e-12,-2.5839399034544257e-12,1.5762917948177529e-6,0.0013464437989208831,8.647731664562607e-8,-3.8014194835284255e-6,-0.002304375577490149,-1.0339389459730766e-6,-1.5527268583061992e-7,-5.003808840716811e-8,-5.505204039742334e-5,6.207592573760384e-6,0.00019834627894179126,0.004849067119994911,2.9063854488824054e-7,0.005225104726259979,-8.980871876791409e-5,-3.922810662452491e-9,4.468133922290332e-11,-2.3364465465860195e-12,-0.000773402339810455,-6.0433817963864e-10,0.0002810166592018188,-9.630784823093762e-12,-0.0012790080878856164,3.6562551676549497e-6,-0.0011369475777524105,7.053719849718973e-8,-5.244090473006819e-13,3.2045269576812825e-12,-2.3639203247911915e-12,-1.3366780636637454e-12,-6.2677474113171426e-12,0.003034266756297786,-2.587974459382343e-9,-1.5930487294856747e-9,-4.7610906937857595e-6,5.355212022143026e-10,-1.2412949230705255e-11,3.615377083754969e-8,-0.0019949020244462157,-8.195140103083364e-8,-1.1797982080445913e-5,1.0247092573415329e-5,-2.1444095808907687e-10,-0.0001516344565893396,-1.2457530633230682e-9,-0.002337891415909991,4.331285828127443e-12,2.93561923970816e-12,1.4473239952725544e-9,-0.0012123308499133458,-1.3703444709898134e-10,0.0003053650442424701,-0.0020676050140659157,4.2957347057658485e-12,-0.004247170254959137,-0.00021380040320857899,0.059705328087100724,1.2100109240993854e-10,8.415761931471845e-12,4.687165116998031e-12,-6.848457386487156e-7,8.888176898116143e-13,-3.248772497140837e-5,-4.0811874262001707e-13,0.0008988217187407154,1.402349547142687e-10,5.222265724763343e-10,-4.682773521964579e-10,0.0014295599383347393,-0.0001286417149113369,-0.0003015111418768617,1.4006026757778396e-5,1.3072404050279023e-8,-6.544320861375033e-5,-1.739633965491704e-11,0.0022438482912526935,-3.835451549083306e-9,1.2842667945167281e-10,-5.89124842346207e-10,-0.004003484392613807,2.880025429519988e-12,0.0048005617468985275,-3.1577769979914546e-6,0.003018313252359138,-3.630779450028614e-11,1.5481545371001664e-12,5.224331020781336e-12,0.0024487932535963474,1.5821716671540792e-11,-3.1132066883434365e-11,-9.37579522958845e-13,-1.403712587191819e-9,-0.001351675592138889,-4.7488375602435097e-5,-0.00047985862963347865,-1.5104505202872e-11,-4.17800224627512e-11,-1.308990407788937e-12,4.345391013788749e-5,-1.7798690914172748e-11,-0.0004526699923165217,3.607752993087853e-5,-1.4867849347185362e-6,2.078602018722111e-11,0.0015242188770891601,-0.0001929503389800155,2.881151432265499e-10,-2.3558919157301636e-10,-1.058749519334603e-6,5.1194224162338265e-6,4.453296217486962e-7,7.951725788669051e-9,-0.0036623434750596975,-0.002221286120396767,8.565025603187982e-12,5.773693936159023e-10,0.00047230818887164885,-3.0322936041980567e-8,-2.073852161650391e-11,6.102064733770864e-8,-4.473995339806355e-5,1.4253314163044033e-7,-0.0004825648477873847,7.55834353426333e-5,-0.00011243555598485465,-2.703503323377901e-5,-3.229945223388783e-12,-1.2243887545109359e-5,-8.038567620359356e-9,0.00045137178291188143,0.0012276819437741194,-5.110273227591104e-8,-4.297172956201376e-11,0.0013161986423204423,-0.002598971562319523,0.011957554390142866,0.0016411623815770651,-1.2835522247860546e-6,5.870317091569184e-11,-2.0069956827506295e-9,-0.00022833145638835988,-2.6454025565951854e-8,0.00041906063782765215,0.05679128769721188,-0.013017223762702094,0.00034033860767819355,1.8390542822533606e-7,0.0019444485386175161,0.01047403016717903,-4.8387205593910575e-8,1.4928898412002188e-11,-1.3500845926869866e-7,-1.8802255559653888e-7,0.006044763504585064,0.000162240286165205,-0.01467283297011136,4.771741009607869e-7,-0.0011925708528005199,5.73756248275921e-9,7.763006469082894e-9,-0.0018714479778106717,-2.3278276962014489e-7,0.0034205368796013016,-0.003620335990029117,-0.00012309156910366556,1.2411096563100927e-12,-0.000574252218708954,-3.112432199336004e-8,-1.9082690283126166e-8,-0.004771598173030393,-0.005972745625932819,0.0003104262229396899,0.02196721477481626,1.1509650195154417e-6,-1.1346064180163245e-11,0.0007702286024611521,-1.6827757076463133e-10,1.7471555439985476e-12,0.0008617579600609236,3.5422140780903044e-12,1.4978587558125268e-7,0.0001456747567215106,1.7031376391837e-5,4.955705910327456e-12,-9.355529251534715e-9,5.265985244011966e-6,0.02641793127172969,-4.1715454195892284e-14,8.936711658584799e-11,0.04131935867367347,1.7124444596920403e-10,-3.434965983391629e-5,-1.4651567697468206e-8,-3.2893801314852815e-7,2.133366205702175e-7,0.00010610142022027231,-0.0004907423773025807,9.032272398340294e-5,-6.0696533267890046e-9,3.723052988079565e-8,1.115715808897963e-5,0.0006751515563060259,0.0009657343851680904,-9.949450591640033e-13,-2.7948388400393944e-10,-0.0002949988869319847,-0.0009962426381240482,-2.1958490041374743e-5,0.0020414719293226145,0.0020451734998337264,1.7107935958112502e-6,-4.435214192114532e-6,3.113918822782236e-5,-3.434248216669508e-5,-3.517891131441548e-10,-5.13393234693825e-7,-0.00017431376282989845,-1.4453778819958619e-12,-4.358603522624964e-6,-1.3947310058030477e-7,-1.905342193269318e-9,2.8417945418555852e-9,-0.006138883736859898,0.000811627816562413,6.309593389721292e-13,-1.2214059854035107e-11,-1.2877620620284866e-12,1.4922142028683135e-6,-0.005123973494112545,-0.0021276550828674187,-1.283988036647816e-9,8.459585122319471e-9,7.483139376877031e-12,3.930757791514952e-8,1.0451439638676805e-9,-0.0001576856687692441,-2.3399572531295143e-12,-0.00012687286443160663,-1.3900673020293114e-6,-1.703966053889665e-7,-1.656839313775057e-10,-5.242210557273476e-5,-0.00012653922099954047,-2.3669209779543603e-5,-4.165934349069415e-12,-0.00044554792860038275,1.292063851075088e-9,-0.006291009080448935,-1.1697198394111492e-9,-0.018058447586633466,0.00014520424073545223,-2.060268942521688e-10,-1.446204159532499e-6,4.768936578621025e-9,2.0957459638494716e-9,2.8255666215496454e-7,6.308714751226269e-8,0.0012046942000293714,9.240255007894464e-12,-8.50607660774393e-11,3.0453680183569277e-5,-2.622003815914889e-8,-1.328735414681589e-10,2.406624347401695e-7,-9.185393626965765e-10,0.00041770567494467305,-6.97577833590004e-8,-0.005075191064001491,-7.687095898478267e-7,1.1440402818819478e-11,-0.00134905345262851,2.719698027379541e-10,-1.0761257415387432e-12,4.0308277923526407e-8,-0.005299979981609683,0.002397972263062762,-2.3065212690037685e-11,-2.4884145675232563e-10,-0.00018157478469635511,-0.0010968685846625729,-8.45163093184312e-5,-0.0006097374588495366,-1.5745991110371083e-5,-1.1462874462001859e-10,-8.626249889362451e-7,3.463744486848772e-11,0.004254144624595772,7.78788802158938e-8,-4.039542067907085e-5,-1.7746790192556556e-5,5.110281630816017e-11,-7.986869843977776e-8,-0.0007265750271428689,1.3892650673570467e-5,2.4181705396923857e-9,-2.611885796111862e-9,0.0003315004056703111,-5.775100069104732e-12,6.310828018747406e-10,0.00022471717509404884,-7.850934933828784e-6,-2.2297906703936654e-6,2.080129933367287e-5,-0.0030968915483092826,-1.1575206291272444e-8,9.375880023169283e-6,-7.53899410428063e-13,8.32843411229883e-11,2.594703590767859e-8,-5.496064683376047e-11,1.9535207551667803e-5,-0.000481520275351209,-0.00329162451230105,-7.61249425088902e-9,-8.305582312100054e-8,2.9799250870515487e-10,8.453405129249726e-13,-0.0023107390776231067,6.435421028284241e-7,-0.0007978549471573551,0.00019474392169424376,-0.0006831846966634916,0.04058119702750859,-2.1508017032908838e-10,0.0007085458307269931,-2.5927070415977398e-9,-2.0940774958165327e-9,-8.22721441403135e-10,-7.044759645417255e-5,8.85366923330323e-13,3.47652476962867e-6,4.818227355347679e-9,-1.881188593924411e-12,3.7830977913637506e-11,-3.5590254109914945e-7,-2.1197116251986097e-6,0.0036149636953062315,0.0001508637490511688,-0.0020823650683405043,4.218912790484953e-9,-0.0033569630104371938,-6.373796543950219e-8,-1.3324053844725442e-10,-7.446457478886152e-10,-2.043209578702656e-12,-3.72658430989683e-7,8.165149877961538e-11,1.185299570586671e-5,1.7991721416883283e-8,8.984371029548637e-10,5.735234209132551e-7,6.591182045484143e-11,-1.0053611410517646e-11,1.9734058041769747e-12,0.0018738702212978365,-3.416915999187545e-9,0.0002682652956410403,5.962471203194056e-7,-1.9783705912865243e-13,7.501757977890924e-5,-9.356713119258294e-5,2.455699561661111e-8,0.0005776535322058956,-5.1176492758209816e-8,1.6773165795541231e-10,0.00014805062708709294,2.9388696760245555e-6,-2.0522776659500563e-6,-8.330262973008972e-11,1.5760049127384218e-6,2.9886142746356294e-13,0.0017938601933422424,3.415149956871013e-6,-3.3810255508373996e-8,-0.00016426841086370034,-2.610078872900243e-11,-0.001546474062197719,5.7601015418274925e-11,-6.689123756625604e-11,-1.8217708478211016e-12,0.0021365348350227626,-2.8978215002879896e-5,-3.1582714166580035e-6,5.311504106586333e-6,2.288019268131565e-12,-0.0007407760608597159,0.0024077831625054103,3.8594517993741895e-7,-9.71870555770083e-10,0.005462605997383762,-6.769666155706251e-7,1.1124500114840994e-6,1.5830322980585084e-9,-3.6153160594916786e-9,0.0037408408966552544,-0.00035921761565203613,1.3132385570442865e-9,1.683123991025346e-8,1.582450386869503e-6,-0.000213183706765604,1.152184804475827e-6,6.625716839388807e-10,-1.9405202109425805e-6,2.2085146244489124e-5,0.00032033661628424543,1.7308568440482627e-11,-1.7288748246960968e-10,8.957879884575624e-9,5.5713976444081615e-9,2.020159543261757e-8,1.3592662502202683e-9,0.001000376620385026,-0.0026584913158070947,-4.238836160020856e-12,-3.762196927593667e-8,-0.000520097626835676
0.0,0.0,0.0,0.0,0.0,0.0,0.0,0.0,0.0,0.0,0.0,0.0,0.0,0.0,0.0,0.0,0.0,0.0,0.0,0.0,0.0,0.0,0.0,0.0,0.0,0.0,0.0,0.0,0.0,0.0,0.0,0.0,0.0,0.0,0.0,0.0,0.0,0.0,0.0,0.0,0.0,0.0,0.0,0.0,0.0,0.0,0.0,0.0,0.0,0.0,0.0,0.0,0.0,0.0,0.0,0.0,0.0,0.0,0.0,0.0,0.0,0.0,0.0,0.0,0.0,0.0,0.0,0.0,0.0,0.0,0.0,0.0,0.0,0.0,0.0,0.0,0.0,0.0,0.0,0.0,0.0,0.0,0.0,0.0,0.0,0.0,0.0,0.0,0.0,0.0,0.0,0.0,0.0,0.0,0.0,0.0,0.0,0.0,0.0,0.0,0.0,0.0,0.0,0.0,0.0,0.0,0.0,0.0,0.0,0.0,0.0,0.0,0.0,0.0,0.0,0.0,0.0,0.0,0.0,0.0,0.0,0.0,0.0,0.0,0.0,0.0,0.0,0.0,0.0,0.0,0.0,0.0,0.0,0.0,0.0,0.0,0.0,0.0,0.0,0.0,0.0,0.0,0.0,0.0,0.0,0.0,0.0,0.0,0.0,0.0,0.0,0.0,0.0,0.0,0.0,0.0,0.0,0.0,0.0,0.0,0.0,0.0,0.0,0.0,0.0,0.0,0.0,0.0,0.0,0.0,0.0,0.0,0.0,0.0,0.0,0.0,0.0,0.0,0.0,0.0,0.0,0.0,0.0,0.0,0.0,0.0,0.0,0.0,0.0,0.0,0.0,0.0,0.0,0.0,0.0,0.0,0.0,0.0,0.0,0.0,0.0,0.0,0.0,0.0,0.0,0.0,0.0,0.0,0.0,0.0,0.0,0.0,0.0,0.0,0.0,0.0,0.0,0.0,0.0,0.0,0.0,0.0,0.0,0.0,0.0,0.0,0.0,0.0,0.0,0.0,0.0,0.0,0.0,0.0,0.0,0.0,0.0,0.0,0.0,0.0,0.0,0.0,0.0,0.0,0.0,0.0,0.0,0.0,0.0,0.0,0.0,0.0,0.0,0.0,0.0,0.0,0.0,0.0,0.0,0.0,0.0,0.0,0.0,0.0,0.0,0.0,0.0,0.0,0.0,0.0,0.0,0.0,0.0,0.0,0.0,0.0,0.0,0.0,0.0,0.0,0.0,0.0,0.0,0.0,0.0,0.0,0.0,0.0,0.0,0.0,0.0,0.0,0.0,0.0,0.0,0.0,0.0,0.0,0.0,0.0,0.0,0.0,0.0,0.0,0.0,0.0,0.0,0.0,0.0,0.0,0.0,0.0,0.0,0.0,0.0,0.0,0.0,0.0,0.0,0.0,0.0,0.0,0.0,0.0,0.0,0.0,0.0,0.0,0.0,0.0,0.0,0.0,0.0,0.0,0.0,0.0,0.0,0.0,0.0,0.0,0.0,0.0,0.0,0.0,0.0,0.0,0.0,0.0,0.0,0.0,0.0,0.0,0.0,0.0,0.0,0.0,0.0,0.0,0.0,0.0,0.0,0.0,0.0,0.0,0.0,0.0,0.0,0.0727743035124531,-0.0015036098677981256,1.4214226066488966e-5,-1.5815756463004284e-6,7.242640690816902e-6,-1.1512537498218865e-7,3.6042030044929584e-6,-0.0002906076337521247,0.0023350334450231167,-0.0002398771969544987,-0.0022927373159163044,-3.085267827398156e-5,0.007783891628330446,-2.1153475446811338e-10,9.913880867330024e-6,-2.7478507610242695e-5,0.0003438732878453758,5.279254786623447e-7,-0.004688476327541698,0.000103799350103537,3.453239359062128e-10,0.0006515089114206997,0.00500095579985,0.0034787082100465887,5.819616523654345e-6,-7.764571378750253e-5,3.779328856860699e-10,2.5805074806305025e-9,-0.00014690970688254192,-1.0346767447011723e-8,-4.891237528267723e-10,-0.0008655981099960238,0.0002269551563992669,-4.119275408313253e-5,4.942219301890512e-10,0.002899491824177835,7.766718534967644e-11,-3.306634757017144e-5,1.0747555600468852e-7,-6.0644996704487896e-5,3.460612437956387e-10,7.015494881870807e-6,4.463775900469401e-7,1.231439804233675e-5,-8.99362737971853e-6,-1.7810548400409062e-5,-2.240634092674876e-5,2.0629500217627718e-8,0.013116534696402305,-0.01508066320916768,-1.8978355266161894e-5,0.00010148247002532236,5.963423956371969e-5,0.0104082408608521,4.661325775537281e-10,0.01365642935750665,-7.633709897248204e-6,-5.51175598426256e-5,-0.00023109690695890167,-1.310521477512619e-6,-0.0047211987869394765,1.8625763147253152e-8,7.3355479501293665e-6,0.00011129806279902715,-0.002934816822565658,3.4475574829658284e-9,-0.0007869493995895349,1.5834127412024257e-6,7.776552420054776e-10,2.1968574414467577e-5,-2.010627731167032e-10,-1.1299170573305473e-6,-4.36984040031289e-9,-0.0022983490882905275,3.636620686633386e-5,0.0003120913853929565,-0.0005573584689388854,9.380994042878569e-6,-7.5048309216393315e-6,-4.2822473854981897e-7,5.595338201043874e-7,7.836679611490026e-5,0.004449108693398384,0.0016003752422302222,-3.742689716134167e-9,-3.8970765499329145e-10,1.673327438532394e-7,9.046329886699321e-5,-0.0008655404041282384,-6.089929644993651e-8,-8.788358758476166e-5,-1.5487117593328676e-9,0.026698394197054706,0.0015283077185890047,-0.005744180639093818,-4.01427872727701e-7,-2.2037658451383284e-5,7.026561828265201e-9,-2.481020895876715e-5,-3.921502664789636e-9,-3.541536035307674e-5,-1.27040024930117e-5,1.8276476671115488e-5,1.6589712452504932e-9,2.8520087064416828e-5,0.000103822978703637,-8.28930189329045e-5,-0.0032685265589531224,1.2637415140301868e-9,-1.1554862307633843e-5,-2.5855455636891224e-7,-0.00011494211222275874,-4.6847880994606274e-5,7.394982528109364e-6,-1.0065607830851257e-6,-0.0002858072289150828,-2.2627122154895305e-10,3.2466657344127293e-6,0.0002019677389216297,0.0002851672939373928,-9.479845955689474e-8,-5.874028035448663e-7,-0.00025459583065835865,-0.0004689112793088403,9.866135851881938e-5,-8.214758764605287e-5,-0.0008702666391611204,0.008878618123475608,-1.3313841606877136e-7,5.464033093938336e-8,6.464381621200314e-6,0.0006805447583689207,-4.4591883130566564e-9,0.00187713443025228,0.00042571868156536595,0.0014053529276654903,-2.1497408633554953e-5,-0.004457226124612831,5.553565639637574e-8,-6.5693552034073995e-6,3.299624325533042e-6,1.565968695750312e-5,-6.756764254915977e-6,-1.2915326650338576e-5,-0.005524690470890483,2.257849550352448e-8,1.6972379023832918e-10,-0.001405934466381841,-4.296412161591981e-5,-1.7553474528146402e-9,-2.0629708524196523e-8,-2.638153456487864e-10,1.0244522045233513e-7,-1.5329509685513723e-7,-3.494568938208928e-5,-0.0006918964343532367,2.1877156330719264e-8,0.00020904535410402127,9.138594495847404e-7,7.830567778309182e-9,2.0482677733438634e-8,-6.949486695223926e-7,-0.00019925998384345213,1.348839014346535e-9,-1.0349484317385998e-8,-0.004245778995900407,2.7776442840183902e-5,-0.0023084664875216653,-0.0002943486853194611,6.543714521259266e-8,-1.160149352556736e-6,-1.7189148134038408e-8,0.001268336134936175,4.310278934463166e-9,-0.0022306819655424936,0.004925834544233119,6.458586125466845e-8,0.0006286877747580077,2.4452538834591458e-8,-2.27164102344033e-9,-1.595476767250137e-7,8.386649210824985e-8,-8.910144056221291e-8,-0.004635288242927938,-0.0009099562603099314,1.3443327749315544e-9,5.998297266760936e-9,-1.3733588987103767e-6,-2.751847039588747e-9,-0.00012765875751148163,-2.56004287856143e-5,-2.0828274145307322e-10,0.0006277913300187282,0.00043528487758822304,-4.958797232165639e-10,6.971321011862385e-5,-0.0010530703543365917,-3.8345003540500343e-7,-1.881817049755352e-6,3.842194726468514e-5,-0.008214068541339471,2.121727776879961e-5,-3.187444356767858e-9,-6.845421732656811e-5,-5.619834841053593e-5,3.3935268772168054e-9,-9.342424163907921e-5,-3.2753975765757784e-6,0.0038024239981935097,0.0002755855964019838,0.0009331493320945507,-1.2887666898875339e-6,1.172926291887936e-7,-2.198202108349439e-6,-0.00036837912361782133,-0.013966225032091663,-7.654773211071441e-7,-6.765671952053012e-7,-2.6212414205869362e-8,9.586638785266683e-6,-0.0001718409553980027,1.6711156452408724e-10,1.5863935498090958e-9,2.092092635470646e-6,-1.688112904349644e-10,1.5512410206330487e-7,-1.5773105767590578e-5,6.895080797817579e-5,2.2417164843752726e-6,-5.0068052039908214e-6,8.975217497130683e-5,-0.0002932740313958075,4.3142278504185993e-10,-1.1409708317615536e-5,-4.696347821532065e-5,0.0004065367943667362,-0.00435207385540678,-0.014362304465652648,5.012802221750667e-9,-3.8723393670553514e-10,-8.19407399472995e-6,-3.324854721828441e-5,1.2828251937860066e-6,4.298336173051834e-5,-6.762469707304759e-10,-2.1643960077282476e-7,-0.008797499288042363,0.0019529997184314692,3.025439859057011e-5,0.03036552782066393,0.0013492803004608123,-1.006876347512936e-7,-1.1971030489833837e-5,-3.53929612563856e-6,-0.000295025368298346,0.00039720942120934625,0.0017593970772579633,8.256246374591239e-6,1.7386105907644687e-7,-1.6872855176167416e-6,1.5226335213072669e-5,5.748447305761169e-10,-0.0019058814169716034,-1.6971212683287693e-8,0.0005807162102979855,-3.5676226405072074e-8,1.6107998782586793e-11,0.0005988511899413819,-0.00011326260936817173,-0.0008444013366601457,-0.008745110226374598,-0.0021259642108740146,0.001471400023384005,-2.8999010657547637e-8,8.185191040150352e-5,-0.0003145787467624312,2.835473711450989e-5,0.004021056141837849,0.00011024533107932021,6.9183372467226e-5,0.0023105441117760787,1.7569429742953992e-6,-0.0040771658295598225,-3.500586517908442e-9,-6.850012949424863e-5,2.7759499981726756e-5,1.5967420208565374e-9,0.000490456052298405,2.7141858497187295e-6,-0.001037827199019158,7.851374046394249e-10,-1.3129950582167766e-8,-9.851174113824831e-5,0.0002972404440455976,6.807066599078977e-7,-5.966623600742412e-9,-1.3895091708821138e-8,7.938740505175743e-8,4.913425887262777e-6,3.2437626686905353e-5,-0.0002005747132117736,-0.00018686133215595546,-4.5584922420387857e-10,-0.0006796659131255838,9.387274307925243e-7,1.5480412479813066e-5,-6.281703877657935e-5,-0.0025066590999884833,1.8796223562455157e-7,-2.8056648859536124e-7,0.0005620078374942296,-0.0028399043988185965,5.75651046297235e-9,-2.538183706451071e-5,0.0021624126451248345,-1.2381457192939435e-6,-9.451399448963813e-6,1.7446756841755807e-5,-7.670165672473107e-6,3.273824426855005e-9,-0.020332543009700638,-1.2493956877238192e-5,-1.6634747166768685e-6,-4.773413752516882e-5,0.00026777409137683256,-7.403234570669234e-5,-3.782504021736484e-9,-3.355296356125756e-9,4.400326349584008e-10,0.0013034971073018293,-0.031481084382777996,0.0020831572568744366,7.330449678270508e-7,-3.954292905601517e-9,-9.91535993214136e-5,2.3958077057922426e-10,-1.587184127663749e-6,-1.0393504138676856e-8,-9.19470427904797e-9,-0.0005059819132620217,-7.141950488099726e-7,0.006496490314677899,0.0003754272339206032,0.00013514030892102522,-4.729753991100564e-10,5.351790356961888e-5,-7.108454721744785e-5,0.008951103871299933,-4.591562436359854e-5,2.9026841155316976e-5,-1.1791214886413455e-5,9.48157927997217e-5,-2.22294133376895e-9,-2.7055243467452904e-10,1.210455819891218e-10,0.005099409801877486,1.2247195412765273e-10,0.00288218349924541,-0.001442390447520654,-0.006942951343029394,5.370182278109404e-8,0.0002243884348865918,0.00034969771575723733,-2.0752103037409787e-10,0.0187441506809574,0.0019418387803327509,0.00010214935867244354,4.826765860955339e-5,4.786373260672571e-5,-0.0001269988658171617,2.833316627049596e-10,0.007717084897944949,9.710381062647427e-8,-0.0007378246005160638,-1.202398652786357e-5,4.237624899656673e-6,3.43056459734096e-8,0.0061925586903929285,5.4826696401750894e-9,-0.002010030514884271,-0.00024127316076794563,-3.133726394897256e-7,-4.13275094927508e-5,2.886197431444566e-5,0.0015006467695041364,-8.381754197627008e-5,2.103746053972312e-5,4.615524951960658e-9,-1.458735332958197e-5,0.0037421411088388993,1.0233920816904665e-7,1.3470832019489417e-7,8.042948266188691e-8,4.963224552745229e-5,-0.0002476796884300032,1.3200769170735846e-6,-6.29375395324161e-8,5.3549344598669365e-6,-1.3928301273032352e-5,-6.9149900887496296e-6,-1.0022928052034491e-5,-2.2797634994839537e-7,-4.789988457624752e-9,-0.0002524502615429072,0.0006900393986314405,-2.4705302484057375e-8,1.6138775500361566e-5,-3.2309890219758036e-5,0.00108951273460984,-0.015425081714530442,-4.940963308274596e-9,2.546580772195993e-9,0.0022156308605546307,0.027683659933058012,0.00014004580931076878,-5.785678334674514e-8,-0.0002464776547509645,0.00023104424020449024,-0.0001266426472429141,4.5711538918028107e-7,5.883332650444833e-7,8.15087101392707e-5,0.00025356280812128244,0.006879948445619176,-0.00216046625521547,-0.0004315943911156595,0.008092887444158724,-1.3339177214937197e-8,-2.935140305560278e-9,-4.279501741428555e-6,-0.0007323255642675815,-2.617153564086982e-11
0.0,0.0,0.0,0.0,0.0,0.0,0.0,0.0,0.0,0.0,0.0,0.0,0.0,0.0,0.0,0.0,0.0,0.0,0.0,0.0,0.0,0.0,0.0,0.0,0.0,0.0,0.0,0.0,0.0,0.0,0.0,0.0,0.0,0.0,0.0,0.0,0.0,0.0,0.0,0.0,0.0,0.0,0.0,0.0,0.0,0.0,0.0,0.0,0.0,0.0,0.0,0.0,0.0,0.0,0.0,0.0,0.0,0.0,0.0,0.0,0.0,0.0,0.0,0.0,0.0,0.0,0.0,0.0,0.0,0.0,0.0,0.0,0.0,0.0,0.0,0.0,0.0,0.0,0.0,0.0,0.0,0.0,0.0,0.0,0.0,0.0,0.0,0.0,0.0,0.0,0.0,0.0,0.0,0.0,0.0,0.0,0.0,0.0,0.0,0.0,0.0,0.0,0.0,0.0,0.0,0.0,0.0,0.0,0.0,0.0,0.0,0.0,0.0,0.0,0.0,0.0,0.0,0.0,0.0,0.0,0.0,0.0,0.0,0.0,0.0,0.0,0.0,0.0,0.0,0.0,0.0,0.0,0.0,0.0,0.0,0.0,0.0,0.0,0.0,0.0,0.0,0.0,0.0,0.0,0.0,0.0,0.0,0.0,0.0,0.0,0.0,0.0,0.0,0.0,0.0,0.0,0.0,0.0,0.0,0.0,0.0,0.0,0.0,0.0,0.0,0.0,0.0,0.0,0.0,0.0,0.0,0.0,0.0,0.0,0.0,0.0,0.0,0.0,0.0,0.0,0.0,0.0,0.0,0.0,0.0,0.0,0.0,0.0,0.0,0.0,0.0,0.0,0.0,0.0,0.0,0.0,0.0,0.0,0.0,0.0,0.0,0.0,0.0,0.0,0.0,0.0,0.0,0.0,0.0,0.0,0.0,0.0,0.0,0.0,0.0,0.0,0.0,0.0,0.0,0.0,0.0,0.0,0.0,0.0,0.0,0.0,0.0,0.0,0.0,0.0,0.0,0.0,0.0,0.0,0.0,0.0,0.0,0.0,0.0,0.0,0.0,0.0,0.0,0.0,0.0,0.0,0.0,0.0,0.0,0.0,0.0,0.0,0.0,0.0,0.0,0.0,0.0,0.0,0.0,0.0,0.0,0.0,0.0,0.0,0.0,0.0,0.0,0.0,0.0,0.0,0.0,0.0,0.0,0.0,0.0,0.0,0.0,0.0,0.0,0.0,0.0,0.0,0.0,0.0,0.0,0.0,0.0,0.0,0.0,0.0,0.0,0.0,0.0,0.0,0.0,0.0,0.0,0.0,0.0,0.0,0.0,0.0,0.0,0.0,0.0,0.0,0.0,0.0,0.0,0.0,0.0,0.0,0.0,0.0,0.0,0.0,0.0,0.0,0.0,0.0,0.0,0.0,0.0,0.0,0.0,0.0,0.0,0.0,0.0,0.0,0.0,0.0,0.0,0.0,0.0,0.0,0.0,0.0,0.0,0.0,0.0,0.0,0.0,0.0,0.0,0.0,0.0,0.0,0.0,0.0,0.0,0.0,0.0,0.0,0.0,0.0,0.0,0.0,0.0,0.0,0.0,0.0,0.0,0.0,0.0,0.0,0.0,0.0,0.07229428794969156,-6.092447963215008e-7,-0.0002527639056747707,3.262041763721262e-6,-6.850117654040069e-7,4.629586146195624e-5,0.0015224840288310924,-4.177199658158368e-5,1.246615183951796e-5,0.00039710951712242093,-4.6196239173194603e-7,0.0012122172017457618,1.6615919058811917e-9,-1.2194152216590894e-6,6.439686202964651e-7,0.004284974501788604,7.413700999569138e-7,0.003532015372357681,-0.0009015639218482353,3.199873677589496e-8,0.005761345261759532,-0.014326464744748784,-0.009835934731282947,2.1177272480524445e-5,0.0007539277924367456,1.3455370286956171e-9,-9.125017430517554e-8,-0.004263283003148549,7.584400510366669e-8,8.632628727680623e-9,-0.0005374423741910633,-8.281718845595007e-6,1.838992428013737e-6,-1.0197298842076718e-9,-8.714325884540095e-5,-2.9699212400732715e-10,2.5733940073232827e-7,-6.14225022598694e-8,0.0010826287469938153,-5.2627502058137284e-9,-0.002285531555876437,1.7115704228106556e-7,-5.439890394525899e-7,4.231195860882574e-7,2.0031251381686334e-7,-1.488190393596125e-7,-6.613772178225007e-7,0.0002935634763543985,0.0002714921727941507,-8.768916491636441e-5,0.00020036832579333575,3.4238166841418725e-5,-0.0022082175674524632,2.692486981933383e-9,-0.006652640532659945,-4.410085748652377e-5,0.0005402409985751424,-3.5918308212040146e-6,-1.6919652470443168e-5,4.268382746858633e-5,-3.0861562337086636e-7,3.6578254539726407e-7,5.867307411774437e-7,3.1362793371205655e-5,-2.3222306054778715e-8,1.981621146999909e-5,4.300374700505781e-5,7.197297707235103e-10,-2.886286163337468e-7,1.8338244424753314e-8,-2.8922958150568757e-6,-6.14727114326438e-8,0.0014679895191929547,-4.476505323435787e-6,-7.133646356250347e-6,0.0036775864811121935,1.3425633233387727e-7,-0.0002338037705610008,-9.183111023900896e-7,-2.9240210711341376e-6,2.8131756807213365e-6,-0.00013616065120668745,-4.716926300616381e-5,1.718006646566872e-8,4.82765092411519e-9,-1.5957797795484395e-6,-0.00042049368246176416,0.001155868258552224,-1.0591202014178239e-5,3.0464549373993628e-6,-1.4645020464779323e-8,0.0012840388675339266,-5.5855441837393203e-5,-9.365354037188364e-5,2.8309778663480357e-6,8.187752134688724e-7,-2.239284280675672e-8,0.0007682323690261365,-7.610901229631289e-8,1.0276848544302165e-5,3.8206987836442403e-7,-4.831493186505065e-6,-3.6104968188434565e-9,4.578319022920843e-7,-5.633960220113021e-6,4.711853566727113e-6,-0.0002478007877140992,-7.583863550431278e-9,-7.1913845353086925e-6,3.136779433904705e-6,3.01192722764173e-6,-1.1957774239235245e-5,-1.8064165841366084e-7,0.0003334212765650737,-6.713653651809453e-6,6.8842852726408074e-9,0.00014726223629200967,-0.004855166156362972,2.319837229709589e-6,2.0977923610911096e-6,9.893512197060906e-6,-1.5755074166064448e-5,2.2790018356373466e-5,-6.474596427311141e-5,0.0008584067617125437,0.01090945419454382,-0.0064218717085863216,1.8303773551328175e-6,-5.786467502950562e-7,-7.798944485211217e-7,3.979616361402584e-5,3.214723984131095e-8,-0.007657448529960336,1.1763984909252419e-5,0.007987242829622411,-5.0590640196842616e-5,0.02567299137355369,-8.397357416403929e-7,-1.288672690319563e-5,-9.833150001883658e-6,-3.621681972576322e-5,6.571677709486827e-10,4.61773027283923e-5,-0.0058245246880512394,-2.785496409922675e-7,-7.094378046016922e-9,0.01639805661773249,1.5794272356622996e-7,6.742534245273718e-9,8.14559290571617e-8,-6.997044097060703e-8,2.7119310263929495e-6,-0.00015676428548443776,9.755076891520742e-6,1.870612808372499e-5,-1.434317058301936e-5,-0.00207739605717215,2.1922664927568694e-7,-6.208522254590035e-9,-7.465737630817981e-9,1.1270573428595549e-5,0.004158287473959686,-8.025357647027348e-11,2.6893035044681024e-8,-0.0025775881064087625,2.786705509843894e-7,-0.0018032924907295598,0.0015562943097123384,-1.1741039407266647e-6,0.0001540488907389875,1.2339067386170647e-7,-0.008945483139269825,-1.1326636907559415e-9,0.00034998793222065403,0.0007255300060647973,-2.844928003603096e-7,0.0005929561311522376,7.036850790717812e-8,-6.558296298136421e-10,9.21392739650458e-7,7.039475946347401e-7,-1.5225913398972299e-6,-0.005609186363828174,-0.002700816904093502,9.508804630328073e-8,2.452046506127542e-10,7.71085528556742e-6,5.3415074458752603e-8,0.01347131832336851,2.1992316051128903e-6,-3.3742815505484496e-11,3.687085578541375e-5,-8.472475501453053e-6,-2.5505214128120143e-8,-1.8880832548540702e-7,0.005194870582555183,5.506067124053303e-6,5.799383044557527e-5,6.37973378487797e-7,-0.0015098974013296159,-0.0002316217113046915,-2.4542508117682e-9,8.428506345249266e-7,5.465853100898911e-6,-8.697072168884138e-8,-1.8972061727408948e-5,-2.2831429248188032e-5,0.001243022675980553,-0.0063608560565447374,0.003960624697339929,-1.3403578824599345e-6,-3.801487527873388e-7,-3.0253483698215403e-6,0.00012929150391460773,0.0033886950506572394,2.5347193781253798e-6,3.3383029952433795e-6,1.893359477366017e-7,-7.124751125394773e-7,4.7235233374166865e-5,-1.8212898463819182e-9,-3.077509629425783e-8,-0.00014601261429255841,-9.096054322426532e-9,-1.812692837814019e-6,0.00012201205722921092,-9.891310383594813e-5,4.1770754842364465e-5,-6.083758463733173e-5,-2.2558399512621956e-5,-0.0013161066082209743,-5.995338691676366e-9,2.121166128274397e-7,8.002818582059538e-6,0.0008880064439526244,-0.0023343055719433486,7.485399054901264e-5,-1.3850651079162798e-8,1.3264156915120275e-9,3.4024447770686755e-7,-1.378723748348891e-6,1.242503219795683e-7,-0.00018932460256985292,-1.8972637641107428e-7,1.400401530207793e-6,-0.0004367647156331693,-0.006584429603096783,-5.304318405673784e-7,0.0006235711280639848,0.00016197644425896372,2.5346287242480602e-6,2.2501589022940898e-7,5.9424892230904426e-5,0.0044529627738891095,0.007374624082473825,0.00018422336658513997,-3.630572739436591e-5,-1.5516496844320242e-6,6.0250721234873034e-5,-7.591612083398033e-7,-2.4936225106751574e-9,0.00015463417331983454,-1.436603333340592e-7,-0.00018268205369128643,1.0766391644844406e-7,-4.100185544646985e-10,-1.4341142238896678e-5,6.874912031743577e-5,0.0012789362869689894,0.0006671588378927317,0.03136440708581684,0.02197649618323398,-4.44025023446365e-8,-4.0492243431770267e-7,-4.701904693415659e-6,0.00013585092340826426,-0.0010950719970398645,1.5030869048046872e-5,0.0002424931071427775,-0.0002724711657785904,8.46584247659578e-6,-0.006762951439680988,5.462433458028894e-8,0.0014017924776801333,-1.1301691611997677e-6,9.290717780982899e-9,1.5095449548047469e-6,-1.0076202176958974e-7,0.005292096619809991,3.6831006968976644e-8,1.379828078403343e-7,8.914887380942071e-6,-2.1127043322297453e-5,-1.1219724923639982e-5,3.960465457361618e-8,4.4725510360119276e-8,-9.836007260963002e-6,-0.0005982105999910736,-1.4243225493733524e-5,0.0007138240738879904,4.585165974938223e-6,-6.862198468666209e-9,-0.0011082608947419587,8.058723658167113e-7,1.4309725398458013e-5,5.768267045140992e-6,0.014703991627757528,-8.581991510689789e-7,-6.93100339122683e-5,-0.0035014615809881413,-0.00427565570515123,7.350240478810604e-7,6.7332814051449466e-6,2.9587498475123815e-5,6.047862854973406e-6,0.00013688003662846334,-0.000950275271712336,0.00014854912461149264,2.188645266094776e-8,-0.0002029546532948796,8.749248988720141e-5,-4.8322634485049385e-8,-3.143643406028129e-7,0.01115150453446312,6.2583686609526795e-6,7.24356026481758e-5,-1.9198574877123666e-8,1.6194379549030263e-8,0.00022353633238587504,-0.0038042442924292714,-0.0001380291002642141,7.2310172968123e-7,3.434237754560294e-7,0.006096494795805308,2.03202274815404e-8,9.892939799522989e-5,2.0748151036378853e-7,6.381942573759667e-9,-6.266760939623363e-5,7.664597857504551e-6,-0.0007908887668984393,0.0015298261165957946,-7.986687315488112e-5,8.12359433031614e-9,-3.627511601400933e-6,-0.002803188993821376,5.648952324038797e-5,2.1939091525541175e-6,-2.5038774026058983e-8,-0.0002924931234302523,0.00012435458088238418,5.43767379006884e-10,3.3540255600474976e-11,2.5809626367379946e-9,0.0007707031907960274,3.4577490026941474e-8,0.0015910208055393425,-7.605740236907096e-5,-0.00035751553342748885,-5.633254907157598e-7,-0.0022204522043310286,-2.175155737554874e-5,4.063035830792313e-9,0.0003199786677640227,-2.3683581768967483e-5,0.004804602779683783,-7.3352484159148156e-6,-5.119229949531756e-6,-1.7105158017386915e-6,-1.1600472008726743e-8,9.427161890168407e-5,-3.822534958029651e-6,0.010112286579751495,2.7598488136498203e-7,-2.9772739553816698e-5,-4.1390419514440487e-7,0.002847524079861688,-1.1272795698364405e-8,0.0017883427492874828,3.222023779992556e-5,8.365323319624896e-7,0.0009514545211755812,-0.0001241427539585224,-0.00014524160463741902,0.0002048824046951582,5.1488972890948174e-8,1.847832225482512e-8,9.870034989867236e-5,-0.0052213999125315,-1.5370094051126897e-6,8.404939473972983e-6,-8.348106895599602e-7,-5.708249645156813e-6,7.48051028475774e-7,-3.9669505927715e-7,3.7451372620522994e-7,-3.888291600881515e-5,-0.00015609250330202623,0.0005329952875754389,4.522432346821165e-7,3.2373319226933044e-6,1.9121036483626237e-8,0.02759543243717673,-1.1827077284273423e-5,-1.2895710331546192e-8,0.0003051430582044341,0.00010893489970207656,0.00018964673974801292,2.5030805128950515e-6,-2.661408293928919e-8,-5.646838560910982e-9,5.847018785955373e-5,0.0003676494358236635,0.00012389580088003417,-1.3543948759033378e-6,0.00019642094618790862,-1.2776130164309455e-5,0.0007123802242000436,-5.54433669174568e-6,8.527601522429341e-6,1.4269568476631179e-6,-2.333232393458604e-5,0.0008384284570691255,0.0003543534120967936,0.0020685410379967855,-0.00034879450908329823,-1.4112033057582866e-8,2.081939853130848e-8,-8.591207962459638e-7,0.0003806107502585789,3.2544887368587424e-10
0.0,0.0,0.0,0.0,0.0,0.0,0.0,0.0,0.0,0.0,0.0,0.0,0.0,0.0,0.0,0.0,0.0,0.0,0.0,0.0,0.0,0.0,0.0,0.0,0.0,0.0,0.0,0.0,0.0,0.0,0.0,0.0,0.0,0.0,0.0,0.0,0.0,0.0,0.0,0.0,0.0,0.0,0.0,0.0,0.0,0.0,0.0,0.0,0.0,0.0,0.0,0.0,0.0,0.0,0.0,0.0,0.0,0.0,0.0,0.0,0.0,0.0,0.0,0.0,0.0,0.0,0.0,0.0,0.0,0.0,0.0,0.0,0.0,0.0,0.0,0.0,0.0,0.0,0.0,0.0,0.0,0.0,0.0,0.0,0.0,0.0,0.0,0.0,0.0,0.0,0.0,0.0,0.0,0.0,0.0,0.0,0.0,0.0,0.0,0.0,0.0,0.0,0.0,0.0,0.0,0.0,0.0,0.0,0.0,0.0,0.0,0.0,0.0,0.0,0.0,0.0,0.0,0.0,0.0,0.0,0.0,0.0,0.0,0.0,0.0,0.0,0.0,0.0,0.0,0.0,0.0,0.0,0.0,0.0,0.0,0.0,0.0,0.0,0.0,0.0,0.0,0.0,0.0,0.0,0.0,0.0,0.0,0.0,0.0,0.0,0.0,0.0,0.0,0.0,0.0,0.0,0.0,0.0,0.0,0.0,0.0,0.0,0.0,0.0,0.0,0.0,0.0,0.0,0.0,0.0,0.0,0.0,0.0,0.0,0.0,0.0,0.0,0.0,0.0,0.0,0.0,0.0,0.0,0.0,0.0,0.0,0.0,0.0,0.0,0.0,0.0,0.0,0.0,0.0,0.0,0.0,0.0,0.0,0.0,0.0,0.0,0.0,0.0,0.0,0.0,0.0,0.0,0.0,0.0,0.0,0.0,0.0,0.0,0.0,0.0,0.0,0.0,0.0,0.0,0.0,0.0,0.0,0.0,0.0,0.0,0.0,0.0,0.0,0.0,0.0,0.0,0.0,0.0,0.0,0.0,0.0,0.0,0.0,0.0,0.0,0.0,0.0,0.0,0.0,0.0,0.0,0.0,0.0,0.0,0.0,0.0,0.0,0.0,0.0,0.0,0.0,0.0,0.0,0.0,0.0,0.0,0.0,0.0,0.0,0.0,0.0,0.0,0.0,0.0,0.0,0.0,0.0,0.0,0.0,0.0,0.0,0.0,0.0,0.0,0.0,0.0,0.0,0.0,0.0,0.0,0.0,0.0,0.0,0.0,0.0,0.0,0.0,0.0,0.0,0.0,0.0,0.0,0.0,0.0,0.0,0.0,0.0,0.0,0.0,0.0,0.0,0.0,0.0,0.0,0.0,0.0,0.0,0.0,0.0,0.0,0.0,0.0,0.0,0.0,0.0,0.0,0.0,0.0,0.0,0.0,0.0,0.0,0.0,0.0,0.0,0.0,0.0,0.0,0.0,0.0,0.0,0.0,0.0,0.0,0.0,0.0,0.0,0.0,0.0,0.0,0.0,0.0,0.0,0.0,0.0,0.0,0.0,0.0,0.0,0.0,0.0,0.0,0.0,0.0,0.0,0.0,0.0,0.0,0.0,0.0,0.0,0.0,0.0,0.0,0.07039889214044626,-1.2814309057227158e-8,0.008703351023016984,-1.1722672746403284e-10,0.0006057318087990833,3.715925892150295e-8,0.0002408016791998427,0.0003272829904162317,-0.00011362657105695941,-0.009533745131188459,-1.408450501613889e-6,-5.389127350202915e-13,0.005489461025528101,-0.018128313745823712,1.1672407523771206e-7,3.509366408110242e-10,2.0224205715987526e-8,-3.1911454651363154e-8,1.6969952952386063e-12,1.5596984427966334e-7,-4.145629424357295e-7,3.3277609990153946e-6,-4.2078576354053887e-10,-5.959036187654302e-8,2.1463775002759433e-13,-2.774927188541246e-12,6.2755360357699826e-9,6.46728176293572e-13,1.4668219832113882e-13,4.227082785424017e-5,0.002763570785040791,-0.015368222852189766,-6.252605884906673e-14,2.0482186890458036e-5,-4.257721801047043e-13,-0.008684030596393404,7.411731783600542e-11,1.7925524888339913e-8,-1.463107071096888e-13,-1.1918443798303765e-7,0.00015101847611436933,0.0335579172374818,-0.0018248521389881078,-0.006367870150104497,-0.001985125936329496,-9.658131446955766e-12,-2.0387406636318662e-5,-0.00023093555159108141,-5.663671371557719e-9,-0.0002745212611419744,0.00011694869018592083,4.9397702439203465e-6,-9.109623710950185e-14,-6.834348332372772e-7,-5.128052672559176e-9,-1.0237442978190824e-8,0.0006253874676497199,8.029096204169153e-10,2.0260663328326202e-5,-1.9741731491201027e-11,-0.005147914314950896,-0.00038914104164883295,-0.00013341344910053408,3.675138109202463e-12,-0.0006276313134899119,-3.6269793095432647e-10,1.7989883408323532e-13,0.02895412611710178,-1.042943943517064e-12,2.958334604264428e-9,2.940762367458311e-12,-3.3647955402648637e-6,-0.005495638044237833,-0.00382273084745012,-1.0538907475593301e-6,-0.007071503380782507,-1.0729671110678267e-8,0.015183010752174408,6.199892344253054e-11,-0.0020940801344573805,0.00034112746671748154,3.0151286862879784e-5,-5.797900931944528e-13,1.2782242868712165e-13,2.5192039667456085e-11,-1.1153555276285192e-8,-5.466153344717378e-6,-6.707915352294545e-10,0.009563770578433228,-9.15412551059976e-13,4.388407780667736e-6,0.0001759350051316659,3.6309504799497905e-5,-5.503290096300165e-11,0.0006304870956460553,3.0951761035087345e-12,-9.069275868741953e-9,-3.775586831748401e-12,0.0022235808994549404,0.007982155530504634,-0.0002455270091263749,-1.42029849139484e-12,0.013739700720496198,0.0023957534648202127,-0.0018151707012612768,-9.171245749005695e-5,-6.222802560719279e-13,-3.3208869680995993e-9,2.066777665111293e-10,0.007604942154775625,0.003015950728148683,0.0006659924522096704,1.8067842377572883e-8,-6.756173345181794e-5,2.9941181126786664e-13,7.991166190090482e-9,-1.3975195585369935e-7,-0.000616180394498426,4.784852394362924e-11,2.2067411112675046e-10,-0.00018560076779247655,0.00029216927095606184,4.697974826411621e-8,2.310297899910986e-7,-1.606723913696689e-7,3.966168272049208e-6,1.6251183639887682e-10,-6.5274867123257325e-12,0.003554226191008042,-0.00014277680821367633,3.28540765226515e-12,-3.654190971235107e-7,-0.00013329073446693946,2.4527939819235734e-7,-8.815018959345065e-9,7.731442155647343e-7,-2.454892889535102e-11,-5.854988044120797e-9,5.315143476097806e-10,1.3366050918258581e-8,0.002952281468238933,3.843841634206205e-10,6.278834813702229e-7,-5.587473518600525e-12,-6.347619216230969e-13,1.0481733460051396e-6,-0.0027941950862720257,2.406851871873956e-14,5.6911058580785896e-12,-4.096871838954436e-12,-8.099641344144265e-11,-7.793955357168435e-9,0.0036180198128578384,-2.6359748145222378e-5,2.99088010582218e-10,1.8629314878118082e-6,2.227759113237683e-10,-5.320729855048684e-12,1.1265682716827263e-11,3.4577127748999415e-10,5.05966390534234e-7,1.0564984270979916e-12,-1.556895094501508e-11,-2.1328372734130016e-6,-0.01380348538440391,-3.2106875189521316e-7,8.296960375099774e-8,-5.774102391474626e-11,5.457272187205116e-9,1.67361930662229e-11,-1.838435486298915e-8,4.501084610902675e-13,-7.629073820211938e-5,-5.3320581389300524e-5,5.907246905795524e-12,-4.55784880761148e-8,-4.125177040915185e-11,-1.2041903126268861e-12,-3.2697359584908e-11,0.012721987565056084,-6.471243254551132e-11,3.498806989512009e-7,-6.629535322274701e-7,8.797316086706168e-12,1.7775340950572739e-12,-1.2210668725906225e-9,2.8905844538996337e-12,4.634792993890934e-7,-0.004147707058520362,-2.7291593677853957e-14,-0.0002453841710713097,0.000904141523222768,-9.502696135922281e-13,0.004593696562032126,-4.0731106066011637e-8,-3.668455163883103e-10,-1.2811024397654622e-9,0.0026958085454942835,-2.6147014899123044e-6,-1.0588433914293255e-8,-7.918986954514407e-13,-0.017879279416564156,-0.00014540848837026423,4.6430321838260926e-12,-9.844234068389974e-5,-9.420853219421678e-10,-4.608019883865798e-6,-4.079355333645157e-9,3.4566609832777494e-7,1.463559520831636e-9,2.5497829547652864e-11,-9.416145741725578e-10,-6.229354451935092e-5,1.3618940201387092e-6,-1.6983120362558496e-10,-2.918590587615065e-10,4.078933197925572e-11,0.011511354797848688,-0.000392155322189873,-8.173843981706231e-14,-1.7013886581473452e-12,-5.074595596442463e-9,1.844061331704089e-14,-1.0121331955086172e-10,-3.868321676926259e-9,4.344912305728273e-8,1.7623595435574446e-9,-1.3372946367571849e-9,4.486986689039039e-5,-2.978259461346934e-7,-1.5993004230410518e-13,-0.006171519570606685,-1.3084303929203993e-8,3.5640313676269375e-8,-1.6304075235078502e-6,-2.703694338854373e-6,7.738737017595862e-14,1.601381147734774e-13,-0.0028916393809672726,-0.018962116756632973,-0.0067792012990224295,3.5020681264815056e-9,-1.3040397754708342e-11,-2.9942460899132266e-11,6.887427915738993e-6,1.786858510174262e-6,0.018699108146797518,3.5942106718737743e-6,0.00010027301387955955,9.137256342196488e-11,-0.021408026878233018,3.03406950207978e-9,-7.463081873573826e-9,3.0928278061173847e-7,0.00018022127678102263,3.3797460149930366e-9,4.507120525379041e-11,1.9577146038964137e-9,-0.012503055648719768,2.9348243905156645e-14,-0.00020379437114478386,-1.3408486016864598e-11,3.7295047783777045e-5,1.5189717675859015e-11,7.050021516675484e-15,0.00024236179843589755,-1.1708481897487807e-7,-5.532177221573991e-6,-7.742390218692625e-5,-4.777959729313173e-7,-5.095671917269433e-8,-1.732823083754195e-11,0.0009991780624002942,0.001607478010826297,1.1977340057376537e-8,5.299688392126832e-6,0.00039432047477972403,2.8512890641726322e-8,4.901218569327939e-5,-1.7007517720483207e-10,-1.813848704206265e-7,2.812316055231169e-12,-2.720007613946216e-8,-0.011410964748077564,1.3852306523585978e-12,-0.0004277959220119,0.000786734537850332,6.270475622850629e-7,1.9332361747528997e-12,-3.248741326804852e-12,-0.00045661914975418503,0.0002429744322971463,-4.788508090420824e-10,-4.712046529479824e-13,-1.4680945685132144e-12,-1.8249986488747837e-10,-2.8956069180756566e-8,-0.000257604146144439,-7.039518668470864e-8,-0.00010162369114286851,4.1217780622433187e-13,-1.8891340193454267e-7,9.367900787445656e-10,1.05193653214429e-9,0.0026036599320324546,5.063880297498609e-7,5.995691008520964e-11,-1.3098062619562192e-9,5.310486098906078e-6,1.1511902858150906e-6,3.593799550995929e-11,-0.00022671225838805987,0.0002910802201440317,-3.4258422137306414e-10,-2.7987276635821195e-10,2.2890720701099775e-8,4.180853735438186e-9,3.5152319294542897e-12,-7.733908446031013e-6,7.890777535721774e-9,0.0015715685920128627,-0.00024319354628957995,8.789024551415223e-8,0.006751675578319833,1.0466449816860576e-9,1.954637001966752e-12,1.2533019223963636e-12,-2.6957568252986807e-5,2.2325639037017114e-6,7.615570261588655e-5,-0.0050225065969938055,2.4055663777225433e-11,1.7181627753634013e-7,1.2323432953865444e-12,1.6348361765090888e-9,4.2849330732999074e-10,-1.8069036961320723e-11,-0.0002012893307731483,1.591801271923205e-10,-3.7062447804530987e-6,-2.804272408249325e-5,0.00020570917932818773,6.510120288630687e-16,0.0007274665961461638,1.9689090370445928e-7,1.4697242328870793e-5,-0.005042329595864868,-0.01295415065102524,-2.202839489836988e-9,-4.437225199951653e-9,1.9397084940643176e-14,-5.612183260295914e-14,-4.074561683183819e-13,9.912338064069024e-6,1.081731052312546e-12,-2.7356203031964407e-6,0.00014812251381429487,-5.696525828290418e-5,-0.019643020974921085,-6.823230670597902e-7,0.00016759929052404795,1.127057563548975e-13,5.810037311617755e-7,4.674439575892138e-5,4.2550565688854097e-7,-0.000789419564950657,-0.0024292797342280667,-0.0011268314208850614,1.0421328920500207e-13,-1.0667468229756196e-5,-6.37165213638318e-10,2.584433900771827e-7,-0.002650227408788273,-2.97426172458529e-9,2.8589561752509584e-12,-1.093329052788381e-6,1.472798148054345e-12,-2.453335650662079e-6,1.1082517568621548e-5,-1.2963690030274828e-10,4.3541924692736105e-8,1.4172276969590862e-8,0.00014652377040198314,-6.878173081257966e-8,-0.0002264142450595461,2.5372858759886093e-12,-8.724758230958011e-9,9.214481658694984e-7,-8.175059893903796e-11,-0.0013296032297063945,-3.720664241387082e-12,-0.0010306526814731652,-0.0007357157223531127,0.004598592506240084,-2.6802608667624148e-11,1.7481421787758357e-9,-4.7760679899155916e-9,-6.9809454543261585e-9,0.010207748732538017,1.6943658755504102e-10,-4.920307655661853e-12,-9.639693122694343e-7,9.214259271320264e-5,-1.1073251367500805e-11,-1.081064163157949e-9,3.221286326747411e-9,1.3403117375730854e-5,-9.190287906132217e-6,-3.112091738989007e-12,7.154696631850317e-13,0.00019369374493462632,3.3710749696857684e-6,-6.880015105965559e-8,-4.547930810358568e-11,1.2511749545711254e-7,-0.00015926860926838561,-4.794165861531273e-9,-1.4807204343125858e-10,5.629343302429989e-10,0.006535668618451988,1.3623518182783606e-5,-7.416716501380758e-7,-2.8208329225093973e-5,-7.016831741519545e-7,3.1612804657632925e-5,-3.3341770599541446e-12,-1.3877799206270094e-13,-0.002135007853348578,3.385640343846326e-7,-1.7308512829608498e-13
0.0,0.0,0.0,0.0,0.0,0.0,0.0,0.0,0.0,0.0,0.0,0.0,0.0,0.0,0.0,0.0,0.0,0.0,0.0,0.0,0.0,0.0,0.0,0.0,0.0,0.0,0.0,0.0,0.0,0.0,0.0,0.0,0.0,0.0,0.0,0.0,0.0,0.0,0.0,0.0,0.0,0.0,0.0,0.0,0.0,0.0,0.0,0.0,0.0,0.0,0.0,0.0,0.0,0.0,0.0,0.0,0.0,0.0,0.0,0.0,0.0,0.0,0.0,0.0,0.0,0.0,0.0,0.0,0.0,0.0,0.0,0.0,0.0,0.0,0.0,0.0,0.0,0.0,0.0,0.0,0.0,0.0,0.0,0.0,0.0,0.0,0.0,0.0,0.0,0.0,0.0,0.0,0.0,0.0,0.0,0.0,0.0,0.0,0.0,0.0,0.0,0.0,0.0,0.0,0.0,0.0,0.0,0.0,0.0,0.0,0.0,0.0,0.0,0.0,0.0,0.0,0.0,0.0,0.0,0.0,0.0,0.0,0.0,0.0,0.0,0.0,0.0,0.0,0.0,0.0,0.0,0.0,0.0,0.0,0.0,0.0,0.0,0.0,0.0,0.0,0.0,0.0,0.0,0.0,0.0,0.0,0.0,0.0,0.0,0.0,0.0,0.0,0.0,0.0,0.0,0.0,0.0,0.0,0.0,0.0,0.0,0.0,0.0,0.0,0.0,0.0,0.0,0.0,0.0,0.0,0.0,0.0,0.0,0.0,0.0,0.0,0.0,0.0,0.0,0.0,0.0,0.0,0.0,0.0,0.0,0.0,0.0,0.0,0.0,0.0,0.0,0.0,0.0,0.0,0.0,0.0,0.0,0.0,0.0,0.0,0.0,0.0,0.0,0.0,0.0,0.0,0.0,0.0,0.0,0.0,0.0,0.0,0.0,0.0,0.0,0.0,0.0,0.0,0.0,0.0,0.0,0.0,0.0,0.0,0.0,0.0,0.0,0.0,0.0,0.0,0.0,0.0,0.0,0.0,0.0,0.0,0.0,0.0,0.0,0.0,0.0,0.0,0.0,0.0,0.0,0.0,0.0,0.0,0.0,0.0,0.0,0.0,0.0,0.0,0.0,0.0,0.0,0.0,0.0,0.0,0.0,0.0,0.0,0.0,0.0,0.0,0.0,0.0,0.0,0.0,0.0,0.0,0.0,0.0,0.0,0.0,0.0,0.0,0.0,0.0,0.0,0.0,0.0,0.0,0.0,0.0,0.0,0.0,0.0,0.0,0.0,0.0,0.0,0.0,0.0,0.0,0.0,0.0,0.0,0.0,0.0,0.0,0.0,0.0,0.0,0.0,0.0,0.0,0.0,0.0,0.0,0.0,0.0,0.0,0.0,0.0,0.0,0.0,0.0,0.0,0.0,0.0,0.0,0.0,0.0,0.0,0.0,0.0,0.0,0.0,0.0,0.0,0.0,0.0,0.0,0.0,0.0,0.0,0.0,0.0,0.0,0.0,0.0,0.0,0.0,0.0,0.0,0.0,0.0,0.0,0.0,0.0,0.0,0.0,0.0,0.0,0.0,0.0,0.0,0.0,0.0,0.0,0.0,0.0,0.0,0.0,0.0,0.0,0.0,0.0,0.06993756206675379,2.260716163754786e-8,0.00015948863792510968,-7.77674725013025e-8,-0.0026239442013550295,-2.9186066852690303e-6,-2.5340745988293634e-8,3.3844247277300113e-6,5.4869316792259135e-9,-4.954865550139153e-6,1.1513327362584702e-6,-8.873943285261859e-9,2.6844343808975034e-9,-0.00010150809930944969,-0.0016373846994482712,1.9920307231629555e-6,0.011832807959976127,2.6950298548943787e-7,0.0009393913528034998,0.0001173618111196173,-1.5105124957607303e-5,-0.018729460486742927,-0.0017854528526318784,4.97641765836961e-7,8.668316283811964e-6,0.0017486209627407391,-7.365671196150583e-6,-5.233643498216992e-7,-6.261462535549716e-6,-1.3207056629136923e-7,9.599516185110034e-9,9.733991484706904e-7,-3.0445116585474814e-6,-1.4307613745179498e-6,1.0039175880996451e-8,-8.531790243251135e-5,-7.788714991228382e-5,3.421177053910098e-6,0.0016694246950175679,2.0964112469832092e-9,1.8872582753671633e-10,2.7020519921451475e-9,1.8638764029241617e-9,7.889398279249314e-9,4.916913396244151e-5,-2.167496765592635e-6,3.746152728282142e-6,0.01412516246438631,1.2004025697839166e-6,-1.956953613232254e-8,-3.926095600392547e-5,1.0951956239894054e-6,8.893297250038156e-5,0.005756684622149316,0.0052524754010221785,1.2301812112598073e-7,0.0028963110393793482,6.435731481071872e-7,0.0001384971503543266,-1.6721851461041134e-9,-1.9708872296803836e-8,-7.859196322454723e-7,-2.102276466643777e-5,3.032759267419354e-7,0.005459964118808059,1.6956903423977781e-6,-7.737044428857317e-9,6.571262760766951e-6,-0.008600847542621571,-4.257453731597281e-6,7.661392775150029e-6,2.735636297920494e-8,-6.52168011867157e-8,0.0007507469090012727,-2.197379648430288e-10,0.009376203718638874,-2.99533138323022e-9,-0.0009985442069354237,-5.974125724685137e-8,-1.5377941135654996e-6,1.0114094245554186e-7,-1.989402099260367e-6,-1.8914000883207637e-7,-6.933056555519689e-5,-0.007200999765278646,3.00210001909765e-6,0.003529919989602802,2.19730945454814e-8,3.421815274099085e-6,-4.278122452450498e-7,-6.324283587346558e-7,1.4459970420192004e-8,0.00025149569717253137,4.265363363691872e-9,-5.389576514894664e-7,0.0008794958074777642,2.8553377502524235e-5,5.9101104175144205e-9,2.977126403572129e-9,-6.155393762295108e-9,-2.469751257176784e-6,-1.0493083085418101e-8,-3.109574937285791e-8,6.58629069361891e-8,8.849987719859027e-7,4.036575997925046e-6,0.0007695772254269306,-0.0007164208281192111,1.9938340118861075e-8,-2.976625126667981e-8,-1.6305722470859386e-9,-0.003068664564717489,1.3172303655610831e-8,-2.3529298434155625e-7,-0.019603912156298746,0.0006967077635122383,1.0444700848635346e-8,-0.00012208762381170178,-0.0016179123465328144,-2.348820408554986e-7,-2.6613534932831716e-7,-0.0019279309202412946,-0.007539796298497717,0.0002074013577203464,-4.706887181718854e-6,-0.0002953397547796183,3.1485657256573135e-6,-1.0200749592998867e-8,4.086171579090479e-7,-1.4330597074916378e-6,-0.00015199445407165755,-2.2892138632062422e-7,2.506041888565559e-6,0.004483961583381528,-7.148032860414823e-5,0.00017370793140471117,0.010386163801291145,-0.004006325166601227,-0.004516433149274732,6.086735025805493e-11,-0.0049788243790735405,-3.9732583238629e-5,-8.52170581773186e-6,9.517631877884152e-7,-0.0002592398981423169,2.699951989618415e-8,-1.72831110641712e-6,7.059642677701473e-5,5.679775014772637e-5,0.0005198043122402718,0.01369331416409939,-6.654000760322233e-9,8.693556758108067e-7,-0.010033052956427308,-2.931997917684527e-5,0.0004588768895190017,1.8794973381120684e-5,-2.1896627092540254e-5,0.00035223980284551567,-0.0001959792839418746,-1.5430642937819586e-6,6.721884139744589e-5,-1.0052089015228352e-6,-1.0046265447153978e-8,0.00011388770501142205,-0.00262985811282106,3.3049871283979264e-6,-0.020940361241469915,-0.00022305466196915759,0.000372371292615284,9.261525511346387e-6,6.209755248055363e-7,-4.156712773242101e-6,0.00010157663340994473,0.0008133166237693074,0.00014532181673696648,-5.40124079572213e-6,0.0001592893226802078,1.7628826118422769e-9,-0.0003263919684592364,-4.375601393028206e-5,0.00025122228646422365,-1.976961049476046e-5,6.829124031403871e-6,0.001558463263843759,-2.578244047729364e-5,-0.0013288510242753853,1.754918098422422e-8,3.186466864036911e-7,8.453450546319842e-8,-1.2367254240733942e-7,9.00907910737723e-6,-1.1822037955475848e-8,2.5485073480190134e-5,0.0009868929763320892,-0.0019618105764616697,-5.566552030523075e-9,8.754792808048845e-6,-0.005560225066452402,1.8943810119820036e-7,1.0617768136497856e-8,-4.7326119713094504e-8,-3.5380427647485165e-7,1.0914263512486025e-7,0.008227412464233981,1.834791022072183e-5,0.00042298009391706043,0.0006711689708119487,0.004473801661999224,-4.4256731913045075e-5,0.0024494217322753816,6.539578980416862e-6,-5.8511438138895596e-5,2.5027909373925282e-5,0.0002585757013281294,-0.00022459332526366917,-6.754837112485944e-10,8.618098176415121e-7,1.4688003892136938e-6,7.471065871558486e-6,0.056786967122675724,-6.355180660075088e-7,0.00018796028906866488,-0.0009281499902485002,-0.002775583301923547,-0.009877685679522118,-0.003109811342405011,5.796116821472433e-7,0.0013659046676993988,-1.4231384550787692e-6,1.1544835951817888e-9,-9.518103410541085e-5,-0.000512169373714864,7.465274309579002e-6,4.658537730612041e-6,8.25183517227331e-6,-1.4775544735262706e-6,7.232559286388783e-10,2.5183861306430836e-8,3.1581679784647887e-10,0.0060220001913903224,5.827012671353065e-5,0.0001637799659856364,-6.3930124982621294e-6,-2.4922549132252605e-5,-6.1085175440507875e-9,-1.4451489142274666e-5,-1.111157664054523e-6,0.00017595499722900676,6.740356006798515e-10,-0.009292116174831057,0.0001814994547500114,0.000361556363188715,-1.203564458284753e-6,-0.0002904622942704866,0.0005382404055853464,-0.0016130928544849338,8.755222755303834e-9,7.704069422041079e-7,8.174566722636178e-8,3.55079755494882e-5,-1.8754203874218754e-6,-6.84795223960871e-6,5.5348587742148e-7,-5.515787916638424e-7,0.004465374408862683,3.4808512643103044e-6,2.426881882163574e-6,-4.5993174645813834e-5,0.00011172904218345154,4.319453755295169e-5,-2.4000025870321388e-8,6.080549002524746e-8,-0.005075287498067658,8.55638880433423e-6,7.158346940699144e-8,-0.00011610068771043636,1.6747902311753412e-7,-0.0031119097345845424,-3.033479040393795e-5,-2.1002631880106937e-6,-0.0012124115600696888,-8.506800672038709e-9,1.7845070639672724e-6,-7.566000550556457e-8,2.497044014581116e-10,-0.00015722407800133193,6.956912465792286e-7,-2.028478811064794e-5,3.735655336303407e-8,7.998842957132631e-8,-0.0030581813364985535,-1.6514693673733202e-6,-1.26841603356359e-5,0.0002712830703070336,0.021423751359120027,4.416929392263533e-9,-0.0008493452102357915,2.014508384931152e-8,-4.766711934275817e-7,0.00019172528564511556,0.0011112375847118169,-0.023345931770306614,-3.9827204088252484e-8,-2.0103167919375546e-6,5.734366268351257e-5,0.02092333684071541,-2.5405655603839597e-5,-4.83779976183684e-5,-4.623070425173436e-5,1.709533388620452e-8,-1.8039753691927865e-6,0.0006820704744936737,0.0045437580317341094,-0.0006448308561531538,-0.0018142271147279228,3.7810751236312184e-6,4.514628143470238e-6,-0.008725933761634627,8.502014754752605e-10,-7.022937595009393e-8,1.3742642657631374e-5,1.1391538315613721e-8,-0.016209433798681713,6.4824405851676135e-6,-2.3362086616943444e-6,5.8950564670040415e-6,4.1598832333066304e-5,-1.2967529014635565e-6,1.9099114447472078e-10,7.019337990927136e-7,-0.0004735167885631458,-1.8264411995094683e-6,0.002374775499675459,-0.0008392582548370103,8.478178105314101e-5,4.982906099821737e-8,-0.0002999275983934364,9.662495937923699e-7,2.7381984682560283e-5,-1.2737313650279815e-7,1.0244640554414826e-7,-1.1185355207837486e-8,-0.004889886065433471,-1.4797807914897016e-6,1.4293072927439006e-8,-1.1440870806200443e-8,0.0014646784868746485,-0.00017325307169527854,-2.234762008404337e-6,1.0052610407650681e-7,1.4257133804598792e-6,-7.603314097133356e-6,-1.3678632331119717e-5,4.2251639924696416e-5,-2.718448391427832e-7,1.991998949635491e-6,1.268557841785747e-9,0.00043776365205764993,-1.8641468931380729e-7,-1.911546083678332e-7,-1.3510733891271236e-5,-3.210656063319311e-6,-0.0005714794637395089,-3.070289415051752e-8,-7.804976386646617e-9,4.5540253405147433e-8,1.7967329612227895e-6,-1.151688209329526e-6,-0.001719682093813004,-0.0003582255962086868,-2.4984053797476234e-9,0.003431175791667957,-0.0001787737133726422,4.107083780317059e-6,6.488249880019533e-6,0.00012867666627137508,-8.83652031658215e-8,-0.0004189075056588685,-0.004301054747723292,-0.0013517523827567917,-1.5968942139334718e-6,0.0016630966269280333,-4.087021396895976e-9,-1.7549210509485048e-5,-0.00016074303395174745,1.5866063013387168e-7,-0.00018392606649036869,3.728480117745328e-8,0.00011424005717600433,-3.617413030334621e-8,2.625625553062166e-7,-5.524582029077609e-10,-8.262636219176301e-5,0.0011697611974246984,0.007934243325392921,0.00025472220475806926,7.359587154364545e-9,-0.00036593814111399013,-3.931847932869955e-6,-1.5490244438331934e-5,-3.697409158776738e-7,4.210186639525453e-6,0.0013732313912667214,-0.001541037008867209,-6.070312530133555e-6,3.19996110135825e-6,2.1167001680572378e-5,1.656626412264565e-6,-7.866972321199631e-7,-2.540996964435672e-5,0.00010376249835921075,-8.897890754095707e-5,0.0003532688247062377,2.2480189005037046e-7,-0.0016857274343157476,-0.00029721058523295423,-0.0017839668687484936,-8.911567830277105e-9,1.572028343190248e-7,-3.401675156885091e-6,-5.445009220814277e-7,-3.5990644393951682e-6,-3.4664248765630203e-6,2.0694076134653075e-5,-8.014042423144182e-6,2.084908888154172e-9,3.57808603402774e-5,7.455506470112641e-7
0.0,0.0,0.0,0.0,0.0,0.0,0.0,0.0,0.0,0.0,0.0,0.0,0.0,0.0,0.0,0.0,0.0,0.0,0.0,0.0,0.0,0.0,0.0,0.0,0.0,0.0,0.0,0.0,0.0,0.0,0.0,0.0,0.0,0.0,0.0,0.0,0.0,0.0,0.0,0.0,0.0,0.0,0.0,0.0,0.0,0.0,0.0,0.0,0.0,0.0,0.0,0.0,0.0,0.0,0.0,0.0,0.0,0.0,0.0,0.0,0.0,0.0,0.0,0.0,0.0,0.0,0.0,0.0,0.0,0.0,0.0,0.0,0.0,0.0,0.0,0.0,0.0,0.0,0.0,0.0,0.0,0.0,0.0,0.0,0.0,0.0,0.0,0.0,0.0,0.0,0.0,0.0,0.0,0.0,0.0,0.0,0.0,0.0,0.0,0.0,0.0,0.0,0.0,0.0,0.0,0.0,0.0,0.0,0.0,0.0,0.0,0.0,0.0,0.0,0.0,0.0,0.0,0.0,0.0,0.0,0.0,0.0,0.0,0.0,0.0,0.0,0.0,0.0,0.0,0.0,0.0,0.0,0.0,0.0,0.0,0.0,0.0,0.0,0.0,0.0,0.0,0.0,0.0,0.0,0.0,0.0,0.0,0.0,0.0,0.0,0.0,0.0,0.0,0.0,0.0,0.0,0.0,0.0,0.0,0.0,0.0,0.0,0.0,0.0,0.0,0.0,0.0,0.0,0.0,0.0,0.0,0.0,0.0,0.0,0.0,0.0,0.0,0.0,0.0,0.0,0.0,0.0,0.0,0.0,0.0,0.0,0.0,0.0,0.0,0.0,0.0,0.0,0.0,0.0,0.0,0.0,0.0,0.0,0.0,0.0,0.0,0.0,0.0,0.0,0.0,0.0,0.0,0.0,0.0,0.0,0.0,0.0,0.0,0.0,0.0,0.0,0.0,0.0,0.0,0.0,0.0,0.0,0.0,0.0,0.0,0.0,0.0,0.0,0.0,0.0,0.0,0.0,0.0,0.0,0.0,0.0,0.0,0.0,0.0,0.0,0.0,0.0,0.0,0.0,0.0,0.0,0.0,0.0,0.0,0.0,0.0,0.0,0.0,0.0,0.0,0.0,0.0,0.0,0.0,0.0,0.0,0.0,0.0,0.0,0.0,0.0,0.0,0.0,0.0,0.0,0.0,0.0,0.0,0.0,0.0,0.0,0.0,0.0,0.0,0.0,0.0,0.0,0.0,0.0,0.0,0.0,0.0,0.0,0.0,0.0,0.0,0.0,0.0,0.0,0.0,0.0,0.0,0.0,0.0,0.0,0.0,0.0,0.0,0.0,0.0,0.0,0.0,0.0,0.0,0.0,0.0,0.0,0.0,0.0,0.0,0.0,0.0,0.0,0.0,0.0,0.0,0.0,0.0,0.0,0.0,0.0,0.0,0.0,0.0,0.0,0.0,0.0,0.0,0.0,0.0,0.0,0.0,0.0,0.0,0.0,0.0,0.0,0.0,0.0,0.0,0.0,0.0,0.0,0.0,0.0,0.0,0.0,0.0,0.0,0.0,0.0,0.0,0.0,0.0,0.0,0.0,0.0,0.0,0.0,0.0,0.0,0.0,0.0,0.0,0.0,0.0,0.06964869936320207,-2.7793903558163873e-10,0.0005215974520214552,-1.9369731635055612e-7,0.00016289927076716557,0.004107323291546105,0.00034459212229579465,-0.006016330699458168,-5.611678443953489e-5,-2.136255778713297e-12,-0.012169600733856839,-0.004478571459783375,-1.3765469618697549e-6,7.462077650445035e-10,-5.95534237210212e-6,4.75171173206665e-8,-2.3250825267855403e-12,-3.7715131417930154e-7,6.148097049439601e-6,-1.0589736246058804e-5,1.0572000083999518e-8,6.20266200249945e-9,-6.123177715870408e-14,8.229224364269942e-14,-1.4390478416913485e-7,-9.125225412825631e-12,-2.2448530919245426e-13,2.9705663078371857e-5,0.001327506632428274,-0.021156487286705383,-9.362835164436548e-14,6.90039463395919e-5,3.398423507769787e-13,-0.0014973655775531059,-1.061196704972422e-10,3.705311369290132e-7,-1.5643700442673824e-12,2.787730628331976e-7,-0.001043821219699073,0.003182573072123165,-0.00042848021929877203,-0.002345586921707704,-0.0015188786318981297,1.3229522985985006e-10,-0.00013108144012391077,0.00012744123780092492,1.0548543973080505e-8,0.002371046885030463,0.002179352651083653,-4.9478531005874955e-5,-4.0064861776698634e-13,1.0192696322531358e-5,2.0638245506344856e-8,-1.1917837665077211e-8,-0.0011652775750212528,9.304248597495911e-9,-0.0007891694322325176,-6.805827394221312e-11,0.014048779685645437,0.003215970227076951,-0.0005111628707619596,6.008335008440149e-12,-0.0011359006268197587,-7.901213068768387e-9,5.63256365293728e-13,-3.82761679628864e-6,-1.2457066273513425e-12,8.247915407963931e-9,-1.9046877205771403e-12,1.4488464717923197e-5,-0.0023435716807418553,-0.018028818996231127,-4.117083178316676e-7,0.006772923324499019,1.6099953692675268e-8,-0.010625859279435698,6.667288726100647e-10,-0.002077187502339439,-0.0012248069946896594,-0.0003780615456609879,-1.083306701229054e-13,-5.512285202179053e-14,-6.488998516723239e-11,-3.106269389582881e-8,-4.789425741481823e-5,8.808303567634149e-10,0.008344805173544849,-1.1691755934654873e-13,0.00011989169302293634,-0.002124306268854609,-0.0014351243793743434,-3.9904597123496816e-10,-0.0044522079644835864,1.99869717054069e-12,-1.7688148061068048e-7,-4.2688808223609864e-12,0.01657633396145182,-0.0022806283300904583,-0.0019806084308503294,2.5328366159710865e-12,0.022608764468004142,-0.019715631077649346,0.013215668948268922,-2.7945492288427295e-5,-3.26289415212105e-12,-6.128540701452544e-9,1.9031107851638182e-10,-0.0007947715528454164,-0.0033931225749122772,-0.0005744901815903648,-4.262057996919861e-8,0.0015504175561772058,1.3983971172288343e-13,4.786503390716946e-8,1.7173322406013774e-7,-0.004927943398340141,-8.135333853339837e-12,7.959336347907664e-10,-0.0012365156146816145,0.0010058642450170331,3.22518737167144e-8,-2.7454492415051113e-7,-1.4311848123312258e-6,8.860001257841432e-7,2.5509444045631173e-10,-1.5724746481338167e-11,-0.014662650239509833,-0.0002427189058826669,-7.289894890306113e-12,-2.315926404561123e-6,0.0005841292886606532,-1.1458060974676086e-5,-2.2226554304440613e-8,5.127465684923482e-6,2.4449049007698732e-11,2.8583608645447727e-10,1.3567923113284676e-9,1.0739216604544746e-8,-0.008758129185659142,5.6210791921913766e-8,-4.183149782259923e-6,-1.7855612032877506e-11,-1.324046917618166e-12,-1.9992494063684845e-6,0.0012371557611510055,4.825678020444483e-13,-3.623361649992414e-11,8.302445289900478e-12,-8.101221562973012e-10,1.7702685594132982e-8,0.0001558185687337032,1.6235329872243683e-5,2.313102024432688e-9,2.6593736014315287e-6,-8.637993528633867e-10,-1.7336925628332493e-12,5.785381536857828e-13,-5.488518020444295e-10,-1.8159508787555033e-7,1.8947677219593357e-12,-3.1578102945378417e-12,5.231455781549567e-7,0.0033877283696670236,1.0354981118504845e-5,-8.632141641268162e-8,-1.3492306706503468e-10,-2.3144033814777288e-9,1.3538641405127814e-10,2.070631794586365e-7,2.030356379324617e-12,-1.957446067683675e-6,-9.574212574211268e-5,7.965253303508756e-12,6.536342840823294e-7,-2.423905895791432e-10,3.252506085109679e-12,-5.393596085042382e-11,0.01826685381586399,2.562087863169547e-10,-5.8471690096776435e-6,6.441752182444011e-7,1.62457169352031e-11,-5.881764470915977e-12,1.456274553235094e-9,1.300020757515334e-11,4.719432076350392e-7,0.001760348742500837,-1.9446473307248936e-13,0.00029060373247193717,-0.007603449422049433,-1.8203020378227965e-12,0.0061196343785918875,-2.3330263607322793e-6,-1.5932009326157217e-9,-5.481401890228877e-9,0.0007446771956871759,0.00010011596593407852,-5.720456487300009e-8,3.097371759141854e-12,-0.005358718037253086,-0.002890425771668126,2.8007150401831636e-12,-0.0004431523056708917,1.3076667791679448e-9,5.190296414250407e-6,2.0266713936590447e-7,-9.631605620002152e-7,5.006243399284238e-10,9.733104031711433e-11,4.815189080351399e-9,-4.4358221675552295e-5,-2.709957288063251e-5,5.226275322930218e-10,1.019075737234455e-10,1.197894161819773e-10,0.00011743315511697463,0.0030103151169330058,-7.778290143757867e-13,-1.6676200532151165e-12,2.4179886376623015e-8,6.122587372071077e-13,1.411212405249874e-10,-3.6176645946442993e-8,8.8582153291198e-8,1.3483930836726488e-8,-1.935604659850874e-9,-0.00035395250380743104,-2.65989328921729e-7,3.64573399125668e-13,-0.0009069805854791875,8.450519532625063e-8,1.0471095735746891e-7,-3.519953886618378e-5,-1.3795571530162812e-5,-1.7068159907492625e-12,1.2833827829394972e-13,-0.0015184135030642636,-0.0002430216477092438,0.010196647641199333,4.393494018621769e-9,5.3578864889532544e-11,-2.378617521739831e-10,-0.0001005999296256359,-1.2450292948471912e-5,0.0009624363116341191,-4.6134597753387684e-5,0.0009075675905866502,-2.0564978275657967e-11,-0.004691332009398478,-1.2431881333652175e-9,-3.799995246781834e-7,1.1683593441382049e-7,0.0003757070231553549,-7.344145233820003e-9,2.584165656754872e-10,9.027507342771197e-9,0.003816731014578958,-3.5174920411252373e-13,-0.00037423491623240053,-1.7088977363271397e-11,0.00018965533488535287,-1.827666617140512e-11,-2.6342357773492926e-13,0.00041443575657372413,5.321369564902585e-8,3.5275206934334025e-5,1.4206466373888272e-5,1.447994018185408e-6,1.0332514188753476e-6,-2.424962185983115e-11,-0.0010362921100652103,0.0014992236978526442,-3.308874568208119e-8,8.07280575877262e-6,0.0016955305734248425,7.3965454261334974e-9,0.00017757271697673867,6.647650485248447e-10,-2.1010174949291456e-6,-6.003671025940653e-12,2.272691530634458e-8,-0.0007633928514257917,-2.5229868111156846e-13,-0.0013099984058508438,0.002416850295540828,-9.031755190183428e-7,-1.5455787413271965e-12,1.490436315556482e-12,0.0035377221025318702,0.0022691585579045896,1.1046907996610488e-9,-1.0125882678265716e-11,-6.679267072311436e-13,-6.633900919080813e-10,5.386094434119157e-8,0.00010767232457963824,7.860785759048208e-8,0.0008158123391820285,-2.3163069395308616e-13,9.418810228613596e-8,2.020396212283728e-9,2.322756461143537e-8,0.007824181558449453,4.034600501980043e-7,1.528793984857501e-11,1.3950330806916905e-8,8.741689908648322e-6,1.1435208475358706e-7,6.579177027354859e-11,0.015392635476470943,5.0611073214234446e-5,-8.357092889195391e-10,-5.7826992838982086e-9,1.1017596941859534e-7,-3.450285063446254e-8,-2.1850791194337806e-12,2.4743331029101747e-5,-2.403535791496563e-9,-0.0016737622347764776,-0.004309457303223072,-2.4980076612291984e-6,0.011050708552613382,1.8330080579856517e-9,-8.347672958028822e-12,2.788657059202397e-13,-2.4611483619697886e-5,3.1024183485147174e-5,0.0001430419367131896,0.016714266767013708,2.99188250620064e-12,-1.0140942953519258e-6,-1.1807576693536007e-12,-9.449684327077664e-9,1.0243499396540954e-9,7.866626259637715e-13,-0.000522591020920148,-5.272228983732871e-10,1.480968063463711e-5,1.9880453425905515e-5,0.0007870035103157056,-2.4792964179895365e-13,-0.0006652309210891464,-1.6817485870537208e-7,-5.1732163218450886e-5,0.004232496870772457,0.0019160200763835803,7.2932717548383996e-9,-6.397494044830849e-8,8.671899052329385e-13,5.464065634135692e-14,-2.0081144195531885e-13,-6.7294582708578e-5,4.052926935237882e-12,5.642167763863873e-6,-0.0014679811995167821,1.233719777607529e-5,-0.00589945012171877,-1.2262410119839776e-6,-0.0012251247253256532,-7.101676353841815e-14,2.9270361767834145e-6,0.00014394680520619008,2.689013704468642e-7,-0.0022660034004223293,-0.004859850941711251,-0.0034146449718048732,-7.755755128196882e-14,-3.401764998547202e-5,1.319921478305032e-9,-2.8300826413531474e-6,-0.02157689645411093,-1.3628674614478921e-8,3.8060668891538056e-11,7.267987990782684e-6,-5.377013521264787e-13,1.134258889512833e-5,-0.00035034170489620906,-1.0033042667409915e-10,-8.220477925976467e-8,-5.956030663998865e-9,-0.0008896433188372076,-2.98641611811457e-8,0.0010563378607892045,1.9204190035652403e-11,-4.2830437797608413e-8,5.186784439816256e-6,5.982048623951255e-11,0.011271356724482031,-1.1072672842399928e-11,-0.0018018548226652004,-0.0006390477768022834,-0.004102012434599525,4.62312660350876e-11,-2.4242168299850436e-9,-2.1188099004224156e-8,-4.7192405658993496e-8,-0.007972874136093636,2.403583695264247e-10,-5.986433281975959e-12,1.6649873095815588e-7,0.00010376168302984298,-1.0843729003721061e-11,-5.107136510383042e-9,-1.567931271329681e-7,8.564370281001974e-6,3.4427845739382635e-5,-6.704850691368883e-12,6.211814922715767e-13,0.0005171545178415883,-2.498234035768337e-5,2.3873086469738693e-7,-1.5933032358464448e-10,2.682073292064769e-7,-0.00030479660733583643,4.9650442815796423e-8,-8.107262750779475e-10,2.0097135483856524e-9,-0.005138624086889406,-4.124301747117353e-5,-4.7624276501467843e-5,-8.984840660850594e-5,-3.110507354400961e-5,6.125988867921423e-6,-1.2771476300368881e-11,-3.298637673032327e-13,-0.011204112024242392,1.081709184425025e-6,-1.7654914593889267e-13
0.0,0.0,0.0,0.0,0.0,0.0,0.0,0.0,0.0,0.0,0.0,0.0,0.0,0.0,0.0,0.0,0.0,0.0,0.0,0.0,0.0,0.0,0.0,0.0,0.0,0.0,0.0,0.0,0.0,0.0,0.0,0.0,0.0,0.0,0.0,0.0,0.0,0.0,0.0,0.0,0.0,0.0,0.0,0.0,0.0,0.0,0.0,0.0,0.0,0.0,0.0,0.0,0.0,0.0,0.0,0.0,0.0,0.0,0.0,0.0,0.0,0.0,0.0,0.0,0.0,0.0,0.0,0.0,0.0,0.0,0.0,0.0,0.0,0.0,0.0,0.0,0.0,0.0,0.0,0.0,0.0,0.0,0.0,0.0,0.0,0.0,0.0,0.0,0.0,0.0,0.0,0.0,0.0,0.0,0.0,0.0,0.0,0.0,0.0,0.0,0.0,0.0,0.0,0.0,0.0,0.0,0.0,0.0,0.0,0.0,0.0,0.0,0.0,0.0,0.0,0.0,0.0,0.0,0.0,0.0,0.0,0.0,0.0,0.0,0.0,0.0,0.0,0.0,0.0,0.0,0.0,0.0,0.0,0.0,0.0,0.0,0.0,0.0,0.0,0.0,0.0,0.0,0.0,0.0,0.0,0.0,0.0,0.0,0.0,0.0,0.0,0.0,0.0,0.0,0.0,0.0,0.0,0.0,0.0,0.0,0.0,0.0,0.0,0.0,0.0,0.0,0.0,0.0,0.0,0.0,0.0,0.0,0.0,0.0,0.0,0.0,0.0,0.0,0.0,0.0,0.0,0.0,0.0,0.0,0.0,0.0,0.0,0.0,0.0,0.0,0.0,0.0,0.0,0.0,0.0,0.0,0.0,0.0,0.0,0.0,0.0,0.0,0.0,0.0,0.0,0.0,0.0,0.0,0.0,0.0,0.0,0.0,0.0,0.0,0.0,0.0,0.0,0.0,0.0,0.0,0.0,0.0,0.0,0.0,0.0,0.0,0.0,0.0,0.0,0.0,0.0,0.0,0.0,0.0,0.0,0.0,0.0,0.0,0.0,0.0,0.0,0.0,0.0,0.0,0.0,0.0,0.0,0.0,0.0,0.0,0.0,0.0,0.0,0.0,0.0,0.0,0.0,0.0,0.0,0.0,0.0,0.0,0.0,0.0,0.0,0.0,0.0,0.0,0.0,0.0,0.0,0.0,0.0,0.0,0.0,0.0,0.0,0.0,0.0,0.0,0.0,0.0,0.0,0.0,0.0,0.0,0.0,0.0,0.0,0.0,0.0,0.0,0.0,0.0,0.0,0.0,0.0,0.0,0.0,0.0,0.0,0.0,0.0,0.0,0.0,0.0,0.0,0.0,0.0,0.0,0.0,0.0,0.0,0.0,0.0,0.0,0.0,0.0,0.0,0.0,0.0,0.0,0.0,0.0,0.0,0.0,0.0,0.0,0.0,0.0,0.0,0.0,0.0,0.0,0.0,0.0,0.0,0.0,0.0,0.0,0.0,0.0,0.0,0.0,0.0,0.0,0.0,0.0,0.0,0.0,0.0,0.0,0.0,0.0,0.0,0.0,0.0,0.0,0.0,0.0,0.0,0.0,0.0,0.0,0.0,0.0,0.0,0.0,0.0,0.0,0.0,0.0,0.06935731757210759,1.8436560374316654e-9,1.2121535146253614e-5,-9.006103330406699e-9,-1.1013394959798661e-10,4.2702845441574126e-8,-8.991968639803632e-11,1.289336703568211e-7,0.00025463890097236015,3.052093436295451e-11,-2.1724116410570756e-11,5.127453709102011e-6,-0.002820871660730733,4.0422929750855864e-7,-6.888735554915655e-6,-0.00031007825946729523,-2.8645725369628507e-6,-2.22112726668442e-6,1.012881603034948e-9,-0.00012971795396234624,5.851063855149875e-5,-4.249972996237643e-5,0.00043853894324108385,4.411708985533675e-6,0.0008782815985239334,-1.1676702620998535e-6,-2.4736377594796334e-8,-4.815904214273621e-10,-8.664715230619728e-11,-3.165442621196446e-5,1.1865891216625245e-8,5.3614861677754376e-5,-1.1713358597378476e-10,0.006082098282696891,-2.1160568857320954e-6,1.4880961385736145e-5,1.3766273520673028e-5,-7.506730504250514e-12,3.665569234969984e-11,-1.6971019633653886e-11,-3.1144473209871734e-11,-1.0013095754043362e-10,-0.015395680766518876,8.798009570461243e-8,-2.4303090864270903e-8,-7.565766770426017e-5,-4.660820988724011e-9,-2.9245892299750487e-9,2.7060277961786127e-7,-8.287517125556476e-5,-9.528073019736042e-7,0.00014100571133767267,-3.678462915613687e-5,-6.308025040032284e-10,-0.0034411466224183464,3.7881135737328105e-9,0.0027172159280570616,4.644599423081602e-11,1.700585122839741e-10,1.1782922587553978e-8,-0.00012571615152092274,-1.2000591818818917e-9,-0.0006188244938453379,-0.0004272356032008724,5.506760496662793e-12,-0.0006229651434206765,-0.0018145328586316003,0.0005181720149113141,-2.2811698540457087e-8,-1.224160223186719e-10,7.64923598084438e-10,4.7036190972445506e-6,2.8999817010681465e-11,0.0003388815987444547,-7.375897653923524e-12,-0.011748337109027372,9.886955516782253e-10,-1.136125816842168e-9,3.1870332189263003e-9,0.00018134757039054287,-3.7849627694018585e-5,-0.004158855631267311,6.739914144024707e-5,7.758117705984296e-8,0.0007143686039415609,-1.789305479691238e-10,4.489565241710498e-5,-3.0095475303095214e-10,2.176033964188097e-9,-1.1142623968160015e-8,0.036424278268961593,-2.3629099881389148e-11,-0.001129821321801962,-1.6372380749057115e-5,0.0010761448516862502,-1.612198010600831e-10,-1.8339536954410463e-11,-4.177174828840157e-11,-0.0006687412626292448,-2.6605383208712916e-11,-1.3119206581836367e-11,-8.101294017499098e-10,-1.2531598403717653e-8,0.0003115296628490537,0.00019193571181716796,-0.011922087474683598,-1.5890566620035055e-10,-7.080184235860887e-10,9.129508038666266e-12,-0.00012680574120261728,-1.6332191294218323e-9,-7.61674779569157e-5,-3.839387054431708e-5,6.610944111157031e-6,1.7284618119270656e-9,-0.006425291712294332,-0.002124401051339123,1.2542969188004949e-9,-4.394210386870106e-11,-9.767477743066188e-5,-1.1046920939331452e-5,6.571255972760415e-6,-7.579712563996804e-8,-0.020287465429950368,0.014461573560570816,3.805215434400978e-11,5.515577934238706e-9,-0.0006819417381089667,1.0658257089894799e-6,1.0476737859794188e-9,9.394236707764869e-7,0.0003636041264463663,1.5221047966801026e-7,0.019618737254076233,0.00032400741441788506,-2.9272681596143723e-5,-0.00033221103905354616,-3.567045203201317e-11,-6.025215620272666e-5,2.2093287355470512e-7,0.003730541980913817,0.00030662378465895165,1.0404901440313685e-6,-9.276167407195208e-11,4.277346363817901e-5,0.0060529141444738,-0.00224626731579135,0.01281225400259451,5.797615799082883e-5,-7.154528758424321e-11,-1.0382756858354176e-8,0.0004734278105086706,-1.5579556748198215e-7,0.0024640310063009773,-0.0004482231732167578,0.0005974087293165927,-0.002458001202598426,1.2268921306353758e-6,-0.0003347769486020572,-0.0017620197470415027,1.766615589484325e-8,2.4071263151899733e-10,-4.2182366371122847e-7,1.4838371506680108e-6,0.03647277604624178,-0.0008064023600305142,-0.0013443003873120525,-3.580380670703252e-7,-0.000830305378586286,2.0613829690138835e-8,6.013546465931902e-8,-0.006067120292240107,-4.088061873061733e-6,0.005354753947496487,0.000536783404347298,0.004108650362022013,4.906525102040958e-11,0.002082669446312085,9.455506637539236e-7,2.8147489408533166e-8,-0.0007450599066069232,1.8456706500537266e-5,0.00021752187628223434,-0.0007963975640710824,-3.4153705371272084e-6,-1.014671737976173e-11,4.7270520566957955e-5,3.643344871284467e-9,1.073337558336065e-9,-6.422824194041037e-6,1.2226142260763287e-10,4.994152579737378e-6,0.0012517203603407251,0.00046806849712783323,5.6932980022325183e-11,-1.2478951649161288e-7,6.0082945639657154e-5,4.2579198322375246e-5,-4.749997549461514e-11,1.864126687145923e-9,-0.0003410187248193765,1.9081000938365272e-9,0.00016997605420702113,-4.1748620239324464e-8,-8.716860824555495e-6,1.2669689894441328e-6,-0.000170883272888676,-0.005787525145898775,-0.0003710341307393978,3.8226297798800376e-8,4.373747665651324e-7,9.528216436763788e-5,0.00259265545345844,-0.003551634805560895,5.3970938541113564e-12,-3.3599878462079198e-9,7.517894756304882e-6,-0.00021795455267901228,-0.00011867837026907043,7.115658662126944e-5,-0.006365703033771443,0.0001559939280991464,-4.554318719284125e-5,-0.0003820993485590118,8.507844516184947e-5,-1.237045055337933e-9,7.67891666958985e-6,3.848089355531836e-5,-2.4944695950513325e-11,-1.2567335572870605e-5,-2.613466489621141e-6,1.3978024274667667e-7,-2.2906828400421567e-8,-0.0006828636154660255,0.00010709807640779853,9.12768110927613e-12,-6.758629053463775e-11,-4.2026543629693525e-12,-2.4600882464362714e-5,0.0010513488122293226,0.020184323613776173,2.0163182893405273e-8,-8.643832317352521e-9,7.46623710153557e-11,1.6035460047387776e-7,-5.262414953878136e-9,-0.009675350921124301,-3.1680103532334774e-11,-7.874433709602079e-5,-3.062667066554442e-6,-1.2594208307863355e-6,-4.580495484461075e-9,-0.000618242465180868,-0.0003524678286324414,-0.00015424825542475256,2.1712216846356464e-11,-1.8853229388028928e-5,5.689958722854729e-9,0.0016740418110704981,2.266659929818323e-9,0.0016434731512602059,1.4019281412737182e-7,-3.525904499724793e-9,2.9783066035126988e-5,-2.798024507690362e-9,-5.413721381606456e-10,2.002898203339651e-6,-7.893355481438134e-7,-0.006375358748004574,2.8317839592594663e-10,-2.300422303296545e-9,-0.00011406798060847286,-1.369992449288676e-7,-8.300238204002719e-10,-6.287533664919718e-8,-1.1453378939315144e-8,-0.0012624893167297155,1.4664761596736841e-7,2.630732065189912e-5,2.561061404172335e-6,3.514701749696363e-11,-0.0004056180269087261,1.2723877893389233e-9,-4.353084558970925e-12,1.7562920427505393e-7,-0.0006751706403628417,-0.0008356131238419931,3.4893973803068657e-10,-1.7171841548599503e-9,0.0009238059546596003,0.0017820324672405746,0.001006972678151695,0.0016883819169863342,1.8961317489716469e-6,-4.6045269551320907e-10,1.3270537285245957e-6,-6.4092645790392e-11,2.84441114890688e-5,4.4983993719514855e-7,-0.0037621372994238833,-5.1361545259268094e-5,-6.180883742160255e-10,-6.221837955241205e-7,-0.0016522678164429708,-5.293386567494602e-6,-1.6708844801929642e-7,-1.0552080679229798e-7,-0.009104328345473353,-2.030593627323214e-10,-4.022068452906392e-9,-0.0002060101600525865,-1.5937825771445787e-5,-1.940905263844044e-5,5.0646428718884946e-5,-0.0013317532726162152,-4.6726235751680625e-8,-7.08771133406858e-5,-1.170279184542913e-11,1.8753821828580501e-10,8.694768901582833e-9,-1.5966386181047606e-10,-0.0002924238117229646,0.0012530892969030176,-0.00012562076208621464,2.0653433628420264e-8,-3.2067213981168277e-7,-6.156750502187804e-9,3.5013945789716135e-11,-0.011357457652272243,3.0466943976032402e-6,-3.0473923436070487e-5,-0.0007885019328581943,-0.0042694261346405225,-0.002492620794378321,2.5856237832582023e-9,-0.0005001944982045033,-1.5628908658224487e-8,2.2907458899791749e-7,-4.190397208570291e-9,4.079983457011563e-5,1.695493122823019e-10,5.764026551231592e-6,1.9498179012115828e-8,1.551562685393071e-11,1.4925102286747481e-10,8.23435753972399e-5,2.6869442569141574e-6,5.522156803603115e-5,6.300022496567683e-6,-1.798184210725086e-5,3.985561468779785e-8,0.00015624957848869373,-7.621928725804591e-8,-5.974444988143843e-9,-9.369158465091471e-9,-3.6961303793745627e-11,-4.666763528035464e-7,4.0360674767991065e-10,-9.704717531893598e-6,-1.4345894350455077e-8,-3.906413007655361e-9,4.586385248345292e-7,8.54198622576159e-10,-1.659361829272748e-10,-3.6269530070447633e-10,-0.00011540178661730047,2.4854676973150015e-8,-9.205077433917206e-5,4.317395499104195e-6,-4.0924657651854395e-11,0.0006273897178373538,0.004408340429124856,-5.182953869404899e-7,-0.0011076783374393514,-4.451204410057444e-7,5.915612239376525e-11,-0.00020470575609206736,1.6363774798255182e-6,-8.773338011047513e-5,3.908267663632712e-9,2.2222422944300315e-5,5.277069031875784e-11,-0.002076137371783359,3.6050359924872427e-5,-2.5456797143614518e-8,1.7802274043516286e-6,-1.6704390146817724e-10,-0.003878824009791122,4.2519055757822136e-10,1.0922772378224084e-9,-1.9200998664423575e-12,-0.004206130100106983,-0.0006765113507935859,1.7367348857909626e-5,1.181029593136423e-5,3.932783594180861e-12,-0.0022999854654371086,-0.0009327618509284675,2.1171979853259616e-6,-3.804981525634047e-9,0.0016239374307499622,-1.8628849775334235e-5,1.6839211783917578e-5,-5.7195296890380856e-8,-4.263002622137683e-8,0.0002520671671526886,-0.00025485067798144934,8.459737869785281e-9,1.2718202389818898e-7,-2.3447050432744954e-6,0.001914774203548567,-9.784773085510797e-7,1.9121412374603695e-9,1.7040601172721646e-6,8.32577636988557e-5,-0.0008650908817386665,1.9479098512464402e-10,-3.522925655698888e-10,7.316141543788745e-8,2.9842187799684884e-8,8.164557899882008e-8,-8.34983472049717e-9,0.0021125870216771566,-0.00010735145409541619,-5.075879397439094e-11,-8.71297084164464e-7,2.4800282073573317e-5
0.0,0.0,0.0,0.0,0.0,0.0,0.0,0.0,0.0,0.0,0.0,0.0,0.0,0.0,0.0,0.0,0.0,0.0,0.0,0.0,0.0,0.0,0.0,0.0,0.0,0.0,0.0,0.0,0.0,0.0,0.0,0.0,0.0,0.0,0.0,0.0,0.0,0.0,0.0,0.0,0.0,0.0,0.0,0.0,0.0,0.0,0.0,0.0,0.0,0.0,0.0,0.0,0.0,0.0,0.0,0.0,0.0,0.0,0.0,0.0,0.0,0.0,0.0,0.0,0.0,0.0,0.0,0.0,0.0,0.0,0.0,0.0,0.0,0.0,0.0,0.0,0.0,0.0,0.0,0.0,0.0,0.0,0.0,0.0,0.0,0.0,0.0,0.0,0.0,0.0,0.0,0.0,0.0,0.0,0.0,0.0,0.0,0.0,0.0,0.0,0.0,0.0,0.0,0.0,0.0,0.0,0.0,0.0,0.0,0.0,0.0,0.0,0.0,0.0,0.0,0.0,0.0,0.0,0.0,0.0,0.0,0.0,0.0,0.0,0.0,0.0,0.0,0.0,0.0,0.0,0.0,0.0,0.0,0.0,0.0,0.0,0.0,0.0,0.0,0.0,0.0,0.0,0.0,0.0,0.0,0.0,0.0,0.0,0.0,0.0,0.0,0.0,0.0,0.0,0.0,0.0,0.0,0.0,0.0,0.0,0.0,0.0,0.0,0.0,0.0,0.0,0.0,0.0,0.0,0.0,0.0,0.0,0.0,0.0,0.0,0.0,0.0,0.0,0.0,0.0,0.0,0.0,0.0,0.0,0.0,0.0,0.0,0.0,0.0,0.0,0.0,0.0,0.0,0.0,0.0,0.0,0.0,0.0,0.0,0.0,0.0,0.0,0.0,0.0,0.0,0.0,0.0,0.0,0.0,0.0,0.0,0.0,0.0,0.0,0.0,0.0,0.0,0.0,0.0,0.0,0.0,0.0,0.0,0.0,0.0,0.0,0.0,0.0,0.0,0.0,0.0,0.0,0.0,0.0,0.0,0.0,0.0,0.0,0.0,0.0,0.0,0.0,0.0,0.0,0.0,0.0,0.0,0.0,0.0,0.0,0.0,0.0,0.0,0.0,0.0,0.0,0.0,0.0,0.0,0.0,0.0,0.0,0.0,0.0,0.0,0.0,0.0,0.0,0.0,0.0,0.0,0.0,0.0,0.0,0.0,0.0,0.0,0.0,0.0,0.0,0.0,0.0,0.0,0.0,0.0,0.0,0.0,0.0,0.0,0.0,0.0,0.0,0.0,0.0,0.0,0.0,0.0,0.0,0.0,0.0,0.0,0.0,0.0,0.0,0.0,0.0,0.0,0.0,0.0,0.0,0.0,0.0,0.0,0.0,0.0,0.0,0.0,0.0,0.0,0.0,0.0,0.0,0.0,0.0,0.0,0.0,0.0,0.0,0.0,0.0,0.0,0.0,0.0,0.0,0.0,0.0,0.0,0.0,0.0,0.0,0.0,0.0,0.0,0.0,0.0,0.0,0.0,0.0,0.0,0.0,0.0,0.0,0.0,0.0,0.0,0.0,0.0,0.0,0.0,0.0,0.0,0.0,0.0,0.0,0.0,0.0,0.0,0.0,0.0,0.0,0.0,0.0,0.0,0.06871477963180161,1.444469697999971e-6,0.0032459877080192787,0.0010127439172464409,0.0038431587000718605,0.000659163513728346,-2.611326904777909e-6,4.645691473665586e-13,-0.00015763407647666683,0.0007410501865917484,-7.826668291412956e-6,-4.443077294284527e-9,-2.1229361080518027e-5,-6.041199576084365e-7,-1.8697016684698285e-12,-1.2323202057176975e-5,1.4131857353204682e-5,-0.00024152131244055666,3.336225096374757e-8,5.808409279204595e-7,-3.3941560959125124e-12,2.5318895473377643e-11,-1.1166292581186033e-6,1.413360271219158e-10,-1.752810331910539e-12,8.216118205841315e-5,0.002790220418121662,0.001648498803482224,-5.709571350399931e-13,0.0022014487162296094,1.0684682660237408e-11,0.00046884422483809226,-3.5534555264120214e-9,2.402283769096824e-6,3.133224905551976e-13,2.114298150326777e-6,9.033076496684249e-5,-4.055460333321476e-5,0.0003013578042578688,0.0002391059236293185,0.0005350835386635054,1.6881500772749205e-10,8.085147594580913e-5,0.000359224912165282,8.166754462778345e-8,0.004174933060618858,0.003996717266608293,-0.00025062790460584326,1.153482825180998e-12,-0.00012500441164849048,3.088679486795532e-7,1.375795288612951e-8,-0.016890453197245275,3.0467020978959147e-8,0.0019724420832322423,-5.655294500516618e-11,-9.482535831910122e-5,-0.0026647831971825424,0.0007585038973711471,-2.8201643435979057e-11,0.0012128196798269725,-1.651501468474812e-8,-2.4569828748577128e-12,-0.0005491285291004529,-2.2912606280425755e-12,-4.443293884213005e-8,-8.953337669798799e-11,0.0006413973684262116,0.0023253795014511938,-0.005696092468403266,8.093003951725972e-6,-0.00029389764933198824,2.6796039285698148e-8,8.211211257469629e-5,-5.051631240030114e-9,0.006409695752850881,-0.013106399048501765,0.00693316184669293,1.844783329605729e-11,-3.635228288391097e-12,-1.967217609367113e-9,1.244444690783397e-7,0.0003892393556981988,4.77807358191431e-9,0.00460216186959279,2.5419218165483852e-11,0.0011542565182303983,-0.020313522868809136,-0.00545951109194555,1.284296500269588e-9,0.0006084868535223282,-5.473974374599208e-11,-1.2922757134821504e-6,-1.75806689312068e-11,0.003712349261394715,-1.362167485134161e-6,-0.00018758228134947165,5.504686350909688e-11,0.00020964551130977477,-0.002742461467896928,0.003048445162693427,-0.010970856027584332,3.80965403337103e-12,1.8957209185259466e-8,-2.2505890135349263e-9,0.0024233294152581093,0.0010196512887329747,-9.96280223844104e-5,-2.795835558252345e-7,0.005312364051907625,-2.4059519438091515e-12,1.853612846096092e-7,1.5598073313028224e-6,4.6134976828876083e-5,2.2944032763158024e-10,-6.8055706466275585e-9,-0.012766122167900336,0.017653892279452656,-1.9594797484629673e-6,-5.254977897812268e-7,8.628813854694806e-6,3.994979738535929e-5,-1.4345084439445343e-9,-3.8185989401961066e-10,-0.00010666087626001522,-0.005797387935845328,-4.347491773075547e-11,1.407045798334897e-5,-0.005233274364270714,-2.9469385450021464e-5,1.0471015969649628e-7,6.355470832528425e-5,-6.612936235791015e-10,1.28697402871128e-7,-1.2224574686074014e-8,-2.6300080922559016e-7,0.00025261435216591716,-4.0738848263635234e-7,-2.134972698714571e-5,-3.355330242320876e-11,-2.102721893773333e-12,-1.1546572747537305e-5,3.0656362468609997e-5,9.029954064607476e-12,-1.9094362458249078e-10,2.459545554859437e-11,-1.111364335481442e-9,1.5120622524680407e-7,0.005521296685762925,-0.003535771667349373,-1.2077808729211434e-8,0.00010107235985466176,-1.239233989668503e-8,9.056042292590886e-11,-1.4588979902655337e-10,-2.6617137525546837e-10,-5.881606928673127e-6,-1.912699029442543e-11,4.0477816773945817e-10,-7.012404901869434e-5,3.8959090339662635e-5,9.321485268296415e-6,1.1439826748959557e-6,-7.663423432865362e-10,-3.568272688392724e-8,3.001439402815305e-10,2.027909811495668e-6,-4.2666705786918705e-11,-0.003891568669417533,-0.00037488856514765565,8.295821165830024e-11,-2.2802364253355886e-6,1.2903331312918079e-9,1.7520856854012246e-11,1.467236378302414e-9,-0.0005160368277753096,4.283240086247223e-9,7.875093082899825e-6,9.391100478365468e-6,-1.3155099590624164e-10,-3.2315197839900386e-11,4.490024061995689e-8,-4.43636041127652e-11,2.605853656237541e-6,-0.0060939443651140315,-1.390852772718243e-12,-0.00753694025001574,-0.004462432989766767,-2.94151335188387e-11,-0.0012100092594679185,4.3221802444328565e-6,9.695330418580195e-9,-4.29047243576059e-8,-0.0009741896200945478,-1.094727098911927e-5,-1.946236458451827e-7,-5.358006441133591e-11,0.0009372895901518734,0.0027187799179717474,-8.24615111899513e-11,0.004419875546934885,3.706590964964879e-8,-1.898477930978592e-5,-2.2187808031147947e-6,-9.061254231120128e-6,-2.5769751197101257e-8,1.2446619169926273e-10,5.7733367561797176e-8,-0.0015279514578377875,0.0001706174254401614,1.931065821655825e-9,5.221250193026541e-9,-4.4600495287813495e-11,-8.535725971858063e-5,0.009833272374152453,1.4373322933802573e-12,1.9950088774634124e-11,-1.786255685143987e-7,-3.4981541457777975e-12,3.1858704474465777e-10,5.95586588209395e-7,-1.3738545222839975e-6,-1.400332420352553e-9,1.6177443441199768e-8,-0.0022781507026407325,6.291334425604475e-6,8.075246263141094e-12,0.00016278810410280166,2.4758083847090063e-7,-5.36970260854628e-7,-0.0003706261752972321,9.861217127627112e-5,-1.3650959173696866e-12,-2.0153035995729278e-12,0.00020727925225738503,-0.001182902905296168,-0.0001660284848433087,-1.2811980787309435e-7,-3.4772722295032166e-10,7.500167572409944e-10,3.032804869508252e-5,-5.3846996471627874e-5,-0.0005664129291959091,-0.00010334290920155889,0.0013974555619046902,-1.4410362154799604e-9,0.0006101133784511421,-7.050874660733588e-8,-5.855055275659383e-6,-7.479943228855067e-6,0.008414357013272401,-1.3469709230997178e-7,-2.1340928650971965e-9,4.557014664860897e-8,0.0005429719302109693,-1.5491785025451925e-12,-0.0023236066099101395,4.3670075691853594e-10,0.0013561442476026713,-2.7853382486644554e-10,-2.196597950127231e-12,0.0074802397118157804,1.1551725750622223e-6,0.0005358353811374284,0.003319338962302743,4.804562340163168e-5,-3.439398459120353e-5,6.675393685011241e-10,-0.0018165002594895264,0.001928976147977751,-3.7015098494470255e-7,-0.00041988118410530927,0.02606816878736786,9.064935403395043e-7,-0.0016152050256807407,-1.4227947459006138e-8,4.269475369543914e-6,3.909263561969486e-11,7.45559004698331e-7,-0.0026337403431028594,-1.7352839507197926e-12,0.018049517589896417,-3.7010758022868677e-5,-1.181778149349725e-5,-1.1962574612884997e-11,2.2742669677523047e-11,-0.0012996589512448257,-0.00723461688300845,7.142883534176037e-9,7.312378517511518e-11,6.630818346922803e-11,-1.7335303027370014e-10,5.851023327548392e-8,-0.018515247150939853,9.429060993367903e-7,-0.0012099264654588167,-1.0251878473735055e-11,3.5958707699306693e-6,-1.690186017723207e-8,-4.5695416381342975e-8,-0.00028212463583811255,-9.37786170515431e-6,-4.4676018365134825e-10,9.622073080143287e-8,-2.607191798578912e-5,-1.6591226575408679e-6,-6.556942455224968e-11,0.0047609923313146766,-0.003748425635592503,7.658979183996648e-9,6.257717433929067e-7,-2.6406766210766307e-7,-1.9051566900766975e-7,-8.2920701421411e-11,-0.0003568033970643074,1.7083554605770052e-7,3.057714036318123e-5,0.004285718347459304,5.190275135952646e-6,0.0015784944554732025,2.799032255326749e-9,-8.054606126308069e-11,-1.5868869844602383e-11,-0.0010346878307773023,8.669007545623163e-5,0.0017566403744233414,-0.0004345863762405949,-1.861840204579925e-11,2.8978529581036773e-7,-4.768090267482579e-12,-1.7405340378193982e-8,-9.966334017834135e-9,2.8656720317861393e-10,-0.01024132347799031,2.4364940244609336e-9,-0.0008619158064021457,0.00017357085574346413,-0.007161133090914323,-2.0934280718729673e-12,0.008872915264626663,1.7308735706597712e-6,-0.0004425834064174657,0.0006137647188872401,0.0003381036015189424,4.758757631517378e-7,-8.283436015287621e-7,7.339230923600824e-12,1.8300773696178778e-12,3.8940622272309155e-12,0.0010229019989147483,-1.277051698980285e-11,2.0253487422599008e-5,-0.0027113445549204244,-0.0033484049924671624,0.00026167934972888107,-2.0237945487252923e-5,-0.0009229551622203119,-1.0285853080542434e-12,9.086151628350321e-5,-0.0005626657686166433,-2.740350058123027e-6,-0.0038932060496560724,-0.0001448930614001212,-0.0006150398523808879,6.808196896549039e-13,-0.00029976229282501583,5.812076591557919e-9,-1.1366796472512303e-5,0.0007485739198328625,6.50859796255537e-8,-7.890703874904062e-10,1.8157256706665716e-5,-3.7484762596210045e-11,2.8055025787577268e-6,-0.0035206400674527264,1.1558309980911445e-9,9.254913742209029e-7,-2.019172724214989e-7,-0.002287274291089016,5.520574722310192e-7,-0.0002877319622744862,3.265164346451191e-11,-2.3038370274294036e-7,-0.00017936131037185575,3.3217037451218716e-10,0.0010778818784623013,-9.996073497555497e-12,-0.0032450070918278087,-0.0017941946034389518,1.1075083505804801e-5,3.0706935850684516e-10,-5.210004276852199e-8,-3.273843630321643e-7,-7.592717045866442e-8,0.000747252228661367,-2.40600382331679e-9,1.6563027391083362e-10,1.56175947268026e-5,0.0013584577486574398,1.2327074339425132e-10,-4.3993725194081986e-7,-6.108928826612122e-7,-0.00010994912507363469,1.5701968605625036e-6,3.288393043357729e-11,-1.8317899257620503e-11,0.015354977720359585,1.2388869821658117e-6,1.161201406108314e-6,6.791375673550363e-11,1.0133342491212245e-6,-0.008199285699219573,3.2852573116510416e-7,-4.21084926117671e-9,-4.6210467949770836e-9,0.0011336618183677657,0.00032700378826480865,-0.00010165895974726504,-0.0010395264224403542,0.0006312887278029718,-0.001190347226128708,2.2414690355171073e-11,4.953776045621509e-12,0.00031580128224971903,-1.7609382541182572e-5,3.02733159732934e-13
0.0,0.0,0.0,0.0,0.0,0.0,0.0,0.0,0.0,0.0,0.0,0.0,0.0,0.0,0.0,0.0,0.0,0.0,0.0,0.0,0.0,0.0,0.0,0.0,0.0,0.0,0.0,0.0,0.0,0.0,0.0,0.0,0.0,0.0,0.0,0.0,0.0,0.0,0.0,0.0,0.0,0.0,0.0,0.0,0.0,0.0,0.0,0.0,0.0,0.0,0.0,0.0,0.0,0.0,0.0,0.0,0.0,0.0,0.0,0.0,0.0,0.0,0.0,0.0,0.0,0.0,0.0,0.0,0.0,0.0,0.0,0.0,0.0,0.0,0.0,0.0,0.0,0.0,0.0,0.0,0.0,0.0,0.0,0.0,0.0,0.0,0.0,0.0,0.0,0.0,0.0,0.0,0.0,0.0,0.0,0.0,0.0,0.0,0.0,0.0,0.0,0.0,0.0,0.0,0.0,0.0,0.0,0.0,0.0,0.0,0.0,0.0,0.0,0.0,0.0,0.0,0.0,0.0,0.0,0.0,0.0,0.0,0.0,0.0,0.0,0.0,0.0,0.0,0.0,0.0,0.0,0.0,0.0,0.0,0.0,0.0,0.0,0.0,0.0,0.0,0.0,0.0,0.0,0.0,0.0,0.0,0.0,0.0,0.0,0.0,0.0,0.0,0.0,0.0,0.0,0.0,0.0,0.0,0.0,0.0,0.0,0.0,0.0,0.0,0.0,0.0,0.0,0.0,0.0,0.0,0.0,0.0,0.0,0.0,0.0,0.0,0.0,0.0,0.0,0.0,0.0,0.0,0.0,0.0,0.0,0.0,0.0,0.0,0.0,0.0,0.0,0.0,0.0,0.0,0.0,0.0,0.0,0.0,0.0,0.0,0.0,0.0,0.0,0.0,0.0,0.0,0.0,0.0,0.0,0.0,0.0,0.0,0.0,0.0,0.0,0.0,0.0,0.0,0.0,0.0,0.0,0.0,0.0,0.0,0.0,0.0,0.0,0.0,0.0,0.0,0.0,0.0,0.0,0.0,0.0,0.0,0.0,0.0,0.0,0.0,0.0,0.0,0.0,0.0,0.0,0.0,0.0,0.0,0.0,0.0,0.0,0.0,0.0,0.0,0.0,0.0,0.0,0.0,0.0,0.0,0.0,0.0,0.0,0.0,0.0,0.0,0.0,0.0,0.0,0.0,0.0,0.0,0.0,0.0,0.0,0.0,0.0,0.0,0.0,0.0,0.0,0.0,0.0,0.0,0.0,0.0,0.0,0.0,0.0,0.0,0.0,0.0,0.0,0.0,0.0,0.0,0.0,0.0,0.0,0.0,0.0,0.0,0.0,0.0,0.0,0.0,0.0,0.0,0.0,0.0,0.0,0.0,0.0,0.0,0.0,0.0,0.0,0.0,0.0,0.0,0.0,0.0,0.0,0.0,0.0,0.0,0.0,0.0,0.0,0.0,0.0,0.0,0.0,0.0,0.0,0.0,0.0,0.0,0.0,0.0,0.0,0.0,0.0,0.0,0.0,0.0,0.0,0.0,0.0,0.0,0.0,0.0,0.0,0.0,0.0,0.0,0.0,0.0,0.0,0.0,0.0,0.0,0.0,0.0,0.0,0.0,0.0,0.0,0.0,0.0,0.0,0.0,0.0,0.0,0.06837151901753726,1.1163043358488166e-5,-1.5856407103601705e-6,6.347200331640144e-6,-2.2616039772479465e-7,-0.00015104375768742299,8.168001369028954e-8,9.832978615409754e-8,-1.1463348912658851e-7,0.01567318098148267,-5.848420395073614e-5,0.00473074614544391,-0.01835603876282926,1.4698160778520186e-7,-0.023623533417054338,-0.0030065178329738854,-0.0003010669517069126,-0.0028224898404650735,0.0015594742194506889,-4.0832768365341633e-8,4.151299767306578e-7,0.005083867986745594,8.708055209520695e-7,4.571873765486622e-9,-6.362580045947242e-5,-6.315558535435014e-7,-1.9044044377336426e-7,-4.781283429309443e-9,5.380482425481356e-6,-4.1770325687655265e-9,-1.655246497845578e-7,-5.364051367409434e-5,0.018494577441844465,3.3757929227852985e-8,-0.0036787659533093872,-1.2845729566923426e-8,8.937252725674991e-8,-6.739890363113372e-8,-3.961198949654758e-8,-1.2163623376448645e-7,-4.329483417312242e-6,-8.016681726496338e-5,-2.4396479895544325e-5,0.004950739295650387,-7.774561964888874e-6,3.816971245943217e-6,0.0007565467978186676,1.7870909669798121e-7,-0.0009034465435720703,-0.0013332626490431404,0.0053063823152825025,-1.977736025278676e-6,0.00014684863860357463,7.937399192425596e-7,8.689534744256113e-6,7.181979435395601e-8,2.8674558635338175e-7,-6.5366067112625655e-6,-5.468871002134875e-7,1.5898562066377595e-6,9.637007036448216e-5,3.585109644141196e-8,1.4644659781649268e-7,6.687580791465351e-7,-0.00035836862438236034,-7.94851951405015e-7,-0.00027170190959774316,6.200593976357274e-7,1.2645796501195289e-6,-0.006920664726173722,5.6354725297079573e-8,0.00031019639684733174,-2.5972793545881008e-8,-2.088394055579575e-5,1.7695287891753056e-6,7.064885885904714e-6,2.1721930760245525e-6,1.029997396024928e-7,-1.3965339223627672e-9,-2.8990629066191928e-6,0.003368744590292338,5.829389410635942e-5,-3.0127033831975024e-5,-6.894023641708333e-7,-1.816418806163474e-8,1.2733132008613123e-5,2.6828063988381803e-6,9.90694683118143e-6,2.7684436239952695e-5,-1.2488619585250997e-8,-7.314853112835731e-7,-0.007747840916642743,1.1627697852218577e-6,-1.2919959264938879e-6,-1.690258441934728e-8,1.604548239270779e-7,6.552041614919936e-7,2.8191251083243525e-7,2.2901481422210657e-7,-4.0659139815007235e-7,-1.4844736890999472e-5,-2.2415228844222544e-8,-0.0007482228597035566,-2.1243116327901128e-5,-7.106603785417273e-7,-7.566659471342985e-7,-1.4916576866099614e-8,0.009116316459595172,-1.4282046540421366e-6,3.6279950858568137e-9,-0.0001690781260464079,-0.012500501171994926,2.7987899870024993e-7,1.3039848349446419e-5,-0.00018076141146326007,1.2473787452876132e-6,-1.0488822283677641e-5,-0.000969100672714126,0.04172506639028885,-0.0013869546700881002,-0.0004622883194403987,-2.02545328343397e-5,-1.1489106033604891e-6,5.8403694613706e-8,1.2272369057209765e-5,2.740950587291188e-7,-0.003450170675771475,1.1102045141406789e-7,-0.0013470308314457665,0.0005430435654057202,0.00197982726449497,6.043787183070926e-6,0.0006508506693574376,-0.00032743605414730325,-0.0016285466193397546,-2.214921441641842e-8,-0.0016596643916699193,0.0034500910496190517,-5.433231011968548e-7,-5.027301477055515e-8,-0.0015110933837959477,-4.984373733636388e-7,8.767981360951131e-9,1.1905023159601162e-6,1.5783553356866583e-6,2.1054924217671333e-5,-6.841445599955056e-5,4.294133882464296e-7,-2.513131847427005e-5,-0.00138261179103108,-0.0023888142249782734,-7.467132379831449e-5,9.189946619585625e-7,-2.5029253166419554e-6,0.00016784817812733518,0.0007542846702824575,-8.350952624515168e-8,9.975751803843196e-6,-0.0007218670638672391,2.5800757223990556e-7,-0.0009972685403789173,0.03450481750268911,-1.588930435216843e-5,-0.0002874183154664381,-1.653274736824761e-5,-0.00020305626808355998,-4.680915639414269e-7,1.2798942337880494e-5,0.000108931635284493,3.279643882552396e-6,-0.005223670321824466,4.291045556008953e-5,-1.4673845635495482e-9,2.5086091580930456e-7,5.9164778526865e-8,1.3146096560596213e-5,-0.0030831498669199806,0.001889714869007219,-1.5686017727576485e-6,8.100451177512413e-7,0.0002851150419767614,-9.115833253078217e-8,0.006019017790514124,2.3099071672784147e-7,1.802367013683283e-8,-4.229360419341921e-6,1.8602744669953312e-6,1.212680860980118e-7,1.67142073005284e-7,-0.0028499182166963678,0.00018825090356042442,0.00019963183958777837,1.3435479558989432e-7,-9.812920533306803e-5,-0.00014448580006251057,2.2156924350734653e-7,-2.400965277881559e-7,-3.5534287068040736e-7,-1.8011003099232409e-6,-1.1543962464926302e-6,-0.0001529477306735217,-0.0003853139682880418,0.006134389805491303,-0.013279813140008005,0.0010791851252950101,-6.889946500681346e-6,0.00018567743088124196,-8.793643014213879e-5,0.00029859064074551486,5.578647525777697e-5,4.2314204521972974e-5,-1.4738957267101062e-5,-2.956451542981712e-9,4.778987028824985e-7,6.804807308922175e-8,-1.5285378338811016e-7,-0.00033841117644891553,-1.0707227802446158e-7,-2.9562084770189917e-5,-0.0019160769386371867,-0.0011174328918076373,-0.0009738493094561204,0.0010863742842391613,-3.6059204098392926e-6,-0.0006186082802750421,2.7264135868835845e-8,-2.9272972284128928e-8,-0.005682645059355583,-0.0013839776839205786,0.00025321565909055123,8.068517187343502e-5,-1.1993352878137281e-8,-8.654385671622907e-8,-2.078981705880121e-8,7.924002308921351e-8,7.2136235439884956e-9,-0.0030994743834667844,-1.575932723075619e-5,8.030639380527956e-6,3.9686724037670265e-5,0.0004285605563792476,1.6934951447971248e-7,0.0003499676192808857,1.7634523729747803e-6,1.1765538640825365e-5,-8.310594147620809e-8,-0.0007220591468910258,-0.005986357558232209,-0.005621476980142948,7.863874025647116e-6,-8.861836552720511e-5,1.3832266110422532e-5,-0.001592884300570516,6.226311446085642e-8,-9.924801981297419e-9,-1.3495037316857976e-5,8.145795689971906e-6,-6.896835680219394e-6,1.3527165037381888e-6,4.1512089006447926e-8,3.4599628708345618e-6,-0.004989709031544177,5.852622805369519e-5,2.438888523558067e-5,0.0006136155445240536,-0.000725964790944921,2.8085422904929365e-6,5.4595812530771194e-8,-1.4076968150544615e-6,0.000195611060743237,-0.00036184373125591095,-1.4416693687112084e-6,-0.002870406500124429,1.396008072280083e-5,-0.00013795629112013503,-0.0008183451221348046,1.2724357877504643e-7,-0.0012002710870438725,4.221386335303425e-7,-5.00211502190984e-8,5.4517991188263e-6,-1.045605701791493e-8,0.0020092884856563976,9.461843199416957e-8,-6.053789755935297e-7,-1.0344921164299726e-6,-6.329668585296172e-7,-0.0006707099188241768,1.1864843370554932e-6,-2.656512480438404e-7,2.7016098450919045e-6,-0.0064102958258994884,-7.431387218290471e-7,0.0032641252188658648,-1.0428437964464252e-6,-1.5898082158606374e-7,0.001312247535019631,0.00018439106547451755,-0.006539956500752701,-7.207062086322676e-7,-0.0011120413017136179,-9.657690146473462e-6,-0.0006418310388556046,5.0504220494587e-5,-0.0008261226551557286,1.456039104116718e-6,-8.764326947581792e-7,3.7552390745198594e-6,0.00014460441297972708,-0.005148024446234302,0.0011323337176304292,0.004656902858542566,-6.165476454176867e-7,-4.940951971713976e-5,0.0030733619961021115,-1.5308622153607268e-8,6.823420502370798e-7,-0.00018946155514854604,-1.2260980046181644e-6,-0.0006489860871200886,-7.954110726114432e-8,-2.2947557293768804e-7,-0.0001339168813220876,-0.00022763013470273008,2.8244808267726863e-5,5.538243942889539e-8,3.0959411191712803e-6,0.0001698288506596364,9.415726663299627e-8,0.00012351616964970314,-0.0001493578389509226,7.3487580889065254e-6,-4.628115131586516e-9,4.828794181345312e-5,8.050222003248348e-5,8.61812644933747e-6,-8.747345789019523e-6,-3.13455141145397e-8,-6.253616309179279e-7,0.049750930748435736,0.00013385700438367856,-1.7929566789130093e-7,3.260793553611205e-7,-0.00018708635458926313,-0.0016927066253378585,2.0069871761666388e-8,5.407063436579046e-9,1.1342115067857829e-7,0.00011598882210163587,-1.5709203644453104e-8,-0.001472894556859418,1.024923154764682e-5,2.314471858704399e-6,-1.4824728903036062e-8,-0.003361602066993492,2.6631066193803626e-6,1.9598659877039727e-9,0.00022281807134068692,6.364584253169256e-5,-0.00017589721699641132,1.6320383958911488e-6,4.126354672711494e-7,-3.381290096893824e-8,-3.3174020238769624e-8,-4.430474894571008e-5,-7.409667928061051e-5,0.014174113857845816,-3.166488878381783e-8,0.0002795271243811591,-3.272491696985616e-5,0.00017150094655331644,-1.131079475682379e-7,-0.00011163642580150609,-9.00058516012045e-9,-1.591388082820401e-5,0.001971467451241293,-0.0009854682360800361,-3.416067576552754e-6,-0.004962452198195848,1.2759985252955468e-8,-6.390363354989861e-7,0.00026047131578832075,-0.00046798255739745255,-4.0957871957506376e-5,-8.586662531955557e-7,8.249941477242206e-6,8.888577513064466e-7,-5.834989660753837e-7,1.7572691663563254e-8,2.3228363576707096e-7,-0.0001833273341542488,-0.0005376651547961664,0.0005395214842975805,-1.3699490548079608e-8,-1.2336330184968961e-5,4.6248259551160243e-7,0.0008637938938784323,6.062352216167268e-6,1.6755909972531891e-6,0.0013640890516992766,0.010018628470391634,2.1964428599634545e-5,7.152555094903217e-5,9.363051213988717e-7,-1.1992277105730726e-7,1.4281334432169648e-5,-3.567962641697874e-5,0.002210868058065881,-5.447074066330587e-6,0.011089894577925025,1.1032437008838857e-5,0.003557150234662738,-7.598874777052634e-5,-7.446030635055804e-5,3.0287280272338124e-7,9.74756999026181e-7,-6.733893011551932e-5,1.3111524732477286e-5,6.143921133489971e-5,1.7634728109407059e-6,6.275641484504446e-7,4.6523435890652486e-7,-4.166029091943724e-8,0.000579342044489262,2.5230712241061282e-8
0.0,0.0,0.0,0.0,0.0,0.0,0.0,0.0,0.0,0.0,0.0,0.0,0.0,0.0,0.0,0.0,0.0,0.0,0.0,0.0,0.0,0.0,0.0,0.0,0.0,0.0,0.0,0.0,0.0,0.0,0.0,0.0,0.0,0.0,0.0,0.0,0.0,0.0,0.0,0.0,0.0,0.0,0.0,0.0,0.0,0.0,0.0,0.0,0.0,0.0,0.0,0.0,0.0,0.0,0.0,0.0,0.0,0.0,0.0,0.0,0.0,0.0,0.0,0.0,0.0,0.0,0.0,0.0,0.0,0.0,0.0,0.0,0.0,0.0,0.0,0.0,0.0,0.0,0.0,0.0,0.0,0.0,0.0,0.0,0.0,0.0,0.0,0.0,0.0,0.0,0.0,0.0,0.0,0.0,0.0,0.0,0.0,0.0,0.0,0.0,0.0,0.0,0.0,0.0,0.0,0.0,0.0,0.0,0.0,0.0,0.0,0.0,0.0,0.0,0.0,0.0,0.0,0.0,0.0,0.0,0.0,0.0,0.0,0.0,0.0,0.0,0.0,0.0,0.0,0.0,0.0,0.0,0.0,0.0,0.0,0.0,0.0,0.0,0.0,0.0,0.0,0.0,0.0,0.0,0.0,0.0,0.0,0.0,0.0,0.0,0.0,0.0,0.0,0.0,0.0,0.0,0.0,0.0,0.0,0.0,0.0,0.0,0.0,0.0,0.0,0.0,0.0,0.0,0.0,0.0,0.0,0.0,0.0,0.0,0.0,0.0,0.0,0.0,0.0,0.0,0.0,0.0,0.0,0.0,0.0,0.0,0.0,0.0,0.0,0.0,0.0,0.0,0.0,0.0,0.0,0.0,0.0,0.0,0.0,0.0,0.0,0.0,0.0,0.0,0.0,0.0,0.0,0.0,0.0,0.0,0.0,0.0,0.0,0.0,0.0,0.0,0.0,0.0,0.0,0.0,0.0,0.0,0.0,0.0,0.0,0.0,0.0,0.0,0.0,0.0,0.0,0.0,0.0,0.0,0.0,0.0,0.0,0.0,0.0,0.0,0.0,0.0,0.0,0.0,0.0,0.0,0.0,0.0,0.0,0.0,0.0,0.0,0.0,0.0,0.0,0.0,0.0,0.0,0.0,0.0,0.0,0.0,0.0,0.0,0.0,0.0,0.0,0.0,0.0,0.0,0.0,0.0,0.0,0.0,0.0,0.0,0.0,0.0,0.0,0.0,0.0,0.0,0.0,0.0,0.0,0.0,0.0,0.0,0.0,0.0,0.0,0.0,0.0,0.0,0.0,0.0,0.0,0.0,0.0,0.0,0.0,0.0,0.0,0.0,0.0,0.0,0.0,0.0,0.0,0.0,0.0,0.0,0.0,0.0,0.0,0.0,0.0,0.0,0.0,0.0,0.0,0.0,0.0,0.0,0.0,0.0,0.0,0.0,0.0,0.0,0.0,0.0,0.0,0.0,0.0,0.0,0.0,0.0,0.0,0.0,0.0,0.0,0.0,0.0,0.0,0.0,0.0,0.0,0.0,0.0,0.0,0.0,0.0,0.0,0.0,0.0,0.0,0.0,0.0,0.0,0.0,0.0,0.0,0.0,0.0,0.0,0.0,0.0,0.0,0.0,0.0,0.0,0.0,0.0,0.0,0.06831478324720461,-0.0033939994922143474,-0.004616007982806486,-0.00017321572915126625,-0.00656365185324122,-4.2945426450542855e-13,1.7504669736682353e-5,-2.4746712771353255e-5,-3.2212644596170605e-5,-4.846754877249035e-9,-0.00014170387495481395,-6.210176685257592e-6,1.023016637796569e-12,-4.039608597178459e-5,-0.00027809675196999775,-0.0001922044250871398,-6.93638562228096e-7,-9.233198588041734e-6,-9.448362118459651e-14,7.082775187525806e-11,-2.4340313195472633e-5,4.1699925133192816e-10,-4.820878243750699e-12,0.000639546328253242,0.0003866725109500413,6.4411950993321025e-6,-9.276296659307238e-12,0.0033133662772652137,-6.155677713706328e-11,-9.451457573989877e-5,1.1439984109222963e-8,2.0811754876734585e-5,1.1430245391782437e-10,-2.1820782952448258e-5,-3.23360062815219e-5,-6.868401582371432e-5,-1.9803783094949566e-5,9.691064447667378e-6,-9.469124738981712e-5,7.202951177264004e-10,0.010843429934644044,-0.009332165830232105,-4.677510651668428e-8,-0.015804590682934893,0.0012748303121303162,0.0021621910736614423,-6.268034038689467e-11,-0.00028387788801425613,4.5451866677511096e-7,1.21589566350841e-6,-0.00323520330685032,4.808981431206847e-7,-0.007063572900130776,-7.547378439578958e-10,-3.1544232396774054e-5,0.0003595843262326907,-0.02834253137021031,2.565677266717197e-10,-0.0007349412030052022,-2.5316955796016634e-7,-4.849664755234339e-11,0.00011592631386905106,-2.5447483221751774e-10,2.198765985751766e-7,3.901696513601712e-10,-0.0032891451874645984,0.0004059149708033071,0.0006120531658741934,-8.111447225968688e-5,-1.9751522737826493e-5,-1.3083951358888275e-6,-9.025955334717568e-6,-3.3270286685045603e-8,0.0003979561269064394,0.01091670928518368,0.0019437997336672575,1.7911425287714085e-11,-3.8148768046929456e-12,5.325818974821152e-9,-7.516980331365556e-6,0.0020448928150923586,8.021131592739637e-9,-0.0002567531873859654,4.620460702395499e-11,0.009415355013228597,-0.00031900946770350324,0.004680224446254401,-4.047273611684242e-10,-5.230758451225456e-5,5.7719184877773896e-11,3.5396467093876055e-6,3.406207464143289e-10,0.001809338934127742,-0.00014232365274359854,-0.0002077909818735383,-5.146949797182439e-10,-0.00024877946848897675,0.0009179956802931417,-0.0008606623226392891,-0.002836657482967856,6.622953088310113e-12,-8.934474469816232e-7,4.78188624470619e-9,-0.00010154263657744246,-0.0005305835915015733,3.6103737166793736e-5,-3.9139483125366976e-7,0.002849798173726931,-4.1989168680031715e-12,2.092160485438851e-6,1.1205210639713364e-5,0.0007032909534016862,-1.3752162263262627e-9,6.189617059158952e-9,-0.0062012581327560495,0.006766804977058764,-8.250590237457839e-7,1.7266111941850694e-5,4.6618900535906363e-5,-0.00036625737340325324,2.0362311700007563e-8,8.961805476229053e-10,-8.728153669276406e-5,-0.002106596743287949,7.725061667046982e-10,-6.796071018552803e-5,0.0011326357944973437,-0.000902195239837099,6.901711705767221e-7,0.0006708849141057557,-1.139505622422434e-10,2.3621601161598504e-8,-6.588057781404188e-8,9.525097887938435e-7,9.174512880948484e-5,1.067567325698262e-6,-0.00014482081452062154,3.9754023359972795e-10,7.291601580340722e-12,0.00024037215048612333,-0.00011769853605006436,3.8838211638588344e-11,4.3542320057351145e-9,1.7142166290584418e-9,-1.111490276396578e-8,1.012126055340269e-7,0.00035327835457747464,0.0007465531125727107,-2.2756087852408892e-7,-0.0011502392537884687,3.0779560433144793e-9,-1.634823939085165e-10,2.3749954215397193e-10,4.2320478290182124e-8,5.896683140317177e-5,-4.1569856298579695e-11,-2.932484135975067e-9,6.376739321964156e-5,0.0002802506631444515,-0.0003939180299865255,1.3913365008125987e-5,-1.2967139754956092e-9,1.0916455086312491e-7,-1.7586738091003566e-9,1.9904541264428773e-5,-1.7008772311390842e-10,-0.03373006974819424,-0.01523002157045858,3.664119290153226e-11,-0.00010847012697195085,-3.6661634277002934e-9,-1.8333143811629192e-10,3.0697530323704115e-9,-2.5507192003696662e-5,-1.3831348125664862e-8,-0.0005089607100743495,-0.00012064616068073739,2.6648489014901107e-10,1.1679547679207121e-10,-9.625770712067802e-8,-5.758461019745189e-10,6.160031423055612e-5,0.0003349991015814053,7.848335443169499e-12,-0.001131632103576903,0.0007744611140974753,1.1365743847199871e-10,0.0002341641359790525,-3.030637395815894e-6,-3.622684278134773e-8,-3.479804930906504e-7,5.6749076533190174e-5,-0.0036596496758935534,-1.1105486200874767e-6,-1.654212172450494e-10,-0.000172184362825144,-0.0013856108461773274,8.46600597880462e-10,0.006003635723498318,5.534230850245386e-7,0.0008969020808059664,-2.3745170972414558e-5,8.60422095967829e-6,-5.72978942568836e-8,-6.655503040977272e-9,4.538441539805007e-8,0.003349309869162952,0.0014334466840118393,-2.1443106970190306e-8,-1.8436212571041898e-8,2.2647149161249654e-9,-1.7284254746357353e-5,-0.007367664370537114,1.4159883323160369e-11,7.550014547139407e-11,1.0835923058962253e-6,4.752655232101643e-11,-8.323569311824723e-9,6.215413147943816e-7,9.329164849297205e-6,-2.0604325693046457e-7,-3.050386651518413e-7,0.006000213312386407,-1.404360697604015e-5,-2.93292308415142e-11,3.013571642770436e-5,4.276863197036972e-6,3.663075529875405e-5,-0.0007388733346466015,-0.0032729198148092934,-1.0224684680741086e-10,5.83263391166552e-11,-2.6219842163430556e-5,-0.0003611302477578418,6.217144383512472e-5,4.529161798969812e-7,3.5527991589120494e-9,5.205769150579426e-9,0.013537700509341399,-4.231349177926516e-5,5.7189120964523606e-5,-0.0009090649457704708,0.02327384690287535,1.9401330451625344e-8,1.0756926213805978e-5,-1.2636558462533397e-7,-2.1772111557816107e-5,-3.429058368289772e-5,0.005775005206778849,2.804838708911897e-7,1.583517619965812e-8,1.764524889671595e-7,-6.946492620420068e-5,-3.9239760980046455e-12,-0.030072850451883626,-1.6848240630892752e-9,0.005348370903726331,5.1576760926737845e-9,1.3637666181361155e-11,-0.001524913636156651,-1.9096975422645638e-5,-0.0006534418598931735,-0.008719346346266482,3.079575132530653e-5,-0.00016047511386056864,1.2580728913512968e-9,0.00012991789745910246,0.0007036409377710266,-1.2124585657712783e-6,0.0005943169181552145,0.001257809987792949,2.040824044107793e-6,0.021435329846868134,-2.403693850452603e-7,-7.843070325344648e-6,4.1599757149154565e-10,5.598232497212679e-6,3.8621548387028375e-5,1.0525240316434378e-11,-0.0011405919077694658,1.6295096007421308e-5,0.00019983831319481373,-3.437570556682897e-11,-1.920070545952031e-10,-0.001355239761180142,0.0016593894193535832,-7.065606176437642e-8,3.0655601100312476e-10,-1.2590539829625215e-10,5.69935447460325e-8,-5.634288685684877e-6,0.00020489083801740205,-7.960186778634761e-6,-0.0063283021363571765,1.1832749390824166e-10,-8.13905739838179e-5,2.045231252512955e-7,6.124695159317582e-7,-0.0012346730986279259,1.5234035129995323e-5,1.0353009796732888e-9,7.31921519856734e-7,0.00013469527054826586,1.1142690511981669e-5,-2.170445144582316e-9,0.0007345777092634274,0.01961120953154499,7.2828534916631165e-9,5.092158602801714e-6,-2.976677492466249e-6,-4.56782729215425e-7,1.9498353485545904e-10,-0.00011327584473067231,1.9833423038802607e-6,1.065902955682534e-5,-0.0005610358348821506,0.0005185471065163981,0.0010387035318847634,-4.2017764735835866e-7,1.0636534158999381e-9,5.0847371035744004e-11,0.0006026661077037653,0.001408189647665867,0.0319181028479863,2.430634488020638e-5,-1.0248929621488846e-10,3.006634241937401e-5,2.6302621587703275e-11,3.284918883635618e-8,6.324579676896501e-8,-1.0171614343551533e-9,-0.004358842699839135,4.8767485809996744e-8,0.0018269507395351785,-0.002479859467456037,0.0019706514495897946,5.283546006519576e-13,-0.0006755229996642314,2.986026851981232e-5,0.0007798243189108261,-0.00011695556516174071,-0.0005136789810282106,4.779322443587002e-7,-8.497973805775619e-6,6.011661488881793e-11,3.73980114986555e-12,-6.254356157857335e-11,0.010931433703285136,-3.3583462385549336e-10,-0.0003712171595273966,0.006950154915445635,-0.0198651726047887,0.00010558735838785259,-0.00020938615350597927,-0.001471874633389783,-2.8641808020451833e-13,0.0019697869166475012,0.033021690135360764,7.03474169639861e-5,-0.00044676143387948513,0.0008408840892583713,-0.0017917245673901186,8.04304671409161e-11,0.0004728789762557072,-1.1981742210296346e-7,-1.5491176364219315e-5,9.655768110494662e-5,-6.350173536918283e-7,-7.537717186522159e-10,0.00022228365243700905,-6.762869284202752e-11,-0.000997288632646264,-0.0005127258301316237,-1.9989112658387266e-8,8.612492815635761e-6,4.63293126997841e-7,0.023778694314836396,-5.072516869098037e-6,7.401382989896289e-5,-3.681431354140735e-11,-3.264111007837805e-6,-0.0005012314887167665,-7.94606764069353e-9,0.0007193838100666251,1.364789563072553e-9,-0.0003081110281128478,-0.0034264514305841786,1.2038784139260838e-5,-4.172896005772357e-9,1.9548372699936194e-7,-1.7073154464051707e-6,-2.9157912906635678e-6,-0.0002142210079740612,7.458704775387907e-9,-7.175646910771236e-10,-0.00023757079449891882,0.016058115066086523,1.248407967607908e-10,-1.6289259900721295e-6,-7.289065581734538e-6,0.001910995557243091,-0.004081843867261396,2.2672292423950317e-10,-2.7679634295022173e-11,-0.0006373915880154598,0.0019276891037183603,-7.574968503883982e-6,-8.342162222450425e-9,-3.0139321019741674e-5,-0.009558615237117023,1.0093254951777734e-5,-2.1526422996168013e-8,-4.946761639166141e-8,-0.00010204032873974833,0.0030552894465935097,-0.004282725942271251,-0.016889367355204996,-0.002959361964418279,0.003913683894147125,8.354826633834496e-10,-3.252208520024366e-11,1.5104542219752296e-5,4.754850345753959e-5,-3.0428053000067985e-12
0.0,0.0,0.0,0.0,0.0,0.0,0.0,0.0,0.0,0.0,0.0,0.0,0.0,0.0,0.0,0.0,0.0,0.0,0.0,0.0,0.0,0.0,0.0,0.0,0.0,0.0,0.0,0.0,0.0,0.0,0.0,0.0,0.0,0.0,0.0,0.0,0.0,0.0,0.0,0.0,0.0,0.0,0.0,0.0,0.0,0.0,0.0,0.0,0.0,0.0,0.0,0.0,0.0,0.0,0.0,0.0,0.0,0.0,0.0,0.0,0.0,0.0,0.0,0.0,0.0,0.0,0.0,0.0,0.0,0.0,0.0,0.0,0.0,0.0,0.0,0.0,0.0,0.0,0.0,0.0,0.0,0.0,0.0,0.0,0.0,0.0,0.0,0.0,0.0,0.0,0.0,0.0,0.0,0.0,0.0,0.0,0.0,0.0,0.0,0.0,0.0,0.0,0.0,0.0,0.0,0.0,0.0,0.0,0.0,0.0,0.0,0.0,0.0,0.0,0.0,0.0,0.0,0.0,0.0,0.0,0.0,0.0,0.0,0.0,0.0,0.0,0.0,0.0,0.0,0.0,0.0,0.0,0.0,0.0,0.0,0.0,0.0,0.0,0.0,0.0,0.0,0.0,0.0,0.0,0.0,0.0,0.0,0.0,0.0,0.0,0.0,0.0,0.0,0.0,0.0,0.0,0.0,0.0,0.0,0.0,0.0,0.0,0.0,0.0,0.0,0.0,0.0,0.0,0.0,0.0,0.0,0.0,0.0,0.0,0.0,0.0,0.0,0.0,0.0,0.0,0.0,0.0,0.0,0.0,0.0,0.0,0.0,0.0,0.0,0.0,0.0,0.0,0.0,0.0,0.0,0.0,0.0,0.0,0.0,0.0,0.0,0.0,0.0,0.0,0.0,0.0,0.0,0.0,0.0,0.0,0.0,0.0,0.0,0.0,0.0,0.0,0.0,0.0,0.0,0.0,0.0,0.0,0.0,0.0,0.0,0.0,0.0,0.0,0.0,0.0,0.0,0.0,0.0,0.0,0.0,0.0,0.0,0.0,0.0,0.0,0.0,0.0,0.0,0.0,0.0,0.0,0.0,0.0,0.0,0.0,0.0,0.0,0.0,0.0,0.0,0.0,0.0,0.0,0.0,0.0,0.0,0.0,0.0,0.0,0.0,0.0,0.0,0.0,0.0,0.0,0.0,0.0,0.0,0.0,0.0,0.0,0.0,0.0,0.0,0.0,0.0,0.0,0.0,0.0,0.0,0.0,0.0,0.0,0.0,0.0,0.0,0.0,0.0,0.0,0.0,0.0,0.0,0.0,0.0,0.0,0.0,0.0,0.0,0.0,0.0,0.0,0.0,0.0,0.0,0.0,0.0,0.0,0.0,0.0,0.0,0.0,0.0,0.0,0.0,0.0,0.0,0.0,0.0,0.0,0.0,0.0,0.0,0.0,0.0,0.0,0.0,0.0,0.0,0.0,0.0,0.0,0.0,0.0,0.0,0.0,0.0,0.0,0.0,0.0,0.0,0.0,0.0,0.0,0.0,0.0,0.0,0.0,0.0,0.0,0.0,0.0,0.0,0.0,0.0,0.0,0.0,0.0,0.0,0.0,0.0,0.0,0.0,0.0,0.0,0.0,0.0,0.0,0.0,0.0,0.0,0.0,0.06816136472787604,0.002212531029122105,0.0010081118184315976,1.599717728797208e-5,-5.210902945263597e-13,-0.001688824820497043,0.0006937577077264174,3.758429216303426e-7,-1.0047839341177455e-9,-6.385746819647128e-5,-4.4158676556078816e-7,7.182009171592094e-12,-7.072988426761885e-7,-1.8715730437993042e-5,0.0001805984662295863,-6.316925362388554e-8,-5.256805605660179e-7,1.3468397461691355e-12,2.6771159684757954e-12,-1.824809392125916e-6,1.1032498019679637e-11,-1.992030657992899e-13,-0.00016388220836170304,0.0003458000014800751,2.813979573305489e-5,1.3189439335333435e-12,0.0025171080195651317,-3.1153292374110165e-12,-0.0011089812142628737,2.671131919616303e-10,1.1475251821280992e-6,4.605175873762823e-12,-8.775898593804922e-7,0.00031069307936735304,0.0013627337992839184,-4.162297729022523e-5,0.00012586378520703794,-0.0008892168017386786,2.4819970400391387e-10,0.00019680611460097771,0.00018956658176201108,-5.7615510684143946e-8,0.01471150927915847,-0.004963995635787634,-0.00014751643560462162,-2.0162757485546517e-13,-9.33056631876391e-6,7.513987597783256e-8,-1.4962237542168715e-8,0.008045799381292195,2.6832692808177287e-8,-0.006203748737338191,2.2999341349600162e-11,-0.00048631608950448486,-0.003074677517393518,0.006702797332628092,-2.5643022005643673e-11,-0.00020127446748032153,8.199182436290326e-9,1.1805416880534287e-13,0.0008485314577713525,-9.276463649304152e-12,-5.348801568719084e-9,-1.6162538368918786e-11,-3.6616999759607955e-5,-0.02120154145807145,-0.016711013158262147,-7.776354394055912e-6,0.000597903059229398,-1.2506611555977944e-7,9.128849236758897e-5,-2.1201338762180803e-9,-0.004101236763242525,-0.0033092097147399816,0.0026879682251968844,-2.36863037258643e-12,-3.689099468376e-13,-5.744165217799064e-10,1.1599407270240438e-7,-0.00012879259464354214,3.119479012812483e-9,0.008162338181083017,9.458071833481194e-12,0.0004962519029979755,-0.0015106391138361714,-0.007363808260043698,-1.917253384273729e-10,-0.00018025348339329963,-2.652566480063703e-12,-6.628012534964192e-7,1.2011341220406078e-11,-0.0034520941614376286,0.0007107086915908317,-3.764850016140223e-6,-3.8447604369353056e-12,0.001400362963357661,-0.011133469987387037,0.001339434425427525,-0.00018709664266179554,9.08650469760555e-12,-4.883884071443583e-8,-3.8600195591175154e-10,0.005333891864559928,0.001911459045152504,-5.749406337284522e-5,1.1032181925474039e-7,0.0021736604869572193,9.118842044553775e-13,1.3998699599070461e-7,1.1987477133224447e-6,-0.007648091982096392,-5.516234263556814e-11,-3.295259392976174e-9,-0.0013613617403565844,0.002458927768811638,-1.5513798648056308e-7,1.8380302925940814e-6,-3.8028283941495185e-7,-2.9599213697878856e-5,3.072962559895117e-10,3.628221606820836e-11,0.0007170549235653354,-0.002160118115777054,-2.022786864999158e-11,9.802421818409004e-6,0.0005353783281822228,-3.397489901106545e-5,-3.742642267834825e-8,1.8923335805598925e-6,2.7720300003958107e-10,1.9399450516123256e-8,-3.2252024486614406e-9,3.997995402589563e-8,-0.0011221593843167062,-1.9238252502691887e-7,-4.261596876842805e-5,-1.2490657535612664e-11,-1.6330236671720683e-12,7.509377547316986e-6,0.005910795665801573,-4.057108019911917e-13,9.397406739033515e-11,1.1160517173970774e-10,4.317427994999428e-10,-3.346476524730841e-8,-0.0007697741937501795,-0.00014559614984455206,-2.1764635252455982e-8,9.46172805355394e-5,2.2886394773285506e-9,4.750518296371959e-11,2.764199451873828e-11,4.8737079199817875e-9,-1.2321536243596247e-6,-3.6256540853219203e-12,3.126178279040284e-11,8.157875242926902e-5,0.00031532471626594767,3.9717174733019455e-5,-5.414272517590205e-8,-6.90482066223695e-13,2.069624750856835e-8,-2.555824409489278e-10,-2.9533115737041195e-6,6.574525235793354e-12,-0.0005218231518651551,0.0003778056539149242,2.0990777429109506e-10,-6.365973200202318e-6,3.4691248398100825e-10,-6.526580579750624e-12,4.84367159922838e-10,-0.00043046564281542436,-1.505032450063648e-10,-1.3576134295488175e-5,-1.0737924498447925e-5,-1.6993564263060702e-11,1.812763401553423e-11,6.572648546201027e-9,-4.65831952134922e-11,5.904615091392261e-6,-0.00010290365981986289,-1.8747745430722426e-14,-0.00045147385523509263,-0.009177697405429593,3.104948697770458e-12,-0.002261377854945659,-1.6698500640637805e-6,1.9598053742739528e-10,-2.636081369767654e-8,-0.0008489741998600598,0.00011332734582789713,1.270968319904173e-7,-3.97005525386883e-11,0.0018914313956177274,0.030302299675292337,1.312329928466379e-11,-0.0013646006023303456,4.9764821264055035e-9,0.00023048424998766963,-9.793067261027425e-7,-1.9475702593488063e-7,1.8291930250980167e-8,2.641493653325971e-10,1.911100331493303e-8,-0.000489860132048529,8.077624396787349e-5,-6.928096705452543e-11,-3.97164658590992e-10,-3.5702212639871115e-11,-0.00033619419709939616,0.005999820762209432,1.8407137816905566e-12,4.849774585182178e-12,-7.011914869149376e-8,-7.683052421779367e-13,-3.101832532522963e-10,2.217787195814033e-7,7.87810071246947e-7,-8.225121713950047e-9,-6.060405460270304e-8,-0.003831664711414053,-1.6846884580052268e-6,-2.0906583143648186e-12,-7.3793353872433e-5,-1.4659456255917425e-7,2.3580340219442505e-6,-0.00030641616991800914,-0.0006732884768214253,1.1447917080843813e-11,-1.4465916996387185e-12,0.0003232484231820401,-0.0017044428054433204,-0.00015589454173790904,-1.9449959574941625e-7,-5.2861740475079244e-11,4.204239228557927e-12,0.0011485674289306172,-1.958800326004283e-5,0.00021329687460760213,-0.00010581988819153082,0.0036867428641641172,8.130522247969158e-10,0.00019564522518783066,-1.7568814206070815e-8,1.4771369401581802e-7,-4.6383326565745865e-6,0.0017015390299086218,-2.6909087888142547e-8,1.0137650872898564e-9,3.1542848574349494e-8,-0.005702645253467704,9.837937247043893e-13,0.009993719680701736,-8.756824574045077e-11,0.002412620429274835,2.4870720962242084e-11,-5.803598711320747e-13,0.0045694516760092655,-9.105410390352923e-7,-9.016010827837882e-5,-0.0005752861932303124,1.573530698268277e-5,1.2886551604982237e-7,1.4943294173878737e-10,-0.000990351226070039,0.005513509176211179,7.068018315126573e-8,2.795972015676809e-5,-0.0024937214782173355,-7.389258765317116e-7,-0.002115765630793735,-5.666695102031879e-9,1.2514844998392589e-6,-1.5921575205872908e-11,4.2469430694173677e-7,-0.0014200525462182085,7.477540788123669e-12,-0.004942086384048867,-0.0003572877552847744,8.83560529068637e-6,6.641068228061865e-12,-4.648170988395027e-11,0.003546625960284677,-0.01467331819472435,-4.653486722395936e-9,2.235181575336095e-11,3.589636760891712e-12,-8.493047729155863e-10,-3.438684110516701e-7,0.0005692314006292122,-6.575781904726284e-7,0.0256631630548424,-2.4981566587179138e-12,-5.440200264157475e-6,7.531687597324566e-9,9.82521001809877e-9,0.04630087795637463,-1.4905485626713363e-5,4.833230309183241e-10,1.267639489013768e-8,7.494644406591265e-5,4.130774833479299e-6,1.1809312884523564e-10,0.00040094475656958647,0.00024868480049127574,1.2774527920866615e-9,2.125151916184397e-7,5.041713911512453e-7,-1.747482284847643e-10,2.472609313109306e-12,1.9714694996463728e-5,2.0802106166599346e-7,0.00022988401007176137,0.00989026611902185,9.248468894616236e-6,0.003822120930605813,-2.011933992346726e-9,8.867401804319466e-12,2.34244325684742e-12,-0.00027698935142516675,2.6320322479918347e-5,0.00032899714778189255,-0.0004733155486980548,-3.428251793929562e-11,3.6773810358391766e-7,3.0647993634999116e-12,2.0989212002928836e-8,-6.359981474845727e-10,5.714083032965273e-11,0.004429717625229881,1.3008753169118748e-9,-0.0003005523931917359,-1.6496773662528928e-5,0.001311500228016943,9.24078323062908e-13,0.00037084226468299516,2.202012660597888e-6,-0.00021536449733328182,-0.00015390965761018439,0.004796043916155575,1.395144255900969e-7,-4.4255231267326067e-7,-2.9064085098258683e-12,3.19613009087774e-13,6.964434378105077e-13,0.0007313614822789195,-1.8103025789283325e-11,4.737450518464336e-5,-0.005103701609170383,-0.0006537277206870516,-0.0012960061020287766,-1.5778450119816373e-5,-0.0060613275868393185,1.423712994768946e-13,-9.822213486178041e-6,9.371556969548812e-5,4.457642258011971e-6,-0.0013506448426974065,-0.010195701623994797,-0.00899912934332403,3.0335165797413837e-12,0.00024499020351493765,-6.523370750024422e-9,-6.034104592909264e-6,-0.0015924178753619817,-5.234408998344203e-9,-2.0766145377726408e-10,-4.831800940847865e-7,-2.7649732487172278e-12,2.640868928812285e-6,-0.0021978676914623137,-2.1011693110639343e-9,7.449634280522969e-7,3.549020195116343e-8,-0.006257115368490927,-2.797023923497613e-7,-0.00034411995031112427,-1.1162308897348928e-11,-3.16823925458788e-7,6.52213020055571e-5,-5.955097641136957e-10,-0.011910116645612031,1.8956196043766298e-10,-0.0009504260571527793,-0.0006609496789675185,-0.0007122976252613441,-2.8004780780345285e-10,-3.1760799030819393e-9,-2.794513759611281e-7,-2.943219496287904e-7,0.0009977562729499379,-1.4655043440018743e-10,1.09742594057032e-11,4.5890442265253245e-6,-0.0020949012712676816,-3.449767600085043e-11,-2.334448126514331e-7,2.5380015087282137e-7,6.56653880686496e-5,-0.0002342960307138356,2.2795286111220376e-11,6.511939228929027e-13,0.0011773327831887178,1.2045300413304605e-5,3.2439226503762485e-7,-9.089239878806861e-10,-2.3462729741179127e-8,-0.0016477608652521797,-2.2950241757655539e-7,-6.218930631116419e-9,2.9657385294489675e-10,-0.0019874477376733944,-0.006475833422688293,2.7148992301535505e-5,7.269140052646011e-5,3.3257159464354566e-5,0.00019599571814208703,3.6518856615439196e-11,-1.0925171242561526e-11,8.760832556519524e-5,2.0761457085086138e-6,-4.1918157576153445e-14
0.0,0.0,0.0,0.0,0.0,0.0,0.0,0.0,0.0,0.0,0.0,0.0,0.0,0.0,0.0,0.0,0.0,0.0,0.0,0.0,0.0,0.0,0.0,0.0,0.0,0.0,0.0,0.0,0.0,0.0,0.0,0.0,0.0,0.0,0.0,0.0,0.0,0.0,0.0,0.0,0.0,0.0,0.0,0.0,0.0,0.0,0.0,0.0,0.0,0.0,0.0,0.0,0.0,0.0,0.0,0.0,0.0,0.0,0.0,0.0,0.0,0.0,0.0,0.0,0.0,0.0,0.0,0.0,0.0,0.0,0.0,0.0,0.0,0.0,0.0,0.0,0.0,0.0,0.0,0.0,0.0,0.0,0.0,0.0,0.0,0.0,0.0,0.0,0.0,0.0,0.0,0.0,0.0,0.0,0.0,0.0,0.0,0.0,0.0,0.0,0.0,0.0,0.0,0.0,0.0,0.0,0.0,0.0,0.0,0.0,0.0,0.0,0.0,0.0,0.0,0.0,0.0,0.0,0.0,0.0,0.0,0.0,0.0,0.0,0.0,0.0,0.0,0.0,0.0,0.0,0.0,0.0,0.0,0.0,0.0,0.0,0.0,0.0,0.0,0.0,0.0,0.0,0.0,0.0,0.0,0.0,0.0,0.0,0.0,0.0,0.0,0.0,0.0,0.0,0.0,0.0,0.0,0.0,0.0,0.0,0.0,0.0,0.0,0.0,0.0,0.0,0.0,0.0,0.0,0.0,0.0,0.0,0.0,0.0,0.0,0.0,0.0,0.0,0.0,0.0,0.0,0.0,0.0,0.0,0.0,0.0,0.0,0.0,0.0,0.0,0.0,0.0,0.0,0.0,0.0,0.0,0.0,0.0,0.0,0.0,0.0,0.0,0.0,0.0,0.0,0.0,0.0,0.0,0.0,0.0,0.0,0.0,0.0,0.0,0.0,0.0,0.0,0.0,0.0,0.0,0.0,0.0,0.0,0.0,0.0,0.0,0.0,0.0,0.0,0.0,0.0,0.0,0.0,0.0,0.0,0.0,0.0,0.0,0.0,0.0,0.0,0.0,0.0,0.0,0.0,0.0,0.0,0.0,0.0,0.0,0.0,0.0,0.0,0.0,0.0,0.0,0.0,0.0,0.0,0.0,0.0,0.0,0.0,0.0,0.0,0.0,0.0,0.0,0.0,0.0,0.0,0.0,0.0,0.0,0.0,0.0,0.0,0.0,0.0,0.0,0.0,0.0,0.0,0.0,0.0,0.0,0.0,0.0,0.0,0.0,0.0,0.0,0.0,0.0,0.0,0.0,0.0,0.0,0.0,0.0,0.0,0.0,0.0,0.0,0.0,0.0,0.0,0.0,0.0,0.0,0.0,0.0,0.0,0.0,0.0,0.0,0.0,0.0,0.0,0.0,0.0,0.0,0.0,0.0,0.0,0.0,0.0,0.0,0.0,0.0,0.0,0.0,0.0,0.0,0.0,0.0,0.0,0.0,0.0,0.0,0.0,0.0,0.0,0.0,0.0,0.0,0.0,0.0,0.0,0.0,0.0,0.0,0.0,0.0,0.0,0.0,0.0,0.0,0.0,0.0,0.0,0.0,0.0,0.0,0.0,0.0,0.0,0.0,0.0,0.0,0.0,0.0,0.0,0.0,0.0,0.0,0.0,0.06809525940870846,-1.2905929462361749e-5,-0.0046796035493917665,-3.922875860488371e-11,1.2996279744604594e-5,3.205098882208543e-5,-7.308780436448805e-5,-5.62485449849966e-8,-0.0006613341154080748,6.372535193940328e-6,-5.55912000178434e-10,-0.00012485110374547796,0.0002449256294683001,-0.0028843908915670777,1.4832570928393913e-6,3.3143337926831894e-5,-1.2222435624948719e-10,2.9005875080664605e-10,-4.1468399522135525e-5,1.5305861957896997e-9,-7.281801237846249e-12,-0.008500720385638323,-0.0014040664201612264,4.286290691430902e-5,-3.487245137758278e-11,0.02237825194703439,2.917524252066524e-10,1.5386055697238794e-5,-5.074551818799222e-8,4.070655441299161e-5,-1.756756133789387e-10,7.683742972162623e-5,-9.865448408382653e-6,5.134318520331151e-6,1.2475915880600246e-5,1.4229909265646519e-5,-7.554859247850424e-6,1.0859041240858938e-8,0.0017773802755215414,0.001992817943976749,-7.330656780486942e-7,0.019125144386294743,0.0013352264945617053,-0.0037923405345737936,-5.621714483788322e-11,-0.0001154557526064475,5.92966466764335e-6,4.145368506973488e-6,0.00019203767129201882,1.8025327334501272e-7,-0.027338292543907447,-7.431595247352068e-9,-3.097009812634517e-5,-7.776545531545652e-5,0.0004407766753350181,-6.753185539485028e-10,-0.0005585041038061031,-3.6329287755855415e-7,1.2364052573432293e-11,-4.826867646643192e-5,-9.421933851131669e-11,-9.138112316717499e-7,-2.149635784758635e-9,0.0019161379343773243,0.0004331877570394686,-0.00044710024674238577,0.0003951327334107962,-1.8551807501555096e-5,3.374792409511853e-6,2.025897376382022e-5,-3.725330149365744e-8,0.00013682474248972215,-0.014919028667160682,0.0013447620268104141,5.994589644097852e-10,-1.9882523571158448e-11,-3.903804611604619e-8,3.370601816357416e-6,-0.0005025929189624959,9.199283006522469e-8,9.506511845962401e-5,4.5557729167362535e-10,0.01639234217674736,-0.005855421096028105,-0.02295474826477215,-4.2134211165427376e-9,2.6161308896972497e-5,-1.2440980528155012e-9,-2.6601538890913672e-5,-6.057990895236246e-10,0.0004012187197110226,-5.65650634436291e-6,-0.00017836309368414905,1.1067279842634655e-9,-0.00010932162413680725,-0.0002964389261995518,0.0001592216966057958,-0.0034259663385585197,-1.4076541468272675e-10,8.118639945341836e-7,-2.075593188850279e-8,9.915311985641963e-5,-0.0012306993377453309,3.7582635461672565e-7,-1.003397056345012e-5,0.000193943835259187,-3.991109347093129e-11,1.935203829430047e-6,4.9661353632585527e-5,-0.00030730809026512454,-1.2669786602223364e-9,4.150497885425985e-8,-0.0026958690894174856,0.004022163702738973,-3.861479484530074e-5,-8.78054390554743e-5,7.787004955186706e-5,-0.00012580118829653175,-3.163363450773345e-8,-1.2000272769810168e-8,-4.049835690310596e-6,-0.005341713472555858,-1.2730491615811272e-9,-5.150175224803965e-5,0.0005292393672904005,-0.0011533538674906726,2.9983844826690834e-6,0.0009775232243224652,-1.9442957990137132e-8,2.550238271685126e-6,-5.3772027010763266e-8,-6.80683352894956e-6,1.664919270873461e-5,-2.1422931416305476e-6,-0.0006880532527110889,-1.2994675894127833e-9,-5.280571093482121e-11,-0.00038470400528804077,5.187690519413809e-5,2.453541513175529e-10,-9.606067743513623e-9,-8.477440816530397e-11,-2.1656712892925044e-8,3.911728697497673e-6,-7.788394509664038e-5,-0.015875805595825524,6.2725854438531e-7,-0.0006250005780226474,-2.40141991012947e-7,1.7788777264049188e-9,-4.420391113163531e-9,-1.1088016176857481e-7,-0.00010841192074997128,-3.860626196138722e-10,4.1247039295474875e-9,0.0010794605419130459,0.00013219971650493893,0.0006219310173211576,-2.0890474420024182e-5,-2.7302111826879893e-9,-7.674239680015798e-7,1.2968798338835023e-8,3.47740538038875e-7,-7.153083728548783e-10,-0.006255712610477059,0.0012155911405142665,-6.118544278901824e-9,1.3740450881443212e-5,3.822084989466248e-9,8.466324720156222e-10,2.9329998463807172e-8,-6.52994537181743e-6,7.180659572744757e-8,-0.0007183306117423065,0.000389315086950443,-2.4887799252795483e-9,-1.8549258039054371e-9,8.863697643065969e-7,6.132142189808838e-10,-1.6430657987906992e-5,0.0004974875730609663,-5.1549359548035407e-11,0.0007024842084673446,-0.0005810929511874628,-3.965106247916881e-10,-3.358137059294122e-5,-0.00012913514721308854,1.550753516903572e-7,-8.479677935954102e-8,-3.491306748797368e-5,0.0042377231133704195,1.2492573686731422e-6,-7.753408937213499e-10,7.617997100681657e-5,-4.798683137145723e-5,-2.1087235796283994e-9,-0.0002711490961106941,2.1369578117391607e-7,0.0037014153139230954,-6.447463446097525e-5,-0.00018976995619324303,-1.0448226081654139e-6,-3.0466635711406708e-9,1.045207994845634e-6,-0.00761081690426924,0.002351040086095682,1.2598383266966253e-7,1.570403267978464e-7,5.3991569457715094e-9,7.177611792680967e-6,0.008071103426444255,-6.833340684819589e-11,3.8186571667927966e-10,-2.6998748508338012e-6,-2.275404765501997e-11,2.852076873851396e-8,8.641924930438005e-6,-3.227157740056498e-5,2.2250347677536758e-7,3.567020318718848e-7,-0.0005548104676760734,0.00010807370039848371,1.482473439007284e-10,1.1298538056754087e-5,4.800404124799623e-6,-5.611007101811239e-7,-0.0037939782850802102,-0.008545370351376607,-4.1702477473929877e-10,-1.4462061765895951e-11,1.72039235072531e-5,0.0001391984066229779,-1.2039455135939702e-5,-1.581548581338821e-6,2.5066799686237925e-10,3.122947659681141e-9,0.0010135598984893246,-0.002150040834317242,-1.0444153809689749e-5,-0.006155898910708944,0.007283093084571377,-4.207478633697136e-8,1.2135633271383524e-6,-7.782418342526706e-7,-6.125030575423456e-5,-7.681607516897614e-5,0.0036950184722487874,-3.2490426437226253e-6,-8.201626161570004e-8,1.0884781220658431e-6,5.769763764867956e-5,-8.307757033699785e-11,0.002855121277374746,2.978132814039702e-9,0.010979986378843903,-7.940642992273592e-9,-8.571074763792041e-11,0.0035704199244368687,5.50838928041466e-5,0.003794428746099193,0.0131916760791506,0.0009224784894327357,3.454075075306098e-5,1.3487431666124723e-8,8.940987313450343e-5,-0.0006449840244260917,-8.321821283774272e-6,-0.0060328265614365125,-0.0003161453115909698,-4.764186028872539e-6,-0.0017947722196191794,9.827405380908447e-8,-0.00025361254278231504,-7.089025551087616e-10,2.270059030516374e-5,-1.5122133130629224e-5,-4.639907995345953e-10,2.188925917798794e-6,-4.6986948028761285e-6,-0.00024396035032533367,-5.041465165734229e-10,3.5022919551937245e-9,0.00021738658700930897,-0.00011492284979302547,5.149544918806841e-7,2.1199549640435856e-10,2.1308695721279453e-9,-4.648873234346981e-9,7.790255869816354e-6,0.00045546625722148214,9.161101367469729e-6,0.0011252965535147842,-2.3498193869955633e-10,9.361214215259663e-5,-6.294016731536765e-7,2.298370084758136e-6,-0.0003141016288922747,-0.00023945262102179925,-3.217911692666922e-8,6.219810979977368e-7,-9.033396901423043e-5,-0.00013957605666176218,-4.373471808209889e-9,0.00036968455315561594,-0.003641837222946452,1.505499156508205e-7,6.310087192632247e-6,-6.75378227759396e-6,-4.819196333436473e-6,-1.7058034678938817e-9,0.002709655455652055,2.8100380404976967e-7,9.689784554816209e-6,-0.0005958999594276524,6.99693638852423e-5,0.00015276410895858234,4.881967284328483e-7,-2.0273046869862587e-9,-3.252235840715642e-10,-0.0144191307822118,0.002156125999255891,0.003331066066494674,-2.4682164120603702e-5,-5.573422102351348e-9,-6.051114812480333e-5,-4.2929485381105556e-10,-7.935828174294688e-7,-1.572765136943775e-7,4.3324717043875556e-9,0.002809996205971367,2.377580297319343e-8,-0.001201664158232956,0.01060894421691242,-0.002113044738178138,3.3439790478571393e-12,-0.0005165802078744986,-5.799807364580266e-5,-0.00854570556371293,0.00014273096859383086,-8.146442249340371e-5,7.134149521982995e-6,-1.7247790593833637e-5,2.2626684644420024e-10,4.5767669888640616e-11,9.090001239145149e-11,0.005393264943989493,2.9007169124543016e-10,0.0007909027504488145,-0.012053598765045071,-0.012027638271796249,3.733010630143062e-5,-0.0001503249628479012,-0.0019744599700935984,-2.051474488103999e-11,0.00034049295388610733,0.0019320769216838675,-2.7415764431615797e-5,0.0002147230088258509,1.4912055218512448e-5,0.0003623820995391094,-1.176783918095746e-10,0.0027514206007891347,3.355602112883701e-7,-0.00021578777685217729,3.240324115364801e-5,9.804963153272968e-7,1.46343815196645e-9,0.0001784379713003247,-1.157660769953944e-9,0.000609251036247103,-0.0015296195357421,8.048490250216742e-8,-6.382977692721006e-6,-7.216952271564655e-6,-0.030952455855185933,2.9326731274069548e-5,4.752292902644531e-6,1.93364894908306e-9,4.7272716574186455e-7,-0.00019754058540552875,3.4042137682654155e-8,0.00024673182383264043,-7.5292219171754e-9,-0.00028855187519538953,0.0015545716536535395,1.2966841403625207e-5,2.348985250038816e-8,-1.5783868040864543e-6,-2.3070317310301706e-6,2.0647988700331754e-6,1.754684921786335e-5,-3.967578883513925e-8,4.01442112169409e-9,0.0005098716604508569,-0.0004478324197398808,4.997384326236932e-9,-4.889732056340537e-6,-8.043264910809456e-6,-0.0022751553582663346,-0.003051089484246433,-1.6181217200650572e-10,-5.221717087328062e-10,0.005301786082074397,0.00020575067040427128,3.1186295106330746e-5,1.553921869236556e-8,-1.5891947063480628e-5,-0.003242360596260242,3.38266431684297e-6,-5.191053692270595e-8,-3.741104972667608e-8,-0.00013256781250958478,-0.0008146797676177926,-0.0033950409724819355,-0.0032058441060841547,-0.0014787736609957775,-0.010252572261974267,3.280883900515673e-10,5.675334548341095e-10,4.0771789783340255e-5,-0.0002480558356345467,2.3801997137139196e-14
0.0,0.0,0.0,0.0,0.0,0.0,0.0,0.0,0.0,0.0,0.0,0.0,0.0,0.0,0.0,0.0,0.0,0.0,0.0,0.0,0.0,0.0,0.0,0.0,0.0,0.0,0.0,0.0,0.0,0.0,0.0,0.0,0.0,0.0,0.0,0.0,0.0,0.0,0.0,0.0,0.0,0.0,0.0,0.0,0.0,0.0,0.0,0.0,0.0,0.0,0.0,0.0,0.0,0.0,0.0,0.0,0.0,0.0,0.0,0.0,0.0,0.0,0.0,0.0,0.0,0.0,0.0,0.0,0.0,0.0,0.0,0.0,0.0,0.0,0.0,0.0,0.0,0.0,0.0,0.0,0.0,0.0,0.0,0.0,0.0,0.0,0.0,0.0,0.0,0.0,0.0,0.0,0.0,0.0,0.0,0.0,0.0,0.0,0.0,0.0,0.0,0.0,0.0,0.0,0.0,0.0,0.0,0.0,0.0,0.0,0.0,0.0,0.0,0.0,0.0,0.0,0.0,0.0,0.0,0.0,0.0,0.0,0.0,0.0,0.0,0.0,0.0,0.0,0.0,0.0,0.0,0.0,0.0,0.0,0.0,0.0,0.0,0.0,0.0,0.0,0.0,0.0,0.0,0.0,0.0,0.0,0.0,0.0,0.0,0.0,0.0,0.0,0.0,0.0,0.0,0.0,0.0,0.0,0.0,0.0,0.0,0.0,0.0,0.0,0.0,0.0,0.0,0.0,0.0,0.0,0.0,0.0,0.0,0.0,0.0,0.0,0.0,0.0,0.0,0.0,0.0,0.0,0.0,0.0,0.0,0.0,0.0,0.0,0.0,0.0,0.0,0.0,0.0,0.0,0.0,0.0,0.0,0.0,0.0,0.0,0.0,0.0,0.0,0.0,0.0,0.0,0.0,0.0,0.0,0.0,0.0,0.0,0.0,0.0,0.0,0.0,0.0,0.0,0.0,0.0,0.0,0.0,0.0,0.0,0.0,0.0,0.0,0.0,0.0,0.0,0.0,0.0,0.0,0.0,0.0,0.0,0.0,0.0,0.0,0.0,0.0,0.0,0.0,0.0,0.0,0.0,0.0,0.0,0.0,0.0,0.0,0.0,0.0,0.0,0.0,0.0,0.0,0.0,0.0,0.0,0.0,0.0,0.0,0.0,0.0,0.0,0.0,0.0,0.0,0.0,0.0,0.0,0.0,0.0,0.0,0.0,0.0,0.0,0.0,0.0,0.0,0.0,0.0,0.0,0.0,0.0,0.0,0.0,0.0,0.0,0.0,0.0,0.0,0.0,0.0,0.0,0.0,0.0,0.0,0.0,0.0,0.0,0.0,0.0,0.0,0.0,0.0,0.0,0.0,0.0,0.0,0.0,0.0,0.0,0.0,0.0,0.0,0.0,0.0,0.0,0.0,0.0,0.0,0.0,0.0,0.0,0.0,0.0,0.0,0.0,0.0,0.0,0.0,0.0,0.0,0.0,0.0,0.0,0.0,0.0,0.0,0.0,0.0,0.0,0.0,0.0,0.0,0.0,0.0,0.0,0.0,0.0,0.0,0.0,0.0,0.0,0.0,0.0,0.0,0.0,0.0,0.0,0.0,0.0,0.0,0.0,0.0,0.0,0.0,0.0,0.0,0.0,0.0,0.0,0.0,0.0,0.0,0.0,0.06798725024437584,-6.703481601670409e-6,3.8931125565838085e-14,0.005670000158634473,0.021449531055450194,-1.8908229854099303e-7,8.792965389345532e-11,-1.0578240465767657e-6,-9.62360118320092e-9,-4.578437638926177e-13,3.610552505930235e-7,2.87201872621783e-6,4.031449814694188e-6,-2.156047624735351e-11,7.855526455379637e-9,-3.310034195913082e-14,1.6460555466164327e-12,-1.251427511921705e-7,-6.538321310928262e-13,-1.0236939478039695e-13,4.901759275104056e-5,0.002725287495660019,0.014065016949662756,4.374901508796244e-14,-2.490904168500826e-5,-5.171779268774135e-16,0.026493331836612448,-7.425717502441925e-11,6.019160950901248e-8,1.8527857116500348e-13,6.260483478145571e-8,0.004957507853676935,-0.011373200979713062,0.007164356442476253,0.0053548915545747235,0.00899410212900601,-1.9267514857713563e-11,-6.173482013480126e-5,-3.283939345274777e-5,7.85015727377432e-9,0.00016185263431646807,0.0005818906261959657,-6.284456808491007e-6,2.231564825799265e-13,1.777446525921773e-6,-4.271296255898143e-9,-6.304141805464564e-9,0.001841612631831498,1.6760528068860597e-9,-0.00011580164327461119,1.6352936312249058e-11,-0.006345641279915082,-0.026475327018131867,6.0824471168741764e-5,-3.163307901761782e-14,-0.0016927162290181783,5.832685082559978e-11,6.430733892529933e-14,-0.005991332394331302,6.685959279041222e-13,4.905743932557057e-10,-1.099614230131269e-12,2.0125528692581635e-5,-0.00021632139513366177,-0.00913766695617971,-1.261448290136629e-8,-0.013967389874479744,2.833397701930568e-9,0.019217286334150107,1.0136735126277663e-10,-0.005114237303373684,-0.0005458356514753971,-0.0006637245964862211,-2.939321783264512e-13,-6.612937490423886e-14,2.954975837307937e-11,-4.960365507752884e-10,-9.833833575320616e-6,5.5430281989412984e-11,0.007159112524192613,-6.286536645505402e-13,1.4833717956285308e-6,0.00015358684686500603,-3.78892574700629e-5,-3.726736774424002e-11,0.00619888152454923,-1.1694077365351788e-13,-2.059544892594239e-8,5.641354748033067e-12,0.0027470660115414152,0.016336084604021323,0.008200935223377257,-9.627544617795298e-13,-0.0016170979209319581,-0.007150051071694706,0.004968800745330206,0.00013768014475167427,-1.8211739906256586e-13,-5.674073879980641e-9,-4.816863712269311e-11,0.008125857943098102,0.002539865324657241,-0.001944943771246026,1.3003794283944797e-8,0.00011977088521132526,-6.124125054774596e-14,-3.543884961845105e-10,-8.201557082759559e-8,-0.0012820202814501297,4.0224587468540345e-12,-8.53090729895007e-11,0.0004313208068067891,0.00104981567439629,5.2322660714536085e-8,1.4452866000266105e-8,-2.513949697222486e-7,7.576613052771854e-6,-3.2267602705914126e-11,1.4532989202951289e-11,-0.0008265489652340285,-0.000124237905487305,5.886182412371699e-13,-4.4418266597378145e-7,-6.30179235781284e-5,3.303815045051376e-7,-1.0935256410812778e-8,7.163162658220066e-7,4.9850492053419267e-11,-2.5035691309805303e-9,5.138078331526708e-10,5.406482713259354e-9,0.011590504872633817,1.5786669645681448e-8,-9.418460453134254e-7,1.1278765147948505e-13,1.1469495975047705e-14,-1.8549927978298687e-7,0.0048924944871826396,-2.601124077343471e-13,1.5851226795240115e-11,9.184697453146637e-13,-4.010797154308398e-11,4.174200242021862e-9,-0.002919726226028668,-6.246759032969406e-5,-2.1115115217638113e-9,-3.5336724287345163e-7,-7.656562890198335e-11,1.109942111773157e-12,-2.029688554900986e-12,1.7143832671875288e-11,-1.145242754173739e-7,6.094800425622041e-14,1.138659363219968e-11,-3.7720633231216097e-6,-0.020422918590811173,4.064710510616487e-6,2.9204900578925864e-8,-5.7025340351083315e-12,-2.361816199659707e-9,-1.9562607920746182e-11,4.5296931929159705e-7,6.451173860163883e-14,-8.541120260315973e-5,-9.39010661351756e-5,1.4551343200243475e-11,6.249474870909253e-7,2.222969385866683e-11,3.572444820966103e-13,-2.478038620398797e-11,-0.013577901714078024,-3.987973510326019e-11,-1.38285118773209e-6,-2.8225444038539135e-7,1.8307907775554882e-12,1.1881607382558273e-12,1.0591241857060137e-10,1.0432046690408127e-12,3.338065067609679e-7,-0.00478032100393272,2.3991728144389038e-14,0.00010197485339582933,-0.0036729933258763735,6.4425250634818e-13,-0.030132325525147892,-4.651154311092576e-7,1.1104282370347387e-10,-2.3803522584739165e-10,-0.013843586907349794,1.7793378704504293e-5,-2.0141961467081883e-8,1.277312018439661e-12,0.015255275280572574,-0.0003517946673421499,-1.8047735403676238e-12,0.0002410888382048788,-1.3276628184166947e-9,-6.226896972967889e-6,-7.941453911422469e-8,3.8384130242266593e-7,1.588119300447079e-9,-1.733487617351592e-11,5.879592144996982e-11,-3.068566417688969e-5,-5.5863134277367856e-6,4.3241649806156834e-11,-4.3905418240730585e-11,-2.698072236092822e-11,0.013192638466607417,0.0003236133070069338,1.0014496665201504e-13,2.2302874197601074e-14,7.694890456695763e-9,-8.708078067913998e-14,1.56091113470643e-12,-2.616380082397138e-8,5.483549437077522e-9,1.181504947421847e-9,1.359151678362155e-9,-0.00024187831401271736,-2.2698877542849875e-7,7.142070598222561e-14,0.004066650589506946,-8.613033591412748e-9,1.0714623330159365e-7,-2.7952562771829755e-6,1.4789405411400772e-7,-2.0322503238986328e-13,-2.5635333975101905e-14,0.0060090421280174135,-0.0013708963563431647,-0.004812532071774523,1.834763940925517e-8,-1.0298654296675892e-11,-1.7536611429134894e-11,-1.635967162072645e-5,-2.373942709178302e-6,-0.044869977594874634,-5.732798561831253e-6,0.00020051645115739682,9.806456718063094e-12,0.019305765953353166,-1.0681336898637857e-9,-1.2504094323832227e-7,5.915905100456721e-7,0.00012076432687158064,1.8710691149764445e-9,7.740844142391004e-11,-6.156726839750706e-10,0.004468447765611795,3.476880708571441e-14,4.328665468592359e-5,1.0627026845167046e-11,3.990781359617889e-5,-3.3949861868148332e-12,1.3136453774283158e-13,-0.00016632345886413195,-3.1458168529743124e-8,4.138370325377078e-6,-3.358301173447516e-5,5.9374880178933e-8,-4.1435509775691776e-8,-2.1516335905606218e-11,-0.004419738361311938,0.002247732580757845,-9.41270048606849e-10,7.106562206008189e-6,-0.00011613808557370028,5.5339938575719345e-8,-5.88158139222653e-5,2.743458099235908e-10,-6.333618975697836e-7,1.4060750103197752e-12,-2.4334626787919334e-8,-0.011726897511277715,-2.2070422572577533e-13,-0.0018034631085608152,0.0017740784744521938,-3.2365212375008795e-7,-4.721817520741589e-13,-3.4444488895855013e-12,0.0022915077900978226,-0.00047432237195075026,-1.0128198950946463e-9,2.1068093661506e-13,-5.1581480345852084e-12,-2.1823205624833263e-10,-8.306445055018164e-9,0.001465752830619784,-6.842062067270589e-8,-7.741459192871453e-5,-8.09214622611125e-14,-1.7040094607980965e-7,1.0151915211112117e-9,-5.2648859320609104e-9,0.0003746741168272914,7.164183977815468e-8,-4.104677005313132e-12,-7.361491525102923e-10,4.627491679835314e-6,-7.321658097481193e-8,9.633040466594035e-12,0.0027079548888862886,-0.000254110041396,-2.2512950730896244e-10,-2.4497402782207454e-8,1.0544412694259768e-8,1.3259049689674502e-9,-1.499266306556005e-12,1.4571785253849226e-5,6.640156116441423e-10,0.0014634131741822207,1.2650860583727226e-5,-2.5901593829996603e-6,0.005369484833408889,-2.458322665752344e-9,2.2450066955325292e-12,-2.9090202802040417e-13,-1.923792448580589e-5,3.8099003216715586e-6,-3.086279004928984e-5,-0.016962778159156155,-5.0231483231847924e-12,-4.607185670708101e-9,-1.197101996777243e-13,-1.2640945975851835e-9,5.1025465359722705e-11,7.568617537548238e-12,3.7285142310209704e-6,-9.299540079674995e-11,-1.854141965784938e-5,-9.590841457217064e-6,0.00045375506985554525,-9.889780150418175e-14,0.0006576138207422905,-5.794592020806849e-8,-1.5267735293754985e-5,0.00574351839642261,-0.0014083824497228086,-1.183087204747886e-8,2.8026689647837357e-8,-2.3035952806700615e-13,-2.6619261045979684e-14,1.657819606378238e-13,-3.453813935584036e-5,2.5557678264286584e-13,-1.6465755135149859e-7,-0.0002692245469186204,2.69405388950728e-5,0.003422870537686584,1.4339748810757725e-7,-0.00026701753063322853,-5.113729363508359e-14,1.627733018501732e-6,-4.915027705756306e-5,8.628476948298216e-8,-0.001450416430574599,-0.002825453898057701,0.0022473080309998237,-8.326741144251617e-14,-1.6904238092702413e-5,-6.766291029476902e-11,-5.748156815950126e-7,0.010177857236113941,-2.8337484186936817e-9,-5.731177897903559e-11,1.876890936482884e-6,2.4838210072175278e-14,4.5271433516723806e-7,0.00010742509643724566,-1.266719562145481e-10,-1.2237539325146804e-8,7.088017114417504e-9,-6.23107957651227e-5,-5.0332587089642445e-8,-0.00906992989695102,6.150988427243745e-13,5.273694511167391e-10,6.3194648325707915e-6,-9.713176053565155e-11,0.0013551664999068749,2.473581969006414e-11,-0.0015012868850172048,-0.0010341717622987686,0.00549077420381554,-4.294052509419593e-12,5.647685949113272e-10,-7.752757885990362e-9,9.029240555360611e-9,0.0024820727444315877,5.469803019330216e-12,-7.27923050424831e-12,-2.778288331684739e-7,-4.097678021412239e-6,-6.924858804969151e-14,1.9875418136991305e-8,-3.2898083646130785e-8,9.5884679839972e-6,5.925556907711901e-6,-6.570425101687771e-14,1.7834000756863647e-13,4.360091421650848e-5,3.7826430016195157e-7,3.065295229327046e-8,-4.8758957242731214e-11,8.111938998233495e-8,-0.00034771180023799567,-6.062342627244814e-9,-9.238870031858067e-11,4.5492080298393853e-10,-0.008237919995492072,-2.2649742991041413e-7,-8.153205695559408e-6,-4.8692108640500866e-5,4.3426369910830094e-7,-1.0042566000576785e-6,9.640672678231528e-13,-4.5265905531256043e-13,0.0040021953139943835,1.1056589952924367e-7,1.0205733176587e-13
0.0,0.0,0.0,0.0,0.0,0.0,0.0,0.0,0.0,0.0,0.0,0.0,0.0,0.0,0.0,0.0,0.0,0.0,0.0,0.0,0.0,0.0,0.0,0.0,0.0,0.0,0.0,0.0,0.0,0.0,0.0,0.0,0.0,0.0,0.0,0.0,0.0,0.0,0.0,0.0,0.0,0.0,0.0,0.0,0.0,0.0,0.0,0.0,0.0,0.0,0.0,0.0,0.0,0.0,0.0,0.0,0.0,0.0,0.0,0.0,0.0,0.0,0.0,0.0,0.0,0.0,0.0,0.0,0.0,0.0,0.0,0.0,0.0,0.0,0.0,0.0,0.0,0.0,0.0,0.0,0.0,0.0,0.0,0.0,0.0,0.0,0.0,0.0,0.0,0.0,0.0,0.0,0.0,0.0,0.0,0.0,0.0,0.0,0.0,0.0,0.0,0.0,0.0,0.0,0.0,0.0,0.0,0.0,0.0,0.0,0.0,0.0,0.0,0.0,0.0,0.0,0.0,0.0,0.0,0.0,0.0,0.0,0.0,0.0,0.0,0.0,0.0,0.0,0.0,0.0,0.0,0.0,0.0,0.0,0.0,0.0,0.0,0.0,0.0,0.0,0.0,0.0,0.0,0.0,0.0,0.0,0.0,0.0,0.0,0.0,0.0,0.0,0.0,0.0,0.0,0.0,0.0,0.0,0.0,0.0,0.0,0.0,0.0,0.0,0.0,0.0,0.0,0.0,0.0,0.0,0.0,0.0,0.0,0.0,0.0,0.0,0.0,0.0,0.0,0.0,0.0,0.0,0.0,0.0,0.0,0.0,0.0,0.0,0.0,0.0,0.0,0.0,0.0,0.0,0.0,0.0,0.0,0.0,0.0,0.0,0.0,0.0,0.0,0.0,0.0,0.0,0.0,0.0,0.0,0.0,0.0,0.0,0.0,0.0,0.0,0.0,0.0,0.0,0.0,0.0,0.0,0.0,0.0,0.0,0.0,0.0,0.0,0.0,0.0,0.0,0.0,0.0,0.0,0.0,0.0,0.0,0.0,0.0,0.0,0.0,0.0,0.0,0.0,0.0,0.0,0.0,0.0,0.0,0.0,0.0,0.0,0.0,0.0,0.0,0.0,0.0,0.0,0.0,0.0,0.0,0.0,0.0,0.0,0.0,0.0,0.0,0.0,0.0,0.0,0.0,0.0,0.0,0.0,0.0,0.0,0.0,0.0,0.0,0.0,0.0,0.0,0.0,0.0,0.0,0.0,0.0,0.0,0.0,0.0,0.0,0.0,0.0,0.0,0.0,0.0,0.0,0.0,0.0,0.0,0.0,0.0,0.0,0.0,0.0,0.0,0.0,0.0,0.0,0.0,0.0,0.0,0.0,0.0,0.0,0.0,0.0,0.0,0.0,0.0,0.0,0.0,0.0,0.0,0.0,0.0,0.0,0.0,0.0,0.0,0.0,0.0,0.0,0.0,0.0,0.0,0.0,0.0,0.0,0.0,0.0,0.0,0.0,0.0,0.0,0.0,0.0,0.0,0.0,0.0,0.0,0.0,0.0,0.0,0.0,0.0,0.0,0.0,0.0,0.0,0.0,0.0,0.0,0.0,0.0,0.0,0.0,0.0,0.0,0.0,0.0,0.0,0.0,0.0,0.0,0.0,0.0,0.0,0.0,0.0,0.06772327436462429,4.1334603462228673e-10,2.646295362960791e-6,-4.220625147063665e-6,0.000529157589903645,-1.607915955284837e-7,0.0005817769751928976,-2.6736699997412966e-5,4.243429930708318e-9,0.0003093543281642683,-0.002602699465168245,0.0025304482758133104,-1.442948676251637e-6,-4.591746943958811e-5,5.184888676224542e-10,-1.753414536237508e-9,0.0003195445768486996,4.832476172484389e-9,1.8082953219229307e-10,-0.0023167356659612877,0.0002668772133778781,-1.0702327390584222e-5,2.598636056197684e-10,-0.001582112947617122,-8.833093148582071e-11,-1.0052707742171961e-5,-5.4821301623517296e-8,-0.00043391996335538494,8.052888889862858e-11,-6.180748647925094e-5,-3.1843014914595753e-6,-9.897389156081581e-6,-4.009892245353902e-6,-2.9510043473226535e-6,-9.072841135487263e-6,-6.407129558979613e-8,0.0011274040321209437,-0.0037767716925491876,-1.7319535989778156e-5,-0.0006433290117786291,-0.0005636405660897843,0.005601507492672039,7.437728187319693e-10,-0.002086607138627623,-1.2207094252390276e-5,-3.619366666032037e-5,-0.0002657185161419568,-7.718293877498968e-6,-0.002229905565490564,3.6454876063543384e-8,6.626913556555586e-6,3.0159018356622646e-5,0.004048380269345915,-4.384261909602105e-9,-0.0008379934805984524,5.082780719494276e-6,1.8819607898037943e-10,-2.1684242617228394e-6,4.5949771843445025e-10,-5.24412921387022e-6,2.6512997516901947e-9,0.019454110644526082,-4.6709943483842376e-7,6.236786155028868e-5,-0.0006161713895701857,-3.0068422555017622e-6,-1.2707469285493251e-5,2.3413188763553966e-6,-1.809805179780707e-7,6.48668141435541e-5,0.002064493674588742,-0.0007665555927503981,-1.64367968127248e-9,-1.2923359201071833e-11,-2.8972881625293254e-8,4.066720050930345e-5,-0.0006079292520147367,-7.99072428400395e-7,-4.188445499952239e-5,2.445916741193454e-10,-0.027777483593216995,0.0010866822545020356,-0.001747276953973816,1.546640141565142e-7,-8.747599584417224e-6,3.5178084695976117e-9,9.63388914324995e-5,-4.820138653867856e-9,0.00010315523322860988,-8.27378588572244e-6,2.1488472458019276e-5,4.49128373367592e-9,-8.401514126870728e-6,5.170842986169394e-5,-9.668506283124518e-5,-0.0008858977683593027,2.3444124447906516e-9,7.440405886894981e-6,-4.892190500084494e-8,-2.1802430558921828e-5,3.1942425863486504e-5,3.8079191693097946e-6,3.1074439530320717e-5,0.00020750344255083435,2.34380280342124e-10,-3.576424541408075e-5,-0.00020851569526383144,9.843217181665632e-5,8.107584178658217e-8,-7.541237549592096e-7,0.0005688135315811554,0.0009020960885681633,-5.710986350552539e-6,0.0004053204653310406,-0.0002166364773001688,-0.0016803403334127377,-1.6091687745502566e-7,-4.923233594862967e-10,4.393373017102746e-6,-0.0003858975313007637,-2.3679654399960858e-9,0.002744546082686646,-0.000413125435438904,0.015214804779405655,-2.5522331196420195e-6,-0.010560853490456105,-3.992019351489043e-8,-6.850699350245115e-6,-2.701174314395904e-7,3.3116493647732324e-6,-1.136529281346267e-6,-6.112989767211557e-5,0.0025900298337304503,4.965264993787953e-9,-8.849602075009436e-12,0.0004833116166415426,-4.432963696332625e-5,-7.92158130538793e-10,-2.4116067981485323e-8,-1.6571740568635764e-8,4.7524357618053286e-7,-1.7986216563144628e-5,-5.595251875422067e-5,-0.001762350890813243,1.960994186304422e-7,0.022073938809256097,5.838678183786101e-7,-7.069789609380446e-9,2.014071372081544e-8,3.277315671130965e-7,-0.0006649377638218962,7.035524185962399e-10,2.356216365032261e-8,0.007206642154020343,2.3443434059708873e-5,0.006274930575670361,-4.65979726516887e-5,-1.669374555617191e-8,4.399536371882682e-7,-5.2478858592049174e-8,-0.0004816534428720075,1.6385160230550203e-9,0.00509516557728704,0.005551870654181014,4.3622951189953134e-8,-0.0003111222024634683,1.4231418703193577e-7,-2.825244817150902e-9,-1.2737049973516952e-8,1.6623614795175194e-6,-9.941013318834572e-9,0.007627609500839428,9.47936276038864e-5,-9.101939470231158e-9,6.967269572722295e-9,-4.993915686257859e-7,-5.242675396815638e-9,-0.00038177517396046376,-9.429374215248326e-6,4.254334209090626e-11,5.1621466379347955e-5,-3.1964979996471326e-6,-1.7501892154524093e-9,2.5027153427693977e-5,0.0010152257799320942,7.486946496218678e-7,1.1271796841300365e-6,4.2758112492306355e-6,-0.017032863131302475,2.799426808964036e-5,-3.2580271507798705e-9,4.621525902567864e-7,0.00010898215534603093,2.0291503414920846e-9,0.0008216194881786815,-5.159534145021173e-6,0.005679227722694238,0.00023175271482157698,0.0003112157170843639,-1.9612919944255463e-7,1.2253723628801446e-7,-3.0560237635810163e-6,-0.0011832070074966545,0.004635973997153656,-2.943299172411167e-7,-4.837721216061042e-7,-6.231082324150588e-8,3.564952693653243e-6,-0.0016999310477676375,5.298794614748037e-10,-1.9308296103207916e-9,-1.7689732786100004e-5,-6.600271882565152e-10,-1.3836342367224426e-7,4.2508692968480504e-5,-9.079672715215961e-5,-6.008632387110008e-6,5.752916515192563e-6,-0.00047378650443856933,2.2769469369628855e-5,-1.3108482657059735e-11,-1.2982437329190506e-6,-4.003076545810238e-5,-0.00019973742837161977,0.009708747139876841,-0.006253217978837941,4.482736170913489e-9,-7.753193315307659e-10,-1.961566337675593e-6,-3.1394906103095026e-5,3.955611810253299e-6,-4.408383538781539e-5,-7.828232399398552e-8,1.4474060606238825e-8,-0.0007232436287501923,0.012216451452887103,3.905198632762361e-6,0.035168606676365254,0.001564630086008186,-7.832584392056214e-8,-3.2843552715041523e-7,2.7909255611256477e-6,0.00037607885242230414,-0.00047575431498945525,-0.0007542911774644828,5.188440772188443e-6,1.6037216492618288e-8,-1.852675425863455e-6,4.8104985043560025e-6,5.531161787271861e-10,0.0024759463318396835,2.49525874910394e-8,-0.001442100274818151,-1.762004437681623e-8,-1.3077024000668072e-11,-0.0013437081891473396,-2.7695107388087766e-5,-0.009600884543760374,-0.0021644198115755,-0.0004455549327098471,0.0012626015520672987,7.197638694394104e-9,5.4083569365229216e-5,-3.2973324653632236e-5,4.421923326911485e-5,0.0014789328425541914,-0.0004251930404814336,-0.00013862456827513586,-0.006137289000074607,2.7315002787326224e-8,0.0024292211151352985,5.707320970280498e-9,-8.267530793792062e-5,9.577686717310241e-6,3.0226884281295315e-9,-0.0003204193021268056,2.8751070108484636e-6,0.0003763214249886632,3.6620203704405505e-9,-1.8954689180763028e-8,-3.792545732348693e-5,-0.0003792158833643256,-8.28505905826948e-7,4.13077307780677e-9,1.1873035305290941e-9,8.006875034928692e-8,-1.2761476547931544e-8,0.00013225400207924956,9.962615302034262e-5,-0.00029136724655352917,-4.5641018856518243e-10,0.00027039493854441376,-1.8470517495050587e-6,-1.3869412580340442e-5,-5.387691616084666e-5,0.001395202118612689,1.823739675295755e-7,-2.0027223434239633e-5,0.0013246943865913307,0.0014866787838655354,3.034939654334071e-8,4.315015889341893e-5,0.001657064747495116,-1.7034783920264433e-7,-1.228003142612226e-5,3.888098197751076e-6,1.4363701097818196e-5,2.612388186327554e-9,-0.011399827146970284,8.414965451263275e-6,-1.4659893967991435e-6,7.690330084445814e-5,-0.0014255281524416042,3.518151424781199e-5,2.1331330009728214e-6,-6.135592719219844e-9,1.0092906317396052e-10,-0.000670535933594581,-0.02454290833642295,-0.002222422989835113,3.4505927277374845e-6,4.1496886352891364e-8,0.00028580926744849314,1.6796202147818107e-9,5.1747156401185285e-6,-9.217819522725386e-7,-4.861974903108045e-9,-0.0002978026310616165,-1.7499258123150644e-7,-0.01507550345719949,0.0014657042817897122,2.913997479490346e-5,-6.882903789075574e-11,5.877630579345049e-6,0.0003099023377731306,0.002513512989229386,-1.1474087389670203e-5,2.402561580574925e-6,1.2237660210209307e-5,0.00012426536840514255,-1.3054240612096947e-9,-1.082221238545203e-10,7.455400051217843e-11,-0.0011395584071104503,-6.661031222123943e-10,0.0034907174970185647,-0.000661882360858946,0.0007169088576809775,4.5200109129537054e-6,0.0011648789564950507,3.0172431765564167e-5,1.470184856222493e-10,-0.01768715653486817,-0.007527678084922947,-0.00039018412256752695,6.298437383226928e-5,3.0513096984654798e-5,-9.208479937812151e-5,1.467752136299689e-10,0.0014098166129917877,-1.2897584075721501e-6,0.0010311369375422686,-1.6501650680289677e-6,1.4393714197296661e-5,-7.704183239056339e-8,-0.009539615783069071,4.679178411057444e-9,0.0029373340200197,0.00045090736346196713,-6.122088820411958e-8,4.128865428917961e-5,2.1788163645809887e-5,0.002238472540212453,-2.390324486316285e-5,9.497426133020991e-6,-1.0540015994889824e-8,4.049938191679104e-5,0.002272766478850529,-9.350688179418911e-12,5.082728548620508e-5,1.8828142237303523e-8,7.133338002081967e-5,-0.0004613014716022674,-1.9787300393424593e-6,-8.062003012274743e-8,2.798582124399213e-6,-9.557547770261304e-6,2.394919752171525e-5,-1.8864753846698224e-5,-7.451873728910545e-8,1.0150006890759061e-8,0.0008286191175507752,-0.0012327776610089752,-1.7966217604587888e-8,5.503652973013075e-6,0.00015301777220723913,-0.0007661685908573241,-0.006327796787269649,1.3264625433062642e-9,1.5813427035634298e-9,0.0008302034919770892,-0.002445033450096001,-9.035876254574976e-5,3.306275910209723e-8,0.00024355317428587843,-0.0006230980315968217,-0.00014801968769122267,5.247136725104791e-7,-8.699311176736588e-7,-3.923284410354889e-6,-0.0003613754614443124,0.042451208930822645,0.011090152841717866,0.02972731975720004,0.00514545363341697,-3.908875648716388e-9,-2.763670092102999e-9,-6.1441145187025085e-6,-0.00045268005001358107,-1.5205718430889423e-10
0.0,0.0,0.0,0.0,0.0,0.0,0.0,0.0,0.0,0.0,0.0,0.0,0.0,0.0,0.0,0.0,0.0,0.0,0.0,0.0,0.0,0.0,0.0,0.0,0.0,0.0,0.0,0.0,0.0,0.0,0.0,0.0,0.0,0.0,0.0,0.0,0.0,0.0,0.0,0.0,0.0,0.0,0.0,0.0,0.0,0.0,0.0,0.0,0.0,0.0,0.0,0.0,0.0,0.0,0.0,0.0,0.0,0.0,0.0,0.0,0.0,0.0,0.0,0.0,0.0,0.0,0.0,0.0,0.0,0.0,0.0,0.0,0.0,0.0,0.0,0.0,0.0,0.0,0.0,0.0,0.0,0.0,0.0,0.0,0.0,0.0,0.0,0.0,0.0,0.0,0.0,0.0,0.0,0.0,0.0,0.0,0.0,0.0,0.0,0.0,0.0,0.0,0.0,0.0,0.0,0.0,0.0,0.0,0.0,0.0,0.0,0.0,0.0,0.0,0.0,0.0,0.0,0.0,0.0,0.0,0.0,0.0,0.0,0.0,0.0,0.0,0.0,0.0,0.0,0.0,0.0,0.0,0.0,0.0,0.0,0.0,0.0,0.0,0.0,0.0,0.0,0.0,0.0,0.0,0.0,0.0,0.0,0.0,0.0,0.0,0.0,0.0,0.0,0.0,0.0,0.0,0.0,0.0,0.0,0.0,0.0,0.0,0.0,0.0,0.0,0.0,0.0,0.0,0.0,0.0,0.0,0.0,0.0,0.0,0.0,0.0,0.0,0.0,0.0,0.0,0.0,0.0,0.0,0.0,0.0,0.0,0.0,0.0,0.0,0.0,0.0,0.0,0.0,0.0,0.0,0.0,0.0,0.0,0.0,0.0,0.0,0.0,0.0,0.0,0.0,0.0,0.0,0.0,0.0,0.0,0.0,0.0,0.0,0.0,0.0,0.0,0.0,0.0,0.0,0.0,0.0,0.0,0.0,0.0,0.0,0.0,0.0,0.0,0.0,0.0,0.0,0.0,0.0,0.0,0.0,0.0,0.0,0.0,0.0,0.0,0.0,0.0,0.0,0.0,0.0,0.0,0.0,0.0,0.0,0.0,0.0,0.0,0.0,0.0,0.0,0.0,0.0,0.0,0.0,0.0,0.0,0.0,0.0,0.0,0.0,0.0,0.0,0.0,0.0,0.0,0.0,0.0,0.0,0.0,0.0,0.0,0.0,0.0,0.0,0.0,0.0,0.0,0.0,0.0,0.0,0.0,0.0,0.0,0.0,0.0,0.0,0.0,0.0,0.0,0.0,0.0,0.0,0.0,0.0,0.0,0.0,0.0,0.0,0.0,0.0,0.0,0.0,0.0,0.0,0.0,0.0,0.0,0.0,0.0,0.0,0.0,0.0,0.0,0.0,0.0,0.0,0.0,0.0,0.0,0.0,0.0,0.0,0.0,0.0,0.0,0.0,0.0,0.0,0.0,0.0,0.0,0.0,0.0,0.0,0.0,0.0,0.0,0.0,0.0,0.0,0.0,0.0,0.0,0.0,0.0,0.0,0.0,0.0,0.0,0.0,0.0,0.0,0.0,0.0,0.0,0.0,0.0,0.0,0.0,0.0,0.0,0.0,0.0,0.0,0.0,0.0,0.0,0.0,0.0,0.0,0.0,0.0,0.0,0.0,0.0,0.06704132951049671,3.575401161370182e-15,1.929279457163471e-14,1.726696078984048e-8,-7.541565528711258e-6,-3.421259968384517e-9,-1.161877856232217e-7,0.00707623026550578,-8.21495359563635e-9,-1.8361923704558742e-9,-3.4922650895266005e-10,-1.5526433565437603e-6,-1.3638327237253056e-7,-0.0009889890013797522,-0.0015814565999723495,2.4747748778843263e-9,0.0009144268502767278,0.005218149945950113,-4.10493729920864e-11,-2.0865452297524623e-12,-8.757142207917249e-14,-0.0006997125928626053,-7.300361990062864e-11,0.0016300757268890604,1.1076869123404961e-14,-9.6121361986778e-6,8.762226801080833e-8,-0.0005284590088839142,-3.688960654805744e-8,-2.2458102746870635e-14,5.757940395601033e-14,8.121135182929165e-15,3.317983892479647e-14,3.897171074094312e-14,-0.00039830186265681376,-3.2794073229759396e-11,6.545467650077368e-11,3.9748003154799934e-7,-1.750000602091161e-11,-3.4414317952486544e-12,3.0243675824495283e-10,-0.003840801805695509,-1.2320000197169034e-9,-7.545914363095126e-7,4.87645453809698e-7,4.074946978444584e-13,-4.366817933136374e-6,3.6853179954627025e-11,0.0006319829761891206,2.809313721013813e-14,-4.2335542243550933e-13,1.4486105428404132e-11,-0.004626996128921187,5.70879378941882e-12,1.7937833957505105e-5,-0.013250780230755778,-1.9410703690957485e-14,-0.0019352863496180429,-1.2020934766185296e-5,-0.006466124171719244,2.4182959560251965e-11,2.944377511409891e-13,-9.443956182826893e-14,3.154083844308764e-9,2.169157867238441e-15,-1.9012342364027616e-6,-1.364085745670139e-14,3.119541588522186e-5,-5.094678345778297e-14,-1.6407582487212025e-11,-2.821506979047396e-12,0.02287460029055265,0.00687431261520337,-1.8222079024903221e-6,2.2307189202666384e-7,6.226063131497837e-10,-3.2686688302984177e-6,-1.7185463603678752e-13,-0.009341537914919517,-1.2164738308806745e-10,-4.755766801205038e-12,6.612455005540017e-11,3.179584335477907e-5,3.769952118126186e-14,-0.007113760760322532,2.996436581382528e-8,0.00078524474475923,-1.084108369734343e-12,3.047349696520188e-14,7.34639495495228e-14,-0.0009039048223326235,-7.072399248225559e-14,-3.2101983713691117e-13,-1.5189094134917803e-13,4.06243734591381e-11,0.02715324701150763,-5.991920575127256e-7,4.185984415133067e-5,2.64217323084217e-13,5.000914305037158e-13,-2.9015063110136214e-14,8.974508613572162e-7,-1.6874062877842945e-12,-0.0076230379638781084,3.0339090793675144e-7,-4.498757039536805e-8,1.4792272346798187e-12,-6.130162783101835e-5,-1.3027123482939496e-5,2.769713541107981e-12,-5.479970036401897e-12,-2.1655987648841834e-7,1.1193750982546018e-7,3.0646711531725826e-8,8.420009095953667e-10,-6.999269763526366e-5,0.0004649752517661124,-8.575305379862042e-15,1.9453817322169427e-11,0.0007731981698977116,1.229511195976357e-8,-5.459161565219828e-12,3.0152853921627028e-9,3.306575536964109e-7,-3.961064440670439e-9,-0.00018531269369584938,4.252098077806555e-6,-2.774941791399233e-6,-1.1571725039947076e-6,-4.034781647766368e-14,-6.517467768667337e-7,-4.728934931936784e-9,0.000306239243468265,0.042202653933176425,1.2253263777841423e-8,3.0010726768068494e-13,0.005490126876487602,-2.2320342374512828e-5,-0.000235279975115725,3.95756541663992e-5,2.0475716917172216e-7,1.7312255211840996e-13,-4.656982836512482e-12,-7.651183000291109e-6,2.184485143114152e-9,-2.1199204638311455e-5,0.0008262676130997283,0.0006220387542391189,-1.9167469378658533e-6,-5.511451866412664e-9,-0.02617974614251589,-0.0003904742212951644,-1.1726756059521886e-10,-3.5904909006086046e-14,1.9816454680392005e-10,1.2704331968133579e-8,0.00027962707718769104,6.675690672422255e-6,-0.0005783216114059057,2.1461110863192134e-8,-0.0022951765848235155,-2.6400847261911184e-11,-7.25095101569199e-11,-0.0002986437172135553,-9.06188286523225e-9,-2.2392536790393685e-5,-0.0006495035935947721,-2.249180249409134e-5,1.2209883755499766e-13,-2.858120201192063e-5,5.36351750741664e-9,3.272432611933189e-9,-0.003951487876850942,0.003677138966468487,3.894650129113279e-6,-0.0022367550624413464,-5.379509173963329e-9,1.9902557058028967e-14,0.010254078204695094,-2.1449861435512785e-12,-4.1712916228153524e-13,0.007476430652084329,-2.0470989202886162e-13,1.421394839859508e-8,-1.2724047282767459e-6,6.935976873336324e-7,-1.0964326531838643e-13,1.2981714237926778e-10,3.6572475079439323e-7,-0.0011002588985388022,1.558228106338965e-13,2.0418964713984253e-12,-0.007809581462785226,6.418041662109387e-12,-8.857367364461054e-7,-6.235677540708399e-10,1.4591818657266244e-8,5.146190143738711e-8,6.343994365317817e-7,0.00012457064697982172,-2.1029525039927955e-7,1.4355003236532331e-10,8.1957640879643e-11,-2.55490410645389e-6,4.112680961615599e-5,-0.0003225552606328813,-2.1241410302832687e-14,-1.6608178669262576e-12,-0.005138797873851146,0.0026776399145229533,-1.2938949299645698e-7,-0.012393896427829062,1.499440140027682e-5,3.6553928660151566e-7,-1.224006010942927e-7,5.095169675968003e-7,-2.1502749910031493e-6,2.8552800904977566e-12,4.0800307813623496e-8,-0.007744913515277864,1.4419279076267104e-14,-9.79308558680835e-8,3.8666198476774525e-10,4.613825810411913e-11,4.5135812157088963e-10,-0.005408180766246675,0.02219811193196802,8.171922751788e-15,2.505761772456388e-13,1.956749116908795e-14,7.600685212763629e-8,0.00015225811208552075,9.512629218527403e-5,9.152178836392158e-11,6.665413567800349e-10,3.1957753667102178e-15,4.475996183994765e-10,-2.0350719687906937e-11,-3.99582101607743e-6,-2.6283280697495978e-14,-6.1323230928911244e-6,-2.0568415448568653e-8,-1.3979084790903615e-8,-3.389167313746519e-11,2.725608235557079e-6,-2.8190784704151968e-5,-1.109268818451463e-6,1.0191897000428173e-14,-0.003938460224429481,4.056909051309729e-12,0.0001417422360636375,-2.9572855034882925e-11,-0.0001599109537668416,-0.00482147651372541,-1.2934106916828301e-11,-6.238876667631711e-8,4.3474482261321996e-11,2.6733057695563764e-11,-1.0455909940665179e-9,-2.8653453490553023e-9,-4.6479751786453735e-5,-4.812022339398495e-13,-5.1852331128426945e-14,9.879128580510341e-7,-2.9286533619309894e-10,-6.734092224737085e-13,5.974099018668549e-9,1.874590529049722e-11,1.569210584256158e-5,-1.124813967998178e-9,8.221030025649515e-5,1.0847853497717139e-8,-3.8499608755400267e-14,-0.0028300306042555934,9.71926375120405e-13,-1.0842446532054904e-14,5.3473932163533825e-9,-0.005430097786211367,-0.0007203266621770977,3.1914146259265723e-13,-2.4440817212060816e-12,-1.5733474811745534e-6,0.004885874755346576,0.0013753382357000173,-5.9507369680826585e-6,-3.1884369902511944e-7,-4.834457458740333e-13,-2.8955335466552075e-8,2.350068747848746e-13,-0.008172594948166977,1.7691565757540728e-9,-9.169394461106525e-6,-1.3844656330627442e-6,-1.0017459787696488e-12,-3.372051248615989e-9,-2.4446297624070193e-6,4.210039916260077e-7,-6.166972610870632e-10,1.07405423802055e-9,-6.040794119985845e-5,-7.047663068030236e-13,-2.844029803362193e-11,6.401988013176424e-6,8.441323568393166e-7,-2.337722537498269e-7,8.401887936349384e-7,0.00031905232587594483,5.11612799674612e-12,1.43992424318258e-7,-6.8420957355442845e-15,4.817752685580515e-13,1.0937387124998865e-9,-4.4273443826924244e-13,1.776611846625174e-6,0.0010875429509708333,-0.0052544781692694135,6.634396319470032e-11,-8.300330169960814e-10,1.6889421341282162e-11,7.844062819392778e-14,6.622789498529365e-5,1.0299973767797048e-8,0.006098038193140327,1.115665287134119e-5,-8.444878362272452e-6,-0.00016321863504700985,5.305218350930793e-12,5.083911268105961e-6,4.073430663205363e-11,1.9639913572316486e-11,-9.935600802270435e-12,0.003088483594074362,5.700289099431682e-14,-5.840877024623292e-9,3.3864726081534076e-11,2.019539732753058e-13,6.970669189033192e-14,3.6939009816037554e-8,-7.056370094099227e-8,-0.010417999495075466,0.0017341180798205328,0.001484368698564147,-1.0622441119682541e-11,0.007229225838788965,3.9971867287991503e-10,2.7991836445449638e-11,2.2507746476635372e-11,-3.6093503476591655e-14,3.909261235815871e-9,-8.057450592638593e-13,0.001221685279593969,1.4100306494551546e-10,3.142454985088665e-11,-7.763710552242919e-9,6.256268844806664e-14,-1.938284769618313e-13,5.925792988141889e-13,-0.014782318349604725,-2.1819030837351381e-10,9.139243919260636e-6,-2.4375899504178313e-9,-8.973972033890309e-14,2.908797585676775e-6,-5.1046659908325635e-5,6.146048713883164e-10,-0.007274320882932653,-6.3223162873002e-10,-2.6846152480661914e-13,2.419186692117341e-5,7.827931284892516e-8,-2.698262799984898e-7,3.116538335258672e-11,3.498918892148231e-8,-6.839033253820386e-14,0.0007928198987806717,-3.69140085774313e-8,-2.4909510388099644e-10,2.4907100147864652e-5,-6.364302785947937e-13,-9.442527981556795e-5,-1.6306691361056636e-14,6.194653463827617e-12,6.330405739160884e-15,-0.00011933869414060235,4.064645382013242e-6,-6.574730612812149e-8,9.950004146923901e-8,4.717666181987004e-14,-5.0089876993483233e-5,0.0005481159582367819,6.269612975631603e-11,-1.1187362334067868e-11,0.0002320500270185228,-6.328193801957909e-9,1.5286122363385e-8,-9.833445737420231e-11,9.582769124850606e-11,-0.0038157740015328503,-0.010270808565583175,-2.388400708172256e-11,1.4664375727162516e-10,1.8992666683254686e-8,7.68745056734603e-5,-1.599624017618995e-8,7.006220544081409e-12,2.2526837533117426e-8,7.2282151653594125e-6,1.194047316341789e-6,-2.9919022671240835e-13,1.4944795025469572e-12,-7.267530619223616e-11,-3.925774947031532e-11,5.7342956523500657e-11,-5.18625852601478e-11,0.0018016398205517655,-0.0002944954832419609,7.551879505794664e-15,-2.4334828870522348e-9,0.004392125316416145
0.0,0.0,0.0,0.0,0.0,0.0,0.0,0.0,0.0,0.0,0.0,0.0,0.0,0.0,0.0,0.0,0.0,0.0,0.0,0.0,0.0,0.0,0.0,0.0,0.0,0.0,0.0,0.0,0.0,0.0,0.0,0.0,0.0,0.0,0.0,0.0,0.0,0.0,0.0,0.0,0.0,0.0,0.0,0.0,0.0,0.0,0.0,0.0,0.0,0.0,0.0,0.0,0.0,0.0,0.0,0.0,0.0,0.0,0.0,0.0,0.0,0.0,0.0,0.0,0.0,0.0,0.0,0.0,0.0,0.0,0.0,0.0,0.0,0.0,0.0,0.0,0.0,0.0,0.0,0.0,0.0,0.0,0.0,0.0,0.0,0.0,0.0,0.0,0.0,0.0,0.0,0.0,0.0,0.0,0.0,0.0,0.0,0.0,0.0,0.0,0.0,0.0,0.0,0.0,0.0,0.0,0.0,0.0,0.0,0.0,0.0,0.0,0.0,0.0,0.0,0.0,0.0,0.0,0.0,0.0,0.0,0.0,0.0,0.0,0.0,0.0,0.0,0.0,0.0,0.0,0.0,0.0,0.0,0.0,0.0,0.0,0.0,0.0,0.0,0.0,0.0,0.0,0.0,0.0,0.0,0.0,0.0,0.0,0.0,0.0,0.0,0.0,0.0,0.0,0.0,0.0,0.0,0.0,0.0,0.0,0.0,0.0,0.0,0.0,0.0,0.0,0.0,0.0,0.0,0.0,0.0,0.0,0.0,0.0,0.0,0.0,0.0,0.0,0.0,0.0,0.0,0.0,0.0,0.0,0.0,0.0,0.0,0.0,0.0,0.0,0.0,0.0,0.0,0.0,0.0,0.0,0.0,0.0,0.0,0.0,0.0,0.0,0.0,0.0,0.0,0.0,0.0,0.0,0.0,0.0,0.0,0.0,0.0,0.0,0.0,0.0,0.0,0.0,0.0,0.0,0.0,0.0,0.0,0.0,0.0,0.0,0.0,0.0,0.0,0.0,0.0,0.0,0.0,0.0,0.0,0.0,0.0,0.0,0.0,0.0,0.0,0.0,0.0,0.0,0.0,0.0,0.0,0.0,0.0,0.0,0.0,0.0,0.0,0.0,0.0,0.0,0.0,0.0,0.0,0.0,0.0,0.0,0.0,0.0,0.0,0.0,0.0,0.0,0.0,0.0,0.0,0.0,0.0,0.0,0.0,0.0,0.0,0.0,0.0,0.0,0.0,0.0,0.0,0.0,0.0,0.0,0.0,0.0,0.0,0.0,0.0,0.0,0.0,0.0,0.0,0.0,0.0,0.0,0.0,0.0,0.0,0.0,0.0,0.0,0.0,0.0,0.0,0.0,0.0,0.0,0.0,0.0,0.0,0.0,0.0,0.0,0.0,0.0,0.0,0.0,0.0,0.0,0.0,0.0,0.0,0.0,0.0,0.0,0.0,0.0,0.0,0.0,0.0,0.0,0.0,0.0,0.0,0.0,0.0,0.0,0.0,0.0,0.0,0.0,0.0,0.0,0.0,0.0,0.0,0.0,0.0,0.0,0.0,0.0,0.0,0.0,0.0,0.0,0.0,0.0,0.0,0.0,0.0,0.0,0.0,0.0,0.0,0.0,0.0,0.0,0.0,0.0,0.0,0.0,0.0,0.0,0.0,0.0,0.0,0.0,0.0,0.0666822582723874,0.00012875466627350874,9.099338725140348e-8,-8.175911403346602e-11,3.2920064112768826e-7,-1.3748224542055514e-8,5.892139574428771e-13,-1.5897606782851838e-7,-1.2982256357696805e-6,2.770292613324052e-6,-2.317914242950084e-10,-2.3295669209761105e-8,9.266632770583678e-14,-6.875745021677352e-13,1.5643469093255388e-9,1.2730663147728908e-12,3.414500824171302e-14,4.443197101884805e-6,-4.8673648925380275e-5,-0.010370885049418287,6.554545600140444e-15,4.302006672345139e-5,-1.6516080645078584e-13,-0.001712786652193086,5.419138393368795e-11,-2.4514939367408398e-8,2.435465077592917e-13,-6.786417142720431e-8,-0.009919769998813348,-0.00313584520315547,-0.0008315027951835447,0.003331239094860825,-0.0012480617255992762,-4.981043924977495e-13,1.3566252839176244e-5,-7.563805616342402e-5,-4.638378743953429e-9,-2.069665936730935e-5,-0.00011384223929052012,6.222224340449497e-6,-1.442332069191723e-13,-2.381088342910026e-6,1.4322683106612717e-9,-4.271551826232749e-9,-0.0006601916883716348,9.175055009301254e-12,-4.873739427825734e-5,-2.7578282405937132e-12,0.004045642785139691,0.0011029646310650185,0.00011564817848186583,-2.6462433402127787e-13,-0.00022706300885272447,4.6166709471792774e-10,-3.222976393158215e-14,0.0015197362082823478,-5.612116361712904e-13,-2.1309707041949578e-10,1.6779911463887977e-12,-9.249915485756614e-6,-0.0003523712712450547,-0.0005807527646006125,-2.29948446768309e-7,-0.011695705203607128,-6.031332553489848e-9,0.028698633253627107,-1.4247786571883547e-10,0.0009579592295997067,0.00022476385886048775,3.490893687012574e-5,-5.781745563536528e-14,1.6142245007223894e-14,-6.6499993702932775e-12,-8.874194978463994e-9,-1.1347713484307365e-6,-1.3167782155069598e-11,-0.0015506599637242853,3.456334692998863e-13,3.6648194241984473e-6,0.00022534366063657407,-6.519983539385922e-5,2.982602897435564e-11,0.013498074242899763,7.258408273710894e-13,1.5880641359915112e-8,-1.0511741947560306e-12,0.0004215050195329226,-0.0004512489383886345,2.1542812962369815e-5,-7.903811412345927e-13,0.0092324714503275,-0.0004093160335386434,0.0010935965392457729,-1.9573527073036865e-5,3.0946324682979616e-13,2.786413489545559e-10,1.533287443448507e-11,0.00032738145893036535,-0.0005260069158750626,-0.006094491486857848,-9.694272278975944e-10,-0.00022369321414734297,4.3234900577918335e-14,-5.266730249986561e-10,-2.0803865085350475e-9,-0.0004286486055101103,-7.613034270859513e-15,2.0490509213938635e-11,0.00022332741716208517,-0.0001123376079301605,-1.0330938346990399e-8,8.352322545055846e-8,1.8019300301284058e-7,-1.963158627092459e-6,4.034779684002566e-11,-3.9127257499354104e-12,0.012768569038015033,-2.029300929466735e-6,1.0591183904459057e-12,2.3795410356203065e-7,7.729669652757519e-7,2.657893459124233e-7,2.4507621489406718e-9,5.519170599371937e-7,-1.3464777758576144e-11,3.452290876807469e-12,-1.335279775475229e-10,1.9844464177372126e-9,0.030171269775178863,-7.997921392857262e-9,5.481101859303282e-7,-6.312519193789065e-13,-1.4262334154714594e-14,5.018464933787082e-7,-0.002583031743094903,5.5671426008898016e-14,6.016676462870214e-12,9.579426569316222e-13,2.8229722357702142e-11,-3.0039941450033553e-9,-0.00040607997143255365,-4.430480599217277e-5,2.0490556219401405e-10,-6.484967441627571e-7,1.2618511768841393e-10,-1.05160428085542e-12,2.3112715413291655e-12,1.0565629217658812e-10,1.6759730774473796e-7,-4.7558320779544105e-14,-7.04482906232882e-12,4.5889163682543436e-7,0.001157794541025607,-2.6250619667407125e-6,1.8266562493403938e-8,-1.6963175506036064e-12,1.060231897291915e-9,7.97379717161906e-13,-1.4128976632005218e-7,2.446268557883766e-13,3.424808792581038e-6,3.0189814701711362e-5,1.271197701189509e-12,-3.435588248711314e-7,-9.266754596960806e-12,-8.059847795072926e-13,2.060213039792047e-11,0.00010857707220995422,-2.2794041971418228e-11,7.925971263897547e-7,-3.3902323534590603e-7,1.6894784734423996e-13,2.3204612754907554e-13,-2.5518994217639663e-10,-1.9925559779633804e-12,9.118656968618083e-8,0.00022822161447543817,1.245139176620503e-14,-6.823909652734185e-5,0.001505888113744375,-2.849284650985768e-14,-0.0002053666621695317,3.4940432691246335e-7,-3.022890578064856e-11,-5.203837479384227e-10,0.000555015310153198,-9.13426026440665e-6,3.03774805570374e-9,-9.785428647150518e-13,-0.001373799881906337,-0.0007249274896513365,2.6359446871105297e-12,-6.74473232126976e-5,7.654174100592728e-10,-3.255839944228281e-7,-4.336215263229784e-8,-4.9374885435594366e-8,-4.824726393029558e-10,-5.909049736995458e-13,-7.979434929077955e-11,-2.097805812156834e-5,5.019469246194778e-6,-1.150064320746532e-10,-5.049891325531654e-11,6.325551765249417e-12,0.004081247529736875,-0.00011780812908731204,5.911976245666447e-14,3.0713592778983263e-13,-3.568043886597022e-9,4.1650382491767235e-14,-1.6131441546943413e-11,1.2842018657514e-8,1.484002983932262e-8,-7.796219152430093e-10,-1.8199349048112247e-9,-6.780735269673237e-5,9.928542847388592e-9,-1.3470586529161183e-13,1.886312683163571e-5,4.050812049338056e-9,3.976028074212197e-9,2.1523067795717246e-6,-6.128214673106259e-6,4.00781479496288e-13,4.7850299446720655e-14,0.0018242689979213744,-0.0016466428255512758,-0.008678864120328698,-3.0265098999249756e-9,6.201903104207587e-12,2.521361868471617e-11,2.298059077436015e-5,4.517372888839587e-7,0.0011658455590342238,2.561797823686895e-6,-2.1439504621166328e-5,2.948309937302454e-11,-0.0035539977414055937,4.4400483526625894e-10,5.123684107038385e-8,-2.6134426386131005e-7,-5.078156397274605e-6,1.5549609605762929e-10,-5.192702349819077e-12,1.3592058241454954e-9,-0.0009495243911190581,4.309443886934831e-14,0.00010279357218659296,-5.491742746117683e-12,4.001435160279121e-5,7.128010348562781e-12,-5.820684475792501e-15,0.00010590694260320054,-2.9283971218441462e-8,-6.3002089809643566e-6,-3.5845651581406926e-5,1.1276629104933558e-7,-5.839276707233301e-7,7.364669886555377e-12,0.000395413813034716,-0.0009236451935185477,2.725377487420576e-9,-3.2385131369688204e-6,-0.00010673525338214204,-4.148075494500056e-9,-9.248517404512274e-6,-4.3494149496976576e-10,3.4255584742734357e-7,1.16874556329771e-12,9.174074592995682e-9,0.0013578154704279666,4.880376613572052e-13,0.0006293336474919132,-0.005789452887536594,3.539957093816131e-7,5.13133466933515e-13,-5.401757127647778e-13,-1.875907681710135e-5,4.750047690371214e-5,2.0768630923329677e-10,4.4129996955162367e-13,5.471228032149697e-13,8.211175408491908e-11,-1.0287124691786239e-8,0.00021542658760232393,-6.527469057577995e-9,0.00026040204866875036,2.622113170304041e-13,-8.778533760460504e-8,-1.9889976447756692e-11,1.7699685475681107e-9,0.0008137671629832004,-6.254998920123781e-8,1.8026128047560057e-11,3.271402198011973e-10,1.169832848094403e-6,4.001042266785469e-7,4.7474343344870423e-14,0.0005385626924701298,0.00010733478907208545,5.643436625112233e-11,1.5366192047960016e-8,1.8891151396039203e-9,-2.0511069384282103e-10,1.3026351333590381e-12,-6.198574245016369e-6,5.127989282958965e-9,-0.0048304916108749705,0.0006114429198042066,3.9139492739758344e-7,-0.00029517994576675,2.489077978378589e-10,1.0462706127001982e-12,2.982832338167464e-13,-1.36508549452191e-5,-1.2109704554368856e-6,6.4074883301115075e-6,-0.0005779709603180806,4.5890248769093434e-12,1.4295367763008533e-7,2.852035372851382e-13,1.298846385523849e-9,6.96385680143213e-11,-5.375777655218033e-12,8.637320287198204e-5,8.836620322769144e-11,1.5433728601658114e-7,-4.526725077452261e-6,-7.957707795524019e-5,6.064952802152564e-14,-0.000156886990476479,1.0841511259685574e-7,3.9492114431097885e-6,-1.2328800607853177e-5,-0.0017685703340033436,4.066107172542593e-9,-7.817804100591123e-9,2.8772947606897654e-14,7.360708561659527e-15,-1.5189620091670695e-13,2.0146247713886353e-5,-1.0764333695510002e-12,-1.3796390116548272e-6,-9.714616407239616e-6,-1.2414042384481934e-5,0.0022367651393798804,-2.992907778778935e-7,0.00040783421432466184,2.7728305976232723e-14,1.7112787805697323e-6,7.5252696758554795e-6,1.986402491606934e-8,0.00033567961316981497,0.000382085158546112,0.0009596225114670039,2.436136284084074e-13,2.0120493869930608e-6,-2.9516497714961843e-10,2.6562860861714165e-7,0.028126381470496196,3.3130449661188545e-10,1.777180682847601e-11,-2.545127237644708e-7,4.413532726583624e-13,-2.2218792175450527e-6,-5.939650792881734e-5,-3.050239152399813e-11,4.060522767584422e-8,2.248592717064625e-9,1.1388684664427394e-5,-1.8562928331636885e-9,-0.004269892541579716,-1.3100683196507205e-12,-4.895850491290041e-9,-5.494865362308262e-7,-5.032464500574387e-12,-0.00015356039350035504,-4.5188961900178504e-12,-1.7441430725388412e-5,9.653089629053741e-5,0.024089773782280933,-1.3836868470593619e-11,3.431352769739985e-10,-4.755758832304445e-9,-5.980865238151024e-9,-0.010312219234907483,1.024010357598751e-11,6.624160022118112e-13,-5.697695456450509e-8,-1.4944255665261442e-5,-1.9400669539813205e-12,-1.0806149898236915e-8,9.41379736899696e-10,1.0009146740832677e-6,-5.8355013761893154e-6,7.338960521423712e-13,8.360471707117313e-14,0.00013255909606719055,3.90782930698379e-6,-2.601683696835404e-8,-7.089364758328331e-12,1.4015776560354715e-9,6.508914283317865e-5,-5.89286173534672e-10,-3.736038773609295e-11,-2.3081469943644325e-10,-0.0027462968304685273,-9.512276583949009e-5,1.0540453339352148e-6,7.673790733513033e-6,-1.0065968426084087e-6,1.22751021609071e-5,1.1017237385350332e-12,-5.122346815333567e-13,-0.011556940976128131,-9.251278362326255e-9,-3.412445810755953e-14
0.0,0.0,0.0,0.0,0.0,0.0,0.0,0.0,0.0,0.0,0.0,0.0,0.0,0.0,0.0,0.0,0.0,0.0,0.0,0.0,0.0,0.0,0.0,0.0,0.0,0.0,0.0,0.0,0.0,0.0,0.0,0.0,0.0,0.0,0.0,0.0,0.0,0.0,0.0,0.0,0.0,0.0,0.0,0.0,0.0,0.0,0.0,0.0,0.0,0.0,0.0,0.0,0.0,0.0,0.0,0.0,0.0,0.0,0.0,0.0,0.0,0.0,0.0,0.0,0.0,0.0,0.0,0.0,0.0,0.0,0.0,0.0,0.0,0.0,0.0,0.0,0.0,0.0,0.0,0.0,0.0,0.0,0.0,0.0,0.0,0.0,0.0,0.0,0.0,0.0,0.0,0.0,0.0,0.0,0.0,0.0,0.0,0.0,0.0,0.0,0.0,0.0,0.0,0.0,0.0,0.0,0.0,0.0,0.0,0.0,0.0,0.0,0.0,0.0,0.0,0.0,0.0,0.0,0.0,0.0,0.0,0.0,0.0,0.0,0.0,0.0,0.0,0.0,0.0,0.0,0.0,0.0,0.0,0.0,0.0,0.0,0.0,0.0,0.0,0.0,0.0,0.0,0.0,0.0,0.0,0.0,0.0,0.0,0.0,0.0,0.0,0.0,0.0,0.0,0.0,0.0,0.0,0.0,0.0,0.0,0.0,0.0,0.0,0.0,0.0,0.0,0.0,0.0,0.0,0.0,0.0,0.0,0.0,0.0,0.0,0.0,0.0,0.0,0.0,0.0,0.0,0.0,0.0,0.0,0.0,0.0,0.0,0.0,0.0,0.0,0.0,0.0,0.0,0.0,0.0,0.0,0.0,0.0,0.0,0.0,0.0,0.0,0.0,0.0,0.0,0.0,0.0,0.0,0.0,0.0,0.0,0.0,0.0,0.0,0.0,0.0,0.0,0.0,0.0,0.0,0.0,0.0,0.0,0.0,0.0,0.0,0.0,0.0,0.0,0.0,0.0,0.0,0.0,0.0,0.0,0.0,0.0,0.0,0.0,0.0,0.0,0.0,0.0,0.0,0.0,0.0,0.0,0.0,0.0,0.0,0.0,0.0,0.0,0.0,0.0,0.0,0.0,0.0,0.0,0.0,0.0,0.0,0.0,0.0,0.0,0.0,0.0,0.0,0.0,0.0,0.0,0.0,0.0,0.0,0.0,0.0,0.0,0.0,0.0,0.0,0.0,0.0,0.0,0.0,0.0,0.0,0.0,0.0,0.0,0.0,0.0,0.0,0.0,0.0,0.0,0.0,0.0,0.0,0.0,0.0,0.0,0.0,0.0,0.0,0.0,0.0,0.0,0.0,0.0,0.0,0.0,0.0,0.0,0.0,0.0,0.0,0.0,0.0,0.0,0.0,0.0,0.0,0.0,0.0,0.0,0.0,0.0,0.0,0.0,0.0,0.0,0.0,0.0,0.0,0.0,0.0,0.0,0.0,0.0,0.0,0.0,0.0,0.0,0.0,0.0,0.0,0.0,0.0,0.0,0.0,0.0,0.0,0.0,0.0,0.0,0.0,0.0,0.0,0.0,0.0,0.0,0.0,0.0,0.0,0.0,0.0,0.0,0.0,0.0,0.0,0.0,0.0,0.0,0.0,0.0,0.0,0.0,0.0,0.0,0.0,0.0,0.0,0.0642713966042933,5.8547537506075634e-8,4.2320572294239113e-11,3.282282932743102e-8,6.1084193838778624e-9,-2.7051170789691524e-13,1.0270450439131495e-7,2.496639211281113e-7,-7.453245958255865e-7,-5.904096307569152e-10,-1.3426185287223374e-9,-4.403553378719574e-15,2.7269404933509334e-13,-2.9447628888135268e-8,-2.702067613279559e-12,-2.8738870096187875e-14,3.2668494786799997e-6,-0.000618215235859079,0.007870303459223321,3.049213659979101e-14,1.8159149099445074e-5,-2.759052128009882e-14,0.008732187206950999,9.843424085379362e-12,-4.053117343628031e-8,-5.319376070605277e-14,-1.0759774295094016e-8,-0.0012572501674149913,-0.004339220767962955,0.02743320831780125,0.027529618276616992,-0.0020851815310042555,4.708336493787005e-12,5.240904367575875e-6,0.00015501209311958106,1.260904941224232e-9,1.9744188699459747e-5,7.301160173089299e-5,-1.4310832770552684e-6,1.1663311555877926e-13,1.225377675519236e-6,-4.558965349958673e-9,2.9774362143387123e-9,0.0005205475920149257,-5.197088600307441e-10,0.00010930633403351179,5.717107378137759e-12,-0.0003571766392899017,-0.008534193583953081,-7.720335065170437e-5,2.549808551156864e-13,6.42943773476348e-5,2.14035779165118e-10,9.528943496261033e-14,0.0024190871131833636,6.715932097079916e-13,1.0125517972405934e-10,1.6188787676520198e-13,-1.0636372748503207e-6,-0.0017089219198914757,-0.0035116858489614186,8.164961588665466e-8,-0.0038094680231305997,2.099619711097269e-9,-0.001031115132486865,1.2464194917288915e-10,0.00030396157732346806,-0.00036653301217304783,-1.3986736073463326e-5,-3.0668381972495523e-13,2.5399026415438927e-15,3.26413922725007e-11,1.4570029706484039e-8,2.7386848129503465e-7,1.6613012703235244e-11,0.004833019551869299,-3.4116094567346707e-13,-6.2269565093973935e-6,-0.00040968932915013805,8.233057050308621e-5,-2.2238881968329888e-11,-0.005252964561787751,2.2081791149483643e-13,-5.39191043121093e-9,4.961233969611663e-13,0.003481867985276112,0.00316703276613201,-0.008922386756886388,1.8686373766545486e-13,0.0037218366788440726,-0.0021891799057713068,9.134968690365944e-6,5.20201143803481e-6,-1.1384360582630506e-13,7.798328842581175e-10,-1.325431741193177e-11,0.003590233012372492,-0.0014749402433207148,0.016191854267967487,5.610285401270043e-9,0.00038435355065402627,-2.369554459253257e-14,-3.564295659862033e-9,4.558374635512377e-8,-0.000366499459166923,-1.1760119487650398e-11,-4.321259582545607e-11,-0.00034744693274805377,0.00016868729098917974,2.2181336485984544e-8,-2.6905031427655234e-8,-1.037121203554692e-7,-9.181962512829602e-7,-1.8549356195968822e-11,6.316131362979868e-12,0.00551361432912431,-1.8841851352355822e-5,-4.759145824002996e-13,5.380372086725627e-7,0.00010521066546380917,-1.0270853048907616e-6,-9.43137897046989e-10,-1.5398938065851512e-6,1.336705288774534e-11,-7.319741536258278e-10,1.752138971237209e-10,6.389007976164381e-10,0.0009060445033314498,2.2891539900975274e-9,4.9946358978789105e-8,1.440139065212688e-12,4.826648402241785e-14,-1.4025064661883027e-7,0.002040529371131734,-2.0146065433331282e-13,-3.2751712561089287e-12,3.773232595801169e-13,7.60014026226735e-12,-7.755140237428919e-10,0.002219411918630068,2.151967002223762e-5,-3.087886750010268e-10,9.14212113792524e-7,6.720193570701354e-11,7.34333981079504e-13,-5.899014719961294e-13,-6.857548059162891e-11,-3.1350313832501056e-7,2.0053786439283224e-13,2.378453170170173e-12,5.606542958719675e-7,0.0011366314818594021,4.0305763013798155e-7,-2.1931011274461174e-8,7.836293606354355e-12,2.97140532102454e-10,-8.24153168836712e-12,-8.658086784689064e-9,5.699429379489544e-13,1.2048616265507282e-5,2.3396069695940392e-6,-1.4244510052955514e-13,5.436009025526531e-8,-7.769689711338898e-14,4.376367128828064e-14,-3.01600369411813e-11,0.0017260518069420726,-9.569896970078563e-12,-4.884245020197415e-7,-9.336702107053205e-8,5.178112546743596e-13,4.4284853193288787e-13,-3.156080239602878e-10,8.923585078591416e-13,-1.5600824950626048e-7,0.0019975452649193906,2.4094838655161213e-15,1.7235222812902043e-5,-0.0006822241728808173,3.676033487714507e-13,-0.024101065780547336,-7.962381852749222e-8,-2.970002911460564e-11,9.958525614791675e-10,-0.0031309026409446447,-3.3766540722997227e-6,7.447154123495764e-9,1.1506865222757677e-12,0.003887553746817138,-0.0002963699340214505,-6.779149390400555e-13,-0.00016461939212868818,-7.549259453470368e-10,-5.37358351341483e-7,1.0275326171495415e-7,7.065177708519821e-8,7.699058605708355e-10,-1.6309228488697517e-12,-6.140574819374245e-10,1.3932145017104561e-5,-2.7582659356066913e-6,3.82854123490866e-12,-2.50710354973921e-11,-6.980046696571999e-12,-0.01655276742611265,0.00010105098055805513,-1.2425716481189077e-14,-8.482510837259525e-14,2.150712438522408e-10,2.303395897123779e-17,1.9789162228105405e-11,-1.1395791389444098e-8,2.4547720772442378e-8,1.5516748144676928e-10,-3.371438777112051e-10,7.078839439106752e-5,2.57952874313205e-8,-5.7638361039143855e-15,0.019492097729456512,-8.690713595980936e-9,7.919063333733782e-8,-4.391163985891192e-7,9.433054842538028e-6,1.6535545366100795e-13,-6.771602423503661e-14,0.023030679152856486,-0.0014245403127232529,-0.0019289846337903621,-3.908309892432902e-9,1.7832941069723462e-13,-2.307667151018535e-11,5.448474127987626e-6,1.6240516962149028e-6,-0.04829174122927372,1.2216149407186709e-6,-3.3303784575233214e-5,-5.22791803014695e-12,0.03331951534364215,-3.1176371403590706e-10,2.987489237606817e-8,4.149634384454713e-8,5.062871014808389e-5,1.3073614505981558e-9,2.654655445761162e-11,-2.28041123214467e-9,-0.0018586392160648028,1.8851036419062646e-14,-5.210235493707933e-5,-9.347709359838094e-13,2.9778611194841505e-5,-3.1527170644169235e-12,4.0035412965535725e-14,7.423327435404897e-5,-2.864794580713615e-10,3.846027609571502e-6,7.702309023071648e-5,-4.327467171108801e-7,3.230898408125435e-7,-6.784693647349266e-12,0.0003669137150100158,0.00010696253177381264,3.897766415949074e-9,3.0666637061239993e-6,0.0003427472243440983,-9.29657860959209e-9,1.9266139706781244e-5,4.2857465699309366e-10,-1.1667656351912707e-7,-1.4626175258357572e-12,-2.940217811775352e-9,-0.005183732474377833,-1.8364876313369562e-13,-8.249519714117165e-5,-0.00442833494040383,-1.4900359768535879e-7,-1.250350126887636e-13,1.7466257990512977e-13,0.00017648864347188643,4.9974465587205284e-5,-1.1076720494067692e-10,-1.213866672081148e-12,-1.211625493017771e-12,-8.420775249047529e-12,1.0535231573179069e-9,-2.5599165159811727e-5,1.8128129794666274e-8,1.4231618164242865e-5,-6.383206845386751e-14,-1.1972927939471326e-7,1.5244033345396346e-10,-1.1983564638763298e-9,0.0006857484324674564,7.155880173417456e-8,-5.438742879706552e-12,-1.873325005039874e-9,-2.293783434905748e-6,-6.516494096663856e-7,5.735895444243691e-13,0.002755062338772833,-4.598094253776309e-5,-6.519938735799464e-11,-1.1612329802264001e-8,1.6228584304762219e-9,4.894703145130744e-9,3.828074787005357e-13,1.3126485196617089e-5,-5.710275732195703e-9,0.0005041587177986093,0.00023364462424204009,-6.8272280632869505e-9,0.004339315698334754,3.6229871687163117e-10,-2.820098808432323e-13,-5.6065866615882756e-14,1.7064515594490003e-5,-4.0144955457751695e-6,-1.702910332813864e-5,-0.0013636051581894884,-1.389952951236458e-12,-8.034562932519707e-8,-1.2999479452510302e-13,-1.095504002663766e-10,4.695896350165669e-12,2.1449154090542845e-12,4.645008239919355e-5,-8.526513664165945e-11,5.5212561600185875e-6,2.3538566999971058e-6,2.9008394658197318e-5,-3.0841602729024436e-14,-0.0007368100692364969,-3.9236874208468906e-8,-2.6194059874007305e-6,0.0005738202094783871,-0.0015439384904528202,-7.063000695327514e-9,1.2551364267872598e-8,-1.641254063996797e-13,-2.890563912881021e-14,9.230658131220954e-14,5.005759456838339e-6,2.7208994604372344e-13,1.3273648796905548e-6,2.7718192460155897e-6,9.044881071892243e-6,-0.003954535528510339,2.3804067911104674e-7,-0.0003544095495171293,-1.6217938296590775e-14,-4.4049990787337915e-7,2.5372484528348237e-5,-1.3591314051267772e-7,-0.00043867082644419856,-0.001535345809913488,0.0007717404918186477,-5.41050975033681e-14,4.0693161398754165e-6,1.1103196525918892e-10,8.947500914485333e-8,0.005930541264746932,-8.51314213938844e-11,-4.0720256707274965e-12,-2.0621381548268854e-7,4.684269039709322e-13,7.857543698103304e-7,2.810711902548799e-5,6.450704559287723e-12,-1.858763525144979e-8,5.700212260885512e-10,-6.556020663480478e-5,-9.101691882196504e-9,0.011721733070959188,-4.666992383666237e-13,-1.7209550706369193e-9,-6.207084601970781e-7,2.3679201895106345e-11,0.00013728694310324985,5.324998010572861e-12,-0.001398949307816005,-3.857279889466443e-5,-0.0015972031618894777,3.270049493659314e-12,4.267389151495871e-10,5.515104763484141e-9,-7.88051837829403e-10,0.0022491397581938517,-1.4409746029547235e-11,-1.3613431541642899e-12,8.792080531310307e-8,4.7260707238050253e-5,-3.995983835481235e-13,9.404424693203807e-9,2.22959636618514e-8,-2.1031345705070823e-6,7.363436917504383e-6,4.972573487755522e-14,2.125987530727607e-13,-4.950090896992694e-5,-1.5544260121400808e-6,-7.57707978182129e-9,1.3971447686659766e-11,-9.438596345095636e-8,-2.405843616673041e-5,-4.142737484133372e-9,8.440603442578093e-11,7.081514399781059e-11,-0.00252615413380096,-1.1346368600734337e-6,1.383017567203183e-6,1.1931394927484827e-6,-1.4716524017064903e-6,-2.0743643281498156e-5,-1.3321016398363883e-12,1.5181604602603193e-13,0.0035566541481525447,-4.97691309798401e-8,3.26943538576441e-14
0.0,0.0,0.0,0.0,0.0,0.0,0.0,0.0,0.0,0.0,0.0,0.0,0.0,0.0,0.0,0.0,0.0,0.0,0.0,0.0,0.0,0.0,0.0,0.0,0.0,0.0,0.0,0.0,0.0,0.0,0.0,0.0,0.0,0.0,0.0,0.0,0.0,0.0,0.0,0.0,0.0,0.0,0.0,0.0,0.0,0.0,0.0,0.0,0.0,0.0,0.0,0.0,0.0,0.0,0.0,0.0,0.0,0.0,0.0,0.0,0.0,0.0,0.0,0.0,0.0,0.0,0.0,0.0,0.0,0.0,0.0,0.0,0.0,0.0,0.0,0.0,0.0,0.0,0.0,0.0,0.0,0.0,0.0,0.0,0.0,0.0,0.0,0.0,0.0,0.0,0.0,0.0,0.0,0.0,0.0,0.0,0.0,0.0,0.0,0.0,0.0,0.0,0.0,0.0,0.0,0.0,0.0,0.0,0.0,0.0,0.0,0.0,0.0,0.0,0.0,0.0,0.0,0.0,0.0,0.0,0.0,0.0,0.0,0.0,0.0,0.0,0.0,0.0,0.0,0.0,0.0,0.0,0.0,0.0,0.0,0.0,0.0,0.0,0.0,0.0,0.0,0.0,0.0,0.0,0.0,0.0,0.0,0.0,0.0,0.0,0.0,0.0,0.0,0.0,0.0,0.0,0.0,0.0,0.0,0.0,0.0,0.0,0.0,0.0,0.0,0.0,0.0,0.0,0.0,0.0,0.0,0.0,0.0,0.0,0.0,0.0,0.0,0.0,0.0,0.0,0.0,0.0,0.0,0.0,0.0,0.0,0.0,0.0,0.0,0.0,0.0,0.0,0.0,0.0,0.0,0.0,0.0,0.0,0.0,0.0,0.0,0.0,0.0,0.0,0.0,0.0,0.0,0.0,0.0,0.0,0.0,0.0,0.0,0.0,0.0,0.0,0.0,0.0,0.0,0.0,0.0,0.0,0.0,0.0,0.0,0.0,0.0,0.0,0.0,0.0,0.0,0.0,0.0,0.0,0.0,0.0,0.0,0.0,0.0,0.0,0.0,0.0,0.0,0.0,0.0,0.0,0.0,0.0,0.0,0.0,0.0,0.0,0.0,0.0,0.0,0.0,0.0,0.0,0.0,0.0,0.0,0.0,0.0,0.0,0.0,0.0,0.0,0.0,0.0,0.0,0.0,0.0,0.0,0.0,0.0,0.0,0.0,0.0,0.0,0.0,0.0,0.0,0.0,0.0,0.0,0.0,0.0,0.0,0.0,0.0,0.0,0.0,0.0,0.0,0.0,0.0,0.0,0.0,0.0,0.0,0.0,0.0,0.0,0.0,0.0,0.0,0.0,0.0,0.0,0.0,0.0,0.0,0.0,0.0,0.0,0.0,0.0,0.0,0.0,0.0,0.0,0.0,0.0,0.0,0.0,0.0,0.0,0.0,0.0,0.0,0.0,0.0,0.0,0.0,0.0,0.0,0.0,0.0,0.0,0.0,0.0,0.0,0.0,0.0,0.0,0.0,0.0,0.0,0.0,0.0,0.0,0.0,0.0,0.0,0.0,0.0,0.0,0.0,0.0,0.0,0.0,0.0,0.0,0.0,0.0,0.0,0.0,0.0,0.0,0.0,0.0,0.0,0.0,0.0,0.0,0.0,0.0,0.0,0.0,0.0,0.0,0.0,0.0,0.06385430667997595,-8.074880579882874e-6,0.005078186957303529,0.0047319984987223,2.3565637752828667e-8,0.010473873328498752,-0.011631592020826666,5.5804357136289866e-6,-8.418197402585509e-5,0.002312666670713528,4.661608146931225e-9,-9.868356359764235e-8,0.0004339196349572747,-1.7133889913282919e-9,-2.948106987650826e-10,2.9748151258615822e-5,6.719246137815244e-7,-4.2175655657509084e-7,1.2056353952847253e-8,5.3365910783054046e-5,-1.1202770261200857e-8,-9.652570214689164e-8,9.242550532831097e-6,0.0013799865289983145,5.14427421028069e-8,0.0022437410422031425,-3.493594212108062e-9,6.278092310582116e-8,-1.5310050541360335e-8,-1.1007575082441523e-7,-2.0878055270701256e-7,-1.9152034524402055e-7,-0.00022635984276351247,-3.428911550457316e-5,-0.0024839067404102363,-2.1066298805034165e-6,-8.01008302364624e-6,0.0014940434986031599,-8.96267517845576e-9,0.0017504645559536722,-6.931178834255957e-6,0.0013786181721932216,1.2228594872543234e-6,-0.0001504800519783139,-2.473722416784109e-5,-4.664399524000679e-7,8.19757011227522e-8,3.7808572765459673e-7,4.2866030970945385e-6,-9.709609730596097e-8,7.966386693364271e-7,0.00031190930996396506,4.1274518832863e-8,9.096363938717071e-8,-2.3288316485182495e-8,-0.00027969296766268957,-2.2154565860897552e-7,-0.0014954983940021682,-8.133296841301526e-8,1.552777121994493e-6,0.0024422921458082804,1.360405118483639e-7,-0.0005199876730498013,-2.6557865083707292e-8,-1.6675281539495017e-5,2.9334094610542076e-6,-1.1986078735937593e-5,2.98117401460233e-6,-1.762025456980707e-8,2.8043760187238645e-9,6.199752769397923e-7,0.0016634023923029482,-4.5692975264096283e-5,-1.0675399327420301e-5,3.849212665543049e-8,2.2780520208354478e-8,8.183711946890491e-5,-9.751618963122908e-6,2.852353437810435e-5,-1.6130597984296603e-6,-8.144500334247957e-8,8.052299414119072e-8,-0.00276134243261483,-4.1591930168184675e-8,-7.62576299148599e-7,1.1346970385131073e-7,-4.7663256358710107e-7,-1.7552764814701888e-7,-1.0084730437230159e-7,-1.7478990013436367e-7,-3.2245009051249738e-6,2.6215076853639496e-5,6.782377098057421e-8,-0.0001213273881978212,1.999131899577379e-6,-2.8148215713035296e-7,-4.5695336965183285e-7,-9.399794263173789e-9,0.00032649908733488136,-3.8026515174136373e-6,5.29382662118225e-9,-0.0006806871753690706,-0.0002538824727906772,3.8353228361046016e-6,-2.6862278298982397e-6,-3.898359159437038e-6,-9.041353877935873e-6,-1.50456928708496e-5,-0.0004021219283384491,-0.0052714128104533265,2.2441340785393808e-5,-0.0005375160226089327,-5.525624621109342e-6,-1.0617205961011246e-6,3.940644216624528e-8,1.0460611183078582e-5,1.1057607272989689e-7,0.0037932486822236777,-1.4601919996700755e-5,0.0027663534016492924,-0.00019565276541231216,-0.005825304658042509,-2.6770477517861644e-6,-7.79577215999958e-6,6.022148354529234e-5,8.092184394014255e-5,-1.8421509920547685e-7,-0.002543812912922138,0.005609430270515661,8.319986609438379e-8,-8.523384272781287e-9,0.01802196520431679,-4.713242095769669e-7,-2.1389479211386946e-8,4.6303635772182514e-7,-9.475734716317635e-8,1.6652951246462106e-5,-0.0002465596683544821,8.565231137286259e-7,-4.486101086364595e-5,0.00011331949753432601,-0.0010795118199522944,3.2813208849461e-5,4.99793566056736e-7,-1.2858876267853799e-8,-2.4817023144564644e-6,-0.0002097546399430938,-5.452193300641918e-8,-1.0729193885992919e-6,0.0008875264446678553,1.7767719968798368e-7,3.612702730974829e-5,-0.009094118881772284,4.086262990993582e-6,0.00034644502454694403,-1.1268931455074426e-6,0.015745143431576788,9.974937238022166e-8,0.0001949896218240707,7.703989147304261e-5,-2.985713841803261e-7,-0.0026414445292535765,-1.5378080199986447e-6,-6.893090054480976e-8,3.3849789362401593e-6,4.263517143617974e-8,-1.0150947370276377e-5,0.0003126449609012656,-0.0011193089885011605,-1.129474236061685e-7,-5.998074960116316e-8,-3.108819986184147e-5,-2.900589687894594e-7,-0.0011258753627341471,-3.3368507747823777e-7,-1.378407366387103e-8,5.409506188109359e-6,2.9169992321742452e-6,4.682596872459166e-8,2.045452072828317e-7,0.0029892081200791386,1.0559628071636693e-5,7.786082227999528e-5,1.224837256438685e-7,0.00035698943995891467,0.0017186504336052664,-3.773331192119234e-7,-1.7997761459877146e-7,3.3234002048848417e-6,-3.660377020199447e-8,-1.3757937248732337e-6,-0.0001869204596644095,-0.0013271025581550653,-0.001360721945258919,0.038252943713768285,-2.132947991661232e-5,-1.813616028643162e-6,-2.4791089975833862e-5,4.824879655492956e-5,-2.2601350865851512e-5,-1.1030721531562553e-5,-5.880101559445664e-7,1.9178134030005613e-7,1.1676129226869832e-7,-9.566086637336493e-6,1.0692592379306071e-8,1.9070587911300603e-7,-0.0002433605643588381,-1.568604269580958e-8,4.797781863727958e-6,0.00015486763893774236,-0.0023390302338913253,-7.311697994598293e-5,-0.0006668192659619892,1.307419040333342e-5,0.00034900176460760877,-1.234722144627107e-8,-4.8378336422143347e-8,-0.0054505980779668145,-0.00021469319850480348,0.0008035023623333741,0.0001794228032706157,1.2246120886046418e-7,-8.300426765006897e-9,4.9278394496284465e-8,-4.949178472660901e-7,6.724849115625189e-8,0.002811766775332441,6.361198701172714e-7,3.1006391125783363e-6,0.0001622389108719792,0.00107035491488551,-3.839468202359679e-9,0.000339309056859754,-5.703320966121396e-6,-1.72833081144382e-6,-1.2726670627664301e-8,6.682088919722402e-5,0.00017809594483235178,-0.0019595643339719525,-3.5183712077419075e-5,-4.465629703718166e-5,-1.8618873883586612e-5,0.0002818467081879139,-7.830037004162019e-8,1.2083833286782043e-8,3.963347266601811e-6,-1.5468462991908226e-6,1.2955466082963903e-5,-1.6166210841874742e-6,-4.459386254204883e-9,2.923288517587552e-5,0.0026656164559528063,-0.00020464807253545625,-1.7995527582305984e-5,-0.0016952061718711684,0.0062348632332103054,1.3267276678265447e-6,8.982538801193944e-7,-4.534079902339726e-6,0.0011151344063394719,-8.915184610169511e-5,3.0769003148697125e-6,-0.0010718391711072226,0.00011461132637634148,7.780028565414451e-5,-0.00842519877118357,2.099436222753183e-8,-0.00014305655280009153,3.669237673234197e-8,2.834179487113804e-8,1.7167235141076492e-6,1.8220322598459017e-9,0.0160708259116391,8.662058591422297e-8,3.164875569796599e-7,-8.158021927792658e-7,2.536279115401712e-6,0.00010750393150062718,-9.388007588568899e-8,-3.140593445426036e-8,-1.7068251875334957e-5,-0.00039972486547943704,-1.4838986457234527e-6,-0.021861380820822774,3.856571685839856e-6,-6.663221188870842e-9,-0.0003529533654496362,-0.00010712553205851967,0.0006153491197690472,-9.41868345566706e-7,-0.005569504755970158,-9.211910253075632e-7,-2.749095264393285e-5,-0.0005602475344170938,-0.0010784751219864912,-2.0202802480135682e-7,-1.2970788187458077e-6,1.3036511553201224e-5,5.350162459997636e-6,0.00014061022891599298,-0.001856704304570635,0.0001283765598716012,2.3085256617432377e-7,0.0003600355451555622,-0.00048627238579688017,1.1055963292873495e-9,-1.4796457214541218e-6,0.0003758287363752834,-3.803890981266474e-7,0.00010646858589650941,1.8366738659121047e-7,5.826770229686575e-8,-0.00016216509036262274,-0.002352633632156913,3.467705740525455e-5,4.0979599605697374e-8,-5.092960129174883e-7,0.00038078175666474915,-1.1164681122821535e-9,0.000351422809056296,-6.657002849011569e-6,-6.141489855495125e-7,1.4951525307974516e-5,1.4367136475361777e-5,0.00023307844677739382,0.0001471338140130921,-3.554415400239927e-6,1.042474446058827e-8,-4.4330146008106834e-8,-0.006371285692791964,0.00027200828344955334,3.8188836427279596e-8,-5.5520940775916874e-8,-1.1065185891074188e-5,-0.0018414089670036426,-4.876191176038278e-8,-9.403675352637416e-10,1.1353294538979363e-8,4.4399055677711004e-5,-1.4208931638222802e-7,-0.0015443502956538936,1.7001926949424084e-5,3.318994010847996e-5,-1.307616904852088e-7,0.0034121945706630983,4.2799804461763184e-8,-1.389647511083504e-9,-0.0005131501804208676,0.00010624567429044002,-0.002113666453914259,2.877893501347457e-6,-3.938999127016669e-7,6.341609558276751e-7,1.162605655243184e-8,-0.00016419093347531794,-1.2934325771420108e-5,0.03883327503168948,-2.9881195799226333e-7,0.00032052587505607843,2.301044878426023e-6,-0.0016303669341019,1.8486888440556344e-8,0.00013800715289426972,-7.843927689830542e-6,2.1021650539246e-6,-1.6719617673818208e-5,-0.0001843737787277396,-3.613870020153291e-5,0.002435181092417287,9.525731193686008e-8,-5.967825485029169e-8,0.0007359344337213877,-0.0004152489117733819,4.79143086847374e-6,-1.5440703492078336e-6,-2.662325590807368e-7,-2.961130088774221e-7,1.5360586934820797e-6,-2.346520851534497e-8,6.675530400144098e-7,2.052380780651016e-6,0.0014778268712123126,0.0009383067326222765,-5.204232648080436e-8,-6.0152331701874216e-6,2.272251689424551e-7,0.0013635730788196432,-2.3529909148507726e-5,2.1334851368857777e-7,0.0005405946162314786,0.0023727760848806932,0.00019153947848720487,0.00032718963027245085,-1.941930259082723e-9,-9.283696200018014e-9,-1.558371184930616e-5,0.00036744261954995257,-0.001519136946274435,7.185084961567568e-6,0.0003024789817432868,2.4079929190654166e-5,-0.006356666324450486,5.796113685397559e-6,1.342931008113306e-5,6.1316090305973e-7,4.854173416355347e-7,2.5834939478924306e-5,8.564223807415467e-5,-0.0005696719484914075,2.7839793824725167e-5,2.813522840866471e-7,-1.517960086622654e-8,-1.9986718896047986e-8,-0.0003360285408032307,3.4760090427068982e-9
0.0,0.0,0.0,0.0,0.0,0.0,0.0,0.0,0.0,0.0,0.0,0.0,0.0,0.0,0.0,0.0,0.0,0.0,0.0,0.0,0.0,0.0,0.0,0.0,0.0,0.0,0.0,0.0,0.0,0.0,0.0,0.0,0.0,0.0,0.0,0.0,0.0,0.0,0.0,0.0,0.0,0.0,0.0,0.0,0.0,0.0,0.0,0.0,0.0,0.0,0.0,0.0,0.0,0.0,0.0,0.0,0.0,0.0,0.0,0.0,0.0,0.0,0.0,0.0,0.0,0.0,0.0,0.0,0.0,0.0,0.0,0.0,0.0,0.0,0.0,0.0,0.0,0.0,0.0,0.0,0.0,0.0,0.0,0.0,0.0,0.0,0.0,0.0,0.0,0.0,0.0,0.0,0.0,0.0,0.0,0.0,0.0,0.0,0.0,0.0,0.0,0.0,0.0,0.0,0.0,0.0,0.0,0.0,0.0,0.0,0.0,0.0,0.0,0.0,0.0,0.0,0.0,0.0,0.0,0.0,0.0,0.0,0.0,0.0,0.0,0.0,0.0,0.0,0.0,0.0,0.0,0.0,0.0,0.0,0.0,0.0,0.0,0.0,0.0,0.0,0.0,0.0,0.0,0.0,0.0,0.0,0.0,0.0,0.0,0.0,0.0,0.0,0.0,0.0,0.0,0.0,0.0,0.0,0.0,0.0,0.0,0.0,0.0,0.0,0.0,0.0,0.0,0.0,0.0,0.0,0.0,0.0,0.0,0.0,0.0,0.0,0.0,0.0,0.0,0.0,0.0,0.0,0.0,0.0,0.0,0.0,0.0,0.0,0.0,0.0,0.0,0.0,0.0,0.0,0.0,0.0,0.0,0.0,0.0,0.0,0.0,0.0,0.0,0.0,0.0,0.0,0.0,0.0,0.0,0.0,0.0,0.0,0.0,0.0,0.0,0.0,0.0,0.0,0.0,0.0,0.0,0.0,0.0,0.0,0.0,0.0,0.0,0.0,0.0,0.0,0.0,0.0,0.0,0.0,0.0,0.0,0.0,0.0,0.0,0.0,0.0,0.0,0.0,0.0,0.0,0.0,0.0,0.0,0.0,0.0,0.0,0.0,0.0,0.0,0.0,0.0,0.0,0.0,0.0,0.0,0.0,0.0,0.0,0.0,0.0,0.0,0.0,0.0,0.0,0.0,0.0,0.0,0.0,0.0,0.0,0.0,0.0,0.0,0.0,0.0,0.0,0.0,0.0,0.0,0.0,0.0,0.0,0.0,0.0,0.0,0.0,0.0,0.0,0.0,0.0,0.0,0.0,0.0,0.0,0.0,0.0,0.0,0.0,0.0,0.0,0.0,0.0,0.0,0.0,0.0,0.0,0.0,0.0,0.0,0.0,0.0,0.0,0.0,0.0,0.0,0.0,0.0,0.0,0.0,0.0,0.0,0.0,0.0,0.0,0.0,0.0,0.0,0.0,0.0,0.0,0.0,0.0,0.0,0.0,0.0,0.0,0.0,0.0,0.0,0.0,0.0,0.0,0.0,0.0,0.0,0.0,0.0,0.0,0.0,0.0,0.0,0.0,0.0,0.0,0.0,0.0,0.0,0.0,0.0,0.0,0.0,0.0,0.0,0.0,0.0,0.0,0.0,0.0,0.0,0.0,0.0,0.0,0.0,0.0,0.0,0.0,0.0,0.0,0.0,0.06303864035540051,2.1379481918166557e-6,0.00022550960531161825,-6.3952861785986e-5,2.2201414697612458e-5,1.7685608109561397e-6,-1.0628674432135775e-7,-0.000811737979694257,-6.84139238483076e-5,-1.2866368182799524e-5,4.365154904970479e-5,8.723958417660103e-6,0.0003753168359832612,4.490688859381667e-6,-1.0370122639869217e-7,-6.515295629815115e-10,2.7688507240924183e-10,-7.2967558940773846e-6,-4.114393277232713e-9,5.4667988232938526e-5,1.712922447344495e-10,-0.00041577371859368036,-3.566306456257961e-7,-8.798758116205907e-5,2.2359823742500285e-6,-7.010683787103069e-13,-3.159416093161129e-11,4.270568107348016e-13,6.429681291333466e-11,1.5977856283955707e-10,-0.005803012093729433,-1.0075245495393461e-7,7.54079972120699e-8,-5.526439507286787e-5,2.2959910724551328e-8,3.2219785508356415e-9,5.888994508829665e-7,-1.3120831922078287e-5,3.502787280830352e-6,0.000220148497740863,-0.00011274943099838593,-8.544358294420246e-10,0.0028402065823923462,-1.0805554588673313e-9,-0.002192168129767773,-7.911905809652794e-11,-4.610252204610489e-10,-1.631931932713553e-8,0.0004287152475869902,4.462523289971771e-9,-0.010133848876093211,-4.710510224793712e-5,-5.1641223225652044e-11,-0.00033778259747572505,0.007425809323887971,-0.0008559689017706468,-1.5478101306979703e-7,1.2192769040923468e-9,-2.0704410044792683e-9,-6.496887459662006e-6,-6.884613657338252e-11,0.0011249069007223508,2.993160817339423e-11,0.028396028672434858,3.664946490160913e-10,-1.682951744621705e-8,-1.138361622443895e-8,1.0150364545320628e-5,-7.696643836063103e-6,-0.004617841471514467,1.4502262420333344e-5,-3.5269729593903254e-7,-0.00472221738286356,3.9174214292383046e-10,-0.0002070017641151895,-1.0467586887799e-7,-1.2202655578906874e-8,-1.067691150934849e-9,-0.01593524315512753,1.806697334675292e-10,-0.00010229074719389481,1.9616892255899465e-5,-1.9802972479531393e-5,3.7682446582670605e-10,2.3590653658480702e-11,-7.241464117965989e-11,-0.00010600704311962367,-1.5082234227326994e-10,-4.021862063087265e-10,1.2935261408345547e-9,1.0181358297551361e-9,-4.166553179117206e-5,-0.00015219733406865207,-0.0004903846193612721,2.8954134435561706e-10,-4.839067623453752e-10,-7.164232158209566e-11,-0.00040639436250387953,4.939535900634333e-9,6.539129878880932e-6,0.0007589810068342355,2.020507745481132e-5,-3.200075720241404e-9,0.0006680238495707283,0.0003235195912540951,-3.6722253776646834e-9,-2.7513145348257864e-9,0.00014163222886055333,-8.213168350049084e-5,-3.3855006762808914e-5,-6.389319003352476e-7,-0.0029499748436319076,0.0015503980592119532,-3.082921105108721e-11,-8.034057870046646e-9,-0.00013149371766079594,-9.416898261165295e-6,-1.5819755573321322e-9,-4.514466989148667e-7,-0.0009001947368461376,1.3220782088137477e-6,-0.0010005013504089618,-0.0002876592240520355,0.005623824488757695,0.00034169990698932576,1.0080956500292958e-10,0.0002608077644093067,2.2784710923789795e-6,0.0006441787765817999,4.363740093920369e-6,-6.112427758061364e-6,-3.972725347269065e-10,5.397551563691348e-6,-0.001095604673874858,-0.0008195373284462267,-0.0009386703156433001,0.0008931950838369163,8.403320533727567e-10,1.4186847055441073e-9,0.002524635927756827,-2.454322038237313e-6,0.00033760089157538467,0.0003234128684438238,0.0013796559668750477,-0.017391561988375943,8.69442662180981e-6,3.0665577715847815e-5,-0.002655536485302172,-1.498500085639593e-7,-1.2599011465890134e-10,-1.3949731172229664e-7,-1.9906989678488723e-5,0.004826951667832059,0.001105360136119896,0.0018024845037764785,-2.01027706442267e-6,-0.0002049865934057487,6.487849821595776e-8,-7.735419393270205e-9,0.00010974867026093178,7.888903012205597e-6,0.0007771345808159966,0.0001877986036939341,-0.0035868652237273564,-1.204378741086927e-10,0.0006698733830266714,-6.806321746413493e-6,7.188236931054418e-8,0.0005727573346460112,7.498343787757598e-5,-0.0018423899028369157,0.00040185528613370777,-7.294097915634845e-7,3.3961287454828423e-10,-9.190105753208411e-6,-8.357627096562163e-9,-3.4013780081282252e-9,-0.00018729659671518328,-2.657292084210199e-10,-2.137303757324798e-5,-0.0024578376115680627,-0.0012415867370059411,-1.272644709698575e-10,-2.707186199554172e-7,-0.00010746331836733512,-0.00037792252377663317,2.209858366811142e-10,-3.2391347734615582e-9,-0.00032721553633361354,-6.865581858888693e-10,0.001241511217654896,1.134343786677533e-6,1.6714436381076883e-5,-2.9761771695319486e-6,8.549375028954922e-5,0.004587280993146229,0.0006349046892207876,-1.2464280014223473e-7,-5.974014194361453e-7,-0.0022187490258098823,-0.01796135787662248,0.0034871388403584632,-2.840441628014554e-11,8.46988006645813e-9,-3.000498515340604e-5,-0.0002739314712296394,0.0008512994170283532,-5.637658799426002e-6,-0.00044424147019372174,-0.0005135161519917705,4.8406821774965435e-5,0.0012977542854977436,3.769765992235328e-5,5.728880787048564e-9,-2.7745922290128376e-5,4.8915895732724045e-5,4.046098800038405e-11,-6.6877344097544e-7,7.767738356907125e-7,4.05462737024344e-7,-4.4532171789142605e-7,-0.00024207513585297832,4.504275561821723e-5,-6.866524604348555e-12,2.028290775444962e-10,-2.9896550975144264e-11,-3.137481119854691e-5,-0.0008766374768512298,-0.008676748218129344,-1.960370032956407e-8,-3.9821812137825724e-8,-2.048995627854015e-11,3.2775410602049695e-7,1.607122759872285e-8,-0.0009368270854345059,-4.380872403745461e-12,0.0002452301016590939,4.892034486601351e-8,1.1851485166461855e-5,-3.609861015310356e-9,0.0009078218476001852,0.0041823313930210194,-0.00016761819490723734,1.2022034187708312e-11,-1.0044393400550001e-5,-2.49092861593308e-10,-0.0006347277304323371,-8.280608604477177e-9,0.00030360586238177616,-1.6005845907770385e-5,2.9863520279371694e-9,-2.4241638812097425e-5,-3.530065906439446e-9,5.9093997728442586e-8,-4.426540242915895e-6,5.742926114042542e-6,-0.004631000219269946,-4.016972793523979e-10,3.240100371875945e-9,-0.00019815116377877934,4.0877649547975086e-7,1.1064433476910686e-10,-9.382148613653821e-6,1.5121771129416428e-8,0.0050524650657910895,-6.656124573227653e-7,-0.00012120486498069067,-9.92537323601615e-6,4.1908366964939357e-11,-2.662506544416835e-5,-6.350778642991369e-10,-1.1738499912132401e-11,3.121945269809982e-6,-6.977418530899203e-5,-7.815305127895788e-5,-1.0693544074055664e-9,1.4512009542022713e-9,0.0011389260323502986,0.00043486750958013137,8.59125182516251e-6,-0.0006546277838058212,0.0002719634881292905,-7.885446029984542e-10,1.6816495881734525e-5,-1.7215760872403237e-10,-5.453467498206002e-5,-5.48093007767479e-8,0.0024197189230664947,0.0005792145196298443,4.057479453690867e-10,1.870470008223532e-6,0.0032701499925966142,0.0004654331039392194,2.5444910459731115e-7,-1.4312332669009143e-6,-0.0017503979777836742,6.273734176987035e-10,5.026875181729499e-9,-0.02102280102473117,-0.00031121353412896953,2.6097615100416108e-5,-0.00043490342232989165,-0.00030060624104527145,5.717896857138637e-8,-0.0004276437302607787,2.1851922006900226e-11,-4.2991981501555767e-10,-1.5851618423330982e-7,-1.046583444438338e-10,-0.000543015207835776,8.440142345128114e-5,2.3218866278318397e-5,-7.135389816411625e-8,-5.359241685280064e-7,-1.462546635598998e-10,-8.86222986679575e-11,-0.002186080955873143,-1.3738090060840238e-5,6.233234490576045e-6,-0.004048960080072086,0.000570680379753324,-0.0018641796881455133,-2.0468100231779373e-9,0.004997624130832882,-5.651113704972491e-9,-1.0219679052687874e-7,-4.1717426725739656e-10,-1.7294834913962616e-5,-8.379443073990666e-10,-1.2423539316150288e-5,4.461924876973567e-8,7.647254550224673e-11,-7.968661477798486e-11,-8.974617025111916e-5,5.812375351329993e-5,-2.670853173374614e-5,-7.236721479920477e-6,-1.821773629193462e-5,-5.297450905329545e-8,0.0005820064418555084,-3.7707416968129016e-7,-4.379230599602174e-9,2.744323824441618e-8,1.5253648938942707e-10,-1.7684320783659724e-6,-2.550161712373836e-9,1.300332419637936e-6,1.419550182943096e-7,9.105354505904041e-9,1.3076521978133266e-5,-1.5430802535994782e-10,5.924492116816291e-10,9.317606812930072e-10,-0.00011436244536295936,1.1493661576364088e-7,0.004585954542214443,2.1111499481939523e-6,1.7189795302054613e-10,-0.0008628168875867351,-0.00016463814187132626,-4.6113889365389823e-7,-0.00032502464224367,5.550709240200528e-7,-4.573915914334228e-10,0.0018127204681863385,-0.00016811469431712343,0.00014210923509101953,-3.377161150242728e-8,-7.001794703179133e-5,-1.4566966144673784e-10,0.0010388248125386829,-2.4760922227008845e-6,-6.023750890596024e-8,0.001174714990533938,3.8284139012058927e-10,0.0012871329260906092,3.0203813036921413e-12,-1.5493218765892133e-9,1.2785828188517548e-11,0.0008988260165986074,0.0019836873345562382,0.00010324005805280126,-3.301567078723864e-5,4.986303782804944e-11,-0.0015073999922661065,-0.0007762573189966206,-6.102294830557901e-6,-2.4625684722691654e-9,-0.00017114376322809505,9.663983306557091e-5,1.559423774902963e-5,1.0535037674460542e-7,-1.5377993112171814e-7,-0.0009979974274415926,-1.544684477788306e-5,2.7935580064042778e-9,1.1870410438835453e-7,1.0702718608868209e-5,-0.0018669757392815872,9.44090382890574e-7,3.477997177404301e-9,-2.2440798777649677e-6,0.0011004952245560863,0.006389195711359209,-2.5150983328234527e-10,2.5551473980789563e-10,2.6573541453312303e-10,3.6773168353341576e-8,1.749781882572285e-8,7.641363272074135e-9,-0.000348045203767047,-5.852153707901998e-5,5.529700575775999e-11,9.54639058778429e-7,-1.316585547475794e-5
0.0,0.0,0.0,0.0,0.0,0.0,0.0,0.0,0.0,0.0,0.0,0.0,0.0,0.0,0.0,0.0,0.0,0.0,0.0,0.0,0.0,0.0,0.0,0.0,0.0,0.0,0.0,0.0,0.0,0.0,0.0,0.0,0.0,0.0,0.0,0.0,0.0,0.0,0.0,0.0,0.0,0.0,0.0,0.0,0.0,0.0,0.0,0.0,0.0,0.0,0.0,0.0,0.0,0.0,0.0,0.0,0.0,0.0,0.0,0.0,0.0,0.0,0.0,0.0,0.0,0.0,0.0,0.0,0.0,0.0,0.0,0.0,0.0,0.0,0.0,0.0,0.0,0.0,0.0,0.0,0.0,0.0,0.0,0.0,0.0,0.0,0.0,0.0,0.0,0.0,0.0,0.0,0.0,0.0,0.0,0.0,0.0,0.0,0.0,0.0,0.0,0.0,0.0,0.0,0.0,0.0,0.0,0.0,0.0,0.0,0.0,0.0,0.0,0.0,0.0,0.0,0.0,0.0,0.0,0.0,0.0,0.0,0.0,0.0,0.0,0.0,0.0,0.0,0.0,0.0,0.0,0.0,0.0,0.0,0.0,0.0,0.0,0.0,0.0,0.0,0.0,0.0,0.0,0.0,0.0,0.0,0.0,0.0,0.0,0.0,0.0,0.0,0.0,0.0,0.0,0.0,0.0,0.0,0.0,0.0,0.0,0.0,0.0,0.0,0.0,0.0,0.0,0.0,0.0,0.0,0.0,0.0,0.0,0.0,0.0,0.0,0.0,0.0,0.0,0.0,0.0,0.0,0.0,0.0,0.0,0.0,0.0,0.0,0.0,0.0,0.0,0.0,0.0,0.0,0.0,0.0,0.0,0.0,0.0,0.0,0.0,0.0,0.0,0.0,0.0,0.0,0.0,0.0,0.0,0.0,0.0,0.0,0.0,0.0,0.0,0.0,0.0,0.0,0.0,0.0,0.0,0.0,0.0,0.0,0.0,0.0,0.0,0.0,0.0,0.0,0.0,0.0,0.0,0.0,0.0,0.0,0.0,0.0,0.0,0.0,0.0,0.0,0.0,0.0,0.0,0.0,0.0,0.0,0.0,0.0,0.0,0.0,0.0,0.0,0.0,0.0,0.0,0.0,0.0,0.0,0.0,0.0,0.0,0.0,0.0,0.0,0.0,0.0,0.0,0.0,0.0,0.0,0.0,0.0,0.0,0.0,0.0,0.0,0.0,0.0,0.0,0.0,0.0,0.0,0.0,0.0,0.0,0.0,0.0,0.0,0.0,0.0,0.0,0.0,0.0,0.0,0.0,0.0,0.0,0.0,0.0,0.0,0.0,0.0,0.0,0.0,0.0,0.0,0.0,0.0,0.0,0.0,0.0,0.0,0.0,0.0,0.0,0.0,0.0,0.0,0.0,0.0,0.0,0.0,0.0,0.0,0.0,0.0,0.0,0.0,0.0,0.0,0.0,0.0,0.0,0.0,0.0,0.0,0.0,0.0,0.0,0.0,0.0,0.0,0.0,0.0,0.0,0.0,0.0,0.0,0.0,0.0,0.0,0.0,0.0,0.0,0.0,0.0,0.0,0.0,0.0,0.0,0.0,0.0,0.0,0.0,0.0,0.0,0.0,0.0,0.0,0.0,0.0,0.0,0.0,0.0,0.0,0.0,0.0,0.0,0.0,0.0,0.0,0.0,0.0,0.06270471926858899,0.00020022025613444016,-2.8213166560021864e-8,-0.0018312717359970268,-0.0024937325867064025,-0.0011572392129637105,9.631099093015361e-5,0.000264173106836341,-2.107025889715691e-9,1.0694793699702097e-8,0.0006462465809870536,-8.650921854575186e-8,-1.791381917647158e-9,-0.0003138793552920407,-1.6639147283467565e-5,3.770869204472894e-7,-2.788512063875066e-9,-0.00017009258750024767,-2.451237163790147e-9,-1.5775261727447222e-6,1.6456069972748552e-6,-0.0008180291037523791,-1.7352529862626827e-9,0.00074270406584114,-1.8818852220301342e-8,1.2542548459438088e-6,-6.560032644632164e-7,2.580007574899329e-7,-1.1758381154453855e-6,5.312309741120787e-7,0.0005992329842458584,-0.00019323549760625954,0.00021971556617545056,-0.00020090228716626463,2.6212002984571746e-5,0.011806999918524838,-7.256303282818798e-9,-0.012927423913413899,-3.733226359460879e-5,-0.00030770725545416374,-3.3702746074733274e-5,7.5535617734064895e-6,0.0004132160162930983,-1.734622071489718e-7,1.4237359279904287e-7,-3.010020872110764e-6,-0.00022629357906898864,3.7674234539715854e-8,6.892508631987592e-7,-3.773912113193153e-5,1.141001698893832e-9,5.242958676453746e-7,3.020710763554674e-9,5.2397838500495796e-5,9.812863152876505e-8,0.0018278824747666284,3.8396076082509745e-7,-3.458380865370086e-6,-0.0017852584274207109,-9.12675582648455e-8,0.0001862154033152444,2.6882352416438063e-7,2.5601638329451386e-6,1.6073262101690463e-5,-5.456442077050112e-5,3.210624142185499e-5,5.373182872588642e-9,1.6914557669091915e-9,1.3077034462139698e-6,-0.00023392234400600127,-0.00031361814411863,2.3148041014320696e-6,-1.7754374970622302e-7,6.980692627347565e-10,-0.002709583939233452,4.760035949592866e-5,0.00022466284554165501,-1.274336661636628e-6,4.4616369322752647e-7,1.7530996821064322e-8,0.00042935321095831684,1.4721770784852039e-8,-7.859179266016808e-6,-1.5079145791899984e-7,3.9192583286715865e-6,-3.359585497785444e-8,3.242620141275343e-6,-5.495700786707256e-6,3.182684810385006e-6,-0.00016108543373096997,-1.6140827591076372e-8,5.1878015925027776e-5,1.0947013338264112e-6,-2.0090041329993904e-6,-1.5046376237209881e-5,-2.170319458161558e-7,-0.0003270770513947599,3.3799105876553354e-6,-2.896343103511179e-9,-6.877019936840172e-5,-0.001278643541610098,-8.650971107316171e-7,-1.0369940124393309e-6,9.94860720930836e-6,3.415433113909067e-5,4.624674419850557e-6,0.0005341135480720087,-0.0013588919229642925,0.003881333995171271,-0.006107340357245557,1.0625986351560432e-6,5.197816995353528e-9,6.135426865128449e-7,0.00015115859420919292,4.2306305621014695e-8,-0.01669849720954573,3.7841622106552205e-5,-0.004697851109570671,4.992810344564579e-5,0.018962964805767518,1.1202035329621157e-7,-2.7550046699130293e-5,8.568587482829116e-6,1.3476234971084364e-5,-1.0818559296300096e-7,0.0005333875814906317,0.04697547774608294,-8.223694617458643e-10,4.018132524587285e-9,-0.00570775616823065,-6.192697746344888e-7,3.4126950913930775e-9,9.825045218359071e-8,-1.813733430119246e-8,-3.4652264336211017e-6,0.0001052732189964219,-3.079133615293846e-7,-0.00035455653722959725,5.333220035325332e-5,-0.03745747596932731,-1.3358908685970038e-6,-7.863546437146427e-8,-1.2029598530039542e-7,-8.414365543388483e-6,0.003162400709863866,2.240849652552543e-9,-2.5578660815377006e-7,-0.016512080699575514,4.6979813392197355e-6,0.0032150010185412817,0.00031541492400466084,4.6122139130666575e-7,-5.475677286206689e-5,5.585606112823048e-7,-0.0008845631483213729,5.796451425996842e-9,-0.00025544020841247804,0.000824971646362682,-3.922405002093267e-7,0.0074032464748100485,-1.5817113342765125e-6,7.4668627242336e-9,-4.6333399513327173e-7,1.840273133030873e-7,-3.0428578188377007e-7,-0.018024256310043882,0.0034473607861607346,6.222276164566728e-8,-6.51654452986467e-8,-1.625118504235509e-5,5.434369039283857e-8,-0.0007119111553409965,5.426592397045896e-6,9.790091259103191e-10,-6.987013203775305e-5,1.8176166513341186e-6,2.570853955804391e-8,-1.2045331903015073e-6,0.0006472856794457466,-6.604805528327399e-6,5.003272948073463e-7,-1.2883746549760439e-6,-0.004456873821994334,-1.8826474902118765e-5,6.611320025506649e-8,7.090763198485538e-7,7.85350220030278e-6,6.555402746766857e-8,4.072898078533412e-6,1.5144905122825542e-5,-0.005058188057184935,-0.0011862003460653418,-0.004248294640860243,-2.2091943824799547e-5,-9.04469564189631e-7,-1.570745421624427e-5,-0.0006799327062441094,0.004023061604397502,-7.856151355956082e-7,1.2606021233740699e-6,4.1330634773713394e-7,-1.6151859519010793e-7,3.1459230972721755e-5,-4.2317569471371524e-9,2.0634925277886792e-8,-5.264742650028355e-5,7.869276017491192e-9,1.4378315729768746e-6,-0.00030417032844851034,-0.00020060102270603205,1.5112040828250942e-5,6.094370387362573e-5,-1.0094565054808506e-5,-0.0014871233567356186,-2.29973141551008e-9,-1.4610517254564791e-8,0.00048132341426594433,-0.0005322504673541267,0.008217412611486296,0.0006213084280872102,-2.0394515082648008e-8,5.948286795612832e-9,7.659936613566392e-8,2.512623413776451e-6,-3.05855710263608e-7,4.101683815025662e-5,6.18039399880094e-7,-3.1450414815274114e-7,-0.00014372090238422687,0.002590907028964403,9.322545682447847e-7,0.007419415681336392,-0.00014381127556451932,-8.009586438199401e-7,-2.3162242924967347e-7,2.6668343573690158e-5,-0.001189675904093175,0.0052426775146174895,1.3351938971335074e-6,2.8700609122955135e-5,-1.0214656160333685e-6,-1.9871209056066793e-5,-4.5540211040878127e-7,-2.777622300185503e-9,-0.00024964255134411,-1.8040110431589144e-7,8.94611651129007e-5,1.3374353061391455e-7,3.1576483753255896e-10,-0.00015160499168535144,0.0002451544036252976,0.00220579847038382,0.0004301146636252633,-0.0027556127185218793,-0.011744386068536136,-5.93778053560894e-8,-3.2518270764439748e-6,-2.716104744915536e-6,-0.0002444190221369513,-0.0034544350602938464,-4.695461960722784e-5,0.00017086678784486185,-0.00019729829528337582,4.104420429631807e-6,0.005390489994227843,-3.217808810010624e-8,-0.0007696972559243139,2.3806105955411483e-6,-1.8289055256260203e-8,4.977482026360983e-5,-2.2065562348696241e-7,0.001700291152772484,-2.389378017639237e-8,1.2887127268985484e-7,-6.055144052140754e-6,-3.1099614300112814e-5,1.7977201852796357e-5,-9.335487086269663e-8,-1.602459925012968e-8,2.89967490250725e-6,0.00029658034759794946,4.197180327247635e-7,0.0010453135784415655,-2.177776113757609e-5,1.3403538540619507e-8,0.0012602704214464936,5.451936763270696e-7,9.623020609813116e-5,3.7601570508853996e-6,0.005660975378651766,-1.0873041650540902e-6,1.3941567572421842e-5,0.0010556727685462868,-0.004857014285978499,-3.940196890815423e-7,-3.320495469678272e-7,-0.00018912160736931984,-2.586761098581651e-6,-0.00019089835185302976,0.0003209376233554673,-0.00011395961006008734,1.7634556663774976e-8,-0.0012730949824182826,-6.381812358791333e-5,3.4120071386512393e-8,1.5592174935127527e-5,-0.006462319872488369,-8.240148096682786e-6,-3.879049330027047e-6,3.998068423183948e-8,1.0543003851003444e-9,-0.0009551818649851026,-0.0078680403041459,0.00010242012048156544,-1.9331124102061604e-7,-1.7484401770844696e-7,0.0047600263385456,-1.3263113336320156e-8,-6.524047433933137e-5,8.553991407319879e-6,-1.3433512789460513e-7,3.8092037635692794e-5,-2.7145520756983902e-6,0.000925039528550485,0.0014621633256029008,-5.569649345263255e-5,-5.312871926719744e-10,-9.750951241934968e-6,-0.0005228201025839186,0.0009427663474218919,-2.1387142639384105e-7,4.935910864325998e-6,-0.00010081367448783387,-5.379648566971559e-6,1.0851337178900352e-8,6.105728918478252e-10,-4.569834059059299e-9,0.00023998319065248296,-1.0380963671158577e-8,-0.017276063555332247,0.00011784787697328957,0.0003440148355335732,-3.855358221081007e-7,0.0033043239215073375,1.0929829187310182e-5,-1.2510891902542732e-9,-0.002066758799611782,0.00041295638353169113,0.0009923379372731504,1.807115970121587e-5,-5.331882504628758e-8,-3.4534685072994844e-6,4.416050440757198e-9,0.0002732283244921962,1.204411123052494e-5,0.006001150992465235,1.4875124182571004e-7,-7.785429541298387e-5,1.6271013287774473e-6,-0.0036095620246692217,2.6389888297264648e-9,0.002011862560427306,5.617463552746984e-6,2.0774631359794304e-6,-0.00029016247117203683,3.580340545745555e-5,0.0001741513765012663,0.00010013180961381788,-4.904059743725194e-7,1.5546060585458908e-8,6.729742188213363e-5,-0.0035608548666063553,1.736803688349542e-7,-8.96223435796262e-6,-2.6458681331346995e-7,8.908263982949299e-6,-2.141695877045598e-5,-6.535988465168966e-9,4.34328079204923e-7,4.92889512661632e-6,6.869830647115488e-5,5.719108383472594e-5,9.848416122810073e-7,6.220519532697196e-7,-6.971124823060021e-8,-0.004920707599501582,0.00016237963424402488,9.010074362464091e-8,-0.0002115711268189732,-0.00043169337751533955,0.00020652894319123276,-4.918906419907606e-5,2.619098256380824e-9,-4.156661947484207e-9,0.00021267408997808102,0.0016821067004678992,6.343614055144834e-5,1.0930554453354185e-6,-2.6785130929181642e-5,2.6375934077968385e-6,0.0004090932224073752,5.162740559458844e-6,-1.0498870914522332e-8,-1.5220428437010151e-6,3.8208844057088096e-5,0.0004057534078043059,0.00013784894435183478,0.0026525865676591985,-0.0007047312923919626,-5.7988319154753305e-9,1.6532060049600176e-8,2.1335456598433903e-7,0.0016651388094659654,1.1135950404046802e-10
0.0,0.0,0.0,0.0,0.0,0.0,0.0,0.0,0.0,0.0,0.0,0.0,0.0,0.0,0.0,0.0,0.0,0.0,0.0,0.0,0.0,0.0,0.0,0.0,0.0,0.0,0.0,0.0,0.0,0.0,0.0,0.0,0.0,0.0,0.0,0.0,0.0,0.0,0.0,0.0,0.0,0.0,0.0,0.0,0.0,0.0,0.0,0.0,0.0,0.0,0.0,0.0,0.0,0.0,0.0,0.0,0.0,0.0,0.0,0.0,0.0,0.0,0.0,0.0,0.0,0.0,0.0,0.0,0.0,0.0,0.0,0.0,0.0,0.0,0.0,0.0,0.0,0.0,0.0,0.0,0.0,0.0,0.0,0.0,0.0,0.0,0.0,0.0,0.0,0.0,0.0,0.0,0.0,0.0,0.0,0.0,0.0,0.0,0.0,0.0,0.0,0.0,0.0,0.0,0.0,0.0,0.0,0.0,0.0,0.0,0.0,0.0,0.0,0.0,0.0,0.0,0.0,0.0,0.0,0.0,0.0,0.0,0.0,0.0,0.0,0.0,0.0,0.0,0.0,0.0,0.0,0.0,0.0,0.0,0.0,0.0,0.0,0.0,0.0,0.0,0.0,0.0,0.0,0.0,0.0,0.0,0.0,0.0,0.0,0.0,0.0,0.0,0.0,0.0,0.0,0.0,0.0,0.0,0.0,0.0,0.0,0.0,0.0,0.0,0.0,0.0,0.0,0.0,0.0,0.0,0.0,0.0,0.0,0.0,0.0,0.0,0.0,0.0,0.0,0.0,0.0,0.0,0.0,0.0,0.0,0.0,0.0,0.0,0.0,0.0,0.0,0.0,0.0,0.0,0.0,0.0,0.0,0.0,0.0,0.0,0.0,0.0,0.0,0.0,0.0,0.0,0.0,0.0,0.0,0.0,0.0,0.0,0.0,0.0,0.0,0.0,0.0,0.0,0.0,0.0,0.0,0.0,0.0,0.0,0.0,0.0,0.0,0.0,0.0,0.0,0.0,0.0,0.0,0.0,0.0,0.0,0.0,0.0,0.0,0.0,0.0,0.0,0.0,0.0,0.0,0.0,0.0,0.0,0.0,0.0,0.0,0.0,0.0,0.0,0.0,0.0,0.0,0.0,0.0,0.0,0.0,0.0,0.0,0.0,0.0,0.0,0.0,0.0,0.0,0.0,0.0,0.0,0.0,0.0,0.0,0.0,0.0,0.0,0.0,0.0,0.0,0.0,0.0,0.0,0.0,0.0,0.0,0.0,0.0,0.0,0.0,0.0,0.0,0.0,0.0,0.0,0.0,0.0,0.0,0.0,0.0,0.0,0.0,0.0,0.0,0.0,0.0,0.0,0.0,0.0,0.0,0.0,0.0,0.0,0.0,0.0,0.0,0.0,0.0,0.0,0.0,0.0,0.0,0.0,0.0,0.0,0.0,0.0,0.0,0.0,0.0,0.0,0.0,0.0,0.0,0.0,0.0,0.0,0.0,0.0,0.0,0.0,0.0,0.0,0.0,0.0,0.0,0.0,0.0,0.0,0.0,0.0,0.0,0.0,0.0,0.0,0.0,0.0,0.0,0.0,0.0,0.0,0.0,0.0,0.0,0.0,0.0,0.0,0.0,0.0,0.0,0.0,0.0,0.0,0.0,0.0,0.0,0.0,0.0,0.0,0.0,0.0,0.0,0.0,0.0,0.0,0.06185620067228081,-1.0099251686659497e-6,0.002368900392725611,0.00044736261942457384,-3.930287734722425e-5,0.0040514740078490125,0.010101025324499642,-1.7199377045502254e-8,8.267198928136746e-7,0.0022530234781846363,-3.207262069084979e-6,-1.2202870828926052e-7,-2.480349505506612e-5,7.887914866689933e-8,4.4501020718576764e-8,1.0781124483779343e-7,-1.092379066815929e-5,1.797925347653483e-7,6.9928255013351604e-9,5.167328807139455e-5,0.001266208724435528,1.9659650498307634e-7,0.004511904367623074,2.4754953908245476e-9,-1.0353855977703206e-8,-1.4107826924519287e-10,8.681254385925557e-9,9.656476004064635e-9,4.2234853606380854e-5,8.354003805284733e-6,8.254385942902722e-6,-0.024093325144554565,-1.4347705838310532e-6,-1.716572152717371e-7,-4.604038368659111e-5,-2.4290319065831063e-7,0.00022446085949047253,0.002896136152341637,-0.008496225694689972,-1.8735714341662066e-7,-0.0008705763554714424,6.027678146203408e-6,-1.0093333557957254e-5,-1.0111071343114175e-8,-8.485607414280348e-9,-1.538017493042791e-6,-8.156530296304429e-7,4.4484751199005487e-7,-0.0004777669230122079,1.1898909061289315e-7,9.268723333358409e-9,-8.611013783654377e-7,-0.0019243607799033506,-2.2187636970139097e-9,5.828541427219689e-5,-3.103021975910414e-8,-1.2538094963327844e-7,0.00152989967181004,-1.0498684451115246e-8,0.0013433315333017542,5.3486011656460095e-9,4.578299813227459e-5,-1.2761738751844907e-7,3.898061157129053e-7,-9.516006300721834e-7,-2.3547629757240478e-7,-6.116100806706532e-8,4.590265392919459e-5,0.01249440549626638,-1.0705706320800513e-5,4.250737844519878e-5,2.4668793827569484e-8,8.134473300854852e-7,-8.953710271752079e-6,1.2221347318817873e-9,1.2232987975854683e-6,-0.00012629171447178447,1.3218906950021303e-8,1.4505379657654494e-6,-0.009184528252966666,-1.5901961902005712e-6,1.2927742682075845e-7,-2.6357756179784493e-9,-2.666002125745522e-9,6.707536473421458e-7,-3.85307257793335e-8,5.150734424790335e-8,9.691507121822984e-8,-1.8893221093929643e-6,5.790757459276145e-7,-0.006349244077850527,-4.527613568362276e-5,2.9079642660673322e-8,6.180744373461639e-8,-3.864829362970849e-9,-0.015001837003566396,6.527281100781139e-7,-1.5016001425163728e-7,0.0028113249513874693,0.006167633285184698,-3.744483726415576e-8,-3.445948842828987e-5,0.00018582669826830607,-9.651446971025885e-8,5.953837572020249e-8,-0.005605686510432292,-0.033242139739875526,-0.0023874963692755353,-4.1421700296920336e-5,-3.6759534551082426e-5,5.227419043831902e-6,-8.975631174288681e-9,1.1305724232400528e-6,-2.23406443656543e-6,-0.001495848038461048,3.2224256108477236e-7,-0.00018406557122628995,-0.003777524168916069,0.0006882171812573184,-2.5523748752703318e-6,-0.002121649099653018,0.0016651190572633146,0.0009665338486972343,2.251759919482893e-8,0.0014262614710605207,-0.00017523957950849536,7.577062564390232e-6,1.7829300186426416e-7,-0.0016355386823234998,1.2279730638669266e-8,-1.576012131451303e-7,-1.247918174230532e-5,3.0050712678907978e-6,4.223847637507953e-5,0.0032570207287953823,5.940872238889295e-8,5.094251070821972e-6,0.0018706304134868798,-0.0004421283896121022,0.00018520233737615534,6.139489163293912e-7,7.460302157307755e-7,-0.0003828605913680524,0.0012926422707219493,-3.197416482936913e-7,-7.3581592366863585e-6,-6.345844486346555e-5,-2.0429583059902293e-8,-1.7935223952700287e-5,-0.01931371173489064,4.48104053110988e-5,-0.0012461780125123316,1.2610645148062317e-5,-1.5988079712713257e-5,8.569362437010799e-7,1.4304922669130878e-6,5.980952425318731e-7,3.9271981302497604e-6,0.0004912468010851058,-4.855426047381469e-5,6.554639101180609e-8,2.8466781438802225e-6,-1.5057816199486247e-8,-1.0786917635152387e-5,-0.0008570369068468398,0.0005249590342874146,-4.327911198233014e-6,-1.5644645768629356e-6,0.00012139723909552238,-1.1146765439527078e-6,-0.002810718856634756,1.775290146976748e-8,-9.56661535839722e-8,-4.2902689962779864e-7,-3.0631828468826724e-7,2.814550398041348e-7,-1.5570655939770598e-8,-0.0020374696105425246,-4.276258657459617e-5,-9.036880547362752e-5,-5.946095842332836e-10,-4.4510573947591086e-5,0.0016735907076164578,-1.5293415765832618e-6,1.5440818606899584e-8,-1.7693443930491425e-7,2.5530865715812656e-6,1.1780861996734852e-6,-0.00018699812306696088,0.0001895175451403098,0.0009767296113902088,6.500872041146865e-5,-0.0024316472000204805,1.7377614094152868e-5,-0.00012305515012121736,3.968933819158346e-6,-6.925412137245797e-5,-5.852032734753607e-5,-6.687584895400081e-5,2.8907758654131496e-6,-9.367000519666196e-9,-7.543179190326899e-7,-2.600720887390333e-8,1.4464336431012401e-6,0.01032752626180048,1.4571612076352952e-7,7.487058986966743e-5,0.003239559271172108,-0.0035930796839305414,0.0018917389787370756,-0.002373396007332994,1.1994008311701849e-6,7.724764568077901e-5,6.898228847817579e-8,4.8165106151285e-9,-0.009305785723714767,-0.0009692386114451479,1.0498037131104852e-5,-5.3203031000127756e-5,1.187981573517773e-6,-4.651985680045977e-8,-2.6861710739894595e-9,-1.748508911124291e-8,-4.044416737388111e-9,0.027261406258468065,2.1764792475116393e-5,-3.385705321598747e-5,-1.4258516148081494e-5,-0.00015068758216338292,-7.788977383714597e-10,-2.304304258375468e-6,5.739861048581636e-7,-6.345053387741038e-5,2.3938636388211596e-9,-0.0002448423839754595,-8.496632099390921e-5,0.0014126313887746348,-7.648213752378482e-7,-0.0002620060712747179,-7.573905933325986e-5,0.0026347509801738903,-2.269857988147099e-8,9.411909213805074e-8,-7.803547051343783e-7,-1.6470699650997484e-5,-6.722860973996569e-6,-1.4668362054050798e-5,-1.266186744713708e-7,-3.1521918179871148e-6,0.012426312386973682,1.4963722062093543e-5,6.136519847283238e-6,5.729356142720524e-6,0.00032398342936748137,1.9143159979736425e-5,-4.9666564157278855e-8,4.901783288687318e-7,0.002427445426293696,2.68141561321522e-5,5.100592676920028e-9,0.0003511082463095544,-5.330792270601548e-6,0.0004267809948399116,0.00019629138775879146,-2.1834872636355974e-6,0.0007620918154611942,5.947517186139235e-11,-5.442921482619131e-7,-3.7564210724539737e-7,-1.5603899608399596e-9,-0.0007588684236326323,-6.353530685955291e-7,3.686243226299322e-7,-9.929883849575068e-8,-1.7897648035927016e-7,0.0013511124895044316,-3.560896800503561e-6,-8.53655725319885e-7,0.00014075093217678838,0.011626558113558574,-4.927970419954195e-8,-0.002627967788838645,-8.307065016499201e-7,9.570331886253551e-9,0.0004192727297976423,-0.0006835596887074268,0.01605785477896152,8.198946241772427e-8,0.0002634393286877027,1.7713646722586e-5,0.004577629232796043,-2.6998132290703218e-5,-0.00023759995314422374,-2.937646720797807e-6,9.126471118417761e-8,-6.255083110510973e-7,-0.0003583077690292304,-0.0010963627323794206,-0.0031148028307637137,-0.008746759194158281,1.1753200716049274e-7,-1.214397427698305e-5,-0.01245207932025709,1.0410323123340733e-9,8.733465683681061e-8,3.1333800527480486e-5,9.65541614671673e-8,-0.001864992816470756,-9.822624512184288e-7,-1.434975263899427e-7,1.469946249258211e-5,0.00011825066328762503,-3.3259579617586585e-6,-7.536649134624272e-9,-1.4122979785839885e-5,-0.0018407977623922092,-8.531199761221416e-7,-0.0020723720340519052,1.1279223814537492e-5,-2.710937532041697e-6,-1.681683451984337e-6,-0.00016475015881158998,-1.8626388926661938e-5,5.476824643217767e-5,-1.5161297118057667e-7,3.6187945366082126e-8,-5.4989157168584614e-8,-0.006970691250263499,-6.811303486936849e-6,-1.9241474817821754e-8,-1.2468679726586283e-8,0.0021444260679877943,-0.0020888078252652496,-2.7456018142891214e-7,5.891971549282806e-9,-1.1434047163826293e-8,-7.64306979261054e-6,-1.3591610544003878e-6,6.696712773752388e-5,1.6687121257138628e-7,1.3276928548412404e-6,1.6007300092387464e-8,6.34400095022691e-5,-2.656684911046329e-7,-8.543668958305583e-8,5.197365079699937e-5,-9.844853228398823e-6,0.0009277890628520497,-2.0220826062794906e-7,6.653873417396351e-8,-2.053302246199449e-7,2.515364218392669e-7,1.6845430601493053e-5,0.0001353774678014538,-0.00019748029620521955,2.883315650415754e-8,0.0023667020393366846,3.239407459456128e-5,4.870360029554669e-5,5.432255871369107e-7,0.00011869237288273556,6.861508489764086e-7,-3.808667947456675e-5,-0.025390101354329737,0.001621700319321675,4.7248266492041015e-6,0.002938551896441231,-1.108140497487972e-8,9.58234728711461e-7,0.003404080149468796,9.542207889225692e-6,7.27444066034706e-5,9.602853106014401e-8,3.992590580631416e-6,2.3890883655374522e-8,-4.7647528890234044e-7,2.3747804500946403e-9,1.231194769778267e-5,3.1202606719153166e-5,0.016491149793512676,0.00033833891896873795,-4.284552299470471e-9,-4.5638765572205666e-5,6.231962496062803e-6,-0.0002763388603673571,4.914317289688507e-7,1.8203467193708332e-7,0.004999882419168817,-0.002106939611752295,-2.223078778745248e-5,-3.0587609145025976e-5,1.5251097683666206e-7,5.559734350131024e-8,1.9894028705222047e-7,-2.418414315952654e-5,-0.0005407008618885314,-1.8884163738169244e-5,-0.0018138355353616478,-6.709636871387551e-7,-0.009514330655269328,0.00012219269760972565,0.0004128576698983696,-2.3426120791583166e-8,3.6460572410926093e-7,-5.068370025684564e-7,5.35085518430735e-6,3.917675986869568e-5,-5.39417707856825e-6,7.629985262714347e-7,3.071338988314673e-8,-3.414843656672517e-9,-5.671294357310104e-5,-6.245474908314616e-9
0.0,0.0,0.0,0.0,0.0,0.0,0.0,0.0,0.0,0.0,0.0,0.0,0.0,0.0,0.0,0.0,0.0,0.0,0.0,0.0,0.0,0.0,0.0,0.0,0.0,0.0,0.0,0.0,0.0,0.0,0.0,0.0,0.0,0.0,0.0,0.0,0.0,0.0,0.0,0.0,0.0,0.0,0.0,0.0,0.0,0.0,0.0,0.0,0.0,0.0,0.0,0.0,0.0,0.0,0.0,0.0,0.0,0.0,0.0,0.0,0.0,0.0,0.0,0.0,0.0,0.0,0.0,0.0,0.0,0.0,0.0,0.0,0.0,0.0,0.0,0.0,0.0,0.0,0.0,0.0,0.0,0.0,0.0,0.0,0.0,0.0,0.0,0.0,0.0,0.0,0.0,0.0,0.0,0.0,0.0,0.0,0.0,0.0,0.0,0.0,0.0,0.0,0.0,0.0,0.0,0.0,0.0,0.0,0.0,0.0,0.0,0.0,0.0,0.0,0.0,0.0,0.0,0.0,0.0,0.0,0.0,0.0,0.0,0.0,0.0,0.0,0.0,0.0,0.0,0.0,0.0,0.0,0.0,0.0,0.0,0.0,0.0,0.0,0.0,0.0,0.0,0.0,0.0,0.0,0.0,0.0,0.0,0.0,0.0,0.0,0.0,0.0,0.0,0.0,0.0,0.0,0.0,0.0,0.0,0.0,0.0,0.0,0.0,0.0,0.0,0.0,0.0,0.0,0.0,0.0,0.0,0.0,0.0,0.0,0.0,0.0,0.0,0.0,0.0,0.0,0.0,0.0,0.0,0.0,0.0,0.0,0.0,0.0,0.0,0.0,0.0,0.0,0.0,0.0,0.0,0.0,0.0,0.0,0.0,0.0,0.0,0.0,0.0,0.0,0.0,0.0,0.0,0.0,0.0,0.0,0.0,0.0,0.0,0.0,0.0,0.0,0.0,0.0,0.0,0.0,0.0,0.0,0.0,0.0,0.0,0.0,0.0,0.0,0.0,0.0,0.0,0.0,0.0,0.0,0.0,0.0,0.0,0.0,0.0,0.0,0.0,0.0,0.0,0.0,0.0,0.0,0.0,0.0,0.0,0.0,0.0,0.0,0.0,0.0,0.0,0.0,0.0,0.0,0.0,0.0,0.0,0.0,0.0,0.0,0.0,0.0,0.0,0.0,0.0,0.0,0.0,0.0,0.0,0.0,0.0,0.0,0.0,0.0,0.0,0.0,0.0,0.0,0.0,0.0,0.0,0.0,0.0,0.0,0.0,0.0,0.0,0.0,0.0,0.0,0.0,0.0,0.0,0.0,0.0,0.0,0.0,0.0,0.0,0.0,0.0,0.0,0.0,0.0,0.0,0.0,0.0,0.0,0.0,0.0,0.0,0.0,0.0,0.0,0.0,0.0,0.0,0.0,0.0,0.0,0.0,0.0,0.0,0.0,0.0,0.0,0.0,0.0,0.0,0.0,0.0,0.0,0.0,0.0,0.0,0.0,0.0,0.0,0.0,0.0,0.0,0.0,0.0,0.0,0.0,0.0,0.0,0.0,0.0,0.0,0.0,0.0,0.0,0.0,0.0,0.0,0.0,0.0,0.0,0.0,0.0,0.0,0.0,0.0,0.0,0.0,0.0,0.0,0.0,0.0,0.0,0.0,0.0,0.0,0.0,0.0,0.0,0.0,0.0,0.0,0.0,0.0,0.0,0.061450693670934003,-1.4677623025151675e-7,1.851705803901481e-8,-4.018945563377253e-9,1.350654985196328e-6,-2.1275703469630684e-6,0.008877086231863543,-0.020688348490553288,2.509267133544561e-7,0.002209808554286175,0.0022029532456431405,-5.485253396041343e-10,-1.5610347540274347e-11,-2.5156056350695675e-13,-0.0004188908393303302,-1.775042882476992e-10,-0.021530179131908647,-1.2810991070203307e-13,-4.007688176006124e-5,-9.557420256297877e-8,0.0017824947765299121,-3.6327522427596306e-7,1.4347872840683224e-14,7.737657281897375e-13,-2.4372785347071826e-13,3.4946089153773394e-13,2.324057921013577e-13,-0.0011225719118398761,-9.159217970389945e-10,3.578357540763336e-10,1.4739578163271272e-6,-1.8779199555922103e-11,2.0974101122847422e-11,3.927594306720075e-9,0.009538388948082156,3.6286955688998643e-9,4.599981559747389e-6,1.2169917064863175e-6,-1.6811366205626726e-11,1.9363734641366424e-5,1.5256867690199784e-10,0.0012695627621852488,-1.4026722586677636e-13,-3.5017272177960617e-12,-2.173914902945929e-10,-0.002495104468689547,3.919283755022054e-11,6.374177441210947e-5,0.001905212014914253,1.4486624598254926e-13,0.011902816994677684,2.3040709667802774e-5,-0.004472631525627672,-8.603060739939826e-10,6.351732857908169e-12,-6.896619146433984e-12,-7.991736870442497e-8,3.433203837194621e-14,-1.420757293919723e-5,1.425883626068516e-13,-0.00047646271281490647,1.1378005347699686e-11,-1.9518344330493013e-11,-3.824310083653e-11,-0.010570500770393574,0.007787700420720723,-0.00043756350834993016,-2.3331514004806753e-7,1.5810912447980898e-9,-2.8159445344078654e-5,-3.3583165127900445e-12,-0.002693249990052829,-1.1294221203367332e-9,-4.967388501138517e-11,1.9995108833395114e-10,0.001315018731773894,7.02182503900632e-13,0.0008980483589679207,3.035795290082191e-7,-0.0012932021858793302,-1.1891429903351172e-11,3.0577761805409687e-13,3.4594473763042e-12,-0.006558155446004665,1.8392934805677546e-12,-5.5162521893922654e-12,6.880249266451374e-12,9.918101520274374e-11,0.009019407349596961,5.8939356509622014e-6,-1.5659125375166212e-5,-8.453059430815995e-13,-3.128717469308061e-12,-3.9067392861292336e-13,5.54494624770443e-6,2.8890504525650014e-12,0.009746192464237415,5.566665722253503e-7,-2.4904036679205407e-7,-1.767102585631177e-11,2.1066422485604743e-6,-2.81397030695192e-5,1.3431325256339396e-11,-9.955435571667891e-11,-1.0112164907101734e-6,1.2037745175207605e-6,-3.3054183718925515e-8,3.6739635821433675e-9,5.8604390310083024e-5,-0.00022814677650956285,4.2681214083937594e-13,6.478468657873068e-11,0.00174524035636812,2.9801406278400563e-8,-2.3980994739774172e-11,7.977205986682665e-9,-4.421441548376877e-6,-1.497489577217983e-8,-0.00038035355495565396,5.637120353651964e-6,-2.4034507144646957e-5,8.234190486761417e-7,-1.666730821322303e-13,-2.054559995343634e-6,1.957601436021729e-9,-0.0022672313018511354,-0.01078137339847517,2.2035745861650636e-8,-2.3155435761383638e-12,0.0027825532635363665,0.0008165304224537366,-0.0008276363623430313,-1.1212249950268106e-6,-1.7110267773469756e-5,2.6865027619456265e-12,-1.7829749070703625e-10,-1.1510345526349653e-5,1.5842020923984236e-8,-1.4660146436410719e-5,0.0009646891123441215,0.005416314806571656,3.1057347507419295e-5,-7.155279454434313e-9,0.009158240955649741,-0.0004821529856784701,-1.7421040123458938e-9,1.198029914871524e-12,-7.802434233240419e-9,-2.161495779203504e-8,-0.0005403107955085218,2.929950760861446e-5,-4.252606360167119e-5,-1.6839400673771432e-9,0.003832513345463003,1.539390963704643e-10,-1.0745385179508666e-10,0.0005059223248935436,-7.104249129912012e-8,0.00044721114312827555,-0.006239647597036234,0.00037675323380618363,-3.3229865789270734e-14,3.463839425462166e-5,2.10566419221081e-8,4.014652583524719e-8,0.00964506614077118,0.012681274993583588,2.9181183135905282e-5,-0.004558875136728695,3.2666876436519998e-9,2.0646289870384547e-12,0.005542642302045676,-7.182177011955499e-11,-8.80494690256687e-12,-0.0041833673507744714,-1.8001455339107767e-12,1.7512554847944708e-8,-2.1539199480333698e-5,-9.234220065310116e-6,-7.548342823747998e-13,-4.767378757593616e-10,-9.431953743343144e-7,-0.0027168029845102168,1.037904971870451e-12,-1.2321366326462281e-11,-0.006834144350208654,8.557662991678215e-12,-4.6178264332505665e-6,1.8442051674957684e-11,3.0807546262844534e-7,4.8768089955299185e-8,3.552221172324404e-6,0.0005240093531840804,2.6159843413779997e-5,-7.508250477733473e-10,-2.4311208367871687e-9,-4.666609361384063e-5,1.6018402064471235e-6,0.0003240381714957644,-1.1446800797260683e-13,6.191830207620309e-11,0.0055638661993956985,0.0011731731779597726,-6.306896144662677e-7,-0.00992328038256133,-9.329454490811126e-5,5.4902378883055745e-6,-1.5741187634153828e-7,4.61214818103984e-6,-3.628416784488921e-6,3.576790644544455e-11,2.629008376918118e-7,-0.0072249829368690515,1.295057510828724e-13,-2.2940615263324332e-7,-5.271009708131943e-8,2.049501047224529e-9,2.4985491451853377e-9,0.01059320645477647,-0.004419315310854418,4.1293072738128726e-14,3.309018145349943e-12,-9.564549412855394e-14,3.6638566905865883e-7,-0.0003286660067283756,0.0008036473934899285,-2.032499695055146e-10,6.193415032833928e-9,2.269764282756496e-13,3.539229042809293e-9,-5.893363360419298e-11,6.063007742420155e-5,-1.5939585604725138e-13,7.900480037140501e-6,3.610463529420931e-8,-9.011202224049152e-8,-1.4756600864665422e-10,-1.4700426316791573e-5,-1.996809038503439e-6,4.617228089478453e-6,-7.50863737702376e-13,0.00022936715852212903,-1.8009155149951066e-10,0.0004331250211279882,-1.422317343819847e-10,0.00027221467663077166,0.0023829299644285706,7.764852523149627e-12,-3.59264842809039e-8,-8.549835092156494e-11,3.6034419696254824e-10,-2.4412195657057162e-8,-2.686143684081342e-9,-0.0009221370029688954,-3.9964515958699746e-12,1.1555220248626618e-12,7.209679393375804e-6,-1.1647667174317766e-9,-1.98336006996886e-11,3.1480717878503975e-8,4.5750296739482435e-10,1.0915278508758383e-5,5.155734771456792e-9,0.001052162424607551,1.6671048024299777e-7,2.4279302689455637e-12,0.02488570504553938,3.7790806577200976e-11,-2.0364079790734057e-13,-9.911242752354604e-10,0.03905304293705467,-0.00045190649919923,-6.2640734799080765e-12,7.72021572861645e-12,-2.0687603365947784e-5,0.006823133593725777,-0.000389623545993289,-6.219522658144405e-5,5.680390367285206e-7,-5.980815459957166e-12,-4.929862789179139e-8,-1.5552062420655693e-12,-0.003440591333138891,3.765631884233838e-8,2.0557216010644057e-5,-7.1264757806146995e-6,4.537698016818502e-12,1.2104683560604903e-8,0.00042589653422810564,2.771269331767528e-7,1.041692348106626e-9,1.4032466291811546e-8,-0.00015280476918953334,-5.3929990515036645e-12,-5.0286367237492186e-11,-8.140769220805963e-6,4.611135882571583e-6,-5.840970578993007e-7,2.2418421581459583e-6,0.006220615014306353,-3.700832441341461e-10,5.054544152149177e-7,1.2840521173485028e-13,3.0752834758714354e-12,5.244789556384926e-10,-1.0210462459655219e-11,1.208965611281609e-5,-0.00017379688906069379,0.025199273147397904,-7.47839537498722e-10,-4.518722022418852e-9,2.509390407946353e-10,-2.2601214085662987e-13,0.0009975253948457652,-4.771929976170608e-8,0.035375549346070644,5.23586997311616e-5,-3.0509382888295948e-5,-0.0007590848130969357,1.3013192763700843e-11,1.8120868211329154e-5,8.049482928972549e-10,-2.1822430686429696e-9,-9.197795721034566e-11,-0.0006968283773537005,-4.320159412142537e-12,2.908315389471391e-7,5.735163526272928e-10,2.9788893763743946e-13,2.9699028419291795e-12,4.147719008303243e-7,2.2615157833800506e-7,-0.002229122311964503,0.00247627575959419,0.0006135935933484705,-4.5237243342039383e-10,-0.0005277508235365978,-1.5179113756907932e-9,9.969685296719946e-11,1.9427381638128919e-10,1.183713651426383e-13,-3.128166811540472e-9,1.2560650978135271e-11,0.003585135994533499,1.085175211928771e-9,3.8638080600618305e-10,-7.476114548769423e-8,1.1205727000588277e-11,1.6005130547462125e-12,6.2050255328203155e-12,0.0005804785293416478,-6.734756448929337e-10,-2.0581118504611992e-5,-2.2125975817797566e-8,-2.2944250653559285e-13,8.350570990179294e-7,0.00013541060332128302,-3.5960757679430907e-9,0.009433907604172483,6.288456430820313e-10,-2.3488522189395694e-11,4.0384400577689154e-5,5.302910927117353e-7,1.5072229948279405e-6,-2.420605847584792e-11,-1.2824590705036434e-7,-8.960741379932911e-13,-0.0005415082188652641,-5.29095386188734e-7,-2.314205450314316e-9,2.5469036857271e-5,-6.342457840977778e-12,-0.0003665085787040268,8.076298766935506e-12,3.196409517836326e-11,-1.6739749571645128e-14,-0.0006732095778312846,8.820662750737943e-7,2.2080129718548617e-7,-1.1369522616879445e-7,6.752958238760905e-13,-5.6150067155868454e-5,-0.0019923286429565402,-1.8420659823838747e-8,-5.052119233119078e-12,-0.004100390031251163,2.47732662209316e-7,-1.630923347294857e-8,6.00878462529981e-11,4.98548299000468e-11,1.6407529016436116e-5,0.008446271994569831,1.3280657491726305e-11,-4.807484526536924e-10,3.76398847522823e-8,2.7957020613202473e-5,1.998906256759162e-7,1.3197453854784563e-10,-4.967001071151888e-7,-1.8834459235948046e-5,-9.464111641804747e-7,-1.415518291164068e-12,3.136751326382184e-11,-4.629779171041406e-10,-1.4431555862550297e-10,-4.005265985961949e-11,3.3101854525317693e-11,-0.0020351795862980923,-0.002893302317992266,3.1647030253263214e-13,-4.547639136450857e-9,-0.0012763078639688947
0.0,0.0,0.0,0.0,0.0,0.0,0.0,0.0,0.0,0.0,0.0,0.0,0.0,0.0,0.0,0.0,0.0,0.0,0.0,0.0,0.0,0.0,0.0,0.0,0.0,0.0,0.0,0.0,0.0,0.0,0.0,0.0,0.0,0.0,0.0,0.0,0.0,0.0,0.0,0.0,0.0,0.0,0.0,0.0,0.0,0.0,0.0,0.0,0.0,0.0,0.0,0.0,0.0,0.0,0.0,0.0,0.0,0.0,0.0,0.0,0.0,0.0,0.0,0.0,0.0,0.0,0.0,0.0,0.0,0.0,0.0,0.0,0.0,0.0,0.0,0.0,0.0,0.0,0.0,0.0,0.0,0.0,0.0,0.0,0.0,0.0,0.0,0.0,0.0,0.0,0.0,0.0,0.0,0.0,0.0,0.0,0.0,0.0,0.0,0.0,0.0,0.0,0.0,0.0,0.0,0.0,0.0,0.0,0.0,0.0,0.0,0.0,0.0,0.0,0.0,0.0,0.0,0.0,0.0,0.0,0.0,0.0,0.0,0.0,0.0,0.0,0.0,0.0,0.0,0.0,0.0,0.0,0.0,0.0,0.0,0.0,0.0,0.0,0.0,0.0,0.0,0.0,0.0,0.0,0.0,0.0,0.0,0.0,0.0,0.0,0.0,0.0,0.0,0.0,0.0,0.0,0.0,0.0,0.0,0.0,0.0,0.0,0.0,0.0,0.0,0.0,0.0,0.0,0.0,0.0,0.0,0.0,0.0,0.0,0.0,0.0,0.0,0.0,0.0,0.0,0.0,0.0,0.0,0.0,0.0,0.0,0.0,0.0,0.0,0.0,0.0,0.0,0.0,0.0,0.0,0.0,0.0,0.0,0.0,0.0,0.0,0.0,0.0,0.0,0.0,0.0,0.0,0.0,0.0,0.0,0.0,0.0,0.0,0.0,0.0,0.0,0.0,0.0,0.0,0.0,0.0,0.0,0.0,0.0,0.0,0.0,0.0,0.0,0.0,0.0,0.0,0.0,0.0,0.0,0.0,0.0,0.0,0.0,0.0,0.0,0.0,0.0,0.0,0.0,0.0,0.0,0.0,0.0,0.0,0.0,0.0,0.0,0.0,0.0,0.0,0.0,0.0,0.0,0.0,0.0,0.0,0.0,0.0,0.0,0.0,0.0,0.0,0.0,0.0,0.0,0.0,0.0,0.0,0.0,0.0,0.0,0.0,0.0,0.0,0.0,0.0,0.0,0.0,0.0,0.0,0.0,0.0,0.0,0.0,0.0,0.0,0.0,0.0,0.0,0.0,0.0,0.0,0.0,0.0,0.0,0.0,0.0,0.0,0.0,0.0,0.0,0.0,0.0,0.0,0.0,0.0,0.0,0.0,0.0,0.0,0.0,0.0,0.0,0.0,0.0,0.0,0.0,0.0,0.0,0.0,0.0,0.0,0.0,0.0,0.0,0.0,0.0,0.0,0.0,0.0,0.0,0.0,0.0,0.0,0.0,0.0,0.0,0.0,0.0,0.0,0.0,0.0,0.0,0.0,0.0,0.0,0.0,0.0,0.0,0.0,0.0,0.0,0.0,0.0,0.0,0.0,0.0,0.0,0.0,0.0,0.0,0.0,0.0,0.0,0.0,0.0,0.0,0.0,0.0,0.0,0.0,0.0,0.0,0.0,0.0,0.0,0.0,0.0,0.0,0.0,0.0,0.0,0.0,0.06137532114438756,0.0021933675901394567,0.0013807763909430134,-0.0007173808489884121,0.0035526600988755363,4.083483865924562e-9,2.3159274914328075e-7,-0.006012397887564545,-6.229624450929156e-7,-8.485116122720221e-9,2.0453766972677895e-6,1.6630286003689013e-6,1.9099717032549412e-7,3.0537754510210486e-10,3.8430049407663355e-5,-7.783606314461822e-8,2.338361450463466e-7,-5.713347838036243e-7,0.00028382770832573027,7.925871053302403e-9,0.0029375683131284223,-6.936600354911877e-8,6.334194299890999e-9,2.448678967572846e-8,6.537171121856985e-8,2.597784291053834e-7,3.2768202317125367e-6,0.00014909153056266407,5.4521120765216493e-5,0.0013536745265957302,1.309364638817349e-5,-9.77126511170568e-6,0.0005168964940722522,5.406775358400487e-8,0.00420361544627905,-0.0007895221369766156,-0.0005315849016579173,7.981183289760689e-7,-4.723065674622277e-5,1.0647324698138077e-5,2.5368133563482154e-6,-6.852465703586074e-8,-8.755902771464072e-7,-3.3530611206109907e-5,-1.6381762831359314e-7,-2.8713288363688773e-6,-0.0001508184400690275,6.802203180004638e-8,-1.462558753734342e-7,2.2095097658880894e-7,0.00017911164666468645,-1.3944678193464852e-7,0.00024704994615340085,2.232080880283453e-6,-3.0310046287529565e-6,0.010272625957063507,-9.809339658277157e-8,0.0014806537288041763,5.795798857582901e-8,2.1085527152754695e-5,-2.2734489646990456e-6,-3.0217339313129334e-5,-3.816626425452333e-6,-4.1090176999723456e-8,2.8565171920390374e-8,7.760007071309703e-6,0.0031175801914976654,-0.0005891448194972143,6.771663483993853e-6,1.9449294932231203e-6,-4.376136979683771e-8,-0.00021583700049703771,-8.134534109485523e-6,-1.3142517848063795e-5,-1.3124255997968095e-5,9.805561779262118e-8,-2.7986320603723573e-8,-0.0003006982341154493,6.494614473368191e-7,1.6782280645174313e-6,-1.3920810266041302e-7,-3.037253746724618e-7,-2.033352929143158e-9,-5.59786585979909e-7,-1.1754123758600822e-7,8.336628712440846e-7,2.8271928559841913e-5,-3.4607124272294954e-8,-8.310477858804886e-5,-9.702275650753492e-6,9.809471650961811e-7,6.116608354196128e-7,-3.884565713157061e-8,0.0010205013759123909,9.51176696789691e-6,1.791698882222145e-8,1.608538526789835e-5,-0.0005393944787291241,-1.5035268626331772e-6,-3.472086374225958e-6,-1.0172772459487227e-5,-1.0563302431883958e-5,2.3379611598670696e-5,0.00434818358688541,-0.01096645696525254,-0.0019190925506985563,0.00040667647914616016,-7.367689167304857e-6,7.068719618025661e-7,-6.357305871823978e-8,-3.235866508581103e-5,1.556957609550731e-7,-0.006724692547460267,5.725676753191504e-6,0.0038908571496317317,-6.811558125903187e-5,0.0004939194263626082,6.248264392934448e-6,-0.0001348151341142631,-3.41730735174085e-6,-0.0003003791566724024,5.63286247249571e-8,0.00432796601635842,0.0006891729402995413,2.432353790131547e-7,-3.744685807828293e-8,0.0037837443525190885,1.2880892855917388e-7,-1.8571656907702075e-8,2.979133342645276e-7,1.2054197093437158e-6,6.111963912012375e-6,0.0004665041899958209,1.4041750984445265e-7,1.8264323847569197e-5,-8.936330593528296e-5,-0.002180763041487694,3.08125763893717e-5,2.2296796727999558e-7,-8.993902407143574e-7,-6.062667831452843e-7,0.01230963808929969,4.38441600091355e-8,9.109363550532824e-7,0.0001059205451249025,-3.236940978119578e-7,0.0025175895086181374,-0.001304644969582061,2.4986753164513654e-6,-0.0006185317052944148,-5.6295488205493505e-6,-0.012204190767043868,7.369380712578486e-8,-9.559764570940497e-7,-0.0002526577889951595,9.84011308707651e-7,0.022707139306541967,6.670982733748599e-6,1.432564376741077e-8,-4.6968692599748784e-6,-1.8418921693806604e-7,-1.2608177535326916e-5,-0.0020016244883341878,-0.0018688332260771519,-2.493173983041287e-7,9.589557718867376e-8,-4.185645053134971e-5,1.3046012885974623e-7,0.004291336178004749,-4.109165723016783e-9,1.4491528600878812e-8,-6.469871657060672e-6,-4.432766390871954e-6,2.799716993184858e-7,-3.5307375757727974e-7,-0.0070232544929305675,2.7531537636463572e-5,8.222442800782423e-5,-3.979669084984777e-7,-0.0003160186438837096,0.0013281995017955166,1.9981084905920604e-7,2.698855959482557e-7,-2.482065324451837e-6,-2.495925033516699e-7,-8.40633366026808e-7,-1.0903714712979052e-5,0.001705744456939377,-0.01724514708919818,0.03009347632423653,0.00019529283013622955,-4.3399039141205414e-6,-9.732881223181108e-5,-1.3371333313320769e-5,-0.00043703004561444027,1.9503484857156265e-5,5.6843818472016735e-6,-4.175583815986735e-6,6.7564582908932915e-9,2.1523337310989315e-6,1.6839506772359444e-8,5.6189993496619265e-8,-0.00026711922855357886,-1.914589867480341e-8,-2.351050537224705e-7,-0.0025435633646162747,-0.0013273231715168665,-0.00042637252557812795,0.0008889782808354168,2.2999438199492996e-5,-0.02378285205598826,-3.253504773356498e-8,4.5736355396681217e-8,-0.003368937903737776,0.0013303903977292713,0.0007923862625248064,-0.0010330741179006655,2.6742638201931464e-8,-3.1542713423496e-8,-4.4944914397627364e-8,-5.6027724581966575e-8,2.3890644880765453e-8,-0.0011263768479018053,-1.1923149140706691e-6,-6.916920045857377e-6,-3.403927159015247e-5,-0.0010686741213151016,2.2378034418220173e-8,-7.133296982829466e-5,-4.162686802072817e-6,2.400547117241271e-6,1.3651415527348945e-8,3.1244327664486e-5,0.009118002183657686,0.03157633298776728,-1.9002090894432276e-5,0.0002587488061186455,1.1561581540340136e-5,-0.0006034512111738686,1.8890639866616587e-7,-2.6583818005987963e-9,-2.6613912225020946e-6,1.9204596607047092e-8,6.23866771061569e-5,9.281622501384193e-7,1.704739060821748e-8,5.758590733343108e-6,-0.003381833590074211,-2.556678704369261e-5,-3.9983082500858114e-5,-0.005206936818077967,0.005150783033223031,-6.594304120561532e-8,-2.198455802585356e-7,6.155990851480105e-6,-0.0005702466178228434,0.0008969680825250203,2.844740046743162e-6,-0.0027849899793103315,2.128365733209952e-5,-8.029056470487087e-6,0.0007651788336580341,-5.400002608492963e-7,-0.0030458682810446083,-6.456676139707068e-7,-5.4194958868192455e-8,-5.636161758277061e-6,2.137850120237749e-8,0.0058772501018950285,2.3481393610270407e-8,3.056384456207829e-7,-1.6176315116206996e-6,1.4018833610942758e-6,-0.00012910268704290808,-2.874150644689664e-7,-4.7125081628638574e-7,2.9794722485625085e-5,-0.0007378471462547051,8.144714365078197e-7,-0.001650313489587141,1.959642529626828e-6,-2.3893331475430147e-8,-0.0018984623260345777,6.752651715288116e-5,-0.0007781686338201154,-6.090372890680312e-8,0.0018927811801580858,-5.462902646771595e-6,-0.00021520095417487962,0.0005111154891985345,-0.0001399517067114949,-3.156478776841475e-6,2.1676785919307215e-6,-1.3723024016851224e-5,-3.5851384230817183e-6,-0.0047448514403979295,0.0010279050737041456,0.000514983092348489,4.406880928349371e-9,0.00016988388255433497,-0.00018876366135748215,2.047171829626568e-8,-3.748190632036041e-7,-0.0006224808407474045,1.1205517822489512e-6,-0.0005580374571583938,2.1637210071613988e-7,4.906153907383607e-9,5.693212989398884e-5,-0.0006245514190773621,-3.713735418667751e-5,-1.0570697678050771e-7,-1.247319957301864e-6,0.00362741674073752,-6.525845632870355e-9,-0.0003898777615701742,-1.0876945193243995e-5,1.868358546163849e-6,1.0180945934525255e-5,-7.741546788922114e-6,-1.6573042845134062e-5,-0.0003227125495587919,2.1640997091561124e-5,-1.434875842407927e-8,1.167300196448175e-7,-0.018679337010775114,-0.00015981741618490255,6.305440973476289e-8,-2.0862275902816398e-7,-0.0009990184015682476,0.001179288012510563,-9.452785502853341e-9,5.3691221138888265e-9,2.6574276605175245e-8,-0.0003119647693084628,-1.3476193992654249e-8,0.0002619679969235477,-1.8680092618770357e-5,1.3146360538529654e-5,3.798515314768022e-7,0.006942544826887616,-6.636925103782087e-6,-2.9047533695881927e-11,-0.0005506202973461317,-7.214844871849021e-5,0.022836122055264658,-2.767575100812674e-6,1.1343455779422472e-6,1.1478172781862855e-6,1.6504470082114272e-9,0.00025346876556158463,1.0402903257028775e-5,-0.0021782727408323696,1.076304567647052e-7,-0.0002657140419996863,-4.3592105490009873e-7,-0.001637613994638819,7.048653228888553e-8,0.00032729882259889044,-6.725817307115843e-6,-2.79512096508543e-6,-0.006804298922957206,0.0002044043293598293,-9.036600558227537e-6,-0.0008122505334043834,-1.328234859042451e-7,1.3873680441117482e-7,0.0017224740797208496,0.0010646276985013987,-1.7392133930083043e-5,2.6991074058302675e-7,4.149678619205036e-6,-1.4183566181929941e-6,-5.7460069420086725e-6,3.690271083564466e-9,1.902375765489063e-6,3.279921923277676e-5,0.0004106759863081563,0.0012687884147560959,-5.4517225156349974e-8,-3.352352725056971e-6,-4.2903503395664136e-7,-0.007209024214299139,-4.634435958370768e-6,7.376840759721125e-7,0.0006391797190752053,0.005007181440661796,9.6819627545629e-5,-0.000470412305249057,1.3864488955893613e-7,1.6375755826048095e-8,-3.6239439591112536e-6,0.0006601982249288835,-0.0024230957228675216,-2.6177091644390216e-6,-0.00880241504534049,-2.9213843918190724e-5,-0.0005279856573550094,5.054537666464855e-6,-6.386888293858981e-6,-8.124126975496458e-7,3.592625649592671e-6,-1.0275298099000944e-5,-3.3397234844605424e-5,-0.0002602224015556455,-4.85560477703001e-5,1.0691309499832759e-7,1.685004585238555e-7,1.566393759641675e-7,-0.0005335263474338871,3.535088152440414e-9
0.0,0.0,0.0,0.0,0.0,0.0,0.0,0.0,0.0,0.0,0.0,0.0,0.0,0.0,0.0,0.0,0.0,0.0,0.0,0.0,0.0,0.0,0.0,0.0,0.0,0.0,0.0,0.0,0.0,0.0,0.0,0.0,0.0,0.0,0.0,0.0,0.0,0.0,0.0,0.0,0.0,0.0,0.0,0.0,0.0,0.0,0.0,0.0,0.0,0.0,0.0,0.0,0.0,0.0,0.0,0.0,0.0,0.0,0.0,0.0,0.0,0.0,0.0,0.0,0.0,0.0,0.0,0.0,0.0,0.0,0.0,0.0,0.0,0.0,0.0,0.0,0.0,0.0,0.0,0.0,0.0,0.0,0.0,0.0,0.0,0.0,0.0,0.0,0.0,0.0,0.0,0.0,0.0,0.0,0.0,0.0,0.0,0.0,0.0,0.0,0.0,0.0,0.0,0.0,0.0,0.0,0.0,0.0,0.0,0.0,0.0,0.0,0.0,0.0,0.0,0.0,0.0,0.0,0.0,0.0,0.0,0.0,0.0,0.0,0.0,0.0,0.0,0.0,0.0,0.0,0.0,0.0,0.0,0.0,0.0,0.0,0.0,0.0,0.0,0.0,0.0,0.0,0.0,0.0,0.0,0.0,0.0,0.0,0.0,0.0,0.0,0.0,0.0,0.0,0.0,0.0,0.0,0.0,0.0,0.0,0.0,0.0,0.0,0.0,0.0,0.0,0.0,0.0,0.0,0.0,0.0,0.0,0.0,0.0,0.0,0.0,0.0,0.0,0.0,0.0,0.0,0.0,0.0,0.0,0.0,0.0,0.0,0.0,0.0,0.0,0.0,0.0,0.0,0.0,0.0,0.0,0.0,0.0,0.0,0.0,0.0,0.0,0.0,0.0,0.0,0.0,0.0,0.0,0.0,0.0,0.0,0.0,0.0,0.0,0.0,0.0,0.0,0.0,0.0,0.0,0.0,0.0,0.0,0.0,0.0,0.0,0.0,0.0,0.0,0.0,0.0,0.0,0.0,0.0,0.0,0.0,0.0,0.0,0.0,0.0,0.0,0.0,0.0,0.0,0.0,0.0,0.0,0.0,0.0,0.0,0.0,0.0,0.0,0.0,0.0,0.0,0.0,0.0,0.0,0.0,0.0,0.0,0.0,0.0,0.0,0.0,0.0,0.0,0.0,0.0,0.0,0.0,0.0,0.0,0.0,0.0,0.0,0.0,0.0,0.0,0.0,0.0,0.0,0.0,0.0,0.0,0.0,0.0,0.0,0.0,0.0,0.0,0.0,0.0,0.0,0.0,0.0,0.0,0.0,0.0,0.0,0.0,0.0,0.0,0.0,0.0,0.0,0.0,0.0,0.0,0.0,0.0,0.0,0.0,0.0,0.0,0.0,0.0,0.0,0.0,0.0,0.0,0.0,0.0,0.0,0.0,0.0,0.0,0.0,0.0,0.0,0.0,0.0,0.0,0.0,0.0,0.0,0.0,0.0,0.0,0.0,0.0,0.0,0.0,0.0,0.0,0.0,0.0,0.0,0.0,0.0,0.0,0.0,0.0,0.0,0.0,0.0,0.0,0.0,0.0,0.0,0.0,0.0,0.0,0.0,0.0,0.0,0.0,0.0,0.0,0.0,0.0,0.0,0.0,0.0,0.0,0.0,0.0,0.0,0.0,0.0,0.0,0.0,0.0,0.0,0.0,0.0,0.0,0.0,0.06122164099794099,-0.0017157830218264554,6.90648213351437e-5,0.00039448717323949676,1.0738387337912687e-11,-1.251280645957155e-8,-0.0011936392135616512,4.671989940226024e-8,-3.747916153825126e-10,0.00046983242294118186,1.6494832425999287e-5,3.857089566854446e-6,2.492022446730285e-9,-0.0008805418200011601,9.067731565588588e-9,5.485901516607952e-7,-1.8790049735516002e-6,0.001366254978935354,3.249308712639719e-9,0.002804163363271616,-2.5691800475407697e-7,-1.1774118488058224e-6,-3.178437554552565e-7,7.343000302603376e-7,1.2650097986329377e-6,-8.431712344784094e-7,-0.0013811897625446812,0.00028052214514873283,-0.00017055191980091115,-4.649850629186685e-5,3.88782432336855e-6,-0.0023120433925861985,2.067147305605331e-9,0.013000262205676546,1.2537259739837745e-5,7.172464849710443e-5,-1.8819975709684418e-5,2.4062088594613224e-5,-3.742700203734711e-5,1.762866077682266e-7,-8.682431085885584e-7,-5.473759007838227e-6,-8.90178531537303e-5,-1.5866359959150235e-8,-4.029673170468618e-5,5.0539725731862e-5,-1.7549472344181304e-9,-1.6608532867593909e-6,1.1451823927410506e-8,-1.7662292387281973e-5,-1.6443079001012448e-8,0.004237493900336352,-2.3570986574728307e-6,-2.6513907266824292e-5,0.0006224299537516904,-8.818079267285007e-7,-9.055597248643372e-5,1.9886870147610886e-7,-1.707982853545854e-6,-1.1076747628362078e-5,-4.06075144564895e-5,-0.00011147139509735447,-3.789852969522493e-9,-4.745773316145119e-9,-1.1240555625812708e-6,4.9653289487425595e-5,-0.0010928299573193115,5.109186857633483e-7,5.8778914768387855e-6,-4.245840967789125e-9,-0.002896505312628305,-3.89843903408126e-5,0.00018437976010792108,2.3218100499921973e-6,9.150963182277791e-7,-4.144002601118879e-9,-0.0010684155514739007,3.388150991633687e-8,1.7918574003614243e-5,-7.872240518686413e-7,4.148566265151933e-6,-8.620424813543774e-9,-8.376495558894172e-7,-4.607711267919331e-6,1.8580198293063757e-5,0.000248637925904788,3.712874266893611e-9,-1.6272727040108692e-5,5.820192985466015e-7,6.097255097465119e-6,9.423085595123365e-6,-1.7348806804648957e-7,0.00024590891870168377,5.69288607711708e-5,-2.400912233146244e-9,-2.192462260242899e-5,-0.0033945368273038323,-2.5524033922466112e-5,7.31565865214069e-7,-3.2751675897574957e-6,8.127879964383072e-6,0.00010767563198228565,0.0006698595687355868,0.0005993597082850855,-0.01072948534783106,0.008492197393521562,-5.819292831687382e-7,8.236508124526618e-8,-8.136368470329655e-7,-4.301867083827506e-5,-3.382233877676527e-8,-0.005771649537586098,-7.272779828403108e-5,-0.00146970568156341,-0.0003298501602989989,0.007419831080508127,4.5171594317533865e-7,-3.018386263652692e-5,6.290598855995171e-6,0.00015857657201238004,1.380999062282599e-6,-0.00033891056916077054,0.0008208591853906797,-1.4703740449611144e-7,3.1655058720870294e-9,-0.015406210740757192,2.5195267176971077e-6,-6.570749312026881e-9,2.928677428288054e-7,-1.7911976291846704e-7,-4.916290560947309e-7,-5.4129509411691985e-6,-4.887619156152538e-6,-6.088082743832688e-5,-2.72575544075456e-5,-0.006079595511210065,-4.321819695016862e-6,2.1827805903391634e-8,3.3683050899219296e-8,3.115176455015353e-6,-0.002090372858530379,-5.064645085169082e-9,3.731476758152399e-7,-0.008709314489722664,-2.6125044116851027e-7,0.0011156011871652134,-0.0003847308096269628,-7.1517120019976e-7,6.267173286419184e-5,1.6893742857825366e-7,0.007917951966714708,1.658744035760046e-8,-0.0001205867924277268,-0.001168491792521449,2.4373694581806677e-7,0.013711744266470378,-2.4860245435716277e-7,4.346682498746785e-9,3.4084338761233434e-7,-7.365668158498865e-7,6.422883681805564e-7,-0.005461595899024915,0.0023092847197984227,7.935721094046173e-8,1.781124097720244e-8,1.0256051896527463e-5,-8.419700698570289e-9,0.004554543208317272,-6.358429448565641e-7,-1.9076889950807645e-9,-7.971628305774983e-5,-4.311974433678803e-5,-1.9934307951133403e-8,-1.5708431839942916e-6,-0.0099208484717627,-8.671466808720084e-7,-5.433058269265242e-6,-2.287290973748645e-6,0.0013781041457281433,-0.0005318777488642582,9.91721841564e-10,4.086740422728796e-6,-2.325427764323083e-5,-5.19330444530253e-8,0.00010248594503683608,-5.901571414910379e-5,-0.0041669364066795785,0.001470084536370494,0.004613059726729225,3.7743447467129004e-5,3.694948385009145e-7,1.9478779739841727e-5,-0.0003370977651832188,-0.009117571237655508,-3.425411527130366e-9,-5.8603053969907476e-8,-2.1124463679948323e-7,-6.457109135061732e-7,8.066193147027337e-6,1.108202358002885e-9,-6.444607263707893e-10,7.711676222880817e-5,-3.073152686099192e-9,1.5563955202011716e-7,-0.00036687801793957035,-0.0004659755345224848,8.087472420687775e-5,-0.00010118803594857793,8.085198091733355e-5,-0.0013090555588452962,3.3922767657166393e-9,3.923248066927752e-7,-0.0003888608460302495,0.001081406286351105,0.0005126804918012761,0.0017313676104871306,9.945763219520312e-9,-1.3642685424409713e-9,-2.520277703706127e-7,1.286979119252837e-6,-7.315408727690712e-8,0.0003821641731665908,-2.4487295143813357e-7,8.942922110247963e-7,-0.0014608203028004176,-0.004045323005023279,6.692081060512524e-7,0.0007621573506569765,1.5886649443909003e-7,-2.6257173127489325e-7,3.6108781633216988e-9,-5.753469341207292e-6,-0.003084574881208701,0.004347253469985228,-0.00027160104184485517,-1.884493901325379e-5,-2.939710151678812e-7,9.640468880731927e-5,-3.480543837184848e-8,2.2274467551878733e-9,-9.353238672832991e-5,3.4023397505517434e-7,-0.00030676916913465905,-4.900854544926484e-7,6.920950832275298e-10,-0.00023427357132030843,0.0008456236726401149,0.000735151586369684,-3.591896857984163e-6,-0.00022725504044322263,0.0003133192599199287,-4.278338166278526e-7,-5.5530350550960694e-6,4.6830372520031305e-5,0.00017916198181141974,0.000699391175692767,-2.4047692518772513e-5,0.0012487809661729044,-9.319811367891842e-5,1.7811715004550246e-5,-0.004246638435378676,1.0254469211329989e-7,-0.00022732924864904034,-1.4746552660972061e-6,1.1480846349819187e-8,-4.9470556768224256e-5,-1.4168626344287037e-7,-0.014614475058721555,1.0760887980347874e-9,-1.2325794083442407e-7,-2.3350765764870186e-6,-1.491851523895894e-6,-6.180587716640676e-6,3.0881216504699486e-8,-3.839262563280532e-8,-1.543622527718832e-5,0.00015222860000539448,1.6409463888230287e-5,-0.0021928414151292292,-5.260687628211839e-5,-4.487513097157796e-9,9.538016735573513e-5,2.0553660320369064e-6,-9.00567069134349e-5,4.4342098196957215e-6,0.013676970836432026,6.366283941961566e-7,-1.9518761155820063e-5,0.0019512099395609106,-0.0026802702355744755,8.997622967630556e-7,1.4855517439298903e-5,-9.79868516371555e-5,-3.0087806619047493e-6,-0.0001781826990492096,-1.75987477879357e-6,-2.7846479471334774e-5,-1.5926249113562458e-8,-0.0005888834067108794,-3.6939846510692116e-5,1.7984721317305385e-7,3.2704715414479697e-8,-0.00716160898273043,1.0117493429750834e-5,5.699390320183286e-5,-1.9925594420887904e-8,-5.134083916008413e-9,-0.0002759776001486163,0.0030007222279058708,-9.337760765540452e-5,-4.166291400326962e-7,2.1169120636979208e-7,-0.00451447788341275,1.479787852173213e-9,6.065820002616345e-5,-3.816876469087001e-7,5.035323046768119e-8,-6.279554076883249e-5,-1.4737689585502635e-6,-0.0007243672805637925,0.0008556444172391518,6.763283428020149e-5,1.2890662550039501e-9,-1.2476044155418895e-6,-0.0010243308104560232,-0.0008811062936713403,1.178487611593373e-6,-4.4764016210958035e-6,-0.00015396074024872904,0.0005639576855642803,-8.798676996318932e-9,-1.4214755243494716e-9,5.267034549327295e-9,-0.0019523861572188028,-8.946058349543352e-10,8.528742948928535e-5,7.388129437837013e-5,0.0006826048664768135,4.3733600610631506e-7,0.0025218953121963618,-2.4205981694866073e-5,-7.093531032865905e-10,0.0023297941599056625,-0.0007100136810053252,-0.0035124191351226033,-7.3335581861354915e-6,7.729871028799907e-7,-9.457976168059675e-8,-2.394171275443066e-9,-0.0006857999560614913,-1.6175082301345806e-6,-0.010112831043244652,2.0570520569242115e-6,-1.583638599132873e-6,-1.2656166193766534e-6,0.013687582603341807,4.467697599129711e-9,0.0037724190593143355,2.8851095667013427e-5,-1.8337071349788634e-6,0.00019981326789491924,6.848889854803195e-5,0.00015081794201982649,-0.0005493166505536084,-5.647560968737678e-7,-5.4994865138646175e-8,6.831492385039298e-5,0.0017510442199434322,-4.66332433387054e-7,1.2150283877404853e-5,-1.4226654135264098e-7,-5.941658172436804e-6,-4.0537545554225495e-5,2.8326210518321844e-7,-4.12398446720422e-7,-9.418055529159492e-7,-0.00016587911501106032,0.000241140138913712,-1.1616237325188988e-7,8.14087727816155e-7,-8.492871739231292e-8,0.0017235113984251566,3.3009456427780074e-5,-1.3577429023193046e-7,0.0004755666681780766,-0.0007198746978356463,6.450764546371934e-5,0.0006421494447273965,1.198950629027762e-8,4.9300091885554506e-9,-8.790922178895713e-5,-0.0004497321180800817,0.0015250637231096938,5.162923676579941e-8,0.004276489846384363,-7.28155797413619e-5,-0.001079529839303231,-3.957724233568748e-6,1.4688420437761944e-5,-5.97273530238776e-6,2.4787689421231792e-5,-0.00020106830464005864,6.566694263746917e-5,0.001170983165875163,-5.0689814396832824e-5,-8.104161945155746e-9,-3.8842575707210736e-8,1.0343612944778583e-6,0.0015410489322497242,2.985788145299012e-9
0.0,0.0,0.0,0.0,0.0,0.0,0.0,0.0,0.0,0.0,0.0,0.0,0.0,0.0,0.0,0.0,0.0,0.0,0.0,0.0,0.0,0.0,0.0,0.0,0.0,0.0,0.0,0.0,0.0,0.0,0.0,0.0,0.0,0.0,0.0,0.0,0.0,0.0,0.0,0.0,0.0,0.0,0.0,0.0,0.0,0.0,0.0,0.0,0.0,0.0,0.0,0.0,0.0,0.0,0.0,0.0,0.0,0.0,0.0,0.0,0.0,0.0,0.0,0.0,0.0,0.0,0.0,0.0,0.0,0.0,0.0,0.0,0.0,0.0,0.0,0.0,0.0,0.0,0.0,0.0,0.0,0.0,0.0,0.0,0.0,0.0,0.0,0.0,0.0,0.0,0.0,0.0,0.0,0.0,0.0,0.0,0.0,0.0,0.0,0.0,0.0,0.0,0.0,0.0,0.0,0.0,0.0,0.0,0.0,0.0,0.0,0.0,0.0,0.0,0.0,0.0,0.0,0.0,0.0,0.0,0.0,0.0,0.0,0.0,0.0,0.0,0.0,0.0,0.0,0.0,0.0,0.0,0.0,0.0,0.0,0.0,0.0,0.0,0.0,0.0,0.0,0.0,0.0,0.0,0.0,0.0,0.0,0.0,0.0,0.0,0.0,0.0,0.0,0.0,0.0,0.0,0.0,0.0,0.0,0.0,0.0,0.0,0.0,0.0,0.0,0.0,0.0,0.0,0.0,0.0,0.0,0.0,0.0,0.0,0.0,0.0,0.0,0.0,0.0,0.0,0.0,0.0,0.0,0.0,0.0,0.0,0.0,0.0,0.0,0.0,0.0,0.0,0.0,0.0,0.0,0.0,0.0,0.0,0.0,0.0,0.0,0.0,0.0,0.0,0.0,0.0,0.0,0.0,0.0,0.0,0.0,0.0,0.0,0.0,0.0,0.0,0.0,0.0,0.0,0.0,0.0,0.0,0.0,0.0,0.0,0.0,0.0,0.0,0.0,0.0,0.0,0.0,0.0,0.0,0.0,0.0,0.0,0.0,0.0,0.0,0.0,0.0,0.0,0.0,0.0,0.0,0.0,0.0,0.0,0.0,0.0,0.0,0.0,0.0,0.0,0.0,0.0,0.0,0.0,0.0,0.0,0.0,0.0,0.0,0.0,0.0,0.0,0.0,0.0,0.0,0.0,0.0,0.0,0.0,0.0,0.0,0.0,0.0,0.0,0.0,0.0,0.0,0.0,0.0,0.0,0.0,0.0,0.0,0.0,0.0,0.0,0.0,0.0,0.0,0.0,0.0,0.0,0.0,0.0,0.0,0.0,0.0,0.0,0.0,0.0,0.0,0.0,0.0,0.0,0.0,0.0,0.0,0.0,0.0,0.0,0.0,0.0,0.0,0.0,0.0,0.0,0.0,0.0,0.0,0.0,0.0,0.0,0.0,0.0,0.0,0.0,0.0,0.0,0.0,0.0,0.0,0.0,0.0,0.0,0.0,0.0,0.0,0.0,0.0,0.0,0.0,0.0,0.0,0.0,0.0,0.0,0.0,0.0,0.0,0.0,0.0,0.0,0.0,0.0,0.0,0.0,0.0,0.0,0.0,0.0,0.0,0.0,0.0,0.0,0.0,0.0,0.0,0.0,0.0,0.0,0.0,0.0,0.0,0.0,0.0,0.0,0.0,0.0,0.0,0.0,0.0,0.0,0.0,0.0,0.0,0.05910923164039456,2.083581091162349e-5,0.00011463498670297054,1.990913850238441e-10,-5.148658297973458e-9,-0.0005376514869699908,5.681543004653876e-9,4.6367216519204905e-10,0.004267184293821618,5.508288614647364e-5,-7.47858848363564e-6,1.3557362786655416e-10,0.0035957188958686418,9.335805483177412e-10,4.434813883365609e-6,5.666099414291021e-9,-0.0002623104135464683,-1.649663569608582e-10,0.00012098933181792579,-1.312467858527692e-6,1.3874080926394592e-6,1.1834121044285045e-6,-4.812710572577159e-8,4.3866477477777755e-6,-1.2399332495639015e-8,0.0016189736236196604,-0.002426541186847689,-7.588602096108672e-5,0.0007611937213276777,1.4388304664940335e-5,-0.009101151189349363,-8.303242771645724e-10,-0.0036867707727038673,1.0105224203546024e-5,7.954867689664304e-6,6.0592504331979396e-5,-7.7125573555984e-7,-0.0033222403311313417,-6.084605758469608e-8,2.1551368080566543e-6,-7.454886898914436e-6,0.0018484014389007345,-4.20521340763369e-9,-0.00020265852229995175,3.7065331752630695e-6,-6.182786255405875e-10,-6.370996224970349e-7,-3.4006538278066757e-9,-7.29359213581356e-6,-1.8098951125958492e-9,0.004055148179650165,6.435708511457468e-5,8.221960976359212e-6,0.0013827315777293868,-4.2602931624493436e-7,-1.5415370522099145e-5,-3.3306130156998493e-7,-3.1116568537018274e-7,-4.022343195876904e-5,0.00013017534881908097,0.00024324450180503076,1.4365018913599431e-9,1.0700870761666267e-10,-1.8445008062331896e-7,-5.263296386696989e-5,-0.019723769061958392,6.47686180946348e-7,1.642416949129141e-5,1.0611574374285617e-9,-0.0026556244806462933,0.00020394306306869309,-0.002065333724096839,1.3219420030630915e-7,-3.878501946152192e-6,3.880269920052855e-10,-2.557314728313199e-5,-3.6288995380870937e-9,-1.7167931603158914e-5,-2.541548973229151e-6,-5.449058435029757e-7,-9.244626844396446e-10,-2.3271780643119465e-6,2.22977903756606e-5,1.5726686011583116e-5,-0.0001593478064636775,6.070506633952335e-10,1.3530511288412136e-6,1.5161373765299988e-7,-6.315054187135778e-6,2.91387722548989e-5,1.5617393995333844e-6,-2.3170545252860783e-5,8.636282350655018e-5,1.7981478541837644e-10,-1.761797878349884e-5,6.286744969981186e-5,-5.486152742095721e-5,1.0862485220789328e-7,1.1741659784102148e-6,1.5744618519468235e-5,0.0005356805813409338,-2.492879453641473e-5,2.021395576838392e-5,0.0002635352795820567,-0.0005740263747934894,1.1397165355359773e-7,-3.975864208453123e-8,5.3914445593135e-7,-0.0009711666240843511,-5.998975849454698e-9,-4.62778807054772e-5,0.000507122128069161,0.0002858781373358868,-1.274557673549201e-5,-0.004113225040630534,-8.040327407600613e-8,-3.0762953186277105e-6,1.685373716880275e-6,8.985805599246875e-6,-2.6704027584399056e-6,-3.666660079860456e-5,0.0029796132584544543,-1.793333705466493e-8,2.099399317162647e-10,-0.0005122767528409238,-7.1433760825119056e-6,5.528575534375342e-10,-1.1763041804709213e-8,-1.0030457640040698e-8,4.155176795440327e-8,-6.363627551226823e-6,-1.9253621981353422e-5,0.00017946385953412472,2.260489872245937e-6,0.0036828525645644567,-4.805552883278458e-7,-4.4991700429038995e-9,7.240538527566413e-9,-3.2602050911543264e-7,-4.4867413610150946e-5,-8.145415257010952e-10,-1.2900738623562923e-8,0.0025679593831560567,-9.381340762589314e-6,0.0023600249364079937,-5.66333758971095e-6,-4.474969506644429e-8,6.251061609611397e-6,1.0678519391133861e-7,-0.0011217683285507664,2.0433329507574616e-9,-0.0010807745596463497,0.0011817362718753962,-1.1280261422546172e-8,8.430230825435392e-5,-2.788934047254155e-7,2.1037275750631343e-9,1.3917126401048873e-7,-1.3323871282014056e-6,1.2899740851478763e-7,0.0015117907256689813,-0.002975311283193874,5.396389600979718e-9,-6.4662264671920474e-9,1.5530644896519533e-6,3.005536667217591e-9,0.0008086813828385866,-1.3374813530507153e-5,-6.589706613149315e-11,-9.610274860166542e-5,2.1778442055666046e-5,-3.392293208089066e-9,-2.627399166446469e-6,0.0009126921788524536,1.0211159024795609e-7,5.191586151868048e-6,-4.968347947324631e-6,0.004676394951637656,-4.945986920781881e-5,-2.186377243445112e-9,-5.057827725932484e-6,-2.0317879122852524e-5,2.6866017087560124e-9,-0.00019150568093487317,-1.6999390628528297e-6,0.0037128932089231254,-0.0006368258609213731,-0.0006079650064083206,-4.538913481673839e-6,4.487499375080574e-8,1.4726147448708314e-6,-0.004274791457096204,-0.0041491344768864015,3.3544061401047123e-7,1.1881700829926747e-7,5.667806413605083e-8,2.1306339366664517e-6,8.919515202667821e-5,-2.663641889805408e-10,-8.579124286051242e-10,1.2323917230766751e-5,-1.784584677531705e-10,1.1133431819875955e-7,1.3317595065025832e-5,4.2233763766039624e-5,1.2110480059678288e-5,-2.016056327430996e-5,-0.0006155772337234414,-1.5727607426685742e-6,-1.4198386018082596e-10,2.6483465411545564e-7,6.176178031278847e-5,0.0003175934721712885,-0.005101627486407728,-0.014089132217791882,-5.604977524687195e-10,3.800996629147681e-10,-9.369435891654264e-7,9.281911185110758e-7,1.656785202467655e-6,-4.955609536988131e-6,7.832918777162228e-8,7.408548692773759e-8,0.00408448302437683,-1.769713144519244e-5,-1.1976649587896428e-6,-0.003039065678297042,0.0006364726440624786,3.259402611571709e-9,9.215751120605298e-7,2.506397464261495e-6,0.0003340791236257446,0.0008092559027912963,0.0008806546445718815,-8.273517847135284e-6,-1.3461939984181953e-7,1.878756798632745e-5,1.5746238769523092e-5,-3.786641138325067e-11,0.00091448353676257,-2.5585549829250672e-8,0.003269511710525613,-3.697609437282042e-8,-3.4565832594818923e-10,0.0007267879570397092,0.00021308161799600789,-0.0011019172326473395,-0.00381252219118422,0.0033151244823768026,-0.0004275418827827198,1.2054428015358113e-9,4.698457138320408e-6,5.447136815657428e-5,1.3979955273850467e-5,0.010775187861529792,8.430961523032679e-5,7.358321570289069e-5,-0.002013607895190771,8.481753812342002e-7,0.007512437882506752,8.105953923753891e-9,0.00016402658741158205,-7.407259451897311e-6,2.3173453040018675e-10,-4.423511764182887e-6,2.015343978047266e-6,-0.0011780697554394954,8.216225048655066e-11,1.2465598299552307e-9,-2.8357818679467774e-5,1.6998558634771405e-5,3.4069526129095196e-6,-1.8106277300569135e-9,6.009493101058245e-9,-9.582176583566927e-7,8.033184392051532e-7,2.2470548991045393e-5,0.00026113631768122185,0.00020213616777237423,-1.2368026480137077e-10,-0.0011120863126278986,-2.1714242844725123e-6,3.386677946228614e-5,-2.2925059242649362e-5,0.0011997689017081714,5.765001532553117e-9,-3.6130554508829287e-6,0.008595669387172126,-0.0026573923868127157,9.967315492221783e-8,1.5769907428728466e-5,0.00026507118696060864,-2.83852528221974e-7,1.7705339436353242e-5,-2.862035719057155e-5,-9.917734580780818e-6,-2.1496347724743724e-9,-0.002950175933563316,-2.5035854654057964e-5,-3.558145885739527e-7,1.0971493704764276e-5,-0.016144717454296062,-1.527046832621684e-5,4.895321461018331e-6,-5.1473796277592234e-9,4.193937431641468e-10,-0.0017357516092739202,0.0008363559995671976,-0.0001516424545136648,-5.351735289209492e-7,-2.709537450417411e-9,0.0004257055477281094,-8.652822340770137e-10,5.32583255749795e-6,2.886365769177734e-7,-1.9657782781699433e-8,0.0003155794414401269,5.120171276579428e-8,-0.0007269379161339223,-0.0027091352386429952,0.0007049784645082178,6.810661620625496e-10,2.811990851671741e-5,-6.350630712684953e-5,-0.0029587631420581128,-6.178308957266283e-6,6.236975351410185e-6,-2.1056605534417408e-5,6.596544714470476e-5,-1.799190364079187e-10,1.0431590030255483e-10,-4.7065859252291424e-11,0.00047461792712977447,5.586072602315697e-10,0.006916589725744895,-0.0010007838489330065,0.0003427523946100074,8.538509874779887e-6,-0.0005926797213414291,1.8021272243802272e-5,1.9360607702166546e-10,-0.0035034061156476067,-0.0006404540119843479,0.00022545474020531088,-3.886821959323925e-5,3.628197451676895e-5,3.746743500202958e-5,-5.022324371637053e-10,0.005396514161524859,-3.038456389423896e-7,0.0009996819439689365,-2.8347988600046083e-6,2.455037593759861e-6,-5.824300757139378e-8,-0.004426824217012852,-1.9047578657619345e-9,-0.0010606612963472526,-0.00011529660942524437,-2.3829720707836253e-8,0.00013144520652529887,-1.2155635900132023e-5,-0.0012855883178186443,4.8192021424999696e-5,-4.300034974243457e-7,4.215138213590827e-9,6.328157805333185e-6,0.030364315667115647,2.3322806104650487e-7,-2.118151458162394e-5,-8.880889908108189e-8,-6.867157485452074e-6,-0.00015552853123401947,-7.668025224246163e-7,4.065657065969472e-8,-4.403603451975132e-6,-6.294027032872587e-6,2.1586302543211224e-5,-3.255292106755211e-6,2.0726543725114238e-7,5.336707392790183e-9,0.00336904674450725,-0.00030284820354297483,-4.931532250984368e-9,4.5245269404294207e-5,-2.5810623332201937e-5,-0.002407100603288008,-0.0019871421174065583,-3.5171903429161543e-9,-1.8844331534839157e-10,0.0007169078808238657,-0.0023628401013447388,-5.364165583425294e-5,-1.0974576700727217e-7,7.490314954641455e-6,-0.0007231394210441043,5.885119193604196e-6,-3.3847463770709275e-7,1.1160082716967117e-6,-1.0506836925437157e-5,-0.00022521563094090796,-0.00018057400737002017,0.0005312378312697782,0.0002458348219518177,0.0012623191593155417,2.245060207216204e-9,-3.824348283730502e-9,2.71269375545982e-6,0.0007062558078370072,8.577777074744942e-11
0.0,0.0,0.0,0.0,0.0,0.0,0.0,0.0,0.0,0.0,0.0,0.0,0.0,0.0,0.0,0.0,0.0,0.0,0.0,0.0,0.0,0.0,0.0,0.0,0.0,0.0,0.0,0.0,0.0,0.0,0.0,0.0,0.0,0.0,0.0,0.0,0.0,0.0,0.0,0.0,0.0,0.0,0.0,0.0,0.0,0.0,0.0,0.0,0.0,0.0,0.0,0.0,0.0,0.0,0.0,0.0,0.0,0.0,0.0,0.0,0.0,0.0,0.0,0.0,0.0,0.0,0.0,0.0,0.0,0.0,0.0,0.0,0.0,0.0,0.0,0.0,0.0,0.0,0.0,0.0,0.0,0.0,0.0,0.0,0.0,0.0,0.0,0.0,0.0,0.0,0.0,0.0,0.0,0.0,0.0,0.0,0.0,0.0,0.0,0.0,0.0,0.0,0.0,0.0,0.0,0.0,0.0,0.0,0.0,0.0,0.0,0.0,0.0,0.0,0.0,0.0,0.0,0.0,0.0,0.0,0.0,0.0,0.0,0.0,0.0,0.0,0.0,0.0,0.0,0.0,0.0,0.0,0.0,0.0,0.0,0.0,0.0,0.0,0.0,0.0,0.0,0.0,0.0,0.0,0.0,0.0,0.0,0.0,0.0,0.0,0.0,0.0,0.0,0.0,0.0,0.0,0.0,0.0,0.0,0.0,0.0,0.0,0.0,0.0,0.0,0.0,0.0,0.0,0.0,0.0,0.0,0.0,0.0,0.0,0.0,0.0,0.0,0.0,0.0,0.0,0.0,0.0,0.0,0.0,0.0,0.0,0.0,0.0,0.0,0.0,0.0,0.0,0.0,0.0,0.0,0.0,0.0,0.0,0.0,0.0,0.0,0.0,0.0,0.0,0.0,0.0,0.0,0.0,0.0,0.0,0.0,0.0,0.0,0.0,0.0,0.0,0.0,0.0,0.0,0.0,0.0,0.0,0.0,0.0,0.0,0.0,0.0,0.0,0.0,0.0,0.0,0.0,0.0,0.0,0.0,0.0,0.0,0.0,0.0,0.0,0.0,0.0,0.0,0.0,0.0,0.0,0.0,0.0,0.0,0.0,0.0,0.0,0.0,0.0,0.0,0.0,0.0,0.0,0.0,0.0,0.0,0.0,0.0,0.0,0.0,0.0,0.0,0.0,0.0,0.0,0.0,0.0,0.0,0.0,0.0,0.0,0.0,0.0,0.0,0.0,0.0,0.0,0.0,0.0,0.0,0.0,0.0,0.0,0.0,0.0,0.0,0.0,0.0,0.0,0.0,0.0,0.0,0.0,0.0,0.0,0.0,0.0,0.0,0.0,0.0,0.0,0.0,0.0,0.0,0.0,0.0,0.0,0.0,0.0,0.0,0.0,0.0,0.0,0.0,0.0,0.0,0.0,0.0,0.0,0.0,0.0,0.0,0.0,0.0,0.0,0.0,0.0,0.0,0.0,0.0,0.0,0.0,0.0,0.0,0.0,0.0,0.0,0.0,0.0,0.0,0.0,0.0,0.0,0.0,0.0,0.0,0.0,0.0,0.0,0.0,0.0,0.0,0.0,0.0,0.0,0.0,0.0,0.0,0.0,0.0,0.0,0.0,0.0,0.0,0.0,0.0,0.0,0.0,0.0,0.0,0.0,0.0,0.0,0.0,0.0,0.0,0.0,0.0,0.0,0.0,0.0,0.0,0.0,0.0,0.0,0.0,0.05800700550853036,-0.0012582393462337027,4.526133786654173e-7,-8.649352483640183e-6,-0.00035232806983799585,1.0804984829597947e-5,5.911194279631168e-7,5.213208555594815e-8,1.4230275331090413e-8,-1.3718804444381945e-9,-6.236827990029229e-7,2.038400628835198e-7,1.3516609749775237e-6,9.459161382468242e-12,-7.170531085344232e-5,-0.0010872228067172582,-2.194796320208088e-6,0.0003771156345375655,1.7071624657793843e-10,9.89051897541768e-10,3.0137560849730104e-11,-5.770764194828374e-10,-2.652507207120971e-10,-0.00012093766294954819,-2.1875714387530097e-6,2.446464836746357e-7,0.007049373419525988,-2.2654154046182768e-7,-5.558249389670716e-8,-2.349280540846302e-6,-2.0619264094312025e-6,9.219107002838096e-6,-0.009267733840499625,-0.002552413334869768,3.0159587379166514e-8,-0.003162001475193167,6.23401835992977e-7,-9.545691978601962e-5,-8.052406427346475e-11,6.201266950393475e-10,-7.559186404297327e-7,6.677101573755039e-6,1.925086986783532e-8,0.0003761355633503488,-2.057748095512633e-6,6.010586124524995e-10,-3.824200849750214e-6,0.0019064170876379716,3.415219970741889e-5,-4.840372693737941e-6,-6.697730504059801e-9,-1.8396863381030876e-9,1.1322295793526753e-5,1.1732156634090405e-9,-0.004738652003723121,-1.9723462425550237e-10,-0.00017641682590773108,-7.3864682316142055e-9,-1.4209889203137218e-7,5.7739948027613303e-8,2.5445972199537006e-6,-7.154730661423247e-9,-4.557053991199101e-5,-0.0029078912241967763,1.4589522315313249e-6,0.0014616617620127966,1.0703961053406448e-8,-1.8247262289251388e-7,4.028124550174695e-6,-7.083776773069372e-8,4.476873624485587e-7,0.0005861742560423863,-3.4514364917907684e-10,6.81993369609995e-6,0.0005690177323467799,-5.0474400015140015e-6,-4.201159210639039e-9,3.9714825289766945e-10,-2.7514783302125324e-9,-7.642443184218159e-6,9.063019651185337e-10,-2.3356215263011877e-9,-1.7228680745728414e-8,4.3887323492639193e-7,-2.6090976632472297e-6,0.014708726093555731,0.0006079230207581157,2.2715963682605877e-9,1.1322304145983665e-8,-2.2667976892272027e-10,-0.005563590892168469,-1.5250627813246575e-8,-1.1533409209870791e-7,-0.018495122848717092,-0.0007293180416909198,1.1924445355549578e-8,0.0001610924328383338,0.004229147648889417,-1.2300242499343082e-7,-1.1404479780602672e-7,6.029655561226163e-5,0.00038134232577984923,5.01326474324441e-5,1.2207680330078911e-5,0.0004316722479994576,-8.218801608752392e-5,-3.904699133686206e-10,-5.519672235150704e-8,-3.5596350422444288e-6,3.86046704555666e-5,-1.646559910223886e-7,5.918197702575309e-5,-0.00558823542592714,-7.492149384264325e-5,-0.00022235585294454242,-0.02051741039105992,-0.0004993068197914467,0.0019459875148476091,-8.37445272445094e-10,-0.0005587744692978871,2.1775852880545245e-5,-4.836449365353393e-5,1.1277997396320766e-6,-9.356626835831813e-6,5.23985368186632e-9,1.382319308457729e-6,1.489601794223841e-6,-7.629347024748792e-5,-0.0009500151336960359,-0.0012294221958805162,2.6280910686607145e-9,-4.8709091979823655e-8,0.013286203577010259,4.0936998744972334e-5,-0.0021488910984372987,-5.596120644424828e-5,2.104399553374302e-5,-0.0027245160468493063,-0.00014708583050954756,1.7669507753911992e-6,-2.8860570729848098e-5,1.4877773262938264e-5,-2.3193112575064427e-9,4.695414802378614e-5,9.924571869039415e-5,-0.0001449448745695424,-0.009315494921027397,0.00035937386018990185,-4.455253183755255e-5,3.538546737496145e-6,-4.345601283157175e-7,-2.2369163851994896e-6,-9.522677208547669e-5,0.0003682061365460524,-0.0006678137946332427,1.7510701537327274e-6,0.00011014365547897822,-4.1409491850298906e-10,0.0005544939242230008,2.8987432429078245e-5,4.7765478068286314e-5,3.6324411863200825e-5,-1.679232391001379e-5,7.076280272406444e-5,2.0436474414988297e-5,0.00037572685466409915,-5.333082585991995e-9,3.8713706448345644e-7,2.0588922639132196e-8,1.0675257385823645e-8,-7.136015440949033e-6,1.61975810721212e-11,2.5509662907694557e-5,-0.001039342701000248,0.0041109770146994865,1.494005087106349e-10,5.00651211543685e-6,-0.004758877421669769,2.0249154779849167e-5,-1.0232361759979296e-9,1.2012762399736644e-10,2.211065370504481e-5,-9.415327071275192e-8,-0.0016836851958947454,-2.7978700021623967e-6,2.785781529369366e-5,3.693288519374911e-5,-0.01168835735048673,3.555659563662726e-5,-0.0042044327264143585,7.991861528644138e-7,-1.922222067290934e-6,-0.00014860947135876388,-0.0003436682173130676,0.00018578191582993754,2.849341142781626e-10,-1.2129413470441419e-8,-1.0786466406073048e-6,-6.576131308353162e-6,0.0007901618077607998,9.67736382905077e-7,0.0003107853863975795,0.002525715792332589,-6.850842268377966e-5,0.021461236093336025,0.013540247010808857,2.8050486063507534e-7,0.00020265872639186434,-1.3737994376840424e-7,-2.7910641768148254e-10,0.002588028920535407,6.024476258104445e-5,1.6020415345309511e-6,-6.638534260961257e-7,-5.197505753062225e-6,1.727152979530252e-6,9.291992304825619e-11,-2.8080176689814956e-9,2.9937610261765653e-10,-0.0003241542925290068,0.00014866933848796778,0.0003168112906011374,-2.9272404609173536e-7,4.149662547911809e-6,2.0095208796204746e-10,-5.020109803025433e-6,-4.2240365609112047e-7,-0.0003365900232304511,3.5825097184513474e-11,0.009612063815124854,1.3978071654395148e-5,0.00010578390342912666,-6.766369042979744e-8,0.0031450962644569425,-0.0003757432334176594,0.0025401655444366547,-2.27317379153843e-9,-3.1184544255604453e-7,-4.301531083784062e-7,2.4353875158705503e-5,-1.863069709878993e-7,-1.8709024488689664e-5,-2.2803752585288917e-7,2.8410066383050086e-7,0.00023414999594586507,-2.7252815670892838e-6,-1.9388829770004575e-7,1.2771504352737449e-5,-5.602298828971082e-6,-0.00012524845004698067,3.4570055674863703e-9,-1.3597812813949052e-9,0.0012767584622161647,-1.2203840848025477e-6,5.576617633128339e-8,0.00035620613863794376,1.371894587142194e-6,-0.0010914112720272783,-1.7773251271873257e-5,2.4828113375528418e-5,0.0005286080391544606,-2.7617211814251356e-9,2.0298770244683363e-6,2.145687748098399e-9,-2.7170226019630256e-10,-7.071148098950352e-5,-1.7065505328306594e-6,-7.584601913776339e-7,-8.238116551292575e-9,3.403459861351105e-8,0.0053210801031597366,-1.0263062913894892e-5,3.4024034083039416e-6,-0.001480889137284159,0.0035149855984029496,-2.8204260436105603e-9,0.00040982925537994105,1.913466404238877e-8,3.291888651131211e-6,5.1761521493884e-6,-0.001822345043784798,0.014781574626750586,8.904000029338255e-9,-1.923513052461828e-5,1.4756789716855229e-5,-0.013616762089898104,6.785606563438334e-6,-2.7350752671605454e-6,0.00012258771780769448,-7.045876537197629e-9,-5.1651774647132774e-8,-0.0011614076722527842,0.006268486194244871,-0.0014170500487928602,-0.008261856239355039,-8.283959319898262e-7,4.849345985062273e-6,-0.002512919897420479,8.499203363205032e-11,-3.417186453312262e-9,-1.2722351605321697e-5,3.892835800114791e-9,0.013924377615280549,-4.305716127267605e-6,5.569298296353362e-7,-9.904211846112112e-7,-1.0312952415293452e-6,7.997802835682598e-8,-8.392162725907522e-11,4.943293656129063e-5,1.0652469455619018e-5,-4.7415461806485775e-7,-0.0018895060026853368,0.0018283199282500523,-8.563287321975818e-5,6.423627162995084e-8,-0.000841302615786453,1.5047125517077056e-6,-5.098198907924669e-6,7.465396351085702e-9,6.899492489732043e-7,6.445366823308989e-9,0.00023512044004291588,-1.675521503174499e-8,-1.1278051356898566e-9,-1.9861614319153587e-9,-0.001314901828238942,0.0033491857843672614,2.074156649838772e-6,8.670115473209544e-8,-1.6139849567921592e-6,-9.11698207087794e-7,3.6788434580819417e-6,-2.4077429427926335e-6,2.1411477909740818e-7,-2.9480320831991244e-7,-1.063568525303225e-9,0.00014964083064836765,-1.8124220290646405e-9,2.9061322601751265e-7,-6.274654447372971e-6,1.8767549477670474e-7,-0.00022775507589443267,-2.261189649070447e-9,-3.4866807231843816e-9,3.4405105044778023e-9,-5.163168782013687e-7,-2.0059448292744637e-6,0.0003210135511586372,0.00018804605139959222,-1.712792075870201e-9,-0.0033509673385505993,0.00011819402715457426,-1.4125390564397748e-5,2.552469382111498e-6,2.356012468504348e-5,-7.735105830515938e-8,0.0006326121680137922,0.0017382835105834453,0.004352234122788266,-8.799133231831711e-8,-0.0007888789974023339,1.7728730649330914e-10,-1.141626185327801e-5,-0.0010016736325916124,1.5676430096712686e-6,0.0005156109888377244,-1.3992481423634122e-8,-0.000248434562547524,-1.508473040545843e-8,1.8863123332429334e-8,1.1370701917505723e-10,0.0001083677210804108,-0.002587239956351024,-0.0027821333004272425,0.0008778590633541518,6.363667910505151e-10,0.0006266194787290137,-1.1124538033874291e-5,6.422729538935147e-5,1.4249835848124332e-7,-1.6627278352771983e-5,0.002604117771135698,-0.0012287257840291087,1.7104409247825068e-6,1.0461393064730208e-6,-6.1578812128600205e-6,1.1371849162887065e-6,-3.3468776226939705e-7,-1.671418874059766e-6,-8.162487355736248e-5,-6.94435748222766e-5,0.0006005143278357773,7.511608109311731e-8,0.0010323402393248378,0.0020386769061108956,0.0007920439354046796,4.11087079828295e-9,7.909915452045326e-8,-3.503241326217874e-7,-1.515468235432764e-6,-7.616138988851449e-6,-1.1542941388494398e-7,-4.952056589385994e-6,-1.1987423047941414e-5,6.186536124290611e-10,2.870807392838528e-5,-4.508598149166181e-8
0.0,0.0,0.0,0.0,0.0,0.0,0.0,0.0,0.0,0.0,0.0,0.0,0.0,0.0,0.0,0.0,0.0,0.0,0.0,0.0,0.0,0.0,0.0,0.0,0.0,0.0,0.0,0.0,0.0,0.0,0.0,0.0,0.0,0.0,0.0,0.0,0.0,0.0,0.0,0.0,0.0,0.0,0.0,0.0,0.0,0.0,0.0,0.0,0.0,0.0,0.0,0.0,0.0,0.0,0.0,0.0,0.0,0.0,0.0,0.0,0.0,0.0,0.0,0.0,0.0,0.0,0.0,0.0,0.0,0.0,0.0,0.0,0.0,0.0,0.0,0.0,0.0,0.0,0.0,0.0,0.0,0.0,0.0,0.0,0.0,0.0,0.0,0.0,0.0,0.0,0.0,0.0,0.0,0.0,0.0,0.0,0.0,0.0,0.0,0.0,0.0,0.0,0.0,0.0,0.0,0.0,0.0,0.0,0.0,0.0,0.0,0.0,0.0,0.0,0.0,0.0,0.0,0.0,0.0,0.0,0.0,0.0,0.0,0.0,0.0,0.0,0.0,0.0,0.0,0.0,0.0,0.0,0.0,0.0,0.0,0.0,0.0,0.0,0.0,0.0,0.0,0.0,0.0,0.0,0.0,0.0,0.0,0.0,0.0,0.0,0.0,0.0,0.0,0.0,0.0,0.0,0.0,0.0,0.0,0.0,0.0,0.0,0.0,0.0,0.0,0.0,0.0,0.0,0.0,0.0,0.0,0.0,0.0,0.0,0.0,0.0,0.0,0.0,0.0,0.0,0.0,0.0,0.0,0.0,0.0,0.0,0.0,0.0,0.0,0.0,0.0,0.0,0.0,0.0,0.0,0.0,0.0,0.0,0.0,0.0,0.0,0.0,0.0,0.0,0.0,0.0,0.0,0.0,0.0,0.0,0.0,0.0,0.0,0.0,0.0,0.0,0.0,0.0,0.0,0.0,0.0,0.0,0.0,0.0,0.0,0.0,0.0,0.0,0.0,0.0,0.0,0.0,0.0,0.0,0.0,0.0,0.0,0.0,0.0,0.0,0.0,0.0,0.0,0.0,0.0,0.0,0.0,0.0,0.0,0.0,0.0,0.0,0.0,0.0,0.0,0.0,0.0,0.0,0.0,0.0,0.0,0.0,0.0,0.0,0.0,0.0,0.0,0.0,0.0,0.0,0.0,0.0,0.0,0.0,0.0,0.0,0.0,0.0,0.0,0.0,0.0,0.0,0.0,0.0,0.0,0.0,0.0,0.0,0.0,0.0,0.0,0.0,0.0,0.0,0.0,0.0,0.0,0.0,0.0,0.0,0.0,0.0,0.0,0.0,0.0,0.0,0.0,0.0,0.0,0.0,0.0,0.0,0.0,0.0,0.0,0.0,0.0,0.0,0.0,0.0,0.0,0.0,0.0,0.0,0.0,0.0,0.0,0.0,0.0,0.0,0.0,0.0,0.0,0.0,0.0,0.0,0.0,0.0,0.0,0.0,0.0,0.0,0.0,0.0,0.0,0.0,0.0,0.0,0.0,0.0,0.0,0.0,0.0,0.0,0.0,0.0,0.0,0.0,0.0,0.0,0.0,0.0,0.0,0.0,0.0,0.0,0.0,0.0,0.0,0.0,0.0,0.0,0.0,0.0,0.0,0.0,0.0,0.0,0.0,0.0,0.0,0.0,0.0,0.0,0.0,0.0,0.0,0.0,0.0,0.0,0.0,0.0,0.05766962748669007,-2.1842600295177175e-8,1.1423719539702227e-6,-0.0037688503352519965,-4.618310787535824e-7,-1.687506993809227e-8,-5.260490553452676e-6,2.6999708279023215e-7,-1.8955497751298987e-8,-4.7770242270537434e-8,-8.769964977812624e-6,-4.583616905845036e-7,-5.9453250545185706e-8,-2.707719881140872e-5,0.0013580004745810616,1.646739890918603e-7,0.013168450865256481,9.124324841531804e-9,2.629872578756054e-9,-5.45495722415212e-9,-1.3341562344631115e-8,-5.511078895844646e-8,4.6645377770547664e-5,5.0405252675717605e-5,-1.5545614409044276e-5,-0.018522766430754876,-1.1236718222078576e-5,-1.335042356101024e-6,-0.00013886828081330018,8.538547121623088e-8,-0.0005245976463476614,-0.0008667668171085881,-1.120425589465282e-5,-1.4276421794014197e-7,-0.0014099346533624497,1.4302206993358634e-5,-1.699287916076115e-5,6.906484455471594e-9,1.642324281543569e-7,-2.781252263309667e-6,-4.830525069722552e-7,-4.465246535458158e-7,-0.0009892719053978117,2.8275204052804733e-7,3.150782058382826e-8,-7.091817816557987e-7,-0.002968818154132078,-4.960166655228599e-6,7.420742782018019e-5,-5.80747239883106e-7,5.1600470029139e-7,0.00415144107376934,1.3793583254639596e-8,0.009855195102560936,1.2944920183344981e-9,-1.0122938524263707e-5,-2.9907583524509573e-9,6.349321924601187e-6,3.332526941799455e-6,4.5504837810537543e-7,3.1755095457521955e-7,1.7833557308826926e-5,0.004174532270480147,3.7624549380202454e-5,0.00044693940539477817,-6.50885854489138e-8,4.5090754953901567e-7,2.9797044162338723e-5,3.5381501661004023e-6,1.484624636331131e-6,-0.00015672919182508062,-3.570621398235189e-8,-9.756672053479973e-7,-0.008520090018917691,2.43008969342009e-6,5.2967063384067003e-8,-8.47361377298979e-9,2.967099398316741e-8,-3.803668337050828e-8,2.0488402217187724e-9,1.8608538350773982e-7,-4.2172494609359004e-7,-5.442676914980386e-6,3.983774702770236e-8,-0.0005333545006287964,-2.6037571457699823e-5,-7.116510087984533e-8,1.1913002182063951e-7,1.5120346472989087e-8,-0.006053691721558473,-6.960640112426223e-7,2.0781192015008917e-7,-0.0005902785992817382,0.0046991127113194045,1.0619101493997803e-6,-1.149795469114435e-5,0.000204756049292753,5.691936025165695e-7,-6.60198568062559e-7,-0.003584650767780092,-0.03461565370918822,0.004004276513777689,2.8630245239597895e-5,-5.308645566566488e-5,-5.902131925072031e-6,-1.841773337452087e-9,4.493315959029557e-6,1.1232581377070681e-6,-0.0006086615060653034,3.5242494170161407e-7,-0.0003143352847286155,-2.7135264646387687e-5,0.00036747521109426726,8.826076429967091e-7,-0.0009434179585107636,2.2917782775060205e-5,-0.003124741241411738,-2.3127503706526217e-10,0.0020988582316758242,-0.00015358770178332303,5.734111805072602e-6,-4.4148348467816284e-7,-0.0018985243144500979,1.267161703091625e-7,3.7413665564936365e-7,-7.117837295740416e-6,8.825786138501298e-6,4.7938401078022635e-5,0.005379902012920122,-1.6794463442632193e-7,6.60870972560772e-6,0.0008251864492592906,-0.0002265930892704646,-6.413444289411624e-5,3.368183199848708e-6,-7.168081722191856e-6,-0.000134642279793963,-0.0009141235365681575,-5.865269332362773e-7,-3.3503524457291517e-6,-2.5101083404217187e-6,5.830406271417007e-8,0.00012640203339390826,-0.007730719831901751,3.48108580401341e-5,-0.00484277274976398,-2.9392531010025534e-6,0.00013210786745498159,-1.4885737560440084e-6,-1.3424386251824985e-5,7.345009661850663e-6,-4.377034762553589e-6,0.0020955177907171813,-1.5378795407975563e-5,1.4999899841561051e-6,1.9457239316592876e-5,6.137714850443907e-9,2.9468784799820508e-5,-6.324896655395356e-5,-0.0002580947924348507,-4.934924248581991e-6,-2.758325911248005e-6,0.0004520707515824117,1.3475196711639194e-6,-0.0003337762441892362,-1.0939119002887164e-7,4.365402149672099e-8,2.23743021862894e-6,7.844893055384208e-7,8.758980558543557e-7,7.823250849051111e-8,0.0019126513703381798,0.0006572177194190479,0.0019572617085142404,4.649081889412961e-8,-8.924326497095127e-6,0.004575151752911076,-2.89119900220839e-6,-6.065444946748705e-8,8.734782694994016e-7,-2.0692211208055427e-6,1.3905497133141074e-6,0.000504539669162151,-2.2192451511908164e-5,-0.01025809467467067,-0.0022768030778975916,0.0004634448779944831,-3.625624501203301e-5,-0.00023798759762700674,4.103120981751268e-5,0.0001211005996125701,0.00018677622656719617,0.00012391281451751935,2.988946545368925e-6,-1.9532783788725846e-9,-3.9669281362621504e-6,6.86977902223328e-8,1.3667435407549183e-6,-0.006748063049967614,-2.3483013518527705e-7,4.3309768766414075e-5,-0.00892110311818407,-0.015553623880107023,-0.0009915163249615598,0.0015213155467292438,6.514395237591346e-7,0.0009866302943302562,-8.645747753721267e-8,-1.0522923746037734e-8,0.00015442579827989659,-0.001389907769733821,-2.1988318012140788e-5,4.429831779422101e-7,-2.8764977196005544e-7,-9.653757408296614e-9,1.6901781149565695e-9,-1.0451385707476233e-7,-2.7430754774777755e-9,-0.003865909517939746,5.184871164011851e-6,-4.8953005766255925e-5,-1.1271279420415824e-5,-5.401517710314983e-5,1.0027555523818991e-8,-8.95852590959047e-5,-5.663669379521794e-6,-3.79985861276898e-5,4.665011415532479e-9,0.0004933364199875905,-0.0015731779242642563,0.0015198324897987589,-7.698953184726533e-7,-0.0014859615924716699,-6.382385521783691e-5,0.0018716770553876302,-6.243570184755302e-8,-1.0462238049560263e-7,-4.630263882799085e-6,-1.363832089262067e-5,-6.667157090404077e-6,-8.97373407594901e-6,-7.341165979860854e-8,-5.168376880635051e-6,0.02366933737402771,1.0701103371658343e-5,-7.69828725285305e-6,0.00193240620545447,-0.000494277173781155,2.716562571734729e-5,9.184583384025567e-8,-5.661837662919122e-7,-0.0062896642545984035,-5.164921655977417e-5,-2.1138198039955623e-8,0.000746486854253635,-7.48094162379354e-6,-0.0004981809282249322,0.0002450636874950498,-1.7060866673947242e-6,0.001944008457550064,-1.3380366597525974e-9,-8.573522967719779e-7,-1.1510359064841885e-7,-1.5798824104882724e-9,-0.0017300141670462778,-8.324855631363562e-8,5.538567636405178e-6,1.4911804797399142e-7,-2.959781707335753e-7,0.000641164894357596,-1.8148598081547223e-6,8.38072561973513e-7,0.00012959289256148936,-0.006805848250856265,4.26348745303103e-9,-0.00010620579764554121,-1.3137100912375446e-6,-3.8527509224839993e-7,0.00016065923858772483,-0.0011215056708536678,0.004953247611581411,1.0811839549690704e-7,-0.00031105866115881104,-6.117531651441695e-5,-4.9290749175148666e-5,-6.345900852026044e-5,-0.0003093665335971367,-9.552643571342322e-6,-1.1784639823199561e-7,-1.6945290798122948e-6,0.00018650075089166992,-0.02366081737752377,-0.0033039566454801466,-0.0012437316136569565,-2.3985073784941504e-6,-2.0508986972670262e-5,0.0003032289625408226,-4.576458900313174e-9,1.7359032075080797e-7,-0.00017825568081643325,1.6257558382726313e-7,-0.00354189614516682,1.6608789873965276e-6,5.11236300026747e-7,3.650654558367368e-5,0.0002826176236686651,-3.0130217826403317e-6,8.495213032432783e-9,-2.5746692133174444e-5,0.0017355209567635375,-2.2448176688556282e-7,-0.0027297373894532256,-0.00017595646278497886,7.914412008503653e-6,-1.4081048242949877e-6,0.0001413500271967927,-9.582616933138372e-6,0.0001844950444653254,2.5788042337934273e-7,-7.762766277520982e-8,1.9274249490171166e-7,-0.015292417681516084,-1.042075668984632e-5,-6.605474617983409e-8,7.95627593307453e-9,-0.0038280281510226113,-0.006789747112434531,1.279468373650395e-7,1.6415278615044167e-7,9.665834529468657e-8,8.414829259072539e-6,-1.8772546018061678e-7,7.989142011542251e-5,2.0319641524445167e-6,-4.1939609427566e-6,-4.35676686912932e-8,-0.0003169566577491174,5.60996608706479e-7,2.665065963792022e-8,-3.646491236356243e-5,-8.117825114811928e-6,-0.00011757094969118848,7.791182441548492e-8,-1.5367632631356244e-7,-7.106153482951396e-7,-6.233890022167048e-8,1.4493412290289369e-5,9.016366455679342e-5,-0.00019905698636993115,-1.4369060056508722e-8,0.00231556544059826,-1.3958010708159351e-5,-8.549322410132563e-5,-1.822902848078636e-6,4.0138858247544e-5,8.216294643907265e-7,-4.477591206748653e-6,-0.0021980678934695615,-0.004603778346903923,1.5883771959334357e-5,0.01614108647043018,3.494641443189058e-8,6.384292727297174e-6,0.016748119148808284,3.283742808322659e-5,-0.00013979757311715417,-3.608382541930378e-8,1.0921381798284004e-5,1.2016815536742661e-7,-3.872820254193918e-7,1.9036753173057338e-10,3.7299851537057606e-5,-0.0015506197146680776,0.00017671828264366625,0.016257592129347135,-8.59754542573548e-9,-7.764529026237287e-6,3.1908651933275973e-6,0.002043298052369597,2.711932735246712e-6,1.119615638083927e-5,-0.0031792713894596143,0.00025786605767425636,-3.74342699481898e-5,-9.555641300480524e-6,-1.06038047508987e-6,-7.143610641741168e-7,2.1261677345469422e-7,-5.011462946174539e-5,0.0006504360785285229,-2.3054840063897563e-6,-0.001739241087773172,-1.1895750893588363e-7,0.002002609557056528,4.2648517604538206e-5,7.768017346549903e-5,1.2054681405320986e-7,1.0205092501291193e-6,-3.25873901897591e-6,-3.490109626425759e-6,3.9187381882883e-5,-6.380234935877938e-6,4.172324279641066e-6,2.231613686715194e-6,-2.8255609591663386e-8,-0.0002478299206306374,-3.920209749493692e-8
0.0,0.0,0.0,0.0,0.0,0.0,0.0,0.0,0.0,0.0,0.0,0.0,0.0,0.0,0.0,0.0,0.0,0.0,0.0,0.0,0.0,0.0,0.0,0.0,0.0,0.0,0.0,0.0,0.0,0.0,0.0,0.0,0.0,0.0,0.0,0.0,0.0,0.0,0.0,0.0,0.0,0.0,0.0,0.0,0.0,0.0,0.0,0.0,0.0,0.0,0.0,0.0,0.0,0.0,0.0,0.0,0.0,0.0,0.0,0.0,0.0,0.0,0.0,0.0,0.0,0.0,0.0,0.0,0.0,0.0,0.0,0.0,0.0,0.0,0.0,0.0,0.0,0.0,0.0,0.0,0.0,0.0,0.0,0.0,0.0,0.0,0.0,0.0,0.0,0.0,0.0,0.0,0.0,0.0,0.0,0.0,0.0,0.0,0.0,0.0,0.0,0.0,0.0,0.0,0.0,0.0,0.0,0.0,0.0,0.0,0.0,0.0,0.0,0.0,0.0,0.0,0.0,0.0,0.0,0.0,0.0,0.0,0.0,0.0,0.0,0.0,0.0,0.0,0.0,0.0,0.0,0.0,0.0,0.0,0.0,0.0,0.0,0.0,0.0,0.0,0.0,0.0,0.0,0.0,0.0,0.0,0.0,0.0,0.0,0.0,0.0,0.0,0.0,0.0,0.0,0.0,0.0,0.0,0.0,0.0,0.0,0.0,0.0,0.0,0.0,0.0,0.0,0.0,0.0,0.0,0.0,0.0,0.0,0.0,0.0,0.0,0.0,0.0,0.0,0.0,0.0,0.0,0.0,0.0,0.0,0.0,0.0,0.0,0.0,0.0,0.0,0.0,0.0,0.0,0.0,0.0,0.0,0.0,0.0,0.0,0.0,0.0,0.0,0.0,0.0,0.0,0.0,0.0,0.0,0.0,0.0,0.0,0.0,0.0,0.0,0.0,0.0,0.0,0.0,0.0,0.0,0.0,0.0,0.0,0.0,0.0,0.0,0.0,0.0,0.0,0.0,0.0,0.0,0.0,0.0,0.0,0.0,0.0,0.0,0.0,0.0,0.0,0.0,0.0,0.0,0.0,0.0,0.0,0.0,0.0,0.0,0.0,0.0,0.0,0.0,0.0,0.0,0.0,0.0,0.0,0.0,0.0,0.0,0.0,0.0,0.0,0.0,0.0,0.0,0.0,0.0,0.0,0.0,0.0,0.0,0.0,0.0,0.0,0.0,0.0,0.0,0.0,0.0,0.0,0.0,0.0,0.0,0.0,0.0,0.0,0.0,0.0,0.0,0.0,0.0,0.0,0.0,0.0,0.0,0.0,0.0,0.0,0.0,0.0,0.0,0.0,0.0,0.0,0.0,0.0,0.0,0.0,0.0,0.0,0.0,0.0,0.0,0.0,0.0,0.0,0.0,0.0,0.0,0.0,0.0,0.0,0.0,0.0,0.0,0.0,0.0,0.0,0.0,0.0,0.0,0.0,0.0,0.0,0.0,0.0,0.0,0.0,0.0,0.0,0.0,0.0,0.0,0.0,0.0,0.0,0.0,0.0,0.0,0.0,0.0,0.0,0.0,0.0,0.0,0.0,0.0,0.0,0.0,0.0,0.0,0.0,0.0,0.0,0.0,0.0,0.0,0.0,0.0,0.0,0.0,0.0,0.0,0.0,0.0,0.0,0.0,0.0,0.0,0.0,0.0,0.0,0.0,0.0,0.0,0.0,0.0,0.0,0.0,0.05722277886381953,0.000697263569547182,-2.5750423204970242e-8,-0.0007127274799067987,0.008577082771518335,7.256377586940407e-11,3.1680039079418913e-13,8.506962589578208e-15,0.009487966921666055,3.681690126732553e-11,0.008361021614576391,8.556776066810972e-14,3.2622141097231176e-5,-1.2306324343486113e-8,0.00046393590276660264,-2.057865819024073e-8,2.072092743123227e-15,-7.245376087769977e-14,1.5552636703051036e-14,-1.8914630021498827e-14,3.2302160132044096e-14,-3.16641822152113e-6,-1.1498817855429999e-10,-6.067981703592054e-12,-9.179523885984539e-8,2.1311185381249532e-11,2.473295449839631e-12,-1.2506706955267253e-10,-0.0011036207757131667,6.12439396626264e-10,-2.1276348540767005e-7,-1.6946014330481664e-7,1.4208487150829468e-12,6.82832271349853e-7,-3.951886183926547e-11,0.00011484211829454981,-2.790319160736973e-15,1.3189030693488362e-13,1.375412474958567e-11,-0.001896502823417012,-8.922261137067467e-13,1.576788194668517e-6,-0.002891597071916722,-5.4461941356015526e-14,-0.002207193212207527,5.314097804865437e-6,0.0003209274326118141,-3.1998779883724966e-10,-6.620964116009023e-16,-1.609551788310229e-13,-8.256143679658978e-9,8.845128192768105e-15,6.297033732949597e-7,-2.328429594132916e-14,1.51570690784563e-5,2.668454104547924e-13,-4.177584913868708e-12,-3.784157705064021e-12,-0.01845517582809363,0.003682786365014109,-6.983037218074361e-6,1.0396808262551567e-7,-1.4566866366147324e-10,4.1210778112713295e-6,-9.034125413168555e-14,-0.0032367829905069526,7.732772566127622e-11,-6.083810385956461e-12,-1.928564702401704e-11,-1.8292959797710006e-5,1.056713053012876e-14,0.0018056215871371513,9.989819161262795e-9,0.0003089020343206057,4.014888750296331e-13,4.8663045662459714e-14,-2.2010977633561795e-13,-0.0002292069967554464,2.5492301824089555e-14,-9.852384074194418e-14,4.374999103070062e-14,-2.095855324674755e-12,0.003123514670701432,4.113717678425516e-7,-1.1542149437489712e-5,-8.235465172245197e-15,-1.7099285114722607e-13,-3.7013171290455056e-15,-3.2670954911526906e-7,-4.1806503627912097e-13,0.004063177235216698,9.653186301664588e-8,-1.5953172217114034e-9,-1.444007320203214e-12,-2.5743774768749262e-5,3.1861144648301904e-6,-1.3341922080784555e-12,-8.61967585891691e-13,1.7882840615443383e-7,4.1241519094123516e-9,-1.5541902872513766e-8,-1.7824776306295812e-10,2.485078772670342e-5,1.6141374630023725e-6,-9.841753441778662e-15,-1.0356636409650625e-11,-0.0010604375208637827,4.634819610250474e-10,-2.895040237676326e-12,-1.9221744483308152e-9,-5.344164424128877e-7,-6.786172167831207e-10,5.3207539291302344e-5,-6.774111126155639e-7,3.2407655952571264e-6,5.822849005191589e-7,-3.9130573799268665e-15,3.320698222613121e-7,1.3666144945897771e-9,-0.00012469908617945347,0.0010386049360579194,1.6814233295615646e-9,-2.3477770146158646e-13,-0.008661447321342396,-3.6068180266347315e-5,8.280483518506324e-5,1.1532748325352084e-6,-1.3455964980756715e-7,1.3760014793478944e-13,-9.313929596211677e-12,2.2130792199082837e-6,7.891497296891566e-10,8.167373175430285e-6,-4.024509358863924e-5,0.00014985787076363504,-6.953673182650735e-6,-4.498661476774082e-10,0.009109063585930437,-7.688834505983589e-5,5.185407648825617e-10,-1.1035917362357345e-13,-9.410363114772031e-10,2.235339467712017e-8,5.257014766688445e-6,-6.214130030613021e-7,1.869473037057257e-5,-1.3025589362707596e-8,0.00527724109409656,4.4543057884987305e-11,3.809089733427336e-11,0.0001627002058263101,-9.731000959347585e-10,-4.633502423330743e-5,0.0003776170936479161,2.7216926387636988e-6,1.138806549882825e-14,7.066372838808871e-7,-1.2687400420236675e-9,-2.6871755951719524e-9,0.0007569412838656399,-1.2770307657060272e-5,-4.680397703420363e-6,0.00044867888167099266,1.0154687707116497e-8,4.732576846998098e-15,0.03118973992040565,9.232675218934422e-13,-3.1251647308324874e-13,0.0013663368139795224,5.645111949100468e-14,-7.409772633937378e-9,-1.1785879527745982e-6,-1.0238106057552739e-7,6.138047355715487e-14,1.5755793685030302e-10,1.1770102558572446e-7,0.0004396110155229695,2.1522585847838965e-14,-1.1592540188549074e-12,0.0013874550189309617,-4.329390312847626e-12,-2.2855172442828887e-7,-2.448000674961643e-10,4.826426485373021e-9,-7.846381929133553e-9,-1.6105798226671622e-7,4.104070454159349e-5,-1.3414328144720352e-6,-7.416068741958303e-11,-1.4468645878121688e-10,-1.9310758939245167e-6,-6.776874173189166e-6,-6.426174215754873e-5,1.808067600827484e-14,3.2015008167946972e-12,0.009341782208437796,0.00012777382611281303,-1.369947533467588e-7,-0.03435085043380247,2.9214073660285955e-5,-3.7130516055547936e-7,1.1206825471220191e-7,1.6061626270879848e-7,-1.534626275274028e-7,-4.609334014369103e-12,-2.1114845917829593e-8,-0.019193412464227632,-9.633658469962858e-16,-6.148439871173213e-9,7.458252936046952e-9,-3.392636133962518e-10,5.6397208500535756e-11,-7.481284294532764e-5,0.006442465051802111,1.0970919812317648e-14,-2.500944511023818e-14,7.066066110351773e-15,-1.126662669725447e-7,8.849440976366599e-5,-2.231651866564643e-5,3.0696592493145033e-11,3.8118633481948904e-10,-4.3570775182415524e-14,-1.281991236898596e-10,1.4276553321203134e-11,1.897632868432672e-5,-5.700382680584537e-15,2.2427446679005414e-6,1.3202838773369646e-8,-3.99145382094906e-9,1.1612411618225605e-11,1.6770984268498114e-7,5.38770504800101e-6,5.930744730199211e-7,5.844087114188089e-14,0.0009675473325844432,1.4109034085926032e-11,-9.549797885759577e-5,1.0806421282890885e-11,5.809298429651779e-5,0.006282749848461442,1.6131853504349675e-11,-3.4165851227573915e-8,-9.1796001990308e-11,-4.555251332328229e-13,-1.0747959928919698e-9,6.078332358127775e-10,-0.00013422372569179005,2.466911968415087e-13,-6.960494603618139e-13,6.925251558304076e-9,1.3672395178324965e-10,1.1038560244093258e-12,-9.119280751611316e-9,1.1912283691428809e-11,1.8145677505628922e-6,-1.0171064594487033e-9,-0.0005229902070885355,1.6454391469864854e-8,2.98132852926238e-14,5.2001468037353915e-5,-1.226266349977501e-12,6.410854760400607e-15,3.6530550419334255e-9,-0.004225253759936054,0.00011310895054526331,3.7139030937448995e-13,1.8005848344112217e-12,1.3931083737846374e-6,-0.0008558458961831266,-0.00040748596319187356,-1.139417375273655e-6,3.2632396341630666e-8,6.947781777099802e-14,1.9022496234353174e-8,2.4058666812614194e-12,3.030637986946457e-5,-2.3802650425908384e-9,3.2273787682044342e-6,3.7426159031780323e-7,-1.3035385533353212e-13,5.856134410906055e-10,1.5931089166784146e-5,2.4245821863099296e-8,1.513861149702685e-10,-2.1571059948746476e-10,3.7121056605509545e-5,-2.2219158415097882e-14,1.726885440038427e-11,-9.293286877098041e-6,-3.366965766447868e-7,7.409168906090066e-8,-2.0032636200344163e-7,-0.0003694831462269594,7.475871489633939e-11,-2.1774937070494118e-7,1.984755058809514e-15,-9.407533599594678e-13,-1.797203218403199e-10,1.4939115297040565e-13,-1.4052240715277466e-7,-0.00021849007230478204,-0.0002907533744062311,-7.23245350773163e-11,-2.5913962497102203e-10,5.344348813179301e-12,9.381654318732252e-15,-7.307234688576425e-5,-4.142380558151285e-9,0.0007707628995151455,-6.832251804458219e-7,6.064789055554085e-6,-8.140738552677889e-5,-6.365847342700516e-13,-1.4893475045154854e-5,9.065532124454945e-12,-2.2934097656507505e-10,1.9307772626459877e-12,0.004932954554972832,-1.1171434663939972e-13,3.018539035906838e-9,1.5267512718788414e-11,9.52353222486249e-14,-2.678786892758115e-13,-2.0000325901369613e-7,3.323306689965163e-8,-0.01234678580894465,-0.0009698484876713226,0.002141756294542259,5.889102966085753e-11,0.0010621909161731846,4.0511975968614345e-11,-8.066220515981721e-12,-8.396636176032047e-12,-4.4259497992838394e-14,-3.7998038934898e-9,7.429874016819207e-14,0.005568423866507402,6.278356043517688e-11,1.9087933938800204e-11,1.7594225931323995e-9,3.581070496568556e-13,-1.7057104794891383e-13,9.337981876014384e-13,0.0004176877894404532,-1.0571084121050691e-11,9.713001705020058e-7,5.157769904327294e-9,7.888895570585153e-15,-1.6280293917968758e-6,7.6109082438453895e-6,2.1400802653655513e-10,0.0005010083121441457,-2.8809725594360524e-10,-2.343897277896013e-13,-6.687954536725626e-6,-3.825396023700979e-8,1.4362043965627085e-7,-4.203897917945654e-11,-3.8437889690051693e-8,2.1409959918207214e-14,0.0001279787355504161,-2.7356514093106426e-8,-6.886179965859444e-11,4.343914456902746e-7,4.621669925515157e-13,5.716756202632642e-5,-3.935252400170454e-13,-2.0625669629864797e-14,1.2301781427026257e-16,5.091931256128565e-5,6.551228189502545e-8,-1.2371278893539339e-8,-4.057577712352957e-8,-1.8998674476889124e-14,5.212093608388309e-6,-0.0001483197252929436,-8.771714638665234e-10,-5.660790255121724e-12,-0.00019391933255704107,1.6110130976115218e-8,4.6279172204173813e-8,1.166716996048628e-10,1.2560616663894283e-10,-0.0007787288509917178,0.008548830160428214,-4.813696644534934e-13,-5.780691407505972e-11,-4.839926965948531e-9,-5.676893228638408e-6,-1.0017351337294254e-8,4.385951343741854e-12,2.0632195716093216e-8,-2.1391194961293864e-6,6.02228319564823e-7,1.1696635675475536e-13,-3.626739541987924e-12,2.591639401714879e-11,2.6120744974681853e-11,-1.2250886614374605e-10,4.0880605320985187e-11,-0.00019795849197467346,-0.001370399786383541,-1.736227673765241e-15,7.173328581780126e-10,0.00362391938693575
0.0,0.0,0.0,0.0,0.0,0.0,0.0,0.0,0.0,0.0,0.0,0.0,0.0,0.0,0.0,0.0,0.0,0.0,0.0,0.0,0.0,0.0,0.0,0.0,0.0,0.0,0.0,0.0,0.0,0.0,0.0,0.0,0.0,0.0,0.0,0.0,0.0,0.0,0.0,0.0,0.0,0.0,0.0,0.0,0.0,0.0,0.0,0.0,0.0,0.0,0.0,0.0,0.0,0.0,0.0,0.0,0.0,0.0,0.0,0.0,0.0,0.0,0.0,0.0,0.0,0.0,0.0,0.0,0.0,0.0,0.0,0.0,0.0,0.0,0.0,0.0,0.0,0.0,0.0,0.0,0.0,0.0,0.0,0.0,0.0,0.0,0.0,0.0,0.0,0.0,0.0,0.0,0.0,0.0,0.0,0.0,0.0,0.0,0.0,0.0,0.0,0.0,0.0,0.0,0.0,0.0,0.0,0.0,0.0,0.0,0.0,0.0,0.0,0.0,0.0,0.0,0.0,0.0,0.0,0.0,0.0,0.0,0.0,0.0,0.0,0.0,0.0,0.0,0.0,0.0,0.0,0.0,0.0,0.0,0.0,0.0,0.0,0.0,0.0,0.0,0.0,0.0,0.0,0.0,0.0,0.0,0.0,0.0,0.0,0.0,0.0,0.0,0.0,0.0,0.0,0.0,0.0,0.0,0.0,0.0,0.0,0.0,0.0,0.0,0.0,0.0,0.0,0.0,0.0,0.0,0.0,0.0,0.0,0.0,0.0,0.0,0.0,0.0,0.0,0.0,0.0,0.0,0.0,0.0,0.0,0.0,0.0,0.0,0.0,0.0,0.0,0.0,0.0,0.0,0.0,0.0,0.0,0.0,0.0,0.0,0.0,0.0,0.0,0.0,0.0,0.0,0.0,0.0,0.0,0.0,0.0,0.0,0.0,0.0,0.0,0.0,0.0,0.0,0.0,0.0,0.0,0.0,0.0,0.0,0.0,0.0,0.0,0.0,0.0,0.0,0.0,0.0,0.0,0.0,0.0,0.0,0.0,0.0,0.0,0.0,0.0,0.0,0.0,0.0,0.0,0.0,0.0,0.0,0.0,0.0,0.0,0.0,0.0,0.0,0.0,0.0,0.0,0.0,0.0,0.0,0.0,0.0,0.0,0.0,0.0,0.0,0.0,0.0,0.0,0.0,0.0,0.0,0.0,0.0,0.0,0.0,0.0,0.0,0.0,0.0,0.0,0.0,0.0,0.0,0.0,0.0,0.0,0.0,0.0,0.0,0.0,0.0,0.0,0.0,0.0,0.0,0.0,0.0,0.0,0.0,0.0,0.0,0.0,0.0,0.0,0.0,0.0,0.0,0.0,0.0,0.0,0.0,0.0,0.0,0.0,0.0,0.0,0.0,0.0,0.0,0.0,0.0,0.0,0.0,0.0,0.0,0.0,0.0,0.0,0.0,0.0,0.0,0.0,0.0,0.0,0.0,0.0,0.0,0.0,0.0,0.0,0.0,0.0,0.0,0.0,0.0,0.0,0.0,0.0,0.0,0.0,0.0,0.0,0.0,0.0,0.0,0.0,0.0,0.0,0.0,0.0,0.0,0.0,0.0,0.0,0.0,0.0,0.0,0.0,0.0,0.0,0.0,0.0,0.0,0.0,0.0,0.0,0.0,0.0,0.0,0.0,0.0,0.0,0.0,0.0,0.0,0.0,0.0,0.0,0.0,0.0,0.0,0.0,0.0,0.05702692941581553,-8.018101070550203e-8,0.00859258599364912,-0.004400608004831122,1.44423501991616e-9,6.942089472437128e-12,1.4794223159372344e-12,-0.0008927885621182979,9.249540210116136e-11,0.0028395873215035328,9.556112483752308e-13,-0.000783464670440244,-4.1809294215320714e-8,0.0017633124343699497,3.2773167232740234e-7,-2.933771732771559e-13,-7.351183801885706e-13,6.939185389809573e-14,2.565298670383524e-13,1.0638717382528365e-12,-0.000525736303093718,-3.845086699544029e-10,-9.44838995769871e-11,1.3770344000755337e-8,1.5551005870270798e-10,4.764680801112668e-11,8.44782719160096e-9,0.0033614571095348382,-8.850609781157247e-9,7.96907119587977e-6,-2.2337536927479956e-6,6.00073142695818e-12,8.605399018815301e-5,-3.967792439462014e-10,0.003384315057250856,3.9158138422440736e-13,-3.253334035284319e-12,4.228496561615967e-10,0.011373482235583784,-4.615594667217362e-11,-3.784345271325483e-5,0.001566502772953324,-1.624413677102956e-12,-0.0008575647729857567,-4.571935590043755e-5,-0.0037141085889273633,1.1530944642716786e-9,5.9030389863099735e-12,-9.909265623607546e-12,-1.0716070094637792e-7,-4.967798090758402e-13,1.4029382248739837e-5,-4.4750419248022925e-13,0.00020463014110629955,-4.983609523659554e-12,-1.389491388229154e-10,-1.2567364330656997e-10,0.0028856352407537,-0.004338711105481569,0.00011594622285049479,1.6146265611903085e-6,-1.3165150114184574e-9,4.14658168241296e-5,2.038604253103369e-12,0.0028332323829878777,-7.292129219097204e-10,1.2098222904463125e-11,-1.1923434039276505e-13,-0.0009125952763280434,6.734771589810056e-13,-0.0029909054197370835,-1.2195812465379404e-7,0.005848930980655327,4.3625963899029435e-12,4.2242144727462464e-14,5.336849451756599e-13,-0.01406480920110329,1.3800290803050322e-12,-4.7048038622119385e-12,1.297431223947078e-11,4.638174838106562e-11,0.005090327160045557,-1.0730666652631966e-5,-0.0005813192754868838,1.7370607377783365e-12,-4.312201473985599e-13,-9.627839309157438e-14,-1.944506341776027e-6,-6.087497510422241e-13,-0.0013881171207724369,-1.0290796471470193e-6,6.051486401388477e-8,-1.982418664742105e-11,-0.0008910368484704956,-0.00013021328290030521,6.156299010538883e-11,1.2424575687346966e-10,2.645474718806715e-7,5.399230822136337e-7,-1.2811309352283812e-7,-8.315924157174932e-10,-0.0010189399559256793,-0.0006019146711083196,1.1729951240297522e-13,-8.024558523533357e-11,0.0002470555320428218,2.5826467448726728e-8,2.5856640351750934e-11,3.624154701964755e-8,-7.538803230576318e-7,9.117515759051486e-9,0.00043777499578574644,1.0284706477100376e-5,7.855599088356936e-6,-6.647300493641376e-6,4.2694930174200697e-14,2.1129242690172083e-7,-7.854959835311083e-9,0.0027321812317296066,-0.004081742099923618,-2.9004717708044178e-8,-2.638192841498554e-12,0.00036819838596834526,-0.00047856669780700785,-0.0004375593521336648,-0.00018789182046448287,3.069174089531646e-5,-9.412469760325883e-13,-2.1352294293438527e-10,-4.5685269648243655e-5,-9.156126558507795e-9,-0.00010866337796412766,8.93016721255761e-5,-0.0006377963211601367,-0.0001321445251059699,4.028041050072951e-8,-0.0028304186282335077,0.0034190723070863134,-9.109581866993539e-9,-1.0955216329993114e-12,-9.116278669319567e-9,1.1430604050131055e-7,-9.899171095790957e-5,-4.642647138437522e-5,-0.0012128056353558885,2.4141108742845977e-7,-0.00293370719668413,9.949692124723301e-11,4.1654960514794526e-10,0.0015700082176485267,-2.6669798865713787e-8,0.0010363606239394728,-0.00912025937152288,6.016059905944313e-5,7.102973079548005e-13,7.598465398426738e-5,4.937848101954845e-9,-5.450228939278385e-8,-0.005957999009104918,0.002048773828912392,0.00011595457932845432,-0.001175639024722371,4.9510546679832e-8,1.155519538950866e-12,0.00044179701233253274,-1.7402279982113018e-11,-1.558212669968522e-11,0.007589722964146969,-9.25169938331818e-13,-1.8561924813039166e-8,2.454808941467232e-5,-2.2896663805316892e-5,-1.111891496829435e-12,-4.99299580994457e-10,-1.8006498291965361e-7,-0.001945446100034861,2.075317601183024e-12,-7.291275850110441e-12,-0.0014001589685360694,-2.858300099191529e-11,-1.3885514474274635e-6,-8.125670875928927e-9,-5.846124733703606e-8,3.062233099310408e-8,2.5831848014090097e-6,0.00012958116567571144,6.412483506081028e-5,-8.784669964465155e-10,7.030492617313959e-9,-2.1114897417094543e-5,-0.00017042121070484027,-0.0015084843066027807,-2.45928676055137e-13,3.658255175136394e-11,0.005127109363981193,0.003868443084923454,9.381817282267994e-7,-0.0028953468919145613,0.0002447764652356868,-4.503632435867601e-6,-4.250034727601665e-7,-7.417058723802551e-6,8.351524376349468e-6,-1.3840411298737694e-10,-3.243745710591364e-7,0.003625615138845583,1.3733457868317425e-13,2.5069527428380703e-8,1.2156166923634713e-7,1.4718643503312789e-10,-6.406334827193943e-10,0.0007010175103114842,-0.0022121047719655053,-1.8065041267845886e-14,1.970110620886161e-12,-5.3065132950926604e-14,4.6594649576388063e-7,-0.0016198049073259176,-0.00032085136249052434,4.439370717052491e-10,-6.373406636856558e-9,4.512636129569046e-14,5.1922416445233765e-9,1.464284778695673e-10,-0.0005616722400846303,-2.2868832153314984e-13,-6.452727614659147e-5,-2.389236466423316e-7,-3.682784122827774e-8,9.915126577359213e-11,6.845131571659578e-7,7.773816878924728e-6,-1.811346180976544e-5,2.996898130400946e-12,0.0013568499453106967,3.0973973271501987e-10,0.0033322857461588616,2.773880691020234e-10,-0.0004970462420342556,0.0013060012086074859,-3.0370241389800984e-11,-1.2398967235322038e-6,1.1314709121261364e-9,-1.157541399979283e-10,9.848321695495197e-10,2.0959949559993394e-9,-0.00019055088921322234,-1.4387427575231186e-12,1.0358666653829678e-11,-6.6911086060989515e-6,-2.5272952134531868e-9,-2.6752088027368503e-11,1.2937415297063237e-7,-4.2225851587059146e-10,-1.668289364678032e-5,-1.204383712147329e-8,-0.0022743697769310087,-3.458824060804487e-7,-6.1293246183314e-13,0.010621248355677496,-1.8087261966177918e-11,9.148088576086339e-14,-2.3769049662811727e-8,-0.011150163084976116,-0.001758862795986537,9.737884114955303e-12,-2.8034934500502688e-11,-2.5043536188146746e-5,0.007573546841323866,-0.0013361440663439748,5.3613323809807665e-5,-1.2133762775120142e-6,9.527595552948288e-12,3.5203538403784466e-9,2.5405790172852836e-11,-6.0392521023230996e-5,-5.87714837354909e-8,1.9247279610588112e-5,-5.33422297601233e-7,-9.294558889820807e-12,-1.0227944830979642e-8,0.00015958736067152844,-9.465741817159567e-7,2.7529601041650992e-9,-3.481163332803614e-9,-0.0005936291658925534,7.000892466884495e-12,6.817532390954335e-12,-5.817022429456525e-5,-3.4191689610470347e-6,-1.2453145878131268e-7,-2.877223003765908e-6,-0.005754320678927478,-6.215252879876127e-10,-2.7978837285224936e-7,-1.0797085813955682e-13,2.243494438975578e-12,3.4299415922999667e-9,-9.191765664600203e-13,-1.7456004192740116e-5,0.004518959367171309,-0.014348303015247603,-1.015421716489217e-9,-1.4781969895144046e-8,-1.6607226292017523e-10,4.3067016674907385e-13,-0.00028170440212926226,4.5077314991387764e-8,-0.0036039968617001326,-5.4883433052289994e-5,-0.0001740637830268415,0.002260819710211529,2.969161178866297e-11,-0.0001543849224677076,-8.086646277084814e-10,-2.9278251747237146e-9,3.7643813755377545e-11,-0.0030668492945644895,-2.0809548260113106e-12,6.67646231345535e-7,-4.816079733393457e-10,2.4110399353787173e-12,-7.870836896451232e-13,2.523842546631988e-6,8.71453358706238e-7,-2.3096903086701063e-5,0.00045962002999329213,1.7282622385841722e-5,5.528313183000527e-10,-0.002716922070460062,-9.174286994538628e-9,-7.054747746294242e-11,2.3237064427659532e-10,-4.96342795834817e-14,-3.216253358801735e-9,-5.5100033496021205e-12,-0.0016958821180899873,4.62620697245686e-9,7.580067931832855e-11,6.659187371943637e-8,-3.772143343381414e-12,-1.2367945164427774e-12,1.7347052299555053e-11,0.00026243559163809934,-5.561020152038631e-10,1.4601835851767106e-5,1.2969040935188945e-9,9.217937531841288e-13,1.6766846104342885e-5,-0.0003916751856733928,1.562430176769421e-8,-0.002936485348729665,-1.723089196294722e-8,3.9039944118630154e-11,-4.959758872456228e-5,-3.3777878078223807e-7,-9.057536120343718e-9,-1.229321914176452e-10,-7.573497330844327e-7,-2.4011771243928284e-13,0.0003275494358231357,8.437626361883407e-7,-8.325423820082406e-10,1.2937780333046755e-5,6.774801544228648e-12,0.003040067613803113,-3.4747269028787213e-12,-1.9254554526055152e-11,-5.448839518614147e-14,0.0001339164775960923,2.2309969849182578e-5,-1.0788383366392514e-6,-2.8334461325676593e-8,3.5881533861568193e-13,-0.00048645599589310903,0.0018689858696555527,-3.0416241012767208e-9,-7.66148366658754e-12,0.004743831878185539,3.474897532189942e-7,-2.5648147976977576e-7,1.0646376875548057e-9,5.706076714475406e-10,-0.0015095724492144177,-0.0030497793893720466,6.092014482624224e-11,7.092722510649443e-9,9.280012341435139e-8,-2.9320937500534405e-5,1.6181153312427117e-8,-9.271853359217691e-11,5.616355231238286e-8,1.6585483099519255e-5,-6.323920185580265e-6,-2.905736420374172e-12,-6.578494646919405e-11,1.5972524558288258e-10,2.406026799673823e-10,1.1741011242431832e-9,1.331084341993293e-10,0.0022683069819099786,-0.011691287196430524,1.987730200029275e-13,1.051108702853363e-8,-0.000645710513138125
0.0,0.0,0.0,0.0,0.0,0.0,0.0,0.0,0.0,0.0,0.0,0.0,0.0,0.0,0.0,0.0,0.0,0.0,0.0,0.0,0.0,0.0,0.0,0.0,0.0,0.0,0.0,0.0,0.0,0.0,0.0,0.0,0.0,0.0,0.0,0.0,0.0,0.0,0.0,0.0,0.0,0.0,0.0,0.0,0.0,0.0,0.0,0.0,0.0,0.0,0.0,0.0,0.0,0.0,0.0,0.0,0.0,0.0,0.0,0.0,0.0,0.0,0.0,0.0,0.0,0.0,0.0,0.0,0.0,0.0,0.0,0.0,0.0,0.0,0.0,0.0,0.0,0.0,0.0,0.0,0.0,0.0,0.0,0.0,0.0,0.0,0.0,0.0,0.0,0.0,0.0,0.0,0.0,0.0,0.0,0.0,0.0,0.0,0.0,0.0,0.0,0.0,0.0,0.0,0.0,0.0,0.0,0.0,0.0,0.0,0.0,0.0,0.0,0.0,0.0,0.0,0.0,0.0,0.0,0.0,0.0,0.0,0.0,0.0,0.0,0.0,0.0,0.0,0.0,0.0,0.0,0.0,0.0,0.0,0.0,0.0,0.0,0.0,0.0,0.0,0.0,0.0,0.0,0.0,0.0,0.0,0.0,0.0,0.0,0.0,0.0,0.0,0.0,0.0,0.0,0.0,0.0,0.0,0.0,0.0,0.0,0.0,0.0,0.0,0.0,0.0,0.0,0.0,0.0,0.0,0.0,0.0,0.0,0.0,0.0,0.0,0.0,0.0,0.0,0.0,0.0,0.0,0.0,0.0,0.0,0.0,0.0,0.0,0.0,0.0,0.0,0.0,0.0,0.0,0.0,0.0,0.0,0.0,0.0,0.0,0.0,0.0,0.0,0.0,0.0,0.0,0.0,0.0,0.0,0.0,0.0,0.0,0.0,0.0,0.0,0.0,0.0,0.0,0.0,0.0,0.0,0.0,0.0,0.0,0.0,0.0,0.0,0.0,0.0,0.0,0.0,0.0,0.0,0.0,0.0,0.0,0.0,0.0,0.0,0.0,0.0,0.0,0.0,0.0,0.0,0.0,0.0,0.0,0.0,0.0,0.0,0.0,0.0,0.0,0.0,0.0,0.0,0.0,0.0,0.0,0.0,0.0,0.0,0.0,0.0,0.0,0.0,0.0,0.0,0.0,0.0,0.0,0.0,0.0,0.0,0.0,0.0,0.0,0.0,0.0,0.0,0.0,0.0,0.0,0.0,0.0,0.0,0.0,0.0,0.0,0.0,0.0,0.0,0.0,0.0,0.0,0.0,0.0,0.0,0.0,0.0,0.0,0.0,0.0,0.0,0.0,0.0,0.0,0.0,0.0,0.0,0.0,0.0,0.0,0.0,0.0,0.0,0.0,0.0,0.0,0.0,0.0,0.0,0.0,0.0,0.0,0.0,0.0,0.0,0.0,0.0,0.0,0.0,0.0,0.0,0.0,0.0,0.0,0.0,0.0,0.0,0.0,0.0,0.0,0.0,0.0,0.0,0.0,0.0,0.0,0.0,0.0,0.0,0.0,0.0,0.0,0.0,0.0,0.0,0.0,0.0,0.0,0.0,0.0,0.0,0.0,0.0,0.0,0.0,0.0,0.0,0.0,0.0,0.0,0.0,0.0,0.0,0.0,0.0,0.0,0.0,0.0,0.0,0.0,0.0,0.0,0.0,0.0,0.0,0.0,0.0,0.0,0.0,0.0,0.0,0.05664425421319113,4.4629568783375056e-7,-4.507703984230212e-9,-4.722652234031142e-5,-2.535508817475465e-7,1.6866072434772254e-8,-1.5461712021426344e-8,-2.7733403555820543e-5,4.9028183839235264e-8,4.122555715921246e-8,-1.2939423908303556e-5,0.0021370641450407755,-3.6447084639659425e-8,-0.0004804812047245597,-3.295546141113484e-9,1.3500189417204984e-8,9.180061463449603e-9,3.0550868182330675e-8,8.19717028486293e-8,4.19935427960589e-7,-9.92740117794693e-5,2.14635868651425e-5,0.0003777229603742731,1.4909961916822299e-5,1.5359771257393366e-6,-9.563949957586459e-5,-2.8033583344790117e-9,0.000988129855483322,-0.0004431251791879596,0.0002229945537784388,-1.0228124162360106e-6,-0.00026588396777852167,-3.250828679365352e-5,-1.6484821476203088e-6,-4.458599320252094e-8,-2.4791193758917286e-7,-6.315339398625032e-6,4.3706102247099603e-7,1.7072849719387757e-6,-0.00015893475992313763,-4.9469792492471214e-8,-1.1116163008747313e-9,-5.320035814346976e-8,6.592232988262127e-5,2.0644749219234044e-7,-6.11863440439193e-5,1.0032845274859338e-6,-6.598759292999323e-7,-0.007666844513524918,-2.223374235994702e-8,0.0004532796381019061,2.0938159076992952e-8,-7.659030533105882e-6,-6.763055949390231e-8,3.1739188457027577e-6,-3.2489149099844057e-6,4.35611730503659e-8,-2.195049415248313e-8,-3.436283950700297e-7,-0.0016728614739843185,5.360692744088164e-5,-4.232770491473531e-6,-8.255157495258105e-8,3.468755397380954e-8,-0.00010207147219742948,-5.2220193585714705e-6,-1.4035067463372452e-6,1.1849682274796689e-5,3.805263026365679e-8,-8.951362026174783e-8,0.0030994178450654154,-5.80950402471248e-7,-3.441986575712483e-7,-1.0231083794692382e-8,1.4371387257487845e-7,2.042480424474767e-7,-9.379173614483367e-8,-1.8586407305297418e-7,1.0228361309904493e-6,1.8010653395918465e-5,-4.374881251941466e-8,0.0007877660677165212,1.4590122599336872e-5,4.8239351683117655e-8,2.4304837588060613e-7,-1.3345954567685938e-8,0.001368166553215026,1.4013572700465843e-6,-2.029824183053228e-8,0.0005297361388605314,-0.00026726952077756977,-9.340936028217577e-7,6.7137653485957285e-6,-1.9082502863387264e-5,-2.0266555721693386e-6,-4.021570705222307e-6,-0.0002506980703050901,0.003798144367330093,0.010015994225370153,0.000231603942765768,1.080463425926433e-6,6.674011342344246e-7,5.360519283716623e-10,2.677073470256378e-6,1.2121954202880246e-7,-0.002954380489846292,5.878002186184276e-7,0.0020799160853863575,-0.00017222995629778587,-0.0025121806604335804,-9.102191747262703e-7,-0.0001609277374699885,-0.00019415913083377695,0.00020743457927586243,1.9233300154858303e-8,-0.004404989681824275,-0.0013411861766088346,2.4527239584903843e-7,-6.464780513647857e-10,-0.0031187805235878717,-1.609856060210584e-7,3.136470730099827e-8,-6.774060314586973e-7,-1.082936164053735e-6,-1.168443002689351e-5,-0.0006448581783521592,3.6527179845911965e-7,3.22161079699926e-6,0.00011006044330130026,0.001185707750209522,-2.3504506225919772e-5,-6.492223479149741e-7,3.357524884537524e-7,2.5625172169525225e-5,5.729341106253533e-6,-3.013741922203455e-8,1.3950309741733797e-6,-0.00027478353562986296,-8.35449581686985e-8,-0.00016636944982910588,0.0029341323593557065,-3.892478591606169e-6,-0.0001190667904618972,3.84639213035004e-6,0.006742523977243008,-3.4737389255784764e-7,5.201045433512649e-5,-2.6889424890309984e-5,-1.4035714069145424e-6,0.006997400215613481,2.0116613815265095e-6,7.724447228968301e-8,-1.980772311299427e-6,-7.747917020003772e-8,2.056609566092942e-5,0.0016895161840594353,0.001066331656720489,-3.4398427839134956e-8,7.416496970892167e-9,-1.6716309511662248e-5,1.661912693548081e-7,-0.014238297475472355,-1.1696077942155969e-8,3.61678236860158e-9,-3.403101554900491e-6,-1.1560168088388032e-6,-1.829394990640651e-7,-1.1604057078549042e-7,0.008931524337983837,1.6655358703973285e-5,-1.584822345374793e-6,-4.671108840553516e-8,0.00017054557418950562,-0.0020245723846313303,-3.2088654229752683e-8,3.97151688501308e-8,-1.400900525330133e-6,-1.0343260609999683e-7,4.152044298687119e-6,1.404036817449992e-5,0.0001696995014418224,0.008947514166860036,0.004535006798408202,0.0003693948171488058,2.6201914499131703e-6,-8.321650682272871e-5,-1.8007827881412372e-5,-0.000739915543420663,-2.0005471257658943e-6,-3.6993600365077628e-6,3.3682081970767786e-6,1.4334702971285599e-9,6.697220150178895e-6,-7.59233532007184e-9,-1.185441517103837e-7,-0.000567146222450021,-1.952039356710748e-9,-1.1487720580218238e-5,4.7028746109842336e-5,-0.008312372983529005,9.194267313071841e-5,0.0006480352978262085,3.923119355448833e-6,0.004010707736862854,4.355043151689583e-8,1.8102966343705316e-8,-0.0004271608059868018,-0.01700487249199072,0.0001288933773218816,0.00018288308782660596,-6.324189496463184e-8,1.91413876532736e-8,-1.1117780187256992e-8,1.2936917854160402e-7,7.768339803660477e-10,-0.00011372563981180617,-4.622527721164212e-6,3.1510795215331974e-6,-4.457583409128747e-5,0.00011155570730658061,-2.7445855592733305e-9,0.0002329593325000436,1.2425377526285699e-5,-8.25264291162051e-6,1.8081099497268962e-8,0.0002845309988209443,-0.007592168741333234,0.005564945210616106,-1.979386596162922e-5,8.241431333114826e-5,-1.0141014405756365e-6,-5.932662165573658e-5,3.249193054910577e-8,-6.187018179826675e-9,-3.5089314838452914e-6,1.8318856023523325e-6,-9.153267026985557e-6,-8.292589416590139e-7,-7.974495421122181e-9,1.1290048866337345e-7,0.003215365860092053,2.1227708237050243e-5,-6.546666683849515e-6,-0.0015570204395403621,0.0011545696528443147,1.0827999167324007e-6,-3.060781106474429e-7,1.3923736101691717e-6,0.0001439557710020766,2.4341690341836802e-5,8.044691849076243e-7,0.0009146743857467168,3.111583280355231e-5,-0.00013709911943473455,0.00016970140132841938,5.291403030139094e-7,-0.015215215055230791,2.4032528966210747e-8,3.4311502267144457e-9,1.2202793088837293e-6,-2.252561021149065e-9,-0.0024446100814192943,-5.774693273022165e-8,-5.664186656492061e-7,-7.077393931988613e-7,2.331469575666497e-6,-5.0427231569463254e-5,2.5353472496185605e-7,5.411978434857419e-7,-2.8388655777214242e-5,0.002799297952662874,-4.597593298516933e-7,-0.002359864670877994,-3.47103768420519e-8,-4.880509375791466e-9,0.00435165511043902,-8.339934233493725e-5,-0.0014513078919695303,2.1482760866344234e-7,-0.00010324347270442193,3.5336641189175436e-6,0.00046464271542220724,-0.00011975457847493189,0.00036983346049284635,2.164789536465263e-6,1.9859096110112229e-7,-8.576982880820865e-7,3.60724376633803e-5,-0.002155902951670248,0.003907323065705062,0.0007072228134357193,-1.8404756464150677e-7,-5.3649685960927235e-5,0.0006543022293070719,1.707865757447637e-8,-6.282924860582738e-7,0.0007172003865684122,-4.398180938746909e-7,7.47506439569586e-5,-1.5029196525438587e-7,-3.267647519840521e-8,9.012924903276733e-7,-0.0002618125208190547,1.7099200774503566e-5,-5.9272858394169064e-8,1.7801708282321319e-6,0.004683704923585514,3.2014242028300346e-8,-3.581302186611889e-5,-2.2141315384562078e-5,-1.8255568094324786e-7,-4.3100619875822776e-7,1.390053364402775e-5,3.5453385203263615e-5,-0.00017098565028996813,-2.1602306087678673e-6,-1.8243423973695424e-8,2.4506901673163567e-8,-0.0007652714208555232,2.500662833339297e-5,5.780891465951109e-9,9.810234039648147e-8,0.000970869791702126,-0.0005215600733461337,5.125451417915701e-8,-1.2478214842074907e-9,-1.6035583951506436e-8,-0.00011355023041452589,7.634864845620838e-8,0.0002494593638053722,-8.627992509246636e-7,3.2304629571478366e-5,1.3041838089532116e-7,0.0019039528703870224,-9.351065354442274e-7,-4.313748858720384e-9,6.701163174051952e-5,4.90729635112267e-6,0.0002539057284485575,-5.870070390908763e-7,4.357727280219146e-7,3.598326263893497e-7,3.7361579292264387e-10,-7.886873996026768e-5,-1.5107546918149784e-5,-0.001916223369318386,2.3402428445346806e-8,0.0005189447768640226,-1.783605936714367e-6,-3.5692739803099596e-5,-7.804563591381172e-8,0.0012696959298212833,-2.905487530334902e-6,1.6804760321155134e-6,-0.0004493245917390652,6.704420405052596e-5,-3.0795553401070145e-6,0.002629556222572583,-5.891378976868778e-8,-2.408989916270256e-7,0.002503751530723823,5.3339526957692616e-5,-1.6090118248355206e-5,2.294239815817038e-8,-2.2267768250524742e-6,1.1521089526579309e-7,2.3436859101500917e-6,3.2065941873845683e-9,-2.4852865522139987e-6,4.7602323570286575e-5,0.0020032625707289554,0.0011394295332587026,4.63852499253808e-9,1.4821029702381994e-5,5.236127426659453e-7,-0.0003279463050586127,-1.1445508668252221e-5,-3.6248750932406223e-7,-0.002559040530961643,-0.0007976963527616107,-8.89902094992817e-5,-4.260682188722883e-7,3.4409278275057283e-8,-5.7651293819734924e-8,-3.795872532897968e-6,-0.0002207047897582255,0.00047332736243310567,3.6295080013716715e-6,0.034324581898250224,5.772065993340102e-6,-0.0016958586265375093,1.9826232274921332e-5,1.6344994331605715e-5,-1.8562296828612155e-7,1.5158640964381288e-6,-6.211124791508705e-5,1.8387816998402428e-5,1.5253399588963475e-5,2.0803682222199198e-5,-1.4487945875520958e-7,1.9036823803048606e-7,6.873750550941956e-8,0.001562196379356268,-8.814530732711794e-9
0.0,0.0,0.0,0.0,0.0,0.0,0.0,0.0,0.0,0.0,0.0,0.0,0.0,0.0,0.0,0.0,0.0,0.0,0.0,0.0,0.0,0.0,0.0,0.0,0.0,0.0,0.0,0.0,0.0,0.0,0.0,0.0,0.0,0.0,0.0,0.0,0.0,0.0,0.0,0.0,0.0,0.0,0.0,0.0,0.0,0.0,0.0,0.0,0.0,0.0,0.0,0.0,0.0,0.0,0.0,0.0,0.0,0.0,0.0,0.0,0.0,0.0,0.0,0.0,0.0,0.0,0.0,0.0,0.0,0.0,0.0,0.0,0.0,0.0,0.0,0.0,0.0,0.0,0.0,0.0,0.0,0.0,0.0,0.0,0.0,0.0,0.0,0.0,0.0,0.0,0.0,0.0,0.0,0.0,0.0,0.0,0.0,0.0,0.0,0.0,0.0,0.0,0.0,0.0,0.0,0.0,0.0,0.0,0.0,0.0,0.0,0.0,0.0,0.0,0.0,0.0,0.0,0.0,0.0,0.0,0.0,0.0,0.0,0.0,0.0,0.0,0.0,0.0,0.0,0.0,0.0,0.0,0.0,0.0,0.0,0.0,0.0,0.0,0.0,0.0,0.0,0.0,0.0,0.0,0.0,0.0,0.0,0.0,0.0,0.0,0.0,0.0,0.0,0.0,0.0,0.0,0.0,0.0,0.0,0.0,0.0,0.0,0.0,0.0,0.0,0.0,0.0,0.0,0.0,0.0,0.0,0.0,0.0,0.0,0.0,0.0,0.0,0.0,0.0,0.0,0.0,0.0,0.0,0.0,0.0,0.0,0.0,0.0,0.0,0.0,0.0,0.0,0.0,0.0,0.0,0.0,0.0,0.0,0.0,0.0,0.0,0.0,0.0,0.0,0.0,0.0,0.0,0.0,0.0,0.0,0.0,0.0,0.0,0.0,0.0,0.0,0.0,0.0,0.0,0.0,0.0,0.0,0.0,0.0,0.0,0.0,0.0,0.0,0.0,0.0,0.0,0.0,0.0,0.0,0.0,0.0,0.0,0.0,0.0,0.0,0.0,0.0,0.0,0.0,0.0,0.0,0.0,0.0,0.0,0.0,0.0,0.0,0.0,0.0,0.0,0.0,0.0,0.0,0.0,0.0,0.0,0.0,0.0,0.0,0.0,0.0,0.0,0.0,0.0,0.0,0.0,0.0,0.0,0.0,0.0,0.0,0.0,0.0,0.0,0.0,0.0,0.0,0.0,0.0,0.0,0.0,0.0,0.0,0.0,0.0,0.0,0.0,0.0,0.0,0.0,0.0,0.0,0.0,0.0,0.0,0.0,0.0,0.0,0.0,0.0,0.0,0.0,0.0,0.0,0.0,0.0,0.0,0.0,0.0,0.0,0.0,0.0,0.0,0.0,0.0,0.0,0.0,0.0,0.0,0.0,0.0,0.0,0.0,0.0,0.0,0.0,0.0,0.0,0.0,0.0,0.0,0.0,0.0,0.0,0.0,0.0,0.0,0.0,0.0,0.0,0.0,0.0,0.0,0.0,0.0,0.0,0.0,0.0,0.0,0.0,0.0,0.0,0.0,0.0,0.0,0.0,0.0,0.0,0.0,0.0,0.0,0.0,0.0,0.0,0.0,0.0,0.0,0.0,0.0,0.0,0.0,0.0,0.0,0.0,0.0,0.0,0.0,0.0,0.0,0.0,0.0,0.0,0.0,0.0,0.0,0.0,0.0,0.0,0.0,0.0,0.0,0.056051068560408854,0.00022429161875142927,-1.5867315645492108e-9,1.9802827222635532e-11,-4.806420022890478e-12,-0.0005829770345254989,-4.225469425188677e-11,0.00466105933710529,-7.142244116905006e-12,-0.0011978779110343228,-2.6381544003082016e-7,0.0017720902181379895,4.826707574870557e-7,1.8605142835273156e-13,4.5007738234235826e-12,-1.1361148814295235e-12,-7.98346975593019e-13,-5.130418923119268e-12,-0.009484705063326113,8.557953187652914e-9,-1.877996130101243e-9,-8.104633501818961e-6,-1.2015724964009893e-9,-1.4703970657941483e-10,1.9899620552444805e-8,-0.002803578668586946,-4.879269828327865e-8,5.916810285147307e-5,4.004486695730048e-6,-5.324821424822609e-11,0.0001411594883897339,1.9449499823223773e-9,0.005410073342795605,2.0612568790415244e-12,4.26563171678713e-12,-7.186313628719329e-10,0.002935418168671371,-1.2880695739404084e-10,7.597695718675482e-5,-0.004529866485544308,2.5040052219369074e-12,-0.01097748769535535,-0.00015709178882834264,-0.0036719653872383457,1.3074314924955523e-8,-1.4104485941603936e-11,4.0086172232796336e-11,4.787170717017893e-7,1.2208635685666688e-12,-3.647384926088296e-5,5.036500307093328e-13,-0.0019243317114853605,2.6356468953500072e-12,4.0345566324916237e-10,3.4825681136304765e-10,0.004690155814771733,-0.0018387629400156882,-0.001627915474325504,-5.879647222898153e-6,3.5300693946074857e-9,-0.0002371972214938694,2.757463884589864e-12,0.0014057925510377021,3.9740436564951224e-10,5.541206772165897e-10,1.7264402182255698e-10,0.0022963191543653354,-3.3751213947728578e-12,-0.009477742330158754,4.0467395839356904e-7,0.005304922519415644,-2.740321548473416e-11,-2.2803033527131106e-12,1.3380168880664757e-11,-0.006016450134642377,6.084783942404038e-12,6.1628989371978696e-12,-2.7739137198035464e-11,-5.953798959984182e-10,-0.00028926572910860273,-1.4223312315842117e-5,-0.0004099819075152743,-1.1007225134937384e-11,-2.493729519506301e-12,1.400776233196019e-12,6.995130391683816e-6,-6.001025415057576e-11,-0.0009032685201953683,-8.578161938305601e-6,3.856563347259447e-8,9.463124626157553e-11,0.0018308401862343947,-5.988353168030166e-5,1.2245487676752308e-10,9.995340565580934e-11,-9.444187164027542e-6,1.5202239015429082e-6,2.9984314479707885e-7,6.577348426000762e-9,-0.0003751293886082163,-0.009705975892399427,2.2967469102092183e-12,3.123675191220545e-10,0.006904915688251388,3.83803214910921e-8,1.2169341559213598e-10,1.0421049426807896e-7,8.549254166052195e-6,8.610697388366201e-8,-0.0030266248286957087,1.6513487876491376e-5,4.074201585223269e-5,-8.687216326541e-6,-2.505609653339098e-12,-7.871736103113362e-6,-1.6238819759844169e-9,-0.0043237161831131314,0.0013834491005565582,1.4425761298930115e-7,8.75683743022658e-12,0.0026113119878913033,0.006270247301932913,-0.015928247832530846,-0.00022633917604207915,-5.093068154182074e-6,-2.6020787709258917e-11,-1.4201035624564416e-10,-5.0255736528597754e-5,-3.916641168479635e-8,-0.00032612337493216485,-0.0012054872652780915,-0.0032279445003544805,3.6304101298998734e-5,5.6428982462264574e-8,-0.006388798267559685,0.004442780990948862,-1.184250222293753e-8,1.015216553657488e-11,3.893698780310452e-8,-2.867289384738144e-7,-0.003336585733315879,1.729652519592195e-6,0.0038721637249981597,2.84498974236443e-7,-0.012904837953420867,-3.1849162244063216e-9,-1.2073549291234746e-9,0.0020554631927633188,-2.6385426715126536e-7,0.0010410714619574232,-0.0009364059747902034,0.004040366277707161,5.554702505170554e-13,0.00014822059709957547,7.514714721093363e-8,7.536942248538917e-8,0.0036229613031104435,-0.006245323506027335,0.0002451941639838182,-0.0058565788435474735,5.866638222700497e-9,-3.956868831978763e-12,-0.00022624348513582463,8.141423030658434e-11,7.561131503625202e-11,-0.017229846337175087,3.5745155923902803e-12,2.486031184463672e-7,6.476798605783841e-5,-2.5859985038785973e-5,-4.1417497045031926e-13,-1.2687020139980937e-8,-4.883248104498052e-6,-0.003913126981785249,-5.5254836187751295e-12,8.746533268785301e-11,-0.0032336761715236317,2.8246305006488665e-11,-3.903441067817389e-5,4.793709907955835e-9,-4.3171740449735595e-7,3.46701125880444e-7,-4.512854786585913e-5,-0.0005779415897728811,0.00014137544792917529,2.5529892328695106e-9,3.266201171006717e-8,0.00014067821062269315,-3.40625444385289e-5,-0.00036189236310439133,1.1562625924246957e-13,-2.364450304327298e-10,0.00016659538936907226,0.00012003726778461159,3.2597221763449634e-6,0.00021366466949315524,-0.0008196943174753388,2.402895048688106e-5,-2.9614735571100826e-6,-2.1539591170079352e-5,-6.168790987430774e-6,8.98140378857065e-11,9.52445154559056e-7,0.002368292503018432,-1.0470646252716517e-12,-7.356128567667714e-7,-1.19733196701285e-7,1.7711726031110483e-8,-1.0208094737580605e-8,-0.007847740122616513,0.0029146346628711067,-3.359782816794076e-14,-1.1775002941491037e-12,-4.689550696398951e-13,4.396561122893284e-6,-0.002614089293733717,0.0028031003620293325,-6.457132390885865e-10,-2.2098257915225726e-8,2.6924705022058524e-12,1.45507743549975e-9,-9.068467018488745e-10,-0.0006552439131159917,2.766574711763221e-13,-4.1838610940511446e-5,2.8427815777627937e-8,-5.3279259404320924e-8,3.1153218800307295e-12,-9.233143704006676e-5,-0.00015953011560662137,4.2600226789149945e-5,-6.483237164643167e-13,-0.00024377007102216043,-6.975767336238706e-10,0.008227936159234634,1.4036602984161986e-10,-0.00029156045708626923,-0.0002602820009426037,-5.386922260025215e-10,2.1285265540435616e-6,1.9545078940211955e-9,-9.601700504413592e-10,7.614220386076137e-8,-4.111779230453082e-8,-0.0032770825842240742,4.227034710307618e-12,-4.3321533530862046e-11,1.0548922154539172e-6,-5.881370026720943e-9,-9.416827100716181e-11,1.0387004154483235e-7,-6.92994647827733e-10,-0.00010394256922499002,4.341908325596077e-8,0.018036859281484678,1.1657794701537714e-6,5.899998863884007e-13,0.0017867096009407883,8.947153890237216e-11,-1.5162767244877607e-13,1.5097628750885755e-8,-0.0043998367253644715,0.0004473997219944646,-3.4720519873080956e-12,-1.1708059837291163e-10,-4.547433366348709e-6,0.03414454955273959,-0.0038525381814235368,5.8197597125942176e-5,-2.6020805102675708e-6,2.0371299301199677e-11,-7.885429772895236e-7,-6.214054459689334e-11,0.0019889618860483797,4.4435805387872635e-8,-0.00010505725841755367,-1.5334885483868022e-5,5.214307633426254e-12,9.177437615528848e-9,0.0005202803052053428,-3.1788581235367466e-6,1.0918087364736715e-9,2.8020424089245153e-8,-1.332761451001082e-5,-9.059366761306966e-12,-6.193114195647514e-10,6.400410081068742e-6,1.5865042367223053e-5,-3.3461249252792584e-6,-2.240914486076919e-6,-0.018612445070591586,-2.832442037105743e-9,6.542005175667285e-6,-5.110386861799125e-13,5.634945300180743e-11,-1.3172564445053573e-8,-1.462267868752276e-11,-3.0800571407101375e-6,0.0029680312825219354,-0.0014217073998752452,1.868051110829267e-9,1.9102490832368258e-8,-4.704928196631443e-10,8.709448420754422e-14,0.0007044315399876503,1.5340711646285585e-8,0.0004929161663721253,5.7846367301764356e-5,-0.00012572202449310732,-0.00624674100292479,1.20518706222113e-10,0.00011425773254147002,-6.881958393425153e-10,1.145040672354717e-8,-1.749755508850761e-11,-1.4377496914498632e-5,1.264096267601529e-11,5.664738487836305e-7,-5.794274433952406e-10,-7.249202652448284e-12,1.8536774194125868e-11,8.625987651725924e-6,-1.025011997675397e-6,0.0027794727989833815,0.0001328883081251617,-0.0013794948955966565,-5.988753573320371e-10,-0.002198468742651734,-1.0933537080539066e-8,8.017189915861185e-11,-9.039855532511262e-10,-7.813209140309142e-13,9.797486459813843e-8,6.926572237410781e-11,5.661575047713709e-5,-4.0789551700127245e-9,-6.37615780182216e-10,-1.0221950381174457e-7,1.8713205773920755e-11,-1.8278843567724974e-12,-4.364962146765588e-11,0.00020019487777561096,3.4170936571232023e-9,-0.0001519380297212293,-1.5486579994602343e-7,-3.2778419445267515e-12,3.886930407402305e-5,-0.0008292924517699987,-2.5743298727590254e-8,-0.012591214436882414,-3.443741700568695e-8,5.443346802793081e-12,-9.259597097412177e-6,1.7233197128057829e-6,-2.5064030294371615e-6,1.8441322445341413e-9,1.0903830095987806e-6,2.1546159625633456e-12,-0.0005177115020701709,7.031564744238644e-7,3.1173087886645624e-9,-2.4709286354638633e-5,-3.2645570869511884e-11,-0.0009781309169701396,2.5920211610762106e-11,-6.9933739600166e-11,-5.395921157078837e-13,-1.5606947917575274e-5,-5.748862808236855e-5,8.416841107087183e-7,4.1806354604455586e-7,1.436134057789055e-12,-0.00024159869762571003,-0.002828650763037055,-1.7543216790562097e-8,4.980712896695745e-10,0.006183364478841182,6.975178956825122e-7,-1.0265622570038644e-6,-8.500277469307238e-10,-7.803198801467327e-9,-0.0004629270747486261,-0.004790601342915134,4.466467495533197e-10,1.4779848085839335e-8,-1.7219644941118217e-7,-0.00022391911599126512,1.1166525472773073e-7,-2.780514664348379e-10,-2.158887296076697e-6,-2.9609754135414784e-5,-8.582335752194686e-5,5.518553707259591e-12,1.4739810242918672e-10,-7.374767558072485e-10,-2.1413042131356866e-9,2.779198408549757e-9,-9.034176622192352e-10,0.0029808502009112895,-0.015153198708208327,-9.379200095852927e-13,-6.662552241376088e-8,0.0002379863929615668
0.0,0.0,0.0,0.0,0.0,0.0,0.0,0.0,0.0,0.0,0.0,0.0,0.0,0.0,0.0,0.0,0.0,0.0,0.0,0.0,0.0,0.0,0.0,0.0,0.0,0.0,0.0,0.0,0.0,0.0,0.0,0.0,0.0,0.0,0.0,0.0,0.0,0.0,0.0,0.0,0.0,0.0,0.0,0.0,0.0,0.0,0.0,0.0,0.0,0.0,0.0,0.0,0.0,0.0,0.0,0.0,0.0,0.0,0.0,0.0,0.0,0.0,0.0,0.0,0.0,0.0,0.0,0.0,0.0,0.0,0.0,0.0,0.0,0.0,0.0,0.0,0.0,0.0,0.0,0.0,0.0,0.0,0.0,0.0,0.0,0.0,0.0,0.0,0.0,0.0,0.0,0.0,0.0,0.0,0.0,0.0,0.0,0.0,0.0,0.0,0.0,0.0,0.0,0.0,0.0,0.0,0.0,0.0,0.0,0.0,0.0,0.0,0.0,0.0,0.0,0.0,0.0,0.0,0.0,0.0,0.0,0.0,0.0,0.0,0.0,0.0,0.0,0.0,0.0,0.0,0.0,0.0,0.0,0.0,0.0,0.0,0.0,0.0,0.0,0.0,0.0,0.0,0.0,0.0,0.0,0.0,0.0,0.0,0.0,0.0,0.0,0.0,0.0,0.0,0.0,0.0,0.0,0.0,0.0,0.0,0.0,0.0,0.0,0.0,0.0,0.0,0.0,0.0,0.0,0.0,0.0,0.0,0.0,0.0,0.0,0.0,0.0,0.0,0.0,0.0,0.0,0.0,0.0,0.0,0.0,0.0,0.0,0.0,0.0,0.0,0.0,0.0,0.0,0.0,0.0,0.0,0.0,0.0,0.0,0.0,0.0,0.0,0.0,0.0,0.0,0.0,0.0,0.0,0.0,0.0,0.0,0.0,0.0,0.0,0.0,0.0,0.0,0.0,0.0,0.0,0.0,0.0,0.0,0.0,0.0,0.0,0.0,0.0,0.0,0.0,0.0,0.0,0.0,0.0,0.0,0.0,0.0,0.0,0.0,0.0,0.0,0.0,0.0,0.0,0.0,0.0,0.0,0.0,0.0,0.0,0.0,0.0,0.0,0.0,0.0,0.0,0.0,0.0,0.0,0.0,0.0,0.0,0.0,0.0,0.0,0.0,0.0,0.0,0.0,0.0,0.0,0.0,0.0,0.0,0.0,0.0,0.0,0.0,0.0,0.0,0.0,0.0,0.0,0.0,0.0,0.0,0.0,0.0,0.0,0.0,0.0,0.0,0.0,0.0,0.0,0.0,0.0,0.0,0.0,0.0,0.0,0.0,0.0,0.0,0.0,0.0,0.0,0.0,0.0,0.0,0.0,0.0,0.0,0.0,0.0,0.0,0.0,0.0,0.0,0.0,0.0,0.0,0.0,0.0,0.0,0.0,0.0,0.0,0.0,0.0,0.0,0.0,0.0,0.0,0.0,0.0,0.0,0.0,0.0,0.0,0.0,0.0,0.0,0.0,0.0,0.0,0.0,0.0,0.0,0.0,0.0,0.0,0.0,0.0,0.0,0.0,0.0,0.0,0.0,0.0,0.0,0.0,0.0,0.0,0.0,0.0,0.0,0.0,0.0,0.0,0.0,0.0,0.0,0.0,0.0,0.0,0.0,0.0,0.0,0.0,0.0,0.0,0.0,0.0,0.0,0.0,0.0,0.0,0.0,0.0,0.0,0.0,0.0,0.0,0.0,0.0,0.0,0.0559825318945338,1.8022347065713193e-11,4.904405612086566e-13,4.728794209803628e-14,-0.0017347757572734037,1.5041042489675605e-12,0.0068659189104311865,-7.823808738432971e-15,1.1712030202103099e-5,-1.2453517200848955e-8,-0.0030697216192644727,-1.2781212441659984e-8,-4.828304998993817e-15,-1.538843119271778e-14,-7.292037794866469e-15,2.1395885650777903e-15,5.128855485227081e-15,4.319947083916027e-5,9.064438303191001e-12,-2.0661897142975252e-12,3.2511850190968725e-8,-4.161955095244558e-13,-1.4245466230541534e-12,1.8949343827591275e-10,0.0017166081551978636,7.383193398159447e-10,3.6771202615695864e-7,-4.9431729487938536e-8,-5.062111723457125e-13,5.5672238294765e-7,-5.2543984394435645e-12,6.212784896251246e-5,-1.5462636960959128e-14,-6.212144071472579e-14,-5.397565502354215e-12,-0.002541210792809192,-1.4981897552327021e-12,-1.57062306974205e-6,-0.016895929890586237,-4.373296817745278e-14,-0.0034671229083852078,8.281573354760379e-7,0.0010132507848088627,-8.143555067214522e-11,3.671160250763492e-15,-4.485051348015052e-13,3.5686469645432343e-9,-7.840446125556125e-15,3.836630493837963e-7,1.1503213143973532e-14,3.414237774312545e-5,1.189985828908808e-13,6.298995599132739e-13,-2.8749474795363774e-12,0.010285380163484743,0.01990663772453221,-1.0231191411261408e-5,-2.8218938770514376e-8,-1.180174776076199e-10,-4.732887703918854e-7,1.3345403888916932e-13,-0.003042828323964959,-3.182064046340311e-11,-4.464760783767521e-13,-6.9345032804304616e-12,-5.630500545778024e-5,1.2560132321944345e-14,-0.0013264891602244127,-1.5762898855642555e-8,0.0005645275124302312,4.775535811249773e-13,-2.2943385695581423e-14,6.83408291475151e-14,0.0013500489271118846,-7.186944773801707e-14,-1.391149209952867e-13,5.021523374917316e-14,4.191444137296467e-12,-0.0034914663626140936,-1.2843076944404996e-7,2.122075454672447e-5,1.1107789803115874e-13,2.9913884549604154e-14,-8.67870941154437e-16,-8.299530187590163e-8,8.147042398498031e-13,0.04117071698169012,-1.1058002308030446e-7,8.891363222712762e-9,-3.357096001427802e-13,4.8587984966510433e-5,6.711587622021732e-6,-6.15826833360031e-13,1.988136197007583e-12,-1.8459669567317523e-8,8.17083558503484e-9,-1.1153802065333944e-8,1.2557680888308581e-11,2.671852516593298e-5,-0.00022468197069329106,-1.5892678771748164e-15,-2.421321338989537e-12,-0.00035530119626009545,-1.6285371899446158e-9,-1.1945857309989483e-12,8.682367636758173e-10,1.4370920848066128e-7,3.683029958853397e-10,9.060144709881076e-6,-3.660692216102699e-7,7.535340962668893e-7,2.856597425256761e-9,1.2235683830502284e-14,2.103279118845582e-7,6.210655747038914e-10,-0.00018830606713159202,-0.00020377028112392818,2.2481861291868767e-9,-3.532413049739529e-14,0.004141079428991928,-0.00019255402000935843,0.0001370397741125701,1.196906096172486e-5,1.031115436867984e-7,-1.414223056124019e-13,-1.3081791968221091e-12,5.569676675246734e-7,-3.8604628660986777e-10,5.63938440846899e-7,-0.00023432797177856923,-4.6142499584460165e-5,2.0697407516361534e-7,4.319822842140491e-9,0.005141317736510099,5.47268700251961e-5,2.285369429771363e-10,5.779165677629624e-14,-3.6337432196401595e-10,-1.2121540730730514e-9,1.307711101869524e-5,-1.5117450896661392e-6,-0.0001861687708739197,-2.3178827252431447e-9,0.001992901995515476,2.734603328831481e-11,-1.2406297346832448e-11,2.5273663800465967e-6,-9.624699399191891e-9,-2.8517422695274637e-5,0.0012413178243820006,2.9513461203211916e-5,-3.2575032568147807e-14,-2.5114948740962253e-6,3.0580417241898185e-11,1.0263813553587628e-9,-0.0006405311526041298,-0.00046359318664319536,1.810241363243773e-7,0.0004838964093739761,-8.173914264098674e-9,-8.538995781412414e-14,0.007381006216122633,6.388321162288607e-13,-6.546551181029314e-13,-0.0022447990092070796,6.623345950770433e-15,-4.246441845078054e-9,2.0048320117493197e-6,3.090614621674305e-7,-3.810295835284094e-14,-2.0669289294655306e-11,-3.686818285543808e-8,0.00046116970573367337,7.578121800545545e-14,-3.200562183015013e-13,0.0008738952348128139,1.6772879799442922e-12,-4.1116180863745617e-7,3.815357050128436e-11,1.301703249906803e-8,-6.7542977644287276e-9,-6.659034169363641e-7,1.5684101190052283e-5,-1.3644496890190884e-7,-4.078060224827208e-13,-8.450760321912199e-11,7.711143009677791e-6,-1.6742752041196096e-6,-5.053715533929306e-5,7.942928615001376e-16,-1.0784916787425572e-12,-0.003135907118462974,-0.0021368233360251516,2.203135957285212e-7,0.001841269543314512,-1.6182492334610684e-5,9.361752378404615e-8,3.996404525075177e-8,-3.5714810581132707e-7,5.351607023725034e-7,3.6262360768988026e-12,2.63654191303648e-9,-0.01859080226245077,6.139788339544122e-16,2.1541066311395618e-8,-2.249324704291515e-9,1.9592293218549372e-10,-8.011984923558044e-11,-0.004888979584789149,-0.0046649607822195445,-1.524069628018985e-15,-3.700862669706145e-14,-6.259520077906756e-16,1.8386719338072737e-8,3.615743947143228e-6,-6.258029665050889e-5,-2.606978794746193e-11,-3.2112478989615695e-10,1.8513947925476702e-14,-4.0950413045057857e-11,1.0047191791359682e-12,1.367254889152196e-5,2.265357254086752e-15,1.5559975640643477e-6,1.4823294149077048e-8,-2.5487453821382214e-9,-8.72950111578639e-12,-2.1641843965388876e-6,2.1669548497482763e-6,7.784398167109179e-7,-2.6847109510036573e-14,0.0010969098225753957,-2.6861315478131106e-12,-6.690502070658584e-5,3.0821223375207687e-12,5.261766803865804e-5,-0.00261025594266772,-1.5538329257812559e-12,2.3278835213403747e-8,-4.6002102476000064e-11,-1.662138016611155e-11,-1.0716267727713376e-9,1.3715147206001378e-9,-8.55013054393845e-6,4.753461396498649e-14,9.538776465853014e-14,-1.2397696020961232e-7,9.597918272461762e-11,-3.1898830856095363e-13,3.0285909262741978e-9,1.1459862090173498e-11,-9.035106479274154e-7,-3.1426981755427644e-10,-0.0001532714185864668,2.8728917377905647e-8,-5.259510202092455e-14,-0.0018009862691194009,-1.2242891635717102e-12,-2.856879589915592e-15,8.201513070207171e-10,-0.0013304349154135645,-3.1886962891043184e-5,-9.583024367370028e-15,6.632505476708273e-13,-8.225096859981795e-7,0.0002750018498704869,0.0003052175162934108,5.591576936309893e-6,-1.9011033149344404e-10,1.90058710486791e-13,-6.956659073120866e-10,-7.481374568566227e-13,-0.0014390558356636662,1.5180909088424062e-9,-1.168397802017038e-7,-4.308829570019928e-8,9.5204892888152e-14,1.174188390638425e-9,-2.3396183666421242e-5,-2.1242976404060972e-7,3.623804610093628e-11,3.7573263174097886e-10,2.4318902261801656e-5,3.108279035696821e-13,3.667843499547476e-12,-3.750496608816643e-6,-1.448749923665941e-7,2.58044269971422e-8,-7.84381625028667e-8,-0.0008728719409390874,2.6800049710461974e-11,7.595275471475989e-10,5.968192737547314e-15,-2.9303069611103677e-13,-6.022677534168075e-12,2.513751036373021e-13,-4.935222209546421e-7,-0.0004892073059319003,-0.004218710041176574,4.270664672241487e-12,-1.9359396683345594e-10,-6.8314311050403454e-12,-2.1171679413208962e-14,-4.410032835002616e-5,-6.181066067001991e-9,-0.006011955668461955,-1.8427676420386212e-6,2.2408171110721606e-6,7.628350268436869e-5,6.574356654886591e-13,-7.142299312550263e-6,-4.631904301264051e-12,5.197808034608479e-11,2.4618014601206448e-12,0.005000875700361145,1.2394813644971645e-13,1.4317669569445876e-8,-2.832461097537283e-11,2.4623548368466158e-14,-6.462927110228286e-14,-5.446480910739739e-8,1.5454339751175873e-8,0.00242540053247662,0.0022263683216110315,-0.0008813856210247563,-6.275752157372537e-11,0.0019922764897381865,9.41046373482722e-11,-5.7229745408451725e-12,1.160207715095784e-11,2.173908013558925e-14,1.8739525171251563e-9,-3.242132641797917e-13,0.03474803328845573,2.661469014443236e-11,-1.4571333368371465e-11,-2.049048631052004e-9,9.8387962897242e-14,1.733269981291221e-14,-1.1225126943741728e-13,-0.0038530603066281102,2.7049538905917742e-11,-2.4544008832211e-6,2.565738518616217e-9,2.3324851095201428e-14,-8.620556856394159e-7,-8.883560171907972e-6,-2.2787845336324336e-10,-0.0020264536891411774,-2.2184717875643235e-10,-7.082366355309186e-13,3.2267874408982496e-6,-5.835896947158473e-8,-1.0280045645524042e-8,2.052926265831496e-12,-2.0275828468077084e-8,5.399595628274741e-15,-0.0001110286548831038,-1.9341565826580284e-8,1.2609279258878285e-10,-6.765173349137609e-7,2.4789185886463575e-13,-6.184169629948402e-5,2.644062854134589e-14,-3.607596780045095e-13,-5.254799693113719e-16,8.947760190226609e-5,-2.9281363715576605e-6,1.55314649506085e-8,-2.3658454327398287e-8,-1.2133054266839745e-14,1.4511562076840525e-5,3.3771865773698387e-6,-1.088335721612158e-9,-8.030568245933421e-13,0.00023763650992447374,2.538998420874625e-8,-1.5940637284133536e-8,2.067815243982564e-11,-2.328875050181605e-11,0.0005212268668751505,0.0015192480689023022,-8.288491077845422e-13,1.5804678636936055e-10,-5.819771008154279e-9,-1.0595803780443262e-5,-6.332984910134402e-9,-5.498625928785358e-13,1.2433836404355215e-8,-9.977462310100235e-7,-1.205775003248096e-6,-4.5241639238465646e-14,7.00049596163085e-13,-8.276101122579054e-12,1.5100532251178568e-11,-9.610846564965339e-11,1.6176384335732415e-11,0.00016288919803007952,-0.0008159697819148183,1.044903303840532e-14,-6.81139912300432e-10,-0.002121783925013726
0.0,0.0,0.0,0.0,0.0,0.0,0.0,0.0,0.0,0.0,0.0,0.0,0.0,0.0,0.0,0.0,0.0,0.0,0.0,0.0,0.0,0.0,0.0,0.0,0.0,0.0,0.0,0.0,0.0,0.0,0.0,0.0,0.0,0.0,0.0,0.0,0.0,0.0,0.0,0.0,0.0,0.0,0.0,0.0,0.0,0.0,0.0,0.0,0.0,0.0,0.0,0.0,0.0,0.0,0.0,0.0,0.0,0.0,0.0,0.0,0.0,0.0,0.0,0.0,0.0,0.0,0.0,0.0,0.0,0.0,0.0,0.0,0.0,0.0,0.0,0.0,0.0,0.0,0.0,0.0,0.0,0.0,0.0,0.0,0.0,0.0,0.0,0.0,0.0,0.0,0.0,0.0,0.0,0.0,0.0,0.0,0.0,0.0,0.0,0.0,0.0,0.0,0.0,0.0,0.0,0.0,0.0,0.0,0.0,0.0,0.0,0.0,0.0,0.0,0.0,0.0,0.0,0.0,0.0,0.0,0.0,0.0,0.0,0.0,0.0,0.0,0.0,0.0,0.0,0.0,0.0,0.0,0.0,0.0,0.0,0.0,0.0,0.0,0.0,0.0,0.0,0.0,0.0,0.0,0.0,0.0,0.0,0.0,0.0,0.0,0.0,0.0,0.0,0.0,0.0,0.0,0.0,0.0,0.0,0.0,0.0,0.0,0.0,0.0,0.0,0.0,0.0,0.0,0.0,0.0,0.0,0.0,0.0,0.0,0.0,0.0,0.0,0.0,0.0,0.0,0.0,0.0,0.0,0.0,0.0,0.0,0.0,0.0,0.0,0.0,0.0,0.0,0.0,0.0,0.0,0.0,0.0,0.0,0.0,0.0,0.0,0.0,0.0,0.0,0.0,0.0,0.0,0.0,0.0,0.0,0.0,0.0,0.0,0.0,0.0,0.0,0.0,0.0,0.0,0.0,0.0,0.0,0.0,0.0,0.0,0.0,0.0,0.0,0.0,0.0,0.0,0.0,0.0,0.0,0.0,0.0,0.0,0.0,0.0,0.0,0.0,0.0,0.0,0.0,0.0,0.0,0.0,0.0,0.0,0.0,0.0,0.0,0.0,0.0,0.0,0.0,0.0,0.0,0.0,0.0,0.0,0.0,0.0,0.0,0.0,0.0,0.0,0.0,0.0,0.0,0.0,0.0,0.0,0.0,0.0,0.0,0.0,0.0,0.0,0.0,0.0,0.0,0.0,0.0,0.0,0.0,0.0,0.0,0.0,0.0,0.0,0.0,0.0,0.0,0.0,0.0,0.0,0.0,0.0,0.0,0.0,0.0,0.0,0.0,0.0,0.0,0.0,0.0,0.0,0.0,0.0,0.0,0.0,0.0,0.0,0.0,0.0,0.0,0.0,0.0,0.0,0.0,0.0,0.0,0.0,0.0,0.0,0.0,0.0,0.0,0.0,0.0,0.0,0.0,0.0,0.0,0.0,0.0,0.0,0.0,0.0,0.0,0.0,0.0,0.0,0.0,0.0,0.0,0.0,0.0,0.0,0.0,0.0,0.0,0.0,0.0,0.0,0.0,0.0,0.0,0.0,0.0,0.0,0.0,0.0,0.0,0.0,0.0,0.0,0.0,0.0,0.0,0.0,0.0,0.0,0.0,0.0,0.0,0.0,0.0,0.0,0.0,0.0,0.0,0.0,0.0,0.0,0.0,0.0,0.0,0.0,0.0,0.0,0.0,0.0,0.0,0.0,0.0,0.05519209420851908,0.0007598046795667917,3.0618032401935034e-5,-1.7205247586963402e-11,0.005952717824914278,-1.9383797597345238e-10,-2.0715604153688844e-6,1.9464572525466023e-8,-8.766147932884071e-5,1.0177407035367371e-10,-2.29707795613213e-5,-1.5951653328100244e-6,-4.29542957956162e-5,-2.473252264451601e-7,-7.2438355351369735e-6,4.495295424308453e-6,2.531180607628097e-8,-0.008703442703280747,-0.019190584512609434,-1.1553653599837134e-5,0.0010297657937538042,0.00033927107821862644,0.0008660706504710009,-1.699706415710833e-10,-0.002365652975530339,-2.797014085725283e-6,-2.282813182691768e-5,0.0003997569462377998,-8.534701167496555e-7,-0.010611895790366232,-5.7415728303106167e-11,-2.694691168354924e-6,2.5843298063948102e-5,0.0003541364347998351,-3.019010861790006e-10,-0.003111553571484001,-6.522169396194784e-7,-4.8371952279639915e-11,-5.3743628827961006e-5,-1.0220541681143768e-9,-1.2523790889816642e-6,8.431838504545352e-10,-0.0002841807385347242,-0.0003305645285766812,-0.0002839813108517688,-6.849793754355331e-5,1.1677459156400173e-6,2.282149431283256e-6,-1.0912168640655316e-5,5.7721942053421885e-8,-0.00030202234833280367,0.0006919929164272531,-0.0006226577391135954,-1.6405637941291803e-10,1.3687774187752715e-10,5.135898941580023e-8,1.7095041911079785e-5,-0.01138806998688744,7.3146356207578e-8,0.00011107056687262071,3.3844683666944075e-10,-0.0009331529641486794,-0.0004312338712682539,-0.006634743342501208,-1.233570519755764e-7,-1.8403402631650493e-5,7.9013522218078e-10,-9.81999073480234e-6,1.0397190160762406e-9,0.0004308860935863409,-8.824779377788334e-6,1.2935830965981914e-5,4.870877556264952e-10,7.295386021727579e-5,-9.827894269763139e-5,0.00024308195185102278,0.0022515301022424305,1.29011870059459e-10,-3.072901986954444e-6,-5.4450449299467184e-8,7.499396345601429e-5,0.00012012398824873919,1.2328740500853152e-5,1.4519113458989228e-6,7.62067590266364e-5,2.0809809131597896e-11,-6.965395533408689e-6,6.696852157128321e-6,-0.0006027195865097442,-2.4612611980088233e-8,7.230960272052688e-9,0.00030531108872398915,0.003972413958359509,1.4868287818658847e-5,9.437198811012312e-5,0.00011523389467108671,0.0023079704244000888,-2.7527025625435712e-8,7.140625130629079e-9,-5.658030525110115e-6,-0.0042315846014562555,7.622475003698291e-11,0.0007848765110969521,0.0002010987082653112,0.0009093144681446153,-4.5971889613294866e-7,-0.0001569330980401143,1.3836801972634935e-8,-2.7577678813703575e-6,8.042509312822085e-7,2.4269030394959248e-6,1.3219673872253874e-6,2.8539619312479526e-6,0.0005979161891957585,6.875999486272645e-9,8.966724628197211e-12,0.0004584908043058816,3.471175522009996e-5,8.860881791885088e-11,-4.960651090289271e-9,2.439738198608891e-9,1.7851275449558254e-8,5.871407130652358e-7,-0.00023688940974852358,-0.005348526056913571,2.314876805861918e-7,0.0013014276480281047,1.811999161851648e-7,-1.2925478610872832e-9,-2.439182083360641e-11,-1.131166880681654e-7,-0.00015195599043981605,-9.61486959315675e-11,-3.3497842099803432e-9,0.00020626698270306398,-1.8037633802768542e-5,-0.0021063987489270096,1.7817822236434683e-5,3.098099292731423e-8,-3.73580312707618e-6,-6.1560930260844116e-9,-8.707882359005437e-5,-5.592280429265576e-10,0.0008726269784352612,0.00017181923585897076,8.62398552778737e-9,-7.196656739612787e-5,9.741623727088082e-9,3.433406282267791e-10,-1.3680794777474255e-8,2.4896574507788613e-6,9.964571954515674e-9,0.0016924227827036108,-0.0006116318409447831,-3.047621197927594e-9,-5.915428125302612e-10,-1.347490366576629e-7,6.33543982922041e-11,1.5823822238690025e-5,-6.755084112578914e-5,-6.0158745279997984e-12,0.000524169135072635,-0.0002791921557837171,-8.683230281947733e-11,4.1431009130557405e-5,0.0004577891532908069,2.611355426257371e-7,2.4538066992129633e-7,5.248047095033311e-6,0.003905259096039617,8.051512883814223e-6,-1.0776343261044558e-9,4.4055544320456185e-5,-0.0004000673180356115,2.1923784946571095e-9,-0.0009294435947827016,-2.2055111179211028e-7,-0.010190759549152311,-6.663739991230812e-5,5.172071095554671e-5,1.3442991933900557e-8,3.4584330108803185e-10,-6.3414679953254e-7,-0.016481235921925227,0.0021635559980537123,-4.6113984207836885e-8,-9.598069286463613e-8,-5.806407569168878e-9,1.236557882748834e-6,0.00033197996062669325,-5.379309326056462e-11,4.869773922336157e-10,-4.534085998432932e-6,1.3696683502898576e-10,1.2586599468613274e-8,1.3141154078116483e-6,1.546486023097187e-5,-1.6288899519034488e-6,1.6755583745763503e-6,-0.0008058661214717428,-7.088422303038457e-5,-5.948160960582652e-12,-5.2571003957510335e-6,-7.738780430983713e-6,4.944613147932194e-5,0.0011068948104432012,0.0071654492249470965,1.5535360397258475e-10,9.593538251438225e-11,-8.179017795862939e-8,-4.025258475028439e-5,1.8897633682506461e-6,4.326011762094199e-6,-4.371518529919384e-9,-4.8990673872198915e-8,-0.0027542016717207723,-0.0007013585932044896,9.82893008797093e-6,-0.0016175523503024034,0.0016364188010533185,-3.6147029477851975e-8,2.532350324098934e-7,-3.875187283839846e-8,7.973479931374485e-5,-0.00011850587597833213,0.0027667426945986616,1.2076408722480584e-6,5.701520632269608e-10,-6.573473004115469e-7,3.5631641258608285e-5,-6.530189469326024e-12,-0.00031582535982363496,-6.24383894038092e-9,0.00972570890466488,6.95098020235144e-10,-7.256272370596846e-11,0.002156565672135524,-1.5386374993476112e-5,0.0009580516295710498,-0.014750902933627406,0.00038325300669413305,-0.0004967038463132121,1.01345779439592e-8,0.00013332129033527044,3.981582083022109e-6,3.274094203338801e-6,0.0009086919600722536,-5.782831688498847e-5,-1.911372566875784e-6,-0.00038957846369999086,-3.2859652837309395e-7,-0.0006951833870997151,-1.1568064686690935e-9,-2.7337829698452245e-5,-4.8028579653578454e-5,-4.1115743570231486e-10,-0.000946627410852321,1.310754556240664e-6,0.00010506004247114005,5.29207785454109e-11,-2.5732581683106567e-10,0.0003724184937077805,0.0007383361495053662,2.024832210996011e-7,-6.888478330207553e-10,-1.7962710093001572e-9,2.872309622601637e-7,-7.641325717419487e-6,0.0006110186418478136,-6.91880714310507e-7,0.00021058582566147805,1.3101897046964427e-10,-0.00020868699514164127,-2.0965500801894043e-7,1.380845405924367e-6,0.0001285080197262883,0.0002782500661162126,7.391735362153081e-9,-1.1168892634938437e-6,0.0011296810286668976,0.0009109642726860557,-1.001618799467376e-8,0.0003107304379113108,0.002114839077871557,-9.92031221395742e-8,-1.598196276271603e-5,3.379600578811894e-5,1.7683549367635567e-6,-1.0749132701384784e-9,0.002622165429515787,1.735075337996119e-6,2.5145641237623685e-7,-0.00025634882503253935,-0.000546948973469844,0.00024596160167474377,-2.9918097639167745e-6,7.027874343645337e-10,4.274260141363558e-10,-0.012300470990819906,-0.003663993388306534,-0.00047110735888455317,3.290595841561084e-6,-1.2572703484458644e-8,0.00022893148892520448,-1.0113317132264849e-11,-2.4348397456058404e-6,-6.438118376301615e-8,-1.204615084204477e-9,-0.0006059311384061239,-8.653577878891062e-8,0.0002716547451152068,-0.0026410137306590096,0.003770173244080857,-3.994711065493871e-11,0.00015004681770252075,0.00011493064664269986,-0.012399201150052361,2.8870960110476382e-5,-0.00013674607745466622,8.708887886720231e-7,1.1029382349119199e-5,9.52495403085238e-11,3.96788725741357e-11,-1.4855983078910946e-10,-0.0039711350101689635,-5.75696434604099e-10,-0.0004438017910182356,-0.0033053175586158774,0.002999022230730997,-4.157404514423438e-5,-7.476809561490487e-5,2.5333569037183384e-5,4.378288620522317e-12,-0.0006298924899415767,-0.0016017162575945535,-0.00012507951412343417,-0.00011405921477185023,-0.0002120295896509737,0.00023862584853398135,2.140136480236853e-10,-0.007920333323801146,-9.715438646411832e-8,8.299942594995423e-5,1.1050004916475771e-5,1.441192537547894e-6,1.3925089644194958e-8,-0.00036819611192315824,-1.304593124480956e-10,-0.0029155855599966854,-4.671772984346617e-5,-7.297440630457103e-8,1.8612386466104206e-5,6.813626110326573e-6,-0.0026245824343436876,-1.5921752235207808e-5,2.992451065174678e-5,1.6038193351468169e-9,5.1384921829266e-6,0.0035382628355870036,-8.727076491711258e-8,0.00033941031525022686,2.1065873146705568e-8,-0.00031952120500494056,-0.0007187395279323007,2.313574393605025e-6,4.63173739940023e-9,3.460178282192038e-7,1.5314169009374018e-6,-2.5615067066991015e-6,-6.557606358641523e-6,-3.219925161751474e-8,1.3138640471477308e-9,0.00020376078776560417,0.00047713274432644646,1.9222573289179438e-9,-1.014927820773959e-5,1.60371793522529e-5,0.004163264125637658,0.007631807655633774,-2.0164792883737604e-10,-5.1804400397737925e-11,0.0011851944213362032,0.004151323541638383,-3.995422354684861e-5,-2.519987193726782e-8,-5.931476895848656e-6,-0.002050493675540192,-2.1667633297195302e-5,4.1754219014442625e-8,-1.342891622573164e-7,-2.3666828163022155e-5,-0.00017017938507110728,-9.680719746040905e-5,0.0008268574708991359,-0.0022421476353801416,0.0007521429684074402,8.718520689627516e-10,3.84361438867184e-10,1.5652085147178206e-5,-0.0003007976435444346,-5.478872576517659e-11
0.0,0.0,0.0,0.0,0.0,0.0,0.0,0.0,0.0,0.0,0.0,0.0,0.0,0.0,0.0,0.0,0.0,0.0,0.0,0.0,0.0,0.0,0.0,0.0,0.0,0.0,0.0,0.0,0.0,0.0,0.0,0.0,0.0,0.0,0.0,0.0,0.0,0.0,0.0,0.0,0.0,0.0,0.0,0.0,0.0,0.0,0.0,0.0,0.0,0.0,0.0,0.0,0.0,0.0,0.0,0.0,0.0,0.0,0.0,0.0,0.0,0.0,0.0,0.0,0.0,0.0,0.0,0.0,0.0,0.0,0.0,0.0,0.0,0.0,0.0,0.0,0.0,0.0,0.0,0.0,0.0,0.0,0.0,0.0,0.0,0.0,0.0,0.0,0.0,0.0,0.0,0.0,0.0,0.0,0.0,0.0,0.0,0.0,0.0,0.0,0.0,0.0,0.0,0.0,0.0,0.0,0.0,0.0,0.0,0.0,0.0,0.0,0.0,0.0,0.0,0.0,0.0,0.0,0.0,0.0,0.0,0.0,0.0,0.0,0.0,0.0,0.0,0.0,0.0,0.0,0.0,0.0,0.0,0.0,0.0,0.0,0.0,0.0,0.0,0.0,0.0,0.0,0.0,0.0,0.0,0.0,0.0,0.0,0.0,0.0,0.0,0.0,0.0,0.0,0.0,0.0,0.0,0.0,0.0,0.0,0.0,0.0,0.0,0.0,0.0,0.0,0.0,0.0,0.0,0.0,0.0,0.0,0.0,0.0,0.0,0.0,0.0,0.0,0.0,0.0,0.0,0.0,0.0,0.0,0.0,0.0,0.0,0.0,0.0,0.0,0.0,0.0,0.0,0.0,0.0,0.0,0.0,0.0,0.0,0.0,0.0,0.0,0.0,0.0,0.0,0.0,0.0,0.0,0.0,0.0,0.0,0.0,0.0,0.0,0.0,0.0,0.0,0.0,0.0,0.0,0.0,0.0,0.0,0.0,0.0,0.0,0.0,0.0,0.0,0.0,0.0,0.0,0.0,0.0,0.0,0.0,0.0,0.0,0.0,0.0,0.0,0.0,0.0,0.0,0.0,0.0,0.0,0.0,0.0,0.0,0.0,0.0,0.0,0.0,0.0,0.0,0.0,0.0,0.0,0.0,0.0,0.0,0.0,0.0,0.0,0.0,0.0,0.0,0.0,0.0,0.0,0.0,0.0,0.0,0.0,0.0,0.0,0.0,0.0,0.0,0.0,0.0,0.0,0.0,0.0,0.0,0.0,0.0,0.0,0.0,0.0,0.0,0.0,0.0,0.0,0.0,0.0,0.0,0.0,0.0,0.0,0.0,0.0,0.0,0.0,0.0,0.0,0.0,0.0,0.0,0.0,0.0,0.0,0.0,0.0,0.0,0.0,0.0,0.0,0.0,0.0,0.0,0.0,0.0,0.0,0.0,0.0,0.0,0.0,0.0,0.0,0.0,0.0,0.0,0.0,0.0,0.0,0.0,0.0,0.0,0.0,0.0,0.0,0.0,0.0,0.0,0.0,0.0,0.0,0.0,0.0,0.0,0.0,0.0,0.0,0.0,0.0,0.0,0.0,0.0,0.0,0.0,0.0,0.0,0.0,0.0,0.0,0.0,0.0,0.0,0.0,0.0,0.0,0.0,0.0,0.0,0.0,0.0,0.0,0.0,0.0,0.0,0.0,0.0,0.0,0.0,0.0,0.0,0.0,0.0,0.0,0.0,0.0,0.0,0.0,0.0,0.0,0.0,0.0,0.05498968301423904,0.0017363038090986195,-1.7562109832959581e-12,-2.57602686242362e-5,-3.5083839594071235e-12,-0.0010357671719119516,5.376121255702034e-10,2.3296116478364845e-6,-4.236185952659038e-12,8.275295399144118e-7,-0.00015058813729913376,-0.0015705176180645564,-0.0001225232739236129,8.193087059507415e-5,-0.0007880019660686738,-3.222260035985866e-10,-0.0007617938919195814,-0.006701217248506622,3.308909805108679e-7,-0.0015868119735238007,-0.0038767922822494213,-7.27310129465579e-5,-1.1004555197347474e-12,-6.774965970233709e-6,1.6026505484091805e-7,-3.407441366809158e-8,0.0020139436173795973,4.5837974034036214e-8,-0.002790594587454236,-1.3374487125265257e-10,0.0007942396884137763,0.002180020413198265,0.0014507891090410614,6.325870600382035e-12,-0.0324144615503576,-1.7169300898843775e-8,1.927865077213032e-12,0.0013419274358354024,2.634698953044423e-12,5.298839682338181e-8,1.0475001970067213e-11,0.00012618784737343215,0.00034461295484762664,-0.005072563840026141,7.404725292961051e-7,-0.00023916541009127063,-2.5969222642675165e-9,-0.0007278510904207009,-1.6942942944582808e-9,-0.011057459899347656,0.0047849360067795344,-0.006593660472950505,9.179562975353909e-12,1.243199353354593e-12,-1.0811986182891628e-9,-3.808735848612545e-7,-1.4148413008140084e-5,-1.3117178773066192e-9,0.0063975280612905425,-2.0516320602405042e-12,0.00014252651148997938,0.011568635483618672,-0.003142153002803622,9.36804295859203e-10,0.00021692015502022848,-1.004346224040672e-11,-3.7940712419130666e-7,3.237349005675128e-12,0.009854346399757841,0.0007823983456783228,-0.0005378268468587203,-2.509652425163986e-11,0.00020911400840416201,-0.0013013467570662616,0.00420807160318975,-7.705416841029976e-5,-7.067435228168717e-12,8.022647886715672e-9,7.857719476908098e-10,-0.0006807790233722907,0.019549729562031472,0.00023290720381981226,-2.5007228381076213e-7,-0.002982377858568561,1.1779516412745166e-12,1.7243628896535568e-7,-3.93792589846483e-7,-0.0022358182950432287,-1.0543857031949103e-10,2.884242945516944e-9,0.004764984679980949,0.008682480370708786,-5.417319787297528e-7,-1.5368915859418732e-6,2.041323477451149e-6,9.345035291060586e-5,1.2439923821835285e-9,-2.2791682164515421e-10,0.0005653817159074767,-0.0011836023093532877,1.690631126335497e-11,-3.227417311740028e-5,-0.0028384249511567445,6.718554774071396e-6,8.38043869700145e-8,7.011599731785597e-5,-2.469540258488477e-10,6.956417347547431e-8,-7.896703313086365e-9,-6.204341383668104e-8,0.00024917469235313984,2.960424718188098e-7,-1.057216392174892e-5,-1.3526528089547616e-10,-2.157695954050439e-12,-5.380183314541634e-7,-0.009173708400190779,4.649957540176992e-12,1.9176474085221894e-10,-7.448623307149549e-12,-1.9670235535918246e-9,6.253987218850595e-8,0.009914417296474335,-0.0021327014716414237,1.1457692520699729e-8,-5.683739809647711e-5,-2.7203951472017575e-9,5.503137195679268e-13,-3.922323513994683e-11,7.509217398098781e-10,1.4264274029127598e-5,4.2600274702806855e-12,-1.657573322647519e-10,-4.143954820597173e-5,-0.004264824909471233,2.8402358452787445e-5,4.2120208437692953e-7,-2.5756810316983405e-10,1.3162494123395124e-8,2.9390194224971826e-10,2.3900170561440816e-6,3.652601844178589e-12,0.0009112234063164519,-4.795924112936736e-5,-2.0450623805645806e-10,4.173331893397774e-6,-2.309321984875244e-10,-8.077405624005368e-13,6.637193823461942e-10,-0.0008430385874639363,-3.0623366231456106e-10,-2.5568793717490987e-5,9.228602857792042e-6,6.311516324572261e-11,-1.7292891334972377e-11,3.836980602674086e-9,1.3088045531843437e-11,4.892928051535582e-6,-0.003253018129685004,1.5077551839096093e-12,0.0022911150490982973,-0.00392402733571822,1.4960618307164328e-11,0.0012595823517198724,-6.97384902973955e-6,-5.617851641761761e-9,-4.0514775130184445e-8,0.0010646018865249464,0.00020389184492419324,-2.1162221415534576e-7,1.157247626208318e-11,7.759454425209024e-5,-0.0004482257314092826,5.53170913835951e-12,0.003182812678600262,3.5645917680546845e-8,4.628320572850103e-5,-3.25902929162004e-6,-8.145892137511559e-7,-1.790614605519333e-8,-3.0526386266185534e-10,2.619493552148431e-8,-0.0009902225914763185,4.559552419741416e-5,4.040159376139723e-10,2.7515147611296622e-9,3.496079247761465e-10,-0.00047585423336428623,-0.008921950866797137,-9.7235023176422e-13,-1.8019405677946044e-12,3.510545780663012e-8,3.5610512542742877e-13,-2.446801659632615e-10,2.092062505888698e-7,-4.472247587311647e-7,2.9035119964837746e-9,7.960968199804659e-9,0.00038973037152906237,-1.72536298842761e-6,-3.1177621927072206e-12,0.00010876457215683418,2.2624342760447602e-7,-2.4207657989057882e-6,-8.544813398711737e-5,-0.00037618701060569026,-1.84053643722761e-11,1.4749111296447668e-12,9.279991221593327e-5,-0.009193173716191229,0.0002236002266052024,2.1473858033258096e-7,2.0980603748952758e-10,7.781351605609211e-10,-0.0005054792807355629,-9.96099614019672e-5,0.0007220243812487943,-0.00010965406980190371,0.002663596245265021,6.677865721317186e-10,0.00035924448084193565,6.034955365267226e-9,-2.4358975742986686e-6,7.562456914858237e-6,0.0009651318897684045,-4.895193269020281e-8,-7.443474651830068e-10,3.3090861376408816e-8,0.001481578049178578,-2.261954845339693e-12,0.0023372659182878956,7.568834397854543e-12,7.396871785996028e-5,2.550426536681961e-10,4.854267984687871e-13,0.00034402704002846834,2.0695994594180032e-7,-2.813059078791544e-5,-0.0023523654982653994,1.0712591725794587e-5,-2.187224618752696e-6,-1.4044928816853735e-10,0.005018528747017041,0.009864713645943223,-2.863674426852566e-7,-6.267041904363735e-5,-0.00391204249767788,8.079577110414536e-7,-0.0007768434048150212,-4.086000265805135e-9,-1.1885654920394538e-5,-1.644165720279898e-11,2.2968639171717197e-7,0.00015778094511713077,2.518095756553163e-12,-0.014048178649948404,2.0579453338115735e-5,2.7429470904316666e-6,-5.578386884709913e-13,7.326608932527816e-11,0.003790756237780173,-0.0042596282066434624,1.127610392129604e-9,-1.3095434866989274e-12,2.9279973668739373e-11,-5.312334921052334e-10,9.90894946556668e-8,0.009106109338784682,-1.1447300926234867e-6,-0.0006474093076386008,2.826602338506081e-12,5.345051803770332e-6,7.769804340653973e-9,-4.7321703336278965e-9,-0.00017292995803868958,-1.2485502536396241e-5,-5.088315189264848e-10,1.1099149958974964e-7,7.270275637484604e-5,9.720082632092173e-6,-2.3216737984524293e-10,0.008924182466289109,0.002385490477663952,1.8351847847334493e-9,3.98561352655802e-7,6.956228607470688e-8,-1.5809144417958767e-7,1.8129704816385986e-11,-0.0001605114196336302,8.262697944693874e-8,-0.00012984615059363257,0.0012013114148873535,1.7053877439910511e-6,0.0029330194701608285,3.880526846414699e-9,1.9242269465643765e-11,-2.0049617427890292e-13,-0.0008301614341587585,0.00016402844807259206,-0.0009228962164581673,1.464904513283726e-5,3.924110349112093e-11,9.215370748211005e-7,2.6938039141014345e-12,-2.0583928110239444e-9,4.119558410348915e-9,-8.324025485103311e-11,-0.001558318214309305,1.8663576742807568e-9,-0.0002987450876198826,-0.00012584771983396658,0.00547458059354097,8.921443369634575e-13,-0.0007961191691461007,-1.0137781632626188e-6,0.0001337145967078696,-0.0007289650224732605,0.0015933565630307166,1.780453750977537e-7,-7.165375677785797e-7,6.362536735816649e-12,5.715690889727717e-13,-1.4789320511010081e-12,-0.00040492294924065624,1.1870699912975776e-11,-3.222055175489399e-5,-0.002866366562600076,-0.00025060639407400857,0.0009022515327968759,-6.374668438920915e-6,0.004281804163758045,1.0758525294257723e-13,-5.188228807924058e-6,-0.001346802185880271,8.047028104258107e-6,-0.009999432187810133,0.0005269841815957,0.0013597327797263508,-2.0247451385553737e-12,-9.465245532845102e-5,4.8817516071574504e-9,-2.2017003240343505e-6,0.0015102472641674808,-8.081032091659078e-8,7.539627261344996e-10,1.3451808388200281e-5,-1.0394680675980074e-11,1.079729295673812e-5,0.0006253784755672789,1.1549340075772899e-9,-1.794562336055009e-8,-6.75647242946478e-8,0.0012190566448963124,2.601067573334517e-7,0.0005422051367216836,2.795839303742957e-11,-1.9766705541977723e-7,4.9295241147845134e-6,3.909657174103353e-10,0.003944523487014795,-2.782902991042064e-10,-0.0026448767426415433,-0.01888558810924871,-0.00042194837747608176,1.5553857357120116e-10,-1.6540986333360862e-8,-7.835487083637215e-8,-1.1458662866128816e-7,-0.0011924921606188293,4.2220967905883173e-10,-4.5699715131563546e-11,-6.615571857051814e-6,-0.0012872540414018646,4.230905514729006e-11,-2.9193581902001214e-7,-8.944137977055342e-7,0.00014080733978543848,-0.00025282236626984414,-1.432038514969268e-11,-3.5899000320888057e-12,0.005347042599695618,1.2662031563526156e-5,3.1168249651225334e-7,1.197865625352985e-10,1.670731349120439e-6,-0.002896551124378053,5.970491173312564e-7,-4.439601746054317e-9,-9.632859753191466e-10,0.00041884863480262104,7.533414037296901e-5,-2.4300954033042827e-5,0.0003659811150755181,5.222230462518885e-5,0.00045707821121218514,1.402475199208805e-11,4.760137417663361e-12,-0.0003811282411778543,1.0444685805781932e-6,-6.032323552107704e-13
0.0,0.0,0.0,0.0,0.0,0.0,0.0,0.0,0.0,0.0,0.0,0.0,0.0,0.0,0.0,0.0,0.0,0.0,0.0,0.0,0.0,0.0,0.0,0.0,0.0,0.0,0.0,0.0,0.0,0.0,0.0,0.0,0.0,0.0,0.0,0.0,0.0,0.0,0.0,0.0,0.0,0.0,0.0,0.0,0.0,0.0,0.0,0.0,0.0,0.0,0.0,0.0,0.0,0.0,0.0,0.0,0.0,0.0,0.0,0.0,0.0,0.0,0.0,0.0,0.0,0.0,0.0,0.0,0.0,0.0,0.0,0.0,0.0,0.0,0.0,0.0,0.0,0.0,0.0,0.0,0.0,0.0,0.0,0.0,0.0,0.0,0.0,0.0,0.0,0.0,0.0,0.0,0.0,0.0,0.0,0.0,0.0,0.0,0.0,0.0,0.0,0.0,0.0,0.0,0.0,0.0,0.0,0.0,0.0,0.0,0.0,0.0,0.0,0.0,0.0,0.0,0.0,0.0,0.0,0.0,0.0,0.0,0.0,0.0,0.0,0.0,0.0,0.0,0.0,0.0,0.0,0.0,0.0,0.0,0.0,0.0,0.0,0.0,0.0,0.0,0.0,0.0,0.0,0.0,0.0,0.0,0.0,0.0,0.0,0.0,0.0,0.0,0.0,0.0,0.0,0.0,0.0,0.0,0.0,0.0,0.0,0.0,0.0,0.0,0.0,0.0,0.0,0.0,0.0,0.0,0.0,0.0,0.0,0.0,0.0,0.0,0.0,0.0,0.0,0.0,0.0,0.0,0.0,0.0,0.0,0.0,0.0,0.0,0.0,0.0,0.0,0.0,0.0,0.0,0.0,0.0,0.0,0.0,0.0,0.0,0.0,0.0,0.0,0.0,0.0,0.0,0.0,0.0,0.0,0.0,0.0,0.0,0.0,0.0,0.0,0.0,0.0,0.0,0.0,0.0,0.0,0.0,0.0,0.0,0.0,0.0,0.0,0.0,0.0,0.0,0.0,0.0,0.0,0.0,0.0,0.0,0.0,0.0,0.0,0.0,0.0,0.0,0.0,0.0,0.0,0.0,0.0,0.0,0.0,0.0,0.0,0.0,0.0,0.0,0.0,0.0,0.0,0.0,0.0,0.0,0.0,0.0,0.0,0.0,0.0,0.0,0.0,0.0,0.0,0.0,0.0,0.0,0.0,0.0,0.0,0.0,0.0,0.0,0.0,0.0,0.0,0.0,0.0,0.0,0.0,0.0,0.0,0.0,0.0,0.0,0.0,0.0,0.0,0.0,0.0,0.0,0.0,0.0,0.0,0.0,0.0,0.0,0.0,0.0,0.0,0.0,0.0,0.0,0.0,0.0,0.0,0.0,0.0,0.0,0.0,0.0,0.0,0.0,0.0,0.0,0.0,0.0,0.0,0.0,0.0,0.0,0.0,0.0,0.0,0.0,0.0,0.0,0.0,0.0,0.0,0.0,0.0,0.0,0.0,0.0,0.0,0.0,0.0,0.0,0.0,0.0,0.0,0.0,0.0,0.0,0.0,0.0,0.0,0.0,0.0,0.0,0.0,0.0,0.0,0.0,0.0,0.0,0.0,0.0,0.0,0.0,0.0,0.0,0.0,0.0,0.0,0.0,0.0,0.0,0.0,0.0,0.0,0.0,0.0,0.0,0.0,0.0,0.0,0.0,0.0,0.0,0.0,0.0,0.0,0.0,0.0,0.0,0.0,0.0,0.0,0.0,0.0,0.0,0.0,0.0,0.054745061366589264,-9.24855869572139e-14,-0.00014911743642495435,-2.9095197524707137e-14,0.004529106299227702,-3.016993254220937e-11,-1.2941291601825243e-7,1.283581476929079e-13,-3.824601014571901e-8,0.008023748356382237,-0.010127858642640878,-0.0019726921166058095,0.0029704732859298618,0.00720065356917153,4.470128145518421e-11,-6.902248547448169e-5,0.0004981533406004026,6.90805812634065e-9,0.000552295387261413,0.0019950517001200694,-1.4021799893425337e-5,-1.90641441639273e-15,4.9452894045587106e-6,-1.1535161805358407e-8,1.716075096518132e-8,0.0024212533710329977,-2.090354176394632e-9,9.414283679153417e-5,2.436338409595637e-12,-0.00608970857846237,-0.006017549546654102,-0.00027983758621513623,2.2371987765283033e-12,0.00012909532159305302,-1.4936817899706015e-9,-4.084801539879447e-13,-0.004788534381178124,3.711157837470825e-13,-9.952498470973614e-10,8.900036219635276e-13,2.4781717085208655e-5,-0.008157429256361887,-0.00893225152646782,2.1779098741905213e-7,-0.0037696173407514516,8.903948789664894e-9,-0.00480115865204209,2.9147413790699577e-10,-0.0039839316315018435,-0.001338832721414233,-0.0007837867127057005,-5.2920969243887335e-14,8.470286466799979e-14,1.2491601924070444e-10,7.982113144765727e-9,-1.2999631921365345e-5,1.8469959634968232e-10,0.007652595832780674,-1.4014986432620308e-13,-1.386454356761151e-5,-0.0013122334737579145,5.486017942023646e-5,-8.213722057166688e-11,0.018194534276371344,-9.140353063832935e-13,4.5893529996891875e-8,1.8261025689473093e-13,0.008207316712455346,0.0044300629727205745,-0.004222448112312626,1.1725120698773072e-12,0.001972880531833033,-0.004937317823861744,0.005286679863926225,5.5959444673219474e-5,-4.917172961721426e-13,2.4242474728576438e-9,-3.6110338053902785e-11,-0.0023315712331209424,-0.0015942459428412302,-0.005223981906863371,5.361510736864787e-9,9.988190445483267e-5,-4.883768665748755e-14,-9.521436632523704e-9,3.325757556702564e-7,-0.003401578595846959,-2.6649866100987857e-11,-6.3127671657006e-12,0.00043008810444947524,0.0005923090680728332,2.176169740597692e-8,-1.1084864209876472e-7,-1.6384019931004855e-7,-4.2871707240304994e-6,-4.230251662228396e-11,1.127092109270162e-11,-0.015140903022456612,1.4039028279118487e-5,1.3539433453960588e-12,1.1093717221571022e-6,0.00038874909155999583,-1.0592367702905856e-6,7.347622106702526e-9,-5.26732225585329e-6,3.2564180352186194e-12,-6.674465469333581e-10,-1.6704406617916477e-10,-4.231551801420595e-9,0.025478164818699255,-3.908986367244651e-9,6.291642915621215e-8,1.0033439254762041e-11,1.0881863668199695e-13,-5.415984540565882e-7,0.0029362149416414752,2.0245580765859488e-13,-1.7791825106781244e-11,3.0845318039153312e-12,-4.028880296918939e-11,2.0882669149940644e-10,0.004349211083239415,0.00011098481714884308,-1.5813072422091446e-10,4.208050352582197e-6,-1.2614965121856465e-10,-3.8810038387615173e-13,-6.2049569095344445e-12,-3.645496106701555e-10,-9.878647390836949e-7,-2.7258221579928005e-13,5.1845963844798685e-12,-3.4603916400413226e-6,-0.002423440610000463,8.492997322052948e-6,-8.681579511249552e-8,1.616089109679741e-11,-2.4917955755683697e-9,-4.471545710473926e-12,3.799288184874633e-8,-2.0307136691767354e-12,-1.130151287627615e-5,-3.89338626727519e-5,-1.4013324566658379e-11,-4.5002636975690205e-7,-1.1470370431590915e-11,6.712649844474094e-13,-7.810286878813134e-11,-0.006220055245349819,6.555489345013674e-11,-2.1607333759663278e-6,-4.3975790277629275e-7,-3.126761563977779e-12,-1.0857054243412098e-12,-5.486772822207632e-10,2.0203665154034813e-12,-6.50634494253877e-7,0.001644874201934851,8.380784175037275e-14,0.00014781729521939376,-0.004999093396822723,-1.2328967544930592e-12,-0.011512362949203792,-1.0659033397468224e-7,1.0764412299365313e-10,3.279528570655827e-9,-0.00029930434770596734,1.1518202203955113e-5,2.3965729835113437e-8,2.74112766397405e-12,0.017060086140915743,-0.002139114574791563,-1.096458396778836e-12,-0.0005991440178960851,-6.83787118066374e-10,-3.846292843638808e-6,2.693962847425207e-7,-2.0856813487485443e-7,3.170280074947453e-10,-3.2867752374550864e-11,-1.9440984596633376e-9,5.7800852720888463e-5,-2.2677776430939036e-5,1.0585751148149699e-10,-1.1255697149048587e-11,-7.698953282163205e-12,-0.0076396222794020315,0.0012927822696032056,-3.5977833993666034e-14,2.530824979871739e-13,-1.8865412613653938e-9,5.0480025439461225e-14,4.989355469685967e-11,-2.2837781092065e-8,5.7830897054601796e-8,-4.260268965104511e-10,2.470826992339328e-9,-0.0002901710519306112,1.5854265980881207e-7,2.0984602325123064e-13,0.0013700208533926287,2.0246881622140152e-8,1.7307389071832476e-7,-3.964612240966782e-6,3.4758465422088525e-5,-7.574512730600554e-13,1.971338648608551e-13,0.0005517724772644427,-0.001083366457001799,-0.00640755685263411,-2.8270327401775298e-8,4.7265300538686265e-12,-6.58070309543233e-11,-4.4906355135092036e-5,3.957225596285819e-6,0.005847317071784306,1.0671193504596252e-5,0.00018204771208756512,-6.375470791237167e-11,0.0010000347161170052,-1.615522255652197e-9,5.813438915559413e-8,-2.484977715788811e-7,0.0002494610078490226,3.420372431873401e-9,4.335180195211129e-11,-7.947394416828998e-9,0.00803484420239014,-1.0459743298749472e-13,-0.00021912186875527168,-1.2915446430814735e-12,-6.228239896427184e-5,-2.719646007153575e-12,6.991459926089833e-14,-0.00021340554550352197,-1.1594618558931458e-8,2.5493298268940143e-5,0.00020454507283534522,-7.892162660106953e-7,5.602294377453225e-7,1.2543922873939133e-11,0.0005070559316107554,0.0016779826568998298,9.83270468417027e-10,1.366129284923634e-5,-3.6682465651657274e-5,-7.001599032726112e-8,7.411301080648304e-5,2.543302822051931e-10,1.503559489591659e-6,-4.996031176441161e-13,4.754999634440452e-9,0.001011546961863002,-8.971476986329869e-13,-0.0012618796496860337,-0.004204163569312872,-1.8927412752186853e-7,-6.368317378316184e-13,2.682546705671376e-12,0.003939423600768538,-0.0005513481878097771,1.582155268886115e-10,-1.376446909979031e-13,-4.824775180777134e-13,3.802465400082724e-10,-3.703712099711003e-9,-0.0003060684558618454,1.3063336243389161e-7,-0.0005789186894289239,1.6614621657496197e-13,-3.929797464908973e-7,-5.790823174869655e-11,6.121182450800609e-10,0.00031727884337309136,1.1646454044595138e-7,-5.2167699213190354e-11,-8.842450204052181e-9,-3.6584496431588117e-6,-3.1204167913769964e-6,-1.1921147157518908e-11,0.0061346061395349165,-0.00021863566591245805,8.737004474081966e-11,-2.3367007710259707e-8,-1.4239222079132148e-8,1.2278561904144656e-8,-2.4341227261172804e-12,2.5500300210738447e-5,-6.5551714333617e-9,0.0014535924151359572,0.0007964692177176156,-4.058970439365968e-6,0.007942543327038065,1.9001970116459246e-10,-3.6268932242211914e-13,2.585405486956604e-13,5.511820818442796e-5,-4.693161343814558e-6,-7.070751215974003e-5,-0.006039499043792718,-7.2506244593641e-12,-2.3819384570030846e-7,9.43995815134083e-14,-2.7422924357254633e-9,-6.011029603506023e-11,6.984054753619393e-12,-0.00037688830104278985,-1.1972650096835502e-10,4.496263625178013e-6,1.374183117488351e-5,0.00026547440916768663,-1.6808906866823477e-13,-0.0008590830775520652,-2.6932244468843073e-9,-6.732567991318199e-6,-0.0007542773681619262,-0.006605917527677552,-1.4098486714428413e-8,3.390343554248277e-8,3.868503546495711e-13,5.64087618329422e-14,-5.16810116656967e-14,-1.2240454773649946e-5,-2.8128240301019326e-13,5.431427224703504e-6,-0.00037311258712804387,0.00011117604536916477,-0.0019616617008523245,7.959001754556397e-7,-0.0006922319446177024,2.2693763687194e-14,3.715528346756787e-7,8.794625575741048e-5,-3.5746212979240776e-7,-0.0020918838302694774,-0.0030897053608917894,-0.00039831473776956916,1.2884793977194137e-13,-2.1195396747833266e-5,3.4079322825910895e-10,2.408710416419452e-7,0.03355959227680912,1.8373431915891398e-9,-2.5075244546918324e-11,1.5101561904263732e-6,-6.04180995711553e-13,7.779676187494325e-6,0.0011479935876212548,9.013814704141618e-11,-4.1024226079436646e-8,-6.382856168900025e-9,-0.00026588955853913226,1.3720510205708476e-8,-0.0077417209447117954,-1.198681017331565e-13,1.6191511400249129e-9,1.7347536625219747e-6,1.0951006058650055e-10,0.005066020678917355,8.364946582353186e-12,-0.0023040751779624343,-0.0003058311687251413,0.007685200081526009,2.228969906754559e-11,7.137900273916286e-10,3.850599281878308e-9,-4.4340832355577634e-9,0.014951046217819331,-4.967616274481204e-11,1.8383210946309254e-12,4.4798687699951045e-7,0.00027539670612475504,6.504784257329563e-12,1.7496338043128584e-8,3.8574267156150895e-8,-7.816298114658255e-6,4.11784984366732e-5,1.0079966241033332e-12,-3.1289616373816843e-13,-6.357974168681904e-5,-1.6952228781374138e-5,1.888589643064605e-9,4.279207284099147e-11,-2.9369347875824917e-7,-0.00013202421153788086,2.6884734150260912e-8,5.025089315417535e-10,-3.134425646657622e-10,0.006602347459723066,-0.00021120654106445506,5.789424514577013e-7,-4.7574440505581206e-5,5.553941279976646e-6,-3.730824664147714e-5,-1.5544111156530631e-12,1.0064044378071219e-12,0.0032717843477301847,6.992980913135275e-7,4.1756655417719217e-14
0.0,0.0,0.0,0.0,0.0,0.0,0.0,0.0,0.0,0.0,0.0,0.0,0.0,0.0,0.0,0.0,0.0,0.0,0.0,0.0,0.0,0.0,0.0,0.0,0.0,0.0,0.0,0.0,0.0,0.0,0.0,0.0,0.0,0.0,0.0,0.0,0.0,0.0,0.0,0.0,0.0,0.0,0.0,0.0,0.0,0.0,0.0,0.0,0.0,0.0,0.0,0.0,0.0,0.0,0.0,0.0,0.0,0.0,0.0,0.0,0.0,0.0,0.0,0.0,0.0,0.0,0.0,0.0,0.0,0.0,0.0,0.0,0.0,0.0,0.0,0.0,0.0,0.0,0.0,0.0,0.0,0.0,0.0,0.0,0.0,0.0,0.0,0.0,0.0,0.0,0.0,0.0,0.0,0.0,0.0,0.0,0.0,0.0,0.0,0.0,0.0,0.0,0.0,0.0,0.0,0.0,0.0,0.0,0.0,0.0,0.0,0.0,0.0,0.0,0.0,0.0,0.0,0.0,0.0,0.0,0.0,0.0,0.0,0.0,0.0,0.0,0.0,0.0,0.0,0.0,0.0,0.0,0.0,0.0,0.0,0.0,0.0,0.0,0.0,0.0,0.0,0.0,0.0,0.0,0.0,0.0,0.0,0.0,0.0,0.0,0.0,0.0,0.0,0.0,0.0,0.0,0.0,0.0,0.0,0.0,0.0,0.0,0.0,0.0,0.0,0.0,0.0,0.0,0.0,0.0,0.0,0.0,0.0,0.0,0.0,0.0,0.0,0.0,0.0,0.0,0.0,0.0,0.0,0.0,0.0,0.0,0.0,0.0,0.0,0.0,0.0,0.0,0.0,0.0,0.0,0.0,0.0,0.0,0.0,0.0,0.0,0.0,0.0,0.0,0.0,0.0,0.0,0.0,0.0,0.0,0.0,0.0,0.0,0.0,0.0,0.0,0.0,0.0,0.0,0.0,0.0,0.0,0.0,0.0,0.0,0.0,0.0,0.0,0.0,0.0,0.0,0.0,0.0,0.0,0.0,0.0,0.0,0.0,0.0,0.0,0.0,0.0,0.0,0.0,0.0,0.0,0.0,0.0,0.0,0.0,0.0,0.0,0.0,0.0,0.0,0.0,0.0,0.0,0.0,0.0,0.0,0.0,0.0,0.0,0.0,0.0,0.0,0.0,0.0,0.0,0.0,0.0,0.0,0.0,0.0,0.0,0.0,0.0,0.0,0.0,0.0,0.0,0.0,0.0,0.0,0.0,0.0,0.0,0.0,0.0,0.0,0.0,0.0,0.0,0.0,0.0,0.0,0.0,0.0,0.0,0.0,0.0,0.0,0.0,0.0,0.0,0.0,0.0,0.0,0.0,0.0,0.0,0.0,0.0,0.0,0.0,0.0,0.0,0.0,0.0,0.0,0.0,0.0,0.0,0.0,0.0,0.0,0.0,0.0,0.0,0.0,0.0,0.0,0.0,0.0,0.0,0.0,0.0,0.0,0.0,0.0,0.0,0.0,0.0,0.0,0.0,0.0,0.0,0.0,0.0,0.0,0.0,0.0,0.0,0.0,0.0,0.0,0.0,0.0,0.0,0.0,0.0,0.0,0.0,0.0,0.0,0.0,0.0,0.0,0.0,0.0,0.0,0.0,0.0,0.0,0.0,0.0,0.0,0.0,0.0,0.0,0.0,0.0,0.0,0.0,0.0,0.0,0.0,0.0,0.0,0.0,0.0,0.0,0.0,0.0,0.0,0.0,0.0,0.0,0.0,0.0,0.054458099562919055,5.702090423746312e-12,-0.0013396051606810338,-1.0185468699944012e-13,-2.1205165650568282e-5,1.5492533741273448e-8,0.010584904596986085,2.8750552163011217e-9,5.3155940173602065e-15,7.514730514209808e-14,-3.4085070469351325e-14,2.4713337788018028e-14,-4.743681768610084e-14,-0.0001161425012052644,6.453009501579972e-11,6.9558050360007586e-12,-8.134940107093649e-8,-2.1828206972519147e-11,-2.168892478046881e-13,1.0106760108309402e-9,-0.002543369613542352,-1.667011793266e-9,2.9140761335920514e-7,1.4120368825571743e-7,-8.6125020887753e-13,-7.133054266239657e-7,5.4320152963498456e-11,0.00029875665094746635,7.427559510910034e-14,-2.8033206943803e-13,-2.0147241833109184e-11,-0.0009444409132159933,1.878503642133268e-12,9.829789373006026e-6,0.0006772979565333116,7.724295717449998e-14,-0.0044071238658360285,-5.8365390437829145e-6,-0.0025966451228841537,8.583724372139123e-11,3.7954463224865253e-13,-9.981280961043286e-14,-8.243251437004066e-9,1.702514640136971e-14,-5.368514496131399e-7,-4.162494665835023e-14,-2.8032178177673023e-5,7.73761140843274e-13,-6.9254121901321426e-12,1.2018274983967201e-12,-0.01806337322721414,0.001082075410329699,-3.62402895260881e-5,1.9520895095145275e-7,2.2695505921792948e-10,5.967700748680715e-6,3.043108754047345e-14,-0.00248302729522777,-9.12142750949538e-11,1.4475407639188387e-12,3.605229408078294e-11,4.352284983430841e-5,6.948587777300127e-14,0.001762300515333554,-3.0151376470247236e-9,0.0006616345969420206,-1.6661205418487986e-12,6.925130085267176e-14,2.7791970148944034e-13,-0.0015530964291821726,3.760837586432756e-13,-5.53658467410674e-13,2.275277350214928e-13,3.5368459455927978e-12,0.006737779703423089,1.0158019032098433e-7,-5.042848817261668e-5,-2.0766665022465587e-13,1.2614663485765713e-13,-3.2215402138764125e-14,3.672226024176973e-7,-1.7728463353671133e-12,0.0006745449749487882,1.7509926394309442e-7,-2.6353468440448184e-8,-3.627686327062611e-13,-3.0783501484926467e-6,-1.2114437976528591e-5,4.629301430629515e-12,-6.064810445457933e-12,-1.1530286245029924e-7,7.403937294246878e-8,8.389381773952093e-9,5.13999363414042e-10,-7.841514343184973e-5,-3.4021886981220986e-5,7.89724406785505e-14,1.0556262525714503e-11,-0.00026116982486317994,5.032424242494714e-9,4.5454453534313576e-12,3.120695708773756e-9,-7.153550067197849e-7,-1.8319888203454245e-9,6.2719753743424995e-6,1.9030491781444997e-6,-1.6893136236936686e-6,-5.5693963690184e-7,-3.8538381815863166e-14,-3.11270407356103e-7,-4.842854618597855e-10,-0.00010208028436934837,0.007618869556219013,9.20807985924337e-10,-4.70540928488168e-13,-0.01944420393902747,2.3339533785393265e-5,0.0003386080175091923,2.630385295121285e-5,2.7810523193079567e-7,5.475462584953867e-13,-2.2081160949483415e-11,-5.166439256514311e-6,1.0763490058826624e-9,2.060881180896253e-6,0.0004791319487220348,0.0006608351054363219,-6.6330674107955785e-6,-1.0688481347853546e-9,0.0033337207992488833,0.00010029075705899059,-6.509329644050685e-10,2.2061544755439834e-14,-2.227141276650753e-10,-2.1967939517673184e-8,-8.531735067460476e-6,1.3671280812174087e-6,-0.00018514937349436032,9.285359136472028e-9,0.0034347820109820967,-2.7717933822763408e-11,5.643464266625338e-12,0.00023072596773189696,3.376240848242616e-9,3.262104878845477e-6,-0.00014946334333669725,4.275639535652368e-5,4.1031426987784973e-14,-6.7231163119139295e-6,2.9334944643250635e-9,-2.1168725949780957e-10,0.00014452037162088877,0.0028342366803865266,7.324803143628926e-6,-0.0006591255042889346,1.8318968158075413e-8,1.1125671533166349e-13,0.0020240269953794242,-5.757635049561356e-12,5.803632680029354e-13,0.0017721630499491002,-1.6064375400408863e-13,6.833414805481964e-9,1.16711716078527e-6,-3.6616409075872066e-7,-4.395136082461172e-14,-2.910741140353537e-10,4.6290193679323373e-8,-0.0006749088008445127,4.365927050973419e-14,6.6775841698291e-13,-0.0010339168105588062,-3.844253199075248e-12,-7.989782610598486e-8,-5.020941056135984e-11,-2.775097078895896e-9,2.1927046071369375e-8,1.0055348790890578e-6,6.838032225902322e-5,3.3237552008133786e-6,-5.459239039485702e-11,8.247569263697709e-10,-8.823631891929398e-7,8.448213945551477e-6,-0.000129958465752121,-3.52203091006926e-14,1.5325321668416557e-12,0.0020234215617409403,0.0006571680411447952,-1.3110622368209258e-7,-0.03283269612733696,4.589961227375383e-5,2.0435259358828551e-7,-8.216277546190232e-8,5.506646883252771e-7,-7.320780753453894e-7,1.0297403630650017e-13,5.580281673272217e-9,0.0028177591173854824,-1.4623606785444548e-15,-3.339797801614287e-8,1.0151063817071391e-10,4.2953477488107065e-10,3.80633458012314e-11,0.004271215626278947,-0.00210720482197098,1.432972414956741e-14,1.986478526645827e-15,-1.4246466063741354e-14,-8.587517683198288e-9,5.535468420751597e-5,4.3281022681718165e-5,5.920254952358501e-11,7.504027760921427e-10,7.544547580745949e-14,6.944641177905597e-10,-2.2079961816285603e-11,-9.327340253376759e-7,-1.9547296237459108e-14,-3.833565354216659e-6,-2.3429065314511984e-8,5.134467948699173e-10,-6.326295751081881e-12,-5.827513727411565e-7,4.482189519681316e-6,-3.479528209360972e-7,5.772596194025383e-14,-0.003256048191591413,-1.8250989422581263e-11,0.00010815026915444182,1.5968556182439167e-11,-0.00016647142257305203,0.009336471097024545,-3.525437807160958e-13,-3.4576943566032246e-8,9.782818531316058e-11,2.6839122133356635e-11,1.1683803031216458e-9,-1.8595827628774133e-9,-7.676062134132324e-5,-1.0983021941688558e-13,-6.723363029916415e-13,5.625766766930929e-7,-3.4568731017732254e-10,-3.0282809549066587e-12,1.4360986805220831e-8,2.892622546560978e-11,3.697111289720273e-6,1.444368865399648e-9,0.0001664410537670168,1.836988892623023e-8,2.1318025487490985e-13,0.0015470812146047665,5.342878461688382e-12,-2.2931347337796762e-14,-2.6227952691587795e-9,0.0019806837041982453,-0.00023603049801354032,-6.939110744420837e-14,-1.6089640397188687e-12,-1.8537351610474545e-6,0.0002631255869508576,-0.0001654216691026502,-6.934813988472319e-6,-1.4498617812953165e-7,-3.940210232465129e-13,-3.6772412241117663e-10,1.6625892461928472e-12,-0.012811424854924243,2.232542004883856e-10,-1.492558291273806e-6,-1.9836059177927395e-7,1.1719641233874496e-13,-5.157441534943598e-10,3.917543130655225e-5,1.0890839010375862e-7,3.03802153512918e-10,1.1099475469669031e-9,1.264280149940478e-5,-5.508355939018393e-13,-1.8645489139969928e-11,-3.5869272227072075e-6,2.71540818055997e-7,-1.4792132190134506e-7,8.064467637403716e-8,0.0005671878824053181,-7.920278637087421e-11,-1.2883939399358328e-7,-8.727859337411302e-15,1.2986274987558194e-12,-2.9153366679925335e-10,-1.3257465280375057e-12,3.2512637933124356e-7,0.00016448736186487061,-0.0026617859674443276,-7.445185506928531e-11,-1.3185899080604307e-9,2.046540481771123e-11,2.1848009278155632e-14,6.314684874432559e-5,8.95175864904851e-9,-0.00036091352273650494,4.859451083101966e-6,-1.440812075073498e-5,0.0003077969296839717,7.048096527484237e-12,-4.196416416798165e-6,1.0810262947563727e-10,-2.883571403015576e-10,-7.947244971442444e-12,-0.0007154949906338886,-3.398939074064204e-13,2.4031110269102424e-8,3.873640175223941e-11,-1.9327348763596716e-14,6.098686018047561e-13,6.924751384093483e-8,4.063437299835418e-8,-0.0323220292986135,0.0004004345464896795,0.03478393587134247,2.6936515217648587e-11,-0.0006689788792323033,-7.76946772399641e-10,1.5352119545190253e-11,3.438869632537595e-12,-3.805668697977929e-14,-1.3975128524576065e-9,2.341797428761022e-12,1.956621226356766e-5,-4.311214723603748e-11,7.518106475181474e-11,5.27760158121638e-9,9.080917772782287e-13,-1.0765851719376886e-13,8.781781199044833e-13,0.001366691673297459,-3.627439136608847e-11,9.262410254153806e-7,-4.834601418168204e-9,-1.2705475673542869e-15,1.9140295890219757e-6,-3.236628889887676e-5,-1.0987577845320004e-9,0.0006483104423116653,-7.728915958068132e-10,-2.146241601232167e-12,-5.158854592724136e-6,7.15313960042724e-8,2.4235041096416263e-8,2.174195735526484e-11,-7.234310228157099e-10,-7.033142202853502e-14,0.0003184116029794858,2.434522821143301e-8,-1.0864272614808458e-10,6.785097116891379e-6,-1.2133406618817436e-12,0.0001259576235906306,8.613986826238402e-13,2.1877604348283155e-12,-1.6049844998663365e-14,-4.0990978085877046e-5,1.3281179087808858e-6,-7.212857174849864e-8,8.557952205142831e-8,9.791356906624524e-14,-3.299619692868632e-5,-1.1402986452677035e-5,2.0446806676942567e-9,4.665412191485656e-12,-0.00017454553268528186,8.530766641428648e-8,6.640456751989506e-9,-3.429129010845919e-12,-1.3437993441649803e-10,-0.0012384679884523124,0.011611827597791731,9.6092576890691e-12,3.6745511795920064e-10,1.505262956837476e-8,6.354118776180804e-6,2.0341670222759668e-8,7.93690429248524e-12,-6.7282491620837215e-9,3.064160757566069e-7,1.7800839949821947e-6,-5.208883073355579e-14,3.5630066344599475e-12,-5.6624379390065337e-11,-4.726103646114391e-11,1.1829387087393982e-10,-4.782523521185292e-11,0.0001395572503481409,-0.001883587175663135,-1.8183851516438462e-14,-6.390228987256894e-10,0.0256852912516656
0.0,0.0,0.0,0.0,0.0,0.0,0.0,0.0,0.0,0.0,0.0,0.0,0.0,0.0,0.0,0.0,0.0,0.0,0.0,0.0,0.0,0.0,0.0,0.0,0.0,0.0,0.0,0.0,0.0,0.0,0.0,0.0,0.0,0.0,0.0,0.0,0.0,0.0,0.0,0.0,0.0,0.0,0.0,0.0,0.0,0.0,0.0,0.0,0.0,0.0,0.0,0.0,0.0,0.0,0.0,0.0,0.0,0.0,0.0,0.0,0.0,0.0,0.0,0.0,0.0,0.0,0.0,0.0,0.0,0.0,0.0,0.0,0.0,0.0,0.0,0.0,0.0,0.0,0.0,0.0,0.0,0.0,0.0,0.0,0.0,0.0,0.0,0.0,0.0,0.0,0.0,0.0,0.0,0.0,0.0,0.0,0.0,0.0,0.0,0.0,0.0,0.0,0.0,0.0,0.0,0.0,0.0,0.0,0.0,0.0,0.0,0.0,0.0,0.0,0.0,0.0,0.0,0.0,0.0,0.0,0.0,0.0,0.0,0.0,0.0,0.0,0.0,0.0,0.0,0.0,0.0,0.0,0.0,0.0,0.0,0.0,0.0,0.0,0.0,0.0,0.0,0.0,0.0,0.0,0.0,0.0,0.0,0.0,0.0,0.0,0.0,0.0,0.0,0.0,0.0,0.0,0.0,0.0,0.0,0.0,0.0,0.0,0.0,0.0,0.0,0.0,0.0,0.0,0.0,0.0,0.0,0.0,0.0,0.0,0.0,0.0,0.0,0.0,0.0,0.0,0.0,0.0,0.0,0.0,0.0,0.0,0.0,0.0,0.0,0.0,0.0,0.0,0.0,0.0,0.0,0.0,0.0,0.0,0.0,0.0,0.0,0.0,0.0,0.0,0.0,0.0,0.0,0.0,0.0,0.0,0.0,0.0,0.0,0.0,0.0,0.0,0.0,0.0,0.0,0.0,0.0,0.0,0.0,0.0,0.0,0.0,0.0,0.0,0.0,0.0,0.0,0.0,0.0,0.0,0.0,0.0,0.0,0.0,0.0,0.0,0.0,0.0,0.0,0.0,0.0,0.0,0.0,0.0,0.0,0.0,0.0,0.0,0.0,0.0,0.0,0.0,0.0,0.0,0.0,0.0,0.0,0.0,0.0,0.0,0.0,0.0,0.0,0.0,0.0,0.0,0.0,0.0,0.0,0.0,0.0,0.0,0.0,0.0,0.0,0.0,0.0,0.0,0.0,0.0,0.0,0.0,0.0,0.0,0.0,0.0,0.0,0.0,0.0,0.0,0.0,0.0,0.0,0.0,0.0,0.0,0.0,0.0,0.0,0.0,0.0,0.0,0.0,0.0,0.0,0.0,0.0,0.0,0.0,0.0,0.0,0.0,0.0,0.0,0.0,0.0,0.0,0.0,0.0,0.0,0.0,0.0,0.0,0.0,0.0,0.0,0.0,0.0,0.0,0.0,0.0,0.0,0.0,0.0,0.0,0.0,0.0,0.0,0.0,0.0,0.0,0.0,0.0,0.0,0.0,0.0,0.0,0.0,0.0,0.0,0.0,0.0,0.0,0.0,0.0,0.0,0.0,0.0,0.0,0.0,0.0,0.0,0.0,0.0,0.0,0.0,0.0,0.0,0.0,0.0,0.0,0.0,0.0,0.0,0.0,0.0,0.0,0.0,0.0,0.0,0.0,0.0,0.0,0.0,0.0,0.0,0.0,0.0,0.0,0.0,0.0,0.0,0.0,0.0,0.0,0.0,0.0,0.0,0.05326071345694697,-1.370835759298711e-11,4.0959719432944756e-5,6.019230661440986e-10,1.0587560907195817e-7,4.6640462622164714e-11,-3.5864801103460104e-6,-5.407015866179153e-6,-1.6489682111580477e-6,-1.0063056413305834e-6,-1.7428129842866264e-6,9.682014569153121e-6,5.4455889868574485e-9,0.021966705009617345,0.0046457468523693314,-9.139732275252319e-6,0.0042130435639405,-0.0006916753060087871,0.002383142348762222,-6.19229584793361e-11,0.00047900221126504535,3.1591245701318766e-7,-3.832708177862488e-6,0.0007671454593028704,7.165722216312267e-8,0.004927446389086262,-2.645366713759902e-9,1.2519317511968433e-5,-7.330155516116583e-6,0.0006225109701939729,-4.006509816494967e-10,-0.00040203638247011573,-8.3161615429427e-8,-3.901235669932446e-11,-2.1445443975103987e-5,-3.7680328053878147e-10,-1.353952266795314e-7,8.907491601959028e-10,-0.0063000042467377775,0.0001966298887433211,0.00010022801183173594,-0.00012718556625450532,-8.80507977659074e-7,-2.7375328544703003e-7,-1.1441653024639806e-5,-3.259866000502299e-8,0.00024479707129452415,-0.002885145191574973,0.004045775238664831,2.2387664618533937e-11,-2.6938060996480447e-13,-7.280964610057044e-9,-1.31781054384037e-6,-0.006753303509308389,3.3215532436223544e-8,0.0002597370092954663,2.5199344451083286e-10,0.009462703637857079,0.0003889593642097242,-0.016507961462847748,-6.468905168611485e-10,2.675440118988737e-5,3.0911243529024643e-10,-1.4336707696703214e-5,2.1702331980393557e-10,0.00018965066036904395,-1.7392853297324447e-5,-0.00018549116819930066,-7.629081740251051e-11,-4.4146124970121166e-5,0.00024418908596066753,-0.0008828343878010777,-0.0108304128357402,1.1562280406549245e-10,-3.6209275623238193e-7,2.1417919905527975e-8,0.0001040812907121814,-0.00019542894521594662,-1.189562093830739e-5,1.1303324832040703e-6,0.0006951838522250139,-3.073766410686944e-12,1.1642937930400698e-6,-2.3721502573782418e-5,-0.0007277240679907742,9.702851731354451e-9,3.6386622374317503e-8,-0.0011359838714374083,0.006095545719091597,8.695783989246495e-6,3.8960766540358037e-5,-0.000194493420797887,-0.002118711872094294,1.6538546983039834e-8,1.5052816465100527e-9,-2.2121715417648622e-5,-0.018715373304236803,-3.579855112858564e-10,5.658388024724146e-5,0.004301664821336577,-0.000131843844926827,-4.072907681740078e-6,0.0003877733511894051,8.55073092588919e-9,-1.514795735899895e-6,1.641981597468524e-7,3.692502405370699e-6,2.5280073425297853e-5,-2.918004787611006e-7,0.00041570631110854735,-7.570709910072881e-10,-2.8011713572428914e-12,9.321879747555392e-5,-0.00020422888977313176,2.4057301836448724e-11,1.9729166281000587e-9,2.0880648300809455e-10,-6.565247220928727e-9,-6.469570864674758e-7,-7.565431446104208e-5,0.0028947840215897435,8.307990097580118e-8,0.00046163057131421754,2.3981720673337896e-8,-1.351812625155378e-9,1.1282007349213967e-9,7.247210051964383e-8,0.00010977210842084509,-5.336095452371776e-11,1.257708597774412e-9,0.0018965658596432045,4.8197916672409806e-5,-0.0007342274465365093,-7.176115971047731e-7,-4.535524293831317e-9,-1.9369540626517497e-7,3.6885118925837016e-9,-3.0315190943879347e-5,1.519804106342654e-10,-0.00270024563736267,0.005499876193229855,3.762293817800917e-9,-9.37638005820969e-6,-1.644772395640088e-8,9.743880238288974e-11,7.047699192382461e-9,4.679954963294913e-6,1.1624490120326552e-8,0.00014581673652019363,-4.087988572982634e-5,1.7905681155684587e-10,-1.229321794111463e-10,-1.6235534455323412e-8,-1.377433269401686e-11,7.268904492141798e-5,8.018939706221506e-5,-6.738191190838204e-12,0.0005430055808564117,0.0007781338212483072,3.399752639096826e-11,-1.0212065374516232e-5,-0.00011717121449843367,3.0851073780269185e-8,-9.281423699099047e-8,-4.907280863146781e-5,-0.00803960721601884,-5.907569292852337e-6,-3.137899740146583e-10,-4.8897224568954425e-5,8.948805345996801e-5,1.131161510320726e-9,-0.00804906793434386,-2.90553375951182e-7,0.003936729527138545,5.158228546735517e-5,5.195928619044552e-6,4.813216031306244e-7,7.542644068866636e-9,5.738085716416956e-8,-0.014402017708873727,0.002846697528489851,2.4526515413307532e-8,-3.298917199736693e-8,2.8071121736841584e-9,5.650613387361264e-6,-0.0019602937068742927,6.319267398157207e-12,-7.430678717715228e-11,7.144382176214279e-7,4.4267649404623286e-11,-1.137875410985452e-8,-1.8612956396211723e-6,8.675759299373292e-6,3.925185830570358e-7,-3.359858675353188e-7,-0.004347847612354146,-3.066136001299628e-5,-2.973929705449077e-11,3.3982915979074946e-6,-2.9982132299365478e-6,1.6966588868316353e-5,0.0008037034331866442,-0.007866732205655718,1.3878433872101304e-10,9.937530986766577e-12,1.1890999416382403e-6,-0.00010162334767061043,7.552771591248504e-6,2.359661675095129e-7,-1.7456842329663947e-11,-1.8374471093054188e-9,0.010810256685725973,0.0001904944786950307,-1.2287938671574479e-5,-0.0011878563211966367,0.003592306039493801,6.603120041237713e-9,-8.120716658238025e-6,6.475829302226593e-7,3.190634022430207e-6,-2.4162203899779578e-5,0.01768337623723162,-1.8906429269654368e-7,2.335642669267746e-8,2.0527635244799787e-6,-1.2594237275766225e-5,1.9525812560250378e-11,0.0013446692404395057,-1.4732153729671734e-9,0.02983736574637046,-1.6409848756752738e-9,-2.977159239017711e-11,0.018210303975191765,-1.0262378269648087e-6,-0.005276809912830932,0.00507471990048316,-0.00019277833008130867,0.00019996322475781885,1.271225813584607e-9,0.0002565229800927267,-0.00040961688182122825,2.2814957669889073e-6,0.00200639338610737,-0.00021953674917731415,-1.6960120380670136e-6,-0.0034973217178665703,-1.5092706083896228e-7,1.5461447002156118e-5,7.088276705208479e-10,-2.381580219003581e-6,-7.267515568032481e-5,7.662644468364243e-11,-0.0010940712059578218,6.293329257627335e-6,0.0001268481424293871,-6.090269759681815e-12,-1.7899867345536864e-9,-6.5708983972537305e-6,0.0007382068671970722,2.4673503260182846e-8,-2.7185066366699e-10,1.7502110554848733e-10,-7.994386628557674e-8,8.148739519886079e-7,-4.98318320006495e-6,-1.7758129959975814e-5,0.0031909053139492364,4.00315185742122e-11,-1.2429728808823036e-5,-4.837184156519215e-8,8.990383470568427e-7,0.00011839067831435321,0.00039520358445956197,1.4005799603170003e-8,1.171634672182321e-7,0.00026578821937094706,0.0003144829861275465,1.1983968566605749e-8,4.096486769984751e-5,0.01024023165053978,-6.731115631376052e-8,-4.771767677696629e-6,9.059484525041643e-6,-1.3612675257758712e-6,-1.0069464669386606e-10,0.003715063200263623,2.867022082212274e-7,-1.2018327515724646e-7,-0.00015622627181306878,0.0006222403002736759,0.00021802071810228762,-4.436079463473696e-7,1.1645103375731672e-10,8.038396457653004e-12,0.001989786674941687,-0.0003680900809560242,-0.002330625484506953,7.728472165594374e-6,8.073894887938925e-11,-7.10491354004443e-5,-6.859253477753891e-11,-8.385549817290453e-8,3.195989933166126e-8,-7.782160041058113e-10,0.0068696720428898265,-2.951149409682672e-9,-0.0003316780018845345,-0.00022025902125981077,0.004557558836316172,2.8234920347597073e-11,-2.79789668703254e-5,4.111922584949707e-5,0.0013407721873555578,4.1930374659807333e-7,-8.737478700498375e-5,-5.822939241497058e-7,1.0777352170245907e-6,3.965928209156743e-12,1.1158281204539743e-11,-3.6785059137791094e-11,0.007964826864525702,-3.479274983149291e-10,-0.000179516042690356,-0.009243210797165441,-0.010348615216318371,1.0614964346735086e-5,-0.00015464654516482223,-0.00015108154063994228,-9.211328160465203e-13,-0.00015080673332739454,0.003910527295597785,2.4599368544672068e-5,0.00022984576338553456,0.0001278834471954216,0.00025055879025239424,7.65775157403561e-11,0.017342546381342843,-1.7603174965416925e-7,-4.6323858928756784e-5,3.440325351368139e-5,4.906588138611635e-8,-8.018617951125744e-9,-0.0006671866583416077,4.5900853689303065e-11,-0.0010381992654400103,-0.002768339064717598,-5.4788074927889744e-8,3.2070428334572773e-6,2.6872532016286874e-6,-0.017393305989556494,-1.31281339858172e-5,-1.4761812932660093e-5,-3.1169396038914774e-10,1.1529025931010449e-6,-0.00044914697041706657,-4.805431738476343e-8,-0.0002430081130481122,-1.1086658570488545e-9,0.0002722373785616778,-0.001481276293927957,2.31592521334269e-6,-6.307952361385593e-9,-2.7954061567524217e-8,6.439492164548674e-8,1.0206710090912668e-7,-2.769382660230736e-5,3.8830559118193866e-8,4.954732783411204e-13,-0.00031628435672379765,0.0025043209878866904,-1.5854845808509616e-9,1.7811941147485982e-6,-8.99970522678983e-7,0.0013474634167044636,-0.006830691758532693,3.468074451569635e-10,2.6650318501823044e-11,0.006745234378715124,0.0026268017379987153,8.668178361264608e-7,-1.9417362188913627e-8,3.5207865476678575e-5,-0.007082235580259062,-1.7723182034753248e-5,-8.868198966660667e-8,1.5103281493320483e-7,-4.8520874782656086e-5,-0.0018386063481973995,-1.7988572185995756e-5,-5.562155262878997e-5,-0.0032337192679753398,0.004165853335658364,7.228337939272096e-10,-2.3302037995259125e-10,-3.289139343428169e-5,-0.0001100311977582391,-1.020798885521664e-11
0.0,0.0,0.0,0.0,0.0,0.0,0.0,0.0,0.0,0.0,0.0,0.0,0.0,0.0,0.0,0.0,0.0,0.0,0.0,0.0,0.0,0.0,0.0,0.0,0.0,0.0,0.0,0.0,0.0,0.0,0.0,0.0,0.0,0.0,0.0,0.0,0.0,0.0,0.0,0.0,0.0,0.0,0.0,0.0,0.0,0.0,0.0,0.0,0.0,0.0,0.0,0.0,0.0,0.0,0.0,0.0,0.0,0.0,0.0,0.0,0.0,0.0,0.0,0.0,0.0,0.0,0.0,0.0,0.0,0.0,0.0,0.0,0.0,0.0,0.0,0.0,0.0,0.0,0.0,0.0,0.0,0.0,0.0,0.0,0.0,0.0,0.0,0.0,0.0,0.0,0.0,0.0,0.0,0.0,0.0,0.0,0.0,0.0,0.0,0.0,0.0,0.0,0.0,0.0,0.0,0.0,0.0,0.0,0.0,0.0,0.0,0.0,0.0,0.0,0.0,0.0,0.0,0.0,0.0,0.0,0.0,0.0,0.0,0.0,0.0,0.0,0.0,0.0,0.0,0.0,0.0,0.0,0.0,0.0,0.0,0.0,0.0,0.0,0.0,0.0,0.0,0.0,0.0,0.0,0.0,0.0,0.0,0.0,0.0,0.0,0.0,0.0,0.0,0.0,0.0,0.0,0.0,0.0,0.0,0.0,0.0,0.0,0.0,0.0,0.0,0.0,0.0,0.0,0.0,0.0,0.0,0.0,0.0,0.0,0.0,0.0,0.0,0.0,0.0,0.0,0.0,0.0,0.0,0.0,0.0,0.0,0.0,0.0,0.0,0.0,0.0,0.0,0.0,0.0,0.0,0.0,0.0,0.0,0.0,0.0,0.0,0.0,0.0,0.0,0.0,0.0,0.0,0.0,0.0,0.0,0.0,0.0,0.0,0.0,0.0,0.0,0.0,0.0,0.0,0.0,0.0,0.0,0.0,0.0,0.0,0.0,0.0,0.0,0.0,0.0,0.0,0.0,0.0,0.0,0.0,0.0,0.0,0.0,0.0,0.0,0.0,0.0,0.0,0.0,0.0,0.0,0.0,0.0,0.0,0.0,0.0,0.0,0.0,0.0,0.0,0.0,0.0,0.0,0.0,0.0,0.0,0.0,0.0,0.0,0.0,0.0,0.0,0.0,0.0,0.0,0.0,0.0,0.0,0.0,0.0,0.0,0.0,0.0,0.0,0.0,0.0,0.0,0.0,0.0,0.0,0.0,0.0,0.0,0.0,0.0,0.0,0.0,0.0,0.0,0.0,0.0,0.0,0.0,0.0,0.0,0.0,0.0,0.0,0.0,0.0,0.0,0.0,0.0,0.0,0.0,0.0,0.0,0.0,0.0,0.0,0.0,0.0,0.0,0.0,0.0,0.0,0.0,0.0,0.0,0.0,0.0,0.0,0.0,0.0,0.0,0.0,0.0,0.0,0.0,0.0,0.0,0.0,0.0,0.0,0.0,0.0,0.0,0.0,0.0,0.0,0.0,0.0,0.0,0.0,0.0,0.0,0.0,0.0,0.0,0.0,0.0,0.0,0.0,0.0,0.0,0.0,0.0,0.0,0.0,0.0,0.0,0.0,0.0,0.0,0.0,0.0,0.0,0.0,0.0,0.0,0.0,0.0,0.0,0.0,0.0,0.0,0.0,0.0,0.0,0.0,0.0,0.0,0.0,0.0,0.0,0.0,0.0,0.0,0.0,0.0,0.0,0.0,0.0,0.0,0.0,0.0,0.0,0.0,0.05324357259909809,-5.679083858438323e-13,8.382174637492138e-5,5.468970781325054e-9,0.0006759178462618187,1.7786925615497922e-8,5.4089628174341766e-14,4.1556228279418236e-14,-1.196886793472747e-13,-4.519315054560835e-14,-5.028425211653327e-13,0.00014486378988308273,5.791666572957865e-10,-7.383712066793865e-12,4.5367363723031903e-7,-1.272408277158013e-10,-1.9372545358447105e-11,8.976886394469594e-10,0.0012013749918157704,-2.7203369138092927e-9,-9.453019260122601e-7,1.6909844249327685e-7,-2.146214857776588e-12,-2.323617078762086e-5,2.341143243347154e-10,0.0003437063943928588,4.314519256878596e-14,5.236812514620028e-13,-1.0957703977918407e-10,-0.003761802381100833,7.781392036257139e-12,1.389466619985368e-5,-0.017052268224057563,2.682807566850916e-13,-0.0010197316136133395,7.868383829819148e-6,-0.001291142369048832,-1.9065669869223053e-10,-5.277464183830413e-12,1.2205541067427432e-12,3.5645651156602884e-8,1.2882799424836523e-13,-2.2312282361350237e-6,7.669159693464277e-15,5.7905658543201025e-5,3.3639400221928123e-12,1.8892523513609278e-11,2.080252134094908e-11,0.006374474841916969,-0.016624616080910593,-3.854264445241828e-6,4.784621271903205e-7,4.5847177912598617e-10,-9.144183625791953e-6,-1.5671407937039034e-13,-0.003353691757417458,-2.6234198730328616e-11,2.523205654904582e-12,5.98278544165753e-11,0.0002319260617531143,-1.849193404436901e-15,0.0017229906191291143,-5.948577606236183e-8,-0.0019409684458874367,1.3884046305663478e-13,9.12052256450532e-14,2.0263665559225436e-13,0.008059025967630766,6.277786286751818e-14,-3.547834101448587e-13,-3.736910543453324e-12,-2.6514874450918347e-11,0.002372261527930669,1.5292445800508675e-6,-6.026622084628496e-5,1.3924997178370963e-13,2.2822654715670933e-13,-1.913713104360586e-14,1.0885183176815364e-6,-4.385768873075102e-12,-0.019570320415665542,9.417425749761432e-7,1.6942916720728352e-8,4.4943780337828795e-12,0.0003023207038202764,-1.3819936294645761e-6,1.4987501812953166e-12,-1.888901434373396e-11,-2.638524747784534e-7,-8.938318256565524e-8,1.4523364231947862e-8,-1.8969340292259655e-10,8.927607177559784e-5,0.0008077324817212826,6.89533319817459e-14,4.1367664621703433e-11,-0.002289568929174266,5.435211671242095e-9,1.1784064298485254e-11,2.5962340406879015e-10,-1.578454670896647e-6,-2.2738710001501916e-9,8.227515356253333e-5,9.558917202903058e-7,6.411464853783424e-6,2.6216053488473698e-8,2.5209391597553928e-14,-3.962171009153526e-7,6.971601174944905e-10,-0.00012956644761929906,-0.0001154715001985095,-1.752164387518282e-8,-1.4350517252457955e-14,0.0019352013708672142,-0.0006957246013768632,0.0001457172113608869,8.174206907261096e-5,-5.732698872435168e-6,2.2718808593205723e-13,3.902297768307761e-11,-3.406603030861594e-6,8.010445448251697e-10,3.926484172077855e-5,0.00036683343979869014,0.0008155750371598506,1.411746049715324e-5,5.315332230100474e-9,-0.0005131590933121913,-5.539282165133967e-5,6.251362902580094e-10,6.997178722388864e-13,-2.6452416892162254e-9,-1.3704550008101638e-7,-0.000207927086731947,6.801366801786175e-6,0.00036280299229216864,-2.92988566755848e-8,0.0006795687264593704,7.406438262070008e-11,1.242480850369759e-10,0.0007266261299658667,7.631851107604097e-9,-9.988749648346882e-6,-0.0001981952242208186,-0.0003138646982578458,4.021291379489093e-14,6.26272491402163e-6,5.585876588249604e-9,7.94896466004917e-10,-0.000451548191902918,0.0032844730306218527,-8.903204298259278e-6,0.0004862213957600176,-1.6212560600934376e-8,-5.900159520415796e-13,-0.0035885484165799225,1.0740208527689251e-11,3.6663516360528465e-12,-0.027438620213578766,2.1255862087144492e-13,1.758266064411847e-8,-3.012065835737742e-6,3.8129439705652793e-6,1.8667260102537553e-13,-7.787312974176219e-10,-3.721006555866091e-8,0.0011465160180253466,5.2674787775273547e-14,5.481959481749257e-12,-0.0021779311391655906,7.458788321069256e-12,-2.345493661852057e-6,1.1636694822009727e-9,-2.0001614523266986e-8,-1.1500192915817997e-8,8.25159618192788e-7,0.00018331008667850357,-7.796979133362425e-6,2.336758640200291e-10,1.304783084018871e-9,2.5307288353593388e-6,3.410311016548496e-6,-0.00010110265409156869,-6.720681019621605e-14,-3.141984120869373e-11,0.006118429697940911,-0.0008898884912517081,2.1538545128812132e-7,-0.00884933321078227,-9.145391456248383e-5,1.0791797386673463e-6,-8.728347590160085e-8,2.1507343709862817e-6,-7.396401848666961e-7,3.265467230525124e-11,5.8226672087388664e-8,0.02003697224237756,-6.747488123509686e-14,-6.707991524957487e-8,-2.0701467103838978e-8,9.222142747992507e-10,6.271091343134437e-11,-0.00421208717836425,0.0036260887054621843,5.755284217559809e-14,-1.1484095664629122e-12,-2.3478010605972914e-14,-1.1938792768659414e-7,0.00012325021026495005,-0.00013529201930340733,-4.362911553466896e-11,9.419810249226696e-10,2.065972671425704e-13,2.9877132467617425e-10,-8.833649734829328e-11,8.72399952502452e-5,-5.214169626934337e-14,4.949441096712282e-6,2.1051623285782188e-8,-2.4532858378029065e-9,-6.043217614975197e-11,-3.1227082465354156e-7,3.280447391761857e-5,-1.2654777560570485e-7,-1.0521545981581547e-12,0.0015938982313221728,-1.0129656734726674e-10,-0.0003932956573965436,1.6613776165529862e-11,5.780282069561358e-5,0.004340162670418685,-2.160340388593191e-11,2.7042346503677127e-7,2.723161883392961e-11,2.3677220176155973e-11,8.347668017588215e-9,-2.9192679572190887e-9,0.00013543075960382775,7.033993145020068e-13,-7.343054386150429e-12,1.7307971846025705e-6,-2.5410042016237523e-10,-2.4315534990445523e-12,1.5550794412227856e-8,1.2547783587556976e-10,9.024233574405347e-6,5.427944441778579e-9,0.000705635900538046,7.24303976371926e-8,1.9091600355435412e-13,0.0010218839653562215,2.0567705980205017e-12,-7.961408052218066e-14,-1.4776373424407952e-8,-0.013384335556264183,0.00024387145850142516,1.7080738604848477e-12,5.074383920674304e-12,-1.3777856139038743e-6,0.0011112466336239111,-0.0008219854613428419,-1.4153798468859177e-5,3.7831838176569377e-7,-2.308975022062133e-12,1.6721457563298183e-8,-1.0059786240079306e-11,0.001355854099467661,7.522456053909161e-9,6.145152340371736e-6,-1.9891484080889257e-6,2.210624285654862e-12,-6.552787737812685e-10,6.782264726401852e-5,3.772852178286801e-7,-5.569373230168778e-10,-7.064486214003519e-11,0.00018084501315954966,-1.2736767936799744e-12,-1.6450925865782782e-11,-6.449190868661705e-6,6.316587791437541e-7,-8.583128799796514e-8,7.905070243433498e-7,-0.00342926601056172,-3.3866413244277614e-11,-3.7207235922313575e-7,-6.1418170075850694e-15,1.654491267665611e-13,-2.0855261410882757e-9,9.919625350186975e-13,3.0567740041169975e-6,-0.004989575069318107,-0.01899305700074804,2.760067961042293e-10,-1.9510518638127838e-9,1.264461224872929e-11,7.100608623526125e-14,0.00016074580635067927,1.5335896663994785e-9,-0.002129160319530009,9.54512152701925e-6,-1.7514555064536747e-6,0.0001341039084729576,4.730404227660514e-12,-9.966040599351869e-6,2.810688171752916e-10,1.507903746931362e-9,-2.8390470036640943e-12,0.0042692314256046245,6.485360851008768e-13,-9.364230847355873e-8,-6.981457576626189e-11,-1.7342480094246846e-13,1.7989217202622317e-13,-2.885964589093665e-7,1.3904878606643227e-7,0.0008569311152739353,-0.005899747928894565,-0.0012654353861330217,-7.002851655242634e-11,0.0051120646517708234,1.0001248684453358e-9,2.4834017728924153e-11,2.147975009162739e-11,-4.80208495104745e-13,-1.0299470153547622e-9,6.413600061394548e-12,-0.003617409283295475,-6.211079952038391e-10,8.450793840606998e-11,-8.554885624544723e-9,3.622570782694734e-12,-1.976716656623025e-12,-4.538015163854535e-12,0.0007680638107636701,2.8298476868694987e-10,-2.0234991277574542e-7,-1.0854720695640471e-8,-4.469366722535945e-14,-6.974307134352874e-7,3.3121790348940614e-5,-4.0933701593623945e-9,0.0022226420381307867,-6.440547466078175e-10,-5.6611190036152295e-12,-2.4343604744699566e-5,5.412472463829768e-8,1.1500257479484299e-7,1.2791813720471556e-10,1.4136853290943873e-7,8.206812265896248e-14,0.0006165981888911603,-9.272798321700878e-8,-2.3462618001163465e-12,4.759600697343128e-6,-1.0095367345062487e-12,-4.577477388789164e-5,2.567480828786304e-12,5.713182991692006e-12,-2.297553557814231e-14,-0.0001217291756240561,-7.392714004037195e-7,4.330431363181683e-8,6.527331518283834e-8,-4.1017855643237724e-14,3.842278686067636e-5,-0.00014181572822516463,1.5810667206245764e-8,2.4389409612021982e-11,-0.002116531527656957,-5.0485446775452185e-9,4.4663350772685544e-8,-2.798589662004457e-10,-2.496933862777996e-10,-0.0018220054576565557,0.0017501074433406388,4.342614794356467e-12,2.754908228913945e-10,6.720169438247058e-8,-5.106208177485889e-5,-1.2254483611733327e-8,3.0436808614765684e-11,-8.126652994916181e-8,-7.78494349771687e-6,2.0666829828278984e-6,5.364478097975674e-13,2.0369404033656462e-11,-9.744286792347962e-11,1.2210517978974436e-11,-4.935399379312818e-11,-1.6315274062978787e-10,-0.0029335226588063754,-0.0009095979617776464,-3.2317521127150987e-13,-6.8458293837536615e-9,0.0009454960635322823
0.0,0.0,0.0,0.0,0.0,0.0,0.0,0.0,0.0,0.0,0.0,0.0,0.0,0.0,0.0,0.0,0.0,0.0,0.0,0.0,0.0,0.0,0.0,0.0,0.0,0.0,0.0,0.0,0.0,0.0,0.0,0.0,0.0,0.0,0.0,0.0,0.0,0.0,0.0,0.0,0.0,0.0,0.0,0.0,0.0,0.0,0.0,0.0,0.0,0.0,0.0,0.0,0.0,0.0,0.0,0.0,0.0,0.0,0.0,0.0,0.0,0.0,0.0,0.0,0.0,0.0,0.0,0.0,0.0,0.0,0.0,0.0,0.0,0.0,0.0,0.0,0.0,0.0,0.0,0.0,0.0,0.0,0.0,0.0,0.0,0.0,0.0,0.0,0.0,0.0,0.0,0.0,0.0,0.0,0.0,0.0,0.0,0.0,0.0,0.0,0.0,0.0,0.0,0.0,0.0,0.0,0.0,0.0,0.0,0.0,0.0,0.0,0.0,0.0,0.0,0.0,0.0,0.0,0.0,0.0,0.0,0.0,0.0,0.0,0.0,0.0,0.0,0.0,0.0,0.0,0.0,0.0,0.0,0.0,0.0,0.0,0.0,0.0,0.0,0.0,0.0,0.0,0.0,0.0,0.0,0.0,0.0,0.0,0.0,0.0,0.0,0.0,0.0,0.0,0.0,0.0,0.0,0.0,0.0,0.0,0.0,0.0,0.0,0.0,0.0,0.0,0.0,0.0,0.0,0.0,0.0,0.0,0.0,0.0,0.0,0.0,0.0,0.0,0.0,0.0,0.0,0.0,0.0,0.0,0.0,0.0,0.0,0.0,0.0,0.0,0.0,0.0,0.0,0.0,0.0,0.0,0.0,0.0,0.0,0.0,0.0,0.0,0.0,0.0,0.0,0.0,0.0,0.0,0.0,0.0,0.0,0.0,0.0,0.0,0.0,0.0,0.0,0.0,0.0,0.0,0.0,0.0,0.0,0.0,0.0,0.0,0.0,0.0,0.0,0.0,0.0,0.0,0.0,0.0,0.0,0.0,0.0,0.0,0.0,0.0,0.0,0.0,0.0,0.0,0.0,0.0,0.0,0.0,0.0,0.0,0.0,0.0,0.0,0.0,0.0,0.0,0.0,0.0,0.0,0.0,0.0,0.0,0.0,0.0,0.0,0.0,0.0,0.0,0.0,0.0,0.0,0.0,0.0,0.0,0.0,0.0,0.0,0.0,0.0,0.0,0.0,0.0,0.0,0.0,0.0,0.0,0.0,0.0,0.0,0.0,0.0,0.0,0.0,0.0,0.0,0.0,0.0,0.0,0.0,0.0,0.0,0.0,0.0,0.0,0.0,0.0,0.0,0.0,0.0,0.0,0.0,0.0,0.0,0.0,0.0,0.0,0.0,0.0,0.0,0.0,0.0,0.0,0.0,0.0,0.0,0.0,0.0,0.0,0.0,0.0,0.0,0.0,0.0,0.0,0.0,0.0,0.0,0.0,0.0,0.0,0.0,0.0,0.0,0.0,0.0,0.0,0.0,0.0,0.0,0.0,0.0,0.0,0.0,0.0,0.0,0.0,0.0,0.0,0.0,0.0,0.0,0.0,0.0,0.0,0.0,0.0,0.0,0.0,0.0,0.0,0.0,0.0,0.0,0.0,0.0,0.0,0.0,0.0,0.0,0.0,0.0,0.0,0.0,0.0,0.0,0.0,0.0,0.0,0.0,0.0,0.0,0.0,0.0,0.0,0.0,0.0,0.0,0.0,0.0,0.0,0.0,0.0,0.0,0.0,0.052642421109551266,8.021081605729846e-11,7.691770839113507e-8,5.519838468253667e-13,-4.5375306643610645e-8,0.005090367968897366,-0.0024493744561051825,0.0019315143600240226,0.0034042198979109305,0.030196663728097244,6.248654278757039e-11,-4.1796501557722517e-5,9.740171693102896e-5,9.63896062582203e-9,0.0003168979944348243,-0.0004340886607867443,-1.0996298713054102e-5,-3.0402684098769493e-13,2.24883738830047e-6,-2.733051669932124e-9,-1.6527724938821503e-9,0.0015931989221963081,9.085304198588861e-10,-7.116026490770404e-5,-9.606228906242424e-12,-0.0007444749576709244,-0.012926747364363524,7.895478986082237e-5,8.563064540062617e-13,0.0004702807695874995,-1.8313481580062738e-9,-3.585614532585464e-13,-0.0042123587061087394,-7.006687657492765e-13,1.1232507027275138e-9,-1.0347304604841096e-12,1.3959897709587364e-5,0.002889593415495997,-0.0009688294945199432,-8.813729520377098e-7,0.006203860511598821,9.513164519845049e-9,-0.005588632902858217,9.091898225310914e-11,0.0010906951394898336,-0.00019685726261601532,-2.3590619057705373e-5,4.044722630604237e-13,4.2616706693706407e-14,6.774951966955793e-11,1.4737099422334902e-9,6.054989778108915e-6,5.762476250849635e-10,-0.0030127061670228643,2.4103184866509674e-13,-5.538103280325123e-6,-0.0002852866675822623,-7.750385662022418e-5,-1.5263028567708882e-10,0.007206067973979214,-1.1710967657960866e-12,-1.538603168378939e-8,3.585647717735814e-12,-0.0026811196347124346,0.006257475581477185,0.0012380081681100297,-2.54990171803936e-12,0.0014701665598852293,0.002069462497604283,0.0005283766651688946,1.4901689705753444e-5,-2.8947363473710074e-13,-4.952180829936876e-10,3.105437242546885e-11,0.0007128706767348341,0.0008298118648386772,-0.01126599075432736,-8.845415350894452e-9,0.0010952559808558573,-1.047645594353343e-13,9.046012622380964e-9,-3.458130011959435e-8,-0.0011364748447024356,-6.509451884822983e-11,3.453939258230596e-10,-0.0001703494428288056,0.00015014601355017035,3.371212294428967e-8,-3.63578362765877e-8,-4.866850611186669e-8,4.9081398590202605e-6,2.8556423258490383e-11,5.2604291803526885e-12,-0.004104134646501327,-0.0001135932968298844,2.9774068540051178e-12,-8.658650751413251e-7,0.00019434953818918275,-3.301432528003189e-6,1.344061007391781e-10,4.1601747870742656e-7,3.021947753091068e-11,-3.7858091019599793e-10,-1.7894015114529975e-10,-3.4626187471195563e-10,0.0046882087296887705,1.828276054198546e-8,-6.112503576165485e-7,3.2225279018619912e-12,-3.5365586380504796e-14,-1.6226314944281748e-7,0.0004835263179461583,4.3113912699383386e-13,8.43727895214786e-12,1.0939930757565769e-11,-9.49388798422957e-11,7.202545324957472e-9,0.0009428400914141536,7.80367892177454e-5,1.2049930576017796e-9,2.0459546350355668e-6,1.3931913567371055e-11,3.4852027855185382e-12,-9.51247758366545e-12,-1.9771714027960906e-10,1.0403472260962057e-7,-8.497283043072709e-13,-9.250442581741225e-12,-1.4199846257492089e-6,-0.01157070684243473,5.075906040580516e-6,7.483866945270536e-9,4.439128985226684e-11,-2.5114389797148714e-9,-6.002407039273255e-12,8.86498932223237e-8,-1.2265168160085781e-12,-4.383564292194994e-5,-4.092338847515423e-5,-1.3871344125862571e-11,2.8720076449669874e-7,-5.563384696322406e-11,4.5415405338109465e-13,-1.239452878914064e-11,0.002168878901396322,-5.365115486370856e-11,-3.7795697186800254e-6,4.003289067288325e-7,7.054581763968099e-13,-3.0089108444267196e-12,-5.106378157225257e-10,2.0265333970970186e-14,1.2057463499739594e-7,-0.0012596179488707007,3.840523784393935e-14,-0.00036845795835806444,-0.001996429387717258,-4.03045416327528e-14,-0.023460243102384638,-7.098925608419379e-7,-4.167920217357321e-11,1.2272964165073463e-10,-0.00709817073915229,1.6603287418902138e-5,1.1036744758197703e-8,-8.180827782062255e-14,0.002665193586201182,-0.0020044005406573955,-7.43744135060076e-14,-0.00016382124829720146,1.6882980769660874e-9,6.243717929051953e-6,1.3163898296755975e-7,-2.7430325471139097e-8,1.2884637169874902e-9,-5.591542867358662e-11,-4.0294459913008385e-10,-2.9946111938067323e-5,-4.8613370879580086e-6,1.6478696572033435e-11,1.1972636025592798e-10,1.0417326654730757e-11,-0.0040348408288454,2.386188193919081e-5,3.791114436141933e-14,1.9764261469643866e-12,-3.411255795599234e-9,-6.631658206662489e-14,8.615476407284794e-11,-2.1336274114120227e-8,3.1181429021965583e-8,9.612385606900844e-10,-1.2730093021172497e-10,0.00018387343325778664,-1.5686258182027704e-7,2.2228552053382226e-14,0.006561473551565515,1.5918374791235543e-8,8.456545128720961e-8,-1.59893814235486e-5,-9.957715851630556e-6,-1.044792284334667e-12,4.323780100352112e-13,-0.00017100556678179015,0.009280362516341635,0.002686067214509639,-3.774195241685002e-9,3.080442726180163e-11,-4.1081029815443735e-11,5.866611826352225e-6,1.1735543545993714e-7,-0.02900714977035641,-2.4550518188946183e-6,-4.88613678954625e-6,7.711547574656128e-12,-0.002849150268333799,1.3667737492849955e-10,-1.5416923711095086e-7,4.007959513052837e-7,0.00011911405412402469,9.062110043599263e-10,-9.91111709084811e-12,-1.077477694643948e-9,-0.0038818338652207175,-1.5653402657369356e-13,0.00023669557027375087,-2.1076034566364986e-11,8.043068104553446e-5,1.5144385526068057e-12,6.602593152408096e-14,0.0002725175594171389,-5.733238463254338e-8,7.001082845613461e-6,7.720926444433754e-6,-6.643931272240905e-7,2.6292422498723686e-7,1.2405207724003883e-11,-0.004157394739121723,0.001439046677611722,-1.0503558102143153e-8,4.561139901250958e-6,0.0005866823475458153,3.551134793321248e-9,-2.9750808028069732e-5,1.0632246256311788e-12,-4.319891141643393e-7,-2.6198850042222453e-12,-2.1258071799066918e-8,0.0015780347121686043,-6.139994655371067e-13,-0.00043413601494404584,-0.0009196991846345582,2.807044265202864e-7,-5.505290541266545e-13,6.850917643573251e-12,-0.0008876191706473931,0.0004860419425606704,5.265286058440222e-10,-7.534139697831365e-13,-1.1677942028977032e-12,7.885535157500152e-11,-6.612851752975879e-9,-0.0005766397957504785,1.5845700777612187e-8,0.0005287101141854193,2.823111388803195e-13,-3.485393520503031e-8,1.382298063395014e-10,6.781656117877023e-9,-0.0003505606004906784,-6.185096613071524e-7,-6.63624001595245e-11,4.290668174925609e-9,4.014948757158855e-6,-3.3394666286015006e-7,-2.0702289805559733e-11,-0.002459012107510378,-1.4881409465301019e-6,4.635688677860477e-11,-1.2117710560518367e-8,1.863878595286864e-8,-2.344501356050158e-9,-1.2788979770483104e-12,5.986063421024099e-6,1.1258641836991431e-9,1.5984832940168927e-5,0.00023913633187477742,5.017577356100223e-7,-0.003282843298919181,-1.635117638185786e-9,4.471201878601643e-12,8.00340093835628e-13,-7.340275981904059e-6,1.1856956220026929e-6,-2.8485146466960714e-5,0.004433395143438626,-2.263148434258549e-11,4.608381861753402e-8,1.8966631675755872e-13,-2.9367878474431672e-9,3.0430020346959655e-10,5.922880929983379e-12,-7.988988473905027e-5,2.2729417683419564e-11,-6.301047600283015e-6,-1.3727387717329373e-5,0.0003650448672786087,3.811933842840239e-14,-0.00011959957930080633,1.3713053137324352e-8,-1.3180194777367587e-5,-0.0021099045259472837,-0.002978103175657275,-5.112819206718354e-9,-3.18052297059678e-8,4.1593877513272073e-13,8.660824259509508e-14,-5.2635259002458064e-14,5.224470410352219e-6,-1.487930750772474e-12,3.348228035860105e-7,-7.828211382868863e-5,-2.354880370691691e-5,-0.0016962535998136371,-2.1318244505395556e-7,0.00015084196405544737,2.613440145900097e-15,-1.4042193235810508e-6,-2.8553578862110907e-5,3.7438509228851063e-7,1.2622473794383007e-5,0.0030421678961562626,0.003219438491002181,2.5903767888809315e-13,-9.0650788940046e-6,4.0613602061180523e-10,-7.886396224620276e-8,-0.001472348124751755,-3.159729234494242e-9,4.5419198568623914e-11,4.0431186804567334e-7,-1.8184671430419774e-12,3.909720263893433e-6,-6.922356467643011e-5,8.56566998616729e-12,-1.3517730728683895e-8,-9.254257400112689e-11,-0.00017756217963809648,-1.73591454464229e-8,-0.025111268600118867,2.83846924710648e-12,-8.845248014305154e-9,-5.983071079654441e-7,-6.158528283568115e-11,0.0003083834289522546,5.521023794983231e-12,0.00012825332530886878,-0.00042517535493247834,0.0014665692582755852,2.4269381442925387e-11,-1.0031627437799816e-10,-2.685973647522249e-9,-9.892577468217786e-10,0.0008599959656280097,1.3980703223580326e-11,-2.7192190912264197e-12,-5.82365914044695e-7,-1.6141881216293322e-5,9.166549147330453e-12,-1.3607220405664251e-8,-1.8154469734980043e-8,6.790504000012744e-6,1.1770455604138995e-6,1.043707830907494e-12,-7.121580811652476e-13,2.8702107147093638e-5,-6.857807097602274e-6,2.336502649051771e-8,3.533972836288536e-11,-2.711963691534172e-8,-0.00012935004960886628,4.5344914285540536e-8,6.278277843132218e-11,2.9785298185668133e-10,-9.836745003755016e-5,-0.00010210466795987641,3.3652774872291863e-6,-9.989869553351245e-6,7.209299307258313e-7,-1.6334593811918853e-5,4.0716719908683365e-12,3.366905493738729e-13,-0.002886991535560792,5.45797085996177e-7,1.1851026471524127e-13
0.0,0.0,0.0,0.0,0.0,0.0,0.0,0.0,0.0,0.0,0.0,0.0,0.0,0.0,0.0,0.0,0.0,0.0,0.0,0.0,0.0,0.0,0.0,0.0,0.0,0.0,0.0,0.0,0.0,0.0,0.0,0.0,0.0,0.0,0.0,0.0,0.0,0.0,0.0,0.0,0.0,0.0,0.0,0.0,0.0,0.0,0.0,0.0,0.0,0.0,0.0,0.0,0.0,0.0,0.0,0.0,0.0,0.0,0.0,0.0,0.0,0.0,0.0,0.0,0.0,0.0,0.0,0.0,0.0,0.0,0.0,0.0,0.0,0.0,0.0,0.0,0.0,0.0,0.0,0.0,0.0,0.0,0.0,0.0,0.0,0.0,0.0,0.0,0.0,0.0,0.0,0.0,0.0,0.0,0.0,0.0,0.0,0.0,0.0,0.0,0.0,0.0,0.0,0.0,0.0,0.0,0.0,0.0,0.0,0.0,0.0,0.0,0.0,0.0,0.0,0.0,0.0,0.0,0.0,0.0,0.0,0.0,0.0,0.0,0.0,0.0,0.0,0.0,0.0,0.0,0.0,0.0,0.0,0.0,0.0,0.0,0.0,0.0,0.0,0.0,0.0,0.0,0.0,0.0,0.0,0.0,0.0,0.0,0.0,0.0,0.0,0.0,0.0,0.0,0.0,0.0,0.0,0.0,0.0,0.0,0.0,0.0,0.0,0.0,0.0,0.0,0.0,0.0,0.0,0.0,0.0,0.0,0.0,0.0,0.0,0.0,0.0,0.0,0.0,0.0,0.0,0.0,0.0,0.0,0.0,0.0,0.0,0.0,0.0,0.0,0.0,0.0,0.0,0.0,0.0,0.0,0.0,0.0,0.0,0.0,0.0,0.0,0.0,0.0,0.0,0.0,0.0,0.0,0.0,0.0,0.0,0.0,0.0,0.0,0.0,0.0,0.0,0.0,0.0,0.0,0.0,0.0,0.0,0.0,0.0,0.0,0.0,0.0,0.0,0.0,0.0,0.0,0.0,0.0,0.0,0.0,0.0,0.0,0.0,0.0,0.0,0.0,0.0,0.0,0.0,0.0,0.0,0.0,0.0,0.0,0.0,0.0,0.0,0.0,0.0,0.0,0.0,0.0,0.0,0.0,0.0,0.0,0.0,0.0,0.0,0.0,0.0,0.0,0.0,0.0,0.0,0.0,0.0,0.0,0.0,0.0,0.0,0.0,0.0,0.0,0.0,0.0,0.0,0.0,0.0,0.0,0.0,0.0,0.0,0.0,0.0,0.0,0.0,0.0,0.0,0.0,0.0,0.0,0.0,0.0,0.0,0.0,0.0,0.0,0.0,0.0,0.0,0.0,0.0,0.0,0.0,0.0,0.0,0.0,0.0,0.0,0.0,0.0,0.0,0.0,0.0,0.0,0.0,0.0,0.0,0.0,0.0,0.0,0.0,0.0,0.0,0.0,0.0,0.0,0.0,0.0,0.0,0.0,0.0,0.0,0.0,0.0,0.0,0.0,0.0,0.0,0.0,0.0,0.0,0.0,0.0,0.0,0.0,0.0,0.0,0.0,0.0,0.0,0.0,0.0,0.0,0.0,0.0,0.0,0.0,0.0,0.0,0.0,0.0,0.0,0.0,0.0,0.0,0.0,0.0,0.0,0.0,0.0,0.0,0.0,0.0,0.0,0.0,0.0,0.0,0.0,0.0,0.0,0.0,0.0,0.0,0.0,0.0,0.0,0.0,0.0,0.0,0.0,0.0,0.0,0.0,0.0,0.0,0.0,0.0,0.04938482459091501,-1.8065076862089512e-5,7.584612585903686e-5,-3.179767924547762e-5,-2.5902734907482943e-12,-2.9104777557434624e-11,1.569700115802191e-11,-1.2185549071210063e-11,1.1109758894107961e-11,0.0049411742245450505,-1.4322727422318045e-7,2.1148467159599972e-9,-6.31160980609411e-5,2.0678446136507226e-8,1.3609432364822643e-9,-5.747708543060239e-7,-0.0001362032034877673,7.654577968513717e-7,-0.0007024358439048856,-0.000138497555053843,7.284573021874892e-10,-0.002183973680943338,-4.268422464713156e-8,-0.006361944453864713,-3.6141519439663106e-11,7.453501913961343e-11,6.4912932937518756e-9,-0.00029577777288316583,-2.4514076429968334e-10,0.0015458640790093708,-1.1446332827463049e-5,-2.0097166338269007e-11,-0.0005345449069556861,0.005241549514831693,0.0007038485086402693,-1.5947934686056473e-7,3.916954113594722e-10,-7.995328644394873e-11,-5.423625488853014e-6,-9.691027878242028e-12,-0.0002476631079572015,1.1491278674550692e-11,0.0014323627344876267,-2.8500069062578723e-10,1.1113399675277454e-9,-9.827800609243858e-10,0.0001786902982165096,9.819697701372029e-6,0.0006695728310077049,-1.906524599708064e-5,-8.05178902274298e-9,-0.0007729857887017627,-8.505912277218326e-11,9.309165894510355e-5,3.711952867414109e-8,-4.740880137533145e-9,-1.4059062070040986e-8,-0.005849089365094888,-1.9515870856950056e-11,0.000400434217891199,3.6228284387869895e-5,-0.0007259736954991297,2.0645745202059696e-10,-4.63853303426588e-12,-1.183522524633992e-10,-0.0005607947496342622,-8.987214833307687e-11,9.496175429964764e-11,1.9233197731140268e-10,8.361558416536315e-9,0.00011096964325374106,0.000577333151872384,0.020227720919404783,7.931184318498916e-13,1.0323998612986261e-10,2.0101398775107053e-11,-0.0002952673490728928,5.924529637238642e-10,3.2885544616371906e-5,-0.0002505504285678526,-1.0930592045851508e-5,-5.618092937024146e-10,0.003557542141879768,0.005381179171405537,-3.410143912000894e-9,-1.55224351618944e-9,0.00013771086087153414,-4.777915360653235e-6,4.970682186960418e-6,1.700944923341858e-7,0.022881020757693358,-0.0019360255777797768,-3.43463179965351e-11,-6.386891704223568e-9,0.0005126590605604048,-7.989639945863652e-8,-4.678084553565508e-9,-1.3844034478621855e-6,0.00016252351325252284,-1.2879752252301406e-6,-0.00036590775798591677,-0.0008013640477651945,0.0011068777660625314,0.0007358789914219819,1.1651242380981599e-11,0.00020107887285839598,5.637410897248514e-7,-0.0006973669790490275,-1.9357817019764988e-5,4.337161313090185e-6,6.292288295127404e-11,7.093119332782696e-5,-0.0013811882104715417,0.0005343197654297274,0.01443404190391201,-0.0013695396744047936,-2.1764845659441137e-11,-1.6429137714535525e-9,0.0038288165254619358,1.3165895958554928e-6,0.014197570046051874,0.00019792358491903207,0.000715460477708065,0.004960410482118462,-3.6651506022520514e-6,-0.00012596966936861595,-0.00620650639667138,3.637558744364251e-7,-9.573133029457089e-11,-8.98989282552448e-9,2.5299075370142496e-5,0.006838523944198585,0.0013079402553148052,0.001060281595282986,-1.7285888878337622e-5,0.0001620442031963861,2.0454347228887715e-8,-2.7625921843409476e-8,-0.002700996882851372,1.7579965349593926e-6,-0.02495380349907215,-0.0001985651270900548,7.130690868135175e-5,-3.4042629123040413e-11,-0.008293593098092276,2.2708469093897963e-7,-1.8362488751210058e-8,0.00021386233098335104,-0.0004649150825306574,-0.00958247488378798,0.0006991849963653603,2.2371878552084866e-6,-2.0472706383574012e-11,-7.385828413212039e-6,-1.854255096277538e-10,-3.965614136032843e-10,1.9950197033443676e-5,5.3582908872995506e-11,2.3414784733143645e-6,-0.0017194724994742845,0.0007289927033069448,3.681616655070348e-11,3.021454474969579e-7,0.00016712981202760203,-0.0002625863067995342,-1.84832363091041e-11,-1.075250230597424e-9,0.0011879432375723564,3.647238371110514e-10,0.0003178902556281363,-2.020431377383474e-7,4.526632218995482e-6,-1.87951974459109e-6,-0.00033271567589313484,0.0003427501244617317,-0.003946636003507171,-1.77630822084204e-8,-6.548319740023589e-7,-0.0034063296004248436,0.0012571294380384537,0.0036012487346207345,2.5832466590643907e-11,4.096075689936819e-9,2.5113742215794682e-5,7.787533177461186e-5,-0.00042829807925805354,1.269997938611113e-5,-0.006012679169072218,-1.0593322581707326e-5,9.148082632413768e-5,-0.0005628618595236075,-0.00036918141741831443,5.067872182099501e-10,-2.729376415371438e-6,-3.970647105997473e-5,-3.824970930133031e-12,1.0095364355667683e-6,-3.1365254751613358e-6,-3.3979000353804296e-7,1.8293996879100115e-7,-0.00013900112332568165,5.082554701549493e-5,-3.2233076385801458e-12,5.909083062922878e-11,5.5890993747544054e-12,-8.893457499013702e-5,0.007702796124076513,-0.002342240569646445,-1.7630582712795377e-8,2.676580952387708e-7,8.361998252054772e-12,-2.5488070889726787e-7,1.3036492711118788e-8,0.020676529728816465,1.7231014317587067e-11,0.0038651113245606163,1.9000547996930942e-5,-1.433386952319624e-6,8.659448690056452e-10,0.0006994345834279214,-0.0012836740130921722,0.0009874178643510972,5.212294593735022e-11,2.870945446437302e-6,7.801424948155767e-9,-0.010801376017004571,-1.0081445516054311e-8,0.0008217005498601656,-2.097754106079975e-5,9.851335250106976e-9,1.7712377230161004e-6,-7.827807565349699e-8,-8.97227577766125e-9,-1.5538024010854938e-6,-7.312601448945688e-7,0.001967005996187005,2.7704854975623343e-11,4.5004287159580603e-10,0.00017236418739576437,1.4666077778604533e-7,1.9588376628858542e-9,-1.5155909123013763e-5,1.3886180575113013e-8,0.001467503291896988,-5.543791486240127e-7,-6.777462408187382e-5,3.1651477557534423e-6,-2.4638002401504808e-11,7.810881189926241e-5,-9.044921135156199e-10,7.275662609676964e-12,4.797652225198196e-6,-4.10882366347704e-5,0.0010445234334303885,-3.196118791971922e-10,1.7591212110223626e-9,0.0023192394304422234,-0.00032695879781882947,0.0006635850177724047,0.001402235284821278,5.0268646696602214e-5,1.4302283359392965e-10,1.270663689179205e-5,1.0454411264896952e-9,0.00013450981211482116,1.1906729221548985e-6,0.0022743148712561835,0.00048305825402085814,-2.9936649813546905e-11,4.0336623302601083e-7,-0.0008779989310358611,-2.7673040491242386e-5,-3.254443003198193e-8,8.231506985738031e-8,0.008856777380092152,5.9486915592040955e-12,9.246984269820042e-9,0.0019246938741770362,-9.030700588359647e-5,8.741683957531261e-5,-1.4957387171958857e-5,0.0004928397157870596,5.365467093949387e-8,-1.6148838116321958e-5,1.0218227257994864e-11,-8.001858595612347e-10,1.3373911315643477e-7,1.3716730074517726e-10,0.0004053078637891616,0.00026730694687490924,-2.5459991741278528e-5,-2.4752127580673163e-8,5.131111160537542e-7,9.475258925397072e-9,-3.089352405530419e-11,0.00015353655891034006,1.3167119365602298e-6,-0.000116741652974205,0.0014101231813502771,0.01052680964762912,-0.004236120959424672,-2.1826972855054046e-9,0.002614516373222886,-2.251878410069439e-9,-2.1437017006770868e-7,7.029262112804681e-10,4.727183295987266e-5,4.532824767416596e-11,-1.4006676821425629e-5,1.988874735601827e-8,1.8709169255132348e-11,-2.0833401971765491e-10,-0.00023288748061706718,2.771974302680987e-6,3.0143463133262968e-5,2.4442378680566678e-5,-6.821033707699407e-5,-2.3367046111524727e-8,-0.00015684389528648637,3.559683550239319e-7,-3.5882257306226423e-9,-4.409949853626349e-9,4.3171128126264574e-11,-5.684550403891731e-7,-8.20852151104995e-10,2.6348535487998532e-6,7.509650138865738e-9,-1.211218791096245e-8,-3.500887071226087e-6,-2.982020148777488e-10,1.6992981062920182e-10,3.9838554130002667e-10,4.17726742594472e-5,-6.746358078668777e-8,0.0011168901198301763,5.438881904012369e-6,4.0594333420221e-12,-0.0015632763712821844,0.013953570282351661,4.3537566582800014e-7,-0.00019275602942834554,7.322128758261756e-7,-1.235886612703651e-9,-0.0006603563173182426,1.9227225237519107e-5,0.00015006287911978406,-2.827651713349739e-8,5.819149693028858e-6,4.3922040986317176e-11,0.0007417312357553312,-3.4970554473259664e-5,1.2015065034237771e-9,-0.00047568863848206056,2.4955473802616927e-10,-0.007227554568327383,-5.082898313936638e-10,4.035140770657004e-10,1.1980358326467951e-11,0.0009733681587207447,-0.00020192678726309608,-4.982311254513832e-6,-2.287045086564323e-5,-1.957674060205949e-11,0.015668341239117013,0.0007640027475304932,-1.5315845435008311e-6,-8.842346191949675e-9,-0.00040308532940966553,-5.97446419173231e-5,4.523675501168235e-5,3.2607020763438315e-8,1.260208519566728e-7,-0.0005197890977504562,-0.0001258120677238388,-6.715765700899324e-9,-3.478125576995484e-7,-1.677557224298565e-5,0.002568360102113426,2.799308405891261e-6,2.032559422983911e-9,1.485912561074454e-5,-0.0024604598044716337,-0.0007599510715643415,1.6669148869940876e-11,-1.4731611160166755e-9,-6.4747305738787424e-9,6.7112466401806685e-9,-9.776188527344085e-8,3.7185350189555926e-8,0.000284060360438056,-0.00021598439990547832,5.5921971752784046e-11,9.449899985271023e-7,-2.045696188617168e-5
0.0,0.0,0.0,0.0,0.0,0.0,0.0,0.0,0.0,0.0,0.0,0.0,0.0,0.0,0.0,0.0,0.0,0.0,0.0,0.0,0.0,0.0,0.0,0.0,0.0,0.0,0.0,0.0,0.0,0.0,0.0,0.0,0.0,0.0,0.0,0.0,0.0,0.0,0.0,0.0,0.0,0.0,0.0,0.0,0.0,0.0,0.0,0.0,0.0,0.0,0.0,0.0,0.0,0.0,0.0,0.0,0.0,0.0,0.0,0.0,0.0,0.0,0.0,0.0,0.0,0.0,0.0,0.0,0.0,0.0,0.0,0.0,0.0,0.0,0.0,0.0,0.0,0.0,0.0,0.0,0.0,0.0,0.0,0.0,0.0,0.0,0.0,0.0,0.0,0.0,0.0,0.0,0.0,0.0,0.0,0.0,0.0,0.0,0.0,0.0,0.0,0.0,0.0,0.0,0.0,0.0,0.0,0.0,0.0,0.0,0.0,0.0,0.0,0.0,0.0,0.0,0.0,0.0,0.0,0.0,0.0,0.0,0.0,0.0,0.0,0.0,0.0,0.0,0.0,0.0,0.0,0.0,0.0,0.0,0.0,0.0,0.0,0.0,0.0,0.0,0.0,0.0,0.0,0.0,0.0,0.0,0.0,0.0,0.0,0.0,0.0,0.0,0.0,0.0,0.0,0.0,0.0,0.0,0.0,0.0,0.0,0.0,0.0,0.0,0.0,0.0,0.0,0.0,0.0,0.0,0.0,0.0,0.0,0.0,0.0,0.0,0.0,0.0,0.0,0.0,0.0,0.0,0.0,0.0,0.0,0.0,0.0,0.0,0.0,0.0,0.0,0.0,0.0,0.0,0.0,0.0,0.0,0.0,0.0,0.0,0.0,0.0,0.0,0.0,0.0,0.0,0.0,0.0,0.0,0.0,0.0,0.0,0.0,0.0,0.0,0.0,0.0,0.0,0.0,0.0,0.0,0.0,0.0,0.0,0.0,0.0,0.0,0.0,0.0,0.0,0.0,0.0,0.0,0.0,0.0,0.0,0.0,0.0,0.0,0.0,0.0,0.0,0.0,0.0,0.0,0.0,0.0,0.0,0.0,0.0,0.0,0.0,0.0,0.0,0.0,0.0,0.0,0.0,0.0,0.0,0.0,0.0,0.0,0.0,0.0,0.0,0.0,0.0,0.0,0.0,0.0,0.0,0.0,0.0,0.0,0.0,0.0,0.0,0.0,0.0,0.0,0.0,0.0,0.0,0.0,0.0,0.0,0.0,0.0,0.0,0.0,0.0,0.0,0.0,0.0,0.0,0.0,0.0,0.0,0.0,0.0,0.0,0.0,0.0,0.0,0.0,0.0,0.0,0.0,0.0,0.0,0.0,0.0,0.0,0.0,0.0,0.0,0.0,0.0,0.0,0.0,0.0,0.0,0.0,0.0,0.0,0.0,0.0,0.0,0.0,0.0,0.0,0.0,0.0,0.0,0.0,0.0,0.0,0.0,0.0,0.0,0.0,0.0,0.0,0.0,0.0,0.0,0.0,0.0,0.0,0.0,0.0,0.0,0.0,0.0,0.0,0.0,0.0,0.0,0.0,0.0,0.0,0.0,0.0,0.0,0.0,0.0,0.0,0.0,0.0,0.0,0.0,0.0,0.0,0.0,0.0,0.0,0.0,0.0,0.0,0.0,0.0,0.0,0.0,0.0,0.0,0.0,0.0,0.0,0.0,0.0,0.0,0.0,0.0,0.0,0.0,0.0,0.0,0.0,0.0,0.0,0.0,0.0,0.0,0.0,0.0,0.04794679672878273,2.8872681467902834e-8,0.006068543190368213,1.8908855695320692e-8,-7.472308619840172e-9,8.630807685188331e-9,-1.2228731950444584e-8,3.3746275750095315e-8,-2.48448655420812e-7,-5.61035775662011e-5,-5.732933995928381e-5,0.006561289988839821,1.1050169508454905e-5,2.1616017780553605e-6,-0.00021431335379407422,2.7305396536428797e-8,-0.00016784923203635595,0.0009491954752725651,0.006030305165026354,1.2373108198898832e-7,0.000600307854089427,-4.8149995693970764e-5,-1.6963011332709798e-6,-8.145921149148281e-9,8.849114795367942e-8,2.7481680776518217e-5,9.175486111473793e-8,-5.8084885020449296e-6,0.00016654301829549206,-4.65119265217363e-9,-6.551006141179976e-8,2.1470213786438985e-7,0.00010156763283149238,-1.2383509738596984e-6,0.00016764651606046156,4.037836171268186e-7,6.279433946470472e-7,-0.00045525510739037345,-1.5398574566506432e-8,-0.0002774742581826562,4.511634525265793e-9,1.0329592709083993e-5,-3.3721713402508973e-7,1.23812679983082e-5,1.0155507788796594e-6,7.086828581478632e-8,-1.9330124124635725e-8,-1.0544362590323573e-5,0.004996791480312383,2.532345132055379e-5,0.00012229993263413282,-3.0699963580579746e-7,-1.1324349761649796e-7,-4.459480725263315e-5,5.810172451062093e-6,-2.267966480428102e-5,9.544256941451252e-6,-7.539435737184004e-8,-4.75484105347486e-7,-0.009820290494320606,-1.7160496265349481e-7,-5.461852773812894e-7,-5.497674788059177e-8,1.386340534521704e-7,-3.173200021163737e-7,2.2117657202651947e-7,4.949861665015553e-7,4.495204149753706e-7,-8.449826094406956e-6,4.8384737935030204e-9,-0.0007402256558488373,1.1591768705478973e-5,-3.228033090157097e-7,-2.0371924914040458e-7,4.3374462273982684e-8,-0.00016038278843143704,1.4382510299306135e-6,2.3042539635477477e-8,0.006510610297840607,-0.006085569522799189,-5.922897804950081e-7,-3.2400719776925574e-6,-1.0989483629337349e-5,2.4643684456742372e-6,5.891951462012591e-6,-0.002028446640541309,-0.018832684967749695,0.004534463132284866,-4.042353923449579e-5,1.7338795955026154e-6,-5.336872115502945e-7,-4.210963705614086e-8,-6.7712773161418265e-6,-6.473859765783034e-8,-0.003126066220091694,1.5956185320072965e-6,-0.0025737255130802916,-6.8365622995411715e-6,0.0031253673454016066,-1.056088054089679e-6,0.0013970579533649136,-0.00033229230580032054,-0.0019495590078833253,1.8315551040281313e-8,-0.0014159778371617927,-0.0008200386898588809,-9.481617470705804e-7,-2.3214086162376344e-10,0.0013502553095144077,2.548276408896371e-7,-3.388522855639319e-9,2.4389991228536715e-7,6.696137835441028e-7,-1.5551905991623853e-5,0.001970155236939214,-8.201138634440058e-7,-1.276102074558483e-5,-0.00034097351747965744,-0.0017320490369932705,-0.00011310810926958135,2.2345884448461175e-6,-1.1069334687560843e-6,-9.019105153733871e-6,-0.0007861820422002079,-1.403250292598473e-7,3.2990409537208933e-7,-0.0003526937818933032,2.6288727956961532e-8,0.0002775908098252405,0.0066074487712468755,1.5577528398672396e-6,0.0009682464082102955,-5.600410787773551e-7,0.006717397141166833,5.622006213874776e-9,-2.8549536189010337e-5,2.8704588077089505e-5,-4.651198330137358e-6,0.005427997245541958,-5.2538838133436856e-6,-6.774597447975134e-8,2.157750206774962e-6,4.748236475477897e-9,-2.4399511268285247e-6,-0.003463445252907782,0.0027786519070178957,4.818017227144834e-7,-1.335379401049772e-7,0.0002298369707631953,5.295781626051093e-8,0.006574692339687879,-1.608521336979797e-8,-2.3985025473289254e-9,-3.513858605229169e-6,4.5447701523692475e-7,-7.065261695141185e-8,5.0989218812128186e-8,-0.004703740215529297,-7.171372657223611e-5,-0.00032483055197232,1.818277497168928e-8,-2.171577703877689e-5,0.003919197052856363,3.796774029286742e-8,-8.47402069624125e-8,-8.480618184965699e-7,-1.3243783436329783e-6,-1.358613897823659e-6,0.0002500694321620105,0.00022520418805847575,-0.0035186438307783325,0.011586221778518918,0.0002488583131739169,-9.135917006693553e-7,0.0003772984485174354,-7.831041133995141e-5,-8.125405708051245e-5,-1.4002630772024274e-5,5.922113707240115e-5,5.663796651339519e-7,2.7548061125408964e-8,-2.8248584595040675e-7,1.532161050076903e-8,1.952711267043239e-7,0.0008352382699318708,-5.415772439369031e-8,1.8135067357585606e-5,-0.002209744611475821,-0.004245921966459708,0.001032662280512929,-0.0009736330552177456,-1.0155356404839532e-5,0.0019283074892658153,-3.420616112429689e-9,-1.3831043509593957e-8,-0.0023428358998606644,-0.0005476341694915151,-0.00017711144144027133,-0.00018553139490149663,-8.891429347796199e-8,-6.612341707181244e-9,-1.3338219237892277e-8,3.572389570148997e-7,-1.496093039994379e-8,0.002486979959129874,4.992313426788186e-6,9.489441929407772e-6,3.3746376540219176e-5,1.7008625534090144e-7,9.135059857276321e-9,-1.7879156380250596e-5,1.5711933360765333e-5,8.098843504307119e-6,2.210418638592352e-8,-0.0007525002316090837,-0.01349145951272659,0.001776709739410368,2.068029277822221e-5,-0.00038485792396713263,-2.2153843071485893e-5,-0.0005555343429447324,2.478932240157141e-7,-1.0255193892141082e-8,1.6561747066910967e-5,-2.3963549390272564e-6,7.477716763269221e-6,-3.285895767388302e-6,7.687764369560981e-9,3.272704582373389e-6,-0.0008258992021582286,4.5228260145504776e-5,-3.112633966647438e-5,0.00013012850380861454,-0.0003808563901187846,-1.9357044126373176e-6,1.514253024472215e-8,9.482988276051648e-7,-0.0016265903000185337,3.0597075200188956e-5,-7.119836863024196e-8,0.0023378823241778633,-5.093187077780977e-5,0.00027633499169424895,-0.0006243332007207548,-5.705897140567586e-7,-0.000605434836141807,4.8169124567202735e-8,3.3124450693124616e-8,8.549471853730111e-7,1.7667366184666146e-8,0.003719192500517755,-6.1506522848736e-8,1.0443617825282855e-6,-6.294966389535221e-7,-1.0022861763462058e-6,-0.00010167702902751505,2.859015933319456e-7,5.361941137045659e-7,-0.00010876994207826594,-0.0006279724616710883,8.570994092566313e-7,-0.011125537225984,1.222268243200877e-6,-8.654537632057268e-8,0.0007806936703462266,0.00011797649567097351,-0.00110778235762765,-3.4745087502739395e-8,-0.0011260247640621007,-8.1322328748482e-6,0.0020167411222915604,-8.163023705703213e-5,-0.00039453733952127365,1.7215147584101655e-6,-8.920934719247138e-8,4.578042840035955e-6,6.215588795028656e-5,0.005011190546752952,-0.002934903908977782,-0.0006016531964737507,9.971116059886905e-8,-9.790988073272778e-5,0.0010247927686623413,-1.9468723600759795e-9,6.504759390078213e-7,0.00016232797665214547,-4.555476765054623e-7,0.0013607180508332182,1.0044814107122614e-7,-1.0394053569642992e-8,-6.720145904134752e-5,0.0010770196244688562,3.4914420306163697e-6,-2.556311768854339e-8,-2.554689282962369e-7,-0.0023252569750951235,3.9895954937231356e-8,0.00039812576217754356,7.746238668262211e-6,1.7526064817542655e-6,-4.3713116511691576e-6,-3.2300205892042955e-6,-5.487454070189268e-5,5.469992495429212e-5,6.19540961151135e-6,1.571688099288871e-8,2.2258513075219125e-7,-0.0239096741119749,3.749177484710004e-5,-1.5756510378559614e-7,1.959989184933388e-8,0.0008841344064398252,-0.01348641922918026,-4.453593283537881e-8,8.284369953003719e-9,6.513507940019561e-8,6.638239247020102e-5,1.197321386732948e-7,-0.00033856552012732037,-5.266259350104086e-6,-1.1315499038822286e-5,4.9227543105419015e-9,-0.003122204178630347,6.667895085835623e-7,5.817572205633673e-9,0.00011318098204610363,-1.7247373504741644e-5,0.004435808158653409,-4.79051856363076e-8,2.956020596483987e-7,4.606283223467292e-7,-7.803002354568942e-8,5.587436057635183e-6,0.00019748366243013197,-0.006292995572321847,3.1957406994704268e-9,-0.0004157147133221039,2.5953503685964164e-6,0.0006196111953444536,-3.01857728039493e-7,0.00028368965268527253,2.1455985537849933e-6,3.049515385222679e-5,-0.005431186806356604,-0.00214260496293777,-9.519832864409983e-6,0.00134871557665784,5.0563719924335154e-8,2.9841711481119864e-7,-0.004032809626996648,-0.00012593910626706908,3.4238735126165405e-5,-9.967112625921757e-8,-5.63930985353623e-6,-2.1120386004431953e-7,-4.2833328613031825e-6,2.8250511763144342e-8,3.443905100574811e-6,-0.00015088765598887945,-0.001658056564422626,-0.0003784775699410343,4.4802032397741436e-8,-6.370197272633444e-6,2.0677776542506495e-7,-0.0023493825529084245,-6.287340913232727e-6,6.37387951859124e-7,-0.0021889734581314493,-0.008077234243734584,1.0699730113298321e-5,-4.4154575073710315e-5,-1.0170968808517576e-7,-1.0931416103212142e-7,1.3410319800080843e-5,-0.0002784373493926836,0.00958809290913032,1.9456133302242137e-5,0.003319617831954773,-7.348553308396375e-6,0.011251700732170994,8.755957626416738e-7,9.929709891205836e-5,2.6945657347802043e-8,-3.1828803473440673e-6,2.528838404751055e-5,1.3769070368075656e-5,0.00021366662735533616,1.8332375623249695e-5,2.69678349888698e-7,-1.0264420961169865e-7,7.848077948656679e-8,0.00023564954279546043,2.1301603518534473e-8
0.0,0.0,0.0,0.0,0.0,0.0,0.0,0.0,0.0,0.0,0.0,0.0,0.0,0.0,0.0,0.0,0.0,0.0,0.0,0.0,0.0,0.0,0.0,0.0,0.0,0.0,0.0,0.0,0.0,0.0,0.0,0.0,0.0,0.0,0.0,0.0,0.0,0.0,0.0,0.0,0.0,0.0,0.0,0.0,0.0,0.0,0.0,0.0,0.0,0.0,0.0,0.0,0.0,0.0,0.0,0.0,0.0,0.0,0.0,0.0,0.0,0.0,0.0,0.0,0.0,0.0,0.0,0.0,0.0,0.0,0.0,0.0,0.0,0.0,0.0,0.0,0.0,0.0,0.0,0.0,0.0,0.0,0.0,0.0,0.0,0.0,0.0,0.0,0.0,0.0,0.0,0.0,0.0,0.0,0.0,0.0,0.0,0.0,0.0,0.0,0.0,0.0,0.0,0.0,0.0,0.0,0.0,0.0,0.0,0.0,0.0,0.0,0.0,0.0,0.0,0.0,0.0,0.0,0.0,0.0,0.0,0.0,0.0,0.0,0.0,0.0,0.0,0.0,0.0,0.0,0.0,0.0,0.0,0.0,0.0,0.0,0.0,0.0,0.0,0.0,0.0,0.0,0.0,0.0,0.0,0.0,0.0,0.0,0.0,0.0,0.0,0.0,0.0,0.0,0.0,0.0,0.0,0.0,0.0,0.0,0.0,0.0,0.0,0.0,0.0,0.0,0.0,0.0,0.0,0.0,0.0,0.0,0.0,0.0,0.0,0.0,0.0,0.0,0.0,0.0,0.0,0.0,0.0,0.0,0.0,0.0,0.0,0.0,0.0,0.0,0.0,0.0,0.0,0.0,0.0,0.0,0.0,0.0,0.0,0.0,0.0,0.0,0.0,0.0,0.0,0.0,0.0,0.0,0.0,0.0,0.0,0.0,0.0,0.0,0.0,0.0,0.0,0.0,0.0,0.0,0.0,0.0,0.0,0.0,0.0,0.0,0.0,0.0,0.0,0.0,0.0,0.0,0.0,0.0,0.0,0.0,0.0,0.0,0.0,0.0,0.0,0.0,0.0,0.0,0.0,0.0,0.0,0.0,0.0,0.0,0.0,0.0,0.0,0.0,0.0,0.0,0.0,0.0,0.0,0.0,0.0,0.0,0.0,0.0,0.0,0.0,0.0,0.0,0.0,0.0,0.0,0.0,0.0,0.0,0.0,0.0,0.0,0.0,0.0,0.0,0.0,0.0,0.0,0.0,0.0,0.0,0.0,0.0,0.0,0.0,0.0,0.0,0.0,0.0,0.0,0.0,0.0,0.0,0.0,0.0,0.0,0.0,0.0,0.0,0.0,0.0,0.0,0.0,0.0,0.0,0.0,0.0,0.0,0.0,0.0,0.0,0.0,0.0,0.0,0.0,0.0,0.0,0.0,0.0,0.0,0.0,0.0,0.0,0.0,0.0,0.0,0.0,0.0,0.0,0.0,0.0,0.0,0.0,0.0,0.0,0.0,0.0,0.0,0.0,0.0,0.0,0.0,0.0,0.0,0.0,0.0,0.0,0.0,0.0,0.0,0.0,0.0,0.0,0.0,0.0,0.0,0.0,0.0,0.0,0.0,0.0,0.0,0.0,0.0,0.0,0.0,0.0,0.0,0.0,0.0,0.0,0.0,0.0,0.0,0.0,0.0,0.0,0.0,0.0,0.0,0.0,0.0,0.0,0.0,0.0,0.0,0.0,0.0,0.0,0.0,0.0,0.0,0.0,0.0,0.0,0.0,0.0,0.0,0.0,0.0,0.0,0.0,0.04586915942301751,-2.3696788557052408e-8,-1.5247536785984158e-13,-1.2034007922834618e-14,8.330390509451303e-14,8.530399615146003e-14,1.637990704959986e-13,0.0003322864112452126,-7.032923852032572e-10,1.7900838979265224e-10,-8.599935381280067e-7,1.2406202215972382e-10,3.1245089150304615e-11,6.701722258010493e-10,0.0026712171874054697,9.557051977993924e-10,-5.859252456323243e-6,2.94968789137821e-7,4.5403756835989456e-12,-1.4648467080292698e-5,-1.1343520495727713e-10,5.1780809870917706e-5,1.213865682984614e-13,-1.1157437945555695e-12,5.55649009461254e-11,0.0010900600350211456,9.675808228305787e-12,-8.595814508277454e-7,-0.000340103268088269,2.8953954579600833e-14,-0.012150400326923189,-2.4220910473381528e-5,-0.00024931446495885873,-1.9176855168372082e-10,5.925029755896461e-12,-4.006026792440197e-12,-7.568724531207928e-8,-1.592212631126483e-13,1.8920419699776026e-6,-1.0897157634789264e-13,-0.00015608468793118572,-3.155760382966452e-12,-8.601066215866535e-11,-2.3554301417807128e-11,-0.011926584553805686,-0.0012657171676485864,0.00016697349871051177,-1.6556562277725693e-7,1.802672805730305e-10,2.1251435007027145e-5,9.02559516435012e-13,0.007198274119437703,9.36966619955317e-12,-3.409540766057352e-11,6.306760860351304e-11,-5.33290666973205e-5,1.9726796991359098e-13,0.01099410478585177,1.3282245443483215e-7,0.00237137756229482,-2.4329526249918065e-12,2.4226354707564527e-13,-4.773047349742896e-13,-0.010209609593070967,5.619069938908007e-13,-2.1667204605163516e-12,6.1776717475407655e-12,7.040124144686929e-11,0.008191341901885703,-7.145868062377354e-7,-9.437344206280489e-5,1.3818435534987923e-13,6.50868921494125e-13,2.821505986424487e-15,-2.0391452947991732e-7,-2.8254055425430024e-12,-0.002889679202877212,2.975981520348896e-7,-6.536778507525081e-8,-8.334647381655114e-12,-0.00012263515416930935,-2.8555238477411033e-5,1.0016320345425452e-12,-1.0493780567745773e-11,4.970248823226046e-7,1.6442148467774036e-7,2.1023933686591763e-10,8.552907459920585e-11,-8.546508927404663e-5,0.0011494477341503833,2.18270993043945e-13,-9.820040814325388e-12,0.004928284809017413,8.732920658985774e-9,-1.0526915435391838e-11,2.8699335575674806e-9,-1.5309988263213296e-6,-1.1136553931075456e-8,0.00039079105695154567,-1.8877180996307292e-6,-2.8967644625324263e-6,2.7136555342740143e-7,-2.5085475867152005e-13,-6.908374314019567e-7,-2.7245903266966824e-9,6.897418963016812e-5,-0.005066293818783953,6.869623877343284e-9,-1.6277337999099025e-12,-0.0017085989667141243,0.0021049329679229244,0.0016584421817903332,4.924033540528203e-6,5.254028443524562e-6,3.6351228945875828e-12,-7.839584211093702e-11,-7.401386963627541e-6,4.717348333752021e-9,2.927171847020163e-6,0.0009415515374076532,-0.002121153621785034,-1.4838830874386223e-5,-2.272019276460949e-8,-0.026372476333782462,1.238868966346642e-5,-1.3237893586237723e-9,-1.3391686811624563e-12,3.6334946115342535e-9,6.682524219030849e-8,3.754635566960853e-5,-9.267382994050499e-7,-0.00033342217868898916,5.7915820343852154e-8,0.0029903629491938744,-1.30100098320186e-10,-9.4733557542166e-11,0.0005929939155144984,2.7528044281923214e-8,-0.00019529915724015372,-0.0006166636129991001,-9.471962657697143e-5,5.274987845268038e-14,-1.448004447850979e-5,-2.0401997474179056e-9,-9.928320047452133e-9,0.001961403292994295,0.0038652475712593727,-1.0533965419236876e-5,-0.0010028270208907277,6.306147194536057e-8,1.3180349227577543e-12,-1.2727478943937604e-5,-2.3256643932222937e-11,-5.679399011023424e-12,0.0018178589588529956,-4.4295751773613783e-13,-7.755199405704255e-9,1.3947580948269168e-5,2.7254318348944336e-6,-6.723298125128987e-14,3.914788254943173e-10,-4.676807934084852e-8,-0.0019016557862534184,2.1200955227548889e-13,-5.912164672026257e-12,0.0070362188265217585,-2.105461400737444e-11,3.2287365834841415e-6,-9.821580358856508e-10,1.782860473772959e-8,5.400125908981362e-8,5.1930654327769955e-6,-0.000403513524993578,-1.1667762248451099e-5,-3.199666794817663e-10,-6.100627880923756e-10,-2.1381008579113376e-5,-9.562674578179162e-6,-0.00010246939417079083,4.649058020893811e-15,6.291212410366672e-11,0.009139258634601927,0.006680759431863763,9.804427947289565e-9,-0.0024578281859297182,9.493592438167572e-5,-2.2866307766898318e-6,-4.128325006988717e-8,1.0222968798842191e-6,-1.4073672702893432e-6,-3.468596049430537e-11,-9.220626207394838e-8,-0.0005636298225853147,3.472655940619282e-14,5.511133289703287e-8,2.9326791063895925e-8,-4.179956496827658e-10,6.42807318771749e-10,0.011749100491625928,0.0030703919292528223,3.9586929797879304e-15,5.041668087471829e-13,9.95360048373237e-15,-8.095202257285042e-8,0.00035476255089583373,9.902435135127166e-5,3.2038847544993486e-10,3.1413827936651947e-9,1.5118941168103235e-13,1.4431840539529942e-9,4.893381844397511e-11,4.623532311344976e-5,-4.368249855078997e-16,-1.2450668336323576e-5,-1.0341573402925318e-7,1.5939384759848297e-8,5.346207949188675e-11,1.9459401501318793e-5,9.847453086907523e-6,-3.752434703562857e-6,1.2016758912076065e-12,0.0001332645768431106,6.378797422483422e-11,-0.0004162020521694071,-1.0348688566564388e-11,-0.0004171329733972734,0.005146806857876395,3.601541744524221e-11,-4.511618085893954e-7,1.4969351856917182e-10,1.7899273374886759e-10,-1.0957112943522501e-8,5.554871682501142e-10,0.0004501876129141366,-1.0033163254532105e-12,6.624681814668378e-12,-4.1545931942297396e-7,-2.7387198822500294e-10,1.0383022650870147e-12,9.494618089853765e-9,-1.7398911292234943e-11,-2.5246457902323943e-6,-2.9103562022060525e-9,0.003818396485188215,-1.6431325817574513e-7,2.193969767661623e-13,0.0004889507926392363,8.567621640771637e-12,3.9689600085562544e-14,2.653085548527562e-9,0.00028470012607524734,-0.0005570651388912909,2.5636139912261313e-13,-4.458341791033952e-12,4.345863821093067e-6,-0.0027752468553905976,-0.0012094735688660274,-1.704477083786898e-5,-4.895352806081042e-7,5.719003638651951e-13,2.3253988711470516e-8,1.684663728836543e-11,-0.003863692678502209,-1.2336222417675741e-8,-9.387138040178441e-6,2.8582743361125308e-6,-2.2816118386197415e-12,-2.5064812029921234e-9,-3.184150528868763e-5,2.416555344067478e-7,9.462216241797156e-10,-1.1531186556803502e-10,0.00018930431019225055,8.074175764854669e-13,-3.7303414540366175e-11,2.0763415444144675e-6,-2.6937754735471875e-7,-2.27743395780056e-7,-1.5039359888042242e-7,0.00130109778713562,1.4005736492894136e-10,-3.0832803926813203e-7,-1.4117346168978604e-14,8.770958188060148e-15,2.164977931448038e-9,-3.1352168717727115e-12,-2.0278494817088972e-6,0.004739643286906192,0.0029207809489486796,-4.066836115942804e-10,-1.8050998092203972e-9,7.542189281148597e-11,7.162319693930586e-15,9.261031189315137e-5,2.5902597541729538e-8,-1.705700585577803e-5,7.757839538360816e-9,-1.7085806780028184e-5,0.0005045053809649895,8.07475294876095e-12,6.080265957607219e-5,1.0067796460500585e-10,-2.725557997540176e-9,-2.9013078400607075e-11,0.000274283846086155,-2.6227132220287075e-12,1.1061982535883217e-7,2.936421876197169e-10,7.128966100988399e-13,6.094683248821087e-13,-1.2266985281543596e-7,3.481996388164155e-8,-0.013208899808932521,0.0012308439371784823,0.00864633970687446,3.0442177931053854e-10,-0.02503776308227176,-1.9159265488247494e-9,2.8344274617923202e-11,-3.007034710990724e-12,3.946318138650794e-13,-3.982133266555492e-9,-5.5893474019185105e-12,-4.254497459746964e-5,2.850675128974583e-10,2.0016974627928803e-10,1.6838557306584238e-8,-3.365059176127969e-12,8.761458840966759e-13,8.581323401578211e-12,0.02438230375183341,-5.317790970288167e-10,-5.261157154597703e-6,3.4236318819431372e-9,4.087893897460548e-14,6.470746797718873e-6,-7.399181370881282e-5,1.6637622083315895e-9,0.0015800979328236626,1.2074037456024173e-9,-1.6404606196320112e-13,-5.257518915850292e-5,1.9546353846611098e-7,4.9312925993811335e-8,-1.622786966825016e-10,-1.8699184701394593e-7,-4.2817392792144476e-14,0.00021152253295190002,1.4246712799613826e-7,-6.858062874266028e-10,-9.06294772518148e-6,-1.6425973275574245e-13,0.0005136310659851106,-2.8692684564005e-12,1.0559427402593818e-11,-8.494974639849677e-14,-0.0005862314715733307,1.753904593620896e-5,-1.6162834033500824e-7,2.2158294598121352e-7,1.5852266204049257e-13,-5.0177044630186886e-5,-0.0012647930984678638,-1.0995538115399499e-8,-1.5525879843442026e-11,-0.000673235354270112,2.459430909486143e-7,-1.0677958103784717e-8,2.7345272637038967e-10,2.8409848175886974e-10,0.0021019494436482146,0.005081397849116212,-2.1727722753957175e-11,-2.0710858050449118e-10,-5.005749647220037e-9,4.3193524311048e-5,5.907369665711135e-8,7.38346330199346e-12,9.862015048471988e-8,1.7008353978483583e-5,1.1185164948587877e-5,-8.174961998148527e-13,-1.408340909979401e-11,-3.8346245761631285e-11,-1.5659662103368873e-10,2.2817529512384735e-10,-5.1874768390699426e-12,0.0017013380981858819,-0.002560767805717181,2.8946867268288315e-13,8.743488999674335e-9,0.005214901925838107
0.0,0.0,0.0,0.0,0.0,0.0,0.0,0.0,0.0,0.0,0.0,0.0,0.0,0.0,0.0,0.0,0.0,0.0,0.0,0.0,0.0,0.0,0.0,0.0,0.0,0.0,0.0,0.0,0.0,0.0,0.0,0.0,0.0,0.0,0.0,0.0,0.0,0.0,0.0,0.0,0.0,0.0,0.0,0.0,0.0,0.0,0.0,0.0,0.0,0.0,0.0,0.0,0.0,0.0,0.0,0.0,0.0,0.0,0.0,0.0,0.0,0.0,0.0,0.0,0.0,0.0,0.0,0.0,0.0,0.0,0.0,0.0,0.0,0.0,0.0,0.0,0.0,0.0,0.0,0.0,0.0,0.0,0.0,0.0,0.0,0.0,0.0,0.0,0.0,0.0,0.0,0.0,0.0,0.0,0.0,0.0,0.0,0.0,0.0,0.0,0.0,0.0,0.0,0.0,0.0,0.0,0.0,0.0,0.0,0.0,0.0,0.0,0.0,0.0,0.0,0.0,0.0,0.0,0.0,0.0,0.0,0.0,0.0,0.0,0.0,0.0,0.0,0.0,0.0,0.0,0.0,0.0,0.0,0.0,0.0,0.0,0.0,0.0,0.0,0.0,0.0,0.0,0.0,0.0,0.0,0.0,0.0,0.0,0.0,0.0,0.0,0.0,0.0,0.0,0.0,0.0,0.0,0.0,0.0,0.0,0.0,0.0,0.0,0.0,0.0,0.0,0.0,0.0,0.0,0.0,0.0,0.0,0.0,0.0,0.0,0.0,0.0,0.0,0.0,0.0,0.0,0.0,0.0,0.0,0.0,0.0,0.0,0.0,0.0,0.0,0.0,0.0,0.0,0.0,0.0,0.0,0.0,0.0,0.0,0.0,0.0,0.0,0.0,0.0,0.0,0.0,0.0,0.0,0.0,0.0,0.0,0.0,0.0,0.0,0.0,0.0,0.0,0.0,0.0,0.0,0.0,0.0,0.0,0.0,0.0,0.0,0.0,0.0,0.0,0.0,0.0,0.0,0.0,0.0,0.0,0.0,0.0,0.0,0.0,0.0,0.0,0.0,0.0,0.0,0.0,0.0,0.0,0.0,0.0,0.0,0.0,0.0,0.0,0.0,0.0,0.0,0.0,0.0,0.0,0.0,0.0,0.0,0.0,0.0,0.0,0.0,0.0,0.0,0.0,0.0,0.0,0.0,0.0,0.0,0.0,0.0,0.0,0.0,0.0,0.0,0.0,0.0,0.0,0.0,0.0,0.0,0.0,0.0,0.0,0.0,0.0,0.0,0.0,0.0,0.0,0.0,0.0,0.0,0.0,0.0,0.0,0.0,0.0,0.0,0.0,0.0,0.0,0.0,0.0,0.0,0.0,0.0,0.0,0.0,0.0,0.0,0.0,0.0,0.0,0.0,0.0,0.0,0.0,0.0,0.0,0.0,0.0,0.0,0.0,0.0,0.0,0.0,0.0,0.0,0.0,0.0,0.0,0.0,0.0,0.0,0.0,0.0,0.0,0.0,0.0,0.0,0.0,0.0,0.0,0.0,0.0,0.0,0.0,0.0,0.0,0.0,0.0,0.0,0.0,0.0,0.0,0.0,0.0,0.0,0.0,0.0,0.0,0.0,0.0,0.0,0.0,0.0,0.0,0.0,0.0,0.0,0.0,0.0,0.0,0.0,0.0,0.0,0.0,0.0,0.0,0.0,0.0,0.0,0.0,0.0,0.0,0.0,0.0,0.0,0.0,0.0,0.0,0.0,0.0,0.0,0.0,0.0,0.0,0.0,0.0,0.0,0.0,0.0,0.04542971555393428,4.2388268929581994e-8,2.4382217343099224e-8,4.656353254054178e-9,-2.7370340343307574e-8,-2.5932501283983927e-8,-2.413365372511834e-6,0.00010031894090079048,-4.2472499357460664e-5,0.003087606717925317,-1.5123908100655247e-5,-5.338283019677624e-7,-6.861758916628222e-5,-5.651042080686087e-8,-0.0009155613009089076,0.0011290276613351074,0.0005389227850377986,4.772963723279309e-7,0.00027840405753908965,1.8116753902580044e-5,-6.821433050634258e-7,4.71587302961859e-9,3.067534900737304e-7,-7.004583405235572e-6,2.5394240438702004e-7,-4.709414806002893e-7,-0.0002170888309279034,-3.4649901650007076e-8,3.513632110326575e-8,-2.4402464003483834e-7,0.0003331783468375429,1.0822473965452245e-6,0.00010714094591820971,-9.485298004677714e-7,1.1507974813169681e-6,0.004907345497154393,4.297629834536548e-8,0.0011245001914031159,-1.107089697138765e-8,1.737637092209788e-5,-1.8632790344594667e-8,1.0607062454758067e-5,7.470449790045607e-6,-1.4941796544038453e-8,8.735282597722311e-9,-2.810182563910751e-7,-0.0005636914683160643,-1.9382144540154383e-5,-0.00010878092715835843,-7.217912309059659e-8,8.835275411345316e-8,0.0001233815538556726,7.095373568322621e-6,-6.843215921876638e-6,8.24109064526575e-6,-4.146845057658153e-8,2.6381740391658345e-7,-0.005712869336355962,-6.545367885761504e-7,-3.005371521351422e-7,2.2851637973193163e-11,-4.843485808521838e-9,2.0785123189518398e-7,8.910140365568171e-8,3.579740162708843e-7,-6.369537081342814e-7,-1.4519243840523212e-5,3.5951676696505524e-8,0.0008913115990569386,9.944240529352375e-6,-2.4221546475157537e-7,-1.0804948698148002e-7,7.187296294364282e-9,-0.0005179199352269129,-1.7661618388234301e-6,4.382373498890612e-9,-0.0027007390109943514,0.005443943674211719,1.6646871468912518e-6,-1.257479887287539e-6,-0.00017921332274866507,1.6617069245438895e-7,-2.438491998017724e-6,-0.005816260058953954,-0.013929096169128751,-0.003279379411635158,-0.00014992156297340126,-7.5045093634908955e-6,1.53163147800586e-6,-1.8811683962910904e-8,6.674977596272135e-6,3.5417645090999975e-8,-0.0018738990582961447,3.5813200910107845e-6,0.0007825694602107738,0.00047640501736811433,-2.0366621743861437e-5,1.0276097969262912e-6,0.0007113342084417276,4.4271706350936634e-5,1.5214924107703009e-5,1.2934458826281822e-8,-0.0034922868474145463,-0.000312698407758363,4.62082404856887e-7,4.166235233750559e-8,-0.008241372144565799,2.634021161961056e-7,7.554009877322854e-9,-2.2166319459633016e-6,-1.9994672105201527e-6,-2.7516289832531184e-5,0.0002816563093216828,-2.776173619455804e-7,1.620102325776296e-5,1.4833405898439256e-5,-0.00030044790739855096,-5.211426046519497e-5,-6.143392049287592e-7,9.824338898981358e-7,-1.8410366485282034e-5,-0.002821463794651873,2.1958891238717274e-8,-1.479290576666885e-6,5.8695987011891976e-5,5.3910457649996276e-8,0.0011310841100866558,-0.006113253493482207,6.745509595416036e-8,-4.74783203914796e-5,3.3423319798965507e-6,0.010923880121397065,-9.0476280611339e-8,-2.6089807936799586e-5,2.830169002843001e-5,-3.6568529006908835e-7,0.010838893831008535,-6.522966792381805e-6,5.913007555110286e-9,-7.500745774440924e-6,6.223176241405554e-10,6.044943999254942e-6,-0.0011618337521178835,0.0002621845298075076,-3.01835822904503e-7,8.235859699329919e-8,3.448021120813893e-5,1.6925977269365345e-7,0.001597284171709548,-2.2615777496404497e-7,1.0202768374249923e-8,4.750733003286414e-6,1.8538008622363742e-6,-9.203608499179105e-8,9.173738206502604e-8,-0.0011857693834752654,-0.000186342263523474,-0.0007957534581029785,9.579926330111223e-8,-5.455817302969032e-5,-0.002332259993260332,-3.331903922526613e-8,-1.6642529931687398e-7,1.0521853452438832e-6,8.182953584601044e-7,-1.6577838371739318e-6,-0.0003961548220929966,0.00010355416670520677,-0.012032809746990614,-8.974744914676075e-5,4.0864625433064375e-5,7.872403367133013e-6,0.0003758920137600514,5.479212989417754e-5,0.0003605425523811558,3.0375023581505126e-5,-1.464753307843707e-5,3.079995581492e-6,-5.202510451411512e-9,-4.067238475466457e-6,-6.130078687846848e-9,-3.882551207053186e-8,-0.0004919479403580531,4.947008760607522e-8,-1.5929213002596995e-5,-0.0012022434396207194,-0.02112963540373015,-8.523186084357e-5,0.0006387866119503697,5.177645268008275e-8,-0.000908182096140242,2.3303178706186844e-8,-1.798031213935063e-8,0.0003385743901276937,0.0027009261234235077,-0.00011193363396143855,-0.00019087610626608947,-5.642109886354491e-8,8.041246856414063e-9,3.1789760194582643e-9,-5.773034743826514e-8,-2.240756804217776e-8,-0.0009062145790157073,-2.445885573192783e-6,-2.9368087369285204e-6,-1.975863023882558e-5,-0.00035960174814315634,-3.590723626079153e-8,-6.521101477874291e-6,-1.0969674667096405e-5,-1.4440698512145785e-5,7.73228351146876e-9,-0.00026930247833954513,-0.018895561127241178,0.0022786420248131997,8.647633689604109e-6,-3.897941253236358e-5,-3.656891532214871e-6,-0.00046185943079492557,-6.217782100374524e-8,2.362039215972072e-9,-6.972520748602091e-6,9.077098589575154e-7,-1.7838119473305644e-6,-9.794563512414743e-7,-9.450256903271674e-9,-4.211049446942891e-6,0.00762869736816363,3.3624044196142014e-5,-2.6533799337423436e-5,0.004570601726257544,0.0006428240269077327,3.6700538333214516e-7,1.70769374856506e-7,-1.1984276250147335e-6,-0.00022929230440741158,-0.0001235487930437544,9.619308626782966e-7,0.0007314074315395377,-5.343242666253275e-6,5.935827107160601e-5,0.0002805547868843606,4.448605033258161e-7,-0.007308223046221934,-1.4226793086930274e-8,4.103210918186232e-8,9.539438400786679e-7,-6.511925844797695e-9,-0.005437881951123908,-3.2005761872027714e-8,-1.3205372167728718e-6,2.0212639966455493e-7,1.1576939692695579e-7,-0.0001021758892613754,5.05857047422066e-8,8.116897243307677e-7,2.5094117136893444e-5,0.005718301785625054,-4.041395107981169e-7,-0.0010895518472541395,-1.1211928131472353e-6,8.106340734916053e-8,-0.0021973753305587615,-4.396205008022826e-5,-0.0019108248072916667,2.492328281663364e-7,-0.0006078378342223121,9.218703598743333e-6,-0.0010733376167330682,-2.7931763318675683e-5,-0.001169123532632904,1.10776777711577e-6,-3.4727302247689656e-7,-1.9978447796564762e-7,-1.9832942676020935e-5,-0.0008159033490756223,0.00025821442373383924,-0.0007490160094038226,2.130758211930191e-7,-3.0771063926055964e-5,0.00041372496451679204,-8.008032978854681e-9,2.601007046794008e-7,-0.00030120651229830094,2.0859176502956208e-8,0.0002726908158930656,-4.231987882277686e-7,-6.722979663169917e-8,5.047913732924546e-5,0.0001977918201368831,-1.1127251513507753e-5,5.19039246577536e-10,3.3015390023710393e-6,-0.0019623786973961255,-1.02732006031275e-8,-0.0002654577355532828,-2.2849051261289126e-5,-3.3699264327149685e-6,-1.871917361982658e-6,-4.335400511481604e-5,-3.6654401467310375e-6,0.00036054542284732203,2.4868788339315775e-6,-2.9878988310144285e-8,4.935354444168504e-7,-0.004761377918736692,-1.889746963138399e-5,-1.6216899364238248e-7,5.7072678109830594e-8,0.004146944090974293,0.002924701699884795,4.322628657244822e-8,6.464946807878633e-9,-4.1194476118312183e-8,6.817517291897978e-5,-1.7574854303213966e-8,0.00012484859130908974,-1.4045138081882986e-6,-1.0814019429999129e-5,-9.444623835251656e-8,0.0011807585144249868,1.4302806044624436e-6,2.993799680983831e-9,-0.00011674853717728125,1.0207912678106404e-6,0.0021326046505954857,1.8443054199698475e-8,-2.630614069910201e-7,-9.341310224433392e-7,7.449810037109852e-8,5.034548229853314e-5,4.636761498453516e-5,-0.0011388022759282793,-1.1755812084983693e-8,0.00025233598741116104,5.327967868497578e-6,-0.0002778115131719344,2.353585251197339e-8,0.0005396480302818813,1.4575772355006055e-6,1.7508331537765878e-5,-0.004009090886354218,-0.0017532696151107798,1.788914594233275e-5,0.0066118776317405535,1.8629887544421985e-8,-1.8098089063300042e-7,0.004795784016539738,7.889598962011689e-5,2.371732120896047e-5,-2.2243440434124043e-7,-3.607890391758428e-7,1.4208001101563837e-7,-7.556062644468821e-7,1.2104942277130823e-8,-6.3196053893062045e-6,0.00034104449730389954,-0.0016537015780007359,-0.003167401826362494,5.247638266596284e-8,-3.705954251925486e-6,6.65923540474299e-7,0.004529276761206507,1.1987473449451568e-5,-9.773318225140412e-7,0.0009720846872070193,-0.00016223926290781371,-6.287847256961632e-5,-4.820977744895957e-5,-1.964359308537936e-7,5.5664656907289775e-9,4.545643382697556e-6,-5.5981482651346175e-5,0.0007778133560971141,2.6436274738732272e-5,0.01008472460856726,-2.7434258820382993e-7,-0.003695770099727748,2.8123773798053592e-5,-4.950409753342326e-5,3.7122773209875594e-7,7.613997297074692e-7,5.516183230356644e-5,-1.7400610377485337e-5,-1.0496755694635634e-5,-1.301334750603955e-6,-4.512493859476154e-7,5.445836599605216e-9,-4.388086368986971e-8,0.0020312356071539184,-1.6555217959264745e-8
0.0,0.0,0.0,0.0,0.0,0.0,0.0,0.0,0.0,0.0,0.0,0.0,0.0,0.0,0.0,0.0,0.0,0.0,0.0,0.0,0.0,0.0,0.0,0.0,0.0,0.0,0.0,0.0,0.0,0.0,0.0,0.0,0.0,0.0,0.0,0.0,0.0,0.0,0.0,0.0,0.0,0.0,0.0,0.0,0.0,0.0,0.0,0.0,0.0,0.0,0.0,0.0,0.0,0.0,0.0,0.0,0.0,0.0,0.0,0.0,0.0,0.0,0.0,0.0,0.0,0.0,0.0,0.0,0.0,0.0,0.0,0.0,0.0,0.0,0.0,0.0,0.0,0.0,0.0,0.0,0.0,0.0,0.0,0.0,0.0,0.0,0.0,0.0,0.0,0.0,0.0,0.0,0.0,0.0,0.0,0.0,0.0,0.0,0.0,0.0,0.0,0.0,0.0,0.0,0.0,0.0,0.0,0.0,0.0,0.0,0.0,0.0,0.0,0.0,0.0,0.0,0.0,0.0,0.0,0.0,0.0,0.0,0.0,0.0,0.0,0.0,0.0,0.0,0.0,0.0,0.0,0.0,0.0,0.0,0.0,0.0,0.0,0.0,0.0,0.0,0.0,0.0,0.0,0.0,0.0,0.0,0.0,0.0,0.0,0.0,0.0,0.0,0.0,0.0,0.0,0.0,0.0,0.0,0.0,0.0,0.0,0.0,0.0,0.0,0.0,0.0,0.0,0.0,0.0,0.0,0.0,0.0,0.0,0.0,0.0,0.0,0.0,0.0,0.0,0.0,0.0,0.0,0.0,0.0,0.0,0.0,0.0,0.0,0.0,0.0,0.0,0.0,0.0,0.0,0.0,0.0,0.0,0.0,0.0,0.0,0.0,0.0,0.0,0.0,0.0,0.0,0.0,0.0,0.0,0.0,0.0,0.0,0.0,0.0,0.0,0.0,0.0,0.0,0.0,0.0,0.0,0.0,0.0,0.0,0.0,0.0,0.0,0.0,0.0,0.0,0.0,0.0,0.0,0.0,0.0,0.0,0.0,0.0,0.0,0.0,0.0,0.0,0.0,0.0,0.0,0.0,0.0,0.0,0.0,0.0,0.0,0.0,0.0,0.0,0.0,0.0,0.0,0.0,0.0,0.0,0.0,0.0,0.0,0.0,0.0,0.0,0.0,0.0,0.0,0.0,0.0,0.0,0.0,0.0,0.0,0.0,0.0,0.0,0.0,0.0,0.0,0.0,0.0,0.0,0.0,0.0,0.0,0.0,0.0,0.0,0.0,0.0,0.0,0.0,0.0,0.0,0.0,0.0,0.0,0.0,0.0,0.0,0.0,0.0,0.0,0.0,0.0,0.0,0.0,0.0,0.0,0.0,0.0,0.0,0.0,0.0,0.0,0.0,0.0,0.0,0.0,0.0,0.0,0.0,0.0,0.0,0.0,0.0,0.0,0.0,0.0,0.0,0.0,0.0,0.0,0.0,0.0,0.0,0.0,0.0,0.0,0.0,0.0,0.0,0.0,0.0,0.0,0.0,0.0,0.0,0.0,0.0,0.0,0.0,0.0,0.0,0.0,0.0,0.0,0.0,0.0,0.0,0.0,0.0,0.0,0.0,0.0,0.0,0.0,0.0,0.0,0.0,0.0,0.0,0.0,0.0,0.0,0.0,0.0,0.0,0.0,0.0,0.0,0.0,0.0,0.0,0.0,0.0,0.0,0.0,0.0,0.0,0.0,0.0,0.0,0.0,0.0,0.0,0.0,0.0,0.0,0.0,0.0,0.0,0.0,0.0,0.0,0.0,0.0,0.043627232039919014,-0.0037448940883673975,0.005515282235401146,-0.009666341409798312,0.0029463692349271527,-2.3041388579095468e-11,1.664587483588089e-6,-0.00015396684075873798,-5.422625026978685e-9,-9.574112306740517e-5,-0.00010591388502060162,1.5142114105361201e-6,8.13429075080429e-14,-1.9198096569335884e-6,2.0999128340969263e-9,-4.667239053363383e-9,0.0006288490004780128,1.9187412242177998e-10,-4.420450357124238e-5,3.3901134450221365e-12,-0.013899484970135188,0.009658655434600458,3.358749576541365e-5,-8.662849116617427e-13,3.3210103006836854e-5,7.479280203507547e-10,1.7189029872136182e-13,-0.00019476223975453146,3.1197264664950725e-13,5.862292923202327e-10,6.043865313449689e-13,-7.905152925298804e-6,-0.00098787973716323,0.0012700773020619305,1.5478598978122434e-7,0.012926564618848713,-3.756897775451797e-9,-0.00630417911428068,-9.91792406419433e-11,0.0008241274132149279,0.00023365005998081438,7.665292603467708e-6,-2.44661183126838e-14,-4.547533630481777e-14,-4.343823002013064e-11,-6.530219371724256e-9,1.0965359104246757e-6,-1.28729254919283e-10,-0.0020812583409071483,-4.6974650292068414e-14,1.6715010848507688e-5,4.214673279853647e-5,-6.4862623848902e-5,6.598218320363455e-11,-0.0008752041490747097,3.3375817301799275e-13,-4.248242652188585e-9,4.2479134912632614e-13,-0.004639598307290201,0.005198407943456782,0.00045442595778306255,-3.831981991504561e-13,-0.0017444771079716923,0.0017105485742274636,-0.0012083990473681354,3.438254724963295e-6,4.612436959529759e-14,6.590026590747579e-10,1.2819977803740169e-11,0.00022795340055290007,0.00030047911487008315,0.0014208221061122192,3.4458406923766176e-10,-0.0005439327362655768,8.66102891113834e-15,9.809016555437404e-11,-6.462187049911445e-8,0.0001005673334716525,2.001221484712337e-11,1.2334637214294616e-10,0.00014123829431888577,-0.0003549741554107036,-2.613455561569016e-9,3.016886606552241e-8,-5.045897880503603e-8,-7.475466333135612e-7,2.562259728755564e-11,-6.9576173229963905e-12,-0.010047459960103956,4.0302400462021916e-5,-7.087706788942937e-13,-2.1868761154796086e-7,-0.00013403245730102771,6.132237505746389e-7,-2.4499372499792095e-9,7.50321609573659e-7,-5.255804458884858e-12,-6.720113683734909e-10,8.775797436448872e-11,2.3527208516058694e-9,0.013950216574071516,4.294273343198283e-9,3.283476694647079e-7,-5.829671189585647e-12,-5.125752634415668e-14,1.4548593418272624e-7,0.0003853792871739091,-1.0809750446221658e-13,6.951783806537023e-12,-2.332373617878339e-12,2.649232861991487e-11,-2.6572716273510015e-9,-0.0005030997104069182,-2.6581120439163893e-5,1.7273044166051023e-10,2.8498135366468146e-7,9.092943969573952e-11,-1.6168429749790415e-12,2.2250790197064786e-12,1.2610652315298355e-10,1.475951033583619e-7,1.9730798194023268e-13,2.104402347420846e-12,1.962562452571226e-6,-0.0019311870036498933,-1.2097146710404892e-6,2.025021969888118e-8,-2.0787211537776372e-11,1.30458381190375e-9,2.7536622938534704e-12,-8.118104760209265e-8,1.0395121430926583e-12,2.3571842782984532e-5,2.8126996109341592e-5,5.109157284162355e-12,5.372536398335466e-8,5.150214371621001e-12,-3.009556188567744e-13,2.6019454809920913e-11,-0.013968260524070228,-1.3254752640472259e-11,1.028504259887222e-6,1.0943941751227546e-7,2.2382195365451115e-12,6.024173983471905e-13,-4.7101957575994375e-11,-3.1984148860493334e-13,1.182145853610977e-7,-0.0008023729215234439,-1.3987360891937077e-14,0.0001617427685052385,0.0006906986552488099,4.5248840459299867e-13,-0.00010691276705462797,4.5790078936627685e-8,3.696178877843714e-11,-1.1695733406902634e-10,0.010791046222701635,-6.935502158581713e-7,-9.338935490674979e-9,2.3037669773994944e-13,0.0004793649040255653,0.000463121847358881,3.51798321315839e-13,6.00443981214861e-5,-9.124637492081006e-12,-2.8587042888688433e-7,-6.656925300554236e-8,4.41250325013768e-8,-2.5376823834510556e-10,8.171817294260404e-12,1.4438157715723625e-10,-2.728358636142551e-6,3.847042816341924e-6,-1.3101980645549214e-11,-1.2306803063961707e-11,2.2095263455018196e-13,0.0026508780236446493,-0.00015121696486446805,3.1318914475135637e-14,-5.659850257032403e-13,2.019931959033356e-9,-3.9850797828671115e-15,-2.0949697766305628e-11,8.053967403041434e-9,1.3590674555174572e-9,-1.8495407169692835e-11,-8.944864817188009e-10,-4.608272828983519e-5,-1.2309766069437082e-8,-1.0542521173627813e-13,-0.011033273780211295,-8.282517126212145e-9,-5.670678278948554e-8,7.40651456757891e-7,-3.7962147482472285e-6,2.652342334565881e-13,-9.122882077100949e-14,0.0017079217120427247,0.00043014148310349,-0.010400925096435518,3.706589658395063e-9,-2.897949743347763e-12,3.0849918031586234e-11,2.9210165810827153e-6,-4.682953995987068e-7,0.0005722071504614386,-9.007005671733094e-7,1.541906592284038e-5,2.8467349853738804e-11,0.008471043343429041,1.2223654263997521e-9,3.397976265593646e-8,-3.2124827867920633e-8,-2.359316630301535e-5,-9.300121760754484e-10,1.1212028267989293e-11,2.7723127956643688e-9,-0.0008450724304029692,4.1755112713215405e-14,2.285014353669578e-6,5.794671040726991e-12,-5.2227416080725504e-5,3.4097363021641455e-12,1.6744400763281986e-14,4.635854843884234e-5,1.3318321343448026e-8,-4.945864624576026e-6,-5.751258087753844e-5,3.9663028962456447e-7,-3.0602274102684213e-7,-9.754950902247403e-12,0.0022987380765414397,-0.0010700073289500076,1.2470130019365898e-9,-3.137534280045651e-6,0.00027765304303469066,1.1658350891598689e-8,1.0708035892922823e-5,-9.494092429133211e-11,1.2203723636701732e-8,7.938468054916583e-13,1.150154087654515e-8,0.001842481145943693,4.184980602256821e-13,0.0003451417446826238,-0.0034329914587562836,-1.240393769319594e-8,2.3871618429796283e-13,-1.144784541355449e-12,0.00026558583484394217,0.0003638096653532859,1.746684732248065e-11,-1.0468999423084211e-14,-4.0953650042469746e-13,-1.5050714907578599e-10,8.205924527094199e-10,-0.00048822498790932915,-2.345683156762181e-8,1.5046848888863921e-5,-3.86184796470019e-14,1.0966813826306977e-7,8.435199064490985e-11,1.9923105705091778e-10,0.0004225273085025035,3.425081724798957e-7,1.4651633231216043e-11,1.0775101086553912e-9,-7.291319544514166e-7,5.245366562650752e-7,7.969265261848595e-12,-0.0026974876454532695,6.102588745380495e-5,-7.094333653898594e-11,5.133819816618231e-9,2.0131550528230795e-9,-1.828464984175936e-9,8.511994598128592e-13,-7.495633203114497e-6,-1.6025864182398245e-9,0.00372240061450877,-0.0005869331037092641,6.863582408874174e-7,-0.004157779578659652,-4.3709904888872324e-11,-3.091249578412277e-13,-2.0513526421236821e-13,-8.934488594376725e-6,2.5626375845770753e-6,1.8149546666219875e-5,-0.015182371117586088,6.5754410765357835e-12,-4.2689676402062535e-8,-6.604429700306158e-14,1.4762636261243719e-9,5.418124374210201e-11,-1.3241223648665324e-12,-6.902163477589881e-5,5.079108897698153e-11,1.7905427553675928e-6,5.098477917643342e-7,-0.00011761819660126021,5.860046576745008e-14,0.0006581284046252028,-1.4864931598679731e-8,6.774786034848247e-6,-0.0023035766777199968,-8.922666692039309e-5,-2.826033293898923e-10,1.3836230112998403e-9,-1.4906442314154251e-13,-2.884512024787242e-14,5.0122393475970805e-14,9.351644633621914e-6,1.9145305024722527e-13,-1.0205261940946593e-7,-5.829648361632308e-6,-1.5518093975788078e-5,0.0007700912851419199,-1.2289462704305629e-7,0.0001610986720086235,-6.764169915049371e-15,-1.4503084856251344e-7,6.3512192031914165e-6,-1.4580579664804683e-8,0.0004411796049477959,-0.0010293362786166374,-0.0007436930835678374,-2.4893878526375966e-14,-9.894534999410038e-7,-2.403879425350015e-10,6.151481295485527e-9,-0.003155589963266665,-1.0023931960800437e-9,-6.9568421715412595e-12,-7.755815670070268e-7,6.029250138404859e-13,-7.851711883989856e-7,-8.793532212249161e-5,-3.280763827919578e-11,9.991427442450749e-9,3.1538893466491012e-9,4.880541880317288e-5,-6.278493689489846e-9,-0.0021466852343645726,-1.2758266279382193e-12,-2.3001032533674822e-9,-2.6829204568209656e-7,-2.17466569045878e-11,-0.0008741270384411713,-5.752177716235463e-12,0.000932689512590493,0.0003882320154117616,0.009992514926838477,-5.757345510490094e-12,-3.8353247700290616e-10,2.641631761039398e-9,2.3661606854035497e-9,0.008858729665782527,3.195016293899042e-11,-1.984598255495735e-12,5.7803909103484087e-8,-3.821105616370938e-5,-2.9277025703642735e-12,2.071124173120938e-9,3.0142964380097762e-9,-1.4572140768930332e-6,-5.060920529322374e-6,9.943341374782342e-14,2.6577084589853795e-13,-2.7269423589201302e-5,9.197648605320094e-7,-1.6287968172319704e-8,-3.5730314694780025e-11,8.412807620695623e-8,9.864074806172407e-5,-1.3023673134794846e-8,-1.731860461511058e-10,8.672827847785007e-11,0.005387914851640376,2.825587587379231e-5,-8.240649363279712e-7,8.60083370361919e-6,-8.289495978695067e-7,1.4287948136658233e-5,-2.0294176131847137e-13,-7.213069239309913e-13,-0.005366791322643605,-5.133469043918119e-8,8.533573171147218e-15
0.0,0.0,0.0,0.0,0.0,0.0,0.0,0.0,0.0,0.0,0.0,0.0,0.0,0.0,0.0,0.0,0.0,0.0,0.0,0.0,0.0,0.0,0.0,0.0,0.0,0.0,0.0,0.0,0.0,0.0,0.0,0.0,0.0,0.0,0.0,0.0,0.0,0.0,0.0,0.0,0.0,0.0,0.0,0.0,0.0,0.0,0.0,0.0,0.0,0.0,0.0,0.0,0.0,0.0,0.0,0.0,0.0,0.0,0.0,0.0,0.0,0.0,0.0,0.0,0.0,0.0,0.0,0.0,0.0,0.0,0.0,0.0,0.0,0.0,0.0,0.0,0.0,0.0,0.0,0.0,0.0,0.0,0.0,0.0,0.0,0.0,0.0,0.0,0.0,0.0,0.0,0.0,0.0,0.0,0.0,0.0,0.0,0.0,0.0,0.0,0.0,0.0,0.0,0.0,0.0,0.0,0.0,0.0,0.0,0.0,0.0,0.0,0.0,0.0,0.0,0.0,0.0,0.0,0.0,0.0,0.0,0.0,0.0,0.0,0.0,0.0,0.0,0.0,0.0,0.0,0.0,0.0,0.0,0.0,0.0,0.0,0.0,0.0,0.0,0.0,0.0,0.0,0.0,0.0,0.0,0.0,0.0,0.0,0.0,0.0,0.0,0.0,0.0,0.0,0.0,0.0,0.0,0.0,0.0,0.0,0.0,0.0,0.0,0.0,0.0,0.0,0.0,0.0,0.0,0.0,0.0,0.0,0.0,0.0,0.0,0.0,0.0,0.0,0.0,0.0,0.0,0.0,0.0,0.0,0.0,0.0,0.0,0.0,0.0,0.0,0.0,0.0,0.0,0.0,0.0,0.0,0.0,0.0,0.0,0.0,0.0,0.0,0.0,0.0,0.0,0.0,0.0,0.0,0.0,0.0,0.0,0.0,0.0,0.0,0.0,0.0,0.0,0.0,0.0,0.0,0.0,0.0,0.0,0.0,0.0,0.0,0.0,0.0,0.0,0.0,0.0,0.0,0.0,0.0,0.0,0.0,0.0,0.0,0.0,0.0,0.0,0.0,0.0,0.0,0.0,0.0,0.0,0.0,0.0,0.0,0.0,0.0,0.0,0.0,0.0,0.0,0.0,0.0,0.0,0.0,0.0,0.0,0.0,0.0,0.0,0.0,0.0,0.0,0.0,0.0,0.0,0.0,0.0,0.0,0.0,0.0,0.0,0.0,0.0,0.0,0.0,0.0,0.0,0.0,0.0,0.0,0.0,0.0,0.0,0.0,0.0,0.0,0.0,0.0,0.0,0.0,0.0,0.0,0.0,0.0,0.0,0.0,0.0,0.0,0.0,0.0,0.0,0.0,0.0,0.0,0.0,0.0,0.0,0.0,0.0,0.0,0.0,0.0,0.0,0.0,0.0,0.0,0.0,0.0,0.0,0.0,0.0,0.0,0.0,0.0,0.0,0.0,0.0,0.0,0.0,0.0,0.0,0.0,0.0,0.0,0.0,0.0,0.0,0.0,0.0,0.0,0.0,0.0,0.0,0.0,0.0,0.0,0.0,0.0,0.0,0.0,0.0,0.0,0.0,0.0,0.0,0.0,0.0,0.0,0.0,0.0,0.0,0.0,0.0,0.0,0.0,0.0,0.0,0.0,0.0,0.0,0.0,0.0,0.0,0.0,0.0,0.0,0.0,0.0,0.0,0.0,0.0,0.0,0.0,0.0,0.0,0.0,0.0,0.0,0.0,0.0,0.0,0.0,0.0,0.0,0.0,0.0,0.0,0.0,0.0,0.0,0.0,0.0,0.0,0.0,0.03927427686138854,-0.001468340843904124,-0.0015810050445770833,-0.0029398059516513777,-2.2284313004539523e-11,-2.5073051019151576e-5,-0.00011409224895305936,-9.466140277802968e-9,-6.00466560775964e-6,0.0005760950565813227,5.300608631224764e-6,7.02345753080698e-14,-8.759098840276109e-7,3.764493214002788e-9,-6.0528919418442795e-9,-0.0004405332341023331,-3.3307771406374033e-10,-0.00012776673824938924,-3.8266573086396824e-12,-0.011903222279045061,-0.02317966808113594,-7.84000696751852e-6,-1.712467348541163e-12,2.8629723820999384e-5,1.0835695593181735e-9,3.1788703747618945e-13,0.007694153560231857,-4.899887509847121e-13,-1.9192971915613682e-9,-1.8418044094582115e-12,5.0012890117754865e-6,0.005108489928621517,-0.0010906767826027463,1.1224657347995976e-7,0.0036857245139005415,-5.429822491757551e-9,0.012168362997455856,-1.4355333394307235e-10,-4.37717011459124e-5,9.758249645771842e-5,-9.42142060114433e-5,-6.802924646907083e-14,3.8075353281724164e-14,-4.165561714973148e-11,-1.3361190375975347e-8,-1.5078041622999542e-5,-2.0264193467345584e-10,0.00744948260538186,1.1316904174681473e-13,9.870595546169341e-6,0.0009025473524636408,3.867110268055256e-5,-2.1419267015912964e-12,0.011560718926872052,9.999284285202273e-13,2.487130899454401e-8,-6.189263422376694e-13,-0.0036506845713921037,-0.0006789148861190642,-0.0006267702943306734,4.765089647310206e-13,-0.0037697689802240458,-0.0033993187391778406,0.001208335735231602,-2.5909775519461117e-5,5.133215201344384e-13,-3.807157735185084e-9,-2.3906582633914644e-11,-5.0099248458092854e-5,-0.0004919616555195953,-0.0038173632677518817,-1.2484286460759002e-9,0.00031831141238936305,5.124200917287817e-14,-1.5109387876141863e-9,-7.093131869413207e-8,0.0007316245172204397,2.667185680347231e-11,-4.015147221049526e-11,-0.0003784184549015869,-6.744144616192481e-5,-2.438746066934948e-8,8.315900245402376e-8,-1.0530071080268571e-8,7.172411203996741e-7,-1.6275676835317155e-11,-6.587098819362282e-12,-0.0042131278607006615,8.08747116710297e-5,-2.567470162095575e-13,-2.5109632985417497e-8,3.1242209745489054e-5,3.136475333092991e-6,-1.5796807445393383e-9,1.0674502848707454e-6,-2.097269620691039e-11,-4.80362531177125e-10,3.012494382264162e-10,-1.7626236473306867e-10,0.002060502592188265,-7.149171086057442e-9,4.928374285057782e-7,8.652492954921942e-13,-1.4250506729650772e-13,2.4491132119788904e-7,0.005753643220733728,-1.4321521929981864e-13,-2.8150666644198037e-13,-2.473697153589306e-13,1.2950564056722413e-10,-1.8152892376015367e-10,0.0005667808525036727,-2.1346889187574044e-5,-2.36272632804785e-10,-1.1660717377934478e-6,5.806777315100253e-11,1.0974093004583139e-12,4.164828342989125e-12,1.0253998543989725e-10,7.186016774246675e-8,1.1071133024985757e-13,-3.989461240664204e-12,-7.683749457363954e-7,0.008810796010158871,2.088584303882175e-6,1.6039137255371238e-8,4.638281411809897e-12,-2.1961889457294327e-10,-7.60835089606383e-12,1.343489807206918e-7,5.325702264749609e-13,-4.967435933914637e-5,-2.7475612232941248e-5,9.95086901564645e-12,-1.0487193999703752e-7,2.4185684193765542e-11,-1.671538906553278e-13,3.6304513235996685e-11,-0.008504113632680827,-1.7794191003440635e-11,7.89479260560317e-7,2.0397585041456753e-7,-2.898986623983585e-12,7.924752860346073e-13,4.900289959587934e-10,-7.389419663873016e-13,1.6961894791301213e-7,0.0016150897230883731,-7.765222120168886e-14,-0.00011297402636635682,0.0012216823177430348,7.077751755254723e-13,-0.018484791168329136,5.1225510557012474e-8,3.690495859745189e-10,-4.781649724019116e-10,-0.018399520038989495,2.1240244992105092e-6,-6.993911588101133e-9,-2.6551903193243034e-12,-0.006418878912581448,9.719946395382457e-5,5.692685516477284e-13,0.00019084427561324923,-4.6315960564485215e-10,-7.598365638695088e-7,-7.550821754049953e-8,6.935669243040223e-8,-1.4796618041383414e-9,1.4627963197462148e-11,2.9194130279890656e-10,-5.080406365352874e-5,4.538135666954621e-6,-4.392719493238247e-11,-4.7577100539346315e-11,-9.232749246504553e-12,0.0015840195199135852,0.00027897717460519653,6.321217323341156e-14,-6.421032468785046e-14,2.4195057315302393e-9,-4.276928516975933e-14,-3.1309127391818124e-11,1.8101383093215106e-8,-2.6761355529276545e-8,-1.1979953998117924e-9,-9.864392992195594e-11,-0.00012768454746571757,1.0329408709825004e-8,-6.607138777538785e-14,0.003030236605333367,-2.078056683675152e-9,-3.891816528343629e-8,5.19259209089996e-6,-1.8197177012479346e-5,8.264737306492448e-13,-2.1219914922205257e-13,0.0008780155315917773,0.008609087797933195,-0.007732738060545335,1.142919611063613e-8,-8.881984610446861e-12,1.4760542532045923e-11,-1.4646704259319212e-5,-1.8402018288130833e-6,0.004140921754197693,-1.2773123722704538e-6,5.5894667272096786e-5,1.1386116272637737e-11,-0.0008051085957913936,3.9622755215283934e-11,1.278481204039709e-8,-1.6684102398509843e-7,6.187857686444554e-5,-1.0336421164995012e-9,-4.779267016037366e-11,3.2939862384154718e-9,-0.005550610878866905,1.0372811878371656e-13,-0.0001081342857883434,-3.925996240526495e-12,-1.778908047460699e-5,-1.3934135241083147e-12,-7.11002144597141e-14,-0.00020595115363695017,-2.504052185295915e-9,-5.103249735913057e-6,-6.906776281231813e-5,5.437494761144673e-7,-2.624414091428611e-8,6.745744476255258e-12,-0.004909822500244503,0.001498809784489226,1.76347069460762e-9,-2.0659305060290603e-6,0.00048264823761707653,-7.869127957563072e-9,-4.841953513279344e-6,-1.7630751851947088e-10,9.448274504024843e-8,8.345818407469277e-13,1.1730598503240302e-8,-0.0031510692350835757,4.292542418122062e-14,0.0004959051369729238,-0.0024249921509403743,2.5139916432460306e-7,4.875005264486113e-13,-1.603277047006232e-12,-0.002069321627554342,-0.000968231751021402,6.366104170970626e-11,-3.938953480675867e-13,6.511420711862136e-13,1.6615942745181384e-11,-5.135318329873477e-9,-0.0007668900585143199,-4.7791786801829836e-8,-0.00025730716354511156,-1.9266999038460154e-13,1.0701028762871194e-7,-3.646794266531761e-10,1.88716107341617e-9,0.0006710711844044192,1.623198194777121e-7,2.4263765827421094e-11,-1.0454997613603355e-9,4.520627869648806e-6,8.118898628596532e-7,9.041082415447147e-12,-0.0007078530158358,-5.303172649231065e-5,-2.6886505056748612e-11,1.1594704241241732e-8,-1.1706941362465141e-8,-4.491416344249191e-9,7.873802323853444e-13,1.6237014971395288e-6,5.938640564521486e-9,0.0030839240837674075,0.001658400061248551,-1.6872074729670782e-6,-0.0010099683628322163,-1.008363631058734e-9,-1.1272218791124286e-13,-1.260264723452837e-13,-3.941994243005941e-5,2.2517872465253335e-6,1.0947629619248631e-5,-0.013988805268147423,-2.0542396392458913e-13,2.420026130187435e-8,-2.5415205038698467e-13,1.0288336834768222e-9,-1.9372481418819605e-10,-3.840046350460596e-12,0.00010704333195015021,1.0116644667246668e-10,5.079675934706868e-7,2.9384477901693304e-6,3.484276793087799e-6,6.407090088156852e-14,-0.0003736403229064279,7.133856610381191e-8,-4.593273513679607e-8,0.0017239918901538127,0.007391942857139044,5.425079858871032e-9,8.944732715281694e-9,-3.284545162341319e-13,-2.2754190696912967e-14,-9.473900787686689e-15,-1.4194307191887476e-5,1.6539295013788572e-13,-2.3610101136237556e-6,4.233252671452089e-5,1.9303507699922106e-5,0.0077300489781634485,7.072075007795215e-8,0.00022123858569672548,-1.9156878666976977e-14,-1.4262294994927436e-6,-8.846354597401314e-6,-1.9780492419860074e-9,-0.0002757108455560401,0.004419333710052226,-0.0005499602427991133,-6.38829371832291e-14,9.628975961525126e-6,-3.391126587344283e-10,-1.1355080030470612e-7,0.0011662648171432346,2.199643926010177e-9,-2.2123885254682287e-11,-9.146863365131703e-8,4.479014404627315e-13,-1.1027956643638904e-6,1.3788534621403985e-5,-5.4641436145203524e-11,1.9082193970974918e-8,3.880579707286652e-9,-3.0360754508325393e-5,-4.874956624342125e-9,-0.014215403721278243,1.4980072824419053e-12,3.8368346462228924e-9,1.2638095347825252e-6,-2.3448629680440143e-11,-0.005626499311045346,2.5187235237043823e-12,0.000619747450681991,-0.0010352967582088778,0.004347304471511478,-6.110622638936883e-12,-4.0918163544068463e-10,-6.343940970183852e-9,8.310422568167556e-9,0.015086172773267566,-2.6129812242101095e-11,2.780607568439044e-12,-1.1760162429931465e-7,4.7550501149255284e-5,-1.060256591625281e-12,1.483444253485808e-9,-1.2341610453149554e-8,8.975097617444016e-6,-3.8482477320305396e-6,-1.3185911430633488e-12,1.426645226434612e-13,0.00021002823099283184,4.397292771674046e-6,3.590378785411655e-9,-3.5319055683190826e-11,1.1144479911683341e-7,-4.4075121184310654e-5,-2.3395156765653634e-8,-9.054434568315813e-11,-9.887841438690665e-11,-0.001588692886901509,4.26729224453644e-5,-2.1614639051077356e-6,-2.7448618336449035e-5,-6.152868706414186e-6,2.03874828470028e-5,1.5051331796047068e-12,5.0593112091681e-13,0.0019131930449162876,-1.3182640275576587e-7,-1.0236357789433014e-13
0.0,0.0,0.0,0.0,0.0,0.0,0.0,0.0,0.0,0.0,0.0,0.0,0.0,0.0,0.0,0.0,0.0,0.0,0.0,0.0,0.0,0.0,0.0,0.0,0.0,0.0,0.0,0.0,0.0,0.0,0.0,0.0,0.0,0.0,0.0,0.0,0.0,0.0,0.0,0.0,0.0,0.0,0.0,0.0,0.0,0.0,0.0,0.0,0.0,0.0,0.0,0.0,0.0,0.0,0.0,0.0,0.0,0.0,0.0,0.0,0.0,0.0,0.0,0.0,0.0,0.0,0.0,0.0,0.0,0.0,0.0,0.0,0.0,0.0,0.0,0.0,0.0,0.0,0.0,0.0,0.0,0.0,0.0,0.0,0.0,0.0,0.0,0.0,0.0,0.0,0.0,0.0,0.0,0.0,0.0,0.0,0.0,0.0,0.0,0.0,0.0,0.0,0.0,0.0,0.0,0.0,0.0,0.0,0.0,0.0,0.0,0.0,0.0,0.0,0.0,0.0,0.0,0.0,0.0,0.0,0.0,0.0,0.0,0.0,0.0,0.0,0.0,0.0,0.0,0.0,0.0,0.0,0.0,0.0,0.0,0.0,0.0,0.0,0.0,0.0,0.0,0.0,0.0,0.0,0.0,0.0,0.0,0.0,0.0,0.0,0.0,0.0,0.0,0.0,0.0,0.0,0.0,0.0,0.0,0.0,0.0,0.0,0.0,0.0,0.0,0.0,0.0,0.0,0.0,0.0,0.0,0.0,0.0,0.0,0.0,0.0,0.0,0.0,0.0,0.0,0.0,0.0,0.0,0.0,0.0,0.0,0.0,0.0,0.0,0.0,0.0,0.0,0.0,0.0,0.0,0.0,0.0,0.0,0.0,0.0,0.0,0.0,0.0,0.0,0.0,0.0,0.0,0.0,0.0,0.0,0.0,0.0,0.0,0.0,0.0,0.0,0.0,0.0,0.0,0.0,0.0,0.0,0.0,0.0,0.0,0.0,0.0,0.0,0.0,0.0,0.0,0.0,0.0,0.0,0.0,0.0,0.0,0.0,0.0,0.0,0.0,0.0,0.0,0.0,0.0,0.0,0.0,0.0,0.0,0.0,0.0,0.0,0.0,0.0,0.0,0.0,0.0,0.0,0.0,0.0,0.0,0.0,0.0,0.0,0.0,0.0,0.0,0.0,0.0,0.0,0.0,0.0,0.0,0.0,0.0,0.0,0.0,0.0,0.0,0.0,0.0,0.0,0.0,0.0,0.0,0.0,0.0,0.0,0.0,0.0,0.0,0.0,0.0,0.0,0.0,0.0,0.0,0.0,0.0,0.0,0.0,0.0,0.0,0.0,0.0,0.0,0.0,0.0,0.0,0.0,0.0,0.0,0.0,0.0,0.0,0.0,0.0,0.0,0.0,0.0,0.0,0.0,0.0,0.0,0.0,0.0,0.0,0.0,0.0,0.0,0.0,0.0,0.0,0.0,0.0,0.0,0.0,0.0,0.0,0.0,0.0,0.0,0.0,0.0,0.0,0.0,0.0,0.0,0.0,0.0,0.0,0.0,0.0,0.0,0.0,0.0,0.0,0.0,0.0,0.0,0.0,0.0,0.0,0.0,0.0,0.0,0.0,0.0,0.0,0.0,0.0,0.0,0.0,0.0,0.0,0.0,0.0,0.0,0.0,0.0,0.0,0.0,0.0,0.0,0.0,0.0,0.0,0.0,0.0,0.0,0.0,0.0,0.0,0.0,0.0,0.0,0.0,0.0,0.0,0.0,0.0,0.0,0.0,0.0,0.0,0.0,0.0,0.0,0.0,0.0,0.0,0.03306469831855284,-0.0007822452158434134,0.008242857520751655,1.261261264307466e-11,-2.396319718670333e-6,4.715464291347871e-5,8.229983771391465e-11,0.00022096937291449654,9.815040851131307e-5,-5.298339298867318e-6,-5.57046284175623e-14,2.2756971692282323e-7,-2.1601385497369507e-9,-8.668956237743171e-10,0.000894298151055029,2.2669190956742778e-10,-2.2264003897266216e-5,1.3661728953907573e-12,0.0016853672678768263,0.0020708062412041917,-1.062521662283461e-5,6.939857400043853e-13,6.792305412311138e-5,-4.598170726245804e-10,-1.3358981092441479e-13,-0.0008596425684614426,5.343786570949856e-14,4.1565410969779464e-10,6.599522977423576e-13,2.824648624620283e-6,0.0008394986884739643,0.0008959900221115487,-2.1542465070088883e-7,-0.0003997424764609164,2.852217241509488e-9,-0.0014112009947718329,3.258257563424491e-11,-0.002031905718792611,-0.00012651819041955618,8.88858037681849e-6,3.8686630549781504e-14,1.1081285592226209e-14,3.101537661744481e-11,-1.8310068660416717e-9,2.421747686953726e-6,9.81506601210494e-11,-0.000978752348611104,-8.77512849348484e-15,1.1186282234994267e-5,-0.0001640711957062977,-2.1144099848324036e-5,-3.507384929302014e-11,0.002219420607716194,-3.2479104958799143e-13,-6.863808109177388e-9,1.706209275849404e-12,-0.00038293694173895793,0.0005225222788728834,-0.0033279672936064784,-6.5077545641159e-13,-0.001918009308136612,0.0004698909106450008,0.0005728336674275772,2.76174959729795e-5,-2.1742151666877063e-13,8.307302375048984e-11,1.2689814525958183e-11,-0.00024784117681960453,1.254840652868385e-5,0.004685042162085934,-6.344789999024734e-12,-0.0002595364933453682,-5.276740369818022e-14,-1.276229490942068e-9,-4.079324303435302e-9,-2.3809125044009356e-5,-2.035272161106457e-11,9.712919518754289e-11,-0.0001608624501618351,3.491908539182258e-5,1.8157073985296834e-8,-7.190395563835371e-10,-5.450056484718461e-8,3.148233764677578e-7,2.2623484343757185e-12,3.5360510024346953e-12,-0.003553318057932811,-1.1461959863107233e-5,9.342083164034513e-13,-1.712249240026067e-7,0.0001544378912849385,-8.886469889247224e-7,-8.109056780528608e-10,-1.019635892070063e-7,1.0578265725596693e-11,-1.0099775263210729e-9,1.0938739602963728e-10,1.8370650208158033e-9,0.0009653031159334448,4.756435591739048e-9,-8.684233106908716e-8,1.2186723771323311e-12,2.8844398945054106e-14,1.4664407978130065e-8,-2.6041523388702048e-5,9.125956461028691e-14,5.005346938023543e-12,1.3426778700048078e-12,-5.1663724576396075e-11,1.3183723586139435e-9,0.0018219265941981067,4.670061771147805e-5,3.5496855339930997e-10,1.999431645527414e-6,1.0546057825706345e-12,-4.4097675145889366e-13,-2.912819514094622e-12,-5.5726755796108024e-11,-5.7142727010708144e-8,-4.822937268717332e-14,3.874572897695431e-13,7.235065630063953e-7,-0.006574129168234202,2.370066933145232e-6,-2.6361398066128738e-9,7.179611279245294e-12,-7.1044229423722e-10,-3.4550812217463344e-13,4.828413922811863e-8,-4.66367747080687e-13,-1.0242773385604186e-5,-2.8441341816031097e-6,-3.0358086865449128e-12,1.0854125405888791e-7,-1.0083656257893015e-11,2.373252714392834e-13,-9.01985385049422e-12,0.0013171410822106393,-9.538470440877003e-12,-7.292809094305726e-7,2.5051180175663802e-8,6.676850543986169e-13,-6.768914476603957e-13,-3.210602944356296e-10,-2.6657970401293116e-14,-7.93351876581012e-9,0.0002698246075181818,2.5117649879878624e-14,0.00012516931084820263,-8.464344096651993e-5,-1.0926509909899648e-14,-0.0025067152757682985,-1.5609775926658848e-7,-4.0985676034537405e-11,1.9502442913795106e-10,0.00843746794548352,3.5273523756280936e-6,1.6215040015051646e-9,5.108356658936551e-13,-0.0006974983552111937,-0.00032938848985209445,1.265322507432772e-13,-0.00011271865230058162,-3.232563645431886e-11,3.050789681310992e-6,5.235490689008584e-8,1.737542775772583e-8,5.941316068409704e-10,-2.05297280462976e-11,-3.0218002640391223e-10,1.465640174322091e-5,-1.6022218832709347e-6,1.3317823009583187e-11,3.5433714087840083e-12,2.517749521979735e-12,0.0033816331033278764,0.00019360518451372953,-2.7108407252593786e-14,4.403869328820138e-13,-9.196764801383031e-10,9.639947505502561e-15,2.1851851122480694e-11,-1.0158572852635089e-8,1.3148279531408436e-8,1.0530558827833194e-10,1.812688215881523e-11,5.029344391702987e-5,-4.755839770450802e-8,3.569631037482442e-14,-0.004553400946373466,2.0130544689943875e-9,3.727757802394642e-8,-6.333040220760145e-6,-3.979878329261183e-7,-3.6886894966675943e-13,1.1948565637151833e-13,-0.0028623615696364026,0.00021189459739097554,0.002953556074681892,4.595738054840274e-10,3.3489317772497376e-12,-1.0366159313595293e-11,2.7150862836127224e-6,2.95443347123475e-7,-0.01369323908976171,-8.802536768826574e-7,3.634848111891544e-5,-1.2732742948532311e-11,-0.0022206443719633502,2.711572266651595e-10,-4.292955294023205e-8,1.1263262320777892e-7,8.287306972420685e-5,7.771765798450655e-10,-1.571504856451968e-12,-3.555839353094559e-10,0.0013960329655802602,-4.5925525080952374e-14,6.495151472839494e-5,8.143518847647795e-13,6.457466042097959e-8,8.520913925664442e-13,3.343510109970218e-14,9.61149266881694e-5,-1.258518021809695e-8,4.478719878096384e-6,1.8789221057824253e-5,-2.3033299673849286e-7,8.03628544418739e-9,4.655217983215543e-13,0.0004711043742151195,0.00018152671197241467,-1.4435919695708143e-9,3.4594408032778634e-6,0.0003760096568194148,-7.648864753120327e-11,2.66400322711368e-7,1.7199777832659036e-11,6.113629714749183e-8,-6.04686215085267e-14,-1.1885338041630269e-8,-0.0030730351875700697,-2.0458322381796162e-13,-3.952701339473625e-5,0.0022503535392099715,1.0296424646438618e-7,-1.6571493063326526e-13,9.508566561800561e-13,0.0004980161971793279,6.471759325789368e-5,1.4635748275617264e-10,-1.8932576060025405e-13,-9.809446225587763e-13,2.284098812016578e-11,-1.4672628969070479e-9,-0.0002385999432022585,-1.2571862795796572e-8,0.00017853338848247756,1.4230558276540564e-13,-5.0200888432016824e-8,7.093258027952652e-11,1.101236922645561e-9,-0.000474476634707285,1.3740245285344658e-7,-1.8613097671844128e-11,-3.1584171394684383e-10,-4.4617583265586906e-7,-5.996161927491663e-8,-7.817319224741654e-12,0.0005689845044235315,-3.570699196088971e-5,-1.6330147591366985e-11,-8.017311152181575e-9,9.155079951825468e-9,6.623434098449852e-10,-5.41166658520377e-13,3.8565807654303944e-6,1.037385088278662e-11,-0.000742951744415094,-0.00011819336519909836,1.0458303239907636e-6,-0.0010218066400383852,-5.330562250872827e-10,1.4908636764598894e-12,2.41814314253104e-13,1.3953428823055553e-5,9.673014959824147e-7,-1.7293390544193121e-6,0.003624315186229271,-5.45428625823243e-12,1.05656110440007e-9,1.2787919981893277e-13,-8.452047027037955e-10,1.2430401064212266e-10,1.7685107132564273e-12,-7.282975576804105e-5,-3.82615440842848e-12,-5.964617998321064e-7,-4.504575395265666e-6,-2.6304761082596764e-6,-2.6114583891965048e-14,0.0001901728930511578,1.538697402483501e-8,-6.48052998802762e-7,0.0003511819244513124,0.00048157730245026943,-3.1880419849580087e-9,-4.803562517214817e-9,1.9249097805671467e-13,5.088212440238014e-15,-4.1607868669215594e-14,1.0404368070381046e-5,-3.844924607729485e-13,1.0437907617969535e-6,-3.57667339028781e-5,-1.4443736438022686e-5,0.0025438555265179723,-1.1550041299979622e-8,-0.00016405752770010587,-9.789686399018372e-16,-1.1173284186003478e-6,9.516024317355106e-6,4.858390020251782e-8,-0.0014465822005554937,0.0006051547467362563,0.000562015137999781,3.3781655157838856e-14,-3.840276315779076e-6,5.4613396227329726e-11,-3.526587963589498e-8,-6.02850347837963e-5,-1.107656865121641e-9,3.4909571520881907e-12,-3.907786945748382e-7,-3.1873379607546775e-13,1.352347941742227e-6,3.6391128936089965e-5,-3.689678647547272e-12,-3.6696577155487655e-9,1.1075440342566585e-9,-6.390043724418519e-5,-8.301168917686675e-9,0.005205521265529476,-1.791906350477483e-13,-8.562552840369198e-10,2.1029533310205644e-7,-2.4855804385260398e-11,0.0009981764095302994,5.395855371882885e-12,-0.00045611291347846794,0.0002559078816330244,0.0002487427653427152,4.696499786886083e-12,1.9588721818062747e-10,1.086726893801389e-9,-9.621410867836915e-10,-0.0005066484047632115,6.50790747246652e-12,-2.075191249350249e-12,-3.096752516632727e-7,6.859435032401206e-6,2.545194244694034e-12,-6.825112848372418e-10,-2.6998354307615924e-9,-1.7646977668968204e-6,4.2774078479723914e-7,7.023488468739276e-13,-1.1884075365625007e-13,-0.00011575021253173677,-3.2752794164858383e-6,-3.428641454379112e-9,1.4667825590806903e-11,-1.2054906596361652e-8,-3.340103338487621e-5,2.1687862161994546e-9,3.596450266052264e-11,7.389004350829345e-11,0.0005765725418563126,-3.944655236271825e-5,7.071134956981667e-7,-6.282211775928605e-6,8.122668798301001e-7,-7.288717447921071e-6,1.0176357399981907e-12,1.5557421085781265e-13,-0.0013903130209459505,1.959946963706125e-7,3.469264063940169e-14
0.0,0.0,0.0,0.0,0.0,0.0,0.0,0.0,0.0,0.0,0.0,0.0,0.0,0.0,0.0,0.0,0.0,0.0,0.0,0.0,0.0,0.0,0.0,0.0,0.0,0.0,0.0,0.0,0.0,0.0,0.0,0.0,0.0,0.0,0.0,0.0,0.0,0.0,0.0,0.0,0.0,0.0,0.0,0.0,0.0,0.0,0.0,0.0,0.0,0.0,0.0,0.0,0.0,0.0,0.0,0.0,0.0,0.0,0.0,0.0,0.0,0.0,0.0,0.0,0.0,0.0,0.0,0.0,0.0,0.0,0.0,0.0,0.0,0.0,0.0,0.0,0.0,0.0,0.0,0.0,0.0,0.0,0.0,0.0,0.0,0.0,0.0,0.0,0.0,0.0,0.0,0.0,0.0,0.0,0.0,0.0,0.0,0.0,0.0,0.0,0.0,0.0,0.0,0.0,0.0,0.0,0.0,0.0,0.0,0.0,0.0,0.0,0.0,0.0,0.0,0.0,0.0,0.0,0.0,0.0,0.0,0.0,0.0,0.0,0.0,0.0,0.0,0.0,0.0,0.0,0.0,0.0,0.0,0.0,0.0,0.0,0.0,0.0,0.0,0.0,0.0,0.0,0.0,0.0,0.0,0.0,0.0,0.0,0.0,0.0,0.0,0.0,0.0,0.0,0.0,0.0,0.0,0.0,0.0,0.0,0.0,0.0,0.0,0.0,0.0,0.0,0.0,0.0,0.0,0.0,0.0,0.0,0.0,0.0,0.0,0.0,0.0,0.0,0.0,0.0,0.0,0.0,0.0,0.0,0.0,0.0,0.0,0.0,0.0,0.0,0.0,0.0,0.0,0.0,0.0,0.0,0.0,0.0,0.0,0.0,0.0,0.0,0.0,0.0,0.0,0.0,0.0,0.0,0.0,0.0,0.0,0.0,0.0,0.0,0.0,0.0,0.0,0.0,0.0,0.0,0.0,0.0,0.0,0.0,0.0,0.0,0.0,0.0,0.0,0.0,0.0,0.0,0.0,0.0,0.0,0.0,0.0,0.0,0.0,0.0,0.0,0.0,0.0,0.0,0.0,0.0,0.0,0.0,0.0,0.0,0.0,0.0,0.0,0.0,0.0,0.0,0.0,0.0,0.0,0.0,0.0,0.0,0.0,0.0,0.0,0.0,0.0,0.0,0.0,0.0,0.0,0.0,0.0,0.0,0.0,0.0,0.0,0.0,0.0,0.0,0.0,0.0,0.0,0.0,0.0,0.0,0.0,0.0,0.0,0.0,0.0,0.0,0.0,0.0,0.0,0.0,0.0,0.0,0.0,0.0,0.0,0.0,0.0,0.0,0.0,0.0,0.0,0.0,0.0,0.0,0.0,0.0,0.0,0.0,0.0,0.0,0.0,0.0,0.0,0.0,0.0,0.0,0.0,0.0,0.0,0.0,0.0,0.0,0.0,0.0,0.0,0.0,0.0,0.0,0.0,0.0,0.0,0.0,0.0,0.0,0.0,0.0,0.0,0.0,0.0,0.0,0.0,0.0,0.0,0.0,0.0,0.0,0.0,0.0,0.0,0.0,0.0,0.0,0.0,0.0,0.0,0.0,0.0,0.0,0.0,0.0,0.0,0.0,0.0,0.0,0.0,0.0,0.0,0.0,0.0,0.0,0.0,0.0,0.0,0.0,0.0,0.0,0.0,0.0,0.0,0.0,0.0,0.0,0.0,0.0,0.0,0.0,0.0,0.0,0.0,0.0,0.0,0.0,0.0,0.0,0.0,0.0,0.0,0.0,0.0,0.0,0.0,0.0,0.0,0.0,0.0,0.0,0.03090501869728458,0.003497659700537773,9.39302121493061e-12,2.209049641425644e-6,0.00011772847842086587,-8.394108748765761e-10,-0.00016469433143306196,0.00010840942573669111,2.4352974375977254e-6,-2.453970614851422e-14,8.328027910679559e-7,1.7547930073143806e-10,-6.288894048548824e-11,-0.0010621076261325745,-4.807369398356264e-10,3.936900073679356e-5,-2.6473435328073397e-12,-0.003572549736026429,-0.008156542766017235,3.519075173592644e-5,-5.791314387211712e-13,0.0004445763814510558,1.293330599587948e-10,2.9860625412096853e-14,0.0014092161989035618,-4.621401511682625e-13,-1.2328977141231451e-9,-1.3971523792864674e-12,4.642302188552384e-6,0.0009360964687234793,-0.0010158423420021559,-2.0274905751114942e-7,-0.010757568518625518,-3.21255143552961e-10,0.0038310559828615516,7.589691758684842e-12,-0.000783165929235632,6.205520555581837e-5,-5.6466530357226456e-5,-8.416026161537724e-14,1.5593237408750885e-14,1.9629917755723307e-12,9.079033918467261e-9,-7.857954016924849e-6,5.0503898236345503e-11,-0.0006744851944969493,1.7017184625183427e-13,-1.058348715606542e-5,0.00010846356365627813,0.00014384666093140763,-3.622945122574262e-11,0.008793098104236995,2.5009605569091407e-13,-1.0267801604506814e-9,-1.2027603425116214e-12,-0.001705156382558664,-0.006415529408556979,-1.103955859947686e-6,7.71515524080177e-13,0.0007569595077377427,0.0008667678425052012,0.0008669164309305897,1.0374963712122429e-5,3.2365939398792364e-13,-1.3008003500017187e-9,-2.160503963884617e-11,0.002217195015220873,0.0004878360041109363,-0.008778764224500597,1.3112762707037907e-9,0.000336914441139388,3.433661583577793e-14,1.407464457870997e-9,4.246921247157129e-9,-0.0002347009234472924,3.2941838158349917e-12,-1.5347010684809514e-10,0.000361523876569371,-4.579440277762327e-5,-8.879943992480628e-9,1.3240474440646225e-8,1.0843400056225203e-8,3.629921958770945e-7,-2.9784730369847544e-11,3.365145290634737e-12,-0.000704645554876529,1.808271482629793e-5,-4.851382912850526e-13,1.9486100972602767e-7,0.00021929265816435673,2.4017067980229943e-7,-3.695886930602603e-10,-8.302738796189341e-8,2.5846774816400894e-13,7.176174259699724e-11,-6.942797247412188e-11,-2.000922513411385e-9,0.013342728427734941,-9.028017634465892e-9,-6.83523124687612e-8,3.726707701835056e-12,1.434725701487614e-14,-1.5516956180444453e-7,-0.0010486193885567896,-4.871290195466618e-14,-7.343919626787764e-12,1.5903846616178456e-12,5.488890508899311e-11,9.573602357322908e-10,0.0008996631399506947,5.1358949548417094e-5,-2.9701283319683524e-10,-7.488249822708592e-7,-4.587106091853626e-12,1.6687826008850796e-12,1.8814535859511058e-12,-3.9079326199123245e-12,1.7961935836751375e-8,-1.3756237788979316e-13,-9.766944626663658e-13,-1.611947067616342e-6,0.0009170275037757616,-7.488514763710858e-7,-2.1333374290320364e-8,1.480342568693416e-11,-7.507356136317138e-10,-7.350836950904697e-12,1.2093720645727387e-8,-1.5886256959788985e-13,-2.43039688192107e-5,-1.1353350217892572e-5,4.4374870016113e-12,-1.0047153062708466e-7,9.165283134662894e-12,-2.2475289430871095e-14,-3.4699647557721586e-12,0.003050901789997149,1.7345504722036521e-12,-2.766372516773173e-7,2.0544833220422096e-8,-2.7581247672351266e-12,3.308565079956757e-13,3.5358158180529257e-10,-5.522184102075093e-13,1.3010491135873476e-8,0.0009262337297190301,-4.6709666053200685e-14,-0.00028946037994179093,-0.00030765724156398846,-1.7858451771858498e-13,-0.014984946644168428,-9.719487599073113e-9,1.0007378104464961e-10,-3.3092484626902157e-10,-0.002689364615330388,-2.956448030134155e-6,5.211183837853022e-9,-1.5006743167822417e-12,0.00010786832206271679,0.00010381396943440951,-7.95267984805765e-14,0.0001308645778365629,-2.413088438473329e-10,1.6229495154113432e-6,1.400051222116393e-8,-4.732542718792278e-8,-1.6617104214792592e-10,1.6432014894562475e-11,1.0190818959882597e-10,-2.6167109885795828e-5,4.456451548236028e-7,-2.0616506282573697e-11,-3.263343476663798e-11,-5.63594623962984e-12,-0.018303943159259744,-6.348463508256761e-5,2.227848159030814e-15,1.7346738084555535e-13,-1.6909769962916757e-9,1.9151114821617752e-14,-2.3214619057735078e-12,3.979945506825569e-9,-2.002995707521652e-8,-2.4643349761922616e-10,8.118957364561996e-10,-0.00012559211528106787,-8.786644118013359e-9,2.2685210060605198e-14,0.011863564639728558,-1.3194089105679649e-10,1.7999448450797206e-9,3.889669521164236e-6,-2.8000201900942655e-6,4.873152837125156e-13,-6.994637955985533e-14,-0.007295071331243274,-0.0010571654601785913,-0.002580070422634085,-2.766133015978665e-9,-3.1051870201061837e-12,-1.8125477831839636e-11,4.945244155663499e-6,6.364708957576459e-7,-0.016122518801921053,6.007390398006032e-7,-2.1037982914979016e-6,-8.38973685997712e-12,-0.0034542870628962554,-8.220940031566479e-10,-1.2803841677247902e-8,-4.636464074782009e-8,-2.775686409654163e-5,1.8643096295213702e-10,-2.032851173768303e-13,-7.389650204128282e-10,-0.0018840851024443054,5.2488049131415205e-14,-5.047548396233904e-5,-6.1963136866235735e-12,2.536249477056161e-5,-5.5894107986438796e-12,-8.048789644851803e-14,-0.00012601407792347087,-1.3191463213920025e-8,8.942437904778983e-7,2.8563198641026883e-5,6.301777014591072e-8,1.8956402724309073e-7,8.95991224324608e-12,-0.0015812212490748053,0.000866407672956176,2.6242158047451288e-9,-2.007662302773864e-6,-0.000326455379364808,-1.2355536901644109e-8,-2.3301050864970834e-5,-2.2422081394493043e-11,1.8795478349896403e-7,-3.9772046322869393e-13,-6.306804043477864e-9,0.0012008560294690612,-7.762076379049365e-14,0.00019870581371873495,-0.0012549369266546787,-7.272861401810365e-8,8.401643979701467e-14,-1.2443534325616508e-12,-0.00031704392283126527,-0.00024290747521556416,-1.3118440440748612e-10,1.053685763078355e-13,7.369242031765806e-13,4.954563017844998e-11,-2.4896133805828184e-9,-9.242685240043366e-5,6.3836865239269185e-9,-0.00015301007860735413,-1.3167209099231242e-13,2.0189514511805856e-8,-2.1422818142021175e-10,3.6980475117200157e-10,0.00045221864613893847,-7.941312339651189e-8,1.7729488990961962e-11,-8.993297493071263e-10,2.73934940616544e-6,9.239186254876105e-8,2.6586177639830894e-12,0.00043098883439837184,-5.660245824753669e-5,1.621937307724618e-11,1.237462767813714e-9,-5.031913087452924e-9,-4.0341933802708206e-10,-1.3834271918917954e-13,-1.239346794100706e-6,3.4565604931922267e-9,-0.0001514704875999746,0.0005503496922646054,-8.010376344840175e-7,-0.0016550768486781162,-7.920665449009983e-12,-6.805798342865907e-13,1.0306047528875102e-14,-7.335900065020535e-6,-2.382904755235056e-6,1.6742823619028613e-5,0.002781824185104846,-2.1603004379299375e-12,5.7745010857343974e-8,-1.15641080218099e-13,-2.490795739217566e-10,-1.7179483959307905e-10,3.552151088384111e-13,-1.499455145789499e-6,-2.321825793788717e-11,-3.9863720774183157e-7,4.462630612053326e-7,-3.5834510066500765e-5,1.41830395655228e-16,-0.0003304387050124173,3.4033028791605546e-8,-7.9949799807167e-6,-0.0005618121100031024,0.002661694142306039,4.1553749949536195e-9,3.015175666106931e-9,-1.3732000222567993e-13,6.8567745987897875e-15,-2.2052077016852953e-14,-8.80191067978757e-6,-1.1616536044863323e-13,-1.3289372018361501e-6,0.00010514314773913049,2.0158807500093887e-5,0.0013096979715789955,-8.591976889558843e-8,6.238284020603421e-5,7.194401977753351e-16,4.857620476195105e-7,4.2873399729715916e-7,4.9597013584101246e-8,-0.0005315056343458837,0.001241176412133731,-0.0006682907083910042,-1.3291787352638561e-14,5.34722074320246e-6,-3.425612739031432e-11,-4.6516001243233334e-8,0.004950591232856472,2.265445785708879e-9,-2.082027264250607e-12,-1.415198770794392e-9,-3.91008389967154e-14,-4.4221427712985184e-7,3.2752456672420325e-5,-8.945759131594556e-12,2.298047897834085e-9,-9.999933836736278e-11,6.12569604044523e-5,2.0318430401256018e-9,-0.023567059602514522,7.917867659461711e-13,3.787557882092077e-9,1.2871890564413711e-6,-2.5145951615821517e-12,-0.000714905403625042,4.0955389363646844e-12,0.0006612123645955791,-1.7685561877448337e-5,0.0026328926202695844,-5.1259829578716846e-12,1.7872546720939148e-10,-5.646790809267209e-9,2.618689725795362e-9,-0.00035551140185717685,-2.5505255580997596e-11,3.2083859249064182e-12,1.594739366983523e-7,-2.1493628765612166e-6,-8.245069074530553e-13,-2.543338841832563e-9,1.7097047323168607e-9,-6.664428057034796e-7,-3.238243898792438e-6,-4.0077858095944743e-13,-5.273591616211839e-14,6.848786805487327e-5,1.8742291971949539e-6,2.0409867911804587e-8,7.317317477997546e-13,-4.491890036860178e-9,-8.738081723185236e-6,-9.50791555300873e-9,7.991790099717662e-11,-5.070576425762701e-11,-0.006788462838540752,2.7979471447188137e-5,-1.0583413459185984e-6,-7.213711719881065e-6,2.1121215502234067e-6,-7.2803643808497525e-6,1.3050197248343968e-13,2.2049347600878905e-13,-0.0027670020069374655,-1.7692515819075383e-7,-5.980971338696173e-14
0.0,0.0,0.0,0.0,0.0,0.0,0.0,0.0,0.0,0.0,0.0,0.0,0.0,0.0,0.0,0.0,0.0,0.0,0.0,0.0,0.0,0.0,0.0,0.0,0.0,0.0,0.0,0.0,0.0,0.0,0.0,0.0,0.0,0.0,0.0,0.0,0.0,0.0,0.0,0.0,0.0,0.0,0.0,0.0,0.0,0.0,0.0,0.0,0.0,0.0,0.0,0.0,0.0,0.0,0.0,0.0,0.0,0.0,0.0,0.0,0.0,0.0,0.0,0.0,0.0,0.0,0.0,0.0,0.0,0.0,0.0,0.0,0.0,0.0,0.0,0.0,0.0,0.0,0.0,0.0,0.0,0.0,0.0,0.0,0.0,0.0,0.0,0.0,0.0,0.0,0.0,0.0,0.0,0.0,0.0,0.0,0.0,0.0,0.0,0.0,0.0,0.0,0.0,0.0,0.0,0.0,0.0,0.0,0.0,0.0,0.0,0.0,0.0,0.0,0.0,0.0,0.0,0.0,0.0,0.0,0.0,0.0,0.0,0.0,0.0,0.0,0.0,0.0,0.0,0.0,0.0,0.0,0.0,0.0,0.0,0.0,0.0,0.0,0.0,0.0,0.0,0.0,0.0,0.0,0.0,0.0,0.0,0.0,0.0,0.0,0.0,0.0,0.0,0.0,0.0,0.0,0.0,0.0,0.0,0.0,0.0,0.0,0.0,0.0,0.0,0.0,0.0,0.0,0.0,0.0,0.0,0.0,0.0,0.0,0.0,0.0,0.0,0.0,0.0,0.0,0.0,0.0,0.0,0.0,0.0,0.0,0.0,0.0,0.0,0.0,0.0,0.0,0.0,0.0,0.0,0.0,0.0,0.0,0.0,0.0,0.0,0.0,0.0,0.0,0.0,0.0,0.0,0.0,0.0,0.0,0.0,0.0,0.0,0.0,0.0,0.0,0.0,0.0,0.0,0.0,0.0,0.0,0.0,0.0,0.0,0.0,0.0,0.0,0.0,0.0,0.0,0.0,0.0,0.0,0.0,0.0,0.0,0.0,0.0,0.0,0.0,0.0,0.0,0.0,0.0,0.0,0.0,0.0,0.0,0.0,0.0,0.0,0.0,0.0,0.0,0.0,0.0,0.0,0.0,0.0,0.0,0.0,0.0,0.0,0.0,0.0,0.0,0.0,0.0,0.0,0.0,0.0,0.0,0.0,0.0,0.0,0.0,0.0,0.0,0.0,0.0,0.0,0.0,0.0,0.0,0.0,0.0,0.0,0.0,0.0,0.0,0.0,0.0,0.0,0.0,0.0,0.0,0.0,0.0,0.0,0.0,0.0,0.0,0.0,0.0,0.0,0.0,0.0,0.0,0.0,0.0,0.0,0.0,0.0,0.0,0.0,0.0,0.0,0.0,0.0,0.0,0.0,0.0,0.0,0.0,0.0,0.0,0.0,0.0,0.0,0.0,0.0,0.0,0.0,0.0,0.0,0.0,0.0,0.0,0.0,0.0,0.0,0.0,0.0,0.0,0.0,0.0,0.0,0.0,0.0,0.0,0.0,0.0,0.0,0.0,0.0,0.0,0.0,0.0,0.0,0.0,0.0,0.0,0.0,0.0,0.0,0.0,0.0,0.0,0.0,0.0,0.0,0.0,0.0,0.0,0.0,0.0,0.0,0.0,0.0,0.0,0.0,0.0,0.0,0.0,0.0,0.0,0.0,0.0,0.0,0.0,0.0,0.0,0.0,0.0,0.0,0.0,0.0,0.0,0.0,0.0,0.0,0.0,0.0,0.0,0.0,0.0,0.0,0.0,0.0,0.0,0.0,0.0,0.0266672193928135,1.5260185063032695e-11,-1.4152377676957987e-5,-4.7963557397668455e-5,-8.722328268571687e-9,-7.613180311662142e-5,-8.556826897891177e-6,3.0628575967407996e-6,-1.2375561607830526e-13,3.948828337584105e-6,1.229104206668371e-9,-8.686793073262499e-9,-0.0009890589018635015,-3.760402069920361e-10,-0.00014287021447434886,-3.848338711091129e-12,-0.00011277922768798625,-0.027604578429980983,9.945875564268559e-5,-6.332805905788125e-13,-0.0005178175921470464,-7.883539287616259e-10,-4.652935628739957e-16,-0.012203288154919553,-1.0504278547072477e-12,-1.066893131235488e-9,-2.2418408244107007e-13,8.992768530375654e-6,0.002657882385948632,-0.003490806122840588,-7.164359302951445e-7,-0.00011439771217549712,1.6418933990434132e-9,0.0016209666176028351,-7.543644563888932e-11,-0.0012418509204684249,0.00016944270759637817,-0.0003128429390437615,-3.8420812279689196e-14,7.380618432533177e-14,1.8538964873288608e-11,-2.2814252964152434e-8,-1.4607254882629079e-5,-9.8459982606353e-11,-0.0015048931455604027,4.4927956744352056e-13,-1.174626798036464e-5,0.000544942219088393,-4.6517571691145746e-5,-9.189395628392136e-11,0.0033606361933790733,7.40671709238554e-13,2.6399572530453636e-8,8.926407158648775e-13,-0.0032624051812893077,-0.0046822294205123224,0.012205626157450467,3.136162248650953e-13,0.0006472633034828085,-0.0015201971448389545,0.0023102961526535186,0.00020943300322329256,2.8722721553300603e-13,-2.640222013359438e-9,-9.061507657866124e-12,0.003063141860668132,0.0014925957509042314,-0.0006454793649945057,-6.947717181583118e-9,0.0009243347456733556,-5.85205363324952e-14,-3.98320104848975e-9,-9.126401995442882e-8,-0.0008529696876778641,-4.523119889306872e-12,7.256902207000132e-12,0.0006325502258320829,0.0003592354105788511,-6.799494388097707e-9,5.586191275770112e-8,-1.1224060290626602e-7,3.863903304056848e-6,-2.026398375297854e-11,3.618240987115144e-12,0.002536722564042131,-6.997052681196823e-5,1.2656765656668266e-12,-1.0956462265114151e-6,0.00024620154421614034,8.844016559143848e-7,-7.930936299864024e-10,1.169422007869332e-6,7.588508004215997e-13,-2.2138188651876636e-9,4.3812467615791795e-10,1.7856889423490878e-9,-0.004061755122722997,1.8973401500983733e-9,-3.0435629035822796e-7,6.3826377169786986e-12,-3.844831974910149e-14,-1.977944191197311e-8,0.0007391250137054632,8.338809189160699e-14,1.6212200096290579e-12,4.076611929781653e-12,5.140157404189076e-11,2.168152538124524e-9,-0.0018408125402376663,3.0406098969630878e-5,8.445732186070157e-10,-1.5791560106068705e-6,1.109293802885841e-10,-1.3653112694602009e-12,1.3727150578614484e-12,1.5777359394447957e-11,4.312145195952304e-7,1.9768067283155262e-14,-6.5814146852835625e-12,-9.32344527138562e-7,-0.0005840752850083004,2.962532444787005e-6,-1.7631567461235413e-8,2.2501790162677936e-11,-3.0328415184372306e-9,-8.909467342415256e-12,1.8338503247409867e-7,-6.631197122662215e-13,-8.166352450285846e-5,-8.441251720362711e-5,8.828047229012377e-12,2.0358300673451193e-8,7.539762631187902e-12,2.581300594031626e-13,1.2162899338359392e-11,-0.0021683671353171425,-5.0910264099622924e-11,-2.1070672029840866e-6,5.689002238747213e-7,-4.118668885326382e-12,-1.2007877775789352e-13,-3.8423724801690175e-11,-1.5994508729414456e-12,2.1681100849007423e-7,-0.0035350057503816023,-3.544316126253096e-14,-0.00026287310811969744,-0.0020985495765776033,5.270387780886872e-13,-0.013423777747861307,-5.192523667011817e-7,1.4489021324241827e-10,-8.87085488142853e-10,-0.00955129160714579,4.82057809617432e-6,-6.717770005427367e-9,-2.4568979002983535e-12,0.0067291536804589,-0.0007129639994804039,2.3393735267443967e-12,0.0002077821952614079,4.089788324103009e-11,8.585757348882087e-6,2.153419093315423e-8,-5.4192137152432546e-8,-1.1386919534144472e-9,-4.3725431633673555e-12,-1.3988076447574307e-10,-4.098189632327363e-5,-9.501899187844773e-7,2.99025621024392e-11,-9.295768684228606e-11,-2.7946412244835753e-12,0.0016234342273325644,-7.22522139010843e-5,-8.403534906406998e-15,5.360878284285138e-13,1.9470154592327596e-10,7.73841247695409e-14,-2.4842226514578736e-11,4.861026511029958e-9,-3.3442638514227926e-8,-1.8363160143921123e-9,2.7406778888750426e-9,-0.00015095023875257303,-1.4358869566223358e-7,1.8402725700244175e-14,-0.003151160642366154,2.073759714881e-8,-3.2204231492503396e-8,2.6897127331699226e-6,-2.57068902191805e-5,3.7711082355925814e-13,1.2397760998213486e-14,-0.0026850783289740763,0.006698068656749221,-0.0012483593557547172,5.902651839095724e-10,-3.76389779860778e-12,-2.654079968841734e-11,6.123121585393152e-7,-5.67953620389888e-7,0.0049284534899956545,-1.5241901808579602e-6,4.75528883816006e-5,-1.550827580160323e-11,0.008948592766342418,8.387175837570635e-10,-9.158099351800999e-8,1.7678492307234375e-7,-6.995522182801003e-5,6.763651426273805e-10,2.634046528010101e-12,2.2069485583056242e-9,-0.0007861624666059148,3.3294126030583466e-14,6.134392876191927e-5,-4.60086345657492e-12,6.239316051529635e-5,4.0694096646683505e-12,-6.973496566354492e-14,-0.0002345221995889028,-4.14938147801619e-8,-1.3571393526824745e-5,-0.0001029876873637306,-3.6252098744692346e-7,7.246016282854108e-7,1.8286131200863772e-11,-0.0028981122691502923,0.0015458415631592222,-1.3042567823001899e-9,2.700504005107067e-6,-0.0003729703441242429,-1.7674736955540478e-8,-4.487668882550798e-5,-6.106630836468704e-10,-1.0371255248180184e-7,6.21693702514159e-13,-5.972871778369974e-9,-0.003907762952835091,-4.070330674645843e-13,-0.0003527526632536611,0.00022988968750886464,3.880706178477542e-7,1.5903564651099126e-13,-2.0136874603317373e-12,-0.00042506875521073506,-0.0002064908108981546,1.8333266241276496e-10,-6.552925871698384e-13,1.863788229237046e-13,2.6891383715051995e-10,-3.988117158780181e-9,-0.00030070028597723017,-1.3799047442178373e-8,-5.514957033515789e-5,9.554078258861677e-14,1.950006426265697e-7,-4.1251272272698217e-10,6.557821967336958e-9,0.0002056659159959472,-6.638047765075039e-8,1.4030151533952978e-11,-2.6926423990433287e-9,7.719768927073593e-6,7.055014479166026e-7,-1.2946498430805226e-11,0.00012081276160112085,-5.7602344789482374e-5,-8.601396898083589e-11,-9.002563120502528e-10,-8.994429341570176e-9,-6.34331880584809e-9,-2.721546847212621e-13,-1.3031906432064712e-6,7.78014808844559e-9,9.666045872347996e-5,0.0006720082716881246,-3.9469242097703195e-7,-0.004254768643521543,-3.157998149425566e-9,1.7356727397656358e-12,2.6779255132638903e-13,-1.6113392793856326e-5,3.0606351904180615e-6,-2.231343784010298e-5,-0.0035049564404418315,-8.637046078691386e-12,8.017641146902676e-8,-1.1588476918435116e-13,-1.6889197705094494e-9,-4.1405549266037317e-11,-1.7477392968271218e-12,0.00011556506381373409,7.312067636542782e-11,-9.8914986912856e-6,-7.104190072699502e-6,0.0002733216691617275,-2.862627211005316e-15,0.002013478821977872,1.1349227621892275e-7,-1.0298369789468046e-5,-0.00015099099957774215,0.0015147160649697786,5.576966628741572e-9,6.534785937939502e-9,8.248954602443616e-14,-3.4631363003510395e-15,-1.8734467051683407e-13,-3.0093802084383094e-5,-7.615987798120501e-13,-2.547183706029778e-6,-0.0001123473672627927,3.2141406108468315e-5,0.0005887552760132873,-1.1571636236793414e-7,0.00013681626010838237,-2.2606898432693543e-14,1.1483183247486825e-7,-5.1441770958117704e-5,3.847077199275645e-7,-0.0013200441058993653,0.0018896772633846238,0.0010464957046284723,1.2511020432199245e-13,9.28054749921895e-6,-3.6971735823961373e-10,-1.3740688533711982e-7,-0.002026435091441903,1.387541732964148e-9,-3.782388286849505e-12,1.1330949595733425e-7,-1.2346205203469398e-14,8.890480006339613e-7,1.6262850302974398e-5,-5.97538203818606e-11,6.805614303268092e-9,3.3441586246255313e-9,3.6832563670826725e-5,-5.295807375327843e-9,-0.009069188480408398,1.4609188156308658e-12,1.2523319188954285e-8,4.690983931255057e-6,-8.451534551376621e-11,-0.0005495276063804143,1.6511488493857246e-11,0.000999459463766181,-1.542997327537141e-5,-0.0013706785810917088,-9.154990257453496e-12,3.653088323255346e-10,-1.0139373204923836e-8,7.132234902080026e-9,0.004279216283993128,-2.989673969781994e-12,1.909104346625092e-12,-6.518799736132641e-7,-1.5793867035947293e-5,1.9635808955943917e-12,-2.4468128938640464e-9,-2.123914205148504e-8,5.425684867778765e-6,-1.8848546945516506e-5,-3.6625997615206656e-14,-5.787406374620957e-14,1.1743865594767603e-5,2.0752501641695645e-6,2.5770105990346547e-8,-1.8244368053046376e-11,6.758831159200577e-8,-0.00014364347391829105,-1.0102136800957267e-8,5.974676244864461e-11,-1.3255495757326432e-10,-0.004397115304807309,-1.3583898873321692e-5,-1.2280235388528872e-6,-3.246572586060927e-5,-6.091376999364853e-6,2.7021907105149944e-5,2.912310616501002e-12,1.1176499253214576e-12,0.0009823573511636716,2.512505208597833e-7,-9.547452703195261e-14
0.0,0.0,0.0,0.0,0.0,0.0,0.0,0.0,0.0,0.0,0.0,0.0,0.0,0.0,0.0,0.0,0.0,0.0,0.0,0.0,0.0,0.0,0.0,0.0,0.0,0.0,0.0,0.0,0.0,0.0,0.0,0.0,0.0,0.0,0.0,0.0,0.0,0.0,0.0,0.0,0.0,0.0,0.0,0.0,0.0,0.0,0.0,0.0,0.0,0.0,0.0,0.0,0.0,0.0,0.0,0.0,0.0,0.0,0.0,0.0,0.0,0.0,0.0,0.0,0.0,0.0,0.0,0.0,0.0,0.0,0.0,0.0,0.0,0.0,0.0,0.0,0.0,0.0,0.0,0.0,0.0,0.0,0.0,0.0,0.0,0.0,0.0,0.0,0.0,0.0,0.0,0.0,0.0,0.0,0.0,0.0,0.0,0.0,0.0,0.0,0.0,0.0,0.0,0.0,0.0,0.0,0.0,0.0,0.0,0.0,0.0,0.0,0.0,0.0,0.0,0.0,0.0,0.0,0.0,0.0,0.0,0.0,0.0,0.0,0.0,0.0,0.0,0.0,0.0,0.0,0.0,0.0,0.0,0.0,0.0,0.0,0.0,0.0,0.0,0.0,0.0,0.0,0.0,0.0,0.0,0.0,0.0,0.0,0.0,0.0,0.0,0.0,0.0,0.0,0.0,0.0,0.0,0.0,0.0,0.0,0.0,0.0,0.0,0.0,0.0,0.0,0.0,0.0,0.0,0.0,0.0,0.0,0.0,0.0,0.0,0.0,0.0,0.0,0.0,0.0,0.0,0.0,0.0,0.0,0.0,0.0,0.0,0.0,0.0,0.0,0.0,0.0,0.0,0.0,0.0,0.0,0.0,0.0,0.0,0.0,0.0,0.0,0.0,0.0,0.0,0.0,0.0,0.0,0.0,0.0,0.0,0.0,0.0,0.0,0.0,0.0,0.0,0.0,0.0,0.0,0.0,0.0,0.0,0.0,0.0,0.0,0.0,0.0,0.0,0.0,0.0,0.0,0.0,0.0,0.0,0.0,0.0,0.0,0.0,0.0,0.0,0.0,0.0,0.0,0.0,0.0,0.0,0.0,0.0,0.0,0.0,0.0,0.0,0.0,0.0,0.0,0.0,0.0,0.0,0.0,0.0,0.0,0.0,0.0,0.0,0.0,0.0,0.0,0.0,0.0,0.0,0.0,0.0,0.0,0.0,0.0,0.0,0.0,0.0,0.0,0.0,0.0,0.0,0.0,0.0,0.0,0.0,0.0,0.0,0.0,0.0,0.0,0.0,0.0,0.0,0.0,0.0,0.0,0.0,0.0,0.0,0.0,0.0,0.0,0.0,0.0,0.0,0.0,0.0,0.0,0.0,0.0,0.0,0.0,0.0,0.0,0.0,0.0,0.0,0.0,0.0,0.0,0.0,0.0,0.0,0.0,0.0,0.0,0.0,0.0,0.0,0.0,0.0,0.0,0.0,0.0,0.0,0.0,0.0,0.0,0.0,0.0,0.0,0.0,0.0,0.0,0.0,0.0,0.0,0.0,0.0,0.0,0.0,0.0,0.0,0.0,0.0,0.0,0.0,0.0,0.0,0.0,0.0,0.0,0.0,0.0,0.0,0.0,0.0,0.0,0.0,0.0,0.0,0.0,0.0,0.0,0.0,0.0,0.0,0.0,0.0,0.0,0.0,0.0,0.0,0.0,0.0,0.0,0.0,0.0,0.0,0.0,0.0,0.0,0.0,0.0,0.0,0.0,0.0,0.0,0.0,0.0,0.0,0.0,0.0,0.0,0.0,0.0,0.0,0.0,0.0,0.0,0.0,0.0,0.06642376437815348,-4.5364369262529025e-8,1.8063660193906034e-8,-4.310932048310505e-5,7.96062912129174e-9,1.045976949114903e-9,3.799482917020547e-8,-0.00024051073650605136,4.265572288597461e-7,-0.00017287090084389556,-1.4318122048475422e-5,-1.8699436302555153e-11,-0.0011590488677654925,-8.416631416845199e-9,-0.01092585518157293,-7.532239938639123e-12,-6.158596883113582e-11,4.136518019156117e-9,0.0007409430864262031,1.199264820314085e-9,-0.003022019559339075,-0.0004625406498905018,6.853093963694531e-12,-0.0006417292582467263,-0.00019360527384381697,0.0004554118737559243,-6.789817755276809e-8,3.37038682734423e-10,-3.391049064213542e-10,-4.494923623305698e-6,-1.0024848156114304e-11,0.0003349810058499377,5.350094091807826e-12,0.009431471271845479,5.3848764206011255e-11,-3.5466644188047824e-9,-3.5953460543857116e-9,0.0004533403788096218,3.972388299298012e-6,0.012603992895104742,-2.28015477521578e-6,-5.801000098670418e-8,0.001644524727624134,3.0966506602623784e-13,0.0010471233404140156,-1.7216277647697176e-8,-2.909960491528926e-9,2.0980618661121832e-9,-0.025464678935740715,1.9558136060370496e-11,-0.0014558427435981986,-5.767740064658094e-6,-0.003337354808043278,5.197363284515677e-11,1.3579842113251305e-11,-4.5627847422845675e-11,0.0014310090114057295,-3.432114480302574e-11,-9.538257472710898e-11,3.0243770923078384e-10,3.1366746398439727e-9,-0.00011952408831011255,-8.849833818110647e-5,0.001150204772097414,4.3510420674310866e-11,4.212050578599971e-11,-1.4668636905994764e-12,-9.789826872521739e-5,5.659927239932486e-10,-4.101586423194244e-5,0.00011593634183366728,2.9230604295618945e-6,-6.45500736267966e-10,-0.006905605636213764,0.0004767062227827321,-1.9773438052647709e-10,-1.1254308530089757e-9,3.299300802180133e-5,5.263647900362723e-6,-3.9432842527429335e-6,-3.816232349267724e-8,0.001809733536138975,0.010596867751540874,9.659919423193767e-12,-1.3495036602551589e-9,-6.737096307495908e-5,-2.4779863681561105e-7,-8.330542172661819e-10,-3.122151365055738e-7,4.198560999647276e-5,-1.1775715141531221e-7,0.011957698202926735,-0.00026070781302191693,-0.0006389730699978163,-3.1515715097397596e-5,-5.725240379984319e-12,1.64917257407424e-5,1.470661388699065e-7,0.005969521099464271,1.4950891750887669e-5,-6.508035702431311e-7,-1.6879424711906047e-10,0.00046855825360125257,-0.0143296224609716,0.012381647926612121,-0.0006427620205848525,0.0002699569777501233,3.0110603901733626e-10,-8.803921671272551e-10,0.00021796509305212062,4.448721314701276e-8,0.0013389602289648687,-0.001293939375704374,-0.00277633562860294,0.0011859804444255583,1.0334469515405943e-6,-0.0006464313476660629,0.0007104708406899841,-3.2424300195942894e-9,-6.169856970376035e-11,-2.9340398345029554e-7,-1.8333145257256213e-6,0.00943986770344932,-0.0006539447003490177,-0.006083093990124064,9.996058288536702e-7,-0.0019632872727158,1.980220880811475e-8,1.4929810545827848e-9,-0.0057897623087900104,-1.2592014015339556e-7,0.0004174903198467245,0.0005949612748789596,-0.013113560867763841,-1.3147385129731633e-11,0.0009170299975478946,-5.562260011931265e-7,-1.014035593688954e-6,-0.003183583003461637,-0.0008410152722252333,-0.0004377504796357735,-0.0007299169464482436,2.6381909316877728e-6,5.5137474778398824e-11,3.637772098150328e-5,-1.5550607716335226e-9,-6.764000088598855e-10,-0.001397509510874255,-2.0469243757238218e-11,-2.6080738596565744e-6,0.0001545114608941457,0.0001926904251140246,-6.81747668267406e-12,2.969720836533421e-8,-2.811219079818618e-5,-0.0004410375448297341,2.505556936662056e-11,-6.393077715806584e-10,0.00047740488243390466,1.0974459084604215e-11,0.0005944564436947148,1.1111405614836172e-8,1.5829450334926357e-6,-3.974000742477015e-6,0.00022990688552153302,-0.0032619330793694865,-0.0006372476421923052,-3.0255332732276125e-8,-9.210893030369296e-8,0.00048254002894325995,-0.0013218922469118565,0.01553768399375893,5.506741157667529e-12,1.8100472894998795e-9,-9.27456545485054e-5,-1.7927085215509463e-5,6.361041671913784e-5,5.515294667092878e-5,0.0015644421480262307,-0.00011865693847452892,9.143545008688138e-6,-1.540852188975596e-5,0.0002469450687832895,-2.8071793927503385e-10,-9.830825461656411e-6,6.426027290447454e-5,1.7485030120805552e-12,1.922904669368458e-5,2.5256545404915456e-6,-5.609937167482354e-8,1.1300657593115454e-9,-0.00022110668879328193,0.00024038091846894174,2.7015698012970003e-12,5.906532035422336e-12,-2.1590855316798107e-12,-2.083599618065105e-5,0.0012213587655054772,-0.02316344765133596,3.1300998815032395e-9,4.90671341522741e-8,1.0770063695654568e-11,3.485141296832757e-8,5.3790201511643266e-9,-0.0003241465126844644,1.822183035995084e-12,-0.0002236637426115524,-4.530247288101517e-6,1.0691461996036997e-6,-1.5942516238745296e-9,0.0004640094852893521,0.0027634605344396502,-0.00035413079247471397,2.0341505155539127e-11,-0.00010884561391583164,5.629076438832892e-9,-0.017607068346870574,-1.8420624425729133e-9,0.0020909511404544725,-0.00012898775681183266,1.3351029035884056e-9,-2.28819244534631e-5,-7.694160556910153e-9,1.2524354792475837e-8,-6.58212774023297e-7,7.326733091341863e-7,0.029922950368402576,-7.843863548744559e-11,5.630771119316628e-10,-0.00012961129051752986,3.8323034730443285e-8,4.0691306747602227e-11,5.900275986836249e-7,4.265069138382289e-9,-0.0014837503222582438,-2.895381805780204e-7,-0.00222648816500837,-1.29501605706565e-5,2.1158764512696872e-11,-0.00045353114213858873,-1.9192485397952624e-10,1.89167977575678e-12,1.554154204709307e-7,-0.0006385387344079982,0.0017388935100225325,-1.1341640528161617e-10,1.3016474441981442e-10,9.45789603246953e-5,0.0003977243606863273,0.0028311829795477886,0.001340755795015773,1.4046240981935843e-5,-2.0420763937423316e-10,3.6896222147461493e-6,3.5180116788671986e-10,-4.748325929363389e-5,-1.121071150298186e-6,5.531928139485804e-5,0.00026650340798917334,-1.0918152406170053e-10,4.148341836577441e-8,-0.006664684007035757,1.0344924546164953e-5,9.416263113141682e-8,-1.4354704070315411e-8,-0.003864507257111126,7.707600428702098e-11,2.794120876161855e-9,0.001632246347571885,-9.314469801750153e-5,2.0946151299525882e-5,-6.964987561981564e-5,-0.0022978220003051263,1.333844098617085e-8,2.1900774608063378e-7,3.4507431633043234e-12,-1.553034334349677e-10,3.117210161949063e-8,-7.261064431070772e-11,-0.00022871925978047274,-0.001634671776397685,0.0002976586359165519,-2.5383660012072742e-8,-2.4201998138393153e-7,9.1785628824196e-10,-1.2257206897597948e-11,-0.006487440013753621,2.810699036391655e-7,-0.00014726617834473512,-0.001531535724972433,-0.00026193835367218764,0.008961399688278068,-3.5739265806615926e-10,0.002516927627535645,-3.794563189887658e-10,-1.2632087306647348e-7,-1.1991966761189975e-9,-3.338543858055765e-5,-1.8959835972250045e-10,1.226318399788031e-5,5.0409218002762644e-9,4.671237590820324e-11,-1.5656168793296573e-11,8.236232334857477e-6,-4.793125040659321e-8,0.0005034347992591018,9.673347519632335e-5,-0.00010167815299793787,4.085499057642436e-10,-0.0013510358593923457,-1.0143794085804667e-7,5.333183410315421e-10,6.099549856387319e-9,3.485657820689153e-11,-1.1863891322743457e-6,-4.399842265612914e-10,1.8025961168391214e-5,3.945725826513325e-8,5.0898535795976225e-9,3.5825088597645527e-6,-1.1135833314597604e-10,1.0764521987705266e-10,3.89868336261331e-10,0.00016920397912226743,-7.018116053675558e-9,-0.00023976118372646596,4.0839550491653446e-7,6.170551843784225e-12,0.00012940400287243713,0.003486721102014101,1.3581411091015935e-7,-0.001167472250422724,-7.206460939390566e-8,3.04105948065032e-10,-0.0007274130876062352,-1.5290179060295208e-6,-2.2956379897166942e-5,-1.0316365296701326e-8,-7.694545436197335e-6,-2.8687560899848895e-12,-0.0012326650694846361,2.9704191643900075e-6,-1.6539044373518174e-8,-0.0015560887441033618,1.3257413359522274e-10,0.0014136180423776428,-3.585419059916917e-11,2.4227734472371286e-10,-4.1461699271674885e-12,-0.0013124797745930213,0.00018894590574318587,-6.140175342691028e-6,-7.3772044717383934e-6,-9.045320726798798e-12,0.0024540364550954146,0.0051397422073820205,-3.832673602819581e-7,-2.5456666526643112e-9,0.0011666382489832546,-7.618541956928418e-6,-6.312787312939579e-6,3.071518812262353e-8,1.5290308643481115e-8,0.002922625219766373,-0.0006846623927515151,-1.7392564621645683e-9,2.7121345463602674e-8,3.0077787612737985e-6,-0.0031435147557248837,5.140691665854334e-7,1.959212008391657e-9,8.849253385019453e-6,0.0005717837582852411,0.00015951370077631324,-5.76029925662666e-11,-1.0395454908653163e-9,1.2032117219463776e-8,1.2007356218769733e-8,-2.1685706260796526e-8,7.685890931904581e-9,-0.0011559951864153599,0.0008904650996451972,3.3151428029475526e-12,4.3904273521886973e-7,-7.542532310236566e-6
0.0,0.0,0.0,0.0,0.0,0.0,0.0,0.0,0.0,0.0,0.0,0.0,0.0,0.0,0.0,0.0,0.0,0.0,0.0,0.0,0.0,0.0,0.0,0.0,0.0,0.0,0.0,0.0,0.0,0.0,0.0,0.0,0.0,0.0,0.0,0.0,0.0,0.0,0.0,0.0,0.0,0.0,0.0,0.0,0.0,0.0,0.0,0.0,0.0,0.0,0.0,0.0,0.0,0.0,0.0,0.0,0.0,0.0,0.0,0.0,0.0,0.0,0.0,0.0,0.0,0.0,0.0,0.0,0.0,0.0,0.0,0.0,0.0,0.0,0.0,0.0,0.0,0.0,0.0,0.0,0.0,0.0,0.0,0.0,0.0,0.0,0.0,0.0,0.0,0.0,0.0,0.0,0.0,0.0,0.0,0.0,0.0,0.0,0.0,0.0,0.0,0.0,0.0,0.0,0.0,0.0,0.0,0.0,0.0,0.0,0.0,0.0,0.0,0.0,0.0,0.0,0.0,0.0,0.0,0.0,0.0,0.0,0.0,0.0,0.0,0.0,0.0,0.0,0.0,0.0,0.0,0.0,0.0,0.0,0.0,0.0,0.0,0.0,0.0,0.0,0.0,0.0,0.0,0.0,0.0,0.0,0.0,0.0,0.0,0.0,0.0,0.0,0.0,0.0,0.0,0.0,0.0,0.0,0.0,0.0,0.0,0.0,0.0,0.0,0.0,0.0,0.0,0.0,0.0,0.0,0.0,0.0,0.0,0.0,0.0,0.0,0.0,0.0,0.0,0.0,0.0,0.0,0.0,0.0,0.0,0.0,0.0,0.0,0.0,0.0,0.0,0.0,0.0,0.0,0.0,0.0,0.0,0.0,0.0,0.0,0.0,0.0,0.0,0.0,0.0,0.0,0.0,0.0,0.0,0.0,0.0,0.0,0.0,0.0,0.0,0.0,0.0,0.0,0.0,0.0,0.0,0.0,0.0,0.0,0.0,0.0,0.0,0.0,0.0,0.0,0.0,0.0,0.0,0.0,0.0,0.0,0.0,0.0,0.0,0.0,0.0,0.0,0.0,0.0,0.0,0.0,0.0,0.0,0.0,0.0,0.0,0.0,0.0,0.0,0.0,0.0,0.0,0.0,0.0,0.0,0.0,0.0,0.0,0.0,0.0,0.0,0.0,0.0,0.0,0.0,0.0,0.0,0.0,0.0,0.0,0.0,0.0,0.0,0.0,0.0,0.0,0.0,0.0,0.0,0.0,0.0,0.0,0.0,0.0,0.0,0.0,0.0,0.0,0.0,0.0,0.0,0.0,0.0,0.0,0.0,0.0,0.0,0.0,0.0,0.0,0.0,0.0,0.0,0.0,0.0,0.0,0.0,0.0,0.0,0.0,0.0,0.0,0.0,0.0,0.0,0.0,0.0,0.0,0.0,0.0,0.0,0.0,0.0,0.0,0.0,0.0,0.0,0.0,0.0,0.0,0.0,0.0,0.0,0.0,0.0,0.0,0.0,0.0,0.0,0.0,0.0,0.0,0.0,0.0,0.0,0.0,0.0,0.0,0.0,0.0,0.0,0.0,0.0,0.0,0.0,0.0,0.0,0.0,0.0,0.0,0.0,0.0,0.0,0.0,0.0,0.0,0.0,0.0,0.0,0.0,0.0,0.0,0.0,0.0,0.0,0.0,0.0,0.0,0.0,0.0,0.0,0.0,0.0,0.0,0.0,0.0,0.0,0.0,0.0,0.0,0.0,0.0,0.0,0.0,0.0,0.0,0.0,0.0,0.0,0.0,0.0,0.0,0.0,0.0,0.0,0.0,0.0,0.0,0.0,0.0,0.06976150693341071,-0.0007125758292725135,-1.1045953350343882e-6,-0.00569586032595224,-0.0029755874027308895,0.007809129659623759,1.1600488837644274e-11,-0.001468674009433331,8.711424627595008e-7,3.1048374581623864e-6,-0.00011459169730291448,-8.025092176672952e-7,0.011985636231070912,-1.30270290667388e-8,1.1069850412854198e-5,1.9045578909627824e-5,0.0015985090144280743,1.4665143882186695e-10,0.00044551998617069774,1.3050135872953702e-6,-6.350061515629253e-11,-2.085053525187197e-6,-3.966184068667243e-10,-1.5573970628446414e-6,1.9790662176244192e-10,0.004863160910281018,-0.0001687940170540156,0.0002506251601674265,0.0008305555011605072,6.038379542194421e-7,-9.626490985679189e-6,8.452292476123885e-7,-4.0218400410460194e-8,0.0001918183312845886,0.0022210354947374135,0.002231287569922069,1.9213527533733587e-10,-2.2475568072411772e-11,-3.752254089413091e-8,8.973214407616209e-6,0.005581364232412025,-2.5381716498090186e-7,-0.00010976525285195413,3.383138849019436e-10,-0.005391230468351059,0.0014595814700315945,-0.0030143556525909472,8.573451197688756e-8,4.940274636948812e-6,8.551586713031751e-11,7.135985876602666e-6,-7.2344970293192175e-9,3.526338546299745e-5,4.519348123169468e-6,2.8792427069100744e-5,2.280956573467224e-9,-6.527618508037112e-5,3.4158630721426334e-5,-0.00016434671492746174,-0.005463856178465962,2.2236008697036628e-10,-2.5434710626816927e-6,-8.045282710416126e-9,-1.742787063369813e-5,7.089451485201499e-5,-1.6641117645694687e-6,6.482376749740661e-6,-0.00020625102784301223,8.799333678225042e-11,2.7428785783115684e-6,0.00010655650674208714,0.0007455495004767894,5.438269379059174e-8,-7.143495815208185e-8,0.001321779827084796,3.589136243423261e-5,-3.1356195851814214e-5,-6.6923304285707834e-6,8.841123833366258e-5,-0.0021398061920207584,3.1706241539332394e-8,-9.982242353801652e-10,1.1314975389691483e-5,0.0034378579081220293,-1.23555156053067e-9,0.00015500488149771766,0.002678243716865292,0.0018896261495524433,3.975573052025564e-6,0.0012138951987915468,-3.352492393133663e-8,1.254394752735143e-6,-4.2088031281203944e-7,-4.438970460720082e-6,1.7972159912572848e-6,-1.5614384404210188e-5,-6.93951027485268e-5,2.3799567198967877e-9,-1.0438844457716248e-10,-0.00011424835317547097,-8.410319739300658e-5,8.38807512372655e-11,-2.0968560101699692e-8,1.9280552935679757e-9,9.540373421884601e-8,-3.3823515439119352e-6,-5.112727913126297e-5,0.007685244295574424,-1.6559938679203917e-6,-0.0035595932488094936,-1.5633028391427904e-7,-1.402896023117805e-9,5.005819910186266e-9,1.5463149716081366e-7,0.00028548018624743074,-1.6219278642986372e-10,-2.0179669465459288e-9,0.0017856378603113995,2.5996317907189922e-5,-0.0027342606197341022,-3.614186342379322e-5,-1.662698476708443e-8,1.8257660463176145e-6,2.8709542738346903e-9,9.55302379801133e-5,-6.592229169195474e-10,-0.0012073996908677298,0.0025252199008021638,-5.218606512843993e-9,-0.00015759197703780497,2.821667518384307e-8,-2.712494573820537e-10,2.791093813254756e-10,7.1765168064411636e-6,6.860475656359443e-8,0.0004028179071883979,-0.00027306140705814165,-2.7474041957285187e-9,1.0081208321744117e-9,6.977391394013438e-7,1.4757878955003063e-9,-0.00020835213484575365,-7.356262877248098e-5,-1.4344278619762098e-12,0.0014948101746113953,0.0001194771482900272,-9.320012071150654e-10,4.394683766403678e-6,0.00026530740165919966,3.1441183156104804e-7,7.427975629267805e-7,1.8237674360522012e-6,-0.02697139772522026,5.806343802769828e-6,-1.802602196818689e-10,9.876540857753507e-6,0.0006116583950347036,3.26753040366664e-10,0.002340582235548599,-1.2157345635105967e-7,0.006460177102454801,-0.00013704419646955805,-1.8176490366697863e-5,-1.4344115675637706e-6,3.086377874670057e-8,-7.059426487811946e-8,0.027202465938906278,0.00756775304576701,-1.431730051265486e-7,-2.9223889072665966e-8,5.8808039921561385e-9,-5.289274968806593e-6,-0.002756529458402791,2.3503897058199313e-11,-1.4799632184220337e-9,1.7767495265637427e-6,-3.0271731342672106e-11,-5.104548941820872e-8,2.1419214678710907e-5,-7.1884553101873905e-6,-7.897488747701917e-7,4.616906548403933e-7,0.0010869225998231334,9.176467322351351e-5,-3.802098063037593e-12,2.593239021894831e-7,-5.787871181677847e-6,1.1427428597014867e-5,0.00526745883752003,-0.008141323910548547,2.985639950860256e-10,-7.945882823225639e-11,2.7775438587724616e-6,-6.384458836575639e-5,-4.609016446079757e-6,9.654625778045062e-6,-9.588973561876265e-9,2.0984190036754158e-8,0.005063908523057413,-0.002146021515436591,-5.547436001185363e-6,0.002414811775006067,-0.0057762280845453816,3.836310573955194e-8,-2.8454932929021718e-6,-1.3360991654392241e-6,2.2717226260282875e-5,-7.330777002448289e-5,-0.007977380698002483,-4.394226769485171e-7,-2.4533979737482047e-8,-1.2828666018934107e-6,-1.1222478847845822e-5,7.55755828766538e-12,0.0019934117035873616,-1.3698381413654678e-8,0.005404907516649552,5.3756818470919266e-9,-8.745566048190056e-11,-0.006414240138808336,4.315040365580051e-5,0.0020879855926656753,-0.0004484840349922606,0.0005964666474732568,-7.88988499596519e-6,1.3407002426890186e-8,5.982015967443626e-5,-0.0006559524498209051,5.214977395293189e-6,0.0050750249908546015,-0.0006164754792011521,5.370550617325461e-6,-0.001453921814502787,-9.906899028108603e-8,0.0011459901743855125,-8.468845106525312e-10,1.838850276507191e-5,5.06130134203342e-6,3.313144473076168e-11,-0.00025592858564221457,2.785101010946288e-7,-6.467734508442404e-5,-1.553884893272431e-10,1.1081353713615328e-9,0.00028854085089667506,-6.885440701806884e-5,-5.341642598077598e-7,5.242444489612008e-10,3.935574264747442e-9,1.0119239765192127e-8,-5.534135506639464e-6,-0.0001372945831917601,-5.1497966593484274e-5,-0.0005741183568913999,-2.291339657651759e-10,-0.00011835661459426512,8.932683449445762e-8,-7.067543768071588e-6,-0.00021256147485089344,0.0005724814649483399,2.3478296701350015e-8,-8.683551579765952e-7,-0.003891034801934855,-0.00015605882277228267,2.118443288203857e-8,-1.9595403863316038e-5,-0.0024504471097533107,1.7838006217505707e-7,2.11479264235857e-5,-2.1302712589406702e-5,3.638703689381847e-6,-9.445846229715698e-11,-0.01234307260716692,4.61862950236657e-6,-3.834860322807748e-6,-4.3192967700431806e-5,0.00023810504659159225,1.687973342168209e-5,2.4688398892172256e-6,-3.972517852751019e-9,-4.0692242192203e-10,0.03331197938329066,-0.00340718655326782,-0.003815361519159683,6.938023061241294e-6,9.406943212133306e-9,0.00010432606682833326,-2.8908660298317883e-10,2.1535596410213605e-6,-2.5758870023141577e-7,-1.9665071269457827e-9,0.0006463407634002611,3.9914128414693736e-8,-0.000705390403126643,0.011922441172717907,0.000679974928803571,2.7119582468799497e-11,0.00016504756883829608,1.3216180795979818e-5,-0.008902012735791234,8.724895786426852e-6,5.948866067661901e-5,1.7696086740730766e-6,3.1924755020528305e-6,-7.656226876147694e-11,3.947281294482128e-11,1.2999722578805156e-11,0.0032823165352215264,5.109149640546764e-10,0.0011232383337494041,-0.00205932932874814,-0.009379578997567946,-4.1039820294862765e-6,4.95530112147811e-6,0.0004361177342627852,1.3854034614830751e-11,0.0006951068600331258,0.0008165613185853533,2.8757678684098686e-5,0.00020528064425360973,-9.522669296746153e-5,-0.00021572280008684623,2.7110613506894815e-11,0.027105285815458586,-7.501536772488616e-8,-0.000126665108337695,4.345250727452096e-6,2.6737282417430213e-6,-8.32037516945995e-9,-0.0012421346838277455,9.368188319825784e-11,-0.004478416474015915,0.00023123203120970732,3.49059044149651e-8,6.0174652011575285e-6,1.0265617930191415e-8,0.010608261011959068,2.021503571754247e-5,-9.375607846666297e-6,-4.784382185231449e-10,-3.031877692671635e-6,0.002335338405502346,5.000227272604385e-8,0.0001276502130804695,-2.032175547077362e-8,0.0003489921568311698,0.0007478576506027678,-5.237053418709442e-6,-4.331882771703707e-9,-3.934918074091122e-7,-2.8081724477128163e-7,3.6664996872648975e-6,-8.470434628703982e-6,-9.924666700779301e-9,7.765984718631186e-9,7.108777804600014e-6,-0.0015946139395961354,-4.461865473289178e-9,-1.4459037444247843e-6,-1.4787002727112694e-5,-0.0030495188528707373,-0.015076010185869165,-3.4257001596896377e-10,-1.6273090258698968e-10,0.0020663977832065484,0.008933628062867044,2.3982038874564817e-5,-3.46698030620679e-8,-0.00013521613510292273,0.0009478550850932879,-2.061031412664345e-5,2.8211378013830332e-8,-4.4415722212060607e-7,7.41997188396642e-6,0.00045040464558975094,-7.590190776073226e-5,0.0018351315071771057,0.003905435363073993,-0.005438449023021909,-3.83979739417105e-9,8.629522448471212e-10,-3.5968131239819954e-5,-0.0006160353370420123,-7.235061312702605e-11
0.0,0.0,0.0,0.0,0.0,0.0,0.0,0.0,0.0,0.0,0.0,0.0,0.0,0.0,0.0,0.0,0.0,0.0,0.0,0.0,0.0,0.0,0.0,0.0,0.0,0.0,0.0,0.0,0.0,0.0,0.0,0.0,0.0,0.0,0.0,0.0,0.0,0.0,0.0,0.0,0.0,0.0,0.0,0.0,0.0,0.0,0.0,0.0,0.0,0.0,0.0,0.0,0.0,0.0,0.0,0.0,0.0,0.0,0.0,0.0,0.0,0.0,0.0,0.0,0.0,0.0,0.0,0.0,0.0,0.0,0.0,0.0,0.0,0.0,0.0,0.0,0.0,0.0,0.0,0.0,0.0,0.0,0.0,0.0,0.0,0.0,0.0,0.0,0.0,0.0,0.0,0.0,0.0,0.0,0.0,0.0,0.0,0.0,0.0,0.0,0.0,0.0,0.0,0.0,0.0,0.0,0.0,0.0,0.0,0.0,0.0,0.0,0.0,0.0,0.0,0.0,0.0,0.0,0.0,0.0,0.0,0.0,0.0,0.0,0.0,0.0,0.0,0.0,0.0,0.0,0.0,0.0,0.0,0.0,0.0,0.0,0.0,0.0,0.0,0.0,0.0,0.0,0.0,0.0,0.0,0.0,0.0,0.0,0.0,0.0,0.0,0.0,0.0,0.0,0.0,0.0,0.0,0.0,0.0,0.0,0.0,0.0,0.0,0.0,0.0,0.0,0.0,0.0,0.0,0.0,0.0,0.0,0.0,0.0,0.0,0.0,0.0,0.0,0.0,0.0,0.0,0.0,0.0,0.0,0.0,0.0,0.0,0.0,0.0,0.0,0.0,0.0,0.0,0.0,0.0,0.0,0.0,0.0,0.0,0.0,0.0,0.0,0.0,0.0,0.0,0.0,0.0,0.0,0.0,0.0,0.0,0.0,0.0,0.0,0.0,0.0,0.0,0.0,0.0,0.0,0.0,0.0,0.0,0.0,0.0,0.0,0.0,0.0,0.0,0.0,0.0,0.0,0.0,0.0,0.0,0.0,0.0,0.0,0.0,0.0,0.0,0.0,0.0,0.0,0.0,0.0,0.0,0.0,0.0,0.0,0.0,0.0,0.0,0.0,0.0,0.0,0.0,0.0,0.0,0.0,0.0,0.0,0.0,0.0,0.0,0.0,0.0,0.0,0.0,0.0,0.0,0.0,0.0,0.0,0.0,0.0,0.0,0.0,0.0,0.0,0.0,0.0,0.0,0.0,0.0,0.0,0.0,0.0,0.0,0.0,0.0,0.0,0.0,0.0,0.0,0.0,0.0,0.0,0.0,0.0,0.0,0.0,0.0,0.0,0.0,0.0,0.0,0.0,0.0,0.0,0.0,0.0,0.0,0.0,0.0,0.0,0.0,0.0,0.0,0.0,0.0,0.0,0.0,0.0,0.0,0.0,0.0,0.0,0.0,0.0,0.0,0.0,0.0,0.0,0.0,0.0,0.0,0.0,0.0,0.0,0.0,0.0,0.0,0.0,0.0,0.0,0.0,0.0,0.0,0.0,0.0,0.0,0.0,0.0,0.0,0.0,0.0,0.0,0.0,0.0,0.0,0.0,0.0,0.0,0.0,0.0,0.0,0.0,0.0,0.0,0.0,0.0,0.0,0.0,0.0,0.0,0.0,0.0,0.0,0.0,0.0,0.0,0.0,0.0,0.0,0.0,0.0,0.0,0.0,0.0,0.0,0.0,0.0,0.0,0.0,0.0,0.0,0.0,0.0,0.0,0.0,0.0,0.0,0.0,0.0,0.0,0.0,0.0,0.0,0.0,0.0,0.0,0.0,0.0,0.0,0.0,0.08318013338526173,4.088936882224238e-6,-0.00045521443115805713,0.0016024415949551045,-0.000470100562820932,2.396913919863415e-11,0.0010967166465812976,-1.371947986051653e-6,3.3852520204619824e-6,0.0013420418799972795,-6.499647163239522e-8,0.037981399462747034,1.1088111314870417e-9,-1.2554367192966155e-5,-0.00037849202971187475,-0.006204109211120319,5.2339238654350713e-11,0.011004535052485814,-1.4971792392641508e-7,3.1425413093148853e-12,0.00011484137989725564,9.136632253528447e-11,-3.844595830849238e-7,-9.063334578053798e-10,0.0007946132203133119,0.00019461280862873888,-0.0019116295637204982,-0.00010957743139888298,-2.1052697631234175e-5,1.7280012553310023e-6,3.47788492494615e-6,6.480415510940554e-8,-0.0007915013952061054,-0.023937281171434906,-0.006374104383062863,-8.50833833992684e-11,4.768052059412263e-13,1.262256107706035e-8,9.712376938230692e-6,-0.0002256984395998207,1.264994719777453e-7,0.000568166145222048,-1.9352597486737246e-10,-0.004669011596530307,-0.013779681659609057,0.02893406326408977,-2.019833228378527e-8,0.00012138963531883191,-8.279789768223389e-11,-8.580345775002371e-6,1.9877965433361877e-10,0.0008475771054930291,0.00010347844677404913,-0.0003765941648311749,-3.054394862379409e-11,-0.00039563774585051525,-0.00035559080700886406,0.0005279066228669725,0.0020057180669385785,7.006395273430218e-11,-1.3531010145742207e-7,1.4763749189616397e-9,0.000777564504761118,0.0010575825303355334,-3.544160084205073e-5,1.0694680499846e-6,0.001281834198240152,2.4535013281557556e-11,2.270648614899508e-6,1.903190141867158e-5,-0.00187536724477722,-7.571235363411746e-9,-9.1753855419048e-8,-0.0005087259908866399,-0.002729516682466521,4.8437924141118e-6,-1.048293539787341e-5,-1.905068965964711e-5,-2.2777388861177808e-5,-1.5915118287419834e-8,2.2408815411581137e-9,4.5539259582453445e-5,-0.004378236668677439,-1.0996890468352369e-10,0.00028324357196666926,0.001977670573665424,-0.0005261646843144503,1.1977579494095746e-7,-0.0009732235843776518,3.303452402341739e-9,5.559704221193146e-7,-1.7527679974837105e-7,-1.4879972713823946e-6,-2.0739755234385568e-5,-4.815103995377126e-6,-1.0946467489691853e-5,1.1158158359685182e-9,5.075837786016352e-11,-9.364262158698067e-5,-0.0005089405729755282,-7.840642356902845e-11,-2.161095579930453e-9,-1.234280579350639e-9,-6.837478243858103e-9,1.555982962017189e-6,0.0015735957065333638,0.021704589369985806,-2.86649087908372e-7,0.0006071254534360029,-7.687582624045768e-8,2.0629744758777475e-9,-5.26672391369543e-10,-4.224806073967128e-8,-0.0001550174670223546,-6.06789944364416e-11,1.1287821415856278e-9,0.00010485415234217004,-0.00039059971075377294,-3.551369865158908e-5,-8.22552824241162e-6,8.175935378623121e-9,1.5062818145125764e-7,-2.6385641986957832e-9,-2.727673224649934e-5,2.2537912598168196e-11,-0.005290552489442571,-0.006915566221446069,-1.749130310601678e-9,-1.3313015733831934e-5,-4.8675441540314115e-9,-5.984262776530869e-11,-1.2497987563482022e-8,-1.7333939973519222e-5,8.21704154634486e-9,-0.0004098684349877929,-6.100775392998363e-5,-4.1361605108883195e-10,-1.528533036344727e-11,1.1944037370936502e-7,2.240543386768074e-10,-6.905989048747319e-5,0.00027632931748930147,-1.165821568533352e-11,-0.0031915396695303827,-0.0024862274231018514,-8.081531909096543e-11,-0.00019636281997133096,-3.308320146972743e-5,-4.550788695451249e-8,6.56193082386314e-8,-7.800814232797595e-5,-0.0008351005876252204,6.997736134917429e-6,6.437727012987228e-12,0.00018287178439776316,-0.00036890956910550665,-9.719913374033957e-10,-0.0009790904946951396,-1.2572981972825884e-7,0.0007358435112830328,6.182946210008519e-5,-3.583472977298708e-5,5.317063694387003e-7,3.6866029238709536e-9,1.7735388877485305e-8,0.0016042014086552925,-0.0015124024221224832,5.714064224902338e-10,2.208236163430507e-8,-5.3634980364925796e-9,-2.079227012762908e-5,0.003084181503847583,9.04418106475792e-12,2.88053050845959e-10,-8.004182671193042e-7,-1.4743985928027967e-11,1.7603349925069673e-8,-5.615047213470765e-6,-1.1428127231942481e-6,7.12097306287759e-7,-3.1495407988701404e-7,0.0014698949108781251,1.0536811235119321e-5,3.2360478873075394e-11,4.872724555958755e-6,2.6082968443267426e-6,3.709655591890827e-5,0.000447383788949119,0.0034631541007154537,2.348863828100462e-11,-3.406053885153479e-11,1.997652901936141e-5,-0.00042645878058103834,8.068148946168075e-6,-3.920295172811687e-6,2.0528368430624395e-9,-1.0671798382759594e-8,0.005824627537810496,0.0012093924712385216,5.535037073792428e-5,0.0006106384244490985,-0.0038400867330963,-9.37737192388679e-9,-1.2826808746627604e-5,-8.726414269737266e-7,-4.3227068444237985e-6,2.6732044560245604e-5,-0.00020382998881459432,4.042449310044741e-7,-4.6274909234328985e-9,-1.6274978246770974e-6,-0.00021327414029596485,1.710903320021858e-11,-0.0029681624674951232,-4.1520864116907545e-10,-0.0013822808047887184,-5.852633775754624e-9,2.8710889694151914e-12,0.0011535447269083393,-2.843448048503323e-6,0.0020384510227061474,0.03939332775132295,-0.00021635339131072627,0.000250654577253655,-2.2677122794922385e-9,-0.00038381855923284354,0.002065741350227336,8.334789932814662e-7,0.0007426144681776075,0.0002940044907057791,-8.257994125654503e-6,0.0020093745877523437,2.7175123755072507e-7,2.4003360858902097e-5,-2.8996129577657187e-10,-9.662238905562391e-6,-6.69824472689689e-5,-2.915132344442393e-11,-0.003143905740876178,-2.087278837726204e-6,-6.18350600957126e-5,-7.75764398393127e-12,-8.336483242896085e-11,0.0009937969767119,-0.00028050207483460533,-9.110514804848542e-8,2.003156870334379e-10,-2.7983108849358246e-11,-1.0622492876130837e-8,8.492873853255001e-7,-0.0010267345419498063,2.6054819852333082e-5,2.8397501041381212e-5,-4.065359699824538e-11,-5.788016814615933e-5,-3.2458101785665266e-8,-6.023948979329548e-7,-7.713512595879454e-5,2.4421236569633856e-5,-2.024010388011102e-9,1.1726392176489588e-8,0.0002109883527869633,-0.00022539315383810317,1.890491118052412e-9,0.0004327043544104314,-0.007714759008468076,4.1513226511503234e-8,-2.4572659526598445e-6,1.1546539952721166e-6,1.4690349240835914e-6,7.29551456607294e-11,0.006141253986039512,-2.524797520032018e-7,3.0279702850218244e-6,-0.00021932269236198706,-0.0001750620446445697,0.0007327124875035117,9.37195909893048e-7,7.264736540897043e-11,-1.1527992792891183e-11,0.005183238903288093,-0.0030054731031603685,0.0011393661107352846,1.6984746182301683e-5,-8.698175299951504e-10,2.002566228149205e-5,4.878118469374418e-11,-3.7094177575569563e-7,-4.9222438087537027e-8,5.052634862681975e-10,0.001114882336478189,-5.237756836549163e-8,0.0006895683024690396,-0.00022759515965017283,-0.005965285690002118,-1.2098565005795563e-11,-0.0009018922946601429,1.9596585187988263e-6,-0.005348329996389331,0.0002856153724078018,-0.00014990198409155003,-1.280780108991536e-7,-1.9651830012010296e-6,-8.856916443093599e-11,-1.886297917169043e-12,3.530854085895993e-11,0.0007407688929248967,1.7709065305413531e-10,0.000401887896882119,0.009379733391889623,0.00292266323119778,0.00012125263219655278,7.47196428721143e-5,-0.0025711310943187767,4.855765605166238e-12,0.00014267190874584184,0.007851313602448813,-4.0840543741298835e-5,-0.0011377388258778359,4.8972270908702336e-5,0.00020606741792966222,-6.437436122652068e-11,-0.0014534148649283315,1.9106046804875508e-7,4.671251378861859e-5,2.5293337221185695e-5,7.292828999814224e-7,9.247089435779282e-10,-0.00025255314315927836,-1.1404481305857473e-10,0.0003230469514482713,0.00021431132594738162,2.2853023572566287e-8,-6.712679057069249e-6,-1.5479364214393858e-6,-0.004202153069157955,-1.5269308694563496e-6,-7.539613246118664e-5,4.942631411900952e-10,-5.678885162378115e-7,0.0004742456950414254,2.6031242633018603e-8,0.0005548637710927091,-2.0346447830292205e-10,7.68739325870227e-5,0.0035795152427116348,-4.0577938538645775e-5,1.6155218281776995e-9,1.8930565475011454e-7,-1.0778149245619157e-6,-5.259991688097476e-7,-0.00010566305454528027,-1.4954086433618794e-8,4.241218378116061e-10,0.00010365440294118813,0.0024574758717866925,4.662930454021064e-10,-5.454324803953753e-7,2.5738380710413144e-6,-0.0003894345198452067,0.0024087351006319368,-4.6238960269629294e-10,-1.8246457621286535e-11,-0.012270471867913295,-0.0002971413684242755,8.006740354280046e-6,2.8376491471237042e-8,-3.782187136748882e-5,0.0018738642889090875,7.517003063862117e-6,8.263595657522463e-8,5.3240295272232535e-8,-0.0004853034420647145,0.00040763642109398906,0.0002069167041438186,-0.003913440097263456,0.00026644144679819633,-0.010390705161114792,1.7329012296526173e-10,-1.1528032317100517e-10,-0.00011887814870623943,-6.87896408195518e-5,3.706018694914654e-12
0.0,0.0,0.0,0.0,0.0,0.0,0.0,0.0,0.0,0.0,0.0,0.0,0.0,0.0,0.0,0.0,0.0,0.0,0.0,0.0,0.0,0.0,0.0,0.0,0.0,0.0,0.0,0.0,0.0,0.0,0.0,0.0,0.0,0.0,0.0,0.0,0.0,0.0,0.0,0.0,0.0,0.0,0.0,0.0,0.0,0.0,0.0,0.0,0.0,0.0,0.0,0.0,0.0,0.0,0.0,0.0,0.0,0.0,0.0,0.0,0.0,0.0,0.0,0.0,0.0,0.0,0.0,0.0,0.0,0.0,0.0,0.0,0.0,0.0,0.0,0.0,0.0,0.0,0.0,0.0,0.0,0.0,0.0,0.0,0.0,0.0,0.0,0.0,0.0,0.0,0.0,0.0,0.0,0.0,0.0,0.0,0.0,0.0,0.0,0.0,0.0,0.0,0.0,0.0,0.0,0.0,0.0,0.0,0.0,0.0,0.0,0.0,0.0,0.0,0.0,0.0,0.0,0.0,0.0,0.0,0.0,0.0,0.0,0.0,0.0,0.0,0.0,0.0,0.0,0.0,0.0,0.0,0.0,0.0,0.0,0.0,0.0,0.0,0.0,0.0,0.0,0.0,0.0,0.0,0.0,0.0,0.0,0.0,0.0,0.0,0.0,0.0,0.0,0.0,0.0,0.0,0.0,0.0,0.0,0.0,0.0,0.0,0.0,0.0,0.0,0.0,0.0,0.0,0.0,0.0,0.0,0.0,0.0,0.0,0.0,0.0,0.0,0.0,0.0,0.0,0.0,0.0,0.0,0.0,0.0,0.0,0.0,0.0,0.0,0.0,0.0,0.0,0.0,0.0,0.0,0.0,0.0,0.0,0.0,0.0,0.0,0.0,0.0,0.0,0.0,0.0,0.0,0.0,0.0,0.0,0.0,0.0,0.0,0.0,0.0,0.0,0.0,0.0,0.0,0.0,0.0,0.0,0.0,0.0,0.0,0.0,0.0,0.0,0.0,0.0,0.0,0.0,0.0,0.0,0.0,0.0,0.0,0.0,0.0,0.0,0.0,0.0,0.0,0.0,0.0,0.0,0.0,0.0,0.0,0.0,0.0,0.0,0.0,0.0,0.0,0.0,0.0,0.0,0.0,0.0,0.0,0.0,0.0,0.0,0.0,0.0,0.0,0.0,0.0,0.0,0.0,0.0,0.0,0.0,0.0,0.0,0.0,0.0,0.0,0.0,0.0,0.0,0.0,0.0,0.0,0.0,0.0,0.0,0.0,0.0,0.0,0.0,0.0,0.0,0.0,0.0,0.0,0.0,0.0,0.0,0.0,0.0,0.0,0.0,0.0,0.0,0.0,0.0,0.0,0.0,0.0,0.0,0.0,0.0,0.0,0.0,0.0,0.0,0.0,0.0,0.0,0.0,0.0,0.0,0.0,0.0,0.0,0.0,0.0,0.0,0.0,0.0,0.0,0.0,0.0,0.0,0.0,0.0,0.0,0.0,0.0,0.0,0.0,0.0,0.0,0.0,0.0,0.0,0.0,0.0,0.0,0.0,0.0,0.0,0.0,0.0,0.0,0.0,0.0,0.0,0.0,0.0,0.0,0.0,0.0,0.0,0.0,0.0,0.0,0.0,0.0,0.0,0.0,0.0,0.0,0.0,0.0,0.0,0.0,0.0,0.0,0.0,0.0,0.0,0.0,0.0,0.0,0.0,0.0,0.0,0.0,0.0,0.0,0.0,0.0,0.0,0.0,0.0,0.0,0.0,0.0,0.0,0.0,0.0,0.0,0.0,0.0,0.0,0.0,0.0,0.0,0.0,0.0,0.0,0.0,0.0,0.0,0.0625960551587454,-1.9190336893656903e-6,-5.596703609322775e-7,-8.916813360609193e-5,3.4233746357803047e-7,-4.7126912439191595e-5,-0.004094368229624688,-0.00791201209791993,3.394076959420007e-8,0.0025252437185296337,1.316664568023568e-6,2.8997805782995622e-5,-4.6059949491508644e-9,1.9211395637483924e-8,6.73001316806079e-7,-9.070699812933591e-8,-4.0616235937169406e-7,0.0010847096168669131,-4.5474967555629805e-8,-8.01449198218031e-9,3.69888725973578e-6,0.007178175389112926,-2.9242437013588492e-6,1.0469928250554253e-5,-1.4485819316724589e-7,8.240344588918402e-8,0.0013614748280962304,1.481604171643714e-9,0.008214719446914398,3.355658005564943e-9,0.00040077258934339145,1.1528072026005558e-8,1.043200891473078e-6,7.207720074318929e-7,5.853561369692476e-7,-6.056748079110329e-8,-4.0044148892597394e-5,0.010960167419488454,7.797281270510208e-6,-8.490580857807903e-5,1.5435042204559104e-8,-1.0896484149746027e-6,-3.9463611844974686e-9,5.480835112059653e-7,-1.2442070297960514e-6,9.580495948305129e-5,-5.313317249621386e-9,-4.41678343716764e-6,-0.0018276241234907798,1.8345105733235853e-6,1.2108592993432923e-7,-1.2846444831059991e-8,-1.2642141653814555e-8,-3.534300906205194e-8,-1.9726517878396725e-8,7.665370048303625e-8,-1.9990105101801405e-7,3.255352013748571e-8,-1.2529006471197245e-6,0.006335898021167563,-2.5898291513210054e-5,1.9693112572786065e-8,-7.3989696534534625e-9,9.791108638917732e-10,0.010057918492178415,1.2908539293282946e-7,5.154267053534765e-8,-0.005299145454445616,0.00047949955335684693,1.207331132965521e-7,-4.966786737161498e-5,-0.0002974348412426932,-2.5125428565570997e-7,1.1252051688442347e-6,0.00763484084577627,-0.01199027089095811,0.0007611514792653563,1.299606554729852e-5,-7.000769014781045e-5,-2.2475090885479545e-6,-1.1880724380574271e-8,-1.0916271229079272e-6,4.25675044507873e-7,-3.353254468390071e-5,2.3752935704320578e-7,-3.8031080823372316e-5,0.0019638448829816975,-0.0001457825942286641,5.092275938595823e-5,0.007942716237606718,-0.001895523540314391,-0.010669687556520733,8.316902204352763e-9,0.006692247248037255,-8.180150315776671e-5,-1.2355074399678104e-5,4.8486961058374096e-8,-0.0005623267790288967,5.8206119981554994e-8,1.3085987449324297e-7,-7.992669475167942e-6,1.9647112854049963e-6,-8.350712671170795e-5,0.004199521595129238,-1.1346297069209334e-7,2.499777260472967e-6,-0.0013212178145422953,-4.1861508534468905e-6,-0.00010322207355936792,9.42397985651002e-6,-1.4293531828199603e-5,-0.0001512189031472916,-0.0002541260798936815,-5.693361658468665e-7,2.1013540584619844e-5,7.356197936696342e-6,3.088497338139031e-8,-7.899097605803872e-6,0.00021643926312468154,5.340701223024797e-6,0.0011409863268082266,-4.334732012296743e-5,-0.0008486515934712193,-8.351750010686139e-7,2.0626003068561796e-6,1.741281098888991e-6,-2.487602964510453e-5,-0.0002674701878403372,0.00011479270221746604,-9.624269892436969e-8,-6.698614240149519e-5,8.559308131380696e-10,-8.906360119234574e-5,9.449170559592946e-6,0.00027902088336837356,4.307234825002701e-6,6.824693137218183e-7,0.0001179141641869991,3.761484066444392e-6,-0.002380593591636193,-3.113987339859316e-8,1.6465381011425348e-7,6.81692123272417e-7,1.6366598622577952e-7,-1.036168122097471e-6,1.037810055505641e-8,0.00014829755997950472,-0.00046282913602121306,-0.001477455650769805,-6.293613090137386e-9,2.7452619297124078e-5,0.005084520472396864,6.140289916167955e-6,-6.7731982078815076e-9,1.4983973634601388e-7,-1.1037014565216739e-5,-9.022756928850115e-9,-0.0015287548667908587,-3.590916206546331e-5,0.0008173088762907394,-0.0010797939117444708,0.0027473875830650633,-2.4084726642501576e-5,0.000703863352558889,1.2976019048460191e-5,-6.936018446829792e-5,6.987763616503365e-5,0.00045547813780327394,-3.3811516231813e-5,7.772063898659012e-10,-1.4427760004331019e-6,-1.3732772252791762e-8,-4.1662825584281236e-7,-0.004107785735051407,-3.5857090687310173e-7,3.163224927110712e-5,-0.008618876640347809,-0.004107971758468072,0.0012378555137241391,0.004195543981870834,2.6923712655303662e-8,0.0016457796231951955,-1.1886625451621588e-9,-4.2707533515261975e-11,-0.0022266871815012934,-0.0006670334662060403,-1.1724099234115083e-5,3.434980747562265e-5,-1.909545486602177e-6,8.361190441733772e-8,-2.2508242094905513e-9,-1.4761385744987142e-8,1.4074250661425314e-9,0.003485579867192291,-2.405433638500006e-5,8.279760512423636e-6,-4.272448710965137e-6,-2.731056332855617e-5,-3.1732180258394797e-9,-2.6654610177894887e-5,-1.1543888896164803e-7,-1.9172025156308076e-5,4.2311985019317287e-10,-0.0014757669425489906,0.0019047799031791694,-0.00027376450967442416,1.308359719841707e-7,-0.0002988306209060241,-3.4102179062967944e-5,-0.009983350893775778,-2.2125812593862408e-8,-2.837680702030299e-7,-5.649567693612777e-7,5.052356400113572e-6,6.93144104458793e-7,-2.4316310084702354e-6,2.1904615405884498e-7,5.825606797776626e-7,0.0022107690243526753,1.3651689313178137e-6,-1.5388614898148848e-6,0.00021129198137285465,-0.00022272632063829618,-3.0135086679383132e-5,3.842416717742545e-8,-1.0067051600087158e-7,-0.008078145732373254,-1.3932336146108818e-5,1.2396336948757974e-7,0.00012696701125788592,-1.7574243428444191e-6,0.002559896919832788,1.80135627250407e-5,-7.50252770617587e-6,-0.00031524923400815305,-2.7069140403147175e-8,-2.6559191388465193e-8,-4.5171099671476645e-7,5.424036528898013e-10,-0.000713311910934204,-5.953396961136541e-7,8.26634832964238e-6,-2.891813590814548e-9,1.8930943200810451e-7,-0.0017930763560750163,3.69186861870825e-6,3.5022285277467896e-7,-0.0005226820152277663,0.00738736535257142,3.933147597757413e-8,0.0010401281452954178,-1.264494463844444e-7,-4.58823824622233e-7,0.00041753161753794115,0.001871990294196419,-0.021167727203109336,3.855587854877869e-8,-6.831890419667281e-5,-9.729269930653537e-5,-0.0013425666638303393,-4.391033093070599e-5,-0.00012208928546794047,-2.9886405358601423e-5,1.217256853160329e-8,1.2881829357099797e-6,0.0003059139142432824,-0.008853927503328344,-0.0005586081795181672,0.005915618173697717,-1.7938652128245596e-6,3.6499636222757386e-6,0.00042892465834296973,5.885532646285044e-10,-5.791346358805039e-8,4.727534971453496e-6,1.3625496446932402e-7,0.004308131789180874,-3.270242940700378e-6,-3.3246895081164985e-7,1.3521600103557351e-5,8.461062941013327e-6,-1.5738929186196715e-6,9.269610697007189e-10,1.3871006303291137e-5,-0.00017396262883639674,5.519013987050333e-7,0.000297291261227456,-7.32260819507611e-5,2.322161255459338e-5,2.7388287898313883e-7,-0.00033716081984950104,-4.54653958296835e-6,4.8669837390704925e-5,1.2275470243978296e-6,-9.65109279954891e-8,8.450029905874996e-8,-0.0066230979896333,-8.882127372156105e-6,-1.0770268604089433e-8,-5.5041248136140405e-8,-0.0030192557815961097,0.0031469012991032254,2.852332386864177e-7,6.51116768329926e-8,6.153768265117539e-7,-6.597844831945299e-6,1.9375046722298793e-6,7.846355791103262e-5,-8.269287470411488e-7,2.7933570010555272e-6,-1.0788025050200885e-8,0.0006416073413735611,-1.5681150877139368e-8,3.3785102769493825e-8,1.1134350479527376e-5,-5.088612310756841e-6,-0.0016115131797599977,1.4358869114595074e-8,-2.0194229168420344e-8,-1.630482199573045e-7,-3.336734048007778e-7,-6.541430063557145e-6,0.001785927228702409,0.0007269590320128652,5.894274016317983e-10,-0.007515662398343636,4.561228415402254e-5,7.077053238799763e-5,-1.6191829030224792e-6,0.00012832799550103983,-1.289690287196953e-7,0.00025096789531092533,-0.009517192888274725,0.008081346890154249,1.5906054892091326e-6,-0.0024842053101748304,1.90383709456319e-9,-2.8535184038899418e-6,-0.004820220290296422,1.4812275319737564e-5,0.0002596421939911076,9.118669429328919e-9,-3.7638489067647873e-6,-6.87189435897056e-9,-3.2090844647945417e-7,3.826428724725847e-9,2.6226656932972677e-5,-0.0004763288780479238,-0.003824779082779834,0.005107381355178515,-6.53978478987709e-9,-0.0001251042791785931,-4.559329266078587e-6,0.0006017015369383443,1.99587322167351e-7,6.478335540804085e-6,0.0011258903692747582,0.0007761377016541657,-2.204388308321903e-5,1.8788272090963025e-5,1.4437384763139876e-6,-7.86600841915092e-7,-4.572468213463777e-7,-4.0149692482887064e-5,-0.000519160424359467,9.724327997459622e-5,-0.0016957195078834229,-1.1715431001535275e-6,0.0045622961756450996,-0.00015170096793411852,0.00017454939644907547,3.816499212801783e-9,-1.710296941099987e-8,-5.459432133179875e-6,3.817333496292615e-6,4.466835241397405e-6,-3.7959571317551813e-6,-5.898248426563579e-6,-7.800423353174524e-7,-2.999405513580319e-9,-0.00013745550554870317,2.912704873067898e-7
0.0,0.0,0.0,0.0,0.0,0.0,0.0,0.0,0.0,0.0,0.0,0.0,0.0,0.0,0.0,0.0,0.0,0.0,0.0,0.0,0.0,0.0,0.0,0.0,0.0,0.0,0.0,0.0,0.0,0.0,0.0,0.0,0.0,0.0,0.0,0.0,0.0,0.0,0.0,0.0,0.0,0.0,0.0,0.0,0.0,0.0,0.0,0.0,0.0,0.0,0.0,0.0,0.0,0.0,0.0,0.0,0.0,0.0,0.0,0.0,0.0,0.0,0.0,0.0,0.0,0.0,0.0,0.0,0.0,0.0,0.0,0.0,0.0,0.0,0.0,0.0,0.0,0.0,0.0,0.0,0.0,0.0,0.0,0.0,0.0,0.0,0.0,0.0,0.0,0.0,0.0,0.0,0.0,0.0,0.0,0.0,0.0,0.0,0.0,0.0,0.0,0.0,0.0,0.0,0.0,0.0,0.0,0.0,0.0,0.0,0.0,0.0,0.0,0.0,0.0,0.0,0.0,0.0,0.0,0.0,0.0,0.0,0.0,0.0,0.0,0.0,0.0,0.0,0.0,0.0,0.0,0.0,0.0,0.0,0.0,0.0,0.0,0.0,0.0,0.0,0.0,0.0,0.0,0.0,0.0,0.0,0.0,0.0,0.0,0.0,0.0,0.0,0.0,0.0,0.0,0.0,0.0,0.0,0.0,0.0,0.0,0.0,0.0,0.0,0.0,0.0,0.0,0.0,0.0,0.0,0.0,0.0,0.0,0.0,0.0,0.0,0.0,0.0,0.0,0.0,0.0,0.0,0.0,0.0,0.0,0.0,0.0,0.0,0.0,0.0,0.0,0.0,0.0,0.0,0.0,0.0,0.0,0.0,0.0,0.0,0.0,0.0,0.0,0.0,0.0,0.0,0.0,0.0,0.0,0.0,0.0,0.0,0.0,0.0,0.0,0.0,0.0,0.0,0.0,0.0,0.0,0.0,0.0,0.0,0.0,0.0,0.0,0.0,0.0,0.0,0.0,0.0,0.0,0.0,0.0,0.0,0.0,0.0,0.0,0.0,0.0,0.0,0.0,0.0,0.0,0.0,0.0,0.0,0.0,0.0,0.0,0.0,0.0,0.0,0.0,0.0,0.0,0.0,0.0,0.0,0.0,0.0,0.0,0.0,0.0,0.0,0.0,0.0,0.0,0.0,0.0,0.0,0.0,0.0,0.0,0.0,0.0,0.0,0.0,0.0,0.0,0.0,0.0,0.0,0.0,0.0,0.0,0.0,0.0,0.0,0.0,0.0,0.0,0.0,0.0,0.0,0.0,0.0,0.0,0.0,0.0,0.0,0.0,0.0,0.0,0.0,0.0,0.0,0.0,0.0,0.0,0.0,0.0,0.0,0.0,0.0,0.0,0.0,0.0,0.0,0.0,0.0,0.0,0.0,0.0,0.0,0.0,0.0,0.0,0.0,0.0,0.0,0.0,0.0,0.0,0.0,0.0,0.0,0.0,0.0,0.0,0.0,0.0,0.0,0.0,0.0,0.0,0.0,0.0,0.0,0.0,0.0,0.0,0.0,0.0,0.0,0.0,0.0,0.0,0.0,0.0,0.0,0.0,0.0,0.0,0.0,0.0,0.0,0.0,0.0,0.0,0.0,0.0,0.0,0.0,0.0,0.0,0.0,0.0,0.0,0.0,0.0,0.0,0.0,0.0,0.0,0.0,0.0,0.0,0.0,0.0,0.0,0.0,0.0,0.0,0.0,0.0,0.0,0.0,0.0,0.0,0.0,0.0,0.0,0.0,0.0,0.0,0.0,0.0,0.0,0.0,0.0,0.0,0.0,0.0,0.0,0.0,0.0,0.07250435587762223,0.01584027330536385,-0.0007779831105857012,-8.589423788922505e-12,5.595713550650927e-5,-6.703487752083966e-7,-9.456093634011005e-7,0.004093733196090139,9.023302903584558e-8,-0.02526054246816732,1.1428890160884467e-9,-0.0001332035848286166,0.0003183770907272677,0.0014918238376482246,1.5020686157897355e-10,-0.0011957824538024926,-1.623727628924223e-7,-1.9731369516521493e-11,4.4540793048480344e-5,2.9364030538116876e-11,1.962275781180591e-7,2.8651876668434667e-10,0.0005828863558727579,0.00189280511243467,-0.0005737480538785857,-6.334859539509468e-5,-6.2912335165446e-5,8.937187468919061e-7,3.4293360084297556e-5,1.704742516940257e-8,-0.002807587554072907,-0.012208553059519386,0.006257180782955122,-8.004969933692483e-12,7.025300154449332e-12,8.89406150197656e-9,-4.681546604718364e-7,0.0008703876158224848,1.7261870165578832e-8,0.0006503947266386298,-5.995581149461594e-11,0.0007777699100935125,-0.015814524549928252,-0.03730784936524877,-9.815716029192587e-9,-9.737258549918551e-5,1.6756062592964613e-11,-5.002207709105813e-7,6.550989974304084e-10,0.0012809667378970273,3.726607227923706e-5,-0.0007657477418725376,-2.0960861095864388e-10,-5.890356944833454e-5,-0.0005099125578896732,0.003886797393131389,-0.0050678452186307356,-6.613062161297313e-11,-1.2834574370907224e-7,1.0898549507258814e-9,-0.00021032761582765984,-0.0015090259487530277,8.588222176711094e-5,3.9286833622530753e-7,-0.0018071106178352404,-1.2451418326890869e-11,-7.9880885071197e-7,1.5813299678602735e-6,-0.0010444337429205985,-5.0470358149479555e-9,1.1791251994981259e-8,-0.011188429272449597,0.0016712627820857206,5.074992974701133e-6,4.8676901154997645e-6,-2.3736581671733198e-5,-0.00015000128767400214,-7.304714803795382e-10,7.481545204127175e-10,3.931308618095953e-5,-0.0048296269491110684,2.7528674095837124e-10,-4.304705968107823e-5,0.00036474296941293473,-6.37891728406313e-5,-2.911371051631917e-7,4.9269374443900215e-5,3.781100634250273e-9,-2.620409109445677e-7,3.801344729437156e-8,6.745139555990557e-7,-4.0274369900111735e-5,1.426035504871725e-6,-1.1398850076746169e-5,7.397137299223367e-11,8.881391957179592e-12,3.467210721230002e-5,0.00011070395395489065,7.631171337337797e-12,1.730028434924146e-9,-3.7645895427574186e-10,-1.653540447740999e-8,3.309955048244216e-7,0.0009622904958131998,0.0026744011097117027,4.661633437689912e-8,0.00027516835113015203,5.366005310658987e-9,-1.7389428115660084e-10,-6.170763275396525e-10,-2.0746163843321366e-8,1.9855139088569088e-5,2.7524404478184196e-11,-4.093321289810598e-12,-3.836888026951594e-5,-0.0005925907350317022,0.00029392697502630656,-1.9259152850177436e-6,2.0352519109368036e-9,-4.439661825956583e-7,1.252522554779655e-10,1.802383023790702e-5,-6.242847467070999e-11,0.00045168358463052745,-0.0003752749102995495,-3.533630696097945e-10,6.51764232392817e-6,-1.5508879939493963e-9,4.986757862935965e-11,-3.757142451073742e-9,-0.0001790934588287445,-3.4966325883440956e-9,-1.2292563799023642e-5,-5.058925932526094e-5,2.9650439871918074e-10,-1.18735044178271e-10,-8.614930342633343e-8,1.7424231899428603e-10,-3.0334541706514986e-6,0.0007112971234473685,8.701416567083417e-12,0.002935231689051772,-0.0010296543342514122,4.44954390131117e-11,0.00021489565829864056,-9.654971713925066e-6,-2.145529085171765e-8,-1.1647145405220088e-9,0.00015385063995935317,0.0009335750322859932,2.460771881796764e-7,2.460462304556086e-10,-0.0003892525757247811,-0.004235327947260309,7.576274588731854e-11,-0.00801316343622671,-7.911613794289998e-8,0.0002248536345522216,9.878897497994944e-6,1.1238758659194826e-5,1.7351003092322025e-7,-4.7661221625335245e-9,-7.37834647159803e-8,0.0033449532081686172,-0.0005459407750549047,9.005567465077636e-9,5.519922357087441e-10,-6.982918321337365e-10,4.615474047946384e-5,0.034128788429683955,-4.71207714308606e-12,8.7745966338976e-11,-3.031918824570584e-7,2.7757882815823394e-12,2.95939762219077e-9,-2.890855166264846e-6,4.293432031449134e-6,-4.3004170594309795e-8,2.7735293939192024e-7,-0.003978737906249807,-1.8968453328250096e-5,1.0299242679804857e-11,3.086851758609573e-6,6.896656474604685e-8,6.9626273805936895e-6,-0.0011589899142165556,0.0004306770274192372,-1.2669723944872982e-10,2.6127710748495516e-11,-1.1483142296801851e-5,0.00019410629031679284,-6.183062334368077e-5,6.532899936896358e-7,1.2827229832630321e-11,-3.0103940653582182e-9,-0.001579479197891129,-1.5309037480112945e-5,1.7346382114531707e-5,0.00010489305147928865,0.018747037436895247,-5.469467890907322e-9,8.864942727208876e-5,7.312005818511084e-8,-4.421867588879703e-6,2.8841334100961775e-6,0.012341623347031054,2.6913688914498174e-7,1.771419970263421e-9,-2.2456404462164185e-7,0.0005502928425732059,-1.1110346451000382e-11,0.023283309451081653,1.0783135405976262e-9,0.0022791870539500647,4.1472390180714137e-10,1.71927941820666e-11,0.016179316871912895,-4.575531913421189e-6,0.0010961144517493868,-8.056350121976176e-5,-0.00011921997384361603,-1.1658882716019286e-6,-1.8024780642010926e-9,-0.0002310008500279351,0.002300057412851466,-1.1993997526538542e-7,0.0015858190950817088,0.006872376891534853,-1.1028444880034503e-6,-9.624016504705175e-5,5.299904492769102e-9,2.1804228666711824e-5,6.496072087523937e-11,-2.4566358260866583e-6,-0.00016174337570584618,-4.615479637280216e-11,0.0002664534215378791,3.208962336824705e-5,6.47803779451618e-5,-2.0999609762648798e-11,5.5597291769868655e-11,0.00046059738693555015,0.004916277589327443,-1.0904448663187618e-8,-6.383454330064875e-11,-4.5484923422299776e-10,1.3442885402426882e-8,-7.897960271586727e-7,0.0009502985147187616,-7.3110857593605005e-6,0.0059469702759025475,5.045133584855569e-11,-2.2406083188510644e-5,5.6849564272104526e-8,-2.1846244951744727e-7,-0.0005315371815773602,2.930842352019564e-5,-4.442617195975343e-9,-3.288188314970308e-7,-0.0002220830882991096,2.659685214044738e-5,-2.1267607245450226e-9,0.0017353908908453518,0.004486000771383875,-6.425296332713656e-9,-3.2785627958306997e-6,2.6695694111787383e-6,2.2550801371555573e-7,-8.539162581854344e-11,-0.0010347776328556645,4.294059340896705e-7,2.916580569931119e-5,-0.0035012127788332874,0.00021752351411741957,0.00020663849207204894,-2.698386031751444e-7,4.376092612803074e-10,4.535550098511276e-11,0.004548450403011554,0.0003554410239697448,0.0035416745508196315,-0.00018209100237372386,-9.204090939962956e-10,-7.940697064714405e-7,4.696182694005227e-11,-3.6688487584575606e-7,2.986881973411256e-8,-1.6954164503997498e-10,-0.005861791815223833,-1.3599688761314187e-8,0.00043068494644073733,-0.0011112315139654872,0.002384198192853533,-8.610148237653912e-12,-0.0010156265637044739,1.245839930433048e-5,0.0005022215085281202,0.00025821096631938284,-0.0002843461640796426,-8.063639384452722e-7,-8.455180246384395e-8,3.765793122580662e-11,-1.7608207842402028e-12,-9.343702633691794e-12,0.0003687713115141283,2.065928677302845e-12,0.00013324734327992922,-0.020236331743789176,-0.002246832546507218,0.00023410238615296277,-9.559526961748117e-6,-0.005180045067268842,-1.2110976130193414e-12,-0.00025936093374252225,0.0022241374871502973,1.8536664547209054e-5,-0.0028175877834383943,0.0001922426116015056,0.0026167211175954987,8.628629796634555e-12,-0.0005787441807591751,2.8122564428751762e-8,-2.5797505199184783e-5,6.271705911098691e-5,-3.707414884376067e-7,1.4648065882944935e-9,8.353116651975848e-5,-3.158632189317467e-11,8.251762992214848e-5,-0.0006215814594829629,-2.539790569402752e-9,-7.582566271836639e-7,5.714757765340362e-7,-0.031780869119350755,-1.4800141427109699e-6,0.00011799202243034972,7.693400467386196e-11,1.0387714467334849e-6,-0.00023067685138887279,-6.242045946698112e-9,0.0018422537494574439,2.091339415336451e-9,-0.00320498308907072,0.0007781676831719596,6.9872991974576506e-6,1.2916322104801557e-9,8.692324251453867e-8,-1.4587753187289765e-7,-6.270099460110806e-7,4.812368894281228e-5,1.1799201414151532e-9,-8.143334037881995e-10,-0.00013638141289756288,-0.004221861874046722,6.229547344919821e-10,2.5553706702007314e-9,-9.97717072096661e-7,0.000406833020095658,0.0008070341190821018,-2.448173842623501e-11,1.085902277772218e-12,0.003003418072357884,-0.0006054283795928902,-2.627991991703403e-7,2.2019780782994e-9,-4.55243787210378e-6,-0.0023287378340275827,-1.5075390626022046e-6,6.768873792110938e-9,8.91406364857491e-9,0.0001241994944288241,-0.00750835053239058,9.003570310122357e-5,-0.0003033558284647563,0.00030385886859374923,0.0008887145414522231,2.4747586576437583e-10,5.202707440853015e-12,0.00025776360053639355,6.642742012950778e-5,9.636561344883792e-12
0.0,0.0,0.0,0.0,0.0,0.0,0.0,0.0,0.0,0.0,0.0,0.0,0.0,0.0,0.0,0.0,0.0,0.0,0.0,0.0,0.0,0.0,0.0,0.0,0.0,0.0,0.0,0.0,0.0,0.0,0.0,0.0,0.0,0.0,0.0,0.0,0.0,0.0,0.0,0.0,0.0,0.0,0.0,0.0,0.0,0.0,0.0,0.0,0.0,0.0,0.0,0.0,0.0,0.0,0.0,0.0,0.0,0.0,0.0,0.0,0.0,0.0,0.0,0.0,0.0,0.0,0.0,0.0,0.0,0.0,0.0,0.0,0.0,0.0,0.0,0.0,0.0,0.0,0.0,0.0,0.0,0.0,0.0,0.0,0.0,0.0,0.0,0.0,0.0,0.0,0.0,0.0,0.0,0.0,0.0,0.0,0.0,0.0,0.0,0.0,0.0,0.0,0.0,0.0,0.0,0.0,0.0,0.0,0.0,0.0,0.0,0.0,0.0,0.0,0.0,0.0,0.0,0.0,0.0,0.0,0.0,0.0,0.0,0.0,0.0,0.0,0.0,0.0,0.0,0.0,0.0,0.0,0.0,0.0,0.0,0.0,0.0,0.0,0.0,0.0,0.0,0.0,0.0,0.0,0.0,0.0,0.0,0.0,0.0,0.0,0.0,0.0,0.0,0.0,0.0,0.0,0.0,0.0,0.0,0.0,0.0,0.0,0.0,0.0,0.0,0.0,0.0,0.0,0.0,0.0,0.0,0.0,0.0,0.0,0.0,0.0,0.0,0.0,0.0,0.0,0.0,0.0,0.0,0.0,0.0,0.0,0.0,0.0,0.0,0.0,0.0,0.0,0.0,0.0,0.0,0.0,0.0,0.0,0.0,0.0,0.0,0.0,0.0,0.0,0.0,0.0,0.0,0.0,0.0,0.0,0.0,0.0,0.0,0.0,0.0,0.0,0.0,0.0,0.0,0.0,0.0,0.0,0.0,0.0,0.0,0.0,0.0,0.0,0.0,0.0,0.0,0.0,0.0,0.0,0.0,0.0,0.0,0.0,0.0,0.0,0.0,0.0,0.0,0.0,0.0,0.0,0.0,0.0,0.0,0.0,0.0,0.0,0.0,0.0,0.0,0.0,0.0,0.0,0.0,0.0,0.0,0.0,0.0,0.0,0.0,0.0,0.0,0.0,0.0,0.0,0.0,0.0,0.0,0.0,0.0,0.0,0.0,0.0,0.0,0.0,0.0,0.0,0.0,0.0,0.0,0.0,0.0,0.0,0.0,0.0,0.0,0.0,0.0,0.0,0.0,0.0,0.0,0.0,0.0,0.0,0.0,0.0,0.0,0.0,0.0,0.0,0.0,0.0,0.0,0.0,0.0,0.0,0.0,0.0,0.0,0.0,0.0,0.0,0.0,0.0,0.0,0.0,0.0,0.0,0.0,0.0,0.0,0.0,0.0,0.0,0.0,0.0,0.0,0.0,0.0,0.0,0.0,0.0,0.0,0.0,0.0,0.0,0.0,0.0,0.0,0.0,0.0,0.0,0.0,0.0,0.0,0.0,0.0,0.0,0.0,0.0,0.0,0.0,0.0,0.0,0.0,0.0,0.0,0.0,0.0,0.0,0.0,0.0,0.0,0.0,0.0,0.0,0.0,0.0,0.0,0.0,0.0,0.0,0.0,0.0,0.0,0.0,0.0,0.0,0.0,0.0,0.0,0.0,0.0,0.0,0.0,0.0,0.0,0.0,0.0,0.0,0.0,0.0,0.0,0.0,0.0,0.0,0.0,0.0,0.0,0.0,0.0,0.0,0.0,0.0,0.0,0.0,0.0,0.0,0.0,0.0,0.0,0.0,0.0,0.057976633077128414,0.0002075259360270123,2.54688066888667e-12,-0.0001447238715711558,4.634867298578361e-8,4.0135269716284793e-7,0.0032260894587532204,-3.9590309996767615e-8,-0.0013450353281708007,-3.906962958522764e-10,-0.00010496259281154301,-0.0003425098218026939,0.0028923083154947403,-2.616241540977197e-11,0.0020402096615564085,1.0388786963441505e-7,3.3985258650124005e-12,0.00038751173390341146,5.260280875896312e-12,-5.0794586031811844e-8,-1.9781928067402344e-11,0.00034913340294611366,-0.004122831244197646,-0.00418324521681457,4.028262690704679e-5,0.00010116806540475814,-4.5111013173873234e-7,-0.0001738018759463634,-5.314175760481823e-9,-0.008175542615493704,-0.005463252462333001,-0.010902812643682357,1.0811570710608145e-11,-2.2896158349349716e-12,-2.2238508938922657e-9,-1.3073288192231446e-7,-0.0005472784337109568,-1.5433506300374158e-8,0.0027986774314560318,1.7937943152255167e-11,0.0011066413938674146,-0.004219717482606711,0.007878957247692397,5.451231905210938e-9,-0.0003783325288527577,-4.0994676905205574e-12,1.2964262473329818e-6,-2.699232930770423e-10,0.001608589886946362,8.373256903210837e-5,0.000504724315045323,7.534199457604982e-11,0.0011564815578270862,-0.001654463995907048,0.009017988622501232,0.002410366282007203,1.0870420473505976e-11,-3.088467313284609e-8,-8.604396716330719e-10,0.0008544965707801617,0.0009854796633185926,9.774677982394416e-5,4.908984331921863e-7,-0.015148832604805687,4.315296977966153e-12,8.908772664189173e-10,4.813615675069959e-6,-0.008891415327579498,2.6543219172951995e-9,-3.2537461905902687e-9,0.007409048070200608,-0.0014310921948656103,-1.5302391203728281e-6,-7.439506546737786e-7,3.7742346036815223e-6,-0.0002922162967515351,4.6141634285500486e-10,-1.9023964745548924e-10,-1.4945869505614312e-5,0.0004069941743807599,-2.9445152654478366e-11,2.8547356678322155e-5,-0.0014578309067293824,9.380295464492383e-5,1.3537616558209223e-8,4.2606628191263614e-5,-1.2749244289188092e-9,3.5405387224297944e-8,-2.3548858583948553e-8,-1.864461146474683e-7,-0.00011396060064649336,-7.688410939170828e-7,1.514905629521053e-5,-1.25103534306671e-11,-5.639352676720266e-12,-5.0253479218813535e-6,0.003303839967603222,1.0566937651107092e-12,-6.751023733613373e-10,2.0103625819714075e-10,6.9446655673088325e-9,-2.0085311619170095e-7,0.0008280367226068207,-0.0012625187650641399,-6.012680691089713e-8,-7.636108008772916e-5,-1.902332166886741e-9,-1.0963596231209093e-11,2.0049774380317756e-10,5.9254545961645135e-9,-9.4232028142091e-6,-1.0035807495561355e-11,4.205113228897153e-11,-4.219160801840809e-5,-0.0007490052905141686,2.6899892643091183e-5,-1.4805869318426364e-6,-8.86912100936803e-10,9.893438776180575e-8,-3.808287028574031e-10,6.938160844508142e-6,-1.088810726539528e-11,-0.0029402196128872414,0.0016850634517502322,-6.344365924312251e-11,-1.6628383266606163e-5,1.5758353929143463e-9,-1.873329729516583e-11,5.19571798779983e-10,5.275046467153661e-5,1.260882664613201e-9,4.824407156709381e-5,-5.526849666605641e-6,-9.014689787763048e-11,6.127854394388033e-11,2.6259705004361912e-8,1.3790049103413386e-11,-4.383194955614861e-6,0.0007572425578436668,-1.6801735098050263e-12,-0.0007009105681526005,0.002583598692470611,-3.298348834652647e-11,-0.00010022305035250353,1.597192087148974e-5,1.937596874865114e-8,2.7864591908133146e-8,7.05231726237819e-5,-0.0009446321943612311,-1.4666271782334737e-7,-2.8311559903247963e-11,-0.00047715182937571094,-0.0007728773879309741,-1.8732104984959397e-11,-0.012072841225749543,-3.983529807580516e-8,0.00015182295733906406,-6.201251345278177e-6,2.4770404611022008e-6,-6.618507986470973e-8,8.409612261959343e-10,-8.76710332813859e-9,-0.0011115764834156614,0.00023795286562949618,-5.7021565029381974e-9,-1.8600793260005664e-9,3.93109190083955e-11,-0.00012329596073848594,0.031333432852406175,1.5664579982551053e-12,-5.760935946649031e-11,1.2835783426997613e-7,-2.790311696358966e-12,-2.198243693796098e-9,9.918974430136117e-7,-9.92733064432606e-7,-4.6414931689880314e-8,3.765057488292707e-8,-0.02670770729043811,7.923289603796934e-6,-3.304249600536798e-12,-1.2349815631656783e-5,-9.798219180485392e-7,-1.0174586367593545e-6,0.000287572735825793,-0.00018981779957443593,3.0856878824937097e-11,-5.8067973679732315e-12,-3.612100667642424e-5,0.0002325475258402944,0.00010729822617571967,3.376210601860996e-7,-5.243215958736863e-10,1.637890208323903e-9,0.00046705084442339497,-5.01587381819653e-6,-5.734580359499971e-5,0.00026362454813106046,0.0068119618779888804,2.097000328604216e-9,2.9814576926636343e-5,-3.470558513126078e-8,5.216927522610893e-7,-1.748353797661919e-5,0.014135437347144095,-2.354334643096756e-8,-7.998934705375928e-10,-1.2339140855246246e-8,-7.778833036975162e-5,2.324889940973793e-12,-0.010078609962598175,-6.6384619807933e-10,-0.0013724181600764023,6.752897280861506e-11,-4.607441668979736e-12,0.0009270075400306992,1.1080191445250084e-6,0.0003454833551838362,0.001129010500610058,6.213034320086279e-5,-3.51975504412227e-5,6.660057899582252e-10,-0.0028125443221997115,0.007371994466311087,1.8373825031660054e-7,-0.00019863166700935734,0.005178295995086087,-3.9794725619702816e-7,-0.00279128739137195,2.603493921947448e-10,7.197319830891684e-5,1.5049309653249314e-11,9.641180312039019e-7,-0.0003722596036900255,9.876524602897411e-12,0.0032243948631402934,1.9341668132781333e-5,-8.182660292306163e-6,-8.232408832493746e-13,2.502108856277893e-11,0.0047458600808342665,-0.0016641269271357806,-2.164896809461852e-8,2.0371837678608655e-11,1.4431446305414012e-10,-8.117956070476764e-9,-3.1652859472756363e-7,0.0024602636389522274,-3.468948506255655e-6,-0.004937370942675982,-1.2724793436228164e-11,-6.08236423776687e-7,6.934547702680971e-9,-2.7523062851249e-7,0.003954517832066745,3.1808123798754835e-5,8.959098478410968e-10,-1.2820604517361108e-7,-9.796332726701053e-5,-3.698195557013765e-5,1.1273083238757168e-9,0.002554633229081104,-0.0011706516627990225,3.6288169170489035e-9,8.790433094415049e-7,-1.6069689088127744e-6,1.248083501907822e-7,3.048295859243776e-12,-0.00027873906211892384,1.3300446101816814e-7,-1.2817631080789546e-5,0.0013716226183729883,-5.069937157287832e-5,0.002166854541719505,8.61183816918535e-8,-1.6257494731853555e-10,-1.726718687397403e-11,-0.000269185604867457,6.518697014999083e-5,0.0017279642482988602,0.00014489724652099083,5.428790060594075e-10,-3.3749171675185207e-6,-1.91923307285189e-11,1.5921016189230406e-7,-1.2862265089190911e-8,7.575700604491641e-11,-0.007308754160853719,5.1096259998361155e-9,-0.00040297453839114396,0.0007754676553820013,-0.0010944412438092237,1.9668140704472275e-12,-0.0015664773309491734,-1.6797554150165196e-6,0.000327833673958331,0.00023458606583407306,-0.0008796129982167512,9.108514006770589e-9,6.884877349296009e-7,-6.593277721235655e-12,1.241984758629137e-12,2.2483408145214866e-12,0.0015795543513865721,-2.173045852628212e-12,1.3037846576979782e-5,0.0028456139221096064,0.001931185014703623,-0.0001739565234057379,-9.607149033690107e-7,0.00015529191572714754,5.537356504519826e-13,0.0001648239947933399,0.002021845119982614,-1.1130505931973303e-5,-0.005932190331090377,-0.0011854330087611793,-0.0036433505312415087,-2.166800616029606e-12,0.0005297764188287846,-1.3886464098260707e-8,-4.955268422940595e-6,-9.225683710354629e-6,1.1010931981022737e-7,-1.333099785783072e-9,-4.287061546455276e-6,1.486725508826226e-11,-4.896697495824705e-5,0.011704091423680008,6.602020501661431e-10,4.865650560897993e-7,1.1931787533445327e-7,-0.00012970383611740188,4.3865850358381323e-7,6.15330472896098e-5,-9.476484133390769e-11,-1.5414983650460304e-7,2.4857961187668316e-5,2.849575997556616e-9,0.0004033998971874821,-8.309332947157959e-10,-0.005516651261070319,0.0030959280499906956,-2.2371211696942233e-5,-4.016864289819785e-10,-1.9759075183124042e-8,-3.22001557425738e-8,5.243685609065537e-7,3.366974792234752e-5,-9.008605921886704e-10,2.70070894229629e-10,1.910944516477249e-5,0.007004691991122373,-2.1890912820125042e-10,4.888098185968729e-7,1.9368552391122038e-7,-0.00038778562796942963,-0.00012700011471811657,3.5082628801748726e-11,-7.772310225095208e-12,-0.0028189493945084748,0.00010531696108063803,5.693612112239531e-7,-2.259568979615609e-9,-5.438272269416951e-7,-0.0009979732145680095,-1.6859201600738277e-6,1.2267574832437534e-9,-1.2276005454072423e-8,-0.0005426877233682645,-0.004795957159848522,-0.00014228706007827428,-0.0012099021350662398,0.0006761342715924509,9.128089508843033e-5,-1.5304177884492278e-10,1.6795679814042024e-11,0.0004186194195914717,-1.8424655365597415e-5,-2.8831111314316496e-12
0.0,0.0,0.0,0.0,0.0,0.0,0.0,0.0,0.0,0.0,0.0,0.0,0.0,0.0,0.0,0.0,0.0,0.0,0.0,0.0,0.0,0.0,0.0,0.0,0.0,0.0,0.0,0.0,0.0,0.0,0.0,0.0,0.0,0.0,0.0,0.0,0.0,0.0,0.0,0.0,0.0,0.0,0.0,0.0,0.0,0.0,0.0,0.0,0.0,0.0,0.0,0.0,0.0,0.0,0.0,0.0,0.0,0.0,0.0,0.0,0.0,0.0,0.0,0.0,0.0,0.0,0.0,0.0,0.0,0.0,0.0,0.0,0.0,0.0,0.0,0.0,0.0,0.0,0.0,0.0,0.0,0.0,0.0,0.0,0.0,0.0,0.0,0.0,0.0,0.0,0.0,0.0,0.0,0.0,0.0,0.0,0.0,0.0,0.0,0.0,0.0,0.0,0.0,0.0,0.0,0.0,0.0,0.0,0.0,0.0,0.0,0.0,0.0,0.0,0.0,0.0,0.0,0.0,0.0,0.0,0.0,0.0,0.0,0.0,0.0,0.0,0.0,0.0,0.0,0.0,0.0,0.0,0.0,0.0,0.0,0.0,0.0,0.0,0.0,0.0,0.0,0.0,0.0,0.0,0.0,0.0,0.0,0.0,0.0,0.0,0.0,0.0,0.0,0.0,0.0,0.0,0.0,0.0,0.0,0.0,0.0,0.0,0.0,0.0,0.0,0.0,0.0,0.0,0.0,0.0,0.0,0.0,0.0,0.0,0.0,0.0,0.0,0.0,0.0,0.0,0.0,0.0,0.0,0.0,0.0,0.0,0.0,0.0,0.0,0.0,0.0,0.0,0.0,0.0,0.0,0.0,0.0,0.0,0.0,0.0,0.0,0.0,0.0,0.0,0.0,0.0,0.0,0.0,0.0,0.0,0.0,0.0,0.0,0.0,0.0,0.0,0.0,0.0,0.0,0.0,0.0,0.0,0.0,0.0,0.0,0.0,0.0,0.0,0.0,0.0,0.0,0.0,0.0,0.0,0.0,0.0,0.0,0.0,0.0,0.0,0.0,0.0,0.0,0.0,0.0,0.0,0.0,0.0,0.0,0.0,0.0,0.0,0.0,0.0,0.0,0.0,0.0,0.0,0.0,0.0,0.0,0.0,0.0,0.0,0.0,0.0,0.0,0.0,0.0,0.0,0.0,0.0,0.0,0.0,0.0,0.0,0.0,0.0,0.0,0.0,0.0,0.0,0.0,0.0,0.0,0.0,0.0,0.0,0.0,0.0,0.0,0.0,0.0,0.0,0.0,0.0,0.0,0.0,0.0,0.0,0.0,0.0,0.0,0.0,0.0,0.0,0.0,0.0,0.0,0.0,0.0,0.0,0.0,0.0,0.0,0.0,0.0,0.0,0.0,0.0,0.0,0.0,0.0,0.0,0.0,0.0,0.0,0.0,0.0,0.0,0.0,0.0,0.0,0.0,0.0,0.0,0.0,0.0,0.0,0.0,0.0,0.0,0.0,0.0,0.0,0.0,0.0,0.0,0.0,0.0,0.0,0.0,0.0,0.0,0.0,0.0,0.0,0.0,0.0,0.0,0.0,0.0,0.0,0.0,0.0,0.0,0.0,0.0,0.0,0.0,0.0,0.0,0.0,0.0,0.0,0.0,0.0,0.0,0.0,0.0,0.0,0.0,0.0,0.0,0.0,0.0,0.0,0.0,0.0,0.0,0.0,0.0,0.0,0.0,0.0,0.0,0.0,0.0,0.0,0.0,0.0,0.0,0.0,0.0,0.0,0.0,0.0,0.0,0.0,0.0,0.0,0.0,0.0,0.0,0.0,0.0,0.0,0.0,0.0,0.0,0.06293392788503567,1.4697945987470333e-10,0.001894505615268363,6.883133620628154e-6,-8.665244638508243e-5,-0.00010367827332356436,-2.3929939512868697e-6,0.00012457996087812274,-1.544610004961461e-9,4.065177279737399e-6,-1.3778744359818857e-5,0.0004587560790460188,-1.1089743894599051e-8,-5.67750456705417e-5,-1.5425518455670913e-7,6.520693712125037e-10,-2.78544620960993e-6,-2.3901586651567405e-9,-7.411072198217308e-6,-1.4495019122404736e-8,-0.016136254786179575,8.986214932680846e-5,-1.995814220576055e-5,7.767439576279787e-5,3.1080490942058137e-7,-7.451494236206519e-6,-2.112518708307349e-6,3.30659350572598e-7,9.505579085631651e-5,-0.0004750960497033672,-0.00062023745956518,-5.864571311838e-10,2.520138160664204e-10,-1.1980454905776573e-7,7.158446303134556e-5,0.0024089788153668487,2.9236446751077896e-8,-9.207946354535297e-6,2.369188286787999e-10,-0.010121693364210572,-1.318745862703923e-5,0.0014055323688462315,-1.665763098911944e-7,3.5832853959458492e-6,3.5163036013815768e-9,7.876988100488678e-5,-1.2011139270337709e-8,-6.123914754020901e-5,2.812687165246582e-6,1.6277851725041248e-5,1.142686674575235e-8,9.110342986599706e-6,-4.5205186779409435e-5,8.200937517466903e-6,0.0012537200251198644,2.6556598839521244e-9,-2.2574959685106348e-5,-4.6257539498464194e-7,-1.9560847942474312e-5,-3.120627827634961e-5,-1.4069055936434635e-6,3.7493846387456825e-6,-5.077080803251695e-5,5.279866969024928e-10,2.422358707562995e-5,0.00018545431164614668,-2.190859588951932e-5,1.5126667732248754e-7,-2.1284663183976934e-6,0.00014648820701559419,-0.00041697234985235134,-0.00010288776248883178,0.00038614765864373676,-0.0013126761545020327,-0.005265093077284345,-2.1817199201092048e-7,2.9498200093118635e-8,4.347293601528505e-6,0.0005279159280866745,-5.466156280245459e-9,0.0005838091150687456,-0.0005008832447428443,0.019303773856783276,-1.0645503957823425e-5,0.001000862289532741,5.539722685163201e-8,7.576200991971271e-6,-1.2024529139836934e-6,-1.3675750094929153e-5,-3.516333182910095e-6,-6.181058668310943e-5,-0.000812660105119789,2.1779080039170332e-8,1.295401143316326e-10,-0.00024633451468196444,-3.7280656302396254e-5,-6.742925540779353e-10,-8.184778365493386e-8,1.628409774629921e-8,6.9324187152706e-7,8.630467451034066e-6,1.6622336417442485e-5,-0.0026316510200640525,-9.342404006192548e-6,-0.021562782786841594,-4.1687388472144356e-8,2.023288907838286e-8,2.0624812335858206e-8,1.5526358690383896e-7,0.0032595374410799094,-4.514018210545617e-10,8.6055411402948e-9,-0.00585839340806802,7.142959037123968e-6,-0.02254885909941251,-0.00012297331622197454,6.002930592617034e-8,-1.4762641601719663e-5,-1.067367002948518e-7,0.001039780486247819,-2.749486258331405e-10,0.0024421892953518302,0.0015065891958385,7.027095297058912e-8,-0.0012885532938513643,2.1557109290968618e-7,-1.3192316193017553e-9,-7.712187719089775e-8,6.671874038793905e-7,9.330549723109992e-8,0.0006757192301400981,-0.0019798283319122055,-2.8163659127910095e-8,8.138556348959853e-9,4.318979321073793e-6,3.3269461301510427e-9,0.0002194337147724109,4.347050308075857e-6,-3.0169914482445006e-10,-0.0002513564899181183,-4.6801742995316566e-5,-1.8768924691208197e-9,-3.6336271221378607e-6,-0.00020553653801836283,1.7046691065387974e-6,-3.8089391953450334e-6,-2.4817675278699233e-6,-0.01913297078861322,-1.530332111234311e-5,-7.418389897655641e-9,8.840916742535501e-6,-7.4339889718318476e-6,-3.9169687259657325e-9,6.459885941137652e-5,2.813249277340582e-7,-0.006732098904038257,-0.0002339992712272379,0.00020491391336845317,-2.335598961098705e-6,2.302202643019428e-7,1.5110900697211034e-6,-0.0031473965222978757,0.025630895488130193,-3.030900814378026e-7,-1.8273170141029658e-8,-1.4843284802381922e-7,9.61936816580947e-7,0.00018157457820058867,1.1948042287124e-10,-1.6341139972471352e-9,7.67243113264734e-6,6.591429035810346e-11,-2.2466618427605e-7,6.809501472488958e-5,-0.00010804164913373063,-2.2463985905924275e-6,1.410138779240064e-5,1.3962057608517877e-5,-0.0003337173986430719,5.742838701813323e-11,-2.962541659216253e-7,3.320047457306612e-5,0.00016817561339189222,0.03057077546809839,-0.006747778404656715,3.85037645790307e-9,-1.0217378811891545e-9,9.116204263970298e-7,1.2030441527099675e-5,4.811360155946068e-7,2.453801630021351e-5,-6.057636049574336e-8,-1.4474366318851063e-7,0.005042776557473403,0.0013009165575654702,1.227831389411028e-6,0.02615403371713033,-0.0004499262472835558,4.225308081894515e-8,-1.001139190029286e-6,-9.491470024498244e-6,-9.197051455492004e-5,-0.0007232351007880682,-0.001284315322205519,3.204596889855307e-7,2.5300923671612734e-7,-5.082946201380618e-6,1.2161489490873898e-5,4.2768777589184e-10,0.0001996401953172092,-5.850758744548205e-8,-0.0003157742644578439,-3.000560396203741e-8,-5.767352981852453e-10,-0.00014428788055559106,-7.050217055659653e-5,-0.0054351461956095,-0.000870289084294904,-0.000989473840735981,0.0022247507253289264,4.127977933444141e-8,1.8343510371262915e-6,-5.845282988006307e-5,2.2158064105008374e-5,-0.009013102202760331,-0.000179892300633037,0.00013507257073443505,0.0015814965203738178,-1.1567435909221575e-7,-0.0006016523334716928,-4.921215102760398e-9,6.038531360158264e-5,1.1844748770494427e-5,-7.498292852340457e-10,0.0001875426905422745,-5.509028577116058e-7,-0.0001303998545853586,9.119866153567314e-10,-1.767961828208387e-8,-4.5794672307236794e-5,-0.00014111237395085044,-4.6198273442265715e-6,3.12189257608551e-9,4.838273990291543e-9,3.993143064604539e-7,-3.344139514911203e-5,-8.574552401365953e-6,6.274026141846167e-5,9.056514004612271e-5,-1.5225730908421867e-9,-0.0007092739847973147,8.019444012817203e-7,-2.539901593582779e-5,-5.0851548979147655e-5,-0.0004638401724002288,2.064508613009422e-7,5.531724500028631e-7,0.0017619678737646896,-0.0017505989168069517,8.986965984558635e-8,-2.1282249459145907e-5,-0.00014703849689975075,3.503931218586563e-8,8.289487712995879e-6,-9.920853385996328e-5,-1.2876821306812738e-5,-2.142422071233922e-9,0.0001348705763736171,2.3107227720059614e-5,-2.0296690408235652e-8,2.449176521520339e-5,-0.001317768180696648,-7.585494500134429e-5,-6.488182644667337e-6,-1.352714002401172e-8,-1.6929265870976896e-9,-0.005943671536357267,-0.03417157409889479,0.00022499594607813282,-6.993274565830685e-9,2.10729027011915e-8,0.00013237269220467158,-1.2555134536117644e-9,-5.725180347276982e-6,-2.1734763554503834e-6,1.2536254971809595e-8,0.000428593750252812,-6.970614509720392e-7,0.0027894763873606474,0.0018652205385101643,-0.0005645254634424373,1.1879340016826258e-10,-1.8384279114281792e-5,0.0007236411478413499,0.003513625473678383,4.468916859009956e-6,2.6940911777145334e-5,2.171596366141351e-5,0.00016723663486444392,-1.6158034406911067e-9,9.066290053637786e-11,1.0250240880287055e-10,5.823250978799817e-5,2.6692119935295037e-9,-0.011235866882089551,0.0003566782769945109,0.0025338033332084,3.0892045631383096e-6,-0.000519753665273616,5.168767348710105e-5,3.0872980448164383e-13,0.014331835850487253,0.002131805285678007,0.0011485301768152424,9.456255142424937e-5,1.7410915340438185e-5,8.900963642944886e-5,-2.732093407306279e-10,4.419180226670379e-5,5.416550267294363e-7,0.00013194667600460318,-1.4040439175755352e-6,1.6189653303228146e-5,-1.0463949725309663e-7,0.0016555693121763147,1.2373269517379503e-9,-0.022728559600777198,-4.542806364631568e-5,-3.4987368905600093e-7,3.376571967342658e-5,2.8335879405466324e-5,0.00016760062829018836,-1.16477291901633e-5,-7.088132383904474e-7,1.3803658335407638e-8,6.403006666422078e-5,-0.003715062417518237,8.449700490747193e-8,-4.3438659914767335e-5,4.440215024631803e-8,3.38352516550456e-5,0.00012428686055554757,-1.098666333217739e-6,-6.926208500662922e-8,1.0434146563549416e-6,-7.259013132049363e-5,4.001432142170701e-5,3.5225573005271116e-6,-2.8870483744142927e-7,3.196638145176605e-8,-0.0004063606745990528,-0.0001100982136874013,-1.7277409398450642e-8,8.72787196534239e-6,-0.00012481698485994732,0.00432060631490285,-0.004965555871129237,-8.434000799324764e-9,4.901247842279359e-11,-1.9295170668616132e-5,0.03617446226839746,0.00020702028126170203,-2.2856529812816279e-7,-6.856833576085002e-5,0.0006176421454697511,-7.899956271358304e-5,-1.0431367392149607e-7,-6.363056456585467e-7,3.4922464585548912e-6,-7.635798090131495e-5,-0.0003751727017611263,0.0011039986829900392,-0.005497080618182629,0.002412800263308265,-6.341971153556997e-9,1.35107388543913e-9,2.466962541987387e-6,-0.0012449319052193757,-5.502793401485445e-10
0.0,0.0,0.0,0.0,0.0,0.0,0.0,0.0,0.0,0.0,0.0,0.0,0.0,0.0,0.0,0.0,0.0,0.0,0.0,0.0,0.0,0.0,0.0,0.0,0.0,0.0,0.0,0.0,0.0,0.0,0.0,0.0,0.0,0.0,0.0,0.0,0.0,0.0,0.0,0.0,0.0,0.0,0.0,0.0,0.0,0.0,0.0,0.0,0.0,0.0,0.0,0.0,0.0,0.0,0.0,0.0,0.0,0.0,0.0,0.0,0.0,0.0,0.0,0.0,0.0,0.0,0.0,0.0,0.0,0.0,0.0,0.0,0.0,0.0,0.0,0.0,0.0,0.0,0.0,0.0,0.0,0.0,0.0,0.0,0.0,0.0,0.0,0.0,0.0,0.0,0.0,0.0,0.0,0.0,0.0,0.0,0.0,0.0,0.0,0.0,0.0,0.0,0.0,0.0,0.0,0.0,0.0,0.0,0.0,0.0,0.0,0.0,0.0,0.0,0.0,0.0,0.0,0.0,0.0,0.0,0.0,0.0,0.0,0.0,0.0,0.0,0.0,0.0,0.0,0.0,0.0,0.0,0.0,0.0,0.0,0.0,0.0,0.0,0.0,0.0,0.0,0.0,0.0,0.0,0.0,0.0,0.0,0.0,0.0,0.0,0.0,0.0,0.0,0.0,0.0,0.0,0.0,0.0,0.0,0.0,0.0,0.0,0.0,0.0,0.0,0.0,0.0,0.0,0.0,0.0,0.0,0.0,0.0,0.0,0.0,0.0,0.0,0.0,0.0,0.0,0.0,0.0,0.0,0.0,0.0,0.0,0.0,0.0,0.0,0.0,0.0,0.0,0.0,0.0,0.0,0.0,0.0,0.0,0.0,0.0,0.0,0.0,0.0,0.0,0.0,0.0,0.0,0.0,0.0,0.0,0.0,0.0,0.0,0.0,0.0,0.0,0.0,0.0,0.0,0.0,0.0,0.0,0.0,0.0,0.0,0.0,0.0,0.0,0.0,0.0,0.0,0.0,0.0,0.0,0.0,0.0,0.0,0.0,0.0,0.0,0.0,0.0,0.0,0.0,0.0,0.0,0.0,0.0,0.0,0.0,0.0,0.0,0.0,0.0,0.0,0.0,0.0,0.0,0.0,0.0,0.0,0.0,0.0,0.0,0.0,0.0,0.0,0.0,0.0,0.0,0.0,0.0,0.0,0.0,0.0,0.0,0.0,0.0,0.0,0.0,0.0,0.0,0.0,0.0,0.0,0.0,0.0,0.0,0.0,0.0,0.0,0.0,0.0,0.0,0.0,0.0,0.0,0.0,0.0,0.0,0.0,0.0,0.0,0.0,0.0,0.0,0.0,0.0,0.0,0.0,0.0,0.0,0.0,0.0,0.0,0.0,0.0,0.0,0.0,0.0,0.0,0.0,0.0,0.0,0.0,0.0,0.0,0.0,0.0,0.0,0.0,0.0,0.0,0.0,0.0,0.0,0.0,0.0,0.0,0.0,0.0,0.0,0.0,0.0,0.0,0.0,0.0,0.0,0.0,0.0,0.0,0.0,0.0,0.0,0.0,0.0,0.0,0.0,0.0,0.0,0.0,0.0,0.0,0.0,0.0,0.0,0.0,0.0,0.0,0.0,0.0,0.0,0.0,0.0,0.0,0.0,0.0,0.0,0.0,0.0,0.0,0.0,0.0,0.0,0.0,0.0,0.0,0.0,0.0,0.0,0.0,0.0,0.0,0.0,0.0,0.0,0.0,0.0,0.0,0.0,0.0,0.0,0.0,0.0,0.0,0.0,0.0,0.0,0.0,0.0,0.0,0.0,0.0,0.0,0.0,0.0,0.0,0.0,0.0,0.0,0.0,0.05558165902327879,-9.615547323372816e-10,-2.1320174930487716e-6,1.3590228680493724e-7,1.0405085611128665e-12,-1.4086559544707714e-5,2.5219327173623615e-11,0.0009319921128808537,1.2597027273761484e-14,1.4396514791520612e-13,-2.4575379151587034e-11,-0.00028435086146588674,2.587293829289489e-12,5.697871951894871e-6,0.006893166269184426,7.339237551344553e-14,0.0186034222222795,1.3885320313121988e-7,-0.002903706734657123,1.2873419256610366e-11,-1.7011001257354547e-14,4.5453568484017997e-13,-5.823491509254578e-9,1.2930401425613984e-14,-5.853577723158162e-7,-1.6556938197889327e-14,-1.8912837856922125e-7,9.976604611053009e-15,-5.888916223904833e-13,6.914959514300719e-12,-0.026388977636704274,-0.00021511984040327404,2.691052473513117e-5,1.465431917819216e-7,1.1926958242009996e-10,3.959715943318107e-6,1.760125836989285e-14,-0.00719504829366687,5.065910162967592e-11,-3.0882115437022846e-12,9.667130723298626e-12,3.80967418088513e-5,1.1500102055630651e-14,-0.00041048578214820356,-6.111275496810929e-9,-0.0003588599444381176,-5.728946465902058e-13,5.334919519021748e-14,-2.0481112009253607e-13,0.004373040379396871,1.3002479774363572e-13,-2.3403762886777253e-14,1.9100789477478386e-14,-1.813610912282717e-12,-0.005256514938818183,5.450139572790895e-7,-1.2640538251714146e-5,-2.0119321718855825e-13,-7.084148429802442e-14,-7.366260010463286e-15,2.5276489225572084e-7,-6.213000003644983e-13,-0.00025943279730646985,1.2590559703228825e-8,-1.5305257335477735e-8,5.188737519820538e-13,0.00017417690732988118,6.888460276872309e-6,-3.7545495553813e-12,-6.577038360795639e-12,2.6353450141873644e-8,2.563261863478833e-8,9.607982539921371e-9,2.536631267110512e-10,-6.107721467069635e-5,-7.973242354115656e-5,2.0080380448247142e-14,5.6092968450544714e-12,1.1118966215501201e-5,3.7092607494520316e-9,3.535663236957185e-12,7.211502709290609e-10,1.753265761782584e-7,-2.2232666482607987e-9,-3.6769317012936778e-6,4.872665403203119e-7,-5.326528131582232e-6,-2.0066989578931387e-7,-9.048092348795778e-15,-9.402862350987923e-8,-7.180219024012075e-11,-8.995690611794952e-6,-0.007002655178609208,-5.5578858086875025e-9,-1.9375214237308545e-13,-0.02071912062800811,6.403027691157814e-6,0.00024411179586551166,7.291953106739112e-5,-1.607418309270501e-6,6.31443567190222e-13,7.472006590132657e-12,-6.784896002866643e-7,1.6179226913241504e-9,2.5181456629819113e-5,0.0001922068746683756,-0.0009091472186072061,1.7160246916534153e-5,-4.669468814527445e-9,0.011501099281104805,0.0008856983078072305,-1.2072654940770577e-10,-1.677224836704662e-13,7.473178252090567e-10,-3.258776323705811e-8,-0.0001104261963768917,3.015043545652279e-6,-0.0003390007036903005,6.444114455320646e-10,0.002185795637194616,-5.288311200233922e-12,-3.879525448354951e-12,0.00015155411579106197,1.3898567579005232e-8,9.687239428193058e-5,0.0008473664552708673,-3.293811046087084e-5,-1.700461317933951e-14,-1.8848991793744394e-5,1.6666578825349423e-9,-2.6024981137689955e-10,-0.00033022917840380776,0.002051218805674968,-7.554726671349174e-6,-0.00034021720376107737,1.4168564897135217e-8,1.2747133178517395e-14,-0.0014496318177565067,-5.554529075311525e-13,7.055780061046049e-13,0.0018873416259230598,5.779946349165229e-15,5.991500808042837e-9,5.0581848121256765e-6,3.2594155546485985e-6,9.062252042652615e-14,2.696405213562673e-11,1.744097380201618e-7,0.0018849496781625221,-1.3042493763841226e-13,-7.956107222401038e-13,-0.006774489637355299,-4.342846632095454e-12,1.542687817469727e-6,6.46221470741866e-11,-6.031580824825103e-10,6.467542490177144e-9,1.3014410592833752e-6,-6.97529948326366e-5,-7.950853976882825e-6,-4.795206915771376e-12,1.7836407258202459e-10,5.968044365497473e-7,2.1211690807203755e-5,-0.0002093516433130737,-4.313394758816575e-15,4.2843307737852516e-12,0.006291581956193618,-0.00120219180044171,-5.072448788782351e-7,-0.026745823562649342,4.2805249388443626e-5,2.096582380009594e-7,3.795714755332412e-8,-3.6258022701967804e-7,-1.733216138831833e-7,6.609065174137918e-12,5.388615076998614e-9,0.00014766559738236382,-6.97908390411801e-16,1.4884182317757915e-8,2.7341857250308604e-9,-2.2518651670937588e-10,6.127486851798163e-11,0.011106608664453723,-0.042575795526028595,4.524974865039096e-15,-1.1158471776867291e-13,-8.47809800442775e-15,-8.032662367031616e-8,-0.0001308204604335715,-4.68505080397504e-6,-3.041727236727735e-11,3.24908222220202e-10,-8.093299596197344e-15,2.0140141776776163e-10,-1.3049477198046194e-11,3.474259856881808e-5,1.2350548047177694e-14,1.647608947424361e-6,-2.1944821906904503e-8,2.384097169673108e-9,3.073995707053942e-12,1.1477997367863597e-6,1.2614716126532721e-5,-6.379192425397008e-7,-7.838213551447179e-15,0.010357839680049245,-1.2619867983232043e-11,0.00042635377439936096,2.6873285546017612e-12,-0.00021884192138437022,0.006449448911451252,7.774108555451309e-12,-5.373272573564801e-9,6.575691807996474e-11,1.3789028452441514e-11,2.8473603981997445e-9,-6.689489498437111e-10,-2.3358192140511793e-5,1.0011822231310477e-13,-2.344141882312968e-13,5.350156747838148e-7,-1.6614361282859437e-10,1.982186967550854e-12,3.530613204311484e-9,4.22511912344675e-11,3.2544358629911835e-6,1.082923516889025e-9,0.0005624888649411339,-1.113828654918599e-8,5.983639850623799e-14,-0.0022893273694868546,2.5596056842700053e-12,-6.5820505970981685e-15,-4.219832480994361e-9,0.001359922325759659,4.657386128069252e-5,-3.384247081266455e-13,2.1915911285644705e-12,-2.0606147387806058e-6,-0.0006530605256148846,-0.0005350328865742874,-2.446408323849633e-6,-3.260258742478008e-8,-7.338518993599628e-13,6.40748716708629e-9,1.200680936520829e-12,-0.019541983687990223,-1.9315649235296615e-9,5.443501430102167e-7,3.121131402758498e-7,2.643792244788082e-13,-7.18501678017618e-10,-4.876020625532427e-5,1.134033375714405e-7,1.5774736389475585e-10,-5.470540798536235e-11,-2.1861714361371317e-6,-2.7462342708970834e-13,-2.4843116908598276e-12,1.4746314514908313e-5,1.45942847707482e-7,2.9098499175166143e-8,4.821145078991496e-7,-0.0010786813530564163,-1.038393073022017e-14,2.0395469387793023e-8,-9.436069354783224e-16,-3.434261976156701e-13,-4.0889280240484956e-10,-4.115365161562564e-13,1.0278040614539857e-6,-0.0010953603018024301,-0.0016004076382558968,-9.943513105647511e-12,-6.416014555649875e-10,9.834794151245265e-12,-1.0000736817727366e-14,6.47635938508397e-5,6.396357118246651e-9,-0.0014766068046822647,4.573355494756934e-6,-5.265614755681264e-6,0.0014271252910518174,-4.2719352214002327e-13,2.3135611292529492e-5,9.24046094322911e-11,-8.086133801784635e-11,-1.4336609426121578e-12,-0.00021253559516356402,-9.990528926993664e-14,1.1424757550720581e-8,8.333728068098859e-12,-7.256471716132214e-14,1.2019291185615716e-13,-3.369650576318672e-7,-2.6511402643253224e-9,-0.01885278505620522,-0.006340931578225259,0.028024868376651125,4.07506717950588e-11,0.002278551737674865,-9.546163767037867e-11,7.0496694982395075e-12,-4.440783495684408e-12,-3.631283483711358e-14,-2.0900197656483525e-10,5.440789767447555e-13,-0.00021520555857864799,-2.830102966207089e-10,3.859972614179119e-11,5.5776537572480874e-9,-2.3101312096900547e-13,-9.923512299703058e-14,5.626160028412079e-13,-0.0035938852720133465,-2.816464382237688e-11,3.965332862082887e-6,-2.4273436436708684e-9,6.533461772229387e-15,-2.4891258622794353e-7,-2.5926643294867694e-6,-5.771689739499326e-10,0.009248054046649891,7.541430219595452e-10,-1.8737628293138853e-12,1.1530630908274769e-5,1.0871180555594941e-7,-2.4221428471258205e-8,-2.4092646192925164e-12,4.748871310779201e-8,-9.461262810792287e-15,0.00013988097626985827,-7.821136362948269e-8,-3.3688932289806475e-11,-1.2807945696062736e-5,-3.0857955100171307e-13,-5.6033666079337536e-5,-1.972738063924953e-13,9.510455138138695e-13,-4.855407583800181e-15,4.757662571667481e-5,-1.732839094375435e-6,-2.0075643248935687e-8,3.272234311062944e-8,3.333708950567432e-14,1.781828839296738e-5,9.110132935322019e-6,4.668876658487228e-9,8.814866239250923e-12,-7.069922048245306e-5,-7.477909872595083e-8,1.5233805477167223e-8,-3.7218157704101796e-11,3.668692914042662e-13,0.0010262412223670616,0.014325290346461421,1.1975996554544533e-12,-1.7670008749984118e-10,7.3084448512924295e-9,-1.595255927842314e-5,1.7533164736924608e-8,6.727395667054838e-12,1.1726288449786618e-8,2.227667570614283e-6,5.356920689976929e-7,2.1797269055207022e-13,1.789868086521903e-12,6.102085852802943e-11,-3.0572371059267603e-11,-7.631936512133119e-11,-3.299705571747065e-11,-0.0007224264596724075,0.0010583374156850835,1.1519341087698448e-15,2.3068080204596995e-9,0.003986039052310199
0.0,0.0,0.0,0.0,0.0,0.0,0.0,0.0,0.0,0.0,0.0,0.0,0.0,0.0,0.0,0.0,0.0,0.0,0.0,0.0,0.0,0.0,0.0,0.0,0.0,0.0,0.0,0.0,0.0,0.0,0.0,0.0,0.0,0.0,0.0,0.0,0.0,0.0,0.0,0.0,0.0,0.0,0.0,0.0,0.0,0.0,0.0,0.0,0.0,0.0,0.0,0.0,0.0,0.0,0.0,0.0,0.0,0.0,0.0,0.0,0.0,0.0,0.0,0.0,0.0,0.0,0.0,0.0,0.0,0.0,0.0,0.0,0.0,0.0,0.0,0.0,0.0,0.0,0.0,0.0,0.0,0.0,0.0,0.0,0.0,0.0,0.0,0.0,0.0,0.0,0.0,0.0,0.0,0.0,0.0,0.0,0.0,0.0,0.0,0.0,0.0,0.0,0.0,0.0,0.0,0.0,0.0,0.0,0.0,0.0,0.0,0.0,0.0,0.0,0.0,0.0,0.0,0.0,0.0,0.0,0.0,0.0,0.0,0.0,0.0,0.0,0.0,0.0,0.0,0.0,0.0,0.0,0.0,0.0,0.0,0.0,0.0,0.0,0.0,0.0,0.0,0.0,0.0,0.0,0.0,0.0,0.0,0.0,0.0,0.0,0.0,0.0,0.0,0.0,0.0,0.0,0.0,0.0,0.0,0.0,0.0,0.0,0.0,0.0,0.0,0.0,0.0,0.0,0.0,0.0,0.0,0.0,0.0,0.0,0.0,0.0,0.0,0.0,0.0,0.0,0.0,0.0,0.0,0.0,0.0,0.0,0.0,0.0,0.0,0.0,0.0,0.0,0.0,0.0,0.0,0.0,0.0,0.0,0.0,0.0,0.0,0.0,0.0,0.0,0.0,0.0,0.0,0.0,0.0,0.0,0.0,0.0,0.0,0.0,0.0,0.0,0.0,0.0,0.0,0.0,0.0,0.0,0.0,0.0,0.0,0.0,0.0,0.0,0.0,0.0,0.0,0.0,0.0,0.0,0.0,0.0,0.0,0.0,0.0,0.0,0.0,0.0,0.0,0.0,0.0,0.0,0.0,0.0,0.0,0.0,0.0,0.0,0.0,0.0,0.0,0.0,0.0,0.0,0.0,0.0,0.0,0.0,0.0,0.0,0.0,0.0,0.0,0.0,0.0,0.0,0.0,0.0,0.0,0.0,0.0,0.0,0.0,0.0,0.0,0.0,0.0,0.0,0.0,0.0,0.0,0.0,0.0,0.0,0.0,0.0,0.0,0.0,0.0,0.0,0.0,0.0,0.0,0.0,0.0,0.0,0.0,0.0,0.0,0.0,0.0,0.0,0.0,0.0,0.0,0.0,0.0,0.0,0.0,0.0,0.0,0.0,0.0,0.0,0.0,0.0,0.0,0.0,0.0,0.0,0.0,0.0,0.0,0.0,0.0,0.0,0.0,0.0,0.0,0.0,0.0,0.0,0.0,0.0,0.0,0.0,0.0,0.0,0.0,0.0,0.0,0.0,0.0,0.0,0.0,0.0,0.0,0.0,0.0,0.0,0.0,0.0,0.0,0.0,0.0,0.0,0.0,0.0,0.0,0.0,0.0,0.0,0.0,0.0,0.0,0.0,0.0,0.0,0.0,0.0,0.0,0.0,0.0,0.0,0.0,0.0,0.0,0.0,0.0,0.0,0.0,0.0,0.0,0.0,0.0,0.0,0.0,0.0,0.0,0.0,0.0,0.0,0.0,0.0,0.0,0.0,0.0,0.0,0.0,0.0,0.0,0.0,0.0,0.0,0.0,0.0,0.0,0.0,0.0,0.0,0.0,0.0,0.0,0.0,0.0,0.0,0.0,0.0,0.056173650870415,2.950940122818184e-6,4.845280168204365e-5,-4.515249255791208e-5,1.366014962583524e-5,-0.0005856362991283749,-9.865961662844228e-9,-2.032432616966595e-6,-3.442303159685761e-6,-0.00036019908304381814,4.942078161742995e-10,-0.00013982237693946966,-2.941182425921247e-5,-2.261238614220284e-9,-4.000634031273486e-6,-4.073103443727837e-10,2.5538200853877914e-5,3.3962609530194743e-8,-0.00746582476130632,-1.5240563658968534e-5,-2.352645875874499e-5,-0.005332634264079659,4.108390525007312e-7,9.349799905930812e-5,8.47009213674564e-7,1.2606311994076696e-6,6.0443184819295275e-6,0.0003837125655832999,-5.0187140945876524e-5,2.080249455615645e-9,2.717249598780979e-10,4.766136706625228e-8,-0.00021000457640470217,-0.0064535868267591445,1.921311663404387e-6,3.2257744451589674e-6,-1.268553755819893e-9,-0.002143599222685969,-1.7537171294016484e-6,-0.0004347073855337971,-3.4800985786971165e-8,-2.537829954487397e-6,-2.0211249679477696e-9,-0.00020101350270283714,3.3810218250333996e-8,1.4454389379574139e-5,-2.9135057219222385e-6,1.4168536064501136e-5,-1.1567195104853381e-8,2.026889873002687e-6,-9.131044079823816e-6,3.0135272752012696e-5,0.0006252827558358577,-3.5186139436000686e-9,2.6218477624869243e-5,1.1177437671930364e-6,2.2941018570335468e-6,1.800757921481454e-7,8.326241333428867e-7,-0.00011671172067072553,3.927335690581413e-5,-5.614917436841584e-10,5.668223944817616e-5,7.907767463626988e-5,-3.1095539901816755e-5,-3.1621827709351776e-8,2.1558305929920875e-6,-2.2955263331440722e-5,1.768221686214835e-5,0.00019720442621934926,-0.00017213131697018863,-0.00547955446215936,-0.002612964435568244,7.668198258785071e-7,-3.082649776772895e-8,-9.996449998832207e-7,-0.00014661775037933184,1.5059297626731902e-9,-0.007330140468874324,-0.000117380536893306,-0.0060342842666338955,-1.0118407529489339e-5,-0.01634159586349104,1.6766205878866884e-7,-6.959562665907137e-6,-1.7351347868222002e-6,4.346142012970664e-5,6.222198895469065e-8,0.00020329072317117587,0.0019225257208856435,-6.329258792623956e-8,7.637087539942051e-10,-0.00028985265338326807,1.4138746801742009e-5,1.2562301965747768e-9,6.91714770463286e-8,-4.5767911811482867e-8,-1.8227401317141277e-6,3.1142704049446226e-5,-2.8570948984262587e-5,7.553967287152691e-5,9.880793544282734e-6,0.009293828099753682,-2.175600430992753e-6,-3.541813237123732e-8,-2.8855652111690938e-8,8.015911952917873e-8,0.002694616372594693,2.0771572790095767e-9,1.9391822363082203e-8,0.011685939163630059,7.05993116185157e-6,0.006983073064135102,-2.2161195053386413e-5,-2.1104615462360707e-7,-6.2400603242376786e-6,2.0770750087984797e-7,-0.0008910984783354044,3.2300238006115263e-9,0.0014860060359886424,-0.002310634489755354,-9.820249169067104e-8,0.0005521238688376188,-7.581970013975634e-7,3.191268714258717e-9,-8.157447405094145e-8,-1.7932923655936392e-6,1.8767396131253372e-7,-0.008842980355371977,0.002791102763295271,3.0960463637042573e-8,-1.489930756644154e-8,-3.5273294109113213e-6,2.256634941002155e-8,-0.0005878854149479892,-1.240447173669616e-5,1.1479224267284816e-9,-1.803402169875857e-5,-2.9957679947416792e-5,4.9066168371212354e-9,1.9077114722298895e-6,-0.006593084882380948,-5.302588480118388e-6,-2.9878766649304406e-6,-1.7498555295953667e-6,-0.00010136053147251344,-8.697259247497405e-5,3.088215011379261e-8,1.5722163342226366e-6,-3.780835580258345e-5,1.513369845761297e-8,0.00018979961230282123,8.44774318646708e-6,0.018369373403412975,0.0026923448766613435,-0.0024854187192127355,1.0019957631578065e-5,-2.78712271047072e-8,3.602306049577668e-6,-0.00015394037636042203,-0.025373732177930597,2.8733887558997055e-6,9.071225734952794e-7,7.647933741721791e-8,6.020925397157554e-7,1.653671378478368e-5,3.0607609265246444e-10,-3.144866133480282e-9,6.102924510762855e-5,8.957738695378711e-11,-8.049039985299836e-8,-0.0001953325443718453,0.00038649424182578615,2.2469307849182176e-5,1.2815698205776627e-5,0.00023377735093167284,-0.0008110079782154002,-2.1639484978991332e-10,-1.1717643036822869e-7,0.0004135202709866536,-8.148543150936467e-5,0.004220480414168578,-0.0033126305339815456,-1.2225775884576304e-8,4.3878608900250496e-10,-4.083195444815591e-7,9.179774198450669e-6,1.3413586646065135e-7,-0.00019693294560641146,1.8151020189298356e-7,-1.0689188240968792e-7,-0.000789068822565017,0.007880826015558284,-3.4568418188763143e-7,-0.00010061571111322114,-3.838697284404005e-5,8.991663089435004e-8,-1.858403165106692e-7,1.3892306836451048e-5,-8.158809789062363e-5,0.00342152873247652,-0.0010913256381426583,-3.3722683705754824e-6,8.735027725431468e-7,1.080338028960978e-5,-1.460520660520852e-7,-8.32924965361954e-10,-0.00020668944647801076,9.77705062365679e-8,0.0001929533361792004,5.6536890629647245e-8,1.393565593125838e-9,-0.00026917489201869394,3.875176091232801e-5,-0.003522784396998313,-0.00047258143621550455,-0.013484159985828375,0.021682683066923458,-1.5645029604835115e-7,-6.041292185437022e-6,2.340914082188831e-5,-5.8781084838578476e-5,0.010349961787855674,-3.776263061952192e-6,-0.00020477408543947574,0.0013073005384706318,-2.848617403165929e-7,-0.01192381751570155,6.0759718152375886e-9,0.00016223256411780385,-3.4684699996943417e-6,-1.9581394392624883e-10,-2.703919035715389e-5,3.395892964067798e-8,0.0023226065676211845,-3.2712515443055347e-9,-1.3806880448867087e-8,-9.782906010430471e-6,0.00011012153216678338,1.4655441594877825e-7,-3.3422155270031774e-9,1.0602905274450433e-8,4.967268184274275e-7,0.0001510402424356767,1.3163904125280766e-5,0.001033198390804698,-8.399342280168629e-5,3.2739871231800154e-9,0.0011258116171749557,2.3047402222550706e-6,4.441013774060934e-5,1.8298859029280197e-5,0.0026616936815353777,-1.8479911943417699e-7,5.13312824271128e-6,-0.00021318440822806872,-0.001311871471956574,7.53373702624445e-8,1.609398552301462e-5,0.00023142193780032865,-6.159812340915951e-7,-0.00011608357028302854,0.00012184603814286781,-4.827589111388548e-5,1.269014513168811e-9,0.0032267829135261697,-4.070013243957792e-5,4.867203449677172e-7,-2.7747155147308416e-5,0.0004268255444286116,6.513653034803747e-6,2.5022732081064526e-7,1.4584180727646672e-8,-2.0781830463066358e-9,0.0013344634219806363,0.0017984995577439201,-1.7304853890472926e-5,-1.4286995524915104e-6,3.299416700831549e-8,-0.0025878954578288883,1.4278252904766946e-9,-3.0063015850406182e-5,3.383116992638234e-6,-2.8456223978042393e-8,1.1526988002878855e-5,-1.0802542426740304e-6,0.0006327290108192131,0.0024919552529908237,0.00027883369204880247,3.596490066685329e-10,2.812667137323546e-5,0.0006030431666674094,0.0002877066316038274,-6.646155772369286e-7,-8.135595296395638e-6,-2.580140393078863e-5,-0.00016121592958337163,2.9099745293513222e-9,1.9591625084287078e-10,2.7784536751006484e-10,-0.0034027245485285444,3.7358585976627e-9,0.00783691001147375,-0.00019260621798126084,0.001133591263289368,-1.2014691708042845e-6,0.0012628617474161343,1.4720752632588637e-5,-2.320404638289175e-11,0.0004186732798339151,-0.0003373798582494615,0.0028849850193609135,1.221138335692116e-5,-4.1807679724187326e-6,-1.028472951314509e-5,8.24322949305588e-10,0.002559398671186496,2.407865573898588e-6,0.0027032377594853776,-1.086793433527327e-6,-3.7618256494434834e-5,4.273121624189513e-8,-0.00045240356490518457,-3.5381566834795255e-9,0.015291038278269565,-3.930282002944547e-5,2.856669259317903e-7,-0.0003901721649717133,-3.532328893798026e-5,-4.3387653260118624e-5,-9.168615817930478e-5,1.5892631825574053e-6,2.915985598857084e-9,1.1486772326869697e-5,0.004367705282319076,1.1378021492547754e-7,1.2268328039954348e-5,-1.357393605708726e-7,-6.912249354246633e-6,1.0580011243569786e-5,6.381689310415556e-7,5.9596234366238135e-8,-1.539466921954719e-6,2.055184853813479e-5,-0.00010915214570410492,5.85013806656827e-7,1.1701045866624231e-6,-3.412855377189834e-8,-0.006362380073620469,-0.00017173504310639883,2.0162484309114104e-8,5.8237222598796395e-5,-0.00012860737837362297,-0.0005730340986718103,-0.0018075511580602725,-1.8022247539369757e-9,9.752055796140976e-10,-0.00015405485806256242,-0.0027374082305332208,-0.00012379985075060748,2.4062726128081474e-7,-0.0004440721822837763,0.00016707193911853204,0.0003590224567486426,-9.440060867677862e-7,2.9509417320675913e-6,-7.960797087806197e-7,6.136199405460699e-5,-0.0004766957185235874,0.0003069522211778807,-0.005532944463496001,0.000988642109118301,2.3799367765981825e-8,-6.882685863382117e-9,3.5833648879062186e-6,0.003569677543182019,9.596741829417837e-10
0.0,0.0,0.0,0.0,0.0,0.0,0.0,0.0,0.0,0.0,0.0,0.0,0.0,0.0,0.0,0.0,0.0,0.0,0.0,0.0,0.0,0.0,0.0,0.0,0.0,0.0,0.0,0.0,0.0,0.0,0.0,0.0,0.0,0.0,0.0,0.0,0.0,0.0,0.0,0.0,0.0,0.0,0.0,0.0,0.0,0.0,0.0,0.0,0.0,0.0,0.0,0.0,0.0,0.0,0.0,0.0,0.0,0.0,0.0,0.0,0.0,0.0,0.0,0.0,0.0,0.0,0.0,0.0,0.0,0.0,0.0,0.0,0.0,0.0,0.0,0.0,0.0,0.0,0.0,0.0,0.0,0.0,0.0,0.0,0.0,0.0,0.0,0.0,0.0,0.0,0.0,0.0,0.0,0.0,0.0,0.0,0.0,0.0,0.0,0.0,0.0,0.0,0.0,0.0,0.0,0.0,0.0,0.0,0.0,0.0,0.0,0.0,0.0,0.0,0.0,0.0,0.0,0.0,0.0,0.0,0.0,0.0,0.0,0.0,0.0,0.0,0.0,0.0,0.0,0.0,0.0,0.0,0.0,0.0,0.0,0.0,0.0,0.0,0.0,0.0,0.0,0.0,0.0,0.0,0.0,0.0,0.0,0.0,0.0,0.0,0.0,0.0,0.0,0.0,0.0,0.0,0.0,0.0,0.0,0.0,0.0,0.0,0.0,0.0,0.0,0.0,0.0,0.0,0.0,0.0,0.0,0.0,0.0,0.0,0.0,0.0,0.0,0.0,0.0,0.0,0.0,0.0,0.0,0.0,0.0,0.0,0.0,0.0,0.0,0.0,0.0,0.0,0.0,0.0,0.0,0.0,0.0,0.0,0.0,0.0,0.0,0.0,0.0,0.0,0.0,0.0,0.0,0.0,0.0,0.0,0.0,0.0,0.0,0.0,0.0,0.0,0.0,0.0,0.0,0.0,0.0,0.0,0.0,0.0,0.0,0.0,0.0,0.0,0.0,0.0,0.0,0.0,0.0,0.0,0.0,0.0,0.0,0.0,0.0,0.0,0.0,0.0,0.0,0.0,0.0,0.0,0.0,0.0,0.0,0.0,0.0,0.0,0.0,0.0,0.0,0.0,0.0,0.0,0.0,0.0,0.0,0.0,0.0,0.0,0.0,0.0,0.0,0.0,0.0,0.0,0.0,0.0,0.0,0.0,0.0,0.0,0.0,0.0,0.0,0.0,0.0,0.0,0.0,0.0,0.0,0.0,0.0,0.0,0.0,0.0,0.0,0.0,0.0,0.0,0.0,0.0,0.0,0.0,0.0,0.0,0.0,0.0,0.0,0.0,0.0,0.0,0.0,0.0,0.0,0.0,0.0,0.0,0.0,0.0,0.0,0.0,0.0,0.0,0.0,0.0,0.0,0.0,0.0,0.0,0.0,0.0,0.0,0.0,0.0,0.0,0.0,0.0,0.0,0.0,0.0,0.0,0.0,0.0,0.0,0.0,0.0,0.0,0.0,0.0,0.0,0.0,0.0,0.0,0.0,0.0,0.0,0.0,0.0,0.0,0.0,0.0,0.0,0.0,0.0,0.0,0.0,0.0,0.0,0.0,0.0,0.0,0.0,0.0,0.0,0.0,0.0,0.0,0.0,0.0,0.0,0.0,0.0,0.0,0.0,0.0,0.0,0.0,0.0,0.0,0.0,0.0,0.0,0.0,0.0,0.0,0.0,0.0,0.0,0.0,0.0,0.0,0.0,0.0,0.0,0.0,0.0,0.0,0.0,0.0,0.0,0.0,0.0,0.0,0.0,0.0,0.0,0.0,0.0,0.0,0.0,0.0,0.0,0.0,0.0,0.0,0.0,0.0,0.0,0.07446983747799794,-0.00213210593004655,2.705082299027263e-8,0.022604367367078482,7.501909475419312e-7,-0.00011344271411031683,-1.7136697101441742e-9,-1.1718112597444058e-10,-7.070828109047268e-7,-1.3479572051924806e-5,5.48530109698527e-8,-0.0024236932345427127,2.427374417798443e-7,1.039123838517193e-9,-1.124772745259293e-5,0.006299853265451678,5.5546599724101465e-6,2.0259440963136764e-6,-9.00847954866938e-10,-1.612805371964074e-8,0.0001832458233894614,-2.445281893161338e-10,-0.01029548343345937,7.632135760039915e-10,-0.0009464967895914938,-1.9465620582012013e-8,1.4578841227191548e-8,6.542634514099369e-8,2.510480918530823e-6,6.038310551931624e-7,-0.0008655683130374113,-0.001663501710372295,-7.711010720742072e-7,-0.001127679636980476,9.848346446959286e-9,7.0347752827321e-6,1.0154727618388496e-6,-1.5530290108666403e-7,-1.0271545370702621e-8,0.0001055229103417627,-2.0266512335426129e-10,1.660664736193584e-6,0.0011963819696248974,-1.2748742775722213e-5,1.9160797703808844e-8,6.58542204143157e-11,-5.65263442892923e-9,7.614015105693414e-6,-5.609543113190996e-9,1.3802212957951932e-9,1.0643318742664143e-8,-2.434501917872849e-7,2.596749764376309e-6,-0.00224409763088029,-0.0001785427079930452,7.376708758762891e-9,1.5696316590949178e-9,2.444224973303781e-10,-0.016174382668388113,4.943771600923244e-8,2.1455893802293016e-7,0.004668229330927448,-5.308482664230339e-5,-5.8508855062467154e-9,-1.0536318828732877e-5,-0.0018378538738431291,-1.470202563458029e-7,3.441869772867838e-8,-0.006653419546714635,-6.320687218423617e-5,0.000225073348310103,1.735616704859186e-5,0.0001253673159552375,-0.00010305264784661831,-5.934582496331242e-10,-2.40260273484294e-7,-2.2301291685591613e-5,2.8963088150059887e-5,-2.1221734686965307e-8,6.633821553384628e-5,0.00234349335265449,3.9668361093370334e-5,-0.00015852423711005796,0.029202428958901842,0.002213024518692017,-0.005785791390752172,5.138672895371458e-10,0.0037592830350138178,4.371613544158028e-5,-3.245191803917513e-5,-1.0602044041457298e-6,0.00014173359237443933,5.346746661012897e-9,1.8051585177154333e-6,-8.624776684704711e-5,1.1959963379440814e-5,-0.0006277083270886216,0.010785570763976142,5.207739432968498e-9,3.013859961358719e-7,0.0013877214332468305,1.1065759470263327e-5,-0.0015649981149758346,-4.850488710638643e-6,2.746324115546146e-5,-0.0005925863226783565,8.07368775526675e-5,2.4351443299215626e-8,-7.708042777747017e-5,-5.4036232366459516e-8,-3.6373147944712617e-9,-9.665224638998942e-6,0.0010058866893483452,-2.6380644935963217e-5,0.0006360223483250227,0.00015526360419948674,-0.00044298739688862786,3.333355253024125e-6,1.3500848613409082e-7,-1.3994918725863995e-6,1.897292908058508e-5,-0.00020554698481417642,-9.677431990143522e-5,4.1063627175628826e-6,0.00044510110309810855,-1.7288091050292708e-9,0.00042746708915017054,7.364434300993475e-5,3.267980017847579e-5,-1.4841834720273913e-5,-5.743493045330136e-6,0.009320730076691456,6.620080879058777e-7,0.0002503030581035494,4.011173874740821e-9,2.2339867603186084e-7,-1.9722415200178393e-8,-1.9491976970793384e-8,9.23553332734132e-7,1.320382514235096e-10,0.0002491832962074404,-0.0022474501384277383,-0.02534579639957917,-3.874242581144605e-10,2.267187036619664e-6,-0.0019658206381723687,-1.5541886543099436e-5,-1.414277631303286e-9,-3.275056341849776e-8,2.2246909955326177e-5,-1.1323733845998068e-8,0.003416630581123244,-2.749986780290232e-6,-0.00040881731778471235,-0.00015927858289797422,-0.014310546989433497,0.00033756408376791735,0.0221337690515701,-3.2226109831927926e-7,3.0243261586212472e-6,0.0010168745886296139,0.0004942738356269844,0.00017798579064800719,1.6850234588896898e-10,5.0675519978269194e-8,6.268868827313748e-8,-4.632633198379921e-6,-0.002080986424836212,-2.635768508475808e-7,-0.0002307921253744795,0.017136139879232206,-8.371591589714928e-5,-0.0030378729401811574,-0.007084834961102769,2.7619262226158974e-7,0.0006016093754689679,-5.426163189163153e-7,-2.6428029887104154e-11,-0.0002377835362088444,-0.0002084711516103357,4.087164813301382e-6,-2.4639172203376964e-6,-1.1461739084240149e-6,-1.2732918411949757e-6,-7.993129097677815e-11,-1.131292014502534e-9,-1.2891653419189012e-11,-0.000540023722760459,3.0373264747455758e-5,0.00010677392310205807,-2.757510168378392e-6,-1.6205979346754695e-5,3.7964443172455596e-10,-7.341148572058396e-6,-1.5280139071788594e-7,-8.814950446833164e-5,3.9609591770345347e-10,-0.008042030379177742,0.0005765957595707025,-0.00011360060777984666,-1.4496951500597677e-7,-0.03782883168649889,-0.00042083985745910047,0.02687337959053467,-3.805218639723457e-9,-2.433440474608709e-7,-4.111825840851254e-7,-3.892057542791324e-5,-1.1732924942111034e-7,4.123005162321414e-5,-7.36678921319528e-7,1.6856686871673503e-7,0.0015652691866648812,-1.0217793940791644e-6,-4.051292565071483e-7,4.4743663164823804e-5,-3.283811303810251e-5,6.236328622780787e-5,-5.818414318920062e-9,4.477613319464152e-8,-0.011299960961444403,-1.2634154795399852e-6,5.104368943378232e-8,-0.00020401364840689923,7.301595611860819e-7,-0.0010989463988650464,7.1246332282948685e-6,-1.7047079629124317e-5,0.0020394533262346353,-2.444408230755735e-9,1.2574996319637404e-6,-6.098714305543646e-8,8.7144969720703e-12,0.00011920386234398016,4.459934514524476e-7,-1.2204335121467223e-5,-4.460246088043312e-9,6.543671092391586e-8,0.002145454944648891,-1.1529040586719524e-6,3.734993922420143e-5,0.0006470158534141008,0.002331410918379422,1.4911347629050188e-10,0.00033194484046843045,-1.5341476560210533e-8,-1.5473228116817688e-6,6.420069773105131e-5,-2.1583575423404763e-5,0.001704602902621982,1.4050936499629722e-8,3.368952605356109e-6,0.00021137103771084187,0.002553850903756945,5.961006004878229e-6,2.2872357304924028e-5,-2.0663570673818966e-5,9.886911665774485e-9,6.594414980885737e-8,-0.0006388393400418468,0.010633589629612118,-0.0015525327990533102,-0.02378060231579021,6.169774311551294e-8,1.1709028625963318e-7,0.00012090848065977975,3.978415611979207e-10,-2.511218354535192e-8,-2.5877237327482834e-5,1.811651897607574e-8,0.0011744318550392162,-2.048119089218025e-5,-1.6850581164557923e-6,-9.431051552237105e-7,1.0522574150357866e-5,-3.163206960983913e-8,-1.0997847665626543e-9,2.9928688550585316e-6,-1.0989770513888462e-5,-2.3743331981518482e-6,0.00046917202336787536,-0.0005446822315411296,-6.199597630200515e-5,-7.177444050637746e-8,-0.0004063549062202759,-6.00632356929492e-7,4.577498943796412e-6,7.141698775359835e-8,4.229151119737996e-7,-1.103875442696272e-8,4.3065098404985375e-5,-8.902697410713646e-7,9.607969574772736e-10,-6.826730548245866e-9,0.0077855152038177194,0.00023642924594529722,3.678958723531398e-7,4.3442074264656025e-7,4.470475570311402e-7,-3.2032677135270527e-6,2.5135538967546043e-6,-6.442795155971458e-6,-2.22521865407042e-9,-3.7040494371468084e-8,1.4843357206663027e-9,2.6182915103386894e-6,-5.1306297895599886e-8,-3.043857825380661e-8,4.1908271842174885e-7,-1.091907455895219e-6,-4.1191005907613583e-5,-1.7485059662782366e-8,2.6674628744435303e-9,-4.628023423966292e-9,1.479086748810537e-6,4.949153701695905e-7,0.00035240424382179696,0.00010088011506528152,3.145724397742821e-10,-0.0066238306419461775,0.00017334517505913108,-7.3718232745123955e-6,-5.127531099717302e-6,-1.350342846759005e-5,-5.258577987009836e-8,8.488423427306606e-5,0.00015413055109931559,-0.0022050037786545814,3.829918282596324e-7,0.0006685437522557375,2.9047962246817995e-10,1.9950323696471456e-5,-0.0015003274137598136,2.653780680542777e-6,0.0008637567344448264,9.995793879510357e-9,-3.398313765444193e-5,-1.3378233200157251e-8,-5.376855517816944e-8,8.565579620774537e-11,7.538763841945018e-6,-0.00950147153056779,-0.0026764163931020384,-0.0014939369198505009,-1.2111930849540022e-9,-0.0003125061232893313,3.6733907854193076e-5,2.6852052923763628e-5,6.577963572592081e-8,-1.9252772666583804e-6,0.00131984646113452,0.0003514046336711676,7.80364195580335e-7,-1.058583624252234e-6,-9.447163452908036e-6,-1.7236546366371824e-7,-7.834053654294367e-9,3.449748126315494e-6,-5.7137641912898757e-5,-0.00012824452912327058,0.000510107955714068,-5.50387061883619e-8,8.102619854428216e-5,-0.003265132522342482,-0.0015575753873303658,-3.1739974125588826e-9,5.995791758769327e-8,-1.3133318604666363e-6,-2.5661243750841545e-7,-2.350306487827008e-6,2.379330214418498e-7,5.265319201025551e-6,-2.107218611341624e-6,6.965762427496712e-10,-3.643922190231842e-5,-4.772894665488311e-7
0.0,0.0,0.0,0.0,0.0,0.0,0.0,0.0,0.0,0.0,0.0,0.0,0.0,0.0,0.0,0.0,0.0,0.0,0.0,0.0,0.0,0.0,0.0,0.0,0.0,0.0,0.0,0.0,0.0,0.0,0.0,0.0,0.0,0.0,0.0,0.0,0.0,0.0,0.0,0.0,0.0,0.0,0.0,0.0,0.0,0.0,0.0,0.0,0.0,0.0,0.0,0.0,0.0,0.0,0.0,0.0,0.0,0.0,0.0,0.0,0.0,0.0,0.0,0.0,0.0,0.0,0.0,0.0,0.0,0.0,0.0,0.0,0.0,0.0,0.0,0.0,0.0,0.0,0.0,0.0,0.0,0.0,0.0,0.0,0.0,0.0,0.0,0.0,0.0,0.0,0.0,0.0,0.0,0.0,0.0,0.0,0.0,0.0,0.0,0.0,0.0,0.0,0.0,0.0,0.0,0.0,0.0,0.0,0.0,0.0,0.0,0.0,0.0,0.0,0.0,0.0,0.0,0.0,0.0,0.0,0.0,0.0,0.0,0.0,0.0,0.0,0.0,0.0,0.0,0.0,0.0,0.0,0.0,0.0,0.0,0.0,0.0,0.0,0.0,0.0,0.0,0.0,0.0,0.0,0.0,0.0,0.0,0.0,0.0,0.0,0.0,0.0,0.0,0.0,0.0,0.0,0.0,0.0,0.0,0.0,0.0,0.0,0.0,0.0,0.0,0.0,0.0,0.0,0.0,0.0,0.0,0.0,0.0,0.0,0.0,0.0,0.0,0.0,0.0,0.0,0.0,0.0,0.0,0.0,0.0,0.0,0.0,0.0,0.0,0.0,0.0,0.0,0.0,0.0,0.0,0.0,0.0,0.0,0.0,0.0,0.0,0.0,0.0,0.0,0.0,0.0,0.0,0.0,0.0,0.0,0.0,0.0,0.0,0.0,0.0,0.0,0.0,0.0,0.0,0.0,0.0,0.0,0.0,0.0,0.0,0.0,0.0,0.0,0.0,0.0,0.0,0.0,0.0,0.0,0.0,0.0,0.0,0.0,0.0,0.0,0.0,0.0,0.0,0.0,0.0,0.0,0.0,0.0,0.0,0.0,0.0,0.0,0.0,0.0,0.0,0.0,0.0,0.0,0.0,0.0,0.0,0.0,0.0,0.0,0.0,0.0,0.0,0.0,0.0,0.0,0.0,0.0,0.0,0.0,0.0,0.0,0.0,0.0,0.0,0.0,0.0,0.0,0.0,0.0,0.0,0.0,0.0,0.0,0.0,0.0,0.0,0.0,0.0,0.0,0.0,0.0,0.0,0.0,0.0,0.0,0.0,0.0,0.0,0.0,0.0,0.0,0.0,0.0,0.0,0.0,0.0,0.0,0.0,0.0,0.0,0.0,0.0,0.0,0.0,0.0,0.0,0.0,0.0,0.0,0.0,0.0,0.0,0.0,0.0,0.0,0.0,0.0,0.0,0.0,0.0,0.0,0.0,0.0,0.0,0.0,0.0,0.0,0.0,0.0,0.0,0.0,0.0,0.0,0.0,0.0,0.0,0.0,0.0,0.0,0.0,0.0,0.0,0.0,0.0,0.0,0.0,0.0,0.0,0.0,0.0,0.0,0.0,0.0,0.0,0.0,0.0,0.0,0.0,0.0,0.0,0.0,0.0,0.0,0.0,0.0,0.0,0.0,0.0,0.0,0.0,0.0,0.0,0.0,0.0,0.0,0.0,0.0,0.0,0.0,0.0,0.0,0.0,0.0,0.0,0.0,0.0,0.0,0.0,0.0,0.0,0.0,0.0,0.0,0.0,0.0,0.0,0.0,0.0,0.0,0.0,0.0,0.0,0.0,0.0,0.0,0.0,0.0,0.0,0.0,0.055129982309838614,2.0053329312477396e-8,0.0015965251677562738,3.906832122335529e-6,-1.8501759903759138e-5,-5.642782026654853e-10,5.364835755167781e-11,-3.6355412303872e-6,-9.854664133162247e-8,-4.6354664040456303e-7,0.0030177337891846945,3.28209617673485e-8,-9.162055172999284e-9,4.210730429296651e-7,-0.0009883026607113272,-3.150704795552778e-6,8.140204052299168e-7,2.1328191416389057e-8,-2.505655633312818e-8,0.0011942428953920126,3.0840618861869854e-9,-0.006188984728755987,-1.4387290150341956e-9,-0.00011564545310991879,4.9089867904949816e-8,-1.7125323802360235e-6,1.2348241899652667e-6,9.211432406692603e-7,-1.5217134682882182e-7,-7.340685667807462e-5,-0.027140810140908137,3.408618078451065e-5,-0.00012114004791343381,4.7992380644339775e-8,2.117504152815321e-7,-1.5767189666712267e-5,-5.389943762762767e-7,2.2783143277145988e-6,0.00018676811886745242,7.604772265371291e-10,-2.7761972537712454e-6,0.00798709233213503,-4.6665071403536915e-6,4.299345117268477e-8,-2.395195048669495e-9,-1.7812550163396753e-8,-1.7263732751373532e-6,1.8258070830965172e-8,-6.712373400451805e-8,-7.480349201483341e-8,2.5493404997300322e-6,4.0937296225046173e-7,0.0018970490749746064,0.0002469610383478184,-8.764849544300445e-9,-1.2852795881825943e-7,-1.3146363527688514e-9,0.016012906591181025,-5.461105973330572e-8,1.8000229934374384e-7,0.001603502048092686,0.0007001446068049998,5.549396706288697e-8,5.011460007161236e-5,-6.266350320700609e-5,-8.252539427240536e-7,3.4553730655177826e-7,-0.012795927406561023,-0.009836296582675628,0.003119960521170651,-5.419126601606937e-5,1.2238351098788501e-5,-1.7407910785319364e-5,-1.4365868484450928e-10,-3.065327684748774e-8,-1.8711047766784572e-7,0.0007275747138681648,-6.709106579707073e-7,-0.00027457060730617,0.0006651595883172906,-0.0003568246909435486,-5.0211771637298584e-5,0.0023759037372905827,-0.0017937935307395258,-0.006208490449382531,-2.176351775299246e-9,-0.018820022304567065,-7.085104617322651e-5,-8.42378519325356e-6,-1.290290139340975e-7,-0.00037288110793581267,-6.900501109892051e-9,1.1823280070275878e-7,-1.0381842461010659e-5,2.5628514891847033e-6,3.815327161973282e-5,0.00047790808878102293,-2.3122847880700656e-8,-3.7956367197470717e-6,-0.0010866093779454775,0.00011836788029350173,-0.0006428633978526206,4.505291159310312e-6,1.7255204688461814e-6,0.00030267118722879656,-0.0010086912139935734,-8.185400694914456e-7,-6.772938740837578e-6,-1.2466703869801205e-5,2.0864747772276225e-8,0.0003048376161186642,-0.004397611860422582,-9.97171101952443e-6,0.009757228224700777,-9.225895810370824e-6,-0.00012982673868791527,3.5229123384275544e-7,-7.139394299176597e-6,-2.1425575681022405e-6,-3.601900930601169e-5,-0.0005194580173842176,-6.874411248122926e-5,-4.213322519169284e-7,3.671772467847532e-5,-1.8193429883239573e-9,-0.00014154685203363767,0.0001961561352452713,0.00045174183378343484,1.8399735317178729e-6,-2.1574617831527682e-7,0.001170885433851117,-1.2963146686532767e-6,-0.001543134524684142,3.461548036556049e-8,-3.670041599758111e-8,1.326041039505733e-8,2.8046030824686314e-8,-8.03762190183975e-8,3.6211360063822184e-9,0.001088376344412074,-0.0007428401542705506,-0.00023066243914070405,-4.477116532198081e-9,-2.3865515432993957e-5,-0.007752845590969091,-1.2954745022428125e-6,4.446967403134265e-9,-1.905445814246982e-8,-4.305644034059146e-6,-6.236199572921059e-7,-0.0015003672175391907,7.898500526112102e-6,-0.00022243034158253317,-0.0011680866931444672,0.00016097465079705484,2.7972016202955984e-6,0.0017237936581431755,8.427162846341534e-6,-5.09835728085606e-5,0.00035630858070468644,0.00011855388473250816,3.176380261356405e-5,2.7331056425204953e-9,1.234437080702459e-6,1.5227587608515292e-7,-1.0124359302603366e-6,0.01291292746932164,-2.279166870502284e-7,-4.797301902242183e-6,-0.010873564334788395,-0.00374860167100734,0.0040434086599036466,-0.0030143896984178,6.828023166369827e-7,0.004517317055167075,-1.7119056363180467e-7,-4.5160397224122496e-10,0.0019721011517447925,0.0005503996241462694,3.402768727029177e-5,4.7578010598503856e-5,-2.147746594303431e-7,-1.0971679532368624e-7,-2.721661495362995e-10,-4.8250817358325995e-9,7.623328624138632e-10,0.0057202041067602885,2.1297986152690977e-5,8.370194677485627e-5,1.8599384338170716e-6,5.797761967391651e-5,1.6378450380584253e-10,2.5044612963787434e-5,-2.6049591826360764e-6,9.664063088408633e-5,1.3406912503022667e-10,-0.001576575328231638,2.4256851920265208e-5,-0.0003001678814452521,3.702094510590589e-7,-0.0014286409491254316,-0.00010110577812945943,-0.002011078891515357,8.32589467144355e-9,2.4683241748756844e-8,-3.431523297371452e-6,-1.7822117236956938e-5,2.8793079551926797e-7,-1.1634283430476621e-5,-6.724816020123267e-8,1.262920465795751e-6,0.0026073807957418546,2.6298338925237903e-6,2.589228080083273e-6,-9.329864756715527e-5,-2.1439977371717873e-5,7.859512793009773e-6,6.055502135181946e-8,-1.6862763838028969e-7,0.005314579317396597,-2.483012157610822e-5,3.26207493249735e-8,-9.987273076775384e-5,3.5326685781673773e-6,0.0011013633474616926,0.00021840836883437454,2.9527441718440523e-8,0.0026238037573104644,-7.133412908161223e-9,6.487597689076869e-7,1.9325391290477385e-7,-1.5614503776251267e-9,-0.0005588347537139984,-1.0742039929635553e-7,3.3355888564151106e-6,-5.34475994873006e-8,1.8210769735410018e-7,-0.0008095567871530143,1.813148783519347e-6,9.221649455549527e-6,-0.0005869389556897472,0.001514958461850888,1.3281569297500518e-7,-0.0007769336010438051,2.4032730788277907e-7,-4.0761506117424444e-7,-0.00019380003605901387,-9.561312040820175e-5,-0.0006757993878110979,-8.953943198811926e-9,1.5577377632051257e-5,-2.5561288306620102e-5,-0.000531139483776722,-6.0779791019501666e-5,-5.794549695628774e-5,1.858682695633006e-5,4.1922109551164115e-8,-1.3743649268901198e-6,0.00036397180603073433,0.023024152831730406,-0.016411135952542226,0.005916406710253035,2.428796969819595e-6,8.914873356544956e-6,0.0020774148665422885,1.671920953595881e-9,-1.0447764948769692e-7,4.4887023649954005e-6,1.1622430843008495e-9,0.006900709082859874,-8.086782030687768e-7,-4.907038541786768e-7,5.069660811862339e-6,4.791159948074713e-5,1.646153799827176e-6,-3.135466710167887e-9,1.3595119068149049e-5,-9.269248150097558e-5,-5.102069944898601e-7,0.006580966359637164,-1.1590806946316244e-5,4.54519556996632e-7,8.802772260065367e-7,0.00027405835232651956,1.4771570178343225e-5,4.070320452818201e-5,-2.319790143872672e-7,1.6211527257743446e-7,-2.5449550138500043e-8,-0.005989280165147987,9.086246665020548e-6,7.980686103916387e-9,-8.080055734012758e-9,-0.0017109468840967076,-0.016529556552606954,-1.600307383211992e-7,6.205227259701409e-8,2.150843178253947e-7,1.1145629637253235e-6,1.5824275486377834e-7,9.289604756155459e-5,1.0349546765294445e-6,5.347189631608721e-6,-7.502701010678278e-9,0.0006263420153121981,-1.4501687778981877e-7,2.515866686506088e-8,-3.867233096863805e-5,3.1827106973391564e-6,-0.00025361398995834173,8.642204932681435e-8,-3.107221334621735e-8,1.2511172548522182e-7,-4.904957452648977e-7,-9.62921930362047e-6,-0.00010668771763874355,-2.7673722616486136e-5,-3.469355331395061e-9,0.000849645225322633,-2.0889643564431265e-5,-8.436502237617692e-6,-1.5404915088248795e-6,0.00024381974395386378,-6.024527216271263e-7,0.00035131788227518224,0.004209207772327501,-0.01656807290190442,-1.2372195171890452e-6,0.01481566641177765,7.101504187037465e-10,-4.8249513297787285e-6,0.0005576597864677127,-1.6404782489388396e-5,0.00022759455542406326,-3.737917161366728e-8,-6.0550296875386234e-5,-1.026858608674296e-7,1.6633220883606657e-7,1.69487378774043e-9,1.1537916241770597e-5,-0.0006732048111052364,0.009958210354670394,0.0008748017738925516,4.7331047948826095e-9,6.875178908487695e-5,5.91882944222528e-6,0.00019825376315683977,2.5755700243645143e-6,4.754039212420971e-7,0.005832661140364109,-0.002775248734410831,-2.04597634238718e-5,1.2704024721402665e-5,1.2426655468995176e-6,-7.116719612085789e-7,-7.320399201454822e-7,-2.9735227658070142e-5,-0.0010296597278470544,0.00013672831620707723,-0.002529970181003542,-2.738665155399891e-7,0.0015131160678253216,0.0003374586357747005,0.0003839502933907973,6.938874858988285e-9,2.5402277174862105e-7,6.727190068067117e-6,-5.685583367430988e-6,-1.070960828806009e-5,-8.009990683863103e-6,1.9743639231479294e-6,-5.575210678263065e-7,1.0181918483363027e-8,0.00017388181275533233,2.0210354816367367e-8
0.0,0.0,0.0,0.0,0.0,0.0,0.0,0.0,0.0,0.0,0.0,0.0,0.0,0.0,0.0,0.0,0.0,0.0,0.0,0.0,0.0,0.0,0.0,0.0,0.0,0.0,0.0,0.0,0.0,0.0,0.0,0.0,0.0,0.0,0.0,0.0,0.0,0.0,0.0,0.0,0.0,0.0,0.0,0.0,0.0,0.0,0.0,0.0,0.0,0.0,0.0,0.0,0.0,0.0,0.0,0.0,0.0,0.0,0.0,0.0,0.0,0.0,0.0,0.0,0.0,0.0,0.0,0.0,0.0,0.0,0.0,0.0,0.0,0.0,0.0,0.0,0.0,0.0,0.0,0.0,0.0,0.0,0.0,0.0,0.0,0.0,0.0,0.0,0.0,0.0,0.0,0.0,0.0,0.0,0.0,0.0,0.0,0.0,0.0,0.0,0.0,0.0,0.0,0.0,0.0,0.0,0.0,0.0,0.0,0.0,0.0,0.0,0.0,0.0,0.0,0.0,0.0,0.0,0.0,0.0,0.0,0.0,0.0,0.0,0.0,0.0,0.0,0.0,0.0,0.0,0.0,0.0,0.0,0.0,0.0,0.0,0.0,0.0,0.0,0.0,0.0,0.0,0.0,0.0,0.0,0.0,0.0,0.0,0.0,0.0,0.0,0.0,0.0,0.0,0.0,0.0,0.0,0.0,0.0,0.0,0.0,0.0,0.0,0.0,0.0,0.0,0.0,0.0,0.0,0.0,0.0,0.0,0.0,0.0,0.0,0.0,0.0,0.0,0.0,0.0,0.0,0.0,0.0,0.0,0.0,0.0,0.0,0.0,0.0,0.0,0.0,0.0,0.0,0.0,0.0,0.0,0.0,0.0,0.0,0.0,0.0,0.0,0.0,0.0,0.0,0.0,0.0,0.0,0.0,0.0,0.0,0.0,0.0,0.0,0.0,0.0,0.0,0.0,0.0,0.0,0.0,0.0,0.0,0.0,0.0,0.0,0.0,0.0,0.0,0.0,0.0,0.0,0.0,0.0,0.0,0.0,0.0,0.0,0.0,0.0,0.0,0.0,0.0,0.0,0.0,0.0,0.0,0.0,0.0,0.0,0.0,0.0,0.0,0.0,0.0,0.0,0.0,0.0,0.0,0.0,0.0,0.0,0.0,0.0,0.0,0.0,0.0,0.0,0.0,0.0,0.0,0.0,0.0,0.0,0.0,0.0,0.0,0.0,0.0,0.0,0.0,0.0,0.0,0.0,0.0,0.0,0.0,0.0,0.0,0.0,0.0,0.0,0.0,0.0,0.0,0.0,0.0,0.0,0.0,0.0,0.0,0.0,0.0,0.0,0.0,0.0,0.0,0.0,0.0,0.0,0.0,0.0,0.0,0.0,0.0,0.0,0.0,0.0,0.0,0.0,0.0,0.0,0.0,0.0,0.0,0.0,0.0,0.0,0.0,0.0,0.0,0.0,0.0,0.0,0.0,0.0,0.0,0.0,0.0,0.0,0.0,0.0,0.0,0.0,0.0,0.0,0.0,0.0,0.0,0.0,0.0,0.0,0.0,0.0,0.0,0.0,0.0,0.0,0.0,0.0,0.0,0.0,0.0,0.0,0.0,0.0,0.0,0.0,0.0,0.0,0.0,0.0,0.0,0.0,0.0,0.0,0.0,0.0,0.0,0.0,0.0,0.0,0.0,0.0,0.0,0.0,0.0,0.0,0.0,0.0,0.0,0.0,0.0,0.0,0.0,0.0,0.0,0.0,0.0,0.0,0.0,0.0,0.0,0.0,0.0,0.0,0.0,0.0,0.0,0.0,0.0,0.0,0.0,0.0,0.0,0.0,0.0,0.0,0.0,0.0,0.0,0.0,0.0,0.0,0.0,0.06351825759233451,-6.5282445167614825e-9,0.0015077530690408582,5.121078215521806e-11,-0.0002632800367456048,0.0030618994659835034,0.0011440565184554874,2.936538208990048e-13,0.0058583726441660735,-8.376609835567293e-9,-5.874951361745745e-13,-0.0004134916179605342,1.0471561989992443e-11,1.3685623400580037e-8,2.403812573709824e-12,3.6520351394046554e-5,-0.0137475338301325,-0.006896065050884862,2.9181074441410432e-6,0.0009391360918429082,3.218126301315563e-8,-0.00045379300098122137,-5.2672263955372274e-11,-0.02427156728096753,-0.007863165943040082,-0.0008199974675523655,1.6204140118323579e-12,-4.443251779962977e-13,-2.6782809526005395e-11,-2.557824987055247e-7,0.0003187076353730342,-1.4369910740131713e-10,0.008948629147544148,-1.7666447280203968e-12,0.0004497563779732275,-0.009369009469754878,0.0012487841992243386,7.793783506829632e-10,5.506842764886616e-5,-7.019411324794517e-12,2.8061514947198906e-7,7.348228313063918e-12,-0.011925106868390592,0.0014809672008316054,-0.006465001606990666,-1.6041078928298837e-12,0.0014624123579321314,-0.0039212184908320345,-0.000578825600647109,-9.586552123542999e-5,-3.5223973273543266e-12,4.495971625899342e-8,2.362403455371612e-10,0.0027398537058473545,0.006145114165863199,-0.0003101226018229856,-1.4159963902012665e-7,-0.008356387266417988,-2.25335806979962e-13,4.293023674757945e-8,-3.2140064886368104e-7,-0.0066867558480808035,1.940252122488039e-10,1.6080964871885133e-9,-0.005510724137646724,8.682555098831496e-5,-7.940756663643445e-8,-3.5484753078055687e-7,-3.03600328288799e-6,1.5105265614182538e-5,4.680972335066273e-10,-7.588791798891271e-12,-0.0006522430214792953,-0.0010524032881091244,1.4053181039561894e-11,-4.147567678309176e-6,-0.0004126740754086565,1.3806449751074177e-5,1.4274365260941539e-9,-1.930327642946054e-5,4.786196620684784e-11,1.6013109553200376e-9,-3.5463474180605505e-9,1.80004898117627e-8,-0.0006589376896216174,1.409826841769916e-7,-1.556500416647002e-6,-3.7959111637741545e-11,7.894144588908022e-13,3.029601557972786e-7,0.005978649182740048,5.240295415012872e-13,6.149695327254004e-11,3.536044966512492e-11,2.808007015984539e-10,-5.791847080147148e-9,-0.001751217645965078,0.00029876968046335374,3.8358881799949185e-9,3.073771500667513e-5,1.4836051799551897e-11,-7.1815114372568244e-12,-2.992508335358232e-11,7.404466474847005e-10,1.5898271601475037e-6,4.590489463018054e-13,7.158920345625943e-11,3.460011369930328e-5,-0.006478345067462143,2.1211916772374748e-5,4.902604431730431e-7,-3.646510536102679e-10,1.218121970752717e-8,-5.528447483263606e-11,1.1594563211526077e-6,8.008977369905421e-13,-0.0008906526695912506,-0.00015930075814844127,-2.8722087160270165e-11,2.0671464617224907e-6,-1.943704885776324e-10,-3.2465289943319792e-12,-9.860966378164104e-11,0.0005403403654959567,-9.691194182587423e-11,-1.2004823022479757e-5,6.0096378383126495e-6,1.6351653144455828e-11,2.191504403283383e-12,-7.782622897322325e-9,-3.6071799356281253e-13,-5.8838916930514054e-8,0.002176326381351438,4.658562125089922e-13,0.004997676233952611,-0.0024603093433793384,4.668597730985188e-13,-4.3455250478734565e-5,-5.76766225209946e-6,4.549607313404672e-10,1.4354901752001275e-8,0.0024841106113222848,4.509200355399576e-6,-2.0994940435569715e-7,2.416375367738703e-11,-0.0002700089544879579,-0.007607757571611705,-9.827613784184168e-12,0.00010495899189003192,1.742303584305053e-8,2.8411937795457065e-6,1.1732819742188338e-6,7.354030651734274e-7,1.998122850414888e-9,-1.7041298639087067e-10,-9.459521996904566e-9,0.0005547503617256628,3.988095115557045e-5,2.427311287422549e-10,6.372467124873117e-10,-7.206534108465427e-11,-0.00025931331214386485,0.003068099739400762,3.750135994378066e-14,-2.6537196812307823e-12,8.292701697626445e-8,2.9957381989318283e-13,-1.2465948306988803e-10,-1.3948459728691595e-8,1.132944970179217e-7,1.1747697591190717e-8,-5.44503252690282e-9,0.001342358900629291,8.74997845968829e-7,-5.77868285970401e-13,-0.0002603680764329505,2.6762250879169687e-7,3.5839248189890124e-7,-0.00012425103516447783,8.16983456825621e-5,-2.426094545745311e-12,8.091778367456146e-13,0.00023057048151166847,0.0004554827638349518,-0.00018294783963409815,-9.730070760898347e-8,1.0988122192452073e-10,1.8473514917487887e-10,0.00022207452434349536,2.3699246722239042e-5,3.313800537974852e-5,5.0115574841470516e-5,-0.0016136576931339143,4.91649544656617e-10,-0.0004934586344145798,1.661174364969333e-8,-9.898431385525446e-7,2.881758019980517e-6,0.0009800005109803214,4.8192040399424116e-9,8.5746682494942e-10,2.27651006527339e-8,-0.0008658399738517113,-3.943603690674251e-13,0.0009337468633088462,4.11711966532648e-11,-6.979188203109514e-5,5.702802764777956e-11,7.609567381323831e-13,0.0035666578788746198,2.4187299391914117e-7,4.768374403417638e-5,0.00012731796709184386,-5.602423622522037e-6,7.257376851261418e-6,-2.6071468251625888e-11,0.005794962207123296,-0.0006944493594420989,-7.069330471778844e-8,-4.091780483101722e-5,0.015094515325901213,5.650980669611808e-7,0.00031410199951354236,-1.2925242553728604e-9,-6.366941255623915e-6,1.5264592333486904e-11,4.2783204679915896e-7,-0.0006934192436657762,4.574457316262216e-13,-0.008674245355656513,-0.000339712396927809,-8.884329628693803e-7,-2.063823355055093e-12,4.124206675774153e-13,0.014402382359047804,0.01086656453338057,4.3131568020738897e-10,1.8053157699274557e-12,-1.0626622745451588e-12,-8.548097161715621e-10,1.3721569716503012e-7,0.0013382384114463946,1.1099166606405518e-6,0.00514996175485705,1.2993385464737125e-12,5.989231760333479e-7,3.8689428628315685e-10,2.528902806836115e-8,0.0033670683724460423,3.762104798946644e-7,-1.5158699437590261e-10,3.815643811637856e-8,-7.316867557951621e-5,-1.5593621892692472e-5,1.119874114284459e-10,-0.01033858734343566,-0.002771496424170261,-7.319421629247107e-10,8.375588745399032e-8,-3.6332881268310586e-7,-5.2081706498881913e-8,1.124215309084724e-12,9.013358113891501e-5,-1.3491577141213868e-7,3.6995608928517002e-6,-0.00404806028063232,1.2891913306691187e-5,0.0017744477370816413,-6.385179815176944e-9,1.653894233315335e-12,-2.3130259727532623e-12,0.00017303301905834646,-1.2289646702034679e-5,-0.00019745287771783066,0.00039622071789767796,9.500310780435384e-11,-3.0589112926421542e-6,-3.547521893779465e-13,2.694205804431636e-9,1.404938642122175e-9,7.819011297075569e-11,-0.0009468023078756057,6.994331172804511e-10,-0.0001292980832596807,1.1551953715827446e-5,0.0012502361405771695,1.0388822914874202e-13,0.0015586160862402292,-4.843163584439605e-7,4.473030220564057e-5,0.0005316426968066478,-0.00538378804551735,-6.131621552379223e-8,1.3203243678307118e-7,1.7661285173407066e-12,5.498295697859565e-14,-3.5798519657637375e-14,0.0005121152027027079,-3.327725757193644e-12,3.2959462262733924e-5,-0.0007313953821648191,-0.0007077886758154222,-0.002702667168029318,2.4378233462404413e-6,0.0003567946896971668,5.3609754567892526e-14,3.479374125197978e-5,-7.569822802959482e-5,1.5700106737475384e-6,-0.005484869043536873,-0.009288165503822181,0.017426784673801154,-5.16245055823836e-13,-7.182460247765073e-5,-4.313648130452192e-10,5.112112785380614e-6,-0.0010244353187805746,-1.8730998483706245e-8,-3.583038312620939e-10,-9.865549276632517e-6,3.488915072927949e-12,1.3340308962655616e-5,-0.0020349018180805026,-1.0398589455790472e-10,-2.2500799603300973e-7,-7.448324432437553e-9,-0.00048495469438349076,-7.371421598496518e-8,0.00018169624462059173,-1.4553560886908828e-11,-1.864195476637432e-8,-3.707668583813844e-5,1.1748301326383163e-10,-0.006099612340717884,-9.545363091264476e-11,-0.0046544904492330265,0.005386860435933064,0.0001976719991696615,-6.384995349835587e-11,3.7787204134078315e-10,5.570009340504746e-8,4.6898072950809304e-8,0.0015706669739754728,5.81817638410564e-10,-2.2485568825007773e-11,-2.9560022080145106e-6,0.0001807761015873745,-7.125130803526001e-12,1.7015389786755605e-7,-1.418546478067741e-7,-9.097978092373041e-5,4.1488381627801564e-5,1.6223619358188245e-11,4.600550285756687e-14,-0.0038029277401536356,-1.551418845662193e-5,-3.4303100749795645e-7,1.2973423065381648e-11,-1.7149783412049777e-7,-0.0008886223819089471,5.043166818499329e-7,1.0092783722624719e-10,2.3298249238661025e-9,0.004607356129698899,-0.00044548249293371243,5.927077364045295e-6,-0.000408672049441315,3.904541896672913e-5,-0.0003387579188050982,-5.440244533650981e-12,-2.551659980572038e-12,0.0002680964078549364,3.259291379589044e-6,6.552382325477269e-13
0.0,0.0,0.0,0.0,0.0,0.0,0.0,0.0,0.0,0.0,0.0,0.0,0.0,0.0,0.0,0.0,0.0,0.0,0.0,0.0,0.0,0.0,0.0,0.0,0.0,0.0,0.0,0.0,0.0,0.0,0.0,0.0,0.0,0.0,0.0,0.0,0.0,0.0,0.0,0.0,0.0,0.0,0.0,0.0,0.0,0.0,0.0,0.0,0.0,0.0,0.0,0.0,0.0,0.0,0.0,0.0,0.0,0.0,0.0,0.0,0.0,0.0,0.0,0.0,0.0,0.0,0.0,0.0,0.0,0.0,0.0,0.0,0.0,0.0,0.0,0.0,0.0,0.0,0.0,0.0,0.0,0.0,0.0,0.0,0.0,0.0,0.0,0.0,0.0,0.0,0.0,0.0,0.0,0.0,0.0,0.0,0.0,0.0,0.0,0.0,0.0,0.0,0.0,0.0,0.0,0.0,0.0,0.0,0.0,0.0,0.0,0.0,0.0,0.0,0.0,0.0,0.0,0.0,0.0,0.0,0.0,0.0,0.0,0.0,0.0,0.0,0.0,0.0,0.0,0.0,0.0,0.0,0.0,0.0,0.0,0.0,0.0,0.0,0.0,0.0,0.0,0.0,0.0,0.0,0.0,0.0,0.0,0.0,0.0,0.0,0.0,0.0,0.0,0.0,0.0,0.0,0.0,0.0,0.0,0.0,0.0,0.0,0.0,0.0,0.0,0.0,0.0,0.0,0.0,0.0,0.0,0.0,0.0,0.0,0.0,0.0,0.0,0.0,0.0,0.0,0.0,0.0,0.0,0.0,0.0,0.0,0.0,0.0,0.0,0.0,0.0,0.0,0.0,0.0,0.0,0.0,0.0,0.0,0.0,0.0,0.0,0.0,0.0,0.0,0.0,0.0,0.0,0.0,0.0,0.0,0.0,0.0,0.0,0.0,0.0,0.0,0.0,0.0,0.0,0.0,0.0,0.0,0.0,0.0,0.0,0.0,0.0,0.0,0.0,0.0,0.0,0.0,0.0,0.0,0.0,0.0,0.0,0.0,0.0,0.0,0.0,0.0,0.0,0.0,0.0,0.0,0.0,0.0,0.0,0.0,0.0,0.0,0.0,0.0,0.0,0.0,0.0,0.0,0.0,0.0,0.0,0.0,0.0,0.0,0.0,0.0,0.0,0.0,0.0,0.0,0.0,0.0,0.0,0.0,0.0,0.0,0.0,0.0,0.0,0.0,0.0,0.0,0.0,0.0,0.0,0.0,0.0,0.0,0.0,0.0,0.0,0.0,0.0,0.0,0.0,0.0,0.0,0.0,0.0,0.0,0.0,0.0,0.0,0.0,0.0,0.0,0.0,0.0,0.0,0.0,0.0,0.0,0.0,0.0,0.0,0.0,0.0,0.0,0.0,0.0,0.0,0.0,0.0,0.0,0.0,0.0,0.0,0.0,0.0,0.0,0.0,0.0,0.0,0.0,0.0,0.0,0.0,0.0,0.0,0.0,0.0,0.0,0.0,0.0,0.0,0.0,0.0,0.0,0.0,0.0,0.0,0.0,0.0,0.0,0.0,0.0,0.0,0.0,0.0,0.0,0.0,0.0,0.0,0.0,0.0,0.0,0.0,0.0,0.0,0.0,0.0,0.0,0.0,0.0,0.0,0.0,0.0,0.0,0.0,0.0,0.0,0.0,0.0,0.0,0.0,0.0,0.0,0.0,0.0,0.0,0.0,0.0,0.0,0.0,0.0,0.0,0.0,0.0,0.0,0.0,0.0,0.0,0.0,0.0,0.0,0.0,0.0,0.0,0.0,0.0,0.0,0.0,0.0,0.0,0.0,0.0,0.0,0.0,0.0,0.0,0.0,0.0,0.0,0.0,0.0,0.0,0.09999159851090766,-1.8361985057791931e-7,2.0932064962884897e-5,6.587595056215071e-10,6.454898866089736e-10,2.2045495897388537e-7,-2.0714532780563386e-5,3.145390631088087e-8,-0.005801904613393067,-6.454733287220264e-6,6.590849335683118e-10,-2.312246768470911e-5,0.027938707597248882,5.8452241009486364e-5,-1.2041579639661196e-6,2.1931568644162256e-10,5.515066242518788e-9,-9.909187507558073e-5,7.947539159079659e-11,-0.000794987828341526,-2.984279013819417e-10,-0.0018036039953508744,1.990851092986717e-9,-1.1753249613273519e-8,-5.7668584455850155e-8,5.9299139839141325e-6,-1.0837265700922698e-7,-0.002237309498877562,-0.0004831868350474583,-1.6444284151846597e-7,-0.000986979790317999,-3.886797007478078e-9,1.3951179379538813e-5,8.836142001120345e-7,3.5404369827095e-8,3.472763807176123e-8,-9.030350869087904e-5,5.317284523971741e-10,-1.7227790802935064e-5,-0.0003019949520593018,9.224101328866307e-5,-8.05926821292633e-9,7.961129842322567e-10,-1.2389260424029362e-10,-3.067552770478948e-5,3.4614862387881817e-10,-1.7006346167968772e-10,-3.299759376110541e-9,-5.969016920239796e-8,-2.988178386496774e-6,-0.0033124929000873994,0.0003521165833571637,-1.4829546077870129e-9,3.6933419611360673e-9,-2.669767951705112e-10,0.002810047319592187,-2.6360712556571742e-8,-2.6862356295667736e-6,-0.0001335590142932646,5.23409521761818e-5,6.8118147919302805e-9,-0.0013168375318081877,-0.008444321192485362,5.4694208604505716e-8,-6.584744294018032e-8,0.0019726354586181794,0.0001067488900497128,-0.00014288047531309372,-3.527540657833294e-6,0.0008417120785626938,-2.139703188695032e-5,4.4462661813649193e-10,1.2090143093006545e-7,-2.9168942567667068e-5,-4.209167899420631e-5,3.1036915913992777e-9,-1.0986257762388654e-5,-0.0024737446225516473,-6.355682352421359e-7,0.0006322746610674409,0.0047052940310813056,-0.002162313995276481,0.0027668574127440605,-2.599676820138449e-10,0.000431979558659547,-4.485369963358693e-6,-0.00016711528283492875,2.2423215835987842e-7,-3.290564828473474e-5,-2.981309288127828e-9,5.685754506764239e-6,0.0002861343099805734,0.00012140611733444572,-0.006123267740969124,0.005917749252419805,5.378786675921515e-9,-2.455191916594507e-8,-0.013913860509868493,-3.275946219809273e-6,-0.006725976246059606,1.3201747848689635e-5,-9.495616013630139e-6,0.000418184503083313,-3.7242524449312652e-6,2.069027426729189e-6,-0.0001651752122992384,1.3226990539569023e-6,-1.156081594573887e-9,-1.1169521340333063e-6,-2.9773695577177197e-5,0.00011500198360827395,0.0022819897051733103,-4.639767610179995e-5,0.00010731412069497041,1.2555819005469678e-6,4.7955066825283937e-8,5.023245079003599e-7,6.641209790830759e-5,8.725717664186183e-5,0.00023369094335704213,7.573323531606317e-6,0.0010472928634265668,6.654925966344904e-10,-0.000701459046811175,-2.1309612975442965e-5,-3.099726888787227e-5,5.167119983311073e-5,1.8943608405175344e-6,0.018375237376282185,-2.5904366518657656e-5,2.3871506423304204e-5,6.755095809042336e-11,1.9686661327165122e-6,1.605023817615332e-8,5.2886529756475385e-9,1.0373869633525214e-5,-4.476337639022138e-10,-8.03805347530083e-5,-0.015149261064739997,-0.018987664121471085,8.393573490005491e-10,2.515363666845979e-7,-0.000511024024270325,-1.6324341577802218e-5,3.541373342168727e-10,1.419206365737575e-8,6.385913420162593e-5,1.6413575716860435e-8,0.0015624949293140894,-1.627794195669379e-6,4.4547641802467975e-5,-1.830698312385141e-5,0.004795960076674983,0.0004803564117842395,0.049245891140062274,-6.96496525716252e-8,3.0690388455963416e-6,0.0014222496822092778,0.001952434069169441,0.00047645842006155425,-2.7487823102483124e-10,-3.2053287961610146e-8,-7.878880162942723e-7,-4.991863661123615e-6,0.001355282920296101,2.76721125504571e-7,-0.0006203976498459379,-0.004532540842646291,0.0006191703193925912,0.003038686803860742,-0.0008026457638930016,-6.93862225232649e-8,-0.00030770872709415226,-1.5049594805304327e-6,3.464756442024939e-11,0.00013291749904228908,3.2827953429682206e-5,-2.005178562690561e-6,-4.1385316748225415e-7,-2.4928306862918914e-5,-2.50672605814283e-7,1.4685892105339406e-10,-1.2851529785128694e-9,-2.176519638789092e-11,0.0004548077336290607,-3.8744303189397464e-5,0.0005892298874358274,6.02970087345269e-7,5.905869393133445e-7,-1.0843021366287479e-10,-4.2711488444824856e-7,6.86130845897969e-8,9.901983931300321e-5,-1.1144167994185836e-10,-0.017200174526906864,-0.00010369591414630568,6.497866221566989e-5,7.079822766416801e-8,-0.015202968902224516,-0.0012768422070765335,-0.0024030583364762098,1.0158332869830286e-10,-2.228795070623418e-6,1.8096993885983725e-7,2.4383546723629517e-5,-9.822982188064651e-8,0.0003544704552506283,6.585983987794032e-7,-7.345221450941204e-8,-0.0005059685052150782,-8.804031201279648e-8,6.579813668375743e-8,-1.3376707698917164e-5,1.954729192198056e-5,-0.0002699550250253694,7.240146882308085e-10,-1.4040891478001768e-8,-5.215206578571021e-5,-4.450414205206463e-8,-1.287801570236217e-8,5.034639347987167e-5,-2.2292865748489044e-7,0.0030305182240008407,-8.992230669774251e-6,-9.431814705234396e-5,-0.0003399335348633133,1.53807426394273e-9,4.06739915063901e-6,1.6180920422067798e-8,-6.827217850418502e-11,-1.7860336675498415e-5,-3.2968628665665354e-6,-9.01961108713172e-5,6.603949837626328e-9,-3.421691376952316e-8,-0.008646691282679052,3.757604667821494e-5,5.570696987926394e-5,-0.0021626880183524474,-0.001326530277537151,-6.688031670376261e-9,-8.208596447113943e-5,-8.324511419758952e-10,1.7347300633044459e-6,-2.0435863899475153e-5,0.028084823072008144,-0.0006592164012814285,-5.605921394200102e-9,-7.022045745740464e-7,0.0004384341193810017,-0.000174188843738485,1.3416713952838565e-6,-3.304374837850999e-6,-0.0005683795706904344,-6.7039352053942185e-9,-1.555262332428948e-8,-0.0025543994307231396,-0.0016360154210583828,0.0006789631152438766,0.0019605222721232073,-8.198579030995042e-7,-1.3603100535115524e-7,0.0009162517151358619,-1.8334418273185157e-10,1.0454666466590401e-8,5.665096561309866e-6,-5.2844023352515976e-9,8.797494571647522e-5,3.824970491301773e-5,2.436193385553505e-6,-2.3161432258197437e-7,-2.114616552256484e-7,-2.6621029213682123e-8,5.629569150164439e-10,-3.398270403070275e-5,-6.734377558660661e-6,5.055981550006486e-6,0.0008054554322882178,0.00602688859179593,-9.085766957017865e-5,-1.3271505587139905e-8,-0.0026394786640962084,-1.483039858019736e-7,-3.9537336940854135e-6,-9.201718352864843e-8,5.6805541502949e-7,-1.1473570551841584e-9,0.0001509045178365957,2.2111775688600334e-7,1.54333679618223e-10,3.020520106854906e-9,-0.0009970106245171463,-0.00021249509027480918,8.051317448842327e-6,5.455928297061905e-8,1.2286207830510976e-6,1.0512854874662825e-6,-4.762293415798715e-6,-2.1458231038342554e-6,2.1618030603231532e-8,-3.7067828516545625e-7,-1.4398189640043163e-10,-1.6430825573626697e-5,1.4063906965113125e-8,-3.5232781046146363e-7,4.1862561090383e-8,2.3316953411722814e-7,3.300763364040017e-5,9.05953259189851e-10,-8.305964080446141e-10,-1.1430910324360745e-9,5.571144959825923e-6,-1.9280685269808944e-7,0.0027965902145264134,-1.185358873663965e-5,-1.1747416775151783e-11,-0.007483879410761017,0.0007716396663081487,1.949390844632212e-6,-2.8639304360684674e-5,-1.0809412632113675e-6,3.263748511050138e-8,-0.0010594330109818804,-4.197734556586204e-5,0.0011004526216745398,-4.4921276518261606e-8,-0.00049568302610449,-4.086011213861331e-10,6.337441120121255e-6,-0.00022860802116379523,-9.817197567654283e-7,0.003108531810180716,-2.629076166532091e-9,0.000430263342543403,6.569359159245796e-9,2.882149192717438e-8,-2.218114690087519e-10,-0.00029310262206641504,-0.00017293546400190505,9.925946832417459e-5,-8.34480574402762e-5,2.148072139910606e-10,-0.0011474468471783061,-8.186053846232369e-5,-1.779914253681063e-5,-6.206915072933507e-8,3.901497846271584e-5,1.1562079741546991e-5,-0.00024918489193011105,9.903709613700262e-7,1.2985489045055108e-7,1.5317249572277455e-5,-2.1096978327511692e-6,-7.668459260411729e-9,5.280780623483972e-7,-1.028068753194509e-5,0.0004905236600363938,3.7890622369262434e-5,5.3039434099955475e-8,-3.346266233123907e-5,-0.012884533554739046,0.0018860045057731316,1.4444794576471373e-9,-1.771361672801158e-8,3.80898898468804e-7,1.0360511866009254e-7,1.3160960785697855e-7,2.5248805976798265e-7,8.557470504760316e-5,-2.38064698225221e-5,-9.376508149626513e-10,1.8012071756136775e-5,8.115845912659918e-7
0.0,0.0,0.0,0.0,0.0,0.0,0.0,0.0,0.0,0.0,0.0,0.0,0.0,0.0,0.0,0.0,0.0,0.0,0.0,0.0,0.0,0.0,0.0,0.0,0.0,0.0,0.0,0.0,0.0,0.0,0.0,0.0,0.0,0.0,0.0,0.0,0.0,0.0,0.0,0.0,0.0,0.0,0.0,0.0,0.0,0.0,0.0,0.0,0.0,0.0,0.0,0.0,0.0,0.0,0.0,0.0,0.0,0.0,0.0,0.0,0.0,0.0,0.0,0.0,0.0,0.0,0.0,0.0,0.0,0.0,0.0,0.0,0.0,0.0,0.0,0.0,0.0,0.0,0.0,0.0,0.0,0.0,0.0,0.0,0.0,0.0,0.0,0.0,0.0,0.0,0.0,0.0,0.0,0.0,0.0,0.0,0.0,0.0,0.0,0.0,0.0,0.0,0.0,0.0,0.0,0.0,0.0,0.0,0.0,0.0,0.0,0.0,0.0,0.0,0.0,0.0,0.0,0.0,0.0,0.0,0.0,0.0,0.0,0.0,0.0,0.0,0.0,0.0,0.0,0.0,0.0,0.0,0.0,0.0,0.0,0.0,0.0,0.0,0.0,0.0,0.0,0.0,0.0,0.0,0.0,0.0,0.0,0.0,0.0,0.0,0.0,0.0,0.0,0.0,0.0,0.0,0.0,0.0,0.0,0.0,0.0,0.0,0.0,0.0,0.0,0.0,0.0,0.0,0.0,0.0,0.0,0.0,0.0,0.0,0.0,0.0,0.0,0.0,0.0,0.0,0.0,0.0,0.0,0.0,0.0,0.0,0.0,0.0,0.0,0.0,0.0,0.0,0.0,0.0,0.0,0.0,0.0,0.0,0.0,0.0,0.0,0.0,0.0,0.0,0.0,0.0,0.0,0.0,0.0,0.0,0.0,0.0,0.0,0.0,0.0,0.0,0.0,0.0,0.0,0.0,0.0,0.0,0.0,0.0,0.0,0.0,0.0,0.0,0.0,0.0,0.0,0.0,0.0,0.0,0.0,0.0,0.0,0.0,0.0,0.0,0.0,0.0,0.0,0.0,0.0,0.0,0.0,0.0,0.0,0.0,0.0,0.0,0.0,0.0,0.0,0.0,0.0,0.0,0.0,0.0,0.0,0.0,0.0,0.0,0.0,0.0,0.0,0.0,0.0,0.0,0.0,0.0,0.0,0.0,0.0,0.0,0.0,0.0,0.0,0.0,0.0,0.0,0.0,0.0,0.0,0.0,0.0,0.0,0.0,0.0,0.0,0.0,0.0,0.0,0.0,0.0,0.0,0.0,0.0,0.0,0.0,0.0,0.0,0.0,0.0,0.0,0.0,0.0,0.0,0.0,0.0,0.0,0.0,0.0,0.0,0.0,0.0,0.0,0.0,0.0,0.0,0.0,0.0,0.0,0.0,0.0,0.0,0.0,0.0,0.0,0.0,0.0,0.0,0.0,0.0,0.0,0.0,0.0,0.0,0.0,0.0,0.0,0.0,0.0,0.0,0.0,0.0,0.0,0.0,0.0,0.0,0.0,0.0,0.0,0.0,0.0,0.0,0.0,0.0,0.0,0.0,0.0,0.0,0.0,0.0,0.0,0.0,0.0,0.0,0.0,0.0,0.0,0.0,0.0,0.0,0.0,0.0,0.0,0.0,0.0,0.0,0.0,0.0,0.0,0.0,0.0,0.0,0.0,0.0,0.0,0.0,0.0,0.0,0.0,0.0,0.0,0.0,0.0,0.0,0.0,0.0,0.0,0.0,0.0,0.0,0.0,0.0,0.0,0.0,0.0,0.0,0.0,0.0,0.0,0.0,0.0,0.0,0.0,0.0,0.0,0.0,0.0,0.0,0.0,0.0,0.0,0.0,0.05296149733945606,6.762452578431561e-10,-3.819146944150338e-5,0.00016792170781928695,-0.026245452351317658,-9.322798664026915e-11,-0.0027485892090901363,-2.3704295059260873e-8,-2.0547042787988625e-11,-6.761098958298698e-7,1.0567202534982984e-10,7.613927641228617e-8,1.5365180288228225e-11,0.0008576321857417494,-0.00033329034713519437,0.00020581346555868083,7.333501780323419e-5,-2.8888093134457424e-5,-5.020983648691055e-7,3.092450071058829e-5,-1.179560015496273e-8,-0.0002147159812266693,-0.008462534437393098,0.006234478491595087,6.016815562050901e-12,-1.9612425509964006e-11,-9.960367373808963e-9,-1.2462490844803248e-6,-0.0005323481791708267,1.936972721244175e-8,0.00025431097811316766,1.984808273261729e-11,0.0028721307162320794,-0.005856677065703543,0.005376688245925433,1.5644719277873177e-8,-2.5074571125148528e-5,-1.1340660537846023e-10,-5.110381749580407e-6,5.888500915158344e-11,0.001390999250111168,-4.676551496155012e-5,-0.00038037884683319586,4.968592568259039e-12,7.427980817327545e-5,3.473423987972465e-5,0.00011982006017467654,-0.012883464196392485,-8.844528518896691e-12,7.189462682084747e-7,4.379189308770263e-9,3.9026922594391036e-5,-0.0015856078671745513,1.516346441340169e-5,-1.778521483410957e-6,-4.538498396776337e-5,-5.864303337725505e-12,1.8275386171063485e-6,4.172126067962502e-6,0.0011544513065441019,1.8813709352802995e-9,-3.2559526347199154e-9,-0.004435633364376019,0.0050600066346736345,-5.550188873575154e-6,-6.434749529146867e-6,-6.798783843010952e-6,0.0004863560163894222,1.1941414183079895e-8,4.966496438087557e-10,2.0894806204854307e-5,-0.0037271443028979436,-1.3967060893910666e-10,2.3251953079570727e-5,0.0004695988038916951,-0.0001258934714020844,-6.784669105447634e-8,-0.00035336874465039284,2.661825944698718e-9,9.545913411317778e-9,-1.0526266618019205e-7,1.9404568048451488e-9,1.3056519617081884e-5,-1.9610973820298822e-6,9.667188297864449e-5,-1.0211419584943463e-9,1.7676912443862142e-11,-3.3062280337448695e-6,-2.7968065370503243e-6,-3.931500157834826e-12,1.444322838931515e-9,7.871661824640353e-10,-3.273482745013999e-9,-7.209613366269401e-7,0.00044641136128543074,-0.0062795469040800266,-6.238563769838256e-8,0.0002676891266100844,-7.52149547391076e-10,1.8002198720712197e-10,-7.839401179714845e-12,3.957272784809223e-8,-5.69816993899768e-5,-2.126260100557478e-12,1.818394398487193e-9,-0.00027507779555978643,0.0001457831289747028,0.00034007187401125666,7.996829080563274e-6,-6.598817686716193e-9,6.030353913284133e-7,-1.185885455055145e-9,-3.9029647292055813e-5,7.307285273274042e-11,-0.004661375920270368,-0.004328268579543916,7.56487535724187e-10,-7.520451649453627e-6,6.102511955397905e-10,-9.889034577648175e-11,1.908238220357194e-9,-3.125035458238971e-5,6.7202779554897405e-9,2.1359954559290543e-7,2.969542874337596e-5,3.638465618638943e-10,2.2270410027823316e-10,-5.647472482447372e-8,-1.7916602957101492e-10,1.0918113382762168e-5,0.0006254277090883267,3.607681055799084e-12,0.0021058165789598535,0.00041758740777094215,-6.514139675803993e-13,8.319134461578835e-5,-1.9967860633622528e-5,4.937687710857611e-9,2.986608253725129e-7,1.4287264643183312e-5,-0.0020528331797445166,-2.0201796648257856e-6,1.7467839809535046e-10,-0.0001602777713561233,-0.00010190951541951644,-1.0353557804425258e-10,-0.007156625762189848,2.8564339753798625e-7,-0.00087789779960307,4.378944777411397e-6,-1.9351885273396627e-5,2.329817981930112e-7,3.099232281098596e-9,-7.177230627733082e-8,-0.0016972051298019737,0.00030882221331486246,-2.167924412160557e-8,1.0672007084712649e-8,-3.5689964808437633e-10,1.2807843215948799e-5,0.001812771664951044,-1.3794932543804566e-12,-7.635977126530832e-11,1.0395016314186474e-6,1.4826576493521993e-11,-4.4612445732519564e-9,2.988567863137077e-6,-2.3844341805341312e-6,4.228290072434167e-7,-7.351053674972048e-7,0.008496959978147967,3.1020617775680605e-5,-1.456407698638369e-11,1.3858418816713222e-6,2.684332700981072e-6,-4.688220637520394e-6,0.0009197867420727812,0.001918054984083496,2.2647358649070588e-11,7.47953592091582e-13,-1.0988139934836739e-5,-0.00016940019888703013,-2.4036341469158876e-5,-2.599769670443905e-6,1.0837974565199864e-10,5.129724848603451e-9,-0.0035071865741350973,0.0004621368142712137,-2.811469427230619e-5,0.0003889439749410327,-0.012267174443833814,1.012850745995031e-8,3.6351831257862224e-5,1.8447025569117212e-7,-4.005034802509196e-6,7.461037711239332e-5,0.006836086236938601,1.6203511355952855e-8,1.1139686570271399e-8,3.632781907150219e-7,4.20668756515015e-5,-7.273181757056241e-13,-0.0052489469992823045,4.208530649371429e-10,-0.004479716765908302,7.306489427638015e-10,1.4329961257243312e-12,0.0054422443316251385,9.72821865986292e-6,0.0013051877718718605,0.01703311502514921,0.0002168415762876302,0.00018468786628361486,-1.115940085297096e-9,0.00027303260639159366,-4.6047715721493866e-5,-2.948002870391622e-7,-0.0020953550844186445,0.00013882850493970959,5.46152241859411e-6,0.005882937718971523,2.1726339279350963e-9,1.9876651086954317e-5,-1.0163642416267313e-10,6.45794484447831e-6,-8.522172604941589e-5,6.717236537549988e-11,-0.00032294314342352464,1.1949802512829123e-5,-0.0001055446605888511,-2.027702000125839e-11,-6.16427080666504e-10,0.0001881227907894598,0.000376296898160864,9.310868835063058e-10,2.2714972682417802e-10,1.7897158478426631e-10,-5.057569416570176e-8,1.9860970785704772e-6,0.0008495539266020623,1.940562591828962e-5,0.0010605493227594783,-7.837388254572196e-12,1.2031146443506604e-5,6.575970887504531e-8,6.195495049918799e-7,0.00017139748812162894,0.0001069057867290233,4.270183476353138e-9,9.833596489364912e-7,7.594090088225726e-5,-0.00016603394603875076,3.3700832142564262e-9,0.001175260567688633,-0.0033993620079044466,-9.981695865432126e-9,3.6186644895022423e-6,-4.262180145739667e-6,-4.0600184057724137e-7,6.507504961415656e-11,0.0016480658693961193,-2.368055952758152e-6,5.218570523361568e-6,-0.0007889461643272124,-0.0004986439620421039,0.0005999323234350415,2.292469725959326e-7,-4.5883609058648634e-11,-4.8603315763992376e-11,-0.006881591979258577,0.00022963445404711164,-0.006548998572004336,-4.3814851956973574e-5,1.973818845997033e-9,-2.387844250928757e-5,1.6470951913809463e-11,2.9804076998422526e-7,2.0756639409756072e-8,1.3102987721222303e-9,-0.0016293004888741362,7.03190715221403e-9,-0.000316912337259705,0.00023481169504691848,-0.001880931590709044,6.377875393727629e-12,-0.0008836140332644078,-1.6971137011493856e-5,0.001782246472766221,6.450453969564098e-5,-0.00010065418861406969,6.578561531197598e-7,-2.336384775419069e-6,6.61445342349732e-12,-1.7927409043878781e-12,5.864114305974168e-12,0.00188421716673638,-7.154702423675453e-11,0.00010046834264871406,0.0016955195958886333,-0.010454810092009785,-1.0901330401539935e-5,-3.569737825652883e-5,-0.0031382864803320538,6.24375595321689e-13,6.354097144391578e-5,0.0009947034849542287,3.54382298036429e-6,-0.0006113527837107076,-0.000304226655429421,-1.3759097946150279e-6,2.3731165902587103e-12,-0.0015166539625161989,-1.6542876613859635e-8,0.00010621512763975296,3.871893860666824e-5,1.3044629634072892e-7,-5.3164091599039335e-9,-0.0005059652319999851,4.179091525209109e-11,0.00026916011051338165,0.00040084376018611594,-2.0062771061788806e-8,3.330411340352989e-7,1.0106721644055435e-7,0.015161817019937154,-1.1041904757804841e-6,4.572280999261683e-6,-3.7022730104432823e-10,-2.672071492631851e-6,0.00037415205548882793,9.616512637497409e-9,0.0008729397431816285,-6.502080960642035e-10,-0.0012518050228669145,-0.0010900633498949891,3.931491538280584e-6,-4.141369257065501e-9,-4.316486971087378e-9,1.244506484297085e-6,5.322754694434842e-7,-1.2510775642537117e-5,7.934687015013814e-9,-2.987454517012342e-10,0.00018608930817961427,0.005591622277323305,-7.325152042681747e-10,1.9331465208859896e-6,1.099435683555462e-6,-0.00036533364718636474,-0.0011925971949727787,3.38299103538755e-10,1.255851615055498e-11,0.005710216126435139,-2.2209353529610233e-5,-1.194048203210823e-5,-3.0165152312018983e-9,8.038161440581052e-6,-0.0027967115812524597,8.172627518824371e-6,-5.817158421847542e-8,7.112932971849413e-8,-2.115603684604224e-5,0.0007427455519213917,-0.00016635005435594157,-0.003181527418534212,0.0016376614779937495,-0.0050618870865914555,4.198242006240792e-11,-1.4562561796944708e-10,2.9270048402642408e-5,-3.042709857587774e-5,6.686359637775709e-12
0.0,0.0,0.0,0.0,0.0,0.0,0.0,0.0,0.0,0.0,0.0,0.0,0.0,0.0,0.0,0.0,0.0,0.0,0.0,0.0,0.0,0.0,0.0,0.0,0.0,0.0,0.0,0.0,0.0,0.0,0.0,0.0,0.0,0.0,0.0,0.0,0.0,0.0,0.0,0.0,0.0,0.0,0.0,0.0,0.0,0.0,0.0,0.0,0.0,0.0,0.0,0.0,0.0,0.0,0.0,0.0,0.0,0.0,0.0,0.0,0.0,0.0,0.0,0.0,0.0,0.0,0.0,0.0,0.0,0.0,0.0,0.0,0.0,0.0,0.0,0.0,0.0,0.0,0.0,0.0,0.0,0.0,0.0,0.0,0.0,0.0,0.0,0.0,0.0,0.0,0.0,0.0,0.0,0.0,0.0,0.0,0.0,0.0,0.0,0.0,0.0,0.0,0.0,0.0,0.0,0.0,0.0,0.0,0.0,0.0,0.0,0.0,0.0,0.0,0.0,0.0,0.0,0.0,0.0,0.0,0.0,0.0,0.0,0.0,0.0,0.0,0.0,0.0,0.0,0.0,0.0,0.0,0.0,0.0,0.0,0.0,0.0,0.0,0.0,0.0,0.0,0.0,0.0,0.0,0.0,0.0,0.0,0.0,0.0,0.0,0.0,0.0,0.0,0.0,0.0,0.0,0.0,0.0,0.0,0.0,0.0,0.0,0.0,0.0,0.0,0.0,0.0,0.0,0.0,0.0,0.0,0.0,0.0,0.0,0.0,0.0,0.0,0.0,0.0,0.0,0.0,0.0,0.0,0.0,0.0,0.0,0.0,0.0,0.0,0.0,0.0,0.0,0.0,0.0,0.0,0.0,0.0,0.0,0.0,0.0,0.0,0.0,0.0,0.0,0.0,0.0,0.0,0.0,0.0,0.0,0.0,0.0,0.0,0.0,0.0,0.0,0.0,0.0,0.0,0.0,0.0,0.0,0.0,0.0,0.0,0.0,0.0,0.0,0.0,0.0,0.0,0.0,0.0,0.0,0.0,0.0,0.0,0.0,0.0,0.0,0.0,0.0,0.0,0.0,0.0,0.0,0.0,0.0,0.0,0.0,0.0,0.0,0.0,0.0,0.0,0.0,0.0,0.0,0.0,0.0,0.0,0.0,0.0,0.0,0.0,0.0,0.0,0.0,0.0,0.0,0.0,0.0,0.0,0.0,0.0,0.0,0.0,0.0,0.0,0.0,0.0,0.0,0.0,0.0,0.0,0.0,0.0,0.0,0.0,0.0,0.0,0.0,0.0,0.0,0.0,0.0,0.0,0.0,0.0,0.0,0.0,0.0,0.0,0.0,0.0,0.0,0.0,0.0,0.0,0.0,0.0,0.0,0.0,0.0,0.0,0.0,0.0,0.0,0.0,0.0,0.0,0.0,0.0,0.0,0.0,0.0,0.0,0.0,0.0,0.0,0.0,0.0,0.0,0.0,0.0,0.0,0.0,0.0,0.0,0.0,0.0,0.0,0.0,0.0,0.0,0.0,0.0,0.0,0.0,0.0,0.0,0.0,0.0,0.0,0.0,0.0,0.0,0.0,0.0,0.0,0.0,0.0,0.0,0.0,0.0,0.0,0.0,0.0,0.0,0.0,0.0,0.0,0.0,0.0,0.0,0.0,0.0,0.0,0.0,0.0,0.0,0.0,0.0,0.0,0.0,0.0,0.0,0.0,0.0,0.0,0.0,0.0,0.0,0.0,0.0,0.0,0.0,0.0,0.0,0.0,0.0,0.0,0.0,0.0,0.0,0.0,0.0,0.0,0.0,0.0,0.0,0.0,0.0,0.0,0.0,0.0,0.0,0.0,0.0,0.0,0.0,0.0,0.0,0.0,0.0,0.0,0.0,0.0,0.060771111274885076,2.3936158143698196e-12,-5.233404333347081e-12,6.048388918389842e-10,-0.009322040485728048,3.509680797541166e-10,0.0005303025934100456,0.0008353767790018535,6.035410889022164e-12,0.00455327778666915,0.0006470501377672388,0.0036116805291638156,-1.6063314437958634e-8,1.6066534006136257e-11,1.8257590794272794e-11,-8.536782253890026e-7,7.59756267018231e-13,1.3323886587010424e-5,-2.1004202558830634e-12,4.2079748690113894e-5,5.2554761590395655e-11,2.0454709939478194e-10,2.662636683250072e-10,-0.0006761641356823615,-3.530177301003411e-5,0.0017170329458308174,7.610236570341179e-6,1.1046411453809782e-8,0.0003378524388806278,-3.147208070593686e-11,9.271371448749923e-5,-8.178288431427059e-10,-2.931941344112799e-10,3.7246091521928115e-10,0.0027904938302734665,2.826474463564194e-12,-0.0020217303479290885,6.906757922026163e-6,0.00826451617809817,-5.4296537234596106e-11,7.38595348024992e-12,1.2363528711287588e-11,0.002108550406805429,-1.1719890768394271e-12,-1.8489485247750606e-11,4.5109497843621655e-11,-2.0287781181171245e-10,0.00032198358365966636,5.791976487512802e-5,-0.0024291043822736763,-1.6978097003325572e-11,4.852081106847338e-11,-7.837024241221103e-13,-2.1989026152436098e-5,-1.3097669355712483e-10,7.949182018283804e-5,4.186055714381434e-6,-1.242515009420368e-6,9.5018662019135e-12,-0.0068015277265031735,-0.0002426057594197182,1.497947059731492e-10,-8.44430251632602e-10,4.354970579743351e-6,-2.500311165718946e-6,1.1915951100231905e-6,1.067287476110068e-8,-0.0046845753759308835,0.002303721174450156,3.1422552809965264e-12,7.762125547546487e-10,-0.004829361206711849,2.695650906755065e-7,1.4937451928511647e-10,-4.438348051867984e-8,-6.144885556259119e-5,-1.5817900149498923e-7,0.007556777824065255,3.411071260758629e-5,-8.771766325933461e-5,2.4243533516949327e-5,-7.318009939004021e-13,2.33718450613501e-5,5.701246158616032e-9,-0.004512944082064276,0.0004446880655182735,-2.7194707521338436e-7,-3.653465459351852e-11,-0.0006456856941651806,0.0052330448888580515,-0.004435365984965116,0.0017860254717542018,-6.836972336370841e-6,4.312227281760683e-11,2.1947785075132294e-10,-1.7870836310781335e-5,1.6520593593161716e-7,0.0010773796913245834,0.0023086803043104683,-0.008116970477652148,-0.00019939963802016503,-4.957253658159204e-7,5.4438381869840175e-5,0.020234654788618717,-1.0426515573922182e-8,-9.774314330068786e-12,7.298016696212315e-9,7.15953770809953e-7,-0.001009416543425028,8.99569288130684e-5,-0.03120999572163558,-4.860834727531598e-7,0.005246739212708907,1.0766584639962333e-9,2.114750691071087e-9,0.015940639661890462,8.953049383944383e-7,0.009547219982570467,0.0002855236946567721,-0.002958895795601473,1.7548059026401746e-13,-0.0005086692976370999,1.092440904126807e-7,-7.112454740390668e-8,-0.0006539331740509328,0.0012817654551610137,-0.00036821465163151514,-0.005223356687198553,1.2755186974327916e-6,-1.3874505328681956e-11,-0.00013190745796936912,-1.2271696829864299e-10,8.059962387616702e-12,0.000994088107988745,-4.475955554459481e-12,8.600412919579986e-7,4.050792527084066e-6,-9.260616349036812e-5,2.2296691752109113e-12,8.200315624544355e-9,1.0013561811148114e-5,0.004130026115156963,1.2913275744140741e-12,1.7113746720707495e-11,-0.00594792252438138,3.2248782238181167e-10,-1.9136783667583787e-6,-1.823633179559008e-8,-1.127058667306295e-6,-1.8137817594365084e-7,7.288558492320097e-5,-0.0009337961750705557,-0.00014773383991742117,-1.0594661550396033e-9,-2.080170427183545e-8,-0.0008518582992258576,-0.0014441314605871118,-0.016855106826154043,-8.12334612678617e-13,2.362478255834849e-10,0.00012629967093894992,-0.00016382888734306833,-4.16576295546824e-5,0.00047252168799230435,0.0039946172003087164,-1.427787561267968e-5,5.804285719188493e-6,-5.464845651897327e-5,1.5760655310992124e-5,-4.699287527670836e-11,3.6675765023095553e-7,-0.00031788506915986686,4.878284365940348e-13,2.359618748386761e-7,-8.034902887501268e-8,-2.120797227057598e-8,1.5524278613974823e-8,0.0020310799713282217,-0.0002458657548183196,1.3325055965411714e-12,-6.911397563414336e-12,1.5366672329903304e-13,-1.1430762007202382e-5,-0.00748557788575754,-0.0010794750678059719,2.060110208307039e-9,5.126542441109439e-8,3.947582796120845e-13,1.6778318802751827e-8,-8.016482994671159e-10,0.0017896004489619394,-2.5441649390646637e-13,2.076551690995123e-5,-4.349689312894376e-7,-1.499450757088636e-7,-1.568843479682405e-9,0.00016266759408650354,0.0008083324494019607,-6.002776936439842e-5,3.3651202842249293e-12,0.00021682711827579744,1.232946687631665e-10,0.016543384224149287,2.4719029430425174e-10,0.001439140938226672,6.84496371959549e-5,-2.4626523043133914e-10,-2.381442133238428e-6,-1.5145056841099083e-9,2.6557659016873516e-10,8.309249060135511e-8,-2.8136127946124035e-8,-0.006539070251851412,-1.3522951436919434e-11,-6.718423099354596e-11,1.3797434449112799e-5,-9.654313449506312e-9,-2.3417781502512022e-11,-3.3867900179612917e-7,2.575451503956692e-9,0.00045006680161523247,-1.0384490509383669e-8,0.00030925953149025755,3.352964857559546e-6,1.5020203509477165e-11,0.0005209081997986968,1.5488086052603023e-10,-2.513412201573648e-13,6.137052101316155e-8,0.001202593609853676,0.005198381614970068,2.1648980809961817e-11,9.3653722080929e-11,-0.000262638559658355,0.001394361448781393,-0.010482918377750353,-0.0002343254054343988,5.53977976997528e-6,-6.219500094826229e-11,1.756662132941971e-6,8.471368601745325e-12,1.950199402471897e-5,-1.0930946949678453e-7,0.0006514706810011442,7.1039802852514125e-6,-3.0653971667258014e-11,-9.122969637505883e-8,0.0006055861641662478,-1.6931718244363183e-6,3.981909016957581e-10,-3.250683234092699e-8,-0.004119819434274177,-3.4689132879835604e-11,-2.488626897494013e-10,-0.0005512694289121142,2.4323266061590115e-6,-2.9241548522018166e-6,-3.579332972227472e-5,-0.0005312000369177336,-2.6602309114531803e-9,-1.3635779889392316e-5,-2.2448330481895794e-13,-2.6139053399360472e-11,-2.0739325535955676e-8,-5.095601814135623e-11,4.524487631303135e-5,-0.004894333509440601,-0.0006556311855573718,-2.31527869179735e-9,3.939659257127021e-9,1.697434349944111e-9,7.218077595382714e-13,-0.001029919761524016,3.9693533009000827e-7,-0.0008886632687833967,0.00018325587372521355,-0.0005821467361876474,0.020958645593336038,8.741601609433015e-11,-0.0002843763875370479,5.1765504595960086e-9,-7.891554634808158e-9,-3.333231688749622e-10,0.00018231761812321172,2.234672181342093e-12,-1.7912931260985514e-6,6.1510307203388805e-9,3.302784800022649e-12,1.792360499831325e-11,-1.2278108685131832e-5,2.314308491926938e-6,-0.0002576373470798198,-6.264211364976057e-5,0.0002135210517354884,4.516402898908022e-9,-0.0017114984893084688,-4.879901310888395e-9,4.437603730610844e-10,-3.3956898369045555e-10,1.972683059600154e-12,-2.953513236132705e-7,1.551865474183936e-10,-1.4753735994577936e-5,6.869156486846391e-9,3.307431880833073e-9,5.184178142301707e-7,5.5441051494745924e-11,-1.850027454525939e-12,2.3537139201012928e-11,-1.927279904051974e-5,-2.2252204942911183e-9,0.000135614583809174,1.592944923834534e-7,1.5851386351914406e-12,-0.00012070413138933108,0.0013061374213819848,4.15776022075647e-8,0.0025385083603679114,6.681805204627488e-8,-5.719838533037476e-11,0.0007745406759693275,2.637346252909722e-6,1.4002194810488143e-5,-2.9040260950836933e-10,3.519319112526386e-6,-3.015692127894411e-12,-0.012904205341806568,-1.1615615537854486e-6,-1.546679353077492e-8,-0.00039978545572691524,-8.578796713665073e-12,0.014929035144085688,5.226026500898751e-11,3.051108307785589e-10,-1.3269513523293615e-12,-0.002196951644902883,0.000247007818516222,-7.372821952154803e-6,-2.296068600709227e-6,-5.145020072710341e-13,-0.0021347805706128276,-0.009139029218486165,1.3327445546762194e-7,-5.251828622625852e-10,-0.0029513975404633816,3.435524248970739e-6,3.38278517980415e-6,6.752684222863915e-10,7.103634588173479e-9,0.007869818628401798,0.0008632307478332034,1.0089752844439927e-10,-1.8516082763907815e-8,4.031748033992504e-7,0.0003439510477930116,1.7154347528092752e-6,1.1796042217550578e-9,1.6715715572381838e-6,0.00013295827447988207,1.8099588959752286e-5,1.2025387660354144e-14,1.1246654632059744e-11,2.1497134743774733e-10,-1.5854617415834203e-10,-2.603055676370811e-9,1.4328290768222613e-9,-0.00528508251782894,-0.004350351730953402,-2.447751148086579e-12,2.1582511792154425e-7,0.00016214243213749188
0.0,0.0,0.0,0.0,0.0,0.0,0.0,0.0,0.0,0.0,0.0,0.0,0.0,0.0,0.0,0.0,0.0,0.0,0.0,0.0,0.0,0.0,0.0,0.0,0.0,0.0,0.0,0.0,0.0,0.0,0.0,0.0,0.0,0.0,0.0,0.0,0.0,0.0,0.0,0.0,0.0,0.0,0.0,0.0,0.0,0.0,0.0,0.0,0.0,0.0,0.0,0.0,0.0,0.0,0.0,0.0,0.0,0.0,0.0,0.0,0.0,0.0,0.0,0.0,0.0,0.0,0.0,0.0,0.0,0.0,0.0,0.0,0.0,0.0,0.0,0.0,0.0,0.0,0.0,0.0,0.0,0.0,0.0,0.0,0.0,0.0,0.0,0.0,0.0,0.0,0.0,0.0,0.0,0.0,0.0,0.0,0.0,0.0,0.0,0.0,0.0,0.0,0.0,0.0,0.0,0.0,0.0,0.0,0.0,0.0,0.0,0.0,0.0,0.0,0.0,0.0,0.0,0.0,0.0,0.0,0.0,0.0,0.0,0.0,0.0,0.0,0.0,0.0,0.0,0.0,0.0,0.0,0.0,0.0,0.0,0.0,0.0,0.0,0.0,0.0,0.0,0.0,0.0,0.0,0.0,0.0,0.0,0.0,0.0,0.0,0.0,0.0,0.0,0.0,0.0,0.0,0.0,0.0,0.0,0.0,0.0,0.0,0.0,0.0,0.0,0.0,0.0,0.0,0.0,0.0,0.0,0.0,0.0,0.0,0.0,0.0,0.0,0.0,0.0,0.0,0.0,0.0,0.0,0.0,0.0,0.0,0.0,0.0,0.0,0.0,0.0,0.0,0.0,0.0,0.0,0.0,0.0,0.0,0.0,0.0,0.0,0.0,0.0,0.0,0.0,0.0,0.0,0.0,0.0,0.0,0.0,0.0,0.0,0.0,0.0,0.0,0.0,0.0,0.0,0.0,0.0,0.0,0.0,0.0,0.0,0.0,0.0,0.0,0.0,0.0,0.0,0.0,0.0,0.0,0.0,0.0,0.0,0.0,0.0,0.0,0.0,0.0,0.0,0.0,0.0,0.0,0.0,0.0,0.0,0.0,0.0,0.0,0.0,0.0,0.0,0.0,0.0,0.0,0.0,0.0,0.0,0.0,0.0,0.0,0.0,0.0,0.0,0.0,0.0,0.0,0.0,0.0,0.0,0.0,0.0,0.0,0.0,0.0,0.0,0.0,0.0,0.0,0.0,0.0,0.0,0.0,0.0,0.0,0.0,0.0,0.0,0.0,0.0,0.0,0.0,0.0,0.0,0.0,0.0,0.0,0.0,0.0,0.0,0.0,0.0,0.0,0.0,0.0,0.0,0.0,0.0,0.0,0.0,0.0,0.0,0.0,0.0,0.0,0.0,0.0,0.0,0.0,0.0,0.0,0.0,0.0,0.0,0.0,0.0,0.0,0.0,0.0,0.0,0.0,0.0,0.0,0.0,0.0,0.0,0.0,0.0,0.0,0.0,0.0,0.0,0.0,0.0,0.0,0.0,0.0,0.0,0.0,0.0,0.0,0.0,0.0,0.0,0.0,0.0,0.0,0.0,0.0,0.0,0.0,0.0,0.0,0.0,0.0,0.0,0.0,0.0,0.0,0.0,0.0,0.0,0.0,0.0,0.0,0.0,0.0,0.0,0.0,0.0,0.0,0.0,0.0,0.0,0.0,0.0,0.0,0.0,0.0,0.0,0.0,0.0,0.0,0.0,0.0,0.0,0.0,0.0,0.0,0.0,0.0,0.0,0.0,0.0,0.0,0.0,0.0,0.0,0.0,0.0,0.0,0.0,0.0,0.0,0.0,0.0,0.0,0.0,0.0,0.0,0.0,0.0,0.0,0.0,0.0,0.0,0.04210795025214492,-0.00435912918958094,9.566191377775429e-5,5.111958527984205e-13,0.00023575030005171973,-9.008938722712428e-10,-6.366860932276095e-15,0.0024591489406239715,1.5096541173688622e-13,1.333187082377981e-9,3.9266738520800393e-13,4.0417711522024373e-7,0.0018001427225753277,0.0005889804639009977,-4.219576115632867e-7,0.00169418609177206,5.833837492964592e-9,-0.013492026207586626,4.287738508802282e-11,0.0011052827782127772,0.00010476682120430639,-4.4655317677880934e-5,3.577813771402352e-14,1.928114761209627e-14,2.5733849047153363e-11,-9.500224717335196e-9,-5.040021823494134e-7,1.3774351881913435e-10,0.0016099646278967695,-2.1413636549240519e-13,9.890733611329757e-6,0.0004057083322739501,4.939512602994245e-5,-1.7307171398397155e-11,-0.0018433636657877728,1.675747332162894e-13,-1.4563089774411758e-8,2.3748566055334395e-12,-0.004013837041195408,0.0032547065584269254,0.0006259790851072636,-1.0906645646113114e-12,0.002126000577247067,-0.0007373275783141037,-1.9261425171598016e-5,-4.6419213091880245e-5,-1.7690220943121544e-13,1.954960086684505e-9,3.561511314617e-11,-0.0027368929890572435,-0.0002556022068282448,0.0015493574366182076,-2.0904893213655058e-9,0.00014593905884678025,-2.4756881480431223e-14,-4.954727668777831e-10,-5.0651587187124884e-8,0.00012978422777230186,-6.162872816044415e-12,1.833801442572915e-10,0.00028588047655162804,-0.0002829249778254898,2.5289534693196534e-8,2.148075484546631e-8,-1.8373385993732882e-7,-7.781051229365639e-7,3.54337529298296e-12,-2.4134151679058463e-12,0.0007613714222628755,6.0038582713338245e-5,1.0196329966598678e-12,3.913495151480907e-8,9.907001032677005e-5,-1.7127397479159596e-6,-3.8303126650075385e-9,-7.81566460561464e-7,9.243351552663928e-12,-7.76413005940193e-10,1.154736609882214e-10,4.0158454148010435e-9,-0.009645428481681593,8.34036134121098e-9,3.366770804345307e-7,-1.9904079482755367e-12,5.604418338454478e-15,2.1006417709272202e-7,-0.0041502506663172725,4.352364413932979e-15,6.9929890562793146e-12,-2.754856212965593e-12,-2.6414817970095216e-11,2.1252226289739707e-9,0.0007044162433483238,-5.11492911085687e-6,1.0620077332977724e-9,2.2586202160854075e-6,5.283928716467517e-11,-7.668155223916693e-13,-2.2912445367201476e-12,-7.203145025061674e-11,-2.809155265123722e-7,5.678247040160677e-14,2.7909392309375188e-12,2.1355582666673923e-8,-0.001936096190517613,2.4471013282227574e-6,1.970088111843449e-8,-2.6872919638189527e-12,-6.028816832245342e-10,7.084453705619675e-12,-2.5810710695753914e-8,6.404940157416933e-14,-3.5261489697373404e-5,1.791118946178606e-5,-2.9976073271586408e-12,7.436835037901367e-8,-3.393653631366191e-11,1.3535141140955478e-13,-5.8821331617266474e-12,0.016098310788769454,-1.4970128918528618e-12,-4.405139960607179e-7,1.2093517559508047e-7,1.6302451401522963e-12,-9.862369193580386e-13,-4.961404541069184e-10,8.276962310919818e-13,8.072898237886852e-8,-0.000792666052489949,2.1421636043826885e-14,-0.00013582669421152512,0.0009110412835372032,3.4499434480908957e-13,-0.005699117893070935,-2.3970888255385143e-7,-5.045468480465597e-11,-6.341882440124885e-10,-0.0013355052810516807,-9.750732442773082e-6,-4.486406752589244e-9,8.203414064961341e-13,0.004102577367620621,-0.0003407085760444136,3.607830677309649e-14,-9.338174546332301e-5,-7.718897972851729e-11,3.964354161347633e-7,1.3284311803854987e-7,1.303381233307995e-8,9.68481313166705e-10,-1.75333016509013e-11,-1.9642063331744612e-10,-1.906448381946201e-5,1.7329150944331247e-6,1.0809390985452346e-10,2.3295776944838325e-11,-2.4906643877387607e-12,-0.0024738538402610207,-8.999612744055455e-5,4.5749812741384004e-15,4.764715962981467e-13,8.761612052347685e-10,-3.5239734721928576e-14,2.333016855031528e-11,-1.5959341322995064e-8,1.3502061778424468e-8,9.578203587346453e-10,-1.420908269484526e-10,-9.31038151827324e-5,-3.7830217756505786e-8,9.746516631661161e-15,-0.0016150345518142293,5.363854400923115e-9,5.1545183970047494e-8,-2.29038030430627e-6,-5.0132529479172185e-6,-3.0598505031629486e-13,4.766034967232395e-14,0.000965195628063769,-0.001560562661181294,0.013027388507785361,-6.252951086314263e-9,7.2511981633561245e-12,-8.775920658137436e-12,2.2539126010991777e-5,1.5888264394025005e-6,0.0006549292024296525,3.6934707860180316e-6,-3.503808464230168e-5,-1.612820940638986e-11,-0.004337686552097026,1.127764099353967e-9,-3.8055265042748007e-8,1.0829461382032735e-7,5.323293518329321e-5,-2.434928353100657e-10,2.889133168696665e-11,1.4730603137348065e-9,0.0023604168713710827,-1.8093021057802256e-14,0.0001555655321170672,5.5589306692583605e-12,-7.322621202113872e-6,-5.1936738809375265e-12,5.436389128695776e-14,-5.955169862421862e-6,-1.700323132740855e-8,2.634875361987525e-6,5.790651651531008e-6,-1.902383147293277e-7,4.0968808623006077e-7,-6.145728636478037e-12,0.0006151768245135118,-0.00017376382701875717,-2.8217825364720034e-9,-3.7938917938458814e-6,-0.00010688804042561664,-1.0871185190127599e-8,-1.2793609444678655e-5,1.003947988509851e-10,-3.6511667547011375e-7,1.4351132966501179e-12,-1.1197353192557697e-8,0.00035388166018268994,-3.945284016093898e-14,0.0008427116131605178,0.001985471192843043,1.5929244679626033e-7,-6.791683613214728e-14,-2.5437735543131794e-13,-0.0009076284781441143,-0.0006407822359417562,3.2419453333002004e-10,-8.350497692420134e-13,-7.575496272860824e-13,-5.003540729192689e-11,4.269604272095548e-9,-0.000546590192005085,1.667354889983471e-8,0.00011542029846886874,1.4221023747967977e-13,-3.478099148292889e-8,-2.149964132655259e-10,2.4074420745811682e-9,0.0001565624769144716,3.970023419848137e-7,-1.9253310253801403e-11,4.262397970508217e-11,8.839949411885415e-7,-1.9741483517257444e-8,4.389108399903822e-12,-0.0009907641376881366,1.3209497901515178e-5,-8.054013516250476e-11,-1.4043513077941988e-8,1.1441652878644292e-8,-2.0759280119979203e-9,6.491354178917555e-14,-2.677476200199321e-6,-3.054689738881359e-9,-0.008271511313396412,0.002156790274215998,2.5825553389705075e-7,-0.005247970042874873,-6.477141563234459e-10,1.6816174242454002e-12,9.834136520583878e-14,-2.0633875974826672e-5,1.0646212561485443e-6,2.757186378835365e-6,0.02442346750546806,-1.3300384439684308e-12,-1.0537262468984516e-7,1.025706176554382e-13,-1.2336504379416792e-9,1.2411611362185392e-10,-1.8772815384100362e-13,6.321740266809346e-5,-1.4271225165806697e-11,7.725810815738085e-7,-3.1508365773461464e-6,-0.0001523041818237845,-1.0356178621388844e-14,7.383850555243908e-5,1.929962569273691e-8,2.982277886617911e-6,-0.002444312848465808,0.008951027947112222,-2.9244502975617547e-9,-1.0220386435982595e-8,5.532581675882226e-14,1.2332251240079258e-15,-2.2058325613425057e-15,3.476414672373557e-5,-3.0923293102714053e-14,1.7786544878191988e-7,6.761907076599174e-5,-1.953645796981322e-5,0.0026769508153661656,-7.600552323117732e-8,0.0004060352677455706,-1.398562484044248e-15,5.152887389223581e-7,3.160019248436266e-5,1.514677792133119e-8,0.0002303378684480783,0.0021609818329941222,0.0015837286980204754,-3.45258979386135e-14,-4.135447431998709e-6,5.457903868007893e-11,1.0984737557525774e-7,-0.0064763167858116555,-2.4495899867113046e-9,-8.28332913667192e-12,-3.3815661875665106e-7,-2.7279653371366606e-14,1.569766524463985e-6,0.00014202041945440738,-1.9518620587733204e-12,-9.531743404102915e-9,2.643201891415061e-9,-8.905104375024664e-6,-2.0878281605435643e-8,-0.0020019784717677023,5.23258772470521e-13,3.2718649332730797e-10,-9.056016127586152e-7,-3.6685183880840326e-11,-0.003148707238238178,-3.1345500708283584e-12,0.0009035248263616755,-0.00015180519833183994,-0.007818710020013444,6.6484485698691614e-12,-5.780127449439272e-11,3.2630411546283794e-9,-1.0615769848394377e-9,-0.006062896177701649,4.504015449693516e-11,-2.5501585997320118e-12,-2.3356906226484995e-7,1.4555162417233919e-5,2.0929636689335924e-12,5.504144852767508e-9,7.436063543628231e-9,1.110030519630502e-6,-3.1096161623427174e-6,-2.713274108552019e-13,1.851375172940694e-14,0.00015077016170948613,-4.950382283196916e-7,-3.0932034256055446e-8,1.3986121230083399e-11,4.338410241651133e-8,7.657792135445876e-5,7.67066478120586e-9,3.4650509610207675e-11,2.7482524077846403e-10,0.001397211406330735,-0.00010204189868454713,1.8872390661126195e-6,-1.2126881099983512e-5,3.902663290575342e-6,-1.7468617820600386e-6,1.7343611997801487e-12,-1.242382918738651e-13,-0.010428243766374601,3.527721917353686e-7,4.030250194083656e-14
0.0,0.0,0.0,0.0,0.0,0.0,0.0,0.0,0.0,0.0,0.0,0.0,0.0,0.0,0.0,0.0,0.0,0.0,0.0,0.0,0.0,0.0,0.0,0.0,0.0,0.0,0.0,0.0,0.0,0.0,0.0,0.0,0.0,0.0,0.0,0.0,0.0,0.0,0.0,0.0,0.0,0.0,0.0,0.0,0.0,0.0,0.0,0.0,0.0,0.0,0.0,0.0,0.0,0.0,0.0,0.0,0.0,0.0,0.0,0.0,0.0,0.0,0.0,0.0,0.0,0.0,0.0,0.0,0.0,0.0,0.0,0.0,0.0,0.0,0.0,0.0,0.0,0.0,0.0,0.0,0.0,0.0,0.0,0.0,0.0,0.0,0.0,0.0,0.0,0.0,0.0,0.0,0.0,0.0,0.0,0.0,0.0,0.0,0.0,0.0,0.0,0.0,0.0,0.0,0.0,0.0,0.0,0.0,0.0,0.0,0.0,0.0,0.0,0.0,0.0,0.0,0.0,0.0,0.0,0.0,0.0,0.0,0.0,0.0,0.0,0.0,0.0,0.0,0.0,0.0,0.0,0.0,0.0,0.0,0.0,0.0,0.0,0.0,0.0,0.0,0.0,0.0,0.0,0.0,0.0,0.0,0.0,0.0,0.0,0.0,0.0,0.0,0.0,0.0,0.0,0.0,0.0,0.0,0.0,0.0,0.0,0.0,0.0,0.0,0.0,0.0,0.0,0.0,0.0,0.0,0.0,0.0,0.0,0.0,0.0,0.0,0.0,0.0,0.0,0.0,0.0,0.0,0.0,0.0,0.0,0.0,0.0,0.0,0.0,0.0,0.0,0.0,0.0,0.0,0.0,0.0,0.0,0.0,0.0,0.0,0.0,0.0,0.0,0.0,0.0,0.0,0.0,0.0,0.0,0.0,0.0,0.0,0.0,0.0,0.0,0.0,0.0,0.0,0.0,0.0,0.0,0.0,0.0,0.0,0.0,0.0,0.0,0.0,0.0,0.0,0.0,0.0,0.0,0.0,0.0,0.0,0.0,0.0,0.0,0.0,0.0,0.0,0.0,0.0,0.0,0.0,0.0,0.0,0.0,0.0,0.0,0.0,0.0,0.0,0.0,0.0,0.0,0.0,0.0,0.0,0.0,0.0,0.0,0.0,0.0,0.0,0.0,0.0,0.0,0.0,0.0,0.0,0.0,0.0,0.0,0.0,0.0,0.0,0.0,0.0,0.0,0.0,0.0,0.0,0.0,0.0,0.0,0.0,0.0,0.0,0.0,0.0,0.0,0.0,0.0,0.0,0.0,0.0,0.0,0.0,0.0,0.0,0.0,0.0,0.0,0.0,0.0,0.0,0.0,0.0,0.0,0.0,0.0,0.0,0.0,0.0,0.0,0.0,0.0,0.0,0.0,0.0,0.0,0.0,0.0,0.0,0.0,0.0,0.0,0.0,0.0,0.0,0.0,0.0,0.0,0.0,0.0,0.0,0.0,0.0,0.0,0.0,0.0,0.0,0.0,0.0,0.0,0.0,0.0,0.0,0.0,0.0,0.0,0.0,0.0,0.0,0.0,0.0,0.0,0.0,0.0,0.0,0.0,0.0,0.0,0.0,0.0,0.0,0.0,0.0,0.0,0.0,0.0,0.0,0.0,0.0,0.0,0.0,0.0,0.0,0.0,0.0,0.0,0.0,0.0,0.0,0.0,0.0,0.0,0.0,0.0,0.0,0.0,0.0,0.0,0.0,0.0,0.0,0.0,0.0,0.0,0.0,0.0,0.0,0.0,0.0,0.0,0.0,0.0,0.0,0.0,0.0,0.0,0.0,0.0,0.0,0.0,0.0,0.0,0.0,0.0,0.0,0.0,0.0,0.0,0.0,0.0,0.0,0.0,0.0,0.05509851571908407,-4.731861328238467e-5,-2.4722139089030425e-12,0.0004759275928746408,-2.7723007500313125e-10,1.2403218298575943e-13,0.010988843744430491,2.273926156773495e-13,-1.1205668602687368e-9,-1.6460028637296988e-12,-3.086745985793712e-5,-0.0004458584782975976,0.02066332542582346,-2.1069340689273017e-7,0.0008831375710649968,5.645376389157264e-10,0.0023946117166937556,2.1587366816095396e-10,-0.000541827470036721,0.0012351330450138408,0.0007585156818664876,-2.3016600050728384e-13,-4.799280673243021e-14,8.743532917442637e-13,6.334965552266421e-8,-4.1649649317543505e-6,6.281905862926297e-10,-0.011654154065630586,-3.0823411045577356e-13,2.570339306212671e-5,0.00045364340108035436,-6.963812147617806e-5,-1.704838018934688e-11,-0.006896256812494376,2.262121023774533e-13,-9.563515644581421e-8,-2.0510331871605694e-12,-0.006135744254762837,-0.0005817649257037161,-0.008326332021082237,1.1108561004797843e-12,-0.001925948469804202,0.011761422106507277,-0.006701844480034712,-0.00015423634654840367,6.886442472989635e-13,-4.255358074908088e-9,3.599823027995217e-11,-0.02202225239429314,-0.0001806931158008339,0.003692480835448932,1.368370311139387e-8,-0.002869366427022811,2.1095361061775417e-13,2.1100001191085942e-8,7.087354167245565e-8,0.002794188305328559,3.6682049467277317e-11,2.9092698540202623e-11,-0.0006153728908908421,-0.001540067462835048,5.161158534860462e-8,3.288913164111845e-8,-5.050893430567051e-7,-9.143974413633898e-6,3.2115526209692344e-12,1.987425760643597e-12,-0.0003600330469567946,0.00020374730272602234,-4.933957486234175e-12,1.3073827873097884e-6,-0.0005044377673449938,-1.427572519744924e-6,-8.21079936974529e-9,-1.818904926098527e-6,8.123115049733684e-12,7.32832341619756e-10,-3.5327043332703707e-10,3.2038291730647435e-11,0.0033078938792303254,-3.3053745318423275e-9,9.425561871419369e-7,-2.1953830865978344e-12,1.7187018060090158e-13,-4.2339495974972186e-7,-0.0026541730842954063,-3.6037044050828313e-13,-1.8868153385789333e-11,-9.229070744409078e-12,1.895282324760409e-11,4.143126026270923e-9,0.0001684966455706383,8.215481969008866e-5,-1.6197298715640565e-9,1.4112107782337795e-6,-2.702697698193979e-10,3.4047875876713414e-12,3.0940086048623777e-12,3.443798691660551e-11,3.788352315262651e-8,-2.912763984332273e-13,1.162396425212354e-11,6.913851381038142e-6,-0.009560281147425057,-9.110471618604888e-6,-5.26769920461636e-8,1.2097514535708545e-12,1.404987352380248e-9,1.3309000941275093e-11,-4.1043013365390955e-7,2.106187941110842e-12,0.00012472930280733923,0.00016357529200257664,2.2431461295480584e-13,-9.253268528627961e-8,-5.932990190991354e-11,-1.9372785472120072e-13,-2.339403996275784e-11,-0.0030386719686758975,1.0984062899727675e-10,1.4535511072387808e-6,-9.517403108297954e-7,5.859722310176593e-14,-3.535276480303533e-13,1.1611040544778855e-9,2.2738499897571203e-12,-1.8277090652122815e-7,0.0011001203338573077,-8.523090395981457e-14,0.0006723536138654411,0.0073457846005662054,-7.432428702148879e-13,0.01969039729070079,1.0811031852412335e-7,-2.560726320296234e-11,-9.194025271967983e-10,0.023670308314217365,2.5092883692622316e-6,2.3632198442925694e-8,1.1728978133557997e-12,-0.016896798625782996,0.00095514936572832,-2.8086491566003848e-12,-0.0005119863255618708,-7.124136796284571e-10,4.4819598147169416e-7,1.2141696159148358e-7,-2.6890498014002386e-7,1.9072327035051785e-9,6.066869326470479e-11,8.967172455288212e-10,1.900106805520398e-5,3.3133284721633677e-6,7.741613721242024e-11,3.226305986853886e-11,-1.469639707026012e-11,-0.0009509869701448527,-0.0001711467247008968,7.536810723636907e-14,-4.188788517217487e-13,-8.665055042287966e-10,4.980279564619957e-14,5.7217336678563506e-11,-2.0558576338084422e-8,5.5393056470504326e-8,4.238091547300465e-9,-1.962897735471244e-9,0.00011630180373844094,-1.5697074344516082e-7,-3.641472032968775e-14,0.0030614027717047335,-1.2626039422150224e-8,1.3623167565798982e-7,-1.4698836194374596e-6,1.6380960841822392e-5,8.24716702989843e-13,-2.1365690040243967e-13,-0.00243690072322504,-0.004505294377359404,-0.00013154246461006804,-8.438076665940263e-9,1.4844051781958558e-11,-3.462014170646415e-11,3.3719146513961066e-5,1.4745918911764284e-6,-0.0074778838746722195,-3.5776005767324885e-6,-1.0393845899122902e-5,1.6446594457044625e-11,0.006884739089892354,-2.902903073481626e-9,1.493965773249794e-7,-2.0864648356154923e-7,0.0001974940152239226,-1.5588877259158553e-9,7.086683879261792e-11,-2.14238099233449e-9,0.003182549441140444,1.4116107339052397e-13,-0.00010024909142983851,-3.933540849756694e-12,-0.0002510067513717872,-2.7005972660674248e-11,-9.027177151579205e-14,0.0003749085683345696,4.831100024155186e-9,5.545894385334908e-6,9.656023326130873e-5,-3.0089218965424046e-7,3.8338790413416453e-7,-1.4334069319100074e-11,0.010906313912297988,-0.004253108535924658,1.046560865974218e-8,-6.838383387711631e-6,0.0009273401815139923,-2.1475661978851382e-8,1.6769450606851123e-5,7.833746083389523e-10,-2.3046404236301168e-7,-3.7023357378151613e-13,-4.6186469154998104e-8,0.012072563165429628,5.178274462615301e-13,0.0021663351479997866,-0.001055992264539998,-4.398890069315883e-7,8.871733052488521e-14,-4.711912838295548e-13,-0.0016600925194521496,0.0004912590845619546,-5.396320394205178e-10,3.428234307347268e-14,-1.9941180017756977e-13,-2.486962724158771e-10,-1.5228001187547278e-9,-0.0010434083145375117,3.522511387057347e-8,2.6454638055425604e-5,-3.109759994053896e-13,-3.6146993146001293e-7,-1.1055630950758551e-10,-4.440111257070455e-9,-0.0024054389048564534,1.0741164026257166e-6,2.9945960306559557e-11,3.261421350893783e-9,-2.2147672855271147e-6,3.503087116666141e-7,5.0320826956323106e-11,-0.00776706426903129,0.0005473676174556168,8.59596327039813e-11,-1.7095594704234326e-8,6.367503857166566e-8,4.906183036082477e-9,1.3890541318832992e-13,1.2863063506929638e-5,2.860437048438993e-9,0.0005244914488810816,-0.0014296244474812075,2.4128582033518273e-6,-0.00897657857824557,4.732032903580243e-9,-4.07553536813791e-12,-5.413878794732529e-13,1.7597861012127526e-5,-1.4114789512037807e-5,5.36764452048719e-5,-0.0037156567769553927,1.3722463153535542e-12,4.5104453797457327e-8,-2.729921741994429e-13,-8.446146454552171e-10,-2.3273908496182176e-10,1.4881981594407816e-12,-0.000579517232546465,-2.703866118980161e-10,1.4358932271213848e-5,4.245405323687183e-6,-0.0007314857101233708,1.4101042312717415e-13,0.0010220911551644819,8.107617124150626e-8,-9.021124894444173e-6,-0.01119344855945214,0.002885721801424683,-4.9883902787337606e-9,-9.20103108177191e-9,-6.104116853650459e-13,3.389117437330111e-14,1.7975174878164108e-13,6.485966727144853e-5,9.881768281332912e-13,1.7073934157338722e-6,0.0002876163049924949,-3.100996657090811e-5,0.001634870500817185,-9.362802895334906e-8,0.0007661296961603959,3.127353461468932e-14,1.2201925938814463e-6,6.639898294644663e-5,-1.862591063724174e-7,0.0005425364691736619,0.003994310019109326,-0.004353801689403061,-2.526068391431323e-13,-2.622505081594581e-5,4.677307085697459e-10,4.0250137646040897e-8,0.0028097549928067407,6.197423042971051e-10,4.073004251488318e-12,-1.2012855016664623e-6,3.649344779046688e-13,-3.77043916274787e-6,0.00025670544318404803,4.530169890707889e-11,-1.923752157078721e-8,-4.664684347277757e-10,8.013885041010872e-5,-2.5931650643434544e-8,0.004092513121000825,-1.576838102828327e-13,-9.332464410657557e-9,-3.687666747634e-7,-1.963573185184635e-11,0.00027231249900972317,-2.882477060491495e-11,0.0012033435286334443,0.001331692408775929,0.0007609589491661959,1.0922709757894119e-11,-6.136348010735034e-10,-3.2920633701640467e-9,-9.8663785909903e-9,-0.003276116639001484,5.983371394994778e-11,4.122324998619319e-12,7.625905315551448e-7,4.556474396985383e-5,-6.174119168002495e-12,-1.3399834886300722e-8,7.093242708869554e-9,-1.1364237205441866e-5,2.1128563366740853e-5,-1.4368729547512677e-12,2.702356213934576e-13,-0.0002624700777332455,7.142776504784088e-7,5.4343888112416007e-8,-6.903576319000792e-12,-6.78771497337536e-8,0.0004389993321207906,-2.5853134428489324e-8,1.1312636647194999e-10,3.6784875826755973e-10,0.021525296683816107,-8.159726132001632e-5,3.991379654712549e-6,6.54409575423775e-5,-4.626487943937881e-6,-1.2744588978507657e-5,-2.377747154988968e-12,-2.292383785890024e-12,0.002493556194928386,-6.051063506480596e-7,6.028935265452958e-15
0.0,0.0,0.0,0.0,0.0,0.0,0.0,0.0,0.0,0.0,0.0,0.0,0.0,0.0,0.0,0.0,0.0,0.0,0.0,0.0,0.0,0.0,0.0,0.0,0.0,0.0,0.0,0.0,0.0,0.0,0.0,0.0,0.0,0.0,0.0,0.0,0.0,0.0,0.0,0.0,0.0,0.0,0.0,0.0,0.0,0.0,0.0,0.0,0.0,0.0,0.0,0.0,0.0,0.0,0.0,0.0,0.0,0.0,0.0,0.0,0.0,0.0,0.0,0.0,0.0,0.0,0.0,0.0,0.0,0.0,0.0,0.0,0.0,0.0,0.0,0.0,0.0,0.0,0.0,0.0,0.0,0.0,0.0,0.0,0.0,0.0,0.0,0.0,0.0,0.0,0.0,0.0,0.0,0.0,0.0,0.0,0.0,0.0,0.0,0.0,0.0,0.0,0.0,0.0,0.0,0.0,0.0,0.0,0.0,0.0,0.0,0.0,0.0,0.0,0.0,0.0,0.0,0.0,0.0,0.0,0.0,0.0,0.0,0.0,0.0,0.0,0.0,0.0,0.0,0.0,0.0,0.0,0.0,0.0,0.0,0.0,0.0,0.0,0.0,0.0,0.0,0.0,0.0,0.0,0.0,0.0,0.0,0.0,0.0,0.0,0.0,0.0,0.0,0.0,0.0,0.0,0.0,0.0,0.0,0.0,0.0,0.0,0.0,0.0,0.0,0.0,0.0,0.0,0.0,0.0,0.0,0.0,0.0,0.0,0.0,0.0,0.0,0.0,0.0,0.0,0.0,0.0,0.0,0.0,0.0,0.0,0.0,0.0,0.0,0.0,0.0,0.0,0.0,0.0,0.0,0.0,0.0,0.0,0.0,0.0,0.0,0.0,0.0,0.0,0.0,0.0,0.0,0.0,0.0,0.0,0.0,0.0,0.0,0.0,0.0,0.0,0.0,0.0,0.0,0.0,0.0,0.0,0.0,0.0,0.0,0.0,0.0,0.0,0.0,0.0,0.0,0.0,0.0,0.0,0.0,0.0,0.0,0.0,0.0,0.0,0.0,0.0,0.0,0.0,0.0,0.0,0.0,0.0,0.0,0.0,0.0,0.0,0.0,0.0,0.0,0.0,0.0,0.0,0.0,0.0,0.0,0.0,0.0,0.0,0.0,0.0,0.0,0.0,0.0,0.0,0.0,0.0,0.0,0.0,0.0,0.0,0.0,0.0,0.0,0.0,0.0,0.0,0.0,0.0,0.0,0.0,0.0,0.0,0.0,0.0,0.0,0.0,0.0,0.0,0.0,0.0,0.0,0.0,0.0,0.0,0.0,0.0,0.0,0.0,0.0,0.0,0.0,0.0,0.0,0.0,0.0,0.0,0.0,0.0,0.0,0.0,0.0,0.0,0.0,0.0,0.0,0.0,0.0,0.0,0.0,0.0,0.0,0.0,0.0,0.0,0.0,0.0,0.0,0.0,0.0,0.0,0.0,0.0,0.0,0.0,0.0,0.0,0.0,0.0,0.0,0.0,0.0,0.0,0.0,0.0,0.0,0.0,0.0,0.0,0.0,0.0,0.0,0.0,0.0,0.0,0.0,0.0,0.0,0.0,0.0,0.0,0.0,0.0,0.0,0.0,0.0,0.0,0.0,0.0,0.0,0.0,0.0,0.0,0.0,0.0,0.0,0.0,0.0,0.0,0.0,0.0,0.0,0.0,0.0,0.0,0.0,0.0,0.0,0.0,0.0,0.0,0.0,0.0,0.0,0.0,0.0,0.0,0.0,0.0,0.0,0.0,0.0,0.0,0.0,0.0,0.0,0.0,0.0,0.0,0.0,0.0,0.0,0.0,0.0,0.0,0.0,0.0,0.0,0.0,0.0,0.0,0.0,0.0,0.0,0.0,0.0,0.05562001525976251,3.877360585754006e-10,-0.000994365907575383,-5.506883168855014e-7,-1.0566178555443796e-11,7.500166577886858e-5,-5.2910474279110284e-11,3.7355844530630087e-7,4.91515804562142e-10,0.00013739279571993828,0.0008178070135483864,0.0019322324049709072,-7.569708826961115e-5,-3.0389262692894357e-5,2.221804967728136e-6,-9.701578044989523e-6,8.538459093779255e-9,0.00030593813584705036,0.0033386223483185128,-0.00031510559086066035,-2.970749025296749e-11,1.2736010423029658e-11,1.5286525006998422e-8,-2.4307914953741483e-6,0.001279204302382167,2.3255155352746128e-8,-0.0011519960832232319,-6.454227167237366e-11,-0.0009338272887680619,0.005797585285726469,0.0045623101862526825,-1.19724700165795e-8,-3.301860747534619e-5,1.6641125731211385e-10,-4.3908724079131066e-7,7.064561133128952e-10,-0.0009513849838019703,2.460891600389213e-6,0.00029810745845346566,-3.3923094235700713e-10,-0.00011224020133224303,0.0008120766291500936,-0.0004401628927833093,-0.0027703855915972363,-8.605046263605468e-11,7.240632073001787e-7,3.0482793536415398e-9,-0.0006197943591872612,0.0011321585694386274,3.247937759750568e-5,-1.5735079984134574e-6,-0.0017694219243489285,-2.0209124447000482e-11,-7.209066993382526e-7,1.1289671362926207e-5,0.000980981179769827,-5.595637030044307e-9,4.041305473534114e-8,0.007779937687444857,0.0007162704199333261,4.75250552970688e-6,-1.6738065633741458e-5,1.679839732577854e-5,0.00012235947351086287,1.2191283975738375e-9,-6.070640600099145e-10,-7.838043842002338e-5,-0.0004052039975758988,4.820317593388368e-10,-5.832421810757549e-5,-0.0006677427143986013,-0.000695543045928314,4.1298017271287296e-7,0.00011540221158232706,5.344204208440329e-10,-2.4131853398420265e-7,7.51736933503464e-8,5.430262296137474e-7,8.678357576021353e-5,4.411217483110597e-6,-0.00017320280557028942,1.4561610507967063e-10,5.792143631318665e-12,5.5493141308426145e-8,-5.495570180128958e-5,7.619064698059072e-12,2.414142115507441e-9,-9.497624434404286e-10,-2.3836963026291517e-8,6.648287601644653e-7,-0.000649553199551274,-0.0020952600872046535,4.020567035959522e-7,-0.0002717161708088821,6.1086911010110904e-9,-7.520408139397557e-10,-4.960320327977117e-10,-4.8917106845484096e-8,-1.4792567905892793e-5,8.209012831350759e-11,-1.2877130755526202e-9,-0.000443456451148713,3.7938340251537615e-6,-0.00014209898738028575,1.740729459167175e-6,3.357475387753233e-10,-6.816449854669895e-7,4.333153389278352e-9,2.444487219524532e-5,-2.0149170003790848e-11,-0.00474701308768312,0.008817739996641144,-8.385869140532028e-10,2.881758889854697e-5,-1.1062654495420148e-8,6.629446290482899e-11,-2.6884797102548386e-9,8.564779524115433e-5,1.1270883022336993e-9,-0.00046549380389317944,1.777340849837427e-5,4.982598772541235e-10,-3.531741195973095e-10,-1.569070328041207e-7,8.80811516137362e-11,5.015792680764494e-6,-0.00034621045553457063,1.094550034527922e-11,-0.0009579211007005222,0.0015670266342854033,1.3495975627054165e-10,-1.290108878857955e-5,-6.0839640269062864e-5,-4.793687833854613e-8,-1.6999131145958215e-7,-5.1660640610532045e-5,-0.002374695506697081,-1.206840131956719e-6,2.2902542783302737e-10,8.829083065597303e-6,0.0022664884713445286,5.314240236326843e-10,0.00660090543528194,2.670946978606081e-7,-0.0001575585253381189,1.1779376436072733e-5,2.822283347853088e-6,-1.1942770989725906e-9,-7.814330975411199e-9,-7.066894714334966e-8,-0.0004205257195334025,0.0003331709180108151,3.208941500316677e-8,-9.131248781865757e-9,2.1569261980619757e-9,8.166728636658047e-6,-0.007073452480572456,-4.866880699489681e-12,1.5263289911812464e-10,-3.5040808144272326e-7,1.1731754838542538e-12,5.5629445165447525e-9,-4.279201820617343e-6,2.9473475668524795e-6,-1.4397597039075797e-7,6.991371743565924e-7,-0.017293469659816086,-1.277195563136167e-5,1.2273362334156907e-11,2.5609670309469946e-5,2.397625678335638e-6,1.003613787877211e-5,-0.0011412637414899888,-0.0006631648058995994,-1.4121841576628153e-10,2.2898423466582176e-11,-7.967446665935758e-6,0.00017293048243378233,1.226002783759705e-5,-2.0983126898283466e-6,3.3792197394657657e-9,-4.39554520546971e-9,0.010546760355768552,0.00010602041964806424,1.618230258001017e-5,0.0008376942716033858,0.0016095954213920776,-7.432481534525557e-9,1.3914670440585292e-5,2.091485861547389e-7,-2.7322368086368338e-5,4.452165204822643e-5,-0.0004978956023877069,1.138970895703846e-7,1.1520591131440241e-8,-8.405593863768732e-8,0.000318191928274952,-7.95735607326579e-12,0.03189798315531195,2.6135301178082016e-9,-0.0012115687794000893,9.316525648836698e-10,2.5322332583518897e-11,0.0006358694427597066,-7.1415120256781575e-6,9.256667007836182e-5,0.001150967952114863,-5.615966596109581e-5,-4.962023798140948e-5,-1.1879377200431126e-9,-0.0003142362857463495,-0.0005905689575932438,-2.2321918050176164e-6,-0.0014773679349628793,-0.0006174949867113465,3.859048316751841e-6,-0.021818570644030703,-1.6905126474665361e-7,-0.00032193382601446803,5.6812362393302e-10,-5.777235408791513e-6,0.00020209194212879083,-4.323772992718427e-11,-0.00031781432100593156,1.9734605950709996e-5,3.7005807906814975e-6,-1.599970989656149e-11,1.3155889802344316e-10,-0.0003125771954948199,-0.00484702921148137,1.2715278547933567e-7,-3.5259135988848197e-10,-4.6375855962289886e-10,6.702143687302599e-8,1.2270817727947352e-6,0.0005306147543413585,8.080620200264404e-6,0.0011889576692780592,9.007131955612516e-11,-9.535851909113836e-6,-6.099850086515931e-8,1.0828953567474487e-6,-0.00202810598922909,-0.00017300657492187767,-6.0490737396855165e-9,1.578163216559622e-7,-0.00021323482424761653,-0.00020964758889614307,-4.11969500386533e-9,-0.0009906245114072825,-0.0021398795631927545,-2.2431761402789573e-8,-3.727223960764215e-6,3.4437405979580916e-6,-4.319371541876008e-7,7.633659461244917e-11,-0.0003285788205840007,-8.952372041761104e-7,1.1468209477853203e-6,0.0011712911433155184,0.0003317437408084966,-0.0006520026970342251,-6.796016089833687e-7,6.707343900729851e-10,6.446439998478207e-11,-0.0031030572203852814,-7.413817624700165e-5,-0.0014515955383028914,2.6521100357535547e-5,-1.2015141476876722e-9,-1.96761045232177e-6,4.140123038968968e-11,-6.895810590277971e-7,4.755178069128019e-8,-1.3694840569282081e-9,-0.0006310195964870766,6.374813725513433e-9,-0.0046989202948079034,-0.0005612917944880098,-0.0017388110527624106,-1.3151710467866052e-11,0.00032628513574334956,-6.401287714054688e-6,0.0004823860730750203,-8.77872057640616e-5,0.00014430319892648775,-4.7224061351924697e-7,-1.7859709217489794e-6,4.5624620426318824e-11,-6.3792261086136085e-12,-2.3277694430771968e-11,0.008737650497382532,-3.1426633904522236e-11,-1.8978263730251422e-6,0.004073475622086249,-0.0014115819821361156,8.4785340262417e-5,-4.703412017348681e-5,0.002722264118023687,-1.9774047168239347e-12,0.0012223821865141864,-0.005777525499316822,2.0539440492329743e-5,0.0003972744346462409,0.0007060306905576075,-0.00023666653813024258,2.3394367007681894e-11,-0.000993373369129952,-1.8778172064023855e-8,2.6047535746815055e-5,6.084017333984464e-5,-5.398730081206861e-7,3.636906707221346e-9,0.00043954209963431156,3.9391290771059446e-11,0.00019310420654056887,0.004632598494886914,8.158465656647468e-9,-3.6540312704621406e-6,-6.511541641558242e-7,0.003766681985025417,-1.4219809806211351e-6,1.286038970290711e-6,3.155903458209905e-10,5.812908211726117e-7,-0.0005197498121320557,-1.6570439283469326e-8,-0.0005551846004264526,8.607068351339414e-10,0.0005013342090973639,-0.0008594895166457358,3.962385564367223e-5,2.5663949030333542e-9,7.733867685002699e-8,1.3984321305213108e-6,-1.6702717361528904e-6,-6.627720595732012e-5,8.26940913999746e-9,-9.937818475430062e-10,-3.542235289263817e-5,-0.008957096906455147,8.396732859594767e-10,-9.290776107573059e-7,9.169020973636715e-7,-0.0007527773669015367,-0.000592843227538251,-1.633788535698225e-10,4.6340568072956086e-11,0.0004439202767142922,0.0002884108899868901,-3.905806290627801e-6,4.069176488286587e-9,-1.1830135958020843e-5,-0.0023072756598716483,5.901691131656186e-6,5.1456197729729877e-8,-4.363015009795025e-9,-0.00024809283812254635,-0.008519510224153815,0.0004537459226233543,0.0029158530390610655,0.0027950631810764064,-0.0014181631069507107,4.0701497989980587e-10,4.710397782331685e-11,1.309246706126243e-5,4.197803330386281e-5,8.495559738586443e-12
0.0,0.0,0.0,0.0,0.0,0.0,0.0,0.0,0.0,0.0,0.0,0.0,0.0,0.0,0.0,0.0,0.0,0.0,0.0,0.0,0.0,0.0,0.0,0.0,0.0,0.0,0.0,0.0,0.0,0.0,0.0,0.0,0.0,0.0,0.0,0.0,0.0,0.0,0.0,0.0,0.0,0.0,0.0,0.0,0.0,0.0,0.0,0.0,0.0,0.0,0.0,0.0,0.0,0.0,0.0,0.0,0.0,0.0,0.0,0.0,0.0,0.0,0.0,0.0,0.0,0.0,0.0,0.0,0.0,0.0,0.0,0.0,0.0,0.0,0.0,0.0,0.0,0.0,0.0,0.0,0.0,0.0,0.0,0.0,0.0,0.0,0.0,0.0,0.0,0.0,0.0,0.0,0.0,0.0,0.0,0.0,0.0,0.0,0.0,0.0,0.0,0.0,0.0,0.0,0.0,0.0,0.0,0.0,0.0,0.0,0.0,0.0,0.0,0.0,0.0,0.0,0.0,0.0,0.0,0.0,0.0,0.0,0.0,0.0,0.0,0.0,0.0,0.0,0.0,0.0,0.0,0.0,0.0,0.0,0.0,0.0,0.0,0.0,0.0,0.0,0.0,0.0,0.0,0.0,0.0,0.0,0.0,0.0,0.0,0.0,0.0,0.0,0.0,0.0,0.0,0.0,0.0,0.0,0.0,0.0,0.0,0.0,0.0,0.0,0.0,0.0,0.0,0.0,0.0,0.0,0.0,0.0,0.0,0.0,0.0,0.0,0.0,0.0,0.0,0.0,0.0,0.0,0.0,0.0,0.0,0.0,0.0,0.0,0.0,0.0,0.0,0.0,0.0,0.0,0.0,0.0,0.0,0.0,0.0,0.0,0.0,0.0,0.0,0.0,0.0,0.0,0.0,0.0,0.0,0.0,0.0,0.0,0.0,0.0,0.0,0.0,0.0,0.0,0.0,0.0,0.0,0.0,0.0,0.0,0.0,0.0,0.0,0.0,0.0,0.0,0.0,0.0,0.0,0.0,0.0,0.0,0.0,0.0,0.0,0.0,0.0,0.0,0.0,0.0,0.0,0.0,0.0,0.0,0.0,0.0,0.0,0.0,0.0,0.0,0.0,0.0,0.0,0.0,0.0,0.0,0.0,0.0,0.0,0.0,0.0,0.0,0.0,0.0,0.0,0.0,0.0,0.0,0.0,0.0,0.0,0.0,0.0,0.0,0.0,0.0,0.0,0.0,0.0,0.0,0.0,0.0,0.0,0.0,0.0,0.0,0.0,0.0,0.0,0.0,0.0,0.0,0.0,0.0,0.0,0.0,0.0,0.0,0.0,0.0,0.0,0.0,0.0,0.0,0.0,0.0,0.0,0.0,0.0,0.0,0.0,0.0,0.0,0.0,0.0,0.0,0.0,0.0,0.0,0.0,0.0,0.0,0.0,0.0,0.0,0.0,0.0,0.0,0.0,0.0,0.0,0.0,0.0,0.0,0.0,0.0,0.0,0.0,0.0,0.0,0.0,0.0,0.0,0.0,0.0,0.0,0.0,0.0,0.0,0.0,0.0,0.0,0.0,0.0,0.0,0.0,0.0,0.0,0.0,0.0,0.0,0.0,0.0,0.0,0.0,0.0,0.0,0.0,0.0,0.0,0.0,0.0,0.0,0.0,0.0,0.0,0.0,0.0,0.0,0.0,0.0,0.0,0.0,0.0,0.0,0.0,0.0,0.0,0.0,0.0,0.0,0.0,0.0,0.0,0.0,0.0,0.0,0.0,0.0,0.0,0.0,0.0,0.0,0.0,0.0,0.0,0.0,0.0,0.0,0.0,0.0,0.0,0.0,0.0,0.0,0.0,0.0,0.0,0.0,0.0,0.0,0.0,0.0,0.0,0.0,0.0,0.0,0.0,0.06476602170495133,2.6138998730022734e-11,6.535493868153164e-6,-0.0003235513932343258,-8.471773276530451e-15,0.003376364704587758,8.964402279078079e-5,0.00022528373774479804,-2.0096007648137605e-9,5.460117374937845e-13,-1.2615294621602121e-11,-8.306562981644994e-9,1.7148824070899567e-13,-7.101273313132933e-6,1.4142392651602612e-14,9.10798322166763e-5,3.975633302819041e-12,-1.2669663379729075e-10,-2.03662660156001e-11,-0.005095365476267618,-0.0019976473654077904,0.0010257551652521966,-1.53323128023639e-6,2.9702058135331303e-9,-2.70695807377218e-5,5.029197821146923e-12,-0.0096683352918833,-9.735170715461378e-10,-6.775640141036653e-11,1.4890001592809154e-10,0.0006489788771600295,5.466601048272032e-13,0.0022136471714053825,1.6009748924248713e-6,-0.01958955259368761,7.525985289172378e-12,5.609609238926298e-13,-1.5867995258398963e-12,-0.0076922676168630095,-1.2917714573198128e-12,-8.219884160869775e-12,1.0410808389973838e-12,5.983142517888382e-11,-0.007716975290687291,6.1685719060353095e-6,-0.00025224897070768475,3.1976444138012704e-12,-4.380835032692013e-12,-2.310549179569048e-13,-6.504779717586038e-6,-6.8757051958472565e-12,-0.00033527654687911276,-1.5237831267505848e-6,3.130710452589589e-10,-5.562889352538165e-13,-0.0011270211616522567,-8.694797885638903e-5,-2.3225850323836097e-11,-2.8482337752710802e-11,1.2266320511707548e-7,-1.278196343801306e-6,4.0953642533730816e-7,-1.8894214642207943e-9,-0.0005757671999143606,0.006726393945100417,6.018570733102922e-13,1.759818928728349e-11,0.011051208501366256,3.663182763915276e-8,-7.328091743573571e-11,-2.7796185830133527e-8,4.303364959427426e-6,2.943160558614662e-9,0.0004992319868640728,3.2955627309880342e-6,-4.917766894625766e-6,7.01760340288043e-6,-3.8710113941724763e-13,1.2493078913873634e-6,-5.850464785020297e-9,0.010033229274910814,-0.0005563140227512837,-3.820060951947138e-9,-3.56508040043059e-12,-0.0010381931666411963,0.0007034375450955146,-0.0024867133200529596,-0.0001779324663302941,-4.428500347231935e-6,6.377250176510287e-12,-2.387275662890968e-10,8.380606909811645e-6,8.241585668419797e-9,0.00011043677948478463,-0.00013019448146525886,0.0007369801545595286,7.373903689032378e-5,-1.0553477079034278e-7,0.0014227016192416562,0.0009206438903598601,-4.099310457029632e-9,-2.1190943517164862e-13,7.163577913073521e-9,4.205617103370935e-7,-0.0008284215980347058,2.8282496382363217e-5,0.0011434141067555139,-1.679346610757466e-7,-0.014954225180329989,-7.786038867516897e-11,1.7009757002417553e-10,-0.0018538779378086624,1.2521309982165763e-7,0.0012264178684190472,-0.009913204204557319,-0.0028607427348099823,-2.844523692333971e-13,-4.152025660601493e-5,1.193330154057168e-8,-2.7620333462138994e-8,0.009071447747489858,0.00011928461273971917,-0.00014333045298536889,-0.0003926264278663328,7.017513339926339e-8,3.6168243958634903e-12,-0.0004135791450895171,-1.448894584167314e-12,-1.3087746930065881e-11,-0.014398035716998466,1.6220538735264746e-13,2.2048435800733497e-7,-5.507066664487049e-5,-1.5521336036753314e-5,4.219078404045573e-13,-4.5461178782932016e-13,1.2919993217237052e-6,0.0007608297774596435,8.308393508935969e-13,2.0519415799849215e-12,-0.0016646115500960489,6.5963879901612585e-12,1.3835450151014157e-5,-6.726820164856904e-9,-4.292730898181549e-7,-7.892956806494108e-8,7.927377657887829e-6,-0.0009976819813830155,-5.528645241003716e-5,3.410313868744865e-10,-2.881716577045433e-9,-0.00022298084671965891,-0.00035015147357032037,0.000701652083688915,-9.378306710074875e-14,4.451435348307542e-11,-0.0012763212720703248,0.001492687589908739,-8.872419518106432e-6,-0.0009127842814879122,2.6999759721281348e-5,-9.117043646990229e-7,7.35747931102602e-7,-9.888987770910688e-6,-2.822655851753523e-6,6.082953404372684e-11,1.304246587539678e-7,0.0032416825852729435,3.361698942335097e-14,-8.009848245446983e-8,-2.767601251529447e-8,-1.8538734213683162e-9,2.727043122605857e-9,-0.0010174963878711299,0.004083484626906756,1.0102333661523422e-13,-2.032392672157285e-12,-9.09016213564812e-15,-9.468317994438824e-7,-0.0013407934060861635,0.00022608948593761503,6.546407304352781e-10,3.6189918203242844e-10,-1.577129490246507e-13,5.434763590428295e-10,-1.2027338480035104e-10,6.351143375102581e-5,8.828255651575279e-14,-6.548634381399508e-6,9.665635317970656e-8,-1.1247812773302995e-8,-1.741437766521922e-10,7.693157222121225e-5,2.860484573805677e-6,-1.87088118134881e-5,-9.33976195148484e-13,-0.00032007187116672253,-4.871402359327504e-11,0.002985401785559738,-7.976179577730178e-11,0.0004536334691290419,0.0005604869197123274,-3.8159062655999826e-11,-8.031198037425033e-8,-8.320194062977007e-10,-8.731342291696271e-11,4.376752997442784e-9,-2.7803655464805883e-8,0.000630513000134174,1.7536116651086829e-12,-6.365077721055625e-12,-3.496848060113767e-6,-1.8765749052491502e-9,-2.036616201278723e-11,-2.0605856092639345e-7,1.0228908502486701e-10,2.392854156649629e-5,-6.09135719960017e-9,0.0006413710640926299,1.4022492818838892e-7,1.702144668339332e-13,0.005201144152828037,-1.0278902572574288e-11,-1.730553553939599e-13,5.21034573244001e-8,0.0028996331083055754,0.0022057028629113304,7.4722796985146e-12,-2.904336945929482e-14,-8.986143308525535e-6,-0.0017863951581912876,-0.0007447860223299299,1.6888425696362402e-5,1.1712857691541262e-6,7.719923926917004e-13,2.0519493819344024e-7,-6.54158727078702e-13,0.0017167202082674956,-2.7521969410593937e-8,0.00010932508692965522,8.564777918185513e-7,-9.558474487294469e-13,-2.3731846851333e-8,0.0004110575853180954,2.346754289907475e-6,-4.4767529579827545e-9,-1.5681873952709827e-8,-0.0010865774963415215,4.541775151876099e-12,-3.1721978280422525e-11,8.216882811629998e-5,4.973140508820334e-6,-7.98830788929121e-8,-5.59840957957761e-6,0.015552249826085936,-1.7112145822781606e-10,9.625367470555534e-7,7.425432389081442e-14,-7.849187011171929e-12,2.2393718657017557e-10,3.2435400530520648e-12,1.0414375228035721e-5,0.005867294975613168,0.006817745803436918,-3.495944081482562e-10,1.381358387328608e-8,8.775957371926484e-11,-1.61454819078425e-13,0.0009059725814062838,1.1075260926433238e-7,0.005370403378545826,1.971760720959491e-5,3.906044167186618e-5,-0.00013116415514869453,6.227787208141573e-11,0.00010672645968252607,-2.1986923283330907e-10,1.4329333732598628e-9,-7.261005877723427e-11,-0.003446231931654585,-6.585164922912287e-12,-6.650351428493656e-7,1.2650016816915044e-9,2.3730226878600645e-12,-4.474078177532509e-13,4.886428063341502e-7,-5.717694681388235e-7,-0.0001825922471022941,-0.001001987954931622,-0.0011853158523000879,6.819383863909448e-10,0.0014190802514307682,2.4820934928668034e-9,6.101350787530283e-11,6.354973527319998e-11,1.2213468173854232e-13,-3.1354733076671956e-8,-1.7977986273816237e-11,0.000342204191017357,4.226200225811754e-9,1.3984568547936167e-11,7.2790583686940905e-9,7.68583735280453e-12,-3.5959793452592557e-12,5.645225286682641e-12,-0.00042809962857963434,-6.221693392812515e-10,4.509190035615444e-5,5.3643445721927225e-8,-6.247805381949456e-14,-1.3364619592677596e-5,0.0003521869158925096,2.3441633857844437e-8,0.004228742904843962,8.74393907256656e-9,-1.820643566426067e-11,4.2627278979886424e-5,9.982549350749037e-7,4.327096427385601e-7,-5.314738136291559e-11,1.1637867673962343e-6,-2.2762375535804807e-13,-0.0014687097111473761,-2.21509137520053e-7,-3.5608794810855517e-9,-5.529727969138178e-5,3.516147537066387e-12,0.002246080511708444,-4.301038472058769e-13,3.595947637797885e-11,-2.452831234049313e-13,-0.002071682906406355,8.813511776865406e-5,-1.0370617617116615e-6,-9.213269157688215e-7,-1.213157010665438e-13,-0.0002022274468680798,0.0028353043945420955,-7.637906171796207e-9,1.7776059702932555e-12,-0.0002053691985614998,-8.187086583319359e-7,4.790386847794336e-7,4.0655899794397024e-10,1.5443775859326487e-9,-0.0006651421506001165,0.0008962753634650798,-6.38445564904006e-11,2.1126119171916938e-10,-1.1275196358452226e-7,0.00029952341720114245,6.422800288297044e-8,6.871449682278777e-11,1.5317286531669136e-7,3.531058393489883e-5,-1.1613501519731286e-5,-4.810480078252889e-14,1.7053700377072666e-11,1.823974253010628e-10,1.1621593141075917e-10,-7.601631786304202e-11,4.805825421074852e-10,-0.008286557644176618,0.010955613867143773,-1.6576116406599132e-13,2.6474518175496196e-8,0.0005303827410111383
0.0,0.0,0.0,0.0,0.0,0.0,0.0,0.0,0.0,0.0,0.0,0.0,0.0,0.0,0.0,0.0,0.0,0.0,0.0,0.0,0.0,0.0,0.0,0.0,0.0,0.0,0.0,0.0,0.0,0.0,0.0,0.0,0.0,0.0,0.0,0.0,0.0,0.0,0.0,0.0,0.0,0.0,0.0,0.0,0.0,0.0,0.0,0.0,0.0,0.0,0.0,0.0,0.0,0.0,0.0,0.0,0.0,0.0,0.0,0.0,0.0,0.0,0.0,0.0,0.0,0.0,0.0,0.0,0.0,0.0,0.0,0.0,0.0,0.0,0.0,0.0,0.0,0.0,0.0,0.0,0.0,0.0,0.0,0.0,0.0,0.0,0.0,0.0,0.0,0.0,0.0,0.0,0.0,0.0,0.0,0.0,0.0,0.0,0.0,0.0,0.0,0.0,0.0,0.0,0.0,0.0,0.0,0.0,0.0,0.0,0.0,0.0,0.0,0.0,0.0,0.0,0.0,0.0,0.0,0.0,0.0,0.0,0.0,0.0,0.0,0.0,0.0,0.0,0.0,0.0,0.0,0.0,0.0,0.0,0.0,0.0,0.0,0.0,0.0,0.0,0.0,0.0,0.0,0.0,0.0,0.0,0.0,0.0,0.0,0.0,0.0,0.0,0.0,0.0,0.0,0.0,0.0,0.0,0.0,0.0,0.0,0.0,0.0,0.0,0.0,0.0,0.0,0.0,0.0,0.0,0.0,0.0,0.0,0.0,0.0,0.0,0.0,0.0,0.0,0.0,0.0,0.0,0.0,0.0,0.0,0.0,0.0,0.0,0.0,0.0,0.0,0.0,0.0,0.0,0.0,0.0,0.0,0.0,0.0,0.0,0.0,0.0,0.0,0.0,0.0,0.0,0.0,0.0,0.0,0.0,0.0,0.0,0.0,0.0,0.0,0.0,0.0,0.0,0.0,0.0,0.0,0.0,0.0,0.0,0.0,0.0,0.0,0.0,0.0,0.0,0.0,0.0,0.0,0.0,0.0,0.0,0.0,0.0,0.0,0.0,0.0,0.0,0.0,0.0,0.0,0.0,0.0,0.0,0.0,0.0,0.0,0.0,0.0,0.0,0.0,0.0,0.0,0.0,0.0,0.0,0.0,0.0,0.0,0.0,0.0,0.0,0.0,0.0,0.0,0.0,0.0,0.0,0.0,0.0,0.0,0.0,0.0,0.0,0.0,0.0,0.0,0.0,0.0,0.0,0.0,0.0,0.0,0.0,0.0,0.0,0.0,0.0,0.0,0.0,0.0,0.0,0.0,0.0,0.0,0.0,0.0,0.0,0.0,0.0,0.0,0.0,0.0,0.0,0.0,0.0,0.0,0.0,0.0,0.0,0.0,0.0,0.0,0.0,0.0,0.0,0.0,0.0,0.0,0.0,0.0,0.0,0.0,0.0,0.0,0.0,0.0,0.0,0.0,0.0,0.0,0.0,0.0,0.0,0.0,0.0,0.0,0.0,0.0,0.0,0.0,0.0,0.0,0.0,0.0,0.0,0.0,0.0,0.0,0.0,0.0,0.0,0.0,0.0,0.0,0.0,0.0,0.0,0.0,0.0,0.0,0.0,0.0,0.0,0.0,0.0,0.0,0.0,0.0,0.0,0.0,0.0,0.0,0.0,0.0,0.0,0.0,0.0,0.0,0.0,0.0,0.0,0.0,0.0,0.0,0.0,0.0,0.0,0.0,0.0,0.0,0.0,0.0,0.0,0.0,0.0,0.0,0.0,0.0,0.0,0.0,0.0,0.0,0.0,0.0,0.0,0.0,0.0,0.0,0.0,0.0,0.0,0.0,0.0,0.0,0.0,0.0,0.0,0.0,0.0,0.0,0.0,0.0,0.0,0.0,0.0,0.0,0.0,0.0,0.05616602229029391,-1.1274452793289776e-8,-6.029466747715767e-12,0.001497765069149439,3.495011766116751e-11,1.4020289840525153e-7,2.545614280869963e-11,-0.000433477948611741,0.004164696190840996,0.003996865595662187,-9.328367017190291e-6,-0.00010885900586035564,1.5255509849509313e-7,-5.85593985543633e-5,2.159232364674308e-9,0.0024383656157890943,0.004177752045756093,0.009625248136895078,2.1997348392075567e-11,-2.6476956503282506e-12,-5.488669467829526e-10,-9.205584338231518e-7,-0.00011848553623657397,3.2322413996178215e-9,-0.002578086247918885,-6.38040831269832e-12,0.0010638288896127749,-0.013319385445769385,0.007054613370976796,3.9823958136337366e-9,0.0005181371072963231,-4.3835547361392116e-11,-6.76787102137297e-7,6.251250608688629e-11,-0.0068130419021077545,0.0007114322038616391,-4.4888410477975714e-5,-6.450562409923763e-11,-0.0015198052833670895,0.003507728421195758,-0.0021982570857484044,-0.0005786419664928492,-1.733788031640334e-11,1.8870579700284794e-7,4.478511835675997e-9,-0.0013922063575009704,0.009551526828729588,-0.0001235820917180576,-1.633022699972726e-7,0.0004655894299662058,-4.988065578326791e-13,1.5594740648557276e-7,-4.562823559276342e-6,-0.0001274383972452247,1.0219996777624492e-9,2.0085925429918208e-8,-0.0002641411132722805,-0.029273830745651,6.404241965946849e-7,2.05442134935425e-6,-1.8682197465646158e-5,-8.849818772147166e-5,2.2356608533780286e-9,-3.0602711617608307e-10,9.933031988576016e-5,0.0036212639829298035,2.5018702118888083e-11,-1.825141216963097e-5,0.00550868259193904,6.581134164678649e-6,-2.4876767955285636e-7,-1.3052347500383186e-5,7.900713644210748e-10,-6.027780928363192e-8,-1.9192446656467323e-8,2.0667028512466807e-7,0.00016109832102297937,9.767983937756587e-7,3.37392353150994e-5,-4.518103800958216e-10,-1.1346102645457418e-12,8.177865089798079e-6,-0.004344916635648864,6.889635701687523e-12,3.694903739118055e-10,-2.4963966174011916e-11,-3.992666623620992e-10,-3.804795353201388e-8,0.009255682811201494,0.003266612291534509,4.623346439026894e-8,0.00011559036854153802,3.972243100300083e-9,-1.136847644743624e-10,-1.246396386384259e-10,6.439614312885362e-9,8.66533552913601e-6,-5.3177820272886035e-12,4.510718039515404e-10,0.00010322266468413264,-0.002076460335415486,8.014630868048395e-6,1.6895591530616962e-6,-1.5001569190253443e-9,8.484329624602167e-8,1.7687479154610437e-10,-8.89861585665549e-6,1.3223298651877558e-11,0.00041226251229438654,0.001556191009649696,-4.431365025502112e-10,5.141532621329108e-6,-1.5118763826114249e-9,-3.784278685834828e-12,-8.371933721976212e-11,-0.0004195910457303286,-2.3559084528307207e-9,5.770697489856931e-5,1.2119595092626488e-5,2.2607515443281193e-10,-2.935456227009183e-11,-3.194149997592702e-8,7.587919410023781e-11,7.952293331323123e-6,-0.0007827229469436086,3.4504909347153614e-12,-0.01233877029989176,0.001287904559801702,7.433059080309858e-12,-0.00048672194497563037,-1.2736634035199998e-5,-8.434660570227503e-9,1.907745199115273e-8,0.00023087416263365486,0.00024360510105115928,-7.968722688920802e-7,1.288049331520108e-10,-0.0010348465619714094,-0.0020130588528948423,-6.310539381371159e-11,-0.0010353493283340937,-9.118102451772275e-10,-9.74286820807203e-5,3.5478878267822096e-6,-3.19922264870402e-6,6.298058677738682e-8,-6.92655376086103e-10,-2.39204813026722e-8,-6.672762201542643e-5,0.00016515191815735935,8.639711774911002e-9,4.303440523878112e-9,-7.103313156478161e-11,-7.927231113148915e-5,0.0020995716754411736,9.638924814525371e-13,-2.8171045978250537e-11,2.9270254224223345e-7,-3.5491308921164816e-12,2.2754712490493342e-10,-3.0815648952118466e-7,1.511517936455309e-6,9.981135794806062e-8,5.415253374142998e-9,0.001456600935972033,-3.1681990303887967e-6,-5.384023864223316e-12,7.652833805555673e-5,3.6651277980758936e-7,-2.1812333071960815e-6,-0.00016087616195042866,-0.00018218644148638579,-3.401070327305195e-11,4.4563104353710575e-12,9.564383529489305e-5,-0.0017488705420491055,-3.2693561029568916e-6,-4.371329557714785e-7,4.200848900652849e-10,9.74430468448694e-10,-3.669443549200558e-5,9.615366479013628e-6,8.922951037438264e-5,-6.527019203506988e-5,-0.0036954875449725947,2.001177869475521e-9,0.0002103773574887414,1.2985413119763438e-7,1.988850421555577e-6,1.754525013788619e-6,-0.002503980446482204,-2.0148389119119598e-8,4.077293320347232e-9,1.1034178833756426e-7,-0.0006935784826594219,-3.9490310015026305e-12,-0.0006206622716439526,2.6277889278102156e-10,-0.000591435059716692,-2.9697441550565407e-11,3.454341000794511e-12,0.0028838704828367985,4.1076350133001717e-7,-6.252706597520604e-5,-0.0013124245414576547,-1.1302431744127726e-6,3.889365582887072e-5,-6.938732140266189e-10,-0.0027092844147702595,0.007898023191387053,-1.1681509249682694e-7,-0.00022553708283201004,0.004263210275400377,-3.4177988377049005e-7,0.0014895221901002347,1.82304280272767e-8,-4.4886416716713244e-5,3.1472281234595e-11,1.2437571187416743e-6,0.0016618075621722766,1.1413749699311903e-11,0.007221756508404586,2.333098011093838e-5,6.497966293993277e-6,-1.7128880718549583e-11,1.4087824561453582e-11,-0.005555832845349818,0.0054412054970995865,-6.305522399408884e-9,1.2990097840178148e-12,4.0885494566047846e-11,-1.6207385475061642e-8,5.038529851411416e-7,-0.011664263426787525,1.997933178115519e-6,0.0003513451008744073,1.7005038564582371e-12,6.532205257742268e-6,1.0828719922886857e-8,6.248835797241264e-8,6.11433011254329e-5,1.8748229318730293e-5,-1.2530108167006627e-9,8.159642484464737e-8,-5.061519832405875e-5,2.0481235016906058e-5,6.95997281637626e-10,-0.006326976111985927,0.00026205493266215623,-2.9810293888800164e-9,-2.2418834967809354e-7,6.344596937372209e-7,-1.9528774479701736e-7,-1.3648830213427302e-12,-0.0004220145799526519,-2.4152842370634397e-7,-8.039751598076496e-6,-0.0002771718663747428,1.2785659406058164e-5,-0.004256637781124162,2.6492265813730988e-8,2.9994143956274935e-11,-1.043670234181347e-11,-0.0008300872985850918,0.0001943721888329028,0.002151289257355108,-0.00012637284824018344,4.1483096661574633e-10,-1.2189183363707145e-5,3.721553004919877e-12,2.32633981568125e-8,1.1705933774538967e-8,2.65086268976005e-10,-0.0032734494196719316,1.2400765038589311e-10,0.0004834402130571744,0.00017538920611067228,-0.005761091009540545,4.0259975816085885e-12,-0.0025490722828501685,7.110149125681823e-7,0.0005689016542050744,-0.0008625432010138593,0.001519336108321,-1.6479772485728734e-7,-4.3367197510650143e-7,7.335326507154987e-12,1.7800697417058428e-12,4.6514017637063e-12,0.0008095985883983637,1.2462912293571857e-11,8.550563811333386e-6,0.010057026705255103,-0.0007604760130724743,0.0008445415899193037,-1.0475380261868393e-5,0.004124018947974002,2.9036709658175674e-13,-8.840453274155077e-5,0.0013932856645704414,7.19817690735049e-6,-4.5203987989568176e-5,0.003985343786467281,-0.002697801343688192,-6.155477241680485e-12,0.00016044760195449987,1.7839289793816367e-9,7.343844794565157e-6,0.0003833991692966482,-2.215312368200642e-7,-7.310018580278772e-10,-3.021462414038522e-5,-1.2863446758310893e-11,2.6344460851737513e-5,-0.0004512766209591922,1.7066721173800853e-9,-5.613423399470756e-7,1.1997288065410986e-7,-0.0004710225777680053,-7.119550834861857e-7,-0.0003693734472757804,-8.291174264232973e-11,-1.3909811911397993e-7,-8.982466228010128e-5,-1.1624242099136462e-9,-0.0033264503497004243,-1.0296810201296547e-9,0.006267180828383873,0.015862901364598503,-0.00014996649240578013,3.192211243754671e-10,-2.5493881742401715e-8,2.391335026453135e-7,-1.5058026485928654e-7,-0.00034605068372736605,5.473752629252237e-9,-1.5356600365785094e-10,-6.761125362621916e-6,-0.00039141126698337674,-9.535387207938022e-12,3.29525736430654e-7,4.738941431535293e-7,-3.0506239485092692e-5,5.0218655208998845e-5,3.934026043495254e-11,-6.689705587020089e-12,-0.009827564510721566,-4.10741567226026e-5,-1.628475715856444e-6,-6.383227214542401e-10,5.2676500657833064e-6,0.007401383092604715,9.053561764053293e-8,-3.407830740158629e-9,2.4626673489741134e-8,0.0005671966079440192,0.00019471101671547379,1.153565382457921e-5,0.000362307706655794,-0.00013643977666082948,0.00040757583754079266,2.7692774104698743e-11,-3.811705766651721e-11,-0.000538933404964449,1.647866568317617e-5,4.857762695974885e-12
0.0,0.0,0.0,0.0,0.0,0.0,0.0,0.0,0.0,0.0,0.0,0.0,0.0,0.0,0.0,0.0,0.0,0.0,0.0,0.0,0.0,0.0,0.0,0.0,0.0,0.0,0.0,0.0,0.0,0.0,0.0,0.0,0.0,0.0,0.0,0.0,0.0,0.0,0.0,0.0,0.0,0.0,0.0,0.0,0.0,0.0,0.0,0.0,0.0,0.0,0.0,0.0,0.0,0.0,0.0,0.0,0.0,0.0,0.0,0.0,0.0,0.0,0.0,0.0,0.0,0.0,0.0,0.0,0.0,0.0,0.0,0.0,0.0,0.0,0.0,0.0,0.0,0.0,0.0,0.0,0.0,0.0,0.0,0.0,0.0,0.0,0.0,0.0,0.0,0.0,0.0,0.0,0.0,0.0,0.0,0.0,0.0,0.0,0.0,0.0,0.0,0.0,0.0,0.0,0.0,0.0,0.0,0.0,0.0,0.0,0.0,0.0,0.0,0.0,0.0,0.0,0.0,0.0,0.0,0.0,0.0,0.0,0.0,0.0,0.0,0.0,0.0,0.0,0.0,0.0,0.0,0.0,0.0,0.0,0.0,0.0,0.0,0.0,0.0,0.0,0.0,0.0,0.0,0.0,0.0,0.0,0.0,0.0,0.0,0.0,0.0,0.0,0.0,0.0,0.0,0.0,0.0,0.0,0.0,0.0,0.0,0.0,0.0,0.0,0.0,0.0,0.0,0.0,0.0,0.0,0.0,0.0,0.0,0.0,0.0,0.0,0.0,0.0,0.0,0.0,0.0,0.0,0.0,0.0,0.0,0.0,0.0,0.0,0.0,0.0,0.0,0.0,0.0,0.0,0.0,0.0,0.0,0.0,0.0,0.0,0.0,0.0,0.0,0.0,0.0,0.0,0.0,0.0,0.0,0.0,0.0,0.0,0.0,0.0,0.0,0.0,0.0,0.0,0.0,0.0,0.0,0.0,0.0,0.0,0.0,0.0,0.0,0.0,0.0,0.0,0.0,0.0,0.0,0.0,0.0,0.0,0.0,0.0,0.0,0.0,0.0,0.0,0.0,0.0,0.0,0.0,0.0,0.0,0.0,0.0,0.0,0.0,0.0,0.0,0.0,0.0,0.0,0.0,0.0,0.0,0.0,0.0,0.0,0.0,0.0,0.0,0.0,0.0,0.0,0.0,0.0,0.0,0.0,0.0,0.0,0.0,0.0,0.0,0.0,0.0,0.0,0.0,0.0,0.0,0.0,0.0,0.0,0.0,0.0,0.0,0.0,0.0,0.0,0.0,0.0,0.0,0.0,0.0,0.0,0.0,0.0,0.0,0.0,0.0,0.0,0.0,0.0,0.0,0.0,0.0,0.0,0.0,0.0,0.0,0.0,0.0,0.0,0.0,0.0,0.0,0.0,0.0,0.0,0.0,0.0,0.0,0.0,0.0,0.0,0.0,0.0,0.0,0.0,0.0,0.0,0.0,0.0,0.0,0.0,0.0,0.0,0.0,0.0,0.0,0.0,0.0,0.0,0.0,0.0,0.0,0.0,0.0,0.0,0.0,0.0,0.0,0.0,0.0,0.0,0.0,0.0,0.0,0.0,0.0,0.0,0.0,0.0,0.0,0.0,0.0,0.0,0.0,0.0,0.0,0.0,0.0,0.0,0.0,0.0,0.0,0.0,0.0,0.0,0.0,0.0,0.0,0.0,0.0,0.0,0.0,0.0,0.0,0.0,0.0,0.0,0.0,0.0,0.0,0.0,0.0,0.0,0.0,0.0,0.0,0.0,0.0,0.0,0.0,0.0,0.0,0.0,0.0,0.0,0.0,0.0,0.0,0.0,0.0,0.0,0.0,0.0,0.0,0.0,0.0,0.0,0.0,0.0,0.0,0.0,0.0,0.0,0.0,0.0,0.0,0.08584294745588229,4.837409271150928e-7,4.388426880070759e-10,-4.158867416152726e-6,-0.01657725755811422,-0.00012572629955710855,-1.3967936762140364e-6,4.081245661040133e-9,7.512679005415678e-9,-1.6804864640967497e-5,4.099777709471593e-11,-0.012535348738351723,-1.5558755700651922e-10,-0.002776920638894522,-5.601212040683127e-10,1.2104004845884624e-7,1.973913604774519e-8,6.040934901379811e-6,-2.1491240225677196e-6,-0.0014633671603053113,0.0016505472398668844,-8.104042885186452e-7,0.00011622299419426555,-6.015430181012555e-9,6.7250820775422395e-6,4.312409946508151e-7,5.154812794025322e-9,1.4168452554798423e-8,0.0014083938278147243,-6.03425827912523e-10,-2.4586137692544068e-5,-0.00020876130912997944,-4.625820320124488e-5,-1.1013148400044913e-8,7.247746490533942e-11,3.856104982821565e-9,-1.4427875045212618e-5,1.340007161108508e-10,2.576847436763786e-9,6.475489163132605e-9,1.5920214241899052e-7,7.743188060951022e-6,0.0016443656925167786,-0.0012789569420167486,-4.019137660063326e-9,1.1793980496634955e-8,3.052337445017724e-10,0.004612177602591037,-6.8436164215388154e-9,1.5570681461777797e-6,-0.003601901268246161,-0.0002804644004532779,8.350543974742478e-10,-0.0003727941922046598,-0.003097017207283395,1.844944600133147e-8,-6.425941918001098e-8,-0.0002452750359062617,0.000724471725473137,4.1160286244633755e-5,3.5364271372214388e-6,-0.002937937090496674,-4.8373984913174387e-5,-5.230107923654874e-10,7.372745421810541e-9,6.271292696040583e-6,1.551425127863846e-5,-1.688144049744287e-8,2.0997529486476056e-5,-0.004468187347433859,-1.7011739953182745e-5,-0.00018501936203444908,0.0076319484773126195,0.0004833012426310165,0.00019417003917447293,3.2361741724352866e-10,-0.0012110630440415114,6.325628803139826e-7,1.8118188233729286e-6,-1.66432195259121e-6,1.3872116391740311e-5,1.648847529978944e-9,6.125955088763088e-7,-0.00018549645143526978,0.00021029378583057315,0.005646958865456019,-0.00977997101059264,-4.415624752896292e-9,7.64095365766866e-8,-0.014786590404817066,1.5991128144682487e-5,0.005103445671211582,0.00011490445166558273,5.860532373143883e-5,-0.0008939113997499325,-3.626594518249863e-5,-1.6804508531571657e-5,7.121742154751158e-5,3.847336618869366e-6,-1.0170863778438527e-9,4.3464961764500704e-6,-8.046109790652546e-5,0.0007321475823067809,0.024129566286374703,-0.001048143507324017,-2.6959294670899105e-5,-1.7265223634942966e-5,1.5720302658256718e-7,-8.181936165682554e-7,4.262592507720534e-5,9.858568983517511e-5,0.001749060402990247,-1.125982670794558e-5,0.0005747252676674275,-8.62809738558629e-12,-0.0038054853408561904,2.68157610398743e-5,5.077011048893692e-6,-3.159859119379181e-5,2.5256481939172408e-5,0.005865191269695409,-5.416099902958015e-5,0.0001069435534606808,-5.485991527808503e-9,-2.6579378310170416e-6,-2.0731740180594012e-8,4.173815692007316e-9,-2.100468303406022e-5,9.092558928604863e-11,6.894400150187006e-5,0.004636391565302119,0.0006690774630881594,2.054711195865262e-10,4.666173296756108e-7,0.002034526959835015,-7.658489123296683e-5,-3.9072318046503533e-10,-1.8480024183175333e-9,-7.379599318833226e-5,6.262086755197389e-8,-0.021844902915625356,4.6150952871878715e-6,-1.0779887978065813e-5,0.00021256572385464363,0.0013901149696861337,0.0002015815598649513,0.004525028520729388,-1.5390125540732628e-7,-2.731236178740036e-6,-0.004335039542953435,-0.0008917482982857054,-0.0003995645395204742,5.617360707824595e-11,6.815765089462275e-9,-1.0190161024596224e-6,3.276980546919924e-6,-0.004422832804709023,-3.435048045765365e-6,0.00178045358686936,0.003446264033229648,-4.502983037236549e-5,0.0008295936933028807,-0.010993071144197425,1.20551220546633e-9,7.541701469958373e-5,-8.338687870619058e-7,1.248429728285885e-10,-0.0007105046954926914,-4.977505135197141e-5,1.1333240195705542e-6,-1.215333120181944e-6,1.9820815561492977e-5,-2.431994298527434e-7,-5.3695146085763956e-11,2.466787382796065e-9,1.7307913156813865e-10,0.00013137355038498607,-0.00035422595049570103,0.0009027448531346936,-3.3416426952535805e-7,4.870660641704915e-6,8.04503437045821e-11,8.233216580427858e-8,-5.974892627832458e-8,-0.00029868352825042333,7.343789628315436e-11,-0.0005044073215526751,8.836949492262917e-6,-1.1967014764841853e-5,-2.484712972990787e-7,-0.007444035917735632,-0.003014555376321742,0.007490589964996343,1.6618195974201015e-9,1.3233392282642649e-6,1.0190986759244302e-8,-0.000353303819444003,1.8386509313974944e-8,-0.0004474132299850055,-4.556428802074628e-6,-9.355968082544369e-9,0.00024156973798099087,-7.589725832487957e-7,-1.6894960214971347e-7,1.881513494966236e-5,-1.942429020576853e-5,0.00011448676960353859,-3.887140614472372e-9,5.002351540913647e-9,0.007041213808639364,1.7789126404724266e-6,1.4027891136606084e-8,-2.202439708787444e-5,4.7681956163446246e-7,0.027747296543369236,6.6590752674542905e-6,-6.148607417207273e-5,0.00021053417068146873,1.0966536311455173e-9,8.176821359245808e-6,1.2735968039773786e-8,4.333515673576686e-11,-6.208234036105555e-6,-6.210080578455132e-7,-2.3974626431355987e-5,-6.377077432762397e-9,1.3693894692671012e-8,-0.005868935217047403,2.725971731120787e-5,7.464750683257998e-5,-0.013264819812840807,-0.0012922555209626838,-1.7273787986473303e-9,-0.00010496352206705773,-2.779589431639623e-9,-1.2365784738800521e-5,2.1361520495949138e-5,0.00013104942021893094,-0.004503892171448284,-4.678430941516614e-9,-1.6869992432691765e-6,0.00031515607801441814,-0.0007044093436281294,1.923357563433976e-6,9.514886627258051e-6,-9.341676440293529e-5,-6.889640685252782e-9,-1.5950118638498913e-8,-0.0012718753224217447,0.0022142542807148703,-0.00017066968410488697,0.0029947277466961246,-4.25300646996666e-6,7.717608345235237e-7,0.000372544563664877,3.5629310407159927e-11,-1.0229876796065933e-9,-2.2028739879846075e-6,-7.236574468542415e-9,0.009613089684664275,-1.4303415240103187e-5,7.876848976287136e-6,1.0733684078372089e-7,-1.8642466240396977e-6,1.1585651571548188e-7,-3.677900598428609e-11,-1.1777800173534821e-6,4.511841744112954e-5,-5.401530363197391e-6,0.05185262264261137,-0.004848360231455207,0.00019697831531794832,-1.518262615270187e-8,-0.0016495884207938596,7.230079643133216e-7,-5.489273008783937e-7,2.6494153640534353e-8,-1.1436452919267161e-6,8.339725524757743e-9,6.088247241475699e-5,-3.005595687549864e-8,-1.324359048843002e-9,7.077273460533088e-10,-0.0006972080315084454,0.00039326602153621224,-6.4571695390423325e-6,7.886393514706973e-7,2.2698581724856264e-6,-9.697227365318248e-7,-1.0819132605777588e-5,3.185909757939935e-7,3.814047191715973e-8,1.3631367115715072e-7,3.9739905497874763e-10,1.259922277742086e-5,2.280739959979502e-8,4.955713610901952e-7,-2.387634014607879e-6,1.2743040716468329e-7,-6.478326550926654e-5,4.344458827872507e-10,3.621082007560767e-9,5.511473168610524e-10,-6.905357253778784e-6,4.876076148083358e-7,0.0002478350853325366,-4.490762517944035e-5,3.958159112229211e-11,0.0006882723953283299,-0.0007022150984529391,-9.642885388895667e-6,-1.724809260477813e-5,3.6431425098362894e-6,-3.955544134200548e-9,0.0014011564948080194,0.0006653686284437694,0.0009741783562664913,6.703949761655491e-8,-7.719873942511048e-5,2.6509135816507416e-10,-4.343400940905512e-5,-0.00025176066109847605,1.6235713544924964e-6,0.001997348518425373,-4.2708450005381315e-9,0.00010877071967182897,1.6888586537381056e-9,1.6907722334139214e-8,2.337623111692386e-10,-9.933742072761975e-5,-0.002526986454292594,-0.0004868565200142316,0.0003783873474458484,8.348694677071167e-12,-0.0031742963890676297,7.57878854405167e-5,2.182346126323912e-5,-8.033761626118089e-8,-7.000797088223292e-6,8.261768812713124e-5,0.00039742482544055684,-1.0763531762046321e-7,-1.0701351905512885e-6,1.6904405699395664e-5,-1.2683224570092677e-5,-5.968545847984714e-8,-1.3937165484633037e-6,-4.074289395172631e-6,0.0011447988616884771,0.00023402979994964593,8.031485292856202e-8,-0.0005154934761952255,-0.000748087445638448,-7.071029333959576e-5,-8.852506696032682e-11,-8.505685027842625e-9,-4.838989409650666e-7,-3.478419737707491e-7,-1.7244803287333406e-6,1.8339357787403449e-7,2.451803691122039e-6,-1.6101857029073554e-5,7.989463782006662e-10,-3.3710627696622734e-7,-1.1409486484719386e-6
0.0,0.0,0.0,0.0,0.0,0.0,0.0,0.0,0.0,0.0,0.0,0.0,0.0,0.0,0.0,0.0,0.0,0.0,0.0,0.0,0.0,0.0,0.0,0.0,0.0,0.0,0.0,0.0,0.0,0.0,0.0,0.0,0.0,0.0,0.0,0.0,0.0,0.0,0.0,0.0,0.0,0.0,0.0,0.0,0.0,0.0,0.0,0.0,0.0,0.0,0.0,0.0,0.0,0.0,0.0,0.0,0.0,0.0,0.0,0.0,0.0,0.0,0.0,0.0,0.0,0.0,0.0,0.0,0.0,0.0,0.0,0.0,0.0,0.0,0.0,0.0,0.0,0.0,0.0,0.0,0.0,0.0,0.0,0.0,0.0,0.0,0.0,0.0,0.0,0.0,0.0,0.0,0.0,0.0,0.0,0.0,0.0,0.0,0.0,0.0,0.0,0.0,0.0,0.0,0.0,0.0,0.0,0.0,0.0,0.0,0.0,0.0,0.0,0.0,0.0,0.0,0.0,0.0,0.0,0.0,0.0,0.0,0.0,0.0,0.0,0.0,0.0,0.0,0.0,0.0,0.0,0.0,0.0,0.0,0.0,0.0,0.0,0.0,0.0,0.0,0.0,0.0,0.0,0.0,0.0,0.0,0.0,0.0,0.0,0.0,0.0,0.0,0.0,0.0,0.0,0.0,0.0,0.0,0.0,0.0,0.0,0.0,0.0,0.0,0.0,0.0,0.0,0.0,0.0,0.0,0.0,0.0,0.0,0.0,0.0,0.0,0.0,0.0,0.0,0.0,0.0,0.0,0.0,0.0,0.0,0.0,0.0,0.0,0.0,0.0,0.0,0.0,0.0,0.0,0.0,0.0,0.0,0.0,0.0,0.0,0.0,0.0,0.0,0.0,0.0,0.0,0.0,0.0,0.0,0.0,0.0,0.0,0.0,0.0,0.0,0.0,0.0,0.0,0.0,0.0,0.0,0.0,0.0,0.0,0.0,0.0,0.0,0.0,0.0,0.0,0.0,0.0,0.0,0.0,0.0,0.0,0.0,0.0,0.0,0.0,0.0,0.0,0.0,0.0,0.0,0.0,0.0,0.0,0.0,0.0,0.0,0.0,0.0,0.0,0.0,0.0,0.0,0.0,0.0,0.0,0.0,0.0,0.0,0.0,0.0,0.0,0.0,0.0,0.0,0.0,0.0,0.0,0.0,0.0,0.0,0.0,0.0,0.0,0.0,0.0,0.0,0.0,0.0,0.0,0.0,0.0,0.0,0.0,0.0,0.0,0.0,0.0,0.0,0.0,0.0,0.0,0.0,0.0,0.0,0.0,0.0,0.0,0.0,0.0,0.0,0.0,0.0,0.0,0.0,0.0,0.0,0.0,0.0,0.0,0.0,0.0,0.0,0.0,0.0,0.0,0.0,0.0,0.0,0.0,0.0,0.0,0.0,0.0,0.0,0.0,0.0,0.0,0.0,0.0,0.0,0.0,0.0,0.0,0.0,0.0,0.0,0.0,0.0,0.0,0.0,0.0,0.0,0.0,0.0,0.0,0.0,0.0,0.0,0.0,0.0,0.0,0.0,0.0,0.0,0.0,0.0,0.0,0.0,0.0,0.0,0.0,0.0,0.0,0.0,0.0,0.0,0.0,0.0,0.0,0.0,0.0,0.0,0.0,0.0,0.0,0.0,0.0,0.0,0.0,0.0,0.0,0.0,0.0,0.0,0.0,0.0,0.0,0.0,0.0,0.0,0.0,0.0,0.0,0.0,0.0,0.0,0.0,0.0,0.0,0.0,0.0,0.0,0.0,0.0,0.0,0.0,0.0,0.0,0.0,0.0,0.0,0.0,0.0,0.0,0.0,0.0,0.0,0.0,0.0,0.0,0.0,0.0,0.0,0.0,0.0,0.0,0.0,0.0,0.0,0.0,0.0503899506528185,8.229636683064806e-14,0.015139954740253649,-1.3252841924701954e-5,-0.001289822172848517,1.8702112972420747e-10,1.2128332479172872e-13,8.38482036184129e-13,-1.4104807880633226e-8,-1.9036102553470726e-14,7.599670121664346e-7,-2.3022621615483964e-14,-0.00015557931876072561,-9.411408797145947e-13,1.0498706711725893e-11,1.413613607300337e-12,0.012600724660667967,-0.0034881043644077203,-7.723603219824855e-5,1.281616307723293e-7,-3.5252540507043053e-10,4.171362773923803e-6,-8.79391636974796e-14,0.00351522022479972,1.560736713331401e-11,8.629711983320908e-12,-1.3181627398083071e-11,9.627902582455715e-5,-4.474623935408356e-14,0.002955497777747688,-1.5677918468074083e-7,-0.00010064602992245915,-1.3458595115178729e-12,-3.897831651897325e-15,1.6453968039833208e-13,-0.002912839356257909,2.279444662067774e-13,6.205188894762198e-13,7.959430849170738e-13,-1.7918966378565176e-12,-0.003398885101727761,-8.655577777793205e-7,-4.269408691430409e-5,-3.158987389460884e-13,7.375271032680806e-13,2.2071349118203282e-14,6.771577574462098e-7,4.993408173124543e-13,0.008216509155104015,-3.586895241951394e-7,-1.7289262634802567e-8,6.750321745223748e-14,0.00010696193520170351,3.575541006794442e-6,4.463707086000944e-12,5.438387871316579e-12,3.846941682461758e-8,1.6394664146891622e-7,-2.8092975458232176e-8,3.655440355288304e-10,-3.6563207279723607e-5,-0.0016276726106775022,-2.2443463336214487e-15,-1.9059816512894858e-12,0.0011607112787264224,-3.385541495773533e-10,8.599816421409312e-12,2.917249148984539e-9,6.006137953606574e-7,-3.141280766320362e-10,-8.202482086184512e-5,1.5481552292109e-6,-3.1442331758632812e-6,-1.3981192338243248e-6,-9.42141297940224e-16,-3.3212696594748507e-7,-2.535326802969731e-10,-0.0011606169011551023,-0.0036300746209137337,5.787830111087389e-9,4.707109900628745e-14,0.001325875164222632,0.00017415248741448321,-0.00017654467021611646,4.77289870114213e-5,1.5187966995928453e-6,3.938706567801267e-13,9.726666435083151e-12,-1.890374849982532e-7,-3.672673164022963e-10,1.4256508167678715e-5,0.0004205224654081996,-0.0009434923381297593,-5.4792062123195034e-6,2.3932835919643686e-9,-0.002253826565032022,-7.901396987906512e-5,-1.5475146035326777e-10,-2.1074017726211233e-13,5.776507288435971e-10,8.974852036056383e-9,-0.00015905509577359848,-2.5577811880488664e-6,0.0001122227800682469,2.6423114243827114e-8,0.011970578412355654,-9.962730938293572e-12,-7.216233603035614e-11,1.675867413738383e-5,-4.740126861824998e-9,-4.768301171401986e-5,-0.00497499569354204,0.0003228282326205574,-1.9543775220293396e-14,-4.75276610476904e-6,-1.1717263516859704e-9,1.2494780241290912e-9,0.0023421942580232813,-0.0021224722152267386,1.4712579871994723e-5,-0.0004688305736746148,9.941628620550582e-9,-9.904044626174074e-14,-0.010023678307220708,-2.4438163134976803e-12,7.320494922944079e-13,0.008035557788558221,-1.9839516956918633e-14,-1.8377568602578433e-8,8.617519133501514e-6,9.690454971174175e-7,3.441203357325e-14,8.201297613114143e-11,-1.2322662755053982e-9,-0.0004930346203096802,-2.6401060609640714e-13,-8.028993851689491e-13,-0.003082565968241627,-1.944568236310772e-12,3.888575706193696e-7,1.663787700172906e-10,3.6280060073845845e-8,2.862824976528754e-8,-7.440655733258346e-8,-0.0002037567738961256,9.166091675035884e-6,-5.780179795909604e-11,-1.1092357290498796e-10,1.8013903121276235e-5,5.78744054395018e-5,0.00023610697787678042,-8.04339719061773e-15,-2.9231088641468647e-12,-0.00609755293338265,0.0007217908050389866,1.9599419562906444e-7,-0.007377082527254942,4.260425044024341e-5,-8.307806640551123e-8,-9.264763630331543e-8,3.0033311126462934e-7,-4.34237833891626e-7,-1.6414534611827146e-13,-2.7194157558218888e-8,-0.01120149256426369,-7.676783152404737e-15,-3.0253759749000563e-8,1.331738436684063e-8,-2.7726075988323432e-11,-2.4621316934550697e-10,0.013550727695682978,-0.005386807535351007,-2.052795884952325e-15,1.3644565786392755e-13,-2.0140075060705297e-14,1.5699006947976525e-7,0.0001349339457933282,0.0001436101983557016,-5.720874206148969e-12,-9.851467429087611e-11,4.0884071115790844e-15,1.45829022163867e-10,1.873721814809532e-12,-2.217137700216113e-5,1.1753049691821075e-14,-2.7471150156856955e-6,-3.013123951672888e-8,2.980152633910934e-9,-8.566022041073449e-13,-8.871337444014887e-6,-3.861125020975606e-6,6.885895344392799e-7,1.4624511442536677e-13,0.0027876569296413096,1.6845115746659714e-11,-0.0001472242978819439,1.8936118722590186e-11,-0.0002078298590490777,-0.005597811402124811,-1.1789091007230693e-11,-1.0847950986083274e-7,7.360582774894514e-11,1.3544286224811955e-11,-1.460912676437595e-9,-8.281169273734119e-11,2.8968800712136706e-5,-3.879759872817248e-13,2.327455267445597e-12,-2.492388732512667e-7,1.421945646863627e-10,-5.254133687807928e-13,1.595173867648273e-8,-1.6332810455485463e-11,-5.374480431840656e-6,-8.041284211912906e-10,-0.00044385144677541456,-8.43901200979091e-8,6.379944996352649e-14,0.009237413996889147,2.6789534371671127e-12,1.9154043520885064e-14,-2.8357728486689296e-9,0.017162999789472572,0.0006894959651782454,-7.109927773897077e-13,-4.930040905995704e-13,3.4006496089059145e-6,-0.002306922779784016,-0.0007189524653232461,-8.01534143638367e-6,-3.2375957905936514e-7,-6.828939500788583e-13,-3.113387954416393e-8,-1.219117806058887e-13,-0.0012752180896561615,-1.8295693624420226e-9,-1.794071744443527e-5,6.223696706080422e-7,2.8063429244024325e-13,9.038439186822445e-10,-0.00011122446502771554,3.850965399393039e-8,6.572722851000166e-10,1.549347535871536e-9,4.561147501663943e-5,-3.0026029345540596e-13,-2.9256066345809e-12,8.340688292828594e-6,-5.203847993181471e-7,5.739680968671319e-8,9.249161192457727e-7,0.006677128229515808,2.5227663502406877e-11,4.497038863730759e-8,-1.3732565016428728e-14,8.917579675103697e-13,5.723014724452109e-10,-8.870343103015316e-13,-1.6849107139105547e-6,-0.0005946977725234117,0.0012113396098414157,-4.116731031207595e-12,-1.1046536857655475e-9,-2.3476467417496462e-11,-6.366507283226454e-15,0.0002781599306273111,-2.580677643709554e-9,-0.0064019717682449575,-7.26132451124146e-7,-1.705231239013606e-5,0.0001763214071011769,-1.823405480284937e-12,3.1262360910600627e-5,-3.095132965252135e-11,-6.882706425558563e-10,7.225740691644403e-12,-0.0015944978210056992,2.695252317201309e-13,8.967635197149153e-8,-8.689279640908173e-11,-2.4180512098408676e-13,2.3536241863499736e-13,1.0298119439173135e-7,1.977900049632879e-8,-0.00037065377679788305,-0.0022238130898816683,0.0015246085236746713,-2.7653394768816714e-11,-0.0020409988108441605,-8.527859428340919e-10,-6.487383752472974e-12,-1.856513739259892e-11,6.773053311768709e-15,3.907814785972572e-9,9.768134548701546e-13,0.002402031797606174,-1.3535554924089608e-10,-7.15202502115961e-13,-3.5387969469213658e-9,-1.11502774483749e-12,3.0302255280060193e-13,-4.8221747648816535e-15,-0.0009833626612835381,2.7789915274910864e-11,-1.2769721202370344e-6,-4.853014594870992e-9,2.578483554710304e-14,2.703483777635986e-6,4.0158411006862934e-5,-5.583752154658144e-10,0.009452882719682042,-3.896879515044813e-10,3.3259320860452035e-12,-2.0134938064856943e-6,2.4888279851104738e-8,-2.741772884471169e-7,1.3328660174690174e-11,-1.4417964327269904e-7,1.6003370364413213e-14,0.00011905334977941007,3.26671310333016e-8,2.560078772604525e-10,-1.2600487901676949e-5,-4.2224255071952347e-13,-0.0003193429496115993,2.4548815060109347e-13,-1.0736977773228594e-12,8.033691353407514e-16,0.00022431862234711686,-9.423894884970398e-6,8.646103248364827e-8,9.687267416458973e-8,5.885941897082344e-14,1.0538329713571385e-5,-9.619710709236666e-5,-1.5103698304839814e-9,-2.2545674228669123e-12,0.0002796306928327873,-3.6830024749407955e-9,-3.3496710684153864e-8,3.846875999099926e-11,-1.2320754776114422e-10,0.0003572502876306752,-0.0031263301380384362,1.0755976143037122e-11,2.0591784251401613e-11,-1.015311388654231e-8,-3.704526891005325e-5,1.4233955730937823e-8,-8.04448284466398e-12,-9.752803908151061e-9,-9.076856866277098e-7,2.8910594921250853e-6,1.249609478390904e-13,-1.0765313990846918e-12,3.2173465226809054e-11,-2.016623880724271e-11,-1.1360140584129899e-11,-1.641843308220058e-11,-0.0012016885576556463,-0.0024404880696386015,2.7184375568560127e-14,3.919346549588098e-10,-0.0009359994675885396
0.0,0.0,0.0,0.0,0.0,0.0,0.0,0.0,0.0,0.0,0.0,0.0,0.0,0.0,0.0,0.0,0.0,0.0,0.0,0.0,0.0,0.0,0.0,0.0,0.0,0.0,0.0,0.0,0.0,0.0,0.0,0.0,0.0,0.0,0.0,0.0,0.0,0.0,0.0,0.0,0.0,0.0,0.0,0.0,0.0,0.0,0.0,0.0,0.0,0.0,0.0,0.0,0.0,0.0,0.0,0.0,0.0,0.0,0.0,0.0,0.0,0.0,0.0,0.0,0.0,0.0,0.0,0.0,0.0,0.0,0.0,0.0,0.0,0.0,0.0,0.0,0.0,0.0,0.0,0.0,0.0,0.0,0.0,0.0,0.0,0.0,0.0,0.0,0.0,0.0,0.0,0.0,0.0,0.0,0.0,0.0,0.0,0.0,0.0,0.0,0.0,0.0,0.0,0.0,0.0,0.0,0.0,0.0,0.0,0.0,0.0,0.0,0.0,0.0,0.0,0.0,0.0,0.0,0.0,0.0,0.0,0.0,0.0,0.0,0.0,0.0,0.0,0.0,0.0,0.0,0.0,0.0,0.0,0.0,0.0,0.0,0.0,0.0,0.0,0.0,0.0,0.0,0.0,0.0,0.0,0.0,0.0,0.0,0.0,0.0,0.0,0.0,0.0,0.0,0.0,0.0,0.0,0.0,0.0,0.0,0.0,0.0,0.0,0.0,0.0,0.0,0.0,0.0,0.0,0.0,0.0,0.0,0.0,0.0,0.0,0.0,0.0,0.0,0.0,0.0,0.0,0.0,0.0,0.0,0.0,0.0,0.0,0.0,0.0,0.0,0.0,0.0,0.0,0.0,0.0,0.0,0.0,0.0,0.0,0.0,0.0,0.0,0.0,0.0,0.0,0.0,0.0,0.0,0.0,0.0,0.0,0.0,0.0,0.0,0.0,0.0,0.0,0.0,0.0,0.0,0.0,0.0,0.0,0.0,0.0,0.0,0.0,0.0,0.0,0.0,0.0,0.0,0.0,0.0,0.0,0.0,0.0,0.0,0.0,0.0,0.0,0.0,0.0,0.0,0.0,0.0,0.0,0.0,0.0,0.0,0.0,0.0,0.0,0.0,0.0,0.0,0.0,0.0,0.0,0.0,0.0,0.0,0.0,0.0,0.0,0.0,0.0,0.0,0.0,0.0,0.0,0.0,0.0,0.0,0.0,0.0,0.0,0.0,0.0,0.0,0.0,0.0,0.0,0.0,0.0,0.0,0.0,0.0,0.0,0.0,0.0,0.0,0.0,0.0,0.0,0.0,0.0,0.0,0.0,0.0,0.0,0.0,0.0,0.0,0.0,0.0,0.0,0.0,0.0,0.0,0.0,0.0,0.0,0.0,0.0,0.0,0.0,0.0,0.0,0.0,0.0,0.0,0.0,0.0,0.0,0.0,0.0,0.0,0.0,0.0,0.0,0.0,0.0,0.0,0.0,0.0,0.0,0.0,0.0,0.0,0.0,0.0,0.0,0.0,0.0,0.0,0.0,0.0,0.0,0.0,0.0,0.0,0.0,0.0,0.0,0.0,0.0,0.0,0.0,0.0,0.0,0.0,0.0,0.0,0.0,0.0,0.0,0.0,0.0,0.0,0.0,0.0,0.0,0.0,0.0,0.0,0.0,0.0,0.0,0.0,0.0,0.0,0.0,0.0,0.0,0.0,0.0,0.0,0.0,0.0,0.0,0.0,0.0,0.0,0.0,0.0,0.0,0.0,0.0,0.0,0.0,0.0,0.0,0.0,0.0,0.0,0.0,0.0,0.0,0.0,0.0,0.0,0.0,0.0,0.0,0.0,0.0,0.0,0.0,0.0,0.0,0.0,0.0,0.0,0.0,0.0,0.0,0.0,0.0,0.0,0.0,0.0,0.0,0.0,0.0,0.0,0.03829363233313688,-4.785255953786865e-13,-2.555596004217894e-9,-9.073698153462847e-13,1.2554575056648618e-5,0.004626554646882874,0.004121801592665822,-8.951700906674334e-8,0.0009657610714453174,-3.6163453538497747e-9,-0.0029207633526372742,1.8239877003910454e-11,-0.0023774056762277352,-0.0002826738575631674,0.00020149738454118375,-3.7658206466663606e-13,4.8796460410318765e-14,-5.546049950195675e-12,1.4517740834471359e-8,1.2831982537971114e-5,-6.47219120684751e-11,-0.005013424428303255,-7.044570162621584e-14,-1.905092375824795e-5,0.00028473652031978363,2.4998262885950378e-5,-7.380772428946597e-11,-0.007621557456403744,4.1909618048731773e-13,9.433725543586291e-9,-1.3716063681327578e-12,-0.0034249002438715495,0.016924192921186625,-0.0050111722388028095,1.6224225369345394e-12,0.0008175885275653667,0.0009719665227166076,0.0053595063511560175,-0.0001237589265829126,2.430584737445123e-13,-3.133752338668096e-9,-4.539192495728452e-11,-0.009457635644600075,0.0005378630615759015,0.003088008197464619,2.4805438144642305e-9,0.0003043513572536155,1.1511043550847236e-14,-4.076015669610642e-9,-1.3799660186968805e-8,0.0006668327123276181,-5.262634653727843e-12,-4.643845539508412e-10,-0.0011701357922687318,0.00035914860067583546,-2.2640042803749534e-8,2.7038275880515705e-8,1.4946120873867197e-7,4.6299294843496376e-6,-1.8917686175244707e-11,7.715319594969992e-12,-0.0002769795575214978,8.764721167536785e-5,-7.936257761685794e-13,1.4003284811241144e-7,0.0005359742389797577,1.443692916770811e-6,2.659626473612083e-9,3.870989850200781e-7,-7.684308311337642e-13,1.6823993117210712e-9,2.7665113788057418e-11,-3.7841550663159705e-9,0.009070429055358452,-2.4094096898914584e-8,-5.751348532378434e-7,6.788752262347775e-12,1.5307576247653457e-14,-2.0394324866385706e-7,0.0021296563968863954,-1.1690838472328742e-13,-7.710204447152534e-12,-2.8450803999382206e-13,-1.156417023579632e-11,4.4460818466981593e-10,0.008485655541394722,-1.9426861365144325e-5,-1.2746418079086482e-9,-1.289763572987922e-6,-1.2841343896027465e-10,3.204723563124877e-12,1.3577593457343615e-12,6.366071590906052e-11,2.1655938626774836e-7,7.156505507621365e-14,-5.088725282410987e-12,-2.175580991523889e-6,-0.02528530474273377,-4.2947310640154506e-7,-2.8618919119013625e-8,1.9646265706076693e-11,-6.640075425847196e-10,-4.404715439867408e-12,1.7220647004586592e-7,-4.3843848652405055e-13,-8.44903402693886e-6,-2.0772116924346697e-5,7.630395905020807e-12,1.657607164329427e-8,2.6450113563282494e-11,9.75409181528403e-14,-6.077367363239673e-12,-0.006201806584061348,5.258155901481636e-11,-3.5105519937965904e-7,1.07660874670316e-7,-4.387583535561559e-12,8.11560909891175e-13,6.625322169865384e-10,-4.671494545396926e-13,-7.092128258808588e-8,-0.0009795348922743764,-1.7931307337407327e-14,-0.00015125302433123544,0.0022815480287953945,-1.7202153050406518e-13,-0.013350338243679514,3.623741491429193e-8,7.430438407102355e-11,-1.0348786894528553e-10,0.007079543856659105,5.241695282754832e-6,8.748950526439412e-9,-1.9293899431806133e-12,-0.00888205356876727,-0.0009783416493246465,1.4639932539766387e-14,0.0005467662225077236,-2.7757826978440647e-10,1.536419269780288e-6,4.241654249127578e-8,4.8801339912153396e-8,-2.275319386593481e-10,2.3971554920597494e-11,5.917826024036299e-10,-2.1169891677592386e-5,3.384772034754012e-7,-6.848280158460862e-11,2.5074219730754938e-12,-2.3579476183430927e-12,-0.0025274972243319862,0.00011364229791091548,8.166571583197588e-15,3.211627842713569e-13,-4.642394442581646e-9,6.009466723453049e-14,-4.3364330577407576e-11,1.0104041647666193e-8,-3.2438087005966083e-8,-1.0268563509194108e-9,-9.615885073905495e-10,0.0002049724131934448,5.192339686697101e-8,1.4878742246480996e-13,0.006325733212612429,1.6416143132632344e-9,5.367230826765758e-9,-1.1109917554766086e-6,5.044951740338013e-6,3.1180078937805077e-13,-4.074650330169465e-14,-0.0020521104222486486,-0.00929249557736927,0.007176561863664754,1.098975607248954e-8,-1.1545830731183322e-11,-2.741279905368305e-11,-2.2333083948265458e-5,-1.0851432820021386e-6,0.004907976372276086,-3.527720347504304e-6,-3.960795671629824e-5,-1.76709483651674e-11,0.008114936370641906,-2.0691256052352597e-9,-2.528783220995385e-8,4.743931737461596e-8,0.00010364206101556458,1.5760032818846164e-10,-4.196607072846781e-11,-1.381729538868378e-9,-0.002478896057531148,2.927796419978433e-14,-2.751162030894047e-5,-4.447691680959167e-12,6.006513282815604e-5,1.3186281902964349e-12,-2.778055040087499e-14,-1.1731708233902054e-6,1.6788473204448913e-9,8.181783153075632e-6,3.398192113099363e-5,-7.015771046653182e-7,1.2099536233779594e-7,1.0847917425683644e-11,-0.010977480978993254,0.001951593649767253,6.187723146381954e-9,3.768341915595583e-6,0.002774828425111212,2.6506717811143717e-8,1.0191757831967738e-5,-1.7681574833605747e-10,8.516272117718406e-7,-1.201824996381197e-12,2.4087998515233016e-9,0.006638375663399311,-2.500747593677475e-13,0.0016482122942982915,0.0017288985439573162,-1.3025660648339964e-7,3.004022101236978e-13,-6.89793383828033e-13,-0.0034089578015538747,-7.352219726756477e-5,-2.5941137980820916e-10,6.028990161266443e-13,-6.045985427138145e-14,2.54891873192227e-10,-5.086955549419907e-9,-0.0005312067266185718,-2.856074107020865e-8,-0.0002466208744890383,-8.495365832008929e-14,3.2619168612104835e-8,-1.8374637436881285e-10,-3.292123338922292e-9,0.0004750201841861339,-4.312515616179759e-7,2.3103196960324043e-11,-1.1371958993569956e-9,1.4086727593985787e-6,5.716880765285174e-7,-3.7928946787638764e-12,-0.0016285168690718824,-0.000188744646569247,1.5445314935543658e-10,8.57621190677813e-9,-2.0054185589569052e-8,2.1086713394366487e-9,4.9934825809302024e-14,3.5636223473534003e-6,5.901173283852576e-9,0.00015895912694093467,0.0018562854951742244,-5.149336214773878e-8,-0.0032276376741353207,2.9548969105431293e-10,-1.0336366004094708e-12,4.772182841656753e-14,1.5191062514410384e-5,-4.444786337050107e-6,1.2305349891120258e-5,0.000581469310778001,-4.6296776988067185e-12,1.3522244284515966e-7,7.635952017686914e-14,-1.1541026517644437e-10,-2.370588523469231e-10,-3.004957078037423e-12,-0.00013200350084368692,-1.2673877394182037e-11,9.864111762923785e-6,-1.0245046488106477e-5,2.296847483542104e-5,-7.25437701427204e-14,-0.0023059983949780378,4.980394073792802e-8,-1.562753400535369e-5,-0.00409744992252476,0.010343026893636196,5.825633462494306e-9,9.898764458772128e-9,-1.15954521549228e-13,-2.2807878685122253e-14,-4.82814815582841e-14,-2.9371767750100877e-5,2.6330257791206584e-13,-1.6648995317382337e-6,7.473884439320156e-5,-1.9012592444498838e-5,0.007691567650019448,2.724917699326841e-7,0.0005040466507703718,-1.048967098844099e-14,-3.360322033003926e-6,-3.0387908137999976e-5,7.807672920949322e-8,-0.0024484982658248967,0.007234204922772327,-0.001140413666705433,8.369467847707382e-14,3.143767699220599e-6,1.196594353432961e-10,-1.6241941616405905e-7,0.006050058088030994,4.412151838094737e-9,1.2464907083790359e-11,-1.9799612639425538e-7,-3.881057499483738e-14,-1.3412672573019964e-6,-0.00015114573484713688,-4.725670868110452e-11,1.4211301755257507e-8,-1.9690391138503872e-9,-0.00010550816813456278,1.6425525321043313e-8,-0.006019152085352647,2.2932059551979482e-12,6.663886015148961e-9,-5.693084252960713e-7,8.630867541220163e-12,-0.004517389743116753,1.5953854337948328e-11,-0.0024558566870233186,-0.001088444570629322,-0.00037503376887474207,-9.500766709379796e-12,3.687485876758751e-10,-9.191933766140885e-9,4.029869352216267e-9,-0.012503075531729229,-5.837882325653698e-11,3.44465205789493e-12,-2.9220866472505556e-7,-2.203807694469632e-5,-2.492301199725081e-13,-3.732722902826932e-9,-2.2758481863506837e-8,-5.542359195777645e-8,5.1388436516498774e-6,-1.0672009492045098e-12,6.276247705287349e-14,0.0004521430368701352,9.678047169682716e-7,3.2944009212034767e-8,1.582368162276201e-11,-5.192869982771844e-8,-0.0001614922994298588,-8.478752212911406e-9,-5.3886128472475945e-11,-2.733100791514759e-10,-0.00807956069400382,9.573165134004095e-5,-4.407794580298418e-7,-3.5842678379288557e-6,-4.918970002052596e-6,-3.5912732435381284e-5,-5.616247942140908e-13,1.1398861508166386e-12,0.00398975235685405,-3.482776424072514e-7,-6.952853566875868e-14
0.0,0.0,0.0,0.0,0.0,0.0,0.0,0.0,0.0,0.0,0.0,0.0,0.0,0.0,0.0,0.0,0.0,0.0,0.0,0.0,0.0,0.0,0.0,0.0,0.0,0.0,0.0,0.0,0.0,0.0,0.0,0.0,0.0,0.0,0.0,0.0,0.0,0.0,0.0,0.0,0.0,0.0,0.0,0.0,0.0,0.0,0.0,0.0,0.0,0.0,0.0,0.0,0.0,0.0,0.0,0.0,0.0,0.0,0.0,0.0,0.0,0.0,0.0,0.0,0.0,0.0,0.0,0.0,0.0,0.0,0.0,0.0,0.0,0.0,0.0,0.0,0.0,0.0,0.0,0.0,0.0,0.0,0.0,0.0,0.0,0.0,0.0,0.0,0.0,0.0,0.0,0.0,0.0,0.0,0.0,0.0,0.0,0.0,0.0,0.0,0.0,0.0,0.0,0.0,0.0,0.0,0.0,0.0,0.0,0.0,0.0,0.0,0.0,0.0,0.0,0.0,0.0,0.0,0.0,0.0,0.0,0.0,0.0,0.0,0.0,0.0,0.0,0.0,0.0,0.0,0.0,0.0,0.0,0.0,0.0,0.0,0.0,0.0,0.0,0.0,0.0,0.0,0.0,0.0,0.0,0.0,0.0,0.0,0.0,0.0,0.0,0.0,0.0,0.0,0.0,0.0,0.0,0.0,0.0,0.0,0.0,0.0,0.0,0.0,0.0,0.0,0.0,0.0,0.0,0.0,0.0,0.0,0.0,0.0,0.0,0.0,0.0,0.0,0.0,0.0,0.0,0.0,0.0,0.0,0.0,0.0,0.0,0.0,0.0,0.0,0.0,0.0,0.0,0.0,0.0,0.0,0.0,0.0,0.0,0.0,0.0,0.0,0.0,0.0,0.0,0.0,0.0,0.0,0.0,0.0,0.0,0.0,0.0,0.0,0.0,0.0,0.0,0.0,0.0,0.0,0.0,0.0,0.0,0.0,0.0,0.0,0.0,0.0,0.0,0.0,0.0,0.0,0.0,0.0,0.0,0.0,0.0,0.0,0.0,0.0,0.0,0.0,0.0,0.0,0.0,0.0,0.0,0.0,0.0,0.0,0.0,0.0,0.0,0.0,0.0,0.0,0.0,0.0,0.0,0.0,0.0,0.0,0.0,0.0,0.0,0.0,0.0,0.0,0.0,0.0,0.0,0.0,0.0,0.0,0.0,0.0,0.0,0.0,0.0,0.0,0.0,0.0,0.0,0.0,0.0,0.0,0.0,0.0,0.0,0.0,0.0,0.0,0.0,0.0,0.0,0.0,0.0,0.0,0.0,0.0,0.0,0.0,0.0,0.0,0.0,0.0,0.0,0.0,0.0,0.0,0.0,0.0,0.0,0.0,0.0,0.0,0.0,0.0,0.0,0.0,0.0,0.0,0.0,0.0,0.0,0.0,0.0,0.0,0.0,0.0,0.0,0.0,0.0,0.0,0.0,0.0,0.0,0.0,0.0,0.0,0.0,0.0,0.0,0.0,0.0,0.0,0.0,0.0,0.0,0.0,0.0,0.0,0.0,0.0,0.0,0.0,0.0,0.0,0.0,0.0,0.0,0.0,0.0,0.0,0.0,0.0,0.0,0.0,0.0,0.0,0.0,0.0,0.0,0.0,0.0,0.0,0.0,0.0,0.0,0.0,0.0,0.0,0.0,0.0,0.0,0.0,0.0,0.0,0.0,0.0,0.0,0.0,0.0,0.0,0.0,0.0,0.0,0.0,0.0,0.0,0.0,0.0,0.0,0.0,0.0,0.0,0.0,0.0,0.0,0.0,0.0,0.0,0.0,0.0,0.0,0.0,0.0,0.0,0.0,0.0,0.0,0.0,0.0,0.0,0.0,0.0,0.0,0.0,0.0,0.0,0.0,0.0,0.0,0.0,0.0,0.0,0.0,0.06477248418324925,-7.252526907286424e-6,-0.0030501228364915893,-5.614693667542714e-10,-3.0717556653965554e-13,4.793101435469837e-13,1.0685641474867635e-8,-3.3847815692006234e-14,-4.660889950776072e-6,8.244700122119014e-14,-0.00042207815205303655,-5.553480950264631e-13,-1.0393650964168866e-11,-3.8963774720101825e-11,-0.0034020456733475125,-0.0033209279716167974,6.219147418633183e-5,-3.8125324356151827e-7,-8.394840104118233e-10,-9.000880040406938e-6,-1.325005495279273e-12,-0.00014819548970633774,1.2580174467459126e-9,-1.6139637788501304e-13,3.599522922703513e-11,0.0009216770078155255,-5.649403432405591e-14,-0.002481335888931976,-3.5415927374591283e-7,-0.0009174974196578362,1.2159626974622333e-12,4.2087775982768624e-14,-7.508409506228285e-14,0.003302540941105448,-2.1313219315065522e-13,-3.2473523460340294e-13,-7.391389394595141e-13,-2.9101838703016744e-11,-0.01139115219473845,1.3742821990329468e-7,5.1556098439240794e-5,3.3379810268212487e-13,-9.817694879045697e-13,-1.1728036486313021e-14,1.062419637090055e-6,-5.8312466515029935e-12,-0.0044186436769502535,9.917906826553914e-7,4.5559997122028385e-8,3.441994018935139e-12,0.0009418379385092774,4.663378746487254e-5,5.259129569131202e-12,-3.85483587285601e-11,2.820783467770941e-8,1.903389725459415e-7,-1.0284213679261601e-7,-2.548095430770108e-10,0.00032675573812935237,-0.000828922000480805,4.452171182903259e-14,3.339966099765857e-11,0.005163497772833549,-3.10484545264593e-8,-2.244555784496252e-11,3.9975072011415255e-9,1.645896038856926e-6,6.0333272956067125e-9,-0.0003803660427606898,5.952179953505211e-6,-1.1261379422116514e-5,-7.604201326944096e-7,1.3991138786393499e-14,-6.190221782608722e-7,5.605165546280553e-9,-0.0015157165973656668,-0.0005663815603639493,6.520919564192185e-9,1.4926147568205294e-12,-0.004192729431167277,0.0019129658765871663,0.002829260002326069,3.905548340492852e-5,-2.0289109025489164e-6,-1.7388359945986572e-12,6.296227005807243e-11,2.96891324219851e-6,-2.9397210898540017e-9,-2.6128850884049744e-5,0.0012831325741866659,-0.008465031061898208,-6.4134925632629e-7,6.360479268039038e-9,0.0030627344762222597,0.0022523323246077197,3.625708938737265e-9,1.2278388939090305e-13,1.737804025414813e-9,1.657096479075896e-7,-0.0010237461801276663,1.6181060322685255e-5,0.0013619763274709939,8.191883391480767e-9,0.0007652571724526203,5.484924724283462e-12,-2.3284750859277836e-11,-0.0003391039511979342,5.017853007074549e-8,-0.00016709492482498833,-0.012215091020545505,0.0003185700750170686,2.2074236778556949e-13,4.1511184937526396e-5,-8.675321011091964e-9,-6.720490034339103e-9,0.0025144209324599112,0.005239722841291104,-1.0685830711626391e-5,-0.001564833238465184,4.014534269374048e-8,-7.152981641192951e-13,0.0014777374266725987,1.2792609667361175e-11,-1.0062467756517792e-12,-0.0009177930636133623,-1.2487723858581937e-13,-4.468354507444433e-8,2.186287877133997e-5,4.9690646578565e-6,7.893694234577245e-14,-1.9489524315237654e-10,-1.8318725088021908e-7,0.006886861449859901,7.677472255194525e-13,4.0613027530062426e-12,-0.013475405881874236,1.0544971075969536e-11,3.6305503899507745e-6,1.881276763802181e-9,1.347768724117296e-8,4.270686380112507e-8,1.0889179962008022e-6,-0.0008514164525742014,-5.263554881015674e-6,-8.799969383881848e-11,3.232422417573731e-9,8.400083460264005e-6,0.00020706782099967237,-4.0721233025889104e-5,-4.7201415484014584e-14,-1.2046519282370975e-11,0.0004176630782978481,0.008557178685829845,1.112891878764238e-6,0.0018229745537449236,-7.771874309688925e-6,1.0850063036444422e-6,2.695258778824457e-7,9.816216386235006e-6,-6.955674709262298e-6,4.4427729743190107e-13,-5.85769168725513e-8,0.00028961348124963507,5.058264049647497e-14,-1.0653705021698928e-7,-1.4650689404556101e-8,1.2654109418231124e-10,-2.0924981499549445e-9,0.019337168545511284,0.0029342550653639666,-2.684054601958405e-14,3.4807996215243535e-13,2.5547974115428145e-14,2.1746762188779172e-7,-2.577866402637458e-5,0.0008591083073189032,-8.243030266991119e-11,-2.0030181091066028e-9,4.767765251625366e-14,-1.9272368178709214e-9,2.593667247195022e-11,1.961832524612981e-5,-3.0891211517702507e-14,-3.3352310311429965e-7,-1.795536869184495e-8,4.508509531791338e-8,5.890516700357995e-11,-9.873513972916499e-6,-3.2628686603913454e-5,3.903353699920214e-6,-4.04503813345772e-14,-0.0023290165599390857,2.7357483871913294e-11,9.339979171128543e-5,-1.2393011670793565e-10,-0.0004015061995999218,0.005232176147441471,-3.5642996484717644e-13,2.3689036348171216e-7,-4.1586109686160504e-10,-6.543096723815868e-11,7.788184032357582e-9,7.536828348406475e-9,0.0005827662944048242,8.699234722724645e-14,-4.621478239049048e-12,-5.326325533991219e-7,8.097342438075696e-10,6.3397397367194045e-12,-2.0953933362550492e-8,2.980021917276997e-11,2.3815888297206207e-6,-2.9619976379373165e-9,0.0030357173115641714,-6.291580988185605e-8,-3.0210482129434713e-13,0.0007434303869773406,-3.6438233073521865e-12,-1.3415298488073995e-14,4.849174757860024e-9,-0.0008948653337452376,0.00042769340083939557,2.49406055382855e-12,-1.3738011491924619e-11,1.5211630704969927e-5,-0.0024001535641015835,-0.00306135976178127,-5.081719307318457e-5,-5.91956595871887e-7,6.693705736490209e-13,-4.388859948090865e-8,-4.6807867622663764e-12,0.008060371234363588,2.313601191652002e-9,-1.9902444428064212e-5,-3.987729388766731e-7,-2.2825235855632365e-12,3.4077635783096714e-9,-0.0003969687754172908,1.8180732777266915e-6,1.5634251982865224e-9,4.804652462025941e-10,0.0005458609617202627,-2.859848924179834e-13,-6.941583510334312e-13,3.6660675457346635e-5,1.2801904706851336e-6,4.1078017371608067e-7,2.20576243676241e-6,0.0007172287594100142,3.136328827175643e-10,-3.783887964906931e-8,-1.6842205196288247e-14,3.846390386516108e-12,-1.2878689297731488e-9,1.1924075945043047e-12,4.253055957827238e-6,-0.00029419885196753706,-0.003053547879125436,-1.954992943073671e-10,2.124653836708424e-9,-2.965187504974213e-11,1.2693246944764832e-13,0.001021422411592841,-2.8059296723122656e-8,0.0030993793485443876,1.614794979371546e-5,2.787721873506015e-5,0.0036557075238847483,-3.393462849453377e-11,0.00013993786119469997,-7.225311349501323e-11,-4.903296863452986e-10,-3.504537747364853e-11,0.0006227126148683314,8.537090810966519e-13,9.996047327026394e-8,-6.843274638728764e-11,2.626312432576658e-13,3.295301879631905e-13,-3.3953010284722297e-7,-1.9217421911212822e-7,0.004817704985801589,-0.0005595140089997658,-3.72321259935204e-6,1.75585196257938e-10,-0.0206355236425165,-7.527547788239047e-10,2.1374296038063596e-11,-2.049617689023692e-10,3.303348441383851e-14,-3.0098747881846716e-9,2.700180475766821e-13,-0.0003697645093830016,-1.2358774371420145e-9,-1.0913244686903833e-11,-1.7179471161078478e-8,-2.031584139434833e-12,-3.338487904273284e-13,-2.019902384400022e-12,0.0063229672182236,3.179955046471091e-10,1.3686715282513484e-5,-7.607051922723968e-9,-1.243960512092301e-13,-2.1714603452917054e-6,-9.87840435973249e-5,-7.39713550943901e-9,0.025369865782286085,-2.3594223434622556e-9,1.4185785225595358e-11,-1.0382131889095751e-5,1.6621008110942705e-7,-4.44177498314943e-7,-3.1251054715801575e-12,-3.4362160921039903e-7,-5.183432277033953e-15,0.00018292281307222117,-7.270104960926092e-7,6.63122073002134e-10,-1.330293350136852e-5,1.2934635591106045e-12,-0.0011526068030863767,-1.6427447685134028e-12,-1.5118337937260887e-12,9.595976883332967e-15,0.00019448038449956632,-1.7186777526091526e-5,3.8652512121857615e-7,-7.185525655832819e-8,-4.387027675724672e-14,0.00015284409011763237,-0.0007354550641770836,-2.8603621261985612e-9,-2.6978258319012255e-13,-0.0008215640025593596,-9.767025024506718e-8,1.541415589232606e-8,6.510504037555723e-10,-7.713540761829025e-10,0.010272815625901186,-0.0022148610552867585,-4.021158850722306e-11,7.353040827318293e-10,-4.1126787396385e-8,-7.884120032255768e-5,8.912784427721578e-8,2.4738397600701865e-11,-6.153412991293902e-8,5.335895624485955e-6,1.924192526898109e-5,-7.602777716464415e-14,-2.6864774584993856e-12,1.5714937071153824e-10,-1.0642186635462362e-10,-7.272909969086846e-10,1.6764287204478356e-10,-0.001609019142724554,0.004031797834745936,-1.0519177355835068e-13,5.311526387942981e-10,0.002056866477238349
0.0,0.0,0.0,0.0,0.0,0.0,0.0,0.0,0.0,0.0,0.0,0.0,0.0,0.0,0.0,0.0,0.0,0.0,0.0,0.0,0.0,0.0,0.0,0.0,0.0,0.0,0.0,0.0,0.0,0.0,0.0,0.0,0.0,0.0,0.0,0.0,0.0,0.0,0.0,0.0,0.0,0.0,0.0,0.0,0.0,0.0,0.0,0.0,0.0,0.0,0.0,0.0,0.0,0.0,0.0,0.0,0.0,0.0,0.0,0.0,0.0,0.0,0.0,0.0,0.0,0.0,0.0,0.0,0.0,0.0,0.0,0.0,0.0,0.0,0.0,0.0,0.0,0.0,0.0,0.0,0.0,0.0,0.0,0.0,0.0,0.0,0.0,0.0,0.0,0.0,0.0,0.0,0.0,0.0,0.0,0.0,0.0,0.0,0.0,0.0,0.0,0.0,0.0,0.0,0.0,0.0,0.0,0.0,0.0,0.0,0.0,0.0,0.0,0.0,0.0,0.0,0.0,0.0,0.0,0.0,0.0,0.0,0.0,0.0,0.0,0.0,0.0,0.0,0.0,0.0,0.0,0.0,0.0,0.0,0.0,0.0,0.0,0.0,0.0,0.0,0.0,0.0,0.0,0.0,0.0,0.0,0.0,0.0,0.0,0.0,0.0,0.0,0.0,0.0,0.0,0.0,0.0,0.0,0.0,0.0,0.0,0.0,0.0,0.0,0.0,0.0,0.0,0.0,0.0,0.0,0.0,0.0,0.0,0.0,0.0,0.0,0.0,0.0,0.0,0.0,0.0,0.0,0.0,0.0,0.0,0.0,0.0,0.0,0.0,0.0,0.0,0.0,0.0,0.0,0.0,0.0,0.0,0.0,0.0,0.0,0.0,0.0,0.0,0.0,0.0,0.0,0.0,0.0,0.0,0.0,0.0,0.0,0.0,0.0,0.0,0.0,0.0,0.0,0.0,0.0,0.0,0.0,0.0,0.0,0.0,0.0,0.0,0.0,0.0,0.0,0.0,0.0,0.0,0.0,0.0,0.0,0.0,0.0,0.0,0.0,0.0,0.0,0.0,0.0,0.0,0.0,0.0,0.0,0.0,0.0,0.0,0.0,0.0,0.0,0.0,0.0,0.0,0.0,0.0,0.0,0.0,0.0,0.0,0.0,0.0,0.0,0.0,0.0,0.0,0.0,0.0,0.0,0.0,0.0,0.0,0.0,0.0,0.0,0.0,0.0,0.0,0.0,0.0,0.0,0.0,0.0,0.0,0.0,0.0,0.0,0.0,0.0,0.0,0.0,0.0,0.0,0.0,0.0,0.0,0.0,0.0,0.0,0.0,0.0,0.0,0.0,0.0,0.0,0.0,0.0,0.0,0.0,0.0,0.0,0.0,0.0,0.0,0.0,0.0,0.0,0.0,0.0,0.0,0.0,0.0,0.0,0.0,0.0,0.0,0.0,0.0,0.0,0.0,0.0,0.0,0.0,0.0,0.0,0.0,0.0,0.0,0.0,0.0,0.0,0.0,0.0,0.0,0.0,0.0,0.0,0.0,0.0,0.0,0.0,0.0,0.0,0.0,0.0,0.0,0.0,0.0,0.0,0.0,0.0,0.0,0.0,0.0,0.0,0.0,0.0,0.0,0.0,0.0,0.0,0.0,0.0,0.0,0.0,0.0,0.0,0.0,0.0,0.0,0.0,0.0,0.0,0.0,0.0,0.0,0.0,0.0,0.0,0.0,0.0,0.0,0.0,0.0,0.0,0.0,0.0,0.0,0.0,0.0,0.0,0.0,0.0,0.0,0.0,0.0,0.0,0.0,0.0,0.0,0.0,0.0,0.0,0.0,0.0,0.0,0.0,0.0,0.0,0.0,0.0,0.0,0.0,0.0,0.0,0.0,0.0,0.0,0.0,0.0,0.0,0.0,0.0,0.0,0.0,0.07755901732913006,3.405927023529853e-5,-1.9345990735715698e-6,-3.582412033102228e-9,-1.3117119589063816e-8,-1.681229323197776e-5,1.1958382309195325e-10,-0.0013270647829151136,2.027669926829983e-10,0.00255426824718004,4.103246048557355e-9,-1.1583295712318894e-7,-7.564806824241785e-8,1.1468388953061857e-5,-1.167480394054057e-6,-0.0004218350539239674,-0.0014815344833170874,8.066762989068752e-7,-0.0029426347562143775,1.511369012506296e-9,1.0087265679071884e-5,8.39770796355812e-7,-7.094525524083987e-8,1.4400679527284493e-7,0.0015202414314106662,2.487076706864851e-10,-6.228888349024221e-7,0.0005828179428872877,-3.2824084845829015e-5,9.667631418257437e-9,8.813597618818089e-10,-2.33491246826181e-9,-4.859274564664965e-6,9.711256826490297e-10,-9.845271207477918e-9,3.578471746384033e-9,-1.4460883755489138e-7,-9.132361661048531e-6,0.008667182213830973,-0.0006249395535744661,3.3670675961378913e-9,-1.359475377484097e-8,-2.0292604431620805e-10,-5.7707159662083306e-5,-7.696249452990588e-9,-7.058274891395684e-7,0.0016850667029730511,8.401851507032566e-5,-3.844585869658769e-9,-7.785921261760676e-5,0.01073280279571602,1.244389943400663e-8,-1.0219135660180203e-7,0.0009758951209551852,-0.00048576370104793043,-2.3230354201916915e-5,-4.8602269200051795e-6,0.0002447080778886165,-4.267477428065385e-5,9.682083242966287e-10,1.248370244317665e-7,-2.4835370521109513e-5,-4.04843690831615e-5,-3.6198194266085785e-8,-4.4291078481060816e-5,-0.004486388499213782,2.2819599809270628e-5,0.0007113019216228959,-0.001776656879146264,0.0002560310674708478,0.007380856989646391,-3.547992359498407e-10,0.0021792156742892854,6.882534712037606e-6,-0.0001928477498193646,-4.2047688299440036e-7,-1.144103846869533e-5,-1.3445992386270378e-9,6.896920688632693e-6,1.5132277476083922e-5,-3.945493339909924e-5,-0.00031126586588180313,-0.010417098382763333,1.6387982268069607e-10,-5.921981830580951e-8,0.02895486703029383,-4.87404968431103e-6,0.010665532955786412,-0.00016865740559382158,4.9383567069137074e-5,-0.0007441027382355044,-2.7261253885669506e-5,1.2706108479372483e-6,0.00017319026507557614,3.4803671941600223e-6,2.672130321966964e-10,-1.2534007261323148e-6,8.992638008865692e-5,-0.0005281644788166802,0.00574291266187269,0.00042880071023838846,-9.389331399915874e-5,-1.531414922299426e-7,-1.5984924479678463e-7,9.421324885805811e-7,2.923600864130343e-5,7.433244515455502e-5,0.0008951245193823205,2.4797959428105308e-6,-0.00031284083644743236,2.850246488160852e-10,-0.0014073290428252391,-3.420784136414039e-5,4.446443922173751e-6,0.0001350246783984291,-8.428046475299151e-7,-0.019146741123032534,4.2700054167360424e-5,9.665162947282199e-5,3.884662055511273e-9,1.418578118599718e-6,-1.5160509453591766e-9,-1.6965576094202132e-8,-7.624086750664993e-6,-5.625967010018183e-10,-3.8667424512946864e-5,-0.005624371796934794,-0.010465320890124988,8.162093036212903e-10,-1.3343129579235073e-6,-0.0005753628072566714,6.674643978461996e-5,2.7842810502716624e-9,3.2385600917892076e-9,2.9900483347367053e-5,4.3528147974594015e-9,-0.0017841996643587585,1.2784016853156032e-6,-0.00012936542295738796,-9.607135687484284e-5,0.0005956413709824889,0.00024043500330843152,-0.00899748817421086,-5.78200816309924e-7,4.29383388106774e-6,-0.00010947374638161546,9.933577935994726e-5,-2.9550075328214268e-5,-1.6192208722888642e-10,2.8315255141746475e-8,-2.912505300755273e-6,-2.609052373372825e-5,-0.0022526098749036353,-7.981175052564518e-7,0.0004595670746736667,-0.0012372208587780266,0.0008027959749134488,0.0012389976967569663,0.0032113124717810296,-1.4431377573512653e-9,-2.2804389153450672e-5,-4.946908412077143e-6,1.756527221400612e-10,6.182452416916143e-5,-1.554829738575632e-5,-2.376014934776489e-6,-1.566016185766897e-6,-1.4281621452240987e-5,9.006907653251461e-7,4.572896993654591e-11,-9.490596829407123e-10,-5.350889924512457e-11,-0.0008821465475329731,-0.00012021906067492893,-5.044648565580022e-5,8.201641040166266e-7,2.6259205875601018e-6,3.97930997372346e-11,-1.7474853638556498e-6,-9.75712874378902e-9,-0.00019955771317179164,-4.5941762859951894e-11,0.031457156823777824,5.850301760015485e-5,2.1362089389136765e-5,1.1425707271347591e-7,-0.003752692116469895,0.002558024607171253,0.003880027702852536,-4.5214059000512293e-10,-3.0479580947542326e-6,-1.894220747250507e-8,0.00031489169341343293,-2.1127696977591647e-7,0.00015051738111645095,-3.5949393195774123e-7,-3.253414011301367e-8,0.0004273407624210155,-7.967094964924196e-7,1.1061153716662589e-8,1.889475434911044e-6,1.5164067509599164e-5,-0.0004992346190667949,4.8045321792233055e-9,-2.1748292641855132e-8,0.0012299383893120222,1.4605034580166438e-8,-1.4782059611132988e-8,-0.00012757066133246562,-1.2200642888730503e-7,0.009672183891273407,-4.801245057172538e-6,-3.089357819756263e-5,3.10679307112411e-5,1.3917942176833256e-11,6.545404790117536e-6,-1.5740005824580216e-9,-1.5121751436208016e-10,5.0230295636503585e-5,-1.6184108129728556e-5,-3.802363438436378e-5,1.594807388868753e-8,-2.3441525567319666e-8,-0.0009978133840612025,-1.4668673940078037e-6,1.2487271072731708e-5,-0.004001875005176333,0.001402520943501326,6.2536134197764815e-9,5.085585381469724e-5,-5.20154665273377e-9,-9.087096999170637e-7,-3.524078425945445e-6,0.011915047783736818,-0.003518397974223099,-1.5582982840554638e-9,-5.975069228368408e-7,7.895199630735135e-5,0.0004680652274125292,-9.77338972217078e-7,-7.447533623332041e-6,-0.00035728522186846825,6.8369835121275265e-9,-4.722585880069967e-8,-0.005243046751012703,-0.0009484604019615864,0.0008608925993924267,-0.0008088508611631211,-3.560606024433596e-5,-7.048263339934729e-7,0.0001753682132883447,2.1118782483771174e-11,3.6209731781927914e-9,-1.7200725164874845e-6,3.802479007497491e-9,0.006887137564503484,-3.918588012189004e-5,-4.860732433213718e-6,-8.939399608750356e-7,1.3885392428889443e-5,1.5452390456734575e-7,7.710874748526308e-11,0.00021818453766697012,-6.629589544885053e-5,5.16328800611247e-6,-0.00013272252548747016,0.005929721185179494,2.5223964331480593e-5,-4.20342659737643e-8,-0.005377595363678394,3.244656300652467e-8,8.86341190346732e-7,-1.3569440646753597e-7,1.6951202073052728e-6,-5.380556388805324e-9,-0.00039929835360607544,1.0222021071833473e-6,2.70520761427429e-9,1.0594432157385922e-9,-0.001773102361092997,-0.00030374541210944294,5.782525484103653e-6,1.2153280217246146e-6,2.153076828435636e-6,1.6986524726424545e-6,1.7299885305380747e-5,3.2512094744932555e-7,8.774143454019077e-8,-3.708774306958161e-7,-4.891314079994311e-10,-6.807733152251669e-5,-8.996989289528518e-9,5.464635323227303e-7,6.399911569939268e-7,3.270254614450599e-7,5.5689855467401244e-5,5.167614617183303e-9,-7.236517302340951e-9,6.8844719726533044e-9,3.619400940757599e-6,3.982771809150471e-7,0.005305745047608057,-9.101589540094698e-6,-2.897498276355122e-10,-0.024064151089887745,0.0010478435340039265,-2.1316189514934605e-7,1.2416684291248893e-6,1.0104077694733345e-6,1.5123269907509927e-8,0.0006052197062864687,6.761394002522998e-5,0.0014072127320031121,-1.0780134717432788e-7,0.0004952340904031664,-3.8459470932323205e-10,-4.222910802161662e-6,9.476599357271133e-5,-2.591598524683457e-6,-0.0010988859201177005,8.516141675190639e-9,-0.00014631621535125672,-2.7994067366037675e-9,1.7542804762259482e-8,-2.1719402623743016e-10,-9.445208068866563e-6,-0.00268107333343869,0.0005485038901360031,-0.0006122001522612997,-3.724601543162753e-11,0.0011839782113180583,-6.76071494628749e-5,-2.7291752193396792e-5,-1.2447673069060164e-9,-9.490570885495993e-5,-0.0004388239563181666,0.0002630674438259327,1.134141670503285e-6,-1.6158556081247725e-7,-1.540874034774597e-5,-3.6432745880096184e-7,-2.550358388972552e-9,-1.0672853901287027e-6,-6.1953473799844495e-6,-0.001897836493517934,5.921526145565321e-5,1.3663218912043596e-7,-0.00024282973769930547,-0.002655273101468295,0.0010161278648246972,-7.102349500630513e-10,1.8270625347571385e-8,5.149018591551114e-7,7.849812740447277e-8,5.21489507034722e-7,4.954591472653065e-7,-8.274351846009264e-5,-2.933830184338041e-5,-4.042282059443382e-10,1.2426371453960392e-5,1.380695113214998e-6
0.0,0.0,0.0,0.0,0.0,0.0,0.0,0.0,0.0,0.0,0.0,0.0,0.0,0.0,0.0,0.0,0.0,0.0,0.0,0.0,0.0,0.0,0.0,0.0,0.0,0.0,0.0,0.0,0.0,0.0,0.0,0.0,0.0,0.0,0.0,0.0,0.0,0.0,0.0,0.0,0.0,0.0,0.0,0.0,0.0,0.0,0.0,0.0,0.0,0.0,0.0,0.0,0.0,0.0,0.0,0.0,0.0,0.0,0.0,0.0,0.0,0.0,0.0,0.0,0.0,0.0,0.0,0.0,0.0,0.0,0.0,0.0,0.0,0.0,0.0,0.0,0.0,0.0,0.0,0.0,0.0,0.0,0.0,0.0,0.0,0.0,0.0,0.0,0.0,0.0,0.0,0.0,0.0,0.0,0.0,0.0,0.0,0.0,0.0,0.0,0.0,0.0,0.0,0.0,0.0,0.0,0.0,0.0,0.0,0.0,0.0,0.0,0.0,0.0,0.0,0.0,0.0,0.0,0.0,0.0,0.0,0.0,0.0,0.0,0.0,0.0,0.0,0.0,0.0,0.0,0.0,0.0,0.0,0.0,0.0,0.0,0.0,0.0,0.0,0.0,0.0,0.0,0.0,0.0,0.0,0.0,0.0,0.0,0.0,0.0,0.0,0.0,0.0,0.0,0.0,0.0,0.0,0.0,0.0,0.0,0.0,0.0,0.0,0.0,0.0,0.0,0.0,0.0,0.0,0.0,0.0,0.0,0.0,0.0,0.0,0.0,0.0,0.0,0.0,0.0,0.0,0.0,0.0,0.0,0.0,0.0,0.0,0.0,0.0,0.0,0.0,0.0,0.0,0.0,0.0,0.0,0.0,0.0,0.0,0.0,0.0,0.0,0.0,0.0,0.0,0.0,0.0,0.0,0.0,0.0,0.0,0.0,0.0,0.0,0.0,0.0,0.0,0.0,0.0,0.0,0.0,0.0,0.0,0.0,0.0,0.0,0.0,0.0,0.0,0.0,0.0,0.0,0.0,0.0,0.0,0.0,0.0,0.0,0.0,0.0,0.0,0.0,0.0,0.0,0.0,0.0,0.0,0.0,0.0,0.0,0.0,0.0,0.0,0.0,0.0,0.0,0.0,0.0,0.0,0.0,0.0,0.0,0.0,0.0,0.0,0.0,0.0,0.0,0.0,0.0,0.0,0.0,0.0,0.0,0.0,0.0,0.0,0.0,0.0,0.0,0.0,0.0,0.0,0.0,0.0,0.0,0.0,0.0,0.0,0.0,0.0,0.0,0.0,0.0,0.0,0.0,0.0,0.0,0.0,0.0,0.0,0.0,0.0,0.0,0.0,0.0,0.0,0.0,0.0,0.0,0.0,0.0,0.0,0.0,0.0,0.0,0.0,0.0,0.0,0.0,0.0,0.0,0.0,0.0,0.0,0.0,0.0,0.0,0.0,0.0,0.0,0.0,0.0,0.0,0.0,0.0,0.0,0.0,0.0,0.0,0.0,0.0,0.0,0.0,0.0,0.0,0.0,0.0,0.0,0.0,0.0,0.0,0.0,0.0,0.0,0.0,0.0,0.0,0.0,0.0,0.0,0.0,0.0,0.0,0.0,0.0,0.0,0.0,0.0,0.0,0.0,0.0,0.0,0.0,0.0,0.0,0.0,0.0,0.0,0.0,0.0,0.0,0.0,0.0,0.0,0.0,0.0,0.0,0.0,0.0,0.0,0.0,0.0,0.0,0.0,0.0,0.0,0.0,0.0,0.0,0.0,0.0,0.0,0.0,0.0,0.0,0.0,0.0,0.0,0.0,0.0,0.0,0.0,0.0,0.0,0.0,0.0,0.0,0.0,0.0,0.0,0.0,0.0,0.0,0.0,0.0,0.0,0.0,0.0,0.0,0.0,0.0,0.0,0.0,0.0,0.0,0.0,0.0,0.0,0.07390100388203664,-1.5740432796398092e-10,1.125602707583842e-11,-9.302904771269598e-13,3.3663301118924376e-7,-1.464692146808239e-13,-1.3277895922575848e-5,2.2033165911924703e-13,-0.0007592291890886492,3.324291234404178e-12,-3.818390947433542e-11,-4.139075705342046e-11,0.0007114586663987092,0.0006225051541314768,0.0002801077740054766,-1.2473036343157272e-6,-8.764422506339307e-10,-0.00017157352593986266,-2.7062999328959126e-12,0.006719735975351614,-5.637848463035508e-10,-4.661732809917705e-11,1.4092895514871213e-10,0.0023977704868613906,8.68546392888561e-14,0.014410940340368094,-5.808797485772998e-7,0.00039860969946446694,-2.7891753178492928e-12,-1.6579509102236777e-13,7.024028616220654e-13,0.0022678934240461224,-2.943176783197612e-12,3.5949626490190355e-12,-8.645628926202535e-12,3.162711606881086e-10,-0.002225178386242833,1.5731804376670468e-6,0.0007872609480401419,-8.841382550642413e-13,8.550725675822908e-12,1.0471806998463762e-13,8.246286909624829e-6,2.200519067321511e-11,-0.0006627995289945475,-5.922731249756756e-6,9.90160701029199e-8,-7.536307343164784e-12,0.0002123170521652566,0.00013261394433690147,-2.1101172227806886e-11,9.673664587899486e-12,-1.0742931006976403e-6,-2.3002621068142185e-7,-3.3315699139133655e-9,-6.134427678326107e-9,0.001990017907396676,-0.0020804897171226738,-7.368578153494287e-13,-1.0685334201702739e-10,0.0017266063557319405,-3.957064147365648e-8,-1.3690076772111765e-10,-1.7635247219698252e-8,-7.3430872965306e-6,2.41107914030724e-8,-0.000902182745283643,-3.998790703150864e-5,7.189112131488099e-5,7.75620403463538e-6,2.6564757530588143e-13,-2.7122078400682244e-6,-3.6809509865517296e-9,-0.0009908071545813243,-0.002760432674143681,4.640535377350337e-8,-4.4465229746981424e-13,1.6795175241356234e-5,0.002144997133769711,-0.012110837824322433,-0.000796063477300149,-2.2254274527154702e-5,-3.793019674108196e-12,-2.2147254888407798e-10,5.503301701742763e-5,-2.1819013321115953e-8,-0.00034136063871035666,-0.012429486887127344,-0.013135931316381333,-0.00013503630262825752,-1.2278923860507348e-8,0.000146649563945852,0.003360644826227188,8.561392371158729e-9,-4.220147054654016e-13,5.716026980741486e-9,-2.2205639993882538e-7,-0.0021074808050670925,1.7501543009416028e-5,0.00359117785623631,-6.000118870152667e-8,0.0007839377704902316,-2.8932338255898554e-10,-3.1516506162883074e-10,-0.003134217382145056,-9.108171836341854e-8,-0.00022167023803915586,0.0008738318017300795,0.00021148155770368924,-3.610435742733909e-13,0.0005459134254652977,-5.8149558260104845e-9,6.37481252240054e-8,0.0002511023755960301,-0.019785321774855116,-4.7077960727748526e-5,0.019464841354617967,-3.378642734141194e-7,-2.4189059286065688e-12,0.00025987219645420313,-2.7571467968040923e-11,-1.151160641182504e-11,-0.0007759105868907676,2.0247134994922948e-13,-1.3900484694116772e-8,3.10614003285092e-5,-1.5349170372190876e-6,-3.6419620524550984e-13,-3.5339167400288133e-9,-3.337921054002112e-7,0.018262690113353394,9.444301462039833e-13,-3.2454484445213812e-12,0.03992131273415665,2.1738636544066275e-11,-6.64196329748402e-5,9.064725889338012e-9,9.661016721548546e-8,1.1386309485222128e-7,-1.9873216598532968e-5,-0.0011948433829130154,-3.710958876013375e-5,1.8114705072250117e-10,-5.419386896525968e-10,-0.0001146882823019951,-0.0006587333701345137,0.0013904445437868224,3.0203239830411965e-13,2.040537908744641e-11,0.0008410806370656293,-0.011137916719249763,5.761707177667056e-6,-0.0007682524515425787,-0.000966415924055955,5.239618654261595e-6,-1.0339727947244363e-6,1.0527451764481043e-5,-7.716657374681957e-6,-5.081561418818261e-11,4.4204370266287416e-7,-0.000387957023294642,1.2299532501109992e-13,-1.0272321035646503e-6,-1.6965339482924032e-7,8.52268666424973e-9,-3.0961248823351343e-9,0.00018050321041018801,-0.0010733114442727158,-6.937476230811779e-14,1.4255646928672015e-12,2.449596930078893e-13,1.3957984087938418e-6,-0.002525677549570867,0.0016102350011577887,4.1587435696632236e-10,7.145219090886753e-10,2.6587889437252656e-13,-3.4836487848698414e-9,5.138541030861396e-11,-0.0003966188515744923,1.4705417894479794e-13,4.4501785272087766e-5,3.800242245943129e-7,-4.675056436636043e-8,2.8744024389978312e-11,1.0119279546842666e-5,-0.0001956421391761678,2.3256691894017894e-5,8.128925344050607e-13,0.000290699974964439,-1.2125190864413507e-10,-0.001728914910294412,-1.5599946770434237e-10,0.0024053623367085784,0.00046338324087950806,7.722985887932848e-11,1.8580556966718533e-6,-1.6380518101312497e-9,-4.1298851746207573e-10,1.2319623973123287e-8,-1.7858566465092777e-8,0.0008832816284249302,-3.868501555963954e-13,1.0230357550315066e-11,6.608567706593792e-6,3.158555891471064e-9,1.3348903825395582e-11,-1.5572797424486702e-7,-2.1122293511922226e-10,-3.674212154182913e-5,1.1432565098222984e-8,0.0030768689709814645,2.143944412708249e-7,6.406139512154297e-13,-0.0012599348953454463,-2.150672601176195e-11,8.006705617790571e-15,1.9308127237629698e-8,0.0015837155146643219,0.004301355681707011,-1.3066708777743523e-11,-1.3777807482809875e-12,4.6567512277821356e-5,-0.015867924359106975,-0.0018970988410425226,-2.63055574441463e-5,1.388115872362808e-6,2.8422282006810615e-12,-4.160356652575206e-7,6.079836434125396e-12,0.0055239778599083566,9.858718558368867e-8,-2.923499949940746e-5,-1.2844583481152564e-5,-5.749635457485782e-12,1.1130942324067068e-8,0.00024596969956093806,-4.132673509004967e-6,-6.547416258996018e-9,2.9791080824864344e-9,0.001530744865652041,-6.296476563243509e-12,-2.5982541536961406e-11,-0.0002205396462644071,1.4383648293996863e-6,-3.6943381875643163e-7,5.59949627717954e-6,0.00044219612012870967,9.073502368793442e-10,-2.224554353946921e-8,1.05578014085189e-13,-3.3617402669906904e-12,7.850249577112815e-10,-1.2857437588866207e-12,8.727411782055389e-6,0.00033298290802383885,-0.00027903402524495744,3.5028246385999723e-10,1.509224246350444e-8,5.3938399639384334e-11,-2.7718958009549095e-13,0.0007382639148787922,-1.1426323919413684e-7,-0.004331028619032583,1.460679255033522e-5,0.00015072057611502317,-0.008514226926024363,-4.981163572327916e-12,-6.972768764230008e-5,1.9823972402479055e-11,1.0500836165286088e-8,1.3081438631587021e-11,0.0004169855881081398,2.163344820269002e-12,-7.407783459292378e-7,-6.420760887677208e-12,-7.588804509053774e-13,-1.5657626555911804e-12,1.3849243555080127e-6,-5.9097993980680187e-8,0.0029296156147916056,0.0001041913166630533,-0.00015135130026333956,-1.2073953428220657e-9,-0.012613775749167347,1.0714326395304821e-8,4.838852080441373e-11,6.885752330542427e-10,1.2645435566964007e-12,5.4377454823139806e-8,-1.2381317342101683e-11,-0.00014908057452191426,-1.7012415946661896e-9,-3.175288349401563e-10,-2.7583565795090506e-7,5.292199157213879e-12,7.183451487051659e-12,2.620482731024628e-12,0.004713594786838388,1.1869274415562346e-9,-0.0001523108253032212,-9.628054124042631e-8,-1.925868713202971e-13,6.334886755520187e-6,-0.0001746724661602057,-1.402360618232021e-8,0.0071991393691092035,9.85869971470407e-10,-1.495358362774739e-11,-6.120989014356689e-5,-8.761326325065391e-7,3.4457515048671173e-6,4.708433124009894e-11,-2.808389240034179e-7,2.3619833977032577e-13,-0.01985566377592006,-1.1566385452296415e-7,2.3788693413696432e-9,1.6770914103034166e-5,-3.816779179017672e-12,-0.0029377728164911407,-3.268868085618868e-13,1.0859896832489517e-12,1.9190850404863655e-13,-0.0002583017243538772,8.495983245397506e-6,2.002268914032702e-6,5.998031420076877e-7,-4.2242198525792757e-13,0.00034688359431255797,-0.0001844432266212623,-1.1969069971905011e-8,3.172907349792316e-11,0.00276345700675949,5.799305778550842e-7,2.469761247747668e-7,-1.0462428979130099e-9,-1.7192603763750722e-9,0.0293037959839745,-0.0015330585221202072,-1.7137660874328805e-10,4.1265386238037186e-10,-4.870817831080581e-8,-7.540161721547924e-5,-3.067909135016734e-7,-5.672877281691706e-11,-1.343136911664491e-6,1.4758406367427284e-5,5.129278889122535e-6,-4.163214068703798e-13,-1.2469041416903317e-11,-1.2677565697886607e-9,-1.612027127619553e-10,5.138421495325643e-11,2.432816150341526e-10,0.0003388784757583228,0.0006424044295806822,4.668337619889921e-13,-6.333826194943498e-8,0.00013091755222940043
0.0,0.0,0.0,0.0,0.0,0.0,0.0,0.0,0.0,0.0,0.0,0.0,0.0,0.0,0.0,0.0,0.0,0.0,0.0,0.0,0.0,0.0,0.0,0.0,0.0,0.0,0.0,0.0,0.0,0.0,0.0,0.0,0.0,0.0,0.0,0.0,0.0,0.0,0.0,0.0,0.0,0.0,0.0,0.0,0.0,0.0,0.0,0.0,0.0,0.0,0.0,0.0,0.0,0.0,0.0,0.0,0.0,0.0,0.0,0.0,0.0,0.0,0.0,0.0,0.0,0.0,0.0,0.0,0.0,0.0,0.0,0.0,0.0,0.0,0.0,0.0,0.0,0.0,0.0,0.0,0.0,0.0,0.0,0.0,0.0,0.0,0.0,0.0,0.0,0.0,0.0,0.0,0.0,0.0,0.0,0.0,0.0,0.0,0.0,0.0,0.0,0.0,0.0,0.0,0.0,0.0,0.0,0.0,0.0,0.0,0.0,0.0,0.0,0.0,0.0,0.0,0.0,0.0,0.0,0.0,0.0,0.0,0.0,0.0,0.0,0.0,0.0,0.0,0.0,0.0,0.0,0.0,0.0,0.0,0.0,0.0,0.0,0.0,0.0,0.0,0.0,0.0,0.0,0.0,0.0,0.0,0.0,0.0,0.0,0.0,0.0,0.0,0.0,0.0,0.0,0.0,0.0,0.0,0.0,0.0,0.0,0.0,0.0,0.0,0.0,0.0,0.0,0.0,0.0,0.0,0.0,0.0,0.0,0.0,0.0,0.0,0.0,0.0,0.0,0.0,0.0,0.0,0.0,0.0,0.0,0.0,0.0,0.0,0.0,0.0,0.0,0.0,0.0,0.0,0.0,0.0,0.0,0.0,0.0,0.0,0.0,0.0,0.0,0.0,0.0,0.0,0.0,0.0,0.0,0.0,0.0,0.0,0.0,0.0,0.0,0.0,0.0,0.0,0.0,0.0,0.0,0.0,0.0,0.0,0.0,0.0,0.0,0.0,0.0,0.0,0.0,0.0,0.0,0.0,0.0,0.0,0.0,0.0,0.0,0.0,0.0,0.0,0.0,0.0,0.0,0.0,0.0,0.0,0.0,0.0,0.0,0.0,0.0,0.0,0.0,0.0,0.0,0.0,0.0,0.0,0.0,0.0,0.0,0.0,0.0,0.0,0.0,0.0,0.0,0.0,0.0,0.0,0.0,0.0,0.0,0.0,0.0,0.0,0.0,0.0,0.0,0.0,0.0,0.0,0.0,0.0,0.0,0.0,0.0,0.0,0.0,0.0,0.0,0.0,0.0,0.0,0.0,0.0,0.0,0.0,0.0,0.0,0.0,0.0,0.0,0.0,0.0,0.0,0.0,0.0,0.0,0.0,0.0,0.0,0.0,0.0,0.0,0.0,0.0,0.0,0.0,0.0,0.0,0.0,0.0,0.0,0.0,0.0,0.0,0.0,0.0,0.0,0.0,0.0,0.0,0.0,0.0,0.0,0.0,0.0,0.0,0.0,0.0,0.0,0.0,0.0,0.0,0.0,0.0,0.0,0.0,0.0,0.0,0.0,0.0,0.0,0.0,0.0,0.0,0.0,0.0,0.0,0.0,0.0,0.0,0.0,0.0,0.0,0.0,0.0,0.0,0.0,0.0,0.0,0.0,0.0,0.0,0.0,0.0,0.0,0.0,0.0,0.0,0.0,0.0,0.0,0.0,0.0,0.0,0.0,0.0,0.0,0.0,0.0,0.0,0.0,0.0,0.0,0.0,0.0,0.0,0.0,0.0,0.0,0.0,0.0,0.0,0.0,0.0,0.0,0.0,0.0,0.0,0.0,0.0,0.0,0.0,0.0,0.0,0.0,0.0,0.0,0.0,0.0,0.0,0.0,0.0,0.0,0.0,0.0,0.0,0.0,0.0,0.0,0.0,0.0,0.0,0.0,0.0,0.0,0.05492412895492796,0.0001069468525737061,-3.456477008144211e-5,0.00014877826278023634,-4.869256759404448e-6,-6.182143988887342e-7,2.064860220221995e-6,-4.5916202411289345e-8,-8.819032452879043e-5,-0.0006727330731213685,0.00035030928528573843,2.2764277998006738e-10,-2.28880525601828e-12,-3.539697175662652e-8,-4.861592333933308e-5,-0.002461512108051238,-5.908812966019734e-7,2.077233691958735e-5,5.249482401177957e-10,-0.006671764372419745,0.0005831388267185204,-0.0003700236437730121,1.599332544124467e-8,-3.153315017251809e-6,3.937120360010318e-10,9.04801723411192e-5,-3.764511058902722e-9,-6.0226986716958156e-5,-1.0304510777034344e-5,1.6464332738075903e-5,1.785878557675987e-9,-6.3157735724989846e-6,8.34199947990708e-5,-2.4377109333784206e-6,-0.001075421459158914,-2.0530521389418967e-10,-5.25592213585188e-6,-1.1524728184640739e-7,6.356227580993119e-6,0.0001048821764155473,4.518865280797389e-6,-7.82469810217797e-6,0.0005555954522903719,-1.0710013791989044e-10,-7.736483315029191e-6,0.0003399516877457584,-0.00018963548113392693,7.94732434540885e-9,-2.1802441749696463e-7,8.501213269712742e-5,0.001729802119270433,-8.821192327975041e-5,-4.0972131420210076e-5,0.0002422801994592479,0.006448705778318146,-6.886664666327331e-8,-2.5277397782838502e-11,-4.2581931930882985e-6,-0.002600133383819578,2.4832946952897654e-9,-0.0010742055559959328,0.00048043014262403504,0.004383716033000722,1.2361394031117192e-5,0.003632130814233115,-1.3295907660934188e-8,6.398058209577372e-7,-6.902760357740789e-7,-9.375997387834997e-6,3.1526956002280366e-6,-2.6822804764737606e-5,-0.001465067009226479,5.4861226856083665e-9,-1.3409575293957588e-10,-0.0002658870160312409,-1.0659231623706641e-6,2.0387110061182e-10,-1.6071547653977176e-8,1.0092460924015952e-8,1.666590752130219e-7,2.8839870530179827e-6,-4.417399787172693e-5,-0.00013554662267593735,-6.767417762138006e-7,-0.006761405822037574,1.5809004796629124e-7,-2.6683168890912955e-9,5.726516214574482e-9,-1.2308235928473327e-7,0.0007348879775624764,7.358818272178649e-11,-9.147001066690351e-9,-0.014318664903408265,-1.0979851198620055e-5,0.008612342964767521,-0.00011532221239999788,2.620447862572947e-8,-6.407180572888081e-6,-3.7099217046102104e-8,0.001018189521591598,-2.1160803874208846e-9,-0.013493003379757722,-0.009855308000756055,5.846689341203279e-9,-0.000600862924558389,1.360627650620266e-7,-4.487582464766537e-10,-2.3956296462605553e-9,-1.4499323347584914e-6,-1.2625559248891111e-7,-0.004263521368435945,-6.750500571782041e-5,-5.572629041608864e-9,2.2012063119117323e-9,3.770398335290764e-7,-3.330545476633044e-10,-7.229791387027475e-5,7.137909085037759e-6,2.138117797620173e-11,-0.0009362575248456942,-9.92091515943342e-5,-4.0778851660534943e-10,5.329729771982939e-6,-0.0003541862657761986,3.348174003032669e-7,-9.617860132195992e-7,-6.0494403865885556e-6,-0.01255938716852371,-8.956944924561601e-6,-1.2083915149347074e-9,-1.0733303458762093e-5,-0.00015165063450065734,1.9966390319572945e-9,-0.0006057813427000751,6.169830610571436e-7,0.007186980743919021,-0.00014893452011938927,-8.440246824219298e-5,-3.714863951145515e-6,1.1530226592558007e-8,-4.048959629292898e-7,-0.007557114880670961,0.00461620783906578,-1.5541239722029278e-7,-1.1392765588339894e-7,-2.0050828381312478e-8,9.474799723163221e-7,0.00013313898236418057,-6.581131183555673e-11,-1.2952686366536232e-9,3.0557832097568413e-6,-1.1214491077545029e-11,-6.833722159688664e-8,3.20820425038321e-5,-7.802259774190235e-5,-5.228928244148438e-6,1.1156901470552123e-5,-0.0006633321672975415,2.9541365551802187e-5,-2.4685166628513674e-11,-1.4584931460407356e-7,4.982664466958871e-5,2.0890141925876076e-5,-0.000898497487744862,-0.014696406266097788,3.252309190817335e-10,2.453219856203398e-11,-1.8927358896942883e-6,2.6661210694555638e-5,-1.2980514386646724e-6,8.504442372666724e-6,-3.352409821397662e-8,1.5258102721769209e-9,-0.005565572772559741,-0.0033199173497705063,1.46065416775314e-6,0.006621311563855309,0.00041495244900520406,-2.3110144101256743e-8,1.7865595843372414e-6,-1.4591598317577464e-6,-0.0003804020889232779,0.00039504049707866413,0.003505057408038747,2.2284691522727355e-6,-6.104441436638135e-9,-4.297989268478433e-6,8.716578199732704e-6,-7.658993601806317e-11,-0.0005836044816254592,-1.112694839658839e-8,0.001685363894861834,2.010878539398941e-8,-2.4004408136599737e-11,0.0005272485526005227,-4.347585655648452e-5,0.01569318499407165,0.0007339126298003854,0.0010852160865021888,0.0007033930248635464,1.676763781598047e-8,-5.016668068812851e-5,0.00044922043149552655,-9.20510883514759e-6,0.0014594443450114266,-0.0001480851802073687,3.342071489453983e-6,-0.0064964499261013844,-5.724939120321057e-7,0.0020761874110403625,-2.081560475311684e-9,2.266381213819298e-5,3.9141902848515795e-6,-3.3893179417070746e-10,-0.00015142733440726526,1.1172823307535865e-6,0.0004369358587568973,-1.5620808610077178e-10,-2.6059832019260515e-9,-0.0001394555113843626,-0.00017248834855305186,-1.0854479420455162e-6,7.979695139529811e-10,4.026197441011509e-9,3.20322349613804e-7,-1.7440159957785453e-5,5.6626468411596894e-5,-7.683374662017171e-5,0.00018207761383383283,-6.206902373614811e-12,-0.00010413577746744625,7.628663413355171e-7,-1.3122493149919527e-6,3.576334730081049e-5,-0.0007163672100688601,2.3445828049189137e-8,-7.68846033173727e-6,0.006205769803078886,-0.0017853619651981292,-3.719289490819131e-8,-1.4367288260095425e-5,-0.0011712322314528052,-1.1440684095135265e-8,2.5289617438573093e-5,-8.430278756968566e-5,-4.518433752100534e-6,-8.829093248118135e-10,-0.011440488227721297,1.9085892920015655e-5,-1.8620651287736782e-7,0.00013597476044440682,-0.005486515618090237,-2.469235766437761e-5,-4.403108680237664e-6,-1.5978640039991241e-9,-2.5620886074926478e-11,-0.0031464555505675363,0.004885419381193606,-0.0008146607326996295,-2.397484379111226e-6,7.910148209196275e-9,0.0002560549589892401,-2.0257608514939024e-10,-2.08341106818653e-6,-2.981471328278381e-7,-2.4501675153135566e-11,8.837523270862439e-5,-7.91075515647689e-8,-0.010824146459134787,0.0035046902664041812,0.0011315693179703486,-1.0318497119012698e-10,-2.829507534325571e-5,0.00024510032034958523,-0.00880023112082241,-2.1004071119544723e-5,4.621936230102919e-6,1.5114003211078777e-5,1.3766600116765521e-5,2.4875304195248864e-10,1.026773615871872e-11,-1.0481316194154957e-10,-0.00443348253433274,-3.6667236176976845e-11,-0.003535484448023485,-7.613777401303594e-5,-0.0005708859475585868,1.1646263453851078e-5,-0.000461387653730936,-7.012923336362341e-5,-1.1086620994538222e-11,0.004810049483601769,-0.0054219230013388105,0.0008654726630938648,-5.783527211543763e-5,8.707427597997394e-5,3.935857648959589e-5,2.7663693809369844e-10,0.003520837377798705,-1.447725951985269e-7,-0.00023120738928007954,3.476369595666888e-6,5.300164434437333e-6,2.598010171129252e-9,0.00211596858568151,4.3773449060719425e-10,-0.0015351943568900435,-4.175275285588812e-5,6.100232606261168e-8,9.181816292500388e-6,1.604563697695163e-6,-0.0006984848020375971,3.9135149649806555e-5,6.5908674960116904e-6,-1.3046752850894122e-11,2.12987321900005e-5,0.004140947247586012,9.179841106887825e-8,-6.0117422102026475e-5,1.8771688094536736e-8,5.318255603115671e-5,-0.0007609676221212492,1.1926445046741579e-6,-1.789929061508372e-8,7.161189907454404e-7,-1.8858999122942757e-5,1.4024611843840981e-5,-3.6070185500244912e-6,-1.4581018649513556e-7,5.420298355812893e-9,-0.0010019936680604447,0.0012843748178995957,2.7983636583637434e-10,-4.066906737970283e-8,-7.464587499290822e-5,0.0009064275694981034,-0.010319540892923475,-3.68346055640491e-10,-3.1940735819435474e-10,0.0012123621197101197,0.004392921786916926,5.1999392466694216e-5,-6.00873731969752e-8,-0.0002530532479370642,-0.002682741687319091,-8.564846831730794e-6,1.6466967680650186e-7,-1.0573296425770492e-6,-3.161801658015459e-5,1.4897174372238489e-5,-0.002980368611502059,-0.007432436568013252,0.02478525080255306,-0.004470013689766709,-2.1516842679580604e-9,1.5103523334567966e-9,6.179634320576934e-7,-0.00031220663216027084,-9.781969480639961e-11
0.0,0.0,0.0,0.0,0.0,0.0,0.0,0.0,0.0,0.0,0.0,0.0,0.0,0.0,0.0,0.0,0.0,0.0,0.0,0.0,0.0,0.0,0.0,0.0,0.0,0.0,0.0,0.0,0.0,0.0,0.0,0.0,0.0,0.0,0.0,0.0,0.0,0.0,0.0,0.0,0.0,0.0,0.0,0.0,0.0,0.0,0.0,0.0,0.0,0.0,0.0,0.0,0.0,0.0,0.0,0.0,0.0,0.0,0.0,0.0,0.0,0.0,0.0,0.0,0.0,0.0,0.0,0.0,0.0,0.0,0.0,0.0,0.0,0.0,0.0,0.0,0.0,0.0,0.0,0.0,0.0,0.0,0.0,0.0,0.0,0.0,0.0,0.0,0.0,0.0,0.0,0.0,0.0,0.0,0.0,0.0,0.0,0.0,0.0,0.0,0.0,0.0,0.0,0.0,0.0,0.0,0.0,0.0,0.0,0.0,0.0,0.0,0.0,0.0,0.0,0.0,0.0,0.0,0.0,0.0,0.0,0.0,0.0,0.0,0.0,0.0,0.0,0.0,0.0,0.0,0.0,0.0,0.0,0.0,0.0,0.0,0.0,0.0,0.0,0.0,0.0,0.0,0.0,0.0,0.0,0.0,0.0,0.0,0.0,0.0,0.0,0.0,0.0,0.0,0.0,0.0,0.0,0.0,0.0,0.0,0.0,0.0,0.0,0.0,0.0,0.0,0.0,0.0,0.0,0.0,0.0,0.0,0.0,0.0,0.0,0.0,0.0,0.0,0.0,0.0,0.0,0.0,0.0,0.0,0.0,0.0,0.0,0.0,0.0,0.0,0.0,0.0,0.0,0.0,0.0,0.0,0.0,0.0,0.0,0.0,0.0,0.0,0.0,0.0,0.0,0.0,0.0,0.0,0.0,0.0,0.0,0.0,0.0,0.0,0.0,0.0,0.0,0.0,0.0,0.0,0.0,0.0,0.0,0.0,0.0,0.0,0.0,0.0,0.0,0.0,0.0,0.0,0.0,0.0,0.0,0.0,0.0,0.0,0.0,0.0,0.0,0.0,0.0,0.0,0.0,0.0,0.0,0.0,0.0,0.0,0.0,0.0,0.0,0.0,0.0,0.0,0.0,0.0,0.0,0.0,0.0,0.0,0.0,0.0,0.0,0.0,0.0,0.0,0.0,0.0,0.0,0.0,0.0,0.0,0.0,0.0,0.0,0.0,0.0,0.0,0.0,0.0,0.0,0.0,0.0,0.0,0.0,0.0,0.0,0.0,0.0,0.0,0.0,0.0,0.0,0.0,0.0,0.0,0.0,0.0,0.0,0.0,0.0,0.0,0.0,0.0,0.0,0.0,0.0,0.0,0.0,0.0,0.0,0.0,0.0,0.0,0.0,0.0,0.0,0.0,0.0,0.0,0.0,0.0,0.0,0.0,0.0,0.0,0.0,0.0,0.0,0.0,0.0,0.0,0.0,0.0,0.0,0.0,0.0,0.0,0.0,0.0,0.0,0.0,0.0,0.0,0.0,0.0,0.0,0.0,0.0,0.0,0.0,0.0,0.0,0.0,0.0,0.0,0.0,0.0,0.0,0.0,0.0,0.0,0.0,0.0,0.0,0.0,0.0,0.0,0.0,0.0,0.0,0.0,0.0,0.0,0.0,0.0,0.0,0.0,0.0,0.0,0.0,0.0,0.0,0.0,0.0,0.0,0.0,0.0,0.0,0.0,0.0,0.0,0.0,0.0,0.0,0.0,0.0,0.0,0.0,0.0,0.0,0.0,0.0,0.0,0.0,0.0,0.0,0.0,0.0,0.0,0.0,0.0,0.0,0.0,0.0,0.0,0.0,0.0,0.0,0.0,0.0,0.0,0.0,0.0,0.0,0.0,0.0,0.0,0.0,0.0,0.0,0.0,0.0,0.0,0.0,0.0,0.0,0.0,0.0,0.05161037601707522,0.012982479021355057,2.6353703012076854e-7,-0.0020998297527716615,-2.7378787011252917e-8,0.0010775299975604074,-4.2342668112489827e-10,0.001490056795209307,-0.0014634189124067176,-0.0009831459076327176,-2.632484797429542e-13,-3.8159226939175314e-14,-2.4189209412605746e-11,-1.6430646226439203e-8,-6.039856178979532e-5,-7.806414699231779e-10,-0.0005367064385116438,-7.073114960346704e-14,3.7091432298778863e-6,0.0029516553324363238,0.0006589702749392156,-3.030592007164187e-11,-9.325281351121074e-5,-3.159218364690348e-12,-1.0739511796418112e-7,8.473007338368833e-12,-0.018080278340655797,-0.0011159012945185266,-0.0008660437309883362,-1.7169222552566989e-12,-0.0093306911687842,0.004985926701061536,-0.0017050800097297837,0.0005068606788847931,-3.34306187624972e-13,9.460669156722847e-9,3.373967038262074e-10,-0.010020081344155893,-0.0002146151026583528,0.0005642335061254825,-1.9718702382194937e-9,0.006352614412557009,-2.6596181513905855e-13,-2.6046213074792025e-8,-1.2272826408780083e-6,0.003111461904067133,-5.833653883666631e-11,1.4246479483559684e-9,-0.00269359339538163,0.0009239641251427079,2.7680631587183422e-8,1.7217882003757552e-7,6.88781432142424e-7,1.6499173253230216e-5,4.491062580805163e-10,2.4166666885895263e-12,0.0014321286409657164,0.00023127020648790907,-3.1961991403616854e-12,-5.115208336131507e-7,0.0015551203980062604,-9.3640167925093e-6,-9.344780949163594e-9,-2.5645977461473613e-6,4.119805793897388e-12,-8.119059214108067e-9,2.598302943284594e-9,1.3539095660675808e-8,0.00010914275669705685,-1.8415349402198254e-8,4.372739392684359e-6,-1.1376489633354772e-11,3.91606602217803e-13,1.3834238292171857e-6,-0.009558008985427226,4.3694628416046815e-13,7.748924395999347e-11,-1.49470421444651e-11,-7.024220755877876e-10,-1.7096088857449287e-8,0.0026323282671973577,-0.00010888377450643421,6.394085377772603e-9,1.3988266627099633e-5,1.9142428478830438e-10,-1.6581594427424875e-11,-1.3075024574647842e-11,9.867302489396155e-10,-3.6770359783736957e-6,1.1322718480819399e-12,9.78238292662416e-12,3.061788310471389e-5,-0.0027473249075894543,2.1068983260827707e-5,2.912336392316047e-7,-1.1923031070271037e-10,1.9524928251105814e-8,1.2468967223239391e-10,-1.477474036888005e-6,1.5884167246441727e-12,-0.0005911981506642391,-0.00028466471838135826,-8.814788579015077e-13,1.7469846145629392e-6,-9.989506308252442e-11,2.096547323190903e-12,1.0692407437105335e-10,-0.0026301858310175375,3.8536120308787233e-10,4.731331756014376e-7,5.494909389450043e-6,1.2544498127301568e-11,5.003150049436869e-13,-3.0613904213739397e-9,-5.833359439749393e-12,4.926622706717992e-7,0.0002375639454966722,1.8062961154588895e-13,-0.0016737053736022788,-0.002508932817088132,4.237013780303607e-12,0.0010292049495910813,-6.771127773059249e-7,-3.99451865903432e-11,4.441346843913176e-9,-0.00033891056780902516,-7.482168331879919e-5,2.2659095016016465e-8,-3.672239944298644e-13,-0.0024142655598923105,-0.0006291195582118337,-3.57892138754395e-13,8.822278712173262e-5,-2.449573453892214e-9,4.232606012644555e-5,4.36143950159801e-7,2.87692582838574e-7,2.726374112793478e-9,-8.598711156466776e-11,-1.3542226494565633e-9,-0.000390794236187579,1.3866105631849886e-5,-2.845292017477908e-10,1.665292589161491e-10,1.1287870063426154e-10,0.0009385504972522549,0.0023028520023541375,-1.7479948228129096e-13,3.745384545574318e-12,-1.3574091993626918e-8,4.656526377348181e-13,-1.2675536970278495e-10,3.801082967719386e-8,-1.0347319686960181e-7,3.6037002424704135e-10,-2.9674590122389836e-8,-0.00032479045624837246,6.518623403582152e-7,-1.5579622646433278e-13,-0.0002160283811521997,-7.432554246716046e-8,-3.192034653321625e-7,4.249687510172943e-5,-0.00013206886573121973,-2.0141007528797555e-12,3.321567641163516e-13,-4.923705178637943e-5,0.00395403815907347,-0.0005272141905652093,2.7772104269234867e-8,-3.821955610643022e-12,4.106119206005141e-11,6.0097008565840824e-5,6.333858771144254e-7,0.0010692235053730967,-1.9438777831528502e-5,7.658189138875565e-5,3.935585675921883e-11,0.000871538731293564,9.788911313683426e-9,4.6226484856618384e-7,5.893614820833843e-7,0.0013557395058583612,-2.7449763158194237e-9,-1.919959562495461e-10,1.9300512433926653e-8,0.00830249977981455,-2.948698670228649e-13,-0.0003299284813625411,5.884908359333898e-11,0.000230333806881332,5.891229122343576e-11,2.1167627730004795e-13,-0.00011157860535638116,2.084737820964788e-7,-5.174367586023295e-5,-0.00029080973297309205,1.2529178199619095e-6,-9.220479725122391e-8,-3.921934296104155e-12,-0.0002659630189485192,0.006361781867240136,1.495604097930645e-8,2.3998473233454773e-6,0.0024518402229632254,-1.2086984609853505e-7,-0.0001551798171565053,-5.13705946674253e-10,2.344864109357474e-6,3.96071797111368e-13,-2.2686296157431837e-8,0.00081704579656999,-1.5516595889154438e-13,0.0036282685031277344,0.00036023059079754886,1.744910140943977e-7,-2.0732257933759886e-13,6.784535824403348e-12,-0.013677860822943644,-0.007635376597095333,4.580134556344977e-9,1.798954940669695e-12,-7.535774522336246e-12,2.348300516928266e-10,3.380362867703831e-8,-0.00299917027525588,-1.660030777984788e-7,0.004023258313082236,-2.7356741943356566e-13,1.910412421123619e-6,-1.6364631630419323e-9,1.412715326528371e-8,-0.013339504847177356,5.512814337968229e-6,-4.8694835950385056e-11,8.381433423174432e-10,2.4341798953898807e-5,9.409997831808434e-6,-1.3059368650081161e-11,-0.00432714858677418,-0.0015458003685198836,-7.563946435901051e-11,5.0592752252457676e-8,4.333569767367845e-8,2.8976480200694568e-9,-4.629418930630478e-13,2.7949008913934193e-5,-1.8899438627251333e-8,0.00031490112732070706,0.0067176580647494615,2.7075899580092834e-6,-0.022472501931627885,1.0533714444761326e-8,6.493099651573197e-12,2.9032714285660657e-13,-0.00018718245619023412,1.4935411409542896e-5,-8.506999869492242e-5,-0.002777097845857891,-2.0797006752408502e-11,-5.941183849476094e-8,2.2131669767011343e-12,9.730247385396412e-9,1.5523671389110529e-9,-9.569237005450299e-12,0.0012765903404116,7.692042724083608e-10,8.913479965384325e-6,-1.7414284647175452e-5,0.00024559543149366104,1.6304796691960143e-13,-0.00013566485334415285,-6.403249575180904e-7,-9.329741925170438e-5,-0.0032040416583007927,0.01599288832817262,2.4020166034389683e-9,-1.0026067963832981e-7,6.118446051964301e-13,-1.315650505293221e-13,-8.796696965759733e-14,-2.5123356663792396e-5,8.014176078864329e-13,2.0574593289639223e-6,-0.0004758349057371705,3.411108399998553e-5,0.00945830693290906,2.6857467059812507e-6,-0.0012357689652652346,-5.4256432894212755e-14,-2.2654245427431806e-5,3.878719137741808e-6,-2.1213306344026514e-6,-0.0015698763410740796,0.02579163660140086,0.010078409911388725,-1.2112799146365807e-14,9.901908072765647e-5,-6.668475023500767e-10,-1.4423566145069536e-7,0.0011640314704793918,-2.326025646662636e-9,1.0833329417086818e-10,-1.8592317476117905e-5,-1.4247804493200945e-12,1.630050496700497e-5,-0.0008799443402659134,-4.814028856640207e-10,6.318032256478674e-8,1.6738160665343227e-8,0.00021728434866141808,-9.351991308799851e-8,0.0014307936088631082,4.211113547093724e-13,-7.232876015797877e-8,3.066917369308378e-5,-4.161483762231095e-10,-0.009449936958802082,9.472900793513812e-12,0.006003608873472397,-0.003355519366976087,-7.1386022765485e-5,-1.7142239983479965e-11,-1.6524304913971676e-9,3.786370787876295e-8,3.3641251342200954e-8,-0.00014939544267536222,4.026502553869695e-10,-2.0460448113994607e-11,8.524572614906936e-7,0.000449579171062689,2.2678854296897927e-12,1.6700099777406444e-8,9.944176458531855e-8,3.3351907538046964e-5,-0.00013342079143563275,2.360671379783166e-13,1.1192403179163112e-12,0.0020179923995171213,6.594216428684766e-6,-2.1190807726805433e-7,-1.4869159707888636e-11,8.375967804511931e-7,-0.0009146614498691557,-2.4408919780785384e-9,-1.4832776868376735e-9,1.0183147898654293e-9,0.0006546838846717698,-0.0003791812731090908,-4.5137277093090985e-6,-0.000266789191891218,-4.440500565473527e-5,-4.74853654560443e-6,5.139010899841253e-12,2.4226319640079225e-12,0.0028324861312957472,-6.182810757356345e-7,1.8204249404748677e-13
0.0,0.0,0.0,0.0,0.0,0.0,0.0,0.0,0.0,0.0,0.0,0.0,0.0,0.0,0.0,0.0,0.0,0.0,0.0,0.0,0.0,0.0,0.0,0.0,0.0,0.0,0.0,0.0,0.0,0.0,0.0,0.0,0.0,0.0,0.0,0.0,0.0,0.0,0.0,0.0,0.0,0.0,0.0,0.0,0.0,0.0,0.0,0.0,0.0,0.0,0.0,0.0,0.0,0.0,0.0,0.0,0.0,0.0,0.0,0.0,0.0,0.0,0.0,0.0,0.0,0.0,0.0,0.0,0.0,0.0,0.0,0.0,0.0,0.0,0.0,0.0,0.0,0.0,0.0,0.0,0.0,0.0,0.0,0.0,0.0,0.0,0.0,0.0,0.0,0.0,0.0,0.0,0.0,0.0,0.0,0.0,0.0,0.0,0.0,0.0,0.0,0.0,0.0,0.0,0.0,0.0,0.0,0.0,0.0,0.0,0.0,0.0,0.0,0.0,0.0,0.0,0.0,0.0,0.0,0.0,0.0,0.0,0.0,0.0,0.0,0.0,0.0,0.0,0.0,0.0,0.0,0.0,0.0,0.0,0.0,0.0,0.0,0.0,0.0,0.0,0.0,0.0,0.0,0.0,0.0,0.0,0.0,0.0,0.0,0.0,0.0,0.0,0.0,0.0,0.0,0.0,0.0,0.0,0.0,0.0,0.0,0.0,0.0,0.0,0.0,0.0,0.0,0.0,0.0,0.0,0.0,0.0,0.0,0.0,0.0,0.0,0.0,0.0,0.0,0.0,0.0,0.0,0.0,0.0,0.0,0.0,0.0,0.0,0.0,0.0,0.0,0.0,0.0,0.0,0.0,0.0,0.0,0.0,0.0,0.0,0.0,0.0,0.0,0.0,0.0,0.0,0.0,0.0,0.0,0.0,0.0,0.0,0.0,0.0,0.0,0.0,0.0,0.0,0.0,0.0,0.0,0.0,0.0,0.0,0.0,0.0,0.0,0.0,0.0,0.0,0.0,0.0,0.0,0.0,0.0,0.0,0.0,0.0,0.0,0.0,0.0,0.0,0.0,0.0,0.0,0.0,0.0,0.0,0.0,0.0,0.0,0.0,0.0,0.0,0.0,0.0,0.0,0.0,0.0,0.0,0.0,0.0,0.0,0.0,0.0,0.0,0.0,0.0,0.0,0.0,0.0,0.0,0.0,0.0,0.0,0.0,0.0,0.0,0.0,0.0,0.0,0.0,0.0,0.0,0.0,0.0,0.0,0.0,0.0,0.0,0.0,0.0,0.0,0.0,0.0,0.0,0.0,0.0,0.0,0.0,0.0,0.0,0.0,0.0,0.0,0.0,0.0,0.0,0.0,0.0,0.0,0.0,0.0,0.0,0.0,0.0,0.0,0.0,0.0,0.0,0.0,0.0,0.0,0.0,0.0,0.0,0.0,0.0,0.0,0.0,0.0,0.0,0.0,0.0,0.0,0.0,0.0,0.0,0.0,0.0,0.0,0.0,0.0,0.0,0.0,0.0,0.0,0.0,0.0,0.0,0.0,0.0,0.0,0.0,0.0,0.0,0.0,0.0,0.0,0.0,0.0,0.0,0.0,0.0,0.0,0.0,0.0,0.0,0.0,0.0,0.0,0.0,0.0,0.0,0.0,0.0,0.0,0.0,0.0,0.0,0.0,0.0,0.0,0.0,0.0,0.0,0.0,0.0,0.0,0.0,0.0,0.0,0.0,0.0,0.0,0.0,0.0,0.0,0.0,0.0,0.0,0.0,0.0,0.0,0.0,0.0,0.0,0.0,0.0,0.0,0.0,0.0,0.0,0.0,0.0,0.0,0.0,0.0,0.0,0.0,0.0,0.0,0.0,0.0,0.0,0.0,0.0,0.0,0.0,0.0,0.0,0.0,0.0,0.0,0.0,0.0,0.0,0.0,0.0,0.0,0.0,0.0,0.055731537568835005,6.071360436574157e-7,-0.00017024764211248352,-3.451343059956878e-8,-0.0005554195733093806,1.4007657551749707e-9,0.005301842116713209,0.0037145457088651867,0.002970236296064029,-6.451063792511589e-13,-5.848339517913682e-13,-2.062252816939125e-10,2.2881639122871456e-7,7.7339437984354e-5,5.750481259413074e-10,-0.030362785475330764,-8.374143592257215e-15,0.00016990044740481487,0.0032655815266599115,0.00043244784326290723,4.6579584510813356e-11,-0.0001970660694479498,4.534097408370302e-12,-7.445230540273418e-8,-2.9885789479063945e-11,-0.015378811952446936,-0.00012181441511590676,0.00425006801691645,1.2999875590820618e-11,-0.0037541361051863955,0.016887939822731096,-0.007952444245355475,-0.0005629352458081527,3.3878420853941283e-13,-4.1238459886378136e-8,-3.872292223591532e-10,-0.022023031744845475,0.0024417085337928666,0.00011739009693841607,5.1540024088778745e-8,-0.011068083178440028,4.921950641836942e-13,7.760656095339659e-8,1.6888846213292544e-7,0.015818710143843378,1.6061138293797464e-10,1.9884426506182574e-10,-0.002304174056643019,-0.004133239020612517,-1.9674957300112844e-8,4.7465039892519206e-7,-8.574274100902102e-7,-1.8687512601091984e-5,5.459664558450793e-11,4.541555400489549e-11,-0.0016088963308336455,0.00047555099280789756,-2.3426566363120933e-11,7.744349318690824e-6,-0.0022212199929641445,1.9342226458098468e-5,-2.313001816281875e-8,-1.456381428035032e-5,1.8968650414592758e-10,1.1720349010221982e-8,-2.3032492358040095e-9,-2.48770715360132e-8,0.0009332544907361572,-1.7458014441954358e-7,2.277956714903823e-6,-1.4485302741050424e-11,4.331845351468805e-13,-1.4676209115872713e-6,0.0007272388101812818,-4.127251312900743e-13,-1.0997411949079014e-10,-2.3811626357247666e-11,1.9340846008889526e-10,1.742211086228035e-8,0.0006728922621795593,0.000281576249084014,-8.25946543972386e-9,1.633412595219921e-5,7.600816885894321e-10,-7.358400075540104e-12,3.189555016190407e-11,3.056565740405129e-10,-7.691641078756678e-7,-1.8404436428977998e-15,6.804383801080321e-11,1.0237003334460077e-5,0.00270505952594962,-1.0161501520144317e-5,-2.21127954971474e-7,-6.51519203807455e-11,4.918183745007514e-9,7.613789195231555e-11,2.437432203865782e-7,1.1728849276023423e-12,-7.848365869419217e-6,0.00013635545744637855,6.00079644857818e-11,-1.094615878045494e-6,2.416803511245515e-10,-3.2793956260426877e-12,-1.896952702844449e-10,0.0011996836937765854,3.3178752324431425e-10,1.0414380979793268e-5,-3.67033429165926e-6,2.8902032784346755e-12,5.888981649065814e-12,3.5307529210126335e-9,1.655501871006702e-11,-1.073839424738003e-6,-0.0026872266836961032,-6.047972614346272e-14,0.0035449836718896284,0.025619230708149865,-8.403820804472548e-12,9.659583558049602e-5,2.0787401998401516e-6,3.009542961686828e-11,-5.057255267744068e-9,-0.002205704003193756,6.253916235903319e-5,1.1637818612695968e-7,1.2926282648030824e-11,-0.005070690877690567,0.007909572182847421,-5.852583018711641e-13,0.0006449874044819582,-3.8482597965338726e-9,8.470801962139885e-6,2.812187521037848e-7,-3.495776985348114e-7,7.448657969782201e-10,4.2423614374096645e-10,2.3680512162412263e-9,0.00022841399054504254,1.4501728856911286e-5,-5.332134741260857e-10,2.2729074112891936e-10,-1.3530371025712984e-10,0.0006971027032986514,-0.0009601192633603037,-4.931853698467041e-13,-7.57556960870863e-12,4.238543553238867e-9,2.3662862922490923e-13,-2.2171668528323233e-11,3.017797443518106e-8,-8.17364851432012e-8,1.0019402225685402e-8,-1.0506465748159652e-8,-0.00024784754897815795,1.8235755494666583e-7,-4.864904839510099e-14,-0.0005787805403122241,-1.2562374484112832e-8,6.007735020106605e-7,-1.3665960872852058e-5,0.00011182541549990181,1.9655844324766145e-12,-2.705374906238363e-13,0.0005163354672351665,0.001993791313545187,-5.72268802499359e-5,2.9367115064164712e-8,-4.255643976169911e-11,-2.317555223194781e-10,-1.0980780223495894e-6,1.5865181768946386e-5,-6.519999693408257e-5,-3.5959081643447485e-6,-0.00011840997886613124,3.643497243242718e-11,-0.000572043702456693,-1.6092712354683037e-8,2.389573261242786e-7,-8.708774555960188e-7,0.0005594370699987611,-2.381272281885709e-9,7.390065792524603e-10,-1.1347960829764107e-8,0.0025644833537519615,-8.698904919428786e-14,0.0003665974032566425,1.5134036053487095e-11,-0.0008070790017879428,-3.3721574917922964e-11,-4.2589329879605124e-13,0.0009875731169169386,4.018262229233481e-8,0.00010030417934987764,0.00057331004743689,-1.811835312854399e-7,3.881137748686694e-6,-9.043812584568094e-11,-0.0033282735719673065,-0.00993771291896016,7.080172138832077e-8,-1.6050810781922463e-6,0.005810753499339014,-9.624599092753957e-8,0.00035216970833140237,4.8970041515372296e-9,6.852962918117789e-6,-1.4620592100984002e-11,-6.802034174415692e-8,0.004943167990777382,2.525832917688793e-12,0.0066470548818205995,0.0005077314600581434,-1.1156583579630049e-6,-1.828189872655028e-12,-2.087475202781897e-11,-0.007527260789951602,0.0021052323191343616,-4.523438750075914e-9,3.224617232470061e-12,5.435022010036456e-12,-5.446361697249619e-10,-5.183130735784595e-8,-0.0026414877415454393,5.777977033526801e-8,4.607035795664882e-5,-1.1301224901026449e-12,-1.6279968549038872e-6,3.2050796508281147e-9,-3.30685921227164e-8,-0.01254323369965651,4.643053974649396e-6,2.878254959349754e-10,1.293209262989415e-9,-1.0743413515864361e-5,-1.2977775704624552e-7,1.1303606019908904e-10,-0.016195150564424082,0.0009749819857480562,-5.134579179168157e-10,4.570968631163554e-8,-7.40054116505217e-8,1.2710180256451274e-8,-5.460173400878082e-12,7.072985736068002e-5,3.96776353965168e-8,-7.90980128564465e-6,-0.002024241009115084,-1.1388999583423516e-7,-0.015353275079682071,2.1919781817748573e-8,-3.017209140630872e-11,-2.5913590568028576e-12,0.00018282234858577246,-6.0959008174714e-5,0.0004709066139482594,0.0006506592240775222,6.053786280242126e-11,9.67794056173302e-7,1.0431804698142946e-12,-4.2066654451408156e-10,-9.57047174778993e-10,1.207561047314684e-11,-0.0011982849547421263,-2.28285976527219e-9,9.00544129717967e-5,1.5625173122484264e-5,-0.0021896741655071214,3.660552841782725e-14,0.0018033348242463098,6.741315428021261e-7,-5.036433972877423e-5,-0.003810889067327784,0.003173066433482946,5.867564106634334e-9,7.019543978115921e-8,-1.1853786343713878e-12,1.4593929739770563e-13,5.452921083926177e-13,0.00016912442521416056,7.466552849065572e-12,5.537251865084606e-6,0.0018071604623068976,-0.00023953509599164416,-0.001050194308346143,1.3869472824518938e-6,0.004008067516176291,2.2300145485313768e-13,-7.763110875851464e-6,0.0003678543391138253,-5.146019256712212e-7,0.0023201032641789504,0.005085730409995748,-0.00973276888763992,6.751829959087551e-13,-0.00014154598568226598,3.4134526074764633e-9,5.409740880990788e-8,0.0003761875380620796,2.515254443005853e-8,2.0699760051966034e-10,-1.015875720180733e-5,4.048520301585682e-12,-1.8174078472688033e-5,0.00011143556641998544,-1.6829337032728568e-10,1.7279257079941968e-8,1.6440912126150493e-8,0.00010349062349021368,-3.496175427164187e-8,-0.00048125988897026697,8.287592250537117e-12,6.703482449291967e-9,3.8652804335363287e-7,6.702497390598133e-11,0.0003080859019785891,-5.42656656947416e-11,0.0030784278801126775,0.002593498948296558,0.0007004288329908836,-6.329987079467976e-11,-3.0601859377430583e-10,-7.536580482243517e-8,5.3548624284123085e-8,0.00023063458712004894,9.491808303419115e-11,2.5935124775907728e-11,1.864865174439747e-6,5.585297509602012e-5,-5.090043847978376e-11,1.2886231209603427e-9,-9.420060786354752e-8,-3.314997393090527e-5,0.00011043002359829775,-1.0481462884431437e-11,1.1061406009459195e-12,-0.0015338548778918318,2.5697381274789273e-6,3.188869843182188e-7,-5.608806096850924e-10,-4.504535406705164e-7,0.0011601314181499834,-1.2840663453905385e-7,-6.512706566178451e-10,1.6565549170517583e-10,0.00509820029082293,-0.0005782570463770196,-3.1568554444610294e-6,-6.728190318548886e-5,-9.354673937793912e-7,-0.00015804503540498268,-3.232482191181289e-11,-6.134819754004371e-12,0.0005051490238647306,-3.2874218292336176e-6,-2.4750575775319552e-14
0.0,0.0,0.0,0.0,0.0,0.0,0.0,0.0,0.0,0.0,0.0,0.0,0.0,0.0,0.0,0.0,0.0,0.0,0.0,0.0,0.0,0.0,0.0,0.0,0.0,0.0,0.0,0.0,0.0,0.0,0.0,0.0,0.0,0.0,0.0,0.0,0.0,0.0,0.0,0.0,0.0,0.0,0.0,0.0,0.0,0.0,0.0,0.0,0.0,0.0,0.0,0.0,0.0,0.0,0.0,0.0,0.0,0.0,0.0,0.0,0.0,0.0,0.0,0.0,0.0,0.0,0.0,0.0,0.0,0.0,0.0,0.0,0.0,0.0,0.0,0.0,0.0,0.0,0.0,0.0,0.0,0.0,0.0,0.0,0.0,0.0,0.0,0.0,0.0,0.0,0.0,0.0,0.0,0.0,0.0,0.0,0.0,0.0,0.0,0.0,0.0,0.0,0.0,0.0,0.0,0.0,0.0,0.0,0.0,0.0,0.0,0.0,0.0,0.0,0.0,0.0,0.0,0.0,0.0,0.0,0.0,0.0,0.0,0.0,0.0,0.0,0.0,0.0,0.0,0.0,0.0,0.0,0.0,0.0,0.0,0.0,0.0,0.0,0.0,0.0,0.0,0.0,0.0,0.0,0.0,0.0,0.0,0.0,0.0,0.0,0.0,0.0,0.0,0.0,0.0,0.0,0.0,0.0,0.0,0.0,0.0,0.0,0.0,0.0,0.0,0.0,0.0,0.0,0.0,0.0,0.0,0.0,0.0,0.0,0.0,0.0,0.0,0.0,0.0,0.0,0.0,0.0,0.0,0.0,0.0,0.0,0.0,0.0,0.0,0.0,0.0,0.0,0.0,0.0,0.0,0.0,0.0,0.0,0.0,0.0,0.0,0.0,0.0,0.0,0.0,0.0,0.0,0.0,0.0,0.0,0.0,0.0,0.0,0.0,0.0,0.0,0.0,0.0,0.0,0.0,0.0,0.0,0.0,0.0,0.0,0.0,0.0,0.0,0.0,0.0,0.0,0.0,0.0,0.0,0.0,0.0,0.0,0.0,0.0,0.0,0.0,0.0,0.0,0.0,0.0,0.0,0.0,0.0,0.0,0.0,0.0,0.0,0.0,0.0,0.0,0.0,0.0,0.0,0.0,0.0,0.0,0.0,0.0,0.0,0.0,0.0,0.0,0.0,0.0,0.0,0.0,0.0,0.0,0.0,0.0,0.0,0.0,0.0,0.0,0.0,0.0,0.0,0.0,0.0,0.0,0.0,0.0,0.0,0.0,0.0,0.0,0.0,0.0,0.0,0.0,0.0,0.0,0.0,0.0,0.0,0.0,0.0,0.0,0.0,0.0,0.0,0.0,0.0,0.0,0.0,0.0,0.0,0.0,0.0,0.0,0.0,0.0,0.0,0.0,0.0,0.0,0.0,0.0,0.0,0.0,0.0,0.0,0.0,0.0,0.0,0.0,0.0,0.0,0.0,0.0,0.0,0.0,0.0,0.0,0.0,0.0,0.0,0.0,0.0,0.0,0.0,0.0,0.0,0.0,0.0,0.0,0.0,0.0,0.0,0.0,0.0,0.0,0.0,0.0,0.0,0.0,0.0,0.0,0.0,0.0,0.0,0.0,0.0,0.0,0.0,0.0,0.0,0.0,0.0,0.0,0.0,0.0,0.0,0.0,0.0,0.0,0.0,0.0,0.0,0.0,0.0,0.0,0.0,0.0,0.0,0.0,0.0,0.0,0.0,0.0,0.0,0.0,0.0,0.0,0.0,0.0,0.0,0.0,0.0,0.0,0.0,0.0,0.0,0.0,0.0,0.0,0.0,0.0,0.0,0.0,0.0,0.0,0.0,0.0,0.0,0.0,0.0,0.0,0.0,0.0,0.0,0.0,0.0,0.0,0.0,0.0,0.0,0.0,0.0,0.0,0.0,0.0,0.0,0.0,0.0,0.0,0.0,0.0,0.0653434216361619,-1.527112188894852e-8,-0.0003668838231415585,8.39094094225863e-8,-5.536804633746504e-6,1.5185501200803884e-6,-1.6204037871427232e-5,9.187287302713614e-6,1.2636839367341638e-8,-2.1818687068034282e-9,-2.5110106926871504e-6,-0.0006840465861983337,-0.00030746307333374897,-3.173254558036183e-5,2.9268387599162076e-7,7.786965489745048e-9,0.00015081513555408773,-7.919074470420817e-6,1.0660360491889797e-5,5.524535202627988e-6,-4.8037460729922876e-8,-8.535533230220875e-8,0.002044003258798045,-1.8110380347961137e-7,3.3915386570966448e-6,-1.7807781781184356e-7,-6.91362632744695e-8,1.0179559150495209e-7,-1.3480826837475e-6,1.3544368035346744e-6,-4.191941241986048e-6,4.3084711405665906e-5,-1.6938619136091485e-8,3.730578236759613e-5,-1.2398269095435329e-6,5.737583037969592e-7,1.3697750982837684e-6,3.991409204360283e-8,-0.00043138445620610814,5.928820781976325e-6,1.335829653942831e-9,-0.0002853834252336074,0.006820709364028651,2.0410168759115815e-6,8.955829522808641e-7,6.929682796399103e-6,-2.1184399969925567e-5,1.5747375362879956e-5,-0.002709673522454899,-0.0069040214011461265,0.00576353625807833,-0.0017124312826455775,5.610110420133772e-6,-7.648886045947098e-8,-2.931991803185458e-7,-3.696802399744179e-5,-6.285855152770222e-8,0.005620629667437611,-3.069695621641286e-5,0.0035070559333593944,0.0006690779647064704,0.004634304823271661,-1.4539674088652782e-6,-1.4527811249685176e-5,2.4649487352076257e-5,-0.00016655846757108385,1.5220339608817617e-7,0.0005130269166897986,0.0006688991420049139,-7.13355912543298e-8,9.070723456909533e-9,0.0002184751456497268,8.118948635260284e-7,1.9192979503524733e-8,-3.9094768091383234e-7,1.946804577557149e-7,-5.305917661208196e-6,-0.0003719477798678901,-1.8316246146246844e-6,1.0459526261228239e-5,-2.60346907586657e-5,-0.005345100007058529,-4.877348913592991e-6,-4.2406384218368954e-7,6.19088531586361e-8,4.318409867593544e-6,0.0007121332747880521,1.2899165223780589e-8,-1.5778971125858563e-7,0.0006812813901261615,4.2116641509862055e-7,0.0031318896590540432,2.6391787078736515e-5,-2.1871491937899864e-6,2.3987407643723182e-5,9.14225567462771e-7,0.006347613001076463,-2.9418962614647435e-8,-2.72684216360363e-5,-4.3943847835814144e-5,-1.765451014828314e-7,-0.003975708166474856,1.8799604319421155e-6,1.7822345081673666e-8,7.362148922032078e-7,-9.902300400590705e-8,5.447528567351366e-6,0.004067737714409756,0.012031875729405214,2.802204264008314e-8,1.1044418087009594e-7,-8.495836631381621e-6,-1.9545317806023625e-8,-0.02172138857858728,-1.1493841701951224e-6,2.9259542013589476e-9,9.814829182370606e-6,-6.65735137946258e-7,-2.617017696123554e-8,1.4168380487168723e-7,0.0019684812785643866,9.250380763926043e-6,0.00015498075968010535,-3.247212518465951e-7,-0.0003632858356630899,-7.803246452891737e-5,6.630888443140712e-8,1.9667047926819053e-7,1.4200005966485397e-6,-5.600123443426925e-10,8.017612004672073e-6,4.666245964757991e-5,0.00025684092158280333,-0.0014331234436845814,0.00039814934312767535,-0.000135883477149002,2.3733585039139036e-9,-2.957407662220602e-5,0.00031368532697144234,-0.0004957558991658638,-1.0589239547032892e-5,-1.7765869706052641e-6,1.4485414020563836e-6,6.087756243314135e-8,-9.440936077770282e-7,-7.817658683999738e-9,-4.8657659270125204e-8,9.505046973096167e-5,7.076869556355693e-9,-3.960203171575614e-6,0.0015044711786484613,0.0002921862092704091,-0.0001650163884153534,7.230879481512893e-5,2.0161488026185533e-6,0.017638945633868888,-3.575046209380359e-9,3.609284692653259e-8,0.00043674237386671233,-0.0011598246471881404,0.0012521177453068233,-0.0002677225178537174,-3.908719027630941e-8,8.139126904804796e-9,-5.477604412098332e-8,-1.302000059903124e-7,1.380966504737481e-7,0.0003270708479392689,-7.304090597350043e-7,2.015934507875384e-6,-0.00019259670647222437,-0.0023457670436216266,3.1577947138236915e-8,-0.0005685541216385754,3.7592068481346137e-6,1.271864804881599e-6,6.295698636787603e-8,4.597420270226124e-5,0.004591167585404634,-0.008715015875308247,1.0736201685269507e-5,3.3506811133445916e-6,-3.1003253444137153e-6,-1.966473941223183e-6,-4.1252496088284935e-7,-7.3745625978595215e-9,-4.070393800697536e-5,4.283286849506096e-8,-3.406959911653953e-5,1.7481911697095003e-6,-1.108192993415814e-9,2.3329906977796113e-5,0.005018007094918789,-0.00010690569267788847,-5.120478969818687e-5,0.005398933391797532,-0.0030255901705653213,3.3934078367719405e-7,-2.3384878362560908e-7,2.0054914637202213e-6,-0.00032595575012539263,0.00039475778188149973,8.191698971624832e-6,0.0005686416253745275,-5.250120574291757e-6,-3.602046298534061e-5,-0.0008948200031629826,-1.0322843869265138e-7,0.002988070512846964,-4.7317552244532505e-7,1.6596053813222192e-9,-1.4766166263693763e-5,2.146771779613393e-8,-0.0017037463069106268,-2.1423563605221654e-8,1.5682150277986574e-7,-2.8698909527621705e-6,4.033511286064172e-6,6.877445473041388e-6,9.653114242412444e-8,6.571223831724011e-8,1.29387358503974e-5,0.0004923157988330728,3.4819030458558415e-7,-0.0011642066408903327,-3.6197127553021316e-6,-1.677871603562228e-8,0.005972454800268004,2.685525643019272e-5,-0.00024701900552633396,-1.11875305042317e-6,-0.0015336421126568394,1.3527099207159519e-7,-0.00010089673591139121,-0.0018600029652873534,-0.0037863251824284297,-2.85117892587076e-7,-1.8270277021206955e-7,1.4165925333902869e-5,8.32841633050794e-7,0.0012899238669378116,-0.0017167037381149793,0.0001608963430819357,-6.61774115738961e-8,0.0004374636996117441,-0.00023668541965703434,1.8316332606230874e-8,-3.1360021149802835e-6,-0.0015687648061791235,3.156659598772958e-6,1.332611137746828e-5,-1.8825958857976153e-7,-1.2403356440656127e-8,0.0002667432940514403,0.001927127235790449,-2.462081056244954e-5,5.201663058756146e-9,3.6599953746467347e-7,-0.01115252742465491,1.0703633771922997e-8,4.006589151423113e-5,8.805939293565426e-6,-1.0574186380534373e-7,3.193225476706123e-6,1.9860223477627116e-6,-9.034440740595466e-5,0.0031345920560016125,2.5354756344790368e-5,-3.1204179662983222e-9,1.0797823930159649e-6,-0.008123241638842808,1.4072360624094228e-5,-5.302935356917447e-8,-1.4750029767886832e-6,-3.997466673973184e-6,0.00047829176677003667,1.4873833214677314e-8,6.014355825189842e-10,-1.0328063101087978e-9,-0.00019808075538510261,5.4486885234275837e-8,0.0020995019138403373,2.3900432649982794e-6,0.00018728690525569213,2.1525966832101087e-7,0.024591349922544248,-5.052719386987177e-6,1.288659822818694e-9,-6.590252825359674e-5,-0.0001536110860345982,-0.020035760670529,1.4237552088605912e-6,1.2497742750560872e-6,-2.9744749745541536e-6,-1.2580923479297428e-9,0.00020595242589678322,-7.3984695387267685e-6,-0.0009338862847009383,-3.746260008186606e-8,5.05284962905112e-5,9.665687851006861e-7,0.0007833716927409941,-2.0071996995251505e-8,0.0002860613282227371,-4.384383864040834e-6,-1.7563195820460334e-6,-0.0013181379228494215,-0.0002976370320678949,-2.7192580792801076e-5,0.00169760731850316,4.5297949276445534e-8,-6.415394244324936e-8,-0.0005382228080773451,0.0003750847968048572,1.3990951592924824e-6,1.8332834995823226e-7,-1.1304622972245764e-7,-1.0585415732905794e-6,-8.43966901957215e-6,4.1898054638210156e-8,-1.675031092344252e-7,-2.5572539764292603e-5,0.0005089894512338053,-0.00024984964257386343,-3.3396579550289125e-7,6.225126674600251e-8,1.1379161044949918e-8,0.0037076352218046353,4.577689434929971e-5,-1.3143568231071365e-7,0.00037133988578389463,-0.0009937705584031071,-0.0003281423590555049,0.00015134851106050543,-1.7369639937431893e-8,9.891418660487589e-9,-5.235109529566347e-5,0.0002255208164073757,0.00037341901372779635,-2.7254591149606515e-6,-0.009501971497701264,-2.8723446933152965e-5,0.0012720251460237042,-1.630055426781295e-5,-4.170064530585937e-5,-2.3001620938016933e-7,-4.496380032625667e-6,-5.6677698375303755e-6,-5.996173597871434e-6,-0.000295510435077222,-4.3494717346426286e-5,-2.7580986989777507e-7,2.0424152992133027e-8,-9.395896099210388e-9,-0.00778788203319462,9.885613843194353e-10
0.0,0.0,0.0,0.0,0.0,0.0,0.0,0.0,0.0,0.0,0.0,0.0,0.0,0.0,0.0,0.0,0.0,0.0,0.0,0.0,0.0,0.0,0.0,0.0,0.0,0.0,0.0,0.0,0.0,0.0,0.0,0.0,0.0,0.0,0.0,0.0,0.0,0.0,0.0,0.0,0.0,0.0,0.0,0.0,0.0,0.0,0.0,0.0,0.0,0.0,0.0,0.0,0.0,0.0,0.0,0.0,0.0,0.0,0.0,0.0,0.0,0.0,0.0,0.0,0.0,0.0,0.0,0.0,0.0,0.0,0.0,0.0,0.0,0.0,0.0,0.0,0.0,0.0,0.0,0.0,0.0,0.0,0.0,0.0,0.0,0.0,0.0,0.0,0.0,0.0,0.0,0.0,0.0,0.0,0.0,0.0,0.0,0.0,0.0,0.0,0.0,0.0,0.0,0.0,0.0,0.0,0.0,0.0,0.0,0.0,0.0,0.0,0.0,0.0,0.0,0.0,0.0,0.0,0.0,0.0,0.0,0.0,0.0,0.0,0.0,0.0,0.0,0.0,0.0,0.0,0.0,0.0,0.0,0.0,0.0,0.0,0.0,0.0,0.0,0.0,0.0,0.0,0.0,0.0,0.0,0.0,0.0,0.0,0.0,0.0,0.0,0.0,0.0,0.0,0.0,0.0,0.0,0.0,0.0,0.0,0.0,0.0,0.0,0.0,0.0,0.0,0.0,0.0,0.0,0.0,0.0,0.0,0.0,0.0,0.0,0.0,0.0,0.0,0.0,0.0,0.0,0.0,0.0,0.0,0.0,0.0,0.0,0.0,0.0,0.0,0.0,0.0,0.0,0.0,0.0,0.0,0.0,0.0,0.0,0.0,0.0,0.0,0.0,0.0,0.0,0.0,0.0,0.0,0.0,0.0,0.0,0.0,0.0,0.0,0.0,0.0,0.0,0.0,0.0,0.0,0.0,0.0,0.0,0.0,0.0,0.0,0.0,0.0,0.0,0.0,0.0,0.0,0.0,0.0,0.0,0.0,0.0,0.0,0.0,0.0,0.0,0.0,0.0,0.0,0.0,0.0,0.0,0.0,0.0,0.0,0.0,0.0,0.0,0.0,0.0,0.0,0.0,0.0,0.0,0.0,0.0,0.0,0.0,0.0,0.0,0.0,0.0,0.0,0.0,0.0,0.0,0.0,0.0,0.0,0.0,0.0,0.0,0.0,0.0,0.0,0.0,0.0,0.0,0.0,0.0,0.0,0.0,0.0,0.0,0.0,0.0,0.0,0.0,0.0,0.0,0.0,0.0,0.0,0.0,0.0,0.0,0.0,0.0,0.0,0.0,0.0,0.0,0.0,0.0,0.0,0.0,0.0,0.0,0.0,0.0,0.0,0.0,0.0,0.0,0.0,0.0,0.0,0.0,0.0,0.0,0.0,0.0,0.0,0.0,0.0,0.0,0.0,0.0,0.0,0.0,0.0,0.0,0.0,0.0,0.0,0.0,0.0,0.0,0.0,0.0,0.0,0.0,0.0,0.0,0.0,0.0,0.0,0.0,0.0,0.0,0.0,0.0,0.0,0.0,0.0,0.0,0.0,0.0,0.0,0.0,0.0,0.0,0.0,0.0,0.0,0.0,0.0,0.0,0.0,0.0,0.0,0.0,0.0,0.0,0.0,0.0,0.0,0.0,0.0,0.0,0.0,0.0,0.0,0.0,0.0,0.0,0.0,0.0,0.0,0.0,0.0,0.0,0.0,0.0,0.0,0.0,0.0,0.0,0.0,0.0,0.0,0.0,0.0,0.0,0.0,0.0,0.0,0.0,0.0,0.0,0.0,0.0,0.0,0.0,0.0,0.0,0.0,0.0,0.0,0.0,0.0,0.0,0.0,0.0,0.0,0.0,0.0,0.0,0.0,0.0,0.0,0.0,0.0,0.0,0.0,0.0,0.0,0.0,0.0,0.028645554293688348,-1.8568296528088888e-9,-0.012193342302358598,-2.0324235273050006e-11,0.0014334265285662268,0.00012194458150376408,-5.206658354368661e-5,-7.147638171848468e-14,-1.5121511439191893e-14,-4.710592270660322e-12,3.6044111070096703e-9,-8.875826538160759e-6,-1.2374507546338203e-11,-9.487558110749353e-5,7.012350471798883e-14,-3.222068794466634e-6,0.00042078333880903534,1.899070949814833e-7,-9.49421756902057e-12,0.0006407067052896884,4.735020720630982e-14,-1.3846177715975826e-8,5.78563671138587e-13,-0.003603432391872535,0.006818838458723714,0.003197625578219893,-6.742391948445663e-14,-0.0032882248888294646,-0.004884135112104134,-0.0007769184023666613,2.0924920868409763e-5,-3.62146963095958e-15,4.3370183996815964e-10,2.968542085748159e-12,-0.0016536498228878424,0.0007047430707512358,-0.010193034585000791,-3.6836521281846905e-10,1.4103346483998626e-5,-3.6936306922927325e-14,-2.432828851012431e-10,-6.306526794982202e-8,0.0003751465852306606,-1.1321328551858661e-11,6.518705857821303e-11,-7.66219020086356e-5,-0.00020814351363242315,-2.3559519481850062e-9,1.025695355789116e-8,1.4576468819868832e-7,9.073722159359427e-7,2.1576846105990946e-11,1.7943502614341722e-12,-0.00952490956498944,4.193774517545074e-5,-4.477318505179303e-13,3.6094845598098435e-7,-8.216953967425683e-5,-8.71570541413424e-7,-7.263374594479849e-10,-7.754210954495419e-7,5.19983638150682e-12,-5.306806858977634e-10,2.0223023297657774e-10,6.65767669711391e-10,0.0009397293532531281,-6.524511369622879e-9,4.942044727501692e-7,-4.94305628816324e-13,4.001359027874542e-14,1.4513958590308902e-7,-0.0008902999506024741,4.910712731579023e-15,5.2020409772155315e-12,-1.0175086469326346e-12,-4.75157123510466e-11,-1.10523222356335e-9,-0.001390889983792821,-2.4220409728984236e-5,4.667665455546959e-10,2.2515759564153267e-6,6.906921300955627e-11,-1.030250903275044e-12,-6.592661738310541e-14,2.8760524076657297e-11,-4.827353005462111e-7,9.480097347403889e-14,1.488821614267596e-12,2.0533362880380486e-7,-0.003293076132700122,2.047310947970188e-6,2.1363866202781228e-8,-4.778578498364171e-12,1.0413702361519807e-9,8.467161273341057e-12,-1.473594007757773e-7,7.229973367258633e-14,-1.2034345066743022e-5,-1.9531620082307803e-5,2.7436604797134326e-12,1.9630417602161488e-8,2.7993623877381416e-12,5.5814035347221163e-14,5.867881792204109e-12,-0.004071343463271378,3.218889360931912e-11,7.629181152598766e-7,1.810757311675208e-7,8.560489113278156e-13,2.0091677857096988e-13,-2.280577013822831e-10,-4.308549914315294e-13,2.0278715028960468e-8,-0.0019046892713462057,7.025746055601611e-15,-0.000134392254022755,-0.00029098484499619687,2.2339522193578978e-13,-0.003204088462542311,1.7610720405347857e-7,1.1221726477983474e-11,1.4884251180622211e-10,0.004305212054733908,-7.587083572717869e-6,5.471908851817191e-9,-2.1024431879526902e-13,0.004972904247069921,3.389893131599899e-5,3.659169709873892e-13,0.0002296020792957252,-1.6579912737595005e-10,4.219603809176911e-7,2.2278394748657134e-8,-4.548091444063257e-9,3.15711568220175e-10,1.1901715246326991e-12,-1.0412374825123233e-10,-2.903924537246103e-5,-3.009724357114045e-7,-7.092763480508769e-11,-2.524052535339408e-12,5.050774124319775e-12,-0.0009441847852089004,6.0092134172454634e-5,-3.0057199344929437e-14,3.3262438809451346e-13,-1.9776951818860917e-9,4.655767439808312e-14,-7.190654737638758e-13,4.240119509384451e-9,-1.576456162526327e-8,8.255229091348296e-11,-2.261953403713474e-9,7.612288413215242e-6,8.505326892923229e-8,-1.3347782463586387e-14,0.00023486508860976052,-7.591240818153571e-9,-2.3280324289090093e-8,5.029438759009557e-6,-3.131561221493873e-6,2.1970785097464195e-14,7.521670424635512e-15,0.0026666109113588463,0.0004962838742440344,0.013407357702525189,-9.705511536231347e-10,-2.8355038047674465e-12,-7.833786620300603e-13,-4.345280917310179e-6,9.304252893138873e-7,-0.0048124958435994,9.139493877395573e-8,-2.2595968397959258e-5,-9.534123863400396e-12,-0.00846035758753322,4.775361059840722e-10,3.7696689756203977e-8,2.728164720401664e-8,-8.230106660411439e-5,-5.8171235402416246e-11,-1.164402489461311e-11,1.0708349954882849e-9,-0.006829582723535731,-1.7456144764646692e-14,-3.484911013780981e-5,4.532144741208008e-12,-2.4055024318679827e-5,2.310046038703853e-12,8.027446248633905e-15,-0.00011523912881823197,1.4298266825107338e-8,-2.712985624307066e-6,1.946192193337551e-6,4.428810343406565e-7,7.963482883434802e-8,-2.1313886493889586e-12,0.0009910075567266478,-0.00031361609937105713,1.5362260989012045e-9,-1.7053176572890466e-6,-0.00038516570304104755,-2.159649722903702e-8,4.551655109408135e-5,3.721961859664181e-11,4.1977289999127645e-7,-2.9880708140754903e-13,-4.76639409318368e-9,0.0016368530572443884,2.1995088525287396e-14,0.00025167178265252734,-0.009820056202543967,-4.5892509693849505e-8,-4.852678631879006e-14,-8.263475347122547e-13,-0.000994756002101917,-0.00037235667336912387,3.6012537647740367e-10,1.2057651930681623e-13,-5.162596595817309e-13,-4.666389220685976e-12,1.610184678123324e-9,-0.0003781969912294217,-6.771733046470035e-9,-0.00020164709979846507,-6.504794849542602e-15,8.85429541147619e-8,-5.513156185322975e-11,1.2957574256795695e-9,-0.001178315805138194,5.334353338155891e-7,6.193150524311136e-12,7.571324850221747e-11,2.3738197046314706e-6,6.162607422475326e-7,-1.9102474432085148e-12,-0.0033541472155581677,3.0437836868363348e-5,-4.8974542108357634e-11,3.806233287400514e-9,2.1128028280414494e-10,1.2631103704336652e-10,-1.6882416608050188e-13,1.7623626327064295e-6,-1.3149184935584377e-9,0.001412461220693826,-0.0007967970083576639,-1.0000418400477747e-6,-0.0021803171906631972,8.074805125424524e-10,4.314706275136728e-13,3.50377022986064e-14,-1.991150803890557e-5,1.4814627537650088e-6,4.258593545604839e-6,0.0059310004818681344,-1.2294984086528073e-12,3.9326487457889465e-8,1.9623867883812614e-13,4.2983929511981665e-10,9.49926066335146e-11,-1.0534501876218258e-12,0.00018134540161182257,1.3856615881115588e-12,5.384081628480101e-6,-4.094358549908734e-8,-0.00012994594070083728,3.865286207594163e-15,0.0007811717790921973,-4.9843918818653234e-8,-7.62020794100842e-7,0.0008718346482279899,-0.004417301301450583,2.376706345519391e-9,-1.3500593528033392e-8,3.188696334867389e-14,-1.1755378061817876e-14,-9.066700665842099e-15,-5.442503577841446e-6,-3.1273055320836074e-14,-4.510844392565682e-8,6.5977256247830194e-6,1.0014572402005141e-5,-0.004439638913142796,6.800650849230547e-8,0.0002663031196304636,-2.6610342213009387e-15,-1.6092396564891995e-6,1.2667992194166866e-5,-1.9356620230181202e-7,0.0009302104802792105,-0.0011943825080883048,0.0012947542346215112,5.689714421894697e-14,2.427199496398587e-6,-8.63906973571549e-12,5.1285261777720797e-8,-0.007989304017120039,4.617676441537347e-10,9.858663063148817e-12,-1.3582683839388555e-6,3.783382273750518e-14,1.2687660474825337e-6,-4.187134374233818e-5,-5.761677481059804e-11,6.08539853484778e-9,1.8547868065537102e-9,-6.972406518264373e-6,-5.9364990553575335e-9,-0.005597505070723849,3.1274651373196946e-13,-5.977384361869893e-9,2.5440059899835252e-6,-1.829746908713535e-11,-0.00235321250750125,4.805375045188658e-12,0.0012313134284434014,2.3305143454399745e-5,-0.00018617064378314725,-5.118763215149196e-12,2.0202323832098226e-11,2.415430779330617e-9,2.229803366359447e-9,-0.0009915347503033412,1.1622101204151783e-11,-1.3478923280862147e-12,2.9969570992504983e-7,3.272042531010316e-5,-5.275846088007017e-13,1.2272375378601886e-9,1.4315401514955882e-8,2.250157434010556e-6,-5.866955462911982e-6,-1.5620295962485444e-13,9.314983893778908e-14,0.00011528383437525419,5.28469568269603e-7,-2.6724686474545754e-8,-7.141342183282962e-12,5.026378433635789e-8,6.533240132740977e-5,5.2046487627263924e-11,-1.3572162508635096e-10,7.246261370333435e-11,0.0026992695197134773,-4.3948109206511096e-5,-4.62922991903218e-7,-1.5090647943620593e-5,-3.1386709251300166e-6,6.022447979348237e-6,3.69362739754664e-13,1.5636148567547419e-15,-0.002143796368570482,-8.696133060108278e-8,6.158670633185111e-15
0.0,0.0,0.0,0.0,0.0,0.0,0.0,0.0,0.0,0.0,0.0,0.0,0.0,0.0,0.0,0.0,0.0,0.0,0.0,0.0,0.0,0.0,0.0,0.0,0.0,0.0,0.0,0.0,0.0,0.0,0.0,0.0,0.0,0.0,0.0,0.0,0.0,0.0,0.0,0.0,0.0,0.0,0.0,0.0,0.0,0.0,0.0,0.0,0.0,0.0,0.0,0.0,0.0,0.0,0.0,0.0,0.0,0.0,0.0,0.0,0.0,0.0,0.0,0.0,0.0,0.0,0.0,0.0,0.0,0.0,0.0,0.0,0.0,0.0,0.0,0.0,0.0,0.0,0.0,0.0,0.0,0.0,0.0,0.0,0.0,0.0,0.0,0.0,0.0,0.0,0.0,0.0,0.0,0.0,0.0,0.0,0.0,0.0,0.0,0.0,0.0,0.0,0.0,0.0,0.0,0.0,0.0,0.0,0.0,0.0,0.0,0.0,0.0,0.0,0.0,0.0,0.0,0.0,0.0,0.0,0.0,0.0,0.0,0.0,0.0,0.0,0.0,0.0,0.0,0.0,0.0,0.0,0.0,0.0,0.0,0.0,0.0,0.0,0.0,0.0,0.0,0.0,0.0,0.0,0.0,0.0,0.0,0.0,0.0,0.0,0.0,0.0,0.0,0.0,0.0,0.0,0.0,0.0,0.0,0.0,0.0,0.0,0.0,0.0,0.0,0.0,0.0,0.0,0.0,0.0,0.0,0.0,0.0,0.0,0.0,0.0,0.0,0.0,0.0,0.0,0.0,0.0,0.0,0.0,0.0,0.0,0.0,0.0,0.0,0.0,0.0,0.0,0.0,0.0,0.0,0.0,0.0,0.0,0.0,0.0,0.0,0.0,0.0,0.0,0.0,0.0,0.0,0.0,0.0,0.0,0.0,0.0,0.0,0.0,0.0,0.0,0.0,0.0,0.0,0.0,0.0,0.0,0.0,0.0,0.0,0.0,0.0,0.0,0.0,0.0,0.0,0.0,0.0,0.0,0.0,0.0,0.0,0.0,0.0,0.0,0.0,0.0,0.0,0.0,0.0,0.0,0.0,0.0,0.0,0.0,0.0,0.0,0.0,0.0,0.0,0.0,0.0,0.0,0.0,0.0,0.0,0.0,0.0,0.0,0.0,0.0,0.0,0.0,0.0,0.0,0.0,0.0,0.0,0.0,0.0,0.0,0.0,0.0,0.0,0.0,0.0,0.0,0.0,0.0,0.0,0.0,0.0,0.0,0.0,0.0,0.0,0.0,0.0,0.0,0.0,0.0,0.0,0.0,0.0,0.0,0.0,0.0,0.0,0.0,0.0,0.0,0.0,0.0,0.0,0.0,0.0,0.0,0.0,0.0,0.0,0.0,0.0,0.0,0.0,0.0,0.0,0.0,0.0,0.0,0.0,0.0,0.0,0.0,0.0,0.0,0.0,0.0,0.0,0.0,0.0,0.0,0.0,0.0,0.0,0.0,0.0,0.0,0.0,0.0,0.0,0.0,0.0,0.0,0.0,0.0,0.0,0.0,0.0,0.0,0.0,0.0,0.0,0.0,0.0,0.0,0.0,0.0,0.0,0.0,0.0,0.0,0.0,0.0,0.0,0.0,0.0,0.0,0.0,0.0,0.0,0.0,0.0,0.0,0.0,0.0,0.0,0.0,0.0,0.0,0.0,0.0,0.0,0.0,0.0,0.0,0.0,0.0,0.0,0.0,0.0,0.0,0.0,0.0,0.0,0.0,0.0,0.0,0.0,0.0,0.0,0.0,0.0,0.0,0.0,0.0,0.0,0.0,0.0,0.0,0.0,0.0,0.0,0.0,0.0,0.0,0.0,0.0,0.0,0.0,0.0,0.0,0.0,0.0,0.0,0.0,0.0,0.0,0.0,0.0,0.0,0.0,0.0,0.0,0.0,0.0,0.0,0.0,0.0,0.0,0.0,0.05981726166462769,3.47770134883751e-10,0.0003123043431645984,1.51551046733773e-8,-7.627504732119436e-7,2.267817927098238e-8,9.16063180140536e-7,3.7545832285425015e-7,-0.00012174070674674635,-0.0014716676994160325,1.1663058126160164e-6,0.001577453166226909,1.1932919889029733e-8,9.734048002818078e-7,5.783040135871798e-7,-1.1621162595723242e-7,1.271495836836358e-7,-0.0002852096122030451,1.3168872187329084e-9,5.396553348021241e-6,0.0015052807626428524,2.4933407483945244e-5,4.105191626707515e-8,8.77921480298863e-10,-1.3695298778324485e-8,-8.535656921837805e-6,-6.694703316683766e-9,-1.1975725503610006e-8,-2.0411772216462874e-8,-6.835314346282562e-7,-1.7954609544303895e-6,0.01596295479823467,-0.0005448402884556204,-4.795932569380558e-10,-6.133266819168425e-8,-1.0236309401079038e-9,-0.019288405551274753,-1.6379010182308043e-8,-3.762293570811801e-7,0.00042826593965003426,0.0002953114075885159,3.699670098961805e-8,-0.00030009490606381793,-0.0008585950684475809,-1.2704321488090764e-7,1.279393569586426e-7,0.0019910409735484445,-0.0011381925941800267,-0.0003725207635400464,-2.435297666742584e-5,-0.000802730989067111,-7.871698764319352e-5,2.55213382347162e-9,2.8247953173711223e-7,4.224217455722245e-6,0.0001190763671526094,6.077655572179053e-9,-6.137559490898273e-5,0.0034834380542548456,2.3591133647376645e-5,4.247686961329922e-5,0.001252184953741377,0.0041204404314642605,-0.008771470525448055,-9.100738234637569e-10,0.007635031383388338,2.6511412344978767e-5,-1.8938590011823426e-5,-1.0029840445601625e-6,0.00013090195636841887,-8.642818507496409e-9,2.0104720249022863e-7,-4.125117713404245e-5,1.3082631337358715e-5,0.0004996936967274668,0.026606573830685664,1.912459240848988e-8,-3.527340169278047e-7,0.00589576066844983,-3.174914631615396e-5,0.0002824485608813927,1.265502575958815e-5,-1.2102175220024273e-5,-0.0032362614312364786,-6.187856793350347e-5,-1.131629127752649e-6,-1.5873304343473795e-6,-8.6490657258873e-6,4.655446834758325e-9,1.2059667297428132e-5,0.0017921730274421523,0.00019577407045640808,-0.025922247055730464,-0.00012658701176444448,0.00011349407722162095,-5.927242918617121e-7,-9.639530207927445e-7,4.155168657258435e-6,2.8373450606729082e-5,-0.00019154374446998866,-7.098967846593452e-5,-1.5437455524610244e-7,7.801166465571707e-5,-1.1312525141940805e-9,-0.0004055489774501003,-6.475787064061344e-5,0.00010198353101677988,-4.83476032601733e-6,-1.3880329024919751e-5,0.001055088041996036,1.1252709301503227e-5,-0.000166831498295898,1.9776740039824265e-8,6.508202708231624e-8,1.437997407952204e-7,-8.314526673672664e-9,-2.5444854349581796e-6,-2.377520864479273e-10,-0.00033596594396061586,0.0006430462903148463,-0.0005735539497148,-1.4389021547625142e-9,-4.212552646654532e-7,-1.6363425718296884e-5,-3.4422647896627746e-6,-8.991699920630304e-10,3.473153368629185e-8,8.09556561992813e-6,-1.8180861227960045e-7,-0.0009259347988641057,-3.0298403229664475e-5,0.0006437289795525584,-0.00020399901039181605,0.0015432860398313746,1.1829426472855438e-5,0.0023528820341284042,1.3598925745885588e-6,4.468497933963289e-6,0.0006309382030689309,0.00014823549082838524,-0.00013236483652108991,3.9265584889398713e-10,1.0850869427875399e-7,-7.461220668015626e-8,3.107950480138782e-6,-0.0003446318812026731,-1.086980760409005e-6,0.0006273129205512255,-0.0250710726702581,0.0011335524265818154,-0.0015041723621104961,0.01625449129388214,8.004637659075646e-8,-0.000134040707579285,3.41439237390481e-7,-5.002559822488629e-10,0.0012590787043369898,0.0004086391088218862,-6.666676548116449e-6,6.08467941636435e-6,3.529385684542798e-7,2.1653584417512043e-7,4.2197127678968455e-10,-8.944919015966262e-9,-2.9306461846872457e-10,-0.003834355021343102,4.712226553986858e-5,-7.468839191319481e-5,2.8565068271256285e-6,-1.487482252363765e-5,-3.985667224721874e-11,2.5001299208005094e-6,-6.94698432948559e-8,-0.00047514304831807315,1.4764639074609646e-10,-0.0011396250659588699,-0.00021527242426290413,-0.00021059046844830933,7.510162835945182e-7,-0.00581156530406374,-0.0004900332029703397,-0.0063996351159945055,5.161561504490649e-11,-1.8344572386981952e-7,-1.0001359618668365e-7,-2.930079446054691e-5,-6.86856293410833e-8,-0.00012397617445491428,1.3173694739600768e-7,-1.3817615863407436e-7,-0.0023524301023980137,2.510030633307557e-6,8.278754965490699e-7,-0.00011726027284678798,5.595492631058333e-5,-5.174802200261201e-5,1.499431314292763e-8,-5.317383747976361e-8,-0.02546056041942218,-4.985344801984273e-6,-3.685047437316371e-8,-0.000263128668449096,-1.564532701525099e-6,0.004701706506739418,-7.284429183089083e-5,-9.699700216998324e-6,-0.0006229568257892942,-2.2161523780315847e-9,2.644080337987303e-7,-3.4049262236252074e-8,-5.517904770892753e-12,0.000212154758962146,4.317068908278525e-7,-1.1874235288117652e-5,3.028716766499078e-8,-5.663662651396529e-8,0.002785867057108974,-1.0766018944109839e-5,4.5576852026020845e-6,-0.0010096569416247368,0.005905125814694365,9.743540234183452e-9,0.0006371871405931642,-1.7054659055680408e-9,1.2398066577141945e-6,-9.44237569004221e-5,-0.0031565669263925434,0.0067734063243295286,-4.8591409318751494e-9,8.151213329656322e-6,-8.406058840769207e-5,-0.00470241565293092,-1.5713155276729422e-5,-4.5632836374999205e-5,-4.8823949363872465e-5,2.8248251612312845e-8,-2.1614455379828295e-7,-0.002152479534856326,-0.019268425120285575,-0.00020188166511820032,-0.007522632020142366,-1.8496397405488255e-6,-9.222149927679433e-7,-0.010431433568571874,3.412890324038649e-11,-4.716103932697621e-9,9.371957990899828e-6,1.4740760987588713e-8,-0.015232637137576863,6.399569913749573e-6,2.3173528117272223e-6,-6.0509014277631e-7,7.5676932573423055e-6,-2.572328109587353e-7,-7.75689941290611e-10,-4.0029438107347796e-5,-0.0004155648296082437,-1.619152251716355e-6,-0.01853718797924579,-0.000907567402853827,1.8184660318725826e-6,9.300827029823186e-8,-0.0016419486989958539,-2.060118058233272e-6,8.023433515940764e-6,-1.3112587841107013e-7,-5.152209182081198e-7,-3.3030597220213406e-8,0.00011849033232273195,1.9537605856375264e-6,4.5610344997440435e-9,7.5452866355628e-9,0.0013280272542380137,-0.0003119817400762226,4.318635824809916e-7,2.850554594901185e-7,3.275479510122672e-7,6.357776359918714e-6,-3.854943757646724e-6,5.280888000446171e-6,-5.7595067795271636e-8,-6.147960331155944e-7,1.8297796338223165e-9,7.263316808817056e-5,-9.795894476604952e-8,5.365994527062102e-9,9.834846402854411e-6,2.877156079598336e-7,2.669836243188958e-5,1.3355276319350142e-8,-9.869807264740483e-9,-1.8295723247381802e-9,6.365520408836283e-7,-1.1515105087904877e-6,0.0016391329683170016,0.00019736448138852686,8.827741812758038e-11,-0.0008453305345238965,-0.00014133037490035585,4.683429496833827e-5,-9.604596426107009e-7,1.3304011402313845e-6,1.1336669144524076e-8,0.0003258220511155081,-0.00351718859450461,-0.006051450123314518,-5.273673272240306e-7,-0.0008996763301233154,-1.3220105865933183e-9,1.6002661247002392e-5,0.0018515599028646622,-1.024529328483765e-5,0.0006475191383458037,2.1446124455866732e-8,9.304969461457141e-5,-1.637495932340755e-8,-3.644860492280673e-8,-7.927569169022461e-10,0.0001444588534093214,-0.002575568599474532,0.0020917414140016735,-0.0015786383210294793,-2.6474583015923364e-10,-0.0007545505976072772,2.094009317890484e-6,-0.00018241970787644725,3.941245811191572e-7,3.485670364883506e-5,0.0024645987697211867,0.0006834861968784929,1.6167266926888722e-6,8.193766520826617e-6,-4.057616078251131e-6,-1.7942993480679849e-6,1.7321745681401067e-7,2.164117917892751e-6,-0.0003451993052944116,0.0004180332698316181,-0.0004485724909725819,-1.3332603785482032e-7,0.002100233975016487,0.00029058110483489813,0.0009979058973019744,4.105490994578109e-9,6.441488595553283e-8,2.528596454602031e-6,9.885440689092582e-7,4.3657249689099695e-6,-8.285040846226155e-7,1.91301561985492e-5,-7.192184487968483e-6,-9.069484319148779e-10,1.7502947136349773e-5,2.371785682241253e-7
0.0,0.0,0.0,0.0,0.0,0.0,0.0,0.0,0.0,0.0,0.0,0.0,0.0,0.0,0.0,0.0,0.0,0.0,0.0,0.0,0.0,0.0,0.0,0.0,0.0,0.0,0.0,0.0,0.0,0.0,0.0,0.0,0.0,0.0,0.0,0.0,0.0,0.0,0.0,0.0,0.0,0.0,0.0,0.0,0.0,0.0,0.0,0.0,0.0,0.0,0.0,0.0,0.0,0.0,0.0,0.0,0.0,0.0,0.0,0.0,0.0,0.0,0.0,0.0,0.0,0.0,0.0,0.0,0.0,0.0,0.0,0.0,0.0,0.0,0.0,0.0,0.0,0.0,0.0,0.0,0.0,0.0,0.0,0.0,0.0,0.0,0.0,0.0,0.0,0.0,0.0,0.0,0.0,0.0,0.0,0.0,0.0,0.0,0.0,0.0,0.0,0.0,0.0,0.0,0.0,0.0,0.0,0.0,0.0,0.0,0.0,0.0,0.0,0.0,0.0,0.0,0.0,0.0,0.0,0.0,0.0,0.0,0.0,0.0,0.0,0.0,0.0,0.0,0.0,0.0,0.0,0.0,0.0,0.0,0.0,0.0,0.0,0.0,0.0,0.0,0.0,0.0,0.0,0.0,0.0,0.0,0.0,0.0,0.0,0.0,0.0,0.0,0.0,0.0,0.0,0.0,0.0,0.0,0.0,0.0,0.0,0.0,0.0,0.0,0.0,0.0,0.0,0.0,0.0,0.0,0.0,0.0,0.0,0.0,0.0,0.0,0.0,0.0,0.0,0.0,0.0,0.0,0.0,0.0,0.0,0.0,0.0,0.0,0.0,0.0,0.0,0.0,0.0,0.0,0.0,0.0,0.0,0.0,0.0,0.0,0.0,0.0,0.0,0.0,0.0,0.0,0.0,0.0,0.0,0.0,0.0,0.0,0.0,0.0,0.0,0.0,0.0,0.0,0.0,0.0,0.0,0.0,0.0,0.0,0.0,0.0,0.0,0.0,0.0,0.0,0.0,0.0,0.0,0.0,0.0,0.0,0.0,0.0,0.0,0.0,0.0,0.0,0.0,0.0,0.0,0.0,0.0,0.0,0.0,0.0,0.0,0.0,0.0,0.0,0.0,0.0,0.0,0.0,0.0,0.0,0.0,0.0,0.0,0.0,0.0,0.0,0.0,0.0,0.0,0.0,0.0,0.0,0.0,0.0,0.0,0.0,0.0,0.0,0.0,0.0,0.0,0.0,0.0,0.0,0.0,0.0,0.0,0.0,0.0,0.0,0.0,0.0,0.0,0.0,0.0,0.0,0.0,0.0,0.0,0.0,0.0,0.0,0.0,0.0,0.0,0.0,0.0,0.0,0.0,0.0,0.0,0.0,0.0,0.0,0.0,0.0,0.0,0.0,0.0,0.0,0.0,0.0,0.0,0.0,0.0,0.0,0.0,0.0,0.0,0.0,0.0,0.0,0.0,0.0,0.0,0.0,0.0,0.0,0.0,0.0,0.0,0.0,0.0,0.0,0.0,0.0,0.0,0.0,0.0,0.0,0.0,0.0,0.0,0.0,0.0,0.0,0.0,0.0,0.0,0.0,0.0,0.0,0.0,0.0,0.0,0.0,0.0,0.0,0.0,0.0,0.0,0.0,0.0,0.0,0.0,0.0,0.0,0.0,0.0,0.0,0.0,0.0,0.0,0.0,0.0,0.0,0.0,0.0,0.0,0.0,0.0,0.0,0.0,0.0,0.0,0.0,0.0,0.0,0.0,0.0,0.0,0.0,0.0,0.0,0.0,0.0,0.0,0.0,0.0,0.0,0.0,0.0,0.0,0.0,0.0,0.0,0.0,0.0,0.0,0.0,0.0,0.0,0.0,0.0,0.0,0.0,0.0,0.0,0.0,0.0,0.0,0.0,0.0,0.0,0.0,0.0,0.0,0.0,0.0,0.0,0.0,0.0,0.0,0.0,0.0,0.0,0.05253406543947005,4.651239898658082e-12,0.0009117121836937762,-7.799344757750171e-5,-4.713103490521489e-5,1.8732565137633732e-17,-3.8531172747883915e-15,-3.8707354816293865e-13,3.7463523280711693e-10,-3.5952434288941795e-7,3.157228491877976e-11,-0.00016204998370831548,-4.777072722781674e-14,2.8405388557783824e-6,-0.0001338427028583092,-2.294429803703223e-5,6.357802258986434e-12,-0.007019883926087078,-1.4589715775994645e-14,-1.0168535670346204e-9,-2.2162732467916273e-13,7.28100662929064e-5,-0.0007629434593169326,-0.00048270948160850124,2.90665546659238e-14,-0.0017616851453209977,-8.253869309414557e-5,-0.00046965017928251646,-1.923513598371049e-6,2.962648388704767e-14,-1.0045763028701378e-11,6.0215956244751345e-12,-0.0005740377443444575,-0.0003892390504663815,-0.0009344947212108084,5.355076845495474e-10,0.000194402718645458,1.7174936488142113e-14,1.2000818365849466e-9,2.1596619812797354e-8,8.864462664473495e-6,6.688168186633021e-12,-2.0176448404005567e-11,-7.218844065792898e-5,-1.589183995619391e-5,8.200419511001413e-10,8.104176970244585e-10,-6.64932135115669e-8,-6.2620153330574e-7,1.950527714636976e-12,1.6628876774604483e-13,-0.0011757564716656393,9.541002673497366e-7,1.5569260979763456e-14,-5.953948910496746e-8,2.515972633381883e-5,3.3848226633716137e-7,-5.805564746692601e-10,1.2709280560276555e-7,-3.289511183690897e-14,1.3124540092883312e-10,-1.5839407626576825e-10,2.1187195107056548e-11,0.00739172736426314,4.108148571348885e-10,-1.2039806005786075e-9,-9.346502864348609e-14,-3.877995090881013e-15,-5.037801387911362e-8,0.00011333197308643832,-2.1065429782001373e-14,-7.193792994632938e-13,1.922844526487592e-13,1.0450761549535655e-11,2.7061812462568327e-11,4.958368299980998e-5,6.686967832804342e-6,-2.176738030936066e-10,-3.575033583806027e-7,-2.906728080093376e-11,6.270983685437781e-13,1.1054552965321289e-13,2.550496557222219e-11,1.0608704488310132e-7,-2.727613062404162e-14,5.066124044400092e-13,1.1758593966814954e-8,0.0011440575351085475,-2.666744545692665e-7,-7.645903570495897e-9,-1.2421538156133441e-12,5.557003938911496e-11,-2.0383845216645867e-12,8.526340659261931e-9,4.0750762062136426e-14,1.6913067277326497e-5,1.196437488494242e-5,-5.77758280102514e-13,-3.6254123360875725e-8,-2.8270208579573453e-12,-6.31943709195893e-14,-1.942969949873362e-12,-0.0027272057291822106,-7.526898948850843e-13,-6.442793457343608e-8,-5.712482781539865e-8,-1.2903150198077823e-13,4.747766529833311e-14,7.572511694871807e-11,8.963020552551548e-14,4.809690786909355e-9,3.8937645939983166e-5,-6.134119665238921e-15,6.51831478879186e-5,-0.00046927429515944267,-4.9002636901703575e-14,-0.0033991444218903653,-3.900551555956596e-8,2.4512448380169066e-12,-3.194152364354899e-11,0.0003101847316189799,-6.979443009340258e-8,-1.352633481869428e-9,1.0261627789341497e-13,0.0030850116684881528,3.152611525311475e-5,-2.2046778321900093e-13,1.3803679936243386e-5,5.361973382471082e-11,2.5731062705090452e-8,-1.141340056834291e-9,-1.6918196219508816e-8,1.0237439031714003e-10,1.6446382884154845e-12,1.3500137188009796e-11,5.087239884615613e-6,-4.957039563588345e-8,1.6465900918267083e-11,5.8069515827342495e-12,-1.627128898437131e-12,0.02044546726551106,-4.26078900212189e-6,1.3238055839963288e-14,-1.2191960687746087e-13,5.941454474650287e-10,-7.46216014512521e-15,-3.916389195182548e-12,-6.395230307675695e-10,4.8911849583296145e-9,2.622174393404427e-10,2.576926483772431e-10,-1.2727358007350299e-5,-2.2426113655484584e-8,2.706461670973761e-15,-0.0032786738112398567,1.0618846396120724e-9,1.6363537240549e-9,-7.523660584706396e-7,1.0341914517007442e-6,1.9709910026959646e-14,-8.679262890053096e-15,0.00043734856722398594,-0.00010283390106224544,0.001292353569787071,-1.3154887872658388e-9,9.718350770850142e-13,7.962561901246675e-13,-3.3839367800703524e-6,-2.9933957602715326e-7,0.004548300520213671,6.264054280745543e-7,1.5970649342903335e-5,8.909319785812555e-12,-0.010055334126845571,-1.2206905851512203e-10,-7.44427250366458e-9,-6.031379189606307e-9,1.8145761899571275e-5,1.673024665725304e-11,1.3415564297840079e-11,-1.422503753817122e-10,-0.0005830853046054473,1.388279938184353e-14,-9.460257155363045e-6,-1.2796824482892153e-12,-2.4633981036051606e-6,-9.700299975969202e-13,-5.71819345316509e-15,1.453359293996762e-5,-3.6262536887328723e-9,1.341605709793125e-6,1.3315574036842534e-6,-1.5941282219455322e-8,4.724423194508004e-8,2.7943167638515837e-13,0.0008498261992154338,-0.00021456439959633986,2.4271493609264835e-10,8.204783003565155e-7,0.0001219597971430652,3.6185733746975415e-9,4.943583144959449e-6,-1.8315739325398536e-11,6.400970031045313e-8,1.960254019653656e-13,2.324706539298357e-9,-0.00034629724620204754,2.641886683185111e-14,-7.065379552004044e-5,-0.0003370339478399685,-1.2611210292721213e-8,3.027913181332033e-14,-2.770225856800769e-14,-0.00020473069791683833,9.936818492426609e-5,-1.3295156791599114e-10,5.1562871915844594e-14,1.401592706486984e-13,-2.1569639739301928e-11,-5.976259390899764e-10,-0.0001448462961253654,4.7214993146223365e-9,-0.00010581058040104173,-7.513419215726023e-15,-2.1781407319995395e-8,5.109122939824824e-11,-3.082125899097843e-10,-0.00010165545426246364,1.9201074629270373e-8,6.265608387319041e-13,2.0287869648559695e-10,-8.748370977399466e-7,-2.300119333081996e-7,3.965289698507202e-12,0.00021314247354045632,1.4973051296765796e-5,2.9021700375606737e-11,-8.112598020459837e-10,4.2904407196876594e-10,-1.470746955700072e-10,1.4577181474226387e-13,2.142400623429513e-7,1.3899937268875934e-10,-0.0008896193869077913,5.417721129039098e-5,-7.797031292377758e-8,-0.00018411988975353593,7.109002416512617e-11,-1.140546421291842e-13,-3.5513068755177404e-14,5.6251486534165834e-6,-1.5224136797249939e-7,-6.224207292964154e-6,-0.0017497964987274255,1.1317951386523196e-12,-2.4318662152800948e-8,-4.468351785787475e-14,9.65491838926243e-11,-2.6711730723593018e-11,7.1544660154516e-13,-3.578203526213467e-5,1.0933747872399461e-11,5.1391237333094376e-8,1.8130739704071883e-6,2.256848318817496e-5,3.2721979533827454e-15,-2.2342685460716454e-6,1.6786907678606957e-8,1.2704824206742117e-6,-0.001452701774202004,0.0014839648994310435,-4.681976476420216e-10,2.155676772938355e-9,-3.374551728623262e-14,-3.3926856915229737e-16,3.796395159815083e-15,2.199000041396245e-6,1.767603992367763e-14,2.809370400849521e-7,-4.391231293714186e-5,3.2075381131540985e-6,0.00039466036105908055,-4.403278041560776e-8,-2.3860643433205745e-5,1.1875533301470063e-15,4.3654162325313794e-7,3.89724104464284e-6,6.218959581768673e-8,0.00012592946830482024,0.0004709164561369731,-0.00040052118930594265,-2.8230977508913558e-14,2.2789229770637436e-6,-9.907310239215537e-12,1.3232463369141391e-8,-0.007475785516251937,-1.2706899087802273e-10,-5.379291454777274e-12,1.4290923706997012e-7,1.638285228489143e-14,-1.3150915745103594e-7,2.2516212425718247e-5,4.865480464323805e-12,-8.194402103434141e-10,1.6590021272249438e-10,-2.079337477474795e-5,5.779330585365556e-11,-0.001078519041734427,-2.5297295750219986e-13,7.165889619405203e-10,-1.6181259235916658e-7,4.58534738686204e-12,-3.613475310138365e-5,-2.6323950950310493e-12,0.00020655178205403074,2.953528320309514e-5,0.008605035141383197,-7.249708380780575e-13,-3.969810070253428e-12,-9.993624080811934e-10,-2.928166254024593e-10,-0.002542104576474867,5.848381730586423e-12,3.352041877973967e-13,-2.985776185101025e-8,7.597628251458757e-6,-3.268128680495142e-13,2.2966306927771063e-10,-1.2630246633238436e-9,-1.2052372913076972e-6,1.6539803228976882e-6,1.4487244893233659e-13,-6.422755073502708e-15,-5.369117561461393e-6,-3.3649985464976345e-7,3.4027369541933032e-9,-1.9538959840378756e-12,-3.4431334738528983e-9,6.535650338262453e-6,-1.5859926794231077e-9,2.136676853829879e-11,2.6463249094773113e-11,0.00033891256794852845,4.1291735539960365e-6,-1.829917127589723e-8,4.594463304231183e-6,5.054136261317898e-7,-3.421293621236454e-7,-4.107518407407173e-14,-1.812158975241035e-14,0.0005642236474229799,1.4574925599182124e-8,-2.888604611049393e-15
0.0,0.0,0.0,0.0,0.0,0.0,0.0,0.0,0.0,0.0,0.0,0.0,0.0,0.0,0.0,0.0,0.0,0.0,0.0,0.0,0.0,0.0,0.0,0.0,0.0,0.0,0.0,0.0,0.0,0.0,0.0,0.0,0.0,0.0,0.0,0.0,0.0,0.0,0.0,0.0,0.0,0.0,0.0,0.0,0.0,0.0,0.0,0.0,0.0,0.0,0.0,0.0,0.0,0.0,0.0,0.0,0.0,0.0,0.0,0.0,0.0,0.0,0.0,0.0,0.0,0.0,0.0,0.0,0.0,0.0,0.0,0.0,0.0,0.0,0.0,0.0,0.0,0.0,0.0,0.0,0.0,0.0,0.0,0.0,0.0,0.0,0.0,0.0,0.0,0.0,0.0,0.0,0.0,0.0,0.0,0.0,0.0,0.0,0.0,0.0,0.0,0.0,0.0,0.0,0.0,0.0,0.0,0.0,0.0,0.0,0.0,0.0,0.0,0.0,0.0,0.0,0.0,0.0,0.0,0.0,0.0,0.0,0.0,0.0,0.0,0.0,0.0,0.0,0.0,0.0,0.0,0.0,0.0,0.0,0.0,0.0,0.0,0.0,0.0,0.0,0.0,0.0,0.0,0.0,0.0,0.0,0.0,0.0,0.0,0.0,0.0,0.0,0.0,0.0,0.0,0.0,0.0,0.0,0.0,0.0,0.0,0.0,0.0,0.0,0.0,0.0,0.0,0.0,0.0,0.0,0.0,0.0,0.0,0.0,0.0,0.0,0.0,0.0,0.0,0.0,0.0,0.0,0.0,0.0,0.0,0.0,0.0,0.0,0.0,0.0,0.0,0.0,0.0,0.0,0.0,0.0,0.0,0.0,0.0,0.0,0.0,0.0,0.0,0.0,0.0,0.0,0.0,0.0,0.0,0.0,0.0,0.0,0.0,0.0,0.0,0.0,0.0,0.0,0.0,0.0,0.0,0.0,0.0,0.0,0.0,0.0,0.0,0.0,0.0,0.0,0.0,0.0,0.0,0.0,0.0,0.0,0.0,0.0,0.0,0.0,0.0,0.0,0.0,0.0,0.0,0.0,0.0,0.0,0.0,0.0,0.0,0.0,0.0,0.0,0.0,0.0,0.0,0.0,0.0,0.0,0.0,0.0,0.0,0.0,0.0,0.0,0.0,0.0,0.0,0.0,0.0,0.0,0.0,0.0,0.0,0.0,0.0,0.0,0.0,0.0,0.0,0.0,0.0,0.0,0.0,0.0,0.0,0.0,0.0,0.0,0.0,0.0,0.0,0.0,0.0,0.0,0.0,0.0,0.0,0.0,0.0,0.0,0.0,0.0,0.0,0.0,0.0,0.0,0.0,0.0,0.0,0.0,0.0,0.0,0.0,0.0,0.0,0.0,0.0,0.0,0.0,0.0,0.0,0.0,0.0,0.0,0.0,0.0,0.0,0.0,0.0,0.0,0.0,0.0,0.0,0.0,0.0,0.0,0.0,0.0,0.0,0.0,0.0,0.0,0.0,0.0,0.0,0.0,0.0,0.0,0.0,0.0,0.0,0.0,0.0,0.0,0.0,0.0,0.0,0.0,0.0,0.0,0.0,0.0,0.0,0.0,0.0,0.0,0.0,0.0,0.0,0.0,0.0,0.0,0.0,0.0,0.0,0.0,0.0,0.0,0.0,0.0,0.0,0.0,0.0,0.0,0.0,0.0,0.0,0.0,0.0,0.0,0.0,0.0,0.0,0.0,0.0,0.0,0.0,0.0,0.0,0.0,0.0,0.0,0.0,0.0,0.0,0.0,0.0,0.0,0.0,0.0,0.0,0.0,0.0,0.0,0.0,0.0,0.0,0.0,0.0,0.0,0.0,0.0,0.0,0.0,0.0,0.0,0.0,0.0,0.0,0.0,0.0,0.0,0.0,0.0,0.0,0.0,0.0,0.0,0.0,0.0,0.0,0.0,0.0,0.0,0.0,0.06865286161484888,-1.3939825769512035e-10,7.453714334503818e-9,4.390345878498438e-9,-5.021155390805179e-5,7.614444058950265e-6,0.012123954363168408,0.00014904114807304448,-6.354188120890169e-8,0.00033240191928661283,3.2582610604394667e-10,-5.826689270090815e-5,3.650219638503361e-8,4.071997367405604e-9,-4.81815201934769e-9,-0.03059025686484479,4.808903076876033e-12,-5.9446035806049355e-5,-2.8725404805640736e-5,-0.00011745109513691217,-5.0011504838044615e-11,-3.6320641286326125e-11,-7.673046958862331e-12,0.0004645425711661908,-2.7749752366650695e-11,2.3667787897098563e-10,-4.172875937262745e-10,-5.16075679736462e-10,-4.3358498048757123e-5,-0.0007377927416545541,0.0020863499776722643,2.3911261222034944e-10,5.840329004181595e-10,-3.8999048905543494e-12,3.85661433580122e-5,-5.087611253035835e-10,-6.25185664925143e-6,3.0787742350895696e-5,3.7647208095018557e-6,8.551716378177879e-10,-0.0031465424900835514,0.00027736602644157194,-9.886084321710145e-10,2.603901265092875e-9,-1.765140005125819e-5,4.421130345935061e-5,-3.968656013581953e-6,-9.85955075009605e-8,-0.0022176062448948084,0.005046178568538685,-2.913673699967755e-11,-1.924459367006314e-9,-0.0005092004336253754,2.8922773655924057e-6,3.2001318970038475e-10,2.5306387306023667e-6,-9.711067776608091e-5,-1.3433309205925477e-6,0.004026480126096427,0.0006383243481493103,0.0018649052470343021,-0.0002744185851285464,1.0096873520918505e-11,-5.578889477247777e-6,1.9542278936034806e-7,0.0024612684614855407,2.7552672887196346e-6,-2.8729024696793043e-6,1.4965476469226048e-10,-1.0922837837974095e-5,-0.005755211291642411,-0.0009831319811997243,-0.001045839822478378,0.0007029274862987877,-1.2290272784067099e-10,6.463964916662257e-9,-0.0025205547886810423,5.870080363486764e-7,0.001262183112186281,-2.4068289460313504e-5,0.0008841983139578243,-0.0008278543361850805,3.671697764472574e-6,1.1361769706097648e-5,-0.0021622046256971946,8.936420587621206e-9,-1.4935076034458357e-11,-6.208111658696547e-7,-2.8983062369520942e-5,0.008751989810033778,-0.00016350550312416905,-0.0006168429089853228,8.239939275193023e-7,-0.00027519038733241335,3.176034772897674e-8,-3.093808174201745e-8,-0.00015857224373148242,1.1901393410769084e-6,0.0009413119662510192,0.00022987104620554756,-0.014798073577118064,-1.037367488414666e-11,-0.0004496167779046616,3.538471813516654e-6,-3.88374899595748e-6,-0.0008664822426422727,-5.208289247698166e-5,-0.001498332778597007,0.0006458197830632423,-3.066742978522778e-6,-1.646317144095923e-10,5.232701112329264e-6,2.245539976143211e-9,1.0177063755433086e-9,-0.00017926221239623918,8.674925993198537e-12,5.650778707117289e-6,-0.0017133332250928036,0.00017201256971909352,-1.3607269291080333e-11,1.057980347431041e-7,8.132408027490193e-5,0.00025120964629503573,1.3274707603515414e-11,4.904157214621343e-10,3.389725194962976e-5,2.1980603844929264e-9,-0.0012149185135502739,-9.026213738452833e-8,-3.063751460329328e-7,-2.3125772245443454e-6,0.00022507764812797294,0.010522140997161755,-0.0007006362229437843,3.700496868416755e-8,-2.9281594228180806e-8,0.002093720579338357,-0.0021082841676797813,-0.0034378320781076636,-8.42889809335504e-12,-3.5169816141770507e-9,-5.634270184505107e-6,-0.00034665846582733044,0.00016856320041316205,2.821016133282317e-6,-0.002717110522612638,-4.9536848175905854e-5,4.359643229276972e-5,0.0003452001251002276,-0.00012481933313765502,3.5763475598488407e-10,-1.183912674664185e-5,2.2873254303254882e-5,3.658889888383107e-12,-3.025770332823402e-6,4.677512876600764e-7,3.0270696797265926e-9,8.630496032424025e-8,-0.0001478056519792064,8.931124349600844e-6,-1.0450248771777255e-11,-2.654562331208704e-11,1.155379175850411e-11,1.6064526379042205e-5,0.00013502612534842392,-0.022055216800962608,-8.992732273506594e-8,-2.6758988075812897e-7,1.534682066523357e-12,-3.4672886741967906e-8,2.626388232294414e-9,-0.0025259867692761406,5.78413852338492e-12,-0.002079447075095401,3.175908478735395e-6,-2.7052743403800504e-6,-3.97278906815015e-9,0.0010851356236241234,0.002628947951826506,-0.0010829816874643177,-6.958017918739243e-11,-2.2729482052696448e-5,1.3523690422098012e-9,6.552091110596472e-5,1.3535523435487802e-9,0.001013520812393564,2.6908193228439275e-5,2.9970558234567683e-9,-1.3175635726031255e-5,5.397658519036091e-8,1.1338798667638961e-8,-5.011688892144095e-7,-5.966387955333216e-8,-0.002716120587088083,-1.5093863574900736e-10,4.317406560704541e-10,2.1281045974732524e-5,9.149983370455716e-8,1.3320444079663282e-9,5.382503808482029e-6,1.9822940876018582e-8,0.004408932901651122,4.1031554756435913e-7,-0.0008547871368386982,1.2920938994245856e-5,-9.725474713658656e-11,-0.00016883161712908954,-3.401588234032247e-10,-6.5504200850932565e-12,-2.5194711534414313e-6,-6.489573511924847e-5,-0.00048047570598431426,-5.405290943303541e-10,3.6215226719140084e-10,-0.001270933227305688,0.00036230823832762525,0.0004669063347549902,0.002860537569534207,-8.243016728551504e-5,-1.847759366846197e-10,-2.0629012350240656e-6,-6.244062909150896e-10,4.245707358257396e-5,-1.4295284349146334e-6,0.00370779075179181,-0.00016125222649002375,5.731988286814804e-11,-2.3338701813662259e-7,-0.0003210599679870753,-3.690065150746787e-5,5.1592233693493715e-8,4.817685758867034e-7,-0.0033774573887879454,-2.3098407902565707e-10,4.999463083536153e-9,-0.000988726261990173,6.853997720638867e-5,1.0459731407629521e-5,-2.806076620719415e-5,-0.0005297288195439109,6.649429964140541e-8,7.052336322186505e-6,-5.273732222312584e-14,-1.326648314028993e-11,-1.3014549900474038e-7,2.935378559371271e-10,0.00010128334339777354,-0.0003960926951521871,-2.059514492979637e-5,5.3795540110246605e-8,-1.1071975353549083e-6,-5.722569732949217e-9,5.543364853541733e-13,-0.002942822208790005,4.2192468025933715e-6,1.0500529348089982e-5,-0.0010837621473957042,0.0010820274993940942,-0.0013839323204697302,-8.988339780285755e-10,-0.013328967907993056,2.1068539322099234e-8,-6.015785410157212e-9,4.066755849552321e-9,-1.4009058941328425e-5,1.527423497083607e-10,3.8557530923312886e-5,-5.4606757139161246e-8,-4.274191649344386e-11,-1.2660175461750395e-10,1.1725516859605429e-5,3.52653249204321e-5,3.51675861048977e-5,1.913059003921922e-6,6.05794484808107e-6,-9.157297025031428e-8,0.0003695020442020819,5.500927814821216e-8,-8.737049139822297e-10,9.626965731207159e-9,4.441188465208214e-11,2.6993160771617925e-6,9.56975997009886e-10,3.649795733661331e-6,-2.0762935157961918e-7,-1.5197491685137106e-8,-8.532351270921408e-8,-2.0392176967451255e-10,2.553825147400014e-10,-6.169581250395502e-10,4.8712450050590576e-5,1.3357189033007727e-8,0.003981678023364241,-3.552876925987132e-6,3.26549266271061e-12,-4.2687347051003895e-5,0.0008648655012551059,-3.948879747412495e-8,-0.00013957636722125962,-4.616177537320118e-7,2.61716044305012e-10,0.0013597382202592228,2.2735593145471136e-5,-9.415224501993891e-5,2.174685511685385e-9,2.9649573322763086e-7,1.6622259737838394e-11,0.001060112579865111,-3.5604269108344366e-5,4.486782116781176e-8,0.0032507645193041506,-4.658424832772275e-10,0.0035678762311285063,-8.402893376359774e-12,-1.6401202411482838e-9,1.2880249142510967e-12,0.002237936135296206,0.0011167475975105245,-7.565189939862513e-5,-3.384875223538114e-5,-1.6519455715952192e-11,-0.0007496375474010162,0.0005289870913414665,1.769031039275798e-6,3.992941332441717e-10,0.00031367240316273646,6.9857035856907635e-6,-1.0621723019491902e-5,1.0680709442117431e-8,5.211269765967411e-8,-0.0007238905269777501,-2.375928977048854e-5,-2.0611790821789014e-9,1.0491832103710985e-7,1.676734248386993e-5,0.00011848927383730899,2.856095961860447e-6,-3.9882667873019195e-9,-1.5602103265744653e-5,0.000881882406808522,0.0004929132438878361,-8.465411772262257e-11,-1.4893003832009547e-9,-3.37189579882218e-10,3.335999098161856e-9,-1.1118784814640744e-7,-2.7428555297716653e-8,-0.0004202482668678699,0.0001296314943319089,-5.796210651415683e-12,-2.654832917335434e-7,7.4664845980593734e-6
0.0,0.0,0.0,0.0,0.0,0.0,0.0,0.0,0.0,0.0,0.0,0.0,0.0,0.0,0.0,0.0,0.0,0.0,0.0,0.0,0.0,0.0,0.0,0.0,0.0,0.0,0.0,0.0,0.0,0.0,0.0,0.0,0.0,0.0,0.0,0.0,0.0,0.0,0.0,0.0,0.0,0.0,0.0,0.0,0.0,0.0,0.0,0.0,0.0,0.0,0.0,0.0,0.0,0.0,0.0,0.0,0.0,0.0,0.0,0.0,0.0,0.0,0.0,0.0,0.0,0.0,0.0,0.0,0.0,0.0,0.0,0.0,0.0,0.0,0.0,0.0,0.0,0.0,0.0,0.0,0.0,0.0,0.0,0.0,0.0,0.0,0.0,0.0,0.0,0.0,0.0,0.0,0.0,0.0,0.0,0.0,0.0,0.0,0.0,0.0,0.0,0.0,0.0,0.0,0.0,0.0,0.0,0.0,0.0,0.0,0.0,0.0,0.0,0.0,0.0,0.0,0.0,0.0,0.0,0.0,0.0,0.0,0.0,0.0,0.0,0.0,0.0,0.0,0.0,0.0,0.0,0.0,0.0,0.0,0.0,0.0,0.0,0.0,0.0,0.0,0.0,0.0,0.0,0.0,0.0,0.0,0.0,0.0,0.0,0.0,0.0,0.0,0.0,0.0,0.0,0.0,0.0,0.0,0.0,0.0,0.0,0.0,0.0,0.0,0.0,0.0,0.0,0.0,0.0,0.0,0.0,0.0,0.0,0.0,0.0,0.0,0.0,0.0,0.0,0.0,0.0,0.0,0.0,0.0,0.0,0.0,0.0,0.0,0.0,0.0,0.0,0.0,0.0,0.0,0.0,0.0,0.0,0.0,0.0,0.0,0.0,0.0,0.0,0.0,0.0,0.0,0.0,0.0,0.0,0.0,0.0,0.0,0.0,0.0,0.0,0.0,0.0,0.0,0.0,0.0,0.0,0.0,0.0,0.0,0.0,0.0,0.0,0.0,0.0,0.0,0.0,0.0,0.0,0.0,0.0,0.0,0.0,0.0,0.0,0.0,0.0,0.0,0.0,0.0,0.0,0.0,0.0,0.0,0.0,0.0,0.0,0.0,0.0,0.0,0.0,0.0,0.0,0.0,0.0,0.0,0.0,0.0,0.0,0.0,0.0,0.0,0.0,0.0,0.0,0.0,0.0,0.0,0.0,0.0,0.0,0.0,0.0,0.0,0.0,0.0,0.0,0.0,0.0,0.0,0.0,0.0,0.0,0.0,0.0,0.0,0.0,0.0,0.0,0.0,0.0,0.0,0.0,0.0,0.0,0.0,0.0,0.0,0.0,0.0,0.0,0.0,0.0,0.0,0.0,0.0,0.0,0.0,0.0,0.0,0.0,0.0,0.0,0.0,0.0,0.0,0.0,0.0,0.0,0.0,0.0,0.0,0.0,0.0,0.0,0.0,0.0,0.0,0.0,0.0,0.0,0.0,0.0,0.0,0.0,0.0,0.0,0.0,0.0,0.0,0.0,0.0,0.0,0.0,0.0,0.0,0.0,0.0,0.0,0.0,0.0,0.0,0.0,0.0,0.0,0.0,0.0,0.0,0.0,0.0,0.0,0.0,0.0,0.0,0.0,0.0,0.0,0.0,0.0,0.0,0.0,0.0,0.0,0.0,0.0,0.0,0.0,0.0,0.0,0.0,0.0,0.0,0.0,0.0,0.0,0.0,0.0,0.0,0.0,0.0,0.0,0.0,0.0,0.0,0.0,0.0,0.0,0.0,0.0,0.0,0.0,0.0,0.0,0.0,0.0,0.0,0.0,0.0,0.0,0.0,0.0,0.0,0.0,0.0,0.0,0.0,0.0,0.0,0.0,0.0,0.0,0.0,0.0,0.0,0.0,0.0,0.0,0.0,0.0,0.0,0.0,0.0,0.0,0.0,0.0,0.0,0.0,0.0,0.0,0.0,0.0,0.0,0.0,0.0,0.046592175652823316,-0.0004916445269005369,-0.0029453480761238637,-1.7437606601839163e-12,-3.5441297087086857e-13,-1.2752187401342626e-11,1.0739432943497151e-7,-1.4611150267833038e-5,1.25645367569372e-9,-0.0076601912079292695,-1.722168682264091e-14,-1.1380018550097787e-5,-0.003189089666120576,-0.0007969458047241202,-1.9983690029188663e-11,0.0023997959517030225,2.7397927301830195e-12,-8.590930620862357e-8,-1.4645841728869166e-12,-0.00704964821848262,0.004136635297225603,0.0029950456224667812,1.3436326625416447e-12,-0.0022482751799013114,-0.0023543854627230657,-0.01453295890658456,-0.00018693058067458925,1.1914183162369942e-12,1.288330533223503e-8,-8.494091767551803e-11,-0.004392281733195607,-0.008018768656894852,-0.000956737663669425,-1.0458606228599693e-9,0.0006960017170932543,-3.6437220687169606e-14,4.185186679988761e-8,6.149689178264647e-7,-0.003468025730516735,-1.5693497995376463e-13,-4.932974128837563e-10,0.0018319355434882562,-0.00316126498878991,8.14343238798755e-8,-3.066337873186525e-7,-5.813770642781192e-7,-3.157318597401836e-5,7.597341762937705e-11,3.64840080466906e-11,0.0018215945510886837,-0.00030161809084773913,-6.329231750051915e-12,3.555840929615029e-6,-0.0018469322466819448,-8.758162496951579e-6,-1.6932508917719645e-8,-1.3412076272692006e-5,2.3345132805329677e-11,-8.740141499538358e-10,-1.6752986809273519e-9,9.516580928527458e-9,-0.00020326613737521655,-2.5137548937296432e-9,2.876948696862241e-6,9.219509623669309e-12,5.674210969930868e-13,-1.8843796084046815e-6,-0.017254409936504532,-1.0670832358559337e-12,-3.774604286853001e-12,-9.647681136953168e-13,-3.845606721083624e-11,-1.1747585487210175e-8,0.0077428194104457995,-0.0004572819198779464,-5.46196851688001e-10,1.5063883239226545e-5,4.838346209019692e-11,9.796530211626967e-12,1.724095921651036e-11,8.095860600436321e-12,-3.58610248719118e-6,4.364646181935215e-13,7.75458502727136e-12,-1.0587198574410345e-5,0.0032271068768050856,1.2728462750968035e-5,-1.7513088755742168e-7,-8.889468436013283e-12,3.938356165225195e-9,1.1414663436709115e-11,-1.4248292269663928e-6,2.097797146635725e-12,0.0008191965764457069,0.00036343328424350436,3.1639908116470745e-11,-1.3273582437915117e-6,-5.526328260345248e-11,-1.7807044167128785e-12,-3.1533739356032094e-11,-0.0008809204086864493,2.829794035899122e-10,-1.2519582822014978e-6,-1.1084260688678814e-6,-1.229567251161068e-12,3.719412588172536e-12,2.6443538887152087e-10,-4.738346798412992e-12,-6.398633214707884e-7,-0.00915505679236649,-2.317210890139536e-13,0.0008420911622143239,-0.0017051865725211536,-9.193539972150368e-13,-0.0013586043922864193,3.4663081265746375e-7,7.890518292751134e-11,-6.913112523134996e-10,0.0011789069108141547,-0.00011477434019182722,6.574423835034243e-8,-1.993374890442339e-12,0.0036481117796503286,-0.0018415655956354165,3.6959239709227736e-12,-0.0019393925654320584,2.072546669266842e-9,8.091505742760243e-6,3.6994745359290816e-7,-7.508671018916458e-7,1.9400554349492682e-9,1.3185169680423898e-10,-3.1677215123277203e-10,-5.549320927282545e-5,-2.2978056996246314e-5,-4.698854711339755e-10,-2.583384338495715e-10,-1.3105810893534982e-11,-4.835732529994424e-5,-0.0005265139595127932,-3.351373261426415e-14,-4.5321876685811456e-13,-1.4828947099287134e-8,5.11829706412142e-13,4.432104003021456e-11,-2.6279181071683142e-8,7.821659422927884e-8,5.375528961066278e-9,-6.5146147929720655e-9,-0.001004162996847381,2.4415742937806567e-7,4.098229692903742e-14,-4.799764389721753e-5,-4.498378572987177e-8,1.6479530931806764e-7,9.155961818447986e-6,2.1973619464862196e-5,3.1079451351102456e-12,-3.6782010179033444e-13,0.0009920551204905931,0.0011582913921537469,-0.0011545934169762005,-1.5694031419168266e-7,2.4195320427193412e-11,-5.4166662308968274e-11,1.3145333394597583e-5,2.0295177115882024e-5,0.00015322713637702426,9.389174541419172e-5,0.00031084311738948604,4.089291165490564e-11,-0.00039093752616424173,-1.031553643278484e-9,2.060703245881688e-10,-6.552332410125708e-7,-0.0009701130869331998,3.949419947210731e-10,2.9937192393763944e-10,2.5857253466554177e-9,-0.0026251857506259784,3.938938506806585e-13,1.6955499526750597e-5,3.986526349648712e-13,0.00019838811450609262,-2.3419252267520517e-11,-8.332523279065542e-14,0.001782896294733385,-4.695152698894298e-8,8.360901638145653e-5,7.736049049822359e-5,4.33149584659908e-6,9.527247834367249e-7,-1.5528613856956237e-11,0.0050760729122617905,-0.013245977979489438,1.1728942470553181e-8,4.722414415348497e-6,-0.003776507577709626,-2.847644168634246e-7,0.0009390380398445091,-8.409880888953525e-10,8.210242734606718e-6,1.9778937561895e-12,-2.7179599185004606e-8,0.007068671896619342,1.0877410001967568e-12,-0.0014027887057283868,-7.209453962922654e-5,-7.653784865308671e-7,2.465783880659865e-13,-2.011768664507874e-11,-0.0012600924490929295,0.006226580418159925,8.576605426184311e-10,1.985774233511e-12,9.875083796435851e-13,-4.043975539553241e-10,3.55191996311483e-9,-0.011327844206717282,4.5958358509406896e-7,0.001530429660913578,2.291416848306806e-13,-6.682639554241145e-7,1.0119466851617963e-9,1.6382623820629598e-8,0.0009429060366306013,3.897243905175848e-6,1.6498811341740886e-10,-5.17631855892213e-10,-1.84548747371085e-5,-1.1176711601420365e-5,6.16397606569286e-11,-0.009625541012327214,0.0021763252314456493,-2.245294664004268e-10,-5.4799494633660304e-8,1.0853808387567513e-8,5.475087583491022e-11,1.6064832189310644e-12,-2.9070075480260647e-5,-3.3941534766563227e-8,0.0001297992106520614,-0.002299952922107741,-1.767151836660728e-5,-0.011760883986189966,5.804738054429976e-9,-1.0986299458323392e-12,-4.308913453419264e-13,-3.144422077234341e-5,-1.0122152502112979e-5,0.00013098154591612295,-0.0010862495965378392,9.747304956513668e-12,-6.854776709126365e-7,-4.232164322085868e-14,3.502746023523453e-9,-1.3328190163188072e-10,-4.233283320113238e-12,0.001531037467305772,-1.912108963517822e-11,7.462249263670304e-5,0.00010368971739002285,0.0008124189671314319,-5.692869730704677e-14,0.0007948963983143796,-3.1117783040004135e-7,4.9620899730577215e-5,-0.0009066172606200298,0.0041194601677547295,-1.6423970979900827e-8,-2.8197957858313863e-9,-8.711681847793473e-13,-1.7511226758581094e-13,-1.6440648143937392e-13,0.00015642750689070394,-1.3679517872697102e-12,2.002241822880236e-5,-0.0016052909179256139,0.00031837027186985806,-0.0009645056349345837,-9.1521881781851e-7,0.003545216687471705,3.9514755956174286e-14,2.141419901179379e-5,0.0007608009799653864,-4.567516906157592e-7,0.017860252237794902,0.0002485990278705283,0.003049174085295175,3.276409875763961e-13,4.081234527355259e-5,-9.129119922931812e-10,1.0621754476839013e-6,0.00016247958362273937,8.003988273845056e-10,-8.926905985551275e-11,-1.8575739230616372e-7,2.7588968706227517e-12,2.1618737708037488e-5,-0.0009393553386159956,-4.040050239413559e-10,-9.673485390543594e-8,1.5243127480489727e-8,-0.0004826383605826998,-3.450931070078372e-8,-0.0013537555361590036,-1.4386768681645709e-12,-2.6616448691381877e-8,-3.6392429906624633e-6,2.411971930261471e-10,-0.0037974929261416837,1.1844746254327983e-11,0.012874485306968251,0.001029561219707814,-0.0006258924394655256,-8.268735583035487e-11,1.4956780437627903e-9,-1.6902981828519047e-9,-3.080719218535568e-9,0.0005266132508838725,-2.0500795540807502e-11,1.028808953630913e-12,4.3949705562267945e-6,9.623769936874127e-5,-1.8142305291884286e-11,3.847881371182509e-8,2.686796581080572e-7,1.4262954847462926e-5,4.0810080686002954e-5,4.557924067399851e-13,1.180337714037888e-12,0.0013173708626679362,-2.2296774842141097e-5,-4.1125686783707903e-8,-1.1590178701710006e-10,-1.870170741795022e-7,0.0021797008876844478,4.298469151666433e-8,-2.560264793298738e-10,5.228250110430585e-10,0.00788433134402388,-0.0006505327568498059,7.380326485559775e-7,6.190340193614602e-5,6.92626494524647e-5,8.60794331216764e-5,8.330204743602179e-13,-3.5793597684306387e-12,-0.0027124386690945317,1.6559439094532973e-6,-1.1287594959071926e-13
0.0,0.0,0.0,0.0,0.0,0.0,0.0,0.0,0.0,0.0,0.0,0.0,0.0,0.0,0.0,0.0,0.0,0.0,0.0,0.0,0.0,0.0,0.0,0.0,0.0,0.0,0.0,0.0,0.0,0.0,0.0,0.0,0.0,0.0,0.0,0.0,0.0,0.0,0.0,0.0,0.0,0.0,0.0,0.0,0.0,0.0,0.0,0.0,0.0,0.0,0.0,0.0,0.0,0.0,0.0,0.0,0.0,0.0,0.0,0.0,0.0,0.0,0.0,0.0,0.0,0.0,0.0,0.0,0.0,0.0,0.0,0.0,0.0,0.0,0.0,0.0,0.0,0.0,0.0,0.0,0.0,0.0,0.0,0.0,0.0,0.0,0.0,0.0,0.0,0.0,0.0,0.0,0.0,0.0,0.0,0.0,0.0,0.0,0.0,0.0,0.0,0.0,0.0,0.0,0.0,0.0,0.0,0.0,0.0,0.0,0.0,0.0,0.0,0.0,0.0,0.0,0.0,0.0,0.0,0.0,0.0,0.0,0.0,0.0,0.0,0.0,0.0,0.0,0.0,0.0,0.0,0.0,0.0,0.0,0.0,0.0,0.0,0.0,0.0,0.0,0.0,0.0,0.0,0.0,0.0,0.0,0.0,0.0,0.0,0.0,0.0,0.0,0.0,0.0,0.0,0.0,0.0,0.0,0.0,0.0,0.0,0.0,0.0,0.0,0.0,0.0,0.0,0.0,0.0,0.0,0.0,0.0,0.0,0.0,0.0,0.0,0.0,0.0,0.0,0.0,0.0,0.0,0.0,0.0,0.0,0.0,0.0,0.0,0.0,0.0,0.0,0.0,0.0,0.0,0.0,0.0,0.0,0.0,0.0,0.0,0.0,0.0,0.0,0.0,0.0,0.0,0.0,0.0,0.0,0.0,0.0,0.0,0.0,0.0,0.0,0.0,0.0,0.0,0.0,0.0,0.0,0.0,0.0,0.0,0.0,0.0,0.0,0.0,0.0,0.0,0.0,0.0,0.0,0.0,0.0,0.0,0.0,0.0,0.0,0.0,0.0,0.0,0.0,0.0,0.0,0.0,0.0,0.0,0.0,0.0,0.0,0.0,0.0,0.0,0.0,0.0,0.0,0.0,0.0,0.0,0.0,0.0,0.0,0.0,0.0,0.0,0.0,0.0,0.0,0.0,0.0,0.0,0.0,0.0,0.0,0.0,0.0,0.0,0.0,0.0,0.0,0.0,0.0,0.0,0.0,0.0,0.0,0.0,0.0,0.0,0.0,0.0,0.0,0.0,0.0,0.0,0.0,0.0,0.0,0.0,0.0,0.0,0.0,0.0,0.0,0.0,0.0,0.0,0.0,0.0,0.0,0.0,0.0,0.0,0.0,0.0,0.0,0.0,0.0,0.0,0.0,0.0,0.0,0.0,0.0,0.0,0.0,0.0,0.0,0.0,0.0,0.0,0.0,0.0,0.0,0.0,0.0,0.0,0.0,0.0,0.0,0.0,0.0,0.0,0.0,0.0,0.0,0.0,0.0,0.0,0.0,0.0,0.0,0.0,0.0,0.0,0.0,0.0,0.0,0.0,0.0,0.0,0.0,0.0,0.0,0.0,0.0,0.0,0.0,0.0,0.0,0.0,0.0,0.0,0.0,0.0,0.0,0.0,0.0,0.0,0.0,0.0,0.0,0.0,0.0,0.0,0.0,0.0,0.0,0.0,0.0,0.0,0.0,0.0,0.0,0.0,0.0,0.0,0.0,0.0,0.0,0.0,0.0,0.0,0.0,0.0,0.0,0.0,0.0,0.0,0.0,0.0,0.0,0.0,0.0,0.0,0.0,0.0,0.0,0.0,0.0,0.0,0.0,0.0,0.0,0.0,0.0,0.0,0.0,0.0,0.0,0.0,0.0,0.0,0.0,0.0,0.0,0.0,0.0,0.0,0.0,0.0,0.0,0.0,0.0,0.0,0.0,0.0,0.0,0.06231563886813327,0.013928364932210767,9.980072096605464e-12,-7.85254125990798e-12,-6.473885578490993e-9,1.7095186310598279e-6,-0.0009709819419385315,1.0022651356995018e-8,0.0008310405703329743,2.780315914188323e-11,-0.0007663824545818165,0.01852195532796656,-0.0036649433439432688,2.572078707790698e-9,-1.1163823365735734e-8,8.171377897811588e-11,-1.0741258003356527e-6,-1.3520618997564485e-11,-0.003326909976612896,0.00013549545392129583,0.00018908805945652558,-5.5712888894151e-11,0.001292961766464773,-0.000370637412289684,0.00014345915718012959,0.0020241786553289553,-1.2746991111953431e-11,-9.107262268837333e-8,-7.3031427676094735e-9,0.00022435683073693824,0.0010367063206604796,-2.4010804034716657e-5,2.8094041309418047e-7,-0.0020455314727863354,-4.03973114174843e-12,6.452211470563338e-7,2.4790310393178026e-7,-0.0002521161050932517,-1.4506235802790574e-9,-3.3915626321557933e-9,0.00788077492740029,-0.0209229338131533,-3.03545037786056e-6,1.5642989827425249e-6,1.9059913988719397e-5,0.0001695564570714334,-5.811841669295686e-9,-1.3151987661176206e-9,9.093716401833507e-5,0.0003689352412235141,-1.3226694368377115e-10,9.472960289333119e-6,-0.0053835600732785715,4.982914973529994e-5,1.5489992128424961e-7,0.00010116079236467925,1.3716993269108318e-9,9.785634290112316e-9,-1.2750254344529405e-9,-6.773516872122748e-7,-1.3864306982409131e-5,-1.5965188463362054e-6,-1.0055215279338356e-6,-8.204556823397774e-10,-9.328203632896384e-12,-3.8325226901662284e-5,0.00014403508840371286,1.6897783272924153e-12,-3.457832287034796e-10,1.6347762194044635e-10,3.809477205378072e-9,1.9384673270616214e-7,-0.0009649472211757587,0.00660291363108883,2.8182308325759385e-8,-0.00015966336068662688,1.0938721504978208e-8,-9.138883681173851e-11,2.3412711655332284e-10,-2.0074086974044313e-8,2.7946767420667076e-5,-3.0215063228628125e-12,4.968984823772355e-10,-0.0001407168239786312,-0.0003858497749941865,-0.0003312569594593951,-3.5053258797322465e-6,6.5971858513641e-11,-1.7637931982103268e-7,-5.946873745449319e-10,-1.2334369349587396e-5,5.468505214114246e-11,0.0010452583968134305,-0.0004431815280993042,9.872275770007338e-10,-1.2261762906363098e-5,2.665538932419645e-9,-7.87011692377088e-11,2.7156703183409505e-9,-8.744811263776404e-6,-4.201357721915213e-9,3.3719017171790154e-5,-9.3188011856443e-6,1.792714128535594e-10,-2.6925826318946684e-11,5.741472299565593e-8,5.370843229331005e-11,7.813998781282485e-6,-0.0005734702053087446,2.4379011451417174e-13,-0.006687635313375228,0.0036178078756904227,-4.757128427579178e-11,-0.00011866060729729392,2.1511769283389246e-5,-4.8949886683923144e-9,-2.166475653557684e-8,0.00021935429528404914,0.0012158741971282517,8.486519812283863e-7,-2.467628847709509e-11,-0.00012241616800388796,-0.002849459690965755,1.36456966691067e-10,-0.0016451550820390005,-2.1283933595694364e-9,0.00019205887503855504,-1.6450612413505104e-5,-1.668309532745405e-5,-3.1648495867418604e-8,3.0719795309851495e-9,4.943148743682094e-8,-0.0016698267361562567,0.00018902259231978478,2.1333634753891066e-9,1.0105229790736534e-9,-1.077809682755645e-9,-4.775670324494485e-5,-0.010935363725474611,-5.328010484587794e-12,-2.1206371916592212e-11,-8.832484913728285e-8,-5.999363563848706e-12,3.943057504478444e-9,1.9045010860798577e-6,-3.829076728358519e-6,-2.5071116515339964e-8,2.503392108753049e-7,-0.002780543490067646,-2.359684522690473e-6,-4.496480126718484e-12,-5.563652048866906e-6,-3.3178125766062e-7,-3.5808968940615283e-6,0.00033068462858368525,-0.00024835554861809823,4.3849704799435953e-11,1.4258429446279577e-12,5.232027386568719e-6,0.00043698628970464194,-2.4262141687394713e-5,1.632227049508397e-7,-1.5852020200573726e-10,9.108946501098681e-10,-0.000951726369971592,-6.161582792247678e-5,8.339134906892496e-5,-0.0005542953818692123,-0.003151885119834013,-2.0328547156048982e-9,-1.698864835557096e-5,-9.717386487056232e-8,2.8952256905699575e-6,4.311356389888948e-7,-0.0075765236277123855,-4.498365086895286e-8,1.959651759190998e-9,-2.686286795908005e-7,-0.00010602655841075647,-1.864344585838563e-12,0.003703790656641684,3.879539820219742e-11,-0.00354591940884605,-7.462406082651171e-10,-4.321326156413203e-12,0.0025495397908332313,5.966508954889153e-7,-0.00010499415899358337,0.0003604382451765039,0.00010964752085413298,-6.007221150015033e-6,-9.936204034379569e-10,0.0005003738805463125,-0.0014885574567716975,2.913416907748903e-7,-0.0006735694970494241,-0.0011300738171506613,-9.522286184469233e-7,-4.989206946597707e-6,4.538268681972018e-8,5.715353615821793e-5,-2.124156324689274e-10,-5.433110690348917e-7,-2.314625356464483e-5,6.488058467137307e-11,0.008077839439019303,-1.4620536634929848e-5,-3.176397599501101e-5,5.041862918118325e-12,-2.8098893528599634e-10,-0.0008888555670817142,0.0037711976111765777,-2.1534536151642365e-8,-7.095953178563363e-11,9.507982530683946e-11,-9.33848136259746e-9,-5.371423832160613e-7,-0.0009178995960702131,-6.758255977494398e-7,-0.0009835129590053291,-4.3804822427299015e-12,4.497931234949752e-6,8.211551934443513e-9,1.1008915908428632e-8,0.002419647486765981,3.7018007535044263e-6,2.764661581583867e-9,-5.976020959874617e-9,0.0006330680945095953,7.454390328357562e-5,-6.200572172886703e-10,-0.0018076264611919977,0.026404228840469515,-2.4736746684536155e-8,1.6867297556583728e-6,-2.410621679766861e-7,3.575645933828777e-8,5.492061026351617e-11,-0.000261517754896853,6.037688130387131e-7,-5.502234552414917e-6,0.001929804424083412,-0.00013687051300313808,-0.0015937096517133615,2.9211992566996464e-9,-1.1436356808718975e-10,3.678716344924257e-12,-0.0016138031971206944,-0.00024309571276101433,0.0037021936817875517,-1.2001776956049947e-5,5.768941541436774e-10,2.668634363793303e-5,1.254552321728267e-12,-1.1972992812829386e-7,-1.3275211742396553e-8,1.4655086410166813e-10,-0.006223260300121245,-2.6872777754617295e-8,0.00018272984381071533,-9.004443256708302e-5,-0.0018396590743512031,-5.234317316847198e-13,0.0015214712639555423,2.6252148775092014e-6,-0.0013172479430139882,-0.0002553773954757322,0.0004710773800886337,8.887323134831118e-7,-7.205925679407507e-8,-7.515387185604246e-12,1.4735560882511258e-12,5.821069989947936e-12,-0.001317162086898513,-1.810708402166179e-11,-0.0002514052250958946,0.01583073016751857,-0.00125018641103847,-0.000135752165753372,-3.338555731952663e-5,0.008840922461323751,5.639604019684147e-13,2.5064468617205386e-5,-0.0022863972004569747,1.1746326565695956e-5,0.0015406379725546014,-0.00023720243115920873,0.001810164604218157,1.13906016108133e-11,-0.0008161560869649401,2.078992677549359e-8,-1.0361549615840976e-5,1.4316817356648453e-5,3.3784878806441656e-7,2.5424043416006997e-9,-6.664604991820406e-5,4.8128325556349455e-11,-0.0001885165246838228,0.0009439601916405647,3.4077581874393617e-9,2.0451038969418132e-6,-1.3103782836146736e-7,0.00902812145380847,1.2333921738037824e-6,4.504730379577466e-5,3.6989333928976834e-11,-9.89040073270585e-8,0.000406371188052754,4.894428033764698e-9,-0.002074783558689301,1.6955255890179612e-10,0.0015526945927238777,0.0013573820990417337,9.782470175516971e-6,2.1532036663951047e-10,-3.274897129652029e-8,-6.768405648080373e-7,5.288030522996951e-7,0.00023499160453743136,-5.364352365420894e-9,1.2794911581854743e-10,8.573481124268151e-5,-0.003869666604371727,-2.1605628930597824e-10,-1.2169548184151018e-6,-4.984462368011097e-7,0.00015507545617208732,-0.0003535697417421867,-3.141567648944742e-11,1.2526272794839142e-12,-0.006844518453141661,0.00015715747659132587,4.338054705435592e-6,-2.3980898205446637e-9,1.7905114347120998e-6,0.01523000909038325,-2.0458454799494285e-6,-4.840858934592972e-9,4.125950942981577e-9,0.0006406559141097001,-0.0019475328873972426,-3.301318192344744e-5,0.001717598524294136,-6.0623097611359403e-5,0.0005196739692698458,4.370051694538704e-12,-1.4357052290994847e-10,9.94076436288704e-5,-4.95727835449682e-5,1.1095832563481841e-12
0.0,0.0,0.0,0.0,0.0,0.0,0.0,0.0,0.0,0.0,0.0,0.0,0.0,0.0,0.0,0.0,0.0,0.0,0.0,0.0,0.0,0.0,0.0,0.0,0.0,0.0,0.0,0.0,0.0,0.0,0.0,0.0,0.0,0.0,0.0,0.0,0.0,0.0,0.0,0.0,0.0,0.0,0.0,0.0,0.0,0.0,0.0,0.0,0.0,0.0,0.0,0.0,0.0,0.0,0.0,0.0,0.0,0.0,0.0,0.0,0.0,0.0,0.0,0.0,0.0,0.0,0.0,0.0,0.0,0.0,0.0,0.0,0.0,0.0,0.0,0.0,0.0,0.0,0.0,0.0,0.0,0.0,0.0,0.0,0.0,0.0,0.0,0.0,0.0,0.0,0.0,0.0,0.0,0.0,0.0,0.0,0.0,0.0,0.0,0.0,0.0,0.0,0.0,0.0,0.0,0.0,0.0,0.0,0.0,0.0,0.0,0.0,0.0,0.0,0.0,0.0,0.0,0.0,0.0,0.0,0.0,0.0,0.0,0.0,0.0,0.0,0.0,0.0,0.0,0.0,0.0,0.0,0.0,0.0,0.0,0.0,0.0,0.0,0.0,0.0,0.0,0.0,0.0,0.0,0.0,0.0,0.0,0.0,0.0,0.0,0.0,0.0,0.0,0.0,0.0,0.0,0.0,0.0,0.0,0.0,0.0,0.0,0.0,0.0,0.0,0.0,0.0,0.0,0.0,0.0,0.0,0.0,0.0,0.0,0.0,0.0,0.0,0.0,0.0,0.0,0.0,0.0,0.0,0.0,0.0,0.0,0.0,0.0,0.0,0.0,0.0,0.0,0.0,0.0,0.0,0.0,0.0,0.0,0.0,0.0,0.0,0.0,0.0,0.0,0.0,0.0,0.0,0.0,0.0,0.0,0.0,0.0,0.0,0.0,0.0,0.0,0.0,0.0,0.0,0.0,0.0,0.0,0.0,0.0,0.0,0.0,0.0,0.0,0.0,0.0,0.0,0.0,0.0,0.0,0.0,0.0,0.0,0.0,0.0,0.0,0.0,0.0,0.0,0.0,0.0,0.0,0.0,0.0,0.0,0.0,0.0,0.0,0.0,0.0,0.0,0.0,0.0,0.0,0.0,0.0,0.0,0.0,0.0,0.0,0.0,0.0,0.0,0.0,0.0,0.0,0.0,0.0,0.0,0.0,0.0,0.0,0.0,0.0,0.0,0.0,0.0,0.0,0.0,0.0,0.0,0.0,0.0,0.0,0.0,0.0,0.0,0.0,0.0,0.0,0.0,0.0,0.0,0.0,0.0,0.0,0.0,0.0,0.0,0.0,0.0,0.0,0.0,0.0,0.0,0.0,0.0,0.0,0.0,0.0,0.0,0.0,0.0,0.0,0.0,0.0,0.0,0.0,0.0,0.0,0.0,0.0,0.0,0.0,0.0,0.0,0.0,0.0,0.0,0.0,0.0,0.0,0.0,0.0,0.0,0.0,0.0,0.0,0.0,0.0,0.0,0.0,0.0,0.0,0.0,0.0,0.0,0.0,0.0,0.0,0.0,0.0,0.0,0.0,0.0,0.0,0.0,0.0,0.0,0.0,0.0,0.0,0.0,0.0,0.0,0.0,0.0,0.0,0.0,0.0,0.0,0.0,0.0,0.0,0.0,0.0,0.0,0.0,0.0,0.0,0.0,0.0,0.0,0.0,0.0,0.0,0.0,0.0,0.0,0.0,0.0,0.0,0.0,0.0,0.0,0.0,0.0,0.0,0.0,0.0,0.0,0.0,0.0,0.0,0.0,0.0,0.0,0.0,0.0,0.0,0.0,0.0,0.0,0.0,0.0,0.0,0.0,0.0,0.0,0.0,0.0,0.0,0.0,0.0,0.0,0.0,0.0,0.0,0.0,0.0,0.0,0.0,0.0,0.0,0.0,0.0,0.0,0.0,0.0,0.0,0.0,0.0,0.0,0.0,0.0,0.0,0.050194120172527674,-8.571269668815545e-12,1.5274663170332095e-12,9.660399681944578e-10,6.807916552572618e-7,0.0010085454319132157,-9.896774944930737e-11,0.0020505603291068554,1.1999247196008006e-11,0.0005486601455166192,0.002351690565771007,0.0009654586615180557,-1.907031253900571e-9,-4.659815415153419e-5,6.655180079457686e-11,3.2493699326613277e-6,1.9172242173859915e-11,0.0024747672644385606,1.115814867150191e-5,-0.0006590206909186272,2.546800174933809e-12,0.0002176744177138968,0.00025957247823694317,8.77173015869738e-5,-0.004181228433101351,3.8572009808899e-12,-1.350827439954767e-7,-5.18553698961391e-9,0.00023402322405483152,-0.0017490982655735223,1.1579730129706844e-5,-2.136477863422073e-8,0.0030151989605750155,-2.9948255393209003e-12,-1.0136113989482522e-7,-7.2700125919575905e-6,0.004387429154001205,-8.588791743079618e-10,-7.252142185541872e-9,-0.01839818014784332,0.003750264406368257,1.2922651531633094e-6,2.791545671264327e-6,7.0526982256629296e-6,-0.00017117530875481758,-9.927897422396785e-10,3.6307130122723423e-10,2.206989052394174e-5,-8.098100463399869e-5,4.111051249609442e-11,8.479178573911824e-5,0.003253962175707708,9.460742000694507e-5,-2.7161841977491617e-7,-0.00022607281697978223,1.2546141681114594e-9,5.399175260706373e-8,2.6809404218087477e-8,1.526708806920546e-7,4.2554283673573726e-5,1.3239264800549182e-8,-9.537247577149464e-6,1.1069901444486926e-10,1.847319991140169e-12,1.1870341309088612e-5,-0.00030457022191523087,-2.7343158602986523e-12,6.086209858253609e-10,5.085903828168333e-11,-2.1105541356008642e-10,6.221704014767349e-8,0.000226352051229688,0.004081429909366577,-1.5573084517672052e-9,0.0001830238327711658,1.4550590249113702e-8,6.639850132148211e-11,-2.4315656408755167e-11,-4.213021889939328e-9,-5.2053004913261595e-5,1.0496064911732614e-11,1.209459169259834e-10,7.423422855568465e-5,0.00026141496204647836,5.4118033815793535e-5,3.1545197838425283e-6,-8.236257440549279e-11,-2.9876932888496773e-8,4.6423414379862435e-10,5.4533758661375536e-6,-1.981568303609674e-12,-0.011592451520206645,-0.0026884190578852648,6.479971076266634e-10,-5.646095361279863e-7,1.0730194655228308e-9,-1.070810345484811e-11,-3.760899925540317e-10,-0.00016389142913736493,3.2454449749462097e-10,0.00014132127797362784,-2.162300459416592e-6,1.0920331399076069e-11,1.703702144362521e-11,-2.149744805531931e-8,-3.7182149654467777e-11,-4.905736592536795e-6,0.00038897909378792997,2.5437889443717007e-15,-0.0001318958650643735,0.0037219101931185604,1.2073485779188352e-11,2.1381659287588906e-5,2.936274816841291e-5,-1.18074433534773e-9,-3.5365042284230614e-8,-0.00013584499522848465,0.001343585072122161,4.217840106241294e-7,-2.3301043066985914e-11,-0.00022918613784949466,0.00023071531459740508,8.188229536241718e-11,0.0011905190373516041,-2.468787747015578e-8,-0.0006504005249786382,5.8607413054485165e-6,1.4323124629559717e-5,-9.584276619916566e-9,-3.7399017786621745e-10,-6.356545930408256e-9,0.004733249326798198,-0.000268291721280888,-5.116205844994132e-9,-5.32576070815073e-10,-4.676808198958695e-10,4.5685336456153324e-5,0.016467891957197896,-1.9983384389906664e-12,5.952022404879893e-11,-1.1377067638468242e-7,2.9874435100568886e-12,3.986189098929706e-10,-8.071123253370905e-7,-4.1718922605211004e-7,-2.841600483649093e-9,-1.535337686441728e-7,-0.0010736787017951342,7.103096140427604e-6,-1.3259916355249045e-13,-1.7465626427158297e-5,-8.02396058154379e-7,3.6971874294736587e-6,-0.0002719545335822199,0.0017928770163408568,2.4468361173634085e-11,-4.098827452312251e-12,9.899350858689222e-6,-0.0005355515372389436,-1.636917994270386e-5,-2.105250125119208e-7,-6.411272300644977e-11,-4.2471555189421153e-10,0.0003838421935011365,0.00029198603191003635,8.240118889661993e-6,7.222444227841531e-6,-0.011752244515978717,-1.3766057067684467e-9,2.4315896711529042e-5,-3.105799923194493e-8,3.1935755472409505e-6,-2.9456768995803203e-5,0.004815098441676308,3.3821946393044436e-8,2.8030637104626014e-9,8.177729520107367e-8,0.00012172224261245238,1.0698062623763162e-12,-0.015188383484731229,2.5799627053884667e-10,-0.0007739374920122927,-1.769506032971681e-10,-3.4641003764468765e-13,-0.0007621431912785368,-1.8356743403913736e-6,0.00010647872809849975,0.0011483455242027652,-4.805940398408634e-5,-2.48148913659679e-6,6.493879125701363e-11,0.0005015878950678756,0.0019038680888673728,2.888821761655581e-7,4.8383333539299696e-5,0.0061303285235802165,-1.3785461249999934e-6,-0.002770761102813237,1.0498218813844291e-8,-5.0752914791665505e-5,8.495806565479144e-11,1.1985320253993482e-8,-0.0002723681456114377,-9.01477375009177e-12,0.0036578897495094733,2.6738443747198648e-5,1.348137444271706e-6,-5.208138264819232e-12,-1.3266208659601288e-10,-0.002086215616218305,0.005538462972881886,1.1446027525309665e-8,-4.8473737338344523e-11,-1.5181646248068438e-10,6.3016530859173446e-9,-5.105876949257939e-8,0.002293144864396273,3.3998585215844257e-6,0.0010006001902865972,7.660250573396201e-12,-7.0672092754675585e-6,7.412446378864078e-9,3.362724124792359e-8,0.0010587775017273657,-3.3109396026184574e-5,8.535551735087082e-10,-3.2670025504427124e-8,-0.0004593904690216967,-4.756342994026981e-5,-1.7342099570947004e-10,0.002487581381002038,-0.016224092521027817,-7.569001047041775e-9,-8.833392939471071e-7,-1.5715911268786359e-6,-1.0257267906811994e-7,-2.0891788963218335e-11,0.00029746123458584283,-2.6170194877100273e-7,1.0797960258193643e-5,-0.0012141854254456514,4.045486814487564e-5,0.0014016043298230023,-2.5870592671947087e-8,5.691474150813472e-11,2.7057336683263506e-12,0.0028541846966618238,-0.00011203796121114571,0.005135258663370986,-0.00012504540048908266,1.6977157181148647e-11,-7.083666877963532e-6,1.0859906504942018e-11,-1.959707053227132e-9,7.877757757289596e-10,-3.405398135249486e-12,0.005632158191585887,-4.654947075155671e-9,0.00025593938649156803,0.0006341752018230307,0.0024897291912613223,1.302467913819148e-12,-0.0008010010618343795,-3.1853672608560647e-6,0.0003916841863154494,-0.00010368604978498542,-0.00017864341758556476,-3.9634265918413773e-7,1.4159363241268372e-6,1.9490030310190326e-12,-6.937838852791454e-13,-3.883295055327972e-12,0.0011636505610728425,-4.094213499375284e-11,7.333306618463359e-5,0.011699161337161774,0.0005805641332637594,7.669599018361702e-5,3.7322197937336687e-5,-0.0019098353997811805,-5.439388023864765e-13,-4.357070048214464e-5,-0.000656468037108012,-2.4219772719509106e-5,-0.0008780874514570069,0.00016833383221991373,-0.00018842510656057635,9.927348643176393e-12,-0.0002898051406899512,7.939154533640703e-9,9.234089859766765e-6,0.0001007914789853497,3.598898117524724e-8,3.727351085852108e-10,0.0001062897038458064,3.464892779156934e-11,4.5663787903481045e-5,-0.007895177691113926,-6.607848777526957e-9,-7.55993629672622e-7,1.5891048396241847e-7,-0.0062210700778418575,-2.2937392028519806e-7,-1.809605585040347e-5,1.1190984767021571e-10,5.852179702411528e-7,-0.00026088723602106566,-1.3021319322606131e-9,-0.0003870660774978178,8.735651783819121e-10,-0.0025547987644308004,-0.0033800530871131444,-4.0452475576239646e-6,-8.479620658732899e-10,4.1861850182232375e-8,-2.610129393617703e-7,4.321004072082189e-7,-9.403227441179512e-5,-1.6590712014785466e-9,-6.727608430253902e-11,7.412161898753845e-6,0.0073010618591061345,-9.381684593230663e-11,9.557061516698487e-7,1.7590658949287688e-6,-0.0006272421339980718,0.001919329884753728,-7.379965000201383e-12,5.60294531202765e-12,-0.007187139714654306,-0.0003512712957740718,-6.609116916930366e-7,-2.3292387165641728e-9,1.932390984613056e-6,-0.0059039009234623276,6.489358292321046e-7,-3.5674235833899804e-9,5.384417281751182e-9,-0.00036768260640301014,0.0020727965015391904,1.8190770594472865e-6,-0.003240996411664634,-0.0001802222720551979,-0.0010263258959079932,9.628495713934897e-12,1.3410097785653212e-11,8.22875670665399e-5,2.4148346349442094e-5,-2.174418278430742e-12
0.0,0.0,0.0,0.0,0.0,0.0,0.0,0.0,0.0,0.0,0.0,0.0,0.0,0.0,0.0,0.0,0.0,0.0,0.0,0.0,0.0,0.0,0.0,0.0,0.0,0.0,0.0,0.0,0.0,0.0,0.0,0.0,0.0,0.0,0.0,0.0,0.0,0.0,0.0,0.0,0.0,0.0,0.0,0.0,0.0,0.0,0.0,0.0,0.0,0.0,0.0,0.0,0.0,0.0,0.0,0.0,0.0,0.0,0.0,0.0,0.0,0.0,0.0,0.0,0.0,0.0,0.0,0.0,0.0,0.0,0.0,0.0,0.0,0.0,0.0,0.0,0.0,0.0,0.0,0.0,0.0,0.0,0.0,0.0,0.0,0.0,0.0,0.0,0.0,0.0,0.0,0.0,0.0,0.0,0.0,0.0,0.0,0.0,0.0,0.0,0.0,0.0,0.0,0.0,0.0,0.0,0.0,0.0,0.0,0.0,0.0,0.0,0.0,0.0,0.0,0.0,0.0,0.0,0.0,0.0,0.0,0.0,0.0,0.0,0.0,0.0,0.0,0.0,0.0,0.0,0.0,0.0,0.0,0.0,0.0,0.0,0.0,0.0,0.0,0.0,0.0,0.0,0.0,0.0,0.0,0.0,0.0,0.0,0.0,0.0,0.0,0.0,0.0,0.0,0.0,0.0,0.0,0.0,0.0,0.0,0.0,0.0,0.0,0.0,0.0,0.0,0.0,0.0,0.0,0.0,0.0,0.0,0.0,0.0,0.0,0.0,0.0,0.0,0.0,0.0,0.0,0.0,0.0,0.0,0.0,0.0,0.0,0.0,0.0,0.0,0.0,0.0,0.0,0.0,0.0,0.0,0.0,0.0,0.0,0.0,0.0,0.0,0.0,0.0,0.0,0.0,0.0,0.0,0.0,0.0,0.0,0.0,0.0,0.0,0.0,0.0,0.0,0.0,0.0,0.0,0.0,0.0,0.0,0.0,0.0,0.0,0.0,0.0,0.0,0.0,0.0,0.0,0.0,0.0,0.0,0.0,0.0,0.0,0.0,0.0,0.0,0.0,0.0,0.0,0.0,0.0,0.0,0.0,0.0,0.0,0.0,0.0,0.0,0.0,0.0,0.0,0.0,0.0,0.0,0.0,0.0,0.0,0.0,0.0,0.0,0.0,0.0,0.0,0.0,0.0,0.0,0.0,0.0,0.0,0.0,0.0,0.0,0.0,0.0,0.0,0.0,0.0,0.0,0.0,0.0,0.0,0.0,0.0,0.0,0.0,0.0,0.0,0.0,0.0,0.0,0.0,0.0,0.0,0.0,0.0,0.0,0.0,0.0,0.0,0.0,0.0,0.0,0.0,0.0,0.0,0.0,0.0,0.0,0.0,0.0,0.0,0.0,0.0,0.0,0.0,0.0,0.0,0.0,0.0,0.0,0.0,0.0,0.0,0.0,0.0,0.0,0.0,0.0,0.0,0.0,0.0,0.0,0.0,0.0,0.0,0.0,0.0,0.0,0.0,0.0,0.0,0.0,0.0,0.0,0.0,0.0,0.0,0.0,0.0,0.0,0.0,0.0,0.0,0.0,0.0,0.0,0.0,0.0,0.0,0.0,0.0,0.0,0.0,0.0,0.0,0.0,0.0,0.0,0.0,0.0,0.0,0.0,0.0,0.0,0.0,0.0,0.0,0.0,0.0,0.0,0.0,0.0,0.0,0.0,0.0,0.0,0.0,0.0,0.0,0.0,0.0,0.0,0.0,0.0,0.0,0.0,0.0,0.0,0.0,0.0,0.0,0.0,0.0,0.0,0.0,0.0,0.0,0.0,0.0,0.0,0.0,0.0,0.0,0.0,0.0,0.0,0.0,0.0,0.0,0.0,0.0,0.0,0.0,0.0,0.0,0.0,0.0,0.0,0.0,0.0,0.0,0.0,0.0,0.0,0.0,0.0,0.0,0.0,0.0,0.0,0.0,0.0,0.0,0.0,0.0,0.0,0.06765116272047308,-0.004442652870397669,5.0652596958231533e-5,3.118770828026155e-8,-1.3251608085584132e-10,-4.322604539967799e-6,1.7381288976818144e-13,0.01699524362236176,1.8001049384030626e-10,2.0694700979207633e-12,-1.1383204411329846e-11,0.00017060867204834258,1.0593680556198467e-14,-0.007342100707550192,-6.677326359864956e-8,0.001074897532184513,1.1217819002734017e-12,1.5692172839144027e-14,-6.253193684837884e-14,-0.004740002715465959,-3.309018773925609e-13,2.5199935115098746e-13,-4.701284684406786e-14,-1.008172703380373e-11,-0.0027978000694314576,-8.662911612794657e-7,6.806272952230093e-5,2.4372479091598717e-13,-2.408495071042035e-13,-1.0002233644887981e-14,-6.080951199277087e-7,-1.0297238067061056e-12,0.0036055410840396002,-2.920982206638811e-7,9.48230205559973e-9,1.4636456397810437e-12,2.7046367284370975e-5,1.7134533324255122e-5,-2.1408720711926172e-12,3.072987153459858e-12,-3.0031640869867007e-7,4.916142958878651e-8,-1.1278568332030224e-8,1.070881025011706e-9,-2.4114280731490778e-5,-0.00035295103397340916,1.020878251456581e-14,-4.369192627936701e-13,0.0018361907261528517,-4.0950711649149035e-9,5.183601443025937e-12,6.5405649729817376e-9,1.8460720956806897e-6,-1.8395632039365094e-11,4.277898560613355e-5,9.968187040729636e-7,-2.1305504232132404e-6,-1.2013923717690697e-6,2.5644075245271424e-14,3.157529032233755e-7,1.0637185464853456e-9,-0.000870599776441451,-0.0014597642381888709,5.518963756459733e-9,6.424197047909004e-14,0.034494480145515205,0.0005592001212528371,0.00014031554030095788,-4.4511878039191355e-6,1.7194735905444037e-6,9.238113485156124e-14,3.158961140332135e-11,-4.0443948741312976e-7,5.741132077218169e-10,-5.526588762859861e-6,-0.0004636348598041345,-0.0006211767635638001,-2.933849288321207e-6,8.01579510486734e-9,-0.009092273069889772,-0.00022856191914496666,1.6295881329628113e-10,1.590277101652816e-13,-1.9377070787089948e-10,4.797631943939961e-8,2.9376110326671082e-5,2.1964462231542052e-6,-0.00017201093441041206,-4.988034007322531e-10,-0.005264524282749993,6.207233386104887e-11,-7.957472578733633e-11,-0.00048364265436770667,-2.9609393939039263e-10,-4.455860785225674e-6,0.0010361345320555016,0.00010462128616814707,-1.502949306658882e-14,-2.6138957034238644e-5,3.1731491784709e-9,-4.07467539075669e-9,0.000660227658689844,-0.0018633949974424,-7.641401853910804e-6,-0.0011338277678785396,-2.9343127920179826e-9,-2.4887215646499493e-13,0.006559521106699431,5.709824498222321e-12,9.136354248550432e-13,0.005315206171727837,-1.6135676350024602e-15,6.317717199529833e-9,-1.3158364030784812e-6,3.4782794654559402e-6,-1.8100354784191192e-14,3.594585623831455e-10,1.1929752030935908e-7,-0.000497863712214878,1.1242098634111864e-13,1.5656065893799833e-12,0.0001980484735220738,3.0524845927433357e-12,8.790216990670706e-7,-2.860843620682437e-10,4.976186152362136e-10,9.704731682170126e-9,-5.287148688420911e-7,-0.0002575854105850846,-5.789448276342835e-6,2.8973896310337656e-11,3.987587422287277e-10,9.496625610303088e-6,4.685520967229762e-5,-1.3382374406158852e-5,-1.0451028684266e-14,-4.103058276408069e-12,0.0053332091454466185,-9.609274111111643e-5,5.17428125974226e-7,-0.007573624012794733,2.5834960561365895e-5,6.445139313102274e-7,1.1274602621674993e-7,7.870972938575022e-7,-4.6526364755027683e-7,4.628680545060948e-12,9.379087523867334e-9,-0.00221267921875105,3.9501710942733895e-15,1.5169494047053584e-8,-8.559911285605843e-9,-4.9418576945051505e-11,-2.3692351332964316e-10,-0.012682685824450727,-0.004063991056522386,9.08085232067502e-15,-1.1069361356059468e-13,-2.4212425507381172e-15,1.0003743998018378e-7,8.496554448003377e-5,0.0001803525693675236,-1.476838702814864e-10,-1.3008586179629437e-9,-1.6576407141511146e-14,-3.3876145042014077e-10,4.580477256637342e-12,4.4940787774094655e-5,-6.083223636750459e-15,-1.0437843125936156e-6,1.6956786169218362e-8,2.330447580848867e-9,-4.136448454100363e-12,2.053252892381895e-6,-1.2688721627647045e-5,-1.3897238790170858e-6,-8.515944240851589e-14,-0.003685655377854361,1.2336052449807232e-11,0.0001696118788145023,-4.5329641242213376e-12,2.040627556014583e-5,0.0007965349731272108,2.789386443609437e-12,7.196925971880755e-8,-2.5421548920069757e-11,-3.7056781297887276e-11,9.555152592248619e-10,9.189528588952012e-10,-4.930790759856676e-5,-2.0247594056311631e-13,4.614718154283119e-13,-7.588971580578268e-7,5.326735531558523e-11,2.885302753938805e-12,8.441267305401829e-9,4.053158983069219e-11,9.201542116829833e-6,-5.353635535549531e-10,0.0016871254562040778,1.0390791288869657e-7,-9.133796388621586e-14,0.0023148602884442244,-2.158618627021394e-12,-1.0197208620919735e-15,1.3163624923779564e-9,5.307414237211816e-5,-0.00023741061578474326,3.444088208951743e-13,-1.652451235617737e-12,-2.1452846403135214e-6,0.0006051540437732728,0.000804636987237225,-7.978330375577065e-6,-1.980661832907874e-7,1.6892229816562285e-13,-6.411054948331971e-9,-4.791653759576494e-13,-0.0006271450222859547,-2.3856095874424547e-10,5.5023104894575e-6,3.7240789244348577e-7,-3.157691585320747e-13,1.0239995711551337e-9,-0.00018282981644400756,1.2938432871126525e-7,6.79998294790859e-10,1.719929298483763e-9,-0.00010996000053006914,7.143693416354562e-13,1.7650489606751609e-12,7.3868825688652e-7,6.673833443455724e-7,-9.313472472537824e-9,-1.590752120050574e-7,0.0003460055052855588,3.381823523777682e-11,-9.065395904602329e-8,2.2334467426083558e-15,2.2304622621245587e-13,-1.2626922005201874e-10,8.183346513024863e-13,-5.125865411566721e-8,0.0018709327497303946,-0.010487108824232906,-1.7800517191980211e-12,-7.541175269038022e-10,-2.1587176392650453e-11,-1.1321745209461578e-14,7.091564821058458e-5,-1.1674134658257117e-10,-0.005363984785964488,4.7195132006963327e-7,1.4747806714730239e-5,0.00011937659902559321,-1.8015139715339068e-12,2.012343263543184e-5,-1.2537367050834896e-11,-5.901227274129478e-10,-3.2387794113889777e-13,-0.0001824485472452545,-2.3095822567275218e-14,6.080752622459842e-8,-1.130504413403652e-10,2.3128489186959223e-14,-1.099145948425628e-14,7.839949390093156e-8,1.2876066227370239e-8,0.026917168831043663,0.006543196315068716,-0.00010655518778397618,-1.4608058052069045e-10,-0.0030497707663562717,-5.855499347732723e-10,-8.173279107896212e-12,-5.2217101749193574e-11,9.815804013489968e-14,2.8690683570916847e-9,-1.349475710541788e-12,0.0003368322251615185,-2.7685822624621285e-10,-3.854146848060181e-11,-3.784689969240037e-9,-1.642395679609746e-12,3.1723939638366034e-13,-1.5236102876517284e-12,-0.005641280490864231,-3.871026266427331e-11,7.561728209568565e-6,2.232698609725587e-9,2.8272776754343543e-14,-9.134336955506819e-7,2.9443717561999215e-5,-9.143165084776432e-10,-0.00634895689502202,-7.968380605677208e-10,7.974106874211379e-13,4.468798127825065e-5,-3.6194516848803156e-9,-5.88231879350869e-7,1.704632245425657e-11,-4.4606080193093245e-8,-1.7297889016759193e-14,-0.00034863957979058683,-1.9240346023662213e-7,3.433601850735752e-10,-3.308740220633257e-6,2.530163003803477e-13,-0.0001741603533400765,-6.701282665887637e-13,-1.3477862351634693e-12,-1.7295987106999288e-14,0.00023255663998228226,-2.868721012322344e-6,-5.054526695872738e-8,-1.1488088157958501e-7,-8.427156212610161e-14,2.4503803923994604e-5,-0.0003345427551771106,7.68433430822531e-10,-8.739025262346155e-12,0.0005914291199414719,4.166227653223109e-8,-3.2771318618710695e-8,1.380565699218753e-10,-9.6575754390662e-11,0.0013198644922349685,-0.012670385587684335,-2.86863799588222e-12,2.7898568305894805e-10,-1.0840741992947415e-8,1.4953581581699382e-5,1.9292485731582033e-8,-4.968517036232451e-12,5.791004900509621e-8,6.460105995959786e-6,4.364350959988296e-6,-1.8922134604196538e-13,-1.3349778640286958e-12,2.6984677108515403e-11,1.9102454808694673e-12,-3.0737893877536935e-10,3.704402342416746e-11,0.00197388358984141,0.0018937195425073052,-7.82655964241515e-14,1.6261707300192602e-9,0.0025560421714368084
0.0,0.0,0.0,0.0,0.0,0.0,0.0,0.0,0.0,0.0,0.0,0.0,0.0,0.0,0.0,0.0,0.0,0.0,0.0,0.0,0.0,0.0,0.0,0.0,0.0,0.0,0.0,0.0,0.0,0.0,0.0,0.0,0.0,0.0,0.0,0.0,0.0,0.0,0.0,0.0,0.0,0.0,0.0,0.0,0.0,0.0,0.0,0.0,0.0,0.0,0.0,0.0,0.0,0.0,0.0,0.0,0.0,0.0,0.0,0.0,0.0,0.0,0.0,0.0,0.0,0.0,0.0,0.0,0.0,0.0,0.0,0.0,0.0,0.0,0.0,0.0,0.0,0.0,0.0,0.0,0.0,0.0,0.0,0.0,0.0,0.0,0.0,0.0,0.0,0.0,0.0,0.0,0.0,0.0,0.0,0.0,0.0,0.0,0.0,0.0,0.0,0.0,0.0,0.0,0.0,0.0,0.0,0.0,0.0,0.0,0.0,0.0,0.0,0.0,0.0,0.0,0.0,0.0,0.0,0.0,0.0,0.0,0.0,0.0,0.0,0.0,0.0,0.0,0.0,0.0,0.0,0.0,0.0,0.0,0.0,0.0,0.0,0.0,0.0,0.0,0.0,0.0,0.0,0.0,0.0,0.0,0.0,0.0,0.0,0.0,0.0,0.0,0.0,0.0,0.0,0.0,0.0,0.0,0.0,0.0,0.0,0.0,0.0,0.0,0.0,0.0,0.0,0.0,0.0,0.0,0.0,0.0,0.0,0.0,0.0,0.0,0.0,0.0,0.0,0.0,0.0,0.0,0.0,0.0,0.0,0.0,0.0,0.0,0.0,0.0,0.0,0.0,0.0,0.0,0.0,0.0,0.0,0.0,0.0,0.0,0.0,0.0,0.0,0.0,0.0,0.0,0.0,0.0,0.0,0.0,0.0,0.0,0.0,0.0,0.0,0.0,0.0,0.0,0.0,0.0,0.0,0.0,0.0,0.0,0.0,0.0,0.0,0.0,0.0,0.0,0.0,0.0,0.0,0.0,0.0,0.0,0.0,0.0,0.0,0.0,0.0,0.0,0.0,0.0,0.0,0.0,0.0,0.0,0.0,0.0,0.0,0.0,0.0,0.0,0.0,0.0,0.0,0.0,0.0,0.0,0.0,0.0,0.0,0.0,0.0,0.0,0.0,0.0,0.0,0.0,0.0,0.0,0.0,0.0,0.0,0.0,0.0,0.0,0.0,0.0,0.0,0.0,0.0,0.0,0.0,0.0,0.0,0.0,0.0,0.0,0.0,0.0,0.0,0.0,0.0,0.0,0.0,0.0,0.0,0.0,0.0,0.0,0.0,0.0,0.0,0.0,0.0,0.0,0.0,0.0,0.0,0.0,0.0,0.0,0.0,0.0,0.0,0.0,0.0,0.0,0.0,0.0,0.0,0.0,0.0,0.0,0.0,0.0,0.0,0.0,0.0,0.0,0.0,0.0,0.0,0.0,0.0,0.0,0.0,0.0,0.0,0.0,0.0,0.0,0.0,0.0,0.0,0.0,0.0,0.0,0.0,0.0,0.0,0.0,0.0,0.0,0.0,0.0,0.0,0.0,0.0,0.0,0.0,0.0,0.0,0.0,0.0,0.0,0.0,0.0,0.0,0.0,0.0,0.0,0.0,0.0,0.0,0.0,0.0,0.0,0.0,0.0,0.0,0.0,0.0,0.0,0.0,0.0,0.0,0.0,0.0,0.0,0.0,0.0,0.0,0.0,0.0,0.0,0.0,0.0,0.0,0.0,0.0,0.0,0.0,0.0,0.0,0.0,0.0,0.0,0.0,0.0,0.0,0.0,0.0,0.0,0.0,0.0,0.0,0.0,0.0,0.0,0.0,0.0,0.0,0.0,0.0,0.0,0.0,0.0,0.0,0.0,0.0,0.0,0.0,0.0,0.0,0.0,0.0,0.0,0.0,0.0,0.0,0.0,0.0,0.0,0.0,0.0,0.0,0.0,0.0,0.0,0.040104731116044325,3.964480830668585e-5,-1.3278278129999914e-7,1.5174654110160934e-11,-2.587340263201571e-6,-7.822992029565114e-16,0.008262229732257388,1.7887091804999383e-11,2.8679602742630216e-12,7.35452454808922e-12,-4.411342770478063e-5,8.691227092782276e-15,0.001294802217126866,4.670997522693445e-8,0.00017686022851890376,-3.419711387186993e-13,5.717789732737053e-14,8.263311991773153e-14,0.0005477642675885554,1.2422582590044807e-13,-1.8594802171916768e-13,5.459085988146743e-14,3.2613401868260514e-12,-0.00038338799085537427,-4.716629207016915e-7,-1.8571552403318393e-5,-3.144109745254595e-14,1.7816012698779848e-14,-7.632155572274969e-15,-2.2067814341471305e-7,-7.963592884971247e-13,-0.0008455639786548502,-6.628019702818424e-7,-1.6234234930150256e-9,3.280083219988456e-13,0.00011246180836948076,3.156216676252691e-6,2.037253139091557e-12,-9.230148623106173e-13,-3.263357112483102e-8,6.831767603770452e-9,1.0551543770446265e-8,-1.6709200258939255e-10,-4.8763299681801605e-5,-0.00016045795369160564,3.381152093739245e-14,-1.864316008156116e-12,0.0015938915710203942,9.60046066780459e-10,-3.411430816938005e-12,8.00743910284361e-10,7.108621345047991e-7,5.664814685993224e-10,8.807340646600672e-5,1.0842902631511493e-6,2.409926271630023e-6,-1.991139334142436e-8,-4.643671285661943e-15,1.0680355610017268e-7,-3.1948049921128067e-10,-0.00014761149026338907,-0.007884836721685856,4.0088421196991705e-9,-5.894769667786924e-14,0.008886235407479038,0.00021261185375815017,4.025317250969009e-5,2.7683652082018796e-5,1.0650791211525722e-6,-1.0507816362992412e-14,-5.979632573193441e-12,1.3313973604771877e-6,-6.429505835365739e-11,1.2954451638771835e-5,-4.446172045104182e-6,-0.0012833931146139818,-1.6446497864958369e-6,-7.111962750870549e-9,0.0030997037481494613,0.00035846574177842246,-1.8327938588357245e-10,-1.84234039439486e-14,2.2408621694439547e-9,3.7017029327894255e-8,-0.00011308855185438474,-1.2684455377498108e-6,7.171155422581149e-5,4.36107776844609e-9,0.0017730195127290775,-4.3269197016838054e-11,-4.840209986652446e-11,0.00012668899807572658,6.9479331165237704e-9,-7.789681176113568e-6,0.002447832156233969,-2.9532729596774487e-5,2.1655427067678307e-14,-1.4515513673133587e-5,5.71168653416472e-10,-4.0170386499924144e-10,0.00021053717986171505,-0.0020094247373647124,-4.7755912164006245e-6,0.0005312357174152679,3.5076514471914944e-9,-3.654948307366145e-14,0.004956526074269396,-1.4414219115763652e-12,1.1845040185498324e-13,0.004899754114026905,-1.9164240079088885e-14,7.634703203508308e-9,5.438362967791167e-6,7.848569950561229e-7,4.8419550817575e-14,4.050323666234668e-11,1.4833749225568293e-7,0.0006624374105158576,1.5966042885090642e-14,1.9337718775879987e-13,1.8292195360667222e-5,-3.6241061011896456e-13,-1.2416777883175122e-6,-3.341941481554267e-10,-8.777206445386996e-9,1.51370024399499e-8,-7.602701893372115e-7,-0.00019728970951956158,-1.9252099529412585e-6,1.5464127056307837e-11,-1.6435648053191286e-10,9.42793986541171e-6,2.4800013061325367e-5,-9.258425776162942e-5,-1.2054125538350686e-14,-3.9455926595709774e-13,-0.007222808031673465,9.810311194475417e-5,-3.653439196810844e-7,0.00999752809710819,-1.1003823566569094e-5,2.3920791868154977e-8,9.477842097725326e-8,-9.42506666676056e-7,-4.1329499877128135e-7,2.6042987081320738e-12,9.54349078943344e-9,-0.004806978210783289,-1.3004351948794708e-16,-2.8724777172055062e-8,1.7403328945268962e-9,-9.79946723093206e-11,-1.1925461641980918e-10,-0.003463442185292906,-0.008020048421853608,1.107199582773404e-14,7.001032008781996e-14,-1.4168699208547466e-14,7.834556690470011e-8,-3.23590135106736e-5,-4.7216847854978814e-5,5.498405587396189e-12,-5.944834468205265e-10,3.2874845860885936e-15,-2.593895055471306e-11,-1.0031331089264247e-11,-3.0688520400695847e-6,-7.015839183643077e-15,-4.080559327402585e-7,4.4671154660796905e-9,-3.5751774661187546e-9,-2.4905495602131783e-12,-3.559184941971938e-7,7.765105780709564e-8,2.1031191117111747e-7,8.14769502365826e-15,-0.003975515868205176,5.183293992977032e-12,0.00018603097445215726,-1.5368904839424824e-12,-0.00014309176377868163,-0.006241003950293175,-5.555843459013271e-12,7.833060854568051e-10,-2.73299212465377e-11,-1.5568928506129586e-11,-6.687099153907136e-10,-1.3850325031962392e-9,9.418750992194672e-5,8.277376830599228e-14,-1.0229124486916796e-13,-5.196596474642169e-7,3.401482289589356e-12,-1.564477004011225e-12,-9.191916671333977e-9,-3.679717139609482e-12,2.9584772696110823e-6,-8.370563777730405e-10,0.0013944318284814512,1.397663071265632e-8,6.093756783741506e-14,-0.0017302302394446728,4.831737250560157e-13,-2.0651354699645966e-15,4.100396964461464e-9,-0.00048747898490395793,-7.167307128058537e-5,3.468282523606333e-13,-1.9046984260067754e-12,1.909311290192955e-6,-0.0017276384935210475,-4.809687382489459e-5,2.203396583339049e-6,-1.539779891159717e-7,2.0881414344753517e-13,-1.6539984692335736e-8,-2.5883993219964666e-13,1.2689254651917346e-5,-2.825074382589928e-9,-2.5366133386434302e-6,2.8710370564402e-9,-1.151824125601854e-13,-9.074692958428401e-10,-0.00010643287050586389,-4.287424542783465e-8,-4.778777686047682e-11,-2.976352198933884e-10,3.749024865047821e-5,-1.0763406376018226e-13,-4.4146946141130106e-12,5.0599352396326625e-6,1.425214993620799e-7,4.801984040814204e-8,3.730075271338845e-8,-0.0006638150731305211,3.156621997513952e-11,1.1681028878064896e-7,-7.570245678322295e-16,7.442036154461976e-13,3.4185080151718217e-10,-2.8296209613711595e-13,-5.152740790283235e-7,-0.0003298457321338498,-0.0013178043253610867,-2.6010545080548952e-11,9.711990967864712e-10,-1.022636518014629e-11,5.297530833275444e-15,8.664126979370865e-5,-8.829217895193558e-10,-0.00620477240458605,-1.8741656734201185e-6,-3.417458902386932e-7,0.0004284837181944053,1.5789252812294848e-12,1.315929553814463e-5,-2.6715130889817267e-11,-1.2153081272657397e-10,-3.310652386744515e-12,0.0029295891686532253,9.567462684796125e-14,3.0002267495730357e-9,4.710905208947173e-11,1.490928749699062e-14,1.5121596828013027e-13,-1.1346961210332455e-7,-2.542220728498745e-8,0.005317995782795794,0.0110898580108165,0.002055416517354764,3.0769232587306064e-11,-0.00040079372208783525,-1.0929361613987055e-10,5.583171901778315e-12,-1.6657588885376598e-11,-4.001069491149739e-14,3.8295509184325025e-9,1.549435603967837e-13,-0.005844234404301419,6.883353797172146e-12,-1.4795122584250483e-11,-7.4277531073572854e-9,3.9699152377250544e-14,-1.20554290138812e-13,3.304794014383758e-13,0.003148679680938325,-1.942142763161047e-11,5.287751604908989e-6,-1.6681570684978337e-9,3.2086136432261023e-15,-1.3201816405279518e-6,-1.3755225556068492e-5,1.3146968164023464e-9,0.001121792871625966,9.065313489003892e-10,1.4388573872532135e-12,-6.374230014933977e-7,7.917457109334136e-8,-1.6527364895229423e-7,3.02074927211361e-13,2.3342308690176938e-8,-8.583838253869766e-15,0.0005554258150492276,-6.584724922657275e-8,-9.799429674812739e-11,-1.0121900252896722e-5,-1.3241766785282213e-13,4.094514518093281e-5,1.1110035831190096e-13,1.4642859746510743e-12,-1.2787875855663689e-15,4.370724443201694e-5,-2.285524600825411e-6,-2.139359400802155e-8,-7.108953307781177e-8,3.4047631358312874e-14,1.1335867873425971e-5,-0.00019731480624410224,-2.8514556609456077e-9,5.110896937742042e-12,0.00021237959989608602,-3.797496592893381e-8,6.104322434947339e-9,8.2734970411852e-11,2.9172905355664125e-11,7.006482724643155e-5,0.002409552801761047,-5.155758569153135e-12,-1.4476647485918951e-11,-1.8866253190137452e-8,-1.054633507561003e-5,1.6105227852356894e-8,-1.2541586136067917e-12,-7.367159652714924e-9,1.4991452099571538e-6,-3.011304097906828e-7,1.197618772190289e-13,-5.528059232513545e-13,7.886413208442066e-11,-3.046300279775047e-11,-1.2937416922729226e-10,3.6185815135342356e-11,-0.00030269350628291396,0.0006164481772682289,-5.729459293765466e-15,3.4735178965166613e-9,-0.00159250661695661
0.0,0.0,0.0,0.0,0.0,0.0,0.0,0.0,0.0,0.0,0.0,0.0,0.0,0.0,0.0,0.0,0.0,0.0,0.0,0.0,0.0,0.0,0.0,0.0,0.0,0.0,0.0,0.0,0.0,0.0,0.0,0.0,0.0,0.0,0.0,0.0,0.0,0.0,0.0,0.0,0.0,0.0,0.0,0.0,0.0,0.0,0.0,0.0,0.0,0.0,0.0,0.0,0.0,0.0,0.0,0.0,0.0,0.0,0.0,0.0,0.0,0.0,0.0,0.0,0.0,0.0,0.0,0.0,0.0,0.0,0.0,0.0,0.0,0.0,0.0,0.0,0.0,0.0,0.0,0.0,0.0,0.0,0.0,0.0,0.0,0.0,0.0,0.0,0.0,0.0,0.0,0.0,0.0,0.0,0.0,0.0,0.0,0.0,0.0,0.0,0.0,0.0,0.0,0.0,0.0,0.0,0.0,0.0,0.0,0.0,0.0,0.0,0.0,0.0,0.0,0.0,0.0,0.0,0.0,0.0,0.0,0.0,0.0,0.0,0.0,0.0,0.0,0.0,0.0,0.0,0.0,0.0,0.0,0.0,0.0,0.0,0.0,0.0,0.0,0.0,0.0,0.0,0.0,0.0,0.0,0.0,0.0,0.0,0.0,0.0,0.0,0.0,0.0,0.0,0.0,0.0,0.0,0.0,0.0,0.0,0.0,0.0,0.0,0.0,0.0,0.0,0.0,0.0,0.0,0.0,0.0,0.0,0.0,0.0,0.0,0.0,0.0,0.0,0.0,0.0,0.0,0.0,0.0,0.0,0.0,0.0,0.0,0.0,0.0,0.0,0.0,0.0,0.0,0.0,0.0,0.0,0.0,0.0,0.0,0.0,0.0,0.0,0.0,0.0,0.0,0.0,0.0,0.0,0.0,0.0,0.0,0.0,0.0,0.0,0.0,0.0,0.0,0.0,0.0,0.0,0.0,0.0,0.0,0.0,0.0,0.0,0.0,0.0,0.0,0.0,0.0,0.0,0.0,0.0,0.0,0.0,0.0,0.0,0.0,0.0,0.0,0.0,0.0,0.0,0.0,0.0,0.0,0.0,0.0,0.0,0.0,0.0,0.0,0.0,0.0,0.0,0.0,0.0,0.0,0.0,0.0,0.0,0.0,0.0,0.0,0.0,0.0,0.0,0.0,0.0,0.0,0.0,0.0,0.0,0.0,0.0,0.0,0.0,0.0,0.0,0.0,0.0,0.0,0.0,0.0,0.0,0.0,0.0,0.0,0.0,0.0,0.0,0.0,0.0,0.0,0.0,0.0,0.0,0.0,0.0,0.0,0.0,0.0,0.0,0.0,0.0,0.0,0.0,0.0,0.0,0.0,0.0,0.0,0.0,0.0,0.0,0.0,0.0,0.0,0.0,0.0,0.0,0.0,0.0,0.0,0.0,0.0,0.0,0.0,0.0,0.0,0.0,0.0,0.0,0.0,0.0,0.0,0.0,0.0,0.0,0.0,0.0,0.0,0.0,0.0,0.0,0.0,0.0,0.0,0.0,0.0,0.0,0.0,0.0,0.0,0.0,0.0,0.0,0.0,0.0,0.0,0.0,0.0,0.0,0.0,0.0,0.0,0.0,0.0,0.0,0.0,0.0,0.0,0.0,0.0,0.0,0.0,0.0,0.0,0.0,0.0,0.0,0.0,0.0,0.0,0.0,0.0,0.0,0.0,0.0,0.0,0.0,0.0,0.0,0.0,0.0,0.0,0.0,0.0,0.0,0.0,0.0,0.0,0.0,0.0,0.0,0.0,0.0,0.0,0.0,0.0,0.0,0.0,0.0,0.0,0.0,0.0,0.0,0.0,0.0,0.0,0.0,0.0,0.0,0.0,0.0,0.0,0.0,0.0,0.0,0.0,0.0,0.0,0.0,0.0,0.0,0.0,0.0,0.0,0.0,0.0,0.0,0.0,0.0,0.0,0.0,0.0,0.0,0.0,0.0,0.0,0.0,0.0,0.042065783380012045,-0.00010665246071717378,2.9004611148243937e-8,-0.0012654839804206231,1.1452042001000906e-10,-0.0001207655991042881,-3.003057057822446e-9,1.3851380520684708e-9,4.401589874624072e-9,-0.006816821075953531,6.56825751742328e-12,0.0001254245956208604,4.58177131444431e-5,-0.00025848497002440456,-1.3070031142010082e-10,3.045706454415676e-11,-3.3362055735769476e-11,-6.526392270673457e-5,8.435407306938828e-11,-1.6695577818412662e-10,-1.278328402799504e-10,-3.7070621450916664e-10,9.940215487452014e-5,-0.00012053553748539537,-0.0012509894170742086,-6.233083709867065e-12,-2.708322732734387e-10,-7.118702333223243e-12,-0.00010449353434203322,-2.859789849693676e-10,2.3313602047626483e-5,-0.00015300172826486965,1.196226992061998e-7,1.8038840964475714e-10,-0.0006688030796405806,2.9986141194162994e-5,7.16757126287502e-10,-7.30754224868816e-10,7.480771646063458e-5,-2.7750222715977303e-5,4.645708748823279e-6,-2.7840565448271865e-7,0.0008474950396471628,0.003931662327442088,2.6082899499625076e-11,-1.2847405991254797e-9,0.0007836252316948862,-2.099434792867621e-7,-3.5705819449227676e-9,-5.901275913484722e-7,-8.378084633563933e-5,5.281912256814967e-7,2.3756150770488966e-5,-0.000309683089457769,0.0011987840556989694,0.00026488252916084386,-7.746576707896404e-12,6.513446820902501e-5,-3.623905154170145e-7,0.003297908993579949,2.9180158546218124e-5,5.833519579671184e-7,-3.509298128640161e-11,-3.1842858183342766e-5,0.0027609933358730956,-0.0013962649130780885,-0.00086661634741624,0.0004254742353564697,-2.2031888957660274e-12,-7.493708657516861e-9,0.00019245732573299143,-4.667668065139033e-7,0.00039932910136118206,-0.0002388661995393718,-0.0016581363628184462,-0.00048314866946232914,-4.451874503525095e-6,1.704200174649576e-5,0.0002455727822235029,-1.3614139791013866e-7,-2.131862962520698e-11,8.008869593709089e-7,2.975996659636349e-5,0.0019129721528168336,0.00021151626477421357,0.0009499333036938582,4.276199393466824e-6,-0.00013980947946138267,-3.2386707955968233e-8,7.304017763955781e-9,-0.004282867249322941,3.5023654086732493e-6,0.000798564468537741,-1.683108025527613e-5,-0.021975106959744514,-5.418981277384571e-13,-0.00044598592286426296,-7.819790594326507e-7,7.919494537776072e-8,-0.00013810563765265336,5.4591025066659096e-5,-0.004114868622229269,0.000560537340162877,1.5071301256567504e-6,1.1072218949319213e-10,-1.6061872359974128e-5,-3.288239986107297e-10,1.4626385360113315e-11,0.00012032247206143616,-8.354960185361155e-12,1.072494027146231e-6,0.001181470854493862,-0.0008048648114766267,1.9733815341895497e-11,-1.1411610477030329e-8,-2.2792610846746484e-5,0.0005110604722863149,-4.225198050594664e-11,-5.164047472829514e-11,-0.0002724305484007785,-1.9574486322971653e-9,8.975993460664302e-5,-3.5241100113340144e-7,-5.63956943173634e-6,5.13890413635406e-7,0.00011250492037111965,-0.0220738103189084,-0.0017064521988556318,1.768177874357517e-8,-5.311669086055886e-8,-0.005612127110813379,-0.01966085187910359,-0.003133794278898445,-4.839965634003883e-12,-1.549817746431624e-11,1.3710827994435179e-5,0.0004181321917554179,-8.258761505944757e-5,-1.589256054711726e-5,0.0017167551686873017,-0.0002766186627078897,2.5399035119232858e-5,-4.5702073032459546e-5,-0.0001580212250693573,5.059192913161195e-10,-4.331202886569846e-6,-3.2276725183411667e-6,-3.957903840471099e-12,-5.797129589700067e-6,8.417060923825861e-7,-9.769587999314696e-9,5.638707694363682e-9,-0.00014836326462628976,-4.003376433373905e-5,5.675224224788229e-12,2.0922334193032878e-11,-5.005891743083787e-12,1.3058498148234454e-5,0.00013491983252309785,-0.0012861060738381942,4.3229228363276e-8,-1.7285088889976605e-7,9.273154698951424e-12,-4.170900528724478e-9,-3.0568612187479577e-9,-0.000756604828667072,-6.188764409507273e-13,-0.0007726806339424587,-1.3466897204990302e-6,-4.1196291806081965e-7,2.4303801500942846e-9,0.0023591170621016593,-0.0014665363569985445,-0.00017663270781888534,-4.560865800942715e-12,1.3221810153106623e-5,3.56711105494382e-10,0.00024066181657379128,-4.223375282888327e-9,0.0002397893196698547,1.2301248654254921e-5,-3.7927133894944465e-9,-3.6240303308466144e-5,-1.8025349333664833e-8,-3.842413596082383e-9,-3.9416849208956995e-7,-3.7410359923220003e-7,0.0008240569242317461,1.7092219370943627e-10,-3.990920015569772e-10,-0.00025075424389365343,-5.992396145235573e-8,-1.481086743456103e-9,-5.375615138140358e-6,-2.2399805620396017e-8,-0.001350244379171491,-9.92301939199424e-7,0.0005442777508185088,-1.0851226056132863e-5,-1.7369319246096758e-12,-0.0003783850960477038,1.2448793977667264e-10,1.7346675659533363e-13,1.7909168256568186e-6,-0.00011454617359815707,0.0020193607100847874,2.915280595198324e-10,-5.417464598967437e-10,0.000539606256173223,-0.00015857238367430543,-0.002220206501478266,0.001360662143313777,-1.2610921385666722e-5,7.890231725678494e-11,3.5743233045846847e-7,-5.969511655168945e-11,4.266556642886083e-5,-6.348534305509324e-7,6.1007473821139686e-5,0.00012594987480265364,1.547845611512719e-10,-8.606432538872527e-7,-0.007744075836675207,7.115572184346359e-5,-1.8425538482003128e-7,-8.47677128276143e-7,-0.00010619413020316748,-2.8799337111440504e-11,-5.893337777265471e-10,0.0003256878136645506,-2.7654917632798886e-5,6.024435034203844e-6,-0.00014228217869531953,-0.0002561161726273978,-3.6063237897177905e-9,3.436661993711433e-5,-1.4227071949231886e-12,1.958571136030186e-10,2.1163386765252437e-7,-1.370741069631039e-10,-0.00026649145135025296,0.0011083761019093207,-3.776916142335758e-5,-1.3989667015984396e-8,7.243746895062733e-7,-3.846562270941822e-9,8.499703469324341e-13,-0.0019159603212322567,-3.804741040770125e-7,0.00014107023748059872,0.00021325351692598682,0.000996654143657211,-0.0010606951202190465,1.4575662318290315e-9,0.007562364594154244,-4.8522378701837713e-8,9.711525589508315e-8,-2.3238547779567975e-9,9.16336080311827e-5,-3.7450831928442246e-11,-1.462903120675386e-5,4.0796617182435205e-8,2.6918714129643743e-11,9.946103285773049e-11,1.5908287029824317e-5,-1.7631041238256057e-5,-1.4895139130683513e-5,-2.0689489794481155e-5,-1.842054026147938e-5,5.215835958026176e-8,-4.487000956124836e-6,1.916304489359432e-8,2.9243049569272475e-9,-2.0915548344808883e-9,-2.171801047902759e-11,1.1743715689109578e-6,-2.802216766114949e-10,-4.304423643687679e-7,1.9954894322628362e-7,-7.620609280948256e-9,-2.8585980276417657e-6,3.536239924231307e-10,-1.771518805318988e-10,3.761612790494493e-10,-5.509912428442862e-5,-1.6432890930673004e-8,-0.0025220785420409122,1.6196164366396245e-6,3.9225646445701357e-13,-0.00017307944923828798,0.0003952310993763042,1.0748960874681295e-6,-7.854807342055248e-5,3.2421695435090456e-7,4.0605802614147733e-10,-0.0023632752344796733,-1.0211827703484033e-6,3.700762301175004e-5,-5.823706186458291e-10,-9.604328345070002e-6,-4.282484429605148e-12,8.514665188116785e-5,-5.043778473736397e-6,-1.135402018241827e-7,-0.0032634381973345506,2.165027063971642e-11,-0.00016407741250922084,1.4462066128705465e-10,7.010758906807411e-10,-2.4668877449520997e-12,0.005998590894167016,0.002750467714413242,-1.3800810635902508e-5,-1.4069278640382572e-5,3.2539823570763805e-11,0.0005144445441880059,0.0005313697187928662,-1.7313777436489311e-6,3.4561388911652934e-9,0.001340469956741197,1.0069777900435527e-5,4.539580562925003e-6,2.8644047826926337e-8,5.964762738933467e-8,-0.0002668228995769073,-4.579091456231505e-5,-2.6924056161756278e-9,3.997127341046959e-8,-8.605591545722621e-6,0.002596014772653572,4.428465150597544e-6,-5.198675351575288e-10,4.090133118045126e-6,0.003250643039443332,0.0011601994408054416,1.4695570310559967e-10,3.518222097891619e-10,3.76553518232e-9,-5.987314951878245e-9,4.426371026555036e-8,2.1325766637254504e-8,0.00022245401566374536,0.0005445945566670423,8.187297454189591e-12,8.920533504201961e-7,-1.519927917015731e-5
0.0,0.0,0.0,0.0,0.0,0.0,0.0,0.0,0.0,0.0,0.0,0.0,0.0,0.0,0.0,0.0,0.0,0.0,0.0,0.0,0.0,0.0,0.0,0.0,0.0,0.0,0.0,0.0,0.0,0.0,0.0,0.0,0.0,0.0,0.0,0.0,0.0,0.0,0.0,0.0,0.0,0.0,0.0,0.0,0.0,0.0,0.0,0.0,0.0,0.0,0.0,0.0,0.0,0.0,0.0,0.0,0.0,0.0,0.0,0.0,0.0,0.0,0.0,0.0,0.0,0.0,0.0,0.0,0.0,0.0,0.0,0.0,0.0,0.0,0.0,0.0,0.0,0.0,0.0,0.0,0.0,0.0,0.0,0.0,0.0,0.0,0.0,0.0,0.0,0.0,0.0,0.0,0.0,0.0,0.0,0.0,0.0,0.0,0.0,0.0,0.0,0.0,0.0,0.0,0.0,0.0,0.0,0.0,0.0,0.0,0.0,0.0,0.0,0.0,0.0,0.0,0.0,0.0,0.0,0.0,0.0,0.0,0.0,0.0,0.0,0.0,0.0,0.0,0.0,0.0,0.0,0.0,0.0,0.0,0.0,0.0,0.0,0.0,0.0,0.0,0.0,0.0,0.0,0.0,0.0,0.0,0.0,0.0,0.0,0.0,0.0,0.0,0.0,0.0,0.0,0.0,0.0,0.0,0.0,0.0,0.0,0.0,0.0,0.0,0.0,0.0,0.0,0.0,0.0,0.0,0.0,0.0,0.0,0.0,0.0,0.0,0.0,0.0,0.0,0.0,0.0,0.0,0.0,0.0,0.0,0.0,0.0,0.0,0.0,0.0,0.0,0.0,0.0,0.0,0.0,0.0,0.0,0.0,0.0,0.0,0.0,0.0,0.0,0.0,0.0,0.0,0.0,0.0,0.0,0.0,0.0,0.0,0.0,0.0,0.0,0.0,0.0,0.0,0.0,0.0,0.0,0.0,0.0,0.0,0.0,0.0,0.0,0.0,0.0,0.0,0.0,0.0,0.0,0.0,0.0,0.0,0.0,0.0,0.0,0.0,0.0,0.0,0.0,0.0,0.0,0.0,0.0,0.0,0.0,0.0,0.0,0.0,0.0,0.0,0.0,0.0,0.0,0.0,0.0,0.0,0.0,0.0,0.0,0.0,0.0,0.0,0.0,0.0,0.0,0.0,0.0,0.0,0.0,0.0,0.0,0.0,0.0,0.0,0.0,0.0,0.0,0.0,0.0,0.0,0.0,0.0,0.0,0.0,0.0,0.0,0.0,0.0,0.0,0.0,0.0,0.0,0.0,0.0,0.0,0.0,0.0,0.0,0.0,0.0,0.0,0.0,0.0,0.0,0.0,0.0,0.0,0.0,0.0,0.0,0.0,0.0,0.0,0.0,0.0,0.0,0.0,0.0,0.0,0.0,0.0,0.0,0.0,0.0,0.0,0.0,0.0,0.0,0.0,0.0,0.0,0.0,0.0,0.0,0.0,0.0,0.0,0.0,0.0,0.0,0.0,0.0,0.0,0.0,0.0,0.0,0.0,0.0,0.0,0.0,0.0,0.0,0.0,0.0,0.0,0.0,0.0,0.0,0.0,0.0,0.0,0.0,0.0,0.0,0.0,0.0,0.0,0.0,0.0,0.0,0.0,0.0,0.0,0.0,0.0,0.0,0.0,0.0,0.0,0.0,0.0,0.0,0.0,0.0,0.0,0.0,0.0,0.0,0.0,0.0,0.0,0.0,0.0,0.0,0.0,0.0,0.0,0.0,0.0,0.0,0.0,0.0,0.0,0.0,0.0,0.0,0.0,0.0,0.0,0.0,0.0,0.0,0.0,0.0,0.0,0.0,0.0,0.0,0.0,0.0,0.0,0.0,0.0,0.0,0.0,0.0,0.0,0.0,0.0,0.0,0.0,0.0,0.0,0.0,0.0,0.0,0.0,0.0,0.0,0.0,0.0,0.0,0.0,0.0,0.0,0.0,0.0,0.0,0.0,0.0,0.05139425511903042,-2.278619879819146e-5,0.00034676608750493926,1.644574220426665e-8,5.739380985807559e-9,-2.0948120339113223e-5,6.977714004483326e-8,-1.3432485240443421e-6,7.540596315164824e-5,3.9049380428213074e-10,1.1659705086166342e-6,-0.013386813156787442,-2.006360961960139e-6,-3.499387667574721e-8,-1.790437923205322e-8,6.311384513731747e-9,-5.684024508299524e-7,-2.5014256597370638e-8,8.096652864943475e-8,-7.732539099329537e-8,1.702697464165394e-7,1.6447306129882473e-7,0.001577045644892886,-0.00010659358996166418,7.783993205157703e-9,1.4271827202292384e-7,1.6933576656087028e-9,0.0089202394734272,3.232704139842048e-7,7.488657239928625e-8,0.006436071731616193,0.0018770740173564883,-8.982524760940858e-8,-1.5197962541807347e-5,-0.00017446116895663172,-5.034663759701236e-7,1.4674559303773097e-6,0.00038266219966810424,0.0024255585188112105,-0.00038481219688521646,-3.9626756915900105e-5,-2.929345344624998e-5,-1.2539981914825034e-5,-1.483379175656626e-8,-1.2525142466029812e-6,-1.7120611426068681e-6,0.0012269566596819154,4.6874931035551354e-7,-6.580024320970822e-5,-0.0010309539312614705,-0.00041528813405312443,1.3424745590572906e-5,0.003054421117197641,-0.0002845187270116597,-0.0077929340205743465,9.597464997152247e-10,-0.00609842517682092,1.436299469945391e-5,-7.945983173560681e-6,5.729807950833942e-8,-0.0010323084384026245,1.4769081733623574e-8,-8.373173348490205e-8,5.33705246839637e-6,-3.571986122991806e-6,-5.933825304676991e-5,0.0015179506065416493,1.970980040967507e-8,-8.621959698460292e-7,-6.159549380222324e-5,0.00027102098700849774,-1.1030779013563929e-5,3.646824975415617e-8,-2.117939790080104e-6,-0.00023540468336177975,0.0007316428310577926,1.0611574338894873e-7,1.1193339571423236e-5,-6.945062987916662e-7,-3.5492731892505905e-9,-0.0004180376238186862,-0.0049602251341700505,-3.0948916877400564e-5,0.0007411049984536427,2.0973391045685224e-5,-0.0017652525739502336,1.7948229274380981e-6,1.0734983619448252e-5,1.2218813709586571e-6,1.8060599491244902e-6,-0.00046725956667493,-6.909350168873667e-6,-1.2352263003575895e-6,-1.1131497477139524e-5,-3.0968749384257537e-9,5.320145999752843e-5,0.0006842040924648249,-0.0005395241625458411,5.092492691675973e-6,-4.1629361158833405e-7,0.0007194565625392934,1.2923247922833548e-6,-0.002444324340509036,-3.845227629090907e-9,-7.623180883201252e-9,-9.148111275620128e-8,-5.113019450983959e-9,-3.541719195695793e-7,7.52166199394692e-9,0.0009090867592317466,-0.0003676773550718248,-0.0005896584868514891,-1.1702838300080846e-8,-1.4614363439188202e-5,0.024096236159077085,1.98520243176666e-6,-1.195677869578235e-8,-1.2481869414036392e-7,4.3611488395177644e-7,2.4025104503854416e-7,0.0007240768018658178,2.386519384648863e-5,0.0017160157723823818,-0.00045180235950489787,0.0003970162631021256,-8.520963169665535e-7,0.0010826091294915705,-2.080006637067267e-6,-7.398158657134793e-5,4.759046377932865e-5,5.209235102695776e-5,-2.1945085269055427e-6,2.511506999469209e-9,-4.025013781801969e-7,-6.039106579184981e-8,9.17060183979677e-7,-0.007414733817153531,-2.9359305090373733e-9,6.299332604967581e-5,0.00034794231147665806,0.00047910625886700886,0.0012166171837970682,-0.0017323996226438602,2.95692556883851e-7,-0.0009043666374869346,-1.0470053548230526e-7,-6.881588018919144e-10,-0.014218102505212785,0.000823302794895349,-1.3999802149686764e-5,5.60277474289072e-5,2.2125989884168064e-7,-1.368901368108629e-7,-3.3736060615450197e-9,1.0330207676369542e-10,3.777938521715748e-9,-0.0076742589489036585,1.5879667545570932e-5,2.9428765795877046e-5,-1.5954526576956633e-5,4.9990691682600045e-5,-2.291219019927148e-9,5.0489839051951274e-5,9.148569133196233e-7,-3.910338324591811e-6,1.8631865755101043e-9,-0.002380986708207945,-0.0008170149078275418,-0.0007422878023008877,-1.326917751831744e-6,-0.0015533767601744574,8.478212121346055e-5,-0.0034653945522015502,-1.5134794464182383e-8,2.2514503407338003e-8,-1.028134608113085e-6,9.58443799735258e-6,2.0286594069614507e-6,-1.0737843878043649e-5,-7.929788191190128e-8,1.1979145539670168e-6,-0.00276012751980153,2.0964287576950955e-5,6.011111211718811e-6,0.0002502055539392501,-0.00012981686665015048,-1.5151362365195753e-5,-6.760610957298581e-8,3.089303197717773e-7,0.011861644207110129,1.5644186058055794e-5,1.6916160525298652e-7,0.0005231877745610097,4.5112339047085315e-6,0.0004923455729352802,0.00020251721223319956,-5.654465102839557e-7,-0.0012273405293505978,-3.030676068487594e-9,3.9126003253361824e-7,-1.8334376979684996e-7,-3.365821631112811e-10,-0.0012938501628759573,-1.6337688410098853e-7,2.4712143700145414e-6,-2.471147453796362e-7,3.5009173224940956e-7,-0.00019438648074730945,-1.4221122955144395e-6,-5.274650097258071e-6,-3.691313042897276e-6,-0.00432175346116417,-1.0700931895400012e-7,0.0012572555758527182,-7.906005694990143e-8,-8.207870489606312e-8,-0.00032420720398770647,-0.00010443041063944903,-0.004889305246974771,1.1341278044797979e-8,0.00017855244097479976,2.575508456450917e-5,0.003061390289223674,-4.7015420580810125e-5,2.865998665649022e-5,9.973439418629375e-7,-8.308920912779866e-8,1.486317602824135e-6,-0.0002237116136745369,-0.006013903441093269,0.0017838609164101608,0.005841781998017391,1.0963764500758697e-6,2.0340821295760637e-6,-0.008017811579926105,2.360968177766613e-10,-1.3548526629485464e-7,1.0484980253347357e-6,2.9907084171582867e-8,0.002301667616782972,-5.900831846647333e-7,-3.1968305167160424e-7,1.3470672225030375e-5,-0.0003601111673837298,-3.5794881281625667e-7,7.180212469551206e-10,1.0374947666049921e-5,0.0007662908482008852,3.7473212719724486e-7,0.0006341803374038595,-0.00014778971873994446,1.2622510994146257e-6,1.6656897605288652e-7,-0.00032583766528427975,5.251725494302756e-6,4.477849694457536e-5,1.7789313241953067e-6,2.5753331786092547e-7,-3.2229165110045316e-8,0.001926624800428293,-1.2040553583761486e-5,-1.8970040286286075e-8,-6.250593356771216e-8,-0.0006264030267471444,0.0015825585245980546,-2.568405686739157e-7,4.478766217241437e-9,9.06670229109184e-8,-1.6386678290379815e-5,-6.431552348425875e-8,0.00011983228451000785,-1.0920676705698305e-6,1.0225514849661254e-5,3.596795167066279e-9,-0.00020768787697689772,7.888829192857016e-8,1.7478562990974753e-9,-3.4805934052609326e-6,-1.6700918431449058e-6,0.0006850602011708584,3.353674218845153e-8,7.857871846465098e-8,-7.780817539304636e-8,-3.353652929846991e-8,1.1034960799129996e-5,0.0005075913680460437,-4.255662741917318e-5,-2.031037068426907e-9,0.004120048044003365,5.6122438335479956e-5,-8.702830150280858e-5,6.948251430680751e-7,-4.6042091970395666e-5,-1.5412413720451929e-7,7.553930457433077e-5,-0.0030172671988710365,-0.004047814236049699,-1.171022490522758e-6,0.0013721639455858484,5.129997087099205e-9,3.795624687951506e-7,0.00037493151900547776,2.238598812558641e-5,6.299646146751979e-5,-9.269189587505314e-8,-1.2787925844693552e-5,4.2015963135303066e-8,-7.148712340646213e-7,1.610754216785755e-9,1.6300693550731846e-5,-0.00032007985491294363,0.0014867059888172304,-0.000957990278048366,-5.949226975099488e-9,-3.1725489352946306e-5,2.0594695687866654e-6,0.000965208420209417,7.167115909078447e-7,-3.466011101080189e-6,-0.0022796571174554846,0.011887226318645873,-2.9029591017398598e-5,9.890577716547153e-6,-5.245809831220484e-7,2.5176730663973604e-7,1.4623552626289695e-6,8.010406053041173e-6,0.000509314257631421,-5.528089717505437e-6,-0.003944645803412562,-1.2014503272590713e-6,-0.001866685691127186,1.5901659357622e-5,0.00022898526936534092,-2.2864154332637678e-8,-1.9281865472905893e-7,-1.5290029934590827e-7,6.145855180273153e-6,3.030002526914054e-6,-1.2202829456813199e-5,-1.6516647690414587e-6,-1.5524817793102915e-6,1.6606325419974857e-9,-0.00022632979034492844,-6.861030910159723e-9
0.0,0.0,0.0,0.0,0.0,0.0,0.0,0.0,0.0,0.0,0.0,0.0,0.0,0.0,0.0,0.0,0.0,0.0,0.0,0.0,0.0,0.0,0.0,0.0,0.0,0.0,0.0,0.0,0.0,0.0,0.0,0.0,0.0,0.0,0.0,0.0,0.0,0.0,0.0,0.0,0.0,0.0,0.0,0.0,0.0,0.0,0.0,0.0,0.0,0.0,0.0,0.0,0.0,0.0,0.0,0.0,0.0,0.0,0.0,0.0,0.0,0.0,0.0,0.0,0.0,0.0,0.0,0.0,0.0,0.0,0.0,0.0,0.0,0.0,0.0,0.0,0.0,0.0,0.0,0.0,0.0,0.0,0.0,0.0,0.0,0.0,0.0,0.0,0.0,0.0,0.0,0.0,0.0,0.0,0.0,0.0,0.0,0.0,0.0,0.0,0.0,0.0,0.0,0.0,0.0,0.0,0.0,0.0,0.0,0.0,0.0,0.0,0.0,0.0,0.0,0.0,0.0,0.0,0.0,0.0,0.0,0.0,0.0,0.0,0.0,0.0,0.0,0.0,0.0,0.0,0.0,0.0,0.0,0.0,0.0,0.0,0.0,0.0,0.0,0.0,0.0,0.0,0.0,0.0,0.0,0.0,0.0,0.0,0.0,0.0,0.0,0.0,0.0,0.0,0.0,0.0,0.0,0.0,0.0,0.0,0.0,0.0,0.0,0.0,0.0,0.0,0.0,0.0,0.0,0.0,0.0,0.0,0.0,0.0,0.0,0.0,0.0,0.0,0.0,0.0,0.0,0.0,0.0,0.0,0.0,0.0,0.0,0.0,0.0,0.0,0.0,0.0,0.0,0.0,0.0,0.0,0.0,0.0,0.0,0.0,0.0,0.0,0.0,0.0,0.0,0.0,0.0,0.0,0.0,0.0,0.0,0.0,0.0,0.0,0.0,0.0,0.0,0.0,0.0,0.0,0.0,0.0,0.0,0.0,0.0,0.0,0.0,0.0,0.0,0.0,0.0,0.0,0.0,0.0,0.0,0.0,0.0,0.0,0.0,0.0,0.0,0.0,0.0,0.0,0.0,0.0,0.0,0.0,0.0,0.0,0.0,0.0,0.0,0.0,0.0,0.0,0.0,0.0,0.0,0.0,0.0,0.0,0.0,0.0,0.0,0.0,0.0,0.0,0.0,0.0,0.0,0.0,0.0,0.0,0.0,0.0,0.0,0.0,0.0,0.0,0.0,0.0,0.0,0.0,0.0,0.0,0.0,0.0,0.0,0.0,0.0,0.0,0.0,0.0,0.0,0.0,0.0,0.0,0.0,0.0,0.0,0.0,0.0,0.0,0.0,0.0,0.0,0.0,0.0,0.0,0.0,0.0,0.0,0.0,0.0,0.0,0.0,0.0,0.0,0.0,0.0,0.0,0.0,0.0,0.0,0.0,0.0,0.0,0.0,0.0,0.0,0.0,0.0,0.0,0.0,0.0,0.0,0.0,0.0,0.0,0.0,0.0,0.0,0.0,0.0,0.0,0.0,0.0,0.0,0.0,0.0,0.0,0.0,0.0,0.0,0.0,0.0,0.0,0.0,0.0,0.0,0.0,0.0,0.0,0.0,0.0,0.0,0.0,0.0,0.0,0.0,0.0,0.0,0.0,0.0,0.0,0.0,0.0,0.0,0.0,0.0,0.0,0.0,0.0,0.0,0.0,0.0,0.0,0.0,0.0,0.0,0.0,0.0,0.0,0.0,0.0,0.0,0.0,0.0,0.0,0.0,0.0,0.0,0.0,0.0,0.0,0.0,0.0,0.0,0.0,0.0,0.0,0.0,0.0,0.0,0.0,0.0,0.0,0.0,0.0,0.0,0.0,0.0,0.0,0.0,0.0,0.0,0.0,0.0,0.0,0.0,0.0,0.0,0.0,0.0,0.0,0.0,0.0,0.0,0.0,0.0,0.0,0.0,0.0,0.0,0.0,0.0,0.0,0.0,0.0,0.0,0.0,0.0,0.0,0.0,0.055043881741009895,-1.4517874865745916e-7,7.209365847077666e-6,6.06055213327579e-10,-0.0010704749709608483,-0.0002903026656044896,0.0008094790799397063,-2.19179536175782e-8,3.514971342611669e-6,5.086320206567043e-10,5.389557353187545e-5,-1.3049195830857e-9,1.2788826791711889e-5,-3.4409397221211383e-6,-8.274602588501045e-6,1.2039404753354518e-9,1.4173472323700123e-5,9.241086512490583e-6,-7.055380130471915e-5,0.0002208659567683329,-5.84490399395523e-11,3.283541002926632e-6,-1.1534031283261894e-7,4.24586084708342e-5,4.081371185480021e-5,-2.2346294355014773e-6,-1.3147766810881486e-5,-0.0002812581390493464,-9.13971425839274e-11,-4.11732631900416e-6,-0.0001787802100221972,-4.848676700108306e-5,-4.628250940323947e-8,-3.3922266830639615e-7,0.00012358521292350031,0.0002031061481264085,5.557275915995386e-6,-7.200984928471533e-5,0.00042466879576097915,0.0035468157858930677,-1.4180915789854355e-8,1.4592374990167213e-8,-9.648572798172968e-7,-0.0007608108934000637,-2.843799205142765e-10,-0.0001835474195151045,-0.00022544388913259096,-0.0007830662822952254,3.4651319676822983e-6,-0.0033454249828465963,1.6740992500872603e-8,1.232603771865206e-6,9.758571299051486e-7,2.6507299502783e-6,3.7671049156524035e-6,9.5012305867507e-6,-0.0012604826631328085,5.507713611122278e-9,1.3320225867421443e-10,-0.0002223879828878706,9.118350592986955e-6,1.3692552309852434e-10,1.8686819626279804e-9,2.636478346526512e-9,-5.559922136711363e-8,-3.228500833801655e-6,1.70411277299241e-5,-0.0007629172891464382,1.1124930850038942e-7,0.003660700342755582,2.144275141440626e-7,-1.4294440460012634e-9,1.2138553093043953e-9,-4.919770675066056e-8,-0.00038504272923352696,1.7023914998073554e-10,-2.7652149070915254e-9,0.0005030945098665964,2.1983940956047534e-6,-0.0010783026698883227,4.466360520724923e-5,-3.2315355214691605e-9,7.247722709458019e-7,6.584438858952455e-9,1.1267396455724468e-5,-5.874726317662773e-10,-0.0008406467541047877,-0.0034368167184742828,1.147852538026855e-8,0.0004720942644190685,3.747682867019114e-8,-6.051774157968244e-11,-1.8750895256378033e-8,4.214542983312606e-6,1.4702056554151172e-8,0.001401235425069683,0.0005422854595989202,-6.198967721574678e-10,9.776128528232408e-10,-5.988231556600331e-7,-1.249266577064041e-9,-0.0001851436349857463,4.65566562470133e-6,2.7385402341933857e-11,0.00018585987278285285,0.00014198900639780004,-2.0059955141400334e-10,5.632066896777854e-7,0.00027448741067125846,-2.486691924517632e-7,7.865982453312964e-7,-5.046690406242814e-7,0.005224261959329271,3.971793577016932e-6,-5.109907711614204e-10,8.80287781265846e-9,6.16957827957354e-5,2.3832244231054803e-9,-0.0008982443951448023,1.0746067918119669e-6,-0.0006562058201156273,0.00012937993316835395,-1.5314440950979807e-5,-4.608992021896031e-7,1.3743423106559513e-8,9.282262687650089e-9,0.010850223579902889,0.002533913314931674,-2.5097795587221744e-7,-4.204367236054519e-8,2.3043686974766905e-9,-2.6332490427414027e-6,-0.0007093509446121137,-1.1715226399286282e-10,7.366677602561912e-10,-5.0473067764702515e-6,1.1379297862530663e-10,5.137735193485288e-9,-4.527596898503364e-6,-1.8089590618866303e-5,-1.1017574977829412e-6,-3.4961276335876935e-6,0.00024486330641406123,0.0002090708248467611,-4.8183810922158425e-11,1.1940096377606564e-6,2.4739837634802782e-5,-8.59769359170529e-5,-0.008349748285422957,0.017747073674746157,2.2418124740577975e-10,-8.409012218970967e-11,-9.322774592230639e-7,-8.590011907384252e-6,2.3141111433867306e-6,-1.0626820037455862e-5,-3.73734631676873e-9,-1.2076983757950822e-8,0.00563146635121023,0.004073462409299396,1.598262145564323e-7,0.0009388205631797834,-0.00013604327297287314,-3.031771358259479e-8,6.220453749875707e-7,4.107387953386066e-7,7.211203507360639e-6,0.00034165891509271466,0.0013855428130089007,6.04448455126862e-7,-6.509690984173882e-9,1.4849878582293812e-6,-1.0783861057742106e-5,-6.10398180097126e-11,0.0003666861711391168,6.524770690957469e-9,0.00033294860469612917,7.382767935005001e-9,-2.1416148743858506e-13,0.0025205722062535203,3.855942702242425e-5,0.00034099750711602165,0.0011536797848325602,-0.0014980206257684601,0.0006505680594249342,-6.530990088247022e-11,-8.234666077831919e-6,-0.00010165522639578244,3.234300866173484e-6,-0.0071072637828824255,1.7741141704085316e-5,5.126681837604345e-6,0.0023152864420500413,8.112051485434995e-8,0.0003578986492570233,-1.6779021042174478e-9,2.5323517813362136e-5,-1.0021335254953155e-5,-3.107621027199335e-10,-4.524317988746983e-5,-2.1887906420044654e-6,-0.00015715008650138106,-3.991547958395923e-10,-3.21805192480901e-9,6.129492021932225e-5,3.010614950730138e-5,4.3726774505517024e-7,6.133367788738182e-10,-8.297897093922916e-10,1.7820484732187189e-7,1.754193044343892e-5,1.004521474437628e-5,9.657145223688097e-5,0.0002684967431138714,1.3829509320278584e-10,0.00026023521435291876,-9.857796065916853e-9,1.1807090304001387e-6,6.046649587988518e-5,-0.0010195384512602557,3.590224005648066e-8,1.5146211302756868e-6,-0.005949385665359956,-6.079161919292833e-5,-2.2073729298890242e-8,-2.3201652017071994e-5,0.0007791904567196189,-1.919596364781517e-7,1.05384439010321e-6,-4.442250762932413e-5,-1.1638587269460305e-6,-1.123765846149897e-9,-0.0028987089080123526,-1.2703473349178124e-5,1.4269410372962118e-7,3.9380219543079746e-5,0.0017220992656640038,2.9933535314603158e-5,3.185706635872962e-8,-1.785352895958588e-10,-5.6788720184086366e-11,0.006797113978136914,-3.7997216021022206e-5,0.0016373393834557323,2.8861786237645193e-6,-6.384200763358804e-10,2.4183439519601506e-5,2.9821154512413035e-10,8.117694680075959e-8,9.873761446414987e-8,-3.1179498234304e-9,-4.5051143805471415e-7,-1.5807325224816732e-7,0.0024991064688304463,-0.005621726426843961,-2.1819161735882898e-5,4.319511998898374e-12,-2.430328709874307e-5,-0.0001818368688119284,0.000756860904533082,8.891518308105499e-6,4.699796758986921e-6,-5.940513873488576e-6,4.3724697244171814e-6,3.250150105101686e-10,7.431467475888227e-12,-6.504834323303057e-11,0.004025424428417976,-6.296822887829689e-10,0.0016041359417215963,0.0007782025614446809,-0.005748809372418956,4.745078597248031e-6,0.0007648840301692214,7.968855525825836e-5,2.617107993992706e-12,0.0009575374308159907,0.0009743550801186658,-0.00012142626281676194,-5.745289059621378e-6,-7.650754749334567e-6,-2.40825787500796e-5,3.5742374819275677e-10,-0.01514109816541219,1.8297202579264712e-7,0.00021628118853500572,3.6223969250104617e-6,7.244419996172252e-7,2.7504227232794782e-8,0.0014457257053808788,2.3859912899506544e-10,0.0009832471718209113,-0.0001318829373808564,-1.0760625804849441e-7,-2.0816344212531195e-5,-3.7104834068793193e-6,-0.00120585304609012,2.556769344455745e-5,3.137615344820521e-7,2.8503321462204925e-9,4.214328993558384e-6,-0.008699232335655754,1.3009909451237312e-8,-1.3012236164902033e-5,2.6799989498474093e-8,-2.7580597870919364e-5,6.986826719174295e-5,8.482617622410452e-7,-2.1937685351738978e-8,9.970425404670966e-7,5.268579193138695e-6,9.056951013040004e-7,-1.0274032606690172e-6,-7.478705974637818e-8,2.1163566366839323e-10,-0.00012778795344177266,-0.0011555538229964298,-2.6097497105158916e-9,1.3340935098930198e-5,-6.761593925263972e-6,-0.0003345721257895698,0.004184394565386497,-5.940098989028833e-10,-1.2326243285394393e-11,-0.0007308527942482243,-0.00043216907717576403,-4.444503643386506e-6,2.483082497853421e-8,-7.472024561275935e-5,-7.961770099658322e-5,4.940448714991221e-5,-2.4289963473721177e-7,-2.2681169712238095e-7,-1.4290909526641036e-5,1.9200778170062685e-5,0.00033069793191708736,-0.0015889634569507493,0.0021181799257716277,-0.0048612642333577955,-1.6156361324969093e-9,2.229907219256995e-10,-1.4798590465539626e-6,0.0004803865785542048,-2.525735563917268e-11
0.0,0.0,0.0,0.0,0.0,0.0,0.0,0.0,0.0,0.0,0.0,0.0,0.0,0.0,0.0,0.0,0.0,0.0,0.0,0.0,0.0,0.0,0.0,0.0,0.0,0.0,0.0,0.0,0.0,0.0,0.0,0.0,0.0,0.0,0.0,0.0,0.0,0.0,0.0,0.0,0.0,0.0,0.0,0.0,0.0,0.0,0.0,0.0,0.0,0.0,0.0,0.0,0.0,0.0,0.0,0.0,0.0,0.0,0.0,0.0,0.0,0.0,0.0,0.0,0.0,0.0,0.0,0.0,0.0,0.0,0.0,0.0,0.0,0.0,0.0,0.0,0.0,0.0,0.0,0.0,0.0,0.0,0.0,0.0,0.0,0.0,0.0,0.0,0.0,0.0,0.0,0.0,0.0,0.0,0.0,0.0,0.0,0.0,0.0,0.0,0.0,0.0,0.0,0.0,0.0,0.0,0.0,0.0,0.0,0.0,0.0,0.0,0.0,0.0,0.0,0.0,0.0,0.0,0.0,0.0,0.0,0.0,0.0,0.0,0.0,0.0,0.0,0.0,0.0,0.0,0.0,0.0,0.0,0.0,0.0,0.0,0.0,0.0,0.0,0.0,0.0,0.0,0.0,0.0,0.0,0.0,0.0,0.0,0.0,0.0,0.0,0.0,0.0,0.0,0.0,0.0,0.0,0.0,0.0,0.0,0.0,0.0,0.0,0.0,0.0,0.0,0.0,0.0,0.0,0.0,0.0,0.0,0.0,0.0,0.0,0.0,0.0,0.0,0.0,0.0,0.0,0.0,0.0,0.0,0.0,0.0,0.0,0.0,0.0,0.0,0.0,0.0,0.0,0.0,0.0,0.0,0.0,0.0,0.0,0.0,0.0,0.0,0.0,0.0,0.0,0.0,0.0,0.0,0.0,0.0,0.0,0.0,0.0,0.0,0.0,0.0,0.0,0.0,0.0,0.0,0.0,0.0,0.0,0.0,0.0,0.0,0.0,0.0,0.0,0.0,0.0,0.0,0.0,0.0,0.0,0.0,0.0,0.0,0.0,0.0,0.0,0.0,0.0,0.0,0.0,0.0,0.0,0.0,0.0,0.0,0.0,0.0,0.0,0.0,0.0,0.0,0.0,0.0,0.0,0.0,0.0,0.0,0.0,0.0,0.0,0.0,0.0,0.0,0.0,0.0,0.0,0.0,0.0,0.0,0.0,0.0,0.0,0.0,0.0,0.0,0.0,0.0,0.0,0.0,0.0,0.0,0.0,0.0,0.0,0.0,0.0,0.0,0.0,0.0,0.0,0.0,0.0,0.0,0.0,0.0,0.0,0.0,0.0,0.0,0.0,0.0,0.0,0.0,0.0,0.0,0.0,0.0,0.0,0.0,0.0,0.0,0.0,0.0,0.0,0.0,0.0,0.0,0.0,0.0,0.0,0.0,0.0,0.0,0.0,0.0,0.0,0.0,0.0,0.0,0.0,0.0,0.0,0.0,0.0,0.0,0.0,0.0,0.0,0.0,0.0,0.0,0.0,0.0,0.0,0.0,0.0,0.0,0.0,0.0,0.0,0.0,0.0,0.0,0.0,0.0,0.0,0.0,0.0,0.0,0.0,0.0,0.0,0.0,0.0,0.0,0.0,0.0,0.0,0.0,0.0,0.0,0.0,0.0,0.0,0.0,0.0,0.0,0.0,0.0,0.0,0.0,0.0,0.0,0.0,0.0,0.0,0.0,0.0,0.0,0.0,0.0,0.0,0.0,0.0,0.0,0.0,0.0,0.0,0.0,0.0,0.0,0.0,0.0,0.0,0.0,0.0,0.0,0.0,0.0,0.0,0.0,0.0,0.0,0.0,0.0,0.0,0.0,0.0,0.0,0.0,0.0,0.0,0.0,0.0,0.0,0.0,0.0,0.0,0.0,0.0,0.0,0.0,0.0,0.0,0.0,0.0,0.0,0.0,0.0,0.0,0.0,0.0,0.0,0.0,0.0,0.0,0.0,0.0,0.0,0.0,0.0,0.04364231273056988,1.1422845307964706e-10,-1.4605004031443156e-5,3.1740589497531494e-7,4.3613702938547874e-9,5.7203465777643765e-9,-0.0013685728043814848,-4.986793371189396e-11,6.060415717970758e-5,-3.061546948109585e-5,0.0002996716714645452,9.651874983771542e-10,-9.957123908457375e-11,2.5922712534151277e-11,-0.00014379334350680443,-1.916717273751045e-10,3.2286065635445023e-10,-1.612646801207747e-9,-4.3140280810033775e-9,-2.6855320918889657e-6,0.000814618857986066,-0.0008951008921925233,3.8024449897014567e-10,5.189512316683715e-10,2.1923856662582863e-11,-5.142332888830508e-5,8.394288864102761e-10,-2.4188235134793886e-6,0.0016685908405345885,1.4476938983680294e-5,5.254640543343372e-10,-0.0013341187503114595,-0.0012531940796629982,-4.975061623658609e-9,-4.241553361027893e-9,0.0003377006393732433,-1.3487156052404712e-5,-2.040404994617253e-5,-2.2286051942812997e-7,-0.001834501935016448,-0.0002121308498853217,-8.588586839824547e-11,-1.1146123504676276e-8,4.520571239210695e-5,-1.007158867830458e-5,-9.830856004481694e-9,5.928517039629305e-7,-0.00029179777323110745,1.397795459094579e-7,0.001350187296378373,0.0024439442646428506,-0.02473226073508284,0.0002239330149854068,7.367606342396126e-11,7.450361998527559e-5,2.2997306561770223e-6,-0.0002650120991371258,-5.067000358749551e-6,-1.2312736144763694e-5,6.985511440080202e-10,-8.42405066287649e-6,0.0007076302706739379,0.00013801047721605407,7.886999762885109e-5,0.0011186858063733656,-1.538744638262571e-9,2.7573183540430622e-8,-0.0009012582373406247,-9.694352554454405e-7,-0.001130135516812933,0.0003099498886635135,-2.765679456101427e-5,-0.007037104525345248,-3.3107788332275997e-7,-5.176450004986503e-7,0.00018982235947810332,8.251106475545155e-7,1.2866697042323043e-10,1.939678903002157e-6,-1.3445556799423865e-5,0.0004130083974262414,-0.005318395094156704,-0.0007185773812289923,-8.404005546815722e-6,5.4523051416800376e-5,-4.232842745063805e-8,-4.728950639284183e-8,0.00022442709123542584,1.5140380821799455e-5,-0.0025531861106556438,-2.995862313207464e-5,1.633259602043951e-5,4.695102006997779e-11,-0.0006696903744352194,-3.3648425062823277e-6,-1.1475419409523337e-6,0.00017934155591159268,-7.508156847354853e-5,0.0006921857711852426,3.603034366721351e-5,3.638230903763143e-5,-5.590143396066036e-10,-1.0729391141485354e-6,3.5482849183454118e-9,5.954858239568294e-10,2.4794795643524416e-5,3.3616504216312306e-11,-1.555299512693422e-5,0.0017056957915251865,-0.0004123621862351046,-9.400118667672386e-11,-1.2384581805036676e-7,5.238343154776636e-5,1.9223465537020644e-5,1.851572214623683e-10,5.411067724059008e-10,4.59326493576902e-5,2.986661745879606e-10,0.007541990081909179,2.3583001294616754e-7,-2.2289906677827086e-5,-3.2712975175782676e-5,0.00559798846960529,0.0001381528786750676,-0.00021190998992661516,8.062484113618833e-8,5.677949097332182e-7,0.0010727291224771286,0.0018199144361621873,-0.0007821569404111596,-2.0735897998870134e-11,-4.028860029580335e-9,2.833285420531132e-6,8.951424538441261e-6,-0.0014523478300563753,-5.725739401444042e-6,0.004486370781011549,-0.0002865075666080486,0.00017089895640539363,0.0013144505665810804,-0.0009252750028390165,-1.5088740302016542e-9,-6.295356109512933e-5,-3.0672837327524546e-6,3.124825863138477e-11,4.6393130864119116e-5,7.348016101827637e-6,-6.293232782547883e-10,-3.817822297195927e-7,8.890515096036953e-6,-2.317922589559145e-6,-4.114205961194784e-11,1.144276692639342e-10,6.375193051206621e-11,-3.7819489340700994e-5,0.0012824290759950987,-0.0001882409061784306,-1.5345885589171436e-7,-1.2123178347498504e-6,2.5390897568914352e-11,-4.339530131720449e-7,1.7942797170226088e-9,0.0007091533705640259,1.988275582234915e-11,-0.0015715351656207836,-1.9882863359559944e-5,1.646995289641639e-5,3.123303838678808e-8,-0.0010673538705246878,0.006233922105294457,-0.0011988733491166445,-1.923087205064937e-10,3.2982844817635123e-6,-1.0830090483434835e-8,-1.579747805090273e-5,-3.5487669389242275e-8,-0.0008969354174463526,1.8777339172810355e-6,1.881921696824169e-8,-0.00011113195998355161,-5.3169389056359156e-8,-1.6336234106801732e-8,6.16152441703748e-6,2.4102178535601845e-6,-0.0011472378062376467,-1.0422461841591934e-10,-4.5863025845604e-10,0.00010887692316504794,-1.5498563956088118e-7,3.3852671305843796e-9,2.484152140499528e-7,2.505506519753583e-8,-0.014882640078199096,6.124160017928028e-7,2.3872826717310916e-5,-4.006360797926407e-5,-3.0804255170069155e-10,1.3631311438609259e-5,-4.176814270837021e-9,-6.880959691968429e-12,-9.6576599162299e-6,1.1754905063939077e-5,-0.00022287039993478414,-5.518611580239837e-10,-1.1678761061011108e-9,-0.001536858655157431,-6.601732785978986e-5,-0.00010008496151281716,-0.013537520871718013,-0.0005174042596467005,4.601475791062293e-10,2.492074509546879e-5,-8.312277390403466e-10,1.4533298515793439e-5,-4.593911085870942e-6,-0.0006396391327841028,0.0008247069043561768,-2.7403806428048406e-10,3.713955543968468e-7,0.0005596678347750123,0.0008289412789395063,4.456373067168445e-7,-2.3761643632390782e-6,0.0002818091490714282,-3.215346454702266e-10,1.2464156541772651e-8,0.0021149619424038336,-8.406628125716296e-5,0.0001959999832926414,-0.00015539220849371903,5.532934853652863e-5,1.136886761832022e-7,0.00041259619816533017,5.212949306800497e-12,6.518005784760284e-10,-1.683532179543147e-6,1.2379539655186154e-9,0.00027780429563474746,0.00022413521194540112,9.875083360326406e-6,2.2025834813033016e-8,6.84586778360065e-7,-1.2560083090359847e-8,4.846583892805789e-11,-9.325773496435116e-5,-2.2011472593736694e-6,-6.206524050724274e-6,-0.0013206462237191645,-0.0009300393823167199,0.000240356482770846,-4.168627746186753e-9,-0.002103019551845653,-2.800609631521557e-8,3.171323214516595e-7,4.511694728381244e-10,4.177802299865871e-6,7.834510021820698e-10,3.8486937762793115e-5,-4.667978880208137e-8,5.2631760609896085e-12,-3.30478600948498e-10,-0.00015269265656908267,-0.00024420915778824623,-7.097542776810246e-6,-2.8962448434735094e-7,1.2761071381536639e-6,2.7330723889298107e-8,-3.3883126702273904e-5,1.576007835221568e-7,7.337267758706774e-9,-2.0096126326717413e-8,5.168209632806846e-11,4.10365562491799e-6,1.4411603698382868e-9,-8.25088494135071e-7,-2.781087829669234e-7,-4.9923151471455417e-8,1.816854832231691e-5,6.000426200213131e-11,3.639797011113574e-10,-9.514522351438988e-10,-1.6616816778809497e-6,2.2225635924231668e-9,-0.0009046514570353854,1.2197129841305432e-5,-6.803920258172381e-12,-0.001633833294918613,-0.0017942475770242787,-9.46013171620545e-7,1.7518665631015032e-5,1.2656258210070136e-6,-1.8959770305253616e-11,-0.0016586126983989715,0.00012489441791670213,9.937851769964621e-5,-2.8834626175432487e-8,1.314592604535699e-5,4.7702070407147506e-11,6.994209127694576e-5,-0.00022358042165133724,2.1108419436768e-7,0.00032483184606164965,-2.8069220763326924e-10,0.00022490771350556512,-2.2170093447649716e-10,-5.207504835787761e-9,2.0814887473167192e-11,0.000159103718992684,-0.0015771018818692077,-0.00017940727427911756,-7.010509467339822e-5,-1.2235101515658515e-10,0.00029520710692365924,-0.00022498193451076675,8.808874084165653e-6,2.3475633439351973e-8,8.139153020549276e-5,-0.00016877819728864228,-3.577867181788146e-5,2.1456406631575308e-8,-9.935605822884388e-8,1.9128785987044344e-5,2.0978233513055855e-6,-2.0870607213610224e-8,1.0950930999108686e-7,-2.3279733302286998e-5,0.0009870682837543388,5.1078609457914536e-5,-4.851727922720666e-9,8.019922154567721e-5,0.0022514819248130526,0.004221193859507571,-2.358743618930786e-10,-2.4011471754554796e-9,1.4442693137048918e-7,-5.709492474714693e-8,-2.969265656851658e-7,-5.863384630553014e-9,0.00028702643231994445,-9.433757215415252e-5,-9.99049059254452e-12,5.066418333502589e-6,1.9134397225621343e-6
0.0,0.0,0.0,0.0,0.0,0.0,0.0,0.0,0.0,0.0,0.0,0.0,0.0,0.0,0.0,0.0,0.0,0.0,0.0,0.0,0.0,0.0,0.0,0.0,0.0,0.0,0.0,0.0,0.0,0.0,0.0,0.0,0.0,0.0,0.0,0.0,0.0,0.0,0.0,0.0,0.0,0.0,0.0,0.0,0.0,0.0,0.0,0.0,0.0,0.0,0.0,0.0,0.0,0.0,0.0,0.0,0.0,0.0,0.0,0.0,0.0,0.0,0.0,0.0,0.0,0.0,0.0,0.0,0.0,0.0,0.0,0.0,0.0,0.0,0.0,0.0,0.0,0.0,0.0,0.0,0.0,0.0,0.0,0.0,0.0,0.0,0.0,0.0,0.0,0.0,0.0,0.0,0.0,0.0,0.0,0.0,0.0,0.0,0.0,0.0,0.0,0.0,0.0,0.0,0.0,0.0,0.0,0.0,0.0,0.0,0.0,0.0,0.0,0.0,0.0,0.0,0.0,0.0,0.0,0.0,0.0,0.0,0.0,0.0,0.0,0.0,0.0,0.0,0.0,0.0,0.0,0.0,0.0,0.0,0.0,0.0,0.0,0.0,0.0,0.0,0.0,0.0,0.0,0.0,0.0,0.0,0.0,0.0,0.0,0.0,0.0,0.0,0.0,0.0,0.0,0.0,0.0,0.0,0.0,0.0,0.0,0.0,0.0,0.0,0.0,0.0,0.0,0.0,0.0,0.0,0.0,0.0,0.0,0.0,0.0,0.0,0.0,0.0,0.0,0.0,0.0,0.0,0.0,0.0,0.0,0.0,0.0,0.0,0.0,0.0,0.0,0.0,0.0,0.0,0.0,0.0,0.0,0.0,0.0,0.0,0.0,0.0,0.0,0.0,0.0,0.0,0.0,0.0,0.0,0.0,0.0,0.0,0.0,0.0,0.0,0.0,0.0,0.0,0.0,0.0,0.0,0.0,0.0,0.0,0.0,0.0,0.0,0.0,0.0,0.0,0.0,0.0,0.0,0.0,0.0,0.0,0.0,0.0,0.0,0.0,0.0,0.0,0.0,0.0,0.0,0.0,0.0,0.0,0.0,0.0,0.0,0.0,0.0,0.0,0.0,0.0,0.0,0.0,0.0,0.0,0.0,0.0,0.0,0.0,0.0,0.0,0.0,0.0,0.0,0.0,0.0,0.0,0.0,0.0,0.0,0.0,0.0,0.0,0.0,0.0,0.0,0.0,0.0,0.0,0.0,0.0,0.0,0.0,0.0,0.0,0.0,0.0,0.0,0.0,0.0,0.0,0.0,0.0,0.0,0.0,0.0,0.0,0.0,0.0,0.0,0.0,0.0,0.0,0.0,0.0,0.0,0.0,0.0,0.0,0.0,0.0,0.0,0.0,0.0,0.0,0.0,0.0,0.0,0.0,0.0,0.0,0.0,0.0,0.0,0.0,0.0,0.0,0.0,0.0,0.0,0.0,0.0,0.0,0.0,0.0,0.0,0.0,0.0,0.0,0.0,0.0,0.0,0.0,0.0,0.0,0.0,0.0,0.0,0.0,0.0,0.0,0.0,0.0,0.0,0.0,0.0,0.0,0.0,0.0,0.0,0.0,0.0,0.0,0.0,0.0,0.0,0.0,0.0,0.0,0.0,0.0,0.0,0.0,0.0,0.0,0.0,0.0,0.0,0.0,0.0,0.0,0.0,0.0,0.0,0.0,0.0,0.0,0.0,0.0,0.0,0.0,0.0,0.0,0.0,0.0,0.0,0.0,0.0,0.0,0.0,0.0,0.0,0.0,0.0,0.0,0.0,0.0,0.0,0.0,0.0,0.0,0.0,0.0,0.0,0.0,0.0,0.0,0.0,0.0,0.0,0.0,0.0,0.0,0.0,0.0,0.0,0.0,0.0,0.0,0.0,0.0,0.0,0.0,0.0,0.0,0.0,0.0,0.0,0.0,0.0,0.0,0.0,0.0,0.0,0.0,0.0,0.0,0.0,0.0,0.0,0.0,0.0,0.05046081859853416,1.6924446316045568e-13,-1.899217290321951e-5,0.0018650123192924723,0.0006635588029459008,7.120405206602763e-11,-0.0023011149823550744,-2.5812646003941755e-12,-1.0116461186036205e-7,-7.469955245504887e-12,0.004843937237813939,-0.004282264797519347,-0.015724361326489748,1.12882644329282e-12,-0.00015530574100593514,0.004271872618411774,-0.015643960178867218,-0.00020557623639428526,4.3041660636425357e-13,-1.4918156171537895e-8,1.8035319594781239e-10,0.012955528914844222,-0.0053440391809326,0.0004114689172822789,-7.598848795573011e-9,-0.0011535411793540732,1.3109271034170226e-13,1.0430960435679142e-8,5.703178234418948e-7,0.010989613962676238,6.514958371989842e-11,1.2303429072270082e-9,-0.0037403048145175366,-0.0012886717078187254,6.061970141790645e-8,-1.2750948798549414e-7,-2.0153217324013088e-7,1.8806353221288725e-6,9.060108608993481e-11,-4.79414335496074e-12,0.0003202774961611491,0.0003752459114008169,-1.5404062258672942e-12,-5.34485055666227e-7,-0.0007344532714575557,-2.8537740616430707e-6,1.2229568750443397e-8,2.0362734002183024e-6,-8.723569689667746e-11,-7.847402891804679e-10,-7.095168890988992e-10,2.8638437574944117e-9,0.00029124626324692805,2.5626417210666614e-8,-1.8034937119290096e-6,1.6512299055400589e-12,1.1279621027256955e-14,-9.271779207284832e-8,-0.00025956960186188766,3.103649720630142e-14,-1.498319432678981e-11,-3.4537548581704287e-12,1.1601344571206765e-10,8.659967748601788e-9,0.004510712254696269,-0.00012003088999133211,-1.1195624816811266e-9,-8.584987959587913e-6,-8.365879937409633e-11,-4.063983442706894e-12,3.862200169663799e-12,4.4433073072053485e-10,1.1991515512329542e-7,-5.478600027841952e-13,1.946901307925666e-12,-4.9633802720384335e-6,0.006369594391972453,4.327376912929484e-6,-7.534684869132961e-8,4.985105748530842e-12,2.6656477015526688e-9,1.6194875296322537e-11,7.02301792210466e-7,1.1133468270286729e-13,0.0005669465471496398,0.000276568032131162,-2.8427657169544348e-11,2.809761471683201e-7,4.6822484153325784e-11,8.270366090473273e-13,4.119791129465598e-11,-0.005345678982953366,-1.9439854114210533e-11,-7.0032937452853095e-6,-1.45294976246547e-6,9.481239662884612e-13,-7.787130313600319e-14,-3.4474659852445943e-10,-2.8546325555329426e-12,-6.324740458053339e-7,0.0026684734257589704,-7.799008795553977e-14,0.0017590555166793528,0.013386136863486,-1.762318649795109e-13,0.00042077340446669255,-7.487725595117499e-7,2.958778737693985e-10,-1.2621755807971654e-9,-0.0032760889331255255,-5.859490150533941e-5,2.785481728450019e-8,6.72388119619815e-13,-0.00834044457462842,0.009470150423990522,-4.463063734262871e-12,-0.0007166681531961424,1.2918244243050928e-9,6.865378452663377e-6,1.6789637361796624e-7,-2.8081271702398347e-7,-1.6402481165305846e-9,-9.223044124215364e-12,-1.3219221704254445e-9,1.53349647949971e-5,1.2615540128554395e-5,-2.4075493668123005e-10,-9.597682349772804e-11,3.309836413637461e-11,0.0010365207880533417,-0.0012017529820438381,5.195182509353701e-14,-2.2160450345363674e-12,3.628282784005307e-9,9.565375440298485e-14,6.583707387813622e-11,-4.1264936654178605e-8,1.3523162514591134e-7,1.2326728765279464e-9,6.251617072758087e-10,0.0006003078404204163,-3.2292154848420097e-7,-1.3506199472298432e-13,-0.000645889496375109,6.902419125260757e-8,3.567236644318031e-7,-7.3157896031891086e-6,-3.901527760124036e-5,5.203699623047762e-13,4.5016176677340763e-14,-0.0011208057457298575,-0.014617783275943654,-7.500924113060313e-5,5.9850425712782955e-9,-1.0436691641486743e-11,4.2939481409738327e-11,8.613530510282377e-5,-8.700268711075324e-6,-0.00013429853896534851,1.5060183838553702e-5,0.00039158296506973725,4.239401517171256e-11,0.0017041008004655433,-2.4598415737065515e-9,-3.4718804083867565e-7,1.119401429607003e-6,-4.6408689099288706e-5,1.1198280433284745e-9,-6.902847652790074e-11,-2.8278904084614443e-9,0.0010895758218838856,8.6224825463014e-14,0.0006795945027937889,-1.2669371091715157e-12,-0.00023435558779651334,7.006171589764268e-12,-1.806767119469698e-13,0.00014116382019057993,-2.6470427833702983e-8,4.575742141555779e-5,0.00013521589500978736,-2.297953380512012e-8,1.7399822462334362e-6,1.6788896686770384e-11,0.01819482907254289,-0.0001188001894625711,-1.9193178526369003e-8,7.952830135506491e-6,0.0017085444754850214,1.5614398227423755e-8,8.794647941436522e-5,-1.5098491996338751e-10,-3.505834880835503e-6,1.2135768700651172e-12,-1.054672151413182e-7,-0.015542611123570816,6.068384012972051e-13,0.0021635419032276894,0.0013555022770185506,5.198024583268122e-7,-1.2491569619537068e-13,1.0039781260983722e-11,-0.0060194364793084475,-0.0030345229832651624,-2.8883631335162625e-10,8.465619740070419e-13,6.0994680886330595e-12,1.892741306107575e-10,-1.0558991883248366e-8,-0.003614482593669687,1.478366544276468e-8,8.056315745173433e-5,-6.397615808419139e-13,-9.247413549225695e-7,3.781968164348152e-10,5.27315642928582e-9,-6.982638152180047e-5,-8.657406258668594e-7,-4.2082982630595926e-11,3.426594767561458e-9,-4.875911200370514e-6,-2.4631761443448198e-6,-4.0041513307464107e-13,0.010595016358496507,0.0004442511763145978,8.513572192714717e-10,-2.1590711398524047e-8,1.1429605402269801e-7,4.7361983300131894e-9,-1.4842967877946528e-13,3.069646307166258e-5,1.841077098171105e-8,-0.0002434382031201891,0.0015729040368326647,3.0281558614314836e-6,0.01590844101747918,3.37595381614082e-9,-5.031821197308739e-12,3.574184413414317e-14,-3.583700894788325e-5,-1.645492945494797e-5,-9.215771165943556e-5,-0.002704418635917029,-3.1784876779744352e-12,4.7413238257395845e-7,-7.423847054438256e-13,-8.176721349560628e-10,2.5154846791739205e-10,8.030585129288228e-12,0.0008680158735094073,2.783670879206513e-10,1.7179814986483125e-5,5.046000959662683e-6,-0.0012707284532414752,-8.590212450583082e-14,0.001255067405048267,2.996541563692217e-7,1.326786207884352e-5,-0.005837745290986806,0.00010052357989008899,-5.2098526135672495e-9,-7.142395711763609e-8,-3.259575513601333e-13,5.6731816033686553e-14,9.46732666319043e-14,8.0948852378009e-5,8.297094756599328e-13,3.978791794122013e-6,0.000652636062549227,2.6888379924587837e-5,0.0009596971663525758,8.161720622998206e-9,-0.0024619796205965936,2.4762952139806734e-14,-2.3313685993463246e-7,0.00024707854203728953,5.54612761603486e-7,-0.0013533331305278652,0.0013140305969275936,-0.004974372160074497,-3.490147911023851e-13,-1.3110306215198666e-5,2.1342306386467099e-10,-1.0558928572166853e-7,0.001187697220165546,-4.597894050916569e-9,3.5203581811760445e-11,5.416560895388671e-7,-7.909558810370888e-14,-3.977494676190218e-6,-7.87443193975411e-5,3.0399803031014227e-10,-5.260966090922427e-8,-7.642387834523385e-9,-1.061732662121682e-5,-2.5290917279391073e-8,-9.536777572701898e-5,-9.881960985049475e-12,-2.0319464578094865e-8,2.57765578050491e-6,-2.0774432119442113e-10,-0.013273376837332884,-5.897381382189821e-11,-0.0015243935759571958,-0.001433538542179836,-0.00037668666352502203,7.89000161421845e-12,-3.842651976700107e-10,7.22426950607498e-9,-3.8144704313710166e-8,-0.00013756927708994353,8.730595153615248e-11,4.810526281201476e-14,-1.0452346980048031e-6,-0.00020376171655275065,-3.6077286429390155e-12,-4.600383418549167e-8,-7.824000488192694e-8,1.5281697097043787e-5,-1.4942309399428058e-5,3.4834430439326877e-12,3.126403805435719e-14,-0.00017811474170378253,1.8216505397187157e-5,1.977733059964416e-8,-3.5172099359828074e-11,-5.478230386320819e-7,0.0005268591465921948,7.3028910895176e-8,6.650341682009662e-10,-1.031724678519387e-9,0.006459173205010983,2.217677062522818e-6,1.1669634850894185e-5,0.00017380681141078173,1.9965292130698168e-5,-1.943897139943302e-5,-7.223431143865445e-12,-2.0485873355955105e-13,0.000877261097616134,-6.842441528548184e-7,-1.0990880935023619e-14
0.0,0.0,0.0,0.0,0.0,0.0,0.0,0.0,0.0,0.0,0.0,0.0,0.0,0.0,0.0,0.0,0.0,0.0,0.0,0.0,0.0,0.0,0.0,0.0,0.0,0.0,0.0,0.0,0.0,0.0,0.0,0.0,0.0,0.0,0.0,0.0,0.0,0.0,0.0,0.0,0.0,0.0,0.0,0.0,0.0,0.0,0.0,0.0,0.0,0.0,0.0,0.0,0.0,0.0,0.0,0.0,0.0,0.0,0.0,0.0,0.0,0.0,0.0,0.0,0.0,0.0,0.0,0.0,0.0,0.0,0.0,0.0,0.0,0.0,0.0,0.0,0.0,0.0,0.0,0.0,0.0,0.0,0.0,0.0,0.0,0.0,0.0,0.0,0.0,0.0,0.0,0.0,0.0,0.0,0.0,0.0,0.0,0.0,0.0,0.0,0.0,0.0,0.0,0.0,0.0,0.0,0.0,0.0,0.0,0.0,0.0,0.0,0.0,0.0,0.0,0.0,0.0,0.0,0.0,0.0,0.0,0.0,0.0,0.0,0.0,0.0,0.0,0.0,0.0,0.0,0.0,0.0,0.0,0.0,0.0,0.0,0.0,0.0,0.0,0.0,0.0,0.0,0.0,0.0,0.0,0.0,0.0,0.0,0.0,0.0,0.0,0.0,0.0,0.0,0.0,0.0,0.0,0.0,0.0,0.0,0.0,0.0,0.0,0.0,0.0,0.0,0.0,0.0,0.0,0.0,0.0,0.0,0.0,0.0,0.0,0.0,0.0,0.0,0.0,0.0,0.0,0.0,0.0,0.0,0.0,0.0,0.0,0.0,0.0,0.0,0.0,0.0,0.0,0.0,0.0,0.0,0.0,0.0,0.0,0.0,0.0,0.0,0.0,0.0,0.0,0.0,0.0,0.0,0.0,0.0,0.0,0.0,0.0,0.0,0.0,0.0,0.0,0.0,0.0,0.0,0.0,0.0,0.0,0.0,0.0,0.0,0.0,0.0,0.0,0.0,0.0,0.0,0.0,0.0,0.0,0.0,0.0,0.0,0.0,0.0,0.0,0.0,0.0,0.0,0.0,0.0,0.0,0.0,0.0,0.0,0.0,0.0,0.0,0.0,0.0,0.0,0.0,0.0,0.0,0.0,0.0,0.0,0.0,0.0,0.0,0.0,0.0,0.0,0.0,0.0,0.0,0.0,0.0,0.0,0.0,0.0,0.0,0.0,0.0,0.0,0.0,0.0,0.0,0.0,0.0,0.0,0.0,0.0,0.0,0.0,0.0,0.0,0.0,0.0,0.0,0.0,0.0,0.0,0.0,0.0,0.0,0.0,0.0,0.0,0.0,0.0,0.0,0.0,0.0,0.0,0.0,0.0,0.0,0.0,0.0,0.0,0.0,0.0,0.0,0.0,0.0,0.0,0.0,0.0,0.0,0.0,0.0,0.0,0.0,0.0,0.0,0.0,0.0,0.0,0.0,0.0,0.0,0.0,0.0,0.0,0.0,0.0,0.0,0.0,0.0,0.0,0.0,0.0,0.0,0.0,0.0,0.0,0.0,0.0,0.0,0.0,0.0,0.0,0.0,0.0,0.0,0.0,0.0,0.0,0.0,0.0,0.0,0.0,0.0,0.0,0.0,0.0,0.0,0.0,0.0,0.0,0.0,0.0,0.0,0.0,0.0,0.0,0.0,0.0,0.0,0.0,0.0,0.0,0.0,0.0,0.0,0.0,0.0,0.0,0.0,0.0,0.0,0.0,0.0,0.0,0.0,0.0,0.0,0.0,0.0,0.0,0.0,0.0,0.0,0.0,0.0,0.0,0.0,0.0,0.0,0.0,0.0,0.0,0.0,0.0,0.0,0.0,0.0,0.0,0.0,0.0,0.0,0.0,0.0,0.0,0.0,0.0,0.0,0.0,0.0,0.0,0.0,0.0,0.0,0.0,0.0,0.0,0.0,0.0,0.0,0.0,0.0,0.0,0.0,0.0,0.0,0.0,0.0,0.0,0.0,0.0,0.0,0.0,0.05643402359619546,-4.5409266669722625e-10,1.9559466348493575e-13,-1.638487354594915e-11,-1.1786177602367056e-5,-4.973996784915734e-14,-0.0022283958552755958,2.1020768884452468e-7,-0.0015589106842178548,-3.352543462425283e-13,-7.159008225104305e-14,4.064485052980253e-13,0.0027409694894114213,-5.299280696892578e-13,-4.459408029836143e-14,2.921079902660922e-13,5.027630508137659e-11,0.016226563024897854,-9.863870575248167e-8,-3.6385726820760713e-5,-5.34712586544259e-13,1.076682732259849e-12,5.305379900961234e-14,-1.1070866992258079e-6,2.186220677544803e-12,-0.003561802946138273,1.8621177779029623e-7,-3.081417271928239e-8,-5.938497057987061e-13,-0.00014922993267808197,-3.689205875927186e-5,-4.650841031815636e-12,1.3451021411989485e-11,2.6375919623351585e-8,-1.4606748253404298e-7,8.587568458891624e-8,6.685178445486278e-10,-0.0002856009423727062,0.00047050657259530606,-1.074802755141833e-13,-1.1185441568887155e-11,-0.0019549493347898374,1.3689887758134475e-8,-2.7845569153258172e-12,1.3514006614415578e-9,8.657367723095676e-7,-4.3674304418266245e-9,-6.840175383505013e-5,9.75421495927599e-7,1.282363705323901e-7,2.6591057928426747e-8,-2.445551931370483e-14,-4.468148292700677e-7,-3.4314309498001766e-9,0.0008584661832259261,-0.0037892782940078533,-4.2139718726203985e-9,-7.60767767517949e-14,0.008309703835514042,-0.0005537462728091508,0.00024304818896236178,5.670407105840009e-5,1.2072106616309738e-6,2.262458005326527e-13,-2.3449008429639384e-11,-1.1120720424808343e-6,1.3812920972429886e-9,2.645204547988295e-5,0.0003005689579904751,0.00012565473262678427,7.982636051657167e-6,-1.1570886865355767e-8,-0.00876708214290023,-0.0002833246499207571,-1.7274314559716155e-9,-5.76339407030473e-14,1.3825503057643759e-9,-9.69797131117657e-9,0.0001540282416428521,9.50134603648202e-7,0.0001990021003670514,-5.274218061990689e-9,-0.0034058325489547845,5.5861937495515646e-11,-6.676296928813664e-11,0.00029436009286851444,1.196644349758266e-9,0.00012765134346438565,0.007425561343728914,8.849525281020433e-5,-9.28134730536938e-14,-5.612718063278301e-5,5.505400855057874e-9,-2.4178817744934434e-9,-0.0028052883728259754,-0.004669790982456358,-4.904438889987352e-6,-0.003488705713711985,8.993845713873023e-10,-2.5411003176002403e-13,-9.82741522541281e-5,1.3764796377388276e-12,-1.6685163091721792e-12,0.0051656402593158995,1.4273583018614248e-13,3.726369561214541e-8,-1.9130231842131293e-5,-2.8297866150726287e-6,-6.775732530562186e-14,1.6131024372883106e-10,1.1957817227267672e-7,-0.00487378212742227,-3.0144339929213567e-13,-9.192762075113876e-13,0.005571837959944254,8.048178853010506e-12,7.076340726092394e-6,-1.113634423965409e-9,-5.393383370501131e-8,-1.4603741350644507e-8,8.372784513372374e-7,0.0002361483595152095,2.362692659465939e-6,1.1084998697676612e-10,-1.5923678792426014e-9,-2.1263705280143318e-5,-3.822203742412521e-5,-8.34143233938922e-5,4.924932078408504e-14,7.288948100805564e-12,-0.002379482461180654,0.006306843318037405,-8.753910826568755e-7,0.005610003616577553,-3.435595858440181e-5,-2.2411107017183392e-7,-1.7410856657016522e-7,-2.7361310003275703e-6,3.882696711070334e-7,5.798719434205208e-12,7.978646130625199e-9,0.0005528944856375777,-1.805187628579028e-14,1.00527513214323e-7,2.6845585702438435e-9,3.2327247297395806e-10,8.452389587310371e-10,0.014663633982909555,-0.0068750081754990955,-5.824792457876429e-15,3.435540299734411e-14,1.5123647126610486e-14,-1.0764143941266415e-7,-6.22418403580017e-5,-1.0850096902401606e-5,-4.0469889595338783e-11,3.896929774004569e-10,-3.199354778923934e-14,6.606789095087248e-10,-1.3388338811393679e-11,-1.923210703844132e-5,2.815048717981879e-14,-6.811401156392627e-6,-1.8059768351039524e-8,-1.1320203326690538e-9,-7.48406689292674e-11,9.105401703741224e-6,-1.1218627863278326e-5,-3.864905059056298e-6,3.7682896144695776e-14,-0.0015507271181906268,-1.1229791403308518e-11,0.000689525537262716,3.270847669529986e-11,-0.00027188514346542067,-0.0056483009067441695,-2.2372560124787912e-11,-1.7185932178736636e-7,3.8374770359826125e-12,-1.7624726945629507e-11,7.085996580199595e-10,-7.322692347877679e-9,0.0008331698968159511,-3.840596964027811e-13,2.0139229792752847e-12,-5.577386286940456e-8,-4.0155227416052704e-10,-2.1257404461323087e-12,2.7335170709578965e-9,2.4996095412777358e-11,2.4567578424035736e-6,1.0421251643992593e-9,0.0019036005878383154,-5.8812817265818364e-8,6.08173239562064e-14,-0.0019011587288648411,-2.7666627356631152e-12,3.0013098249446774e-14,-5.134871085453366e-9,-0.004120616323208544,-0.00036686944819560305,-1.2677156799495769e-12,5.7440511105761174e-12,1.8325008217706206e-6,-0.001758360700306416,0.000999465616294479,5.3863518193901845e-6,1.3321827755712962e-7,-1.1679766983970877e-12,4.785763848016058e-8,-1.4349891291996574e-12,-0.008944356247399391,-2.9715818660085326e-9,3.075028659043966e-6,1.8108035987593566e-6,-6.142625282216229e-13,-4.777912792280128e-9,0.00011187932572191578,4.871610847439568e-7,-6.756701372665754e-10,-2.166766688497714e-9,-0.00028141763000664804,-2.5217261624224503e-13,4.552987528971525e-12,4.004789848175768e-6,6.292347501273163e-7,-2.1115268333250344e-7,-1.0378801553474988e-6,-0.0031779797160295547,1.2683512291976902e-10,1.5301973003972884e-7,4.860407273877594e-15,-3.479738844327066e-12,2.308759609986841e-11,-2.9202565509270383e-13,-3.478638978616126e-7,-0.0021525709657161953,0.0011719429973554433,1.0616674471966343e-10,-3.3341604105184283e-10,-1.7319516167891576e-11,-2.540973449670905e-14,-0.00011945806530848374,4.005810051398462e-8,-0.002831090640532707,2.149465604259943e-7,-7.208255651987446e-6,6.83805722531392e-5,2.1332139207717252e-11,5.456936063943585e-6,-1.2117727506598348e-12,3.729169494558348e-10,1.740518028574084e-11,0.0001239380653009621,8.268315103352433e-13,-5.3765552143590265e-8,5.517576852575084e-11,-5.617815524242877e-14,-6.066094954694304e-13,3.218650156444565e-7,-2.2091040597347158e-8,0.009203331392788856,-0.00017743835839775543,0.0023447244881591284,-2.221128079330472e-10,-0.02370635488599427,3.850363557424875e-10,-2.2247523434748396e-11,1.788035504726859e-10,-3.3409091812054646e-14,5.660431783603734e-9,-2.2295979130405893e-12,0.0004538932628088625,6.530753977582105e-10,-3.308672387706154e-11,6.869890252149139e-9,1.0563965777023268e-12,2.3081059077430064e-13,1.4256643257214847e-13,0.013920242127765325,-9.114987167851406e-11,3.176541005754357e-6,1.3206026965507291e-8,-3.056477841576374e-14,3.692122907801832e-6,-2.3615674627909004e-6,4.1499182200570606e-9,-0.003519850321133791,1.4606983053632e-9,-5.229779854375054e-12,1.2444939868132662e-5,1.5811643917387396e-7,1.5892200084536318e-7,1.9120902146980325e-11,1.6254583130532502e-7,4.199168831106651e-14,-0.00021300758928982026,1.320067808843822e-7,-8.126868344415936e-11,1.9586936295538976e-5,-1.4784589102328845e-13,0.0006090356626533396,8.572916457071275e-13,4.432559548419888e-12,1.254029767571693e-14,-0.00021502237611989222,1.4861940598092114e-5,-3.034002107954697e-7,1.0222999443146003e-7,-1.2670587264138944e-14,-7.265660001393009e-5,0.0010090453946523894,6.6283734784844894e-9,8.187141214401805e-12,-1.651347711175323e-5,-1.3084043055116958e-7,-2.452809269360798e-8,-3.056427023208919e-10,3.1029150220321633e-10,0.0044438344805863995,-0.007140321328271907,-1.7673904102607874e-12,5.950001679961836e-12,5.4607592377462285e-9,7.424674400987497e-5,-1.6123598049901636e-8,-6.977666391187679e-12,1.2070594722206254e-7,1.6522344400071196e-6,-1.8554764737048237e-6,2.8415958198807703e-13,-7.781046944571077e-13,-1.0415385270034588e-10,5.236774143854584e-11,2.1327084603933257e-12,8.406310176883582e-12,0.00024353591788161156,0.004164123485468582,1.073821732087941e-13,4.375731109059013e-10,-0.0024532628409632065
0.0,0.0,0.0,0.0,0.0,0.0,0.0,0.0,0.0,0.0,0.0,0.0,0.0,0.0,0.0,0.0,0.0,0.0,0.0,0.0,0.0,0.0,0.0,0.0,0.0,0.0,0.0,0.0,0.0,0.0,0.0,0.0,0.0,0.0,0.0,0.0,0.0,0.0,0.0,0.0,0.0,0.0,0.0,0.0,0.0,0.0,0.0,0.0,0.0,0.0,0.0,0.0,0.0,0.0,0.0,0.0,0.0,0.0,0.0,0.0,0.0,0.0,0.0,0.0,0.0,0.0,0.0,0.0,0.0,0.0,0.0,0.0,0.0,0.0,0.0,0.0,0.0,0.0,0.0,0.0,0.0,0.0,0.0,0.0,0.0,0.0,0.0,0.0,0.0,0.0,0.0,0.0,0.0,0.0,0.0,0.0,0.0,0.0,0.0,0.0,0.0,0.0,0.0,0.0,0.0,0.0,0.0,0.0,0.0,0.0,0.0,0.0,0.0,0.0,0.0,0.0,0.0,0.0,0.0,0.0,0.0,0.0,0.0,0.0,0.0,0.0,0.0,0.0,0.0,0.0,0.0,0.0,0.0,0.0,0.0,0.0,0.0,0.0,0.0,0.0,0.0,0.0,0.0,0.0,0.0,0.0,0.0,0.0,0.0,0.0,0.0,0.0,0.0,0.0,0.0,0.0,0.0,0.0,0.0,0.0,0.0,0.0,0.0,0.0,0.0,0.0,0.0,0.0,0.0,0.0,0.0,0.0,0.0,0.0,0.0,0.0,0.0,0.0,0.0,0.0,0.0,0.0,0.0,0.0,0.0,0.0,0.0,0.0,0.0,0.0,0.0,0.0,0.0,0.0,0.0,0.0,0.0,0.0,0.0,0.0,0.0,0.0,0.0,0.0,0.0,0.0,0.0,0.0,0.0,0.0,0.0,0.0,0.0,0.0,0.0,0.0,0.0,0.0,0.0,0.0,0.0,0.0,0.0,0.0,0.0,0.0,0.0,0.0,0.0,0.0,0.0,0.0,0.0,0.0,0.0,0.0,0.0,0.0,0.0,0.0,0.0,0.0,0.0,0.0,0.0,0.0,0.0,0.0,0.0,0.0,0.0,0.0,0.0,0.0,0.0,0.0,0.0,0.0,0.0,0.0,0.0,0.0,0.0,0.0,0.0,0.0,0.0,0.0,0.0,0.0,0.0,0.0,0.0,0.0,0.0,0.0,0.0,0.0,0.0,0.0,0.0,0.0,0.0,0.0,0.0,0.0,0.0,0.0,0.0,0.0,0.0,0.0,0.0,0.0,0.0,0.0,0.0,0.0,0.0,0.0,0.0,0.0,0.0,0.0,0.0,0.0,0.0,0.0,0.0,0.0,0.0,0.0,0.0,0.0,0.0,0.0,0.0,0.0,0.0,0.0,0.0,0.0,0.0,0.0,0.0,0.0,0.0,0.0,0.0,0.0,0.0,0.0,0.0,0.0,0.0,0.0,0.0,0.0,0.0,0.0,0.0,0.0,0.0,0.0,0.0,0.0,0.0,0.0,0.0,0.0,0.0,0.0,0.0,0.0,0.0,0.0,0.0,0.0,0.0,0.0,0.0,0.0,0.0,0.0,0.0,0.0,0.0,0.0,0.0,0.0,0.0,0.0,0.0,0.0,0.0,0.0,0.0,0.0,0.0,0.0,0.0,0.0,0.0,0.0,0.0,0.0,0.0,0.0,0.0,0.0,0.0,0.0,0.0,0.0,0.0,0.0,0.0,0.0,0.0,0.0,0.0,0.0,0.0,0.0,0.0,0.0,0.0,0.0,0.0,0.0,0.0,0.0,0.0,0.0,0.0,0.0,0.0,0.0,0.0,0.0,0.0,0.0,0.0,0.0,0.0,0.0,0.0,0.0,0.0,0.0,0.0,0.0,0.0,0.0,0.0,0.0,0.0,0.0,0.0,0.0,0.0,0.0,0.0,0.0,0.0,0.0,0.0,0.0,0.0,0.0,0.0,0.0,0.0,0.0,0.0,0.0,0.0,0.0,0.0,0.055600441763215824,0.0004361461502996313,0.0014929252924366816,1.234802626985288e-7,1.4261924576156293e-7,-4.1649996125845525e-10,-2.1960499365882273e-5,-3.433594715649702e-9,-2.3788246055610572e-5,4.12401849525845e-6,8.599778024799426e-6,2.1413464518792117e-10,1.5054675957195745e-5,-5.329152279402012e-5,-1.2246871815596372e-5,-0.0019851862230060332,4.6079089208107155e-10,-6.930381440754639e-7,7.471814291833171e-8,5.899472452579372e-5,-8.717422259864432e-6,-1.725209434153131e-6,6.763139772226797e-6,-0.0005788347572610025,1.9298408839000374e-10,1.2149088488428809e-5,2.2181334549599e-5,0.00034312368853248165,6.680857756810042e-8,-4.6655043657499777e-8,0.00023288504789706802,-0.001748389368665733,1.2355766387045849e-5,8.287706687630895e-5,-0.0006528488163210092,-0.005127655495121977,4.314884657667109e-8,-6.518714729940818e-9,1.1789010455900963e-5,0.0022042588544082444,6.056545872161858e-10,-7.361462435794214e-5,0.00017019646779183777,0.0046167216109521585,-9.016188561609958e-6,-0.00045110885277978427,-6.891350168262603e-9,1.3221698717103082e-6,-9.94937132792232e-7,-5.735071680917078e-7,-1.4072419388891124e-6,-3.7342901784147286e-6,0.0010855248881767214,-4.831968029060613e-9,1.9728644271006045e-11,0.0002935002698720907,3.301601819869898e-5,-1.1524690547534087e-10,6.829937138486162e-11,-1.2835340411495416e-9,5.97430996801553e-8,3.829284492202141e-6,-8.694980656671249e-5,0.00490068903107147,-1.4862961119389126e-6,0.004771707344301918,-3.577170790104019e-7,2.628771272429357e-9,-4.026206419874764e-9,1.9119778926826613e-7,0.00038034728033251107,-3.447514890637048e-10,1.3772501611050293e-8,0.0045473343531371785,1.2702987970002146e-6,0.0022931149154359334,3.714476843026072e-6,-4.0650001759245454e-8,2.658490272120282e-6,-2.9387676093889105e-9,0.00017674570087358884,6.598254758449399e-10,-0.008441098988456911,0.003100025099531598,-1.173759321879531e-8,-9.044855484526083e-5,-3.577587651957066e-8,-7.190813740107481e-10,-1.2660372870918386e-8,2.4646219991706885e-6,3.502078583657965e-8,0.0008016655443995833,-0.00026693038222697535,4.747535248572094e-10,7.7593716619375e-11,6.073709562935329e-7,1.3989835097039177e-9,0.00013734349413516766,-6.181096152383093e-5,-6.805362129119588e-11,0.001183980052225593,0.00010549793931113527,-3.331890732785619e-10,-5.358836839794105e-6,-0.0003493679383727048,3.864472722716728e-8,-3.774996013015572e-7,1.0664422501197419e-5,-0.0015227323250160307,-1.2687552284101971e-5,2.132191916754726e-9,3.3011686392026475e-5,0.0002470208865563936,-2.9541633906954286e-9,0.00023080525685850964,-1.4403592182080384e-7,0.006567201094617649,9.869535549633411e-5,2.1198662191665653e-5,1.4252623793965551e-6,-1.634868263992726e-8,2.43657732068356e-7,0.00585290814937449,0.0072237009639186415,1.4784631536878125e-7,1.1244151662952974e-7,-1.1101778306420415e-8,-6.928092939645491e-6,0.00040878878554564263,5.63971770758428e-11,3.273433271834689e-11,8.583873800022661e-6,-1.3506619797765314e-11,-2.8728091614788878e-8,-8.23598999812951e-6,1.9740762094314163e-5,3.5650426537687974e-6,-6.917923179037682e-7,-0.0005412507292696134,-8.57202383056563e-5,-1.9765486859164554e-12,3.955766914685747e-6,7.3559703659182484e-6,2.6165609723644665e-5,-0.004536993030197344,-0.008572861506778398,5.5558060650223484e-11,-1.4574076279431897e-10,-1.8417300224234745e-6,5.0793456530958495e-6,-2.0151154852416925e-6,4.214771787542193e-6,8.558986276478158e-9,4.103719959299665e-8,0.00462382441809645,0.0005023136947189731,3.0372267853086173e-6,0.0005595842956382164,0.0005858547000532539,7.227504840182804e-8,7.495022663442306e-7,-1.4678844544958193e-6,-7.912887997955977e-5,0.00014037543109108705,0.0034086102868832505,-4.968082527065861e-7,5.271202929401057e-8,-1.7783895328117595e-7,-3.3942427381498463e-6,1.1510519442117754e-10,-0.0004919649873839393,-6.453230666135506e-9,-0.0034342887639675205,-1.0420901143927082e-8,-1.5285178902812074e-10,-4.7174688134473875e-5,-2.137384773921399e-6,0.0028250945131609835,0.0009552146526661513,-0.00018759001883458616,0.0005848337103156136,7.0426954378088015e-9,2.520601335345425e-5,-0.00038641685509541184,3.6605731257967327e-6,0.00033901026449775524,0.00029556091544088287,2.9078003493703914e-5,-0.00028021684342412656,6.734127006294724e-7,0.00039770154450199274,2.9472240330006924e-9,4.276808098309419e-6,-2.8704857001210707e-5,2.2175135654345e-10,0.00016234461877425886,-2.6095044116477436e-6,0.00030117271476527203,1.341425402468785e-11,4.014182579068612e-9,0.00017408797429362482,-0.00024464599611976023,-9.046142976112787e-7,-2.9023299803794487e-10,-5.566467493906766e-10,-2.2708768636434842e-7,6.317217149947704e-7,-2.839100696229893e-5,-1.608177528275887e-5,2.3917366869524097e-5,-2.9378032420703126e-10,-6.75523696371173e-5,8.471571275292006e-8,-5.537613264622904e-6,-4.143597426451164e-5,0.0013975867949838953,-1.2892715172302011e-8,2.9834770383862507e-6,-0.0024678108955149764,-0.00043568203829982225,4.935262586954318e-8,-1.1492033511696505e-5,-0.0019623328030546933,7.476433620195765e-8,5.284191790959096e-8,-2.2832651149266715e-6,-1.4633910317021442e-6,1.4869082030213033e-9,0.012423116355664662,-2.9600311713418804e-6,-1.2844799405067553e-6,9.183097012599072e-5,0.0012097036464746487,6.955119183395951e-6,2.877051463371749e-6,-1.5049202682744063e-9,-4.1853185373288797e-10,0.0015912925771850925,-0.0007057986481767595,0.001830455883044857,1.242092468659903e-6,1.5888820696466035e-8,-0.00018563642663807893,-1.7143358432340544e-10,1.2978554247531107e-6,-1.8143043333220848e-7,8.052412290820076e-9,-0.0012702240774147546,1.6625657305998546e-8,-0.008729635569283823,0.0001360971500134608,-0.001185576995917789,1.1465063694436249e-10,0.00012227533428732517,0.00016144217220666888,0.0028766225904085342,1.625279461720074e-5,5.176709451074334e-5,-5.420154464582838e-6,8.778406308253818e-6,-3.150396119246555e-10,-8.617624115591957e-12,8.829091023272606e-11,0.01641478221334875,-1.0795077609159112e-10,0.0024221055552611187,0.0007754826513698668,-0.007743683600080297,3.56641396597718e-6,-8.641508441611072e-5,0.0002223687994274286,2.236594537832233e-11,0.003219523963638144,0.004319842474187233,0.00013352087877604695,-7.75189576413557e-5,-5.8248041747903856e-5,-5.067105927178397e-5,-2.793684909593163e-10,-0.0009635260171478923,2.489762362050664e-7,0.00022534834506727467,-2.747972407373281e-6,-6.126250245435535e-8,-3.0535830079004426e-8,-0.00197309317492991,8.494190056074276e-12,-0.0013064917009617486,0.00018119391430881023,7.71491412909541e-8,-7.017975863977152e-7,4.792061492130189e-6,0.001043708675216831,-3.980346378515432e-5,1.602263115893437e-7,-3.5191742709756498e-9,-9.45987910761765e-7,-0.001378956004659255,3.6538630348370035e-8,3.4752297964027036e-5,-3.931320701895006e-8,1.0893249634289745e-5,0.00031405507971250915,-2.6074689132655853e-6,2.304990812734505e-9,-3.311355409398211e-7,-2.1288943821168675e-6,7.605639372674551e-6,6.079771905994523e-6,7.543864621259172e-8,3.907068173729571e-9,-0.0008823094917647016,0.000411140618508055,-2.7207055321787366e-9,1.1597943832026251e-5,-3.210392754089579e-5,6.37853493049793e-5,-0.0034753400740153806,1.7514399403299696e-9,-8.997481011923095e-11,-0.0011777458322685345,0.003645649396041128,-6.642136298215654e-6,1.573325173869977e-8,7.906704733118474e-5,0.0009820183361746772,-1.9292140559891083e-5,1.6305105112892712e-7,5.441551953866051e-7,3.954002438385088e-6,0.00027044639230565924,-0.005609476110224906,-0.013042961786797064,0.003880479437063251,-0.0004464069673102043,-1.4289418077375008e-9,1.3565112183111095e-10,-1.028683558155858e-5,-0.00024992164318060373,-4.911208265302909e-11
0.0,0.0,0.0,0.0,0.0,0.0,0.0,0.0,0.0,0.0,0.0,0.0,0.0,0.0,0.0,0.0,0.0,0.0,0.0,0.0,0.0,0.0,0.0,0.0,0.0,0.0,0.0,0.0,0.0,0.0,0.0,0.0,0.0,0.0,0.0,0.0,0.0,0.0,0.0,0.0,0.0,0.0,0.0,0.0,0.0,0.0,0.0,0.0,0.0,0.0,0.0,0.0,0.0,0.0,0.0,0.0,0.0,0.0,0.0,0.0,0.0,0.0,0.0,0.0,0.0,0.0,0.0,0.0,0.0,0.0,0.0,0.0,0.0,0.0,0.0,0.0,0.0,0.0,0.0,0.0,0.0,0.0,0.0,0.0,0.0,0.0,0.0,0.0,0.0,0.0,0.0,0.0,0.0,0.0,0.0,0.0,0.0,0.0,0.0,0.0,0.0,0.0,0.0,0.0,0.0,0.0,0.0,0.0,0.0,0.0,0.0,0.0,0.0,0.0,0.0,0.0,0.0,0.0,0.0,0.0,0.0,0.0,0.0,0.0,0.0,0.0,0.0,0.0,0.0,0.0,0.0,0.0,0.0,0.0,0.0,0.0,0.0,0.0,0.0,0.0,0.0,0.0,0.0,0.0,0.0,0.0,0.0,0.0,0.0,0.0,0.0,0.0,0.0,0.0,0.0,0.0,0.0,0.0,0.0,0.0,0.0,0.0,0.0,0.0,0.0,0.0,0.0,0.0,0.0,0.0,0.0,0.0,0.0,0.0,0.0,0.0,0.0,0.0,0.0,0.0,0.0,0.0,0.0,0.0,0.0,0.0,0.0,0.0,0.0,0.0,0.0,0.0,0.0,0.0,0.0,0.0,0.0,0.0,0.0,0.0,0.0,0.0,0.0,0.0,0.0,0.0,0.0,0.0,0.0,0.0,0.0,0.0,0.0,0.0,0.0,0.0,0.0,0.0,0.0,0.0,0.0,0.0,0.0,0.0,0.0,0.0,0.0,0.0,0.0,0.0,0.0,0.0,0.0,0.0,0.0,0.0,0.0,0.0,0.0,0.0,0.0,0.0,0.0,0.0,0.0,0.0,0.0,0.0,0.0,0.0,0.0,0.0,0.0,0.0,0.0,0.0,0.0,0.0,0.0,0.0,0.0,0.0,0.0,0.0,0.0,0.0,0.0,0.0,0.0,0.0,0.0,0.0,0.0,0.0,0.0,0.0,0.0,0.0,0.0,0.0,0.0,0.0,0.0,0.0,0.0,0.0,0.0,0.0,0.0,0.0,0.0,0.0,0.0,0.0,0.0,0.0,0.0,0.0,0.0,0.0,0.0,0.0,0.0,0.0,0.0,0.0,0.0,0.0,0.0,0.0,0.0,0.0,0.0,0.0,0.0,0.0,0.0,0.0,0.0,0.0,0.0,0.0,0.0,0.0,0.0,0.0,0.0,0.0,0.0,0.0,0.0,0.0,0.0,0.0,0.0,0.0,0.0,0.0,0.0,0.0,0.0,0.0,0.0,0.0,0.0,0.0,0.0,0.0,0.0,0.0,0.0,0.0,0.0,0.0,0.0,0.0,0.0,0.0,0.0,0.0,0.0,0.0,0.0,0.0,0.0,0.0,0.0,0.0,0.0,0.0,0.0,0.0,0.0,0.0,0.0,0.0,0.0,0.0,0.0,0.0,0.0,0.0,0.0,0.0,0.0,0.0,0.0,0.0,0.0,0.0,0.0,0.0,0.0,0.0,0.0,0.0,0.0,0.0,0.0,0.0,0.0,0.0,0.0,0.0,0.0,0.0,0.0,0.0,0.0,0.0,0.0,0.0,0.0,0.0,0.0,0.0,0.0,0.0,0.0,0.0,0.0,0.0,0.0,0.0,0.0,0.0,0.0,0.0,0.0,0.0,0.0,0.0,0.0,0.0,0.0,0.0,0.0,0.0,0.0,0.0,0.0,0.0,0.0,0.0,0.0,0.0,0.0,0.0,0.0,0.0,0.0,0.0,0.0,0.0,0.0,0.0,0.0,0.0,0.0,0.0,0.04487804987819919,-0.00027230669864183936,-1.0460412681510171e-9,0.00018375291556500044,-1.6617620281493187e-11,-6.163461255904332e-7,2.7328063324681594e-11,-0.004946704368695728,0.000306258002309112,0.0018398264862611066,1.1413519674332275e-12,0.0008838441723790167,-0.0003204221140750837,-0.0021967359146111256,-0.003862790050280282,-3.3152556702434753e-12,-1.147175113798819e-7,5.679704477831689e-10,-0.0004856397255705576,0.003026295802220596,-4.728066987311051e-5,-9.361256900384155e-8,-0.0010773353842289206,-2.162463674831941e-13,-1.0292207302795244e-7,-2.4795199990944704e-6,0.003944323699265752,-4.1666875716115597e-10,1.2055293497079758e-8,0.005026447399905311,0.012218211723313801,1.467808008870608e-6,4.702781848916331e-7,2.8497271462598295e-6,-2.485730009979286e-5,1.225897688041179e-9,5.5639731670304066e-11,9.700764240601879e-5,0.0024606578374006286,-2.0044582793082982e-11,2.8802167962204732e-5,0.004247626600668841,-8.445495937243206e-5,-2.551298083765758e-8,-6.330265120682388e-5,-1.81291338726186e-10,-1.0786281075899494e-8,3.284562561579083e-8,2.4163988316996646e-7,-8.018742206800932e-5,3.1036334858819615e-7,1.7791725679670648e-5,-4.44023421287961e-12,1.4697150198732487e-12,1.5234533629796775e-5,0.0004997439152327267,2.8467881139747467e-12,2.415889417692855e-10,-1.0042989614824829e-10,-1.7305282727126457e-9,2.1177169958907738e-8,-0.0017346966381688567,-0.0011569733740426278,1.1048282150138927e-8,8.001208405354335e-5,5.949076742227578e-9,-5.610704314747513e-11,-8.73246045722301e-11,2.2429544222805695e-9,-2.976527542647916e-5,-7.455709267734771e-13,1.207149139166238e-10,4.256912677116632e-5,-0.00022651538433192994,0.00011163027824382921,2.0243371988969887e-6,-1.0229361705287199e-10,4.857991489570241e-8,7.524784952720742e-10,-2.507064555389179e-6,-5.931389054012491e-13,-0.003722057533876622,-0.0014163245235089181,-1.7960705733232193e-11,7.5211060541198704e-6,-1.0322763213760484e-11,2.8128547615955373e-11,7.019012997817189e-10,0.00044580913239280855,2.1023491657064426e-9,3.6228121255890765e-5,-8.592353836446695e-6,4.8222371124416754e-11,-2.3704086463114698e-11,-2.6961317940187478e-8,-1.7660764606643216e-11,-4.7167159783035845e-6,-0.0013458814099480173,5.448615458917181e-13,0.002301189067081405,0.004788295244078244,8.684325398504595e-12,1.3000097062082886e-5,8.488062367684067e-6,5.0672188360432126e-9,9.700146244169978e-9,0.00023945801651866665,-0.00040632296733618596,3.053330860398917e-7,-5.628058082708805e-12,0.00036632277730264356,0.003496113296632855,-2.7442328582178023e-11,0.0013652685784327132,-1.792268800808162e-8,-0.0002535654260957823,5.7298220566211396e-6,1.5880312866340576e-6,2.8248649217100736e-8,-5.013890504992035e-10,-1.5882084672759237e-8,-0.0007152320394605974,-2.563235354336682e-5,-4.662900474453798e-9,8.079338947693459e-10,4.966762649964987e-10,-0.00016504372638264297,-0.0048139422238856495,-4.841423785424364e-13,2.1095398705784823e-11,-8.655972928841435e-8,3.46703141768282e-13,1.150223283606896e-9,-7.251775729021704e-7,1.4607001390085356e-6,2.630279480899084e-8,-2.025426201541819e-7,-0.006356883303739274,3.078954155238964e-6,3.7308760753333923e-13,-1.1577348910824638e-5,1.097323699795707e-7,4.31850303071378e-6,-4.4090806598633764e-5,-3.864389658675418e-5,-4.077919097497912e-12,3.083264005748296e-12,6.0862033699958644e-5,0.001193743419374491,-0.0001468008678790116,3.5331997822561783e-7,-2.044735475850761e-10,8.336816858171939e-11,-0.00014011318344157717,-2.744943784383748e-5,-2.4484908216954295e-5,-5.9277776209376934e-5,0.0022475566714893615,-1.1668082166744752e-9,-0.00014096075719064778,2.0348688943702523e-8,3.5861291161590177e-6,-8.78043744171547e-7,0.00700696029157042,-1.4393977647781186e-8,-2.5680809371025937e-9,9.972938715406842e-8,-0.0007401514005866766,-9.693881621580088e-13,0.008094751519638154,2.2624531244243177e-10,-0.0003430564896747221,-2.826285069350979e-11,2.644843287083435e-13,-0.014982902256553153,7.208011554304929e-7,0.00017796496391141867,0.0015799585416658441,-2.4073064447479283e-5,1.2448144850829922e-5,5.366228648473574e-11,-0.0014083525785926543,0.0033097725917511068,-5.3907936961922486e-8,-8.595858037796351e-5,-0.0054367769444488975,-3.526907030778743e-7,-0.0032965375195786665,1.166023777345658e-8,-2.9358267395389297e-5,1.8138498250708967e-11,-7.388424949775786e-7,0.0008128589783964328,1.2261227428933977e-13,0.00522071437499921,-7.180704791772697e-5,4.151100964913047e-6,-2.9872887304140505e-12,7.793869265078158e-11,-0.0027615648728850297,-0.015177323355435384,2.811047468129449e-8,-1.3571776093275766e-11,-1.7571452592172754e-11,1.3402609191969566e-9,1.6259866110763748e-7,-0.0011395129823727963,-5.337251692049086e-7,0.0006899513310421712,-3.4332865293309943e-12,-8.132276218333275e-6,-7.733746611763395e-9,4.8049268302225354e-8,2.1069966033827752e-5,8.217246048077128e-6,-7.633061529423188e-10,4.591996681423268e-8,2.9850295564230802e-5,2.7104717870878037e-5,1.0683300064640816e-10,-0.0041095938014323735,-0.005713258386466471,3.6537081094283577e-9,-5.480507328191909e-7,1.1694142977428886e-6,6.671177571904775e-8,-3.426131094805259e-11,0.0005036504965519386,-4.971953782103194e-8,-1.9828187475239052e-5,0.00704550211573359,2.2499893448679324e-5,-0.0016928752921325815,3.7802538165894555e-8,-1.2628520316346801e-11,7.929448474063e-12,-0.0011389375884310288,-2.8580240485689922e-5,-0.0036583654553256624,0.00023819254036088413,-2.735878918629972e-10,-7.902555900179837e-7,3.3950207567684343e-12,-1.5676803867198392e-8,8.32438866790389e-9,2.96290593760713e-11,0.01626249799371947,9.91276580368464e-10,-0.0001139491383036064,-0.00026716409005583754,-0.0004563376278830699,-2.613134923871876e-12,0.0015000148327073515,-1.7510410324355715e-6,4.113084095463466e-5,-0.00013458050482540883,0.0002557270028300214,-2.420162400380879e-7,-8.724497053518687e-7,2.206033574587102e-12,5.489199409427123e-13,4.220008435448399e-13,0.000646347442364029,1.85153074778422e-12,1.4992708774297842e-5,-0.0031898054372861947,-0.0011911310673935172,-0.0005963146006565471,2.2407367610040584e-5,0.0063078627032665075,3.074351338413155e-13,-0.00014322278737280279,-0.00010556663839961996,-1.497728022825385e-5,0.0009847281424028914,0.00060009157506832,-0.0004573244047751695,-1.1260600292265789e-12,-0.000320430781833297,8.938069821738218e-9,3.030070740427294e-6,-7.787723801622954e-5,-1.002553067340203e-7,4.675782308781475e-10,2.4582568454701794e-5,-8.46047929478998e-12,3.101759112892182e-5,0.0015925664914708175,-2.3541536811480593e-9,-4.0848503785218473e-7,8.889720048663268e-9,-0.00013951744718945203,-4.611871716827094e-7,8.854900122684444e-5,-4.26677340476174e-12,-3.364227256866209e-7,-8.475133484841378e-5,-4.046483939986798e-9,-0.005805027891945235,3.1731427775206076e-11,0.003779617465614892,-0.008773076921201453,7.603882389920111e-6,5.505362226383254e-11,-5.3328663483588795e-9,2.713499037198317e-7,-3.5489170209761113e-7,0.00020993548442381363,1.030320858722968e-9,-1.2827223248506063e-10,-4.698929628312854e-6,0.002960944058821189,1.931572492669547e-11,1.091240843483453e-8,-2.5571031393043893e-7,0.00035366321903222665,0.00019818391110083147,1.5509968433043265e-11,2.0946069472231187e-12,0.00921342368623898,5.1605177426586096e-5,-1.6016172182448288e-6,-1.8350228277235456e-10,-3.1812366704140377e-7,-0.00887017769041575,9.312581937373175e-7,-5.28828126547847e-9,-6.849951120082771e-10,0.0006180583501038789,-0.003386019642845516,0.0001517359157234136,-0.0014796875214220671,-0.00022473762112718446,-0.0003298354063961116,-3.539843445427799e-11,4.8157435535784345e-12,-0.0002956526926192223,1.552196329921069e-5,1.411024122699968e-12
0.0,0.0,0.0,0.0,0.0,0.0,0.0,0.0,0.0,0.0,0.0,0.0,0.0,0.0,0.0,0.0,0.0,0.0,0.0,0.0,0.0,0.0,0.0,0.0,0.0,0.0,0.0,0.0,0.0,0.0,0.0,0.0,0.0,0.0,0.0,0.0,0.0,0.0,0.0,0.0,0.0,0.0,0.0,0.0,0.0,0.0,0.0,0.0,0.0,0.0,0.0,0.0,0.0,0.0,0.0,0.0,0.0,0.0,0.0,0.0,0.0,0.0,0.0,0.0,0.0,0.0,0.0,0.0,0.0,0.0,0.0,0.0,0.0,0.0,0.0,0.0,0.0,0.0,0.0,0.0,0.0,0.0,0.0,0.0,0.0,0.0,0.0,0.0,0.0,0.0,0.0,0.0,0.0,0.0,0.0,0.0,0.0,0.0,0.0,0.0,0.0,0.0,0.0,0.0,0.0,0.0,0.0,0.0,0.0,0.0,0.0,0.0,0.0,0.0,0.0,0.0,0.0,0.0,0.0,0.0,0.0,0.0,0.0,0.0,0.0,0.0,0.0,0.0,0.0,0.0,0.0,0.0,0.0,0.0,0.0,0.0,0.0,0.0,0.0,0.0,0.0,0.0,0.0,0.0,0.0,0.0,0.0,0.0,0.0,0.0,0.0,0.0,0.0,0.0,0.0,0.0,0.0,0.0,0.0,0.0,0.0,0.0,0.0,0.0,0.0,0.0,0.0,0.0,0.0,0.0,0.0,0.0,0.0,0.0,0.0,0.0,0.0,0.0,0.0,0.0,0.0,0.0,0.0,0.0,0.0,0.0,0.0,0.0,0.0,0.0,0.0,0.0,0.0,0.0,0.0,0.0,0.0,0.0,0.0,0.0,0.0,0.0,0.0,0.0,0.0,0.0,0.0,0.0,0.0,0.0,0.0,0.0,0.0,0.0,0.0,0.0,0.0,0.0,0.0,0.0,0.0,0.0,0.0,0.0,0.0,0.0,0.0,0.0,0.0,0.0,0.0,0.0,0.0,0.0,0.0,0.0,0.0,0.0,0.0,0.0,0.0,0.0,0.0,0.0,0.0,0.0,0.0,0.0,0.0,0.0,0.0,0.0,0.0,0.0,0.0,0.0,0.0,0.0,0.0,0.0,0.0,0.0,0.0,0.0,0.0,0.0,0.0,0.0,0.0,0.0,0.0,0.0,0.0,0.0,0.0,0.0,0.0,0.0,0.0,0.0,0.0,0.0,0.0,0.0,0.0,0.0,0.0,0.0,0.0,0.0,0.0,0.0,0.0,0.0,0.0,0.0,0.0,0.0,0.0,0.0,0.0,0.0,0.0,0.0,0.0,0.0,0.0,0.0,0.0,0.0,0.0,0.0,0.0,0.0,0.0,0.0,0.0,0.0,0.0,0.0,0.0,0.0,0.0,0.0,0.0,0.0,0.0,0.0,0.0,0.0,0.0,0.0,0.0,0.0,0.0,0.0,0.0,0.0,0.0,0.0,0.0,0.0,0.0,0.0,0.0,0.0,0.0,0.0,0.0,0.0,0.0,0.0,0.0,0.0,0.0,0.0,0.0,0.0,0.0,0.0,0.0,0.0,0.0,0.0,0.0,0.0,0.0,0.0,0.0,0.0,0.0,0.0,0.0,0.0,0.0,0.0,0.0,0.0,0.0,0.0,0.0,0.0,0.0,0.0,0.0,0.0,0.0,0.0,0.0,0.0,0.0,0.0,0.0,0.0,0.0,0.0,0.0,0.0,0.0,0.0,0.0,0.0,0.0,0.0,0.0,0.0,0.0,0.0,0.0,0.0,0.0,0.0,0.0,0.0,0.0,0.0,0.0,0.0,0.0,0.0,0.0,0.0,0.0,0.0,0.0,0.0,0.0,0.0,0.0,0.0,0.0,0.0,0.0,0.0,0.0,0.0,0.0,0.0,0.0,0.0,0.0,0.0,0.0,0.0,0.0,0.0,0.0,0.0,0.0,0.0,0.0,0.0,0.0,0.0,0.0,0.0,0.0,0.0,0.0,0.0,0.0,0.04918763639617533,-4.044130053596659e-9,5.918370807407321e-5,-3.1521684271472296e-11,-2.695688896073643e-6,1.645522883842491e-10,0.000674531524596575,0.00011263058328070738,-0.0003238351453706132,1.481646902993193e-11,0.00022520174808589842,-0.00038576476784394167,0.00012150022200784836,0.02167337472593506,-6.846541902647335e-13,2.9826753094553565e-7,2.978832130191605e-9,0.0003422635358926551,-0.0006244880601794973,-2.454621632388069e-5,4.750482183362669e-7,-0.0009299327584687241,-2.3065793151106774e-12,-7.013261484497202e-7,-5.519110223501483e-6,0.004412717054890796,-1.6468058646639075e-9,-6.868237561837117e-9,-0.004488165744224642,-0.0037683469643057157,1.1990474619527475e-6,2.495578981655123e-6,3.770998045911354e-5,-0.0002264159509585472,1.532531678405298e-9,1.409727751624809e-10,-5.966836149254427e-6,0.007272891973222862,-6.608122947466014e-11,6.36933711002146e-5,-0.007300231334436806,-0.00037626194456368277,-2.699791486299513e-7,9.730933452942703e-5,-3.3143736848931934e-10,-6.841569256034913e-8,2.4910758488389744e-8,3.099848783124247e-7,1.548631654662436e-5,-6.572064803173432e-7,-2.698953455230367e-5,9.991027957777545e-11,2.3829855876974894e-12,1.3134984884138172e-5,0.00012887625333386096,6.055924061507761e-12,9.974884784140518e-11,-3.289081911071939e-10,-8.112538018540116e-9,-1.7170475785516984e-7,0.0007808501620363282,-0.009850486995372491,5.378530988126001e-8,0.00014520173200661038,-7.968591082250589e-9,1.4210500994874558e-10,-9.666392243938572e-11,1.3500799454384053e-9,-7.661796369435822e-5,4.5365042206387454e-13,-1.0438039059775632e-10,-0.00017174976748645935,-0.00010927236897559557,0.00040919642727115413,2.1799089925746764e-6,6.462140369919107e-10,8.116106636885464e-8,8.762765939088922e-10,2.289313858881916e-6,-1.0808234243027009e-12,-0.005986817440968065,-0.0007304172020081831,2.4762973077987932e-12,2.4965479354283764e-5,-1.3585212801964412e-9,6.023226311073189e-11,8.051698216572732e-10,0.0001593933457349248,9.841807537941044e-9,6.190615087651949e-5,6.685132032967625e-6,-5.301747847765559e-11,-3.0299054661934914e-11,-1.5336579771255906e-8,-2.3498591414231317e-11,2.1627881640592746e-6,9.214627806409437e-6,3.836956358165035e-12,-0.001849410047631185,0.0009355821008915776,3.5752457093665515e-11,-1.2599128224371644e-5,3.528753525303381e-5,1.493928091025187e-8,-2.4213274898468938e-8,9.425849911257949e-5,-0.0028063832969330636,3.7520703538759045e-7,-1.0233949153637534e-10,9.758521005428535e-5,0.0015001193016980557,-5.319330950519314e-11,-0.0024220485522249476,-7.731965649790703e-8,0.0010311071618820025,4.832492518673827e-6,4.014199343090036e-6,1.080255721094393e-7,3.6196882120324753e-10,-1.883837051276616e-9,-0.005141655430805192,0.0007299381940958478,-4.38261247577795e-9,2.284220014136988e-9,1.1871267713070183e-9,-3.399134216839071e-5,-0.0007801888984877795,2.9723250730820126e-12,4.0483695965565815e-11,-6.34959918074716e-7,2.1705832695795142e-12,-6.012500833983813e-10,-2.7354070041317415e-7,-1.544830232720084e-7,-4.274542788962514e-8,-1.5676785996606133e-7,0.004958651479746485,1.3864885770673741e-5,7.484085303138893e-12,2.0911054931220224e-5,-1.6275855287290884e-6,3.127020621242495e-6,7.863010004604366e-5,-0.0015159082805511232,-1.0312363704544673e-11,2.82142013709155e-12,1.496715536243173e-5,5.236823854988429e-5,-1.3502387800233102e-5,3.130298291404456e-8,-6.315947224064752e-10,-1.3819233149150023e-9,0.003773861229078827,2.5501550138265037e-5,-6.152455532596675e-6,-0.000169457515057175,-0.004689501289639491,-3.1854428260194238e-9,-1.883936789576462e-5,5.175432989510481e-8,-8.370426211018448e-6,2.453198432258475e-5,0.0014238008357555453,-6.10647941867423e-8,-6.149754698446055e-9,1.199093419902962e-7,-5.322620698247059e-5,-2.9215089440332647e-12,0.0034952906582389866,2.897862598021948e-10,-0.006217066702269724,-1.920358684932051e-10,3.4151852154428402e-12,0.0024100492341709106,1.7792471315714788e-6,0.0009596264349008155,0.004741417396581598,9.004283924931885e-5,7.77156673617241e-5,1.5450846572778727e-10,-0.000309556771237787,0.0011884085376536965,9.724060535470243e-8,-0.0002190146698088422,0.002193585736524807,-3.49053129165594e-6,-0.001722473873339816,-1.3677566316949684e-8,-3.62965070510508e-5,-1.5973145243513795e-11,-2.104235340255878e-6,-5.2326993194147646e-5,-2.8128241034715264e-12,0.00045066636140804673,-3.0396764602027964e-5,1.1987636073408107e-5,1.5034177461877317e-11,-1.9070483996610295e-11,-0.0001446902017798451,-0.002567636819763649,5.44559753097538e-8,2.603814880352004e-11,4.745560485199775e-11,1.4983009134253719e-9,5.062254128692879e-7,-0.00025206781251269723,-6.1514807117314065e-6,0.0020082891804508547,-4.395518013016923e-12,-3.075704457775059e-6,-3.1056174569943926e-8,-1.9923483154658482e-7,-0.0006614550166316131,2.4305929589219452e-5,-8.555669519080247e-10,-1.0352456203101994e-7,-0.00015768761586166095,4.377997934768203e-5,2.8617809420417567e-10,0.0006194800597179183,-0.007558258909617646,9.274916136508444e-9,-5.779557926988766e-7,1.3531925244613475e-6,1.6788867752272293e-7,-1.5049395005497687e-11,-0.00024147568255310177,-1.800584306826107e-8,1.0999442080595455e-6,0.00019796285308955195,0.00019970443767771277,0.0003774763890032363,7.208978278617097e-8,6.615027099941275e-12,1.0061418285743217e-11,-0.0034943049306660062,0.00043800469663657577,0.0076390274516193344,7.641544786204046e-5,-5.700106410611945e-10,1.1971872573880844e-5,6.679616266895534e-12,3.522961682238949e-8,1.332671126873024e-9,-2.7467275437170025e-10,-0.00010073568290906682,9.777577054815905e-9,0.0007639244321828156,0.00044076048301649784,-0.007563658318152039,-8.981598117624787e-12,-0.00039173286396837985,-4.510620159223727e-6,0.0018595889488450537,0.00034904882581911933,-0.0001791779855632721,6.980236021633695e-8,-3.3409361799122372e-6,8.855441197301447e-12,1.0130509404441759e-12,1.3668580977493163e-12,0.0035749074318628367,1.8439875429814467e-11,-2.0262721775704258e-5,0.034360705851774725,-3.953398215931147e-5,-0.00017663025468359991,-4.327071572952037e-5,-0.00298226274425933,-2.1005565335067375e-13,-0.00048257284710996194,0.004470421391496061,-5.469101081373222e-6,-0.0014137207006207993,-0.0006571779491580843,0.0012096874659161742,2.826760930156178e-12,0.0006126722327795424,-1.6629644784389827e-9,-2.3728554339012817e-5,-5.173044724125968e-6,-1.006760421695855e-7,-3.086804295390452e-11,-0.0001720310287133982,-3.4328802632347595e-11,-2.4110941126488303e-5,0.0006447246633633364,-4.553821491864422e-9,1.3462358417261385e-6,6.569144775340829e-7,0.005454809632412671,-9.499661070738988e-7,-1.2205651829271603e-5,6.057132924851807e-11,-9.120258841641391e-7,-0.00014642257727325898,-2.4204293800734506e-9,0.00015098593571259952,6.201305132396893e-10,-0.001612868602955139,-0.0018711119515799261,2.438452314892416e-5,2.6018645633252587e-11,-1.4688800159519954e-8,9.512578075242132e-7,-1.4549958449891612e-8,3.416459446948427e-5,-4.193306809516889e-10,-1.707040983447081e-10,-2.672911484996933e-5,-0.0002815554001629794,1.4988300908239906e-10,-6.217480345430723e-8,2.594047311992819e-6,-1.6929340428929656e-6,-0.0016463709605288872,-3.330234575985097e-11,2.6233900171834896e-12,-0.023051958780351902,0.0005714528724788293,-4.21812034749299e-6,3.418000075131199e-9,-7.959622959403827e-7,0.0023769540073804705,-2.5197457488355935e-6,-9.674047543865818e-9,6.783822242685103e-9,-0.00017628655024898315,-0.00043482217586826826,0.00018053125923051737,-0.0010258903972886649,0.000945742564199765,-0.0011212788704046488,6.76076152234076e-11,3.1781964306793465e-11,-3.071852419541683e-5,-3.941664240335711e-5,2.408371543938597e-12
0.0,0.0,0.0,0.0,0.0,0.0,0.0,0.0,0.0,0.0,0.0,0.0,0.0,0.0,0.0,0.0,0.0,0.0,0.0,0.0,0.0,0.0,0.0,0.0,0.0,0.0,0.0,0.0,0.0,0.0,0.0,0.0,0.0,0.0,0.0,0.0,0.0,0.0,0.0,0.0,0.0,0.0,0.0,0.0,0.0,0.0,0.0,0.0,0.0,0.0,0.0,0.0,0.0,0.0,0.0,0.0,0.0,0.0,0.0,0.0,0.0,0.0,0.0,0.0,0.0,0.0,0.0,0.0,0.0,0.0,0.0,0.0,0.0,0.0,0.0,0.0,0.0,0.0,0.0,0.0,0.0,0.0,0.0,0.0,0.0,0.0,0.0,0.0,0.0,0.0,0.0,0.0,0.0,0.0,0.0,0.0,0.0,0.0,0.0,0.0,0.0,0.0,0.0,0.0,0.0,0.0,0.0,0.0,0.0,0.0,0.0,0.0,0.0,0.0,0.0,0.0,0.0,0.0,0.0,0.0,0.0,0.0,0.0,0.0,0.0,0.0,0.0,0.0,0.0,0.0,0.0,0.0,0.0,0.0,0.0,0.0,0.0,0.0,0.0,0.0,0.0,0.0,0.0,0.0,0.0,0.0,0.0,0.0,0.0,0.0,0.0,0.0,0.0,0.0,0.0,0.0,0.0,0.0,0.0,0.0,0.0,0.0,0.0,0.0,0.0,0.0,0.0,0.0,0.0,0.0,0.0,0.0,0.0,0.0,0.0,0.0,0.0,0.0,0.0,0.0,0.0,0.0,0.0,0.0,0.0,0.0,0.0,0.0,0.0,0.0,0.0,0.0,0.0,0.0,0.0,0.0,0.0,0.0,0.0,0.0,0.0,0.0,0.0,0.0,0.0,0.0,0.0,0.0,0.0,0.0,0.0,0.0,0.0,0.0,0.0,0.0,0.0,0.0,0.0,0.0,0.0,0.0,0.0,0.0,0.0,0.0,0.0,0.0,0.0,0.0,0.0,0.0,0.0,0.0,0.0,0.0,0.0,0.0,0.0,0.0,0.0,0.0,0.0,0.0,0.0,0.0,0.0,0.0,0.0,0.0,0.0,0.0,0.0,0.0,0.0,0.0,0.0,0.0,0.0,0.0,0.0,0.0,0.0,0.0,0.0,0.0,0.0,0.0,0.0,0.0,0.0,0.0,0.0,0.0,0.0,0.0,0.0,0.0,0.0,0.0,0.0,0.0,0.0,0.0,0.0,0.0,0.0,0.0,0.0,0.0,0.0,0.0,0.0,0.0,0.0,0.0,0.0,0.0,0.0,0.0,0.0,0.0,0.0,0.0,0.0,0.0,0.0,0.0,0.0,0.0,0.0,0.0,0.0,0.0,0.0,0.0,0.0,0.0,0.0,0.0,0.0,0.0,0.0,0.0,0.0,0.0,0.0,0.0,0.0,0.0,0.0,0.0,0.0,0.0,0.0,0.0,0.0,0.0,0.0,0.0,0.0,0.0,0.0,0.0,0.0,0.0,0.0,0.0,0.0,0.0,0.0,0.0,0.0,0.0,0.0,0.0,0.0,0.0,0.0,0.0,0.0,0.0,0.0,0.0,0.0,0.0,0.0,0.0,0.0,0.0,0.0,0.0,0.0,0.0,0.0,0.0,0.0,0.0,0.0,0.0,0.0,0.0,0.0,0.0,0.0,0.0,0.0,0.0,0.0,0.0,0.0,0.0,0.0,0.0,0.0,0.0,0.0,0.0,0.0,0.0,0.0,0.0,0.0,0.0,0.0,0.0,0.0,0.0,0.0,0.0,0.0,0.0,0.0,0.0,0.0,0.0,0.0,0.0,0.0,0.0,0.0,0.0,0.0,0.0,0.0,0.0,0.0,0.0,0.0,0.0,0.0,0.0,0.0,0.0,0.0,0.0,0.0,0.0,0.0,0.0,0.0,0.0,0.0,0.0,0.0,0.0,0.0,0.0,0.0,0.0,0.0,0.0,0.0,0.0,0.0,0.0,0.0,0.0,0.0,0.0,0.0,0.0,0.06118580108932885,2.0643343600981163e-11,-0.00035017765773813703,-2.7882362819587896e-5,-0.0016667855330782739,2.6861173954283006e-10,2.5911762178757902e-11,-8.711782603054361e-11,9.980137463973517e-5,-1.849533599724863e-12,5.199611398178775e-11,-1.1454872981674767e-10,-3.37185704936514e-9,0.00017359250162204745,0.00013134033150619158,0.005892292825205225,-3.7808959347606047e-13,-2.744001494161008e-10,-1.1569930360678041e-11,3.5616979346095986e-5,3.112124032989145e-10,7.655375988420813e-5,0.00023479365510858103,9.54050128026542e-6,1.4097909544004986e-10,0.007014755384144188,0.00033763816672823785,-4.494963976678102e-10,1.2154027085987538e-9,-3.852284691385941e-5,4.336219784559886e-6,-1.0937039859561495e-5,6.300344611783752e-8,0.01018901711154758,-0.00590365660781345,1.3072512703762886e-12,-1.397519541476823e-10,-0.0005752656807602654,-3.0288332367953593e-6,-2.7107043355615185e-10,5.86588272649599e-7,5.808156262993642e-5,6.385142628786505e-7,-0.010735813174367365,0.00038243269959942135,-0.0010957408412452978,-0.00028076879537111525,3.95309416311206e-12,-6.228607032333127e-5,4.68615326916553e-7,-0.00447522822182283,0.0001243830254159326,1.2255043221320276e-6,-1.9093854567983646e-11,-4.670032188756338e-5,-0.0024150664259212098,-0.001071780731756026,-0.0029743059740865835,4.0774611751650564e-5,1.6029447476296904e-10,-2.994883140071012e-9,-0.001078891962069629,-5.009992520040775e-7,-0.0053203959662099405,-0.0011280465410210185,-0.00018793445934797001,-0.001973975228819476,3.4369510563736828e-6,-4.543362930162747e-5,0.006476055747933584,1.772984178325294e-7,3.454210544983145e-12,-4.0954214153483e-7,4.301831867660491e-6,-0.024160325866502866,0.0011008120123705794,0.004198779396945948,1.8508944982555952e-6,0.0005530823062470253,1.8778054192506116e-8,9.272176271195685e-9,-0.006211001250820703,7.266884279733902e-8,-0.0058531834852101425,-0.0005985135817661281,-0.005945172627126415,2.2299689683697832e-11,0.005795424586577283,-9.40500054132458e-7,-1.4576002917494585e-6,0.0014717086653040588,0.0007632956486373717,-0.0009395053976468955,-2.3326909780123402e-5,1.299716100033948e-6,1.2404300616011943e-10,-1.694669482597583e-5,-5.56924651900888e-10,2.881071110737025e-10,-0.0002548947245003724,-1.2156267013497748e-11,-4.51672504786557e-6,-0.0012245651418595765,0.00023444782441911852,1.0867244954889098e-12,2.437442634053035e-8,-6.21322415601118e-5,0.0011110719498143371,1.648791446001434e-11,2.1001896390475373e-10,-0.0008851186368739371,-1.0606606726184016e-9,0.00022545465226594177,8.326040516705219e-8,9.076997837838012e-7,-2.1510372486677323e-7,0.00048400813449777405,0.001404180212824998,-0.0002194862207524087,-1.1661716157895148e-8,3.754611384851592e-7,-0.0010798380673060952,0.002015315832224251,0.005897900159237361,-1.3074163355126566e-12,-2.294238694971124e-9,-3.416365961035877e-5,-0.00011504287286727725,0.0002415411763701575,5.681187045007758e-5,-0.0012022500384727202,2.412343773420915e-5,4.562301800914647e-6,0.0009701768906464556,-0.00023467413899222803,1.3674715239536594e-10,-6.199658374085805e-6,-5.5014102599834545e-5,-3.405223137246852e-12,1.81271556558534e-5,-2.6510213626042118e-6,2.0286751370150812e-8,-9.33178093338071e-8,1.4475747040754898e-5,-6.68889888622257e-5,9.817067856143296e-12,-1.1713158672512225e-11,-7.123669789203701e-13,1.5168436171531287e-6,0.0012989942214696436,0.024898637328074825,-6.445554431590765e-9,-8.612906313551714e-8,-7.150975902997888e-13,-1.6448955138300847e-7,3.9790901403919e-9,0.0028577159454419073,-1.0883720454735542e-11,-0.001063323882488552,4.616418298367898e-7,4.024545517948081e-6,4.504485038814381e-9,0.0003185094668629668,0.0007784396372240907,-0.0006302031843250758,-2.5453918831667786e-11,3.41471970036377e-5,3.938533067430074e-9,0.0014419114795037186,-1.4134624860075287e-9,-0.0015589055394227076,-7.845717562913549e-5,1.8809607317080335e-9,2.211160856630714e-5,-7.68837047370068e-9,1.8909063090598835e-9,-5.27617246803908e-7,1.178260049355443e-6,-0.001415378822097657,-1.5528286919425193e-11,2.54660198519694e-10,-6.300370332055989e-5,4.843307281525483e-8,1.7831906268127459e-10,4.173081834842574e-6,-6.142384544377061e-9,0.0006583743240784774,-2.9490449085755046e-7,-3.7511194898525325e-5,5.493253834084534e-6,4.431913640966777e-11,0.0003427837236630706,-1.7089332186569558e-10,-4.497248625084025e-12,1.0739728115752137e-6,-0.0001331382990245645,-0.00028616361226602036,-1.490646314722075e-11,-7.805803835931511e-10,-0.00015760194382910168,0.0004391780942625696,0.0006597015938412668,-0.00403188667801447,-3.360018354053041e-6,1.8565076792211405e-10,1.0117139860174666e-6,3.529412525023502e-11,-0.00019926852251901707,6.106134602601424e-7,0.0005799633736587297,-0.00020302254199873647,1.1176277146295984e-10,3.8506525069869124e-7,0.0027745746628111308,8.296394498996316e-5,1.6989196581118104e-7,2.41710940174296e-7,0.008069828783707905,1.4055621642883257e-10,2.9410918309660604e-9,-0.0020456029936352384,0.00011052384402434502,-6.813669294514403e-6,0.00010574179132934579,0.0007433675417216164,-2.5651137801707e-8,-0.00010362333120041543,1.9696245531435287e-12,3.2699231938520863e-10,-6.877126029300401e-8,1.5033092761957897e-10,0.0003703238152549502,-0.0012879661883988805,-0.0003162075380748434,-1.443903076962566e-8,-2.639542558068869e-9,-2.17330816337317e-9,8.763319618699364e-12,0.012652573390070494,-2.2711495049078022e-6,1.7590173053421934e-5,0.0010296539516158494,0.0013719486000440026,0.0012305378923738145,-5.581987880273496e-10,-0.00026778576760401267,7.226746968237902e-9,-1.5558826117975275e-7,-1.3102340916357089e-9,2.153314741307842e-5,-3.383461195944967e-10,1.273670162411441e-5,-1.8441679009490942e-8,2.428152697253153e-11,-1.3768127979001538e-12,6.542586727540395e-5,5.203558939334384e-6,-0.00017228930602552117,8.367286632278113e-6,5.829664506644386e-5,-9.438962791647053e-9,0.00015269062374405538,-2.2264457139128184e-7,1.793345537590466e-9,-1.843005171265442e-8,3.3913269447830067e-12,-1.5113533438458703e-6,-5.62906221534243e-10,1.4325502879088439e-5,-9.144797459312573e-8,-4.691360889576369e-9,4.3027095095471927e-7,-1.928222531663763e-10,4.0509292737977173e-11,-1.0047862097886385e-10,-0.0001406091055370153,2.9373620885352543e-10,-1.5632671302815443e-6,-1.5578672622905497e-7,6.596712303389856e-12,0.00035045053952159557,-0.0021985016703278733,-7.117819838179105e-7,9.682296302233438e-5,-6.610644778122182e-7,4.1754364883457873e-10,0.0036497094440725276,-1.5573425614908787e-5,-6.385608950281296e-5,-1.3892506329701782e-9,-3.343466467657772e-5,-9.413346606164716e-12,-0.002741899749017634,-4.70485481727513e-5,1.0957077945184998e-8,0.003064918888854859,-1.417056666580124e-11,-0.01353465382986705,-2.667166439522798e-10,-1.1961151331985945e-9,4.928034687281765e-13,-0.002037492081634348,0.00041403879544905513,2.0035804766517688e-5,-8.256405027329972e-6,-1.1434120500718539e-11,0.004134174009682728,0.0016452870390516487,-1.2661657511945364e-6,-4.323276432205508e-9,-0.0021957143971157804,2.697769728023345e-5,-1.814326750990784e-5,6.919358867876816e-8,-3.9240182098668146e-8,0.0005993785597568129,0.00011546298639435735,-1.2955899636291862e-10,6.574005250241235e-8,5.009045822178785e-6,0.004807135295135544,2.5182413283902635e-6,-8.154194359209561e-10,5.819050444842254e-6,0.0008726520206544047,0.0013924386236980905,-4.689042025244082e-11,-2.9611270501203897e-10,-1.063093089575498e-9,2.422049331079012e-8,1.1979960423360599e-8,-8.660523037695014e-10,-0.0011819427383576607,-0.0008197819748654778,-9.948609926667876e-12,-8.418694219513775e-7,-9.429778562858702e-6
0.0,0.0,0.0,0.0,0.0,0.0,0.0,0.0,0.0,0.0,0.0,0.0,0.0,0.0,0.0,0.0,0.0,0.0,0.0,0.0,0.0,0.0,0.0,0.0,0.0,0.0,0.0,0.0,0.0,0.0,0.0,0.0,0.0,0.0,0.0,0.0,0.0,0.0,0.0,0.0,0.0,0.0,0.0,0.0,0.0,0.0,0.0,0.0,0.0,0.0,0.0,0.0,0.0,0.0,0.0,0.0,0.0,0.0,0.0,0.0,0.0,0.0,0.0,0.0,0.0,0.0,0.0,0.0,0.0,0.0,0.0,0.0,0.0,0.0,0.0,0.0,0.0,0.0,0.0,0.0,0.0,0.0,0.0,0.0,0.0,0.0,0.0,0.0,0.0,0.0,0.0,0.0,0.0,0.0,0.0,0.0,0.0,0.0,0.0,0.0,0.0,0.0,0.0,0.0,0.0,0.0,0.0,0.0,0.0,0.0,0.0,0.0,0.0,0.0,0.0,0.0,0.0,0.0,0.0,0.0,0.0,0.0,0.0,0.0,0.0,0.0,0.0,0.0,0.0,0.0,0.0,0.0,0.0,0.0,0.0,0.0,0.0,0.0,0.0,0.0,0.0,0.0,0.0,0.0,0.0,0.0,0.0,0.0,0.0,0.0,0.0,0.0,0.0,0.0,0.0,0.0,0.0,0.0,0.0,0.0,0.0,0.0,0.0,0.0,0.0,0.0,0.0,0.0,0.0,0.0,0.0,0.0,0.0,0.0,0.0,0.0,0.0,0.0,0.0,0.0,0.0,0.0,0.0,0.0,0.0,0.0,0.0,0.0,0.0,0.0,0.0,0.0,0.0,0.0,0.0,0.0,0.0,0.0,0.0,0.0,0.0,0.0,0.0,0.0,0.0,0.0,0.0,0.0,0.0,0.0,0.0,0.0,0.0,0.0,0.0,0.0,0.0,0.0,0.0,0.0,0.0,0.0,0.0,0.0,0.0,0.0,0.0,0.0,0.0,0.0,0.0,0.0,0.0,0.0,0.0,0.0,0.0,0.0,0.0,0.0,0.0,0.0,0.0,0.0,0.0,0.0,0.0,0.0,0.0,0.0,0.0,0.0,0.0,0.0,0.0,0.0,0.0,0.0,0.0,0.0,0.0,0.0,0.0,0.0,0.0,0.0,0.0,0.0,0.0,0.0,0.0,0.0,0.0,0.0,0.0,0.0,0.0,0.0,0.0,0.0,0.0,0.0,0.0,0.0,0.0,0.0,0.0,0.0,0.0,0.0,0.0,0.0,0.0,0.0,0.0,0.0,0.0,0.0,0.0,0.0,0.0,0.0,0.0,0.0,0.0,0.0,0.0,0.0,0.0,0.0,0.0,0.0,0.0,0.0,0.0,0.0,0.0,0.0,0.0,0.0,0.0,0.0,0.0,0.0,0.0,0.0,0.0,0.0,0.0,0.0,0.0,0.0,0.0,0.0,0.0,0.0,0.0,0.0,0.0,0.0,0.0,0.0,0.0,0.0,0.0,0.0,0.0,0.0,0.0,0.0,0.0,0.0,0.0,0.0,0.0,0.0,0.0,0.0,0.0,0.0,0.0,0.0,0.0,0.0,0.0,0.0,0.0,0.0,0.0,0.0,0.0,0.0,0.0,0.0,0.0,0.0,0.0,0.0,0.0,0.0,0.0,0.0,0.0,0.0,0.0,0.0,0.0,0.0,0.0,0.0,0.0,0.0,0.0,0.0,0.0,0.0,0.0,0.0,0.0,0.0,0.0,0.0,0.0,0.0,0.0,0.0,0.0,0.0,0.0,0.0,0.0,0.0,0.0,0.0,0.0,0.0,0.0,0.0,0.0,0.0,0.0,0.0,0.0,0.0,0.0,0.0,0.0,0.0,0.0,0.0,0.0,0.0,0.0,0.0,0.0,0.0,0.0,0.0,0.0,0.0,0.0,0.0,0.0,0.0,0.0,0.0,0.0,0.0,0.0,0.0,0.0,0.0,0.0,0.0,0.0,0.0,0.0,0.0,0.0,0.0,0.0,0.0,0.0,0.03587431119694054,-2.196625631129362e-14,-1.5220750304406907e-8,-8.053476076999439e-13,-0.00169442044645653,0.00637733682189531,-0.006064350845132512,2.0110589041264075e-13,-0.0009292582815535747,-0.0011488409836521375,-0.0026633690078504404,-7.67393361949523e-5,-1.1909611494387347e-14,-2.94597456078587e-9,1.1412724728016126e-11,0.003835878178417501,0.00026713635838857664,-0.020159226892193145,1.7650979780605331e-9,-0.0009478090654649925,3.774028069006427e-15,6.747051333523914e-10,1.450269104344399e-7,0.0006877496471198409,2.0625844795921757e-11,7.361761773968176e-11,-0.00020055506890897577,-9.465251904663048e-6,1.447437205218024e-10,-2.7882577145185606e-8,-1.9745412318740867e-7,-3.9223611644666034e-7,-4.055347883908704e-12,1.05094347150233e-12,-0.003108004744209181,4.823807043012025e-5,4.558924342300123e-13,-3.704229996753e-7,1.5946898140673164e-5,1.0171793754491032e-6,2.92675248563836e-9,1.1179479176033136e-6,-6.434195169581609e-12,2.2719461859172007e-10,-2.4749097552610744e-10,-5.54425514187152e-10,-0.0015633639595690383,2.478194596043607e-9,-4.3533187269348174e-7,2.3737551611851175e-12,-6.937223779520304e-14,-3.8386528045107145e-8,-0.00851126815069761,1.3699544848378163e-14,-4.442848891855986e-12,8.194498877829396e-13,4.860655786938599e-11,1.1947816768463935e-9,0.00513421998913766,-2.8778285455367353e-5,-7.887430286796855e-10,-2.7792463236352184e-6,-5.3699704932707736e-11,-4.1427447532115935e-13,1.3962328330036298e-12,3.8217662990795166e-11,5.57589437200918e-7,-7.209252519388914e-14,-3.2816858639965757e-12,-1.5705868392318588e-6,-0.005171672173306906,-2.785760612722274e-6,-4.4108137486975726e-8,1.2284017819839275e-11,-9.693179216251507e-10,-5.623515379811281e-12,1.9589927155448222e-7,-2.9500596032530043e-13,8.396165379469654e-5,7.166767292096422e-5,-8.492667996213744e-13,-1.3761415262546607e-7,8.738987770002768e-12,2.407068012202581e-13,1.1099220403890353e-12,0.00048004176789534384,-1.8088765357306013e-11,-5.22651281869645e-7,-3.9276438408605955e-7,-1.0025783391777232e-12,-1.253344547303235e-13,2.0543787286170408e-10,2.551901365504241e-13,-1.4889907050834966e-7,0.0011635202556673347,-1.345733144166695e-14,0.00025762129306082916,0.0008085073820487256,-1.469387308327057e-13,-0.002747554923546836,-1.4320164398172536e-7,3.9921536817477155e-11,-3.726954114359867e-10,0.004112159504212925,-2.6358775167859816e-6,-4.033489382794497e-10,-2.0135413387914017e-13,0.001730061713459113,0.0007339325480920277,-1.9274796098702483e-13,-0.00011030970117542179,4.053895169269398e-11,-9.850828198236903e-7,1.850086823580858e-8,-4.3227699512798076e-8,-5.426542277808131e-10,-7.926767811939024e-13,-1.8911250725248816e-11,1.465530744992972e-5,3.6805801589043406e-8,6.5807882748249795e-12,-3.626602194777934e-11,-3.1859755462053517e-12,-0.0017992370053311955,-6.580757818031271e-5,2.096050539278187e-14,-4.741425162940686e-13,1.8543630428657326e-9,-2.0811446288313777e-14,-2.6718378253009298e-12,-3.6334526497425464e-9,1.8712278395799132e-8,-2.9655112386060955e-10,2.45791160220588e-9,3.369511651159282e-5,-8.761146024731019e-8,1.914898881046235e-14,-0.0011837258591539327,1.1337462183531528e-8,-1.700218370520243e-9,1.7603795415368477e-6,7.239608461888971e-6,1.142888958163201e-13,3.554013538243501e-14,0.008075960897452508,-0.008794653098127542,-0.0052170215533789265,6.128623230765221e-9,-3.243096700159222e-12,-2.6962995579032554e-12,4.577240766025254e-6,-1.9092158929888588e-6,-0.005108618411876177,8.011162306099376e-7,9.38142332993095e-5,1.1300740886994937e-11,-0.005189223986368192,-7.277960366724589e-10,-3.1714125866670584e-8,7.984199456845371e-8,0.00011632608673239226,2.380279563803719e-10,1.3008571445456484e-11,-1.6255598349753088e-9,-0.00791064343170844,8.818337751669132e-15,-3.7762225845840946e-5,-5.295340150218068e-12,-4.377892383624893e-5,1.4928789318459418e-12,-5.397841934752224e-15,0.00012477412453795763,-7.067444822352559e-9,6.341009843834547e-6,3.144068000683238e-5,-5.31990772663597e-7,4.55639443691556e-8,3.3045124975655823e-12,0.002840269710741818,-0.0010116458733723504,-1.976410892746077e-9,4.6031495925312834e-7,-6.540463406069652e-5,2.6940856872406815e-8,-2.879493915884152e-5,-1.3435050437023755e-10,-3.2626728764406106e-7,5.737904692237041e-13,-4.6519107488630855e-9,0.004066227485356674,-6.623414108994749e-14,0.0006120166674844781,-0.0068201002810173795,-2.4696614347720093e-8,6.236885350735647e-14,1.5550376547811272e-12,0.0002954164001229656,-0.00042900118445464224,-5.027073502224018e-10,-2.0394114964881964e-13,2.7811209902192584e-13,2.1633172653861662e-11,-4.9883449045059726e-9,-0.00019827833783144977,-3.304179569504632e-8,5.839468707655161e-5,-1.1176139522947685e-14,-6.862048601726545e-8,1.7895430907284435e-10,-2.6833138360394833e-9,7.83112382603204e-5,-5.738178458874679e-8,-1.524609687866431e-12,-8.058902858287582e-10,-8.552470841661944e-7,-9.2262028866721e-8,2.0133683066429802e-12,-0.0026410373950788023,5.756815469828434e-5,1.3048878786673506e-10,-2.669211500096449e-9,8.864523583786862e-9,1.5779416502689224e-9,-2.882249469647354e-13,-3.3254157762462994e-6,5.412610556561809e-9,0.00014229669514034685,-0.0002616925307366589,1.4047469296138915e-6,-0.0007885180862028293,-1.1486762370545064e-10,-4.2644720485732796e-13,1.1683529201368342e-13,1.693213887623367e-5,-2.503100043613866e-6,1.6569164562055405e-6,0.0022533421870190016,-3.6669069013241554e-12,9.060887269177121e-9,-1.9104373492750735e-13,-6.304329224757488e-10,-6.429843646272493e-11,5.12331043957364e-13,-9.954928373340932e-5,-1.4387221046681805e-11,-2.888279294749791e-6,-5.832372731405783e-6,-0.0003900685098996457,-1.4864051328120416e-14,-0.000902209997650613,8.79556217856396e-8,8.311000430084706e-7,0.0025314876094661458,-0.000457162305091827,3.484633048803745e-10,8.281247745479271e-10,-3.0829191759654748e-15,1.516345513757919e-15,-1.986521268014232e-14,3.5869391124078243e-6,1.0148492020452621e-13,-5.522514324705215e-7,3.8310450120700415e-5,-3.1610632985832908e-6,-0.0007086722562288841,-1.5106683673079154e-9,-0.00019971272093759755,-7.867560132813963e-16,2.0899344058194445e-6,3.864757659585962e-6,1.349494386541616e-7,-0.0004977215940127868,-0.0016822676986036032,0.0004458720487280636,-5.945143686625858e-15,-1.4502983026415134e-5,1.2137694704885907e-11,-4.751763264298002e-8,0.003579237439723386,-3.085175632341678e-10,-8.472257088235438e-13,7.129180185981071e-7,5.0066728727699374e-14,-1.8614455861190186e-6,-1.0678209579158342e-5,6.139838653196162e-11,-9.856331340225072e-9,-2.424326476037197e-9,3.019705089378498e-5,2.9056185761308375e-9,-0.013698268782127073,-2.03172801660844e-13,3.139053721554053e-9,6.758676002557481e-7,-2.117410678949124e-11,-0.000871590626616488,-4.120911264850008e-12,5.38725503337417e-6,0.00035527245711551705,-0.0005237783569406745,3.40749843105484e-12,-2.3703265419600546e-11,-2.4305874269462455e-9,-6.792277871896378e-9,0.004391765976868373,1.0249177482897256e-11,3.1667502275733825e-13,-4.3015344048501266e-7,-2.7088087585090563e-5,1.0938470481511052e-14,-5.605086605921344e-9,-3.019237732957438e-8,-7.897319280849932e-6,2.31083793609168e-6,-3.773365933047057e-14,-6.786646156897113e-14,3.939780460290278e-5,1.0623461514620694e-6,1.9211000903776286e-8,-1.5126456711729263e-11,-1.0996913096575889e-7,1.3728248244039773e-5,-7.50404104870596e-10,1.4058252124140945e-10,-3.043222615233363e-10,0.0036151956995506378,4.26624567648e-5,-8.84703479242088e-7,3.7760813164972746e-5,6.922336194467122e-6,-8.729091855471612e-6,-9.314499066653604e-13,3.13692410328716e-13,-0.01282534551172275,-2.137858032959097e-7,-1.2253593729300888e-14
0.0,0.0,0.0,0.0,0.0,0.0,0.0,0.0,0.0,0.0,0.0,0.0,0.0,0.0,0.0,0.0,0.0,0.0,0.0,0.0,0.0,0.0,0.0,0.0,0.0,0.0,0.0,0.0,0.0,0.0,0.0,0.0,0.0,0.0,0.0,0.0,0.0,0.0,0.0,0.0,0.0,0.0,0.0,0.0,0.0,0.0,0.0,0.0,0.0,0.0,0.0,0.0,0.0,0.0,0.0,0.0,0.0,0.0,0.0,0.0,0.0,0.0,0.0,0.0,0.0,0.0,0.0,0.0,0.0,0.0,0.0,0.0,0.0,0.0,0.0,0.0,0.0,0.0,0.0,0.0,0.0,0.0,0.0,0.0,0.0,0.0,0.0,0.0,0.0,0.0,0.0,0.0,0.0,0.0,0.0,0.0,0.0,0.0,0.0,0.0,0.0,0.0,0.0,0.0,0.0,0.0,0.0,0.0,0.0,0.0,0.0,0.0,0.0,0.0,0.0,0.0,0.0,0.0,0.0,0.0,0.0,0.0,0.0,0.0,0.0,0.0,0.0,0.0,0.0,0.0,0.0,0.0,0.0,0.0,0.0,0.0,0.0,0.0,0.0,0.0,0.0,0.0,0.0,0.0,0.0,0.0,0.0,0.0,0.0,0.0,0.0,0.0,0.0,0.0,0.0,0.0,0.0,0.0,0.0,0.0,0.0,0.0,0.0,0.0,0.0,0.0,0.0,0.0,0.0,0.0,0.0,0.0,0.0,0.0,0.0,0.0,0.0,0.0,0.0,0.0,0.0,0.0,0.0,0.0,0.0,0.0,0.0,0.0,0.0,0.0,0.0,0.0,0.0,0.0,0.0,0.0,0.0,0.0,0.0,0.0,0.0,0.0,0.0,0.0,0.0,0.0,0.0,0.0,0.0,0.0,0.0,0.0,0.0,0.0,0.0,0.0,0.0,0.0,0.0,0.0,0.0,0.0,0.0,0.0,0.0,0.0,0.0,0.0,0.0,0.0,0.0,0.0,0.0,0.0,0.0,0.0,0.0,0.0,0.0,0.0,0.0,0.0,0.0,0.0,0.0,0.0,0.0,0.0,0.0,0.0,0.0,0.0,0.0,0.0,0.0,0.0,0.0,0.0,0.0,0.0,0.0,0.0,0.0,0.0,0.0,0.0,0.0,0.0,0.0,0.0,0.0,0.0,0.0,0.0,0.0,0.0,0.0,0.0,0.0,0.0,0.0,0.0,0.0,0.0,0.0,0.0,0.0,0.0,0.0,0.0,0.0,0.0,0.0,0.0,0.0,0.0,0.0,0.0,0.0,0.0,0.0,0.0,0.0,0.0,0.0,0.0,0.0,0.0,0.0,0.0,0.0,0.0,0.0,0.0,0.0,0.0,0.0,0.0,0.0,0.0,0.0,0.0,0.0,0.0,0.0,0.0,0.0,0.0,0.0,0.0,0.0,0.0,0.0,0.0,0.0,0.0,0.0,0.0,0.0,0.0,0.0,0.0,0.0,0.0,0.0,0.0,0.0,0.0,0.0,0.0,0.0,0.0,0.0,0.0,0.0,0.0,0.0,0.0,0.0,0.0,0.0,0.0,0.0,0.0,0.0,0.0,0.0,0.0,0.0,0.0,0.0,0.0,0.0,0.0,0.0,0.0,0.0,0.0,0.0,0.0,0.0,0.0,0.0,0.0,0.0,0.0,0.0,0.0,0.0,0.0,0.0,0.0,0.0,0.0,0.0,0.0,0.0,0.0,0.0,0.0,0.0,0.0,0.0,0.0,0.0,0.0,0.0,0.0,0.0,0.0,0.0,0.0,0.0,0.0,0.0,0.0,0.0,0.0,0.0,0.0,0.0,0.0,0.0,0.0,0.0,0.0,0.0,0.0,0.0,0.0,0.0,0.0,0.0,0.0,0.0,0.0,0.0,0.0,0.0,0.0,0.0,0.0,0.0,0.0,0.0,0.0,0.0,0.0,0.0,0.0,0.0,0.0,0.0,0.0,0.0,0.0,0.0,0.0,0.0,0.0,0.0,0.0,0.0,0.0,0.05040484090016153,2.7344317676910774e-7,0.0009658992018124697,-4.553536020482784e-13,-5.894665893645048e-14,1.0864535163498396e-12,-0.006696138887216606,-1.6394833319081192e-12,2.710699048510638e-13,8.333696458535415e-14,1.2937241598520467e-10,0.0008488714112249054,-7.572503305355635e-6,-0.0006075525888401456,5.042925580771758e-13,5.7160115994643534e-12,5.031460583688352e-14,3.0573645013027127e-6,-7.844421628318325e-12,-0.0009634445195624116,1.2122781790455729e-6,-5.897019162486921e-8,7.219043479471395e-12,0.0006730489134584759,-6.063505141118843e-5,9.658104306990689e-12,2.1066731006149666e-11,-1.9972635050027605e-7,2.0188356863836816e-7,5.788784892084706e-8,8.958304982885712e-10,7.107499259473187e-6,-3.262696979061627e-5,-1.4756373480274498e-13,2.1177901678465324e-11,0.006579202711041345,7.12768013357748e-9,1.1935183289344306e-11,2.5112311053276387e-8,-7.468926779875827e-6,-7.018431119881078e-9,0.0010782445432086156,2.9870096155758674e-6,3.85314087483973e-5,-5.936187246983488e-7,2.52454862504399e-14,-1.2190556655623855e-6,-1.0084167667980254e-8,-0.0005290829044948593,-0.0033614070655840766,-1.4404342495575263e-8,-1.9135913686716491e-13,-0.00016255188827620764,0.001213424195310605,0.0006536875879721117,0.00022351979935379817,3.9414382424798676e-6,4.5232137487706545e-13,3.96153515909663e-11,-3.877316798693213e-5,-1.9470891512617233e-9,0.00015208209094424776,0.0010921019494575192,0.005071639293236595,-6.606654230640416e-5,4.477504285662751e-9,0.010186478438864412,0.0011997890446192982,-2.5755396317328985e-9,2.298617552320731e-14,7.636943523600797e-9,-3.044481959569954e-7,-0.0009522865974140705,-1.1342636223903279e-5,0.0003781215563629437,1.5592764022490642e-7,0.004768055513581822,7.207330209092474e-11,-2.8247818258672824e-10,0.004379704862385746,-1.7648696017595677e-8,0.0004384806385864999,-0.004447999300777184,-0.00035654852313583634,-4.681556692571045e-15,5.834503632571249e-5,1.1402939828264689e-8,-1.0481284985036823e-8,0.002831122024405896,0.004578896229987183,1.1361364715231945e-5,0.00850204924533083,3.4812193779412394e-8,-2.5078232571764053e-12,0.0011849604371795615,2.0519777242335716e-11,-5.698322189841563e-13,0.003344311974878604,2.2392559846129313e-13,4.694967976479862e-8,1.9324054180837486e-5,-8.2102999421749e-6,5.5317857274923546e-14,1.0253685132518882e-9,-1.4541639591098697e-6,0.005453801210061045,3.161295396193422e-13,1.1072546134397136e-11,0.0171690093376895,3.435434158335117e-11,-7.045779794064125e-6,1.661206460852896e-9,-7.641208702077886e-8,3.338293697689987e-8,3.039061735820611e-6,0.00036183384010639313,1.761241447519093e-5,3.464353300106603e-10,-1.5815777783430498e-9,-6.171927045236509e-5,-0.00012205581769085477,-0.001555097269678584,-4.11931431830586e-14,7.1409986633852965e-12,-0.00042881992812747856,0.0026833463351145755,4.4037155818633455e-6,-0.0006875907774739917,-0.00011037062279997595,-2.6807340651934863e-7,-5.065179039746262e-7,2.621344238760916e-6,1.5043850333143676e-6,-1.7876217687458916e-11,-3.2415651833794845e-9,0.0015030292320397437,6.882245086996738e-14,3.446654614758371e-7,-3.290463893403139e-8,1.938073437864775e-9,4.772790599654403e-10,0.01790784685091269,-0.0006197622448381874,-1.8237891666262834e-14,-4.240178531477311e-13,-4.6983498969275685e-14,6.339532324874784e-7,-7.695478672483267e-5,-7.263351684454524e-5,-1.2826997852462378e-10,2.8142879080362002e-9,-1.3176365404519645e-13,5.083571006436266e-10,-1.3391482182029204e-12,8.25304303729788e-5,4.3447974507080546e-14,-2.4680665709227825e-5,-5.0097245316169266e-8,3.810739060698006e-9,-1.2839207923221043e-10,7.826661925521035e-6,0.00012836988408000054,-7.849552054558907e-6,2.342052393777611e-13,-0.0002420679632669014,1.781225227186142e-11,-0.001224550648063782,7.218845605721475e-11,0.0003696546186547972,0.0004491976565621817,-5.2172973726951974e-11,-2.1669409662286411e-7,-2.6041755708057302e-11,3.843367219458721e-12,-7.695111018766949e-9,-3.840252147460851e-9,-0.0010262380459405555,-1.2907263136804538e-12,2.0858671765938262e-12,1.941149758391229e-6,3.19018277247796e-10,2.283364741814784e-12,1.524098436190036e-7,9.723899835625881e-11,1.2337961810812249e-5,4.0819392841448645e-9,0.0018401064211766088,7.744812396692025e-8,-2.3615842856535465e-13,-0.0008399332276042595,-7.063215820659215e-12,5.906217148382342e-15,-2.3578707981243562e-8,0.0024938724195649464,-0.0007057044640015355,1.142348503755353e-12,-3.78648031943896e-12,-2.0021415306513416e-5,-0.01711134881550658,-0.00671460199613687,1.9627228027281778e-7,-5.45057037149132e-7,-2.574803642877282e-12,-5.7406088150533206e-8,-7.224968427368161e-13,0.003551906780240363,8.966985315206313e-9,4.865638573192811e-5,-1.7319822125517572e-6,-5.71437298557554e-12,-1.2759814827175252e-8,0.0004937123520281629,1.4748806474972122e-7,8.397897137335625e-10,2.7180876823276458e-9,0.0006161034740291072,-4.717612274098667e-13,-5.0821429109446e-11,-8.952046659915262e-5,1.9988590311456228e-7,-7.79558381598215e-7,4.692086616659758e-7,0.004493931555270775,5.626792932815715e-10,-7.112356050256166e-7,-7.711357411856969e-15,-2.936078991530536e-12,-6.034987467001104e-11,4.5283166666427833e-13,-6.972648396198535e-6,0.0037275254881690384,0.0010702283680795348,4.30365536731137e-10,-1.6770145104453695e-10,5.313117893988793e-11,9.971981700974417e-16,0.000950802200985362,5.683426354367265e-8,0.0037543727680493166,-1.430769782686539e-5,-9.968095712752358e-5,0.00033492798131832483,2.1138973840234162e-11,-0.00012414049857772098,4.6494100332893756e-10,-7.015760343028489e-10,2.2197800885569397e-11,-7.082477600227275e-5,4.075518942103271e-12,1.1543194613276942e-7,1.7102711320146375e-10,2.8020219637015337e-13,-8.277495070267953e-13,2.231508140004392e-7,7.611552081392327e-7,-0.00010474858194592445,0.00025908745878519345,-0.003474710174531189,-5.895016766278751e-10,-0.004277257229841364,-3.2730432581753865e-9,-6.816404025465483e-12,1.626123977584901e-10,6.326416046541877e-14,2.2702631422763206e-8,-4.061120752213824e-12,-0.0002990421520785933,-1.2461636790956825e-9,1.1525922743181193e-10,-1.4912051132112905e-8,-2.8788709686604466e-12,3.5769776647684467e-13,-3.0691823488305886e-12,0.004493639740687669,-1.8946465060333842e-10,-1.3633181563138494e-6,-4.366848169032612e-8,-1.4939812440619855e-14,9.97988692178903e-6,4.758083363217668e-5,1.0777280061893754e-9,0.028863487255503615,-1.3384498397338277e-9,3.1207850896219277e-13,-0.00020396620106868124,3.452535326279686e-7,1.384460320017708e-6,7.213889520865609e-11,-1.4919734254919867e-7,1.8615361224657043e-14,0.006732344454505432,3.8872081146859327e-7,-7.591903060893325e-11,-3.381060809053636e-5,-5.432014587659982e-13,0.0017866693417443863,1.0135146110875368e-12,1.9814460673970927e-11,6.29411808381077e-15,-0.0008239415933517228,2.4959726707025196e-5,-5.77674681148765e-7,5.327009272683076e-7,-1.4250489220698287e-13,-1.4930286354301495e-5,0.00022556139323298775,4.681266059647799e-10,-3.828221038467748e-11,-0.003960865317266953,6.726022202417902e-7,-5.904595897452499e-7,-3.248380403686035e-10,1.151425486907413e-10,-0.0140807300985483,0.004958097051882503,-4.568444133904979e-11,-1.3311115611428955e-9,2.3628420535725333e-7,-0.0002852917813518564,9.297858603275326e-8,3.216095741266603e-12,-9.870634596664356e-8,-1.8140639231893386e-5,7.673237263374443e-6,-3.6815343687228686e-13,-6.363182187330877e-12,-5.280523100167325e-10,-7.374356400441602e-11,-1.7920557397509864e-10,-2.6523949253083677e-11,-0.002729023538966172,-0.00494247772911394,-1.9400076766894557e-13,-7.889172228275355e-9,-0.0017820058209774853
0.0,0.0,0.0,0.0,0.0,0.0,0.0,0.0,0.0,0.0,0.0,0.0,0.0,0.0,0.0,0.0,0.0,0.0,0.0,0.0,0.0,0.0,0.0,0.0,0.0,0.0,0.0,0.0,0.0,0.0,0.0,0.0,0.0,0.0,0.0,0.0,0.0,0.0,0.0,0.0,0.0,0.0,0.0,0.0,0.0,0.0,0.0,0.0,0.0,0.0,0.0,0.0,0.0,0.0,0.0,0.0,0.0,0.0,0.0,0.0,0.0,0.0,0.0,0.0,0.0,0.0,0.0,0.0,0.0,0.0,0.0,0.0,0.0,0.0,0.0,0.0,0.0,0.0,0.0,0.0,0.0,0.0,0.0,0.0,0.0,0.0,0.0,0.0,0.0,0.0,0.0,0.0,0.0,0.0,0.0,0.0,0.0,0.0,0.0,0.0,0.0,0.0,0.0,0.0,0.0,0.0,0.0,0.0,0.0,0.0,0.0,0.0,0.0,0.0,0.0,0.0,0.0,0.0,0.0,0.0,0.0,0.0,0.0,0.0,0.0,0.0,0.0,0.0,0.0,0.0,0.0,0.0,0.0,0.0,0.0,0.0,0.0,0.0,0.0,0.0,0.0,0.0,0.0,0.0,0.0,0.0,0.0,0.0,0.0,0.0,0.0,0.0,0.0,0.0,0.0,0.0,0.0,0.0,0.0,0.0,0.0,0.0,0.0,0.0,0.0,0.0,0.0,0.0,0.0,0.0,0.0,0.0,0.0,0.0,0.0,0.0,0.0,0.0,0.0,0.0,0.0,0.0,0.0,0.0,0.0,0.0,0.0,0.0,0.0,0.0,0.0,0.0,0.0,0.0,0.0,0.0,0.0,0.0,0.0,0.0,0.0,0.0,0.0,0.0,0.0,0.0,0.0,0.0,0.0,0.0,0.0,0.0,0.0,0.0,0.0,0.0,0.0,0.0,0.0,0.0,0.0,0.0,0.0,0.0,0.0,0.0,0.0,0.0,0.0,0.0,0.0,0.0,0.0,0.0,0.0,0.0,0.0,0.0,0.0,0.0,0.0,0.0,0.0,0.0,0.0,0.0,0.0,0.0,0.0,0.0,0.0,0.0,0.0,0.0,0.0,0.0,0.0,0.0,0.0,0.0,0.0,0.0,0.0,0.0,0.0,0.0,0.0,0.0,0.0,0.0,0.0,0.0,0.0,0.0,0.0,0.0,0.0,0.0,0.0,0.0,0.0,0.0,0.0,0.0,0.0,0.0,0.0,0.0,0.0,0.0,0.0,0.0,0.0,0.0,0.0,0.0,0.0,0.0,0.0,0.0,0.0,0.0,0.0,0.0,0.0,0.0,0.0,0.0,0.0,0.0,0.0,0.0,0.0,0.0,0.0,0.0,0.0,0.0,0.0,0.0,0.0,0.0,0.0,0.0,0.0,0.0,0.0,0.0,0.0,0.0,0.0,0.0,0.0,0.0,0.0,0.0,0.0,0.0,0.0,0.0,0.0,0.0,0.0,0.0,0.0,0.0,0.0,0.0,0.0,0.0,0.0,0.0,0.0,0.0,0.0,0.0,0.0,0.0,0.0,0.0,0.0,0.0,0.0,0.0,0.0,0.0,0.0,0.0,0.0,0.0,0.0,0.0,0.0,0.0,0.0,0.0,0.0,0.0,0.0,0.0,0.0,0.0,0.0,0.0,0.0,0.0,0.0,0.0,0.0,0.0,0.0,0.0,0.0,0.0,0.0,0.0,0.0,0.0,0.0,0.0,0.0,0.0,0.0,0.0,0.0,0.0,0.0,0.0,0.0,0.0,0.0,0.0,0.0,0.0,0.0,0.0,0.0,0.0,0.0,0.0,0.0,0.0,0.0,0.0,0.0,0.0,0.0,0.0,0.0,0.0,0.0,0.0,0.0,0.0,0.0,0.0,0.0,0.0,0.0,0.0,0.0,0.0,0.0,0.0,0.0,0.0,0.0,0.0,0.0,0.0,0.0,0.0,0.0,0.0,0.0,0.0,0.0,0.0,0.0,0.0,0.0,0.0,0.0,0.0,0.0,0.04498006739337105,-3.26480719953172e-7,-4.516455067580254e-8,4.516578809670306e-9,5.437437873027916e-8,-2.919629116227325e-8,-3.15958519989761e-8,-1.0054482969835867e-7,2.1153333427472056e-7,1.4500552356486445e-6,-1.093368752605121e-8,-0.00019590496110312918,-4.623294885378769e-5,6.266950234683409e-11,7.046253990990027e-8,-9.259135843064278e-10,-0.0031565720813704207,-4.871284923393834e-7,-2.084849723105977e-9,0.0009168341551832138,-0.006673642162956958,3.2287193779352986e-7,-1.921701512355016e-5,-0.00017049006366755872,1.0637919105849071e-6,-9.260376956952235e-7,0.0011920808914132174,-0.0020781206424777274,0.008237249130724466,-3.536919487444711e-5,-1.5116898237773407e-5,2.2106940510480577e-6,1.2421696022308577e-8,1.7662580555122304e-6,2.768444961795522e-7,0.0022669233232070255,1.059427390585345e-6,0.0006081725931364969,-0.0012965559884867024,-0.00043947391118178254,8.48279900069884e-6,7.975051334070356e-5,8.576604584803955e-5,0.0012332979848100588,-2.9049213096804686e-9,0.00735744885211345,-0.0004076272901628215,-8.339634595791721e-7,1.3057777721729728e-7,-5.464462427035958e-5,-2.784607134604587e-8,-3.2003840314211486e-8,4.651216273304803e-6,1.7211923972899919e-6,-3.352609217441841e-5,6.782809874310114e-5,-2.9294473308984394e-8,5.688811897025736e-6,0.00021168609313958824,0.00026239472007821325,9.426347313797715e-5,7.164437272295332e-7,5.481431942504757e-7,-4.4894343414746876e-5,-0.0022198292425362406,4.289141023112768e-8,1.432566469026127e-7,-0.00018687466737294094,-7.689322721487261e-9,0.0006007443976469711,0.008433126090864631,-5.966980363957775e-6,-0.0008931627080147534,2.6228214067098158e-6,0.0015892228609777532,1.4831338398854055e-7,-1.2060424556504442e-5,-3.5181082448526065e-6,3.2478421907485946e-6,-0.0006000323080985605,9.174117804373628e-6,-4.1640647074092287e-7,-2.2040136197371283e-6,-4.11661723582292e-9,-2.896113385795314e-5,0.000522440576740344,-0.00010699660756072076,6.920682308897551e-7,5.677139379557504e-7,-0.00022467472980511173,-1.2417318355804444e-6,0.0005439191543484884,-1.0304572431996581e-7,-2.5836891067401897e-9,6.348261913346454e-7,-1.7097184519617738e-7,3.5379185328964493e-8,8.011364660135071e-9,0.005392523409056542,-0.00015330689959823943,7.375507849183041e-5,1.7372182683626435e-8,7.290187949331052e-5,0.0020539581458198395,-1.4167264789329314e-7,-4.604055281827462e-10,3.2449696743691795e-7,7.18299719523385e-7,9.818019581038833e-7,1.3059356473725353e-5,-0.00011834174327211932,-0.007656458963302561,0.002902969568811759,-0.0006530248444306723,6.029359718966206e-6,-0.0002033413380903291,1.0998296034132246e-5,-0.00021678558183212232,-3.8969142740161324e-5,-5.599275466771349e-6,3.341303544383844e-6,-4.838995016235875e-9,8.971219085614643e-7,-2.6037833149521642e-8,3.749339631088288e-7,-0.0032385666057441432,4.031013729571129e-8,4.140664494727668e-6,-0.0008198956262585635,-0.005803994386962552,-0.0010123857411003345,0.0013679196520761485,1.4314656184301372e-7,0.007388914041019802,-6.240684978553832e-8,2.9587714704342494e-9,-0.0024237194044709758,0.0007345543190079122,-9.997348566035845e-5,2.415383218865694e-5,5.45974446413694e-8,-4.653868705187336e-8,1.131222440435732e-9,1.4276395664787238e-9,-6.037910068956985e-9,-0.002112227526303929,2.8412938916193155e-6,9.096421534978405e-6,1.7968554374572603e-6,6.996638466085429e-5,-5.311295971321384e-9,0.00011138604430497418,-4.650050161503547e-6,-1.0205780887687952e-5,2.1645993990567738e-9,0.00012680667300216328,0.003553549965856876,-0.005769194087019936,-5.711721049115224e-6,0.001263445214252245,2.3296149388616463e-5,0.00041239654763544696,3.48671413031058e-8,2.0538814465785168e-8,7.324649828400998e-7,3.372753759886656e-6,3.7394935042628234e-6,1.0801121861170765e-8,-5.5502227230119925e-9,-4.511255946412969e-6,-0.002746297448157497,1.236658914134028e-6,-4.951562760000266e-6,-0.00032127229111168657,-0.0007187478965082642,-9.015107164104626e-7,2.8806243179968305e-9,-1.816985910020725e-7,0.0013662346677282217,1.18584295716657e-6,-4.3467307575336026e-7,-0.001555890174021797,2.2063401622590216e-6,-8.712335890911948e-5,1.581592517606228e-5,9.867141704047652e-8,-0.0010363342689154258,-2.4938951161316912e-8,1.507651265108029e-7,-1.5676661657775284e-7,-3.599707545938919e-10,0.0016739094184571599,-1.1516680659614736e-7,-2.6898028013421682e-6,3.130518929284585e-7,-2.5459478212239614e-7,-3.812525071039379e-5,2.5061457770998495e-7,2.023059212218317e-7,0.00011995667609937354,0.0048897084257054435,-1.4743297172763372e-7,0.0033149710685172356,-1.567989040846945e-7,4.966677095535787e-8,-0.0010525951313198898,0.00014998562421573392,-0.0005935891913404015,-2.6812379582726314e-7,-0.0008035105708362373,1.5797195940951772e-5,0.00017860630099227805,-8.587671128816483e-5,-0.00027722891548303635,-1.0395066238817279e-5,7.5681293132147e-8,-3.091828035839053e-6,-5.172767366942441e-5,-0.003825237736738549,-0.009503593098620394,-0.004112102890689836,3.8307437643693146e-7,7.775233585456307e-6,0.0007936461516312837,-1.2535181041827602e-9,-4.8158996657624184e-8,5.706186829403297e-6,-7.799347969573688e-8,-0.00019075450777405724,2.432092978123752e-7,-1.2737223012387168e-7,1.0059267180292654e-5,0.00014951794375034534,1.2601849562691198e-6,-2.176007134950982e-9,6.058248999513532e-6,0.001559342067802406,5.115987787290657e-8,1.3534686253500802e-5,3.803004862909346e-5,-1.981733616909201e-8,7.79954311233922e-7,-3.437606846431024e-5,5.589109452378195e-6,6.280884527980324e-5,4.3058070631493024e-7,1.2388191805218277e-10,2.6555055539123816e-7,-0.010172422162934038,2.4178763084190513e-5,2.6026720042232512e-8,4.952571375189747e-8,-0.002824790101923361,0.014240152109062865,3.6832322250847566e-10,2.938704360528742e-9,-2.7518810932295566e-9,1.385342565862232e-5,-3.485413860990869e-7,7.942682046919105e-6,1.0803120512380162e-7,6.444934076346208e-6,1.2261139680568865e-9,0.0006998342185210575,-3.516120210912982e-9,3.554200907398242e-10,4.714178719696624e-5,6.836648234498696e-6,-0.0012841382324937007,-4.7814933402625673e-8,-8.072114780324841e-8,6.164840508329536e-8,9.491701603536158e-9,2.905751456171329e-7,5.054975521555828e-5,-0.00030459792718840736,3.077732790963167e-9,0.00045929394550186565,1.2678596192004907e-5,0.0008009652514498475,1.341064007858869e-7,0.00022340378857016446,5.354902626600017e-7,-2.948563282203008e-5,0.0047177523665204325,0.00040649212549635544,1.1619456064340719e-6,0.01814653848528677,-2.150833766341533e-9,-5.157786382098856e-9,0.009531680265885304,-7.468569311521139e-5,-1.7572007535275037e-5,1.3167025909360678e-7,5.97451335960323e-6,1.3411465453630428e-7,1.2501179436466134e-6,-2.9107526132906208e-9,-1.4633186914508369e-5,0.0007957996342438915,-0.0031085291441965528,0.0037247083206992855,5.477227969304555e-9,-3.049547743597712e-5,-8.536835575406213e-8,-0.00044267931360786366,1.6490681136108328e-6,-1.94933981947022e-6,0.0009177547909898956,0.002862929549172929,-7.810109923917494e-6,6.0434536603407465e-5,3.984815454960904e-7,5.671808940662331e-8,-7.66736182489139e-7,-0.0001129632825004713,0.0051639418509770866,7.459740233843061e-6,0.0006030147466913775,2.0150221727368714e-6,4.300747940448706e-5,6.258377833406614e-5,-4.7175735753190674e-5,2.686305585795363e-8,-1.0709348887638334e-7,8.158404548966948e-6,-1.0815666155321445e-5,-2.0753448186539208e-5,1.5092456088620864e-5,4.388776001453764e-8,-4.4704922016016906e-7,-6.890926038762336e-9,0.0009558242801812007,1.3410140699696971e-9
0.0,0.0,0.0,0.0,0.0,0.0,0.0,0.0,0.0,0.0,0.0,0.0,0.0,0.0,0.0,0.0,0.0,0.0,0.0,0.0,0.0,0.0,0.0,0.0,0.0,0.0,0.0,0.0,0.0,0.0,0.0,0.0,0.0,0.0,0.0,0.0,0.0,0.0,0.0,0.0,0.0,0.0,0.0,0.0,0.0,0.0,0.0,0.0,0.0,0.0,0.0,0.0,0.0,0.0,0.0,0.0,0.0,0.0,0.0,0.0,0.0,0.0,0.0,0.0,0.0,0.0,0.0,0.0,0.0,0.0,0.0,0.0,0.0,0.0,0.0,0.0,0.0,0.0,0.0,0.0,0.0,0.0,0.0,0.0,0.0,0.0,0.0,0.0,0.0,0.0,0.0,0.0,0.0,0.0,0.0,0.0,0.0,0.0,0.0,0.0,0.0,0.0,0.0,0.0,0.0,0.0,0.0,0.0,0.0,0.0,0.0,0.0,0.0,0.0,0.0,0.0,0.0,0.0,0.0,0.0,0.0,0.0,0.0,0.0,0.0,0.0,0.0,0.0,0.0,0.0,0.0,0.0,0.0,0.0,0.0,0.0,0.0,0.0,0.0,0.0,0.0,0.0,0.0,0.0,0.0,0.0,0.0,0.0,0.0,0.0,0.0,0.0,0.0,0.0,0.0,0.0,0.0,0.0,0.0,0.0,0.0,0.0,0.0,0.0,0.0,0.0,0.0,0.0,0.0,0.0,0.0,0.0,0.0,0.0,0.0,0.0,0.0,0.0,0.0,0.0,0.0,0.0,0.0,0.0,0.0,0.0,0.0,0.0,0.0,0.0,0.0,0.0,0.0,0.0,0.0,0.0,0.0,0.0,0.0,0.0,0.0,0.0,0.0,0.0,0.0,0.0,0.0,0.0,0.0,0.0,0.0,0.0,0.0,0.0,0.0,0.0,0.0,0.0,0.0,0.0,0.0,0.0,0.0,0.0,0.0,0.0,0.0,0.0,0.0,0.0,0.0,0.0,0.0,0.0,0.0,0.0,0.0,0.0,0.0,0.0,0.0,0.0,0.0,0.0,0.0,0.0,0.0,0.0,0.0,0.0,0.0,0.0,0.0,0.0,0.0,0.0,0.0,0.0,0.0,0.0,0.0,0.0,0.0,0.0,0.0,0.0,0.0,0.0,0.0,0.0,0.0,0.0,0.0,0.0,0.0,0.0,0.0,0.0,0.0,0.0,0.0,0.0,0.0,0.0,0.0,0.0,0.0,0.0,0.0,0.0,0.0,0.0,0.0,0.0,0.0,0.0,0.0,0.0,0.0,0.0,0.0,0.0,0.0,0.0,0.0,0.0,0.0,0.0,0.0,0.0,0.0,0.0,0.0,0.0,0.0,0.0,0.0,0.0,0.0,0.0,0.0,0.0,0.0,0.0,0.0,0.0,0.0,0.0,0.0,0.0,0.0,0.0,0.0,0.0,0.0,0.0,0.0,0.0,0.0,0.0,0.0,0.0,0.0,0.0,0.0,0.0,0.0,0.0,0.0,0.0,0.0,0.0,0.0,0.0,0.0,0.0,0.0,0.0,0.0,0.0,0.0,0.0,0.0,0.0,0.0,0.0,0.0,0.0,0.0,0.0,0.0,0.0,0.0,0.0,0.0,0.0,0.0,0.0,0.0,0.0,0.0,0.0,0.0,0.0,0.0,0.0,0.0,0.0,0.0,0.0,0.0,0.0,0.0,0.0,0.0,0.0,0.0,0.0,0.0,0.0,0.0,0.0,0.0,0.0,0.0,0.0,0.0,0.0,0.0,0.0,0.0,0.0,0.0,0.0,0.0,0.0,0.0,0.0,0.0,0.0,0.0,0.0,0.0,0.0,0.0,0.0,0.0,0.0,0.0,0.0,0.0,0.0,0.0,0.0,0.0,0.0,0.0,0.0,0.0,0.0,0.0,0.0,0.0,0.0,0.0,0.0,0.0,0.0,0.0,0.0,0.0,0.0,0.0,0.0,0.0,0.0,0.0,0.0,0.0,0.0,0.0,0.0,0.0,0.0,0.0,0.0,0.04723976042695078,-1.3118070815428875e-11,-7.609676736854179e-14,4.00916611485239e-12,-0.01942623649861715,1.9210959552094583e-12,7.866789698236135e-13,7.935849182708982e-12,7.28049931683238e-11,-0.00044438170353253235,1.1672713404948039e-6,0.00031183196090561814,-3.138268525922697e-13,1.306976729584481e-11,-1.589413568876028e-14,-2.9764198992784027e-6,-5.117688152952091e-12,-0.0005418390892695188,-9.763982532625463e-6,-9.25020237885801e-8,-1.2741239643856568e-11,-0.0026885424365539084,9.445310206661792e-5,6.489585014645504e-11,-1.7916732491461356e-11,-1.9517694964474896e-6,3.6135051438511454e-7,1.853602470338976e-8,4.270783763425006e-9,-0.000924026588040889,-0.008552079356817732,-1.747882738523826e-13,-4.6341940036397964e-11,0.007948964271441991,1.047745223828197e-8,1.1444456886445785e-11,2.3230439234714654e-8,-7.393409658913337e-8,-3.722450697237115e-8,0.0018534268043776563,-1.297388624304246e-5,7.258366771120481e-5,-8.913564171863052e-7,1.3050474519035655e-13,8.530145872207425e-7,7.3253434098298104e-9,-0.013882938042799428,-1.219163695044142e-5,1.1336090546761566e-7,4.713279860259858e-13,-0.0006946367708818593,0.010455676089338638,0.0006661079184982851,-0.0006179630150492891,1.2468395050930479e-5,-5.522725825019064e-12,-1.2827360675826035e-11,6.474396781715201e-5,2.5369050521313415e-8,-0.00016938854141536442,0.0017404811480147958,0.0004922674128819967,-0.00039938780423625123,-1.1328408161007633e-7,-3.657409124571255e-5,0.004327318503481114,4.502193122963807e-9,3.1330822559574037e-13,1.2869542575636876e-8,7.404099604454605e-7,0.0012263232328192796,2.2890197229255005e-5,-0.0044848289656241715,-1.0747161383215464e-7,-0.0017579636765869184,-6.381148713259537e-10,-1.1577860714980922e-9,-0.0003674515139339617,4.1824331755626665e-8,-0.002609938008445914,0.004409444435447093,0.002124146576691377,-7.516783881712502e-14,0.00010499140303465616,2.635038070219546e-8,5.066002998365985e-10,0.012790897873792641,-0.0017827194372481041,-0.00013347310855366579,0.0035028896527084965,-1.221880528626564e-8,-4.374185745900548e-12,-4.612557967274355e-5,-5.851060432537575e-11,-2.6724536972604026e-12,0.0049952111470568895,8.933043825681678e-14,1.1630624339591623e-7,1.926445696095802e-5,1.6988168648233915e-5,1.546854816190861e-13,4.4720668753557505e-10,2.7989985854080747e-6,-0.0029763503766933787,-3.1940277520459974e-13,1.614167809821851e-12,-0.0009612301743652749,3.14873425837495e-11,-6.396427792966889e-5,6.956179923571209e-10,3.203596088367105e-8,4.2368093754927715e-7,-9.504749152183003e-6,-0.0018142556198978432,-8.59202689769185e-5,-4.1695559214002706e-10,-5.64284091605558e-9,7.388980707382893e-6,0.00016619158099365062,0.0008273265423223205,-1.622888127168782e-14,3.665251556531151e-11,3.058900511135087e-5,0.001651284411814422,6.482080733228706e-6,-0.0003304034754158877,0.0018709199576001942,3.9736033327085415e-6,7.338639636043038e-7,2.5619914140275893e-5,-2.1344157257319584e-5,-4.362487803911394e-11,3.5275375610509074e-7,0.0006782127385221706,1.4756019871787316e-14,-1.5531481676002115e-6,-1.6052703906237768e-7,2.389540016132428e-9,-1.0819614139396598e-9,-0.003085785808479795,0.00027012925932556095,3.2316649884738415e-14,1.0836184017659028e-12,-3.42820390999461e-13,-6.42555263057265e-8,0.0006508622608867056,0.0010443957830386526,1.9073045803264687e-10,8.426031321869845e-9,-2.2433967628099295e-13,1.598071515857639e-9,-8.447983673128719e-11,-0.0006196709849862545,1.5098688528413558e-14,4.797315762684014e-6,3.0474487571570003e-7,-9.998046580744513e-8,-1.3791933172350204e-10,4.7277947107237494e-5,-6.500315365305953e-5,4.526380693660151e-6,1.1778730906028204e-12,0.000106528470802232,4.010040579914344e-12,0.0018176378513325567,1.272564821266918e-10,-0.006017379502346419,0.0003100302041375747,-8.981536764765107e-12,1.0987611806834874e-6,-4.5653656384030375e-10,-2.456132851129532e-10,7.59874601776108e-9,-3.417858299821439e-8,-0.00642550678649277,-2.0627207959425955e-12,7.565074129274849e-12,-3.2957422326586096e-6,2.0113617815447855e-9,-1.4339549446069486e-11,-2.3695774340527752e-7,1.922338629922313e-10,0.00013254291667856132,-6.752786106798548e-10,0.011962211769621006,1.1288716384358075e-6,4.558907060826517e-13,0.0015153773151775,1.4550119183741518e-11,5.3815553205985823e-14,6.978291051689864e-8,0.0014250192086775592,-0.012636880294938885,1.7232435066823095e-12,-8.126056004167157e-12,7.893679632128089e-5,-0.001995226029302057,0.000339839631900437,-0.00013492719391580455,-8.601630717520591e-7,2.9235363457262157e-12,-1.3969970657588058e-7,1.4893896908243964e-11,0.0005387001067853129,4.451665914818508e-8,8.579960344484813e-6,4.512503556831216e-6,-3.028810017300671e-12,8.061969023779477e-9,-0.0009326649581683393,-3.126760632964585e-6,1.1655991383778216e-9,1.3619906918372294e-8,0.0007079985143767481,-5.807127459645055e-12,-1.7443664603765668e-10,-0.00015586165042328837,4.5914630342221695e-6,-8.819538214879799e-7,-2.0416229650470013e-6,0.0023354802350309552,-1.716156782034082e-10,-4.788773693439421e-6,-6.382580729060268e-14,7.29657014166123e-12,1.0159972477056621e-9,-6.657344217023074e-12,-2.229928036252783e-6,0.024552601599996046,0.0016187210443954511,-3.150941632106735e-10,3.187403847975933e-9,2.0439966962320604e-10,-1.0608044752357658e-13,0.0010411504288448774,-6.132270279457871e-8,5.410233739188165e-5,-7.860198537123415e-6,0.00014080333552722227,0.0017644289653488236,1.2998781249290447e-11,-9.24695306535099e-5,5.002556234441156e-10,-1.6354504107658643e-9,2.1442193628829263e-11,-0.0012230803655446476,6.274455015597118e-12,-3.677065569713301e-7,9.711482085282547e-11,-1.3375771626751438e-12,8.711633752042875e-13,1.1236120544296414e-6,8.571675983056542e-7,-0.00021425807760041844,-0.00019567580212674808,0.00036985682107749056,-8.290495920081843e-10,-0.0024727765650021543,2.156629155734641e-9,1.1097450297600959e-11,-1.3852868201819098e-10,-8.737413020461346e-13,1.4716501155282663e-8,2.1723395477944892e-11,9.564079823198617e-6,-1.893682458210781e-9,2.058783626412895e-10,-2.577738238853124e-7,3.834963298487491e-12,-2.342216907547568e-13,3.2488981999371644e-12,-0.0006621523523642335,1.8453107768624225e-10,4.2987336926735745e-5,-4.2093842254494406e-8,1.862195540693443e-13,-5.307267979701697e-6,-0.0007881866961747493,-1.154334512184705e-8,-0.004200764727668819,1.4191528319651326e-8,-9.765721836255683e-12,1.0155986328817994e-5,-2.9980262060344316e-7,-6.722020363419577e-7,3.786589508684607e-11,-7.718729489961873e-7,-1.2097079510611752e-13,-0.0012062597879432732,-1.8573100905692448e-6,1.1341428872187258e-9,0.00014927080824390639,-5.632199819643809e-12,0.002277840051038472,6.952875772394799e-12,1.6129118659193395e-11,1.3092769615470016e-13,0.0012485066873590867,1.4186155934542952e-5,4.1902580632355356e-7,-3.796267597305624e-7,4.700372491977879e-13,-4.7061210051017306e-5,-0.014894995083790991,-3.6676711469025556e-9,-1.0325588737533705e-10,0.009823001501706827,2.4255840801386245e-6,1.2608216230496233e-6,5.136182867865643e-10,-1.0975784676217201e-9,-0.0005200576098403055,-0.0002375862465047578,3.599103474935716e-11,-2.686046875255912e-9,-2.3471197642541934e-7,0.00033273055728067294,3.0956296466416185e-7,1.4391645962439565e-11,-3.642378090497648e-7,6.43501327482005e-5,9.140641222176323e-5,1.15940882554171e-13,4.8666489235643354e-12,-1.100410202047654e-9,-8.610176670520119e-10,-3.436941645564901e-10,2.3542758431152365e-10,0.02722830217920596,-0.007874946284810188,-1.3904052579797191e-13,1.2315078460299026e-8,0.0003446215297998768
0.0,0.0,0.0,0.0,0.0,0.0,0.0,0.0,0.0,0.0,0.0,0.0,0.0,0.0,0.0,0.0,0.0,0.0,0.0,0.0,0.0,0.0,0.0,0.0,0.0,0.0,0.0,0.0,0.0,0.0,0.0,0.0,0.0,0.0,0.0,0.0,0.0,0.0,0.0,0.0,0.0,0.0,0.0,0.0,0.0,0.0,0.0,0.0,0.0,0.0,0.0,0.0,0.0,0.0,0.0,0.0,0.0,0.0,0.0,0.0,0.0,0.0,0.0,0.0,0.0,0.0,0.0,0.0,0.0,0.0,0.0,0.0,0.0,0.0,0.0,0.0,0.0,0.0,0.0,0.0,0.0,0.0,0.0,0.0,0.0,0.0,0.0,0.0,0.0,0.0,0.0,0.0,0.0,0.0,0.0,0.0,0.0,0.0,0.0,0.0,0.0,0.0,0.0,0.0,0.0,0.0,0.0,0.0,0.0,0.0,0.0,0.0,0.0,0.0,0.0,0.0,0.0,0.0,0.0,0.0,0.0,0.0,0.0,0.0,0.0,0.0,0.0,0.0,0.0,0.0,0.0,0.0,0.0,0.0,0.0,0.0,0.0,0.0,0.0,0.0,0.0,0.0,0.0,0.0,0.0,0.0,0.0,0.0,0.0,0.0,0.0,0.0,0.0,0.0,0.0,0.0,0.0,0.0,0.0,0.0,0.0,0.0,0.0,0.0,0.0,0.0,0.0,0.0,0.0,0.0,0.0,0.0,0.0,0.0,0.0,0.0,0.0,0.0,0.0,0.0,0.0,0.0,0.0,0.0,0.0,0.0,0.0,0.0,0.0,0.0,0.0,0.0,0.0,0.0,0.0,0.0,0.0,0.0,0.0,0.0,0.0,0.0,0.0,0.0,0.0,0.0,0.0,0.0,0.0,0.0,0.0,0.0,0.0,0.0,0.0,0.0,0.0,0.0,0.0,0.0,0.0,0.0,0.0,0.0,0.0,0.0,0.0,0.0,0.0,0.0,0.0,0.0,0.0,0.0,0.0,0.0,0.0,0.0,0.0,0.0,0.0,0.0,0.0,0.0,0.0,0.0,0.0,0.0,0.0,0.0,0.0,0.0,0.0,0.0,0.0,0.0,0.0,0.0,0.0,0.0,0.0,0.0,0.0,0.0,0.0,0.0,0.0,0.0,0.0,0.0,0.0,0.0,0.0,0.0,0.0,0.0,0.0,0.0,0.0,0.0,0.0,0.0,0.0,0.0,0.0,0.0,0.0,0.0,0.0,0.0,0.0,0.0,0.0,0.0,0.0,0.0,0.0,0.0,0.0,0.0,0.0,0.0,0.0,0.0,0.0,0.0,0.0,0.0,0.0,0.0,0.0,0.0,0.0,0.0,0.0,0.0,0.0,0.0,0.0,0.0,0.0,0.0,0.0,0.0,0.0,0.0,0.0,0.0,0.0,0.0,0.0,0.0,0.0,0.0,0.0,0.0,0.0,0.0,0.0,0.0,0.0,0.0,0.0,0.0,0.0,0.0,0.0,0.0,0.0,0.0,0.0,0.0,0.0,0.0,0.0,0.0,0.0,0.0,0.0,0.0,0.0,0.0,0.0,0.0,0.0,0.0,0.0,0.0,0.0,0.0,0.0,0.0,0.0,0.0,0.0,0.0,0.0,0.0,0.0,0.0,0.0,0.0,0.0,0.0,0.0,0.0,0.0,0.0,0.0,0.0,0.0,0.0,0.0,0.0,0.0,0.0,0.0,0.0,0.0,0.0,0.0,0.0,0.0,0.0,0.0,0.0,0.0,0.0,0.0,0.0,0.0,0.0,0.0,0.0,0.0,0.0,0.0,0.0,0.0,0.0,0.0,0.0,0.0,0.0,0.0,0.0,0.0,0.0,0.0,0.0,0.0,0.0,0.0,0.0,0.0,0.0,0.0,0.0,0.0,0.0,0.0,0.0,0.0,0.0,0.0,0.0,0.0,0.0,0.0,0.0,0.0,0.0,0.0,0.0,0.0,0.0,0.0,0.0,0.0,0.0,0.0,0.0,0.0,0.0,0.0,0.0,0.0,0.056085662697013185,-0.0017804156434024175,-0.0070964001312981435,-5.752813110614049e-12,-0.004132024190907076,-0.0018897175386967243,-0.00142899268395111,-0.00019950716013236215,-1.8086308529032936e-13,-2.8872945900699048e-8,5.04344432490115e-11,0.003925762583000594,-0.012410227820347064,0.00010417468899658125,-1.4771663681763397e-8,-0.000696625927817685,-1.1648656903134494e-13,5.998789844412823e-8,6.585400339837805e-7,0.002540942282428344,1.0996309538959889e-10,1.446585833914553e-9,-0.004938058528643491,0.0018045221989581666,-3.6176069314377606e-8,-5.5924073114659646e-8,-6.874408975917168e-7,7.865898934084942e-6,-1.0079994052600235e-10,-1.1429492681149206e-11,-0.000948945246368719,4.8373330832603126e-5,6.239998665338216e-12,-5.554962399686043e-6,4.367766226995756e-5,1.7382017212463728e-5,1.8861898683292844e-8,1.5685606548873112e-5,-2.4743028775148228e-11,9.55378781256821e-10,-2.5399279828057144e-9,-2.176945988023237e-8,0.0017734629904717853,8.422664919173406e-8,-2.203294746496321e-6,4.593597286652228e-12,-1.0949878463493504e-12,-2.189016666008455e-6,-0.0003666164743215251,-4.34083007712589e-13,1.9137908454764374e-12,1.2037004750309618e-11,4.974982092478926e-10,2.1814264199636065e-8,0.0008070765074812495,0.00031473273084495326,-4.386715142809997e-9,-3.4256401944168574e-5,8.307900118468387e-12,1.271573739094112e-12,-2.0819319034005036e-12,7.010124334705419e-10,6.203809069263326e-6,-9.90544387200077e-13,-1.0508879303633045e-11,-5.233111612631505e-6,0.007671039856647057,-2.5114914659281448e-5,-2.475389449460173e-7,9.469087139842004e-11,-2.477582954066156e-9,-5.79358944854813e-11,4.0360425342127783e-7,-1.856649131858895e-12,0.0006168278682410961,0.00035026753353159594,-1.8737353089547098e-11,-4.774461994476721e-7,1.9605774029075205e-10,1.0336022744708583e-12,6.48868163116147e-11,3.6066083278353163e-5,-5.982374980173447e-10,-1.599081568402588e-6,-2.0127890398118156e-6,2.378622646553541e-12,-4.86531452764888e-12,2.3998750179844e-9,1.4687875713583366e-12,3.407537366766986e-7,0.005895916488994687,-2.50385308483998e-13,0.0028176120612647326,-0.0016102656363066535,8.115127477438331e-13,0.002983489921145745,-6.563946425118033e-7,-6.348111878430324e-10,2.310678487065691e-10,-0.0032631836869567673,9.678577847362167e-5,1.8437196075338152e-10,-7.328134910871055e-13,-0.0007127662016269549,0.0011047578374960361,-2.6239025563702964e-12,-0.0013383422239760597,4.510354148486874e-9,-3.220950721510547e-5,-9.617833265076414e-7,-1.7624047398292137e-6,-3.811181145810839e-9,-8.450949072650501e-11,-2.6032923694820594e-10,0.00020803049499587748,1.7263386441025793e-5,3.0256507698847747e-10,3.1478531685904635e-11,-4.771941687700243e-11,0.00023225297247853413,6.503119785488465e-5,2.1173699698224042e-13,-2.0340444113089817e-12,2.0717569251229687e-8,-6.662847189696515e-13,1.3034729031650807e-10,1.2658787529683243e-8,1.5407852745876405e-7,4.105095810413971e-9,1.861934718798422e-8,0.0007063369317639637,-1.376180588152305e-6,-6.124489211890131e-14,0.0007611095200246034,1.6390487452927728e-7,-1.2465342160726861e-7,-1.9256414199299635e-5,-2.953087567631629e-5,-2.7918459435758827e-14,2.4786659203816995e-13,-0.00020876697285050102,-0.006390322732529427,0.0018401205025738046,3.502598346630952e-8,5.398004946647724e-13,4.863461382462918e-11,-0.0001512828209031569,-4.643212946355361e-5,-0.0009783163136663667,-4.055186961241497e-5,5.6600823425725635e-5,2.1294100340497215e-10,0.0009691401871736327,-6.220843320911365e-9,6.806797095449374e-8,7.811975787961968e-7,0.00037172770788496985,3.296382440843161e-9,1.0070617419483055e-10,-1.6165825687694523e-8,0.0005888669049353208,1.1693371610037969e-13,0.0007927949169323759,-2.5721602208052248e-11,2.442759870529875e-5,4.999995644036302e-12,-8.280657363937707e-15,5.794539300145065e-5,-8.863280951723756e-8,1.5489501987358951e-6,-0.00022855259968198647,4.0116242236343926e-7,1.1629374635221562e-6,2.2220167403157347e-11,0.001769588924130702,-0.0026851169277881406,-1.678525886838113e-8,-3.680581187377536e-5,0.001733464292016284,1.7134639685557486e-7,-0.00015800227021408794,1.5164808600252867e-9,-4.6258662028508734e-6,1.882681597109801e-12,-1.08293092873366e-8,-0.005355863486391165,-3.590101717927569e-13,-0.006014636483173503,1.2128810957436316e-5,-4.401877932010467e-7,5.763706678408404e-13,2.4817208852985835e-11,0.005209332875255261,-0.00038090619457958836,-4.473299300114628e-9,-4.0066249305389785e-12,-2.275557301891093e-12,1.2993980257789843e-10,-2.8767600485627254e-8,0.006699673148850555,5.977225971330344e-8,0.001461305459391042,2.3626090302520843e-13,-5.022332101807274e-7,2.0198438053663507e-9,8.099388607761843e-9,-0.005936509714197514,-3.961994835518309e-6,-7.806041496304176e-11,1.72486054541937e-8,1.5949314831616915e-5,1.3289534875709856e-6,-5.886495672509746e-11,0.03131831458018342,0.0013066244333961097,8.235550415740738e-10,3.767697002745212e-8,1.6939866545133e-7,-9.702133412918261e-9,8.232944771033635e-14,3.9374121086572694e-5,5.902054094007434e-8,0.00039557126554045437,-0.004721425415203688,-4.918054805019887e-6,0.03386167195082988,2.0396642481885506e-9,6.458073707617981e-12,1.5163423073572256e-12,-7.157111179547527e-5,-1.0611505446151717e-5,-0.0005738201139850626,0.0004997527947999838,-3.739712462847846e-11,1.1177845010588695e-6,-8.408715638876577e-13,-4.213543369417968e-9,-1.9069033123730233e-10,2.346581667231704e-11,0.0010991343739337068,-2.1099642168896123e-10,-6.171461990098625e-5,1.2156801064738589e-5,0.00042431712901707736,2.330056628190125e-13,-0.005487364492205622,8.100994529849149e-7,-6.0234929288503516e-5,0.007716339656682854,-0.010745754216110391,1.2947643358674306e-8,-2.694772686070855e-8,-4.681564546511019e-13,-1.134901423536071e-13,9.760916965410224e-14,-5.177410736909342e-5,-1.3419169002707532e-12,-8.334114243215342e-6,-0.00029368436461850575,-0.0001036171152225681,0.002292955955684173,2.37440679641736e-8,-0.0033900457101195456,-4.7814169518927516e-14,1.761843320003558e-5,-0.00033558513870585714,2.711190997055266e-6,-0.0041233097759743355,-0.0028992874423534724,-0.0048307993621650915,-2.2163949998286598e-13,-7.130858232980245e-5,1.1488647400235289e-9,-4.640594179205253e-8,0.0018478110625679116,-1.97114216941282e-9,1.5238859552406157e-10,1.769113058595614e-5,-9.31739669984304e-13,-1.826081414497453e-5,-5.91056195340065e-6,7.890966347210034e-10,9.423274015989028e-9,-3.5313984649457664e-8,0.0005784355978094595,1.1281658669297359e-7,-0.0005228521535101387,-3.056292838997848e-12,1.4513393041415023e-8,6.081383680011166e-6,-2.675577101331488e-10,0.027584815783757075,-5.782117776358744e-11,-0.01343211779012189,0.00024468118070495253,4.639206762498568e-5,6.736452590459161e-11,-1.2291791374895298e-9,-4.6764296969558436e-8,-5.5715418036560325e-8,-0.005021280825047634,4.136118634850376e-11,2.074607175230025e-12,5.614476497533128e-7,0.00012805997840306606,6.8253454299040675e-12,-1.3079423365452078e-7,-2.9525550844286575e-7,2.991437597249666e-5,5.276354112375893e-5,4.098224857170575e-12,-1.3096479677050183e-12,-0.001578592274912457,2.1695416523695317e-5,3.0535621860012673e-7,-1.545712717971002e-10,-2.153941980339048e-7,-0.0001254460759256155,2.996382869291062e-8,1.3430333371039e-9,-6.486013609906595e-10,-0.008827500899377455,-0.0005294984140853252,1.3952855777435293e-5,0.0003127876908307098,-3.932456057270566e-5,6.662803529528297e-5,1.4854970901992495e-12,1.6259280901346844e-12,0.0008677553190222659,-4.3537833918475073e-7,-3.100368718889058e-14
0.0,0.0,0.0,0.0,0.0,0.0,0.0,0.0,0.0,0.0,0.0,0.0,0.0,0.0,0.0,0.0,0.0,0.0,0.0,0.0,0.0,0.0,0.0,0.0,0.0,0.0,0.0,0.0,0.0,0.0,0.0,0.0,0.0,0.0,0.0,0.0,0.0,0.0,0.0,0.0,0.0,0.0,0.0,0.0,0.0,0.0,0.0,0.0,0.0,0.0,0.0,0.0,0.0,0.0,0.0,0.0,0.0,0.0,0.0,0.0,0.0,0.0,0.0,0.0,0.0,0.0,0.0,0.0,0.0,0.0,0.0,0.0,0.0,0.0,0.0,0.0,0.0,0.0,0.0,0.0,0.0,0.0,0.0,0.0,0.0,0.0,0.0,0.0,0.0,0.0,0.0,0.0,0.0,0.0,0.0,0.0,0.0,0.0,0.0,0.0,0.0,0.0,0.0,0.0,0.0,0.0,0.0,0.0,0.0,0.0,0.0,0.0,0.0,0.0,0.0,0.0,0.0,0.0,0.0,0.0,0.0,0.0,0.0,0.0,0.0,0.0,0.0,0.0,0.0,0.0,0.0,0.0,0.0,0.0,0.0,0.0,0.0,0.0,0.0,0.0,0.0,0.0,0.0,0.0,0.0,0.0,0.0,0.0,0.0,0.0,0.0,0.0,0.0,0.0,0.0,0.0,0.0,0.0,0.0,0.0,0.0,0.0,0.0,0.0,0.0,0.0,0.0,0.0,0.0,0.0,0.0,0.0,0.0,0.0,0.0,0.0,0.0,0.0,0.0,0.0,0.0,0.0,0.0,0.0,0.0,0.0,0.0,0.0,0.0,0.0,0.0,0.0,0.0,0.0,0.0,0.0,0.0,0.0,0.0,0.0,0.0,0.0,0.0,0.0,0.0,0.0,0.0,0.0,0.0,0.0,0.0,0.0,0.0,0.0,0.0,0.0,0.0,0.0,0.0,0.0,0.0,0.0,0.0,0.0,0.0,0.0,0.0,0.0,0.0,0.0,0.0,0.0,0.0,0.0,0.0,0.0,0.0,0.0,0.0,0.0,0.0,0.0,0.0,0.0,0.0,0.0,0.0,0.0,0.0,0.0,0.0,0.0,0.0,0.0,0.0,0.0,0.0,0.0,0.0,0.0,0.0,0.0,0.0,0.0,0.0,0.0,0.0,0.0,0.0,0.0,0.0,0.0,0.0,0.0,0.0,0.0,0.0,0.0,0.0,0.0,0.0,0.0,0.0,0.0,0.0,0.0,0.0,0.0,0.0,0.0,0.0,0.0,0.0,0.0,0.0,0.0,0.0,0.0,0.0,0.0,0.0,0.0,0.0,0.0,0.0,0.0,0.0,0.0,0.0,0.0,0.0,0.0,0.0,0.0,0.0,0.0,0.0,0.0,0.0,0.0,0.0,0.0,0.0,0.0,0.0,0.0,0.0,0.0,0.0,0.0,0.0,0.0,0.0,0.0,0.0,0.0,0.0,0.0,0.0,0.0,0.0,0.0,0.0,0.0,0.0,0.0,0.0,0.0,0.0,0.0,0.0,0.0,0.0,0.0,0.0,0.0,0.0,0.0,0.0,0.0,0.0,0.0,0.0,0.0,0.0,0.0,0.0,0.0,0.0,0.0,0.0,0.0,0.0,0.0,0.0,0.0,0.0,0.0,0.0,0.0,0.0,0.0,0.0,0.0,0.0,0.0,0.0,0.0,0.0,0.0,0.0,0.0,0.0,0.0,0.0,0.0,0.0,0.0,0.0,0.0,0.0,0.0,0.0,0.0,0.0,0.0,0.0,0.0,0.0,0.0,0.0,0.0,0.0,0.0,0.0,0.0,0.0,0.0,0.0,0.0,0.0,0.0,0.0,0.0,0.0,0.0,0.0,0.0,0.0,0.0,0.0,0.0,0.0,0.0,0.0,0.0,0.0,0.0,0.0,0.0,0.0,0.0,0.0,0.0,0.0,0.0,0.0,0.0,0.0,0.0,0.0,0.0,0.0,0.0,0.0,0.0,0.0,0.0,0.0,0.0,0.0,0.0,0.0,0.0,0.0,0.0,0.0,0.0,0.025617825912076765,0.0042041283424223246,-3.1587349159935655e-13,-0.002400484009042316,-0.004042010741159472,0.0013210651253555343,-7.243443653240062e-5,-1.6382328725076608e-13,-9.104573840548881e-10,1.3180719651787985e-11,-0.00026827238303731574,9.942465110407211e-5,-0.0014820840112347749,-4.671477501607694e-10,-0.0005029636600005161,-4.719253862361635e-14,-8.836840368202611e-10,1.3185694604105048e-7,0.0016833503056457946,1.0571053734338656e-11,4.2988998796371497e-11,-0.00030403008773942223,-3.407282481596056e-5,-1.6667048454847622e-8,-6.672627933260353e-8,-1.944118853712801e-7,4.0703441444489155e-6,-3.682371391927317e-12,1.8150889023076225e-13,0.004115650427229664,0.00010348979167313986,4.528523107591682e-13,-1.442600909704337e-6,-0.0001442846217116705,1.2892927094729104e-6,7.606319229891546e-9,2.679058141573811e-6,-5.0960336594294875e-12,1.3204829647025918e-9,-5.535832587593169e-10,-5.662214302683504e-9,-0.0022249025912318703,1.5647199746971842e-8,-5.329742516082727e-7,2.69334562679438e-12,-1.5230421283167481e-13,1.4991360143969156e-7,-0.0020807395163388947,2.781985091181498e-14,-4.164946156434337e-12,1.4380773391282343e-12,3.903740033023028e-12,8.482183349245432e-10,-0.002559137703388407,3.841839452448973e-6,-6.808080807647269e-10,-4.359911663237414e-6,-1.8372938738202363e-10,-5.894535447981077e-13,8.988751410414092e-13,4.609752387489619e-11,1.01712923032892e-6,2.759653582036107e-14,-9.151308616167805e-12,-1.967927586567576e-6,-0.011010430436812903,-2.653134159252643e-6,-2.8983464913434144e-8,1.5407757290666665e-11,3.7893384881816274e-10,-3.91282591781923e-12,3.123256572294592e-7,-1.8391344620467595e-13,0.00013021913456149164,7.435589958975188e-5,-2.773605474758946e-12,-2.4984114995063658e-8,5.066407137124775e-12,4.3960491729271367e-13,-5.768323249793384e-13,0.005457951756342054,-4.207855659320966e-11,-1.794988685002437e-6,1.2497959922671081e-8,1.0859566690138599e-13,-8.314525976765467e-13,4.597322668400699e-10,4.4572107158250957e-13,-5.0455120540631924e-8,-0.0014326132001927605,3.4497280182858385e-15,0.00019481532692041157,-0.0001629428209903579,9.040157525862726e-14,-0.004344697546258251,-5.217631146146803e-7,-2.8563618691546727e-10,3.484382882901385e-11,0.0073939351284273295,5.390614276805849e-6,-5.291713788685534e-10,9.461031922997946e-14,0.007761206745417035,0.0011758375283307462,3.48851588580682e-13,4.879495001878221e-5,1.0702323486561163e-9,-2.406113707916624e-6,-1.5730737861037415e-8,-6.579798160486524e-8,-1.1769051196095745e-9,-2.769733663502557e-12,3.623021625847639e-10,1.2522210262836584e-5,2.2275770733458226e-6,7.702406616637675e-11,-4.278634261704766e-12,1.6604442972043006e-12,-0.004246862344511899,-2.5753031508599876e-5,1.6575334238009705e-14,-6.419968208552463e-13,1.0413943158930066e-9,-5.825411478822316e-14,2.848061541974972e-12,1.3274277817748306e-9,1.664371023231151e-8,-5.278540419223489e-10,3.154782015354953e-9,0.0001942465463658823,-1.1870150912936154e-7,5.108334471599219e-15,-0.0007426543506049311,2.6060808707573174e-8,-6.2447776847621e-8,-5.914773647747057e-9,-7.969671758906235e-6,-2.1286722998592913e-13,6.91049222656615e-14,0.008485125802030367,0.005914673062243748,-0.004391474536208901,4.848136898091899e-9,7.08050768179645e-12,-5.312912279567249e-12,9.460367176322473e-6,-4.0649744996551715e-6,0.0038946370267811626,-3.040353724047245e-6,0.00011310038525052096,3.7755275593140806e-11,-0.006146544624156188,-1.0729865283876623e-9,-6.253475548980738e-8,2.4346232163347025e-7,-4.108367478909052e-5,-1.7795690174081778e-11,3.290140592774796e-11,-3.5006191579755737e-9,0.003517293075739759,-4.1095380779838705e-14,5.988153360510544e-5,-2.0293930753792404e-12,-3.77586535069219e-5,8.504174074765898e-12,5.133874368787517e-14,-0.000181751283104668,2.5432937471513926e-10,-9.041315771684276e-6,-3.0292064474075703e-5,-9.435489869382517e-7,-1.8479802807183123e-7,-1.0272396977540984e-12,0.0016775532676421958,-2.2144995000307475e-5,-1.7520052974013718e-9,-5.473005107776789e-7,-0.0003616720685874437,4.082079222878495e-8,-4.689471838306314e-5,-2.6403669498687917e-10,-1.0211690684568767e-6,-4.878920542601108e-13,1.079989835107741e-8,0.008640513858694404,-2.3151709918958393e-13,-0.00019032866060986363,-0.000842681325037945,3.388751518265408e-7,7.493179482885913e-14,4.027914554270586e-12,0.0013143937504934374,-0.0007427662674645756,-7.39019924666575e-10,-3.1273796127823487e-13,-7.072604056109603e-13,1.0551913173910153e-10,-2.521470231833534e-10,0.0008579011692819009,-2.932348534412162e-8,-1.5703817926003564e-5,1.1471743300594692e-13,1.335965484125479e-7,8.862477086269348e-11,-3.8766897780596796e-9,-0.0016299352335541809,-8.02388361721593e-7,-3.744003125971233e-12,1.1572115162873366e-9,3.5863130854787432e-6,4.5864095121382086e-7,-1.848139272094735e-11,-0.00039648665631593187,-6.061115693671861e-5,1.423725544455869e-10,8.03029975267892e-10,7.0999430881669315e-9,3.3999298450968172e-9,-2.1416689684775076e-13,4.934046135511994e-7,1.666122072954747e-11,-0.0008557767962235292,-0.0012808481030603658,4.585331832969526e-7,-0.0022913065565881487,4.028811642864067e-10,6.208327060035648e-13,1.9632045978264578e-13,-6.280249629728797e-6,1.3271832101809951e-6,-3.819623024819897e-5,0.002443621175951552,-8.993297917012961e-12,-3.515401465714347e-8,-9.234296344832859e-14,4.1960676429394373e-10,-4.65963866987391e-11,-2.0615044438780986e-13,-0.00014089799232708418,-3.578545839961941e-11,-1.3544100712007686e-5,-1.2416480299340587e-5,-0.000269975475471186,5.9821233239688e-14,0.00020279522020750368,8.501131020428629e-8,-4.5407369139327035e-6,0.003950535862002104,0.0017793417480666894,1.866801904476784e-9,9.071730027425846e-10,8.814995022636878e-14,-1.8219068844189568e-14,-1.7887773983020432e-14,-1.3879536171942142e-5,2.518643911456003e-13,-2.2135429822518927e-6,2.5053532440247103e-5,-1.8615305002737832e-5,-0.000673437884941433,7.025638323551626e-8,-0.0007361251253527826,-1.0111811064429829e-14,3.9230260436743705e-6,-3.1296880831351325e-5,2.73770731661447e-7,0.0007453484669112829,-0.004486967842572226,0.0024789622094471423,8.69832788654149e-14,-6.219024633812926e-6,9.831945736869772e-11,-7.122456560647338e-8,-0.003057208931905457,1.0638042834733763e-9,3.260468232836479e-11,2.2082158251656305e-6,-1.417153220530924e-13,-1.8659856189097557e-6,0.00016720552317458882,1.7736895191693082e-10,-1.9155111263360573e-8,-9.669074352381678e-9,0.00013525586204105167,1.1062003442528482e-8,-0.0020982825636267563,1.5267362938769832e-12,5.772763360836738e-9,-2.776658557298579e-7,3.2542456434709638e-12,0.002744887435086004,-3.807696850726011e-12,-0.0006887958423842219,7.353469819847673e-5,4.7640470600917e-6,1.584325493580838e-11,-1.6457380648772512e-10,2.801725817416717e-9,-1.2103380339501808e-8,0.004961258247590746,1.4502173999019413e-11,-7.872383155591629e-14,-9.230112238822649e-7,-0.00011290808980726741,1.5018146626533322e-12,-9.437908239466478e-9,-4.917341608119195e-8,4.768756559751912e-6,-6.4128539294437065e-6,-6.255214323869861e-13,-9.698878630168078e-14,-0.00010330894083302163,3.1657039374223673e-6,2.1880627597504303e-8,1.2156631495714992e-11,-1.0268399478935867e-7,1.9001592957035018e-5,1.7532589295279018e-8,2.463975999333122e-10,-3.547216973962121e-10,0.0048765657410088335,0.00010004427599461912,-1.3391492945623165e-6,5.6671443292310384e-5,1.6197424412668468e-6,1.4713972359180681e-5,-5.350482781496609e-13,3.550380905820679e-13,-0.0012128783715979162,-3.262941324268732e-8,2.9986695226478723e-15
0.0,0.0,0.0,0.0,0.0,0.0,0.0,0.0,0.0,0.0,0.0,0.0,0.0,0.0,0.0,0.0,0.0,0.0,0.0,0.0,0.0,0.0,0.0,0.0,0.0,0.0,0.0,0.0,0.0,0.0,0.0,0.0,0.0,0.0,0.0,0.0,0.0,0.0,0.0,0.0,0.0,0.0,0.0,0.0,0.0,0.0,0.0,0.0,0.0,0.0,0.0,0.0,0.0,0.0,0.0,0.0,0.0,0.0,0.0,0.0,0.0,0.0,0.0,0.0,0.0,0.0,0.0,0.0,0.0,0.0,0.0,0.0,0.0,0.0,0.0,0.0,0.0,0.0,0.0,0.0,0.0,0.0,0.0,0.0,0.0,0.0,0.0,0.0,0.0,0.0,0.0,0.0,0.0,0.0,0.0,0.0,0.0,0.0,0.0,0.0,0.0,0.0,0.0,0.0,0.0,0.0,0.0,0.0,0.0,0.0,0.0,0.0,0.0,0.0,0.0,0.0,0.0,0.0,0.0,0.0,0.0,0.0,0.0,0.0,0.0,0.0,0.0,0.0,0.0,0.0,0.0,0.0,0.0,0.0,0.0,0.0,0.0,0.0,0.0,0.0,0.0,0.0,0.0,0.0,0.0,0.0,0.0,0.0,0.0,0.0,0.0,0.0,0.0,0.0,0.0,0.0,0.0,0.0,0.0,0.0,0.0,0.0,0.0,0.0,0.0,0.0,0.0,0.0,0.0,0.0,0.0,0.0,0.0,0.0,0.0,0.0,0.0,0.0,0.0,0.0,0.0,0.0,0.0,0.0,0.0,0.0,0.0,0.0,0.0,0.0,0.0,0.0,0.0,0.0,0.0,0.0,0.0,0.0,0.0,0.0,0.0,0.0,0.0,0.0,0.0,0.0,0.0,0.0,0.0,0.0,0.0,0.0,0.0,0.0,0.0,0.0,0.0,0.0,0.0,0.0,0.0,0.0,0.0,0.0,0.0,0.0,0.0,0.0,0.0,0.0,0.0,0.0,0.0,0.0,0.0,0.0,0.0,0.0,0.0,0.0,0.0,0.0,0.0,0.0,0.0,0.0,0.0,0.0,0.0,0.0,0.0,0.0,0.0,0.0,0.0,0.0,0.0,0.0,0.0,0.0,0.0,0.0,0.0,0.0,0.0,0.0,0.0,0.0,0.0,0.0,0.0,0.0,0.0,0.0,0.0,0.0,0.0,0.0,0.0,0.0,0.0,0.0,0.0,0.0,0.0,0.0,0.0,0.0,0.0,0.0,0.0,0.0,0.0,0.0,0.0,0.0,0.0,0.0,0.0,0.0,0.0,0.0,0.0,0.0,0.0,0.0,0.0,0.0,0.0,0.0,0.0,0.0,0.0,0.0,0.0,0.0,0.0,0.0,0.0,0.0,0.0,0.0,0.0,0.0,0.0,0.0,0.0,0.0,0.0,0.0,0.0,0.0,0.0,0.0,0.0,0.0,0.0,0.0,0.0,0.0,0.0,0.0,0.0,0.0,0.0,0.0,0.0,0.0,0.0,0.0,0.0,0.0,0.0,0.0,0.0,0.0,0.0,0.0,0.0,0.0,0.0,0.0,0.0,0.0,0.0,0.0,0.0,0.0,0.0,0.0,0.0,0.0,0.0,0.0,0.0,0.0,0.0,0.0,0.0,0.0,0.0,0.0,0.0,0.0,0.0,0.0,0.0,0.0,0.0,0.0,0.0,0.0,0.0,0.0,0.0,0.0,0.0,0.0,0.0,0.0,0.0,0.0,0.0,0.0,0.0,0.0,0.0,0.0,0.0,0.0,0.0,0.0,0.0,0.0,0.0,0.0,0.0,0.0,0.0,0.0,0.0,0.0,0.0,0.0,0.0,0.0,0.0,0.0,0.0,0.0,0.0,0.0,0.0,0.0,0.0,0.0,0.0,0.0,0.0,0.0,0.0,0.0,0.0,0.0,0.0,0.0,0.0,0.0,0.0,0.0,0.0,0.0,0.0,0.0,0.0,0.0,0.0,0.0,0.0,0.0,0.0,0.0,0.0,0.0,0.0,0.0,0.0,0.0,0.0,0.0456931164828649,-5.279922823409885e-13,-0.00046366033444597787,0.00388505341527342,-0.00018917143074420167,0.00021128914633229494,-2.0191974511099732e-14,2.554857840078116e-9,-2.91993677176649e-11,-0.008978536406764605,0.00451585044878537,0.00125419263073724,3.37950948559097e-9,0.0006359330498410396,-1.1159308968983167e-14,8.242691901883938e-10,-2.835842491562598e-7,0.0008458207860535445,-3.6482575750489725e-11,-3.0625214702154665e-11,0.00019267392937316757,3.914110021427998e-5,-4.219320700727981e-8,1.2753341783767587e-7,7.736055238382882e-7,6.075269821808782e-6,-7.194483967390611e-11,-1.4093213533059836e-11,-0.0012520854079210782,-0.0002507129873040825,-4.770045274271366e-14,5.051441046065754e-7,-0.0009507670594021262,3.2412871422863127e-6,-2.668914839602308e-9,-3.0722148571970786e-7,1.2766860581925821e-11,-1.3223439136365318e-10,-3.0105099907002154e-11,-8.70771771951064e-9,0.0014398662164400629,-3.753258644280816e-8,3.994539895455405e-7,-6.2580111020668725e-12,-4.926916032140412e-14,1.5366109455200138e-7,-0.002740643049877791,-8.933225457404992e-14,5.298779000376077e-12,-4.665068866847051e-13,3.216681959931105e-11,3.1565346593892406e-9,-0.019303533143910482,4.650073964088208e-5,1.8074463804784001e-9,3.2808524568374163e-6,1.1039669914242356e-10,6.370186015347982e-13,-2.4054307675324863e-12,-2.8718178026093573e-10,-4.682248640637563e-7,-1.2092472055818491e-13,4.274069471310264e-12,3.5070283618956424e-6,0.012710099297054597,1.7613066029023033e-6,6.890110616398639e-8,1.7234363003191926e-12,3.839148025166953e-10,-1.0842320263322637e-11,-2.6338779459833065e-7,4.844756162367703e-13,-0.00014778291623379394,-0.0002152895731030323,9.365370448767075e-13,1.2252907820080183e-7,1.8222723554497597e-12,-1.0289771328313303e-12,4.521077763324729e-12,-0.0027691251047949257,-8.552749374262493e-11,1.6619513768036966e-6,5.023561188473911e-7,9.473398704131664e-13,-8.137185106703407e-13,2.363744433640558e-10,3.571416306684653e-13,5.346083767345105e-7,-0.011697393162953512,-2.026535355200132e-14,0.00033978632421501255,0.0003538956459507121,1.4401473209124565e-14,0.010279159636252495,7.227586515237817e-7,-6.007943711511827e-11,-7.682514997250112e-10,-0.0032128165218599718,3.2645825016952944e-5,-2.707739808363754e-9,1.9094996859523613e-13,-0.0018120585242673791,0.002046281590834369,7.519325710063046e-13,0.0007605731036823498,-1.0208385407929742e-10,1.7009989981216761e-6,-3.8326829614192204e-7,2.037350428017131e-7,6.498443293954144e-10,-1.0088802294753739e-11,5.137785172779417e-10,4.49497028690193e-5,-1.9303424050779698e-6,1.1592244259485446e-10,5.6126936280689724e-11,-1.5745177115528625e-11,-0.0009099248218303708,0.00011757725160932383,1.2606900314352606e-15,5.127946593381853e-13,3.500737105324113e-9,-7.078987736983186e-14,3.5631865545815e-11,2.6668216574482524e-8,-1.0309956741162676e-7,8.186103322620951e-10,-1.784203951550526e-9,0.00016177172310382067,2.4855469614790255e-9,-1.0112470880919157e-13,0.0017264430111204921,-3.1848209359684453e-8,-1.006180261311992e-7,2.498719001034591e-6,-6.565710228675293e-6,-1.9190024402530492e-13,-5.2937032847424996e-14,0.00039544218757107404,0.009688766909115406,1.4920331500127808e-5,7.120831882143729e-9,6.97220806622699e-12,3.0387090421765192e-12,-2.0464268910946776e-5,2.1564373305995082e-6,-0.001648421063399805,-9.202519477744486e-6,-0.00024180175747979385,-2.929454375046093e-11,0.001933470185883967,-2.476896850522931e-10,-1.2396209172384156e-8,-1.442869037073486e-7,-0.0005702742776348806,-7.168763327805542e-10,-2.3110641726414327e-11,-1.069460044024067e-9,0.005523885847655754,-6.355914714369607e-15,-2.7860994700442823e-5,5.0490907487026664e-12,-1.9218461253003926e-5,-9.557196087107664e-12,-3.4372561416418397e-15,-0.00021118221607034927,-2.6994940179972123e-8,-2.895966624210084e-5,-9.552388851980665e-5,1.9717617754451224e-6,-1.2566266186344988e-6,-8.529770159341061e-12,-0.0029203026666696956,0.002260869407071331,2.041434414751545e-9,7.107847732632958e-6,-0.0009217382658526621,-2.9505809429115558e-8,0.00012948316685902872,6.33301629845036e-10,8.029255589289302e-7,-2.0789261665109262e-12,-1.5588069372013634e-8,0.012215919859713341,4.1644191586419074e-14,-0.00265750328398042,-0.0002730438793324936,7.20912999112311e-8,-9.11955024251827e-14,-1.2446557610607217e-12,-0.0009848725872770084,-0.00029756512543534724,5.636223200613515e-10,-5.192556124687984e-13,-6.216959049019483e-13,-1.6495046258556884e-10,-1.1728327831460815e-8,0.0012529668215699268,2.401182478043784e-8,-0.0005570790953858113,5.0253067047651885e-14,1.9405107669312143e-7,-4.378401858180953e-10,6.9624092523473396e-9,-0.0005560826275737874,-2.869531615945899e-7,-8.505856087586388e-12,1.2988774428314299e-9,2.445745619799784e-6,6.529954458741738e-7,-1.8026157505096508e-11,-0.0021670010014521483,-0.00010279028753719339,-4.099703584137033e-10,3.354863067499812e-8,-2.7010318320535783e-8,-1.4764673341646384e-9,7.877115424759496e-13,1.4655873511837384e-5,1.4610456717779965e-10,9.585852914548514e-5,0.00021670328761554778,-3.1082463245340963e-6,-0.0018140417948364752,-1.1878578871389921e-9,8.271098429972211e-13,-1.1561032549590834e-13,9.701614667192855e-6,3.7892730817044726e-6,6.216611703690728e-5,-0.001247622358600453,5.180962600725065e-12,4.827389662788258e-7,1.5973438211931282e-13,2.1395436521068913e-10,-6.342494556918092e-11,-2.9147455754483384e-13,1.6614398524567476e-5,-6.678120695559085e-11,-9.590977282826133e-6,1.2499714713668355e-5,0.0005305278424217857,1.6186362846050409e-13,0.005451551038811268,-4.701746455466101e-8,-1.080776159150725e-5,-0.004309912593545994,-0.0008971797584576993,1.4392223191132264e-8,-3.2066425306721983e-9,-1.0668945369705805e-13,-1.6751709015718205e-14,8.749937492527451e-14,-6.81423902872407e-5,-1.804865544253523e-13,2.3054822220529055e-7,-6.188911666047309e-6,-2.797111987498744e-6,0.0019353305799300086,-4.100333576005932e-7,0.00024004183261048853,-8.644671972247476e-15,-1.6380286447449748e-6,-0.00010178225998814433,-1.4484425954917471e-8,0.0040642321335930785,0.0041123692267918,-0.005691070489007075,-1.3214017183258692e-14,2.252950660859583e-5,-2.206308731865658e-11,-4.632371825358976e-9,0.001186645458543939,3.870114203387041e-9,5.0235296361299214e-12,-2.3081193222008704e-6,-1.7471468892897112e-13,-3.680794497765903e-7,-7.006538227006664e-5,2.0246499948791126e-11,6.126447654811207e-8,3.8520249400599e-9,3.0321007650512402e-5,-1.788040856820529e-8,0.0020755228470057357,4.671290741826828e-13,-5.940284539377144e-9,5.070899314127939e-6,1.2660989671652727e-10,-0.002307122868915343,5.117255706696075e-12,0.004224886031191167,-0.000724206935217692,0.0004931770367007923,1.3071956826232191e-11,-3.857654027274887e-10,-3.951503026368201e-9,2.3311750823464448e-8,-0.0016424836288997853,-5.5342372700961626e-11,1.6470352977974397e-12,1.025877413480264e-6,-0.00011176131896526424,2.9710720818582887e-12,-6.0923929960886165e-9,4.494724263000285e-8,1.3273732283263158e-5,-4.670821730276395e-6,-4.221782147863457e-14,-1.4738267536710295e-13,-0.0007746423745103669,1.337083558225449e-6,-6.802675902994503e-9,2.1363771347664622e-11,2.7710701773416846e-7,1.4484887760100432e-5,-2.7967876714659574e-8,-2.9269177482106235e-11,6.90830444539516e-10,0.006089548696425987,8.100531418338348e-5,-5.24473304171768e-6,-7.203519545875261e-5,-2.0171617624856627e-5,3.155567072665078e-5,2.4899357748774018e-12,-1.4792842662295609e-13,0.0014173666098937648,-5.593114229742533e-7,1.6893919267529648e-14
0.0,0.0,0.0,0.0,0.0,0.0,0.0,0.0,0.0,0.0,0.0,0.0,0.0,0.0,0.0,0.0,0.0,0.0,0.0,0.0,0.0,0.0,0.0,0.0,0.0,0.0,0.0,0.0,0.0,0.0,0.0,0.0,0.0,0.0,0.0,0.0,0.0,0.0,0.0,0.0,0.0,0.0,0.0,0.0,0.0,0.0,0.0,0.0,0.0,0.0,0.0,0.0,0.0,0.0,0.0,0.0,0.0,0.0,0.0,0.0,0.0,0.0,0.0,0.0,0.0,0.0,0.0,0.0,0.0,0.0,0.0,0.0,0.0,0.0,0.0,0.0,0.0,0.0,0.0,0.0,0.0,0.0,0.0,0.0,0.0,0.0,0.0,0.0,0.0,0.0,0.0,0.0,0.0,0.0,0.0,0.0,0.0,0.0,0.0,0.0,0.0,0.0,0.0,0.0,0.0,0.0,0.0,0.0,0.0,0.0,0.0,0.0,0.0,0.0,0.0,0.0,0.0,0.0,0.0,0.0,0.0,0.0,0.0,0.0,0.0,0.0,0.0,0.0,0.0,0.0,0.0,0.0,0.0,0.0,0.0,0.0,0.0,0.0,0.0,0.0,0.0,0.0,0.0,0.0,0.0,0.0,0.0,0.0,0.0,0.0,0.0,0.0,0.0,0.0,0.0,0.0,0.0,0.0,0.0,0.0,0.0,0.0,0.0,0.0,0.0,0.0,0.0,0.0,0.0,0.0,0.0,0.0,0.0,0.0,0.0,0.0,0.0,0.0,0.0,0.0,0.0,0.0,0.0,0.0,0.0,0.0,0.0,0.0,0.0,0.0,0.0,0.0,0.0,0.0,0.0,0.0,0.0,0.0,0.0,0.0,0.0,0.0,0.0,0.0,0.0,0.0,0.0,0.0,0.0,0.0,0.0,0.0,0.0,0.0,0.0,0.0,0.0,0.0,0.0,0.0,0.0,0.0,0.0,0.0,0.0,0.0,0.0,0.0,0.0,0.0,0.0,0.0,0.0,0.0,0.0,0.0,0.0,0.0,0.0,0.0,0.0,0.0,0.0,0.0,0.0,0.0,0.0,0.0,0.0,0.0,0.0,0.0,0.0,0.0,0.0,0.0,0.0,0.0,0.0,0.0,0.0,0.0,0.0,0.0,0.0,0.0,0.0,0.0,0.0,0.0,0.0,0.0,0.0,0.0,0.0,0.0,0.0,0.0,0.0,0.0,0.0,0.0,0.0,0.0,0.0,0.0,0.0,0.0,0.0,0.0,0.0,0.0,0.0,0.0,0.0,0.0,0.0,0.0,0.0,0.0,0.0,0.0,0.0,0.0,0.0,0.0,0.0,0.0,0.0,0.0,0.0,0.0,0.0,0.0,0.0,0.0,0.0,0.0,0.0,0.0,0.0,0.0,0.0,0.0,0.0,0.0,0.0,0.0,0.0,0.0,0.0,0.0,0.0,0.0,0.0,0.0,0.0,0.0,0.0,0.0,0.0,0.0,0.0,0.0,0.0,0.0,0.0,0.0,0.0,0.0,0.0,0.0,0.0,0.0,0.0,0.0,0.0,0.0,0.0,0.0,0.0,0.0,0.0,0.0,0.0,0.0,0.0,0.0,0.0,0.0,0.0,0.0,0.0,0.0,0.0,0.0,0.0,0.0,0.0,0.0,0.0,0.0,0.0,0.0,0.0,0.0,0.0,0.0,0.0,0.0,0.0,0.0,0.0,0.0,0.0,0.0,0.0,0.0,0.0,0.0,0.0,0.0,0.0,0.0,0.0,0.0,0.0,0.0,0.0,0.0,0.0,0.0,0.0,0.0,0.0,0.0,0.0,0.0,0.0,0.0,0.0,0.0,0.0,0.0,0.0,0.0,0.0,0.0,0.0,0.0,0.0,0.0,0.0,0.0,0.0,0.0,0.0,0.0,0.0,0.0,0.0,0.0,0.0,0.0,0.0,0.0,0.0,0.0,0.0,0.0,0.0,0.0,0.0,0.0,0.0,0.0,0.0,0.0,0.0,0.0,0.0,0.0,0.0,0.0,0.0,0.0,0.0,0.0,0.0,0.0,0.0512498331139216,1.3311668778492496e-12,-1.6978900134910423e-12,1.9746561566039513e-12,-3.0433393416814785e-11,-0.0055408127624016375,5.334836669357302e-6,-5.9834977433161945e-5,-5.689592976105509e-13,-9.636512960808233e-13,-3.153253541211692e-14,1.7927492981929928e-6,-2.051785869792333e-12,0.0008338083571365195,-1.2608677975137785e-6,7.145471571224226e-8,-6.3450211361320854e-12,0.0014241416145309369,-2.4963314894512475e-5,2.653144049328185e-11,-4.178049251809205e-11,-1.1255821990919404e-7,-1.2834259478799714e-7,7.964682664315437e-10,-1.9613507336658223e-9,1.5065766486042077e-5,0.0004201866521020621,1.6429079854319192e-13,4.6521680733419915e-11,-0.006711328546871051,1.8590856288099307e-9,1.873027533507184e-11,-1.7030945269795652e-8,-1.6959610038977936e-6,-3.107765871422727e-9,0.0003187644813121979,1.4878043262305236e-6,1.1700641215018443e-5,2.5570070744379705e-6,6.940654033880251e-14,-1.1458327884183562e-6,-1.782869910632706e-9,0.0018382388349621726,-0.0012805952596674532,9.106451790902443e-9,-8.382160181127328e-13,0.004469009112580281,-0.003192218942201842,0.002172952976518748,0.00026441366547466703,-6.498176388835357e-6,-1.3794017549416935e-12,-2.4516971156666114e-11,-2.592540910375026e-6,1.324229862413531e-9,6.370678087498077e-6,-0.0008673254164824331,-0.0035100582943711034,-1.9061686502641903e-5,-2.2080779197824985e-8,0.0017752223953592424,0.006794227274427993,3.5298542920417124e-10,6.301730259170311e-13,4.180136643658207e-9,1.6351417144025602e-9,-0.002065548582324175,-6.71571873859009e-6,-0.0005376170202381115,-2.608117346664255e-10,-0.018787780715311838,-2.3877311759944823e-10,3.064581690912578e-10,0.0035430591408382637,-9.193869368822808e-9,-0.0003068343086919004,0.0017032690433262353,-0.0002955011345377962,-3.5607118134664717e-14,8.713265060331809e-5,-1.3973629244936093e-8,4.337513890975476e-9,-0.02570795810041583,0.005178988676123717,-1.2160213491392806e-5,0.007109674637860513,-3.3413502506526044e-8,8.24756733279471e-13,0.001297575132795866,-2.2427971634030478e-11,-2.001051272994278e-12,-0.016793707439665292,1.5060917800909233e-13,-1.1467316932224443e-8,4.3465900175062804e-5,-3.094549335969172e-8,-9.144282603120428e-14,-1.1326200771262547e-9,-6.928592632649485e-9,0.0043612846329460575,-2.9319132667834995e-14,-2.857151746731512e-12,0.0009300520896968619,2.3838812901114844e-12,-1.8898088844961715e-6,2.5540701394210855e-9,2.7758777303453794e-8,8.00241415129285e-8,3.490155135543655e-6,0.0006423432990719819,3.403367036966292e-7,-3.6820928562368636e-10,-5.121067714000085e-10,2.733590975221349e-6,-4.306418711705197e-5,-0.0017280569761120028,-4.1696787134617456e-17,1.9156458056155388e-11,-0.0011755151149632965,-0.006991331962268808,-4.733754841315983e-7,-2.1250742712934748e-5,-0.0004972701245510367,7.67136934068014e-7,6.2517939004026235e-9,1.9414556097279234e-6,-2.2803633862751584e-6,-3.0411271649323234e-11,1.2112392653411668e-7,0.001751304545386014,7.689191854493537e-14,-3.0209828548420375e-7,-2.5121923795192e-9,-5.517539836618647e-10,-8.633254716656076e-11,0.0025760571991451627,0.00201125772005992,3.515760675068017e-14,-5.712855024106022e-13,4.45350335883644e-14,8.617395668541263e-8,-0.0013005344883103588,-0.0005666638903954026,3.7444668951777063e-10,4.560849541391617e-9,-6.657930907935865e-14,1.3037317419464659e-9,-1.7232248274235105e-11,-3.543665049762204e-5,7.083332936455639e-14,7.824647797374377e-6,-5.798545843002638e-9,-1.3992825306366024e-8,5.4890179801935555e-11,-2.087750252818021e-5,1.6156387628110663e-5,9.472929971163797e-6,7.878430393971767e-13,-0.0021573396073294848,-2.0852439862202642e-11,0.00209533967046525,2.1609275325385448e-11,-0.0013839895580615611,-0.0004246252212712223,-2.3109802382553068e-11,4.110353366577741e-7,2.4961586796827373e-10,1.0451246216461773e-10,-5.5531439239491184e-9,2.802264864383063e-9,0.0008614360502401169,2.2519242081742077e-12,-7.105956524628808e-12,1.3507008442122573e-6,3.1946354651946867e-10,-9.239415219490825e-12,2.0110462255968613e-8,-8.119721899048104e-11,-3.349310368291955e-5,3.6509980038820894e-9,0.003188171293390372,2.0973828641833662e-9,-1.5444273724924683e-13,-0.010834874463515762,1.8192491470788502e-11,9.43968918160833e-15,3.6009236952527562e-9,-0.0031743009809232776,-0.004275468948000845,2.3365086196000924e-12,-4.03880601799039e-12,1.0666905245027392e-5,0.0006830734860276278,0.00017434533665243486,1.1844743274340949e-5,-3.9518489187501116e-8,1.1487983433000541e-12,-4.770259824675015e-8,4.9670000803664034e-15,-0.0023440606049104,-3.0987790378943367e-9,-2.6032096264544863e-5,-5.567562629005762e-6,-3.426804697045167e-13,6.387161125623848e-9,0.00010073459153883034,-2.352877347081352e-7,-1.0676274645030185e-9,-9.700777555113513e-10,0.0012498545467002854,1.1214937537570693e-12,-4.568141382190318e-11,-6.015438561741361e-5,-4.756841062461557e-7,-1.1006947450342771e-7,2.8313595149179656e-6,-0.01267085639192473,-2.426893921105302e-10,-1.2048925965626926e-6,2.224750428965046e-14,4.889713623234848e-12,2.4452096397159935e-9,-6.468480062959671e-13,-2.318469553275679e-6,-0.013449712099592653,-0.00615148786230098,-1.940789922440351e-10,2.312516339227836e-9,8.741777485761424e-11,-3.373918433283982e-14,0.0004862424601659772,-3.9857127887130694e-8,0.0009941234088193297,-1.523050425720483e-7,-2.5074214194069356e-5,0.005316576161569496,-1.3586881751135491e-11,-4.012471947815727e-5,3.0044217354698257e-10,-6.4890627542234e-10,-2.6611382696607315e-11,-0.00019050490325996688,9.276977684923931e-13,-2.085512187040875e-7,4.2803024377451385e-10,3.1263868958869185e-13,5.20644741383054e-13,-8.338988522453658e-7,-1.1911867739195128e-7,0.004818224401515632,0.0007408640508267044,-0.0017432599121318712,6.923794295414005e-10,0.007134806001251863,1.36496427110769e-9,1.4337020368577754e-11,-5.979319665328448e-11,-2.9612928013699386e-14,-2.246199466589497e-8,1.3460929658260793e-11,0.00025431737106139683,-7.304053335369326e-10,2.6290402772720247e-10,-5.776521711780715e-9,3.248684817818448e-12,-1.3481120821591008e-12,3.805155141353521e-12,0.0041926227712283095,1.7539005683408846e-10,-3.469886430430194e-5,-7.275267936280875e-9,1.7485184128980682e-13,-1.9549388809115977e-6,-0.0006437523728390498,-4.0898271272076256e-9,0.005766314089852149,4.467445403735535e-9,4.171808351668776e-12,-0.0001477933399355078,-4.1633541815372546e-8,1.5917557486638743e-6,-6.843948173355273e-11,9.55227326216609e-8,-1.3000653821285088e-13,0.004749275726472632,-3.035563490834728e-7,-7.363441983348864e-10,5.8939284106555e-6,1.0424529859590354e-12,0.0014132409745614995,2.347670976878285e-12,1.3221233715559568e-11,9.236795142734012e-15,0.0004000372580351284,-1.6907924609776485e-5,8.02637347663997e-7,1.438518377005626e-7,-1.6444878889164018e-13,0.00015869374912055192,0.004467849765140107,-1.1927199647744275e-8,1.940479432035482e-11,-0.0001404839235665446,1.9588179963302175e-7,1.6833646292679909e-7,-2.6753594463933195e-10,-2.2635621853860377e-10,0.0017865966287226535,-0.0006808750629047822,4.513377651048492e-11,-1.94011165891258e-9,-7.616338410037284e-8,-7.37732669054343e-5,-7.563764398685815e-8,4.326448215725624e-11,-5.1111962816037255e-8,-3.338015387073895e-5,3.5406963072733334e-6,-1.8016048637618892e-13,5.361502736043253e-12,2.0302948528669028e-10,-1.2801511682500511e-10,6.850219628112043e-10,-9.992393180995528e-11,0.00016458470770774287,0.02394012073348895,2.006318874835081e-13,6.121531793128884e-9,-0.000846615019851904
0.0,0.0,0.0,0.0,0.0,0.0,0.0,0.0,0.0,0.0,0.0,0.0,0.0,0.0,0.0,0.0,0.0,0.0,0.0,0.0,0.0,0.0,0.0,0.0,0.0,0.0,0.0,0.0,0.0,0.0,0.0,0.0,0.0,0.0,0.0,0.0,0.0,0.0,0.0,0.0,0.0,0.0,0.0,0.0,0.0,0.0,0.0,0.0,0.0,0.0,0.0,0.0,0.0,0.0,0.0,0.0,0.0,0.0,0.0,0.0,0.0,0.0,0.0,0.0,0.0,0.0,0.0,0.0,0.0,0.0,0.0,0.0,0.0,0.0,0.0,0.0,0.0,0.0,0.0,0.0,0.0,0.0,0.0,0.0,0.0,0.0,0.0,0.0,0.0,0.0,0.0,0.0,0.0,0.0,0.0,0.0,0.0,0.0,0.0,0.0,0.0,0.0,0.0,0.0,0.0,0.0,0.0,0.0,0.0,0.0,0.0,0.0,0.0,0.0,0.0,0.0,0.0,0.0,0.0,0.0,0.0,0.0,0.0,0.0,0.0,0.0,0.0,0.0,0.0,0.0,0.0,0.0,0.0,0.0,0.0,0.0,0.0,0.0,0.0,0.0,0.0,0.0,0.0,0.0,0.0,0.0,0.0,0.0,0.0,0.0,0.0,0.0,0.0,0.0,0.0,0.0,0.0,0.0,0.0,0.0,0.0,0.0,0.0,0.0,0.0,0.0,0.0,0.0,0.0,0.0,0.0,0.0,0.0,0.0,0.0,0.0,0.0,0.0,0.0,0.0,0.0,0.0,0.0,0.0,0.0,0.0,0.0,0.0,0.0,0.0,0.0,0.0,0.0,0.0,0.0,0.0,0.0,0.0,0.0,0.0,0.0,0.0,0.0,0.0,0.0,0.0,0.0,0.0,0.0,0.0,0.0,0.0,0.0,0.0,0.0,0.0,0.0,0.0,0.0,0.0,0.0,0.0,0.0,0.0,0.0,0.0,0.0,0.0,0.0,0.0,0.0,0.0,0.0,0.0,0.0,0.0,0.0,0.0,0.0,0.0,0.0,0.0,0.0,0.0,0.0,0.0,0.0,0.0,0.0,0.0,0.0,0.0,0.0,0.0,0.0,0.0,0.0,0.0,0.0,0.0,0.0,0.0,0.0,0.0,0.0,0.0,0.0,0.0,0.0,0.0,0.0,0.0,0.0,0.0,0.0,0.0,0.0,0.0,0.0,0.0,0.0,0.0,0.0,0.0,0.0,0.0,0.0,0.0,0.0,0.0,0.0,0.0,0.0,0.0,0.0,0.0,0.0,0.0,0.0,0.0,0.0,0.0,0.0,0.0,0.0,0.0,0.0,0.0,0.0,0.0,0.0,0.0,0.0,0.0,0.0,0.0,0.0,0.0,0.0,0.0,0.0,0.0,0.0,0.0,0.0,0.0,0.0,0.0,0.0,0.0,0.0,0.0,0.0,0.0,0.0,0.0,0.0,0.0,0.0,0.0,0.0,0.0,0.0,0.0,0.0,0.0,0.0,0.0,0.0,0.0,0.0,0.0,0.0,0.0,0.0,0.0,0.0,0.0,0.0,0.0,0.0,0.0,0.0,0.0,0.0,0.0,0.0,0.0,0.0,0.0,0.0,0.0,0.0,0.0,0.0,0.0,0.0,0.0,0.0,0.0,0.0,0.0,0.0,0.0,0.0,0.0,0.0,0.0,0.0,0.0,0.0,0.0,0.0,0.0,0.0,0.0,0.0,0.0,0.0,0.0,0.0,0.0,0.0,0.0,0.0,0.0,0.0,0.0,0.0,0.0,0.0,0.0,0.0,0.0,0.0,0.0,0.0,0.0,0.0,0.0,0.0,0.0,0.0,0.0,0.0,0.0,0.0,0.0,0.0,0.0,0.0,0.0,0.0,0.0,0.0,0.0,0.0,0.0,0.0,0.0,0.0,0.0,0.0,0.0,0.0,0.0,0.0,0.0,0.0,0.0,0.0,0.0,0.0,0.0,0.0,0.0,0.0,0.0,0.0,0.0,0.0,0.0,0.0,0.0,0.0,0.0,0.0,0.0,0.0,0.0,0.0,0.045923621546263525,-0.0025109432545751265,0.006745329080274365,-0.00014131082044984927,1.9872470842708235e-13,8.115030135004091e-9,1.0744041136198799e-10,-0.0058077005179740454,-0.0017531399791722272,-0.0007573784478883078,-3.3042909571725016e-9,0.0005674585360812494,-1.5889579118766132e-14,-8.724293187899198e-9,2.5659511896688344e-8,-0.0019033854745503682,8.766711222414091e-12,1.1490509848696529e-11,-8.950992320739542e-5,-0.0011758363014463455,3.6293720832458704e-8,-1.1146798636318727e-7,-9.742152141625027e-7,-3.186778245789946e-6,1.2913092307210967e-10,9.93192182898638e-12,0.00786099933737288,6.579835830190066e-5,-1.925295988407004e-12,-4.796833215594518e-7,0.00021536327279524586,-7.833309781130316e-6,-2.544901010803913e-10,-1.9553237369906443e-6,-1.8127011499449754e-11,-5.00608158566615e-10,-3.3853707718881925e-11,7.1717649615924276e-9,-0.0014532022081740238,2.939497253661662e-8,1.679740674947772e-6,3.525392982630773e-12,1.7067547405209302e-13,3.220217350002333e-7,-0.005122360559202615,9.392549445585274e-14,-5.951786493593789e-12,-3.934583726772606e-12,-1.9183120981574114e-10,-7.45589568862901e-9,0.0003753978576834357,-0.00011763103014893944,6.01346187278604e-10,5.277018632074846e-6,-3.530143500205123e-10,-1.9148345582051276e-12,5.443840318364165e-13,1.7088688171919567e-10,-5.957696240914933e-7,4.4246966643003555e-13,-6.1167773401471575e-12,6.6111621755442475e-6,0.00041297144287812,8.682135478522258e-6,-3.268664701804162e-9,-2.570722471976009e-11,3.3487962799195495e-9,2.7262851133863035e-11,-1.4873460270217345e-7,9.651181840342047e-13,-4.855887125496005e-6,8.547070406024589e-5,-7.405418865564058e-12,1.3894917260670026e-7,-8.078026784020448e-11,7.742141080379466e-13,-1.2155855912857016e-11,0.005260373804874401,1.8261885204198823e-10,-6.166788352520836e-6,1.3624866172636394e-6,1.6834429566700535e-13,4.626225592502765e-13,-4.453635346255733e-10,-3.616305100657255e-13,-3.258614140171354e-7,0.0003694505790639262,6.39709903057165e-14,-0.0012735032358301797,0.00596046331614695,6.10991939890531e-13,-0.00259683598389872,-1.779732163279319e-6,-3.9677006722601237e-11,1.6521197690969383e-9,0.00019493615821323908,-5.106304492216445e-5,5.787773054893177e-9,1.1109612800001673e-12,-0.0054138143975933,-0.006667229973880454,-3.8822467050865627e-13,-0.0012460857181873686,1.3256327918629669e-11,1.676581690721839e-5,5.432066669149352e-7,1.2395434544731377e-7,-2.47026971920482e-10,1.8618284495517438e-11,-1.6233122317540663e-10,-0.00011315973510269877,-3.131997116900651e-7,1.760398623141149e-11,2.0527969128167093e-11,3.2199008360237556e-11,-0.0019206757958252143,0.0004077503243412527,-1.7541148611528535e-15,-2.5654120742146836e-13,-5.54120927438806e-9,1.825236047404537e-13,-5.641448783457707e-11,-1.7153627599220336e-8,6.212302415633024e-8,-6.929970794170458e-10,-2.906243225815161e-9,0.00025649008058027727,1.777822283130627e-7,4.7636666200051794e-14,-0.00042996414478970894,-2.7181499499361923e-9,2.1872819131558778e-7,-5.547940987577043e-6,-3.3667877724309956e-5,-1.7899827455237196e-13,-4.7655386721559836e-14,0.00018057085694328268,0.00021994802193545305,-0.0012501304404520454,-2.6061734680328674e-8,1.2239971042134166e-11,-1.6886691444437725e-11,7.87255125960847e-5,5.202368404310586e-6,2.8492588683427005e-5,2.1547760678859846e-5,-0.0001973204170813093,2.7983100204530332e-11,-0.0013368226907952516,2.554849041799696e-9,7.2014765893266784e-9,-4.65850151814851e-8,0.00039288844771583715,-1.1271688805352364e-9,-1.2041478897542267e-11,4.923723141389238e-9,0.0016527729286564337,-2.158847879334565e-14,1.8750539656812945e-7,5.812128352620126e-12,0.000173582234692624,1.6303410285410814e-11,6.511972348625816e-14,0.0008889554314139404,5.015530883504438e-8,1.5119570494441682e-6,-3.526943155240872e-5,-1.6579692784684715e-6,1.0684181460326843e-7,-1.9334555973137108e-12,0.001282698879202184,-0.0003315234099659441,4.432945337861427e-10,8.238128412084761e-6,0.001736122353718306,-3.034723711802515e-8,0.00012156734689170413,-8.541487344291937e-10,1.415979377094118e-6,-3.832536233591655e-13,2.7884923239516443e-8,0.004130837431747275,1.1262964727391239e-13,0.004753640882693476,-0.0010520374516126418,5.821689250926037e-7,8.751491906877652e-14,5.063134151154172e-13,-0.003711763541512216,0.0010509029342640251,7.245512778603565e-10,1.278477692028868e-12,8.857984756517702e-13,8.667755999137201e-11,2.0703713992691597e-8,0.0002678187896487559,1.5395572505729942e-8,0.001833269321341949,4.1337721168749557e-14,5.766495242205579e-8,-4.177364459394126e-10,-3.721738117467363e-9,0.005476076283701243,1.9520574758119797e-6,-1.9149491200698767e-13,-3.1171307237370112e-9,2.3262558386525217e-6,-7.105106339506732e-7,1.5115133981475e-11,0.004386777517518176,-1.3688798464665923e-5,1.6198463086448358e-10,-2.764498163098164e-8,7.879719585105891e-10,2.971066736362885e-9,1.7389793460944707e-14,-1.3382314288237855e-5,-1.8956191865486843e-8,-0.0002724396561439162,0.005390224210264666,3.1119164787210773e-7,-0.008545608137333302,2.474361621146752e-9,-1.2863969851068038e-12,-5.326394520528419e-14,-2.6646673831134745e-5,-2.764830987392764e-6,-4.931487827261556e-7,0.002008262135935628,-3.6036747509341963e-12,-8.724115775427819e-7,1.5473467285696005e-13,2.740700920717453e-9,2.344006920058327e-10,-5.117927031420135e-12,-0.0004042045544872277,2.1490533675813379e-10,2.358227531930314e-5,-1.1024332648377298e-5,-6.911305015668049e-5,-5.302420267271626e-14,-0.0001433630310447423,-1.44642526309863e-7,-1.9266303751906303e-5,-0.004188557498734167,0.0037891943283877433,-1.6125854172484358e-8,1.5974512152030618e-8,1.2703982868684232e-13,-4.299025784626665e-16,-6.449904672280135e-14,9.512347533175444e-5,7.479392335412347e-13,4.064168736868657e-6,-2.5288861887244953e-5,-3.136705730822614e-5,-0.010561307819871479,5.459967659419845e-7,0.0019458100254482842,1.3290508671832834e-15,5.525474988520713e-7,0.00016133644181455067,-4.229335042532876e-7,0.0005797908224943797,-0.002862698021278686,0.010082055480986899,2.0666997805451404e-14,1.7803635289205918e-5,-3.211228118927715e-10,1.4202799543760848e-8,0.003384681121476046,-2.396040619539217e-9,-1.848455097429226e-11,-3.7421365501586573e-6,1.813828476706707e-13,8.710739412571322e-6,-5.3975905208839225e-5,-5.017969480248074e-11,-6.679981080149494e-8,-2.2187142784721925e-10,-0.0001682128618571554,-2.1288860364399236e-8,-0.0007926166573546774,7.61241975618958e-13,-3.321411926483493e-9,-1.4399521571814645e-6,-7.505574189496454e-12,-0.000727879354494753,-4.746260161342095e-12,-0.0029198925963478963,-0.00042587258133155645,-0.00046513921819875376,-2.821310071155678e-12,-3.3670538603730376e-10,1.6994270637183982e-8,-4.652580461804998e-9,0.002963859110087401,9.96874488412881e-11,-1.8462628088926692e-12,-1.0746371038158556e-6,0.00010388965655406999,-7.348776460758432e-13,2.8870710881948745e-8,3.662321961132517e-8,6.4615065647647864e-6,-2.1856825679583677e-5,-1.4095333784822105e-12,4.95135471574496e-13,0.0009365538635886331,-7.6210308736772274e-6,-3.6570060688852226e-8,4.8515605092329176e-11,-1.0177156054895807e-7,0.0002635363239401394,3.2257813178912635e-8,-1.9581600063556106e-10,-2.0002111068294588e-10,-0.00015644427465675485,-0.00013320116687554116,9.03246283002967e-6,-2.6314341203221766e-5,7.806578024616882e-8,-2.195861622224304e-5,-1.7936469669759349e-12,-6.104543253816502e-13,0.0028874986088927523,1.1050804801124857e-6,1.5435203888350295e-14
0.0,0.0,0.0,0.0,0.0,0.0,0.0,0.0,0.0,0.0,0.0,0.0,0.0,0.0,0.0,0.0,0.0,0.0,0.0,0.0,0.0,0.0,0.0,0.0,0.0,0.0,0.0,0.0,0.0,0.0,0.0,0.0,0.0,0.0,0.0,0.0,0.0,0.0,0.0,0.0,0.0,0.0,0.0,0.0,0.0,0.0,0.0,0.0,0.0,0.0,0.0,0.0,0.0,0.0,0.0,0.0,0.0,0.0,0.0,0.0,0.0,0.0,0.0,0.0,0.0,0.0,0.0,0.0,0.0,0.0,0.0,0.0,0.0,0.0,0.0,0.0,0.0,0.0,0.0,0.0,0.0,0.0,0.0,0.0,0.0,0.0,0.0,0.0,0.0,0.0,0.0,0.0,0.0,0.0,0.0,0.0,0.0,0.0,0.0,0.0,0.0,0.0,0.0,0.0,0.0,0.0,0.0,0.0,0.0,0.0,0.0,0.0,0.0,0.0,0.0,0.0,0.0,0.0,0.0,0.0,0.0,0.0,0.0,0.0,0.0,0.0,0.0,0.0,0.0,0.0,0.0,0.0,0.0,0.0,0.0,0.0,0.0,0.0,0.0,0.0,0.0,0.0,0.0,0.0,0.0,0.0,0.0,0.0,0.0,0.0,0.0,0.0,0.0,0.0,0.0,0.0,0.0,0.0,0.0,0.0,0.0,0.0,0.0,0.0,0.0,0.0,0.0,0.0,0.0,0.0,0.0,0.0,0.0,0.0,0.0,0.0,0.0,0.0,0.0,0.0,0.0,0.0,0.0,0.0,0.0,0.0,0.0,0.0,0.0,0.0,0.0,0.0,0.0,0.0,0.0,0.0,0.0,0.0,0.0,0.0,0.0,0.0,0.0,0.0,0.0,0.0,0.0,0.0,0.0,0.0,0.0,0.0,0.0,0.0,0.0,0.0,0.0,0.0,0.0,0.0,0.0,0.0,0.0,0.0,0.0,0.0,0.0,0.0,0.0,0.0,0.0,0.0,0.0,0.0,0.0,0.0,0.0,0.0,0.0,0.0,0.0,0.0,0.0,0.0,0.0,0.0,0.0,0.0,0.0,0.0,0.0,0.0,0.0,0.0,0.0,0.0,0.0,0.0,0.0,0.0,0.0,0.0,0.0,0.0,0.0,0.0,0.0,0.0,0.0,0.0,0.0,0.0,0.0,0.0,0.0,0.0,0.0,0.0,0.0,0.0,0.0,0.0,0.0,0.0,0.0,0.0,0.0,0.0,0.0,0.0,0.0,0.0,0.0,0.0,0.0,0.0,0.0,0.0,0.0,0.0,0.0,0.0,0.0,0.0,0.0,0.0,0.0,0.0,0.0,0.0,0.0,0.0,0.0,0.0,0.0,0.0,0.0,0.0,0.0,0.0,0.0,0.0,0.0,0.0,0.0,0.0,0.0,0.0,0.0,0.0,0.0,0.0,0.0,0.0,0.0,0.0,0.0,0.0,0.0,0.0,0.0,0.0,0.0,0.0,0.0,0.0,0.0,0.0,0.0,0.0,0.0,0.0,0.0,0.0,0.0,0.0,0.0,0.0,0.0,0.0,0.0,0.0,0.0,0.0,0.0,0.0,0.0,0.0,0.0,0.0,0.0,0.0,0.0,0.0,0.0,0.0,0.0,0.0,0.0,0.0,0.0,0.0,0.0,0.0,0.0,0.0,0.0,0.0,0.0,0.0,0.0,0.0,0.0,0.0,0.0,0.0,0.0,0.0,0.0,0.0,0.0,0.0,0.0,0.0,0.0,0.0,0.0,0.0,0.0,0.0,0.0,0.0,0.0,0.0,0.0,0.0,0.0,0.0,0.0,0.0,0.0,0.0,0.0,0.0,0.0,0.0,0.0,0.0,0.0,0.0,0.0,0.0,0.0,0.0,0.0,0.0,0.0,0.0,0.0,0.0,0.0,0.0,0.0,0.0,0.0,0.0,0.0,0.0,0.0,0.0,0.0,0.0,0.0,0.0,0.0,0.0,0.0,0.0,0.0,0.0,0.0,0.0,0.0,0.0,0.0,0.0,0.0,0.0,0.0,0.0,0.0,0.0,0.038556669892812534,-0.012518003749072838,0.00017440111438839188,7.931145454952073e-14,-6.73060280199862e-9,4.517383677410435e-11,0.004763058948932927,0.0030292669677822745,-0.0007518270528521981,1.633438833746279e-8,0.004383306847881704,1.4078030128147054e-13,2.521846633953804e-8,-5.7831503508267985e-8,-0.0017930020728253605,4.020425489657824e-11,-9.302931019867556e-11,0.00018142944345730144,0.0025306563856762497,3.69720544313926e-8,2.452527973965781e-7,-4.317112482186245e-7,-1.0824924258071777e-6,-1.171691166010799e-10,-1.5021453449765014e-11,-0.004925235649477848,-0.0006108789793888627,3.2612054586682678e-12,-2.3207315047246926e-6,0.0006843365262107988,5.018343832506159e-6,-1.7591138903401967e-8,7.835564847116166e-6,1.8504878063276744e-11,-3.5132418421676384e-10,-6.996342658105264e-10,1.5894050608755352e-9,0.0015195583072503754,-1.8723060209396958e-8,-1.2646201322968729e-6,-5.81678273941042e-12,-3.0470664578188375e-13,-1.2228057181955858e-6,-0.004508950754560595,-1.2104891941107877e-13,1.3368628801032093e-11,1.910456907143079e-12,1.9531872952572882e-10,1.0148204211081479e-8,0.0012692444847947433,0.00018514590019683488,-6.541083303192143e-10,-1.767448105582273e-5,-5.948954826792598e-11,7.71588626630139e-12,-5.9171530387012785e-12,5.331617502595817e-11,2.6687222282581347e-6,-6.864659321342737e-13,6.194976152168485e-12,1.6036416967570365e-5,-0.00047853162383695695,-1.893705082341808e-5,-7.085949420670208e-8,2.165712722145154e-11,-1.5176576543949522e-9,-2.8613306643060468e-11,-3.3380910972092233e-7,-3.6840835956429163e-13,-0.00017374565103328755,-0.00010468633952986221,-1.8242566742510407e-12,4.83120709175537e-7,-2.1396200939952774e-11,-6.049277931957662e-13,3.5050797435782236e-11,-0.001548661945249139,-2.447357335515608e-10,-2.263597853086981e-6,-1.196769366923308e-6,-1.8888935380704263e-12,-2.301798440804753e-12,8.311783538311131e-10,-2.7395193869902225e-13,6.185712773093961e-7,-0.0002674592022932497,-7.047188879701658e-14,-0.00032833136018828904,0.0033333212757544,-4.842039202328214e-13,-0.0009116742297717175,-2.990031925029388e-7,-2.3391038087598133e-10,-1.3905936395773e-9,-0.0011056466456142655,2.48307452611483e-5,-2.519601831726397e-8,-1.2842067446053974e-12,-0.005330215394123334,0.003314103319924017,-1.865194841230568e-12,-0.0013560883434481238,-1.586869185982802e-9,2.600287102771288e-5,-6.079049746596969e-7,-2.2825916505349084e-7,1.5445094965816028e-9,-3.7256731529476173e-11,2.8757889141224036e-10,-4.333680429103058e-5,1.5626817481644093e-5,4.79407772522551e-10,1.2973461061927783e-10,-2.987941777817126e-11,0.0009352435394062439,-0.0011641228250515218,1.5626464219386585e-13,8.880053564979773e-13,1.1275794495161667e-8,-2.5995580910597757e-13,3.128085606042431e-11,2.219839640411309e-9,1.7103508135209597e-8,3.758434155747664e-9,5.630109698625574e-9,-0.0011335354225874294,-8.063273654975101e-7,1.0213145352383506e-13,-0.00011206943495312834,-1.7422763175863314e-8,-3.321158164940764e-8,6.694656591033832e-7,-3.889602087778604e-5,5.617984729953432e-13,-6.388953082442918e-15,0.0007565054611972115,0.0007811187450495934,0.00034949422965573133,4.255138131355655e-8,1.1943648696882724e-11,3.250109951412631e-11,-3.4923950274568735e-5,-1.0847772551881198e-5,7.457655400237705e-5,-2.927937600571814e-5,0.0007134174551127464,3.38956546569791e-11,-0.0006306615321550868,-1.493527914436652e-9,-7.926853963865452e-9,6.811131103499477e-7,0.0014902046236374247,1.343783112538456e-9,2.8003097878881386e-11,-1.2730990465259793e-9,0.007029467770605102,1.1483772696545792e-13,0.00045884137259251753,-1.2155115184261389e-11,0.00024501599643692403,-3.299763570830541e-11,-1.0866828803621129e-13,0.0006959655581691901,-2.212809489192801e-8,2.4849034813313672e-5,2.1963898255060478e-5,1.7154818963777518e-6,-1.9762374881686805e-7,1.5239406774032636e-11,0.0010139171483270124,0.006927821306895916,7.714107636569307e-9,1.724116147313612e-5,0.001121083929767365,1.409747897670517e-7,-0.0007005070529835772,1.4119573700400079e-9,-4.2425404289825123e-7,5.0934282380679514e-12,-8.439324494148324e-8,0.001490139264783152,-1.0157702894039076e-13,-0.0031376778596816164,0.0016307273153336017,-9.090469885478135e-7,3.858591578350364e-13,3.1203142273031556e-12,-0.002896698113819661,-0.0004622182560316966,-1.3264391797929307e-9,-2.4994804756963124e-12,-1.0868649636061729e-13,-2.1248147215584408e-10,-1.1991878877984337e-8,-0.0007199857466315715,-6.962078952448788e-8,0.0019083668512311796,-5.546167112085399e-14,-2.848791357554173e-7,6.802715695493747e-11,-2.2322191643127542e-9,0.005739799046266038,7.306716025831053e-7,-3.734879677357264e-11,7.262609800099069e-9,-3.2910613850420676e-6,8.329569744323874e-7,2.127240702300902e-11,-0.0016844711982335137,-5.431315590507348e-5,-2.3824284998874918e-11,2.2799759051015598e-8,7.71728611058164e-8,-1.1357667192452504e-8,1.9388365762031983e-12,-5.068591174798335e-7,2.9860835904803415e-8,-0.0012043906606430638,0.0031641507833265964,9.368033390980897e-6,0.004396079849409375,9.093846276697573e-10,1.3222339367606358e-12,-1.6931081784901263e-15,5.2971216965503206e-5,-1.4495387816750177e-5,-6.30238408657202e-5,0.0001351628016911809,2.7396042630299996e-12,9.355515055420135e-7,-5.727012824834502e-13,-1.4257451196988884e-9,-2.67217024702029e-10,9.878437681615808e-12,-0.00021337601801055782,-2.1991848501964677e-11,-5.176384575049053e-5,-2.940349357907856e-7,0.0014841987209795445,6.291961218614592e-14,-1.2484737056865622e-5,3.213910898528955e-7,-5.515959371698925e-5,-0.00780221792460596,-0.00994996867792352,-7.015189005880866e-9,5.049318915428918e-8,-1.8692314754757735e-13,5.520359031572429e-15,2.6623233945755977e-14,-6.229471955096453e-5,-1.4429163066220172e-12,1.1807076645784448e-6,-8.744621103022701e-6,-5.9033187693931526e-5,0.0036737719706067236,-1.1363449939135236e-6,-0.0025019037672676003,4.077877510161496e-15,-3.4724978982248483e-6,-0.0002156205722694038,1.116103053687367e-6,-0.0018523187628170772,0.016243203223488017,-0.0113225166027148,-1.084259739607575e-13,2.5530530201256737e-5,3.6223633983991384e-10,-4.7561354295029785e-7,0.000884950298290609,-1.907715350286213e-9,-1.1314318748273522e-11,-6.181435286100248e-6,-3.9658979082823414e-14,-1.3552656534062094e-5,-8.510418091158716e-5,1.7053637837030147e-10,1.2676430388808088e-7,8.376046014814814e-9,0.00010430378059306273,2.052958375514819e-8,-0.0008803249243387709,-1.982613312897396e-12,1.368361386567096e-8,1.193365342969528e-5,-6.293248899215412e-11,-0.0010655191770638293,-2.4870456309805333e-11,0.0018150595056591172,-0.002054513164165864,0.00049456040203711,7.374836141845377e-12,3.3168805462363095e-10,-2.7510151661530374e-8,2.3810850173245067e-8,0.0006764372391994365,1.5816581130235258e-11,2.5848717662409254e-12,7.793458513962017e-7,-0.00017816254251275246,2.096566465343451e-12,-4.581485734385424e-8,-6.523350035799334e-8,4.175231813036351e-6,-4.671164606045068e-5,3.2805664127443357e-12,-6.165187366539838e-13,5.982212382596055e-5,1.3164305518629758e-5,1.5690178724186473e-7,2.605086644489067e-11,2.2602709474822395e-7,-0.0011721710972238967,-9.238888877234822e-8,5.970678676267006e-10,1.0455380541682323e-9,0.001119807799676447,-2.2517959815901134e-5,-8.367324058517574e-6,3.274342572167628e-5,2.875158492577649e-5,-6.869582573120413e-5,3.660393031655843e-12,1.468244612278611e-12,-0.0023667157535555497,-2.337166754545929e-6,-5.900203070466182e-14
0.0,0.0,0.0,0.0,0.0,0.0,0.0,0.0,0.0,0.0,0.0,0.0,0.0,0.0,0.0,0.0,0.0,0.0,0.0,0.0,0.0,0.0,0.0,0.0,0.0,0.0,0.0,0.0,0.0,0.0,0.0,0.0,0.0,0.0,0.0,0.0,0.0,0.0,0.0,0.0,0.0,0.0,0.0,0.0,0.0,0.0,0.0,0.0,0.0,0.0,0.0,0.0,0.0,0.0,0.0,0.0,0.0,0.0,0.0,0.0,0.0,0.0,0.0,0.0,0.0,0.0,0.0,0.0,0.0,0.0,0.0,0.0,0.0,0.0,0.0,0.0,0.0,0.0,0.0,0.0,0.0,0.0,0.0,0.0,0.0,0.0,0.0,0.0,0.0,0.0,0.0,0.0,0.0,0.0,0.0,0.0,0.0,0.0,0.0,0.0,0.0,0.0,0.0,0.0,0.0,0.0,0.0,0.0,0.0,0.0,0.0,0.0,0.0,0.0,0.0,0.0,0.0,0.0,0.0,0.0,0.0,0.0,0.0,0.0,0.0,0.0,0.0,0.0,0.0,0.0,0.0,0.0,0.0,0.0,0.0,0.0,0.0,0.0,0.0,0.0,0.0,0.0,0.0,0.0,0.0,0.0,0.0,0.0,0.0,0.0,0.0,0.0,0.0,0.0,0.0,0.0,0.0,0.0,0.0,0.0,0.0,0.0,0.0,0.0,0.0,0.0,0.0,0.0,0.0,0.0,0.0,0.0,0.0,0.0,0.0,0.0,0.0,0.0,0.0,0.0,0.0,0.0,0.0,0.0,0.0,0.0,0.0,0.0,0.0,0.0,0.0,0.0,0.0,0.0,0.0,0.0,0.0,0.0,0.0,0.0,0.0,0.0,0.0,0.0,0.0,0.0,0.0,0.0,0.0,0.0,0.0,0.0,0.0,0.0,0.0,0.0,0.0,0.0,0.0,0.0,0.0,0.0,0.0,0.0,0.0,0.0,0.0,0.0,0.0,0.0,0.0,0.0,0.0,0.0,0.0,0.0,0.0,0.0,0.0,0.0,0.0,0.0,0.0,0.0,0.0,0.0,0.0,0.0,0.0,0.0,0.0,0.0,0.0,0.0,0.0,0.0,0.0,0.0,0.0,0.0,0.0,0.0,0.0,0.0,0.0,0.0,0.0,0.0,0.0,0.0,0.0,0.0,0.0,0.0,0.0,0.0,0.0,0.0,0.0,0.0,0.0,0.0,0.0,0.0,0.0,0.0,0.0,0.0,0.0,0.0,0.0,0.0,0.0,0.0,0.0,0.0,0.0,0.0,0.0,0.0,0.0,0.0,0.0,0.0,0.0,0.0,0.0,0.0,0.0,0.0,0.0,0.0,0.0,0.0,0.0,0.0,0.0,0.0,0.0,0.0,0.0,0.0,0.0,0.0,0.0,0.0,0.0,0.0,0.0,0.0,0.0,0.0,0.0,0.0,0.0,0.0,0.0,0.0,0.0,0.0,0.0,0.0,0.0,0.0,0.0,0.0,0.0,0.0,0.0,0.0,0.0,0.0,0.0,0.0,0.0,0.0,0.0,0.0,0.0,0.0,0.0,0.0,0.0,0.0,0.0,0.0,0.0,0.0,0.0,0.0,0.0,0.0,0.0,0.0,0.0,0.0,0.0,0.0,0.0,0.0,0.0,0.0,0.0,0.0,0.0,0.0,0.0,0.0,0.0,0.0,0.0,0.0,0.0,0.0,0.0,0.0,0.0,0.0,0.0,0.0,0.0,0.0,0.0,0.0,0.0,0.0,0.0,0.0,0.0,0.0,0.0,0.0,0.0,0.0,0.0,0.0,0.0,0.0,0.0,0.0,0.0,0.0,0.0,0.0,0.0,0.0,0.0,0.0,0.0,0.0,0.0,0.0,0.0,0.0,0.0,0.0,0.0,0.0,0.0,0.0,0.0,0.0,0.0,0.0,0.0,0.0,0.0,0.0,0.0,0.0,0.0,0.0,0.0,0.0,0.0,0.0,0.0,0.0,0.0,0.0,0.0,0.0,0.0,0.0,0.0,0.0,0.0,0.0,0.0,0.0,0.0,0.0,0.0,0.04673482829796049,-0.0002689724574569401,-7.24882369607095e-13,2.3838037113517506e-8,-5.356862345176704e-11,-0.0014283191829293257,-0.0019680246700410605,-0.00013177708138109256,-8.156985677954365e-9,0.005034256045676619,-1.5270902100255104e-13,-3.8801837972961326e-8,-6.163440687127823e-7,-0.008111420895875191,-1.1265662038097416e-10,-7.83098955960774e-11,0.0004654535221006467,0.0016002412242635009,-1.3194009820817035e-7,-2.1700425253789987e-7,6.917644180941114e-7,1.4011285706504777e-5,3.377436906150507e-11,-1.3950881229563163e-11,-0.0007920018919480799,0.00038200726160471143,-4.963371650865129e-12,-1.3952848429302434e-7,0.004038309531988112,-8.200344821013581e-6,2.0431236591039224e-8,-2.70291956635166e-7,4.947342619833832e-11,3.4482262857098747e-10,1.3748473139383174e-9,-2.232247082199757e-8,0.000110084623737134,-1.1000949040593436e-8,6.590264596266959e-7,-9.197258044218069e-12,-1.5101361226593386e-13,-9.644566276466418e-7,0.0005556014485952839,2.706439307203959e-13,3.4912883372166462e-12,-9.33907082262681e-12,-3.6761991772707857e-10,-1.3904658192407967e-8,0.0047701198090725995,0.0003508836295378371,3.974597966430723e-9,1.8491551792742503e-5,-1.610315682500809e-10,-9.657004346527279e-12,-8.819449706173064e-12,-3.2807738117518483e-10,-6.606738755354868e-7,7.185844768591024e-13,-1.4526610865066137e-12,-2.597247008767961e-6,-0.0037959534564002383,9.81451523999984e-6,7.429257943076946e-8,-3.904039203696982e-11,5.43203629056742e-9,3.491872387494699e-11,-2.3013130194123343e-7,1.8487433867296683e-12,-0.0001181503438637491,-0.00030108043816581023,-2.613613073876422e-12,1.210543963911473e-6,-5.733250140415704e-11,2.3716272147950566e-13,-4.6120724473731936e-11,-0.0016549677838616967,2.009701405316792e-10,-5.68619798515083e-6,4.106559596260693e-6,8.66519089301945e-12,-2.3582691780744366e-12,4.685724647746154e-10,6.518517364471618e-12,3.536888909898808e-7,-0.009270389478411847,1.358999414461859e-13,-0.001893126022450095,-0.0024698911808013115,5.1397181020485086e-14,0.0010183480034811788,-1.5141884525353006e-6,-2.108359729342111e-10,5.713324243292474e-9,-0.0005394938206739687,3.301061690676321e-5,-1.7081052593485102e-8,4.308612779840963e-12,-0.002477506850886169,-0.01615907595665722,2.3508990096519007e-12,0.001635711195268782,7.64829138191505e-10,2.9856009421746674e-5,2.976639665419597e-7,2.2215665700612894e-7,2.5881664773183386e-10,-2.9351370625408136e-11,2.196175683630185e-9,-0.000333789879638563,1.0384254754652043e-5,1.8773558286420303e-10,1.6750983344326513e-10,2.0180137243794263e-11,0.0005966659639891473,0.000991769849433251,-2.462358139729218e-13,4.564390910904133e-13,-1.1778390914263539e-8,-2.930552848447065e-14,3.374162360278669e-11,6.99835783959227e-8,-1.2630328600718506e-7,-4.135871770282031e-9,-7.243003853241908e-9,0.0011235375539449953,8.628998512671464e-7,-2.1667452847390703e-13,-0.0005297114046657722,-7.358723922319264e-9,-7.137337108728172e-8,-3.479232994847147e-5,-0.00011963442265447044,-2.2384554043849986e-12,1.4136460565654163e-13,0.00045312804562631194,-0.0005772975816867884,-0.0006046368740685401,-3.765115546141556e-9,1.9820336010861104e-11,-5.887579423748937e-11,1.4409110809386696e-5,9.769766140678977e-6,-0.0006498542015283529,-5.311208711588165e-6,-0.0003704103538354736,-1.7809529064052483e-11,-0.00016417351590386508,3.209981100680956e-9,7.013828983801251e-8,-5.372571586952485e-7,-0.0014911499415224162,-7.513208746460672e-9,-2.977669835382201e-11,6.410743010231954e-10,0.004314665835974269,-4.1065017145688486e-13,0.0005976212078285728,2.984360351577001e-11,0.0007538083148145454,2.2875363713529407e-11,1.965433926299726e-13,-0.0018766794486970548,1.673275740747204e-7,-3.415615180826448e-5,-0.0002208935371247705,-1.0177003442390202e-6,-2.6177149517879415e-6,-5.245078914668161e-11,-0.013226047911339646,0.00637878599520079,-6.158928610976958e-9,-2.8136806639449513e-5,0.009395102392543002,1.323288466802028e-9,0.00018927587634978393,-4.974791009621066e-10,1.644569335040673e-6,-1.1254457897703221e-11,1.1461141023885904e-7,-0.0013209142098038952,-9.054113184750264e-13,0.002695524457700697,0.0005490068710163684,2.910370324063124e-7,-8.41459170341466e-13,8.744873131372976e-12,0.005469857035338064,0.008180060339508886,2.2141859866549092e-9,3.9782674097842844e-13,-8.761629193740337e-12,-3.436560292237942e-10,4.2465374791526796e-8,-0.0036603407432995246,4.547254964088773e-8,0.0005822942923537228,1.2506037368358405e-13,1.3717112709996265e-6,-1.534204189703327e-9,2.7660869234429625e-9,0.0010500504652600229,-3.5932216460826955e-6,-3.302273100072137e-11,-3.6194505969743976e-9,3.8715198997054374e-5,2.982305604731324e-6,-4.549148658285354e-11,0.007698324015350054,-0.0009792988632433275,-6.318890076506006e-10,6.004302867002449e-8,-5.8165982704238e-8,1.821315014039988e-8,-2.5290181145057787e-12,4.2899322212114924e-5,-3.671846846245788e-8,-0.0002796355091340504,-0.0010522735448757824,-4.313321682057236e-6,-0.0012840639619794787,-6.746083975175523e-10,-4.40743365096582e-13,-9.110126952328777e-15,-0.00023213624570969776,-1.6787110137748373e-6,-0.00011314545939026517,-0.0009344231146131901,-1.7324411743781806e-11,-6.945511170564208e-7,1.5540944495666463e-12,3.2740283486250773e-9,2.3305532168144225e-10,-1.3932087729300455e-11,-0.0006015074046778135,-2.0552132725151892e-10,-1.0229598696950924e-5,-5.67792618166807e-5,0.003311137625874984,6.075113432482861e-13,-0.0005619779323807622,-6.139835262366525e-7,-5.8347249825657444e-5,-0.0012629696462167226,0.0024834527057805748,1.9497452431894745e-8,2.828666421521718e-8,3.8586043787089487e-13,-6.723292398403511e-14,1.7064892324166193e-13,-9.562104250656048e-5,2.630769955639171e-12,-1.066968553589282e-5,-0.0005678849832290847,-2.1313559958201803e-5,0.002563535134396792,6.511705512971953e-7,0.0034172134509773654,-1.2115998507113448e-14,-4.905598766717108e-6,-6.614948868469601e-5,-1.1001785052369296e-6,-0.005665444087202903,0.0018407487774824822,0.0031796457261868225,4.090399122408777e-13,9.80422877192015e-5,-7.998081876522504e-11,-7.320227805106321e-7,0.001097870946266137,9.78814908672844e-9,8.091251946893183e-11,1.9316492614091797e-6,-1.2743108290317958e-12,1.3716155255185456e-5,0.0003016257751172659,-3.0506923935660813e-12,-2.602205566419481e-8,-2.455789497662731e-8,0.0005209644636818294,-2.0159166475475138e-8,-2.0214442558338263e-5,1.0253152920265143e-11,-4.218395091713501e-8,-2.4116210523032313e-5,1.0651455923050173e-10,0.011097076768974855,2.9591580477105976e-11,-0.006074280527760835,-0.005789062068670603,-0.00015309015825660786,7.874140194707201e-11,-3.833623275073411e-9,2.8495646766726838e-8,6.010811595263284e-9,-0.00026145919343982646,8.191613420329741e-13,-3.893712653403195e-12,5.928087922491564e-7,-0.0004352265382488132,8.956723374204844e-12,1.8140562204152145e-8,2.171205708998261e-8,8.066151605335466e-5,-5.047212834675197e-5,-6.639688569316618e-12,2.044948793407985e-13,0.002514811545164143,4.87813121206548e-7,1.1773775441339759e-7,8.595147734001916e-11,3.139076134793867e-7,-0.0002935611738524067,1.5225497983730978e-8,-1.1597531999549514e-9,1.7701779672432217e-10,-0.0026094178478976754,0.0002989285278438793,6.83354261242404e-8,-0.0001287011666861988,-4.698328375698131e-5,1.7882126713979274e-5,-2.37835972758204e-12,-1.3024898951367666e-13,-0.0007834022047172965,1.2895272012215588e-6,1.2150627793857743e-13
0.0,0.0,0.0,0.0,0.0,0.0,0.0,0.0,0.0,0.0,0.0,0.0,0.0,0.0,0.0,0.0,0.0,0.0,0.0,0.0,0.0,0.0,0.0,0.0,0.0,0.0,0.0,0.0,0.0,0.0,0.0,0.0,0.0,0.0,0.0,0.0,0.0,0.0,0.0,0.0,0.0,0.0,0.0,0.0,0.0,0.0,0.0,0.0,0.0,0.0,0.0,0.0,0.0,0.0,0.0,0.0,0.0,0.0,0.0,0.0,0.0,0.0,0.0,0.0,0.0,0.0,0.0,0.0,0.0,0.0,0.0,0.0,0.0,0.0,0.0,0.0,0.0,0.0,0.0,0.0,0.0,0.0,0.0,0.0,0.0,0.0,0.0,0.0,0.0,0.0,0.0,0.0,0.0,0.0,0.0,0.0,0.0,0.0,0.0,0.0,0.0,0.0,0.0,0.0,0.0,0.0,0.0,0.0,0.0,0.0,0.0,0.0,0.0,0.0,0.0,0.0,0.0,0.0,0.0,0.0,0.0,0.0,0.0,0.0,0.0,0.0,0.0,0.0,0.0,0.0,0.0,0.0,0.0,0.0,0.0,0.0,0.0,0.0,0.0,0.0,0.0,0.0,0.0,0.0,0.0,0.0,0.0,0.0,0.0,0.0,0.0,0.0,0.0,0.0,0.0,0.0,0.0,0.0,0.0,0.0,0.0,0.0,0.0,0.0,0.0,0.0,0.0,0.0,0.0,0.0,0.0,0.0,0.0,0.0,0.0,0.0,0.0,0.0,0.0,0.0,0.0,0.0,0.0,0.0,0.0,0.0,0.0,0.0,0.0,0.0,0.0,0.0,0.0,0.0,0.0,0.0,0.0,0.0,0.0,0.0,0.0,0.0,0.0,0.0,0.0,0.0,0.0,0.0,0.0,0.0,0.0,0.0,0.0,0.0,0.0,0.0,0.0,0.0,0.0,0.0,0.0,0.0,0.0,0.0,0.0,0.0,0.0,0.0,0.0,0.0,0.0,0.0,0.0,0.0,0.0,0.0,0.0,0.0,0.0,0.0,0.0,0.0,0.0,0.0,0.0,0.0,0.0,0.0,0.0,0.0,0.0,0.0,0.0,0.0,0.0,0.0,0.0,0.0,0.0,0.0,0.0,0.0,0.0,0.0,0.0,0.0,0.0,0.0,0.0,0.0,0.0,0.0,0.0,0.0,0.0,0.0,0.0,0.0,0.0,0.0,0.0,0.0,0.0,0.0,0.0,0.0,0.0,0.0,0.0,0.0,0.0,0.0,0.0,0.0,0.0,0.0,0.0,0.0,0.0,0.0,0.0,0.0,0.0,0.0,0.0,0.0,0.0,0.0,0.0,0.0,0.0,0.0,0.0,0.0,0.0,0.0,0.0,0.0,0.0,0.0,0.0,0.0,0.0,0.0,0.0,0.0,0.0,0.0,0.0,0.0,0.0,0.0,0.0,0.0,0.0,0.0,0.0,0.0,0.0,0.0,0.0,0.0,0.0,0.0,0.0,0.0,0.0,0.0,0.0,0.0,0.0,0.0,0.0,0.0,0.0,0.0,0.0,0.0,0.0,0.0,0.0,0.0,0.0,0.0,0.0,0.0,0.0,0.0,0.0,0.0,0.0,0.0,0.0,0.0,0.0,0.0,0.0,0.0,0.0,0.0,0.0,0.0,0.0,0.0,0.0,0.0,0.0,0.0,0.0,0.0,0.0,0.0,0.0,0.0,0.0,0.0,0.0,0.0,0.0,0.0,0.0,0.0,0.0,0.0,0.0,0.0,0.0,0.0,0.0,0.0,0.0,0.0,0.0,0.0,0.0,0.0,0.0,0.0,0.0,0.0,0.0,0.0,0.0,0.0,0.0,0.0,0.0,0.0,0.0,0.0,0.0,0.0,0.0,0.0,0.0,0.0,0.0,0.0,0.0,0.0,0.0,0.0,0.0,0.0,0.0,0.0,0.0,0.0,0.0,0.0,0.0,0.0,0.0,0.0,0.0,0.0,0.0,0.0,0.0,0.0,0.0,0.0,0.0,0.0,0.0,0.0,0.0,0.0,0.0,0.0,0.0,0.0,0.0,0.0,0.037668617506229636,-2.2087478190085332e-11,-3.4382063013189603e-7,-1.2703280106869857e-8,-2.2281576679878667e-5,0.0014027347224613402,-1.8901750695656046e-5,1.6266398512774986e-7,-0.0002134270366028684,-1.0619082100209862e-12,2.253641750221132e-7,-2.2021288375610034e-5,-0.0015225941351064733,-4.74314476367389e-9,2.1713036995051712e-8,-0.0006693784653654131,0.0024547529996029097,-1.9078927151867346e-7,1.0402093442829966e-5,4.830049692766538e-5,0.000793907009548442,-7.93695159055531e-9,-1.2917073093796e-9,-3.4347699449559406e-7,-0.0001992795254740191,2.6374458146185495e-12,-9.547378869194281e-6,-0.0048143816747035426,0.00021036677884271753,-2.4679733339451944e-7,-0.00019664526415177243,1.171627888114039e-9,6.204056379911688e-8,8.530541574678344e-8,-4.6031745339606584e-7,1.2433863180161516e-5,-4.311975695933899e-6,1.656797399725181e-5,-5.571991146558437e-10,1.1163706574705042e-11,5.049656176072024e-5,9.95383063907771e-5,-2.9786832913500833e-12,6.059020908211955e-10,2.0964210038162768e-12,7.431282223138473e-9,7.284926637563708e-7,-0.0003707161171092237,-0.006140034103211882,1.8114782884848051e-7,0.00020457312308972073,3.8464428845906814e-8,-3.4778888254352607e-10,-1.993038319938123e-10,-4.596455934043382e-8,-9.112180776202713e-5,-1.2463993934363068e-11,1.0391215683524638e-9,0.0007940419961482813,-3.157130324853283e-5,0.0007882043336317107,5.762133573559607e-6,-6.529002922307382e-10,-8.008723485445114e-8,2.7259246242227935e-10,1.6788186032337222e-5,8.001405029116142e-12,-0.008187677675945037,-0.011956008695614707,8.200471274748143e-10,1.8596600488626e-5,3.4068916624250946e-9,-9.77445137875255e-11,5.766943555646527e-10,-5.9854929297838544e-5,-5.913762486090754e-9,-0.00014664647615486435,6.248328166748224e-5,1.610842027564367e-10,-7.58488761821633e-11,-3.2945313365881174e-8,4.492970317083108e-11,2.155446359899569e-5,-0.0009245682288299878,-3.349254623181467e-12,0.0036258520700477893,-0.0006087006379153639,-4.023880757280918e-11,-3.095141292740221e-5,1.1354769909833144e-5,1.7761268086581523e-8,-1.6683623601006607e-7,2.1441953794281372e-5,-0.0002542891837550689,1.182392587121851e-6,7.474943457648886e-11,-1.1544873879297658e-5,-0.0004105594556663865,1.7102760337981202e-10,0.001678649153427163,5.814871211898567e-9,0.0009709007983108095,-1.1729989949878694e-5,2.626378167375564e-5,-2.341606211379343e-8,-1.2354600695301212e-9,2.033728047720666e-8,0.0063977003934345975,-3.1600408531717983e-6,-1.2716478450674054e-8,-6.953333717110661e-10,-2.1827757170906794e-9,2.798974271837786e-6,0.004265375945126006,-8.578804332766336e-12,9.86956746590004e-11,2.570296542819167e-7,-4.1803836509885225e-12,8.952192364689706e-9,5.725480822389355e-7,-9.050291769847986e-6,3.256573829677552e-8,-4.835364195142681e-7,-0.0019121351841041958,1.8890685599175525e-6,-1.3829103187878742e-11,-8.656186852856179e-7,-6.768824909586136e-7,2.289470076618126e-6,0.0011194736915818228,-0.0009991825662861748,-1.7387855612154854e-11,1.1146988462061279e-12,1.2227741470953002e-5,-0.0002274267431546352,-1.7434852901443506e-7,2.2187717727806013e-6,2.629509608104087e-10,7.57909650468253e-10,0.003087668416741357,0.00031835889222579284,-4.931776219965645e-7,-0.00043170007871482814,-0.0019201875231566676,-7.287457871522207e-9,1.991445819964849e-6,-1.1680857012965017e-7,-1.1682618807409439e-5,4.3781680997654514e-5,-0.006731475261394206,-6.507026085945233e-8,-3.426865239077207e-9,6.535941304885695e-8,3.562518312450038e-5,-1.5806510613304566e-12,-0.0011442476738601065,1.0009653180848061e-9,-0.0013497899354573488,-1.0428910407308591e-9,-2.580477970068789e-12,-0.0034120611302882794,-2.2099725628498915e-6,-0.003336934890427942,-0.004876285596336874,9.588114906981068e-5,-6.484925526946738e-5,-8.347506188124024e-10,0.000288781785074178,-0.0004937458879587264,3.368999448519232e-7,0.0008124656331224429,0.002517685709209976,6.36976457707082e-7,0.0009868313007441868,1.0570132137099256e-7,0.00017334541272357373,-1.2615276372367224e-10,-4.981319139467589e-6,-0.0002585163815312654,3.780085760182335e-12,-0.0008967940764053558,1.0134440100427935e-5,-1.4070665392557202e-6,-4.35314301887621e-11,-2.0310545569805232e-10,-0.00019556816805149657,0.003078398381422704,9.780452233244129e-8,-1.3897400041389868e-10,-1.8763165633063642e-10,-3.2717932746401758e-9,-1.8792169120873436e-6,-0.000342803101956641,-5.0751515609708215e-6,0.00028842891543892456,1.5388414411859469e-12,6.08775340203171e-6,-5.155110128596918e-8,5.963633609511315e-7,-0.00010691774989458894,0.0001538675225563587,6.611393015068675e-10,6.534247770390076e-8,0.00021426274789324273,6.114122841953082e-5,-1.8232937510030816e-9,2.7147752559156403e-5,-0.003742787347586731,-5.965994776945263e-8,2.169935313037961e-6,-3.940280362587815e-6,8.577066258826226e-9,-3.890691870517654e-11,0.0037114324024533226,-2.260821150651029e-8,2.579176495840298e-6,-0.0007432122272555664,4.400944087704239e-5,5.717106293128171e-5,-6.412693123811259e-8,3.561818009270037e-11,-8.349543172562962e-12,0.00260189492894594,0.00012788727744276066,-0.0028588294956586203,-2.2871397736991595e-5,5.740534166530428e-10,4.912239492019362e-5,2.0774067939007413e-11,-1.165429668352154e-7,1.8878614922699908e-9,1.1958699988442873e-10,0.006393777556345779,-2.9277712980604e-8,0.0001092314590102648,-0.0004820255752225853,0.01036126248065978,1.0295119406231353e-11,0.001993637102263616,-6.155236733101254e-8,-0.0013143014577961497,-0.0001096891277249851,-0.0001270264024253284,3.483921659995519e-7,-8.247384569930459e-7,-6.9834749377723835e-12,2.770146322252653e-13,8.19429009514807e-12,-0.0022371038939353583,-3.7985166321314765e-11,0.0002498991818303791,-0.005578598187554583,0.0025248213101390763,-3.1103018759596953e-6,6.069426862355253e-5,5.065640975659467e-5,9.302581301393112e-13,-3.7891478855755524e-5,-0.0020534545228305862,-2.3463061911295984e-5,-0.00018485216455396773,0.00013756870180385862,-0.00038488029488220697,-3.670233632388112e-12,-0.0009163688650824715,3.0842080207336174e-8,2.31428022875236e-5,1.9560493395459023e-5,4.226110613910158e-7,2.0328014640899802e-9,-0.0005434180541822504,1.521365073732943e-12,0.00012381797954973828,-0.0027641794023076727,-4.074091799178531e-9,4.471272473090865e-6,7.249521932638911e-7,-0.0010126452928480452,-3.902985700088954e-6,-3.862320010850228e-5,9.412505508211701e-11,-6.983278356033017e-7,0.0014183411262427693,5.5828973544282235e-9,0.00017317085818772368,1.00536492808357e-9,-9.572348067755445e-5,0.008241559537673068,-1.0171840262325885e-6,6.974424497435838e-10,-4.4615526106076006e-9,-3.437759198892547e-7,3.005519330111625e-6,-2.1400251560100054e-5,-8.973821372797316e-9,1.176052310937165e-10,2.1811497544525618e-5,0.0014824052871439512,8.808905621830226e-11,5.936657869203701e-7,-1.6702564639802508e-6,-0.00021240068638456834,-0.00263514681541407,-5.311091752229212e-13,-6.684107167974302e-12,-0.022870903345859783,0.00012892673406930026,-3.899014865062211e-6,-1.2980683545849452e-9,1.5109144626361818e-5,-0.003638889074117883,1.0124641267667778e-6,-7.926153521905217e-9,3.273495029731282e-8,0.00019327635574445845,-0.0005124252799038446,-0.00015673274474102504,-0.004186952236519568,-0.0018341121313387285,0.001637092763675578,9.775923866069704e-11,-5.431231944833461e-11,3.275931670656365e-5,-4.1120769406006794e-5,4.715948950763922e-12
0.0,0.0,0.0,0.0,0.0,0.0,0.0,0.0,0.0,0.0,0.0,0.0,0.0,0.0,0.0,0.0,0.0,0.0,0.0,0.0,0.0,0.0,0.0,0.0,0.0,0.0,0.0,0.0,0.0,0.0,0.0,0.0,0.0,0.0,0.0,0.0,0.0,0.0,0.0,0.0,0.0,0.0,0.0,0.0,0.0,0.0,0.0,0.0,0.0,0.0,0.0,0.0,0.0,0.0,0.0,0.0,0.0,0.0,0.0,0.0,0.0,0.0,0.0,0.0,0.0,0.0,0.0,0.0,0.0,0.0,0.0,0.0,0.0,0.0,0.0,0.0,0.0,0.0,0.0,0.0,0.0,0.0,0.0,0.0,0.0,0.0,0.0,0.0,0.0,0.0,0.0,0.0,0.0,0.0,0.0,0.0,0.0,0.0,0.0,0.0,0.0,0.0,0.0,0.0,0.0,0.0,0.0,0.0,0.0,0.0,0.0,0.0,0.0,0.0,0.0,0.0,0.0,0.0,0.0,0.0,0.0,0.0,0.0,0.0,0.0,0.0,0.0,0.0,0.0,0.0,0.0,0.0,0.0,0.0,0.0,0.0,0.0,0.0,0.0,0.0,0.0,0.0,0.0,0.0,0.0,0.0,0.0,0.0,0.0,0.0,0.0,0.0,0.0,0.0,0.0,0.0,0.0,0.0,0.0,0.0,0.0,0.0,0.0,0.0,0.0,0.0,0.0,0.0,0.0,0.0,0.0,0.0,0.0,0.0,0.0,0.0,0.0,0.0,0.0,0.0,0.0,0.0,0.0,0.0,0.0,0.0,0.0,0.0,0.0,0.0,0.0,0.0,0.0,0.0,0.0,0.0,0.0,0.0,0.0,0.0,0.0,0.0,0.0,0.0,0.0,0.0,0.0,0.0,0.0,0.0,0.0,0.0,0.0,0.0,0.0,0.0,0.0,0.0,0.0,0.0,0.0,0.0,0.0,0.0,0.0,0.0,0.0,0.0,0.0,0.0,0.0,0.0,0.0,0.0,0.0,0.0,0.0,0.0,0.0,0.0,0.0,0.0,0.0,0.0,0.0,0.0,0.0,0.0,0.0,0.0,0.0,0.0,0.0,0.0,0.0,0.0,0.0,0.0,0.0,0.0,0.0,0.0,0.0,0.0,0.0,0.0,0.0,0.0,0.0,0.0,0.0,0.0,0.0,0.0,0.0,0.0,0.0,0.0,0.0,0.0,0.0,0.0,0.0,0.0,0.0,0.0,0.0,0.0,0.0,0.0,0.0,0.0,0.0,0.0,0.0,0.0,0.0,0.0,0.0,0.0,0.0,0.0,0.0,0.0,0.0,0.0,0.0,0.0,0.0,0.0,0.0,0.0,0.0,0.0,0.0,0.0,0.0,0.0,0.0,0.0,0.0,0.0,0.0,0.0,0.0,0.0,0.0,0.0,0.0,0.0,0.0,0.0,0.0,0.0,0.0,0.0,0.0,0.0,0.0,0.0,0.0,0.0,0.0,0.0,0.0,0.0,0.0,0.0,0.0,0.0,0.0,0.0,0.0,0.0,0.0,0.0,0.0,0.0,0.0,0.0,0.0,0.0,0.0,0.0,0.0,0.0,0.0,0.0,0.0,0.0,0.0,0.0,0.0,0.0,0.0,0.0,0.0,0.0,0.0,0.0,0.0,0.0,0.0,0.0,0.0,0.0,0.0,0.0,0.0,0.0,0.0,0.0,0.0,0.0,0.0,0.0,0.0,0.0,0.0,0.0,0.0,0.0,0.0,0.0,0.0,0.0,0.0,0.0,0.0,0.0,0.0,0.0,0.0,0.0,0.0,0.0,0.0,0.0,0.0,0.0,0.0,0.0,0.0,0.0,0.0,0.0,0.0,0.0,0.0,0.0,0.0,0.0,0.0,0.0,0.0,0.0,0.0,0.0,0.0,0.0,0.0,0.0,0.0,0.0,0.0,0.0,0.0,0.0,0.0,0.0,0.0,0.0,0.0,0.0,0.0,0.0,0.0,0.0,0.0,0.0,0.0,0.0,0.0,0.0,0.0,0.0,0.0,0.0,0.0,0.0,0.0,0.0,0.0,0.0,0.0,0.03885468193867049,1.3407291695188417e-6,7.237315045992578e-5,-6.039719769951454e-14,1.0047259960497206e-12,-2.359872182974515e-14,5.226030576668958e-7,1.5704457315813274e-12,0.007006370411395873,7.919802460989059e-7,-1.1582401433291864e-8,-3.58761795743482e-12,-3.5650184351039e-5,-1.1499300252495707e-5,3.074634725022984e-12,-4.1729222580183436e-12,3.705088804058188e-7,1.1205635325892989e-7,-2.865219995447507e-8,-1.6063357264622507e-9,7.030312175683778e-7,-0.00013876510660507384,-8.72369939769001e-14,1.0442118404404602e-13,-0.0026932665539969513,4.775857798295465e-9,-9.608688908630294e-12,-6.556277086418179e-9,-1.5998866409328098e-6,2.50499113147546e-10,-0.0004984142449273,1.5043590197901706e-6,-8.660665303200056e-7,8.606282301250028e-7,2.8974320545425555e-14,-4.106565416251565e-7,2.644424736226676e-9,0.001426539089057662,0.0035914413573693237,-1.9685050980831652e-9,4.0771635766491987e-13,-0.011168388043130256,-0.000872632519204521,-0.0013551792448911035,3.889779572898087e-5,-2.32267689251349e-6,-1.1795379985007213e-12,-2.5227377866424492e-11,3.908333728510315e-6,-2.1643344288226402e-10,-1.808745694356168e-5,0.000816614865480199,-0.00042585771849317275,-8.284287032330288e-6,-1.5483850036066335e-9,-0.00821019268349545,0.0008786152048542369,9.319674890314342e-10,-5.717264736149535e-14,-1.033908916068499e-9,-4.666860107527566e-8,0.0002411813499735456,4.805171152794883e-6,-0.000357681319777877,-1.4022646676282524e-8,0.005926848149228281,-6.76319926457796e-11,9.05938590889846e-11,-0.0012014039529226466,7.412519834618284e-9,-0.00012543767614542215,-0.005836755876201842,-4.4015319432667496e-5,-5.227539818507022e-14,1.9846098179535793e-5,-2.2527441992392795e-9,2.9435249976136147e-9,-0.008348471669836042,0.0025290303500507317,1.429363727078085e-5,0.0003199450776609508,1.9911306611515318e-8,-3.6983161070822897e-13,-0.004938904920454499,-4.002958465541919e-12,-9.566657016039714e-13,0.008444772470804109,5.431313469128817e-14,-2.1169327976838213e-8,1.0147342612753553e-6,-3.364893110778658e-6,-8.129098453417421e-14,-3.9175799693762717e-10,1.2395185854332322e-8,0.0011210443408104754,8.802647673032734e-15,-1.8889536275204755e-12,-0.00827851044355657,-1.1774763879092126e-12,-1.0717344160203783e-6,5.548787277921258e-10,1.791473942105938e-8,-1.0977044819012264e-8,1.0039718887078838e-6,0.00014926554282292774,7.189531769561868e-6,-5.397844593697184e-11,6.034051440698306e-10,-7.265242603549356e-6,3.937132230595402e-5,-9.449510648973653e-5,7.890836014536596e-15,2.0957892388402454e-13,0.007264049777714147,0.0002283402888856703,2.542194342304071e-7,7.909815311598131e-5,1.254422015028096e-5,-5.500540081163226e-7,-1.3382027212330276e-8,3.032186473811382e-6,-5.665746374214455e-7,-9.47699172861563e-12,-4.203027839856882e-8,0.0037256484626079366,3.720796643250986e-15,3.2560266546957504e-8,1.5980487255719023e-8,-2.2783220016041954e-10,-6.927517052846995e-11,0.011247794848199951,-0.018515614944804165,2.7035556259778102e-14,-7.906728963439151e-14,3.941075613441514e-14,-3.351649114775672e-7,-0.00024669779144225775,0.00023846853617397458,5.72415506002583e-11,1.1347122533587158e-9,1.219654431158375e-14,-1.0311740569076556e-10,2.4727821533507256e-12,-0.00012043952140563773,6.768003307136989e-15,2.4245829287685214e-6,-1.998109922733446e-8,-2.6968976548650484e-9,2.9003839043996628e-11,-8.881851331889655e-6,-6.375898240226618e-5,2.0369776765713657e-6,1.5181246332677212e-13,0.007547306384170361,-1.3276179193214711e-11,-0.00030346819765686856,-1.1846011091664428e-11,-0.0007105022349686631,-0.004221303599940469,6.287746316694061e-12,-2.4698201493091355e-8,7.838559335061411e-11,6.235404156407567e-11,-1.4796937847862508e-9,2.8454367349621115e-9,0.00036719110668497195,1.9855057693611366e-13,-1.355138979711808e-12,1.0119343514626297e-6,3.2565151300242643e-10,-3.604603982796363e-13,-2.8187832794360174e-8,-3.4465903630359744e-11,1.3245808961977883e-5,1.3404744173451708e-10,-0.002480320440585413,-1.404215712935265e-7,-2.363968015189668e-13,0.00033157032599268396,7.04597926094265e-13,4.4625927402245935e-15,8.23083513228292e-9,0.0044298465986108235,-0.00040924071186815433,-4.957156960237525e-13,1.4173418983408475e-12,8.512318522727e-6,0.0019851419829938783,0.001212383059026921,-5.907820332463575e-6,3.644715147437377e-7,2.5970968460841627e-13,2.217688153080511e-8,-1.0093987448653919e-12,-0.009794885904669648,-1.33827666276108e-9,-1.5043007031101661e-5,-4.4817619622862176e-8,2.8118588417906854e-13,1.2535917991064853e-9,5.783569080558194e-5,-1.639789703598715e-7,-4.889271030748104e-10,-1.0418732511831146e-9,0.00021363931737551322,-5.446941051642043e-13,4.710000482793336e-12,8.700194080640912e-6,-8.547840631565478e-7,1.9202364925252437e-7,4.306447705909416e-7,0.005395819794051389,-1.5533511321978982e-11,-9.591555324219089e-8,1.7652181787989562e-15,7.113909455238712e-13,-9.877166388977602e-10,3.2003482277327357e-13,2.5739798400503036e-6,0.0007678298194729045,-0.007481889661280938,-1.6772308571197877e-11,-4.2078025117759476e-11,2.171911868377509e-11,-1.5598447837554343e-15,0.00028443657117471473,-1.0008391730822235e-8,-0.00039110294325722384,2.5612638374993263e-6,-1.2567290274372139e-5,-0.000318446036285675,-3.1383831891793423e-12,1.1225895410990992e-6,6.211012364046401e-11,8.583604994691812e-10,7.572571744491968e-12,0.0005236377779096028,8.330309193244316e-13,1.9766845061260402e-8,5.176329054257425e-11,-4.8617833528344417e-14,-1.8871710753246026e-13,-2.414659664106321e-7,1.791250992909895e-8,-0.0216923479998852,0.0005246197421381523,0.004668978781953733,1.8120776444516437e-10,0.006345088231248597,8.079907817337295e-10,4.2201044474117615e-12,9.074522670655395e-12,1.433963628057229e-13,-4.7868430101020405e-9,4.131902885559375e-12,0.000143400179924107,-3.5106786938972003e-10,3.264229837958153e-11,1.2289627199552995e-8,2.240219472254444e-12,1.7703972174215053e-13,2.3915813841906465e-13,-0.008876525294297794,1.7349420853726569e-10,8.445790914413069e-6,-8.448900638521164e-9,6.343140382648399e-16,-3.722700893251812e-7,-0.00015829873616039905,-1.4480434122543488e-9,0.0015057637386420074,-7.871981610232015e-10,3.108848499856742e-13,-2.7475023650836986e-5,1.401967246388856e-8,5.771261712476081e-7,-4.594352179363314e-11,1.913086127624767e-8,-1.004103126983802e-14,-0.002038394795766662,1.4521095244257535e-7,-3.4041030698632435e-10,4.8251462314659844e-5,1.0074167610773534e-13,-0.00033716363630776963,4.949469306293987e-13,-2.3958222737467887e-14,1.8313998073303855e-14,1.286356380148835e-6,-4.488530347753901e-6,1.5037374523731652e-7,7.417358579976708e-8,-7.07417058620941e-14,-4.295281221772976e-5,0.00280355647126159,-3.1282126830744226e-9,1.4700001696953648e-11,0.0020737169277675036,-5.194014981831359e-8,9.081245201425881e-8,9.857173332454004e-11,6.823628146784336e-11,0.00040692964345245483,0.003314412216538912,-2.527243001905451e-12,-1.393094976439801e-10,3.200449137648576e-8,4.14214419214245e-5,-4.009186744281767e-9,2.3642147375982984e-12,-6.003947217121752e-8,-7.471474647153098e-6,5.959151491207732e-6,-1.775100829061807e-14,-2.921860580348932e-13,6.699266818748671e-11,-1.0400154176688462e-11,1.8622600884612655e-10,-7.718173434348962e-11,0.0025124893045948304,-0.0014704659703391905,8.183338729747746e-14,-3.1251064284031144e-9,-0.0036179807358051644
0.0,0.0,0.0,0.0,0.0,0.0,0.0,0.0,0.0,0.0,0.0,0.0,0.0,0.0,0.0,0.0,0.0,0.0,0.0,0.0,0.0,0.0,0.0,0.0,0.0,0.0,0.0,0.0,0.0,0.0,0.0,0.0,0.0,0.0,0.0,0.0,0.0,0.0,0.0,0.0,0.0,0.0,0.0,0.0,0.0,0.0,0.0,0.0,0.0,0.0,0.0,0.0,0.0,0.0,0.0,0.0,0.0,0.0,0.0,0.0,0.0,0.0,0.0,0.0,0.0,0.0,0.0,0.0,0.0,0.0,0.0,0.0,0.0,0.0,0.0,0.0,0.0,0.0,0.0,0.0,0.0,0.0,0.0,0.0,0.0,0.0,0.0,0.0,0.0,0.0,0.0,0.0,0.0,0.0,0.0,0.0,0.0,0.0,0.0,0.0,0.0,0.0,0.0,0.0,0.0,0.0,0.0,0.0,0.0,0.0,0.0,0.0,0.0,0.0,0.0,0.0,0.0,0.0,0.0,0.0,0.0,0.0,0.0,0.0,0.0,0.0,0.0,0.0,0.0,0.0,0.0,0.0,0.0,0.0,0.0,0.0,0.0,0.0,0.0,0.0,0.0,0.0,0.0,0.0,0.0,0.0,0.0,0.0,0.0,0.0,0.0,0.0,0.0,0.0,0.0,0.0,0.0,0.0,0.0,0.0,0.0,0.0,0.0,0.0,0.0,0.0,0.0,0.0,0.0,0.0,0.0,0.0,0.0,0.0,0.0,0.0,0.0,0.0,0.0,0.0,0.0,0.0,0.0,0.0,0.0,0.0,0.0,0.0,0.0,0.0,0.0,0.0,0.0,0.0,0.0,0.0,0.0,0.0,0.0,0.0,0.0,0.0,0.0,0.0,0.0,0.0,0.0,0.0,0.0,0.0,0.0,0.0,0.0,0.0,0.0,0.0,0.0,0.0,0.0,0.0,0.0,0.0,0.0,0.0,0.0,0.0,0.0,0.0,0.0,0.0,0.0,0.0,0.0,0.0,0.0,0.0,0.0,0.0,0.0,0.0,0.0,0.0,0.0,0.0,0.0,0.0,0.0,0.0,0.0,0.0,0.0,0.0,0.0,0.0,0.0,0.0,0.0,0.0,0.0,0.0,0.0,0.0,0.0,0.0,0.0,0.0,0.0,0.0,0.0,0.0,0.0,0.0,0.0,0.0,0.0,0.0,0.0,0.0,0.0,0.0,0.0,0.0,0.0,0.0,0.0,0.0,0.0,0.0,0.0,0.0,0.0,0.0,0.0,0.0,0.0,0.0,0.0,0.0,0.0,0.0,0.0,0.0,0.0,0.0,0.0,0.0,0.0,0.0,0.0,0.0,0.0,0.0,0.0,0.0,0.0,0.0,0.0,0.0,0.0,0.0,0.0,0.0,0.0,0.0,0.0,0.0,0.0,0.0,0.0,0.0,0.0,0.0,0.0,0.0,0.0,0.0,0.0,0.0,0.0,0.0,0.0,0.0,0.0,0.0,0.0,0.0,0.0,0.0,0.0,0.0,0.0,0.0,0.0,0.0,0.0,0.0,0.0,0.0,0.0,0.0,0.0,0.0,0.0,0.0,0.0,0.0,0.0,0.0,0.0,0.0,0.0,0.0,0.0,0.0,0.0,0.0,0.0,0.0,0.0,0.0,0.0,0.0,0.0,0.0,0.0,0.0,0.0,0.0,0.0,0.0,0.0,0.0,0.0,0.0,0.0,0.0,0.0,0.0,0.0,0.0,0.0,0.0,0.0,0.0,0.0,0.0,0.0,0.0,0.0,0.0,0.0,0.0,0.0,0.0,0.0,0.0,0.0,0.0,0.0,0.0,0.0,0.0,0.0,0.0,0.0,0.0,0.0,0.0,0.0,0.0,0.0,0.0,0.0,0.0,0.0,0.0,0.0,0.0,0.0,0.0,0.0,0.0,0.0,0.0,0.0,0.0,0.0,0.0,0.0,0.0,0.0,0.0,0.0,0.0,0.0,0.0,0.0,0.0,0.0,0.0,0.0,0.0,0.0,0.0,0.0,0.0,0.0,0.0,0.0,0.0,0.0,0.0,0.0,0.0,0.0,0.0,0.048421851094022146,0.0006209024565390672,-6.457944967975206e-9,6.966677255263241e-9,-3.097206905207487e-10,-0.0034859543872517544,6.20996752598928e-8,-5.21367161865425e-7,0.00011548279623257438,-0.00011858705390480356,-5.6715659986124086e-8,-9.163212529080768e-5,-0.0019845023740413695,6.840936010304911e-8,-2.2501688382061588e-7,-0.0034410103015410465,-0.0017936756873458896,0.0003279915917721175,7.909618575121657e-6,0.0003056641340101352,6.835207483580506e-5,-1.463562871175308e-9,1.2248267554703731e-7,-5.4648341540672635e-6,-5.311495093451751e-5,2.5918457889235025e-8,-0.00013652069542452843,0.00778551130725776,4.89137576330976e-5,-0.00011536741685729077,0.006329952508522156,-0.006666380596681106,0.0010857890077151102,9.680298394705946e-10,-0.006008433554507434,2.451160408291888e-5,3.932152101246446e-5,2.47644203206357e-7,0.0001624940876434099,1.794408769806171e-9,1.5640252347517272e-7,-5.7347938923948774e-5,-6.1806102488244016e-6,-0.0006458448134525312,-0.024552975887773876,-2.405441706303618e-8,-9.759743063851605e-8,0.0036582557348187224,8.218863293734979e-6,-0.0021790026816332743,1.1831807326452681e-5,1.2095574733249606e-5,0.0007948630801041741,-0.00012298499746457665,1.7886038477440462e-6,-6.374310703006324e-5,7.999269247478775e-6,5.3629521236732435e-9,-7.514797752413212e-6,-0.00044132362219821616,1.033457762899587e-5,0.019691689228741774,-6.0237146015404514e-6,-0.0006499672363812098,8.682580933970173e-7,-1.3449261094552023e-6,9.30269005679944e-7,-5.170939195754963e-5,0.00018489362380492654,-0.00023646601400415882,2.8270219930553276e-6,-0.00011452258989342325,-8.140057448557112e-10,0.0004804618735318865,-9.888788214799426e-5,0.00011396337212719499,-1.1446499061887377e-5,3.0163318459612223e-6,-0.0010382884269508638,-8.422554540833853e-6,0.0003876354887908641,-3.891449385774869e-10,4.0523482165046334e-7,-2.09839710328799e-7,-2.7360805560569674e-8,3.5391196766093474e-6,-2.1062007565736665e-11,-3.1671008470364745e-5,-0.0018624303261518638,0.0029630429111609227,-1.1005284387018534e-9,-8.395704919303205e-6,0.0025787211513789033,-3.283286937700323e-6,-3.42296529903191e-10,-3.9424370624821545e-8,1.3139914048734468e-6,1.0378953174074912e-7,0.007322542768149855,2.091277888596938e-5,-0.00021786755087086274,0.00031291600391438666,0.006065701635141085,0.0001489742635017241,0.0015379474233341746,-4.268836379714282e-6,4.912657674246219e-6,7.458714586100965e-5,6.770246413797413e-5,0.00012108759501058602,7.010726193618287e-10,2.3762277628707177e-7,1.053273941020403e-7,-3.0012023412185913e-6,-0.020548581370624278,4.888827792626292e-7,-0.0002759769672528616,0.012539687869914608,-0.001026010377505763,0.0020107736188977564,-0.003210025121430998,-1.4301899145265225e-7,0.0008105284482995584,1.1453680472977399e-7,1.8744010893472145e-10,-0.00010329954215608744,-0.00017963419536398486,-6.909826662791077e-7,-7.448762508697863e-6,-4.672803172904491e-7,-4.523512075126902e-8,3.6298873092118735e-10,-1.025688865903143e-9,4.6340315938514743e-10,-0.0045885448622940495,4.712491873621401e-5,-0.00013004853886344075,2.3400080672568464e-6,2.7478362523332768e-5,-2.2443316146798276e-10,5.414489632558832e-7,-5.921956037702091e-8,0.00015898485964729753,1.2821296114473703e-10,0.006637058637958281,2.137048756884082e-5,0.00013705098728766349,8.655951723457869e-8,-0.0032006308814290564,-0.00020908758921704343,0.0042687676436798305,1.5914424668183907e-9,-2.393822911268718e-7,-2.4672177138449493e-7,1.6713472492826007e-5,-3.2044102021710366e-8,6.318430842417564e-5,7.022036415986708e-7,-1.8925199486308336e-7,0.0031697777748066324,-1.2194087873469122e-6,-1.6297617635817854e-7,3.0443561163111682e-5,-3.4046853123217225e-5,1.4160207824701831e-5,1.4447299955400067e-8,3.3573617775914008e-9,0.00701776099539489,2.1085473339311144e-6,-1.9395009316223233e-8,-0.0003020606042880501,-3.585096505901984e-7,-0.002926473612587689,1.8474572504780724e-5,-1.024894364255896e-5,0.0002961876856220943,-1.844092432425502e-9,-7.476959167867227e-7,7.903670613722007e-8,5.207767212526235e-10,0.0001981617230769176,8.63432972230033e-7,-8.182175613250876e-6,-1.2431487486758033e-8,8.075490440267698e-9,0.0022594341724629947,1.1197080449073201e-5,2.0008526216181363e-5,-5.3942052045180915e-5,0.004344860028397132,1.8561317733763094e-8,0.0002653404055017185,-4.86198396492915e-9,1.5630319178577637e-6,9.134933269585e-5,-0.002737180151195015,-0.003901222240523599,3.548935005658973e-9,2.275175454336699e-5,4.99086046161356e-5,-0.005900514325632969,7.017636480260962e-7,3.987824075320962e-6,-5.528037191592687e-5,2.06912446589964e-9,-3.0720604421686437e-7,0.0006818120302891782,0.009532883987309775,-0.0006109749119875301,0.0011150175689311815,3.311814406566197e-6,-2.4740265263322824e-6,-0.0023961105024567983,1.4513252551629413e-10,2.5518186736948555e-8,-1.0553022491719194e-5,1.488352160258146e-9,0.014044989064406682,1.1722284419194129e-6,-2.7664637853135766e-7,-3.7185684146256412e-6,3.463225395492324e-5,6.426597356057159e-7,-8.55652271967454e-11,-2.082685726046658e-5,-8.420358051812612e-5,2.33505814211075e-7,0.017111829002989184,0.000379341807946517,-3.105310796459452e-5,-3.8819663194387154e-8,0.001370546259208525,3.078253025060284e-7,-4.868996207928632e-7,-1.635700902062994e-8,-2.0726298038672372e-7,1.8982725430147604e-8,-0.001541038869919569,1.9248454042906277e-6,-1.365595310983652e-9,-4.548336426335225e-9,0.0007862876870958604,-0.0006134997871251183,1.4258402352571362e-6,-5.5365664760737336e-8,-5.464893061834952e-7,2.7488118116556967e-6,1.2338614769173544e-6,5.789141592764521e-8,1.551107158113591e-8,-4.507817558661036e-7,-1.2533238076286692e-9,-0.0002568445508333383,6.662522062191105e-8,-9.286316427894525e-8,1.845680037171094e-6,8.766839213092375e-7,4.944320469839011e-5,2.4334674903445366e-8,-4.6015258942895836e-10,1.4912509148228134e-8,9.457116770978979e-7,2.692863134595108e-6,-0.002050134806343854,3.61804869456839e-5,1.0300022933983983e-10,0.0022794912568752704,-9.866229133372194e-5,-3.8311314243506304e-5,-4.5398439301143293e-7,1.1870202942700108e-5,-4.676964749396897e-8,0.00032587106996126067,0.0014139921828560187,0.0006902238260676896,-2.0173205908460946e-7,0.0016335814654471177,-1.2263107780188946e-9,3.228887153463199e-6,-0.0005278447415651061,-3.04542089032963e-6,0.0008749018727609045,-3.846301419549743e-9,2.014980882871596e-5,1.3831527097979367e-8,4.2626160144396385e-8,4.131179878819782e-10,-5.095192129118453e-5,0.0014007997378893242,0.0011679649858461797,0.0002932357214169807,-1.5871894908798145e-9,9.608208792222597e-5,4.328613957123569e-6,-5.1673919509935456e-5,-7.153375617389495e-8,6.572134164542664e-6,-0.00126430873367408,0.0016536571237361296,1.10859366091299e-6,-5.640138914625213e-6,-4.313915402122819e-6,7.064025135698174e-7,1.7510624219846152e-7,-6.858791235403468e-6,-0.0003417664784749422,0.0006831996188300301,0.00011478340920323419,2.5821426537548155e-7,-0.0003675491837397102,-5.2341924117440224e-5,0.00030437115391909834,1.8726330902594778e-9,6.646232619840694e-8,-8.033854405720738e-7,-7.703320182430351e-7,5.32619742659141e-6,3.921803020106044e-7,2.9733170946536248e-6,7.097317773549016e-8,8.844004648391822e-10,-2.8883467132259592e-5,4.508480685708822e-8
0.0,0.0,0.0,0.0,0.0,0.0,0.0,0.0,0.0,0.0,0.0,0.0,0.0,0.0,0.0,0.0,0.0,0.0,0.0,0.0,0.0,0.0,0.0,0.0,0.0,0.0,0.0,0.0,0.0,0.0,0.0,0.0,0.0,0.0,0.0,0.0,0.0,0.0,0.0,0.0,0.0,0.0,0.0,0.0,0.0,0.0,0.0,0.0,0.0,0.0,0.0,0.0,0.0,0.0,0.0,0.0,0.0,0.0,0.0,0.0,0.0,0.0,0.0,0.0,0.0,0.0,0.0,0.0,0.0,0.0,0.0,0.0,0.0,0.0,0.0,0.0,0.0,0.0,0.0,0.0,0.0,0.0,0.0,0.0,0.0,0.0,0.0,0.0,0.0,0.0,0.0,0.0,0.0,0.0,0.0,0.0,0.0,0.0,0.0,0.0,0.0,0.0,0.0,0.0,0.0,0.0,0.0,0.0,0.0,0.0,0.0,0.0,0.0,0.0,0.0,0.0,0.0,0.0,0.0,0.0,0.0,0.0,0.0,0.0,0.0,0.0,0.0,0.0,0.0,0.0,0.0,0.0,0.0,0.0,0.0,0.0,0.0,0.0,0.0,0.0,0.0,0.0,0.0,0.0,0.0,0.0,0.0,0.0,0.0,0.0,0.0,0.0,0.0,0.0,0.0,0.0,0.0,0.0,0.0,0.0,0.0,0.0,0.0,0.0,0.0,0.0,0.0,0.0,0.0,0.0,0.0,0.0,0.0,0.0,0.0,0.0,0.0,0.0,0.0,0.0,0.0,0.0,0.0,0.0,0.0,0.0,0.0,0.0,0.0,0.0,0.0,0.0,0.0,0.0,0.0,0.0,0.0,0.0,0.0,0.0,0.0,0.0,0.0,0.0,0.0,0.0,0.0,0.0,0.0,0.0,0.0,0.0,0.0,0.0,0.0,0.0,0.0,0.0,0.0,0.0,0.0,0.0,0.0,0.0,0.0,0.0,0.0,0.0,0.0,0.0,0.0,0.0,0.0,0.0,0.0,0.0,0.0,0.0,0.0,0.0,0.0,0.0,0.0,0.0,0.0,0.0,0.0,0.0,0.0,0.0,0.0,0.0,0.0,0.0,0.0,0.0,0.0,0.0,0.0,0.0,0.0,0.0,0.0,0.0,0.0,0.0,0.0,0.0,0.0,0.0,0.0,0.0,0.0,0.0,0.0,0.0,0.0,0.0,0.0,0.0,0.0,0.0,0.0,0.0,0.0,0.0,0.0,0.0,0.0,0.0,0.0,0.0,0.0,0.0,0.0,0.0,0.0,0.0,0.0,0.0,0.0,0.0,0.0,0.0,0.0,0.0,0.0,0.0,0.0,0.0,0.0,0.0,0.0,0.0,0.0,0.0,0.0,0.0,0.0,0.0,0.0,0.0,0.0,0.0,0.0,0.0,0.0,0.0,0.0,0.0,0.0,0.0,0.0,0.0,0.0,0.0,0.0,0.0,0.0,0.0,0.0,0.0,0.0,0.0,0.0,0.0,0.0,0.0,0.0,0.0,0.0,0.0,0.0,0.0,0.0,0.0,0.0,0.0,0.0,0.0,0.0,0.0,0.0,0.0,0.0,0.0,0.0,0.0,0.0,0.0,0.0,0.0,0.0,0.0,0.0,0.0,0.0,0.0,0.0,0.0,0.0,0.0,0.0,0.0,0.0,0.0,0.0,0.0,0.0,0.0,0.0,0.0,0.0,0.0,0.0,0.0,0.0,0.0,0.0,0.0,0.0,0.0,0.0,0.0,0.0,0.0,0.0,0.0,0.0,0.0,0.0,0.0,0.0,0.0,0.0,0.0,0.0,0.0,0.0,0.0,0.0,0.0,0.0,0.0,0.0,0.0,0.0,0.0,0.0,0.0,0.0,0.0,0.0,0.0,0.0,0.0,0.0,0.0,0.0,0.0,0.0,0.0,0.0,0.0,0.0,0.0,0.0,0.0,0.0,0.0,0.0,0.0,0.0,0.0,0.0,0.0,0.0,0.0,0.0,0.0,0.0,0.0,0.0,0.0,0.0,0.0,0.0,0.0,0.0,0.0,0.0,0.0,0.0,0.0,0.0,0.0,0.0,0.04657368161878616,6.616825618760218e-11,2.4378164524706706e-11,-1.50344945094655e-12,-4.552122751900877e-5,-3.0041210661827575e-10,-3.954742585431563e-5,0.00010344892828077372,-1.0925799035931346e-5,-8.219463767226336e-11,0.0038396842695263174,0.00646334118301549,-1.0564501052931548e-9,2.8553215919329373e-9,0.0001232459911498561,5.800678467651287e-5,-1.7266223929511266e-5,-2.494995209391721e-7,0.010903062736762571,-0.000481943916031999,6.755991339180228e-12,-4.023869785506282e-9,0.0005025163821823971,7.394229861373131e-7,-3.6255713652346977e-9,8.188216198304942e-7,-0.00010465953169283462,-4.273874050952504e-7,-0.005221354128259122,-0.0008130721645672773,-0.0048725715139605885,0.00012188295583795227,-4.951367720539911e-12,0.0001435508568326287,9.469772417171094e-7,0.0004414956618583692,-4.917033434620038e-6,9.686256175801928e-7,1.073145308623083e-10,2.7476277662998316e-5,-0.000649970642909186,-0.0020455530214277353,-0.010111184437796761,8.358956114851812e-5,7.680506384494803e-11,-3.141390447840089e-9,0.003429527030595595,1.2025698017339206e-7,-0.011883116969152412,-0.0020381871422676715,-8.010731580610395e-5,0.006675489066613438,1.8983990566459084e-6,7.080354887884162e-5,-0.0007253746418889536,3.2266047804843455e-7,-8.800857507948747e-11,-6.518867984914725e-7,4.0662772635629146e-5,0.002862813833594052,0.0019942305306691463,-0.0016623836376309547,-2.7122611676988684e-6,-0.0002355985509576919,2.011168945208198e-9,3.722033048877672e-10,-0.006844882986349988,-1.2880699809595589e-6,-0.013425629575179992,-1.6370162774558834e-5,0.0029827871672242507,-3.9588747537581376e-12,-0.004836631268931921,7.092653236199136e-7,2.2849808764726455e-7,-0.00116891168000313,-0.00014416652985687364,-0.001680902700949214,-0.0004117882704728257,-2.1060293452910514e-6,-1.437115043720656e-10,2.115206583334956e-5,1.9500714298974334e-9,2.764782986949159e-10,0.0003526770722079042,-1.0323478185171298e-12,-6.591236845047796e-6,-0.0034600702452394676,-0.0004030158787065372,1.2644993585307959e-11,1.0511188735635906e-7,1.3661205509866235e-5,0.00015049700452923908,-4.768716801200416e-12,-2.102771946547518e-11,-0.0003572588615623099,-3.699317113584948e-9,-0.00033890529899827836,-4.46164811000732e-7,1.1754725776505485e-5,-3.855710177528033e-6,0.0002860328593573346,0.00022363673546522974,-0.0007532714685620167,4.086982423353059e-8,1.697388757989474e-7,0.0026778998429397077,0.0015053826604811676,0.003007983379836435,-6.171715596644338e-12,-3.782374469303885e-9,-3.133957886263101e-6,-0.00012113967126422513,0.0002865258350317372,2.1513558742522067e-5,-0.012410343159397524,-0.000321323023166403,1.957751743298881e-5,0.0009420191430048898,-0.00015024555281151452,1.6862011483880318e-9,-1.905858905654862e-5,8.714410045078499e-6,-5.287912040075052e-12,-1.8160478324399944e-5,5.06843253065794e-6,-1.4477022487909165e-7,2.4141093582674395e-8,9.004824534814988e-5,2.564540046444141e-5,-2.7528698948846114e-12,3.0069689464383824e-11,-1.16985841733511e-13,-3.0974441236553844e-5,-0.0015597291816842158,0.0042045816691748,-1.5655132552095565e-8,-3.4881977961927576e-7,7.868701693670092e-12,-1.219639363509932e-7,9.57003517944315e-11,-0.0005561003815689816,-1.7116060992280354e-13,0.0024320946509669085,7.222993164681767e-6,-5.980271689013252e-6,6.528991148345708e-9,9.766087252748148e-5,-0.007580511438030711,0.000787396219911643,-3.0447180358645444e-11,-1.7266500526651095e-5,3.09498528120476e-9,0.002053171604993306,-3.962209850705939e-9,0.0018950820906432043,1.9978099447971753e-5,5.656641316127279e-9,-3.6660325619410577e-5,1.8084054595713265e-9,1.3515923909427288e-10,-7.031590206663047e-7,1.0908927197659964e-6,0.002214096420895362,-1.4356329470888018e-10,-1.1389697337456348e-10,4.0382143635306456e-5,4.248646763029695e-8,5.745040057844356e-10,-1.1000985663332607e-5,-7.699730630845187e-9,0.0005162905216425625,-9.58243504430067e-7,-0.00026812775354932044,-2.219851184382251e-5,-3.161204071077119e-11,-8.77131757258554e-5,-1.3763115962007312e-9,-5.421022867619936e-12,2.876041293659966e-6,9.141308045771782e-6,-0.00026888406628620764,1.0905657742780456e-10,3.7419253154854764e-10,0.00019781638836898732,0.00019271125677426098,0.0019495228612489048,-0.0037418153364330024,4.738712492859475e-5,-1.3533816741708217e-10,8.084985808885423e-6,3.101861464626599e-10,3.535300711321539e-5,-5.462513668082416e-7,-0.005135422316970599,0.00018358611396825092,2.3829817053254406e-10,5.737826061818115e-7,-0.0017024123584126346,-2.0446156486363063e-5,-7.95165909899343e-8,-1.521698582285659e-7,-0.0011212961780490865,-7.929478336924242e-11,6.645555118159902e-9,0.004695919585187828,-0.0002848381174782409,5.603912274140791e-5,-0.00016208844353533155,0.00045557595892398926,-1.101183890779231e-8,5.3535314769787175e-5,-3.6200256915684714e-13,-1.3574430530791507e-10,-9.543384937428376e-8,1.2506371639459105e-11,0.0008295469259790187,0.0005453243010552107,-2.2377139894128118e-5,2.631371747026344e-8,-4.405138767755944e-7,-8.885141649107981e-9,-1.7767020880447967e-12,0.0006098200134959648,-5.041773627793391e-6,6.350687466749087e-5,0.0020286612316574187,0.008281667890394409,-0.0006224275037182057,7.737406759401185e-10,0.007354025498435734,-2.5674145348050492e-8,1.8494213393871783e-7,2.871841295102815e-9,-4.837276615837894e-6,1.9493636077759738e-11,1.938639094679227e-5,-4.4221009923099354e-8,-9.080979632063643e-12,7.688642055143881e-11,4.542770624437407e-5,-4.71992002682171e-6,6.148907112458848e-5,-3.1192567479040805e-6,-5.370422384421472e-5,-1.1337506169535602e-9,0.00014036158114516317,2.427519027081649e-7,4.838204860892008e-10,-8.489451824205008e-9,3.247611444353489e-11,2.2836187315941973e-6,-6.307183546747507e-10,-7.73629936396748e-6,1.590206504407328e-8,-1.9654589361261075e-8,-9.578321207492686e-7,-3.3679068658935525e-11,2.6169480957113415e-11,-1.6505047117067198e-10,3.0915846077842937e-5,-2.0561922205512254e-9,-0.0024227414076744684,1.8392966402334544e-6,-1.84391478572775e-12,-0.00035071840235725686,-0.0029570158337617423,2.63246149670864e-7,0.0001823856433036235,-6.239857187795148e-7,3.125134710541635e-10,0.00972147237188463,-8.646606391065671e-5,-4.720198357609827e-5,-6.024171251222847e-9,-3.893956571244562e-5,1.4331762394742657e-11,-0.0013249236398451144,4.2138132035251224e-5,1.5076192673186804e-8,0.0020502891612847484,8.557345671287627e-11,-0.006650752589196507,-2.5872109198494614e-10,-5.510068398209367e-10,-2.4995253658743493e-12,-0.0005459005248695555,-0.0001974737743265277,2.7587012367782256e-5,-8.833643217809729e-6,1.6852862308741137e-11,0.01891569642204283,0.001184436781692315,-9.855240937951344e-7,1.5074099380411823e-9,0.0015344124675822325,2.5480369869141235e-5,3.172206116678283e-5,5.948239855485762e-8,1.0125340893157945e-7,-3.295542956138891e-5,2.114095084990753e-5,-6.113168434314365e-9,1.600751103166748e-7,-1.0705066396565973e-6,0.01366010515066749,-2.824868968745417e-6,-4.585417416417172e-9,8.38365848945959e-7,0.0028555250888860724,0.0020142763399028383,4.372901966260139e-11,-8.403576290696767e-10,1.7454490487464175e-8,1.4249083357851635e-8,-4.733955785553664e-8,-1.8295333340600847e-11,0.0014333034776766857,0.00040908701452980594,2.2586210429310043e-12,-3.4003349131189396e-7,-1.2543789465776511e-5
0.0,0.0,0.0,0.0,0.0,0.0,0.0,0.0,0.0,0.0,0.0,0.0,0.0,0.0,0.0,0.0,0.0,0.0,0.0,0.0,0.0,0.0,0.0,0.0,0.0,0.0,0.0,0.0,0.0,0.0,0.0,0.0,0.0,0.0,0.0,0.0,0.0,0.0,0.0,0.0,0.0,0.0,0.0,0.0,0.0,0.0,0.0,0.0,0.0,0.0,0.0,0.0,0.0,0.0,0.0,0.0,0.0,0.0,0.0,0.0,0.0,0.0,0.0,0.0,0.0,0.0,0.0,0.0,0.0,0.0,0.0,0.0,0.0,0.0,0.0,0.0,0.0,0.0,0.0,0.0,0.0,0.0,0.0,0.0,0.0,0.0,0.0,0.0,0.0,0.0,0.0,0.0,0.0,0.0,0.0,0.0,0.0,0.0,0.0,0.0,0.0,0.0,0.0,0.0,0.0,0.0,0.0,0.0,0.0,0.0,0.0,0.0,0.0,0.0,0.0,0.0,0.0,0.0,0.0,0.0,0.0,0.0,0.0,0.0,0.0,0.0,0.0,0.0,0.0,0.0,0.0,0.0,0.0,0.0,0.0,0.0,0.0,0.0,0.0,0.0,0.0,0.0,0.0,0.0,0.0,0.0,0.0,0.0,0.0,0.0,0.0,0.0,0.0,0.0,0.0,0.0,0.0,0.0,0.0,0.0,0.0,0.0,0.0,0.0,0.0,0.0,0.0,0.0,0.0,0.0,0.0,0.0,0.0,0.0,0.0,0.0,0.0,0.0,0.0,0.0,0.0,0.0,0.0,0.0,0.0,0.0,0.0,0.0,0.0,0.0,0.0,0.0,0.0,0.0,0.0,0.0,0.0,0.0,0.0,0.0,0.0,0.0,0.0,0.0,0.0,0.0,0.0,0.0,0.0,0.0,0.0,0.0,0.0,0.0,0.0,0.0,0.0,0.0,0.0,0.0,0.0,0.0,0.0,0.0,0.0,0.0,0.0,0.0,0.0,0.0,0.0,0.0,0.0,0.0,0.0,0.0,0.0,0.0,0.0,0.0,0.0,0.0,0.0,0.0,0.0,0.0,0.0,0.0,0.0,0.0,0.0,0.0,0.0,0.0,0.0,0.0,0.0,0.0,0.0,0.0,0.0,0.0,0.0,0.0,0.0,0.0,0.0,0.0,0.0,0.0,0.0,0.0,0.0,0.0,0.0,0.0,0.0,0.0,0.0,0.0,0.0,0.0,0.0,0.0,0.0,0.0,0.0,0.0,0.0,0.0,0.0,0.0,0.0,0.0,0.0,0.0,0.0,0.0,0.0,0.0,0.0,0.0,0.0,0.0,0.0,0.0,0.0,0.0,0.0,0.0,0.0,0.0,0.0,0.0,0.0,0.0,0.0,0.0,0.0,0.0,0.0,0.0,0.0,0.0,0.0,0.0,0.0,0.0,0.0,0.0,0.0,0.0,0.0,0.0,0.0,0.0,0.0,0.0,0.0,0.0,0.0,0.0,0.0,0.0,0.0,0.0,0.0,0.0,0.0,0.0,0.0,0.0,0.0,0.0,0.0,0.0,0.0,0.0,0.0,0.0,0.0,0.0,0.0,0.0,0.0,0.0,0.0,0.0,0.0,0.0,0.0,0.0,0.0,0.0,0.0,0.0,0.0,0.0,0.0,0.0,0.0,0.0,0.0,0.0,0.0,0.0,0.0,0.0,0.0,0.0,0.0,0.0,0.0,0.0,0.0,0.0,0.0,0.0,0.0,0.0,0.0,0.0,0.0,0.0,0.0,0.0,0.0,0.0,0.0,0.0,0.0,0.0,0.0,0.0,0.0,0.0,0.0,0.0,0.0,0.0,0.0,0.0,0.0,0.0,0.0,0.0,0.0,0.0,0.0,0.0,0.0,0.0,0.0,0.0,0.0,0.0,0.0,0.0,0.0,0.0,0.0,0.0,0.0,0.0,0.0,0.0,0.0,0.0,0.0,0.0,0.0,0.0,0.0,0.0,0.0,0.0,0.0,0.0,0.0,0.0,0.0,0.0,0.0,0.0,0.0,0.0,0.0,0.0,0.0,0.0,0.0,0.0,0.0,0.0,0.0,0.0,0.0,0.0,0.034157124806413586,0.004998123888358327,0.00030576368052164367,1.2217765221471345e-9,-0.00513637847154213,1.517877835412013e-15,-6.505947096558322e-9,-3.7189562986277173e-8,0.002792496493853718,-2.0238230465171495e-11,1.0123956727754147e-10,0.0013272170708858587,3.908479554197617e-5,1.338237110970555e-10,9.246040970534032e-8,-1.4137847121222331e-8,3.6332045482269788e-6,-7.789476502624093e-12,-2.3870314379039786e-12,-0.0036087378350076658,-0.00010957661394017125,-1.9495690348477314e-12,8.139376848248454e-7,-0.0007792151008836215,4.207946910000372e-6,5.763157935928014e-9,-3.658696610471226e-6,-2.6951665230142416e-11,2.987312795828341e-10,-4.35605945846973e-10,2.18349679175768e-10,0.003519867905630594,-1.8668745257994792e-8,1.6028293587612528e-8,1.6389839757852523e-12,5.617144831186066e-14,5.266267979097426e-7,0.010026640078346494,-1.3325062478639716e-14,-1.2446547101716663e-11,3.2310181472587645e-12,2.723507847781222e-11,-1.2316278049930387e-9,0.0028085414913569377,-1.7890932019524817e-5,1.4376988207241336e-9,-4.3305787092523695e-6,-2.2761741331726195e-12,8.940801284161094e-13,3.730539857001878e-12,-1.7407057115816453e-10,-4.5018883567225664e-7,1.5279745893463208e-13,-6.953865320099616e-12,-1.3379398105741913e-6,-0.0009883050376528104,-3.8086046214184952e-6,1.2558781007432368e-8,2.760126040328367e-12,-7.009032839542909e-12,-2.1418359573858458e-12,-1.0998533644981402e-7,6.483050619691551e-13,-8.911309331754778e-5,-2.177115677152863e-5,3.5746686812038806e-12,-4.1095871844237437e-7,-1.0685925160389733e-11,-1.1267057924797904e-14,-8.440956092493428e-12,0.0018380883514714122,-6.222372797094039e-12,2.4988895959835107e-6,-4.1322188471532133e-7,2.247114034958278e-14,8.262058350865787e-13,-5.314449257637833e-10,-2.714082973701846e-13,-2.3701525876632452e-7,-0.00386215649715405,-5.645568852802409e-17,0.0014110358916578133,0.002366049200585562,-4.933094566999808e-13,0.0010992620289162708,5.884149530374005e-7,-1.140454847620442e-10,-5.669671362809809e-10,0.001799358654529543,3.5454750478323545e-5,1.4277511272657611e-8,-2.3085295829505206e-13,-0.0007487641813163982,0.003929232589658296,1.4858957181863135e-12,0.00019544858708878105,2.2904482242564403e-11,-2.525039426487253e-5,-7.412405078767926e-8,3.385104971457684e-7,-4.944517958087036e-10,1.6003942551907516e-11,4.399589769405569e-11,0.00018439537856047996,-2.0630525169307626e-5,7.477821872909703e-11,-7.858401255415342e-11,4.8981179667482e-12,-0.0035762951517331306,0.00011336047304314236,-1.1040301123133608e-14,-6.857996863414955e-13,5.033161937375404e-9,5.5171437165745873e-14,1.047794062690352e-11,1.7799975905040655e-9,-1.3080693697629964e-8,-3.4607569250077936e-10,-1.0618646400730658e-9,-0.0005833399194562614,-1.0625387243720018e-7,-3.8948504195058536e-14,0.0012922682536491627,-1.880465492447735e-8,-3.498259951046139e-8,2.2446403967211226e-5,5.5718645138913026e-5,-9.355727575450012e-14,-1.925405888647383e-14,-0.0010466489317537964,-0.0039130839462055995,0.0009558424285483837,1.2729072815168565e-8,7.48057200406703e-12,-1.9313389892854725e-11,-1.9985568811984062e-5,3.829456278059407e-6,0.00012761598493222866,7.362719484292346e-6,0.0003477362484552831,-2.511909625155314e-11,0.0009575873115354936,1.5240168932068062e-9,2.5197089345549394e-7,-7.961365341981963e-7,0.000305106853643754,-7.504704151458469e-10,-5.047373496838985e-11,8.23600393454728e-10,-0.013167224894710035,2.897533461760378e-15,-9.8701567323967e-5,-2.6977099129387355e-12,-3.969560057327218e-5,5.138159223824526e-12,3.223015963608508e-14,0.0003734855342191805,-4.830212179554902e-8,1.5301435316763723e-5,4.5994761985569986e-5,-6.669577260369524e-7,-9.537763806980318e-7,-5.424390986643184e-12,-0.009558325800815422,-0.0032317963038638827,3.5372500319583265e-10,1.5874205504456054e-5,-0.0004618285669310033,-3.803080514705483e-8,2.211106670962301e-5,-2.150723417180733e-10,-8.637997033101392e-7,-1.6382967742242558e-12,-6.069554363829576e-9,-0.008980521330983381,2.1809755014668506e-13,-0.001349968769356415,-0.0001546863835178888,3.936058726952848e-9,3.2500604505251234e-14,-2.5634924807013026e-12,0.006164328522623279,0.0009314216221511021,8.773077457681037e-10,7.649788764179936e-13,2.444390787441589e-13,2.615896717885136e-11,-2.712162224829623e-8,-5.541085804157088e-6,2.49193020243091e-8,0.0014703445165592738,6.32498746957955e-14,-7.377359231902134e-8,-5.531626323167283e-10,5.472789633185997e-9,-0.001405261194520395,-1.0221700439037165e-7,1.4257952758725751e-12,-7.384208340157546e-9,-2.1977881076398653e-6,4.4517302369643733e-7,-1.211192476903457e-11,-0.005780001737410621,-0.0004780948611478909,-9.098494419469627e-11,8.588664281653261e-10,-2.01768663641139e-9,2.3304775108680325e-9,-5.921051392899078e-13,-4.797456595043779e-6,9.532355439733083e-9,-0.001067250503064237,-0.0035289046934365554,-1.616646393066116e-6,0.01604994489798546,-4.636733439354613e-10,-1.663114813482887e-12,3.155248029404723e-16,9.118658860615467e-5,-5.275443325935462e-6,0.00017826318208497295,0.0031286114739927672,-3.5083757011626433e-13,9.190577661653201e-8,-2.318188061565671e-13,4.956437840523416e-10,1.2944536476212088e-10,-4.690981501625212e-12,0.00016040514138049126,1.2008038692274046e-10,1.012646510132838e-5,1.304667630641465e-6,-0.0003142529275262517,-4.06365415064407e-14,9.533667697826942e-5,4.159585743268535e-8,-3.1499144379414113e-6,0.007596731146432951,-0.013600033999030477,4.940463866206816e-9,2.1003381670950734e-8,-1.9997889229885495e-14,6.1325570276664675e-15,2.148323545304201e-14,-1.8128717554528054e-5,1.6655274290162998e-13,-1.0835338444690134e-6,-0.0001356246702546309,-7.13431574992965e-5,-0.0030677987915370413,9.931807213066286e-7,8.133709562223361e-5,7.081972179965154e-15,-3.1134101237151102e-6,9.230506995826355e-5,-5.419167620736308e-7,0.0004499207399122443,-0.013003554845894235,0.00015986475210963606,-1.5888431873532225e-14,-4.4009390315479676e-5,-5.125955375159113e-10,-3.2512622771894355e-9,0.0016573801749713633,3.028950235982425e-11,-3.8686227885905386e-11,1.5823958951563714e-7,-5.206443536024533e-14,1.1916106018997122e-6,-0.0009764859559177556,1.1327081964178136e-11,-3.840753096756912e-9,-3.3539286279921196e-10,0.0002536128898657091,-9.079332687076822e-9,0.0008010866502334153,1.1338536473888747e-12,7.463215004419427e-9,9.09731337714794e-6,1.990198643990292e-10,0.007497588660709786,1.6002717288558752e-11,0.00027852260748172824,0.002254992574828484,0.0004943400308790642,5.086033162281e-12,-1.2451809950747147e-10,-1.173619696394647e-8,1.509553790436979e-9,0.0013159439994225354,-2.7651521607132406e-11,-9.540740041852908e-13,8.855203842539815e-7,-0.00014361105159447587,1.8167576176442885e-13,3.196427197970417e-9,3.357442560242525e-8,-8.75099021575257e-6,3.3953982303696146e-5,-7.911798022592539e-13,1.851481973738609e-13,-0.0009217501592101992,-1.4681554580992493e-5,-6.005595963423996e-10,2.2873590317835373e-11,3.008613329413224e-8,-9.255025729232293e-5,1.8803326151358658e-8,-4.0756686334439645e-11,-2.0210674662222768e-10,-0.006276945872063823,0.00014870020715881556,-4.767929418267808e-6,-7.487668002654302e-5,6.5149638680738495e-6,-2.3994793730133724e-5,-1.716548275390251e-12,-1.3524092125993488e-12,-0.0045289606141012935,3.231858790794664e-7,3.232844716457016e-14
0.0,0.0,0.0,0.0,0.0,0.0,0.0,0.0,0.0,0.0,0.0,0.0,0.0,0.0,0.0,0.0,0.0,0.0,0.0,0.0,0.0,0.0,0.0,0.0,0.0,0.0,0.0,0.0,0.0,0.0,0.0,0.0,0.0,0.0,0.0,0.0,0.0,0.0,0.0,0.0,0.0,0.0,0.0,0.0,0.0,0.0,0.0,0.0,0.0,0.0,0.0,0.0,0.0,0.0,0.0,0.0,0.0,0.0,0.0,0.0,0.0,0.0,0.0,0.0,0.0,0.0,0.0,0.0,0.0,0.0,0.0,0.0,0.0,0.0,0.0,0.0,0.0,0.0,0.0,0.0,0.0,0.0,0.0,0.0,0.0,0.0,0.0,0.0,0.0,0.0,0.0,0.0,0.0,0.0,0.0,0.0,0.0,0.0,0.0,0.0,0.0,0.0,0.0,0.0,0.0,0.0,0.0,0.0,0.0,0.0,0.0,0.0,0.0,0.0,0.0,0.0,0.0,0.0,0.0,0.0,0.0,0.0,0.0,0.0,0.0,0.0,0.0,0.0,0.0,0.0,0.0,0.0,0.0,0.0,0.0,0.0,0.0,0.0,0.0,0.0,0.0,0.0,0.0,0.0,0.0,0.0,0.0,0.0,0.0,0.0,0.0,0.0,0.0,0.0,0.0,0.0,0.0,0.0,0.0,0.0,0.0,0.0,0.0,0.0,0.0,0.0,0.0,0.0,0.0,0.0,0.0,0.0,0.0,0.0,0.0,0.0,0.0,0.0,0.0,0.0,0.0,0.0,0.0,0.0,0.0,0.0,0.0,0.0,0.0,0.0,0.0,0.0,0.0,0.0,0.0,0.0,0.0,0.0,0.0,0.0,0.0,0.0,0.0,0.0,0.0,0.0,0.0,0.0,0.0,0.0,0.0,0.0,0.0,0.0,0.0,0.0,0.0,0.0,0.0,0.0,0.0,0.0,0.0,0.0,0.0,0.0,0.0,0.0,0.0,0.0,0.0,0.0,0.0,0.0,0.0,0.0,0.0,0.0,0.0,0.0,0.0,0.0,0.0,0.0,0.0,0.0,0.0,0.0,0.0,0.0,0.0,0.0,0.0,0.0,0.0,0.0,0.0,0.0,0.0,0.0,0.0,0.0,0.0,0.0,0.0,0.0,0.0,0.0,0.0,0.0,0.0,0.0,0.0,0.0,0.0,0.0,0.0,0.0,0.0,0.0,0.0,0.0,0.0,0.0,0.0,0.0,0.0,0.0,0.0,0.0,0.0,0.0,0.0,0.0,0.0,0.0,0.0,0.0,0.0,0.0,0.0,0.0,0.0,0.0,0.0,0.0,0.0,0.0,0.0,0.0,0.0,0.0,0.0,0.0,0.0,0.0,0.0,0.0,0.0,0.0,0.0,0.0,0.0,0.0,0.0,0.0,0.0,0.0,0.0,0.0,0.0,0.0,0.0,0.0,0.0,0.0,0.0,0.0,0.0,0.0,0.0,0.0,0.0,0.0,0.0,0.0,0.0,0.0,0.0,0.0,0.0,0.0,0.0,0.0,0.0,0.0,0.0,0.0,0.0,0.0,0.0,0.0,0.0,0.0,0.0,0.0,0.0,0.0,0.0,0.0,0.0,0.0,0.0,0.0,0.0,0.0,0.0,0.0,0.0,0.0,0.0,0.0,0.0,0.0,0.0,0.0,0.0,0.0,0.0,0.0,0.0,0.0,0.0,0.0,0.0,0.0,0.0,0.0,0.0,0.0,0.0,0.0,0.0,0.0,0.0,0.0,0.0,0.0,0.0,0.0,0.0,0.0,0.0,0.0,0.0,0.0,0.0,0.0,0.0,0.0,0.0,0.0,0.0,0.0,0.0,0.0,0.0,0.0,0.0,0.0,0.0,0.0,0.0,0.0,0.0,0.0,0.0,0.0,0.0,0.0,0.0,0.0,0.0,0.0,0.0,0.0,0.0,0.0,0.0,0.0,0.0,0.0,0.0,0.0,0.0,0.0,0.0,0.0,0.0,0.0,0.0,0.0,0.0,0.0,0.0,0.0,0.0,0.0,0.0,0.0,0.0,0.0,0.0,0.0,0.0,0.0,0.0,0.0,0.0,0.032936007373690436,0.00011455370350164226,3.740334439451023e-8,-0.0007179106405663608,2.6557270946339256e-13,-5.240327664288153e-9,-4.678997401394255e-7,-0.00205043515972525,9.53041445897466e-11,-1.334378714870053e-9,0.002742896484397071,0.0038274427516408875,-5.470339904178914e-8,5.362966289057997e-7,5.710487030349824e-7,-2.8523257648519254e-5,-1.8936227843485884e-10,-2.3215857147492046e-11,-2.5824085579925655e-5,-0.0012935386700528245,4.368226640266114e-12,6.822620879232386e-6,-0.002107230311951202,1.0676835544050395e-5,-4.265902296795196e-8,-4.018263759084638e-7,1.1689001549641415e-10,-4.639098374770053e-9,8.176705661679908e-10,1.4619249352181258e-8,0.00012152310762123714,-8.610246215677343e-8,2.722817013939349e-6,-2.1294375783212664e-11,-3.058628890765114e-13,-1.6242143744221575e-6,-0.0014561687633156818,-5.0367457098040354e-14,4.035930814787324e-11,-2.0588221640228956e-12,2.174528374934147e-10,-6.918060668300979e-9,0.0006189655385584495,5.717237728697151e-6,-2.6216852832473878e-9,7.0293125789859085e-6,4.476669290139125e-10,1.9946525100935448e-11,-1.3157276782066189e-11,8.370132550197023e-11,4.009109373459634e-7,-1.1488367454183852e-12,3.5402749704131815e-11,-1.0242138858636511e-5,-0.0027022993198097295,-3.153346005331067e-5,7.47439027455152e-9,-3.971369062852024e-12,-9.795870099547926e-9,-5.3983129640533576e-11,-2.3236411123644123e-6,5.42530860046662e-13,-0.0006966682715490214,-0.0005528712995824776,2.0389353762328723e-11,-9.886380193395375e-7,-6.884286801259008e-11,-1.98100349739613e-12,1.6444316298283953e-11,-0.0001303500272853978,-1.3202246847269622e-10,2.347713988422295e-5,-3.2851332168015595e-6,-2.9221625536861907e-12,7.897395241737538e-13,1.1481145323715192e-9,3.523639086142533e-12,1.1970731482504206e-6,-0.013415269240505968,-3.183289335206573e-14,-0.0007081331325381303,-0.004713038894647605,-1.1892826271843758e-12,0.0006606179774453569,4.572566069117962e-6,6.924692363422048e-10,6.472302252904327e-11,-0.0006553315316242452,0.00013607795892097663,-8.312543036544908e-8,-3.3157330847362262e-12,-0.0010177967001797116,-0.0018230068885796164,-5.7609649057777985e-12,0.003728059573158869,-1.065020858733231e-8,-3.754894444548494e-5,-8.499626700522695e-7,2.2012058581489106e-7,8.232032280518516e-9,-6.491761787871511e-11,3.171676248240077e-10,-3.4877323319382204e-5,-2.915490501091699e-5,9.117227352769633e-10,2.595776612722912e-10,-6.66250351279108e-11,0.0002569748426689742,0.00034574907676741893,1.1725827355249298e-13,3.3719669716359902e-12,1.3291261640161768e-8,-2.4961875874400083e-13,-1.6515898415916933e-10,4.85723787626185e-8,-6.318936849140899e-8,4.806078071565968e-9,3.76880222669512e-9,-0.001279400103550618,-1.3886056236861568e-8,1.439731092251494e-13,1.533410648676289e-6,-1.9802390765838667e-7,-4.166113785567387e-7,-3.6551977090184812e-6,0.00011738593158340848,4.1975855647704007e-13,1.7376920816146674e-13,1.1972928977272813e-5,-0.002493729136667935,0.00032772214710556966,8.514515602791142e-10,-4.484112795520095e-11,4.2894925099073425e-11,-0.0003659598905531023,4.4961022051610086e-6,7.653484479610537e-5,-2.4724648818584202e-5,-0.00021027547417342638,-7.588429599153209e-11,0.00021009961557259913,2.513475350447364e-9,9.010781213740686e-7,-3.468903287487238e-6,-0.00026465521175406484,8.683815801311282e-10,7.349740443574921e-11,3.468924746968058e-9,0.00014867386972193888,1.3836807680210535e-13,-0.00029500714924791667,-3.851190422417471e-11,0.00044010839367312495,-7.991801266354759e-11,-2.6705572202568483e-13,-0.0004922405820182954,-2.5060313305807248e-8,8.867924132988022e-5,0.00022212539948990678,3.2990382791635076e-6,-2.1225652479510008e-6,1.3999542371628964e-11,-0.004438197329275638,0.011126184454346924,1.7607456212537183e-8,1.9972553145159164e-5,0.004365098637578835,-8.982305741492778e-8,3.820008767356613e-5,1.4629344035227891e-9,2.588876038480676e-6,9.860628301528198e-12,8.05830042575709e-8,-0.0015346220212982243,6.2273589050079e-13,-0.0070858320333628,-1.1473565099120442e-5,-1.5420369799397795e-6,8.135154795749083e-13,-8.960025693493746e-12,-0.004620298135634081,0.006505882102845228,-1.5904299126570527e-9,-2.0807553673644414e-12,-4.962460097222725e-12,-1.0641499660647128e-9,2.6106686328429663e-9,-0.001081045715203076,1.039748381162489e-7,-0.0014778682969788625,-5.080416092486454e-13,-1.9331578786064112e-7,1.0985525981645006e-9,-5.384205895226153e-9,-0.0014767359495977293,-2.2788695102980375e-6,-5.379523685048016e-11,-5.769307296999754e-9,-1.529413295615546e-5,5.793422024702881e-7,1.473529875916669e-10,-0.010695803906659432,-0.0006474980935672539,-2.4961860066238967e-11,1.7729519399807405e-8,2.988431250996893e-8,-1.6041653716258976e-8,2.8163619871530315e-12,-6.833099743511685e-5,2.915384643130526e-8,0.00024772854656129455,-0.005678164759277791,-8.481929321869271e-6,0.002816093778156493,-8.774636331064474e-9,-8.940645134478224e-13,-1.6241615518143354e-13,9.218103015086868e-5,-3.3755110669119816e-6,0.000437231017663414,-0.0001548732770731939,3.712114231503168e-11,3.83444776578776e-8,-4.4704358613264796e-13,-5.541701671706666e-9,-7.940804218017052e-10,8.726196972670365e-12,-1.0549212412060093e-6,1.1607963620400625e-10,-5.8772143473945216e-6,5.6148697896720556e-5,0.0029198549645719435,1.2238389826221337e-14,0.013481573763576244,-6.09063936146037e-8,3.267435698343328e-5,0.0012921855281353507,-0.004988002506941764,2.4141183972977872e-8,1.0816499244721553e-7,-2.346676483620729e-13,-2.4588325982654896e-14,1.6441151549021777e-13,-0.00023884087359570943,-1.9969024429097946e-12,-5.636174788768096e-6,0.0003084724545039492,-0.00011302366052390308,-0.0004216251090587293,-3.156367784381916e-6,0.0038286135702834028,1.7919225016172527e-14,-2.102974242546079e-5,-0.00030844364895493,-2.3981315192826227e-7,0.00594636880218572,-0.0010056281232277819,0.0038261515631707807,-4.0789943925535596e-13,7.787241195219405e-5,-2.3846602575496193e-10,-9.498061648628447e-7,0.00023384171222888257,-6.031078923250257e-9,-2.014024978119094e-10,4.7891798386905315e-6,-8.658970341273584e-13,-9.631565068269941e-6,-0.0011868833578120327,-6.003176151929256e-10,1.954139164086378e-7,2.6443366067542902e-8,-0.00016451895380279214,5.868335865460871e-8,1.7081988095344923e-5,-4.1738623327093704e-12,2.2864802878495023e-8,-3.204985435056185e-5,-4.233737538757128e-11,-0.00015463861933571384,3.6090332352647676e-12,-0.0011331461287777407,0.0011267767923575556,0.00015132093894386746,-2.8455436266436342e-11,-2.2281032466483667e-11,-4.855951950264633e-8,2.1044009990880873e-8,-0.000975065483037714,3.959567438469814e-11,8.858857117476876e-13,4.581559199876112e-6,-0.00014778797599997068,-2.542482389886885e-13,2.336554981956878e-9,2.610498922892458e-7,1.99426375605972e-5,0.0001295208799365186,3.881916302579688e-12,-9.656294870834927e-13,-0.002305059093536385,-1.871637676047555e-5,1.310746394378838e-7,-1.5403211714013133e-10,8.9431542822722e-7,-0.0011767043170178395,-2.9559794759536833e-7,-6.240393857836974e-10,2.584603429201313e-9,0.0017797664176211858,1.0712683565918298e-5,-2.9196149087569706e-5,-0.00027664438262418325,1.3011449631596244e-5,-9.179033886497765e-5,5.7832853578782336e-12,2.3297062939768243e-12,0.001291997852936844,-1.639026841429568e-6,-3.178698220967945e-14
0.0,0.0,0.0,0.0,0.0,0.0,0.0,0.0,0.0,0.0,0.0,0.0,0.0,0.0,0.0,0.0,0.0,0.0,0.0,0.0,0.0,0.0,0.0,0.0,0.0,0.0,0.0,0.0,0.0,0.0,0.0,0.0,0.0,0.0,0.0,0.0,0.0,0.0,0.0,0.0,0.0,0.0,0.0,0.0,0.0,0.0,0.0,0.0,0.0,0.0,0.0,0.0,0.0,0.0,0.0,0.0,0.0,0.0,0.0,0.0,0.0,0.0,0.0,0.0,0.0,0.0,0.0,0.0,0.0,0.0,0.0,0.0,0.0,0.0,0.0,0.0,0.0,0.0,0.0,0.0,0.0,0.0,0.0,0.0,0.0,0.0,0.0,0.0,0.0,0.0,0.0,0.0,0.0,0.0,0.0,0.0,0.0,0.0,0.0,0.0,0.0,0.0,0.0,0.0,0.0,0.0,0.0,0.0,0.0,0.0,0.0,0.0,0.0,0.0,0.0,0.0,0.0,0.0,0.0,0.0,0.0,0.0,0.0,0.0,0.0,0.0,0.0,0.0,0.0,0.0,0.0,0.0,0.0,0.0,0.0,0.0,0.0,0.0,0.0,0.0,0.0,0.0,0.0,0.0,0.0,0.0,0.0,0.0,0.0,0.0,0.0,0.0,0.0,0.0,0.0,0.0,0.0,0.0,0.0,0.0,0.0,0.0,0.0,0.0,0.0,0.0,0.0,0.0,0.0,0.0,0.0,0.0,0.0,0.0,0.0,0.0,0.0,0.0,0.0,0.0,0.0,0.0,0.0,0.0,0.0,0.0,0.0,0.0,0.0,0.0,0.0,0.0,0.0,0.0,0.0,0.0,0.0,0.0,0.0,0.0,0.0,0.0,0.0,0.0,0.0,0.0,0.0,0.0,0.0,0.0,0.0,0.0,0.0,0.0,0.0,0.0,0.0,0.0,0.0,0.0,0.0,0.0,0.0,0.0,0.0,0.0,0.0,0.0,0.0,0.0,0.0,0.0,0.0,0.0,0.0,0.0,0.0,0.0,0.0,0.0,0.0,0.0,0.0,0.0,0.0,0.0,0.0,0.0,0.0,0.0,0.0,0.0,0.0,0.0,0.0,0.0,0.0,0.0,0.0,0.0,0.0,0.0,0.0,0.0,0.0,0.0,0.0,0.0,0.0,0.0,0.0,0.0,0.0,0.0,0.0,0.0,0.0,0.0,0.0,0.0,0.0,0.0,0.0,0.0,0.0,0.0,0.0,0.0,0.0,0.0,0.0,0.0,0.0,0.0,0.0,0.0,0.0,0.0,0.0,0.0,0.0,0.0,0.0,0.0,0.0,0.0,0.0,0.0,0.0,0.0,0.0,0.0,0.0,0.0,0.0,0.0,0.0,0.0,0.0,0.0,0.0,0.0,0.0,0.0,0.0,0.0,0.0,0.0,0.0,0.0,0.0,0.0,0.0,0.0,0.0,0.0,0.0,0.0,0.0,0.0,0.0,0.0,0.0,0.0,0.0,0.0,0.0,0.0,0.0,0.0,0.0,0.0,0.0,0.0,0.0,0.0,0.0,0.0,0.0,0.0,0.0,0.0,0.0,0.0,0.0,0.0,0.0,0.0,0.0,0.0,0.0,0.0,0.0,0.0,0.0,0.0,0.0,0.0,0.0,0.0,0.0,0.0,0.0,0.0,0.0,0.0,0.0,0.0,0.0,0.0,0.0,0.0,0.0,0.0,0.0,0.0,0.0,0.0,0.0,0.0,0.0,0.0,0.0,0.0,0.0,0.0,0.0,0.0,0.0,0.0,0.0,0.0,0.0,0.0,0.0,0.0,0.0,0.0,0.0,0.0,0.0,0.0,0.0,0.0,0.0,0.0,0.0,0.0,0.0,0.0,0.0,0.0,0.0,0.0,0.0,0.0,0.0,0.0,0.0,0.0,0.0,0.0,0.0,0.0,0.0,0.0,0.0,0.0,0.0,0.0,0.0,0.0,0.0,0.0,0.0,0.0,0.0,0.0,0.0,0.0,0.0,0.0,0.0,0.0,0.0,0.0,0.0,0.0,0.0,0.0,0.0,0.0,0.0,0.0,0.0,0.0,0.0,0.0,0.0,0.0,0.024575628938575952,-4.8953334239984995e-11,0.00015036699761864826,-3.733947355097722e-15,1.3593424143361759e-9,5.2932025692167166e-9,-3.56121755823557e-5,-2.7463506982453976e-12,-1.963019614713504e-12,-8.844394459202239e-5,0.00012817204576430965,2.39362921861424e-10,-3.983630349783252e-9,-4.533854515045642e-8,5.106822347165614e-7,-4.1520863481602355e-12,1.7707987789453937e-13,-0.0018359911893984706,-1.254515670866503e-5,1.0679084996115e-13,-2.7881332537487877e-7,0.00010281522285954764,3.912422636747418e-7,1.9086070852902395e-10,2.942337475981948e-7,-2.4291579303718734e-13,6.756306763109245e-11,-3.5116998255144793e-11,-4.982132789041548e-10,0.0009664379291214972,-9.178958719210483e-10,-5.7188503228054575e-8,3.6026915731307654e-13,9.23802844534769e-15,-4.044643295546744e-8,-0.003014302434590119,-6.401274346992095e-15,-5.170401540739742e-13,1.007782160887718e-13,2.195457528059092e-12,5.536848636113079e-10,0.0008281657617535444,-1.0115724408351168e-5,9.272873121889626e-11,-4.087725315217955e-7,-1.059106809758008e-11,-4.717113757180056e-13,1.8963476246100396e-13,-2.3543696209037512e-11,1.5371171967208997e-7,-4.867571378204378e-16,-7.559642145458927e-13,1.1636107657964654e-6,-0.003527825306711996,-3.384603551206751e-7,-8.17460983732324e-9,1.4570613227052035e-12,-1.5348867419112874e-11,-9.130401690628613e-13,2.8587876954624102e-8,-5.351451684273203e-14,1.217036029680731e-5,3.0817859875455536e-6,-3.1622108390632813e-13,2.0116100504873858e-8,-1.4678216307499694e-12,-2.9515507249570395e-14,-7.488398079484233e-13,-0.000628114344278656,-9.760600593782098e-12,-5.13207168266897e-7,5.809135483608325e-8,-1.4007175469295175e-13,-9.703302763727282e-14,6.49489134617922e-12,-9.294712904994843e-14,-1.205536235979855e-9,2.1253407732057703e-5,-3.706417793968179e-15,-6.909550620730661e-5,3.684878283764883e-5,3.140749005024099e-16,0.006347288905338917,-1.2067964087261343e-7,-3.274461016124389e-11,-4.321930222015236e-11,-0.0023693577741285337,-1.992070963476725e-6,1.24092910302164e-10,2.937009621688759e-14,-0.0009652958672574901,-0.0003541266809271639,2.103636728989833e-13,-0.00011340883749489811,1.426659933213484e-10,2.892030066423192e-6,-7.97830875261353e-9,-1.5481278663410042e-8,-1.4051498892235948e-10,7.95498458649467e-13,3.35886977095069e-11,-6.713029921855039e-6,8.277052610573161e-7,-1.9473017308051796e-12,-6.177649368131947e-12,-6.919269062029031e-13,0.0016781985981645729,4.1373430968074526e-5,-2.6908848551142343e-16,-1.249230695346168e-14,1.6857769980977027e-10,-6.061197686412334e-16,5.0860040562069e-12,5.821670144907819e-10,-3.842813917551422e-9,-7.129526697898743e-11,3.385715769320155e-10,1.2372352595644438e-6,-3.051071396402489e-8,-5.0450507079039746e-15,0.0029068860134027147,2.5229643787818577e-9,-1.064582237627012e-8,1.2436710236766382e-6,-3.5718266871120025e-6,4.032853023383153e-15,-9.444845702196926e-15,-0.003163950450384502,-0.0011959940662414886,0.002511140825501475,3.060090115438071e-9,1.7789206758629574e-12,-8.422449258171718e-13,3.5183525656349218e-6,-4.944289556922527e-7,0.009607772496468029,-6.461335117639055e-7,2.622104407118079e-5,5.212276834699417e-13,0.003838568957774961,-9.058766706566975e-11,-1.3043264368766479e-8,9.573892552770914e-8,4.615587841132188e-5,5.278608408647268e-11,2.310095862413319e-13,-1.3294495151345477e-10,-0.0016485659217059685,1.8970711006406798e-15,-1.0678591368315625e-5,5.265260700779197e-13,2.06590529145799e-5,3.3317681945846695e-13,4.625040430655557e-15,4.359046452415762e-5,9.105649546861792e-10,-2.155881425016585e-6,-3.4507801448680483e-6,-5.630446265404871e-8,-1.1648984049496837e-7,-2.418880028342308e-13,-0.0004265713286107592,0.00027569213325272094,6.612568914311235e-11,-2.698097936186554e-7,-4.027438722594093e-5,1.101010600470259e-8,-1.8894417242743403e-5,3.841536005314386e-11,2.331691745260846e-7,-1.1179755294898992e-13,-5.007344455239014e-9,0.0015666225362086946,-3.0263900747807113e-14,0.00017132627332774243,0.0026147972952496783,-5.21703639604559e-8,-2.7692041214640645e-14,-1.065376300776595e-13,-0.00018019709452816193,4.015590395269623e-5,-4.330129490374515e-12,-2.1461979602869284e-14,2.2698539975336514e-13,2.8728782207739035e-12,-8.819895684314594e-10,2.6295492126324922e-5,-1.293330270785264e-8,0.00015048222086209965,2.6616450375241745e-14,3.6770955563856937e-8,-4.0163924819083054e-11,-1.1495376501187623e-10,-0.00014576027380778584,2.0045680540581302e-7,2.042427126509254e-12,9.072548895436917e-11,7.120211635306617e-7,1.2953733966676386e-7,-2.8559122811256996e-12,-0.00022356385540428628,2.262066636560563e-5,-3.744680557900371e-11,2.6090891465934823e-9,-8.669023294801635e-10,-3.0911752842699336e-10,2.0542671309516577e-14,1.2563900961484294e-6,9.826860587548515e-10,0.0019197027742183217,-0.00033220797372826403,6.545434478052094e-7,-5.5685937795852157e-5,2.0500274346920595e-10,1.5726054389466627e-13,-5.37719834222359e-15,7.034332607128425e-7,-7.799301050959439e-7,-1.8555449930948297e-5,0.0002762803163002399,-4.003649209474961e-13,3.739797856560901e-8,-1.6512515741339744e-15,1.7016394751893023e-11,3.464975701068881e-12,-2.509571725633956e-13,-1.81541731020005e-5,-2.0448600490021463e-11,-3.2183899731844346e-6,-3.015858169488999e-6,-2.41137032516757e-6,7.623269181820648e-15,-0.0004422692865910852,1.198244394784568e-8,-4.528949661705574e-6,0.0006450025987321719,-0.002824530819721913,-4.139418471359099e-10,2.7226092496734255e-9,4.7444722900831435e-15,1.1758865963896213e-17,-5.077329171590938e-15,-4.646578970343362e-6,-2.5048946850874926e-14,1.9962755005426617e-7,-2.682567978242389e-6,7.138123665431186e-6,-0.0005668030328887581,6.039093012072104e-8,-7.080305831873224e-5,-5.112581939679033e-16,8.950026223357638e-7,-9.621138794523775e-6,2.0306394017612372e-8,-0.00014150010170522906,-0.00010330765653453322,0.0010250223389414574,8.343253693768016e-15,-3.0435403706260085e-6,7.801683887756847e-12,2.0091473343866266e-9,0.004085140706335245,3.507855360914238e-10,2.7235860346270134e-12,-5.845232176120491e-7,1.6140920477029787e-14,-1.8799705647659193e-7,-6.510075631497766e-6,1.6724899669111725e-11,3.0728202544110517e-9,-2.108884338312748e-10,2.178911767644731e-5,-7.278865996782773e-10,0.01136201066727506,1.0707084602366833e-13,2.2765838230502014e-10,1.4145578294922598e-6,6.248949699985461e-12,0.0002755309096244729,-6.684460547491009e-14,-4.705391181194947e-6,-0.00017367108420729193,-0.000842596593471357,1.3922719334913436e-13,5.2570346704826646e-11,-1.1730683440562667e-9,2.0605859076482014e-9,-0.0030921252557287145,-3.0431745735808526e-12,2.469095460828216e-13,-5.656406513018951e-8,7.77188466888969e-6,1.6256915777387785e-13,-1.3692462920516511e-9,-1.141357004119141e-8,-1.4601093602159126e-6,-6.168770568891127e-6,-6.044169517105898e-14,-6.746121223349545e-15,0.00010759239084644086,8.682163257223976e-7,8.73549924572862e-9,8.90994851368595e-12,1.3136052492235497e-10,-4.1841383850050284e-5,-7.405531373976437e-10,3.0408664155345055e-11,-1.5310568638900235e-11,-0.0009178224819132127,-1.685262239997268e-5,-6.723986082360445e-7,6.14340388402888e-6,5.97996842636686e-8,-6.001069869038555e-7,1.9076449045736827e-13,-5.083272634164035e-15,-0.002121412923099645,-1.1603635812313989e-7,-9.793536486313026e-16
0.0,0.0,0.0,0.0,0.0,0.0,0.0,0.0,0.0,0.0,0.0,0.0,0.0,0.0,0.0,0.0,0.0,0.0,0.0,0.0,0.0,0.0,0.0,0.0,0.0,0.0,0.0,0.0,0.0,0.0,0.0,0.0,0.0,0.0,0.0,0.0,0.0,0.0,0.0,0.0,0.0,0.0,0.0,0.0,0.0,0.0,0.0,0.0,0.0,0.0,0.0,0.0,0.0,0.0,0.0,0.0,0.0,0.0,0.0,0.0,0.0,0.0,0.0,0.0,0.0,0.0,0.0,0.0,0.0,0.0,0.0,0.0,0.0,0.0,0.0,0.0,0.0,0.0,0.0,0.0,0.0,0.0,0.0,0.0,0.0,0.0,0.0,0.0,0.0,0.0,0.0,0.0,0.0,0.0,0.0,0.0,0.0,0.0,0.0,0.0,0.0,0.0,0.0,0.0,0.0,0.0,0.0,0.0,0.0,0.0,0.0,0.0,0.0,0.0,0.0,0.0,0.0,0.0,0.0,0.0,0.0,0.0,0.0,0.0,0.0,0.0,0.0,0.0,0.0,0.0,0.0,0.0,0.0,0.0,0.0,0.0,0.0,0.0,0.0,0.0,0.0,0.0,0.0,0.0,0.0,0.0,0.0,0.0,0.0,0.0,0.0,0.0,0.0,0.0,0.0,0.0,0.0,0.0,0.0,0.0,0.0,0.0,0.0,0.0,0.0,0.0,0.0,0.0,0.0,0.0,0.0,0.0,0.0,0.0,0.0,0.0,0.0,0.0,0.0,0.0,0.0,0.0,0.0,0.0,0.0,0.0,0.0,0.0,0.0,0.0,0.0,0.0,0.0,0.0,0.0,0.0,0.0,0.0,0.0,0.0,0.0,0.0,0.0,0.0,0.0,0.0,0.0,0.0,0.0,0.0,0.0,0.0,0.0,0.0,0.0,0.0,0.0,0.0,0.0,0.0,0.0,0.0,0.0,0.0,0.0,0.0,0.0,0.0,0.0,0.0,0.0,0.0,0.0,0.0,0.0,0.0,0.0,0.0,0.0,0.0,0.0,0.0,0.0,0.0,0.0,0.0,0.0,0.0,0.0,0.0,0.0,0.0,0.0,0.0,0.0,0.0,0.0,0.0,0.0,0.0,0.0,0.0,0.0,0.0,0.0,0.0,0.0,0.0,0.0,0.0,0.0,0.0,0.0,0.0,0.0,0.0,0.0,0.0,0.0,0.0,0.0,0.0,0.0,0.0,0.0,0.0,0.0,0.0,0.0,0.0,0.0,0.0,0.0,0.0,0.0,0.0,0.0,0.0,0.0,0.0,0.0,0.0,0.0,0.0,0.0,0.0,0.0,0.0,0.0,0.0,0.0,0.0,0.0,0.0,0.0,0.0,0.0,0.0,0.0,0.0,0.0,0.0,0.0,0.0,0.0,0.0,0.0,0.0,0.0,0.0,0.0,0.0,0.0,0.0,0.0,0.0,0.0,0.0,0.0,0.0,0.0,0.0,0.0,0.0,0.0,0.0,0.0,0.0,0.0,0.0,0.0,0.0,0.0,0.0,0.0,0.0,0.0,0.0,0.0,0.0,0.0,0.0,0.0,0.0,0.0,0.0,0.0,0.0,0.0,0.0,0.0,0.0,0.0,0.0,0.0,0.0,0.0,0.0,0.0,0.0,0.0,0.0,0.0,0.0,0.0,0.0,0.0,0.0,0.0,0.0,0.0,0.0,0.0,0.0,0.0,0.0,0.0,0.0,0.0,0.0,0.0,0.0,0.0,0.0,0.0,0.0,0.0,0.0,0.0,0.0,0.0,0.0,0.0,0.0,0.0,0.0,0.0,0.0,0.0,0.0,0.0,0.0,0.0,0.0,0.0,0.0,0.0,0.0,0.0,0.0,0.0,0.0,0.0,0.0,0.0,0.0,0.0,0.0,0.0,0.0,0.0,0.0,0.0,0.0,0.0,0.0,0.0,0.0,0.0,0.0,0.0,0.0,0.0,0.0,0.0,0.0,0.0,0.0,0.0,0.0,0.0,0.0,0.0,0.0,0.0,0.0,0.0,0.0,0.0,0.0,0.0,0.0,0.0,0.0,0.0,0.0,0.0,0.0,0.0,0.0,0.0,0.045844016481079164,1.516090720375098e-8,1.3079238017504827e-8,-0.0071150831825241715,-0.0007121120080434101,-3.354080296482308e-8,0.0001800362310790084,-0.0007834585641471221,2.6089830386625435e-7,2.2985157044514775e-7,0.01118772796895962,0.006643476716005271,-0.0006986549726221031,-4.529477127517343e-5,3.1175392760635015e-5,-3.051219759954674e-6,2.2841829742324636e-9,-3.944133981891356e-7,-3.4087994438686883e-6,-0.00010384739381314331,-1.2569683322188356e-7,5.2785074329267e-6,-0.02272601639016887,0.00016839863255525565,5.3163758767876843e-5,-0.0009347563974229649,-0.0002841470465296568,0.004825509666651512,-1.532649661033095e-11,-0.009562541419442593,-5.48674325409429e-5,-1.1992841242705795e-6,-6.439751446989522e-8,1.27877832192642e-5,-7.866361675502292e-9,7.216340000371281e-8,-3.0244411946725403e-5,-1.4170555707527788e-5,0.00012515675612867553,-0.0014241098518042946,4.2159168428075664e-9,-4.983959592848009e-7,-0.003605974713785325,-0.0001129003501363983,-0.00022683044082477362,-4.9338394182515744e-6,9.323188580656521e-6,0.0002184436868378108,-0.00017421971171115378,-3.123416024542664e-7,1.0243749993725898e-5,4.011327446906553e-6,2.9048455823410945e-9,9.643299608034439e-5,-0.0007525566497716984,-2.0536278895114717e-5,-0.006561044594740711,1.468656133501666e-6,0.0016025318570282738,1.3915035595972324e-6,-2.895722359016214e-6,-2.469237511502782e-6,3.0847215410675996e-5,0.00019468109678148546,-8.266292660027036e-5,6.184736863052969e-7,-2.963842011143073e-5,2.4699897164679235e-10,0.00035741401399668523,-9.347566479718266e-5,-5.496349522093129e-6,-3.672144785410137e-6,9.73427897374006e-7,0.002675372518983347,6.763006550660022e-6,0.000786627678731232,1.41678178854549e-8,3.863914586853854e-8,-1.428258658992034e-7,-1.8453668672344768e-8,-6.273009671307288e-7,-1.8883940799762802e-10,-0.00031684203958672085,0.0011871184028385026,-0.005752410637621095,3.201323281714586e-10,-2.3189630602562347e-6,-0.007267188108442583,-1.930930057087911e-6,1.1266736222455065e-9,1.498123342935812e-8,-1.2031715552187188e-6,-3.746189167618407e-8,-0.003632103818163461,2.5575745840913486e-5,-0.0002500490601706852,0.0010219804647458124,0.004698953828335095,8.60622670150553e-5,0.002812074173971522,5.753227116676112e-8,-7.888522704194839e-7,0.0004055360084355203,-0.00019021986513565264,-2.91574747983899e-5,-5.884808080431797e-10,-1.6269472657526126e-7,7.241942151874405e-8,-1.0762098470828885e-6,1.656756258285572e-5,1.361110763915108e-7,-0.00023113956151005438,-0.011179020008359294,-0.0006845767796699059,0.0009410779260765117,0.007073631351311784,-1.4238070845969112e-7,-0.0010435522565474674,2.6974295775646507e-7,1.7340931877028157e-12,-0.0029761917679399477,0.00010933307878702029,2.208663240555442e-6,-1.807480116988706e-5,-1.509921790731992e-7,2.297040208655017e-7,-1.789362535362098e-11,-1.7861112325715163e-10,-2.4514035676119504e-10,0.009874215777316783,-3.758032284771802e-5,-7.364494039806652e-5,3.0460021578751835e-6,8.689783670265162e-6,-4.0065541453895293e-10,-6.7248026439509765e-6,-1.3225619418136514e-7,6.977642804858005e-5,1.0855424997190703e-10,-0.0016845200894008187,-0.00034424842186410746,-0.00021955057310269198,2.2764526957601692e-7,-0.00598358466531555,0.00019261796634023712,8.886130818772911e-5,8.880318385540147e-10,3.0758413741895505e-8,4.4981891387814263e-7,-1.936192451539494e-5,1.6949757434313015e-7,-1.6633920426930882e-5,-7.455330522068812e-9,-3.092612892839296e-7,-0.0018235886043826929,-2.4110600103861395e-6,3.931829657228967e-7,-6.637399188935968e-5,-1.130484138942744e-5,1.2202967340167789e-6,4.580116472391568e-9,3.002219305689086e-8,0.017518791057947583,1.545479135091995e-5,-1.4168813649420715e-7,0.0008370177886112205,-1.4544850585351533e-6,-0.0015465632857466507,-4.8749501009049904e-5,5.302594162458749e-6,-0.003963779585335583,3.0914939342397986e-9,1.1673832560152808e-6,-3.910552063000907e-8,-2.909566433492086e-10,3.634690669679373e-5,1.2462480675364141e-6,-4.159977132776374e-6,2.075093019658971e-8,-1.2040933014027126e-7,-0.002344232601448214,-6.155930637287723e-7,-4.24597621543177e-6,-0.0003574478468807264,-0.010337676747657003,1.87555826872256e-8,-0.0024350721163494825,-3.2371714331636046e-8,-2.905137672684286e-7,2.882373448175487e-6,-0.0002652274282340496,-0.026434136323291627,-8.943034895287147e-9,-8.886427705341186e-5,8.528637133743566e-5,-0.004127467678666756,2.1659987392930267e-6,2.626410244224324e-6,0.00013814734072509026,5.180456351226156e-9,-2.0761792105741155e-7,-0.0002230125304997715,-0.022021932397053048,0.006034380212369329,0.016672625225460976,1.5748385266412814e-6,1.8897589072333417e-6,0.008469677703344227,1.1178377831367774e-10,5.0746122205040864e-8,1.4289446976688573e-5,-5.381551209379774e-9,-0.0027134667383948105,-3.853475399569589e-6,4.720254313991473e-8,7.041769509117167e-7,7.431403802252727e-5,1.4966470353360947e-7,-2.5001504589463593e-10,4.3347038548606295e-6,-0.00021007693433028029,-4.0814794133763957e-7,-0.0010138878511048053,-0.0011003783804187381,-1.0658537639852608e-5,-1.152737506021416e-7,-0.00015883167069515093,2.72597804615516e-7,3.2019747946438482e-6,5.4863318864712525e-8,-1.1495405364110026e-7,-1.719805263664426e-8,0.0011308757302386173,3.8112888139049283e-6,5.42900153423757e-10,9.674293616696974e-9,-0.003157284650667775,0.0016234621093386198,-1.0755685692493884e-7,-1.5614112623100156e-8,1.5669927926176952e-7,2.6408856306272852e-6,1.4443414084223359e-6,-3.0339973536659225e-5,2.604350658324543e-7,-1.0332339411568581e-6,1.4118068776500428e-9,0.0001299908103393329,2.1561862619811216e-9,-2.1270904059577817e-8,-7.140640204430053e-6,9.639006404467384e-8,-0.0004619531216287809,9.063290021157938e-9,1.761418212824273e-9,-3.0297298910175266e-9,-3.198083572134966e-7,2.717620545559229e-6,-0.000981440021435327,-0.0007819936432816717,9.498023631655564e-10,0.002212767974143799,-7.399644943255579e-5,4.401173741877716e-5,-5.845136421242243e-7,-1.3740076230332121e-5,1.804895502603763e-7,-0.0002821485579263711,0.00357810212954837,0.014006838748797424,-2.9415825635275556e-7,-0.0025859173148427934,-2.442576604334857e-10,3.2284549487558445e-6,0.003014964836131211,-8.257686014061005e-6,-0.00033964837843886733,8.350426901227697e-9,-1.0310421208605207e-5,1.6835846733681906e-8,3.993776039754986e-8,-5.835127753315544e-10,1.5676200126928667e-5,-0.0019171338147967022,0.00385945910678819,0.0031365162067677984,-8.588681876946998e-10,0.00020930187960938021,8.080105488091251e-6,-0.000242300841542919,-1.3165378964973766e-7,-9.041535746404458e-6,-0.00035517995159364303,-0.002795271241968405,5.527860070891778e-6,-2.04200781387194e-6,-4.813779349434268e-6,2.16656989838612e-7,-2.951372796212843e-8,-1.2809947667730354e-5,0.000973509888222342,-0.00020404520295976586,0.0013877550922190463,-1.206451031785651e-7,-0.006524615264503762,-0.0004613200584427817,0.0005404424449082227,-3.5460558484477265e-9,-4.492652812108739e-8,1.0047200354202842e-6,-1.3063711090962234e-6,1.3230776722030092e-6,1.408575821217836e-6,-1.4668961999349335e-6,-2.6754727890487096e-7,-9.997330367645202e-10,-3.606865192982284e-6,1.235874690969637e-7
0.0,0.0,0.0,0.0,0.0,0.0,0.0,0.0,0.0,0.0,0.0,0.0,0.0,0.0,0.0,0.0,0.0,0.0,0.0,0.0,0.0,0.0,0.0,0.0,0.0,0.0,0.0,0.0,0.0,0.0,0.0,0.0,0.0,0.0,0.0,0.0,0.0,0.0,0.0,0.0,0.0,0.0,0.0,0.0,0.0,0.0,0.0,0.0,0.0,0.0,0.0,0.0,0.0,0.0,0.0,0.0,0.0,0.0,0.0,0.0,0.0,0.0,0.0,0.0,0.0,0.0,0.0,0.0,0.0,0.0,0.0,0.0,0.0,0.0,0.0,0.0,0.0,0.0,0.0,0.0,0.0,0.0,0.0,0.0,0.0,0.0,0.0,0.0,0.0,0.0,0.0,0.0,0.0,0.0,0.0,0.0,0.0,0.0,0.0,0.0,0.0,0.0,0.0,0.0,0.0,0.0,0.0,0.0,0.0,0.0,0.0,0.0,0.0,0.0,0.0,0.0,0.0,0.0,0.0,0.0,0.0,0.0,0.0,0.0,0.0,0.0,0.0,0.0,0.0,0.0,0.0,0.0,0.0,0.0,0.0,0.0,0.0,0.0,0.0,0.0,0.0,0.0,0.0,0.0,0.0,0.0,0.0,0.0,0.0,0.0,0.0,0.0,0.0,0.0,0.0,0.0,0.0,0.0,0.0,0.0,0.0,0.0,0.0,0.0,0.0,0.0,0.0,0.0,0.0,0.0,0.0,0.0,0.0,0.0,0.0,0.0,0.0,0.0,0.0,0.0,0.0,0.0,0.0,0.0,0.0,0.0,0.0,0.0,0.0,0.0,0.0,0.0,0.0,0.0,0.0,0.0,0.0,0.0,0.0,0.0,0.0,0.0,0.0,0.0,0.0,0.0,0.0,0.0,0.0,0.0,0.0,0.0,0.0,0.0,0.0,0.0,0.0,0.0,0.0,0.0,0.0,0.0,0.0,0.0,0.0,0.0,0.0,0.0,0.0,0.0,0.0,0.0,0.0,0.0,0.0,0.0,0.0,0.0,0.0,0.0,0.0,0.0,0.0,0.0,0.0,0.0,0.0,0.0,0.0,0.0,0.0,0.0,0.0,0.0,0.0,0.0,0.0,0.0,0.0,0.0,0.0,0.0,0.0,0.0,0.0,0.0,0.0,0.0,0.0,0.0,0.0,0.0,0.0,0.0,0.0,0.0,0.0,0.0,0.0,0.0,0.0,0.0,0.0,0.0,0.0,0.0,0.0,0.0,0.0,0.0,0.0,0.0,0.0,0.0,0.0,0.0,0.0,0.0,0.0,0.0,0.0,0.0,0.0,0.0,0.0,0.0,0.0,0.0,0.0,0.0,0.0,0.0,0.0,0.0,0.0,0.0,0.0,0.0,0.0,0.0,0.0,0.0,0.0,0.0,0.0,0.0,0.0,0.0,0.0,0.0,0.0,0.0,0.0,0.0,0.0,0.0,0.0,0.0,0.0,0.0,0.0,0.0,0.0,0.0,0.0,0.0,0.0,0.0,0.0,0.0,0.0,0.0,0.0,0.0,0.0,0.0,0.0,0.0,0.0,0.0,0.0,0.0,0.0,0.0,0.0,0.0,0.0,0.0,0.0,0.0,0.0,0.0,0.0,0.0,0.0,0.0,0.0,0.0,0.0,0.0,0.0,0.0,0.0,0.0,0.0,0.0,0.0,0.0,0.0,0.0,0.0,0.0,0.0,0.0,0.0,0.0,0.0,0.0,0.0,0.0,0.0,0.0,0.0,0.0,0.0,0.0,0.0,0.0,0.0,0.0,0.0,0.0,0.0,0.0,0.0,0.0,0.0,0.0,0.0,0.0,0.0,0.0,0.0,0.0,0.0,0.0,0.0,0.0,0.0,0.0,0.0,0.0,0.0,0.0,0.0,0.0,0.0,0.0,0.0,0.0,0.0,0.0,0.0,0.0,0.0,0.0,0.0,0.0,0.0,0.0,0.0,0.0,0.0,0.0,0.0,0.0,0.0,0.0,0.0,0.0,0.0,0.0,0.0,0.0,0.0,0.0,0.0,0.0,0.0,0.0,0.0,0.0,0.0,0.0,0.0,0.0,0.0,0.0,0.0,0.0,0.0,0.0,0.041568989609748176,6.084814602055141e-13,1.3277315963358585e-7,-8.264905249229931e-7,-0.0028892999067958135,1.99931095250489e-10,2.0896430369941834e-11,-0.006845176608534526,0.01108715463396433,2.1798658433690117e-7,-1.018907476878372e-7,-1.6550580621976667e-6,-3.875388089502628e-5,-2.248110423528474e-10,-3.3068352427090495e-11,-0.00010311339612794941,-0.0024875215704980697,1.4154736034676434e-11,-1.4766972827648904e-5,0.008604119168457451,-1.5014565231341735e-5,-1.0414739570119916e-7,3.480316273223686e-5,2.314085369280226e-10,-1.3912781245865458e-8,4.304588990257501e-9,2.5971121810312617e-8,0.000320154808371328,1.8017384556410597e-7,-4.740941303860986e-6,-4.7200296751183296e-11,-1.0826379482553064e-12,-1.0092233529865865e-5,0.000470083210433062,-3.1196161352615424e-13,1.3650396967379328e-10,6.641879769434198e-12,5.159430331362825e-10,1.5085539937486602e-8,-0.005746307548878542,0.0009251808877524352,-6.7539013347392204e-9,-3.2114779202283206e-5,8.112228422623173e-10,2.595029426023051e-11,-3.770871427833522e-11,1.5499642176198102e-9,1.0168516396391426e-5,-2.5071055195767766e-12,6.856010737697288e-11,7.100856763063581e-5,4.027359359000362e-5,-5.86672025283908e-5,-1.5477652982978973e-7,-6.124132078924373e-11,3.415576669892237e-9,-6.571794132773187e-11,-3.937652280702104e-6,-1.2965805611371469e-12,-0.0005671142513513849,-0.0002506168616475354,1.2212300978476154e-11,4.573765829948606e-6,-9.639790013342744e-11,-4.230495530511846e-12,2.0065068435456345e-10,0.00020283080259370252,-1.0408536680405036e-9,-1.504013658829952e-5,2.958847715598329e-6,4.2271769953392315e-12,-8.643680400444012e-12,3.20727483921655e-9,-5.052476831006426e-12,4.0140601340361715e-6,-6.925533875475351e-5,-2.104532469019372e-13,-0.01348987979938697,-0.012078653665397102,-9.482181801448357e-13,-0.00012461871348482822,-4.292972607196902e-6,-3.964197337974594e-10,7.52250512423896e-9,-5.203741052765989e-5,-9.120117372333068e-5,-2.1233112429998159e-7,-1.215383344921717e-12,0.0002805211468136738,-0.013365870202322137,-1.0263994798364843e-11,-0.004967181610777989,-1.8228427962200056e-9,0.00020897594511388648,-1.8149944883412453e-6,-3.054548245328593e-6,8.066392116005384e-9,-1.8778426581517145e-10,-1.8400231189805455e-9,-0.0014024206196622683,0.00012360533146315924,1.2940493489818977e-9,8.60765049326909e-10,-1.0713073255144416e-10,-0.0003021781595643964,0.0008149710600239631,3.5352031469874186e-13,5.944371977503457e-12,2.489336301604413e-8,-9.307202454475516e-13,8.150062043371756e-11,-7.224247668862788e-9,2.2558938408709715e-7,2.0448435592428646e-8,1.8541571510197123e-9,-0.0013122304522909531,-2.0113889222808077e-6,1.832422498108718e-13,1.104612376666295e-5,-3.545704333188545e-8,-6.619711459017213e-7,-0.00011772085373144412,-0.0003775711492048695,2.6898211653890295e-12,4.174865310106593e-14,-2.670802722419556e-5,-3.9559903244636466e-5,-6.306617042887928e-5,-9.482459393278815e-8,7.318031209357152e-11,2.1704832836154706e-10,-0.0003378991556849679,-4.510662714663093e-5,-5.390165558401553e-6,-6.998627175950118e-5,0.0013359086990760083,4.149276563687219e-10,-1.2322867671349386e-5,-2.2360425985224706e-9,-5.403278831937726e-7,5.273725218691265e-6,0.0050090064899384725,1.0582777640223927e-8,5.069128448204789e-10,8.202789947563904e-9,-0.002148078327976083,4.065143429282471e-13,-0.0011964511634727716,-2.1714047151504664e-11,0.0026029719278445143,-1.271717408082461e-10,-6.252693438236818e-13,0.00011563035740962935,1.9334677272956587e-7,0.00011663521580641806,-0.00017008791592591674,1.0387862052607126e-5,9.151458420166014e-7,5.841641771020879e-11,0.0005403568677709589,0.018705680865394186,9.618191321905361e-9,-4.674603177166568e-5,-0.0017473367419844985,6.180558647063855e-7,-0.0025238619399121005,4.863191488601915e-9,4.155428586857638e-6,2.4188884595835735e-11,-4.443921982141665e-8,-0.0003081441000768121,1.539109368301171e-13,-0.005414128845299385,-0.00013139256307982642,-6.217791135954353e-6,7.085349279322127e-13,1.1746411507056264e-11,-0.012188179750207436,0.0030349944178149663,-5.599664134341715e-9,-9.751816668630774e-12,-4.12936350134124e-12,-9.265504818177704e-10,1.545318500745747e-7,0.001969089388545471,4.5648690450572147e-7,-0.0041064139738817874,-4.01171349953868e-13,1.2577113123651955e-6,4.029760423829269e-9,2.7510644317791803e-8,0.0012889949480618121,1.5619012926670482e-6,-1.499398147697844e-10,8.19929260397467e-8,-2.5730614035198538e-5,-7.611217198297234e-6,1.4287739354148325e-10,0.0020327021792537333,0.0014063272909969895,-2.391414586490139e-10,5.983234035571004e-8,2.808752357047533e-7,-6.499374840912817e-8,9.889932742337145e-12,-9.801621121960548e-5,-4.599790535921037e-8,4.9907193586167545e-5,0.004854647733200588,3.675074635133294e-5,0.00028336446397413855,-4.553364339898736e-9,9.122648665705811e-12,-7.896941223140169e-13,-0.0003103651183607997,-3.2551866044064084e-6,-0.0010715336493448493,0.00020499966694126833,3.392237707971607e-11,8.488754249054094e-7,-7.968325404675718e-13,-3.763305812601798e-9,-4.180031370054986e-10,6.506451279990025e-11,-0.001687176655731341,9.577883949922621e-11,-0.00033030414160452727,8.520169196752339e-5,0.010296377624756268,4.005085994512457e-13,0.002172320702687516,-5.044815153150979e-7,-0.00015996545327962572,-0.0005579260546228566,-0.0008441005747154133,-8.530353386493334e-8,1.4071284106179887e-7,-5.35541476724761e-13,5.306802322570319e-14,-5.716760266918128e-14,-7.249026729440425e-5,-7.452575222665276e-12,2.507704836906034e-5,0.00019525056903052198,0.0006393890997683556,-0.0013437557748944742,-7.79776127525478e-6,-0.005388351231410925,2.1680485175756086e-14,3.3874674467215776e-5,-0.0012930923104385562,5.536721054218137e-6,0.002869017942292326,0.00021562564842468753,0.005222309412823489,-3.55219714098705e-13,0.0004979858941023112,1.8987149250659766e-9,9.518831673470112e-8,5.099029640726005e-5,-2.5611233607740007e-8,6.655641079861885e-11,-1.549380383943916e-5,1.1691149039869543e-12,-1.705081379836487e-5,0.001441058102423173,-1.73872019046464e-10,3.8637094018272873e-7,1.8732537930340207e-8,-0.0007912699096035607,1.0647084289169378e-7,-8.170898062232958e-5,-1.3866850113455557e-11,-4.045184146328795e-8,-1.5019915707879567e-5,-1.4136766892215103e-9,-0.0009115077086329994,-1.3867613006276663e-10,0.00513903397494279,-0.0180166678143685,5.833821936618332e-5,-4.826459040992222e-11,1.5030397273016877e-9,7.191380967520086e-10,6.482331513107433e-8,-0.0003324669754563686,2.775454043624766e-10,2.598463954538149e-12,5.705345020618569e-6,0.0020301771979885147,-9.396865925375497e-12,-1.0539849306269987e-7,-2.0529632118958764e-8,4.074874952199506e-5,-0.00035163702614014975,1.976774720449205e-11,-2.1499140249462316e-12,0.007771180288193544,7.057136881242933e-5,4.5587253659608975e-7,-2.984263539037173e-10,1.704866715385792e-6,-0.004846672910117094,-2.423853482479081e-7,1.2344526937140606e-9,6.76465332818437e-9,-0.0016357910396061941,-0.0001707638107511121,5.49934635610699e-6,0.0002808493996456059,0.0001367784937053963,-0.00013793849515396868,1.7719046949233903e-11,6.826233280866995e-12,-0.00027931630576692935,-3.6242934871258e-6,-2.713754262343367e-13
0.0,0.0,0.0,0.0,0.0,0.0,0.0,0.0,0.0,0.0,0.0,0.0,0.0,0.0,0.0,0.0,0.0,0.0,0.0,0.0,0.0,0.0,0.0,0.0,0.0,0.0,0.0,0.0,0.0,0.0,0.0,0.0,0.0,0.0,0.0,0.0,0.0,0.0,0.0,0.0,0.0,0.0,0.0,0.0,0.0,0.0,0.0,0.0,0.0,0.0,0.0,0.0,0.0,0.0,0.0,0.0,0.0,0.0,0.0,0.0,0.0,0.0,0.0,0.0,0.0,0.0,0.0,0.0,0.0,0.0,0.0,0.0,0.0,0.0,0.0,0.0,0.0,0.0,0.0,0.0,0.0,0.0,0.0,0.0,0.0,0.0,0.0,0.0,0.0,0.0,0.0,0.0,0.0,0.0,0.0,0.0,0.0,0.0,0.0,0.0,0.0,0.0,0.0,0.0,0.0,0.0,0.0,0.0,0.0,0.0,0.0,0.0,0.0,0.0,0.0,0.0,0.0,0.0,0.0,0.0,0.0,0.0,0.0,0.0,0.0,0.0,0.0,0.0,0.0,0.0,0.0,0.0,0.0,0.0,0.0,0.0,0.0,0.0,0.0,0.0,0.0,0.0,0.0,0.0,0.0,0.0,0.0,0.0,0.0,0.0,0.0,0.0,0.0,0.0,0.0,0.0,0.0,0.0,0.0,0.0,0.0,0.0,0.0,0.0,0.0,0.0,0.0,0.0,0.0,0.0,0.0,0.0,0.0,0.0,0.0,0.0,0.0,0.0,0.0,0.0,0.0,0.0,0.0,0.0,0.0,0.0,0.0,0.0,0.0,0.0,0.0,0.0,0.0,0.0,0.0,0.0,0.0,0.0,0.0,0.0,0.0,0.0,0.0,0.0,0.0,0.0,0.0,0.0,0.0,0.0,0.0,0.0,0.0,0.0,0.0,0.0,0.0,0.0,0.0,0.0,0.0,0.0,0.0,0.0,0.0,0.0,0.0,0.0,0.0,0.0,0.0,0.0,0.0,0.0,0.0,0.0,0.0,0.0,0.0,0.0,0.0,0.0,0.0,0.0,0.0,0.0,0.0,0.0,0.0,0.0,0.0,0.0,0.0,0.0,0.0,0.0,0.0,0.0,0.0,0.0,0.0,0.0,0.0,0.0,0.0,0.0,0.0,0.0,0.0,0.0,0.0,0.0,0.0,0.0,0.0,0.0,0.0,0.0,0.0,0.0,0.0,0.0,0.0,0.0,0.0,0.0,0.0,0.0,0.0,0.0,0.0,0.0,0.0,0.0,0.0,0.0,0.0,0.0,0.0,0.0,0.0,0.0,0.0,0.0,0.0,0.0,0.0,0.0,0.0,0.0,0.0,0.0,0.0,0.0,0.0,0.0,0.0,0.0,0.0,0.0,0.0,0.0,0.0,0.0,0.0,0.0,0.0,0.0,0.0,0.0,0.0,0.0,0.0,0.0,0.0,0.0,0.0,0.0,0.0,0.0,0.0,0.0,0.0,0.0,0.0,0.0,0.0,0.0,0.0,0.0,0.0,0.0,0.0,0.0,0.0,0.0,0.0,0.0,0.0,0.0,0.0,0.0,0.0,0.0,0.0,0.0,0.0,0.0,0.0,0.0,0.0,0.0,0.0,0.0,0.0,0.0,0.0,0.0,0.0,0.0,0.0,0.0,0.0,0.0,0.0,0.0,0.0,0.0,0.0,0.0,0.0,0.0,0.0,0.0,0.0,0.0,0.0,0.0,0.0,0.0,0.0,0.0,0.0,0.0,0.0,0.0,0.0,0.0,0.0,0.0,0.0,0.0,0.0,0.0,0.0,0.0,0.0,0.0,0.0,0.0,0.0,0.0,0.0,0.0,0.0,0.0,0.0,0.0,0.0,0.0,0.0,0.0,0.0,0.0,0.0,0.0,0.0,0.0,0.0,0.0,0.0,0.0,0.0,0.0,0.0,0.0,0.0,0.0,0.0,0.0,0.0,0.0,0.0,0.0,0.0,0.0,0.0,0.0,0.0,0.0,0.0,0.0,0.0,0.0,0.0,0.0,0.0,0.0,0.0,0.0,0.0,0.0,0.0,0.0,0.0,0.0,0.0,0.0,0.0,0.0,0.0,0.0,0.0,0.032529887951770524,1.7125699874403274e-7,-1.3037561551424598e-8,-7.68223447334737e-13,7.607892424633829e-5,8.832450306783584e-6,-1.3045742811434372e-13,2.352913505603145e-12,1.2265710952130596e-7,5.139132329287779e-8,-1.8366036157776114e-8,-2.7677799794834427e-10,1.4650450142256855e-5,0.00012351348630501506,1.9294022268572718e-15,-6.5366024622607045e-12,-0.0004749599677769964,-6.352982016760691e-10,-4.415062889384611e-12,2.0423548961608902e-10,-3.557564439212096e-7,-2.8821883546716824e-10,0.00011431834833487935,-9.074436426732812e-7,-7.756760472442308e-7,2.8023088284820094e-7,-3.160629267203372e-15,1.7593148076572896e-7,1.4085815812527389e-9,-0.00040933662941942283,-0.001521221931724804,6.661097317877767e-10,1.488836565886262e-13,-0.002108526349040301,0.0003121090284270703,0.00027869957778028795,-1.8317323768514173e-5,3.6710576353265587e-7,-7.489832585685177e-14,-5.7480812338655e-12,2.901960578196673e-6,3.711613070275288e-10,-1.8682676350437209e-6,0.00011809677903205438,-0.0005517482662053205,6.13413211208628e-6,6.069718580318416e-11,-0.0033307552847472058,-0.0001375498215254662,5.864361250333821e-10,-1.4152726674574965e-14,-5.485575626048353e-10,3.7386931487421765e-8,-5.4283305681071854e-5,1.3791919229376864e-6,0.0003728661861755525,-9.905681771997522e-9,0.0016869925023224887,-1.7445782120903836e-11,-2.0329995992304532e-11,0.00023401039482860654,5.301796931274398e-9,-6.754800872749015e-5,0.0007541469006290697,-1.8288527462112922e-6,-2.7816434143616756e-15,-9.188287977944192e-6,2.349961678447434e-10,9.637906924169279e-11,0.002216267978828498,-0.000706044852372706,-9.208121978440163e-7,5.629052049486523e-5,4.09527627016537e-9,-5.487536177206137e-14,-0.003929310092603676,-1.13046762735425e-12,1.8606262792262208e-13,-0.007608143958551758,-7.549520439914403e-15,-6.194919632030556e-9,-3.0138748993308127e-6,3.9135325689665703e-7,4.199693132520152e-15,5.1020130453538664e-11,5.355872903241885e-9,0.0003250692134290131,1.2890682488132762e-14,-2.3796034638290375e-13,0.00043006166727934894,-2.527889173349973e-12,-1.3844465844212526e-6,-2.318487388805767e-10,6.7920397705951305e-9,-9.135837554349576e-10,5.155265755695161e-8,-7.723987852928065e-5,-5.72452598215743e-7,-7.110304323831116e-12,2.743206467650424e-10,1.2628728873566859e-5,1.6490323529487383e-5,6.462821491344677e-5,2.2831646490773697e-15,-2.32179933077085e-12,0.002992452936792908,0.0009314604618038278,2.0001037150611182e-7,-0.002044680359358038,1.2645230410755298e-5,-2.9346873842017463e-7,5.1468430796923047e-8,1.345097004933042e-6,-3.5381154180349e-7,5.612644226848228e-13,-1.5884652352534902e-8,0.003801092138798241,-4.939831464441027e-15,-3.8482865323007294e-8,1.8612883240177414e-9,-1.5748396360588225e-10,-1.3229121713911721e-10,-0.002850183809926291,-0.008001288882481711,-4.241198691495348e-16,5.216727633533758e-14,-8.027883577653077e-17,-3.727839007975772e-8,0.00016118448489509799,-8.1499380262276e-6,-1.9512930058124686e-11,-1.985517805522262e-10,6.329280838675217e-15,-2.066061501201369e-10,-1.881950622648828e-12,2.2002302148717833e-5,-1.4200106551080478e-15,2.515700422718012e-6,1.523050457908119e-8,-5.619508445276387e-9,7.198719997390629e-12,3.131944744058722e-7,3.3621188771992524e-6,9.642644548109585e-7,-6.791734059793246e-15,0.006817460471430942,2.192605845244602e-12,-0.00010922898471803405,-3.4596054344709395e-12,-4.046854057034597e-6,-0.008335778886509722,5.200360753436273e-12,5.07574713358091e-9,-2.3478070871645464e-11,-6.6617115532569885e-12,-4.2542204982026663e-10,5.524239653750037e-10,-9.65965722310259e-5,-5.692749290388143e-14,2.7582498787848424e-14,1.2994351536157562e-8,9.40729031302649e-11,4.074883598130141e-13,-1.5909442218375747e-8,-8.538934092801117e-12,2.3253158788842073e-6,-7.912744465661416e-10,0.0006938866667659071,-1.2867640720173864e-8,-1.927442050685553e-14,0.0021164978442034404,-1.0388493206830334e-12,-2.7453742932160355e-15,4.2110304135205535e-9,0.0021379936622160324,0.0002462938852214489,1.0016025945624188e-13,3.5106271827153883e-14,3.1181940298372934e-7,-0.0005888702536665958,-0.0007670890418407556,-8.132323556489909e-6,5.580526200096813e-8,1.6783358787325e-13,6.395149192545623e-9,3.7126603466528186e-13,-0.0032014308410376834,1.7580093611813109e-10,-3.1901964826017073e-6,1.6119716958094196e-7,1.8373049972582262e-13,2.2356112001380526e-10,-3.337455561647842e-5,4.358305149029672e-8,3.6740460378301593e-11,-6.220357554347312e-11,5.715000011405136e-5,-6.31005898482373e-14,4.0863156470798834e-12,4.908760576913256e-6,-1.9999984100148114e-7,9.076133109071516e-8,-2.0464637476628064e-7,-0.0002945912194018853,-2.8530356264973075e-11,6.151741743180968e-8,2.1693255746440235e-15,1.4531611579379676e-13,-3.424548195101295e-10,1.7865345381327138e-14,6.954523230332009e-7,-0.0005415235956687048,-0.0024595307256412816,-1.752640882378083e-11,-1.2323623066264396e-10,-6.120165158884017e-12,-3.612451268555832e-15,-3.0202529024945666e-5,-7.213943529000527e-9,-0.0005870437864929728,6.922438046901965e-7,1.0905445706272941e-5,0.00011338244150041136,7.762281365032269e-14,5.189008855599419e-6,-1.8245384073684644e-11,1.5435666795773447e-10,3.779345690829281e-12,0.0002438245795299326,-3.402211883592039e-14,4.818369000996049e-9,-4.755993780294e-11,-2.6666759636810662e-14,7.655498025310891e-14,-1.4432060656349475e-8,1.0572830338620231e-8,-0.0043888318300862724,0.002703391723483619,0.004795631503354264,-6.900187025084308e-12,-0.0024011989147888126,1.8772918410170788e-10,1.4859880416591068e-12,-1.6194626515310053e-11,2.533031014065758e-14,1.1336519636430159e-9,3.023551918047984e-14,0.004801137233129818,-5.629745601401759e-11,-2.3504619404522714e-11,-5.0636098732810815e-9,4.655143198604717e-14,6.047825733358624e-14,-1.6709468197913176e-13,-0.0015535554580514367,3.629786903807008e-11,2.2064247786827882e-7,-1.7865049691836089e-10,-4.382143442109025e-15,-1.0730428720083386e-6,1.395712963397965e-5,-8.516110715962989e-11,-0.0009238492284091334,-3.990051618876538e-10,2.336201676198366e-13,-4.05216489944855e-6,-5.2278711049421664e-8,-1.419072759526335e-7,-8.995814268183387e-12,-2.970669055691846e-8,6.960763234969922e-15,0.00035371626291842847,1.9873301446085447e-8,-4.315640515552861e-11,-6.261733027664637e-6,7.214145424269031e-15,2.3296331520486595e-5,-2.870614668000824e-13,-7.891618895743606e-13,7.587393895294586e-17,2.8502022981043727e-5,-1.253632927048919e-6,1.672093197882654e-8,-3.32394028007988e-8,9.021982822444814e-15,3.331297115803113e-5,-0.000659792209994387,-8.718680353708359e-10,1.1670505463812042e-12,-0.0006364292158840088,1.583184714497832e-8,4.476211025574097e-8,1.2256965250860596e-10,3.788720379080427e-11,0.00024914805071403397,0.0007574956596010403,-5.072243218033377e-12,1.0667494746424395e-10,3.2248491099480494e-9,-1.3842745598876021e-5,9.92724118540486e-9,-4.6516828024392985e-12,-2.9237308279352797e-8,1.6955747930399436e-6,3.524995959416468e-6,3.6951833126090884e-14,-8.192709667961447e-13,1.7730692520069145e-11,-1.0188337415156322e-13,-6.257910347675782e-11,8.585124372068099e-12,-0.0007766051403911326,-0.0009543826585713794,8.366190346031764e-15,6.113715436654635e-11,-0.00010616614913691014
0.0,0.0,0.0,0.0,0.0,0.0,0.0,0.0,0.0,0.0,0.0,0.0,0.0,0.0,0.0,0.0,0.0,0.0,0.0,0.0,0.0,0.0,0.0,0.0,0.0,0.0,0.0,0.0,0.0,0.0,0.0,0.0,0.0,0.0,0.0,0.0,0.0,0.0,0.0,0.0,0.0,0.0,0.0,0.0,0.0,0.0,0.0,0.0,0.0,0.0,0.0,0.0,0.0,0.0,0.0,0.0,0.0,0.0,0.0,0.0,0.0,0.0,0.0,0.0,0.0,0.0,0.0,0.0,0.0,0.0,0.0,0.0,0.0,0.0,0.0,0.0,0.0,0.0,0.0,0.0,0.0,0.0,0.0,0.0,0.0,0.0,0.0,0.0,0.0,0.0,0.0,0.0,0.0,0.0,0.0,0.0,0.0,0.0,0.0,0.0,0.0,0.0,0.0,0.0,0.0,0.0,0.0,0.0,0.0,0.0,0.0,0.0,0.0,0.0,0.0,0.0,0.0,0.0,0.0,0.0,0.0,0.0,0.0,0.0,0.0,0.0,0.0,0.0,0.0,0.0,0.0,0.0,0.0,0.0,0.0,0.0,0.0,0.0,0.0,0.0,0.0,0.0,0.0,0.0,0.0,0.0,0.0,0.0,0.0,0.0,0.0,0.0,0.0,0.0,0.0,0.0,0.0,0.0,0.0,0.0,0.0,0.0,0.0,0.0,0.0,0.0,0.0,0.0,0.0,0.0,0.0,0.0,0.0,0.0,0.0,0.0,0.0,0.0,0.0,0.0,0.0,0.0,0.0,0.0,0.0,0.0,0.0,0.0,0.0,0.0,0.0,0.0,0.0,0.0,0.0,0.0,0.0,0.0,0.0,0.0,0.0,0.0,0.0,0.0,0.0,0.0,0.0,0.0,0.0,0.0,0.0,0.0,0.0,0.0,0.0,0.0,0.0,0.0,0.0,0.0,0.0,0.0,0.0,0.0,0.0,0.0,0.0,0.0,0.0,0.0,0.0,0.0,0.0,0.0,0.0,0.0,0.0,0.0,0.0,0.0,0.0,0.0,0.0,0.0,0.0,0.0,0.0,0.0,0.0,0.0,0.0,0.0,0.0,0.0,0.0,0.0,0.0,0.0,0.0,0.0,0.0,0.0,0.0,0.0,0.0,0.0,0.0,0.0,0.0,0.0,0.0,0.0,0.0,0.0,0.0,0.0,0.0,0.0,0.0,0.0,0.0,0.0,0.0,0.0,0.0,0.0,0.0,0.0,0.0,0.0,0.0,0.0,0.0,0.0,0.0,0.0,0.0,0.0,0.0,0.0,0.0,0.0,0.0,0.0,0.0,0.0,0.0,0.0,0.0,0.0,0.0,0.0,0.0,0.0,0.0,0.0,0.0,0.0,0.0,0.0,0.0,0.0,0.0,0.0,0.0,0.0,0.0,0.0,0.0,0.0,0.0,0.0,0.0,0.0,0.0,0.0,0.0,0.0,0.0,0.0,0.0,0.0,0.0,0.0,0.0,0.0,0.0,0.0,0.0,0.0,0.0,0.0,0.0,0.0,0.0,0.0,0.0,0.0,0.0,0.0,0.0,0.0,0.0,0.0,0.0,0.0,0.0,0.0,0.0,0.0,0.0,0.0,0.0,0.0,0.0,0.0,0.0,0.0,0.0,0.0,0.0,0.0,0.0,0.0,0.0,0.0,0.0,0.0,0.0,0.0,0.0,0.0,0.0,0.0,0.0,0.0,0.0,0.0,0.0,0.0,0.0,0.0,0.0,0.0,0.0,0.0,0.0,0.0,0.0,0.0,0.0,0.0,0.0,0.0,0.0,0.0,0.0,0.0,0.0,0.0,0.0,0.0,0.0,0.0,0.0,0.0,0.0,0.0,0.0,0.0,0.0,0.0,0.0,0.0,0.0,0.0,0.0,0.0,0.0,0.0,0.0,0.0,0.0,0.0,0.0,0.0,0.0,0.0,0.0,0.0,0.0,0.0,0.0,0.0,0.0,0.0,0.0,0.0,0.0,0.0,0.0,0.0,0.0,0.0,0.0,0.0,0.0,0.0,0.0,0.0,0.0,0.0,0.0,0.0,0.0,0.0,0.0,0.0,0.0,0.0,0.0,0.0,0.0,0.0,0.0559783801962903,0.000641666124885308,2.3766951782125353e-8,0.00010399331821637807,-0.00015432012861913498,-2.551738859202876e-7,2.368839998473151e-7,0.005284863788719877,-0.00014117495927105263,-0.0010469165139399337,4.96081470797916e-6,2.7318929834616297e-6,4.91675934391861e-5,-5.923015669971782e-11,-4.263422966938705e-7,-9.027941577112907e-8,-0.00025561941838076553,-1.8504812066966344e-7,0.00010426519011507469,-0.017603535824228276,-1.8938099260411092e-5,3.5875254451123425e-5,-0.0019329155894227193,-0.0018894630946670416,0.0021935055555004773,-1.255104337851051e-9,0.0016868427482164723,6.436246983590647e-5,2.1965281478676817e-5,-6.570932786805266e-8,-0.0004692266497676855,1.3443211138201323e-8,-8.347290126080419e-8,-1.3106720534636421e-5,3.6524399359041027e-6,0.00026435168178156384,0.0013946472187334254,1.4256701584743458e-8,9.953210818193044e-8,-0.003325985021793015,-3.3440307156091224e-6,-0.0005871211570909139,1.0553358377090728e-5,8.378475965895318e-6,0.0003034165833198944,0.000356598657546139,-9.733399558724794e-7,-8.916375724612496e-7,2.6265546525139872e-5,-8.457340516540097e-9,-4.9298116599897334e-5,0.0010768555727067313,6.156216077856789e-5,0.00317705977029504,-3.3056545651666886e-5,-1.016735742111203e-6,-2.147696346586354e-6,2.7878699579564694e-6,-2.6625239515168163e-7,2.725634893661356e-5,9.969252303786651e-5,3.507645634922318e-5,9.762191976582422e-7,-4.445287235189691e-5,3.2136845703378924e-9,3.2019762504906166e-5,-4.451876962927303e-5,-0.0001787483904761797,-6.230982464086234e-6,4.5353119765058267e-7,0.002114545722618399,9.645279038158968e-7,0.0005419409019907879,-7.62531174268429e-9,-1.362677126528618e-7,5.5336457544168485e-8,5.226418638478984e-8,-2.007893275375461e-6,1.954345438965248e-11,-0.0004423936629126875,6.642730849061552e-5,-5.277132383186893e-5,8.683828519636134e-11,3.079289615562857e-6,-0.010396784038909385,-3.301779055005534e-6,1.501353179820011e-9,2.69250057186343e-8,-2.7925506989124995e-7,-7.888348280818063e-8,0.0027850377896968623,1.2606919604596043e-5,-0.0004234226850449835,-0.001362289316704048,0.0030354871995035746,4.831143790129687e-5,0.00014877872825894066,1.1210782622501458e-6,3.592440462601123e-5,-0.0003825193287416413,-0.00014468823249282783,-6.817034119344521e-5,-1.78030797844e-10,-2.7589930368654915e-7,5.5984871052930894e-8,3.944042951319751e-8,0.012466501769898062,-1.3012485204747172e-7,4.801092979800006e-8,-0.004276157995054967,-0.00026319026578948196,0.01065130087128921,0.002916624146155109,9.61968923941519e-8,-0.0014593451432987758,1.7743022404053152e-7,-8.600347606880706e-10,0.0011954148561524494,3.501596079143833e-5,-1.0426766476351424e-6,-4.069238817615184e-6,6.272043022723829e-7,9.786807044423724e-8,-1.8283116135037863e-10,7.258399255876553e-9,-5.913929013287296e-10,-0.001890776956742303,-2.8146234724664493e-6,-5.017147542801038e-5,-5.1442653925962755e-6,-1.886234581367959e-5,2.429741064270434e-10,-1.5855272598749407e-5,3.048727360879621e-7,0.00011103671643583633,-1.1828636758720046e-9,-0.002170472545916713,-0.0005248883215432346,0.0005451709409394628,2.2671233790512723e-7,0.0014781918056817646,2.475913192209293e-5,-0.0012202339802375843,-3.826131780330668e-9,1.6007654159207274e-7,-7.586173685430431e-9,-3.9612196152733616e-5,-4.411720130174885e-7,-2.877286265257112e-5,-5.65618428765323e-9,6.28156313063985e-7,-0.001384043563344038,-1.5698742049177018e-6,4.4066465726830626e-8,0.00016622978628224236,0.00015972296982574193,1.993087486228226e-5,-3.2145388646584776e-8,2.7455224850447584e-8,0.0013184305242295701,-3.4768256913891066e-6,1.029436387663593e-7,-7.838685806169596e-5,9.68286770325779e-7,0.0013696659908347068,2.184503859558533e-5,6.679169531132429e-6,-0.0015710906547080664,2.672722044946823e-9,-2.583800204942064e-7,-1.2652901737842586e-7,-7.451537992189056e-10,-0.0003005939118737765,2.4747368423387115e-7,-1.408508880094245e-6,-1.563009368769356e-8,-5.714423803546069e-9,-0.0019114803094478832,2.270463742551418e-8,-3.6754740449291596e-6,-0.001020108734940765,0.0015632237494732763,-6.45502070054449e-9,0.0014398606748918955,1.1005582949882341e-8,4.0694491330766973e-7,-5.371748783773291e-5,0.0012829909230384477,0.0020096109036636034,-1.5568606860858828e-9,1.0716922833103498e-5,8.180898657001683e-5,0.020099935014064554,2.0580646384005294e-5,-3.940794365204195e-5,8.5607737784189e-5,-1.9725615505214724e-8,8.325405132964746e-7,-0.0002853741189008226,-0.0003229129544241766,0.0021556602763650712,-0.007669092738031084,-1.984554791099337e-6,-1.032723543931766e-6,-0.0004885788719444769,2.4681244171868967e-11,-2.2791594978977823e-8,-5.079134221202006e-5,8.00964361984892e-9,0.0047987347852128754,1.2406504327365892e-6,5.295107287465012e-7,1.54538301616921e-6,-2.9382447796082777e-5,-4.5224384879702874e-7,1.0954485733041622e-9,-2.0656620304973463e-5,5.0398915832120536e-5,-7.607806682295448e-7,0.0003917339883190914,-0.000464551821760183,3.5927929339127223e-6,4.943702289412717e-8,-0.0002462436805454239,1.3083945490350854e-6,5.346841283530312e-6,1.18634928226486e-7,-1.3560292654787314e-7,-2.725901707703117e-8,0.0010410125444686197,-4.335267973539693e-6,4.2230538221511504e-10,-1.9146771899715127e-9,-0.0022767418621372575,-0.0031021255499888386,2.1330601033027638e-7,8.667205249066264e-9,-5.047797364051104e-8,-3.621794855880059e-6,-1.9783861113371184e-6,-4.220069704944614e-6,1.427364650539035e-7,5.62688005944783e-7,-6.59548998616749e-11,-9.209118590870175e-5,-4.8847609607210225e-8,2.534359874382719e-9,-6.875803322633518e-6,-1.5553555955109097e-6,0.000545568402936611,-2.197688630223797e-8,9.90942589053696e-9,-2.3613471163609614e-8,-9.311614015562805e-8,-9.277849950618355e-8,5.4931399336591084e-5,0.00028811062650441096,-9.778961248307093e-10,0.0007708362578362478,-3.6710556787072874e-5,-7.129510829655559e-5,-9.053112309347385e-7,-5.3303288630372215e-5,-2.4453458126978915e-8,-2.7895704004957503e-5,-0.0008093513597779888,0.0029994838448147,-5.875128886379669e-7,-0.0017281902211265282,2.16716573131651e-9,1.8080915801241427e-6,-0.0016962742543074655,8.518078329164375e-6,0.0001842324223547233,-2.1024325279452698e-8,-4.33387789395809e-6,-3.7952517939775694e-8,-2.458724236306049e-7,2.968678607869602e-10,-4.0125462942469244e-5,0.00048611306276788007,-0.0004401019085548184,0.001201011302445045,1.3129096610256997e-9,1.7823517553518473e-5,3.7426624336335503e-6,0.00025062888824434827,1.3848847669160245e-7,-1.0938791265943497e-5,-0.0020029002409145706,-0.0010186850867575901,6.843071771081494e-7,-2.2288021782310073e-6,1.2548801646544148e-6,-8.129223048015799e-7,-2.8785866202806035e-7,1.0945380688121518e-5,0.0008442351145171796,-8.059135327216308e-5,0.00048549157325406434,-2.0543066569506868e-7,0.0016187102102435905,0.00020865838257611087,0.0012292941375622772,-4.015856010610517e-9,-1.10052178470333e-7,1.1982641481014333e-6,2.4618310039543544e-6,-5.4646018660498665e-6,-6.524321923232752e-7,-6.344573634936236e-7,6.477057187799914e-7,2.9958833113024517e-10,-2.6204514434781007e-5,5.965043471211102e-8
0.0,0.0,0.0,0.0,0.0,0.0,0.0,0.0,0.0,0.0,0.0,0.0,0.0,0.0,0.0,0.0,0.0,0.0,0.0,0.0,0.0,0.0,0.0,0.0,0.0,0.0,0.0,0.0,0.0,0.0,0.0,0.0,0.0,0.0,0.0,0.0,0.0,0.0,0.0,0.0,0.0,0.0,0.0,0.0,0.0,0.0,0.0,0.0,0.0,0.0,0.0,0.0,0.0,0.0,0.0,0.0,0.0,0.0,0.0,0.0,0.0,0.0,0.0,0.0,0.0,0.0,0.0,0.0,0.0,0.0,0.0,0.0,0.0,0.0,0.0,0.0,0.0,0.0,0.0,0.0,0.0,0.0,0.0,0.0,0.0,0.0,0.0,0.0,0.0,0.0,0.0,0.0,0.0,0.0,0.0,0.0,0.0,0.0,0.0,0.0,0.0,0.0,0.0,0.0,0.0,0.0,0.0,0.0,0.0,0.0,0.0,0.0,0.0,0.0,0.0,0.0,0.0,0.0,0.0,0.0,0.0,0.0,0.0,0.0,0.0,0.0,0.0,0.0,0.0,0.0,0.0,0.0,0.0,0.0,0.0,0.0,0.0,0.0,0.0,0.0,0.0,0.0,0.0,0.0,0.0,0.0,0.0,0.0,0.0,0.0,0.0,0.0,0.0,0.0,0.0,0.0,0.0,0.0,0.0,0.0,0.0,0.0,0.0,0.0,0.0,0.0,0.0,0.0,0.0,0.0,0.0,0.0,0.0,0.0,0.0,0.0,0.0,0.0,0.0,0.0,0.0,0.0,0.0,0.0,0.0,0.0,0.0,0.0,0.0,0.0,0.0,0.0,0.0,0.0,0.0,0.0,0.0,0.0,0.0,0.0,0.0,0.0,0.0,0.0,0.0,0.0,0.0,0.0,0.0,0.0,0.0,0.0,0.0,0.0,0.0,0.0,0.0,0.0,0.0,0.0,0.0,0.0,0.0,0.0,0.0,0.0,0.0,0.0,0.0,0.0,0.0,0.0,0.0,0.0,0.0,0.0,0.0,0.0,0.0,0.0,0.0,0.0,0.0,0.0,0.0,0.0,0.0,0.0,0.0,0.0,0.0,0.0,0.0,0.0,0.0,0.0,0.0,0.0,0.0,0.0,0.0,0.0,0.0,0.0,0.0,0.0,0.0,0.0,0.0,0.0,0.0,0.0,0.0,0.0,0.0,0.0,0.0,0.0,0.0,0.0,0.0,0.0,0.0,0.0,0.0,0.0,0.0,0.0,0.0,0.0,0.0,0.0,0.0,0.0,0.0,0.0,0.0,0.0,0.0,0.0,0.0,0.0,0.0,0.0,0.0,0.0,0.0,0.0,0.0,0.0,0.0,0.0,0.0,0.0,0.0,0.0,0.0,0.0,0.0,0.0,0.0,0.0,0.0,0.0,0.0,0.0,0.0,0.0,0.0,0.0,0.0,0.0,0.0,0.0,0.0,0.0,0.0,0.0,0.0,0.0,0.0,0.0,0.0,0.0,0.0,0.0,0.0,0.0,0.0,0.0,0.0,0.0,0.0,0.0,0.0,0.0,0.0,0.0,0.0,0.0,0.0,0.0,0.0,0.0,0.0,0.0,0.0,0.0,0.0,0.0,0.0,0.0,0.0,0.0,0.0,0.0,0.0,0.0,0.0,0.0,0.0,0.0,0.0,0.0,0.0,0.0,0.0,0.0,0.0,0.0,0.0,0.0,0.0,0.0,0.0,0.0,0.0,0.0,0.0,0.0,0.0,0.0,0.0,0.0,0.0,0.0,0.0,0.0,0.0,0.0,0.0,0.0,0.0,0.0,0.0,0.0,0.0,0.0,0.0,0.0,0.0,0.0,0.0,0.0,0.0,0.0,0.0,0.0,0.0,0.0,0.0,0.0,0.0,0.0,0.0,0.0,0.0,0.0,0.0,0.0,0.0,0.0,0.0,0.0,0.0,0.0,0.0,0.0,0.0,0.0,0.0,0.0,0.0,0.0,0.0,0.0,0.0,0.0,0.0,0.0,0.0,0.0,0.0,0.0,0.0,0.0,0.0,0.0,0.0,0.0,0.0,0.0,0.0,0.0,0.0,0.0,0.0,0.0,0.0,0.0,0.0,0.0,0.0,0.0,0.0,0.04800447063381137,5.005263573846971e-7,4.062525019315068e-6,-2.9306721054481938e-5,-3.1530906821887746e-6,4.313735597085831e-6,-0.001528932688002133,-0.022053188180244383,-0.008657489302603967,-0.0006317988199479968,3.843924884831954e-6,5.807024436124229e-7,2.8701401755039593e-8,6.238415946447256e-6,1.4614441285636307e-7,-0.0014034645646627591,2.960432713670186e-7,-0.0010258321887248133,0.0007620695456116153,0.0037355130933372804,-2.787701462761895e-6,0.0001439126424624235,-6.819894052563297e-6,0.00023803145091628314,-7.244561219445533e-9,0.0023558670291599546,0.00016557813343277754,7.990669690987464e-7,-5.420241801812453e-10,-0.0013029764472109009,-1.6839017676443648e-7,7.7014006190194e-9,-1.653011498637955e-6,9.310899178839631e-8,1.9910520973267797e-7,-0.00069058769816108,5.412048643026576e-7,-8.341947656568244e-6,-0.0002708483860593357,-0.0027797665875736446,-8.803586002276415e-6,-3.2461387959902226e-7,4.169179766704942e-7,-1.2919676279718025e-5,0.005701764752663627,2.7190651254840834e-8,-1.3677464573947262e-6,-0.000819043889986831,-1.7620140713720682e-7,-0.0012142924369885964,-0.011040983704706686,1.7427715083729203e-6,-0.0004996226011462738,-9.530103749534717e-7,0.004448624276870471,-8.08760494871758e-8,8.916977136880324e-5,0.00014120939051053566,-9.854114189012755e-7,-0.01832962177667753,-2.5601583855054968e-6,1.0386650509988446e-7,4.762545831882708e-7,-4.6909483618244284e-8,1.2479926619056754e-5,-0.003568686890039799,-0.0072833823640517945,-5.32675621009866e-7,4.649281449901951e-8,1.7092961210862907e-5,-7.820366674958145e-8,-0.009390776482999182,-2.602024588197061e-7,2.8219202010137687e-9,6.706519753427688e-6,4.123592908275122e-7,6.056290742838997e-8,5.3259134718574665e-9,-0.002962655039881111,4.946573982820749e-5,0.000189262629780445,3.626891174889654e-8,-0.0001394675372877919,-0.00012367203437606183,-6.48686264256962e-8,-4.156639415941065e-8,-2.3702151473662668e-7,-3.163543856786814e-8,-3.902194507995174e-6,1.3636807473935472e-5,0.00017828448409849557,-0.0026454694031582877,-0.008676485054779954,-0.000155928527048376,7.850433519572088e-7,-6.844196449921524e-5,1.7045955218454662e-5,0.0002632562960686704,-5.469739388051577e-6,-1.1411855212608722e-5,1.2064337288632127e-6,-6.040210850877353e-9,-4.549040153612966e-6,3.920795848312593e-9,-1.3044880223290886e-7,-0.00011212520049659459,8.680570299824493e-9,-6.3381498401239115e-6,-0.00012098648399088427,0.012149952038063612,-0.0002708340074298435,0.000562594186270808,2.009563290361991e-6,-0.0006436891068380349,1.1985955107969417e-8,-7.732923569224278e-9,0.0004715655507605515,0.0008258180705035755,-3.6538210084041765e-5,8.386855482969985e-6,2.6453382725139346e-8,8.255958786005679e-9,-4.17470942679259e-9,-8.760561309172448e-8,2.949809659662364e-9,-0.0021598548803701463,-1.1738027366836846e-6,-6.877414308412429e-7,4.049965959457429e-5,-0.0007407050410678776,8.73498360282347e-9,5.9203772752173044e-5,1.448123259656076e-5,7.799265471487677e-7,4.287304336543617e-9,-0.0001791530607786102,-0.002625768678339083,-0.0009540526061366559,1.279058390178078e-5,3.097940583672751e-5,3.966935705207463e-6,-0.0003552427002846098,-6.342563694181145e-8,1.7485339021471706e-9,6.118216024027834e-6,-9.848011617908731e-7,-5.540973487594042e-6,1.4659780633240284e-6,5.6399794007759116e-9,-1.3097133230700625e-7,0.003398952963970649,8.752842761604283e-5,4.48663173035303e-5,-0.0003155595921794947,0.0008287617809402986,1.4438406166451446e-6,2.3601749724424536e-8,-4.343064828666021e-7,-0.0012016654334573405,-3.405042467295775e-5,1.2516247454122574e-6,-0.0011612810883513476,-2.5488570519243204e-5,-0.00011769449116486571,0.0005662210277485129,1.1078940403017475e-7,0.0039034327869266064,1.8333273301707803e-8,-8.374093058971788e-9,-6.373759237037059e-7,1.4432206525403854e-10,0.00019197502675228598,2.3714902189711292e-8,-7.210588165874952e-8,-6.069044178153885e-8,1.5420397949063288e-6,-3.949640733356593e-5,8.715724697015629e-8,5.776812646937893e-7,2.0977296751780964e-5,-0.0003599927919775587,-5.831074882761768e-7,-0.0018163250288872135,-9.067890550762658e-7,1.1148635266615959e-8,-0.003465815080301953,0.00011058368802350498,-0.0006750311685548617,6.539634095375462e-7,0.0010391064955418655,-1.0218900497141194e-6,-0.0006599664716985899,6.145798526967984e-5,-0.0009086114856273051,1.6836212461479854e-6,-2.6192796145098434e-8,1.2843354210987746e-5,2.6901408865895685e-5,-0.0016187891135627723,0.0016834419405115425,0.0005239409305016079,-1.8110284389864598e-8,-3.39264139090353e-5,-0.000125125735520666,6.06396589775693e-10,-2.703786776312901e-7,0.00011933603863903727,-1.0579605953619722e-7,-0.0002310870697295958,-8.505690417529453e-8,2.641285610429373e-8,2.756397338077591e-5,-0.0002545868378731398,-1.0451790912762626e-5,-2.6575053758463978e-8,-5.435825025733795e-7,-0.003756759870862755,-4.0477527836215614e-8,-0.00013888336936339473,-1.8767891025586994e-5,-4.566233652636701e-7,-2.7945538718447397e-7,1.0771957265568409e-5,-5.431540319040073e-5,-0.00011590305454842345,8.49754740475638e-7,-2.274580365827669e-8,2.6251761988835015e-7,0.007336939912567921,2.48219948736547e-5,-5.352361298783585e-8,1.5714476886081685e-7,-0.0011433591997000406,0.0016754975621852115,1.504593963950015e-8,4.3058613309180823e-10,-1.687911102826766e-8,0.00010174915344895374,4.929899645118891e-8,-0.00041276820544302575,-1.4142316301770887e-6,-1.8661153880933142e-5,8.184622700959038e-8,-0.005456396257817578,-1.4648117163370519e-6,7.404215847387812e-10,0.0003359593362901828,8.517321632118452e-6,0.005016381898768917,-3.604326135889095e-7,9.926895233053913e-8,-2.091083658881447e-7,2.4831226295829504e-9,-2.2766865824522618e-5,-3.9365552940664244e-5,0.0005977661073995903,1.3406055320230914e-8,-0.0003407100689884619,-7.13696571095766e-6,0.0006894218175316916,3.637229082373299e-8,-0.0008578972898283739,5.718871966985672e-7,-5.454913110200072e-6,-0.0026435803685261154,-0.0004326335919672318,-2.2494359504345493e-6,0.004197010353335916,2.112358096501244e-8,-1.845143209545387e-7,-0.0014686955969281617,-0.00013448113030765525,7.258583608634986e-6,1.3887872867849393e-7,-2.428423179293321e-7,-2.3127971802545922e-7,2.082141146878014e-6,-1.3301687638152512e-8,-1.0279663897835974e-7,-5.041845924974037e-6,-5.798524243999943e-5,-0.0033135453421595327,4.09112882101216e-9,-2.977043230114043e-6,1.0985655867737122e-7,-0.0014616725473573025,-3.5812034711718622e-6,3.149120717066153e-7,0.0006633334996206862,-0.0003058402959830874,-1.3902792689988798e-5,3.8651009386622474e-5,-8.923426072780258e-8,1.6872778183895307e-8,-7.812018286300375e-6,0.0001636882577254437,-0.0011137841867410027,-6.427870257271555e-6,-0.012653251982439958,-5.199329272344981e-7,0.00019792630483207849,3.4222161279826715e-6,-9.411715378550783e-5,1.4870515065341545e-7,1.195024136893278e-7,2.4697100494306406e-5,0.00010163477019468515,0.00023512830175006884,-3.2758199024365714e-5,-8.76011203605705e-9,5.2531493625559544e-8,5.635939884041352e-9,-0.0006861340607399815,-3.509548757775073e-9
0.0,0.0,0.0,0.0,0.0,0.0,0.0,0.0,0.0,0.0,0.0,0.0,0.0,0.0,0.0,0.0,0.0,0.0,0.0,0.0,0.0,0.0,0.0,0.0,0.0,0.0,0.0,0.0,0.0,0.0,0.0,0.0,0.0,0.0,0.0,0.0,0.0,0.0,0.0,0.0,0.0,0.0,0.0,0.0,0.0,0.0,0.0,0.0,0.0,0.0,0.0,0.0,0.0,0.0,0.0,0.0,0.0,0.0,0.0,0.0,0.0,0.0,0.0,0.0,0.0,0.0,0.0,0.0,0.0,0.0,0.0,0.0,0.0,0.0,0.0,0.0,0.0,0.0,0.0,0.0,0.0,0.0,0.0,0.0,0.0,0.0,0.0,0.0,0.0,0.0,0.0,0.0,0.0,0.0,0.0,0.0,0.0,0.0,0.0,0.0,0.0,0.0,0.0,0.0,0.0,0.0,0.0,0.0,0.0,0.0,0.0,0.0,0.0,0.0,0.0,0.0,0.0,0.0,0.0,0.0,0.0,0.0,0.0,0.0,0.0,0.0,0.0,0.0,0.0,0.0,0.0,0.0,0.0,0.0,0.0,0.0,0.0,0.0,0.0,0.0,0.0,0.0,0.0,0.0,0.0,0.0,0.0,0.0,0.0,0.0,0.0,0.0,0.0,0.0,0.0,0.0,0.0,0.0,0.0,0.0,0.0,0.0,0.0,0.0,0.0,0.0,0.0,0.0,0.0,0.0,0.0,0.0,0.0,0.0,0.0,0.0,0.0,0.0,0.0,0.0,0.0,0.0,0.0,0.0,0.0,0.0,0.0,0.0,0.0,0.0,0.0,0.0,0.0,0.0,0.0,0.0,0.0,0.0,0.0,0.0,0.0,0.0,0.0,0.0,0.0,0.0,0.0,0.0,0.0,0.0,0.0,0.0,0.0,0.0,0.0,0.0,0.0,0.0,0.0,0.0,0.0,0.0,0.0,0.0,0.0,0.0,0.0,0.0,0.0,0.0,0.0,0.0,0.0,0.0,0.0,0.0,0.0,0.0,0.0,0.0,0.0,0.0,0.0,0.0,0.0,0.0,0.0,0.0,0.0,0.0,0.0,0.0,0.0,0.0,0.0,0.0,0.0,0.0,0.0,0.0,0.0,0.0,0.0,0.0,0.0,0.0,0.0,0.0,0.0,0.0,0.0,0.0,0.0,0.0,0.0,0.0,0.0,0.0,0.0,0.0,0.0,0.0,0.0,0.0,0.0,0.0,0.0,0.0,0.0,0.0,0.0,0.0,0.0,0.0,0.0,0.0,0.0,0.0,0.0,0.0,0.0,0.0,0.0,0.0,0.0,0.0,0.0,0.0,0.0,0.0,0.0,0.0,0.0,0.0,0.0,0.0,0.0,0.0,0.0,0.0,0.0,0.0,0.0,0.0,0.0,0.0,0.0,0.0,0.0,0.0,0.0,0.0,0.0,0.0,0.0,0.0,0.0,0.0,0.0,0.0,0.0,0.0,0.0,0.0,0.0,0.0,0.0,0.0,0.0,0.0,0.0,0.0,0.0,0.0,0.0,0.0,0.0,0.0,0.0,0.0,0.0,0.0,0.0,0.0,0.0,0.0,0.0,0.0,0.0,0.0,0.0,0.0,0.0,0.0,0.0,0.0,0.0,0.0,0.0,0.0,0.0,0.0,0.0,0.0,0.0,0.0,0.0,0.0,0.0,0.0,0.0,0.0,0.0,0.0,0.0,0.0,0.0,0.0,0.0,0.0,0.0,0.0,0.0,0.0,0.0,0.0,0.0,0.0,0.0,0.0,0.0,0.0,0.0,0.0,0.0,0.0,0.0,0.0,0.0,0.0,0.0,0.0,0.0,0.0,0.0,0.0,0.0,0.0,0.0,0.0,0.0,0.0,0.0,0.0,0.0,0.0,0.0,0.0,0.0,0.0,0.0,0.0,0.0,0.0,0.0,0.0,0.0,0.0,0.0,0.0,0.0,0.0,0.0,0.0,0.0,0.0,0.0,0.0,0.0,0.0,0.0,0.0,0.0,0.0,0.0,0.0,0.0,0.0,0.0,0.0,0.0,0.0,0.0,0.0,0.0,0.0,0.0,0.0,0.0,0.0,0.0,0.0,0.0,0.0,0.0,0.0,0.04109435991996808,-1.8426852273326714e-10,-3.5586203367012986e-10,-0.013987773885119568,-0.003925359571472029,-3.895879160911985e-7,1.7959227658764042e-7,2.9319609514036556e-6,8.43064815347957e-5,-4.626260024761565e-10,-2.775846340627023e-11,1.0010212784937328e-5,0.0015195642790051922,-3.4765578041094724e-13,-7.346570441829402e-6,-0.003999755220229532,5.044334333169223e-5,8.274569415124286e-8,5.402304620733579e-6,-5.1308116205150175e-11,1.3602232497808135e-8,-7.552621246716377e-9,-9.561736499668558e-8,6.980397300424579e-5,-2.3451939386946792e-7,-9.183732470673599e-6,2.255967715621908e-11,-7.455149889771007e-13,-2.1671660361304183e-6,0.0010421144841423198,-7.722439943579434e-13,-9.728377084480375e-11,7.115748624317009e-12,6.064460200668468e-10,3.02043214996156e-8,-0.0010938549416908195,0.0005994704036689613,7.493507385051964e-9,-4.3690539894798244e-5,1.6354721231066337e-11,-2.8152772801661682e-11,2.9164371587651333e-11,-1.1513279955626223e-9,6.301587589140275e-6,-2.799280384497922e-14,-6.047532873104236e-11,-2.0626101112989345e-5,-0.0015896776856713177,-3.470431452549004e-5,-2.8577254960824984e-7,1.8388576548383746e-10,-1.984444026842615e-10,-1.6367469917132655e-10,2.401721758328108e-6,-4.417445389762795e-12,0.002070952898193547,0.0005754019747940563,-1.9167489224100855e-11,-1.4044389973617419e-6,2.6008701188289985e-10,-2.7055431572992413e-12,-1.4523050670957912e-10,0.00036325067953165335,-7.931826632556685e-10,-2.8737201086500895e-6,-8.206228376553392e-7,-9.595083895473026e-12,-1.861673846234635e-12,3.1510320227030512e-9,4.821143925994014e-12,-1.0811480085582852e-8,-0.0020446817060799745,-2.7812752202120385e-13,0.008165279197723892,0.008156029755012376,-1.054607120724053e-13,-0.00038983537817150946,1.9029263672166243e-6,-2.1907212414394165e-9,-1.1982616249170604e-8,0.0004019583981260559,0.00026453129941982154,6.566529413802798e-8,-7.209631466396574e-13,0.0005610014030931925,0.019982515705364048,1.4528523338349639e-11,0.007418545962312693,1.2641978242764374e-8,-5.067901469838952e-5,-2.088976010510512e-6,-5.766083364275618e-7,-5.904588213243946e-9,1.1635636329542532e-10,7.61803526738021e-9,0.0008190632217027858,-2.3938739744682028e-5,3.1867226933309605e-10,-5.892820612856997e-10,-9.538419245165359e-11,7.498526418107615e-5,0.0011109604746329443,1.7414055499585807e-13,-8.071348537965213e-12,2.6596374455166557e-8,-4.3395027634558763e-13,1.1582310113993763e-10,1.798076077669211e-7,-6.584644513156383e-7,-6.9904381228323115e-9,2.0807576430530006e-8,0.0021691652997277034,-1.1411164055007558e-6,-3.2030164797208014e-13,-9.439643361339485e-5,2.4977807600784645e-7,-1.0046536117742282e-6,5.1464776191001874e-5,0.00010895610151931482,-1.798629454411341e-12,-7.224294300746054e-13,-3.217331744004546e-5,0.00033478215599171173,-6.680479991249301e-5,1.5887610525925837e-7,7.868489253661668e-12,-1.835543676050514e-10,-0.00024844727287780575,-1.5467382950168385e-5,-6.895883201777515e-5,-7.39759504370171e-6,0.0021250990712707116,2.920620732323846e-11,-0.00021857746886983184,-7.868083229803415e-9,-4.157944597489023e-7,1.6104377883591809e-6,-0.002138832731564573,-8.241730705142232e-9,6.80206867071884e-11,-3.200963871907828e-8,0.0001402621842339569,-1.2531179936064195e-13,-0.0006388642486033323,2.6898923640437843e-11,-0.0013969874890520945,6.086944627403391e-11,3.246353611838615e-13,-0.0034657123343030042,-2.9643249033342626e-7,-2.318960157375844e-5,3.911303517340321e-5,8.343148925553594e-7,-5.468477854721055e-6,-5.879196395096474e-11,-0.002610218305889145,-0.001666038925988529,3.1451251490080615e-9,4.074369944588376e-5,0.003939043176336302,2.6670338645793987e-7,0.0008579715169560189,1.8708053063681456e-10,3.12762164244034e-6,-2.834658638461392e-11,-1.4215589236063693e-7,0.0008395063853230749,-2.8119877989908602e-12,-0.0032823371959523275,-4.051247576732341e-5,-9.380277111780102e-7,-5.861770009862479e-13,-5.4539743005484495e-12,-0.005297138831009454,-0.004071665601220582,-1.5038629509134116e-9,3.56647177394116e-12,1.074493370158637e-11,-8.222553858592327e-11,-1.7761051833249602e-7,-0.00036500498045606653,1.6396887087527362e-7,-0.008001589222748006,1.1724836837091292e-12,1.1326175316275162e-6,-3.863390481293203e-9,2.5526610178290545e-8,-0.003914068723492677,-7.524297475006288e-6,1.7150750407239843e-10,-1.9353629602212424e-8,3.1762341565140557e-5,1.4049054231456039e-6,-3.1308260562099653e-10,0.0013619412682473343,-0.00040064832718301736,-1.7471391991790195e-9,2.7122224336839093e-7,-1.9932848136046492e-7,2.7156943427188988e-8,6.569204320523134e-14,0.0002009495364084563,1.0107860110736657e-7,2.9318427565704497e-5,-0.006791513270983727,-1.7129566933573212e-5,0.0012807100316405019,-6.052077786395898e-10,1.09466824415806e-11,-5.980102782696532e-13,0.00038330243087371314,-4.1018253490637754e-5,0.0004028855673715716,2.3201119584758342e-5,-2.8086808649560122e-11,4.368989947699819e-6,5.922209323656637e-13,2.6307843988074426e-9,-9.003193832398589e-10,-3.0852456732442723e-11,-0.0007770083961868296,-1.006976417236545e-9,-2.8965569210928227e-5,-2.8131612478163478e-5,-0.004313965021774229,1.0441390759981086e-12,0.0017483772534437469,9.487771920428569e-7,-0.00010980455725284929,0.0002720780345848916,0.0010614909954555524,1.3230091035496298e-7,2.0584200907285933e-8,-3.3466705639233544e-13,-1.125708920439765e-13,2.9749471834900973e-13,-0.00034267742822040835,3.57557777580317e-12,-1.5290304798573704e-5,0.0009864276667011446,0.00020448054518829278,0.00021006768211450638,3.8120953489776416e-6,-0.009625805467182358,-8.579854083400048e-14,4.393054663752607e-5,0.00019104362286685204,2.005240386402341e-6,-0.00018418894492973454,0.00043352269272927627,-0.004152289797999064,7.65392947245329e-13,-7.187673994771428e-5,-1.2035228884468014e-9,3.477573099180763e-7,0.0002452746279639134,4.7520548755982306e-8,1.9837715907725372e-10,1.138226424950732e-5,-1.463202002010175e-12,-2.2105009832547397e-5,-0.000963802179606685,1.3786222092226844e-9,1.547549269334725e-7,-5.048341405627818e-8,0.0009875038752382142,1.202303955751002e-8,5.244461158316799e-6,1.1568907727165078e-11,4.900965351680209e-8,7.84211898676906e-5,1.1085558403001169e-9,-0.004467536609788816,6.041492729933851e-11,0.0005128915159233532,0.0026503329862337453,2.7145115789215986e-5,1.1629920247252404e-10,-1.9340855002178927e-9,-1.1374862435971575e-7,7.863033282168916e-8,-0.00020676649460917343,-3.380367732065003e-10,2.841579879295946e-11,3.3277034315377865e-6,-0.0009726351279069921,2.487096704589361e-11,-1.593535003777485e-7,-4.767277491466267e-7,1.2265532258171465e-6,3.6302479374287775e-5,-1.1579221388018593e-11,-1.1966294111409055e-12,-0.004196327420480982,6.4812083853069894e-6,5.852352417127954e-7,3.938536000691943e-10,-2.8661495260081245e-7,0.002138524103255788,1.6809048483623293e-7,7.197177091727688e-10,-1.9905363863789845e-9,-0.0025013957284685424,0.0020255801241609397,-2.9285896701410524e-5,0.000503669366554082,-3.074953018364778e-5,0.00019475332742720756,1.4256548903211593e-11,1.8743409274217966e-12,7.29453082153292e-5,-3.5302166745970047e-6,-7.973215687115473e-14
0.0,0.0,0.0,0.0,0.0,0.0,0.0,0.0,0.0,0.0,0.0,0.0,0.0,0.0,0.0,0.0,0.0,0.0,0.0,0.0,0.0,0.0,0.0,0.0,0.0,0.0,0.0,0.0,0.0,0.0,0.0,0.0,0.0,0.0,0.0,0.0,0.0,0.0,0.0,0.0,0.0,0.0,0.0,0.0,0.0,0.0,0.0,0.0,0.0,0.0,0.0,0.0,0.0,0.0,0.0,0.0,0.0,0.0,0.0,0.0,0.0,0.0,0.0,0.0,0.0,0.0,0.0,0.0,0.0,0.0,0.0,0.0,0.0,0.0,0.0,0.0,0.0,0.0,0.0,0.0,0.0,0.0,0.0,0.0,0.0,0.0,0.0,0.0,0.0,0.0,0.0,0.0,0.0,0.0,0.0,0.0,0.0,0.0,0.0,0.0,0.0,0.0,0.0,0.0,0.0,0.0,0.0,0.0,0.0,0.0,0.0,0.0,0.0,0.0,0.0,0.0,0.0,0.0,0.0,0.0,0.0,0.0,0.0,0.0,0.0,0.0,0.0,0.0,0.0,0.0,0.0,0.0,0.0,0.0,0.0,0.0,0.0,0.0,0.0,0.0,0.0,0.0,0.0,0.0,0.0,0.0,0.0,0.0,0.0,0.0,0.0,0.0,0.0,0.0,0.0,0.0,0.0,0.0,0.0,0.0,0.0,0.0,0.0,0.0,0.0,0.0,0.0,0.0,0.0,0.0,0.0,0.0,0.0,0.0,0.0,0.0,0.0,0.0,0.0,0.0,0.0,0.0,0.0,0.0,0.0,0.0,0.0,0.0,0.0,0.0,0.0,0.0,0.0,0.0,0.0,0.0,0.0,0.0,0.0,0.0,0.0,0.0,0.0,0.0,0.0,0.0,0.0,0.0,0.0,0.0,0.0,0.0,0.0,0.0,0.0,0.0,0.0,0.0,0.0,0.0,0.0,0.0,0.0,0.0,0.0,0.0,0.0,0.0,0.0,0.0,0.0,0.0,0.0,0.0,0.0,0.0,0.0,0.0,0.0,0.0,0.0,0.0,0.0,0.0,0.0,0.0,0.0,0.0,0.0,0.0,0.0,0.0,0.0,0.0,0.0,0.0,0.0,0.0,0.0,0.0,0.0,0.0,0.0,0.0,0.0,0.0,0.0,0.0,0.0,0.0,0.0,0.0,0.0,0.0,0.0,0.0,0.0,0.0,0.0,0.0,0.0,0.0,0.0,0.0,0.0,0.0,0.0,0.0,0.0,0.0,0.0,0.0,0.0,0.0,0.0,0.0,0.0,0.0,0.0,0.0,0.0,0.0,0.0,0.0,0.0,0.0,0.0,0.0,0.0,0.0,0.0,0.0,0.0,0.0,0.0,0.0,0.0,0.0,0.0,0.0,0.0,0.0,0.0,0.0,0.0,0.0,0.0,0.0,0.0,0.0,0.0,0.0,0.0,0.0,0.0,0.0,0.0,0.0,0.0,0.0,0.0,0.0,0.0,0.0,0.0,0.0,0.0,0.0,0.0,0.0,0.0,0.0,0.0,0.0,0.0,0.0,0.0,0.0,0.0,0.0,0.0,0.0,0.0,0.0,0.0,0.0,0.0,0.0,0.0,0.0,0.0,0.0,0.0,0.0,0.0,0.0,0.0,0.0,0.0,0.0,0.0,0.0,0.0,0.0,0.0,0.0,0.0,0.0,0.0,0.0,0.0,0.0,0.0,0.0,0.0,0.0,0.0,0.0,0.0,0.0,0.0,0.0,0.0,0.0,0.0,0.0,0.0,0.0,0.0,0.0,0.0,0.0,0.0,0.0,0.0,0.0,0.0,0.0,0.0,0.0,0.0,0.0,0.0,0.0,0.0,0.0,0.0,0.0,0.0,0.0,0.0,0.0,0.0,0.0,0.0,0.0,0.0,0.0,0.0,0.0,0.0,0.0,0.0,0.0,0.0,0.0,0.0,0.0,0.0,0.0,0.0,0.0,0.0,0.0,0.0,0.0,0.0,0.0,0.0,0.0,0.0,0.0,0.0,0.0,0.0,0.0,0.0,0.0,0.0,0.0,0.0,0.0,0.0,0.0,0.0,0.0,0.0,0.0,0.0,0.0,0.0,0.0,0.0,0.0,0.0,0.0,0.0,0.04575946178546285,0.0017774705214633412,1.0254170555151856e-10,-1.577513412159975e-9,-2.1998016324720023e-5,-1.9987979911381025e-5,-5.95882405252327e-7,4.3186190446755605e-8,0.010949013141763386,0.0019945427109630087,-1.1028501599795836e-11,2.376116018135716e-9,0.0009438271778642206,4.722665999369881e-7,9.325949585395208e-10,-4.409073872678709e-7,-0.00014887060023256849,-4.4276572582082145e-7,0.003167882027725969,-8.364996885143094e-5,-0.00018292683104022213,0.00014411820634778707,6.672014884898719e-12,5.824911838883839e-5,1.212824931540553e-7,0.0012300302187572435,4.246802983744737e-5,-2.8822003906340774e-8,2.2577039209437786e-11,-3.305721971158306e-5,-0.003411235804717714,0.0025939795002227406,0.010135210477053484,-0.0002488889856915498,-1.0978292538167223e-10,1.971267307591656e-9,-0.0014296480772873212,3.5652123925722e-7,0.00408785823492572,-0.0033862905987042734,-0.00041333381481486336,0.0031307083354435946,4.721662188833481e-7,-5.1654890769597654e-5,0.00759390674277381,4.716132682876519e-8,1.1938115974143251e-11,-2.3340223044687476e-7,-5.777882026524582e-6,-0.012340026257775152,-0.00048680990287042523,0.004168001815996356,-3.7947649375544015e-6,-0.00016913938920291199,-4.275523265811653e-9,1.813923614038428e-8,0.007544355601467182,2.6833449287992484e-7,-0.00960249945704996,0.0009077882584752782,-0.0009248365034669248,-4.957475803156445e-12,-0.0017702239704928838,-3.2118046792501136e-8,1.145997666542401e-6,-0.0009360827634475286,-0.0002528020015600966,0.00019311683562439491,0.0019070050388490583,-2.42561442795488e-6,-5.938905029825348e-11,-6.291774557101837e-5,-3.2798222245701816e-10,-3.260604361542991e-11,-3.2413876892642863e-6,-2.153298166679767e-12,-7.17607976846864e-7,0.0012771665160010864,4.650332223116983e-5,2.628270691730788e-12,3.086219665080925e-11,-3.039802630022008e-5,0.002136052050401331,2.3818720281974563e-12,-1.5435491718806128e-11,-0.0006899938331596784,2.1509992947287516e-10,-0.00011669215490309652,-5.256838887575387e-8,4.427829230454685e-6,-9.9858277155896e-7,0.00022180408696824533,-0.000249817847723482,0.0003583311593251665,-1.4069231918154386e-8,-1.6824970660872857e-9,0.00410795584240483,-0.0020820909859078844,-0.011456942649966962,2.4547535794493995e-12,1.1627906379872971e-9,2.1829341245795958e-5,-0.0005890457796793788,3.54957916405706e-5,5.347836776420333e-6,-0.017170182872031797,4.732278650670147e-6,1.1714698943095656e-5,6.698023922906909e-5,0.00019472558584317985,-4.777081725476284e-10,4.75222770044111e-6,4.225286723428097e-5,2.8226952387326766e-12,1.1350328734161508e-5,2.8532604955761075e-8,-6.580376165679085e-8,3.6075331906246255e-8,-0.0002722907966367572,9.194091595009719e-5,9.922285766545209e-13,-1.5951507424219136e-11,2.6455014354558348e-12,-2.4803522117707413e-5,-0.00244858646039998,-0.004680061018093126,3.2583705833565193e-10,1.0654905683636138e-7,3.486132542035768e-13,4.6790832228794304e-8,-1.107994961698429e-9,0.008667649677469294,1.0437176717028292e-12,0.0003201066485258298,2.01783593968179e-6,-1.1798041571145447e-6,1.347411496126709e-9,-0.0005957135811374581,0.005466107859035969,0.00035472197639568534,1.8360983565673085e-11,8.037362355395898e-5,-1.748256350972795e-9,-0.00013369221530368548,1.6387104546107926e-9,0.0011743427843231172,-2.683826513550586e-5,-2.727853472629887e-10,1.4814962717531934e-5,1.7278083877304248e-8,-5.246308047412339e-10,-4.1760410072619886e-7,3.588133467493661e-7,0.009786778432818331,8.254523303477696e-11,-2.7492207204116265e-10,-1.6776916314545884e-5,-2.5691646514391997e-8,2.507750131368194e-10,1.4166907770267214e-6,-8.107396700556179e-10,-0.0021409609518195077,-2.144120899499818e-8,0.005015322093636001,1.3905976948275216e-5,-2.7742202155815105e-11,6.722189657207872e-5,4.291523394382926e-10,3.722081432605061e-12,4.239087778654125e-7,7.694729653078947e-5,9.984278531175489e-5,1.9988979976364768e-11,1.8021218930825654e-10,-0.0016105718772445857,-0.0017965756751441037,-0.002122117692986784,0.0005918883644983598,3.2287781730253674e-5,-3.139650957017335e-11,5.930868765898867e-6,6.311199561339464e-11,-0.00011629337910340066,3.0322748423322123e-7,0.0009761562198809604,-0.00012913614408026458,-2.0267188056365086e-11,2.457786867037831e-7,0.000910841459354293,-7.167575413819678e-5,-7.118945141270754e-8,-1.154137718304442e-8,0.01955125139891213,4.112774310190712e-11,-1.424963208478215e-9,-0.00039249349780919827,-2.3266961892018822e-5,-9.216073380317979e-6,1.3681569275658153e-5,-0.0012615709997559502,-1.9256874885805415e-8,-7.741698622243998e-6,-6.324040179151962e-13,3.262842808825139e-11,2.8012046493938364e-8,1.6671677280126234e-11,-0.00014550449289899372,-0.0012594692031227116,0.00015270491686168586,-1.2048765910130033e-8,-1.3560352544745685e-7,2.3336419838810557e-9,1.8550697281541752e-13,0.003024947520893003,-2.1182856943090985e-6,-0.00035362022225105585,4.4086183429187656e-5,-0.000206421854625195,0.008260842996835679,1.5541333619238634e-10,0.0004984414319839831,7.779210754816661e-9,8.359487097323161e-9,2.1042876738729848e-10,-9.336312921538331e-5,2.0283038915245779e-10,-6.0743626336643535e-6,5.122818245898569e-10,-5.026323796200022e-12,-1.140923859270663e-11,-3.2385403869276546e-5,1.626277120245361e-5,-0.0001650315729693444,-2.5910533583229024e-5,2.0869977688445864e-5,1.7654261310218218e-8,5.887865559574473e-5,1.1393011012224167e-7,-2.719825778063168e-10,-8.194296461754456e-10,1.3879215414201288e-12,-4.357463586610781e-7,2.9656941130956375e-10,1.4648975101378202e-5,-2.532055731395101e-9,5.5104319009166085e-9,1.0476257699150329e-6,3.2012844172426925e-11,-1.748007875029787e-11,4.094305419858653e-11,-0.00025455606977954056,4.367699893053169e-9,-0.002520172351664514,1.5446107616231342e-6,2.0273866423137852e-12,-0.00024362775550361906,-0.005571461574403791,-1.2190008276359888e-7,0.00021735942167123895,1.1064801138732809e-7,-3.739444537514854e-10,-0.004104231296519161,-2.406198564066628e-5,-2.946799698688921e-5,-1.6421742853569002e-9,5.952875722605778e-6,-5.3305740628536245e-12,0.0010966519112098852,2.155021098307313e-6,-2.760380052179923e-8,-0.004011363546540821,-4.577990686993617e-12,-0.0072923442110179315,3.900942218592967e-11,5.687144897703886e-10,2.4694794433029476e-12,-0.0020794049766466515,-0.0005865515742620856,-4.5259505827811194e-6,-1.1827402937971336e-5,-3.6947536790482396e-12,0.013027917010828415,0.001306929828924349,-1.7417796499697442e-7,1.1778786222351505e-9,-0.002715448544512251,1.9201162962409295e-5,3.7932622264191108e-6,-1.0845716340573428e-8,1.8721112066491877e-8,0.0004997202935415188,0.00019829195135917857,3.0037322329661955e-10,-4.986624333466705e-8,-8.932143825370174e-8,-0.011627671242884828,-4.540784331858089e-6,1.2055853823117046e-9,1.4175471403642327e-5,-0.0005889667008281804,-0.0001506372517200293,1.194613816146442e-11,2.5286091230395434e-10,7.2064055402252145e-9,-4.0924458182429784e-10,1.3084327139814471e-8,-5.372674185473373e-9,-0.0020824239931070054,0.00018148129085492456,2.360302204408812e-13,1.2078334312914185e-7,3.604636027536696e-5
0.0,0.0,0.0,0.0,0.0,0.0,0.0,0.0,0.0,0.0,0.0,0.0,0.0,0.0,0.0,0.0,0.0,0.0,0.0,0.0,0.0,0.0,0.0,0.0,0.0,0.0,0.0,0.0,0.0,0.0,0.0,0.0,0.0,0.0,0.0,0.0,0.0,0.0,0.0,0.0,0.0,0.0,0.0,0.0,0.0,0.0,0.0,0.0,0.0,0.0,0.0,0.0,0.0,0.0,0.0,0.0,0.0,0.0,0.0,0.0,0.0,0.0,0.0,0.0,0.0,0.0,0.0,0.0,0.0,0.0,0.0,0.0,0.0,0.0,0.0,0.0,0.0,0.0,0.0,0.0,0.0,0.0,0.0,0.0,0.0,0.0,0.0,0.0,0.0,0.0,0.0,0.0,0.0,0.0,0.0,0.0,0.0,0.0,0.0,0.0,0.0,0.0,0.0,0.0,0.0,0.0,0.0,0.0,0.0,0.0,0.0,0.0,0.0,0.0,0.0,0.0,0.0,0.0,0.0,0.0,0.0,0.0,0.0,0.0,0.0,0.0,0.0,0.0,0.0,0.0,0.0,0.0,0.0,0.0,0.0,0.0,0.0,0.0,0.0,0.0,0.0,0.0,0.0,0.0,0.0,0.0,0.0,0.0,0.0,0.0,0.0,0.0,0.0,0.0,0.0,0.0,0.0,0.0,0.0,0.0,0.0,0.0,0.0,0.0,0.0,0.0,0.0,0.0,0.0,0.0,0.0,0.0,0.0,0.0,0.0,0.0,0.0,0.0,0.0,0.0,0.0,0.0,0.0,0.0,0.0,0.0,0.0,0.0,0.0,0.0,0.0,0.0,0.0,0.0,0.0,0.0,0.0,0.0,0.0,0.0,0.0,0.0,0.0,0.0,0.0,0.0,0.0,0.0,0.0,0.0,0.0,0.0,0.0,0.0,0.0,0.0,0.0,0.0,0.0,0.0,0.0,0.0,0.0,0.0,0.0,0.0,0.0,0.0,0.0,0.0,0.0,0.0,0.0,0.0,0.0,0.0,0.0,0.0,0.0,0.0,0.0,0.0,0.0,0.0,0.0,0.0,0.0,0.0,0.0,0.0,0.0,0.0,0.0,0.0,0.0,0.0,0.0,0.0,0.0,0.0,0.0,0.0,0.0,0.0,0.0,0.0,0.0,0.0,0.0,0.0,0.0,0.0,0.0,0.0,0.0,0.0,0.0,0.0,0.0,0.0,0.0,0.0,0.0,0.0,0.0,0.0,0.0,0.0,0.0,0.0,0.0,0.0,0.0,0.0,0.0,0.0,0.0,0.0,0.0,0.0,0.0,0.0,0.0,0.0,0.0,0.0,0.0,0.0,0.0,0.0,0.0,0.0,0.0,0.0,0.0,0.0,0.0,0.0,0.0,0.0,0.0,0.0,0.0,0.0,0.0,0.0,0.0,0.0,0.0,0.0,0.0,0.0,0.0,0.0,0.0,0.0,0.0,0.0,0.0,0.0,0.0,0.0,0.0,0.0,0.0,0.0,0.0,0.0,0.0,0.0,0.0,0.0,0.0,0.0,0.0,0.0,0.0,0.0,0.0,0.0,0.0,0.0,0.0,0.0,0.0,0.0,0.0,0.0,0.0,0.0,0.0,0.0,0.0,0.0,0.0,0.0,0.0,0.0,0.0,0.0,0.0,0.0,0.0,0.0,0.0,0.0,0.0,0.0,0.0,0.0,0.0,0.0,0.0,0.0,0.0,0.0,0.0,0.0,0.0,0.0,0.0,0.0,0.0,0.0,0.0,0.0,0.0,0.0,0.0,0.0,0.0,0.0,0.0,0.0,0.0,0.0,0.0,0.0,0.0,0.0,0.0,0.0,0.0,0.0,0.0,0.0,0.0,0.0,0.0,0.0,0.0,0.0,0.0,0.0,0.0,0.0,0.0,0.0,0.0,0.0,0.0,0.0,0.0,0.0,0.0,0.0,0.0,0.0,0.0,0.0,0.0,0.0,0.0,0.0,0.0,0.0,0.0,0.0,0.0,0.0,0.0,0.0,0.0,0.0,0.0,0.0,0.0,0.0,0.0,0.0,0.0,0.0,0.0,0.0,0.0,0.0,0.0,0.0,0.0,0.0,0.0,0.0,0.0,0.0,0.0,0.0,0.0,0.0,0.049342755252851124,1.3551547089510793e-9,-2.3840385617789464e-9,0.0003981382725382656,-1.9642698623064295e-5,-1.4635298605072161e-5,-6.954232633440631e-7,0.0034810718412499942,-0.0011133174666760532,2.0200902404985643e-11,-5.549937666444966e-9,-0.00011691268834851214,-6.01093350316282e-6,1.9066527536301275e-9,3.1595821417575273e-7,0.0005858650993139728,-2.1813954308764883e-7,-0.0009905308650595508,-0.003408109629117825,0.001513477408671664,0.00037648754065773804,6.066802526955037e-13,0.0005241250010527302,-8.766208261818956e-7,-0.0004853618652197208,-1.4924782657039143e-5,-1.1493508716349697e-5,-2.548591360509815e-10,7.681812786482713e-6,0.00027727866564694777,1.9814429664267443e-5,0.0007612514997929532,-5.991387202219522e-5,2.332266241978733e-10,1.6931380167930353e-8,0.007489017496652636,-1.0538861336048963e-6,-0.005430928134399129,1.3239198603034305e-5,-0.0002131314836508866,-0.0016609581884494543,-1.4073184475149812e-5,2.7546380761890136e-6,6.995243918824438e-5,-8.906513577906724e-9,-1.4258626280408565e-10,3.351970352137285e-6,5.850336722195383e-5,-0.000573292222174141,0.0018416124322117213,0.0007757534878971442,1.6249753818668846e-5,4.729969391086986e-5,-3.7271942850690104e-8,1.719754753774152e-8,-0.00018490918521885938,4.6187518307768305e-6,0.0012701416138929211,-1.8114932179030045e-5,0.0016945235647549718,-2.7027425737354167e-11,0.00035971220653238076,-6.717786630401823e-6,1.4574446687239445e-6,0.00028256608991431573,-6.006219539317648e-5,0.0004891437304553732,0.00014576505935319124,-8.620281465589146e-6,-2.8102928817116415e-10,1.121317282889801e-6,6.443423748067275e-10,-1.0338484954741046e-10,-3.113288991679306e-5,7.380362647133279e-12,-9.01215437254792e-6,0.015317213959443994,0.002732392011433794,6.134582461006433e-11,7.867868050780364e-8,0.0002554777924381647,6.856437451366595e-5,-7.921760434594081e-11,-7.03654738492917e-10,-1.3805151192944404e-5,-1.1517768285463429e-8,0.00018085527012220843,-8.609463045453874e-8,1.3114951517383741e-5,3.6110551495965626e-6,-0.004132434888179286,-0.002230803860356771,-0.008130904788248908,3.08210811453837e-8,-4.451194918874034e-7,0.0032322706615600795,0.0032146324506686463,2.0891747287523837e-5,4.655629028142915e-12,-1.9146416683244217e-9,-2.3410713341213492e-6,-8.966064847318374e-6,-9.917383579200832e-5,-4.3891164005872575e-6,0.0036028624993714705,-0.0002303301702349116,0.0001299646162992557,0.0010316783361810232,-0.0015273641967686073,2.1093933957206396e-9,1.2347584440614152e-5,-1.9446079552769926e-6,6.569540877076944e-12,-6.878569880238901e-5,2.7845046077236415e-6,-4.399135383036997e-7,-5.09928397272481e-7,-1.6411151850351343e-5,6.959950534042237e-7,-7.883448707536048e-12,5.985824546109546e-11,-1.2404223176532088e-12,3.298421758533913e-5,0.0006330723844351053,0.00034180639559029067,8.978989821331745e-8,-8.018735357011598e-7,9.3991631291454e-12,3.5758686131480976e-7,-1.5284265463532846e-8,0.0016061059183431576,1.1390819523611297e-11,0.005737686741586339,3.712356199798549e-6,-1.4167607959740285e-5,1.1519382470229202e-8,-0.002305548031127763,-0.0006002580274380531,0.004197356969544315,7.027209332986582e-11,-7.386588670364747e-6,1.1385078082731161e-8,-0.00018609044605260875,4.059423407320926e-9,0.0005486239025308645,-2.7666672036190103e-6,1.3308211545869797e-9,-9.564153976023104e-6,-7.41377034417295e-8,-5.227915309402475e-8,5.326339708440596e-6,1.0478959138175501e-6,-0.0009074559666784639,1.3329721221769834e-10,5.879898147918209e-11,-0.00017805212062205558,-1.3833234698988422e-7,-1.0932417206622011e-9,-2.8441327174593296e-5,-1.4922649402476372e-8,-0.0025057081132336947,-5.751442837189472e-7,-0.00021335955545951138,-3.5233805887585146e-5,-7.446239098334313e-11,-2.7673485569168396e-6,-3.476523059998449e-10,2.0423584571706737e-12,-1.444340055177558e-6,-8.8111029403578e-6,0.0005545074711796611,4.61525462225196e-10,3.0950307638916657e-10,0.00373894225855293,-3.709024248690347e-5,-0.0002402539900802745,0.0018069653001672843,-0.00027258961765702416,-5.10863950409845e-10,-1.144382635533534e-5,1.86856930982693e-9,-1.7195427862156933e-5,-3.2109147239679687e-6,0.0032738169800682736,0.0019979814443828654,2.1657335369738884e-10,-9.143208818831042e-7,-0.0034887539722301525,-0.00017452791370593188,8.02045966591046e-8,-2.976852100254627e-6,-0.0004036249723130997,2.5161718790168427e-10,6.827077713086966e-9,0.00038955405303198556,-0.0004936842164041952,0.00019513593714372672,0.00017067677115885073,-4.649771644957264e-5,-7.430486730781182e-8,0.00010694621614856808,4.820015456858951e-13,5.37944575426676e-11,1.2001663504475673e-7,-3.248908001219783e-10,4.9648193345217925e-5,-6.798620107155891e-5,5.3116883358021e-6,4.6024226283631475e-9,9.60151349405286e-7,-2.212898138008589e-8,-1.5450304439428647e-11,-0.0006798065156524631,-1.647601653091506e-5,1.4160460901585301e-5,0.001999401043369186,0.01062276244715161,3.278410986585247e-5,2.025587173147707e-9,0.0031144682053782435,-5.595428180403039e-8,4.2147680038274806e-7,1.6115743589204871e-9,8.955515320500252e-6,7.369879016274915e-10,-5.5398832438718055e-5,1.7333814623588755e-9,5.096302325179133e-11,1.5298480825286356e-10,-0.0004204501582144388,-0.00012198713133095735,-5.6723866437339964e-6,3.7835619353343574e-7,5.423859613571052e-6,1.712659796030085e-7,5.258637929584016e-5,2.4412891754663133e-7,-2.8198443787081707e-10,-2.1274951026848682e-9,1.7035435215580246e-11,5.067147830498144e-6,-7.501426331023107e-10,-1.3545184676506758e-8,3.925828945745797e-7,1.3074897891787303e-8,-1.5586414632739482e-5,-3.6019057947046014e-10,-2.5314260673900035e-10,8.481272382968133e-10,3.4148983673383497e-6,-1.8749036913441316e-8,-0.000745628281728296,1.5529086358185213e-6,2.2537241464631645e-12,-0.002604100831617439,0.0015435007456757247,2.511837769743567e-6,-1.3277474242922332e-5,2.821559508137379e-6,2.4943477920694186e-9,0.00507829909439402,-0.00012157832697643376,3.071428325890371e-5,-6.739196418710198e-9,-0.0001045936433135231,9.700752987673882e-12,6.279445117907875e-5,-0.00023545377287141882,2.428967778031254e-8,-0.007691010545704451,4.904179023714189e-10,-0.0005526789512035334,-4.5709323466835696e-11,1.923761899890522e-9,-3.09689081269032e-12,0.0026965265605751313,-0.00990588965614108,0.00015195275051316625,3.1758099799663715e-5,2.2519735442523157e-11,0.003496198998849574,-0.00029837707094009056,3.7516165358770354e-6,1.1987260519633046e-8,0.00018847689203563509,-1.2727908264122248e-5,5.4354088348177605e-5,-5.662090660242649e-10,5.312783935281578e-8,-4.951596089598453e-5,-3.62006794119849e-7,-3.927002331041666e-9,-2.511709888995079e-7,-2.7193963228288477e-5,-0.006619144524141566,1.3665851910095695e-5,2.674812061277339e-9,-3.126722359439578e-6,0.006871564092422017,-0.000999779629351979,2.227581221356172e-10,-1.7233554228514185e-9,1.3435324824692806e-7,-1.2464659264663893e-8,-9.60579539227677e-8,9.98770500366413e-8,-0.0001432849710296041,-1.8628635615381466e-5,-7.546228408257266e-12,8.12602518840816e-6,-1.3250479616902902e-6
0.0,0.0,0.0,0.0,0.0,0.0,0.0,0.0,0.0,0.0,0.0,0.0,0.0,0.0,0.0,0.0,0.0,0.0,0.0,0.0,0.0,0.0,0.0,0.0,0.0,0.0,0.0,0.0,0.0,0.0,0.0,0.0,0.0,0.0,0.0,0.0,0.0,0.0,0.0,0.0,0.0,0.0,0.0,0.0,0.0,0.0,0.0,0.0,0.0,0.0,0.0,0.0,0.0,0.0,0.0,0.0,0.0,0.0,0.0,0.0,0.0,0.0,0.0,0.0,0.0,0.0,0.0,0.0,0.0,0.0,0.0,0.0,0.0,0.0,0.0,0.0,0.0,0.0,0.0,0.0,0.0,0.0,0.0,0.0,0.0,0.0,0.0,0.0,0.0,0.0,0.0,0.0,0.0,0.0,0.0,0.0,0.0,0.0,0.0,0.0,0.0,0.0,0.0,0.0,0.0,0.0,0.0,0.0,0.0,0.0,0.0,0.0,0.0,0.0,0.0,0.0,0.0,0.0,0.0,0.0,0.0,0.0,0.0,0.0,0.0,0.0,0.0,0.0,0.0,0.0,0.0,0.0,0.0,0.0,0.0,0.0,0.0,0.0,0.0,0.0,0.0,0.0,0.0,0.0,0.0,0.0,0.0,0.0,0.0,0.0,0.0,0.0,0.0,0.0,0.0,0.0,0.0,0.0,0.0,0.0,0.0,0.0,0.0,0.0,0.0,0.0,0.0,0.0,0.0,0.0,0.0,0.0,0.0,0.0,0.0,0.0,0.0,0.0,0.0,0.0,0.0,0.0,0.0,0.0,0.0,0.0,0.0,0.0,0.0,0.0,0.0,0.0,0.0,0.0,0.0,0.0,0.0,0.0,0.0,0.0,0.0,0.0,0.0,0.0,0.0,0.0,0.0,0.0,0.0,0.0,0.0,0.0,0.0,0.0,0.0,0.0,0.0,0.0,0.0,0.0,0.0,0.0,0.0,0.0,0.0,0.0,0.0,0.0,0.0,0.0,0.0,0.0,0.0,0.0,0.0,0.0,0.0,0.0,0.0,0.0,0.0,0.0,0.0,0.0,0.0,0.0,0.0,0.0,0.0,0.0,0.0,0.0,0.0,0.0,0.0,0.0,0.0,0.0,0.0,0.0,0.0,0.0,0.0,0.0,0.0,0.0,0.0,0.0,0.0,0.0,0.0,0.0,0.0,0.0,0.0,0.0,0.0,0.0,0.0,0.0,0.0,0.0,0.0,0.0,0.0,0.0,0.0,0.0,0.0,0.0,0.0,0.0,0.0,0.0,0.0,0.0,0.0,0.0,0.0,0.0,0.0,0.0,0.0,0.0,0.0,0.0,0.0,0.0,0.0,0.0,0.0,0.0,0.0,0.0,0.0,0.0,0.0,0.0,0.0,0.0,0.0,0.0,0.0,0.0,0.0,0.0,0.0,0.0,0.0,0.0,0.0,0.0,0.0,0.0,0.0,0.0,0.0,0.0,0.0,0.0,0.0,0.0,0.0,0.0,0.0,0.0,0.0,0.0,0.0,0.0,0.0,0.0,0.0,0.0,0.0,0.0,0.0,0.0,0.0,0.0,0.0,0.0,0.0,0.0,0.0,0.0,0.0,0.0,0.0,0.0,0.0,0.0,0.0,0.0,0.0,0.0,0.0,0.0,0.0,0.0,0.0,0.0,0.0,0.0,0.0,0.0,0.0,0.0,0.0,0.0,0.0,0.0,0.0,0.0,0.0,0.0,0.0,0.0,0.0,0.0,0.0,0.0,0.0,0.0,0.0,0.0,0.0,0.0,0.0,0.0,0.0,0.0,0.0,0.0,0.0,0.0,0.0,0.0,0.0,0.0,0.0,0.0,0.0,0.0,0.0,0.0,0.0,0.0,0.0,0.0,0.0,0.0,0.0,0.0,0.0,0.0,0.0,0.0,0.0,0.0,0.0,0.0,0.0,0.0,0.0,0.0,0.0,0.0,0.0,0.0,0.0,0.0,0.0,0.0,0.0,0.0,0.0,0.0,0.0,0.0,0.0,0.0,0.0,0.0,0.0,0.0,0.0,0.0,0.0,0.0,0.0,0.0,0.0,0.0,0.0,0.0,0.0,0.0,0.0,0.0,0.0,0.0,0.0,0.0,0.0,0.0,0.0,0.0,0.0,0.0404783634142283,0.0018421136141577618,1.2735969849412515e-7,-3.31008428748412e-7,-6.566318687591817e-7,-7.345510874359507e-5,4.8478369770390384e-11,1.0807038157786684e-10,0.00019907976085261264,-0.001711060686903573,2.8118758143779073e-11,1.97172227111878e-5,0.0012496258270597933,-3.0204423797749617e-5,1.9907875010798587e-8,-7.056236271519949e-5,-2.3149910906019086e-10,1.7462014307019267e-8,1.3846354751665616e-8,2.290876915821474e-8,9.591462257059762e-5,-1.0365953982259304e-7,1.3401018283882494e-5,1.275832221982184e-10,1.4798504742083329e-12,1.968930678416751e-5,-0.0008073456443484832,1.4412880138629286e-12,-2.2841398342819907e-11,-2.3437086763278138e-11,2.134663317141362e-10,-6.642328637416932e-8,-0.0035903059561428544,-0.0011447094886079953,-1.5633264047865008e-8,0.00011360110546014592,-1.9497369596678535e-9,-2.558353909614469e-11,-2.48567230490737e-11,-7.2533263433756336e-9,-2.5221716612909168e-5,-8.572896190784395e-13,-9.643804401720025e-11,-1.4029507202107046e-5,0.0002496282226629973,0.00011980721016552702,4.2309248776574106e-7,4.511315952541448e-10,-4.870035755129594e-9,-7.280823719023682e-11,3.344953621172884e-6,-1.4747551356025514e-11,-0.005452947539108384,-0.002535470865481679,-1.3555577074439175e-10,-2.9911471815549997e-6,-7.884109292156546e-10,4.0698433549910045e-12,3.5058042547043096e-11,3.470244107788422e-5,1.121981380447643e-9,3.909458598352176e-5,2.093635402288219e-6,-8.401939785565343e-11,-1.8320166810780342e-11,7.313259794433308e-10,-1.4218645300048953e-11,-1.6895310163985355e-6,0.0008240308921687243,-2.7519030449811283e-13,-0.010273830933054975,-0.005351568481627831,1.9028803948499597e-12,1.1651316235787627e-6,5.388068834560417e-6,2.7696511798048724e-9,3.1967480876115676e-8,-6.343243290708623e-5,0.000138503852052237,-2.0908865602293893e-8,2.068966933584267e-12,6.256595200459097e-5,0.006182424371208319,-1.3044212142053268e-12,-0.007634818158715852,-2.23533178812315e-9,-0.0001146227633896293,3.606801028895353e-6,9.844812566754887e-6,-2.0629665759870126e-8,-3.0917161796508886e-10,-8.601259819720076e-9,0.0005043375408033421,-0.00018700873226256602,-3.1640458215114666e-9,-1.5699176844311223e-10,-2.294952707773594e-10,1.8782410657963114e-5,-0.005495264913036621,2.848241499299718e-14,1.1377057556550034e-11,1.1242982395077078e-7,3.244660703347296e-13,5.202440038441685e-10,-1.2259991167882382e-7,5.546887128744583e-7,2.984357291855265e-8,-6.892702695032345e-8,-0.011583328794593417,4.817854978330699e-6,7.790029545851592e-13,6.304298850718092e-5,-6.386779039690319e-7,-1.1425089585477803e-7,0.00014170815990270015,0.00027481761464711647,3.5419890451699306e-12,7.155878020482995e-13,7.986294927299612e-6,0.0003984144087977034,-4.935815891965818e-5,-1.28010236938101e-7,9.172857522694451e-11,1.0332907051505983e-10,0.0007180316117051309,0.00020927275534461643,-2.969593752673858e-5,7.190628379649046e-5,-0.0019906908328558553,-8.444944925798397e-10,4.067165194469331e-5,-2.050197365284804e-8,1.4695868609162341e-6,-1.2522708881038516e-5,0.0017191416534540508,-1.842974670489075e-9,-9.565521646622814e-10,-8.156900895968642e-9,0.001435196305938758,4.601947065217252e-13,0.006243320305015682,-1.2765681458662363e-10,0.0017157114359169898,-7.172260911134003e-11,6.022920610753004e-13,-0.004490516891727493,3.0942263219299084e-7,-0.0002446001756350786,-0.00027077951794525143,-1.5825272556808972e-5,-1.1880280269249249e-5,1.5078984584564311e-10,0.0010495721288956462,-0.0011701878145447455,-3.97425579333499e-8,0.0001376496811856446,-0.02215525333569174,-1.2515061337467037e-6,-0.0024564646412332278,1.2859553377604701e-8,4.203790720359984e-6,1.2680420993739357e-11,6.566524746159136e-7,-6.286358899552466e-5,-8.001061491832934e-12,-0.0015869831270293412,1.1552902177248715e-5,1.219746593438027e-5,-3.217125425910118e-12,9.817328875172835e-13,0.005820217457242703,-0.015191480611712209,1.0789661869084799e-8,-7.190372212184722e-12,3.2323781978801284e-11,-3.2502262831872003e-9,-8.776774227941462e-8,0.002577601283567301,-1.5394933987352725e-6,0.002051658566784537,4.204509158669966e-12,2.2255188025318316e-6,8.773932585437657e-9,1.2912235312309583e-8,-0.0047637825618970535,8.641183607125408e-6,-2.1206281304649583e-10,-2.260744071390423e-8,2.2019365805312563e-6,9.46073871343929e-6,2.559402343649993e-10,0.0015513401721299579,-0.006061895720416594,-4.062037818707962e-9,-3.368821177330707e-7,-5.936425189150888e-7,7.64143727630506e-8,-1.2993163627139173e-11,-0.0002995837880593628,-3.3744450208637206e-7,-8.370219151086436e-6,0.004933703964484101,9.826410846803161e-6,-0.0007717410909885653,-9.00517031493656e-9,1.1904444330554422e-11,5.091336996074249e-12,0.00033202252551606097,0.00017422711891283438,0.001117910419147179,-4.124115221937548e-5,-1.370766183047794e-10,-7.823010141675464e-6,-1.8456146667790507e-12,-1.825149339491519e-8,-1.4781115051996574e-10,-4.180927582317133e-11,-0.0036749229152571255,-3.0324765433502587e-9,0.00021713191526869888,-0.00018118052622483446,0.0014580101077036481,-9.025323567533043e-13,0.0005538960585040357,-1.7631644742276414e-6,0.00044152848180699204,0.000551264066206421,0.0010116944908186093,-1.7212035451435752e-7,3.584374658497742e-7,3.711584603811538e-12,-1.5560865615889057e-14,-2.354746756264214e-12,1.81266575573832e-5,-7.027938108244477e-12,-2.8319884435118215e-5,0.00026050128059425156,-0.0002255422731655033,8.034800542779408e-5,7.503585895279292e-6,0.00508101463101382,2.1927416708915135e-13,-9.075574109989302e-5,0.0012187789534583082,-1.5122815399352758e-5,0.004053063803698493,-0.0016695682477345642,0.00285851665640292,7.546910172975547e-14,-0.0002534255451269533,4.5567625355283266e-9,-3.0174646758549758e-6,0.00022382122439560003,-2.6685516354501608e-8,-9.450735240991267e-10,-9.829316098568744e-6,3.141274117716513e-12,7.732074783097392e-5,0.01571850939046126,-1.0229354521673687e-9,-5.842985773682383e-7,1.5285520452139905e-8,0.0008186664163320382,-5.198672686573409e-7,-0.00015451822045105157,-1.9552423489609852e-11,-1.5680725906556077e-7,-8.222565559109565e-5,4.919845282548437e-9,0.002674179413601677,-2.106542458364905e-11,0.005309328653880362,0.0021687668612360824,-1.671822865298718e-5,4.956135549816025e-13,-4.44301450101136e-9,2.029249189348706e-7,-9.244060209583364e-8,-0.00011221159062712793,-8.541849347031015e-10,1.7025213097741e-11,-1.2108086998565475e-5,-0.0005073296576645842,8.466670874653817e-11,8.030667811302038e-7,9.567642289215756e-7,2.383314314134848e-5,8.130008858167884e-5,-1.4749293493618064e-12,-1.7635634486916212e-12,0.003612901399428676,-0.0002071066720002863,-1.3821232609030224e-6,-7.721268089113051e-11,1.1192483222335928e-6,-0.0027599674177444964,-2.1692691747703645e-7,-1.408228992324715e-9,-4.1962487981268704e-10,-0.0008400771962791076,-0.005245013537213987,-0.00010258214687135929,-0.0019773880071608254,0.0001232231873238922,0.0003593802831949139,3.4168605031002444e-11,1.4958172522263192e-11,-8.311659520912477e-5,1.521707387296942e-5,-2.064719196295224e-14
0.0,0.0,0.0,0.0,0.0,0.0,0.0,0.0,0.0,0.0,0.0,0.0,0.0,0.0,0.0,0.0,0.0,0.0,0.0,0.0,0.0,0.0,0.0,0.0,0.0,0.0,0.0,0.0,0.0,0.0,0.0,0.0,0.0,0.0,0.0,0.0,0.0,0.0,0.0,0.0,0.0,0.0,0.0,0.0,0.0,0.0,0.0,0.0,0.0,0.0,0.0,0.0,0.0,0.0,0.0,0.0,0.0,0.0,0.0,0.0,0.0,0.0,0.0,0.0,0.0,0.0,0.0,0.0,0.0,0.0,0.0,0.0,0.0,0.0,0.0,0.0,0.0,0.0,0.0,0.0,0.0,0.0,0.0,0.0,0.0,0.0,0.0,0.0,0.0,0.0,0.0,0.0,0.0,0.0,0.0,0.0,0.0,0.0,0.0,0.0,0.0,0.0,0.0,0.0,0.0,0.0,0.0,0.0,0.0,0.0,0.0,0.0,0.0,0.0,0.0,0.0,0.0,0.0,0.0,0.0,0.0,0.0,0.0,0.0,0.0,0.0,0.0,0.0,0.0,0.0,0.0,0.0,0.0,0.0,0.0,0.0,0.0,0.0,0.0,0.0,0.0,0.0,0.0,0.0,0.0,0.0,0.0,0.0,0.0,0.0,0.0,0.0,0.0,0.0,0.0,0.0,0.0,0.0,0.0,0.0,0.0,0.0,0.0,0.0,0.0,0.0,0.0,0.0,0.0,0.0,0.0,0.0,0.0,0.0,0.0,0.0,0.0,0.0,0.0,0.0,0.0,0.0,0.0,0.0,0.0,0.0,0.0,0.0,0.0,0.0,0.0,0.0,0.0,0.0,0.0,0.0,0.0,0.0,0.0,0.0,0.0,0.0,0.0,0.0,0.0,0.0,0.0,0.0,0.0,0.0,0.0,0.0,0.0,0.0,0.0,0.0,0.0,0.0,0.0,0.0,0.0,0.0,0.0,0.0,0.0,0.0,0.0,0.0,0.0,0.0,0.0,0.0,0.0,0.0,0.0,0.0,0.0,0.0,0.0,0.0,0.0,0.0,0.0,0.0,0.0,0.0,0.0,0.0,0.0,0.0,0.0,0.0,0.0,0.0,0.0,0.0,0.0,0.0,0.0,0.0,0.0,0.0,0.0,0.0,0.0,0.0,0.0,0.0,0.0,0.0,0.0,0.0,0.0,0.0,0.0,0.0,0.0,0.0,0.0,0.0,0.0,0.0,0.0,0.0,0.0,0.0,0.0,0.0,0.0,0.0,0.0,0.0,0.0,0.0,0.0,0.0,0.0,0.0,0.0,0.0,0.0,0.0,0.0,0.0,0.0,0.0,0.0,0.0,0.0,0.0,0.0,0.0,0.0,0.0,0.0,0.0,0.0,0.0,0.0,0.0,0.0,0.0,0.0,0.0,0.0,0.0,0.0,0.0,0.0,0.0,0.0,0.0,0.0,0.0,0.0,0.0,0.0,0.0,0.0,0.0,0.0,0.0,0.0,0.0,0.0,0.0,0.0,0.0,0.0,0.0,0.0,0.0,0.0,0.0,0.0,0.0,0.0,0.0,0.0,0.0,0.0,0.0,0.0,0.0,0.0,0.0,0.0,0.0,0.0,0.0,0.0,0.0,0.0,0.0,0.0,0.0,0.0,0.0,0.0,0.0,0.0,0.0,0.0,0.0,0.0,0.0,0.0,0.0,0.0,0.0,0.0,0.0,0.0,0.0,0.0,0.0,0.0,0.0,0.0,0.0,0.0,0.0,0.0,0.0,0.0,0.0,0.0,0.0,0.0,0.0,0.0,0.0,0.0,0.0,0.0,0.0,0.0,0.0,0.0,0.0,0.0,0.0,0.0,0.0,0.0,0.0,0.0,0.0,0.0,0.0,0.0,0.0,0.0,0.0,0.0,0.0,0.0,0.0,0.0,0.0,0.0,0.0,0.0,0.0,0.0,0.0,0.0,0.0,0.0,0.0,0.0,0.0,0.0,0.0,0.0,0.0,0.0,0.0,0.0,0.0,0.0,0.0,0.0,0.0,0.0,0.0,0.0,0.0,0.0,0.0,0.0,0.0,0.0,0.0,0.0,0.0,0.0,0.0,0.0,0.0,0.0,0.0,0.0,0.0,0.0,0.0,0.0,0.0,0.0,0.0,0.04174478438311785,-3.862569419847042e-8,3.949666835411806e-6,-1.6161516598948365e-6,-9.24189510973796e-5,-1.3623382022040479e-9,-6.266845011207258e-11,0.0004745284080732056,-0.0063276655250304485,4.2987083017349294e-11,-1.1265570597630537e-5,0.011346057815413086,0.00023144925902807327,1.004074747609578e-7,0.0001364296162959713,6.253081150619285e-11,4.925072768548739e-8,-4.2953671911144586e-8,-1.439276677870455e-7,-0.00014670068702624705,-3.5161832677777766e-7,-4.49699279293592e-5,-5.6868508803050137e-11,-3.969042146281146e-12,-1.682192738926509e-5,-0.000999831320076852,-4.8103059045103376e-12,2.4750774772283956e-10,3.5511452236991185e-10,-1.5965246054284768e-10,1.5853899417802197e-7,0.0026910785329060235,9.321661770018048e-5,4.183628369680594e-8,-0.00025935461179789625,-4.018308715698222e-9,1.982200882295316e-10,-1.0644116282875074e-10,5.266315197018487e-9,5.1041898450944015e-5,-4.645387798349993e-12,6.285909214836067e-11,-6.305099582583184e-5,-1.4429306819921288e-5,-0.0003628047134204417,-6.962655005299413e-7,-3.2480862745685553e-10,1.0955250798044801e-7,-3.9732472500037233e-11,9.104050235646571e-6,9.853560180759605e-12,0.00030622633107384037,-0.00040087237584050946,3.397325855714753e-10,-1.786895620368252e-6,6.736577493363604e-10,3.115326023482126e-11,1.5348792055564743e-10,5.862626517939024e-5,-5.407231790358003e-9,5.940201116400506e-5,-3.7887185872801015e-5,1.02559298134934e-10,-2.8415282100015507e-11,-1.8477535151338185e-8,2.202630301344203e-11,5.000136421334124e-6,0.0008347233317125144,-2.7058754615672973e-12,-0.00036056645825868365,-0.0004923133864242207,-6.548280755390214e-12,-9.841931464964192e-5,1.3556088696878769e-5,-2.363618589613813e-8,-1.0996184206982833e-8,2.372541017297041e-5,0.0010075294409079849,-3.940072327561778e-7,5.48836383508897e-11,-0.00027502998915956614,0.001783777402439823,-3.057114540368759e-12,-0.0009134047236592586,2.1206545841127357e-8,-6.199204851900061e-5,-8.792298835633014e-6,-1.497482268473918e-6,5.49956209171948e-9,-7.914441767656562e-10,-1.048844550997202e-10,0.000942333681209849,0.0001163926146036225,6.3303659516207135e-9,3.738777003020602e-9,-8.231120051258937e-11,-2.4380758139757083e-5,-0.0022591740875338496,3.245718622463414e-12,-1.7381400856204803e-11,9.30655337823245e-9,-4.6279266641531755e-12,1.3496014456723447e-9,1.0684753367843822e-7,-1.0182888397507256e-6,-7.152324000897153e-9,4.692265200576257e-8,-5.663499713089848e-5,-1.0332554619391627e-5,-1.0995410376780046e-12,-8.592047969525565e-5,2.2097724307930124e-8,-2.7208642141998583e-6,9.383947191644793e-5,0.0002333492524771741,-1.4261666208923763e-11,-4.528929959757174e-13,-3.079502315354454e-6,9.470436461576512e-5,-0.0001399575332280306,1.1850506625608278e-6,6.156517276935236e-10,-1.0727391211977299e-10,-0.0014096116950672517,-0.0002853665150167673,-9.445522683619072e-6,-0.00044452065990661395,0.004124422257272872,1.2308116831737028e-9,-4.5798029581375785e-5,3.1409230810742797e-9,-5.984580929231801e-7,1.0956311563976535e-6,0.005294884882919988,5.2242755733489376e-8,1.547596785499797e-10,-5.6175997858738164e-8,-0.00024174559892913296,2.830131058850817e-12,0.0007424040540528789,9.738193589768012e-11,0.006707549325768241,-1.6371082423933636e-11,-7.148043567651988e-13,-0.00365089027163329,-1.8184059021596236e-6,0.0005939448094167321,0.0006956689477524654,-4.197147658498372e-6,-2.579541834381872e-5,2.013904448259176e-10,-0.0008013288210502965,0.0032314643017039954,-3.0681891929856826e-8,-0.00017730030044361337,-0.002376141669391263,3.175443016182755e-6,-0.007362352891738719,5.811265076821684e-9,-5.899282921495051e-5,1.6960799417795515e-10,-1.5726847655452524e-6,0.0005053404201413201,-2.3905248251322978e-12,-0.011385935247966633,-6.237912238601772e-5,-1.596909528973081e-5,1.3088037857179212e-12,1.0668329350514582e-10,0.003257441356311685,0.0018369646977728507,-1.5367357459374791e-9,-7.119561074690034e-11,-1.374994568781335e-10,4.205819604738393e-9,-3.03931645811285e-7,-0.0006599953180764185,-2.028832794074405e-6,-5.271649910618058e-5,-2.8347827343964152e-12,-4.250979116013179e-6,-1.7037440867988165e-8,8.665648294741341e-8,-0.00014708949303918168,-4.4688828772913866e-5,-1.1013258894586893e-9,1.3563922212664471e-8,-1.5721916196793e-5,3.0667340938715453e-6,-8.832364395605625e-10,0.0003317741422135568,0.00141196776466919,9.081732841014823e-9,5.895819388443728e-7,9.166111446904127e-7,-1.9531028904523744e-7,-4.74731537018577e-11,0.00028101555756218107,6.222928109817412e-7,1.998855083999927e-5,-0.003426714742375457,0.00014755243028945423,-0.0006600199996067089,6.378351728001956e-8,-3.4948343631581665e-11,3.4375629993233823e-12,0.0004593762085826038,-0.0002524388188518599,-0.0022873982865570302,-7.234143022278102e-5,2.8390172872894107e-11,1.31475142796321e-5,-1.8501068754784605e-11,6.99572923593457e-8,6.780095191826594e-9,4.531673536203768e-10,0.002969561868645708,8.06581246264044e-9,-0.0012014211141554705,-0.0002370064490700556,0.017599888971522076,7.472976179190289e-14,-0.0026137135564383417,6.4966950946325195e-6,-0.00032546309606470167,-6.171107758563917e-5,0.001088430277028806,2.44247778110298e-7,7.789036593877429e-7,-9.059442549843445e-12,-9.5827559734671e-13,3.117578197074351e-12,-0.0020243494699921216,-1.8167980514488267e-11,-0.00010119475171130466,-0.000532721750087105,0.0007656528314638888,-0.00013636949018957476,-6.734280565530475e-6,-0.007209884223349302,2.998463257074968e-13,0.00014999961934877875,-0.005613120636537868,9.414373276447246e-6,-0.003088863381197286,-0.00017464864251751135,-0.0015096135156031705,-5.139187630427225e-12,-0.000672480551893008,3.6789558443975283e-9,-8.484051175821414e-6,7.334907228580304e-5,3.782207011294645e-8,1.2239727459457615e-9,8.833031678004905e-5,-3.1819645102020814e-12,-0.00023364757013481094,-0.00014345946306534778,7.759360751834204e-9,1.7817502982727774e-6,-1.4178630728808157e-7,0.006493860242439369,-9.469383109705465e-8,9.35739851013713e-6,1.2413305336355176e-10,5.26241172276389e-7,-6.921162175338706e-5,8.037310105080363e-10,0.0012159899329648185,4.8006088286552736e-11,-0.00011975289232535697,-0.004433221318713876,-8.714840133492295e-5,-2.191877984711279e-11,3.0087898872026234e-8,-5.965640345703558e-7,2.778825745453656e-7,0.00015474112086342104,-8.511442365278049e-10,-1.263505196420782e-10,-6.777677516663749e-7,-0.0005713063809189205,-9.426636511534707e-11,-9.503825938307155e-7,-2.1708747175329996e-6,-9.411316356770698e-5,0.00014696719347760911,7.389169417146654e-11,-3.036478830488792e-13,0.002617755584008369,0.00025359285953569454,3.540929130590101e-6,3.229497002752308e-9,2.598290735914604e-6,-0.01538070322786471,-1.4147550297398875e-6,1.581959282405353e-8,2.832213942712948e-9,0.00014110768304750957,0.0007226712849461909,-0.0002235140470859916,0.0015409913600790733,0.00035369305410888787,-0.0010079183474730456,-1.376406194672621e-10,-1.2365888204083091e-12,-7.100779781147414e-5,-3.7239824681765816e-5,2.3326065483087617e-13
0.0,0.0,0.0,0.0,0.0,0.0,0.0,0.0,0.0,0.0,0.0,0.0,0.0,0.0,0.0,0.0,0.0,0.0,0.0,0.0,0.0,0.0,0.0,0.0,0.0,0.0,0.0,0.0,0.0,0.0,0.0,0.0,0.0,0.0,0.0,0.0,0.0,0.0,0.0,0.0,0.0,0.0,0.0,0.0,0.0,0.0,0.0,0.0,0.0,0.0,0.0,0.0,0.0,0.0,0.0,0.0,0.0,0.0,0.0,0.0,0.0,0.0,0.0,0.0,0.0,0.0,0.0,0.0,0.0,0.0,0.0,0.0,0.0,0.0,0.0,0.0,0.0,0.0,0.0,0.0,0.0,0.0,0.0,0.0,0.0,0.0,0.0,0.0,0.0,0.0,0.0,0.0,0.0,0.0,0.0,0.0,0.0,0.0,0.0,0.0,0.0,0.0,0.0,0.0,0.0,0.0,0.0,0.0,0.0,0.0,0.0,0.0,0.0,0.0,0.0,0.0,0.0,0.0,0.0,0.0,0.0,0.0,0.0,0.0,0.0,0.0,0.0,0.0,0.0,0.0,0.0,0.0,0.0,0.0,0.0,0.0,0.0,0.0,0.0,0.0,0.0,0.0,0.0,0.0,0.0,0.0,0.0,0.0,0.0,0.0,0.0,0.0,0.0,0.0,0.0,0.0,0.0,0.0,0.0,0.0,0.0,0.0,0.0,0.0,0.0,0.0,0.0,0.0,0.0,0.0,0.0,0.0,0.0,0.0,0.0,0.0,0.0,0.0,0.0,0.0,0.0,0.0,0.0,0.0,0.0,0.0,0.0,0.0,0.0,0.0,0.0,0.0,0.0,0.0,0.0,0.0,0.0,0.0,0.0,0.0,0.0,0.0,0.0,0.0,0.0,0.0,0.0,0.0,0.0,0.0,0.0,0.0,0.0,0.0,0.0,0.0,0.0,0.0,0.0,0.0,0.0,0.0,0.0,0.0,0.0,0.0,0.0,0.0,0.0,0.0,0.0,0.0,0.0,0.0,0.0,0.0,0.0,0.0,0.0,0.0,0.0,0.0,0.0,0.0,0.0,0.0,0.0,0.0,0.0,0.0,0.0,0.0,0.0,0.0,0.0,0.0,0.0,0.0,0.0,0.0,0.0,0.0,0.0,0.0,0.0,0.0,0.0,0.0,0.0,0.0,0.0,0.0,0.0,0.0,0.0,0.0,0.0,0.0,0.0,0.0,0.0,0.0,0.0,0.0,0.0,0.0,0.0,0.0,0.0,0.0,0.0,0.0,0.0,0.0,0.0,0.0,0.0,0.0,0.0,0.0,0.0,0.0,0.0,0.0,0.0,0.0,0.0,0.0,0.0,0.0,0.0,0.0,0.0,0.0,0.0,0.0,0.0,0.0,0.0,0.0,0.0,0.0,0.0,0.0,0.0,0.0,0.0,0.0,0.0,0.0,0.0,0.0,0.0,0.0,0.0,0.0,0.0,0.0,0.0,0.0,0.0,0.0,0.0,0.0,0.0,0.0,0.0,0.0,0.0,0.0,0.0,0.0,0.0,0.0,0.0,0.0,0.0,0.0,0.0,0.0,0.0,0.0,0.0,0.0,0.0,0.0,0.0,0.0,0.0,0.0,0.0,0.0,0.0,0.0,0.0,0.0,0.0,0.0,0.0,0.0,0.0,0.0,0.0,0.0,0.0,0.0,0.0,0.0,0.0,0.0,0.0,0.0,0.0,0.0,0.0,0.0,0.0,0.0,0.0,0.0,0.0,0.0,0.0,0.0,0.0,0.0,0.0,0.0,0.0,0.0,0.0,0.0,0.0,0.0,0.0,0.0,0.0,0.0,0.0,0.0,0.0,0.0,0.0,0.0,0.0,0.0,0.0,0.0,0.0,0.0,0.0,0.0,0.0,0.0,0.0,0.0,0.0,0.0,0.0,0.0,0.0,0.0,0.0,0.0,0.0,0.0,0.0,0.0,0.0,0.0,0.0,0.0,0.0,0.0,0.0,0.0,0.0,0.0,0.0,0.0,0.0,0.0,0.0,0.0,0.0,0.0,0.0,0.0,0.0,0.0,0.0,0.0,0.0,0.0,0.0,0.0,0.0,0.0,0.0,0.0,0.0,0.0,0.0,0.0,0.0,0.0,0.0,0.0,0.0,0.0,0.0,0.05527415446865265,-0.0026256256606136614,-0.003255954509874373,-0.0002432376083747694,6.480041626858269e-6,7.373249257115254e-6,-6.238883059338706e-9,-1.0593273559575601e-6,-1.0965180879980903e-6,-0.000565598869054175,-1.301859995202661e-6,-0.0005567242613548233,-0.004036065628517855,-0.0003058311668630001,-1.6568286569096372e-5,-0.00128158164872367,0.00040247233962256506,0.009099306105673307,2.756506165139408e-10,0.011243790370673854,-0.00013328417392904145,1.2735584525961221e-6,2.1093456262749143e-7,-0.0020769516054790827,2.8361673597425673e-9,-7.16479601690021e-8,-1.984284934655698e-6,3.746779767503726e-6,-1.4685277280993795e-5,-0.00034131185986299804,1.1999774908691361e-8,-3.5873501734647095e-6,0.0012990811647946424,-0.00018667014287574983,9.996868295104477e-5,2.463938937630803e-6,1.9687655921590624e-6,0.0001684529906111692,-0.0011195958344379373,8.819957791442651e-8,4.190370820315108e-6,8.00594972946063e-5,-2.9926625623207234e-8,0.00010252875724889498,-0.0015976012002823436,-2.478347717312773e-5,0.002967903508936175,1.5202915498818855e-5,0.001452361895266766,8.041004988029334e-7,-1.0388918280842404e-5,8.513255124082204e-6,9.978375652291429e-6,0.0034827895935395795,-2.4896028279783334e-5,6.053770258016713e-7,6.467612477865905e-6,-1.1224381425791023e-8,-1.6507209771692343e-5,-0.0005977982979676072,-0.0003223585383231495,8.712927862993074e-7,6.533578156884643e-7,-0.0009559492968033411,-2.413324792926665e-6,-0.0012588529412758246,-1.822176090967631e-8,-1.0404848291969917e-8,-1.6767396517792303e-7,2.0551555462314326e-8,-1.5752557144002592e-7,7.629996633292117e-9,-0.002313499282520831,-0.0003093734539415703,8.456344814144157e-5,-2.85110148538831e-9,-3.679213494557475e-5,0.0006845498372520977,1.0992504066603733e-7,-1.0715688180997434e-8,-1.1419132428133635e-7,2.2009649291765048e-7,-1.2551115893993924e-6,0.0002768908541422359,-3.728792886159852e-5,0.0023766476706217157,-0.0013861808582710604,-5.544793751832037e-5,2.2191474589528187e-5,-0.0005323935731012848,4.956792500669694e-6,1.903519130941585e-5,3.183304065628663e-5,-2.3372588231017195e-5,1.5669489306846653e-5,3.8301762971494225e-9,-3.941776490274097e-7,8.42599704253764e-9,-1.1713314905833355e-7,-0.0005937285596633248,8.20543618250529e-8,1.709098908309401e-5,-0.02748002658032435,0.015340863353592634,0.0008038435293514011,-0.004051059430454402,-6.629734071541378e-7,-0.007301128516658966,-1.8001843452909365e-8,-3.8841408496851203e-10,-0.0005111378580428341,0.0010227942488721356,-1.0435459856165597e-5,-4.489050396695498e-6,2.9887268758175973e-7,3.3718156110080694e-8,7.403031661901371e-10,-2.0075786843449987e-9,3.3384621202418056e-9,-0.00014979961845514324,1.2738794772835529e-5,-2.0362080807759052e-6,1.0722775609182248e-5,1.8673375155161957e-5,2.5854429050683116e-9,9.30997731095665e-6,1.8072087539897503e-7,-9.340264168022651e-7,2.399817253199056e-9,0.001628716109388816,-0.0015851226068080754,0.0006146652600229578,4.73458641224262e-6,0.00024013946032551333,-1.0241073644415475e-5,0.004242300746057539,2.29535529906703e-8,1.0786201302164808e-7,-5.415129329015058e-7,6.549494519540174e-6,-1.1934999916705974e-6,-5.521684141268192e-6,-1.4952867136627882e-9,8.54255602325868e-7,-0.011213367153122534,9.456606073145845e-6,3.109878935577041e-6,-0.00018068824741056017,0.0003080118202368637,1.139678641765938e-5,4.956904429233736e-9,-2.0666477826196783e-7,0.00207247082883432,-6.922332423522949e-7,-9.803526566059698e-8,0.00018982444764730134,-1.001102962466036e-5,-4.15196554617942e-5,-0.00019619338083374559,4.661057615653669e-6,-0.012652672418002619,-2.2997663518398564e-9,6.026821642284057e-7,-1.2689296197013686e-9,1.011900020189465e-9,-0.00111906576636037,1.2659753976260748e-7,-4.202846248671033e-6,-1.0715018927874598e-8,2.5932417258653237e-7,0.000980032568997268,-4.1689113423552324e-7,3.2507794208917367e-7,0.0001822408048411032,9.807058555625851e-5,-2.631550994457076e-8,0.00026491463501722163,7.201498680868101e-9,3.189993157582379e-8,-0.0002619442157868789,-0.0005140913304943414,0.007807960350849853,8.71068051098979e-8,-0.00016810004117138381,1.3904800383056326e-5,0.00037259444309432736,-8.57588448403411e-5,-0.0004684857235819629,5.63018502847789e-6,-2.984042243751476e-8,1.2826035810957664e-6,0.00011482310354611429,-0.020582921934879633,0.018053657886391735,-0.0019051728251460896,-2.0084447609767288e-7,4.182655627394427e-6,0.0005742761201485794,1.5653837862106958e-10,-1.1272059657982854e-7,8.78611463283775e-5,-2.420552417877909e-9,0.0010123331009842353,-2.061634512546777e-6,-4.996227516371994e-8,3.3319370087869536e-6,-1.2396607903817995e-5,-2.391613703226119e-6,-5.609734026167804e-9,7.25500578165417e-6,-0.0010208170451633815,-4.85228227764556e-7,0.0012406371848161255,0.0002464493386525357,5.474713269147782e-6,-1.6961000440107014e-7,0.0002156222708366206,-8.804425765324083e-6,5.9851143432688924e-5,3.030040148509985e-7,-1.9648622327997114e-7,1.751349174218937e-9,-0.004536756799948186,-3.989914342059563e-7,1.41968784592386e-9,9.236362534053903e-9,-0.014723253573094147,0.0007540056591123387,-9.394669357590649e-8,2.0798935873308507e-8,-1.9862928592502466e-8,2.0471132704529742e-5,-8.868015394331438e-7,0.00012369898828102643,1.1206621982336303e-7,2.046997215872172e-6,2.425110240809899e-8,0.000777672126390063,4.6918863949868747e-8,1.5124916497254346e-8,1.0806122804906848e-5,-1.5097942925625944e-6,-0.0008645337095010082,1.442899482517339e-7,-1.4206206464252084e-8,6.291766534498147e-8,-1.7366736618568325e-7,4.7344809790271464e-6,-0.00021654229657803867,2.847936666146958e-5,4.722862553223887e-10,-0.004554290547083675,-1.7257396663676363e-5,0.000146743470736634,4.500139745041178e-7,0.000189139040458465,1.454419463168002e-7,-2.3825589409226222e-5,-0.002704890489237019,0.0037258603638479445,-3.504819190214857e-6,-0.006674845397369818,3.0601169108267592e-9,-5.866286808074889e-7,-0.0009830515257427182,-3.557063032206973e-5,4.665998271386587e-6,4.740707200167982e-8,4.138467403770591e-7,-2.6517903303622816e-8,6.045142875776327e-8,8.691059379445526e-10,-2.689218039835198e-5,0.00033258542888393383,0.0005994983109291717,0.003219426283844729,-9.447149888001927e-11,-1.4363616190021015e-5,-1.0753804231130187e-6,0.0001624983097605534,2.5949783724914757e-6,-6.682013646151868e-6,-0.0015911095727910998,0.0003185128222766146,3.812595822978141e-6,1.873140682859393e-5,2.144151140527912e-6,3.8646032659710063e-7,-5.588870325927544e-7,4.579780439987417e-6,0.0006099986741902767,5.9677004365409e-5,-0.00032763274602821523,-1.2461030902431336e-6,-0.0001118291963440223,8.511707326843641e-5,0.00012675610122846209,1.3488301795769337e-8,-7.564778239270455e-8,6.000548821764234e-6,-7.453070940446758e-7,1.9418446534747715e-5,-4.637400090328359e-6,-2.822183067771904e-6,-1.567153345297248e-6,9.922611855138994e-9,0.00030891840597970833,5.679091674247106e-8
0.0,0.0,0.0,0.0,0.0,0.0,0.0,0.0,0.0,0.0,0.0,0.0,0.0,0.0,0.0,0.0,0.0,0.0,0.0,0.0,0.0,0.0,0.0,0.0,0.0,0.0,0.0,0.0,0.0,0.0,0.0,0.0,0.0,0.0,0.0,0.0,0.0,0.0,0.0,0.0,0.0,0.0,0.0,0.0,0.0,0.0,0.0,0.0,0.0,0.0,0.0,0.0,0.0,0.0,0.0,0.0,0.0,0.0,0.0,0.0,0.0,0.0,0.0,0.0,0.0,0.0,0.0,0.0,0.0,0.0,0.0,0.0,0.0,0.0,0.0,0.0,0.0,0.0,0.0,0.0,0.0,0.0,0.0,0.0,0.0,0.0,0.0,0.0,0.0,0.0,0.0,0.0,0.0,0.0,0.0,0.0,0.0,0.0,0.0,0.0,0.0,0.0,0.0,0.0,0.0,0.0,0.0,0.0,0.0,0.0,0.0,0.0,0.0,0.0,0.0,0.0,0.0,0.0,0.0,0.0,0.0,0.0,0.0,0.0,0.0,0.0,0.0,0.0,0.0,0.0,0.0,0.0,0.0,0.0,0.0,0.0,0.0,0.0,0.0,0.0,0.0,0.0,0.0,0.0,0.0,0.0,0.0,0.0,0.0,0.0,0.0,0.0,0.0,0.0,0.0,0.0,0.0,0.0,0.0,0.0,0.0,0.0,0.0,0.0,0.0,0.0,0.0,0.0,0.0,0.0,0.0,0.0,0.0,0.0,0.0,0.0,0.0,0.0,0.0,0.0,0.0,0.0,0.0,0.0,0.0,0.0,0.0,0.0,0.0,0.0,0.0,0.0,0.0,0.0,0.0,0.0,0.0,0.0,0.0,0.0,0.0,0.0,0.0,0.0,0.0,0.0,0.0,0.0,0.0,0.0,0.0,0.0,0.0,0.0,0.0,0.0,0.0,0.0,0.0,0.0,0.0,0.0,0.0,0.0,0.0,0.0,0.0,0.0,0.0,0.0,0.0,0.0,0.0,0.0,0.0,0.0,0.0,0.0,0.0,0.0,0.0,0.0,0.0,0.0,0.0,0.0,0.0,0.0,0.0,0.0,0.0,0.0,0.0,0.0,0.0,0.0,0.0,0.0,0.0,0.0,0.0,0.0,0.0,0.0,0.0,0.0,0.0,0.0,0.0,0.0,0.0,0.0,0.0,0.0,0.0,0.0,0.0,0.0,0.0,0.0,0.0,0.0,0.0,0.0,0.0,0.0,0.0,0.0,0.0,0.0,0.0,0.0,0.0,0.0,0.0,0.0,0.0,0.0,0.0,0.0,0.0,0.0,0.0,0.0,0.0,0.0,0.0,0.0,0.0,0.0,0.0,0.0,0.0,0.0,0.0,0.0,0.0,0.0,0.0,0.0,0.0,0.0,0.0,0.0,0.0,0.0,0.0,0.0,0.0,0.0,0.0,0.0,0.0,0.0,0.0,0.0,0.0,0.0,0.0,0.0,0.0,0.0,0.0,0.0,0.0,0.0,0.0,0.0,0.0,0.0,0.0,0.0,0.0,0.0,0.0,0.0,0.0,0.0,0.0,0.0,0.0,0.0,0.0,0.0,0.0,0.0,0.0,0.0,0.0,0.0,0.0,0.0,0.0,0.0,0.0,0.0,0.0,0.0,0.0,0.0,0.0,0.0,0.0,0.0,0.0,0.0,0.0,0.0,0.0,0.0,0.0,0.0,0.0,0.0,0.0,0.0,0.0,0.0,0.0,0.0,0.0,0.0,0.0,0.0,0.0,0.0,0.0,0.0,0.0,0.0,0.0,0.0,0.0,0.0,0.0,0.0,0.0,0.0,0.0,0.0,0.0,0.0,0.0,0.0,0.0,0.0,0.0,0.0,0.0,0.0,0.0,0.0,0.0,0.0,0.0,0.0,0.0,0.0,0.0,0.0,0.0,0.0,0.0,0.0,0.0,0.0,0.0,0.0,0.0,0.0,0.0,0.0,0.0,0.0,0.0,0.0,0.0,0.0,0.0,0.0,0.0,0.0,0.0,0.0,0.0,0.0,0.0,0.0,0.0,0.0,0.0,0.0,0.0,0.0,0.0,0.0,0.0,0.0,0.0,0.0,0.0,0.0,0.0,0.0,0.0,0.0,0.0,0.0,0.0,0.0,0.0,0.0,0.05303711207868744,-0.0074892462184730614,-0.0001605447356162431,-8.384637543106786e-6,7.426309783807393e-7,-1.7909543029457522e-8,-2.5363915135946608e-6,4.238983099719463e-7,0.0007761880929072722,-2.8575046967496227e-6,0.001474135751142915,-0.00011282366270364141,0.0005964852978736333,2.728185274044094e-7,0.000485705436143349,-0.0004409348519319934,-0.0004898135066244479,4.3095474795170814e-9,-0.00995064432365271,0.0006805444522235156,2.535862291444364e-7,-1.0001762788756853e-8,0.0025936620533979263,1.373019950725091e-7,-3.677999261257028e-8,3.1185035940555014e-6,3.1958054262379586e-6,-9.425056728001998e-6,0.0008903392219799142,-1.5539629942522496e-7,-3.518529817448207e-6,0.0005845735794825979,-0.0005113409452927618,-5.393030285131577e-5,2.7381113779192202e-6,-2.188839786452014e-6,2.8619687156829777e-5,0.0014622686834334952,-7.506877084736466e-8,3.486648593643981e-6,1.989570294968244e-5,-4.4399255397190966e-8,0.000253701421844509,0.010557670810446895,-3.3851893080129443e-6,0.0011944752746225256,1.639309022893218e-6,0.005257672659680431,4.849331766729193e-8,2.2890999274535022e-5,-1.5850002667638807e-5,2.9578712716106825e-6,-0.0035212583432575337,1.0241736409403972e-5,3.325333881190555e-7,-2.1939781045104177e-6,1.4568816187428132e-8,-3.027033209254384e-5,0.0006625146923633638,-0.0021739493122298753,5.709841596182596e-7,-1.9767131484568328e-7,-0.0002064873561527351,6.687836943393975e-7,0.005621311047275191,-4.536057426755476e-8,-3.132950630477074e-8,1.1498204688553918e-6,2.9687024607130263e-7,-1.1143903216458818e-7,2.7743100333895633e-9,-0.0010413185797461845,-0.00020324309240828294,8.136082204549571e-5,8.333076454990832e-10,3.986116724950765e-5,-0.0002636737126849108,8.145164583744129e-7,5.698668182399748e-8,2.0599239099358867e-7,-4.37690481697968e-7,-6.146464322142905e-7,-7.0736577102891e-5,2.95332176787196e-5,-0.00014487785627406873,0.0043758047966155934,0.00017552665431398647,-1.0555366580948002e-5,-9.257887357203283e-5,3.8002447471522936e-5,0.00016235183393616286,5.040352817504582e-5,5.807814401966213e-5,-4.427365153193355e-6,-6.541866046561082e-9,-4.493793904067965e-6,1.85297967640821e-8,1.3780391553657943e-7,0.0005923026227786046,-4.7615035425419017e-8,1.2128204782235318e-5,0.001880729386218463,-0.00297019248923054,0.00045093403929566395,-0.00044141108301871636,7.718167653337877e-7,-0.0076180746727181866,-2.9256920031618374e-9,5.910060416516908e-10,-0.004648731484899237,0.002634187602579848,1.580264599207898e-5,-5.1174677779209664e-5,-2.2191915585329381e-7,1.22987540066088e-8,1.9517907425356755e-10,2.1903606453006457e-8,6.725299687234187e-9,0.005505051567750473,2.4662363300611944e-6,3.7762779238069554e-6,-2.94329106862645e-5,-0.00029634651863214186,1.014798645270966e-9,-0.00012457488582016078,2.493730619914644e-6,-6.32941823089952e-6,-3.6012137257371376e-9,0.0003965573331260967,-0.004432411780325244,-0.0016258133969725829,7.6664947229115e-7,0.00035020000833627747,-2.2641485708095887e-5,0.000343362353457495,-5.477499695237858e-9,2.8214411496690117e-8,4.4210372077258205e-6,4.4640777882382836e-8,-2.048472041792151e-6,-2.4121545602806206e-6,-1.2988739939926348e-8,4.500760296671475e-6,-0.009116865371157364,7.12928633501619e-6,1.1081664212130729e-5,-5.047577220941768e-5,0.0006102977265060785,3.017431658998925e-6,-1.1200673299353101e-7,1.0085370528458571e-8,0.0016592376956534136,0.00011297695569841965,2.4165422906422753e-7,-0.0011950458699508785,6.989841433144648e-6,0.0002916628130209429,-3.914881849567395e-5,1.8506702605290333e-6,-0.004493547717813613,-6.711670926269352e-9,-8.639127606434875e-8,-2.8621740071426135e-7,-5.3198245749217724e-9,0.002010321839172396,-7.618844683054284e-9,1.1477058218689958e-6,-2.7196548197629334e-7,-8.112871707165019e-7,0.00012252971999869634,-8.237670247198486e-7,-2.2703381245340677e-6,-6.7425328882239006e-6,-0.002040500155782467,6.500768875213818e-8,-0.005431660866575863,-3.2267527082708153e-7,-4.893345486368575e-8,-0.0014122397332565254,-0.0001774338339579966,0.0005013967118740537,7.214757032300247e-9,0.0005924404272869672,-9.892664737367064e-6,-1.8985776984670006e-5,0.00011267620163225709,0.00028453016474158215,-1.8982023670050508e-6,-8.939866414755894e-8,5.474127089807878e-6,7.847068848148028e-5,0.0003219215330102437,0.0029494281466226537,-0.0022380118999086123,-7.384229025788831e-7,3.036894579685478e-5,0.0036376596854274476,1.2846980986078363e-9,5.475254992336893e-7,-0.00019946275123592264,7.4274877986369e-8,0.0010003283459125263,-3.507312098935722e-7,6.961784334972623e-8,3.549939162222538e-5,-0.00010751906345372783,-2.8052671943350937e-6,8.189401909760177e-9,8.636252033662757e-7,1.847262047070262e-5,-1.2977324156700204e-7,0.0005744151437382875,7.076999891954281e-5,5.343580104872407e-6,-4.6551949438670555e-7,3.9050241055009904e-5,2.105469439916037e-5,-7.975462087174329e-7,-1.8878392618000628e-7,2.5649188704089e-9,-5.089282673678501e-8,0.02774299797493784,-6.031000553660465e-6,-1.0507114469686495e-8,1.051690368033328e-8,0.002723476103631288,-0.0007110378923733011,-8.073061479199496e-8,-1.6970279692937748e-8,4.2234298339414614e-8,-2.6965563655672924e-5,-2.2898386023627587e-7,-0.00013776857971447632,2.205936030097084e-6,-8.432459339433983e-6,3.575093214275514e-8,0.0008132212083401127,3.2087223431022544e-7,6.075124653955194e-9,-0.0001724418085420513,-6.975534563332403e-6,0.002103112209748273,1.864008900244882e-7,1.427480729648155e-7,-1.7268742041047352e-7,-8.320276084292857e-8,-2.444834490699397e-6,0.00015337930901652259,-0.0024433200763701924,-3.3305344238119724e-9,0.0005096533377666272,4.405833384423903e-6,-0.00022624206734355197,-1.1846302638003528e-7,-0.0005653602807085809,1.0108119903974666e-6,4.815489258531855e-5,0.010630991396334678,0.0015912249212353918,-6.686963147069089e-6,-0.005071355435400597,1.1501103937565365e-8,1.2306675425267602e-6,0.0045525437064929284,4.0588606890934004e-5,5.865402142926712e-5,-1.919191640897414e-7,1.2206023075047027e-6,-7.39700758210343e-8,-8.42959887903887e-7,3.504131726300985e-9,-3.4757647894424404e-7,0.0001796136302391499,-0.0020404445743033624,0.004104436940276728,-1.6142612282592452e-8,-1.620570991820866e-5,-6.238655164322621e-7,-0.0011446222214260278,-2.516117910524787e-6,-5.720191509714698e-7,-0.0008847275632005158,0.0030681134016468745,4.650013485124573e-5,1.3284203898871606e-5,7.916779410499091e-7,-2.3831383477660408e-8,-3.693077026520035e-6,6.566029395119846e-5,-0.0005026249585927586,3.339096506753777e-5,0.0072150183905393345,-1.136700116402933e-6,-0.008569329593699776,6.462430294822665e-5,0.0001139145010705754,-9.791154108415492e-8,-1.1718078018546992e-6,1.989085942649234e-5,1.6921108819867006e-5,-5.208493457128567e-5,-1.1764543572454166e-5,-1.3209087043941665e-6,9.11111569093772e-8,5.250075438383481e-9,-0.0003393272662491003,1.1827102441847607e-8
0.0,0.0,0.0,0.0,0.0,0.0,0.0,0.0,0.0,0.0,0.0,0.0,0.0,0.0,0.0,0.0,0.0,0.0,0.0,0.0,0.0,0.0,0.0,0.0,0.0,0.0,0.0,0.0,0.0,0.0,0.0,0.0,0.0,0.0,0.0,0.0,0.0,0.0,0.0,0.0,0.0,0.0,0.0,0.0,0.0,0.0,0.0,0.0,0.0,0.0,0.0,0.0,0.0,0.0,0.0,0.0,0.0,0.0,0.0,0.0,0.0,0.0,0.0,0.0,0.0,0.0,0.0,0.0,0.0,0.0,0.0,0.0,0.0,0.0,0.0,0.0,0.0,0.0,0.0,0.0,0.0,0.0,0.0,0.0,0.0,0.0,0.0,0.0,0.0,0.0,0.0,0.0,0.0,0.0,0.0,0.0,0.0,0.0,0.0,0.0,0.0,0.0,0.0,0.0,0.0,0.0,0.0,0.0,0.0,0.0,0.0,0.0,0.0,0.0,0.0,0.0,0.0,0.0,0.0,0.0,0.0,0.0,0.0,0.0,0.0,0.0,0.0,0.0,0.0,0.0,0.0,0.0,0.0,0.0,0.0,0.0,0.0,0.0,0.0,0.0,0.0,0.0,0.0,0.0,0.0,0.0,0.0,0.0,0.0,0.0,0.0,0.0,0.0,0.0,0.0,0.0,0.0,0.0,0.0,0.0,0.0,0.0,0.0,0.0,0.0,0.0,0.0,0.0,0.0,0.0,0.0,0.0,0.0,0.0,0.0,0.0,0.0,0.0,0.0,0.0,0.0,0.0,0.0,0.0,0.0,0.0,0.0,0.0,0.0,0.0,0.0,0.0,0.0,0.0,0.0,0.0,0.0,0.0,0.0,0.0,0.0,0.0,0.0,0.0,0.0,0.0,0.0,0.0,0.0,0.0,0.0,0.0,0.0,0.0,0.0,0.0,0.0,0.0,0.0,0.0,0.0,0.0,0.0,0.0,0.0,0.0,0.0,0.0,0.0,0.0,0.0,0.0,0.0,0.0,0.0,0.0,0.0,0.0,0.0,0.0,0.0,0.0,0.0,0.0,0.0,0.0,0.0,0.0,0.0,0.0,0.0,0.0,0.0,0.0,0.0,0.0,0.0,0.0,0.0,0.0,0.0,0.0,0.0,0.0,0.0,0.0,0.0,0.0,0.0,0.0,0.0,0.0,0.0,0.0,0.0,0.0,0.0,0.0,0.0,0.0,0.0,0.0,0.0,0.0,0.0,0.0,0.0,0.0,0.0,0.0,0.0,0.0,0.0,0.0,0.0,0.0,0.0,0.0,0.0,0.0,0.0,0.0,0.0,0.0,0.0,0.0,0.0,0.0,0.0,0.0,0.0,0.0,0.0,0.0,0.0,0.0,0.0,0.0,0.0,0.0,0.0,0.0,0.0,0.0,0.0,0.0,0.0,0.0,0.0,0.0,0.0,0.0,0.0,0.0,0.0,0.0,0.0,0.0,0.0,0.0,0.0,0.0,0.0,0.0,0.0,0.0,0.0,0.0,0.0,0.0,0.0,0.0,0.0,0.0,0.0,0.0,0.0,0.0,0.0,0.0,0.0,0.0,0.0,0.0,0.0,0.0,0.0,0.0,0.0,0.0,0.0,0.0,0.0,0.0,0.0,0.0,0.0,0.0,0.0,0.0,0.0,0.0,0.0,0.0,0.0,0.0,0.0,0.0,0.0,0.0,0.0,0.0,0.0,0.0,0.0,0.0,0.0,0.0,0.0,0.0,0.0,0.0,0.0,0.0,0.0,0.0,0.0,0.0,0.0,0.0,0.0,0.0,0.0,0.0,0.0,0.0,0.0,0.0,0.0,0.0,0.0,0.0,0.0,0.0,0.0,0.0,0.0,0.0,0.0,0.0,0.0,0.0,0.0,0.0,0.0,0.0,0.0,0.0,0.0,0.0,0.0,0.0,0.0,0.0,0.0,0.0,0.0,0.0,0.0,0.0,0.0,0.0,0.0,0.0,0.0,0.0,0.0,0.0,0.0,0.0,0.0,0.0,0.0,0.0,0.0,0.0,0.0,0.0,0.0,0.0,0.0,0.0,0.0,0.0,0.0,0.0,0.0,0.0,0.0,0.0,0.0,0.0,0.0,0.0,0.0,0.0,0.0,0.0,0.0,0.0,0.0,0.0,0.0,0.06749377104053046,0.0011802372804287126,-2.657092697490492e-6,2.5866235115791624e-8,7.179175644599024e-8,-6.577844102532773e-6,4.480090244208678e-8,0.009088147626537656,-1.5080064669700087e-6,-0.0011964329763944031,0.0001388181475814373,0.0012968405149294472,-1.9494984212211563e-6,1.6457029456636562e-7,3.9346598759003464e-5,8.19439394180388e-5,-3.922833739689907e-8,-0.001998254398527094,-0.0036070942150319154,1.648838869016306e-7,9.776630039016533e-9,0.001943499992029658,-9.356316618372359e-8,-5.9375754600711435e-9,-6.491968210733454e-7,-2.719424483677192e-9,1.8679867083404778e-6,5.4350855071401495e-5,-3.4908407015268446e-7,1.9927280205782e-5,8.090565080207431e-5,0.0007911089306732312,1.0867509992265398e-5,-2.2862150267856414e-7,-7.242385646975408e-9,-1.1344059462767548e-5,-0.00936168792085709,-5.940155282306431e-9,7.700155400514633e-7,-0.0016922599496445362,1.1322519194125472e-7,0.0013508000406693102,0.0030372718381330237,9.525398965494574e-8,4.634885026093713e-5,1.7985208670404863e-7,0.0008012650837865091,-3.6898103475910246e-8,-3.4470148223649846e-5,-0.00018571064433000792,-1.0726165762666846e-7,0.010892357681028515,1.4245818494563782e-6,5.6088252192638725e-8,5.559929367194155e-7,-9.874216544371258e-10,-5.035825474736817e-7,0.005869796124889578,-0.005955911390133797,-1.590805938554267e-7,-1.084470175005974e-8,-2.8543851338005864e-5,-1.065188917999244e-8,0.005052243193985725,4.1028100616549376e-7,-3.4855479878052518e-9,4.1547379293031066e-6,-1.9716940383793635e-6,7.814675933904143e-9,-2.7122579269113484e-8,0.03650092742941012,2.9101497624276633e-6,-4.474424864227617e-5,-2.4364415209154304e-8,0.0001532458387626048,0.0005564969678989921,9.055164247333804e-8,-1.366284851929155e-7,-1.929399425755352e-7,-9.10067340123245e-8,1.2534466426869103e-5,6.989914906847905e-5,-0.0007335675663020149,-0.02391262059838395,0.0024961964590711474,5.6333861316072126e-5,5.241758049072547e-7,-1.4278083553293581e-5,9.666106106060689e-5,-0.0012900249861657513,-1.7495781595562723e-5,-1.7580681583151772e-6,-1.5075153949427056e-7,-2.784779147793313e-8,7.105951874644856e-6,-1.5903909811995997e-10,-1.9128882685250883e-8,-0.0003006610946249532,1.3571170820094114e-10,2.864731179138793e-6,-5.9320792670969866e-5,-0.0028592604373586673,3.9360404479659675e-5,-0.0002592168466365094,6.473054857066769e-6,0.008109725573553156,3.2611623973957445e-9,-6.785115049001567e-9,-0.0007605462602088466,-0.001765256299599361,6.334963893571864e-5,0.0004500310861336976,1.3381944287949893e-8,7.1606022748766795e-9,9.285400877072155e-9,7.258290923909258e-8,-1.3882297978081503e-8,0.001037650997797822,-8.757962318456231e-7,8.254640993157771e-7,-2.185003188090493e-5,0.0002947029598790412,1.2325237012251108e-8,0.00024428003537917646,-8.409139088993871e-6,-4.968107998884343e-6,-7.89245060976931e-9,-2.4413047708807755e-5,-0.007612208197243016,0.013317160652029942,-5.50732938773328e-5,-6.794064306620461e-6,-9.678335233594578e-6,-1.641931038388019e-5,-4.712553189949665e-8,7.189928233674771e-9,-8.996651315388971e-6,3.984118026583974e-7,-1.1254546402859201e-5,-5.939052648629558e-7,-2.6198007345885344e-9,-2.3770322410822677e-5,-0.0004282216607911712,-7.966321371990874e-5,-1.1832970198572336e-5,0.005876369654408784,-0.007585535180342824,1.2116873803360251e-6,3.3811904190106686e-8,8.685643547364872e-7,-5.885494052528074e-5,-9.074028439383773e-5,-3.43586790287919e-6,-0.0008349609198480091,4.731038504167358e-5,3.1562509814300415e-5,-0.0003309092452264834,2.657449735395248e-7,-0.0013450822535828256,-3.649873357907343e-8,1.4510698088998595e-8,-2.710663847396782e-6,-4.711748107732654e-9,-0.0005736488678287947,5.155446405070729e-11,-1.4580386622346565e-7,4.1189710880350707e-7,1.458932775824931e-6,7.546248650427231e-5,-9.975423424843262e-8,1.2977816299884676e-7,-8.736951186646066e-7,-0.0007658042358829017,-4.592393651968041e-8,0.0002743179672781487,-2.7277956942351908e-6,-8.16413273014649e-9,-0.005031265023004008,-2.4033903601206163e-5,0.0004647485547835247,-6.487617651394192e-7,-0.0057226033054165425,1.202512117900928e-7,0.00033580859544541806,-0.00041286407292446425,-0.0002582231273151951,-1.3116376354190285e-8,3.372224209625566e-8,-1.221916509497026e-5,-2.200546672734835e-6,0.0005683908713594951,-0.0005750596565275554,0.00011871730163746366,-6.510248857739149e-8,0.00018518788233686236,0.00035796779809516883,-1.3981201168175477e-8,-1.5888607863832697e-6,-8.602347760461498e-5,-1.5301765132351802e-7,-3.7308187653878563e-5,-9.886928154631653e-8,8.80160927543361e-9,5.528822017570855e-5,0.0012657584984284915,4.40054362241781e-6,2.188658909403892e-8,4.990875812761863e-7,0.03398880854097064,-2.487156161952556e-8,-6.307821624252571e-5,2.752495699623136e-6,5.736584815458717e-7,3.461682264124053e-6,8.617455261848317e-7,-0.00011221283904361714,0.0003187292633469189,-1.2051184666641896e-6,-1.601627045293083e-8,-7.616986426561689e-8,-0.0072203870813984505,0.0001557954227500874,-1.6968764974351335e-8,-1.788665031915481e-7,0.00030214421405293473,-0.0032875828725537413,-1.360476023823641e-8,5.237742146020957e-10,1.2823891222057803e-10,-0.000131249121631473,-2.382823952380843e-8,-0.0003536062820536487,-6.070594044707494e-6,7.973108427878454e-5,-1.0830543635801157e-7,-0.0053438870057780355,-9.90832657243594e-7,1.6717662045478609e-9,0.0004348161614543744,-2.0949333898545635e-5,0.012256266551305782,6.751942672351192e-7,-7.707870585398435e-8,-1.4995883600113295e-7,-1.839766004201058e-8,-2.956562237084396e-5,1.2932419005363938e-5,-0.002123849595256392,-4.620396713498101e-9,-4.628649610600186e-5,1.0029276774003874e-7,0.003701869628720074,3.122923729138555e-8,-0.00013043371098404253,-8.011957015538481e-7,6.631175774112503e-7,0.0036651805501976722,0.00035522199017162337,3.2292855977508934e-5,0.0017099837199197581,-2.0651138839585167e-8,-1.9201218306131265e-7,-0.0006543099772798636,2.7567443989032814e-5,6.3942151027942285e-6,6.408460622472416e-7,-6.29501422312661e-7,1.1283812725531418e-6,5.273961095887997e-7,-2.3066372681890695e-8,-7.151390525318662e-7,1.2962216281330624e-5,0.0005494359621824558,0.00018052018564821288,6.284672744893716e-8,-6.762236859610526e-6,2.5845024180910944e-7,0.005973219419443466,3.043678921747585e-6,-1.0624629149129573e-7,-0.001304404960752263,0.0014271199755891797,-0.00013741979361649447,5.204925609092491e-5,1.2338457057260858e-7,1.3354381578816278e-8,5.60166607769852e-6,0.00025829754829280287,-0.001911313152004368,4.383075227609258e-6,-0.004768534704349864,3.945118265156995e-6,0.0004044623069773069,-2.465048273717348e-7,5.210533042361822e-6,1.0652118851809806e-7,2.5146827835641406e-6,-6.852861917311716e-5,-9.713228941401087e-5,-8.300361071950617e-5,8.565693960863278e-5,-6.8850257733628e-8,-2.120911439041216e-8,-7.629485894195293e-9,-0.0001831836807185701,2.83504689248234e-9
0.0,0.0,0.0,0.0,0.0,0.0,0.0,0.0,0.0,0.0,0.0,0.0,0.0,0.0,0.0,0.0,0.0,0.0,0.0,0.0,0.0,0.0,0.0,0.0,0.0,0.0,0.0,0.0,0.0,0.0,0.0,0.0,0.0,0.0,0.0,0.0,0.0,0.0,0.0,0.0,0.0,0.0,0.0,0.0,0.0,0.0,0.0,0.0,0.0,0.0,0.0,0.0,0.0,0.0,0.0,0.0,0.0,0.0,0.0,0.0,0.0,0.0,0.0,0.0,0.0,0.0,0.0,0.0,0.0,0.0,0.0,0.0,0.0,0.0,0.0,0.0,0.0,0.0,0.0,0.0,0.0,0.0,0.0,0.0,0.0,0.0,0.0,0.0,0.0,0.0,0.0,0.0,0.0,0.0,0.0,0.0,0.0,0.0,0.0,0.0,0.0,0.0,0.0,0.0,0.0,0.0,0.0,0.0,0.0,0.0,0.0,0.0,0.0,0.0,0.0,0.0,0.0,0.0,0.0,0.0,0.0,0.0,0.0,0.0,0.0,0.0,0.0,0.0,0.0,0.0,0.0,0.0,0.0,0.0,0.0,0.0,0.0,0.0,0.0,0.0,0.0,0.0,0.0,0.0,0.0,0.0,0.0,0.0,0.0,0.0,0.0,0.0,0.0,0.0,0.0,0.0,0.0,0.0,0.0,0.0,0.0,0.0,0.0,0.0,0.0,0.0,0.0,0.0,0.0,0.0,0.0,0.0,0.0,0.0,0.0,0.0,0.0,0.0,0.0,0.0,0.0,0.0,0.0,0.0,0.0,0.0,0.0,0.0,0.0,0.0,0.0,0.0,0.0,0.0,0.0,0.0,0.0,0.0,0.0,0.0,0.0,0.0,0.0,0.0,0.0,0.0,0.0,0.0,0.0,0.0,0.0,0.0,0.0,0.0,0.0,0.0,0.0,0.0,0.0,0.0,0.0,0.0,0.0,0.0,0.0,0.0,0.0,0.0,0.0,0.0,0.0,0.0,0.0,0.0,0.0,0.0,0.0,0.0,0.0,0.0,0.0,0.0,0.0,0.0,0.0,0.0,0.0,0.0,0.0,0.0,0.0,0.0,0.0,0.0,0.0,0.0,0.0,0.0,0.0,0.0,0.0,0.0,0.0,0.0,0.0,0.0,0.0,0.0,0.0,0.0,0.0,0.0,0.0,0.0,0.0,0.0,0.0,0.0,0.0,0.0,0.0,0.0,0.0,0.0,0.0,0.0,0.0,0.0,0.0,0.0,0.0,0.0,0.0,0.0,0.0,0.0,0.0,0.0,0.0,0.0,0.0,0.0,0.0,0.0,0.0,0.0,0.0,0.0,0.0,0.0,0.0,0.0,0.0,0.0,0.0,0.0,0.0,0.0,0.0,0.0,0.0,0.0,0.0,0.0,0.0,0.0,0.0,0.0,0.0,0.0,0.0,0.0,0.0,0.0,0.0,0.0,0.0,0.0,0.0,0.0,0.0,0.0,0.0,0.0,0.0,0.0,0.0,0.0,0.0,0.0,0.0,0.0,0.0,0.0,0.0,0.0,0.0,0.0,0.0,0.0,0.0,0.0,0.0,0.0,0.0,0.0,0.0,0.0,0.0,0.0,0.0,0.0,0.0,0.0,0.0,0.0,0.0,0.0,0.0,0.0,0.0,0.0,0.0,0.0,0.0,0.0,0.0,0.0,0.0,0.0,0.0,0.0,0.0,0.0,0.0,0.0,0.0,0.0,0.0,0.0,0.0,0.0,0.0,0.0,0.0,0.0,0.0,0.0,0.0,0.0,0.0,0.0,0.0,0.0,0.0,0.0,0.0,0.0,0.0,0.0,0.0,0.0,0.0,0.0,0.0,0.0,0.0,0.0,0.0,0.0,0.0,0.0,0.0,0.0,0.0,0.0,0.0,0.0,0.0,0.0,0.0,0.0,0.0,0.0,0.0,0.0,0.0,0.0,0.0,0.0,0.0,0.0,0.0,0.0,0.0,0.0,0.0,0.0,0.0,0.0,0.0,0.0,0.0,0.0,0.0,0.0,0.0,0.0,0.0,0.0,0.0,0.0,0.0,0.0,0.0,0.0,0.0,0.0,0.0,0.0,0.0,0.0,0.0,0.0,0.0,0.0,0.0,0.0,0.0,0.0,0.0,0.0,0.0,0.0,0.041533488970486254,3.5790208464140097e-9,-9.013113449136232e-9,2.354021372030365e-6,1.3887867302852847e-5,-4.039611971806857e-9,-0.002777021107340602,0.00017156578279087941,0.005246710308898707,8.837485950560715e-8,0.0007043232955397402,-7.0795384286657825e-9,-2.523039664455797e-6,-4.1085613803250434e-7,1.0511987734977337e-5,-4.1436441911142015e-7,4.692194846101604e-5,-0.00020242513237670815,-6.5236837262825815e-9,2.960788118586068e-10,0.002220422787433513,-4.1642297880619765e-6,-2.810239324664649e-10,-7.3646881343294735e-9,2.0014379679897367e-8,-6.057511250382125e-8,1.6907104352661437e-6,8.469511594799755e-6,0.0007870237168014178,5.412761815533629e-6,0.005453023532660709,2.8803500058008517e-7,-2.3804765819125894e-10,4.9275155685336125e-9,4.3330340760412287e-7,0.0016144095719434993,7.352477641020967e-10,-2.780502784774662e-9,-0.006917168837427402,4.798114690800832e-6,-0.002290345630752726,0.00012463458270180257,-1.0212645727414914e-7,6.0226205540072595e-6,2.5597132948316545e-8,-0.0006352294312059316,3.918947702231985e-9,0.0013589716924508847,-0.0036561405060084305,3.056866213085804e-8,0.00036378716320669405,-1.2865460609385732e-7,3.1972131815889515e-10,2.056989668992448e-8,1.5490334355222942e-6,-2.9994277516547115e-7,0.000997769071896945,0.002905883708819157,5.321097018315241e-9,4.1858929231164007e-10,-2.3236034760834797e-6,-2.669381133771172e-9,0.0006802357690725323,3.1312625348767496e-6,-7.512146154487136e-11,-8.003245792875175e-6,-3.279743668285084e-6,-3.764375131282043e-10,-5.934576723919549e-7,-0.0007966855312643277,-1.7362073133713292e-6,1.1491710067313706e-6,-5.9160395188254295e-8,0.0067716806814547646,2.761603083616853e-6,3.4836623939414925e-9,-9.505039900781005e-9,1.6363686566653345e-5,5.548890911477217e-9,5.6522685079296954e-5,1.7296198457902646e-6,-0.0103745547132739,-0.00024397515457469385,0.00011357091458298287,-3.796415262229698e-6,6.768181353928369e-8,-2.414339585011227e-7,0.001308734280053424,-0.005198848720278909,1.325976703119967e-6,-3.008330983868203e-8,3.629950645945793e-8,-2.0201276111445864e-7,-3.948281966508345e-5,6.276214133339269e-11,-2.3321196972711716e-9,2.254506771544873e-5,1.586584445208894e-10,-2.7015600606161096e-8,-1.8533568979190688e-5,-1.929593284656867e-5,-3.045922235296473e-7,-3.424138668069534e-8,0.00019590617176603074,-7.872621895159616e-5,-2.2638323615384293e-10,-5.228452271573509e-8,6.0335063206832926e-5,-0.00041508665777429077,0.0034989313877963894,0.0012820814348949783,-5.703366180855054e-10,-1.4512689740944738e-10,-4.202185540592601e-7,3.1083041478300536e-6,-7.171472156869514e-7,-2.238258574956072e-6,7.64737736767879e-8,-5.346063087985479e-9,-0.000995568322863985,0.00013818095578440524,-4.4668257428153183e-7,-0.0013311595360109576,1.4408702967501973e-5,1.3295810968429896e-7,1.0541873788322922e-7,7.408658275421543e-6,9.683702735062336e-5,0.001840197555848691,-0.0006259118987844503,-1.255248788051043e-6,2.287303424772573e-7,1.068989128371056e-5,-3.391474838950427e-6,1.8544309912765792e-10,0.00023486011820046652,3.170951476166933e-8,3.326234459828004e-5,1.8930790216431392e-8,7.941806246112276e-11,5.6069785757604654e-5,0.0001269924632941011,-0.0029430981284360967,-0.0017331704211624383,0.003982521852504247,0.0006600813951288933,-7.2995400786536305e-9,-5.5098331710736575e-6,6.330234631013846e-5,1.391562247020786e-5,0.002929335614145253,-1.333623158186095e-6,0.0001610790007137275,0.0013706582921278823,-9.712797621903541e-7,-0.002977305714963937,5.859432256172753e-9,6.886394814670378e-5,2.1821503446525376e-6,1.1366906715807808e-9,-1.7353533750092957e-5,-3.9625480490229526e-7,0.00019899682183023579,4.732640707668592e-10,-9.423885081179964e-9,1.6003455643045107e-5,-6.858569948763571e-5,1.0956355518142435e-6,-1.4933382945981452e-9,-3.6589304983196476e-9,9.976316493008967e-7,9.864480802668528e-6,5.8834093740432925e-6,0.0001686608725021414,4.179051289293648e-5,2.1015283799929342e-10,0.0015407397009898991,-2.120838383945342e-6,1.1038881077854308e-5,-2.9393485474077273e-6,-0.0008774457982813722,4.77673091391553e-8,-2.1443288336935474e-6,0.008488328656634729,0.008151160397919407,-2.96531981125684e-8,4.400238476590663e-6,-0.00020645784348145648,-2.206659360818658e-7,-1.1060940971450265e-5,3.9612137230657955e-5,-6.3107279188390245e-6,8.205518223391484e-10,0.0015543261119129025,-6.6446364981608735e-6,2.4029126622471035e-7,2.303815569705985e-5,-0.005520702163111143,-4.0979104911303315e-6,1.6126791302973767e-6,-3.767092702084602e-9,-5.32703276865857e-10,0.00012208469849887173,-0.0008626152664294269,-4.0305595060489464e-5,2.834120001015165e-7,1.5350863348872855e-8,0.0007178944457816374,-1.0071308282007914e-9,5.753485172021406e-6,7.602650843646571e-7,1.1309194710919024e-8,2.7234427900883455e-5,3.841954099636247e-7,-0.0003954867038753571,-0.015613149867804817,-0.00016273154876509565,1.0782404608444123e-10,-1.4417034820069431e-5,0.0003132345836195319,-0.0015951689949103476,1.7934851700969055e-6,1.4017427234076119e-6,-3.049017513557963e-5,4.3298378929132854e-5,-4.5005035470643607e-10,-3.627132924307842e-11,8.959762795215354e-11,-0.0047287595895731446,-7.520953829072083e-10,-0.00874241232253773,-2.3819516841700646e-5,-0.0008116114177147679,-5.064620764149122e-6,-0.0007621984995253625,-5.526221868192751e-5,-2.802762057833803e-12,-0.0015990520548501664,-0.0005009477612114419,0.0006188690106520391,-3.59576905902524e-5,-5.975213066389768e-6,1.4465068091832036e-6,-2.97724673650837e-10,-0.002163502568991713,-1.3408787143510558e-6,0.0013214298354992217,-3.068111618583038e-7,-5.867441658443446e-6,-5.179811535454718e-8,-0.0076314857894268446,9.701352153982879e-10,-0.0028385659626726525,-1.377547428076683e-5,2.1667416650418277e-7,1.0668223680537278e-5,-5.288132926092415e-6,0.0008092360552282356,2.1924716819745636e-5,-3.873586022423284e-7,8.19094880668669e-9,1.2155177149889489e-5,0.009808958790685347,-9.59757755244593e-10,1.5946041213599358e-6,1.719842793964026e-8,-4.5548028099797125e-6,-8.640644046328297e-5,-2.3387273361147804e-7,3.1924000496787118e-9,-4.4592132099081725e-7,6.211003551530469e-6,1.5420810414106887e-5,5.862317152358173e-7,1.0703546906983403e-7,1.3530209292866462e-9,0.0022425287764050563,-0.0005912193558752435,-1.0378448744222676e-8,-2.2083363244307214e-5,-7.943371910578334e-5,0.0012419165841261082,-0.004453050397501084,1.6736691500661139e-9,1.2678074829449606e-9,7.801580190317268e-5,0.003050834014910072,-0.00017486164776331389,1.4963750221876765e-7,0.0002139173699775004,4.97086940998907e-5,0.00015575173018990627,3.313794825363179e-7,5.384582647275757e-7,2.092568113109071e-6,2.9283443163323283e-5,-0.0012846171808725867,-0.0006149878012602371,-0.004079286660838571,0.0013183092829038413,-4.172858098640783e-9,-4.274691425692938e-9,-1.003265501975579e-6,-0.0019013046700660614,1.2171353491262343e-10
0.0,0.0,0.0,0.0,0.0,0.0,0.0,0.0,0.0,0.0,0.0,0.0,0.0,0.0,0.0,0.0,0.0,0.0,0.0,0.0,0.0,0.0,0.0,0.0,0.0,0.0,0.0,0.0,0.0,0.0,0.0,0.0,0.0,0.0,0.0,0.0,0.0,0.0,0.0,0.0,0.0,0.0,0.0,0.0,0.0,0.0,0.0,0.0,0.0,0.0,0.0,0.0,0.0,0.0,0.0,0.0,0.0,0.0,0.0,0.0,0.0,0.0,0.0,0.0,0.0,0.0,0.0,0.0,0.0,0.0,0.0,0.0,0.0,0.0,0.0,0.0,0.0,0.0,0.0,0.0,0.0,0.0,0.0,0.0,0.0,0.0,0.0,0.0,0.0,0.0,0.0,0.0,0.0,0.0,0.0,0.0,0.0,0.0,0.0,0.0,0.0,0.0,0.0,0.0,0.0,0.0,0.0,0.0,0.0,0.0,0.0,0.0,0.0,0.0,0.0,0.0,0.0,0.0,0.0,0.0,0.0,0.0,0.0,0.0,0.0,0.0,0.0,0.0,0.0,0.0,0.0,0.0,0.0,0.0,0.0,0.0,0.0,0.0,0.0,0.0,0.0,0.0,0.0,0.0,0.0,0.0,0.0,0.0,0.0,0.0,0.0,0.0,0.0,0.0,0.0,0.0,0.0,0.0,0.0,0.0,0.0,0.0,0.0,0.0,0.0,0.0,0.0,0.0,0.0,0.0,0.0,0.0,0.0,0.0,0.0,0.0,0.0,0.0,0.0,0.0,0.0,0.0,0.0,0.0,0.0,0.0,0.0,0.0,0.0,0.0,0.0,0.0,0.0,0.0,0.0,0.0,0.0,0.0,0.0,0.0,0.0,0.0,0.0,0.0,0.0,0.0,0.0,0.0,0.0,0.0,0.0,0.0,0.0,0.0,0.0,0.0,0.0,0.0,0.0,0.0,0.0,0.0,0.0,0.0,0.0,0.0,0.0,0.0,0.0,0.0,0.0,0.0,0.0,0.0,0.0,0.0,0.0,0.0,0.0,0.0,0.0,0.0,0.0,0.0,0.0,0.0,0.0,0.0,0.0,0.0,0.0,0.0,0.0,0.0,0.0,0.0,0.0,0.0,0.0,0.0,0.0,0.0,0.0,0.0,0.0,0.0,0.0,0.0,0.0,0.0,0.0,0.0,0.0,0.0,0.0,0.0,0.0,0.0,0.0,0.0,0.0,0.0,0.0,0.0,0.0,0.0,0.0,0.0,0.0,0.0,0.0,0.0,0.0,0.0,0.0,0.0,0.0,0.0,0.0,0.0,0.0,0.0,0.0,0.0,0.0,0.0,0.0,0.0,0.0,0.0,0.0,0.0,0.0,0.0,0.0,0.0,0.0,0.0,0.0,0.0,0.0,0.0,0.0,0.0,0.0,0.0,0.0,0.0,0.0,0.0,0.0,0.0,0.0,0.0,0.0,0.0,0.0,0.0,0.0,0.0,0.0,0.0,0.0,0.0,0.0,0.0,0.0,0.0,0.0,0.0,0.0,0.0,0.0,0.0,0.0,0.0,0.0,0.0,0.0,0.0,0.0,0.0,0.0,0.0,0.0,0.0,0.0,0.0,0.0,0.0,0.0,0.0,0.0,0.0,0.0,0.0,0.0,0.0,0.0,0.0,0.0,0.0,0.0,0.0,0.0,0.0,0.0,0.0,0.0,0.0,0.0,0.0,0.0,0.0,0.0,0.0,0.0,0.0,0.0,0.0,0.0,0.0,0.0,0.0,0.0,0.0,0.0,0.0,0.0,0.0,0.0,0.0,0.0,0.0,0.0,0.0,0.0,0.0,0.0,0.0,0.0,0.0,0.0,0.0,0.0,0.0,0.0,0.0,0.0,0.0,0.0,0.0,0.0,0.0,0.0,0.0,0.0,0.0,0.0,0.0,0.0,0.0,0.0,0.0,0.0,0.0,0.0,0.0,0.0,0.0,0.0,0.0,0.0,0.0,0.0,0.0,0.0,0.0,0.0,0.0,0.0,0.0,0.0,0.0,0.0,0.0,0.0,0.0,0.0,0.0,0.0,0.0,0.0,0.0,0.0,0.0,0.0,0.0,0.0,0.0,0.0,0.0,0.0,0.0,0.0,0.0,0.0,0.0,0.0,0.0,0.0,0.0,0.0,0.0,0.0,0.041548645523388696,0.00016289189211425245,-3.4246218870533587e-12,5.082609065891494e-10,-0.0004177913828618553,1.6879127129363989e-6,-5.314586129839915e-10,1.218458485059781e-7,-0.00021095309570175075,-7.821426180509895e-7,-0.0018667886306368941,-0.00015167130962751292,0.00035482781769649433,0.00019592705132926068,6.438427932132926e-13,7.455960484122844e-5,1.2264117326236995e-7,-0.001375443014061558,1.8363076751583994e-5,-1.9147486311027886e-7,1.2308403720172526e-11,9.349387188397335e-5,0.0027162109599303103,0.0005026938385983277,-0.020793963153631058,-0.0005658165121323013,-7.201364640626743e-11,-1.7813309443779437e-9,-0.0015350968452921968,5.05735974378265e-7,-0.0035524320668868397,0.00020598439002219668,-0.0004812692421185825,0.0027262585714402056,-6.519114085600877e-7,8.947462906125696e-5,-0.0011842855554937397,6.788068714022508e-10,-8.7342358023085e-12,2.256290419325371e-7,1.1408071940356046e-5,-0.006208717104862366,-7.786857622509803e-5,0.004392339635757678,4.320904278311423e-7,7.324854746055707e-5,-7.953360738861484e-9,-7.380677761772725e-9,-0.000957759262406364,5.457059291626441e-7,0.005259572310289929,-0.00041314727870424674,0.0034716385821260943,-5.261914812917055e-12,0.011873716024919559,1.1057619404155434e-6,2.590343533795991e-7,0.0011427079410379788,0.0006579732533991623,-0.0006046285215792396,0.0008517173454825131,-2.054531387631222e-6,1.4306539274709783e-11,2.2996186979919766e-5,5.6194080758934637e-11,-1.5342416134311758e-10,5.658334133217894e-5,3.153536291382948e-13,1.0043345114125635e-6,0.0012669691607382371,0.00036959677040252577,-8.922180614839427e-12,2.17562667486905e-8,-2.1255523238981584e-5,0.0003382166300563138,-1.015406628632318e-11,-4.3202214269247886e-11,0.0001460685811233023,4.91560096669017e-10,-0.0002654461083075268,-2.1171367774158336e-7,5.828427622001292e-6,-2.5096345141464636e-6,0.00028183806156029665,-0.0008025251523763713,-0.0006753767199132061,1.4467112790989177e-8,-1.9344676499613233e-8,-0.002479599284179926,-0.0016921519650410844,0.00355682655862395,9.842581988231545e-13,3.1770887227155704e-10,-4.992869042302051e-5,0.0002485145442327205,-2.0399045177637614e-5,5.3268821453123275e-5,-0.010199554868402561,-0.00010028429278278383,1.5195975983828512e-5,-0.00018312617034907578,-2.875854903971454e-5,2.945837045288575e-10,2.356098073083125e-6,-1.5013972004751764e-5,-1.2933565937422895e-12,-4.766095593008309e-6,2.56920851201652e-6,-1.4986148163522473e-8,1.005338105345094e-7,-0.00018218889822136712,-1.8126982005203634e-5,2.626732603294998e-12,-1.0364193667439681e-11,8.006372622951698e-13,8.025408021488121e-6,0.0027027096745421597,0.0019006637033052842,-1.549174808350832e-8,-5.031121521515992e-8,2.42621531743638e-12,1.4732083876350763e-9,-1.91921711040018e-9,0.010459677751581133,-1.414001869785907e-13,0.0006395135620351225,-6.77830292452845e-7,1.5544688254790924e-7,-1.3206653156994288e-9,-0.00025810362854895115,0.0026134424622912852,0.000504296834925326,1.7296928246262827e-11,-5.570735319173378e-5,-1.996561848300891e-9,-0.004425192308184773,-4.0113973900071154e-10,0.01137737925205529,-1.7368228810529606e-5,1.78045092959484e-10,-2.6758901734192977e-6,1.5000541798221065e-8,3.273812357568475e-9,-1.6139459057374083e-7,4.1564115980057393e-7,-0.0028532253835187927,4.068775394664788e-12,-2.0790261388915805e-10,-9.408069567063203e-5,-5.1850443992052475e-8,-1.5351322459972486e-10,5.599991299823067e-7,4.656148601395862e-9,-0.003410211747259351,-1.9045993183722405e-7,-0.0016239622959719601,7.536668687574183e-6,-3.8267768309440296e-12,6.955084576660913e-5,-1.5995851639360832e-10,3.1475301742343673e-13,-8.320803903737842e-7,-9.548254371287573e-5,0.002303179777846147,8.705107264426236e-12,3.2384186173874926e-10,-0.0006000131130164353,0.000710947769121465,-0.0007317979935155825,0.0033166128616853316,3.207528470426614e-5,1.5596584427690652e-11,1.7975840963352741e-6,-2.5441668312285407e-10,-6.361144274219506e-5,-9.76789689987768e-7,0.0028721937213161694,-0.0003166000663750022,-5.654859010049645e-11,5.6018161603091774e-8,-0.0019478706824141434,1.452483745310639e-5,-5.790474637744818e-8,5.214681584790146e-8,0.0016381851864733048,-9.942311106309688e-12,9.567550251648403e-11,0.00038270534441014185,-0.0001323375600044705,-7.801105363240177e-6,5.392160424321313e-5,0.0003173907455469807,1.796384641257325e-8,-6.891612434486945e-5,-4.410859973488017e-13,-2.211676561701681e-10,1.885323133096381e-8,8.904244023680076e-12,2.9383649952193333e-5,0.0002799627739206467,-8.54266090629811e-5,3.505010005402204e-9,-1.6910818407544728e-7,-1.1875414589971466e-9,-1.905138582061347e-12,-0.0012687422649247928,-6.610827566142729e-7,0.0002636175589775089,0.0006487963387494051,0.0031778875350200204,-0.001811680878126531,5.137033437253812e-10,0.0010396481519519033,8.594162109414107e-9,1.3916265766642351e-8,6.714847125903326e-11,1.9509443066156594e-5,-2.181316358524898e-11,3.833357134808303e-6,1.4393502713239476e-9,-1.1441278482135309e-11,-7.0316866752715156e-12,-4.5812429946304885e-5,-1.0916322420149947e-5,9.703061945500941e-5,-2.6909954388649884e-7,-1.811413113794775e-6,-4.711443467306067e-9,0.00026309929724889394,9.046867230349315e-8,-3.9458349933302434e-10,5.824903346779724e-9,7.586494462414272e-12,1.1881560168857756e-6,1.2817773012547266e-10,1.270627573388045e-6,-6.444822845840169e-8,-2.3351504136662404e-9,7.168082274662192e-7,1.7543891493027776e-10,5.388626725426592e-12,7.38037766802918e-12,8.062934096211296e-5,-1.34165541735906e-8,-0.002072030396637322,1.0181441618577922e-6,2.9461515426202924e-12,-0.000273427257119161,0.011637864698481708,3.969257015802264e-8,-0.00012673395022474326,1.2549786244837277e-7,-2.2083279068081516e-10,-0.005013659258656241,-2.2191981175778776e-5,3.236115340051665e-5,-1.8924650487912987e-9,-6.5477916593451e-6,-2.2011541805361003e-12,0.0007865496553496177,-5.20082288013706e-6,-4.438859781485066e-9,-0.002857436648981796,3.7520460566534545e-11,-0.0036349371900170416,7.746535628814307e-11,-1.078871396727755e-11,8.546192610077225e-13,0.0011175413329312619,-0.0002715998423795784,2.035018574334097e-5,-1.2845553896331247e-5,1.1881031344435938e-12,0.006024822095029823,-0.0012446655744005122,3.1707577052866395e-7,3.4221462396049377e-9,-0.0008574719620737951,2.773856496746799e-5,1.0100872601478657e-6,-9.619924107867724e-9,4.457223614820962e-8,-0.0007017287270678552,1.170616096959892e-5,3.517458881122366e-10,3.5858290683730854e-8,-3.423294283519478e-6,-0.010482968330984884,-2.4644485993551968e-6,-6.354379680161281e-10,1.0814657733658162e-5,-0.002460409135688894,-0.0013694824824873949,-1.8197512275886077e-11,-2.958138443592937e-11,1.9940674250498495e-8,-8.468543336693914e-9,-4.846570532225161e-8,-9.973450276091268e-9,-0.0003344420042398376,3.298321140545089e-5,7.715619998964596e-12,4.1537772672328044e-7,-1.4237075155075003e-5
0.0,0.0,0.0,0.0,0.0,0.0,0.0,0.0,0.0,0.0,0.0,0.0,0.0,0.0,0.0,0.0,0.0,0.0,0.0,0.0,0.0,0.0,0.0,0.0,0.0,0.0,0.0,0.0,0.0,0.0,0.0,0.0,0.0,0.0,0.0,0.0,0.0,0.0,0.0,0.0,0.0,0.0,0.0,0.0,0.0,0.0,0.0,0.0,0.0,0.0,0.0,0.0,0.0,0.0,0.0,0.0,0.0,0.0,0.0,0.0,0.0,0.0,0.0,0.0,0.0,0.0,0.0,0.0,0.0,0.0,0.0,0.0,0.0,0.0,0.0,0.0,0.0,0.0,0.0,0.0,0.0,0.0,0.0,0.0,0.0,0.0,0.0,0.0,0.0,0.0,0.0,0.0,0.0,0.0,0.0,0.0,0.0,0.0,0.0,0.0,0.0,0.0,0.0,0.0,0.0,0.0,0.0,0.0,0.0,0.0,0.0,0.0,0.0,0.0,0.0,0.0,0.0,0.0,0.0,0.0,0.0,0.0,0.0,0.0,0.0,0.0,0.0,0.0,0.0,0.0,0.0,0.0,0.0,0.0,0.0,0.0,0.0,0.0,0.0,0.0,0.0,0.0,0.0,0.0,0.0,0.0,0.0,0.0,0.0,0.0,0.0,0.0,0.0,0.0,0.0,0.0,0.0,0.0,0.0,0.0,0.0,0.0,0.0,0.0,0.0,0.0,0.0,0.0,0.0,0.0,0.0,0.0,0.0,0.0,0.0,0.0,0.0,0.0,0.0,0.0,0.0,0.0,0.0,0.0,0.0,0.0,0.0,0.0,0.0,0.0,0.0,0.0,0.0,0.0,0.0,0.0,0.0,0.0,0.0,0.0,0.0,0.0,0.0,0.0,0.0,0.0,0.0,0.0,0.0,0.0,0.0,0.0,0.0,0.0,0.0,0.0,0.0,0.0,0.0,0.0,0.0,0.0,0.0,0.0,0.0,0.0,0.0,0.0,0.0,0.0,0.0,0.0,0.0,0.0,0.0,0.0,0.0,0.0,0.0,0.0,0.0,0.0,0.0,0.0,0.0,0.0,0.0,0.0,0.0,0.0,0.0,0.0,0.0,0.0,0.0,0.0,0.0,0.0,0.0,0.0,0.0,0.0,0.0,0.0,0.0,0.0,0.0,0.0,0.0,0.0,0.0,0.0,0.0,0.0,0.0,0.0,0.0,0.0,0.0,0.0,0.0,0.0,0.0,0.0,0.0,0.0,0.0,0.0,0.0,0.0,0.0,0.0,0.0,0.0,0.0,0.0,0.0,0.0,0.0,0.0,0.0,0.0,0.0,0.0,0.0,0.0,0.0,0.0,0.0,0.0,0.0,0.0,0.0,0.0,0.0,0.0,0.0,0.0,0.0,0.0,0.0,0.0,0.0,0.0,0.0,0.0,0.0,0.0,0.0,0.0,0.0,0.0,0.0,0.0,0.0,0.0,0.0,0.0,0.0,0.0,0.0,0.0,0.0,0.0,0.0,0.0,0.0,0.0,0.0,0.0,0.0,0.0,0.0,0.0,0.0,0.0,0.0,0.0,0.0,0.0,0.0,0.0,0.0,0.0,0.0,0.0,0.0,0.0,0.0,0.0,0.0,0.0,0.0,0.0,0.0,0.0,0.0,0.0,0.0,0.0,0.0,0.0,0.0,0.0,0.0,0.0,0.0,0.0,0.0,0.0,0.0,0.0,0.0,0.0,0.0,0.0,0.0,0.0,0.0,0.0,0.0,0.0,0.0,0.0,0.0,0.0,0.0,0.0,0.0,0.0,0.0,0.0,0.0,0.0,0.0,0.0,0.0,0.0,0.0,0.0,0.0,0.0,0.0,0.0,0.0,0.0,0.0,0.0,0.0,0.0,0.0,0.0,0.0,0.0,0.0,0.0,0.0,0.0,0.0,0.0,0.0,0.0,0.0,0.0,0.0,0.0,0.0,0.0,0.0,0.0,0.0,0.0,0.0,0.0,0.0,0.0,0.0,0.0,0.0,0.0,0.0,0.0,0.0,0.0,0.0,0.0,0.0,0.0,0.0,0.0,0.0,0.0,0.0,0.0,0.0,0.0,0.0,0.0,0.0,0.0,0.0,0.0,0.0,0.0,0.0,0.0,0.0,0.0,0.0,0.0,0.0,0.0,0.0,0.0,0.0,0.0,0.05904011287714182,1.0963524866780407e-12,5.692251536938094e-10,0.003630765440807289,2.6552930436447435e-7,2.39410126881391e-10,-5.640792683765007e-9,-1.862514023537528e-5,-4.771862767416292e-9,0.007926318627000897,-6.824392589913956e-5,-0.00024559776677937883,2.314912130087051e-5,-2.0834242659386595e-14,-1.3381797003117662e-6,-2.145434567123742e-8,0.02022075323027202,0.0006049734463411015,2.2279858936459662e-7,-1.3041011103200475e-11,-8.166171421089992e-5,0.009731479837050173,-0.0003571235221638743,-0.0011453954494881453,-3.2081523455608205e-5,1.565031629964947e-11,5.553967003072305e-11,-0.00010139507030207967,8.59004725637092e-9,-0.00046112817077625706,-0.00010653735333329258,0.005395744547879367,0.0010428991646442036,3.2118379669735096e-8,-7.751415135421573e-5,-0.0027811392489236024,-2.3553614123160754e-8,1.2560576084056886e-12,-1.569844677957498e-8,1.5918472291866347e-6,0.0057694427853411025,0.00010718004512588134,0.0010938869704183408,2.5388418134145594e-7,-0.0029212345582294305,-9.706287361546915e-12,2.6028093766020063e-9,0.004250490463383179,-7.259753033970132e-7,-0.00025917213279641227,0.001734710490075284,-0.015731025772587195,-2.3595516623421565e-12,3.5341201265494436e-5,4.0931825671003334e-8,1.0125738305618166e-7,0.0028961366967474394,0.004211781386165874,-7.34203402367074e-5,-0.0017219105657561697,-8.326161091447844e-7,-1.896139851413133e-12,-7.854202473405817e-5,1.4666714916431395e-10,-2.760500711692076e-11,-0.0003197996841876398,8.978228221548269e-14,1.3719491912713672e-8,-4.667005639138078e-5,5.361176505925771e-5,6.47009422817636e-13,4.453642480956802e-9,-6.611833615086473e-6,0.0011342216331259665,-3.2400820668730277e-12,-3.400103213853526e-11,0.00017556346009074168,-4.6289132835967687e-11,0.00012095989878023422,-2.7381563937668182e-8,8.655954099461255e-7,2.667093009389604e-7,4.83465054541513e-5,0.006927218494023244,-0.0001670882566702635,9.239313907430249e-10,-1.494595863815313e-8,-0.00034257114566233995,8.9712523513315e-5,-0.0009875400996844,-1.8033292263516547e-13,1.1342186922282004e-10,-0.00018806146852565363,0.0010233406692356072,1.190549292191068e-5,0.00018392900172407585,-0.0042964833361222995,-2.5418817286618847e-5,-2.754868058486129e-6,4.8276656938964195e-5,-1.7265184801012988e-5,1.0255610228611003e-10,9.971912360783092e-7,-0.00012559356487417306,1.631664735013759e-13,-2.044792913077504e-6,2.2981771310697049e-7,-3.995261433048568e-9,1.289336528402478e-8,-0.0005820876599610657,-0.00018721752115891623,-1.0474075043748289e-13,-6.165462292537052e-12,3.379320022096452e-14,4.578710194917179e-6,-0.002462434895458839,-0.004399581577957131,2.959851726416439e-9,-3.585318287032717e-10,2.1031204770228295e-14,1.0343283749685995e-8,-1.2424085938048857e-10,0.001321718428164787,7.83915098846322e-13,7.784560823297866e-5,4.752812795003966e-7,-5.89570192063247e-7,-1.4268037085751822e-10,0.0001528217406129646,0.0006142134773446898,6.957321295702614e-5,-2.4341083047566503e-12,0.00010403570845853977,1.1292813297180002e-10,3.0456214394233315e-5,4.0028231286939353e-10,-0.0015852662541084122,1.9051691354945363e-5,-3.6291171605205445e-10,-4.4720783297572104e-7,2.490116110307349e-9,4.905686205491539e-10,-1.7468759618494543e-7,-1.3788972986847023e-8,0.000402149540242523,1.4513115416543157e-11,-2.713082671858128e-12,-1.2289323720208389e-5,-5.272564544863537e-9,1.1224189682043642e-11,3.366282739616923e-7,-5.778906595252418e-10,-0.0002957277381968385,-3.0024620274864247e-8,0.007185532808345272,-1.5181340201935456e-7,-8.422925464957267e-13,-0.0011433957446590397,4.835050720965651e-11,2.680983006693278e-13,6.938975618635112e-8,-0.0015743782566578748,-0.010728705199355185,3.487065948919004e-12,6.739931012888731e-11,-0.00011694202154695063,0.003446653196449827,-0.0033535551146723777,-0.000544130079330736,1.9426414512541607e-6,-2.034195653651217e-11,-3.896059452251144e-7,-2.42669256206938e-12,0.000541103091871469,-1.8127593827734716e-8,0.0003398636273912381,-7.602673199600583e-6,1.7521743288011093e-11,2.1911454355034018e-8,0.007094800566467854,2.2397752639925395e-6,-1.0442122706986028e-8,2.7038591717216618e-8,0.0004797700160758703,1.0855960840742312e-11,-2.9152326555106324e-10,0.00040598840628436724,-1.9404030942016543e-5,-3.2702147772700135e-6,-8.944820158267084e-6,-0.004870724698486281,2.2186391190937674e-10,-3.071840480127711e-6,-1.4084926070843183e-14,-1.2628676247286084e-11,3.4126897636031325e-8,-8.961331137751581e-12,2.5351563495948906e-5,0.004321467728106672,-0.00018542082945038028,1.7448826201773866e-10,-2.1736861120607337e-8,-2.586654304894079e-11,-9.202862932795358e-13,-0.002753626658517426,-3.1966423143581697e-7,0.0008182639227442272,0.00020493530065933535,0.00036816696117541607,-0.002228062300850755,3.520681201376293e-11,6.771902854842959e-5,-1.1279807375418573e-9,-9.17790307440568e-9,-3.082987037839668e-11,1.7919455425521862e-5,1.6917876234878167e-11,-3.886094955430629e-7,1.042698483343599e-9,-1.7306898311399855e-12,1.6619771578575428e-12,4.189942372032688e-6,3.79351374579224e-7,0.0004983126456293282,-2.9797328784418215e-5,-0.0001802202427168715,2.9158042178266553e-9,-0.001264383799079022,-3.4095257359938588e-9,-1.5464798045472158e-10,-6.133083609007997e-10,-1.2700177017928907e-12,8.236643596517426e-8,-3.911013473103816e-11,3.321311241111357e-5,1.0088399850244452e-8,9.472982907346481e-10,-3.456164619042834e-7,-1.3656006917215268e-11,-5.816730383493746e-12,1.3925900607911966e-11,0.00010066375809371581,-2.6114840939491976e-9,-8.325008887558704e-5,8.177098415004715e-8,7.257447684611776e-14,2.7608998635552633e-5,-0.001257032229198891,5.377978569144775e-8,-0.0006497649740994838,-5.897327444911558e-9,-1.513590927085211e-11,-0.0009502971969688808,-5.341120571701329e-6,2.568236817156587e-6,5.177259901326736e-10,-1.7266412056693697e-6,-6.761976798876668e-13,0.0012436458259582931,2.102487493193847e-6,-5.9697519871719245e-9,0.00010896581290966845,1.5688799040469228e-11,0.00979714560366873,6.223705252439635e-12,1.4531897182332673e-10,-4.571352113725328e-13,-0.019071398784817985,9.033584832473902e-5,3.865863513166059e-6,1.1020738684891586e-6,4.872072541762885e-13,0.00031693955059175933,-0.0048048161776448155,-1.7942692028810556e-7,-1.2679124399531485e-10,-0.013375724728514943,5.7587735415272385e-6,-8.762707602330142e-8,-2.196785778457615e-9,7.3073122556055085e-9,4.9868767921697766e-5,-0.00026578366765318015,7.680212134521699e-11,-1.0269610123066253e-9,-3.9101193506137594e-7,0.0012976903816050902,-1.2013108912072373e-6,9.169843524601054e-11,-3.151824999744387e-7,-0.00015629247597884208,-1.901901340205329e-5,9.12269060275273e-12,7.854220001703074e-11,-5.463472398627782e-10,2.755735149885008e-10,3.3846249200772444e-9,-8.017498326183753e-10,-0.0025561836509006815,0.0009349524217705958,-2.969135327801556e-13,-3.218953761988873e-8,-9.23497983594103e-6
0.0,0.0,0.0,0.0,0.0,0.0,0.0,0.0,0.0,0.0,0.0,0.0,0.0,0.0,0.0,0.0,0.0,0.0,0.0,0.0,0.0,0.0,0.0,0.0,0.0,0.0,0.0,0.0,0.0,0.0,0.0,0.0,0.0,0.0,0.0,0.0,0.0,0.0,0.0,0.0,0.0,0.0,0.0,0.0,0.0,0.0,0.0,0.0,0.0,0.0,0.0,0.0,0.0,0.0,0.0,0.0,0.0,0.0,0.0,0.0,0.0,0.0,0.0,0.0,0.0,0.0,0.0,0.0,0.0,0.0,0.0,0.0,0.0,0.0,0.0,0.0,0.0,0.0,0.0,0.0,0.0,0.0,0.0,0.0,0.0,0.0,0.0,0.0,0.0,0.0,0.0,0.0,0.0,0.0,0.0,0.0,0.0,0.0,0.0,0.0,0.0,0.0,0.0,0.0,0.0,0.0,0.0,0.0,0.0,0.0,0.0,0.0,0.0,0.0,0.0,0.0,0.0,0.0,0.0,0.0,0.0,0.0,0.0,0.0,0.0,0.0,0.0,0.0,0.0,0.0,0.0,0.0,0.0,0.0,0.0,0.0,0.0,0.0,0.0,0.0,0.0,0.0,0.0,0.0,0.0,0.0,0.0,0.0,0.0,0.0,0.0,0.0,0.0,0.0,0.0,0.0,0.0,0.0,0.0,0.0,0.0,0.0,0.0,0.0,0.0,0.0,0.0,0.0,0.0,0.0,0.0,0.0,0.0,0.0,0.0,0.0,0.0,0.0,0.0,0.0,0.0,0.0,0.0,0.0,0.0,0.0,0.0,0.0,0.0,0.0,0.0,0.0,0.0,0.0,0.0,0.0,0.0,0.0,0.0,0.0,0.0,0.0,0.0,0.0,0.0,0.0,0.0,0.0,0.0,0.0,0.0,0.0,0.0,0.0,0.0,0.0,0.0,0.0,0.0,0.0,0.0,0.0,0.0,0.0,0.0,0.0,0.0,0.0,0.0,0.0,0.0,0.0,0.0,0.0,0.0,0.0,0.0,0.0,0.0,0.0,0.0,0.0,0.0,0.0,0.0,0.0,0.0,0.0,0.0,0.0,0.0,0.0,0.0,0.0,0.0,0.0,0.0,0.0,0.0,0.0,0.0,0.0,0.0,0.0,0.0,0.0,0.0,0.0,0.0,0.0,0.0,0.0,0.0,0.0,0.0,0.0,0.0,0.0,0.0,0.0,0.0,0.0,0.0,0.0,0.0,0.0,0.0,0.0,0.0,0.0,0.0,0.0,0.0,0.0,0.0,0.0,0.0,0.0,0.0,0.0,0.0,0.0,0.0,0.0,0.0,0.0,0.0,0.0,0.0,0.0,0.0,0.0,0.0,0.0,0.0,0.0,0.0,0.0,0.0,0.0,0.0,0.0,0.0,0.0,0.0,0.0,0.0,0.0,0.0,0.0,0.0,0.0,0.0,0.0,0.0,0.0,0.0,0.0,0.0,0.0,0.0,0.0,0.0,0.0,0.0,0.0,0.0,0.0,0.0,0.0,0.0,0.0,0.0,0.0,0.0,0.0,0.0,0.0,0.0,0.0,0.0,0.0,0.0,0.0,0.0,0.0,0.0,0.0,0.0,0.0,0.0,0.0,0.0,0.0,0.0,0.0,0.0,0.0,0.0,0.0,0.0,0.0,0.0,0.0,0.0,0.0,0.0,0.0,0.0,0.0,0.0,0.0,0.0,0.0,0.0,0.0,0.0,0.0,0.0,0.0,0.0,0.0,0.0,0.0,0.0,0.0,0.0,0.0,0.0,0.0,0.0,0.0,0.0,0.0,0.0,0.0,0.0,0.0,0.0,0.0,0.0,0.0,0.0,0.0,0.0,0.0,0.0,0.0,0.0,0.0,0.0,0.0,0.0,0.0,0.0,0.0,0.0,0.0,0.0,0.0,0.0,0.0,0.0,0.0,0.0,0.0,0.0,0.0,0.0,0.0,0.0,0.0,0.0,0.0,0.0,0.0,0.0,0.0,0.0,0.0,0.0,0.0,0.0,0.0,0.0,0.0,0.0,0.0,0.0,0.0,0.0,0.0,0.0,0.0,0.0,0.0,0.0,0.0,0.0,0.0,0.0,0.0,0.0,0.0,0.0,0.0,0.0,0.0,0.0,0.0,0.0,0.0,0.0,0.0,0.0,0.0,0.0,0.03385114391544856,6.161102168291461e-5,-3.4670622154638557e-13,-1.4951729913670807e-7,0.0001284649538229366,-1.9831105787689955e-6,1.6502074465660013e-9,3.2609169230185647e-7,-4.2884858451854385e-12,-1.097946679923823e-10,-1.0437000162985936e-10,-1.297734756532796e-9,-0.01685804731287783,-3.8621908894263443e-10,-3.028204346575596e-7,9.531524677335383e-13,-4.101312519337744e-14,-2.6567996534622875e-7,-0.0062204025117182414,1.937052987301693e-14,-3.450873576642892e-12,-8.016937179851169e-13,1.3226361260073635e-11,-7.014054994975842e-10,0.0011487760980032052,7.71101398047093e-5,-1.43059156981913e-10,-2.144126445492792e-6,-4.219482087270769e-11,3.370380632690334e-13,2.6263436892729565e-13,-3.884527669553491e-12,-3.176968706100848e-8,-3.730191154704788e-14,-1.1304787554905445e-12,-3.720150488381076e-7,-6.529071154933411e-5,-2.648982175012118e-7,-2.119539824367975e-8,8.674186686112653e-12,-4.0048151400904944e-10,-3.160304469269691e-12,2.19490261946798e-8,-1.321580362434826e-13,2.339890190786885e-6,1.7426944258941138e-5,-1.854510291889181e-12,-1.972621929989797e-8,1.2642064450469354e-11,-1.0204696625154268e-13,-6.255930259047995e-12,-0.0056041266428718305,1.039718711180896e-11,-9.289202477276712e-7,-1.1790218180802614e-8,-6.034046476076204e-13,8.971640976857456e-14,2.6994727753512726e-10,4.889559838334018e-13,-8.119509507423405e-8,-0.0004996356393020469,5.2800296150664284e-15,0.0006300381065947074,-0.0007467341071132411,-1.2234678477837746e-13,-0.0022777297517596004,-7.213365810202669e-8,3.7005559345213126e-11,7.312692617589722e-11,0.0012718558438137495,1.745884431371634e-6,2.4769038165388042e-9,-2.674009583846651e-13,-0.00014154180245445165,0.0005686973369479779,-2.293318350576794e-13,6.270240613094487e-5,1.1022783129087333e-10,-1.1125198956253469e-6,1.8158799310297136e-8,-6.857261825667375e-8,-9.770704352075103e-11,1.6754535569434976e-12,1.126189136936491e-10,1.916827962629351e-5,-4.35558791538773e-7,-4.735756853434237e-11,-1.203843630529459e-11,-2.3955856858399457e-12,-0.007475101618246305,-5.8208340206410036e-5,-6.180505223942203e-15,-2.909661853988908e-14,-5.456253421555593e-10,-1.3806678383527622e-14,-2.6432204698338883e-12,3.101131262236451e-9,7.265438261815519e-9,4.8693698701099635e-11,7.69432050077219e-10,-9.192685321893565e-5,-1.6717462137635265e-8,2.621346566931207e-14,-0.0020588836341795184,1.642311517913307e-9,3.8379689779335196e-8,-2.5010167698960537e-6,4.0770010775836744e-7,-6.695414633499659e-15,1.4216222010068345e-14,0.0003760639744613835,-0.0036482995908552487,-0.008562438659560048,-2.421599075734621e-9,-4.2972430848994986e-12,-2.186761701352714e-12,6.271319862844924e-6,1.4518845825869825e-7,0.0030760426270117778,-7.048770182923347e-7,8.280719151225696e-5,-6.179588801628181e-12,-0.0002340070080546969,1.582097902839785e-11,1.2158625678084124e-8,-1.4697338866510851e-7,3.673951400976436e-5,-3.088205931759928e-10,-2.0028165853629142e-11,-6.115101292277188e-10,-0.0016478599728654221,-2.088106412088628e-14,2.374749505436915e-5,-3.923605086554014e-12,-0.00011510231334661169,8.827819653377182e-13,-1.097039863012572e-15,-5.1872872910418414e-5,-9.114149379532029e-9,-3.88435000150582e-6,-1.3035322908800356e-6,-9.448565377059873e-8,1.1255930954592023e-7,-1.4305937178629966e-13,0.0008727944316394431,-4.415608716990104e-5,2.0393709646013398e-10,-2.2597893827923677e-7,0.0002298656100873781,-1.8573183997321387e-8,-6.134604105395967e-6,3.1168888240175444e-11,1.5300943487321564e-7,-1.2297968895408772e-12,3.6326125225629294e-9,0.0008449324970238284,-4.4686257052131446e-14,-0.0007467360151203055,-0.00678107898582412,-2.3120976545254174e-8,5.325412110704531e-14,1.166476340055961e-12,0.0015234395636693156,0.00030864799719968226,-9.12881401042582e-11,2.4731678659690513e-13,-1.275500648723306e-13,-6.057413003381643e-11,-2.6751800088552553e-9,-0.00018627237580996176,-2.2499979848512695e-9,-4.304401630072274e-5,-2.1968743750997758e-14,-7.981438735063743e-8,6.426594123012882e-11,2.399556230369503e-10,0.0003379773699382314,-2.1956578173535747e-7,3.747231273953946e-12,-3.295406343125558e-10,6.268258166834717e-7,-3.8564463162188923e-7,-2.0860176006578595e-13,0.00046868591290321655,-4.703149833525404e-5,2.7595342362037318e-11,-1.208111405394189e-9,8.644226838369016e-10,9.836217377011324e-10,5.056704601455702e-14,-2.3205126487953277e-6,1.90868273375729e-9,0.0009339580168242072,-0.00024790650117698717,-3.896755359941139e-7,-0.0011463585089391591,-1.2190247345392876e-10,4.889341884531369e-14,3.2428110699462214e-14,6.16593812652265e-6,1.3413106566359747e-6,1.277619960249059e-5,-0.008506836373789376,-1.6832036815193693e-12,-6.59510270710605e-8,4.507745003598678e-14,-3.8450085404117985e-10,-5.731431906248524e-11,-1.4614106758521002e-12,-0.00012806447561058523,-3.601336953769556e-11,1.4141587968214491e-6,1.574000964495298e-6,-0.00012319111216523923,8.47199886751762e-17,-0.00013660688121407808,-1.936481983040259e-8,-6.573626669192662e-8,-0.001222071813334781,0.008420775971590057,2.4167561247330666e-9,-5.347593945871587e-9,2.0680523169073892e-14,-3.3782901172571753e-16,1.0295224901814266e-14,1.3822805386373834e-5,1.4202422492752729e-13,-1.9162560578340854e-7,-5.9635992638187556e-5,-3.23444533637584e-5,-0.0036386844179164823,-1.5505031976851522e-8,-0.00033355876107760146,-1.1778383151316269e-15,-9.895586047163868e-7,1.4002005632642072e-5,7.40508326166127e-8,-0.0009901694260524704,0.00028616224669780104,-0.0020460252998885293,1.830112261950999e-14,9.388641042520176e-7,3.9869438137683934e-11,-1.1572051557050875e-7,0.003834396172488743,2.436034148023922e-10,4.112920056050683e-12,1.097250944407637e-6,-1.3351282208943266e-13,9.171428838601947e-8,-7.456249614905136e-5,3.673851121465414e-12,-1.1710519533618637e-8,-4.371037977811054e-10,4.1437165384608064e-5,3.543301759175406e-9,-0.0012232492041616254,-2.8217104521201613e-13,6.512270832939785e-10,1.2587223605937755e-6,4.007411620182953e-11,0.0016417760869936085,8.440224730780689e-14,0.001147625318378583,5.598396200729472e-5,-0.010391710373287498,2.6811075108682047e-12,-2.7916942405188605e-10,-4.3767910026645696e-10,-2.0354326230850036e-9,0.005863669566456223,-1.2319930824324275e-11,8.455475078154059e-13,4.1340292938659716e-8,-5.5148308250915544e-5,8.852163071952994e-13,-4.130461523696344e-10,6.265934039508522e-9,-2.401326830062182e-6,1.6156826630975642e-6,-3.406438721674397e-13,-7.701363929503272e-14,-0.00025522318402971785,-1.8641298835513335e-6,1.515586390931624e-8,-4.338861484384657e-12,-5.586119925614588e-8,2.4498304895077608e-5,-5.2710022559540225e-9,-5.817986036837449e-11,-8.513922920937634e-11,0.002152707129904615,0.00010686441813628625,2.5544631111036302e-6,1.364590947998907e-7,-1.2115818313947424e-6,6.257875851660696e-6,1.5925346001614566e-13,8.495210405068604e-14,0.003564099904854281,3.5974407596532314e-7,-1.726623335427945e-15
0.0,0.0,0.0,0.0,0.0,0.0,0.0,0.0,0.0,0.0,0.0,0.0,0.0,0.0,0.0,0.0,0.0,0.0,0.0,0.0,0.0,0.0,0.0,0.0,0.0,0.0,0.0,0.0,0.0,0.0,0.0,0.0,0.0,0.0,0.0,0.0,0.0,0.0,0.0,0.0,0.0,0.0,0.0,0.0,0.0,0.0,0.0,0.0,0.0,0.0,0.0,0.0,0.0,0.0,0.0,0.0,0.0,0.0,0.0,0.0,0.0,0.0,0.0,0.0,0.0,0.0,0.0,0.0,0.0,0.0,0.0,0.0,0.0,0.0,0.0,0.0,0.0,0.0,0.0,0.0,0.0,0.0,0.0,0.0,0.0,0.0,0.0,0.0,0.0,0.0,0.0,0.0,0.0,0.0,0.0,0.0,0.0,0.0,0.0,0.0,0.0,0.0,0.0,0.0,0.0,0.0,0.0,0.0,0.0,0.0,0.0,0.0,0.0,0.0,0.0,0.0,0.0,0.0,0.0,0.0,0.0,0.0,0.0,0.0,0.0,0.0,0.0,0.0,0.0,0.0,0.0,0.0,0.0,0.0,0.0,0.0,0.0,0.0,0.0,0.0,0.0,0.0,0.0,0.0,0.0,0.0,0.0,0.0,0.0,0.0,0.0,0.0,0.0,0.0,0.0,0.0,0.0,0.0,0.0,0.0,0.0,0.0,0.0,0.0,0.0,0.0,0.0,0.0,0.0,0.0,0.0,0.0,0.0,0.0,0.0,0.0,0.0,0.0,0.0,0.0,0.0,0.0,0.0,0.0,0.0,0.0,0.0,0.0,0.0,0.0,0.0,0.0,0.0,0.0,0.0,0.0,0.0,0.0,0.0,0.0,0.0,0.0,0.0,0.0,0.0,0.0,0.0,0.0,0.0,0.0,0.0,0.0,0.0,0.0,0.0,0.0,0.0,0.0,0.0,0.0,0.0,0.0,0.0,0.0,0.0,0.0,0.0,0.0,0.0,0.0,0.0,0.0,0.0,0.0,0.0,0.0,0.0,0.0,0.0,0.0,0.0,0.0,0.0,0.0,0.0,0.0,0.0,0.0,0.0,0.0,0.0,0.0,0.0,0.0,0.0,0.0,0.0,0.0,0.0,0.0,0.0,0.0,0.0,0.0,0.0,0.0,0.0,0.0,0.0,0.0,0.0,0.0,0.0,0.0,0.0,0.0,0.0,0.0,0.0,0.0,0.0,0.0,0.0,0.0,0.0,0.0,0.0,0.0,0.0,0.0,0.0,0.0,0.0,0.0,0.0,0.0,0.0,0.0,0.0,0.0,0.0,0.0,0.0,0.0,0.0,0.0,0.0,0.0,0.0,0.0,0.0,0.0,0.0,0.0,0.0,0.0,0.0,0.0,0.0,0.0,0.0,0.0,0.0,0.0,0.0,0.0,0.0,0.0,0.0,0.0,0.0,0.0,0.0,0.0,0.0,0.0,0.0,0.0,0.0,0.0,0.0,0.0,0.0,0.0,0.0,0.0,0.0,0.0,0.0,0.0,0.0,0.0,0.0,0.0,0.0,0.0,0.0,0.0,0.0,0.0,0.0,0.0,0.0,0.0,0.0,0.0,0.0,0.0,0.0,0.0,0.0,0.0,0.0,0.0,0.0,0.0,0.0,0.0,0.0,0.0,0.0,0.0,0.0,0.0,0.0,0.0,0.0,0.0,0.0,0.0,0.0,0.0,0.0,0.0,0.0,0.0,0.0,0.0,0.0,0.0,0.0,0.0,0.0,0.0,0.0,0.0,0.0,0.0,0.0,0.0,0.0,0.0,0.0,0.0,0.0,0.0,0.0,0.0,0.0,0.0,0.0,0.0,0.0,0.0,0.0,0.0,0.0,0.0,0.0,0.0,0.0,0.0,0.0,0.0,0.0,0.0,0.0,0.0,0.0,0.0,0.0,0.0,0.0,0.0,0.0,0.0,0.0,0.0,0.0,0.0,0.0,0.0,0.0,0.0,0.0,0.0,0.0,0.0,0.0,0.0,0.0,0.0,0.0,0.0,0.0,0.0,0.0,0.0,0.0,0.0,0.0,0.0,0.0,0.0,0.0,0.0,0.0,0.0,0.0,0.0,0.0,0.0,0.0,0.0,0.0,0.0,0.0,0.0,0.0,0.0,0.0,0.0,0.0,0.0,0.0,0.0,0.0,0.0,0.03215827574407906,-1.714235605148527e-10,4.832624922222666e-5,0.015020962584372705,-0.00020308052976443023,-1.732387173660073e-7,-0.00019019790708971917,7.217077299655629e-10,-7.827706286468063e-8,-1.256530751934938e-8,2.0809165411160887e-7,3.1162283336957568e-6,-1.6771672326001293e-6,-7.2404780384299545e-6,-2.722219936852321e-12,-2.661660010186845e-12,-2.0321432599279357e-5,-0.000252747492449412,-2.1495369390408662e-12,-4.5466113643562096e-10,-1.4177294388485264e-10,2.734545472385562e-9,-8.263161656885252e-8,0.0005688103570924552,0.0029036612360049015,2.9768044799840056e-8,9.834457919014287e-5,7.411863481919163e-10,1.362049433365326e-10,1.147374579415166e-10,1.4226529132103003e-8,-4.459268259672242e-5,-1.2066790993108702e-11,6.166968181571738e-10,-0.0005785588694158749,6.652731781654738e-5,0.00022640821607689213,-3.639055695077396e-7,2.451678837323437e-10,1.4139781213199594e-7,3.250984623971528e-11,1.7016969969055462e-5,3.5813880621018706e-11,0.015923750597227934,0.012626783471868571,5.980842967914489e-10,-1.3208310943485007e-5,2.7693673000867145e-9,-2.9807849009163976e-11,-1.9900141311293805e-9,-2.3260137895922096e-5,3.263743739630636e-9,-0.00010398954872406462,3.545692835066745e-5,-4.9696233494612677e-11,4.0208802092831744e-12,7.640755194080724e-9,7.18282376676623e-11,-2.848547032571531e-5,-1.2849903669039877e-5,-4.853262510856242e-13,0.0035776113958793407,-0.0010300367461530226,-3.478056620071942e-11,4.534099765357704e-6,-2.5173549222337007e-5,-2.8160554612495406e-9,-5.017474344020724e-8,-2.5629188775569424e-5,-0.0008314825835719694,4.012568540994944e-7,-7.281867966493086e-11,-2.9380606594702917e-6,7.155906992710833e-5,1.5933160456098448e-12,0.007816821174699123,-1.1272308728093491e-8,-0.0001323603141798044,2.3752312624522514e-5,-4.932979558456447e-6,6.061418761585806e-8,1.722721697134698e-9,2.131164558505519e-8,0.00010813813663489615,4.158307233270192e-5,-1.0506970585274506e-8,-4.17394761988439e-9,-1.0063245222341662e-9,4.571544223212483e-6,0.0010761014630386297,-2.4038815019095547e-13,6.8255399661940335e-12,-2.5143355276953065e-8,-2.4103250782697915e-12,2.2248813726608635e-10,-3.184948358068324e-7,-3.438845446794693e-6,1.1625435849018165e-7,-1.2946047710765527e-7,0.003410325151142226,2.4734848561667168e-5,1.0486705556264982e-12,4.913807414106009e-6,1.3765324017920291e-6,1.9336756496554014e-6,0.00020316075705935008,0.0006294859712633699,1.1881967351821883e-11,3.3020162055695374e-12,-9.905272479907163e-6,-0.00022807206836863322,1.1196009076447465e-5,-4.2750662195198035e-7,-9.660711047762334e-10,-1.3503272579694546e-9,0.0028175277018104524,0.0004237759895109028,-9.001795050696401e-6,0.0007673307855512657,0.00247585219067662,-1.4815370702028758e-9,2.3411247599627887e-5,7.689189601158172e-8,-3.655296671903678e-6,-4.718051511112173e-6,-0.013478060212620506,-5.4827108383019074e-8,-4.03740337992406e-10,2.0194296891382791e-7,-2.7003861547412326e-5,-2.5926465085966816e-13,0.0011788587391345347,-5.233555517921273e-11,0.0005975725243882086,-7.394532630526193e-10,-1.1266248322450418e-12,-0.013448728985066149,6.93916687519222e-7,0.0006781778432637419,0.00295214214588616,-6.887922499408542e-5,8.074482930985859e-5,-2.0156018189106819e-10,0.00031808675041384866,-0.0006126961739906552,5.171982363272822e-7,-0.0006930600395076634,0.001855275365794663,-3.50342054950932e-6,0.011275469577954278,2.8875837327424117e-8,5.039868442731664e-5,-1.1824695206366768e-10,1.2366503990677335e-6,5.6460712340649525e-5,2.2669368429646142e-11,0.0017146520858488377,1.7493307722504735e-5,1.11743564276647e-6,2.2171514363094676e-11,-5.158338700560883e-11,0.0005000080792619088,-0.0005535272672966702,1.484701923154844e-9,-2.009126115481397e-11,-1.087630368475456e-10,-1.827140483579009e-8,4.1432750193527755e-7,-0.0005749687365812509,4.130174839154127e-6,-0.0024654192089348876,-8.049865817434278e-12,1.1947947710313974e-5,-1.7427344901734942e-8,1.4135914487395134e-7,-0.00021713547783497545,-3.429517631023301e-5,3.4253099438467387e-9,6.482046649399471e-9,0.00033087869212528325,-5.112960802377076e-5,1.2356908425956143e-9,-8.355447185558247e-5,-0.004269546483728863,-4.043583640851872e-9,-7.446178675017345e-7,-2.317315662155139e-6,3.954270539251878e-8,2.397189158589123e-11,0.0005347194286849792,6.589704439362223e-8,-3.727673825296431e-6,0.00032000121662181493,-0.0002504041298854048,-5.67895392266657e-5,1.2734445570965674e-7,-5.963244388579953e-11,3.593408360593668e-12,-0.001599406302863744,-0.00024760495410237524,0.0037087379766962258,-1.853297623922468e-6,8.655874549487052e-11,-2.3825414996426786e-5,-4.547334372275389e-12,1.1066233499498751e-8,-2.2463301865048503e-9,-1.0233955394492814e-11,-0.002351532353494572,-1.065862047623538e-8,0.003104596083755396,-0.00020569925447646344,0.0003026695366930837,4.852216726369287e-13,-0.00019655095540052015,-5.8572842669443995e-6,0.0003120981367462935,-4.617543319062441e-5,3.744817397524316e-5,3.2360872839071106e-7,-8.201522038559014e-7,-8.786083170914078e-12,7.020468995722875e-13,7.781397345432066e-12,0.003186289810665165,8.007952566340781e-13,-0.00021657439633196215,-0.006441238272902059,0.0008880029581616228,-4.8602147127977844e-5,3.4816405654949823e-5,-0.00021237204013096353,-5.294069229757665e-13,1.6994778358120648e-6,0.012219790060173036,-1.8035929756807276e-5,-0.00039105368827441797,-8.489316538813979e-5,-0.00023838144516284454,-5.525810811515253e-12,-0.00043519967083800943,5.8053695194533996e-9,-3.145491671420543e-6,-2.0620881891670793e-5,1.7020602839350748e-7,4.902671099245488e-11,9.48653225681377e-5,-1.5356566592295764e-11,0.0002832137576577619,0.001666655412657668,-4.931773821588259e-9,-2.1870696827526313e-6,3.096671876565911e-7,0.006827676365408871,-8.241009575626259e-7,-1.907727707631809e-5,-1.0354407653507312e-11,4.763247749968868e-7,-0.00032827764982332273,2.19210716448871e-9,0.00029367832702330667,3.7589109287804624e-10,8.41850715521781e-6,-0.000209702827428538,1.2521571183692464e-6,-8.999306707486168e-10,-3.219281478365781e-9,1.1900106805165099e-7,6.486680319391445e-7,1.132869358530026e-5,2.4751069626193423e-10,2.1071922585687134e-10,-2.2611807294772107e-6,-0.004341959557285473,-7.232092504525416e-11,8.900008971803486e-7,6.984708535009037e-7,-0.00010640990696052374,0.0010060281489217937,-1.3304808135446872e-11,-2.444899407884353e-12,0.012208457981693028,-0.00040378490795756056,1.2211614137397092e-6,2.8746366209664795e-10,-1.2476521696776854e-5,0.007582996643037481,1.3603417078368856e-6,-1.9816581294519533e-8,8.28018012570243e-9,0.00026380640907975,0.0009297786811069315,0.00020983033996102156,0.00393262543571365,0.00030321089706343844,-0.0009134235143505339,1.0785184456338229e-11,-5.316485943802833e-11,-1.1602602997629344e-5,2.5487339834945993e-5,3.715957391236479e-12
0.0,0.0,0.0,0.0,0.0,0.0,0.0,0.0,0.0,0.0,0.0,0.0,0.0,0.0,0.0,0.0,0.0,0.0,0.0,0.0,0.0,0.0,0.0,0.0,0.0,0.0,0.0,0.0,0.0,0.0,0.0,0.0,0.0,0.0,0.0,0.0,0.0,0.0,0.0,0.0,0.0,0.0,0.0,0.0,0.0,0.0,0.0,0.0,0.0,0.0,0.0,0.0,0.0,0.0,0.0,0.0,0.0,0.0,0.0,0.0,0.0,0.0,0.0,0.0,0.0,0.0,0.0,0.0,0.0,0.0,0.0,0.0,0.0,0.0,0.0,0.0,0.0,0.0,0.0,0.0,0.0,0.0,0.0,0.0,0.0,0.0,0.0,0.0,0.0,0.0,0.0,0.0,0.0,0.0,0.0,0.0,0.0,0.0,0.0,0.0,0.0,0.0,0.0,0.0,0.0,0.0,0.0,0.0,0.0,0.0,0.0,0.0,0.0,0.0,0.0,0.0,0.0,0.0,0.0,0.0,0.0,0.0,0.0,0.0,0.0,0.0,0.0,0.0,0.0,0.0,0.0,0.0,0.0,0.0,0.0,0.0,0.0,0.0,0.0,0.0,0.0,0.0,0.0,0.0,0.0,0.0,0.0,0.0,0.0,0.0,0.0,0.0,0.0,0.0,0.0,0.0,0.0,0.0,0.0,0.0,0.0,0.0,0.0,0.0,0.0,0.0,0.0,0.0,0.0,0.0,0.0,0.0,0.0,0.0,0.0,0.0,0.0,0.0,0.0,0.0,0.0,0.0,0.0,0.0,0.0,0.0,0.0,0.0,0.0,0.0,0.0,0.0,0.0,0.0,0.0,0.0,0.0,0.0,0.0,0.0,0.0,0.0,0.0,0.0,0.0,0.0,0.0,0.0,0.0,0.0,0.0,0.0,0.0,0.0,0.0,0.0,0.0,0.0,0.0,0.0,0.0,0.0,0.0,0.0,0.0,0.0,0.0,0.0,0.0,0.0,0.0,0.0,0.0,0.0,0.0,0.0,0.0,0.0,0.0,0.0,0.0,0.0,0.0,0.0,0.0,0.0,0.0,0.0,0.0,0.0,0.0,0.0,0.0,0.0,0.0,0.0,0.0,0.0,0.0,0.0,0.0,0.0,0.0,0.0,0.0,0.0,0.0,0.0,0.0,0.0,0.0,0.0,0.0,0.0,0.0,0.0,0.0,0.0,0.0,0.0,0.0,0.0,0.0,0.0,0.0,0.0,0.0,0.0,0.0,0.0,0.0,0.0,0.0,0.0,0.0,0.0,0.0,0.0,0.0,0.0,0.0,0.0,0.0,0.0,0.0,0.0,0.0,0.0,0.0,0.0,0.0,0.0,0.0,0.0,0.0,0.0,0.0,0.0,0.0,0.0,0.0,0.0,0.0,0.0,0.0,0.0,0.0,0.0,0.0,0.0,0.0,0.0,0.0,0.0,0.0,0.0,0.0,0.0,0.0,0.0,0.0,0.0,0.0,0.0,0.0,0.0,0.0,0.0,0.0,0.0,0.0,0.0,0.0,0.0,0.0,0.0,0.0,0.0,0.0,0.0,0.0,0.0,0.0,0.0,0.0,0.0,0.0,0.0,0.0,0.0,0.0,0.0,0.0,0.0,0.0,0.0,0.0,0.0,0.0,0.0,0.0,0.0,0.0,0.0,0.0,0.0,0.0,0.0,0.0,0.0,0.0,0.0,0.0,0.0,0.0,0.0,0.0,0.0,0.0,0.0,0.0,0.0,0.0,0.0,0.0,0.0,0.0,0.0,0.0,0.0,0.0,0.0,0.0,0.0,0.0,0.0,0.0,0.0,0.0,0.0,0.0,0.0,0.0,0.0,0.0,0.0,0.0,0.0,0.0,0.0,0.0,0.0,0.0,0.0,0.0,0.0,0.0,0.0,0.0,0.0,0.0,0.0,0.0,0.0,0.0,0.0,0.0,0.0,0.0,0.0,0.0,0.0,0.0,0.0,0.0,0.0,0.0,0.0,0.0,0.0,0.0,0.0,0.0,0.0,0.0,0.0,0.0,0.0,0.0,0.0,0.0,0.0,0.0,0.0,0.0,0.0,0.0,0.0,0.0,0.0,0.0,0.0,0.0,0.0,0.0,0.0,0.0,0.0,0.0,0.0,0.0,0.0,0.0,0.0,0.0,0.0,0.0,0.0,0.0,0.042294682663983896,-7.532127758795969e-8,4.263922786045548e-11,5.779529141889624e-9,6.589089702682933e-6,7.624703665119688e-9,0.0014476041387373368,2.635156051923299e-5,6.224692426269779e-6,-6.555078869449115e-6,-8.592295227538714e-14,-1.8646557424102376e-6,-1.5070362153145216e-8,-0.0008620948440077003,0.0023475265344652424,-8.102035295714742e-8,-6.424684296424095e-13,-0.0001235559415061639,0.01053342444189366,0.006051252036350798,6.843724579763468e-6,2.4948991195138986e-5,6.6525710200853205e-12,-4.416269434204942e-11,-1.786169267967839e-5,-5.459569850692911e-9,-5.329428956934263e-5,-0.0024489516202725117,-0.012028661429033008,-0.00020977871546328512,-6.126381916023566e-8,-0.001146962598639914,-0.0013575193394694764,4.122108494581392e-9,1.1121088060468822e-12,2.303339497229549e-8,-4.845844528066596e-7,-0.00038621694907941515,-3.0503923248441286e-5,-0.004915307586520489,1.9946355894829937e-7,-0.013334473205374727,-3.1140593609493567e-10,-1.0828540398754817e-9,0.00046968801494025244,2.6722821438647824e-7,0.00040654295558423655,-0.0018330089824789822,0.0005049387467341541,4.248748168703631e-13,-0.00013116190794566743,-2.057166560275465e-8,-1.5989436305448318e-8,-0.011374901484701206,-0.0013618877981129646,-5.561930014845169e-5,-0.0015566734346010433,1.762702770443661e-7,3.204799741576087e-12,-0.00021693397261214877,-6.5005399095052e-11,4.384912852691256e-12,0.011479447638837108,1.5468675082857748e-13,1.1292687707395189e-8,7.867350386398207e-5,6.996630444546234e-6,-2.879235249229505e-13,-1.4659739805522649e-9,1.1884226888095529e-6,0.0032777431367430588,2.2029741943748486e-13,3.682829337952678e-12,0.0007422439947418546,5.945350283357992e-11,-2.076708935871434e-5,9.856173593888571e-9,-1.938652645419673e-7,1.6222435770257689e-7,-1.8820377009013312e-5,-0.002925627022199703,-4.78817606433948e-5,-5.104231327690661e-10,2.3083142746413365e-9,2.8853209141297586e-5,0.0002744556450568348,-0.0014838843892781561,4.2536258809813845e-14,-1.2750703599984048e-12,0.0006011213710524889,0.006021686733096077,-6.640562173031866e-6,0.0005622631255389385,-5.188881786251912e-5,5.124202712546973e-6,6.597296240392109e-7,-2.039133833658978e-5,5.08289282447475e-7,8.649623578395254e-12,-1.0149440793286764e-7,-0.00021459446406963512,-2.574541457483831e-14,-2.175747683858683e-7,-8.203458948702106e-8,2.152986752308663e-9,-4.241152669772415e-9,-0.001212719994754155,-0.0006685162052800048,-7.298991543443463e-14,-2.653738621605652e-13,3.063442419313251e-14,1.0812115649791156e-6,0.0011765083837849118,0.00037430333052100167,-1.2660890818964287e-10,3.473316679776707e-9,-2.0002115626631415e-13,-1.5197885026090808e-9,-2.097348001115742e-11,0.00012921493074009695,2.2749895107356946e-14,-5.010427033523773e-5,-2.0853609147667038e-7,1.651294233865271e-7,-8.706462605621414e-11,4.5620741611843686e-5,0.0001188865889250517,-1.6852265448469802e-5,-7.696122237018052e-13,0.0009282054324806154,2.5424561283289654e-11,-0.0006153082728180323,2.46615066969087e-11,0.001356672598605344,-0.0001912328346719205,-4.0812572910291434e-11,1.8123406521560508e-7,-9.085932528446724e-10,-2.650005061374934e-10,2.4053014647376086e-8,2.6787775474186557e-9,0.002140130253555614,-1.965669872349426e-12,8.617969913989966e-12,-1.161469481752472e-6,1.8347675498370654e-9,7.238417748619162e-13,1.52611072456923e-7,1.1787207272216293e-10,9.710347196621667e-5,2.137212880270894e-9,0.018654461186864833,-1.0225568106855888e-7,1.701920998466048e-12,-0.0048891370664358325,1.4102079224752166e-11,-2.0164773541939353e-14,-7.007112308083521e-8,-0.003599074372353797,-0.0036337585405763853,-1.1809053851738946e-12,-2.3908903192221712e-11,-1.530936049323154e-5,-0.00831193353580465,0.005143895595821167,0.0001302335232738879,-3.6517577428614983e-6,3.669966851164242e-12,-2.5636590274892755e-7,-1.0401135394496244e-11,0.0010445897037988246,1.1933870981811638e-8,1.8166684384007936e-5,-5.6380424344568816e-6,-2.0299662184110435e-12,-1.714539180185679e-8,-0.0008802690580821641,-3.1911991812321988e-6,2.626267330895412e-9,-8.727680359732386e-9,-0.0007144452986169919,-2.982930516051013e-12,-4.816889496561416e-11,-7.502808851978098e-5,7.139765971831279e-6,1.0293247577591774e-7,-1.7442707629829008e-6,0.005398147888338687,3.8998641693887746e-10,1.186181600881309e-6,3.972018140316579e-14,5.691898929203731e-12,1.1229332096153664e-9,1.2219427069282732e-12,-1.968636043997668e-6,0.018639333855311153,-0.0012181592670663347,-3.363762596493967e-10,1.4237089563103034e-8,3.487962356316343e-11,1.2037481852388192e-13,0.002897191869494287,4.2894590579999924e-8,-0.0021227263222596787,-4.3242415341602295e-5,-9.527137851038736e-5,0.004073402039839618,-2.488034053886879e-11,-7.394316747021374e-5,3.7489650378228075e-10,-2.8162848537529003e-9,-4.240014677090348e-11,-0.0007799666191107144,-1.1047951525928096e-11,-1.3098807056660368e-8,2.6472130288799817e-10,5.218140281512205e-13,-1.2693406682821142e-12,-1.3754183608856266e-6,-1.5265598843619335e-7,0.0008818094266811124,-0.0002053079528121291,-0.0011179210925108824,-5.368795359339477e-10,-0.005086970687731691,-3.2248456448315476e-9,2.8242613977628895e-11,-3.421479218382726e-11,-5.174568847856086e-13,7.598539356108168e-9,2.4119371698433487e-12,0.00019382621558285503,-2.3561298998086832e-9,-1.013626068720601e-10,-5.024489171878836e-8,-4.35732028561979e-12,6.41844522309355e-13,-2.6082705239567028e-12,-0.00030748566537226854,4.089062888045425e-10,0.00012792709372836856,-6.952395014286768e-8,-1.1862205770013595e-13,-1.080361393250372e-6,0.0005062315537031193,-1.0368277895857886e-8,0.003118149603940122,8.573866361245922e-9,1.0753315822054998e-11,0.0003157818722342218,1.8089812459216197e-6,4.7624984996476457e-7,1.1330812168028523e-12,-1.4962167625931483e-7,2.84780901410806e-14,0.003802019882978293,-9.854961424947012e-7,1.0437865692338442e-9,-6.37023591472683e-5,-4.31455037476443e-12,-0.0018260721526738243,-4.930445887920504e-12,-3.2032898207016686e-11,3.9739738862169345e-14,-0.0030113894212227777,3.0299762997961303e-5,-1.0210588496985205e-6,2.0891855919274638e-7,-6.620034788814994e-14,-0.00035054329784437274,-0.0024106127311023014,7.1643954756206224e-9,-4.434182296495065e-11,-0.00029911569780408505,-4.889472243969139e-7,-5.243372102973468e-7,4.873535393109083e-10,-2.8077397804918064e-9,0.004784107168685268,-0.0017233298912813022,1.1985998678757742e-10,-1.9080032237003973e-9,6.933281890804908e-8,0.0002546843425851925,3.6996514960069433e-7,2.182566637233731e-11,-5.376136243040417e-7,0.00010078143983068892,-7.084654750858187e-5,-2.7092538056484095e-13,-1.4293564431608108e-12,7.708310165508727e-12,-3.950923737214108e-10,-7.392222418705277e-10,3.0825074540829336e-10,0.007641497656274998,0.015435528142197437,8.042070854164183e-14,1.8341064957332194e-8,-0.000677748635982258
0.0,0.0,0.0,0.0,0.0,0.0,0.0,0.0,0.0,0.0,0.0,0.0,0.0,0.0,0.0,0.0,0.0,0.0,0.0,0.0,0.0,0.0,0.0,0.0,0.0,0.0,0.0,0.0,0.0,0.0,0.0,0.0,0.0,0.0,0.0,0.0,0.0,0.0,0.0,0.0,0.0,0.0,0.0,0.0,0.0,0.0,0.0,0.0,0.0,0.0,0.0,0.0,0.0,0.0,0.0,0.0,0.0,0.0,0.0,0.0,0.0,0.0,0.0,0.0,0.0,0.0,0.0,0.0,0.0,0.0,0.0,0.0,0.0,0.0,0.0,0.0,0.0,0.0,0.0,0.0,0.0,0.0,0.0,0.0,0.0,0.0,0.0,0.0,0.0,0.0,0.0,0.0,0.0,0.0,0.0,0.0,0.0,0.0,0.0,0.0,0.0,0.0,0.0,0.0,0.0,0.0,0.0,0.0,0.0,0.0,0.0,0.0,0.0,0.0,0.0,0.0,0.0,0.0,0.0,0.0,0.0,0.0,0.0,0.0,0.0,0.0,0.0,0.0,0.0,0.0,0.0,0.0,0.0,0.0,0.0,0.0,0.0,0.0,0.0,0.0,0.0,0.0,0.0,0.0,0.0,0.0,0.0,0.0,0.0,0.0,0.0,0.0,0.0,0.0,0.0,0.0,0.0,0.0,0.0,0.0,0.0,0.0,0.0,0.0,0.0,0.0,0.0,0.0,0.0,0.0,0.0,0.0,0.0,0.0,0.0,0.0,0.0,0.0,0.0,0.0,0.0,0.0,0.0,0.0,0.0,0.0,0.0,0.0,0.0,0.0,0.0,0.0,0.0,0.0,0.0,0.0,0.0,0.0,0.0,0.0,0.0,0.0,0.0,0.0,0.0,0.0,0.0,0.0,0.0,0.0,0.0,0.0,0.0,0.0,0.0,0.0,0.0,0.0,0.0,0.0,0.0,0.0,0.0,0.0,0.0,0.0,0.0,0.0,0.0,0.0,0.0,0.0,0.0,0.0,0.0,0.0,0.0,0.0,0.0,0.0,0.0,0.0,0.0,0.0,0.0,0.0,0.0,0.0,0.0,0.0,0.0,0.0,0.0,0.0,0.0,0.0,0.0,0.0,0.0,0.0,0.0,0.0,0.0,0.0,0.0,0.0,0.0,0.0,0.0,0.0,0.0,0.0,0.0,0.0,0.0,0.0,0.0,0.0,0.0,0.0,0.0,0.0,0.0,0.0,0.0,0.0,0.0,0.0,0.0,0.0,0.0,0.0,0.0,0.0,0.0,0.0,0.0,0.0,0.0,0.0,0.0,0.0,0.0,0.0,0.0,0.0,0.0,0.0,0.0,0.0,0.0,0.0,0.0,0.0,0.0,0.0,0.0,0.0,0.0,0.0,0.0,0.0,0.0,0.0,0.0,0.0,0.0,0.0,0.0,0.0,0.0,0.0,0.0,0.0,0.0,0.0,0.0,0.0,0.0,0.0,0.0,0.0,0.0,0.0,0.0,0.0,0.0,0.0,0.0,0.0,0.0,0.0,0.0,0.0,0.0,0.0,0.0,0.0,0.0,0.0,0.0,0.0,0.0,0.0,0.0,0.0,0.0,0.0,0.0,0.0,0.0,0.0,0.0,0.0,0.0,0.0,0.0,0.0,0.0,0.0,0.0,0.0,0.0,0.0,0.0,0.0,0.0,0.0,0.0,0.0,0.0,0.0,0.0,0.0,0.0,0.0,0.0,0.0,0.0,0.0,0.0,0.0,0.0,0.0,0.0,0.0,0.0,0.0,0.0,0.0,0.0,0.0,0.0,0.0,0.0,0.0,0.0,0.0,0.0,0.0,0.0,0.0,0.0,0.0,0.0,0.0,0.0,0.0,0.0,0.0,0.0,0.0,0.0,0.0,0.0,0.0,0.0,0.0,0.0,0.0,0.0,0.0,0.0,0.0,0.0,0.0,0.0,0.0,0.0,0.0,0.0,0.0,0.0,0.0,0.0,0.0,0.0,0.0,0.0,0.0,0.0,0.0,0.0,0.0,0.0,0.0,0.0,0.0,0.0,0.0,0.0,0.0,0.0,0.0,0.0,0.0,0.0,0.0,0.0,0.0,0.0,0.0,0.0,0.0,0.0,0.0,0.0,0.0,0.0,0.0,0.0,0.0,0.0,0.0,0.0,0.0,0.0,0.0,0.0,0.0,0.04907213512552841,-1.5783865194972226e-5,0.002911622560297124,-0.00014977911773675633,-0.019526528837712668,3.3269478288621487e-7,-3.988433571054994e-5,-7.640577773525205e-6,0.00016254605274397015,-1.0266945861805684e-7,-1.297541468320117e-5,0.006939471656704509,-4.210680823420598e-8,-5.048679216617287e-10,0.00503288390083376,1.135775949511187e-6,-1.0351038059160338e-9,-8.860439225139887e-8,-8.862717751622415e-8,8.750102948372293e-7,-6.491586695519987e-5,-1.9360700769963753e-6,-4.094284814115395e-5,-3.229713486622664e-5,0.016784465277092316,-1.5603121515610835e-7,1.6727025512020413e-7,7.828229597036348e-8,7.86454078287291e-6,-0.015697461377317607,-4.406204752725012e-9,7.119081339719141e-10,0.0003496598773191647,1.4614649875356611e-7,-0.0005785592095449286,0.0004055802541931678,2.050955333407527e-7,3.4217407421218563e-6,-8.991129154190185e-8,-0.0013667163186672623,1.025014280027267e-9,-0.00022306908183093398,-0.0004002229425929086,1.6767982042787034e-7,-0.009053199009866645,4.945165036347087e-7,-3.2236128145524287e-9,-4.3949817995444165e-7,1.238445673278198e-7,3.7540813290673414e-6,0.022024561820826637,-0.011958988196545131,-1.844829212153819e-8,5.194854698697296e-9,-1.1472594222868585e-6,-4.875285869214809e-8,-0.003770364568625983,1.6877430131039608e-6,1.3835065710103777e-9,-2.1529353920456244e-6,-2.3848440953069148e-6,9.076124712016588e-9,-2.8058115798746386e-9,0.013383375819181212,1.5418393793268797e-5,-8.910461235059472e-6,-1.1072064595136971e-7,0.0008347362510830039,-0.00011412716213933803,-9.535015578875086e-8,-5.548751152453804e-8,-2.6979358361988406e-6,-9.702859069618909e-9,1.86753559548058e-5,-2.9865208954552496e-5,-0.0037540473478551374,0.00503145092227864,0.005507917299329389,4.788638544975593e-5,4.731430076002104e-7,-9.44476515289274e-6,0.00030084996376913476,-0.0018598886543153012,-5.18976893811939e-6,-1.5552800187430458e-6,1.319021421209442e-7,-1.24512953244104e-7,9.291728968957846e-6,2.6657486288780988e-9,2.561382582483498e-9,-6.616127682795546e-5,-1.5639246102648933e-10,-5.945670741127337e-7,-0.00032128177027492563,-0.00022133421045903765,1.3315193049218864e-5,-1.856068915929168e-5,1.2462510189163295e-5,0.0068547308065935635,6.0042893759298e-10,-2.2609442960760388e-8,-0.0004395905122693309,0.006676164570002072,-0.001107327819899558,0.00288760998277537,1.715060527649268e-8,2.616656354817322e-10,9.028974422982943e-8,2.3481145224586174e-7,-8.86270263375975e-9,-0.00019193728468628308,-5.00173422849047e-7,-7.583108706813991e-7,-0.00018954762612586733,0.005054820800734138,3.14223333529128e-8,0.0010670357894327907,-6.957560294290576e-5,1.0982030240019859e-7,-7.526267215008514e-8,7.677702886470413e-6,0.0022679626804634825,-0.01843783617331536,-9.970882896478535e-5,1.454284974250248e-7,8.756208365987423e-7,6.169851804658293e-5,-1.3678081626626608e-7,1.0653692740134134e-9,-3.2629465600939e-5,-8.289556965026105e-8,4.737724871634363e-5,-4.940521804566105e-7,3.4690302365183787e-10,4.786951084204688e-7,-0.00036312786021984255,0.00039342055573181133,0.00023211800154055424,-0.0036737437714935146,-0.001679927216947428,-1.1269566577130985e-7,-8.788456368497803e-7,1.299057817335696e-6,-0.00015216858451269836,0.0003365779530667232,-2.296950035387011e-6,-0.0010662145247605085,0.00022552138599456122,-1.653986414788616e-5,-0.001276073444761367,-1.0937412441395578e-8,0.0001399914408588384,-1.6694938442831434e-7,6.1306628660514486e-9,-1.3108335095829627e-6,-1.115934182689392e-7,0.0014502294476096437,7.783946412797551e-9,-9.370083958093356e-8,-3.7104526773744115e-6,1.0808748909811111e-5,-3.488916249856611e-6,1.2778670634383885e-8,7.424865913735906e-8,-6.472499753656617e-6,0.00017882570513072133,-8.544644201770364e-7,0.0014281896195481904,-3.754990903131548e-6,5.453161317544318e-10,-0.011558862318308409,1.0402198411684954e-5,-3.2551629369209845e-5,-8.073698565579346e-7,0.0018320082222297845,3.5053125691381155e-7,-6.291469245693976e-5,-0.0005971756275659313,0.0024393074473737972,6.821289320066416e-7,2.5581988517954296e-7,-2.5629492337510233e-5,6.179212060469606e-6,-0.0002962010984892716,-0.00036557156382166,-2.832035952214455e-6,2.978055884240362e-8,0.000635392523137711,6.943848553280491e-5,-8.757470943128707e-9,-4.4432206804666395e-6,-0.002568480685642337,3.8874080640587165e-7,8.324099119278686e-6,-1.9754986324425338e-8,6.296091011767794e-10,0.00027070281377964133,-0.007800611265409807,7.458833553948807e-5,1.1044135128775986e-7,4.2500398696053695e-9,-0.0035435423279439036,-1.1833693461393923e-8,9.125054184046848e-6,-2.104218937289466e-6,-1.4544759991178292e-7,1.0483895259098977e-5,5.195942523815733e-6,0.0003864872324914623,0.00011723412894849185,2.4956268143276703e-5,-3.7049519543510076e-9,-1.0711121490064888e-6,-0.0002514378874140439,6.986168312279893e-5,-1.8391696795600191e-7,-6.569118848809481e-7,2.8730753550790564e-5,0.00021497562818346776,5.474741321152563e-11,9.472929991274488e-10,-6.961583673712914e-10,-0.00015228388528972707,-9.08827738064347e-9,0.001490504829980111,8.906034624288392e-6,8.585362438231222e-5,-9.079935887271707e-9,-0.0013551440060211495,7.801972843849126e-6,-1.3262389121051372e-10,-0.0012006313987352908,0.00010605909913871443,-0.010623652323659796,4.4866603984018785e-6,8.08338663938204e-7,-4.209639791175486e-7,8.826687643672535e-10,-6.044265303449675e-5,-1.0151661220028377e-5,0.0027768491229404604,-4.863631047226214e-8,-2.8889894658282e-5,-1.2665898449787683e-6,-0.0006652555967352748,8.530424331075147e-10,-0.0028188732118165716,-7.014388489158536e-6,-5.165963983955088e-6,-0.0008430974411918064,8.418743061719464e-5,-6.764877403561157e-5,-0.00041231231733661057,8.241175066516914e-9,-5.19080930330182e-8,-5.179264877275863e-5,-0.0004153137918059939,-3.390917121155843e-6,-7.511444015031105e-7,3.825307693700186e-7,1.932393620957947e-6,-4.778605381955447e-6,-1.295245225943641e-8,-5.423502310274893e-7,2.6187305025951456e-6,-0.0001308060402097791,-0.00013634472490622264,5.025470048417233e-8,9.359749351404817e-7,-7.001094525699991e-8,0.004803972954046515,2.7645260797607706e-5,-6.678462900288519e-9,0.0002454347893976215,0.000914721323934106,2.4288603456147037e-5,0.0012745931438498666,1.367215757953291e-8,-4.5908172906123455e-9,2.3110470776683533e-5,0.00013723526247863983,0.00013525782856394137,-1.855465148368304e-6,-0.0018493698774124676,6.374902799701535e-6,-0.0003674824039464442,-5.7188206589116255e-6,-1.168568905668196e-6,-1.220113413561415e-6,3.784687030131874e-6,-4.7741024724217034e-5,-0.00036289058250421434,-0.0007218368856614369,-0.0003771382323690896,-4.781862574556173e-10,-2.598526432931315e-9,1.5497231427376708e-7,-0.006336963570874354,-5.934982186076956e-10
0.0,0.0,0.0,0.0,0.0,0.0,0.0,0.0,0.0,0.0,0.0,0.0,0.0,0.0,0.0,0.0,0.0,0.0,0.0,0.0,0.0,0.0,0.0,0.0,0.0,0.0,0.0,0.0,0.0,0.0,0.0,0.0,0.0,0.0,0.0,0.0,0.0,0.0,0.0,0.0,0.0,0.0,0.0,0.0,0.0,0.0,0.0,0.0,0.0,0.0,0.0,0.0,0.0,0.0,0.0,0.0,0.0,0.0,0.0,0.0,0.0,0.0,0.0,0.0,0.0,0.0,0.0,0.0,0.0,0.0,0.0,0.0,0.0,0.0,0.0,0.0,0.0,0.0,0.0,0.0,0.0,0.0,0.0,0.0,0.0,0.0,0.0,0.0,0.0,0.0,0.0,0.0,0.0,0.0,0.0,0.0,0.0,0.0,0.0,0.0,0.0,0.0,0.0,0.0,0.0,0.0,0.0,0.0,0.0,0.0,0.0,0.0,0.0,0.0,0.0,0.0,0.0,0.0,0.0,0.0,0.0,0.0,0.0,0.0,0.0,0.0,0.0,0.0,0.0,0.0,0.0,0.0,0.0,0.0,0.0,0.0,0.0,0.0,0.0,0.0,0.0,0.0,0.0,0.0,0.0,0.0,0.0,0.0,0.0,0.0,0.0,0.0,0.0,0.0,0.0,0.0,0.0,0.0,0.0,0.0,0.0,0.0,0.0,0.0,0.0,0.0,0.0,0.0,0.0,0.0,0.0,0.0,0.0,0.0,0.0,0.0,0.0,0.0,0.0,0.0,0.0,0.0,0.0,0.0,0.0,0.0,0.0,0.0,0.0,0.0,0.0,0.0,0.0,0.0,0.0,0.0,0.0,0.0,0.0,0.0,0.0,0.0,0.0,0.0,0.0,0.0,0.0,0.0,0.0,0.0,0.0,0.0,0.0,0.0,0.0,0.0,0.0,0.0,0.0,0.0,0.0,0.0,0.0,0.0,0.0,0.0,0.0,0.0,0.0,0.0,0.0,0.0,0.0,0.0,0.0,0.0,0.0,0.0,0.0,0.0,0.0,0.0,0.0,0.0,0.0,0.0,0.0,0.0,0.0,0.0,0.0,0.0,0.0,0.0,0.0,0.0,0.0,0.0,0.0,0.0,0.0,0.0,0.0,0.0,0.0,0.0,0.0,0.0,0.0,0.0,0.0,0.0,0.0,0.0,0.0,0.0,0.0,0.0,0.0,0.0,0.0,0.0,0.0,0.0,0.0,0.0,0.0,0.0,0.0,0.0,0.0,0.0,0.0,0.0,0.0,0.0,0.0,0.0,0.0,0.0,0.0,0.0,0.0,0.0,0.0,0.0,0.0,0.0,0.0,0.0,0.0,0.0,0.0,0.0,0.0,0.0,0.0,0.0,0.0,0.0,0.0,0.0,0.0,0.0,0.0,0.0,0.0,0.0,0.0,0.0,0.0,0.0,0.0,0.0,0.0,0.0,0.0,0.0,0.0,0.0,0.0,0.0,0.0,0.0,0.0,0.0,0.0,0.0,0.0,0.0,0.0,0.0,0.0,0.0,0.0,0.0,0.0,0.0,0.0,0.0,0.0,0.0,0.0,0.0,0.0,0.0,0.0,0.0,0.0,0.0,0.0,0.0,0.0,0.0,0.0,0.0,0.0,0.0,0.0,0.0,0.0,0.0,0.0,0.0,0.0,0.0,0.0,0.0,0.0,0.0,0.0,0.0,0.0,0.0,0.0,0.0,0.0,0.0,0.0,0.0,0.0,0.0,0.0,0.0,0.0,0.0,0.0,0.0,0.0,0.0,0.0,0.0,0.0,0.0,0.0,0.0,0.0,0.0,0.0,0.0,0.0,0.0,0.0,0.0,0.0,0.0,0.0,0.0,0.0,0.0,0.0,0.0,0.0,0.0,0.0,0.0,0.0,0.0,0.0,0.0,0.0,0.0,0.0,0.0,0.0,0.0,0.0,0.0,0.0,0.0,0.0,0.0,0.0,0.0,0.0,0.0,0.0,0.0,0.0,0.0,0.0,0.0,0.0,0.0,0.0,0.0,0.0,0.0,0.0,0.0,0.0,0.0,0.0,0.0,0.0,0.0,0.0,0.0,0.0,0.0,0.0,0.0,0.0,0.0,0.0,0.0,0.0,0.0,0.0,0.0,0.0,0.0,0.0,0.0,0.0,0.0,0.0,0.0,0.0,0.0,0.0,0.046733114149174595,1.0711153433944852e-5,1.6582189748198453e-8,-8.649328529305732e-6,-4.000675407909504e-10,-2.4580891672429922e-8,4.940831460848987e-9,-1.0717853090949562e-8,5.0571130204358675e-5,-2.9290374759309673e-7,-4.173012763334159e-5,5.6751920530255396e-11,-1.170904695221619e-12,-2.474224966112362e-5,-0.0008500003287667604,6.288640946196176e-14,-1.9012403911866691e-10,1.464065148349215e-11,1.5293876403633997e-9,-2.6947039600691383e-8,0.002005337879584013,0.005138882782637462,6.728997182029158e-9,-2.3542759435382774e-5,2.286275248783777e-9,-2.1250444298785203e-11,-1.1430553909603009e-11,-2.8305258419387747e-9,2.45003764800429e-6,1.2188753742957136e-12,4.5812279444207135e-11,2.2193926442202504e-5,0.00016634360734603236,1.7349197161756027e-5,-1.303472046139593e-6,1.2074203097048855e-10,-4.4912976273602824e-8,-3.4180838657363245e-10,4.794080446027778e-6,-8.63749644876155e-12,-0.00125372948867941,-0.001087996935253818,-1.6414277695385747e-10,2.437999237226999e-6,1.054903405365699e-10,6.738133345650396e-13,-1.821710591316051e-10,3.868680107401682e-5,5.677708475116379e-10,-2.7702776860106182e-5,9.40513563974418e-6,-7.866039815217134e-11,5.095504065722868e-12,-2.7403112350637804e-9,6.441439217682421e-12,-4.453550712916532e-6,-0.0004840621991562565,3.046913248172016e-14,0.0037555408947547993,0.002177637140459803,-4.4786525731202016e-13,1.2460190032537055e-5,-9.316444532576314e-7,1.1752883078081739e-8,3.3518983666795554e-8,0.0001406209732631724,0.00037989723768851327,-1.350019272607142e-7,6.8987949272236085e-12,0.00010642446070052278,-0.00033188780461585864,-1.6083305492309562e-11,-0.0016322441683461095,3.707562947557124e-9,0.00026752383981222777,-3.609307879382718e-7,3.5148869274372627e-6,-7.116454381224567e-9,-1.4316231442767177e-10,-1.2850789153780326e-8,-4.312872585461251e-5,-1.6272614700385678e-5,-2.90866692328953e-9,-3.513991337344391e-10,-2.0578729278330975e-10,7.1673888389880586e-6,-0.00035633301279314335,-3.2576486251048657e-13,-1.0478435789326686e-11,4.986698954281499e-8,-2.3207609154600707e-13,-1.8712412329577932e-10,1.7219982949906052e-7,3.242911929295592e-7,-1.3564937724709661e-8,-8.010713924678632e-9,-0.00014941369676114828,1.76821845664718e-6,8.72323145438246e-13,4.5355868717877156e-5,-6.215843176729125e-7,1.6162494919189119e-6,-9.42372729921732e-5,-0.00020977222829947313,2.1730554796603673e-12,1.41568820728976e-12,2.909938227328007e-6,-0.0005183289541375785,2.7338479217221733e-5,2.0672520844662822e-7,-2.106112087004633e-10,-1.468585619085511e-10,-0.00042069577285444896,4.677082737870412e-5,-6.007959134816188e-5,9.239092458899056e-5,0.00015590960434605584,-6.688352976977437e-10,-1.053668326710256e-5,1.1792879494445515e-8,-5.381717361769939e-7,-1.0031081425524947e-5,0.0021507810832681325,-2.100671124820851e-8,-1.1739511556760923e-9,3.207514751207333e-8,-0.00011543346856696343,-1.2885990725561195e-13,0.0005066132233170388,-1.109658854392707e-10,0.006511940713537922,2.2965799425293048e-11,2.110217224757096e-13,0.006574090226876926,-6.915621461946461e-7,0.0003681598860868039,-0.0016010089826890474,7.020423813470283e-6,-3.365522387944426e-6,2.1397340617993784e-10,0.0005650199723801457,-0.001480731762616815,-1.5556911622623557e-7,-0.00021137674654772814,0.007056962208721123,6.09422967454812e-7,5.952072580884411e-5,7.640016897965463e-10,-1.104944070527921e-6,-2.289625028081163e-11,7.093576431545117e-7,3.9519731721792856e-5,-7.314358715274666e-13,0.0078392317379238,8.13383773370867e-6,-2.442597766223364e-5,1.5235493336285584e-12,-2.577351361404634e-11,-7.971228681117122e-5,0.0031396255848703918,1.862131229078754e-8,1.1689511151325511e-11,7.625256045050306e-11,-3.634408068856589e-9,-4.4526426912603774e-7,-0.0034558582097089182,-5.05952976898513e-7,0.0008221396245047433,2.687878889819696e-13,-1.139106687531557e-6,3.3093519052529916e-9,1.611937679411602e-7,0.0003369283460923006,-2.574594889828819e-6,-3.2970267124713407e-10,-6.687080321712392e-8,1.812399713783871e-5,-2.435157997025161e-5,2.1418878277070604e-10,0.00046878447952281135,0.002432014204132138,-1.089262756543317e-9,1.7405217342214097e-7,-5.685766336713416e-7,-6.332828173376879e-9,-6.259028313258596e-12,-0.0003762332975189434,1.3701678494405202e-7,2.2955216147980546e-5,0.0005458146613805956,0.00014636343282497502,4.449828380369008e-5,-5.344392717288992e-8,-1.5826855445455093e-11,2.0068532282956567e-12,0.00036769397002546137,-2.9270010662985478e-5,0.00041165455125870135,6.683739924952252e-6,6.525888536098856e-11,-3.1396417156409064e-6,-2.1645138305217212e-12,-2.601895046519197e-8,-9.295292683720596e-10,1.876930036251272e-11,-0.0009273495132222753,2.0414528083851347e-9,0.00027223017107051023,-0.0003006605470911515,0.011403671838904197,-2.251313145125805e-12,0.0008949967694389368,-1.6938703282486109e-6,4.246064727786195e-5,5.3868311646274366e-5,4.6026979255595974e-5,-6.783242084217669e-8,4.926716976100505e-7,2.1992434969586378e-13,-2.266415279212061e-14,-7.553235536450662e-13,-0.0003619315261630739,2.187974845831096e-12,-1.2490976521895658e-5,-0.006421449769995219,0.0006261174552146671,1.461098758152305e-5,2.4767256662434263e-6,0.004383769565811142,1.9584771824187035e-13,-0.00010627520068922324,0.000499286208134355,-1.6254397233701652e-6,-0.0036222058240561925,0.00014818905942567276,-0.0007007214193252099,-1.0078637992430424e-12,-0.00023457128514481706,-4.6144727782866795e-9,-3.920140823730906e-6,1.7951396608721252e-5,-3.7648518503673286e-8,-1.395484750082404e-9,-4.958580451997624e-5,1.0647973066402636e-12,8.010331589697428e-5,-0.0011354879905995734,-2.6552162342019735e-9,2.7579977821708385e-8,1.2617894797902792e-7,0.0003132148747258582,-1.8309084358849138e-7,-1.4684878674740602e-5,-5.132009737644164e-11,-2.930279154605244e-7,0.00013790448443962153,3.490439577418982e-9,-0.0008114695000353268,7.157695946357719e-12,0.0002330594648731676,-0.004857104769357856,1.3686174614804372e-5,-1.4261536382307993e-10,-2.302215869778579e-8,-2.3712546573096243e-7,2.2200150531100393e-7,-0.00012239734757994023,-1.5681125228704422e-9,5.513520972427774e-11,1.9664262732203313e-5,-0.00017245917498686817,8.096142825646314e-11,2.1123916122761695e-7,4.6869602741170057e-7,-0.0005831022704592883,-0.0005718642335722783,6.843981782340827e-12,-1.4907510195660982e-13,0.02377726964601546,-0.00016958057410945403,1.2012447708252214e-6,-1.1094523257151417e-10,-2.061073580688246e-7,0.003148606629622528,-7.621957006298563e-7,-6.389596038811032e-9,-1.8681434476823487e-9,2.666757568504482e-5,-0.00022005527202485913,2.8835215383144633e-5,-0.0006215897937808161,1.5013188517226464e-5,-0.0007258062168323436,2.4075533463963792e-11,1.6487935667462603e-12,-3.4412948857464065e-5,1.5655529600025328e-5,1.197253112211331e-13
0.0,0.0,0.0,0.0,0.0,0.0,0.0,0.0,0.0,0.0,0.0,0.0,0.0,0.0,0.0,0.0,0.0,0.0,0.0,0.0,0.0,0.0,0.0,0.0,0.0,0.0,0.0,0.0,0.0,0.0,0.0,0.0,0.0,0.0,0.0,0.0,0.0,0.0,0.0,0.0,0.0,0.0,0.0,0.0,0.0,0.0,0.0,0.0,0.0,0.0,0.0,0.0,0.0,0.0,0.0,0.0,0.0,0.0,0.0,0.0,0.0,0.0,0.0,0.0,0.0,0.0,0.0,0.0,0.0,0.0,0.0,0.0,0.0,0.0,0.0,0.0,0.0,0.0,0.0,0.0,0.0,0.0,0.0,0.0,0.0,0.0,0.0,0.0,0.0,0.0,0.0,0.0,0.0,0.0,0.0,0.0,0.0,0.0,0.0,0.0,0.0,0.0,0.0,0.0,0.0,0.0,0.0,0.0,0.0,0.0,0.0,0.0,0.0,0.0,0.0,0.0,0.0,0.0,0.0,0.0,0.0,0.0,0.0,0.0,0.0,0.0,0.0,0.0,0.0,0.0,0.0,0.0,0.0,0.0,0.0,0.0,0.0,0.0,0.0,0.0,0.0,0.0,0.0,0.0,0.0,0.0,0.0,0.0,0.0,0.0,0.0,0.0,0.0,0.0,0.0,0.0,0.0,0.0,0.0,0.0,0.0,0.0,0.0,0.0,0.0,0.0,0.0,0.0,0.0,0.0,0.0,0.0,0.0,0.0,0.0,0.0,0.0,0.0,0.0,0.0,0.0,0.0,0.0,0.0,0.0,0.0,0.0,0.0,0.0,0.0,0.0,0.0,0.0,0.0,0.0,0.0,0.0,0.0,0.0,0.0,0.0,0.0,0.0,0.0,0.0,0.0,0.0,0.0,0.0,0.0,0.0,0.0,0.0,0.0,0.0,0.0,0.0,0.0,0.0,0.0,0.0,0.0,0.0,0.0,0.0,0.0,0.0,0.0,0.0,0.0,0.0,0.0,0.0,0.0,0.0,0.0,0.0,0.0,0.0,0.0,0.0,0.0,0.0,0.0,0.0,0.0,0.0,0.0,0.0,0.0,0.0,0.0,0.0,0.0,0.0,0.0,0.0,0.0,0.0,0.0,0.0,0.0,0.0,0.0,0.0,0.0,0.0,0.0,0.0,0.0,0.0,0.0,0.0,0.0,0.0,0.0,0.0,0.0,0.0,0.0,0.0,0.0,0.0,0.0,0.0,0.0,0.0,0.0,0.0,0.0,0.0,0.0,0.0,0.0,0.0,0.0,0.0,0.0,0.0,0.0,0.0,0.0,0.0,0.0,0.0,0.0,0.0,0.0,0.0,0.0,0.0,0.0,0.0,0.0,0.0,0.0,0.0,0.0,0.0,0.0,0.0,0.0,0.0,0.0,0.0,0.0,0.0,0.0,0.0,0.0,0.0,0.0,0.0,0.0,0.0,0.0,0.0,0.0,0.0,0.0,0.0,0.0,0.0,0.0,0.0,0.0,0.0,0.0,0.0,0.0,0.0,0.0,0.0,0.0,0.0,0.0,0.0,0.0,0.0,0.0,0.0,0.0,0.0,0.0,0.0,0.0,0.0,0.0,0.0,0.0,0.0,0.0,0.0,0.0,0.0,0.0,0.0,0.0,0.0,0.0,0.0,0.0,0.0,0.0,0.0,0.0,0.0,0.0,0.0,0.0,0.0,0.0,0.0,0.0,0.0,0.0,0.0,0.0,0.0,0.0,0.0,0.0,0.0,0.0,0.0,0.0,0.0,0.0,0.0,0.0,0.0,0.0,0.0,0.0,0.0,0.0,0.0,0.0,0.0,0.0,0.0,0.0,0.0,0.0,0.0,0.0,0.0,0.0,0.0,0.0,0.0,0.0,0.0,0.0,0.0,0.0,0.0,0.0,0.0,0.0,0.0,0.0,0.0,0.0,0.0,0.0,0.0,0.0,0.0,0.0,0.0,0.0,0.0,0.0,0.0,0.0,0.0,0.0,0.0,0.0,0.0,0.0,0.0,0.0,0.0,0.0,0.0,0.0,0.0,0.0,0.0,0.0,0.0,0.0,0.0,0.0,0.0,0.0,0.0,0.0,0.0,0.0,0.0,0.0,0.0,0.0,0.0,0.0,0.0,0.0,0.0,0.0,0.0,0.0,0.0,0.0,0.0,0.0,0.0,0.0,0.0,0.0,0.08484638788985716,1.648372536040228e-5,-0.009233128112019803,-1.2286341491673582e-7,7.573733248935988e-6,7.130364632848186e-7,-2.5452517905882347e-5,-1.4423425528029076e-7,2.935338069469273e-5,0.0008740792930017171,2.5746047030036582e-8,1.9911341176922344e-10,0.002305130642413768,2.2106069044721918e-6,-6.179859667242603e-10,-5.2254722475251384e-8,1.9267651727602753e-8,1.1758753974383849e-7,3.6297432165086996e-5,-4.973305361927365e-6,2.9057694472515068e-5,6.41161043901074e-6,0.01881554608498825,1.1675702397661772e-7,-3.306252089634969e-8,1.030692474375947e-8,-7.673911987605022e-7,0.0027278891899661087,1.714986788573561e-9,-1.8855098421845516e-8,-0.0030708507847376013,4.440844042944076e-8,0.007021624496861958,-0.00013282902009514695,-1.2176993247914595e-7,1.5502501304912263e-5,-4.018392341310078e-9,0.004592461031281488,1.862025612094242e-9,0.0008910075732779415,-8.266001982694115e-5,1.5539129199150015e-8,-0.0005954861213064935,-3.1959766278324535e-7,5.871921603733899e-9,7.383835025808146e-8,6.519265123850629e-7,1.2283951606809462e-7,0.031726598752220496,0.0002283345426316871,-1.1775893906671058e-8,-7.276344988835667e-9,-3.856220029409785e-6,-9.399935535034594e-9,0.00042588870872087433,-3.235826228209937e-7,-1.8353781537585182e-10,3.559904977095543e-5,2.9117495651849985e-6,3.822496363555218e-9,-5.1670697143657495e-8,0.003920068736602472,9.702169707090418e-8,-5.084795481239526e-7,-4.648605726546969e-8,0.003923413027789766,4.872549070419752e-5,6.266612343418449e-9,1.0478952278107557e-6,8.764358132017207e-6,1.1036302627380563e-8,4.814688706627892e-5,8.252407454139928e-6,-0.004192380733719149,-0.0007605062246766809,0.0011412152591520903,-5.645463628603381e-6,3.695245652934549e-8,-4.466496331605502e-7,0.0009089170825078598,-0.00037484049308087743,4.690464307157028e-7,-2.1553695787826497e-7,2.106708596512114e-8,-3.3894585779559386e-7,-7.199747182113598e-5,4.4100768309092814e-10,-6.900187497416498e-9,1.9754305564797675e-5,2.0758763645471572e-10,1.430880022563808e-7,-6.663514052084777e-5,-0.00014983354054348154,-4.5120009892304635e-6,-2.1169404776959336e-5,3.2119113884721195e-5,-0.00023207952307205615,-1.8420550942823356e-10,5.2453866203133355e-8,0.00014447008086542428,-0.001953912980347106,0.0025860820323654406,0.001234058192979066,-2.799129154031524e-12,-1.2305883380389476e-10,-2.3895635159320446e-8,8.490894290033022e-8,-4.6649327428749435e-8,0.00014132764127132178,1.2769222372997354e-7,-1.8323830797876821e-7,-0.0016783021975486094,-0.01115930976258347,-1.670265415126159e-8,-3.6616113057899485e-5,2.887103188290324e-5,2.1966358860609394e-7,-8.748277140873213e-8,-9.94263001065301e-6,-0.0006286786662802442,0.00010404336199644823,-0.0002576415737427417,-1.07783217957367e-5,3.1535338040170544e-7,-1.9521042007970846e-6,-5.31263531700654e-7,4.751095685674373e-10,4.101895973555996e-5,9.360468934755099e-8,0.00010009067408408746,5.047485734595463e-8,5.24300916309104e-10,3.283655337915716e-5,-0.00015632504182667246,0.000449892037222128,-0.00016557144563697648,-0.0011284899813102085,7.043183361341685e-5,7.339226045076922e-8,-1.3325148810728857e-6,2.4849176592257782e-6,-3.544649370417351e-5,-0.00020361222298473066,-3.6769458916370797e-7,0.0001458016261304446,0.00032085356541743733,1.012746802173998e-7,6.814110995226078e-5,1.698969935490714e-8,5.46956730656436e-5,-3.192738762125766e-7,2.4900329905388124e-10,-8.919178683587312e-6,-1.3707678352779156e-7,0.0026594319581732372,3.255419002500995e-10,-1.3351870819881363e-8,-3.1394951545067745e-6,-2.811900892988825e-5,6.901864089389877e-6,-4.581408396756816e-9,2.2618729533286658e-8,1.7089571127545943e-6,-0.0001340867563181014,1.1671837600336289e-6,-0.0004381874201882931,-3.871140692446635e-6,1.6379372396407999e-9,0.0029465047183774157,-4.223056002650945e-6,4.6518140481110886e-5,-5.781472191663619e-6,0.0008283366927183648,-5.9417460660889625e-8,-3.4657523023782145e-5,-0.00035557892257479364,0.003398344770280648,-6.461961036129753e-8,-1.957795061165029e-6,6.354183592805275e-5,-1.3004766596716126e-6,0.0001288440511769356,-0.0001373384384224348,1.5739156572963002e-5,-2.9305118218197575e-9,-0.00021848656778389948,3.493382743623424e-5,-1.4677454278870343e-8,1.3452878807190472e-5,0.0005274771422866363,2.092456968434831e-6,8.316426346770006e-6,-5.0831099788904635e-9,3.9671229236345114e-10,0.0008703814915918617,-0.005126008995742037,-1.1456536963865824e-5,3.747627222389087e-7,-1.8946217686258963e-8,0.002097419452761923,-2.3356940911451646e-9,1.0946432544388053e-5,5.274536616366884e-7,1.9532586579803175e-8,3.744353961201688e-5,9.005943263915018e-7,0.00028021251850003675,0.0015533992384258865,-2.225325124744933e-5,-3.357343034524365e-10,-5.1308385645184307e-8,0.0014687025675382407,-0.00031095468649739214,1.25794969309994e-7,-2.1986381056185514e-6,-6.64633243170163e-5,4.4186238688627437e-5,-3.2870836279908834e-10,-1.2382578904646715e-11,-4.2495116168438e-10,-0.0021679556571042795,-1.0800169871006153e-9,0.0018801597593857567,7.300918369274188e-7,0.00029893868833918296,-6.850981110576955e-7,0.007167962113863821,2.948205360071256e-6,2.7089850693868625e-11,0.0012678662723260886,-0.00037479349563325563,-0.0007198829133355044,3.0923109546170594e-6,2.277337936156706e-6,-6.362080240429632e-7,-3.771493575661801e-10,-0.0005242588329507999,-2.1364209572722073e-6,0.00020555503028341378,-5.992545701844973e-8,-5.749189342966384e-6,-2.251791911772851e-7,0.0008066301983584004,2.9829582318990516e-9,-0.0013683541377412984,8.112241742708631e-6,5.210800996805976e-7,3.1627904078425575e-5,-2.8445795012432788e-6,0.00012041005672446828,-0.00022833983443489521,4.1741365692069166e-8,9.904175897314135e-9,-0.00014612955075339793,0.0005546040733648939,6.780318477846435e-7,-4.8684068636375065e-6,-8.052061983860085e-9,2.3511010709293926e-6,-1.998133144781332e-5,-2.8689090200214867e-8,3.7998654741318385e-10,-4.584569341724493e-6,-0.000104159184206723,4.5038296801352116e-5,-1.7375470883712275e-7,-2.3110168869510224e-7,6.596460600316851e-9,-0.00583773003926667,-9.422260126224821e-5,4.040825668716913e-9,-2.0122299678950222e-5,-0.0005229701962426826,-0.00017437474698535338,0.0015951132642784958,2.0832697624535945e-9,2.354167113410108e-9,-3.532144426781942e-5,0.0013887685991909485,0.0002409287202932946,4.814427385111616e-7,0.0011500033721224385,-8.632987891258184e-6,-5.4412997813116665e-5,9.13932164516857e-7,-7.083855141717733e-7,-1.6777387716907623e-6,-3.064578594566756e-5,-0.001559394177099159,0.0006066811195320087,-0.0009293946635612914,0.0001901231607335209,-1.3575670894272948e-9,-1.4081333155054772e-9,-1.705558797954231e-7,-0.003318602199967018,2.5277302156761873e-10
0.0,0.0,0.0,0.0,0.0,0.0,0.0,0.0,0.0,0.0,0.0,0.0,0.0,0.0,0.0,0.0,0.0,0.0,0.0,0.0,0.0,0.0,0.0,0.0,0.0,0.0,0.0,0.0,0.0,0.0,0.0,0.0,0.0,0.0,0.0,0.0,0.0,0.0,0.0,0.0,0.0,0.0,0.0,0.0,0.0,0.0,0.0,0.0,0.0,0.0,0.0,0.0,0.0,0.0,0.0,0.0,0.0,0.0,0.0,0.0,0.0,0.0,0.0,0.0,0.0,0.0,0.0,0.0,0.0,0.0,0.0,0.0,0.0,0.0,0.0,0.0,0.0,0.0,0.0,0.0,0.0,0.0,0.0,0.0,0.0,0.0,0.0,0.0,0.0,0.0,0.0,0.0,0.0,0.0,0.0,0.0,0.0,0.0,0.0,0.0,0.0,0.0,0.0,0.0,0.0,0.0,0.0,0.0,0.0,0.0,0.0,0.0,0.0,0.0,0.0,0.0,0.0,0.0,0.0,0.0,0.0,0.0,0.0,0.0,0.0,0.0,0.0,0.0,0.0,0.0,0.0,0.0,0.0,0.0,0.0,0.0,0.0,0.0,0.0,0.0,0.0,0.0,0.0,0.0,0.0,0.0,0.0,0.0,0.0,0.0,0.0,0.0,0.0,0.0,0.0,0.0,0.0,0.0,0.0,0.0,0.0,0.0,0.0,0.0,0.0,0.0,0.0,0.0,0.0,0.0,0.0,0.0,0.0,0.0,0.0,0.0,0.0,0.0,0.0,0.0,0.0,0.0,0.0,0.0,0.0,0.0,0.0,0.0,0.0,0.0,0.0,0.0,0.0,0.0,0.0,0.0,0.0,0.0,0.0,0.0,0.0,0.0,0.0,0.0,0.0,0.0,0.0,0.0,0.0,0.0,0.0,0.0,0.0,0.0,0.0,0.0,0.0,0.0,0.0,0.0,0.0,0.0,0.0,0.0,0.0,0.0,0.0,0.0,0.0,0.0,0.0,0.0,0.0,0.0,0.0,0.0,0.0,0.0,0.0,0.0,0.0,0.0,0.0,0.0,0.0,0.0,0.0,0.0,0.0,0.0,0.0,0.0,0.0,0.0,0.0,0.0,0.0,0.0,0.0,0.0,0.0,0.0,0.0,0.0,0.0,0.0,0.0,0.0,0.0,0.0,0.0,0.0,0.0,0.0,0.0,0.0,0.0,0.0,0.0,0.0,0.0,0.0,0.0,0.0,0.0,0.0,0.0,0.0,0.0,0.0,0.0,0.0,0.0,0.0,0.0,0.0,0.0,0.0,0.0,0.0,0.0,0.0,0.0,0.0,0.0,0.0,0.0,0.0,0.0,0.0,0.0,0.0,0.0,0.0,0.0,0.0,0.0,0.0,0.0,0.0,0.0,0.0,0.0,0.0,0.0,0.0,0.0,0.0,0.0,0.0,0.0,0.0,0.0,0.0,0.0,0.0,0.0,0.0,0.0,0.0,0.0,0.0,0.0,0.0,0.0,0.0,0.0,0.0,0.0,0.0,0.0,0.0,0.0,0.0,0.0,0.0,0.0,0.0,0.0,0.0,0.0,0.0,0.0,0.0,0.0,0.0,0.0,0.0,0.0,0.0,0.0,0.0,0.0,0.0,0.0,0.0,0.0,0.0,0.0,0.0,0.0,0.0,0.0,0.0,0.0,0.0,0.0,0.0,0.0,0.0,0.0,0.0,0.0,0.0,0.0,0.0,0.0,0.0,0.0,0.0,0.0,0.0,0.0,0.0,0.0,0.0,0.0,0.0,0.0,0.0,0.0,0.0,0.0,0.0,0.0,0.0,0.0,0.0,0.0,0.0,0.0,0.0,0.0,0.0,0.0,0.0,0.0,0.0,0.0,0.0,0.0,0.0,0.0,0.0,0.0,0.0,0.0,0.0,0.0,0.0,0.0,0.0,0.0,0.0,0.0,0.0,0.0,0.0,0.0,0.0,0.0,0.0,0.0,0.0,0.0,0.0,0.0,0.0,0.0,0.0,0.0,0.0,0.0,0.0,0.0,0.0,0.0,0.0,0.0,0.0,0.0,0.0,0.0,0.0,0.0,0.0,0.0,0.0,0.0,0.0,0.0,0.0,0.0,0.0,0.0,0.0,0.0,0.0,0.0,0.0,0.0,0.0,0.0,0.0,0.0,0.0,0.0,0.0,0.0,0.0,0.0,0.0,0.0,0.049144884097252095,-2.0061678967435985e-5,-0.00018864830368236813,0.00984346309937225,-0.0029443672759190114,-0.0199652817758471,-2.511202908193959e-11,-0.0020823153130966653,-3.388613407282224e-5,2.6444583280851535e-5,-8.815871270434107e-7,-5.56775599200309e-5,-5.728493407667031e-9,9.986524329190367e-8,-5.3895876781678936e-5,1.1587650750095933e-5,-1.580951562679914e-5,-0.004704154251436721,9.85936965833774e-9,1.9872177231222774e-7,0.0002876358739998729,5.897873051616814e-6,0.00021984721109804658,-1.3591763199470197e-5,-5.136979935470335e-6,-0.0006388391713933621,2.0742620420193308e-5,6.818757770014197e-7,-4.002130104599677e-5,1.8309049917804406e-6,-5.380705935222161e-10,6.775188952410181e-6,0.0002616212187005046,0.00010847609250333641,0.0019715574182111013,-3.519719284312811e-6,0.0004023174054632376,-3.5854529345187128e-6,-1.094655116122741e-6,-2.1274924727685466e-6,-8.009218962267668e-5,-0.00012370800053895467,0.00022925165455409377,4.710715206067797e-6,1.3957372586204661e-6,-3.60394205551487e-10,-0.0002572832055209568,1.0029085156782545e-5,-9.108734478575361e-5,-3.4915716001502374e-6,4.9315675029939473e-8,0.0007100628900165537,8.84584971159014e-6,-0.0002824273133984682,7.342433415556909e-10,-7.577224591093487e-8,7.587218406097666e-8,-1.5042574055167502e-8,3.261468792658396e-7,2.8550387912372897e-12,3.3703205898163156e-5,-0.001073362913979366,0.001972073858867608,5.359949630032582e-10,7.318250146131366e-6,0.002216123940047169,9.994737907242582e-6,-4.951759854917876e-10,-1.859412477318572e-8,-6.06668247293808e-6,-7.952973623534741e-8,0.009817298040123114,-1.5046462683042956e-5,-0.0006311689012336365,-3.940077419664661e-5,-0.004714326522770614,-6.406360617023319e-5,0.001819064832272592,1.9521991725243224e-6,-8.876172193517479e-6,-0.00042245869902483635,0.00020431804337153433,5.281961541836495e-5,-1.4696013624893034e-10,-4.967324003919966e-8,-3.018342575334567e-8,-5.483643561495316e-6,0.0009445413105846763,-3.4039145169515996e-7,8.91730474176934e-6,0.012264143630255823,-0.0008417218622382509,-0.005860652540725705,0.0035964188851512007,1.0841243844430239e-7,-0.0005132793614619523,4.1741837037955706e-7,9.863695483704082e-11,0.0002116862510701325,0.00010714245465884715,-1.2424620180127839e-5,4.259249610862117e-6,-2.7453643298589262e-6,2.603784894024106e-7,-1.097577449990695e-10,-8.91194243288106e-10,2.4235499173502385e-11,0.003845703194713009,-2.8461352583194663e-5,9.06875232349065e-5,2.1566510173868045e-7,8.433664214195222e-6,5.23531723656946e-12,4.098273897271644e-6,-2.957036852842644e-7,-4.423361682599218e-5,2.712476729547377e-10,-0.0030592510792720384,0.0002419586416595547,-0.00014210359535355864,-1.432655630009206e-7,-0.004809423764261043,-0.0006214222316144365,-0.017587143701527044,-1.61009169234444e-9,-2.9714958471408595e-7,2.792863225515331e-7,-1.4959331546378932e-5,-2.338620437447011e-8,0.00010867217445854333,9.569731618072923e-8,-1.1425378412392695e-7,-0.0009408561225511396,-6.270491433091981e-7,-1.0857190611468672e-7,-1.305468198113832e-5,3.414298175355999e-6,3.3647699903401056e-5,1.7097097707536166e-9,2.131478179480002e-8,-0.008864219722355328,4.477850400966041e-6,-8.209860292721284e-9,0.0002725149155661626,2.4862867379277607e-7,-0.000467435835452458,-2.2392196935630186e-5,-9.332704181313315e-6,-0.00205878027649009,-2.1720051232060654e-10,-2.0779834272958614e-6,-1.4635716767380151e-8,-4.001167916454002e-11,-2.5667350656640477e-5,2.3511693426336345e-7,3.397941605088534e-5,-3.3291772888899034e-9,-1.0388446171736777e-9,0.0004791937918795632,9.708803526491141e-7,-8.989807917950194e-7,0.0008471053022315584,-0.006086586989565298,-8.328696088890521e-9,-0.0004938568791451124,7.060649582554521e-9,-5.11965200004455e-7,-0.00011086039483026194,-0.00018157335458538572,0.005965605067340645,3.540372593240753e-9,-1.8894048523981795e-5,-0.0001421307172580238,0.0010775666379984,-1.0007513241542841e-6,-6.611669961571335e-6,-0.00019799671936573043,4.5222611124756765e-9,-8.866330719415989e-8,0.0014329452541106454,0.005057476396595655,0.003796515179360146,0.014954389096339503,-6.023887162483181e-6,1.0026129900485856e-6,0.004671315259002258,3.0653512459715646e-12,1.5417032176631126e-11,1.2354055824394644e-5,-6.760002182235834e-9,-0.0007270937681057651,6.306557341473077e-7,8.521373827068096e-7,2.015711212922741e-6,-9.142153883780852e-6,-2.3792865712287945e-7,-3.167520747475427e-11,-3.0350424808369656e-5,0.00014428912709404511,6.456337040608517e-7,-0.0005826829675578828,-9.442829633151621e-5,1.5988292396231976e-5,1.2024007950649814e-8,0.00019035864963851592,-3.840433903473155e-7,-3.6549603522675158e-6,-5.45876081928736e-8,-7.34719372646646e-8,1.4932504602537072e-9,5.651552887867713e-6,-3.3337813966467857e-7,-1.0004564759226e-9,1.6879154140075835e-9,0.005695612138598308,-0.0022626193136420078,-5.1282505910086114e-8,-1.33759178860884e-7,1.1897655894007244e-7,8.451592967362634e-7,4.668181792485804e-6,2.0621849874211124e-6,4.7391608916231574e-8,-4.0518302268495016e-7,-7.750898181183418e-10,4.548744615322807e-5,-3.524260494927392e-8,2.9076613244064188e-8,1.352970993409974e-7,1.3911312738485018e-7,-7.16977801822021e-5,-1.1611909086386464e-8,-6.972530883219789e-10,8.102646564106385e-9,1.5940579977761254e-7,-8.047259184742584e-7,0.0015039477377520249,-3.905365776748501e-5,-6.68257107080572e-10,0.004929005140562889,0.00026716017763553926,4.276864213990563e-5,-1.1664897838374541e-6,-1.8499912499637232e-5,5.182584561503671e-8,0.0008975482073489178,0.00048387636019567965,-0.009124668587479663,5.0289893445203275e-8,0.00041305789601144406,1.2218014216858205e-10,3.6491896079340963e-6,0.0005404880273740328,1.9257768623768987e-6,0.0006735814785092957,8.2019125055618e-9,-2.7732938553681196e-5,-2.905390748134091e-9,3.417247352896507e-8,3.1598127382206903e-11,0.00011628185762671179,-0.0032920610192325207,0.0028891420259255537,-0.0010342259534753316,4.3502834178604703e-10,-0.00029561351126184185,8.961466367640262e-6,-4.728485961159706e-6,8.944158929494432e-8,1.931730914208275e-5,-0.005752404765892927,-0.0015880986812727333,1.4500198839492475e-6,3.5769099127075516e-6,-2.818987793556573e-6,-1.0298281525621024e-7,-5.099315879821163e-8,-1.1268316016650627e-6,7.130427737973761e-5,0.00021778197664447862,-0.0004247621483329425,5.683688016765928e-9,0.00044136169338614026,0.00012639950866648046,-0.002991772407354787,2.809288034023072e-9,-1.2926640329269812e-8,2.2499039649952424e-6,-1.2637252813028039e-6,-3.972466646363343e-6,1.1944034300681835e-6,-7.384446074813864e-6,3.0188755874774814e-6,-4.0919197694400986e-10,5.444203103698483e-5,-6.319896308469753e-8
0.0,0.0,0.0,0.0,0.0,0.0,0.0,0.0,0.0,0.0,0.0,0.0,0.0,0.0,0.0,0.0,0.0,0.0,0.0,0.0,0.0,0.0,0.0,0.0,0.0,0.0,0.0,0.0,0.0,0.0,0.0,0.0,0.0,0.0,0.0,0.0,0.0,0.0,0.0,0.0,0.0,0.0,0.0,0.0,0.0,0.0,0.0,0.0,0.0,0.0,0.0,0.0,0.0,0.0,0.0,0.0,0.0,0.0,0.0,0.0,0.0,0.0,0.0,0.0,0.0,0.0,0.0,0.0,0.0,0.0,0.0,0.0,0.0,0.0,0.0,0.0,0.0,0.0,0.0,0.0,0.0,0.0,0.0,0.0,0.0,0.0,0.0,0.0,0.0,0.0,0.0,0.0,0.0,0.0,0.0,0.0,0.0,0.0,0.0,0.0,0.0,0.0,0.0,0.0,0.0,0.0,0.0,0.0,0.0,0.0,0.0,0.0,0.0,0.0,0.0,0.0,0.0,0.0,0.0,0.0,0.0,0.0,0.0,0.0,0.0,0.0,0.0,0.0,0.0,0.0,0.0,0.0,0.0,0.0,0.0,0.0,0.0,0.0,0.0,0.0,0.0,0.0,0.0,0.0,0.0,0.0,0.0,0.0,0.0,0.0,0.0,0.0,0.0,0.0,0.0,0.0,0.0,0.0,0.0,0.0,0.0,0.0,0.0,0.0,0.0,0.0,0.0,0.0,0.0,0.0,0.0,0.0,0.0,0.0,0.0,0.0,0.0,0.0,0.0,0.0,0.0,0.0,0.0,0.0,0.0,0.0,0.0,0.0,0.0,0.0,0.0,0.0,0.0,0.0,0.0,0.0,0.0,0.0,0.0,0.0,0.0,0.0,0.0,0.0,0.0,0.0,0.0,0.0,0.0,0.0,0.0,0.0,0.0,0.0,0.0,0.0,0.0,0.0,0.0,0.0,0.0,0.0,0.0,0.0,0.0,0.0,0.0,0.0,0.0,0.0,0.0,0.0,0.0,0.0,0.0,0.0,0.0,0.0,0.0,0.0,0.0,0.0,0.0,0.0,0.0,0.0,0.0,0.0,0.0,0.0,0.0,0.0,0.0,0.0,0.0,0.0,0.0,0.0,0.0,0.0,0.0,0.0,0.0,0.0,0.0,0.0,0.0,0.0,0.0,0.0,0.0,0.0,0.0,0.0,0.0,0.0,0.0,0.0,0.0,0.0,0.0,0.0,0.0,0.0,0.0,0.0,0.0,0.0,0.0,0.0,0.0,0.0,0.0,0.0,0.0,0.0,0.0,0.0,0.0,0.0,0.0,0.0,0.0,0.0,0.0,0.0,0.0,0.0,0.0,0.0,0.0,0.0,0.0,0.0,0.0,0.0,0.0,0.0,0.0,0.0,0.0,0.0,0.0,0.0,0.0,0.0,0.0,0.0,0.0,0.0,0.0,0.0,0.0,0.0,0.0,0.0,0.0,0.0,0.0,0.0,0.0,0.0,0.0,0.0,0.0,0.0,0.0,0.0,0.0,0.0,0.0,0.0,0.0,0.0,0.0,0.0,0.0,0.0,0.0,0.0,0.0,0.0,0.0,0.0,0.0,0.0,0.0,0.0,0.0,0.0,0.0,0.0,0.0,0.0,0.0,0.0,0.0,0.0,0.0,0.0,0.0,0.0,0.0,0.0,0.0,0.0,0.0,0.0,0.0,0.0,0.0,0.0,0.0,0.0,0.0,0.0,0.0,0.0,0.0,0.0,0.0,0.0,0.0,0.0,0.0,0.0,0.0,0.0,0.0,0.0,0.0,0.0,0.0,0.0,0.0,0.0,0.0,0.0,0.0,0.0,0.0,0.0,0.0,0.0,0.0,0.0,0.0,0.0,0.0,0.0,0.0,0.0,0.0,0.0,0.0,0.0,0.0,0.0,0.0,0.0,0.0,0.0,0.0,0.0,0.0,0.0,0.0,0.0,0.0,0.0,0.0,0.0,0.0,0.0,0.0,0.0,0.0,0.0,0.0,0.0,0.0,0.0,0.0,0.0,0.0,0.0,0.0,0.0,0.0,0.0,0.0,0.0,0.0,0.0,0.0,0.0,0.0,0.0,0.0,0.0,0.0,0.0,0.0,0.0,0.0,0.0,0.0,0.0,0.0,0.0,0.0,0.0,0.0,0.0,0.0,0.0,0.0,0.0,0.0,0.0,0.0,0.0,0.0,0.0,0.052961446483044294,4.3655373507549745e-8,-1.8604490626547876e-5,-9.210415749508884e-6,-1.5216046751793263e-6,1.8425793965029943e-7,0.0002034549247440563,-0.004260567162048916,-4.821791850745501e-8,-1.505954918940486e-9,0.0008784226966622095,-8.326719409632636e-8,-3.1540918097909183e-10,4.247647219701819e-8,3.058272150244676e-8,2.269942316080685e-7,9.849153376634806e-6,-1.5077698633977479e-6,2.8022997998097778e-5,-5.906333836377482e-6,-0.028817283665421245,3.024613405771804e-7,8.033139747793226e-8,2.7006534780250374e-8,5.762173565933376e-6,0.012791096012927142,-1.2426182741847786e-9,-4.1972960439625494e-8,-0.005300623654465131,3.7521996696007365e-7,-0.00637090694539346,-0.000802247574118208,4.1298490720146413e-8,2.352183837501681e-5,-2.556929232724385e-8,0.002751615765627261,-1.0992789042607243e-11,0.0005998688504754723,-0.00028696287970823126,4.355869240772217e-8,-0.0052388329036715696,7.43392129605422e-7,-5.078512963919335e-9,-4.057637437351175e-8,-3.412060762315445e-7,-1.0590972899608375e-6,-0.011193059742993623,-0.004508409282690172,3.4860391150664495e-8,9.311783844924975e-9,2.8542978206152903e-6,-1.727360600516156e-8,0.002922706410516143,-2.5970425477646884e-6,4.263401077016919e-10,3.787512348179111e-5,-2.7853045396987203e-6,1.9925199917323344e-9,-4.0669542052264444e-7,-0.0006867776521822717,-3.1593368711226643e-6,-9.41786498483737e-6,3.4279532565739064e-7,0.00018490386725662374,-0.000182003471653438,-2.1797307962789765e-8,1.0946273253778032e-6,2.121145449666387e-6,-5.168468053093912e-9,3.1593895478947274e-5,1.2327033987059643e-5,0.0033834585988640905,-0.000809249461698316,-2.981356038243305e-5,3.3697560326824427e-6,1.5350676574591883e-7,-2.3163040497138855e-7,-0.00018620222640311487,0.0035057224317330523,-9.945317398309442e-7,-6.619624678553744e-8,1.7136071545535445e-7,-2.749378144288667e-8,-4.1874481497259814e-5,6.724138822758579e-10,-4.9057351048030955e-9,-9.160306032981559e-5,-4.2076335269551256e-10,-1.1608324550851772e-7,-0.0001140182003915166,-0.0006678086116761076,-3.8852951848101415e-6,3.60097750897509e-5,9.949587506562217e-5,-0.00041104341425002116,1.3837950207219986e-11,7.528187295026915e-8,5.710151857680226e-5,0.0025652682895407233,-0.001245700352414229,-0.004687850130268927,3.780022928737408e-9,-3.1439479440665254e-10,-1.595673984730235e-7,-7.140635868889733e-7,1.1452431097521896e-7,3.7577718289785266e-5,-8.759209331489154e-9,-7.608414629539761e-8,-0.00033830806090166793,-0.016310495115653318,-7.595662671217095e-9,-0.005371203837075229,4.1692732473402414e-5,7.491608262369549e-7,1.3119041146650285e-7,5.441771528314289e-7,-0.0012188075727586193,-0.0033863791709839845,-7.792551946035521e-5,1.9128921895850017e-5,6.433117096531958e-7,-1.4996791852051416e-5,-4.5077254372359623e-7,-4.123432719096276e-11,0.0001273210516254933,-4.222265371679225e-8,-0.00013677888502774046,3.18603513836603e-8,-4.483400568374928e-10,-6.183934979972977e-5,-0.0006765069374004964,-0.00115765691276081,-0.0002593940159997913,0.003193563555917788,-0.00917777001564379,-1.864531918359028e-9,3.145019751623002e-6,-7.479661339860219e-7,-3.7534662450556755e-5,0.0006472629338166965,1.3242092884096327e-6,0.0007545745024415521,4.243287051367122e-6,-8.487266421416648e-6,-0.0036353660517226003,-5.3052812532611055e-9,-0.0001956997569127579,-7.465693566449694e-8,3.83488301393985e-9,2.7157634687572347e-6,2.123033321544234e-7,0.004210190476302152,2.8635461947462216e-9,2.581858329544794e-8,8.757502384413797e-7,-3.3845426347316005e-5,-1.0461668470362157e-5,6.86244437969756e-9,6.435811171259634e-9,7.090814493366405e-7,9.520076919503549e-5,5.510563806555424e-6,-0.000900907306043548,-2.3161086111978395e-5,-1.5078688293447737e-9,-0.004790887356852982,3.3673811351680336e-6,4.099008118426509e-5,-1.913250316217301e-6,-0.00459089235452047,1.2724504755951064e-7,5.685117776749045e-5,0.0030473165130683487,0.002777861821443697,-2.6443989295037116e-7,-1.0011789554717989e-6,8.343206844923576e-5,5.7367283385956934e-6,-9.636238226201024e-5,8.475915241612377e-5,-3.152679104030031e-5,1.8790631808406237e-8,-0.00015335431357956338,9.030872993138555e-5,-4.816346168315122e-8,1.7877548404125176e-5,0.0012098861839131454,-3.3438790990263444e-8,-1.1034387348420452e-6,3.496370471866465e-9,-2.458087609293845e-9,-0.00036568912736875713,0.014150957083000057,-0.0002297324633721549,-9.86311844937699e-8,3.511987138531716e-8,0.0003046993174173229,-2.476187073420424e-9,1.3835274441830498e-5,-8.596932614174294e-8,2.0866265051501074e-8,-3.9616458256845666e-5,3.0039670499420075e-6,-0.0012764951167517629,-0.0004743061267577194,-2.944456937193835e-5,-9.243132537123908e-10,3.611042549149684e-6,0.0015102223198997743,-4.9123764730651845e-6,-6.262703786271614e-7,1.0594556102222603e-6,6.114685412942333e-5,4.604252853367753e-5,-5.821464874763529e-10,2.846342451344682e-10,2.355021403538137e-10,-0.0003915839994829377,-2.7764985980731424e-9,-0.008583450115894514,-3.51065558701375e-5,-0.00041730277449037703,1.9376694027217234e-7,-0.01029763817841178,-2.8047376825883983e-6,-1.0552163818610238e-10,0.0036191914721179683,-0.000755548430898837,0.006260507949510234,-2.7924538375403673e-6,1.621944160485108e-6,-5.496569749738639e-6,1.1785961753737594e-9,0.00023370708494140785,-1.1587640378234532e-6,-0.003901884383832543,4.3344856821781025e-8,-9.49142186790915e-6,7.656890118259109e-7,0.014995159092939744,4.4597003965170757e-10,-0.014157214199315291,3.9667354052411336e-5,9.653439925528398e-7,2.5956210406405776e-5,-5.4432350037532566e-5,0.00019419283276643306,0.00011750293710138317,-1.457592528701767e-7,-1.2115007627107136e-8,0.0002326433893210057,0.0005392412761541361,-2.4156223052575655e-6,-3.7048600996773584e-8,-4.624126027378421e-8,-7.884018210603602e-7,1.9762901894759943e-5,-1.0294246694922287e-7,-2.590089582526506e-7,6.550374013698702e-6,-7.847440793976095e-5,-6.7996981155952926e-6,-2.2642854482673074e-7,1.7577903610818885e-7,-3.596944031165657e-8,-0.010298363261463049,-0.00010432391557377794,-5.3209088496175183e-8,-0.00025796418884288167,-0.00045714490828666944,0.0009353588445228291,-0.0013524575158329448,1.6941380301702553e-8,-1.8562625509762794e-9,-7.04216627391643e-5,0.003111176704789902,0.0007864487795249002,-1.23794957256564e-7,-0.0007564890132842208,-2.3272840781033964e-5,-0.0005829211424186395,3.3542529243836197e-6,-1.9580398875657355e-6,1.7578982638594497e-6,-1.0635214971127566e-5,0.000640910002640727,0.0006386698667849114,-0.0007482053004314625,0.0007436112570092148,-1.640206598645917e-8,-1.7639269165422176e-9,-3.7556711090385575e-7,-0.006720342013608321,-6.027047303802937e-10
0.0,0.0,0.0,0.0,0.0,0.0,0.0,0.0,0.0,0.0,0.0,0.0,0.0,0.0,0.0,0.0,0.0,0.0,0.0,0.0,0.0,0.0,0.0,0.0,0.0,0.0,0.0,0.0,0.0,0.0,0.0,0.0,0.0,0.0,0.0,0.0,0.0,0.0,0.0,0.0,0.0,0.0,0.0,0.0,0.0,0.0,0.0,0.0,0.0,0.0,0.0,0.0,0.0,0.0,0.0,0.0,0.0,0.0,0.0,0.0,0.0,0.0,0.0,0.0,0.0,0.0,0.0,0.0,0.0,0.0,0.0,0.0,0.0,0.0,0.0,0.0,0.0,0.0,0.0,0.0,0.0,0.0,0.0,0.0,0.0,0.0,0.0,0.0,0.0,0.0,0.0,0.0,0.0,0.0,0.0,0.0,0.0,0.0,0.0,0.0,0.0,0.0,0.0,0.0,0.0,0.0,0.0,0.0,0.0,0.0,0.0,0.0,0.0,0.0,0.0,0.0,0.0,0.0,0.0,0.0,0.0,0.0,0.0,0.0,0.0,0.0,0.0,0.0,0.0,0.0,0.0,0.0,0.0,0.0,0.0,0.0,0.0,0.0,0.0,0.0,0.0,0.0,0.0,0.0,0.0,0.0,0.0,0.0,0.0,0.0,0.0,0.0,0.0,0.0,0.0,0.0,0.0,0.0,0.0,0.0,0.0,0.0,0.0,0.0,0.0,0.0,0.0,0.0,0.0,0.0,0.0,0.0,0.0,0.0,0.0,0.0,0.0,0.0,0.0,0.0,0.0,0.0,0.0,0.0,0.0,0.0,0.0,0.0,0.0,0.0,0.0,0.0,0.0,0.0,0.0,0.0,0.0,0.0,0.0,0.0,0.0,0.0,0.0,0.0,0.0,0.0,0.0,0.0,0.0,0.0,0.0,0.0,0.0,0.0,0.0,0.0,0.0,0.0,0.0,0.0,0.0,0.0,0.0,0.0,0.0,0.0,0.0,0.0,0.0,0.0,0.0,0.0,0.0,0.0,0.0,0.0,0.0,0.0,0.0,0.0,0.0,0.0,0.0,0.0,0.0,0.0,0.0,0.0,0.0,0.0,0.0,0.0,0.0,0.0,0.0,0.0,0.0,0.0,0.0,0.0,0.0,0.0,0.0,0.0,0.0,0.0,0.0,0.0,0.0,0.0,0.0,0.0,0.0,0.0,0.0,0.0,0.0,0.0,0.0,0.0,0.0,0.0,0.0,0.0,0.0,0.0,0.0,0.0,0.0,0.0,0.0,0.0,0.0,0.0,0.0,0.0,0.0,0.0,0.0,0.0,0.0,0.0,0.0,0.0,0.0,0.0,0.0,0.0,0.0,0.0,0.0,0.0,0.0,0.0,0.0,0.0,0.0,0.0,0.0,0.0,0.0,0.0,0.0,0.0,0.0,0.0,0.0,0.0,0.0,0.0,0.0,0.0,0.0,0.0,0.0,0.0,0.0,0.0,0.0,0.0,0.0,0.0,0.0,0.0,0.0,0.0,0.0,0.0,0.0,0.0,0.0,0.0,0.0,0.0,0.0,0.0,0.0,0.0,0.0,0.0,0.0,0.0,0.0,0.0,0.0,0.0,0.0,0.0,0.0,0.0,0.0,0.0,0.0,0.0,0.0,0.0,0.0,0.0,0.0,0.0,0.0,0.0,0.0,0.0,0.0,0.0,0.0,0.0,0.0,0.0,0.0,0.0,0.0,0.0,0.0,0.0,0.0,0.0,0.0,0.0,0.0,0.0,0.0,0.0,0.0,0.0,0.0,0.0,0.0,0.0,0.0,0.0,0.0,0.0,0.0,0.0,0.0,0.0,0.0,0.0,0.0,0.0,0.0,0.0,0.0,0.0,0.0,0.0,0.0,0.0,0.0,0.0,0.0,0.0,0.0,0.0,0.0,0.0,0.0,0.0,0.0,0.0,0.0,0.0,0.0,0.0,0.0,0.0,0.0,0.0,0.0,0.0,0.0,0.0,0.0,0.0,0.0,0.0,0.0,0.0,0.0,0.0,0.0,0.0,0.0,0.0,0.0,0.0,0.0,0.0,0.0,0.0,0.0,0.0,0.0,0.0,0.0,0.0,0.0,0.0,0.0,0.0,0.0,0.0,0.0,0.0,0.0,0.0,0.0,0.0,0.0,0.0,0.0,0.0,0.0,0.0,0.0,0.0,0.0,0.0,0.0,0.0,0.0,0.0,0.0,0.040069145098165955,-0.00028385449868553107,-0.0003177152073584852,-2.2281510743662236e-5,-7.651514585611445e-13,5.162874815723491e-6,-9.751983910133231e-8,-0.0061446924254051575,-9.835193466947117e-5,-2.626077916295178e-7,-1.45969658829437e-11,-4.508512649835025e-5,0.015168496581009853,0.002492048791605631,-0.005635472954284953,-0.00013426833278267676,1.893979688957593e-11,-4.124840232838864e-10,-0.0009985634434083192,-4.733048826055991e-8,0.0022257468980142006,-0.0015601883404303169,-0.001087845162314309,0.0035280695219792445,-1.5210572432035048e-7,-2.2976189065423184e-5,0.0010106635381410423,-4.976037958638427e-8,-2.373673774016671e-12,-3.0799814275046585e-8,2.587547649987206e-6,-0.0038644100796311203,3.479157175052367e-5,-0.0007063480184775678,2.2580649122519312e-7,0.0008001572200738393,-1.4656141879758993e-9,-2.614072150039805e-9,0.013085840272211621,2.022865450548327e-7,-0.0023077438392595734,0.00018353772870193788,-0.008367011807316043,-3.315330848655424e-12,-5.76600992713945e-5,-1.6659275818075725e-8,-6.460405772867667e-7,0.0032308265084534387,-0.00042319628017811853,-0.0004721068200068875,0.0013895489731329592,-6.261489435857192e-7,-6.904597285964309e-13,-3.5419932274111494e-5,3.0715160645754935e-10,-6.980047165115228e-11,-0.0004720589739841105,1.525874461585788e-12,1.7950063082734078e-7,0.00013799266668297486,0.0003737661022486935,1.7286583915836559e-12,2.0651447518123186e-8,-3.353301095537869e-5,0.0001269499510878912,-7.708684469497148e-12,-6.410398823923692e-11,0.0013376093429111756,-6.682280988437153e-11,-0.0002986194323813265,-9.897465958285747e-8,-2.0183129699965282e-7,-7.834668400562109e-7,0.00041905289846168065,-0.0059665178321151825,-0.0004273010659299001,6.518195932495663e-9,-2.5916184548246387e-8,0.0009761781204721939,0.001367167057988322,-0.007561395117348543,-6.751112553736845e-13,7.17570720418194e-12,2.042163782488904e-5,0.00016304338070814836,2.7803679128403183e-5,-5.2345162348628737e-5,-0.0057715921633078255,6.522239470336203e-5,-2.4479029526150717e-6,4.0251067122906244e-5,6.162406313012793e-5,2.9599335488778554e-10,-1.2953889868716325e-6,-4.7811489628402106e-5,8.417555654345129e-13,2.3513981189266929e-7,-1.6548019076487048e-7,-5.483880362657573e-9,2.7657297137214592e-8,-0.0003339329222181547,-3.183074936426272e-5,-2.555595981565221e-13,-4.109300984327953e-12,9.187717464802156e-13,1.580825178418439e-5,-0.000735086217092489,-0.004852117965243851,1.4087590412651273e-9,1.0270648922026187e-8,6.097277572530081e-13,7.1364472543913005e-9,-2.386095300824972e-10,0.006368518808128515,1.590608241858597e-12,0.00012897750290237129,2.634350030011019e-6,1.0548904081234724e-7,-1.16316672295656e-9,0.0005611517545641926,0.0056355032648897265,7.638591207659117e-5,2.6404185050512656e-13,-1.1833644270960837e-5,4.3742717851670733e-10,0.0009315648191248502,3.5744757400487065e-10,-0.0009724322203101883,-1.2233569591790327e-6,-9.2750954885772e-10,3.632056378231853e-6,3.2249473845448595e-9,1.2692163740829493e-9,-1.6481813637385107e-7,-1.799727574196052e-7,-0.010313313134137586,1.7921139331462906e-11,1.6758628563720387e-11,-3.7559866289102285e-5,-5.759052207768463e-9,-5.4416010881935563e-11,2.252534594745492e-6,-2.194350730717199e-9,-0.000713749550567958,-1.5074996533336612e-7,0.0018875847994750585,-4.130625854954303e-6,-3.665348610249862e-12,0.00021694586782533673,8.145699674340002e-12,1.3428759049107669e-13,-2.169635066535758e-7,2.312583898213768e-5,-0.0014902882442189421,-3.653664874238553e-13,1.2558625214781558e-10,-0.0013995319912143188,-0.0009512046391532851,-0.003063128960366109,-0.0024674483531685236,1.346146204168533e-5,-4.446205816318472e-11,-3.3431689555110934e-7,-2.7789632884716688e-11,-9.488775231106456e-5,-1.867659569696746e-7,0.002547160761912709,-4.592110757876806e-5,1.858825892139643e-11,-2.5483215429884724e-7,0.0022656950085564297,-1.8382067480149e-5,-5.1522365773805374e-9,-8.804006173403087e-8,0.006447753364737919,7.214850377845449e-12,-2.0269218474933743e-10,0.0005521220107533148,1.2119064924259801e-5,7.2351854821749575e-6,-2.8314100259516516e-5,-0.0008747505175390277,8.796297153275873e-9,-1.9133675614934023e-6,-3.799409220893595e-13,-4.362917963873111e-11,1.4605068400687979e-8,-1.8236781669591403e-11,-6.878159316405319e-5,-0.000942120986558242,9.597823748928455e-5,2.1881416690405996e-9,-4.036502815119883e-8,-1.0412363575802224e-9,-4.023187323441608e-13,0.002286472598732828,2.472774518577702e-7,2.5970167758586777e-5,0.00023229959669405698,0.000579599592302192,-9.9414615571777e-6,1.7436825438323125e-10,0.0005876283496981071,-7.911959205002186e-9,-2.08803540900261e-8,1.3695621442654365e-10,0.000122681908049215,2.7091002108115256e-11,-3.010481373805373e-6,-1.164562498224745e-11,8.994369220313124e-13,-9.251704163580642e-12,4.067201862583582e-5,6.683566055752444e-6,-0.00016843239001497658,-1.1104815037714666e-5,0.00010129135598291,-2.293343896329356e-9,0.0002440005957421557,-3.93057182349076e-8,-2.1783278275059974e-10,1.7065948876755495e-10,-2.253828887335617e-12,5.0758886949960746e-8,-5.7982709377709877e-11,-1.3405544214445812e-5,3.095122628799743e-8,-1.625290753879623e-9,-1.0984577627673024e-6,1.9666571929370515e-11,-1.5948474406830294e-11,4.311607438864906e-11,-3.492265267671853e-5,-4.700499082741779e-9,-0.0007720348845824665,2.4050328845343636e-7,-1.5103903973333816e-12,0.00014504646851586976,0.0022488470712990318,2.2787069418205111e-7,-0.00028374384066028404,-4.507401668924947e-8,6.153432470094476e-11,-0.0034870560125077363,-4.654182322491193e-6,-4.505302751458705e-5,1.0854313341835832e-9,-4.8021344156610314e-6,-1.4295690773872877e-13,0.004089231561874909,5.226768113860013e-6,-1.990939729832923e-8,-0.003504665369778407,3.621536428492281e-11,0.01164703983570819,1.106182476108689e-11,6.963753904979053e-11,-2.5093269326410077e-13,-0.012498878107675773,0.0002780260071394505,1.2176491786822777e-6,2.7193700380754434e-7,2.759437746176444e-12,0.005543727698366369,-0.004818158557098037,8.568746563015785e-8,-2.0221992871122539e-10,-0.0019390801091645725,3.923295466495665e-6,-7.280281566895391e-6,9.950434032760845e-9,2.104206616300618e-8,-0.0010047863779037857,4.801822286798115e-5,-6.600823822588067e-11,1.830718246630623e-8,1.5796386499737275e-6,-0.0033292452467061496,3.18278532666708e-7,-3.180151783085527e-10,3.2270464983681744e-7,-0.0007830556588925916,0.000585535981723032,1.867348334610079e-11,8.562658668046832e-11,-7.856184305879382e-9,-6.612969794347622e-10,5.683496870528492e-9,2.534980728730111e-10,-0.001451770245754155,-0.00021124004393609602,2.073164649633569e-12,-3.9002863601454685e-8,1.7955976812620892e-5
0.0,0.0,0.0,0.0,0.0,0.0,0.0,0.0,0.0,0.0,0.0,0.0,0.0,0.0,0.0,0.0,0.0,0.0,0.0,0.0,0.0,0.0,0.0,0.0,0.0,0.0,0.0,0.0,0.0,0.0,0.0,0.0,0.0,0.0,0.0,0.0,0.0,0.0,0.0,0.0,0.0,0.0,0.0,0.0,0.0,0.0,0.0,0.0,0.0,0.0,0.0,0.0,0.0,0.0,0.0,0.0,0.0,0.0,0.0,0.0,0.0,0.0,0.0,0.0,0.0,0.0,0.0,0.0,0.0,0.0,0.0,0.0,0.0,0.0,0.0,0.0,0.0,0.0,0.0,0.0,0.0,0.0,0.0,0.0,0.0,0.0,0.0,0.0,0.0,0.0,0.0,0.0,0.0,0.0,0.0,0.0,0.0,0.0,0.0,0.0,0.0,0.0,0.0,0.0,0.0,0.0,0.0,0.0,0.0,0.0,0.0,0.0,0.0,0.0,0.0,0.0,0.0,0.0,0.0,0.0,0.0,0.0,0.0,0.0,0.0,0.0,0.0,0.0,0.0,0.0,0.0,0.0,0.0,0.0,0.0,0.0,0.0,0.0,0.0,0.0,0.0,0.0,0.0,0.0,0.0,0.0,0.0,0.0,0.0,0.0,0.0,0.0,0.0,0.0,0.0,0.0,0.0,0.0,0.0,0.0,0.0,0.0,0.0,0.0,0.0,0.0,0.0,0.0,0.0,0.0,0.0,0.0,0.0,0.0,0.0,0.0,0.0,0.0,0.0,0.0,0.0,0.0,0.0,0.0,0.0,0.0,0.0,0.0,0.0,0.0,0.0,0.0,0.0,0.0,0.0,0.0,0.0,0.0,0.0,0.0,0.0,0.0,0.0,0.0,0.0,0.0,0.0,0.0,0.0,0.0,0.0,0.0,0.0,0.0,0.0,0.0,0.0,0.0,0.0,0.0,0.0,0.0,0.0,0.0,0.0,0.0,0.0,0.0,0.0,0.0,0.0,0.0,0.0,0.0,0.0,0.0,0.0,0.0,0.0,0.0,0.0,0.0,0.0,0.0,0.0,0.0,0.0,0.0,0.0,0.0,0.0,0.0,0.0,0.0,0.0,0.0,0.0,0.0,0.0,0.0,0.0,0.0,0.0,0.0,0.0,0.0,0.0,0.0,0.0,0.0,0.0,0.0,0.0,0.0,0.0,0.0,0.0,0.0,0.0,0.0,0.0,0.0,0.0,0.0,0.0,0.0,0.0,0.0,0.0,0.0,0.0,0.0,0.0,0.0,0.0,0.0,0.0,0.0,0.0,0.0,0.0,0.0,0.0,0.0,0.0,0.0,0.0,0.0,0.0,0.0,0.0,0.0,0.0,0.0,0.0,0.0,0.0,0.0,0.0,0.0,0.0,0.0,0.0,0.0,0.0,0.0,0.0,0.0,0.0,0.0,0.0,0.0,0.0,0.0,0.0,0.0,0.0,0.0,0.0,0.0,0.0,0.0,0.0,0.0,0.0,0.0,0.0,0.0,0.0,0.0,0.0,0.0,0.0,0.0,0.0,0.0,0.0,0.0,0.0,0.0,0.0,0.0,0.0,0.0,0.0,0.0,0.0,0.0,0.0,0.0,0.0,0.0,0.0,0.0,0.0,0.0,0.0,0.0,0.0,0.0,0.0,0.0,0.0,0.0,0.0,0.0,0.0,0.0,0.0,0.0,0.0,0.0,0.0,0.0,0.0,0.0,0.0,0.0,0.0,0.0,0.0,0.0,0.0,0.0,0.0,0.0,0.0,0.0,0.0,0.0,0.0,0.0,0.0,0.0,0.0,0.0,0.0,0.0,0.0,0.0,0.0,0.0,0.0,0.0,0.0,0.0,0.0,0.0,0.0,0.0,0.0,0.0,0.0,0.0,0.0,0.0,0.0,0.0,0.0,0.0,0.0,0.0,0.0,0.0,0.0,0.0,0.0,0.0,0.0,0.0,0.0,0.0,0.0,0.0,0.0,0.0,0.0,0.0,0.0,0.0,0.0,0.0,0.0,0.0,0.0,0.0,0.0,0.0,0.0,0.0,0.0,0.0,0.0,0.0,0.0,0.0,0.0,0.0,0.0,0.0,0.0,0.0,0.0,0.0,0.0,0.0,0.0,0.0,0.0,0.0,0.0,0.0,0.0,0.0,0.0,0.0,0.0,0.0,0.0,0.0,0.0,0.0,0.0,0.0,0.0,0.0,0.0374940514232246,-0.007756134855826415,-0.00661097926505287,1.6954564993122952e-11,-0.004323710613421838,-2.3527119138112656e-6,8.140748403610096e-6,-3.6803337266625232e-6,4.564427952006164e-5,-1.063729985621913e-10,2.1068565110140145e-7,0.00015154572847166437,4.1571566326245885e-6,0.0004451058922404408,0.005841064729091225,4.191465085761483e-9,-1.3016055878262285e-7,-0.010078831806294044,-1.708898524029632e-5,-0.0011124934494037243,3.890662935140508e-5,-6.82657584248035e-5,-0.0015673514332090468,-5.211603417807379e-5,-8.581451012395823e-7,-2.1681881471711227e-5,-6.78930933148449e-7,3.512745814830821e-10,2.2984754725738844e-5,-7.071029089994701e-5,0.00018511001295092069,0.0032393232953213647,-3.499299130258255e-5,4.638945671425051e-5,2.1812447390856386e-6,-2.7817016068739715e-7,-8.792624304801175e-7,-9.97352263988172e-5,0.000263259014944325,0.0002811530864416318,5.447166238934703e-6,1.4181686356271145e-5,-1.5168629037310844e-10,0.00010068999819516805,-1.401517585016056e-5,-1.0447843214727158e-5,7.74141580285623e-6,-1.378375512431708e-5,0.0027684640478978216,1.548154057403294e-5,0.0001597604814230454,3.4098050036793004e-10,-2.0524567084342503e-8,-3.51567903464031e-8,-4.31314253917333e-10,-4.638251278140954e-6,5.488331998209988e-11,-4.5264618240788315e-5,0.0007454594874611017,-0.0044806209624238084,-3.6306314985434274e-11,-5.479774392399861e-7,0.001013777910903947,9.651983528625995e-6,-1.2183779843734512e-10,-1.0793614303427152e-9,-1.4542905423419208e-5,4.47263971377032e-8,0.008748342937076726,-1.811303692871946e-6,-2.5528611168584708e-5,0.00023233429675918315,0.004628595692492415,-0.0004664859396640408,0.005807379091226239,1.8374038871206704e-7,2.4695015341044465e-6,-0.0007828520123814108,0.002101773222190812,-0.00014894208358615116,3.788726523548609e-11,-2.7201886292124853e-8,2.400650746936532e-7,4.811866118564821e-6,-0.003927449992923429,-1.958851870920737e-6,0.00012657723119103716,-0.003978079950711319,0.0010559680813780684,0.002419400105121172,-0.009794406264683772,7.819826959514965e-8,-0.00031198401816865767,5.694240526835804e-7,4.3156995130555515e-12,0.0007643215175300624,3.859383061263069e-5,1.4337658558387024e-6,-1.7042189356618399e-6,-5.356515964239386e-6,2.6657212003454666e-7,-9.163798498378084e-11,-4.813497668070651e-10,2.046844230211231e-10,-0.00024338946102425292,1.5281818342596102e-5,0.00023791877739565595,-2.4035364198920095e-7,-5.274659881988833e-6,-4.050326498323658e-11,-3.6261121161411976e-6,-5.619216907409281e-8,-9.643074304806508e-5,1.7075722844474256e-10,-0.02160400745720832,-0.0001686680361205401,0.00014521615178847856,-7.617617094027306e-8,-0.010746927155705877,-0.0006242589960729613,-0.00901030869132612,-3.6658252499749635e-10,-1.0669578895557202e-6,5.805359335372774e-8,-2.9954003195299133e-5,1.5691944664298878e-8,1.6656349555912005e-5,2.9933767168291444e-7,-7.571824015926146e-8,-0.0004795849344477037,-4.1378522035279216e-7,-5.555685928656692e-8,-4.496445643951593e-5,-2.207746792395076e-5,4.372233627369756e-5,4.0760591129582246e-10,1.766689354798056e-9,0.0002032091853323286,1.1185547676551053e-6,1.1697612809461453e-9,0.00014862262224895462,-7.821941228314897e-8,0.004852262943937904,-1.708591442291685e-5,-1.741816935291285e-6,-0.00015901677009810824,9.833248128898355e-10,-4.196146721390476e-6,9.745426285981255e-9,4.138452856225584e-11,1.3545706295728222e-5,1.1437230978780538e-6,6.38014187970603e-5,8.856436879483831e-10,-1.7212121861131037e-8,-0.00129175272897017,-4.9809948013778185e-6,-3.227967874243031e-5,0.0006987089836247315,-0.002220491417229119,2.6741532789867853e-9,0.0001212784595276004,-2.738018083187363e-8,-4.374715354785571e-7,-2.862369515561594e-5,-1.6190458622718604e-5,-0.008717280223320825,8.23862812120737e-11,-2.3510743294473545e-5,-0.00053632377016173,0.0025309915292872067,-5.999527095808504e-8,-1.0847139152592032e-5,-0.00016366043005738455,-2.543839836933524e-9,-2.762137341930548e-10,0.0017121023039871244,0.002051850388470136,-0.0002802051410694744,0.004517774334155321,-1.2811202877738646e-5,1.4431780632577012e-6,-0.0023491716332822406,3.6787137705703936e-11,7.536684429130519e-9,1.385347925660381e-6,4.338626894917073e-10,0.003143098393714814,3.6292508042990433e-6,2.642553470165829e-6,-4.2725100071849495e-7,1.1131034674048115e-5,-2.1732789329827011e-7,-9.470891201952352e-11,-4.2102668602424176e-5,7.498877254208396e-6,3.923029000225211e-6,0.00859471972360688,-0.0017470056205872283,4.979598111275035e-5,-2.3615143096680816e-8,0.0004599151933560018,-3.2275274892614335e-7,-4.444629263221557e-6,-1.2904598660213665e-8,1.8789304196534807e-6,-5.172582322045445e-9,0.00033907667241642864,3.9646722814090404e-7,-7.088994152938724e-11,-4.085832144480014e-10,-0.0012392872231027988,0.0007476100792954594,6.850581663326309e-8,-3.1984220439007274e-7,1.0891739048072672e-6,-2.367961838812299e-7,4.281357163449807e-6,-5.538744215376302e-6,1.9533527944371333e-8,-2.862589184641039e-7,1.3077213529528011e-10,6.226949712227548e-5,1.8806643483440065e-9,-1.7171856759632972e-7,-1.7813335933268914e-6,-5.519207366717756e-7,-5.056602363448432e-5,-9.382876856513898e-11,6.640218537118301e-10,-2.285694559415958e-9,9.376692364999998e-7,-6.800746472372389e-8,0.0064444422815130185,2.322208723354269e-5,2.188842526741999e-11,0.0061827397582409,0.00023244797800174517,3.477828016438626e-6,-7.360836657275778e-6,6.400355816980942e-7,2.4634102901687106e-8,0.0012747729852100975,0.0016826537572354582,-0.0032966466093914356,-1.997014919017873e-8,-0.00013447350334721005,-2.7966312500058874e-11,2.2816201709126916e-5,-0.000516145894693914,-1.7980502632851345e-6,0.0012074848752632937,-1.3518205214878661e-9,-5.086476412092596e-5,-4.500925886939545e-9,-1.939230306793779e-8,-1.7420512285501306e-11,0.00011618511451854151,0.0009428656644797495,-0.0012454372172176313,-0.0004441681952096138,-1.2547834012088005e-11,-0.0003955127361209274,-2.0446267132541623e-5,-4.044596674725446e-5,1.910810375603907e-8,5.1583095366853314e-5,0.0002076476047675601,-0.0005377928133918837,1.6464389223297624e-6,-5.194114432544664e-7,-1.86624967584844e-6,-2.7956854339472918e-6,2.4789417110829948e-8,7.827308755012933e-7,5.784075261842e-5,5.1510333911742426e-5,0.00028426578187529857,-4.618500795348443e-8,0.0006938627576459945,0.0016485364496027102,0.0010007084842771012,1.5014685091148534e-9,-1.4549322972080747e-9,1.1238795438165941e-6,-6.578720930347905e-8,-1.6177477497907574e-6,-1.6127068052353724e-7,-8.001631176536342e-7,1.0787310593644508e-5,4.1660832706767355e-10,9.70096498196876e-6,1.3816274508888768e-7
0.0,0.0,0.0,0.0,0.0,0.0,0.0,0.0,0.0,0.0,0.0,0.0,0.0,0.0,0.0,0.0,0.0,0.0,0.0,0.0,0.0,0.0,0.0,0.0,0.0,0.0,0.0,0.0,0.0,0.0,0.0,0.0,0.0,0.0,0.0,0.0,0.0,0.0,0.0,0.0,0.0,0.0,0.0,0.0,0.0,0.0,0.0,0.0,0.0,0.0,0.0,0.0,0.0,0.0,0.0,0.0,0.0,0.0,0.0,0.0,0.0,0.0,0.0,0.0,0.0,0.0,0.0,0.0,0.0,0.0,0.0,0.0,0.0,0.0,0.0,0.0,0.0,0.0,0.0,0.0,0.0,0.0,0.0,0.0,0.0,0.0,0.0,0.0,0.0,0.0,0.0,0.0,0.0,0.0,0.0,0.0,0.0,0.0,0.0,0.0,0.0,0.0,0.0,0.0,0.0,0.0,0.0,0.0,0.0,0.0,0.0,0.0,0.0,0.0,0.0,0.0,0.0,0.0,0.0,0.0,0.0,0.0,0.0,0.0,0.0,0.0,0.0,0.0,0.0,0.0,0.0,0.0,0.0,0.0,0.0,0.0,0.0,0.0,0.0,0.0,0.0,0.0,0.0,0.0,0.0,0.0,0.0,0.0,0.0,0.0,0.0,0.0,0.0,0.0,0.0,0.0,0.0,0.0,0.0,0.0,0.0,0.0,0.0,0.0,0.0,0.0,0.0,0.0,0.0,0.0,0.0,0.0,0.0,0.0,0.0,0.0,0.0,0.0,0.0,0.0,0.0,0.0,0.0,0.0,0.0,0.0,0.0,0.0,0.0,0.0,0.0,0.0,0.0,0.0,0.0,0.0,0.0,0.0,0.0,0.0,0.0,0.0,0.0,0.0,0.0,0.0,0.0,0.0,0.0,0.0,0.0,0.0,0.0,0.0,0.0,0.0,0.0,0.0,0.0,0.0,0.0,0.0,0.0,0.0,0.0,0.0,0.0,0.0,0.0,0.0,0.0,0.0,0.0,0.0,0.0,0.0,0.0,0.0,0.0,0.0,0.0,0.0,0.0,0.0,0.0,0.0,0.0,0.0,0.0,0.0,0.0,0.0,0.0,0.0,0.0,0.0,0.0,0.0,0.0,0.0,0.0,0.0,0.0,0.0,0.0,0.0,0.0,0.0,0.0,0.0,0.0,0.0,0.0,0.0,0.0,0.0,0.0,0.0,0.0,0.0,0.0,0.0,0.0,0.0,0.0,0.0,0.0,0.0,0.0,0.0,0.0,0.0,0.0,0.0,0.0,0.0,0.0,0.0,0.0,0.0,0.0,0.0,0.0,0.0,0.0,0.0,0.0,0.0,0.0,0.0,0.0,0.0,0.0,0.0,0.0,0.0,0.0,0.0,0.0,0.0,0.0,0.0,0.0,0.0,0.0,0.0,0.0,0.0,0.0,0.0,0.0,0.0,0.0,0.0,0.0,0.0,0.0,0.0,0.0,0.0,0.0,0.0,0.0,0.0,0.0,0.0,0.0,0.0,0.0,0.0,0.0,0.0,0.0,0.0,0.0,0.0,0.0,0.0,0.0,0.0,0.0,0.0,0.0,0.0,0.0,0.0,0.0,0.0,0.0,0.0,0.0,0.0,0.0,0.0,0.0,0.0,0.0,0.0,0.0,0.0,0.0,0.0,0.0,0.0,0.0,0.0,0.0,0.0,0.0,0.0,0.0,0.0,0.0,0.0,0.0,0.0,0.0,0.0,0.0,0.0,0.0,0.0,0.0,0.0,0.0,0.0,0.0,0.0,0.0,0.0,0.0,0.0,0.0,0.0,0.0,0.0,0.0,0.0,0.0,0.0,0.0,0.0,0.0,0.0,0.0,0.0,0.0,0.0,0.0,0.0,0.0,0.0,0.0,0.0,0.0,0.0,0.0,0.0,0.0,0.0,0.0,0.0,0.0,0.0,0.0,0.0,0.0,0.0,0.0,0.0,0.0,0.0,0.0,0.0,0.0,0.0,0.0,0.0,0.0,0.0,0.0,0.0,0.0,0.0,0.0,0.0,0.0,0.0,0.0,0.0,0.0,0.0,0.0,0.0,0.0,0.0,0.0,0.0,0.0,0.0,0.0,0.0,0.0,0.0,0.0,0.0,0.0,0.0,0.0,0.0,0.0,0.0,0.0,0.0,0.0,0.0,0.0,0.0,0.0,0.0,0.0,0.0,0.0,0.0,0.0,0.0,0.0,0.04995253646332994,0.0018522992559833272,-7.538805232637913e-12,-0.0007791576082003546,4.4826064779386935e-6,-3.026752006606129e-5,6.240307330377285e-6,3.192120042368707e-6,4.3296470013051217e-10,1.36762470194996e-6,0.00020992588105678584,-0.00012350070158475223,-0.0009474855098281477,-0.001491403740121634,6.316653720136051e-10,-3.0376850834745854e-8,-0.0003304127857459978,-2.324741019433631e-6,0.004497433670618849,-0.00022521798215722726,-8.57148773728533e-5,-0.00943787545420805,-2.047028459552889e-5,2.3754591227213228e-6,0.00011903237073038085,1.4061931860241703e-6,4.515107568284098e-10,5.642045903459591e-6,2.236781600909917e-5,-0.0005375960649782958,-0.0010385336095412134,0.0002966947260876037,1.8654882844620798e-6,1.7258934119783535e-5,-3.2915391272356254e-8,-5.784235826914386e-7,-0.00010406859065822687,4.2101516707382544e-5,-0.003328731142584868,-8.730727726082929e-6,0.0006513222919842077,1.1454747265854476e-10,9.076577234030822e-5,-4.0282842867941273e-7,-2.2836584040864475e-5,-3.465613239068864e-5,-3.138360726969132e-5,-0.004607075554584617,-3.613388563916033e-5,5.839236011183625e-5,7.621311847607022e-10,-3.327983447311702e-7,-1.2038158389286376e-8,1.0002121139470597e-9,-3.2275659027291785e-6,-1.159280190084906e-10,1.2996912529518207e-5,-0.0029118344344473547,0.0014995948761622022,-2.7956152130184736e-11,-1.1776920498512601e-7,0.00012427303278965177,5.8880359286132155e-5,6.123806470046928e-10,1.1160820582798957e-9,6.307385156616029e-6,2.7824061914661935e-8,-0.0072818853426837955,2.3182087814292937e-6,-0.000109449169744238,5.720102382510639e-5,-0.005950342714585981,-7.239082032368529e-5,0.0007467024098111468,-9.29843709434646e-8,1.2637396828229611e-6,0.001759751942141124,0.0009184059546455087,2.874308353608716e-5,-3.500843272438193e-11,-1.1854542020434078e-8,-1.7364111405251062e-6,2.2871831113367664e-5,-0.00010822881413660987,2.9045567577481663e-6,0.000820797064535521,0.0003324756406690088,0.0001355591814500983,0.00042274828957815223,-0.004338791372905487,1.8328780426126037e-8,-2.351185317390083e-7,-8.828649100324936e-7,-1.7862832865686528e-12,-4.131922717171005e-5,-1.299258901192523e-5,1.5754502244429632e-8,-1.468615708641914e-6,4.182210837300934e-6,8.184610259744839e-7,-2.3138829867964875e-11,-2.1283330509577355e-10,4.239005499810389e-12,0.00020958059124084568,0.0006639706862855285,0.001001583585047043,-3.089601517088601e-7,-6.068155871012613e-7,-4.449026624296255e-11,-1.7781630674340675e-6,-1.7744274479753987e-8,-0.0006865745994549052,-1.1856687589089921e-11,0.0005185030580702745,7.930106754126821e-6,1.8084659825597946e-5,-3.649181349723843e-8,0.0002457968485782159,-0.00047271660730384906,0.000665621842189231,-4.1914908012014243e-10,1.3771753096308636e-6,3.5682038427839154e-8,0.00020677483347954605,-1.4592656623430369e-8,-0.00023048090350891645,2.1961017841918136e-7,-2.6731032794284475e-9,0.0002497014120513914,-3.6562767724983916e-7,-1.584646912189468e-8,-9.629243099799478e-7,-2.927081506730852e-6,3.461293925603246e-6,-2.813318011950745e-10,2.588637452842191e-9,0.0008394665154792267,1.2203064767942147e-6,4.706885341140402e-9,1.5985915026772333e-5,1.3999517852566014e-7,0.013123193411942497,3.497831293802055e-6,4.6715837729791965e-5,5.9061752539699605e-6,4.6478271655404404e-10,5.315821916783653e-7,3.31482736485106e-9,-2.5014336230014098e-11,-3.095910583605711e-6,-5.483182034634559e-6,-0.00010786268630358486,-2.1863209942722047e-9,-1.1339097897174878e-8,0.015957192040803144,-2.2230306668228147e-5,-9.025676057955253e-6,0.0038071496361342097,-0.00026646389018046947,2.722661323625707e-9,-5.999345589913448e-5,-7.93440249120781e-9,5.349171605601179e-6,-1.1499607553680516e-5,-0.0017800422808578204,0.0004703575436202124,-1.2607857619905645e-9,4.3729312021016916e-7,-2.4855838254381196e-5,0.0013494302717695535,2.6170966008595253e-6,2.854695002888216e-6,0.0005177186622508526,-7.761363121650962e-10,-4.550813308057225e-9,-0.008914486903560911,0.001427118589057281,7.759022313380472e-5,0.0013328344697947714,6.895010657080074e-6,3.922046932525232e-7,-0.0011921646805391503,1.9172548609248708e-11,4.784546793976079e-9,-2.376739632158357e-6,5.788502502489084e-10,-0.0036381869548233327,1.2606490924330907e-5,-1.8752755069248687e-6,-1.1065100336986692e-7,2.7056763662380067e-6,-1.9816135837683332e-8,1.9238728995419913e-11,0.00011757867825676818,5.762973985448819e-6,5.271577018472374e-6,-0.01322566447448799,0.002549322196092464,7.1070807595423945e-6,-1.8827861135693663e-8,-0.004874547967045634,2.143037044268899e-7,-1.9011661563509183e-6,-1.190416819541004e-8,2.1609069141075514e-6,-2.9582491101734843e-9,-7.976964781610339e-5,-6.740601404021838e-8,-2.6076149153675135e-10,5.923072422070853e-11,-0.0007634619458476395,-0.00013081357504619523,2.7538441850312503e-6,-8.953954253156593e-8,-2.834214980478759e-6,-3.733698873943886e-7,-1.4226172456471256e-5,-2.535219555018865e-6,1.490168736895731e-8,-1.7672091286878733e-7,-4.290904125543158e-11,2.8901822568784124e-6,3.782728309222838e-9,1.5338086217021677e-7,-2.1289787108728974e-6,-1.2590562248187124e-7,-2.885642265208057e-5,-1.5027603506066441e-9,1.2856687270327426e-9,-2.895173451848177e-9,-3.7288700732687468e-6,1.5790509868893136e-7,0.004030645673011802,-2.6003509501647183e-5,-6.038673453606154e-11,-0.005106881429750262,-0.001089447802723919,-3.6360258133742246e-6,1.81282147716925e-5,-9.386587101377836e-7,9.859506836825171e-9,-0.0031926114329586747,0.0007390820838157553,5.0745033583876676e-5,-1.5941911977196887e-8,0.00022765723566186064,-1.3038821599497603e-11,-4.787016927496864e-5,-0.0003950878753992249,2.7889441881852115e-7,0.0013624512918838313,-2.17234633566774e-9,-0.0002261819127482563,-2.0532640402562347e-9,-7.317028855092957e-9,-2.5962205534247833e-12,0.00022124006064759663,0.0012658655453110432,0.0001885425962405594,-9.207867343357076e-5,-9.910239867518444e-11,0.0005471360505371684,7.375350156485793e-5,2.8130174822504046e-6,-2.619408912184503e-8,1.3896979330570725e-5,-0.00030999689599845603,-7.66535469341703e-5,8.190212709400476e-7,-7.296493082108118e-7,1.3129360441805347e-5,8.843188340386377e-6,1.0394021210637235e-8,-7.000118068046636e-8,1.8946484245256745e-5,-7.230436807826793e-6,0.00011981386529270575,-2.710240771659868e-9,-2.185982831445836e-5,-0.004800138520637289,0.00017849112086049432,-6.131645526976972e-10,-4.739331240589846e-9,3.9741811082235337e-7,-1.3130729387177605e-7,-1.0972691246010877e-6,3.921160700609654e-8,8.599686304401743e-5,-7.405595515686171e-6,-2.3677040869641225e-11,6.7603404269536475e-6,1.4516264892704304e-6
0.0,0.0,0.0,0.0,0.0,0.0,0.0,0.0,0.0,0.0,0.0,0.0,0.0,0.0,0.0,0.0,0.0,0.0,0.0,0.0,0.0,0.0,0.0,0.0,0.0,0.0,0.0,0.0,0.0,0.0,0.0,0.0,0.0,0.0,0.0,0.0,0.0,0.0,0.0,0.0,0.0,0.0,0.0,0.0,0.0,0.0,0.0,0.0,0.0,0.0,0.0,0.0,0.0,0.0,0.0,0.0,0.0,0.0,0.0,0.0,0.0,0.0,0.0,0.0,0.0,0.0,0.0,0.0,0.0,0.0,0.0,0.0,0.0,0.0,0.0,0.0,0.0,0.0,0.0,0.0,0.0,0.0,0.0,0.0,0.0,0.0,0.0,0.0,0.0,0.0,0.0,0.0,0.0,0.0,0.0,0.0,0.0,0.0,0.0,0.0,0.0,0.0,0.0,0.0,0.0,0.0,0.0,0.0,0.0,0.0,0.0,0.0,0.0,0.0,0.0,0.0,0.0,0.0,0.0,0.0,0.0,0.0,0.0,0.0,0.0,0.0,0.0,0.0,0.0,0.0,0.0,0.0,0.0,0.0,0.0,0.0,0.0,0.0,0.0,0.0,0.0,0.0,0.0,0.0,0.0,0.0,0.0,0.0,0.0,0.0,0.0,0.0,0.0,0.0,0.0,0.0,0.0,0.0,0.0,0.0,0.0,0.0,0.0,0.0,0.0,0.0,0.0,0.0,0.0,0.0,0.0,0.0,0.0,0.0,0.0,0.0,0.0,0.0,0.0,0.0,0.0,0.0,0.0,0.0,0.0,0.0,0.0,0.0,0.0,0.0,0.0,0.0,0.0,0.0,0.0,0.0,0.0,0.0,0.0,0.0,0.0,0.0,0.0,0.0,0.0,0.0,0.0,0.0,0.0,0.0,0.0,0.0,0.0,0.0,0.0,0.0,0.0,0.0,0.0,0.0,0.0,0.0,0.0,0.0,0.0,0.0,0.0,0.0,0.0,0.0,0.0,0.0,0.0,0.0,0.0,0.0,0.0,0.0,0.0,0.0,0.0,0.0,0.0,0.0,0.0,0.0,0.0,0.0,0.0,0.0,0.0,0.0,0.0,0.0,0.0,0.0,0.0,0.0,0.0,0.0,0.0,0.0,0.0,0.0,0.0,0.0,0.0,0.0,0.0,0.0,0.0,0.0,0.0,0.0,0.0,0.0,0.0,0.0,0.0,0.0,0.0,0.0,0.0,0.0,0.0,0.0,0.0,0.0,0.0,0.0,0.0,0.0,0.0,0.0,0.0,0.0,0.0,0.0,0.0,0.0,0.0,0.0,0.0,0.0,0.0,0.0,0.0,0.0,0.0,0.0,0.0,0.0,0.0,0.0,0.0,0.0,0.0,0.0,0.0,0.0,0.0,0.0,0.0,0.0,0.0,0.0,0.0,0.0,0.0,0.0,0.0,0.0,0.0,0.0,0.0,0.0,0.0,0.0,0.0,0.0,0.0,0.0,0.0,0.0,0.0,0.0,0.0,0.0,0.0,0.0,0.0,0.0,0.0,0.0,0.0,0.0,0.0,0.0,0.0,0.0,0.0,0.0,0.0,0.0,0.0,0.0,0.0,0.0,0.0,0.0,0.0,0.0,0.0,0.0,0.0,0.0,0.0,0.0,0.0,0.0,0.0,0.0,0.0,0.0,0.0,0.0,0.0,0.0,0.0,0.0,0.0,0.0,0.0,0.0,0.0,0.0,0.0,0.0,0.0,0.0,0.0,0.0,0.0,0.0,0.0,0.0,0.0,0.0,0.0,0.0,0.0,0.0,0.0,0.0,0.0,0.0,0.0,0.0,0.0,0.0,0.0,0.0,0.0,0.0,0.0,0.0,0.0,0.0,0.0,0.0,0.0,0.0,0.0,0.0,0.0,0.0,0.0,0.0,0.0,0.0,0.0,0.0,0.0,0.0,0.0,0.0,0.0,0.0,0.0,0.0,0.0,0.0,0.0,0.0,0.0,0.0,0.0,0.0,0.0,0.0,0.0,0.0,0.0,0.0,0.0,0.0,0.0,0.0,0.0,0.0,0.0,0.0,0.0,0.0,0.0,0.0,0.0,0.0,0.0,0.0,0.0,0.0,0.0,0.0,0.0,0.0,0.0,0.0,0.0,0.0,0.0,0.0,0.0,0.0,0.0,0.0,0.0,0.0,0.0,0.0,0.0,0.0,0.0,0.0,0.0,0.0,0.0,0.0,0.03510256479146926,2.0408266628656885e-10,-8.601159761996111e-5,3.0929296690786734e-5,-3.5185235875254315e-6,-4.3992548739027264e-7,0.00020604742321447798,2.3530443345153135e-9,-3.1379190973834496e-7,-3.1348049316115136e-6,1.2096463158340701e-5,0.00028848115570152534,-0.013234980122301008,-1.0171987002094432e-8,-2.6708212199598364e-7,-0.002901066020598169,2.889824929320955e-5,0.0010160413595461963,1.0326083898280371e-5,1.744150558058571e-6,0.0010367970102216901,0.00019345476300624575,1.276480234879477e-7,-8.848941267255585e-6,1.2739827466480575e-5,1.850298540698935e-9,-5.833751268296157e-5,-0.00016757908908642937,1.2073706800301859e-5,-0.0028470476757828673,-1.3269385791685815e-5,-0.0008487515150038845,9.743157148887307e-7,5.193749192178721e-7,1.6440305111574608e-6,-1.5048864596880757e-5,-0.0004039638160459588,0.00014074878208083117,8.588276990732836e-7,-4.9733608537437956e-5,-2.865064023147295e-10,-0.0001501773399272606,0.00010213263696623471,4.7484385421431635e-5,3.471274142611684e-7,9.908188803182455e-7,-0.0028848457106861107,-3.7437377550458093e-6,-0.00022342555471892986,-2.167647452214872e-9,6.403839542322631e-8,-2.101277421881066e-8,1.5501811454597016e-8,-6.265842959994605e-7,-7.378502080193765e-10,0.00016328101555030023,0.00029901179917066087,0.0036413558030879167,-2.5304373666960743e-10,-2.807694080057678e-6,-0.001606385453313033,-4.925796403910225e-6,3.803553942914388e-9,1.526000691033273e-8,-5.706620033746416e-7,7.137396057239778e-8,0.0024978907257086464,8.520308444137413e-6,-5.120406878895218e-5,-0.000159212831379008,0.00040502840858707556,9.992752587457607e-6,-0.0010593307252888555,-2.039917121700275e-6,6.79343071325099e-6,6.725734873651663e-5,-2.4371729472785204e-5,4.3893555350312986e-5,1.1588302407699085e-10,2.0025945065666824e-8,1.8723753245407046e-7,-1.5051368279786007e-6,-0.0021808517044141786,-2.8714807972811804e-7,-8.722607587871632e-5,-0.01444754003928136,6.210837140756144e-5,-0.0015121949264527384,-0.0020611033479016184,-1.4393862576094925e-7,0.0003665092366915978,9.112834995749723e-8,4.2850976355812775e-11,-0.002251053517897321,-2.842309052365979e-5,1.890097026341495e-6,1.026561563694255e-6,7.423990220989662e-7,6.395299293809639e-9,1.483434019900936e-10,-3.3715582001274327e-9,-2.9188954465653455e-10,0.0007973426981956966,-4.7751637755139325e-5,3.79125928813018e-5,-2.5014574543730665e-6,-6.61649899930955e-6,-6.804572383112711e-11,-3.0259010329778725e-6,2.3661139981022181e-7,4.508749920226018e-5,-2.498326638949107e-10,0.006787429094015666,0.0008378041271484263,-0.00017775822224554708,4.2243802369416504e-7,-0.0009223374202874242,-0.00011462338888566422,0.01275743379339499,7.917602846106532e-10,-3.861704434882393e-8,-1.8643468302029804e-7,-4.411401817358432e-7,-1.303102868363946e-7,-6.632275196550579e-6,9.008295121668232e-8,2.0889761715173532e-7,0.0021028073002876614,1.7036696695362655e-6,2.2771652792866528e-7,-5.006564756127178e-5,4.59262260425662e-6,1.7113805303442506e-6,5.330519569992995e-9,-3.0328941186707003e-8,-0.0013765170350295032,4.928506083100523e-7,3.598707723115171e-8,-4.775747056916924e-5,-1.5411459166946758e-7,-0.0017296995262806435,4.221089579323501e-5,-3.321643509174095e-6,0.0003454045715555149,7.773638860420485e-12,7.111640998998386e-7,1.9131003348369837e-8,9.757110003404005e-11,6.574282157361933e-5,1.1708684384606406e-6,-5.474522877828846e-6,-5.633723350716977e-9,-2.2434965890871912e-8,-0.00040712930240150515,1.832253116051659e-6,1.0831869393696281e-5,0.00048330708374662664,0.0019728167944440154,1.2634345303450531e-8,2.489645962758819e-5,2.72536223831412e-9,-1.9122064098921786e-7,6.401248360865355e-5,0.00022025251037282318,0.001295322688651276,-5.458493192607545e-9,9.519217359376716e-5,-8.292765572266302e-6,0.00012639404366859142,-1.6308673699648466e-7,6.067606902625093e-5,-2.4445741000146515e-6,-2.199725431237737e-10,-1.4760373132337479e-8,0.001102570663122886,-0.006756150880849751,0.0018491501121652295,-0.00322639233733858,1.8312232328084624e-6,-2.835372243400629e-6,0.004688153734655949,1.1091558792731147e-10,1.4276697469939142e-8,8.343557898619778e-6,5.916026879036362e-9,-0.0025742437158395443,-3.0309346197883717e-6,2.1222909291856946e-7,-6.935625015442852e-7,-1.0805520534233592e-5,2.5185977291385924e-7,-5.226904759175993e-10,1.6327929141645514e-5,3.405342914609234e-5,-1.0483151366316857e-6,-0.0015981309240862868,0.00039912531911497323,4.4251789600183e-6,-5.4881503407174785e-8,0.0006116951167753164,8.329974431944825e-7,-2.7328856009520964e-6,-5.131388425328787e-8,-2.6465026968647166e-7,3.348568085912342e-9,0.00011530663371318139,-1.3511316367737543e-6,-1.914577270475382e-9,1.7591450713210616e-9,-0.004108175513243264,-0.0011465258302407729,-3.6945779430638894e-7,5.133259197112356e-8,1.1229041735637957e-7,-1.2750940738092109e-6,8.565775893541047e-8,1.2920730158459028e-5,-1.8325070784314963e-9,-2.67939394784106e-7,1.1018739406045042e-9,-3.173959506488163e-5,3.20407317114267e-8,-3.26278932802738e-8,-3.1485885681704665e-6,-3.2451946917715623e-7,4.632661887877165e-5,-3.637729425457572e-9,5.70284027996405e-9,-1.2203687047598587e-8,2.1698644214889388e-7,9.933190105448084e-7,-0.00046779530927739034,6.843366715119465e-5,4.919351666931917e-10,-0.01902258029238029,-9.152275220847718e-5,-4.00320220554597e-5,-4.151609158518001e-7,-6.94886083312019e-6,-3.1502380795572164e-8,-0.00024819804795418526,7.812324473348478e-5,0.004336336216023355,-7.822036229571692e-8,0.0024981278931755107,-4.718046314112705e-10,-1.681119952543609e-7,0.0028531788816360294,2.4429032958169964e-6,-0.0006252386626456301,-1.0670944127248054e-8,4.260194367406051e-5,6.255823114908563e-10,3.712051447691622e-8,-7.832192809884062e-11,-6.92840559508733e-5,0.0009307945608860907,0.00022107686647031174,-0.0019648683516478105,-1.2496280250057857e-9,0.00016616961923914133,-5.531450671589885e-6,-2.2666601059921682e-5,-7.893149861151514e-10,6.598243074246728e-6,-0.0007334834263231353,0.0013636513607510846,-7.610893996975787e-7,-1.653536932236371e-6,2.0959866249174914e-6,-2.873396039952941e-7,-7.48447063611539e-8,-6.973064909076438e-7,-0.0003915556660169618,-1.9052365182791887e-5,-0.000492935765067249,-8.324832150295783e-8,-0.0003456086949925104,-0.0005286145336159501,-0.0008542327797719705,-5.536658626978137e-9,-1.829747057224505e-8,-5.828253855407824e-7,7.432230584168666e-7,1.4373202938251924e-6,-4.974886259993913e-7,-1.8416912705525147e-6,-2.34053575972866e-6,-4.888426367097254e-10,-1.567227136761048e-5,-7.762128849421321e-8
0.0,0.0,0.0,0.0,0.0,0.0,0.0,0.0,0.0,0.0,0.0,0.0,0.0,0.0,0.0,0.0,0.0,0.0,0.0,0.0,0.0,0.0,0.0,0.0,0.0,0.0,0.0,0.0,0.0,0.0,0.0,0.0,0.0,0.0,0.0,0.0,0.0,0.0,0.0,0.0,0.0,0.0,0.0,0.0,0.0,0.0,0.0,0.0,0.0,0.0,0.0,0.0,0.0,0.0,0.0,0.0,0.0,0.0,0.0,0.0,0.0,0.0,0.0,0.0,0.0,0.0,0.0,0.0,0.0,0.0,0.0,0.0,0.0,0.0,0.0,0.0,0.0,0.0,0.0,0.0,0.0,0.0,0.0,0.0,0.0,0.0,0.0,0.0,0.0,0.0,0.0,0.0,0.0,0.0,0.0,0.0,0.0,0.0,0.0,0.0,0.0,0.0,0.0,0.0,0.0,0.0,0.0,0.0,0.0,0.0,0.0,0.0,0.0,0.0,0.0,0.0,0.0,0.0,0.0,0.0,0.0,0.0,0.0,0.0,0.0,0.0,0.0,0.0,0.0,0.0,0.0,0.0,0.0,0.0,0.0,0.0,0.0,0.0,0.0,0.0,0.0,0.0,0.0,0.0,0.0,0.0,0.0,0.0,0.0,0.0,0.0,0.0,0.0,0.0,0.0,0.0,0.0,0.0,0.0,0.0,0.0,0.0,0.0,0.0,0.0,0.0,0.0,0.0,0.0,0.0,0.0,0.0,0.0,0.0,0.0,0.0,0.0,0.0,0.0,0.0,0.0,0.0,0.0,0.0,0.0,0.0,0.0,0.0,0.0,0.0,0.0,0.0,0.0,0.0,0.0,0.0,0.0,0.0,0.0,0.0,0.0,0.0,0.0,0.0,0.0,0.0,0.0,0.0,0.0,0.0,0.0,0.0,0.0,0.0,0.0,0.0,0.0,0.0,0.0,0.0,0.0,0.0,0.0,0.0,0.0,0.0,0.0,0.0,0.0,0.0,0.0,0.0,0.0,0.0,0.0,0.0,0.0,0.0,0.0,0.0,0.0,0.0,0.0,0.0,0.0,0.0,0.0,0.0,0.0,0.0,0.0,0.0,0.0,0.0,0.0,0.0,0.0,0.0,0.0,0.0,0.0,0.0,0.0,0.0,0.0,0.0,0.0,0.0,0.0,0.0,0.0,0.0,0.0,0.0,0.0,0.0,0.0,0.0,0.0,0.0,0.0,0.0,0.0,0.0,0.0,0.0,0.0,0.0,0.0,0.0,0.0,0.0,0.0,0.0,0.0,0.0,0.0,0.0,0.0,0.0,0.0,0.0,0.0,0.0,0.0,0.0,0.0,0.0,0.0,0.0,0.0,0.0,0.0,0.0,0.0,0.0,0.0,0.0,0.0,0.0,0.0,0.0,0.0,0.0,0.0,0.0,0.0,0.0,0.0,0.0,0.0,0.0,0.0,0.0,0.0,0.0,0.0,0.0,0.0,0.0,0.0,0.0,0.0,0.0,0.0,0.0,0.0,0.0,0.0,0.0,0.0,0.0,0.0,0.0,0.0,0.0,0.0,0.0,0.0,0.0,0.0,0.0,0.0,0.0,0.0,0.0,0.0,0.0,0.0,0.0,0.0,0.0,0.0,0.0,0.0,0.0,0.0,0.0,0.0,0.0,0.0,0.0,0.0,0.0,0.0,0.0,0.0,0.0,0.0,0.0,0.0,0.0,0.0,0.0,0.0,0.0,0.0,0.0,0.0,0.0,0.0,0.0,0.0,0.0,0.0,0.0,0.0,0.0,0.0,0.0,0.0,0.0,0.0,0.0,0.0,0.0,0.0,0.0,0.0,0.0,0.0,0.0,0.0,0.0,0.0,0.0,0.0,0.0,0.0,0.0,0.0,0.0,0.0,0.0,0.0,0.0,0.0,0.0,0.0,0.0,0.0,0.0,0.0,0.0,0.0,0.0,0.0,0.0,0.0,0.0,0.0,0.0,0.0,0.0,0.0,0.0,0.0,0.0,0.0,0.0,0.0,0.0,0.0,0.0,0.0,0.0,0.0,0.0,0.0,0.0,0.0,0.0,0.0,0.0,0.0,0.0,0.0,0.0,0.0,0.0,0.0,0.0,0.0,0.0,0.0,0.0,0.0,0.0,0.0,0.0,0.0,0.0,0.0,0.0,0.0,0.0,0.0,0.0,0.0,0.0,0.0,0.0,0.0,0.0,0.0,0.0,0.0,0.0,0.0,0.03153486647702186,1.6917655715667983e-9,-6.524706768303964e-9,2.5882994442153983e-13,-5.576563552843636e-15,4.076157620392554e-8,-0.0029063393519311916,6.490948822291576e-16,-8.651144112620716e-13,-3.757828422991829e-13,2.518564017827681e-14,-1.1474511102257776e-10,-0.0009987014752792659,6.361626359535637e-6,-1.3042843753364705e-10,-2.064950462425998e-8,-3.885839361918565e-11,4.07611748474487e-13,-6.180671862869299e-14,3.981419329306963e-12,1.389470703322683e-8,-2.778501681600059e-14,-3.8650262789888073e-13,-1.125402002899962e-6,0.004044496013841035,-1.9247456239716494e-7,8.320254330150842e-9,2.04491478443453e-12,6.791274440699951e-11,-4.560421939123125e-13,1.8162704202813155e-8,-1.4182069547638555e-14,1.9505193566292312e-5,9.304304016816085e-6,4.65868077089771e-13,-1.3350221044380901e-8,-7.706924132892548e-13,1.610466985556519e-14,-1.4200548376486103e-12,0.00394502431920749,1.7945742892272283e-11,3.588906885081463e-7,-7.9309795749991e-8,-2.5403797537063865e-13,-1.2102203132931458e-13,7.244827983824695e-11,4.966819870486075e-14,-5.2911216082128565e-8,0.0007852754314753798,1.1847147973871842e-15,0.00011647175448841017,0.0005713943708221124,8.802590428740117e-15,0.001352188892478297,6.229535187001188e-8,3.32128128925205e-11,-3.1532226142034096e-11,-0.001892163145179864,-6.65323145406405e-7,1.0132507878831327e-9,-2.363484603444517e-13,-0.003089396910470352,-2.181390246065194e-5,-4.2339141797371303e-14,0.00012551617865068764,2.7031605208482565e-11,-2.1175498637493283e-6,1.3926940310829808e-8,9.228182462647128e-9,1.610586847291213e-10,9.957747013986649e-13,1.3824842697116989e-11,4.950053147194725e-6,-6.619019029800428e-7,-1.9712187443407768e-11,-1.1202177195587695e-12,-4.3651187522324884e-13,-0.005955981073585591,-4.2818659043612295e-5,1.0619461711430966e-14,5.625460874336374e-14,-1.1854138367094848e-11,-5.851095128125367e-15,-3.5777328398402766e-14,-8.929038528720809e-10,4.754193405143959e-9,2.3363247531199196e-10,-1.584681818360127e-10,3.578788155373458e-5,1.959575292076952e-8,1.0429983481436089e-14,0.005401117975970004,-4.1803719615883067e-10,-1.2137393909822659e-8,-8.08154854690077e-7,3.3024943030663167e-6,2.047332102902172e-14,2.688344333192024e-15,0.0011147384767701638,-0.0007079904950979965,0.005226057307672306,7.86211657968031e-11,-9.625518969719602e-13,-1.6618854169152961e-12,-6.377009288521642e-6,-5.646466434294876e-7,0.0009395048563151557,7.350129038792205e-7,1.1766270003811029e-5,-1.204416403863194e-12,0.002464895167016508,-2.8825460613715187e-11,1.1743441237135344e-8,-4.828396800158523e-8,-6.237941697804859e-5,-1.2114490926639645e-10,-7.262158961061161e-12,-7.615416437208205e-11,-0.00191954546561217,3.1037455674948894e-15,-1.8448631283545095e-5,-1.0133916231707724e-12,-2.8933586992552562e-5,-1.3623993481681802e-12,3.134693346946927e-15,-5.667923067883787e-6,-4.707266944685108e-11,9.441814755564392e-7,5.987705310696875e-7,-1.9856537411029543e-7,1.3465839758700577e-7,-2.422339490781889e-13,0.000919526976357116,7.398270428118629e-5,1.1427221300308666e-10,-3.374890169423627e-7,-0.00028938651708237186,-4.903491222962894e-9,2.2900813307890562e-5,7.621214617236572e-12,-1.5240924429045558e-7,-1.6156459215541065e-13,7.113442439421949e-9,-0.0003478679650322932,-1.9041939730731747e-14,-0.0001923590068256475,-0.0014690157711257869,2.6157914035196473e-8,3.0512706576486176e-14,2.4281308080316355e-13,0.000295014521260263,0.00024285402611286193,-2.2844211487592582e-11,-4.800163559075826e-14,-1.0947539510668934e-13,-2.5126586113591536e-11,-3.9722146007219947e-10,0.00025586246788447036,2.4286453827218456e-9,-6.758553572632578e-5,8.298415265659679e-15,-5.647538075959862e-9,6.819416722500198e-12,-6.478718330523016e-10,0.0006595065430437969,-5.009741090257436e-8,7.47121732735102e-13,3.90678221242548e-10,-2.901625812731417e-7,-3.6508093220679636e-8,2.5162233860975984e-12,0.0004973064051823644,-1.6622008999754597e-5,7.706313294317807e-12,-1.2425163921937134e-9,-2.056580491603615e-9,4.941811042108729e-10,2.6986689436070564e-14,-5.174549679924108e-6,-4.422330194530078e-10,0.0009845512480934323,0.00012147119354822845,-2.6743462401275465e-8,0.00019713438167856016,8.186417303471075e-11,-4.4350355100764076e-14,2.916042346885805e-14,4.908030158467415e-7,1.4018118088032887e-6,1.0959898178802995e-5,0.003788456719158441,-1.170653189152511e-12,-4.8563933768669614e-8,-3.11082856775745e-14,-2.291928641302439e-11,-1.802012375738972e-11,-5.754767701263704e-13,3.412876975430763e-5,-5.337825202373796e-12,4.0550664736878724e-7,-1.678291371910228e-6,-0.00011732460861796618,-5.642542677394332e-15,-1.314773312879019e-6,-1.0442655207989751e-8,4.703613007631165e-6,0.0007078446097498038,0.002904847119613424,3.1297745312945546e-10,-5.57457181595896e-9,5.7443861867111625e-15,4.673248271238905e-16,-6.141360526669469e-16,-3.0293477316232315e-7,-2.1851776909110544e-14,-1.4559574465801117e-7,-2.800426820768038e-6,-1.1397547513351593e-5,-0.00019986907659977522,1.0870172647810107e-8,-1.038423334065287e-5,-1.654912781336181e-16,-2.3383977570800108e-7,-1.428893440820685e-6,-1.3158856288728678e-9,-0.0002017729445265023,0.0007276410886534477,0.0001408674148618161,-1.041898331362021e-15,-3.348278706596773e-6,9.926525882879824e-12,1.726077851453223e-8,0.010664389030733372,-1.4862965811740071e-10,-2.7032201873269645e-12,5.002286436072617e-7,-3.2925524429996224e-14,-1.3064177016501437e-8,-0.0001598702211381676,-6.048388827364069e-12,-5.397246088524782e-9,-3.9462748576443645e-12,9.970983816242158e-6,1.2237679927059662e-9,-0.004055786697165342,7.822752049009273e-14,-4.90193830391692e-10,-3.9951243662905225e-7,8.982485209251714e-12,-0.0006974122187831693,1.221779249489308e-12,0.0007826996491850658,0.00023861144671376473,0.011192574086604503,1.1931109055242436e-12,-8.83240078987116e-11,1.465811568079823e-9,-2.1783512256329375e-9,-0.006172344068503122,-9.498829852781817e-13,2.765664601063891e-14,-1.2804093502137398e-7,-3.098796808258488e-5,2.9474592095717293e-13,7.204511273019509e-10,3.873317974564853e-9,-1.8876170737309843e-6,1.2551470239484375e-6,-5.954963705135007e-14,-2.8384571457482816e-14,-0.00011683402257476679,-3.638898490060937e-7,-9.665965003157948e-9,-6.737629843047589e-13,-2.1507513683785263e-8,1.1058049890785779e-5,3.126731344330025e-9,-2.015952328361464e-11,8.633220199836948e-12,-0.002789383421634351,6.816818762709537e-5,3.8761321054633155e-7,4.927757216016133e-6,4.848509569539648e-7,2.2770487897836603e-6,-4.821333548971229e-15,6.877828081848865e-14,0.0010178231757965138,1.6561538569117665e-7,1.6428569503646237e-16
0.0,0.0,0.0,0.0,0.0,0.0,0.0,0.0,0.0,0.0,0.0,0.0,0.0,0.0,0.0,0.0,0.0,0.0,0.0,0.0,0.0,0.0,0.0,0.0,0.0,0.0,0.0,0.0,0.0,0.0,0.0,0.0,0.0,0.0,0.0,0.0,0.0,0.0,0.0,0.0,0.0,0.0,0.0,0.0,0.0,0.0,0.0,0.0,0.0,0.0,0.0,0.0,0.0,0.0,0.0,0.0,0.0,0.0,0.0,0.0,0.0,0.0,0.0,0.0,0.0,0.0,0.0,0.0,0.0,0.0,0.0,0.0,0.0,0.0,0.0,0.0,0.0,0.0,0.0,0.0,0.0,0.0,0.0,0.0,0.0,0.0,0.0,0.0,0.0,0.0,0.0,0.0,0.0,0.0,0.0,0.0,0.0,0.0,0.0,0.0,0.0,0.0,0.0,0.0,0.0,0.0,0.0,0.0,0.0,0.0,0.0,0.0,0.0,0.0,0.0,0.0,0.0,0.0,0.0,0.0,0.0,0.0,0.0,0.0,0.0,0.0,0.0,0.0,0.0,0.0,0.0,0.0,0.0,0.0,0.0,0.0,0.0,0.0,0.0,0.0,0.0,0.0,0.0,0.0,0.0,0.0,0.0,0.0,0.0,0.0,0.0,0.0,0.0,0.0,0.0,0.0,0.0,0.0,0.0,0.0,0.0,0.0,0.0,0.0,0.0,0.0,0.0,0.0,0.0,0.0,0.0,0.0,0.0,0.0,0.0,0.0,0.0,0.0,0.0,0.0,0.0,0.0,0.0,0.0,0.0,0.0,0.0,0.0,0.0,0.0,0.0,0.0,0.0,0.0,0.0,0.0,0.0,0.0,0.0,0.0,0.0,0.0,0.0,0.0,0.0,0.0,0.0,0.0,0.0,0.0,0.0,0.0,0.0,0.0,0.0,0.0,0.0,0.0,0.0,0.0,0.0,0.0,0.0,0.0,0.0,0.0,0.0,0.0,0.0,0.0,0.0,0.0,0.0,0.0,0.0,0.0,0.0,0.0,0.0,0.0,0.0,0.0,0.0,0.0,0.0,0.0,0.0,0.0,0.0,0.0,0.0,0.0,0.0,0.0,0.0,0.0,0.0,0.0,0.0,0.0,0.0,0.0,0.0,0.0,0.0,0.0,0.0,0.0,0.0,0.0,0.0,0.0,0.0,0.0,0.0,0.0,0.0,0.0,0.0,0.0,0.0,0.0,0.0,0.0,0.0,0.0,0.0,0.0,0.0,0.0,0.0,0.0,0.0,0.0,0.0,0.0,0.0,0.0,0.0,0.0,0.0,0.0,0.0,0.0,0.0,0.0,0.0,0.0,0.0,0.0,0.0,0.0,0.0,0.0,0.0,0.0,0.0,0.0,0.0,0.0,0.0,0.0,0.0,0.0,0.0,0.0,0.0,0.0,0.0,0.0,0.0,0.0,0.0,0.0,0.0,0.0,0.0,0.0,0.0,0.0,0.0,0.0,0.0,0.0,0.0,0.0,0.0,0.0,0.0,0.0,0.0,0.0,0.0,0.0,0.0,0.0,0.0,0.0,0.0,0.0,0.0,0.0,0.0,0.0,0.0,0.0,0.0,0.0,0.0,0.0,0.0,0.0,0.0,0.0,0.0,0.0,0.0,0.0,0.0,0.0,0.0,0.0,0.0,0.0,0.0,0.0,0.0,0.0,0.0,0.0,0.0,0.0,0.0,0.0,0.0,0.0,0.0,0.0,0.0,0.0,0.0,0.0,0.0,0.0,0.0,0.0,0.0,0.0,0.0,0.0,0.0,0.0,0.0,0.0,0.0,0.0,0.0,0.0,0.0,0.0,0.0,0.0,0.0,0.0,0.0,0.0,0.0,0.0,0.0,0.0,0.0,0.0,0.0,0.0,0.0,0.0,0.0,0.0,0.0,0.0,0.0,0.0,0.0,0.0,0.0,0.0,0.0,0.0,0.0,0.0,0.0,0.0,0.0,0.0,0.0,0.0,0.0,0.0,0.0,0.0,0.0,0.0,0.0,0.0,0.0,0.0,0.0,0.0,0.0,0.0,0.0,0.0,0.0,0.0,0.0,0.0,0.0,0.0,0.0,0.0,0.0,0.0,0.0,0.0,0.0,0.0,0.0,0.0,0.0,0.0,0.0,0.0,0.0,0.0,0.0,0.0,0.0,0.0,0.0,0.0,0.0,0.0,0.0,0.0,0.0,0.0,0.0,0.0,0.0,0.0,0.05462954440984893,4.1282281855282077e-5,8.688210061437169e-7,-3.6018124023505216e-7,-1.0741069432042187e-5,3.312665368526336e-9,-6.593922003535297e-8,9.1791848050831e-6,2.288441375531465e-6,2.3560730614492284e-5,-0.001581618339784957,-3.377736272071894e-8,6.386954694145861e-8,-0.0017522190611543417,0.0001408889784107051,-0.0001468828227455568,2.8188503671691473e-6,-6.2861278481908484e-6,0.0001765236009275757,5.458112072698314e-5,3.7518808110265894e-8,-1.2011809673370204e-5,1.4716117386060036e-5,-4.756496538404909e-9,2.118152814904499e-5,0.00518248833673449,-4.109403713336047e-6,7.01225543564981e-5,-1.4887231091016914e-5,3.8627261792247956e-5,6.161365679190401e-7,-5.210627445832034e-6,-2.492314073882007e-6,-1.1247670861816785e-5,0.000167611302339346,-5.4142043152384373e-5,1.5196266719345876e-7,1.4077529783852448e-6,-2.7711068594248394e-9,-5.407344695262682e-5,0.00036126060212060925,-2.1273486079297856e-5,4.716840439785059e-7,-1.515250189097567e-6,0.0007052704456177874,-5.9354757849368e-7,-0.00014886908114939104,-1.9120036668375084e-8,1.3648427625337864e-8,2.1492726336452913e-7,-4.782077778307844e-8,-3.2980018336923646e-7,-2.9544896360051373e-9,0.0009203135010035731,-0.00010551449514809635,0.0019062463237213738,4.974112400505274e-10,1.606290050021407e-5,0.0001889114262829403,5.911730076766936e-7,-4.085124171197467e-9,2.2861234974856758e-8,-3.6046472371687307e-7,1.6534331517128987e-7,0.0012564522292650739,-8.87652995901913e-5,-6.453859861991008e-5,-0.0015103143768555164,-0.000763797774138331,-3.146680737872152e-5,0.000612958649471059,2.46548696567527e-6,-5.174541931980245e-6,0.00026825177845207976,0.00022785583738530203,4.274500671947473e-6,5.758879970000445e-10,1.8887657162733225e-7,9.076849184441819e-8,-1.439121307196725e-7,0.0022902469843155905,-1.7421888608379304e-7,-2.5344364208452693e-5,0.0003641222046824831,0.014050890456917446,-0.0011596080981939158,0.004452416949947824,-3.754230515221152e-8,0.00046919696983929526,4.4084260072621094e-8,-7.176957122334976e-10,-0.0009907488202098142,0.0003698431616379532,-2.945060176986371e-5,1.9773907865039383e-5,-4.620885602536805e-7,-4.715568564900858e-8,8.937785068755816e-10,-8.708718455766965e-9,-5.941912914294694e-11,0.0013330973648105896,2.857217272130539e-5,2.517852017453016e-5,-5.381006741857991e-6,-2.8532116051420475e-5,1.219172731147009e-9,-1.0572496044794712e-6,-6.365462825559784e-7,0.00011502385628435116,-7.314735847809429e-10,0.001510515237230126,0.001856932831590951,-3.246009399962289e-5,-3.5507744773578e-7,-0.0017524596599784422,-5.742719892725237e-6,0.0002526731764000315,5.861418883033835e-9,-5.464595544436142e-8,-6.022794798901668e-7,-1.619442961073314e-6,-1.0462915557154216e-6,3.705262889338682e-6,1.0123409641886561e-7,-3.730859546774894e-7,0.00041845319747008916,2.0841381034619793e-6,-2.749154376450448e-7,0.00029428694051498745,0.00016848640508997168,-2.280764233906317e-6,2.0579596242498432e-8,-1.3789063915967975e-7,-0.0016954836937189321,-1.105162768849237e-5,-1.504565528265268e-8,-0.0005329859923338258,6.159558841780633e-7,-0.0002687911966202375,-0.00016738081071638334,-2.2211689695171776e-6,0.009084830647069594,-7.776405348106458e-9,-6.352614042257543e-7,-1.438225319550081e-7,9.945366652064363e-10,0.00016384025267293875,2.81602039458743e-7,4.2340515701792924e-6,5.211235655669453e-8,1.5011357835122356e-7,-0.0008141101523798492,5.884793135301057e-7,-1.9962923681088536e-6,0.00034956008643476403,-0.0019151846149383007,-1.821156580980678e-8,-0.0002888536792710797,-9.837718593030751e-8,2.9795028076385077e-7,-0.0004039191876938997,0.00018717458134525107,-0.0010067279180137646,-2.112437096980752e-8,-6.209722984925737e-5,-5.412281794124024e-5,-0.001774258574155385,-1.777317384285158e-5,7.157844109734124e-6,-2.0558719360809146e-5,9.974189529884255e-9,-5.803093497489938e-8,0.00024197509755171992,-0.009626453907265962,0.007337131839784188,-0.002015534274351552,3.9776429839421105e-7,-6.668848248651736e-6,-0.0001859040116508338,-3.1526473712727533e-10,-8.220154990679999e-8,-2.0248956223655257e-5,2.1410524197675036e-10,-0.0004206365746810894,1.5646800133405153e-6,-9.621137605323003e-9,-8.065644179181704e-7,2.8046121404579605e-5,-9.311709381428587e-9,-8.308184676781858e-10,-5.306773025846478e-6,-0.0002741299691715325,1.8970632911374236e-7,0.001401563830837862,-5.960908356222402e-5,1.5777538265803492e-6,3.8727459238853336e-7,0.00022356018041909886,-1.7959829083071952e-6,3.5646292330378604e-5,2.7251870870572464e-7,2.731219493413688e-7,5.5079063488260876e-8,0.00018603968094089922,2.4482185120525922e-6,-8.241731618076476e-9,9.354488326702852e-9,-0.01050477391044923,-0.00022405772107548063,1.2231260989140636e-7,-4.7919463238442394e-8,-7.331219749883738e-9,3.0254733751750294e-6,-1.4168984325417297e-7,2.4135868314387022e-5,-1.8899037385300734e-7,1.605027295497841e-6,3.594907680216672e-9,-2.490027489983717e-5,-1.2812952955996458e-8,-2.707420115260313e-8,-2.1330336850437995e-6,-8.339655680483297e-7,0.0006233888357495997,3.5797898216221784e-8,4.77337607003893e-9,-2.5360076542796604e-8,1.4625452554305887e-7,-4.7589055515326406e-7,5.637130130262648e-5,5.586215625094236e-5,1.9798354815543884e-9,-0.006589145694941858,-1.7343190341223576e-6,8.642892685915646e-5,-5.113274750400469e-7,1.0081422210153026e-5,-1.1939692840296123e-7,5.3951118318575355e-5,-0.011173190361335855,-0.003597931545762922,-8.169943351609391e-7,-0.0015970866267358416,-1.4877921578556224e-9,2.624239401802791e-6,0.00029494305506686213,-5.147312233214709e-7,-2.7210600818908875e-5,2.5130246336812914e-8,7.122960777142622e-6,4.1321268760319196e-8,1.7541875666542176e-7,-3.3267564371885814e-10,2.7052063491514717e-5,-0.0015026708106360344,0.0011113883677653527,-0.010935667715447147,1.0021011779618544e-9,5.6591636385407927e-5,-3.747591591571117e-7,0.00016171136147983257,1.4422444666916302e-6,6.069181259025709e-6,0.0011793083802138814,0.0010011257621629788,4.5963188844317825e-6,1.4318947113413403e-5,4.472273305999982e-7,-2.669169703119925e-7,-2.4514410511469075e-7,8.973968333897123e-6,-0.0010204980197568527,6.594010653469182e-6,0.0008955079940457039,2.613158136430201e-8,0.001646697659509234,-0.00014875639492194538,-4.341851463813576e-5,4.852851051150124e-9,-1.3546593205280205e-8,9.980260424890707e-6,-3.469338691394852e-6,-1.1354552787498086e-5,4.134330276106401e-6,2.093329224778515e-6,9.817053209977354e-7,9.35658712216121e-10,0.00032757978117728246,-8.806120917521843e-9
0.0,0.0,0.0,0.0,0.0,0.0,0.0,0.0,0.0,0.0,0.0,0.0,0.0,0.0,0.0,0.0,0.0,0.0,0.0,0.0,0.0,0.0,0.0,0.0,0.0,0.0,0.0,0.0,0.0,0.0,0.0,0.0,0.0,0.0,0.0,0.0,0.0,0.0,0.0,0.0,0.0,0.0,0.0,0.0,0.0,0.0,0.0,0.0,0.0,0.0,0.0,0.0,0.0,0.0,0.0,0.0,0.0,0.0,0.0,0.0,0.0,0.0,0.0,0.0,0.0,0.0,0.0,0.0,0.0,0.0,0.0,0.0,0.0,0.0,0.0,0.0,0.0,0.0,0.0,0.0,0.0,0.0,0.0,0.0,0.0,0.0,0.0,0.0,0.0,0.0,0.0,0.0,0.0,0.0,0.0,0.0,0.0,0.0,0.0,0.0,0.0,0.0,0.0,0.0,0.0,0.0,0.0,0.0,0.0,0.0,0.0,0.0,0.0,0.0,0.0,0.0,0.0,0.0,0.0,0.0,0.0,0.0,0.0,0.0,0.0,0.0,0.0,0.0,0.0,0.0,0.0,0.0,0.0,0.0,0.0,0.0,0.0,0.0,0.0,0.0,0.0,0.0,0.0,0.0,0.0,0.0,0.0,0.0,0.0,0.0,0.0,0.0,0.0,0.0,0.0,0.0,0.0,0.0,0.0,0.0,0.0,0.0,0.0,0.0,0.0,0.0,0.0,0.0,0.0,0.0,0.0,0.0,0.0,0.0,0.0,0.0,0.0,0.0,0.0,0.0,0.0,0.0,0.0,0.0,0.0,0.0,0.0,0.0,0.0,0.0,0.0,0.0,0.0,0.0,0.0,0.0,0.0,0.0,0.0,0.0,0.0,0.0,0.0,0.0,0.0,0.0,0.0,0.0,0.0,0.0,0.0,0.0,0.0,0.0,0.0,0.0,0.0,0.0,0.0,0.0,0.0,0.0,0.0,0.0,0.0,0.0,0.0,0.0,0.0,0.0,0.0,0.0,0.0,0.0,0.0,0.0,0.0,0.0,0.0,0.0,0.0,0.0,0.0,0.0,0.0,0.0,0.0,0.0,0.0,0.0,0.0,0.0,0.0,0.0,0.0,0.0,0.0,0.0,0.0,0.0,0.0,0.0,0.0,0.0,0.0,0.0,0.0,0.0,0.0,0.0,0.0,0.0,0.0,0.0,0.0,0.0,0.0,0.0,0.0,0.0,0.0,0.0,0.0,0.0,0.0,0.0,0.0,0.0,0.0,0.0,0.0,0.0,0.0,0.0,0.0,0.0,0.0,0.0,0.0,0.0,0.0,0.0,0.0,0.0,0.0,0.0,0.0,0.0,0.0,0.0,0.0,0.0,0.0,0.0,0.0,0.0,0.0,0.0,0.0,0.0,0.0,0.0,0.0,0.0,0.0,0.0,0.0,0.0,0.0,0.0,0.0,0.0,0.0,0.0,0.0,0.0,0.0,0.0,0.0,0.0,0.0,0.0,0.0,0.0,0.0,0.0,0.0,0.0,0.0,0.0,0.0,0.0,0.0,0.0,0.0,0.0,0.0,0.0,0.0,0.0,0.0,0.0,0.0,0.0,0.0,0.0,0.0,0.0,0.0,0.0,0.0,0.0,0.0,0.0,0.0,0.0,0.0,0.0,0.0,0.0,0.0,0.0,0.0,0.0,0.0,0.0,0.0,0.0,0.0,0.0,0.0,0.0,0.0,0.0,0.0,0.0,0.0,0.0,0.0,0.0,0.0,0.0,0.0,0.0,0.0,0.0,0.0,0.0,0.0,0.0,0.0,0.0,0.0,0.0,0.0,0.0,0.0,0.0,0.0,0.0,0.0,0.0,0.0,0.0,0.0,0.0,0.0,0.0,0.0,0.0,0.0,0.0,0.0,0.0,0.0,0.0,0.0,0.0,0.0,0.0,0.0,0.0,0.0,0.0,0.0,0.0,0.0,0.0,0.0,0.0,0.0,0.0,0.0,0.0,0.0,0.0,0.0,0.0,0.0,0.0,0.0,0.0,0.0,0.0,0.0,0.0,0.0,0.0,0.0,0.0,0.0,0.0,0.0,0.0,0.0,0.0,0.0,0.0,0.0,0.0,0.0,0.0,0.0,0.0,0.0,0.0,0.0,0.0,0.0,0.0,0.0,0.0,0.0,0.0,0.0,0.0,0.0,0.0,0.0,0.0,0.0,0.0,0.0,0.0,0.0,0.0,0.0,0.0,0.0,0.0,0.0,0.028416441313345916,-4.180845014104869e-8,8.395528855613121e-10,0.010779038431034161,2.3483718883952738e-7,4.215101338756797e-10,8.351730605150801e-8,-1.9215161882270972e-8,-1.0165162175539957e-6,1.9959491891332458e-7,2.2428881258155557e-6,-0.0002356848423703121,1.613294328766072e-5,0.019017720150405235,1.6584342772085097e-6,-1.251905083363322e-8,-2.0071496631478078e-8,4.159986998318948e-7,0.003301612910735704,2.521597390839738e-10,9.076272374289388e-8,0.010762657130711882,3.083465018166028e-7,-0.0020714941466983793,0.0005419680198894507,-8.9422458369527e-8,1.3259140964267055e-5,2.631206664920292e-7,-0.01009271613868368,-3.1590956988774475e-9,-0.00042406104108206813,-0.0006149747927917098,2.2052349460926517e-8,-0.004287941874551105,6.076452166136363e-7,7.299248576410634e-9,1.9535388205764847e-7,4.105299241282847e-7,-2.960594342088108e-7,0.005332941562978341,-0.00046247182715754975,5.197414034260529e-8,1.2832878412845174e-8,1.3703223975156235e-6,2.2807425497351836e-8,0.0054417742899893744,1.6557152532149853e-6,-6.488317339455008e-11,-4.4097031410334255e-5,5.892995844026377e-6,2.1640889671107742e-9,-1.5342301211819736e-7,-0.0030638125838375187,-3.783032679167672e-6,-7.664633712763893e-6,-4.813000615905837e-8,-0.0005104364017760143,8.129455883446384e-5,1.6607182511058083e-8,5.257302324622123e-7,-1.599988954453943e-7,-1.6240464545661613e-8,7.705861082372618e-6,-3.293204373100859e-6,3.0490301846466663e-5,-0.002762981215475356,-0.003187143629147146,1.1473090179818875e-5,-6.991994288071281e-8,4.3459004186975196e-6,-0.000539976464717516,0.0046964932302890295,5.866014339777164e-7,4.655333835418717e-7,1.7174386398520124e-7,4.4285821978158574e-8,1.0571969643686979e-5,-7.946087111738788e-10,5.481568098404655e-9,-6.11530101730638e-5,2.9782507123533195e-10,2.0414076396312645e-9,-1.6589357724028174e-5,-0.00010069474043798799,9.682102394113502e-6,-4.279493656371399e-5,-2.713363693562377e-6,-0.00035553088755073674,1.1512676753268918e-10,-6.159361294397572e-8,2.185120822846704e-5,-0.00031055257019920964,-0.0010276800757568285,-0.0017899175527038408,-5.957825497043359e-9,3.504317483403384e-10,-1.6550294394191462e-8,-1.7721852067488642e-7,-9.642418589378287e-8,-0.00023958668838243064,-1.7081016161666495e-7,2.1169362475797638e-7,-0.0003716914378806907,0.0007371993116313117,-8.159618503525692e-8,-0.003951719196566015,-0.00011420743805327848,-4.4126243259217895e-7,-1.1482461339205425e-7,-1.1825972838334543e-6,0.0018353592662499103,-0.0009592107747392814,3.059240449798839e-5,-7.487473355703761e-6,-9.499452879144424e-7,-1.3663382937691911e-5,-5.992394748739743e-7,-3.2059886193684454e-10,-9.453634588394972e-6,5.4010655821852754e-8,-0.00012884069442614955,8.450337902302346e-8,-8.251430952452472e-10,7.468668687416818e-5,0.0005067480336961457,-0.001603812665316496,-0.00014020884877079444,0.002377153515408002,-0.00033426136066548525,1.9382932206128204e-8,-1.4247566249190192e-6,-6.448421573602268e-7,6.75968086064548e-5,0.0014226139218902944,1.1612319218555603e-5,-0.0007218151670551535,0.00023692234285477856,3.893842470067577e-6,0.00855977647400825,2.9781546948882607e-8,0.0001632403050474027,1.173445121960472e-6,1.1421921258479755e-9,8.159206224930906e-6,-5.74902770219424e-8,0.010187061659608272,-2.8510002382207982e-9,4.467219188630327e-8,-1.9396271213033e-6,-7.030470678211863e-6,3.7712638692901426e-6,-6.03908563804052e-9,-4.878487103054843e-8,7.742633487359113e-7,0.00018429999362612565,4.032554050830476e-6,0.0009794121608934611,3.055405804911783e-6,-4.031048644799159e-9,-0.00010897772538481275,-3.810226353455016e-6,4.2546729322591085e-5,-1.5242981299642816e-6,0.019837861529983573,-1.0343074723952201e-7,5.2765430872059285e-5,0.006711992542759916,0.006719056329846404,-1.6694554530868873e-7,-1.577271574562303e-6,2.9486204123048937e-5,2.0070760471356246e-6,-5.718877467996893e-5,0.00044573187422026854,2.000692670278526e-5,-1.2115913083344356e-8,-0.0001553796154938818,-3.538060354065128e-5,5.825133658902688e-8,1.6914890772387103e-6,-0.012906894464837297,1.3928279563229616e-6,3.935531324869063e-6,-3.163402414213585e-9,-1.029239087071812e-9,-0.0006365173196113948,0.0034938161666104002,2.1863719694143298e-5,4.6649078623005407e-8,3.232261356784787e-8,-0.00012759896289520206,4.691862386559528e-9,-4.3013726842105635e-6,8.594240976407413e-8,4.030684796811296e-8,-1.4970727460214462e-5,-1.4772236078794622e-7,0.0004625173948774434,-0.0016146934499355853,-4.298731558466378e-7,-3.4128421160476e-10,-6.714090213005839e-6,-0.00031297066703807097,-0.0008635702801620185,4.427218456371466e-8,1.3513269017358409e-7,2.948613565672152e-5,-0.000424433386687796,-1.1568932517289242e-9,-1.3806544554868456e-10,9.56176025769089e-10,-0.00032804707052924367,5.220452044132775e-9,0.0026675821917860813,3.0640239888258886e-5,-0.00036319054562111735,-2.906415386159105e-7,-0.0055440058117248656,1.640746678143968e-5,1.2285219165983848e-10,-0.00110581670873926,-0.00017276653435636553,0.0037977112083278086,-1.5063702592041518e-6,7.79372852548102e-7,-1.3022924258375358e-6,-8.598618718014515e-10,0.0005400298118360574,4.306812761050343e-6,0.0031574133825782013,1.3587200565816997e-8,6.028393333219734e-6,1.0589541801895795e-6,-0.01165943979399339,-2.5716894233836817e-9,-0.004145979372754967,-1.219973733606113e-6,1.3139962865572692e-6,0.00039448275130498435,-2.1954934404922954e-5,-0.0001873292859237092,0.00051781121630622,-6.49417039860103e-10,1.0431603901724802e-8,-3.557706977531691e-5,0.0013141560993783997,-3.8445041009894455e-7,-4.83926173880525e-6,-1.2841681661828715e-7,-4.035215085992715e-6,-2.906094816201609e-5,6.211653335360174e-8,8.000082730584921e-8,-4.44320660032198e-6,9.644944959867685e-5,-0.00011697727301354946,-1.0551964367169932e-7,-4.172491251217576e-7,-2.1434384899901454e-8,-0.0020045418493119397,1.8396957639316768e-5,-6.251580882453659e-8,-0.00026085439857704564,0.0004786034426419468,0.0022162315388251966,-0.0004715532466005094,-9.78362395292335e-10,1.1513201353655404e-9,2.5424583782843012e-5,0.0011220947546816524,-0.0006679411613134852,2.30892799868963e-7,0.0014954683292094182,2.5938761006984993e-5,0.0001919269422928395,7.489693209506011e-7,3.0648217935020407e-6,-1.5265734639440507e-6,-1.1298484603792535e-5,0.00010457483667643432,-0.0003896961333136311,-0.0023248103830137493,0.0002719865508835832,-3.8475556853196896e-8,4.004914082525031e-9,-4.3700186018993e-8,-0.0007132830248119926,-4.596480005355817e-11
0.0,0.0,0.0,0.0,0.0,0.0,0.0,0.0,0.0,0.0,0.0,0.0,0.0,0.0,0.0,0.0,0.0,0.0,0.0,0.0,0.0,0.0,0.0,0.0,0.0,0.0,0.0,0.0,0.0,0.0,0.0,0.0,0.0,0.0,0.0,0.0,0.0,0.0,0.0,0.0,0.0,0.0,0.0,0.0,0.0,0.0,0.0,0.0,0.0,0.0,0.0,0.0,0.0,0.0,0.0,0.0,0.0,0.0,0.0,0.0,0.0,0.0,0.0,0.0,0.0,0.0,0.0,0.0,0.0,0.0,0.0,0.0,0.0,0.0,0.0,0.0,0.0,0.0,0.0,0.0,0.0,0.0,0.0,0.0,0.0,0.0,0.0,0.0,0.0,0.0,0.0,0.0,0.0,0.0,0.0,0.0,0.0,0.0,0.0,0.0,0.0,0.0,0.0,0.0,0.0,0.0,0.0,0.0,0.0,0.0,0.0,0.0,0.0,0.0,0.0,0.0,0.0,0.0,0.0,0.0,0.0,0.0,0.0,0.0,0.0,0.0,0.0,0.0,0.0,0.0,0.0,0.0,0.0,0.0,0.0,0.0,0.0,0.0,0.0,0.0,0.0,0.0,0.0,0.0,0.0,0.0,0.0,0.0,0.0,0.0,0.0,0.0,0.0,0.0,0.0,0.0,0.0,0.0,0.0,0.0,0.0,0.0,0.0,0.0,0.0,0.0,0.0,0.0,0.0,0.0,0.0,0.0,0.0,0.0,0.0,0.0,0.0,0.0,0.0,0.0,0.0,0.0,0.0,0.0,0.0,0.0,0.0,0.0,0.0,0.0,0.0,0.0,0.0,0.0,0.0,0.0,0.0,0.0,0.0,0.0,0.0,0.0,0.0,0.0,0.0,0.0,0.0,0.0,0.0,0.0,0.0,0.0,0.0,0.0,0.0,0.0,0.0,0.0,0.0,0.0,0.0,0.0,0.0,0.0,0.0,0.0,0.0,0.0,0.0,0.0,0.0,0.0,0.0,0.0,0.0,0.0,0.0,0.0,0.0,0.0,0.0,0.0,0.0,0.0,0.0,0.0,0.0,0.0,0.0,0.0,0.0,0.0,0.0,0.0,0.0,0.0,0.0,0.0,0.0,0.0,0.0,0.0,0.0,0.0,0.0,0.0,0.0,0.0,0.0,0.0,0.0,0.0,0.0,0.0,0.0,0.0,0.0,0.0,0.0,0.0,0.0,0.0,0.0,0.0,0.0,0.0,0.0,0.0,0.0,0.0,0.0,0.0,0.0,0.0,0.0,0.0,0.0,0.0,0.0,0.0,0.0,0.0,0.0,0.0,0.0,0.0,0.0,0.0,0.0,0.0,0.0,0.0,0.0,0.0,0.0,0.0,0.0,0.0,0.0,0.0,0.0,0.0,0.0,0.0,0.0,0.0,0.0,0.0,0.0,0.0,0.0,0.0,0.0,0.0,0.0,0.0,0.0,0.0,0.0,0.0,0.0,0.0,0.0,0.0,0.0,0.0,0.0,0.0,0.0,0.0,0.0,0.0,0.0,0.0,0.0,0.0,0.0,0.0,0.0,0.0,0.0,0.0,0.0,0.0,0.0,0.0,0.0,0.0,0.0,0.0,0.0,0.0,0.0,0.0,0.0,0.0,0.0,0.0,0.0,0.0,0.0,0.0,0.0,0.0,0.0,0.0,0.0,0.0,0.0,0.0,0.0,0.0,0.0,0.0,0.0,0.0,0.0,0.0,0.0,0.0,0.0,0.0,0.0,0.0,0.0,0.0,0.0,0.0,0.0,0.0,0.0,0.0,0.0,0.0,0.0,0.0,0.0,0.0,0.0,0.0,0.0,0.0,0.0,0.0,0.0,0.0,0.0,0.0,0.0,0.0,0.0,0.0,0.0,0.0,0.0,0.0,0.0,0.0,0.0,0.0,0.0,0.0,0.0,0.0,0.0,0.0,0.0,0.0,0.0,0.0,0.0,0.0,0.0,0.0,0.0,0.0,0.0,0.0,0.0,0.0,0.0,0.0,0.0,0.0,0.0,0.0,0.0,0.0,0.0,0.0,0.0,0.0,0.0,0.0,0.0,0.0,0.0,0.0,0.0,0.0,0.0,0.0,0.0,0.0,0.0,0.0,0.0,0.0,0.0,0.0,0.0,0.0,0.0,0.0,0.0,0.0,0.0,0.0,0.0,0.0,0.0,0.0,0.0,0.0,0.0,0.0,0.0,0.0,0.0,0.0,0.0,0.0,0.03845189675146834,0.0002577477034911407,-5.063692984689025e-8,-3.495248168956991e-12,2.695940397575787e-5,-0.014474678766655837,0.0015721352857928175,-0.0003050654139360637,-1.7007748349317026e-5,1.0485136651922952e-11,-2.548309070079089e-10,-0.00013095310409471327,-8.44292348238314e-9,-0.0002224742331566244,-0.00029702174021782113,0.003993062559004344,-8.739644353145016e-5,-9.130840995677046e-8,-0.00025257679392766457,0.0008028548930063675,5.494725934072534e-9,1.1336046529604271e-12,2.4157898537718036e-8,-1.0837307636398338e-8,0.0014088454685941979,1.56355049580742e-5,-0.006860423859757022,2.2273886829794478e-7,-0.0012138476007541223,-5.530719373783076e-10,-1.9805505737550637e-9,-0.00391969921758538,2.31457667950861e-7,0.00046537122394248995,0.0006952334108325936,-0.0012888397022895507,-2.066354649846486e-13,0.00046748445027264827,-5.764741994377837e-9,-8.651006717637283e-8,-0.013574293702377966,-0.0005490464360351393,2.8183910175231e-6,0.000147083360170808,-2.2160528291648398e-7,1.4073408385560176e-12,-8.092158162406874e-5,-4.2089548729528953e-11,8.82645387832273e-13,0.000413689066777173,-4.807123845207028e-13,8.335831457009018e-8,0.00012589649031633608,5.784448927506402e-5,2.3857629906381205e-13,1.3187236351033437e-9,-2.1941072419068557e-6,-0.0018716553770282904,1.0926252381912682e-12,-3.708952883585781e-12,0.0005944378961418164,3.7305318212325764e-11,-1.564880263321058e-5,-1.4620544301037585e-9,1.8801530458520852e-7,1.7957081241297488e-7,1.5874490247285978e-5,-0.002201997476557739,-5.205676457004165e-5,-2.595044832478669e-10,7.622240722132841e-9,-1.2996251101190465e-5,0.0005844564355533926,-0.00608502755571583,1.6164327129979762e-13,-2.5340064927597086e-11,2.4695897556631754e-5,-0.0007118865535514158,1.0984668283239856e-5,2.5365847689431495e-5,-0.0010457944459421505,5.426324171577607e-6,1.043850816093676e-6,2.158106845564411e-5,-5.493162247541993e-6,8.009582545962118e-11,1.0724931732529958e-7,-1.3353616276197036e-5,-3.8277034417425293e-14,3.712562092506087e-7,-5.320502435794954e-8,-2.9457265940241156e-9,-6.326670944376411e-9,0.0010490851093733022,8.322628555305171e-5,-2.388002152960822e-13,-2.3026915170325348e-12,-2.3616774337636104e-14,1.872966854321146e-6,-0.001333576469161523,0.0007744441250355857,-5.94252062992994e-10,-8.619553032397646e-9,-1.905253790140468e-13,-9.1433907531895e-9,-1.8187653913773224e-10,0.00026202450465079443,1.653791257324817e-13,-1.4241351392014356e-5,1.391072654623463e-7,2.663511336379079e-8,-3.8067036778576164e-11,-6.9028949047331466e-6,0.0001295361059259111,8.65006037701488e-6,-1.9707784378128578e-12,0.00010093557011705251,2.1315989028361117e-10,-0.0004535164695749864,-1.8127460841350618e-10,-0.0008178498834396013,0.0001281525575665221,-5.558332764038155e-11,1.5174257079249467e-6,-2.692157956556091e-9,-5.803290099484087e-10,-3.771049703809381e-8,6.869428219466294e-9,0.010888188173160522,2.3269761475880036e-12,6.962791960523636e-12,-4.692583823974832e-6,3.0994242395222216e-9,1.2885569103716694e-11,3.741020708419391e-7,7.658147420398789e-11,-2.1373490033475786e-5,-1.2859552710749944e-9,-0.005435921388559591,1.98063732597695e-7,2.5177339190300423e-12,-0.0013933941867513128,1.4037140788211563e-11,1.6348054413259175e-13,-4.0309719051638855e-8,0.0004588183813057131,0.007808978184567575,-2.355107019601655e-12,-4.0478054047922133e-11,-6.837710468100757e-5,0.00013736171561498897,-0.0024392820814838736,-0.00013116883869197123,8.330530099476434e-7,1.0857986279065541e-11,-1.3440937282132954e-7,-1.874237139205316e-11,0.0006136181165883424,-3.7424756480330673e-8,0.00020807419306821302,-1.6596226920370564e-5,-5.911033963932676e-13,-4.956856652611225e-9,-0.00015319413224847446,-1.996528852806857e-6,9.734898185729505e-9,1.951524038636556e-9,0.00015129755304256872,-2.1151288857962065e-12,2.4584277019674317e-12,-0.00019380813973914572,3.3763301830987624e-6,-6.654078995937876e-7,4.620489944582631e-6,-0.0010941125195211535,1.2679839619563484e-9,-6.80579228058978e-6,7.531626742527841e-14,1.3519990585124213e-11,-1.3347479718051517e-9,-7.165667129986135e-13,4.705625324227452e-6,0.003724250612656649,0.0008130960235568539,-1.0557162885297873e-9,1.798638727204169e-8,-3.3556389387151203e-10,-3.129552512950859e-13,-0.002856464272703399,1.509898438099008e-8,-0.0010171005071891643,2.559952550530066e-5,-4.19257702455839e-5,0.0013005909082646847,-5.52321208719018e-11,-0.00013690777450332003,-5.785448708159893e-11,-9.844512397948466e-9,-1.0628056823575022e-10,-5.046683112851911e-5,-1.0140709675331559e-11,-3.0578724689500027e-7,-6.531247359848378e-10,-9.988055627222575e-13,1.1034366509259373e-12,-1.5184549091790123e-6,1.0657017056187713e-6,0.00045304169022411766,6.812858262695174e-6,-0.00016464824470595088,-9.70270018788393e-10,-0.0013870060438869484,-7.147163875618972e-9,3.4365976030326416e-11,-1.02118725097288e-9,-5.912589266601279e-13,5.637588730690445e-8,-2.148219750079717e-12,1.3241761064813834e-5,-4.029041753658954e-9,-8.039210714297517e-10,-1.5445140887575987e-7,-1.2320402523351227e-11,1.7782158000414728e-12,-4.192413933043936e-12,1.8856839491325322e-5,1.92148099752976e-10,1.653849768144539e-5,-4.391212166361507e-8,-1.609420910932044e-13,3.388380657045038e-6,-0.00042498217832753445,1.1260384431272875e-8,-0.00019050322002806043,-4.782524724962e-9,4.504366268832165e-11,-6.171015733860448e-5,-6.620192750163093e-7,-8.006645625471311e-8,3.191251406250125e-11,-9.019521020496149e-7,-1.5603773277419805e-13,-0.0025249498945687896,-2.2050222138508904e-6,6.555235319325528e-10,1.2761638943095205e-5,-3.964344143467916e-12,0.003861020745556975,-1.1221955892569381e-11,-1.1811881055522322e-12,-4.251545672866621e-14,0.00031284014113122855,-4.4443633555027825e-5,1.279371878057565e-6,2.3148129482021418e-7,-1.345045723471587e-13,-0.00011385436470731204,0.015481135426890513,-2.1441515894200138e-8,-7.157467812829259e-11,0.01699003748735242,2.7092897142880677e-6,-9.818610383787146e-7,4.7670833224616386e-9,-1.2871529905431685e-9,0.0006218341046923224,-0.0003355437870430172,-7.368317907354532e-12,2.287836694092057e-9,1.8980676063864882e-7,0.00014453520204797899,-4.277838293369342e-8,-3.242862706071751e-11,5.73006234928264e-7,-9.755171646045328e-5,-5.712429040496025e-6,1.1011795240216932e-12,-1.8813064850291918e-11,1.319164496743558e-9,-4.759799687727655e-10,-5.09768252363044e-9,1.160819113160818e-9,-0.002632453933840534,-0.0012063317702823194,-2.491796808139688e-13,3.5231492847889216e-8,8.365399013061748e-5
0.0,0.0,0.0,0.0,0.0,0.0,0.0,0.0,0.0,0.0,0.0,0.0,0.0,0.0,0.0,0.0,0.0,0.0,0.0,0.0,0.0,0.0,0.0,0.0,0.0,0.0,0.0,0.0,0.0,0.0,0.0,0.0,0.0,0.0,0.0,0.0,0.0,0.0,0.0,0.0,0.0,0.0,0.0,0.0,0.0,0.0,0.0,0.0,0.0,0.0,0.0,0.0,0.0,0.0,0.0,0.0,0.0,0.0,0.0,0.0,0.0,0.0,0.0,0.0,0.0,0.0,0.0,0.0,0.0,0.0,0.0,0.0,0.0,0.0,0.0,0.0,0.0,0.0,0.0,0.0,0.0,0.0,0.0,0.0,0.0,0.0,0.0,0.0,0.0,0.0,0.0,0.0,0.0,0.0,0.0,0.0,0.0,0.0,0.0,0.0,0.0,0.0,0.0,0.0,0.0,0.0,0.0,0.0,0.0,0.0,0.0,0.0,0.0,0.0,0.0,0.0,0.0,0.0,0.0,0.0,0.0,0.0,0.0,0.0,0.0,0.0,0.0,0.0,0.0,0.0,0.0,0.0,0.0,0.0,0.0,0.0,0.0,0.0,0.0,0.0,0.0,0.0,0.0,0.0,0.0,0.0,0.0,0.0,0.0,0.0,0.0,0.0,0.0,0.0,0.0,0.0,0.0,0.0,0.0,0.0,0.0,0.0,0.0,0.0,0.0,0.0,0.0,0.0,0.0,0.0,0.0,0.0,0.0,0.0,0.0,0.0,0.0,0.0,0.0,0.0,0.0,0.0,0.0,0.0,0.0,0.0,0.0,0.0,0.0,0.0,0.0,0.0,0.0,0.0,0.0,0.0,0.0,0.0,0.0,0.0,0.0,0.0,0.0,0.0,0.0,0.0,0.0,0.0,0.0,0.0,0.0,0.0,0.0,0.0,0.0,0.0,0.0,0.0,0.0,0.0,0.0,0.0,0.0,0.0,0.0,0.0,0.0,0.0,0.0,0.0,0.0,0.0,0.0,0.0,0.0,0.0,0.0,0.0,0.0,0.0,0.0,0.0,0.0,0.0,0.0,0.0,0.0,0.0,0.0,0.0,0.0,0.0,0.0,0.0,0.0,0.0,0.0,0.0,0.0,0.0,0.0,0.0,0.0,0.0,0.0,0.0,0.0,0.0,0.0,0.0,0.0,0.0,0.0,0.0,0.0,0.0,0.0,0.0,0.0,0.0,0.0,0.0,0.0,0.0,0.0,0.0,0.0,0.0,0.0,0.0,0.0,0.0,0.0,0.0,0.0,0.0,0.0,0.0,0.0,0.0,0.0,0.0,0.0,0.0,0.0,0.0,0.0,0.0,0.0,0.0,0.0,0.0,0.0,0.0,0.0,0.0,0.0,0.0,0.0,0.0,0.0,0.0,0.0,0.0,0.0,0.0,0.0,0.0,0.0,0.0,0.0,0.0,0.0,0.0,0.0,0.0,0.0,0.0,0.0,0.0,0.0,0.0,0.0,0.0,0.0,0.0,0.0,0.0,0.0,0.0,0.0,0.0,0.0,0.0,0.0,0.0,0.0,0.0,0.0,0.0,0.0,0.0,0.0,0.0,0.0,0.0,0.0,0.0,0.0,0.0,0.0,0.0,0.0,0.0,0.0,0.0,0.0,0.0,0.0,0.0,0.0,0.0,0.0,0.0,0.0,0.0,0.0,0.0,0.0,0.0,0.0,0.0,0.0,0.0,0.0,0.0,0.0,0.0,0.0,0.0,0.0,0.0,0.0,0.0,0.0,0.0,0.0,0.0,0.0,0.0,0.0,0.0,0.0,0.0,0.0,0.0,0.0,0.0,0.0,0.0,0.0,0.0,0.0,0.0,0.0,0.0,0.0,0.0,0.0,0.0,0.0,0.0,0.0,0.0,0.0,0.0,0.0,0.0,0.0,0.0,0.0,0.0,0.0,0.0,0.0,0.0,0.0,0.0,0.0,0.0,0.0,0.0,0.0,0.0,0.0,0.0,0.0,0.0,0.0,0.0,0.0,0.0,0.0,0.0,0.0,0.0,0.0,0.0,0.0,0.0,0.0,0.0,0.0,0.0,0.0,0.0,0.0,0.0,0.0,0.0,0.0,0.0,0.0,0.0,0.0,0.0,0.0,0.0,0.0,0.0,0.0,0.0,0.0,0.0,0.0,0.0,0.0,0.0,0.0,0.0,0.0,0.0,0.0,0.0,0.0,0.0,0.0,0.0,0.0,0.0,0.0,0.0,0.0,0.03413356915758451,1.3165621099363822e-8,-1.7406228443969553e-13,-0.00024185374286819157,-0.0007510366402499838,-0.0007465400904264616,-4.1457558451407194e-5,-3.0120868777570243e-7,-2.8493631206555154e-13,-9.023386209896015e-12,1.0025122855329964e-5,-2.759574699483116e-10,5.512450849601286e-6,-0.0004269504735503857,0.002141392387388821,-2.0308717129077126e-5,4.002512203299306e-9,0.0030891272002533526,8.744633934273611e-5,-3.1787671388731003e-10,-1.3252025366164526e-13,-1.1067431179596115e-9,5.4216067128546606e-8,-0.00027301964008572666,-4.228810202528619e-7,0.0010794204710186405,-2.0622484001730908e-8,-0.001694478997453844,-2.6355535295486907e-11,3.02146497914488e-11,0.0003447049415214571,-2.1094845101191626e-8,-0.0001281814862625382,0.003131925485235046,-5.197876862085044e-6,-9.581390707409779e-14,9.602773608700107e-6,3.3562114336391607e-9,1.6383142038220782e-9,0.0001799936934065685,0.001070423643756473,1.1724527207812854e-6,-0.00012161201720950086,-1.0110168681764759e-8,-3.271426042351764e-13,0.001982658434536537,8.438737715661079e-12,-9.315297599657557e-13,0.002199441077949675,6.7122059006713484e-15,9.323954204084186e-10,-7.752347272403968e-6,-3.4800630477008095e-6,7.973391859400322e-15,1.3551518346162304e-10,3.842327542969404e-7,0.0009653429864308955,-8.201139308221107e-14,-6.985630868564516e-13,0.0017493571981028718,-2.539330355790012e-12,-2.992121962223007e-6,-1.2844873673206218e-9,3.7237169467759786e-10,-1.8535567218450246e-8,-9.885244305201465e-7,0.00026925846720090213,2.335547626486715e-6,9.54098713702951e-11,-2.896071044856861e-10,-6.309916436333366e-7,-7.840469679939106e-5,5.782847366603255e-5,1.650035976478687e-15,4.287092419086116e-13,-0.007862778515504163,0.002379095022333212,-4.21327562710102e-7,0.017752859363718537,-2.1353992089421967e-5,-5.920275223138377e-7,5.571621102680493e-9,6.117250603246789e-7,-1.1565356595867341e-6,2.2538925478756488e-12,-2.4171172108865343e-8,-0.002561270810056003,4.809034684817883e-15,-2.3475838758108432e-9,7.95717407987351e-9,-2.834443588515101e-11,4.726738909342638e-10,-0.0011805256301425841,-0.006865233221844089,8.197483483763139e-15,-1.6878919514962723e-13,1.4008587159179348e-14,-6.413687277201206e-8,3.444458847924343e-5,-4.7944512781624556e-5,7.544191363997308e-12,-7.363888861831245e-10,2.1673038095585057e-14,2.2758286670150277e-11,1.6977993030782734e-12,-9.012109415761443e-5,1.3943709188697268e-14,2.39811435572357e-6,3.605375452563032e-8,5.778486728681182e-10,-2.1077522495692813e-13,6.707914498023046e-7,1.0029434333047208e-6,9.59427498835594e-7,1.1016866926038177e-13,0.0036851095797089868,-4.356127715347674e-12,0.000367546043262085,-1.7089691684965907e-11,6.145807618880335e-5,-0.0008961772173502823,-6.561865522842859e-12,-9.867364221132645e-8,4.272216903244124e-11,2.5971450312578253e-11,-2.3346531054513256e-10,-2.208376600773346e-9,-1.9213175047500946e-5,4.328394169877819e-13,-1.9452420102051036e-12,4.899522043310326e-7,-2.3323724339339433e-10,-7.173845438069143e-13,-3.096105995825111e-8,-2.4473351007087247e-11,-4.009656344814591e-6,-1.910760657053397e-9,0.0015552329383247162,2.3320577142459896e-8,-1.3600322909810352e-13,0.0019577695071578915,-2.4026567348371743e-13,1.5033866342643342e-14,7.418185190032545e-9,-0.00992255640112683,-0.0004513074857734633,2.9984908882821574e-13,2.697059262456638e-12,5.362180967711936e-6,-0.0005912857394151725,0.00014702734938767755,8.83727417752453e-7,-1.293964448412194e-7,-6.828821599442014e-13,1.5554691590384237e-8,-1.2648481727129498e-12,-0.003674811922468321,-2.7609352815212024e-9,-5.9441582838687265e-6,5.504784576732977e-7,1.4899965431253447e-13,4.5587646521747923e-10,0.00011390454108844702,3.144715223719217e-8,-4.468664860288006e-10,5.417862058670041e-10,0.00011874779143009664,1.147220596037431e-13,4.592583470833193e-12,-1.7900087925763134e-5,-4.6356854311124377e-7,9.585391990023485e-8,3.5933995019756733e-7,-0.0011604540298886335,-2.4181465292134656e-11,1.442026974125079e-7,-5.995312502175377e-15,-8.867529926036576e-13,5.269674935145305e-10,-1.308466113902965e-13,7.299349365412053e-7,-0.002000916826873364,-0.004466059625599271,5.364798297422676e-11,-6.909773301077974e-11,-1.522435047617648e-11,-3.225906228851242e-14,0.0002250623478852483,3.0956625131525357e-9,-0.00036242204359860844,1.3216505042221613e-6,8.3916115564423e-6,-0.0005786812921773462,3.0804467737625903e-12,-2.956022458395792e-5,-1.3139916509683913e-10,4.3061620848712867e-10,1.951074045664068e-12,-0.0037741239067649594,9.684440989109533e-13,3.24489837593459e-8,2.4346826455953972e-11,-6.824478175617724e-14,4.1118219040803216e-14,2.0507169767337585e-7,-5.252340289142813e-8,0.0014738287963508903,0.0028555602148148582,0.001926732200165297,5.877684297093905e-11,-0.0006911258160520601,2.801332844862175e-10,-6.778989797887651e-12,2.911312923570072e-11,9.262965845165727e-14,3.434753546798769e-9,-2.3823388979341344e-13,0.0023096043193976527,4.637481994707214e-10,-2.5999069058966274e-11,9.106087576811817e-10,7.65392619176372e-13,-5.584373256875437e-14,2.325735634347931e-13,-0.004600527201554154,-6.715740957951326e-11,-9.777041110058772e-6,1.1446526736467602e-8,1.907307770725832e-14,2.7471363711977333e-6,-4.554806188812281e-5,1.754424615717958e-9,0.0004373004879877526,-9.715361667310751e-10,-4.1010377286066986e-14,-3.168337536171328e-5,-1.166842697103631e-7,-2.813333102583744e-7,6.409805006803169e-12,-1.3832254452289996e-9,-1.2122632127421969e-14,8.880855748454447e-5,2.3278873725157803e-7,2.0883870728062766e-11,6.4253095102909026e-6,6.285069960411167e-13,8.18194317501526e-5,7.561915353223442e-13,3.1023856655786136e-12,-1.1866505763870338e-14,-4.1184957032013965e-5,4.885672842487612e-6,-7.088861690164668e-8,-1.0382999554593458e-7,2.070818107498656e-15,2.2873585765788264e-5,3.4646049804175886e-5,2.2650106341251866e-11,1.6773352066018477e-11,-0.001174805791207183,-1.229148364842822e-7,3.995358756272863e-8,-5.892574160305197e-11,2.3681143734963203e-10,-0.002468023183374428,0.006057943020247319,-4.680432066050246e-12,4.216340640055e-10,-3.170104438233271e-8,-1.3228475962225178e-5,-1.2165492501628982e-8,-4.251139698720619e-12,7.719269563935937e-8,1.7289208113766902e-6,2.7304858179554943e-6,1.9334466550360618e-13,1.1899794467930046e-13,6.309324811568807e-11,6.008397753340983e-12,3.6271049733898685e-11,2.1023034308277793e-11,-0.0013047268614728767,-0.002525490700794962,2.396970203246192e-14,4.174956294722937e-11,0.0024534894352213855
0.0,0.0,0.0,0.0,0.0,0.0,0.0,0.0,0.0,0.0,0.0,0.0,0.0,0.0,0.0,0.0,0.0,0.0,0.0,0.0,0.0,0.0,0.0,0.0,0.0,0.0,0.0,0.0,0.0,0.0,0.0,0.0,0.0,0.0,0.0,0.0,0.0,0.0,0.0,0.0,0.0,0.0,0.0,0.0,0.0,0.0,0.0,0.0,0.0,0.0,0.0,0.0,0.0,0.0,0.0,0.0,0.0,0.0,0.0,0.0,0.0,0.0,0.0,0.0,0.0,0.0,0.0,0.0,0.0,0.0,0.0,0.0,0.0,0.0,0.0,0.0,0.0,0.0,0.0,0.0,0.0,0.0,0.0,0.0,0.0,0.0,0.0,0.0,0.0,0.0,0.0,0.0,0.0,0.0,0.0,0.0,0.0,0.0,0.0,0.0,0.0,0.0,0.0,0.0,0.0,0.0,0.0,0.0,0.0,0.0,0.0,0.0,0.0,0.0,0.0,0.0,0.0,0.0,0.0,0.0,0.0,0.0,0.0,0.0,0.0,0.0,0.0,0.0,0.0,0.0,0.0,0.0,0.0,0.0,0.0,0.0,0.0,0.0,0.0,0.0,0.0,0.0,0.0,0.0,0.0,0.0,0.0,0.0,0.0,0.0,0.0,0.0,0.0,0.0,0.0,0.0,0.0,0.0,0.0,0.0,0.0,0.0,0.0,0.0,0.0,0.0,0.0,0.0,0.0,0.0,0.0,0.0,0.0,0.0,0.0,0.0,0.0,0.0,0.0,0.0,0.0,0.0,0.0,0.0,0.0,0.0,0.0,0.0,0.0,0.0,0.0,0.0,0.0,0.0,0.0,0.0,0.0,0.0,0.0,0.0,0.0,0.0,0.0,0.0,0.0,0.0,0.0,0.0,0.0,0.0,0.0,0.0,0.0,0.0,0.0,0.0,0.0,0.0,0.0,0.0,0.0,0.0,0.0,0.0,0.0,0.0,0.0,0.0,0.0,0.0,0.0,0.0,0.0,0.0,0.0,0.0,0.0,0.0,0.0,0.0,0.0,0.0,0.0,0.0,0.0,0.0,0.0,0.0,0.0,0.0,0.0,0.0,0.0,0.0,0.0,0.0,0.0,0.0,0.0,0.0,0.0,0.0,0.0,0.0,0.0,0.0,0.0,0.0,0.0,0.0,0.0,0.0,0.0,0.0,0.0,0.0,0.0,0.0,0.0,0.0,0.0,0.0,0.0,0.0,0.0,0.0,0.0,0.0,0.0,0.0,0.0,0.0,0.0,0.0,0.0,0.0,0.0,0.0,0.0,0.0,0.0,0.0,0.0,0.0,0.0,0.0,0.0,0.0,0.0,0.0,0.0,0.0,0.0,0.0,0.0,0.0,0.0,0.0,0.0,0.0,0.0,0.0,0.0,0.0,0.0,0.0,0.0,0.0,0.0,0.0,0.0,0.0,0.0,0.0,0.0,0.0,0.0,0.0,0.0,0.0,0.0,0.0,0.0,0.0,0.0,0.0,0.0,0.0,0.0,0.0,0.0,0.0,0.0,0.0,0.0,0.0,0.0,0.0,0.0,0.0,0.0,0.0,0.0,0.0,0.0,0.0,0.0,0.0,0.0,0.0,0.0,0.0,0.0,0.0,0.0,0.0,0.0,0.0,0.0,0.0,0.0,0.0,0.0,0.0,0.0,0.0,0.0,0.0,0.0,0.0,0.0,0.0,0.0,0.0,0.0,0.0,0.0,0.0,0.0,0.0,0.0,0.0,0.0,0.0,0.0,0.0,0.0,0.0,0.0,0.0,0.0,0.0,0.0,0.0,0.0,0.0,0.0,0.0,0.0,0.0,0.0,0.0,0.0,0.0,0.0,0.0,0.0,0.0,0.0,0.0,0.0,0.0,0.0,0.0,0.0,0.0,0.0,0.0,0.0,0.0,0.0,0.0,0.0,0.0,0.0,0.0,0.0,0.0,0.0,0.0,0.0,0.0,0.0,0.0,0.0,0.0,0.0,0.0,0.0,0.0,0.0,0.0,0.0,0.0,0.0,0.0,0.0,0.0,0.0,0.0,0.0,0.0,0.0,0.0,0.0,0.0,0.0,0.0,0.0,0.0,0.0,0.0,0.0,0.0,0.0,0.0,0.0,0.0,0.0,0.0,0.0,0.0,0.0,0.0,0.0,0.0,0.0,0.0,0.0,0.0,0.0,0.0,0.0,0.0,0.0,0.0,0.0,0.0,0.0,0.0,0.0,0.0,0.0,0.0,0.04647256800849349,-7.780883034590319e-7,1.452957129313227e-9,-8.191659716779449e-8,4.8904614263752503e-8,-2.2784993035906433e-6,3.1845281365794376e-5,1.7391006805912272e-6,-5.183026260505202e-5,3.329743022003135e-5,-0.002189290053620747,-4.397535701665591e-6,2.4818426422195206e-8,1.5362420524057494e-7,-2.8996078402969005e-6,-0.003167926762804583,-1.5440656739025628e-9,-2.4887681906727013e-7,0.0005636527171636913,-1.7445870023617834e-7,0.004696069922311367,0.0029999021212941896,-1.0575081434085799e-7,0.00012288957251522674,5.829782561606854e-7,-0.0027614076330871283,1.2783063206648047e-8,-0.00028852898455797386,1.303652084650277e-5,5.036593619959058e-7,-0.01370825331918048,-1.6207628595419123e-6,-1.3182859160859942e-8,3.5563344398586875e-7,-2.532932670191583e-7,-1.3741872324014605e-6,0.0027734232615843368,0.0029920685881331993,1.868431312515939e-8,-1.3077714969581698e-9,-3.015602242270938e-6,-6.359715202087217e-8,0.0067766151388310505,-2.7175722623091335e-7,-8.320981066766012e-10,3.848386683889561e-6,5.29124346509604e-7,8.214021879460411e-9,9.69356873277504e-8,0.0014567416931411206,-2.3854349372567025e-5,-5.4024216073991425e-5,-2.8415521340933323e-8,-7.971167700364722e-5,0.00019738433746188297,-2.1669040651804502e-8,-4.202642408352526e-7,-1.7233994910842032e-6,6.361344184087663e-8,-1.0113945056327579e-5,2.1117980477074975e-5,-0.002004514196260366,0.0010638217946235806,0.015816458798246467,-1.0727486791724337e-5,1.1712708953205699e-6,2.090917550452273e-6,0.00019348602660352126,-0.0006530891875673396,1.6800961964201057e-6,-3.287846613893446e-6,3.6911229373499707e-7,3.1089024674513216e-8,8.596245004334243e-7,3.4772815578591128e-9,5.832487380467461e-9,0.00010505335201107532,4.8432304301706755e-11,5.983315329432669e-7,-0.0007436787236140721,-0.001549149456752022,0.00010192116103290514,-0.00014691500452787765,-1.3898510260937774e-5,0.003410510282937169,-7.02704877655383e-10,-2.4406891074509534e-8,-0.0005418950515546474,-0.00025957818784940324,0.0008067454294395476,0.0006482087279678714,1.0043337951231924e-8,6.242627232158757e-10,1.5664824958860674e-8,-7.013860800587181e-7,6.082336660183366e-8,-0.00016059698695846728,8.500453434905736e-7,-3.6969737029814895e-7,0.0004086440230359468,0.000932634936343588,8.003095901981005e-9,0.00010180520257450783,9.418775792128565e-6,3.541513975342084e-7,5.3203515291781634e-8,5.382154571625548e-7,0.0022809777204426357,-0.00567372156876719,3.773088311936476e-5,4.849638626530975e-5,1.2208549558746538e-6,-2.338467451989169e-5,-1.74639820065121e-7,2.359335965997837e-9,9.200688134348636e-7,-4.492702375280735e-9,-1.031129941388134e-5,3.647713009566999e-8,-3.9160364342691816e-11,-2.3728554600465715e-5,-5.532314999392395e-5,4.929772756163978e-5,6.052686714050439e-5,-0.011928854390248782,-0.006243006700586871,-1.2323548077727237e-7,7.643138461870167e-7,-3.1401445197745117e-6,0.00014448635468073534,0.00016643608830131125,-1.322682139295007e-6,-0.00013528466524480765,-0.00019490552671112862,5.776581985603501e-7,-0.006728040937107487,7.354601375784397e-8,0.00019019315808205565,5.893113383734039e-8,1.078889405164655e-8,3.5378762256098896e-6,2.8401030502214384e-8,0.02762331117754361,2.5813951082527403e-9,-4.6600707893974875e-8,2.1917803965768454e-7,7.098717295919754e-6,3.443663745865277e-6,-2.975968410034909e-8,-5.258353509275964e-8,-3.209032533543983e-7,5.186784464714612e-5,-1.3739064382848205e-6,-0.001161827212487834,-1.7310151747483305e-6,5.446888440763546e-9,0.002358258170400795,-9.157043778120356e-6,4.570496294572011e-5,3.151026455158393e-6,0.004849365890425703,1.3282224593635418e-6,0.00021784394380345502,-0.001754559422440628,0.00422507031194186,-2.0650091253573312e-7,1.6912723597859522e-7,-2.385501296648566e-5,-5.996683865867525e-6,-0.0007884313982185778,-0.0005378244279924293,0.0001226608786075312,3.398345292052916e-8,-3.042219452035548e-5,-0.0006160079043009445,1.5325732259376475e-8,-2.0814308588056003e-6,0.004574096450927211,-1.7374231734453947e-7,3.184972993574215e-5,-6.0975756668058606e-9,-2.5129048982220623e-9,9.27937409249001e-5,0.0037297655205752256,9.719162103773258e-6,-1.1513565938426503e-7,-6.38318791596252e-8,-0.002564118948934925,-1.5952510919702968e-8,5.8607744697645777e-5,5.048691207269696e-6,-1.1608642472728243e-7,8.191473051755354e-6,-1.3630230227906256e-6,-0.00013984194631727569,-0.0003182336803571361,-1.252414827545697e-5,-2.283520565760973e-9,4.257162874285578e-7,0.0020151064788205314,0.00037327994017619863,-1.4917407087955782e-7,1.0427577687394784e-7,-0.00011042673456466192,3.376918046617613e-5,1.7044171202739972e-9,-1.2233872146812906e-10,-3.1407989095706317e-9,0.00036393174960589175,-2.2220863558654857e-8,0.00039992149485091293,3.3321236588635474e-6,-3.772012513903118e-5,2.4289872268485314e-7,0.006013725158130187,-4.172148775330529e-6,-2.7615112654188743e-10,3.8591316432079965e-5,6.452317106966767e-5,-0.007697305363647347,6.136052323284652e-7,-5.298278205003101e-8,2.5977843903268146e-7,-5.603921520591176e-10,-0.00023181652709030058,-6.245390590965992e-6,0.0068598202294584115,7.271183494650399e-8,4.610972815516239e-5,1.0381194628490378e-6,7.488858884480308e-5,2.0044730553346135e-8,-0.0006748851562073423,-5.098857476011453e-6,2.7001376416491278e-6,-0.0001569425664920539,-0.00023237942092802185,-8.794275909357731e-6,-0.00017063526271008213,-8.570628623360292e-9,4.248630908590086e-8,0.0005800879154702337,0.00015206191865497885,2.8697351842503046e-6,5.398770091053627e-7,1.7767578145796478e-8,2.352833196059016e-7,9.917923933522502e-6,-3.120145464290535e-8,-2.858045649737533e-7,2.8685795018278312e-5,0.000533152282137883,-0.00021816814334635156,-4.037314501831108e-8,8.368279485222098e-7,-3.964797742966873e-8,-0.021793549036366013,9.007953794448123e-6,-1.9079286142416438e-7,0.0003324618448333659,0.0010751977177835214,-0.00012599312859467332,0.0001249190527422869,7.617734642208931e-9,6.262704537953693e-9,5.6182412723922945e-6,-0.00018226198265429688,-0.004403547825348921,6.964900634443055e-7,0.0012843235577720234,-5.394836979000051e-6,0.0016135493333754105,1.2371598456523455e-5,1.0352913531854914e-5,5.978737900972742e-7,7.547806538463846e-6,-2.1455939118610436e-5,-0.0001118323068650312,0.0004969849193385659,2.4744021127761645e-5,-4.8887308869235446e-8,-2.446506717220561e-8,1.3997918001530827e-7,-0.0013360974611207194,-3.278044252385366e-10
0.0,0.0,0.0,0.0,0.0,0.0,0.0,0.0,0.0,0.0,0.0,0.0,0.0,0.0,0.0,0.0,0.0,0.0,0.0,0.0,0.0,0.0,0.0,0.0,0.0,0.0,0.0,0.0,0.0,0.0,0.0,0.0,0.0,0.0,0.0,0.0,0.0,0.0,0.0,0.0,0.0,0.0,0.0,0.0,0.0,0.0,0.0,0.0,0.0,0.0,0.0,0.0,0.0,0.0,0.0,0.0,0.0,0.0,0.0,0.0,0.0,0.0,0.0,0.0,0.0,0.0,0.0,0.0,0.0,0.0,0.0,0.0,0.0,0.0,0.0,0.0,0.0,0.0,0.0,0.0,0.0,0.0,0.0,0.0,0.0,0.0,0.0,0.0,0.0,0.0,0.0,0.0,0.0,0.0,0.0,0.0,0.0,0.0,0.0,0.0,0.0,0.0,0.0,0.0,0.0,0.0,0.0,0.0,0.0,0.0,0.0,0.0,0.0,0.0,0.0,0.0,0.0,0.0,0.0,0.0,0.0,0.0,0.0,0.0,0.0,0.0,0.0,0.0,0.0,0.0,0.0,0.0,0.0,0.0,0.0,0.0,0.0,0.0,0.0,0.0,0.0,0.0,0.0,0.0,0.0,0.0,0.0,0.0,0.0,0.0,0.0,0.0,0.0,0.0,0.0,0.0,0.0,0.0,0.0,0.0,0.0,0.0,0.0,0.0,0.0,0.0,0.0,0.0,0.0,0.0,0.0,0.0,0.0,0.0,0.0,0.0,0.0,0.0,0.0,0.0,0.0,0.0,0.0,0.0,0.0,0.0,0.0,0.0,0.0,0.0,0.0,0.0,0.0,0.0,0.0,0.0,0.0,0.0,0.0,0.0,0.0,0.0,0.0,0.0,0.0,0.0,0.0,0.0,0.0,0.0,0.0,0.0,0.0,0.0,0.0,0.0,0.0,0.0,0.0,0.0,0.0,0.0,0.0,0.0,0.0,0.0,0.0,0.0,0.0,0.0,0.0,0.0,0.0,0.0,0.0,0.0,0.0,0.0,0.0,0.0,0.0,0.0,0.0,0.0,0.0,0.0,0.0,0.0,0.0,0.0,0.0,0.0,0.0,0.0,0.0,0.0,0.0,0.0,0.0,0.0,0.0,0.0,0.0,0.0,0.0,0.0,0.0,0.0,0.0,0.0,0.0,0.0,0.0,0.0,0.0,0.0,0.0,0.0,0.0,0.0,0.0,0.0,0.0,0.0,0.0,0.0,0.0,0.0,0.0,0.0,0.0,0.0,0.0,0.0,0.0,0.0,0.0,0.0,0.0,0.0,0.0,0.0,0.0,0.0,0.0,0.0,0.0,0.0,0.0,0.0,0.0,0.0,0.0,0.0,0.0,0.0,0.0,0.0,0.0,0.0,0.0,0.0,0.0,0.0,0.0,0.0,0.0,0.0,0.0,0.0,0.0,0.0,0.0,0.0,0.0,0.0,0.0,0.0,0.0,0.0,0.0,0.0,0.0,0.0,0.0,0.0,0.0,0.0,0.0,0.0,0.0,0.0,0.0,0.0,0.0,0.0,0.0,0.0,0.0,0.0,0.0,0.0,0.0,0.0,0.0,0.0,0.0,0.0,0.0,0.0,0.0,0.0,0.0,0.0,0.0,0.0,0.0,0.0,0.0,0.0,0.0,0.0,0.0,0.0,0.0,0.0,0.0,0.0,0.0,0.0,0.0,0.0,0.0,0.0,0.0,0.0,0.0,0.0,0.0,0.0,0.0,0.0,0.0,0.0,0.0,0.0,0.0,0.0,0.0,0.0,0.0,0.0,0.0,0.0,0.0,0.0,0.0,0.0,0.0,0.0,0.0,0.0,0.0,0.0,0.0,0.0,0.0,0.0,0.0,0.0,0.0,0.0,0.0,0.0,0.0,0.0,0.0,0.0,0.0,0.0,0.0,0.0,0.0,0.0,0.0,0.0,0.0,0.0,0.0,0.0,0.0,0.0,0.0,0.0,0.0,0.0,0.0,0.0,0.0,0.0,0.0,0.0,0.0,0.0,0.0,0.0,0.0,0.0,0.0,0.0,0.0,0.0,0.0,0.0,0.0,0.0,0.0,0.0,0.0,0.0,0.0,0.0,0.0,0.0,0.0,0.0,0.0,0.0,0.0,0.0,0.0,0.0,0.0,0.0,0.0,0.0,0.0,0.0,0.0,0.0,0.0,0.0,0.0,0.0,0.0,0.0,0.0,0.0,0.0,0.0,0.0,0.0,0.0,0.0,0.0,0.04265566736787517,9.423671514845522e-14,8.630261218990484e-12,3.4508653399114924e-12,-1.698441617280028e-11,-2.2590791449008837e-9,-0.012438863904990308,0.0001676058956311494,5.719216952348585e-10,-4.414855843398462e-6,1.6998586537252455e-10,9.256072700354736e-13,2.155839470362089e-12,-7.894600695144687e-11,1.8279143415385017e-7,1.0555344240294258e-13,-6.813151556489045e-12,2.7664283280358576e-6,-0.0021731971364849396,-6.043890784335738e-6,4.3753981106124334e-8,2.2635842932866825e-12,1.8309492127695067e-10,1.7256832950178042e-12,-6.874468403645786e-7,-2.644009373357696e-13,-6.334723158767364e-5,-6.918163939061938e-5,6.547252236912613e-13,9.608627629664716e-8,1.1401183550566488e-11,-3.7590246974868125e-13,3.0231755052450625e-11,0.002459162179331198,-1.488777508632018e-10,-1.2523252259256268e-7,2.9011808605079053e-7,2.5817485932160696e-12,1.7136746321578717e-12,1.1345048090836265e-10,-3.60700464833441e-15,5.540444474075971e-7,0.0011004780983309742,1.5977387917193746e-15,-0.000550627774183488,0.0014818600525627961,-1.2078750911818413e-13,0.0006155907565519458,-1.6946229732043792e-7,-4.68988639729885e-10,-6.825897606016491e-11,-0.002572441623663577,3.90831053807612e-5,-1.2788504440658836e-8,3.147127475093009e-13,0.004177316009555643,0.0019878271212457064,5.62840965051395e-13,0.0005976743480901904,1.653750430281016e-10,-2.219854064291338e-6,-2.2116936885141234e-7,1.1866101305738006e-7,-6.114056362339766e-10,-2.883944879978604e-12,-1.732509192756119e-11,1.4452384674959927e-5,5.5318762000479094e-6,2.6538627195944935e-10,-9.338217565565606e-12,1.0803736094923033e-11,-0.001763012564325909,-0.00040948568807330543,-7.156758101527441e-14,-1.8491954273769342e-13,6.998613396135357e-9,5.798036746832769e-14,-1.3950419130148958e-11,-2.857714968462747e-9,6.704860553065734e-9,1.3312185379882372e-9,-1.7231300775444562e-9,-0.00018087652571924137,-1.4191183422373318e-7,-6.485381688919672e-14,0.00010331344870115195,-2.107704820674344e-8,-1.251045939827319e-7,3.3154728142837667e-6,-3.834207849371749e-6,-1.4860460627721497e-13,-3.68719985717424e-14,0.0006354646072114034,0.016994721185704713,0.0005173656517216369,-3.148396035948097e-8,9.294615454276586e-12,2.169461203968252e-11,-3.0940803936663875e-5,1.5569345929272465e-6,0.0012014301246803798,-1.3554861073672637e-5,-2.4531743323547408e-5,1.507025845624605e-11,-0.0007223067220261568,-1.1412152556061216e-10,6.434392620621153e-8,1.2657048818284545e-7,8.727633973031434e-5,9.87202310098411e-10,3.019059807795073e-11,-2.170916922219975e-9,-0.0028436291823354756,-4.9490946608605317e-14,7.138973781801272e-5,-6.011473889993464e-12,0.00024579673888452215,1.6231775541606505e-11,-3.625275581272504e-14,0.00023595404682582785,3.0418076445800944e-8,1.8974790645848696e-5,-1.7943258553001767e-5,1.4708771775874617e-6,7.997268241341342e-7,-4.7695931584042385e-12,-0.01030989554123576,0.0018693208547635287,3.5454625530894185e-9,4.418727384806538e-6,0.002640188495026631,6.19685076446225e-9,-5.969651091344152e-5,-1.1952653083566345e-10,-1.7286754709203848e-6,-4.27478676139574e-13,1.60854067247512e-8,-0.0055963896070937765,-4.378725309178211e-14,-0.0017923107127730926,-0.0015591500083660136,-1.927737627045541e-7,-2.4175921796716046e-13,1.8517042453069257e-12,-0.0023397494681221065,-0.0007937202717932094,-1.343169831859941e-10,1.1793048165726047e-12,-2.2310522599034748e-12,1.0482148065054649e-10,1.206254665668433e-8,-0.000423762440855945,1.422574450053809e-7,-0.00024693362986170984,-3.627503016928603e-14,2.3237964852518675e-7,2.626538241434598e-10,6.384578461068768e-9,0.0013941486166930527,-1.1034740130595995e-6,-1.3371549304788528e-11,5.075077186739962e-9,-3.0229545774434573e-6,-6.088370434644468e-7,-2.4903748548033627e-11,-0.002549611260552654,-1.0978792742161394e-5,5.351814900818926e-11,-1.0661056801358664e-8,2.1706081614628757e-8,2.5185030268103987e-10,-1.162303192706197e-13,1.170374782799507e-5,-1.5928830224377676e-8,-0.0002524814973121662,0.0012646829299216324,-2.148634060010741e-6,0.01198484419368346,-2.864059975365368e-9,1.2498436273727199e-12,-1.6620900167204906e-13,-3.178013237627405e-6,-8.638810433665162e-6,0.00012706013876130317,0.002217144631773107,9.869042376048441e-13,9.190541145894226e-8,2.604885269017886e-13,-1.3659375157892842e-10,2.6522720996683697e-11,-1.859498300623195e-12,-0.00023921281172141788,7.023566664972954e-11,2.261463559398349e-5,2.7305055694923713e-5,0.001402828631653315,6.273851403627362e-14,0.0012318572591046117,-1.4547378930418288e-8,-1.9359226452429232e-5,-0.001268811529768327,-0.003408518181897982,-6.449149586003676e-9,2.9476343272996934e-8,1.345527413755708e-13,-5.167899308934834e-15,-3.7746111903371137e-14,-6.0931749698912864e-5,7.823044870075292e-14,-1.1447392786526872e-6,-1.4791650884082803e-5,-3.248307276368817e-5,-0.0018375615619398399,-8.047066473327361e-7,0.000560763375307115,-3.068409719837044e-15,-9.491381986293416e-6,-2.705824127803064e-5,3.4330755292943987e-7,0.001849656149046396,-0.0003648584017275398,-0.006681087725231636,1.254655812488357e-13,4.705792737418467e-5,-1.5618524617293148e-10,4.2444966938140165e-8,-0.0009336262010619635,-3.1476441701694285e-10,4.185289853470849e-11,-3.4108232945997616e-6,-5.761892624340428e-14,-2.647873872499434e-6,-4.1500589406226116e-5,1.1020382110621702e-10,3.893812876532394e-8,-3.6163018186838802e-9,-0.00014487366390231258,3.4837540003372306e-8,0.000915834914659335,3.3120478215682116e-13,5.29106485793545e-9,-2.4058318404745233e-6,5.683312269021107e-11,-0.004207493021558361,-6.119494164649802e-12,-0.002951251191401208,-0.0019602213121363487,0.0005529845482831374,8.205962556634283e-12,1.6970144139047748e-10,7.1768354745949044e-9,-4.59020092188276e-9,-1.672619001882689e-5,-1.3320603419512244e-11,-1.950313493763163e-12,1.5078440706610916e-6,-0.00022054411561103204,-2.804076197234302e-12,-1.486936946864736e-9,8.134879915575939e-8,1.812788287467778e-5,1.6199625962301797e-5,-2.5072370715401595e-13,-5.6416983555214525e-15,0.00011673216900932588,9.896632117056264e-7,-5.683835165863893e-8,-4.4119971157062717e-11,2.052174980598557e-7,-0.00011235032829828662,2.8225983514182264e-8,2.781259016694081e-10,2.9492315797293447e-10,-0.006322774099824287,0.00010390088730263822,-8.370819491277893e-6,-1.111374791914321e-5,7.354510536146783e-7,-6.150834407998004e-5,-1.1774947403768146e-12,-7.89237273132345e-14,0.0034581215470408863,-1.0956638665796898e-6,-4.0811218813246735e-14
0.0,0.0,0.0,0.0,0.0,0.0,0.0,0.0,0.0,0.0,0.0,0.0,0.0,0.0,0.0,0.0,0.0,0.0,0.0,0.0,0.0,0.0,0.0,0.0,0.0,0.0,0.0,0.0,0.0,0.0,0.0,0.0,0.0,0.0,0.0,0.0,0.0,0.0,0.0,0.0,0.0,0.0,0.0,0.0,0.0,0.0,0.0,0.0,0.0,0.0,0.0,0.0,0.0,0.0,0.0,0.0,0.0,0.0,0.0,0.0,0.0,0.0,0.0,0.0,0.0,0.0,0.0,0.0,0.0,0.0,0.0,0.0,0.0,0.0,0.0,0.0,0.0,0.0,0.0,0.0,0.0,0.0,0.0,0.0,0.0,0.0,0.0,0.0,0.0,0.0,0.0,0.0,0.0,0.0,0.0,0.0,0.0,0.0,0.0,0.0,0.0,0.0,0.0,0.0,0.0,0.0,0.0,0.0,0.0,0.0,0.0,0.0,0.0,0.0,0.0,0.0,0.0,0.0,0.0,0.0,0.0,0.0,0.0,0.0,0.0,0.0,0.0,0.0,0.0,0.0,0.0,0.0,0.0,0.0,0.0,0.0,0.0,0.0,0.0,0.0,0.0,0.0,0.0,0.0,0.0,0.0,0.0,0.0,0.0,0.0,0.0,0.0,0.0,0.0,0.0,0.0,0.0,0.0,0.0,0.0,0.0,0.0,0.0,0.0,0.0,0.0,0.0,0.0,0.0,0.0,0.0,0.0,0.0,0.0,0.0,0.0,0.0,0.0,0.0,0.0,0.0,0.0,0.0,0.0,0.0,0.0,0.0,0.0,0.0,0.0,0.0,0.0,0.0,0.0,0.0,0.0,0.0,0.0,0.0,0.0,0.0,0.0,0.0,0.0,0.0,0.0,0.0,0.0,0.0,0.0,0.0,0.0,0.0,0.0,0.0,0.0,0.0,0.0,0.0,0.0,0.0,0.0,0.0,0.0,0.0,0.0,0.0,0.0,0.0,0.0,0.0,0.0,0.0,0.0,0.0,0.0,0.0,0.0,0.0,0.0,0.0,0.0,0.0,0.0,0.0,0.0,0.0,0.0,0.0,0.0,0.0,0.0,0.0,0.0,0.0,0.0,0.0,0.0,0.0,0.0,0.0,0.0,0.0,0.0,0.0,0.0,0.0,0.0,0.0,0.0,0.0,0.0,0.0,0.0,0.0,0.0,0.0,0.0,0.0,0.0,0.0,0.0,0.0,0.0,0.0,0.0,0.0,0.0,0.0,0.0,0.0,0.0,0.0,0.0,0.0,0.0,0.0,0.0,0.0,0.0,0.0,0.0,0.0,0.0,0.0,0.0,0.0,0.0,0.0,0.0,0.0,0.0,0.0,0.0,0.0,0.0,0.0,0.0,0.0,0.0,0.0,0.0,0.0,0.0,0.0,0.0,0.0,0.0,0.0,0.0,0.0,0.0,0.0,0.0,0.0,0.0,0.0,0.0,0.0,0.0,0.0,0.0,0.0,0.0,0.0,0.0,0.0,0.0,0.0,0.0,0.0,0.0,0.0,0.0,0.0,0.0,0.0,0.0,0.0,0.0,0.0,0.0,0.0,0.0,0.0,0.0,0.0,0.0,0.0,0.0,0.0,0.0,0.0,0.0,0.0,0.0,0.0,0.0,0.0,0.0,0.0,0.0,0.0,0.0,0.0,0.0,0.0,0.0,0.0,0.0,0.0,0.0,0.0,0.0,0.0,0.0,0.0,0.0,0.0,0.0,0.0,0.0,0.0,0.0,0.0,0.0,0.0,0.0,0.0,0.0,0.0,0.0,0.0,0.0,0.0,0.0,0.0,0.0,0.0,0.0,0.0,0.0,0.0,0.0,0.0,0.0,0.0,0.0,0.0,0.0,0.0,0.0,0.0,0.0,0.0,0.0,0.0,0.0,0.0,0.0,0.0,0.0,0.0,0.0,0.0,0.0,0.0,0.0,0.0,0.0,0.0,0.0,0.0,0.0,0.0,0.0,0.0,0.0,0.0,0.0,0.0,0.0,0.0,0.0,0.0,0.0,0.0,0.0,0.0,0.0,0.0,0.0,0.0,0.0,0.0,0.0,0.0,0.0,0.0,0.0,0.0,0.0,0.0,0.0,0.0,0.0,0.0,0.0,0.0,0.0,0.0,0.0,0.0,0.0,0.0,0.0,0.0,0.0,0.0,0.0,0.0,0.0,0.0,0.0,0.0,0.0,0.0,0.0,0.0,0.0,0.0,0.0,0.0,0.0,0.0,0.0,0.04378354535645529,0.00031962307434139946,-0.00028054543830259446,-1.2410080306815037e-7,2.2575519892162577e-7,-2.0697969093503114e-13,3.522728625275729e-12,7.535202311936253e-7,5.904695222370048e-10,7.6553868903281e-6,-0.0003503261833065587,-0.000232215340323866,-8.138897689093601e-6,3.241413985083659e-10,0.008350838314674881,-0.00022932228126185618,-3.58509036496684e-11,5.11604377074586e-14,-9.119003196190907e-10,-2.1746074362385287e-8,7.122605576204102e-5,-1.0393638020255405e-6,0.0002740852274091016,-1.219506592844462e-8,-0.00010406892076057006,1.698351854353777e-11,-6.432335882948961e-12,-0.0002353072933042363,9.024655227793669e-10,-5.8094658412577704e-5,4.09935287677431e-5,-1.5323775704291767e-5,7.027147482052848e-15,-7.163887934917761e-6,1.1227195876707637e-9,-1.09765585105783e-9,0.0010075893414069276,0.0013652502954773294,1.2553178376098628e-6,6.947830078833249e-5,-8.835295816274045e-10,-8.158708567198514e-15,0.004032737266184058,9.72451189465608e-13,1.8650634620907522e-14,-0.0019324377673182512,-1.6354805679159217e-14,2.1078516535210196e-9,-2.351956018541455e-6,-6.827008266189731e-8,5.619960293499006e-15,5.6183384616487496e-11,1.4016454146453555e-8,0.0010768942130148836,3.438687855378626e-14,3.6042315779373006e-13,-0.0016106288024378289,2.7210885038491998e-12,-1.941173199692129e-6,-6.907722096572969e-11,-2.639691287399666e-9,-2.054144750237611e-9,-1.2177855240035733e-7,-6.521928479454107e-5,1.1106338588425034e-6,-2.9307807411760643e-12,-7.551788411741062e-11,8.4179855206096e-6,9.063158200648132e-7,0.00013040280344868972,1.799981921476429e-16,-2.1486949008474792e-13,-0.018212705731619396,0.0004542551765553245,1.108702260126931e-8,0.012768210483710154,6.720672516535303e-6,1.3260411528573201e-7,1.7671567276002108e-8,6.130026355016482e-7,1.0573782085558472e-7,-7.759382524415604e-13,-5.456051821573668e-9,-0.002015948026198446,6.916838905223157e-16,-2.0752918332522253e-8,-1.864116760285923e-9,-1.2071181396803974e-12,4.772830254338102e-11,0.0014608003932158745,0.02967807455453039,-2.9911452365662975e-16,-3.7731629310216923e-14,-3.711698988778358e-15,-4.703693393979164e-8,2.387956824236618e-5,4.398778612801755e-5,-3.8532886159630174e-11,1.1263744355568497e-10,-3.802093481354125e-15,3.981555177645309e-11,3.80278381314112e-12,-3.229540350929341e-5,-3.6654303207096806e-15,-7.743166769609252e-7,1.4914565202075666e-8,-2.5811699908292654e-9,-5.8155894156672765e-12,6.480330782431564e-7,3.491130494022633e-6,-5.835047942602893e-7,-6.723397967913346e-15,-0.020200902633922733,-1.43085980355609e-12,-0.0001619831993548384,-7.156875962433569e-13,0.0001257716370318388,-0.007239291953476657,-1.5544143376166053e-13,3.4776010328840137e-8,2.4208656781852762e-11,-3.971003667442849e-12,1.0941017821509866e-10,-4.592825929993963e-10,-0.00012398784590967837,6.040279232596043e-14,-2.1486148160037854e-14,5.760685302153953e-8,9.838192017195989e-11,3.0241157027066727e-13,-9.282928041698687e-9,5.399384485156343e-12,3.981684049100584e-6,2.7745972022468747e-10,-0.0004736896590193769,2.940709634591707e-9,-1.1573417399654398e-14,-0.0026532849645792677,-4.32731985644895e-13,3.057527585321939e-15,2.642656693200448e-9,-0.0046222426607476965,0.00029109715758546826,1.2632997891403979e-14,-3.3832168676138636e-13,-9.43868236198654e-8,-0.00020056023966477532,-0.000589983901863334,-7.89020423731707e-6,6.175837302599672e-8,4.70949720852303e-14,-7.87094839074334e-10,-6.563483142466564e-14,-0.009187342092275352,6.063728980700414e-10,1.4212817981264468e-7,1.4323030247686955e-7,-1.3568491930137936e-13,-1.5800620652604972e-10,1.2326538592043982e-5,-2.1789657949743073e-7,-1.333826914129004e-10,1.2929048325109065e-10,1.702209952777185e-5,2.65714639192541e-14,-2.2489794081654593e-12,-2.600409384186469e-6,8.686785504732458e-8,5.3728084857675245e-8,-1.0071860966887999e-7,-0.00028739962088218017,-2.2031350272142077e-11,1.1875716973816665e-7,4.098528745090114e-16,1.8565849778974203e-13,-6.47976121239031e-11,3.887114518557418e-14,-2.482396315106751e-8,0.0005392842338815816,0.0058864793012668275,9.82213317961765e-12,-2.4114139912018996e-10,6.7584978575106205e-12,3.5464845287257798e-15,-1.6444910882827177e-5,8.533342147792052e-10,0.005074133704046935,-1.4987838421366349e-6,-1.333634098780798e-6,-0.0003604750035701279,3.6003127323403615e-13,-1.0889793768671081e-5,-6.824582465417488e-12,1.2153680943703874e-10,5.622230089449944e-13,0.0009438904063949838,1.0838641194125303e-13,-1.0303289988591657e-8,-9.37761010391251e-12,-1.606652199364662e-14,4.377604531302403e-15,7.617153406818957e-8,3.61723395287685e-8,0.01110832800258239,0.002091595605318525,-0.013148451659967638,-6.309058192995331e-11,0.0033376527977649795,2.3280230582055176e-10,-8.327620788388892e-13,7.576928419783545e-12,-1.2347765625741365e-14,-2.5764603708241885e-9,3.935063363123919e-14,0.0010874200991192592,3.331674864175994e-11,-4.676923261334848e-12,1.611865949968881e-10,-2.2742391405680787e-14,6.414141367445498e-14,-2.2590982715363444e-13,8.80167697373903e-5,2.7502395637173e-11,3.025355978645747e-6,-2.801241624593095e-9,-1.1613643574087314e-15,4.077605805379923e-7,-1.022823279973848e-5,9.545614461883094e-11,0.0010807938141518005,-2.0122788087229257e-10,-5.275853461380719e-13,-6.417937350780803e-6,-1.6066708534004762e-8,-1.271363785974179e-7,5.164989276185254e-12,2.6854296709558072e-8,-7.976235229267119e-15,-0.0004395947179067103,4.938854749417915e-8,-3.0460270697538946e-11,2.359636338607376e-6,-6.32421809530396e-14,-0.0001299626929758752,1.4039478799400101e-13,9.415488906603703e-14,-1.3921474596532943e-15,-3.60677235865651e-5,5.537477849157694e-7,-3.3346005439128467e-8,-3.1883127464627554e-8,-5.779914350560127e-15,7.94179873380174e-6,-0.00028704793318573227,2.436911733296438e-11,-5.063172116926643e-12,0.0001249522697490122,-2.3254684617564384e-8,3.35709609703755e-8,2.11805968194531e-11,1.6070476773049195e-11,-0.0008088312893930339,0.004095174792533566,-1.1011814517920312e-12,3.207784524887686e-11,4.8877047431542754e-9,-8.410178918718195e-6,-2.5049896014949105e-9,-4.9750717578474093e-14,-3.690888267439554e-8,1.778624627867818e-6,2.045531526956633e-6,-2.8546680627268e-14,3.584553372526221e-14,-6.85399704590031e-11,3.4839482566154994e-12,5.253334945230671e-11,1.1426784826513205e-11,-0.00024352249110577871,-0.0005289896504256157,-1.8846047568388887e-14,-7.154230522926678e-10,-0.005978570855292162
0.0,0.0,0.0,0.0,0.0,0.0,0.0,0.0,0.0,0.0,0.0,0.0,0.0,0.0,0.0,0.0,0.0,0.0,0.0,0.0,0.0,0.0,0.0,0.0,0.0,0.0,0.0,0.0,0.0,0.0,0.0,0.0,0.0,0.0,0.0,0.0,0.0,0.0,0.0,0.0,0.0,0.0,0.0,0.0,0.0,0.0,0.0,0.0,0.0,0.0,0.0,0.0,0.0,0.0,0.0,0.0,0.0,0.0,0.0,0.0,0.0,0.0,0.0,0.0,0.0,0.0,0.0,0.0,0.0,0.0,0.0,0.0,0.0,0.0,0.0,0.0,0.0,0.0,0.0,0.0,0.0,0.0,0.0,0.0,0.0,0.0,0.0,0.0,0.0,0.0,0.0,0.0,0.0,0.0,0.0,0.0,0.0,0.0,0.0,0.0,0.0,0.0,0.0,0.0,0.0,0.0,0.0,0.0,0.0,0.0,0.0,0.0,0.0,0.0,0.0,0.0,0.0,0.0,0.0,0.0,0.0,0.0,0.0,0.0,0.0,0.0,0.0,0.0,0.0,0.0,0.0,0.0,0.0,0.0,0.0,0.0,0.0,0.0,0.0,0.0,0.0,0.0,0.0,0.0,0.0,0.0,0.0,0.0,0.0,0.0,0.0,0.0,0.0,0.0,0.0,0.0,0.0,0.0,0.0,0.0,0.0,0.0,0.0,0.0,0.0,0.0,0.0,0.0,0.0,0.0,0.0,0.0,0.0,0.0,0.0,0.0,0.0,0.0,0.0,0.0,0.0,0.0,0.0,0.0,0.0,0.0,0.0,0.0,0.0,0.0,0.0,0.0,0.0,0.0,0.0,0.0,0.0,0.0,0.0,0.0,0.0,0.0,0.0,0.0,0.0,0.0,0.0,0.0,0.0,0.0,0.0,0.0,0.0,0.0,0.0,0.0,0.0,0.0,0.0,0.0,0.0,0.0,0.0,0.0,0.0,0.0,0.0,0.0,0.0,0.0,0.0,0.0,0.0,0.0,0.0,0.0,0.0,0.0,0.0,0.0,0.0,0.0,0.0,0.0,0.0,0.0,0.0,0.0,0.0,0.0,0.0,0.0,0.0,0.0,0.0,0.0,0.0,0.0,0.0,0.0,0.0,0.0,0.0,0.0,0.0,0.0,0.0,0.0,0.0,0.0,0.0,0.0,0.0,0.0,0.0,0.0,0.0,0.0,0.0,0.0,0.0,0.0,0.0,0.0,0.0,0.0,0.0,0.0,0.0,0.0,0.0,0.0,0.0,0.0,0.0,0.0,0.0,0.0,0.0,0.0,0.0,0.0,0.0,0.0,0.0,0.0,0.0,0.0,0.0,0.0,0.0,0.0,0.0,0.0,0.0,0.0,0.0,0.0,0.0,0.0,0.0,0.0,0.0,0.0,0.0,0.0,0.0,0.0,0.0,0.0,0.0,0.0,0.0,0.0,0.0,0.0,0.0,0.0,0.0,0.0,0.0,0.0,0.0,0.0,0.0,0.0,0.0,0.0,0.0,0.0,0.0,0.0,0.0,0.0,0.0,0.0,0.0,0.0,0.0,0.0,0.0,0.0,0.0,0.0,0.0,0.0,0.0,0.0,0.0,0.0,0.0,0.0,0.0,0.0,0.0,0.0,0.0,0.0,0.0,0.0,0.0,0.0,0.0,0.0,0.0,0.0,0.0,0.0,0.0,0.0,0.0,0.0,0.0,0.0,0.0,0.0,0.0,0.0,0.0,0.0,0.0,0.0,0.0,0.0,0.0,0.0,0.0,0.0,0.0,0.0,0.0,0.0,0.0,0.0,0.0,0.0,0.0,0.0,0.0,0.0,0.0,0.0,0.0,0.0,0.0,0.0,0.0,0.0,0.0,0.0,0.0,0.0,0.0,0.0,0.0,0.0,0.0,0.0,0.0,0.0,0.0,0.0,0.0,0.0,0.0,0.0,0.0,0.0,0.0,0.0,0.0,0.0,0.0,0.0,0.0,0.0,0.0,0.0,0.0,0.0,0.0,0.0,0.0,0.0,0.0,0.0,0.0,0.0,0.0,0.0,0.0,0.0,0.0,0.0,0.0,0.0,0.0,0.0,0.0,0.0,0.0,0.0,0.0,0.0,0.0,0.0,0.0,0.0,0.0,0.0,0.0,0.0,0.0,0.0,0.0,0.0,0.0,0.0,0.0,0.0,0.0,0.0,0.0,0.0,0.0,0.0,0.0,0.0,0.0,0.0,0.0,0.0,0.0,0.0,0.0,0.0,0.0,0.05050290724727642,0.0027216167788998557,0.00047692638257245426,5.0648979134363466e-5,-1.1552070413264493e-11,2.5180839407520284e-10,2.5689521411925708e-5,6.496579275939974e-8,0.0003404848822061509,0.0006853254638721848,-0.008983184277297888,-0.0004199309254952064,3.5551043577778804e-8,0.0002792100253277676,0.001223157388508123,-2.866356832305491e-11,2.9490107203300874e-12,-6.47961980689275e-8,-2.4371541154124964e-6,-0.0016558562348431226,3.322563345087073e-5,0.002948698968309951,-4.872903617296763e-7,0.0011504245260028864,-6.500319097757828e-11,3.194072047259426e-9,-0.00018257619955992294,-3.125916742778648e-7,-0.0010317510020177458,0.0005069599922984272,0.010434185302851416,7.975253347299135e-13,-0.0007099552858552204,2.3416790105791536e-8,1.666926066087862e-7,0.005258388036000939,0.0004780310535591429,-0.00028167914178523135,-0.0026289624266913132,3.082439891177774e-7,7.740810201683433e-12,-5.683829873970444e-6,-6.340797394194148e-11,9.92147947744675e-12,-0.0010003751792330268,3.942613878191074e-13,-1.2059982634102898e-8,-0.00019248803706175993,-1.799580245252122e-5,-1.6318544558414397e-13,-3.6194578572431036e-9,3.433012960307729e-6,-0.0012361766757914671,-2.5097158302908022e-12,4.92368909391336e-12,-0.0003174162695360992,4.019736205040789e-11,-9.505921553158676e-5,2.0333845691783086e-8,-1.1003273896145118e-7,-1.944522915775591e-7,-9.911359731299165e-6,-0.011781749661069724,-6.187379338899903e-5,-2.6396200247133377e-9,-1.3091960141819181e-8,0.00018783164951193015,0.0010101367315899124,0.006177186563262929,-1.7961427341080823e-13,2.3352557040331505e-10,-0.00014240123426803532,0.0023082659670460746,-5.23834122168344e-6,5.843813555555347e-5,0.0015731370353214169,5.996242326326488e-6,-2.382719860775239e-6,6.734556142842558e-6,1.0746105990721345e-5,-3.0274937142756247e-10,5.973219238199372e-7,-0.00016347909503327087,-4.278331915208107e-14,-1.662881166918324e-6,-4.7351102965463167e-7,8.224689386410213e-9,6.245195553388363e-9,0.00031261305713724697,-9.713693024813029e-5,3.999936747567078e-13,5.918727296506838e-13,-3.221252739337618e-13,-4.150310092163266e-6,0.0005184619076527774,0.0070918645515244344,3.052035106182694e-9,5.0287644888428816e-8,-2.559948678883169e-13,1.8163785984428505e-8,2.618100840357489e-10,-0.00041801879456221266,-4.677638832645246e-13,-0.0001021876288706312,1.0411320226741786e-7,-2.3374905482496675e-7,-1.2223872507572525e-10,0.00012727214057695006,-0.0002981572747234766,-5.8644827678050096e-5,1.433692145298864e-13,6.590911730813054e-6,-4.5963175639377685e-10,0.000797979885090383,6.041623879241698e-10,1.2535138612011185e-5,4.429521204723097e-6,-3.639295278334768e-11,1.182745394829367e-6,3.48716535396179e-9,7.272760807252321e-10,6.94424107755711e-8,-2.5919823139627984e-8,0.001346392269922253,-3.1095630798859908e-12,8.590044047256267e-12,3.2752718970516116e-7,-6.119831167798187e-10,-2.1685600449790872e-11,-7.674111621284897e-7,-3.4107557682839626e-10,0.00047859339526957833,3.224585395923661e-8,0.006042927479892143,-5.29214788195883e-7,-1.6304411702260175e-12,-0.0005712138044890601,1.0186619386495447e-11,-1.2223097762967601e-13,1.554461111739506e-7,-0.00017268954127978072,0.005244494732733081,-1.1278381541243671e-11,8.39277991098846e-11,5.5866931948589104e-5,-0.0008876512336007585,-0.009668244577142422,0.0003052218301331526,1.3261974906101527e-6,-7.681722195809896e-12,-1.7254519782285904e-7,6.380683281164388e-11,-0.00018459465733915368,3.1459027951080123e-7,-3.917620317103587e-5,3.1821891797804005e-5,5.390485305492334e-12,2.1036703496957178e-8,-0.0026765861356472867,-2.2299590063420276e-5,-1.375030330977746e-8,2.8741256461978974e-8,-0.0006604870558921615,5.3377813654435096e-12,-3.9177810600318076e-10,0.00015936051832609707,1.2986314508008725e-6,1.565822148698413e-6,-2.4315960753871157e-5,-0.002456990286715984,-3.767260282343043e-9,1.3633752481900663e-5,-9.30782233409066e-14,-3.397318789359111e-11,2.5803532977074167e-9,2.3624072665099497e-12,3.272177838495424e-5,0.00307935195073198,0.00044606602115216954,-1.0958864467932597e-10,-2.324505685888084e-8,1.4287974498588235e-9,6.516013461543948e-13,-0.0005016671409582688,-6.19266041864595e-8,0.0008968480873531992,-4.404972480972956e-5,0.0002095784481777941,0.0023124696407736916,9.666026398592723e-11,6.080073552900311e-6,1.2454963324262296e-9,1.690547991364952e-8,1.7549668946395871e-10,0.0004828049439118276,6.63307136122414e-12,-3.317158254946739e-7,1.5542399707925638e-9,2.3495611179361572e-12,-5.45569954944118e-12,5.346664979691913e-6,-1.7454547066974582e-8,0.00011754047766418971,-1.4888611121037022e-5,7.980527477468007e-6,9.846614109907869e-10,-0.001034690490651534,1.3135987503674644e-8,-4.260195430633058e-11,1.6194428328609788e-9,-8.218103132225973e-13,-2.497400191184017e-7,1.341468520980095e-11,-3.3313922014353915e-5,9.507799805051101e-9,2.441201282772025e-9,-1.2187130819069806e-7,1.8894608622428178e-11,-1.8630927125701826e-12,2.944899623931833e-12,6.818141106184374e-7,1.891502560813067e-9,0.0004486229202259434,-1.8707845058776261e-7,2.722924761627028e-13,-2.9194073886290033e-5,7.921083677140349e-5,-4.1700982314005144e-8,-0.0002855993863405524,8.239143130465518e-9,-1.522329467941215e-10,0.0003278596308234596,3.070310264987916e-7,8.354600414637281e-6,1.948960817807466e-10,1.2775123934130103e-7,-1.982221982141143e-13,-0.002028901501389409,3.2135083007299497e-7,-2.640944255829033e-9,0.00022793232647141793,-4.131604336224309e-12,-0.0009738923799645193,1.6420859673195334e-11,3.4873626925918536e-11,2.2157956787521362e-14,-0.004978302847576425,0.00011769167112138216,-2.5710836623298152e-6,1.4205113363726892e-6,2.0715902637553973e-13,0.0001236994929912421,-0.009927117117343108,-5.616471615139143e-9,-2.913371389513499e-10,0.00459066173888905,-1.4317705976725958e-7,2.1459384676628786e-6,-6.834022842509193e-9,-5.868157229754139e-10,0.002340015133107661,8.892432287256358e-5,2.439920061372263e-10,-9.74890220401325e-9,5.199947743665249e-7,-0.00025274749566574385,2.1383126059273922e-7,1.9835859547992052e-10,-4.529298286101796e-6,0.00025621996831872774,3.985284049129794e-5,-3.666072558597761e-12,9.491457341384908e-11,-8.492422053311478e-9,-3.404674896280471e-10,1.3964247359882048e-8,-1.3572203687423722e-9,0.0013324397142707998,0.0016516574321106558,-6.888663527478171e-13,-1.5522367364835493e-7,5.1567144240192066e-5
0.0,0.0,0.0,0.0,0.0,0.0,0.0,0.0,0.0,0.0,0.0,0.0,0.0,0.0,0.0,0.0,0.0,0.0,0.0,0.0,0.0,0.0,0.0,0.0,0.0,0.0,0.0,0.0,0.0,0.0,0.0,0.0,0.0,0.0,0.0,0.0,0.0,0.0,0.0,0.0,0.0,0.0,0.0,0.0,0.0,0.0,0.0,0.0,0.0,0.0,0.0,0.0,0.0,0.0,0.0,0.0,0.0,0.0,0.0,0.0,0.0,0.0,0.0,0.0,0.0,0.0,0.0,0.0,0.0,0.0,0.0,0.0,0.0,0.0,0.0,0.0,0.0,0.0,0.0,0.0,0.0,0.0,0.0,0.0,0.0,0.0,0.0,0.0,0.0,0.0,0.0,0.0,0.0,0.0,0.0,0.0,0.0,0.0,0.0,0.0,0.0,0.0,0.0,0.0,0.0,0.0,0.0,0.0,0.0,0.0,0.0,0.0,0.0,0.0,0.0,0.0,0.0,0.0,0.0,0.0,0.0,0.0,0.0,0.0,0.0,0.0,0.0,0.0,0.0,0.0,0.0,0.0,0.0,0.0,0.0,0.0,0.0,0.0,0.0,0.0,0.0,0.0,0.0,0.0,0.0,0.0,0.0,0.0,0.0,0.0,0.0,0.0,0.0,0.0,0.0,0.0,0.0,0.0,0.0,0.0,0.0,0.0,0.0,0.0,0.0,0.0,0.0,0.0,0.0,0.0,0.0,0.0,0.0,0.0,0.0,0.0,0.0,0.0,0.0,0.0,0.0,0.0,0.0,0.0,0.0,0.0,0.0,0.0,0.0,0.0,0.0,0.0,0.0,0.0,0.0,0.0,0.0,0.0,0.0,0.0,0.0,0.0,0.0,0.0,0.0,0.0,0.0,0.0,0.0,0.0,0.0,0.0,0.0,0.0,0.0,0.0,0.0,0.0,0.0,0.0,0.0,0.0,0.0,0.0,0.0,0.0,0.0,0.0,0.0,0.0,0.0,0.0,0.0,0.0,0.0,0.0,0.0,0.0,0.0,0.0,0.0,0.0,0.0,0.0,0.0,0.0,0.0,0.0,0.0,0.0,0.0,0.0,0.0,0.0,0.0,0.0,0.0,0.0,0.0,0.0,0.0,0.0,0.0,0.0,0.0,0.0,0.0,0.0,0.0,0.0,0.0,0.0,0.0,0.0,0.0,0.0,0.0,0.0,0.0,0.0,0.0,0.0,0.0,0.0,0.0,0.0,0.0,0.0,0.0,0.0,0.0,0.0,0.0,0.0,0.0,0.0,0.0,0.0,0.0,0.0,0.0,0.0,0.0,0.0,0.0,0.0,0.0,0.0,0.0,0.0,0.0,0.0,0.0,0.0,0.0,0.0,0.0,0.0,0.0,0.0,0.0,0.0,0.0,0.0,0.0,0.0,0.0,0.0,0.0,0.0,0.0,0.0,0.0,0.0,0.0,0.0,0.0,0.0,0.0,0.0,0.0,0.0,0.0,0.0,0.0,0.0,0.0,0.0,0.0,0.0,0.0,0.0,0.0,0.0,0.0,0.0,0.0,0.0,0.0,0.0,0.0,0.0,0.0,0.0,0.0,0.0,0.0,0.0,0.0,0.0,0.0,0.0,0.0,0.0,0.0,0.0,0.0,0.0,0.0,0.0,0.0,0.0,0.0,0.0,0.0,0.0,0.0,0.0,0.0,0.0,0.0,0.0,0.0,0.0,0.0,0.0,0.0,0.0,0.0,0.0,0.0,0.0,0.0,0.0,0.0,0.0,0.0,0.0,0.0,0.0,0.0,0.0,0.0,0.0,0.0,0.0,0.0,0.0,0.0,0.0,0.0,0.0,0.0,0.0,0.0,0.0,0.0,0.0,0.0,0.0,0.0,0.0,0.0,0.0,0.0,0.0,0.0,0.0,0.0,0.0,0.0,0.0,0.0,0.0,0.0,0.0,0.0,0.0,0.0,0.0,0.0,0.0,0.0,0.0,0.0,0.0,0.0,0.0,0.0,0.0,0.0,0.0,0.0,0.0,0.0,0.0,0.0,0.0,0.0,0.0,0.0,0.0,0.0,0.0,0.0,0.0,0.0,0.0,0.0,0.0,0.0,0.0,0.0,0.0,0.0,0.0,0.0,0.0,0.0,0.0,0.0,0.0,0.0,0.0,0.0,0.0,0.0,0.0,0.0,0.0,0.0,0.0,0.0,0.0,0.0,0.0,0.0,0.0,0.0,0.0,0.0,0.0,0.0,0.0,0.0,0.0,0.0,0.0,0.046974957280014586,-1.940576588353204e-5,4.5933595106986864e-5,8.171592370472038e-14,-1.3949251076335654e-10,0.00011954258341521244,2.3861900388860074e-8,-0.0006775672997468926,0.012217978831199829,-0.006444254012566301,-0.00015255132856914822,2.3475310702990173e-8,0.0004245938584084546,-0.000602607790084182,7.470440498492218e-9,1.671642664026542e-12,-1.9578528386651143e-8,9.227040175362671e-7,-0.003249499762393776,9.322003618280102e-5,-0.006532476867393774,3.78260675559793e-7,0.0013883199937424627,-1.0846327624373732e-9,-4.0642336556861866e-10,0.007886591291634189,-4.10041122392449e-9,0.0012282472860855903,-0.002007603882419346,0.0019548924200549996,5.170045684797277e-13,-0.0002995431566378641,-8.115650772581197e-9,3.0737967599050546e-8,0.000442526141033327,0.0036737587608281397,-0.00016150589171580346,-0.004235170712749734,6.406795555847307e-8,5.286003461637367e-12,-0.00022026734931060907,-7.91476150687628e-11,1.0845138221619071e-12,-0.002057233274591001,-1.0970962204117765e-13,6.203284950926757e-9,-7.889539769417187e-5,-3.7248291899488975e-5,1.8390701098727792e-13,-1.933637947048524e-9,-4.616499344787122e-7,0.0021870274525857742,-4.065593370929538e-13,-8.129307434131845e-12,0.003913282897398523,5.890663761227818e-11,7.786920918612931e-5,1.160082347114321e-8,-2.555624054825015e-7,3.9933546291192534e-7,-3.942053975471574e-5,0.0005518093491435426,-0.0001328381407522497,-1.7794840069135664e-9,-1.2952154593168014e-9,-0.00031999846832926414,-0.0001566399769652762,-0.004829304386925633,-2.3875450912583067e-13,1.0890057239172397e-10,-0.00029232747899637744,-0.0028743408610656038,1.5985361609729072e-5,1.1160771862188949e-5,0.0005425386462875114,-8.96442051813567e-6,-6.754742584079149e-7,2.442120030793475e-5,-1.2093344158397203e-5,7.38739408837864e-12,1.0883072854287751e-7,-0.0003639511269960908,-1.442730562892549e-14,-8.619365505664294e-7,-2.7395005087094226e-7,-1.904464430777093e-9,3.6015171246222995e-11,1.774035478652671e-5,-0.0002202166450255804,9.06975325017418e-14,6.31482205265265e-14,-6.806032987219217e-14,1.520531044766051e-6,0.002722004066353221,0.0008096766538122801,1.1432779278257314e-9,2.26451768694008e-8,-1.5331623645866622e-13,5.842152678546272e-10,-1.9197728186922403e-10,0.0010045032461932588,-1.9493397904434366e-13,7.596817929988314e-6,-2.2987892900161534e-7,9.253618864314004e-8,-1.6309996456452344e-10,0.0001315606840112189,-0.0005254614535190216,-1.1807352324787252e-5,-1.2788275969523457e-12,4.370977278458885e-5,-9.776858745659264e-11,-0.0013459782178394735,1.3310351161531177e-10,0.007577872071872831,-0.0002412563380253353,-9.200722675641863e-11,-9.033091482225237e-7,-1.2152224218841078e-9,4.816974727372239e-10,3.852127850317882e-8,-1.6189793614411123e-8,0.004661842696320335,-1.739255783585123e-12,1.0331716242914647e-11,4.654160505261922e-6,7.011870932798964e-10,-2.5109169850497915e-12,3.350233776746214e-7,2.6304242960512845e-10,0.00017407215556780668,-6.526100351470552e-9,-0.0067536438873217535,8.753084733153407e-7,5.888667208718353e-13,0.0006544287755017146,2.256655366953217e-11,-7.005327721396002e-14,-9.319376317136819e-8,0.0006578347602721644,0.0008939630531355343,-1.1115893178865537e-11,1.4910101905319716e-11,8.340760569928647e-5,0.0030649547736201306,-0.002060355982390745,0.0001498842365724351,-5.57394525167776e-6,2.3140005425631987e-12,-1.0215838806042243e-7,-5.49233793457461e-12,-0.0001646963834373377,9.291565630717056e-8,-0.00012095819881824133,7.125960911632423e-6,-1.7158296062838758e-12,-1.0222253207211111e-8,0.00021332391405224377,8.369162200755496e-6,5.0682076105498966e-9,6.310725329629454e-9,-0.00030321734183539316,-1.6031486773395413e-13,-1.2665336854720353e-10,-1.3810319824338496e-5,2.9010789418963733e-6,-2.641111892147299e-6,-9.776467852499332e-6,-0.00018561045266141422,-8.452491683612167e-10,-4.378138132987352e-6,-6.570866793408776e-14,-4.93335322175988e-12,-8.814201710387984e-9,1.195438795990487e-12,7.651113934862899e-6,-0.0002648147891612119,0.0005327297317029128,-7.213880379676583e-10,3.7225202114998683e-9,4.043082006518976e-10,3.6193942565491817e-13,-0.0004889557116169622,-1.4145964251701761e-8,-0.0007726497241757599,3.336631844671662e-5,0.0001293811243012285,0.02388275694630273,-2.1195858016584152e-11,0.0001847345456750304,4.962643552577707e-10,4.827764927010783e-10,8.446017727120999e-11,0.00013612488765905704,-3.887204384085458e-12,-2.3382685793333349e-7,4.980538724508434e-10,4.247960429010664e-13,-2.4771883306291823e-12,-2.9858109021413194e-7,6.592080703919874e-7,-0.00037608058254791105,-1.893801045609177e-5,5.592820446835052e-5,1.2322535147224499e-9,-0.0032942216725354487,-6.624095222782888e-9,5.108937113949848e-11,-1.3031916985888226e-10,-4.854879754572803e-13,-8.265188027884354e-8,2.7140734165207998e-11,-2.5519325248151704e-6,3.701678826700745e-9,4.172347331235292e-10,-1.0984641993459297e-7,6.008100363112259e-12,1.7379216287912941e-12,-1.4493345993286552e-12,0.00012356840258495494,1.1914904760625595e-9,4.908242102806055e-6,1.5713330250072924e-8,6.724176659592903e-15,-1.903608832446128e-5,-0.0012441454431443575,-2.038494411767256e-8,6.11843418083755e-5,-1.734011584953496e-8,-1.6527567765809748e-11,0.0004204448531667186,-2.8884259453891865e-7,5.55458959584102e-6,-1.7630886792061258e-10,-1.815020674050029e-6,-5.6838444343108604e-14,0.006045792480347651,-3.599181755013989e-7,-6.66632325141443e-10,0.0005000877824354385,-6.21738795917674e-12,0.007411360022992813,8.395155867146387e-14,-3.777859527279931e-12,-2.3757329864718025e-14,0.00017074726988036806,0.00012645295792616774,5.392667814817409e-7,1.146516343480421e-6,1.1286696139992871e-13,-0.0008627489352685244,-0.00033151361400145306,2.2213505442016607e-8,1.1599797741800083e-12,-0.0009516578053445615,2.896556702701024e-6,-2.40908615883354e-7,-8.594777087532278e-10,-1.0112246979561397e-9,0.010193046459603684,2.2046724622148345e-5,1.3191456097323776e-10,-4.178354208485271e-9,-2.97846473885517e-8,0.0010589180854217247,2.496264039957585e-7,1.0338944758410373e-10,2.8518042476253196e-8,0.00022880954609099663,4.446083323499777e-5,-1.539555023867267e-12,2.546979306516874e-11,-8.626912391638628e-10,-8.447952320387632e-10,1.1763285345369042e-9,-3.7346066087943585e-10,-0.001287426922893009,-0.002434732029625951,-3.2153818366948726e-13,-5.441388864775848e-8,-0.00016805169392149666
0.0,0.0,0.0,0.0,0.0,0.0,0.0,0.0,0.0,0.0,0.0,0.0,0.0,0.0,0.0,0.0,0.0,0.0,0.0,0.0,0.0,0.0,0.0,0.0,0.0,0.0,0.0,0.0,0.0,0.0,0.0,0.0,0.0,0.0,0.0,0.0,0.0,0.0,0.0,0.0,0.0,0.0,0.0,0.0,0.0,0.0,0.0,0.0,0.0,0.0,0.0,0.0,0.0,0.0,0.0,0.0,0.0,0.0,0.0,0.0,0.0,0.0,0.0,0.0,0.0,0.0,0.0,0.0,0.0,0.0,0.0,0.0,0.0,0.0,0.0,0.0,0.0,0.0,0.0,0.0,0.0,0.0,0.0,0.0,0.0,0.0,0.0,0.0,0.0,0.0,0.0,0.0,0.0,0.0,0.0,0.0,0.0,0.0,0.0,0.0,0.0,0.0,0.0,0.0,0.0,0.0,0.0,0.0,0.0,0.0,0.0,0.0,0.0,0.0,0.0,0.0,0.0,0.0,0.0,0.0,0.0,0.0,0.0,0.0,0.0,0.0,0.0,0.0,0.0,0.0,0.0,0.0,0.0,0.0,0.0,0.0,0.0,0.0,0.0,0.0,0.0,0.0,0.0,0.0,0.0,0.0,0.0,0.0,0.0,0.0,0.0,0.0,0.0,0.0,0.0,0.0,0.0,0.0,0.0,0.0,0.0,0.0,0.0,0.0,0.0,0.0,0.0,0.0,0.0,0.0,0.0,0.0,0.0,0.0,0.0,0.0,0.0,0.0,0.0,0.0,0.0,0.0,0.0,0.0,0.0,0.0,0.0,0.0,0.0,0.0,0.0,0.0,0.0,0.0,0.0,0.0,0.0,0.0,0.0,0.0,0.0,0.0,0.0,0.0,0.0,0.0,0.0,0.0,0.0,0.0,0.0,0.0,0.0,0.0,0.0,0.0,0.0,0.0,0.0,0.0,0.0,0.0,0.0,0.0,0.0,0.0,0.0,0.0,0.0,0.0,0.0,0.0,0.0,0.0,0.0,0.0,0.0,0.0,0.0,0.0,0.0,0.0,0.0,0.0,0.0,0.0,0.0,0.0,0.0,0.0,0.0,0.0,0.0,0.0,0.0,0.0,0.0,0.0,0.0,0.0,0.0,0.0,0.0,0.0,0.0,0.0,0.0,0.0,0.0,0.0,0.0,0.0,0.0,0.0,0.0,0.0,0.0,0.0,0.0,0.0,0.0,0.0,0.0,0.0,0.0,0.0,0.0,0.0,0.0,0.0,0.0,0.0,0.0,0.0,0.0,0.0,0.0,0.0,0.0,0.0,0.0,0.0,0.0,0.0,0.0,0.0,0.0,0.0,0.0,0.0,0.0,0.0,0.0,0.0,0.0,0.0,0.0,0.0,0.0,0.0,0.0,0.0,0.0,0.0,0.0,0.0,0.0,0.0,0.0,0.0,0.0,0.0,0.0,0.0,0.0,0.0,0.0,0.0,0.0,0.0,0.0,0.0,0.0,0.0,0.0,0.0,0.0,0.0,0.0,0.0,0.0,0.0,0.0,0.0,0.0,0.0,0.0,0.0,0.0,0.0,0.0,0.0,0.0,0.0,0.0,0.0,0.0,0.0,0.0,0.0,0.0,0.0,0.0,0.0,0.0,0.0,0.0,0.0,0.0,0.0,0.0,0.0,0.0,0.0,0.0,0.0,0.0,0.0,0.0,0.0,0.0,0.0,0.0,0.0,0.0,0.0,0.0,0.0,0.0,0.0,0.0,0.0,0.0,0.0,0.0,0.0,0.0,0.0,0.0,0.0,0.0,0.0,0.0,0.0,0.0,0.0,0.0,0.0,0.0,0.0,0.0,0.0,0.0,0.0,0.0,0.0,0.0,0.0,0.0,0.0,0.0,0.0,0.0,0.0,0.0,0.0,0.0,0.0,0.0,0.0,0.0,0.0,0.0,0.0,0.0,0.0,0.0,0.0,0.0,0.0,0.0,0.0,0.0,0.0,0.0,0.0,0.0,0.0,0.0,0.0,0.0,0.0,0.0,0.0,0.0,0.0,0.0,0.0,0.0,0.0,0.0,0.0,0.0,0.0,0.0,0.0,0.0,0.0,0.0,0.0,0.0,0.0,0.0,0.0,0.0,0.0,0.0,0.0,0.0,0.0,0.0,0.0,0.0,0.0,0.0,0.0,0.0,0.0,0.0,0.0,0.0,0.0,0.0,0.0,0.0,0.0,0.0,0.0,0.0,0.0,0.0,0.0,0.0,0.0,0.0,0.0,0.0,0.0,0.0,0.0393884374997183,0.0002283469948496007,1.773170611508067e-10,1.82343514782422e-9,-0.002269138480057226,-3.0191993547386816e-7,0.01112726529742965,0.0007842566232466558,-0.00010876699491040801,0.0051309032410713235,1.0421800764014785e-6,-4.275533007234587e-5,0.0007631544510071397,1.0624850036843456e-7,-2.7075655521078583e-11,3.8373629927808075e-7,-2.4903755797257748e-5,-4.8018707866851745e-6,-0.00023196033264178323,-0.005419158710507937,1.1369519813435196e-5,-0.0001416551692021199,-1.123376925882139e-8,4.0093431798410525e-9,-0.0002820761651812229,-8.453905738960361e-7,0.011328944632953135,-0.0002980602946771254,-1.7551464477185858e-5,1.8921137216184472e-11,-0.008995033248419625,-1.1172412473121512e-6,-5.267679816971979e-7,-0.00022137396577684296,0.0001851696281217871,-0.0021080210329643416,0.00045175180777466787,2.2188159115417154e-7,1.5757065756051838e-11,7.720784033141672e-6,-2.548681896771873e-10,2.5882263592128915e-10,5.507936886423906e-5,7.316451587887845e-12,-1.2704447263292872e-6,0.002437537040568196,-0.0006310218113380798,4.479221613062837e-12,5.956400458541747e-10,-9.752121322529619e-5,-0.0004113362323125786,-8.222685637751925e-12,4.112895036758353e-11,0.0001484294452735239,-1.9620784347866508e-9,0.0017887954079867155,9.010738789480439e-8,-7.621682546192263e-7,5.380064463410259e-6,0.0005240020468286916,0.0012540181538960064,0.0012323723539814178,1.8899223530462477e-8,-4.401486997974625e-8,0.0021308839040005854,0.0007030207633761825,-0.005006232238489842,-2.4443442350728478e-12,-1.4398852903229179e-9,-1.103683597598839e-5,0.0001097503749549908,0.0003148244739903179,3.5723872313839505e-6,-0.003713402618490315,0.00021664418525736963,-1.9730427374483705e-5,-2.642832186700619e-5,0.000622978750980025,-1.5874669607565787e-9,-1.600425289631981e-6,-1.1453117663514198e-5,-2.5708177710350286e-12,4.945952085833329e-5,-1.9677119274505885e-7,-4.927793634161415e-8,-1.3080605976378072e-8,-3.2042538271068135e-5,-3.5066325161561074e-5,-1.1544964100674716e-13,2.907809479060125e-11,-4.490634932539354e-13,-1.4736081623208773e-5,-0.002629972547413792,-0.0011864093112931467,3.046100154012228e-8,3.657789961698794e-7,-2.3017659415240037e-12,7.00150631107297e-8,-9.357677309970246e-10,0.005412994386957598,-3.837218621937554e-12,-0.000426904043101577,-1.4129075632506236e-5,-1.0082922975203265e-6,4.9508564920397735e-9,-0.0008982002637469878,0.0014480398127066465,0.00024827520145894887,-3.510510785255366e-11,-1.9074506534386732e-5,2.2036107354360545e-9,-0.00156062169517046,1.172511052974877e-9,0.0014432018439577466,-2.5208785943299332e-6,1.939223402700381e-9,-7.533017152274267e-6,-1.0613177240840821e-8,3.3604070828537402e-9,-2.3700650874952364e-7,4.860905976855128e-7,-0.0005236970422037294,-1.115856176122716e-10,2.882598482974817e-10,0.00010465653354091102,1.1101665245036689e-7,1.0854901881171967e-10,1.4508856142880925e-5,-3.624737161114814e-9,0.0008446382694851939,6.208864612636787e-9,-0.0013341339846202355,9.53813033186363e-7,1.3641907535403978e-11,-5.6760620312972965e-6,-2.8506694713496765e-10,-5.269235679433956e-12,-2.2814349493553827e-8,-2.202276074073286e-5,0.00019622930275328302,2.714422022505153e-11,-1.0871731730244138e-10,-0.0017142721011985259,0.0004959975378908526,0.0005503041161007426,-5.269075262761013e-5,-1.843083461583515e-5,-1.6001272344403138e-10,1.71233854948393e-6,4.90753909482056e-10,9.474584847657705e-6,-1.9164868634473476e-7,-0.002802795267779202,0.00021279776531259712,1.7246173062880308e-10,5.60071204194769e-7,-0.000511194697960016,-0.00015971693188021515,-4.238779604247322e-9,-1.817688895386215e-7,0.0012923675417385824,4.223853529200077e-12,-2.9349350249205085e-11,-0.0013872611098369096,0.00016921621850414365,-4.805108969218618e-5,-7.08781982936689e-5,0.0002775428628830142,3.7237262310829257e-9,8.168710795664849e-6,1.7685276113085418e-12,1.1790643461510756e-10,-1.6872931008501755e-8,-1.466094403971522e-11,-0.0004837699435591138,0.00044545053473936977,-3.960913063594097e-5,2.877091720259562e-8,1.1779325250181898e-7,5.248084434066713e-9,8.2645513877538e-12,-0.0003818875998467562,1.200321645275374e-6,0.00011090373781334863,-0.0003182453411299627,-0.00569602735654116,-0.0006608355065294912,1.5462391518057358e-10,0.004559256402694934,3.037943552586661e-8,-3.57170587537652e-8,-4.840032342583046e-10,1.2391214080438278e-5,-1.0379316120734827e-10,2.936485262214036e-7,1.7099844616108754e-8,1.0122596941769585e-11,4.235611580903049e-11,-2.858338452211286e-5,4.6265297557756075e-5,3.501336919732562e-5,4.190149373145772e-6,1.890184855665013e-5,3.9209160103884556e-8,1.6638253794229395e-5,5.311329966207389e-8,3.120921719234452e-9,-9.384843263385812e-9,-1.5745225210598985e-12,-6.361413062443712e-7,-2.793177898593908e-10,-8.466410949992623e-7,-6.921716845960352e-8,1.9732743853370676e-8,5.078009925561356e-6,-1.8880167361415378e-10,4.375616571322335e-12,3.6468130539447165e-11,5.706799127985633e-5,-1.816412374974641e-9,-0.0030698388459996667,-5.992525089663804e-7,-4.121755715558859e-12,-0.00010080719500454432,-0.00823557383299389,-2.3578306098523746e-7,-0.00020093335380239776,-1.3809609767418876e-7,1.1110403394424734e-10,-0.0005158337490559134,-8.444545097027912e-6,6.715669236806673e-5,-8.017997980462582e-9,-6.3458024668585845e-6,1.1036147788077454e-11,0.0003980551137320744,-8.611078345507686e-6,6.318438602369789e-8,-0.00048336256397179227,-4.7888516752499495e-11,0.00026814775088383844,-1.1063065519114644e-10,-4.181498953693743e-10,2.9857137425265233e-12,3.9722895187233094e-5,6.579544278221077e-5,-1.2774281097102053e-5,4.691487369148328e-5,2.537630961893415e-13,0.0006585117129253405,0.00037679419839625685,-1.0277187996098746e-6,-1.4451503857251798e-9,0.00042724583234375006,2.8586128195625817e-5,-2.5441072613672856e-5,-4.782068755241714e-9,-6.821178197954572e-10,-0.00028808276224865433,-0.00011713600636510285,-7.470143748330568e-10,-1.5573359906267537e-7,8.66220026916495e-6,-0.002178423007898143,-3.74203204309366e-6,2.1994537163941273e-9,2.6322393176104145e-5,-0.00025487597556273525,0.0008483103616958783,-1.5322713610617204e-11,1.0850284046054912e-11,4.910451432643793e-9,-7.252853031044854e-9,2.2768694235515637e-8,-1.742012632150811e-10,0.0006313298486712277,0.0001743999338826337,-3.79383351254988e-12,-1.2826506997563587e-7,-5.442934314721194e-6
0.0,0.0,0.0,0.0,0.0,0.0,0.0,0.0,0.0,0.0,0.0,0.0,0.0,0.0,0.0,0.0,0.0,0.0,0.0,0.0,0.0,0.0,0.0,0.0,0.0,0.0,0.0,0.0,0.0,0.0,0.0,0.0,0.0,0.0,0.0,0.0,0.0,0.0,0.0,0.0,0.0,0.0,0.0,0.0,0.0,0.0,0.0,0.0,0.0,0.0,0.0,0.0,0.0,0.0,0.0,0.0,0.0,0.0,0.0,0.0,0.0,0.0,0.0,0.0,0.0,0.0,0.0,0.0,0.0,0.0,0.0,0.0,0.0,0.0,0.0,0.0,0.0,0.0,0.0,0.0,0.0,0.0,0.0,0.0,0.0,0.0,0.0,0.0,0.0,0.0,0.0,0.0,0.0,0.0,0.0,0.0,0.0,0.0,0.0,0.0,0.0,0.0,0.0,0.0,0.0,0.0,0.0,0.0,0.0,0.0,0.0,0.0,0.0,0.0,0.0,0.0,0.0,0.0,0.0,0.0,0.0,0.0,0.0,0.0,0.0,0.0,0.0,0.0,0.0,0.0,0.0,0.0,0.0,0.0,0.0,0.0,0.0,0.0,0.0,0.0,0.0,0.0,0.0,0.0,0.0,0.0,0.0,0.0,0.0,0.0,0.0,0.0,0.0,0.0,0.0,0.0,0.0,0.0,0.0,0.0,0.0,0.0,0.0,0.0,0.0,0.0,0.0,0.0,0.0,0.0,0.0,0.0,0.0,0.0,0.0,0.0,0.0,0.0,0.0,0.0,0.0,0.0,0.0,0.0,0.0,0.0,0.0,0.0,0.0,0.0,0.0,0.0,0.0,0.0,0.0,0.0,0.0,0.0,0.0,0.0,0.0,0.0,0.0,0.0,0.0,0.0,0.0,0.0,0.0,0.0,0.0,0.0,0.0,0.0,0.0,0.0,0.0,0.0,0.0,0.0,0.0,0.0,0.0,0.0,0.0,0.0,0.0,0.0,0.0,0.0,0.0,0.0,0.0,0.0,0.0,0.0,0.0,0.0,0.0,0.0,0.0,0.0,0.0,0.0,0.0,0.0,0.0,0.0,0.0,0.0,0.0,0.0,0.0,0.0,0.0,0.0,0.0,0.0,0.0,0.0,0.0,0.0,0.0,0.0,0.0,0.0,0.0,0.0,0.0,0.0,0.0,0.0,0.0,0.0,0.0,0.0,0.0,0.0,0.0,0.0,0.0,0.0,0.0,0.0,0.0,0.0,0.0,0.0,0.0,0.0,0.0,0.0,0.0,0.0,0.0,0.0,0.0,0.0,0.0,0.0,0.0,0.0,0.0,0.0,0.0,0.0,0.0,0.0,0.0,0.0,0.0,0.0,0.0,0.0,0.0,0.0,0.0,0.0,0.0,0.0,0.0,0.0,0.0,0.0,0.0,0.0,0.0,0.0,0.0,0.0,0.0,0.0,0.0,0.0,0.0,0.0,0.0,0.0,0.0,0.0,0.0,0.0,0.0,0.0,0.0,0.0,0.0,0.0,0.0,0.0,0.0,0.0,0.0,0.0,0.0,0.0,0.0,0.0,0.0,0.0,0.0,0.0,0.0,0.0,0.0,0.0,0.0,0.0,0.0,0.0,0.0,0.0,0.0,0.0,0.0,0.0,0.0,0.0,0.0,0.0,0.0,0.0,0.0,0.0,0.0,0.0,0.0,0.0,0.0,0.0,0.0,0.0,0.0,0.0,0.0,0.0,0.0,0.0,0.0,0.0,0.0,0.0,0.0,0.0,0.0,0.0,0.0,0.0,0.0,0.0,0.0,0.0,0.0,0.0,0.0,0.0,0.0,0.0,0.0,0.0,0.0,0.0,0.0,0.0,0.0,0.0,0.0,0.0,0.0,0.0,0.0,0.0,0.0,0.0,0.0,0.0,0.0,0.0,0.0,0.0,0.0,0.0,0.0,0.0,0.0,0.0,0.0,0.0,0.0,0.0,0.0,0.0,0.0,0.0,0.0,0.0,0.0,0.0,0.0,0.0,0.0,0.0,0.0,0.0,0.0,0.0,0.0,0.0,0.0,0.0,0.0,0.0,0.0,0.0,0.0,0.0,0.0,0.0,0.0,0.0,0.0,0.0,0.0,0.0,0.0,0.0,0.0,0.0,0.0,0.0,0.0,0.0,0.0,0.0,0.0,0.0,0.0,0.0,0.0,0.0,0.0,0.0,0.0,0.0,0.0,0.0,0.0,0.0,0.0,0.0,0.0,0.0,0.0,0.0,0.0,0.0,0.0,0.0,0.0,0.0,0.041360241143955694,4.285951663567233e-9,-1.7803483360840886e-7,0.004883650457771277,9.396816215937179e-6,-0.0017659415618581258,-2.2158232651529718e-5,-3.7303592281066484e-6,-0.0022911727368346633,5.09073546049551e-5,-1.4112076221863854e-6,1.5411596513460845e-5,2.3868997808223695e-6,-1.3918243168618294e-9,-1.9656883957106327e-5,0.0004705453000229795,-5.46995026262686e-5,-0.00606860659823558,-3.474033467649824e-5,0.00010749007471969239,2.6062289495154467e-6,1.136653655156885e-7,3.9139334824267005e-7,3.986764597656738e-5,-8.302958215640948e-5,-0.00024723586338813204,5.081620229267428e-6,0.00012081261260698135,-2.2745096733690125e-10,-0.00031073026768013663,1.5407997675548807e-5,-5.88261270179526e-5,2.976813237240301e-6,-9.674554290468178e-6,-0.0034618001777478955,2.1922249374887505e-5,-0.00014715946781873715,1.1974649630387707e-9,-2.583747762082773e-7,-2.098044689842152e-9,-1.9431188373077763e-10,-4.305739827479502e-6,5.937022821211364e-10,0.00011532579595215524,0.0009509061163264714,-0.011347771224762151,-1.1276544011738099e-10,-1.0254589937009687e-6,0.003132784338017904,1.0704964900162162e-5,-8.70108813520213e-10,-1.0820017499418888e-8,1.6721009715399959e-6,-8.958072550792725e-8,0.0016168234410222381,1.6882466942395055e-6,-8.593591005339329e-5,7.332229787594488e-5,0.0014238103126681158,-0.00019268566333454262,-0.004425830098913536,-2.0349916919679065e-7,4.989419555931293e-6,-0.0002830376399535267,1.3525706541928154e-5,-6.570538765153951e-5,-6.342660194884591e-11,-7.646421984190598e-10,1.7719000770206986e-7,2.622305571624246e-6,-0.005921061042804989,-3.4172162852170003e-7,0.00047231462831453613,-0.0041793085216995166,-0.0003496724411344496,-0.00038688849077729126,0.002368081777095408,2.2429682596877937e-8,0.0001481852239475871,4.875393610791468e-7,4.375975082131792e-11,-0.0005210821490463333,-7.466436016242926e-5,-4.6226516076254425e-6,1.511867936849586e-6,-1.1564826496442877e-6,3.77207643757655e-7,8.211384080096599e-11,1.036419686725549e-9,9.995457369801678e-11,0.0009407080923161056,0.00013565644285772326,3.387232152985676e-5,8.593556204414586e-7,4.855309129437223e-6,7.786682512127163e-11,1.4260688283976377e-6,-2.8441935532649932e-8,-8.603374042582316e-5,7.22491605662474e-11,-0.008355434577588604,-8.826158166351225e-5,4.1792799277468134e-5,9.824687834201576e-8,0.013280816478732704,-0.0005750057633570608,-0.003914073813546189,8.194624630850338e-10,9.486498647386578e-8,3.06160044451908e-8,-6.60274323825754e-5,-7.418565367092847e-8,2.031023798997637e-5,1.301979135188258e-8,5.6589805120283694e-8,-0.0004287680215256044,2.084017821996119e-7,3.994938121232523e-7,3.7468374349866496e-5,2.5541803965957235e-5,5.712609374319928e-5,-1.5985388548431714e-9,-1.608109325625788e-10,-0.0019176312306961028,-5.626916820858462e-7,-9.923354210840076e-9,-0.0001537751910364662,6.368594402143479e-8,0.004142330809711376,2.1876023876636316e-6,2.5273828937295206e-5,0.0003894943540637087,-5.5365405967403264e-11,2.9539912402235845e-6,1.9245190957800864e-8,-1.5105020601935103e-10,5.558615266290154e-6,-1.216805367494421e-6,1.5404920297141106e-5,-4.1189961827983655e-9,2.2936258242467073e-8,0.0015909491317106371,-1.1180761190922327e-5,1.182295096270167e-6,0.00012712007222189547,-0.00520851085004527,-4.786501070743469e-9,-5.481277934102498e-5,1.1210864925576756e-8,-2.7715994823825665e-7,-5.572865488341299e-6,-0.003968146752089531,0.003075030455543384,4.141247551353271e-9,2.0271706244244126e-5,-0.00023526934003153014,-0.0007238106603986125,1.494153141304721e-6,-4.350001926289363e-6,0.00010660255883138695,4.904548169616637e-10,1.0285610863082907e-7,-0.0009728097813130042,0.0071148016294476915,-0.0013442294720452134,-0.005797628125015618,-8.190507397457234e-6,-1.2963016784150214e-7,0.005273547131975156,-1.1977440373309773e-11,-8.692279258953416e-9,1.7855899990214961e-6,-1.2267821599844816e-9,-0.00015619989072980476,-1.7855848364137872e-5,9.606010474741314e-7,1.0489678551729806e-7,-1.1869240095758397e-5,-5.3656863632627654e-8,-8.930775759232302e-11,-4.859958901243607e-6,0.00010291593037465206,-1.8136511444854832e-6,-0.006096076553240705,6.525939102755237e-5,2.0666328525694192e-5,1.035540756130339e-9,-6.605358191583704e-5,-1.2263812752740205e-7,-1.4806037888938585e-6,1.49760959873291e-8,-1.0312400328484588e-6,-1.6632128709795161e-9,0.0004294555073420358,-4.2396761327602456e-7,8.266230555895928e-10,-4.287496168265991e-10,0.0008967922776376291,-0.0015516511541630242,-4.708904424662598e-7,1.2712946809082848e-7,4.171271419893528e-7,1.436474761208369e-6,2.1820799000883178e-6,2.1267084956772074e-6,-8.02007998215611e-9,-6.418888642146007e-8,6.099589376918317e-10,-2.9512965155418665e-5,7.2354954705736195e-9,1.3493599755677072e-7,2.3180824702659205e-6,3.305918155830629e-7,1.3741786249168073e-5,4.086618616329979e-9,-2.049779526820568e-9,6.677504173896375e-9,-7.919199911480106e-7,-2.084549155571485e-8,0.001374859539084657,9.767520978463427e-5,5.571745876542131e-11,-0.0016972629594348223,-9.76840923652591e-6,-4.1068350344274645e-6,-1.1503361716140039e-6,-1.705666525521324e-5,5.262849514289577e-9,0.0010145653387786681,-0.0005053733493770174,0.0032266377069389155,-1.5224578367822447e-7,-0.0008863560763116311,2.1209032188131815e-10,1.8925306641511014e-5,-0.00016548078650935268,1.5315171566444604e-6,5.350774413292294e-5,2.1039637133101762e-9,-7.14276860256693e-5,-3.528938842318653e-10,-1.626945189908342e-9,3.461978179687147e-11,-5.565386458424126e-5,0.006141646703397742,-0.001529543979673316,0.0006401793741666766,5.1700915204336305e-11,-0.0004998392786838847,-1.468518868378192e-5,-3.3950628835251253e-6,6.029135088869205e-8,-1.935212738964746e-5,-0.00011958461154644529,0.00015745023344530083,-4.047769672403655e-7,1.1863815692066625e-7,-1.2185529696907345e-5,6.865391700647745e-7,5.1349641653707446e-8,3.365353237328442e-6,-0.00041562163813871377,0.0009351116483132828,-0.00015191134054770363,2.5883265499622155e-8,1.9934231300454914e-5,0.004023965500110708,0.0001550205530567572,-3.938506001612392e-10,1.865097730296802e-9,5.669681955119376e-7,9.853308879628028e-8,6.591609136288618e-7,-3.4731936399295167e-7,-2.618392888950282e-5,-8.059393804180392e-6,6.038270148125331e-10,-1.044172861271888e-5,4.7122193121524587e-7
0.0,0.0,0.0,0.0,0.0,0.0,0.0,0.0,0.0,0.0,0.0,0.0,0.0,0.0,0.0,0.0,0.0,0.0,0.0,0.0,0.0,0.0,0.0,0.0,0.0,0.0,0.0,0.0,0.0,0.0,0.0,0.0,0.0,0.0,0.0,0.0,0.0,0.0,0.0,0.0,0.0,0.0,0.0,0.0,0.0,0.0,0.0,0.0,0.0,0.0,0.0,0.0,0.0,0.0,0.0,0.0,0.0,0.0,0.0,0.0,0.0,0.0,0.0,0.0,0.0,0.0,0.0,0.0,0.0,0.0,0.0,0.0,0.0,0.0,0.0,0.0,0.0,0.0,0.0,0.0,0.0,0.0,0.0,0.0,0.0,0.0,0.0,0.0,0.0,0.0,0.0,0.0,0.0,0.0,0.0,0.0,0.0,0.0,0.0,0.0,0.0,0.0,0.0,0.0,0.0,0.0,0.0,0.0,0.0,0.0,0.0,0.0,0.0,0.0,0.0,0.0,0.0,0.0,0.0,0.0,0.0,0.0,0.0,0.0,0.0,0.0,0.0,0.0,0.0,0.0,0.0,0.0,0.0,0.0,0.0,0.0,0.0,0.0,0.0,0.0,0.0,0.0,0.0,0.0,0.0,0.0,0.0,0.0,0.0,0.0,0.0,0.0,0.0,0.0,0.0,0.0,0.0,0.0,0.0,0.0,0.0,0.0,0.0,0.0,0.0,0.0,0.0,0.0,0.0,0.0,0.0,0.0,0.0,0.0,0.0,0.0,0.0,0.0,0.0,0.0,0.0,0.0,0.0,0.0,0.0,0.0,0.0,0.0,0.0,0.0,0.0,0.0,0.0,0.0,0.0,0.0,0.0,0.0,0.0,0.0,0.0,0.0,0.0,0.0,0.0,0.0,0.0,0.0,0.0,0.0,0.0,0.0,0.0,0.0,0.0,0.0,0.0,0.0,0.0,0.0,0.0,0.0,0.0,0.0,0.0,0.0,0.0,0.0,0.0,0.0,0.0,0.0,0.0,0.0,0.0,0.0,0.0,0.0,0.0,0.0,0.0,0.0,0.0,0.0,0.0,0.0,0.0,0.0,0.0,0.0,0.0,0.0,0.0,0.0,0.0,0.0,0.0,0.0,0.0,0.0,0.0,0.0,0.0,0.0,0.0,0.0,0.0,0.0,0.0,0.0,0.0,0.0,0.0,0.0,0.0,0.0,0.0,0.0,0.0,0.0,0.0,0.0,0.0,0.0,0.0,0.0,0.0,0.0,0.0,0.0,0.0,0.0,0.0,0.0,0.0,0.0,0.0,0.0,0.0,0.0,0.0,0.0,0.0,0.0,0.0,0.0,0.0,0.0,0.0,0.0,0.0,0.0,0.0,0.0,0.0,0.0,0.0,0.0,0.0,0.0,0.0,0.0,0.0,0.0,0.0,0.0,0.0,0.0,0.0,0.0,0.0,0.0,0.0,0.0,0.0,0.0,0.0,0.0,0.0,0.0,0.0,0.0,0.0,0.0,0.0,0.0,0.0,0.0,0.0,0.0,0.0,0.0,0.0,0.0,0.0,0.0,0.0,0.0,0.0,0.0,0.0,0.0,0.0,0.0,0.0,0.0,0.0,0.0,0.0,0.0,0.0,0.0,0.0,0.0,0.0,0.0,0.0,0.0,0.0,0.0,0.0,0.0,0.0,0.0,0.0,0.0,0.0,0.0,0.0,0.0,0.0,0.0,0.0,0.0,0.0,0.0,0.0,0.0,0.0,0.0,0.0,0.0,0.0,0.0,0.0,0.0,0.0,0.0,0.0,0.0,0.0,0.0,0.0,0.0,0.0,0.0,0.0,0.0,0.0,0.0,0.0,0.0,0.0,0.0,0.0,0.0,0.0,0.0,0.0,0.0,0.0,0.0,0.0,0.0,0.0,0.0,0.0,0.0,0.0,0.0,0.0,0.0,0.0,0.0,0.0,0.0,0.0,0.0,0.0,0.0,0.0,0.0,0.0,0.0,0.0,0.0,0.0,0.0,0.0,0.0,0.0,0.0,0.0,0.0,0.0,0.0,0.0,0.0,0.0,0.0,0.0,0.0,0.0,0.0,0.0,0.0,0.0,0.0,0.0,0.0,0.0,0.0,0.0,0.0,0.0,0.0,0.0,0.0,0.0,0.0,0.0,0.0,0.0,0.0,0.0,0.0,0.0,0.0,0.0,0.0,0.0,0.0,0.0,0.0,0.0,0.0,0.0,0.0,0.0,0.0,0.0,0.0,0.0,0.0,0.0,0.0,0.0,0.0,0.0,0.0,0.0,0.0470514542347021,-0.00023154077198549256,-3.6503315368625097e-9,7.885233733223223e-6,-1.0522299212120575e-10,1.1258001726413987e-12,-4.140205040144337e-12,5.254955647615884e-10,-6.789843714012711e-7,4.3271196984444987e-13,-8.62346453635246e-12,1.5636279633967444e-5,0.000997134905695731,1.5698613844735758e-5,-1.0508499917286882e-7,1.926716544150344e-11,-5.518781209190214e-10,-1.2078871538804086e-11,1.9481566248992687e-6,8.22791329053267e-13,-0.00015879694708115786,-6.973182527011642e-5,-1.94396103668814e-11,6.378390601173352e-7,-1.8841463061741017e-11,1.2509750741708342e-12,-5.6738950070076807e-11,0.0010922759366351646,2.128055323405235e-10,-7.105504016408037e-6,-3.1940465313317137e-7,-2.93864416317312e-12,-2.799341122254927e-12,1.4315522126834173e-10,-6.402086540916408e-12,-5.185238923050645e-7,-0.0002138373429119316,9.03762195924495e-14,-0.0018695762594653912,1.556063634122789e-6,-3.390253352516143e-14,0.0029308209578802814,-6.590022394748782e-7,1.1363621609838783e-9,4.104497818952481e-9,0.0005042468487119632,-6.03555107462133e-5,1.8993296894123284e-10,-2.3286970010308115e-12,-0.0031950277330876106,-0.0008535924626945951,-1.1549094074677632e-12,-0.0018681693617054519,6.644614904285394e-10,3.609966390451717e-5,3.309645150193074e-7,5.114819308400145e-7,-1.3335041368163847e-9,-1.3342736828266769e-11,-2.839248730502168e-10,-0.00010751921462672252,7.5572752978054344e-6,-3.6237004283224655e-10,2.6473079694043434e-11,1.0009242323824042e-11,-0.00040634736822341025,-0.0008809147385794802,-3.209886570898908e-14,-1.0408703220421429e-12,-2.704127748874883e-9,8.83438389788159e-14,-2.4958926237715026e-11,2.5345329567542242e-9,-1.6488406172371025e-8,-3.3858096945050493e-9,3.4659422254787982e-9,0.00027041295722059243,1.655568263197208e-7,3.1157597991490804e-14,5.409068742762262e-5,1.808336428845469e-8,4.854396428376465e-7,-1.612972810634749e-5,-6.214848578397582e-5,8.791248431254934e-13,1.0628877087363556e-13,0.00041657355329329963,-0.0017734971517239682,4.488481449586963e-5,6.170718722097723e-8,-1.1725871778811684e-11,-4.395316557937817e-11,0.00015820386337609996,9.477026909310132e-6,-0.0015732432731881446,7.821568651941341e-6,-8.455823687713406e-5,7.243847576635806e-11,0.000181078004503722,-2.1819960779061812e-11,-6.200456299164055e-7,4.197226240668807e-7,0.0005768171649740484,-2.575557857846542e-9,1.0294186443345513e-10,3.4558979127563333e-9,-0.0008257774112395865,-1.3649542329784904e-14,0.0005479343032858393,1.5400513728981102e-11,-0.00024454662496415367,-2.2701772938686073e-11,9.698674674853147e-14,-5.12474350014933e-5,-4.268499423197932e-8,-5.769437436200066e-5,1.9675926789620827e-5,-1.8826797618326386e-6,-1.6001988688721702e-6,8.130202066909097e-12,-0.011837843023873269,0.0050757290352971985,-1.710698186108834e-8,3.252496760453395e-5,0.001297745191540208,7.805318845210193e-8,-0.0003045262034438124,-7.08720804008803e-10,3.1647260104198802e-6,8.259890495518031e-13,-8.279323540064959e-8,0.0008794637348538996,-4.1020131124142184e-13,0.0038177815896211983,-0.00040123186354345045,8.112264010210893e-7,6.307054609954332e-13,-2.3059503215189858e-12,5.636508005543941e-5,-0.0036106832991910313,-6.368186622913665e-10,-6.683170603353654e-13,6.889301127654927e-12,-9.571771928109155e-11,-2.1782808291353495e-8,-0.006007060420262232,-2.9966850926085616e-7,0.00022845689409783736,7.878922996704855e-14,-7.256711676184036e-7,8.091945487949069e-10,-1.0265345435510247e-8,0.0006393236092186175,2.407696713512627e-6,2.8206232578479593e-12,-8.20678706980721e-9,2.1872333252063614e-6,-4.0804776068981117e-7,7.784139373948363e-12,-0.00011871027672518273,-0.00015177114175504675,2.0214934195550217e-10,3.05349840728785e-8,-7.567127301025529e-8,2.3959209032692613e-10,3.807749386650472e-13,2.3383883483208585e-5,9.786264444183615e-9,-1.4293356909801713e-5,0.0026524089163399195,6.799455823631522e-6,-0.001856593864210587,2.6254464470277547e-9,-4.934689569063636e-13,4.02951646981761e-13,3.9215046317976875e-5,2.3060973440127554e-6,-0.00014743659730283697,0.0006526760702089647,-6.606846335028107e-12,2.9300451571884834e-7,-4.020161921264837e-13,3.8698182177696344e-10,-8.627910224478047e-11,2.2491282177837752e-12,-0.000538807458226348,1.128466548557192e-10,-2.161013079099942e-5,-4.146546200460209e-5,-0.0012676136549364507,9.555888065952251e-14,-0.008326952168319739,1.1972240064399887e-7,-1.4273930928399e-5,0.0008440464423352776,-0.0010465904050108033,-1.076339359732329e-8,1.1635701576889575e-8,-1.1015819428580378e-13,5.107482305316716e-14,-1.2735521730357023e-13,8.920762880501304e-5,-3.1911306223770164e-13,6.816638766777291e-6,0.0007167366199411038,5.595582126507786e-6,-0.0008397217635505642,8.304790840666509e-7,-0.0021884814034161338,-5.419109179014687e-15,7.191830046009598e-6,3.911719771871392e-5,-3.880344533612592e-7,-0.011144619387208133,-0.00032253949081298655,-0.0010227358606766245,-3.398628931649442e-14,2.0281412814522825e-5,-1.32214422348949e-10,-5.389997609020742e-7,-0.0004883344811888988,-5.237411007413327e-9,-7.405487926082327e-11,-4.7168696693584166e-6,6.072557332234205e-13,7.851139983419968e-7,0.0019362363204100774,-2.522285507000577e-10,-3.452058479602746e-8,7.223044048955173e-9,-0.0003509106727541337,-1.0904173224841643e-7,0.0007064288584280491,-4.956277603177992e-12,-2.624266937069816e-8,6.412402000128698e-6,-2.406610588210582e-10,-0.0005485041556343414,1.647852110728116e-11,-0.010375125980866423,-0.001140352923360528,0.000491642491051864,-1.6097264047324578e-11,-1.4953112393917832e-9,-9.603618532556726e-9,2.2569956669642757e-8,0.000770550617207824,9.21553063012509e-11,-2.5243412956903313e-12,-3.629564238442097e-6,0.00010908404766476447,1.176020595749727e-11,2.832246955539702e-8,-1.5806707477291162e-7,1.0746755315158614e-5,-6.513419616404072e-5,3.2602485886446988e-12,1.8540543280997088e-13,0.0007332784900735978,4.9594970096604275e-6,1.484492100989008e-7,-2.7392576992129486e-11,-2.981992765223985e-7,-7.714061699014947e-5,-8.424171590067751e-8,-7.050180374236416e-10,-8.201170721938697e-10,0.006904240285204563,-0.00029322730827778185,5.523485548343253e-6,-1.960269128537051e-5,-1.8960839377264945e-6,6.150276280061936e-5,5.010289769518047e-12,8.925837918988773e-13,0.0010905134477265052,-6.98754026819669e-8,-1.5696365008979746e-14
0.0,0.0,0.0,0.0,0.0,0.0,0.0,0.0,0.0,0.0,0.0,0.0,0.0,0.0,0.0,0.0,0.0,0.0,0.0,0.0,0.0,0.0,0.0,0.0,0.0,0.0,0.0,0.0,0.0,0.0,0.0,0.0,0.0,0.0,0.0,0.0,0.0,0.0,0.0,0.0,0.0,0.0,0.0,0.0,0.0,0.0,0.0,0.0,0.0,0.0,0.0,0.0,0.0,0.0,0.0,0.0,0.0,0.0,0.0,0.0,0.0,0.0,0.0,0.0,0.0,0.0,0.0,0.0,0.0,0.0,0.0,0.0,0.0,0.0,0.0,0.0,0.0,0.0,0.0,0.0,0.0,0.0,0.0,0.0,0.0,0.0,0.0,0.0,0.0,0.0,0.0,0.0,0.0,0.0,0.0,0.0,0.0,0.0,0.0,0.0,0.0,0.0,0.0,0.0,0.0,0.0,0.0,0.0,0.0,0.0,0.0,0.0,0.0,0.0,0.0,0.0,0.0,0.0,0.0,0.0,0.0,0.0,0.0,0.0,0.0,0.0,0.0,0.0,0.0,0.0,0.0,0.0,0.0,0.0,0.0,0.0,0.0,0.0,0.0,0.0,0.0,0.0,0.0,0.0,0.0,0.0,0.0,0.0,0.0,0.0,0.0,0.0,0.0,0.0,0.0,0.0,0.0,0.0,0.0,0.0,0.0,0.0,0.0,0.0,0.0,0.0,0.0,0.0,0.0,0.0,0.0,0.0,0.0,0.0,0.0,0.0,0.0,0.0,0.0,0.0,0.0,0.0,0.0,0.0,0.0,0.0,0.0,0.0,0.0,0.0,0.0,0.0,0.0,0.0,0.0,0.0,0.0,0.0,0.0,0.0,0.0,0.0,0.0,0.0,0.0,0.0,0.0,0.0,0.0,0.0,0.0,0.0,0.0,0.0,0.0,0.0,0.0,0.0,0.0,0.0,0.0,0.0,0.0,0.0,0.0,0.0,0.0,0.0,0.0,0.0,0.0,0.0,0.0,0.0,0.0,0.0,0.0,0.0,0.0,0.0,0.0,0.0,0.0,0.0,0.0,0.0,0.0,0.0,0.0,0.0,0.0,0.0,0.0,0.0,0.0,0.0,0.0,0.0,0.0,0.0,0.0,0.0,0.0,0.0,0.0,0.0,0.0,0.0,0.0,0.0,0.0,0.0,0.0,0.0,0.0,0.0,0.0,0.0,0.0,0.0,0.0,0.0,0.0,0.0,0.0,0.0,0.0,0.0,0.0,0.0,0.0,0.0,0.0,0.0,0.0,0.0,0.0,0.0,0.0,0.0,0.0,0.0,0.0,0.0,0.0,0.0,0.0,0.0,0.0,0.0,0.0,0.0,0.0,0.0,0.0,0.0,0.0,0.0,0.0,0.0,0.0,0.0,0.0,0.0,0.0,0.0,0.0,0.0,0.0,0.0,0.0,0.0,0.0,0.0,0.0,0.0,0.0,0.0,0.0,0.0,0.0,0.0,0.0,0.0,0.0,0.0,0.0,0.0,0.0,0.0,0.0,0.0,0.0,0.0,0.0,0.0,0.0,0.0,0.0,0.0,0.0,0.0,0.0,0.0,0.0,0.0,0.0,0.0,0.0,0.0,0.0,0.0,0.0,0.0,0.0,0.0,0.0,0.0,0.0,0.0,0.0,0.0,0.0,0.0,0.0,0.0,0.0,0.0,0.0,0.0,0.0,0.0,0.0,0.0,0.0,0.0,0.0,0.0,0.0,0.0,0.0,0.0,0.0,0.0,0.0,0.0,0.0,0.0,0.0,0.0,0.0,0.0,0.0,0.0,0.0,0.0,0.0,0.0,0.0,0.0,0.0,0.0,0.0,0.0,0.0,0.0,0.0,0.0,0.0,0.0,0.0,0.0,0.0,0.0,0.0,0.0,0.0,0.0,0.0,0.0,0.0,0.0,0.0,0.0,0.0,0.0,0.0,0.0,0.0,0.0,0.0,0.0,0.0,0.0,0.0,0.0,0.0,0.0,0.0,0.0,0.0,0.0,0.0,0.0,0.0,0.0,0.0,0.0,0.0,0.0,0.0,0.0,0.0,0.0,0.0,0.0,0.0,0.0,0.0,0.0,0.0,0.0,0.0,0.0,0.0,0.0,0.0,0.0,0.0,0.0,0.0,0.0,0.0,0.0,0.0,0.0,0.0,0.0,0.0,0.0,0.0,0.0,0.0,0.0,0.0,0.0,0.0,0.0,0.0,0.0,0.0,0.0,0.0,0.0,0.0,0.0,0.0,0.0,0.0,0.0,0.0,0.0,0.03189815166103764,9.85584932817167e-8,-0.0007655778095599131,2.8176319018623638e-9,1.6562010680714065e-10,7.193629889314109e-11,-9.90084759764263e-9,2.848583246492443e-5,-1.6540629421400403e-11,1.141494111988605e-11,2.3284244744106223e-5,3.230733224630478e-5,-0.00028329479387610056,1.1464375395537684e-6,2.573553147531095e-10,8.545403377124459e-8,8.682602821971382e-10,-6.491419494953328e-5,2.0195376806808466e-12,-0.0020730814047195587,-0.00108664512871692,7.87897414219932e-10,-5.571980247831205e-5,4.144291277058663e-10,2.4324471017428972e-11,1.205325876055277e-9,1.9699790311092115e-5,-5.60109661704915e-10,-0.00012285386699807964,8.46033005486061e-6,7.437969735425242e-11,2.7523633214183488e-11,1.8623252562516762e-8,1.3126124927221034e-10,3.480565344492366e-5,-0.0003486530905493285,-1.8984205867892267e-12,0.001184023620981408,-0.0005469034187343082,-8.727787210844468e-12,-2.5209734928537723e-5,-1.7761574784564662e-5,-7.400966695122385e-9,-1.388009019617193e-7,5.849620232606432e-5,0.004655599380476783,8.058517054309938e-7,6.6740463404760154e-12,1.0100654885565725e-5,0.0007527055081153762,-1.5790062997661957e-11,-0.000654384704327303,3.4370349384116046e-8,-0.0003918772573891068,-2.5819051781737553e-5,-1.3304124369509908e-5,1.1201843448274764e-7,-1.472151034294202e-10,1.9279744608095755e-8,0.009876896406277064,0.00010178452800946357,2.0571249201245805e-9,4.942965612042927e-10,4.934285472031099e-10,7.167843229851866e-6,-0.00043945629368907714,5.565230198851829e-12,3.309741693096379e-11,-4.32679851594789e-8,-3.1919433444091066e-12,1.2623893682547514e-9,-7.344858409689047e-7,2.5128081699283416e-7,2.5046685629230183e-7,-4.981651506779181e-7,0.0005664150589416654,-8.508546598612913e-6,5.4183306663174575e-12,2.7424470071984905e-6,-6.961235625335263e-7,7.07202807606321e-6,-0.0008274849406268,0.00010576550026106681,-1.2158656677445284e-11,2.9276745319203226e-12,-4.822413207209117e-6,5.715949081813028e-5,-1.4749068351870749e-5,-3.2267795919134098e-6,2.724357409583727e-10,4.2760968577848023e-10,-0.0019519985290595092,-0.00014243731471426952,-1.4276803334797328e-5,-0.0008871059131735245,-0.0010577048832235284,-3.0701959053024824e-9,-3.5870169298357306e-6,-4.5953897135434155e-8,2.071755691796414e-5,-8.879906487593053e-5,0.001026875341646782,-1.0830513369882047e-7,-8.357350630731954e-9,-3.8935491309702806e-8,5.688931829358157e-5,3.521517916082733e-12,0.0024686498743000215,-7.423655203744371e-10,0.002652135236572331,7.202613354263831e-11,-1.711893735201008e-12,-0.0007268510059898395,-2.6838483073024022e-6,-0.00022444240723111265,-0.008985058873975596,3.871313765298828e-5,2.458769872928473e-5,3.53456141325252e-10,-9.816963538309511e-5,0.0008751482764938102,2.6933197387916197e-7,-0.000987255933667124,0.0009215694734539627,-1.0314250492477175e-5,-0.0010720044115903997,3.813338151283125e-8,-7.218424692704106e-5,1.8987833293298768e-10,4.531972291425513e-6,-0.00010700573184077343,2.568172770536565e-11,-0.0025875411893663126,7.478840150182106e-6,3.281566282582148e-5,3.77602841596226e-12,2.1929820679900784e-10,0.0003935796282393374,-0.0007931971478325295,6.467357177512818e-8,-5.782210089760354e-11,-2.2073922997261591e-10,-6.115403228373387e-9,-5.148363719074993e-7,-0.00020455074648805712,1.4487117904696835e-5,0.0006474729405060344,-5.693801846704358e-12,-2.2014793933361043e-5,-4.182857622953337e-8,1.1578042717416687e-6,-0.0004995022870655599,-5.292632428758984e-5,-1.1275977636095888e-9,2.6808239957473236e-7,-7.583762548053202e-6,-0.0001577910540953431,3.903802288323656e-10,0.000275035161451402,-0.0034086230493733907,8.121103442136256e-9,-1.328035619056941e-6,1.9761813662408375e-6,4.779438466984906e-7,-1.9948239527879494e-11,-0.00022883539783348698,-3.642419446181878e-7,-3.877165856820011e-6,-4.044742595171489e-5,1.0120145244573463e-5,-0.00020535830868831733,-1.5454126810406255e-7,-1.2412263146781014e-10,2.2151603937257388e-12,0.0029340148553837755,8.930740938601398e-6,-0.002074340114259033,1.1504456005183812e-5,1.3723048464561454e-10,-1.8951464317302646e-5,-2.5822682753049298e-11,-2.6573726023203328e-8,-1.0134765246328673e-8,-5.861843520498742e-11,-0.0006473959075645289,9.630078677623136e-9,0.0011623800525304131,0.0016793391633475973,0.005003677564261774,-1.375925762648474e-11,0.000696822721925433,-2.9627436064350573e-6,-0.0002263354301075834,-2.4096539780887655e-5,0.00012088934675528982,2.3820785760103771e-7,-2.0214727094956448e-6,-9.885103616012765e-13,-3.50512971060537e-13,2.5168186638319395e-12,-0.0009367838437261442,-1.1340998160885854e-11,-0.00013905674691050985,-0.0004156726538232483,-0.001233398436551586,-4.550554770515987e-5,-2.6030012421509076e-5,-0.001602280651015772,8.146730277965837e-13,-0.0005598166326485223,-0.0019604718162123916,4.111391123793221e-5,-0.00088565839215297,-3.135414966850891e-5,-0.000342960158191197,-6.097458032761094e-12,0.0006685723975870579,4.58324558637735e-9,5.569714082678491e-6,-2.214470480996565e-5,-1.6563463039786243e-7,2.8596838947073744e-9,0.0001999858795376281,-1.2678566351376443e-11,-4.6030795610088944e-5,0.0009416815676245864,6.324443238028132e-9,-8.017056833460486e-7,-4.1176059906335794e-7,0.0055393884233287905,3.6049863803162795e-6,-3.0413793290675214e-7,1.5611809438298915e-10,-4.197145340129273e-7,0.000420041511456711,1.2579701917944188e-8,0.00033349798491518417,-4.0752186102778067e-10,-0.00024570043412995904,0.0002184043452536667,5.21887261435511e-6,-6.561206699968726e-10,-6.608987956653082e-8,1.3437695851465716e-7,-1.487868273528325e-6,4.146529468334483e-5,-6.730412061855597e-9,-1.0934668362707228e-10,9.050611553987804e-5,0.0005063355707129633,-3.783732561653766e-10,-1.451343144021985e-6,8.515566317430842e-6,-0.001733499744443139,0.0006646781937320901,-3.4041946448673135e-11,-1.1634715191915108e-12,-0.0069436742736840255,-0.0006524162268170894,-1.8315937923056098e-6,2.0799232151360765e-9,7.175756450964062e-6,-0.0034415556155674943,2.0112534622092164e-6,1.518128623030097e-8,4.019809550999851e-8,0.00016829217884272677,-0.0005911718660086329,0.0006091721586052001,0.0004960693274185127,-0.0013449128871613721,-0.0005326126956455135,-3.4615288315983144e-10,-4.37777416891567e-11,-4.410921248466335e-5,7.930507182340759e-5,1.4105073754097209e-12
0.0,0.0,0.0,0.0,0.0,0.0,0.0,0.0,0.0,0.0,0.0,0.0,0.0,0.0,0.0,0.0,0.0,0.0,0.0,0.0,0.0,0.0,0.0,0.0,0.0,0.0,0.0,0.0,0.0,0.0,0.0,0.0,0.0,0.0,0.0,0.0,0.0,0.0,0.0,0.0,0.0,0.0,0.0,0.0,0.0,0.0,0.0,0.0,0.0,0.0,0.0,0.0,0.0,0.0,0.0,0.0,0.0,0.0,0.0,0.0,0.0,0.0,0.0,0.0,0.0,0.0,0.0,0.0,0.0,0.0,0.0,0.0,0.0,0.0,0.0,0.0,0.0,0.0,0.0,0.0,0.0,0.0,0.0,0.0,0.0,0.0,0.0,0.0,0.0,0.0,0.0,0.0,0.0,0.0,0.0,0.0,0.0,0.0,0.0,0.0,0.0,0.0,0.0,0.0,0.0,0.0,0.0,0.0,0.0,0.0,0.0,0.0,0.0,0.0,0.0,0.0,0.0,0.0,0.0,0.0,0.0,0.0,0.0,0.0,0.0,0.0,0.0,0.0,0.0,0.0,0.0,0.0,0.0,0.0,0.0,0.0,0.0,0.0,0.0,0.0,0.0,0.0,0.0,0.0,0.0,0.0,0.0,0.0,0.0,0.0,0.0,0.0,0.0,0.0,0.0,0.0,0.0,0.0,0.0,0.0,0.0,0.0,0.0,0.0,0.0,0.0,0.0,0.0,0.0,0.0,0.0,0.0,0.0,0.0,0.0,0.0,0.0,0.0,0.0,0.0,0.0,0.0,0.0,0.0,0.0,0.0,0.0,0.0,0.0,0.0,0.0,0.0,0.0,0.0,0.0,0.0,0.0,0.0,0.0,0.0,0.0,0.0,0.0,0.0,0.0,0.0,0.0,0.0,0.0,0.0,0.0,0.0,0.0,0.0,0.0,0.0,0.0,0.0,0.0,0.0,0.0,0.0,0.0,0.0,0.0,0.0,0.0,0.0,0.0,0.0,0.0,0.0,0.0,0.0,0.0,0.0,0.0,0.0,0.0,0.0,0.0,0.0,0.0,0.0,0.0,0.0,0.0,0.0,0.0,0.0,0.0,0.0,0.0,0.0,0.0,0.0,0.0,0.0,0.0,0.0,0.0,0.0,0.0,0.0,0.0,0.0,0.0,0.0,0.0,0.0,0.0,0.0,0.0,0.0,0.0,0.0,0.0,0.0,0.0,0.0,0.0,0.0,0.0,0.0,0.0,0.0,0.0,0.0,0.0,0.0,0.0,0.0,0.0,0.0,0.0,0.0,0.0,0.0,0.0,0.0,0.0,0.0,0.0,0.0,0.0,0.0,0.0,0.0,0.0,0.0,0.0,0.0,0.0,0.0,0.0,0.0,0.0,0.0,0.0,0.0,0.0,0.0,0.0,0.0,0.0,0.0,0.0,0.0,0.0,0.0,0.0,0.0,0.0,0.0,0.0,0.0,0.0,0.0,0.0,0.0,0.0,0.0,0.0,0.0,0.0,0.0,0.0,0.0,0.0,0.0,0.0,0.0,0.0,0.0,0.0,0.0,0.0,0.0,0.0,0.0,0.0,0.0,0.0,0.0,0.0,0.0,0.0,0.0,0.0,0.0,0.0,0.0,0.0,0.0,0.0,0.0,0.0,0.0,0.0,0.0,0.0,0.0,0.0,0.0,0.0,0.0,0.0,0.0,0.0,0.0,0.0,0.0,0.0,0.0,0.0,0.0,0.0,0.0,0.0,0.0,0.0,0.0,0.0,0.0,0.0,0.0,0.0,0.0,0.0,0.0,0.0,0.0,0.0,0.0,0.0,0.0,0.0,0.0,0.0,0.0,0.0,0.0,0.0,0.0,0.0,0.0,0.0,0.0,0.0,0.0,0.0,0.0,0.0,0.0,0.0,0.0,0.0,0.0,0.0,0.0,0.0,0.0,0.0,0.0,0.0,0.0,0.0,0.0,0.0,0.0,0.0,0.0,0.0,0.0,0.0,0.0,0.0,0.0,0.0,0.0,0.0,0.0,0.0,0.0,0.0,0.0,0.0,0.0,0.0,0.0,0.0,0.0,0.0,0.0,0.0,0.0,0.0,0.0,0.0,0.0,0.0,0.0,0.0,0.0,0.0,0.0,0.0,0.0,0.0,0.0,0.0,0.0,0.0,0.0,0.0,0.0,0.0,0.0,0.0,0.0,0.0,0.0,0.0,0.0,0.0,0.0,0.0,0.0,0.0,0.0,0.0,0.0,0.0,0.0,0.0,0.0,0.0,0.0,0.0,0.0,0.0,0.0,0.0,0.04734786650259204,1.3976364579426885e-7,-0.0030681659705543833,-6.700030901111618e-5,-1.207817228672011e-5,-0.009570911250282147,-5.704374212866369e-6,-3.1824563312346994e-6,0.00011149850587372107,-2.945156270507633e-6,9.402558225830056e-11,-2.7951203890999117e-6,0.00017291257001558012,-0.00032411584199455246,-0.0016719158587919535,0.00027557063214587156,-9.290961895635853e-5,1.2512225723214247e-5,1.299056077014405e-7,2.0159411953385417e-7,0.00034428327342102527,-7.721914898039719e-5,-0.0003855884710540382,1.4892224561673968e-5,-0.00023099631292960914,-6.005828765377746e-11,-0.0003643972449312829,-9.192740974147789e-8,2.0215809325271695e-5,3.671462799890971e-5,2.041621759558356e-6,-0.004778704520597148,0.00011888089799170832,1.518303704073581e-5,5.417436596970289e-10,-1.5422133793847492e-6,1.0296539311708081e-8,-3.0484743697016274e-9,-1.2718935865893044e-5,1.4083021120347588e-10,-7.276543693746869e-6,-0.0058101176169269506,6.652635439401969e-6,1.5654294524216753e-11,-1.7010228460403176e-7,0.0015414874921519843,5.1438059047797675e-5,-1.9206922667733345e-10,-3.433432742679214e-9,2.1146532680025198e-5,1.598144723208011e-8,-0.004581464070378517,1.792488138959839e-6,-5.861940756585501e-6,-4.877238758204746e-5,-0.0143032868988473,8.68343750358732e-5,0.0038939968767171323,-2.622940276001004e-7,-2.02247850071537e-6,0.0020905697552583836,-0.00015437800674382714,-0.0002673095895308456,-9.853436211849925e-11,2.7019162875839016e-8,7.674280182820279e-7,1.9059233828955088e-5,-0.0010097478152540197,-1.7406112032892679e-6,0.00047924009026197733,-0.0012908869211438263,1.9720607363776807e-5,-0.002987935106285505,-0.007465652595662181,1.2206449466995379e-8,9.471441968314791e-5,6.59069046680807e-7,3.795118168374017e-11,-0.00022734050375773412,-1.9277689871554148e-5,-8.786581122680867e-8,6.635118881293491e-8,-2.0370642009848455e-5,7.71123974741502e-7,7.559737730238625e-11,-2.361509269407975e-10,-8.574657607048952e-13,-0.00017872327185928044,0.00018990410845411083,-0.0002246957234798491,-1.1226808394429386e-7,-2.136814551648919e-6,-3.8288735055583336e-11,8.566245172611146e-7,-1.1674159260567733e-8,-0.0017041172569100293,-7.741825073616319e-12,0.016554587451270326,0.00014529429955484945,-1.2763915037159858e-5,-5.8276648098271915e-8,-0.012044170024259263,-0.0031938761527874142,0.009117639726773095,2.731878108724346e-10,-3.0583587413502064e-8,-3.8987478062633015e-8,-0.00013059994362229045,2.942133401828155e-8,0.00017429350741956197,-5.116942768623734e-8,-2.6864070577999005e-8,5.066713863691013e-6,2.461721448546037e-7,1.124058249463689e-7,1.8660118892013433e-5,-1.0329643864014585e-5,-5.374434721001051e-5,1.7869026573690064e-10,-3.426124389047247e-9,0.0034337392286823347,-1.7097068051178531e-6,-4.946086945449753e-9,-0.00016028033974426351,1.3446469308096254e-7,0.0029285388851524913,4.826214141045145e-6,9.367568892773466e-5,0.0002534880520878503,-2.99927430247426e-10,5.83293803221886e-6,3.843944138733264e-9,-1.0780914694791265e-11,-9.2884977107854e-6,-6.339712499938014e-6,1.59417948355741e-5,-2.051058030779243e-9,7.93279188354329e-9,0.02546762755853769,-3.9518231933337895e-5,-0.00012879475964078447,9.627062682517693e-5,-0.0003167636789057525,1.0313321590968923e-10,1.1630313638447393e-5,-5.113009399213157e-9,-2.7349462668372563e-6,5.465463984775383e-6,-0.02323426549723981,0.006068159469480337,-1.8901464415268484e-9,-4.574705743260079e-6,-0.0001924994769583879,0.0013391432489293896,1.0197206701891693e-6,2.09637782011409e-6,0.00020033034304587028,1.470510653588591e-10,1.0022662991096898e-8,-0.0034561913168388,-0.0020279544226720512,0.00034980487948803855,0.0004489843778863088,-5.288479814029418e-5,-1.7437835268615975e-7,-0.00010458520946011745,-4.767079158548966e-11,-2.506196327102853e-9,-2.4709124504061273e-6,-1.8215387656270756e-12,0.002105830821829105,-6.239777258744545e-5,2.587280561550622e-6,-1.3297575313307906e-7,-2.1802382849595514e-6,4.967455211264868e-9,3.795832988125977e-11,0.00015658102172245216,-3.734268406679859e-5,-1.9620815958837616e-6,-0.0031709150089411844,0.002777285320272295,-2.110053344181536e-5,3.1568532081077763e-10,0.0005605347112577243,-1.20039724498184e-7,1.9858578930386886e-6,2.0251793693531074e-8,-1.3981034413183403e-6,1.4930242245754884e-9,-6.147036353960835e-5,4.063329641619673e-8,-3.4753340661806036e-11,-6.795201291742961e-10,-0.0009291547578284318,-0.00015281440833541163,-2.446913191531674e-6,-9.450897673729243e-7,3.3447407616385687e-6,1.2733503099921835e-7,1.3887028891862724e-5,-2.3545429355700283e-6,-2.6219187429244635e-8,1.970893211620099e-7,1.1325369014749691e-10,8.156338320006131e-7,8.392424208753451e-9,3.250488779150158e-7,1.2788171113264523e-6,1.2255101593485829e-8,-4.4920877328198754e-5,3.9632903678135e-9,3.5951375677557153e-10,6.382571801406827e-10,-3.936013739220426e-6,4.859262658565572e-8,0.0004865946108137088,1.4070700731450046e-5,2.4416323106268813e-11,0.004011415399248933,1.645153980019789e-5,2.440528588633598e-6,-1.34846612227245e-5,3.430517432907225e-6,-1.9604590092980264e-9,0.0027199157305885365,4.970471901899811e-6,0.00019247955534001197,4.21274553109771e-8,8.75135270657497e-5,-1.750099886961202e-11,0.00013639595736636968,0.0001586008396875838,-5.327898757501544e-7,0.00460616818282962,3.457377254044641e-10,4.282154261981335e-5,2.5249082603945662e-9,1.0443622080464917e-8,-8.568914231793588e-12,-0.00012488901326113027,-0.00877065438761327,-1.9904508253366996e-5,-7.357790578877502e-5,4.095988341194495e-11,-0.00171996472979842,-4.4376911987500326e-5,3.451961815809208e-5,5.029172496802753e-8,-8.960578798256778e-5,-0.00035852657413833655,0.00022996871393182698,-7.635590170063064e-7,1.1923755441443964e-7,-7.102438028154774e-5,3.1341819101982788e-6,1.4750531147897568e-8,-8.150306671243666e-8,-7.774151884646109e-5,0.0021674612831857967,9.960389114662964e-5,1.042218368830306e-8,-9.215468946874281e-7,0.002761435657259395,-0.0005251760644697181,7.029192766937415e-12,2.590085741023185e-10,2.793763013530909e-7,5.669298556357592e-8,-5.82126876344678e-8,-8.965436767995452e-8,-0.00013711465085267718,-2.43731472044149e-5,2.5521826357102666e-11,4.400578955940371e-6,1.7230562288466582e-6
0.0,0.0,0.0,0.0,0.0,0.0,0.0,0.0,0.0,0.0,0.0,0.0,0.0,0.0,0.0,0.0,0.0,0.0,0.0,0.0,0.0,0.0,0.0,0.0,0.0,0.0,0.0,0.0,0.0,0.0,0.0,0.0,0.0,0.0,0.0,0.0,0.0,0.0,0.0,0.0,0.0,0.0,0.0,0.0,0.0,0.0,0.0,0.0,0.0,0.0,0.0,0.0,0.0,0.0,0.0,0.0,0.0,0.0,0.0,0.0,0.0,0.0,0.0,0.0,0.0,0.0,0.0,0.0,0.0,0.0,0.0,0.0,0.0,0.0,0.0,0.0,0.0,0.0,0.0,0.0,0.0,0.0,0.0,0.0,0.0,0.0,0.0,0.0,0.0,0.0,0.0,0.0,0.0,0.0,0.0,0.0,0.0,0.0,0.0,0.0,0.0,0.0,0.0,0.0,0.0,0.0,0.0,0.0,0.0,0.0,0.0,0.0,0.0,0.0,0.0,0.0,0.0,0.0,0.0,0.0,0.0,0.0,0.0,0.0,0.0,0.0,0.0,0.0,0.0,0.0,0.0,0.0,0.0,0.0,0.0,0.0,0.0,0.0,0.0,0.0,0.0,0.0,0.0,0.0,0.0,0.0,0.0,0.0,0.0,0.0,0.0,0.0,0.0,0.0,0.0,0.0,0.0,0.0,0.0,0.0,0.0,0.0,0.0,0.0,0.0,0.0,0.0,0.0,0.0,0.0,0.0,0.0,0.0,0.0,0.0,0.0,0.0,0.0,0.0,0.0,0.0,0.0,0.0,0.0,0.0,0.0,0.0,0.0,0.0,0.0,0.0,0.0,0.0,0.0,0.0,0.0,0.0,0.0,0.0,0.0,0.0,0.0,0.0,0.0,0.0,0.0,0.0,0.0,0.0,0.0,0.0,0.0,0.0,0.0,0.0,0.0,0.0,0.0,0.0,0.0,0.0,0.0,0.0,0.0,0.0,0.0,0.0,0.0,0.0,0.0,0.0,0.0,0.0,0.0,0.0,0.0,0.0,0.0,0.0,0.0,0.0,0.0,0.0,0.0,0.0,0.0,0.0,0.0,0.0,0.0,0.0,0.0,0.0,0.0,0.0,0.0,0.0,0.0,0.0,0.0,0.0,0.0,0.0,0.0,0.0,0.0,0.0,0.0,0.0,0.0,0.0,0.0,0.0,0.0,0.0,0.0,0.0,0.0,0.0,0.0,0.0,0.0,0.0,0.0,0.0,0.0,0.0,0.0,0.0,0.0,0.0,0.0,0.0,0.0,0.0,0.0,0.0,0.0,0.0,0.0,0.0,0.0,0.0,0.0,0.0,0.0,0.0,0.0,0.0,0.0,0.0,0.0,0.0,0.0,0.0,0.0,0.0,0.0,0.0,0.0,0.0,0.0,0.0,0.0,0.0,0.0,0.0,0.0,0.0,0.0,0.0,0.0,0.0,0.0,0.0,0.0,0.0,0.0,0.0,0.0,0.0,0.0,0.0,0.0,0.0,0.0,0.0,0.0,0.0,0.0,0.0,0.0,0.0,0.0,0.0,0.0,0.0,0.0,0.0,0.0,0.0,0.0,0.0,0.0,0.0,0.0,0.0,0.0,0.0,0.0,0.0,0.0,0.0,0.0,0.0,0.0,0.0,0.0,0.0,0.0,0.0,0.0,0.0,0.0,0.0,0.0,0.0,0.0,0.0,0.0,0.0,0.0,0.0,0.0,0.0,0.0,0.0,0.0,0.0,0.0,0.0,0.0,0.0,0.0,0.0,0.0,0.0,0.0,0.0,0.0,0.0,0.0,0.0,0.0,0.0,0.0,0.0,0.0,0.0,0.0,0.0,0.0,0.0,0.0,0.0,0.0,0.0,0.0,0.0,0.0,0.0,0.0,0.0,0.0,0.0,0.0,0.0,0.0,0.0,0.0,0.0,0.0,0.0,0.0,0.0,0.0,0.0,0.0,0.0,0.0,0.0,0.0,0.0,0.0,0.0,0.0,0.0,0.0,0.0,0.0,0.0,0.0,0.0,0.0,0.0,0.0,0.0,0.0,0.0,0.0,0.0,0.0,0.0,0.0,0.0,0.0,0.0,0.0,0.0,0.0,0.0,0.0,0.0,0.0,0.0,0.0,0.0,0.0,0.0,0.0,0.0,0.0,0.0,0.0,0.0,0.0,0.0,0.0,0.0,0.0,0.0,0.0,0.0,0.0,0.0,0.0,0.0,0.0,0.0,0.0,0.0,0.0,0.0,0.0,0.0,0.0,0.0,0.0,0.0,0.0,0.0,0.0,0.0,0.0,0.05704432820570762,-1.0682104494182023e-6,1.8420191295666856e-8,-4.696807457678769e-9,-8.61954685199832e-7,0.0019842980501302656,-1.1157580246667873e-9,7.573334127451254e-9,0.008932125719746,1.0635142766052812e-6,0.0019995316918247456,-0.0002751117894288794,1.2107269191654765e-8,-1.887787390777295e-6,-1.4479775587418456e-8,-0.00024652141059484966,5.776191499404232e-10,-0.0005539170035836423,-0.0008151125543094581,4.066136581234904e-10,0.0008567734865665863,-1.0021342484682356e-7,-3.567692505100999e-9,2.930461381297817e-8,3.2069057543164954e-7,-2.692820139000434e-7,0.011780577564533067,0.0031940836604587956,-8.288611551788513e-9,-2.817382701189902e-9,-2.5250706110905656e-7,5.154286332280252e-9,-0.00027120067474393074,4.433325258793177e-6,-4.1391508567585006e-11,-9.571049462746768e-5,-9.419027168758295e-6,-1.295041281122644e-9,-5.535054246730345e-7,0.0012647439212717963,-1.5618597169781204e-6,1.83612028804812e-6,4.496880270938159e-7,-0.0008652398358411451,-6.92663645789397e-5,3.487569686470241e-9,-1.8992981354488856e-6,-2.353417108211697e-6,-2.0699975660111674e-9,6.915871735245836e-5,-3.6166746006710832e-6,0.004934782182068046,0.0003171130756170856,0.00034808496123394435,-6.369129175317289e-6,-6.24522886160545e-8,-2.8416706291814e-6,-0.0017910606186975467,0.002551268953039699,9.636449319323276e-8,3.4268588443220566e-7,-7.976363265392148e-8,-1.1975807229695382e-7,0.00011601745275864126,1.5375245149096283e-10,2.3437149328593407e-9,-2.8363860243415294e-6,-2.658955944328091e-10,1.259010596029522e-7,1.6222487703957502e-5,5.8456561032747214e-5,-2.8203983253137684e-6,2.357581052878059e-5,4.193526364488996e-5,0.00020539975190575553,1.512275387452135e-10,-9.339424436917686e-8,-0.00012077457957184518,-0.00015726673208700683,-0.00807728436554454,0.0010961310934251558,4.298212983683574e-12,-9.601763062029036e-11,1.6041534748365977e-7,1.368786247237327e-6,-1.4725253738683525e-7,5.7277716377504586e-5,6.743345648742878e-8,1.22605433259562e-7,4.5160129147618206e-5,0.010866282722138923,-1.5063768060057843e-8,0.004182243794470851,-0.00032627798355034553,-1.3895894225097684e-7,-2.4755924042850203e-7,-8.409942060271016e-7,6.409233812534768e-5,-0.0006086319680944641,-0.0004526419080730161,1.3798323198869693e-5,6.589463603069627e-8,-3.790649080526617e-6,-1.0079315738178031e-7,8.510760842290568e-11,-5.7359769800105026e-5,-4.1887164945282717e-8,6.333904909828562e-5,-2.008003384224195e-8,-8.431143887077047e-11,-0.00015629806071069832,1.7822738901214963e-5,-0.00048255060839313854,0.00011758558935495627,0.00036473205722108875,-0.005319828010373557,2.7940066840491964e-9,-9.267586306260587e-7,1.4671760920612702e-5,-2.3989285621992794e-6,0.00012768188983794797,-2.172772158128061e-5,0.00030406180220500474,0.000720261894281386,1.2518177722174574e-6,0.005234395661515906,-4.540053109543427e-9,6.498513458143156e-5,-1.2263419374449614e-7,6.45988996896203e-10,-1.1125628748908457e-5,-3.805845899990044e-8,0.00022466129671297417,-8.600491847615755e-11,9.442922576237388e-10,-2.9316206583570996e-6,3.856149463429443e-5,-1.2344656835910229e-6,-1.6262288014272432e-9,-3.027228291437281e-9,4.262664274483611e-8,2.9330333668838397e-5,9.88956678779812e-7,-0.0008742944545395632,-6.386735295372915e-6,2.4889693756410163e-10,0.001493572153594244,1.5422394706128665e-6,-3.2677110413655634e-5,-8.274359906265886e-6,0.002138722903589223,-3.333689419149409e-8,7.663952798691713e-6,0.001132719077432511,0.0061922222025959026,2.8292333096134332e-8,4.821017315357202e-6,-0.00010034047650180564,1.1011732497686289e-7,-1.857365295202197e-5,-9.317211256419817e-6,-3.0502798200779057e-5,2.1759792783295318e-9,-0.0011929925900092536,2.2886678633796213e-5,-9.91013449876987e-8,-3.0299936418214514e-5,0.001327621572407025,-1.8941437290743597e-6,2.9068717596043858e-6,-2.1034336958146998e-9,-2.1837878264692463e-10,-0.0012379120354429763,-0.002987124306375262,0.00013936504589357254,2.7701045523346094e-7,9.950160843659302e-9,-0.0005855816659079562,-4.726703314283965e-10,2.709326417429511e-8,3.9202319975575276e-7,9.322191636234316e-9,7.061202857943577e-5,-4.1311392584644365e-7,0.0006465525825801179,-0.0034666294937898247,6.402065899747177e-5,-2.1864467613855432e-10,1.0467340762561294e-6,0.00022916470295152925,0.000717825852525988,-6.460452320241935e-8,-2.831804983449668e-6,1.3704882379295286e-5,5.843524565091514e-5,1.4166624345605326e-10,-1.2499309857276754e-11,2.264471721708292e-10,0.000295060476593026,-3.9007857477755265e-10,0.011602581319544525,2.683235097086773e-6,0.0002971543577164841,-1.049683506016549e-6,-0.002300889393465745,7.382089881049685e-7,3.024779627388771e-11,0.004710293157080884,0.0005008883278029219,-3.898548159969603e-5,-4.93257553957797e-7,-1.0962837325879826e-7,-2.6223384904735933e-7,-9.512867594841407e-11,0.0009684179960721601,1.6844827723300156e-6,-0.0012857934140521573,3.736043986259048e-7,6.131308097260434e-6,-9.734622487748206e-8,-0.00582591183185571,-7.79265597238313e-11,0.0050919613358621114,-2.8403969887091798e-5,2.1928787549570562e-7,-1.4262444709423876e-6,8.699578322330418e-6,-0.00016234083058168564,6.901432945582453e-5,-2.3345042570020253e-7,-9.99404572169824e-10,9.889471743070095e-5,-0.0012663743526222112,5.498017095982752e-7,4.6867555383356973e-7,-3.476752004871372e-8,1.4999776031071787e-6,2.952107395728673e-5,1.0302736307943846e-8,-9.789534200848217e-9,6.371504739555755e-6,9.844137048004109e-6,2.979097088568988e-5,6.242512045132849e-7,-1.253722421978758e-7,9.965754033506412e-9,-0.0029722266538457385,0.00010146664893789147,-1.1514879195022837e-9,-2.262745864428636e-6,-9.551445466014723e-5,0.0005177908719932666,-0.00020438342177934272,-1.4454932080037412e-9,-5.369391366304197e-10,0.0001204423225208176,0.0027955940732431626,-1.6377328285901023e-5,9.652716827903816e-9,-0.00041187296470448435,9.775565211945383e-5,-0.0003161667170920157,1.621035401769996e-6,-3.820726640917005e-7,-1.4930686384023463e-6,1.003096255170134e-5,-0.0013499016887180877,-0.0009011885090068743,-0.0010405974468579284,0.0005324667057435299,1.6811478591698022e-9,-2.4205187893797308e-9,2.6303586672754084e-7,0.0001445206472924301,1.1973363164342403e-10
0.0,0.0,0.0,0.0,0.0,0.0,0.0,0.0,0.0,0.0,0.0,0.0,0.0,0.0,0.0,0.0,0.0,0.0,0.0,0.0,0.0,0.0,0.0,0.0,0.0,0.0,0.0,0.0,0.0,0.0,0.0,0.0,0.0,0.0,0.0,0.0,0.0,0.0,0.0,0.0,0.0,0.0,0.0,0.0,0.0,0.0,0.0,0.0,0.0,0.0,0.0,0.0,0.0,0.0,0.0,0.0,0.0,0.0,0.0,0.0,0.0,0.0,0.0,0.0,0.0,0.0,0.0,0.0,0.0,0.0,0.0,0.0,0.0,0.0,0.0,0.0,0.0,0.0,0.0,0.0,0.0,0.0,0.0,0.0,0.0,0.0,0.0,0.0,0.0,0.0,0.0,0.0,0.0,0.0,0.0,0.0,0.0,0.0,0.0,0.0,0.0,0.0,0.0,0.0,0.0,0.0,0.0,0.0,0.0,0.0,0.0,0.0,0.0,0.0,0.0,0.0,0.0,0.0,0.0,0.0,0.0,0.0,0.0,0.0,0.0,0.0,0.0,0.0,0.0,0.0,0.0,0.0,0.0,0.0,0.0,0.0,0.0,0.0,0.0,0.0,0.0,0.0,0.0,0.0,0.0,0.0,0.0,0.0,0.0,0.0,0.0,0.0,0.0,0.0,0.0,0.0,0.0,0.0,0.0,0.0,0.0,0.0,0.0,0.0,0.0,0.0,0.0,0.0,0.0,0.0,0.0,0.0,0.0,0.0,0.0,0.0,0.0,0.0,0.0,0.0,0.0,0.0,0.0,0.0,0.0,0.0,0.0,0.0,0.0,0.0,0.0,0.0,0.0,0.0,0.0,0.0,0.0,0.0,0.0,0.0,0.0,0.0,0.0,0.0,0.0,0.0,0.0,0.0,0.0,0.0,0.0,0.0,0.0,0.0,0.0,0.0,0.0,0.0,0.0,0.0,0.0,0.0,0.0,0.0,0.0,0.0,0.0,0.0,0.0,0.0,0.0,0.0,0.0,0.0,0.0,0.0,0.0,0.0,0.0,0.0,0.0,0.0,0.0,0.0,0.0,0.0,0.0,0.0,0.0,0.0,0.0,0.0,0.0,0.0,0.0,0.0,0.0,0.0,0.0,0.0,0.0,0.0,0.0,0.0,0.0,0.0,0.0,0.0,0.0,0.0,0.0,0.0,0.0,0.0,0.0,0.0,0.0,0.0,0.0,0.0,0.0,0.0,0.0,0.0,0.0,0.0,0.0,0.0,0.0,0.0,0.0,0.0,0.0,0.0,0.0,0.0,0.0,0.0,0.0,0.0,0.0,0.0,0.0,0.0,0.0,0.0,0.0,0.0,0.0,0.0,0.0,0.0,0.0,0.0,0.0,0.0,0.0,0.0,0.0,0.0,0.0,0.0,0.0,0.0,0.0,0.0,0.0,0.0,0.0,0.0,0.0,0.0,0.0,0.0,0.0,0.0,0.0,0.0,0.0,0.0,0.0,0.0,0.0,0.0,0.0,0.0,0.0,0.0,0.0,0.0,0.0,0.0,0.0,0.0,0.0,0.0,0.0,0.0,0.0,0.0,0.0,0.0,0.0,0.0,0.0,0.0,0.0,0.0,0.0,0.0,0.0,0.0,0.0,0.0,0.0,0.0,0.0,0.0,0.0,0.0,0.0,0.0,0.0,0.0,0.0,0.0,0.0,0.0,0.0,0.0,0.0,0.0,0.0,0.0,0.0,0.0,0.0,0.0,0.0,0.0,0.0,0.0,0.0,0.0,0.0,0.0,0.0,0.0,0.0,0.0,0.0,0.0,0.0,0.0,0.0,0.0,0.0,0.0,0.0,0.0,0.0,0.0,0.0,0.0,0.0,0.0,0.0,0.0,0.0,0.0,0.0,0.0,0.0,0.0,0.0,0.0,0.0,0.0,0.0,0.0,0.0,0.0,0.0,0.0,0.0,0.0,0.0,0.0,0.0,0.0,0.0,0.0,0.0,0.0,0.0,0.0,0.0,0.0,0.0,0.0,0.0,0.0,0.0,0.0,0.0,0.0,0.0,0.0,0.0,0.0,0.0,0.0,0.0,0.0,0.0,0.0,0.0,0.0,0.0,0.0,0.0,0.0,0.0,0.0,0.0,0.0,0.0,0.0,0.0,0.0,0.0,0.0,0.0,0.0,0.0,0.0,0.0,0.0,0.0,0.0,0.0,0.0,0.0,0.0,0.0,0.0,0.0,0.0,0.0,0.0,0.0,0.0,0.0,0.0,0.0,0.0,0.0,0.0,0.0,0.0,0.0,0.0,0.0,0.0,0.0,0.04495858568163189,-0.00026105941676203185,0.0002087237198542597,0.010786794551391568,-2.276326130922252e-6,2.912539469372665e-5,-0.00021577604748377463,-6.461868955632402e-7,-1.2693976167690398e-10,1.704236623448694e-6,-1.1366968441193715e-5,-0.00047886549110645024,-0.0024641158960682767,0.0026589319354901907,4.500689957583745e-6,-4.1151123460878076e-5,-7.014216850168824e-9,7.2229568962983e-8,-0.001105625855000957,-1.321941178551153e-5,0.00037799485961646036,-2.6370510039322995e-5,0.0007354679102902965,-1.3219591666723684e-13,-0.00653630375717885,-1.6626555346450559e-6,3.7949855275791577e-6,0.00013046609234928299,0.00015674466367513956,-0.013987112989727664,-0.00033518453406734415,2.5199401983507794e-5,2.7318682224553673e-10,1.7094153722761158e-6,-1.605180485254623e-9,-8.075791318153203e-10,4.3733553719220645e-5,7.182163308459638e-11,-4.8889234428147415e-6,-0.0054362209413633,0.0012049671019290409,-1.5997361198930816e-11,-2.6727791447017486e-7,0.00014539628792562662,7.186700584294152e-5,-2.433259295765119e-10,-8.475939101164292e-10,-5.1466038252962536e-5,-8.614813411147914e-10,0.0021653281802477813,3.6196056916005476e-7,4.455607688689715e-6,-8.336082659584492e-6,0.0007335128629025213,-0.000140398665734842,-9.479729378046598e-6,-1.1620325506928624e-9,-4.857700320423065e-7,0.00530369149862318,-0.0006970377484857078,0.0027552596424370765,-1.912347957618877e-11,5.897711473179329e-9,-3.0343964718575257e-6,-7.783290580487633e-5,-0.0012921100648672784,2.3274461762994377e-6,-0.002654973078637082,0.00031907963261173025,-2.1275792187011656e-5,-0.0026817035863861364,-0.00010672362229394364,6.565615347885218e-10,1.2201267937457139e-5,-5.748798137548144e-6,2.0517207753908195e-12,4.651646736118624e-5,1.542331822056012e-6,1.1020999696755833e-7,2.9520944617583976e-7,2.551463414893579e-5,-1.1388399693214001e-6,2.505090102649056e-11,1.266069518717723e-10,1.1097283680052704e-11,-1.6434970923983138e-5,-0.0006270630734757542,0.0010809150994954802,8.082058118639507e-8,3.862366651006231e-7,8.315913733670506e-12,6.27909365629807e-7,-6.74824718224944e-9,-0.0020240518552961132,-4.6924761535845605e-12,0.0019358194818315147,-1.8885130598596875e-5,8.607499211246015e-6,-1.2591966585746691e-8,0.000533970894175848,0.0035115322103596667,0.0011315690484433587,1.7978809363667077e-10,1.3378901528656274e-7,-1.517584330758431e-8,0.0012332547881289762,1.6727841641397357e-8,0.00041381726034435173,-1.4460045909186698e-6,-5.589246650764278e-9,-9.985411727113162e-5,1.3378879952092523e-7,6.60255927361737e-8,5.208903734096616e-6,-1.2355095227152663e-6,-0.00043034946464234517,-2.9783565374160187e-10,-3.5185146179254425e-10,0.0003797347988414017,-4.826820823212473e-7,-2.822319783165942e-9,-4.660250710085424e-6,2.327903338474342e-8,-0.00207915941707799,1.842111880219442e-7,-0.0001763085758265047,5.434960964178622e-5,-7.2754948548826e-11,-1.2057878888787714e-5,4.825301783691383e-11,-1.5510647384056526e-11,-5.1476685288474235e-6,-7.347206956095366e-6,-0.00012459967187578537,-1.4319726604541472e-10,4.754661350281321e-9,-0.00011411500273525824,0.00013797843816034478,0.00018674455994817715,0.0008009298947860106,-0.000315899430120815,-7.680281776532962e-10,8.508268668668214e-6,-7.314799999889392e-10,1.143391166295996e-6,-2.9873057933308884e-7,0.006979307686020968,0.001509271665126986,-1.9569008829290178e-10,-6.111568646708728e-7,0.00020778947266190587,-0.00017296732490863174,-4.4029385450663427e-8,-1.1106340018983007e-6,-0.002078229197787936,2.190418255316526e-11,4.701733307851817e-9,0.004176715387404867,-6.106716310562584e-5,-3.84058156261178e-5,-0.0005063651450909981,7.691009611917662e-5,6.647208941253757e-8,0.00037402524088872867,-1.130210841509289e-11,-2.3066718133736585e-9,-4.6599662150237364e-7,-1.0396053233322897e-10,-0.0014877503523091575,0.00013458869604156853,-2.1917859538839335e-5,7.686450779805621e-9,-5.395809087466496e-7,8.845108248108717e-9,1.876195815876948e-11,0.00044181244092125006,-3.9599665566641945e-6,1.1736029501896908e-5,-2.178144352429283e-5,0.006207621511638382,-5.4060361640579585e-5,4.221999509529761e-9,0.0004011004117813955,2.7432555801614854e-8,3.11891308936317e-7,9.265040045671151e-9,3.2813707373004144e-7,8.610159742334472e-11,3.393178856776764e-5,1.1048297732131869e-7,1.1104215010717192e-10,-2.5050903083885365e-10,-3.099365259124318e-5,-2.9952793295912972e-5,5.955381685234095e-6,-4.0647015054934023e-7,-1.106517694355888e-5,1.6677847989361023e-7,-8.81364197320263e-6,-2.9378819939070413e-7,-2.5851602066863328e-9,7.959879252464584e-8,6.497914142335617e-11,4.5801181606789395e-6,1.578417626963424e-9,-7.996657606877596e-7,3.4277397486533347e-7,6.160068749760013e-8,9.103404535227793e-7,1.529926019313348e-9,-1.816156899950124e-10,6.798435499927633e-10,9.94989870131493e-6,-4.3491783027318834e-8,-0.0002700282919227792,1.0575721095286277e-5,2.602677238177488e-11,0.0017629068497224184,0.0030345441154641865,-4.104074455721184e-8,6.874520245419114e-5,1.7766789215626265e-6,-1.84479899762631e-9,-0.008388563691674594,9.312591280858894e-5,0.0001380694638794188,-1.6910898294521375e-8,-2.8682527382035474e-5,1.710025349033122e-11,-0.00039440554732902977,3.990129704331397e-5,-8.070746824509542e-8,-0.006006718315815579,4.007687337156546e-10,-0.0005442101630234498,7.259279448800073e-10,-5.174506913053872e-10,6.73893038046212e-12,5.397427293408003e-5,0.0008237103409501812,-0.0002784187268068985,8.695808941860307e-5,4.566871193815309e-11,0.00647892850916739,3.939402784932675e-5,6.438848440780684e-6,2.1058655039651964e-8,-5.535118512775932e-5,-9.935034893488524e-6,-3.191408953183023e-5,-3.007840066514176e-7,6.548465441021125e-8,0.00018797899101919308,1.5628168668399282e-5,1.1226556570223582e-8,-9.176934884947137e-8,-2.61097018239968e-5,-0.007009184857437735,5.194014082679909e-5,5.552472790812122e-9,5.517250660942686e-5,-0.009809552776475893,-0.0005614436673056488,-3.633436644660945e-11,1.4926839268240607e-9,4.096965157451159e-8,-1.3620959841751022e-8,1.3545982957102984e-7,-1.039254896013126e-7,5.6595768145809434e-5,-2.945466462626684e-5,7.282965379391706e-11,1.0558516816502573e-6,-6.525613869116424e-6
0.0,0.0,0.0,0.0,0.0,0.0,0.0,0.0,0.0,0.0,0.0,0.0,0.0,0.0,0.0,0.0,0.0,0.0,0.0,0.0,0.0,0.0,0.0,0.0,0.0,0.0,0.0,0.0,0.0,0.0,0.0,0.0,0.0,0.0,0.0,0.0,0.0,0.0,0.0,0.0,0.0,0.0,0.0,0.0,0.0,0.0,0.0,0.0,0.0,0.0,0.0,0.0,0.0,0.0,0.0,0.0,0.0,0.0,0.0,0.0,0.0,0.0,0.0,0.0,0.0,0.0,0.0,0.0,0.0,0.0,0.0,0.0,0.0,0.0,0.0,0.0,0.0,0.0,0.0,0.0,0.0,0.0,0.0,0.0,0.0,0.0,0.0,0.0,0.0,0.0,0.0,0.0,0.0,0.0,0.0,0.0,0.0,0.0,0.0,0.0,0.0,0.0,0.0,0.0,0.0,0.0,0.0,0.0,0.0,0.0,0.0,0.0,0.0,0.0,0.0,0.0,0.0,0.0,0.0,0.0,0.0,0.0,0.0,0.0,0.0,0.0,0.0,0.0,0.0,0.0,0.0,0.0,0.0,0.0,0.0,0.0,0.0,0.0,0.0,0.0,0.0,0.0,0.0,0.0,0.0,0.0,0.0,0.0,0.0,0.0,0.0,0.0,0.0,0.0,0.0,0.0,0.0,0.0,0.0,0.0,0.0,0.0,0.0,0.0,0.0,0.0,0.0,0.0,0.0,0.0,0.0,0.0,0.0,0.0,0.0,0.0,0.0,0.0,0.0,0.0,0.0,0.0,0.0,0.0,0.0,0.0,0.0,0.0,0.0,0.0,0.0,0.0,0.0,0.0,0.0,0.0,0.0,0.0,0.0,0.0,0.0,0.0,0.0,0.0,0.0,0.0,0.0,0.0,0.0,0.0,0.0,0.0,0.0,0.0,0.0,0.0,0.0,0.0,0.0,0.0,0.0,0.0,0.0,0.0,0.0,0.0,0.0,0.0,0.0,0.0,0.0,0.0,0.0,0.0,0.0,0.0,0.0,0.0,0.0,0.0,0.0,0.0,0.0,0.0,0.0,0.0,0.0,0.0,0.0,0.0,0.0,0.0,0.0,0.0,0.0,0.0,0.0,0.0,0.0,0.0,0.0,0.0,0.0,0.0,0.0,0.0,0.0,0.0,0.0,0.0,0.0,0.0,0.0,0.0,0.0,0.0,0.0,0.0,0.0,0.0,0.0,0.0,0.0,0.0,0.0,0.0,0.0,0.0,0.0,0.0,0.0,0.0,0.0,0.0,0.0,0.0,0.0,0.0,0.0,0.0,0.0,0.0,0.0,0.0,0.0,0.0,0.0,0.0,0.0,0.0,0.0,0.0,0.0,0.0,0.0,0.0,0.0,0.0,0.0,0.0,0.0,0.0,0.0,0.0,0.0,0.0,0.0,0.0,0.0,0.0,0.0,0.0,0.0,0.0,0.0,0.0,0.0,0.0,0.0,0.0,0.0,0.0,0.0,0.0,0.0,0.0,0.0,0.0,0.0,0.0,0.0,0.0,0.0,0.0,0.0,0.0,0.0,0.0,0.0,0.0,0.0,0.0,0.0,0.0,0.0,0.0,0.0,0.0,0.0,0.0,0.0,0.0,0.0,0.0,0.0,0.0,0.0,0.0,0.0,0.0,0.0,0.0,0.0,0.0,0.0,0.0,0.0,0.0,0.0,0.0,0.0,0.0,0.0,0.0,0.0,0.0,0.0,0.0,0.0,0.0,0.0,0.0,0.0,0.0,0.0,0.0,0.0,0.0,0.0,0.0,0.0,0.0,0.0,0.0,0.0,0.0,0.0,0.0,0.0,0.0,0.0,0.0,0.0,0.0,0.0,0.0,0.0,0.0,0.0,0.0,0.0,0.0,0.0,0.0,0.0,0.0,0.0,0.0,0.0,0.0,0.0,0.0,0.0,0.0,0.0,0.0,0.0,0.0,0.0,0.0,0.0,0.0,0.0,0.0,0.0,0.0,0.0,0.0,0.0,0.0,0.0,0.0,0.0,0.0,0.0,0.0,0.0,0.0,0.0,0.0,0.0,0.0,0.0,0.0,0.0,0.0,0.0,0.0,0.0,0.0,0.0,0.0,0.0,0.0,0.0,0.0,0.0,0.0,0.0,0.0,0.0,0.0,0.0,0.0,0.0,0.0,0.0,0.0,0.0,0.0,0.0,0.0,0.0,0.0,0.0,0.0,0.0,0.0,0.0,0.0,0.0,0.0,0.0,0.0,0.0,0.0,0.0,0.0,0.0,0.0,0.0,0.0,0.0,0.0,0.0,0.0,0.03512660742952105,-0.005829057492480661,0.0007577823623731756,-4.397071306197858e-9,-0.0011902319270324655,0.0052335932822544975,-1.2692426986341793e-8,-1.2358418032063063e-12,-3.0625449796162384e-8,2.0867000222787875e-6,0.0017966422227403752,0.00011118258029638646,-0.006121655045074961,-5.292877493503043e-7,-0.0011559640057681535,4.68460429307249e-10,1.8213972578777955e-9,-0.0013913134522923994,3.917401467374904e-8,0.000378005932768511,-0.00028790415904981473,-0.0001047210546262678,-8.742220330378259e-13,0.0006422889518865188,4.01992915337003e-9,-1.293458436791969e-8,-0.0021281522007952957,-0.0007591617849584117,-6.9209789434080554e-6,-0.0002648813454554075,4.47299337096477e-8,-3.766774715185077e-12,0.00015838515521879028,5.203724365407724e-11,-6.5772361654366125e-12,5.346874160541218e-5,5.025380361450203e-13,1.2500282006456634e-7,0.0001317704802078246,4.2108474616943665e-5,6.327996796677343e-13,4.740112035381142e-9,3.892755673436407e-6,-0.006539794648936978,-1.9527071194677087e-12,-1.619667659941865e-11,-0.0056939572149692945,-7.601528701570896e-11,-9.759712227460823e-5,-1.6035708765840444e-8,-3.5440414018951963e-7,-1.2568756261419365e-7,4.53491097715499e-5,-0.0009119197593669374,-1.6650625372457444e-5,-6.439402114858035e-10,-4.1476193763014115e-9,0.0005240946820164032,0.0019745973839900323,-0.0030613723825025246,-6.144081613854356e-14,5.525615171445366e-11,4.045615713241185e-6,0.003076174374925372,2.9253438704179636e-6,-0.000365847433182791,0.000824060754800619,-5.24202562390087e-6,1.938548229543845e-6,6.0721921745974486e-5,-3.407349115872828e-5,6.257252876784175e-11,2.5454638928913246e-7,1.4447662434986684e-5,2.014921819542339e-13,-6.565840539195529e-7,-2.3863650019558016e-8,-7.655304968095876e-9,1.6655280944732481e-9,0.00037797867317756876,-0.00015025461903642065,5.280573133755801e-14,8.233890319319875e-14,2.379526204555262e-13,-1.0840818328345463e-6,-0.0025808071118737196,-0.0001368509628581757,-1.321216471832363e-10,-9.084929825835735e-9,1.776053084134253e-13,6.30916202394028e-9,-1.4392585286439894e-11,-2.6069328913135928e-5,3.069702177459172e-13,5.0861652867699545e-5,8.882604096894744e-7,-1.4540544414899378e-7,2.2567401276008356e-12,-7.864051715054117e-5,0.00039485178020774947,4.1016063022709225e-5,1.6882345913551708e-12,-0.00018979405804874495,2.62932430922485e-12,-0.0019983659928223137,2.642694054753654e-10,-0.011980739076726839,-0.00013673464051570285,-1.2568389347801472e-10,8.036315682146689e-7,2.862042207086077e-9,6.420823514139551e-11,2.503345896742847e-8,-2.1232774767850014e-8,0.000970605223467942,5.226308094592702e-12,-1.6489319528913453e-11,-6.5927551267513875e-6,-4.759085548608006e-9,-9.999930453720097e-12,-6.943108329438547e-7,-3.654089853078402e-10,0.00012528763155660014,-3.381575465344302e-8,0.0006130244384817379,-3.037270759611488e-7,-2.3231064512380092e-12,-0.0003608553862189747,1.3997133755983424e-11,5.778770674697271e-14,1.7192894746732618e-7,-0.00011388199386889218,-0.0020693003430581366,5.192216370914332e-12,4.348520779935226e-11,1.7252271956866403e-5,0.0009316702621803435,0.0017724707332735727,-0.000612256159919278,-2.15732891072953e-7,-8.394995229109186e-12,2.701762787103557e-7,7.621774817049233e-12,-0.0001847896228878691,-4.3346367301130534e-8,5.846808357273447e-5,1.6767114413769346e-5,5.029131976006865e-12,-7.026628783193437e-8,-0.0018620789419821458,6.647098902398667e-6,-3.900845278673987e-9,-2.6130917149802115e-8,0.005839495118299592,3.5090938769390997e-12,2.466557728309467e-11,0.0007226933047956815,-2.4685606020885573e-6,4.908894346874753e-6,3.965397559110781e-6,0.0011071807812829103,-1.6869416820144735e-9,3.9852490713512675e-7,-8.009343892915278e-14,-5.8535743885088495e-12,-6.828639296113964e-9,-2.791637085643352e-12,2.6660095122150847e-5,0.00040433462371885213,-9.747731833316895e-5,-9.890962826351294e-10,-2.1190275970640003e-8,-2.2483937160798036e-10,-1.6442097193578652e-13,0.0007753146868549353,-1.2702923458936888e-7,-0.0004370519463146983,6.31598222040318e-5,-0.00018538974033213525,0.006694043203192869,6.313084401246581e-11,0.0009744771155633699,-1.7658930831981595e-9,6.846632298951121e-9,1.397832761953825e-10,-0.00014063185641034726,1.6510577386745824e-11,-1.20865005572789e-7,-8.214272136291176e-10,5.330540027521001e-13,-5.093122487991255e-13,1.5972845871785626e-6,-6.73984522834567e-7,6.453694363579982e-5,9.760986127153061e-5,0.00040415519358707574,1.6317139935574783e-9,-0.0016646289313143048,-8.127591029632555e-9,-9.147489280643014e-11,2.5437289742038775e-10,4.796191215741562e-13,-4.4151839326247904e-8,2.7011761984144343e-12,4.053315490048379e-5,7.726533690520264e-9,-6.007400544073354e-11,-3.104856951406725e-7,1.1931923608355726e-11,-4.182429361113254e-12,1.2521914942297665e-11,0.0006319236088334255,2.7159880909091454e-10,0.0001049408838057241,5.370808448576484e-8,1.347987074476326e-14,-2.7082154315397807e-5,-0.0023788799633009316,4.332187840565264e-8,-0.0026432362558456496,5.048053742159605e-9,-9.262889220279407e-12,-0.0005075586945481096,5.559323274994642e-7,-7.8666736027349e-6,1.6882431183130373e-10,-4.3672117345377887e-7,-5.707779937552959e-14,0.0031451121785302273,-1.6844001526019377e-6,-8.365977649022382e-9,-0.0001549314472479128,8.003875935142847e-12,0.00037537634342241395,4.227499316018625e-12,4.915250275957631e-11,-2.814970776404706e-14,0.0004207346144915901,-0.00012651525718366106,1.6071410363377665e-6,-2.6110749112183215e-6,5.047458454179242e-13,-0.00020867384936468241,0.0009517434421103153,3.226157834340408e-8,1.4535959299450806e-10,0.0017739719849102127,-2.5120988653197965e-6,9.688393523412524e-7,1.481499340371775e-9,4.337287845717814e-9,0.003067161899393112,-0.0018528343340951938,-5.850371341105424e-11,9.923294319155523e-11,3.507095522034276e-8,-0.0003385985207862792,3.6558652755518836e-7,-1.8350765227908863e-11,-1.5674688163074606e-7,-0.00012161389054661734,0.00023298798662189585,5.115784129828498e-12,1.0678465020617593e-11,1.574504096091201e-9,8.517615215988967e-10,2.150033096526192e-9,-8.366350683897539e-11,0.0022827720758452157,0.0011385444958100176,6.745317692302327e-13,5.076671636883231e-8,-0.0002033738726955305
0.0,0.0,0.0,0.0,0.0,0.0,0.0,0.0,0.0,0.0,0.0,0.0,0.0,0.0,0.0,0.0,0.0,0.0,0.0,0.0,0.0,0.0,0.0,0.0,0.0,0.0,0.0,0.0,0.0,0.0,0.0,0.0,0.0,0.0,0.0,0.0,0.0,0.0,0.0,0.0,0.0,0.0,0.0,0.0,0.0,0.0,0.0,0.0,0.0,0.0,0.0,0.0,0.0,0.0,0.0,0.0,0.0,0.0,0.0,0.0,0.0,0.0,0.0,0.0,0.0,0.0,0.0,0.0,0.0,0.0,0.0,0.0,0.0,0.0,0.0,0.0,0.0,0.0,0.0,0.0,0.0,0.0,0.0,0.0,0.0,0.0,0.0,0.0,0.0,0.0,0.0,0.0,0.0,0.0,0.0,0.0,0.0,0.0,0.0,0.0,0.0,0.0,0.0,0.0,0.0,0.0,0.0,0.0,0.0,0.0,0.0,0.0,0.0,0.0,0.0,0.0,0.0,0.0,0.0,0.0,0.0,0.0,0.0,0.0,0.0,0.0,0.0,0.0,0.0,0.0,0.0,0.0,0.0,0.0,0.0,0.0,0.0,0.0,0.0,0.0,0.0,0.0,0.0,0.0,0.0,0.0,0.0,0.0,0.0,0.0,0.0,0.0,0.0,0.0,0.0,0.0,0.0,0.0,0.0,0.0,0.0,0.0,0.0,0.0,0.0,0.0,0.0,0.0,0.0,0.0,0.0,0.0,0.0,0.0,0.0,0.0,0.0,0.0,0.0,0.0,0.0,0.0,0.0,0.0,0.0,0.0,0.0,0.0,0.0,0.0,0.0,0.0,0.0,0.0,0.0,0.0,0.0,0.0,0.0,0.0,0.0,0.0,0.0,0.0,0.0,0.0,0.0,0.0,0.0,0.0,0.0,0.0,0.0,0.0,0.0,0.0,0.0,0.0,0.0,0.0,0.0,0.0,0.0,0.0,0.0,0.0,0.0,0.0,0.0,0.0,0.0,0.0,0.0,0.0,0.0,0.0,0.0,0.0,0.0,0.0,0.0,0.0,0.0,0.0,0.0,0.0,0.0,0.0,0.0,0.0,0.0,0.0,0.0,0.0,0.0,0.0,0.0,0.0,0.0,0.0,0.0,0.0,0.0,0.0,0.0,0.0,0.0,0.0,0.0,0.0,0.0,0.0,0.0,0.0,0.0,0.0,0.0,0.0,0.0,0.0,0.0,0.0,0.0,0.0,0.0,0.0,0.0,0.0,0.0,0.0,0.0,0.0,0.0,0.0,0.0,0.0,0.0,0.0,0.0,0.0,0.0,0.0,0.0,0.0,0.0,0.0,0.0,0.0,0.0,0.0,0.0,0.0,0.0,0.0,0.0,0.0,0.0,0.0,0.0,0.0,0.0,0.0,0.0,0.0,0.0,0.0,0.0,0.0,0.0,0.0,0.0,0.0,0.0,0.0,0.0,0.0,0.0,0.0,0.0,0.0,0.0,0.0,0.0,0.0,0.0,0.0,0.0,0.0,0.0,0.0,0.0,0.0,0.0,0.0,0.0,0.0,0.0,0.0,0.0,0.0,0.0,0.0,0.0,0.0,0.0,0.0,0.0,0.0,0.0,0.0,0.0,0.0,0.0,0.0,0.0,0.0,0.0,0.0,0.0,0.0,0.0,0.0,0.0,0.0,0.0,0.0,0.0,0.0,0.0,0.0,0.0,0.0,0.0,0.0,0.0,0.0,0.0,0.0,0.0,0.0,0.0,0.0,0.0,0.0,0.0,0.0,0.0,0.0,0.0,0.0,0.0,0.0,0.0,0.0,0.0,0.0,0.0,0.0,0.0,0.0,0.0,0.0,0.0,0.0,0.0,0.0,0.0,0.0,0.0,0.0,0.0,0.0,0.0,0.0,0.0,0.0,0.0,0.0,0.0,0.0,0.0,0.0,0.0,0.0,0.0,0.0,0.0,0.0,0.0,0.0,0.0,0.0,0.0,0.0,0.0,0.0,0.0,0.0,0.0,0.0,0.0,0.0,0.0,0.0,0.0,0.0,0.0,0.0,0.0,0.0,0.0,0.0,0.0,0.0,0.0,0.0,0.0,0.0,0.0,0.0,0.0,0.0,0.0,0.0,0.0,0.0,0.0,0.0,0.0,0.0,0.0,0.0,0.0,0.0,0.0,0.0,0.0,0.0,0.0,0.0,0.0,0.0,0.0,0.0,0.0,0.0,0.0,0.0,0.0,0.0,0.0,0.0,0.0,0.0,0.0,0.0,0.0,0.0,0.0,0.0,0.0,0.0,0.0,0.0,0.0,0.0,0.0,0.0461027456781394,-7.467861937602424e-6,5.950600002119415e-8,0.0009253657268261566,-0.01034469516935533,1.8827931314538307e-9,-2.672502551745956e-13,-2.286723718987923e-8,7.108437522426848e-7,0.0019485202881029766,1.205900048862469e-5,-0.002330903312413263,2.2928732185270585e-7,-0.001021339978637376,1.8953315019271045e-10,-8.568524251851114e-10,0.003404452833396607,3.398737349380121e-8,0.00047062682735836913,-0.0018232354713920117,0.0006619865064108344,6.066766594664239e-13,-0.00023215105456941718,2.5006124764565388e-8,-4.4680196818151516e-8,0.0048316846466629065,0.008942816537789505,-3.8632304816667254e-5,-0.00011902468741761832,6.601839211836666e-8,-7.751647866547639e-13,-0.00011619127032611678,4.639393918414455e-11,-8.888911771212629e-13,-9.724503536952085e-5,6.239503853927482e-14,3.784760673771674e-8,-0.00011930086514620599,-7.59279487354741e-5,2.0255094848433e-13,2.1568729128351443e-9,9.819200550295254e-8,-0.004639853171505091,5.064584600256504e-13,6.499550905444947e-12,0.010636488541170863,3.947440168421849e-11,-1.114754499160544e-5,-5.248229193299483e-9,-2.7248005158550865e-7,9.859229716349802e-8,-2.1648977008619962e-5,0.002904233706773441,1.1969781013043275e-6,8.09958725338967e-10,1.0569603931472472e-9,-7.493791776952541e-5,-0.0016551360999972544,0.0033161668969386524,-9.824670678083752e-14,-5.816452386761017e-11,0.00010907360803537004,-0.009055830765253178,5.417420347408317e-6,0.0005929654851121305,-0.00044163134323063863,-9.233712275359936e-6,5.2519270098562403e-8,1.0150577213882793e-5,1.7917707046024106e-6,4.4345637953165476e-11,-6.530147847211397e-7,-0.0005329465668176644,2.2154375590371795e-14,6.455059385249555e-7,5.4779466088775624e-8,-3.3023090265091427e-9,1.75866840698659e-9,0.001102494621573678,6.543963182819313e-5,3.726732294239313e-15,-4.149511240709358e-13,3.805696842603867e-15,-1.1897601294948073e-6,0.0011891970516809337,9.699533788100291e-5,-1.1733585645750528e-9,4.18469495753815e-9,-1.5569553274109618e-13,-1.7033863903626874e-9,-1.3490061716621171e-12,9.57683216227866e-5,-1.0408086060294597e-13,-3.523244312578175e-5,-1.692870937706302e-7,1.2556563458701598e-7,-1.452813188242161e-10,9.418060758447959e-5,0.0004475460509665418,-2.5098417455556416e-5,3.0005210156446806e-13,0.00017765129592632866,-4.9371318757818455e-12,-0.0023666574675009376,-2.0220811048777773e-10,0.0028479614356979733,1.8053798754240614e-5,4.620992401024896e-11,-1.8068674977524197e-6,-4.992349271917591e-10,9.510152123284204e-11,4.325437132888573e-8,1.801854988512018e-8,-0.004370012829392846,-2.2262997484742268e-12,-3.139352992081324e-12,1.6679353490880937e-6,3.252844525306948e-9,9.311012315415644e-12,9.009756553079713e-8,4.4978044365177143e-10,-0.00014743803374624994,-1.653857132056328e-8,0.002290600684536269,2.3215823069628048e-7,2.8119382993567232e-14,0.0021909641824639178,-1.5196599547737877e-11,-4.041325659704361e-14,-1.3561847737521716e-9,-0.0006329151414222933,-0.0048903752821238275,2.4099896547918606e-12,-1.517205896741344e-11,-4.545282401557963e-5,0.0025805509737870723,0.0009396489513590131,0.00023647882852531396,-1.8849941321209816e-6,-4.175359341831928e-12,1.3946587353476692e-7,-1.3810922821653346e-11,0.0007370625110707643,-4.223127773480113e-8,6.948693615681524e-5,4.419520841619954e-6,-5.77141070587218e-12,-2.434310611651572e-8,0.0026714084968196498,-1.0063384913014952e-6,5.738860166900259e-10,-1.794196650799765e-8,-0.0020324622690601167,-2.2617224125632926e-12,9.34641636461711e-11,-4.691549624964095e-5,1.171237366864231e-6,-6.183598479897357e-7,3.3803715482523684e-6,0.002488536119378566,2.8962110112414866e-10,-2.1513670825096886e-6,-1.2665648063372655e-15,8.996488070926799e-12,-1.658268866803153e-8,6.635758194032555e-13,-7.86782489922116e-6,-0.0005219104263817528,-0.0015713636478320026,9.038021586103265e-10,-5.362498901852456e-9,4.988493884965966e-11,3.1781140214560274e-13,0.0017607687961843997,1.6384821517919272e-7,-0.0018298111196143557,2.384461816577873e-5,-4.036281520649556e-5,-0.0071689781214637005,-5.079934378926387e-12,-1.1008524335099047e-5,-1.1577749276518664e-10,5.9551122651923445e-9,5.5980023498670676e-11,-9.741763794914139e-6,-1.337670681243295e-12,5.360451599927088e-7,-6.353680706582111e-10,1.4266375409259623e-13,8.701538891875602e-13,3.137326575062487e-6,7.238500214995054e-7,-0.0004212468832698977,-6.181404828850511e-5,-0.00044255224058957075,-8.573690603815671e-10,0.0039005994729631294,1.7283026957794953e-9,1.7306820667659816e-11,1.1613916018336802e-10,1.0852911737831166e-13,-2.6264079866674068e-8,1.446678329637112e-11,-9.664625696011316e-5,-2.2779246022385704e-10,-3.0647340768716673e-10,1.8229178087780692e-7,2.96563545915973e-12,1.6388459041596444e-12,-4.34438207398089e-12,0.00012311219796669757,8.026503942964848e-10,-0.0003323925992406612,-1.2480009188359763e-9,-1.6059007271057517e-13,2.3498061816245103e-5,0.0006446323540604363,4.470988596576011e-9,0.0036554493051257674,-2.3717947164501e-8,1.9636965066749904e-11,9.175980553800571e-5,-1.1576188247379851e-6,-3.107597520953746e-6,-1.6106199288232099e-10,-7.627627175214912e-7,1.2900522325681848e-13,-0.002700605602883421,1.8218670380574656e-6,8.768455766225289e-10,2.2798426932950612e-5,-1.019139435465307e-12,-0.000157030852471235,2.4307140293054894e-12,-4.781687708970522e-11,8.193112400196709e-14,-0.003728289350580638,0.00018099052745398542,-6.78278925764962e-7,-9.705060314743262e-7,2.5360805735836804e-14,0.0001405653164712993,-0.0011276297453301101,3.0387517892437535e-8,1.6082190152453764e-11,-0.012271472728441875,-7.631877651535438e-8,6.83188021951192e-8,1.4866093666882228e-9,1.2629514661844352e-9,-0.009661740907052793,0.001739643855802643,-4.20668202656445e-11,2.071253631583661e-9,-7.808962744796435e-8,-0.00037681862133479157,-8.137981382067319e-9,3.404011634290381e-11,1.1363019485722655e-6,0.00021312033078301303,-2.8965353807714227e-5,-2.491517392107302e-14,-2.1606907495846082e-11,4.2102787805617355e-10,-7.302716897476478e-11,-1.0404315119395789e-9,2.417362003019372e-10,-0.005015647437763238,-0.004865577716164988,-2.830354420632131e-13,-1.8966411274405615e-8,-0.00022767228933472577
0.0,0.0,0.0,0.0,0.0,0.0,0.0,0.0,0.0,0.0,0.0,0.0,0.0,0.0,0.0,0.0,0.0,0.0,0.0,0.0,0.0,0.0,0.0,0.0,0.0,0.0,0.0,0.0,0.0,0.0,0.0,0.0,0.0,0.0,0.0,0.0,0.0,0.0,0.0,0.0,0.0,0.0,0.0,0.0,0.0,0.0,0.0,0.0,0.0,0.0,0.0,0.0,0.0,0.0,0.0,0.0,0.0,0.0,0.0,0.0,0.0,0.0,0.0,0.0,0.0,0.0,0.0,0.0,0.0,0.0,0.0,0.0,0.0,0.0,0.0,0.0,0.0,0.0,0.0,0.0,0.0,0.0,0.0,0.0,0.0,0.0,0.0,0.0,0.0,0.0,0.0,0.0,0.0,0.0,0.0,0.0,0.0,0.0,0.0,0.0,0.0,0.0,0.0,0.0,0.0,0.0,0.0,0.0,0.0,0.0,0.0,0.0,0.0,0.0,0.0,0.0,0.0,0.0,0.0,0.0,0.0,0.0,0.0,0.0,0.0,0.0,0.0,0.0,0.0,0.0,0.0,0.0,0.0,0.0,0.0,0.0,0.0,0.0,0.0,0.0,0.0,0.0,0.0,0.0,0.0,0.0,0.0,0.0,0.0,0.0,0.0,0.0,0.0,0.0,0.0,0.0,0.0,0.0,0.0,0.0,0.0,0.0,0.0,0.0,0.0,0.0,0.0,0.0,0.0,0.0,0.0,0.0,0.0,0.0,0.0,0.0,0.0,0.0,0.0,0.0,0.0,0.0,0.0,0.0,0.0,0.0,0.0,0.0,0.0,0.0,0.0,0.0,0.0,0.0,0.0,0.0,0.0,0.0,0.0,0.0,0.0,0.0,0.0,0.0,0.0,0.0,0.0,0.0,0.0,0.0,0.0,0.0,0.0,0.0,0.0,0.0,0.0,0.0,0.0,0.0,0.0,0.0,0.0,0.0,0.0,0.0,0.0,0.0,0.0,0.0,0.0,0.0,0.0,0.0,0.0,0.0,0.0,0.0,0.0,0.0,0.0,0.0,0.0,0.0,0.0,0.0,0.0,0.0,0.0,0.0,0.0,0.0,0.0,0.0,0.0,0.0,0.0,0.0,0.0,0.0,0.0,0.0,0.0,0.0,0.0,0.0,0.0,0.0,0.0,0.0,0.0,0.0,0.0,0.0,0.0,0.0,0.0,0.0,0.0,0.0,0.0,0.0,0.0,0.0,0.0,0.0,0.0,0.0,0.0,0.0,0.0,0.0,0.0,0.0,0.0,0.0,0.0,0.0,0.0,0.0,0.0,0.0,0.0,0.0,0.0,0.0,0.0,0.0,0.0,0.0,0.0,0.0,0.0,0.0,0.0,0.0,0.0,0.0,0.0,0.0,0.0,0.0,0.0,0.0,0.0,0.0,0.0,0.0,0.0,0.0,0.0,0.0,0.0,0.0,0.0,0.0,0.0,0.0,0.0,0.0,0.0,0.0,0.0,0.0,0.0,0.0,0.0,0.0,0.0,0.0,0.0,0.0,0.0,0.0,0.0,0.0,0.0,0.0,0.0,0.0,0.0,0.0,0.0,0.0,0.0,0.0,0.0,0.0,0.0,0.0,0.0,0.0,0.0,0.0,0.0,0.0,0.0,0.0,0.0,0.0,0.0,0.0,0.0,0.0,0.0,0.0,0.0,0.0,0.0,0.0,0.0,0.0,0.0,0.0,0.0,0.0,0.0,0.0,0.0,0.0,0.0,0.0,0.0,0.0,0.0,0.0,0.0,0.0,0.0,0.0,0.0,0.0,0.0,0.0,0.0,0.0,0.0,0.0,0.0,0.0,0.0,0.0,0.0,0.0,0.0,0.0,0.0,0.0,0.0,0.0,0.0,0.0,0.0,0.0,0.0,0.0,0.0,0.0,0.0,0.0,0.0,0.0,0.0,0.0,0.0,0.0,0.0,0.0,0.0,0.0,0.0,0.0,0.0,0.0,0.0,0.0,0.0,0.0,0.0,0.0,0.0,0.0,0.0,0.0,0.0,0.0,0.0,0.0,0.0,0.0,0.0,0.0,0.0,0.0,0.0,0.0,0.0,0.0,0.0,0.0,0.0,0.0,0.0,0.0,0.0,0.0,0.0,0.0,0.0,0.0,0.0,0.0,0.0,0.0,0.0,0.0,0.0,0.0,0.0,0.0,0.0,0.0,0.0,0.0,0.0,0.0,0.0,0.0,0.0,0.0,0.0,0.0,0.0,0.0,0.0,0.0,0.0,0.0,0.0,0.0,0.0,0.0,0.0,0.0,0.0,0.0,0.0,0.0,0.04265341233542761,5.111977216021167e-6,1.2410065089134789e-5,0.0004006881756502147,-5.540744176030016e-7,-1.2396909084067122e-10,-8.963740617443348e-8,6.516480404330985e-5,-0.001044865755601212,0.002032042241834204,-6.126162585844507e-5,-3.5755884715508076e-6,1.044479872686079e-5,9.897700879421923e-9,8.142806049869881e-8,0.00019663915490376757,-4.64989548672291e-6,0.005755784788718897,3.569246012407872e-5,-0.0011665194340333173,-3.96557407637105e-11,-0.0010725552664316237,-1.4199070489560746e-6,-5.63910238041574e-7,0.00020293194952440165,-8.735116898813006e-6,0.0011339345868341794,-0.00011069659709451746,7.027584833330981e-6,-5.333128923161889e-11,1.6588415243618167e-6,-6.314261512805782e-10,-8.827263679601883e-10,6.129218622977629e-5,2.252305612133652e-11,-1.340214108616636e-6,-0.0032652651315514237,0.0010063528641773847,4.113810501156515e-11,3.0248039128962927e-8,0.00016184773277394887,-8.673891888319541e-5,-1.4908782096953939e-10,-1.2738415027974422e-9,-5.246807399168652e-5,-4.360551802604187e-9,0.0005748041101789818,-1.8212891072929838e-7,-1.3500097167830742e-5,-7.441958424291559e-6,2.1070353656711456e-5,0.0004373042271288243,0.00045256323847693607,-5.653061845318173e-8,1.183294730262818e-7,0.002564103917260573,0.0009618069993672994,0.0016329527503784634,-1.546954464705554e-11,5.399168470810526e-9,1.8199960892290613e-6,-8.588219963301555e-5,-0.0005841902986873469,8.537836724014761e-6,-0.0009363711505320702,-0.0007317476502553317,4.3082457918317806e-5,-0.0021258966223747936,-0.0003210865670775629,5.851841054176853e-9,9.84691612703883e-6,1.6412030807873944e-7,1.1284237491625587e-11,8.02231770374581e-5,5.719911712446907e-7,-5.192091390002856e-7,1.9540141515042552e-7,3.794843427157242e-5,5.6626231695229805e-6,1.1058938839182873e-11,1.1289726934769442e-10,8.730521205822609e-12,5.7910969671025305e-5,-0.0010542835967749823,-0.001915379997922122,2.4787654471612714e-8,-2.3833896797766161e-7,1.8421211629192332e-11,2.714728852720135e-7,-1.4132839315268447e-8,0.005461828554233629,6.500053551366675e-12,0.005456146174122044,1.3188038639280484e-5,4.598459503624066e-6,-5.46167335594561e-9,-0.004167308921820999,0.0042285523976058935,0.0026708259240726794,1.4706683196952123e-10,4.580125996413262e-6,-7.31984460233723e-10,0.00047000298088160117,1.735958472470003e-8,-0.00041171797972402286,-5.976954811537547e-7,-8.91051659640175e-9,-3.321193300623253e-5,1.2992502715161303e-7,5.112606653964983e-8,-6.167152704174957e-8,-2.414963207154742e-7,0.000227034312932379,8.75645824151988e-11,-2.2247981304879852e-10,0.0004672302717793371,-4.496064142814644e-7,-1.3592485762452944e-9,-5.417117162560887e-6,1.1183211534459659e-8,-0.0050944889179446165,-6.462309435921929e-7,-3.94284267703388e-5,2.837704782432944e-5,-1.2728133922683461e-10,-1.1011463339767983e-5,6.918652003106701e-10,-6.8649691886256675e-12,-1.297716096025756e-7,2.6519295446456005e-5,0.0004903722681223428,-1.5551274347627013e-10,3.777150097781126e-9,-0.0034367689466271436,-2.3740023884053243e-5,-0.00011345915824091504,0.0003588880163893518,-0.00019382828877638185,-5.651001517299614e-10,9.954573828258901e-6,-4.2014338137773225e-10,-1.0110813588232102e-5,-3.677984344147812e-6,0.004542345149418993,0.00019517848476167818,-1.833204525195637e-10,-2.5885233565163804e-6,0.0010378759878833029,0.0002358948058951155,2.1752263492974837e-7,-7.181606460316918e-7,-0.0005948766556741359,2.8455292318773187e-10,5.339897802575772e-9,0.028531339457603565,-0.00018626242279779563,3.232035596475777e-5,-1.546809687954554e-5,5.999015246860813e-5,1.5911731775634774e-8,0.00018438933881477753,-1.0189201934759607e-11,-1.5830675390761764e-9,-3.444562626608502e-7,-2.558224130039607e-10,0.0007557662339009643,6.476634484001116e-5,9.906871589640144e-7,-6.703510203822867e-8,-1.341727927577306e-6,-1.9475122989127214e-8,-4.255676390960717e-12,-0.0004398188517660105,-4.6916033926842075e-6,-1.1690066721298737e-5,0.0021106988438876827,0.003656770227478633,0.0003272889735524407,2.6969070004270483e-9,0.01406174308702092,-5.446381412708981e-10,-1.783175592812506e-7,9.017880636103226e-9,2.698411756100216e-7,7.759540144648874e-10,3.622061563529385e-5,1.3204882485667237e-8,3.267338243411555e-11,-1.4046897921262907e-10,-0.00023542208887327763,-7.371009634428057e-5,-6.887030638814575e-6,8.655764914060183e-7,-8.585150566381796e-6,1.684608761267098e-7,-1.7575328639692656e-5,-7.598231929073889e-7,-2.1091814821173515e-9,1.9281912889642925e-8,4.094006090126752e-11,1.9228227267346873e-6,7.759017559894295e-10,-5.03444566225012e-7,1.7329839103024504e-7,2.359862552791454e-8,-4.392248784072086e-6,6.078954611969501e-10,-1.895296567329178e-10,7.778022675964859e-10,-1.3355362181636751e-5,-2.4050101595238258e-8,-0.004270357982064794,8.794226915814307e-6,1.511349035113733e-11,-0.0017090080227344707,0.001970509998105456,1.0609375593693234e-6,4.48776637692661e-5,-1.4219630932753145e-8,4.6042611779896955e-10,-0.002673007962727222,7.345384733002256e-5,-0.00021700441065716818,-8.93360703362523e-9,1.0038897629071458e-5,4.9535006476543196e-12,-0.0003138727283644107,-3.4671027038301245e-5,-4.171865070326169e-7,-0.005367535869351721,4.772431367375157e-10,-0.00012287944864457781,1.6215868239757026e-10,2.4434690619971105e-9,-6.428521437655354e-13,-0.0003480054777004389,-0.004511993834442924,-6.918664635667855e-5,-4.5374022329411354e-5,4.582869054138662e-11,0.002022176583752394,-0.00010647695735265302,2.278287099449425e-6,2.1613646502802556e-8,-8.261006991543433e-5,-0.0001342225871690829,-8.075472650606976e-5,-2.566309313249712e-8,1.9160829201596933e-7,0.0001690330029053768,1.9243207977205802e-5,1.3653251041879685e-9,9.013508007563743e-8,-3.9490516172202296e-6,-0.0008853541823776105,2.0247875516858418e-5,2.4396536773278804e-10,5.539693136069821e-5,-0.0077026209607698425,-0.0030519057318965505,9.701704361986522e-11,-9.604784686824414e-12,1.8413129317111026e-7,2.50746135984326e-8,-6.852584429522897e-8,-7.38510838620331e-8,-0.0001482561900523016,3.9371935402409894e-5,5.822974498014183e-11,1.918749047432614e-6,1.8026247053131628e-7
0.0,0.0,0.0,0.0,0.0,0.0,0.0,0.0,0.0,0.0,0.0,0.0,0.0,0.0,0.0,0.0,0.0,0.0,0.0,0.0,0.0,0.0,0.0,0.0,0.0,0.0,0.0,0.0,0.0,0.0,0.0,0.0,0.0,0.0,0.0,0.0,0.0,0.0,0.0,0.0,0.0,0.0,0.0,0.0,0.0,0.0,0.0,0.0,0.0,0.0,0.0,0.0,0.0,0.0,0.0,0.0,0.0,0.0,0.0,0.0,0.0,0.0,0.0,0.0,0.0,0.0,0.0,0.0,0.0,0.0,0.0,0.0,0.0,0.0,0.0,0.0,0.0,0.0,0.0,0.0,0.0,0.0,0.0,0.0,0.0,0.0,0.0,0.0,0.0,0.0,0.0,0.0,0.0,0.0,0.0,0.0,0.0,0.0,0.0,0.0,0.0,0.0,0.0,0.0,0.0,0.0,0.0,0.0,0.0,0.0,0.0,0.0,0.0,0.0,0.0,0.0,0.0,0.0,0.0,0.0,0.0,0.0,0.0,0.0,0.0,0.0,0.0,0.0,0.0,0.0,0.0,0.0,0.0,0.0,0.0,0.0,0.0,0.0,0.0,0.0,0.0,0.0,0.0,0.0,0.0,0.0,0.0,0.0,0.0,0.0,0.0,0.0,0.0,0.0,0.0,0.0,0.0,0.0,0.0,0.0,0.0,0.0,0.0,0.0,0.0,0.0,0.0,0.0,0.0,0.0,0.0,0.0,0.0,0.0,0.0,0.0,0.0,0.0,0.0,0.0,0.0,0.0,0.0,0.0,0.0,0.0,0.0,0.0,0.0,0.0,0.0,0.0,0.0,0.0,0.0,0.0,0.0,0.0,0.0,0.0,0.0,0.0,0.0,0.0,0.0,0.0,0.0,0.0,0.0,0.0,0.0,0.0,0.0,0.0,0.0,0.0,0.0,0.0,0.0,0.0,0.0,0.0,0.0,0.0,0.0,0.0,0.0,0.0,0.0,0.0,0.0,0.0,0.0,0.0,0.0,0.0,0.0,0.0,0.0,0.0,0.0,0.0,0.0,0.0,0.0,0.0,0.0,0.0,0.0,0.0,0.0,0.0,0.0,0.0,0.0,0.0,0.0,0.0,0.0,0.0,0.0,0.0,0.0,0.0,0.0,0.0,0.0,0.0,0.0,0.0,0.0,0.0,0.0,0.0,0.0,0.0,0.0,0.0,0.0,0.0,0.0,0.0,0.0,0.0,0.0,0.0,0.0,0.0,0.0,0.0,0.0,0.0,0.0,0.0,0.0,0.0,0.0,0.0,0.0,0.0,0.0,0.0,0.0,0.0,0.0,0.0,0.0,0.0,0.0,0.0,0.0,0.0,0.0,0.0,0.0,0.0,0.0,0.0,0.0,0.0,0.0,0.0,0.0,0.0,0.0,0.0,0.0,0.0,0.0,0.0,0.0,0.0,0.0,0.0,0.0,0.0,0.0,0.0,0.0,0.0,0.0,0.0,0.0,0.0,0.0,0.0,0.0,0.0,0.0,0.0,0.0,0.0,0.0,0.0,0.0,0.0,0.0,0.0,0.0,0.0,0.0,0.0,0.0,0.0,0.0,0.0,0.0,0.0,0.0,0.0,0.0,0.0,0.0,0.0,0.0,0.0,0.0,0.0,0.0,0.0,0.0,0.0,0.0,0.0,0.0,0.0,0.0,0.0,0.0,0.0,0.0,0.0,0.0,0.0,0.0,0.0,0.0,0.0,0.0,0.0,0.0,0.0,0.0,0.0,0.0,0.0,0.0,0.0,0.0,0.0,0.0,0.0,0.0,0.0,0.0,0.0,0.0,0.0,0.0,0.0,0.0,0.0,0.0,0.0,0.0,0.0,0.0,0.0,0.0,0.0,0.0,0.0,0.0,0.0,0.0,0.0,0.0,0.0,0.0,0.0,0.0,0.0,0.0,0.0,0.0,0.0,0.0,0.0,0.0,0.0,0.0,0.0,0.0,0.0,0.0,0.0,0.0,0.0,0.0,0.0,0.0,0.0,0.0,0.0,0.0,0.0,0.0,0.0,0.0,0.0,0.0,0.0,0.0,0.0,0.0,0.0,0.0,0.0,0.0,0.0,0.0,0.0,0.0,0.0,0.0,0.0,0.0,0.0,0.0,0.0,0.0,0.0,0.0,0.0,0.0,0.0,0.0,0.0,0.0,0.0,0.0,0.0,0.0,0.0,0.0,0.0,0.0,0.0,0.0,0.0,0.0,0.0,0.0,0.0,0.0,0.0,0.0,0.0,0.0,0.0,0.0,0.0,0.0,0.0,0.0,0.0,0.0,0.0,0.0,0.039326417490723936,-4.5764024495249245e-9,-7.415048810885622e-8,0.00013981024793603122,-1.3738091770392887e-7,-0.01214112100539058,-0.002228239107361291,-2.571963013440511e-7,3.6279111802562105e-5,2.822708688256692e-7,-0.006712798273189288,5.021448720706951e-9,0.0001287534303268068,0.0003096138656773888,2.4691643893694755e-7,-0.007515835082349172,-1.369349681794897e-6,-2.5107438239753068e-8,1.1141942182680942e-7,-4.413914202162374e-8,-1.0436928370678994e-6,0.007747369696517815,-0.0019730642566898474,1.1074828356417182e-8,1.275707558385252e-8,1.3433211765857132e-5,-1.468552917008905e-8,-0.001946317062734354,-5.262044189219912e-7,-8.812054255337765e-10,7.683562060867503e-6,1.4440694657683505e-6,-6.9157954664552436e-9,1.055886269960267e-7,0.0008859959302582143,-1.3663830507101095e-5,-6.984817550290844e-5,2.470700647557775e-8,8.490640467705902e-5,-0.00023925663817426585,2.488115207545574e-8,1.6330669955881693e-7,-1.7803805450666947e-7,1.8092398422260997e-8,-9.736091816470484e-6,7.004608704717537e-6,0.00010831721555702964,-0.004520207392885969,-0.006743367214932848,1.947662043687437e-5,7.519132368838723e-7,3.1096325691753645e-5,-4.545472784103064e-5,2.6743751379734844e-5,2.9560625750869766e-6,-8.894924166512265e-7,-6.359020360501589e-8,-2.577006587325086e-8,-9.02489528911227e-6,6.845125537139411e-10,2.5633782849854298e-8,-3.260208604025262e-5,-2.1935457218244226e-9,-4.82588773779479e-8,-0.0002756558838958178,-0.0019942290883876936,-1.529671686036353e-5,0.00011812085992965751,-9.857435354372297e-6,-0.0034921833706214296,-9.345625168357938e-10,2.704839927797086e-8,0.001385215459670327,0.0005498776726025393,-0.0010639959413400381,0.0013611952216506249,-6.45180697812127e-9,-1.5607636076988706e-9,2.8112875683769737e-8,-1.7942704889113718e-7,4.380029441492459e-9,0.0002533033255906099,5.862025548424717e-7,1.1346342312958336e-7,-0.00020293522193594603,0.0013840349273650846,-1.581040567781153e-8,0.0005583443843122653,3.687006891710287e-5,-1.5625771720905374e-7,5.305429062815323e-9,1.1736107836676687e-5,0.001701069630114263,0.00014266640306090283,6.178640039339792e-5,-1.761538541537076e-6,1.6062605714178318e-6,-2.571561625631664e-5,2.0788330284542143e-7,5.960722457666657e-10,-7.948321256560277e-6,-1.086640410191574e-9,1.374582126519105e-5,4.1475085116155365e-8,-5.302216920808174e-10,2.3494071614548776e-5,-0.00039207764156293066,0.0005979870448934077,0.00019460936022641686,-0.01127296182084704,0.0013246572360346624,-3.3514458245226977e-7,8.855339266980734e-8,-1.834551524803678e-6,0.000252283453437942,0.00017570368039168004,2.8550123643563473e-6,0.0023019565525805156,-2.7877898246161094e-5,-8.960330272243074e-6,0.001613816100195808,-1.8589318390475245e-9,0.0002705505884300511,-1.861950140974571e-7,-5.014089907398529e-9,2.777251842505203e-6,-3.028632124879217e-8,0.0002986332705216082,-3.829073070237072e-9,-8.61567972523187e-8,-8.464645440376439e-7,1.434602014368051e-6,-1.465914731622579e-5,2.1273819725972385e-10,-1.2090521871082587e-7,4.058759296989582e-6,0.00011049679127464233,-1.2729327058777282e-6,0.0020655710646101844,1.3122863232450616e-6,3.861414364858454e-9,0.0009622546963750756,-1.2229542443405124e-5,-4.051801303628021e-5,5.963870127924881e-7,0.0021140712851952554,8.178053311041123e-7,-3.815758688155422e-6,-0.0008815858601598668,0.0029965344003323093,-2.7922971316052107e-7,4.005251243461285e-7,1.0554606676768912e-5,-2.7237535832201264e-6,7.872168640373986e-5,-0.00044859346176977753,-5.646571878799802e-5,8.505460625854834e-9,-0.000252472020061157,0.0005088060606825882,1.262773740665373e-8,1.7756246930506925e-6,0.0012151434321897526,9.322176654234536e-8,2.2657415178434482e-5,3.154699316247808e-8,-4.304646035682285e-9,0.00024858715627596275,-0.006282712657539371,9.959934556732592e-6,-4.1569624949554136e-8,1.423689630480142e-7,0.00860498228801846,2.7510961409146007e-9,3.063967278541389e-5,-1.9490313114963715e-6,-1.017092965358708e-7,-3.933608525154242e-6,-2.3601041345544005e-6,9.903125936523602e-5,-0.0007909292753679343,1.599605942162581e-6,2.8680539085465453e-9,1.2164372885772871e-6,0.0041844767660625245,-9.976024394341276e-5,-5.456185873800387e-8,1.8942169136729903e-7,0.00012572127787732456,0.00014289412092694022,2.9601341720975158e-9,-1.0245345576167678e-9,3.3464609026361034e-10,0.0001391631875205981,-2.053120220363859e-8,0.00018238256498765866,1.3464895738798496e-5,-2.4725314153087768e-5,2.594852817792601e-7,0.0005870318312968432,1.9044051506711952e-6,-1.5783178815032455e-10,-0.0005420483536638464,5.351555271614587e-5,0.01613415213141061,-2.4233114816783546e-7,3.4075883516604757e-7,4.184955770704474e-7,3.156420483994472e-10,-1.1260319012786748e-5,-5.269745318058724e-6,0.00186195634870493,2.253955806745944e-8,6.003262895980903e-5,7.727394179497272e-7,-0.00203646402383827,-2.4020467614802377e-9,-0.0058201617086146695,-5.605827457910985e-7,1.5163048522946553e-6,0.0003041543361092855,-0.00010401848283119647,-4.5177214898466085e-5,0.00177786525750446,3.44491690188822e-8,3.5270809594832845e-8,0.0008526125576482354,-0.000363104102253992,-1.0517974769543553e-8,-2.8711805686411705e-7,3.5706424175652133e-9,2.6104936624569985e-7,3.5158997064841256e-6,-8.197737846110752e-9,2.9179654391237827e-7,1.99554704519436e-5,-0.000394468255244366,5.636153479668842e-5,-1.0574789204985758e-7,6.613310741918335e-7,5.459494926500879e-8,-0.0053037160635956955,1.514515658867398e-5,-9.420432358748017e-8,-0.000964806719267695,-0.002162624473618099,-0.0004374605724217401,0.0002747167121281004,1.072062860724385e-8,-3.81544993344058e-9,-1.8021209669531227e-5,-0.000626264445061515,0.0027542965377160295,-1.1211534494717073e-6,-0.006412810714088757,-8.452402659470077e-6,0.00020559024084359343,2.298097420435583e-6,-4.0467141356576625e-6,-3.4405408038787814e-7,-1.6437593581108455e-6,0.0002574972864781322,0.00015829993523761176,0.00038808649737326394,-0.0002799140503344436,1.4459385017321975e-8,-5.1071536466796234e-9,1.7594454846491903e-8,-0.006033636589565941,-1.1424913786339942e-10
0.0,0.0,0.0,0.0,0.0,0.0,0.0,0.0,0.0,0.0,0.0,0.0,0.0,0.0,0.0,0.0,0.0,0.0,0.0,0.0,0.0,0.0,0.0,0.0,0.0,0.0,0.0,0.0,0.0,0.0,0.0,0.0,0.0,0.0,0.0,0.0,0.0,0.0,0.0,0.0,0.0,0.0,0.0,0.0,0.0,0.0,0.0,0.0,0.0,0.0,0.0,0.0,0.0,0.0,0.0,0.0,0.0,0.0,0.0,0.0,0.0,0.0,0.0,0.0,0.0,0.0,0.0,0.0,0.0,0.0,0.0,0.0,0.0,0.0,0.0,0.0,0.0,0.0,0.0,0.0,0.0,0.0,0.0,0.0,0.0,0.0,0.0,0.0,0.0,0.0,0.0,0.0,0.0,0.0,0.0,0.0,0.0,0.0,0.0,0.0,0.0,0.0,0.0,0.0,0.0,0.0,0.0,0.0,0.0,0.0,0.0,0.0,0.0,0.0,0.0,0.0,0.0,0.0,0.0,0.0,0.0,0.0,0.0,0.0,0.0,0.0,0.0,0.0,0.0,0.0,0.0,0.0,0.0,0.0,0.0,0.0,0.0,0.0,0.0,0.0,0.0,0.0,0.0,0.0,0.0,0.0,0.0,0.0,0.0,0.0,0.0,0.0,0.0,0.0,0.0,0.0,0.0,0.0,0.0,0.0,0.0,0.0,0.0,0.0,0.0,0.0,0.0,0.0,0.0,0.0,0.0,0.0,0.0,0.0,0.0,0.0,0.0,0.0,0.0,0.0,0.0,0.0,0.0,0.0,0.0,0.0,0.0,0.0,0.0,0.0,0.0,0.0,0.0,0.0,0.0,0.0,0.0,0.0,0.0,0.0,0.0,0.0,0.0,0.0,0.0,0.0,0.0,0.0,0.0,0.0,0.0,0.0,0.0,0.0,0.0,0.0,0.0,0.0,0.0,0.0,0.0,0.0,0.0,0.0,0.0,0.0,0.0,0.0,0.0,0.0,0.0,0.0,0.0,0.0,0.0,0.0,0.0,0.0,0.0,0.0,0.0,0.0,0.0,0.0,0.0,0.0,0.0,0.0,0.0,0.0,0.0,0.0,0.0,0.0,0.0,0.0,0.0,0.0,0.0,0.0,0.0,0.0,0.0,0.0,0.0,0.0,0.0,0.0,0.0,0.0,0.0,0.0,0.0,0.0,0.0,0.0,0.0,0.0,0.0,0.0,0.0,0.0,0.0,0.0,0.0,0.0,0.0,0.0,0.0,0.0,0.0,0.0,0.0,0.0,0.0,0.0,0.0,0.0,0.0,0.0,0.0,0.0,0.0,0.0,0.0,0.0,0.0,0.0,0.0,0.0,0.0,0.0,0.0,0.0,0.0,0.0,0.0,0.0,0.0,0.0,0.0,0.0,0.0,0.0,0.0,0.0,0.0,0.0,0.0,0.0,0.0,0.0,0.0,0.0,0.0,0.0,0.0,0.0,0.0,0.0,0.0,0.0,0.0,0.0,0.0,0.0,0.0,0.0,0.0,0.0,0.0,0.0,0.0,0.0,0.0,0.0,0.0,0.0,0.0,0.0,0.0,0.0,0.0,0.0,0.0,0.0,0.0,0.0,0.0,0.0,0.0,0.0,0.0,0.0,0.0,0.0,0.0,0.0,0.0,0.0,0.0,0.0,0.0,0.0,0.0,0.0,0.0,0.0,0.0,0.0,0.0,0.0,0.0,0.0,0.0,0.0,0.0,0.0,0.0,0.0,0.0,0.0,0.0,0.0,0.0,0.0,0.0,0.0,0.0,0.0,0.0,0.0,0.0,0.0,0.0,0.0,0.0,0.0,0.0,0.0,0.0,0.0,0.0,0.0,0.0,0.0,0.0,0.0,0.0,0.0,0.0,0.0,0.0,0.0,0.0,0.0,0.0,0.0,0.0,0.0,0.0,0.0,0.0,0.0,0.0,0.0,0.0,0.0,0.0,0.0,0.0,0.0,0.0,0.0,0.0,0.0,0.0,0.0,0.0,0.0,0.0,0.0,0.0,0.0,0.0,0.0,0.0,0.0,0.0,0.0,0.0,0.0,0.0,0.0,0.0,0.0,0.0,0.0,0.0,0.0,0.0,0.0,0.0,0.0,0.0,0.0,0.0,0.0,0.0,0.0,0.0,0.0,0.0,0.0,0.0,0.0,0.0,0.0,0.0,0.0,0.0,0.0,0.0,0.0,0.0,0.0,0.0,0.0,0.0,0.0,0.0,0.0,0.0,0.0,0.0,0.0,0.0,0.0,0.0,0.0,0.0,0.0,0.0,0.0,0.0,0.0,0.0,0.0,0.0,0.0,0.04207663244452702,-0.00030084976755256134,4.607119341034133e-10,-8.719581239166598e-15,-5.003425104792139e-10,2.1838216790383228e-8,-3.470659250006704e-5,-3.200343411463976e-6,0.00033572930420059754,1.5346441986280164e-9,0.0042247118376227254,-1.9646101840604063e-11,-4.7594043736076467e-11,-0.00031779233571075716,6.091738925581866e-9,-1.547084781233368e-5,5.512142936724843e-5,-5.914907179875153e-5,-2.1945918277479952e-14,1.2981876070450422e-5,7.508045806920878e-10,-2.344021996877177e-9,0.0010514557604526464,0.007179574840205333,9.16976850742718e-6,-0.0016649125306120495,-8.146305140362586e-9,-9.18915745047416e-14,0.004420679869355814,-1.9127959477652164e-13,3.6748623198075984e-14,0.003614654407994203,-2.665571743167184e-14,4.668458842522996e-9,1.432776945442444e-5,3.2385394778077094e-6,1.0180314880177837e-14,1.3328561011302249e-11,9.689419659597154e-8,0.00028183825752819156,9.321898445378028e-14,-2.344916205173009e-13,0.004449184949154881,-1.7706220920944947e-12,-4.650518665120903e-6,2.48688368985007e-10,3.985550379087111e-9,1.0906590693821892e-8,-1.7912537362545607e-6,-6.835842329999296e-5,-1.0067240436030124e-6,-2.4004196378926395e-11,1.8842207620791628e-10,3.653013224430536e-5,5.1655638374328746e-5,8.097372225834254e-5,4.034286165441898e-15,-2.2376535611920815e-12,-0.005469528113753727,-5.777221769352112e-5,7.505143937901865e-8,0.0016331437671059388,-0.00013823113215841529,2.372284047795328e-7,3.643764737563829e-8,-5.797806475503954e-7,8.365450147644287e-9,2.902505048029663e-12,1.0237916768001882e-8,-0.000644803200179894,9.281304911366086e-16,-5.7933527005322344e-8,-3.0423512798721264e-9,-3.9655324463418214e-10,-2.04361377649123e-10,-0.0009608656852102987,-0.001051400453287026,-8.183155428808141e-15,-1.1751764518646098e-14,7.763669331256636e-16,3.514770584484128e-8,-0.00017382319627420057,-5.363446477206426e-5,-1.0467701208219097e-11,-1.7420296215906995e-10,6.79862751842049e-15,-2.1535627265023307e-10,-4.561828457180837e-12,-2.1261185554784894e-5,5.191490828877451e-15,5.552470921319706e-7,2.060492926951692e-9,-2.9753374833249324e-9,8.70500191226415e-12,-5.430685049804688e-6,3.133534853200072e-5,1.7130576296331748e-6,-3.1478609073374786e-14,-0.004702816077612454,8.882147088382138e-12,0.00043656337619414463,-7.523787907864238e-12,2.7467059382430857e-5,0.005706202596785227,9.391969321997222e-13,5.8883974593318235e-8,-6.058672553415535e-11,-5.19483542596472e-12,-1.268270519349971e-10,-4.275334011362646e-10,0.00022970698559460684,1.1982063153728916e-13,1.9718896187747096e-13,-3.68145972193161e-7,1.5850058461794876e-10,8.170333953169288e-13,-1.2025521221136524e-8,1.9698151815364513e-12,-7.730419466758265e-6,2.4526651884633014e-10,0.0014058126272804418,-1.7676483871102067e-8,1.3913785599010001e-14,0.0003949900554302278,4.704403395958129e-13,3.4429353897079408e-15,1.3147500292131223e-9,-0.0010226331059490625,-0.0004754593172249254,-1.914593378731612e-13,-1.2886288903754413e-12,7.790524212302116e-7,0.0015983506554356774,0.00028512181275984564,5.078849015240103e-7,-4.870364375040309e-8,2.091401570611193e-13,-2.900445085397062e-9,-3.872150631170149e-13,-0.007768344193805734,-7.493012786998151e-10,4.821780829277349e-6,-2.718241917724441e-7,5.444084638686414e-14,7.274816637744956e-10,-9.53860456035579e-5,-1.3165682682110937e-7,1.690955491364251e-10,5.804516235882681e-10,3.298932269025789e-5,2.663626021932481e-14,2.047789760588054e-12,3.001602225991507e-7,1.482960968881728e-7,4.36272886385968e-8,2.4446211330489316e-7,-0.0011929776600034332,-2.794150843405583e-11,-1.6856119855480758e-8,2.1240290721984284e-15,6.564786110587826e-13,3.169482954005844e-10,-3.9385817653285205e-14,-1.1412845632284735e-7,-4.0229078914498326e-5,-0.0043664406184349336,3.737842513446928e-12,1.3026793960502367e-10,-1.2540195673474508e-11,-1.6528160769947473e-14,0.00013258358599041713,2.600077475760524e-9,0.001566798006378624,-1.7045315585093875e-6,-1.2343371949960183e-5,-0.0008817227416895971,-3.35285827903687e-12,1.9137359687690483e-5,-1.0410471272393067e-11,-2.190644824723709e-10,-1.9688858269891635e-12,0.001059251212927863,1.096038513249086e-14,-6.129011075670335e-9,-3.1866341552854095e-11,-5.836419053439919e-14,1.2812789701675826e-13,-2.1910597890683784e-7,-3.707040820767854e-8,-0.005282529219648463,-0.002611494737235861,-0.005901427917534532,3.41026138451527e-11,0.001405844055892465,1.6653927430684308e-11,2.119010269867339e-12,-3.746383855402892e-11,2.470647408071835e-14,7.644411731401919e-10,-2.729165415655627e-13,-0.0003162652651100482,-1.3739497814141068e-10,-1.7141684222329923e-11,-4.315987696111295e-9,-4.951407319940262e-13,9.768246410406998e-14,-1.7044636750361133e-13,0.0005049411520607924,2.274784744602059e-11,-3.6928476652270345e-6,-4.6320811484780944e-10,-9.432546896725288e-15,-1.274600141593651e-6,-8.436657861374052e-5,4.9243529699701874e-11,0.0033853840688408683,-9.136929241440463e-10,2.3948534142140107e-12,-1.0704061912234513e-5,-2.854972410974137e-8,-3.2180840431027853e-8,-5.922771036974678e-12,-2.8957545037023705e-8,-7.418127762240405e-16,-4.4402683354860314e-5,-1.683345730544301e-7,1.0651959863737275e-10,-6.1982010100337274e-6,-3.172506861139226e-14,5.8245360324823285e-5,-3.712856791902528e-13,8.694032821873737e-13,-5.292501461784211e-15,-7.950034409574647e-6,-9.672632225170479e-6,7.469337202213951e-8,9.394715552396463e-9,-1.4256476978615676e-14,-1.0733027312455666e-5,-0.00018049327134129527,-6.816811257664357e-10,1.8869702617639225e-12,0.000344658728057081,-2.059586169599657e-8,3.286799503107767e-8,5.2576994788026914e-11,-7.824778391274523e-11,-5.1633365216437935e-5,0.019261409130401422,-2.584263005299906e-12,2.050430101801789e-12,-5.6698725691178235e-9,-3.868961229822177e-5,-6.836692375698124e-9,-1.5687031302601368e-12,-1.274389702075365e-8,-2.6326508147883843e-6,-4.600970588212336e-6,-6.283042402721661e-15,-1.0613253830854264e-12,1.2177289337313215e-10,-1.0899029123101285e-11,-1.547637530936918e-10,3.1509257146671835e-11,0.000411503260956252,0.00030543698730253944,-1.3821019393906159e-14,1.230123321053631e-9,-0.004939704455417823
0.0,0.0,0.0,0.0,0.0,0.0,0.0,0.0,0.0,0.0,0.0,0.0,0.0,0.0,0.0,0.0,0.0,0.0,0.0,0.0,0.0,0.0,0.0,0.0,0.0,0.0,0.0,0.0,0.0,0.0,0.0,0.0,0.0,0.0,0.0,0.0,0.0,0.0,0.0,0.0,0.0,0.0,0.0,0.0,0.0,0.0,0.0,0.0,0.0,0.0,0.0,0.0,0.0,0.0,0.0,0.0,0.0,0.0,0.0,0.0,0.0,0.0,0.0,0.0,0.0,0.0,0.0,0.0,0.0,0.0,0.0,0.0,0.0,0.0,0.0,0.0,0.0,0.0,0.0,0.0,0.0,0.0,0.0,0.0,0.0,0.0,0.0,0.0,0.0,0.0,0.0,0.0,0.0,0.0,0.0,0.0,0.0,0.0,0.0,0.0,0.0,0.0,0.0,0.0,0.0,0.0,0.0,0.0,0.0,0.0,0.0,0.0,0.0,0.0,0.0,0.0,0.0,0.0,0.0,0.0,0.0,0.0,0.0,0.0,0.0,0.0,0.0,0.0,0.0,0.0,0.0,0.0,0.0,0.0,0.0,0.0,0.0,0.0,0.0,0.0,0.0,0.0,0.0,0.0,0.0,0.0,0.0,0.0,0.0,0.0,0.0,0.0,0.0,0.0,0.0,0.0,0.0,0.0,0.0,0.0,0.0,0.0,0.0,0.0,0.0,0.0,0.0,0.0,0.0,0.0,0.0,0.0,0.0,0.0,0.0,0.0,0.0,0.0,0.0,0.0,0.0,0.0,0.0,0.0,0.0,0.0,0.0,0.0,0.0,0.0,0.0,0.0,0.0,0.0,0.0,0.0,0.0,0.0,0.0,0.0,0.0,0.0,0.0,0.0,0.0,0.0,0.0,0.0,0.0,0.0,0.0,0.0,0.0,0.0,0.0,0.0,0.0,0.0,0.0,0.0,0.0,0.0,0.0,0.0,0.0,0.0,0.0,0.0,0.0,0.0,0.0,0.0,0.0,0.0,0.0,0.0,0.0,0.0,0.0,0.0,0.0,0.0,0.0,0.0,0.0,0.0,0.0,0.0,0.0,0.0,0.0,0.0,0.0,0.0,0.0,0.0,0.0,0.0,0.0,0.0,0.0,0.0,0.0,0.0,0.0,0.0,0.0,0.0,0.0,0.0,0.0,0.0,0.0,0.0,0.0,0.0,0.0,0.0,0.0,0.0,0.0,0.0,0.0,0.0,0.0,0.0,0.0,0.0,0.0,0.0,0.0,0.0,0.0,0.0,0.0,0.0,0.0,0.0,0.0,0.0,0.0,0.0,0.0,0.0,0.0,0.0,0.0,0.0,0.0,0.0,0.0,0.0,0.0,0.0,0.0,0.0,0.0,0.0,0.0,0.0,0.0,0.0,0.0,0.0,0.0,0.0,0.0,0.0,0.0,0.0,0.0,0.0,0.0,0.0,0.0,0.0,0.0,0.0,0.0,0.0,0.0,0.0,0.0,0.0,0.0,0.0,0.0,0.0,0.0,0.0,0.0,0.0,0.0,0.0,0.0,0.0,0.0,0.0,0.0,0.0,0.0,0.0,0.0,0.0,0.0,0.0,0.0,0.0,0.0,0.0,0.0,0.0,0.0,0.0,0.0,0.0,0.0,0.0,0.0,0.0,0.0,0.0,0.0,0.0,0.0,0.0,0.0,0.0,0.0,0.0,0.0,0.0,0.0,0.0,0.0,0.0,0.0,0.0,0.0,0.0,0.0,0.0,0.0,0.0,0.0,0.0,0.0,0.0,0.0,0.0,0.0,0.0,0.0,0.0,0.0,0.0,0.0,0.0,0.0,0.0,0.0,0.0,0.0,0.0,0.0,0.0,0.0,0.0,0.0,0.0,0.0,0.0,0.0,0.0,0.0,0.0,0.0,0.0,0.0,0.0,0.0,0.0,0.0,0.0,0.0,0.0,0.0,0.0,0.0,0.0,0.0,0.0,0.0,0.0,0.0,0.0,0.0,0.0,0.0,0.0,0.0,0.0,0.0,0.0,0.0,0.0,0.0,0.0,0.0,0.0,0.0,0.0,0.0,0.0,0.0,0.0,0.0,0.0,0.0,0.0,0.0,0.0,0.0,0.0,0.0,0.0,0.0,0.0,0.0,0.0,0.0,0.0,0.0,0.0,0.0,0.0,0.0,0.0,0.0,0.0,0.0,0.0,0.0,0.0,0.0,0.0,0.0,0.0,0.0,0.0,0.0,0.0,0.0,0.0,0.0,0.0,0.0,0.0,0.0,0.0,0.0,0.0,0.0,0.0,0.0,0.0,0.0,0.0,0.0,0.0,0.0,0.04094004606808446,-4.712860366902878e-9,-1.1524302290198309e-12,2.6113824114963515e-8,-9.225877531446275e-7,-0.008248407312335376,8.255173219996872e-5,-0.009626342632233931,-2.634469701421844e-7,-0.00020643486188288697,-1.017707459540295e-9,1.7008069938219467e-9,0.003752569694478648,-1.4816086699632353e-7,0.0054377449980344975,0.0007166918548850406,0.0023124036764100597,-2.0524228214951573e-12,0.001508023607704448,1.1392125680450057e-7,1.146144127534457e-7,-0.0014805638630579461,0.0029176536859321675,-0.00015632848212589374,0.007703812941106679,2.11632013704516e-8,-6.109219714782857e-12,-8.806146796925988e-5,5.850005256869955e-11,-5.519673460341553e-12,0.0018719830689603607,6.354839463563994e-13,1.356155916309471e-7,0.00048393883806200673,5.0038968197535926e-6,-1.1088561310135372e-12,8.852448046065976e-10,2.2161442187038123e-6,0.0009905824581469666,-1.7298320581590544e-12,3.372976532523e-12,-0.001990681342899074,-6.463505035275833e-11,-1.3704647833830934e-6,-2.1428479169914775e-8,1.0165140148228322e-7,-1.0721110462543662e-6,0.00010209123204755039,-0.0005542704042228105,-0.0001756028105424804,1.3180216136795625e-9,-1.9521288424523198e-9,-0.0013593429666247376,0.00024413820753174716,-0.009126700668870509,3.66489287730976e-13,4.557006656884673e-11,-0.00011340789384700876,-0.001351551039842905,-1.8785138830029775e-5,2.254174366582873e-5,0.004522994605215254,1.8553865782710034e-5,1.634356830902852e-6,-2.2577584671834274e-5,-1.1676330315997307e-5,-1.66371832759249e-10,7.345863517570981e-7,-0.0003817059906578279,-1.1492103845894313e-13,1.556235105247975e-8,1.96313174542562e-7,9.01941405661284e-9,9.85329071129953e-9,-9.37667080126829e-5,0.00023938180007522733,3.508752310546857e-13,-3.932081675855269e-12,1.174376519742053e-13,1.917646592130513e-6,-0.015051558309447897,0.0006473449941262184,-6.207029195022629e-11,-1.7897241661025613e-8,2.234092647364234e-13,2.9796117685286108e-9,2.687022679649838e-10,-0.000959307283085698,3.048390511151697e-13,-9.807420219427156e-5,3.6548529022914866e-7,-7.26045647108969e-8,5.122774339846782e-10,1.7910617015827137e-5,-0.0009701879299953574,-1.1655908602608575e-5,2.3918144426100195e-12,-2.3403312660723795e-5,-2.0682043232311624e-10,0.00973432712700268,2.718557158565794e-11,-0.01789662976385285,-0.00017103048567523608,-1.8350632375313492e-11,9.047647733486572e-7,4.247419070451172e-9,1.1747078606265194e-10,-6.38312272820399e-8,6.249950270629665e-8,0.002639159571540686,6.920000039423928e-12,-4.414020272369328e-11,-3.5935753980082354e-6,-8.350140263165132e-9,-1.7991194116148283e-11,-5.967603648129068e-8,-1.1912031009697247e-9,0.0005485732036740174,-2.717200977538262e-8,0.0019008936940043207,-5.692307501124095e-8,-2.0472473201690627e-12,0.0006516780181358735,-1.3605042989562485e-12,2.1542082949595776e-13,-9.83916677590996e-9,-0.0003954904544801405,-0.009494694742667705,1.1643665997444756e-11,4.1322162635477286e-11,0.00013885516499411598,-0.00018005672711187632,0.0022002910084768447,-0.00016249369664478672,2.6605547778086867e-6,-1.6826111746569562e-12,-4.828723313564614e-7,8.002372833073168e-12,-0.0006391587124196752,-2.506752186125122e-8,0.00010809554633696256,7.754286782698839e-7,9.74039585350097e-12,4.922572013380609e-8,-0.000750837133812796,-3.2158565260049006e-6,-1.3576432662514291e-8,4.537002029142756e-8,0.007813363034104931,3.71641833579873e-12,-1.6494822552508023e-10,5.4372130255157857e-5,-1.0544726435463235e-6,3.857592830449692e-6,-4.95968129929948e-6,-0.0029020190881524064,-1.2463969836969027e-9,3.9555335787787105e-6,3.113598196560615e-14,-2.1741949502275676e-11,3.9419556390887225e-8,2.315253711628503e-13,3.0302222251851995e-5,-0.0013722915051933827,0.00013772858595742241,1.352871626661324e-10,4.266381044329707e-9,-4.7565357357459735e-11,-1.0235226719906103e-12,0.0031158725737883354,-1.7085035729779137e-7,-0.00024371425620050386,-1.413095318595946e-5,-0.00023221828167514623,0.017724019612568694,9.736790956635987e-11,-0.0001984434612023651,-3.885274334470042e-10,-1.9421441507985736e-9,-1.3847558478509982e-10,-9.584997965489614e-5,1.1731716183136782e-11,-5.7754259834641135e-8,1.377380477280914e-9,-1.911745704540359e-12,1.2336755890852625e-12,5.203644795482513e-7,-4.055368106070058e-6,-0.0005744273745356962,-2.104697733734847e-5,0.00015380751579368925,1.297015042927792e-9,0.0006395385025454773,1.5562150847676027e-9,-9.994499408810506e-11,4.706240749756958e-10,1.6909084717528385e-12,1.6488794301781402e-7,-4.259682411097799e-11,1.9240660512674434e-5,-4.655904596063594e-9,1.7909817743292083e-10,-6.948835929486997e-8,6.066686963816316e-12,-1.987031842448241e-12,2.0930140728398733e-12,-0.000303051110037796,-3.1521296378524683e-9,0.0005768166310262787,-2.688483928869436e-8,6.528469935228689e-13,5.3281639365765545e-5,-0.0023439745722022573,3.507767713689665e-9,-0.00028952408124853973,3.5118401850879585e-8,-7.201961553414833e-11,-0.0005740151097593867,2.7659338368047313e-6,1.9752897965845178e-5,3.059016129085894e-10,1.7538623197757094e-6,-4.0403889154258577e-13,-0.0023767805548798536,-2.493087034480841e-6,1.778079629207685e-9,-5.0163473781019646e-5,9.502485532033033e-12,-6.134932174155905e-5,8.188817654406545e-12,1.0552312024966987e-10,-1.143636640108573e-13,0.0004541623275243638,1.4944352891770294e-5,6.586519474018787e-7,-6.279289956863873e-7,-3.1950337811525385e-13,-0.0014556557101305925,0.003307030931189872,-5.102106232678655e-8,2.983274536102826e-10,0.00021823921488857773,-2.5898676424242294e-6,-1.0686462268479808e-6,-3.2918367004203615e-9,1.6722578468066266e-9,0.00037615623664408366,0.00032393641851132253,-1.340936356904799e-11,-7.160723513375572e-10,1.4403265320039911e-8,0.0004912153061381039,3.0457112145811017e-7,-1.8576389713936678e-10,-1.1737040518606512e-6,-0.000260106770756246,0.0001293013633408847,2.2170633979417983e-12,3.549482605215406e-11,1.8447769098777166e-9,-4.5125353814363465e-11,2.1134867077403265e-9,-5.921030939018298e-10,0.0007555094621687084,-0.000404866993314345,1.2477928220318868e-12,8.537347983974796e-8,-1.6045347250307234e-5
0.0,0.0,0.0,0.0,0.0,0.0,0.0,0.0,0.0,0.0,0.0,0.0,0.0,0.0,0.0,0.0,0.0,0.0,0.0,0.0,0.0,0.0,0.0,0.0,0.0,0.0,0.0,0.0,0.0,0.0,0.0,0.0,0.0,0.0,0.0,0.0,0.0,0.0,0.0,0.0,0.0,0.0,0.0,0.0,0.0,0.0,0.0,0.0,0.0,0.0,0.0,0.0,0.0,0.0,0.0,0.0,0.0,0.0,0.0,0.0,0.0,0.0,0.0,0.0,0.0,0.0,0.0,0.0,0.0,0.0,0.0,0.0,0.0,0.0,0.0,0.0,0.0,0.0,0.0,0.0,0.0,0.0,0.0,0.0,0.0,0.0,0.0,0.0,0.0,0.0,0.0,0.0,0.0,0.0,0.0,0.0,0.0,0.0,0.0,0.0,0.0,0.0,0.0,0.0,0.0,0.0,0.0,0.0,0.0,0.0,0.0,0.0,0.0,0.0,0.0,0.0,0.0,0.0,0.0,0.0,0.0,0.0,0.0,0.0,0.0,0.0,0.0,0.0,0.0,0.0,0.0,0.0,0.0,0.0,0.0,0.0,0.0,0.0,0.0,0.0,0.0,0.0,0.0,0.0,0.0,0.0,0.0,0.0,0.0,0.0,0.0,0.0,0.0,0.0,0.0,0.0,0.0,0.0,0.0,0.0,0.0,0.0,0.0,0.0,0.0,0.0,0.0,0.0,0.0,0.0,0.0,0.0,0.0,0.0,0.0,0.0,0.0,0.0,0.0,0.0,0.0,0.0,0.0,0.0,0.0,0.0,0.0,0.0,0.0,0.0,0.0,0.0,0.0,0.0,0.0,0.0,0.0,0.0,0.0,0.0,0.0,0.0,0.0,0.0,0.0,0.0,0.0,0.0,0.0,0.0,0.0,0.0,0.0,0.0,0.0,0.0,0.0,0.0,0.0,0.0,0.0,0.0,0.0,0.0,0.0,0.0,0.0,0.0,0.0,0.0,0.0,0.0,0.0,0.0,0.0,0.0,0.0,0.0,0.0,0.0,0.0,0.0,0.0,0.0,0.0,0.0,0.0,0.0,0.0,0.0,0.0,0.0,0.0,0.0,0.0,0.0,0.0,0.0,0.0,0.0,0.0,0.0,0.0,0.0,0.0,0.0,0.0,0.0,0.0,0.0,0.0,0.0,0.0,0.0,0.0,0.0,0.0,0.0,0.0,0.0,0.0,0.0,0.0,0.0,0.0,0.0,0.0,0.0,0.0,0.0,0.0,0.0,0.0,0.0,0.0,0.0,0.0,0.0,0.0,0.0,0.0,0.0,0.0,0.0,0.0,0.0,0.0,0.0,0.0,0.0,0.0,0.0,0.0,0.0,0.0,0.0,0.0,0.0,0.0,0.0,0.0,0.0,0.0,0.0,0.0,0.0,0.0,0.0,0.0,0.0,0.0,0.0,0.0,0.0,0.0,0.0,0.0,0.0,0.0,0.0,0.0,0.0,0.0,0.0,0.0,0.0,0.0,0.0,0.0,0.0,0.0,0.0,0.0,0.0,0.0,0.0,0.0,0.0,0.0,0.0,0.0,0.0,0.0,0.0,0.0,0.0,0.0,0.0,0.0,0.0,0.0,0.0,0.0,0.0,0.0,0.0,0.0,0.0,0.0,0.0,0.0,0.0,0.0,0.0,0.0,0.0,0.0,0.0,0.0,0.0,0.0,0.0,0.0,0.0,0.0,0.0,0.0,0.0,0.0,0.0,0.0,0.0,0.0,0.0,0.0,0.0,0.0,0.0,0.0,0.0,0.0,0.0,0.0,0.0,0.0,0.0,0.0,0.0,0.0,0.0,0.0,0.0,0.0,0.0,0.0,0.0,0.0,0.0,0.0,0.0,0.0,0.0,0.0,0.0,0.0,0.0,0.0,0.0,0.0,0.0,0.0,0.0,0.0,0.0,0.0,0.0,0.0,0.0,0.0,0.0,0.0,0.0,0.0,0.0,0.0,0.0,0.0,0.0,0.0,0.0,0.0,0.0,0.0,0.0,0.0,0.0,0.0,0.0,0.0,0.0,0.0,0.0,0.0,0.0,0.0,0.0,0.0,0.0,0.0,0.0,0.0,0.0,0.0,0.0,0.0,0.0,0.0,0.0,0.0,0.0,0.0,0.0,0.0,0.0,0.0,0.0,0.0,0.0,0.0,0.0,0.0,0.0,0.0,0.0,0.0,0.0,0.0,0.0,0.0,0.0,0.0,0.0,0.0,0.0,0.0,0.0,0.0,0.0,0.0,0.0,0.0,0.0,0.0,0.0,0.0,0.0,0.0,0.0,0.0,0.0,0.0,0.0,0.03791623977418671,6.38410679155045e-7,-0.012843431138632344,-7.379512767628963e-5,-3.324888467660527e-8,-6.4575671071024385e-6,2.7824708397209687e-8,0.0013052840820805018,1.3706756815285874e-9,-0.0018402503916173441,-0.003827952178493506,6.65691847482852e-9,0.0011783041053436037,-4.271377209457299e-8,3.485777308125856e-9,-4.573137515944887e-8,1.0102634148383743e-6,1.5580283642423356e-7,-0.0015140127283326636,0.0020921844417906526,4.223431890120085e-9,-4.4100976238526373e-10,-7.878603515248399e-7,-2.083905890896059e-9,-5.5834832558335764e-5,4.72893532478067e-6,1.3086376098486581e-12,-0.0001807534536975644,8.01146352857245e-6,2.78564380801593e-10,2.804807953211805e-7,-0.0009797500704370324,1.3270194226180887e-6,3.8093453851608853e-6,-1.9238664633258103e-6,0.0004951828137625154,-1.2285744648275277e-5,-9.23031793893494e-10,2.7682407960074562e-6,-1.2299778754840795e-6,-1.5169160909787233e-9,-8.432438648004155e-5,-1.5479104466007495e-6,0.009103303974043223,-6.886859397585317e-5,0.0007149864111060007,-3.1680705288510115e-6,-1.7286076460541086e-8,-1.317121481201075e-6,0.00025135164233315967,0.010972327295789227,9.655322711086045e-8,-1.1740715546086234e-7,4.7715219625648764e-8,7.300875225769363e-7,-0.00011086976878453329,1.0143050432060365e-10,-1.2492530279645826e-9,1.0036145451162194e-5,6.507144282092074e-12,-2.4536488974445766e-8,5.1686174821088035e-6,9.37370243665429e-5,-5.83619912596502e-6,7.089426642736764e-6,9.384127574253499e-5,-0.00026186948213846335,-4.0594026397847466e-11,-7.0805242273372575e-9,-1.0457597409539952e-5,0.0004884249626994284,-0.002710721457608517,-0.005701165019523092,3.8885911029703493e-10,2.0371905531967775e-10,-7.634995077488621e-7,4.36469509106575e-6,-1.5680195486300066e-8,5.1542428784176793e-5,-1.0048239383852885e-8,-1.0034101500233229e-7,0.000183402228986606,0.008725637582405295,1.1351470825077907e-7,-0.01269315642758219,-0.00021811957208565423,-3.880883568270802e-8,4.947358747544064e-7,-7.126429137394035e-7,-0.0003901066865359892,0.0003063333246295845,0.0002375587195169489,-1.6905509745913565e-6,2.561240590138311e-8,1.4430297922980818e-6,-2.2759613106981454e-7,7.772940573099176e-11,8.317175675745834e-5,1.9017664381419794e-8,-0.00024395892578876128,-1.1672822181055699e-8,-1.6032844586310696e-11,0.00031662892335493543,-1.0291155159511965e-5,-0.005454681374221154,-0.0018246718470842787,-0.002576007915436249,0.00013125884709859633,-4.043620978867461e-9,-1.0657228409303173e-5,4.5142710981219166e-5,-2.506672640684292e-5,0.0070787714042059805,3.356685956573221e-5,8.889320357079155e-5,4.691503518685492e-5,-1.214401358525238e-6,-0.002690265351149402,9.50936178214436e-9,-6.169714688060635e-5,4.509237091705666e-6,-1.3838884273779037e-10,2.9790747482572835e-5,-7.229431666727626e-9,-0.0005804060204320172,-2.4461330126952786e-11,-3.5282174813896146e-9,-6.218312881851703e-6,-0.00010758568385467643,2.020458886983938e-6,-1.6681706031960253e-9,4.433617849877255e-10,-3.7053636108962026e-8,-3.441837540349498e-5,9.65882863005253e-6,-0.00014236339397276127,3.154335807043239e-5,-1.806389769363876e-10,-0.00030719910923301724,-5.615615484179242e-7,-1.1852716907687216e-5,-2.962101654388057e-6,0.002288596093705203,-4.2715824252149863e-8,-1.8093592332920022e-5,-0.007682417893286015,0.005906588184865455,1.1794282035769391e-8,-1.3817679982389131e-5,5.2963717064794235e-5,1.5536247412834101e-7,3.799862923423283e-5,-6.460247318912955e-5,-5.144725085271501e-7,-4.121402752570909e-9,0.0014177016148664671,1.2761618107564225e-5,2.296312669280152e-7,2.640870850617464e-5,0.008217963769345873,2.9177577638879514e-6,-9.922656464576389e-7,-5.379258632965535e-9,5.494453266523684e-10,0.0013366337483285,-0.005718471325373242,-0.00038133639638991045,-1.72979168394147e-8,2.5813225724562016e-9,0.0009436081835979835,-9.66574404710952e-10,-1.4221579942414976e-6,1.8022776902111666e-7,-1.1488420531224389e-9,-0.00019059249447260612,5.715169354560891e-7,7.510305287016985e-6,0.008545886827683603,-5.252206304085588e-5,-1.628242179291024e-10,-3.88074040230538e-5,0.00021234190068680043,-0.004579710528593801,3.6127600593753313e-6,-1.2106492076118492e-6,-2.484185516288298e-5,5.507143900112578e-5,-2.287159597720448e-10,6.157677273724603e-11,1.674106553784358e-11,-0.002601818088592751,2.58557756865731e-10,0.009417455280647543,6.16511575726265e-5,0.00015139960149933312,-1.8003487908681653e-6,0.0018245289038634476,-5.8084018046732755e-6,3.053042039974032e-11,-0.005071793517737883,-0.0014794149377364452,-0.00021653326814675803,-9.0366914524195e-6,-5.281385481924841e-6,5.837987751928123e-6,-2.7473466859777166e-10,0.0024052112795435593,-1.1055634081995085e-6,-0.00017233750328332905,-1.2355339924680367e-6,-6.2699910913759175e-6,-1.254783709636616e-7,-0.01030828400307552,2.2858006969740071e-10,-0.013268935705327396,9.43080034079126e-5,-2.1752820120996518e-7,-1.6852499114188585e-5,1.1386821583920599e-5,-0.00011089367287415093,-5.9024114930900045e-5,2.625423159121348e-7,-2.9653913064888785e-9,-4.496546935005824e-5,0.007504000863520704,1.813947062822515e-7,-4.885273167254963e-6,2.0459780677565767e-8,-2.4648240139960456e-5,-0.0002325529474362504,3.1298784768013095e-7,-2.15291954231939e-8,-1.578877132542258e-6,-1.7604612302145235e-5,8.669717579535088e-6,4.32817619813163e-8,-1.463241526124543e-8,-1.3327588659403878e-8,-0.0013328929663674006,1.1636710603380602e-5,1.800721517285135e-9,3.0170838293148484e-5,-0.00010560475183510145,-0.0003569858037545109,-0.003629196175900176,1.4212581760669651e-9,3.8275067681688376e-10,0.0002632135242239173,0.001734092741146261,9.89414516219642e-5,-1.3183750297132344e-8,-0.00015008297371676542,-0.00014106266148552056,-7.323437197557549e-5,-2.5356950810037296e-7,-1.0995066980631859e-6,-2.8890809984417634e-8,-5.2963069032527125e-5,0.00034052734031077747,-0.0016501356498119573,-0.0073574688076539175,0.0005814835995674653,-9.286355053716123e-9,-1.4281659034949936e-9,-6.394983203128426e-7,-0.0031081414028020235,6.171463504706578e-11
0.0,0.0,0.0,0.0,0.0,0.0,0.0,0.0,0.0,0.0,0.0,0.0,0.0,0.0,0.0,0.0,0.0,0.0,0.0,0.0,0.0,0.0,0.0,0.0,0.0,0.0,0.0,0.0,0.0,0.0,0.0,0.0,0.0,0.0,0.0,0.0,0.0,0.0,0.0,0.0,0.0,0.0,0.0,0.0,0.0,0.0,0.0,0.0,0.0,0.0,0.0,0.0,0.0,0.0,0.0,0.0,0.0,0.0,0.0,0.0,0.0,0.0,0.0,0.0,0.0,0.0,0.0,0.0,0.0,0.0,0.0,0.0,0.0,0.0,0.0,0.0,0.0,0.0,0.0,0.0,0.0,0.0,0.0,0.0,0.0,0.0,0.0,0.0,0.0,0.0,0.0,0.0,0.0,0.0,0.0,0.0,0.0,0.0,0.0,0.0,0.0,0.0,0.0,0.0,0.0,0.0,0.0,0.0,0.0,0.0,0.0,0.0,0.0,0.0,0.0,0.0,0.0,0.0,0.0,0.0,0.0,0.0,0.0,0.0,0.0,0.0,0.0,0.0,0.0,0.0,0.0,0.0,0.0,0.0,0.0,0.0,0.0,0.0,0.0,0.0,0.0,0.0,0.0,0.0,0.0,0.0,0.0,0.0,0.0,0.0,0.0,0.0,0.0,0.0,0.0,0.0,0.0,0.0,0.0,0.0,0.0,0.0,0.0,0.0,0.0,0.0,0.0,0.0,0.0,0.0,0.0,0.0,0.0,0.0,0.0,0.0,0.0,0.0,0.0,0.0,0.0,0.0,0.0,0.0,0.0,0.0,0.0,0.0,0.0,0.0,0.0,0.0,0.0,0.0,0.0,0.0,0.0,0.0,0.0,0.0,0.0,0.0,0.0,0.0,0.0,0.0,0.0,0.0,0.0,0.0,0.0,0.0,0.0,0.0,0.0,0.0,0.0,0.0,0.0,0.0,0.0,0.0,0.0,0.0,0.0,0.0,0.0,0.0,0.0,0.0,0.0,0.0,0.0,0.0,0.0,0.0,0.0,0.0,0.0,0.0,0.0,0.0,0.0,0.0,0.0,0.0,0.0,0.0,0.0,0.0,0.0,0.0,0.0,0.0,0.0,0.0,0.0,0.0,0.0,0.0,0.0,0.0,0.0,0.0,0.0,0.0,0.0,0.0,0.0,0.0,0.0,0.0,0.0,0.0,0.0,0.0,0.0,0.0,0.0,0.0,0.0,0.0,0.0,0.0,0.0,0.0,0.0,0.0,0.0,0.0,0.0,0.0,0.0,0.0,0.0,0.0,0.0,0.0,0.0,0.0,0.0,0.0,0.0,0.0,0.0,0.0,0.0,0.0,0.0,0.0,0.0,0.0,0.0,0.0,0.0,0.0,0.0,0.0,0.0,0.0,0.0,0.0,0.0,0.0,0.0,0.0,0.0,0.0,0.0,0.0,0.0,0.0,0.0,0.0,0.0,0.0,0.0,0.0,0.0,0.0,0.0,0.0,0.0,0.0,0.0,0.0,0.0,0.0,0.0,0.0,0.0,0.0,0.0,0.0,0.0,0.0,0.0,0.0,0.0,0.0,0.0,0.0,0.0,0.0,0.0,0.0,0.0,0.0,0.0,0.0,0.0,0.0,0.0,0.0,0.0,0.0,0.0,0.0,0.0,0.0,0.0,0.0,0.0,0.0,0.0,0.0,0.0,0.0,0.0,0.0,0.0,0.0,0.0,0.0,0.0,0.0,0.0,0.0,0.0,0.0,0.0,0.0,0.0,0.0,0.0,0.0,0.0,0.0,0.0,0.0,0.0,0.0,0.0,0.0,0.0,0.0,0.0,0.0,0.0,0.0,0.0,0.0,0.0,0.0,0.0,0.0,0.0,0.0,0.0,0.0,0.0,0.0,0.0,0.0,0.0,0.0,0.0,0.0,0.0,0.0,0.0,0.0,0.0,0.0,0.0,0.0,0.0,0.0,0.0,0.0,0.0,0.0,0.0,0.0,0.0,0.0,0.0,0.0,0.0,0.0,0.0,0.0,0.0,0.0,0.0,0.0,0.0,0.0,0.0,0.0,0.0,0.0,0.0,0.0,0.0,0.0,0.0,0.0,0.0,0.0,0.0,0.0,0.0,0.0,0.0,0.0,0.0,0.0,0.0,0.0,0.0,0.0,0.0,0.0,0.0,0.0,0.0,0.0,0.0,0.0,0.0,0.0,0.0,0.0,0.0,0.0,0.0,0.0,0.0,0.0,0.0,0.0,0.0,0.0,0.0,0.0,0.0,0.0,0.0,0.0,0.0,0.0,0.0,0.0,0.0,0.0,0.0,0.0,0.0,0.0,0.0,0.0,0.0,0.0427913011777364,-2.9553970578447234e-6,-6.349100802349363e-9,1.0141156344125367e-12,-6.50078185144374e-10,8.54178738390257e-13,-1.1773240819579305e-7,-3.951111065988123e-13,-6.208142235343463e-5,-6.0462920042205465e-5,-2.5451393981546165e-12,6.706053775754948e-9,1.372508072709045e-11,-8.018734598837445e-15,8.090618742148689e-12,0.001222402710215648,-7.333117727043328e-11,1.8145394387437473e-6,6.671304984321795e-8,9.76053996103482e-13,2.3907918634447833e-13,-2.23565664688514e-12,6.779310056382505e-13,-1.9695868513016463e-9,0.011478810330014326,5.384516329246026e-15,-0.00027636372418945077,0.000749164572998865,1.0021599813847257e-13,0.0011296775998950812,2.2860270977694095e-7,-1.716784052159473e-10,4.58208404536612e-10,-0.0010271901713185662,9.902084268586584e-6,-5.472274640579767e-9,2.91948239061944e-13,-0.0022948603999364344,-0.0001347844265707568,-4.4268508964170444e-13,0.0008984783198305958,-3.521672071658391e-10,7.470395782444878e-7,2.7533697306845364e-8,7.221106233878852e-8,-2.1770518685060297e-10,-1.8689351049900067e-11,-1.9742925453452694e-10,-4.533110166370348e-5,-1.2733230576640577e-7,5.5803828714802856e-11,1.0388671509117134e-11,2.9815549418374948e-12,0.0014912921708984644,0.00026566515804358256,-1.538443145332314e-14,-1.72602720161943e-13,1.7924944573953343e-9,6.1866169462961e-15,1.0296269348257967e-11,8.502872680887886e-10,6.789743589259681e-9,3.483164816560166e-10,2.465510689801524e-10,-2.1467961847888456e-5,4.7555230555345206e-8,2.4339483576199256e-16,0.0009509031935011593,-1.4704274177926694e-8,-1.6284376966932687e-7,6.1228604503128395e-6,5.7149499634127865e-6,-2.916675424539138e-14,-2.1830200451008256e-14,0.0007623071010888268,0.010252178012237184,0.0008918066251404243,2.3487737847721334e-9,1.5484972450365562e-12,1.1455967032371408e-12,-2.920171796531635e-5,1.036426853714242e-6,-0.0032971774475776612,-5.820211094242216e-6,8.116821627065932e-5,1.043416664746196e-11,0.0004500990642685438,-1.5357268219849246e-10,9.230063386570217e-8,-8.792559624276698e-8,-6.083232450259966e-5,1.0308567674188426e-9,2.8441532353471373e-12,-1.0502187670297253e-9,-0.0007091189975229722,-6.71592985156635e-15,-0.0001764946226854069,-3.137723861002635e-12,-1.899336765903316e-5,4.807734926456177e-12,-1.3034258784006062e-14,-0.00021510924178780492,2.32453335893309e-8,-1.0510104958119185e-8,1.7417846479714325e-5,-5.743225810247076e-7,-1.3555688640033745e-7,6.431949848131187e-13,0.0050351749489678955,0.00013058386169065224,2.1291949261040012e-9,1.7064308360338232e-6,0.000495410884981349,-1.9192265028784984e-10,-8.113678123173849e-6,3.970059040386539e-10,5.076205792308186e-7,-9.131752132884653e-13,1.6189995680744316e-8,0.009935376313030334,-7.368396552441681e-14,0.0005264372919942823,0.00013298248784992725,-1.2765395388936755e-7,-1.4526255845186527e-13,3.1424450642323147e-12,-1.159359790914007e-5,0.00026604994725257377,-1.367446505794193e-10,3.073147464382372e-13,-2.9935440433819644e-14,-5.721066054040624e-11,1.963121783458698e-9,0.0007342185669154516,-3.6521518687463295e-8,-0.0003091306212381123,-5.719065744711549e-14,3.1383520851583194e-7,1.3426878479915919e-10,-4.5877009694193844e-10,0.0012156767153641576,-1.3906086187538529e-7,-1.5982676647421237e-11,-3.621029084735763e-10,2.127813414967995e-6,7.131771724921877e-7,-7.156822778489557e-12,0.00013622987719556797,-0.0003259031297853305,6.78762749241459e-12,-5.006750268974628e-9,-2.5744180217856726e-9,-1.0979344306396607e-9,-1.0626253670145227e-13,-6.052166819610272e-6,-2.4743208916785168e-9,0.00010406549259164025,0.00021920146102818015,5.480518308828325e-7,0.0018954578533758462,-2.5649759246925103e-10,2.904026753735845e-13,-5.957264396445024e-14,-2.555444415297567e-6,1.467819819786403e-6,0.0001035621927858389,0.0006381933342564517,-4.100442729700587e-12,-7.223405712685439e-8,9.214828864488086e-14,-6.739232108073984e-10,5.05347727133974e-11,6.633412422023169e-13,-0.00020798063835477445,-3.005770266434915e-11,-3.3088914889226567e-6,-8.617766149583084e-6,-3.8080854044599386e-5,-2.062361627335403e-14,-0.0010450750371127854,-3.1354537215950064e-8,-8.012125229206324e-6,0.003166791414132273,-0.0005536743417911109,-3.4109200651675407e-9,1.6037142767736276e-8,1.9864099275743875e-14,4.811197378947676e-15,-6.888412503535243e-15,-4.469172452127115e-5,1.7642881347159068e-13,-1.7640416452190497e-6,5.9502402606893645e-5,-2.0961524953873975e-5,-0.0012300395314272985,2.2829019985234405e-7,0.00026273331470268895,6.330942332159143e-15,-2.5868893214695716e-6,-4.454631420995859e-5,-2.5354483672726873e-7,0.000244683061647271,-0.0009062327539322076,-0.0013031384254814408,2.9270804201612184e-14,1.0310612129124901e-5,1.2244780088387348e-10,-1.5541236546841662e-7,3.0770207153742814e-5,-3.3114244339248784e-10,2.0270269917594832e-11,-6.24165571131698e-7,-3.2822527834879256e-14,-3.815479410028132e-7,-0.00036647144345378714,4.083825062474407e-11,1.255121964601225e-8,-1.6144254061892947e-9,4.153354112122122e-5,9.829633174343883e-9,-0.0021437799717788715,-7.188059682895621e-13,3.2390626216937647e-9,-7.640740615255284e-7,3.495342198898104e-11,-0.0026936915679164064,-5.645151574876587e-12,0.0008684195160960717,8.903462787847405e-5,-0.0008547229604045569,6.107327082287962e-12,3.0298395205446925e-10,-6.008898278987137e-10,-3.721220431209672e-9,0.0008942690181792281,1.4717344975096024e-13,-8.040920483308033e-13,-6.95834550763862e-8,-0.00010514637355762175,-5.42986828673508e-13,9.128037282591793e-9,1.0827908475036096e-8,3.828032012358102e-6,-6.217797054655376e-6,-5.318025888069709e-14,-4.7694474100575176e-14,6.328745839861386e-5,4.4866049092155747e-7,-3.4556901148196195e-9,3.588299938577054e-12,7.048279099118292e-8,-9.687491226271374e-5,-1.5490175178739226e-8,1.3613383178892805e-10,6.171582661726247e-11,-0.00011641145044504424,0.0002477291905722318,-6.4186760664399585e-6,-2.783772491665587e-5,1.7360589572388011e-6,-9.9701840195066e-6,-8.001740351561645e-13,1.38398032742423e-13,0.0009356905153541781,-1.822785498694289e-7,-1.5634323221135303e-14
0.0,0.0,0.0,0.0,0.0,0.0,0.0,0.0,0.0,0.0,0.0,0.0,0.0,0.0,0.0,0.0,0.0,0.0,0.0,0.0,0.0,0.0,0.0,0.0,0.0,0.0,0.0,0.0,0.0,0.0,0.0,0.0,0.0,0.0,0.0,0.0,0.0,0.0,0.0,0.0,0.0,0.0,0.0,0.0,0.0,0.0,0.0,0.0,0.0,0.0,0.0,0.0,0.0,0.0,0.0,0.0,0.0,0.0,0.0,0.0,0.0,0.0,0.0,0.0,0.0,0.0,0.0,0.0,0.0,0.0,0.0,0.0,0.0,0.0,0.0,0.0,0.0,0.0,0.0,0.0,0.0,0.0,0.0,0.0,0.0,0.0,0.0,0.0,0.0,0.0,0.0,0.0,0.0,0.0,0.0,0.0,0.0,0.0,0.0,0.0,0.0,0.0,0.0,0.0,0.0,0.0,0.0,0.0,0.0,0.0,0.0,0.0,0.0,0.0,0.0,0.0,0.0,0.0,0.0,0.0,0.0,0.0,0.0,0.0,0.0,0.0,0.0,0.0,0.0,0.0,0.0,0.0,0.0,0.0,0.0,0.0,0.0,0.0,0.0,0.0,0.0,0.0,0.0,0.0,0.0,0.0,0.0,0.0,0.0,0.0,0.0,0.0,0.0,0.0,0.0,0.0,0.0,0.0,0.0,0.0,0.0,0.0,0.0,0.0,0.0,0.0,0.0,0.0,0.0,0.0,0.0,0.0,0.0,0.0,0.0,0.0,0.0,0.0,0.0,0.0,0.0,0.0,0.0,0.0,0.0,0.0,0.0,0.0,0.0,0.0,0.0,0.0,0.0,0.0,0.0,0.0,0.0,0.0,0.0,0.0,0.0,0.0,0.0,0.0,0.0,0.0,0.0,0.0,0.0,0.0,0.0,0.0,0.0,0.0,0.0,0.0,0.0,0.0,0.0,0.0,0.0,0.0,0.0,0.0,0.0,0.0,0.0,0.0,0.0,0.0,0.0,0.0,0.0,0.0,0.0,0.0,0.0,0.0,0.0,0.0,0.0,0.0,0.0,0.0,0.0,0.0,0.0,0.0,0.0,0.0,0.0,0.0,0.0,0.0,0.0,0.0,0.0,0.0,0.0,0.0,0.0,0.0,0.0,0.0,0.0,0.0,0.0,0.0,0.0,0.0,0.0,0.0,0.0,0.0,0.0,0.0,0.0,0.0,0.0,0.0,0.0,0.0,0.0,0.0,0.0,0.0,0.0,0.0,0.0,0.0,0.0,0.0,0.0,0.0,0.0,0.0,0.0,0.0,0.0,0.0,0.0,0.0,0.0,0.0,0.0,0.0,0.0,0.0,0.0,0.0,0.0,0.0,0.0,0.0,0.0,0.0,0.0,0.0,0.0,0.0,0.0,0.0,0.0,0.0,0.0,0.0,0.0,0.0,0.0,0.0,0.0,0.0,0.0,0.0,0.0,0.0,0.0,0.0,0.0,0.0,0.0,0.0,0.0,0.0,0.0,0.0,0.0,0.0,0.0,0.0,0.0,0.0,0.0,0.0,0.0,0.0,0.0,0.0,0.0,0.0,0.0,0.0,0.0,0.0,0.0,0.0,0.0,0.0,0.0,0.0,0.0,0.0,0.0,0.0,0.0,0.0,0.0,0.0,0.0,0.0,0.0,0.0,0.0,0.0,0.0,0.0,0.0,0.0,0.0,0.0,0.0,0.0,0.0,0.0,0.0,0.0,0.0,0.0,0.0,0.0,0.0,0.0,0.0,0.0,0.0,0.0,0.0,0.0,0.0,0.0,0.0,0.0,0.0,0.0,0.0,0.0,0.0,0.0,0.0,0.0,0.0,0.0,0.0,0.0,0.0,0.0,0.0,0.0,0.0,0.0,0.0,0.0,0.0,0.0,0.0,0.0,0.0,0.0,0.0,0.0,0.0,0.0,0.0,0.0,0.0,0.0,0.0,0.0,0.0,0.0,0.0,0.0,0.0,0.0,0.0,0.0,0.0,0.0,0.0,0.0,0.0,0.0,0.0,0.0,0.0,0.0,0.0,0.0,0.0,0.0,0.0,0.0,0.0,0.0,0.0,0.0,0.0,0.0,0.0,0.0,0.0,0.0,0.0,0.0,0.0,0.0,0.0,0.0,0.0,0.0,0.0,0.0,0.0,0.0,0.0,0.0,0.0,0.0,0.0,0.0,0.0,0.0,0.0,0.0,0.0,0.0,0.0,0.0,0.0,0.0,0.0,0.0,0.0,0.0,0.0,0.0,0.0,0.0,0.0,0.0,0.0,0.0,0.0,0.0,0.0,0.0,0.0,0.0,0.0,0.0,0.0,0.0,0.0,0.0,0.06752384220183351,-0.0005457691816480485,-3.3298425268646364e-8,-7.290221815434491e-6,-2.3425270100893744e-8,0.001970501964803148,1.6493734253564937e-9,-0.0007133904819433634,-0.001485791139286978,3.491373546387909e-8,-0.0005382991124685616,-3.572466148315748e-8,3.900024390561825e-9,-8.656980245001085e-8,6.163966312681721e-7,3.4687858528150314e-7,-0.012623435112256751,0.0028639683197645197,-2.8525836184406426e-9,-1.8455779891385816e-9,-6.391252378384897e-7,1.4743012484274725e-9,0.0006720013625297859,5.8145758264883666e-6,2.4643442530433925e-11,-0.00011167918887383378,1.9455400962907377e-6,-2.760844012480222e-9,-1.4356769551427236e-7,-0.002009637527299282,1.9321453151130953e-6,-1.8642990943719144e-6,-6.32546308619912e-7,-0.0008749169771873773,-3.053955841852131e-5,-3.4238437290598856e-9,-1.3834196577653432e-6,-1.3239472335821297e-5,5.562117373910252e-10,-7.911026954406439e-5,4.41507470849584e-6,0.0033571772732307204,-0.00024031437344379064,-0.0006497789405998871,3.4786968658535e-6,3.882080507179106e-8,3.1237309158581463e-7,0.0008834107427483284,-0.0016032176237158174,-6.207614449331557e-7,-3.4245198224665154e-7,-2.2611986223241016e-8,2.0905167753317583e-7,-7.380124041687363e-6,-7.390090382952551e-11,2.121344090199222e-9,-2.921941222358379e-5,-2.3435357251679685e-10,-4.263922197691811e-8,-2.6723806307350743e-5,-5.795542421979682e-5,-6.888686530854105e-6,-6.088389848170252e-7,7.194284651926735e-5,-0.0002727926270888329,2.1115063316153337e-10,-1.6095529591450565e-7,0.00023858462598889418,0.00163196970999892,0.004415936531795901,-0.006919402414333849,-3.945530314949104e-10,2.9953823679639535e-10,-1.4001245362912448e-7,4.45221844114112e-6,1.0686268076618974e-7,3.433262883831244e-5,-3.129927628919316e-8,-1.0672362124018696e-7,0.0013788081261867406,-0.00030971946230839965,2.89492051238393e-7,0.0019746441375261096,-0.0003959379605643096,-1.6061363547868827e-7,-4.5196136703462486e-9,1.3618696482882168e-6,-0.0007188551939444115,0.00010849219582487871,-0.000131216022252974,-6.215636578249362e-6,-1.3873824115976194e-7,5.077404125067112e-6,-8.264899378207751e-7,-1.5686673624120581e-10,0.00010250046742974444,9.256349227231723e-9,0.00019450360971391705,3.786333800813396e-11,8.905410639978515e-11,4.884804521837203e-5,-0.00026245887341779363,-0.0017336136856184168,-0.0008924750918028756,0.00403127566940971,0.0003661395149314896,2.2234743490029045e-8,-5.5970384973953875e-6,2.1534032276119868e-5,4.895762028254011e-6,-0.0009695365301298733,-1.766290332204544e-5,0.00028071722980776,0.0005960055633912986,-2.596796427820809e-6,0.0010231460590770522,1.9904911900675918e-8,0.00017015227123341894,2.3556995471685014e-6,5.227724675072714e-10,-5.401518282908067e-6,-2.0492794793491573e-7,0.0004893627415075328,1.1935625217247605e-10,-1.4933452068039484e-8,-6.820053433867843e-7,6.784977384942511e-6,1.4791310631513966e-6,-5.1616580236740335e-9,-2.610776645120931e-9,3.9500891193551963e-7,-6.994989408930597e-5,1.5189749415860467e-6,-0.0001229321127849114,1.0525024706136109e-5,-2.877865700350201e-10,-0.001840301517469299,-1.846274825586078e-6,1.4178580687184202e-5,3.954959970370185e-7,0.000852920290386636,3.315432573909884e-8,-1.1709916457504318e-5,0.0019210464711396159,-0.003374609472004575,3.898453515600909e-8,-2.672607325434171e-6,4.68402199493608e-5,-7.974101973543515e-8,9.554393936087562e-6,-0.0001631442341044795,8.052595807159182e-6,-6.30793962549831e-9,0.00233113044795731,5.074385768276077e-5,1.0418533121836529e-7,-1.6578007140344725e-5,-0.000997591218540755,-1.1705263797092727e-6,-6.551507726629188e-6,-9.827760148895668e-9,8.290373533501956e-10,-0.0004222726632238704,0.021724370639484084,-0.000294212438818269,1.8743223574990798e-7,3.570531716603619e-8,0.0002032952068716229,-1.0903348520410638e-9,-2.6858448197115935e-6,-3.3649530561470874e-7,-4.890575081681455e-9,2.72498135739156e-5,2.9225782947626964e-7,0.0017332278720758076,0.002115984720585403,-1.0101711365886212e-5,-2.652756787169583e-10,-1.5885006284046737e-5,0.0007442337350882244,0.0006372574685532612,1.4357380985532065e-6,-1.2905312424382938e-6,-7.557931763651391e-6,1.1779486499782023e-6,-5.647187454497544e-10,1.2427522171959986e-11,3.300877870504021e-10,0.0005804239403865241,4.199439047128772e-11,-0.0016230057579827838,2.6907084337499243e-5,0.00039121699100814886,-8.232609724789017e-7,0.001452482304092321,-6.922004976270232e-6,3.2341678061826485e-11,-0.007797211786349429,0.0005127252744243251,0.002492769684848138,1.5891184235292215e-6,-2.4564273168694504e-6,9.82897459751167e-6,-2.938197612505491e-10,-0.0005457497256329822,-1.3530654588248213e-6,-0.0007858015284966071,-5.117461153172288e-8,-6.961927261943438e-6,-1.0586328409929472e-7,-0.003578432000306668,-1.8238082805236296e-9,0.026736858866478266,2.0052743069958585e-5,-1.0199371751479297e-7,-3.240423214821551e-6,5.859115327052525e-6,-0.00019865532840578854,0.00012184357110374367,1.7246285823713967e-7,8.50303438169499e-9,1.2326976195706786e-5,0.0011765424787373664,-2.132321254909438e-7,2.1897563897997305e-7,3.733032326420369e-8,-7.309323604713157e-6,-6.51786509115776e-5,1.1792705508909872e-7,-7.836857991762413e-8,-2.7753868438601047e-6,-8.123989741174718e-5,1.3517652878428774e-5,4.994240058659733e-7,-2.834713290514691e-7,-5.554471036668703e-9,-0.0025611460666361005,0.00021712832573109073,4.287496430874332e-10,-4.2217025260383424e-5,-0.00046175130869064,0.000686976737825121,-0.0010178543702013948,-3.393594751995694e-9,4.3265213786195835e-11,0.0001658961504251819,-0.0014680182074953405,0.0004199288000619328,1.6459464415120767e-7,-0.00036635783111023813,7.255397686017356e-5,-7.266558882289662e-5,-8.399629768305024e-7,-1.6811364086529485e-6,-1.6213339995618984e-6,-3.010738051880227e-5,0.0012221103291872283,-0.001102743838312284,-0.00512965878901025,0.0003883797826985341,-8.864582818165303e-9,-1.9317715735809964e-9,5.463781337578812e-7,0.004445167541418842,3.3180145318534143e-11
0.0,0.0,0.0,0.0,0.0,0.0,0.0,0.0,0.0,0.0,0.0,0.0,0.0,0.0,0.0,0.0,0.0,0.0,0.0,0.0,0.0,0.0,0.0,0.0,0.0,0.0,0.0,0.0,0.0,0.0,0.0,0.0,0.0,0.0,0.0,0.0,0.0,0.0,0.0,0.0,0.0,0.0,0.0,0.0,0.0,0.0,0.0,0.0,0.0,0.0,0.0,0.0,0.0,0.0,0.0,0.0,0.0,0.0,0.0,0.0,0.0,0.0,0.0,0.0,0.0,0.0,0.0,0.0,0.0,0.0,0.0,0.0,0.0,0.0,0.0,0.0,0.0,0.0,0.0,0.0,0.0,0.0,0.0,0.0,0.0,0.0,0.0,0.0,0.0,0.0,0.0,0.0,0.0,0.0,0.0,0.0,0.0,0.0,0.0,0.0,0.0,0.0,0.0,0.0,0.0,0.0,0.0,0.0,0.0,0.0,0.0,0.0,0.0,0.0,0.0,0.0,0.0,0.0,0.0,0.0,0.0,0.0,0.0,0.0,0.0,0.0,0.0,0.0,0.0,0.0,0.0,0.0,0.0,0.0,0.0,0.0,0.0,0.0,0.0,0.0,0.0,0.0,0.0,0.0,0.0,0.0,0.0,0.0,0.0,0.0,0.0,0.0,0.0,0.0,0.0,0.0,0.0,0.0,0.0,0.0,0.0,0.0,0.0,0.0,0.0,0.0,0.0,0.0,0.0,0.0,0.0,0.0,0.0,0.0,0.0,0.0,0.0,0.0,0.0,0.0,0.0,0.0,0.0,0.0,0.0,0.0,0.0,0.0,0.0,0.0,0.0,0.0,0.0,0.0,0.0,0.0,0.0,0.0,0.0,0.0,0.0,0.0,0.0,0.0,0.0,0.0,0.0,0.0,0.0,0.0,0.0,0.0,0.0,0.0,0.0,0.0,0.0,0.0,0.0,0.0,0.0,0.0,0.0,0.0,0.0,0.0,0.0,0.0,0.0,0.0,0.0,0.0,0.0,0.0,0.0,0.0,0.0,0.0,0.0,0.0,0.0,0.0,0.0,0.0,0.0,0.0,0.0,0.0,0.0,0.0,0.0,0.0,0.0,0.0,0.0,0.0,0.0,0.0,0.0,0.0,0.0,0.0,0.0,0.0,0.0,0.0,0.0,0.0,0.0,0.0,0.0,0.0,0.0,0.0,0.0,0.0,0.0,0.0,0.0,0.0,0.0,0.0,0.0,0.0,0.0,0.0,0.0,0.0,0.0,0.0,0.0,0.0,0.0,0.0,0.0,0.0,0.0,0.0,0.0,0.0,0.0,0.0,0.0,0.0,0.0,0.0,0.0,0.0,0.0,0.0,0.0,0.0,0.0,0.0,0.0,0.0,0.0,0.0,0.0,0.0,0.0,0.0,0.0,0.0,0.0,0.0,0.0,0.0,0.0,0.0,0.0,0.0,0.0,0.0,0.0,0.0,0.0,0.0,0.0,0.0,0.0,0.0,0.0,0.0,0.0,0.0,0.0,0.0,0.0,0.0,0.0,0.0,0.0,0.0,0.0,0.0,0.0,0.0,0.0,0.0,0.0,0.0,0.0,0.0,0.0,0.0,0.0,0.0,0.0,0.0,0.0,0.0,0.0,0.0,0.0,0.0,0.0,0.0,0.0,0.0,0.0,0.0,0.0,0.0,0.0,0.0,0.0,0.0,0.0,0.0,0.0,0.0,0.0,0.0,0.0,0.0,0.0,0.0,0.0,0.0,0.0,0.0,0.0,0.0,0.0,0.0,0.0,0.0,0.0,0.0,0.0,0.0,0.0,0.0,0.0,0.0,0.0,0.0,0.0,0.0,0.0,0.0,0.0,0.0,0.0,0.0,0.0,0.0,0.0,0.0,0.0,0.0,0.0,0.0,0.0,0.0,0.0,0.0,0.0,0.0,0.0,0.0,0.0,0.0,0.0,0.0,0.0,0.0,0.0,0.0,0.0,0.0,0.0,0.0,0.0,0.0,0.0,0.0,0.0,0.0,0.0,0.0,0.0,0.0,0.0,0.0,0.0,0.0,0.0,0.0,0.0,0.0,0.0,0.0,0.0,0.0,0.0,0.0,0.0,0.0,0.0,0.0,0.0,0.0,0.0,0.0,0.0,0.0,0.0,0.0,0.0,0.0,0.0,0.0,0.0,0.0,0.0,0.0,0.0,0.0,0.0,0.0,0.0,0.0,0.0,0.0,0.0,0.0,0.0,0.0,0.0,0.0,0.0,0.0,0.0,0.0,0.0,0.0,0.0,0.0,0.0,0.0,0.0,0.0,0.0,0.0,0.0,0.0,0.0,0.0,0.0,0.0,0.0,0.0,0.0,0.03816844320507233,9.679391448875222e-7,0.0012233209957254122,1.675185606391781e-6,-0.001033667291762376,5.5894553221052145e-8,1.0685255474816439e-5,1.5980363223257712e-6,1.6820205910489e-6,0.001477059294020427,-3.731803276640242e-6,6.350884955390548e-8,3.647341367616401e-6,5.146057846395502e-10,3.458780236378913e-5,-0.0005872398816076298,-0.0006188779441997517,-5.06294399141507e-7,-1.4799710253850734e-7,-0.0002089495619606256,-5.820946319886328e-7,-0.0008610974761220679,-2.3686230526790905e-8,-6.691390785896303e-10,-1.7954738734331305e-6,5.048637208700526e-8,2.5209748898902366e-7,2.067415987296144e-9,-0.00020891832783951828,4.9764210777567004e-5,-0.00011052527635723494,4.237010120370436e-9,-1.746655228125501e-5,-0.0008680208786240786,-2.957864194901732e-7,-2.073644601590856e-8,-1.2759255047161072e-7,4.631273156354764e-8,-1.5802840772035247e-6,0.0003304370251878929,8.007801692363096e-5,-0.0019414429393477474,0.0023762309017813983,0.00047547876936282436,1.2020957482702878e-5,-0.0001499179849002401,-1.5368071897455077e-5,0.00015261271512399853,-8.100800152550719e-5,-1.0923886331210424e-5,1.3597611032008257e-6,4.965515672184906e-9,-9.226510177782121e-7,2.095304163644004e-8,3.467817222225686e-8,0.0020025518541146687,6.58598961303406e-9,-5.460700450430712e-6,-0.0033274903858841773,-8.361821021039646e-5,0.0006509376445072577,-0.0020581009615203913,3.0076697368462443e-6,0.004916580387177431,-1.1191390764262986e-8,8.051550498657153e-11,-0.00649086139307475,-0.0003283105414732806,-6.474165246872007e-5,-9.921026352552404e-5,1.0433592955130059e-7,4.5946934917203835e-9,-3.358266476318807e-9,5.691952712840772e-8,2.9845713797395714e-9,0.001299577819674196,-2.332938071731206e-6,-1.4769516286549113e-6,-4.070739557721164e-6,-0.00019817351709455443,2.713498419508479e-10,-1.326034169396968e-5,-4.19636998433279e-6,-4.004325899195145e-6,3.95908605049819e-9,-4.4089880356980055e-5,0.000209785696339926,0.001765247157947511,-5.329126795478155e-7,6.871008182762288e-5,-2.020289044123162e-6,0.00034143262333887945,2.5371729127442093e-8,1.5350438265720508e-8,2.080420484311598e-6,1.969661310870639e-6,3.070408112303212e-6,-1.901220310825428e-6,2.814690985144134e-9,1.7450901877132184e-6,-0.00027638556211357886,1.292726148810349e-7,-7.5471195162851835e-6,0.00023115797420849446,0.0005360857325111841,-1.171028247776429e-6,-5.287466878878066e-8,1.781799673568156e-7,-0.002734834703577212,-7.416338645440185e-5,-1.277467909204941e-7,-0.0011489169484020004,7.570156540311988e-6,-0.0002672716621794663,-0.0005091050380681288,-1.2698340419943452e-7,-0.0039046746315088625,2.075976857703663e-8,3.0897539980624415e-8,1.7399593849218253e-7,1.9662994369249242e-10,-0.0017307535080910974,6.476166182961867e-8,-1.4527072696634232e-6,2.6388655278911543e-8,-1.9904956936048467e-7,0.00011888997468898507,-4.021017354913493e-8,7.942115743121955e-7,-7.357276703726674e-5,0.0018067662861030423,5.979759342683057e-8,0.00741353052046462,-6.202314146058731e-8,8.325762758935308e-9,-0.00013265080464657452,-7.58079499068752e-6,-0.0009043372216632879,-5.3324508430877837e-8,-0.0001686353788580115,5.580740415048167e-6,0.003019438036505405,3.878724132888736e-5,-0.0003568747175540058,1.8963427400427228e-6,-2.8163918295984785e-8,4.303935363116867e-6,-2.8920485028581505e-5,-0.0003767796646722488,0.004041123853289381,0.0015808003502264809,9.81998462464529e-9,-1.3394771586298159e-5,-0.005791028413660435,9.127984681542777e-10,4.122983446708373e-8,5.755453209185298e-5,-2.256081139230763e-8,-0.00023397583225235976,7.574957729151226e-9,8.473813337632211e-8,-2.0830768781121722e-5,-2.8021965802120744e-5,-9.648812055416749e-6,-3.0329394481261074e-9,-8.475138136895821e-7,-0.001354025005071323,-3.002610399450203e-8,0.0007165013910745295,3.425927374466006e-5,-7.748514542161374e-8,8.996731445287899e-8,4.2620816719024335e-5,1.6972154013019995e-6,-4.563866471342776e-5,1.124301475789234e-6,-1.699654331490938e-8,-5.7026216962801056e-8,-0.013836801728377396,-1.1012110589152179e-5,2.8799312819238294e-8,-1.2881076530323023e-8,0.0014252168195827194,-0.008913800382306693,6.491806945962776e-9,6.692535362161347e-9,-9.316371048675967e-9,1.2738980448553236e-5,-7.172202487625002e-8,-0.00011177165266503223,1.2683420661247392e-7,-1.914227454424703e-6,4.569479857408343e-9,-0.0006351085274441583,1.2964961855429605e-7,-1.4439548788299323e-9,6.085376955715461e-6,-7.606219001502656e-6,-0.003224579615016564,3.3494872415255324e-8,-3.923060716183478e-8,1.5458917682408678e-7,-2.399143161231514e-9,-2.197647796522709e-6,-9.273477143059744e-5,0.0038260423050217227,5.585628913424888e-9,0.00020551975502198884,-1.3800943188517738e-5,-0.00020285482778875666,9.949183435134991e-8,0.00011638288651657742,7.235096462631807e-7,-3.316469050054278e-5,-0.0024443199053079206,-0.0004991880746970478,-4.798565235232463e-6,-0.006867923629324605,1.2052064918432002e-9,-1.4160663035458532e-7,-0.0036218018241453783,-2.0752278287676483e-5,-2.2646022029780675e-5,-3.2513656322702744e-9,3.987436783435643e-6,-1.6308637949793727e-7,-7.667744007902164e-7,-9.014080138028406e-10,-6.650049302801254e-7,0.00012205889239661753,0.009172903564476923,-0.0014928881972616974,6.378026713989727e-9,1.4699466311708977e-5,-4.145067845980124e-7,0.001006388741002938,3.0877549728841534e-6,4.836145531422762e-7,-0.0008280049593582217,0.012549277485250828,-2.1280521232967767e-6,-2.223268980615819e-5,2.7870714174637043e-7,2.626523301744938e-8,6.328480524831224e-7,4.084446853838392e-5,-0.009014721890258722,-8.08538502649751e-6,0.0017371871040796753,-4.1727911264106105e-7,0.015190191892232864,1.3009025106567e-6,0.00017594233832643794,1.9584016529375872e-8,-7.385132380480149e-7,2.854266562858106e-5,1.191703963978049e-5,-4.5256474399851916e-5,-5.5738998165339055e-6,5.757324269751841e-7,1.3919818288793918e-7,1.1119414349012953e-8,-3.7316560669778996e-5,9.227713207659775e-9
0.0,0.0,0.0,0.0,0.0,0.0,0.0,0.0,0.0,0.0,0.0,0.0,0.0,0.0,0.0,0.0,0.0,0.0,0.0,0.0,0.0,0.0,0.0,0.0,0.0,0.0,0.0,0.0,0.0,0.0,0.0,0.0,0.0,0.0,0.0,0.0,0.0,0.0,0.0,0.0,0.0,0.0,0.0,0.0,0.0,0.0,0.0,0.0,0.0,0.0,0.0,0.0,0.0,0.0,0.0,0.0,0.0,0.0,0.0,0.0,0.0,0.0,0.0,0.0,0.0,0.0,0.0,0.0,0.0,0.0,0.0,0.0,0.0,0.0,0.0,0.0,0.0,0.0,0.0,0.0,0.0,0.0,0.0,0.0,0.0,0.0,0.0,0.0,0.0,0.0,0.0,0.0,0.0,0.0,0.0,0.0,0.0,0.0,0.0,0.0,0.0,0.0,0.0,0.0,0.0,0.0,0.0,0.0,0.0,0.0,0.0,0.0,0.0,0.0,0.0,0.0,0.0,0.0,0.0,0.0,0.0,0.0,0.0,0.0,0.0,0.0,0.0,0.0,0.0,0.0,0.0,0.0,0.0,0.0,0.0,0.0,0.0,0.0,0.0,0.0,0.0,0.0,0.0,0.0,0.0,0.0,0.0,0.0,0.0,0.0,0.0,0.0,0.0,0.0,0.0,0.0,0.0,0.0,0.0,0.0,0.0,0.0,0.0,0.0,0.0,0.0,0.0,0.0,0.0,0.0,0.0,0.0,0.0,0.0,0.0,0.0,0.0,0.0,0.0,0.0,0.0,0.0,0.0,0.0,0.0,0.0,0.0,0.0,0.0,0.0,0.0,0.0,0.0,0.0,0.0,0.0,0.0,0.0,0.0,0.0,0.0,0.0,0.0,0.0,0.0,0.0,0.0,0.0,0.0,0.0,0.0,0.0,0.0,0.0,0.0,0.0,0.0,0.0,0.0,0.0,0.0,0.0,0.0,0.0,0.0,0.0,0.0,0.0,0.0,0.0,0.0,0.0,0.0,0.0,0.0,0.0,0.0,0.0,0.0,0.0,0.0,0.0,0.0,0.0,0.0,0.0,0.0,0.0,0.0,0.0,0.0,0.0,0.0,0.0,0.0,0.0,0.0,0.0,0.0,0.0,0.0,0.0,0.0,0.0,0.0,0.0,0.0,0.0,0.0,0.0,0.0,0.0,0.0,0.0,0.0,0.0,0.0,0.0,0.0,0.0,0.0,0.0,0.0,0.0,0.0,0.0,0.0,0.0,0.0,0.0,0.0,0.0,0.0,0.0,0.0,0.0,0.0,0.0,0.0,0.0,0.0,0.0,0.0,0.0,0.0,0.0,0.0,0.0,0.0,0.0,0.0,0.0,0.0,0.0,0.0,0.0,0.0,0.0,0.0,0.0,0.0,0.0,0.0,0.0,0.0,0.0,0.0,0.0,0.0,0.0,0.0,0.0,0.0,0.0,0.0,0.0,0.0,0.0,0.0,0.0,0.0,0.0,0.0,0.0,0.0,0.0,0.0,0.0,0.0,0.0,0.0,0.0,0.0,0.0,0.0,0.0,0.0,0.0,0.0,0.0,0.0,0.0,0.0,0.0,0.0,0.0,0.0,0.0,0.0,0.0,0.0,0.0,0.0,0.0,0.0,0.0,0.0,0.0,0.0,0.0,0.0,0.0,0.0,0.0,0.0,0.0,0.0,0.0,0.0,0.0,0.0,0.0,0.0,0.0,0.0,0.0,0.0,0.0,0.0,0.0,0.0,0.0,0.0,0.0,0.0,0.0,0.0,0.0,0.0,0.0,0.0,0.0,0.0,0.0,0.0,0.0,0.0,0.0,0.0,0.0,0.0,0.0,0.0,0.0,0.0,0.0,0.0,0.0,0.0,0.0,0.0,0.0,0.0,0.0,0.0,0.0,0.0,0.0,0.0,0.0,0.0,0.0,0.0,0.0,0.0,0.0,0.0,0.0,0.0,0.0,0.0,0.0,0.0,0.0,0.0,0.0,0.0,0.0,0.0,0.0,0.0,0.0,0.0,0.0,0.0,0.0,0.0,0.0,0.0,0.0,0.0,0.0,0.0,0.0,0.0,0.0,0.0,0.0,0.0,0.0,0.0,0.0,0.0,0.0,0.0,0.0,0.0,0.0,0.0,0.0,0.0,0.0,0.0,0.0,0.0,0.0,0.0,0.0,0.0,0.0,0.0,0.0,0.0,0.0,0.0,0.0,0.0,0.0,0.0,0.0,0.0,0.0,0.0,0.0,0.0,0.0,0.0,0.0,0.0,0.0,0.0,0.0,0.0,0.0,0.0,0.0,0.0,0.0,0.0,0.0,0.0,0.0,0.0,0.0,0.0,0.0,0.04121088016596399,6.154101777449508e-5,-0.01699370478358106,-3.747500621399035e-7,-0.0007955112630276223,8.663756245056844e-10,-1.741838804366891e-9,-0.007775794213876704,-6.443767617038082e-8,0.0064542529940902925,-4.3853430314308236e-5,0.0012620551737074757,8.165845931058481e-13,0.0005196848343141814,2.7889237881949414e-8,-1.2168686589098904e-7,-0.003446676206440906,-0.00034663303089741494,0.0002052943610593626,0.00011698438733609355,1.9662451394613076e-7,1.1418476813439729e-11,-1.879216854416289e-5,-1.1834103174697605e-10,2.6331029499731626e-11,-0.00035712285256091366,6.319822367932328e-13,2.7038283974319035e-7,-0.0003473142433723429,5.26345939465598e-5,-1.9150844654990387e-12,4.605918163701527e-9,7.2457890314371265e-6,-0.0005412703310417804,1.2764693225364446e-12,-1.2476008327830214e-11,-0.0010559287025682484,-5.3963317749312565e-11,0.00012553137695045532,1.3045202304325032e-8,-3.0005841533011804e-7,1.9943154610749118e-7,-9.589873318839271e-5,0.00046112955349940685,0.0001510182244074091,-1.5827250214205193e-10,-1.871492457085798e-9,-0.00040675258604517536,0.0008752556874404029,-0.006450499622135417,1.1964333029907052e-13,-7.914253953984942e-11,-7.898300754664672e-5,-0.0006366665135349923,1.019247641526004e-5,1.2160490588686358e-5,0.005397238521024182,7.1832074395083575e-6,3.7279101405956766e-6,0.0001258664314510456,-6.003035819652939e-5,-1.4380746578078703e-11,1.2862632597373374e-6,-4.606694461871175e-6,-1.3477661987906168e-13,-2.171751143728439e-7,-1.1170400307538306e-7,-7.340498354051568e-9,-2.6963035355164883e-9,0.0004662158269615637,4.210467477182514e-5,-1.6292033540807196e-13,2.6347335252447772e-12,1.6256897003881726e-13,-3.6780626033495616e-6,-0.009426309018765431,0.0008517417585086228,-6.497484270168847e-10,1.5642737460658652e-8,1.7657380843802467e-13,7.62688497609295e-9,4.1820156715334475e-12,0.00012736307385726123,1.0109859658137748e-13,1.898384068399493e-5,9.718830352330911e-7,-3.2898661695991707e-7,-4.4876627554350806e-11,-6.39727868238049e-5,-0.0005067850729562476,-2.6166566745991896e-5,-2.113757496083138e-12,5.355914783134098e-6,1.2396270759046473e-10,-0.011006647108292177,3.4920619797316333e-10,-0.013050935204777375,-3.489423802001602e-5,2.5555807781937047e-10,3.993798448885892e-6,2.5282956426630807e-9,-6.440973572366528e-10,-2.7469906905996197e-9,3.896636877120528e-8,-0.0013761661512556333,-8.20480412586035e-12,3.0961223113100797e-11,2.2533509220052948e-5,7.994369435024055e-9,4.5028201242738995e-12,-1.2380652209646933e-6,1.2110218384129634e-9,0.00023615936868962074,4.11846882365755e-8,-0.0014697174103880644,4.522280713173925e-6,3.83410055021168e-12,-0.00015941583853275857,5.066731996572428e-11,-5.319703103280567e-13,3.056359890866304e-7,9.478812084113265e-5,-0.0004836591638253012,-1.6803001341982822e-11,-1.0196153036089973e-11,0.00010151437188790913,-8.171089375100382e-5,0.0029949464155177973,-0.0014953066975995817,2.3200555300835232e-6,3.214842815796531e-12,-9.141705819576792e-7,3.4126787568130834e-11,-0.000186849942073436,-1.1939708492471353e-7,0.0005825736574511894,7.287969116319435e-5,1.1656046158943611e-11,-3.3094847327529635e-8,0.000314632329164688,2.358329906993812e-5,-9.900013178844914e-9,2.1630258489645142e-8,-0.00014887063759479847,-4.054775876412917e-12,-6.76469610364338e-11,0.0006424843401516946,1.24865537533032e-5,2.995755525701591e-8,4.880775768561753e-6,-0.00030694608559253447,1.90839959344526e-10,-9.342313901578858e-6,4.0243298457861334e-13,6.422404242893213e-12,5.023600537380767e-9,3.300574584866964e-12,-3.095829694676215e-5,0.00037299401233143435,0.0003090742228329152,1.5069659425615405e-9,-4.2817680599352424e-8,5.805192754091495e-11,-2.0121459095489845e-14,-0.008314561660086988,-3.50348859933672e-7,-0.0001383088621347204,-7.075423772423066e-5,-0.00041059499147261204,0.000647654692662885,-1.3669313235090731e-11,0.0004677524747027244,3.5707705944979104e-9,5.1333673743649855e-9,-1.1908809189155774e-10,3.7393511143667475e-6,-3.168723221802159e-11,-1.4350671918946499e-6,-1.7530319468794873e-9,2.033573195776606e-12,-1.983533056040329e-12,-6.704566588388294e-6,2.068445905304102e-6,-9.38062828964294e-5,2.5409479600020075e-5,-2.1410252905451555e-5,-1.7729865115568952e-9,0.00012273028845284515,-3.547281994944849e-9,1.1226703710214119e-10,6.64507945067831e-10,-1.4808201268717767e-13,-1.1285215765804538e-7,1.5639515557795704e-12,7.081577348858991e-6,-2.217695866196566e-8,1.224692316810253e-9,-1.2598565796536128e-7,1.7947876950327252e-12,7.217142035314948e-13,9.209460904505532e-12,-9.245297288422546e-6,1.7292912506222682e-9,0.0002485505018204153,-4.803410299909787e-7,-2.5300884937715763e-13,6.345135945660783e-5,0.005079073821843186,-8.327896794216357e-9,0.00017097194538364806,1.7249859492807812e-8,-1.234130514037936e-11,0.0012681615504072973,1.4767733995094007e-6,5.023296099138007e-6,-1.4255060947521686e-10,1.5931685373973749e-6,3.729651242347359e-13,-0.0034110607912211533,-2.415935948260375e-6,-3.48835842160445e-9,0.0008665668366860873,-1.025915348338293e-11,-0.008538993411598755,-7.94343923315311e-12,-9.373117872063417e-11,1.458519886890334e-13,0.003382717862718697,-4.514523271361243e-5,6.785535370914504e-8,-5.216727610503665e-7,-9.497321778560388e-13,-0.0017059128582064137,0.0020423814388192507,-4.664972212144568e-8,-4.6851949276287946e-11,0.004794852363888986,-1.0663545303435141e-7,2.1596881323481322e-6,-6.193671616235358e-10,-1.97728329327433e-9,0.0009898995866442469,-0.0001202115348232721,2.6734743893776375e-10,-7.888857350932263e-9,-5.4300856744725077e-8,-0.0005781308731251653,1.0118533134066005e-6,1.0383303880096014e-10,-2.456222487782387e-6,-0.0001108228455509787,0.0002956159470431557,-7.328306640447005e-12,-2.8025028070659556e-11,3.1307591036461234e-9,-8.469061924282944e-10,-4.4815346126735375e-9,-5.362683814031155e-10,0.0036660358287838096,0.0006773517367249582,4.30777286760045e-13,8.674892156186435e-8,-2.895217625806133e-5
0.0,0.0,0.0,0.0,0.0,0.0,0.0,0.0,0.0,0.0,0.0,0.0,0.0,0.0,0.0,0.0,0.0,0.0,0.0,0.0,0.0,0.0,0.0,0.0,0.0,0.0,0.0,0.0,0.0,0.0,0.0,0.0,0.0,0.0,0.0,0.0,0.0,0.0,0.0,0.0,0.0,0.0,0.0,0.0,0.0,0.0,0.0,0.0,0.0,0.0,0.0,0.0,0.0,0.0,0.0,0.0,0.0,0.0,0.0,0.0,0.0,0.0,0.0,0.0,0.0,0.0,0.0,0.0,0.0,0.0,0.0,0.0,0.0,0.0,0.0,0.0,0.0,0.0,0.0,0.0,0.0,0.0,0.0,0.0,0.0,0.0,0.0,0.0,0.0,0.0,0.0,0.0,0.0,0.0,0.0,0.0,0.0,0.0,0.0,0.0,0.0,0.0,0.0,0.0,0.0,0.0,0.0,0.0,0.0,0.0,0.0,0.0,0.0,0.0,0.0,0.0,0.0,0.0,0.0,0.0,0.0,0.0,0.0,0.0,0.0,0.0,0.0,0.0,0.0,0.0,0.0,0.0,0.0,0.0,0.0,0.0,0.0,0.0,0.0,0.0,0.0,0.0,0.0,0.0,0.0,0.0,0.0,0.0,0.0,0.0,0.0,0.0,0.0,0.0,0.0,0.0,0.0,0.0,0.0,0.0,0.0,0.0,0.0,0.0,0.0,0.0,0.0,0.0,0.0,0.0,0.0,0.0,0.0,0.0,0.0,0.0,0.0,0.0,0.0,0.0,0.0,0.0,0.0,0.0,0.0,0.0,0.0,0.0,0.0,0.0,0.0,0.0,0.0,0.0,0.0,0.0,0.0,0.0,0.0,0.0,0.0,0.0,0.0,0.0,0.0,0.0,0.0,0.0,0.0,0.0,0.0,0.0,0.0,0.0,0.0,0.0,0.0,0.0,0.0,0.0,0.0,0.0,0.0,0.0,0.0,0.0,0.0,0.0,0.0,0.0,0.0,0.0,0.0,0.0,0.0,0.0,0.0,0.0,0.0,0.0,0.0,0.0,0.0,0.0,0.0,0.0,0.0,0.0,0.0,0.0,0.0,0.0,0.0,0.0,0.0,0.0,0.0,0.0,0.0,0.0,0.0,0.0,0.0,0.0,0.0,0.0,0.0,0.0,0.0,0.0,0.0,0.0,0.0,0.0,0.0,0.0,0.0,0.0,0.0,0.0,0.0,0.0,0.0,0.0,0.0,0.0,0.0,0.0,0.0,0.0,0.0,0.0,0.0,0.0,0.0,0.0,0.0,0.0,0.0,0.0,0.0,0.0,0.0,0.0,0.0,0.0,0.0,0.0,0.0,0.0,0.0,0.0,0.0,0.0,0.0,0.0,0.0,0.0,0.0,0.0,0.0,0.0,0.0,0.0,0.0,0.0,0.0,0.0,0.0,0.0,0.0,0.0,0.0,0.0,0.0,0.0,0.0,0.0,0.0,0.0,0.0,0.0,0.0,0.0,0.0,0.0,0.0,0.0,0.0,0.0,0.0,0.0,0.0,0.0,0.0,0.0,0.0,0.0,0.0,0.0,0.0,0.0,0.0,0.0,0.0,0.0,0.0,0.0,0.0,0.0,0.0,0.0,0.0,0.0,0.0,0.0,0.0,0.0,0.0,0.0,0.0,0.0,0.0,0.0,0.0,0.0,0.0,0.0,0.0,0.0,0.0,0.0,0.0,0.0,0.0,0.0,0.0,0.0,0.0,0.0,0.0,0.0,0.0,0.0,0.0,0.0,0.0,0.0,0.0,0.0,0.0,0.0,0.0,0.0,0.0,0.0,0.0,0.0,0.0,0.0,0.0,0.0,0.0,0.0,0.0,0.0,0.0,0.0,0.0,0.0,0.0,0.0,0.0,0.0,0.0,0.0,0.0,0.0,0.0,0.0,0.0,0.0,0.0,0.0,0.0,0.0,0.0,0.0,0.0,0.0,0.0,0.0,0.0,0.0,0.0,0.0,0.0,0.0,0.0,0.0,0.0,0.0,0.0,0.0,0.0,0.0,0.0,0.0,0.0,0.0,0.0,0.0,0.0,0.0,0.0,0.0,0.0,0.0,0.0,0.0,0.0,0.0,0.0,0.0,0.0,0.0,0.0,0.0,0.0,0.0,0.0,0.0,0.0,0.0,0.0,0.0,0.0,0.0,0.0,0.0,0.0,0.0,0.0,0.0,0.0,0.0,0.0,0.0,0.0,0.0,0.0,0.0,0.0,0.0,0.0,0.0,0.0,0.0,0.0,0.0,0.0,0.0,0.0,0.0,0.0,0.0,0.0,0.0,0.0,0.0,0.0,0.0,0.0,0.0,0.0,0.0,0.0,0.060085149736635306,0.00015461562750977,4.335718567416993e-5,2.5103091110529104e-6,-2.585294485521442e-7,5.535237558339005e-7,8.616555803934729e-5,-8.456290205600291e-5,-0.00017458340295103952,2.571727554276936e-6,0.00015327612656491386,1.8220857498507975e-10,8.380049449018074e-5,-9.69016319432388e-6,1.9360197601169454e-5,5.898778343006893e-6,-1.776921810237902e-5,-0.0024961168182785166,8.564339847092076e-7,-3.336601355018209e-5,1.4462314606675426e-9,-2.431362284392128e-7,-1.719545410623099e-8,-1.0078978621992639e-10,1.7098870864989072e-6,2.5164997854578097e-11,3.770361869724397e-5,-0.004125305534353884,-0.0004415684172382935,3.136959331007451e-11,4.042307835880186e-7,0.00010530334366292961,2.0596325709541583e-5,-4.90149499612893e-10,-4.513905494296545e-9,5.0883497426165e-6,-4.1346661357228655e-8,0.003554343992146541,-4.2977411455864074e-7,4.7083535080368336e-5,1.5873993332019224e-5,0.005620836788592047,0.0001162466981314562,-0.0005454160264760699,-4.1184527209013667e-7,1.1494403251485837e-7,-0.0015692413712885015,0.0006213619039469084,-7.757101820173394e-5,2.254542954223408e-11,5.645936649572347e-8,1.2444382620381194e-6,4.432871257505932e-6,0.007262300432086246,-2.1922334283129894e-7,0.0006843452676278018,-0.0073122010695132285,-8.19219531315156e-5,0.02082886275664007,-0.012338396829425386,-4.41545921564673e-8,0.0001652728770988951,5.97117136052724e-7,3.8497132735317477e-11,0.0005960086296400982,-3.8113613999450776e-5,-1.4076421581914972e-7,-1.8720795004119512e-7,-2.4709552249908286e-6,6.79277270732031e-7,-2.5338374760661037e-11,1.2248761266661972e-9,-7.37218046141678e-11,-0.0003621614311852163,0.00021183186715063791,0.00015655803021872428,9.286195019142311e-7,6.474807032353762e-6,8.43716930816539e-11,2.0106709481042483e-6,-3.681039874445296e-8,5.882030536315714e-5,-2.8378225247824374e-11,-0.0024211104740118486,0.00010681192958515464,-4.564482249691918e-5,6.069839012238693e-8,0.0012234558310145929,-0.0009927245685111327,-0.0014410183676201102,-4.1219873260635196e-12,7.76685038633675e-7,-2.052883151125695e-8,-2.022353152897469e-5,9.079724885865703e-8,-5.782533995112079e-5,7.101676902604924e-7,-2.0040916764208835e-8,5.1283361627919074e-5,-1.6006000697820734e-7,-1.0877818813723305e-7,3.508696843566247e-6,4.387068168119804e-6,-2.9283198610321065e-5,-3.1954860132736227e-10,5.5462821666385456e-9,-0.0016361112432654384,-2.1624426690803226e-7,-1.3923509454592567e-9,4.431592880970759e-5,-1.9515723354834764e-7,0.007953013694466842,4.226654403431022e-6,2.7700762777646187e-5,0.0003428590083300429,-1.9685004081015004e-10,6.214560659932616e-8,3.0515557015837465e-9,-4.0800662756946056e-11,6.35516031511484e-5,9.91851539105117e-7,1.643356384060276e-5,9.508932556234314e-11,1.4597041845573617e-8,0.003816992393378829,-2.3267473308302605e-5,-2.6312214696527187e-5,-0.0024668508353471166,0.00023875530389649166,-2.358893775563448e-9,-7.406923289583921e-6,2.3444086110758203e-8,1.4235250801456917e-6,1.3511307133220554e-5,-0.0011625810257481941,0.008329818477333144,1.6403802618339194e-9,-1.1555204223780807e-5,4.5688810916020084e-5,0.002782165626765807,1.1078264300465e-6,-4.376144592984309e-6,0.00010044080046309416,8.900444506725778e-10,-6.567073557970393e-8,-0.00011341167055060433,-0.001894357170409142,-0.000494317236041498,0.0006515590490688873,4.704497614134996e-6,1.0558946766096554e-7,-0.003369002184229945,-2.618231785848378e-11,-8.437733959783197e-9,-6.040941798198816e-6,-9.008648891050403e-10,0.013925719185938183,-2.881606423676574e-7,-3.669054009225589e-7,-4.6907313065253886e-7,-4.384800635262594e-6,1.0963195191210422e-7,1.4091780194428742e-10,-3.5931645020406504e-5,-1.3547929342125168e-5,-3.911649510861921e-6,0.02359169880704525,0.0012423951133870208,3.312064370250514e-5,7.281925012900177e-9,0.0006011152968978467,1.4831179075985623e-7,2.0798219935241254e-6,3.780984590085141e-8,-3.2588430597179275e-7,1.960656209271968e-10,0.00037565693288938253,-4.82977099401385e-7,7.965328420802055e-10,-7.232290870321871e-10,0.0006879412803304233,0.0006261352360792633,4.048144543379626e-7,-3.168641117421373e-7,-8.570685443514405e-7,6.893449318387829e-7,-2.3545000996120026e-6,-1.5829156039929414e-6,-1.028874210198965e-8,1.0386666121718715e-7,-6.544692847657821e-10,7.607240105363095e-6,-2.5464746029158315e-9,3.578906985161437e-8,2.095304984966367e-6,3.8415799400750513e-7,-5.7764850240047765e-5,1.404902541195723e-10,-2.7760443338359487e-9,5.174429837555336e-9,-1.61353393009528e-6,4.961318290644941e-7,0.0023005705174954524,-3.5785414636723546e-5,-2.091749332576956e-10,0.000996685771201015,3.156248111219285e-5,7.879155786359594e-6,5.385368162272562e-6,5.089564337584908e-6,-1.3065388116383895e-8,0.0003215742194675297,-0.00023523998026472921,0.0004691695148943141,6.929442941734861e-8,-0.0008788466285878892,2.8447363201278116e-11,2.9548541780043347e-5,-0.00022054434163869426,-1.5473552352551324e-6,0.0018195940138448126,1.6614448340241561e-9,2.2679139552750717e-5,-9.774910480285722e-10,-5.497679023605823e-9,8.847616107344498e-11,8.488847366256161e-6,0.001576116191049148,0.0005369116067067776,2.7073641529101814e-5,3.188444321885117e-10,-7.39748420554906e-5,-7.213184628181569e-6,-1.4887736749774335e-5,-6.989527709236358e-9,-3.457129267314041e-5,0.0016606279657207742,-0.0004065166142442203,9.415799874760626e-7,7.815428997046988e-7,6.590190897372159e-7,2.2590282880853348e-6,3.5698182954667507e-8,-1.2208318671980381e-6,0.00019592432188444934,0.0006203430929877152,4.6922709410467865e-5,3.1008411615087934e-8,0.00034084618511932965,0.000425124129858163,0.005667447321621418,4.177655055463881e-10,1.1728798716990252e-8,-4.891324934768051e-7,-1.6230776297636022e-7,1.0628774914870704e-6,8.112675406788392e-9,-9.59126341123173e-6,1.4418864674765204e-7,-8.437464798025489e-11,3.6566711951274584e-6,5.286201283402813e-7
0.0,0.0,0.0,0.0,0.0,0.0,0.0,0.0,0.0,0.0,0.0,0.0,0.0,0.0,0.0,0.0,0.0,0.0,0.0,0.0,0.0,0.0,0.0,0.0,0.0,0.0,0.0,0.0,0.0,0.0,0.0,0.0,0.0,0.0,0.0,0.0,0.0,0.0,0.0,0.0,0.0,0.0,0.0,0.0,0.0,0.0,0.0,0.0,0.0,0.0,0.0,0.0,0.0,0.0,0.0,0.0,0.0,0.0,0.0,0.0,0.0,0.0,0.0,0.0,0.0,0.0,0.0,0.0,0.0,0.0,0.0,0.0,0.0,0.0,0.0,0.0,0.0,0.0,0.0,0.0,0.0,0.0,0.0,0.0,0.0,0.0,0.0,0.0,0.0,0.0,0.0,0.0,0.0,0.0,0.0,0.0,0.0,0.0,0.0,0.0,0.0,0.0,0.0,0.0,0.0,0.0,0.0,0.0,0.0,0.0,0.0,0.0,0.0,0.0,0.0,0.0,0.0,0.0,0.0,0.0,0.0,0.0,0.0,0.0,0.0,0.0,0.0,0.0,0.0,0.0,0.0,0.0,0.0,0.0,0.0,0.0,0.0,0.0,0.0,0.0,0.0,0.0,0.0,0.0,0.0,0.0,0.0,0.0,0.0,0.0,0.0,0.0,0.0,0.0,0.0,0.0,0.0,0.0,0.0,0.0,0.0,0.0,0.0,0.0,0.0,0.0,0.0,0.0,0.0,0.0,0.0,0.0,0.0,0.0,0.0,0.0,0.0,0.0,0.0,0.0,0.0,0.0,0.0,0.0,0.0,0.0,0.0,0.0,0.0,0.0,0.0,0.0,0.0,0.0,0.0,0.0,0.0,0.0,0.0,0.0,0.0,0.0,0.0,0.0,0.0,0.0,0.0,0.0,0.0,0.0,0.0,0.0,0.0,0.0,0.0,0.0,0.0,0.0,0.0,0.0,0.0,0.0,0.0,0.0,0.0,0.0,0.0,0.0,0.0,0.0,0.0,0.0,0.0,0.0,0.0,0.0,0.0,0.0,0.0,0.0,0.0,0.0,0.0,0.0,0.0,0.0,0.0,0.0,0.0,0.0,0.0,0.0,0.0,0.0,0.0,0.0,0.0,0.0,0.0,0.0,0.0,0.0,0.0,0.0,0.0,0.0,0.0,0.0,0.0,0.0,0.0,0.0,0.0,0.0,0.0,0.0,0.0,0.0,0.0,0.0,0.0,0.0,0.0,0.0,0.0,0.0,0.0,0.0,0.0,0.0,0.0,0.0,0.0,0.0,0.0,0.0,0.0,0.0,0.0,0.0,0.0,0.0,0.0,0.0,0.0,0.0,0.0,0.0,0.0,0.0,0.0,0.0,0.0,0.0,0.0,0.0,0.0,0.0,0.0,0.0,0.0,0.0,0.0,0.0,0.0,0.0,0.0,0.0,0.0,0.0,0.0,0.0,0.0,0.0,0.0,0.0,0.0,0.0,0.0,0.0,0.0,0.0,0.0,0.0,0.0,0.0,0.0,0.0,0.0,0.0,0.0,0.0,0.0,0.0,0.0,0.0,0.0,0.0,0.0,0.0,0.0,0.0,0.0,0.0,0.0,0.0,0.0,0.0,0.0,0.0,0.0,0.0,0.0,0.0,0.0,0.0,0.0,0.0,0.0,0.0,0.0,0.0,0.0,0.0,0.0,0.0,0.0,0.0,0.0,0.0,0.0,0.0,0.0,0.0,0.0,0.0,0.0,0.0,0.0,0.0,0.0,0.0,0.0,0.0,0.0,0.0,0.0,0.0,0.0,0.0,0.0,0.0,0.0,0.0,0.0,0.0,0.0,0.0,0.0,0.0,0.0,0.0,0.0,0.0,0.0,0.0,0.0,0.0,0.0,0.0,0.0,0.0,0.0,0.0,0.0,0.0,0.0,0.0,0.0,0.0,0.0,0.0,0.0,0.0,0.0,0.0,0.0,0.0,0.0,0.0,0.0,0.0,0.0,0.0,0.0,0.0,0.0,0.0,0.0,0.0,0.0,0.0,0.0,0.0,0.0,0.0,0.0,0.0,0.0,0.0,0.0,0.0,0.0,0.0,0.0,0.0,0.0,0.0,0.0,0.0,0.0,0.0,0.0,0.0,0.0,0.0,0.0,0.0,0.0,0.0,0.0,0.0,0.0,0.0,0.0,0.0,0.0,0.0,0.0,0.0,0.0,0.0,0.0,0.0,0.0,0.0,0.0,0.0,0.0,0.0,0.0,0.0,0.0,0.0,0.0,0.0,0.0,0.0,0.0,0.0,0.0,0.0,0.0,0.0,0.0,0.0,0.0,0.0,0.0,0.0,0.0,0.0,0.0,0.0,0.0,0.0,0.0,0.0,0.0550954690243618,-4.2294178831863217e-7,0.00012064226513742214,1.7770252407003096e-9,-3.0661045557977277e-9,0.0012410471231423818,6.604072459203614e-7,-0.0004294546033564204,0.000924080492253485,-0.00035555211254105327,-1.2444960175254273e-12,-0.00022716631581078464,7.726945890485338e-8,-3.0916790289647555e-7,0.003673965643982139,0.0006457228816147143,0.00022363545411265383,-0.0011729155563388592,-1.1496791677518486e-6,-1.515017533121531e-11,-9.695723305275368e-5,2.2289002691839467e-10,2.8997808187756736e-11,0.00012459206890701055,-3.199653497969231e-12,2.891608922306716e-7,-0.0004836927897344542,-4.754529857223294e-5,8.228320509943088e-13,1.6705873147805767e-8,-1.1781828083652475e-6,0.002298775288349455,6.647981728911619e-12,2.7600780068731062e-11,0.0001007552895919563,-7.619809645564028e-11,-0.00014776623769847328,-4.6499835799791163e-8,-3.334846247287716e-7,-3.935612543409347e-8,1.64543893843709e-5,-0.000981364159271841,0.00023625234863822452,3.487602599629733e-9,1.3301362969697192e-8,0.0006946993506237382,0.0009314455224476032,0.011439643148799625,7.229601155058694e-13,-3.4156487315248157e-10,0.00012155769801542822,0.0007837630790552349,2.566634319834077e-5,-0.00015294495423893748,-0.0007645620613367676,4.115965316853876e-6,2.1404595665186884e-6,0.00014125452638503324,1.597753131763386e-5,1.6332560494228614e-11,-8.247814141646768e-7,-2.4904989443788675e-5,-3.7162868033726683e-13,-1.7951049206323203e-6,2.492676194099367e-7,-4.891118010743736e-9,-1.1086709889635859e-8,-0.00020596023134903264,7.306219381782777e-5,-8.73146652765386e-13,-4.847729119499903e-12,-5.907240247888726e-14,-7.794965358340065e-7,0.0030765380351332576,-0.0014575990235444838,-2.8400845424960894e-9,-4.0463133435209614e-8,4.0647394171243937e-13,-1.7439868989772147e-8,3.101000124919363e-10,-0.003799758044809583,2.172210355285273e-13,-7.668813256591295e-5,1.1453430929585668e-6,-6.0240951905758e-7,1.734590431070572e-10,-7.223936913485686e-5,0.00023287760563422727,-6.015893678005155e-5,-8.196650352111345e-12,0.00010058211175172091,8.909651134717553e-10,0.011598526226013579,-8.032165180951455e-10,0.0008116056449702911,-4.8541633208608555e-5,1.247181513817537e-10,4.42413695376644e-6,-3.309055950171811e-9,-3.0675976706297105e-9,-2.2043249283286154e-7,8.130530181815305e-8,-0.00021505046449062272,1.7653209352347488e-11,-3.863605324391118e-12,-1.5197044991012955e-5,1.8002790911629667e-8,7.477202908913616e-11,-7.976148587480509e-7,-6.970853377719175e-10,0.00013610420094830187,-3.130550007320717e-8,0.003890484941551203,-2.661563426637942e-6,1.0609040535276102e-12,0.00012821304993176113,-4.1076238096087305e-11,5.428922232366956e-13,4.298806953848811e-7,-0.0004455301138036679,0.0035269726225918463,2.2777226143030442e-11,-1.1515093691796778e-10,0.00018289415090115004,-0.0019073463532951246,-0.004900270145641959,-0.000815536303457166,1.488343590702059e-5,1.9319062767692952e-11,-7.025677402340356e-7,2.843989530516839e-11,-2.8840594176817484e-5,-1.6785749612353292e-7,-0.00039048865452611,-6.11330857745173e-5,2.5108394918296946e-11,1.1403589829526853e-8,-0.0007033650300324157,-4.249336714410953e-6,-3.093009724520677e-9,2.099902766083236e-8,-0.0014329986878379366,7.187483106742559e-12,-7.45715120816994e-11,0.00035265569662148245,1.2235218384077192e-5,4.66126698599584e-6,2.134101086400516e-5,-0.0017037506795906643,-1.9260631722492572e-9,9.616513850407607e-7,5.527972408121979e-13,6.487538507898496e-11,2.8461916170531575e-8,-5.656250275625068e-13,5.459406083555977e-5,-0.002239003758608863,0.00010747409692098512,5.390445211313688e-11,3.297369274086177e-8,-8.211481554999623e-10,-1.145764083737814e-12,-0.0014043997460466372,1.4615706249905124e-7,-0.0004765490950037471,-1.586490626375463e-5,0.0005458352736792595,-3.333663377977836e-5,5.6641876618594654e-11,0.0002441239856811182,-1.6314414199268818e-9,-1.5645082828869128e-8,-5.100467393240263e-10,-0.0001558857371813426,1.1006725719086106e-11,-1.723098044287565e-6,-1.9353372078435904e-9,-6.373930509683295e-12,1.3051448995589322e-11,8.877716667490796e-6,-5.975275060099655e-7,-9.023553137692156e-5,-3.233339655275062e-5,-3.602113078329401e-5,-6.880559649366892e-9,-0.00026772900730074293,2.1007576487345918e-8,2.333540693755677e-11,-3.163096918081977e-9,-1.771027467403352e-12,-2.0263923787692543e-7,-1.192754746134513e-10,1.0058905032588015e-5,-1.94210215284583e-8,-1.6705425500599215e-9,8.888416019344781e-8,-6.06639893438568e-11,5.14735582955231e-12,-1.9591217842955886e-11,-7.342447407261933e-5,-1.5664496896296909e-9,0.00014175959921920419,-5.583830499307314e-7,-2.3981167817727644e-13,-3.722923413440852e-5,0.002156950591636105,4.57343436829677e-8,0.0007443099563907421,-4.655011422654002e-8,3.076080828445584e-11,-0.0001863371865233685,-4.94238645667726e-6,-1.4603536234004192e-5,8.415311799037553e-10,3.483930539357965e-6,-5.787681697141294e-13,0.0008050808432268271,-1.2325426193147606e-6,6.043753164669475e-10,5.200452943060491e-5,-3.622842617227129e-12,-0.0014045037366894695,-1.7085789320158684e-11,1.2853806533914378e-10,-4.0889981039708883e-13,0.0005591726844471022,7.413251143263207e-6,8.316380720062594e-6,-5.4311182749660525e-6,-1.8392772523058607e-12,0.0029970977543981227,-0.0038064132597780236,-3.467747647047513e-7,-8.872624120668895e-10,-0.004159189020514989,-6.0966083480087105e-6,2.5473209874666234e-6,1.5847802807574378e-8,1.1889687137861876e-9,0.0008450556253045739,0.0003675181964345574,-6.199359072442074e-10,1.2590263954925503e-8,8.439776611732854e-7,-0.001812777213884701,-2.486527354076654e-6,-1.5005144787453665e-10,-4.565944056763331e-6,0.00013376257352785834,0.00016778455758639983,2.896548309007869e-12,-5.627871010349267e-11,-8.996826076600617e-10,1.0134258002683605e-9,-6.6458915646686475e-9,5.94807596804836e-9,-0.0067724737928955715,-0.0016307827276926493,-1.3326575849749455e-12,3.4020495852716e-8,-2.4045681776566373e-5
0.0,0.0,0.0,0.0,0.0,0.0,0.0,0.0,0.0,0.0,0.0,0.0,0.0,0.0,0.0,0.0,0.0,0.0,0.0,0.0,0.0,0.0,0.0,0.0,0.0,0.0,0.0,0.0,0.0,0.0,0.0,0.0,0.0,0.0,0.0,0.0,0.0,0.0,0.0,0.0,0.0,0.0,0.0,0.0,0.0,0.0,0.0,0.0,0.0,0.0,0.0,0.0,0.0,0.0,0.0,0.0,0.0,0.0,0.0,0.0,0.0,0.0,0.0,0.0,0.0,0.0,0.0,0.0,0.0,0.0,0.0,0.0,0.0,0.0,0.0,0.0,0.0,0.0,0.0,0.0,0.0,0.0,0.0,0.0,0.0,0.0,0.0,0.0,0.0,0.0,0.0,0.0,0.0,0.0,0.0,0.0,0.0,0.0,0.0,0.0,0.0,0.0,0.0,0.0,0.0,0.0,0.0,0.0,0.0,0.0,0.0,0.0,0.0,0.0,0.0,0.0,0.0,0.0,0.0,0.0,0.0,0.0,0.0,0.0,0.0,0.0,0.0,0.0,0.0,0.0,0.0,0.0,0.0,0.0,0.0,0.0,0.0,0.0,0.0,0.0,0.0,0.0,0.0,0.0,0.0,0.0,0.0,0.0,0.0,0.0,0.0,0.0,0.0,0.0,0.0,0.0,0.0,0.0,0.0,0.0,0.0,0.0,0.0,0.0,0.0,0.0,0.0,0.0,0.0,0.0,0.0,0.0,0.0,0.0,0.0,0.0,0.0,0.0,0.0,0.0,0.0,0.0,0.0,0.0,0.0,0.0,0.0,0.0,0.0,0.0,0.0,0.0,0.0,0.0,0.0,0.0,0.0,0.0,0.0,0.0,0.0,0.0,0.0,0.0,0.0,0.0,0.0,0.0,0.0,0.0,0.0,0.0,0.0,0.0,0.0,0.0,0.0,0.0,0.0,0.0,0.0,0.0,0.0,0.0,0.0,0.0,0.0,0.0,0.0,0.0,0.0,0.0,0.0,0.0,0.0,0.0,0.0,0.0,0.0,0.0,0.0,0.0,0.0,0.0,0.0,0.0,0.0,0.0,0.0,0.0,0.0,0.0,0.0,0.0,0.0,0.0,0.0,0.0,0.0,0.0,0.0,0.0,0.0,0.0,0.0,0.0,0.0,0.0,0.0,0.0,0.0,0.0,0.0,0.0,0.0,0.0,0.0,0.0,0.0,0.0,0.0,0.0,0.0,0.0,0.0,0.0,0.0,0.0,0.0,0.0,0.0,0.0,0.0,0.0,0.0,0.0,0.0,0.0,0.0,0.0,0.0,0.0,0.0,0.0,0.0,0.0,0.0,0.0,0.0,0.0,0.0,0.0,0.0,0.0,0.0,0.0,0.0,0.0,0.0,0.0,0.0,0.0,0.0,0.0,0.0,0.0,0.0,0.0,0.0,0.0,0.0,0.0,0.0,0.0,0.0,0.0,0.0,0.0,0.0,0.0,0.0,0.0,0.0,0.0,0.0,0.0,0.0,0.0,0.0,0.0,0.0,0.0,0.0,0.0,0.0,0.0,0.0,0.0,0.0,0.0,0.0,0.0,0.0,0.0,0.0,0.0,0.0,0.0,0.0,0.0,0.0,0.0,0.0,0.0,0.0,0.0,0.0,0.0,0.0,0.0,0.0,0.0,0.0,0.0,0.0,0.0,0.0,0.0,0.0,0.0,0.0,0.0,0.0,0.0,0.0,0.0,0.0,0.0,0.0,0.0,0.0,0.0,0.0,0.0,0.0,0.0,0.0,0.0,0.0,0.0,0.0,0.0,0.0,0.0,0.0,0.0,0.0,0.0,0.0,0.0,0.0,0.0,0.0,0.0,0.0,0.0,0.0,0.0,0.0,0.0,0.0,0.0,0.0,0.0,0.0,0.0,0.0,0.0,0.0,0.0,0.0,0.0,0.0,0.0,0.0,0.0,0.0,0.0,0.0,0.0,0.0,0.0,0.0,0.0,0.0,0.0,0.0,0.0,0.0,0.0,0.0,0.0,0.0,0.0,0.0,0.0,0.0,0.0,0.0,0.0,0.0,0.0,0.0,0.0,0.0,0.0,0.0,0.0,0.0,0.0,0.0,0.0,0.0,0.0,0.0,0.0,0.0,0.0,0.0,0.0,0.0,0.0,0.0,0.0,0.0,0.0,0.0,0.0,0.0,0.0,0.0,0.0,0.0,0.0,0.0,0.0,0.0,0.0,0.0,0.0,0.0,0.0,0.0,0.0,0.0,0.0,0.0,0.0,0.0,0.0,0.0,0.0,0.0,0.0,0.0,0.0,0.0,0.0,0.0,0.0,0.0,0.0,0.0,0.0,0.0,0.0,0.0,0.0,0.0,0.05462446205515783,5.034051149211347e-8,-5.2382424234258706e-5,8.099023425868872e-5,4.625965084797461e-7,0.004601598622652446,-1.3359979204160273e-6,9.529416107153078e-8,-1.5355464888878214e-6,-4.628922149249805e-8,9.85539080730337e-7,-0.0012058289727198649,-0.000765385930727413,-1.2404776166929122e-7,-1.1395561705979272e-7,-3.8223997705151605e-5,-1.0664152341787889e-7,-0.005978567114779799,-3.781692102165988e-7,4.3983529887746783e-10,1.6351684302336456e-6,1.7202654961569498e-7,1.0226950355042645e-8,-6.786150295763039e-8,-0.0013112618679087884,1.4277159491836934e-5,5.4654102537374976e-5,9.704761730152945e-8,-1.8923682554601003e-5,-0.0005972439751836067,-4.1708833567163146e-8,-2.5429008280762843e-8,-2.5800163927688265e-7,-2.803218003787231e-8,-7.67069561557285e-6,0.0001453214696010637,-0.000652429685487671,0.0019039980612079407,0.016095893652664693,-0.00011573720186941873,1.730857445489485e-6,-2.9235469215217794e-5,-4.382710003584773e-5,0.00042779723659920214,-9.573314374828366e-6,-6.690703112798059e-6,1.9905823836208218e-7,-1.2410803708755597e-9,4.264307261835284e-6,3.1097361782751564e-9,6.65147933006317e-9,0.0002560917641847358,-3.756784425512704e-9,-3.72219084486117e-7,-0.0004525768097138892,-0.0019307921549056827,-7.124454271620405e-5,-3.5305740224111954e-5,-5.95942460130724e-6,-0.0003499850500801367,4.451778300013818e-10,-2.8122862447178637e-9,0.0008000801318090169,8.394793449678654e-5,-0.00032003576378719737,0.0003838913219405346,2.4136991777516262e-8,1.0072610439363347e-8,7.696647483224287e-9,-1.1010531207156556e-8,-1.0323898861761235e-8,0.0012830711905368387,3.943260611887741e-7,-1.957798981506934e-6,0.0001409390416880779,0.000999048234333842,1.2046961035929908e-8,5.608614040672453e-6,-3.8291385627808435e-6,4.242298215397211e-7,-1.6419853982814278e-8,-1.3578484145616571e-5,-0.020183149239913795,0.003013300535331396,2.1469113482717866e-5,-2.687478876923567e-6,3.1562316170419393e-6,9.889141890896202e-5,-8.761572332769216e-8,6.277462243518806e-10,9.972378104559986e-6,7.399831843954823e-7,1.6148776774397914e-6,-3.771200143598116e-7,1.1782724806261358e-9,-5.431340451615926e-6,-0.0043880069644332345,4.655400878500268e-5,7.821583447480292e-5,-0.004534832880814356,0.0037557889862516202,3.3626674502342933e-7,3.790683785956878e-7,1.1836921382503815e-7,-0.00048123019789612903,4.023201787536614e-7,1.4551675869696228e-6,0.004266844425554929,-4.0716786510317894e-5,-6.220716401798148e-5,-0.002273780405207347,4.11769209667004e-7,-0.0018510888015999063,-1.5034034841511086e-7,9.662622872372643e-9,-3.2659608258375716e-7,2.434989071100467e-10,-0.004016279143419503,1.1805943634272922e-8,-4.5227565796063885e-7,7.6877021938833e-9,3.995251454730511e-6,3.404732085660485e-5,-1.5272312545103818e-7,1.7432178257326612e-7,8.878688733670748e-6,-0.0011737946223833802,-4.7147273830193803e-7,-0.007490184217181928,1.8297005238391798e-6,-6.414707007110897e-9,-0.0003119217623528155,-8.275059147492962e-6,0.0002429198484898156,7.894652870481837e-7,-0.0005486665674073168,1.8338659696005947e-6,0.00012163715250606522,0.0007246354614654217,0.0004275759932439374,-4.6516814355784755e-7,8.31572652748887e-7,-1.1455372254560518e-5,-7.826842793969277e-6,0.00039869791156834343,-0.003177563089181064,3.764966902615517e-5,-9.075680189503251e-8,-4.217781515859211e-5,-0.0005815980647147287,9.600155794467633e-10,-1.127445970041448e-6,7.75507794119537e-5,-2.918290041559761e-7,-0.00013339368323668843,-1.7895495343957552e-7,2.319829703101034e-8,-7.957906612218918e-5,-0.00033394656465658506,1.1982282183315443e-5,-2.1319070797763244e-8,5.075352764216512e-7,0.0008957952569495284,-4.154753657589054e-8,5.89681581383912e-5,6.953938625629893e-6,2.045261018067006e-7,2.7375060571946146e-6,1.168590568147566e-5,6.211354358432163e-5,-0.0013449614335688646,1.2515296351575738e-6,-7.864124512862834e-9,1.481280204314189e-6,0.004992348003132745,8.247333702172964e-5,-1.4839429381774594e-7,2.413585433951704e-7,-0.0003555733785854221,0.00042713545280432895,-1.3884500973371724e-8,2.205340386833263e-9,2.7970178509095505e-9,0.00022699080745716737,-1.0619998361186184e-8,-0.0007165118611950561,7.225019815584517e-6,-0.0001119185952408723,1.4674463602747287e-8,0.00649768632017264,-1.7946536885368568e-6,9.031252860260527e-10,-0.00019337829648621393,7.603062154674855e-5,-0.003696808570363688,-1.3617399289798515e-6,6.641132372968077e-9,-1.1894930759815653e-7,-9.750805362865872e-9,-0.00010152841178901457,-3.614840560583035e-5,-0.010672358203034657,1.9810560447900706e-8,-0.00013441166340341488,-2.654982379324011e-6,-0.000707775424297751,1.1970144042353014e-8,-0.0016099573888503492,-2.824828420471459e-6,-1.5675864438375683e-6,-0.0005297035339408458,0.0002441424480972175,-1.4914534233526235e-5,-0.0032846354081807103,-7.462631209551988e-9,-3.8678751370177137e-8,-0.0005839213415203569,-0.00020240115920391804,8.98531674244221e-7,1.6419953619810225e-7,5.761161416038032e-7,-2.474507774405115e-7,7.451710576509145e-6,-1.2725247393147948e-8,-2.226423344812161e-6,1.1416773695205702e-5,0.00031345508336037234,0.0010058162031208956,6.32660344492947e-9,-1.6253128428168353e-6,-1.2025897337191936e-7,-0.008318110816078878,-5.652509920404338e-6,1.160594276582767e-7,0.0011188149357220965,-0.0038987236912200003,0.00021367976243467002,0.00011410004314596977,5.4980929742304035e-8,1.3379478667909782e-8,-1.3613478338232676e-5,-8.567388735089409e-5,0.0008150789553449955,1.8483907166610325e-6,-0.0003958027030283085,8.989905920724799e-7,-0.00017014686065181425,2.1368361976130993e-6,-1.4640756958057976e-5,-1.6892071696489185e-8,3.0133888611829587e-6,7.764745097684057e-5,-4.298422230604456e-6,0.00014253007850775401,-5.552919344985893e-5,-5.487454629610818e-8,-4.028597357878245e-8,-2.6655612030859623e-9,-0.00036171991181086985,2.543647408304041e-9
0.0,0.0,0.0,0.0,0.0,0.0,0.0,0.0,0.0,0.0,0.0,0.0,0.0,0.0,0.0,0.0,0.0,0.0,0.0,0.0,0.0,0.0,0.0,0.0,0.0,0.0,0.0,0.0,0.0,0.0,0.0,0.0,0.0,0.0,0.0,0.0,0.0,0.0,0.0,0.0,0.0,0.0,0.0,0.0,0.0,0.0,0.0,0.0,0.0,0.0,0.0,0.0,0.0,0.0,0.0,0.0,0.0,0.0,0.0,0.0,0.0,0.0,0.0,0.0,0.0,0.0,0.0,0.0,0.0,0.0,0.0,0.0,0.0,0.0,0.0,0.0,0.0,0.0,0.0,0.0,0.0,0.0,0.0,0.0,0.0,0.0,0.0,0.0,0.0,0.0,0.0,0.0,0.0,0.0,0.0,0.0,0.0,0.0,0.0,0.0,0.0,0.0,0.0,0.0,0.0,0.0,0.0,0.0,0.0,0.0,0.0,0.0,0.0,0.0,0.0,0.0,0.0,0.0,0.0,0.0,0.0,0.0,0.0,0.0,0.0,0.0,0.0,0.0,0.0,0.0,0.0,0.0,0.0,0.0,0.0,0.0,0.0,0.0,0.0,0.0,0.0,0.0,0.0,0.0,0.0,0.0,0.0,0.0,0.0,0.0,0.0,0.0,0.0,0.0,0.0,0.0,0.0,0.0,0.0,0.0,0.0,0.0,0.0,0.0,0.0,0.0,0.0,0.0,0.0,0.0,0.0,0.0,0.0,0.0,0.0,0.0,0.0,0.0,0.0,0.0,0.0,0.0,0.0,0.0,0.0,0.0,0.0,0.0,0.0,0.0,0.0,0.0,0.0,0.0,0.0,0.0,0.0,0.0,0.0,0.0,0.0,0.0,0.0,0.0,0.0,0.0,0.0,0.0,0.0,0.0,0.0,0.0,0.0,0.0,0.0,0.0,0.0,0.0,0.0,0.0,0.0,0.0,0.0,0.0,0.0,0.0,0.0,0.0,0.0,0.0,0.0,0.0,0.0,0.0,0.0,0.0,0.0,0.0,0.0,0.0,0.0,0.0,0.0,0.0,0.0,0.0,0.0,0.0,0.0,0.0,0.0,0.0,0.0,0.0,0.0,0.0,0.0,0.0,0.0,0.0,0.0,0.0,0.0,0.0,0.0,0.0,0.0,0.0,0.0,0.0,0.0,0.0,0.0,0.0,0.0,0.0,0.0,0.0,0.0,0.0,0.0,0.0,0.0,0.0,0.0,0.0,0.0,0.0,0.0,0.0,0.0,0.0,0.0,0.0,0.0,0.0,0.0,0.0,0.0,0.0,0.0,0.0,0.0,0.0,0.0,0.0,0.0,0.0,0.0,0.0,0.0,0.0,0.0,0.0,0.0,0.0,0.0,0.0,0.0,0.0,0.0,0.0,0.0,0.0,0.0,0.0,0.0,0.0,0.0,0.0,0.0,0.0,0.0,0.0,0.0,0.0,0.0,0.0,0.0,0.0,0.0,0.0,0.0,0.0,0.0,0.0,0.0,0.0,0.0,0.0,0.0,0.0,0.0,0.0,0.0,0.0,0.0,0.0,0.0,0.0,0.0,0.0,0.0,0.0,0.0,0.0,0.0,0.0,0.0,0.0,0.0,0.0,0.0,0.0,0.0,0.0,0.0,0.0,0.0,0.0,0.0,0.0,0.0,0.0,0.0,0.0,0.0,0.0,0.0,0.0,0.0,0.0,0.0,0.0,0.0,0.0,0.0,0.0,0.0,0.0,0.0,0.0,0.0,0.0,0.0,0.0,0.0,0.0,0.0,0.0,0.0,0.0,0.0,0.0,0.0,0.0,0.0,0.0,0.0,0.0,0.0,0.0,0.0,0.0,0.0,0.0,0.0,0.0,0.0,0.0,0.0,0.0,0.0,0.0,0.0,0.0,0.0,0.0,0.0,0.0,0.0,0.0,0.0,0.0,0.0,0.0,0.0,0.0,0.0,0.0,0.0,0.0,0.0,0.0,0.0,0.0,0.0,0.0,0.0,0.0,0.0,0.0,0.0,0.0,0.0,0.0,0.0,0.0,0.0,0.0,0.0,0.0,0.0,0.0,0.0,0.0,0.0,0.0,0.0,0.0,0.0,0.0,0.0,0.0,0.0,0.0,0.0,0.0,0.0,0.0,0.0,0.0,0.0,0.0,0.0,0.0,0.0,0.0,0.0,0.0,0.0,0.0,0.0,0.0,0.0,0.0,0.0,0.0,0.0,0.0,0.0,0.0,0.0,0.0,0.0,0.0,0.0,0.0,0.0,0.0,0.0,0.0,0.0,0.0,0.0,0.0,0.0,0.0,0.0,0.0,0.0,0.0,0.0,0.0,0.0,0.0,0.0,0.0,0.0,0.0,0.04580199517839394,4.077824353847914e-11,4.3638097344493956e-11,3.2150127056496484e-5,-1.836299195731222e-8,-0.0004689495594927775,-0.0025642299359913303,-0.0005868563099051128,7.578826848253197e-14,2.2651282692807877e-5,-3.4338391161775757e-9,6.949556332654832e-9,0.011027791559025878,-0.0036518240292583624,-1.888582029554439e-5,-0.00012091634591740143,-4.072145667175217e-9,3.2975965040835187e-13,0.0004503776137177713,6.94998305079302e-12,1.9847537686975878e-13,0.003100148831633128,9.488220576270133e-14,-9.354625289930985e-9,-3.3056735362906353e-6,-4.201693207584662e-6,-8.159532730842626e-14,7.918011577927928e-11,1.4116444652276452e-7,0.0033256609885762133,-1.2787625886272346e-13,-1.8919520421166137e-13,0.0026980388024403397,-3.982165453105037e-12,1.4343249797024756e-6,1.4951134452108608e-10,2.2102740463385635e-8,3.2705680247129286e-9,-1.7638971210348404e-6,0.00012181269341681035,3.7703353818884025e-6,1.3594576646079048e-10,-1.104079263126254e-9,3.609026029985825e-5,-1.2838938366770728e-5,0.0006910621931065221,-2.663649328457793e-15,-5.6336610037344606e-12,0.0025064403116324707,-0.002460130549313754,5.428941732522124e-7,0.001878596989177894,0.00011800947371548662,1.8203302373574562e-8,-1.52971583484798e-7,1.7201517843334937e-6,5.290003377962165e-7,-8.757259715627069e-13,-2.1176626933826228e-8,-0.0035735241604301564,-1.7338312517556758e-15,8.325545988130378e-8,1.813403192122301e-8,-1.5973330619581393e-10,-1.5789281944444284e-10,0.0032782298574870203,0.000644186343918271,6.929878450032305e-15,2.2989072880649323e-13,1.870840383863985e-14,-1.7481986006255412e-7,0.0005898338255109651,-0.0001681756356011634,2.205567208850475e-11,-2.1563369122733904e-10,-7.510718352288521e-15,6.108209852249769e-10,6.126675117440537e-12,-5.4715957608489006e-5,-2.1423968135923156e-15,1.997237944035052e-6,-5.262395207487929e-8,-1.2350063916996128e-8,-6.4017206904419425e-12,-1.2962927714281871e-6,3.612632031632252e-5,3.705479273022295e-6,1.6051366518490655e-14,0.0012934677613682455,-9.00864043463226e-12,0.0005450089496568375,-2.0930454667037014e-11,-0.0008309469515010398,0.0001067584245158067,7.825448552115645e-12,-2.3629207502367356e-7,-1.2707628657953688e-10,-5.0788974624006955e-11,9.230362300207537e-9,-3.02880134716303e-9,-0.00023172935065829333,-3.8754844851287245e-13,-7.633067504049737e-13,-3.7155391487370345e-7,1.4966216854078997e-10,-2.9245261300876176e-12,-1.1102225907063211e-8,2.301720584303831e-11,-6.221731676114304e-6,1.7672881049848729e-9,-0.00010951477178453877,-4.810105282278165e-8,9.252710059279118e-14,0.00516729388095372,-1.57686139972146e-12,-9.436133951788981e-15,9.154812244459556e-9,0.008094695095802247,0.0002557802556258298,8.260013740364635e-13,-6.672633968141488e-13,5.750869011878343e-6,-0.0038647883051619474,-0.003006359154622413,1.2042926638870278e-5,-2.6173281927445706e-7,-7.096897376280882e-13,2.1441300833462596e-8,6.174698014502132e-13,-0.0013478370377671778,-3.2422550042737444e-9,-2.932989420387473e-5,6.931031190719088e-7,2.008327773414838e-13,1.6690274136911361e-9,0.00025735935931206955,-7.098558202149696e-7,-7.861479439949259e-10,-2.987957711832595e-9,0.00018694283344759618,-5.776648184896578e-13,1.8156218016422553e-11,1.432685459346265e-5,-1.9320804097341842e-7,-1.7533002771472454e-7,3.737299247491079e-7,0.01092775957900901,-1.1512432500855994e-10,9.21860438857615e-8,-4.306192978873065e-15,4.684075398469447e-13,-9.799281044762502e-10,1.3868433913321188e-13,-1.8290742551419632e-7,-0.0010394106350417576,-0.0007323477890738069,2.0456067781241773e-10,6.786128368956498e-10,1.0523223704054327e-11,5.482335028571714e-14,0.0008904421202256994,3.8707471818972235e-9,-0.009403391769504048,5.3300205469881075e-6,-8.05828761680279e-6,0.0005116033513403354,3.7090654845207255e-12,-8.497902535971965e-6,-1.0691322146927935e-10,1.878928832967944e-9,-1.8147511900967271e-12,0.005858923583753257,-7.497015597409463e-13,4.0632542916886626e-8,-1.1070631618569421e-11,1.9481111766660713e-13,-1.5357474617607442e-14,2.155926141160979e-7,4.8504947607195876e-8,-0.0012959355384802279,-1.3545270197459306e-5,0.0014183719999600003,3.074576012740444e-11,-0.0010024698986974899,1.7976014608282321e-9,-2.2883104595716173e-12,1.0193562755400227e-10,8.868265453524057e-15,-5.043233940128005e-9,5.515384554468931e-13,-0.0007555614776071605,9.32459792325296e-10,1.2057851696484265e-11,2.488456718304709e-8,1.5265320404920265e-12,-2.3487738160677304e-13,8.697794514270292e-13,-0.0019601487133670803,6.555728473276535e-11,-4.693697925811715e-6,1.3310026190262352e-8,-9.630838609428427e-15,8.780715713106356e-7,9.142414894582704e-6,1.8121067731954725e-9,0.004171100397584208,9.469795605604925e-10,7.923254555473167e-13,1.3563514190945799e-5,-2.855704611651748e-7,-1.3129197924456106e-7,-8.870169925697143e-12,-1.872778089714467e-7,3.148898341615858e-14,0.0003161702048412585,5.4808413822919136e-8,4.664460342780523e-10,1.5874124853847805e-5,2.9752737701873544e-13,-0.0005822372445360558,1.029907002289343e-12,-4.733120810198105e-12,9.011278915616083e-15,-0.0005851519821087261,4.372748776650591e-6,3.4638770408566775e-8,1.5707975587184192e-7,5.351831676676243e-15,-1.456258150137736e-5,-0.0006304594689454031,5.897190734323487e-9,7.356711905692115e-12,-0.0011815886364962547,7.691466447358373e-8,3.9402632960057345e-8,-3.0627453416885467e-10,4.618761723660671e-11,0.002138777221153885,0.008355239806939044,3.315602861358487e-12,-1.721277852605352e-10,-9.103700396464138e-9,0.00010713963318234158,-4.1065591676936864e-8,1.4514357898102215e-11,1.0022772628859146e-7,4.823862736592422e-6,-5.7064387057241295e-6,4.42979068029791e-14,-1.6487325835942426e-12,-5.496628421331108e-11,1.143360016831531e-11,1.217049683932347e-10,1.3696565741642163e-10,-0.004549166450555441,-0.012537452455629827,-3.4164988944752213e-15,1.2924372327425804e-9,0.0018542414451730104
0.0,0.0,0.0,0.0,0.0,0.0,0.0,0.0,0.0,0.0,0.0,0.0,0.0,0.0,0.0,0.0,0.0,0.0,0.0,0.0,0.0,0.0,0.0,0.0,0.0,0.0,0.0,0.0,0.0,0.0,0.0,0.0,0.0,0.0,0.0,0.0,0.0,0.0,0.0,0.0,0.0,0.0,0.0,0.0,0.0,0.0,0.0,0.0,0.0,0.0,0.0,0.0,0.0,0.0,0.0,0.0,0.0,0.0,0.0,0.0,0.0,0.0,0.0,0.0,0.0,0.0,0.0,0.0,0.0,0.0,0.0,0.0,0.0,0.0,0.0,0.0,0.0,0.0,0.0,0.0,0.0,0.0,0.0,0.0,0.0,0.0,0.0,0.0,0.0,0.0,0.0,0.0,0.0,0.0,0.0,0.0,0.0,0.0,0.0,0.0,0.0,0.0,0.0,0.0,0.0,0.0,0.0,0.0,0.0,0.0,0.0,0.0,0.0,0.0,0.0,0.0,0.0,0.0,0.0,0.0,0.0,0.0,0.0,0.0,0.0,0.0,0.0,0.0,0.0,0.0,0.0,0.0,0.0,0.0,0.0,0.0,0.0,0.0,0.0,0.0,0.0,0.0,0.0,0.0,0.0,0.0,0.0,0.0,0.0,0.0,0.0,0.0,0.0,0.0,0.0,0.0,0.0,0.0,0.0,0.0,0.0,0.0,0.0,0.0,0.0,0.0,0.0,0.0,0.0,0.0,0.0,0.0,0.0,0.0,0.0,0.0,0.0,0.0,0.0,0.0,0.0,0.0,0.0,0.0,0.0,0.0,0.0,0.0,0.0,0.0,0.0,0.0,0.0,0.0,0.0,0.0,0.0,0.0,0.0,0.0,0.0,0.0,0.0,0.0,0.0,0.0,0.0,0.0,0.0,0.0,0.0,0.0,0.0,0.0,0.0,0.0,0.0,0.0,0.0,0.0,0.0,0.0,0.0,0.0,0.0,0.0,0.0,0.0,0.0,0.0,0.0,0.0,0.0,0.0,0.0,0.0,0.0,0.0,0.0,0.0,0.0,0.0,0.0,0.0,0.0,0.0,0.0,0.0,0.0,0.0,0.0,0.0,0.0,0.0,0.0,0.0,0.0,0.0,0.0,0.0,0.0,0.0,0.0,0.0,0.0,0.0,0.0,0.0,0.0,0.0,0.0,0.0,0.0,0.0,0.0,0.0,0.0,0.0,0.0,0.0,0.0,0.0,0.0,0.0,0.0,0.0,0.0,0.0,0.0,0.0,0.0,0.0,0.0,0.0,0.0,0.0,0.0,0.0,0.0,0.0,0.0,0.0,0.0,0.0,0.0,0.0,0.0,0.0,0.0,0.0,0.0,0.0,0.0,0.0,0.0,0.0,0.0,0.0,0.0,0.0,0.0,0.0,0.0,0.0,0.0,0.0,0.0,0.0,0.0,0.0,0.0,0.0,0.0,0.0,0.0,0.0,0.0,0.0,0.0,0.0,0.0,0.0,0.0,0.0,0.0,0.0,0.0,0.0,0.0,0.0,0.0,0.0,0.0,0.0,0.0,0.0,0.0,0.0,0.0,0.0,0.0,0.0,0.0,0.0,0.0,0.0,0.0,0.0,0.0,0.0,0.0,0.0,0.0,0.0,0.0,0.0,0.0,0.0,0.0,0.0,0.0,0.0,0.0,0.0,0.0,0.0,0.0,0.0,0.0,0.0,0.0,0.0,0.0,0.0,0.0,0.0,0.0,0.0,0.0,0.0,0.0,0.0,0.0,0.0,0.0,0.0,0.0,0.0,0.0,0.0,0.0,0.0,0.0,0.0,0.0,0.0,0.0,0.0,0.0,0.0,0.0,0.0,0.0,0.0,0.0,0.0,0.0,0.0,0.0,0.0,0.0,0.0,0.0,0.0,0.0,0.0,0.0,0.0,0.0,0.0,0.0,0.0,0.0,0.0,0.0,0.0,0.0,0.0,0.0,0.0,0.0,0.0,0.0,0.0,0.0,0.0,0.0,0.0,0.0,0.0,0.0,0.0,0.0,0.0,0.0,0.0,0.0,0.0,0.0,0.0,0.0,0.0,0.0,0.0,0.0,0.0,0.0,0.0,0.0,0.0,0.0,0.0,0.0,0.0,0.0,0.0,0.0,0.0,0.0,0.0,0.0,0.0,0.0,0.0,0.0,0.0,0.0,0.0,0.0,0.0,0.0,0.0,0.0,0.0,0.0,0.0,0.0,0.0,0.0,0.0,0.0,0.0,0.0,0.0,0.0,0.0,0.0,0.0,0.0,0.0,0.0,0.0,0.0,0.0,0.0,0.0,0.0,0.0,0.0,0.0,0.0,0.0,0.0,0.0,0.0,0.0,0.0,0.0,0.0,0.0,0.0,0.0755760083374165,0.03174732758609163,5.375763924720766e-10,-1.284098322340373e-5,1.265802791513211e-9,2.6695813825623147e-11,-2.255096651653554e-9,1.653622108389022e-5,1.671554103857109e-9,-0.0005335435648852254,-3.276225630554686e-5,1.5449897505202696e-10,4.234064912598778e-11,9.261407491489109e-8,1.4505048130051316e-10,-1.801204073162569e-5,-1.8982289657855338e-5,1.2396522332644356e-12,0.0019537778225038834,0.00032616339594958234,1.0233105443310695e-12,1.0936986105045273e-5,-6.498882718988628e-5,4.1891581370245325e-9,-1.6561552651579213e-7,1.8328103535152394e-5,-0.0013104608071672903,1.8633699882349646e-6,-2.4576457987566365e-11,-9.712950883401616e-6,0.00034407923261552695,-2.990122089533067e-11,-0.0006153126749028297,1.385565074922908e-7,0.0023845803499707888,4.300207497513225e-6,2.6759670261838933e-5,-6.471507612029228e-8,1.93995937566206e-9,1.0375270219833571e-7,-0.0009589900297378547,0.0013010945962004358,-1.4745181471727675e-8,-2.683109316422431e-9,9.370870775072949e-10,-2.983540547984262e-6,-0.0028965979477956006,-3.087298865597125e-12,-1.5260948913505345e-11,-4.032931048051023e-7,-1.6464672774619197e-14,-1.1988236374019958e-9,-1.2006653139354514e-6,-7.3193031760860366e-6,-3.9908861697944384e-8,8.088336277860674e-8,0.001012523171244697,1.027494883197078e-5,-1.8473248389263936e-14,4.394445251275413e-6,6.074093298908393e-7,3.2340916169407265e-5,0.00014034246569441172,-0.0025164799819437315,-3.2203818552820994e-11,1.1507549403582256e-12,4.031908230694259e-7,5.427671969926287e-5,2.4252112976918653e-6,-6.935192147632029e-7,8.026756748941877e-12,-1.2501039627774679e-9,-0.009225925806340424,-0.00045475537915205154,-7.0761238304888195e-6,0.0017835342785743383,0.007701849135800731,1.222288621761842e-9,-1.3012645450152707e-6,1.263619293964888e-9,-1.8984842086785932e-5,3.3680582249205856e-5,-0.005917526305104228,-2.0808872149054304e-7,-1.0845342501691707e-8,-6.500182887954763e-8,4.03434239963889e-5,-4.003374460750834e-12,0.0032301756079238324,-4.3825869442455205e-11,0.002229658421700293,3.889333017099711e-10,3.467971080337346e-14,0.0030973585717890056,-2.2536675748950638e-7,0.005965168544480231,-0.0005533662595697745,-1.3944089274558754e-5,0.00017031591635215316,-6.158121011507685e-10,-3.3697014544289885e-5,4.061597667865243e-5,4.6355875250761486e-7,0.00045967809508984446,-0.0005013237402173968,-2.9077467180240705e-6,0.018595936841482866,-9.610446107021631e-9,0.000280582478059253,8.31489347475919e-11,-1.6571171290446297e-6,-3.2938133175296963e-6,-9.305426709468448e-12,-0.000246995764803993,-4.325262731095307e-6,1.8810459495397116e-5,1.0818583141330128e-11,5.738951894031895e-11,0.0001330531921327942,-0.00020798732686545557,1.4086950618388215e-8,-2.0139334563314325e-11,-3.0883135318340213e-10,7.320271768708354e-9,-8.449065571420036e-7,-7.688391795762985e-5,2.7287268379275808e-6,0.00033875682785925744,-1.2660282009059191e-11,-6.20661597609448e-5,-4.309581579534676e-8,7.482782732677736e-8,-8.461875754705542e-5,0.00017670608006987803,1.8711492813453176e-9,-2.187752758779719e-8,-7.780699941640638e-6,-0.00016876909830386763,-1.6321349095840609e-9,5.791293838627214e-5,0.007760350582292575,8.866380149625832e-9,-6.536354483974594e-7,-6.638231588505715e-6,3.7658565567800877e-7,-1.6982418727163816e-11,0.001383054893991805,-4.10337064892671e-7,1.2685709127755859e-6,0.00024642277961401944,2.6202525119898114e-5,-2.285576740103095e-5,-3.647946586303756e-8,3.4094220641400876e-11,-4.6157353757290874e-12,-0.0007663454052669386,-0.0018341569776089647,-0.004422773162795288,6.893909162816559e-6,4.3422014895775674e-10,2.0971983832982475e-5,-1.7952287691330552e-12,3.152135630225311e-9,-1.7085201375761906e-8,1.397005284874245e-12,0.0019051392324944897,7.204136264652637e-9,0.005561925767114766,2.391014104721306e-5,-0.0004311141199358806,2.3450248654238367e-12,0.00012671373612776522,9.4393241540601e-7,-0.00013788709311579213,4.8401788198979344e-5,-2.591605791692404e-5,-8.756037827737905e-7,-1.3676703924880314e-6,-6.759811229491602e-12,-1.755512919109799e-12,5.62218586639652e-12,-0.010278826789144874,2.17165922266222e-12,0.0005609543637006506,-0.002078284210955302,0.010258502185898206,4.9200411476341335e-6,-3.702747603693194e-5,1.2019790855379655e-5,4.431379646287367e-13,-0.00024015925075603254,0.010335362795016477,3.765385148954644e-5,3.9919376069077573e-5,-1.6405915738338257e-5,0.00011789848006930884,-3.4641849061968655e-12,-0.00030011126331554503,-4.19147229750258e-9,-3.948805342412806e-7,1.1082953947594627e-5,-9.624742706244477e-8,6.477947880022749e-9,-0.0006661618861452291,-4.909844971970866e-11,-0.00027640116404081263,1.7935559223011503e-5,4.533527969665762e-9,-7.012450593163131e-8,3.431133220786093e-7,0.005651245269818285,1.2201330306309245e-6,4.376209887016097e-6,1.9956887429610848e-10,7.494595487848299e-7,0.00043316226087002237,1.0666432452870336e-8,-1.6505812966012907e-5,4.989878435470375e-10,0.00015442138828862555,6.375490487995258e-5,-1.9446219073176535e-7,-4.6238007832044317e-10,-1.0869506442230922e-7,3.074042266956965e-7,6.839170819095326e-7,-6.05031398831025e-6,-1.8621730920291833e-9,-4.326165046025981e-11,-2.7181303632151898e-5,-0.006173617078516859,-1.5633512218612638e-10,6.27370028349627e-7,2.1162531481471794e-6,0.0005547690144213316,-0.001808258726804787,-9.831061756454837e-12,-1.1762494208426518e-11,-0.002793930624986677,0.001273183523861677,-4.380551002135201e-6,1.496067777187895e-9,-2.8025918096540168e-5,0.002291093434621261,2.882864767410957e-6,-1.453725340045249e-8,-3.0474382805847686e-8,-4.093716414013872e-5,-0.0010713250652889868,-0.0006775441152249885,0.024945741810268568,0.00035441748291040176,-0.0006968522133199943,-1.4119638646849006e-10,2.738365950516719e-11,1.0275491502367178e-5,-7.707530874784432e-5,-2.0939301424190216e-12
0.0,0.0,0.0,0.0,0.0,0.0,0.0,0.0,0.0,0.0,0.0,0.0,0.0,0.0,0.0,0.0,0.0,0.0,0.0,0.0,0.0,0.0,0.0,0.0,0.0,0.0,0.0,0.0,0.0,0.0,0.0,0.0,0.0,0.0,0.0,0.0,0.0,0.0,0.0,0.0,0.0,0.0,0.0,0.0,0.0,0.0,0.0,0.0,0.0,0.0,0.0,0.0,0.0,0.0,0.0,0.0,0.0,0.0,0.0,0.0,0.0,0.0,0.0,0.0,0.0,0.0,0.0,0.0,0.0,0.0,0.0,0.0,0.0,0.0,0.0,0.0,0.0,0.0,0.0,0.0,0.0,0.0,0.0,0.0,0.0,0.0,0.0,0.0,0.0,0.0,0.0,0.0,0.0,0.0,0.0,0.0,0.0,0.0,0.0,0.0,0.0,0.0,0.0,0.0,0.0,0.0,0.0,0.0,0.0,0.0,0.0,0.0,0.0,0.0,0.0,0.0,0.0,0.0,0.0,0.0,0.0,0.0,0.0,0.0,0.0,0.0,0.0,0.0,0.0,0.0,0.0,0.0,0.0,0.0,0.0,0.0,0.0,0.0,0.0,0.0,0.0,0.0,0.0,0.0,0.0,0.0,0.0,0.0,0.0,0.0,0.0,0.0,0.0,0.0,0.0,0.0,0.0,0.0,0.0,0.0,0.0,0.0,0.0,0.0,0.0,0.0,0.0,0.0,0.0,0.0,0.0,0.0,0.0,0.0,0.0,0.0,0.0,0.0,0.0,0.0,0.0,0.0,0.0,0.0,0.0,0.0,0.0,0.0,0.0,0.0,0.0,0.0,0.0,0.0,0.0,0.0,0.0,0.0,0.0,0.0,0.0,0.0,0.0,0.0,0.0,0.0,0.0,0.0,0.0,0.0,0.0,0.0,0.0,0.0,0.0,0.0,0.0,0.0,0.0,0.0,0.0,0.0,0.0,0.0,0.0,0.0,0.0,0.0,0.0,0.0,0.0,0.0,0.0,0.0,0.0,0.0,0.0,0.0,0.0,0.0,0.0,0.0,0.0,0.0,0.0,0.0,0.0,0.0,0.0,0.0,0.0,0.0,0.0,0.0,0.0,0.0,0.0,0.0,0.0,0.0,0.0,0.0,0.0,0.0,0.0,0.0,0.0,0.0,0.0,0.0,0.0,0.0,0.0,0.0,0.0,0.0,0.0,0.0,0.0,0.0,0.0,0.0,0.0,0.0,0.0,0.0,0.0,0.0,0.0,0.0,0.0,0.0,0.0,0.0,0.0,0.0,0.0,0.0,0.0,0.0,0.0,0.0,0.0,0.0,0.0,0.0,0.0,0.0,0.0,0.0,0.0,0.0,0.0,0.0,0.0,0.0,0.0,0.0,0.0,0.0,0.0,0.0,0.0,0.0,0.0,0.0,0.0,0.0,0.0,0.0,0.0,0.0,0.0,0.0,0.0,0.0,0.0,0.0,0.0,0.0,0.0,0.0,0.0,0.0,0.0,0.0,0.0,0.0,0.0,0.0,0.0,0.0,0.0,0.0,0.0,0.0,0.0,0.0,0.0,0.0,0.0,0.0,0.0,0.0,0.0,0.0,0.0,0.0,0.0,0.0,0.0,0.0,0.0,0.0,0.0,0.0,0.0,0.0,0.0,0.0,0.0,0.0,0.0,0.0,0.0,0.0,0.0,0.0,0.0,0.0,0.0,0.0,0.0,0.0,0.0,0.0,0.0,0.0,0.0,0.0,0.0,0.0,0.0,0.0,0.0,0.0,0.0,0.0,0.0,0.0,0.0,0.0,0.0,0.0,0.0,0.0,0.0,0.0,0.0,0.0,0.0,0.0,0.0,0.0,0.0,0.0,0.0,0.0,0.0,0.0,0.0,0.0,0.0,0.0,0.0,0.0,0.0,0.0,0.0,0.0,0.0,0.0,0.0,0.0,0.0,0.0,0.0,0.0,0.0,0.0,0.0,0.0,0.0,0.0,0.0,0.0,0.0,0.0,0.0,0.0,0.0,0.0,0.0,0.0,0.0,0.0,0.0,0.0,0.0,0.0,0.0,0.0,0.0,0.0,0.0,0.0,0.0,0.0,0.0,0.0,0.0,0.0,0.0,0.0,0.0,0.0,0.0,0.0,0.0,0.0,0.0,0.0,0.0,0.0,0.0,0.0,0.0,0.0,0.0,0.0,0.0,0.0,0.0,0.0,0.0,0.0,0.0,0.0,0.0,0.0,0.0,0.0,0.0,0.0,0.0,0.0,0.0,0.0,0.0,0.0,0.0,0.0,0.0,0.0,0.0,0.0,0.0,0.0,0.0,0.0,0.0,0.0,0.0,0.0,0.0,0.0,0.0,0.0,0.0,0.0,0.0,0.0,0.047079281696691413,-1.982669854225649e-9,-4.8300544677527204e-5,-1.56230469101926e-9,5.6436047761862994e-11,-2.5170515761570166e-9,-2.5937032138940542e-5,1.7846184417532466e-8,-0.0005435591654782413,0.00047091307560178167,-1.8299613215045607e-10,1.1507817255758987e-11,6.539101022483878e-8,2.652706646434161e-10,1.1552412966776688e-5,-0.00013437764217368915,-1.1527943015210581e-11,0.0006939808339498465,3.454803309540781e-5,-1.5937833189759831e-10,3.225042954774168e-6,-0.00022778392324479288,1.0483485276398128e-7,-1.50109529019152e-8,-1.1236912601688609e-6,-0.00812511464509887,-1.9297527427420695e-6,3.8402182575820646e-10,1.7114428184973737e-5,-0.00010150476992958631,-1.6381345579778155e-11,-0.00294732533399931,1.2497387683023935e-7,-0.0007939174441191647,4.0828641525292954e-5,-2.489153033277298e-5,3.2566484982149827e-7,-7.3005499317669805e-9,3.391733604985876e-8,-0.00022672550906178784,-0.0005979392696204708,-5.955242485109639e-9,4.615241718605857e-8,-2.0305965473675078e-9,7.3970433297551e-6,0.00046578530583039717,6.722028639338149e-13,-2.7649083007303045e-10,-9.508259100517641e-7,3.1909877889316657e-12,-4.040536351365066e-9,-1.923298090987977e-8,-2.755175204962806e-6,-2.308365758800252e-7,4.086340738734343e-8,-0.002372676328198021,7.969650202948034e-5,1.465510555707986e-11,6.40158212188653e-7,1.0564208175389262e-6,6.86247357379044e-5,0.000937213246716658,0.0048382666066096956,-8.772288010459981e-11,1.6270858311912177e-11,2.5174980521854504e-6,-4.034961907494029e-5,-5.655633032244779e-8,-3.404944597887316e-6,-1.4044629100654257e-9,6.631442709155661e-9,0.007178773970224173,0.0011540051201430316,4.1475382209478084e-7,0.005332618936674663,0.0013906310203662393,-5.644823954531546e-9,2.1977535336391044e-6,1.0835602263343405e-7,-2.13147985380473e-5,-1.3230004133283366e-5,0.015672178493280193,-4.530964246645449e-7,-1.8446815269879762e-8,3.049587345290468e-7,3.001019740629906e-5,6.076317777489906e-12,-0.0023508316082976074,-1.5581908644194713e-10,-0.00026733960135785155,-6.85917342373968e-10,-1.470741616865798e-12,0.001841921538377755,-4.351000163132809e-6,0.0067056525087086545,0.004086750749966667,-5.8999924338111574e-5,8.691105574487545e-5,1.8513642307686583e-9,0.0001253392120226601,-0.0006503983403256539,-8.245248717873451e-7,-0.0028635177548191554,0.00021212577670046956,1.0695404758253373e-6,-0.020481022348381978,3.899671551154004e-9,-0.000359945550917009,-3.498967819624803e-12,1.103141598791087e-5,-2.753574924009608e-5,2.4100471561461164e-11,0.00020685538961011,6.857155567384043e-6,-1.836323527141211e-5,1.2136258171627882e-11,7.906107039454271e-10,8.965605458558857e-5,-0.0001421260421234952,7.697602115533863e-8,-1.0843181009098625e-10,-6.073714050865301e-10,4.7832424916116713e-8,2.0310931656340427e-6,-0.00010113556464548862,3.982016259535506e-5,0.00030881667146731627,2.7340586316036443e-11,1.4084158445518874e-5,-1.7823318076381906e-8,1.3657998696909137e-6,0.00013999996294407628,0.00011817161257862105,-9.947316230701107e-9,1.0750311272261491e-7,-0.0019718786013958574,0.00013083811417460717,1.3487613152013103e-9,5.436502509393951e-6,0.000589918624134651,8.589741455912023e-8,-1.9013587405886434e-6,-2.977467762539298e-7,-4.379931766620437e-7,-1.1725240280457083e-10,-0.004846939063873543,2.4852294540046916e-6,-1.3639886448878585e-6,0.0001646102508652373,-5.47397347484842e-5,2.1309460137529088e-5,1.060170281609705e-7,-3.9190156490704424e-10,-1.1102683421841213e-11,0.0013879111983441917,-0.0001825831991095533,0.0002480835094595628,-1.3116888604500276e-5,1.0776805648439092e-9,-6.97745085633893e-5,-6.203147428101503e-11,-1.7130722979571366e-8,-4.081120410701157e-8,7.552708863732823e-10,-0.0009963687535200205,2.5449277565523407e-8,0.0008908225503757964,0.0044773876191533364,-0.00017028181755997574,-9.295128241737857e-12,0.00024938676637787657,-1.3147316393504386e-5,0.0030822188909636213,-2.338327515706704e-5,8.907157798009398e-5,1.3875494127154112e-6,-3.89242446169111e-6,-2.7815524478197857e-11,-7.061917197545377e-12,1.9493393330149183e-12,0.018102701502745632,1.6277702114228283e-10,0.00025321764657563334,0.00031426429275392746,0.005012971782940598,4.334043582499507e-5,7.919634458590331e-5,-0.00012005455448949411,7.423889211711727e-13,0.0029081302100745486,0.002129818518523124,4.8693354540923634e-5,-5.563905570449033e-5,-3.995023353318319e-6,-3.480386833386542e-5,-2.478713296179047e-11,0.0010891077422087567,9.74909068301502e-8,0.00012230956796791394,1.3700931803691224e-6,1.3648352419108432e-7,-4.556071830403296e-9,0.00019216099624842973,7.13067630992122e-11,0.0015719667672484403,0.0002286897852454984,-8.412403210694328e-9,-4.754710189576651e-6,1.8712576666854408e-6,-0.0024049099773011356,-2.248449241778304e-6,-3.053719005269277e-6,1.772059097325393e-10,-6.324104621154915e-8,-0.0010879135598337588,5.251144387311746e-9,9.732691578391445e-5,-7.663142114002091e-10,8.773630653827033e-6,0.0013305743750341326,-3.936558436055537e-6,1.7472105130922849e-9,-3.242880722411325e-7,-1.3415620902040449e-6,1.603241263012204e-6,-8.98102324326246e-6,-1.8155278341582492e-8,6.943490278757842e-10,-2.4555311390895766e-5,0.005325502630687413,4.286246039404744e-10,-1.2135540896004232e-6,7.304200992010338e-6,-0.006208982929181692,0.005459515533955153,-2.1497041417029338e-10,4.3509603321271163e-11,-0.0018287714736699816,-0.002716068712789205,7.535666704519403e-7,2.9050966114563075e-9,-1.393670291776123e-5,-0.0015699172053581967,4.162575559801806e-7,-8.476587196972542e-8,-8.759869451161604e-8,4.877332917462987e-5,0.0001790516553269889,0.00044377384696453297,0.016769679194312184,0.008421233272257675,-0.004452681403139622,-4.970140907381956e-10,-1.6471704339339273e-10,-7.385685870633453e-6,-3.086457792246576e-5,6.056599965348477e-13
0.0,0.0,0.0,0.0,0.0,0.0,0.0,0.0,0.0,0.0,0.0,0.0,0.0,0.0,0.0,0.0,0.0,0.0,0.0,0.0,0.0,0.0,0.0,0.0,0.0,0.0,0.0,0.0,0.0,0.0,0.0,0.0,0.0,0.0,0.0,0.0,0.0,0.0,0.0,0.0,0.0,0.0,0.0,0.0,0.0,0.0,0.0,0.0,0.0,0.0,0.0,0.0,0.0,0.0,0.0,0.0,0.0,0.0,0.0,0.0,0.0,0.0,0.0,0.0,0.0,0.0,0.0,0.0,0.0,0.0,0.0,0.0,0.0,0.0,0.0,0.0,0.0,0.0,0.0,0.0,0.0,0.0,0.0,0.0,0.0,0.0,0.0,0.0,0.0,0.0,0.0,0.0,0.0,0.0,0.0,0.0,0.0,0.0,0.0,0.0,0.0,0.0,0.0,0.0,0.0,0.0,0.0,0.0,0.0,0.0,0.0,0.0,0.0,0.0,0.0,0.0,0.0,0.0,0.0,0.0,0.0,0.0,0.0,0.0,0.0,0.0,0.0,0.0,0.0,0.0,0.0,0.0,0.0,0.0,0.0,0.0,0.0,0.0,0.0,0.0,0.0,0.0,0.0,0.0,0.0,0.0,0.0,0.0,0.0,0.0,0.0,0.0,0.0,0.0,0.0,0.0,0.0,0.0,0.0,0.0,0.0,0.0,0.0,0.0,0.0,0.0,0.0,0.0,0.0,0.0,0.0,0.0,0.0,0.0,0.0,0.0,0.0,0.0,0.0,0.0,0.0,0.0,0.0,0.0,0.0,0.0,0.0,0.0,0.0,0.0,0.0,0.0,0.0,0.0,0.0,0.0,0.0,0.0,0.0,0.0,0.0,0.0,0.0,0.0,0.0,0.0,0.0,0.0,0.0,0.0,0.0,0.0,0.0,0.0,0.0,0.0,0.0,0.0,0.0,0.0,0.0,0.0,0.0,0.0,0.0,0.0,0.0,0.0,0.0,0.0,0.0,0.0,0.0,0.0,0.0,0.0,0.0,0.0,0.0,0.0,0.0,0.0,0.0,0.0,0.0,0.0,0.0,0.0,0.0,0.0,0.0,0.0,0.0,0.0,0.0,0.0,0.0,0.0,0.0,0.0,0.0,0.0,0.0,0.0,0.0,0.0,0.0,0.0,0.0,0.0,0.0,0.0,0.0,0.0,0.0,0.0,0.0,0.0,0.0,0.0,0.0,0.0,0.0,0.0,0.0,0.0,0.0,0.0,0.0,0.0,0.0,0.0,0.0,0.0,0.0,0.0,0.0,0.0,0.0,0.0,0.0,0.0,0.0,0.0,0.0,0.0,0.0,0.0,0.0,0.0,0.0,0.0,0.0,0.0,0.0,0.0,0.0,0.0,0.0,0.0,0.0,0.0,0.0,0.0,0.0,0.0,0.0,0.0,0.0,0.0,0.0,0.0,0.0,0.0,0.0,0.0,0.0,0.0,0.0,0.0,0.0,0.0,0.0,0.0,0.0,0.0,0.0,0.0,0.0,0.0,0.0,0.0,0.0,0.0,0.0,0.0,0.0,0.0,0.0,0.0,0.0,0.0,0.0,0.0,0.0,0.0,0.0,0.0,0.0,0.0,0.0,0.0,0.0,0.0,0.0,0.0,0.0,0.0,0.0,0.0,0.0,0.0,0.0,0.0,0.0,0.0,0.0,0.0,0.0,0.0,0.0,0.0,0.0,0.0,0.0,0.0,0.0,0.0,0.0,0.0,0.0,0.0,0.0,0.0,0.0,0.0,0.0,0.0,0.0,0.0,0.0,0.0,0.0,0.0,0.0,0.0,0.0,0.0,0.0,0.0,0.0,0.0,0.0,0.0,0.0,0.0,0.0,0.0,0.0,0.0,0.0,0.0,0.0,0.0,0.0,0.0,0.0,0.0,0.0,0.0,0.0,0.0,0.0,0.0,0.0,0.0,0.0,0.0,0.0,0.0,0.0,0.0,0.0,0.0,0.0,0.0,0.0,0.0,0.0,0.0,0.0,0.0,0.0,0.0,0.0,0.0,0.0,0.0,0.0,0.0,0.0,0.0,0.0,0.0,0.0,0.0,0.0,0.0,0.0,0.0,0.0,0.0,0.0,0.0,0.0,0.0,0.0,0.0,0.0,0.0,0.0,0.0,0.0,0.0,0.0,0.0,0.0,0.0,0.0,0.0,0.0,0.0,0.0,0.0,0.0,0.0,0.0,0.0,0.0,0.0,0.0,0.0,0.0,0.0,0.0,0.0,0.0,0.0,0.0,0.0,0.0,0.0,0.0,0.0,0.0,0.0,0.0,0.0,0.0,0.0,0.0,0.0,0.0,0.0,0.0,0.0,0.0,0.0,0.0,0.0,0.0,0.0,0.0,0.03520174573439193,-1.5698625545203885e-7,0.004499184328507616,0.0011851227150388116,0.0031954090228926593,-7.765113950489139e-13,0.0006380210634199921,5.571084402522115e-8,-1.9005566111151044e-8,0.0019767862903723316,2.6857807097511847e-5,-0.0007021535504026998,9.418882853681372e-5,2.642388693518754e-7,-6.779186438201774e-12,-3.84453927102655e-5,1.767048780578235e-10,-1.776883103284715e-11,-0.00010586207301379901,5.604698058617417e-13,4.5036249779303296e-8,-0.0006605536268893204,-0.00017978419068114787,-1.2570000133236354e-12,2.4018463198599915e-9,-4.4728935707216045e-6,-0.002735755860401009,1.4908294862040406e-12,2.4565991606829247e-11,0.0033016625206404794,1.4603841364715034e-10,0.00015582292193059335,-1.3901425753119109e-8,-4.924778286461463e-7,-2.7658924602665404e-7,0.0001294043665421983,0.00882777388817434,2.7807413440914262e-5,2.777150440156131e-9,-1.037894650192686e-8,-0.00096005266426301,-0.0037510976708080585,-0.006149656702521719,3.350103263894401e-13,-6.850972346105723e-11,2.446089730870986e-5,0.00326172851168771,-9.922978722170106e-6,-9.832961286330881e-5,-0.0009251256961077465,-1.1005396275816793e-5,8.781516855113993e-7,2.02821130336035e-5,1.9097619442916715e-6,-7.316102457783421e-11,-1.640831396887775e-6,7.691500279041481e-5,-1.60480153097051e-13,1.644911619682543e-6,5.130944508699971e-7,-2.0655957627577256e-9,4.7831850034938884e-9,-0.0009898845406635175,1.3422397675429207e-7,3.6939932129853456e-13,-7.066010496314142e-12,1.009516585024271e-14,5.694052438730845e-7,-0.002881505807081277,-0.004498227356675256,-4.725422608870684e-9,-2.5803460823743082e-8,-3.8245709960250095e-13,-1.8776755294040063e-9,2.379774643579681e-10,-0.001394230582506052,-6.921856196158333e-14,-8.079352531675378e-5,-4.808043921563551e-7,-2.4328802121619878e-8,3.24362816054034e-10,0.00019553842194084404,-0.0007366006390637437,-8.353808985198978e-5,2.637414285209888e-12,-1.2845726992461426e-5,-4.6554379952597645e-10,-0.0005244546464255617,-8.67331638769777e-10,0.000665465264740199,5.876642127145077e-5,6.095265722601691e-11,-6.273932031520826e-6,-1.1206896100530261e-9,-3.6310744627044974e-10,1.1605390594734582e-7,-5.932210058753413e-9,-0.00046610337754494354,5.913558164989591e-12,-7.387308514692627e-11,-5.361510858726117e-7,3.5805003958130416e-9,-8.232383380276258e-12,6.145970053312201e-7,-3.553570776165373e-10,-0.00017637473754121802,8.03424227500333e-9,0.006856166826517191,1.3507480769429196e-6,-8.235703283793747e-13,-6.89986655906959e-5,-5.157038137313931e-11,6.91067466115166e-13,-5.666577607575341e-8,-0.000331292112821588,-0.006586045031324446,2.5604373971218608e-11,-6.827284871652741e-11,0.00021163739671520605,-0.0021593906955938067,-0.009016442476384725,-0.00010002047553551511,-1.2185824529005722e-5,-2.860734337111129e-12,1.3904974359663893e-7,-6.732394880154565e-11,4.951106959554256e-5,-2.0662893802176317e-7,-0.0004078155815428557,2.366076793085551e-6,-1.1273885065761103e-11,3.4736867670621242e-9,0.0058895238679715235,-6.861299286457395e-6,-1.0265168962516652e-8,-4.543191770027002e-8,-0.0007689014822181146,-1.1165059525652228e-11,1.5313402764894348e-10,-0.00032511514825748485,4.5607214179160554e-6,-4.019254756119746e-6,9.811253531349177e-7,-0.004579425091961661,-3.595931040085813e-10,5.438094575095341e-6,-2.3307046877616247e-13,2.7149127143166932e-11,-2.086671542771465e-8,6.734723260954789e-12,-6.128929727444812e-5,-0.0021221711225067924,0.0004925839170506578,2.9883474165253584e-9,1.4375944551429453e-8,2.1563703083075315e-10,-2.053363456513027e-13,-0.0025120476979514227,2.0012786284681325e-7,0.0007031115488004195,0.00012194996420893095,0.00048332860757791744,-0.0038494558933591327,-4.299124444466399e-11,-2.463669213225594e-5,-2.520557727919476e-9,2.005255790208913e-8,-9.033048598969603e-11,-6.702683964293262e-5,2.8039038679335855e-12,1.5692901695888217e-6,-6.665278610971591e-11,-2.747123153191622e-12,6.754222457027312e-12,1.3040968643565222e-5,-9.368032971883118e-7,-0.00015884018668757134,-9.084685520357826e-5,9.928226934833806e-5,-3.7391115750738565e-9,-0.0014834505870988256,3.0029271544670376e-8,-4.305251385674914e-11,1.5206394456126389e-9,2.7345907504621068e-12,9.042632301438501e-8,1.64532964757676e-11,-5.779055173400411e-6,9.973081722882283e-9,-1.8733990127221134e-9,7.182135505713868e-7,1.4480862512702964e-11,4.429246095334277e-12,-2.0904745318847032e-11,-0.00031469507939252135,1.0266229212726067e-9,-0.000728167723826853,2.006615066827592e-7,1.0363298553814409e-13,6.526293373350481e-5,0.0005559294837345919,3.870113338824161e-8,-0.0013243759817630147,1.3579872559235766e-8,2.8455169906264777e-11,6.359198609481071e-5,-1.8534227968897334e-6,-1.648936756498074e-6,-1.8489910107128288e-10,2.9567002075977693e-7,-3.096092765575213e-13,0.009312818245861693,2.2587214571377202e-6,7.898840119218295e-9,0.0009670178670581837,7.431201927673159e-12,0.016043981174654946,2.1303263253277078e-11,9.58439409981856e-12,-8.048369371136556e-14,-0.0012552757428765304,0.000441395022582388,-5.524342879519443e-6,-2.158864104864486e-6,-7.584465230697034e-13,-0.00032735235480700766,-0.0036155797791482687,1.3498494308471845e-7,4.0410709849812065e-10,-0.00954520716819354,4.223144364228396e-7,-9.92443626235148e-7,-1.8010345421686764e-9,1.6126568982444383e-9,-0.0012983230492903985,5.4346197174872896e-5,-1.4021101082621666e-10,7.117618750962117e-9,-5.030696509024095e-7,0.0004978593483615248,-7.328768726737794e-8,-6.887543331944281e-11,2.6919199474284937e-6,9.158807567057048e-5,0.0002751075178983342,4.16306969983672e-12,-6.575544366782855e-12,-5.661226537051566e-10,6.795353831285803e-10,-1.6853504017734578e-9,2.066140337964664e-9,-0.004475940090838546,0.0017666595428447653,-9.3301115439747e-13,9.807623150203816e-8,6.563795219543223e-5
0.0,0.0,0.0,0.0,0.0,0.0,0.0,0.0,0.0,0.0,0.0,0.0,0.0,0.0,0.0,0.0,0.0,0.0,0.0,0.0,0.0,0.0,0.0,0.0,0.0,0.0,0.0,0.0,0.0,0.0,0.0,0.0,0.0,0.0,0.0,0.0,0.0,0.0,0.0,0.0,0.0,0.0,0.0,0.0,0.0,0.0,0.0,0.0,0.0,0.0,0.0,0.0,0.0,0.0,0.0,0.0,0.0,0.0,0.0,0.0,0.0,0.0,0.0,0.0,0.0,0.0,0.0,0.0,0.0,0.0,0.0,0.0,0.0,0.0,0.0,0.0,0.0,0.0,0.0,0.0,0.0,0.0,0.0,0.0,0.0,0.0,0.0,0.0,0.0,0.0,0.0,0.0,0.0,0.0,0.0,0.0,0.0,0.0,0.0,0.0,0.0,0.0,0.0,0.0,0.0,0.0,0.0,0.0,0.0,0.0,0.0,0.0,0.0,0.0,0.0,0.0,0.0,0.0,0.0,0.0,0.0,0.0,0.0,0.0,0.0,0.0,0.0,0.0,0.0,0.0,0.0,0.0,0.0,0.0,0.0,0.0,0.0,0.0,0.0,0.0,0.0,0.0,0.0,0.0,0.0,0.0,0.0,0.0,0.0,0.0,0.0,0.0,0.0,0.0,0.0,0.0,0.0,0.0,0.0,0.0,0.0,0.0,0.0,0.0,0.0,0.0,0.0,0.0,0.0,0.0,0.0,0.0,0.0,0.0,0.0,0.0,0.0,0.0,0.0,0.0,0.0,0.0,0.0,0.0,0.0,0.0,0.0,0.0,0.0,0.0,0.0,0.0,0.0,0.0,0.0,0.0,0.0,0.0,0.0,0.0,0.0,0.0,0.0,0.0,0.0,0.0,0.0,0.0,0.0,0.0,0.0,0.0,0.0,0.0,0.0,0.0,0.0,0.0,0.0,0.0,0.0,0.0,0.0,0.0,0.0,0.0,0.0,0.0,0.0,0.0,0.0,0.0,0.0,0.0,0.0,0.0,0.0,0.0,0.0,0.0,0.0,0.0,0.0,0.0,0.0,0.0,0.0,0.0,0.0,0.0,0.0,0.0,0.0,0.0,0.0,0.0,0.0,0.0,0.0,0.0,0.0,0.0,0.0,0.0,0.0,0.0,0.0,0.0,0.0,0.0,0.0,0.0,0.0,0.0,0.0,0.0,0.0,0.0,0.0,0.0,0.0,0.0,0.0,0.0,0.0,0.0,0.0,0.0,0.0,0.0,0.0,0.0,0.0,0.0,0.0,0.0,0.0,0.0,0.0,0.0,0.0,0.0,0.0,0.0,0.0,0.0,0.0,0.0,0.0,0.0,0.0,0.0,0.0,0.0,0.0,0.0,0.0,0.0,0.0,0.0,0.0,0.0,0.0,0.0,0.0,0.0,0.0,0.0,0.0,0.0,0.0,0.0,0.0,0.0,0.0,0.0,0.0,0.0,0.0,0.0,0.0,0.0,0.0,0.0,0.0,0.0,0.0,0.0,0.0,0.0,0.0,0.0,0.0,0.0,0.0,0.0,0.0,0.0,0.0,0.0,0.0,0.0,0.0,0.0,0.0,0.0,0.0,0.0,0.0,0.0,0.0,0.0,0.0,0.0,0.0,0.0,0.0,0.0,0.0,0.0,0.0,0.0,0.0,0.0,0.0,0.0,0.0,0.0,0.0,0.0,0.0,0.0,0.0,0.0,0.0,0.0,0.0,0.0,0.0,0.0,0.0,0.0,0.0,0.0,0.0,0.0,0.0,0.0,0.0,0.0,0.0,0.0,0.0,0.0,0.0,0.0,0.0,0.0,0.0,0.0,0.0,0.0,0.0,0.0,0.0,0.0,0.0,0.0,0.0,0.0,0.0,0.0,0.0,0.0,0.0,0.0,0.0,0.0,0.0,0.0,0.0,0.0,0.0,0.0,0.0,0.0,0.0,0.0,0.0,0.0,0.0,0.0,0.0,0.0,0.0,0.0,0.0,0.0,0.0,0.0,0.0,0.0,0.0,0.0,0.0,0.0,0.0,0.0,0.0,0.0,0.0,0.0,0.0,0.0,0.0,0.0,0.0,0.0,0.0,0.0,0.0,0.0,0.0,0.0,0.0,0.0,0.0,0.0,0.0,0.0,0.0,0.0,0.0,0.0,0.0,0.0,0.0,0.0,0.0,0.0,0.0,0.0,0.0,0.0,0.0,0.0,0.0,0.0,0.0,0.0,0.0,0.0,0.0,0.0,0.0,0.0,0.0,0.0,0.0,0.0,0.0,0.0,0.0,0.0,0.0,0.0,0.0,0.0,0.0,0.0,0.0,0.0,0.0,0.0,0.0,0.0,0.0,0.0,0.0,0.0,0.0,0.0,0.0,0.0,0.04320707397349096,1.9143544218618827e-6,3.9930475601175166e-8,5.777401626703314e-7,-1.548347023186833e-7,-1.6420261003913696e-6,0.001793358572867664,0.0013947035597452239,1.975816062851891e-7,3.64286623331579e-8,-8.379309829672703e-6,1.9386511193146376e-7,0.0003248474080974493,-8.973721745909188e-7,1.3141859241082027e-9,4.555777278374976e-6,-1.9820266579812994e-7,-1.209706241357686e-8,-4.616857159933205e-8,-0.007668345574961895,3.193360567440936e-6,0.00010989366740502187,1.1453402747824972e-7,8.044508689536038e-5,-0.0005713381123323105,-5.001332562178565e-9,2.2224153295910573e-8,-7.350651044344284e-8,-2.0954218005113475e-8,-4.382164107160765e-6,-9.69848131926202e-5,-0.000927333157798026,0.0060278468366403715,0.007155763881930195,-3.157095020554553e-5,-1.524529831858779e-6,-3.605664371479821e-5,9.794275964238977e-6,0.0005758029826182781,1.1001697446312243e-5,-8.002822925992897e-7,7.400390480894488e-7,1.9495872351933256e-8,-4.811170458049449e-6,-1.092219550841643e-9,7.0093498015011044e-9,0.00011626603726082838,1.9841308204465578e-9,1.6239942995230168e-6,0.00023267579876001682,0.00571528856105845,-8.278730077577747e-6,5.968571963483058e-5,6.54430371303449e-6,-0.004181681041576142,6.516676304496499e-10,4.6152048865059085e-9,0.00023824845645546415,0.002642978779942371,-0.00025887347561758504,-0.00024995512513733225,-2.079238455061799e-8,-2.7557531861140003e-9,-8.84988078682092e-10,-3.238586974834373e-7,2.625814319241538e-8,-0.00042777454224442716,-5.767276199076889e-7,-4.296825848613679e-7,3.332624759046455e-5,-0.0009591146920868925,-2.8210067046351088e-9,-0.0004855585984607644,3.7839687604572126e-6,-1.3146919886615014e-6,2.561646698986316e-8,-2.0103023059233095e-5,-0.009929269751567075,0.01657220183920342,1.668352875970173e-5,2.829867482675815e-5,-4.421088469206495e-6,-0.00011148060803599416,9.780044942478085e-8,-2.146200773848597e-9,1.5162397611233563e-5,-6.568689137214363e-7,2.744470424279411e-6,3.720923149724958e-7,4.199516887469155e-10,-6.1027223259044995e-6,0.0029558334712324196,0.00010422766406525557,3.126128096359924e-5,-0.0027054379750133676,-0.0008105593731470976,-3.0985497285072254e-7,7.006000064644319e-7,-1.964303629275527e-6,-0.00013887283564930768,5.3381434811745104e-5,2.50950186149277e-6,0.0012022838367385532,-5.421762645262306e-5,2.0161257597509352e-5,-0.0048536381482521835,-6.909306303208551e-10,0.000442103726252673,-1.6999761134608882e-7,-3.10297694257986e-9,6.243067969171396e-7,2.858661583059245e-8,0.003219712072566756,-1.0656692782018862e-8,2.902045255941437e-7,-7.2927165091493225e-9,1.4599920634976387e-6,5.696815823445619e-6,3.3680576966466214e-8,-6.059154258256587e-8,-9.408083213301066e-6,0.000826231255582713,-4.2815004213554446e-7,0.0029856013123066,-2.481662761557324e-6,-1.2319109608733932e-8,3.249245536459775e-5,-7.132906313124734e-6,-0.0005187783220759398,5.851006457207762e-7,-0.0019951578525456357,-2.346011969922894e-6,-7.134517597850812e-5,-0.00016963283761738115,0.0004807899676863333,5.630560831139651e-7,3.974975614620362e-7,4.911043016145008e-6,1.4594745404813641e-5,0.0005191752810702365,0.0006134540616436301,7.840736984380101e-6,-6.923391647649665e-8,1.852239507908588e-5,-0.00039036536431856815,2.6609145509001237e-9,4.80838009931054e-7,0.0011228008301739528,-1.4918518805798474e-7,6.573309190990475e-5,-2.7956859611397578e-8,2.905389911208973e-9,-9.593138635643583e-5,0.0002847627725386584,-3.150881572787628e-5,-7.357576072364035e-8,-4.256483553717996e-7,0.0027673808419890907,1.2089089300238154e-8,-9.118549211787106e-5,5.571445416915287e-6,-1.5662859426831608e-7,-5.234745580905868e-7,3.326723282874436e-6,-9.971796416228905e-5,-0.0003010464791434061,1.0412938536220349e-5,1.050027876851581e-9,1.8615829983190092e-6,0.0005738983259106499,7.57964733853818e-5,-1.9548278546252588e-7,3.4113507309044524e-7,-0.0005859476100936908,0.0015008877136704008,2.021994054098062e-9,5.093974649395324e-10,3.77065259118693e-9,7.147824456275293e-5,3.9991633764113217e-8,-0.00046639231726232035,-5.239940682396772e-6,-6.070862498404619e-5,2.0836154170248426e-7,0.0022074885306559164,-5.952980132570779e-7,3.4587143379167307e-10,-0.0003204040258060504,-4.2815658431543774e-5,0.0019604021367093604,-1.7910760829663485e-7,2.6208472170420424e-7,-1.1214895409841324e-6,1.3760137304048505e-9,-2.4247739002019128e-5,9.940571085682299e-6,-0.005941494817812465,2.4651615082143182e-8,-0.00012095860285902067,6.450414106191925e-7,3.061164790421607e-5,-4.029265936471089e-8,-0.0017388242865755475,1.9649751432118234e-6,4.962182112556937e-6,0.0013026880350067167,6.382167902196e-5,-1.19756320736226e-6,0.00016500835853600003,-2.8816349586254297e-8,1.2664719014051484e-7,-0.0007710536824583503,-0.0002128929668331935,-1.2068992421224634e-6,3.2387382158754376e-7,-1.3033297367863897e-7,-3.4748255710208547e-7,6.285118466945312e-6,-2.786500622500732e-8,7.403305505236321e-7,-3.824176288409383e-5,0.00011464542264468944,-0.00042452767548100203,-7.652668175823493e-9,-3.258980273261348e-7,-2.9154331974246556e-7,-0.0041907313607614715,1.2256341723166508e-6,-8.535081490612454e-8,0.0006625171392790828,8.009950289438715e-5,0.0002830849925320758,5.372542658042726e-5,-1.1113628468323129e-7,-4.216528784704546e-9,-1.1147633722186947e-5,0.0005399448349183959,0.0021140054650683545,2.66933243829579e-6,0.0008138669981669659,-1.3034581136375772e-5,-0.0005953747804799581,6.665791863195038e-6,-1.3243298161088255e-5,4.1016846773911843e-7,4.730264160823167e-7,0.0001285624113817577,4.6756509758003425e-5,-4.623249630150023e-5,-2.2432566393429666e-5,-2.1967231123880035e-7,3.0269010025043917e-9,4.43977870600453e-8,-0.0015670075503260827,1.253162435109627e-9
0.0,0.0,0.0,0.0,0.0,0.0,0.0,0.0,0.0,0.0,0.0,0.0,0.0,0.0,0.0,0.0,0.0,0.0,0.0,0.0,0.0,0.0,0.0,0.0,0.0,0.0,0.0,0.0,0.0,0.0,0.0,0.0,0.0,0.0,0.0,0.0,0.0,0.0,0.0,0.0,0.0,0.0,0.0,0.0,0.0,0.0,0.0,0.0,0.0,0.0,0.0,0.0,0.0,0.0,0.0,0.0,0.0,0.0,0.0,0.0,0.0,0.0,0.0,0.0,0.0,0.0,0.0,0.0,0.0,0.0,0.0,0.0,0.0,0.0,0.0,0.0,0.0,0.0,0.0,0.0,0.0,0.0,0.0,0.0,0.0,0.0,0.0,0.0,0.0,0.0,0.0,0.0,0.0,0.0,0.0,0.0,0.0,0.0,0.0,0.0,0.0,0.0,0.0,0.0,0.0,0.0,0.0,0.0,0.0,0.0,0.0,0.0,0.0,0.0,0.0,0.0,0.0,0.0,0.0,0.0,0.0,0.0,0.0,0.0,0.0,0.0,0.0,0.0,0.0,0.0,0.0,0.0,0.0,0.0,0.0,0.0,0.0,0.0,0.0,0.0,0.0,0.0,0.0,0.0,0.0,0.0,0.0,0.0,0.0,0.0,0.0,0.0,0.0,0.0,0.0,0.0,0.0,0.0,0.0,0.0,0.0,0.0,0.0,0.0,0.0,0.0,0.0,0.0,0.0,0.0,0.0,0.0,0.0,0.0,0.0,0.0,0.0,0.0,0.0,0.0,0.0,0.0,0.0,0.0,0.0,0.0,0.0,0.0,0.0,0.0,0.0,0.0,0.0,0.0,0.0,0.0,0.0,0.0,0.0,0.0,0.0,0.0,0.0,0.0,0.0,0.0,0.0,0.0,0.0,0.0,0.0,0.0,0.0,0.0,0.0,0.0,0.0,0.0,0.0,0.0,0.0,0.0,0.0,0.0,0.0,0.0,0.0,0.0,0.0,0.0,0.0,0.0,0.0,0.0,0.0,0.0,0.0,0.0,0.0,0.0,0.0,0.0,0.0,0.0,0.0,0.0,0.0,0.0,0.0,0.0,0.0,0.0,0.0,0.0,0.0,0.0,0.0,0.0,0.0,0.0,0.0,0.0,0.0,0.0,0.0,0.0,0.0,0.0,0.0,0.0,0.0,0.0,0.0,0.0,0.0,0.0,0.0,0.0,0.0,0.0,0.0,0.0,0.0,0.0,0.0,0.0,0.0,0.0,0.0,0.0,0.0,0.0,0.0,0.0,0.0,0.0,0.0,0.0,0.0,0.0,0.0,0.0,0.0,0.0,0.0,0.0,0.0,0.0,0.0,0.0,0.0,0.0,0.0,0.0,0.0,0.0,0.0,0.0,0.0,0.0,0.0,0.0,0.0,0.0,0.0,0.0,0.0,0.0,0.0,0.0,0.0,0.0,0.0,0.0,0.0,0.0,0.0,0.0,0.0,0.0,0.0,0.0,0.0,0.0,0.0,0.0,0.0,0.0,0.0,0.0,0.0,0.0,0.0,0.0,0.0,0.0,0.0,0.0,0.0,0.0,0.0,0.0,0.0,0.0,0.0,0.0,0.0,0.0,0.0,0.0,0.0,0.0,0.0,0.0,0.0,0.0,0.0,0.0,0.0,0.0,0.0,0.0,0.0,0.0,0.0,0.0,0.0,0.0,0.0,0.0,0.0,0.0,0.0,0.0,0.0,0.0,0.0,0.0,0.0,0.0,0.0,0.0,0.0,0.0,0.0,0.0,0.0,0.0,0.0,0.0,0.0,0.0,0.0,0.0,0.0,0.0,0.0,0.0,0.0,0.0,0.0,0.0,0.0,0.0,0.0,0.0,0.0,0.0,0.0,0.0,0.0,0.0,0.0,0.0,0.0,0.0,0.0,0.0,0.0,0.0,0.0,0.0,0.0,0.0,0.0,0.0,0.0,0.0,0.0,0.0,0.0,0.0,0.0,0.0,0.0,0.0,0.0,0.0,0.0,0.0,0.0,0.0,0.0,0.0,0.0,0.0,0.0,0.0,0.0,0.0,0.0,0.0,0.0,0.0,0.0,0.0,0.0,0.0,0.0,0.0,0.0,0.0,0.0,0.0,0.0,0.0,0.0,0.0,0.0,0.0,0.0,0.0,0.0,0.0,0.0,0.0,0.0,0.0,0.0,0.0,0.0,0.0,0.0,0.0,0.0,0.0,0.0,0.0,0.0,0.0,0.0,0.0,0.0,0.0,0.0,0.0,0.0,0.0,0.0,0.0,0.0,0.0,0.0,0.0,0.0,0.0,0.0,0.0,0.0,0.0,0.0,0.0,0.0,0.0,0.0,0.0,0.0,0.0,0.0,0.0,0.0,0.0,0.0,0.0,0.0,0.050358838415365044,8.55012297772608e-5,-0.001540518832932093,9.208848111221323e-13,0.0017056452154268177,4.654387159930872e-7,-4.6036009784056035e-7,0.0012221572737058572,0.00018033494745681926,0.0004539249780861508,0.0003587991507947177,2.1269175673957925e-6,2.207769505129095e-11,1.6354417102408317e-5,-3.8948631148708723e-10,9.565288421794933e-11,5.394432475944817e-5,3.266014489144501e-12,1.3610171943237738e-6,0.0005303633737493718,-2.4613635745190517e-5,-1.0138058554511122e-11,-7.525523865911867e-9,-1.331743109832739e-7,4.550912203746444e-6,4.33887160926687e-12,1.0985774495225169e-10,-0.0003130743613841227,3.580620761135941e-10,-4.8337715865958615e-5,3.054139877806025e-8,-1.9900309400050665e-6,-1.3316445827430281e-6,2.3768812952174613e-5,-0.001161083370747766,-0.00023572173316777073,2.4558962436797506e-9,2.0386694862818608e-8,-0.004213031092623118,0.0003323839144864888,-0.0034988463864687974,1.0673447230210983e-12,-2.0991793988720626e-10,-1.8899716502258666e-6,-8.219087717483126e-5,-6.959012145107672e-5,1.862987368207081e-5,-0.009300132913244356,8.657813689272824e-5,1.1241587324588906e-5,5.194542581979148e-5,-9.500272626931338e-5,-1.1242391291869957e-9,3.2914157383293726e-6,8.598711369009417e-6,-1.323931656049977e-12,-7.310536476743436e-6,8.644068320806116e-8,4.56769262364935e-8,4.9499237877048974e-8,-0.00014974329186480729,-1.4001390198481243e-5,8.506678433989448e-13,-1.2134754109741115e-11,-5.655659050068749e-13,-5.239853428749095e-7,-0.017360338864514584,-0.0004313272322667621,-7.984382830577681e-9,7.345202767854214e-8,-4.010296659742015e-13,2.1132649034251357e-8,2.084536458775655e-9,0.0019847324572930367,-3.9479703677784724e-13,-0.0005952178268741324,-5.972385854125428e-8,1.4354779752838872e-7,1.510770437990156e-9,0.00041615244590856776,-0.002901795097466858,-0.0004748637712168323,-7.227123854630313e-13,-2.399792368054354e-5,-1.0565032342320962e-9,0.0023256872920286885,4.63960229478931e-10,0.007763537863614781,-6.090736601869107e-6,9.844714021043033e-10,1.1686333205374462e-5,2.2441123164393284e-8,2.490126085113527e-9,-2.671881629671954e-7,5.455865655386e-7,0.002677539648343056,-2.2929513752754625e-11,-8.102217855979846e-12,1.2999540309863859e-5,1.4759374418288788e-8,3.3289177651074262e-12,-1.223429269876385e-6,-5.051922585792898e-10,0.0009011341595971463,1.0795696039926451e-7,-0.001013117121562232,5.7552792473088074e-6,9.444683815108563e-12,-5.472129341131761e-5,7.604717981688351e-11,-1.0183830142688164e-12,-2.8457085501251664e-8,6.308174396104074e-5,0.0029281194292231968,-7.789898510929506e-12,-8.396628536446881e-11,0.00022518371176112362,9.412625041536317e-5,-0.0005107037186625218,-0.0004182962179394434,2.113125011164289e-5,3.44043694239086e-11,-3.7315372785131598e-6,6.804501478515572e-11,-0.00011279737642901064,-2.1003021548450342e-7,0.0012355406016535159,2.443585194192102e-5,3.244900055613319e-11,2.045887297922805e-7,0.0002345587784014075,6.326910208078823e-5,-5.29361617235848e-8,1.7499385093599692e-7,-0.0098899084996618,-1.1279928836236443e-11,-1.2313407157298862e-9,0.00047991503099638756,5.4973620844972895e-5,4.583561814185455e-6,-7.929518277979752e-6,6.498369408173211e-5,-1.8772286059598555e-9,-3.174171364365369e-5,1.3830039695326679e-12,8.846154459409346e-12,1.1459823655859063e-7,2.669750223397206e-11,-0.00013090910555944502,0.0004564400677758066,-4.9854841354243654e-5,8.08806038280886e-9,-9.467296594005578e-8,2.733168997453439e-9,-1.855572472549236e-12,0.0009719388706713453,-5.288911666034939e-7,0.00014446589747730567,-0.0006671009219585106,-0.0021145859477173117,9.930053951199588e-5,8.210401384313075e-11,0.001478303783320873,1.476569017627092e-8,-5.163828283558141e-8,-1.1855348335494322e-9,4.653355717855856e-5,-9.967602352105103e-11,-4.607716221432757e-6,3.5211445187871807e-9,-8.680226631003256e-13,-3.904799713121971e-12,3.2865311155765603e-7,-1.3329574173564141e-5,-1.7847045274160282e-5,8.293177827355404e-6,6.312030881766834e-5,-9.244228937333182e-9,0.0004389665281918991,1.9720601282528563e-9,6.688312657332538e-10,1.293049142060667e-9,2.6664306321571862e-12,-4.144557112980474e-9,-9.767768005909986e-11,-4.567490926759559e-6,-8.980423333549689e-8,4.154372719530349e-9,1.1881160545510873e-7,-1.5853520307389206e-11,1.2364146929640372e-11,-2.3585004000052133e-11,3.2314402810897474e-5,-6.132986994920185e-9,0.0013328662236808328,-1.3219794792554133e-6,2.2387475720140102e-12,0.0001766812957687166,0.01410801483432011,-2.5150098471183137e-7,-0.00015661602494738738,7.740070575662014e-8,-3.902975409367319e-10,0.0037300583598109324,2.4456324575848784e-5,7.597104915924632e-5,-4.421071816412907e-10,1.2527304660274602e-5,1.1429346280927358e-13,0.0004466589203325269,-1.3507466027923116e-5,8.016790820656243e-9,-0.0010968688362856228,-4.341707367249951e-11,0.0026602788325837067,2.943991236519031e-12,-1.3531062761036487e-10,4.437037594791535e-13,-0.0010992281408267655,0.00035627280896126184,6.020537714256217e-6,-3.889028119299964e-6,-6.090492063017672e-12,-0.0050547510978323495,-3.647138925408323e-5,-4.4973541706559746e-7,-4.939422877733762e-10,-0.00019939262632244286,-5.78971046574857e-6,4.402901798865101e-6,-1.785100301204844e-8,-1.5022056107078813e-8,-0.0004762799566016071,-1.317757729581694e-5,6.627556456450963e-10,-3.5324846842145724e-8,-1.1858104110687625e-6,-0.0033504999212718998,4.182894707288713e-6,-2.7022830442575985e-10,-1.1077799224393625e-5,0.0002857083307058922,0.00013987493820321028,-3.3365789141904937e-11,1.476842317629363e-10,-6.475212511006782e-10,-1.1974675495340341e-9,1.486045614752144e-8,-9.459559724299329e-9,-0.0008724624175979618,0.0002156668922797177,2.08637751575936e-12,1.8359746367795788e-7,1.0301833835962598e-5
0.0,0.0,0.0,0.0,0.0,0.0,0.0,0.0,0.0,0.0,0.0,0.0,0.0,0.0,0.0,0.0,0.0,0.0,0.0,0.0,0.0,0.0,0.0,0.0,0.0,0.0,0.0,0.0,0.0,0.0,0.0,0.0,0.0,0.0,0.0,0.0,0.0,0.0,0.0,0.0,0.0,0.0,0.0,0.0,0.0,0.0,0.0,0.0,0.0,0.0,0.0,0.0,0.0,0.0,0.0,0.0,0.0,0.0,0.0,0.0,0.0,0.0,0.0,0.0,0.0,0.0,0.0,0.0,0.0,0.0,0.0,0.0,0.0,0.0,0.0,0.0,0.0,0.0,0.0,0.0,0.0,0.0,0.0,0.0,0.0,0.0,0.0,0.0,0.0,0.0,0.0,0.0,0.0,0.0,0.0,0.0,0.0,0.0,0.0,0.0,0.0,0.0,0.0,0.0,0.0,0.0,0.0,0.0,0.0,0.0,0.0,0.0,0.0,0.0,0.0,0.0,0.0,0.0,0.0,0.0,0.0,0.0,0.0,0.0,0.0,0.0,0.0,0.0,0.0,0.0,0.0,0.0,0.0,0.0,0.0,0.0,0.0,0.0,0.0,0.0,0.0,0.0,0.0,0.0,0.0,0.0,0.0,0.0,0.0,0.0,0.0,0.0,0.0,0.0,0.0,0.0,0.0,0.0,0.0,0.0,0.0,0.0,0.0,0.0,0.0,0.0,0.0,0.0,0.0,0.0,0.0,0.0,0.0,0.0,0.0,0.0,0.0,0.0,0.0,0.0,0.0,0.0,0.0,0.0,0.0,0.0,0.0,0.0,0.0,0.0,0.0,0.0,0.0,0.0,0.0,0.0,0.0,0.0,0.0,0.0,0.0,0.0,0.0,0.0,0.0,0.0,0.0,0.0,0.0,0.0,0.0,0.0,0.0,0.0,0.0,0.0,0.0,0.0,0.0,0.0,0.0,0.0,0.0,0.0,0.0,0.0,0.0,0.0,0.0,0.0,0.0,0.0,0.0,0.0,0.0,0.0,0.0,0.0,0.0,0.0,0.0,0.0,0.0,0.0,0.0,0.0,0.0,0.0,0.0,0.0,0.0,0.0,0.0,0.0,0.0,0.0,0.0,0.0,0.0,0.0,0.0,0.0,0.0,0.0,0.0,0.0,0.0,0.0,0.0,0.0,0.0,0.0,0.0,0.0,0.0,0.0,0.0,0.0,0.0,0.0,0.0,0.0,0.0,0.0,0.0,0.0,0.0,0.0,0.0,0.0,0.0,0.0,0.0,0.0,0.0,0.0,0.0,0.0,0.0,0.0,0.0,0.0,0.0,0.0,0.0,0.0,0.0,0.0,0.0,0.0,0.0,0.0,0.0,0.0,0.0,0.0,0.0,0.0,0.0,0.0,0.0,0.0,0.0,0.0,0.0,0.0,0.0,0.0,0.0,0.0,0.0,0.0,0.0,0.0,0.0,0.0,0.0,0.0,0.0,0.0,0.0,0.0,0.0,0.0,0.0,0.0,0.0,0.0,0.0,0.0,0.0,0.0,0.0,0.0,0.0,0.0,0.0,0.0,0.0,0.0,0.0,0.0,0.0,0.0,0.0,0.0,0.0,0.0,0.0,0.0,0.0,0.0,0.0,0.0,0.0,0.0,0.0,0.0,0.0,0.0,0.0,0.0,0.0,0.0,0.0,0.0,0.0,0.0,0.0,0.0,0.0,0.0,0.0,0.0,0.0,0.0,0.0,0.0,0.0,0.0,0.0,0.0,0.0,0.0,0.0,0.0,0.0,0.0,0.0,0.0,0.0,0.0,0.0,0.0,0.0,0.0,0.0,0.0,0.0,0.0,0.0,0.0,0.0,0.0,0.0,0.0,0.0,0.0,0.0,0.0,0.0,0.0,0.0,0.0,0.0,0.0,0.0,0.0,0.0,0.0,0.0,0.0,0.0,0.0,0.0,0.0,0.0,0.0,0.0,0.0,0.0,0.0,0.0,0.0,0.0,0.0,0.0,0.0,0.0,0.0,0.0,0.0,0.0,0.0,0.0,0.0,0.0,0.0,0.0,0.0,0.0,0.0,0.0,0.0,0.0,0.0,0.0,0.0,0.0,0.0,0.0,0.0,0.0,0.0,0.0,0.0,0.0,0.0,0.0,0.0,0.0,0.0,0.0,0.0,0.0,0.0,0.0,0.0,0.0,0.0,0.0,0.0,0.0,0.0,0.0,0.0,0.0,0.0,0.0,0.0,0.0,0.0,0.0,0.0,0.0,0.0,0.0,0.0,0.0,0.0,0.0,0.0,0.0,0.0,0.0,0.0,0.0,0.0,0.0,0.0,0.0,0.0,0.0,0.0,0.0,0.0,0.0,0.0,0.0,0.0,0.0,0.0,0.0,0.0,0.0,0.0,0.036877762305367746,2.456586722341738e-5,2.2761942578805227e-13,-4.968502494808021e-6,-4.147038077230665e-9,1.3770360330780095e-8,0.00804899178569375,-0.0017413985828461176,-4.971609572766836e-5,0.0012590934072875173,9.260742266113387e-8,2.040566409222084e-12,5.4253113741596745e-5,-1.4478910316836307e-11,8.122295181221068e-13,0.008825247809414696,1.340324828614761e-13,-5.6852133253256146e-9,2.6393175175433102e-5,9.107582432830461e-6,-1.565169200417152e-13,-1.0165942135426924e-9,-1.093258062173726e-6,-0.001590428126718089,-2.0324076486547186e-13,1.637428159393496e-12,-0.006709289941415901,4.572549035185738e-11,1.2445411846807714e-5,5.336126713534247e-9,7.134519648121831e-9,5.0756605148658814e-8,-4.757210351375649e-6,-0.000767502319958008,-1.7131341726860096e-5,-3.209979970656978e-10,-2.6738157697905845e-9,5.746696236832761e-5,0.00012873605625656818,0.0008356882588543463,-1.0699481701705533e-13,1.1253827692841257e-11,0.0013721196284116606,-0.004883550954181965,1.6129942877980928e-6,-0.0005114088075955098,0.00018508366460895284,1.1248222717667035e-6,-5.165081887811302e-8,-7.083131591671074e-6,1.6839830463015486e-6,-1.0840150244138728e-11,5.783572636737006e-8,0.0004885861524441074,-2.1652473095144814e-14,-2.57869285931397e-8,-1.609358894003549e-8,3.9287048771565597e-10,-1.555383066078591e-10,-0.0020457593417221344,0.0021854803182005224,4.788330020146604e-14,-1.0096590359269109e-13,1.1142381234500791e-15,1.9614822868029107e-7,0.00026244271620192626,-0.0003557992721734861,-1.678395584871695e-10,2.127503727566892e-9,-3.619060775033425e-14,1.6053896905978525e-9,2.4933460545873823e-11,0.0001539978459653181,-5.6286303312791385e-14,-4.000952555329966e-6,-1.4934698087243385e-7,-1.4478789227708695e-8,-8.686803768397549e-11,-8.41745408559602e-7,1.656747131740109e-5,5.072134950126667e-7,-1.4235222713354312e-13,-4.897150802664096e-5,-5.0183760833872466e-11,0.0008540380858982692,4.02025136775474e-11,-0.0004465484360501524,0.0013960560435834738,-2.7558018736489696e-11,-7.34456779300525e-8,2.5389007811302094e-10,1.201639670622042e-10,5.8749080402423824e-9,-1.2705673913723687e-8,3.714297041955972e-5,-1.0959366425044275e-12,1.2005641973487087e-12,-2.1769088638131016e-6,-1.2453761029690937e-11,-7.356950431270784e-12,9.858927123878945e-8,1.278352714258823e-10,-7.722993175613411e-6,9.431084392671723e-9,0.011124337563391552,-2.633394504040889e-8,2.9101894489765343e-13,-0.007642741019785475,9.265913134571663e-13,-5.0230926501598066e-14,-1.3296240842658916e-8,-0.004475246308925917,-4.908947570928466e-5,-1.0675169040048661e-12,1.59678893800298e-13,1.842715250060376e-5,-0.007001257348289218,0.00018171573023241394,5.609681227859823e-5,3.278252953492195e-8,1.3294590161473319e-12,7.340452942607668e-9,-7.749538760917968e-12,-0.0018773855897943532,1.2192372201726517e-8,-2.365487071640257e-5,-3.2628582669600945e-7,-1.3845341413997078e-12,3.9397589055176075e-9,-0.0005889968895833875,8.951617424498347e-7,-9.017204976706143e-10,1.7902280511036144e-9,-0.00041066727858111757,-9.263260846608604e-13,-1.8446855309379545e-11,3.190025801896083e-5,3.7810398202649495e-7,-5.208169880850956e-7,-6.117095450545891e-7,-0.019215971468648965,-3.840340222779247e-10,-1.2624649029745213e-6,-1.2736047999787878e-14,-1.7352855100693646e-13,-7.73193741464329e-11,7.955422369580852e-13,-2.451966754794319e-6,-0.003972767133280589,0.004839372422774406,1.739956259670906e-10,1.6774225454991667e-9,1.1257304438765379e-10,1.3249133663087899e-13,-0.0007102904560792528,-1.4284500556641624e-8,-0.0016842619604953634,-1.4921616804564074e-6,7.538343679910848e-6,0.0020555415843629063,3.5051767842403114e-12,0.0001239311597207138,1.1722450329423614e-10,9.215919548475438e-10,-7.022252037930832e-12,-0.00047644515612745687,-3.014203660544125e-12,-4.290749197319638e-8,3.956261062345841e-10,1.819640742447178e-13,-9.911543241669758e-13,-9.835418770594538e-7,2.0181007791866294e-7,0.00033149985748539326,0.0003361346664949151,-0.00022848760130688784,5.057833256583205e-11,0.00536444630059534,8.431063983873742e-10,1.4474045137580124e-11,1.600947714463485e-10,-3.826138721201593e-14,2.9954385736736576e-11,6.1386398117281125e-12,9.701312670204159e-5,7.782981305450544e-10,1.0908438872634605e-10,1.9023166046082814e-9,3.4991050503828033e-12,7.743659846716301e-13,-2.303134941844537e-13,-0.0010145776625109482,1.8583072253757805e-10,-2.1899868258463025e-6,1.5653999143168284e-8,8.048782084665866e-14,-6.680720498483254e-6,7.930321843132001e-5,-4.249804699399804e-9,-0.008149509156036476,5.096868332317558e-9,-7.44981592211432e-12,0.0001526373770359722,3.2624295727304215e-7,1.2560148495136983e-6,-3.436613901070114e-11,-3.215149007228958e-7,4.2865926568088436e-14,0.0013202000607445742,-1.1207770110079622e-6,1.179969422142708e-10,-1.0125517488483086e-5,-1.7603763746511973e-12,-0.0005419279860742282,2.093753635709318e-12,-2.928018522967534e-12,1.8534701598894128e-14,0.0005831620804690152,-1.1428695984326538e-5,2.442049427668075e-7,4.6349867492398403e-7,-5.657461048987653e-14,-8.722402273469914e-5,-0.0031587265485845326,1.5308763358363082e-8,-7.886178900493789e-12,-0.0007216505925855902,6.919204159634167e-7,-1.0761495537393062e-7,-1.3120239226464687e-9,-7.222833495107463e-10,-0.000446378741189425,0.002159389448274827,3.698756725051096e-11,-2.4448991729257282e-9,6.670972149677933e-8,7.980347036732279e-5,1.2636219470740525e-7,3.517078372545896e-11,-3.4267412338097958e-9,8.349803985507702e-6,-2.7878884839840666e-5,-8.852228631031266e-13,4.174060148193097e-12,-1.340403719969117e-10,-7.154952772459224e-11,7.725291602745613e-10,-7.810745841798445e-11,-0.0038340632584853572,0.0006663050758657078,1.427056501948967e-14,1.612659852724978e-9,0.0006069538733499952
0.0,0.0,0.0,0.0,0.0,0.0,0.0,0.0,0.0,0.0,0.0,0.0,0.0,0.0,0.0,0.0,0.0,0.0,0.0,0.0,0.0,0.0,0.0,0.0,0.0,0.0,0.0,0.0,0.0,0.0,0.0,0.0,0.0,0.0,0.0,0.0,0.0,0.0,0.0,0.0,0.0,0.0,0.0,0.0,0.0,0.0,0.0,0.0,0.0,0.0,0.0,0.0,0.0,0.0,0.0,0.0,0.0,0.0,0.0,0.0,0.0,0.0,0.0,0.0,0.0,0.0,0.0,0.0,0.0,0.0,0.0,0.0,0.0,0.0,0.0,0.0,0.0,0.0,0.0,0.0,0.0,0.0,0.0,0.0,0.0,0.0,0.0,0.0,0.0,0.0,0.0,0.0,0.0,0.0,0.0,0.0,0.0,0.0,0.0,0.0,0.0,0.0,0.0,0.0,0.0,0.0,0.0,0.0,0.0,0.0,0.0,0.0,0.0,0.0,0.0,0.0,0.0,0.0,0.0,0.0,0.0,0.0,0.0,0.0,0.0,0.0,0.0,0.0,0.0,0.0,0.0,0.0,0.0,0.0,0.0,0.0,0.0,0.0,0.0,0.0,0.0,0.0,0.0,0.0,0.0,0.0,0.0,0.0,0.0,0.0,0.0,0.0,0.0,0.0,0.0,0.0,0.0,0.0,0.0,0.0,0.0,0.0,0.0,0.0,0.0,0.0,0.0,0.0,0.0,0.0,0.0,0.0,0.0,0.0,0.0,0.0,0.0,0.0,0.0,0.0,0.0,0.0,0.0,0.0,0.0,0.0,0.0,0.0,0.0,0.0,0.0,0.0,0.0,0.0,0.0,0.0,0.0,0.0,0.0,0.0,0.0,0.0,0.0,0.0,0.0,0.0,0.0,0.0,0.0,0.0,0.0,0.0,0.0,0.0,0.0,0.0,0.0,0.0,0.0,0.0,0.0,0.0,0.0,0.0,0.0,0.0,0.0,0.0,0.0,0.0,0.0,0.0,0.0,0.0,0.0,0.0,0.0,0.0,0.0,0.0,0.0,0.0,0.0,0.0,0.0,0.0,0.0,0.0,0.0,0.0,0.0,0.0,0.0,0.0,0.0,0.0,0.0,0.0,0.0,0.0,0.0,0.0,0.0,0.0,0.0,0.0,0.0,0.0,0.0,0.0,0.0,0.0,0.0,0.0,0.0,0.0,0.0,0.0,0.0,0.0,0.0,0.0,0.0,0.0,0.0,0.0,0.0,0.0,0.0,0.0,0.0,0.0,0.0,0.0,0.0,0.0,0.0,0.0,0.0,0.0,0.0,0.0,0.0,0.0,0.0,0.0,0.0,0.0,0.0,0.0,0.0,0.0,0.0,0.0,0.0,0.0,0.0,0.0,0.0,0.0,0.0,0.0,0.0,0.0,0.0,0.0,0.0,0.0,0.0,0.0,0.0,0.0,0.0,0.0,0.0,0.0,0.0,0.0,0.0,0.0,0.0,0.0,0.0,0.0,0.0,0.0,0.0,0.0,0.0,0.0,0.0,0.0,0.0,0.0,0.0,0.0,0.0,0.0,0.0,0.0,0.0,0.0,0.0,0.0,0.0,0.0,0.0,0.0,0.0,0.0,0.0,0.0,0.0,0.0,0.0,0.0,0.0,0.0,0.0,0.0,0.0,0.0,0.0,0.0,0.0,0.0,0.0,0.0,0.0,0.0,0.0,0.0,0.0,0.0,0.0,0.0,0.0,0.0,0.0,0.0,0.0,0.0,0.0,0.0,0.0,0.0,0.0,0.0,0.0,0.0,0.0,0.0,0.0,0.0,0.0,0.0,0.0,0.0,0.0,0.0,0.0,0.0,0.0,0.0,0.0,0.0,0.0,0.0,0.0,0.0,0.0,0.0,0.0,0.0,0.0,0.0,0.0,0.0,0.0,0.0,0.0,0.0,0.0,0.0,0.0,0.0,0.0,0.0,0.0,0.0,0.0,0.0,0.0,0.0,0.0,0.0,0.0,0.0,0.0,0.0,0.0,0.0,0.0,0.0,0.0,0.0,0.0,0.0,0.0,0.0,0.0,0.0,0.0,0.0,0.0,0.0,0.0,0.0,0.0,0.0,0.0,0.0,0.0,0.0,0.0,0.0,0.0,0.0,0.0,0.0,0.0,0.0,0.0,0.0,0.0,0.0,0.0,0.0,0.0,0.0,0.0,0.0,0.0,0.0,0.0,0.0,0.0,0.0,0.0,0.0,0.0,0.0,0.0,0.0,0.0,0.0,0.0,0.0,0.0,0.0,0.0,0.0,0.0,0.0,0.0,0.0,0.0,0.0,0.0,0.0,0.0,0.0,0.0,0.0,0.0,0.0,0.0,0.0,0.0,0.0,0.0,0.0,0.0,0.0,0.0,0.0,0.0,0.040936818169317116,4.879005143444719e-13,-2.7205203320281958e-5,1.5198402023583458e-7,8.634927934273598e-8,-0.0013826455155468416,-0.0002121642371221003,-0.0005715112589688212,-0.0011527528029545622,1.5625938059707565e-6,-2.8848403593795646e-13,1.437676240240013e-6,5.872423331642591e-11,8.067056169364585e-12,0.00011346148603284109,5.391425247152612e-13,5.2070681396499714e-8,4.999731030433953e-5,-4.803304502781528e-5,4.870206539222983e-13,4.270338692451245e-9,-4.583672189268051e-6,-6.45272312626681e-6,3.880957558675736e-13,1.3589686180649357e-11,-5.0253111277086254e-5,2.5711737488358454e-10,0.00010775457316641793,-2.0481012521085805e-8,-1.6157753435652766e-6,-7.443209734800064e-7,0.00011411059246978117,-0.004136617451665295,-0.0003275069572017843,-1.5319534574145334e-10,-2.266015422062691e-8,-0.0009042852416263073,-0.0014239651363405178,-0.0032310096318525976,-5.754774182547917e-13,1.5895401927896511e-10,3.480786128343243e-5,0.00028196314837827124,-2.4148101976101916e-5,-1.3252214897877174e-5,0.006509951825354624,-3.066910265132808e-6,5.501869342807879e-6,2.878086510008436e-5,-1.5334291736388708e-5,-2.2220892601028355e-10,-2.084853897180838e-6,1.5913368772472853e-5,1.9704415191686047e-14,-3.8090189325621672e-6,-5.458606147839016e-7,1.3668815576007025e-8,1.556848884125139e-8,8.247833894999294e-5,2.4863957895506746e-5,6.336579709635616e-13,-7.45212054551365e-12,-2.647513939859401e-13,-1.4210145288846857e-6,0.0009986099089548397,0.013760227617634176,-1.687800139891942e-9,4.652197019007552e-8,-5.887414559775651e-13,-5.341407246908871e-9,2.0195434564334438e-10,0.001494061643569974,-5.48625116396316e-13,-0.0002681661769679427,1.406951170700397e-6,-6.383995052595489e-8,-2.7861482378206575e-10,0.000337185256773855,-0.00034129153546852046,-0.00013809138646460198,7.026415300397582e-13,1.6210085655019697e-5,-5.451281124982971e-10,0.0005520174723019335,5.7173309059184e-10,-0.00107083947412645,1.898236981593737e-5,-5.944875201381904e-11,1.141075201564745e-6,2.094922317471436e-9,1.3307661589602456e-9,-1.1103069632273372e-9,-3.791813336663878e-8,0.005405467975931718,2.6652329649908563e-13,-4.0583182791215903e-11,-5.514685218812521e-7,-5.2202690580344346e-9,2.9947540509771836e-11,-4.230492569804206e-7,5.860033152817301e-10,-3.33356255885264e-5,-7.686044689588489e-8,-0.0005316844023085218,-1.04019694540225e-6,-2.563697062143274e-12,-2.9788501984937413e-5,8.408300768865524e-12,-1.2491293672286606e-13,-2.493250923603709e-7,0.00010240573848868265,-0.0018551871765953513,-8.955088092122369e-12,5.552137209735901e-11,-0.00016397174747624928,0.00039730761863167514,0.0022414108442956582,-0.0004351800114415673,1.1357629057920932e-5,-7.557146227188884e-12,-2.577249246671215e-7,-2.7029263754345803e-11,0.0001352660910228908,2.2663516027690573e-7,0.0006499834193139995,7.62801083961451e-6,-9.2762865860004e-12,-1.970835526406376e-7,-0.010327962137404108,4.601751281508971e-5,1.713238171565941e-9,6.44444440274549e-8,0.001783227260798425,1.864612972781551e-12,-2.866653561522005e-10,-0.00019078823003754137,-1.038338973867517e-5,1.595638821461741e-5,-8.229710503695712e-6,0.0005540929423763092,3.446335757730852e-9,1.0297876559198866e-5,-6.5355635054694355e-15,-6.899041797941381e-12,-3.880093536199254e-8,6.124822690575197e-12,-4.1474334400644785e-5,0.00043744120287556834,-5.731686174798665e-5,-6.032879237419039e-10,-4.070205757576457e-9,9.205637686308223e-10,3.3353378515414735e-13,-0.0031280360070835914,1.311396378802782e-8,1.0000298351015421e-5,3.6075405582957955e-5,0.0002556193375635451,0.0006417977553053138,3.5660924262976575e-11,0.0014043978057905388,3.768165783703776e-9,8.611027544772088e-9,1.734807115410829e-10,7.02864178376678e-5,1.1328278938657715e-11,1.2254100830573605e-7,1.7217717807654845e-9,-1.6261774526333347e-12,-2.4086575203552748e-12,4.151942133524053e-6,-9.340168805872834e-7,6.789057272198299e-5,-6.931513257891359e-6,-5.5722864369337105e-5,-2.9455989070586803e-9,-0.0002961859769134443,-4.225380470671961e-8,-8.26594861837616e-12,1.6829812114993117e-9,1.1562296442470487e-12,5.0845849655511935e-8,6.475253778762789e-11,-1.809158629002585e-5,-2.6478831238162104e-8,1.0645642430502636e-9,-2.1420046643386803e-7,1.513044439747906e-11,8.699744997471304e-12,-1.6433627004159075e-11,3.4076219795702225e-5,2.2906450825675908e-10,-0.00043750696104666894,-5.737895772629695e-7,3.8274840919178954e-13,1.6824112093809844e-5,-0.00014168727031404967,1.0674226532282291e-9,0.0001360267885769698,-8.581153635301696e-9,-1.1105664473488047e-10,0.0004116075832211334,5.63935954357953e-6,-1.4416206168383095e-5,4.663688308633412e-11,6.066366621422934e-6,-1.2291747271626053e-13,-0.00012470664862997998,-4.194084150577547e-6,-1.3093155832308507e-8,-0.0008413068936774545,-1.0995477341965849e-11,-0.0016341118168772609,1.7838464035223343e-11,2.662786850737164e-11,1.0423352214550835e-13,0.012382930575295582,0.00042017895816181145,-4.1525479252861884e-6,-1.0113172693285464e-5,-7.008715818137865e-13,0.00010096634307667003,0.002988702388239835,1.1372955717420503e-7,7.570152162734821e-11,-0.0004931350232885218,-1.3261149802372859e-5,1.6835119622122299e-6,-1.4704015183204019e-9,6.288562287714479e-9,0.0002888765173385171,4.556914749596237e-5,-2.98401956786295e-11,-1.4503580734640775e-8,4.726192859287959e-7,-0.0020068719296889637,2.45682197151788e-6,3.524841060741259e-11,-4.5980583182924964e-6,0.0007645943916401879,0.0009609837844020062,-2.865945455606934e-12,3.244303255450492e-11,-9.464133138433687e-10,-1.7289194026735851e-9,-2.922672780086444e-9,-3.2442610844565753e-9,0.0017029261746470221,0.00015291706405092542,-3.9729042325662847e-13,-1.0540822186604409e-7,1.8697594621254288e-6
0.0,0.0,0.0,0.0,0.0,0.0,0.0,0.0,0.0,0.0,0.0,0.0,0.0,0.0,0.0,0.0,0.0,0.0,0.0,0.0,0.0,0.0,0.0,0.0,0.0,0.0,0.0,0.0,0.0,0.0,0.0,0.0,0.0,0.0,0.0,0.0,0.0,0.0,0.0,0.0,0.0,0.0,0.0,0.0,0.0,0.0,0.0,0.0,0.0,0.0,0.0,0.0,0.0,0.0,0.0,0.0,0.0,0.0,0.0,0.0,0.0,0.0,0.0,0.0,0.0,0.0,0.0,0.0,0.0,0.0,0.0,0.0,0.0,0.0,0.0,0.0,0.0,0.0,0.0,0.0,0.0,0.0,0.0,0.0,0.0,0.0,0.0,0.0,0.0,0.0,0.0,0.0,0.0,0.0,0.0,0.0,0.0,0.0,0.0,0.0,0.0,0.0,0.0,0.0,0.0,0.0,0.0,0.0,0.0,0.0,0.0,0.0,0.0,0.0,0.0,0.0,0.0,0.0,0.0,0.0,0.0,0.0,0.0,0.0,0.0,0.0,0.0,0.0,0.0,0.0,0.0,0.0,0.0,0.0,0.0,0.0,0.0,0.0,0.0,0.0,0.0,0.0,0.0,0.0,0.0,0.0,0.0,0.0,0.0,0.0,0.0,0.0,0.0,0.0,0.0,0.0,0.0,0.0,0.0,0.0,0.0,0.0,0.0,0.0,0.0,0.0,0.0,0.0,0.0,0.0,0.0,0.0,0.0,0.0,0.0,0.0,0.0,0.0,0.0,0.0,0.0,0.0,0.0,0.0,0.0,0.0,0.0,0.0,0.0,0.0,0.0,0.0,0.0,0.0,0.0,0.0,0.0,0.0,0.0,0.0,0.0,0.0,0.0,0.0,0.0,0.0,0.0,0.0,0.0,0.0,0.0,0.0,0.0,0.0,0.0,0.0,0.0,0.0,0.0,0.0,0.0,0.0,0.0,0.0,0.0,0.0,0.0,0.0,0.0,0.0,0.0,0.0,0.0,0.0,0.0,0.0,0.0,0.0,0.0,0.0,0.0,0.0,0.0,0.0,0.0,0.0,0.0,0.0,0.0,0.0,0.0,0.0,0.0,0.0,0.0,0.0,0.0,0.0,0.0,0.0,0.0,0.0,0.0,0.0,0.0,0.0,0.0,0.0,0.0,0.0,0.0,0.0,0.0,0.0,0.0,0.0,0.0,0.0,0.0,0.0,0.0,0.0,0.0,0.0,0.0,0.0,0.0,0.0,0.0,0.0,0.0,0.0,0.0,0.0,0.0,0.0,0.0,0.0,0.0,0.0,0.0,0.0,0.0,0.0,0.0,0.0,0.0,0.0,0.0,0.0,0.0,0.0,0.0,0.0,0.0,0.0,0.0,0.0,0.0,0.0,0.0,0.0,0.0,0.0,0.0,0.0,0.0,0.0,0.0,0.0,0.0,0.0,0.0,0.0,0.0,0.0,0.0,0.0,0.0,0.0,0.0,0.0,0.0,0.0,0.0,0.0,0.0,0.0,0.0,0.0,0.0,0.0,0.0,0.0,0.0,0.0,0.0,0.0,0.0,0.0,0.0,0.0,0.0,0.0,0.0,0.0,0.0,0.0,0.0,0.0,0.0,0.0,0.0,0.0,0.0,0.0,0.0,0.0,0.0,0.0,0.0,0.0,0.0,0.0,0.0,0.0,0.0,0.0,0.0,0.0,0.0,0.0,0.0,0.0,0.0,0.0,0.0,0.0,0.0,0.0,0.0,0.0,0.0,0.0,0.0,0.0,0.0,0.0,0.0,0.0,0.0,0.0,0.0,0.0,0.0,0.0,0.0,0.0,0.0,0.0,0.0,0.0,0.0,0.0,0.0,0.0,0.0,0.0,0.0,0.0,0.0,0.0,0.0,0.0,0.0,0.0,0.0,0.0,0.0,0.0,0.0,0.0,0.0,0.0,0.0,0.0,0.0,0.0,0.0,0.0,0.0,0.0,0.0,0.0,0.0,0.0,0.0,0.0,0.0,0.0,0.0,0.0,0.0,0.0,0.0,0.0,0.0,0.0,0.0,0.0,0.0,0.0,0.0,0.0,0.0,0.0,0.0,0.0,0.0,0.0,0.0,0.0,0.0,0.0,0.0,0.0,0.0,0.0,0.0,0.0,0.0,0.0,0.0,0.0,0.0,0.0,0.0,0.0,0.0,0.0,0.0,0.0,0.0,0.0,0.0,0.0,0.0,0.0,0.0,0.0,0.0,0.0,0.0,0.0,0.0,0.0,0.0,0.0,0.0,0.0,0.0,0.0,0.0,0.0,0.0,0.0,0.0,0.0,0.0,0.0,0.0,0.0,0.0,0.0,0.0,0.0,0.0,0.0,0.0,0.0,0.0,0.0,0.0,0.0,0.0,0.0,0.0,0.0,0.033284187966353324,-3.997262842627018e-11,-4.249446184829407e-7,2.729537369087956e-7,5.525901006203156e-13,1.3205961608672443e-13,7.269870440750395e-12,1.0288223075321657e-12,6.090812592374369e-8,0.0006384346060110093,-4.434247389305019e-15,4.6658807250392386e-5,0.0006823415439150083,-1.0763696986045534e-13,-0.0019961622847831854,-1.2876514238412625e-7,-3.6124840726323866e-11,2.521833336455834e-10,0.001092680551792951,2.2879416062565156e-6,-6.1008715290038084e-9,3.400979757605438e-13,0.005111611104215737,0.00025724660299888556,-1.0522984130443184e-13,0.00012118767276087688,5.5987763627503426e-11,-1.6928843946990665e-6,4.863234735536854e-8,7.384321071399304e-8,-3.772200493509892e-10,-9.621123864461498e-12,-1.2080699787120563e-10,1.4054538066192738e-5,-2.0289926356730554e-6,7.331261279561267e-11,2.250757232437405e-11,3.1150606298445426e-12,-0.0061772241563632655,-8.071450175642727e-5,-1.1468532901174576e-14,-2.1735090627349925e-14,1.574251526319104e-9,-2.553104234418703e-15,1.4454754993198752e-12,-1.2638234652075739e-9,2.980639959175867e-9,5.9107121125056464e-12,1.138264653710842e-10,3.476671687181649e-5,4.005451826456263e-8,6.122343404814063e-15,-0.00013019569800686378,-3.6372298319729417e-9,3.505111806680909e-8,2.246783458101363e-6,5.876849447244182e-6,-1.2520188056744913e-13,-2.026040769194121e-15,0.0003890237146729891,0.0024625529533177423,0.0005841738396478546,-8.169832282164974e-9,3.181354441080163e-12,3.941795217783339e-12,-2.086461461606198e-6,1.7749455530661451e-6,-0.001802025298223064,3.6824781461440193e-6,-6.194709181617228e-5,5.6630279519439435e-12,-0.009202161469172028,5.566664229573302e-11,-6.652350485300025e-8,-2.746873993966672e-8,-0.00015536350002066427,2.8340125954701687e-10,-8.743323650282181e-12,-3.680956287025431e-10,-0.002056727351290678,-4.8929046652744465e-15,2.3699978355278086e-5,-2.680046067383297e-12,9.750487622361179e-6,1.9890440184512293e-12,-1.1851937919688494e-14,5.802529509129895e-5,-3.789516613480947e-9,-2.9063908249949545e-6,-1.3741052374140724e-5,1.7646606662959804e-7,-1.5142415377135147e-7,2.1422417694230293e-13,-0.0013276208633097016,0.0004694271958681422,-6.381468675345364e-10,-7.911469134809923e-7,-7.480220940323089e-5,7.572671177516705e-9,6.887532637141711e-5,1.0868307301430878e-11,3.3154000283278016e-7,4.622272169012849e-13,5.962212051192679e-9,0.0059192952348647975,8.912825726596632e-14,-0.0002984758148150425,-0.007798987015432751,1.2644821326641105e-8,-4.427920917493093e-14,9.682167853371742e-13,3.5821145990558036e-5,-0.00036674067521952184,-4.972082926341091e-11,-1.006809809202942e-13,-7.164658526211913e-13,4.627141547764536e-11,3.8486085525142944e-9,-0.00015880800218274688,3.6367250959673656e-8,0.0001103797569076693,-3.6653347731597773e-14,3.050172645370653e-8,5.292264174027279e-12,6.570834563280921e-10,-0.0005268010682998966,1.9112585454554782e-8,-1.290493241543303e-11,7.677087417562111e-10,-4.861681767682304e-7,-2.6318751301482863e-7,-3.2765867154352573e-12,-0.0007277826706100633,8.26986224713229e-5,1.0915769864283646e-10,-2.968930037590369e-9,-6.018275432454471e-9,-4.889471902476853e-10,-3.810975256571136e-13,-4.640200114894312e-7,-4.536087281397886e-9,0.001349260575386718,0.0009394941031399805,-1.7896566582851309e-6,0.002233948413991165,-2.547636426333468e-10,-5.857117866891307e-13,-2.479531280837574e-14,4.772621854401792e-6,3.412722191633779e-7,2.8590165780008352e-5,0.019382639214807276,1.960744970548825e-13,-6.584193516551853e-8,-1.571252542528445e-14,-2.6364700419392093e-10,1.0928676057604953e-11,5.046480889221905e-13,7.827009839821961e-5,4.702340786419237e-11,7.468695301398535e-6,7.162286294353034e-6,3.9525475663030914e-5,-3.571917352003964e-14,-0.0004195392876335405,-5.214776765304689e-9,-1.8172184331642215e-6,0.0032313272670539974,0.0013481948719571094,-2.0456075130928426e-9,1.2049803229238342e-8,-3.484428340639922e-14,-6.768630779685302e-15,1.8764501537721654e-14,4.535853400524863e-7,1.4417360841267277e-13,2.501088769750411e-7,4.45279407171707e-5,4.187905836184057e-6,-0.004258363725497303,-4.273859862217255e-8,0.0002027995088972347,5.539996137238883e-15,2.5047823573647836e-6,9.88203153284041e-6,2.476516179192085e-8,-0.0001236199113445505,0.0006511046321029971,-4.434965891876476e-5,-2.639977918173312e-14,2.513685010736785e-6,5.042858466919606e-11,6.715073092393782e-8,-0.0014141502952191227,-5.858033537745556e-10,6.248661403630587e-12,3.418031424512475e-7,-5.456186137086232e-14,1.5792491018545895e-6,-1.0538306354408965e-5,3.527928922759066e-11,1.8009970147620521e-9,7.466137270847718e-10,-3.123254589990892e-5,-8.498028703405544e-9,0.001965903041693453,4.872793117913987e-13,2.0323438524097595e-9,7.170173214028454e-7,9.754410597145318e-13,-0.0016379571859189692,-1.7609558592611895e-12,0.00040431672120957475,-0.000515821331861591,0.005130457834351174,3.6115377461949816e-14,-1.4067607702195077e-10,1.0378948553307974e-9,2.1103148310647313e-9,-0.0017061432243093409,-8.951251187711317e-12,-6.9582147497589e-13,1.679635269135525e-7,-3.3028582445554755e-5,-5.998107285644366e-13,7.449894942655318e-9,1.597956937590265e-8,-1.2923565822482075e-6,8.030871474634702e-6,-4.602873637191606e-13,1.7081255226276486e-14,-3.8521276804185604e-5,-3.5357435079023605e-6,7.435467295444026e-10,1.18868744286624e-11,1.87566241507259e-8,9.956816396026032e-5,-6.579873925274393e-10,6.03961610992138e-11,-1.1400862221527066e-10,-0.006043787113211842,-3.808353834435201e-5,-8.399242001403268e-7,-1.123365102371622e-6,-3.6504493379612975e-7,6.3778746638836684e-6,-1.473128899245248e-12,-2.2105658391396287e-13,-0.0017430734665615333,-2.5774563265129284e-8,1.1300578728813006e-16
0.0,0.0,0.0,0.0,0.0,0.0,0.0,0.0,0.0,0.0,0.0,0.0,0.0,0.0,0.0,0.0,0.0,0.0,0.0,0.0,0.0,0.0,0.0,0.0,0.0,0.0,0.0,0.0,0.0,0.0,0.0,0.0,0.0,0.0,0.0,0.0,0.0,0.0,0.0,0.0,0.0,0.0,0.0,0.0,0.0,0.0,0.0,0.0,0.0,0.0,0.0,0.0,0.0,0.0,0.0,0.0,0.0,0.0,0.0,0.0,0.0,0.0,0.0,0.0,0.0,0.0,0.0,0.0,0.0,0.0,0.0,0.0,0.0,0.0,0.0,0.0,0.0,0.0,0.0,0.0,0.0,0.0,0.0,0.0,0.0,0.0,0.0,0.0,0.0,0.0,0.0,0.0,0.0,0.0,0.0,0.0,0.0,0.0,0.0,0.0,0.0,0.0,0.0,0.0,0.0,0.0,0.0,0.0,0.0,0.0,0.0,0.0,0.0,0.0,0.0,0.0,0.0,0.0,0.0,0.0,0.0,0.0,0.0,0.0,0.0,0.0,0.0,0.0,0.0,0.0,0.0,0.0,0.0,0.0,0.0,0.0,0.0,0.0,0.0,0.0,0.0,0.0,0.0,0.0,0.0,0.0,0.0,0.0,0.0,0.0,0.0,0.0,0.0,0.0,0.0,0.0,0.0,0.0,0.0,0.0,0.0,0.0,0.0,0.0,0.0,0.0,0.0,0.0,0.0,0.0,0.0,0.0,0.0,0.0,0.0,0.0,0.0,0.0,0.0,0.0,0.0,0.0,0.0,0.0,0.0,0.0,0.0,0.0,0.0,0.0,0.0,0.0,0.0,0.0,0.0,0.0,0.0,0.0,0.0,0.0,0.0,0.0,0.0,0.0,0.0,0.0,0.0,0.0,0.0,0.0,0.0,0.0,0.0,0.0,0.0,0.0,0.0,0.0,0.0,0.0,0.0,0.0,0.0,0.0,0.0,0.0,0.0,0.0,0.0,0.0,0.0,0.0,0.0,0.0,0.0,0.0,0.0,0.0,0.0,0.0,0.0,0.0,0.0,0.0,0.0,0.0,0.0,0.0,0.0,0.0,0.0,0.0,0.0,0.0,0.0,0.0,0.0,0.0,0.0,0.0,0.0,0.0,0.0,0.0,0.0,0.0,0.0,0.0,0.0,0.0,0.0,0.0,0.0,0.0,0.0,0.0,0.0,0.0,0.0,0.0,0.0,0.0,0.0,0.0,0.0,0.0,0.0,0.0,0.0,0.0,0.0,0.0,0.0,0.0,0.0,0.0,0.0,0.0,0.0,0.0,0.0,0.0,0.0,0.0,0.0,0.0,0.0,0.0,0.0,0.0,0.0,0.0,0.0,0.0,0.0,0.0,0.0,0.0,0.0,0.0,0.0,0.0,0.0,0.0,0.0,0.0,0.0,0.0,0.0,0.0,0.0,0.0,0.0,0.0,0.0,0.0,0.0,0.0,0.0,0.0,0.0,0.0,0.0,0.0,0.0,0.0,0.0,0.0,0.0,0.0,0.0,0.0,0.0,0.0,0.0,0.0,0.0,0.0,0.0,0.0,0.0,0.0,0.0,0.0,0.0,0.0,0.0,0.0,0.0,0.0,0.0,0.0,0.0,0.0,0.0,0.0,0.0,0.0,0.0,0.0,0.0,0.0,0.0,0.0,0.0,0.0,0.0,0.0,0.0,0.0,0.0,0.0,0.0,0.0,0.0,0.0,0.0,0.0,0.0,0.0,0.0,0.0,0.0,0.0,0.0,0.0,0.0,0.0,0.0,0.0,0.0,0.0,0.0,0.0,0.0,0.0,0.0,0.0,0.0,0.0,0.0,0.0,0.0,0.0,0.0,0.0,0.0,0.0,0.0,0.0,0.0,0.0,0.0,0.0,0.0,0.0,0.0,0.0,0.0,0.0,0.0,0.0,0.0,0.0,0.0,0.0,0.0,0.0,0.0,0.0,0.0,0.0,0.0,0.0,0.0,0.0,0.0,0.0,0.0,0.0,0.0,0.0,0.0,0.0,0.0,0.0,0.0,0.0,0.0,0.0,0.0,0.0,0.0,0.0,0.0,0.0,0.0,0.0,0.0,0.0,0.0,0.0,0.0,0.0,0.0,0.0,0.0,0.0,0.0,0.0,0.0,0.0,0.0,0.0,0.0,0.0,0.0,0.0,0.0,0.0,0.0,0.0,0.0,0.0,0.0,0.0,0.0,0.0,0.0,0.0,0.0,0.0,0.0,0.0,0.0,0.0,0.0,0.0,0.0,0.0,0.0,0.0,0.0,0.0,0.0,0.0,0.0,0.0,0.0,0.0,0.0,0.0,0.0,0.0,0.0,0.0,0.0,0.0,0.0,0.0,0.0,0.0,0.0,0.0,0.0,0.0,0.0,0.0,0.0,0.02794367608124055,1.9691626716228313e-6,3.9261811529468316e-7,-9.287379204948817e-7,-2.2383932773672168e-5,0.0010288848328883402,-0.00019453066082223975,-6.88484067189096e-6,-1.6264278865165576e-10,-4.6465580929090685e-6,4.566931781932381e-9,-4.3252060073423954e-10,-3.0981037036481304e-5,-1.7655417014799412e-11,5.189892167394167e-6,0.009124013343037854,-0.00013678610748009816,1.479719077786678e-11,5.0938624472302735e-8,0.00015322595823743338,-7.042145397841989e-5,3.0348361004505988e-12,5.461961863185006e-11,0.00017881105719101396,3.304084812693121e-10,-0.0007191740676796039,-3.70783281399611e-7,7.42475052090145e-6,-1.0113972724559837e-5,0.001172870298453328,0.0016944303788488143,0.0010822784139498153,5.444115108770815e-9,7.550839718714701e-8,-0.006770663205895016,-2.6425112541170192e-5,-0.001195966383356465,-8.973594163179793e-12,6.635402224875685e-11,7.283729983447603e-6,-1.2936944840478966e-5,-0.000197622933045646,7.111598881819215e-6,0.003001698300219485,-2.5337856836055752e-5,4.687274027960998e-5,-2.4475133628242215e-5,-0.0005418067008908497,-7.488487179941962e-11,6.026568354994506e-6,1.003774346338773e-5,5.519747906128792e-13,-2.0757008495913864e-7,8.877182965336194e-6,-3.539834324033784e-7,7.267367281649861e-8,1.2374071294728427e-5,-5.86973510550763e-6,8.06539302774678e-12,-7.165104780776721e-11,3.696713510156111e-12,5.113318030210907e-6,-0.003160662020037835,-0.002619758807823948,-2.1723793684248097e-8,-7.469721697990379e-7,2.305791924254689e-12,-2.7668187738965827e-8,4.62153219198787e-9,-0.0041569814193118245,-1.1602512750336553e-11,-0.00040756910543977826,-8.827447755360437e-7,-5.314638042975347e-6,4.4661751748345924e-10,-0.004874633938052776,-0.0017015665068609211,0.000870085960780279,1.9781568997534145e-11,9.938210712513666e-6,3.769596975828326e-9,0.00027626358244448317,-1.440090451950157e-8,-0.00180372791862868,4.492888517093272e-6,-5.146771839217652e-9,-7.586441223606667e-6,3.287649684244065e-8,1.1859544337484333e-8,7.290609378038318e-8,7.497063051934163e-7,-0.000202756153503294,2.8997003960422303e-10,-8.50350831513808e-10,-0.0003343203659964386,-3.580419577474889e-8,-2.775005191223894e-10,-1.5206816442137182e-5,-3.932541471417769e-9,-0.0019188340063597514,1.4846242726213024e-7,-9.140093030886465e-5,7.09454989818427e-6,-5.789977481137148e-11,-2.1344568580326197e-6,-5.783527453249578e-10,-5.607065341273403e-12,3.906831817148833e-6,1.9897895491559285e-5,0.0001939251643963702,2.5873154599763767e-10,1.1918202671213479e-9,0.003065730774368923,6.140851492934662e-5,-9.042744997656176e-6,-0.0038590131084499696,-4.5677659030841804e-5,-5.0487139289431874e-11,-3.795898342738244e-6,-6.84838089335077e-10,3.668860631440087e-5,-4.082519196102868e-6,-0.002744345450284215,-2.078446998465984e-5,9.0341027626687e-11,9.778113964043661e-7,4.818512503677908e-5,8.198692957169474e-5,-1.709940559584217e-8,4.974209789862292e-7,0.006656946876633363,2.4146540999091603e-10,2.858445065336882e-10,0.0028121038704057287,1.6908627522682615e-5,1.9422596289331532e-5,0.00038955244328332236,9.503676740719388e-5,-6.329932379681641e-8,5.954224121520383e-6,-6.378653759387388e-13,-4.386643314069603e-10,4.698864797275359e-7,-1.0218122700651457e-10,0.0001874751882596042,3.6540741872395424e-5,1.5973720522875333e-5,-1.619256890264592e-9,-3.8393415557561127e-8,-7.260657051171491e-9,9.731487619550526e-12,-0.000850092863939569,2.100909913157196e-6,1.243007772667608e-5,0.00045424717066972663,-0.012427130473441076,-0.0006901675646179246,1.792917439229353e-9,0.002809786915409209,-5.442958825843871e-8,-1.2452723966744982e-7,-2.786751155176371e-9,2.750772839965814e-6,5.951744158365838e-10,3.497071708522807e-5,1.4869567598637191e-8,-9.099157391220829e-11,1.1464263323391796e-10,-8.190334452028047e-5,-9.994509748908536e-5,2.5131162398415876e-5,3.7404890934638444e-7,-1.4191864797642487e-5,5.412398894940012e-8,-3.680990324163936e-6,3.556556774424883e-7,-2.6230946088058254e-9,-2.0182098243744947e-8,2.991117241679669e-11,5.759886535538219e-6,-8.9298962696524e-10,-1.7931370761953178e-6,6.897887366041248e-8,-2.9832495768623234e-9,5.113254303869053e-6,-1.5564799450863066e-10,3.496953954684784e-11,-1.8213379998140474e-10,7.643222833277405e-6,-3.047148558557375e-8,-0.0006214687564261346,-1.119319049729106e-6,9.969135705180681e-12,0.00034621067171343906,-0.005973194298404345,9.333793577585452e-7,5.161469538112477e-5,-9.727758756207598e-8,-3.374060616391811e-10,-0.0006392260311867001,-2.0111429886130783e-5,0.00020903052362787188,5.105890651834165e-9,-6.003081923335232e-6,-7.967763966984803e-12,0.00014223765109024094,-0.00014603241592258504,7.371539540117489e-8,-0.0032859099128953366,3.021485352135739e-10,0.0010680073760918746,2.680841808687647e-10,4.198102049098011e-9,4.312939434097941e-13,0.0016349187661390664,-0.004351748936149967,4.377906196012462e-5,-1.6789877949756045e-5,-5.4886194839407196e-12,-0.003137172968329511,-0.00026227559074202915,-1.2842794271048902e-6,1.883592983860271e-9,0.00018254191295632156,-4.308726181465277e-5,6.081126288084965e-6,3.3865275818424744e-8,2.778131951683653e-8,-5.5352575421040224e-5,4.926841812292719e-6,-5.571894786710205e-9,1.8102094467880987e-7,-5.791160822220738e-6,-0.0037566409536621635,-8.97879408232542e-6,-8.005814503978306e-10,1.9129475230857856e-5,-0.004495095622599871,0.0010012548013512543,3.5759674884879265e-11,3.3300958226290374e-10,1.2416929097718377e-7,3.3831700203737873e-9,-2.5894811159642428e-8,4.414238962365405e-8,0.00011011261509978968,4.854841746336352e-5,1.5916420699274938e-11,3.853395460358339e-6,3.1908959364968584e-6
0.0,0.0,0.0,0.0,0.0,0.0,0.0,0.0,0.0,0.0,0.0,0.0,0.0,0.0,0.0,0.0,0.0,0.0,0.0,0.0,0.0,0.0,0.0,0.0,0.0,0.0,0.0,0.0,0.0,0.0,0.0,0.0,0.0,0.0,0.0,0.0,0.0,0.0,0.0,0.0,0.0,0.0,0.0,0.0,0.0,0.0,0.0,0.0,0.0,0.0,0.0,0.0,0.0,0.0,0.0,0.0,0.0,0.0,0.0,0.0,0.0,0.0,0.0,0.0,0.0,0.0,0.0,0.0,0.0,0.0,0.0,0.0,0.0,0.0,0.0,0.0,0.0,0.0,0.0,0.0,0.0,0.0,0.0,0.0,0.0,0.0,0.0,0.0,0.0,0.0,0.0,0.0,0.0,0.0,0.0,0.0,0.0,0.0,0.0,0.0,0.0,0.0,0.0,0.0,0.0,0.0,0.0,0.0,0.0,0.0,0.0,0.0,0.0,0.0,0.0,0.0,0.0,0.0,0.0,0.0,0.0,0.0,0.0,0.0,0.0,0.0,0.0,0.0,0.0,0.0,0.0,0.0,0.0,0.0,0.0,0.0,0.0,0.0,0.0,0.0,0.0,0.0,0.0,0.0,0.0,0.0,0.0,0.0,0.0,0.0,0.0,0.0,0.0,0.0,0.0,0.0,0.0,0.0,0.0,0.0,0.0,0.0,0.0,0.0,0.0,0.0,0.0,0.0,0.0,0.0,0.0,0.0,0.0,0.0,0.0,0.0,0.0,0.0,0.0,0.0,0.0,0.0,0.0,0.0,0.0,0.0,0.0,0.0,0.0,0.0,0.0,0.0,0.0,0.0,0.0,0.0,0.0,0.0,0.0,0.0,0.0,0.0,0.0,0.0,0.0,0.0,0.0,0.0,0.0,0.0,0.0,0.0,0.0,0.0,0.0,0.0,0.0,0.0,0.0,0.0,0.0,0.0,0.0,0.0,0.0,0.0,0.0,0.0,0.0,0.0,0.0,0.0,0.0,0.0,0.0,0.0,0.0,0.0,0.0,0.0,0.0,0.0,0.0,0.0,0.0,0.0,0.0,0.0,0.0,0.0,0.0,0.0,0.0,0.0,0.0,0.0,0.0,0.0,0.0,0.0,0.0,0.0,0.0,0.0,0.0,0.0,0.0,0.0,0.0,0.0,0.0,0.0,0.0,0.0,0.0,0.0,0.0,0.0,0.0,0.0,0.0,0.0,0.0,0.0,0.0,0.0,0.0,0.0,0.0,0.0,0.0,0.0,0.0,0.0,0.0,0.0,0.0,0.0,0.0,0.0,0.0,0.0,0.0,0.0,0.0,0.0,0.0,0.0,0.0,0.0,0.0,0.0,0.0,0.0,0.0,0.0,0.0,0.0,0.0,0.0,0.0,0.0,0.0,0.0,0.0,0.0,0.0,0.0,0.0,0.0,0.0,0.0,0.0,0.0,0.0,0.0,0.0,0.0,0.0,0.0,0.0,0.0,0.0,0.0,0.0,0.0,0.0,0.0,0.0,0.0,0.0,0.0,0.0,0.0,0.0,0.0,0.0,0.0,0.0,0.0,0.0,0.0,0.0,0.0,0.0,0.0,0.0,0.0,0.0,0.0,0.0,0.0,0.0,0.0,0.0,0.0,0.0,0.0,0.0,0.0,0.0,0.0,0.0,0.0,0.0,0.0,0.0,0.0,0.0,0.0,0.0,0.0,0.0,0.0,0.0,0.0,0.0,0.0,0.0,0.0,0.0,0.0,0.0,0.0,0.0,0.0,0.0,0.0,0.0,0.0,0.0,0.0,0.0,0.0,0.0,0.0,0.0,0.0,0.0,0.0,0.0,0.0,0.0,0.0,0.0,0.0,0.0,0.0,0.0,0.0,0.0,0.0,0.0,0.0,0.0,0.0,0.0,0.0,0.0,0.0,0.0,0.0,0.0,0.0,0.0,0.0,0.0,0.0,0.0,0.0,0.0,0.0,0.0,0.0,0.0,0.0,0.0,0.0,0.0,0.0,0.0,0.0,0.0,0.0,0.0,0.0,0.0,0.0,0.0,0.0,0.0,0.0,0.0,0.0,0.0,0.0,0.0,0.0,0.0,0.0,0.0,0.0,0.0,0.0,0.0,0.0,0.0,0.0,0.0,0.0,0.0,0.0,0.0,0.0,0.0,0.0,0.0,0.0,0.0,0.0,0.0,0.0,0.0,0.0,0.0,0.0,0.0,0.0,0.0,0.0,0.0,0.0,0.0,0.0,0.0,0.0,0.0,0.0,0.0,0.0,0.0,0.0,0.0,0.0,0.0,0.0,0.0,0.0,0.0,0.0,0.0,0.0,0.0,0.0,0.0,0.0,0.0,0.0,0.0,0.0,0.0,0.0,0.0,0.0,0.0,0.0,0.0,0.0,0.0,0.0,0.04662920288994235,-0.002970133629110814,-1.3973825824474045e-8,-6.3240401213718e-9,-6.730778696357252e-6,-2.5179514231639604e-8,-0.0006683152659083182,-2.0208544867785616e-6,4.323620853977413e-10,3.833814204815048e-5,-2.3808209940946393e-6,5.165937891169141e-9,-2.2349570831582752e-7,0.012508852956612696,2.895712303281013e-6,2.122738088282066e-6,-5.89399584872913e-8,0.0008111674464365812,-1.8145684636797792e-5,-1.2821697956551688e-8,3.699405046189478e-7,8.801357391454275e-6,-7.788336090416364e-9,5.7301169378785146e-5,-1.3788871238907537e-5,-0.007726210918043977,-0.00023583342213205695,-0.0018971156640975296,6.933485037186677e-6,1.09818189803488e-7,-1.036709955766021e-5,0.0002751974611479987,-0.0025380905405168854,-2.4933781831042197e-6,-1.0874057638993934e-6,9.055079535544753e-8,5.7409145593235543e-8,1.6604797414289492e-5,1.3262194041585295e-11,-1.7401646660377826e-10,-1.8638434489368776e-5,2.809975587137065e-11,1.564059359071207e-8,4.351436335139527e-5,0.0005381483896470743,-1.5058387714847154e-6,-1.3262539621903188e-5,-3.407838122604447e-5,-0.00041179353331307483,-3.1758243297710023e-10,-7.682102991120019e-8,-0.00014934135592961138,-0.003010073816715879,0.0031093418430597087,0.002051355543359244,8.097052622347998e-9,-5.430994211111548e-11,1.4279783964906084e-7,-2.2350916599950925e-6,-6.965878155157834e-8,0.00013127026602744653,4.613815082303964e-8,-1.7306528712469074e-7,-0.0010277136157486738,-0.0018657473194127665,-9.733932984995913e-8,-0.002846087013751691,6.130588556705797e-5,-2.2609314131723083e-7,-1.7484886559430883e-7,-2.0176163419012678e-5,0.0023733568895503293,-0.0010474602300800302,4.814116517908193e-5,2.0908364960805772e-5,6.06013636422056e-7,-1.6793849627474227e-5,6.73957063034976e-7,1.2819999912255825e-10,-0.00010792818871828046,1.6210543295188225e-8,-0.00012192671006051897,-2.6282387127252414e-8,-8.50558907993258e-11,-1.62095065243494e-5,0.0002430402502538368,-0.00014125308620144627,-0.000226450016162754,-0.0011142262335713127,0.0006531603119840905,-8.754581265007881e-9,3.3645006987850622e-6,-2.2096159370913317e-5,-8.25473362360969e-5,-0.0009093286855655251,-5.036132725341633e-6,-0.0001128004213412998,4.282549406603242e-5,-2.2087640074944664e-6,-0.0030260631989689896,-3.0598339560016914e-9,4.186606333626143e-5,-4.89457628812352e-7,-3.391500438704258e-11,-1.671152329999428e-5,1.225275318396463e-7,-0.0025694466884373735,4.4016439651236067e-10,-2.623645070397895e-8,8.624565100648364e-6,-1.020823309505582e-5,4.647363510080062e-6,1.6364953453532092e-9,4.19946555532852e-8,-2.2434848375701257e-6,3.4175699120513946e-5,2.868374771627262e-6,-0.001492724016756946,-1.439170573756819e-5,-1.050699773060213e-9,0.003320671060790467,5.260602580507981e-6,-5.538988968871087e-5,-5.0205194385803176e-6,-0.0013458444893789802,1.9205514267556433e-7,-9.556511399760514e-6,-0.0009318871986191198,0.012320484169039456,-3.766039882974302e-8,1.7752715711778376e-7,-1.5344314254931628e-5,-9.377452390204292e-7,8.09626769535623e-5,0.00035807686953688366,8.985569124774539e-7,3.003344711143204e-9,6.141533044168597e-5,2.0132402387839598e-5,-1.4531649328508899e-8,1.4434903449395818e-6,2.2137702931299416e-6,1.2137927271948687e-6,5.694028248327132e-6,5.588339282458246e-10,2.067401023149685e-9,-0.00027983470709449934,0.014325672884157887,3.293985687714508e-5,2.271835135483491e-8,-2.876326468960424e-9,0.0011277974156704829,-1.4167420575557914e-9,3.3470672242917394e-7,1.5971494064903332e-6,3.613041213229439e-9,2.4030016548217165e-5,-4.157865720443704e-8,4.814691021594695e-5,0.0018228899806411963,-4.720802327973464e-5,-9.88609214486076e-10,3.9798474927078285e-6,0.0007976110303358729,0.0005266907005197454,-1.276095916312508e-6,1.6545012155248568e-6,6.061592959160993e-5,-0.00011895785260330722,2.006611243593607e-10,5.449520779067771e-10,-4.096056025559019e-10,-0.0007339737282538877,-5.745134099672556e-9,-0.002131154743479812,-4.660150417176298e-5,0.00031456674214811636,4.473302207929615e-7,0.005561264395666176,-2.9405097926485282e-6,9.27292928335441e-11,-0.002703262482954496,-0.00020727374205039946,-0.003521081438527467,2.738573009415896e-7,1.8901879839062182e-6,-6.621844663168981e-6,1.0515574805406494e-10,-0.00015605176526918178,-1.5830908086458572e-6,-0.0027678328638933176,2.350556141532294e-7,3.2414235571347116e-5,-3.4193695938839053e-7,0.006421936471994619,2.4901447129105557e-9,0.0038370879547443694,-1.2304135864673517e-5,-1.1452215457053326e-6,5.643201234812361e-5,2.357782164650119e-5,0.00012489961382813596,-1.1041276276961483e-5,-2.1525270168360707e-7,-4.6755695420768954e-8,-0.00012476995823101168,0.00038937155050523846,-4.98816399508336e-8,1.6538878298253522e-6,-6.506937203075178e-8,5.779218199209773e-6,3.707787767206659e-5,1.5531558509997933e-8,-2.0497851751227663e-7,1.3603318631137278e-5,1.2731564564752031e-5,-0.00010011598283264932,-2.5163725775787786e-7,9.647278627113931e-8,-1.7907629450543635e-8,0.002221372985531703,0.00011368925172194666,1.0508353115910381e-8,-9.46041597370282e-6,-0.0002564436521768761,0.0004906111895944648,0.0004039289341329836,2.269414826363781e-8,-4.41013169793627e-10,-5.2982754705947214e-5,-0.0006295863684289254,-5.579552576938211e-5,-2.702746739802774e-7,0.0018539482021720935,-1.4010041800130095e-5,-0.00036210755899831034,1.1464625927686047e-6,1.4595872805779454e-6,4.614422647449414e-7,-5.7272890289678205e-6,0.00043162485795508076,-0.0002772760044205312,-0.0014111176715562626,0.0005060139841298166,1.518259488092312e-8,2.6154740048895694e-10,-1.1851742178366916e-7,0.00023954884459840344,1.3773582127065242e-12
0.0,0.0,0.0,0.0,0.0,0.0,0.0,0.0,0.0,0.0,0.0,0.0,0.0,0.0,0.0,0.0,0.0,0.0,0.0,0.0,0.0,0.0,0.0,0.0,0.0,0.0,0.0,0.0,0.0,0.0,0.0,0.0,0.0,0.0,0.0,0.0,0.0,0.0,0.0,0.0,0.0,0.0,0.0,0.0,0.0,0.0,0.0,0.0,0.0,0.0,0.0,0.0,0.0,0.0,0.0,0.0,0.0,0.0,0.0,0.0,0.0,0.0,0.0,0.0,0.0,0.0,0.0,0.0,0.0,0.0,0.0,0.0,0.0,0.0,0.0,0.0,0.0,0.0,0.0,0.0,0.0,0.0,0.0,0.0,0.0,0.0,0.0,0.0,0.0,0.0,0.0,0.0,0.0,0.0,0.0,0.0,0.0,0.0,0.0,0.0,0.0,0.0,0.0,0.0,0.0,0.0,0.0,0.0,0.0,0.0,0.0,0.0,0.0,0.0,0.0,0.0,0.0,0.0,0.0,0.0,0.0,0.0,0.0,0.0,0.0,0.0,0.0,0.0,0.0,0.0,0.0,0.0,0.0,0.0,0.0,0.0,0.0,0.0,0.0,0.0,0.0,0.0,0.0,0.0,0.0,0.0,0.0,0.0,0.0,0.0,0.0,0.0,0.0,0.0,0.0,0.0,0.0,0.0,0.0,0.0,0.0,0.0,0.0,0.0,0.0,0.0,0.0,0.0,0.0,0.0,0.0,0.0,0.0,0.0,0.0,0.0,0.0,0.0,0.0,0.0,0.0,0.0,0.0,0.0,0.0,0.0,0.0,0.0,0.0,0.0,0.0,0.0,0.0,0.0,0.0,0.0,0.0,0.0,0.0,0.0,0.0,0.0,0.0,0.0,0.0,0.0,0.0,0.0,0.0,0.0,0.0,0.0,0.0,0.0,0.0,0.0,0.0,0.0,0.0,0.0,0.0,0.0,0.0,0.0,0.0,0.0,0.0,0.0,0.0,0.0,0.0,0.0,0.0,0.0,0.0,0.0,0.0,0.0,0.0,0.0,0.0,0.0,0.0,0.0,0.0,0.0,0.0,0.0,0.0,0.0,0.0,0.0,0.0,0.0,0.0,0.0,0.0,0.0,0.0,0.0,0.0,0.0,0.0,0.0,0.0,0.0,0.0,0.0,0.0,0.0,0.0,0.0,0.0,0.0,0.0,0.0,0.0,0.0,0.0,0.0,0.0,0.0,0.0,0.0,0.0,0.0,0.0,0.0,0.0,0.0,0.0,0.0,0.0,0.0,0.0,0.0,0.0,0.0,0.0,0.0,0.0,0.0,0.0,0.0,0.0,0.0,0.0,0.0,0.0,0.0,0.0,0.0,0.0,0.0,0.0,0.0,0.0,0.0,0.0,0.0,0.0,0.0,0.0,0.0,0.0,0.0,0.0,0.0,0.0,0.0,0.0,0.0,0.0,0.0,0.0,0.0,0.0,0.0,0.0,0.0,0.0,0.0,0.0,0.0,0.0,0.0,0.0,0.0,0.0,0.0,0.0,0.0,0.0,0.0,0.0,0.0,0.0,0.0,0.0,0.0,0.0,0.0,0.0,0.0,0.0,0.0,0.0,0.0,0.0,0.0,0.0,0.0,0.0,0.0,0.0,0.0,0.0,0.0,0.0,0.0,0.0,0.0,0.0,0.0,0.0,0.0,0.0,0.0,0.0,0.0,0.0,0.0,0.0,0.0,0.0,0.0,0.0,0.0,0.0,0.0,0.0,0.0,0.0,0.0,0.0,0.0,0.0,0.0,0.0,0.0,0.0,0.0,0.0,0.0,0.0,0.0,0.0,0.0,0.0,0.0,0.0,0.0,0.0,0.0,0.0,0.0,0.0,0.0,0.0,0.0,0.0,0.0,0.0,0.0,0.0,0.0,0.0,0.0,0.0,0.0,0.0,0.0,0.0,0.0,0.0,0.0,0.0,0.0,0.0,0.0,0.0,0.0,0.0,0.0,0.0,0.0,0.0,0.0,0.0,0.0,0.0,0.0,0.0,0.0,0.0,0.0,0.0,0.0,0.0,0.0,0.0,0.0,0.0,0.0,0.0,0.0,0.0,0.0,0.0,0.0,0.0,0.0,0.0,0.0,0.0,0.0,0.0,0.0,0.0,0.0,0.0,0.0,0.0,0.0,0.0,0.0,0.0,0.0,0.0,0.0,0.0,0.0,0.0,0.0,0.0,0.0,0.0,0.0,0.0,0.0,0.0,0.0,0.0,0.0,0.0,0.0,0.0,0.0,0.0,0.0,0.0,0.0,0.0,0.0,0.0,0.0,0.0,0.0,0.0,0.0,0.0,0.0,0.0,0.0,0.0,0.0,0.0,0.0,0.0,0.0,0.0,0.0,0.0,0.0,0.0,0.0,0.0,0.0,0.0,0.0,0.0,0.04091521010158421,-4.8959551790573644e-8,-2.7211336567894258e-8,-1.0077192203493596e-5,-3.560563445522483e-8,0.0005039525737195398,1.0595511351673117e-6,-2.699180660505352e-10,-6.551630060497817e-7,-3.723413279815196e-7,-1.752207248977282e-9,-2.2304528396398805e-8,-0.016637667695710224,3.133122918532973e-6,-1.6714790522013636e-5,1.0384072607227636e-7,-4.460785414891256e-6,1.4408851912070202e-5,1.0861415009141618e-8,-2.5981272347870795e-7,-1.3129884381451372e-8,-8.651686162910688e-9,3.807665501232295e-5,3.323188357754121e-5,0.00021436878630049893,0.004989785082838638,0.001174262803526236,1.0532607027037087e-5,-9.890497259363578e-8,-1.750487745088703e-5,-0.00022263632650228415,-0.001068081755740663,-4.182485670650282e-6,1.5959603902377517e-6,-1.0949189639915755e-7,-6.678052514632736e-8,2.2817893942200146e-5,6.612031959669841e-10,-7.195994884531077e-9,-9.848369127171409e-5,-6.424905900189536e-10,-1.854657093485529e-7,-0.00019772509624500363,-0.00014899765091447583,-4.4289461036926876e-6,-2.361836182373996e-5,1.5736872585690166e-5,0.003293548262865838,1.7986979475765134e-9,-9.716143361163546e-9,-0.0004781990758089791,0.0015498012497246407,0.0005938332636126277,-3.124755040562302e-5,5.6712106775024006e-9,2.2048786969513518e-9,3.3590011260630296e-8,-1.8596483922254704e-7,-4.415192599488257e-8,-0.00027970758224572746,-1.802807477283648e-8,5.46982004058839e-7,-5.477749243084702e-5,-0.0017507587429371292,-3.715892324957154e-8,-2.5438521528864327e-5,-2.0028886249876494e-5,3.8965057431502205e-7,-1.1108165900074419e-8,2.4307888730278037e-6,-0.002105149783743479,-0.0020026641898883576,-0.00013234977490014592,3.124638318910646e-5,-2.630679794713579e-7,1.3861906718957195e-5,-2.3142708007638058e-7,7.964950008738194e-10,-2.3984040278618886e-5,1.1851625730505796e-7,5.013073403026086e-5,-6.012411336246492e-8,-1.7021423593571257e-10,-2.3441671264563965e-5,-0.001639502121781853,9.571348363847459e-5,-4.765378063494587e-5,-0.004059904754010257,0.0023558093786992707,2.8117585426880943e-7,-4.682571789794216e-7,1.0104157322539646e-6,-7.511636171854581e-5,-0.001067440860672558,-3.2057484104223037e-6,-0.0008468756403316855,0.00020313812540922048,-5.809507869868932e-6,-9.113191076103688e-5,4.029835765355398e-8,0.0008640654526103302,-9.303902469360727e-8,7.666356197781606e-9,-1.0423627436626832e-6,5.581432830241266e-9,0.0010422884193609185,6.149071420402732e-9,-1.4090141318334944e-8,-9.047559352831624e-7,6.002631605689938e-6,7.72685891726016e-6,-3.350453315725651e-8,2.7654624468691746e-8,5.225434949281164e-6,-0.00027867864880252953,1.802769840863449e-6,-0.00018650897788564206,-3.6278767796798047e-6,1.6559836978142268e-9,0.011104637691873838,9.808784139242118e-6,0.00019613476947497946,-2.221706504469575e-6,0.002272491925622409,-1.7148516331076486e-7,2.4884362475408895e-5,-0.0008044110882430922,0.004452920386416504,-1.2789762193074302e-7,5.526600893965793e-7,-1.8370254338237007e-5,3.7956268098467444e-6,-0.0006286316804906803,-0.00042041552331694007,-5.083492348002749e-5,6.639509406593945e-9,-0.0001425987118364015,1.956779433141355e-5,-1.3795574501108702e-8,-2.241885749958935e-6,7.641165404663233e-5,5.536166513413678e-8,-3.287136035528466e-5,-3.911459932976052e-8,7.365884775052451e-10,-0.00028767243885569104,0.001043908047819985,2.9473250811018598e-5,8.515780347290046e-9,1.5360865317290107e-7,-0.0058115992609581455,-1.0561861529370776e-8,1.9769132977824647e-5,7.036638414151256e-7,1.1332998595928592e-7,1.4594850574150693e-5,3.924144754043688e-6,4.5315154048879395e-5,0.002185594150964416,1.2638408978935014e-5,-4.423452450039923e-9,-4.23806048248257e-8,0.00031426482251972114,7.505509753252263e-5,-3.322193607762216e-8,-9.024126266732423e-7,9.58615657260606e-5,-0.0002750378473942071,-3.180820297691334e-9,1.3816011323593285e-10,-6.681140252643744e-10,0.00012266245178052648,-2.3191345278013313e-9,0.0003709415225840568,-2.3161272301841276e-5,1.8513298379210534e-5,-3.2209088267702694e-7,0.013052424285951138,6.3340907122381825e-6,2.5846624893196986e-10,9.957571799192925e-5,3.905311406242221e-6,0.00020952717291906314,2.0783151533216755e-6,5.672162540507987e-7,-2.1476776417776966e-7,-2.606223711185539e-9,2.4786526864876033e-5,-3.281184351073169e-7,-0.00036682999006706923,6.408084310589334e-8,-4.8514886653150504e-6,-7.719653279817278e-7,-0.0013030509444695824,1.5747914066153103e-8,0.002637244185433907,-1.1290359371823875e-5,-1.6116555926546254e-6,-0.00020970742095591585,0.00011238114953694096,7.543411638476892e-5,-0.00019531644961854927,-2.9622264823482093e-8,-2.7718283318849715e-8,0.00015956587899486016,-0.000391253952104074,1.172920282686815e-6,-1.236478185439002e-6,6.591194721544047e-8,1.8531564401327579e-6,2.927553506427242e-6,-5.432471923122401e-9,-5.025216476265802e-7,1.3970721180763718e-5,2.6281105170371426e-5,4.3053472826500964e-5,6.11345936403827e-8,-1.2339692072819152e-6,4.232679373786947e-8,-0.004225365036572747,-1.4378796838277516e-5,1.7904019224375966e-8,0.00021321884274950594,0.001168017446910523,-0.0003963158911688578,0.00034169881332114273,2.0241504737037544e-8,3.730633824940195e-9,9.37596119571507e-6,-0.0011005833680372435,-0.0011733352495897765,1.668710943994687e-7,0.000379658402777686,1.963396695874043e-5,-6.114495528957886e-5,9.424084940759043e-7,-2.0135624979613073e-6,-3.575664107406381e-7,1.2573629098441635e-7,0.00030999170166016125,-0.0001229400987762489,-0.00017524882679938536,-4.303651521985195e-5,-1.98266615355368e-8,-1.3642211580464013e-8,5.0222614032801144e-9,-0.004352337074111242,1.2874829623480458e-11
0.0,0.0,0.0,0.0,0.0,0.0,0.0,0.0,0.0,0.0,0.0,0.0,0.0,0.0,0.0,0.0,0.0,0.0,0.0,0.0,0.0,0.0,0.0,0.0,0.0,0.0,0.0,0.0,0.0,0.0,0.0,0.0,0.0,0.0,0.0,0.0,0.0,0.0,0.0,0.0,0.0,0.0,0.0,0.0,0.0,0.0,0.0,0.0,0.0,0.0,0.0,0.0,0.0,0.0,0.0,0.0,0.0,0.0,0.0,0.0,0.0,0.0,0.0,0.0,0.0,0.0,0.0,0.0,0.0,0.0,0.0,0.0,0.0,0.0,0.0,0.0,0.0,0.0,0.0,0.0,0.0,0.0,0.0,0.0,0.0,0.0,0.0,0.0,0.0,0.0,0.0,0.0,0.0,0.0,0.0,0.0,0.0,0.0,0.0,0.0,0.0,0.0,0.0,0.0,0.0,0.0,0.0,0.0,0.0,0.0,0.0,0.0,0.0,0.0,0.0,0.0,0.0,0.0,0.0,0.0,0.0,0.0,0.0,0.0,0.0,0.0,0.0,0.0,0.0,0.0,0.0,0.0,0.0,0.0,0.0,0.0,0.0,0.0,0.0,0.0,0.0,0.0,0.0,0.0,0.0,0.0,0.0,0.0,0.0,0.0,0.0,0.0,0.0,0.0,0.0,0.0,0.0,0.0,0.0,0.0,0.0,0.0,0.0,0.0,0.0,0.0,0.0,0.0,0.0,0.0,0.0,0.0,0.0,0.0,0.0,0.0,0.0,0.0,0.0,0.0,0.0,0.0,0.0,0.0,0.0,0.0,0.0,0.0,0.0,0.0,0.0,0.0,0.0,0.0,0.0,0.0,0.0,0.0,0.0,0.0,0.0,0.0,0.0,0.0,0.0,0.0,0.0,0.0,0.0,0.0,0.0,0.0,0.0,0.0,0.0,0.0,0.0,0.0,0.0,0.0,0.0,0.0,0.0,0.0,0.0,0.0,0.0,0.0,0.0,0.0,0.0,0.0,0.0,0.0,0.0,0.0,0.0,0.0,0.0,0.0,0.0,0.0,0.0,0.0,0.0,0.0,0.0,0.0,0.0,0.0,0.0,0.0,0.0,0.0,0.0,0.0,0.0,0.0,0.0,0.0,0.0,0.0,0.0,0.0,0.0,0.0,0.0,0.0,0.0,0.0,0.0,0.0,0.0,0.0,0.0,0.0,0.0,0.0,0.0,0.0,0.0,0.0,0.0,0.0,0.0,0.0,0.0,0.0,0.0,0.0,0.0,0.0,0.0,0.0,0.0,0.0,0.0,0.0,0.0,0.0,0.0,0.0,0.0,0.0,0.0,0.0,0.0,0.0,0.0,0.0,0.0,0.0,0.0,0.0,0.0,0.0,0.0,0.0,0.0,0.0,0.0,0.0,0.0,0.0,0.0,0.0,0.0,0.0,0.0,0.0,0.0,0.0,0.0,0.0,0.0,0.0,0.0,0.0,0.0,0.0,0.0,0.0,0.0,0.0,0.0,0.0,0.0,0.0,0.0,0.0,0.0,0.0,0.0,0.0,0.0,0.0,0.0,0.0,0.0,0.0,0.0,0.0,0.0,0.0,0.0,0.0,0.0,0.0,0.0,0.0,0.0,0.0,0.0,0.0,0.0,0.0,0.0,0.0,0.0,0.0,0.0,0.0,0.0,0.0,0.0,0.0,0.0,0.0,0.0,0.0,0.0,0.0,0.0,0.0,0.0,0.0,0.0,0.0,0.0,0.0,0.0,0.0,0.0,0.0,0.0,0.0,0.0,0.0,0.0,0.0,0.0,0.0,0.0,0.0,0.0,0.0,0.0,0.0,0.0,0.0,0.0,0.0,0.0,0.0,0.0,0.0,0.0,0.0,0.0,0.0,0.0,0.0,0.0,0.0,0.0,0.0,0.0,0.0,0.0,0.0,0.0,0.0,0.0,0.0,0.0,0.0,0.0,0.0,0.0,0.0,0.0,0.0,0.0,0.0,0.0,0.0,0.0,0.0,0.0,0.0,0.0,0.0,0.0,0.0,0.0,0.0,0.0,0.0,0.0,0.0,0.0,0.0,0.0,0.0,0.0,0.0,0.0,0.0,0.0,0.0,0.0,0.0,0.0,0.0,0.0,0.0,0.0,0.0,0.0,0.0,0.0,0.0,0.0,0.0,0.0,0.0,0.0,0.0,0.0,0.0,0.0,0.0,0.0,0.0,0.0,0.0,0.0,0.0,0.0,0.0,0.0,0.0,0.0,0.0,0.0,0.0,0.0,0.0,0.0,0.0,0.0,0.0,0.0,0.0,0.0,0.0,0.0,0.0,0.0,0.0,0.0,0.0,0.0,0.0,0.0,0.0,0.0,0.0,0.0,0.0,0.0,0.0,0.0,0.0,0.0,0.0,0.0,0.0,0.0,0.0,0.0,0.0,0.054228895845707406,0.004204298892807179,1.0730817843911194e-5,0.0007066272128187893,3.155844016038947e-8,1.8567804342282494e-12,0.00013324019034250976,-3.241735390336985e-11,1.7314750664065872e-12,-0.0009300061310713248,-2.0764937918108608e-13,5.271201473549571e-9,-2.2554143548494297e-5,7.174595741298753e-6,1.0452820007888362e-13,-4.3347379229513574e-10,-1.3314048547468032e-6,0.003033718186114786,-2.418578072446689e-13,2.708229584616513e-12,-0.0006693254411814011,5.414266925546871e-11,-9.523934131479463e-6,1.4079617164587428e-9,-5.8286247944420235e-8,4.574062193365317e-8,2.88164007273614e-6,-0.001766597885247709,2.5216237915769246e-5,-5.480423586129535e-10,-1.5756447515873855e-10,0.0001057026709469986,0.0001138418912648537,0.00116788845088738,2.499478457784643e-16,4.108255380318045e-11,-0.0003379425662998539,0.0002888311603956405,3.2937662594030287e-6,8.523838061398381e-6,0.0014032608809872915,2.4184662962088562e-6,1.976865914643539e-7,3.28251629668199e-6,6.5958591180752715e-6,-6.15404007484461e-12,-6.64195630066108e-8,-9.531854454561913e-5,-5.918484771997443e-14,2.026058230462079e-8,-7.111002980259549e-8,2.339905084716573e-9,2.824519548947112e-10,-0.0021510467922664987,-0.0013800276327781541,1.7507051091698164e-14,1.100490016270518e-13,-1.4455771142568205e-13,-7.287324729104275e-7,-0.0006317344405420435,-9.617417165458713e-5,-1.605423512213425e-10,3.528052978484198e-9,-1.1874302763620413e-14,-3.83972651279235e-10,-5.246383343844198e-11,0.0003428915620766827,-4.1545948763767077e-14,-3.467516188814589e-6,6.997457552773151e-8,-6.686675638674718e-9,-1.4534088663771222e-10,-1.2387104815169648e-5,3.281390341284398e-5,-1.1002993728639078e-5,-5.182007862339158e-13,-0.00017373437269755748,-4.5128956534587554e-11,-0.00019319375334945617,8.60737064118263e-11,0.0005032701215092935,-0.0007544911716148851,-2.274150497905384e-11,7.085296028677402e-7,-1.210649798130453e-10,-9.15638265063657e-11,-2.1472720960362164e-8,6.3153395080201195e-9,-0.0019915680483008416,-1.0009422483139955e-12,4.823531796206577e-12,3.0191832903669216e-7,-9.654642967701794e-10,-3.2376566356468107e-12,2.0585058874713865e-9,2.6824795988020764e-10,5.2846327175439066e-5,2.615379662045089e-9,0.0008883405439035686,-1.5979523563632285e-7,1.4153581907006185e-13,0.0007471953187617856,-4.406821506916366e-12,5.812296554217284e-14,-2.19596114484341e-8,-0.003338955217914775,0.008225690669418995,1.206459538032457e-13,2.6528516437576457e-12,-1.9568781214294144e-5,-0.0005778678322947911,-0.01587495172031917,-7.197891268787025e-5,2.7165463703103046e-6,3.9774523399313224e-12,1.481467824892483e-7,-1.5475626840779464e-13,-0.00205693784102377,3.2135033205048886e-8,-3.8989298150521425e-5,-2.2662923792048797e-6,-3.9253574653731144e-12,-4.8086196041380345e-9,-0.0008455230168643934,6.225956745320329e-7,1.299813880859247e-9,6.616299659066165e-9,0.00022610224548620422,8.780991524705813e-13,-5.4636597889027244e-11,3.7794316311229336e-5,1.553500706108814e-6,5.810882442491042e-7,-9.728276742670407e-7,-0.0044934322210273565,-1.4226339708325532e-11,-1.9612331291715892e-7,-1.1981554239642112e-14,-4.001465007062984e-12,-2.5545796579668838e-9,3.1452886668362384e-13,1.6094734555632356e-6,0.00320092367776925,-0.002392801303113976,-6.54342402183358e-10,4.058810389851519e-9,9.222191883587455e-11,-7.335886597071099e-14,-0.001059684151545062,3.016296339781838e-9,0.004043363415406852,-1.6293108473038407e-5,-1.606462620086011e-5,0.0004227059075804587,1.9457418390088766e-11,3.67281701017151e-5,6.661401368429194e-10,-1.144171431448118e-9,-6.6200862751118126e-12,2.8619811308001258e-5,-1.964097256307398e-12,-2.664674262385115e-7,2.346073986593546e-10,-7.282054040415325e-14,-1.1686341691019894e-12,1.429978866929706e-7,8.712810206261867e-7,-0.0004541139354264475,0.00012556510418812328,0.0004063292359129885,-2.496292216173973e-10,0.0032096391238964597,-2.6163155397710425e-9,5.196383093732389e-12,-1.2741042464817301e-11,-6.860645501598277e-13,-5.481822874315643e-9,4.97579329464263e-12,6.5931945440824e-5,-1.6196886889276542e-9,1.407543492592487e-10,-6.026837832491146e-8,-1.6313143170890895e-12,6.698287560882382e-13,-3.690593848482163e-13,0.0008076377756210878,3.944673476670393e-11,2.7556862622608894e-5,-1.7374410453972657e-8,1.4778828578393513e-13,-4.3092706738874705e-6,0.0003703246530834973,-6.611059935096347e-9,0.001175340857284514,4.019695505941564e-9,-1.951756576834021e-11,0.00020818751912769412,4.163703364494294e-7,-1.8316313994270317e-6,4.306960291157787e-11,3.2310582533692957e-7,-5.593063957789532e-14,0.0010606321193498548,1.2233488069066633e-7,-1.3970357699638135e-9,-0.00011093691969298298,-2.765620535283077e-12,-0.00038067960551668235,5.234436192465897e-13,9.304938058081052e-13,-1.62042961531523e-14,0.001915240110006567,-1.7462162694452128e-5,-2.146651534327942e-7,-2.5890919406547773e-7,6.47136376819926e-14,8.147385282288562e-5,-0.01581007572689187,-7.990764579727267e-9,-2.518346497144561e-11,-0.009051803472999621,1.4412030217664351e-8,2.94920986359008e-7,9.283658962524606e-11,-2.0372265039651557e-11,0.00040357713260392124,-0.0001142216996677873,1.2414188523899393e-11,-2.236707358656311e-9,1.410440846080233e-7,-5.2648517255819016e-5,7.588640715408886e-8,3.593137936107446e-11,-1.635115694085361e-7,1.9454077624085677e-5,2.4517952483818816e-5,-1.1766700281852446e-12,3.448646527034387e-13,-3.8346508777836117e-10,-2.227987068273369e-10,-2.380840300364254e-10,-1.1948528632833828e-10,-0.018121292552382078,-0.003016208818159745,-1.0074794036760381e-13,-2.220867557559872e-8,-0.0005500519269667699
0.0,0.0,0.0,0.0,0.0,0.0,0.0,0.0,0.0,0.0,0.0,0.0,0.0,0.0,0.0,0.0,0.0,0.0,0.0,0.0,0.0,0.0,0.0,0.0,0.0,0.0,0.0,0.0,0.0,0.0,0.0,0.0,0.0,0.0,0.0,0.0,0.0,0.0,0.0,0.0,0.0,0.0,0.0,0.0,0.0,0.0,0.0,0.0,0.0,0.0,0.0,0.0,0.0,0.0,0.0,0.0,0.0,0.0,0.0,0.0,0.0,0.0,0.0,0.0,0.0,0.0,0.0,0.0,0.0,0.0,0.0,0.0,0.0,0.0,0.0,0.0,0.0,0.0,0.0,0.0,0.0,0.0,0.0,0.0,0.0,0.0,0.0,0.0,0.0,0.0,0.0,0.0,0.0,0.0,0.0,0.0,0.0,0.0,0.0,0.0,0.0,0.0,0.0,0.0,0.0,0.0,0.0,0.0,0.0,0.0,0.0,0.0,0.0,0.0,0.0,0.0,0.0,0.0,0.0,0.0,0.0,0.0,0.0,0.0,0.0,0.0,0.0,0.0,0.0,0.0,0.0,0.0,0.0,0.0,0.0,0.0,0.0,0.0,0.0,0.0,0.0,0.0,0.0,0.0,0.0,0.0,0.0,0.0,0.0,0.0,0.0,0.0,0.0,0.0,0.0,0.0,0.0,0.0,0.0,0.0,0.0,0.0,0.0,0.0,0.0,0.0,0.0,0.0,0.0,0.0,0.0,0.0,0.0,0.0,0.0,0.0,0.0,0.0,0.0,0.0,0.0,0.0,0.0,0.0,0.0,0.0,0.0,0.0,0.0,0.0,0.0,0.0,0.0,0.0,0.0,0.0,0.0,0.0,0.0,0.0,0.0,0.0,0.0,0.0,0.0,0.0,0.0,0.0,0.0,0.0,0.0,0.0,0.0,0.0,0.0,0.0,0.0,0.0,0.0,0.0,0.0,0.0,0.0,0.0,0.0,0.0,0.0,0.0,0.0,0.0,0.0,0.0,0.0,0.0,0.0,0.0,0.0,0.0,0.0,0.0,0.0,0.0,0.0,0.0,0.0,0.0,0.0,0.0,0.0,0.0,0.0,0.0,0.0,0.0,0.0,0.0,0.0,0.0,0.0,0.0,0.0,0.0,0.0,0.0,0.0,0.0,0.0,0.0,0.0,0.0,0.0,0.0,0.0,0.0,0.0,0.0,0.0,0.0,0.0,0.0,0.0,0.0,0.0,0.0,0.0,0.0,0.0,0.0,0.0,0.0,0.0,0.0,0.0,0.0,0.0,0.0,0.0,0.0,0.0,0.0,0.0,0.0,0.0,0.0,0.0,0.0,0.0,0.0,0.0,0.0,0.0,0.0,0.0,0.0,0.0,0.0,0.0,0.0,0.0,0.0,0.0,0.0,0.0,0.0,0.0,0.0,0.0,0.0,0.0,0.0,0.0,0.0,0.0,0.0,0.0,0.0,0.0,0.0,0.0,0.0,0.0,0.0,0.0,0.0,0.0,0.0,0.0,0.0,0.0,0.0,0.0,0.0,0.0,0.0,0.0,0.0,0.0,0.0,0.0,0.0,0.0,0.0,0.0,0.0,0.0,0.0,0.0,0.0,0.0,0.0,0.0,0.0,0.0,0.0,0.0,0.0,0.0,0.0,0.0,0.0,0.0,0.0,0.0,0.0,0.0,0.0,0.0,0.0,0.0,0.0,0.0,0.0,0.0,0.0,0.0,0.0,0.0,0.0,0.0,0.0,0.0,0.0,0.0,0.0,0.0,0.0,0.0,0.0,0.0,0.0,0.0,0.0,0.0,0.0,0.0,0.0,0.0,0.0,0.0,0.0,0.0,0.0,0.0,0.0,0.0,0.0,0.0,0.0,0.0,0.0,0.0,0.0,0.0,0.0,0.0,0.0,0.0,0.0,0.0,0.0,0.0,0.0,0.0,0.0,0.0,0.0,0.0,0.0,0.0,0.0,0.0,0.0,0.0,0.0,0.0,0.0,0.0,0.0,0.0,0.0,0.0,0.0,0.0,0.0,0.0,0.0,0.0,0.0,0.0,0.0,0.0,0.0,0.0,0.0,0.0,0.0,0.0,0.0,0.0,0.0,0.0,0.0,0.0,0.0,0.0,0.0,0.0,0.0,0.0,0.0,0.0,0.0,0.0,0.0,0.0,0.0,0.0,0.0,0.0,0.0,0.0,0.0,0.0,0.0,0.0,0.0,0.0,0.0,0.0,0.0,0.0,0.0,0.0,0.0,0.0,0.0,0.0,0.0,0.0,0.0,0.0,0.0,0.0,0.0,0.0,0.0,0.0,0.0,0.0,0.0,0.0,0.0,0.0,0.0,0.0,0.0,0.0,0.0,0.0,0.0,0.0,0.0,0.0,0.0,0.0,0.0,0.0,0.0,0.0,0.0,0.0,0.0,0.0,0.04106253403113248,0.0001167415171934841,-0.002168918337926117,-4.8450082419522224e-8,3.657299140992512e-13,-0.00010270101416525623,-7.085626032971769e-13,-1.609849987396376e-12,-0.00027907415705731765,-2.2034634385418268e-13,2.20285303681871e-8,3.694599885836822e-5,-1.2866824122978965e-6,2.2523936782804167e-13,4.602011026008294e-10,1.077532837825519e-6,-0.001306317310384058,-8.664722696846547e-14,-2.4024571529026157e-13,-0.0023543585962123807,1.0967046953539772e-11,-2.5993022531161154e-5,-1.8443719305569556e-9,-2.7927355560782987e-8,2.8567138826385525e-8,-1.2436696568779167e-6,7.171303946965957e-5,2.391191082196191e-5,-2.545460337878093e-10,1.8452275586499775e-9,8.801810445371933e-5,-7.572978473308348e-5,0.0004120871820156464,-5.374744291070576e-15,2.6183472436499915e-11,-0.0005479217705575824,-0.0030931139178529974,5.078428937816584e-7,0.0008510369941834061,-0.0008340074883021256,-3.1782155869482956e-6,2.9296822534822777e-7,4.518343429512443e-6,-1.7412467104467925e-6,1.1708805398143021e-11,-2.4163119400363593e-8,-0.0010555007818785003,5.8859027449776294e-15,2.293118001844955e-7,2.982648219450311e-9,-1.0736406992938053e-9,1.5555507231623697e-10,-0.0033284918291768637,-0.0012803114930199048,-6.258611309905361e-15,3.075613203194404e-13,-7.551739108018232e-14,-5.860329515603745e-7,-0.0013055547006817756,0.0002884188080404785,3.8851160017169715e-11,-4.263577549436113e-10,2.7485301763903203e-14,-6.248469120454929e-10,-4.508726882145328e-11,-0.00020709183614256812,-3.255781821304773e-14,1.4194303283663715e-5,8.606050242252756e-8,-2.0723229721928243e-9,-7.247187250823726e-11,-3.0639845918391815e-5,-2.1969634804627398e-5,2.2224016654992972e-6,-1.282668940725343e-13,-0.0006074618962427778,1.5681790869333255e-11,-0.0017568674908376616,1.2793981980915872e-12,0.0010448407491666456,-0.0011084329609063839,-2.7795555654724034e-11,2.3298700293638407e-7,-1.755724007934914e-10,-7.33170552767015e-11,-7.195424799452381e-9,1.089664798062624e-8,0.0003393812338829948,4.3215739900355333e-13,2.8019882136472583e-12,2.941882548754209e-7,-2.851602408945152e-10,-4.967018495158332e-13,-9.52810023213874e-8,1.2663256013676978e-10,-3.4148555674926644e-5,1.3208892469591144e-9,0.0008743845793569661,9.418613028058278e-8,-2.248166471900417e-13,0.001134537671842901,-3.710385848294348e-12,1.9576299596635667e-14,3.447409067382639e-8,-0.000799266373467486,-0.0023708875339660002,8.067705765480495e-13,5.556636906746318e-12,-2.3090114125390796e-5,0.014105555225606263,-0.0005901521772025751,-1.792616650061958e-5,-9.988107994736461e-8,9.745602003405084e-13,6.588172496323047e-8,3.2820928145619244e-12,-0.002698584936161799,-1.13704319588341e-8,3.247911527189507e-5,3.445796217989592e-7,-2.0147755157447136e-12,-4.071132627014737e-9,-6.085224667745507e-6,2.6246069702914124e-7,1.384478532669649e-9,-7.138877602764595e-10,0.0003912342006276833,1.544839153632922e-12,-2.373327890951429e-11,-4.39468450668132e-6,2.458602351768568e-7,1.7707682051527992e-7,1.834190093749515e-6,-0.002092785049158044,1.498110646572579e-10,-5.599167026041154e-8,-1.8023389446569028e-14,-4.086278574676294e-12,-2.6581621656714174e-9,-8.130738120245475e-13,2.6718564267336926e-6,0.0029913332800473747,-0.003409624252137032,-5.124930459938603e-10,-7.704366280963841e-10,-1.1205200683032422e-11,4.277495289763454e-15,0.0012391780629329619,1.8167836674684766e-8,0.005287090565660744,-1.2998378750083119e-5,-9.870592005210502e-5,-0.004028899800300412,1.1091767956687814e-11,-3.269930129349078e-5,1.0449791306907826e-10,-4.835135633386704e-10,9.213533793889004e-12,0.0003652496737960402,1.4195290121136719e-12,2.114962309811125e-7,-2.0231332052513006e-10,-1.0406221343468474e-13,-1.9202577325195115e-13,-1.579534041076062e-7,-4.12589786136672e-8,0.0015744931575363674,-0.0002360466273618672,0.0016671372052687275,2.0750718604243856e-10,0.0003660508598139281,-5.275395163385807e-10,-1.5754013342961635e-11,-1.3166933394053552e-10,-4.69168586457528e-13,9.727323503243872e-9,-4.602998312035205e-13,-0.00013079117174827592,-6.430285271258325e-11,4.506048768840309e-11,-1.364589533401295e-9,-2.2240285798913255e-12,-4.015268699160578e-13,3.3868492713328657e-13,0.0006353652567048952,1.3169290016277617e-10,-4.957340447683349e-5,-1.4913555316667702e-8,-1.1874952463351381e-14,-8.750523691522397e-6,-0.00011194319289212563,3.7023138437558607e-9,-0.006884380198299466,-1.2272906253334613e-9,-5.324480219593797e-12,-0.0001363574331076799,9.600202755168697e-8,-1.7903986039256668e-6,7.103642823025767e-11,9.326384193327644e-8,-5.1291524636618524e-14,-0.0015528491802192714,2.3634973379673185e-7,-9.511409642162097e-10,1.1117375939728656e-5,4.228161292963977e-13,0.0006291641576261679,-3.191393294011965e-15,6.9786368433367415e-12,1.1011148692504834e-14,-8.990601213147568e-6,-4.092289496764291e-5,-3.6514556496443625e-8,-4.561338130952216e-7,1.492722395951886e-13,-7.470973009130911e-5,0.0005800525897985185,-2.0938376224341827e-8,-1.2681564988403248e-11,-0.0026086317137813592,-1.863208358946901e-7,7.994716691953186e-8,1.0706395173219087e-9,5.974514344706573e-10,0.0012937500845139904,-0.0010370060372632843,-1.3228150589456001e-11,4.1564991672761933e-10,2.5385255048271998e-8,-0.0002091333175226043,-6.487871958288173e-8,1.4430832555226653e-11,2.1246442897868048e-7,-1.570558210451149e-5,1.3263920534759446e-6,-6.96147149976909e-14,-6.819685763724416e-14,4.112912284493707e-10,-1.0496228568253907e-10,-5.315597619253847e-10,9.427520126588249e-11,0.0020634621420682173,-0.0011833131451769977,-4.541387145187901e-14,4.475637252493374e-9,-9.856629714076671e-5
0.0,0.0,0.0,0.0,0.0,0.0,0.0,0.0,0.0,0.0,0.0,0.0,0.0,0.0,0.0,0.0,0.0,0.0,0.0,0.0,0.0,0.0,0.0,0.0,0.0,0.0,0.0,0.0,0.0,0.0,0.0,0.0,0.0,0.0,0.0,0.0,0.0,0.0,0.0,0.0,0.0,0.0,0.0,0.0,0.0,0.0,0.0,0.0,0.0,0.0,0.0,0.0,0.0,0.0,0.0,0.0,0.0,0.0,0.0,0.0,0.0,0.0,0.0,0.0,0.0,0.0,0.0,0.0,0.0,0.0,0.0,0.0,0.0,0.0,0.0,0.0,0.0,0.0,0.0,0.0,0.0,0.0,0.0,0.0,0.0,0.0,0.0,0.0,0.0,0.0,0.0,0.0,0.0,0.0,0.0,0.0,0.0,0.0,0.0,0.0,0.0,0.0,0.0,0.0,0.0,0.0,0.0,0.0,0.0,0.0,0.0,0.0,0.0,0.0,0.0,0.0,0.0,0.0,0.0,0.0,0.0,0.0,0.0,0.0,0.0,0.0,0.0,0.0,0.0,0.0,0.0,0.0,0.0,0.0,0.0,0.0,0.0,0.0,0.0,0.0,0.0,0.0,0.0,0.0,0.0,0.0,0.0,0.0,0.0,0.0,0.0,0.0,0.0,0.0,0.0,0.0,0.0,0.0,0.0,0.0,0.0,0.0,0.0,0.0,0.0,0.0,0.0,0.0,0.0,0.0,0.0,0.0,0.0,0.0,0.0,0.0,0.0,0.0,0.0,0.0,0.0,0.0,0.0,0.0,0.0,0.0,0.0,0.0,0.0,0.0,0.0,0.0,0.0,0.0,0.0,0.0,0.0,0.0,0.0,0.0,0.0,0.0,0.0,0.0,0.0,0.0,0.0,0.0,0.0,0.0,0.0,0.0,0.0,0.0,0.0,0.0,0.0,0.0,0.0,0.0,0.0,0.0,0.0,0.0,0.0,0.0,0.0,0.0,0.0,0.0,0.0,0.0,0.0,0.0,0.0,0.0,0.0,0.0,0.0,0.0,0.0,0.0,0.0,0.0,0.0,0.0,0.0,0.0,0.0,0.0,0.0,0.0,0.0,0.0,0.0,0.0,0.0,0.0,0.0,0.0,0.0,0.0,0.0,0.0,0.0,0.0,0.0,0.0,0.0,0.0,0.0,0.0,0.0,0.0,0.0,0.0,0.0,0.0,0.0,0.0,0.0,0.0,0.0,0.0,0.0,0.0,0.0,0.0,0.0,0.0,0.0,0.0,0.0,0.0,0.0,0.0,0.0,0.0,0.0,0.0,0.0,0.0,0.0,0.0,0.0,0.0,0.0,0.0,0.0,0.0,0.0,0.0,0.0,0.0,0.0,0.0,0.0,0.0,0.0,0.0,0.0,0.0,0.0,0.0,0.0,0.0,0.0,0.0,0.0,0.0,0.0,0.0,0.0,0.0,0.0,0.0,0.0,0.0,0.0,0.0,0.0,0.0,0.0,0.0,0.0,0.0,0.0,0.0,0.0,0.0,0.0,0.0,0.0,0.0,0.0,0.0,0.0,0.0,0.0,0.0,0.0,0.0,0.0,0.0,0.0,0.0,0.0,0.0,0.0,0.0,0.0,0.0,0.0,0.0,0.0,0.0,0.0,0.0,0.0,0.0,0.0,0.0,0.0,0.0,0.0,0.0,0.0,0.0,0.0,0.0,0.0,0.0,0.0,0.0,0.0,0.0,0.0,0.0,0.0,0.0,0.0,0.0,0.0,0.0,0.0,0.0,0.0,0.0,0.0,0.0,0.0,0.0,0.0,0.0,0.0,0.0,0.0,0.0,0.0,0.0,0.0,0.0,0.0,0.0,0.0,0.0,0.0,0.0,0.0,0.0,0.0,0.0,0.0,0.0,0.0,0.0,0.0,0.0,0.0,0.0,0.0,0.0,0.0,0.0,0.0,0.0,0.0,0.0,0.0,0.0,0.0,0.0,0.0,0.0,0.0,0.0,0.0,0.0,0.0,0.0,0.0,0.0,0.0,0.0,0.0,0.0,0.0,0.0,0.0,0.0,0.0,0.0,0.0,0.0,0.0,0.0,0.0,0.0,0.0,0.0,0.0,0.0,0.0,0.0,0.0,0.0,0.0,0.0,0.0,0.0,0.0,0.0,0.0,0.0,0.0,0.0,0.0,0.0,0.0,0.0,0.0,0.0,0.0,0.0,0.0,0.0,0.0,0.0,0.0,0.0,0.0,0.0,0.0,0.0,0.0,0.0,0.0,0.0,0.0,0.0,0.0,0.0,0.0,0.0,0.0,0.0,0.0,0.0,0.0,0.0,0.0,0.0,0.0,0.0,0.0,0.0,0.0,0.0,0.0,0.0,0.0,0.0,0.0,0.0,0.0,0.0,0.0,0.0,0.0,0.0,0.0,0.0,0.0,0.0,0.04431805645617681,-1.783409997204817e-5,-3.240784789176286e-5,-6.330003682421913e-12,1.618780664019826e-7,-8.787296185810942e-9,4.881921573033677e-10,1.680628158473667e-5,-1.0744478114924981e-10,-2.910487936271465e-6,0.010667382588604992,-6.413089845430584e-5,5.5437292446655797e-11,5.078204845500088e-8,0.00027518290178841663,-3.454504354697879e-5,-4.7525555455645683e-11,1.5705147504906806e-10,3.632769761847819e-5,-8.264250883358694e-10,0.0006596282307827876,-2.2602377954900362e-7,2.290663704739269e-6,1.6603817290177043e-5,-0.003402634937410573,0.0007907301997772635,0.015089134059339928,-1.2144067390951943e-7,1.3698787335127442e-6,0.002171920755205704,0.0008155492815067249,0.00034302973651374817,3.033962264984919e-11,6.4885968742990616e-9,1.6826386630267956e-6,4.82566395530439e-5,0.0003176999799600759,-2.319716214506289e-6,-0.0025447485642193183,4.929534005670122e-5,-0.0001046954721066344,0.001782573238841821,0.001970396472096217,4.3977289223351135e-9,5.3782028801214974e-5,1.580474530196183e-7,-2.525335729627571e-11,0.00012687778233814464,-7.859825248419275e-6,1.0687014102441793e-7,-4.4419918251528563e-7,-1.3969330139137453e-5,3.248914488088442e-6,-2.6596948313416544e-12,2.5817245037200923e-11,-2.796347844307638e-11,-0.0003548423572629332,-0.00010155728732118211,0.0005457127479814294,3.023466460390997e-8,-6.124676435517005e-7,3.6264641843353527e-12,-3.335731730780588e-7,-2.43484327251751e-8,0.0002101532255624307,-2.2194663970167893e-11,0.0011105714041879482,-7.443804168191797e-6,-4.6951407564602055e-8,-9.394660636354613e-9,-0.01954971710263359,-0.0010891924504362748,-0.0004945269107914118,-5.229787079844821e-11,6.166898403046196e-7,7.601097283180838e-9,-3.978215131772905e-5,1.0475338546756518e-8,0.00028001930616407673,3.7365378655784004e-6,6.065604288878024e-9,0.00020874723589936093,1.6906633396529547e-8,-8.830911632080425e-8,-2.566144656469768e-6,1.083879370996347e-5,-0.0001512000672076286,6.124927702864807e-11,2.7488915570786765e-10,0.0005634268692515641,-3.389492654170192e-7,1.5462882632908064e-10,-3.935666019622084e-5,5.3525301225713036e-8,0.0016788166254733468,-1.1445271765028018e-6,-5.976196980144692e-5,-4.210812432253653e-5,4.5701224512766964e-11,-1.9068154214131165e-5,-8.246907588613434e-10,9.777659020284936e-12,6.05818391734294e-6,-3.502774383700353e-6,-0.00017168619018509366,3.094907092801128e-10,1.5228513804521108e-9,-0.0056194575543348025,4.079330141179716e-5,-0.00010392508857453652,-0.0011836308107566792,0.000556550461969878,1.1591431710925747e-9,3.784749376894481e-5,1.5192148912319774e-9,9.828069793211292e-6,4.879277719789525e-6,0.0033712293095229822,0.0016875513180231356,-3.9701957930134323e-10,2.802886012194158e-6,0.0008360730611780677,2.5267240031380748e-5,2.6031344582938844e-7,1.5234972801897061e-6,-0.00046763941918664975,4.965568395983409e-10,-3.4458006367481075e-9,-0.000673938644143795,0.00044722636671109655,5.110978933243978e-5,0.0005254853452938703,1.109831220243602e-6,-6.441622028220461e-8,0.00035372360158207166,9.501628352180606e-12,-1.5654932597249794e-9,8.166155738706013e-7,-1.2200914153396255e-10,0.0009035339196939672,8.176383878979658e-5,3.646239437039076e-6,-2.7984184492757155e-7,5.504401399353566e-7,-1.2302289376065482e-8,-2.550952344404454e-11,0.0002975692717247976,1.9423901418584937e-6,1.2948598674927004e-5,-0.00465253981894802,-0.013449919306570602,-0.0001802900101107817,6.536989184862895e-9,-0.0027880943161693265,1.632672601212482e-7,-2.1737867622646333e-7,-4.532507830039647e-10,7.2814572263908965e-6,7.716760738339645e-11,-3.131449372561868e-5,-2.026911603936796e-8,-8.765514175191376e-11,8.78022894451957e-11,-0.0003718920774564218,-1.583553545547714e-5,1.4817251937650871e-6,-1.7525183724406362e-6,-3.6145602227669646e-6,4.938848037415943e-8,-3.101585242615884e-5,-3.5710499369411554e-7,-5.659129467800969e-9,-6.113073483026099e-8,-8.74625959782874e-11,-5.500478502701025e-6,-3.55564337790871e-10,-8.663154038944584e-7,-8.096505558285259e-7,2.8800027784652245e-8,-3.974803958653659e-6,-9.066935559571375e-10,4.4079726947966e-11,-2.924252626241129e-10,-1.4511845869899701e-6,-1.765226732118627e-8,0.00242362520094808,-2.26384399536359e-6,4.9007619826348704e-11,-0.0016713532199324477,0.0017499355082005545,-2.175255859304487e-6,-1.7525095984177243e-5,8.774659309221777e-7,-3.539916090746685e-9,-0.00124075504817343,4.245854054000799e-5,0.00012104168148958764,9.938472873045835e-9,0.00015233444994094,-3.057954774593183e-11,6.0283000855106295e-5,0.00014014767013606063,-8.775447477680426e-8,0.0005922020522060763,-2.6023424463827994e-10,-0.00015306253816073552,-5.366971666068779e-10,3.223355282886916e-9,-1.6144860722322679e-12,0.0004093736305594115,-0.019689368839348846,3.495134287880907e-5,4.905046810095684e-5,1.8594349736287506e-11,-0.00021217696589445083,0.0001955819872563727,-6.99002511166504e-6,-9.582644362705397e-10,-0.00011801347628927989,-0.0002167721723603893,0.00012483777873831468,3.024388757613364e-7,-3.6239849170593574e-8,7.734261209310137e-6,-6.537469153648176e-7,7.333041658555897e-10,1.8681788278152778e-7,-2.2731640651393856e-5,-0.0016093023799048324,-5.576100322563728e-5,2.4133953089585175e-9,3.0756756775934374e-5,-0.00407463199260472,0.00011488015859629922,-1.3602446942743382e-10,-1.164816846287555e-9,7.803154372536151e-8,-2.6858615191395398e-8,-2.1783836793734405e-7,3.226917248601115e-8,9.90019098686092e-5,4.954004419115673e-5,1.2040263042206588e-11,-4.205663781210873e-6,8.196030881185887e-7
0.0,0.0,0.0,0.0,0.0,0.0,0.0,0.0,0.0,0.0,0.0,0.0,0.0,0.0,0.0,0.0,0.0,0.0,0.0,0.0,0.0,0.0,0.0,0.0,0.0,0.0,0.0,0.0,0.0,0.0,0.0,0.0,0.0,0.0,0.0,0.0,0.0,0.0,0.0,0.0,0.0,0.0,0.0,0.0,0.0,0.0,0.0,0.0,0.0,0.0,0.0,0.0,0.0,0.0,0.0,0.0,0.0,0.0,0.0,0.0,0.0,0.0,0.0,0.0,0.0,0.0,0.0,0.0,0.0,0.0,0.0,0.0,0.0,0.0,0.0,0.0,0.0,0.0,0.0,0.0,0.0,0.0,0.0,0.0,0.0,0.0,0.0,0.0,0.0,0.0,0.0,0.0,0.0,0.0,0.0,0.0,0.0,0.0,0.0,0.0,0.0,0.0,0.0,0.0,0.0,0.0,0.0,0.0,0.0,0.0,0.0,0.0,0.0,0.0,0.0,0.0,0.0,0.0,0.0,0.0,0.0,0.0,0.0,0.0,0.0,0.0,0.0,0.0,0.0,0.0,0.0,0.0,0.0,0.0,0.0,0.0,0.0,0.0,0.0,0.0,0.0,0.0,0.0,0.0,0.0,0.0,0.0,0.0,0.0,0.0,0.0,0.0,0.0,0.0,0.0,0.0,0.0,0.0,0.0,0.0,0.0,0.0,0.0,0.0,0.0,0.0,0.0,0.0,0.0,0.0,0.0,0.0,0.0,0.0,0.0,0.0,0.0,0.0,0.0,0.0,0.0,0.0,0.0,0.0,0.0,0.0,0.0,0.0,0.0,0.0,0.0,0.0,0.0,0.0,0.0,0.0,0.0,0.0,0.0,0.0,0.0,0.0,0.0,0.0,0.0,0.0,0.0,0.0,0.0,0.0,0.0,0.0,0.0,0.0,0.0,0.0,0.0,0.0,0.0,0.0,0.0,0.0,0.0,0.0,0.0,0.0,0.0,0.0,0.0,0.0,0.0,0.0,0.0,0.0,0.0,0.0,0.0,0.0,0.0,0.0,0.0,0.0,0.0,0.0,0.0,0.0,0.0,0.0,0.0,0.0,0.0,0.0,0.0,0.0,0.0,0.0,0.0,0.0,0.0,0.0,0.0,0.0,0.0,0.0,0.0,0.0,0.0,0.0,0.0,0.0,0.0,0.0,0.0,0.0,0.0,0.0,0.0,0.0,0.0,0.0,0.0,0.0,0.0,0.0,0.0,0.0,0.0,0.0,0.0,0.0,0.0,0.0,0.0,0.0,0.0,0.0,0.0,0.0,0.0,0.0,0.0,0.0,0.0,0.0,0.0,0.0,0.0,0.0,0.0,0.0,0.0,0.0,0.0,0.0,0.0,0.0,0.0,0.0,0.0,0.0,0.0,0.0,0.0,0.0,0.0,0.0,0.0,0.0,0.0,0.0,0.0,0.0,0.0,0.0,0.0,0.0,0.0,0.0,0.0,0.0,0.0,0.0,0.0,0.0,0.0,0.0,0.0,0.0,0.0,0.0,0.0,0.0,0.0,0.0,0.0,0.0,0.0,0.0,0.0,0.0,0.0,0.0,0.0,0.0,0.0,0.0,0.0,0.0,0.0,0.0,0.0,0.0,0.0,0.0,0.0,0.0,0.0,0.0,0.0,0.0,0.0,0.0,0.0,0.0,0.0,0.0,0.0,0.0,0.0,0.0,0.0,0.0,0.0,0.0,0.0,0.0,0.0,0.0,0.0,0.0,0.0,0.0,0.0,0.0,0.0,0.0,0.0,0.0,0.0,0.0,0.0,0.0,0.0,0.0,0.0,0.0,0.0,0.0,0.0,0.0,0.0,0.0,0.0,0.0,0.0,0.0,0.0,0.0,0.0,0.0,0.0,0.0,0.0,0.0,0.0,0.0,0.0,0.0,0.0,0.0,0.0,0.0,0.0,0.0,0.0,0.0,0.0,0.0,0.0,0.0,0.0,0.0,0.0,0.0,0.0,0.0,0.0,0.0,0.0,0.0,0.0,0.0,0.0,0.0,0.0,0.0,0.0,0.0,0.0,0.0,0.0,0.0,0.0,0.0,0.0,0.0,0.0,0.0,0.0,0.0,0.0,0.0,0.0,0.0,0.0,0.0,0.0,0.0,0.0,0.0,0.0,0.0,0.0,0.0,0.0,0.0,0.0,0.0,0.0,0.0,0.0,0.0,0.0,0.0,0.0,0.0,0.0,0.0,0.0,0.0,0.0,0.0,0.0,0.0,0.0,0.0,0.0,0.0,0.0,0.0,0.0,0.0,0.0,0.0,0.0,0.0,0.0,0.0,0.0,0.0,0.0,0.0,0.0,0.0,0.0,0.0,0.0,0.0,0.0,0.0,0.0,0.0,0.0,0.0,0.0,0.0,0.0,0.0,0.0,0.0,0.0,0.0,0.0,0.0,0.0,0.02922985827498227,1.6855111402693507e-7,4.985717157340618e-12,8.76081950394946e-5,-7.174449543091233e-11,2.318194563686641e-12,-0.0013625806573083982,-2.1908083128178119e-13,-5.7912573244167625e-9,-0.000130591962054965,2.6569240125675528e-5,-1.5017341767962746e-13,-1.567474373906793e-9,-2.7492686459798466e-6,0.006337475851063677,-1.264961781415898e-12,1.10611770433889e-11,-0.002975608697915697,1.5288093138371055e-10,1.0135584222589443e-5,2.651554318675987e-9,-1.0614301836406394e-7,1.0296381040046204e-7,1.9267587490722107e-5,-0.0021502584167034794,4.488802953867758e-5,-1.2089860437123226e-9,-3.0754027769156697e-10,0.0002080518009461342,0.0006001218125323527,-0.00039419907073863286,2.29181266314601e-14,8.811174585412623e-11,-0.0005118138446618313,-0.002181035982248141,-1.6791793121009793e-6,-0.00020135595697491374,0.0009586462464743041,4.775500221063895e-6,3.8573981729546165e-7,7.61953253350505e-7,1.3101796102504266e-5,-3.1432452120670324e-11,7.672012316137828e-8,-0.00027498733247456717,-1.7145133944551921e-13,1.6756871608507968e-7,-8.372448952371828e-8,3.980712236569528e-9,3.0176723313052424e-9,-0.004397332246780976,-0.00042771633813384034,1.0824389191458952e-13,1.556756715798055e-13,-2.434556555434304e-13,-9.887214400366073e-7,0.0009851189419896242,6.026799344099632e-5,-6.189415448740728e-10,6.6159213441570915e-9,-2.389236419628168e-14,1.3506012179969628e-10,-1.3146445607165096e-11,-0.0003539646598102727,-9.60295826358976e-14,2.0054576385355634e-5,-1.2980302873315618e-7,-4.458933865964979e-8,-3.730924166067494e-10,-5.7427399948399544e-5,-0.0004372844826261145,-1.7624919361802842e-5,-5.601674914928686e-13,-0.0007427160630209047,-1.5589196018354568e-10,-0.0064940413343637605,1.2743690252510726e-10,0.005287884811568868,-6.751815796448788e-5,-8.214694044775866e-11,1.0706278811751581e-6,4.745438739502157e-10,-8.374799285158453e-11,-4.1157596585295744e-8,2.0874964858295076e-8,-0.0045496992619374664,-2.192949330601267e-12,6.639902862339657e-12,-1.383834416651934e-7,-3.063052688088504e-9,-2.0692251288269815e-11,-1.0897776647478352e-8,5.530207123376614e-10,0.00011743130928686871,1.22811687714612e-8,-0.0063429190335102924,-2.1455455860070416e-7,4.761011003288698e-13,-0.0005887755163382944,-1.2728650353077699e-11,1.1229390410305152e-13,-2.6679036627607512e-8,-0.0013396850453603524,0.007521775675401041,4.493547551431523e-12,1.1712409049361816e-11,2.2010103088596834e-5,-0.002809686350787412,-0.0049073300393971935,-0.00019362062721335884,3.182037151090881e-6,8.931454766666557e-12,2.5182487561358113e-7,-8.27859664109855e-12,-0.002413458537551948,3.953149084456447e-8,-0.00012280361692025208,-7.420519799333086e-6,-8.033090839763474e-12,-1.5525595194360338e-9,-0.0016167785137346552,1.9236433866893084e-6,-1.206324247651852e-9,1.2232406906266441e-8,0.00044270890978966373,1.5444571101999413e-12,-1.3140258481828154e-10,0.00022270633604570746,3.6008261908439792e-6,6.880967290557701e-8,-4.055984610165044e-6,-0.004244593147283335,-5.656217307709442e-10,2.200431319472003e-6,-2.7894841600631648e-14,-1.3517669302558091e-11,9.287720517436741e-10,1.0398449992973781e-12,-6.077382534935493e-6,-0.0005606900902481129,-0.0005060602542705569,-1.1750407780315017e-9,7.405835800627169e-9,2.558553889107702e-10,-1.336872954134494e-13,-0.0025577120801976477,-5.792393219112129e-8,0.00010690204151527706,-2.4601073819561836e-5,1.7611139613344937e-5,0.0012211480751525997,6.821215095796083e-11,4.13842164055216e-5,1.1785372347891985e-9,-3.3238285753348696e-9,-5.532887103293238e-11,0.0003115890385529842,-6.097999714727923e-12,-3.4221184400206905e-7,9.036554219406599e-10,3.536652854779935e-14,-3.054763892963234e-12,-4.555090741716224e-7,3.266771959511985e-7,-0.0006028375495252879,-4.456812438630939e-5,0.0011786975239641462,-4.032016202820535e-10,0.006284837378194915,-2.8391959301791302e-9,8.073225777453286e-12,1.2470958919879098e-10,-1.33397073548203e-12,-1.1819948852235995e-8,4.742206789123131e-12,0.0001627730803342459,-2.972486710751807e-9,3.259165737824864e-10,-3.5160552245448545e-8,-1.4413102308143598e-13,7.029979852576536e-13,-4.641442989597873e-13,0.00016899481701617667,-1.5980765582195248e-10,0.0001441136287568376,1.2243878696644968e-8,5.411689030268774e-13,-3.2825440043369315e-5,-9.671820952912673e-5,-1.3734569572683171e-8,-0.006399072201555565,1.4638432693391486e-8,-5.881023175585172e-11,0.000430611089115693,1.5028905089601613e-6,-1.8850481863578577e-6,9.412736128022153e-11,9.446298937073296e-7,-1.478192483344289e-13,0.005490217175922511,-1.2838238952443053e-6,-2.871663173026592e-9,0.0001606288436417353,-4.594449328021562e-12,-0.0006510084024702897,4.7076826239906336e-12,7.622409597245477e-12,-1.9639100020746613e-14,0.003933367654364392,-9.498951516528922e-5,-8.382524128250977e-7,-3.077698427927703e-8,9.735840327454661e-14,-9.949953236129287e-5,0.00016078518333361477,-3.359743365335865e-8,-6.590756604782687e-11,0.0032817283235696253,-2.3099079762031715e-7,3.351644427628907e-7,-1.2632026727369864e-9,-3.7580729725647423e-10,-0.017325964214801426,-0.0012714887731390808,5.1002918570610883e-11,-5.263651235408462e-9,1.4478750068110875e-7,0.000254343943135254,1.8346468150349593e-7,8.345541666372872e-11,-5.466807164452145e-7,-4.391194628795222e-5,6.168352843574731e-5,-2.733174641378636e-12,1.3693130031981172e-11,-5.040616273570189e-10,-5.097157028134324e-10,5.517772941729506e-10,-3.2246735941714104e-10,-0.004113486277785971,-0.0010478912528365534,1.4943358483067335e-13,-1.8924889143509226e-8,-0.0001231100862831999
0.0,0.0,0.0,0.0,0.0,0.0,0.0,0.0,0.0,0.0,0.0,0.0,0.0,0.0,0.0,0.0,0.0,0.0,0.0,0.0,0.0,0.0,0.0,0.0,0.0,0.0,0.0,0.0,0.0,0.0,0.0,0.0,0.0,0.0,0.0,0.0,0.0,0.0,0.0,0.0,0.0,0.0,0.0,0.0,0.0,0.0,0.0,0.0,0.0,0.0,0.0,0.0,0.0,0.0,0.0,0.0,0.0,0.0,0.0,0.0,0.0,0.0,0.0,0.0,0.0,0.0,0.0,0.0,0.0,0.0,0.0,0.0,0.0,0.0,0.0,0.0,0.0,0.0,0.0,0.0,0.0,0.0,0.0,0.0,0.0,0.0,0.0,0.0,0.0,0.0,0.0,0.0,0.0,0.0,0.0,0.0,0.0,0.0,0.0,0.0,0.0,0.0,0.0,0.0,0.0,0.0,0.0,0.0,0.0,0.0,0.0,0.0,0.0,0.0,0.0,0.0,0.0,0.0,0.0,0.0,0.0,0.0,0.0,0.0,0.0,0.0,0.0,0.0,0.0,0.0,0.0,0.0,0.0,0.0,0.0,0.0,0.0,0.0,0.0,0.0,0.0,0.0,0.0,0.0,0.0,0.0,0.0,0.0,0.0,0.0,0.0,0.0,0.0,0.0,0.0,0.0,0.0,0.0,0.0,0.0,0.0,0.0,0.0,0.0,0.0,0.0,0.0,0.0,0.0,0.0,0.0,0.0,0.0,0.0,0.0,0.0,0.0,0.0,0.0,0.0,0.0,0.0,0.0,0.0,0.0,0.0,0.0,0.0,0.0,0.0,0.0,0.0,0.0,0.0,0.0,0.0,0.0,0.0,0.0,0.0,0.0,0.0,0.0,0.0,0.0,0.0,0.0,0.0,0.0,0.0,0.0,0.0,0.0,0.0,0.0,0.0,0.0,0.0,0.0,0.0,0.0,0.0,0.0,0.0,0.0,0.0,0.0,0.0,0.0,0.0,0.0,0.0,0.0,0.0,0.0,0.0,0.0,0.0,0.0,0.0,0.0,0.0,0.0,0.0,0.0,0.0,0.0,0.0,0.0,0.0,0.0,0.0,0.0,0.0,0.0,0.0,0.0,0.0,0.0,0.0,0.0,0.0,0.0,0.0,0.0,0.0,0.0,0.0,0.0,0.0,0.0,0.0,0.0,0.0,0.0,0.0,0.0,0.0,0.0,0.0,0.0,0.0,0.0,0.0,0.0,0.0,0.0,0.0,0.0,0.0,0.0,0.0,0.0,0.0,0.0,0.0,0.0,0.0,0.0,0.0,0.0,0.0,0.0,0.0,0.0,0.0,0.0,0.0,0.0,0.0,0.0,0.0,0.0,0.0,0.0,0.0,0.0,0.0,0.0,0.0,0.0,0.0,0.0,0.0,0.0,0.0,0.0,0.0,0.0,0.0,0.0,0.0,0.0,0.0,0.0,0.0,0.0,0.0,0.0,0.0,0.0,0.0,0.0,0.0,0.0,0.0,0.0,0.0,0.0,0.0,0.0,0.0,0.0,0.0,0.0,0.0,0.0,0.0,0.0,0.0,0.0,0.0,0.0,0.0,0.0,0.0,0.0,0.0,0.0,0.0,0.0,0.0,0.0,0.0,0.0,0.0,0.0,0.0,0.0,0.0,0.0,0.0,0.0,0.0,0.0,0.0,0.0,0.0,0.0,0.0,0.0,0.0,0.0,0.0,0.0,0.0,0.0,0.0,0.0,0.0,0.0,0.0,0.0,0.0,0.0,0.0,0.0,0.0,0.0,0.0,0.0,0.0,0.0,0.0,0.0,0.0,0.0,0.0,0.0,0.0,0.0,0.0,0.0,0.0,0.0,0.0,0.0,0.0,0.0,0.0,0.0,0.0,0.0,0.0,0.0,0.0,0.0,0.0,0.0,0.0,0.0,0.0,0.0,0.0,0.0,0.0,0.0,0.0,0.0,0.0,0.0,0.0,0.0,0.0,0.0,0.0,0.0,0.0,0.0,0.0,0.0,0.0,0.0,0.0,0.0,0.0,0.0,0.0,0.0,0.0,0.0,0.0,0.0,0.0,0.0,0.0,0.0,0.0,0.0,0.0,0.0,0.0,0.0,0.0,0.0,0.0,0.0,0.0,0.0,0.0,0.0,0.0,0.0,0.0,0.0,0.0,0.0,0.0,0.0,0.0,0.0,0.0,0.0,0.0,0.0,0.0,0.0,0.0,0.0,0.0,0.0,0.0,0.0,0.0,0.0,0.0,0.0,0.0,0.0,0.0,0.0,0.0,0.0,0.0,0.0,0.0,0.0,0.0,0.0,0.0,0.0,0.0,0.0,0.0,0.0,0.0,0.0,0.0,0.0,0.0,0.0,0.0,0.0,0.0,0.0,0.0,0.0,0.0,0.0,0.0,0.0,0.0,0.0,0.0,0.0,0.0,0.042360380495459496,2.521020389641864e-7,-1.8268907907304994e-9,-1.8499460841462536e-7,-2.396404932581572e-7,-5.1248263564350214e-9,5.683626903932443e-8,-0.005633282081082936,1.4257032216660786e-5,5.3944458156172564e-5,-2.3317446483119086e-10,3.558761556966755e-5,-0.0009908484154354585,1.3927034767723726e-9,-1.0924911496157568e-7,4.1012200922411746e-7,5.677776979393756e-8,9.307140860593688e-6,5.942517671717723e-5,0.00010209110772212629,-0.01799772156938079,-0.0029773823930247384,-1.26784535575306e-5,1.5996441951724226e-7,-3.536638232286306e-5,-4.862176389246095e-6,-0.0004009605433338885,1.126088999033927e-6,5.095924659548757e-7,1.9526819029343289e-7,-2.1862250692197165e-8,2.149849953639438e-6,2.0476991512574452e-9,5.548151205232831e-8,-6.0340398235546124e-5,-2.000790736639318e-9,-4.7169963632534443e-7,-0.00010501869347091816,1.3818941017034262e-5,-1.3111094148369353e-5,-0.00023288252883884583,-3.1822562920061116e-6,-0.01160301278320722,3.7628865237185005e-9,6.10286001307536e-9,-7.10297944215311e-5,0.007409809164566268,-0.00013279282225280194,0.0003208855069729209,2.468586791070817e-10,1.8499122120131506e-9,2.1065247791417323e-8,-8.946593267051162e-8,6.304676303314817e-9,-0.0016404342601615528,2.569761630766324e-7,8.999803415175383e-8,-6.188252701866256e-5,0.0013814068764755774,-1.2636643995424368e-8,0.0001900247159209121,4.993139318524685e-6,1.649843196013611e-6,-8.39565341711364e-10,-5.475726250067106e-5,-0.008434936864861544,0.003675303577862827,-2.1669055448715005e-5,4.6429509752043235e-5,-1.7710451729435026e-6,-8.521575224098053e-5,1.0892063417745586e-7,3.0665433238204825e-9,-1.535409216070869e-5,-1.4394793803632421e-7,1.773760091310683e-5,3.489966100214186e-7,6.176367742660516e-10,-7.636105651558272e-6,-0.0011820568185563233,0.00014099950163913756,7.104216239853866e-5,0.004233592996734162,-0.0002256208623626919,2.870496789555371e-7,-2.0251502005349133e-7,-7.28907888465251e-7,-0.00023623846977545088,-0.00011517898017439364,-9.096323000943818e-7,-0.0002564415859565931,2.0888710764436175e-5,-2.3743724814668218e-5,-0.0008946752487636384,2.240622915306628e-7,-0.0012306726198885027,-2.9161246753754792e-8,3.205211611023796e-8,-2.586459670606651e-7,-3.1465464318072094e-9,-0.0007667717286767309,-1.503314754143295e-9,-5.9125184752117904e-8,-1.773788682171452e-7,2.1451963520080334e-6,-2.0222108853934653e-6,-5.056738848217039e-9,4.3845226058972206e-8,1.0458143957937783e-5,0.00036823359715691255,-5.683032947589679e-7,0.002183366362575457,-2.1932272631225597e-6,1.5300171950532366e-8,-0.0019088228320916466,2.2914210943457117e-5,0.000589886612683931,-4.660382979205283e-7,-0.0038593894185638207,-1.1693804198743362e-6,0.0002050716665188685,-0.00010133852176008015,-0.0007158328995964048,6.968706471220766e-7,-1.8984942822481164e-7,3.160845101079009e-7,1.0610146318175856e-5,-8.12335968972136e-5,0.001126677699460991,4.9998009314286726e-5,-1.9953501544989516e-8,8.379748931365415e-5,-0.0008362750185378874,-9.300439788292417e-9,-6.771618559296269e-7,-0.0012713592263407477,1.2854677560834483e-7,-0.00020883160698473424,-1.2477229768079428e-7,4.241697122897857e-9,4.040231352887609e-5,-0.0007451275516494936,2.7074069742378328e-5,9.646558985064052e-9,3.039131403107702e-7,0.007550277134078366,-7.966780173467703e-9,-2.7869359615755943e-5,-1.0582338871548194e-5,-1.0847271992998861e-7,2.3868920615970857e-6,1.1928427883173725e-5,6.5786996083346e-5,0.0003681784305738752,8.993461281549145e-6,-1.3158807757218032e-8,-4.3900014580713686e-8,0.0049564531584256714,7.813838766256438e-5,5.642064782417236e-8,-2.2695498202147604e-7,-0.0003675709200627172,0.0003162530671555029,1.925204053986695e-9,-5.127186113385758e-10,-4.386050245713505e-9,3.718889749477354e-7,-2.7222577512583198e-8,-0.0006624214390581688,2.3943572491512544e-6,6.579191955474452e-5,5.733828029440707e-8,-0.002471946075382559,2.5939344507010113e-6,3.874566926707585e-10,-0.00028011930656502326,3.154973362004691e-5,0.013866065601782177,1.3410497671695239e-6,1.2704753507241668e-7,-1.2736642991188327e-7,-2.1293324592626665e-11,4.184549299596685e-5,-6.1694609361527655e-6,0.0008939432294005009,1.751332638566037e-8,-0.0002108927533027313,1.1667368515296713e-7,3.446244840826713e-5,1.8454752905823114e-8,-0.0003461647293167943,-1.714047136051384e-6,7.908554998595595e-6,0.0026256613061015877,-7.79289241370601e-5,-1.9371120495655264e-5,-4.0699863659781906e-5,7.71427864566511e-9,1.7039453534575463e-7,-0.000917731956491005,-0.00032898553480127305,-7.743134711551979e-6,-1.639675873546761e-7,-3.0153943109282813e-7,6.851826329629881e-7,-1.8741501019866519e-6,1.0923213722270638e-9,-7.492853694917634e-7,-1.1486819503282908e-5,7.454345164991371e-5,-7.404412631384302e-5,1.7649690378801137e-8,-5.378363803227647e-6,-1.466367741231067e-7,0.004297018510777723,4.368488952408805e-6,-1.4046883580060037e-7,-0.00015152317624126036,0.0008231624648677133,-0.00014765653178760134,0.00017103593286510688,-1.5010399563317003e-8,6.305973130485039e-9,5.743215021461847e-6,-0.000411622865640932,-0.0008881266649338678,2.3783656826038534e-6,0.017501493999460847,4.970962066423558e-6,-0.0012941799721874832,1.7488812600009514e-5,9.438502105988679e-6,-7.704667719208029e-8,1.1276437436510623e-6,-1.400618956421021e-5,-2.3245515553610892e-5,9.18167612126913e-5,-0.00010246788577486015,-1.6774142050306902e-7,-3.0254639272237973e-8,3.180255531921042e-8,-0.0012293706355910314,1.210443059987615e-9
0.0,0.0,0.0,0.0,0.0,0.0,0.0,0.0,0.0,0.0,0.0,0.0,0.0,0.0,0.0,0.0,0.0,0.0,0.0,0.0,0.0,0.0,0.0,0.0,0.0,0.0,0.0,0.0,0.0,0.0,0.0,0.0,0.0,0.0,0.0,0.0,0.0,0.0,0.0,0.0,0.0,0.0,0.0,0.0,0.0,0.0,0.0,0.0,0.0,0.0,0.0,0.0,0.0,0.0,0.0,0.0,0.0,0.0,0.0,0.0,0.0,0.0,0.0,0.0,0.0,0.0,0.0,0.0,0.0,0.0,0.0,0.0,0.0,0.0,0.0,0.0,0.0,0.0,0.0,0.0,0.0,0.0,0.0,0.0,0.0,0.0,0.0,0.0,0.0,0.0,0.0,0.0,0.0,0.0,0.0,0.0,0.0,0.0,0.0,0.0,0.0,0.0,0.0,0.0,0.0,0.0,0.0,0.0,0.0,0.0,0.0,0.0,0.0,0.0,0.0,0.0,0.0,0.0,0.0,0.0,0.0,0.0,0.0,0.0,0.0,0.0,0.0,0.0,0.0,0.0,0.0,0.0,0.0,0.0,0.0,0.0,0.0,0.0,0.0,0.0,0.0,0.0,0.0,0.0,0.0,0.0,0.0,0.0,0.0,0.0,0.0,0.0,0.0,0.0,0.0,0.0,0.0,0.0,0.0,0.0,0.0,0.0,0.0,0.0,0.0,0.0,0.0,0.0,0.0,0.0,0.0,0.0,0.0,0.0,0.0,0.0,0.0,0.0,0.0,0.0,0.0,0.0,0.0,0.0,0.0,0.0,0.0,0.0,0.0,0.0,0.0,0.0,0.0,0.0,0.0,0.0,0.0,0.0,0.0,0.0,0.0,0.0,0.0,0.0,0.0,0.0,0.0,0.0,0.0,0.0,0.0,0.0,0.0,0.0,0.0,0.0,0.0,0.0,0.0,0.0,0.0,0.0,0.0,0.0,0.0,0.0,0.0,0.0,0.0,0.0,0.0,0.0,0.0,0.0,0.0,0.0,0.0,0.0,0.0,0.0,0.0,0.0,0.0,0.0,0.0,0.0,0.0,0.0,0.0,0.0,0.0,0.0,0.0,0.0,0.0,0.0,0.0,0.0,0.0,0.0,0.0,0.0,0.0,0.0,0.0,0.0,0.0,0.0,0.0,0.0,0.0,0.0,0.0,0.0,0.0,0.0,0.0,0.0,0.0,0.0,0.0,0.0,0.0,0.0,0.0,0.0,0.0,0.0,0.0,0.0,0.0,0.0,0.0,0.0,0.0,0.0,0.0,0.0,0.0,0.0,0.0,0.0,0.0,0.0,0.0,0.0,0.0,0.0,0.0,0.0,0.0,0.0,0.0,0.0,0.0,0.0,0.0,0.0,0.0,0.0,0.0,0.0,0.0,0.0,0.0,0.0,0.0,0.0,0.0,0.0,0.0,0.0,0.0,0.0,0.0,0.0,0.0,0.0,0.0,0.0,0.0,0.0,0.0,0.0,0.0,0.0,0.0,0.0,0.0,0.0,0.0,0.0,0.0,0.0,0.0,0.0,0.0,0.0,0.0,0.0,0.0,0.0,0.0,0.0,0.0,0.0,0.0,0.0,0.0,0.0,0.0,0.0,0.0,0.0,0.0,0.0,0.0,0.0,0.0,0.0,0.0,0.0,0.0,0.0,0.0,0.0,0.0,0.0,0.0,0.0,0.0,0.0,0.0,0.0,0.0,0.0,0.0,0.0,0.0,0.0,0.0,0.0,0.0,0.0,0.0,0.0,0.0,0.0,0.0,0.0,0.0,0.0,0.0,0.0,0.0,0.0,0.0,0.0,0.0,0.0,0.0,0.0,0.0,0.0,0.0,0.0,0.0,0.0,0.0,0.0,0.0,0.0,0.0,0.0,0.0,0.0,0.0,0.0,0.0,0.0,0.0,0.0,0.0,0.0,0.0,0.0,0.0,0.0,0.0,0.0,0.0,0.0,0.0,0.0,0.0,0.0,0.0,0.0,0.0,0.0,0.0,0.0,0.0,0.0,0.0,0.0,0.0,0.0,0.0,0.0,0.0,0.0,0.0,0.0,0.0,0.0,0.0,0.0,0.0,0.0,0.0,0.0,0.0,0.0,0.0,0.0,0.0,0.0,0.0,0.0,0.0,0.0,0.0,0.0,0.0,0.0,0.0,0.0,0.0,0.0,0.0,0.0,0.0,0.0,0.0,0.0,0.0,0.0,0.0,0.0,0.0,0.0,0.0,0.0,0.0,0.0,0.0,0.0,0.0,0.0,0.0,0.0,0.0,0.0,0.0,0.0,0.0,0.0,0.0,0.0,0.0,0.0,0.0,0.0,0.0,0.0,0.0,0.0,0.0,0.0,0.0,0.0,0.0,0.0,0.0,0.0,0.0,0.0,0.0,0.0,0.0,0.0,0.0,0.0,0.0,0.0,0.0,0.0306703676657102,-3.8848918934212325e-14,-0.0008834410165184937,6.278580191278001e-5,-1.4209294571583795e-13,-6.117644748520667e-5,4.348746347282835e-7,1.9956633747183934e-10,3.6633534086942514e-9,-4.0021374308411865e-6,-1.7319160430267545e-5,-1.332895379654823e-8,-1.0818917867720176e-12,-0.0009794506237081944,-0.002362152395254396,1.3067047028674658e-12,0.0013755632238052287,-1.429976198576821e-9,1.9963952367198835e-5,1.4958832347868247e-7,2.805633560080984e-7,-1.8781063308481333e-9,-4.6727502052084315e-11,-3.696806455106244e-10,-6.317456874650512e-6,-7.410634709387065e-6,2.0487096589108468e-10,5.4529896776040154e-11,1.3246654189773597e-11,-5.620280229423263e-5,0.0004865879585064968,3.2795368917061894e-14,1.1549654892246156e-13,7.537330822948145e-9,8.90496008098098e-14,2.6478236988976802e-11,6.612150809675428e-9,5.02432087033106e-8,-5.802212095922657e-10,-1.320282567620265e-9,0.0003002577753625516,1.8831820816833998e-7,3.526017029774868e-14,-0.00039577712463951517,-2.5418927446331396e-8,-1.8641152010215447e-7,3.700429153314794e-6,7.902264937324337e-6,2.1648940008331957e-13,1.589651999696885e-14,-3.125511754956543e-5,0.008379846901631158,-0.00033037473166798643,-2.1707763587860853e-9,1.0552608723691945e-12,-2.5012812201571108e-11,-1.127980001081567e-5,1.220498577555275e-5,0.00016721828396745002,3.3352068265965534e-5,-9.773172900139484e-5,-1.4494082982615969e-11,-0.00021886214310116477,-7.207687543738739e-10,-1.6036276379236568e-7,-3.0737539915323946e-7,-0.0007390766563678081,-1.1471744160381896e-9,-4.781694242576985e-11,-1.497069505943144e-9,-0.0009324330231139428,1.0183462824798193e-13,-0.00015779669259043897,-6.354821852185458e-12,0.00015581790463600902,3.947567447492496e-13,1.1707664437825086e-14,-0.0003214008969696202,7.24763276902793e-8,1.9863329386580537e-5,-1.982448505283203e-5,6.657946451435858e-7,-1.1636861677528493e-6,-2.2199686798037184e-12,0.003410062312348285,0.0025052587609881785,-1.0220268565350332e-8,-8.418305270917898e-6,-0.003532683594687836,3.298415297525161e-8,0.0002937412660245687,2.274142390763556e-10,3.7418975718540903e-6,2.2290103183189634e-12,-1.040620520561263e-8,0.005280739311577508,3.580090765354749e-13,0.001023598695831507,8.838743140189674e-5,1.2962762982697823e-7,1.5226016392118428e-13,2.2456731923427203e-12,0.0002612359264542723,0.0017731030390232571,2.767746148207373e-10,9.181372803152799e-13,8.12423148071563e-14,-1.1560816820578965e-10,2.0596559127713574e-8,0.0029508235585246844,2.1961795844745345e-8,-0.0003060689636795668,4.542645540065186e-13,9.293285738040284e-8,-6.038448189578569e-11,-4.504522352085415e-9,-0.0005322854064706041,2.203697008676745e-6,-6.810232836129055e-11,7.636603263224492e-10,-1.628896049356549e-6,-1.4397808628187315e-6,1.4767659858241087e-11,0.0012359708130886765,-0.0001436466927897694,3.5952824386365e-10,2.3277255629146916e-8,1.0457130358023063e-8,7.22861354777084e-10,-1.237065461280782e-12,1.302618981542321e-5,-1.671404041508222e-8,-9.882916149662465e-5,-0.0004049991589600065,-6.220991915140076e-7,-0.0012695020841628673,1.3852129105633792e-9,-2.370675993035353e-12,2.5160185802037014e-13,3.214758558566764e-5,-2.040888039367342e-6,0.0001660866626716005,-0.00016070213440297007,-1.144336085301315e-11,-4.136130063229671e-8,-2.6128244152279095e-14,-1.8249454469024607e-9,7.869870321064745e-11,-1.7973356500862217e-12,0.0003038576631677143,1.3425851297358158e-10,3.447879937374398e-5,1.3509819690957209e-5,9.123268630907111e-5,-9.878100004014785e-14,-0.008407649557837607,-3.316918852238296e-8,4.023511125724377e-6,0.0016974621014039229,-0.0009349630905312616,-1.531327782756481e-8,4.8353509079595993e-8,5.256212292890589e-14,-1.4745470695421125e-14,-1.2455102167740904e-13,2.4664577534939926e-5,-4.0903691523588375e-13,2.745341088598117e-6,-7.332394639559097e-5,9.895820995531992e-5,-0.000252283319424967,1.9325858383178801e-7,0.0020058981448063647,-1.1984541715905185e-14,1.0750477572097125e-5,0.00010566873751293778,-3.39695461334526e-7,0.005394923484932199,-0.0004504009996223222,0.002692824185753097,-7.633298581300001e-14,2.4217459541887466e-5,3.0999745653907484e-10,1.5996594238877304e-8,0.0006292741480647104,-2.5676323981662648e-9,-2.733417158822775e-12,-3.168553324704232e-7,4.299377266636224e-13,9.774743619892207e-6,-0.0006870753692426719,1.2675407668470674e-10,3.657442556207965e-8,4.160356599717181e-9,-9.851380080715764e-6,-5.52404278997949e-8,0.00042171242513293984,2.9665849861169178e-12,-2.5580720136785868e-8,1.1535697748652797e-5,-2.9630509062735544e-11,-0.00021521430964824523,-2.6687332121014794e-12,0.004130070554437887,-0.0008301402825765773,-0.00011033584771369235,1.7030093361590428e-11,-1.7853865997944255e-9,4.720893557696178e-9,6.6635168025686026e-9,-0.00031131486534458915,-1.368475083806405e-11,-6.350513309772294e-12,7.073676591955861e-7,-7.223676470191432e-5,-5.640076279437931e-13,2.634861896526909e-8,2.8537152841333827e-8,-3.160657700448464e-5,-8.778091212001324e-6,-3.2372786414143966e-13,1.4718711288291473e-13,0.001573903115959748,-1.9904365993259897e-5,7.497049114759443e-8,3.856032764696754e-11,2.114960082695791e-7,0.00036645115689922214,-2.759626849627646e-8,-1.8771109613423094e-11,-4.229034623496952e-10,-0.005846893466905229,0.0002210606574009813,6.522081262782617e-7,-2.396696051895493e-5,1.1755870237937842e-5,9.180415900787307e-6,-3.7399535408579745e-12,2.9950163180305977e-13,-0.0006184525545158803,4.412235319215973e-9,5.84868751524664e-14
0.0,0.0,0.0,0.0,0.0,0.0,0.0,0.0,0.0,0.0,0.0,0.0,0.0,0.0,0.0,0.0,0.0,0.0,0.0,0.0,0.0,0.0,0.0,0.0,0.0,0.0,0.0,0.0,0.0,0.0,0.0,0.0,0.0,0.0,0.0,0.0,0.0,0.0,0.0,0.0,0.0,0.0,0.0,0.0,0.0,0.0,0.0,0.0,0.0,0.0,0.0,0.0,0.0,0.0,0.0,0.0,0.0,0.0,0.0,0.0,0.0,0.0,0.0,0.0,0.0,0.0,0.0,0.0,0.0,0.0,0.0,0.0,0.0,0.0,0.0,0.0,0.0,0.0,0.0,0.0,0.0,0.0,0.0,0.0,0.0,0.0,0.0,0.0,0.0,0.0,0.0,0.0,0.0,0.0,0.0,0.0,0.0,0.0,0.0,0.0,0.0,0.0,0.0,0.0,0.0,0.0,0.0,0.0,0.0,0.0,0.0,0.0,0.0,0.0,0.0,0.0,0.0,0.0,0.0,0.0,0.0,0.0,0.0,0.0,0.0,0.0,0.0,0.0,0.0,0.0,0.0,0.0,0.0,0.0,0.0,0.0,0.0,0.0,0.0,0.0,0.0,0.0,0.0,0.0,0.0,0.0,0.0,0.0,0.0,0.0,0.0,0.0,0.0,0.0,0.0,0.0,0.0,0.0,0.0,0.0,0.0,0.0,0.0,0.0,0.0,0.0,0.0,0.0,0.0,0.0,0.0,0.0,0.0,0.0,0.0,0.0,0.0,0.0,0.0,0.0,0.0,0.0,0.0,0.0,0.0,0.0,0.0,0.0,0.0,0.0,0.0,0.0,0.0,0.0,0.0,0.0,0.0,0.0,0.0,0.0,0.0,0.0,0.0,0.0,0.0,0.0,0.0,0.0,0.0,0.0,0.0,0.0,0.0,0.0,0.0,0.0,0.0,0.0,0.0,0.0,0.0,0.0,0.0,0.0,0.0,0.0,0.0,0.0,0.0,0.0,0.0,0.0,0.0,0.0,0.0,0.0,0.0,0.0,0.0,0.0,0.0,0.0,0.0,0.0,0.0,0.0,0.0,0.0,0.0,0.0,0.0,0.0,0.0,0.0,0.0,0.0,0.0,0.0,0.0,0.0,0.0,0.0,0.0,0.0,0.0,0.0,0.0,0.0,0.0,0.0,0.0,0.0,0.0,0.0,0.0,0.0,0.0,0.0,0.0,0.0,0.0,0.0,0.0,0.0,0.0,0.0,0.0,0.0,0.0,0.0,0.0,0.0,0.0,0.0,0.0,0.0,0.0,0.0,0.0,0.0,0.0,0.0,0.0,0.0,0.0,0.0,0.0,0.0,0.0,0.0,0.0,0.0,0.0,0.0,0.0,0.0,0.0,0.0,0.0,0.0,0.0,0.0,0.0,0.0,0.0,0.0,0.0,0.0,0.0,0.0,0.0,0.0,0.0,0.0,0.0,0.0,0.0,0.0,0.0,0.0,0.0,0.0,0.0,0.0,0.0,0.0,0.0,0.0,0.0,0.0,0.0,0.0,0.0,0.0,0.0,0.0,0.0,0.0,0.0,0.0,0.0,0.0,0.0,0.0,0.0,0.0,0.0,0.0,0.0,0.0,0.0,0.0,0.0,0.0,0.0,0.0,0.0,0.0,0.0,0.0,0.0,0.0,0.0,0.0,0.0,0.0,0.0,0.0,0.0,0.0,0.0,0.0,0.0,0.0,0.0,0.0,0.0,0.0,0.0,0.0,0.0,0.0,0.0,0.0,0.0,0.0,0.0,0.0,0.0,0.0,0.0,0.0,0.0,0.0,0.0,0.0,0.0,0.0,0.0,0.0,0.0,0.0,0.0,0.0,0.0,0.0,0.0,0.0,0.0,0.0,0.0,0.0,0.0,0.0,0.0,0.0,0.0,0.0,0.0,0.0,0.0,0.0,0.0,0.0,0.0,0.0,0.0,0.0,0.0,0.0,0.0,0.0,0.0,0.0,0.0,0.0,0.0,0.0,0.0,0.0,0.0,0.0,0.0,0.0,0.0,0.0,0.0,0.0,0.0,0.0,0.0,0.0,0.0,0.0,0.0,0.0,0.0,0.0,0.0,0.0,0.0,0.0,0.0,0.0,0.0,0.0,0.0,0.0,0.0,0.0,0.0,0.0,0.0,0.0,0.0,0.0,0.0,0.0,0.0,0.0,0.0,0.0,0.0,0.0,0.0,0.0,0.0,0.0,0.0,0.0,0.0,0.0,0.0,0.0,0.0,0.0,0.0,0.0,0.0,0.0,0.0,0.0,0.0,0.0,0.0,0.0,0.0,0.0,0.0,0.0,0.0,0.0,0.0,0.0,0.0,0.0,0.0,0.0,0.0,0.0,0.0,0.0,0.0,0.0,0.0,0.0,0.0,0.0,0.0,0.0,0.0,0.0,0.0,0.0,0.0,0.0,0.0,0.0,0.030055453739192876,1.3965957718668272e-12,-6.76098173428432e-14,0.00393593745787633,1.297891917643456e-15,8.488168421786611e-10,-4.426212468233308e-7,-9.24593967967117e-7,-6.103593731833336e-16,4.719942001472223e-11,4.7101128226253294e-8,-0.00035644836053385146,1.667329064066273e-14,-8.711118022111285e-14,-0.0012098056298388412,-7.449719327438304e-13,-3.3612067671541847e-7,-6.38609964227654e-11,-1.8458664603480961e-9,-2.5220664507477467e-9,-8.510443253316441e-8,2.0177799558529374e-5,2.3329821529648762e-7,1.4715798463301534e-11,-1.3102550223563129e-11,-4.808640912804589e-6,-2.27822522550476e-5,4.727505224675845e-5,-2.3099858652488504e-15,-5.812743530595189e-13,0.00949938707670245,5.8228800047172777e-5,-3.331270783450392e-8,0.001921932744459313,-1.6818567169665942e-5,-1.7107292105779937e-7,1.1997126590968675e-8,1.270032190856442e-7,-2.046309353544601e-7,-3.228955195044427e-13,-7.476215389276475e-9,0.0073753651149126515,1.0947741428617926e-15,-5.184371095646046e-10,4.147773557800061e-9,-1.1553058085530351e-10,-7.914431945328631e-12,-0.0015278023689992099,0.0062034147264729625,-1.2243044676966394e-17,-6.3495730726141444e-15,1.0589776137883887e-15,4.279501962268353e-9,-1.9833592916130088e-5,-2.0428188116669792e-5,-7.052683895455333e-12,-1.2203787709954944e-10,8.241322760230135e-16,1.157412490060932e-11,9.700769079195464e-13,-4.158915947723932e-6,-6.953923678084918e-16,-5.352030072669529e-7,1.8689918260061394e-9,-1.3457071876181992e-9,2.8401181149571274e-12,6.94538187362741e-7,4.410225625868068e-6,-1.422247662546712e-7,-7.166063536453434e-15,-0.004841943684389897,9.544479877394842e-13,1.2790127775690364e-5,-3.323269681667058e-12,4.3179109205416175e-5,0.012167287298026115,-9.676491432315168e-14,-1.949141693255455e-8,-1.1165022230472923e-12,2.964103773477388e-12,3.9506858907280207e-10,3.785743592278063e-11,7.115114728696183e-5,4.9460637154803026e-14,-1.454885212503779e-13,-8.093899087280072e-8,5.6612191024502095e-11,2.2788227845971314e-13,-3.4515051920979973e-9,-5.580075697170015e-12,-2.337591794255581e-6,5.4887620432588545e-11,-0.0003392091985745629,2.2984029650179913e-9,-2.2615064532976364e-15,0.0010231470014646863,4.6255019015457645e-14,-9.248353099436496e-16,1.5906018671280222e-9,-0.0004757468497719781,-8.279158858044617e-6,-2.2605827223728805e-14,-2.069291365775921e-14,4.052537684359114e-7,0.000659713125292768,0.0003174587900094283,1.3044165121971595e-6,-3.0231921272410435e-8,-9.71300270198076e-14,-4.726308038488839e-9,-3.0101473423458166e-15,0.0016908472487754136,-1.7943117549968431e-9,6.0771395579296e-7,-9.036481320762147e-8,8.881720782431144e-14,-2.372049085223462e-10,3.712814641210481e-5,-9.977827178947045e-9,-2.762518631156691e-12,-2.403454233927686e-10,-2.3069741314961577e-5,-8.572663817363188e-15,3.144884463423997e-13,-8.761618946224109e-7,-2.4216518123246933e-8,6.031656274496778e-10,1.5461515228949038e-7,0.000789305352770253,3.4584270220579127e-13,-2.168266528530128e-8,-4.250547779023026e-16,1.2955883857491357e-13,-1.3668830294367733e-10,-4.629178421356512e-15,1.7134262515054197e-7,-8.931060427964679e-5,-0.0034437045920625593,1.94498960894748e-11,-2.188104167022628e-10,-5.765016513264329e-13,2.3230571408946216e-15,2.6569845434083905e-5,1.8774872619200815e-9,0.0018186102882928779,4.1688481807184175e-7,6.900331849541412e-7,-4.643917158942975e-5,-6.185828953347245e-13,-2.2363545989714788e-6,-1.481932651460404e-11,6.066114486419244e-11,-1.5374231803412796e-14,-0.003502740781667403,6.844182400389913e-14,1.2116430039779634e-8,-1.360343649043598e-11,-9.840436476181214e-15,3.5835102382040805e-14,3.338570078973673e-8,-1.7907891959260474e-8,0.004091518416256337,0.008679121631130826,0.0021513900068866306,-3.4893277881875292e-12,0.0015412009210164094,1.4527249450066677e-10,2.7849507879058177e-13,-1.9861124263617466e-12,9.222920559400461e-15,8.138891884278641e-10,-3.958938589358258e-14,0.006125059543684097,2.523769760982425e-11,-3.8571234410850395e-12,3.364793879089794e-9,-5.2924572697035395e-15,1.8624476227902844e-15,-1.6058315279382903e-14,0.0025949969580149,6.3018192606616265e-12,-3.2262365752644377e-6,-1.5073650326381345e-9,-5.715666929405021e-15,3.4047964580270366e-7,1.0690405139602853e-5,3.39503426583516e-10,-0.0009776766309077868,-1.9804236732805507e-10,3.783013676922209e-13,-4.951731824401297e-6,-2.3140075939486506e-8,-2.676062522126257e-8,-7.825105512305383e-13,-3.0968638155932727e-9,1.7922584346313802e-15,-0.0001703967660473222,1.2909002561075458e-9,7.094162735951037e-12,-7.054647472557961e-7,4.8217395701248654e-14,-3.1361838490649466e-6,2.4941751128996847e-14,2.0751163195653482e-13,1.3238592741800181e-16,-9.427979852708576e-5,1.8218418410103456e-6,1.4866400369807667e-8,-2.6654788838215078e-8,-3.1707999685308063e-15,1.0288185042748784e-5,3.072463792140589e-5,-1.0827186617547412e-10,1.5919121360470664e-13,1.4649057793844712e-5,-1.5360727246785246e-8,-3.229652375538886e-10,2.014706741148863e-11,2.5403062666951118e-11,-0.0001825916522240852,-0.0007304884502934112,-1.2784547961452275e-12,5.5582701762318575e-11,-4.583637443353914e-10,-2.1580642149262993e-6,-4.593605060908364e-9,-4.2280551289950766e-13,5.798219180995726e-10,1.2617286499521616e-6,-8.575582552584052e-7,1.319851731938849e-14,5.186729857030845e-14,1.368363834188998e-11,6.832293807729867e-12,-9.03447277269992e-12,9.0227623805519e-12,-6.271655517777645e-6,3.164048925616342e-5,-5.85388928970997e-15,8.204726865184615e-10,0.0050704132317435655
0.0,0.0,0.0,0.0,0.0,0.0,0.0,0.0,0.0,0.0,0.0,0.0,0.0,0.0,0.0,0.0,0.0,0.0,0.0,0.0,0.0,0.0,0.0,0.0,0.0,0.0,0.0,0.0,0.0,0.0,0.0,0.0,0.0,0.0,0.0,0.0,0.0,0.0,0.0,0.0,0.0,0.0,0.0,0.0,0.0,0.0,0.0,0.0,0.0,0.0,0.0,0.0,0.0,0.0,0.0,0.0,0.0,0.0,0.0,0.0,0.0,0.0,0.0,0.0,0.0,0.0,0.0,0.0,0.0,0.0,0.0,0.0,0.0,0.0,0.0,0.0,0.0,0.0,0.0,0.0,0.0,0.0,0.0,0.0,0.0,0.0,0.0,0.0,0.0,0.0,0.0,0.0,0.0,0.0,0.0,0.0,0.0,0.0,0.0,0.0,0.0,0.0,0.0,0.0,0.0,0.0,0.0,0.0,0.0,0.0,0.0,0.0,0.0,0.0,0.0,0.0,0.0,0.0,0.0,0.0,0.0,0.0,0.0,0.0,0.0,0.0,0.0,0.0,0.0,0.0,0.0,0.0,0.0,0.0,0.0,0.0,0.0,0.0,0.0,0.0,0.0,0.0,0.0,0.0,0.0,0.0,0.0,0.0,0.0,0.0,0.0,0.0,0.0,0.0,0.0,0.0,0.0,0.0,0.0,0.0,0.0,0.0,0.0,0.0,0.0,0.0,0.0,0.0,0.0,0.0,0.0,0.0,0.0,0.0,0.0,0.0,0.0,0.0,0.0,0.0,0.0,0.0,0.0,0.0,0.0,0.0,0.0,0.0,0.0,0.0,0.0,0.0,0.0,0.0,0.0,0.0,0.0,0.0,0.0,0.0,0.0,0.0,0.0,0.0,0.0,0.0,0.0,0.0,0.0,0.0,0.0,0.0,0.0,0.0,0.0,0.0,0.0,0.0,0.0,0.0,0.0,0.0,0.0,0.0,0.0,0.0,0.0,0.0,0.0,0.0,0.0,0.0,0.0,0.0,0.0,0.0,0.0,0.0,0.0,0.0,0.0,0.0,0.0,0.0,0.0,0.0,0.0,0.0,0.0,0.0,0.0,0.0,0.0,0.0,0.0,0.0,0.0,0.0,0.0,0.0,0.0,0.0,0.0,0.0,0.0,0.0,0.0,0.0,0.0,0.0,0.0,0.0,0.0,0.0,0.0,0.0,0.0,0.0,0.0,0.0,0.0,0.0,0.0,0.0,0.0,0.0,0.0,0.0,0.0,0.0,0.0,0.0,0.0,0.0,0.0,0.0,0.0,0.0,0.0,0.0,0.0,0.0,0.0,0.0,0.0,0.0,0.0,0.0,0.0,0.0,0.0,0.0,0.0,0.0,0.0,0.0,0.0,0.0,0.0,0.0,0.0,0.0,0.0,0.0,0.0,0.0,0.0,0.0,0.0,0.0,0.0,0.0,0.0,0.0,0.0,0.0,0.0,0.0,0.0,0.0,0.0,0.0,0.0,0.0,0.0,0.0,0.0,0.0,0.0,0.0,0.0,0.0,0.0,0.0,0.0,0.0,0.0,0.0,0.0,0.0,0.0,0.0,0.0,0.0,0.0,0.0,0.0,0.0,0.0,0.0,0.0,0.0,0.0,0.0,0.0,0.0,0.0,0.0,0.0,0.0,0.0,0.0,0.0,0.0,0.0,0.0,0.0,0.0,0.0,0.0,0.0,0.0,0.0,0.0,0.0,0.0,0.0,0.0,0.0,0.0,0.0,0.0,0.0,0.0,0.0,0.0,0.0,0.0,0.0,0.0,0.0,0.0,0.0,0.0,0.0,0.0,0.0,0.0,0.0,0.0,0.0,0.0,0.0,0.0,0.0,0.0,0.0,0.0,0.0,0.0,0.0,0.0,0.0,0.0,0.0,0.0,0.0,0.0,0.0,0.0,0.0,0.0,0.0,0.0,0.0,0.0,0.0,0.0,0.0,0.0,0.0,0.0,0.0,0.0,0.0,0.0,0.0,0.0,0.0,0.0,0.0,0.0,0.0,0.0,0.0,0.0,0.0,0.0,0.0,0.0,0.0,0.0,0.0,0.0,0.0,0.0,0.0,0.0,0.0,0.0,0.0,0.0,0.0,0.0,0.0,0.0,0.0,0.0,0.0,0.0,0.0,0.0,0.0,0.0,0.0,0.0,0.0,0.0,0.0,0.0,0.0,0.0,0.0,0.0,0.0,0.0,0.0,0.0,0.0,0.0,0.0,0.0,0.0,0.0,0.0,0.0,0.0,0.0,0.0,0.0,0.0,0.0,0.0,0.0,0.0,0.0,0.0,0.0,0.0,0.0,0.0,0.0,0.0,0.0,0.0,0.0,0.0,0.0,0.0,0.0,0.0,0.0,0.0,0.0,0.0,0.0,0.0,0.0,0.0,0.0,0.0,0.0,0.0,0.0,0.0,0.0,0.0,0.0,0.0,0.03707180385070226,-0.002745631017235516,9.545821214010302e-12,-4.269718063657935e-5,-5.948370994374333e-6,5.648741641424026e-9,-3.4427871134744444e-8,4.102281816441908e-5,0.0004487357592987833,1.1450765846693877e-7,-4.798478444920641e-12,3.292915008293417e-5,0.0016918884505686546,-2.956056005420883e-11,-0.001980453957956274,4.703531245966682e-9,-0.00044855999212477796,-4.160774791494848e-6,-6.011733235309482e-6,1.7653876500932784e-8,9.758238364538877e-10,2.9416482903644613e-9,0.0031026665404433047,-0.0001243700932271481,-1.7021234226125648e-9,-1.5620398275813768e-9,1.7207883902536802e-10,-1.7170935186795862e-5,-0.003728214884098751,-1.5218960055725148e-12,4.48903862293906e-12,5.16086824272491e-8,-1.6001709588903104e-12,-1.385764486069623e-9,2.6538461345292803e-8,1.3653692163058123e-7,-7.844154663546998e-10,3.768364948537006e-9,-0.003071678792176519,-7.461950945798686e-6,-1.4263266357165141e-12,-1.3532181212727746e-5,3.8911373295341923e-7,3.983717055372139e-6,0.00013221666122814586,0.0006881346301144857,-1.4287858283835373e-12,-1.7225620697208023e-13,2.071777158805119e-5,0.00025670598363695236,-1.1015881182730372e-5,1.3839476772309682e-7,-1.0582756749669459e-10,2.2569614111983792e-10,0.0004639668541712003,-3.0101842626795387e-5,-2.6951907558453082e-5,-0.0002307778509536786,0.004075287245580869,-2.8688032527345655e-10,-2.8081803305630468e-5,9.356158241953349e-9,9.756903147202472e-7,-1.7207604681517297e-6,-0.0025590679184964243,-1.0430337905173409e-9,9.942813124043583e-10,4.6595039860652434e-8,-0.00015931395536096548,-1.7321591329212672e-12,0.0022013287816884984,9.9182718357673e-11,-0.006027516574791577,4.1408826003799076e-11,-5.326249723448967e-13,0.0004898004818560635,-9.844364681516244e-7,-0.00018677250210847148,0.0007031803136843401,1.4755088244966742e-5,-1.4720264603280365e-5,-1.167162761418333e-10,0.0001904425467336588,-0.002537556893945888,-4.2662592875444436e-8,9.831675374592665e-6,0.0006021567147405165,-4.0012362486181127e-8,-7.269276886356129e-5,-1.8515974936452647e-8,-3.555157840508814e-5,-5.504528845367515e-11,-6.234989891151102e-7,-0.0002634311159393844,-8.728008221742567e-12,-0.008786492867030152,2.295786343752201e-5,1.3092958187516682e-6,-1.9932643905911065e-12,-1.394662718108433e-10,0.0026446814349488706,0.0043358261682679335,2.5029824149271454e-10,6.628745339878386e-12,2.5555363448819595e-11,-2.354907438519148e-9,-2.145464440992899e-7,-0.001872194987282728,-7.470474861660584e-8,-0.0006610022543602792,-7.759226508016348e-12,-5.896279507609626e-6,-4.9035236794482245e-9,-9.762346758147639e-8,0.00018712059686018214,-9.003130020018318e-6,1.1033481387612475e-9,2.4701366767367766e-8,-5.3393516935157354e-5,2.2140791672846587e-5,-5.36187534363393e-10,0.0011094218436908142,0.004727179591724816,-5.688324377051566e-9,1.6222300557620486e-7,4.133920402488511e-7,4.1073363292617034e-8,4.691800076343547e-12,-1.547056515851062e-5,8.768741715936403e-8,-3.583151502426571e-5,-0.0012479823993167712,-6.975247995125065e-6,-0.0008501251609958204,-2.31540887949585e-8,4.426319140868759e-11,4.190118245493598e-14,0.0006608191491541402,6.845074243979935e-5,0.0002511702491317903,7.73461162001293e-5,2.360242900634377e-10,4.30710593406112e-6,5.09383381434561e-12,2.838034190756212e-8,-1.5961526883782372e-9,-9.361395895414014e-12,0.0023677438648383696,-5.130289070618736e-10,-0.0005866213504703424,0.00021553539589376185,-0.004504421597923068,2.5928936975268313e-12,0.002365143590762756,8.359148096911783e-7,0.00034839709230632184,-0.0002554250244165037,0.0011167024159717035,2.466171220488877e-7,-5.862371435877998e-7,-1.8348348058494583e-12,1.1222873305501758e-13,1.8819096810008365e-12,0.00023977236051724512,4.85384925206288e-12,-1.200444491811719e-5,-0.005334718984393016,-0.0009412774394547003,-2.0578211781865853e-5,-5.90044672875307e-6,-0.003720747435648617,-8.729398343836676e-14,7.390308766237244e-6,0.00015665932024802213,8.015920385188977e-6,-0.0001855344225313399,-2.3192690854703917e-5,-0.0022175269537689554,1.0227992290674864e-12,-0.0009279792977962503,-9.743289739068365e-9,-1.8883827235137967e-6,-9.972095305885899e-5,1.800123610486e-8,-2.421025425178628e-11,4.461589386994212e-5,-1.149592812772608e-11,-8.835618614374706e-5,0.0005595459930242619,-3.392081993380698e-9,-6.657548855162182e-7,-6.883829209071098e-8,0.004962683010258638,3.7809301928709235e-7,2.974789782735728e-5,-6.866330581043424e-11,5.7893436978067476e-8,1.7537773457084646e-5,-1.2590706631503431e-9,0.0025291403138978817,1.0361098751195008e-10,0.0034626121483909023,0.0069205995206046015,-6.2431089236985725e-6,-1.9972157810073928e-10,1.6797573246093616e-8,1.8909838008905127e-7,-5.883686385130039e-8,7.686258181438883e-5,1.415137852247294e-9,8.888710535506091e-11,-1.2089206171562953e-7,-0.002457512103774434,2.1684380182649054e-11,-5.2665399200847e-7,-5.594646140322562e-7,-8.293782374020029e-5,0.0006688473864293721,8.91790143554595e-12,-3.879812428821677e-12,-0.01648929725740606,5.0505699095509596e-5,8.756685575339761e-7,-1.2425019361839916e-9,-3.4616566981360484e-6,0.004673365116717647,5.639326612482918e-7,-5.026958587446938e-10,6.997145345100853e-9,0.00026326433909815475,-0.0004751626483013412,-2.90294828417903e-5,-0.00034724080418302997,9.991808605061641e-5,0.0005184429281847092,7.527459337633711e-11,5.848245845016546e-12,-0.00019703688834350646,1.5818448840268148e-6,-8.326630564310468e-13
0.0,0.0,0.0,0.0,0.0,0.0,0.0,0.0,0.0,0.0,0.0,0.0,0.0,0.0,0.0,0.0,0.0,0.0,0.0,0.0,0.0,0.0,0.0,0.0,0.0,0.0,0.0,0.0,0.0,0.0,0.0,0.0,0.0,0.0,0.0,0.0,0.0,0.0,0.0,0.0,0.0,0.0,0.0,0.0,0.0,0.0,0.0,0.0,0.0,0.0,0.0,0.0,0.0,0.0,0.0,0.0,0.0,0.0,0.0,0.0,0.0,0.0,0.0,0.0,0.0,0.0,0.0,0.0,0.0,0.0,0.0,0.0,0.0,0.0,0.0,0.0,0.0,0.0,0.0,0.0,0.0,0.0,0.0,0.0,0.0,0.0,0.0,0.0,0.0,0.0,0.0,0.0,0.0,0.0,0.0,0.0,0.0,0.0,0.0,0.0,0.0,0.0,0.0,0.0,0.0,0.0,0.0,0.0,0.0,0.0,0.0,0.0,0.0,0.0,0.0,0.0,0.0,0.0,0.0,0.0,0.0,0.0,0.0,0.0,0.0,0.0,0.0,0.0,0.0,0.0,0.0,0.0,0.0,0.0,0.0,0.0,0.0,0.0,0.0,0.0,0.0,0.0,0.0,0.0,0.0,0.0,0.0,0.0,0.0,0.0,0.0,0.0,0.0,0.0,0.0,0.0,0.0,0.0,0.0,0.0,0.0,0.0,0.0,0.0,0.0,0.0,0.0,0.0,0.0,0.0,0.0,0.0,0.0,0.0,0.0,0.0,0.0,0.0,0.0,0.0,0.0,0.0,0.0,0.0,0.0,0.0,0.0,0.0,0.0,0.0,0.0,0.0,0.0,0.0,0.0,0.0,0.0,0.0,0.0,0.0,0.0,0.0,0.0,0.0,0.0,0.0,0.0,0.0,0.0,0.0,0.0,0.0,0.0,0.0,0.0,0.0,0.0,0.0,0.0,0.0,0.0,0.0,0.0,0.0,0.0,0.0,0.0,0.0,0.0,0.0,0.0,0.0,0.0,0.0,0.0,0.0,0.0,0.0,0.0,0.0,0.0,0.0,0.0,0.0,0.0,0.0,0.0,0.0,0.0,0.0,0.0,0.0,0.0,0.0,0.0,0.0,0.0,0.0,0.0,0.0,0.0,0.0,0.0,0.0,0.0,0.0,0.0,0.0,0.0,0.0,0.0,0.0,0.0,0.0,0.0,0.0,0.0,0.0,0.0,0.0,0.0,0.0,0.0,0.0,0.0,0.0,0.0,0.0,0.0,0.0,0.0,0.0,0.0,0.0,0.0,0.0,0.0,0.0,0.0,0.0,0.0,0.0,0.0,0.0,0.0,0.0,0.0,0.0,0.0,0.0,0.0,0.0,0.0,0.0,0.0,0.0,0.0,0.0,0.0,0.0,0.0,0.0,0.0,0.0,0.0,0.0,0.0,0.0,0.0,0.0,0.0,0.0,0.0,0.0,0.0,0.0,0.0,0.0,0.0,0.0,0.0,0.0,0.0,0.0,0.0,0.0,0.0,0.0,0.0,0.0,0.0,0.0,0.0,0.0,0.0,0.0,0.0,0.0,0.0,0.0,0.0,0.0,0.0,0.0,0.0,0.0,0.0,0.0,0.0,0.0,0.0,0.0,0.0,0.0,0.0,0.0,0.0,0.0,0.0,0.0,0.0,0.0,0.0,0.0,0.0,0.0,0.0,0.0,0.0,0.0,0.0,0.0,0.0,0.0,0.0,0.0,0.0,0.0,0.0,0.0,0.0,0.0,0.0,0.0,0.0,0.0,0.0,0.0,0.0,0.0,0.0,0.0,0.0,0.0,0.0,0.0,0.0,0.0,0.0,0.0,0.0,0.0,0.0,0.0,0.0,0.0,0.0,0.0,0.0,0.0,0.0,0.0,0.0,0.0,0.0,0.0,0.0,0.0,0.0,0.0,0.0,0.0,0.0,0.0,0.0,0.0,0.0,0.0,0.0,0.0,0.0,0.0,0.0,0.0,0.0,0.0,0.0,0.0,0.0,0.0,0.0,0.0,0.0,0.0,0.0,0.0,0.0,0.0,0.0,0.0,0.0,0.0,0.0,0.0,0.0,0.0,0.0,0.0,0.0,0.0,0.0,0.0,0.0,0.0,0.0,0.0,0.0,0.0,0.0,0.0,0.0,0.0,0.0,0.0,0.0,0.0,0.0,0.0,0.0,0.0,0.0,0.0,0.0,0.0,0.0,0.0,0.0,0.0,0.0,0.0,0.0,0.0,0.0,0.0,0.0,0.0,0.0,0.0,0.0,0.0,0.0,0.0,0.0,0.0,0.0,0.0,0.0,0.0,0.0,0.0,0.0,0.0,0.0,0.0,0.0,0.0,0.0,0.0,0.0,0.0,0.0,0.0,0.0,0.0,0.0,0.0,0.0,0.0,0.0,0.0,0.0,0.0,0.0,0.0,0.0,0.0,0.0,0.0,0.0,0.0,0.03572832109557788,8.334860174358933e-14,0.0001921346850661592,2.5636449827073363e-8,4.155149729318862e-10,-3.5964508540453415e-10,0.0002716234805439296,5.259524368806245e-5,-2.91231375532204e-8,9.821524474271523e-13,0.00028489881437152134,0.0014434188614598322,-1.9562948577168527e-12,-0.002362297973456836,5.828530205236029e-10,-2.8690164393682398e-5,-1.454367311432749e-7,5.011082267667581e-7,-8.467472011642848e-10,-3.145498347792323e-11,-2.1293098268011046e-9,0.0003331703992346179,-2.016208261831418e-5,-5.058393439167333e-10,2.2545219388745918e-10,3.903325026098106e-11,5.271896020392929e-5,-0.003025553387745981,2.6039046465252952e-14,-1.8715417900682203e-12,8.056898689504019e-9,1.8650170830438942e-13,6.812619870022342e-11,8.040888422729755e-9,5.2294069844810945e-8,3.2598032426211735e-9,-1.031894190075682e-9,-0.0011083392557886252,1.6120382832269822e-8,2.7727798909068413e-13,-0.00013001601716756668,-1.275699058945186e-7,1.0492891909541241e-7,3.927963482705588e-5,5.556980671781846e-5,4.5152766607520735e-13,9.308547363653849e-15,-3.39761070277292e-5,-0.0021229739334866636,0.0001621366037747195,-3.6252350746459695e-8,1.4988377856819736e-11,3.5890282075411096e-11,0.00018045502651098798,1.8235159431447066e-5,-0.00011696182307648495,-4.1426553797661805e-6,0.0007212832834212185,-1.10190460401977e-10,-2.100910392376027e-5,-3.911116592687801e-9,-8.259038298031719e-9,-1.0391642182825284e-6,0.0008090273446264796,5.133951667924362e-9,-2.2131068086274792e-10,-3.2913727616779622e-9,-0.0011384087761757134,1.3818180699356323e-13,0.0011686786175449054,-2.5267670944172524e-11,0.0005486500437703169,-2.4049106651472995e-11,-1.4595849747997947e-14,0.0029637578570601685,-3.592334306481685e-8,-5.389502453530237e-6,-4.614251543320914e-5,3.02515008112083e-7,-1.5826555574341287e-6,1.5743521083461652e-12,-0.0008002988780370745,-0.005710123432028632,-1.7292227072735642e-8,5.0868160144122845e-5,0.005776957743077613,-8.563172240644906e-8,2.5942354391350237e-5,8.900188569590256e-10,-2.3163564949360924e-6,-4.4285301006102297e-13,4.475172964815424e-8,-0.00016982598844572064,5.029908619902956e-13,0.006409728855319409,-2.8140468684421614e-5,4.814768626514936e-7,6.486136140909217e-13,6.227098828464879e-12,0.0006026582639627516,0.001265099783293155,1.0131646321201797e-9,4.036914810150189e-14,-9.192287928203056e-13,-6.162907998463108e-10,1.0269835827079249e-8,-0.0010397396732549494,-1.3336646251564797e-7,0.0035592478462231373,-1.194028739244794e-13,2.920064391318174e-8,6.293942745841229e-10,1.159328242166176e-9,0.015962968337092726,-3.418950516258276e-7,-5.123719284375088e-11,1.5103122708211224e-8,-6.267092304313927e-6,4.823171181893358e-7,3.0387259400542946e-11,0.000652661943024321,0.0004969500679081786,7.966948968510992e-10,-1.9052123738332445e-8,1.0295363942692374e-8,-1.4340425477113384e-9,1.2509387035341144e-12,-5.763398097192953e-5,-2.6791919615077673e-8,0.0002324704396175435,0.011535901267193845,-1.902868032494987e-6,0.00216264028192355,-5.592846320234001e-9,-2.206060893717695e-12,8.461208059377859e-14,0.00018183867428869766,5.9490207175453315e-6,0.0003907795345931679,-0.00023590662901639745,4.666039096237348e-12,-5.749261666375045e-7,-1.0833621445241049e-13,-1.3374800134108324e-9,-1.2230499439212694e-10,5.6094303862736644e-12,-0.0003998180331322135,4.637335390009346e-10,7.494083334378276e-5,6.1511943832792965e-6,0.00015575441102272521,-5.035566827583189e-13,0.0010935503305058668,-2.3716329911031068e-7,4.354683051665153e-6,0.0016315370035380032,0.0021673785437892846,1.3383746643628961e-8,-1.3096761076011201e-8,1.5918422223842415e-13,2.483693936282346e-15,-1.6246646277979686e-13,5.9183451056907454e-5,-1.0796864611500568e-13,-3.7092729871711254e-6,-0.00023852271986257904,-0.00020768733043419546,0.0017521421108367059,-2.439734243785807e-6,0.002888974197252373,3.0410357530672813e-14,-1.4948149722386278e-5,0.00046878295813781995,3.8920756735123697e-7,-0.0003970104932150937,0.0027514173749785477,-0.008188573579863025,-4.3963470207269904e-13,-5.657246516036551e-5,9.753067118627942e-10,-1.3437008722734082e-6,0.0006258972549373801,-2.5008291380784787e-9,1.2685996671792556e-11,-6.554441620811643e-6,8.033146908714954e-13,1.1690064994730117e-6,-0.0008644948159405641,-3.592093372439019e-11,-3.769658177944955e-8,6.264020843997649e-9,0.000307763322247513,1.6481293287564534e-8,0.0002126182591263092,-7.337724558032889e-12,1.8048523873790366e-9,1.1274072413095622e-5,3.2721866713151745e-10,-0.012108056440454344,-2.3184589144570618e-11,0.0013377023960625626,-0.001967844506609866,-0.00023205660095435734,-3.3715766969766775e-11,1.6748186093748111e-9,4.515553506053174e-8,-5.80298917651839e-9,-0.0008578684111773016,-1.314425950459553e-10,-4.59489774774651e-12,-9.7507772701147e-7,-0.000906260668250859,-4.031770937581035e-12,1.4541594737079031e-8,2.19167478067765e-7,-9.892681293058367e-6,2.085274573513504e-5,2.0012846204088515e-12,2.322239105339231e-13,0.00013255293433029486,-2.7838049451355683e-5,-3.0753654930865275e-8,-3.7933862497062774e-11,-1.7382113630783628e-7,-0.00017534489113127882,-9.89571848132458e-8,8.580169976835989e-10,7.862497288792603e-10,-0.0028297191243832794,-0.0006117721281934912,-1.6296043066578662e-5,-9.292905969935027e-5,4.8607269200629904e-5,-7.707074135322342e-5,-5.1745227206811874e-12,-5.507935693171872e-13,-8.49091000956686e-5,-3.709773152182e-8,1.0421851326424704e-13
0.0,0.0,0.0,0.0,0.0,0.0,0.0,0.0,0.0,0.0,0.0,0.0,0.0,0.0,0.0,0.0,0.0,0.0,0.0,0.0,0.0,0.0,0.0,0.0,0.0,0.0,0.0,0.0,0.0,0.0,0.0,0.0,0.0,0.0,0.0,0.0,0.0,0.0,0.0,0.0,0.0,0.0,0.0,0.0,0.0,0.0,0.0,0.0,0.0,0.0,0.0,0.0,0.0,0.0,0.0,0.0,0.0,0.0,0.0,0.0,0.0,0.0,0.0,0.0,0.0,0.0,0.0,0.0,0.0,0.0,0.0,0.0,0.0,0.0,0.0,0.0,0.0,0.0,0.0,0.0,0.0,0.0,0.0,0.0,0.0,0.0,0.0,0.0,0.0,0.0,0.0,0.0,0.0,0.0,0.0,0.0,0.0,0.0,0.0,0.0,0.0,0.0,0.0,0.0,0.0,0.0,0.0,0.0,0.0,0.0,0.0,0.0,0.0,0.0,0.0,0.0,0.0,0.0,0.0,0.0,0.0,0.0,0.0,0.0,0.0,0.0,0.0,0.0,0.0,0.0,0.0,0.0,0.0,0.0,0.0,0.0,0.0,0.0,0.0,0.0,0.0,0.0,0.0,0.0,0.0,0.0,0.0,0.0,0.0,0.0,0.0,0.0,0.0,0.0,0.0,0.0,0.0,0.0,0.0,0.0,0.0,0.0,0.0,0.0,0.0,0.0,0.0,0.0,0.0,0.0,0.0,0.0,0.0,0.0,0.0,0.0,0.0,0.0,0.0,0.0,0.0,0.0,0.0,0.0,0.0,0.0,0.0,0.0,0.0,0.0,0.0,0.0,0.0,0.0,0.0,0.0,0.0,0.0,0.0,0.0,0.0,0.0,0.0,0.0,0.0,0.0,0.0,0.0,0.0,0.0,0.0,0.0,0.0,0.0,0.0,0.0,0.0,0.0,0.0,0.0,0.0,0.0,0.0,0.0,0.0,0.0,0.0,0.0,0.0,0.0,0.0,0.0,0.0,0.0,0.0,0.0,0.0,0.0,0.0,0.0,0.0,0.0,0.0,0.0,0.0,0.0,0.0,0.0,0.0,0.0,0.0,0.0,0.0,0.0,0.0,0.0,0.0,0.0,0.0,0.0,0.0,0.0,0.0,0.0,0.0,0.0,0.0,0.0,0.0,0.0,0.0,0.0,0.0,0.0,0.0,0.0,0.0,0.0,0.0,0.0,0.0,0.0,0.0,0.0,0.0,0.0,0.0,0.0,0.0,0.0,0.0,0.0,0.0,0.0,0.0,0.0,0.0,0.0,0.0,0.0,0.0,0.0,0.0,0.0,0.0,0.0,0.0,0.0,0.0,0.0,0.0,0.0,0.0,0.0,0.0,0.0,0.0,0.0,0.0,0.0,0.0,0.0,0.0,0.0,0.0,0.0,0.0,0.0,0.0,0.0,0.0,0.0,0.0,0.0,0.0,0.0,0.0,0.0,0.0,0.0,0.0,0.0,0.0,0.0,0.0,0.0,0.0,0.0,0.0,0.0,0.0,0.0,0.0,0.0,0.0,0.0,0.0,0.0,0.0,0.0,0.0,0.0,0.0,0.0,0.0,0.0,0.0,0.0,0.0,0.0,0.0,0.0,0.0,0.0,0.0,0.0,0.0,0.0,0.0,0.0,0.0,0.0,0.0,0.0,0.0,0.0,0.0,0.0,0.0,0.0,0.0,0.0,0.0,0.0,0.0,0.0,0.0,0.0,0.0,0.0,0.0,0.0,0.0,0.0,0.0,0.0,0.0,0.0,0.0,0.0,0.0,0.0,0.0,0.0,0.0,0.0,0.0,0.0,0.0,0.0,0.0,0.0,0.0,0.0,0.0,0.0,0.0,0.0,0.0,0.0,0.0,0.0,0.0,0.0,0.0,0.0,0.0,0.0,0.0,0.0,0.0,0.0,0.0,0.0,0.0,0.0,0.0,0.0,0.0,0.0,0.0,0.0,0.0,0.0,0.0,0.0,0.0,0.0,0.0,0.0,0.0,0.0,0.0,0.0,0.0,0.0,0.0,0.0,0.0,0.0,0.0,0.0,0.0,0.0,0.0,0.0,0.0,0.0,0.0,0.0,0.0,0.0,0.0,0.0,0.0,0.0,0.0,0.0,0.0,0.0,0.0,0.0,0.0,0.0,0.0,0.0,0.0,0.0,0.0,0.0,0.0,0.0,0.0,0.0,0.0,0.0,0.0,0.0,0.0,0.0,0.0,0.0,0.0,0.0,0.0,0.0,0.0,0.0,0.0,0.0,0.0,0.0,0.0,0.0,0.0,0.0,0.0,0.0,0.0,0.0,0.0,0.0,0.0,0.0,0.0,0.0,0.0,0.0,0.0,0.0,0.0,0.0,0.0,0.0,0.0,0.0,0.0,0.0,0.0,0.0,0.0,0.0,0.0,0.0,0.0,0.0,0.0,0.0,0.0,0.0,0.0,0.04806889432888881,3.0405600165805907e-15,8.738436228472657e-9,-1.585437840571957e-5,-2.5190558366447058e-8,2.4903157930224498e-14,-2.6694977758697578e-11,2.0018966872704026e-7,-0.0006830792279070974,2.0369233963115686e-13,-1.7287580124098305e-12,0.0011838637334731156,-5.75339668729676e-12,-2.951447487503212e-6,7.740148375469609e-10,9.208614862651015e-9,1.9079339385744072e-8,-1.7997176776988146e-6,0.0004110557436382804,-2.148298215877637e-7,2.7341150169404e-11,-3.9518644660788824e-10,1.8278618375370306e-6,-5.28347295599796e-5,0.0003259875028199013,-1.8794732905261255e-14,2.2708116737373834e-12,0.004624279470908798,0.00039355081311839336,1.1100107890952948e-7,0.0003488234973109861,-0.00029690369977661095,-1.5760729530383095e-6,6.006238796772735e-8,3.821800895474781e-6,-3.6150622297354317e-6,-2.722883770702374e-12,-5.3565070890077943e-8,-0.002215501746647807,2.0339800411862205e-14,-2.0662445591010008e-7,-2.5617285578938437e-9,-4.5256983401670974e-10,-3.742558776861499e-10,-0.0006827535060495907,-0.00039560657338492126,-4.803596369917193e-15,-8.626473804493404e-14,-1.9616179484999e-15,6.541926180781443e-8,-0.0003744236389920992,-3.76417169584553e-5,8.046355730152979e-11,3.73900130204751e-10,8.10250075119037e-15,-4.155817566636078e-11,-2.229832554882456e-12,5.635669182367504e-5,-5.1113889295784775e-15,-1.4821404413385485e-6,3.0954723911361714e-8,-3.5377643300522907e-9,2.5338092729100625e-11,6.0892315461804e-6,4.557333861078759e-5,-1.747708562539961e-6,-2.2224771745121873e-14,0.0009280028087437083,4.139683291129728e-12,0.00044567976252566873,-1.1772876819389236e-11,0.0010917896025321539,0.0005561163084965781,1.2079691530262294e-12,-8.125731228530631e-8,-1.5087308444424447e-10,4.7712612322426736e-11,5.705335433821803e-9,-5.325908762400477e-9,-0.00021891615960948103,1.2279096697757046e-13,4.256093269019215e-13,-5.920472065133138e-7,4.583369313895274e-10,2.745183588471954e-12,-3.681931297491296e-8,-2.1174648953388917e-11,-2.9881333934565608e-5,2.80382762855704e-9,-0.003202311802029207,1.0654237905187682e-7,-1.4479308035864315e-14,-0.0005644439566855906,3.2944897721369626e-12,-1.2678247152217937e-14,7.743180948296285e-9,-0.0004696461837744744,0.00011381889690728397,-1.7190426800119302e-12,-3.2820772738931425e-13,-1.176958481543582e-6,0.0020171031587764253,0.001225762614353746,-1.2829917211209873e-5,-4.511241988597568e-7,-4.0853576541963946e-13,-3.2774644091120376e-8,7.696312565475323e-13,0.0031006524372582285,-1.2105145893645317e-9,2.0044081237222952e-5,2.3554478218383583e-7,2.9725672656333967e-13,-2.6645002242331876e-9,0.00026987615123712526,7.523279074860151e-7,7.019179964242459e-10,-8.03309273643128e-10,-0.00013647411778176357,-2.6413984868464246e-13,-9.757969993925528e-14,-5.226611581486175e-6,-2.7262900733398935e-7,-1.0918314312515637e-7,6.122965110920102e-7,0.005153370248040035,1.9162451460726722e-10,-4.451099844970751e-7,-8.754131871124173e-16,8.745277453303272e-13,-2.186833946769425e-9,1.1122592034609795e-13,-1.5257194710651399e-6,0.000760969277223032,0.0006448062708564094,7.817575106609552e-11,-1.1659456450058953e-9,7.82963813383528e-12,1.4111774936162516e-15,-0.0003646702572613412,1.7780437618285494e-8,0.0005982250475703431,7.494329537349261e-6,-7.914832669954865e-7,-0.00040279342268647136,-1.216775884403556e-11,6.562913084450324e-6,-2.8372234238161876e-11,4.992051254408543e-10,9.621152766676631e-12,-0.002575772822673662,-1.6139759609276373e-14,1.041756393867229e-7,-8.794339343055483e-11,-9.34786039723451e-15,8.171329522557563e-15,2.697011136058888e-7,-2.9983289994469136e-9,0.001635901365785837,0.0006947244351436984,-0.0006951533925076347,6.935938132806741e-12,0.0006128651405108867,3.269657509800059e-10,1.904523582179647e-12,-1.5635408276904907e-12,7.737921677057705e-14,4.4061492101473375e-9,2.6645106658235946e-12,9.299426124205323e-5,3.616554478406315e-11,1.3216878716805055e-11,1.2090056863772294e-8,-1.8559101993912204e-13,1.1563146434432827e-13,6.154725708020216e-14,0.0018545660889158946,1.3372554558432904e-10,-2.3261935257881716e-5,-1.6045187583799406e-8,-5.691958213287941e-14,2.1326248241182818e-6,-3.8709654875557047e-5,1.4956593084784277e-9,0.0012884863107340896,-2.0214257397547916e-9,3.986903690475668e-12,-3.0566211039583776e-5,-2.3058246801095878e-7,-5.969940116131757e-7,-8.348107708307458e-12,-1.2660682669793534e-7,1.3537671117672338e-14,0.0006645455794425412,-2.8748428289487176e-8,1.7465758287539117e-12,-4.559586399195403e-7,-3.355428962968509e-13,0.0005985527127894126,-7.966800324357907e-13,-1.3340226559623236e-12,3.616593349552676e-15,-0.0002363007154463895,5.940351786829511e-6,-5.087423575424533e-8,-1.1922822980122996e-7,-2.485352462219438e-14,9.39112045513585e-5,0.00033772122588668796,1.9855893572092386e-9,1.0969963861121561e-12,0.0006274473782904298,1.8951054276710585e-7,8.696383537477855e-8,1.3999816606279156e-10,4.709430496595085e-11,0.0003303852982773501,-0.0012055081505098334,-5.472411120997286e-13,3.0494395689209787e-10,-1.762273130674959e-8,-2.2124845181839863e-5,3.965758081184713e-10,-8.410639617318979e-13,-3.974518965119537e-8,7.959067938660014e-6,4.408604087246507e-6,-3.2617895376682134e-14,6.156413439272835e-13,1.2937439907766423e-11,9.54690805698388e-12,-1.197734405389229e-10,-7.416811150370818e-13,0.0011529908249217334,0.006788696708864371,-4.513154479133499e-14,6.944304658340644e-11,-0.0005379697341944209
0.0,0.0,0.0,0.0,0.0,0.0,0.0,0.0,0.0,0.0,0.0,0.0,0.0,0.0,0.0,0.0,0.0,0.0,0.0,0.0,0.0,0.0,0.0,0.0,0.0,0.0,0.0,0.0,0.0,0.0,0.0,0.0,0.0,0.0,0.0,0.0,0.0,0.0,0.0,0.0,0.0,0.0,0.0,0.0,0.0,0.0,0.0,0.0,0.0,0.0,0.0,0.0,0.0,0.0,0.0,0.0,0.0,0.0,0.0,0.0,0.0,0.0,0.0,0.0,0.0,0.0,0.0,0.0,0.0,0.0,0.0,0.0,0.0,0.0,0.0,0.0,0.0,0.0,0.0,0.0,0.0,0.0,0.0,0.0,0.0,0.0,0.0,0.0,0.0,0.0,0.0,0.0,0.0,0.0,0.0,0.0,0.0,0.0,0.0,0.0,0.0,0.0,0.0,0.0,0.0,0.0,0.0,0.0,0.0,0.0,0.0,0.0,0.0,0.0,0.0,0.0,0.0,0.0,0.0,0.0,0.0,0.0,0.0,0.0,0.0,0.0,0.0,0.0,0.0,0.0,0.0,0.0,0.0,0.0,0.0,0.0,0.0,0.0,0.0,0.0,0.0,0.0,0.0,0.0,0.0,0.0,0.0,0.0,0.0,0.0,0.0,0.0,0.0,0.0,0.0,0.0,0.0,0.0,0.0,0.0,0.0,0.0,0.0,0.0,0.0,0.0,0.0,0.0,0.0,0.0,0.0,0.0,0.0,0.0,0.0,0.0,0.0,0.0,0.0,0.0,0.0,0.0,0.0,0.0,0.0,0.0,0.0,0.0,0.0,0.0,0.0,0.0,0.0,0.0,0.0,0.0,0.0,0.0,0.0,0.0,0.0,0.0,0.0,0.0,0.0,0.0,0.0,0.0,0.0,0.0,0.0,0.0,0.0,0.0,0.0,0.0,0.0,0.0,0.0,0.0,0.0,0.0,0.0,0.0,0.0,0.0,0.0,0.0,0.0,0.0,0.0,0.0,0.0,0.0,0.0,0.0,0.0,0.0,0.0,0.0,0.0,0.0,0.0,0.0,0.0,0.0,0.0,0.0,0.0,0.0,0.0,0.0,0.0,0.0,0.0,0.0,0.0,0.0,0.0,0.0,0.0,0.0,0.0,0.0,0.0,0.0,0.0,0.0,0.0,0.0,0.0,0.0,0.0,0.0,0.0,0.0,0.0,0.0,0.0,0.0,0.0,0.0,0.0,0.0,0.0,0.0,0.0,0.0,0.0,0.0,0.0,0.0,0.0,0.0,0.0,0.0,0.0,0.0,0.0,0.0,0.0,0.0,0.0,0.0,0.0,0.0,0.0,0.0,0.0,0.0,0.0,0.0,0.0,0.0,0.0,0.0,0.0,0.0,0.0,0.0,0.0,0.0,0.0,0.0,0.0,0.0,0.0,0.0,0.0,0.0,0.0,0.0,0.0,0.0,0.0,0.0,0.0,0.0,0.0,0.0,0.0,0.0,0.0,0.0,0.0,0.0,0.0,0.0,0.0,0.0,0.0,0.0,0.0,0.0,0.0,0.0,0.0,0.0,0.0,0.0,0.0,0.0,0.0,0.0,0.0,0.0,0.0,0.0,0.0,0.0,0.0,0.0,0.0,0.0,0.0,0.0,0.0,0.0,0.0,0.0,0.0,0.0,0.0,0.0,0.0,0.0,0.0,0.0,0.0,0.0,0.0,0.0,0.0,0.0,0.0,0.0,0.0,0.0,0.0,0.0,0.0,0.0,0.0,0.0,0.0,0.0,0.0,0.0,0.0,0.0,0.0,0.0,0.0,0.0,0.0,0.0,0.0,0.0,0.0,0.0,0.0,0.0,0.0,0.0,0.0,0.0,0.0,0.0,0.0,0.0,0.0,0.0,0.0,0.0,0.0,0.0,0.0,0.0,0.0,0.0,0.0,0.0,0.0,0.0,0.0,0.0,0.0,0.0,0.0,0.0,0.0,0.0,0.0,0.0,0.0,0.0,0.0,0.0,0.0,0.0,0.0,0.0,0.0,0.0,0.0,0.0,0.0,0.0,0.0,0.0,0.0,0.0,0.0,0.0,0.0,0.0,0.0,0.0,0.0,0.0,0.0,0.0,0.0,0.0,0.0,0.0,0.0,0.0,0.0,0.0,0.0,0.0,0.0,0.0,0.0,0.0,0.0,0.0,0.0,0.0,0.0,0.0,0.0,0.0,0.0,0.0,0.0,0.0,0.0,0.0,0.0,0.0,0.0,0.0,0.0,0.0,0.0,0.0,0.0,0.0,0.0,0.0,0.0,0.0,0.0,0.0,0.0,0.0,0.0,0.0,0.0,0.0,0.0,0.0,0.0,0.0,0.0,0.0,0.0,0.0,0.0,0.0,0.0,0.0,0.0,0.0,0.0,0.0,0.0,0.0,0.0,0.0,0.0,0.0,0.0,0.0,0.0,0.0,0.0,0.0,0.0,0.0,0.02868154834990112,1.8470545100147082e-8,3.506181203872601e-11,-1.0124456643121099e-10,-0.003476138478160513,4.5741102454601933e-7,-8.626829281808132e-10,9.24042061313541e-14,-0.007144758193546506,-0.00030216022139732056,-1.8589132683411487e-14,-6.633193555075657e-5,1.7158527019436893e-10,-6.215419317953124e-7,8.96547179488471e-9,-1.814735930607688e-8,-1.8706905960137391e-10,8.109286074521713e-12,-4.952925659956022e-11,2.123574114533827e-5,-7.948607573628999e-7,-3.4482792465745733e-11,-2.3146018982966466e-12,-2.3076744373835563e-13,-0.001937610990677573,0.00011061645090154432,-9.858208013587535e-15,1.233893814982177e-13,-1.0057626286151276e-9,-2.031299456076254e-14,-7.564029599040508e-12,1.0409492866447765e-9,-8.953889288435343e-10,-4.2588402925583673e-10,5.90840667592315e-10,-3.802220943062774e-5,-3.2805320485458045e-8,3.727687920423611e-15,0.004200228510272274,-1.5058641990046983e-9,-1.4625595892818112e-8,2.257060480461305e-6,4.7666438332739045e-6,-7.244862741038317e-14,-7.83639491642555e-15,0.000646641108906065,-0.0013882235849618598,0.00026755557562383933,1.8191520013090095e-9,7.84906675282242e-13,4.993473166680497e-12,9.197692253998586e-6,5.233020510257711e-7,-0.01815969073158355,8.872330792314752e-7,5.4805342726748174e-5,2.149529475148355e-12,0.008543971239745127,-5.347557115801191e-11,-3.519697817680144e-8,2.464770407696172e-8,-1.6384338769625207e-5,3.4326201448662854e-10,5.357789279533576e-12,3.960692921488394e-11,0.004142234442214506,-1.559056584473321e-14,-0.00011992266845751602,1.1862376784802474e-12,2.2267388521998748e-5,-1.660952034266845e-13,-2.8568834298885325e-15,6.339400567569248e-5,-1.4309144832946072e-8,1.8203197462841415e-6,1.2383199677590863e-5,4.396312290152263e-7,-3.2070573696208105e-7,1.058477236820416e-13,-0.003289050285443322,-0.0001795335674837215,-1.536922407148235e-9,-2.6107305056205735e-6,-0.000389971171049472,1.3741716094856917e-8,-7.189846411020731e-6,-2.0247023439269417e-10,-9.697908399935605e-8,-1.9322354775745552e-14,-1.1367155507385833e-8,-0.0015856885829131921,-1.692008364226745e-14,0.0001382298575512172,-0.0011936965627663903,-7.149611168668675e-8,-3.749861178260406e-14,-1.2394597193130728e-12,-0.0001579750522187597,0.00024844788402413666,-2.021119143815674e-11,-6.982362111142972e-14,6.795890306861787e-14,3.717134527329205e-11,-4.680374352469706e-10,-1.922402266812791e-5,-1.9698803697915067e-8,0.0001156553024255519,-3.7290880405852336e-14,-5.470342558874829e-9,8.597402317963146e-11,-2.3518890802919767e-10,0.0004230456512056028,9.965899361470385e-8,8.07882361218225e-12,7.333530865109687e-10,-1.2129476873365966e-6,-3.1269582846008113e-7,-1.948452980794167e-12,-0.001641157024611923,4.657400849255886e-5,6.876245928698529e-12,1.8767441381156728e-9,3.4859593136328704e-9,-9.627921313842927e-10,-4.2794886386512465e-15,4.858186247424923e-6,5.404976291546008e-10,6.491733274999692e-5,0.00014862140263950956,2.1637758810892584e-7,0.001941408615582204,-1.8612459027842294e-10,1.0128337815958281e-13,-2.0681958521454884e-14,7.846729969111474e-6,-1.5331122576588255e-6,1.2875514012285399e-5,-0.000314998853246871,2.690772447363714e-12,4.4166343185396325e-10,5.660191265677036e-14,2.3536285265634483e-10,-1.3315239566337811e-11,1.5009240674654659e-13,5.17171892738207e-5,1.3278076430659505e-11,-3.8136599531731813e-6,4.400448201323203e-6,5.6697680277678694e-5,-1.3050203361174392e-15,-0.00033463372306198017,5.59896698444723e-9,-3.5433997377135494e-7,0.004650286765498112,-0.0036626948892527606,2.2644561382329143e-9,-1.9602260016965626e-10,-9.988886826563437e-15,-2.626501342201041e-15,1.6593173660364884e-14,2.897609675654511e-6,-2.969935304414865e-15,5.729022315294042e-7,-2.3671019435013668e-5,2.2980739321302496e-5,0.00020271354780867823,-1.4825087560915726e-7,0.00020080215814204642,1.3118017231736722e-15,1.2461342490976276e-6,8.395924987712658e-6,1.2525767594168877e-8,0.0009142714804629463,-0.0005955747146889504,0.0016798944661028112,6.450128187586097e-15,-4.806033442198545e-6,-3.26148141802154e-11,4.4956808905765395e-9,0.0011553157554528278,5.529346960635797e-10,-1.8689880713272306e-12,-1.0933594371504875e-7,-8.753973919937816e-14,3.790961970330836e-7,-0.00018410724527689084,-1.2455459339669625e-11,3.1783516258983835e-9,9.537188266607017e-10,7.08271920634018e-7,-5.638679847526905e-9,0.006231916947450072,-6.58219272353318e-14,1.3470155613510596e-9,1.6160559133028659e-6,-2.1897501130229366e-11,-0.0004142261717865987,-2.9662710547413817e-13,0.0003686353332968204,-0.00016321962929935932,0.0012739753019514392,-3.824315650764238e-12,2.5754230811977083e-10,5.046586705854969e-10,3.132851798570943e-9,0.0016459859868535826,-3.067858178611289e-13,8.71173854269756e-13,2.4927911102404856e-7,8.809040196895695e-6,-1.4440432229340853e-13,-2.0864044494845456e-9,-3.887572357993291e-9,-6.1845837989706345e-6,1.2650062736251018e-6,-5.439780273725299e-14,-2.0502845844944706e-14,9.661061342909738e-5,-1.1034422123255834e-7,2.8658709523783457e-9,-5.4820488589895834e-12,1.3960086796962624e-8,1.6384534105991704e-5,-1.7692931519629885e-9,9.861994397561366e-12,-4.3619369144007115e-11,0.0033804708026729763,6.523780096250333e-5,-4.932637526037977e-7,-2.7521391402388633e-6,3.396322227130985e-6,-8.310929318609339e-6,3.094768512998364e-13,-7.141468731218218e-14,0.0035951481082795787,-9.904661203976262e-8,-6.017342960103308e-15
0.0,0.0,0.0,0.0,0.0,0.0,0.0,0.0,0.0,0.0,0.0,0.0,0.0,0.0,0.0,0.0,0.0,0.0,0.0,0.0,0.0,0.0,0.0,0.0,0.0,0.0,0.0,0.0,0.0,0.0,0.0,0.0,0.0,0.0,0.0,0.0,0.0,0.0,0.0,0.0,0.0,0.0,0.0,0.0,0.0,0.0,0.0,0.0,0.0,0.0,0.0,0.0,0.0,0.0,0.0,0.0,0.0,0.0,0.0,0.0,0.0,0.0,0.0,0.0,0.0,0.0,0.0,0.0,0.0,0.0,0.0,0.0,0.0,0.0,0.0,0.0,0.0,0.0,0.0,0.0,0.0,0.0,0.0,0.0,0.0,0.0,0.0,0.0,0.0,0.0,0.0,0.0,0.0,0.0,0.0,0.0,0.0,0.0,0.0,0.0,0.0,0.0,0.0,0.0,0.0,0.0,0.0,0.0,0.0,0.0,0.0,0.0,0.0,0.0,0.0,0.0,0.0,0.0,0.0,0.0,0.0,0.0,0.0,0.0,0.0,0.0,0.0,0.0,0.0,0.0,0.0,0.0,0.0,0.0,0.0,0.0,0.0,0.0,0.0,0.0,0.0,0.0,0.0,0.0,0.0,0.0,0.0,0.0,0.0,0.0,0.0,0.0,0.0,0.0,0.0,0.0,0.0,0.0,0.0,0.0,0.0,0.0,0.0,0.0,0.0,0.0,0.0,0.0,0.0,0.0,0.0,0.0,0.0,0.0,0.0,0.0,0.0,0.0,0.0,0.0,0.0,0.0,0.0,0.0,0.0,0.0,0.0,0.0,0.0,0.0,0.0,0.0,0.0,0.0,0.0,0.0,0.0,0.0,0.0,0.0,0.0,0.0,0.0,0.0,0.0,0.0,0.0,0.0,0.0,0.0,0.0,0.0,0.0,0.0,0.0,0.0,0.0,0.0,0.0,0.0,0.0,0.0,0.0,0.0,0.0,0.0,0.0,0.0,0.0,0.0,0.0,0.0,0.0,0.0,0.0,0.0,0.0,0.0,0.0,0.0,0.0,0.0,0.0,0.0,0.0,0.0,0.0,0.0,0.0,0.0,0.0,0.0,0.0,0.0,0.0,0.0,0.0,0.0,0.0,0.0,0.0,0.0,0.0,0.0,0.0,0.0,0.0,0.0,0.0,0.0,0.0,0.0,0.0,0.0,0.0,0.0,0.0,0.0,0.0,0.0,0.0,0.0,0.0,0.0,0.0,0.0,0.0,0.0,0.0,0.0,0.0,0.0,0.0,0.0,0.0,0.0,0.0,0.0,0.0,0.0,0.0,0.0,0.0,0.0,0.0,0.0,0.0,0.0,0.0,0.0,0.0,0.0,0.0,0.0,0.0,0.0,0.0,0.0,0.0,0.0,0.0,0.0,0.0,0.0,0.0,0.0,0.0,0.0,0.0,0.0,0.0,0.0,0.0,0.0,0.0,0.0,0.0,0.0,0.0,0.0,0.0,0.0,0.0,0.0,0.0,0.0,0.0,0.0,0.0,0.0,0.0,0.0,0.0,0.0,0.0,0.0,0.0,0.0,0.0,0.0,0.0,0.0,0.0,0.0,0.0,0.0,0.0,0.0,0.0,0.0,0.0,0.0,0.0,0.0,0.0,0.0,0.0,0.0,0.0,0.0,0.0,0.0,0.0,0.0,0.0,0.0,0.0,0.0,0.0,0.0,0.0,0.0,0.0,0.0,0.0,0.0,0.0,0.0,0.0,0.0,0.0,0.0,0.0,0.0,0.0,0.0,0.0,0.0,0.0,0.0,0.0,0.0,0.0,0.0,0.0,0.0,0.0,0.0,0.0,0.0,0.0,0.0,0.0,0.0,0.0,0.0,0.0,0.0,0.0,0.0,0.0,0.0,0.0,0.0,0.0,0.0,0.0,0.0,0.0,0.0,0.0,0.0,0.0,0.0,0.0,0.0,0.0,0.0,0.0,0.0,0.0,0.0,0.0,0.0,0.0,0.0,0.0,0.0,0.0,0.0,0.0,0.0,0.0,0.0,0.0,0.0,0.0,0.0,0.0,0.0,0.0,0.0,0.0,0.0,0.0,0.0,0.0,0.0,0.0,0.0,0.0,0.0,0.0,0.0,0.0,0.0,0.0,0.0,0.0,0.0,0.0,0.0,0.0,0.0,0.0,0.0,0.0,0.0,0.0,0.0,0.0,0.0,0.0,0.0,0.0,0.0,0.0,0.0,0.0,0.0,0.0,0.0,0.0,0.0,0.0,0.0,0.0,0.0,0.0,0.0,0.0,0.0,0.0,0.0,0.0,0.0,0.0,0.0,0.0,0.0,0.0,0.0,0.0,0.0,0.0,0.0,0.0,0.0,0.0,0.0,0.0,0.0,0.0,0.0,0.0,0.0,0.0,0.0,0.0,0.0,0.0,0.0,0.0,0.0,0.0,0.0,0.0,0.0,0.0,0.0,0.0,0.0,0.0,0.0335711774722616,1.7588741748458453e-5,6.716602632297192e-5,1.804638604301648e-8,-0.0003229025007838553,-0.0005109839915028277,-4.92257495563291e-8,5.636855033266132e-8,-8.747935662680797e-7,4.235175645514782e-10,-4.597166988766863e-6,-7.332082521675234e-5,0.0018167554452535914,-0.003343222345768376,0.0027121207235633023,2.3133531562689576e-6,-5.654721665297864e-7,-2.6545027093585843e-5,-0.00011682471993683849,0.00014960004580093396,1.3572314672862302e-6,-2.645251994651961e-6,5.410539470187272e-7,6.376008136073585e-9,-1.1618432335950947e-6,-1.9573457553347913e-9,1.3873916997316178e-8,0.00013879009027503264,-3.02165312525126e-11,-8.259776014280915e-7,-3.764211900210533e-5,0.0023074701887192376,4.965138403931315e-6,-0.00012601892610138746,9.237270921788728e-6,0.0031508407104658227,-1.0281756571287181e-9,1.1729334887225854e-8,-0.0005209459690692386,-0.011517596670383233,-0.00041415570598933224,-0.0008367385835911047,9.797635564998952e-9,-4.375348000250195e-10,-2.997086463708459e-8,2.9794229242130485e-7,1.5395194325972566e-9,0.00021093638721480208,2.5546221494917457e-8,-9.565280883639405e-7,0.00012223334866504778,-0.0005908588460437111,1.0563424974897836e-8,0.00013886083076183975,-1.1220167908094874e-5,-9.520042544981302e-7,2.674892652331125e-8,-7.221934423772437e-5,0.006642765252630531,-0.008948552947265183,-5.317243762031588e-6,-2.9565419451022004e-6,1.9181463797285823e-6,-7.278069053793523e-5,-1.152962219461833e-7,3.120317759047941e-10,1.2366548039146348e-5,-9.684255957880324e-8,6.263537758183717e-6,1.7017751254649854e-7,-5.526656873169393e-10,5.0458211724429484e-6,0.0018492740413377112,-0.000125466085063514,-2.163970599495062e-5,0.0028701807558217064,-0.002688436689127233,-1.6262053463840358e-8,-5.951622730591952e-7,2.7309032361409195e-6,-0.00032913678590547487,0.00015703727981223567,1.1514480608626477e-6,0.00016361940777589144,2.1487042273906753e-5,7.335877071861061e-7,0.0011570820551837669,1.924964550313763e-8,0.0018635770783562652,1.1643626547128395e-8,1.6087450894868117e-9,8.246899134006926e-7,5.901686030080095e-9,-0.0009182166580980073,-4.322974600876783e-9,-7.179443635767072e-8,-5.042104638064698e-7,-9.755755486366806e-7,1.8375859794525367e-5,3.208895926655067e-8,6.479677157152404e-8,-6.597224035357928e-6,0.0003612957897830068,-9.220606040871638e-8,-0.0008227263334722402,1.343947855056137e-6,-4.795214932769813e-10,0.007767117590419233,1.2892107160072426e-5,-6.925976260167904e-5,1.23920978993523e-7,-0.0010332129905794908,-6.018768728529091e-7,-7.396130711565716e-5,0.00021731667805200493,-0.0022736622526339425,-1.1209877749560225e-7,-1.6529657747164468e-7,8.420697848666564e-6,3.8110651455779885e-6,0.0007050986824425977,0.000579754855761136,5.9099406217188045e-5,-3.7731989841933554e-8,-2.8282318979427566e-5,-8.263072457098351e-5,-7.216472486936924e-9,8.954733159423325e-7,-0.0010157037488648366,-2.1648855345823148e-7,4.386448888053944e-5,-2.9641532150202154e-8,7.69817944226366e-9,-1.6448885534430972e-5,-0.00043017041939584673,-9.525742860789238e-6,4.084953984482509e-9,-6.682794052309996e-8,-0.001396911587502055,1.2559178651440223e-9,-4.6744314896751095e-5,-1.3379809009222365e-6,-1.1956269559361993e-7,-8.751789663061745e-6,8.480683897014095e-7,-7.004448433766581e-5,0.0005720241894718533,7.942436467510678e-6,-1.2249302450581686e-9,-5.497342015709696e-7,0.0024194515480543475,-0.00013419716153643916,1.5319093015142344e-7,2.667153174401856e-8,-0.0001818826558188121,0.0007759445485353317,-1.2641436112522413e-9,3.2961842433504735e-10,-7.826930574727734e-10,0.00014654302931932836,-1.4229993130215846e-8,0.00041844338370667944,1.7628885407848142e-6,-4.669912675321997e-5,-9.860838605866102e-8,0.005312443448135174,1.360000080383694e-6,7.427778908827387e-11,0.0007150089236919039,-1.8309380776854434e-5,-0.011785833405017218,-1.7933206324370085e-8,-2.3468678879267817e-7,3.495443554534578e-7,-7.679718578878695e-10,0.0001440151684660052,-2.1753722709114553e-6,-0.0017016062215933615,-8.33089193666933e-8,3.11359260960747e-6,-6.162590000672074e-7,5.3810506744083376e-5,-6.202047149603646e-9,-6.092963804030721e-5,4.236927348740537e-6,-1.0560567885701623e-6,0.0005037066133203302,8.225771836305353e-5,-6.527780924748372e-6,-0.00043538892539901803,2.8814395708940136e-8,-4.9572751456863784e-8,-0.0008128381641201432,8.097086005179604e-5,3.270461503588398e-7,5.4324545369776126e-8,-2.660042687522097e-7,-3.761144038610672e-7,-7.0753310267929545e-6,-2.712296552257056e-9,-1.730084444328378e-7,-2.0384081190662178e-5,-0.00023328655512355954,-0.00026258057257331065,5.6803466366766476e-8,-1.015477038414265e-6,-1.1373232224048799e-7,0.001952637225825752,-1.175191684055789e-5,-1.681600485450839e-8,0.0002472193483885604,-0.0005101047578308226,-8.196918114745855e-5,-0.00021793125398985748,1.6333978074382002e-8,-1.1664195430690824e-9,5.562587932437036e-6,-0.00011699894952603722,0.0012981917642855636,-1.0885375345130367e-6,0.008481126687572298,6.519774438092194e-6,-0.00174469761710455,1.1537013928699899e-7,-6.151754675137469e-6,1.2503700651380087e-7,-1.156107097058971e-6,0.00010446109918427276,3.497300039560733e-5,6.308520701965215e-5,-9.904970129301062e-6,-3.674073484657978e-8,9.867252024746877e-9,-6.983182520387061e-8,0.003104789609510094,3.831429010869884e-10
0.0,0.0,0.0,0.0,0.0,0.0,0.0,0.0,0.0,0.0,0.0,0.0,0.0,0.0,0.0,0.0,0.0,0.0,0.0,0.0,0.0,0.0,0.0,0.0,0.0,0.0,0.0,0.0,0.0,0.0,0.0,0.0,0.0,0.0,0.0,0.0,0.0,0.0,0.0,0.0,0.0,0.0,0.0,0.0,0.0,0.0,0.0,0.0,0.0,0.0,0.0,0.0,0.0,0.0,0.0,0.0,0.0,0.0,0.0,0.0,0.0,0.0,0.0,0.0,0.0,0.0,0.0,0.0,0.0,0.0,0.0,0.0,0.0,0.0,0.0,0.0,0.0,0.0,0.0,0.0,0.0,0.0,0.0,0.0,0.0,0.0,0.0,0.0,0.0,0.0,0.0,0.0,0.0,0.0,0.0,0.0,0.0,0.0,0.0,0.0,0.0,0.0,0.0,0.0,0.0,0.0,0.0,0.0,0.0,0.0,0.0,0.0,0.0,0.0,0.0,0.0,0.0,0.0,0.0,0.0,0.0,0.0,0.0,0.0,0.0,0.0,0.0,0.0,0.0,0.0,0.0,0.0,0.0,0.0,0.0,0.0,0.0,0.0,0.0,0.0,0.0,0.0,0.0,0.0,0.0,0.0,0.0,0.0,0.0,0.0,0.0,0.0,0.0,0.0,0.0,0.0,0.0,0.0,0.0,0.0,0.0,0.0,0.0,0.0,0.0,0.0,0.0,0.0,0.0,0.0,0.0,0.0,0.0,0.0,0.0,0.0,0.0,0.0,0.0,0.0,0.0,0.0,0.0,0.0,0.0,0.0,0.0,0.0,0.0,0.0,0.0,0.0,0.0,0.0,0.0,0.0,0.0,0.0,0.0,0.0,0.0,0.0,0.0,0.0,0.0,0.0,0.0,0.0,0.0,0.0,0.0,0.0,0.0,0.0,0.0,0.0,0.0,0.0,0.0,0.0,0.0,0.0,0.0,0.0,0.0,0.0,0.0,0.0,0.0,0.0,0.0,0.0,0.0,0.0,0.0,0.0,0.0,0.0,0.0,0.0,0.0,0.0,0.0,0.0,0.0,0.0,0.0,0.0,0.0,0.0,0.0,0.0,0.0,0.0,0.0,0.0,0.0,0.0,0.0,0.0,0.0,0.0,0.0,0.0,0.0,0.0,0.0,0.0,0.0,0.0,0.0,0.0,0.0,0.0,0.0,0.0,0.0,0.0,0.0,0.0,0.0,0.0,0.0,0.0,0.0,0.0,0.0,0.0,0.0,0.0,0.0,0.0,0.0,0.0,0.0,0.0,0.0,0.0,0.0,0.0,0.0,0.0,0.0,0.0,0.0,0.0,0.0,0.0,0.0,0.0,0.0,0.0,0.0,0.0,0.0,0.0,0.0,0.0,0.0,0.0,0.0,0.0,0.0,0.0,0.0,0.0,0.0,0.0,0.0,0.0,0.0,0.0,0.0,0.0,0.0,0.0,0.0,0.0,0.0,0.0,0.0,0.0,0.0,0.0,0.0,0.0,0.0,0.0,0.0,0.0,0.0,0.0,0.0,0.0,0.0,0.0,0.0,0.0,0.0,0.0,0.0,0.0,0.0,0.0,0.0,0.0,0.0,0.0,0.0,0.0,0.0,0.0,0.0,0.0,0.0,0.0,0.0,0.0,0.0,0.0,0.0,0.0,0.0,0.0,0.0,0.0,0.0,0.0,0.0,0.0,0.0,0.0,0.0,0.0,0.0,0.0,0.0,0.0,0.0,0.0,0.0,0.0,0.0,0.0,0.0,0.0,0.0,0.0,0.0,0.0,0.0,0.0,0.0,0.0,0.0,0.0,0.0,0.0,0.0,0.0,0.0,0.0,0.0,0.0,0.0,0.0,0.0,0.0,0.0,0.0,0.0,0.0,0.0,0.0,0.0,0.0,0.0,0.0,0.0,0.0,0.0,0.0,0.0,0.0,0.0,0.0,0.0,0.0,0.0,0.0,0.0,0.0,0.0,0.0,0.0,0.0,0.0,0.0,0.0,0.0,0.0,0.0,0.0,0.0,0.0,0.0,0.0,0.0,0.0,0.0,0.0,0.0,0.0,0.0,0.0,0.0,0.0,0.0,0.0,0.0,0.0,0.0,0.0,0.0,0.0,0.0,0.0,0.0,0.0,0.0,0.0,0.0,0.0,0.0,0.0,0.0,0.0,0.0,0.0,0.0,0.0,0.0,0.0,0.0,0.0,0.0,0.0,0.0,0.0,0.0,0.0,0.0,0.0,0.0,0.0,0.0,0.0,0.0,0.0,0.0,0.0,0.0,0.0,0.0,0.0,0.0,0.0,0.0,0.0,0.0,0.0,0.0,0.0,0.0,0.0,0.0,0.0,0.0,0.0,0.0,0.0,0.0,0.0,0.0,0.0,0.0,0.0,0.0,0.0,0.0,0.0,0.0,0.0,0.0,0.0,0.0,0.0,0.0,0.0,0.0,0.0,0.0,0.0,0.0,0.033474825715401106,-0.0007714706179141664,-4.3873461937534675e-11,4.734229244176519e-8,-4.646120909038159e-5,-9.627818540768726e-6,1.0246417745064464e-11,7.030817887002688e-11,-1.56281322161162e-5,3.1099353888975006e-9,-0.00032560989939264763,6.342962379789747e-8,1.8120975109779542e-5,-1.443749956880471e-5,0.0014102124739448635,-0.0006400601316426462,-0.00456151229299533,4.510584454962896e-8,-5.250139336019573e-7,-0.004898178157046215,0.002279600391300704,0.0005118914334394382,-3.462538832195142e-11,-4.720140537558054e-9,-5.761111301376083e-7,2.6024910569496205e-5,0.00037631902725746594,-1.6558367705046612e-6,-0.0016114322870804038,0.0004996027503651118,0.00015962606503841693,-0.0017906156849789494,-0.0016928021147705075,-8.306328415373382e-9,3.057120231789454e-5,3.7223895143694667e-7,3.855500956983402e-12,-3.261134719523376e-5,2.6260029531354178e-5,-8.893903922674513e-7,5.297143211521743e-7,-5.848654354978812e-6,3.365397017430559e-7,1.771628617330257e-11,-2.0197013236650194e-10,2.1072911803963968e-11,0.00010087914319546258,-0.00031165685414419445,0.0005635215410561681,-7.606068389384253e-8,-5.163688157697746e-7,3.3603339835406634e-11,7.519250922579908e-7,2.7843413306371088e-8,0.0007095969808247909,-1.564349260710269e-11,-0.0027414565478416216,-2.7267917500370836e-5,-1.2839476486124428e-5,4.982943424831434e-9,-0.005514974408724463,-0.0002068021630361887,0.003606062420603655,6.718134193503799e-12,-3.6386187697757455e-7,8.285132489076265e-9,6.905726549643224e-6,-2.3137129008111765e-8,-0.00016911227684597344,-2.349526187040039e-6,-1.3117408963912068e-8,-5.443840640830459e-6,2.4553463919582454e-7,9.739369798189641e-8,-9.679431438396233e-7,-1.6897191341217348e-6,0.0005065749882661216,4.2905977303461157e-10,-2.5938494983928585e-10,-0.0011209861406992034,3.760507991427973e-7,-1.6655504077777947e-9,6.923645117005471e-6,-3.03632423002791e-8,-0.003316536711777027,2.8565533723000328e-6,0.0001484751692758067,1.0644268875996542e-5,3.3377171782158436e-12,1.3625242183939438e-5,1.6870208688597534e-9,-3.433480475957382e-11,7.699563970662858e-6,-3.3207281313032894e-6,-0.0001026187439984321,-6.166351122164635e-10,1.0617198750528265e-9,-0.00034176998683166886,-4.606602489837437e-5,1.0093906070524696e-5,-0.0012347402191815722,-5.8223773658468596e-5,2.229395274418447e-11,-2.2630134562323352e-5,-1.3419363734684616e-9,-7.2795002399904425e-6,-1.5511329106009552e-5,-0.0021545859304416344,0.0002889248368571164,6.757981308927481e-10,4.972291631868182e-6,-0.0008203152079309438,0.0006878589895119015,-3.523951989008462e-7,1.2142740744060584e-6,0.0002807575519422697,1.2788482075165509e-10,-9.456450626101795e-9,0.0011643802523433676,1.8793127027173212e-5,4.755378689249035e-5,0.0009496703835387608,-6.734620873037641e-5,-2.5561547126571957e-7,-0.0007468353626325914,9.900753290449699e-12,-1.5844796684328513e-10,1.9820208368993847e-6,9.566654572002228e-11,-0.001342188551846389,-8.773444123925848e-5,3.45086403058123e-6,2.041882933752907e-7,-1.13999614328349e-6,1.5496857665981538e-8,2.9153054645109712e-12,0.0001976980962584909,-2.913718938208943e-6,1.086751250837862e-6,-0.003088775988424597,-0.00996995241737141,8.69505908964794e-5,4.070142219309133e-9,0.006405694242678455,-8.504712600743663e-8,-9.357749312612685e-7,-1.3600331608645259e-8,-7.389974964837014e-6,1.6765954580329524e-11,4.992411753185653e-5,1.14834980493548e-7,-1.307402485768839e-10,-1.7352921225043157e-10,-0.0005648859127817828,-0.00011814111645684892,-7.5325005522993226e-6,1.2095087469708144e-7,3.1880686950382224e-6,1.1624765282258114e-7,-7.169522942912756e-6,1.3323423907602675e-6,8.23531198534609e-9,-3.907842122611699e-8,8.497226549328928e-11,1.0117233290844723e-5,-2.1607783487057162e-9,9.87925126760673e-7,3.3994045198761687e-7,5.1915985294830714e-8,1.4415401931418044e-5,-1.4487584879536337e-10,1.6592192539883265e-10,5.166056014637919e-10,-5.298802334402909e-6,-9.712016399074386e-8,-0.0005881878733128763,-4.685282213375986e-6,4.158678242416348e-11,0.0003732980320662967,-0.0021988970101183398,9.430506560143353e-7,-2.289523810610688e-6,5.070439763349798e-7,-1.8331993571198554e-9,-0.006014366053700733,0.00012164417504988178,0.0007470659896080051,-1.0581878477942338e-8,-7.653629897161068e-5,-1.172647548494599e-11,-5.612900635855656e-5,-0.0005480542679536012,3.4180782769654867e-7,-0.00667125437196387,-1.6569903478129877e-10,-0.00012513519598463432,-1.7706723660732993e-10,7.231125708084617e-9,7.54542779142115e-13,-0.0008550780041581842,-0.006063400026194244,0.0003323694683122054,3.814745574145216e-5,-6.654385197927327e-11,-0.0011105319358754103,-4.197357354519782e-5,-1.406113970351009e-6,-7.219656559834157e-9,-6.00444116524626e-5,4.7360176647447755e-5,-3.3969664886494175e-5,-1.7733587274790953e-7,-9.212847160581458e-8,-4.771209780563512e-6,1.28059833539372e-6,-3.511398806437756e-9,-1.5991861474983792e-7,2.151721881074093e-5,0.0017000119802997415,1.95462151699826e-5,1.1121212887008186e-9,7.259056546027544e-5,0.005436868578218606,0.001077120790636397,-2.2042883361005625e-10,2.7344919119214754e-9,1.6133070563516832e-7,1.5789229177530205e-8,3.336784416630154e-7,6.34258344163067e-8,-0.00010047377270687492,-7.291167634724053e-6,1.0396346434428148e-10,1.1987644556251472e-5,-2.503341136194648e-7
0.0,0.0,0.0,0.0,0.0,0.0,0.0,0.0,0.0,0.0,0.0,0.0,0.0,0.0,0.0,0.0,0.0,0.0,0.0,0.0,0.0,0.0,0.0,0.0,0.0,0.0,0.0,0.0,0.0,0.0,0.0,0.0,0.0,0.0,0.0,0.0,0.0,0.0,0.0,0.0,0.0,0.0,0.0,0.0,0.0,0.0,0.0,0.0,0.0,0.0,0.0,0.0,0.0,0.0,0.0,0.0,0.0,0.0,0.0,0.0,0.0,0.0,0.0,0.0,0.0,0.0,0.0,0.0,0.0,0.0,0.0,0.0,0.0,0.0,0.0,0.0,0.0,0.0,0.0,0.0,0.0,0.0,0.0,0.0,0.0,0.0,0.0,0.0,0.0,0.0,0.0,0.0,0.0,0.0,0.0,0.0,0.0,0.0,0.0,0.0,0.0,0.0,0.0,0.0,0.0,0.0,0.0,0.0,0.0,0.0,0.0,0.0,0.0,0.0,0.0,0.0,0.0,0.0,0.0,0.0,0.0,0.0,0.0,0.0,0.0,0.0,0.0,0.0,0.0,0.0,0.0,0.0,0.0,0.0,0.0,0.0,0.0,0.0,0.0,0.0,0.0,0.0,0.0,0.0,0.0,0.0,0.0,0.0,0.0,0.0,0.0,0.0,0.0,0.0,0.0,0.0,0.0,0.0,0.0,0.0,0.0,0.0,0.0,0.0,0.0,0.0,0.0,0.0,0.0,0.0,0.0,0.0,0.0,0.0,0.0,0.0,0.0,0.0,0.0,0.0,0.0,0.0,0.0,0.0,0.0,0.0,0.0,0.0,0.0,0.0,0.0,0.0,0.0,0.0,0.0,0.0,0.0,0.0,0.0,0.0,0.0,0.0,0.0,0.0,0.0,0.0,0.0,0.0,0.0,0.0,0.0,0.0,0.0,0.0,0.0,0.0,0.0,0.0,0.0,0.0,0.0,0.0,0.0,0.0,0.0,0.0,0.0,0.0,0.0,0.0,0.0,0.0,0.0,0.0,0.0,0.0,0.0,0.0,0.0,0.0,0.0,0.0,0.0,0.0,0.0,0.0,0.0,0.0,0.0,0.0,0.0,0.0,0.0,0.0,0.0,0.0,0.0,0.0,0.0,0.0,0.0,0.0,0.0,0.0,0.0,0.0,0.0,0.0,0.0,0.0,0.0,0.0,0.0,0.0,0.0,0.0,0.0,0.0,0.0,0.0,0.0,0.0,0.0,0.0,0.0,0.0,0.0,0.0,0.0,0.0,0.0,0.0,0.0,0.0,0.0,0.0,0.0,0.0,0.0,0.0,0.0,0.0,0.0,0.0,0.0,0.0,0.0,0.0,0.0,0.0,0.0,0.0,0.0,0.0,0.0,0.0,0.0,0.0,0.0,0.0,0.0,0.0,0.0,0.0,0.0,0.0,0.0,0.0,0.0,0.0,0.0,0.0,0.0,0.0,0.0,0.0,0.0,0.0,0.0,0.0,0.0,0.0,0.0,0.0,0.0,0.0,0.0,0.0,0.0,0.0,0.0,0.0,0.0,0.0,0.0,0.0,0.0,0.0,0.0,0.0,0.0,0.0,0.0,0.0,0.0,0.0,0.0,0.0,0.0,0.0,0.0,0.0,0.0,0.0,0.0,0.0,0.0,0.0,0.0,0.0,0.0,0.0,0.0,0.0,0.0,0.0,0.0,0.0,0.0,0.0,0.0,0.0,0.0,0.0,0.0,0.0,0.0,0.0,0.0,0.0,0.0,0.0,0.0,0.0,0.0,0.0,0.0,0.0,0.0,0.0,0.0,0.0,0.0,0.0,0.0,0.0,0.0,0.0,0.0,0.0,0.0,0.0,0.0,0.0,0.0,0.0,0.0,0.0,0.0,0.0,0.0,0.0,0.0,0.0,0.0,0.0,0.0,0.0,0.0,0.0,0.0,0.0,0.0,0.0,0.0,0.0,0.0,0.0,0.0,0.0,0.0,0.0,0.0,0.0,0.0,0.0,0.0,0.0,0.0,0.0,0.0,0.0,0.0,0.0,0.0,0.0,0.0,0.0,0.0,0.0,0.0,0.0,0.0,0.0,0.0,0.0,0.0,0.0,0.0,0.0,0.0,0.0,0.0,0.0,0.0,0.0,0.0,0.0,0.0,0.0,0.0,0.0,0.0,0.0,0.0,0.0,0.0,0.0,0.0,0.0,0.0,0.0,0.0,0.0,0.0,0.0,0.0,0.0,0.0,0.0,0.0,0.0,0.0,0.0,0.0,0.0,0.0,0.0,0.0,0.0,0.0,0.0,0.0,0.0,0.0,0.0,0.0,0.0,0.0,0.0,0.0,0.0,0.0,0.0,0.0,0.0,0.0,0.0,0.0,0.0,0.0,0.0,0.0,0.0,0.0,0.0,0.0,0.0,0.0,0.0,0.0,0.0,0.0,0.0,0.0,0.0,0.0,0.0,0.0,0.0,0.0,0.0,0.0,0.0,0.0,0.038963287433344124,-2.6167738153133228e-11,-2.644871973238085e-7,-0.00036192657497875416,-5.358235322934164e-7,4.4003186784894675e-11,-1.1123255345053711e-9,2.5074781564490112e-5,2.521203808304727e-8,-0.0006708790989718628,2.8089495593447892e-6,-1.7229824428265586e-6,0.00012310453026925062,-0.0055118798681252435,-0.00048095068233551134,-0.0021433585800804335,-4.880341990310159e-7,-3.1052345378275353e-6,0.0018436808407129824,0.0018291807123531798,-0.00014918661985927783,-1.1052263106161672e-10,2.3392091223163606e-8,8.444063369147756e-7,2.606536197344911e-6,-0.000889555186663982,8.862016015379603e-7,2.8716429962011115e-5,0.0015611214418238103,0.0006011853742190172,-0.0010359108087991727,-0.0006510712545848293,-3.016376538666676e-9,0.00019478812266460972,-6.898559456706934e-8,2.5904532123782546e-11,-0.00048745322274346386,-0.00010374890957983525,3.0362802543814067e-7,4.6110861107856815e-7,-5.891238675899905e-6,-8.624096687138081e-12,5.3714139713288356e-11,-2.5318521840514257e-10,-1.691832767544808e-11,0.0012393818931325374,-2.5918552896219322e-5,-9.523161813729237e-6,-6.026223318291966e-8,3.7368599769783136e-6,-3.987595365134135e-11,1.3975224991607787e-6,-2.7660432708871338e-8,0.0001034858636942382,3.0177721194288097e-12,0.01127779942032424,7.406504121501816e-5,-5.1191146582701304e-5,-7.131415685553981e-8,-0.006826655130530194,0.0002061986130441102,0.00936114958339155,-5.079302906800175e-10,6.836097744513572e-7,1.013328294856977e-9,4.4501790401235456e-5,1.2352983257093543e-7,4.9665327258881276e-5,3.0875835871819176e-7,-3.5980568603469e-8,0.0006610712049124467,3.301628851498153e-7,6.762108758711007e-8,-2.467047662475547e-5,-1.4067206403043306e-5,0.00010257907177184637,1.0242725132123082e-10,2.845654640225396e-9,-0.0037196871425034827,-5.789770171556503e-7,-7.350441672663868e-9,5.0190883418897184e-5,1.978466079530511e-7,0.0033964961272980997,1.1942602252002633e-5,2.192095081287368e-5,1.670650985939763e-6,-4.2542609206500925e-10,7.853543567595814e-7,-1.2829956185585674e-9,-5.649247197675644e-11,-6.773132223316964e-6,-1.425932292447392e-6,2.647170655054966e-5,-6.75986201549497e-10,6.068454824686963e-9,0.002579139401795452,-3.917138372661296e-6,-2.9749074125411774e-5,-0.0025687423023749117,-0.0011924671009272522,1.5696695113627965e-9,-0.00015413221251108205,-1.1920102947253786e-9,4.484052117904443e-6,1.7330633993250194e-5,0.0031546584737288602,-0.001695168012233526,-5.155563725262061e-10,6.963866542822511e-6,-0.0005837130429934414,0.0002425902615941301,1.011909587412631e-6,1.365257404100942e-5,6.106999698960957e-5,1.9024102807345408e-9,-5.1199335992315514e-8,0.0003241282685447938,0.0018595338957767442,0.00027721538492839757,-0.003245686956689816,-1.944226869175046e-5,-1.7166870673486505e-7,0.0007505790151016126,-1.1960963000110524e-12,-2.590906195696672e-9,3.93842492801837e-6,-4.906919809497898e-10,0.0006472972719046774,-1.3324433047338272e-5,5.825421294955645e-8,-2.081007673129737e-7,1.830045987854681e-6,2.909818495466336e-8,3.6620314596302114e-11,-0.00011417193047259336,-4.32698693028776e-5,3.3239249213043005e-6,0.0007542448456699407,0.0009299071742785687,1.22659643873732e-5,1.3683495479422309e-8,-0.00019996469274141115,5.13646392467301e-7,-3.4426267230680683e-6,-3.6302777681461514e-8,9.658918288742076e-7,5.739904284515556e-10,-0.00017928737256810937,3.7292904033043624e-7,-4.528138125376914e-10,-2.0233304240964789e-10,-0.0020051534598737,0.00024735827659974147,-4.103980405542778e-7,-3.8931927664585846e-7,-4.2174071952313455e-8,2.49483841148546e-7,4.4887944891468705e-7,-3.64774686702973e-6,1.2136583444508155e-8,-2.608525358429226e-8,-2.5157645462356866e-10,8.916856815333448e-7,-2.830643674941229e-9,-8.410390779315052e-8,-1.6638768055717761e-6,2.584524961800958e-7,-0.00014519246214659407,-1.5574388768073491e-9,7.909857284076756e-10,3.8043319975976626e-10,-1.1870256608673371e-6,-1.864542880424459e-7,0.003857278823462548,3.4586512824108962e-6,9.212535085541256e-12,-0.012126009227661674,-0.00043604591106602913,-1.9126606846748274e-6,2.5756103667780676e-6,4.464854057673161e-6,-8.699272535932732e-9,4.367739936143196e-6,0.0006064617530851493,-0.0010355860239733023,3.941082450488405e-8,-0.00042082758168308026,-7.905483143214394e-12,5.005243168971049e-5,-0.001863376713935757,-1.0190828613320353e-6,0.00040510675066945777,-1.3864365932123068e-10,1.944266023756691e-7,2.2854799762779877e-9,2.4300616184542132e-8,-7.661170999645345e-12,0.0002695394278698189,-0.015162695546675374,-0.0002205651069603158,0.00010746500907716235,-2.903908798392963e-11,-0.00020788149536711816,-5.018935601723597e-6,-9.047882685136986e-6,1.0668832061075546e-8,-3.299502668082501e-8,0.0003886471710816036,-0.0002464053564443558,-6.560177272984228e-7,-3.0289517944457967e-7,-1.6763026823109735e-5,2.800405984163663e-6,8.637275833004907e-9,-3.6393980616714035e-6,8.909908598815817e-5,0.00015594462089419186,0.00020645424550055173,3.011916193656533e-8,-0.0006557718904651834,-0.0036137071832286964,0.001011227855737167,-8.262112631742257e-10,-5.237914428231115e-11,4.2112505659956526e-7,-2.5866908308487787e-7,-3.5522857066194554e-7,-1.2484261436930507e-7,-1.548441167620385e-5,1.2090294127196663e-5,1.4277634295115734e-11,-1.6712754257330751e-6,8.000287956701021e-7
0.0,0.0,0.0,0.0,0.0,0.0,0.0,0.0,0.0,0.0,0.0,0.0,0.0,0.0,0.0,0.0,0.0,0.0,0.0,0.0,0.0,0.0,0.0,0.0,0.0,0.0,0.0,0.0,0.0,0.0,0.0,0.0,0.0,0.0,0.0,0.0,0.0,0.0,0.0,0.0,0.0,0.0,0.0,0.0,0.0,0.0,0.0,0.0,0.0,0.0,0.0,0.0,0.0,0.0,0.0,0.0,0.0,0.0,0.0,0.0,0.0,0.0,0.0,0.0,0.0,0.0,0.0,0.0,0.0,0.0,0.0,0.0,0.0,0.0,0.0,0.0,0.0,0.0,0.0,0.0,0.0,0.0,0.0,0.0,0.0,0.0,0.0,0.0,0.0,0.0,0.0,0.0,0.0,0.0,0.0,0.0,0.0,0.0,0.0,0.0,0.0,0.0,0.0,0.0,0.0,0.0,0.0,0.0,0.0,0.0,0.0,0.0,0.0,0.0,0.0,0.0,0.0,0.0,0.0,0.0,0.0,0.0,0.0,0.0,0.0,0.0,0.0,0.0,0.0,0.0,0.0,0.0,0.0,0.0,0.0,0.0,0.0,0.0,0.0,0.0,0.0,0.0,0.0,0.0,0.0,0.0,0.0,0.0,0.0,0.0,0.0,0.0,0.0,0.0,0.0,0.0,0.0,0.0,0.0,0.0,0.0,0.0,0.0,0.0,0.0,0.0,0.0,0.0,0.0,0.0,0.0,0.0,0.0,0.0,0.0,0.0,0.0,0.0,0.0,0.0,0.0,0.0,0.0,0.0,0.0,0.0,0.0,0.0,0.0,0.0,0.0,0.0,0.0,0.0,0.0,0.0,0.0,0.0,0.0,0.0,0.0,0.0,0.0,0.0,0.0,0.0,0.0,0.0,0.0,0.0,0.0,0.0,0.0,0.0,0.0,0.0,0.0,0.0,0.0,0.0,0.0,0.0,0.0,0.0,0.0,0.0,0.0,0.0,0.0,0.0,0.0,0.0,0.0,0.0,0.0,0.0,0.0,0.0,0.0,0.0,0.0,0.0,0.0,0.0,0.0,0.0,0.0,0.0,0.0,0.0,0.0,0.0,0.0,0.0,0.0,0.0,0.0,0.0,0.0,0.0,0.0,0.0,0.0,0.0,0.0,0.0,0.0,0.0,0.0,0.0,0.0,0.0,0.0,0.0,0.0,0.0,0.0,0.0,0.0,0.0,0.0,0.0,0.0,0.0,0.0,0.0,0.0,0.0,0.0,0.0,0.0,0.0,0.0,0.0,0.0,0.0,0.0,0.0,0.0,0.0,0.0,0.0,0.0,0.0,0.0,0.0,0.0,0.0,0.0,0.0,0.0,0.0,0.0,0.0,0.0,0.0,0.0,0.0,0.0,0.0,0.0,0.0,0.0,0.0,0.0,0.0,0.0,0.0,0.0,0.0,0.0,0.0,0.0,0.0,0.0,0.0,0.0,0.0,0.0,0.0,0.0,0.0,0.0,0.0,0.0,0.0,0.0,0.0,0.0,0.0,0.0,0.0,0.0,0.0,0.0,0.0,0.0,0.0,0.0,0.0,0.0,0.0,0.0,0.0,0.0,0.0,0.0,0.0,0.0,0.0,0.0,0.0,0.0,0.0,0.0,0.0,0.0,0.0,0.0,0.0,0.0,0.0,0.0,0.0,0.0,0.0,0.0,0.0,0.0,0.0,0.0,0.0,0.0,0.0,0.0,0.0,0.0,0.0,0.0,0.0,0.0,0.0,0.0,0.0,0.0,0.0,0.0,0.0,0.0,0.0,0.0,0.0,0.0,0.0,0.0,0.0,0.0,0.0,0.0,0.0,0.0,0.0,0.0,0.0,0.0,0.0,0.0,0.0,0.0,0.0,0.0,0.0,0.0,0.0,0.0,0.0,0.0,0.0,0.0,0.0,0.0,0.0,0.0,0.0,0.0,0.0,0.0,0.0,0.0,0.0,0.0,0.0,0.0,0.0,0.0,0.0,0.0,0.0,0.0,0.0,0.0,0.0,0.0,0.0,0.0,0.0,0.0,0.0,0.0,0.0,0.0,0.0,0.0,0.0,0.0,0.0,0.0,0.0,0.0,0.0,0.0,0.0,0.0,0.0,0.0,0.0,0.0,0.0,0.0,0.0,0.0,0.0,0.0,0.0,0.0,0.0,0.0,0.0,0.0,0.0,0.0,0.0,0.0,0.0,0.0,0.0,0.0,0.0,0.0,0.0,0.0,0.0,0.0,0.0,0.0,0.0,0.0,0.0,0.0,0.0,0.0,0.0,0.0,0.0,0.0,0.0,0.0,0.0,0.0,0.0,0.0,0.0,0.0,0.0,0.0,0.0,0.0,0.0,0.0,0.0,0.0,0.0,0.0,0.0,0.0,0.0,0.0,0.0,0.0,0.0,0.0,0.0,0.0,0.0,0.0,0.0,0.0,0.0,0.0,0.0,0.0,0.0,0.0,0.0,0.0,0.0,0.018820803271465833,-7.709686536179238e-7,2.9251103496633327e-9,-2.4676733912735115e-14,-0.0020032635924869245,0.00013424711649842814,1.6198357708458943e-13,9.160023587965942e-5,-5.091092418864619e-10,-3.3208529837326543e-6,-4.0707145110228724e-8,-6.369601306906127e-8,4.7605019201764e-10,-5.377557385738073e-12,2.9529655996735856e-10,-2.8142604470629013e-5,-1.677508448892069e-7,9.608291388901713e-11,2.220215989530172e-12,-5.581231328798285e-12,-0.0011639658088814662,-0.00023487108044790953,-3.0262653055382124e-15,4.63724241470289e-14,1.8092204201896474e-9,-4.622555343639313e-15,-8.34368960232341e-12,2.11033764230627e-9,-2.7214383817935516e-9,3.194775747797643e-10,5.2388919488704544e-11,0.00013835195488565792,2.298760809059913e-9,-3.9258407309175684e-14,-0.0008176425456471622,1.2569899614891854e-8,-1.156566876904568e-8,-7.027423401199925e-6,-2.8167473426739367e-6,-7.486120185661612e-14,-1.7316714012022342e-15,-0.0024020810140713542,0.004398162230093885,-0.0011829777134380898,6.216660199148855e-9,-3.5231703248009443e-12,-3.806120662552287e-12,-6.3870690665922205e-6,3.3283165748565256e-7,-0.004780408272740484,1.0501828308938797e-6,-6.836680787253985e-5,7.553379894726758e-12,0.0016516153283728282,4.4176732120767586e-10,1.0455857696662107e-7,8.729508137915143e-8,-0.00010820593395293578,-7.772899985087164e-10,5.274771059232816e-11,8.554887104209166e-10,0.0020683125255955546,-8.827740320078216e-15,0.00013339212757858263,2.448339156496647e-12,5.309767240846496e-5,1.0104170551649644e-12,-3.426229003005452e-16,-8.739533986489565e-5,2.3238104532089226e-8,5.557009589533587e-6,1.1943939031305285e-5,-2.5233183006343446e-7,2.6411630243652324e-7,7.888094382045544e-13,0.0037931491334961685,0.0006802780046384111,2.7001882172085263e-9,3.132684203132162e-6,0.00033642900447926794,6.59684693605656e-9,2.6365746543705607e-5,1.566656520775574e-10,-1.0355983793981091e-6,-4.1679612633173134e-13,5.097816209583724e-9,0.00021903793025214346,-1.4538213062965142e-13,-0.0007045964987535544,-0.0006329044007761743,5.376497949161255e-9,-1.0649181218152192e-13,2.2130982287530402e-13,-0.0003137789571446835,1.5073007235279026e-5,-1.2923488431483342e-10,-8.795360401907505e-14,-5.249147979650609e-13,-2.4389880370928807e-11,1.7124797894756278e-10,-0.0008618231926454895,3.7307105562757455e-8,-2.2466268140911894e-5,-2.6266533622086484e-14,-8.097003224126526e-9,-1.0316939330570468e-10,-2.2233760308019257e-10,-0.0007784132340781063,-7.023660294894101e-7,1.0643111170575236e-12,-2.0180195252911253e-9,-3.100155355384133e-7,4.7431865804160147e-7,-2.5213957750251068e-12,0.0022417649118854177,1.0675934594831938e-5,-1.5618416708362197e-10,3.245545668634996e-9,1.1464776657693368e-8,5.1175313389848e-10,-3.7261588978710055e-13,1.5078887471884905e-7,5.6508149051948714e-9,0.000183088251631205,0.0003735905962557117,-9.364190297819377e-7,-0.0032503878534975664,9.144071537823975e-10,3.9761440722167916e-13,1.5368539755416872e-14,-1.4149152631345432e-5,-6.281262306259566e-7,-9.06437281608973e-6,-0.0010534837597260512,-2.468849629571678e-12,8.422592925883611e-8,5.836965460486047e-14,1.651947611132125e-10,-3.149025353597015e-12,-3.926300885321619e-13,6.903233105859406e-5,-8.867085264461928e-11,-2.588180113530714e-6,4.548779126134234e-8,0.0002975200233773583,8.042471846032722e-14,0.002186704772444172,2.591331654368e-9,2.6035712353450553e-6,0.0013510052969553348,0.000567614913318883,3.0373911024128625e-10,2.627750988455781e-9,-3.0356479062414605e-14,-8.3337421717146e-16,2.8065282861095615e-14,1.1713123376176977e-5,8.40099388518765e-14,-8.678304886780222e-7,1.0048804048150478e-5,-1.3171429316319973e-5,4.767545412196155e-5,1.9856310752127947e-7,2.1652592362868594e-5,-1.723033223477144e-15,3.879658509027154e-7,-9.200490405090139e-7,-2.4447386990047315e-8,-0.0008599399943250405,0.0011462384086440463,-0.001072674320905864,5.73952707124564e-15,1.460296551260193e-5,-5.643320207908344e-11,8.377986670658273e-8,6.495758129258394e-6,8.024691890582599e-10,-1.1454490983498552e-11,1.050553007508268e-6,-9.666125630307823e-14,-3.5552975865163926e-7,0.0001898958364631824,-3.6000153069597396e-11,-6.542159105094428e-9,-2.4681590323511628e-9,-3.4926315298867565e-5,6.953335465099764e-9,0.003040921993773182,-5.5082346476484985e-14,9.121228816031215e-10,-5.881549323298102e-6,-1.8395661170757135e-11,0.0010226429275119187,1.2760066977402448e-12,-8.925593215417336e-5,0.00043611688148827144,0.0009593346237207863,7.0141712653967806e-12,-1.9242208690291693e-10,-4.9480875999029706e-9,-2.3418333308879276e-9,0.006981829704995226,2.4578644549581216e-11,4.841703274942994e-13,-3.386174961671544e-8,-2.8209745418945753e-5,4.1911068224830906e-13,-6.317142725008237e-9,-2.0305616632612102e-8,1.2852671749773e-5,1.247061336615638e-5,-2.132008520802674e-13,4.7212885885777265e-15,-0.00022247925575743065,-1.1123943729223392e-7,9.5391607598847e-9,-1.1237104427264657e-11,-6.684493980291506e-9,-1.2287900387855561e-5,1.506000036616479e-8,-1.0074006257229394e-10,1.0499385976330609e-10,0.00468020004783131,-5.539920727742433e-5,9.894097533352757e-7,-3.670826492854829e-6,7.199783049105704e-7,7.935467881096431e-8,6.614859069491923e-13,2.5462761876834806e-13,0.0018550312552936858,-3.668523711451501e-8,7.802673129548494e-16
0.0,0.0,0.0,0.0,0.0,0.0,0.0,0.0,0.0,0.0,0.0,0.0,0.0,0.0,0.0,0.0,0.0,0.0,0.0,0.0,0.0,0.0,0.0,0.0,0.0,0.0,0.0,0.0,0.0,0.0,0.0,0.0,0.0,0.0,0.0,0.0,0.0,0.0,0.0,0.0,0.0,0.0,0.0,0.0,0.0,0.0,0.0,0.0,0.0,0.0,0.0,0.0,0.0,0.0,0.0,0.0,0.0,0.0,0.0,0.0,0.0,0.0,0.0,0.0,0.0,0.0,0.0,0.0,0.0,0.0,0.0,0.0,0.0,0.0,0.0,0.0,0.0,0.0,0.0,0.0,0.0,0.0,0.0,0.0,0.0,0.0,0.0,0.0,0.0,0.0,0.0,0.0,0.0,0.0,0.0,0.0,0.0,0.0,0.0,0.0,0.0,0.0,0.0,0.0,0.0,0.0,0.0,0.0,0.0,0.0,0.0,0.0,0.0,0.0,0.0,0.0,0.0,0.0,0.0,0.0,0.0,0.0,0.0,0.0,0.0,0.0,0.0,0.0,0.0,0.0,0.0,0.0,0.0,0.0,0.0,0.0,0.0,0.0,0.0,0.0,0.0,0.0,0.0,0.0,0.0,0.0,0.0,0.0,0.0,0.0,0.0,0.0,0.0,0.0,0.0,0.0,0.0,0.0,0.0,0.0,0.0,0.0,0.0,0.0,0.0,0.0,0.0,0.0,0.0,0.0,0.0,0.0,0.0,0.0,0.0,0.0,0.0,0.0,0.0,0.0,0.0,0.0,0.0,0.0,0.0,0.0,0.0,0.0,0.0,0.0,0.0,0.0,0.0,0.0,0.0,0.0,0.0,0.0,0.0,0.0,0.0,0.0,0.0,0.0,0.0,0.0,0.0,0.0,0.0,0.0,0.0,0.0,0.0,0.0,0.0,0.0,0.0,0.0,0.0,0.0,0.0,0.0,0.0,0.0,0.0,0.0,0.0,0.0,0.0,0.0,0.0,0.0,0.0,0.0,0.0,0.0,0.0,0.0,0.0,0.0,0.0,0.0,0.0,0.0,0.0,0.0,0.0,0.0,0.0,0.0,0.0,0.0,0.0,0.0,0.0,0.0,0.0,0.0,0.0,0.0,0.0,0.0,0.0,0.0,0.0,0.0,0.0,0.0,0.0,0.0,0.0,0.0,0.0,0.0,0.0,0.0,0.0,0.0,0.0,0.0,0.0,0.0,0.0,0.0,0.0,0.0,0.0,0.0,0.0,0.0,0.0,0.0,0.0,0.0,0.0,0.0,0.0,0.0,0.0,0.0,0.0,0.0,0.0,0.0,0.0,0.0,0.0,0.0,0.0,0.0,0.0,0.0,0.0,0.0,0.0,0.0,0.0,0.0,0.0,0.0,0.0,0.0,0.0,0.0,0.0,0.0,0.0,0.0,0.0,0.0,0.0,0.0,0.0,0.0,0.0,0.0,0.0,0.0,0.0,0.0,0.0,0.0,0.0,0.0,0.0,0.0,0.0,0.0,0.0,0.0,0.0,0.0,0.0,0.0,0.0,0.0,0.0,0.0,0.0,0.0,0.0,0.0,0.0,0.0,0.0,0.0,0.0,0.0,0.0,0.0,0.0,0.0,0.0,0.0,0.0,0.0,0.0,0.0,0.0,0.0,0.0,0.0,0.0,0.0,0.0,0.0,0.0,0.0,0.0,0.0,0.0,0.0,0.0,0.0,0.0,0.0,0.0,0.0,0.0,0.0,0.0,0.0,0.0,0.0,0.0,0.0,0.0,0.0,0.0,0.0,0.0,0.0,0.0,0.0,0.0,0.0,0.0,0.0,0.0,0.0,0.0,0.0,0.0,0.0,0.0,0.0,0.0,0.0,0.0,0.0,0.0,0.0,0.0,0.0,0.0,0.0,0.0,0.0,0.0,0.0,0.0,0.0,0.0,0.0,0.0,0.0,0.0,0.0,0.0,0.0,0.0,0.0,0.0,0.0,0.0,0.0,0.0,0.0,0.0,0.0,0.0,0.0,0.0,0.0,0.0,0.0,0.0,0.0,0.0,0.0,0.0,0.0,0.0,0.0,0.0,0.0,0.0,0.0,0.0,0.0,0.0,0.0,0.0,0.0,0.0,0.0,0.0,0.0,0.0,0.0,0.0,0.0,0.0,0.0,0.0,0.0,0.0,0.0,0.0,0.0,0.0,0.0,0.0,0.0,0.0,0.0,0.0,0.0,0.0,0.0,0.0,0.0,0.0,0.0,0.0,0.0,0.0,0.0,0.0,0.0,0.0,0.0,0.0,0.0,0.0,0.0,0.0,0.0,0.0,0.0,0.0,0.0,0.0,0.0,0.0,0.0,0.0,0.0,0.0,0.0,0.0,0.0,0.0,0.0,0.0,0.0,0.0,0.0,0.0,0.0,0.0,0.0,0.0,0.0,0.0,0.0,0.0,0.0,0.0,0.0,0.0,0.0,0.0,0.0,0.0,0.0,0.0,0.04317046729948655,9.420405881973343e-7,-9.208084978309938e-10,7.543512752909008e-6,1.3499044681003015e-6,-3.240657592291593e-10,0.0001752058683930456,-1.102658301257369e-6,-0.016975845538755478,-8.312324992824625e-5,-0.00018620425735561204,5.166486495429111e-7,-1.1293546614464528e-9,-2.038512115760427e-7,0.0065540760465709605,0.003115881595671881,7.107420153173833e-8,-6.686880646013637e-8,5.699952546292823e-9,-1.9240812112920367e-6,-0.0001874828032590837,-4.235163963857536e-11,1.282431166289079e-10,1.5357833041325075e-6,-4.283714387319541e-12,6.027233654387379e-11,-2.3224240550378021e-7,4.7701157064145547e-5,1.7393734852732764e-6,-1.4352905196782069e-6,-3.3565001881011136e-5,-8.374304342341252e-5,4.558843078150951e-12,2.758665512976094e-7,1.5350604202418122e-5,1.700305750051415e-5,-0.005039892266231518,0.009977816172802498,2.363578100036578e-10,-3.014921049488593e-11,1.2592108309040315e-7,-1.8996613201324254e-5,-8.794951660905333e-7,-2.6619236365796726e-6,-3.952818281422465e-9,-1.0058067522182428e-8,-0.010370537425005948,-0.00010457752559895204,-2.732379020233382e-7,-0.009114871300026394,-0.00042067313838578627,-5.0117645470415426e-8,1.7956154918737098e-7,-5.920066763559213e-7,0.00012287163423525414,-0.00038864958562976677,0.00017558007062963492,3.718824754822916e-7,5.6390899605895594e-8,-1.0261183298598022e-7,-6.158291723868232e-6,-2.0454345695727508e-11,-6.554970521005788e-5,-3.632134596620376e-9,0.000898570304971122,-1.7855721016578434e-9,-3.233325553564906e-13,3.804610113686645e-5,2.753153285849929e-6,-0.0006793163833989604,-0.0002712084357238486,-0.00042729839735596107,0.00040103143498545634,-6.337895815358755e-10,1.7638540871471525e-5,-6.069559457199025e-5,3.5890850206467715e-7,-0.009004076806531298,1.6364948050000593e-5,-3.6418787349927825e-5,-0.00032287320117521635,2.1343742859370964e-7,-0.002608832165810834,-1.8145197740918905e-9,2.0062168391226634e-5,1.1471508281385127e-6,-1.5615953229767117e-10,8.193870084809846e-5,5.668538743018261e-7,0.00041968025656172794,-6.55949031582403e-11,-2.9312053196761535e-10,-3.5185721635851474e-5,-0.00030587646650034184,-3.364611908920273e-8,6.964372765801165e-10,1.113386996526601e-9,-2.1132976884163283e-7,2.79831344835344e-6,2.5420268541709307e-5,1.364072491522887e-5,-2.0848377070252986e-5,-1.4656526245214663e-10,-0.00010930802281294719,-6.35223496871336e-8,-2.5047676582978154e-6,-3.263476772935114e-5,-0.0011366432557649644,1.239993081846751e-8,2.087406881156772e-6,0.00369104478937619,0.0003169807333007296,4.61840854753073e-9,-2.5885852982650526e-5,-0.00027090271421593574,-7.951368320010646e-8,-2.740404954202079e-7,3.035949362150294e-5,2.9545111935290497e-6,1.75364945034056e-10,-0.003861863000488197,-6.120976071878738e-7,-3.156433129075115e-7,0.00017610737229193732,-7.744102025609288e-5,2.2753757553485217e-5,1.1325045100902084e-6,6.214820217382446e-10,1.1233394381614248e-10,0.005395496662933258,-0.0009160188309193613,0.0011567550565554517,-1.3358199746506704e-7,9.581879405694583e-11,-0.0001385235099184126,1.7142199100777083e-10,-7.551258752707147e-7,1.503082063161932e-8,-2.8195427964177517e-9,0.00016095344544393746,-1.438810507057414e-7,0.0044997453611731,0.0019019560732965726,-0.00029420346168249555,2.2065923234028094e-11,-5.700206325899456e-6,9.188942847551187e-6,-0.0034537818971471647,-6.440993367377059e-6,-1.1041182155280797e-5,6.373678952089044e-6,-1.799439721133787e-5,3.1705950719928337e-11,1.7032643069025038e-11,1.4885301046644202e-12,-0.009270253090407942,9.150773301490561e-12,-0.0031602267155270898,0.0006306770781032171,-0.00022055961953497394,-2.607366348895306e-6,8.067678468037219e-5,7.253493983969356e-5,-4.802662155869585e-12,-0.0016622908816405792,-0.0019924236357073293,6.547778501765296e-5,1.8769574748838528e-5,2.0999029593851248e-5,2.515726747173033e-5,2.6513384939127426e-11,-0.007115977884673633,5.792169047185881e-8,-0.00018410261077143642,-1.2629042741666468e-8,2.226432625928112e-7,-8.162888365634229e-10,0.0037758278239493604,-3.0236913650888625e-10,-0.0022872456059390765,4.504862231236674e-5,-3.5417999527782434e-8,-2.4819710169827026e-5,-4.161423421308817e-6,-0.00018225025060049732,1.238671655594178e-5,-1.0166015054007997e-6,-2.428231469108547e-9,-2.8541979727241017e-7,-0.00020141083487409443,-1.6560996453274376e-8,-4.5514998293963586e-5,-5.350906433100308e-9,-1.3233283324772294e-5,8.941558332217813e-5,-2.2412550172737355e-7,-4.729155151362279e-9,2.4605863645352743e-7,6.8426766133300704e-6,-1.4490698080129911e-5,-2.761262753051395e-6,2.2350798262592775e-8,-2.5441076126743713e-10,-0.00013357896803033498,7.227564696122114e-5,1.429695811595884e-10,-8.444481666319608e-6,-5.158222078630918e-6,0.0009665781808860826,0.018648762315247158,9.278139007532121e-11,-8.901805960886904e-11,-0.0005003638280120365,-0.0008044514564846844,2.6112422817438363e-5,-3.493581643984951e-8,-3.9025502549162596e-5,-1.5589548379944016e-5,2.932929002266459e-6,8.340650589247258e-8,1.571542039661746e-7,1.260540234315856e-7,-7.704078713408275e-5,-0.001131305892367356,0.0015537891634893584,-0.009895311695913303,0.002651431781895997,9.222311768613035e-10,9.121238798831514e-11,-3.0286280075190882e-6,0.0006834329334452359,-1.596277105934094e-12
0.0,0.0,0.0,0.0,0.0,0.0,0.0,0.0,0.0,0.0,0.0,0.0,0.0,0.0,0.0,0.0,0.0,0.0,0.0,0.0,0.0,0.0,0.0,0.0,0.0,0.0,0.0,0.0,0.0,0.0,0.0,0.0,0.0,0.0,0.0,0.0,0.0,0.0,0.0,0.0,0.0,0.0,0.0,0.0,0.0,0.0,0.0,0.0,0.0,0.0,0.0,0.0,0.0,0.0,0.0,0.0,0.0,0.0,0.0,0.0,0.0,0.0,0.0,0.0,0.0,0.0,0.0,0.0,0.0,0.0,0.0,0.0,0.0,0.0,0.0,0.0,0.0,0.0,0.0,0.0,0.0,0.0,0.0,0.0,0.0,0.0,0.0,0.0,0.0,0.0,0.0,0.0,0.0,0.0,0.0,0.0,0.0,0.0,0.0,0.0,0.0,0.0,0.0,0.0,0.0,0.0,0.0,0.0,0.0,0.0,0.0,0.0,0.0,0.0,0.0,0.0,0.0,0.0,0.0,0.0,0.0,0.0,0.0,0.0,0.0,0.0,0.0,0.0,0.0,0.0,0.0,0.0,0.0,0.0,0.0,0.0,0.0,0.0,0.0,0.0,0.0,0.0,0.0,0.0,0.0,0.0,0.0,0.0,0.0,0.0,0.0,0.0,0.0,0.0,0.0,0.0,0.0,0.0,0.0,0.0,0.0,0.0,0.0,0.0,0.0,0.0,0.0,0.0,0.0,0.0,0.0,0.0,0.0,0.0,0.0,0.0,0.0,0.0,0.0,0.0,0.0,0.0,0.0,0.0,0.0,0.0,0.0,0.0,0.0,0.0,0.0,0.0,0.0,0.0,0.0,0.0,0.0,0.0,0.0,0.0,0.0,0.0,0.0,0.0,0.0,0.0,0.0,0.0,0.0,0.0,0.0,0.0,0.0,0.0,0.0,0.0,0.0,0.0,0.0,0.0,0.0,0.0,0.0,0.0,0.0,0.0,0.0,0.0,0.0,0.0,0.0,0.0,0.0,0.0,0.0,0.0,0.0,0.0,0.0,0.0,0.0,0.0,0.0,0.0,0.0,0.0,0.0,0.0,0.0,0.0,0.0,0.0,0.0,0.0,0.0,0.0,0.0,0.0,0.0,0.0,0.0,0.0,0.0,0.0,0.0,0.0,0.0,0.0,0.0,0.0,0.0,0.0,0.0,0.0,0.0,0.0,0.0,0.0,0.0,0.0,0.0,0.0,0.0,0.0,0.0,0.0,0.0,0.0,0.0,0.0,0.0,0.0,0.0,0.0,0.0,0.0,0.0,0.0,0.0,0.0,0.0,0.0,0.0,0.0,0.0,0.0,0.0,0.0,0.0,0.0,0.0,0.0,0.0,0.0,0.0,0.0,0.0,0.0,0.0,0.0,0.0,0.0,0.0,0.0,0.0,0.0,0.0,0.0,0.0,0.0,0.0,0.0,0.0,0.0,0.0,0.0,0.0,0.0,0.0,0.0,0.0,0.0,0.0,0.0,0.0,0.0,0.0,0.0,0.0,0.0,0.0,0.0,0.0,0.0,0.0,0.0,0.0,0.0,0.0,0.0,0.0,0.0,0.0,0.0,0.0,0.0,0.0,0.0,0.0,0.0,0.0,0.0,0.0,0.0,0.0,0.0,0.0,0.0,0.0,0.0,0.0,0.0,0.0,0.0,0.0,0.0,0.0,0.0,0.0,0.0,0.0,0.0,0.0,0.0,0.0,0.0,0.0,0.0,0.0,0.0,0.0,0.0,0.0,0.0,0.0,0.0,0.0,0.0,0.0,0.0,0.0,0.0,0.0,0.0,0.0,0.0,0.0,0.0,0.0,0.0,0.0,0.0,0.0,0.0,0.0,0.0,0.0,0.0,0.0,0.0,0.0,0.0,0.0,0.0,0.0,0.0,0.0,0.0,0.0,0.0,0.0,0.0,0.0,0.0,0.0,0.0,0.0,0.0,0.0,0.0,0.0,0.0,0.0,0.0,0.0,0.0,0.0,0.0,0.0,0.0,0.0,0.0,0.0,0.0,0.0,0.0,0.0,0.0,0.0,0.0,0.0,0.0,0.0,0.0,0.0,0.0,0.0,0.0,0.0,0.0,0.0,0.0,0.0,0.0,0.0,0.0,0.0,0.0,0.0,0.0,0.0,0.0,0.0,0.0,0.0,0.0,0.0,0.0,0.0,0.0,0.0,0.0,0.0,0.0,0.0,0.0,0.0,0.0,0.0,0.0,0.0,0.0,0.0,0.0,0.0,0.0,0.0,0.0,0.0,0.0,0.0,0.0,0.0,0.0,0.0,0.0,0.0,0.0,0.0,0.0,0.0,0.0,0.0,0.0,0.0,0.0,0.0,0.0,0.0,0.0,0.0,0.0,0.0,0.0,0.0,0.0,0.0,0.0,0.0,0.0,0.0,0.0,0.0,0.0,0.0,0.0,0.0,0.0,0.0,0.0,0.0,0.0,0.0,0.0,0.0,0.0,0.0,0.0,0.037644503707264944,-9.231993699321757e-7,8.429695107796459e-10,-8.404358457353732e-8,6.629629267088681e-7,-5.629853187484639e-7,-0.0012570564167097553,2.3173451216689436e-5,-4.0023214119130195e-5,-0.0003001970796350822,-0.0006725958812583184,-5.690771491790595e-7,-0.00020512314089490496,-7.51069470427394e-7,2.787075711119879e-5,-3.291022322734022e-5,-1.4536184909204052e-5,-7.051245790603028e-6,-1.739601227275383e-10,-4.733799111921553e-8,-6.207797081164742e-8,7.807114351127335e-7,-0.008167378702045609,-7.366707598044363e-8,-3.490486373537448e-5,5.64123993041687e-5,-0.00011532254647725973,0.00037177363511532415,-0.0020503946152027716,4.37833732449616e-7,-0.000447529304209051,-1.8774015431011876e-8,2.788317322293978e-10,0.0032669782623798408,0.0004666565488640897,-4.8870929947319716e-5,-1.813523817926952e-5,-3.314022891830367e-7,-3.594011577462443e-8,3.101350806113895e-10,5.477919668869166e-9,9.002134657715884e-10,-0.009302221527106422,-2.6868113484075596e-6,2.2039846253416596e-5,2.9121506440108445e-6,-3.310837286825919e-5,5.487877531597012e-10,1.747784474847762e-6,-9.71930208046065e-7,1.3559369770523774e-5,-4.077946928735227e-10,0.0008758632634844763,-0.0007371908243078581,4.5890565725581855e-5,8.656663477484725e-7,-0.00035467222166823276,3.219046213904287e-5,0.0006361273004134943,1.7690752292132155e-9,-9.866959016589928e-8,6.547656830928496e-7,6.3841140625998424e-6,-2.301495957241747e-7,-2.3738077493176584e-8,-4.3870144274168874e-10,1.2858768477148304e-7,-0.003157311289924386,2.626084028965942e-8,1.2808678611061911e-6,0.00011007879268030633,0.0001365854109813478,6.433117516934951e-6,5.897046132705355e-9,-4.102071137176597e-9,0.0040279608910620225,4.7892098709474015e-6,7.935262481849911e-9,-0.003247895805943762,8.81592768491526e-7,0.0003488107746806315,-6.361249327298205e-6,-9.551882521238929e-7,-0.0011312022946445822,3.0804052097002105e-10,2.284195154568721e-8,7.184557095780647e-8,-7.529512125491708e-10,0.0004392702169725672,-1.890923550999732e-7,-5.0752000781183235e-6,-2.9024243513281062e-8,7.748622099977479e-8,-7.233737216977178e-5,-6.66675247305762e-8,2.0450676984902212e-6,0.000199580854990726,-0.010012082138074871,-1.922511669019869e-8,0.000834854358014235,-1.0412802242303924e-8,-1.562594572556636e-7,-0.0001159897273805558,0.0005767527726518883,-0.0008946438804686915,2.6234698083559585e-8,2.151841435383633e-5,2.023886734939154e-5,-0.0005141112864871615,1.837889425526136e-5,-4.692145546858628e-5,-6.3404844489574e-6,8.565078196378078e-9,6.483135514617762e-7,-7.671023430058012e-5,-0.0032244125217329015,0.0017249199348472232,0.0014422684654486597,-2.7863951471963947e-8,1.8632784915500459e-6,-0.0015368179298905508,9.901336862070899e-11,-1.560713981143365e-8,-1.2760963015814428e-5,-9.062686433301103e-9,0.0032397999537860708,4.839793752190426e-7,-7.697660489857282e-8,-4.0505696472576896e-7,-6.419785190601009e-5,-1.5334166377120268e-6,3.2888725956454466e-10,5.175383451123118e-6,0.0005124136152643824,2.668758315708944e-7,0.00011198369374141176,5.6250717622849245e-5,-8.876832918681115e-7,-1.8308965370901186e-7,-0.00015816920830454708,-1.9175040290423918e-8,-1.421451544771355e-6,2.7145243770519406e-7,5.76179825336459e-9,1.858721431576138e-8,0.0022257313717543767,-1.8132563630788218e-6,5.283771016180854e-11,1.059642474177054e-8,0.0013078675597939572,-0.012104447431557698,-8.309633568862078e-8,-5.056959371109722e-9,9.539749611224472e-8,8.663372338224705e-6,9.278033877055876e-9,4.908515766040267e-6,2.110531239756739e-8,-1.4172520743359902e-6,6.824695400342548e-9,0.0004373492608599831,2.8375105520767223e-8,-3.767684012500231e-10,-2.9103009400296075e-6,5.21565681138414e-7,0.0003885367519236953,1.417939219784763e-9,1.323460391953318e-9,4.812775602753411e-9,5.932695645358825e-8,1.785184657838314e-6,0.0001375448994890633,4.605187770551364e-5,2.355260916986793e-10,-0.0016153667505401802,-2.5708453993266366e-5,3.228533247475947e-5,-6.846394734303651e-7,-5.88496135541941e-5,2.0407748746098776e-7,-0.00012519207796557366,0.0007402831264960888,0.0038505214744261316,-1.1445647144074046e-6,0.0018990664353458722,4.29167429385427e-10,1.065511933853125e-6,-0.0008569812796303623,4.744488822612784e-6,-1.815107788963107e-5,9.354635612640517e-9,9.3202973793618e-6,-1.5187622265559783e-8,9.666722355299669e-8,-3.843334168434641e-10,-1.8681037006703697e-5,-0.00015405062953646506,0.005933499981428842,-0.0013228804745621374,-8.651611761726212e-10,5.254036297821679e-5,2.101833162980603e-6,1.599769411890365e-5,9.95513137271937e-7,2.2824794668447267e-7,-0.00974129113607685,0.00449520952193775,4.926998308564997e-6,-6.099645517749751e-7,-8.187427003085268e-7,-1.5022875754246074e-7,6.13389857661656e-8,2.0075566592023763e-5,-0.002579081642133811,-2.3668092806379848e-5,-0.0009011483867436259,-1.8557286696234084e-8,0.005640271157607278,-0.00019632795657241277,-7.39085835790116e-5,-2.9054185386386177e-9,-6.167181594535083e-8,1.3187987844648769e-5,1.100457379567639e-6,-1.3735128869679837e-5,-3.618980497926912e-8,2.2017116622388224e-6,-4.7700674452251345e-8,7.466961587718846e-10,8.84698120516904e-5,-3.1852503999369385e-8
0.0,0.0,0.0,0.0,0.0,0.0,0.0,0.0,0.0,0.0,0.0,0.0,0.0,0.0,0.0,0.0,0.0,0.0,0.0,0.0,0.0,0.0,0.0,0.0,0.0,0.0,0.0,0.0,0.0,0.0,0.0,0.0,0.0,0.0,0.0,0.0,0.0,0.0,0.0,0.0,0.0,0.0,0.0,0.0,0.0,0.0,0.0,0.0,0.0,0.0,0.0,0.0,0.0,0.0,0.0,0.0,0.0,0.0,0.0,0.0,0.0,0.0,0.0,0.0,0.0,0.0,0.0,0.0,0.0,0.0,0.0,0.0,0.0,0.0,0.0,0.0,0.0,0.0,0.0,0.0,0.0,0.0,0.0,0.0,0.0,0.0,0.0,0.0,0.0,0.0,0.0,0.0,0.0,0.0,0.0,0.0,0.0,0.0,0.0,0.0,0.0,0.0,0.0,0.0,0.0,0.0,0.0,0.0,0.0,0.0,0.0,0.0,0.0,0.0,0.0,0.0,0.0,0.0,0.0,0.0,0.0,0.0,0.0,0.0,0.0,0.0,0.0,0.0,0.0,0.0,0.0,0.0,0.0,0.0,0.0,0.0,0.0,0.0,0.0,0.0,0.0,0.0,0.0,0.0,0.0,0.0,0.0,0.0,0.0,0.0,0.0,0.0,0.0,0.0,0.0,0.0,0.0,0.0,0.0,0.0,0.0,0.0,0.0,0.0,0.0,0.0,0.0,0.0,0.0,0.0,0.0,0.0,0.0,0.0,0.0,0.0,0.0,0.0,0.0,0.0,0.0,0.0,0.0,0.0,0.0,0.0,0.0,0.0,0.0,0.0,0.0,0.0,0.0,0.0,0.0,0.0,0.0,0.0,0.0,0.0,0.0,0.0,0.0,0.0,0.0,0.0,0.0,0.0,0.0,0.0,0.0,0.0,0.0,0.0,0.0,0.0,0.0,0.0,0.0,0.0,0.0,0.0,0.0,0.0,0.0,0.0,0.0,0.0,0.0,0.0,0.0,0.0,0.0,0.0,0.0,0.0,0.0,0.0,0.0,0.0,0.0,0.0,0.0,0.0,0.0,0.0,0.0,0.0,0.0,0.0,0.0,0.0,0.0,0.0,0.0,0.0,0.0,0.0,0.0,0.0,0.0,0.0,0.0,0.0,0.0,0.0,0.0,0.0,0.0,0.0,0.0,0.0,0.0,0.0,0.0,0.0,0.0,0.0,0.0,0.0,0.0,0.0,0.0,0.0,0.0,0.0,0.0,0.0,0.0,0.0,0.0,0.0,0.0,0.0,0.0,0.0,0.0,0.0,0.0,0.0,0.0,0.0,0.0,0.0,0.0,0.0,0.0,0.0,0.0,0.0,0.0,0.0,0.0,0.0,0.0,0.0,0.0,0.0,0.0,0.0,0.0,0.0,0.0,0.0,0.0,0.0,0.0,0.0,0.0,0.0,0.0,0.0,0.0,0.0,0.0,0.0,0.0,0.0,0.0,0.0,0.0,0.0,0.0,0.0,0.0,0.0,0.0,0.0,0.0,0.0,0.0,0.0,0.0,0.0,0.0,0.0,0.0,0.0,0.0,0.0,0.0,0.0,0.0,0.0,0.0,0.0,0.0,0.0,0.0,0.0,0.0,0.0,0.0,0.0,0.0,0.0,0.0,0.0,0.0,0.0,0.0,0.0,0.0,0.0,0.0,0.0,0.0,0.0,0.0,0.0,0.0,0.0,0.0,0.0,0.0,0.0,0.0,0.0,0.0,0.0,0.0,0.0,0.0,0.0,0.0,0.0,0.0,0.0,0.0,0.0,0.0,0.0,0.0,0.0,0.0,0.0,0.0,0.0,0.0,0.0,0.0,0.0,0.0,0.0,0.0,0.0,0.0,0.0,0.0,0.0,0.0,0.0,0.0,0.0,0.0,0.0,0.0,0.0,0.0,0.0,0.0,0.0,0.0,0.0,0.0,0.0,0.0,0.0,0.0,0.0,0.0,0.0,0.0,0.0,0.0,0.0,0.0,0.0,0.0,0.0,0.0,0.0,0.0,0.0,0.0,0.0,0.0,0.0,0.0,0.0,0.0,0.0,0.0,0.0,0.0,0.0,0.0,0.0,0.0,0.0,0.0,0.0,0.0,0.0,0.0,0.0,0.0,0.0,0.0,0.0,0.0,0.0,0.0,0.0,0.0,0.0,0.0,0.0,0.0,0.0,0.0,0.0,0.0,0.0,0.0,0.0,0.0,0.0,0.0,0.0,0.0,0.0,0.0,0.0,0.0,0.0,0.0,0.0,0.0,0.0,0.0,0.0,0.0,0.0,0.0,0.0,0.0,0.0,0.0,0.0,0.0,0.0,0.0,0.0,0.0,0.0,0.0,0.0,0.0,0.0,0.0,0.0,0.0,0.0,0.0,0.0,0.0,0.0,0.0,0.0,0.0,0.0,0.0,0.0,0.0,0.0,0.0,0.0,0.0,0.0,0.0,0.0,0.0,0.0,0.0,0.0,0.0,0.0,0.0,0.02782191496201411,1.9556028286229113e-14,-9.36798080605399e-13,-0.008418965717684633,-2.5328215485447688e-11,1.8507790219748368e-5,4.0702065325772584e-9,9.525408074769711e-9,-1.189726141069251e-8,-1.8000702192102342e-6,0.0002317391103222041,4.151407979087173e-6,1.8598641510911422e-10,1.633347653382484e-9,-8.787156858593032e-5,0.00033776601638808515,-0.0017838476525155601,-1.3651965261651667e-14,-3.70220176495731e-11,0.0004891383094383465,-0.008944260097530396,4.334124267865536e-7,0.00029303698191130155,0.0010628642777408468,6.029273751530731e-6,-9.01802302691133e-7,-1.0853409493903724e-5,1.1235045770592857e-5,3.198008604287425e-11,1.5757488057282778e-7,0.0001509909114017107,-4.3094801131751424e-14,6.276745967347337e-8,-3.752950750737106e-8,-2.5246486604985307e-10,-1.9952794789668464e-9,-0.004473485756004159,0.0006151084839326877,4.011773803526974e-15,-8.607170854992423e-14,5.964418084975338e-14,-4.809100470299144e-7,0.00156324508249468,0.0004066739152635176,7.474285206870209e-11,-2.0286619071996048e-9,2.0795394084517866e-14,-2.2033508355887574e-10,-3.251256508163977e-11,-7.26585269696351e-5,-1.7714638093680472e-14,7.591512193568002e-6,-2.2806306457220187e-7,3.414305049785739e-8,5.392638075298406e-11,-2.30346574865492e-5,-6.734239771849908e-5,8.294093850141e-6,1.3109789756052057e-13,0.0005092514630107642,2.5711261194837106e-11,0.0012396481431307023,2.5533387636169915e-11,-0.00023821038030087015,0.0002503561114512576,4.384126623641066e-11,-1.3752268711372535e-7,3.134961225111145e-11,1.5944289765494984e-12,2.8600333931598508e-8,4.669306677939729e-9,-0.0021070471491581883,-3.114252286187512e-13,-4.095667384817508e-12,3.450014723508531e-6,-8.252051954888896e-10,-1.2123034308256347e-12,-3.706652504737525e-8,6.600679416013843e-12,9.193462494876345e-5,-8.869555996558115e-9,-0.0013702411341488384,-2.616450983801043e-7,3.693952313273542e-13,-0.0011136911924838288,3.818867465174955e-12,2.6831347844888462e-14,-3.748096262972919e-8,-0.0020426229743396277,-0.003513146576870897,-1.4052977660760969e-12,-1.0732834920926448e-11,5.264566578433187e-6,0.004115772260989531,0.00027589789945927284,2.9300748354625007e-6,-1.3798746456738078e-7,1.4471489259061988e-13,1.476379375650246e-7,-6.252707172110201e-12,0.0005118728070193661,3.786035829165622e-8,-1.879951850634313e-5,6.728603158894001e-6,-3.825862530646273e-15,1.352598005243095e-8,-0.00026576222445909585,-3.213123701812629e-6,-5.882807241290663e-10,-2.858885199307145e-9,-0.00019000922414838983,-1.5590410554021932e-12,7.528410200164162e-11,0.00010032885696986315,7.55562228940336e-7,-1.9267879540802276e-7,-3.490177494100814e-6,0.0006451431602404474,-5.08032663324705e-10,2.274264839436122e-6,-1.6735869768942507e-14,7.458927995565673e-12,4.220893739226936e-9,5.026146641804249e-13,-9.614458604451352e-6,-0.00197031482419209,-0.0014251451633927733,2.3010836914343739e-10,3.927405486238465e-9,-1.8490508975981204e-11,1.3072200928486598e-14,0.002037959087463015,-7.265918959008758e-10,-0.0013275759383949426,3.939765356936976e-6,-4.2634447309596974e-5,0.0031255988554894374,-2.9220034969521027e-12,0.00010662935723677111,-2.805047338853376e-12,1.879494487805861e-9,1.4000834994675546e-11,-0.000547319933566337,-2.7039448690233564e-13,-2.7946731532203536e-7,1.8590902130314298e-10,-1.3698571545353441e-14,4.3303404302282427e-13,-9.979596561211266e-7,-5.364555153034512e-7,0.0006666566187836366,3.5422836870801885e-5,-0.00010417881626723159,3.700731055386246e-10,0.010318356085197824,-3.0914554753174616e-11,1.5797180730160163e-11,-3.5092687074675415e-11,5.221109470296906e-13,-2.5450719034827772e-8,5.648366463144278e-12,0.00032702619834570874,7.610063724356395e-10,-9.282793119007423e-11,2.1950409802394112e-8,4.254478603329591e-12,1.0188385448865333e-12,-4.992163000997362e-13,-0.0004050144619391565,-2.7924460223451296e-10,7.627310536852595e-5,5.607750660836363e-8,6.277455212316282e-14,-1.417163767971521e-6,5.699766987600349e-6,-9.509143648275958e-9,0.005215664952021794,-1.0066517436227005e-9,1.464698025121836e-11,0.00012756376752428634,1.2443697853297949e-7,3.3029903785217706e-6,-1.2018457897120817e-10,3.5658958935966743e-7,8.024831526374223e-15,0.004318646798853881,4.3844333021916094e-7,2.081141437055403e-9,0.00014510797911511858,-6.623517874232558e-13,-0.0009409973535443167,-3.2260366375033197e-13,-3.4794311426487386e-12,-5.067695430603218e-14,0.0006815286166395322,-1.8716459709379025e-5,8.271710823256996e-8,1.0600097616265149e-6,-9.227022157948223e-14,-0.0002983175119449075,0.0007268221745216859,2.720506859127088e-8,2.7681301295303233e-11,-0.002591887194124715,-7.839664269480513e-7,3.41214527517851e-7,-1.0174004157524237e-9,-6.14590880073922e-10,-0.0049993657528747855,0.00237334182273629,6.237649898827121e-12,6.246180941335205e-10,-1.6673046363963198e-7,0.00013426820464492722,-8.904338343375457e-8,2.250653797151888e-12,1.8882732295414366e-7,-1.8855441580108347e-5,1.916351410791408e-5,3.113185075445791e-13,-7.63051142328413e-12,1.658701914748471e-10,1.972803574522306e-10,1.437846655556554e-10,9.95795272094668e-12,-0.0013054833384772522,-0.005879827993810856,-5.318957960492324e-14,-1.0260306341593694e-8,0.0006744373785168761
0.0,0.0,0.0,0.0,0.0,0.0,0.0,0.0,0.0,0.0,0.0,0.0,0.0,0.0,0.0,0.0,0.0,0.0,0.0,0.0,0.0,0.0,0.0,0.0,0.0,0.0,0.0,0.0,0.0,0.0,0.0,0.0,0.0,0.0,0.0,0.0,0.0,0.0,0.0,0.0,0.0,0.0,0.0,0.0,0.0,0.0,0.0,0.0,0.0,0.0,0.0,0.0,0.0,0.0,0.0,0.0,0.0,0.0,0.0,0.0,0.0,0.0,0.0,0.0,0.0,0.0,0.0,0.0,0.0,0.0,0.0,0.0,0.0,0.0,0.0,0.0,0.0,0.0,0.0,0.0,0.0,0.0,0.0,0.0,0.0,0.0,0.0,0.0,0.0,0.0,0.0,0.0,0.0,0.0,0.0,0.0,0.0,0.0,0.0,0.0,0.0,0.0,0.0,0.0,0.0,0.0,0.0,0.0,0.0,0.0,0.0,0.0,0.0,0.0,0.0,0.0,0.0,0.0,0.0,0.0,0.0,0.0,0.0,0.0,0.0,0.0,0.0,0.0,0.0,0.0,0.0,0.0,0.0,0.0,0.0,0.0,0.0,0.0,0.0,0.0,0.0,0.0,0.0,0.0,0.0,0.0,0.0,0.0,0.0,0.0,0.0,0.0,0.0,0.0,0.0,0.0,0.0,0.0,0.0,0.0,0.0,0.0,0.0,0.0,0.0,0.0,0.0,0.0,0.0,0.0,0.0,0.0,0.0,0.0,0.0,0.0,0.0,0.0,0.0,0.0,0.0,0.0,0.0,0.0,0.0,0.0,0.0,0.0,0.0,0.0,0.0,0.0,0.0,0.0,0.0,0.0,0.0,0.0,0.0,0.0,0.0,0.0,0.0,0.0,0.0,0.0,0.0,0.0,0.0,0.0,0.0,0.0,0.0,0.0,0.0,0.0,0.0,0.0,0.0,0.0,0.0,0.0,0.0,0.0,0.0,0.0,0.0,0.0,0.0,0.0,0.0,0.0,0.0,0.0,0.0,0.0,0.0,0.0,0.0,0.0,0.0,0.0,0.0,0.0,0.0,0.0,0.0,0.0,0.0,0.0,0.0,0.0,0.0,0.0,0.0,0.0,0.0,0.0,0.0,0.0,0.0,0.0,0.0,0.0,0.0,0.0,0.0,0.0,0.0,0.0,0.0,0.0,0.0,0.0,0.0,0.0,0.0,0.0,0.0,0.0,0.0,0.0,0.0,0.0,0.0,0.0,0.0,0.0,0.0,0.0,0.0,0.0,0.0,0.0,0.0,0.0,0.0,0.0,0.0,0.0,0.0,0.0,0.0,0.0,0.0,0.0,0.0,0.0,0.0,0.0,0.0,0.0,0.0,0.0,0.0,0.0,0.0,0.0,0.0,0.0,0.0,0.0,0.0,0.0,0.0,0.0,0.0,0.0,0.0,0.0,0.0,0.0,0.0,0.0,0.0,0.0,0.0,0.0,0.0,0.0,0.0,0.0,0.0,0.0,0.0,0.0,0.0,0.0,0.0,0.0,0.0,0.0,0.0,0.0,0.0,0.0,0.0,0.0,0.0,0.0,0.0,0.0,0.0,0.0,0.0,0.0,0.0,0.0,0.0,0.0,0.0,0.0,0.0,0.0,0.0,0.0,0.0,0.0,0.0,0.0,0.0,0.0,0.0,0.0,0.0,0.0,0.0,0.0,0.0,0.0,0.0,0.0,0.0,0.0,0.0,0.0,0.0,0.0,0.0,0.0,0.0,0.0,0.0,0.0,0.0,0.0,0.0,0.0,0.0,0.0,0.0,0.0,0.0,0.0,0.0,0.0,0.0,0.0,0.0,0.0,0.0,0.0,0.0,0.0,0.0,0.0,0.0,0.0,0.0,0.0,0.0,0.0,0.0,0.0,0.0,0.0,0.0,0.0,0.0,0.0,0.0,0.0,0.0,0.0,0.0,0.0,0.0,0.0,0.0,0.0,0.0,0.0,0.0,0.0,0.0,0.0,0.0,0.0,0.0,0.0,0.0,0.0,0.0,0.0,0.0,0.0,0.0,0.0,0.0,0.0,0.0,0.0,0.0,0.0,0.0,0.0,0.0,0.0,0.0,0.0,0.0,0.0,0.0,0.0,0.0,0.0,0.0,0.0,0.0,0.0,0.0,0.0,0.0,0.0,0.0,0.0,0.0,0.0,0.0,0.0,0.0,0.0,0.0,0.0,0.0,0.0,0.0,0.0,0.0,0.0,0.0,0.0,0.0,0.0,0.0,0.0,0.0,0.0,0.0,0.0,0.0,0.0,0.0,0.0,0.0,0.0,0.0,0.0,0.0,0.0,0.0,0.0,0.0,0.0,0.0,0.0,0.0,0.0,0.0,0.0,0.0,0.0,0.0,0.0,0.0,0.0,0.0,0.0,0.0,0.0,0.0,0.0,0.0,0.0,0.0,0.0,0.0,0.0,0.0,0.0,0.0,0.0,0.0,0.0,0.0,0.0,0.0,0.0,0.0,0.0,0.027463400723652862,-0.0009811830108336487,-2.691696359589537e-13,-5.023395871051303e-5,1.1102004794110743e-9,9.008098875695377e-6,3.11107157998182e-8,2.1873327701343477e-7,-4.13645775017438e-10,1.0670877100975481e-11,-2.7232871288135604e-10,-1.2577897956608359e-5,-6.185937478956707e-7,-1.3337027103929802e-10,-1.6683437656913275e-11,4.105466685564644e-12,-0.0003278185120492243,-6.71765896358356e-5,-1.7650916005341114e-14,-1.3351058479761062e-13,1.78600036845178e-9,1.4605794084960222e-14,-3.655058196360599e-12,-5.145190750032339e-9,-1.8865967479764035e-8,4.864099882805099e-10,-1.5873113725519865e-9,-0.0002156285822913183,3.8822292630467834e-8,-1.1221203592657893e-14,0.004294902668038962,-2.1538781129782453e-8,5.262491373846459e-8,2.745549271502781e-6,-9.900401668499356e-7,2.176654827740685e-14,-1.0325198038229889e-15,-0.0017048945187961746,-0.0017811166193156401,0.0024794611665534642,6.257277603124674e-9,2.155799618700024e-13,-6.1983197761719046e-12,-2.7681116731690504e-5,-3.036029218961493e-6,-0.001645407391146554,-6.332279297676724e-6,7.696657369275311e-5,1.909573932541436e-11,0.003270335334392758,1.3208167387515078e-10,-1.84957252777249e-8,7.454878627479934e-8,0.0004931025942775686,7.845551345787973e-10,-3.2016618929680164e-11,9.700444105400184e-11,0.0018354439852572534,2.6753487992540947e-15,0.00014119924981522528,1.414702722683751e-12,-5.4247842505693036e-5,6.202199494675906e-13,-1.0806999756367369e-14,0.00017571788444171673,2.9992785050415036e-9,1.6175281735381025e-6,4.288266664916304e-5,-1.2620460536146364e-7,-5.6378373485628e-8,-6.808642997303284e-13,0.00625206643712582,-0.0008631504078335304,8.093441265694221e-10,1.1402271499056549e-5,0.0020234600980450226,1.5185234568444938e-8,-6.340170565012613e-5,-2.877405511851414e-11,2.870064609893371e-6,1.511045135119092e-13,7.663789441214741e-9,-5.121636273094682e-5,2.156888089837237e-14,0.0017508407636990136,0.00025521092765208077,-2.050463152837003e-7,6.337728225201696e-14,-1.9158991410193436e-13,-0.0016312228063229523,-0.00027015712706618736,5.320461679438606e-11,-8.036620858268267e-14,7.852720110244226e-13,-6.827841897848799e-11,-1.0259717135578093e-8,0.00015350674497480315,-1.1583797293476293e-7,0.00018447516292814659,-5.067401669683288e-14,5.165315772677846e-8,1.1622822230316733e-10,6.105983223851347e-10,-0.000745050378940074,7.396361893603343e-7,6.390963463334913e-12,1.900565604566915e-9,2.927974619125008e-6,4.237831520345868e-7,-9.741645424195528e-13,0.00016702262625305502,-6.194249561650752e-5,-7.860738367291197e-11,-1.1239947909784233e-8,-3.3116564744426484e-8,1.215516710344887e-9,2.609322445429917e-13,2.6117177218571496e-6,-1.1545378266463365e-8,0.0008188515000924346,0.0030642968535622385,5.574114693896154e-10,0.0024245715429990745,-1.998696333307206e-9,3.3783364222481266e-13,-3.4432572180849937e-14,2.8995779418178588e-5,-3.793647659818619e-6,-1.5314507764282422e-5,-0.0007765308474805415,-8.958289497805194e-13,3.059511132029374e-8,-7.246415406819449e-14,3.4333335821666417e-10,-6.480666810006579e-12,4.934917467126088e-13,-0.0005267304080480185,6.761882712937703e-11,8.005754392244522e-6,-1.2995797303546414e-5,-0.0002252759098508971,1.1893503065414786e-14,-0.00017571846201094903,7.299537371671844e-9,-1.888721991196856e-5,-0.0039904273902769925,0.005983201686163268,-8.598593250340125e-9,8.988154845784295e-9,6.820360370129632e-15,-2.0447997091305594e-15,2.6828188172062564e-16,-1.475925230517289e-5,1.5487593363147383e-15,-5.626780519091297e-7,0.00013919998131050855,-5.998964070507031e-5,0.004834066838202327,9.436375075123382e-8,0.0005717051847817588,1.0433758256989881e-15,-4.523888124602764e-6,-1.703192031473757e-5,-6.879780534471833e-8,-0.0015356516595747076,0.0028779802014569753,0.00047587890698041097,-3.969454474698515e-15,-2.793381365917373e-6,-1.1656600147410617e-10,-2.467757938983757e-7,-0.004329079059720541,-1.2765393777038715e-9,5.058248242116471e-12,-2.7539032012792114e-6,4.704691780311758e-14,-7.03017909645685e-7,0.0003753896693168462,-4.235020293449574e-12,1.602110220972734e-8,-3.793772800344846e-10,-4.469883116001685e-5,8.507196142023188e-9,-0.0002788723074483403,-4.172252695502716e-13,3.58754204282945e-9,2.648761428951805e-6,5.4781020476179946e-11,-0.0006114146938134289,2.7124293831753172e-12,-0.0008176289105647001,0.00036852498836854506,-0.000631772088904919,-2.3760986572321604e-12,2.3080917847392086e-10,8.175072906078423e-9,2.236632625398035e-9,-0.009173465999054354,-5.844113190864569e-12,-6.994916156121213e-13,-7.98479716376675e-8,3.1425598136116223e-5,2.453599408088497e-13,1.6062652398109877e-8,7.991082017962096e-9,1.5980884537455831e-6,-6.438974502796284e-6,2.0429473561018968e-13,-6.394379388646718e-15,-0.0001793094605062159,1.3297127945332367e-6,-4.709884185817405e-8,4.038115204777683e-12,-8.81502307971464e-9,-0.00016244458047111077,3.5544630301526216e-9,9.717703979807061e-11,2.3035512268861052e-10,-0.006736409995445961,-0.00012965921021126567,9.150771159863162e-7,6.213078926637092e-6,-7.747649641192151e-6,-2.1827005473779134e-5,4.857009044047907e-13,2.09556618765363e-13,-0.004957219377698088,1.3217273803007243e-7,9.911096178752364e-16
0.0,0.0,0.0,0.0,0.0,0.0,0.0,0.0,0.0,0.0,0.0,0.0,0.0,0.0,0.0,0.0,0.0,0.0,0.0,0.0,0.0,0.0,0.0,0.0,0.0,0.0,0.0,0.0,0.0,0.0,0.0,0.0,0.0,0.0,0.0,0.0,0.0,0.0,0.0,0.0,0.0,0.0,0.0,0.0,0.0,0.0,0.0,0.0,0.0,0.0,0.0,0.0,0.0,0.0,0.0,0.0,0.0,0.0,0.0,0.0,0.0,0.0,0.0,0.0,0.0,0.0,0.0,0.0,0.0,0.0,0.0,0.0,0.0,0.0,0.0,0.0,0.0,0.0,0.0,0.0,0.0,0.0,0.0,0.0,0.0,0.0,0.0,0.0,0.0,0.0,0.0,0.0,0.0,0.0,0.0,0.0,0.0,0.0,0.0,0.0,0.0,0.0,0.0,0.0,0.0,0.0,0.0,0.0,0.0,0.0,0.0,0.0,0.0,0.0,0.0,0.0,0.0,0.0,0.0,0.0,0.0,0.0,0.0,0.0,0.0,0.0,0.0,0.0,0.0,0.0,0.0,0.0,0.0,0.0,0.0,0.0,0.0,0.0,0.0,0.0,0.0,0.0,0.0,0.0,0.0,0.0,0.0,0.0,0.0,0.0,0.0,0.0,0.0,0.0,0.0,0.0,0.0,0.0,0.0,0.0,0.0,0.0,0.0,0.0,0.0,0.0,0.0,0.0,0.0,0.0,0.0,0.0,0.0,0.0,0.0,0.0,0.0,0.0,0.0,0.0,0.0,0.0,0.0,0.0,0.0,0.0,0.0,0.0,0.0,0.0,0.0,0.0,0.0,0.0,0.0,0.0,0.0,0.0,0.0,0.0,0.0,0.0,0.0,0.0,0.0,0.0,0.0,0.0,0.0,0.0,0.0,0.0,0.0,0.0,0.0,0.0,0.0,0.0,0.0,0.0,0.0,0.0,0.0,0.0,0.0,0.0,0.0,0.0,0.0,0.0,0.0,0.0,0.0,0.0,0.0,0.0,0.0,0.0,0.0,0.0,0.0,0.0,0.0,0.0,0.0,0.0,0.0,0.0,0.0,0.0,0.0,0.0,0.0,0.0,0.0,0.0,0.0,0.0,0.0,0.0,0.0,0.0,0.0,0.0,0.0,0.0,0.0,0.0,0.0,0.0,0.0,0.0,0.0,0.0,0.0,0.0,0.0,0.0,0.0,0.0,0.0,0.0,0.0,0.0,0.0,0.0,0.0,0.0,0.0,0.0,0.0,0.0,0.0,0.0,0.0,0.0,0.0,0.0,0.0,0.0,0.0,0.0,0.0,0.0,0.0,0.0,0.0,0.0,0.0,0.0,0.0,0.0,0.0,0.0,0.0,0.0,0.0,0.0,0.0,0.0,0.0,0.0,0.0,0.0,0.0,0.0,0.0,0.0,0.0,0.0,0.0,0.0,0.0,0.0,0.0,0.0,0.0,0.0,0.0,0.0,0.0,0.0,0.0,0.0,0.0,0.0,0.0,0.0,0.0,0.0,0.0,0.0,0.0,0.0,0.0,0.0,0.0,0.0,0.0,0.0,0.0,0.0,0.0,0.0,0.0,0.0,0.0,0.0,0.0,0.0,0.0,0.0,0.0,0.0,0.0,0.0,0.0,0.0,0.0,0.0,0.0,0.0,0.0,0.0,0.0,0.0,0.0,0.0,0.0,0.0,0.0,0.0,0.0,0.0,0.0,0.0,0.0,0.0,0.0,0.0,0.0,0.0,0.0,0.0,0.0,0.0,0.0,0.0,0.0,0.0,0.0,0.0,0.0,0.0,0.0,0.0,0.0,0.0,0.0,0.0,0.0,0.0,0.0,0.0,0.0,0.0,0.0,0.0,0.0,0.0,0.0,0.0,0.0,0.0,0.0,0.0,0.0,0.0,0.0,0.0,0.0,0.0,0.0,0.0,0.0,0.0,0.0,0.0,0.0,0.0,0.0,0.0,0.0,0.0,0.0,0.0,0.0,0.0,0.0,0.0,0.0,0.0,0.0,0.0,0.0,0.0,0.0,0.0,0.0,0.0,0.0,0.0,0.0,0.0,0.0,0.0,0.0,0.0,0.0,0.0,0.0,0.0,0.0,0.0,0.0,0.0,0.0,0.0,0.0,0.0,0.0,0.0,0.0,0.0,0.0,0.0,0.0,0.0,0.0,0.0,0.0,0.0,0.0,0.0,0.0,0.0,0.0,0.0,0.0,0.0,0.0,0.0,0.0,0.0,0.0,0.0,0.0,0.0,0.0,0.0,0.0,0.0,0.0,0.0,0.0,0.0,0.0,0.0,0.0,0.0,0.0,0.0,0.0,0.0,0.0,0.0,0.0,0.0,0.0,0.0,0.0,0.0,0.0,0.0,0.0,0.0,0.0,0.0,0.0,0.0,0.0,0.0,0.0,0.0,0.0,0.0,0.0,0.0,0.0,0.0,0.0,0.0,0.0,0.0,0.0,0.0,0.0,0.0,0.0,0.0,0.0,0.026099681308440224,7.593395678272861e-13,0.0029687630182931067,-2.3533331948871523e-9,-2.2038645254898095e-5,6.570085544323511e-7,4.906154930704257e-7,-1.9736603127601167e-9,-1.345833592136874e-10,-1.0492164314267114e-9,-0.0003405567190642825,2.5303600534168236e-5,1.8936816255468266e-10,1.3584168090745415e-10,7.394390148990926e-12,0.0002731757462768861,-0.0032671201551859584,3.0985722094243925e-13,-3.3724876747429696e-13,-3.3185720370156238e-9,1.15401739934226e-13,6.14315439298472e-11,-3.089810731013638e-8,-1.5278301965802494e-8,5.898080208457177e-10,-1.3890383374660315e-9,-0.0037007541715234835,1.1930332763324488e-6,1.8947522556230718e-13,7.90626230719647e-5,7.859845468204776e-8,2.2092173712803657e-7,5.8013111691261635e-5,4.4222508619432844e-5,3.8254619399328455e-13,1.9994090019735434e-13,-3.3170486158875556e-5,-0.0013804042839458692,-0.00026782172525297883,-1.1894929645240681e-7,-1.2036844705891633e-11,2.2321828951163922e-11,-0.0001248628681296741,2.5966101463844652e-5,-0.0005704202639911966,-4.554441457496326e-6,0.00139126080054982,-1.2399481099846255e-10,0.00010572019867065677,2.045552894309768e-9,-7.089519816765862e-7,1.3857105893306225e-6,-0.0004688958281783895,-1.1022724101209203e-9,-3.7607447131640793e-10,-7.710641864811371e-9,0.0029629637224109955,2.5744847253126023e-13,0.0005531847633210698,-2.954512844617183e-11,-0.00025674505296149723,-8.487773311854805e-12,7.543659013958526e-14,-0.00012630774300387946,1.0538950491793021e-7,2.0103442579655105e-5,3.6555341413590865e-5,6.256829404878292e-6,8.351293067280735e-6,2.7989028890783075e-13,-0.0022359773373865043,-0.0010089845049876594,2.392538037823413e-8,1.913063916289792e-6,-0.006187336471169589,2.801349835230406e-7,-0.0006499044141549,1.7863801154184733e-9,-1.3308444341249222e-6,5.4088110671486295e-12,2.8559507041402295e-7,0.00034245855570197344,1.0412499911229776e-12,-0.008395301471494266,0.0002961116720578616,-9.083261495296458e-7,5.678305599769945e-13,6.754079632898552e-12,0.009230306899724934,-0.011701400735443747,3.9329293241771557e-10,2.460294981426943e-14,-2.5637743589140793e-12,4.603017205000528e-10,4.85769590044556e-8,0.0004239640555054245,8.154475028158654e-7,0.0017155665322959577,9.371819101050104e-13,-8.537435899857493e-8,-1.820795396972933e-10,-1.829569668993389e-8,-0.005415993670322989,2.839701309373332e-6,-1.4581261102968544e-10,7.54815354440606e-9,-2.0403117716052246e-5,-1.3888359140965412e-6,4.6361549791643813e-11,0.002047955091669222,0.00041043490786335887,1.4009478080511736e-9,-3.042506395138411e-8,-2.520844378183651e-7,3.906318628130471e-9,-1.4901885598639593e-12,-0.0001923689733610953,-4.637417732216057e-8,-0.00017584232759218298,-0.0012771776696207397,-9.01669811465036e-6,-0.0008804432875467542,6.773178296865481e-9,-7.1143939136585446e-12,2.793366061110902e-13,-0.00010784279891657325,5.055044760666374e-5,0.0011804916055786691,-0.00013738797497577984,-1.4278577685182813e-11,-5.812663776966162e-7,-9.274402711627973e-13,-5.7618586092172944e-9,3.237133073165192e-10,-2.0036345880137836e-12,0.004239250296516275,9.562166894922719e-11,6.077268284683176e-5,5.32090246398015e-5,-0.001611218762604469,-5.194843994185992e-13,0.0004231211987816338,-1.4987005015007915e-7,4.682333419687339e-5,0.0011770159408659186,0.0008047172332910574,-2.0687602588986377e-8,5.117596553290191e-8,2.7056035830205605e-14,6.0552121379039394e-15,-3.141309404617244e-13,-0.0001728675477455857,-6.841926025522608e-14,-1.7340307725874799e-6,0.001647635539724368,8.554580134729731e-6,-0.00045860253510666526,-4.252916205769805e-6,-0.008171861567119043,1.4244498719426768e-14,2.540893902360681e-6,0.0001936210356148012,1.7403030253984142e-6,0.0010534539777790853,-0.0030837011685188633,-0.010505529195775718,-2.3654845252715875e-13,0.00010515630524573306,1.371747139786505e-9,2.2330544914578396e-6,6.621851345913412e-5,-7.286452360276496e-9,-5.503589552222157e-11,-1.2072019101055499e-5,1.7621571145113422e-12,5.168873449895136e-6,-0.003687345803504209,9.72866274101404e-11,-4.7283868079613665e-8,3.987586745584239e-8,-0.0009144509748978146,3.620881450203007e-8,-0.00037987645579701197,5.5738915658183605e-12,3.6577710127467406e-8,2.662405833358742e-6,3.259373563168383e-10,0.0012426285643823876,1.7131210615518145e-11,0.0036672263312793212,-0.0028135533747824567,8.036488087502649e-5,1.6533432419220453e-11,-4.2226575252017e-9,2.230936475396669e-8,1.855975484866079e-8,0.00028284320519846647,-1.2000095820609794e-10,-9.761636788125212e-12,6.787298038424906e-7,-0.0017786511798436498,4.3725613870962456e-13,7.301939318737092e-8,6.704699810607898e-8,4.227514056543468e-5,-3.435271835495789e-5,-6.321457323550809e-13,4.108031174185413e-13,-0.0001173378921491378,2.758409616254379e-6,-4.567161069093523e-8,1.3689882443646416e-10,-5.20958140726336e-7,0.0012576972693391696,4.6672862386295595e-8,-6.45643795293102e-10,-2.357629391525922e-9,-0.0011485630966093707,0.0010606574990084613,-7.858729804218932e-5,0.0001480168297219957,0.00018201090626255697,9.577890952441743e-5,-1.043214975806775e-11,-1.6766242128967038e-12,-0.00013589198604035182,-1.8936120188031572e-6,4.625431382043496e-14
0.0,0.0,0.0,0.0,0.0,0.0,0.0,0.0,0.0,0.0,0.0,0.0,0.0,0.0,0.0,0.0,0.0,0.0,0.0,0.0,0.0,0.0,0.0,0.0,0.0,0.0,0.0,0.0,0.0,0.0,0.0,0.0,0.0,0.0,0.0,0.0,0.0,0.0,0.0,0.0,0.0,0.0,0.0,0.0,0.0,0.0,0.0,0.0,0.0,0.0,0.0,0.0,0.0,0.0,0.0,0.0,0.0,0.0,0.0,0.0,0.0,0.0,0.0,0.0,0.0,0.0,0.0,0.0,0.0,0.0,0.0,0.0,0.0,0.0,0.0,0.0,0.0,0.0,0.0,0.0,0.0,0.0,0.0,0.0,0.0,0.0,0.0,0.0,0.0,0.0,0.0,0.0,0.0,0.0,0.0,0.0,0.0,0.0,0.0,0.0,0.0,0.0,0.0,0.0,0.0,0.0,0.0,0.0,0.0,0.0,0.0,0.0,0.0,0.0,0.0,0.0,0.0,0.0,0.0,0.0,0.0,0.0,0.0,0.0,0.0,0.0,0.0,0.0,0.0,0.0,0.0,0.0,0.0,0.0,0.0,0.0,0.0,0.0,0.0,0.0,0.0,0.0,0.0,0.0,0.0,0.0,0.0,0.0,0.0,0.0,0.0,0.0,0.0,0.0,0.0,0.0,0.0,0.0,0.0,0.0,0.0,0.0,0.0,0.0,0.0,0.0,0.0,0.0,0.0,0.0,0.0,0.0,0.0,0.0,0.0,0.0,0.0,0.0,0.0,0.0,0.0,0.0,0.0,0.0,0.0,0.0,0.0,0.0,0.0,0.0,0.0,0.0,0.0,0.0,0.0,0.0,0.0,0.0,0.0,0.0,0.0,0.0,0.0,0.0,0.0,0.0,0.0,0.0,0.0,0.0,0.0,0.0,0.0,0.0,0.0,0.0,0.0,0.0,0.0,0.0,0.0,0.0,0.0,0.0,0.0,0.0,0.0,0.0,0.0,0.0,0.0,0.0,0.0,0.0,0.0,0.0,0.0,0.0,0.0,0.0,0.0,0.0,0.0,0.0,0.0,0.0,0.0,0.0,0.0,0.0,0.0,0.0,0.0,0.0,0.0,0.0,0.0,0.0,0.0,0.0,0.0,0.0,0.0,0.0,0.0,0.0,0.0,0.0,0.0,0.0,0.0,0.0,0.0,0.0,0.0,0.0,0.0,0.0,0.0,0.0,0.0,0.0,0.0,0.0,0.0,0.0,0.0,0.0,0.0,0.0,0.0,0.0,0.0,0.0,0.0,0.0,0.0,0.0,0.0,0.0,0.0,0.0,0.0,0.0,0.0,0.0,0.0,0.0,0.0,0.0,0.0,0.0,0.0,0.0,0.0,0.0,0.0,0.0,0.0,0.0,0.0,0.0,0.0,0.0,0.0,0.0,0.0,0.0,0.0,0.0,0.0,0.0,0.0,0.0,0.0,0.0,0.0,0.0,0.0,0.0,0.0,0.0,0.0,0.0,0.0,0.0,0.0,0.0,0.0,0.0,0.0,0.0,0.0,0.0,0.0,0.0,0.0,0.0,0.0,0.0,0.0,0.0,0.0,0.0,0.0,0.0,0.0,0.0,0.0,0.0,0.0,0.0,0.0,0.0,0.0,0.0,0.0,0.0,0.0,0.0,0.0,0.0,0.0,0.0,0.0,0.0,0.0,0.0,0.0,0.0,0.0,0.0,0.0,0.0,0.0,0.0,0.0,0.0,0.0,0.0,0.0,0.0,0.0,0.0,0.0,0.0,0.0,0.0,0.0,0.0,0.0,0.0,0.0,0.0,0.0,0.0,0.0,0.0,0.0,0.0,0.0,0.0,0.0,0.0,0.0,0.0,0.0,0.0,0.0,0.0,0.0,0.0,0.0,0.0,0.0,0.0,0.0,0.0,0.0,0.0,0.0,0.0,0.0,0.0,0.0,0.0,0.0,0.0,0.0,0.0,0.0,0.0,0.0,0.0,0.0,0.0,0.0,0.0,0.0,0.0,0.0,0.0,0.0,0.0,0.0,0.0,0.0,0.0,0.0,0.0,0.0,0.0,0.0,0.0,0.0,0.0,0.0,0.0,0.0,0.0,0.0,0.0,0.0,0.0,0.0,0.0,0.0,0.0,0.0,0.0,0.0,0.0,0.0,0.0,0.0,0.0,0.0,0.0,0.0,0.0,0.0,0.0,0.0,0.0,0.0,0.0,0.0,0.0,0.0,0.0,0.0,0.0,0.0,0.0,0.0,0.0,0.0,0.0,0.0,0.0,0.0,0.0,0.0,0.0,0.0,0.0,0.0,0.0,0.0,0.0,0.0,0.0,0.0,0.0,0.0,0.0,0.0,0.0,0.0,0.0,0.0,0.0,0.0,0.0,0.0,0.0,0.0,0.0,0.0,0.0,0.0,0.0,0.0,0.0,0.0,0.0,0.0,0.0,0.0,0.0,0.0,0.0,0.0,0.0,0.0,0.0,0.0,0.0,0.0,0.0,0.0,0.0,0.03683795429862421,-2.050481092951146e-11,-1.3923648110052766e-5,-7.459961158154313e-10,4.5732003745251e-8,-6.427072906650744e-8,-2.0654952003575986e-6,-0.0006493087914861654,-1.6294917134699013e-5,1.2633209677892195e-10,2.2680853082193533e-9,0.00011697368890514855,0.0004946436776668144,-0.0019413008342255898,4.581338060810737e-14,-9.665938854005926e-12,0.001189752928353158,0.004149876999683578,-1.4938930770185172e-6,-0.00041605647528436724,0.00038577568402215677,2.668574887930424e-6,-3.8102522893750905e-7,-7.906063566178917e-6,1.2117052463114984e-6,1.5389441383036647e-11,6.157041092730576e-8,-0.0003930515937912092,2.8267190208847605e-14,2.34376775345165e-7,-3.626056443994744e-8,1.7564541327720723e-9,3.47300006764969e-10,-0.0069037440484680055,-0.0009580319297372685,-4.863459157978195e-14,6.127953200530023e-13,3.0195545863652953e-14,-5.849112050431563e-7,-4.2926719736491375e-5,8.118522002493911e-5,2.4617140451176646e-10,4.07228259862887e-10,4.773798304140127e-14,-1.1275877296311472e-9,-1.3246189158721175e-11,6.412652886531595e-5,4.9245819953750745e-14,5.391558095401022e-6,1.944420446535211e-8,6.756581575796548e-8,-1.3821524821936919e-12,5.121408871685135e-6,-3.996307558313261e-5,-2.658170759881166e-7,1.7306510002097733e-13,4.612293282594743e-5,5.426913872261551e-12,0.0011664895461878536,3.111121378856589e-11,-0.0003977250544850393,0.0008749820594477034,2.5542328198474885e-11,8.667585453944163e-8,-1.8040765119928833e-10,-4.360538729671708e-11,8.243965576331823e-10,1.3231739742687094e-9,9.174855600763754e-5,-8.984422100770611e-13,2.0849786957766136e-12,4.762628421719619e-6,-1.0850204385385066e-9,2.229657740633353e-12,-8.096379633072367e-9,-4.0623739447978044e-11,6.144581412618669e-5,-9.300004983450381e-9,0.0019000151975903893,4.724652203295974e-8,5.620754359480376e-14,-0.0021329528029430567,3.224205867273619e-13,2.8966958324281357e-14,-2.7618586460928143e-8,-0.003642395412136454,-0.0006166808083084059,1.570929443200378e-13,-2.158393892862441e-12,-1.4076670717605518e-5,-0.0044394290577607284,-0.0004731799733505334,-3.0505113772385637e-5,1.218167678194683e-6,-1.2261189126505899e-12,1.064460777027942e-7,4.387248388816476e-12,0.0058826477641000085,2.44336972150192e-8,4.174052158581235e-5,2.6064318377680686e-6,-2.7233104649626236e-13,-4.578815636596029e-9,-0.0009011108012594085,-1.3109504779927947e-6,-2.5932387550594997e-10,-2.3495476857121375e-9,0.0009034322872113851,-3.5731507278307803e-13,2.6588807736412418e-11,3.880134817138544e-5,-1.1163000010491873e-6,1.9513170552974874e-7,-1.2193252816392628e-6,-0.0032825968217050105,2.1474448608556304e-10,9.768946952058578e-8,-6.464731314800376e-16,7.675711076946399e-13,9.174604213336001e-10,-2.45645615135061e-13,2.445575557008293e-6,0.00014969823290673324,-0.001920255239708423,-1.0986700060423969e-10,-1.9951187993002576e-10,-4.142406844306922e-11,-5.625956309546283e-15,-0.00026135326767686736,-3.0838162695045465e-8,-0.0011180149864314418,-9.28654977822478e-6,1.8214382394757147e-5,-0.0033606384075504088,1.016323214360516e-12,2.308851466639057e-5,-6.167302037523753e-12,2.8866469284528936e-10,2.2298997118648712e-11,0.00027195244178541603,-2.4091755527477348e-14,-1.3610934864381276e-7,-2.1066754859098396e-10,4.372021714404541e-13,-2.606535316115957e-13,3.929001203432955e-7,1.7868404560289194e-7,0.0016646630389799259,4.7590227033779285e-5,-0.0004467419742016745,-7.558784174063373e-11,-0.012005131178406148,-2.094465711184297e-9,-7.574566260842298e-12,3.624164511331135e-11,-7.178375821605598e-14,-5.116591052867178e-9,-2.3524212033886535e-13,0.0002558884565237746,6.158759223115743e-10,-9.36604108014376e-11,-3.159223646970404e-8,9.258400197609016e-13,-6.944477976000307e-13,1.0507586417464689e-12,0.0015704259652857848,-1.9486096558592123e-10,9.583806280484364e-5,1.227996398061666e-8,-7.279722837745014e-14,3.73386747733296e-6,-0.0003302205432766896,-4.109613384276604e-9,-0.002493438337194879,-5.368505927344958e-10,3.898935934311633e-12,6.992011705199007e-5,2.0994430298595265e-7,9.644194046627094e-7,1.2126040998861184e-11,2.511355275994582e-7,6.1534616969376594e-15,0.007440418205138562,1.1126919382607118e-6,4.312985044991761e-11,-7.953354462481597e-6,3.776108839435202e-13,0.0007257630380491969,-7.734187471779743e-13,-1.7975757025325416e-11,-1.3236170882261766e-14,0.0008042439417259254,-1.7875397101841312e-5,-3.9270007906192863e-7,3.12085418953411e-7,1.9762812747610192e-14,-0.00012570933040997225,3.993655775514194e-5,5.796418567269973e-9,-5.4148476543086464e-12,0.0008107394059494608,-8.121037423270423e-8,2.3704762615039163e-9,-2.43967572854652e-11,1.0994029341050639e-10,-0.004430378073724722,-0.0005072264211358037,7.69383507467446e-12,1.3836547108029314e-9,-5.074432371891003e-9,1.4301043085245697e-5,7.09779529943632e-8,-1.794882818667375e-11,1.4361964503586284e-7,-2.452096600398921e-5,-1.2504961732458456e-5,4.2583366242385446e-13,-3.732225102094434e-12,-3.2161842523978977e-10,5.1872865285873946e-11,4.984202650062172e-11,-2.236566038203384e-10,0.000679698884761277,-0.0015872617620995885,-7.263483500423431e-14,-1.2244534481260108e-8,0.00015972429294808143
0.0,0.0,0.0,0.0,0.0,0.0,0.0,0.0,0.0,0.0,0.0,0.0,0.0,0.0,0.0,0.0,0.0,0.0,0.0,0.0,0.0,0.0,0.0,0.0,0.0,0.0,0.0,0.0,0.0,0.0,0.0,0.0,0.0,0.0,0.0,0.0,0.0,0.0,0.0,0.0,0.0,0.0,0.0,0.0,0.0,0.0,0.0,0.0,0.0,0.0,0.0,0.0,0.0,0.0,0.0,0.0,0.0,0.0,0.0,0.0,0.0,0.0,0.0,0.0,0.0,0.0,0.0,0.0,0.0,0.0,0.0,0.0,0.0,0.0,0.0,0.0,0.0,0.0,0.0,0.0,0.0,0.0,0.0,0.0,0.0,0.0,0.0,0.0,0.0,0.0,0.0,0.0,0.0,0.0,0.0,0.0,0.0,0.0,0.0,0.0,0.0,0.0,0.0,0.0,0.0,0.0,0.0,0.0,0.0,0.0,0.0,0.0,0.0,0.0,0.0,0.0,0.0,0.0,0.0,0.0,0.0,0.0,0.0,0.0,0.0,0.0,0.0,0.0,0.0,0.0,0.0,0.0,0.0,0.0,0.0,0.0,0.0,0.0,0.0,0.0,0.0,0.0,0.0,0.0,0.0,0.0,0.0,0.0,0.0,0.0,0.0,0.0,0.0,0.0,0.0,0.0,0.0,0.0,0.0,0.0,0.0,0.0,0.0,0.0,0.0,0.0,0.0,0.0,0.0,0.0,0.0,0.0,0.0,0.0,0.0,0.0,0.0,0.0,0.0,0.0,0.0,0.0,0.0,0.0,0.0,0.0,0.0,0.0,0.0,0.0,0.0,0.0,0.0,0.0,0.0,0.0,0.0,0.0,0.0,0.0,0.0,0.0,0.0,0.0,0.0,0.0,0.0,0.0,0.0,0.0,0.0,0.0,0.0,0.0,0.0,0.0,0.0,0.0,0.0,0.0,0.0,0.0,0.0,0.0,0.0,0.0,0.0,0.0,0.0,0.0,0.0,0.0,0.0,0.0,0.0,0.0,0.0,0.0,0.0,0.0,0.0,0.0,0.0,0.0,0.0,0.0,0.0,0.0,0.0,0.0,0.0,0.0,0.0,0.0,0.0,0.0,0.0,0.0,0.0,0.0,0.0,0.0,0.0,0.0,0.0,0.0,0.0,0.0,0.0,0.0,0.0,0.0,0.0,0.0,0.0,0.0,0.0,0.0,0.0,0.0,0.0,0.0,0.0,0.0,0.0,0.0,0.0,0.0,0.0,0.0,0.0,0.0,0.0,0.0,0.0,0.0,0.0,0.0,0.0,0.0,0.0,0.0,0.0,0.0,0.0,0.0,0.0,0.0,0.0,0.0,0.0,0.0,0.0,0.0,0.0,0.0,0.0,0.0,0.0,0.0,0.0,0.0,0.0,0.0,0.0,0.0,0.0,0.0,0.0,0.0,0.0,0.0,0.0,0.0,0.0,0.0,0.0,0.0,0.0,0.0,0.0,0.0,0.0,0.0,0.0,0.0,0.0,0.0,0.0,0.0,0.0,0.0,0.0,0.0,0.0,0.0,0.0,0.0,0.0,0.0,0.0,0.0,0.0,0.0,0.0,0.0,0.0,0.0,0.0,0.0,0.0,0.0,0.0,0.0,0.0,0.0,0.0,0.0,0.0,0.0,0.0,0.0,0.0,0.0,0.0,0.0,0.0,0.0,0.0,0.0,0.0,0.0,0.0,0.0,0.0,0.0,0.0,0.0,0.0,0.0,0.0,0.0,0.0,0.0,0.0,0.0,0.0,0.0,0.0,0.0,0.0,0.0,0.0,0.0,0.0,0.0,0.0,0.0,0.0,0.0,0.0,0.0,0.0,0.0,0.0,0.0,0.0,0.0,0.0,0.0,0.0,0.0,0.0,0.0,0.0,0.0,0.0,0.0,0.0,0.0,0.0,0.0,0.0,0.0,0.0,0.0,0.0,0.0,0.0,0.0,0.0,0.0,0.0,0.0,0.0,0.0,0.0,0.0,0.0,0.0,0.0,0.0,0.0,0.0,0.0,0.0,0.0,0.0,0.0,0.0,0.0,0.0,0.0,0.0,0.0,0.0,0.0,0.0,0.0,0.0,0.0,0.0,0.0,0.0,0.0,0.0,0.0,0.0,0.0,0.0,0.0,0.0,0.0,0.0,0.0,0.0,0.0,0.0,0.0,0.0,0.0,0.0,0.0,0.0,0.0,0.0,0.0,0.0,0.0,0.0,0.0,0.0,0.0,0.0,0.0,0.0,0.0,0.0,0.0,0.0,0.0,0.0,0.0,0.0,0.0,0.0,0.0,0.0,0.0,0.0,0.0,0.0,0.0,0.0,0.0,0.0,0.0,0.0,0.0,0.0,0.0,0.0,0.0,0.0,0.0,0.0,0.0,0.0,0.0,0.0,0.0,0.0,0.0,0.0,0.0,0.0,0.0,0.0,0.0,0.0,0.0,0.0,0.0,0.0,0.0,0.0,0.0,0.0,0.0,0.0,0.0,0.0,0.0,0.04239494716896594,-2.2961744491615903e-8,-7.068073262581849e-5,-1.3097715981333916e-7,1.6872738976369152e-6,-6.497929483612876e-9,-8.549571121331822e-11,7.504832387056382e-9,-0.0009526859725658925,-4.708134004663785e-5,3.690232201836837e-9,-2.3301386640303554e-9,1.4554279227418145e-10,-6.437991365151103e-5,0.005335703730094073,7.695080217315436e-13,-1.1192166592880866e-12,1.810917514933744e-7,3.866330850231604e-14,-1.3287087412764343e-10,-2.548151029173012e-8,3.9146535504964575e-7,5.907258819489527e-9,-2.68259543599473e-8,0.0009569634345462728,2.2193146000260082e-6,-1.2548423370819322e-12,-1.2545373813709829e-5,7.867374163167417e-7,1.5751243959460577e-6,0.00016168492336111204,0.0007658401491934218,9.058253322912925e-13,1.0031126944583656e-12,2.758076240386487e-5,-0.0006333786431319648,2.8785762475560893e-5,-1.4322239359330506e-8,-1.285070048928144e-10,-4.5101663252158673e-10,-0.0024693621284307614,6.866447491369742e-5,-1.958448836288223e-5,2.1119321551509325e-5,0.0027134280893253773,-4.5266382885344094e-10,-7.3183873345689115e-6,2.4622822434089967e-8,-1.1892501692329493e-6,4.168890538708733e-6,-0.010533658813120177,-5.166944229006561e-8,-9.032161034106e-10,1.136724925375284e-8,-0.0005240962843879417,5.757236038628509e-13,-0.005719602138405432,-6.864896961211445e-11,-0.002651316751425864,6.972148145200079e-11,8.674112738185964e-13,-0.021223863050609016,1.3856002233332117e-6,0.00036701684628022294,0.0012843820878962967,2.0864368733803615e-5,1.2662230750859948e-5,-2.4571385031281924e-10,-0.0001878745022581399,0.0017061148857361876,1.4824233985111495e-7,-0.00011747599049750863,0.0009860781511934096,2.044989070742981e-6,0.0008367652934410485,4.276184572133716e-9,1.926373877936184e-5,-7.983246349924309e-12,1.175560701613353e-6,-0.00027266358352296457,-5.10505278029514e-12,-0.0009021424463927264,-1.130789627952198e-5,-9.070424560561396e-6,-6.041408460292678e-14,-3.4444675514865716e-11,-0.0005284677469559201,0.0024194255632265667,-6.261637583584009e-10,1.684193531972388e-11,2.3383833268834404e-11,-7.787884369998186e-10,6.230505501550765e-8,0.001243026400076493,3.6973526241417015e-6,-0.011765030414040999,4.93466968578034e-12,-7.101613834731976e-6,-1.4300609478467587e-8,-1.9139327226341807e-7,0.0001872074357134475,3.3445447682675875e-6,-1.1886627168662242e-11,-4.775534510474171e-8,-0.00020046844843221102,1.2537615573674928e-5,-1.0541547401001962e-10,0.00019309616664390275,-0.007559702872723871,-1.7626041456406206e-9,3.549925416019964e-7,-1.1352024916722498e-6,9.182803240631105e-8,-1.1791308421720394e-12,-0.00039376412252525736,-2.1938355193762922e-7,2.245673926210011e-5,0.0010254517290481627,-3.797167283272332e-5,0.0003295442697142547,3.414487577908239e-8,9.989075525618104e-12,6.847774276014404e-13,7.047107408932175e-5,0.0002433504954774295,0.0013597855992421352,1.84588349476175e-5,-1.073351435135687e-10,7.997520380413821e-10,-5.204503249532712e-12,-2.2682167149349797e-8,1.9637079269823394e-9,-6.146695772559928e-11,-0.006511243329531599,-2.1272005572460236e-9,-7.786934525201869e-5,0.0004898604375946299,0.0007482715098900633,2.2095353050733907e-12,-0.0006349605926061661,-1.0428506777056728e-6,0.0007557448157144522,-0.0003019297585018322,-0.00015226339427900653,-3.05362203306934e-7,7.169306548615604e-7,1.5314941611086381e-12,2.1313574032001017e-13,-1.4278680921232206e-12,-0.00141842764878836,-6.607732811956113e-14,-3.048326933245521e-6,0.0005150170599703778,0.0012873476783225592,-4.576261352501555e-5,-1.4110470829322352e-5,0.005324195909447843,-1.567009246435068e-14,3.279098081300434e-5,-0.0023414242856317274,7.884682685098254e-6,-3.75509811596297e-5,0.0010171652832991328,-0.0019490668584991049,1.8632584512357567e-12,0.0008265094460739994,-4.353142526081667e-9,9.901144960291262e-6,3.5508721018012676e-5,-5.485821319786552e-8,1.7165184397612803e-10,-2.1751050937586088e-5,3.137824476447706e-12,3.787029465664051e-5,-0.0037485522673194774,1.642253058114354e-10,-2.3380261257039393e-7,6.330168253650496e-8,0.0005121347254971241,2.255386533874406e-7,6.956708397757709e-6,1.1981476491301879e-11,-1.3373787537183402e-7,-0.00015256800324165793,1.1897152685184853e-9,-0.001408368783027722,2.7280309626150685e-10,0.0014771513346312876,-0.0011085305225190733,-1.9894870988687064e-5,3.5901547928313467e-10,-3.017932953087835e-8,3.869083037095773e-8,9.760707315533452e-8,-9.978211739528016e-5,1.2532933293050298e-9,-4.8893228640968855e-11,1.0281019594851573e-5,-6.988030067185292e-5,3.970471178989859e-11,2.889963082434799e-7,-9.705611213083704e-7,-0.0002669422663238461,0.0003873727296281611,2.7503145644240236e-13,-8.187794923834406e-13,-0.002107830478859877,-7.163174461716737e-5,1.3758760744244544e-6,3.7533123957087806e-10,-2.275750272177944e-6,-0.001194821530326994,7.397934806986319e-7,-5.4091312482423424e-9,-5.686186480867168e-9,-0.000130245599852246,0.005318529384919783,-0.0001678088473485007,0.0005817634650709519,0.00031856173030907426,0.0003659832820173401,1.8016491936831306e-11,1.6511619688987278e-13,1.2131505211932195e-5,-9.429774442193842e-7,1.7338385842334503e-13
0.0,0.0,0.0,0.0,0.0,0.0,0.0,0.0,0.0,0.0,0.0,0.0,0.0,0.0,0.0,0.0,0.0,0.0,0.0,0.0,0.0,0.0,0.0,0.0,0.0,0.0,0.0,0.0,0.0,0.0,0.0,0.0,0.0,0.0,0.0,0.0,0.0,0.0,0.0,0.0,0.0,0.0,0.0,0.0,0.0,0.0,0.0,0.0,0.0,0.0,0.0,0.0,0.0,0.0,0.0,0.0,0.0,0.0,0.0,0.0,0.0,0.0,0.0,0.0,0.0,0.0,0.0,0.0,0.0,0.0,0.0,0.0,0.0,0.0,0.0,0.0,0.0,0.0,0.0,0.0,0.0,0.0,0.0,0.0,0.0,0.0,0.0,0.0,0.0,0.0,0.0,0.0,0.0,0.0,0.0,0.0,0.0,0.0,0.0,0.0,0.0,0.0,0.0,0.0,0.0,0.0,0.0,0.0,0.0,0.0,0.0,0.0,0.0,0.0,0.0,0.0,0.0,0.0,0.0,0.0,0.0,0.0,0.0,0.0,0.0,0.0,0.0,0.0,0.0,0.0,0.0,0.0,0.0,0.0,0.0,0.0,0.0,0.0,0.0,0.0,0.0,0.0,0.0,0.0,0.0,0.0,0.0,0.0,0.0,0.0,0.0,0.0,0.0,0.0,0.0,0.0,0.0,0.0,0.0,0.0,0.0,0.0,0.0,0.0,0.0,0.0,0.0,0.0,0.0,0.0,0.0,0.0,0.0,0.0,0.0,0.0,0.0,0.0,0.0,0.0,0.0,0.0,0.0,0.0,0.0,0.0,0.0,0.0,0.0,0.0,0.0,0.0,0.0,0.0,0.0,0.0,0.0,0.0,0.0,0.0,0.0,0.0,0.0,0.0,0.0,0.0,0.0,0.0,0.0,0.0,0.0,0.0,0.0,0.0,0.0,0.0,0.0,0.0,0.0,0.0,0.0,0.0,0.0,0.0,0.0,0.0,0.0,0.0,0.0,0.0,0.0,0.0,0.0,0.0,0.0,0.0,0.0,0.0,0.0,0.0,0.0,0.0,0.0,0.0,0.0,0.0,0.0,0.0,0.0,0.0,0.0,0.0,0.0,0.0,0.0,0.0,0.0,0.0,0.0,0.0,0.0,0.0,0.0,0.0,0.0,0.0,0.0,0.0,0.0,0.0,0.0,0.0,0.0,0.0,0.0,0.0,0.0,0.0,0.0,0.0,0.0,0.0,0.0,0.0,0.0,0.0,0.0,0.0,0.0,0.0,0.0,0.0,0.0,0.0,0.0,0.0,0.0,0.0,0.0,0.0,0.0,0.0,0.0,0.0,0.0,0.0,0.0,0.0,0.0,0.0,0.0,0.0,0.0,0.0,0.0,0.0,0.0,0.0,0.0,0.0,0.0,0.0,0.0,0.0,0.0,0.0,0.0,0.0,0.0,0.0,0.0,0.0,0.0,0.0,0.0,0.0,0.0,0.0,0.0,0.0,0.0,0.0,0.0,0.0,0.0,0.0,0.0,0.0,0.0,0.0,0.0,0.0,0.0,0.0,0.0,0.0,0.0,0.0,0.0,0.0,0.0,0.0,0.0,0.0,0.0,0.0,0.0,0.0,0.0,0.0,0.0,0.0,0.0,0.0,0.0,0.0,0.0,0.0,0.0,0.0,0.0,0.0,0.0,0.0,0.0,0.0,0.0,0.0,0.0,0.0,0.0,0.0,0.0,0.0,0.0,0.0,0.0,0.0,0.0,0.0,0.0,0.0,0.0,0.0,0.0,0.0,0.0,0.0,0.0,0.0,0.0,0.0,0.0,0.0,0.0,0.0,0.0,0.0,0.0,0.0,0.0,0.0,0.0,0.0,0.0,0.0,0.0,0.0,0.0,0.0,0.0,0.0,0.0,0.0,0.0,0.0,0.0,0.0,0.0,0.0,0.0,0.0,0.0,0.0,0.0,0.0,0.0,0.0,0.0,0.0,0.0,0.0,0.0,0.0,0.0,0.0,0.0,0.0,0.0,0.0,0.0,0.0,0.0,0.0,0.0,0.0,0.0,0.0,0.0,0.0,0.0,0.0,0.0,0.0,0.0,0.0,0.0,0.0,0.0,0.0,0.0,0.0,0.0,0.0,0.0,0.0,0.0,0.0,0.0,0.0,0.0,0.0,0.0,0.0,0.0,0.0,0.0,0.0,0.0,0.0,0.0,0.0,0.0,0.0,0.0,0.0,0.0,0.0,0.0,0.0,0.0,0.0,0.0,0.0,0.0,0.0,0.0,0.0,0.0,0.0,0.0,0.0,0.0,0.0,0.0,0.0,0.0,0.0,0.0,0.0,0.0,0.0,0.0,0.0,0.0,0.0,0.0,0.0,0.0,0.0,0.0,0.0,0.0,0.0,0.0,0.0,0.0,0.0,0.0,0.0,0.0,0.0,0.0,0.0,0.0,0.0,0.0,0.0,0.0,0.0,0.0,0.0,0.0,0.0,0.0,0.0,0.0,0.0,0.0,0.0,0.0,0.0,0.0,0.0,0.04262603350201291,4.057994834846944e-6,8.483695676982388e-5,6.6448987041589e-5,0.0011211979196962723,0.0004944936331668743,2.820988819655526e-6,2.5958147517984855e-7,9.965631894446871e-8,-0.004654086678777229,-0.0003881754181525313,-7.027315506816049e-6,1.283522635508318e-11,-2.701218175599749e-8,4.509972708999772e-7,-5.659101860949743e-6,-0.0007216770319737313,-6.704652284419011e-8,0.0003771334344810405,-0.0006402896464776396,-0.0007204113600998504,0.0009359986353424413,0.00034104067047143437,9.812517259319613e-9,9.142283894566354e-5,-2.278421304793472e-7,-1.4088254144405536e-10,0.00018693224799682564,3.41353215440933e-7,-7.359342129773568e-7,-1.7386508835505382e-6,2.749707096988177e-6,-4.7532003426030346e-7,6.935478118135714e-13,-8.338650907847444e-10,-4.74042647957111e-11,0.000501000833641309,8.713072756619459e-5,0.00036834154658876226,-2.443553467355607e-7,-3.287403535631514e-6,-2.482583040692131e-12,-3.56854975932558e-7,9.393170364362405e-10,0.00038082321222838495,-7.734402446004231e-11,0.0032524630544137696,-0.0002231885900643378,1.316613801635165e-5,1.4634086342300156e-7,-8.380304746031954e-6,-0.001975001766911146,0.00183446988778698,2.1608446145048358e-11,3.451194993505209e-8,-1.1272403473167475e-8,2.6690600819227436e-5,-2.815550465957261e-8,1.7260443909994715e-5,-8.304092007906392e-7,4.621978673509501e-8,-0.0005074054394483605,-1.9157499919741153e-7,-6.447225158187121e-8,2.0271961221566955e-5,-9.109380989313588e-6,1.7796282668042202e-5,-8.318409978822895e-11,-3.663343605382821e-9,0.0007648210389055999,7.030610021410915e-7,4.568739471735501e-9,0.00014744111064488721,-1.246794603296386e-7,-0.00139391332866142,6.371215542293528e-6,3.68279009102585e-5,4.846315656709794e-6,2.924848253415751e-10,3.6789734889173572e-6,5.953787602048627e-9,3.9886616243605584e-11,-1.446285072781074e-5,2.6633064030268404e-6,4.688233272961835e-5,-1.4357839848428403e-9,-1.972860180708825e-8,0.00136024993383603,-2.8013909295937538e-5,-2.3474511583119646e-5,-0.0012827252072449913,-0.0009478041957016626,9.746359654134143e-10,-6.596177758566362e-5,-9.488704872945715e-9,-3.418250116334444e-7,1.52837099401196e-5,0.0003729422037410612,0.003429579506979354,3.1673076796122594e-10,1.1098194344526259e-5,0.0003456986641489427,0.005925761768117936,-9.234304339325638e-7,-5.193664829646096e-6,1.7645955811856466e-5,-2.471985826242259e-9,4.121932045402268e-8,-0.0019482176316780815,-0.0012883909514374609,-0.0010550317233038217,0.00010875621935895786,7.815533343519843e-6,6.227705335772823e-8,-0.001339189134141887,-2.3437676298366817e-11,1.1243223137408333e-8,1.100368780250944e-6,1.1585917920081263e-9,-0.006736253380854186,-6.111657058330044e-6,-2.8546615366528343e-6,4.906973175033574e-7,-9.418834979018999e-7,-1.1910285810320526e-8,2.7003748112209583e-12,1.915681482660801e-6,-1.908014768165539e-5,-5.549017122640122e-6,0.004836544937658646,-0.00021409485279851568,8.608168098148937e-5,-4.0183058337956725e-8,0.0005961376642076317,-1.7920834733103944e-7,2.0503248339840764e-6,1.1651542416388505e-9,-6.031926912408106e-7,-2.541178580359144e-9,8.178644215431082e-5,-3.1650988279350403e-7,-2.364138258248227e-11,7.381351984382857e-10,-0.0008872552576608818,-0.000496315345282565,-1.1272608831134449e-6,5.7223716265429466e-8,3.9077638176689067e-7,-2.945148093526982e-7,-4.35780210207656e-6,2.6216906087208204e-6,1.596168734366515e-8,7.397362164032344e-8,3.773088238036707e-10,2.190330302348037e-6,8.513058154577402e-9,4.6537532886983236e-8,1.1712734389713519e-6,-2.6245667808234357e-7,4.485770389579222e-5,2.2969380137059687e-9,9.964812076848719e-10,-3.0344707674180828e-9,3.7774228204267946e-7,1.8211345249151274e-7,-0.001292749889437081,3.423034669865913e-5,5.886594284176098e-12,0.00021823229705798737,5.5513480802586975e-5,-8.716334471098801e-7,5.434302717015445e-6,2.27576789155391e-6,1.8913309477934702e-8,0.0004060512699135929,0.000278965520235346,0.001721243124779832,-7.687112742172731e-8,1.7379450926015116e-5,2.3355717095150298e-11,-8.817914783829392e-6,2.7067173417552928e-5,1.8193330091886966e-6,0.0007002717132930524,-1.1630487383412121e-9,5.7740618626853384e-5,-1.6535370321474863e-10,-1.2046663247488952e-8,7.780895135356343e-12,2.2041981129349688e-5,-0.00018136571680142728,0.0005650994035204266,0.0008029588125405927,6.439239270279486e-11,-0.0010309049121510528,2.3849947101922626e-5,1.988906896253807e-5,3.9078155191645374e-8,2.2771356604808053e-5,8.884177220822313e-5,-0.00024519435690601484,-6.561784979911443e-7,-5.355630714267679e-7,8.726390224329074e-6,-1.1012403669771212e-8,9.521771301822185e-9,1.0684960356555287e-6,-0.00023443212021456608,0.000642625725549163,-3.898876528659207e-5,-2.6327177746101135e-8,0.0005059344981669676,-0.0008808700084405495,0.0046548697464203195,4.4725387742509997e-10,-1.7465880471280825e-9,-3.115558742073785e-9,2.1865333646816135e-7,-3.224549485949187e-7,6.494064758384398e-8,-9.108937939057264e-6,-6.84421488967563e-6,-1.020251133059242e-10,7.0102828539889635e-6,-1.003834919013998e-6
0.0,0.0,0.0,0.0,0.0,0.0,0.0,0.0,0.0,0.0,0.0,0.0,0.0,0.0,0.0,0.0,0.0,0.0,0.0,0.0,0.0,0.0,0.0,0.0,0.0,0.0,0.0,0.0,0.0,0.0,0.0,0.0,0.0,0.0,0.0,0.0,0.0,0.0,0.0,0.0,0.0,0.0,0.0,0.0,0.0,0.0,0.0,0.0,0.0,0.0,0.0,0.0,0.0,0.0,0.0,0.0,0.0,0.0,0.0,0.0,0.0,0.0,0.0,0.0,0.0,0.0,0.0,0.0,0.0,0.0,0.0,0.0,0.0,0.0,0.0,0.0,0.0,0.0,0.0,0.0,0.0,0.0,0.0,0.0,0.0,0.0,0.0,0.0,0.0,0.0,0.0,0.0,0.0,0.0,0.0,0.0,0.0,0.0,0.0,0.0,0.0,0.0,0.0,0.0,0.0,0.0,0.0,0.0,0.0,0.0,0.0,0.0,0.0,0.0,0.0,0.0,0.0,0.0,0.0,0.0,0.0,0.0,0.0,0.0,0.0,0.0,0.0,0.0,0.0,0.0,0.0,0.0,0.0,0.0,0.0,0.0,0.0,0.0,0.0,0.0,0.0,0.0,0.0,0.0,0.0,0.0,0.0,0.0,0.0,0.0,0.0,0.0,0.0,0.0,0.0,0.0,0.0,0.0,0.0,0.0,0.0,0.0,0.0,0.0,0.0,0.0,0.0,0.0,0.0,0.0,0.0,0.0,0.0,0.0,0.0,0.0,0.0,0.0,0.0,0.0,0.0,0.0,0.0,0.0,0.0,0.0,0.0,0.0,0.0,0.0,0.0,0.0,0.0,0.0,0.0,0.0,0.0,0.0,0.0,0.0,0.0,0.0,0.0,0.0,0.0,0.0,0.0,0.0,0.0,0.0,0.0,0.0,0.0,0.0,0.0,0.0,0.0,0.0,0.0,0.0,0.0,0.0,0.0,0.0,0.0,0.0,0.0,0.0,0.0,0.0,0.0,0.0,0.0,0.0,0.0,0.0,0.0,0.0,0.0,0.0,0.0,0.0,0.0,0.0,0.0,0.0,0.0,0.0,0.0,0.0,0.0,0.0,0.0,0.0,0.0,0.0,0.0,0.0,0.0,0.0,0.0,0.0,0.0,0.0,0.0,0.0,0.0,0.0,0.0,0.0,0.0,0.0,0.0,0.0,0.0,0.0,0.0,0.0,0.0,0.0,0.0,0.0,0.0,0.0,0.0,0.0,0.0,0.0,0.0,0.0,0.0,0.0,0.0,0.0,0.0,0.0,0.0,0.0,0.0,0.0,0.0,0.0,0.0,0.0,0.0,0.0,0.0,0.0,0.0,0.0,0.0,0.0,0.0,0.0,0.0,0.0,0.0,0.0,0.0,0.0,0.0,0.0,0.0,0.0,0.0,0.0,0.0,0.0,0.0,0.0,0.0,0.0,0.0,0.0,0.0,0.0,0.0,0.0,0.0,0.0,0.0,0.0,0.0,0.0,0.0,0.0,0.0,0.0,0.0,0.0,0.0,0.0,0.0,0.0,0.0,0.0,0.0,0.0,0.0,0.0,0.0,0.0,0.0,0.0,0.0,0.0,0.0,0.0,0.0,0.0,0.0,0.0,0.0,0.0,0.0,0.0,0.0,0.0,0.0,0.0,0.0,0.0,0.0,0.0,0.0,0.0,0.0,0.0,0.0,0.0,0.0,0.0,0.0,0.0,0.0,0.0,0.0,0.0,0.0,0.0,0.0,0.0,0.0,0.0,0.0,0.0,0.0,0.0,0.0,0.0,0.0,0.0,0.0,0.0,0.0,0.0,0.0,0.0,0.0,0.0,0.0,0.0,0.0,0.0,0.0,0.0,0.0,0.0,0.0,0.0,0.0,0.0,0.0,0.0,0.0,0.0,0.0,0.0,0.0,0.0,0.0,0.0,0.0,0.0,0.0,0.0,0.0,0.0,0.0,0.0,0.0,0.0,0.0,0.0,0.0,0.0,0.0,0.0,0.0,0.0,0.0,0.0,0.0,0.0,0.0,0.0,0.0,0.0,0.0,0.0,0.0,0.0,0.0,0.0,0.0,0.0,0.0,0.0,0.0,0.0,0.0,0.0,0.0,0.0,0.0,0.0,0.0,0.0,0.0,0.0,0.0,0.0,0.0,0.0,0.0,0.0,0.0,0.0,0.0,0.0,0.0,0.0,0.0,0.0,0.0,0.0,0.0,0.0,0.0,0.0,0.0,0.0,0.0,0.0,0.0,0.0,0.0,0.0,0.0,0.0,0.0,0.0,0.0,0.0,0.0,0.0,0.0,0.0,0.0,0.0,0.0,0.0,0.0,0.0,0.0,0.0,0.0,0.0,0.0,0.0,0.0,0.0,0.0,0.0,0.0,0.0,0.0,0.0,0.0,0.0,0.0,0.0,0.0,0.0,0.0,0.0,0.0,0.0,0.0,0.0,0.0,0.0,0.0,0.0,0.0,0.0,0.0,0.0,0.0,0.0,0.0,0.0,0.0,0.0,0.0,0.04735471100436219,0.00017195944950756893,0.000636230910663002,-4.6157253114909985e-6,-2.71439439481405e-8,1.513331031602945e-8,-0.0034701966684637926,0.011749241143609009,1.261171625821965e-7,3.704275943529725e-8,5.6310185936328445e-9,-3.8336049968716747e-7,7.084033332634148e-5,-7.972103078247943e-11,-1.611739285642149e-10,1.5084742710617991e-5,4.7296021741234994e-11,1.5059991326774016e-8,-5.040520133530711e-6,-0.00011153025252842082,-3.0583246166648217e-6,6.650327842867328e-7,-1.0511820347700985e-5,0.0003827958667516871,-4.056258554449477e-11,-7.250312488415054e-7,-5.271034415092124e-5,-3.059334715509547e-5,-0.006788771160836072,-0.021553532445916734,-6.32197268497522e-11,-2.730231334572223e-11,-2.7652598711953536e-7,-5.459845074207523e-6,-5.513724712716883e-7,-8.701684301683516e-6,1.0575590585088557e-8,-5.150688719923592e-8,0.0013919909654297113,0.0025892079136008244,-4.4341569111157046e-7,0.000862077075437382,-0.00021581491396714593,7.512904634166317e-8,-1.0013403746387025e-7,-1.025371233353853e-6,-0.0004146919674371245,0.0008292408461607172,0.0004224431323985024,-1.010791034905513e-6,6.685337623272938e-8,3.139965441384476e-7,-3.3033410651834415e-6,-3.010696954991182e-11,0.00020289080666147368,9.65558224413753e-9,0.00046864874629561906,-1.6618425228492563e-9,-2.0946255471575657e-11,-0.00015921384216461412,7.859969683906445e-5,-0.0020011978301177394,-0.0010424506130463104,0.0022948072820093376,0.0013853294238613972,-6.296283416895498e-9,-8.876272379568702e-7,1.1100101988083032e-5,5.274400425636323e-7,0.003549829720099177,4.085798546905355e-6,-6.363129936945615e-5,-0.000708357530964021,3.809364023727434e-8,0.009913182245938668,2.3376169229701967e-9,-1.3036627940530523e-5,-4.7591374634933085e-7,1.2823875904655673e-10,6.637553454217702e-5,3.039185053631954e-7,-0.0003498608317925494,3.081768291192551e-10,-3.3351803055884328e-9,-1.6825234695385216e-5,-0.00011691786149139383,2.817025996130782e-7,5.537994511997877e-10,3.3389069864464412e-9,4.7345550863834586e-7,-1.3132098728167852e-5,1.2034931900922309e-5,-0.0001558508972204912,-8.414821003871005e-6,1.0156370066002854e-10,0.0003486871758138195,-1.1595539828982837e-7,8.669532254257239e-6,4.598089060491086e-6,0.003855225361672935,-3.48974768737785e-8,-8.401681070106536e-6,0.0025769475288231133,3.977637601873815e-5,-1.6811185230143398e-8,-6.810976162763379e-6,-0.00022736986940247067,1.650648743699026e-7,-7.826878801818923e-6,-0.0001437350241147526,-1.1513766546317084e-6,-1.6501365773616484e-10,-0.0012151956972030816,-3.28404819712491e-5,-4.37935634158896e-7,4.982175015003272e-5,0.002062594167561183,2.153361553273172e-6,-4.532262907394157e-6,-2.2321359040775443e-10,-4.7654841181568957e-11,-0.000767852726715647,-0.004093475745134911,0.00023469298086443684,5.555425821288772e-7,-4.736445697708135e-9,0.0004820757509823458,1.6728636844898974e-11,6.845295561692176e-7,-3.564192536398572e-8,1.1484051077925504e-9,-0.00021501426410050546,3.225427455425636e-7,0.0022489525351592327,0.0018995175450315428,-0.0001383528741144177,4.7497072384476664e-11,-1.2972889184935365e-5,-5.442770174973117e-6,-0.0019402974269393763,5.586472611997797e-7,1.7060247530296508e-6,-4.366790329091087e-5,5.017550537368461e-5,5.108699780850208e-11,-1.8761299747278366e-11,8.817061502151301e-12,-0.0011392667252885242,-4.5540109703524767e-10,0.0010628821929845925,0.00012064325692963777,0.0005944986770041266,-9.012847472310056e-7,-0.0009551972190829158,-1.275691090302567e-5,-9.237606868517071e-12,6.801488242108145e-5,-4.792777538630904e-5,4.305880590818829e-5,6.415049062705541e-6,3.5905552030368622e-6,-2.4741250981410103e-5,1.2367963584545871e-11,0.00321153991723512,-2.86154892048316e-7,-0.0002524736211404195,-8.45432133044904e-7,-3.856864940218847e-6,2.9183661499369336e-8,-0.01173268936182497,-1.9380725040276352e-10,0.0002930873949204857,0.00010530629388757779,1.6661418866071442e-7,4.500570815881305e-5,1.3865458661115265e-5,0.00033027365655648384,-4.434625102200594e-5,1.4226505022958908e-7,1.9846609622487552e-9,-1.6899412565081394e-5,0.0011287501026239664,2.3595023688460116e-7,-3.53245670410661e-6,5.345539184719187e-9,1.0094115483623484e-6,1.327971758399844e-5,9.37056630903133e-8,9.763547940921387e-10,-5.018330415344202e-7,1.2824229317383224e-5,4.291973731230855e-5,1.6635109983586197e-6,1.4042026622662477e-8,-5.591827094479905e-9,0.001140154986782118,-3.229435600100357e-5,-7.564152293112787e-10,7.585860850681649e-5,6.933888523610013e-5,-0.002510284884166712,-0.008915478892006794,5.770999439856904e-10,-1.818542429538689e-10,0.0003694441711050298,0.00200788173913797,-0.00011269915427605647,2.2507911166985928e-8,-9.950715261524979e-6,4.269401100727904e-5,-3.6215531235296206e-6,3.2402790661065956e-7,-4.6295235071366555e-7,3.7688718655678546e-6,7.342807379397983e-6,-9.93925423427217e-5,0.0014054925684302414,-0.0009902447300216327,0.0011924546980334224,-2.954612096273091e-10,8.684184813484734e-10,-1.672375552747628e-6,-0.0015727143984005534,1.5037488160396274e-11
0.0,0.0,0.0,0.0,0.0,0.0,0.0,0.0,0.0,0.0,0.0,0.0,0.0,0.0,0.0,0.0,0.0,0.0,0.0,0.0,0.0,0.0,0.0,0.0,0.0,0.0,0.0,0.0,0.0,0.0,0.0,0.0,0.0,0.0,0.0,0.0,0.0,0.0,0.0,0.0,0.0,0.0,0.0,0.0,0.0,0.0,0.0,0.0,0.0,0.0,0.0,0.0,0.0,0.0,0.0,0.0,0.0,0.0,0.0,0.0,0.0,0.0,0.0,0.0,0.0,0.0,0.0,0.0,0.0,0.0,0.0,0.0,0.0,0.0,0.0,0.0,0.0,0.0,0.0,0.0,0.0,0.0,0.0,0.0,0.0,0.0,0.0,0.0,0.0,0.0,0.0,0.0,0.0,0.0,0.0,0.0,0.0,0.0,0.0,0.0,0.0,0.0,0.0,0.0,0.0,0.0,0.0,0.0,0.0,0.0,0.0,0.0,0.0,0.0,0.0,0.0,0.0,0.0,0.0,0.0,0.0,0.0,0.0,0.0,0.0,0.0,0.0,0.0,0.0,0.0,0.0,0.0,0.0,0.0,0.0,0.0,0.0,0.0,0.0,0.0,0.0,0.0,0.0,0.0,0.0,0.0,0.0,0.0,0.0,0.0,0.0,0.0,0.0,0.0,0.0,0.0,0.0,0.0,0.0,0.0,0.0,0.0,0.0,0.0,0.0,0.0,0.0,0.0,0.0,0.0,0.0,0.0,0.0,0.0,0.0,0.0,0.0,0.0,0.0,0.0,0.0,0.0,0.0,0.0,0.0,0.0,0.0,0.0,0.0,0.0,0.0,0.0,0.0,0.0,0.0,0.0,0.0,0.0,0.0,0.0,0.0,0.0,0.0,0.0,0.0,0.0,0.0,0.0,0.0,0.0,0.0,0.0,0.0,0.0,0.0,0.0,0.0,0.0,0.0,0.0,0.0,0.0,0.0,0.0,0.0,0.0,0.0,0.0,0.0,0.0,0.0,0.0,0.0,0.0,0.0,0.0,0.0,0.0,0.0,0.0,0.0,0.0,0.0,0.0,0.0,0.0,0.0,0.0,0.0,0.0,0.0,0.0,0.0,0.0,0.0,0.0,0.0,0.0,0.0,0.0,0.0,0.0,0.0,0.0,0.0,0.0,0.0,0.0,0.0,0.0,0.0,0.0,0.0,0.0,0.0,0.0,0.0,0.0,0.0,0.0,0.0,0.0,0.0,0.0,0.0,0.0,0.0,0.0,0.0,0.0,0.0,0.0,0.0,0.0,0.0,0.0,0.0,0.0,0.0,0.0,0.0,0.0,0.0,0.0,0.0,0.0,0.0,0.0,0.0,0.0,0.0,0.0,0.0,0.0,0.0,0.0,0.0,0.0,0.0,0.0,0.0,0.0,0.0,0.0,0.0,0.0,0.0,0.0,0.0,0.0,0.0,0.0,0.0,0.0,0.0,0.0,0.0,0.0,0.0,0.0,0.0,0.0,0.0,0.0,0.0,0.0,0.0,0.0,0.0,0.0,0.0,0.0,0.0,0.0,0.0,0.0,0.0,0.0,0.0,0.0,0.0,0.0,0.0,0.0,0.0,0.0,0.0,0.0,0.0,0.0,0.0,0.0,0.0,0.0,0.0,0.0,0.0,0.0,0.0,0.0,0.0,0.0,0.0,0.0,0.0,0.0,0.0,0.0,0.0,0.0,0.0,0.0,0.0,0.0,0.0,0.0,0.0,0.0,0.0,0.0,0.0,0.0,0.0,0.0,0.0,0.0,0.0,0.0,0.0,0.0,0.0,0.0,0.0,0.0,0.0,0.0,0.0,0.0,0.0,0.0,0.0,0.0,0.0,0.0,0.0,0.0,0.0,0.0,0.0,0.0,0.0,0.0,0.0,0.0,0.0,0.0,0.0,0.0,0.0,0.0,0.0,0.0,0.0,0.0,0.0,0.0,0.0,0.0,0.0,0.0,0.0,0.0,0.0,0.0,0.0,0.0,0.0,0.0,0.0,0.0,0.0,0.0,0.0,0.0,0.0,0.0,0.0,0.0,0.0,0.0,0.0,0.0,0.0,0.0,0.0,0.0,0.0,0.0,0.0,0.0,0.0,0.0,0.0,0.0,0.0,0.0,0.0,0.0,0.0,0.0,0.0,0.0,0.0,0.0,0.0,0.0,0.0,0.0,0.0,0.0,0.0,0.0,0.0,0.0,0.0,0.0,0.0,0.0,0.0,0.0,0.0,0.0,0.0,0.0,0.0,0.0,0.0,0.0,0.0,0.0,0.0,0.0,0.0,0.0,0.0,0.0,0.0,0.0,0.0,0.0,0.0,0.0,0.0,0.0,0.0,0.0,0.0,0.0,0.0,0.0,0.0,0.0,0.0,0.0,0.0,0.0,0.0,0.0,0.0,0.0,0.0,0.0,0.0,0.0,0.0,0.0,0.0,0.0,0.0,0.0,0.0,0.0,0.0,0.0,0.0,0.0,0.0,0.0,0.0,0.0,0.0,0.0,0.0,0.0,0.0,0.0,0.035095735875480906,0.0038599320757643292,-5.599582070773535e-5,-2.577625084725249e-7,-9.71285100683435e-6,1.0367757115174153e-5,0.00014990384905167657,1.117676695114167e-5,3.630637492891869e-6,-2.2521128910679514e-7,7.020412374435979e-9,-6.474673803425712e-7,-4.271933513049123e-9,4.667767363979669e-9,-0.00012513537412073964,-6.9126759990696e-10,-2.5568803847199086e-6,-0.0004527962622853895,-0.0004162199877214733,-0.00011757483825880321,0.00010711919046409667,-4.3960243410620825e-6,0.014143509349375798,-1.1511160558359683e-9,-1.609385061046947e-9,-0.00016887424769142993,0.0005136936362663679,0.0001616260723296987,0.00013182732094308306,-2.1479262929290604e-8,2.177381316149008e-9,-7.214590234758464e-9,1.4204475759832832e-7,-4.902170085869247e-9,-0.0011704475653099742,-1.0624340698583909e-8,6.308390901884526e-7,-3.626220727913299e-5,0.0005084642106158729,1.512684342551659e-8,-6.594121556810911e-5,5.497370435089253e-7,1.8719417418070504e-6,4.7584831465440084e-9,3.458920517815584e-5,-0.003251893004675842,0.003688377284092597,7.626013572723719e-7,-4.6846060186262934e-5,4.075373441282464e-6,0.0001261828681308085,-5.085158336414496e-8,-2.9063406680839044e-9,-4.321067402520843e-6,6.908603313892736e-7,2.6829848753433955e-6,3.9708274793078896e-7,-4.285491523724696e-11,4.33547880195026e-6,-0.0009234860491135212,-8.754281809068358e-6,-4.186939021891908e-6,-0.001707385706137866,-0.0005404044796319507,-3.997493083847115e-8,-1.8438360011093323e-7,4.612758915791129e-7,-8.97269623538745e-5,-4.502536833197417e-5,7.226678785390609e-7,-0.0012579137972301496,-7.903720237679825e-6,-3.944799175423744e-5,0.001099266094724012,-1.244536504143763e-7,0.0022525079521602295,6.043097755879628e-9,-1.0946558126564106e-8,-1.0892549365227116e-6,7.155137455026054e-10,0.000612689372231443,-1.1058170351560079e-9,-2.3174109712373263e-7,2.2795069643540988e-7,-2.3794354287895e-8,-2.7277606258240057e-6,4.776054558200585e-8,-3.844482692187307e-8,1.9855586655479928e-5,0.0006892608857020647,-2.5256829799449636e-7,0.00017139060677504896,1.0232194385656494e-6,-2.3304608449437312e-9,0.002563438774643183,1.3442085440470736e-5,2.0614096678891048e-5,-5.384993290928702e-8,-0.0014216292934318146,9.468068054850836e-8,-0.00012829561356187495,6.710140873432666e-5,-0.0006730743445725921,-1.5283153977484092e-6,-1.2704332052509344e-7,9.263477705840331e-7,1.2317622418398156e-5,-0.0014445778568341228,-0.0026852534853085957,-0.00015818558109258982,-2.3160250269574748e-8,7.269413201906287e-5,-0.0004103629161672914,5.708429071734977e-10,-1.9789183994754445e-7,-0.0005599620442962412,-8.88273452433611e-9,5.2045045225432446e-6,6.17401462537255e-8,-8.925883115438443e-10,7.206827220285225e-6,-0.0004122888537696526,3.048806902579456e-6,-4.528067333643971e-9,1.6631762370585838e-8,-0.002944154721523993,2.3914940138414054e-8,7.040554743100714e-5,2.6576434955076214e-6,3.455394871701213e-8,-6.013014814311e-7,-2.4697151387015405e-6,4.971808665885488e-5,-0.00020144727565537672,-4.0718208913353186e-7,1.0292671157277156e-8,-2.738714253589794e-7,0.004164381361238842,-4.920350636711204e-5,3.1031764592469696e-8,-8.592105478262875e-9,-0.00021985257536333,0.0022605855485649377,-7.176990421088474e-9,-2.396410130744616e-9,3.670057419710107e-9,-8.308052700862048e-5,2.863186850408853e-8,-0.00014638342368178785,3.431190642572307e-6,1.2522662782125948e-5,-4.967357599149645e-8,0.0017016791289913155,8.757965809086371e-8,-1.2956867497455558e-9,-0.00014071742018288125,-3.1747254718721725e-6,0.00019027452411711764,-3.01525139364877e-7,-1.0686249012846476e-7,3.674250155619707e-7,-1.358911196035785e-9,3.9950417571500285e-7,2.848509331627238e-6,-0.0005840928349333224,-2.1669728820593013e-8,0.00024861959993656917,-1.324197119604965e-7,6.826918585135353e-5,-1.6746778921244177e-8,0.0003754235715124283,-8.141105303404728e-8,-7.196717513956426e-7,-0.0046522638557385055,0.000514314188554888,-7.924724558754685e-6,-0.004483742684373268,1.6985786664940172e-8,2.1411198978701647e-7,-0.00011036775003280875,-0.00017011192434020626,1.1531869369547066e-6,7.570700572005079e-8,4.0145706611687974e-7,-6.631344291707873e-8,-3.6247251126320973e-6,2.2766027977904643e-9,6.192909208004641e-7,-3.8176339270158484e-5,-0.0002582796642021233,0.001392629894840653,2.3663856070024468e-8,3.3776301059611748e-6,2.0944020985041403e-7,-0.0010471822073160224,-3.134103751742885e-6,6.966017693598445e-9,0.0023879308603384558,0.0014040884660867818,3.117192934144387e-5,6.23777011829523e-5,-4.4411287266803e-8,2.4070405835507027e-9,-1.0474745499746114e-6,-6.643448607497508e-5,-0.0006727834346476041,-1.3814911862998796e-6,0.0001666487769499204,-5.51199228923126e-7,0.0009879099383609783,-1.7425555408368558e-5,-4.9538124372720916e-5,8.972499216368099e-9,-4.392600017352602e-7,-0.00010503555312427231,-2.9604069513886577e-6,3.832272182100474e-6,-3.711604573323533e-5,1.1029998726926548e-7,4.120833404885174e-8,-1.72506830899793e-8,-0.0006930724324567575,3.23916077284803e-10
0.0,0.0,0.0,0.0,0.0,0.0,0.0,0.0,0.0,0.0,0.0,0.0,0.0,0.0,0.0,0.0,0.0,0.0,0.0,0.0,0.0,0.0,0.0,0.0,0.0,0.0,0.0,0.0,0.0,0.0,0.0,0.0,0.0,0.0,0.0,0.0,0.0,0.0,0.0,0.0,0.0,0.0,0.0,0.0,0.0,0.0,0.0,0.0,0.0,0.0,0.0,0.0,0.0,0.0,0.0,0.0,0.0,0.0,0.0,0.0,0.0,0.0,0.0,0.0,0.0,0.0,0.0,0.0,0.0,0.0,0.0,0.0,0.0,0.0,0.0,0.0,0.0,0.0,0.0,0.0,0.0,0.0,0.0,0.0,0.0,0.0,0.0,0.0,0.0,0.0,0.0,0.0,0.0,0.0,0.0,0.0,0.0,0.0,0.0,0.0,0.0,0.0,0.0,0.0,0.0,0.0,0.0,0.0,0.0,0.0,0.0,0.0,0.0,0.0,0.0,0.0,0.0,0.0,0.0,0.0,0.0,0.0,0.0,0.0,0.0,0.0,0.0,0.0,0.0,0.0,0.0,0.0,0.0,0.0,0.0,0.0,0.0,0.0,0.0,0.0,0.0,0.0,0.0,0.0,0.0,0.0,0.0,0.0,0.0,0.0,0.0,0.0,0.0,0.0,0.0,0.0,0.0,0.0,0.0,0.0,0.0,0.0,0.0,0.0,0.0,0.0,0.0,0.0,0.0,0.0,0.0,0.0,0.0,0.0,0.0,0.0,0.0,0.0,0.0,0.0,0.0,0.0,0.0,0.0,0.0,0.0,0.0,0.0,0.0,0.0,0.0,0.0,0.0,0.0,0.0,0.0,0.0,0.0,0.0,0.0,0.0,0.0,0.0,0.0,0.0,0.0,0.0,0.0,0.0,0.0,0.0,0.0,0.0,0.0,0.0,0.0,0.0,0.0,0.0,0.0,0.0,0.0,0.0,0.0,0.0,0.0,0.0,0.0,0.0,0.0,0.0,0.0,0.0,0.0,0.0,0.0,0.0,0.0,0.0,0.0,0.0,0.0,0.0,0.0,0.0,0.0,0.0,0.0,0.0,0.0,0.0,0.0,0.0,0.0,0.0,0.0,0.0,0.0,0.0,0.0,0.0,0.0,0.0,0.0,0.0,0.0,0.0,0.0,0.0,0.0,0.0,0.0,0.0,0.0,0.0,0.0,0.0,0.0,0.0,0.0,0.0,0.0,0.0,0.0,0.0,0.0,0.0,0.0,0.0,0.0,0.0,0.0,0.0,0.0,0.0,0.0,0.0,0.0,0.0,0.0,0.0,0.0,0.0,0.0,0.0,0.0,0.0,0.0,0.0,0.0,0.0,0.0,0.0,0.0,0.0,0.0,0.0,0.0,0.0,0.0,0.0,0.0,0.0,0.0,0.0,0.0,0.0,0.0,0.0,0.0,0.0,0.0,0.0,0.0,0.0,0.0,0.0,0.0,0.0,0.0,0.0,0.0,0.0,0.0,0.0,0.0,0.0,0.0,0.0,0.0,0.0,0.0,0.0,0.0,0.0,0.0,0.0,0.0,0.0,0.0,0.0,0.0,0.0,0.0,0.0,0.0,0.0,0.0,0.0,0.0,0.0,0.0,0.0,0.0,0.0,0.0,0.0,0.0,0.0,0.0,0.0,0.0,0.0,0.0,0.0,0.0,0.0,0.0,0.0,0.0,0.0,0.0,0.0,0.0,0.0,0.0,0.0,0.0,0.0,0.0,0.0,0.0,0.0,0.0,0.0,0.0,0.0,0.0,0.0,0.0,0.0,0.0,0.0,0.0,0.0,0.0,0.0,0.0,0.0,0.0,0.0,0.0,0.0,0.0,0.0,0.0,0.0,0.0,0.0,0.0,0.0,0.0,0.0,0.0,0.0,0.0,0.0,0.0,0.0,0.0,0.0,0.0,0.0,0.0,0.0,0.0,0.0,0.0,0.0,0.0,0.0,0.0,0.0,0.0,0.0,0.0,0.0,0.0,0.0,0.0,0.0,0.0,0.0,0.0,0.0,0.0,0.0,0.0,0.0,0.0,0.0,0.0,0.0,0.0,0.0,0.0,0.0,0.0,0.0,0.0,0.0,0.0,0.0,0.0,0.0,0.0,0.0,0.0,0.0,0.0,0.0,0.0,0.0,0.0,0.0,0.0,0.0,0.0,0.0,0.0,0.0,0.0,0.0,0.0,0.0,0.0,0.0,0.0,0.0,0.0,0.0,0.0,0.0,0.0,0.0,0.0,0.0,0.0,0.0,0.0,0.0,0.0,0.0,0.0,0.0,0.0,0.0,0.0,0.0,0.0,0.0,0.0,0.0,0.0,0.0,0.0,0.0,0.0,0.0,0.0,0.0,0.0,0.0,0.0,0.0,0.0,0.0,0.0,0.0,0.0,0.0,0.0,0.0,0.0,0.0,0.0,0.0,0.0,0.0,0.0,0.0,0.0,0.0,0.0,0.0,0.0,0.0,0.0,0.0,0.0,0.0,0.0,0.0,0.0,0.0,0.0,0.0,0.03430915406437879,-0.00010861125669761747,-7.374179600197787e-7,-5.453785531447033e-6,4.607647881302819e-5,-0.0010027865920497667,8.972382787059594e-6,-2.8938240064669987e-6,8.704182055699419e-7,1.2599419699884101e-8,-3.1535312296336777e-6,5.726495413684004e-10,-2.0984672906656053e-8,0.0005734406304360437,1.054426181279759e-9,-1.2699048132172882e-6,-0.0005782941192679985,-0.0014947188135869176,0.00013174994190229828,-0.00023719703832020256,-3.5295166856193265e-6,0.008198398637757674,2.0243561010842706e-9,-1.980365095871975e-8,-0.003671562472304002,-2.8609114112560665e-5,0.00047093507302726584,8.550124546784994e-5,2.9999409290147527e-9,1.5958287168949416e-9,1.2492153600163235e-8,2.320391825013819e-8,-2.625991960092041e-8,0.0008736158536692756,-5.849085185622129e-7,-1.69618689551028e-6,-0.0001516780929139208,0.0003760214373386981,-2.439737455774042e-9,0.0002312208803239552,-1.0753309522009604e-6,1.6422005276364915e-6,-1.4445120558306466e-8,4.180891316298713e-5,-0.005030848466779817,-0.006109317333902957,1.467704846153114e-5,-3.004287297252738e-5,2.2883129821586506e-6,4.2062158169783326e-5,-3.9561017287237774e-8,1.837809378076125e-9,-1.136230721663171e-5,-7.530091532806109e-8,3.261355367625955e-6,-3.3094632041556286e-7,7.57452802469229e-10,1.6536388105602203e-5,0.0008465541961355036,1.2395067288568075e-5,-9.492445781007104e-6,0.002404517499333462,-0.003300583113413541,1.4295076798723249e-7,7.946703164192658e-9,-1.0580050393479205e-6,-8.766243625567257e-5,0.00012684361033080412,9.290904182655648e-7,0.0027440835425523937,3.4801429609574865e-5,6.65230715476619e-6,0.0017412830990837201,-9.975127538598186e-9,0.0013382283309352513,4.947323452366363e-8,1.1424034824017134e-8,-1.7077890644787705e-6,3.5226150263145456e-9,-0.0028315395665029115,5.4388739213960095e-9,-6.420368277882888e-8,3.806868093769168e-7,-1.7456146947721576e-6,-4.302652206932791e-6,3.672061635736608e-8,2.354422379127916e-7,7.147327698071246e-6,-0.0012680984776212631,1.888022156234551e-7,-0.00638229494163629,7.814660037186495e-7,5.465691581811657e-9,0.000837152376855474,-1.058207750560637e-5,0.00029442171840323404,-4.94181356348618e-7,0.00012716618593251803,-9.075705433667574e-7,0.00023630043756869574,0.0003143794669449158,-0.0003595628243459191,4.48155998249626e-7,-1.7378082126180335e-7,3.379365874543388e-7,3.48632992083112e-6,-0.00013229392732160816,-0.0035640248807552615,0.00016775608910718913,2.4135892614219844e-8,-2.3002266838177698e-5,-0.0012540069940025025,1.9036970175852814e-9,1.1195185058583348e-6,-0.0008938677687434978,1.392727432181574e-7,-0.00010453780171756373,-5.0253959503558584e-8,3.67898599589498e-10,5.010058276378852e-5,0.0009034573674790368,1.908283865634969e-5,-1.542378666433488e-8,-4.123429264874256e-8,-0.0017271726099458004,-1.7186247314581444e-8,-2.18865734155681e-5,-1.3398420578693593e-6,-1.5610538647586383e-7,3.448429876554663e-7,1.2118976111240347e-5,7.030973569574706e-5,-1.2965666912867064e-5,-1.8996761093236928e-6,-9.406418159253092e-9,-1.9546260906367614e-7,-0.002711730205342094,6.1614706990888875e-6,-1.1935078314016926e-7,1.9917876850119915e-7,-0.0013617618418916406,0.0031826245423811988,4.861590826182698e-9,1.7956112316555146e-9,-3.970616056830448e-9,-8.731949183575376e-5,1.805930570394494e-9,-2.876277797517468e-5,6.344150400802638e-6,-6.642580189404179e-6,-1.1592450200141526e-8,-0.003079361553088898,1.347942131766052e-6,1.5195063536063161e-9,-0.0002504781151334995,1.747330200938241e-6,-0.00804984409167861,-2.7791660223605045e-7,2.0605400713205754e-7,3.299045128543704e-7,1.410687537591482e-9,-3.0453198688353064e-5,-2.0375674859666282e-5,-0.0024104482614945855,2.9431510843991305e-9,-0.00032170513539340703,-7.466996404532129e-7,-0.0010273309654344766,1.5797133513446976e-8,0.0017982008343959768,-8.918979894987112e-7,-1.163975430873496e-6,0.001735761955182214,-0.00016355937900093504,-2.3599243752416135e-5,-0.0014275721547794356,1.0421239425736621e-8,-1.2121762990962159e-7,-3.1594303695669697e-6,0.0001302718914860976,2.7244609463815116e-6,-5.115474750976978e-8,6.728740566698931e-7,-3.0613543143870863e-9,-4.277841403190996e-7,6.2541705363928896e-9,-1.0099281434700363e-6,-3.6248369391471766e-5,0.0003338895011677862,0.0005894426593917695,1.2177283222790827e-8,2.4500676720397505e-6,-2.8952723480417747e-7,0.0030628433905454484,7.986848309810406e-6,4.3878823853001365e-8,0.00179999652256957,0.0029194159078957593,3.240509100121447e-6,1.6029856626599606e-5,-2.0052254720142944e-9,7.278708217670389e-10,-9.249562845823797e-6,-0.0006401629309178027,-0.0013660630354346693,-9.310558408017239e-7,0.0010491972135764191,3.1064782990997017e-6,-0.0010090566274832005,1.6349169499083137e-5,4.902670864894708e-7,-4.137438532322443e-8,-1.8328588138579061e-6,-6.5282457947330845e-6,-3.6834976873349844e-5,-8.141506139697528e-5,-5.383322776190571e-6,-6.425016996923127e-8,-3.0223112713460935e-8,-2.3954563347354998e-8,-0.000191344022157414,1.7921775867709087e-9
0.0,0.0,0.0,0.0,0.0,0.0,0.0,0.0,0.0,0.0,0.0,0.0,0.0,0.0,0.0,0.0,0.0,0.0,0.0,0.0,0.0,0.0,0.0,0.0,0.0,0.0,0.0,0.0,0.0,0.0,0.0,0.0,0.0,0.0,0.0,0.0,0.0,0.0,0.0,0.0,0.0,0.0,0.0,0.0,0.0,0.0,0.0,0.0,0.0,0.0,0.0,0.0,0.0,0.0,0.0,0.0,0.0,0.0,0.0,0.0,0.0,0.0,0.0,0.0,0.0,0.0,0.0,0.0,0.0,0.0,0.0,0.0,0.0,0.0,0.0,0.0,0.0,0.0,0.0,0.0,0.0,0.0,0.0,0.0,0.0,0.0,0.0,0.0,0.0,0.0,0.0,0.0,0.0,0.0,0.0,0.0,0.0,0.0,0.0,0.0,0.0,0.0,0.0,0.0,0.0,0.0,0.0,0.0,0.0,0.0,0.0,0.0,0.0,0.0,0.0,0.0,0.0,0.0,0.0,0.0,0.0,0.0,0.0,0.0,0.0,0.0,0.0,0.0,0.0,0.0,0.0,0.0,0.0,0.0,0.0,0.0,0.0,0.0,0.0,0.0,0.0,0.0,0.0,0.0,0.0,0.0,0.0,0.0,0.0,0.0,0.0,0.0,0.0,0.0,0.0,0.0,0.0,0.0,0.0,0.0,0.0,0.0,0.0,0.0,0.0,0.0,0.0,0.0,0.0,0.0,0.0,0.0,0.0,0.0,0.0,0.0,0.0,0.0,0.0,0.0,0.0,0.0,0.0,0.0,0.0,0.0,0.0,0.0,0.0,0.0,0.0,0.0,0.0,0.0,0.0,0.0,0.0,0.0,0.0,0.0,0.0,0.0,0.0,0.0,0.0,0.0,0.0,0.0,0.0,0.0,0.0,0.0,0.0,0.0,0.0,0.0,0.0,0.0,0.0,0.0,0.0,0.0,0.0,0.0,0.0,0.0,0.0,0.0,0.0,0.0,0.0,0.0,0.0,0.0,0.0,0.0,0.0,0.0,0.0,0.0,0.0,0.0,0.0,0.0,0.0,0.0,0.0,0.0,0.0,0.0,0.0,0.0,0.0,0.0,0.0,0.0,0.0,0.0,0.0,0.0,0.0,0.0,0.0,0.0,0.0,0.0,0.0,0.0,0.0,0.0,0.0,0.0,0.0,0.0,0.0,0.0,0.0,0.0,0.0,0.0,0.0,0.0,0.0,0.0,0.0,0.0,0.0,0.0,0.0,0.0,0.0,0.0,0.0,0.0,0.0,0.0,0.0,0.0,0.0,0.0,0.0,0.0,0.0,0.0,0.0,0.0,0.0,0.0,0.0,0.0,0.0,0.0,0.0,0.0,0.0,0.0,0.0,0.0,0.0,0.0,0.0,0.0,0.0,0.0,0.0,0.0,0.0,0.0,0.0,0.0,0.0,0.0,0.0,0.0,0.0,0.0,0.0,0.0,0.0,0.0,0.0,0.0,0.0,0.0,0.0,0.0,0.0,0.0,0.0,0.0,0.0,0.0,0.0,0.0,0.0,0.0,0.0,0.0,0.0,0.0,0.0,0.0,0.0,0.0,0.0,0.0,0.0,0.0,0.0,0.0,0.0,0.0,0.0,0.0,0.0,0.0,0.0,0.0,0.0,0.0,0.0,0.0,0.0,0.0,0.0,0.0,0.0,0.0,0.0,0.0,0.0,0.0,0.0,0.0,0.0,0.0,0.0,0.0,0.0,0.0,0.0,0.0,0.0,0.0,0.0,0.0,0.0,0.0,0.0,0.0,0.0,0.0,0.0,0.0,0.0,0.0,0.0,0.0,0.0,0.0,0.0,0.0,0.0,0.0,0.0,0.0,0.0,0.0,0.0,0.0,0.0,0.0,0.0,0.0,0.0,0.0,0.0,0.0,0.0,0.0,0.0,0.0,0.0,0.0,0.0,0.0,0.0,0.0,0.0,0.0,0.0,0.0,0.0,0.0,0.0,0.0,0.0,0.0,0.0,0.0,0.0,0.0,0.0,0.0,0.0,0.0,0.0,0.0,0.0,0.0,0.0,0.0,0.0,0.0,0.0,0.0,0.0,0.0,0.0,0.0,0.0,0.0,0.0,0.0,0.0,0.0,0.0,0.0,0.0,0.0,0.0,0.0,0.0,0.0,0.0,0.0,0.0,0.0,0.0,0.0,0.0,0.0,0.0,0.0,0.0,0.0,0.0,0.0,0.0,0.0,0.0,0.0,0.0,0.0,0.0,0.0,0.0,0.0,0.0,0.0,0.0,0.0,0.0,0.0,0.0,0.0,0.0,0.0,0.0,0.0,0.0,0.0,0.0,0.0,0.0,0.0,0.0,0.0,0.0,0.0,0.0,0.0,0.0,0.0,0.0,0.0,0.0,0.0,0.0,0.0,0.0,0.0,0.0,0.0,0.0,0.0,0.0,0.0,0.0,0.0,0.0,0.0,0.0,0.0,0.0,0.0,0.0,0.0,0.0,0.0,0.0,0.0,0.0,0.0,0.0,0.0,0.0,0.0,0.039935957852212586,-3.786199960162387e-5,0.004179263806756557,-4.3467587448804327e-7,-6.306811758815731e-7,0.0010020485634872945,0.0004217635800577131,5.047214500865133e-6,-4.53500590206328e-11,2.4428590029319728e-9,8.941042078478548e-7,-3.3410983032810014e-6,-0.003650677340048685,3.73533071983518e-7,-8.244114524006358e-5,0.0015382548219413804,0.0006184117763002412,0.009859219522788142,-0.005015253374631963,-5.031315039269518e-9,5.020724315447542e-6,9.896730463158767e-8,-4.65799992961354e-11,-0.00016866537967998656,8.881711903212568e-5,-2.452970854335423e-6,1.3703229877342801e-8,2.836718010415779e-6,8.91132638702151e-7,1.2120615990159964e-11,-2.9163008563227527e-10,-6.887194672588626e-11,0.0006101581140080129,-1.158873963380859e-6,4.853852764577172e-5,-2.403800093904785e-7,-1.8109831785110455e-6,-5.710078347792339e-11,1.0664528416540805e-6,-1.483491691681003e-9,-0.000297342879923935,-2.565567456224162e-11,0.0009416863001296022,0.00011308230282947075,-7.59843131518105e-5,5.821257326982739e-8,-0.007236053986052748,-0.0011146170361412784,-0.004527146121271579,-4.88572328025447e-10,9.19066511257023e-7,4.330977560741448e-8,-0.00012755838714516922,5.393944535090598e-8,-3.99092348128714e-6,6.015439125739179e-7,-1.4060392579012736e-8,-6.927009679628371e-5,4.868828316740187e-7,7.689564308406632e-8,-2.7539305690124247e-5,-5.801402252637369e-6,-4.6376088043923224e-5,1.3842627563713589e-9,2.5507895041900746e-9,-0.0016794957159831936,3.3792099406404734e-7,5.50778957617624e-9,-1.03928183439264e-6,-9.584851428729307e-8,0.00484944502945114,3.1009339742102083e-7,-2.384883287480078e-5,4.6619026636446347e-5,-1.7320490592206393e-10,-2.7236447966765273e-6,2.785170219084794e-9,-3.947233846544943e-11,-8.28377104117003e-6,3.6500009779542713e-7,4.902215652850124e-5,-1.932890557473652e-10,-8.344861165754424e-10,0.003120684778991503,4.126937167629986e-6,-3.056120385496184e-5,-0.003397353349203065,-0.0006151062201391445,1.234307873074497e-9,-5.5296215760525576e-5,2.1644343199103584e-9,1.7419251461644853e-6,-3.2716086072037406e-5,-0.00427230885850031,0.00012764740952078728,2.4437163154718682e-9,-2.448914360647807e-6,-0.00013598428366773952,0.002821155388799675,1.4361002696130978e-6,-6.437611171320503e-7,6.483253907255144e-5,1.8090676606792455e-9,-5.5765686149261086e-8,-0.0010702351809836852,-0.0007114547020041373,0.0007447186272375196,-0.00016261749304820314,4.330983269323689e-6,-2.7202287646841565e-7,0.001193336710283979,3.702814109841388e-12,2.8398079966372483e-9,2.625015743889161e-6,-6.923929833980853e-10,-0.001105902329581015,7.455363648540774e-6,1.1787973097883108e-6,-1.8603543576501697e-7,-5.753396516420035e-6,-7.830851076783445e-9,2.0276590288207622e-11,-3.790434373965631e-5,-4.123269841828566e-5,-2.7062703125960526e-6,-0.002187494342713236,0.00018746225046241118,-2.148852634793906e-5,-1.1620248318065964e-8,-0.00031244801057092586,1.0244460197523335e-7,-6.203599090877275e-6,-2.597820946133576e-8,6.090251835991932e-7,1.5054079546007004e-9,7.738463979347578e-5,-2.7234422261996637e-7,-4.3643883574495584e-10,8.977010788889938e-10,0.0017656849532904056,-0.0008314468728111928,6.492870610350925e-7,-1.925848322266773e-8,-1.4621564679374799e-6,-2.9730258314786012e-8,-1.9275563090336587e-6,5.392630296887667e-7,3.176283606011386e-8,-3.328911742724903e-7,-1.8039389086225255e-10,6.350509190581843e-5,-5.964382592452712e-9,-8.723834647793145e-8,-2.0883470387734102e-7,6.098340083946765e-9,-2.0565527458695997e-5,-4.536969962848884e-9,1.0202938885326472e-10,-1.2588259043419532e-9,-7.31614896809945e-7,-1.3831443520398061e-7,0.00025426960478324703,-2.3466787730757507e-5,-7.49446187457013e-12,0.00255981904560142,0.00013666200440872457,4.423043960870966e-6,4.104501437911031e-6,6.884764007591463e-6,-4.4995578690999943e-10,-0.0006331261940973066,0.0006694022213504569,-0.00023461429707207393,-1.1478865965529129e-8,0.0006627371058202892,2.0056708059891162e-11,-1.150355701081536e-5,-0.0006962120930122954,-7.6593057155071e-7,0.00013162914380040707,3.605849982245485e-10,-3.329683022621306e-5,-8.682661968026724e-10,1.986806159913256e-8,2.0815784876718312e-11,0.00018398826616495762,-0.002358306371701826,-2.257734088946102e-5,-0.0007619747100567949,6.315187545774398e-11,7.050844798097649e-5,1.0882926690716217e-5,-1.878042563024134e-5,-4.1949071254061617e-8,1.2003464275936997e-6,-0.0005993832057585216,-7.995450850128157e-5,3.3489861674449995e-7,-3.0331980882164285e-7,7.093478143865101e-6,1.4934456174482934e-6,-2.286300448520934e-8,-6.250341043291878e-7,-6.693409740665827e-5,-8.815749089806523e-7,4.124557237963791e-5,-2.0344080322160196e-8,0.00013689142658028744,-0.0029539251286077204,0.0074885633144090085,-4.322631043582246e-11,8.097486129255093e-9,4.0932266144776817e-7,9.396135058241078e-8,-3.518598070453101e-8,-1.0301383763637113e-7,-3.361747859544613e-6,9.843334391964135e-7,-2.8222573019400994e-11,3.2635066754183434e-5,2.0011327488142005e-7
0.0,0.0,0.0,0.0,0.0,0.0,0.0,0.0,0.0,0.0,0.0,0.0,0.0,0.0,0.0,0.0,0.0,0.0,0.0,0.0,0.0,0.0,0.0,0.0,0.0,0.0,0.0,0.0,0.0,0.0,0.0,0.0,0.0,0.0,0.0,0.0,0.0,0.0,0.0,0.0,0.0,0.0,0.0,0.0,0.0,0.0,0.0,0.0,0.0,0.0,0.0,0.0,0.0,0.0,0.0,0.0,0.0,0.0,0.0,0.0,0.0,0.0,0.0,0.0,0.0,0.0,0.0,0.0,0.0,0.0,0.0,0.0,0.0,0.0,0.0,0.0,0.0,0.0,0.0,0.0,0.0,0.0,0.0,0.0,0.0,0.0,0.0,0.0,0.0,0.0,0.0,0.0,0.0,0.0,0.0,0.0,0.0,0.0,0.0,0.0,0.0,0.0,0.0,0.0,0.0,0.0,0.0,0.0,0.0,0.0,0.0,0.0,0.0,0.0,0.0,0.0,0.0,0.0,0.0,0.0,0.0,0.0,0.0,0.0,0.0,0.0,0.0,0.0,0.0,0.0,0.0,0.0,0.0,0.0,0.0,0.0,0.0,0.0,0.0,0.0,0.0,0.0,0.0,0.0,0.0,0.0,0.0,0.0,0.0,0.0,0.0,0.0,0.0,0.0,0.0,0.0,0.0,0.0,0.0,0.0,0.0,0.0,0.0,0.0,0.0,0.0,0.0,0.0,0.0,0.0,0.0,0.0,0.0,0.0,0.0,0.0,0.0,0.0,0.0,0.0,0.0,0.0,0.0,0.0,0.0,0.0,0.0,0.0,0.0,0.0,0.0,0.0,0.0,0.0,0.0,0.0,0.0,0.0,0.0,0.0,0.0,0.0,0.0,0.0,0.0,0.0,0.0,0.0,0.0,0.0,0.0,0.0,0.0,0.0,0.0,0.0,0.0,0.0,0.0,0.0,0.0,0.0,0.0,0.0,0.0,0.0,0.0,0.0,0.0,0.0,0.0,0.0,0.0,0.0,0.0,0.0,0.0,0.0,0.0,0.0,0.0,0.0,0.0,0.0,0.0,0.0,0.0,0.0,0.0,0.0,0.0,0.0,0.0,0.0,0.0,0.0,0.0,0.0,0.0,0.0,0.0,0.0,0.0,0.0,0.0,0.0,0.0,0.0,0.0,0.0,0.0,0.0,0.0,0.0,0.0,0.0,0.0,0.0,0.0,0.0,0.0,0.0,0.0,0.0,0.0,0.0,0.0,0.0,0.0,0.0,0.0,0.0,0.0,0.0,0.0,0.0,0.0,0.0,0.0,0.0,0.0,0.0,0.0,0.0,0.0,0.0,0.0,0.0,0.0,0.0,0.0,0.0,0.0,0.0,0.0,0.0,0.0,0.0,0.0,0.0,0.0,0.0,0.0,0.0,0.0,0.0,0.0,0.0,0.0,0.0,0.0,0.0,0.0,0.0,0.0,0.0,0.0,0.0,0.0,0.0,0.0,0.0,0.0,0.0,0.0,0.0,0.0,0.0,0.0,0.0,0.0,0.0,0.0,0.0,0.0,0.0,0.0,0.0,0.0,0.0,0.0,0.0,0.0,0.0,0.0,0.0,0.0,0.0,0.0,0.0,0.0,0.0,0.0,0.0,0.0,0.0,0.0,0.0,0.0,0.0,0.0,0.0,0.0,0.0,0.0,0.0,0.0,0.0,0.0,0.0,0.0,0.0,0.0,0.0,0.0,0.0,0.0,0.0,0.0,0.0,0.0,0.0,0.0,0.0,0.0,0.0,0.0,0.0,0.0,0.0,0.0,0.0,0.0,0.0,0.0,0.0,0.0,0.0,0.0,0.0,0.0,0.0,0.0,0.0,0.0,0.0,0.0,0.0,0.0,0.0,0.0,0.0,0.0,0.0,0.0,0.0,0.0,0.0,0.0,0.0,0.0,0.0,0.0,0.0,0.0,0.0,0.0,0.0,0.0,0.0,0.0,0.0,0.0,0.0,0.0,0.0,0.0,0.0,0.0,0.0,0.0,0.0,0.0,0.0,0.0,0.0,0.0,0.0,0.0,0.0,0.0,0.0,0.0,0.0,0.0,0.0,0.0,0.0,0.0,0.0,0.0,0.0,0.0,0.0,0.0,0.0,0.0,0.0,0.0,0.0,0.0,0.0,0.0,0.0,0.0,0.0,0.0,0.0,0.0,0.0,0.0,0.0,0.0,0.0,0.0,0.0,0.0,0.0,0.0,0.0,0.0,0.0,0.0,0.0,0.0,0.0,0.0,0.0,0.0,0.0,0.0,0.0,0.0,0.0,0.0,0.0,0.0,0.0,0.0,0.0,0.0,0.0,0.0,0.0,0.0,0.0,0.0,0.0,0.0,0.0,0.0,0.0,0.0,0.0,0.0,0.0,0.0,0.0,0.0,0.0,0.0,0.0,0.0,0.0,0.0,0.0,0.0,0.0,0.0,0.0,0.0,0.0,0.0,0.0,0.0,0.0,0.0,0.0,0.0,0.0,0.0,0.0,0.0,0.0,0.0,0.0,0.0,0.0,0.0,0.04198642985033598,-0.00012773185619056152,3.442280929531096e-9,-6.366509971345025e-8,-0.00222733287644746,-0.008435140116386968,0.0005674920023709077,-8.289345658661334e-13,1.3126441721051794e-10,-3.313378905220766e-5,3.558360457390629e-5,-2.570518588274897e-5,-3.7190739371454017e-5,-0.004973894355352529,-1.8502768652228625e-5,1.3311385174846267e-5,5.2675302102649306e-5,-8.047853843841024e-5,-1.2944126400005868e-10,-3.3225616690307125e-6,-1.5507966752222888e-5,5.646773799063416e-13,-5.660118353802856e-6,3.2312480361771646e-7,-1.0537754254034923e-8,2.144222379706882e-8,-3.5765801523406905e-5,-5.881058615616229e-5,3.685749109433339e-13,-8.385845629280214e-12,-4.682147365942509e-13,1.8072449933409577e-5,-0.00018257016524972055,-0.005258002178688261,-1.4081173977561982e-9,1.6600407403946294e-8,1.0496852029582194e-12,2.1564119260684645e-8,3.530041581710061e-10,0.00013540011023918685,-5.142898598964207e-13,8.438456995346261e-5,1.565137356661203e-6,1.1991949195514247e-7,-1.4832245123259301e-10,0.0004451094202220885,0.0002490626123395854,0.00013499566926146963,1.1088966450740015e-11,-3.580586418417523e-5,-2.4767245777060446e-10,0.002737458156733108,-4.344199004729519e-10,0.0004291503476485626,-4.790368315851729e-6,-5.577237227742845e-10,-5.0796549498355935e-6,-1.018514057383914e-9,3.5052107379064436e-9,6.274718987837737e-8,-3.9512655848661066e-7,-0.005006393117627912,3.9646271403808733e-13,4.0592414027807106e-12,-5.298773330699687e-5,1.1859373521615327e-8,-7.606766670001834e-11,6.486976236448036e-7,-8.513797373744527e-11,-0.00156178740390745,1.552976281409637e-7,-0.0016537857506235768,2.4390476131685597e-6,-1.846011870903732e-12,-0.00017638153774596346,1.0894520996047103e-10,-4.4235323304658245e-13,1.2949609821104559e-7,-4.15947868881317e-6,-0.0026494964215481314,-3.56409059387463e-11,-4.979634395372882e-11,-0.0002825981537324412,-0.00010919711958901063,0.0013097047111599947,0.0006694960808739681,-3.454729076164901e-5,-1.8247880962585054e-11,-2.0876609234224384e-6,1.32396480514162e-11,-0.0001337427033932463,-5.998123798796319e-7,0.000395643829829564,-9.188509312902338e-5,-1.4607997293669932e-11,-1.4615840082956976e-8,0.01688964669923933,1.9021730577258063e-5,7.423336600481493e-9,1.8830215061672925e-8,-0.0001935635288686469,-8.363727740369051e-12,-2.9481249221811993e-10,-0.0011754350744393213,2.291505709371245e-5,4.547100067316975e-6,2.6194480431568978e-6,0.0010257556127240763,4.754604855368849e-9,2.1652776106202337e-6,-5.816586440675902e-13,7.297094822040313e-12,-4.36705612144451e-8,4.4059393531240416e-12,-9.358359161013005e-5,0.0018133122798562724,-7.893421089640799e-5,8.482912105622251e-9,-2.784906727778512e-8,3.9169651097046553e-10,6.606887247596418e-14,0.006521214161196971,7.783156834802779e-7,8.243700716705796e-5,0.0003374799721844593,-0.0003308228752422674,-0.0001107821318393677,-1.4830700379936401e-10,-0.0008116817611392809,-3.8303545028501334e-9,5.79438642265386e-9,-5.59912689425958e-11,0.00011476710235481949,-8.025226654507659e-12,5.072081554327198e-6,9.860644554137054e-10,5.782305160728205e-12,-1.559616190397683e-11,4.3267687745941e-6,1.8890231895757948e-6,6.006283365561384e-5,5.014962456152565e-6,2.5208531983469015e-5,4.868764090797964e-10,1.5208849973872416e-5,3.0683316341787164e-8,3.6290342121004654e-11,2.7308337318258643e-9,7.669597610804235e-13,2.476027301132812e-7,1.0748789630265304e-11,-5.5851101147551055e-6,2.2602815514609353e-8,7.768325744795611e-10,5.173038484029954e-8,2.296090685238909e-11,-7.016067534090962e-12,2.040871045997687e-11,0.00012511035775566396,7.86879674330079e-10,-0.0016163809469957554,1.2586220357175903e-7,-1.4422135674309283e-13,0.00013423148101619737,0.0008102888173343165,1.1581721103810649e-7,-0.00014387998336644139,-5.13705019275039e-8,9.502532064213144e-11,-0.0018991120211495566,-4.364835419352106e-6,-3.4899734882294136e-5,5.025653024264102e-10,-1.0680260052027714e-5,-1.147684769037109e-12,-0.0009343924211730869,-9.531685290668468e-6,1.9619490989095526e-9,-2.0779286883426105e-5,-9.08825409886215e-12,0.000850791579127133,-4.4728484454535276e-12,3.7356227977569765e-11,5.520402991825522e-13,-0.005558537737818906,0.0007730645183814977,-1.0749304073924585e-5,-7.944414489071413e-6,9.378156734181797e-13,0.0007376283288454015,0.0028497048986116137,1.3424416929060697e-7,5.869052629715061e-10,0.0013998146872468875,1.8128568587865675e-6,-6.141676827924347e-6,-6.949753849039921e-9,5.480748705264231e-9,0.00010073583475396237,-9.288444197970509e-5,1.7091257667295803e-10,-5.4990704315768906e-9,1.3685954767535987e-6,0.0005773146654859566,1.6384273352496399e-6,3.872374218334175e-11,-1.6748649139196274e-6,0.0004528524492472496,0.0002915870234922199,-6.746005095752019e-12,7.57722644836182e-12,3.0067803457218574e-9,-9.849774312038538e-10,-4.11347227761676e-10,6.479466802814623e-10,0.002674258734743946,-4.5756557766578516e-5,2.277889348211008e-12,1.350069772569296e-7,-2.621051889204273e-5
0.0,0.0,0.0,0.0,0.0,0.0,0.0,0.0,0.0,0.0,0.0,0.0,0.0,0.0,0.0,0.0,0.0,0.0,0.0,0.0,0.0,0.0,0.0,0.0,0.0,0.0,0.0,0.0,0.0,0.0,0.0,0.0,0.0,0.0,0.0,0.0,0.0,0.0,0.0,0.0,0.0,0.0,0.0,0.0,0.0,0.0,0.0,0.0,0.0,0.0,0.0,0.0,0.0,0.0,0.0,0.0,0.0,0.0,0.0,0.0,0.0,0.0,0.0,0.0,0.0,0.0,0.0,0.0,0.0,0.0,0.0,0.0,0.0,0.0,0.0,0.0,0.0,0.0,0.0,0.0,0.0,0.0,0.0,0.0,0.0,0.0,0.0,0.0,0.0,0.0,0.0,0.0,0.0,0.0,0.0,0.0,0.0,0.0,0.0,0.0,0.0,0.0,0.0,0.0,0.0,0.0,0.0,0.0,0.0,0.0,0.0,0.0,0.0,0.0,0.0,0.0,0.0,0.0,0.0,0.0,0.0,0.0,0.0,0.0,0.0,0.0,0.0,0.0,0.0,0.0,0.0,0.0,0.0,0.0,0.0,0.0,0.0,0.0,0.0,0.0,0.0,0.0,0.0,0.0,0.0,0.0,0.0,0.0,0.0,0.0,0.0,0.0,0.0,0.0,0.0,0.0,0.0,0.0,0.0,0.0,0.0,0.0,0.0,0.0,0.0,0.0,0.0,0.0,0.0,0.0,0.0,0.0,0.0,0.0,0.0,0.0,0.0,0.0,0.0,0.0,0.0,0.0,0.0,0.0,0.0,0.0,0.0,0.0,0.0,0.0,0.0,0.0,0.0,0.0,0.0,0.0,0.0,0.0,0.0,0.0,0.0,0.0,0.0,0.0,0.0,0.0,0.0,0.0,0.0,0.0,0.0,0.0,0.0,0.0,0.0,0.0,0.0,0.0,0.0,0.0,0.0,0.0,0.0,0.0,0.0,0.0,0.0,0.0,0.0,0.0,0.0,0.0,0.0,0.0,0.0,0.0,0.0,0.0,0.0,0.0,0.0,0.0,0.0,0.0,0.0,0.0,0.0,0.0,0.0,0.0,0.0,0.0,0.0,0.0,0.0,0.0,0.0,0.0,0.0,0.0,0.0,0.0,0.0,0.0,0.0,0.0,0.0,0.0,0.0,0.0,0.0,0.0,0.0,0.0,0.0,0.0,0.0,0.0,0.0,0.0,0.0,0.0,0.0,0.0,0.0,0.0,0.0,0.0,0.0,0.0,0.0,0.0,0.0,0.0,0.0,0.0,0.0,0.0,0.0,0.0,0.0,0.0,0.0,0.0,0.0,0.0,0.0,0.0,0.0,0.0,0.0,0.0,0.0,0.0,0.0,0.0,0.0,0.0,0.0,0.0,0.0,0.0,0.0,0.0,0.0,0.0,0.0,0.0,0.0,0.0,0.0,0.0,0.0,0.0,0.0,0.0,0.0,0.0,0.0,0.0,0.0,0.0,0.0,0.0,0.0,0.0,0.0,0.0,0.0,0.0,0.0,0.0,0.0,0.0,0.0,0.0,0.0,0.0,0.0,0.0,0.0,0.0,0.0,0.0,0.0,0.0,0.0,0.0,0.0,0.0,0.0,0.0,0.0,0.0,0.0,0.0,0.0,0.0,0.0,0.0,0.0,0.0,0.0,0.0,0.0,0.0,0.0,0.0,0.0,0.0,0.0,0.0,0.0,0.0,0.0,0.0,0.0,0.0,0.0,0.0,0.0,0.0,0.0,0.0,0.0,0.0,0.0,0.0,0.0,0.0,0.0,0.0,0.0,0.0,0.0,0.0,0.0,0.0,0.0,0.0,0.0,0.0,0.0,0.0,0.0,0.0,0.0,0.0,0.0,0.0,0.0,0.0,0.0,0.0,0.0,0.0,0.0,0.0,0.0,0.0,0.0,0.0,0.0,0.0,0.0,0.0,0.0,0.0,0.0,0.0,0.0,0.0,0.0,0.0,0.0,0.0,0.0,0.0,0.0,0.0,0.0,0.0,0.0,0.0,0.0,0.0,0.0,0.0,0.0,0.0,0.0,0.0,0.0,0.0,0.0,0.0,0.0,0.0,0.0,0.0,0.0,0.0,0.0,0.0,0.0,0.0,0.0,0.0,0.0,0.0,0.0,0.0,0.0,0.0,0.0,0.0,0.0,0.0,0.0,0.0,0.0,0.0,0.0,0.0,0.0,0.0,0.0,0.0,0.0,0.0,0.0,0.0,0.0,0.0,0.0,0.0,0.0,0.0,0.0,0.0,0.0,0.0,0.0,0.0,0.0,0.0,0.0,0.0,0.0,0.0,0.0,0.0,0.0,0.0,0.0,0.0,0.0,0.0,0.0,0.0,0.0,0.0,0.0,0.0,0.0,0.0,0.0,0.0,0.0,0.0,0.0,0.0,0.0,0.0,0.0,0.0,0.0,0.0,0.0,0.0,0.0,0.0,0.0,0.0,0.0,0.0,0.0,0.0,0.0,0.0,0.0,0.0,0.0,0.0,0.0,0.0,0.0,0.0,0.0,0.0,0.02778588424030167,-9.137129720044007e-8,1.2347876677683695e-6,0.00035193973651057676,-3.978175383935917e-5,6.0844434321285495e-5,1.864639021071105e-12,1.5549728390626938e-8,-3.864466815910667e-7,-1.853718131909994e-5,0.001266474608472451,3.0071291751748254e-7,0.0005273787101148553,0.00011773110072627148,-0.00057450541659614,-0.0020395074882928977,0.0030219252505706636,1.8963249970607463e-8,2.42727019569536e-5,-1.3860730305596075e-6,6.998566959249625e-11,0.00030126591850943425,-1.5919087839808972e-5,2.9265747315353676e-7,-3.850970978753287e-7,3.850410993320043e-6,-4.441787621527794e-7,2.6358423227216065e-11,-7.445403050382792e-11,2.5994581906416547e-11,-0.0002760593163075842,0.0002593745021083994,-0.0002935085794049947,1.1522052643732143e-7,-3.736127295345677e-7,-1.9318709903546242e-11,-9.736995273746263e-7,-3.9102414052085685e-8,0.00048610799294790646,7.934427159649647e-12,0.0029177031342879295,-5.0883168047103516e-5,3.117570832472297e-5,-7.930491790472196e-8,-0.023640205196846276,0.0008025572889396762,0.0015263338732813914,4.304415469713942e-10,-6.167379184749544e-7,-1.308751284022097e-8,3.1891022061089755e-5,1.6541265334138885e-8,-3.262342774633959e-5,-3.326724705540376e-7,-1.6281886464732872e-8,4.975826709650956e-5,-1.7806635216063917e-7,-1.526544576994831e-9,8.153964378152904e-6,2.5348406903649148e-6,-7.39996477206247e-5,-1.1885072365686551e-10,-2.1223377026655647e-9,0.0014124916853185683,-1.1700525416793407e-6,-3.195870843641154e-9,-2.6754018683666642e-5,1.0579053205672521e-7,-0.0026360612318609648,-2.319172309608631e-6,-8.71002952154845e-6,-3.967340803799667e-5,-1.338614717740274e-10,1.2208665454491273e-6,-1.8411086924093788e-9,3.601434642497556e-11,2.7982912560827174e-6,2.712445956764368e-6,4.13424304535732e-5,3.1443189256776886e-10,5.488833320076468e-9,0.0030705942813100753,-2.1385872700534337e-6,2.0737172949501286e-5,-0.0002404247807335634,0.0005698068915543535,-5.61534388765413e-10,9.198200258840337e-5,-4.579240217414599e-11,1.4488127553471084e-6,1.4504715240243024e-5,-0.01822042911731301,0.0011204767757552166,-1.5979329198571127e-9,-2.6042377080566406e-6,-0.00012856242273757247,-0.0008299526900751732,4.769536055030036e-7,4.2298123155481476e-8,-0.00046962203130435494,2.6156165163025365e-10,2.2005073706755153e-8,-0.0008055145560874485,0.0009417733526966908,-0.0005585569779630516,-0.00031126850474574283,1.2119785805560523e-5,2.04868874594735e-7,0.00037521314813520414,-2.3294916745329022e-11,-3.3514199095989847e-9,-1.7065009157020094e-6,-1.6910072491545745e-10,-6.086259506262883e-5,4.468864712233624e-6,-2.28441082245183e-6,-3.467603275077322e-7,1.6476330055080538e-6,-1.5655193504112028e-8,1.530039823000366e-11,-4.43059095481968e-5,3.062561748176701e-5,-6.160462508498002e-6,0.0007596187891579209,-0.0024517193215254115,0.00010152902320788568,1.2495122466743369e-8,0.00037566497583579243,-4.142667483203723e-8,1.849403915351421e-6,3.166903925352024e-8,3.025441941150009e-7,1.7507074135982471e-9,-1.3233457522282069e-5,8.080683125353769e-8,2.3178214886344886e-10,-2.844268363147635e-10,0.0002731308096233116,8.881642437660491e-5,-2.754083362812141e-7,4.5621995717464845e-7,2.3603705102685688e-7,1.3688247054352273e-7,-7.230413995209719e-6,-1.1115689581743977e-6,-2.584349255822073e-8,7.928625163480247e-8,1.1631415194203146e-10,-5.213341746217654e-6,4.005519621408504e-9,7.061000622849697e-8,4.923296690148912e-7,-2.503955486653721e-8,6.696140851062671e-6,2.343997817064026e-9,-1.5306877965160604e-10,-4.0322795207818513e-10,1.9241659474947807e-6,4.454331377451342e-8,-0.0015114975308406328,2.1957395826579413e-5,3.797389487536887e-11,0.0005314803573254977,0.0012276186259524522,-4.6343810669177206e-7,1.3503260892222422e-7,-1.550165245681331e-6,-7.058304497045226e-10,0.001506284740223909,-0.00015600408505434676,-0.00014934141646686335,2.5802166878651375e-8,-7.52155697206751e-5,-6.377536121073792e-11,-2.050997263696037e-5,0.0004941572714754252,-3.435348403465303e-7,-0.002650615169399245,-5.406553758446088e-11,-3.3187974337129207e-5,8.01660099519883e-10,1.2823280106107503e-9,-2.4628128137858963e-11,0.00011887776708699799,-0.005842115217600219,-0.00017524038865162852,0.0004590244729609357,-4.989835336989926e-11,0.001261667083488524,-1.0301786484008348e-5,5.977189959236266e-6,2.001045226512328e-8,1.3739049807844588e-5,8.21724286775798e-5,-1.4906786722906414e-5,1.454672519502799e-7,4.1060024860509915e-7,2.2160048240054452e-5,-1.943452341956449e-6,8.161099119247162e-9,9.385455976675006e-7,2.2346296798806824e-8,0.00016059766355131977,-6.70790298713633e-5,8.675909688046268e-9,0.0001560115782015413,-0.0005467172155983526,-0.0006418709871370597,-2.9048387425676622e-11,-2.997426859430933e-9,-2.083975348300654e-8,-5.799853914551792e-8,-2.8065565518017904e-7,-1.7172816747693263e-8,-6.269931145647724e-6,-1.2714084001716242e-5,-3.517434181959722e-11,-1.4776123739851502e-5,-7.530238332329276e-7
0.0,0.0,0.0,0.0,0.0,0.0,0.0,0.0,0.0,0.0,0.0,0.0,0.0,0.0,0.0,0.0,0.0,0.0,0.0,0.0,0.0,0.0,0.0,0.0,0.0,0.0,0.0,0.0,0.0,0.0,0.0,0.0,0.0,0.0,0.0,0.0,0.0,0.0,0.0,0.0,0.0,0.0,0.0,0.0,0.0,0.0,0.0,0.0,0.0,0.0,0.0,0.0,0.0,0.0,0.0,0.0,0.0,0.0,0.0,0.0,0.0,0.0,0.0,0.0,0.0,0.0,0.0,0.0,0.0,0.0,0.0,0.0,0.0,0.0,0.0,0.0,0.0,0.0,0.0,0.0,0.0,0.0,0.0,0.0,0.0,0.0,0.0,0.0,0.0,0.0,0.0,0.0,0.0,0.0,0.0,0.0,0.0,0.0,0.0,0.0,0.0,0.0,0.0,0.0,0.0,0.0,0.0,0.0,0.0,0.0,0.0,0.0,0.0,0.0,0.0,0.0,0.0,0.0,0.0,0.0,0.0,0.0,0.0,0.0,0.0,0.0,0.0,0.0,0.0,0.0,0.0,0.0,0.0,0.0,0.0,0.0,0.0,0.0,0.0,0.0,0.0,0.0,0.0,0.0,0.0,0.0,0.0,0.0,0.0,0.0,0.0,0.0,0.0,0.0,0.0,0.0,0.0,0.0,0.0,0.0,0.0,0.0,0.0,0.0,0.0,0.0,0.0,0.0,0.0,0.0,0.0,0.0,0.0,0.0,0.0,0.0,0.0,0.0,0.0,0.0,0.0,0.0,0.0,0.0,0.0,0.0,0.0,0.0,0.0,0.0,0.0,0.0,0.0,0.0,0.0,0.0,0.0,0.0,0.0,0.0,0.0,0.0,0.0,0.0,0.0,0.0,0.0,0.0,0.0,0.0,0.0,0.0,0.0,0.0,0.0,0.0,0.0,0.0,0.0,0.0,0.0,0.0,0.0,0.0,0.0,0.0,0.0,0.0,0.0,0.0,0.0,0.0,0.0,0.0,0.0,0.0,0.0,0.0,0.0,0.0,0.0,0.0,0.0,0.0,0.0,0.0,0.0,0.0,0.0,0.0,0.0,0.0,0.0,0.0,0.0,0.0,0.0,0.0,0.0,0.0,0.0,0.0,0.0,0.0,0.0,0.0,0.0,0.0,0.0,0.0,0.0,0.0,0.0,0.0,0.0,0.0,0.0,0.0,0.0,0.0,0.0,0.0,0.0,0.0,0.0,0.0,0.0,0.0,0.0,0.0,0.0,0.0,0.0,0.0,0.0,0.0,0.0,0.0,0.0,0.0,0.0,0.0,0.0,0.0,0.0,0.0,0.0,0.0,0.0,0.0,0.0,0.0,0.0,0.0,0.0,0.0,0.0,0.0,0.0,0.0,0.0,0.0,0.0,0.0,0.0,0.0,0.0,0.0,0.0,0.0,0.0,0.0,0.0,0.0,0.0,0.0,0.0,0.0,0.0,0.0,0.0,0.0,0.0,0.0,0.0,0.0,0.0,0.0,0.0,0.0,0.0,0.0,0.0,0.0,0.0,0.0,0.0,0.0,0.0,0.0,0.0,0.0,0.0,0.0,0.0,0.0,0.0,0.0,0.0,0.0,0.0,0.0,0.0,0.0,0.0,0.0,0.0,0.0,0.0,0.0,0.0,0.0,0.0,0.0,0.0,0.0,0.0,0.0,0.0,0.0,0.0,0.0,0.0,0.0,0.0,0.0,0.0,0.0,0.0,0.0,0.0,0.0,0.0,0.0,0.0,0.0,0.0,0.0,0.0,0.0,0.0,0.0,0.0,0.0,0.0,0.0,0.0,0.0,0.0,0.0,0.0,0.0,0.0,0.0,0.0,0.0,0.0,0.0,0.0,0.0,0.0,0.0,0.0,0.0,0.0,0.0,0.0,0.0,0.0,0.0,0.0,0.0,0.0,0.0,0.0,0.0,0.0,0.0,0.0,0.0,0.0,0.0,0.0,0.0,0.0,0.0,0.0,0.0,0.0,0.0,0.0,0.0,0.0,0.0,0.0,0.0,0.0,0.0,0.0,0.0,0.0,0.0,0.0,0.0,0.0,0.0,0.0,0.0,0.0,0.0,0.0,0.0,0.0,0.0,0.0,0.0,0.0,0.0,0.0,0.0,0.0,0.0,0.0,0.0,0.0,0.0,0.0,0.0,0.0,0.0,0.0,0.0,0.0,0.0,0.0,0.0,0.0,0.0,0.0,0.0,0.0,0.0,0.0,0.0,0.0,0.0,0.0,0.0,0.0,0.0,0.0,0.0,0.0,0.0,0.0,0.0,0.0,0.0,0.0,0.0,0.0,0.0,0.0,0.0,0.0,0.0,0.0,0.0,0.0,0.0,0.0,0.0,0.0,0.0,0.0,0.0,0.0,0.0,0.0,0.0,0.0,0.0,0.0,0.0,0.0,0.0,0.0,0.0,0.0,0.0,0.0,0.0,0.0,0.0,0.0,0.0,0.0,0.0,0.0,0.0,0.0,0.0,0.0,0.0,0.0,0.0,0.0,0.0,0.0,0.0,0.0,0.0479801859375059,-0.001364457999038214,-1.0321389108514487e-10,2.2437507104849176e-8,-2.060363646660358e-10,-2.1817706331570383e-6,-0.0018799133374180184,-6.250446205484084e-12,4.088720989091485e-11,-6.345724944449806e-7,2.486766583482431e-12,-5.004103350968381e-9,1.3175295561233527e-6,-8.68888568127231e-6,-5.029954120583542e-7,7.64170763082263e-7,0.00015984438812125402,-5.183639083583405e-5,5.552275708311734e-12,2.9877774357818093e-7,-5.13333961665483e-6,-7.765261391117279e-6,0.0033631582717854377,0.00613604197369931,-1.9356553700126057e-11,6.9416004790042276e-12,-7.451580878044559e-7,-1.3954878966733567e-5,1.03022772933017e-6,-1.6095957838063324e-6,2.276652269101208e-9,1.224709877897102e-9,0.005605695094753101,-0.00011040059458661432,2.48787114189e-6,0.0004105931025390406,0.0002244725010968162,1.7614707438204463e-9,1.3705959021991436e-6,-1.1054252401609693e-7,-5.601955512171844e-5,0.00010258608868710788,0.00014037633002289147,3.8451216718464097e-7,-5.390993549671789e-10,-2.0172506817243465e-7,-6.539998270983104e-6,-5.800180155925671e-13,0.0002922123925253677,-2.948771480772267e-10,0.00011291503808692447,-4.134718803343817e-10,6.5610156219652675e-12,0.001449031337996548,-1.4477863787199722e-5,-0.0021207577608986184,5.6266028017485995e-5,0.00029362532508564335,-0.00017536352492876842,-1.189006637078705e-9,-6.045206887452065e-5,9.044369331357384e-5,-1.585246441656533e-6,0.0031314261015976596,-0.0002697347856745632,4.44275030812239e-6,-0.00017473540245697814,-1.4017035751193397e-7,0.000767047412596639,-3.0163830273565475e-10,-1.76939579010435e-5,2.0704825850363552e-5,-4.1447370885317907e-11,5.858445806620367e-5,-8.933897156901109e-7,-6.696986989499545e-5,1.4434187704080643e-11,-3.9974594872674853e-10,-7.353088451998025e-5,-0.0003867949422707714,7.1598186845529e-8,1.576141484293945e-10,-2.974155784850183e-10,-1.8038314097453037e-9,-1.3219630376981797e-6,7.637980955129009e-6,-2.650206145327376e-5,-0.0002322698766735035,6.690167751466116e-12,1.846324679822126e-5,4.034627203461885e-8,-2.912345897253786e-7,1.4081749783941405e-6,0.0005001056139081753,-1.411574635288529e-9,4.2509019119428126e-7,-0.0022224761618084205,-0.00026461320550915247,-2.817981589159855e-9,-0.00010620323657414462,0.0015981977121599608,2.6698085422187773e-8,4.838443001325727e-7,-2.678846987494884e-6,-1.05469785557932e-6,-4.088646820498029e-11,0.01040291375460592,-1.3121536986161837e-6,3.373203029371181e-7,0.0002634710666355126,-2.2227474847957432e-5,5.334213666335369e-5,-6.823115847383417e-7,1.4707217820176625e-10,1.7988122756019307e-11,0.014828554301433688,-0.0007736639925536999,0.0004928919870924249,-2.863891513170529e-6,5.712426379425958e-10,5.77871508284363e-5,6.100347050590018e-11,3.168051065724246e-7,4.125279961537776e-10,-9.711374371669362e-11,0.0003960493288378736,3.6886526894960506e-8,0.0006108719484094811,0.00425935880059224,-0.0012764702946767618,1.5760379831202066e-11,-0.00018686439467545922,1.018972956363416e-5,0.00509917989034024,2.2806752502876428e-7,-5.20514631152343e-5,1.5580051398578454e-6,-3.947242493631498e-6,2.265036427172123e-12,-7.626300038109843e-12,-7.927496964249669e-12,0.0010910152484196348,-5.552432149503723e-11,0.0012850686789660241,0.0012593425337091894,-0.00030814999025471093,-7.310694073031298e-6,-0.0001507447885576932,0.00025528107412417354,-3.965151452037438e-12,0.00048753317100068405,0.0014901029459831617,6.380132844776758e-5,0.00010991392027722547,1.1463446131574907e-5,0.0001633500374078511,-2.5192360482138125e-11,-0.010916087160277966,-9.423880316033919e-9,-9.273727804260522e-6,9.414616986686924e-7,3.303953903670624e-7,3.6576131023314932e-9,-0.0008552866224539208,-5.1862807786753324e-11,-0.0005751191641007287,-2.4586917286728262e-5,-5.4702881594378235e-9,4.591769724579241e-6,1.8775790937439733e-6,-0.0015416381855553841,-3.259385696708341e-6,-8.849349195550842e-7,1.7252995659172047e-10,1.1956268260956414e-6,0.002178079884060339,2.1927897324341432e-9,-0.00010767607616033583,-1.1748350569441288e-9,-1.3783717737917746e-5,-0.0007114853437605237,-7.325422555588152e-8,1.1745141421701685e-9,2.1845956170157201e-7,2.3345774966769756e-6,3.960222107990848e-6,-4.2288477874355374e-6,6.363396577283805e-9,3.016242839961866e-10,6.301646308534737e-5,-0.00019583284574936185,-3.832169984377559e-10,3.6996333246719545e-7,4.938089551974248e-6,-0.003132097092540718,0.006346120686308459,8.213715563631397e-11,-1.6367950198760049e-12,-0.0011754305530445276,0.00017755283737672472,-1.5140225860359248e-5,-7.997254104216448e-9,-1.2203964496278567e-6,0.0004253832458474088,-7.416170946929404e-7,-8.89667928006386e-9,3.180838062640822e-8,-2.5901636940321725e-5,2.9531139304701742e-5,0.00013569812496843535,8.688646428905345e-5,-0.001375385071681838,0.0001070127853228487,9.047490156284019e-11,1.4420363950691e-10,8.462670125509546e-6,-0.0002576892979467149,6.549557995942312e-12
0.0,0.0,0.0,0.0,0.0,0.0,0.0,0.0,0.0,0.0,0.0,0.0,0.0,0.0,0.0,0.0,0.0,0.0,0.0,0.0,0.0,0.0,0.0,0.0,0.0,0.0,0.0,0.0,0.0,0.0,0.0,0.0,0.0,0.0,0.0,0.0,0.0,0.0,0.0,0.0,0.0,0.0,0.0,0.0,0.0,0.0,0.0,0.0,0.0,0.0,0.0,0.0,0.0,0.0,0.0,0.0,0.0,0.0,0.0,0.0,0.0,0.0,0.0,0.0,0.0,0.0,0.0,0.0,0.0,0.0,0.0,0.0,0.0,0.0,0.0,0.0,0.0,0.0,0.0,0.0,0.0,0.0,0.0,0.0,0.0,0.0,0.0,0.0,0.0,0.0,0.0,0.0,0.0,0.0,0.0,0.0,0.0,0.0,0.0,0.0,0.0,0.0,0.0,0.0,0.0,0.0,0.0,0.0,0.0,0.0,0.0,0.0,0.0,0.0,0.0,0.0,0.0,0.0,0.0,0.0,0.0,0.0,0.0,0.0,0.0,0.0,0.0,0.0,0.0,0.0,0.0,0.0,0.0,0.0,0.0,0.0,0.0,0.0,0.0,0.0,0.0,0.0,0.0,0.0,0.0,0.0,0.0,0.0,0.0,0.0,0.0,0.0,0.0,0.0,0.0,0.0,0.0,0.0,0.0,0.0,0.0,0.0,0.0,0.0,0.0,0.0,0.0,0.0,0.0,0.0,0.0,0.0,0.0,0.0,0.0,0.0,0.0,0.0,0.0,0.0,0.0,0.0,0.0,0.0,0.0,0.0,0.0,0.0,0.0,0.0,0.0,0.0,0.0,0.0,0.0,0.0,0.0,0.0,0.0,0.0,0.0,0.0,0.0,0.0,0.0,0.0,0.0,0.0,0.0,0.0,0.0,0.0,0.0,0.0,0.0,0.0,0.0,0.0,0.0,0.0,0.0,0.0,0.0,0.0,0.0,0.0,0.0,0.0,0.0,0.0,0.0,0.0,0.0,0.0,0.0,0.0,0.0,0.0,0.0,0.0,0.0,0.0,0.0,0.0,0.0,0.0,0.0,0.0,0.0,0.0,0.0,0.0,0.0,0.0,0.0,0.0,0.0,0.0,0.0,0.0,0.0,0.0,0.0,0.0,0.0,0.0,0.0,0.0,0.0,0.0,0.0,0.0,0.0,0.0,0.0,0.0,0.0,0.0,0.0,0.0,0.0,0.0,0.0,0.0,0.0,0.0,0.0,0.0,0.0,0.0,0.0,0.0,0.0,0.0,0.0,0.0,0.0,0.0,0.0,0.0,0.0,0.0,0.0,0.0,0.0,0.0,0.0,0.0,0.0,0.0,0.0,0.0,0.0,0.0,0.0,0.0,0.0,0.0,0.0,0.0,0.0,0.0,0.0,0.0,0.0,0.0,0.0,0.0,0.0,0.0,0.0,0.0,0.0,0.0,0.0,0.0,0.0,0.0,0.0,0.0,0.0,0.0,0.0,0.0,0.0,0.0,0.0,0.0,0.0,0.0,0.0,0.0,0.0,0.0,0.0,0.0,0.0,0.0,0.0,0.0,0.0,0.0,0.0,0.0,0.0,0.0,0.0,0.0,0.0,0.0,0.0,0.0,0.0,0.0,0.0,0.0,0.0,0.0,0.0,0.0,0.0,0.0,0.0,0.0,0.0,0.0,0.0,0.0,0.0,0.0,0.0,0.0,0.0,0.0,0.0,0.0,0.0,0.0,0.0,0.0,0.0,0.0,0.0,0.0,0.0,0.0,0.0,0.0,0.0,0.0,0.0,0.0,0.0,0.0,0.0,0.0,0.0,0.0,0.0,0.0,0.0,0.0,0.0,0.0,0.0,0.0,0.0,0.0,0.0,0.0,0.0,0.0,0.0,0.0,0.0,0.0,0.0,0.0,0.0,0.0,0.0,0.0,0.0,0.0,0.0,0.0,0.0,0.0,0.0,0.0,0.0,0.0,0.0,0.0,0.0,0.0,0.0,0.0,0.0,0.0,0.0,0.0,0.0,0.0,0.0,0.0,0.0,0.0,0.0,0.0,0.0,0.0,0.0,0.0,0.0,0.0,0.0,0.0,0.0,0.0,0.0,0.0,0.0,0.0,0.0,0.0,0.0,0.0,0.0,0.0,0.0,0.0,0.0,0.0,0.0,0.0,0.0,0.0,0.0,0.0,0.0,0.0,0.0,0.0,0.0,0.0,0.0,0.0,0.0,0.0,0.0,0.0,0.0,0.0,0.0,0.0,0.0,0.0,0.0,0.0,0.0,0.0,0.0,0.0,0.0,0.0,0.0,0.0,0.0,0.0,0.0,0.0,0.0,0.0,0.0,0.0,0.0,0.0,0.0,0.0,0.0,0.0,0.0,0.0,0.0,0.0,0.0,0.0,0.0,0.0,0.0,0.0,0.0,0.0,0.0,0.0,0.0,0.0,0.0,0.0,0.0,0.0,0.0,0.0,0.0,0.0,0.0,0.0,0.0,0.0,0.0,0.0,0.0,0.0,0.0,0.0,0.0,0.0,0.0,0.0,0.0,0.0,0.03679991325989485,1.51980963651331e-7,6.163394500767149e-8,-6.1629258041979e-9,9.027251809838936e-8,-1.4299041052509706e-6,6.318247059085129e-11,8.378330968508485e-11,1.087103276720922e-6,7.391601249419988e-12,-7.934646798353038e-9,-2.402004607116008e-5,-0.0001175452717770873,1.8489223779016085e-6,-2.1967219889461877e-6,3.227029704654028e-5,0.000536184054325933,4.2044078595999994e-11,2.5317978964115686e-8,-7.523931114009765e-6,5.040285784180881e-5,-0.008265964201748084,-0.007697141749919159,2.999019911633613e-10,-5.147566384439349e-11,-2.45365452555428e-7,1.4425287266299728e-7,6.437298200001503e-7,-4.1805437889061584e-6,-2.3802105397648303e-8,-2.7962653103307148e-8,0.002087772430564316,-0.007334182306949922,8.685002145528804e-8,-0.013314246793679874,0.00019126040514946363,-3.274253561015887e-9,6.250712056518553e-8,6.575483718705343e-7,-8.805069524346726e-5,0.001409970170809912,5.379956515285345e-5,-9.040084670559381e-7,2.2668103879415405e-8,-2.3159816472913602e-6,-2.445135963922075e-7,8.998620727135278e-11,0.000144320964489403,-1.898858865256862e-9,-0.00027073463972892864,-3.2086021022007518e-9,-4.9608345115790266e-11,-0.00011781280836443419,0.00012192622930583625,0.00019719905483910643,-0.0003027197592446847,-0.00016992830956441988,0.006852714105691548,8.468737248651017e-9,2.364564969525057e-6,-1.664382888531718e-5,1.5240609128557886e-5,-0.009128754596340681,6.316195278953554e-6,-5.282522466842142e-5,-0.0010012487319001181,7.689667312870753e-7,-0.004263163352405984,1.0461775268046817e-9,5.531240510221016e-5,1.3476246385133098e-6,4.0825262609081023e-10,8.443647298589929e-6,-9.830811032204333e-9,0.00039965323104497805,-2.5894857040535456e-11,1.979768275371472e-9,4.095420064195381e-6,3.569990827030517e-5,-6.728438395605248e-7,-9.33295511268274e-10,1.335145616181717e-9,1.5596141714400064e-7,1.1797180306369279e-5,5.201325932220936e-6,2.2286783104242392e-6,-3.708543417678671e-5,-1.545657095301617e-10,0.00015539578410339984,1.0322010884102206e-7,2.804661100154531e-6,1.268446990827635e-5,8.691631731396825e-5,-4.618050719823771e-8,1.7690681001693738e-6,0.004821455169773128,0.0006368668188341297,4.664470814197338e-8,-3.8216018576623936e-6,0.00016914803387376416,1.5679941794842444e-7,-1.4007816483308589e-5,-8.968980817125695e-5,2.735853896072298e-6,-3.115672471147453e-10,0.0007024671838714861,-7.115260704224845e-6,1.8632359572031982e-7,-1.8522853952706413e-5,0.0009384275635485039,4.5161904657664653e-7,1.2748492580398262e-6,-1.3973195388451346e-9,2.1261372209585e-10,-0.0036330444186766756,-0.004375957213926644,-0.0004230568737072807,3.214060728993959e-8,-1.8616356917834684e-9,0.0003088149835860587,-1.5522927480374601e-10,-1.655147858976184e-6,2.9529439557102e-8,-3.466107977409884e-9,1.4447322769062868e-5,6.847426057820874e-8,-0.00029497885783787164,-0.0018301251509639613,4.8099359426041354e-5,-1.2973684439505422e-10,1.8293943950873906e-6,8.612016212966609e-5,-0.0004048372612896945,4.5878754615708293e-7,7.444522079655632e-7,-2.3010363923682268e-5,-1.612549898976033e-5,1.914968724414058e-11,3.944525566073448e-11,-1.2949491897411091e-11,0.0015264339475155092,5.842578536616791e-10,-0.0025170908420110464,-0.00015246772758849275,-0.0006358437498458227,2.0243627195124206e-6,4.362641426020615e-5,-6.109064440854079e-6,1.5998885368045954e-11,-0.0026975030952029297,-0.0006230769328422724,0.00041959102548508434,9.032225490647179e-6,-9.883433913145913e-7,-9.258538789325899e-6,5.079912372481003e-11,0.0003978684285735984,2.834353859493163e-7,0.0005999234415567956,4.573821004131159e-7,-1.9259395236843933e-6,-9.077972258274128e-8,-0.0011139419986001618,8.004145325429117e-10,-0.010132355703587987,-9.057171461851068e-6,6.08686887444735e-9,3.976783604093494e-5,-1.1181649860067538e-6,0.0002255182772377737,3.479850962170419e-5,1.829359168100311e-7,-1.4413905322677527e-9,2.331156630399103e-5,-0.0020127311191326038,-2.85542827060407e-8,7.5107926112372e-9,1.5036775892079952e-9,-4.250343288715575e-6,-2.8794678775657503e-5,-1.7997936370832428e-7,-9.260414596022747e-9,-1.3691715182135603e-6,-3.8363709841252076e-6,2.714207954124442e-6,-6.429494699926918e-7,-8.833302289611782e-8,-2.686725936619027e-9,-0.0014057519881039507,-0.0001911405568231147,2.590996762934743e-9,1.7561973120861896e-5,1.4245333211744866e-5,0.004160363936912341,-0.002729231025112557,-8.342801521609342e-10,2.0443626388385095e-10,5.228989746702566e-5,0.012535477132649754,-0.00012973242247637146,5.719071186419602e-8,-0.00021667163361759176,-0.00015128959993321317,-2.9857252326399676e-5,1.390373749235428e-7,-1.846022138261186e-7,2.6031715376290235e-6,4.582072856308835e-5,0.0018146999311798328,0.0014323360252541798,0.0011503284049638634,-0.0006827485141185423,-1.6498972099263863e-9,-4.50608020188116e-10,5.816303387852155e-7,-0.0012566367064794383,2.1387250082739044e-12
0.0,0.0,0.0,0.0,0.0,0.0,0.0,0.0,0.0,0.0,0.0,0.0,0.0,0.0,0.0,0.0,0.0,0.0,0.0,0.0,0.0,0.0,0.0,0.0,0.0,0.0,0.0,0.0,0.0,0.0,0.0,0.0,0.0,0.0,0.0,0.0,0.0,0.0,0.0,0.0,0.0,0.0,0.0,0.0,0.0,0.0,0.0,0.0,0.0,0.0,0.0,0.0,0.0,0.0,0.0,0.0,0.0,0.0,0.0,0.0,0.0,0.0,0.0,0.0,0.0,0.0,0.0,0.0,0.0,0.0,0.0,0.0,0.0,0.0,0.0,0.0,0.0,0.0,0.0,0.0,0.0,0.0,0.0,0.0,0.0,0.0,0.0,0.0,0.0,0.0,0.0,0.0,0.0,0.0,0.0,0.0,0.0,0.0,0.0,0.0,0.0,0.0,0.0,0.0,0.0,0.0,0.0,0.0,0.0,0.0,0.0,0.0,0.0,0.0,0.0,0.0,0.0,0.0,0.0,0.0,0.0,0.0,0.0,0.0,0.0,0.0,0.0,0.0,0.0,0.0,0.0,0.0,0.0,0.0,0.0,0.0,0.0,0.0,0.0,0.0,0.0,0.0,0.0,0.0,0.0,0.0,0.0,0.0,0.0,0.0,0.0,0.0,0.0,0.0,0.0,0.0,0.0,0.0,0.0,0.0,0.0,0.0,0.0,0.0,0.0,0.0,0.0,0.0,0.0,0.0,0.0,0.0,0.0,0.0,0.0,0.0,0.0,0.0,0.0,0.0,0.0,0.0,0.0,0.0,0.0,0.0,0.0,0.0,0.0,0.0,0.0,0.0,0.0,0.0,0.0,0.0,0.0,0.0,0.0,0.0,0.0,0.0,0.0,0.0,0.0,0.0,0.0,0.0,0.0,0.0,0.0,0.0,0.0,0.0,0.0,0.0,0.0,0.0,0.0,0.0,0.0,0.0,0.0,0.0,0.0,0.0,0.0,0.0,0.0,0.0,0.0,0.0,0.0,0.0,0.0,0.0,0.0,0.0,0.0,0.0,0.0,0.0,0.0,0.0,0.0,0.0,0.0,0.0,0.0,0.0,0.0,0.0,0.0,0.0,0.0,0.0,0.0,0.0,0.0,0.0,0.0,0.0,0.0,0.0,0.0,0.0,0.0,0.0,0.0,0.0,0.0,0.0,0.0,0.0,0.0,0.0,0.0,0.0,0.0,0.0,0.0,0.0,0.0,0.0,0.0,0.0,0.0,0.0,0.0,0.0,0.0,0.0,0.0,0.0,0.0,0.0,0.0,0.0,0.0,0.0,0.0,0.0,0.0,0.0,0.0,0.0,0.0,0.0,0.0,0.0,0.0,0.0,0.0,0.0,0.0,0.0,0.0,0.0,0.0,0.0,0.0,0.0,0.0,0.0,0.0,0.0,0.0,0.0,0.0,0.0,0.0,0.0,0.0,0.0,0.0,0.0,0.0,0.0,0.0,0.0,0.0,0.0,0.0,0.0,0.0,0.0,0.0,0.0,0.0,0.0,0.0,0.0,0.0,0.0,0.0,0.0,0.0,0.0,0.0,0.0,0.0,0.0,0.0,0.0,0.0,0.0,0.0,0.0,0.0,0.0,0.0,0.0,0.0,0.0,0.0,0.0,0.0,0.0,0.0,0.0,0.0,0.0,0.0,0.0,0.0,0.0,0.0,0.0,0.0,0.0,0.0,0.0,0.0,0.0,0.0,0.0,0.0,0.0,0.0,0.0,0.0,0.0,0.0,0.0,0.0,0.0,0.0,0.0,0.0,0.0,0.0,0.0,0.0,0.0,0.0,0.0,0.0,0.0,0.0,0.0,0.0,0.0,0.0,0.0,0.0,0.0,0.0,0.0,0.0,0.0,0.0,0.0,0.0,0.0,0.0,0.0,0.0,0.0,0.0,0.0,0.0,0.0,0.0,0.0,0.0,0.0,0.0,0.0,0.0,0.0,0.0,0.0,0.0,0.0,0.0,0.0,0.0,0.0,0.0,0.0,0.0,0.0,0.0,0.0,0.0,0.0,0.0,0.0,0.0,0.0,0.0,0.0,0.0,0.0,0.0,0.0,0.0,0.0,0.0,0.0,0.0,0.0,0.0,0.0,0.0,0.0,0.0,0.0,0.0,0.0,0.0,0.0,0.0,0.0,0.0,0.0,0.0,0.0,0.0,0.0,0.0,0.0,0.0,0.0,0.0,0.0,0.0,0.0,0.0,0.0,0.0,0.0,0.0,0.0,0.0,0.0,0.0,0.0,0.0,0.0,0.0,0.0,0.0,0.0,0.0,0.0,0.0,0.0,0.0,0.0,0.0,0.0,0.0,0.0,0.0,0.0,0.0,0.0,0.0,0.0,0.0,0.0,0.0,0.0,0.0,0.0,0.0,0.0,0.0,0.0,0.0,0.0,0.0,0.0,0.0,0.0,0.0,0.0,0.0,0.0,0.0,0.0,0.0,0.0,0.0,0.0,0.0,0.0,0.0,0.0,0.0,0.0,0.0,0.0,0.0,0.0,0.0,0.0,0.0,0.0,0.0,0.0,0.0,0.03675611988670038,0.005747833508003164,0.00020065169613399953,5.8636541635692315e-12,1.1598563048990446e-9,-3.3185779537066443e-6,-2.229786232613833e-5,0.000752886471885856,3.713056785570562e-6,-0.0024209777629461216,-8.79547191543178e-5,-7.219685352056293e-5,0.00044542982542417937,0.0009403585836547413,6.90604838931983e-9,-1.878805913319091e-5,3.899396787550756e-6,1.0769625804116885e-11,0.00014068839942416364,-1.0925156652951642e-5,-2.775051120324919e-7,-2.444076527354946e-7,-3.284438942171514e-6,3.387200816681619e-6,3.90204174293018e-12,-4.196157603108084e-11,1.1522166264703594e-11,-0.000117115246004237,-0.0005535802980620766,-0.002132080494488706,1.827150012134996e-8,-4.238024851260902e-7,-5.202664089236653e-12,-1.6601576826426917e-7,-1.0974088239273523e-8,0.0007480829491846499,4.026520383351481e-13,0.0014138091767337236,-2.412113640013322e-5,5.758634476189908e-6,-9.733607031137755e-9,-0.0025016340454884108,0.00617966379144614,0.0008743345725331411,1.3205588936400394e-10,2.3421664759380977e-6,-2.2900316521659306e-9,0.0004227341930029745,-9.734182524150627e-9,-1.2929035061526839e-5,-8.01022584901303e-7,-4.346389934736868e-9,-5.4304584356019553e-5,-1.1490431002056986e-7,-1.809547931350008e-8,4.79207568826252e-6,-2.506266715977088e-7,4.86999280088125e-5,3.6611337869288416e-11,-8.56645164624843e-10,0.00022829583564710137,-3.061802162603267e-8,-1.1900799230063455e-9,2.2821579960675263e-5,1.967457110244302e-8,0.0001405420045571205,-7.486396360852244e-7,-1.797307765494467e-5,-1.534509895524368e-5,-1.930422168988155e-12,-9.879631946567888e-6,-3.033111186103535e-10,1.5394331320076117e-11,1.1407581255038302e-6,8.917504967741781e-6,-0.00012233962812339377,2.2189809630142264e-10,-6.147979303811505e-10,-0.0013764880334465417,9.192036892735832e-5,4.795605656895271e-5,0.00296950196730393,-3.5559519867222366e-5,-1.257559485350989e-10,3.6752545833827637e-5,-1.3489817996340288e-9,2.7506975168024274e-6,4.106533987869553e-6,-0.007216617986860547,0.0003464921517592309,-4.275022976037274e-10,2.2390862875014717e-7,-0.0018635120537978274,0.00011080089800628919,-1.1063172977905852e-7,-9.382001071377081e-7,-7.627990346488018e-6,-1.6675985613955304e-10,1.1728242744224142e-8,-0.00407318280021308,-0.00010975038612361087,-9.002221361456337e-5,1.0336349284096958e-5,-6.1941040275273975e-6,1.8787106144324434e-8,-0.0001585487772171645,-7.81088886196028e-12,4.5355119113794344e-11,-5.352348792571903e-7,4.061093422303108e-11,-0.00011190403478278512,3.7394144903128045e-5,7.529935193891956e-6,-1.5639592157629505e-8,9.432146335838296e-7,-9.55222182025331e-9,6.209404741231661e-12,-0.0001778201641942254,6.154902553733069e-6,3.3096346442424806e-5,-0.00010369203582073614,0.0007916695484620573,-0.0003368659775343042,1.8254105651084282e-10,-0.0010444111763067612,-7.65593335677876e-8,9.155544069397782e-7,7.631694980631887e-9,1.2004433534557241e-5,2.1664988212713494e-10,3.740641824661005e-5,2.5226435762635322e-8,7.068171742083732e-11,2.0406767658963162e-12,-5.228996001068398e-5,5.915030395653394e-5,-1.06546784229137e-6,8.196098928974068e-8,-1.1731182420151688e-6,6.498445709831352e-8,6.867862569285618e-5,1.3919939719181867e-7,-6.233104024267884e-9,3.8963505539652104e-8,7.464099628543743e-11,-1.9239712313830076e-6,1.2659396048860785e-9,-1.0372888733815727e-6,4.970598533004441e-7,-2.672194936691677e-8,8.802354226522605e-6,7.728100273801969e-10,1.1192868914837075e-11,-2.972577132410148e-10,-1.6703169294313833e-6,8.484708966157405e-8,-0.004513208882481054,1.3116189984445383e-5,1.338131942761566e-11,-0.0012174306300872183,-0.001905274111762203,1.2736069044504034e-6,2.37933242080742e-5,-5.852895471305326e-7,2.4666941774518237e-9,0.0004541329055405468,-6.682105752880167e-5,-3.491340079370526e-5,-7.539896407826147e-10,-7.797041679981135e-5,-1.4978221869698876e-11,6.276049023602785e-5,-2.8901549721851274e-5,1.3858408500694195e-7,0.004339471885265154,-3.950285733785916e-12,-0.00019090205158318944,2.0941569789601688e-10,-1.8822520881365068e-10,-7.33269133820915e-12,0.0015031290885501318,-0.005009191473291477,-8.811128207217335e-6,9.37866344406534e-5,-1.4213950752277725e-11,0.0024200606665248942,0.0001304246322753415,4.8528007018332435e-6,1.2872667823436486e-8,9.797447875674399e-5,8.520101738837838e-5,-4.1791086748012216e-5,4.047702875361907e-9,5.99346241078626e-8,-9.16647898972039e-5,1.2328144582314792e-5,2.5890362359094353e-9,2.376666715686585e-7,-1.050664054067734e-5,-0.002687715573361525,-4.960204445341667e-6,3.683844596061195e-9,0.00016337791636090947,-0.0017740842000418951,0.0014704419753803688,6.665123522955708e-11,-1.47900413924981e-9,3.7368280566373746e-8,-4.0371139692592064e-9,-1.0625646092674765e-7,6.893927701484014e-8,6.862759344658329e-5,4.297455200174651e-5,-1.0191057091832694e-11,-1.2074583373448062e-6,5.0042744228893756e-6
0.0,0.0,0.0,0.0,0.0,0.0,0.0,0.0,0.0,0.0,0.0,0.0,0.0,0.0,0.0,0.0,0.0,0.0,0.0,0.0,0.0,0.0,0.0,0.0,0.0,0.0,0.0,0.0,0.0,0.0,0.0,0.0,0.0,0.0,0.0,0.0,0.0,0.0,0.0,0.0,0.0,0.0,0.0,0.0,0.0,0.0,0.0,0.0,0.0,0.0,0.0,0.0,0.0,0.0,0.0,0.0,0.0,0.0,0.0,0.0,0.0,0.0,0.0,0.0,0.0,0.0,0.0,0.0,0.0,0.0,0.0,0.0,0.0,0.0,0.0,0.0,0.0,0.0,0.0,0.0,0.0,0.0,0.0,0.0,0.0,0.0,0.0,0.0,0.0,0.0,0.0,0.0,0.0,0.0,0.0,0.0,0.0,0.0,0.0,0.0,0.0,0.0,0.0,0.0,0.0,0.0,0.0,0.0,0.0,0.0,0.0,0.0,0.0,0.0,0.0,0.0,0.0,0.0,0.0,0.0,0.0,0.0,0.0,0.0,0.0,0.0,0.0,0.0,0.0,0.0,0.0,0.0,0.0,0.0,0.0,0.0,0.0,0.0,0.0,0.0,0.0,0.0,0.0,0.0,0.0,0.0,0.0,0.0,0.0,0.0,0.0,0.0,0.0,0.0,0.0,0.0,0.0,0.0,0.0,0.0,0.0,0.0,0.0,0.0,0.0,0.0,0.0,0.0,0.0,0.0,0.0,0.0,0.0,0.0,0.0,0.0,0.0,0.0,0.0,0.0,0.0,0.0,0.0,0.0,0.0,0.0,0.0,0.0,0.0,0.0,0.0,0.0,0.0,0.0,0.0,0.0,0.0,0.0,0.0,0.0,0.0,0.0,0.0,0.0,0.0,0.0,0.0,0.0,0.0,0.0,0.0,0.0,0.0,0.0,0.0,0.0,0.0,0.0,0.0,0.0,0.0,0.0,0.0,0.0,0.0,0.0,0.0,0.0,0.0,0.0,0.0,0.0,0.0,0.0,0.0,0.0,0.0,0.0,0.0,0.0,0.0,0.0,0.0,0.0,0.0,0.0,0.0,0.0,0.0,0.0,0.0,0.0,0.0,0.0,0.0,0.0,0.0,0.0,0.0,0.0,0.0,0.0,0.0,0.0,0.0,0.0,0.0,0.0,0.0,0.0,0.0,0.0,0.0,0.0,0.0,0.0,0.0,0.0,0.0,0.0,0.0,0.0,0.0,0.0,0.0,0.0,0.0,0.0,0.0,0.0,0.0,0.0,0.0,0.0,0.0,0.0,0.0,0.0,0.0,0.0,0.0,0.0,0.0,0.0,0.0,0.0,0.0,0.0,0.0,0.0,0.0,0.0,0.0,0.0,0.0,0.0,0.0,0.0,0.0,0.0,0.0,0.0,0.0,0.0,0.0,0.0,0.0,0.0,0.0,0.0,0.0,0.0,0.0,0.0,0.0,0.0,0.0,0.0,0.0,0.0,0.0,0.0,0.0,0.0,0.0,0.0,0.0,0.0,0.0,0.0,0.0,0.0,0.0,0.0,0.0,0.0,0.0,0.0,0.0,0.0,0.0,0.0,0.0,0.0,0.0,0.0,0.0,0.0,0.0,0.0,0.0,0.0,0.0,0.0,0.0,0.0,0.0,0.0,0.0,0.0,0.0,0.0,0.0,0.0,0.0,0.0,0.0,0.0,0.0,0.0,0.0,0.0,0.0,0.0,0.0,0.0,0.0,0.0,0.0,0.0,0.0,0.0,0.0,0.0,0.0,0.0,0.0,0.0,0.0,0.0,0.0,0.0,0.0,0.0,0.0,0.0,0.0,0.0,0.0,0.0,0.0,0.0,0.0,0.0,0.0,0.0,0.0,0.0,0.0,0.0,0.0,0.0,0.0,0.0,0.0,0.0,0.0,0.0,0.0,0.0,0.0,0.0,0.0,0.0,0.0,0.0,0.0,0.0,0.0,0.0,0.0,0.0,0.0,0.0,0.0,0.0,0.0,0.0,0.0,0.0,0.0,0.0,0.0,0.0,0.0,0.0,0.0,0.0,0.0,0.0,0.0,0.0,0.0,0.0,0.0,0.0,0.0,0.0,0.0,0.0,0.0,0.0,0.0,0.0,0.0,0.0,0.0,0.0,0.0,0.0,0.0,0.0,0.0,0.0,0.0,0.0,0.0,0.0,0.0,0.0,0.0,0.0,0.0,0.0,0.0,0.0,0.0,0.0,0.0,0.0,0.0,0.0,0.0,0.0,0.0,0.0,0.0,0.0,0.0,0.0,0.0,0.0,0.0,0.0,0.0,0.0,0.0,0.0,0.0,0.0,0.0,0.0,0.0,0.0,0.0,0.0,0.0,0.0,0.0,0.0,0.0,0.0,0.0,0.0,0.0,0.0,0.0,0.0,0.0,0.0,0.0,0.0,0.0,0.0,0.0,0.0,0.0,0.0,0.0,0.0,0.0,0.0,0.0,0.0,0.0,0.0,0.0,0.0,0.0,0.0,0.0,0.0,0.0,0.0,0.0,0.0,0.0,0.0,0.0,0.0,0.0,0.0,0.0,0.0,0.04252352357472956,-0.002451112802539345,1.9182675876654146e-12,-9.900621739276332e-10,-1.9199666165005192e-7,-2.0523873178081306e-5,-0.00011050248304468869,1.832834316753827e-5,-0.0006521126126083247,0.0001941399241159917,-7.329317675180467e-5,-6.291900844708412e-5,5.798268676070498e-5,-6.336528856173823e-10,8.803717866938367e-6,1.1610537566379818e-5,-3.679398329979634e-12,-4.075942855844409e-5,-1.1180534374744199e-6,2.413926984361557e-7,-1.4313985776620761e-8,-1.2047649628659653e-5,1.013092180222188e-5,-2.0889795511801513e-12,2.8647734379478563e-11,-9.281550677151944e-13,-3.6097875316081895e-5,0.0018627426331731577,0.003576244240754256,1.8995065157051075e-8,1.7201155077018358e-7,2.0870986488447562e-13,-2.1001093940336297e-8,1.9805298953264125e-9,0.0007184057543219709,1.2825404567580932e-12,0.0002956523693535543,-4.850670876287215e-6,8.353874851484391e-8,4.097933628377696e-9,-0.0004877973467934901,-0.00654560503509035,-7.537910340056045e-5,-5.099914534996246e-11,8.723749657006144e-6,8.320674792466909e-10,-0.00022072534690676163,2.880889656217337e-9,-0.0008585244842016982,-7.717683716933594e-7,3.5128914733165744e-9,1.305029971222775e-5,-5.007916549133848e-9,-4.873506349463051e-9,4.277941784666971e-7,1.0969648623882198e-7,0.0006403469343794089,-4.704904030544297e-11,2.6403441816704227e-10,0.00011797681396659318,-1.7666243750115046e-8,6.417956032433626e-10,-1.0248143141936112e-5,-5.663564388767832e-9,0.0036891282362200087,-5.778940673815903e-7,4.155627677293782e-5,-2.8681925858247374e-5,-4.076530280217368e-13,1.595737056698793e-5,-4.368877537361321e-11,1.7975975361626677e-13,-1.801072094546037e-6,7.620711133772875e-5,0.00019992256677704438,-1.9130196960716715e-11,-4.914046657919762e-11,0.0009042496973069192,-0.00016463876957570236,-0.0006675301076112228,-0.0036135751112891675,0.00012614905197807114,4.413149298114925e-11,2.0255005058578936e-6,1.8651956355604394e-10,-6.092638203025543e-6,2.9207828173226783e-6,-0.0006894240912553661,1.4682687497562175e-5,8.025046825183071e-11,6.22153117194383e-8,-0.009569114586497627,1.1143158928400195e-5,-1.888020255589981e-8,-1.073530328242868e-7,0.00048029640732465313,2.0027121399544304e-11,-5.465354101889105e-10,0.006057382788805029,-0.00013374676545478424,1.2416614663631126e-5,-5.442906730574401e-5,5.09387612566931e-5,-1.3731424922820124e-8,6.524535031315007e-5,2.5357585819372052e-12,2.40702519525022e-10,1.5759983747414146e-7,-6.629190029813688e-12,1.116837989324274e-5,0.00021065344444756514,1.579509634827554e-6,5.846045598071428e-9,1.9771909250255078e-7,3.134737511212803e-9,-5.746272262526478e-13,0.00017361926699853888,-1.6518407208567079e-6,7.957345359557586e-5,0.00010653560419942347,0.000505261811859808,0.0008969181376430553,-4.704881782336781e-10,0.011180849110235919,1.0547570136059984e-8,-2.56399475578443e-8,4.793305323646017e-10,2.981888139243273e-5,-3.6210799722683906e-11,-2.639136773512248e-5,-6.517751056267177e-9,-1.562316802374423e-11,2.946297016220123e-11,6.22362611957934e-5,-3.946971821879303e-5,-1.3024103810413522e-5,-9.869988638979893e-6,-4.058954209764948e-6,-1.307771017461224e-8,4.7458858478062786e-5,-9.278942311209916e-8,9.946487419441082e-10,-1.1013457165164805e-8,-1.842581615563206e-11,-2.471796075486288e-6,5.330272696250717e-11,-7.5544266672561134e-6,-7.211782396393563e-8,2.139792558515699e-9,-1.7761161220006489e-6,-1.2195078885747372e-10,2.1288631797073826e-11,-5.755410774677572e-12,-4.1707730252873476e-5,-3.1543693922757024e-8,0.009036711900804463,-1.9887023712198274e-6,-6.5755554039046646e-12,-0.0004342423235943959,0.0007965821799500157,-7.793797261899836e-7,6.512402928049933e-5,-1.1113556989402e-8,-4.6152829937342794e-10,0.0024412241469614036,1.0904026991866548e-6,8.858196725856511e-5,-2.2701147395501607e-9,3.952652708585996e-5,4.996697339286111e-12,0.00049328385219769,8.81120875955174e-5,5.712864834738406e-8,-0.0016487984442716997,-5.236648775014412e-12,-0.00021764045444460826,-4.2711521071970574e-11,-8.238629085027763e-10,-3.2365907555560034e-13,0.003308197266767963,-0.0018425678867875185,4.899918757346382e-5,3.267478484220988e-5,4.204383283356468e-13,-0.0010402554036484813,0.0008356168011857228,-5.558526464726858e-7,-4.853644113710364e-9,-3.175438285883688e-5,-4.500399116237756e-5,4.38391535766681e-5,-2.1448681397270066e-8,-1.9450749056998507e-8,-4.02641217905309e-5,3.855361338024653e-5,-7.963204828476087e-10,-2.7304075172049244e-8,-5.408101371153007e-6,0.000962371259448384,-1.0228911387485176e-5,-6.96805088953544e-10,-4.040990293418513e-5,-0.0020834353758399557,0.0014389715249126386,3.467899756021423e-11,2.2562845617454993e-10,-4.884470858910436e-8,1.928485811960124e-9,5.2188471847912953e-8,-1.4583233266286372e-8,0.0002532708167294463,0.0002327040590757267,-1.001922317645228e-11,-1.5181408634002985e-6,7.752623389595959e-6
0.0,0.0,0.0,0.0,0.0,0.0,0.0,0.0,0.0,0.0,0.0,0.0,0.0,0.0,0.0,0.0,0.0,0.0,0.0,0.0,0.0,0.0,0.0,0.0,0.0,0.0,0.0,0.0,0.0,0.0,0.0,0.0,0.0,0.0,0.0,0.0,0.0,0.0,0.0,0.0,0.0,0.0,0.0,0.0,0.0,0.0,0.0,0.0,0.0,0.0,0.0,0.0,0.0,0.0,0.0,0.0,0.0,0.0,0.0,0.0,0.0,0.0,0.0,0.0,0.0,0.0,0.0,0.0,0.0,0.0,0.0,0.0,0.0,0.0,0.0,0.0,0.0,0.0,0.0,0.0,0.0,0.0,0.0,0.0,0.0,0.0,0.0,0.0,0.0,0.0,0.0,0.0,0.0,0.0,0.0,0.0,0.0,0.0,0.0,0.0,0.0,0.0,0.0,0.0,0.0,0.0,0.0,0.0,0.0,0.0,0.0,0.0,0.0,0.0,0.0,0.0,0.0,0.0,0.0,0.0,0.0,0.0,0.0,0.0,0.0,0.0,0.0,0.0,0.0,0.0,0.0,0.0,0.0,0.0,0.0,0.0,0.0,0.0,0.0,0.0,0.0,0.0,0.0,0.0,0.0,0.0,0.0,0.0,0.0,0.0,0.0,0.0,0.0,0.0,0.0,0.0,0.0,0.0,0.0,0.0,0.0,0.0,0.0,0.0,0.0,0.0,0.0,0.0,0.0,0.0,0.0,0.0,0.0,0.0,0.0,0.0,0.0,0.0,0.0,0.0,0.0,0.0,0.0,0.0,0.0,0.0,0.0,0.0,0.0,0.0,0.0,0.0,0.0,0.0,0.0,0.0,0.0,0.0,0.0,0.0,0.0,0.0,0.0,0.0,0.0,0.0,0.0,0.0,0.0,0.0,0.0,0.0,0.0,0.0,0.0,0.0,0.0,0.0,0.0,0.0,0.0,0.0,0.0,0.0,0.0,0.0,0.0,0.0,0.0,0.0,0.0,0.0,0.0,0.0,0.0,0.0,0.0,0.0,0.0,0.0,0.0,0.0,0.0,0.0,0.0,0.0,0.0,0.0,0.0,0.0,0.0,0.0,0.0,0.0,0.0,0.0,0.0,0.0,0.0,0.0,0.0,0.0,0.0,0.0,0.0,0.0,0.0,0.0,0.0,0.0,0.0,0.0,0.0,0.0,0.0,0.0,0.0,0.0,0.0,0.0,0.0,0.0,0.0,0.0,0.0,0.0,0.0,0.0,0.0,0.0,0.0,0.0,0.0,0.0,0.0,0.0,0.0,0.0,0.0,0.0,0.0,0.0,0.0,0.0,0.0,0.0,0.0,0.0,0.0,0.0,0.0,0.0,0.0,0.0,0.0,0.0,0.0,0.0,0.0,0.0,0.0,0.0,0.0,0.0,0.0,0.0,0.0,0.0,0.0,0.0,0.0,0.0,0.0,0.0,0.0,0.0,0.0,0.0,0.0,0.0,0.0,0.0,0.0,0.0,0.0,0.0,0.0,0.0,0.0,0.0,0.0,0.0,0.0,0.0,0.0,0.0,0.0,0.0,0.0,0.0,0.0,0.0,0.0,0.0,0.0,0.0,0.0,0.0,0.0,0.0,0.0,0.0,0.0,0.0,0.0,0.0,0.0,0.0,0.0,0.0,0.0,0.0,0.0,0.0,0.0,0.0,0.0,0.0,0.0,0.0,0.0,0.0,0.0,0.0,0.0,0.0,0.0,0.0,0.0,0.0,0.0,0.0,0.0,0.0,0.0,0.0,0.0,0.0,0.0,0.0,0.0,0.0,0.0,0.0,0.0,0.0,0.0,0.0,0.0,0.0,0.0,0.0,0.0,0.0,0.0,0.0,0.0,0.0,0.0,0.0,0.0,0.0,0.0,0.0,0.0,0.0,0.0,0.0,0.0,0.0,0.0,0.0,0.0,0.0,0.0,0.0,0.0,0.0,0.0,0.0,0.0,0.0,0.0,0.0,0.0,0.0,0.0,0.0,0.0,0.0,0.0,0.0,0.0,0.0,0.0,0.0,0.0,0.0,0.0,0.0,0.0,0.0,0.0,0.0,0.0,0.0,0.0,0.0,0.0,0.0,0.0,0.0,0.0,0.0,0.0,0.0,0.0,0.0,0.0,0.0,0.0,0.0,0.0,0.0,0.0,0.0,0.0,0.0,0.0,0.0,0.0,0.0,0.0,0.0,0.0,0.0,0.0,0.0,0.0,0.0,0.0,0.0,0.0,0.0,0.0,0.0,0.0,0.0,0.0,0.0,0.0,0.0,0.0,0.0,0.0,0.0,0.0,0.0,0.0,0.0,0.0,0.0,0.0,0.0,0.0,0.0,0.0,0.0,0.0,0.0,0.0,0.0,0.0,0.0,0.0,0.0,0.0,0.0,0.0,0.0,0.0,0.0,0.0,0.0,0.0,0.0,0.0,0.0,0.0,0.0,0.0,0.0,0.0,0.0,0.0,0.0,0.0,0.0,0.0,0.0,0.0,0.0,0.0,0.0,0.0,0.0,0.0,0.0,0.0,0.0,0.0,0.0,0.0,0.0,0.0,0.033139827500159265,2.546081247257397e-13,8.308772104041372e-11,-7.454791139080023e-6,-0.0007501468628060352,1.2813941904365317e-5,-3.5165038474776057e-6,-0.004780248386550992,-1.1892562127207455e-5,1.4134830744967456e-6,0.00017575807170500086,-3.042051249777888e-5,-4.657368544125556e-10,-1.5302271886681319e-6,6.123959634475957e-5,-5.796789532095086e-13,-8.462418650741644e-6,9.085265083875156e-8,1.2989208221392962e-8,2.10281722827608e-9,-0.0002966003105247483,-1.9587443012307147e-5,-7.258337179730794e-13,5.166757116170349e-12,-6.03288315027119e-13,-2.8608659594250486e-6,-0.007972881883935976,0.0010246047852526228,3.291693001372733e-9,3.083819485037441e-8,-2.967048498425562e-13,3.039851369610443e-9,5.107557674430002e-10,0.0012257981505898459,3.7263186828840087e-13,-0.00018013030858256428,-1.9820377038635243e-8,-6.570883407615295e-7,3.0397632561329635e-10,0.00023075673710537648,6.003869979736198e-5,-0.00017334227290763965,-9.684251101028614e-12,1.7113861380068534e-5,9.186341737188144e-11,-0.0005280499164749889,-3.583041211280102e-10,2.1415044610751834e-5,1.9773121446675364e-5,8.009092244956725e-11,9.268000778632761e-7,-2.136598266504956e-9,-1.2721640678428608e-9,-2.4427542246824276e-7,8.033296902795036e-8,-0.0103155357916573,-4.73184269598628e-12,6.4734810962574e-11,-5.544677623144209e-5,1.4391962280378216e-8,3.11541366807437e-11,-1.6641322312932822e-6,-1.2326176964033053e-9,-0.00044756104734214834,8.291560978134067e-8,-0.00038784647959120926,-3.6477473333902026e-6,8.067260657108471e-13,-0.00011807802839173562,-4.624735414036827e-12,-3.3742996914560104e-13,3.5293832650808546e-7,0.00035862762531260316,-0.0011119796042688352,8.565572698483331e-13,2.9221789795884753e-11,0.00019647977688378053,0.0009573576872380149,-0.0005518720031784697,-1.756663639507387e-5,1.0727152763710582e-5,8.382083600020675e-12,-8.944125649856894e-7,9.498026965180883e-11,0.00024167155498117188,1.0441973998878814e-7,-0.00034424921377043433,-7.651055771495877e-5,2.6347309294520474e-11,1.8728739735186457e-8,0.00429678810109959,3.874307588816034e-5,-1.014373447024069e-8,2.658021082222458e-8,-0.0029355239537010237,4.269988822576848e-12,-6.29929163240013e-10,0.0003788729830524781,-1.933832182347745e-6,2.3750920979916566e-6,1.4314627811960292e-5,0.0007114697724136227,2.1047494087217992e-10,-1.3565954330089884e-5,3.107033231384217e-13,-3.082062815737225e-11,3.186307760977077e-9,-1.0660265379396423e-12,5.700724836505939e-7,0.0001173647306522923,6.324102791775322e-6,1.4564000085355401e-9,-8.707672576458775e-9,6.836869531046424e-10,-1.7879349687118177e-13,-0.001030387176469953,1.6883504125329134e-7,-0.0002660771872598157,2.9070303394965273e-5,-0.0005864935439508259,0.0005158836798892778,-4.2762759295576267e-11,0.0013675217715525697,2.548755083540451e-9,-1.1241382396184748e-8,-5.158804078193504e-10,-5.273533602124398e-5,-2.605674932341036e-11,-1.0017182428829655e-6,-5.022585188939988e-10,-2.025706629778229e-12,2.321537646564046e-13,1.6334703951963693e-5,-2.5696625705892026e-6,7.902621913975033e-5,-1.3506493142311904e-5,-4.832372788356994e-5,-3.999979317118339e-9,-0.0006827765784964628,2.8583608048259196e-8,1.679892686734074e-10,-9.340486316113658e-10,-5.9689394991225075e-12,-6.987990981638697e-8,-9.922332276498561e-11,2.1233021003213662e-5,-1.9702641288932602e-8,1.8004824824414298e-9,2.3510092607570934e-7,-4.8440678110056116e-11,-6.8214523010780315e-12,9.809885484427443e-12,6.129963179109627e-5,-1.6551022652120756e-10,-8.880135584013586e-5,-7.234979815365367e-7,-1.28457745803873e-12,-7.832913657055417e-5,0.004071581254612921,-1.3836677748192537e-8,-5.696155653054127e-5,-2.6594563075042696e-8,-1.3505757601650607e-10,3.0785726156327334e-5,-1.6148075667514676e-6,-1.6561299121147556e-5,5.511250339807438e-10,8.241663904633705e-7,9.946074870291168e-13,-0.000499950449547795,-4.587962480564446e-6,-2.914591522328643e-9,-0.0011368194806104983,6.14039828256192e-12,-0.0026707737549891814,-5.650798349514005e-12,-2.3070629210773067e-11,3.857698954366433e-13,-0.0007776816082281281,0.00015527225972406552,1.0295044970928954e-5,-5.842385241843483e-6,1.2940977151077327e-12,0.0017097034753299507,-0.0017737002481611906,-4.096404891566303e-7,-9.326075917889857e-10,-0.001952529012280102,-5.407284609630747e-7,7.019362255386174e-6,1.3073690408889357e-9,-3.6106736620389593e-9,0.0011314974809480437,-0.00011385665935629851,4.314806494050798e-11,-6.360073184481934e-9,1.6256122140952272e-7,-0.0009045574203298608,-1.263658692332174e-6,1.0790926843846958e-10,-7.627206678765324e-6,0.0003731033861492554,0.0002219079204303927,-7.943749024976241e-13,9.929725479746092e-11,-7.554896343574747e-9,-1.2836722977194127e-10,6.015799966215329e-9,9.36272008586327e-10,-0.0009514793524641507,0.00010677087518737767,-4.965618400616639e-13,-1.1576676932779495e-7,-6.5613177678475724e-6
0.0,0.0,0.0,0.0,0.0,0.0,0.0,0.0,0.0,0.0,0.0,0.0,0.0,0.0,0.0,0.0,0.0,0.0,0.0,0.0,0.0,0.0,0.0,0.0,0.0,0.0,0.0,0.0,0.0,0.0,0.0,0.0,0.0,0.0,0.0,0.0,0.0,0.0,0.0,0.0,0.0,0.0,0.0,0.0,0.0,0.0,0.0,0.0,0.0,0.0,0.0,0.0,0.0,0.0,0.0,0.0,0.0,0.0,0.0,0.0,0.0,0.0,0.0,0.0,0.0,0.0,0.0,0.0,0.0,0.0,0.0,0.0,0.0,0.0,0.0,0.0,0.0,0.0,0.0,0.0,0.0,0.0,0.0,0.0,0.0,0.0,0.0,0.0,0.0,0.0,0.0,0.0,0.0,0.0,0.0,0.0,0.0,0.0,0.0,0.0,0.0,0.0,0.0,0.0,0.0,0.0,0.0,0.0,0.0,0.0,0.0,0.0,0.0,0.0,0.0,0.0,0.0,0.0,0.0,0.0,0.0,0.0,0.0,0.0,0.0,0.0,0.0,0.0,0.0,0.0,0.0,0.0,0.0,0.0,0.0,0.0,0.0,0.0,0.0,0.0,0.0,0.0,0.0,0.0,0.0,0.0,0.0,0.0,0.0,0.0,0.0,0.0,0.0,0.0,0.0,0.0,0.0,0.0,0.0,0.0,0.0,0.0,0.0,0.0,0.0,0.0,0.0,0.0,0.0,0.0,0.0,0.0,0.0,0.0,0.0,0.0,0.0,0.0,0.0,0.0,0.0,0.0,0.0,0.0,0.0,0.0,0.0,0.0,0.0,0.0,0.0,0.0,0.0,0.0,0.0,0.0,0.0,0.0,0.0,0.0,0.0,0.0,0.0,0.0,0.0,0.0,0.0,0.0,0.0,0.0,0.0,0.0,0.0,0.0,0.0,0.0,0.0,0.0,0.0,0.0,0.0,0.0,0.0,0.0,0.0,0.0,0.0,0.0,0.0,0.0,0.0,0.0,0.0,0.0,0.0,0.0,0.0,0.0,0.0,0.0,0.0,0.0,0.0,0.0,0.0,0.0,0.0,0.0,0.0,0.0,0.0,0.0,0.0,0.0,0.0,0.0,0.0,0.0,0.0,0.0,0.0,0.0,0.0,0.0,0.0,0.0,0.0,0.0,0.0,0.0,0.0,0.0,0.0,0.0,0.0,0.0,0.0,0.0,0.0,0.0,0.0,0.0,0.0,0.0,0.0,0.0,0.0,0.0,0.0,0.0,0.0,0.0,0.0,0.0,0.0,0.0,0.0,0.0,0.0,0.0,0.0,0.0,0.0,0.0,0.0,0.0,0.0,0.0,0.0,0.0,0.0,0.0,0.0,0.0,0.0,0.0,0.0,0.0,0.0,0.0,0.0,0.0,0.0,0.0,0.0,0.0,0.0,0.0,0.0,0.0,0.0,0.0,0.0,0.0,0.0,0.0,0.0,0.0,0.0,0.0,0.0,0.0,0.0,0.0,0.0,0.0,0.0,0.0,0.0,0.0,0.0,0.0,0.0,0.0,0.0,0.0,0.0,0.0,0.0,0.0,0.0,0.0,0.0,0.0,0.0,0.0,0.0,0.0,0.0,0.0,0.0,0.0,0.0,0.0,0.0,0.0,0.0,0.0,0.0,0.0,0.0,0.0,0.0,0.0,0.0,0.0,0.0,0.0,0.0,0.0,0.0,0.0,0.0,0.0,0.0,0.0,0.0,0.0,0.0,0.0,0.0,0.0,0.0,0.0,0.0,0.0,0.0,0.0,0.0,0.0,0.0,0.0,0.0,0.0,0.0,0.0,0.0,0.0,0.0,0.0,0.0,0.0,0.0,0.0,0.0,0.0,0.0,0.0,0.0,0.0,0.0,0.0,0.0,0.0,0.0,0.0,0.0,0.0,0.0,0.0,0.0,0.0,0.0,0.0,0.0,0.0,0.0,0.0,0.0,0.0,0.0,0.0,0.0,0.0,0.0,0.0,0.0,0.0,0.0,0.0,0.0,0.0,0.0,0.0,0.0,0.0,0.0,0.0,0.0,0.0,0.0,0.0,0.0,0.0,0.0,0.0,0.0,0.0,0.0,0.0,0.0,0.0,0.0,0.0,0.0,0.0,0.0,0.0,0.0,0.0,0.0,0.0,0.0,0.0,0.0,0.0,0.0,0.0,0.0,0.0,0.0,0.0,0.0,0.0,0.0,0.0,0.0,0.0,0.0,0.0,0.0,0.0,0.0,0.0,0.0,0.0,0.0,0.0,0.0,0.0,0.0,0.0,0.0,0.0,0.0,0.0,0.0,0.0,0.0,0.0,0.0,0.0,0.0,0.0,0.0,0.0,0.0,0.0,0.0,0.0,0.0,0.0,0.0,0.0,0.0,0.0,0.0,0.0,0.0,0.0,0.0,0.0,0.0,0.0,0.0,0.0,0.0,0.0,0.0,0.0,0.0,0.0,0.0,0.0,0.0,0.0,0.0,0.0,0.0,0.0,0.0,0.0,0.0,0.0,0.0,0.0,0.0,0.0,0.0,0.0,0.0,0.0,0.0,0.0,0.0,0.0,0.027590131916078987,3.0438157397923107e-5,2.84968476630211e-15,4.32325891236311e-14,-3.293345718288711e-10,-2.1512100300812737e-15,1.1016135224842964e-12,-4.1402966744346576e-10,-1.293967409257482e-9,-9.572465550955711e-12,2.2732464553997377e-10,1.2895367565617508e-5,-1.0945390239536494e-8,3.33065573992946e-15,-0.0022982150105083556,1.3839282718589682e-9,4.223042355165142e-9,9.383414373319084e-9,-7.19484411243525e-7,9.364241462374652e-15,-1.1520536234003267e-15,0.000343931354637766,0.00028390813282430264,0.0025859829884821886,-1.7488069113637034e-9,-2.115245075032198e-13,4.511448790546245e-13,-1.721517785848625e-6,-5.455356315220439e-7,-0.006888884038801891,-2.607204728997009e-7,2.4368309668405083e-5,-1.2413557315664566e-12,-0.0026846431684787514,-1.8047209552849674e-11,-1.3571112521630057e-8,-1.3235259763068894e-8,2.9370306168245397e-5,1.47316255835049e-10,2.1335204828012747e-13,-1.498128546562862e-10,0.002556576872966695,7.232068245003266e-16,-2.9271468119792192e-5,-4.591344915130561e-13,-1.0056242960665062e-5,-3.9014006715478707e-13,4.338526097768809e-16,1.5069665530254383e-5,-5.559780642327778e-9,-1.240265430891244e-6,4.3262247241976924e-7,2.2920709793731958e-9,-2.8810473726414628e-8,3.801788342743428e-13,-0.0007637195174803812,0.00011291219543955672,2.3162190953670994e-10,4.958959160619084e-7,1.2514748839777097e-5,-2.8216166718616575e-9,4.990777677317274e-6,-4.534566490580004e-12,2.066762115018775e-7,5.774068220280798e-14,-3.0475282555396778e-9,0.002334560000448005,1.1276561718386763e-14,-0.00011944275011887302,0.00652002724527066,4.1201211841938505e-8,-9.544506354113541e-15,8.297269769516483e-14,0.0002071864902058529,8.404768991086053e-5,-1.2433737794378843e-11,-2.721755427994482e-14,1.6090501473153863e-14,-3.6415312067366825e-12,1.2477802566341922e-10,0.00011142851935042538,8.565378128677428e-10,7.77481824861976e-5,-6.0975990894844065e-15,-2.0199090634623417e-9,2.851858772993524e-13,6.507570656127637e-11,-0.00017940875182161507,-2.999134096613283e-9,1.5523259561455445e-14,1.7451337753912508e-10,2.9208442534558216e-8,-1.375689855653778e-7,1.6673860540301857e-12,-0.00020999859617478413,-2.56273406343474e-5,1.0318752350547949e-11,-9.7095614677021e-10,-6.669898094978033e-11,-1.5358535125425422e-10,-8.762209817036532e-15,8.958490671346579e-7,-1.988963712535059e-10,0.005012313838474722,-0.00014362830184472326,-2.9386606601842667e-7,0.0004259878135910151,-4.874498842293953e-11,-6.79134474603867e-14,5.479117430793485e-15,-1.812880411641824e-7,3.5397646475342386e-8,-6.272808443086015e-6,-0.0041533414395721144,2.7644678503365287e-13,-1.1535794424726825e-8,7.91474743493336e-16,-7.756808673796526e-12,-6.175327131782083e-12,-1.193771811570341e-13,-6.0941655688800196e-5,5.5860275300128845e-12,-8.727353909585526e-7,1.5995452615417727e-6,4.3760824003799155e-5,-1.1558714556142629e-14,-0.00019606191450908923,3.6842708084536915e-9,-1.3428425650705456e-6,-0.0002773220360968141,-0.0007113517760015098,6.450367793755455e-10,-1.6696406738563188e-9,3.475420444999565e-15,1.2575147511446829e-15,-9.394894417255456e-16,7.637316087005459e-7,-9.429304168440991e-15,2.7443835115518063e-7,-2.5368650555508564e-5,-4.6083761788722555e-6,1.7847904336296644e-5,-1.57087906195825e-8,-1.2077878727192642e-5,8.154873246454473e-16,-3.713483194327416e-8,-3.0426868033244473e-6,9.811792763332204e-9,-3.993814288520144e-5,-0.00011004531885672719,4.105221641606409e-5,-1.3683554807567545e-15,2.3285927728099516e-6,9.45054880114592e-12,-1.1142574839261762e-8,0.001418525920609566,-4.4213046810989865e-12,-1.4495035140790703e-12,9.638272667866519e-8,-2.9061667930425634e-15,1.192356536801899e-7,-3.7743354536390135e-5,-1.2412913103438432e-13,-3.228193760543821e-12,-7.943450425019344e-11,5.952509581555606e-6,5.836650374593755e-10,-0.00199603743025204,-8.18778409401327e-14,1.3605111520316756e-9,3.4190523660490064e-7,-1.0367591408111316e-11,0.00028316400048685494,-5.945411214765342e-13,-0.00018148947132028736,-7.582764116625719e-5,0.0040188640984225804,-1.2668884261208525e-12,5.7578838081047335e-11,4.382546574213984e-10,-2.2159296664070363e-10,-0.0005827645425923254,-2.3540323677304742e-12,-6.357721148119605e-14,2.403206987788286e-9,1.2483173428825251e-5,-9.556509452083941e-14,-4.111448717687856e-10,1.2145634511073869e-9,9.955736774711345e-7,-1.8367608668585235e-9,-1.3259315652574438e-14,-3.227089714127098e-16,-1.6749285828201255e-5,9.378686812009465e-8,-2.9029131528250203e-9,1.7724760701730979e-12,-4.787267199947143e-9,-2.2670180324602033e-5,4.831030703079882e-10,1.769021872114744e-11,1.6456278952296378e-12,-0.0004089588469704175,1.9305137227971417e-5,7.340422151885269e-7,-1.7296024415873843e-6,-1.84534035434525e-6,2.475024109041176e-7,-1.0798999921274817e-13,-3.864549176038545e-14,0.003418886147827133,4.3378582477085914e-8,4.22377779744631e-17
0.0,0.0,0.0,0.0,0.0,0.0,0.0,0.0,0.0,0.0,0.0,0.0,0.0,0.0,0.0,0.0,0.0,0.0,0.0,0.0,0.0,0.0,0.0,0.0,0.0,0.0,0.0,0.0,0.0,0.0,0.0,0.0,0.0,0.0,0.0,0.0,0.0,0.0,0.0,0.0,0.0,0.0,0.0,0.0,0.0,0.0,0.0,0.0,0.0,0.0,0.0,0.0,0.0,0.0,0.0,0.0,0.0,0.0,0.0,0.0,0.0,0.0,0.0,0.0,0.0,0.0,0.0,0.0,0.0,0.0,0.0,0.0,0.0,0.0,0.0,0.0,0.0,0.0,0.0,0.0,0.0,0.0,0.0,0.0,0.0,0.0,0.0,0.0,0.0,0.0,0.0,0.0,0.0,0.0,0.0,0.0,0.0,0.0,0.0,0.0,0.0,0.0,0.0,0.0,0.0,0.0,0.0,0.0,0.0,0.0,0.0,0.0,0.0,0.0,0.0,0.0,0.0,0.0,0.0,0.0,0.0,0.0,0.0,0.0,0.0,0.0,0.0,0.0,0.0,0.0,0.0,0.0,0.0,0.0,0.0,0.0,0.0,0.0,0.0,0.0,0.0,0.0,0.0,0.0,0.0,0.0,0.0,0.0,0.0,0.0,0.0,0.0,0.0,0.0,0.0,0.0,0.0,0.0,0.0,0.0,0.0,0.0,0.0,0.0,0.0,0.0,0.0,0.0,0.0,0.0,0.0,0.0,0.0,0.0,0.0,0.0,0.0,0.0,0.0,0.0,0.0,0.0,0.0,0.0,0.0,0.0,0.0,0.0,0.0,0.0,0.0,0.0,0.0,0.0,0.0,0.0,0.0,0.0,0.0,0.0,0.0,0.0,0.0,0.0,0.0,0.0,0.0,0.0,0.0,0.0,0.0,0.0,0.0,0.0,0.0,0.0,0.0,0.0,0.0,0.0,0.0,0.0,0.0,0.0,0.0,0.0,0.0,0.0,0.0,0.0,0.0,0.0,0.0,0.0,0.0,0.0,0.0,0.0,0.0,0.0,0.0,0.0,0.0,0.0,0.0,0.0,0.0,0.0,0.0,0.0,0.0,0.0,0.0,0.0,0.0,0.0,0.0,0.0,0.0,0.0,0.0,0.0,0.0,0.0,0.0,0.0,0.0,0.0,0.0,0.0,0.0,0.0,0.0,0.0,0.0,0.0,0.0,0.0,0.0,0.0,0.0,0.0,0.0,0.0,0.0,0.0,0.0,0.0,0.0,0.0,0.0,0.0,0.0,0.0,0.0,0.0,0.0,0.0,0.0,0.0,0.0,0.0,0.0,0.0,0.0,0.0,0.0,0.0,0.0,0.0,0.0,0.0,0.0,0.0,0.0,0.0,0.0,0.0,0.0,0.0,0.0,0.0,0.0,0.0,0.0,0.0,0.0,0.0,0.0,0.0,0.0,0.0,0.0,0.0,0.0,0.0,0.0,0.0,0.0,0.0,0.0,0.0,0.0,0.0,0.0,0.0,0.0,0.0,0.0,0.0,0.0,0.0,0.0,0.0,0.0,0.0,0.0,0.0,0.0,0.0,0.0,0.0,0.0,0.0,0.0,0.0,0.0,0.0,0.0,0.0,0.0,0.0,0.0,0.0,0.0,0.0,0.0,0.0,0.0,0.0,0.0,0.0,0.0,0.0,0.0,0.0,0.0,0.0,0.0,0.0,0.0,0.0,0.0,0.0,0.0,0.0,0.0,0.0,0.0,0.0,0.0,0.0,0.0,0.0,0.0,0.0,0.0,0.0,0.0,0.0,0.0,0.0,0.0,0.0,0.0,0.0,0.0,0.0,0.0,0.0,0.0,0.0,0.0,0.0,0.0,0.0,0.0,0.0,0.0,0.0,0.0,0.0,0.0,0.0,0.0,0.0,0.0,0.0,0.0,0.0,0.0,0.0,0.0,0.0,0.0,0.0,0.0,0.0,0.0,0.0,0.0,0.0,0.0,0.0,0.0,0.0,0.0,0.0,0.0,0.0,0.0,0.0,0.0,0.0,0.0,0.0,0.0,0.0,0.0,0.0,0.0,0.0,0.0,0.0,0.0,0.0,0.0,0.0,0.0,0.0,0.0,0.0,0.0,0.0,0.0,0.0,0.0,0.0,0.0,0.0,0.0,0.0,0.0,0.0,0.0,0.0,0.0,0.0,0.0,0.0,0.0,0.0,0.0,0.0,0.0,0.0,0.0,0.0,0.0,0.0,0.0,0.0,0.0,0.0,0.0,0.0,0.0,0.0,0.0,0.0,0.0,0.0,0.0,0.0,0.0,0.0,0.0,0.0,0.0,0.0,0.0,0.0,0.0,0.0,0.0,0.0,0.0,0.0,0.0,0.0,0.0,0.0,0.0,0.0,0.0,0.0,0.0,0.0,0.0,0.0,0.0,0.0,0.0,0.0,0.0,0.0,0.0,0.0,0.0,0.0,0.0,0.0,0.0,0.0,0.0,0.0,0.0,0.0,0.0,0.0,0.0,0.0,0.0,0.0,0.0,0.0,0.0,0.0,0.0,0.0,0.0,0.0,0.0,0.0,0.0,0.0,0.0,0.028215946476963814,6.050824916668741e-13,7.161336813386177e-12,9.885405765820937e-8,6.002357979247209e-13,-6.249816954766631e-10,-1.1235472431105155e-7,-4.808032186946891e-7,-1.538248046239338e-8,6.923710197179313e-9,-0.007435269830227879,-2.5046265396933896e-6,-1.1921806274003524e-13,3.7208142288402126e-6,8.384782388984885e-8,-3.1134308355004913e-6,0.0003608325943272687,4.0469859372652516e-5,3.740980945460723e-14,1.5323094658731467e-12,-4.7368232141703305e-6,-0.00029139832431346373,-8.817470150109979e-5,1.0615152780182894e-7,-1.32883260339153e-10,2.2999272298938016e-10,0.00028465489347752045,2.119157828509718e-5,-1.2359174618668493e-5,-9.47977274703741e-5,-0.0022498418562395873,1.6000929352206966e-10,-3.6908825537291173e-6,4.267114744104355e-9,-8.113421372628299e-7,8.498715030395747e-7,-0.0025195505277496263,-6.950854003321621e-9,-6.515720931123403e-10,-5.657830439977216e-9,0.00044471525610786895,1.128973738906647e-12,-0.011954863425434894,-3.600339419432204e-11,-0.0008427830540135755,4.629843217275183e-11,3.8647127434848657e-13,-0.008942146997285814,6.310085036354659e-7,-0.0004336022232711198,-0.0011331208191596904,2.388031262140483e-6,-1.151867598650406e-5,-2.8245196932583878e-11,0.00011582597902739374,-0.003148431526717133,8.833001113649778e-9,-0.00043110829467623505,-0.002715056493390012,-3.794926299190899e-7,0.00156101582776824,-9.159870638996205e-9,2.7763380644068882e-5,3.1472210657869437e-12,-8.189091292150547e-7,-0.0002771664548677923,7.655998564983463e-14,0.002161214325467312,3.089319537190713e-5,3.0532998624128047e-6,-1.6222309860325333e-12,-4.8755661180388484e-12,0.0019930414363888544,0.0035521828333688926,-6.651460704714485e-9,1.5289994124047318e-12,-3.0164402942470284e-11,-1.8370269266609073e-10,2.1505380292797791e-7,0.001717097093642765,-1.8115214603005062e-7,0.003704418883592389,1.0305160067018172e-12,4.056746574235637e-6,-1.7006654498520535e-11,-9.937898934041814e-8,0.00032496665575047453,1.99510802297592e-6,-2.0370334114940693e-10,-3.5841404328021357e-8,0.0001453996426132432,2.0875852425822805e-5,1.1556632961928028e-10,0.0005759519134976281,-0.00576074457610315,-1.890746722085642e-9,2.5848849013823573e-7,-3.01705028536957e-8,9.62215919303743e-9,-1.888810220908544e-11,0.00029379177340597994,-7.200421363972812e-8,-4.413428858754934e-5,-0.0023676055853855023,-3.744133559663161e-5,-0.00010493983159980436,1.9090419110347147e-8,-4.792742841626379e-12,3.305904761930034e-12,-0.001435781682756111,7.80193387711235e-5,0.0008490495213637692,-2.8974366877948953e-6,-7.218487390392189e-11,5.100173474696061e-6,1.3494705126593888e-12,3.568707606538781e-9,5.251145768729434e-10,-3.422786687605196e-11,-0.0010781836094092587,5.930760159761756e-10,-2.632954156162198e-5,0.00013558734242289513,0.0006345505974176167,2.494964670958262e-13,0.0006882117671502321,1.221921830947527e-6,0.00015255170039150514,0.00022954083472834935,0.00022717127780273863,-1.4299734435092757e-7,4.861876134602348e-7,-8.764417287084451e-13,-2.6569192776687775e-13,-7.295738226096461e-13,-0.0007857662527753252,5.844030006936984e-12,-8.685879810242226e-6,-0.003029540929603106,0.000950857646884527,-8.392791838611077e-5,4.111779533813137e-6,0.0005218685386572187,-6.079486756870226e-14,-4.212739688227407e-5,0.0004213997687872059,-2.908383179527563e-6,0.0011783526830093833,-0.0012146660712422889,0.0007545293885833007,-2.385643862440481e-12,-0.0007472360719103191,-5.373332621045527e-9,-4.430555580774644e-6,-4.68006621121595e-5,-7.861617712499583e-9,-3.286407452267963e-10,-3.4503648902772495e-6,5.510082192850925e-12,-1.5188077702692754e-5,-0.005762462539311522,-3.191718698331284e-10,1.6929973485606113e-7,-9.095312709482316e-8,0.005117428136737643,-2.5770666588540864e-7,-4.812570231630162e-5,3.209789508173326e-11,-1.0260388984036314e-7,1.9064959333739373e-5,-2.2470234898037162e-9,0.0004380870686954104,1.4130891660734162e-10,0.0010970933095942124,0.004842570722455754,2.665344148797802e-5,2.4473754036029586e-10,1.5482270810613674e-9,1.6048452218481304e-8,7.438440664603264e-8,9.965612163172724e-5,3.836673484320576e-10,-1.8199056001069984e-11,8.022315006096303e-7,0.003609004313655034,4.647563278587371e-12,-5.639256337546838e-8,-3.3285585294901293e-7,6.355971385723483e-5,3.0164163061105615e-5,-1.0435513124469157e-11,3.559300306862066e-12,0.002932753762582607,6.413338040654545e-5,1.7836912759308138e-6,-9.169005709232881e-11,2.4282601099108635e-7,0.0020165818655142605,-2.1900978150911042e-7,1.625050348087534e-9,1.0903505098762758e-9,8.108023708342238e-5,0.004268276757109384,-9.348295268791868e-5,-0.0006522317048074166,-0.00029337019568142814,0.0008428861348986677,-1.0192154466552956e-12,1.0349405827290787e-11,-0.0001640389310312326,-2.261695916929426e-5,9.424734152828685e-13
0.0,0.0,0.0,0.0,0.0,0.0,0.0,0.0,0.0,0.0,0.0,0.0,0.0,0.0,0.0,0.0,0.0,0.0,0.0,0.0,0.0,0.0,0.0,0.0,0.0,0.0,0.0,0.0,0.0,0.0,0.0,0.0,0.0,0.0,0.0,0.0,0.0,0.0,0.0,0.0,0.0,0.0,0.0,0.0,0.0,0.0,0.0,0.0,0.0,0.0,0.0,0.0,0.0,0.0,0.0,0.0,0.0,0.0,0.0,0.0,0.0,0.0,0.0,0.0,0.0,0.0,0.0,0.0,0.0,0.0,0.0,0.0,0.0,0.0,0.0,0.0,0.0,0.0,0.0,0.0,0.0,0.0,0.0,0.0,0.0,0.0,0.0,0.0,0.0,0.0,0.0,0.0,0.0,0.0,0.0,0.0,0.0,0.0,0.0,0.0,0.0,0.0,0.0,0.0,0.0,0.0,0.0,0.0,0.0,0.0,0.0,0.0,0.0,0.0,0.0,0.0,0.0,0.0,0.0,0.0,0.0,0.0,0.0,0.0,0.0,0.0,0.0,0.0,0.0,0.0,0.0,0.0,0.0,0.0,0.0,0.0,0.0,0.0,0.0,0.0,0.0,0.0,0.0,0.0,0.0,0.0,0.0,0.0,0.0,0.0,0.0,0.0,0.0,0.0,0.0,0.0,0.0,0.0,0.0,0.0,0.0,0.0,0.0,0.0,0.0,0.0,0.0,0.0,0.0,0.0,0.0,0.0,0.0,0.0,0.0,0.0,0.0,0.0,0.0,0.0,0.0,0.0,0.0,0.0,0.0,0.0,0.0,0.0,0.0,0.0,0.0,0.0,0.0,0.0,0.0,0.0,0.0,0.0,0.0,0.0,0.0,0.0,0.0,0.0,0.0,0.0,0.0,0.0,0.0,0.0,0.0,0.0,0.0,0.0,0.0,0.0,0.0,0.0,0.0,0.0,0.0,0.0,0.0,0.0,0.0,0.0,0.0,0.0,0.0,0.0,0.0,0.0,0.0,0.0,0.0,0.0,0.0,0.0,0.0,0.0,0.0,0.0,0.0,0.0,0.0,0.0,0.0,0.0,0.0,0.0,0.0,0.0,0.0,0.0,0.0,0.0,0.0,0.0,0.0,0.0,0.0,0.0,0.0,0.0,0.0,0.0,0.0,0.0,0.0,0.0,0.0,0.0,0.0,0.0,0.0,0.0,0.0,0.0,0.0,0.0,0.0,0.0,0.0,0.0,0.0,0.0,0.0,0.0,0.0,0.0,0.0,0.0,0.0,0.0,0.0,0.0,0.0,0.0,0.0,0.0,0.0,0.0,0.0,0.0,0.0,0.0,0.0,0.0,0.0,0.0,0.0,0.0,0.0,0.0,0.0,0.0,0.0,0.0,0.0,0.0,0.0,0.0,0.0,0.0,0.0,0.0,0.0,0.0,0.0,0.0,0.0,0.0,0.0,0.0,0.0,0.0,0.0,0.0,0.0,0.0,0.0,0.0,0.0,0.0,0.0,0.0,0.0,0.0,0.0,0.0,0.0,0.0,0.0,0.0,0.0,0.0,0.0,0.0,0.0,0.0,0.0,0.0,0.0,0.0,0.0,0.0,0.0,0.0,0.0,0.0,0.0,0.0,0.0,0.0,0.0,0.0,0.0,0.0,0.0,0.0,0.0,0.0,0.0,0.0,0.0,0.0,0.0,0.0,0.0,0.0,0.0,0.0,0.0,0.0,0.0,0.0,0.0,0.0,0.0,0.0,0.0,0.0,0.0,0.0,0.0,0.0,0.0,0.0,0.0,0.0,0.0,0.0,0.0,0.0,0.0,0.0,0.0,0.0,0.0,0.0,0.0,0.0,0.0,0.0,0.0,0.0,0.0,0.0,0.0,0.0,0.0,0.0,0.0,0.0,0.0,0.0,0.0,0.0,0.0,0.0,0.0,0.0,0.0,0.0,0.0,0.0,0.0,0.0,0.0,0.0,0.0,0.0,0.0,0.0,0.0,0.0,0.0,0.0,0.0,0.0,0.0,0.0,0.0,0.0,0.0,0.0,0.0,0.0,0.0,0.0,0.0,0.0,0.0,0.0,0.0,0.0,0.0,0.0,0.0,0.0,0.0,0.0,0.0,0.0,0.0,0.0,0.0,0.0,0.0,0.0,0.0,0.0,0.0,0.0,0.0,0.0,0.0,0.0,0.0,0.0,0.0,0.0,0.0,0.0,0.0,0.0,0.0,0.0,0.0,0.0,0.0,0.0,0.0,0.0,0.0,0.0,0.0,0.0,0.0,0.0,0.0,0.0,0.0,0.0,0.0,0.0,0.0,0.0,0.0,0.0,0.0,0.0,0.0,0.0,0.0,0.0,0.0,0.0,0.0,0.0,0.0,0.0,0.0,0.0,0.0,0.0,0.0,0.0,0.0,0.0,0.0,0.0,0.0,0.0,0.0,0.0,0.0,0.0,0.0,0.0,0.0,0.0,0.0,0.0,0.0,0.0,0.0,0.0,0.0,0.0,0.0,0.0,0.0,0.0,0.0,0.0,0.0,0.0,0.0,0.0,0.0,0.0,0.0,0.0,0.0,0.0,0.0,0.0,0.04390180537775839,6.623124176552738e-5,1.2426115218066972e-7,-0.01621513021492488,2.904649096679394e-6,8.895890314402124e-8,4.287296704493367e-9,8.521281226839094e-8,3.313728359009865e-7,6.69880111418463e-13,-4.987099249209496e-9,-9.43476266819861e-5,1.853715086407883e-15,1.6690615842943e-8,-1.8459079948545158e-9,6.25326495834237e-11,2.1793267753829004e-11,-0.0007701067182582209,-0.00975825652020258,-1.868294010490921e-15,4.542877661610566e-14,3.4815925684071167e-16,-3.9794714822869944e-8,-4.258150063330839e-5,8.665910203396807e-6,-7.650330991473624e-12,6.571462889438434e-11,6.859328259680586e-16,-1.712709888021874e-11,-2.9794449659262573e-12,-6.203723463671551e-6,4.091586644995642e-15,4.74775501764138e-7,-1.6628454433763437e-9,1.5032343357558503e-9,-5.157956948085289e-12,1.422671088814364e-7,-1.2296351644749595e-5,1.2911597588425827e-9,-1.513063823629576e-14,0.017834327498299374,-1.4006025389878162e-12,-0.00014668853732901894,6.927840210152751e-13,-2.121484408173918e-5,0.017217910874839464,2.981547710520579e-13,3.75245677615227e-9,-2.3442316948043382e-11,-9.042352838521496e-12,-5.051928649629095e-10,4.602581205622777e-10,7.829159516744658e-6,-5.6132656918457036e-14,1.1368748202741195e-13,3.416196429307409e-8,-1.8999460676908983e-11,-3.6586948333263867e-13,-7.644238715951222e-10,1.027667558047876e-11,2.3432796180957775e-6,1.0452758199718433e-11,2.3170406434134005e-5,-9.33129859103971e-9,5.455119595357474e-15,0.0006046510641843272,-4.659750958302832e-13,2.13494737589275e-15,2.6785419540003402e-11,0.0020010017784254427,0.00014296438996554657,1.0696875724927302e-13,-3.1492810578971056e-13,-7.374559781935318e-8,-0.00011871809909709516,-0.00019810694060070602,-3.958760856037175e-6,1.53118488433953e-8,-2.7553557810469402e-14,9.365391441679448e-9,2.1860761984326966e-13,0.008407469011929326,9.032982218104227e-10,-1.9934503337255534e-6,-2.2042641618924266e-7,-1.4801702996620674e-13,-7.622606974461782e-11,-8.434610527816269e-7,-1.1916856394194806e-7,-3.355108021107851e-11,-1.0190707240486783e-10,4.672559509928945e-5,-3.8538660406285064e-14,6.636076583338755e-13,-9.113302926806998e-7,6.588027871055605e-8,5.696662370265027e-9,-7.155677359802181e-8,0.00017561353388260463,3.4331222357961795e-12,1.751695257152105e-8,-9.341024670298638e-16,-3.282231899347533e-14,-1.212098454331087e-10,5.467231148617119e-16,-7.655714399005572e-8,-0.00018954552943879538,-0.000595063066311591,-5.365919231378752e-12,2.54202664091396e-10,5.275986352263874e-13,-2.056735587137299e-16,-2.9223850818999545e-5,4.697979640008606e-10,-0.0021012444253896132,-4.0097225736839173e-7,6.379540019131012e-7,-6.450758372242506e-5,1.0459045981003093e-12,-1.8524506438771825e-6,1.172428351012223e-11,7.210324911549349e-11,-8.392844299281333e-13,-0.0008749114936256376,-7.690738346744132e-14,-6.53315574368153e-9,6.0212074139963246e-12,8.180239281789923e-15,-2.4197478042988e-14,1.2276835197596336e-8,2.6248031976126338e-8,-0.0010420931619386459,0.004942079691307666,-0.00047228372234601833,-7.091558262709041e-12,-2.6225317955071526e-5,-1.505618571212091e-11,1.3322413852503506e-13,7.688984646258003e-12,-1.798600049866035e-14,-5.732452823882494e-10,-1.0858514146782343e-13,-0.0009496237201648126,2.3770078763421753e-11,-9.437946390925963e-13,-3.1755623984299785e-10,-1.177897971000664e-14,-2.581748928135317e-15,1.2566790679833854e-13,0.0005109924385373562,3.680954861269876e-12,4.879881236474222e-7,2.0517960907480526e-9,-2.17530955868831e-15,-4.4376148081743435e-7,-1.9314037513739353e-5,-1.9673178817438012e-11,0.001092260951306716,-2.5648474575041432e-11,8.533159994915016e-14,-7.360805510570191e-6,-1.9916316882306886e-10,-8.705313698174389e-8,1.0624284341463061e-12,-2.5851899900612573e-9,2.0993967999087327e-15,-0.00010144383971272092,2.730584892944809e-8,-2.2368357791996134e-11,4.7770215869550825e-6,1.5099266964030987e-14,2.7756599092325207e-5,4.5252347537022605e-14,-5.149167684522141e-13,-1.618894190231741e-15,4.284549523337879e-5,-2.783759727322178e-7,-1.4135869749010789e-8,-2.4588730200819525e-9,2.272838440901318e-15,-7.433481182494798e-6,-5.5971149669025664e-5,-2.9817642659808264e-10,1.42458092144029e-12,4.952400004762756e-5,2.144075866125315e-9,8.204932631883706e-9,-8.707642144868781e-12,1.3844457688143399e-11,-0.0003139283486041699,0.0034579848517063277,2.7441085927280884e-13,-4.942557243455733e-11,2.046156499268978e-9,5.82972064621659e-6,-9.336521265343388e-10,1.87312663478618e-12,9.645160690374615e-9,-1.2710649588462631e-6,2.7104552356343668e-6,-3.1725717647780728e-15,-6.224331987841614e-13,-9.292772354096005e-12,-6.261221685002599e-12,-2.5244801172519507e-11,7.6336407038926e-12,-0.0002513420013602296,-0.0005518261333003389,-6.093514891207951e-15,-8.031832554331598e-10,0.00835496358872258
0.0,0.0,0.0,0.0,0.0,0.0,0.0,0.0,0.0,0.0,0.0,0.0,0.0,0.0,0.0,0.0,0.0,0.0,0.0,0.0,0.0,0.0,0.0,0.0,0.0,0.0,0.0,0.0,0.0,0.0,0.0,0.0,0.0,0.0,0.0,0.0,0.0,0.0,0.0,0.0,0.0,0.0,0.0,0.0,0.0,0.0,0.0,0.0,0.0,0.0,0.0,0.0,0.0,0.0,0.0,0.0,0.0,0.0,0.0,0.0,0.0,0.0,0.0,0.0,0.0,0.0,0.0,0.0,0.0,0.0,0.0,0.0,0.0,0.0,0.0,0.0,0.0,0.0,0.0,0.0,0.0,0.0,0.0,0.0,0.0,0.0,0.0,0.0,0.0,0.0,0.0,0.0,0.0,0.0,0.0,0.0,0.0,0.0,0.0,0.0,0.0,0.0,0.0,0.0,0.0,0.0,0.0,0.0,0.0,0.0,0.0,0.0,0.0,0.0,0.0,0.0,0.0,0.0,0.0,0.0,0.0,0.0,0.0,0.0,0.0,0.0,0.0,0.0,0.0,0.0,0.0,0.0,0.0,0.0,0.0,0.0,0.0,0.0,0.0,0.0,0.0,0.0,0.0,0.0,0.0,0.0,0.0,0.0,0.0,0.0,0.0,0.0,0.0,0.0,0.0,0.0,0.0,0.0,0.0,0.0,0.0,0.0,0.0,0.0,0.0,0.0,0.0,0.0,0.0,0.0,0.0,0.0,0.0,0.0,0.0,0.0,0.0,0.0,0.0,0.0,0.0,0.0,0.0,0.0,0.0,0.0,0.0,0.0,0.0,0.0,0.0,0.0,0.0,0.0,0.0,0.0,0.0,0.0,0.0,0.0,0.0,0.0,0.0,0.0,0.0,0.0,0.0,0.0,0.0,0.0,0.0,0.0,0.0,0.0,0.0,0.0,0.0,0.0,0.0,0.0,0.0,0.0,0.0,0.0,0.0,0.0,0.0,0.0,0.0,0.0,0.0,0.0,0.0,0.0,0.0,0.0,0.0,0.0,0.0,0.0,0.0,0.0,0.0,0.0,0.0,0.0,0.0,0.0,0.0,0.0,0.0,0.0,0.0,0.0,0.0,0.0,0.0,0.0,0.0,0.0,0.0,0.0,0.0,0.0,0.0,0.0,0.0,0.0,0.0,0.0,0.0,0.0,0.0,0.0,0.0,0.0,0.0,0.0,0.0,0.0,0.0,0.0,0.0,0.0,0.0,0.0,0.0,0.0,0.0,0.0,0.0,0.0,0.0,0.0,0.0,0.0,0.0,0.0,0.0,0.0,0.0,0.0,0.0,0.0,0.0,0.0,0.0,0.0,0.0,0.0,0.0,0.0,0.0,0.0,0.0,0.0,0.0,0.0,0.0,0.0,0.0,0.0,0.0,0.0,0.0,0.0,0.0,0.0,0.0,0.0,0.0,0.0,0.0,0.0,0.0,0.0,0.0,0.0,0.0,0.0,0.0,0.0,0.0,0.0,0.0,0.0,0.0,0.0,0.0,0.0,0.0,0.0,0.0,0.0,0.0,0.0,0.0,0.0,0.0,0.0,0.0,0.0,0.0,0.0,0.0,0.0,0.0,0.0,0.0,0.0,0.0,0.0,0.0,0.0,0.0,0.0,0.0,0.0,0.0,0.0,0.0,0.0,0.0,0.0,0.0,0.0,0.0,0.0,0.0,0.0,0.0,0.0,0.0,0.0,0.0,0.0,0.0,0.0,0.0,0.0,0.0,0.0,0.0,0.0,0.0,0.0,0.0,0.0,0.0,0.0,0.0,0.0,0.0,0.0,0.0,0.0,0.0,0.0,0.0,0.0,0.0,0.0,0.0,0.0,0.0,0.0,0.0,0.0,0.0,0.0,0.0,0.0,0.0,0.0,0.0,0.0,0.0,0.0,0.0,0.0,0.0,0.0,0.0,0.0,0.0,0.0,0.0,0.0,0.0,0.0,0.0,0.0,0.0,0.0,0.0,0.0,0.0,0.0,0.0,0.0,0.0,0.0,0.0,0.0,0.0,0.0,0.0,0.0,0.0,0.0,0.0,0.0,0.0,0.0,0.0,0.0,0.0,0.0,0.0,0.0,0.0,0.0,0.0,0.0,0.0,0.0,0.0,0.0,0.0,0.0,0.0,0.0,0.0,0.0,0.0,0.0,0.0,0.0,0.0,0.0,0.0,0.0,0.0,0.0,0.0,0.0,0.0,0.0,0.0,0.0,0.0,0.0,0.0,0.0,0.0,0.0,0.0,0.0,0.0,0.0,0.0,0.0,0.0,0.0,0.0,0.0,0.0,0.0,0.0,0.0,0.0,0.0,0.0,0.0,0.0,0.0,0.0,0.0,0.0,0.0,0.0,0.0,0.0,0.0,0.0,0.0,0.0,0.0,0.0,0.0,0.0,0.0,0.0,0.0,0.0,0.0,0.0,0.0,0.0,0.0,0.0,0.0,0.0,0.0,0.0,0.0,0.0,0.0,0.0,0.0,0.0,0.0,0.0,0.0,0.0,0.0,0.0,0.0,0.0,0.0,0.0,0.0,0.0,0.0,0.0,0.0,0.0,0.0,0.0,0.030296229767165977,-1.2483318092861555e-6,-0.002116850639148035,1.8093372783531282e-5,1.0626871044881938e-6,-4.0330602291533255e-7,-5.208511559944031e-6,3.820707523598227e-6,2.679423644206608e-11,-2.5226135698957675e-8,-0.00011635156878356593,8.398412512531967e-15,3.368537102793597e-7,-4.551626087917364e-8,1.5643115952392687e-9,4.2146312109011634e-11,-0.0012576098054754002,-0.0003736195046990887,-2.0216750470815894e-14,1.5080735477930953e-13,1.2318469136406986e-14,3.496759068649311e-8,-0.0003627427952346616,0.0006683191366916423,-1.1514389582879886e-11,-8.423097517588971e-10,1.612817844478103e-14,-1.2865530276036866e-9,-3.275263787684696e-11,-3.668601255728873e-5,2.2967351362948692e-14,1.429573280881567e-5,-3.974798676040553e-8,5.037262682713345e-8,-1.7232121506068438e-11,5.777108634945117e-6,-6.9440296215795e-5,2.5571688250258596e-6,1.7370704501899077e-13,-0.0005924993614454717,-2.599436888870714e-11,-0.0012679900165409059,1.0442205831396954e-11,0.0007261484411530067,0.0004192811765540304,9.420378940676103e-12,-2.167272343186271e-7,-5.052498007027528e-10,-1.0701153318766733e-10,3.5425724983567847e-9,-9.771683712213469e-9,0.00011213372614976142,-4.860099002179962e-13,-1.2038794625834564e-13,3.450689269159795e-6,-9.289634015916757e-10,-6.409711789943299e-13,6.351667912600626e-8,4.103307115112105e-11,3.3014787752018624e-5,-1.9411933594590934e-9,0.005408139407193755,7.24461101387691e-9,1.6397819944590858e-14,-0.0008017959053125854,-6.002128756287291e-13,5.084079719672769e-14,-2.3237484217253046e-8,-0.005979491657868878,-0.001261146436244849,4.3995369763855457e-13,-8.465843108584791e-12,-9.554310632615818e-6,-0.004211602962257044,-0.0026903257168207077,2.1291188574767794e-5,-2.0957038864079328e-7,-3.2098977777310033e-13,5.4793724551814065e-8,-1.6705308595497873e-12,0.001173679211092007,2.2678968118788133e-8,2.0080901624882686e-5,-1.0362759615672318e-6,-1.88458650826602e-12,-2.8576038700626682e-9,0.0001913895121048274,-1.461440303610742e-7,-3.886982363259669e-10,-2.304586936687226e-9,0.0004440894289078211,-9.198226256616689e-13,2.593793235093925e-11,4.145849881405398e-5,-1.513733987607244e-8,-4.023397773054417e-7,-2.052863559063529e-6,-0.005067659992367408,2.9079573709281787e-10,6.065408034837764e-7,-2.2672754897177253e-14,3.168204387446933e-12,-1.1039217224285748e-9,1.977662527947585e-13,4.5813670950793805e-7,-0.0009462696924542618,0.002431267521625704,-7.209217704352676e-11,2.952539851503922e-9,-4.1005731818346505e-11,1.6832643897948122e-14,0.0009109532776921306,-1.5639521742623493e-8,0.00835931630873817,-1.4271630646465563e-6,-8.347298705151209e-5,-0.0013800103589424258,-7.062856694006562e-12,-3.86518090782521e-5,-1.6429186781032395e-10,2.072407734923045e-9,1.876079576483916e-11,0.0001029585734329286,-2.76570492815107e-13,-5.810825064037752e-8,-1.5697902475077595e-10,3.3513974736088776e-13,-2.1052991562914092e-13,4.5637092915820054e-7,8.310966524439857e-8,0.0024865641867672867,-0.000275767948335879,5.576844186198158e-5,-1.9978826304908792e-10,-0.012545267333932488,-1.0111363550215742e-9,-1.8408985885943478e-11,1.5533585358726616e-10,9.64087319822823e-15,-9.468704177696763e-9,3.422748597510774e-12,-0.00011263037516336325,1.4442441661960893e-9,-2.084578962291298e-10,-2.6241788988663698e-8,1.541902781994396e-12,3.844152813887349e-14,-5.479324314452053e-13,0.0013108333307541296,2.5344607207572697e-11,2.5577801263343137e-5,4.046972250747744e-8,-1.6584898909604434e-14,-1.5040551607838662e-6,-0.00010039131876751516,-3.1074352769799547e-11,-0.0036031021248335605,-3.1224885827026946e-10,9.112089127170205e-12,-3.9416243280879295e-6,1.7173953865875763e-7,-4.6280943958782967e-7,4.1292093168860004e-11,1.6444449304796868e-8,-1.4132807422878728e-14,0.0009173082144307733,8.097143671020701e-7,2.036105600441467e-10,1.2532314634179309e-5,-1.1932181289244437e-13,-1.0740801625691868e-5,3.4060563147769086e-13,-1.2606579834612609e-11,-2.5116052539124063e-14,-0.0003993445460585149,1.0014213802691386e-5,-5.144737130252446e-7,3.5932650167437575e-7,5.952619381533846e-15,-0.00018806159052024102,-0.00033215974951139707,1.0706152517960443e-8,3.814465504243931e-11,-0.004215205348158381,-7.804780764789075e-8,-2.8326381991080616e-7,-2.942173255006967e-10,2.0203465253601047e-10,-0.003569163834334245,-0.001839064392073641,1.1886904153830262e-11,7.934168530554756e-10,-1.9966844317315366e-8,3.276821641168327e-5,2.907556114580183e-8,-1.0311156689506747e-11,1.59797010474935e-7,-6.534803093789029e-6,-1.032407544610962e-5,4.4739370904867623e-13,-6.813469362175437e-12,-1.5820256731621755e-10,-1.662442994941823e-12,-5.405205223734408e-10,-3.1712310136844316e-11,-0.0003727913207320873,0.0051180074122460315,-1.0769604383078059e-13,-1.3276408649055632e-8,7.644093897717831e-5
0.0,0.0,0.0,0.0,0.0,0.0,0.0,0.0,0.0,0.0,0.0,0.0,0.0,0.0,0.0,0.0,0.0,0.0,0.0,0.0,0.0,0.0,0.0,0.0,0.0,0.0,0.0,0.0,0.0,0.0,0.0,0.0,0.0,0.0,0.0,0.0,0.0,0.0,0.0,0.0,0.0,0.0,0.0,0.0,0.0,0.0,0.0,0.0,0.0,0.0,0.0,0.0,0.0,0.0,0.0,0.0,0.0,0.0,0.0,0.0,0.0,0.0,0.0,0.0,0.0,0.0,0.0,0.0,0.0,0.0,0.0,0.0,0.0,0.0,0.0,0.0,0.0,0.0,0.0,0.0,0.0,0.0,0.0,0.0,0.0,0.0,0.0,0.0,0.0,0.0,0.0,0.0,0.0,0.0,0.0,0.0,0.0,0.0,0.0,0.0,0.0,0.0,0.0,0.0,0.0,0.0,0.0,0.0,0.0,0.0,0.0,0.0,0.0,0.0,0.0,0.0,0.0,0.0,0.0,0.0,0.0,0.0,0.0,0.0,0.0,0.0,0.0,0.0,0.0,0.0,0.0,0.0,0.0,0.0,0.0,0.0,0.0,0.0,0.0,0.0,0.0,0.0,0.0,0.0,0.0,0.0,0.0,0.0,0.0,0.0,0.0,0.0,0.0,0.0,0.0,0.0,0.0,0.0,0.0,0.0,0.0,0.0,0.0,0.0,0.0,0.0,0.0,0.0,0.0,0.0,0.0,0.0,0.0,0.0,0.0,0.0,0.0,0.0,0.0,0.0,0.0,0.0,0.0,0.0,0.0,0.0,0.0,0.0,0.0,0.0,0.0,0.0,0.0,0.0,0.0,0.0,0.0,0.0,0.0,0.0,0.0,0.0,0.0,0.0,0.0,0.0,0.0,0.0,0.0,0.0,0.0,0.0,0.0,0.0,0.0,0.0,0.0,0.0,0.0,0.0,0.0,0.0,0.0,0.0,0.0,0.0,0.0,0.0,0.0,0.0,0.0,0.0,0.0,0.0,0.0,0.0,0.0,0.0,0.0,0.0,0.0,0.0,0.0,0.0,0.0,0.0,0.0,0.0,0.0,0.0,0.0,0.0,0.0,0.0,0.0,0.0,0.0,0.0,0.0,0.0,0.0,0.0,0.0,0.0,0.0,0.0,0.0,0.0,0.0,0.0,0.0,0.0,0.0,0.0,0.0,0.0,0.0,0.0,0.0,0.0,0.0,0.0,0.0,0.0,0.0,0.0,0.0,0.0,0.0,0.0,0.0,0.0,0.0,0.0,0.0,0.0,0.0,0.0,0.0,0.0,0.0,0.0,0.0,0.0,0.0,0.0,0.0,0.0,0.0,0.0,0.0,0.0,0.0,0.0,0.0,0.0,0.0,0.0,0.0,0.0,0.0,0.0,0.0,0.0,0.0,0.0,0.0,0.0,0.0,0.0,0.0,0.0,0.0,0.0,0.0,0.0,0.0,0.0,0.0,0.0,0.0,0.0,0.0,0.0,0.0,0.0,0.0,0.0,0.0,0.0,0.0,0.0,0.0,0.0,0.0,0.0,0.0,0.0,0.0,0.0,0.0,0.0,0.0,0.0,0.0,0.0,0.0,0.0,0.0,0.0,0.0,0.0,0.0,0.0,0.0,0.0,0.0,0.0,0.0,0.0,0.0,0.0,0.0,0.0,0.0,0.0,0.0,0.0,0.0,0.0,0.0,0.0,0.0,0.0,0.0,0.0,0.0,0.0,0.0,0.0,0.0,0.0,0.0,0.0,0.0,0.0,0.0,0.0,0.0,0.0,0.0,0.0,0.0,0.0,0.0,0.0,0.0,0.0,0.0,0.0,0.0,0.0,0.0,0.0,0.0,0.0,0.0,0.0,0.0,0.0,0.0,0.0,0.0,0.0,0.0,0.0,0.0,0.0,0.0,0.0,0.0,0.0,0.0,0.0,0.0,0.0,0.0,0.0,0.0,0.0,0.0,0.0,0.0,0.0,0.0,0.0,0.0,0.0,0.0,0.0,0.0,0.0,0.0,0.0,0.0,0.0,0.0,0.0,0.0,0.0,0.0,0.0,0.0,0.0,0.0,0.0,0.0,0.0,0.0,0.0,0.0,0.0,0.0,0.0,0.0,0.0,0.0,0.0,0.0,0.0,0.0,0.0,0.0,0.0,0.0,0.0,0.0,0.0,0.0,0.0,0.0,0.0,0.0,0.0,0.0,0.0,0.0,0.0,0.0,0.0,0.0,0.0,0.0,0.0,0.0,0.0,0.0,0.0,0.0,0.0,0.0,0.0,0.0,0.0,0.0,0.0,0.0,0.0,0.0,0.0,0.0,0.0,0.0,0.0,0.0,0.0,0.0,0.0,0.0,0.0,0.0,0.0,0.0,0.0,0.0,0.0,0.0,0.0,0.0,0.0,0.0,0.0,0.0,0.0,0.0,0.0,0.0,0.0,0.0,0.0,0.0,0.0,0.0,0.0,0.0,0.0,0.0,0.0,0.0,0.0,0.0,0.0,0.0,0.0,0.0,0.0,0.0,0.0,0.0,0.0,0.0,0.0,0.0,0.0,0.0,0.0,0.0,0.0,0.0,0.0,0.041584285403477826,1.1322409996274612e-7,4.511721126999614e-5,0.004878153901898129,-0.00037644157722666337,0.00518075339152265,-0.0017492146915378303,5.445808822168937e-8,-0.0002036210041861307,-1.2010905116056728e-7,5.575315278764892e-10,0.0015482537405472183,-0.0002802880296141601,-1.011988320690123e-5,-9.994982662544817e-7,3.0988464383424553e-7,4.505800715582083e-8,3.7770967026663455e-10,-5.3071787006485065e-11,4.189011025463374e-10,-0.004187511796785625,-1.000151660883064e-6,1.66168616947491e-5,1.0422850625278938e-6,1.1946928964777978e-5,-7.909946486981513e-11,-3.3447286406030164e-6,-1.3552314779634246e-7,-4.9131182575765176e-5,-1.5509883724418507e-10,0.000216867921352212,4.2530024455298e-5,0.00010999391976829479,-5.742484991353702e-7,-0.0017458506163841815,-0.0001162377416885432,0.0011762409481906827,2.0865406943517344e-9,5.690361522638743e-8,4.0944264693881745e-8,-1.28255574735643e-5,-1.6925566564631324e-7,-1.0960853208720057e-5,5.153186185083746e-9,-2.2016357337065015e-7,0.001662408170060969,-1.0555278741243167e-6,8.447667452151088e-7,5.482760397140208e-5,1.1734184248235966e-5,-2.1211965851628254e-5,1.3905514817399702e-9,-6.3664096338557436e-9,0.004013051585652295,2.914958576083346e-6,-2.5473928839265695e-8,0.00012052398086324623,7.656671817876673e-7,0.0013184205307375009,7.606267581592047e-6,-2.5070006741405067e-6,0.0011273367235944064,4.2508299381871515e-10,-9.631140424333351e-7,-1.531246376403402e-8,4.946321941105443e-11,0.00015530485486870752,-9.683712065543872e-8,7.355835007668528e-6,-1.102623225021393e-8,3.5156038619099775e-8,0.00023501635286170692,-2.1583116725685973e-6,-8.469485548731272e-6,-0.0008349608182075884,0.0031492977622894366,-1.2868629534938228e-8,0.0007542685009266123,-1.7684087587458148e-8,1.5672557596774715e-7,4.536426475918298e-5,-0.0005104405855420758,0.005290579973913879,-1.3294582436815784e-8,-3.465247713480981e-6,-3.048997869583435e-6,0.0009245796556226558,3.856454625127557e-6,1.750366822441792e-5,2.084626425303603e-5,-4.379879983384605e-10,1.7424963568121403e-7,-0.0003427673992162755,0.005299790909184959,-0.0024494862971400832,0.0024753606232195474,-7.933075325266818e-7,1.406358744589012e-6,-0.01745493216538464,-8.066033446965226e-11,-2.4952799511868936e-8,-2.0226416189780182e-5,1.2823119218544588e-10,-0.0010017414813267723,2.5464017669123486e-6,1.182141922305299e-7,-6.584648847178983e-7,1.60999715076999e-5,1.1640898742451097e-7,9.617736926196785e-11,-1.6457358668648687e-5,0.0002683250927151013,-1.135893954747206e-7,-0.0016378826211623698,7.225158421993416e-5,5.1696180386906885e-6,9.554703722245992e-8,-9.295882806135715e-5,-2.2667163060279967e-7,1.3798685043281579e-5,1.7003125093605757e-7,3.565164467338e-7,1.0582136439185743e-8,-0.0003575065290018973,2.8565799012095324e-6,1.0788190271756293e-10,-4.437833147727042e-9,-0.00044193424450455533,0.0036519657621505715,1.7638939269644666e-7,-6.974227410154541e-8,-1.4494883325596752e-7,2.8425383471350647e-6,-1.2403372591004358e-6,-6.740813106113257e-6,-1.0142639267788565e-7,3.981602549945521e-7,1.5723255556795266e-9,-6.387473493499168e-5,2.1448462504252424e-8,-2.3619209283942552e-8,1.7792699434147386e-6,7.336729089611633e-7,0.00027775926909533833,8.582591686201984e-9,4.09719556618612e-9,-2.260789299587396e-9,-2.428812324653897e-7,2.183784387924649e-6,-0.0003382841836736104,2.6560691761089315e-5,6.950859886653719e-10,-6.775812247211593e-5,-2.8925100101658155e-5,2.4439073281369235e-5,3.936641779997621e-7,-4.343641054367767e-5,2.178698861589288e-8,-0.00011344116393288518,-0.0027553120442631016,0.0026020735186720336,-2.329456918888717e-8,-0.0027940865566240805,-3.173609594537185e-10,-5.383500657294618e-6,-0.0018905829991018473,-2.343301433584746e-6,0.0003815587549660502,-3.335359335520762e-9,2.0692847746344462e-5,-1.8343572816268746e-9,4.785100838857203e-8,-2.0480689857361821e-10,5.585125724675974e-5,-0.0005517742806588166,0.005430287256994358,0.001958659337150428,-7.124557253090791e-10,1.7387810532901475e-5,-1.1834590910170418e-6,5.3076825562839795e-5,7.360022464091996e-8,3.7065383912290932e-6,0.005905208929249118,0.0007949373196156204,2.4492960448063318e-6,3.237651615965275e-6,1.3870470725039167e-6,3.092541073743814e-8,-1.0468299395967464e-8,-1.5889670417369048e-6,0.0004580772417843901,-8.055521772094951e-5,-0.00014913831549222972,1.9766581991829795e-7,0.0031791491582099833,-0.00024967013411607,0.0011160664975480943,-3.0522212727200533e-9,-3.38054867551316e-8,1.1742945612904925e-6,-7.992974527787573e-7,-9.7181772758568e-7,9.351424474838112e-7,1.9713590733824815e-6,1.8727322816964531e-6,7.806526277417349e-10,-5.0170988399674555e-5,-1.5668037286557146e-8
0.0,0.0,0.0,0.0,0.0,0.0,0.0,0.0,0.0,0.0,0.0,0.0,0.0,0.0,0.0,0.0,0.0,0.0,0.0,0.0,0.0,0.0,0.0,0.0,0.0,0.0,0.0,0.0,0.0,0.0,0.0,0.0,0.0,0.0,0.0,0.0,0.0,0.0,0.0,0.0,0.0,0.0,0.0,0.0,0.0,0.0,0.0,0.0,0.0,0.0,0.0,0.0,0.0,0.0,0.0,0.0,0.0,0.0,0.0,0.0,0.0,0.0,0.0,0.0,0.0,0.0,0.0,0.0,0.0,0.0,0.0,0.0,0.0,0.0,0.0,0.0,0.0,0.0,0.0,0.0,0.0,0.0,0.0,0.0,0.0,0.0,0.0,0.0,0.0,0.0,0.0,0.0,0.0,0.0,0.0,0.0,0.0,0.0,0.0,0.0,0.0,0.0,0.0,0.0,0.0,0.0,0.0,0.0,0.0,0.0,0.0,0.0,0.0,0.0,0.0,0.0,0.0,0.0,0.0,0.0,0.0,0.0,0.0,0.0,0.0,0.0,0.0,0.0,0.0,0.0,0.0,0.0,0.0,0.0,0.0,0.0,0.0,0.0,0.0,0.0,0.0,0.0,0.0,0.0,0.0,0.0,0.0,0.0,0.0,0.0,0.0,0.0,0.0,0.0,0.0,0.0,0.0,0.0,0.0,0.0,0.0,0.0,0.0,0.0,0.0,0.0,0.0,0.0,0.0,0.0,0.0,0.0,0.0,0.0,0.0,0.0,0.0,0.0,0.0,0.0,0.0,0.0,0.0,0.0,0.0,0.0,0.0,0.0,0.0,0.0,0.0,0.0,0.0,0.0,0.0,0.0,0.0,0.0,0.0,0.0,0.0,0.0,0.0,0.0,0.0,0.0,0.0,0.0,0.0,0.0,0.0,0.0,0.0,0.0,0.0,0.0,0.0,0.0,0.0,0.0,0.0,0.0,0.0,0.0,0.0,0.0,0.0,0.0,0.0,0.0,0.0,0.0,0.0,0.0,0.0,0.0,0.0,0.0,0.0,0.0,0.0,0.0,0.0,0.0,0.0,0.0,0.0,0.0,0.0,0.0,0.0,0.0,0.0,0.0,0.0,0.0,0.0,0.0,0.0,0.0,0.0,0.0,0.0,0.0,0.0,0.0,0.0,0.0,0.0,0.0,0.0,0.0,0.0,0.0,0.0,0.0,0.0,0.0,0.0,0.0,0.0,0.0,0.0,0.0,0.0,0.0,0.0,0.0,0.0,0.0,0.0,0.0,0.0,0.0,0.0,0.0,0.0,0.0,0.0,0.0,0.0,0.0,0.0,0.0,0.0,0.0,0.0,0.0,0.0,0.0,0.0,0.0,0.0,0.0,0.0,0.0,0.0,0.0,0.0,0.0,0.0,0.0,0.0,0.0,0.0,0.0,0.0,0.0,0.0,0.0,0.0,0.0,0.0,0.0,0.0,0.0,0.0,0.0,0.0,0.0,0.0,0.0,0.0,0.0,0.0,0.0,0.0,0.0,0.0,0.0,0.0,0.0,0.0,0.0,0.0,0.0,0.0,0.0,0.0,0.0,0.0,0.0,0.0,0.0,0.0,0.0,0.0,0.0,0.0,0.0,0.0,0.0,0.0,0.0,0.0,0.0,0.0,0.0,0.0,0.0,0.0,0.0,0.0,0.0,0.0,0.0,0.0,0.0,0.0,0.0,0.0,0.0,0.0,0.0,0.0,0.0,0.0,0.0,0.0,0.0,0.0,0.0,0.0,0.0,0.0,0.0,0.0,0.0,0.0,0.0,0.0,0.0,0.0,0.0,0.0,0.0,0.0,0.0,0.0,0.0,0.0,0.0,0.0,0.0,0.0,0.0,0.0,0.0,0.0,0.0,0.0,0.0,0.0,0.0,0.0,0.0,0.0,0.0,0.0,0.0,0.0,0.0,0.0,0.0,0.0,0.0,0.0,0.0,0.0,0.0,0.0,0.0,0.0,0.0,0.0,0.0,0.0,0.0,0.0,0.0,0.0,0.0,0.0,0.0,0.0,0.0,0.0,0.0,0.0,0.0,0.0,0.0,0.0,0.0,0.0,0.0,0.0,0.0,0.0,0.0,0.0,0.0,0.0,0.0,0.0,0.0,0.0,0.0,0.0,0.0,0.0,0.0,0.0,0.0,0.0,0.0,0.0,0.0,0.0,0.0,0.0,0.0,0.0,0.0,0.0,0.0,0.0,0.0,0.0,0.0,0.0,0.0,0.0,0.0,0.0,0.0,0.0,0.0,0.0,0.0,0.0,0.0,0.0,0.0,0.0,0.0,0.0,0.0,0.0,0.0,0.0,0.0,0.0,0.0,0.0,0.0,0.0,0.0,0.0,0.0,0.0,0.0,0.0,0.0,0.0,0.0,0.0,0.0,0.0,0.0,0.0,0.0,0.0,0.0,0.0,0.0,0.0,0.0,0.0,0.0,0.0,0.0,0.0,0.0,0.0,0.0,0.0,0.0,0.0,0.0,0.0,0.0,0.0,0.0,0.0,0.0,0.0,0.0,0.0,0.0,0.0,0.0,0.0,0.0,0.0,0.0,0.0,0.0,0.0,0.0,0.0,0.04950239993048097,6.96690587856711e-6,6.051432283295302e-8,1.770497750889188e-8,2.60739934409166e-7,1.2115942302131816e-7,1.267696383352752e-13,-7.504220279896531e-9,-0.0061080454615245194,-8.252662711734733e-16,5.630247306560127e-9,2.8095695978516375e-10,3.941102872407915e-11,3.914526609828703e-11,-0.00012130616200209087,-0.008810177087862863,-1.0453196168230667e-15,2.4933409608649973e-14,-1.8266447435636483e-15,-8.696541465988763e-9,-1.7919679960316133e-5,3.126639228239248e-6,-1.360944826587107e-11,-2.6307421489907377e-11,-6.569611763170483e-16,-1.8112286620876405e-11,-1.6758918581938826e-12,-1.1116584503348265e-6,1.4046705870055583e-15,-1.4410229019215667e-7,1.2452110544791007e-9,5.614298127441395e-10,-1.69984446849046e-12,6.444503959541305e-7,-5.263312445410052e-6,-3.090151070971576e-7,-1.7223585543444204e-14,0.008587796492722405,-1.3272639918476682e-12,-9.575473016778773e-5,-3.138745007213026e-13,8.179205225801577e-6,-0.0035816401414183515,7.094995619631505e-13,-4.2727952469013897e-10,-1.3112622438818986e-11,-5.044956037728705e-12,-9.686507358053956e-10,1.638025801707521e-10,-6.00669401031026e-6,-3.282045307062963e-14,1.1738508551776252e-13,5.28517604806552e-10,-5.229822932752927e-12,-6.499064077767498e-14,-1.445296180063783e-9,5.485646936750173e-12,1.0942719136672556e-6,3.015569068362071e-10,8.825561748373058e-5,-3.1301874081033234e-9,7.677573917651102e-15,0.0001734746146874059,-2.4736437696950514e-13,3.358923242966283e-16,-1.1087291985630572e-11,0.0012472770654972248,5.8910246900013574e-5,2.6548429226816004e-14,-2.9206140660690084e-13,-1.3847413363032593e-7,-0.00018729781804429588,-0.00015258220651890404,-4.492842749672419e-6,1.4004526728051238e-8,-1.0736524992312611e-14,1.620642746741746e-9,1.866344098576571e-13,0.0024861352807707964,-1.4602286935726636e-10,1.871311751424202e-7,-2.405522817747344e-7,-8.159177228979042e-14,-6.20148453844194e-11,-1.4470349520250284e-5,1.1411716591810173e-8,-9.886679282250913e-12,1.2242783723362785e-11,3.915994957064382e-5,-2.099962972667283e-14,-5.298365838445847e-13,-3.505097827238342e-7,8.067333939968235e-8,8.960439653964338e-9,-1.0365514437077983e-8,-0.00013310570495123547,1.0230948762470536e-11,-1.9205050595840795e-9,-1.0812364581756451e-16,2.958117055836793e-15,-9.472531729191396e-11,4.257084019801207e-15,-9.850563905396666e-8,0.0001617438333706418,-0.0002212198608267681,-1.871984479063928e-12,-5.431719409534832e-12,-2.641679002764989e-13,-1.0291168141233113e-15,-4.588741271510793e-5,3.466287348539145e-10,-0.0002600152540246257,-1.9521243865496454e-7,-2.8194307952887366e-7,2.2957321232491833e-5,1.8070991176581255e-13,-1.1740385411560861e-7,1.0552968344795909e-11,-9.190261888411029e-12,-1.2610733680952386e-12,0.0004988428354919423,-7.736387804208216e-14,-2.0312985501927783e-9,-5.7915263359129736e-12,-1.0067465210325898e-15,-1.089225663391689e-14,2.8633111629892317e-8,1.3407027192471336e-8,0.002282073684483335,0.001956617708132622,-0.0027384093911775745,-1.9014066870796333e-11,0.0007543760709176612,5.837442489589962e-11,2.803326194703149e-13,3.48062145257045e-12,-1.4661798535599632e-14,7.353179889972554e-10,-1.3445681227411993e-13,0.0008695684023082172,-1.4442673194898956e-11,-3.3848530318868677e-12,-2.803341027415939e-10,-1.0537826900611736e-13,9.29826297281912e-15,4.172936770917082e-14,-0.0007798538482870044,8.150372968076834e-13,-2.744295196627442e-7,1.1708589916156675e-10,-5.6956633557424e-16,4.854559552333011e-8,-1.4776897633795407e-5,5.917064785841201e-12,0.001380033939013356,5.08871425030078e-11,5.887095056566349e-14,-4.511928044127334e-6,1.052210070466508e-8,-1.0238298405446174e-7,1.5433657162596256e-12,7.575368561505478e-9,2.3166005974477945e-15,5.082053746598149e-5,1.5120170059619404e-8,-2.4825590391485165e-11,1.2279079547263945e-6,1.8637481197586396e-16,2.7860768308826676e-5,2.030192959538405e-15,-3.322805988669435e-13,-2.9944506975216546e-16,4.51655647703455e-5,6.681365192717146e-7,-2.1317060955703834e-8,-1.8702544306804812e-8,3.0410346664294593e-15,-7.499383661309485e-7,-8.874766109380377e-5,-5.565798390027999e-10,1.2089262233016954e-12,7.941072912898046e-6,-1.3349595137357872e-8,2.304484427311208e-9,-2.6153013884159785e-12,9.273349925181477e-12,-7.009180796925029e-5,0.003376895520094914,1.6474914513421831e-15,-1.3183567666450682e-11,7.915630683001171e-10,4.628921529751749e-6,1.2673265314634027e-9,3.182487272911921e-13,-4.58569487155207e-11,4.808543083930723e-7,1.6638254045399645e-6,-1.4202509884031327e-14,-3.5932745827648637e-13,-3.6335832833942133e-12,-2.282848663050167e-12,-3.4928058608792186e-11,3.2401501304580745e-13,8.886276971556925e-5,0.00038973395671552496,-2.367611170168946e-15,-2.9059851509607275e-10,0.00168389624198238
0.0,0.0,0.0,0.0,0.0,0.0,0.0,0.0,0.0,0.0,0.0,0.0,0.0,0.0,0.0,0.0,0.0,0.0,0.0,0.0,0.0,0.0,0.0,0.0,0.0,0.0,0.0,0.0,0.0,0.0,0.0,0.0,0.0,0.0,0.0,0.0,0.0,0.0,0.0,0.0,0.0,0.0,0.0,0.0,0.0,0.0,0.0,0.0,0.0,0.0,0.0,0.0,0.0,0.0,0.0,0.0,0.0,0.0,0.0,0.0,0.0,0.0,0.0,0.0,0.0,0.0,0.0,0.0,0.0,0.0,0.0,0.0,0.0,0.0,0.0,0.0,0.0,0.0,0.0,0.0,0.0,0.0,0.0,0.0,0.0,0.0,0.0,0.0,0.0,0.0,0.0,0.0,0.0,0.0,0.0,0.0,0.0,0.0,0.0,0.0,0.0,0.0,0.0,0.0,0.0,0.0,0.0,0.0,0.0,0.0,0.0,0.0,0.0,0.0,0.0,0.0,0.0,0.0,0.0,0.0,0.0,0.0,0.0,0.0,0.0,0.0,0.0,0.0,0.0,0.0,0.0,0.0,0.0,0.0,0.0,0.0,0.0,0.0,0.0,0.0,0.0,0.0,0.0,0.0,0.0,0.0,0.0,0.0,0.0,0.0,0.0,0.0,0.0,0.0,0.0,0.0,0.0,0.0,0.0,0.0,0.0,0.0,0.0,0.0,0.0,0.0,0.0,0.0,0.0,0.0,0.0,0.0,0.0,0.0,0.0,0.0,0.0,0.0,0.0,0.0,0.0,0.0,0.0,0.0,0.0,0.0,0.0,0.0,0.0,0.0,0.0,0.0,0.0,0.0,0.0,0.0,0.0,0.0,0.0,0.0,0.0,0.0,0.0,0.0,0.0,0.0,0.0,0.0,0.0,0.0,0.0,0.0,0.0,0.0,0.0,0.0,0.0,0.0,0.0,0.0,0.0,0.0,0.0,0.0,0.0,0.0,0.0,0.0,0.0,0.0,0.0,0.0,0.0,0.0,0.0,0.0,0.0,0.0,0.0,0.0,0.0,0.0,0.0,0.0,0.0,0.0,0.0,0.0,0.0,0.0,0.0,0.0,0.0,0.0,0.0,0.0,0.0,0.0,0.0,0.0,0.0,0.0,0.0,0.0,0.0,0.0,0.0,0.0,0.0,0.0,0.0,0.0,0.0,0.0,0.0,0.0,0.0,0.0,0.0,0.0,0.0,0.0,0.0,0.0,0.0,0.0,0.0,0.0,0.0,0.0,0.0,0.0,0.0,0.0,0.0,0.0,0.0,0.0,0.0,0.0,0.0,0.0,0.0,0.0,0.0,0.0,0.0,0.0,0.0,0.0,0.0,0.0,0.0,0.0,0.0,0.0,0.0,0.0,0.0,0.0,0.0,0.0,0.0,0.0,0.0,0.0,0.0,0.0,0.0,0.0,0.0,0.0,0.0,0.0,0.0,0.0,0.0,0.0,0.0,0.0,0.0,0.0,0.0,0.0,0.0,0.0,0.0,0.0,0.0,0.0,0.0,0.0,0.0,0.0,0.0,0.0,0.0,0.0,0.0,0.0,0.0,0.0,0.0,0.0,0.0,0.0,0.0,0.0,0.0,0.0,0.0,0.0,0.0,0.0,0.0,0.0,0.0,0.0,0.0,0.0,0.0,0.0,0.0,0.0,0.0,0.0,0.0,0.0,0.0,0.0,0.0,0.0,0.0,0.0,0.0,0.0,0.0,0.0,0.0,0.0,0.0,0.0,0.0,0.0,0.0,0.0,0.0,0.0,0.0,0.0,0.0,0.0,0.0,0.0,0.0,0.0,0.0,0.0,0.0,0.0,0.0,0.0,0.0,0.0,0.0,0.0,0.0,0.0,0.0,0.0,0.0,0.0,0.0,0.0,0.0,0.0,0.0,0.0,0.0,0.0,0.0,0.0,0.0,0.0,0.0,0.0,0.0,0.0,0.0,0.0,0.0,0.0,0.0,0.0,0.0,0.0,0.0,0.0,0.0,0.0,0.0,0.0,0.0,0.0,0.0,0.0,0.0,0.0,0.0,0.0,0.0,0.0,0.0,0.0,0.0,0.0,0.0,0.0,0.0,0.0,0.0,0.0,0.0,0.0,0.0,0.0,0.0,0.0,0.0,0.0,0.0,0.0,0.0,0.0,0.0,0.0,0.0,0.0,0.0,0.0,0.0,0.0,0.0,0.0,0.0,0.0,0.0,0.0,0.0,0.0,0.0,0.0,0.0,0.0,0.0,0.0,0.0,0.0,0.0,0.0,0.0,0.0,0.0,0.0,0.0,0.0,0.0,0.0,0.0,0.0,0.0,0.0,0.0,0.0,0.0,0.0,0.0,0.0,0.0,0.0,0.0,0.0,0.0,0.0,0.0,0.0,0.0,0.0,0.0,0.0,0.0,0.0,0.0,0.0,0.0,0.0,0.0,0.0,0.0,0.0,0.0,0.0,0.0,0.0,0.0,0.0,0.0,0.0,0.0,0.0,0.0,0.0,0.0,0.0,0.0,0.0,0.0,0.0,0.0,0.0,0.0,0.0,0.0,0.0,0.0,0.0,0.0,0.0,0.0,0.0,0.0,0.0,0.037502109114420416,0.00017915073191330843,1.3866141625509044e-5,-1.8505140154590707e-6,0.00029513732926414807,-5.459454939471438e-10,2.0482506255162444e-6,-8.341066311361311e-6,-1.6383998350469796e-12,4.9594715243013304e-6,9.136858815016122e-8,2.5086658896709072e-8,3.701011539931506e-9,0.00015721038022149957,-2.4134291958139756e-5,-6.444871931579885e-13,2.053733649222016e-11,-2.789078661882305e-12,-2.4281098071908277e-5,0.004119369701807978,-0.0021000720843238926,-1.0598838617290663e-8,1.2226523220584255e-8,-1.8325387879160495e-12,4.06294932379934e-8,-9.605183825809064e-10,0.0030427682019441103,1.6982688048506658e-12,-0.0006585292812015136,3.6598988945251203e-7,-1.5468842617826605e-6,2.6304618281236133e-10,-6.61194374723098e-5,0.00020422092060385556,-0.0002641215845032789,-2.150457194200601e-11,-8.086101586925006e-6,-9.753700222145515e-11,-0.0010861774756919492,1.7080861222467734e-9,-0.0014119339348695242,7.200259982741222e-6,1.6925258045246815e-9,1.680172183712106e-5,1.5563490791515115e-8,-5.102496643780205e-9,-7.250362742647585e-7,6.239220670455755e-7,-0.007905092951011546,-2.71756753644107e-11,1.3911161661035436e-11,-2.8545753670766263e-6,-1.0598505385024387e-9,-2.2965882371693292e-11,-2.7841885723063244e-6,4.716241388358803e-9,0.002951313701116631,-4.216589564992846e-8,0.0003457651694062365,-1.213891576608869e-5,9.406725600447041e-13,-4.025024584006928e-5,-2.96563018491681e-10,-6.405883754378294e-13,-3.1765055008820903e-7,0.000112765972516792,0.001815090094692098,1.2326878889896622e-10,1.781883651153138e-10,-5.816271060811863e-5,-5.178563156394863e-5,-0.0009896218897674255,-0.0022932054532535454,7.523018912417499e-5,7.418647707332015e-11,1.6532228962133561e-6,1.810006637640993e-10,5.692162080202576e-5,3.6999599118465304e-7,-0.0009857994259797403,5.5106244466377686e-6,2.5135348492425252e-11,1.358098337472108e-7,-0.00619764500211214,-7.296562282341599e-5,-8.722052635721722e-9,8.415418803653172e-8,0.004858218883694881,3.947100007297375e-11,-3.6201475904369436e-10,0.0013251276803440616,4.293191754597836e-5,4.45942478519578e-5,-2.1957134971457683e-5,0.00013342828792479278,-1.7134635162541815e-8,4.47402812098842e-5,5.578968584918734e-13,-8.396367972556823e-11,8.465876020755053e-8,-1.2339872632423739e-11,0.00012174411860858632,0.00024459318954906734,3.464249786033241e-5,-2.625188760646959e-9,-1.2941143607707968e-8,2.4999136847414613e-10,-1.877803405473304e-12,-0.0012356714700814168,-1.1141079355619703e-6,-1.8024555553390328e-5,-0.0005429277932589223,0.0018614285579012604,0.0010982181577569505,6.336207120659775e-10,0.0021606590370130455,2.0912786696419827e-8,-8.816424587622408e-8,-1.449699425622378e-9,2.1146591368350326e-5,-4.418897313631549e-11,-1.0397047891528188e-5,1.1490565714064157e-9,-1.570730240465185e-11,3.1620222445871607e-11,-1.6246337616705314e-5,1.8763971561925897e-6,7.009877558830257e-5,-4.627572696609532e-6,-9.837800363885101e-6,-4.29642474380247e-9,-0.00040849664454524536,-4.1990024703528344e-9,1.139590687058013e-9,-5.6169191367603e-9,-1.3470877767163089e-11,1.7539609780881773e-7,-1.3012286907779642e-10,-8.255512146639787e-6,-8.993727604117164e-8,4.6244043786575834e-9,-1.7398694368930882e-6,-8.969616533484686e-11,-8.49328359269926e-12,7.281813159505039e-11,1.9291941108972882e-5,-1.0724199212777834e-8,0.002221232617917484,-7.864768550372691e-7,-1.7336250559934962e-12,7.017035872546498e-5,0.001687852462318629,-2.4942205801194017e-7,-0.0001288830385603869,2.6122059768666155e-7,-5.233652526334456e-10,0.004756979574069403,1.6052188248401278e-5,2.089407424191545e-5,-2.8548681508540784e-9,2.158746464609275e-5,2.714294497676801e-12,0.0005330846096429944,-1.1794089338340978e-5,-7.300711348734174e-9,-0.000635313105568381,2.6299801937267434e-11,-0.0053852547110418356,4.938608272948477e-11,8.061147398038838e-11,2.884923219213466e-13,0.005879879840938919,-0.00016969206491125312,4.720079054553206e-6,-1.24728361742827e-5,2.4106405640235676e-12,-0.0007549921293627036,-0.0012880614516806534,-3.642953043968408e-7,-1.4009940057696228e-10,-0.001105901566214753,-3.705059607820751e-5,1.2194521959350567e-5,-2.2232315138985104e-9,-1.1071985555857571e-8,0.0004746781223817039,-9.203676647773767e-5,-7.084694029453206e-10,-8.024217098250858e-8,6.350957305557467e-7,0.0015161344283828881,1.039280448522076e-6,6.604578310381657e-10,-7.93441432836988e-6,0.000863897364814719,0.0005971570173468249,-1.5841419764455357e-11,-6.537949019160023e-11,2.1564743385528074e-9,-2.0263991521100725e-9,-6.29682237565178e-9,-2.7782574396490137e-9,-0.0007294306353827679,3.8530415808012064e-5,-4.837388732482785e-12,9.536561591265046e-9,-1.0173490733297327e-5
0.0,0.0,0.0,0.0,0.0,0.0,0.0,0.0,0.0,0.0,0.0,0.0,0.0,0.0,0.0,0.0,0.0,0.0,0.0,0.0,0.0,0.0,0.0,0.0,0.0,0.0,0.0,0.0,0.0,0.0,0.0,0.0,0.0,0.0,0.0,0.0,0.0,0.0,0.0,0.0,0.0,0.0,0.0,0.0,0.0,0.0,0.0,0.0,0.0,0.0,0.0,0.0,0.0,0.0,0.0,0.0,0.0,0.0,0.0,0.0,0.0,0.0,0.0,0.0,0.0,0.0,0.0,0.0,0.0,0.0,0.0,0.0,0.0,0.0,0.0,0.0,0.0,0.0,0.0,0.0,0.0,0.0,0.0,0.0,0.0,0.0,0.0,0.0,0.0,0.0,0.0,0.0,0.0,0.0,0.0,0.0,0.0,0.0,0.0,0.0,0.0,0.0,0.0,0.0,0.0,0.0,0.0,0.0,0.0,0.0,0.0,0.0,0.0,0.0,0.0,0.0,0.0,0.0,0.0,0.0,0.0,0.0,0.0,0.0,0.0,0.0,0.0,0.0,0.0,0.0,0.0,0.0,0.0,0.0,0.0,0.0,0.0,0.0,0.0,0.0,0.0,0.0,0.0,0.0,0.0,0.0,0.0,0.0,0.0,0.0,0.0,0.0,0.0,0.0,0.0,0.0,0.0,0.0,0.0,0.0,0.0,0.0,0.0,0.0,0.0,0.0,0.0,0.0,0.0,0.0,0.0,0.0,0.0,0.0,0.0,0.0,0.0,0.0,0.0,0.0,0.0,0.0,0.0,0.0,0.0,0.0,0.0,0.0,0.0,0.0,0.0,0.0,0.0,0.0,0.0,0.0,0.0,0.0,0.0,0.0,0.0,0.0,0.0,0.0,0.0,0.0,0.0,0.0,0.0,0.0,0.0,0.0,0.0,0.0,0.0,0.0,0.0,0.0,0.0,0.0,0.0,0.0,0.0,0.0,0.0,0.0,0.0,0.0,0.0,0.0,0.0,0.0,0.0,0.0,0.0,0.0,0.0,0.0,0.0,0.0,0.0,0.0,0.0,0.0,0.0,0.0,0.0,0.0,0.0,0.0,0.0,0.0,0.0,0.0,0.0,0.0,0.0,0.0,0.0,0.0,0.0,0.0,0.0,0.0,0.0,0.0,0.0,0.0,0.0,0.0,0.0,0.0,0.0,0.0,0.0,0.0,0.0,0.0,0.0,0.0,0.0,0.0,0.0,0.0,0.0,0.0,0.0,0.0,0.0,0.0,0.0,0.0,0.0,0.0,0.0,0.0,0.0,0.0,0.0,0.0,0.0,0.0,0.0,0.0,0.0,0.0,0.0,0.0,0.0,0.0,0.0,0.0,0.0,0.0,0.0,0.0,0.0,0.0,0.0,0.0,0.0,0.0,0.0,0.0,0.0,0.0,0.0,0.0,0.0,0.0,0.0,0.0,0.0,0.0,0.0,0.0,0.0,0.0,0.0,0.0,0.0,0.0,0.0,0.0,0.0,0.0,0.0,0.0,0.0,0.0,0.0,0.0,0.0,0.0,0.0,0.0,0.0,0.0,0.0,0.0,0.0,0.0,0.0,0.0,0.0,0.0,0.0,0.0,0.0,0.0,0.0,0.0,0.0,0.0,0.0,0.0,0.0,0.0,0.0,0.0,0.0,0.0,0.0,0.0,0.0,0.0,0.0,0.0,0.0,0.0,0.0,0.0,0.0,0.0,0.0,0.0,0.0,0.0,0.0,0.0,0.0,0.0,0.0,0.0,0.0,0.0,0.0,0.0,0.0,0.0,0.0,0.0,0.0,0.0,0.0,0.0,0.0,0.0,0.0,0.0,0.0,0.0,0.0,0.0,0.0,0.0,0.0,0.0,0.0,0.0,0.0,0.0,0.0,0.0,0.0,0.0,0.0,0.0,0.0,0.0,0.0,0.0,0.0,0.0,0.0,0.0,0.0,0.0,0.0,0.0,0.0,0.0,0.0,0.0,0.0,0.0,0.0,0.0,0.0,0.0,0.0,0.0,0.0,0.0,0.0,0.0,0.0,0.0,0.0,0.0,0.0,0.0,0.0,0.0,0.0,0.0,0.0,0.0,0.0,0.0,0.0,0.0,0.0,0.0,0.0,0.0,0.0,0.0,0.0,0.0,0.0,0.0,0.0,0.0,0.0,0.0,0.0,0.0,0.0,0.0,0.0,0.0,0.0,0.0,0.0,0.0,0.0,0.0,0.0,0.0,0.0,0.0,0.0,0.0,0.0,0.0,0.0,0.0,0.0,0.0,0.0,0.0,0.0,0.0,0.0,0.0,0.0,0.0,0.0,0.0,0.0,0.0,0.0,0.0,0.0,0.0,0.0,0.0,0.0,0.0,0.0,0.0,0.0,0.0,0.0,0.0,0.0,0.0,0.0,0.0,0.0,0.0,0.0,0.0,0.0,0.0,0.0,0.0,0.0,0.0,0.0,0.0,0.0,0.0,0.0,0.0,0.0,0.0,0.0,0.0,0.0,0.0,0.0,0.0,0.0,0.0,0.0,0.0,0.0,0.0,0.0,0.0,0.0,0.0,0.0,0.0,0.0,0.0,0.0,0.0,0.0,0.0,0.0,0.04587226422752712,0.0007743854878536783,0.0005418320656856679,0.004066207050577031,7.188990769507756e-8,0.00042538120735670376,1.8167322680560842e-7,2.4420831480547e-10,-0.0010654446923217139,-0.00040678871535197676,2.5351985172433406e-6,2.9191417431013785e-6,8.300203261656164e-9,9.114715842405938e-8,5.47741928160699e-11,7.576144367406461e-10,2.3108370124784402e-10,0.001341679367432041,1.1635395394608056e-5,2.8930144467555207e-5,1.0411765676175083e-6,1.4285298210076178e-5,-1.615664697466246e-11,3.002290266251212e-6,-6.584045178018887e-8,-2.3692518513931525e-5,1.8554214762334921e-10,0.00011354358317863426,0.00018938330288811286,-7.756875824478887e-5,-3.0771283848201343e-7,-0.0009387152431549196,-0.00024101519892906256,0.0018153118280441612,3.566180639859338e-10,1.644882177404429e-8,9.706533155908002e-8,-1.030563064732441e-5,6.437906149177056e-7,-7.285633618202553e-6,-3.5835468404472863e-8,8.07286349643703e-8,0.002580823694437836,3.4531185805988185e-6,6.507716288023549e-7,-5.528238371056827e-5,-3.438776847728775e-5,1.4676516671325259e-5,-5.040348483340187e-9,3.70395550008083e-9,0.0038447635359802187,-8.72157790547018e-6,-1.5330509384299317e-8,0.00018999364060398802,4.6719288258884467e-7,0.0017943664128892388,-2.3434157824932776e-5,3.1631696198534294e-6,-0.0013059201022980014,-9.915468254737335e-10,3.199372832106515e-7,-7.158864320919385e-9,-9.962968828089567e-11,-0.0002205256829012327,1.9588041192721254e-7,-2.7617427944067738e-6,1.959956909057367e-9,6.265909875690072e-8,-0.00015034088480244073,-6.941175482907271e-7,1.8147002626020156e-6,-0.0003026291686892603,0.0005279391660165126,2.919073334138886e-9,6.648924324030573e-5,1.7340897230509256e-9,-7.580279117956693e-8,0.00019208049609741463,-3.655840143764439e-5,-0.0012391818550247994,4.306726547555506e-9,6.540230566450814e-5,5.4900432785251666e-5,-0.00019169171791566278,-2.1037701840512497e-6,3.010183011452496e-5,2.629022490198918e-5,6.860944080387154e-9,1.1003093808290714e-7,-1.0858297409494726e-6,0.01884463517008446,0.0054392643076115335,-0.0035958145598264848,1.608110632805277e-6,1.618409499156539e-7,0.004539495686507638,6.746739110420794e-11,-1.9100557555129017e-8,2.7527559205723274e-5,-3.2639028475816344e-9,-0.0024387817444844963,-1.218626890953978e-6,-3.085767867105121e-7,-4.835133439097803e-7,-5.348974485977254e-7,-6.812578917815922e-8,-3.88965736260404e-11,1.1182795647791688e-6,-7.430876028757736e-5,-2.4672763030429687e-7,-0.0010651554646469252,-6.53503856321745e-5,-3.4705046664329734e-6,1.0659366526209863e-7,-0.00012268318310444196,2.0766801696783403e-6,-1.0303391366346861e-5,5.833273046220857e-8,-2.0562296099866378e-7,5.476104892833388e-9,-0.0028311292799211274,1.5986517368813686e-6,9.613500408634052e-11,2.041959923850852e-10,0.0088578266261068,-0.0014360180059630775,-4.9496693237779765e-8,-1.3603392000799406e-9,-9.45403033208123e-8,2.6034480664898773e-6,6.752261644796189e-7,-8.960541251722429e-6,1.9070673872886988e-8,-9.009681577290535e-7,2.2362257401880414e-10,2.341742120397759e-5,1.0389613249268399e-8,1.3734681803638501e-8,-5.022938405562941e-6,6.175151611148535e-7,-0.0004129264508175915,1.1494473644323263e-8,-1.3547201044710697e-9,4.32778696248107e-9,-1.0224891469200056e-7,-3.1246221369360074e-6,0.0007663274694314398,0.00016783911408147263,-8.36590479069686e-11,0.0014078083529080274,-1.382487747804856e-6,-3.5868023789852185e-5,6.011336141629322e-7,1.535368643910871e-5,-5.415204238384633e-8,0.0001429148162571191,0.0027448762698930487,0.005841299573075497,-2.5678744007403586e-7,0.0015741007067640216,-7.568467247303967e-11,-1.5073231804489969e-6,-0.001545673703445531,1.4346887364355825e-6,0.0002466060447051935,7.957829705200069e-10,9.769160364157127e-6,7.63405916424169e-9,4.907235004730687e-9,-9.813549447348208e-11,-2.0654175726948905e-5,-0.00025970890913790806,0.0008263214412895202,0.0022375054698034512,-2.736713338790726e-10,-6.657216222009772e-5,2.2905913937537206e-6,1.909580768059229e-5,-2.1311194298457676e-7,8.636051393801112e-7,-0.003649213382609486,0.0005386275167973038,-4.171154341396391e-6,9.351517437571976e-7,-9.143617037275099e-7,1.2291514809623972e-7,3.7823590385303466e-8,-1.0849611781712608e-5,-0.00025786510572369133,0.00011159266283278788,0.0006217160440069113,1.1159046325989928e-8,-0.0005407027064858188,-6.369342704025181e-5,0.0008278679950461886,-1.898962665914456e-9,1.5291713327498804e-8,7.483319841664837e-7,-1.7435415878870506e-7,1.9452412297976306e-6,-2.7633692462095976e-6,1.3742818218910392e-6,-7.820385816618806e-7,-1.9540966036397346e-11,-6.711447107907578e-5,-2.6183002557682357e-8
0.0,0.0,0.0,0.0,0.0,0.0,0.0,0.0,0.0,0.0,0.0,0.0,0.0,0.0,0.0,0.0,0.0,0.0,0.0,0.0,0.0,0.0,0.0,0.0,0.0,0.0,0.0,0.0,0.0,0.0,0.0,0.0,0.0,0.0,0.0,0.0,0.0,0.0,0.0,0.0,0.0,0.0,0.0,0.0,0.0,0.0,0.0,0.0,0.0,0.0,0.0,0.0,0.0,0.0,0.0,0.0,0.0,0.0,0.0,0.0,0.0,0.0,0.0,0.0,0.0,0.0,0.0,0.0,0.0,0.0,0.0,0.0,0.0,0.0,0.0,0.0,0.0,0.0,0.0,0.0,0.0,0.0,0.0,0.0,0.0,0.0,0.0,0.0,0.0,0.0,0.0,0.0,0.0,0.0,0.0,0.0,0.0,0.0,0.0,0.0,0.0,0.0,0.0,0.0,0.0,0.0,0.0,0.0,0.0,0.0,0.0,0.0,0.0,0.0,0.0,0.0,0.0,0.0,0.0,0.0,0.0,0.0,0.0,0.0,0.0,0.0,0.0,0.0,0.0,0.0,0.0,0.0,0.0,0.0,0.0,0.0,0.0,0.0,0.0,0.0,0.0,0.0,0.0,0.0,0.0,0.0,0.0,0.0,0.0,0.0,0.0,0.0,0.0,0.0,0.0,0.0,0.0,0.0,0.0,0.0,0.0,0.0,0.0,0.0,0.0,0.0,0.0,0.0,0.0,0.0,0.0,0.0,0.0,0.0,0.0,0.0,0.0,0.0,0.0,0.0,0.0,0.0,0.0,0.0,0.0,0.0,0.0,0.0,0.0,0.0,0.0,0.0,0.0,0.0,0.0,0.0,0.0,0.0,0.0,0.0,0.0,0.0,0.0,0.0,0.0,0.0,0.0,0.0,0.0,0.0,0.0,0.0,0.0,0.0,0.0,0.0,0.0,0.0,0.0,0.0,0.0,0.0,0.0,0.0,0.0,0.0,0.0,0.0,0.0,0.0,0.0,0.0,0.0,0.0,0.0,0.0,0.0,0.0,0.0,0.0,0.0,0.0,0.0,0.0,0.0,0.0,0.0,0.0,0.0,0.0,0.0,0.0,0.0,0.0,0.0,0.0,0.0,0.0,0.0,0.0,0.0,0.0,0.0,0.0,0.0,0.0,0.0,0.0,0.0,0.0,0.0,0.0,0.0,0.0,0.0,0.0,0.0,0.0,0.0,0.0,0.0,0.0,0.0,0.0,0.0,0.0,0.0,0.0,0.0,0.0,0.0,0.0,0.0,0.0,0.0,0.0,0.0,0.0,0.0,0.0,0.0,0.0,0.0,0.0,0.0,0.0,0.0,0.0,0.0,0.0,0.0,0.0,0.0,0.0,0.0,0.0,0.0,0.0,0.0,0.0,0.0,0.0,0.0,0.0,0.0,0.0,0.0,0.0,0.0,0.0,0.0,0.0,0.0,0.0,0.0,0.0,0.0,0.0,0.0,0.0,0.0,0.0,0.0,0.0,0.0,0.0,0.0,0.0,0.0,0.0,0.0,0.0,0.0,0.0,0.0,0.0,0.0,0.0,0.0,0.0,0.0,0.0,0.0,0.0,0.0,0.0,0.0,0.0,0.0,0.0,0.0,0.0,0.0,0.0,0.0,0.0,0.0,0.0,0.0,0.0,0.0,0.0,0.0,0.0,0.0,0.0,0.0,0.0,0.0,0.0,0.0,0.0,0.0,0.0,0.0,0.0,0.0,0.0,0.0,0.0,0.0,0.0,0.0,0.0,0.0,0.0,0.0,0.0,0.0,0.0,0.0,0.0,0.0,0.0,0.0,0.0,0.0,0.0,0.0,0.0,0.0,0.0,0.0,0.0,0.0,0.0,0.0,0.0,0.0,0.0,0.0,0.0,0.0,0.0,0.0,0.0,0.0,0.0,0.0,0.0,0.0,0.0,0.0,0.0,0.0,0.0,0.0,0.0,0.0,0.0,0.0,0.0,0.0,0.0,0.0,0.0,0.0,0.0,0.0,0.0,0.0,0.0,0.0,0.0,0.0,0.0,0.0,0.0,0.0,0.0,0.0,0.0,0.0,0.0,0.0,0.0,0.0,0.0,0.0,0.0,0.0,0.0,0.0,0.0,0.0,0.0,0.0,0.0,0.0,0.0,0.0,0.0,0.0,0.0,0.0,0.0,0.0,0.0,0.0,0.0,0.0,0.0,0.0,0.0,0.0,0.0,0.0,0.0,0.0,0.0,0.0,0.0,0.0,0.0,0.0,0.0,0.0,0.0,0.0,0.0,0.0,0.0,0.0,0.0,0.0,0.0,0.0,0.0,0.0,0.0,0.0,0.0,0.0,0.0,0.0,0.0,0.0,0.0,0.0,0.0,0.0,0.0,0.0,0.0,0.0,0.0,0.0,0.0,0.0,0.0,0.0,0.0,0.0,0.0,0.0,0.0,0.0,0.0,0.0,0.0,0.0,0.0,0.0,0.0,0.0,0.0,0.0,0.0,0.0,0.0,0.0,0.0,0.0,0.0,0.0,0.0,0.0,0.0,0.0,0.0,0.0,0.0,0.0,0.0,0.0,0.0,0.0,0.0,0.0,0.0,0.0,0.0,0.0,0.0,0.03995400788867266,0.0008190426565451703,-0.001676428140540194,-2.8622761707431626e-7,-0.0020927394865474353,3.9604257079329975e-9,-4.906071211308368e-10,-0.000227191937179221,0.0006121615001589617,-0.0001202437305871788,-6.149245193302799e-6,6.761515911988194e-8,3.5673499458348945e-8,-1.0679333922594054e-9,1.5992210538579903e-9,2.974205149349848e-10,0.00028654123534624945,6.27033287988905e-6,-1.1668790515660579e-6,-2.4146135729646403e-6,-2.6400822373545296e-6,-7.812928555619388e-10,3.370755312120129e-5,-7.062230126793728e-8,-1.6723405473811471e-6,9.59339253845786e-10,-0.0003175479674537299,0.0038013016584825454,-0.0025622257468515142,-9.293237970003345e-8,2.780005613719473e-5,-7.21763170017578e-6,-0.000566915898219047,-5.459759835535676e-9,1.398288291192691e-8,8.572278633717814e-7,-1.1170734423489031e-6,1.479853110569177e-7,4.2216133683411246e-7,2.763759984989456e-9,-6.211315031375475e-7,0.006139321458664791,1.2143426100045183e-5,-7.364672536424754e-7,-0.0006252495751933088,5.487300151839265e-5,1.7875342845888227e-6,4.04098640501559e-9,-1.5637117942954284e-8,-0.00010431681173119316,4.266418084857021e-7,-2.3839176361193897e-7,-0.00022742458793813264,6.653250933828783e-8,2.2570124720132905e-5,9.048888748271833e-5,3.2701682098540026e-7,0.010570266482499245,5.0272899415848475e-9,5.648641454464723e-8,6.552286991436404e-9,-8.746359910974973e-10,0.00014496065240270518,2.139426707833777e-8,9.831296658642731e-7,5.912928603606161e-8,8.122592589281313e-8,3.9381893397223016e-5,-1.2679875105208037e-7,-2.1989365980689762e-7,-6.199703995260508e-5,-0.0017308610877434262,5.626377155279724e-8,-0.0006179641704739574,-4.9587054939924863e-8,6.180102050041934e-8,-0.0010059440034516543,-0.000105510394482742,-0.0007035325646540858,6.706158746087716e-8,3.328796833114171e-5,-9.074536249293246e-6,0.00012795636055153888,4.182835751331343e-6,7.7993031484991e-5,-4.653690659771977e-6,4.979305816228464e-9,-1.726240039224526e-7,-3.746104171488753e-5,0.0010324571106675707,0.011392498414471201,0.0012505427255226423,2.2800697663052336e-7,-9.466788998719554e-6,-0.0007658099192874384,1.379597177299677e-10,-6.31477227321153e-8,3.6571670725392245e-5,-3.801148096073166e-9,0.0004127388046821316,1.282318023166698e-7,-1.6317558256359603e-8,-2.6439038487867354e-6,-7.295301773335364e-5,-9.87754633161571e-7,-6.280957770415232e-10,-2.0154978092445456e-6,-0.001141872124780756,5.581781172673129e-8,-0.0006155629987309287,-2.547185883255902e-5,1.3822127513335693e-6,2.9409646831138966e-7,-3.730949538365367e-5,8.87259175511714e-6,-9.558960992585865e-5,-1.6508088551360862e-6,2.7006009589883896e-8,-4.8662917644058006e-8,-4.165549576434469e-5,4.4293309276673385e-6,-4.6534620682699345e-9,8.928193412202196e-9,-0.0011662445877297918,0.001672015974558841,5.612887379202521e-9,-5.371371904366331e-9,-2.8667083178996152e-8,1.2458306267482026e-5,8.153277873534366e-9,2.5482974154202946e-5,7.575061976737305e-7,-4.120644717014037e-6,-1.4877180126835136e-9,0.0008028559534555918,-1.8368442718536456e-7,-6.150243910724658e-9,-3.743072334521683e-5,3.5864642788064314e-6,-0.0002913094639868578,-1.4423618362554362e-8,-1.737734612959532e-8,4.570051404968822e-8,-2.72450663073577e-8,1.660012475939654e-6,-9.63803199771226e-5,6.463927264974202e-5,6.054426760905282e-10,-2.763827605157978e-5,1.826894894752917e-5,0.00021244267226126003,2.368564460267061e-7,0.000114808672858706,-1.2923997610854963e-7,3.828838458952695e-5,0.002992873823992888,-0.00030134280785067217,-8.907908462972036e-7,0.0036755757628277146,9.044734342422538e-10,1.5133998440762928e-7,-0.005930031490301715,-2.3544181271355826e-5,-1.5231307897115533e-6,1.2399622771152095e-8,1.3082527737542718e-6,2.466833510853108e-8,3.4223676854453117e-7,4.0300814730943817e-10,7.1994141972746926e-6,-6.518359447400369e-5,-0.0024641698318065785,-0.007478717899366925,7.820743046841683e-10,4.076587816842911e-6,6.353431914850143e-7,-0.00024058015008085,-2.3729912378529392e-7,5.867060160928724e-7,0.0030249872947259826,0.0002888465564218597,-3.850684363961737e-6,-1.4261952908669534e-5,1.5129310986150448e-8,7.580592916487448e-8,-7.787520572384564e-8,-6.481649409851583e-5,0.0005366964495725677,-5.437540804167384e-6,0.002993710921355633,5.712269422918576e-7,-0.0003445166628228328,1.4880566265749336e-5,-2.1185978148389388e-5,-1.3305459319915865e-8,1.587284649441317e-7,2.6797453195333137e-5,1.7806058667025656e-6,-8.561912805520155e-6,1.5452897347269867e-6,3.4704564846424787e-7,1.1287028048549082e-7,3.064064025790643e-9,0.0008957582205374015,1.3672593748667377e-8
0.0,0.0,0.0,0.0,0.0,0.0,0.0,0.0,0.0,0.0,0.0,0.0,0.0,0.0,0.0,0.0,0.0,0.0,0.0,0.0,0.0,0.0,0.0,0.0,0.0,0.0,0.0,0.0,0.0,0.0,0.0,0.0,0.0,0.0,0.0,0.0,0.0,0.0,0.0,0.0,0.0,0.0,0.0,0.0,0.0,0.0,0.0,0.0,0.0,0.0,0.0,0.0,0.0,0.0,0.0,0.0,0.0,0.0,0.0,0.0,0.0,0.0,0.0,0.0,0.0,0.0,0.0,0.0,0.0,0.0,0.0,0.0,0.0,0.0,0.0,0.0,0.0,0.0,0.0,0.0,0.0,0.0,0.0,0.0,0.0,0.0,0.0,0.0,0.0,0.0,0.0,0.0,0.0,0.0,0.0,0.0,0.0,0.0,0.0,0.0,0.0,0.0,0.0,0.0,0.0,0.0,0.0,0.0,0.0,0.0,0.0,0.0,0.0,0.0,0.0,0.0,0.0,0.0,0.0,0.0,0.0,0.0,0.0,0.0,0.0,0.0,0.0,0.0,0.0,0.0,0.0,0.0,0.0,0.0,0.0,0.0,0.0,0.0,0.0,0.0,0.0,0.0,0.0,0.0,0.0,0.0,0.0,0.0,0.0,0.0,0.0,0.0,0.0,0.0,0.0,0.0,0.0,0.0,0.0,0.0,0.0,0.0,0.0,0.0,0.0,0.0,0.0,0.0,0.0,0.0,0.0,0.0,0.0,0.0,0.0,0.0,0.0,0.0,0.0,0.0,0.0,0.0,0.0,0.0,0.0,0.0,0.0,0.0,0.0,0.0,0.0,0.0,0.0,0.0,0.0,0.0,0.0,0.0,0.0,0.0,0.0,0.0,0.0,0.0,0.0,0.0,0.0,0.0,0.0,0.0,0.0,0.0,0.0,0.0,0.0,0.0,0.0,0.0,0.0,0.0,0.0,0.0,0.0,0.0,0.0,0.0,0.0,0.0,0.0,0.0,0.0,0.0,0.0,0.0,0.0,0.0,0.0,0.0,0.0,0.0,0.0,0.0,0.0,0.0,0.0,0.0,0.0,0.0,0.0,0.0,0.0,0.0,0.0,0.0,0.0,0.0,0.0,0.0,0.0,0.0,0.0,0.0,0.0,0.0,0.0,0.0,0.0,0.0,0.0,0.0,0.0,0.0,0.0,0.0,0.0,0.0,0.0,0.0,0.0,0.0,0.0,0.0,0.0,0.0,0.0,0.0,0.0,0.0,0.0,0.0,0.0,0.0,0.0,0.0,0.0,0.0,0.0,0.0,0.0,0.0,0.0,0.0,0.0,0.0,0.0,0.0,0.0,0.0,0.0,0.0,0.0,0.0,0.0,0.0,0.0,0.0,0.0,0.0,0.0,0.0,0.0,0.0,0.0,0.0,0.0,0.0,0.0,0.0,0.0,0.0,0.0,0.0,0.0,0.0,0.0,0.0,0.0,0.0,0.0,0.0,0.0,0.0,0.0,0.0,0.0,0.0,0.0,0.0,0.0,0.0,0.0,0.0,0.0,0.0,0.0,0.0,0.0,0.0,0.0,0.0,0.0,0.0,0.0,0.0,0.0,0.0,0.0,0.0,0.0,0.0,0.0,0.0,0.0,0.0,0.0,0.0,0.0,0.0,0.0,0.0,0.0,0.0,0.0,0.0,0.0,0.0,0.0,0.0,0.0,0.0,0.0,0.0,0.0,0.0,0.0,0.0,0.0,0.0,0.0,0.0,0.0,0.0,0.0,0.0,0.0,0.0,0.0,0.0,0.0,0.0,0.0,0.0,0.0,0.0,0.0,0.0,0.0,0.0,0.0,0.0,0.0,0.0,0.0,0.0,0.0,0.0,0.0,0.0,0.0,0.0,0.0,0.0,0.0,0.0,0.0,0.0,0.0,0.0,0.0,0.0,0.0,0.0,0.0,0.0,0.0,0.0,0.0,0.0,0.0,0.0,0.0,0.0,0.0,0.0,0.0,0.0,0.0,0.0,0.0,0.0,0.0,0.0,0.0,0.0,0.0,0.0,0.0,0.0,0.0,0.0,0.0,0.0,0.0,0.0,0.0,0.0,0.0,0.0,0.0,0.0,0.0,0.0,0.0,0.0,0.0,0.0,0.0,0.0,0.0,0.0,0.0,0.0,0.0,0.0,0.0,0.0,0.0,0.0,0.0,0.0,0.0,0.0,0.0,0.0,0.0,0.0,0.0,0.0,0.0,0.0,0.0,0.0,0.0,0.0,0.0,0.0,0.0,0.0,0.0,0.0,0.0,0.0,0.0,0.0,0.0,0.0,0.0,0.0,0.0,0.0,0.0,0.0,0.0,0.0,0.0,0.0,0.0,0.0,0.0,0.0,0.0,0.0,0.0,0.0,0.0,0.0,0.0,0.0,0.0,0.0,0.0,0.0,0.0,0.0,0.0,0.0,0.0,0.0,0.0,0.0,0.0,0.0,0.0,0.0,0.0,0.0,0.0,0.0,0.0,0.0,0.0,0.0,0.0,0.0,0.0,0.0,0.0,0.0,0.0,0.0,0.0,0.0,0.0,0.0,0.0,0.0,0.0,0.0,0.0,0.0,0.0,0.0,0.0,0.0,0.0,0.029822116936385142,-0.012180998135281194,-1.988529494311165e-9,3.309379055104244e-5,4.517177989142411e-8,-8.91430898087518e-11,5.955804848651997e-6,3.705227328096894e-5,3.3703411258032163e-7,-1.0145787837433635e-6,1.9201350796750784e-6,1.905952798556273e-7,-1.0920331615551392e-10,5.439042444747675e-11,-1.6208798327529407e-10,0.000783082933976082,3.587923814267879e-5,0.00016398519923201108,1.1959758256405489e-7,-3.118656703358933e-8,-3.027165807224508e-11,1.1536890770738412e-7,-3.62922901311377e-8,-6.312191177570087e-5,6.729557691616193e-11,-0.0005207030159239067,0.00017366875628498186,2.6970537439189088e-6,1.1328937614275213e-7,-0.0003010129721113435,-0.00028781100256811007,-0.000768234857836027,-5.976153759354023e-10,1.0414354742672827e-7,2.2249631839801813e-8,-4.7443444183602713e-5,9.781653699218302e-8,-9.17521520810585e-5,3.4500673911181264e-8,3.189503608344407e-8,-5.821828824087497e-6,-1.3678353767179001e-7,-3.0420329442483294e-7,-3.360598163020689e-5,1.0571178521305106e-5,1.5183040605939287e-5,-1.2373986736342883e-9,9.470283210363824e-9,-0.00014922740634517023,2.3534376638761164e-6,1.0487535091141746e-8,0.0002146809359567507,-1.853930148041501e-7,0.004186116696253788,-8.11921828604938e-6,-1.4047314251990855e-5,-0.00011634962710934027,-2.416105409834646e-10,3.099884034833107e-7,4.1555301090989926e-9,4.045935356622231e-11,2.5751749021027e-6,-2.0973165256083496e-6,2.461908979353285e-5,6.163323511210575e-10,-1.4828183547246174e-8,0.00012678874917070358,-4.924752579915728e-6,2.7998421639047223e-6,-0.002795620110113495,-0.001986983260118298,4.833025819475357e-10,-0.00015926532419013555,4.926023574792777e-9,-1.0208894801591492e-6,-4.489721192776027e-6,-0.0004890171576288192,0.005012946051773603,1.761647035565397e-9,-1.3156912897977763e-5,6.969090069935136e-5,0.004648399344544049,-2.263714398763793e-6,-7.3776464146485065e-6,0.00010928843116291727,-9.732321282503969e-11,-4.166980747407482e-8,-0.0006031562738706952,-0.000781042946768639,0.000928752579050104,0.0039565105511287415,-1.117854259967804e-6,7.249073123325626e-7,-0.00031970903661825454,-4.6508725789647e-11,7.655471853169498e-9,5.131972220752857e-7,-3.316688363765763e-10,-4.611472943078417e-5,2.9635453083819294e-7,5.842874096652196e-7,1.6570667487702302e-7,-7.795719970166282e-6,-5.08453244813974e-8,2.6640929050845107e-11,-6.387968776604075e-5,-7.043696690343801e-5,1.853312730822654e-6,-0.00377428237481832,0.0002627859980629269,1.2950512263488386e-5,-5.1983136065054784e-8,-0.00031895811540751844,1.2909382946278065e-7,-9.962793473309936e-7,-7.933706227391135e-9,-4.856191972786035e-7,-3.4812762138541547e-9,-0.00010566509991666416,-8.785702262666291e-7,3.713867918693065e-10,6.351994207919137e-10,0.0007391014789581724,0.00028312623927716733,4.580778982939645e-7,8.758666699525583e-8,-1.7669679885471053e-7,-7.504686440172826e-7,2.6951336049015973e-6,-8.634526428799194e-7,2.5052243582547468e-8,4.253609898068326e-8,-8.035076899223939e-10,1.7593297813853242e-5,-1.0450706403832226e-9,5.189678282842572e-8,-9.100047905260487e-7,-1.5423009542228491e-7,-1.7471503914050928e-5,-3.569746557779921e-9,-1.3277368555887526e-9,-1.5427041634157418e-9,-1.2241959030899493e-6,5.91422160004312e-7,0.0008623336481189392,-2.6642123695687692e-5,-3.551723250915261e-10,-0.002154738195973267,-0.00016434657921861556,5.631311587619249e-6,2.4011188840817294e-6,8.373649328085579e-7,1.191340706478932e-8,-0.0009433358462140516,0.0004549297659436279,-0.002689794846582834,4.3840589181116535e-8,0.0005203126419499154,5.7069092700330426e-11,-2.3750312855473937e-5,3.797962765693789e-5,-1.4131467677189434e-6,0.0007594083543642975,6.204801557811846e-10,7.822173658552656e-5,-1.8089870165491416e-10,-2.5643181918564934e-8,6.510610193044412e-11,2.3210055936832897e-5,-0.0016360846294859014,-0.0003405775364031499,-0.0010833521854051729,3.978270296488895e-10,0.0006252652039761788,-1.2747402328395878e-5,-2.996955975470192e-5,-2.0657172199067704e-8,1.645172120892488e-5,-0.000443642866192181,-0.00031864432340158295,5.033940184549341e-7,-2.311563361878585e-8,-4.120519627531796e-6,1.3272569896108398e-6,1.8235184406788364e-8,2.827182204365017e-7,-0.00013762867323655073,-0.00034192762329934753,5.842584307939323e-5,-3.392856048635297e-8,0.00025111129802105883,0.0009204715795531743,0.006002739538066604,8.364399177577067e-10,2.4140429366025624e-9,-5.060995850658501e-7,8.280465324797928e-8,-5.252289112875123e-7,-1.3259784683716107e-7,6.028752807484679e-6,-1.2766347057413478e-6,-3.6386208371427203e-10,8.176944917418033e-6,4.75499489637155e-7
0.0,0.0,0.0,0.0,0.0,0.0,0.0,0.0,0.0,0.0,0.0,0.0,0.0,0.0,0.0,0.0,0.0,0.0,0.0,0.0,0.0,0.0,0.0,0.0,0.0,0.0,0.0,0.0,0.0,0.0,0.0,0.0,0.0,0.0,0.0,0.0,0.0,0.0,0.0,0.0,0.0,0.0,0.0,0.0,0.0,0.0,0.0,0.0,0.0,0.0,0.0,0.0,0.0,0.0,0.0,0.0,0.0,0.0,0.0,0.0,0.0,0.0,0.0,0.0,0.0,0.0,0.0,0.0,0.0,0.0,0.0,0.0,0.0,0.0,0.0,0.0,0.0,0.0,0.0,0.0,0.0,0.0,0.0,0.0,0.0,0.0,0.0,0.0,0.0,0.0,0.0,0.0,0.0,0.0,0.0,0.0,0.0,0.0,0.0,0.0,0.0,0.0,0.0,0.0,0.0,0.0,0.0,0.0,0.0,0.0,0.0,0.0,0.0,0.0,0.0,0.0,0.0,0.0,0.0,0.0,0.0,0.0,0.0,0.0,0.0,0.0,0.0,0.0,0.0,0.0,0.0,0.0,0.0,0.0,0.0,0.0,0.0,0.0,0.0,0.0,0.0,0.0,0.0,0.0,0.0,0.0,0.0,0.0,0.0,0.0,0.0,0.0,0.0,0.0,0.0,0.0,0.0,0.0,0.0,0.0,0.0,0.0,0.0,0.0,0.0,0.0,0.0,0.0,0.0,0.0,0.0,0.0,0.0,0.0,0.0,0.0,0.0,0.0,0.0,0.0,0.0,0.0,0.0,0.0,0.0,0.0,0.0,0.0,0.0,0.0,0.0,0.0,0.0,0.0,0.0,0.0,0.0,0.0,0.0,0.0,0.0,0.0,0.0,0.0,0.0,0.0,0.0,0.0,0.0,0.0,0.0,0.0,0.0,0.0,0.0,0.0,0.0,0.0,0.0,0.0,0.0,0.0,0.0,0.0,0.0,0.0,0.0,0.0,0.0,0.0,0.0,0.0,0.0,0.0,0.0,0.0,0.0,0.0,0.0,0.0,0.0,0.0,0.0,0.0,0.0,0.0,0.0,0.0,0.0,0.0,0.0,0.0,0.0,0.0,0.0,0.0,0.0,0.0,0.0,0.0,0.0,0.0,0.0,0.0,0.0,0.0,0.0,0.0,0.0,0.0,0.0,0.0,0.0,0.0,0.0,0.0,0.0,0.0,0.0,0.0,0.0,0.0,0.0,0.0,0.0,0.0,0.0,0.0,0.0,0.0,0.0,0.0,0.0,0.0,0.0,0.0,0.0,0.0,0.0,0.0,0.0,0.0,0.0,0.0,0.0,0.0,0.0,0.0,0.0,0.0,0.0,0.0,0.0,0.0,0.0,0.0,0.0,0.0,0.0,0.0,0.0,0.0,0.0,0.0,0.0,0.0,0.0,0.0,0.0,0.0,0.0,0.0,0.0,0.0,0.0,0.0,0.0,0.0,0.0,0.0,0.0,0.0,0.0,0.0,0.0,0.0,0.0,0.0,0.0,0.0,0.0,0.0,0.0,0.0,0.0,0.0,0.0,0.0,0.0,0.0,0.0,0.0,0.0,0.0,0.0,0.0,0.0,0.0,0.0,0.0,0.0,0.0,0.0,0.0,0.0,0.0,0.0,0.0,0.0,0.0,0.0,0.0,0.0,0.0,0.0,0.0,0.0,0.0,0.0,0.0,0.0,0.0,0.0,0.0,0.0,0.0,0.0,0.0,0.0,0.0,0.0,0.0,0.0,0.0,0.0,0.0,0.0,0.0,0.0,0.0,0.0,0.0,0.0,0.0,0.0,0.0,0.0,0.0,0.0,0.0,0.0,0.0,0.0,0.0,0.0,0.0,0.0,0.0,0.0,0.0,0.0,0.0,0.0,0.0,0.0,0.0,0.0,0.0,0.0,0.0,0.0,0.0,0.0,0.0,0.0,0.0,0.0,0.0,0.0,0.0,0.0,0.0,0.0,0.0,0.0,0.0,0.0,0.0,0.0,0.0,0.0,0.0,0.0,0.0,0.0,0.0,0.0,0.0,0.0,0.0,0.0,0.0,0.0,0.0,0.0,0.0,0.0,0.0,0.0,0.0,0.0,0.0,0.0,0.0,0.0,0.0,0.0,0.0,0.0,0.0,0.0,0.0,0.0,0.0,0.0,0.0,0.0,0.0,0.0,0.0,0.0,0.0,0.0,0.0,0.0,0.0,0.0,0.0,0.0,0.0,0.0,0.0,0.0,0.0,0.0,0.0,0.0,0.0,0.0,0.0,0.0,0.0,0.0,0.0,0.0,0.0,0.0,0.0,0.0,0.0,0.0,0.0,0.0,0.0,0.0,0.0,0.0,0.0,0.0,0.0,0.0,0.0,0.0,0.0,0.0,0.0,0.0,0.0,0.0,0.0,0.0,0.0,0.0,0.0,0.0,0.0,0.0,0.0,0.0,0.0,0.0,0.0,0.0,0.0,0.0,0.0,0.0,0.0,0.0,0.0,0.0,0.0,0.0,0.0,0.0,0.0,0.0,0.0,0.0,0.0,0.0,0.0,0.0,0.0,0.0,0.0,0.0,0.0,0.0,0.0,0.0,0.0,0.0,0.0,0.0,0.0,0.02931378115510218,2.2566141439621578e-8,-0.0005249458415994754,2.641694958100049e-7,-6.171846956255722e-11,7.052254460836195e-5,-2.9297749899977338e-5,2.2165457021679504e-6,-5.029974910279429e-6,1.115398424093511e-6,2.701052571604175e-7,-1.0399516825876396e-10,1.1061473063915306e-9,-3.2918084005042855e-11,-0.0008475857099781473,-3.344680324902848e-5,0.0001449737173455393,-1.2160954399071213e-7,-3.4913806292320887e-7,6.320050014515227e-13,-2.3349994694977023e-6,-1.1231349525902766e-7,-0.0001801212061131435,9.808094636000697e-11,0.0006185559262712123,-8.583182378568448e-5,-6.498076171359044e-5,-1.9771212222411523e-8,0.0008870973740577417,-0.00045925411116221765,-0.0045360464249940835,-4.146622838954066e-10,6.881090403365567e-8,-6.138715622550148e-8,-5.789456997854797e-5,-6.4586915981837614e-9,-5.760749897168775e-5,-3.062148840213213e-7,8.320200250246069e-8,-0.00027296594020696893,-1.364486274244376e-6,-6.436544880164489e-7,5.67197905794658e-5,2.196407979724352e-5,5.109890686020623e-5,-2.5035864416832417e-9,-7.430451457044506e-9,-0.0004260399224599985,-2.994022803823941e-6,1.5239840178350136e-9,-0.0001759988173428437,1.706681007603934e-7,0.0018549367079254758,-2.0043896668965407e-5,8.287662897264633e-6,-0.000927286920972591,6.133610531325191e-10,9.491097827635939e-7,-1.4606626482927032e-8,1.5037685770222287e-10,-6.016767777194117e-5,-2.6635089066090783e-7,8.971282576918075e-6,6.757881400242291e-9,-8.022096522529662e-9,-0.0005571193841182068,-9.460189707259564e-6,-1.3418542286556473e-6,-0.0006565410626456872,0.0038015765990826508,2.736742401773618e-9,0.0002825508066467762,-3.454031686251243e-9,-9.267347560374604e-7,6.597090437761924e-5,-0.0014856367443025402,-0.010959302342459632,-2.7856393378493977e-9,-1.843051675654436e-5,2.1654528027154064e-5,-0.004080968786919504,2.13570484375096e-6,-1.7109708095341532e-5,0.0001451691403600351,-3.640347524730347e-9,1.1622334996676916e-7,0.0009556107098662278,-0.0010378397496578666,0.000839493533514793,-0.006340274827903818,-1.098627370825719e-6,-9.801426833001793e-8,0.007968417797843786,-6.766097011425556e-11,3.1900274569498905e-9,-1.5684752538957725e-5,7.758377914134555e-10,0.00153459689082515,-6.785874719845012e-6,-1.8234963396622e-7,-5.889078627826058e-7,1.4529930053144216e-5,-3.265679302589825e-8,-2.2777128524897863e-11,4.689706037484618e-6,0.0001284772478184029,-1.6897598077810106e-6,-0.00147841252326518,9.460556276386763e-5,-1.2326846734357638e-6,-4.401033651945399e-9,0.000749854508621154,3.2845769681575263e-7,8.162106681872364e-6,3.208091745015398e-8,-9.57301014955974e-7,-3.292250078802923e-9,-8.109609897359558e-6,-2.557677056736204e-7,3.056272888581698e-10,1.4921855696654035e-9,-0.0005457910704523768,0.00031577654911668743,-3.4289149900370705e-7,8.20265642733603e-8,-1.6712286824979812e-7,-3.436367081400144e-7,1.0367693410301142e-6,-5.135918517200285e-7,-8.170287088997185e-9,1.9038154998835245e-7,-8.723494312475973e-11,-9.512928511849675e-5,1.5803788370130937e-8,1.2240728187546068e-7,-1.764667040411422e-6,-2.930436202505147e-7,6.563848772881851e-5,5.031100409452173e-9,-2.62635808642272e-10,1.0675217570325579e-10,-7.746310407939534e-7,2.4713775995971384e-7,4.9093190708336295e-5,0.00010778050626212452,-1.3683920786843348e-10,0.002029600006611245,-0.00024028250191780582,-3.2602710792327297e-6,2.815717088973768e-6,-8.328674095114948e-7,5.925362257742565e-9,-3.290251273008463e-5,-0.002266743284945113,-0.0022054208007986124,-1.4377185547344986e-7,0.0005038246793656461,1.40780093967904e-10,-1.9632837716031097e-5,0.0034029355555010694,4.687500225964613e-7,0.00010941253571147879,9.795458707740587e-11,4.5428881500932875e-5,1.9511805294741244e-9,-4.0327067071828426e-8,-7.52617877787433e-11,-8.467420153488268e-5,-0.0001705806010162111,-0.001047266564892388,4.978986012636682e-5,1.6807231514045896e-10,-0.0002498442312834978,-2.030454446738474e-6,4.636292817067068e-5,4.6611645435134235e-8,1.1495137220522027e-5,-0.002144573271391809,0.0007730253049396974,-4.1885006295918014e-7,-1.0530622855605423e-7,-6.786591630697723e-7,6.54353085777265e-7,-3.5092046441661926e-9,-1.4333809028032463e-6,-0.0001947087646578482,0.00022340483139307113,-0.0006181021296098532,4.5387489722736026e-8,-0.0006261355835648232,0.0010065361515280721,-1.1177564714861687e-5,1.2924438236884194e-9,-1.6360758355815736e-8,-5.371259354586796e-7,1.8745846849020244e-7,-1.0702720468775911e-6,2.429487120882396e-7,-3.318505535846127e-6,-3.1333229049917403e-6,-5.282404673799278e-10,-5.6589093328706555e-5,-1.2988286633853195e-7
0.0,0.0,0.0,0.0,0.0,0.0,0.0,0.0,0.0,0.0,0.0,0.0,0.0,0.0,0.0,0.0,0.0,0.0,0.0,0.0,0.0,0.0,0.0,0.0,0.0,0.0,0.0,0.0,0.0,0.0,0.0,0.0,0.0,0.0,0.0,0.0,0.0,0.0,0.0,0.0,0.0,0.0,0.0,0.0,0.0,0.0,0.0,0.0,0.0,0.0,0.0,0.0,0.0,0.0,0.0,0.0,0.0,0.0,0.0,0.0,0.0,0.0,0.0,0.0,0.0,0.0,0.0,0.0,0.0,0.0,0.0,0.0,0.0,0.0,0.0,0.0,0.0,0.0,0.0,0.0,0.0,0.0,0.0,0.0,0.0,0.0,0.0,0.0,0.0,0.0,0.0,0.0,0.0,0.0,0.0,0.0,0.0,0.0,0.0,0.0,0.0,0.0,0.0,0.0,0.0,0.0,0.0,0.0,0.0,0.0,0.0,0.0,0.0,0.0,0.0,0.0,0.0,0.0,0.0,0.0,0.0,0.0,0.0,0.0,0.0,0.0,0.0,0.0,0.0,0.0,0.0,0.0,0.0,0.0,0.0,0.0,0.0,0.0,0.0,0.0,0.0,0.0,0.0,0.0,0.0,0.0,0.0,0.0,0.0,0.0,0.0,0.0,0.0,0.0,0.0,0.0,0.0,0.0,0.0,0.0,0.0,0.0,0.0,0.0,0.0,0.0,0.0,0.0,0.0,0.0,0.0,0.0,0.0,0.0,0.0,0.0,0.0,0.0,0.0,0.0,0.0,0.0,0.0,0.0,0.0,0.0,0.0,0.0,0.0,0.0,0.0,0.0,0.0,0.0,0.0,0.0,0.0,0.0,0.0,0.0,0.0,0.0,0.0,0.0,0.0,0.0,0.0,0.0,0.0,0.0,0.0,0.0,0.0,0.0,0.0,0.0,0.0,0.0,0.0,0.0,0.0,0.0,0.0,0.0,0.0,0.0,0.0,0.0,0.0,0.0,0.0,0.0,0.0,0.0,0.0,0.0,0.0,0.0,0.0,0.0,0.0,0.0,0.0,0.0,0.0,0.0,0.0,0.0,0.0,0.0,0.0,0.0,0.0,0.0,0.0,0.0,0.0,0.0,0.0,0.0,0.0,0.0,0.0,0.0,0.0,0.0,0.0,0.0,0.0,0.0,0.0,0.0,0.0,0.0,0.0,0.0,0.0,0.0,0.0,0.0,0.0,0.0,0.0,0.0,0.0,0.0,0.0,0.0,0.0,0.0,0.0,0.0,0.0,0.0,0.0,0.0,0.0,0.0,0.0,0.0,0.0,0.0,0.0,0.0,0.0,0.0,0.0,0.0,0.0,0.0,0.0,0.0,0.0,0.0,0.0,0.0,0.0,0.0,0.0,0.0,0.0,0.0,0.0,0.0,0.0,0.0,0.0,0.0,0.0,0.0,0.0,0.0,0.0,0.0,0.0,0.0,0.0,0.0,0.0,0.0,0.0,0.0,0.0,0.0,0.0,0.0,0.0,0.0,0.0,0.0,0.0,0.0,0.0,0.0,0.0,0.0,0.0,0.0,0.0,0.0,0.0,0.0,0.0,0.0,0.0,0.0,0.0,0.0,0.0,0.0,0.0,0.0,0.0,0.0,0.0,0.0,0.0,0.0,0.0,0.0,0.0,0.0,0.0,0.0,0.0,0.0,0.0,0.0,0.0,0.0,0.0,0.0,0.0,0.0,0.0,0.0,0.0,0.0,0.0,0.0,0.0,0.0,0.0,0.0,0.0,0.0,0.0,0.0,0.0,0.0,0.0,0.0,0.0,0.0,0.0,0.0,0.0,0.0,0.0,0.0,0.0,0.0,0.0,0.0,0.0,0.0,0.0,0.0,0.0,0.0,0.0,0.0,0.0,0.0,0.0,0.0,0.0,0.0,0.0,0.0,0.0,0.0,0.0,0.0,0.0,0.0,0.0,0.0,0.0,0.0,0.0,0.0,0.0,0.0,0.0,0.0,0.0,0.0,0.0,0.0,0.0,0.0,0.0,0.0,0.0,0.0,0.0,0.0,0.0,0.0,0.0,0.0,0.0,0.0,0.0,0.0,0.0,0.0,0.0,0.0,0.0,0.0,0.0,0.0,0.0,0.0,0.0,0.0,0.0,0.0,0.0,0.0,0.0,0.0,0.0,0.0,0.0,0.0,0.0,0.0,0.0,0.0,0.0,0.0,0.0,0.0,0.0,0.0,0.0,0.0,0.0,0.0,0.0,0.0,0.0,0.0,0.0,0.0,0.0,0.0,0.0,0.0,0.0,0.0,0.0,0.0,0.0,0.0,0.0,0.0,0.0,0.0,0.0,0.0,0.0,0.0,0.0,0.0,0.0,0.0,0.0,0.0,0.0,0.0,0.0,0.0,0.0,0.0,0.0,0.0,0.0,0.0,0.0,0.0,0.0,0.0,0.0,0.0,0.0,0.0,0.0,0.0,0.0,0.0,0.0,0.0,0.0,0.0,0.0,0.0,0.0,0.0,0.0,0.0,0.0,0.0,0.0,0.0,0.0,0.0,0.0,0.0,0.0,0.0,0.0,0.0,0.0,0.0,0.0,0.0,0.0,0.0,0.0,0.0,0.0,0.0,0.0,0.03131370253711058,-1.620948607910427e-6,2.1856765510292703e-13,3.5436221182544974e-5,3.6214657911013967e-7,3.0903224511470615e-6,-0.0005663666212556451,-2.4308795179203623e-5,-5.4161085733232815e-12,5.546523900491721e-13,-1.608833617770728e-5,0.00010016701608811651,4.1208157050354617e-5,4.7075313110676234e-7,-1.9879250606328033e-10,2.9588155609728663e-10,-0.0008109471557128959,-0.0002716573188945149,-7.960613594847364e-5,0.0002040233430355106,-0.010117811136644955,1.132726307889069e-9,5.668460074990649e-5,4.0150659474934054e-8,1.3223209605503957e-6,3.415552425107195e-6,-0.018139951093083393,-1.5599612089089006e-8,1.7400824221037855e-9,6.442453029378356e-8,0.0001386122218170266,-2.80788473455053e-13,-0.0017625577961293314,7.067542724019156e-11,-0.0015051109846890983,6.630142208246002e-11,4.1662983996174314e-13,-0.0023937125683876842,-6.352478357822494e-7,-6.237350129368102e-6,-0.0008982893141418331,-4.50109760629488e-5,-1.9323873519033712e-5,-1.2881054192143695e-10,-0.0004700730408491415,0.0020808371125569393,1.0476873814680937e-7,-3.920449444869263e-5,-0.005234969579127029,9.825264077794673e-7,0.00673867185669579,-8.60899493047824e-9,-3.1706062360304316e-5,1.663289595613165e-11,-1.9642242113958693e-7,-6.770605420769899e-5,-2.532596199735846e-12,0.0008275028320570421,3.991798913148265e-5,-4.3189466850986405e-6,8.347820265060186e-12,-7.776987400924089e-12,0.0010815674767459794,-0.003817218523453232,-1.4791989004754324e-8,-5.102794424946495e-12,-7.185373088468911e-11,5.154836773226808e-9,-4.4047220562610333e-7,0.000408051686694929,-3.446467959242135e-7,-0.0024179268440287964,6.019235186825276e-13,-1.0217383409452567e-5,4.639253082937687e-9,1.1530408953816789e-7,-0.0011509784842167544,-1.9455464537953635e-5,1.3472315940307464e-10,-9.099545989669786e-8,-0.00012276727274770926,-3.068879803960698e-5,2.5892403350515053e-10,0.00046644761079832987,-0.0017356424866653954,-5.73531540372928e-9,2.0494315736431242e-8,-1.3719084827293935e-7,-2.216432888216112e-8,2.6017425966779995e-12,0.0006396909196841634,1.6990207452222086e-7,1.038829815080015e-6,0.001725970280831098,4.5616036404452185e-5,-0.00026771919792466725,-6.4228332530560656e-9,1.9428897653437475e-11,-2.6105689611362526e-13,0.0003515255072048306,-0.00013859019113795433,-0.0023352876372032226,1.041077191226892e-5,3.79646802263056e-11,-8.066661925700747e-7,-5.381109862160787e-12,2.191181516266758e-8,-9.496473599775101e-10,2.3715511404100402e-11,0.0002835706849825129,-1.3246449578906543e-9,-0.000873804377884405,4.262520792744679e-5,0.0007419829161044994,1.2632509864676326e-12,0.0002872777763086206,-2.101631841275224e-7,-0.00025989777437126593,0.00019788861254405892,-6.580575316422287e-5,-1.6388271678555587e-7,6.662768539434093e-7,-8.485055560227408e-13,-9.53232953512258e-13,2.443155369845711e-13,0.0009683077309254906,-1.1106140732602352e-11,5.147042318629568e-5,0.0005183590887580219,6.747184713188599e-5,-7.417380597538845e-5,2.8502114807111798e-5,-0.0009584836396114569,-2.0174143703502476e-13,0.0003331214654618357,-0.005982089432874383,-6.718156209272678e-6,0.0005163015574515595,4.4034313724128767e-5,-0.0005678544385306688,-6.750578727544799e-13,0.0006545017717451597,-9.472455557681643e-9,1.1477234515301013e-5,4.892872078302238e-5,1.84082260904422e-8,-6.325078759249144e-10,0.00013226497230123255,-8.952571644470136e-12,3.439813596974703e-5,0.0038594176079978244,-1.6829529892811374e-9,-3.188588799195021e-8,-1.4964834058236295e-7,-0.00028632062841422507,-8.346069594276079e-7,-6.034808823011731e-5,7.115924541557624e-11,1.3469445904200828e-7,-0.00010631172857130847,-3.5251742273379274e-9,-6.226801087796691e-5,3.478706057579169e-12,0.0011639832769248558,0.00016458159103929055,-3.8611422326379116e-5,-2.650486975787085e-12,-4.4533943790321934e-9,-4.949466731847725e-7,2.0945101655490586e-7,-7.785616775649441e-5,2.8165568100057584e-10,-7.195302780036585e-12,-1.0092268842540596e-6,0.001407185754238438,-8.504574640529915e-11,3.049432818709091e-7,-1.044101297262436e-6,-0.00019945208526912762,0.0004623175988788345,1.1910487819433228e-11,-2.5469328181181973e-12,0.00042002677134372033,6.724704278800018e-5,-9.332039599345748e-7,6.480330322976521e-10,2.0913799274998787e-6,0.0019224129288824931,1.0827959077342373e-6,-2.287181316880349e-9,-3.0587757649376113e-9,8.064148162914152e-6,0.0008448138896099328,0.0006193075922018956,0.0008279485729405834,-0.0008781524404679558,-0.00030907609618295286,-5.704215176116244e-12,1.4686156997078028e-11,-3.970722226765595e-5,4.054974273239042e-5,-8.509344142393013e-13
0.0,0.0,0.0,0.0,0.0,0.0,0.0,0.0,0.0,0.0,0.0,0.0,0.0,0.0,0.0,0.0,0.0,0.0,0.0,0.0,0.0,0.0,0.0,0.0,0.0,0.0,0.0,0.0,0.0,0.0,0.0,0.0,0.0,0.0,0.0,0.0,0.0,0.0,0.0,0.0,0.0,0.0,0.0,0.0,0.0,0.0,0.0,0.0,0.0,0.0,0.0,0.0,0.0,0.0,0.0,0.0,0.0,0.0,0.0,0.0,0.0,0.0,0.0,0.0,0.0,0.0,0.0,0.0,0.0,0.0,0.0,0.0,0.0,0.0,0.0,0.0,0.0,0.0,0.0,0.0,0.0,0.0,0.0,0.0,0.0,0.0,0.0,0.0,0.0,0.0,0.0,0.0,0.0,0.0,0.0,0.0,0.0,0.0,0.0,0.0,0.0,0.0,0.0,0.0,0.0,0.0,0.0,0.0,0.0,0.0,0.0,0.0,0.0,0.0,0.0,0.0,0.0,0.0,0.0,0.0,0.0,0.0,0.0,0.0,0.0,0.0,0.0,0.0,0.0,0.0,0.0,0.0,0.0,0.0,0.0,0.0,0.0,0.0,0.0,0.0,0.0,0.0,0.0,0.0,0.0,0.0,0.0,0.0,0.0,0.0,0.0,0.0,0.0,0.0,0.0,0.0,0.0,0.0,0.0,0.0,0.0,0.0,0.0,0.0,0.0,0.0,0.0,0.0,0.0,0.0,0.0,0.0,0.0,0.0,0.0,0.0,0.0,0.0,0.0,0.0,0.0,0.0,0.0,0.0,0.0,0.0,0.0,0.0,0.0,0.0,0.0,0.0,0.0,0.0,0.0,0.0,0.0,0.0,0.0,0.0,0.0,0.0,0.0,0.0,0.0,0.0,0.0,0.0,0.0,0.0,0.0,0.0,0.0,0.0,0.0,0.0,0.0,0.0,0.0,0.0,0.0,0.0,0.0,0.0,0.0,0.0,0.0,0.0,0.0,0.0,0.0,0.0,0.0,0.0,0.0,0.0,0.0,0.0,0.0,0.0,0.0,0.0,0.0,0.0,0.0,0.0,0.0,0.0,0.0,0.0,0.0,0.0,0.0,0.0,0.0,0.0,0.0,0.0,0.0,0.0,0.0,0.0,0.0,0.0,0.0,0.0,0.0,0.0,0.0,0.0,0.0,0.0,0.0,0.0,0.0,0.0,0.0,0.0,0.0,0.0,0.0,0.0,0.0,0.0,0.0,0.0,0.0,0.0,0.0,0.0,0.0,0.0,0.0,0.0,0.0,0.0,0.0,0.0,0.0,0.0,0.0,0.0,0.0,0.0,0.0,0.0,0.0,0.0,0.0,0.0,0.0,0.0,0.0,0.0,0.0,0.0,0.0,0.0,0.0,0.0,0.0,0.0,0.0,0.0,0.0,0.0,0.0,0.0,0.0,0.0,0.0,0.0,0.0,0.0,0.0,0.0,0.0,0.0,0.0,0.0,0.0,0.0,0.0,0.0,0.0,0.0,0.0,0.0,0.0,0.0,0.0,0.0,0.0,0.0,0.0,0.0,0.0,0.0,0.0,0.0,0.0,0.0,0.0,0.0,0.0,0.0,0.0,0.0,0.0,0.0,0.0,0.0,0.0,0.0,0.0,0.0,0.0,0.0,0.0,0.0,0.0,0.0,0.0,0.0,0.0,0.0,0.0,0.0,0.0,0.0,0.0,0.0,0.0,0.0,0.0,0.0,0.0,0.0,0.0,0.0,0.0,0.0,0.0,0.0,0.0,0.0,0.0,0.0,0.0,0.0,0.0,0.0,0.0,0.0,0.0,0.0,0.0,0.0,0.0,0.0,0.0,0.0,0.0,0.0,0.0,0.0,0.0,0.0,0.0,0.0,0.0,0.0,0.0,0.0,0.0,0.0,0.0,0.0,0.0,0.0,0.0,0.0,0.0,0.0,0.0,0.0,0.0,0.0,0.0,0.0,0.0,0.0,0.0,0.0,0.0,0.0,0.0,0.0,0.0,0.0,0.0,0.0,0.0,0.0,0.0,0.0,0.0,0.0,0.0,0.0,0.0,0.0,0.0,0.0,0.0,0.0,0.0,0.0,0.0,0.0,0.0,0.0,0.0,0.0,0.0,0.0,0.0,0.0,0.0,0.0,0.0,0.0,0.0,0.0,0.0,0.0,0.0,0.0,0.0,0.0,0.0,0.0,0.0,0.0,0.0,0.0,0.0,0.0,0.0,0.0,0.0,0.0,0.0,0.0,0.0,0.0,0.0,0.0,0.0,0.0,0.0,0.0,0.0,0.0,0.0,0.0,0.0,0.0,0.0,0.0,0.0,0.0,0.0,0.0,0.0,0.0,0.0,0.0,0.0,0.0,0.0,0.0,0.0,0.0,0.0,0.0,0.0,0.0,0.0,0.0,0.0,0.0,0.0,0.0,0.0,0.0,0.0,0.0,0.0,0.0,0.0,0.0,0.0,0.0,0.0,0.0,0.0,0.0,0.0,0.0,0.0,0.0,0.0,0.0,0.0,0.0,0.0,0.0,0.0,0.0,0.0,0.0,0.0,0.0,0.0,0.0,0.0,0.0,0.0,0.0,0.0,0.0,0.0,0.0,0.0,0.0,0.0,0.0,0.03378920217713325,4.508362208831125e-9,7.2978526414940004e-9,-0.0005107086325276624,-1.7457401173721795e-5,6.335137645835167e-5,0.00016898134585510894,-9.754046104866126e-9,-9.222784791424554e-9,3.651882743622474e-9,4.433595643206479e-8,-6.286653503994798e-9,0.0005343526176013378,-4.349424612557572e-7,1.030502043861759e-6,-3.690854268513828e-5,0.00019139415579135397,-2.3904738089796274e-9,0.00011725015190874062,1.871668852990286e-7,-6.42247100369471e-6,4.527980444104031e-9,-9.671209263643206e-5,0.0022256702516593816,-0.0015379890144420953,-9.527323681936438e-6,-0.00018674730883391178,-3.624473523554507e-6,1.5057409073325774e-5,-6.380865469268514e-10,-1.8477140775040644e-9,1.4961645594864532e-6,-1.0622525758354095e-7,1.0696526917898591e-5,-5.127186140875203e-7,-5.9372000028852305e-9,4.49261729652641e-7,0.007921376831632816,0.00010473177880231753,1.466983359077314e-5,-0.0015530670452084186,0.0027353419417115734,1.0024268915326844e-6,-6.16116915505083e-9,1.9586429379721027e-7,0.0002607715113538706,-1.212386898816541e-5,-8.637496458354383e-7,-0.0007127187626334782,2.1418459301678156e-5,0.00010903067589881855,-0.00019212901315899806,8.403077096462024e-8,0.009182856627721874,-2.5852028388027885e-8,1.703859259282579e-8,-4.435644412435945e-7,-2.3626213835466e-9,0.0008559449627453953,-7.046708900652811e-9,-2.542763615003028e-7,1.7869031386813309e-7,5.991757998977523e-7,9.885766244951566e-6,-1.0505662073851141e-7,1.550550920813707e-7,1.4605421386091861e-5,0.0005436108359095323,1.4284282979699735e-7,-0.00026198225917480706,9.201964535919547e-7,-1.3727405540531813e-8,-0.0013982059129884936,-1.0604503589791123e-5,0.0006826955173297679,-1.8386183151277117e-7,0.00024472822724914126,8.957793679229001e-7,-3.969328328019611e-6,2.912226904200557e-5,0.0009387483086443816,8.957820570088247e-7,2.1839356305878474e-7,-3.832265756486555e-6,2.0405670027484615e-5,0.00014531211404794669,-0.0027858652175438135,-4.012147313397007e-6,5.1757316119209365e-8,-6.418833299519108e-5,-2.2372614081649255e-5,9.022731394768359e-10,-2.294995727059166e-7,0.000674984953404235,-7.096894684665523e-8,0.00019253486343419885,-8.781110980321009e-8,-1.401666781519777e-8,-9.604016066568426e-6,-3.249000686317012e-5,6.637148672032856e-6,-4.925358365935612e-9,6.689803767773394e-7,-0.007896014508233047,-4.459441186355573e-9,-0.0001687876814881484,2.809272645285817e-6,6.913396691415922e-8,4.241928458739759e-6,-1.0564452876355563e-5,4.7117124608145806e-5,-0.0004959127283696056,-3.7042058804000513e-6,-1.1836908446245096e-8,1.4383829747987777e-7,-0.012254685243095035,4.084321373139978e-5,-3.151906477467466e-8,-5.80451421574093e-8,-0.0007814010074946887,-0.0007840465473498632,-2.555704009173808e-9,2.619274818749783e-9,3.959909630617455e-9,2.6763095496453123e-5,1.161187592767112e-8,-0.0006086388453417513,3.6745087910270394e-6,-2.3680600311102637e-5,-5.61315710040771e-8,-0.002461492130036241,-5.583834266041639e-7,2.0828742029190765e-9,-0.00029041157017270356,2.9364605521260613e-5,-0.0038129404998977234,-1.9285759553544595e-7,-3.593413897690844e-8,5.724279176974149e-7,1.030031365382664e-8,-4.945894217123712e-5,4.95126630843359e-5,-0.001914915411794148,3.0792167641556144e-9,2.551534550386592e-6,-1.4121578435139632e-6,-0.0009024171188912004,1.8749570930725094e-8,0.00025167665363812767,-1.774745300807331e-6,7.652933143705109e-6,0.0004993409368593364,0.0007979978231379772,-3.0458289276738386e-6,7.20222757045908e-5,-5.694376925930026e-9,-3.032540882761592e-7,-0.0013068063113316373,-0.0001542310459460488,1.602628761330003e-5,1.8020734242640996e-8,3.750316823219996e-7,9.64071816910425e-8,2.1197000064971647e-6,1.5801415574769085e-9,-2.0373418355082115e-6,-7.537439245009846e-5,0.0001446408497584404,0.0012315072492666604,-2.1367743195160155e-9,-8.788012245227072e-6,2.4169777502136474e-7,-0.0021245898131280875,-2.706516180995435e-6,2.69683711228126e-7,0.0013375704579927862,0.00022183404321537723,-4.0130395640174813e-7,2.072858094389819e-5,-1.672632616683044e-8,-5.6182161513380206e-9,-4.343805965696849e-6,-0.00030857813378369826,5.937033281058482e-5,2.9463635536027458e-6,0.0013259238613245149,3.226714920755696e-6,-0.0025795606986334166,-3.8136430136663975e-6,-2.8203735759167622e-5,-8.959191607570264e-8,-4.0754822351182477e-7,4.702514146766385e-5,-2.634697414567682e-5,4.1036864339207776e-5,-1.6359651561658624e-5,6.365131312930509e-8,-8.58763015826017e-8,1.5874137459659276e-9,0.001530318597359773,-6.181794437917224e-9
0.0,0.0,0.0,0.0,0.0,0.0,0.0,0.0,0.0,0.0,0.0,0.0,0.0,0.0,0.0,0.0,0.0,0.0,0.0,0.0,0.0,0.0,0.0,0.0,0.0,0.0,0.0,0.0,0.0,0.0,0.0,0.0,0.0,0.0,0.0,0.0,0.0,0.0,0.0,0.0,0.0,0.0,0.0,0.0,0.0,0.0,0.0,0.0,0.0,0.0,0.0,0.0,0.0,0.0,0.0,0.0,0.0,0.0,0.0,0.0,0.0,0.0,0.0,0.0,0.0,0.0,0.0,0.0,0.0,0.0,0.0,0.0,0.0,0.0,0.0,0.0,0.0,0.0,0.0,0.0,0.0,0.0,0.0,0.0,0.0,0.0,0.0,0.0,0.0,0.0,0.0,0.0,0.0,0.0,0.0,0.0,0.0,0.0,0.0,0.0,0.0,0.0,0.0,0.0,0.0,0.0,0.0,0.0,0.0,0.0,0.0,0.0,0.0,0.0,0.0,0.0,0.0,0.0,0.0,0.0,0.0,0.0,0.0,0.0,0.0,0.0,0.0,0.0,0.0,0.0,0.0,0.0,0.0,0.0,0.0,0.0,0.0,0.0,0.0,0.0,0.0,0.0,0.0,0.0,0.0,0.0,0.0,0.0,0.0,0.0,0.0,0.0,0.0,0.0,0.0,0.0,0.0,0.0,0.0,0.0,0.0,0.0,0.0,0.0,0.0,0.0,0.0,0.0,0.0,0.0,0.0,0.0,0.0,0.0,0.0,0.0,0.0,0.0,0.0,0.0,0.0,0.0,0.0,0.0,0.0,0.0,0.0,0.0,0.0,0.0,0.0,0.0,0.0,0.0,0.0,0.0,0.0,0.0,0.0,0.0,0.0,0.0,0.0,0.0,0.0,0.0,0.0,0.0,0.0,0.0,0.0,0.0,0.0,0.0,0.0,0.0,0.0,0.0,0.0,0.0,0.0,0.0,0.0,0.0,0.0,0.0,0.0,0.0,0.0,0.0,0.0,0.0,0.0,0.0,0.0,0.0,0.0,0.0,0.0,0.0,0.0,0.0,0.0,0.0,0.0,0.0,0.0,0.0,0.0,0.0,0.0,0.0,0.0,0.0,0.0,0.0,0.0,0.0,0.0,0.0,0.0,0.0,0.0,0.0,0.0,0.0,0.0,0.0,0.0,0.0,0.0,0.0,0.0,0.0,0.0,0.0,0.0,0.0,0.0,0.0,0.0,0.0,0.0,0.0,0.0,0.0,0.0,0.0,0.0,0.0,0.0,0.0,0.0,0.0,0.0,0.0,0.0,0.0,0.0,0.0,0.0,0.0,0.0,0.0,0.0,0.0,0.0,0.0,0.0,0.0,0.0,0.0,0.0,0.0,0.0,0.0,0.0,0.0,0.0,0.0,0.0,0.0,0.0,0.0,0.0,0.0,0.0,0.0,0.0,0.0,0.0,0.0,0.0,0.0,0.0,0.0,0.0,0.0,0.0,0.0,0.0,0.0,0.0,0.0,0.0,0.0,0.0,0.0,0.0,0.0,0.0,0.0,0.0,0.0,0.0,0.0,0.0,0.0,0.0,0.0,0.0,0.0,0.0,0.0,0.0,0.0,0.0,0.0,0.0,0.0,0.0,0.0,0.0,0.0,0.0,0.0,0.0,0.0,0.0,0.0,0.0,0.0,0.0,0.0,0.0,0.0,0.0,0.0,0.0,0.0,0.0,0.0,0.0,0.0,0.0,0.0,0.0,0.0,0.0,0.0,0.0,0.0,0.0,0.0,0.0,0.0,0.0,0.0,0.0,0.0,0.0,0.0,0.0,0.0,0.0,0.0,0.0,0.0,0.0,0.0,0.0,0.0,0.0,0.0,0.0,0.0,0.0,0.0,0.0,0.0,0.0,0.0,0.0,0.0,0.0,0.0,0.0,0.0,0.0,0.0,0.0,0.0,0.0,0.0,0.0,0.0,0.0,0.0,0.0,0.0,0.0,0.0,0.0,0.0,0.0,0.0,0.0,0.0,0.0,0.0,0.0,0.0,0.0,0.0,0.0,0.0,0.0,0.0,0.0,0.0,0.0,0.0,0.0,0.0,0.0,0.0,0.0,0.0,0.0,0.0,0.0,0.0,0.0,0.0,0.0,0.0,0.0,0.0,0.0,0.0,0.0,0.0,0.0,0.0,0.0,0.0,0.0,0.0,0.0,0.0,0.0,0.0,0.0,0.0,0.0,0.0,0.0,0.0,0.0,0.0,0.0,0.0,0.0,0.0,0.0,0.0,0.0,0.0,0.0,0.0,0.0,0.0,0.0,0.0,0.0,0.0,0.0,0.0,0.0,0.0,0.0,0.0,0.0,0.0,0.0,0.0,0.0,0.0,0.0,0.0,0.0,0.0,0.0,0.0,0.0,0.0,0.0,0.0,0.0,0.0,0.0,0.0,0.0,0.0,0.0,0.0,0.0,0.0,0.0,0.0,0.0,0.0,0.0,0.0,0.0,0.0,0.0,0.0,0.0,0.0,0.0,0.0,0.0,0.0,0.0,0.0,0.0,0.0,0.0,0.0,0.0,0.0,0.0,0.0,0.0,0.0,0.0,0.0,0.0,0.0,0.0,0.0,0.0,0.0,0.0,0.0,0.0,0.0,0.0,0.04217433756760497,-8.626875888197406e-17,2.6269607216719653e-8,3.861549388737999e-10,1.6614003170132862e-11,2.230849826573686e-11,-0.0016835192029502754,0.0022649040276162447,-2.4611313466162273e-15,1.9333106776522222e-14,1.4799039783509935e-15,-2.7952898705749333e-8,-5.764867512558456e-5,1.530282153499994e-5,1.7999075332977316e-12,-1.0018092680286496e-11,1.2711287781608986e-15,2.4048622277323056e-12,-1.0037232049893326e-12,-1.939048660896448e-5,2.5472668686140746e-15,8.030933097121859e-8,-1.349340362669297e-10,2.2785854322695257e-9,-5.477831576924695e-13,6.229597725198236e-7,-7.681492853089538e-6,9.091286893133735e-8,-7.999825203225561e-15,0.0025839840208600902,-1.1196869034266808e-12,-6.048473436712718e-5,-1.8114691330897913e-12,-1.998934012324957e-5,-0.0013578328592246892,-4.4127039078055284e-13,-4.249519977478141e-9,-2.407200755075589e-11,-9.402205176980222e-12,-6.273360798254622e-10,-5.0273623557882544e-11,0.00011445112657367775,-2.5788833507596988e-14,1.485488224328306e-13,1.2739894508833736e-7,4.716127323806512e-11,-1.4914645353088857e-13,4.3225368185434536e-11,1.8751503485047644e-12,3.632523628848661e-6,2.1316034849351975e-10,-6.931917079314466e-5,1.4442600363613735e-8,4.0492208932978454e-15,0.0008734815616699459,-1.2325202561046635e-13,3.988680961645409e-16,1.6599878664394248e-9,0.009948971569087632,7.489689411985075e-5,2.975769638572077e-14,-3.680806812581569e-13,-5.034045069509736e-8,-6.0666371985614815e-5,-0.00013096721121345778,-3.644182218229659e-6,-2.308835646036181e-8,-8.0091622599338e-14,1.900365158660313e-9,4.4587573182555235e-14,0.0009693843245026679,-7.474962254958413e-10,7.853010360680626e-7,1.7766437676633012e-7,-3.838840569237103e-14,-2.6128684600822123e-10,-2.624947828712421e-6,-1.2376277370066546e-7,-1.0064817219501069e-10,-1.3306835926028153e-10,7.956963770350446e-5,-4.7356727893755906e-14,-3.7240356403430487e-13,1.819920882230195e-6,2.8047666530842692e-8,-2.2758583501706414e-8,-8.107178773272795e-8,0.0014175083594889055,1.0158116670283645e-11,-2.964697135597069e-8,-1.0438232220406499e-16,1.3022793205762734e-15,-6.703360570121351e-11,1.0081921170176376e-14,-1.0692673151443725e-7,-0.00040876374307662186,-0.0027192872790013038,4.524169243250797e-12,-1.1408327453753314e-11,-1.240595383110903e-12,9.493455832039001e-16,6.132499879937591e-5,-1.4797321635075356e-9,-0.001202189981109724,-4.897683753836434e-7,-1.7684125199051257e-6,-0.00012565803046461733,-1.5853491558458083e-13,-4.279822430211112e-6,-4.012613419764617e-12,1.1545836873001841e-10,-7.344564024855213e-13,-0.00976832590571585,-1.1887877283811227e-13,8.130388983767827e-10,-9.123993781507238e-12,1.1842631284946732e-14,-1.7888456463655168e-14,-1.647049973384423e-8,3.237355432269087e-8,0.0005966170303805477,-0.0006206039122734708,-0.0019467021126203083,-1.375826763390431e-11,0.0014418945293145449,8.046830192482821e-11,-5.751631228916969e-13,1.4551114644469065e-11,-7.080432792209648e-15,3.021737574616309e-10,-2.2674911304178804e-13,0.0010668457800341355,6.052318657140312e-11,-2.600688872464077e-12,-6.981485225974112e-11,-2.89873993139847e-14,-8.068185780603388e-15,-9.730076167922056e-16,-0.0007342612709312857,2.2541165952633045e-11,2.3924836192079165e-6,-1.8621920728421695e-10,-3.843894818807624e-15,9.770791236564025e-8,-3.106762788832948e-5,2.4932506042568537e-10,0.0010789944829350197,7.900998274418694e-12,3.3677872893789936e-13,-5.38137221971035e-6,1.7081216508083166e-8,-6.626108590626886e-8,3.78185634153485e-12,-9.377417551298586e-9,1.8717181381719252e-15,8.093098170425386e-5,8.923190287257236e-9,-1.624409334635535e-11,8.287789024352714e-6,3.445661351995484e-14,-3.2557409853931765e-5,1.640876022386971e-14,-6.263645262740003e-13,9.452779230712348e-17,-2.9648081172448562e-5,1.1508147393278465e-6,-2.2328635722743002e-8,-3.354612899931125e-9,3.0025052807744634e-15,-2.152221982379805e-5,0.0002111840036772403,-5.078558883593903e-10,2.624691632176642e-12,-7.707132391696509e-5,2.3688046178724225e-8,-8.893048189826378e-9,5.4402940146109745e-12,-3.4940495303114707e-12,-0.0004080659408546043,0.0012060558755858783,1.5532788199906994e-12,4.021470647272286e-11,5.2474268979291684e-9,1.4609815375318591e-5,6.2045411520925636e-9,4.182795812542218e-13,9.545631825843341e-9,9.248903464161858e-7,1.2742567255191288e-6,1.0389461219142962e-14,-2.9738770357274033e-13,-2.768789891943295e-12,-3.536855152908355e-12,-2.7274937450959338e-11,1.2890242928623578e-11,-0.0004149409886510427,-0.0006314057536054427,3.879178925439373e-16,1.0510665465598243e-10,6.831016609264733e-5
0.0,0.0,0.0,0.0,0.0,0.0,0.0,0.0,0.0,0.0,0.0,0.0,0.0,0.0,0.0,0.0,0.0,0.0,0.0,0.0,0.0,0.0,0.0,0.0,0.0,0.0,0.0,0.0,0.0,0.0,0.0,0.0,0.0,0.0,0.0,0.0,0.0,0.0,0.0,0.0,0.0,0.0,0.0,0.0,0.0,0.0,0.0,0.0,0.0,0.0,0.0,0.0,0.0,0.0,0.0,0.0,0.0,0.0,0.0,0.0,0.0,0.0,0.0,0.0,0.0,0.0,0.0,0.0,0.0,0.0,0.0,0.0,0.0,0.0,0.0,0.0,0.0,0.0,0.0,0.0,0.0,0.0,0.0,0.0,0.0,0.0,0.0,0.0,0.0,0.0,0.0,0.0,0.0,0.0,0.0,0.0,0.0,0.0,0.0,0.0,0.0,0.0,0.0,0.0,0.0,0.0,0.0,0.0,0.0,0.0,0.0,0.0,0.0,0.0,0.0,0.0,0.0,0.0,0.0,0.0,0.0,0.0,0.0,0.0,0.0,0.0,0.0,0.0,0.0,0.0,0.0,0.0,0.0,0.0,0.0,0.0,0.0,0.0,0.0,0.0,0.0,0.0,0.0,0.0,0.0,0.0,0.0,0.0,0.0,0.0,0.0,0.0,0.0,0.0,0.0,0.0,0.0,0.0,0.0,0.0,0.0,0.0,0.0,0.0,0.0,0.0,0.0,0.0,0.0,0.0,0.0,0.0,0.0,0.0,0.0,0.0,0.0,0.0,0.0,0.0,0.0,0.0,0.0,0.0,0.0,0.0,0.0,0.0,0.0,0.0,0.0,0.0,0.0,0.0,0.0,0.0,0.0,0.0,0.0,0.0,0.0,0.0,0.0,0.0,0.0,0.0,0.0,0.0,0.0,0.0,0.0,0.0,0.0,0.0,0.0,0.0,0.0,0.0,0.0,0.0,0.0,0.0,0.0,0.0,0.0,0.0,0.0,0.0,0.0,0.0,0.0,0.0,0.0,0.0,0.0,0.0,0.0,0.0,0.0,0.0,0.0,0.0,0.0,0.0,0.0,0.0,0.0,0.0,0.0,0.0,0.0,0.0,0.0,0.0,0.0,0.0,0.0,0.0,0.0,0.0,0.0,0.0,0.0,0.0,0.0,0.0,0.0,0.0,0.0,0.0,0.0,0.0,0.0,0.0,0.0,0.0,0.0,0.0,0.0,0.0,0.0,0.0,0.0,0.0,0.0,0.0,0.0,0.0,0.0,0.0,0.0,0.0,0.0,0.0,0.0,0.0,0.0,0.0,0.0,0.0,0.0,0.0,0.0,0.0,0.0,0.0,0.0,0.0,0.0,0.0,0.0,0.0,0.0,0.0,0.0,0.0,0.0,0.0,0.0,0.0,0.0,0.0,0.0,0.0,0.0,0.0,0.0,0.0,0.0,0.0,0.0,0.0,0.0,0.0,0.0,0.0,0.0,0.0,0.0,0.0,0.0,0.0,0.0,0.0,0.0,0.0,0.0,0.0,0.0,0.0,0.0,0.0,0.0,0.0,0.0,0.0,0.0,0.0,0.0,0.0,0.0,0.0,0.0,0.0,0.0,0.0,0.0,0.0,0.0,0.0,0.0,0.0,0.0,0.0,0.0,0.0,0.0,0.0,0.0,0.0,0.0,0.0,0.0,0.0,0.0,0.0,0.0,0.0,0.0,0.0,0.0,0.0,0.0,0.0,0.0,0.0,0.0,0.0,0.0,0.0,0.0,0.0,0.0,0.0,0.0,0.0,0.0,0.0,0.0,0.0,0.0,0.0,0.0,0.0,0.0,0.0,0.0,0.0,0.0,0.0,0.0,0.0,0.0,0.0,0.0,0.0,0.0,0.0,0.0,0.0,0.0,0.0,0.0,0.0,0.0,0.0,0.0,0.0,0.0,0.0,0.0,0.0,0.0,0.0,0.0,0.0,0.0,0.0,0.0,0.0,0.0,0.0,0.0,0.0,0.0,0.0,0.0,0.0,0.0,0.0,0.0,0.0,0.0,0.0,0.0,0.0,0.0,0.0,0.0,0.0,0.0,0.0,0.0,0.0,0.0,0.0,0.0,0.0,0.0,0.0,0.0,0.0,0.0,0.0,0.0,0.0,0.0,0.0,0.0,0.0,0.0,0.0,0.0,0.0,0.0,0.0,0.0,0.0,0.0,0.0,0.0,0.0,0.0,0.0,0.0,0.0,0.0,0.0,0.0,0.0,0.0,0.0,0.0,0.0,0.0,0.0,0.0,0.0,0.0,0.0,0.0,0.0,0.0,0.0,0.0,0.0,0.0,0.0,0.0,0.0,0.0,0.0,0.0,0.0,0.0,0.0,0.0,0.0,0.0,0.0,0.0,0.0,0.0,0.0,0.0,0.0,0.0,0.0,0.0,0.0,0.0,0.0,0.0,0.0,0.0,0.0,0.0,0.0,0.0,0.0,0.0,0.0,0.0,0.0,0.0,0.0,0.0,0.0,0.0,0.0,0.0,0.0,0.0,0.0,0.0,0.0,0.0,0.0,0.0,0.0,0.0,0.0,0.0,0.0,0.0,0.0,0.0,0.0,0.0,0.0,0.0,0.0,0.0,0.0,0.0,0.0,0.0,0.0,0.0,0.0,0.01782797893609011,-6.291387682245444e-10,-1.0388392408513933e-8,-1.0347025892631435e-6,-7.834658817481514e-7,2.2453407831181602e-14,4.875155232814735e-15,-0.0017117504191702022,-9.175724088789653e-5,0.0052671802628370176,7.937869279768492e-10,5.3072054591681226e-14,1.7443457455739927e-12,7.663779564608456e-6,1.4077908343712305e-6,-0.006912178528526056,1.4294546598685448e-6,2.0816449348036304e-5,2.9317145552730284e-12,0.008401766902353617,1.67994907291622e-11,-7.526142322895193e-10,-2.3190532410405197e-9,-6.581635635880203e-5,-6.515782807414124e-11,-6.146208036733465e-13,7.188199521662424e-11,0.0017114317136964396,1.1618572530151313e-15,1.5475289249258483e-5,-1.494893948598583e-13,2.0179292562116597e-5,-2.856036699620269e-13,4.1384625470874796e-16,-8.222621350950048e-5,4.880005400369316e-9,6.267366299525207e-7,1.193788330727482e-6,1.2955101632260242e-7,-4.2027009129019995e-8,-3.050872079071254e-13,0.0010244434277276498,-3.908152186734267e-5,-8.038495060927088e-10,-1.4268075146821529e-6,-0.0001424775919046271,-3.934585052345703e-9,-2.003939216619492e-6,-5.732393833283796e-11,-1.0665907464294316e-7,-7.2401253042821e-15,-6.188702453504408e-9,-2.850397492267088e-5,1.4093006809797299e-14,-0.00011701499812822271,0.00027456782501578944,5.4373414671044865e-8,-1.0618837014016508e-15,3.3572455081311875e-13,0.0004013173080342869,0.00022658922557591685,-1.152839077553711e-11,-1.9137773006494295e-14,-1.068100700589724e-13,4.874003052474483e-12,8.700287509553125e-10,-0.0002595626676425562,8.122945910276495e-9,1.640501970782007e-5,2.6207435900046758e-15,1.5853481191620602e-8,3.889607855524295e-12,-4.58761285767133e-10,-0.00028937376890473377,-7.107919592558382e-8,-7.915597717749509e-13,-4.590458246620891e-10,-6.469072508581971e-8,9.223377088267361e-8,1.3843694952084497e-13,9.697357191690506e-5,5.259556873246753e-6,-1.0985292914204429e-11,2.0173297522831045e-9,3.500901643970788e-9,8.852000904706965e-11,-4.667380906334546e-14,4.94453734604619e-7,5.265409950004822e-10,0.0025933130935476734,-0.0005229650271164633,-1.3598124111841773e-7,-0.0007280968475503748,2.1361960289333857e-10,-4.94432718833666e-14,1.3156328260528464e-14,-5.28866358793438e-6,2.66481974237665e-7,-7.621233189506493e-6,-0.00016382697822499274,-4.594514038477037e-13,3.436005345357868e-8,3.6447131983095155e-15,8.444450780733897e-11,6.913206817289181e-12,1.2033291940827044e-13,7.995898371857702e-5,8.303796763665747e-12,-2.3500400863809695e-6,2.2938605027233935e-6,8.794844703366748e-5,-6.550757796582266e-15,0.00045516991750169984,2.9333271057198627e-9,3.7217971443446017e-6,0.0006129334147139862,-0.0019640246340981824,-6.951114749465181e-10,3.6552127369532544e-9,-4.468477919961106e-16,2.477798012826486e-16,-9.96718733165112e-16,5.821439303379111e-6,1.2692178490163024e-15,-1.2133671795007726e-7,-3.003802227085654e-5,1.4023604234977594e-5,0.00019801320836982346,-3.566657502376579e-8,-2.1245949602605575e-5,2.778233032393091e-17,9.627842236859707e-7,1.749577833940529e-5,-8.367368593439685e-9,8.957912785572142e-5,-0.0004539230767928142,-0.00012077315835723925,-9.864558522582554e-15,1.5209528598710069e-6,-3.317415137409271e-11,-3.3537131515096594e-9,-0.0014572538363488425,-6.46805855265232e-11,-1.1093279709928244e-12,2.428835633556844e-7,1.675505988201757e-14,2.15807344404176e-7,4.89028444697036e-6,-7.750709290112786e-12,-7.922080989606477e-10,-5.829802200112012e-10,2.067334289224115e-5,-4.1267618003504165e-9,-0.0033187546588614053,5.2554780808047825e-14,-1.3466564285673062e-9,-1.1909994983772928e-6,-8.59962470288614e-12,0.0006075190795714621,2.1660714727012855e-13,5.844077353455099e-7,4.822014186222536e-5,-0.0003289856118286348,7.23502240718371e-13,-1.2269073806589583e-11,-3.1230876812276306e-10,1.797343916406239e-10,-0.002247359225104363,5.351196200437522e-12,-2.0055100936406348e-13,7.17965984805762e-8,1.298687749020996e-6,-2.924716967339452e-14,-5.688286709430117e-10,8.507295967136362e-10,1.5027462601518814e-6,2.1055013571453336e-6,-1.349694085395897e-15,9.422920444480861e-15,1.7791252226448796e-5,-7.419668933519693e-7,1.2522984089567066e-8,-2.520037565576127e-12,2.894114496456822e-10,9.030394405993924e-6,-7.546152157032374e-10,9.686473317305714e-12,2.0652084413411124e-11,0.0016764445788712277,-1.0971603134958129e-5,-6.908468861483157e-7,-4.71792819313019e-6,3.3616487705503006e-6,5.848135134705617e-6,-1.3500136104378512e-13,-8.062841928943338e-15,0.001788209648425998,-1.3560857415700526e-7,3.571454464742097e-15
0.0,0.0,0.0,0.0,0.0,0.0,0.0,0.0,0.0,0.0,0.0,0.0,0.0,0.0,0.0,0.0,0.0,0.0,0.0,0.0,0.0,0.0,0.0,0.0,0.0,0.0,0.0,0.0,0.0,0.0,0.0,0.0,0.0,0.0,0.0,0.0,0.0,0.0,0.0,0.0,0.0,0.0,0.0,0.0,0.0,0.0,0.0,0.0,0.0,0.0,0.0,0.0,0.0,0.0,0.0,0.0,0.0,0.0,0.0,0.0,0.0,0.0,0.0,0.0,0.0,0.0,0.0,0.0,0.0,0.0,0.0,0.0,0.0,0.0,0.0,0.0,0.0,0.0,0.0,0.0,0.0,0.0,0.0,0.0,0.0,0.0,0.0,0.0,0.0,0.0,0.0,0.0,0.0,0.0,0.0,0.0,0.0,0.0,0.0,0.0,0.0,0.0,0.0,0.0,0.0,0.0,0.0,0.0,0.0,0.0,0.0,0.0,0.0,0.0,0.0,0.0,0.0,0.0,0.0,0.0,0.0,0.0,0.0,0.0,0.0,0.0,0.0,0.0,0.0,0.0,0.0,0.0,0.0,0.0,0.0,0.0,0.0,0.0,0.0,0.0,0.0,0.0,0.0,0.0,0.0,0.0,0.0,0.0,0.0,0.0,0.0,0.0,0.0,0.0,0.0,0.0,0.0,0.0,0.0,0.0,0.0,0.0,0.0,0.0,0.0,0.0,0.0,0.0,0.0,0.0,0.0,0.0,0.0,0.0,0.0,0.0,0.0,0.0,0.0,0.0,0.0,0.0,0.0,0.0,0.0,0.0,0.0,0.0,0.0,0.0,0.0,0.0,0.0,0.0,0.0,0.0,0.0,0.0,0.0,0.0,0.0,0.0,0.0,0.0,0.0,0.0,0.0,0.0,0.0,0.0,0.0,0.0,0.0,0.0,0.0,0.0,0.0,0.0,0.0,0.0,0.0,0.0,0.0,0.0,0.0,0.0,0.0,0.0,0.0,0.0,0.0,0.0,0.0,0.0,0.0,0.0,0.0,0.0,0.0,0.0,0.0,0.0,0.0,0.0,0.0,0.0,0.0,0.0,0.0,0.0,0.0,0.0,0.0,0.0,0.0,0.0,0.0,0.0,0.0,0.0,0.0,0.0,0.0,0.0,0.0,0.0,0.0,0.0,0.0,0.0,0.0,0.0,0.0,0.0,0.0,0.0,0.0,0.0,0.0,0.0,0.0,0.0,0.0,0.0,0.0,0.0,0.0,0.0,0.0,0.0,0.0,0.0,0.0,0.0,0.0,0.0,0.0,0.0,0.0,0.0,0.0,0.0,0.0,0.0,0.0,0.0,0.0,0.0,0.0,0.0,0.0,0.0,0.0,0.0,0.0,0.0,0.0,0.0,0.0,0.0,0.0,0.0,0.0,0.0,0.0,0.0,0.0,0.0,0.0,0.0,0.0,0.0,0.0,0.0,0.0,0.0,0.0,0.0,0.0,0.0,0.0,0.0,0.0,0.0,0.0,0.0,0.0,0.0,0.0,0.0,0.0,0.0,0.0,0.0,0.0,0.0,0.0,0.0,0.0,0.0,0.0,0.0,0.0,0.0,0.0,0.0,0.0,0.0,0.0,0.0,0.0,0.0,0.0,0.0,0.0,0.0,0.0,0.0,0.0,0.0,0.0,0.0,0.0,0.0,0.0,0.0,0.0,0.0,0.0,0.0,0.0,0.0,0.0,0.0,0.0,0.0,0.0,0.0,0.0,0.0,0.0,0.0,0.0,0.0,0.0,0.0,0.0,0.0,0.0,0.0,0.0,0.0,0.0,0.0,0.0,0.0,0.0,0.0,0.0,0.0,0.0,0.0,0.0,0.0,0.0,0.0,0.0,0.0,0.0,0.0,0.0,0.0,0.0,0.0,0.0,0.0,0.0,0.0,0.0,0.0,0.0,0.0,0.0,0.0,0.0,0.0,0.0,0.0,0.0,0.0,0.0,0.0,0.0,0.0,0.0,0.0,0.0,0.0,0.0,0.0,0.0,0.0,0.0,0.0,0.0,0.0,0.0,0.0,0.0,0.0,0.0,0.0,0.0,0.0,0.0,0.0,0.0,0.0,0.0,0.0,0.0,0.0,0.0,0.0,0.0,0.0,0.0,0.0,0.0,0.0,0.0,0.0,0.0,0.0,0.0,0.0,0.0,0.0,0.0,0.0,0.0,0.0,0.0,0.0,0.0,0.0,0.0,0.0,0.0,0.0,0.0,0.0,0.0,0.0,0.0,0.0,0.0,0.0,0.0,0.0,0.0,0.0,0.0,0.0,0.0,0.0,0.0,0.0,0.0,0.0,0.0,0.0,0.0,0.0,0.0,0.0,0.0,0.0,0.0,0.0,0.0,0.0,0.0,0.0,0.0,0.0,0.0,0.0,0.0,0.0,0.0,0.0,0.0,0.0,0.0,0.0,0.0,0.0,0.0,0.0,0.0,0.0,0.0,0.0,0.0,0.0,0.0,0.0,0.0,0.0,0.0,0.0,0.0,0.0,0.0,0.0,0.0,0.0,0.0,0.0,0.0,0.0,0.0,0.0,0.0,0.0,0.0,0.0,0.0,0.0,0.0,0.0,0.0,0.0,0.0,0.0,0.0,0.0,0.0,0.0,0.0,0.029866285722053333,0.0003812320082746859,3.8797429852480196e-6,-1.601176521845243e-5,-9.127200699406301e-8,9.558358255180339e-9,1.1613518100459566e-9,1.8130630510366015e-9,-1.5183660184961508e-9,-0.010250774931095174,-1.978154629778015e-6,6.598045131480679e-6,-1.9933174591726053e-5,-7.732315977077992e-5,1.4811339356013757e-9,-2.075085739545576e-5,-1.1083572202741681e-6,-7.846223196026488e-6,-1.0423050392029082e-9,0.00016890651733917502,-0.0015472785841909576,0.0006331222280120955,-1.6573934579590637e-6,-0.000446963993650244,-2.354374742446315e-6,0.0001302352815864867,8.657758467434106e-9,1.9457080900336365e-10,-1.4981740783548652e-6,-8.377787509745508e-7,-2.2517116460304668e-7,8.101215638329754e-7,-9.391802026260856e-9,5.743192861080361e-7,-0.000331009157145081,-2.1901432391983373e-6,-3.938146072804542e-6,0.0003546455154368368,6.503898648314636e-5,2.437715954483772e-6,1.6954635289233225e-8,-2.651512389469546e-7,0.004083355585014907,-2.842600100309741e-5,-5.7201404192698666e-8,0.003959783850080676,5.553074778141689e-6,7.4237495633951985e-6,2.4447796488704277e-5,1.2112636082458412e-6,-0.0006803495631823249,7.841756673586161e-9,1.1347183885476576e-7,-2.489826305160392e-7,1.062264594595542e-9,-0.00019169784912016825,1.3333441734174182e-7,-1.1079597851939557e-6,5.615933704800637e-8,-1.744961387617333e-7,-0.00023464864846687696,-2.416411035279332e-7,-5.287833210742635e-7,7.616233178586105e-5,0.003348169993396047,1.2162574835951413e-8,0.0043062011902999546,7.589577432191554e-8,-2.2309595666838795e-9,-0.00021986751921951607,4.813795971831349e-6,0.0023199386809642907,-1.000331196559468e-7,-0.00014224432087798843,-2.0144783752459343e-7,-0.00021229786357136003,2.606175567625512e-5,-7.318674477487502e-5,8.850633752863197e-6,-5.16349509749999e-8,1.017514944905574e-6,-1.3511359457585847e-5,0.00027291037541068985,8.85881272480627e-5,0.001452306324719364,1.5220490776096533e-7,-4.3132413387853786e-6,-0.0017303777194862954,-9.182942048550677e-10,1.9319618831819105e-8,-0.00013203373581124138,2.1340476261842723e-8,0.0002124265268664801,-2.971467357991933e-7,-3.661798642965801e-8,-1.0297973353957528e-5,0.00012796480893779904,6.380542873095047e-7,-8.548088859840428e-10,2.4349830096264576e-6,0.00016620290272260766,-1.0899382740424431e-7,-0.00038521244570475534,-1.2563794734887594e-5,8.990706757711943e-8,5.776638334140583e-7,-4.550740263713735e-5,1.2684968593307263e-6,6.197390360987009e-5,2.8429834365209053e-7,-3.291715820171232e-8,9.184343110405259e-9,0.005030810976982829,8.62958615183912e-7,-4.031504075785512e-9,2.602289186613414e-9,-0.00045662823343808103,0.0010900974294017608,-3.713966049639499e-8,-9.058517515945394e-9,-3.0057413937497185e-10,-6.43116419712049e-6,3.076222163430012e-8,-1.619359978283177e-5,-3.327838660834365e-7,3.657171835984956e-6,5.000884772507331e-9,-0.00018886410232589002,1.750116189872614e-7,6.711649787437755e-10,2.0348031115807202e-5,-4.987087909482122e-6,0.0004524004208001226,6.454910786598069e-8,1.3950824243427112e-8,5.4650896058203476e-8,-3.264956701752129e-9,7.21039894557416e-6,-2.8635746315754933e-7,0.0010839360766861424,1.7374670803286465e-9,-0.00018894754939495563,-6.761847669663726e-6,1.9221195199240453e-5,4.6718190555561766e-8,0.00019482757926873078,3.3487687434021043e-8,4.370190413116403e-5,-6.694697513899012e-5,-0.00031138499950123444,-4.892642266344e-7,0.0016614264670189987,3.382843783821694e-10,1.2029896262626948e-6,0.0004127900916945754,-7.804557843118917e-6,-7.567558059395321e-5,-4.345321423727545e-9,-8.626262535508806e-7,-8.096324014865937e-9,-2.157663455743686e-8,1.3535059206861862e-11,-5.767417668240266e-6,-0.00028140356397169286,0.0008712943629096042,-2.504048904959862e-5,1.274353384720139e-9,-3.209440799394431e-5,6.003267201873262e-7,0.000682383113436234,1.6797227308105193e-6,-7.944931134735152e-7,-0.0014472460616895895,-0.016165292902165194,8.611331640964036e-6,5.990856994920961e-6,-4.3831693338563724e-8,3.2233582437883742e-9,-4.5836683931004367e-7,-1.7109844381140378e-5,0.004222088910389553,3.425830429259278e-5,-0.0008651107259464694,4.959709343625738e-7,0.019535080302605562,-1.2039034915334481e-5,-0.00013821783626014964,3.917006826064653e-9,-4.1123003146791976e-7,5.85437051601989e-6,-1.7647182849153312e-6,-1.7779617748813732e-5,5.4711793395395345e-6,-1.4903285315451382e-7,-5.0181206871284557e-8,-2.0723449488282125e-9,0.00011594433911205731,-2.2308354100690195e-8
0.0,0.0,0.0,0.0,0.0,0.0,0.0,0.0,0.0,0.0,0.0,0.0,0.0,0.0,0.0,0.0,0.0,0.0,0.0,0.0,0.0,0.0,0.0,0.0,0.0,0.0,0.0,0.0,0.0,0.0,0.0,0.0,0.0,0.0,0.0,0.0,0.0,0.0,0.0,0.0,0.0,0.0,0.0,0.0,0.0,0.0,0.0,0.0,0.0,0.0,0.0,0.0,0.0,0.0,0.0,0.0,0.0,0.0,0.0,0.0,0.0,0.0,0.0,0.0,0.0,0.0,0.0,0.0,0.0,0.0,0.0,0.0,0.0,0.0,0.0,0.0,0.0,0.0,0.0,0.0,0.0,0.0,0.0,0.0,0.0,0.0,0.0,0.0,0.0,0.0,0.0,0.0,0.0,0.0,0.0,0.0,0.0,0.0,0.0,0.0,0.0,0.0,0.0,0.0,0.0,0.0,0.0,0.0,0.0,0.0,0.0,0.0,0.0,0.0,0.0,0.0,0.0,0.0,0.0,0.0,0.0,0.0,0.0,0.0,0.0,0.0,0.0,0.0,0.0,0.0,0.0,0.0,0.0,0.0,0.0,0.0,0.0,0.0,0.0,0.0,0.0,0.0,0.0,0.0,0.0,0.0,0.0,0.0,0.0,0.0,0.0,0.0,0.0,0.0,0.0,0.0,0.0,0.0,0.0,0.0,0.0,0.0,0.0,0.0,0.0,0.0,0.0,0.0,0.0,0.0,0.0,0.0,0.0,0.0,0.0,0.0,0.0,0.0,0.0,0.0,0.0,0.0,0.0,0.0,0.0,0.0,0.0,0.0,0.0,0.0,0.0,0.0,0.0,0.0,0.0,0.0,0.0,0.0,0.0,0.0,0.0,0.0,0.0,0.0,0.0,0.0,0.0,0.0,0.0,0.0,0.0,0.0,0.0,0.0,0.0,0.0,0.0,0.0,0.0,0.0,0.0,0.0,0.0,0.0,0.0,0.0,0.0,0.0,0.0,0.0,0.0,0.0,0.0,0.0,0.0,0.0,0.0,0.0,0.0,0.0,0.0,0.0,0.0,0.0,0.0,0.0,0.0,0.0,0.0,0.0,0.0,0.0,0.0,0.0,0.0,0.0,0.0,0.0,0.0,0.0,0.0,0.0,0.0,0.0,0.0,0.0,0.0,0.0,0.0,0.0,0.0,0.0,0.0,0.0,0.0,0.0,0.0,0.0,0.0,0.0,0.0,0.0,0.0,0.0,0.0,0.0,0.0,0.0,0.0,0.0,0.0,0.0,0.0,0.0,0.0,0.0,0.0,0.0,0.0,0.0,0.0,0.0,0.0,0.0,0.0,0.0,0.0,0.0,0.0,0.0,0.0,0.0,0.0,0.0,0.0,0.0,0.0,0.0,0.0,0.0,0.0,0.0,0.0,0.0,0.0,0.0,0.0,0.0,0.0,0.0,0.0,0.0,0.0,0.0,0.0,0.0,0.0,0.0,0.0,0.0,0.0,0.0,0.0,0.0,0.0,0.0,0.0,0.0,0.0,0.0,0.0,0.0,0.0,0.0,0.0,0.0,0.0,0.0,0.0,0.0,0.0,0.0,0.0,0.0,0.0,0.0,0.0,0.0,0.0,0.0,0.0,0.0,0.0,0.0,0.0,0.0,0.0,0.0,0.0,0.0,0.0,0.0,0.0,0.0,0.0,0.0,0.0,0.0,0.0,0.0,0.0,0.0,0.0,0.0,0.0,0.0,0.0,0.0,0.0,0.0,0.0,0.0,0.0,0.0,0.0,0.0,0.0,0.0,0.0,0.0,0.0,0.0,0.0,0.0,0.0,0.0,0.0,0.0,0.0,0.0,0.0,0.0,0.0,0.0,0.0,0.0,0.0,0.0,0.0,0.0,0.0,0.0,0.0,0.0,0.0,0.0,0.0,0.0,0.0,0.0,0.0,0.0,0.0,0.0,0.0,0.0,0.0,0.0,0.0,0.0,0.0,0.0,0.0,0.0,0.0,0.0,0.0,0.0,0.0,0.0,0.0,0.0,0.0,0.0,0.0,0.0,0.0,0.0,0.0,0.0,0.0,0.0,0.0,0.0,0.0,0.0,0.0,0.0,0.0,0.0,0.0,0.0,0.0,0.0,0.0,0.0,0.0,0.0,0.0,0.0,0.0,0.0,0.0,0.0,0.0,0.0,0.0,0.0,0.0,0.0,0.0,0.0,0.0,0.0,0.0,0.0,0.0,0.0,0.0,0.0,0.0,0.0,0.0,0.0,0.0,0.0,0.0,0.0,0.0,0.0,0.0,0.0,0.0,0.0,0.0,0.0,0.0,0.0,0.0,0.0,0.0,0.0,0.0,0.0,0.0,0.0,0.0,0.0,0.0,0.0,0.0,0.0,0.0,0.0,0.0,0.0,0.0,0.0,0.0,0.0,0.0,0.0,0.0,0.0,0.0,0.0,0.0,0.0,0.0,0.0,0.0,0.0,0.0,0.0,0.0,0.0,0.0,0.0,0.0,0.0,0.0,0.0,0.0,0.0,0.0,0.0,0.0,0.0,0.0,0.0,0.0,0.0,0.0,0.0,0.0,0.0,0.0,0.0,0.0,0.0,0.0,0.0,0.0,0.0,0.0,0.0,0.0,0.0,0.0,0.0,0.0,0.0,0.029049299531393572,-0.0003348876505023086,-3.0680324717713495e-6,-5.78823752523118e-9,-9.847116835722618e-10,-4.015181588668976e-9,3.6423803011776864e-8,-2.140225596077547e-8,0.00045591804211407425,2.5733634340796206e-7,-1.5781683413575115e-6,-0.00012023916926507038,-0.0011912789726869026,1.3196483288498343e-8,0.00016296727844631795,3.7606352334125985e-6,-2.1628403755700954e-6,1.4610690828457239e-9,1.8676080833758417e-5,-0.0026520377096506407,-0.004737421018776123,5.539224786541741e-6,-2.070154060976392e-5,-2.1081733427476786e-6,8.583031931366085e-5,4.8918185929356084e-8,1.628561582894993e-10,4.085620236080204e-6,1.254138891394677e-8,-1.6715921514683823e-5,1.0940347874199378e-7,1.2253846662630112e-10,-1.8481814615551205e-7,-0.002559584491181679,4.30608576784546e-5,-1.0976362027527528e-6,0.0002548521187167988,-3.138490390968418e-5,1.0155870295680165e-7,1.1333638002945603e-7,-3.8694227332684474e-7,-0.00037466329007305153,0.0001218421105212106,1.176427573263901e-7,-0.000226356070740642,2.162451133955052e-5,-5.8860290814112675e-6,0.001071717848680685,-3.354209458010428e-8,-7.21011173702738e-5,2.175784864417815e-8,-1.5086336435296602e-8,-1.6877877442303563e-7,-4.433804034998021e-9,0.00025551699033200565,-3.3499862448925737e-9,-3.093127193899761e-8,4.2415078519805905e-7,-1.498818859903643e-6,3.7652309866232084e-5,2.7322859996652414e-8,5.4921818176432875e-8,-2.39278658966569e-5,-0.0004377526820729212,5.024474211396123e-7,-8.957253710492286e-5,7.086342282817396e-7,5.919226648164055e-9,-0.010407454636879478,-1.2624733971986262e-5,-0.00025830814109303136,-2.387833021462093e-7,0.0008339190000663132,1.3324447646022816e-7,9.585793756099279e-5,0.000129531186834382,-0.0008883215041077497,-8.220624840321988e-7,-6.856900757858834e-8,-3.441776268102751e-7,3.3100860726070005e-6,-0.00018990695142481382,-0.0009107771982888854,0.0002553296728403021,9.130419981756672e-9,-0.00013805910131226297,0.00012647051995034369,-2.18816063138203e-9,4.994888245765968e-7,-0.00012268747063425885,-1.985099100665111e-8,-7.971342100115763e-5,3.024722849759418e-8,-5.53751951502645e-9,4.489285250249686e-5,-0.00010777078919988132,-9.434562348878175e-6,-1.2106017985197993e-8,-1.4113573005447957e-7,0.004863277109296194,1.7629511275230825e-8,2.041342872061345e-6,1.0976804502148835e-5,-1.7152436948948557e-8,-3.039875531684125e-7,4.5772890446987655e-7,-5.764549842188045e-5,-0.00021812076989619623,-5.324024227097134e-6,9.691000114245869e-9,-2.0131145184619972e-7,0.0005851063587686384,-5.627667650662928e-5,-8.026577436430163e-9,3.58196866721816e-8,0.0007580263228723347,-0.0014219821742850255,3.3749504619364954e-9,-4.657309164151731e-10,-9.893963560072652e-10,6.647185530907e-5,1.014898001248554e-8,0.0006791376592252643,3.1506830283311734e-6,-4.2873219360983914e-5,-4.859177148654884e-8,0.002787977880445296,-5.446624976837106e-7,-9.690156094557128e-10,0.0002819039675513706,-2.6739156369323932e-5,0.004674889942176095,-3.157884915770946e-7,-1.4102872908900356e-7,6.98058569886997e-7,2.2653830154498926e-9,-5.3365860774057754e-6,3.795254297646084e-6,-0.00036368147224831356,-9.448818397213822e-9,0.00010936539835500523,9.238892462700741e-7,0.0003976519593173685,7.01114345053256e-9,0.00023085875879916797,5.63680214756193e-7,-4.322670358431492e-7,-0.0012484365692608016,5.814759734684462e-6,-1.3630678730274857e-6,0.0005866093914490636,5.304356674234465e-9,-6.777078653818516e-8,0.0007796160238087819,0.000128481196753859,1.2873593245202046e-5,6.035085979505648e-8,8.437021681308766e-8,-3.8122220956483533e-7,1.2815473736841012e-7,1.1875110754291122e-8,6.776634654663364e-7,-2.4090424050331346e-5,0.0003011216119154756,-0.0004746827201740801,3.951745471118686e-8,6.630553944606879e-7,1.2350237075451213e-7,-0.00041250694818532744,1.05097785838772e-5,1.4335805347834448e-7,-0.00026022674749712725,-0.00038445470004185934,4.0904780139693826e-5,-5.1746416341931975e-5,-2.3746072151378174e-8,6.84617912753775e-10,-5.876269950094628e-6,-8.418177537570055e-5,6.339304410180266e-5,-4.3078050305956317e-7,-0.012906909865199458,7.230895258178952e-7,0.0009435705815149714,-2.109665107088223e-5,-9.177388407878468e-6,3.270683408749633e-9,-1.8503419094205766e-6,0.00028399268558005204,2.3499030375188028e-5,-3.793918803276369e-5,5.5778558463949185e-5,7.27341874519749e-8,2.9067200683077312e-8,4.858813223162965e-9,0.0058364162727283335,1.1293349627173948e-9
0.0,0.0,0.0,0.0,0.0,0.0,0.0,0.0,0.0,0.0,0.0,0.0,0.0,0.0,0.0,0.0,0.0,0.0,0.0,0.0,0.0,0.0,0.0,0.0,0.0,0.0,0.0,0.0,0.0,0.0,0.0,0.0,0.0,0.0,0.0,0.0,0.0,0.0,0.0,0.0,0.0,0.0,0.0,0.0,0.0,0.0,0.0,0.0,0.0,0.0,0.0,0.0,0.0,0.0,0.0,0.0,0.0,0.0,0.0,0.0,0.0,0.0,0.0,0.0,0.0,0.0,0.0,0.0,0.0,0.0,0.0,0.0,0.0,0.0,0.0,0.0,0.0,0.0,0.0,0.0,0.0,0.0,0.0,0.0,0.0,0.0,0.0,0.0,0.0,0.0,0.0,0.0,0.0,0.0,0.0,0.0,0.0,0.0,0.0,0.0,0.0,0.0,0.0,0.0,0.0,0.0,0.0,0.0,0.0,0.0,0.0,0.0,0.0,0.0,0.0,0.0,0.0,0.0,0.0,0.0,0.0,0.0,0.0,0.0,0.0,0.0,0.0,0.0,0.0,0.0,0.0,0.0,0.0,0.0,0.0,0.0,0.0,0.0,0.0,0.0,0.0,0.0,0.0,0.0,0.0,0.0,0.0,0.0,0.0,0.0,0.0,0.0,0.0,0.0,0.0,0.0,0.0,0.0,0.0,0.0,0.0,0.0,0.0,0.0,0.0,0.0,0.0,0.0,0.0,0.0,0.0,0.0,0.0,0.0,0.0,0.0,0.0,0.0,0.0,0.0,0.0,0.0,0.0,0.0,0.0,0.0,0.0,0.0,0.0,0.0,0.0,0.0,0.0,0.0,0.0,0.0,0.0,0.0,0.0,0.0,0.0,0.0,0.0,0.0,0.0,0.0,0.0,0.0,0.0,0.0,0.0,0.0,0.0,0.0,0.0,0.0,0.0,0.0,0.0,0.0,0.0,0.0,0.0,0.0,0.0,0.0,0.0,0.0,0.0,0.0,0.0,0.0,0.0,0.0,0.0,0.0,0.0,0.0,0.0,0.0,0.0,0.0,0.0,0.0,0.0,0.0,0.0,0.0,0.0,0.0,0.0,0.0,0.0,0.0,0.0,0.0,0.0,0.0,0.0,0.0,0.0,0.0,0.0,0.0,0.0,0.0,0.0,0.0,0.0,0.0,0.0,0.0,0.0,0.0,0.0,0.0,0.0,0.0,0.0,0.0,0.0,0.0,0.0,0.0,0.0,0.0,0.0,0.0,0.0,0.0,0.0,0.0,0.0,0.0,0.0,0.0,0.0,0.0,0.0,0.0,0.0,0.0,0.0,0.0,0.0,0.0,0.0,0.0,0.0,0.0,0.0,0.0,0.0,0.0,0.0,0.0,0.0,0.0,0.0,0.0,0.0,0.0,0.0,0.0,0.0,0.0,0.0,0.0,0.0,0.0,0.0,0.0,0.0,0.0,0.0,0.0,0.0,0.0,0.0,0.0,0.0,0.0,0.0,0.0,0.0,0.0,0.0,0.0,0.0,0.0,0.0,0.0,0.0,0.0,0.0,0.0,0.0,0.0,0.0,0.0,0.0,0.0,0.0,0.0,0.0,0.0,0.0,0.0,0.0,0.0,0.0,0.0,0.0,0.0,0.0,0.0,0.0,0.0,0.0,0.0,0.0,0.0,0.0,0.0,0.0,0.0,0.0,0.0,0.0,0.0,0.0,0.0,0.0,0.0,0.0,0.0,0.0,0.0,0.0,0.0,0.0,0.0,0.0,0.0,0.0,0.0,0.0,0.0,0.0,0.0,0.0,0.0,0.0,0.0,0.0,0.0,0.0,0.0,0.0,0.0,0.0,0.0,0.0,0.0,0.0,0.0,0.0,0.0,0.0,0.0,0.0,0.0,0.0,0.0,0.0,0.0,0.0,0.0,0.0,0.0,0.0,0.0,0.0,0.0,0.0,0.0,0.0,0.0,0.0,0.0,0.0,0.0,0.0,0.0,0.0,0.0,0.0,0.0,0.0,0.0,0.0,0.0,0.0,0.0,0.0,0.0,0.0,0.0,0.0,0.0,0.0,0.0,0.0,0.0,0.0,0.0,0.0,0.0,0.0,0.0,0.0,0.0,0.0,0.0,0.0,0.0,0.0,0.0,0.0,0.0,0.0,0.0,0.0,0.0,0.0,0.0,0.0,0.0,0.0,0.0,0.0,0.0,0.0,0.0,0.0,0.0,0.0,0.0,0.0,0.0,0.0,0.0,0.0,0.0,0.0,0.0,0.0,0.0,0.0,0.0,0.0,0.0,0.0,0.0,0.0,0.0,0.0,0.0,0.0,0.0,0.0,0.0,0.0,0.0,0.0,0.0,0.0,0.0,0.0,0.0,0.0,0.0,0.0,0.0,0.0,0.0,0.0,0.0,0.0,0.0,0.0,0.0,0.0,0.0,0.0,0.0,0.0,0.0,0.0,0.0,0.0,0.0,0.0,0.0,0.0,0.0,0.0,0.0,0.0,0.0,0.0,0.0,0.0,0.0,0.0,0.0,0.0,0.0,0.0,0.0,0.0,0.0,0.0,0.0,0.0,0.0,0.0,0.0,0.0,0.0,0.0,0.0,0.0,0.0,0.0,0.0,0.0,0.0,0.0,0.0,0.0,0.0,0.0,0.03418817676990432,0.0033863057003806667,4.359270165191375e-10,1.7912288223535245e-10,-6.898478556131969e-7,9.392721725801637e-7,1.9258394162594014e-7,-1.5549327974520423e-5,3.877770736890334e-9,-7.166244867864118e-9,-0.001486116398931743,0.0017354588349541037,-9.025225144147389e-7,0.0010711534166418576,0.0008727389599295894,-2.987993661545994e-9,9.835944633838172e-7,-9.031642472238694e-7,-0.0002798164752366106,0.0008112451917155609,-0.00013539042058615622,3.5547467389370174e-6,-1.6107873607943692e-7,-7.12497818636584e-6,-7.61393617326731e-6,8.907023561417263e-11,-0.0005042613937814702,-8.169569417437983e-9,0.00025626705704323815,-1.110114239627964e-11,-1.0434978770913961e-11,0.0004249056059938244,1.946587855593266e-5,0.0005684059695956043,-0.0010048114090230782,-6.004553112045232e-6,0.00012150122634185951,1.5721394609198387e-9,-1.2423278004519351e-5,7.023713587704902e-5,5.484275051085297e-6,-0.005097069011701369,1.9270042887641e-5,5.012738367707968e-5,-0.0006405171331510157,6.834588129118653e-7,0.0020035948911942165,1.3445616507752373e-9,-9.054928562212917e-5,1.2534622662884531e-6,9.206491805044592e-11,5.2871958028795634e-5,-5.7093612587155494e-8,-0.0007316458075919475,-2.1239263931235351e-10,4.416881094211074e-9,-3.67869313125172e-5,-0.0001350823047101357,-1.5147156730157267e-8,1.8339904879047895e-10,-1.8504904935541782e-9,-3.740130139401353e-7,3.099148874334319e-5,1.5831385625614735e-5,3.304884262657147e-5,0.00012895592975653875,1.8647664407229948e-10,0.0005912299035310128,6.451748419282896e-8,-1.300050186031416e-5,-2.3038260509744373e-5,0.001684280788395578,-2.9395742282374928e-8,1.6083030926124852e-6,0.0016188647884384038,0.0018657132765674761,1.5822582495015568e-8,-3.4590925441850603e-6,-0.0009221281806183093,1.5079599499203187e-8,3.348684480840476e-6,1.0272351802243288e-5,-3.692772431566404e-6,-7.416640843411906e-10,0.0008608146929496198,-4.786643700666752e-6,9.27714379707845e-7,4.048466672199198e-5,0.0003457879999333634,4.441963326832083e-6,3.758627672494825e-6,-1.0154478306108033e-9,2.0218361149759902e-10,-0.0003745499375435251,0.00817697196727628,0.0014175027446406716,-1.6364682265053006e-7,-1.3178666300006473e-8,0.00027804078029083256,2.4884777469845823e-11,-2.664795554119851e-6,-4.7182538059239464e-8,-3.3251673834789938e-9,8.661644388732915e-5,-1.0580629285432852e-7,0.002485937177896802,0.004135742787860162,-0.00023946718963658054,5.016730493013418e-11,-2.061750366497653e-5,-4.77408514031496e-5,-0.000620598623838972,7.847647390484976e-8,-1.5270380865694856e-5,9.879709143031551e-6,1.0706444510615122e-5,-1.7864249526891956e-11,-1.3600403829295326e-12,-1.330771954000034e-10,-0.008936212477244859,8.293022706328219e-10,-0.0006982127492790215,-0.0002752558215915575,0.001397987846407627,-6.572431480890079e-6,-0.000836896831547606,-9.496510748631925e-5,-5.5610839361647316e-12,-0.005676079810864086,-6.416034298278899e-5,-0.0003738119080535934,-8.43340986290729e-6,1.1329022851599764e-5,6.422059635750245e-7,-1.4680069452124683e-10,-0.004330698802563565,2.7620593023947846e-7,-0.00012523792991245915,-2.9595876315646e-7,1.3922702137132056e-6,1.057859882273298e-8,-0.007398179326585746,1.1310858956015961e-9,0.0013376295690028653,-0.0001247115417866479,7.319046360400344e-8,7.325782899092695e-5,6.595181776306667e-6,0.002045708488801988,3.7476259324112604e-5,-3.2826548748885977e-7,1.9958647072325472e-10,1.9026842392931602e-5,0.004409713593519853,-2.040727068301261e-8,-1.0236614492137418e-5,3.3593276068180832e-9,-1.1704231363814305e-5,-0.0001266839265900633,-2.6230713375129127e-8,4.0148678324350383e-8,1.4109852475983816e-6,3.7428066867574443e-6,-1.54309622491988e-5,-2.589461412582778e-7,-1.4065437589611307e-8,-1.5498060893612532e-10,3.403912145463346e-5,-0.000797188521883601,2.8549254762568687e-9,-7.707585346342303e-6,-8.872987665824874e-6,-0.0005975260789802151,-0.0024184146179949137,-1.1384855123118876e-9,4.2490313105694056e-10,0.0003843340480274395,-0.00116467967850251,7.11872255334016e-5,-1.1011137690460082e-8,-0.00012815470449316997,-0.000297822837998819,-6.739957385111937e-5,2.1141789662974584e-8,5.0441101934155657e-8,3.778610305521619e-6,3.082491809596108e-5,-0.006405727827145442,-0.00047183220419218545,0.0030396206185358426,-0.0011131708849528284,-8.597160420186791e-10,-3.62351169505821e-11,1.0030312422374907e-7,-0.0030158018733936675,6.207998194157217e-11
0.0,0.0,0.0,0.0,0.0,0.0,0.0,0.0,0.0,0.0,0.0,0.0,0.0,0.0,0.0,0.0,0.0,0.0,0.0,0.0,0.0,0.0,0.0,0.0,0.0,0.0,0.0,0.0,0.0,0.0,0.0,0.0,0.0,0.0,0.0,0.0,0.0,0.0,0.0,0.0,0.0,0.0,0.0,0.0,0.0,0.0,0.0,0.0,0.0,0.0,0.0,0.0,0.0,0.0,0.0,0.0,0.0,0.0,0.0,0.0,0.0,0.0,0.0,0.0,0.0,0.0,0.0,0.0,0.0,0.0,0.0,0.0,0.0,0.0,0.0,0.0,0.0,0.0,0.0,0.0,0.0,0.0,0.0,0.0,0.0,0.0,0.0,0.0,0.0,0.0,0.0,0.0,0.0,0.0,0.0,0.0,0.0,0.0,0.0,0.0,0.0,0.0,0.0,0.0,0.0,0.0,0.0,0.0,0.0,0.0,0.0,0.0,0.0,0.0,0.0,0.0,0.0,0.0,0.0,0.0,0.0,0.0,0.0,0.0,0.0,0.0,0.0,0.0,0.0,0.0,0.0,0.0,0.0,0.0,0.0,0.0,0.0,0.0,0.0,0.0,0.0,0.0,0.0,0.0,0.0,0.0,0.0,0.0,0.0,0.0,0.0,0.0,0.0,0.0,0.0,0.0,0.0,0.0,0.0,0.0,0.0,0.0,0.0,0.0,0.0,0.0,0.0,0.0,0.0,0.0,0.0,0.0,0.0,0.0,0.0,0.0,0.0,0.0,0.0,0.0,0.0,0.0,0.0,0.0,0.0,0.0,0.0,0.0,0.0,0.0,0.0,0.0,0.0,0.0,0.0,0.0,0.0,0.0,0.0,0.0,0.0,0.0,0.0,0.0,0.0,0.0,0.0,0.0,0.0,0.0,0.0,0.0,0.0,0.0,0.0,0.0,0.0,0.0,0.0,0.0,0.0,0.0,0.0,0.0,0.0,0.0,0.0,0.0,0.0,0.0,0.0,0.0,0.0,0.0,0.0,0.0,0.0,0.0,0.0,0.0,0.0,0.0,0.0,0.0,0.0,0.0,0.0,0.0,0.0,0.0,0.0,0.0,0.0,0.0,0.0,0.0,0.0,0.0,0.0,0.0,0.0,0.0,0.0,0.0,0.0,0.0,0.0,0.0,0.0,0.0,0.0,0.0,0.0,0.0,0.0,0.0,0.0,0.0,0.0,0.0,0.0,0.0,0.0,0.0,0.0,0.0,0.0,0.0,0.0,0.0,0.0,0.0,0.0,0.0,0.0,0.0,0.0,0.0,0.0,0.0,0.0,0.0,0.0,0.0,0.0,0.0,0.0,0.0,0.0,0.0,0.0,0.0,0.0,0.0,0.0,0.0,0.0,0.0,0.0,0.0,0.0,0.0,0.0,0.0,0.0,0.0,0.0,0.0,0.0,0.0,0.0,0.0,0.0,0.0,0.0,0.0,0.0,0.0,0.0,0.0,0.0,0.0,0.0,0.0,0.0,0.0,0.0,0.0,0.0,0.0,0.0,0.0,0.0,0.0,0.0,0.0,0.0,0.0,0.0,0.0,0.0,0.0,0.0,0.0,0.0,0.0,0.0,0.0,0.0,0.0,0.0,0.0,0.0,0.0,0.0,0.0,0.0,0.0,0.0,0.0,0.0,0.0,0.0,0.0,0.0,0.0,0.0,0.0,0.0,0.0,0.0,0.0,0.0,0.0,0.0,0.0,0.0,0.0,0.0,0.0,0.0,0.0,0.0,0.0,0.0,0.0,0.0,0.0,0.0,0.0,0.0,0.0,0.0,0.0,0.0,0.0,0.0,0.0,0.0,0.0,0.0,0.0,0.0,0.0,0.0,0.0,0.0,0.0,0.0,0.0,0.0,0.0,0.0,0.0,0.0,0.0,0.0,0.0,0.0,0.0,0.0,0.0,0.0,0.0,0.0,0.0,0.0,0.0,0.0,0.0,0.0,0.0,0.0,0.0,0.0,0.0,0.0,0.0,0.0,0.0,0.0,0.0,0.0,0.0,0.0,0.0,0.0,0.0,0.0,0.0,0.0,0.0,0.0,0.0,0.0,0.0,0.0,0.0,0.0,0.0,0.0,0.0,0.0,0.0,0.0,0.0,0.0,0.0,0.0,0.0,0.0,0.0,0.0,0.0,0.0,0.0,0.0,0.0,0.0,0.0,0.0,0.0,0.0,0.0,0.0,0.0,0.0,0.0,0.0,0.0,0.0,0.0,0.0,0.0,0.0,0.0,0.0,0.0,0.0,0.0,0.0,0.0,0.0,0.0,0.0,0.0,0.0,0.0,0.0,0.0,0.0,0.0,0.0,0.0,0.0,0.0,0.0,0.0,0.0,0.0,0.0,0.0,0.0,0.0,0.0,0.0,0.0,0.0,0.0,0.0,0.0,0.0,0.0,0.0,0.0,0.0,0.0,0.0,0.0,0.0,0.0,0.0,0.0,0.0,0.0,0.0,0.0,0.0,0.0,0.0,0.0,0.0,0.0,0.0,0.0,0.0,0.0,0.0,0.0,0.0,0.0,0.0,0.0,0.0,0.0,0.0,0.0,0.0,0.0,0.0,0.0,0.0,0.0,0.0,0.0,0.0,0.0,0.0,0.0,0.0,0.0,0.0,0.0,0.0,0.04023597861974282,3.913522470357828e-10,1.4570202681839458e-10,1.311892012559471e-6,4.211945160460387e-6,-6.754778199663126e-7,-5.4450087289062e-6,4.1311815782367274e-9,4.60113202195893e-9,-0.007667456235585283,0.00721979487529408,9.888618230646651e-7,0.0017407305867618765,0.0004572591157322155,-8.859827889580749e-10,-1.2499346099912987e-6,5.440641602312671e-7,-0.00018122410190330707,0.0008481349882314825,-0.001017698944265454,2.016714043898469e-8,-1.260586763676786e-7,-1.5149120150418542e-6,7.536029868270802e-6,5.4794646830915726e-11,-0.0010615920871217353,-1.1221409647943676e-8,-0.0003682691489068509,-2.6312306481275977e-9,1.0768548087163007e-11,0.0004367029851951865,2.8877386604139915e-5,0.004596889413432547,0.005542243687732968,0.0014431004746132913,0.0010065075502037123,-5.87363553414314e-9,-3.090218432448872e-6,-2.038529800193009e-5,7.478910609431293e-7,0.006080469446435185,-3.993139239615694e-5,3.789707712653252e-5,0.003494478145279003,-1.861321124228342e-7,0.0025864709133093626,1.1818176866590882e-9,-3.0624558119619764e-6,-2.677141528771819e-6,1.6987859403695558e-10,2.6434302209777624e-5,-8.48988994470955e-7,-0.00046287720400397,1.4353339992278558e-10,1.987156802927502e-9,-3.428716228448317e-5,3.7348624937459614e-6,-1.6523415057037991e-7,-9.58894292171399e-11,-1.0203143115166195e-9,-1.33615975425446e-7,5.158575332472553e-7,-2.968193143365328e-5,-3.189735400593494e-5,8.959071856230589e-5,1.4335363007255311e-10,-0.0001794292822605661,-2.5661576272856444e-7,-6.597735307236897e-6,-4.2637125384752655e-5,0.0018195492347549526,-2.216036052842583e-8,3.485556462079354e-8,-0.006306278263345495,-0.0006511313576749187,1.6857604777862408e-8,1.2749157529295341e-5,-0.0004896568270713112,5.2139888961834234e-8,1.0652263434837957e-5,-2.9969469398148257e-5,2.1006967273181483e-6,-2.2154814537014353e-10,0.0015336153510407396,-1.3446971686162718e-5,1.8233882513610337e-7,-2.6593765203961045e-5,0.0004909830081611579,2.594971728550895e-6,-1.120768045449635e-6,-6.018701300194404e-10,1.5088793619458685e-10,0.009695644641016602,-0.005221099873270037,0.0019408395078347929,-5.21005504478593e-7,-6.19010513773502e-9,8.37571924903059e-5,-2.3537758331438454e-10,-5.866773183017983e-7,6.853895478004224e-8,-1.566431842480077e-9,0.00013686609315837416,1.2606654930433422e-7,0.0028489052915779247,-0.0014401095317277725,-0.00016235462711751885,-3.825525354263022e-11,1.1390121979533317e-5,4.0556029463709505e-6,0.0027613085393746605,-2.040303352062478e-6,-8.794241977940134e-6,-1.0852798674679622e-5,3.648189415498786e-6,2.6551906233026572e-11,-1.3844563809234947e-11,-1.3002476883573128e-10,-0.0011203497720205806,1.5938601673149324e-10,0.00011356787148954664,0.0002804816466776169,0.0005341606526478223,2.693588955432684e-6,-0.0006548693970720262,-9.094833256565688e-6,-9.106232970497458e-12,0.001733173479275356,0.0006798128610364445,0.0004312909919894409,-1.936077397791014e-5,1.2264125150311052e-5,2.817560034440678e-5,-1.5829634666876594e-10,-0.00035668544089670454,-2.105843763264336e-7,0.0001655486396416876,1.701343126719784e-6,-1.5357709915676642e-6,4.5517414504368744e-10,-0.003945252249711115,7.020756220918189e-10,-0.0017736114141831687,-8.84440258043173e-5,3.851243303148432e-8,5.3963183719671696e-5,2.4752072086309205e-6,-0.0006937681419075333,1.0791461704561565e-5,-6.290617012825899e-8,1.1520405377225675e-9,-2.7461389641543143e-6,0.0019165265884071745,-3.062217995076059e-8,-7.661854183500735e-7,8.590010355570855e-9,7.860693470377818e-6,0.00010244982794644954,1.2896106821152908e-7,1.5800253717904396e-8,-4.302167819955043e-7,6.8059598238257176e-6,3.49322556420223e-6,-1.1547192894224095e-6,1.7802917746844505e-8,-2.988795731533937e-9,-3.0664916326265574e-5,0.00021954004087666084,6.326020032004342e-10,1.1032337445459403e-5,-4.675978034034209e-6,-0.010793227113146764,0.009856009156983868,9.161618187122254e-13,2.0445934082303912e-10,-3.243451905280156e-5,-0.004623704021902826,-2.1141945973044072e-5,3.606402079621086e-8,3.0079864372718913e-5,0.0001041274124964821,1.4146613665794397e-5,3.004338934744173e-8,1.4486587281164948e-7,-1.6272933318676866e-5,-6.566451947698797e-5,0.00030516361029534795,-0.0022996934553134534,0.002228084065219688,-0.006528811608554106,-8.275804985287437e-10,9.965639612724076e-11,1.5013607824840401e-6,-0.0005139806771946972,3.593571762261456e-11
0.0,0.0,0.0,0.0,0.0,0.0,0.0,0.0,0.0,0.0,0.0,0.0,0.0,0.0,0.0,0.0,0.0,0.0,0.0,0.0,0.0,0.0,0.0,0.0,0.0,0.0,0.0,0.0,0.0,0.0,0.0,0.0,0.0,0.0,0.0,0.0,0.0,0.0,0.0,0.0,0.0,0.0,0.0,0.0,0.0,0.0,0.0,0.0,0.0,0.0,0.0,0.0,0.0,0.0,0.0,0.0,0.0,0.0,0.0,0.0,0.0,0.0,0.0,0.0,0.0,0.0,0.0,0.0,0.0,0.0,0.0,0.0,0.0,0.0,0.0,0.0,0.0,0.0,0.0,0.0,0.0,0.0,0.0,0.0,0.0,0.0,0.0,0.0,0.0,0.0,0.0,0.0,0.0,0.0,0.0,0.0,0.0,0.0,0.0,0.0,0.0,0.0,0.0,0.0,0.0,0.0,0.0,0.0,0.0,0.0,0.0,0.0,0.0,0.0,0.0,0.0,0.0,0.0,0.0,0.0,0.0,0.0,0.0,0.0,0.0,0.0,0.0,0.0,0.0,0.0,0.0,0.0,0.0,0.0,0.0,0.0,0.0,0.0,0.0,0.0,0.0,0.0,0.0,0.0,0.0,0.0,0.0,0.0,0.0,0.0,0.0,0.0,0.0,0.0,0.0,0.0,0.0,0.0,0.0,0.0,0.0,0.0,0.0,0.0,0.0,0.0,0.0,0.0,0.0,0.0,0.0,0.0,0.0,0.0,0.0,0.0,0.0,0.0,0.0,0.0,0.0,0.0,0.0,0.0,0.0,0.0,0.0,0.0,0.0,0.0,0.0,0.0,0.0,0.0,0.0,0.0,0.0,0.0,0.0,0.0,0.0,0.0,0.0,0.0,0.0,0.0,0.0,0.0,0.0,0.0,0.0,0.0,0.0,0.0,0.0,0.0,0.0,0.0,0.0,0.0,0.0,0.0,0.0,0.0,0.0,0.0,0.0,0.0,0.0,0.0,0.0,0.0,0.0,0.0,0.0,0.0,0.0,0.0,0.0,0.0,0.0,0.0,0.0,0.0,0.0,0.0,0.0,0.0,0.0,0.0,0.0,0.0,0.0,0.0,0.0,0.0,0.0,0.0,0.0,0.0,0.0,0.0,0.0,0.0,0.0,0.0,0.0,0.0,0.0,0.0,0.0,0.0,0.0,0.0,0.0,0.0,0.0,0.0,0.0,0.0,0.0,0.0,0.0,0.0,0.0,0.0,0.0,0.0,0.0,0.0,0.0,0.0,0.0,0.0,0.0,0.0,0.0,0.0,0.0,0.0,0.0,0.0,0.0,0.0,0.0,0.0,0.0,0.0,0.0,0.0,0.0,0.0,0.0,0.0,0.0,0.0,0.0,0.0,0.0,0.0,0.0,0.0,0.0,0.0,0.0,0.0,0.0,0.0,0.0,0.0,0.0,0.0,0.0,0.0,0.0,0.0,0.0,0.0,0.0,0.0,0.0,0.0,0.0,0.0,0.0,0.0,0.0,0.0,0.0,0.0,0.0,0.0,0.0,0.0,0.0,0.0,0.0,0.0,0.0,0.0,0.0,0.0,0.0,0.0,0.0,0.0,0.0,0.0,0.0,0.0,0.0,0.0,0.0,0.0,0.0,0.0,0.0,0.0,0.0,0.0,0.0,0.0,0.0,0.0,0.0,0.0,0.0,0.0,0.0,0.0,0.0,0.0,0.0,0.0,0.0,0.0,0.0,0.0,0.0,0.0,0.0,0.0,0.0,0.0,0.0,0.0,0.0,0.0,0.0,0.0,0.0,0.0,0.0,0.0,0.0,0.0,0.0,0.0,0.0,0.0,0.0,0.0,0.0,0.0,0.0,0.0,0.0,0.0,0.0,0.0,0.0,0.0,0.0,0.0,0.0,0.0,0.0,0.0,0.0,0.0,0.0,0.0,0.0,0.0,0.0,0.0,0.0,0.0,0.0,0.0,0.0,0.0,0.0,0.0,0.0,0.0,0.0,0.0,0.0,0.0,0.0,0.0,0.0,0.0,0.0,0.0,0.0,0.0,0.0,0.0,0.0,0.0,0.0,0.0,0.0,0.0,0.0,0.0,0.0,0.0,0.0,0.0,0.0,0.0,0.0,0.0,0.0,0.0,0.0,0.0,0.0,0.0,0.0,0.0,0.0,0.0,0.0,0.0,0.0,0.0,0.0,0.0,0.0,0.0,0.0,0.0,0.0,0.0,0.0,0.0,0.0,0.0,0.0,0.0,0.0,0.0,0.0,0.0,0.0,0.0,0.0,0.0,0.0,0.0,0.0,0.0,0.0,0.0,0.0,0.0,0.0,0.0,0.0,0.0,0.0,0.0,0.0,0.0,0.0,0.0,0.0,0.0,0.0,0.0,0.0,0.0,0.0,0.0,0.0,0.0,0.0,0.0,0.0,0.0,0.0,0.0,0.0,0.0,0.0,0.0,0.0,0.0,0.0,0.0,0.0,0.0,0.0,0.0,0.0,0.0,0.0,0.0,0.0,0.0,0.0,0.0,0.0,0.0,0.0,0.0,0.0,0.0,0.0,0.0,0.0,0.0,0.0,0.0,0.0,0.0,0.0,0.0,0.0,0.0,0.0,0.0,0.0,0.0,0.0,0.0,0.0,0.0,0.0,0.0,0.0,0.03327762906567246,0.0030828477841926627,-1.056153410343543e-15,1.066010185140572e-13,5.1055576239520895e-15,-2.2014372576107707e-7,0.00029222874112215676,-4.758545145926752e-5,4.019148153694001e-11,1.6763669706810147e-10,3.8391257674797953e-16,1.990266873587065e-10,-1.5384232590493543e-11,-1.4113997380195703e-5,7.349048666531823e-15,-1.706787650715261e-6,-2.7760781046451988e-8,8.928341460195953e-9,-6.81689371434369e-12,2.570570720327579e-6,-2.1235320196177985e-5,-2.1330374010312142e-6,-4.441062086613454e-14,0.0035218599900971423,1.2420904042521876e-11,-0.00040680988468561887,-8.539386200690731e-12,9.133928127634918e-5,-0.002309421270218754,-8.73882261883001e-12,-3.731776588942781e-9,-2.8724648697280085e-11,-4.1862901719711045e-11,-1.6298986212665876e-9,3.0491375677445558e-9,-0.00047336244357225733,8.751537296593479e-14,9.785224298924253e-14,-5.516447541930475e-7,1.2047339380597215e-10,-1.444582041142635e-12,-2.7571705226431325e-8,1.4983637897167458e-11,-1.159091955798538e-6,2.4692741125495162e-9,-0.0001294418972446595,-1.8849745879718948e-8,2.7169279016387104e-15,0.0012001930725879897,-2.7373592930334243e-12,5.847008340415417e-15,7.706401345084566e-9,0.0021751327069423274,0.0007450740853656083,1.0125257596047444e-12,1.6222423962054309e-12,-5.999038800655398e-7,-0.0025299156105252412,-3.427638484163365e-5,-1.6839146448743827e-5,-1.2499687276911424e-8,-5.6158254150444145e-14,2.5232542916869465e-8,-8.218282587571665e-13,-0.006689777951112165,-1.1012295100569595e-9,-9.091696149119846e-6,-3.899575333875137e-7,1.1399349993809656e-13,2.2715511664918936e-9,5.775511556216273e-5,1.0706826717484533e-7,-1.3151901730425458e-10,7.72701048340157e-10,0.00012663951649262103,8.203477852907764e-14,9.182350979839724e-12,2.3550707895980183e-6,4.1069543118231504e-7,-1.80386479618238e-8,-1.474843832618063e-7,0.00011541051631384645,-9.778508331771544e-11,-2.2661537564495747e-7,-7.607401289274726e-15,-9.366662034723688e-13,3.017179509255461e-10,-1.4474683564134489e-13,-2.226153068101386e-6,0.00016493883656320407,0.006524920214382099,-7.192110389197334e-11,2.339941235781995e-10,-1.8941379993973873e-11,1.9963046457690243e-15,-0.00013718574192982645,5.266322278615047e-9,-0.004321235419041573,-6.354262023940915e-7,-1.978007179356213e-5,0.0007719769780163837,4.781597209579688e-12,8.494803316551061e-6,-1.1450437642563808e-11,-1.0326646492184368e-10,-1.5594264321998304e-12,-0.0009379148332258237,8.054418003825237e-14,2.420731674970283e-8,2.5156987404468445e-11,-1.7258561750123273e-14,1.4872027288262632e-13,8.677638838433886e-8,-2.120011395196576e-8,-0.004250825224660048,0.0016268714348225924,-0.0050632482613516714,1.0246367064780493e-10,-0.012965535930677756,5.128274020567579e-10,1.6123715498894811e-12,-1.597478468931331e-11,-2.1489664630271306e-14,-1.01309476016761e-9,-3.5178094908429277e-13,-0.00033284664511696753,4.9744191448246696e-11,3.377049213175424e-11,6.037793174349258e-9,-2.415830112743016e-13,-1.7005791154049542e-13,3.0149767788206734e-13,-0.004244441214914903,1.094114014032205e-11,-5.02966626106147e-6,-5.608990518113455e-9,-6.18650253345738e-16,-1.5010606135579383e-6,-2.245944192935622e-5,-1.3458434877952465e-9,0.008116635655941354,2.3941001401690377e-10,6.49932875549496e-13,2.491062300341609e-6,1.143208610104254e-7,-1.9339250942305593e-7,-1.1883471495383419e-11,-2.2134847109699178e-8,8.02842276685363e-15,-0.0019273969419260823,-1.0933617677129261e-7,1.1485796013260012e-11,3.811978990056857e-6,2.0204767800716531e-13,-0.00024833222482536794,1.662009874473331e-13,1.5355862322368541e-12,-5.408029057433677e-15,0.00014986508340200771,1.0547887695420624e-6,3.66364071262298e-8,-2.962701678852022e-8,5.453698710286446e-16,-2.3374428074460435e-5,-0.0006217388438994745,-4.570528064899165e-9,7.61719337228509e-12,0.0002611169816115618,1.3790104708978534e-8,7.675688345419646e-8,1.2866006729766794e-10,-3.8738298512830234e-11,0.004341700117770844,0.002732618274940464,-5.914917671098018e-12,-3.838722090657038e-11,2.3374760453379436e-8,2.736555358024833e-5,9.323395808921493e-9,1.0331598740272936e-11,-2.2120943902557935e-9,5.5153076625243485e-6,1.5294885240937452e-5,-1.94336704014309e-14,-1.1771778996036612e-12,3.6985795600854415e-11,-1.639699864943127e-11,2.380269439923212e-11,1.2127197490597688e-10,-0.0005718473361790017,-0.004200714756912201,-3.676559893595287e-15,-8.986232568755296e-10,-0.0012645948751719483
0.0,0.0,0.0,0.0,0.0,0.0,0.0,0.0,0.0,0.0,0.0,0.0,0.0,0.0,0.0,0.0,0.0,0.0,0.0,0.0,0.0,0.0,0.0,0.0,0.0,0.0,0.0,0.0,0.0,0.0,0.0,0.0,0.0,0.0,0.0,0.0,0.0,0.0,0.0,0.0,0.0,0.0,0.0,0.0,0.0,0.0,0.0,0.0,0.0,0.0,0.0,0.0,0.0,0.0,0.0,0.0,0.0,0.0,0.0,0.0,0.0,0.0,0.0,0.0,0.0,0.0,0.0,0.0,0.0,0.0,0.0,0.0,0.0,0.0,0.0,0.0,0.0,0.0,0.0,0.0,0.0,0.0,0.0,0.0,0.0,0.0,0.0,0.0,0.0,0.0,0.0,0.0,0.0,0.0,0.0,0.0,0.0,0.0,0.0,0.0,0.0,0.0,0.0,0.0,0.0,0.0,0.0,0.0,0.0,0.0,0.0,0.0,0.0,0.0,0.0,0.0,0.0,0.0,0.0,0.0,0.0,0.0,0.0,0.0,0.0,0.0,0.0,0.0,0.0,0.0,0.0,0.0,0.0,0.0,0.0,0.0,0.0,0.0,0.0,0.0,0.0,0.0,0.0,0.0,0.0,0.0,0.0,0.0,0.0,0.0,0.0,0.0,0.0,0.0,0.0,0.0,0.0,0.0,0.0,0.0,0.0,0.0,0.0,0.0,0.0,0.0,0.0,0.0,0.0,0.0,0.0,0.0,0.0,0.0,0.0,0.0,0.0,0.0,0.0,0.0,0.0,0.0,0.0,0.0,0.0,0.0,0.0,0.0,0.0,0.0,0.0,0.0,0.0,0.0,0.0,0.0,0.0,0.0,0.0,0.0,0.0,0.0,0.0,0.0,0.0,0.0,0.0,0.0,0.0,0.0,0.0,0.0,0.0,0.0,0.0,0.0,0.0,0.0,0.0,0.0,0.0,0.0,0.0,0.0,0.0,0.0,0.0,0.0,0.0,0.0,0.0,0.0,0.0,0.0,0.0,0.0,0.0,0.0,0.0,0.0,0.0,0.0,0.0,0.0,0.0,0.0,0.0,0.0,0.0,0.0,0.0,0.0,0.0,0.0,0.0,0.0,0.0,0.0,0.0,0.0,0.0,0.0,0.0,0.0,0.0,0.0,0.0,0.0,0.0,0.0,0.0,0.0,0.0,0.0,0.0,0.0,0.0,0.0,0.0,0.0,0.0,0.0,0.0,0.0,0.0,0.0,0.0,0.0,0.0,0.0,0.0,0.0,0.0,0.0,0.0,0.0,0.0,0.0,0.0,0.0,0.0,0.0,0.0,0.0,0.0,0.0,0.0,0.0,0.0,0.0,0.0,0.0,0.0,0.0,0.0,0.0,0.0,0.0,0.0,0.0,0.0,0.0,0.0,0.0,0.0,0.0,0.0,0.0,0.0,0.0,0.0,0.0,0.0,0.0,0.0,0.0,0.0,0.0,0.0,0.0,0.0,0.0,0.0,0.0,0.0,0.0,0.0,0.0,0.0,0.0,0.0,0.0,0.0,0.0,0.0,0.0,0.0,0.0,0.0,0.0,0.0,0.0,0.0,0.0,0.0,0.0,0.0,0.0,0.0,0.0,0.0,0.0,0.0,0.0,0.0,0.0,0.0,0.0,0.0,0.0,0.0,0.0,0.0,0.0,0.0,0.0,0.0,0.0,0.0,0.0,0.0,0.0,0.0,0.0,0.0,0.0,0.0,0.0,0.0,0.0,0.0,0.0,0.0,0.0,0.0,0.0,0.0,0.0,0.0,0.0,0.0,0.0,0.0,0.0,0.0,0.0,0.0,0.0,0.0,0.0,0.0,0.0,0.0,0.0,0.0,0.0,0.0,0.0,0.0,0.0,0.0,0.0,0.0,0.0,0.0,0.0,0.0,0.0,0.0,0.0,0.0,0.0,0.0,0.0,0.0,0.0,0.0,0.0,0.0,0.0,0.0,0.0,0.0,0.0,0.0,0.0,0.0,0.0,0.0,0.0,0.0,0.0,0.0,0.0,0.0,0.0,0.0,0.0,0.0,0.0,0.0,0.0,0.0,0.0,0.0,0.0,0.0,0.0,0.0,0.0,0.0,0.0,0.0,0.0,0.0,0.0,0.0,0.0,0.0,0.0,0.0,0.0,0.0,0.0,0.0,0.0,0.0,0.0,0.0,0.0,0.0,0.0,0.0,0.0,0.0,0.0,0.0,0.0,0.0,0.0,0.0,0.0,0.0,0.0,0.0,0.0,0.0,0.0,0.0,0.0,0.0,0.0,0.0,0.0,0.0,0.0,0.0,0.0,0.0,0.0,0.0,0.0,0.0,0.0,0.0,0.0,0.0,0.0,0.0,0.0,0.0,0.0,0.0,0.0,0.0,0.0,0.0,0.0,0.0,0.0,0.0,0.0,0.0,0.0,0.0,0.0,0.0,0.0,0.0,0.0,0.0,0.0,0.0,0.0,0.0,0.0,0.0,0.0,0.0,0.0,0.0,0.0,0.0,0.0,0.0,0.0,0.0,0.0,0.0,0.0,0.0,0.0,0.0,0.0,0.0,0.0,0.0,0.0,0.0,0.0,0.0,0.0,0.0,0.0,0.0,0.0,0.0,0.0,0.0,0.0,0.0,0.0,0.0,0.0,0.0,0.0,0.06322916138070257,-7.925374313051012e-16,8.680684956441357e-15,-4.739175395705875e-16,7.11530233190117e-10,-2.6848154426154506e-5,2.9462336952902605e-5,5.658393225778378e-12,-3.940227994995764e-11,2.424170497870155e-15,-2.730027255028731e-11,-2.6212698978043627e-12,8.130444902972878e-6,6.491775420575783e-17,5.019939042616613e-7,-1.3144081970563232e-10,1.8190609778439289e-9,-3.152499451155865e-13,5.424929637238096e-7,-9.822762099083757e-6,8.956541223071254e-8,-2.1566650165432037e-15,-0.00141679891206665,2.2008602544853446e-12,-0.00012474511244718538,-5.787558128750717e-13,3.46245821801284e-5,0.011571325862942763,-2.2915275933271007e-12,-8.77924944839414e-9,-1.791746976217495e-11,-6.04071119208187e-12,-7.410810192618229e-10,-8.567310917162053e-11,2.8949024929786747e-5,4.215889900359412e-14,-2.4614258295099358e-14,8.698356752777975e-9,-6.610629345750062e-12,-1.1130333596044973e-13,8.856525669573413e-11,-6.854930622298698e-13,8.220696075903333e-7,2.5187850389335934e-10,0.00030502628195269087,1.464359767813493e-10,3.344767625286583e-15,0.0012972170466694962,-2.5210455619743936e-13,1.3411825983672723e-15,-4.651783741418591e-11,0.001731677609899841,9.574590612851628e-5,1.2444566395029617e-13,-4.213032932418582e-15,-4.0105168146689337e-7,-0.0002795379718904487,-0.0002382119262085975,-3.009660138915694e-6,-1.865224197513387e-8,-2.0273732865189925e-15,1.2890157412994677e-9,-2.1560645704625565e-13,-0.0013857941373934975,-4.00936401279262e-10,-2.4001790331454454e-7,-2.2766670118487156e-7,3.187434747574582e-14,8.971378165748271e-12,-1.5018358469216273e-5,-9.0949553363695e-9,2.9303605559289563e-12,1.3783372045472699e-10,2.8829912070025155e-5,-2.0208621952938005e-14,1.7624614593000378e-12,-3.413473798679681e-7,1.684457424742665e-8,-1.0123021797476286e-8,-6.304262397475211e-10,0.0003612012252000591,-8.494801395924423e-12,-3.491126702744722e-8,-2.3271581757950456e-15,-1.3314612035045042e-14,6.614938581655289e-11,-1.0353252377728926e-14,-1.1806593792501627e-8,-1.8588158168413678e-5,-0.00011731970435613919,-1.3736332064602537e-11,8.020272205435824e-11,-6.104837646246801e-12,6.474395348711105e-16,1.1052956418599604e-5,-1.0261932532859472e-9,-0.0026187922971694392,-1.220682311413423e-7,-9.971942907962408e-7,-4.7070760261800314e-5,1.57203042912242e-13,-4.190165181049068e-8,-1.3184740359802975e-11,-6.518022054761736e-11,-3.943999852399252e-13,-0.00034237566969261307,1.8808217148685365e-14,-2.681956719443899e-10,-2.2105958023373436e-13,2.8518049993952417e-15,8.351491300863164e-15,-6.304099807286078e-9,2.2879538049272653e-8,0.00010976334490204822,-0.0007397061514309523,-0.01139458375590616,1.0722159623475163e-11,9.385570025379901e-5,-3.992400521634809e-11,3.0083555433988777e-13,-1.7579243671525225e-12,-3.4405116611731885e-15,1.4590923840576453e-10,-3.4331897588071587e-14,-0.0004778030233822369,4.583978062105512e-11,-3.069299633148795e-12,-1.4627766359155928e-9,-4.49676329064894e-14,-4.0438859788584034e-14,6.812074537233661e-14,-0.0035999033956347955,1.2417143344573828e-12,-6.420679611269068e-7,2.4335224513964216e-10,-9.1560794149113e-16,-1.2832778124472284e-7,-3.308309650430694e-6,-6.457968913400743e-11,0.0011603992853714182,-6.128074726138841e-11,4.1684839937383207e-13,-3.046068070837038e-6,9.256997755932066e-9,-8.78840114290471e-8,-2.7039463682757784e-15,-1.2228086136342575e-8,1.203124997889029e-15,2.831805457825797e-5,4.2090330234456185e-9,-3.342943359584062e-11,1.420011888367554e-6,1.8449691333441734e-14,7.761391472684347e-5,-2.4693894159881793e-14,2.307295680633343e-13,3.954291833589056e-17,4.4224222563715445e-5,4.075581294710122e-7,-2.3570880674838512e-8,-8.150037004309423e-9,2.7441414801654405e-15,-4.133010869505851e-6,-4.0139907512340195e-5,-5.209259177016916e-10,2.412931415322297e-12,-0.00011386154286607677,1.5664741763517115e-8,-3.8815257652618345e-9,1.5038329580038406e-11,-4.7983130965001925e-12,0.00011994210872535586,0.0032082313717160206,-1.262163007834084e-12,1.8726679854258653e-11,2.841365790298724e-9,2.340063549361035e-7,3.5817840160087015e-9,6.3948502546686e-13,1.3959792715234297e-9,-3.4319472729817173e-7,1.5194560761317796e-6,9.97250097452129e-15,-3.042854279150325e-13,1.4603461042606843e-11,8.362831660860177e-13,-2.038900804671438e-11,1.7593770135864053e-11,-7.072886688188269e-6,0.00024036864641787816,-1.1620695270391793e-15,-2.4988795877969604e-11,0.010604549780760832
0.0,0.0,0.0,0.0,0.0,0.0,0.0,0.0,0.0,0.0,0.0,0.0,0.0,0.0,0.0,0.0,0.0,0.0,0.0,0.0,0.0,0.0,0.0,0.0,0.0,0.0,0.0,0.0,0.0,0.0,0.0,0.0,0.0,0.0,0.0,0.0,0.0,0.0,0.0,0.0,0.0,0.0,0.0,0.0,0.0,0.0,0.0,0.0,0.0,0.0,0.0,0.0,0.0,0.0,0.0,0.0,0.0,0.0,0.0,0.0,0.0,0.0,0.0,0.0,0.0,0.0,0.0,0.0,0.0,0.0,0.0,0.0,0.0,0.0,0.0,0.0,0.0,0.0,0.0,0.0,0.0,0.0,0.0,0.0,0.0,0.0,0.0,0.0,0.0,0.0,0.0,0.0,0.0,0.0,0.0,0.0,0.0,0.0,0.0,0.0,0.0,0.0,0.0,0.0,0.0,0.0,0.0,0.0,0.0,0.0,0.0,0.0,0.0,0.0,0.0,0.0,0.0,0.0,0.0,0.0,0.0,0.0,0.0,0.0,0.0,0.0,0.0,0.0,0.0,0.0,0.0,0.0,0.0,0.0,0.0,0.0,0.0,0.0,0.0,0.0,0.0,0.0,0.0,0.0,0.0,0.0,0.0,0.0,0.0,0.0,0.0,0.0,0.0,0.0,0.0,0.0,0.0,0.0,0.0,0.0,0.0,0.0,0.0,0.0,0.0,0.0,0.0,0.0,0.0,0.0,0.0,0.0,0.0,0.0,0.0,0.0,0.0,0.0,0.0,0.0,0.0,0.0,0.0,0.0,0.0,0.0,0.0,0.0,0.0,0.0,0.0,0.0,0.0,0.0,0.0,0.0,0.0,0.0,0.0,0.0,0.0,0.0,0.0,0.0,0.0,0.0,0.0,0.0,0.0,0.0,0.0,0.0,0.0,0.0,0.0,0.0,0.0,0.0,0.0,0.0,0.0,0.0,0.0,0.0,0.0,0.0,0.0,0.0,0.0,0.0,0.0,0.0,0.0,0.0,0.0,0.0,0.0,0.0,0.0,0.0,0.0,0.0,0.0,0.0,0.0,0.0,0.0,0.0,0.0,0.0,0.0,0.0,0.0,0.0,0.0,0.0,0.0,0.0,0.0,0.0,0.0,0.0,0.0,0.0,0.0,0.0,0.0,0.0,0.0,0.0,0.0,0.0,0.0,0.0,0.0,0.0,0.0,0.0,0.0,0.0,0.0,0.0,0.0,0.0,0.0,0.0,0.0,0.0,0.0,0.0,0.0,0.0,0.0,0.0,0.0,0.0,0.0,0.0,0.0,0.0,0.0,0.0,0.0,0.0,0.0,0.0,0.0,0.0,0.0,0.0,0.0,0.0,0.0,0.0,0.0,0.0,0.0,0.0,0.0,0.0,0.0,0.0,0.0,0.0,0.0,0.0,0.0,0.0,0.0,0.0,0.0,0.0,0.0,0.0,0.0,0.0,0.0,0.0,0.0,0.0,0.0,0.0,0.0,0.0,0.0,0.0,0.0,0.0,0.0,0.0,0.0,0.0,0.0,0.0,0.0,0.0,0.0,0.0,0.0,0.0,0.0,0.0,0.0,0.0,0.0,0.0,0.0,0.0,0.0,0.0,0.0,0.0,0.0,0.0,0.0,0.0,0.0,0.0,0.0,0.0,0.0,0.0,0.0,0.0,0.0,0.0,0.0,0.0,0.0,0.0,0.0,0.0,0.0,0.0,0.0,0.0,0.0,0.0,0.0,0.0,0.0,0.0,0.0,0.0,0.0,0.0,0.0,0.0,0.0,0.0,0.0,0.0,0.0,0.0,0.0,0.0,0.0,0.0,0.0,0.0,0.0,0.0,0.0,0.0,0.0,0.0,0.0,0.0,0.0,0.0,0.0,0.0,0.0,0.0,0.0,0.0,0.0,0.0,0.0,0.0,0.0,0.0,0.0,0.0,0.0,0.0,0.0,0.0,0.0,0.0,0.0,0.0,0.0,0.0,0.0,0.0,0.0,0.0,0.0,0.0,0.0,0.0,0.0,0.0,0.0,0.0,0.0,0.0,0.0,0.0,0.0,0.0,0.0,0.0,0.0,0.0,0.0,0.0,0.0,0.0,0.0,0.0,0.0,0.0,0.0,0.0,0.0,0.0,0.0,0.0,0.0,0.0,0.0,0.0,0.0,0.0,0.0,0.0,0.0,0.0,0.0,0.0,0.0,0.0,0.0,0.0,0.0,0.0,0.0,0.0,0.0,0.0,0.0,0.0,0.0,0.0,0.0,0.0,0.0,0.0,0.0,0.0,0.0,0.0,0.0,0.0,0.0,0.0,0.0,0.0,0.0,0.0,0.0,0.0,0.0,0.0,0.0,0.0,0.0,0.0,0.0,0.0,0.0,0.0,0.0,0.0,0.0,0.0,0.0,0.0,0.0,0.0,0.0,0.0,0.0,0.0,0.0,0.0,0.0,0.0,0.0,0.0,0.0,0.0,0.0,0.0,0.0,0.0,0.0,0.0,0.0,0.0,0.0,0.0,0.0,0.0,0.0,0.0,0.0,0.0,0.0,0.0,0.0,0.0,0.0,0.0,0.0,0.0,0.0,0.0,0.0,0.0,0.0,0.0,0.0,0.0,0.0,0.0,0.0,0.0,0.0,0.0,0.0,0.0,0.0,0.0,0.0,0.018194604798642464,-0.0010264546966275315,-0.0015620959258159234,1.524147307077637e-9,9.161535384836782e-13,-1.4821420334873686e-12,-5.949778256447538e-6,-3.9342879556663515e-7,0.0026859598777241836,4.806761158651399e-7,-2.9916231684043234e-5,4.5798731544453184e-12,-0.008836404505256131,-1.0341269571321348e-10,9.834091021900521e-9,5.437267669767578e-8,-9.25529709863344e-6,1.504965748052713e-11,7.569870031394576e-12,-4.919149616099385e-11,-3.9689141397560157e-5,2.294643538112483e-15,-8.674260299821572e-6,9.524756026256283e-13,1.764932723671415e-5,4.847344359291791e-13,7.59912932299452e-16,3.648150257977953e-5,6.20078891826021e-9,3.6162042456931985e-6,1.0347665695260622e-5,3.4054694703072086e-8,1.6202353784351076e-7,-4.4862471104268553e-13,0.00034778199427524446,-0.00018468737649978946,-5.46417202687069e-13,-2.0018973946653164e-7,-2.8801400103467932e-5,-9.322116390048348e-10,3.2770145087404574e-5,1.929989431696758e-12,-4.109632735193596e-8,-7.554770060040149e-14,-1.92525622020733e-9,0.000543967417077526,-3.0214976685270365e-14,1.5461466413191228e-5,-0.0023115761749835594,-3.4348034980832854e-8,-1.925556053865896e-14,2.9298348084481985e-13,-0.0002815694761227526,0.00017681715323704408,2.1853165297691874e-11,8.066105620401776e-15,-1.3283401881648058e-13,-2.1314375487893234e-11,5.789578818087102e-10,-0.0001189642258199525,5.136905712670955e-9,-5.2077478000660364e-5,8.371808609456867e-16,1.7062250395836623e-8,3.2188976310167964e-11,-4.4672701912237226e-10,1.7366849905692827e-5,2.3346671871205052e-8,2.4514062062155425e-13,-7.276956146950792e-10,2.423002791155685e-7,2.439031816930558e-7,-2.1702834193283354e-12,0.0007407781447674353,1.932560687572717e-5,-2.918524923506991e-11,3.2960704157579345e-10,8.329114063947624e-10,-1.2380350967645926e-10,-5.887174801254623e-14,-6.131364893320872e-7,1.3419782681795683e-9,0.0005058729866185254,0.0001652710748267479,-1.0558511117905818e-7,-4.040387194648268e-6,1.1875640075154614e-10,1.3556369950288027e-13,5.4459250761627745e-15,-4.7148854160471154e-7,-4.216251832235018e-8,7.530811080795804e-6,0.00035459507670199244,-1.395954987637544e-12,5.5152460112548825e-8,4.4977834696435816e-14,6.481926656451984e-11,3.520511626229869e-12,2.696465992694009e-13,7.435803884481077e-5,-1.4630577916149935e-11,3.869802761441652e-6,6.260829236842805e-7,7.501209993508169e-6,2.3038614688381624e-14,0.00030802395993921263,7.3839291625384086e-9,1.8748987535942466e-6,-0.0012150765954614701,0.0006142714993786564,-2.776024643791381e-10,2.219958699204201e-9,6.64905396699907e-16,-1.7594381300809334e-15,3.699741983092106e-15,5.6271251412095554e-6,-5.329957461311363e-15,-1.2084416512711962e-7,1.8081938428295873e-6,-2.7302281344574297e-7,0.0004270629690254193,-2.7924624210113715e-9,0.00013243209382855493,-1.5566387073189665e-15,-1.3591227504450982e-6,1.2458461022848346e-5,-1.2344620533881843e-8,-0.00011372532691991288,0.0006155276296720398,-0.00025877068864329274,-3.94556856762508e-15,-1.370372738309331e-6,-1.5090512029988323e-11,3.112802622238994e-9,-0.0007092346379096469,4.94235727146907e-10,-1.195251582558133e-13,-4.6746798204075655e-7,-1.7427237732778776e-15,-2.7439766003042913e-7,-5.968812290723879e-5,-4.843153814387123e-12,-1.9110470430897623e-9,-1.9105076728535103e-12,-1.6525324536965412e-5,4.933506983101169e-10,-0.0035704211400155875,7.137434207962549e-15,-3.2592070219726934e-10,-3.003319114829871e-7,1.5245805291664108e-11,-0.00021280467183140749,-1.8106967432676626e-13,0.0003235703145770386,0.00027399687778465175,1.1784266414476962e-5,3.148126142099533e-12,3.007857263683826e-11,-1.7623406208018437e-9,-2.0160971973309674e-10,-0.0019442648665567031,4.438539117528203e-12,3.289988405027462e-14,6.167474304660732e-8,2.5954411362211685e-5,1.1012842674977971e-13,5.83181105264384e-10,-2.4741715397185954e-9,9.267577557283461e-7,3.4509557665702526e-6,-7.340448244955016e-16,7.831646173245655e-15,-2.1721287214141953e-5,-8.846036757861421e-8,-6.862466179754989e-10,-6.12585602110278e-12,-8.97540063567398e-9,6.5589508482763545e-6,1.054277620790284e-9,-1.3168366093938506e-11,1.9584245863878306e-11,-0.0020714707730452118,-2.1143610196971108e-5,1.0940524085016876e-6,-5.959395041524343e-6,-1.5977889391632514e-6,-3.53811436063273e-6,1.6037191313367868e-13,1.2237687065639902e-13,0.0006884308184200356,-1.468537686519037e-7,6.093484550938746e-15
0.0,0.0,0.0,0.0,0.0,0.0,0.0,0.0,0.0,0.0,0.0,0.0,0.0,0.0,0.0,0.0,0.0,0.0,0.0,0.0,0.0,0.0,0.0,0.0,0.0,0.0,0.0,0.0,0.0,0.0,0.0,0.0,0.0,0.0,0.0,0.0,0.0,0.0,0.0,0.0,0.0,0.0,0.0,0.0,0.0,0.0,0.0,0.0,0.0,0.0,0.0,0.0,0.0,0.0,0.0,0.0,0.0,0.0,0.0,0.0,0.0,0.0,0.0,0.0,0.0,0.0,0.0,0.0,0.0,0.0,0.0,0.0,0.0,0.0,0.0,0.0,0.0,0.0,0.0,0.0,0.0,0.0,0.0,0.0,0.0,0.0,0.0,0.0,0.0,0.0,0.0,0.0,0.0,0.0,0.0,0.0,0.0,0.0,0.0,0.0,0.0,0.0,0.0,0.0,0.0,0.0,0.0,0.0,0.0,0.0,0.0,0.0,0.0,0.0,0.0,0.0,0.0,0.0,0.0,0.0,0.0,0.0,0.0,0.0,0.0,0.0,0.0,0.0,0.0,0.0,0.0,0.0,0.0,0.0,0.0,0.0,0.0,0.0,0.0,0.0,0.0,0.0,0.0,0.0,0.0,0.0,0.0,0.0,0.0,0.0,0.0,0.0,0.0,0.0,0.0,0.0,0.0,0.0,0.0,0.0,0.0,0.0,0.0,0.0,0.0,0.0,0.0,0.0,0.0,0.0,0.0,0.0,0.0,0.0,0.0,0.0,0.0,0.0,0.0,0.0,0.0,0.0,0.0,0.0,0.0,0.0,0.0,0.0,0.0,0.0,0.0,0.0,0.0,0.0,0.0,0.0,0.0,0.0,0.0,0.0,0.0,0.0,0.0,0.0,0.0,0.0,0.0,0.0,0.0,0.0,0.0,0.0,0.0,0.0,0.0,0.0,0.0,0.0,0.0,0.0,0.0,0.0,0.0,0.0,0.0,0.0,0.0,0.0,0.0,0.0,0.0,0.0,0.0,0.0,0.0,0.0,0.0,0.0,0.0,0.0,0.0,0.0,0.0,0.0,0.0,0.0,0.0,0.0,0.0,0.0,0.0,0.0,0.0,0.0,0.0,0.0,0.0,0.0,0.0,0.0,0.0,0.0,0.0,0.0,0.0,0.0,0.0,0.0,0.0,0.0,0.0,0.0,0.0,0.0,0.0,0.0,0.0,0.0,0.0,0.0,0.0,0.0,0.0,0.0,0.0,0.0,0.0,0.0,0.0,0.0,0.0,0.0,0.0,0.0,0.0,0.0,0.0,0.0,0.0,0.0,0.0,0.0,0.0,0.0,0.0,0.0,0.0,0.0,0.0,0.0,0.0,0.0,0.0,0.0,0.0,0.0,0.0,0.0,0.0,0.0,0.0,0.0,0.0,0.0,0.0,0.0,0.0,0.0,0.0,0.0,0.0,0.0,0.0,0.0,0.0,0.0,0.0,0.0,0.0,0.0,0.0,0.0,0.0,0.0,0.0,0.0,0.0,0.0,0.0,0.0,0.0,0.0,0.0,0.0,0.0,0.0,0.0,0.0,0.0,0.0,0.0,0.0,0.0,0.0,0.0,0.0,0.0,0.0,0.0,0.0,0.0,0.0,0.0,0.0,0.0,0.0,0.0,0.0,0.0,0.0,0.0,0.0,0.0,0.0,0.0,0.0,0.0,0.0,0.0,0.0,0.0,0.0,0.0,0.0,0.0,0.0,0.0,0.0,0.0,0.0,0.0,0.0,0.0,0.0,0.0,0.0,0.0,0.0,0.0,0.0,0.0,0.0,0.0,0.0,0.0,0.0,0.0,0.0,0.0,0.0,0.0,0.0,0.0,0.0,0.0,0.0,0.0,0.0,0.0,0.0,0.0,0.0,0.0,0.0,0.0,0.0,0.0,0.0,0.0,0.0,0.0,0.0,0.0,0.0,0.0,0.0,0.0,0.0,0.0,0.0,0.0,0.0,0.0,0.0,0.0,0.0,0.0,0.0,0.0,0.0,0.0,0.0,0.0,0.0,0.0,0.0,0.0,0.0,0.0,0.0,0.0,0.0,0.0,0.0,0.0,0.0,0.0,0.0,0.0,0.0,0.0,0.0,0.0,0.0,0.0,0.0,0.0,0.0,0.0,0.0,0.0,0.0,0.0,0.0,0.0,0.0,0.0,0.0,0.0,0.0,0.0,0.0,0.0,0.0,0.0,0.0,0.0,0.0,0.0,0.0,0.0,0.0,0.0,0.0,0.0,0.0,0.0,0.0,0.0,0.0,0.0,0.0,0.0,0.0,0.0,0.0,0.0,0.0,0.0,0.0,0.0,0.0,0.0,0.0,0.0,0.0,0.0,0.0,0.0,0.0,0.0,0.0,0.0,0.0,0.0,0.0,0.0,0.0,0.0,0.0,0.0,0.0,0.0,0.0,0.0,0.0,0.0,0.0,0.0,0.0,0.0,0.0,0.0,0.0,0.0,0.0,0.0,0.0,0.0,0.0,0.0,0.0,0.0,0.0,0.0,0.0,0.0,0.0,0.0,0.0,0.0,0.0,0.0,0.0,0.0,0.0,0.0,0.0,0.0,0.0,0.0,0.0,0.0,0.0,0.0,0.0,0.0,0.0,0.0,0.0,0.0,0.0,0.0,0.0,0.0,0.0,0.0,0.0,0.028164151190604274,-0.0004815841569386855,-1.693323692977682e-8,-3.504187938272202e-12,-2.3801288782771515e-13,1.9576804416249578e-5,2.150277810107778e-6,0.0014971070015878632,1.682787975867233e-6,0.00013714306237426404,2.093770336312201e-12,0.00011549390040231061,-9.437562460847271e-11,-9.965529567068655e-8,-1.661415544357117e-7,-0.00019138137810933618,8.774926379262714e-10,-4.127875277777836e-11,-1.4048690073944661e-9,0.0008790775267536044,-5.436296783943019e-15,-0.0001264395683034722,-3.005734840199689e-12,-6.0721936557938174e-5,-7.287850870963363e-13,1.3297686302972994e-15,-0.0002231212227060405,-4.50587026786656e-9,-2.806694696066118e-5,4.451107195752448e-6,-2.444502088918755e-9,-3.084764869437559e-7,3.4889814854152165e-12,-0.0034320021274981648,0.0014294150744137296,1.0960370818694628e-9,-6.458560389440752e-6,-0.0011349583845168647,-4.0852674984178855e-8,2.528794800541123e-5,1.8375854615671704e-10,1.3632917137801996e-6,1.3340976337087172e-13,-2.5415053138414504e-8,0.004549564307599792,1.4913184895626957e-13,-0.001134679551941443,-0.000720388447428225,3.027082568753904e-7,-6.259112885610205e-14,1.4187285626828541e-12,0.0017549691186667692,-2.6566399730333817e-5,-2.556749856072939e-11,1.1593867072633e-13,5.325827850537756e-13,2.1134143895665244e-11,8.007355570180774e-9,-0.00015567183438592122,6.59417780311968e-8,0.0004792315400369524,3.058693720210559e-14,7.000636750340778e-8,-4.829948869792165e-11,-1.6264223243497971e-9,-0.0014863662572834732,-2.4075359612807996e-7,-4.9832970678797435e-12,-5.385030547697752e-10,1.5492210861878865e-7,-4.4183999719004045e-7,7.8069999626894e-12,0.0005285936559128323,-1.682600978027413e-5,5.004486293857012e-11,-1.818915748500751e-9,4.565508975226118e-9,-1.050933108255968e-9,4.555251691384695e-14,-5.856957209828062e-6,-2.813296682080793e-9,-6.283220407820218e-5,-0.0008175411068960239,-3.0763339170207474e-6,-0.00679402586635682,9.32648438908239e-10,-7.112183717356142e-13,1.69300376294018e-14,1.3460576352923363e-6,6.496937214242864e-6,-5.2951544377364884e-5,-9.86580094122766e-5,7.049720143344904e-13,-9.5104974259492e-8,-1.0181763459526314e-13,-3.915712199866973e-10,-4.459870731033555e-11,-1.551176349963053e-12,-0.0003291465667581085,3.4627591391266084e-11,-7.657653562225396e-6,1.5243567704535472e-5,1.7328135461252327e-5,-8.280478448225008e-14,0.001019131308569326,-1.7811481936716234e-8,8.610282343513357e-6,0.003248916433892078,-0.002667945971500483,8.763397216230583e-10,-3.4792787789952675e-9,1.8185669346803064e-14,1.042514983777718e-14,1.5203225306640842e-15,1.1006200603423612e-5,2.471022619697277e-13,8.291406818066277e-7,5.71989823332646e-5,3.223060506521559e-5,-0.002941084377319895,-2.7322751800551753e-7,-0.000638730216744392,9.265088870699647e-15,6.332493459323514e-6,8.075067313368466e-6,-5.839161060931104e-9,-0.0013009960085632087,-0.0006525573702382865,0.00446237249404534,2.4274536713476847e-14,5.185805844443815e-6,1.340412879160901e-10,5.8064586471645995e-8,-0.0008768485572140812,-1.7040200961873193e-9,4.376177284306724e-12,1.919315469479195e-6,1.394637943471206e-13,1.6970600509523189e-6,9.43406268116759e-5,3.4788783545348118e-12,1.969231972173224e-9,-1.8086241182164007e-10,-3.5085144332489937e-5,-1.4463959469813258e-9,0.001981825068699948,-2.1086040634591688e-13,4.910747886127544e-9,-1.5307650632019858e-6,-5.599523090144167e-11,0.004957516905605862,-1.6480848501530916e-12,-6.101034431612136e-5,-0.0007511323196776499,-0.00010639243012363438,-3.848693503083256e-12,2.898882926475882e-10,4.337822228160666e-9,-3.971753543321634e-9,0.002040380508156983,-9.834628668328527e-12,-5.619704696438087e-13,1.0139325143288697e-7,4.023894715995467e-5,-2.5937407243412774e-14,-8.168811513297895e-11,2.8046201837985093e-8,-4.591682679117799e-6,5.489130876166164e-6,-2.630364337400508e-13,4.929628371415304e-14,-0.0003144350484817057,-3.155139291679499e-6,9.800970429005212e-9,1.5232921569132827e-11,-3.676717957687324e-8,-4.566452716694303e-5,-1.9061480131580806e-8,1.1140938914943254e-10,1.0537622963764641e-10,-0.0008776995168768133,3.798660012638066e-5,-1.0814856217395595e-6,-5.8161753415034635e-8,-1.0338426467760675e-6,3.635168186826195e-5,-1.1111912788674557e-12,-4.884540178626089e-13,0.0012262170605238077,-8.48623318869969e-8,4.004608989287896e-15
0.0,0.0,0.0,0.0,0.0,0.0,0.0,0.0,0.0,0.0,0.0,0.0,0.0,0.0,0.0,0.0,0.0,0.0,0.0,0.0,0.0,0.0,0.0,0.0,0.0,0.0,0.0,0.0,0.0,0.0,0.0,0.0,0.0,0.0,0.0,0.0,0.0,0.0,0.0,0.0,0.0,0.0,0.0,0.0,0.0,0.0,0.0,0.0,0.0,0.0,0.0,0.0,0.0,0.0,0.0,0.0,0.0,0.0,0.0,0.0,0.0,0.0,0.0,0.0,0.0,0.0,0.0,0.0,0.0,0.0,0.0,0.0,0.0,0.0,0.0,0.0,0.0,0.0,0.0,0.0,0.0,0.0,0.0,0.0,0.0,0.0,0.0,0.0,0.0,0.0,0.0,0.0,0.0,0.0,0.0,0.0,0.0,0.0,0.0,0.0,0.0,0.0,0.0,0.0,0.0,0.0,0.0,0.0,0.0,0.0,0.0,0.0,0.0,0.0,0.0,0.0,0.0,0.0,0.0,0.0,0.0,0.0,0.0,0.0,0.0,0.0,0.0,0.0,0.0,0.0,0.0,0.0,0.0,0.0,0.0,0.0,0.0,0.0,0.0,0.0,0.0,0.0,0.0,0.0,0.0,0.0,0.0,0.0,0.0,0.0,0.0,0.0,0.0,0.0,0.0,0.0,0.0,0.0,0.0,0.0,0.0,0.0,0.0,0.0,0.0,0.0,0.0,0.0,0.0,0.0,0.0,0.0,0.0,0.0,0.0,0.0,0.0,0.0,0.0,0.0,0.0,0.0,0.0,0.0,0.0,0.0,0.0,0.0,0.0,0.0,0.0,0.0,0.0,0.0,0.0,0.0,0.0,0.0,0.0,0.0,0.0,0.0,0.0,0.0,0.0,0.0,0.0,0.0,0.0,0.0,0.0,0.0,0.0,0.0,0.0,0.0,0.0,0.0,0.0,0.0,0.0,0.0,0.0,0.0,0.0,0.0,0.0,0.0,0.0,0.0,0.0,0.0,0.0,0.0,0.0,0.0,0.0,0.0,0.0,0.0,0.0,0.0,0.0,0.0,0.0,0.0,0.0,0.0,0.0,0.0,0.0,0.0,0.0,0.0,0.0,0.0,0.0,0.0,0.0,0.0,0.0,0.0,0.0,0.0,0.0,0.0,0.0,0.0,0.0,0.0,0.0,0.0,0.0,0.0,0.0,0.0,0.0,0.0,0.0,0.0,0.0,0.0,0.0,0.0,0.0,0.0,0.0,0.0,0.0,0.0,0.0,0.0,0.0,0.0,0.0,0.0,0.0,0.0,0.0,0.0,0.0,0.0,0.0,0.0,0.0,0.0,0.0,0.0,0.0,0.0,0.0,0.0,0.0,0.0,0.0,0.0,0.0,0.0,0.0,0.0,0.0,0.0,0.0,0.0,0.0,0.0,0.0,0.0,0.0,0.0,0.0,0.0,0.0,0.0,0.0,0.0,0.0,0.0,0.0,0.0,0.0,0.0,0.0,0.0,0.0,0.0,0.0,0.0,0.0,0.0,0.0,0.0,0.0,0.0,0.0,0.0,0.0,0.0,0.0,0.0,0.0,0.0,0.0,0.0,0.0,0.0,0.0,0.0,0.0,0.0,0.0,0.0,0.0,0.0,0.0,0.0,0.0,0.0,0.0,0.0,0.0,0.0,0.0,0.0,0.0,0.0,0.0,0.0,0.0,0.0,0.0,0.0,0.0,0.0,0.0,0.0,0.0,0.0,0.0,0.0,0.0,0.0,0.0,0.0,0.0,0.0,0.0,0.0,0.0,0.0,0.0,0.0,0.0,0.0,0.0,0.0,0.0,0.0,0.0,0.0,0.0,0.0,0.0,0.0,0.0,0.0,0.0,0.0,0.0,0.0,0.0,0.0,0.0,0.0,0.0,0.0,0.0,0.0,0.0,0.0,0.0,0.0,0.0,0.0,0.0,0.0,0.0,0.0,0.0,0.0,0.0,0.0,0.0,0.0,0.0,0.0,0.0,0.0,0.0,0.0,0.0,0.0,0.0,0.0,0.0,0.0,0.0,0.0,0.0,0.0,0.0,0.0,0.0,0.0,0.0,0.0,0.0,0.0,0.0,0.0,0.0,0.0,0.0,0.0,0.0,0.0,0.0,0.0,0.0,0.0,0.0,0.0,0.0,0.0,0.0,0.0,0.0,0.0,0.0,0.0,0.0,0.0,0.0,0.0,0.0,0.0,0.0,0.0,0.0,0.0,0.0,0.0,0.0,0.0,0.0,0.0,0.0,0.0,0.0,0.0,0.0,0.0,0.0,0.0,0.0,0.0,0.0,0.0,0.0,0.0,0.0,0.0,0.0,0.0,0.0,0.0,0.0,0.0,0.0,0.0,0.0,0.0,0.0,0.0,0.0,0.0,0.0,0.0,0.0,0.0,0.0,0.0,0.0,0.0,0.0,0.0,0.0,0.0,0.0,0.0,0.0,0.0,0.0,0.0,0.0,0.0,0.0,0.0,0.0,0.0,0.0,0.0,0.0,0.0,0.0,0.0,0.0,0.0,0.0,0.0,0.0,0.0,0.0,0.0,0.0,0.0,0.0,0.0,0.0,0.0,0.0,0.0,0.0,0.0,0.0,0.0,0.0,0.0,0.0,0.0,0.0,0.0,0.0,0.0,0.0,0.0,0.0,0.0,0.0,0.016859474055860635,-8.144457095358026e-10,1.5275055775614761e-12,2.859535239278393e-12,8.809665778890306e-6,1.6835122653727925e-6,0.0003790209360352916,9.759196089996878e-7,2.4831079037227914e-5,-7.252759652522403e-12,0.0021755103559509396,-8.15349585911149e-11,-2.3225454904986823e-8,-2.8372622748785603e-8,-2.8534535937114778e-5,-2.8642269712042336e-10,-1.0211512283933794e-11,1.8952141200441779e-10,-0.0004690716212976365,-3.3045993796847824e-15,-4.996549740205744e-5,-7.74855753138121e-13,9.812039067174763e-6,-8.414181754405224e-13,7.788636653373631e-16,-0.0001132395246859477,-3.674970981880864e-9,-1.0103207492892993e-6,1.0357353770195332e-6,2.7810664699701845e-7,-1.3022366230724768e-7,1.1382142730548896e-13,0.001006926252558126,-0.0004075422246127898,-1.6463134642810453e-9,-1.3959613378371363e-6,-0.0004733235120854595,-4.731793259660873e-9,-1.5965972941324244e-5,-3.1842693975422455e-11,-1.0436038037224069e-7,-4.9491969162643976e-14,5.874260537008764e-10,0.0004432516368984086,1.1618398326288614e-14,-0.00024175947138280397,-0.0007177558851238944,6.630902042058194e-8,2.640965790931394e-16,-1.1736575548381038e-13,0.0004781644971952909,-0.0002013483977129362,8.546091829893047e-11,-4.009550797085522e-14,4.0196138383051414e-14,-1.1356643377101414e-11,-6.40216613755258e-11,-0.0002939364723854716,5.941397579729783e-9,-0.00034785595669015315,8.950604831646571e-15,4.610298936787681e-9,-2.1608038343302335e-11,5.304603927769732e-10,-0.0004197504560519671,3.8706070426496274e-8,6.957329483686333e-13,-8.935013313097897e-11,-9.676400549275901e-7,-1.7450276770283267e-7,-7.592321420963421e-13,-0.0008118243834019512,-1.8262256657485723e-5,3.0919852821809406e-11,2.6088351165280385e-9,-1.8185454412339883e-9,2.8123042963745514e-10,4.1811229343502394e-14,2.8462946950163505e-7,-2.0525372271437667e-11,0.0027791675642262793,0.000300627226048707,3.288021854681745e-7,0.00111482456952211,-3.856163027853332e-12,-8.509919150521116e-14,-1.3082502461942482e-14,-6.6209728738739245e-6,1.0370457381384622e-6,3.97055314878978e-6,0.005998897099804789,5.154822746169199e-13,1.1656122171585558e-8,2.01262220107034e-14,-2.6556936523765082e-11,2.331369712629606e-11,2.982245504688475e-13,8.773570071158634e-5,1.1242485721128649e-11,-2.7868513886864323e-6,2.948416962983726e-6,3.694464840363867e-5,-8.706912150132717e-15,0.000138107330146014,-3.743866058465458e-9,7.1301955958378665e-6,0.00014555016067858433,-0.001002903207165723,5.172552399576813e-10,-1.6969424221775983e-11,5.730366404989973e-15,-9.764735836184847e-16,-3.1528522418382612e-15,3.995529081067709e-6,-2.941682355806815e-15,3.177483211890692e-7,-1.9565562252647096e-5,2.141421501710952e-5,0.004469511763745207,-1.3307078839535354e-7,-0.00016834148113153286,-6.600006767038127e-16,4.5790212768887334e-7,1.431775263443393e-5,3.006761066738592e-8,0.0004995532793569973,0.003236129351445178,-0.0011209472650973713,-6.023958097826722e-15,1.0020455211354687e-6,-2.049055821961825e-12,-9.02145777016425e-9,0.0022937863218234736,-7.053220534181508e-11,1.0050014536170697e-12,-7.908913934699026e-9,2.3050319627138812e-14,-2.437469229839079e-7,7.438894276861672e-5,-2.1065646875012542e-12,-2.8277798706145546e-9,8.498657090592664e-10,9.382505648991348e-6,-6.704373890334529e-9,-0.00020050437449686964,-1.83826000348915e-13,-2.370204760850428e-9,-1.2455444850732496e-7,2.2887102415978734e-11,8.528016993945399e-5,9.038950685869362e-13,0.000491779513218319,-1.4451348179749097e-5,-0.0032768888553046634,-8.581694655326044e-13,-1.248061591643216e-10,6.579563129159871e-10,2.0208008943239873e-9,-0.0039095350711000985,9.903565891379873e-13,1.7498029186076353e-13,4.875704152736663e-8,3.216331037603968e-5,2.3816074233441664e-13,-7.869908392054743e-11,3.0044300552199888e-9,3.544142376530947e-7,-1.7731151859518799e-6,5.076905087571234e-15,-4.0360588662477623e-17,9.347451755570734e-5,1.830374499642211e-7,1.3332567150961971e-8,-2.8376024623659036e-12,-2.8586600172248337e-9,2.910918435460993e-5,-1.763796673139133e-9,-2.992496202530937e-11,-8.872921745952677e-12,0.0017201902216774756,1.9562639866725655e-5,-6.879137959071107e-7,-1.499909129460678e-6,3.7710448113405403e-6,6.874928275207413e-6,-7.571757909022922e-15,-6.46399028026223e-14,0.007768035967964901,-1.419312816507442e-7,3.4790719259606386e-16
0.0,0.0,0.0,0.0,0.0,0.0,0.0,0.0,0.0,0.0,0.0,0.0,0.0,0.0,0.0,0.0,0.0,0.0,0.0,0.0,0.0,0.0,0.0,0.0,0.0,0.0,0.0,0.0,0.0,0.0,0.0,0.0,0.0,0.0,0.0,0.0,0.0,0.0,0.0,0.0,0.0,0.0,0.0,0.0,0.0,0.0,0.0,0.0,0.0,0.0,0.0,0.0,0.0,0.0,0.0,0.0,0.0,0.0,0.0,0.0,0.0,0.0,0.0,0.0,0.0,0.0,0.0,0.0,0.0,0.0,0.0,0.0,0.0,0.0,0.0,0.0,0.0,0.0,0.0,0.0,0.0,0.0,0.0,0.0,0.0,0.0,0.0,0.0,0.0,0.0,0.0,0.0,0.0,0.0,0.0,0.0,0.0,0.0,0.0,0.0,0.0,0.0,0.0,0.0,0.0,0.0,0.0,0.0,0.0,0.0,0.0,0.0,0.0,0.0,0.0,0.0,0.0,0.0,0.0,0.0,0.0,0.0,0.0,0.0,0.0,0.0,0.0,0.0,0.0,0.0,0.0,0.0,0.0,0.0,0.0,0.0,0.0,0.0,0.0,0.0,0.0,0.0,0.0,0.0,0.0,0.0,0.0,0.0,0.0,0.0,0.0,0.0,0.0,0.0,0.0,0.0,0.0,0.0,0.0,0.0,0.0,0.0,0.0,0.0,0.0,0.0,0.0,0.0,0.0,0.0,0.0,0.0,0.0,0.0,0.0,0.0,0.0,0.0,0.0,0.0,0.0,0.0,0.0,0.0,0.0,0.0,0.0,0.0,0.0,0.0,0.0,0.0,0.0,0.0,0.0,0.0,0.0,0.0,0.0,0.0,0.0,0.0,0.0,0.0,0.0,0.0,0.0,0.0,0.0,0.0,0.0,0.0,0.0,0.0,0.0,0.0,0.0,0.0,0.0,0.0,0.0,0.0,0.0,0.0,0.0,0.0,0.0,0.0,0.0,0.0,0.0,0.0,0.0,0.0,0.0,0.0,0.0,0.0,0.0,0.0,0.0,0.0,0.0,0.0,0.0,0.0,0.0,0.0,0.0,0.0,0.0,0.0,0.0,0.0,0.0,0.0,0.0,0.0,0.0,0.0,0.0,0.0,0.0,0.0,0.0,0.0,0.0,0.0,0.0,0.0,0.0,0.0,0.0,0.0,0.0,0.0,0.0,0.0,0.0,0.0,0.0,0.0,0.0,0.0,0.0,0.0,0.0,0.0,0.0,0.0,0.0,0.0,0.0,0.0,0.0,0.0,0.0,0.0,0.0,0.0,0.0,0.0,0.0,0.0,0.0,0.0,0.0,0.0,0.0,0.0,0.0,0.0,0.0,0.0,0.0,0.0,0.0,0.0,0.0,0.0,0.0,0.0,0.0,0.0,0.0,0.0,0.0,0.0,0.0,0.0,0.0,0.0,0.0,0.0,0.0,0.0,0.0,0.0,0.0,0.0,0.0,0.0,0.0,0.0,0.0,0.0,0.0,0.0,0.0,0.0,0.0,0.0,0.0,0.0,0.0,0.0,0.0,0.0,0.0,0.0,0.0,0.0,0.0,0.0,0.0,0.0,0.0,0.0,0.0,0.0,0.0,0.0,0.0,0.0,0.0,0.0,0.0,0.0,0.0,0.0,0.0,0.0,0.0,0.0,0.0,0.0,0.0,0.0,0.0,0.0,0.0,0.0,0.0,0.0,0.0,0.0,0.0,0.0,0.0,0.0,0.0,0.0,0.0,0.0,0.0,0.0,0.0,0.0,0.0,0.0,0.0,0.0,0.0,0.0,0.0,0.0,0.0,0.0,0.0,0.0,0.0,0.0,0.0,0.0,0.0,0.0,0.0,0.0,0.0,0.0,0.0,0.0,0.0,0.0,0.0,0.0,0.0,0.0,0.0,0.0,0.0,0.0,0.0,0.0,0.0,0.0,0.0,0.0,0.0,0.0,0.0,0.0,0.0,0.0,0.0,0.0,0.0,0.0,0.0,0.0,0.0,0.0,0.0,0.0,0.0,0.0,0.0,0.0,0.0,0.0,0.0,0.0,0.0,0.0,0.0,0.0,0.0,0.0,0.0,0.0,0.0,0.0,0.0,0.0,0.0,0.0,0.0,0.0,0.0,0.0,0.0,0.0,0.0,0.0,0.0,0.0,0.0,0.0,0.0,0.0,0.0,0.0,0.0,0.0,0.0,0.0,0.0,0.0,0.0,0.0,0.0,0.0,0.0,0.0,0.0,0.0,0.0,0.0,0.0,0.0,0.0,0.0,0.0,0.0,0.0,0.0,0.0,0.0,0.0,0.0,0.0,0.0,0.0,0.0,0.0,0.0,0.0,0.0,0.0,0.0,0.0,0.0,0.0,0.0,0.0,0.0,0.0,0.0,0.0,0.0,0.0,0.0,0.0,0.0,0.0,0.0,0.0,0.0,0.0,0.0,0.0,0.0,0.0,0.0,0.0,0.0,0.0,0.0,0.0,0.0,0.0,0.0,0.0,0.0,0.0,0.0,0.0,0.0,0.0,0.0,0.0,0.0,0.0,0.0,0.0,0.0,0.0,0.0,0.0,0.0,0.0,0.0,0.0,0.0,0.0,0.0,0.0,0.0,0.0,0.0,0.0,0.0,0.0,0.0,0.0,0.0,0.0,0.0,0.0,0.0,0.02907951068162792,-5.672722546014836e-7,-6.801980358007261e-6,-2.623133399713142e-6,-4.09015126362961e-5,2.51237547373021e-9,-2.51814365418643e-5,1.86405461049251e-7,-1.4161816172973897e-5,-1.2220018540078457e-9,0.0002698709338740057,0.0015604799876246867,0.00025577364264833265,-7.095478791021115e-7,0.00017442298013636446,5.559598111673248e-5,0.001188954553683337,8.808800999849462e-9,9.321657932262918e-9,-4.420518133032516e-7,1.974076422077259e-6,1.947134880198722e-6,-1.2677312815710472e-6,9.650269055210797e-9,-1.5497717485346444e-7,-0.0034077212315295094,2.247711365616287e-6,3.4341113451886603e-6,7.771628964699602e-5,-0.00023871188674988921,-6.916832778420119e-6,3.2512517823964134e-9,-1.9815900035556175e-8,-0.0013104640676494248,-3.8359176252158643e-5,1.1099341101661545e-7,0.003563282954375677,-1.1441187382806078e-6,-0.0002416677813682269,-5.862214947424448e-5,-4.6930173763074425e-7,-0.00062179499255371,2.909406590984478e-9,-3.418839508411526e-7,1.3892930436619908e-7,-9.056198011873591e-10,-0.0006839455954189673,1.2278995113211203e-7,-2.012865566854855e-6,-1.1007193473267068e-7,-3.2300792921595384e-8,-8.26475281161159e-5,3.229075884041086e-7,-1.327791309267166e-6,3.597119788023551e-5,-0.011695602310417125,-2.9591908978376118e-8,-0.003752460836176676,4.971247826870049e-8,-1.1045658710698864e-8,1.3530944358289109e-5,-0.00012897912847203652,-0.0022402610955951892,-1.1871408357602592e-8,-0.00015678299314073974,1.155660025587726e-6,0.002930729969252436,3.852916049725053e-5,1.7081543802429205e-5,-7.874721836093663e-6,-2.0332053682031525e-8,-8.129421849315371e-8,-0.000212828471314643,0.0036844875032461238,0.0005921415539746848,-0.00022906404453047915,-1.4609200956785104e-7,1.6725954588458044e-5,0.005799807302380101,-1.5159063082955258e-10,3.179308592345554e-8,-3.765411165668108e-5,5.035573381349684e-9,0.00018441952869735305,1.2779386008495846e-6,3.613943643694882e-8,-4.640055071696669e-6,-7.587873560378774e-5,-1.4586956120352443e-7,2.4620197185984796e-10,1.6048973757284606e-6,0.0005184251513400153,1.2561175352958517e-7,0.0002763699430743761,1.887215252876145e-5,2.2781027799258156e-7,-2.0092696009263766e-7,-8.348774629482949e-5,-4.230487566376311e-6,-9.161215903883067e-6,6.818388713222933e-7,1.4978372824584587e-7,1.9319107074113275e-8,0.0028786584817903083,-4.427536769875189e-6,6.57933903786352e-9,-2.4467616426547066e-8,-0.0006807998660902714,-0.0019459768081750313,-1.6334654435358414e-8,-8.428709085440814e-9,-1.6000792893699644e-8,-6.783645039029559e-6,-3.86727233383017e-7,-6.306936555460873e-5,-5.965466766680468e-7,1.796834355473635e-6,2.1547813537283407e-9,0.0005789093177275813,1.3828329396421008e-7,-1.447083363418967e-8,2.1151238866496096e-5,-4.347887008658365e-6,-0.0007489904519728959,5.073197366304757e-8,7.55438158680065e-9,-1.3499647877270128e-8,-2.6273057080286787e-8,-2.4725601523725816e-6,-0.00023316706845258087,0.000953763057393741,-4.887361871885951e-10,0.0001973185782506076,1.2892471761494645e-5,0.00012382857976579845,-3.9749006396741704e-7,9.10249820792852e-6,8.89270002135201e-8,-3.050882362706201e-5,0.0065616613074545105,-0.0025569344888376564,2.0775299657369756e-6,0.0007783564083624867,3.088555951654913e-10,5.968355122248879e-7,-0.0006232502905310251,-1.8834876349589866e-5,-2.6688670092907245e-5,-2.5343259264132187e-8,-4.426224084359507e-6,-3.638546848123539e-8,-8.287645745900153e-8,5.784702339208239e-10,8.456917234919577e-6,0.0005738228773406866,-0.0037682550903680627,-0.00035101376785158164,2.0574839224728257e-9,3.119262516527079e-5,1.3361252279705047e-6,0.00039328839463476984,-3.132675458745183e-7,-1.250226907414923e-6,-0.005534361668830213,-0.015117113573483868,-2.510604090261641e-6,1.4623447987765176e-5,3.1121355352139215e-7,-1.1677846028532907e-7,4.015264129917589e-7,2.175572635852981e-5,-0.0005434545646908011,-2.4880525988765075e-5,-0.00028342228389907696,-9.390556101636132e-7,-0.002028800389170025,-2.3499231453185603e-5,-7.770688372098061e-5,-1.633378664924901e-9,5.863185279486111e-9,-3.974386434453662e-6,7.334064600989141e-7,-8.684938399606988e-6,-8.846325378180535e-6,1.2736379197542633e-6,6.831971010859131e-7,3.9454716765150915e-9,-1.5107760182087596e-5,-1.1076610039538021e-8
0.0,0.0,0.0,0.0,0.0,0.0,0.0,0.0,0.0,0.0,0.0,0.0,0.0,0.0,0.0,0.0,0.0,0.0,0.0,0.0,0.0,0.0,0.0,0.0,0.0,0.0,0.0,0.0,0.0,0.0,0.0,0.0,0.0,0.0,0.0,0.0,0.0,0.0,0.0,0.0,0.0,0.0,0.0,0.0,0.0,0.0,0.0,0.0,0.0,0.0,0.0,0.0,0.0,0.0,0.0,0.0,0.0,0.0,0.0,0.0,0.0,0.0,0.0,0.0,0.0,0.0,0.0,0.0,0.0,0.0,0.0,0.0,0.0,0.0,0.0,0.0,0.0,0.0,0.0,0.0,0.0,0.0,0.0,0.0,0.0,0.0,0.0,0.0,0.0,0.0,0.0,0.0,0.0,0.0,0.0,0.0,0.0,0.0,0.0,0.0,0.0,0.0,0.0,0.0,0.0,0.0,0.0,0.0,0.0,0.0,0.0,0.0,0.0,0.0,0.0,0.0,0.0,0.0,0.0,0.0,0.0,0.0,0.0,0.0,0.0,0.0,0.0,0.0,0.0,0.0,0.0,0.0,0.0,0.0,0.0,0.0,0.0,0.0,0.0,0.0,0.0,0.0,0.0,0.0,0.0,0.0,0.0,0.0,0.0,0.0,0.0,0.0,0.0,0.0,0.0,0.0,0.0,0.0,0.0,0.0,0.0,0.0,0.0,0.0,0.0,0.0,0.0,0.0,0.0,0.0,0.0,0.0,0.0,0.0,0.0,0.0,0.0,0.0,0.0,0.0,0.0,0.0,0.0,0.0,0.0,0.0,0.0,0.0,0.0,0.0,0.0,0.0,0.0,0.0,0.0,0.0,0.0,0.0,0.0,0.0,0.0,0.0,0.0,0.0,0.0,0.0,0.0,0.0,0.0,0.0,0.0,0.0,0.0,0.0,0.0,0.0,0.0,0.0,0.0,0.0,0.0,0.0,0.0,0.0,0.0,0.0,0.0,0.0,0.0,0.0,0.0,0.0,0.0,0.0,0.0,0.0,0.0,0.0,0.0,0.0,0.0,0.0,0.0,0.0,0.0,0.0,0.0,0.0,0.0,0.0,0.0,0.0,0.0,0.0,0.0,0.0,0.0,0.0,0.0,0.0,0.0,0.0,0.0,0.0,0.0,0.0,0.0,0.0,0.0,0.0,0.0,0.0,0.0,0.0,0.0,0.0,0.0,0.0,0.0,0.0,0.0,0.0,0.0,0.0,0.0,0.0,0.0,0.0,0.0,0.0,0.0,0.0,0.0,0.0,0.0,0.0,0.0,0.0,0.0,0.0,0.0,0.0,0.0,0.0,0.0,0.0,0.0,0.0,0.0,0.0,0.0,0.0,0.0,0.0,0.0,0.0,0.0,0.0,0.0,0.0,0.0,0.0,0.0,0.0,0.0,0.0,0.0,0.0,0.0,0.0,0.0,0.0,0.0,0.0,0.0,0.0,0.0,0.0,0.0,0.0,0.0,0.0,0.0,0.0,0.0,0.0,0.0,0.0,0.0,0.0,0.0,0.0,0.0,0.0,0.0,0.0,0.0,0.0,0.0,0.0,0.0,0.0,0.0,0.0,0.0,0.0,0.0,0.0,0.0,0.0,0.0,0.0,0.0,0.0,0.0,0.0,0.0,0.0,0.0,0.0,0.0,0.0,0.0,0.0,0.0,0.0,0.0,0.0,0.0,0.0,0.0,0.0,0.0,0.0,0.0,0.0,0.0,0.0,0.0,0.0,0.0,0.0,0.0,0.0,0.0,0.0,0.0,0.0,0.0,0.0,0.0,0.0,0.0,0.0,0.0,0.0,0.0,0.0,0.0,0.0,0.0,0.0,0.0,0.0,0.0,0.0,0.0,0.0,0.0,0.0,0.0,0.0,0.0,0.0,0.0,0.0,0.0,0.0,0.0,0.0,0.0,0.0,0.0,0.0,0.0,0.0,0.0,0.0,0.0,0.0,0.0,0.0,0.0,0.0,0.0,0.0,0.0,0.0,0.0,0.0,0.0,0.0,0.0,0.0,0.0,0.0,0.0,0.0,0.0,0.0,0.0,0.0,0.0,0.0,0.0,0.0,0.0,0.0,0.0,0.0,0.0,0.0,0.0,0.0,0.0,0.0,0.0,0.0,0.0,0.0,0.0,0.0,0.0,0.0,0.0,0.0,0.0,0.0,0.0,0.0,0.0,0.0,0.0,0.0,0.0,0.0,0.0,0.0,0.0,0.0,0.0,0.0,0.0,0.0,0.0,0.0,0.0,0.0,0.0,0.0,0.0,0.0,0.0,0.0,0.0,0.0,0.0,0.0,0.0,0.0,0.0,0.0,0.0,0.0,0.0,0.0,0.0,0.0,0.0,0.0,0.0,0.0,0.0,0.0,0.0,0.0,0.0,0.0,0.0,0.0,0.0,0.0,0.0,0.0,0.0,0.0,0.0,0.0,0.0,0.0,0.0,0.0,0.0,0.0,0.0,0.0,0.0,0.0,0.0,0.0,0.0,0.0,0.0,0.0,0.0,0.0,0.0,0.0,0.0,0.0,0.0,0.0,0.0,0.0,0.0,0.0,0.0,0.0,0.0,0.0,0.0,0.0,0.0,0.0,0.0,0.0,0.0,0.0,0.0,0.0,0.0,0.0,0.0,0.0,0.0,0.0,0.0,0.0,0.0,0.0,0.0,0.0330345715103441,8.876850270186698e-5,-9.4831976032078e-10,-1.5296953921642666e-8,-2.540501654561418e-13,2.189894184502198e-9,3.6780668074785383e-10,0.0042514168308470735,-3.3897614422202193e-13,-0.00017296318411695965,-1.4548129877774134e-6,1.0082917971595125e-7,2.0786938028703775e-10,9.847139717053321e-5,0.0006911084031151801,-4.5828489130352306e-5,4.427631440100084e-12,-2.607819147569817e-5,-1.0868661621336898e-10,-0.0056313055874330185,-9.940548830973378e-10,0.0003652901674234866,9.620418826151767e-6,-1.2781385651657869e-10,-2.836877053248837e-6,2.0631151859337456e-9,8.90115130540484e-10,2.3824743364001766e-7,3.903468341868115e-8,-0.0006608974990828988,1.1310803269347083e-11,-6.282822600406972e-11,-3.549354069406655e-5,1.7849372202979511e-9,-2.270954956636894e-11,-1.4261313197168478e-8,-4.813153165953714e-10,-0.0001435087806310723,6.505761845574068e-8,0.0037755207030057284,-4.5568235360013833e-7,1.3119488180760708e-12,0.0002568554835918304,-5.944182926084843e-12,-4.3354892643140155e-14,1.73008473498528e-7,-6.575285089927334e-5,-0.0026083253554335805,6.75271817182991e-12,6.691755446385165e-11,0.00012152080609626331,-0.00074888336998889,0.0005597189091080447,0.00015206233883876833,-2.3928074731704934e-6,-2.09863412256679e-12,-3.8012841806149394e-7,-6.484972546642395e-11,0.00013436795419653714,-9.78260556340693e-8,-0.0003085406270213418,-5.302324849182412e-7,8.146856989202649e-13,1.206596052820354e-7,0.0010145213670015626,4.3795854018350934e-6,-3.736525851567769e-9,3.1647578223849815e-8,-0.005875261752814665,2.2072693942814017e-12,1.8813460381924715e-10,0.0001397814294124329,7.059744056288238e-6,-2.0634618623482455e-6,3.493497718494155e-6,-0.00012173159932600967,-4.588981147759707e-9,-7.0096270035684984e-6,7.742357110088694e-14,-2.973014164275061e-11,1.462610981483951e-8,1.0253518264896704e-12,-4.780653452464881e-5,-0.0002876600721560334,-0.00021349839895511212,7.767808546560357e-10,1.155658504217195e-8,7.100785835820629e-11,-2.418055490562294e-13,0.0011937457239038047,3.765055013918393e-7,1.6560195159338313e-5,1.3954781739010895e-5,-0.0011767761385876184,0.006207211428964455,8.731561583497734e-11,0.0006342790783659385,-2.793382170561578e-9,1.6628651980737284e-8,1.3483459608441738e-10,-6.142571851676252e-5,2.1671604633652e-11,2.686871724395329e-6,2.970020702194438e-9,-1.6227542356775785e-12,3.717556027673029e-12,-1.1896505627076854e-5,-1.0029677979048516e-6,1.6087524401217996e-5,-1.0295024693068191e-5,-2.1932347529388804e-5,9.995735220929992e-10,-0.001195152764167785,2.4525358492145463e-8,-1.808819215750513e-10,4.5680803221703973e-10,5.249321552986041e-12,-1.7515282306596221e-7,4.6093570033611284e-12,8.529392722575586e-6,-7.351243292174674e-10,3.26842543803709e-10,5.539824891323178e-7,1.5103096455391822e-11,6.3451757205224404e-12,-1.6711647418816043e-11,-1.4803197927766462e-5,-3.7178092171213705e-10,-0.00024288484286373428,-5.7866521818140337e-8,1.756197558967279e-12,6.256456404655506e-5,0.006271641426525065,-4.199476238926342e-8,-5.2711986496827325e-5,-7.043581034623682e-9,-1.6445101881458073e-11,0.0023218568071785785,-2.497818554949198e-6,1.4397177232547462e-5,-4.6293230933416135e-10,-4.452396576003796e-6,-9.963859015801073e-14,-0.001566222911597612,-1.2806654771804676e-5,1.2465672714698677e-8,-0.0003969393828555833,2.577068068269927e-12,-0.009587846259016758,4.982596691245042e-12,1.494368317918718e-10,-1.9767261891818535e-13,-0.0008677708235465831,0.00010894436100531023,1.5040908507859688e-6,2.404881824674454e-7,-1.6380845424890975e-12,0.00010055668177687284,0.0008539942142114666,1.4617195156791823e-7,2.472160207307167e-10,-0.0016165597424964665,1.2813389083010931e-6,-1.6882194572114436e-7,-1.3218500218198543e-10,-1.927255292202207e-9,0.0019672455694315924,-0.00010646042479294688,-7.113731013996731e-11,1.0801375213782441e-8,2.494107649685678e-7,0.00026415822968328976,-1.0019955797391629e-7,-1.3643366858743355e-11,6.571146899705201e-7,0.00029172511573009836,2.1090785255909555e-5,-7.57993400596445e-13,2.209881035074073e-11,-4.201065059126139e-10,2.855053107108042e-10,5.2382776044968486e-9,2.457811799143146e-9,0.0008060033052646121,-0.0002972136657222696,1.1078441620072567e-12,3.420152794571215e-9,-1.4478619542907034e-5
0.0,0.0,0.0,0.0,0.0,0.0,0.0,0.0,0.0,0.0,0.0,0.0,0.0,0.0,0.0,0.0,0.0,0.0,0.0,0.0,0.0,0.0,0.0,0.0,0.0,0.0,0.0,0.0,0.0,0.0,0.0,0.0,0.0,0.0,0.0,0.0,0.0,0.0,0.0,0.0,0.0,0.0,0.0,0.0,0.0,0.0,0.0,0.0,0.0,0.0,0.0,0.0,0.0,0.0,0.0,0.0,0.0,0.0,0.0,0.0,0.0,0.0,0.0,0.0,0.0,0.0,0.0,0.0,0.0,0.0,0.0,0.0,0.0,0.0,0.0,0.0,0.0,0.0,0.0,0.0,0.0,0.0,0.0,0.0,0.0,0.0,0.0,0.0,0.0,0.0,0.0,0.0,0.0,0.0,0.0,0.0,0.0,0.0,0.0,0.0,0.0,0.0,0.0,0.0,0.0,0.0,0.0,0.0,0.0,0.0,0.0,0.0,0.0,0.0,0.0,0.0,0.0,0.0,0.0,0.0,0.0,0.0,0.0,0.0,0.0,0.0,0.0,0.0,0.0,0.0,0.0,0.0,0.0,0.0,0.0,0.0,0.0,0.0,0.0,0.0,0.0,0.0,0.0,0.0,0.0,0.0,0.0,0.0,0.0,0.0,0.0,0.0,0.0,0.0,0.0,0.0,0.0,0.0,0.0,0.0,0.0,0.0,0.0,0.0,0.0,0.0,0.0,0.0,0.0,0.0,0.0,0.0,0.0,0.0,0.0,0.0,0.0,0.0,0.0,0.0,0.0,0.0,0.0,0.0,0.0,0.0,0.0,0.0,0.0,0.0,0.0,0.0,0.0,0.0,0.0,0.0,0.0,0.0,0.0,0.0,0.0,0.0,0.0,0.0,0.0,0.0,0.0,0.0,0.0,0.0,0.0,0.0,0.0,0.0,0.0,0.0,0.0,0.0,0.0,0.0,0.0,0.0,0.0,0.0,0.0,0.0,0.0,0.0,0.0,0.0,0.0,0.0,0.0,0.0,0.0,0.0,0.0,0.0,0.0,0.0,0.0,0.0,0.0,0.0,0.0,0.0,0.0,0.0,0.0,0.0,0.0,0.0,0.0,0.0,0.0,0.0,0.0,0.0,0.0,0.0,0.0,0.0,0.0,0.0,0.0,0.0,0.0,0.0,0.0,0.0,0.0,0.0,0.0,0.0,0.0,0.0,0.0,0.0,0.0,0.0,0.0,0.0,0.0,0.0,0.0,0.0,0.0,0.0,0.0,0.0,0.0,0.0,0.0,0.0,0.0,0.0,0.0,0.0,0.0,0.0,0.0,0.0,0.0,0.0,0.0,0.0,0.0,0.0,0.0,0.0,0.0,0.0,0.0,0.0,0.0,0.0,0.0,0.0,0.0,0.0,0.0,0.0,0.0,0.0,0.0,0.0,0.0,0.0,0.0,0.0,0.0,0.0,0.0,0.0,0.0,0.0,0.0,0.0,0.0,0.0,0.0,0.0,0.0,0.0,0.0,0.0,0.0,0.0,0.0,0.0,0.0,0.0,0.0,0.0,0.0,0.0,0.0,0.0,0.0,0.0,0.0,0.0,0.0,0.0,0.0,0.0,0.0,0.0,0.0,0.0,0.0,0.0,0.0,0.0,0.0,0.0,0.0,0.0,0.0,0.0,0.0,0.0,0.0,0.0,0.0,0.0,0.0,0.0,0.0,0.0,0.0,0.0,0.0,0.0,0.0,0.0,0.0,0.0,0.0,0.0,0.0,0.0,0.0,0.0,0.0,0.0,0.0,0.0,0.0,0.0,0.0,0.0,0.0,0.0,0.0,0.0,0.0,0.0,0.0,0.0,0.0,0.0,0.0,0.0,0.0,0.0,0.0,0.0,0.0,0.0,0.0,0.0,0.0,0.0,0.0,0.0,0.0,0.0,0.0,0.0,0.0,0.0,0.0,0.0,0.0,0.0,0.0,0.0,0.0,0.0,0.0,0.0,0.0,0.0,0.0,0.0,0.0,0.0,0.0,0.0,0.0,0.0,0.0,0.0,0.0,0.0,0.0,0.0,0.0,0.0,0.0,0.0,0.0,0.0,0.0,0.0,0.0,0.0,0.0,0.0,0.0,0.0,0.0,0.0,0.0,0.0,0.0,0.0,0.0,0.0,0.0,0.0,0.0,0.0,0.0,0.0,0.0,0.0,0.0,0.0,0.0,0.0,0.0,0.0,0.0,0.0,0.0,0.0,0.0,0.0,0.0,0.0,0.0,0.0,0.0,0.0,0.0,0.0,0.0,0.0,0.0,0.0,0.0,0.0,0.0,0.0,0.0,0.0,0.0,0.0,0.0,0.0,0.0,0.0,0.0,0.0,0.0,0.0,0.0,0.0,0.0,0.0,0.0,0.0,0.0,0.0,0.0,0.0,0.0,0.0,0.0,0.0,0.0,0.0,0.0,0.0,0.0,0.0,0.0,0.0,0.0,0.0,0.0,0.0,0.0,0.0,0.0,0.0,0.0,0.0,0.0,0.0,0.0,0.0,0.0,0.0,0.0,0.0,0.0,0.0,0.0,0.0,0.0,0.0,0.0,0.0,0.0,0.0,0.0,0.0,0.0,0.0,0.0,0.0,0.0,0.0,0.0,0.0,0.0,0.0,0.0,0.0,0.0,0.0,0.0,0.0,0.0,0.0,0.0,0.0,0.0,0.0,0.02571242149072087,7.765216069395945e-9,-4.267401078601756e-8,3.431732911781826e-12,-1.4242927230066361e-8,1.1977463913946606e-9,0.00018925557868313878,-8.02264767681461e-13,0.0006113515343640827,1.611175141325236e-7,4.6665692313816725e-7,-7.448031598302254e-10,-0.0004102550857351943,-0.004968972732621375,0.00035441108500013535,5.299862939381927e-12,1.794894075903112e-5,3.472419319535131e-10,-0.0027469722834420718,-1.4379411153545662e-9,-9.252420986567354e-5,-7.087509746744299e-6,-1.2603946536823176e-9,7.210738883523619e-7,-1.1887231386337213e-8,-3.0824737236489067e-10,3.1898109472165837e-7,-6.256735984614766e-7,-0.0012756427909003025,1.462434417209661e-11,6.804338426742163e-13,7.506525423830904e-5,-2.9457781883169124e-8,-7.796597297974263e-11,-6.15505976168933e-8,-1.1034033848729416e-9,0.0002688811718896961,6.458851383236213e-8,-0.00012707509747586344,5.556408803314794e-6,4.945894688553072e-12,-0.00021017180135520243,1.5734426553040023e-10,-6.78345510483442e-13,-4.266436095179918e-8,0.00020573354815086814,-0.0015587235209003525,-5.491773194602617e-11,-1.2968491064222284e-10,-0.0004100844773032259,-0.0008096244942555994,-0.003108566157127473,0.0007005161521386023,-5.271035350683998e-6,-4.314302257951941e-12,5.236276092499562e-7,-1.4021887275320415e-11,-0.00012533288162779288,-4.3420107297992695e-7,4.3365083035927745e-5,-3.2748519126275914e-5,-6.8233716955410765e-12,-1.4034407836208942e-8,0.0031104015216282294,-1.6643775146212693e-5,3.6655037868208615e-9,9.64683616496337e-9,0.00046879698285259543,-3.717710621476531e-11,-5.233390808853219e-11,0.0001694629822293213,-1.3599431567660241e-5,-8.864510254564409e-6,-2.0356362143048947e-5,0.00032925509096026523,-5.873617463402534e-9,6.335978170580636e-6,4.416757509711852e-14,2.4042360425570073e-11,3.619449563874057e-9,9.969807116110054e-12,8.14945689801368e-6,0.0014918583773886438,1.994971416695905e-5,-1.6307433487191982e-9,9.714731225869854e-8,-7.20506074761413e-10,-2.3355293145814944e-13,0.004615068492027215,1.6373869014307344e-7,-7.372448477978302e-5,9.038767665530484e-5,-0.0006154866585045124,0.00023157799909471536,1.693127973474368e-10,-0.0027528908912706953,-1.2793366296451897e-8,4.1851472639807594e-8,-7.961585778537022e-11,0.00011313809926836867,-1.916057986599336e-11,2.9114367673883047e-6,6.27033227225962e-10,7.862952563285342e-12,-3.3992815695693934e-11,-1.0671501481532009e-5,6.62824026613071e-6,-0.00010929703295680315,-2.2627748848144954e-5,-3.947022643013228e-6,8.727380219718933e-9,-3.407975795160644e-5,1.9962348112742595e-8,-8.207432265930104e-10,3.282968981878472e-9,8.968932641498732e-13,-1.9704624528788839e-7,-9.911574481570077e-11,-9.552815299025345e-6,7.449670759939895e-8,-1.8008152589156336e-9,-6.282168317982808e-7,5.695318108914041e-11,-3.6987912227932406e-12,3.9215377730520533e-11,-0.00012839393451374487,-2.038607524387218e-9,0.00047796376079912035,8.063311265815867e-7,-3.3276164251503124e-13,-0.00013781331665638352,-0.00047903896118189703,1.3608261101676766e-7,2.757628719583236e-5,-8.376664473331045e-8,9.543321685646899e-11,-0.0015230383411814622,-4.9547167503970375e-6,4.651849189800757e-6,3.766584805629545e-9,-1.4374137211946933e-5,-2.039502804511519e-13,0.0002504480060645199,-1.4487699324601698e-5,1.3246634779123247e-8,0.002216842535436555,-9.330999844317817e-12,0.0039001779016032885,-5.0405950645065154e-11,-7.59949511353957e-11,8.163180727032863e-13,-0.0034444564516612295,-0.0003163155817603461,-1.7585450631360025e-5,9.862171092480701e-6,1.6561670211582645e-13,-0.002594286078563124,0.002967541876909335,2.426422578418409e-7,4.993609777238065e-10,-0.001277406799806295,1.4026799907287583e-5,-6.7949438163332715e-6,-7.41323364023808e-9,-7.830001979050414e-9,0.0004127620631339241,6.762214051945681e-5,6.000239294678587e-10,3.297849851093509e-8,2.561129017406097e-6,0.0002796498743686418,2.2291696105504086e-6,-7.585165604403044e-11,-4.019246327331721e-6,-0.0006887047043968036,0.0012655710486690784,1.2170688091559942e-11,-5.287988904528684e-11,1.6520356662845182e-8,1.0785835756127995e-9,3.028746852411489e-9,7.323318353792999e-9,0.0021697991883340233,0.0002925470956290013,5.396505470937987e-12,1.557159586516667e-7,-2.0758049632462718e-5
0.0,0.0,0.0,0.0,0.0,0.0,0.0,0.0,0.0,0.0,0.0,0.0,0.0,0.0,0.0,0.0,0.0,0.0,0.0,0.0,0.0,0.0,0.0,0.0,0.0,0.0,0.0,0.0,0.0,0.0,0.0,0.0,0.0,0.0,0.0,0.0,0.0,0.0,0.0,0.0,0.0,0.0,0.0,0.0,0.0,0.0,0.0,0.0,0.0,0.0,0.0,0.0,0.0,0.0,0.0,0.0,0.0,0.0,0.0,0.0,0.0,0.0,0.0,0.0,0.0,0.0,0.0,0.0,0.0,0.0,0.0,0.0,0.0,0.0,0.0,0.0,0.0,0.0,0.0,0.0,0.0,0.0,0.0,0.0,0.0,0.0,0.0,0.0,0.0,0.0,0.0,0.0,0.0,0.0,0.0,0.0,0.0,0.0,0.0,0.0,0.0,0.0,0.0,0.0,0.0,0.0,0.0,0.0,0.0,0.0,0.0,0.0,0.0,0.0,0.0,0.0,0.0,0.0,0.0,0.0,0.0,0.0,0.0,0.0,0.0,0.0,0.0,0.0,0.0,0.0,0.0,0.0,0.0,0.0,0.0,0.0,0.0,0.0,0.0,0.0,0.0,0.0,0.0,0.0,0.0,0.0,0.0,0.0,0.0,0.0,0.0,0.0,0.0,0.0,0.0,0.0,0.0,0.0,0.0,0.0,0.0,0.0,0.0,0.0,0.0,0.0,0.0,0.0,0.0,0.0,0.0,0.0,0.0,0.0,0.0,0.0,0.0,0.0,0.0,0.0,0.0,0.0,0.0,0.0,0.0,0.0,0.0,0.0,0.0,0.0,0.0,0.0,0.0,0.0,0.0,0.0,0.0,0.0,0.0,0.0,0.0,0.0,0.0,0.0,0.0,0.0,0.0,0.0,0.0,0.0,0.0,0.0,0.0,0.0,0.0,0.0,0.0,0.0,0.0,0.0,0.0,0.0,0.0,0.0,0.0,0.0,0.0,0.0,0.0,0.0,0.0,0.0,0.0,0.0,0.0,0.0,0.0,0.0,0.0,0.0,0.0,0.0,0.0,0.0,0.0,0.0,0.0,0.0,0.0,0.0,0.0,0.0,0.0,0.0,0.0,0.0,0.0,0.0,0.0,0.0,0.0,0.0,0.0,0.0,0.0,0.0,0.0,0.0,0.0,0.0,0.0,0.0,0.0,0.0,0.0,0.0,0.0,0.0,0.0,0.0,0.0,0.0,0.0,0.0,0.0,0.0,0.0,0.0,0.0,0.0,0.0,0.0,0.0,0.0,0.0,0.0,0.0,0.0,0.0,0.0,0.0,0.0,0.0,0.0,0.0,0.0,0.0,0.0,0.0,0.0,0.0,0.0,0.0,0.0,0.0,0.0,0.0,0.0,0.0,0.0,0.0,0.0,0.0,0.0,0.0,0.0,0.0,0.0,0.0,0.0,0.0,0.0,0.0,0.0,0.0,0.0,0.0,0.0,0.0,0.0,0.0,0.0,0.0,0.0,0.0,0.0,0.0,0.0,0.0,0.0,0.0,0.0,0.0,0.0,0.0,0.0,0.0,0.0,0.0,0.0,0.0,0.0,0.0,0.0,0.0,0.0,0.0,0.0,0.0,0.0,0.0,0.0,0.0,0.0,0.0,0.0,0.0,0.0,0.0,0.0,0.0,0.0,0.0,0.0,0.0,0.0,0.0,0.0,0.0,0.0,0.0,0.0,0.0,0.0,0.0,0.0,0.0,0.0,0.0,0.0,0.0,0.0,0.0,0.0,0.0,0.0,0.0,0.0,0.0,0.0,0.0,0.0,0.0,0.0,0.0,0.0,0.0,0.0,0.0,0.0,0.0,0.0,0.0,0.0,0.0,0.0,0.0,0.0,0.0,0.0,0.0,0.0,0.0,0.0,0.0,0.0,0.0,0.0,0.0,0.0,0.0,0.0,0.0,0.0,0.0,0.0,0.0,0.0,0.0,0.0,0.0,0.0,0.0,0.0,0.0,0.0,0.0,0.0,0.0,0.0,0.0,0.0,0.0,0.0,0.0,0.0,0.0,0.0,0.0,0.0,0.0,0.0,0.0,0.0,0.0,0.0,0.0,0.0,0.0,0.0,0.0,0.0,0.0,0.0,0.0,0.0,0.0,0.0,0.0,0.0,0.0,0.0,0.0,0.0,0.0,0.0,0.0,0.0,0.0,0.0,0.0,0.0,0.0,0.0,0.0,0.0,0.0,0.0,0.0,0.0,0.0,0.0,0.0,0.0,0.0,0.0,0.0,0.0,0.0,0.0,0.0,0.0,0.0,0.0,0.0,0.0,0.0,0.0,0.0,0.0,0.0,0.0,0.0,0.0,0.0,0.0,0.0,0.0,0.0,0.0,0.0,0.0,0.0,0.0,0.0,0.0,0.0,0.0,0.0,0.0,0.0,0.0,0.0,0.0,0.0,0.0,0.0,0.0,0.0,0.0,0.0,0.0,0.0,0.0,0.0,0.0,0.0,0.0,0.0,0.0,0.0,0.0,0.0,0.0,0.0,0.0,0.0,0.0,0.0,0.0,0.0,0.0,0.0,0.0,0.0,0.0,0.0,0.0,0.0,0.0,0.0,0.0,0.0,0.0,0.0,0.0,0.0,0.0,0.0,0.0,0.0,0.0,0.0,0.0,0.0,0.0,0.0,0.0,0.0,0.0,0.0,0.0,0.0,0.0343203897249575,0.004679089542460521,8.594102767376819e-7,-8.154168694405144e-7,0.001306496952713144,-1.5521880143680663e-8,7.870367073630807e-8,5.4335899401537334e-8,-2.087896077520095e-5,-2.9684733861481213e-5,-0.0002819028073692471,-1.7236011204957551e-7,-1.0298262590040223e-8,1.498401043247264e-7,-2.2694249575998157e-5,-2.823936650725155e-12,0.0026629416177825476,-1.55944081893182e-9,0.0007250954443624244,-1.1604585564261684e-9,-4.641828804167398e-12,-0.0007230286377819571,2.1813142448821473e-6,-0.006372662835915108,-0.002739642719651193,-7.387188385288647e-5,-0.0005575646148960158,1.6822032736551506e-9,-6.173934078877678e-5,0.00048795059250806097,-1.7387988085561137e-6,-0.00022243516986168802,-4.4990955567026454e-5,-9.204008032398216e-6,-0.0027400147987802787,-1.138227409545388e-7,-0.0006159863385296245,5.419392848560066e-10,-1.2664238538210319e-5,-1.0256523401248752e-5,1.2803891281668084e-10,0.0003131770451778789,-3.41303057216017e-7,0.0001041083547495376,-2.0742127160955984e-11,-9.613674836862046e-11,-0.0001121104537411497,0.0005071034607415901,-9.963529376230041e-8,7.793433095400445e-11,4.831686622044475e-10,-2.230538774864844e-9,3.6904403236990962e-6,-1.365856708036751e-5,-2.9411667538697103e-5,-2.0146178645235747e-5,4.134838390130184e-11,0.00015096244674834815,-3.055124180695889e-8,1.4656669105517685e-7,0.00012188438641049803,-2.0565221887957505e-5,-2.771084666197927e-9,1.5164364178746084e-6,0.00015033701073136798,-2.0865785134149152e-6,5.3838301351860556e-9,3.941229913939814e-5,0.0008908153748253142,4.299761164661238e-8,3.824966562551939e-6,1.0863049055072983e-5,1.0279614521483314e-6,-1.1719012384491346e-10,0.0037036382660019748,-8.06035693338623e-7,6.461957348285548e-7,-0.00017417728327480167,0.0012336924845485688,-1.823790551625773e-5,3.7224347411560666e-7,-7.453924472300383e-10,-2.888105605828484e-12,-0.0006932971059859999,-0.0006149610495046221,-0.0002584853910266281,2.375471921897659e-7,4.435190670620044e-10,4.1752181276324114e-5,7.539727418390115e-12,-2.9621545199759226e-7,2.2376711031937724e-8,-1.2768242408927636e-10,6.031067276021176e-5,2.4212682571280624e-9,-0.004095343301887542,-0.002897790213607618,0.0003554946158324401,-6.391551750935647e-11,-3.925137299390922e-5,-2.155595574330181e-5,-0.0014766970138647617,1.689246019394839e-5,-4.917730752120106e-5,2.268469399015117e-6,2.1901632987697094e-7,1.4154452010975593e-11,4.192368150287831e-12,-6.031757314372706e-12,0.017390360185305775,8.693298525873385e-11,-0.0009293094446892863,-0.001003055442783059,-0.0016369695980281169,-1.6650038611843633e-5,-4.480592351995374e-5,-0.00010778202347617278,3.665816983789789e-12,0.001908791544359874,0.009356698831593322,-8.297496025072978e-5,1.2011962528175902e-5,-4.283205787861025e-5,5.971841011390026e-6,1.2243162569107053e-11,-0.001074544989131793,2.052894059996615e-9,-0.00015753931523768404,-3.9142692987859485e-6,7.359121791390679e-8,-2.7091298970647687e-9,0.00019527870354119642,1.0243757318872873e-10,-6.117223401713418e-5,-0.0003831881054218212,2.0741627840533738e-8,5.505057180143455e-6,-1.021961655105288e-6,0.0034197701803175755,-7.86632137623442e-6,-1.6537292734274473e-6,-2.4992684437535044e-11,-1.3768885529389414e-6,0.000175999799077004,-4.67121180421602e-8,-1.894962296602931e-5,-8.513015204284127e-10,6.190410810362385e-6,-0.000397473286578108,-5.15014260264402e-7,-1.4322422179772878e-9,-4.468866233981741e-8,3.6598140343167454e-6,-4.6137259284704945e-7,-4.924583956912586e-6,-8.9836693180239e-9,-4.3946647727831007e-10,-0.0002705323151442982,-0.003819089474396891,3.111924655979394e-10,-4.685966039439449e-6,6.215465629210239e-6,-0.003035826787827883,-0.0008138320657071258,-1.915795024320785e-10,1.264487094129413e-11,0.0010279849513520588,-0.0013578001265720254,3.6374559863218903e-5,6.023864052117873e-9,-8.924445893103258e-6,0.0007872121304066166,-5.980497686161113e-6,1.2242045887532402e-8,-9.43683457395487e-8,6.591911193987886e-6,0.0005064426154636134,-0.00082189506793196,-0.0032732701950452915,0.004526535668501948,-0.0008794667744831722,-7.794429891382341e-10,-2.362888735234593e-10,-2.17441819509954e-7,-0.00044322922367070507,-1.9035383820481022e-13
0.0,0.0,0.0,0.0,0.0,0.0,0.0,0.0,0.0,0.0,0.0,0.0,0.0,0.0,0.0,0.0,0.0,0.0,0.0,0.0,0.0,0.0,0.0,0.0,0.0,0.0,0.0,0.0,0.0,0.0,0.0,0.0,0.0,0.0,0.0,0.0,0.0,0.0,0.0,0.0,0.0,0.0,0.0,0.0,0.0,0.0,0.0,0.0,0.0,0.0,0.0,0.0,0.0,0.0,0.0,0.0,0.0,0.0,0.0,0.0,0.0,0.0,0.0,0.0,0.0,0.0,0.0,0.0,0.0,0.0,0.0,0.0,0.0,0.0,0.0,0.0,0.0,0.0,0.0,0.0,0.0,0.0,0.0,0.0,0.0,0.0,0.0,0.0,0.0,0.0,0.0,0.0,0.0,0.0,0.0,0.0,0.0,0.0,0.0,0.0,0.0,0.0,0.0,0.0,0.0,0.0,0.0,0.0,0.0,0.0,0.0,0.0,0.0,0.0,0.0,0.0,0.0,0.0,0.0,0.0,0.0,0.0,0.0,0.0,0.0,0.0,0.0,0.0,0.0,0.0,0.0,0.0,0.0,0.0,0.0,0.0,0.0,0.0,0.0,0.0,0.0,0.0,0.0,0.0,0.0,0.0,0.0,0.0,0.0,0.0,0.0,0.0,0.0,0.0,0.0,0.0,0.0,0.0,0.0,0.0,0.0,0.0,0.0,0.0,0.0,0.0,0.0,0.0,0.0,0.0,0.0,0.0,0.0,0.0,0.0,0.0,0.0,0.0,0.0,0.0,0.0,0.0,0.0,0.0,0.0,0.0,0.0,0.0,0.0,0.0,0.0,0.0,0.0,0.0,0.0,0.0,0.0,0.0,0.0,0.0,0.0,0.0,0.0,0.0,0.0,0.0,0.0,0.0,0.0,0.0,0.0,0.0,0.0,0.0,0.0,0.0,0.0,0.0,0.0,0.0,0.0,0.0,0.0,0.0,0.0,0.0,0.0,0.0,0.0,0.0,0.0,0.0,0.0,0.0,0.0,0.0,0.0,0.0,0.0,0.0,0.0,0.0,0.0,0.0,0.0,0.0,0.0,0.0,0.0,0.0,0.0,0.0,0.0,0.0,0.0,0.0,0.0,0.0,0.0,0.0,0.0,0.0,0.0,0.0,0.0,0.0,0.0,0.0,0.0,0.0,0.0,0.0,0.0,0.0,0.0,0.0,0.0,0.0,0.0,0.0,0.0,0.0,0.0,0.0,0.0,0.0,0.0,0.0,0.0,0.0,0.0,0.0,0.0,0.0,0.0,0.0,0.0,0.0,0.0,0.0,0.0,0.0,0.0,0.0,0.0,0.0,0.0,0.0,0.0,0.0,0.0,0.0,0.0,0.0,0.0,0.0,0.0,0.0,0.0,0.0,0.0,0.0,0.0,0.0,0.0,0.0,0.0,0.0,0.0,0.0,0.0,0.0,0.0,0.0,0.0,0.0,0.0,0.0,0.0,0.0,0.0,0.0,0.0,0.0,0.0,0.0,0.0,0.0,0.0,0.0,0.0,0.0,0.0,0.0,0.0,0.0,0.0,0.0,0.0,0.0,0.0,0.0,0.0,0.0,0.0,0.0,0.0,0.0,0.0,0.0,0.0,0.0,0.0,0.0,0.0,0.0,0.0,0.0,0.0,0.0,0.0,0.0,0.0,0.0,0.0,0.0,0.0,0.0,0.0,0.0,0.0,0.0,0.0,0.0,0.0,0.0,0.0,0.0,0.0,0.0,0.0,0.0,0.0,0.0,0.0,0.0,0.0,0.0,0.0,0.0,0.0,0.0,0.0,0.0,0.0,0.0,0.0,0.0,0.0,0.0,0.0,0.0,0.0,0.0,0.0,0.0,0.0,0.0,0.0,0.0,0.0,0.0,0.0,0.0,0.0,0.0,0.0,0.0,0.0,0.0,0.0,0.0,0.0,0.0,0.0,0.0,0.0,0.0,0.0,0.0,0.0,0.0,0.0,0.0,0.0,0.0,0.0,0.0,0.0,0.0,0.0,0.0,0.0,0.0,0.0,0.0,0.0,0.0,0.0,0.0,0.0,0.0,0.0,0.0,0.0,0.0,0.0,0.0,0.0,0.0,0.0,0.0,0.0,0.0,0.0,0.0,0.0,0.0,0.0,0.0,0.0,0.0,0.0,0.0,0.0,0.0,0.0,0.0,0.0,0.0,0.0,0.0,0.0,0.0,0.0,0.0,0.0,0.0,0.0,0.0,0.0,0.0,0.0,0.0,0.0,0.0,0.0,0.0,0.0,0.0,0.0,0.0,0.0,0.0,0.0,0.0,0.0,0.0,0.0,0.0,0.0,0.0,0.0,0.0,0.0,0.0,0.0,0.0,0.0,0.0,0.0,0.0,0.0,0.0,0.0,0.0,0.0,0.0,0.0,0.0,0.0,0.0,0.0,0.0,0.0,0.0,0.0,0.0,0.0,0.0,0.0,0.0,0.0,0.0,0.0,0.0,0.0,0.0,0.0,0.0,0.0,0.0,0.0,0.0,0.0,0.0,0.0,0.0,0.0,0.0,0.0,0.0,0.0,0.0,0.0,0.0,0.0,0.0,0.0,0.0,0.0,0.0,0.0,0.0,0.0,0.0,0.0,0.0,0.0,0.0,0.0,0.0,0.0,0.0,0.0,0.0,0.0,0.0,0.0,0.0,0.0,0.0,0.0,0.0,0.03334694221460839,-9.742522365251043e-8,0.00607938569262491,-2.2177816778899325e-5,-7.471581675865599e-8,1.470433003500033e-7,6.530970856193118e-8,-0.00014686945496404828,-0.00015042360477055043,-0.000452417901236183,3.855801583513568e-6,1.0546354227546756e-7,-8.716732652713794e-7,5.702566030182773e-7,3.369040053654492e-11,-9.285804704734794e-5,-3.3981741803854377e-9,0.0003674951693470469,-2.803917087948633e-9,-2.2521505796167343e-11,-0.00011935960476422513,1.3303080957372135e-5,0.002765827149872672,0.0006758596605502377,0.004679233945867748,-0.0014646066269187455,3.5998557610421592e-9,1.1067768588203377e-6,-2.148922496788396e-5,-1.4375874581161283e-5,-0.00125894033747421,-3.89638831960452e-5,-7.203023593978634e-5,-0.0001250720605620579,-7.923032075641383e-7,-0.001482091954444837,7.904914184375805e-10,-8.062288137173562e-5,-3.2270353040306094e-7,-4.6498164954627214e-10,-5.146943856744947e-5,1.9714605144740644e-7,0.0011431249226294654,-1.5549517832630714e-10,-1.694567953969704e-9,1.7387859726459608e-5,1.715452176144512e-5,-1.2544249530304334e-8,-9.729287600932761e-11,-4.568903167972833e-9,-4.71078214001215e-7,3.094315390647054e-5,-8.442934048899435e-6,0.00013037885644161826,1.3422434567756024e-5,-1.0865246299244466e-10,0.0010609014780635464,6.843052744672758e-8,-1.966973539617134e-5,-4.4122933770719945e-6,-0.0012125672375005554,3.235184872686908e-9,1.0969899631926122e-5,0.0029031770302339653,-0.0027197034733206895,-1.3978667156751332e-9,-6.432167024485499e-7,-0.00023875380097361886,-2.137377133083756e-7,1.0202805387260436e-5,9.417388462478115e-5,5.431311590606047e-6,-1.1830351569280345e-9,-0.0006062698008272427,6.921775658691401e-6,-1.313349223340753e-7,-4.896507260135308e-6,-0.00241160046901455,-1.4976046502739885e-6,5.329962919572706e-6,8.908886418604393e-10,1.8409722999722414e-10,-0.001862320996634082,-0.0024190625160952946,0.0006910607937921301,2.6188354065326142e-8,3.85316822867162e-9,0.0001624085981930508,6.77398142020731e-10,-3.335796462551808e-7,2.3109726732475437e-7,-1.3034004431116826e-9,0.00015445462983210622,-1.9259726498070395e-7,0.002787645200983929,-0.005770785822328391,6.782093967037557e-5,2.33388717637589e-10,7.064336007871405e-6,-0.00010640090530603291,0.0021041617770213073,-8.936684949767292e-7,3.6513760141928397e-6,4.3444833043133565e-5,-3.9088479445623626e-5,-1.4065621441275447e-10,6.281425199356009e-12,2.8428451615987514e-11,0.0002896556875527092,1.9772665285126664e-10,-0.010586962467180813,0.0001843555871348773,-7.242425121602522e-5,7.8269753868295e-7,-0.0026583302821252246,-9.373884675482363e-7,-7.39279742922653e-12,-0.006732574893360633,0.0013736792018957745,0.00014530004164794386,1.272632433272819e-5,1.925230935923804e-6,3.987916026275277e-6,-1.2115284949177855e-10,-0.00010958004238231179,2.488497777089325e-7,-0.000582665311764135,-7.250747501085388e-8,4.517217746887565e-6,-5.837931543741868e-9,-0.0008435206633687984,-2.0081875229183805e-11,-0.003273766446436184,-2.1052972133069354e-5,-9.615941279079813e-8,-1.5901888088448744e-5,-1.0862508274823905e-5,-0.000529114791635201,1.4465024860978774e-6,1.3693665128989926e-9,-3.124968588440659e-9,4.423751060682361e-5,-0.0033057401389456342,-1.6249147139250245e-7,3.3352284310542933e-6,-2.307777300120882e-8,8.071689148746466e-6,3.396206231539405e-5,-4.240416418874409e-8,1.5723865059136494e-8,2.1963203394575336e-6,3.593252491067102e-5,-3.454522645668733e-5,8.634829169676802e-8,2.8765371195229787e-8,7.212862341344481e-9,-0.00029356342566658135,-0.0001624217279568688,-1.2526191540967465e-9,-4.5920300994949926e-5,8.171566191026001e-5,0.00173484259911909,-0.0007480735227354202,-2.2147582695494853e-10,1.4371189368258545e-10,-2.7940429481069015e-5,-0.008868864954513654,0.00016523512375376053,-8.564555552520298e-8,-0.00036428792079170973,0.00015514390519477369,-1.0229163565636638e-5,-1.0456890845872811e-7,-1.72329616435813e-7,1.9914858105932173e-7,2.8795855489709344e-5,-0.0019408069853634532,-8.649703872644778e-5,0.006254176815171075,-0.00034220761833915817,1.815165831414832e-9,1.81705564067398e-10,-3.201236307776212e-7,-0.0027468904152781687,3.0796082051013624e-11
0.0,0.0,0.0,0.0,0.0,0.0,0.0,0.0,0.0,0.0,0.0,0.0,0.0,0.0,0.0,0.0,0.0,0.0,0.0,0.0,0.0,0.0,0.0,0.0,0.0,0.0,0.0,0.0,0.0,0.0,0.0,0.0,0.0,0.0,0.0,0.0,0.0,0.0,0.0,0.0,0.0,0.0,0.0,0.0,0.0,0.0,0.0,0.0,0.0,0.0,0.0,0.0,0.0,0.0,0.0,0.0,0.0,0.0,0.0,0.0,0.0,0.0,0.0,0.0,0.0,0.0,0.0,0.0,0.0,0.0,0.0,0.0,0.0,0.0,0.0,0.0,0.0,0.0,0.0,0.0,0.0,0.0,0.0,0.0,0.0,0.0,0.0,0.0,0.0,0.0,0.0,0.0,0.0,0.0,0.0,0.0,0.0,0.0,0.0,0.0,0.0,0.0,0.0,0.0,0.0,0.0,0.0,0.0,0.0,0.0,0.0,0.0,0.0,0.0,0.0,0.0,0.0,0.0,0.0,0.0,0.0,0.0,0.0,0.0,0.0,0.0,0.0,0.0,0.0,0.0,0.0,0.0,0.0,0.0,0.0,0.0,0.0,0.0,0.0,0.0,0.0,0.0,0.0,0.0,0.0,0.0,0.0,0.0,0.0,0.0,0.0,0.0,0.0,0.0,0.0,0.0,0.0,0.0,0.0,0.0,0.0,0.0,0.0,0.0,0.0,0.0,0.0,0.0,0.0,0.0,0.0,0.0,0.0,0.0,0.0,0.0,0.0,0.0,0.0,0.0,0.0,0.0,0.0,0.0,0.0,0.0,0.0,0.0,0.0,0.0,0.0,0.0,0.0,0.0,0.0,0.0,0.0,0.0,0.0,0.0,0.0,0.0,0.0,0.0,0.0,0.0,0.0,0.0,0.0,0.0,0.0,0.0,0.0,0.0,0.0,0.0,0.0,0.0,0.0,0.0,0.0,0.0,0.0,0.0,0.0,0.0,0.0,0.0,0.0,0.0,0.0,0.0,0.0,0.0,0.0,0.0,0.0,0.0,0.0,0.0,0.0,0.0,0.0,0.0,0.0,0.0,0.0,0.0,0.0,0.0,0.0,0.0,0.0,0.0,0.0,0.0,0.0,0.0,0.0,0.0,0.0,0.0,0.0,0.0,0.0,0.0,0.0,0.0,0.0,0.0,0.0,0.0,0.0,0.0,0.0,0.0,0.0,0.0,0.0,0.0,0.0,0.0,0.0,0.0,0.0,0.0,0.0,0.0,0.0,0.0,0.0,0.0,0.0,0.0,0.0,0.0,0.0,0.0,0.0,0.0,0.0,0.0,0.0,0.0,0.0,0.0,0.0,0.0,0.0,0.0,0.0,0.0,0.0,0.0,0.0,0.0,0.0,0.0,0.0,0.0,0.0,0.0,0.0,0.0,0.0,0.0,0.0,0.0,0.0,0.0,0.0,0.0,0.0,0.0,0.0,0.0,0.0,0.0,0.0,0.0,0.0,0.0,0.0,0.0,0.0,0.0,0.0,0.0,0.0,0.0,0.0,0.0,0.0,0.0,0.0,0.0,0.0,0.0,0.0,0.0,0.0,0.0,0.0,0.0,0.0,0.0,0.0,0.0,0.0,0.0,0.0,0.0,0.0,0.0,0.0,0.0,0.0,0.0,0.0,0.0,0.0,0.0,0.0,0.0,0.0,0.0,0.0,0.0,0.0,0.0,0.0,0.0,0.0,0.0,0.0,0.0,0.0,0.0,0.0,0.0,0.0,0.0,0.0,0.0,0.0,0.0,0.0,0.0,0.0,0.0,0.0,0.0,0.0,0.0,0.0,0.0,0.0,0.0,0.0,0.0,0.0,0.0,0.0,0.0,0.0,0.0,0.0,0.0,0.0,0.0,0.0,0.0,0.0,0.0,0.0,0.0,0.0,0.0,0.0,0.0,0.0,0.0,0.0,0.0,0.0,0.0,0.0,0.0,0.0,0.0,0.0,0.0,0.0,0.0,0.0,0.0,0.0,0.0,0.0,0.0,0.0,0.0,0.0,0.0,0.0,0.0,0.0,0.0,0.0,0.0,0.0,0.0,0.0,0.0,0.0,0.0,0.0,0.0,0.0,0.0,0.0,0.0,0.0,0.0,0.0,0.0,0.0,0.0,0.0,0.0,0.0,0.0,0.0,0.0,0.0,0.0,0.0,0.0,0.0,0.0,0.0,0.0,0.0,0.0,0.0,0.0,0.0,0.0,0.0,0.0,0.0,0.0,0.0,0.0,0.0,0.0,0.0,0.0,0.0,0.0,0.0,0.0,0.0,0.0,0.0,0.0,0.0,0.0,0.0,0.0,0.0,0.0,0.0,0.0,0.0,0.0,0.0,0.0,0.0,0.0,0.0,0.0,0.0,0.0,0.0,0.0,0.0,0.0,0.0,0.0,0.0,0.0,0.0,0.0,0.0,0.0,0.0,0.0,0.0,0.0,0.0,0.0,0.0,0.0,0.0,0.0,0.0,0.0,0.0,0.0,0.0,0.0,0.0,0.0,0.0,0.0,0.0,0.0,0.0,0.0,0.0,0.0,0.0,0.0,0.0,0.0,0.0,0.0,0.0,0.0,0.0,0.0,0.0,0.0,0.0,0.0,0.0,0.0,0.0,0.0,0.0,0.0,0.0,0.0,0.0,0.0,0.0,0.0,0.0,0.0,0.0,0.0,0.0,0.0,0.0,0.03627852969809067,8.173756583275666e-7,3.1046289536157725e-5,3.2405834257267414e-12,-0.0045513398565707975,6.951750949328174e-11,-1.0316771440450352e-8,2.7150538094010672e-8,-4.078071644187869e-5,7.5669043172228e-11,5.047336301257041e-13,-6.600084346621715e-11,0.0022718661740571875,-2.256042582186488e-15,-1.2940151682961738e-5,1.5959078738888785e-13,6.142706402587152e-7,-5.2291200326473565e-14,1.0125293450339524e-15,-3.2962265116691364e-5,-1.107911708745128e-9,1.893000078187951e-6,6.33402831950687e-6,9.889033729481625e-8,-1.1457326506014524e-7,-2.7025409153556543e-13,0.0002890652185610415,-0.00029378168534714575,8.924565395552589e-11,-8.377723866146031e-7,-3.126189504693509e-5,9.740200897482778e-9,-1.0079245984946682e-5,-3.0572129374435168e-12,-5.858298205186195e-8,3.548515253970222e-14,-3.0696365241297893e-9,-0.000827320479199158,2.386704871974073e-14,5.0953684058776086e-5,-0.0016079708819116433,-3.180753822421748e-8,-1.6986894130048488e-14,3.252288350494099e-13,0.00012501637174933104,9.660089803988209e-5,-2.2421370970087173e-11,4.0810097005112955e-14,5.0471799430720335e-14,6.4883288964374396e-12,2.5374362491269823e-10,-6.759087356538203e-5,1.9464086677101653e-9,4.5372363727124495e-5,1.8088157162348258e-14,-6.347602913115238e-9,3.139523057531485e-11,-6.347678820027355e-11,2.8557743373341722e-5,-1.550413875508008e-8,5.4650221222502575e-15,-1.5742344046896088e-10,-5.207552452258231e-7,-6.823517150297429e-8,5.848629211894612e-13,-0.000709411874470735,2.482660852314233e-6,-4.723453762792368e-12,5.304976789849997e-10,4.538406368238965e-10,-3.3025420697526996e-10,-5.571019201632595e-14,1.5153082075462422e-6,2.0412714368156135e-11,0.001187848004702944,-5.158176679245966e-5,5.720942495952274e-8,0.000368865583757904,1.7721651894403497e-10,-1.6627094771367887e-13,3.06800154925652e-15,5.2743608554608e-7,-1.0107070401977547e-7,6.226100892778348e-6,-0.001771110512639269,-6.011285895457466e-13,9.415283933845347e-9,-4.582104140541896e-15,8.211220983473517e-12,-4.101415818864261e-12,8.150761208386302e-14,4.632432088074845e-5,-3.2291485444657786e-12,-4.572798260971999e-6,1.805156285315051e-6,3.470350089142761e-5,-1.4504567679183336e-14,9.6624706338704e-5,-2.8329660897861384e-9,-7.824163579323683e-8,0.0014350583685749736,-0.0014942269043914742,9.493104466138453e-11,2.8991969655318983e-9,8.369867377975359e-15,5.313592147425418e-16,7.012009411172443e-16,2.004190930048428e-6,-1.6289988113950637e-14,1.4943707111435666e-7,5.914061199555001e-6,8.815958711184035e-6,0.0006089536452501034,-2.7534927793518985e-8,1.5981163266344066e-5,1.3529493556111273e-15,1.1166557267328338e-6,-5.743305808581367e-6,-1.884027295491226e-8,0.00018212541668045858,-2.5858632536695347e-5,0.00033414423651606165,6.945935578883782e-15,2.8392416167335577e-6,-5.863929940835093e-12,3.310644035974983e-8,-0.00030241373049990744,6.520140203917202e-11,-2.345157541087097e-12,1.3112641806019663e-7,1.9741330704649955e-15,3.0956210921431474e-7,-4.704503732349584e-5,-8.216774361671713e-12,1.7571405203498375e-9,2.5631876146671495e-10,-2.343391132265209e-6,-2.0273282266702684e-9,0.0014730793675418754,1.5839475796534198e-14,9.476181303986374e-10,-2.606713072025555e-7,-6.934229592481534e-12,-5.2352401768328556e-5,-1.1735023261518126e-13,-0.00012411396645779847,1.0345233338147197e-5,0.0004064758297384744,9.98972899283561e-13,2.8453736526056048e-11,-4.479893808855758e-10,8.234323974388526e-10,6.306019200891817e-5,2.077568283603288e-12,-3.25568882635417e-13,9.517987814085921e-8,-1.4790185546484065e-5,5.770901442367594e-15,2.7535055236236197e-10,-3.002476376796854e-9,-1.2464198164602345e-7,1.0029101192950116e-6,-1.1974259494203007e-14,-3.2055016444037393e-15,1.378955150892588e-5,2.8464753558114057e-7,3.934969426867724e-9,-2.7469841533740843e-12,1.4721278822963008e-9,9.509559795101365e-6,2.0053638372233986e-10,-8.673505192002383e-12,6.725387340907322e-12,0.0016821335687137438,2.9968087388464475e-5,8.214552987541763e-8,2.3706370791337932e-6,2.5529741063176626e-6,-9.051926991111418e-7,-3.095343189162419e-13,-5.150741020226583e-14,0.0018774337646580166,-3.05845114928578e-8,8.227131359733429e-16
0.0,0.0,0.0,0.0,0.0,0.0,0.0,0.0,0.0,0.0,0.0,0.0,0.0,0.0,0.0,0.0,0.0,0.0,0.0,0.0,0.0,0.0,0.0,0.0,0.0,0.0,0.0,0.0,0.0,0.0,0.0,0.0,0.0,0.0,0.0,0.0,0.0,0.0,0.0,0.0,0.0,0.0,0.0,0.0,0.0,0.0,0.0,0.0,0.0,0.0,0.0,0.0,0.0,0.0,0.0,0.0,0.0,0.0,0.0,0.0,0.0,0.0,0.0,0.0,0.0,0.0,0.0,0.0,0.0,0.0,0.0,0.0,0.0,0.0,0.0,0.0,0.0,0.0,0.0,0.0,0.0,0.0,0.0,0.0,0.0,0.0,0.0,0.0,0.0,0.0,0.0,0.0,0.0,0.0,0.0,0.0,0.0,0.0,0.0,0.0,0.0,0.0,0.0,0.0,0.0,0.0,0.0,0.0,0.0,0.0,0.0,0.0,0.0,0.0,0.0,0.0,0.0,0.0,0.0,0.0,0.0,0.0,0.0,0.0,0.0,0.0,0.0,0.0,0.0,0.0,0.0,0.0,0.0,0.0,0.0,0.0,0.0,0.0,0.0,0.0,0.0,0.0,0.0,0.0,0.0,0.0,0.0,0.0,0.0,0.0,0.0,0.0,0.0,0.0,0.0,0.0,0.0,0.0,0.0,0.0,0.0,0.0,0.0,0.0,0.0,0.0,0.0,0.0,0.0,0.0,0.0,0.0,0.0,0.0,0.0,0.0,0.0,0.0,0.0,0.0,0.0,0.0,0.0,0.0,0.0,0.0,0.0,0.0,0.0,0.0,0.0,0.0,0.0,0.0,0.0,0.0,0.0,0.0,0.0,0.0,0.0,0.0,0.0,0.0,0.0,0.0,0.0,0.0,0.0,0.0,0.0,0.0,0.0,0.0,0.0,0.0,0.0,0.0,0.0,0.0,0.0,0.0,0.0,0.0,0.0,0.0,0.0,0.0,0.0,0.0,0.0,0.0,0.0,0.0,0.0,0.0,0.0,0.0,0.0,0.0,0.0,0.0,0.0,0.0,0.0,0.0,0.0,0.0,0.0,0.0,0.0,0.0,0.0,0.0,0.0,0.0,0.0,0.0,0.0,0.0,0.0,0.0,0.0,0.0,0.0,0.0,0.0,0.0,0.0,0.0,0.0,0.0,0.0,0.0,0.0,0.0,0.0,0.0,0.0,0.0,0.0,0.0,0.0,0.0,0.0,0.0,0.0,0.0,0.0,0.0,0.0,0.0,0.0,0.0,0.0,0.0,0.0,0.0,0.0,0.0,0.0,0.0,0.0,0.0,0.0,0.0,0.0,0.0,0.0,0.0,0.0,0.0,0.0,0.0,0.0,0.0,0.0,0.0,0.0,0.0,0.0,0.0,0.0,0.0,0.0,0.0,0.0,0.0,0.0,0.0,0.0,0.0,0.0,0.0,0.0,0.0,0.0,0.0,0.0,0.0,0.0,0.0,0.0,0.0,0.0,0.0,0.0,0.0,0.0,0.0,0.0,0.0,0.0,0.0,0.0,0.0,0.0,0.0,0.0,0.0,0.0,0.0,0.0,0.0,0.0,0.0,0.0,0.0,0.0,0.0,0.0,0.0,0.0,0.0,0.0,0.0,0.0,0.0,0.0,0.0,0.0,0.0,0.0,0.0,0.0,0.0,0.0,0.0,0.0,0.0,0.0,0.0,0.0,0.0,0.0,0.0,0.0,0.0,0.0,0.0,0.0,0.0,0.0,0.0,0.0,0.0,0.0,0.0,0.0,0.0,0.0,0.0,0.0,0.0,0.0,0.0,0.0,0.0,0.0,0.0,0.0,0.0,0.0,0.0,0.0,0.0,0.0,0.0,0.0,0.0,0.0,0.0,0.0,0.0,0.0,0.0,0.0,0.0,0.0,0.0,0.0,0.0,0.0,0.0,0.0,0.0,0.0,0.0,0.0,0.0,0.0,0.0,0.0,0.0,0.0,0.0,0.0,0.0,0.0,0.0,0.0,0.0,0.0,0.0,0.0,0.0,0.0,0.0,0.0,0.0,0.0,0.0,0.0,0.0,0.0,0.0,0.0,0.0,0.0,0.0,0.0,0.0,0.0,0.0,0.0,0.0,0.0,0.0,0.0,0.0,0.0,0.0,0.0,0.0,0.0,0.0,0.0,0.0,0.0,0.0,0.0,0.0,0.0,0.0,0.0,0.0,0.0,0.0,0.0,0.0,0.0,0.0,0.0,0.0,0.0,0.0,0.0,0.0,0.0,0.0,0.0,0.0,0.0,0.0,0.0,0.0,0.0,0.0,0.0,0.0,0.0,0.0,0.0,0.0,0.0,0.0,0.0,0.0,0.0,0.0,0.0,0.0,0.0,0.0,0.0,0.0,0.0,0.0,0.0,0.0,0.0,0.0,0.0,0.0,0.0,0.0,0.0,0.0,0.0,0.0,0.0,0.0,0.0,0.0,0.0,0.0,0.0,0.0,0.0,0.0,0.0,0.0,0.0,0.0,0.0,0.0,0.0,0.0,0.0,0.0,0.0,0.0,0.0,0.0,0.0,0.0,0.0,0.0,0.0,0.0,0.0,0.0,0.0,0.0,0.0,0.0,0.0,0.0,0.0,0.0,0.0,0.0,0.0,0.0,0.0,0.0,0.0,0.0,0.0,0.0,0.0,0.0,0.0,0.0,0.0,0.0,0.027466852221686683,-0.00047142224725351534,2.3141982292231902e-10,5.114679196183629e-7,-1.164831067527837e-6,-7.123436477545408e-6,4.193046217350371e-5,-0.0009976303686513527,-7.968692444164288e-7,6.46024234922686e-8,-3.9863385915888637e-7,6.156489140595961e-8,-9.372583502636857e-12,0.00032627742305460625,-7.004824991470359e-10,0.0007594410957026374,-3.781718208777399e-9,2.082477394509968e-12,-2.8867943519775195e-5,-3.265866906757731e-5,0.008012661966135318,0.0002827660214508448,-0.0015416288770735353,0.0011872362045466057,1.3381208053725327e-9,-1.1683316016805887e-5,4.0143052415960046e-5,-1.0460751639290862e-5,0.0002111026196591564,-8.47890048716886e-5,-3.277642131559198e-5,0.0027509424438074536,-6.821340451286005e-7,-0.0026172641867540617,-9.517149697401365e-10,-2.495981484111941e-5,-6.002385939391738e-6,-1.0695970473707455e-11,-8.752952711926758e-5,-5.320637472877664e-7,0.0004021773753475982,9.520042465629772e-11,-2.4942244586559197e-10,1.5147096909429192e-5,0.00016038807280970905,1.2374498785435325e-7,-3.920501126530345e-10,-5.296455468586415e-10,2.8725952067463977e-7,-6.953377750290718e-6,-2.148468170432628e-5,4.0428154351203476e-5,6.51472001219634e-5,-7.633352832213435e-11,-0.0006108863772689181,2.6748792332674013e-8,1.164646771482905e-5,1.5095066514376831e-5,0.0005242161280215665,-1.1258157851967221e-8,3.4877245435059144e-6,-0.004419721105118668,-0.0008421932762619034,-2.1819178551589985e-9,1.5773123628418496e-5,-0.00015362409805445818,1.3227220986396236e-7,4.795235533158281e-6,3.6509453367820986e-5,7.333298624888579e-7,3.213264264454218e-10,-0.005444713483960746,-5.981979016155774e-7,3.318665670874285e-8,-5.852542280332508e-5,0.002585262313704614,-1.0502723576146769e-5,-1.3142265571803023e-6,1.0139451884656599e-10,1.4292314244354204e-11,0.0007724013682482782,-0.01335755289558734,0.0007806851866296803,2.2962517527962307e-9,6.515710757572171e-9,1.775428910242485e-5,-1.7948817945982586e-10,3.03928314653571e-7,3.045060391599404e-8,8.847151851602688e-10,0.00041426947082180715,1.9538348858544736e-7,0.00036997348709366516,-0.0003514338040322347,0.00015869613195984683,-5.338949601429293e-11,-4.924064913694691e-6,7.582840851510761e-5,0.00043186072661245814,1.0086786496693035e-7,4.233757973549293e-6,-4.9038056798060276e-6,-1.3172878446500993e-6,-3.0056152134461587e-13,-5.165786948794463e-12,-8.369568210575064e-12,0.004699404152370374,-4.017534249269736e-10,0.005263702390806932,0.000109558678836158,-0.0009489400975254824,-8.060171248681309e-7,0.0011860208338014741,-1.897614387575437e-5,2.4710783455633124e-12,0.002741137008335895,0.003059256208700208,-1.6235473802095193e-5,2.6209052176871533e-5,-8.608860804992165e-6,3.147380476869189e-5,-2.2542947078871465e-12,-0.001971956004899457,-4.194161962294709e-7,9.62772294019965e-6,-2.1964704370750262e-6,-4.368899077368092e-8,1.209856864654514e-8,0.0010771309426825253,-1.4540700931952523e-10,0.003615144679888487,-0.00013190364276539245,5.309287351853496e-8,3.212485330110374e-5,5.69836947685417e-7,-0.0006900555537087123,-4.895476253850827e-5,1.9503675815397897e-7,-5.130551994105068e-10,-1.5330528747089976e-5,-0.00017352736405217698,-8.5140371225141e-8,1.3529013208723048e-5,-2.096605950236467e-9,2.0845417690083666e-5,-1.885335700543766e-5,4.628305940815041e-7,-1.833956764929019e-8,-2.2741960187039548e-7,-8.444780071120896e-6,5.390577536244705e-6,6.958025157495579e-7,-2.628651100688632e-8,2.1267652189279326e-10,-0.0003031175290208876,-7.912825437404958e-5,-7.69302974336289e-10,-1.9448192251786996e-6,2.8942543996278327e-5,-0.0007054153173723365,0.002227853986656145,7.357841871088167e-10,-7.683003984661135e-11,0.0002934174563701346,-0.0007185506977788838,-2.22861374136038e-5,-6.566321473697084e-9,0.0002815081145271039,0.0006161558150224339,1.4835796738884086e-5,1.0644288659672768e-7,-2.6177741767872073e-7,-3.041000300910813e-6,1.1413898222079002e-5,-0.002311893055526728,-0.0003754082174616203,0.008300917389291274,0.0003845701148674428,-4.986606001311247e-10,-1.5869431663447437e-10,6.152689457886822e-7,0.0008702665988409634,-3.185849676300262e-11
0.0,0.0,0.0,0.0,0.0,0.0,0.0,0.0,0.0,0.0,0.0,0.0,0.0,0.0,0.0,0.0,0.0,0.0,0.0,0.0,0.0,0.0,0.0,0.0,0.0,0.0,0.0,0.0,0.0,0.0,0.0,0.0,0.0,0.0,0.0,0.0,0.0,0.0,0.0,0.0,0.0,0.0,0.0,0.0,0.0,0.0,0.0,0.0,0.0,0.0,0.0,0.0,0.0,0.0,0.0,0.0,0.0,0.0,0.0,0.0,0.0,0.0,0.0,0.0,0.0,0.0,0.0,0.0,0.0,0.0,0.0,0.0,0.0,0.0,0.0,0.0,0.0,0.0,0.0,0.0,0.0,0.0,0.0,0.0,0.0,0.0,0.0,0.0,0.0,0.0,0.0,0.0,0.0,0.0,0.0,0.0,0.0,0.0,0.0,0.0,0.0,0.0,0.0,0.0,0.0,0.0,0.0,0.0,0.0,0.0,0.0,0.0,0.0,0.0,0.0,0.0,0.0,0.0,0.0,0.0,0.0,0.0,0.0,0.0,0.0,0.0,0.0,0.0,0.0,0.0,0.0,0.0,0.0,0.0,0.0,0.0,0.0,0.0,0.0,0.0,0.0,0.0,0.0,0.0,0.0,0.0,0.0,0.0,0.0,0.0,0.0,0.0,0.0,0.0,0.0,0.0,0.0,0.0,0.0,0.0,0.0,0.0,0.0,0.0,0.0,0.0,0.0,0.0,0.0,0.0,0.0,0.0,0.0,0.0,0.0,0.0,0.0,0.0,0.0,0.0,0.0,0.0,0.0,0.0,0.0,0.0,0.0,0.0,0.0,0.0,0.0,0.0,0.0,0.0,0.0,0.0,0.0,0.0,0.0,0.0,0.0,0.0,0.0,0.0,0.0,0.0,0.0,0.0,0.0,0.0,0.0,0.0,0.0,0.0,0.0,0.0,0.0,0.0,0.0,0.0,0.0,0.0,0.0,0.0,0.0,0.0,0.0,0.0,0.0,0.0,0.0,0.0,0.0,0.0,0.0,0.0,0.0,0.0,0.0,0.0,0.0,0.0,0.0,0.0,0.0,0.0,0.0,0.0,0.0,0.0,0.0,0.0,0.0,0.0,0.0,0.0,0.0,0.0,0.0,0.0,0.0,0.0,0.0,0.0,0.0,0.0,0.0,0.0,0.0,0.0,0.0,0.0,0.0,0.0,0.0,0.0,0.0,0.0,0.0,0.0,0.0,0.0,0.0,0.0,0.0,0.0,0.0,0.0,0.0,0.0,0.0,0.0,0.0,0.0,0.0,0.0,0.0,0.0,0.0,0.0,0.0,0.0,0.0,0.0,0.0,0.0,0.0,0.0,0.0,0.0,0.0,0.0,0.0,0.0,0.0,0.0,0.0,0.0,0.0,0.0,0.0,0.0,0.0,0.0,0.0,0.0,0.0,0.0,0.0,0.0,0.0,0.0,0.0,0.0,0.0,0.0,0.0,0.0,0.0,0.0,0.0,0.0,0.0,0.0,0.0,0.0,0.0,0.0,0.0,0.0,0.0,0.0,0.0,0.0,0.0,0.0,0.0,0.0,0.0,0.0,0.0,0.0,0.0,0.0,0.0,0.0,0.0,0.0,0.0,0.0,0.0,0.0,0.0,0.0,0.0,0.0,0.0,0.0,0.0,0.0,0.0,0.0,0.0,0.0,0.0,0.0,0.0,0.0,0.0,0.0,0.0,0.0,0.0,0.0,0.0,0.0,0.0,0.0,0.0,0.0,0.0,0.0,0.0,0.0,0.0,0.0,0.0,0.0,0.0,0.0,0.0,0.0,0.0,0.0,0.0,0.0,0.0,0.0,0.0,0.0,0.0,0.0,0.0,0.0,0.0,0.0,0.0,0.0,0.0,0.0,0.0,0.0,0.0,0.0,0.0,0.0,0.0,0.0,0.0,0.0,0.0,0.0,0.0,0.0,0.0,0.0,0.0,0.0,0.0,0.0,0.0,0.0,0.0,0.0,0.0,0.0,0.0,0.0,0.0,0.0,0.0,0.0,0.0,0.0,0.0,0.0,0.0,0.0,0.0,0.0,0.0,0.0,0.0,0.0,0.0,0.0,0.0,0.0,0.0,0.0,0.0,0.0,0.0,0.0,0.0,0.0,0.0,0.0,0.0,0.0,0.0,0.0,0.0,0.0,0.0,0.0,0.0,0.0,0.0,0.0,0.0,0.0,0.0,0.0,0.0,0.0,0.0,0.0,0.0,0.0,0.0,0.0,0.0,0.0,0.0,0.0,0.0,0.0,0.0,0.0,0.0,0.0,0.0,0.0,0.0,0.0,0.0,0.0,0.0,0.0,0.0,0.0,0.0,0.0,0.0,0.0,0.0,0.0,0.0,0.0,0.0,0.0,0.0,0.0,0.0,0.0,0.0,0.0,0.0,0.0,0.0,0.0,0.0,0.0,0.0,0.0,0.0,0.0,0.0,0.0,0.0,0.0,0.0,0.0,0.0,0.0,0.0,0.0,0.0,0.0,0.0,0.0,0.0,0.0,0.0,0.0,0.0,0.0,0.0,0.0,0.0,0.0,0.0,0.0,0.0,0.0,0.0,0.0,0.0,0.0,0.0,0.0,0.0,0.0,0.0,0.0,0.0,0.0,0.0,0.0,0.0,0.0,0.0,0.0,0.0,0.0,0.0,0.0,0.0,0.0,0.0,0.0,0.0,0.0,0.0,0.0,0.0,0.02790342557333278,-1.39328905818583e-9,-1.1500407629326337e-6,-2.6912716186350917e-8,7.806710458355303e-6,-4.191698322496807e-5,0.009159917949421642,-1.1980373744775586e-7,6.616701048617723e-9,2.2361614961838145e-7,0.0002701057726193339,-3.174421255988175e-12,-0.007183037153544091,4.994440081293636e-10,-0.0022354992832401273,-1.6067262993884484e-10,1.6479457774643633e-12,-0.0010871039895350722,-3.2053237779561018e-6,0.0012025449568032213,0.006636829072944933,4.8918843121227045e-5,-3.020645422723613e-5,-2.0310528035957683e-10,0.0003119676333639799,0.00039399381546480563,-5.72478539380474e-7,2.537531335657057e-5,-0.0006409618652264572,-1.8809071337502352e-7,-0.011064832358101382,-3.514099548560317e-8,-9.894587395461265e-5,-2.1008026689760563e-10,3.1187144078965447e-6,-3.3326498352727065e-5,-8.867053279829662e-12,0.002182871106478644,-1.6515192092947912e-5,2.281488681570032e-5,-3.5650338847369942e-12,-1.5764167230814395e-10,0.0007268735721112347,0.00034021334439621073,3.1427370311979916e-8,4.049659351809983e-11,1.7798015130251963e-10,1.4978935663693427e-8,-1.0375430089158994e-6,-6.498888327952738e-5,-1.7906329394623131e-6,0.0013198482526154574,-9.134800367195017e-12,-2.987997064224493e-5,-3.730022263006278e-9,6.470433252542174e-7,0.0005233957508060285,1.0795034645044308e-6,1.380474037807104e-9,1.548556256140883e-7,-8.522912298087282e-5,-4.388547332156468e-5,-1.7341136020545618e-9,0.0001349569875078799,-0.0024567942300008573,7.459049701100839e-9,-2.2803509027212e-7,-1.9013824478769264e-7,5.2288073042431095e-8,2.5359906573044095e-11,-0.0013430972412304992,-6.519834764247576e-8,6.908603336540465e-6,0.00010881152570289109,0.0002327480220514599,-0.00011307031985242174,-1.6911769237358284e-7,2.4331148938036423e-11,-4.041604032816012e-12,0.0004270149078368029,-0.0002088678050706199,-0.0005694143648685224,-2.4736137779304223e-6,5.205587830976839e-10,-1.1193074001947336e-5,8.0837715396685e-12,1.0342211528372154e-7,1.6109572514943412e-9,1.2252775599400138e-10,-0.004296081762063069,5.3489942387354175e-9,-0.0021471064630200556,-0.0005201342269101697,-3.917047179007398e-5,-3.827343678700466e-12,-6.905025482480553e-5,2.3180470023387405e-6,0.00024125498384855004,0.00014503120397673633,2.3054006542217397e-5,2.2717012336540057e-9,-8.330695186466277e-7,2.6420463458831927e-12,1.8140414110035305e-12,2.0478097607960804e-12,-0.0002735919888581274,-3.154191136983223e-11,7.734440056736038e-5,-0.005847638934279331,-0.0029415680600290576,2.251026956160707e-5,3.4056105063018163e-6,-0.0016030764345724693,-8.62007361622032e-15,0.00014359875928033047,-0.0004790516277997097,1.4819411332306745e-5,4.651127547978352e-5,-0.0006234919945268533,0.000816637796698411,7.238087178442672e-12,-0.0009412325400807195,-8.051528205213306e-9,-8.918677058484916e-6,-2.846393117841206e-5,-6.4152684435492e-8,1.2781936136309108e-9,4.778395270206227e-5,-5.3556214761524185e-11,9.940344316594129e-5,-0.0009802681200273516,-2.675682028085791e-9,-3.0578020506264594e-6,2.508989515016699e-7,0.0075016579149448925,-2.1125560980552563e-6,-2.4751745196458886e-5,-6.021389121826207e-11,-1.1953861976405028e-6,5.163721320849118e-5,5.21695906742878e-9,0.0007348560033279164,-9.60293016802777e-11,-0.00015812639503438123,-0.0010740800730320737,2.0213312778516518e-5,-1.5056133246410466e-9,-3.819698083246574e-8,4.539530734539689e-7,9.336369732017337e-7,3.7617575376492776e-6,2.1034677486070606e-9,-1.4174841182457358e-11,1.3406675300735189e-5,-0.004669037216813889,-1.0277123067376778e-11,-2.8020433988247244e-8,7.784282777323432e-7,1.2967950048402907e-5,-0.0012191796328898908,2.346405518893959e-11,-1.921154587735253e-11,8.680096878275413e-5,0.0002926044567553707,-9.00832509534523e-7,-3.006514397146857e-9,7.4177845963148955e-6,-0.007377725147566233,1.6578595858312992e-6,-3.1946868367694278e-9,-2.1376791307522956e-9,0.0002486884266232288,0.002800672822403472,-0.0004471004891135778,0.00023133853123759752,0.0027596075022132955,-0.001677384616297561,4.159340392580166e-13,-1.7367310396437978e-11,5.542219703970909e-5,0.00010351114391622134,-9.38057814982476e-13
0.0,0.0,0.0,0.0,0.0,0.0,0.0,0.0,0.0,0.0,0.0,0.0,0.0,0.0,0.0,0.0,0.0,0.0,0.0,0.0,0.0,0.0,0.0,0.0,0.0,0.0,0.0,0.0,0.0,0.0,0.0,0.0,0.0,0.0,0.0,0.0,0.0,0.0,0.0,0.0,0.0,0.0,0.0,0.0,0.0,0.0,0.0,0.0,0.0,0.0,0.0,0.0,0.0,0.0,0.0,0.0,0.0,0.0,0.0,0.0,0.0,0.0,0.0,0.0,0.0,0.0,0.0,0.0,0.0,0.0,0.0,0.0,0.0,0.0,0.0,0.0,0.0,0.0,0.0,0.0,0.0,0.0,0.0,0.0,0.0,0.0,0.0,0.0,0.0,0.0,0.0,0.0,0.0,0.0,0.0,0.0,0.0,0.0,0.0,0.0,0.0,0.0,0.0,0.0,0.0,0.0,0.0,0.0,0.0,0.0,0.0,0.0,0.0,0.0,0.0,0.0,0.0,0.0,0.0,0.0,0.0,0.0,0.0,0.0,0.0,0.0,0.0,0.0,0.0,0.0,0.0,0.0,0.0,0.0,0.0,0.0,0.0,0.0,0.0,0.0,0.0,0.0,0.0,0.0,0.0,0.0,0.0,0.0,0.0,0.0,0.0,0.0,0.0,0.0,0.0,0.0,0.0,0.0,0.0,0.0,0.0,0.0,0.0,0.0,0.0,0.0,0.0,0.0,0.0,0.0,0.0,0.0,0.0,0.0,0.0,0.0,0.0,0.0,0.0,0.0,0.0,0.0,0.0,0.0,0.0,0.0,0.0,0.0,0.0,0.0,0.0,0.0,0.0,0.0,0.0,0.0,0.0,0.0,0.0,0.0,0.0,0.0,0.0,0.0,0.0,0.0,0.0,0.0,0.0,0.0,0.0,0.0,0.0,0.0,0.0,0.0,0.0,0.0,0.0,0.0,0.0,0.0,0.0,0.0,0.0,0.0,0.0,0.0,0.0,0.0,0.0,0.0,0.0,0.0,0.0,0.0,0.0,0.0,0.0,0.0,0.0,0.0,0.0,0.0,0.0,0.0,0.0,0.0,0.0,0.0,0.0,0.0,0.0,0.0,0.0,0.0,0.0,0.0,0.0,0.0,0.0,0.0,0.0,0.0,0.0,0.0,0.0,0.0,0.0,0.0,0.0,0.0,0.0,0.0,0.0,0.0,0.0,0.0,0.0,0.0,0.0,0.0,0.0,0.0,0.0,0.0,0.0,0.0,0.0,0.0,0.0,0.0,0.0,0.0,0.0,0.0,0.0,0.0,0.0,0.0,0.0,0.0,0.0,0.0,0.0,0.0,0.0,0.0,0.0,0.0,0.0,0.0,0.0,0.0,0.0,0.0,0.0,0.0,0.0,0.0,0.0,0.0,0.0,0.0,0.0,0.0,0.0,0.0,0.0,0.0,0.0,0.0,0.0,0.0,0.0,0.0,0.0,0.0,0.0,0.0,0.0,0.0,0.0,0.0,0.0,0.0,0.0,0.0,0.0,0.0,0.0,0.0,0.0,0.0,0.0,0.0,0.0,0.0,0.0,0.0,0.0,0.0,0.0,0.0,0.0,0.0,0.0,0.0,0.0,0.0,0.0,0.0,0.0,0.0,0.0,0.0,0.0,0.0,0.0,0.0,0.0,0.0,0.0,0.0,0.0,0.0,0.0,0.0,0.0,0.0,0.0,0.0,0.0,0.0,0.0,0.0,0.0,0.0,0.0,0.0,0.0,0.0,0.0,0.0,0.0,0.0,0.0,0.0,0.0,0.0,0.0,0.0,0.0,0.0,0.0,0.0,0.0,0.0,0.0,0.0,0.0,0.0,0.0,0.0,0.0,0.0,0.0,0.0,0.0,0.0,0.0,0.0,0.0,0.0,0.0,0.0,0.0,0.0,0.0,0.0,0.0,0.0,0.0,0.0,0.0,0.0,0.0,0.0,0.0,0.0,0.0,0.0,0.0,0.0,0.0,0.0,0.0,0.0,0.0,0.0,0.0,0.0,0.0,0.0,0.0,0.0,0.0,0.0,0.0,0.0,0.0,0.0,0.0,0.0,0.0,0.0,0.0,0.0,0.0,0.0,0.0,0.0,0.0,0.0,0.0,0.0,0.0,0.0,0.0,0.0,0.0,0.0,0.0,0.0,0.0,0.0,0.0,0.0,0.0,0.0,0.0,0.0,0.0,0.0,0.0,0.0,0.0,0.0,0.0,0.0,0.0,0.0,0.0,0.0,0.0,0.0,0.0,0.0,0.0,0.0,0.0,0.0,0.0,0.0,0.0,0.0,0.0,0.0,0.0,0.0,0.0,0.0,0.0,0.0,0.0,0.0,0.0,0.0,0.0,0.0,0.0,0.0,0.0,0.0,0.0,0.0,0.0,0.0,0.0,0.0,0.0,0.0,0.0,0.0,0.0,0.0,0.0,0.0,0.0,0.0,0.0,0.0,0.0,0.0,0.0,0.0,0.0,0.0,0.0,0.0,0.0,0.0,0.0,0.0,0.0,0.0,0.0,0.0,0.0,0.0,0.0,0.0,0.0,0.0,0.0,0.0,0.0,0.0,0.0,0.0,0.0,0.0,0.0,0.0,0.0,0.0,0.0,0.0,0.0,0.0,0.0,0.0,0.0,0.0,0.0,0.0,0.0,0.0,0.0,0.0,0.0,0.0,0.0,0.0,0.0,0.0,0.0,0.0,0.02635735753752284,-4.760784874151869e-13,0.0001063498308614937,3.972468062052582e-6,6.781060441195281e-7,-3.730384572036494e-9,0.0005597738479434652,0.005511410815152751,-0.00016081755745892803,1.4749718128275886e-11,5.103704979318752e-6,1.346101954887204e-9,0.0028973143395819244,4.733774515181304e-9,-0.00025873369974796034,-6.662043501835497e-6,-8.672280107728638e-10,-9.362493735871013e-6,1.302227076733813e-8,6.797645000727818e-9,1.4796089274151603e-7,-1.0958658248488744e-7,0.0005122548898457071,6.907641465477921e-12,8.185838784006417e-11,-2.3035096043076892e-5,-7.897876021522648e-8,-1.839702967068065e-11,2.556855647817754e-6,6.751022551087421e-9,-0.0020321595583486806,-2.9792178872534654e-7,-0.00024228078979848328,4.7433936435849766e-9,-1.004610273776704e-11,-4.4381769547390994e-5,-9.120001871240267e-12,-7.039145515860155e-13,-2.155869635361692e-6,-1.1905597594575845e-5,0.0006810378672379161,-2.6056107623542055e-11,4.386965001349925e-10,-0.0007347138156616311,-8.570544807953275e-5,6.449031048091263e-5,0.0034974237192473673,-8.45886081555185e-7,-1.5584601955150852e-11,5.733051216741093e-6,2.6025147422804027e-10,-4.216873193511774e-5,-1.8717626561398743e-8,0.0015063711944009377,9.777974495645374e-5,-2.2649237864352267e-11,-3.1329734293688845e-7,0.0010172830125669595,-2.132489381115824e-5,1.5858848091839644e-7,4.449859128343803e-8,-0.0033563548803407293,3.215843740844018e-11,6.563792340777728e-10,-0.0018949529068023818,-3.406946950533028e-5,1.3186962015207044e-5,-3.5168261181345695e-5,-5.156838549325956e-6,-6.009979880247366e-9,3.298778386587671e-5,-7.223189744235585e-13,-8.788593626750452e-11,-6.45694788376689e-8,-2.3454458200948335e-11,5.768469311631389e-5,0.00018998961876784417,-1.2935851526205185e-5,-1.9144574582699872e-8,9.315727080867096e-8,5.506497198284054e-10,-2.1240873443461878e-14,-0.002460077656635474,5.669470971674735e-7,-8.054494628792942e-5,0.0007262743631523878,-0.000771908021452901,-6.005510967670512e-5,1.0019892621315239e-9,0.003660765896380445,7.53393097746156e-9,-1.284884275824016e-7,1.1323036263425491e-9,2.186274046286159e-5,9.0555364325329e-11,3.981325732052534e-7,7.729522145119351e-9,6.607557578460472e-12,-3.8269351165296304e-11,4.21545484144245e-5,3.087338413854155e-5,-1.723848060207357e-5,-1.2766385700940523e-6,5.246671302535333e-6,2.1700486583745827e-8,9.877409747418652e-5,-2.453797750322574e-7,9.237121697602643e-11,-8.338314956534413e-9,-1.0401780624045578e-11,4.942586306215978e-7,1.347483953413063e-10,8.546498330051972e-7,9.395825902405316e-9,6.416752130404624e-9,-3.0790197035649503e-6,4.602464963133089e-11,-4.4227451453933696e-11,2.055666633488481e-10,-1.5676065828404048e-5,-1.736834673186261e-8,-0.0021977296134492795,1.798379949679156e-6,-2.3670784751339204e-12,0.00030854792431178623,-0.0036866853968678783,-6.721669084508222e-8,-1.4872835943474484e-5,3.139652206014534e-8,-4.093209754332154e-10,0.0012940006246992865,-7.935354436307865e-6,-5.781745939980669e-5,-4.5652245224294495e-10,-1.0733678861076091e-5,-1.8446191579082625e-12,0.0004985831837312369,4.053095892347152e-5,-4.930651167460012e-8,-0.0036695533187456955,-7.505358091293586e-12,0.002281308087390681,-5.913511717026668e-11,1.3057273518784946e-10,1.1456822932704939e-12,0.0011337520878130242,0.0004451377676282722,-4.305212395315271e-5,-2.0813737752868162e-7,1.1418389747216435e-12,0.002368551581403523,-0.00020093210584332946,1.0513357727678603e-6,-9.635257599648754e-10,0.00022256030181817845,1.4541831917673188e-5,-2.4636500262750824e-6,1.2821791648914188e-8,2.0899373844882023e-8,-0.00020859862437484309,2.0120781103936482e-5,-1.4137629771412157e-9,-5.5927692606438967e-8,6.697339788671347e-7,-0.0021502778103954655,2.191252870277443e-6,6.48834079156858e-10,1.164189760948146e-5,0.00022191300868564827,-0.000842338430303134,-1.4685775496794122e-12,-6.95504875160813e-11,2.248621057840453e-8,-4.5483615100739885e-9,-6.099170825100429e-9,-7.396407701928796e-9,1.1513621240617315e-5,6.213524026165088e-5,3.8001438117684e-12,8.644255220747323e-8,-3.12982994957617e-7
0.0,0.0,0.0,0.0,0.0,0.0,0.0,0.0,0.0,0.0,0.0,0.0,0.0,0.0,0.0,0.0,0.0,0.0,0.0,0.0,0.0,0.0,0.0,0.0,0.0,0.0,0.0,0.0,0.0,0.0,0.0,0.0,0.0,0.0,0.0,0.0,0.0,0.0,0.0,0.0,0.0,0.0,0.0,0.0,0.0,0.0,0.0,0.0,0.0,0.0,0.0,0.0,0.0,0.0,0.0,0.0,0.0,0.0,0.0,0.0,0.0,0.0,0.0,0.0,0.0,0.0,0.0,0.0,0.0,0.0,0.0,0.0,0.0,0.0,0.0,0.0,0.0,0.0,0.0,0.0,0.0,0.0,0.0,0.0,0.0,0.0,0.0,0.0,0.0,0.0,0.0,0.0,0.0,0.0,0.0,0.0,0.0,0.0,0.0,0.0,0.0,0.0,0.0,0.0,0.0,0.0,0.0,0.0,0.0,0.0,0.0,0.0,0.0,0.0,0.0,0.0,0.0,0.0,0.0,0.0,0.0,0.0,0.0,0.0,0.0,0.0,0.0,0.0,0.0,0.0,0.0,0.0,0.0,0.0,0.0,0.0,0.0,0.0,0.0,0.0,0.0,0.0,0.0,0.0,0.0,0.0,0.0,0.0,0.0,0.0,0.0,0.0,0.0,0.0,0.0,0.0,0.0,0.0,0.0,0.0,0.0,0.0,0.0,0.0,0.0,0.0,0.0,0.0,0.0,0.0,0.0,0.0,0.0,0.0,0.0,0.0,0.0,0.0,0.0,0.0,0.0,0.0,0.0,0.0,0.0,0.0,0.0,0.0,0.0,0.0,0.0,0.0,0.0,0.0,0.0,0.0,0.0,0.0,0.0,0.0,0.0,0.0,0.0,0.0,0.0,0.0,0.0,0.0,0.0,0.0,0.0,0.0,0.0,0.0,0.0,0.0,0.0,0.0,0.0,0.0,0.0,0.0,0.0,0.0,0.0,0.0,0.0,0.0,0.0,0.0,0.0,0.0,0.0,0.0,0.0,0.0,0.0,0.0,0.0,0.0,0.0,0.0,0.0,0.0,0.0,0.0,0.0,0.0,0.0,0.0,0.0,0.0,0.0,0.0,0.0,0.0,0.0,0.0,0.0,0.0,0.0,0.0,0.0,0.0,0.0,0.0,0.0,0.0,0.0,0.0,0.0,0.0,0.0,0.0,0.0,0.0,0.0,0.0,0.0,0.0,0.0,0.0,0.0,0.0,0.0,0.0,0.0,0.0,0.0,0.0,0.0,0.0,0.0,0.0,0.0,0.0,0.0,0.0,0.0,0.0,0.0,0.0,0.0,0.0,0.0,0.0,0.0,0.0,0.0,0.0,0.0,0.0,0.0,0.0,0.0,0.0,0.0,0.0,0.0,0.0,0.0,0.0,0.0,0.0,0.0,0.0,0.0,0.0,0.0,0.0,0.0,0.0,0.0,0.0,0.0,0.0,0.0,0.0,0.0,0.0,0.0,0.0,0.0,0.0,0.0,0.0,0.0,0.0,0.0,0.0,0.0,0.0,0.0,0.0,0.0,0.0,0.0,0.0,0.0,0.0,0.0,0.0,0.0,0.0,0.0,0.0,0.0,0.0,0.0,0.0,0.0,0.0,0.0,0.0,0.0,0.0,0.0,0.0,0.0,0.0,0.0,0.0,0.0,0.0,0.0,0.0,0.0,0.0,0.0,0.0,0.0,0.0,0.0,0.0,0.0,0.0,0.0,0.0,0.0,0.0,0.0,0.0,0.0,0.0,0.0,0.0,0.0,0.0,0.0,0.0,0.0,0.0,0.0,0.0,0.0,0.0,0.0,0.0,0.0,0.0,0.0,0.0,0.0,0.0,0.0,0.0,0.0,0.0,0.0,0.0,0.0,0.0,0.0,0.0,0.0,0.0,0.0,0.0,0.0,0.0,0.0,0.0,0.0,0.0,0.0,0.0,0.0,0.0,0.0,0.0,0.0,0.0,0.0,0.0,0.0,0.0,0.0,0.0,0.0,0.0,0.0,0.0,0.0,0.0,0.0,0.0,0.0,0.0,0.0,0.0,0.0,0.0,0.0,0.0,0.0,0.0,0.0,0.0,0.0,0.0,0.0,0.0,0.0,0.0,0.0,0.0,0.0,0.0,0.0,0.0,0.0,0.0,0.0,0.0,0.0,0.0,0.0,0.0,0.0,0.0,0.0,0.0,0.0,0.0,0.0,0.0,0.0,0.0,0.0,0.0,0.0,0.0,0.0,0.0,0.0,0.0,0.0,0.0,0.0,0.0,0.0,0.0,0.0,0.0,0.0,0.0,0.0,0.0,0.0,0.0,0.0,0.0,0.0,0.0,0.0,0.0,0.0,0.0,0.0,0.0,0.0,0.0,0.0,0.0,0.0,0.0,0.0,0.0,0.0,0.0,0.0,0.0,0.0,0.0,0.0,0.0,0.0,0.0,0.0,0.0,0.0,0.0,0.0,0.0,0.0,0.0,0.0,0.0,0.0,0.0,0.0,0.0,0.0,0.0,0.0,0.0,0.0,0.0,0.0,0.0,0.0,0.0,0.0,0.0,0.0,0.0,0.0,0.0,0.0,0.0,0.0,0.0,0.0,0.0,0.0,0.0,0.0,0.0,0.0,0.0,0.0,0.0,0.0,0.0,0.0,0.0,0.0,0.0,0.0,0.0,0.0,0.0,0.0,0.0,0.0,0.0,0.0,0.0,0.0,0.02469499837143721,4.611014069148029e-11,8.672365898409492e-10,-1.9477653768503003e-8,3.639090484491367e-6,8.648567897420595e-12,-1.018773114174851e-12,3.62702119190252e-11,0.0015657659310022627,-6.190273087664795e-16,1.814729977327619e-5,-1.8557756792947236e-13,3.6755884027379564e-6,-2.1235827205487196e-14,1.1611055888455364e-16,-7.546645167949797e-7,-1.245283149051593e-9,-3.864102161962656e-8,-5.367806222409989e-6,-9.708857923431594e-9,-4.105548197726577e-9,-2.900976612446928e-15,-0.00016244992772185344,7.968014687533528e-5,1.6246020194990442e-10,1.7690967729823247e-7,-1.3983439110269769e-5,-7.962896141976555e-10,6.684435766773216e-7,6.974175117393967e-14,2.056397773364587e-8,5.676402965901315e-14,5.362565253430589e-10,-7.378815668915455e-5,5.578637186996004e-15,-2.7190169723382125e-6,0.0012192084093695737,1.5752187725594708e-8,5.793615526128311e-15,-1.1390454929499776e-13,0.00017167276883122014,-0.00014125573877956483,-1.2871626864216275e-11,-2.8032630124155903e-15,4.525186233230491e-14,7.34500506218633e-12,-3.004295571101987e-10,0.00012661810314074215,7.228770423081662e-10,2.6442476446741095e-5,-3.8665521884250536e-16,-7.725197264360825e-9,-1.331648541290144e-11,-3.3092786698327934e-11,-0.00023740426907242767,-1.2460664523756229e-8,-9.118031692035476e-14,1.72640660656161e-10,2.075277635100076e-7,-4.772447653704971e-8,3.1138543716368453e-13,9.639287010302389e-5,5.992272569508113e-7,2.082349937240094e-12,-2.533031146105992e-10,-2.8822661221137972e-11,1.471810243968292e-11,1.0349797697667277e-14,-6.842180694018234e-7,-1.817157804375529e-10,0.00038957543063352046,0.00013069767386238152,-1.2092516930950167e-7,-0.00023502883484045358,-3.479372979607935e-11,-4.9065160748402334e-15,-3.126636526629613e-15,-9.476976845284694e-7,8.074755627772083e-8,-1.9347490336488613e-6,-0.0051440624177448,3.3389776412942736e-13,-2.0493559815710347e-8,-1.430805433537321e-14,2.555166920509565e-12,-2.8262971037780595e-12,-2.2034291973627723e-14,2.6008190934427278e-5,3.276241707411858e-12,8.82937561635639e-7,-9.011459085703141e-8,1.305203679540167e-5,-3.800575806131156e-15,-0.00025278191667169395,-7.616977317456996e-10,-9.866205304224312e-7,0.0002538799284378874,4.8737385990773555e-5,-8.542935180678966e-11,-6.287366388317859e-10,-7.874036823333244e-16,4.568239197239051e-16,-7.826253075922265e-16,-1.0175087085815017e-6,-1.6590428583440936e-14,-1.7064037915900347e-8,-3.341849406398658e-6,2.3902599829138265e-7,-0.0005332925364846625,9.36353599571035e-9,-6.812406097509951e-5,4.223255767653171e-16,3.3012998500648446e-7,3.967826259706236e-6,6.265542235714459e-9,0.00018187724872044977,2.0119295755020953e-5,0.00012433548473142277,1.1923941479182194e-15,-9.254685729977659e-9,2.7606390594955723e-12,1.6859293977032348e-9,-0.0008334095969314845,-1.844766354457029e-10,3.0831348805381693e-13,1.2400230280035183e-7,-9.949804831986817e-15,1.9859362210507083e-7,1.9914207420439344e-5,5.564505642999193e-13,1.877979521849248e-10,-2.2387015007347168e-10,8.094832359694989e-6,8.904325252698748e-10,-0.006022200731145694,1.8865882909681828e-14,1.888291552861406e-10,2.788760746348072e-7,-5.95949182146506e-12,-2.4283283624605512e-5,-1.5066281783003195e-13,-0.0002567749100166899,-0.00011396732021153429,0.0004897482607963564,-7.238399849135276e-13,1.947846680915064e-12,2.8173080354044946e-10,-2.0877158251876256e-10,0.0014640758783023386,-4.2232303778590126e-13,-1.4743150704728404e-14,-5.661099527521786e-9,5.788833839917302e-7,-9.081525227541552e-14,-3.6937188139400193e-10,5.504242723237893e-10,6.608494272073589e-7,-1.4900288883877487e-6,2.775996181234688e-14,-5.079613409882206e-15,3.488627598413819e-5,-3.6715733775559885e-7,-7.876453178693623e-10,1.9113349078539718e-12,1.9130376670088736e-9,1.5557798895165798e-5,-9.058986418258411e-11,8.167234574672895e-12,-1.4987574115992715e-12,0.00019655737097903884,-1.8524959929973425e-5,-1.2863636353813147e-7,-3.578736390573645e-7,2.1115396425921356e-7,1.4721909878848535e-6,-8.093457367010511e-15,-2.0801534870359156e-14,0.0025090871560295006,7.738528148932646e-8,-1.7217295584879814e-15
0.0,0.0,0.0,0.0,0.0,0.0,0.0,0.0,0.0,0.0,0.0,0.0,0.0,0.0,0.0,0.0,0.0,0.0,0.0,0.0,0.0,0.0,0.0,0.0,0.0,0.0,0.0,0.0,0.0,0.0,0.0,0.0,0.0,0.0,0.0,0.0,0.0,0.0,0.0,0.0,0.0,0.0,0.0,0.0,0.0,0.0,0.0,0.0,0.0,0.0,0.0,0.0,0.0,0.0,0.0,0.0,0.0,0.0,0.0,0.0,0.0,0.0,0.0,0.0,0.0,0.0,0.0,0.0,0.0,0.0,0.0,0.0,0.0,0.0,0.0,0.0,0.0,0.0,0.0,0.0,0.0,0.0,0.0,0.0,0.0,0.0,0.0,0.0,0.0,0.0,0.0,0.0,0.0,0.0,0.0,0.0,0.0,0.0,0.0,0.0,0.0,0.0,0.0,0.0,0.0,0.0,0.0,0.0,0.0,0.0,0.0,0.0,0.0,0.0,0.0,0.0,0.0,0.0,0.0,0.0,0.0,0.0,0.0,0.0,0.0,0.0,0.0,0.0,0.0,0.0,0.0,0.0,0.0,0.0,0.0,0.0,0.0,0.0,0.0,0.0,0.0,0.0,0.0,0.0,0.0,0.0,0.0,0.0,0.0,0.0,0.0,0.0,0.0,0.0,0.0,0.0,0.0,0.0,0.0,0.0,0.0,0.0,0.0,0.0,0.0,0.0,0.0,0.0,0.0,0.0,0.0,0.0,0.0,0.0,0.0,0.0,0.0,0.0,0.0,0.0,0.0,0.0,0.0,0.0,0.0,0.0,0.0,0.0,0.0,0.0,0.0,0.0,0.0,0.0,0.0,0.0,0.0,0.0,0.0,0.0,0.0,0.0,0.0,0.0,0.0,0.0,0.0,0.0,0.0,0.0,0.0,0.0,0.0,0.0,0.0,0.0,0.0,0.0,0.0,0.0,0.0,0.0,0.0,0.0,0.0,0.0,0.0,0.0,0.0,0.0,0.0,0.0,0.0,0.0,0.0,0.0,0.0,0.0,0.0,0.0,0.0,0.0,0.0,0.0,0.0,0.0,0.0,0.0,0.0,0.0,0.0,0.0,0.0,0.0,0.0,0.0,0.0,0.0,0.0,0.0,0.0,0.0,0.0,0.0,0.0,0.0,0.0,0.0,0.0,0.0,0.0,0.0,0.0,0.0,0.0,0.0,0.0,0.0,0.0,0.0,0.0,0.0,0.0,0.0,0.0,0.0,0.0,0.0,0.0,0.0,0.0,0.0,0.0,0.0,0.0,0.0,0.0,0.0,0.0,0.0,0.0,0.0,0.0,0.0,0.0,0.0,0.0,0.0,0.0,0.0,0.0,0.0,0.0,0.0,0.0,0.0,0.0,0.0,0.0,0.0,0.0,0.0,0.0,0.0,0.0,0.0,0.0,0.0,0.0,0.0,0.0,0.0,0.0,0.0,0.0,0.0,0.0,0.0,0.0,0.0,0.0,0.0,0.0,0.0,0.0,0.0,0.0,0.0,0.0,0.0,0.0,0.0,0.0,0.0,0.0,0.0,0.0,0.0,0.0,0.0,0.0,0.0,0.0,0.0,0.0,0.0,0.0,0.0,0.0,0.0,0.0,0.0,0.0,0.0,0.0,0.0,0.0,0.0,0.0,0.0,0.0,0.0,0.0,0.0,0.0,0.0,0.0,0.0,0.0,0.0,0.0,0.0,0.0,0.0,0.0,0.0,0.0,0.0,0.0,0.0,0.0,0.0,0.0,0.0,0.0,0.0,0.0,0.0,0.0,0.0,0.0,0.0,0.0,0.0,0.0,0.0,0.0,0.0,0.0,0.0,0.0,0.0,0.0,0.0,0.0,0.0,0.0,0.0,0.0,0.0,0.0,0.0,0.0,0.0,0.0,0.0,0.0,0.0,0.0,0.0,0.0,0.0,0.0,0.0,0.0,0.0,0.0,0.0,0.0,0.0,0.0,0.0,0.0,0.0,0.0,0.0,0.0,0.0,0.0,0.0,0.0,0.0,0.0,0.0,0.0,0.0,0.0,0.0,0.0,0.0,0.0,0.0,0.0,0.0,0.0,0.0,0.0,0.0,0.0,0.0,0.0,0.0,0.0,0.0,0.0,0.0,0.0,0.0,0.0,0.0,0.0,0.0,0.0,0.0,0.0,0.0,0.0,0.0,0.0,0.0,0.0,0.0,0.0,0.0,0.0,0.0,0.0,0.0,0.0,0.0,0.0,0.0,0.0,0.0,0.0,0.0,0.0,0.0,0.0,0.0,0.0,0.0,0.0,0.0,0.0,0.0,0.0,0.0,0.0,0.0,0.0,0.0,0.0,0.0,0.0,0.0,0.0,0.0,0.0,0.0,0.0,0.0,0.0,0.0,0.0,0.0,0.0,0.0,0.0,0.0,0.0,0.0,0.0,0.0,0.0,0.0,0.0,0.0,0.0,0.0,0.0,0.0,0.0,0.0,0.0,0.0,0.0,0.0,0.0,0.0,0.0,0.0,0.0,0.0,0.0,0.0,0.0,0.0,0.0,0.0,0.0,0.0,0.0,0.0,0.0,0.0,0.0,0.0,0.0,0.0,0.0,0.0,0.0,0.0,0.0,0.0,0.0,0.0,0.0,0.0,0.0,0.0,0.0,0.0,0.0,0.0,0.0,0.0,0.0,0.0,0.0,0.0,0.0,0.0,0.0,0.0,0.0,0.0,0.0,0.0,0.032790385853166404,3.465162596119661e-5,2.087926990142886e-5,-6.899362478696824e-8,-0.009139619188330665,-0.0004799931303128999,0.015055801814405832,-8.321291201928438e-11,-6.605710556780985e-7,2.0792628249519588e-8,-1.2763905642420174e-5,6.619819722133013e-8,1.5719956733692734e-5,3.709577462630413e-7,-3.263185979312937e-8,-0.00015665415407746096,-1.2730795485146323e-7,-1.0008219198749306e-7,-1.1086074214894977e-5,-6.6978522860347705e-6,-0.000220274754723149,2.7838497416014316e-10,2.9103072186912957e-9,0.0024950280658934225,-7.186907930132578e-7,-5.3071695398959916e-9,5.34665313164985e-5,4.0162049259520266e-8,-0.004162885292356176,-5.328862805846725e-6,1.2641706759523606e-5,0.00010780519974100358,-1.1030495194892524e-10,3.022871891085409e-6,1.2073584192354012e-9,4.043887121437261e-12,-2.232474825412443e-5,7.061935854637982e-7,-2.5025194975682218e-5,6.971252629048524e-10,-8.69993107318834e-9,-0.004729316198588274,1.3870892455840297e-5,1.8376312906136502e-5,0.0005969116125581353,-0.001169557848184886,5.76005569200747e-10,0.00013179414941346271,7.99513550088441e-9,5.41372039811484e-6,-6.909021023338675e-6,0.00041435419766884226,-0.0020541668101487264,1.55618360941996e-10,-7.619080199946892e-6,5.8467694169377485e-5,0.000952601188521168,-3.883554725237957e-8,-2.4735428321167305e-6,3.686615118330055e-5,-9.282930549961131e-10,-1.888769326206954e-8,-0.0014434930373249124,-0.0015826213438097057,-0.00036066715435538677,0.001164689785981664,-1.0121160356762943e-5,-1.824326153702227e-7,-0.00012921828613752126,-2.0427853302150468e-11,3.676266377908301e-9,4.871400278810593e-7,-2.5402228798140202e-11,-0.00017070901375739364,-2.5449906930376407e-5,-2.930042616773882e-7,-2.160893559609915e-7,3.7712781312212604e-6,1.7993881326449678e-8,4.183202104919431e-11,-1.2700412173308471e-5,-5.1377802243829886e-5,-2.796844479835437e-6,0.002795514076002465,0.0004838820482764636,3.525759428443615e-5,1.3927410962243437e-8,-0.0006544751251882477,-1.3347101576522295e-7,-1.240090757119706e-6,-1.4635232546978679e-8,-2.2688946612074223e-6,-1.2394856088645655e-9,-9.262043009946786e-5,6.120284007005596e-8,3.2126959433505874e-10,-7.98758174105269e-10,-0.0002925567991081768,0.0003012532301930186,1.6941820496088575e-6,3.5912888354219295e-8,-5.431527565224455e-7,1.2172313803995521e-7,-1.1823708947195083e-5,-2.5109239544089177e-6,8.917710906247395e-10,-3.2809200697015693e-8,-4.0970359714256124e-10,-1.8480561607664568e-6,-5.154011364465608e-9,1.0300223725153318e-7,1.7637973836801783e-6,-4.891908182934325e-8,-9.575904339490353e-7,1.2266989918646049e-9,-1.2612898070970703e-9,4.549739585080421e-9,2.2434196856430646e-6,-1.705201850179245e-7,-0.002347473822561594,4.410111133263717e-5,-1.8214859770116249e-10,-0.013741182200438651,-0.00033814172294604653,4.426865993352152e-6,-4.299032664020572e-6,-3.4664379451671356e-6,2.794647514430444e-10,-0.0018335411801489291,6.342574284581401e-6,-0.0015361053217021823,9.694282144408054e-8,1.8638233427709455e-6,-1.6226030328970244e-11,1.9311300256149088e-5,0.0013487381533617252,-8.494842551093743e-7,-0.001626990090126213,4.5265330701914304e-10,9.773781432235766e-5,-1.2135109020788583e-9,-5.186915421960204e-9,4.39006711028976e-11,0.00020475775403124856,-0.00976026119994867,-0.00018159038619744344,0.0002535197816959416,1.4187295605911025e-10,0.0011184663497123533,-6.848587309373166e-5,-8.324500711039573e-6,-2.9370286397630623e-8,-6.851876720467393e-6,0.0004049868111982616,-4.8942658622979885e-5,-1.445902790790895e-7,-6.739653807889177e-9,6.814555659693333e-6,-3.868921817226425e-6,8.320585596925116e-9,-5.341603778164784e-7,-1.833490444353253e-5,-0.00010930367605924718,-2.9163313227011875e-5,1.700095504263797e-8,0.0003794188632379342,-0.005308470233162501,0.0004399508672090462,8.161764340189208e-10,-1.3940065010993935e-9,1.3700222130172675e-7,3.164155408370961e-8,6.997522884199459e-8,1.7238188374927697e-7,-4.5025214173369716e-5,-9.126159622569647e-6,-1.4042766249790478e-11,1.144146655183992e-5,-5.832181722184641e-7
0.0,0.0,0.0,0.0,0.0,0.0,0.0,0.0,0.0,0.0,0.0,0.0,0.0,0.0,0.0,0.0,0.0,0.0,0.0,0.0,0.0,0.0,0.0,0.0,0.0,0.0,0.0,0.0,0.0,0.0,0.0,0.0,0.0,0.0,0.0,0.0,0.0,0.0,0.0,0.0,0.0,0.0,0.0,0.0,0.0,0.0,0.0,0.0,0.0,0.0,0.0,0.0,0.0,0.0,0.0,0.0,0.0,0.0,0.0,0.0,0.0,0.0,0.0,0.0,0.0,0.0,0.0,0.0,0.0,0.0,0.0,0.0,0.0,0.0,0.0,0.0,0.0,0.0,0.0,0.0,0.0,0.0,0.0,0.0,0.0,0.0,0.0,0.0,0.0,0.0,0.0,0.0,0.0,0.0,0.0,0.0,0.0,0.0,0.0,0.0,0.0,0.0,0.0,0.0,0.0,0.0,0.0,0.0,0.0,0.0,0.0,0.0,0.0,0.0,0.0,0.0,0.0,0.0,0.0,0.0,0.0,0.0,0.0,0.0,0.0,0.0,0.0,0.0,0.0,0.0,0.0,0.0,0.0,0.0,0.0,0.0,0.0,0.0,0.0,0.0,0.0,0.0,0.0,0.0,0.0,0.0,0.0,0.0,0.0,0.0,0.0,0.0,0.0,0.0,0.0,0.0,0.0,0.0,0.0,0.0,0.0,0.0,0.0,0.0,0.0,0.0,0.0,0.0,0.0,0.0,0.0,0.0,0.0,0.0,0.0,0.0,0.0,0.0,0.0,0.0,0.0,0.0,0.0,0.0,0.0,0.0,0.0,0.0,0.0,0.0,0.0,0.0,0.0,0.0,0.0,0.0,0.0,0.0,0.0,0.0,0.0,0.0,0.0,0.0,0.0,0.0,0.0,0.0,0.0,0.0,0.0,0.0,0.0,0.0,0.0,0.0,0.0,0.0,0.0,0.0,0.0,0.0,0.0,0.0,0.0,0.0,0.0,0.0,0.0,0.0,0.0,0.0,0.0,0.0,0.0,0.0,0.0,0.0,0.0,0.0,0.0,0.0,0.0,0.0,0.0,0.0,0.0,0.0,0.0,0.0,0.0,0.0,0.0,0.0,0.0,0.0,0.0,0.0,0.0,0.0,0.0,0.0,0.0,0.0,0.0,0.0,0.0,0.0,0.0,0.0,0.0,0.0,0.0,0.0,0.0,0.0,0.0,0.0,0.0,0.0,0.0,0.0,0.0,0.0,0.0,0.0,0.0,0.0,0.0,0.0,0.0,0.0,0.0,0.0,0.0,0.0,0.0,0.0,0.0,0.0,0.0,0.0,0.0,0.0,0.0,0.0,0.0,0.0,0.0,0.0,0.0,0.0,0.0,0.0,0.0,0.0,0.0,0.0,0.0,0.0,0.0,0.0,0.0,0.0,0.0,0.0,0.0,0.0,0.0,0.0,0.0,0.0,0.0,0.0,0.0,0.0,0.0,0.0,0.0,0.0,0.0,0.0,0.0,0.0,0.0,0.0,0.0,0.0,0.0,0.0,0.0,0.0,0.0,0.0,0.0,0.0,0.0,0.0,0.0,0.0,0.0,0.0,0.0,0.0,0.0,0.0,0.0,0.0,0.0,0.0,0.0,0.0,0.0,0.0,0.0,0.0,0.0,0.0,0.0,0.0,0.0,0.0,0.0,0.0,0.0,0.0,0.0,0.0,0.0,0.0,0.0,0.0,0.0,0.0,0.0,0.0,0.0,0.0,0.0,0.0,0.0,0.0,0.0,0.0,0.0,0.0,0.0,0.0,0.0,0.0,0.0,0.0,0.0,0.0,0.0,0.0,0.0,0.0,0.0,0.0,0.0,0.0,0.0,0.0,0.0,0.0,0.0,0.0,0.0,0.0,0.0,0.0,0.0,0.0,0.0,0.0,0.0,0.0,0.0,0.0,0.0,0.0,0.0,0.0,0.0,0.0,0.0,0.0,0.0,0.0,0.0,0.0,0.0,0.0,0.0,0.0,0.0,0.0,0.0,0.0,0.0,0.0,0.0,0.0,0.0,0.0,0.0,0.0,0.0,0.0,0.0,0.0,0.0,0.0,0.0,0.0,0.0,0.0,0.0,0.0,0.0,0.0,0.0,0.0,0.0,0.0,0.0,0.0,0.0,0.0,0.0,0.0,0.0,0.0,0.0,0.0,0.0,0.0,0.0,0.0,0.0,0.0,0.0,0.0,0.0,0.0,0.0,0.0,0.0,0.0,0.0,0.0,0.0,0.0,0.0,0.0,0.0,0.0,0.0,0.0,0.0,0.0,0.0,0.0,0.0,0.0,0.0,0.0,0.0,0.0,0.0,0.0,0.0,0.0,0.0,0.0,0.0,0.0,0.0,0.0,0.0,0.0,0.0,0.0,0.0,0.0,0.0,0.0,0.0,0.0,0.0,0.0,0.0,0.0,0.0,0.0,0.0,0.0,0.0,0.0,0.0,0.0,0.0,0.0,0.0,0.0,0.0,0.0,0.0,0.0,0.0,0.0,0.0,0.0,0.0,0.0,0.0,0.0,0.0,0.0,0.0,0.0,0.0,0.0,0.0,0.0,0.0,0.0,0.0,0.0,0.0,0.0,0.0,0.0,0.0,0.0,0.0,0.0,0.0,0.0,0.0,0.0,0.0,0.0,0.0,0.0,0.0,0.0,0.0,0.0,0.0,0.0,0.0,0.0,0.0,0.0,0.0,0.0,0.0,0.0,0.0,0.032063039708379364,-0.005378232442239052,-4.630514517872083e-6,0.00013204546422417496,6.510873890449514e-6,-4.60615162331517e-6,-1.244405462046111e-7,1.2968933936380372e-9,2.7261702204055765e-6,-7.074805543042478e-8,1.3490894434102366e-5,2.875739952131102e-7,-3.4518585261087778e-9,1.8010052890270223e-6,0.0042276936529107864,4.3621442556270264e-5,3.103308024366917e-5,-0.0022243573903511725,-0.0008019890514143294,1.1955081419316037e-6,-1.4183008994608156e-7,8.960949355708128e-7,0.0007512018022434417,4.8595504134096295e-8,7.223234356890418e-7,0.0013316691444816547,3.4665350014932556e-6,5.65931549312314e-5,-0.0011401643232750776,3.3532315023739444e-7,0.004006182884641087,1.0802133861753426e-8,3.0358973724361396e-8,9.312681425940577e-7,-4.943867500436584e-9,-0.002139044207237224,-7.262122141222144e-9,-7.148278598209474e-8,-1.0259629268896283e-6,-5.711182393458524e-7,-5.805553679555122e-5,-6.519880334602097e-8,1.9974908567412604e-9,-3.1392480104520325e-6,0.001640190793260652,1.6190681789480716e-7,-0.008255952725016653,7.76874983434739e-7,-1.3228783401398201e-8,-0.001919307436682226,3.644503815380665e-5,-0.00012142383554504485,-2.43556116827716e-7,-0.0017770530151099814,8.442357986862571e-7,-0.00023574812751755045,0.00046030360212353697,0.0006258966313418524,2.118235588979362e-6,1.7990581966154449e-7,-1.235545716877779e-5,-1.8778111939816254e-5,-0.0012302493564993564,0.003597690374231025,5.009325693723052e-5,-1.4382041300167454e-8,2.9751350488225465e-5,7.183148497279701e-5,7.648903611186485e-9,3.993176129548019e-7,-0.00014660820247326887,6.809499697364206e-9,0.00025224297678766823,-6.237167344336143e-8,-3.3308972658157066e-9,-1.3770698437250394e-5,-0.000378460537564494,1.4636474286701225e-5,-1.5063496516806296e-9,1.367785537177502e-7,-0.0021096825908337806,1.3380696148575587e-8,-4.826004072185524e-6,-1.1224010887458955e-5,5.249138999141229e-8,1.363568898970867e-6,-1.6475736625254772e-5,5.6268777300105145e-5,-0.0005329253699234658,-2.4906352836430938e-6,-8.437593140839335e-9,6.569342506394604e-8,-0.002844439658534932,4.691137776431581e-6,-6.942259217698875e-8,-1.985802119555865e-7,0.000651268232545279,0.0026788651378338037,-9.298810150344551e-9,1.8611291748654271e-9,3.674509206950961e-9,-3.425247728376492e-5,-3.097434496781963e-9,-0.0005409348589840821,3.010164393302961e-6,-2.7505341099799636e-5,-8.012087085984588e-8,0.004371896833388556,-2.9089032967846953e-7,1.6285111771192948e-9,-0.00021428225812010043,2.0272583043961992e-5,-0.008685945146147449,-3.440842313067364e-7,3.194257068991973e-7,-2.0440826878863585e-7,-9.700020394186493e-10,-3.719434155619988e-5,2.669312805209293e-5,-0.005358768501344537,1.0981464833955807e-8,0.00022826990861169767,-2.9227888034352563e-6,0.0005312351213990965,1.0802218886808206e-8,1.2975360739736415e-6,-1.379052178224439e-6,6.639500165553806e-7,-0.002677298473101915,-0.0011163642528817371,1.3320137475881481e-5,0.0007450688741556252,1.553672891376625e-9,-1.1351652394652425e-7,0.0015849082526375917,-0.00016549580330983148,-1.3437980579892125e-5,-4.344492080246233e-7,-1.4762273440701377e-6,-1.9635840447804425e-7,1.5347360187787279e-6,-2.805376027186523e-9,-1.0924448533095741e-6,8.651468236189143e-5,1.1984118843223244e-5,-0.0012559330508437553,-2.132572234022321e-9,-5.144767786426518e-6,1.637975793077257e-7,-0.00014275221520958903,-9.598273638371296e-6,-1.9987830247073586e-7,-3.0472018669918664e-5,-0.002934822025753139,7.833602785531489e-5,-5.166767300705292e-6,1.4647261466308763e-8,7.157486562634417e-9,-2.1350533271305176e-7,-0.00011270580012941297,0.0008279075641052106,3.1748135362765216e-6,0.010987875867292014,-1.1576705060796043e-6,-0.001389538603622032,2.352346991302372e-5,3.435225570168545e-6,-1.6241249241739978e-7,3.621482161760856e-7,2.2505025640115847e-5,-6.815684821597787e-6,-2.9778998822192305e-5,-5.4978962693782935e-5,3.964153287031405e-8,-1.8627657461365247e-8,1.1570635605042878e-8,0.0013142115352324682,-3.264963188818923e-10
0.0,0.0,0.0,0.0,0.0,0.0,0.0,0.0,0.0,0.0,0.0,0.0,0.0,0.0,0.0,0.0,0.0,0.0,0.0,0.0,0.0,0.0,0.0,0.0,0.0,0.0,0.0,0.0,0.0,0.0,0.0,0.0,0.0,0.0,0.0,0.0,0.0,0.0,0.0,0.0,0.0,0.0,0.0,0.0,0.0,0.0,0.0,0.0,0.0,0.0,0.0,0.0,0.0,0.0,0.0,0.0,0.0,0.0,0.0,0.0,0.0,0.0,0.0,0.0,0.0,0.0,0.0,0.0,0.0,0.0,0.0,0.0,0.0,0.0,0.0,0.0,0.0,0.0,0.0,0.0,0.0,0.0,0.0,0.0,0.0,0.0,0.0,0.0,0.0,0.0,0.0,0.0,0.0,0.0,0.0,0.0,0.0,0.0,0.0,0.0,0.0,0.0,0.0,0.0,0.0,0.0,0.0,0.0,0.0,0.0,0.0,0.0,0.0,0.0,0.0,0.0,0.0,0.0,0.0,0.0,0.0,0.0,0.0,0.0,0.0,0.0,0.0,0.0,0.0,0.0,0.0,0.0,0.0,0.0,0.0,0.0,0.0,0.0,0.0,0.0,0.0,0.0,0.0,0.0,0.0,0.0,0.0,0.0,0.0,0.0,0.0,0.0,0.0,0.0,0.0,0.0,0.0,0.0,0.0,0.0,0.0,0.0,0.0,0.0,0.0,0.0,0.0,0.0,0.0,0.0,0.0,0.0,0.0,0.0,0.0,0.0,0.0,0.0,0.0,0.0,0.0,0.0,0.0,0.0,0.0,0.0,0.0,0.0,0.0,0.0,0.0,0.0,0.0,0.0,0.0,0.0,0.0,0.0,0.0,0.0,0.0,0.0,0.0,0.0,0.0,0.0,0.0,0.0,0.0,0.0,0.0,0.0,0.0,0.0,0.0,0.0,0.0,0.0,0.0,0.0,0.0,0.0,0.0,0.0,0.0,0.0,0.0,0.0,0.0,0.0,0.0,0.0,0.0,0.0,0.0,0.0,0.0,0.0,0.0,0.0,0.0,0.0,0.0,0.0,0.0,0.0,0.0,0.0,0.0,0.0,0.0,0.0,0.0,0.0,0.0,0.0,0.0,0.0,0.0,0.0,0.0,0.0,0.0,0.0,0.0,0.0,0.0,0.0,0.0,0.0,0.0,0.0,0.0,0.0,0.0,0.0,0.0,0.0,0.0,0.0,0.0,0.0,0.0,0.0,0.0,0.0,0.0,0.0,0.0,0.0,0.0,0.0,0.0,0.0,0.0,0.0,0.0,0.0,0.0,0.0,0.0,0.0,0.0,0.0,0.0,0.0,0.0,0.0,0.0,0.0,0.0,0.0,0.0,0.0,0.0,0.0,0.0,0.0,0.0,0.0,0.0,0.0,0.0,0.0,0.0,0.0,0.0,0.0,0.0,0.0,0.0,0.0,0.0,0.0,0.0,0.0,0.0,0.0,0.0,0.0,0.0,0.0,0.0,0.0,0.0,0.0,0.0,0.0,0.0,0.0,0.0,0.0,0.0,0.0,0.0,0.0,0.0,0.0,0.0,0.0,0.0,0.0,0.0,0.0,0.0,0.0,0.0,0.0,0.0,0.0,0.0,0.0,0.0,0.0,0.0,0.0,0.0,0.0,0.0,0.0,0.0,0.0,0.0,0.0,0.0,0.0,0.0,0.0,0.0,0.0,0.0,0.0,0.0,0.0,0.0,0.0,0.0,0.0,0.0,0.0,0.0,0.0,0.0,0.0,0.0,0.0,0.0,0.0,0.0,0.0,0.0,0.0,0.0,0.0,0.0,0.0,0.0,0.0,0.0,0.0,0.0,0.0,0.0,0.0,0.0,0.0,0.0,0.0,0.0,0.0,0.0,0.0,0.0,0.0,0.0,0.0,0.0,0.0,0.0,0.0,0.0,0.0,0.0,0.0,0.0,0.0,0.0,0.0,0.0,0.0,0.0,0.0,0.0,0.0,0.0,0.0,0.0,0.0,0.0,0.0,0.0,0.0,0.0,0.0,0.0,0.0,0.0,0.0,0.0,0.0,0.0,0.0,0.0,0.0,0.0,0.0,0.0,0.0,0.0,0.0,0.0,0.0,0.0,0.0,0.0,0.0,0.0,0.0,0.0,0.0,0.0,0.0,0.0,0.0,0.0,0.0,0.0,0.0,0.0,0.0,0.0,0.0,0.0,0.0,0.0,0.0,0.0,0.0,0.0,0.0,0.0,0.0,0.0,0.0,0.0,0.0,0.0,0.0,0.0,0.0,0.0,0.0,0.0,0.0,0.0,0.0,0.0,0.0,0.0,0.0,0.0,0.0,0.0,0.0,0.0,0.0,0.0,0.0,0.0,0.0,0.0,0.0,0.0,0.0,0.0,0.0,0.0,0.0,0.0,0.0,0.0,0.0,0.0,0.0,0.0,0.0,0.0,0.0,0.0,0.0,0.0,0.0,0.0,0.0,0.0,0.0,0.0,0.0,0.0,0.0,0.0,0.0,0.0,0.0,0.0,0.0,0.0,0.0,0.0,0.0,0.0,0.0,0.0,0.0,0.0,0.0,0.0,0.0,0.0,0.0,0.0,0.0,0.0,0.0,0.0,0.0,0.0,0.0,0.0,0.0,0.0,0.0,0.0,0.0,0.0,0.0,0.0,0.0,0.0,0.0,0.0,0.0,0.0,0.0,0.0,0.0,0.0,0.0,0.0,0.0,0.0,0.0,0.03111135145667475,3.027369835722121e-5,8.395723500749527e-5,-4.5809943895780287e-7,-8.924079830842877e-5,5.228269497667586e-7,1.577717606824243e-9,1.4782827667658683e-5,-3.41145897797535e-7,6.138882444484526e-6,-7.026798603142935e-8,-8.921484198036712e-10,-1.3115560258897232e-5,0.0019266384530677628,6.31134843220662e-5,3.195100043753663e-5,0.0030184645841070767,0.003984919683626998,2.448734145364574e-7,7.882560956842838e-7,-1.8455690682647378e-6,0.00035691553941339163,9.027527715600789e-5,2.109504404755722e-6,0.0019248393845928853,-8.598193809582354e-6,2.045944073796748e-5,-0.0001787902719699577,1.355686437809606e-7,0.0010957728164654108,-9.040238703619495e-8,1.0285100665493259e-8,-2.523604669159795e-7,-3.7564782943199634e-9,-0.004975804713084259,2.0905959054781274e-9,1.1718672117025636e-7,1.7542202898005324e-6,4.172746864330666e-6,-2.6374379617540096e-5,-2.4432289390587915e-8,-9.105407485804893e-8,-6.8271377491183016e-6,0.0001474651689450599,-6.087611332045653e-7,-0.0021355322314938227,-2.403134896958398e-6,3.158944389383567e-9,-0.0017208863024189283,1.361935584402148e-5,-0.00021222007852968357,8.270319512124925e-7,0.0022069480416765505,-2.9050575307598746e-7,-6.300196225265595e-5,7.545138552269895e-5,4.33642853483391e-6,1.4396124049068028e-6,2.0400784810052403e-7,3.178774025225764e-5,-7.80062219846399e-6,0.00010180260296489845,-0.0009044550670219843,-1.4991345966047398e-5,-5.84957142697789e-9,-7.3108676547009184e-6,-0.00045624637233088275,-1.9941210029641197e-8,-4.4157570922924175e-7,8.962353554176864e-5,-3.5590308087211265e-7,5.371857887524827e-5,-4.33022643559066e-8,3.368932334443174e-9,-9.471519355822066e-5,-0.0007706587694314066,-5.647813740262819e-5,8.363203666874554e-9,-2.512877961821819e-7,0.006077470628043545,-9.654929100531764e-10,-3.744008058825619e-5,-3.3202141904161448e-6,-9.575171323294715e-8,-7.973047569703024e-6,-4.431835069191387e-6,-3.4783029551124753e-5,-0.00019298615212804557,2.6091552750953615e-5,-2.2801016416459756e-9,1.2166713049842013e-6,0.0009231501722337974,2.156317776119793e-5,1.8519226813255468e-7,5.036525825812626e-7,-0.00019991214414514396,0.0013366208640094494,1.1644670952010002e-10,-7.800269070809209e-10,-1.102773992222389e-9,0.00020781975014690356,1.1668368650558803e-8,-8.382919703960448e-5,-4.793386794516952e-6,-3.6662863970471936e-5,2.0148183679759335e-7,-0.0023557427814212737,2.7112125689573664e-6,3.0370337163683333e-10,-0.00010494407560001395,-1.1570647194330226e-5,0.010947636890940334,7.079630567568593e-7,-9.068619632128936e-7,4.2057227423586443e-7,-4.053921406864568e-9,-1.1424977267021345e-5,-5.607304657297105e-7,0.00439655709642388,-4.652582733845626e-8,0.00012925799025677607,-1.3482201938069308e-6,-0.004189080228206203,2.8327174137816693e-8,-0.0020173135201165373,4.158813914405484e-6,1.9971859577129636e-6,0.0017515455119598406,-3.707334641593556e-5,-5.108007165038712e-5,0.0005989850007911237,-1.53493545967936e-8,-2.6489079623751253e-8,0.000946757944477544,0.00015459815197600937,-3.893528755693225e-6,1.011418796903878e-6,-3.2448610157430476e-7,-4.4143706526052103e-7,-7.299454431583677e-7,2.0693933006408097e-8,3.628260835503929e-7,3.7655525382579745e-5,-2.362886183060053e-5,0.00011474330752051124,4.444547647700132e-8,-2.5106674789634927e-6,-2.0661889607836197e-8,0.0019737535847740616,2.9930132007861564e-5,-3.831009944066088e-8,0.0007937820720112018,-0.0014276628258997918,0.00018425956145017383,0.00012219869201520587,-6.3951292311801035e-9,9.276634001926871e-9,-1.3270410074797864e-5,0.0003345620338056497,-0.002300427185984828,1.2567775802598303e-6,0.0011488352946405077,-7.873170544065057e-6,0.0005590018805141027,5.287456231843715e-6,6.567809335588132e-6,4.1826708801605956e-7,-7.745062992575145e-8,0.0001878945323368473,3.301029556252539e-5,-0.00013689758021231477,3.739045624256746e-5,-3.8294367157318006e-8,5.0807756013983345e-9,2.8435050900170943e-8,-0.0045720835259664885,7.54608947685633e-10
0.0,0.0,0.0,0.0,0.0,0.0,0.0,0.0,0.0,0.0,0.0,0.0,0.0,0.0,0.0,0.0,0.0,0.0,0.0,0.0,0.0,0.0,0.0,0.0,0.0,0.0,0.0,0.0,0.0,0.0,0.0,0.0,0.0,0.0,0.0,0.0,0.0,0.0,0.0,0.0,0.0,0.0,0.0,0.0,0.0,0.0,0.0,0.0,0.0,0.0,0.0,0.0,0.0,0.0,0.0,0.0,0.0,0.0,0.0,0.0,0.0,0.0,0.0,0.0,0.0,0.0,0.0,0.0,0.0,0.0,0.0,0.0,0.0,0.0,0.0,0.0,0.0,0.0,0.0,0.0,0.0,0.0,0.0,0.0,0.0,0.0,0.0,0.0,0.0,0.0,0.0,0.0,0.0,0.0,0.0,0.0,0.0,0.0,0.0,0.0,0.0,0.0,0.0,0.0,0.0,0.0,0.0,0.0,0.0,0.0,0.0,0.0,0.0,0.0,0.0,0.0,0.0,0.0,0.0,0.0,0.0,0.0,0.0,0.0,0.0,0.0,0.0,0.0,0.0,0.0,0.0,0.0,0.0,0.0,0.0,0.0,0.0,0.0,0.0,0.0,0.0,0.0,0.0,0.0,0.0,0.0,0.0,0.0,0.0,0.0,0.0,0.0,0.0,0.0,0.0,0.0,0.0,0.0,0.0,0.0,0.0,0.0,0.0,0.0,0.0,0.0,0.0,0.0,0.0,0.0,0.0,0.0,0.0,0.0,0.0,0.0,0.0,0.0,0.0,0.0,0.0,0.0,0.0,0.0,0.0,0.0,0.0,0.0,0.0,0.0,0.0,0.0,0.0,0.0,0.0,0.0,0.0,0.0,0.0,0.0,0.0,0.0,0.0,0.0,0.0,0.0,0.0,0.0,0.0,0.0,0.0,0.0,0.0,0.0,0.0,0.0,0.0,0.0,0.0,0.0,0.0,0.0,0.0,0.0,0.0,0.0,0.0,0.0,0.0,0.0,0.0,0.0,0.0,0.0,0.0,0.0,0.0,0.0,0.0,0.0,0.0,0.0,0.0,0.0,0.0,0.0,0.0,0.0,0.0,0.0,0.0,0.0,0.0,0.0,0.0,0.0,0.0,0.0,0.0,0.0,0.0,0.0,0.0,0.0,0.0,0.0,0.0,0.0,0.0,0.0,0.0,0.0,0.0,0.0,0.0,0.0,0.0,0.0,0.0,0.0,0.0,0.0,0.0,0.0,0.0,0.0,0.0,0.0,0.0,0.0,0.0,0.0,0.0,0.0,0.0,0.0,0.0,0.0,0.0,0.0,0.0,0.0,0.0,0.0,0.0,0.0,0.0,0.0,0.0,0.0,0.0,0.0,0.0,0.0,0.0,0.0,0.0,0.0,0.0,0.0,0.0,0.0,0.0,0.0,0.0,0.0,0.0,0.0,0.0,0.0,0.0,0.0,0.0,0.0,0.0,0.0,0.0,0.0,0.0,0.0,0.0,0.0,0.0,0.0,0.0,0.0,0.0,0.0,0.0,0.0,0.0,0.0,0.0,0.0,0.0,0.0,0.0,0.0,0.0,0.0,0.0,0.0,0.0,0.0,0.0,0.0,0.0,0.0,0.0,0.0,0.0,0.0,0.0,0.0,0.0,0.0,0.0,0.0,0.0,0.0,0.0,0.0,0.0,0.0,0.0,0.0,0.0,0.0,0.0,0.0,0.0,0.0,0.0,0.0,0.0,0.0,0.0,0.0,0.0,0.0,0.0,0.0,0.0,0.0,0.0,0.0,0.0,0.0,0.0,0.0,0.0,0.0,0.0,0.0,0.0,0.0,0.0,0.0,0.0,0.0,0.0,0.0,0.0,0.0,0.0,0.0,0.0,0.0,0.0,0.0,0.0,0.0,0.0,0.0,0.0,0.0,0.0,0.0,0.0,0.0,0.0,0.0,0.0,0.0,0.0,0.0,0.0,0.0,0.0,0.0,0.0,0.0,0.0,0.0,0.0,0.0,0.0,0.0,0.0,0.0,0.0,0.0,0.0,0.0,0.0,0.0,0.0,0.0,0.0,0.0,0.0,0.0,0.0,0.0,0.0,0.0,0.0,0.0,0.0,0.0,0.0,0.0,0.0,0.0,0.0,0.0,0.0,0.0,0.0,0.0,0.0,0.0,0.0,0.0,0.0,0.0,0.0,0.0,0.0,0.0,0.0,0.0,0.0,0.0,0.0,0.0,0.0,0.0,0.0,0.0,0.0,0.0,0.0,0.0,0.0,0.0,0.0,0.0,0.0,0.0,0.0,0.0,0.0,0.0,0.0,0.0,0.0,0.0,0.0,0.0,0.0,0.0,0.0,0.0,0.0,0.0,0.0,0.0,0.0,0.0,0.0,0.0,0.0,0.0,0.0,0.0,0.0,0.0,0.0,0.0,0.0,0.0,0.0,0.0,0.0,0.0,0.0,0.0,0.0,0.0,0.0,0.0,0.0,0.0,0.0,0.0,0.0,0.0,0.0,0.0,0.0,0.0,0.0,0.0,0.0,0.0,0.0,0.0,0.0,0.0,0.0,0.0,0.0,0.0,0.0,0.0,0.0,0.0,0.0,0.0,0.0,0.0,0.0,0.0,0.0,0.0,0.0,0.0,0.0,0.0,0.0,0.0,0.0,0.0,0.0,0.0,0.0,0.0,0.0,0.0,0.0,0.0,0.0,0.0,0.0,0.0,0.0,0.0,0.0,0.0,0.0,0.0,0.0,0.039491720139071526,4.85419339586115e-8,4.461807832435559e-9,-1.3898876212706232e-8,8.929698964045553e-5,4.738035896957121e-13,-0.002330558212456418,2.3109457568514193e-10,7.422764876331841e-5,-5.495335582585723e-11,-1.2429149012353217e-12,0.00535246240950103,-3.2122390380665123e-6,-5.995376271595494e-5,0.0032171927725745454,1.0331292339167162e-6,2.5249706079412808e-5,-9.862758610190952e-11,0.00014295243113241916,-0.0007506529610589469,-2.7312250034868806e-7,0.0011941784156969625,0.0015005655919293076,-3.7362629071595416e-6,-0.0066545763072611485,-2.1010147588408333e-8,6.732874845381675e-5,-3.0450661971804263e-12,-1.0497567221406854e-6,3.2515761256477387e-5,-1.643496221636872e-11,0.0010686701494600351,9.39436704258081e-6,1.3008420162980173e-5,7.990588767084183e-12,-2.7222110001931255e-10,0.000444422092341426,-0.004624955021455094,-6.383546086193277e-9,-8.639743685262867e-12,-5.7205556260276214e-11,3.935085659901998e-9,-6.393505585531673e-8,0.0004027510165124896,-8.13738419867026e-6,-0.002828264603776124,-6.858800630371148e-12,5.468122803718878e-6,-5.4680591879102545e-9,4.634238062500021e-7,-0.0003740169194851631,7.370460822080298e-5,3.120438252304186e-10,4.772952591009008e-7,0.0002918443122347852,-9.039884757687878e-5,-5.039562222390303e-10,-3.673307940845802e-5,0.0006995168846260529,1.2194139779424697e-9,-8.451236617098423e-7,2.7495694289387437e-6,7.892179926581847e-8,-2.789277969038614e-12,0.0008448548026294729,3.95484356875098e-8,1.2718224021840137e-6,0.002544422240666734,9.013783555060983e-5,3.024378045221555e-5,-6.931798257473774e-8,5.139452863403664e-11,-2.979564246214488e-12,0.0012448863861950705,-0.0008712992111382045,-0.0047102867457725585,5.841550986347389e-6,4.3037202709130745e-10,-7.668176044273807e-6,-1.4212805381571604e-11,-3.342384906802929e-8,-7.968120820060109e-10,4.063131449694064e-11,-0.011766734386154698,-1.4050456647550905e-9,0.000597789842024863,-0.0018884816840312813,4.463776205557199e-5,4.521578566391232e-12,-3.195267606310259e-5,-1.9944154231428005e-8,-0.0018775306654098425,-2.006819522645958e-5,0.00037315258960043095,8.701185745628192e-7,-2.971246005379799e-6,-6.355733989088714e-12,-5.2422038017084245e-14,-1.483188635532697e-12,0.0024498696815062108,-2.6860219409956465e-11,2.769339413576491e-6,0.0035890811189293477,-0.005686407137312257,6.264328643666801e-5,6.474201172258157e-6,0.0007293554742968956,-6.780001916494771e-14,-0.0005864995202948245,0.0018518036400343553,-1.110053056745245e-5,-0.0005580134705366161,0.0003078163756470547,-0.0015285167037340653,-3.5558530066362853e-13,-0.001197211630656193,-3.0839998596957083e-9,-3.065187341519657e-5,9.283764264076303e-6,2.426586147236011e-8,5.292657033488711e-10,-0.00021399297614873588,-2.5016576758274886e-11,-0.00022305206264911786,0.005103824553042942,2.8446151983599454e-9,1.8433518672659268e-6,-1.1879508590140053e-7,-0.00822161537881173,3.950498776387202e-7,-2.911457261110377e-7,2.7439498871151116e-11,1.463013355656861e-7,0.0006029474297537074,-9.087352798249087e-9,6.782856965612818e-5,-2.4291815610709726e-11,0.00013743792135732194,0.00016617978882400763,-2.7443382502843305e-6,-4.2524873379644317e-10,3.2136083528459006e-8,5.359853642753797e-7,-8.675242767451575e-7,2.660239754246307e-5,-4.775339032701113e-10,1.3731250629768418e-10,-5.4970941688388634e-5,0.013975967452228196,-7.600731315930343e-11,-1.0094850795956431e-6,2.059075142403694e-6,0.000817402595752894,-0.0011357538046652047,2.205537017921543e-11,-8.237343442984224e-12,-0.002118111873082203,4.297287092993308e-5,-2.4777442457353287e-6,-7.400792151814479e-10,6.451549540608107e-6,-0.007906878170039376,-8.444261724753814e-7,-2.4181349803037627e-9,-1.9167981609078516e-8,0.00012347408790979768,-0.0003474789394564138,0.0007116322306815372,-0.0013000586312326013,-0.001417031855441502,-0.002437592312815306,6.219602013315446e-11,-3.3899066829463246e-13,-2.8472728831797233e-5,7.30435369501764e-7,-4.162196319595318e-12
0.0,0.0,0.0,0.0,0.0,0.0,0.0,0.0,0.0,0.0,0.0,0.0,0.0,0.0,0.0,0.0,0.0,0.0,0.0,0.0,0.0,0.0,0.0,0.0,0.0,0.0,0.0,0.0,0.0,0.0,0.0,0.0,0.0,0.0,0.0,0.0,0.0,0.0,0.0,0.0,0.0,0.0,0.0,0.0,0.0,0.0,0.0,0.0,0.0,0.0,0.0,0.0,0.0,0.0,0.0,0.0,0.0,0.0,0.0,0.0,0.0,0.0,0.0,0.0,0.0,0.0,0.0,0.0,0.0,0.0,0.0,0.0,0.0,0.0,0.0,0.0,0.0,0.0,0.0,0.0,0.0,0.0,0.0,0.0,0.0,0.0,0.0,0.0,0.0,0.0,0.0,0.0,0.0,0.0,0.0,0.0,0.0,0.0,0.0,0.0,0.0,0.0,0.0,0.0,0.0,0.0,0.0,0.0,0.0,0.0,0.0,0.0,0.0,0.0,0.0,0.0,0.0,0.0,0.0,0.0,0.0,0.0,0.0,0.0,0.0,0.0,0.0,0.0,0.0,0.0,0.0,0.0,0.0,0.0,0.0,0.0,0.0,0.0,0.0,0.0,0.0,0.0,0.0,0.0,0.0,0.0,0.0,0.0,0.0,0.0,0.0,0.0,0.0,0.0,0.0,0.0,0.0,0.0,0.0,0.0,0.0,0.0,0.0,0.0,0.0,0.0,0.0,0.0,0.0,0.0,0.0,0.0,0.0,0.0,0.0,0.0,0.0,0.0,0.0,0.0,0.0,0.0,0.0,0.0,0.0,0.0,0.0,0.0,0.0,0.0,0.0,0.0,0.0,0.0,0.0,0.0,0.0,0.0,0.0,0.0,0.0,0.0,0.0,0.0,0.0,0.0,0.0,0.0,0.0,0.0,0.0,0.0,0.0,0.0,0.0,0.0,0.0,0.0,0.0,0.0,0.0,0.0,0.0,0.0,0.0,0.0,0.0,0.0,0.0,0.0,0.0,0.0,0.0,0.0,0.0,0.0,0.0,0.0,0.0,0.0,0.0,0.0,0.0,0.0,0.0,0.0,0.0,0.0,0.0,0.0,0.0,0.0,0.0,0.0,0.0,0.0,0.0,0.0,0.0,0.0,0.0,0.0,0.0,0.0,0.0,0.0,0.0,0.0,0.0,0.0,0.0,0.0,0.0,0.0,0.0,0.0,0.0,0.0,0.0,0.0,0.0,0.0,0.0,0.0,0.0,0.0,0.0,0.0,0.0,0.0,0.0,0.0,0.0,0.0,0.0,0.0,0.0,0.0,0.0,0.0,0.0,0.0,0.0,0.0,0.0,0.0,0.0,0.0,0.0,0.0,0.0,0.0,0.0,0.0,0.0,0.0,0.0,0.0,0.0,0.0,0.0,0.0,0.0,0.0,0.0,0.0,0.0,0.0,0.0,0.0,0.0,0.0,0.0,0.0,0.0,0.0,0.0,0.0,0.0,0.0,0.0,0.0,0.0,0.0,0.0,0.0,0.0,0.0,0.0,0.0,0.0,0.0,0.0,0.0,0.0,0.0,0.0,0.0,0.0,0.0,0.0,0.0,0.0,0.0,0.0,0.0,0.0,0.0,0.0,0.0,0.0,0.0,0.0,0.0,0.0,0.0,0.0,0.0,0.0,0.0,0.0,0.0,0.0,0.0,0.0,0.0,0.0,0.0,0.0,0.0,0.0,0.0,0.0,0.0,0.0,0.0,0.0,0.0,0.0,0.0,0.0,0.0,0.0,0.0,0.0,0.0,0.0,0.0,0.0,0.0,0.0,0.0,0.0,0.0,0.0,0.0,0.0,0.0,0.0,0.0,0.0,0.0,0.0,0.0,0.0,0.0,0.0,0.0,0.0,0.0,0.0,0.0,0.0,0.0,0.0,0.0,0.0,0.0,0.0,0.0,0.0,0.0,0.0,0.0,0.0,0.0,0.0,0.0,0.0,0.0,0.0,0.0,0.0,0.0,0.0,0.0,0.0,0.0,0.0,0.0,0.0,0.0,0.0,0.0,0.0,0.0,0.0,0.0,0.0,0.0,0.0,0.0,0.0,0.0,0.0,0.0,0.0,0.0,0.0,0.0,0.0,0.0,0.0,0.0,0.0,0.0,0.0,0.0,0.0,0.0,0.0,0.0,0.0,0.0,0.0,0.0,0.0,0.0,0.0,0.0,0.0,0.0,0.0,0.0,0.0,0.0,0.0,0.0,0.0,0.0,0.0,0.0,0.0,0.0,0.0,0.0,0.0,0.0,0.0,0.0,0.0,0.0,0.0,0.0,0.0,0.0,0.0,0.0,0.0,0.0,0.0,0.0,0.0,0.0,0.0,0.0,0.0,0.0,0.0,0.0,0.0,0.0,0.0,0.0,0.0,0.0,0.0,0.0,0.0,0.0,0.0,0.0,0.0,0.0,0.0,0.0,0.0,0.0,0.0,0.0,0.0,0.0,0.0,0.0,0.0,0.0,0.0,0.0,0.0,0.0,0.0,0.0,0.0,0.0,0.0,0.0,0.0,0.0,0.0,0.0,0.0,0.0,0.0,0.0,0.0,0.0,0.0,0.0,0.0,0.0,0.0,0.0,0.0,0.0,0.0,0.0,0.0,0.0,0.0,0.0,0.0,0.0,0.0,0.0,0.0,0.0,0.0,0.0,0.0,0.0,0.0,0.0,0.0,0.0,0.0,0.0,0.0,0.0,0.0,0.0,0.0,0.0,0.0,0.0,0.04053643372139469,0.0006524114500677163,-0.00764573005300425,1.8543518197861788e-10,2.0231107103240855e-7,2.920938523469898e-9,-0.0001342533368954141,-2.5508664730540912e-8,-8.397346900553652e-5,5.239407957913981e-7,2.7617639673710995e-8,-0.0003117050484112581,-3.6919104840968943e-7,-2.747141074502177e-7,-9.649388168660303e-6,-1.9419187605271457e-6,2.07996691244585e-5,-1.2244654237633112e-9,6.704896667062462e-9,0.0007071582761514252,1.1798273598322528e-6,-5.686942235177176e-9,8.224402839327743e-5,1.1184340608003296e-7,-0.0006766553668957032,8.245375691161205e-7,-6.051612623030069e-6,2.0472657310337544e-5,-5.395812187288362e-10,-7.520780094439235e-7,-1.885739611661342e-9,-9.150093745575272e-12,-3.043525544513546e-6,1.2779035885885968e-6,1.1333051986110405e-5,5.41277026423917e-9,4.385985994773329e-9,-0.0021785700804972147,7.274750819073611e-6,-2.523791583690748e-5,-0.0004969849046254012,-0.000425962848837712,-2.0664812968448652e-11,4.2154713757717586e-5,7.594705871916707e-9,-2.2564123400590457e-8,1.2652829484067221e-5,-7.903242708280797e-5,-0.0036703385814271464,2.6586617189258404e-9,-7.647100187522884e-6,-2.879435907633284e-5,0.0011000993821180737,-1.540562113281158e-6,-5.66062580968569e-6,0.00025583338455954416,7.929085209222069e-11,5.028505582814453e-8,-0.0008411618789804457,-0.0009688828222120908,0.00038316997304028733,-0.002177169915857498,3.1111691292631165e-6,1.7440211746792094e-8,-0.0006910063640915811,-3.2432924747587794e-11,-3.3194350880747356e-9,-1.822629799790124e-6,-4.021946370950195e-10,0.0007871437964617796,7.290962660126946e-6,1.780732845084644e-6,4.939347413071821e-7,2.3578065283461892e-6,-7.447842125033106e-8,2.2955214722623843e-11,4.8067077751382005e-5,-5.037950716801632e-5,1.2074773079293284e-6,-0.00039483904736955236,-0.0025129386690141437,-4.9095381789763795e-5,-1.2643545795994273e-8,0.0005240253435723661,-2.745297559074516e-7,9.373710849271135e-7,-2.671542644720191e-8,9.728654107642682e-8,-3.898954619227712e-9,-0.000161197676309313,-5.999225589431161e-7,6.385934266432983e-10,3.9530298197197657e-10,0.0021314501193229144,0.00037455157845211155,2.404770971364791e-7,-1.7817609729012538e-7,-5.218314956970773e-7,1.4028937517412954e-7,3.0066618712352653e-6,-7.541272252665818e-7,5.8228884096886816e-9,-1.3843149805294578e-8,-3.438322367632586e-10,-3.4336025171713554e-5,-3.237961414619203e-9,-8.303269633513564e-8,1.1077155965724425e-6,-1.2357680454169443e-7,-3.8270487523199793e-5,-1.42444605019511e-9,-3.805520777458535e-9,6.644028151772666e-9,-1.9284575109850808e-6,5.327077431323179e-7,-0.0010901203344224105,-6.127473550994671e-6,-2.7022839338587997e-10,0.0048999550364771174,0.0004666528734235761,2.124686454975731e-6,-2.212225839242968e-7,5.292177258581259e-6,-2.68416525979909e-9,-4.136269249979798e-5,2.9244393553788665e-5,-0.0013534395467381818,-3.8229274582278856e-8,2.4438619114268453e-5,-1.4479101290643328e-11,-4.64134264080256e-6,0.0017052998568009748,-5.138344978467937e-7,-0.0025301018392354484,2.7583622590110354e-9,-0.00014741721055751733,1.3749819325614552e-9,-2.526752688567793e-8,4.926926265323455e-11,-3.832319886952409e-5,0.02564589369823167,3.227163346834511e-5,-0.0004029451787620113,9.513088858622044e-11,0.0004452050408189762,9.511188587812714e-6,-7.812365387502531e-6,-7.4216784938837996e-9,-4.9744847081153536e-5,6.935771014770427e-5,-8.064381062812941e-5,-2.987330370145448e-7,2.2155125845618206e-8,-5.461693864818704e-7,1.5606679499207752e-6,3.3857270116878957e-9,-1.1491395713275447e-6,3.164960684849556e-5,-0.00022614760216722445,-4.71500842039102e-6,2.9777897170240563e-8,0.00015114073626059247,0.005512901131021111,-0.0002719067669344624,5.157646094167065e-10,-1.6563632242010433e-9,-1.2282937019332856e-7,-4.1583208597629055e-8,-1.9225041687529478e-7,8.73934202566401e-9,1.3103409348126714e-6,5.073704474635952e-7,-1.7092272692315308e-10,1.1591377299276199e-6,4.851556062800351e-7
0.0,0.0,0.0,0.0,0.0,0.0,0.0,0.0,0.0,0.0,0.0,0.0,0.0,0.0,0.0,0.0,0.0,0.0,0.0,0.0,0.0,0.0,0.0,0.0,0.0,0.0,0.0,0.0,0.0,0.0,0.0,0.0,0.0,0.0,0.0,0.0,0.0,0.0,0.0,0.0,0.0,0.0,0.0,0.0,0.0,0.0,0.0,0.0,0.0,0.0,0.0,0.0,0.0,0.0,0.0,0.0,0.0,0.0,0.0,0.0,0.0,0.0,0.0,0.0,0.0,0.0,0.0,0.0,0.0,0.0,0.0,0.0,0.0,0.0,0.0,0.0,0.0,0.0,0.0,0.0,0.0,0.0,0.0,0.0,0.0,0.0,0.0,0.0,0.0,0.0,0.0,0.0,0.0,0.0,0.0,0.0,0.0,0.0,0.0,0.0,0.0,0.0,0.0,0.0,0.0,0.0,0.0,0.0,0.0,0.0,0.0,0.0,0.0,0.0,0.0,0.0,0.0,0.0,0.0,0.0,0.0,0.0,0.0,0.0,0.0,0.0,0.0,0.0,0.0,0.0,0.0,0.0,0.0,0.0,0.0,0.0,0.0,0.0,0.0,0.0,0.0,0.0,0.0,0.0,0.0,0.0,0.0,0.0,0.0,0.0,0.0,0.0,0.0,0.0,0.0,0.0,0.0,0.0,0.0,0.0,0.0,0.0,0.0,0.0,0.0,0.0,0.0,0.0,0.0,0.0,0.0,0.0,0.0,0.0,0.0,0.0,0.0,0.0,0.0,0.0,0.0,0.0,0.0,0.0,0.0,0.0,0.0,0.0,0.0,0.0,0.0,0.0,0.0,0.0,0.0,0.0,0.0,0.0,0.0,0.0,0.0,0.0,0.0,0.0,0.0,0.0,0.0,0.0,0.0,0.0,0.0,0.0,0.0,0.0,0.0,0.0,0.0,0.0,0.0,0.0,0.0,0.0,0.0,0.0,0.0,0.0,0.0,0.0,0.0,0.0,0.0,0.0,0.0,0.0,0.0,0.0,0.0,0.0,0.0,0.0,0.0,0.0,0.0,0.0,0.0,0.0,0.0,0.0,0.0,0.0,0.0,0.0,0.0,0.0,0.0,0.0,0.0,0.0,0.0,0.0,0.0,0.0,0.0,0.0,0.0,0.0,0.0,0.0,0.0,0.0,0.0,0.0,0.0,0.0,0.0,0.0,0.0,0.0,0.0,0.0,0.0,0.0,0.0,0.0,0.0,0.0,0.0,0.0,0.0,0.0,0.0,0.0,0.0,0.0,0.0,0.0,0.0,0.0,0.0,0.0,0.0,0.0,0.0,0.0,0.0,0.0,0.0,0.0,0.0,0.0,0.0,0.0,0.0,0.0,0.0,0.0,0.0,0.0,0.0,0.0,0.0,0.0,0.0,0.0,0.0,0.0,0.0,0.0,0.0,0.0,0.0,0.0,0.0,0.0,0.0,0.0,0.0,0.0,0.0,0.0,0.0,0.0,0.0,0.0,0.0,0.0,0.0,0.0,0.0,0.0,0.0,0.0,0.0,0.0,0.0,0.0,0.0,0.0,0.0,0.0,0.0,0.0,0.0,0.0,0.0,0.0,0.0,0.0,0.0,0.0,0.0,0.0,0.0,0.0,0.0,0.0,0.0,0.0,0.0,0.0,0.0,0.0,0.0,0.0,0.0,0.0,0.0,0.0,0.0,0.0,0.0,0.0,0.0,0.0,0.0,0.0,0.0,0.0,0.0,0.0,0.0,0.0,0.0,0.0,0.0,0.0,0.0,0.0,0.0,0.0,0.0,0.0,0.0,0.0,0.0,0.0,0.0,0.0,0.0,0.0,0.0,0.0,0.0,0.0,0.0,0.0,0.0,0.0,0.0,0.0,0.0,0.0,0.0,0.0,0.0,0.0,0.0,0.0,0.0,0.0,0.0,0.0,0.0,0.0,0.0,0.0,0.0,0.0,0.0,0.0,0.0,0.0,0.0,0.0,0.0,0.0,0.0,0.0,0.0,0.0,0.0,0.0,0.0,0.0,0.0,0.0,0.0,0.0,0.0,0.0,0.0,0.0,0.0,0.0,0.0,0.0,0.0,0.0,0.0,0.0,0.0,0.0,0.0,0.0,0.0,0.0,0.0,0.0,0.0,0.0,0.0,0.0,0.0,0.0,0.0,0.0,0.0,0.0,0.0,0.0,0.0,0.0,0.0,0.0,0.0,0.0,0.0,0.0,0.0,0.0,0.0,0.0,0.0,0.0,0.0,0.0,0.0,0.0,0.0,0.0,0.0,0.0,0.0,0.0,0.0,0.0,0.0,0.0,0.0,0.0,0.0,0.0,0.0,0.0,0.0,0.0,0.0,0.0,0.0,0.0,0.0,0.0,0.0,0.0,0.0,0.0,0.0,0.0,0.0,0.0,0.0,0.0,0.0,0.0,0.0,0.0,0.0,0.0,0.0,0.0,0.0,0.0,0.0,0.0,0.0,0.0,0.0,0.0,0.0,0.0,0.0,0.0,0.0,0.0,0.0,0.0,0.0,0.0,0.0,0.0,0.0,0.0,0.0,0.0,0.0,0.0,0.0,0.0,0.0,0.0,0.0,0.0,0.0,0.0,0.0,0.0,0.0,0.0,0.0,0.0,0.0,0.0,0.0,0.0,0.0,0.0,0.0,0.0,0.0,0.0,0.0,0.0,0.0,0.0,0.0,0.0,0.0,0.0,0.0,0.0,0.0,0.0,0.0,0.0,0.0,0.025066077837139444,0.0007216749056603358,-4.169237607570834e-11,2.385458641122293e-6,-7.248335783013792e-10,0.0010105586547855287,-2.0825320455940465e-9,-5.7419032111911946e-5,-7.966454062833084e-7,4.126609484576292e-9,3.969362148160544e-6,1.3896961806956508e-8,9.78072489052396e-9,3.0243636818405418e-6,1.2317669796903288e-7,8.954136848878483e-5,-1.4588300354396423e-10,-6.72817372876217e-11,0.00018270934327061362,4.546907922840024e-8,9.2690559767373e-10,4.0124129618411886e-7,6.421646026941435e-10,-0.005991867415971419,-8.530961327863162e-7,-0.00016006656441173897,1.4025962778167975e-5,3.9983383707912715e-13,-6.149066201108601e-5,2.7820553930192744e-10,6.787822360269903e-13,-1.9871693672614615e-7,-3.1062315370325684e-6,-0.0006818605707451805,-5.347051027079692e-10,3.7844876615514837e-10,-0.0019104910017006696,-6.0119896723043915e-5,-0.00023541123078267087,0.004084039072633231,-3.847086084529216e-5,3.898719261249721e-12,5.2123375791077994e-6,1.501731638612744e-10,-5.980512633452071e-5,2.429559034874965e-7,0.004742690742603509,0.0007051040481193941,-1.6619745882797258e-10,2.689357050518566e-7,0.001012683934011471,0.00012611639768350699,-6.492630930956634e-8,-5.711447041446781e-7,-0.00213901442509231,-2.769159031652928e-11,9.41820664597127e-10,-0.0008387315457492122,-5.079502311767908e-5,3.860696361288586e-5,-7.034856762800287e-5,-0.00010808988173846198,1.90645271573532e-8,0.00017140930148106925,1.512622638921324e-12,-1.905591967742362e-10,-5.679884415491751e-8,5.0304888024726795e-11,-3.994824155158209e-5,0.00029310673390918365,2.2799429521941475e-5,4.088648674113189e-8,-7.66983992233524e-8,5.283936126915556e-9,-1.025329487009636e-12,0.0010404639285087648,1.4032629928657005e-6,9.177410691312928e-5,0.0010183620602726882,-0.0008297835316089773,0.000169892830882458,2.42825877020665e-10,-0.0007486963716356243,7.46601767605665e-9,2.685237722045326e-7,3.481946125329013e-9,3.018073088480043e-5,3.990635283843546e-11,-3.3665123515660788e-6,-6.825933983211988e-9,-1.6208883660997953e-11,-8.19889964005192e-11,2.8266468385077207e-5,-1.4172764659344907e-5,-2.479824835445716e-5,1.1371776921152165e-6,1.3944400178028428e-5,7.47889526373902e-9,7.44978521604776e-6,6.722418004346621e-8,-1.2766210648768822e-9,9.013913052306208e-9,4.77990475820244e-13,-2.0581035306971993e-6,7.455211739374503e-10,-1.8184926031928493e-6,-2.869351359170828e-8,-4.4052007783399124e-9,5.149993996541132e-6,1.770704231318572e-10,1.5508915462996103e-10,-1.7598462381990694e-10,-1.8234806647587612e-5,1.874312874105978e-9,-0.0042997383920509585,1.510446534658233e-6,4.591835006223124e-12,0.001137630831122305,-0.0006435588412076947,-1.6182490198830777e-7,-7.157109488765982e-5,-3.610390905658374e-7,-5.990340622662181e-10,0.0017088547657247277,-5.84669665400286e-5,3.906077458635724e-5,-4.71726063529124e-10,1.0429325808162894e-5,4.650263511406173e-12,-0.00033061532832638613,4.5138321222484966e-5,1.5098851710875397e-7,-0.009107868307392408,-2.2139732233344012e-10,-0.0014678099421742562,-8.547243342522527e-11,-1.0232375032405774e-9,-3.799721845094154e-12,-0.001595381286583897,0.0014952329699073426,-1.1468825508580833e-5,2.4626722572682692e-5,-3.760200808065957e-12,0.006075897591168119,0.000498351109946624,1.8944715691773377e-6,-1.2629855523455788e-9,-0.00025534007087912923,-4.273017001872454e-5,1.5271437053175738e-5,-3.752734293532413e-8,1.16823314783167e-8,4.3407835109362616e-5,1.6843875779244567e-6,2.1230050497752767e-9,2.0758585591837475e-8,-1.407054980735493e-5,-0.00613493477978338,-4.720622206792596e-6,-5.22404652423487e-10,2.954362339610016e-5,0.003368314650910269,-0.005262063679084256,-4.416075475189007e-11,-5.387632964539269e-10,3.681311313860418e-8,8.294730223404965e-10,3.2161737318588956e-9,-2.9998643009788145e-8,0.000498792130544784,0.000122831832523447,-9.980124359490573e-12,2.4443494522979466e-7,7.655682573305452e-6
0.0,0.0,0.0,0.0,0.0,0.0,0.0,0.0,0.0,0.0,0.0,0.0,0.0,0.0,0.0,0.0,0.0,0.0,0.0,0.0,0.0,0.0,0.0,0.0,0.0,0.0,0.0,0.0,0.0,0.0,0.0,0.0,0.0,0.0,0.0,0.0,0.0,0.0,0.0,0.0,0.0,0.0,0.0,0.0,0.0,0.0,0.0,0.0,0.0,0.0,0.0,0.0,0.0,0.0,0.0,0.0,0.0,0.0,0.0,0.0,0.0,0.0,0.0,0.0,0.0,0.0,0.0,0.0,0.0,0.0,0.0,0.0,0.0,0.0,0.0,0.0,0.0,0.0,0.0,0.0,0.0,0.0,0.0,0.0,0.0,0.0,0.0,0.0,0.0,0.0,0.0,0.0,0.0,0.0,0.0,0.0,0.0,0.0,0.0,0.0,0.0,0.0,0.0,0.0,0.0,0.0,0.0,0.0,0.0,0.0,0.0,0.0,0.0,0.0,0.0,0.0,0.0,0.0,0.0,0.0,0.0,0.0,0.0,0.0,0.0,0.0,0.0,0.0,0.0,0.0,0.0,0.0,0.0,0.0,0.0,0.0,0.0,0.0,0.0,0.0,0.0,0.0,0.0,0.0,0.0,0.0,0.0,0.0,0.0,0.0,0.0,0.0,0.0,0.0,0.0,0.0,0.0,0.0,0.0,0.0,0.0,0.0,0.0,0.0,0.0,0.0,0.0,0.0,0.0,0.0,0.0,0.0,0.0,0.0,0.0,0.0,0.0,0.0,0.0,0.0,0.0,0.0,0.0,0.0,0.0,0.0,0.0,0.0,0.0,0.0,0.0,0.0,0.0,0.0,0.0,0.0,0.0,0.0,0.0,0.0,0.0,0.0,0.0,0.0,0.0,0.0,0.0,0.0,0.0,0.0,0.0,0.0,0.0,0.0,0.0,0.0,0.0,0.0,0.0,0.0,0.0,0.0,0.0,0.0,0.0,0.0,0.0,0.0,0.0,0.0,0.0,0.0,0.0,0.0,0.0,0.0,0.0,0.0,0.0,0.0,0.0,0.0,0.0,0.0,0.0,0.0,0.0,0.0,0.0,0.0,0.0,0.0,0.0,0.0,0.0,0.0,0.0,0.0,0.0,0.0,0.0,0.0,0.0,0.0,0.0,0.0,0.0,0.0,0.0,0.0,0.0,0.0,0.0,0.0,0.0,0.0,0.0,0.0,0.0,0.0,0.0,0.0,0.0,0.0,0.0,0.0,0.0,0.0,0.0,0.0,0.0,0.0,0.0,0.0,0.0,0.0,0.0,0.0,0.0,0.0,0.0,0.0,0.0,0.0,0.0,0.0,0.0,0.0,0.0,0.0,0.0,0.0,0.0,0.0,0.0,0.0,0.0,0.0,0.0,0.0,0.0,0.0,0.0,0.0,0.0,0.0,0.0,0.0,0.0,0.0,0.0,0.0,0.0,0.0,0.0,0.0,0.0,0.0,0.0,0.0,0.0,0.0,0.0,0.0,0.0,0.0,0.0,0.0,0.0,0.0,0.0,0.0,0.0,0.0,0.0,0.0,0.0,0.0,0.0,0.0,0.0,0.0,0.0,0.0,0.0,0.0,0.0,0.0,0.0,0.0,0.0,0.0,0.0,0.0,0.0,0.0,0.0,0.0,0.0,0.0,0.0,0.0,0.0,0.0,0.0,0.0,0.0,0.0,0.0,0.0,0.0,0.0,0.0,0.0,0.0,0.0,0.0,0.0,0.0,0.0,0.0,0.0,0.0,0.0,0.0,0.0,0.0,0.0,0.0,0.0,0.0,0.0,0.0,0.0,0.0,0.0,0.0,0.0,0.0,0.0,0.0,0.0,0.0,0.0,0.0,0.0,0.0,0.0,0.0,0.0,0.0,0.0,0.0,0.0,0.0,0.0,0.0,0.0,0.0,0.0,0.0,0.0,0.0,0.0,0.0,0.0,0.0,0.0,0.0,0.0,0.0,0.0,0.0,0.0,0.0,0.0,0.0,0.0,0.0,0.0,0.0,0.0,0.0,0.0,0.0,0.0,0.0,0.0,0.0,0.0,0.0,0.0,0.0,0.0,0.0,0.0,0.0,0.0,0.0,0.0,0.0,0.0,0.0,0.0,0.0,0.0,0.0,0.0,0.0,0.0,0.0,0.0,0.0,0.0,0.0,0.0,0.0,0.0,0.0,0.0,0.0,0.0,0.0,0.0,0.0,0.0,0.0,0.0,0.0,0.0,0.0,0.0,0.0,0.0,0.0,0.0,0.0,0.0,0.0,0.0,0.0,0.0,0.0,0.0,0.0,0.0,0.0,0.0,0.0,0.0,0.0,0.0,0.0,0.0,0.0,0.0,0.0,0.0,0.0,0.0,0.0,0.0,0.0,0.0,0.0,0.0,0.0,0.0,0.0,0.0,0.0,0.0,0.0,0.0,0.0,0.0,0.0,0.0,0.0,0.0,0.0,0.0,0.0,0.0,0.0,0.0,0.0,0.0,0.0,0.0,0.0,0.0,0.0,0.0,0.0,0.0,0.0,0.0,0.0,0.0,0.0,0.0,0.0,0.0,0.0,0.0,0.0,0.0,0.0,0.0,0.0,0.0,0.0,0.0,0.0,0.0,0.0,0.0,0.0,0.0,0.0,0.0,0.0,0.0,0.0,0.0,0.0,0.0,0.0,0.0,0.0,0.0,0.0,0.0,0.0,0.0,0.0,0.0,0.0,0.0,0.0,0.0,0.0,0.0,0.0,0.0,0.026980734129570697,-8.692080964045861e-10,-5.152557989007475e-8,1.4474263182639356e-9,-1.9797794534085348e-5,-5.174162145981351e-8,-2.4173359940005658e-5,1.6927740453882124e-7,7.155705887459404e-9,0.0002834108551122637,3.1668520647095417e-7,2.1978763313534268e-7,3.8593211999356466e-5,-1.0638238277348987e-5,3.4955798772584744e-5,-9.375027090733896e-10,-5.125881888571671e-9,0.00023248425682807536,-2.8219908552402973e-8,8.784984087809147e-9,-0.00012729143315161155,-2.0631447981189676e-8,-0.00017316747667356887,-7.460903707794948e-6,-1.2610853711812046e-5,-8.220884016209911e-5,4.3802117091936585e-10,-3.6110289940858593e-7,3.6381462735520033e-9,3.590950419851932e-11,2.3114706468014798e-5,-1.3152642681970779e-8,4.1020511088981456e-5,-9.451295332523294e-9,-7.944117918036132e-9,-4.80109664852906e-5,5.082464696754256e-6,1.1370118239266027e-6,-0.0012505076239051334,0.0003721627173677689,1.042737872677302e-9,7.472377764469935e-5,-6.161042550530068e-9,9.348257320758755e-7,-2.5212205621098844e-5,-0.0014496560912519994,0.003870605921604923,-5.142901886394021e-9,1.0856939648720312e-6,0.00018157114677961388,-0.00028775759332343653,9.449259504048928e-8,-7.198506379326617e-7,-2.872660568972219e-5,-1.0203236395795986e-9,-3.392864928794359e-8,-0.001807112361869299,-0.004071952685949333,0.00026998620982678903,0.0014866645167004903,8.679066445055817e-6,-2.842137451070824e-7,0.0008970114423458297,4.570443671509602e-11,2.4981723779828722e-9,-3.535107277252022e-7,1.1312031695184418e-9,-0.002276868978208676,4.225998530124341e-7,-6.149670026164388e-7,1.2312741365532205e-7,2.732872141372913e-6,1.240061713716619e-7,-2.3984929664088703e-11,-3.0055356599362956e-5,-1.3569714895134532e-5,-1.0554134082189945e-6,0.006884962177767187,-0.000202665500008251,-9.224521058383562e-6,2.3018571703554567e-8,-0.0007821995939646381,5.7234193691626926e-8,3.527945580681165e-6,3.7584787417887473e-8,-3.4734388087251443e-7,1.9570545269868835e-9,2.1862559547619564e-5,6.145065182227285e-7,-7.097618176822853e-10,-1.5313090748203323e-9,-0.003477354606715032,0.00014462425943003303,9.275061743188431e-7,4.504749289463276e-9,-4.6369653323625615e-7,1.2569144132052295e-7,-1.24429799744316e-6,-1.1067417255883134e-7,-2.4156072203133156e-8,1.9973659748239776e-7,1.797776362874549e-10,-2.6779327841641393e-5,5.1563012213713105e-9,-5.494347449106847e-9,-8.425586521063881e-7,9.214151328062031e-8,7.4596205817118e-5,3.6240160181761165e-9,5.1607577759564516e-9,-6.8221479279656164e-9,2.0571622905669332e-7,-3.4685896537687506e-7,-0.0006859719238081215,9.439544452069236e-6,2.543186988925872e-10,0.004430232493305145,0.0003255040441795782,5.926782535355543e-7,-8.482127675836906e-7,-1.4359130684744077e-5,-1.2367604887677617e-9,-0.0002742104190468443,-0.0011980205077443623,-0.0017710303706683142,9.015649632021693e-8,-0.000193250487177656,6.567405801304706e-11,-3.233306670031509e-7,0.0003781506309591102,1.950070399781635e-6,0.00026731589526314434,-4.685476467244415e-9,-4.263380139649618e-5,-1.8215181374935136e-9,7.175826737606789e-9,-8.598081269467787e-11,9.54595321743044e-6,0.004798689688935653,0.0009463032384118157,0.0007547412215402298,-1.3237380909800002e-10,3.8999024173117295e-5,3.509122761823512e-6,2.8429819388839845e-5,2.2644206190163605e-8,-7.268437524213846e-6,-0.0004695168888376813,0.0001969379297803163,-1.2272155407110034e-7,-3.0329530242321803e-7,-1.3735435517027603e-6,-2.915318701227795e-7,4.033236152173723e-8,8.045487640739911e-7,1.6077540981320938e-6,-0.00012074150361033288,-0.00010965449660771731,-1.882183927319787e-9,0.00031453499254701256,0.0006994610909237484,0.002719767226330821,-6.116737017890998e-10,-1.063997649944716e-8,7.503613170317486e-7,3.714666109481431e-8,1.615023300647686e-7,1.6268960525281403e-8,-9.291475114723425e-6,-8.057483321668975e-7,-1.9007970676088372e-11,1.1903480335062713e-5,-7.706021307792071e-8
0.0,0.0,0.0,0.0,0.0,0.0,0.0,0.0,0.0,0.0,0.0,0.0,0.0,0.0,0.0,0.0,0.0,0.0,0.0,0.0,0.0,0.0,0.0,0.0,0.0,0.0,0.0,0.0,0.0,0.0,0.0,0.0,0.0,0.0,0.0,0.0,0.0,0.0,0.0,0.0,0.0,0.0,0.0,0.0,0.0,0.0,0.0,0.0,0.0,0.0,0.0,0.0,0.0,0.0,0.0,0.0,0.0,0.0,0.0,0.0,0.0,0.0,0.0,0.0,0.0,0.0,0.0,0.0,0.0,0.0,0.0,0.0,0.0,0.0,0.0,0.0,0.0,0.0,0.0,0.0,0.0,0.0,0.0,0.0,0.0,0.0,0.0,0.0,0.0,0.0,0.0,0.0,0.0,0.0,0.0,0.0,0.0,0.0,0.0,0.0,0.0,0.0,0.0,0.0,0.0,0.0,0.0,0.0,0.0,0.0,0.0,0.0,0.0,0.0,0.0,0.0,0.0,0.0,0.0,0.0,0.0,0.0,0.0,0.0,0.0,0.0,0.0,0.0,0.0,0.0,0.0,0.0,0.0,0.0,0.0,0.0,0.0,0.0,0.0,0.0,0.0,0.0,0.0,0.0,0.0,0.0,0.0,0.0,0.0,0.0,0.0,0.0,0.0,0.0,0.0,0.0,0.0,0.0,0.0,0.0,0.0,0.0,0.0,0.0,0.0,0.0,0.0,0.0,0.0,0.0,0.0,0.0,0.0,0.0,0.0,0.0,0.0,0.0,0.0,0.0,0.0,0.0,0.0,0.0,0.0,0.0,0.0,0.0,0.0,0.0,0.0,0.0,0.0,0.0,0.0,0.0,0.0,0.0,0.0,0.0,0.0,0.0,0.0,0.0,0.0,0.0,0.0,0.0,0.0,0.0,0.0,0.0,0.0,0.0,0.0,0.0,0.0,0.0,0.0,0.0,0.0,0.0,0.0,0.0,0.0,0.0,0.0,0.0,0.0,0.0,0.0,0.0,0.0,0.0,0.0,0.0,0.0,0.0,0.0,0.0,0.0,0.0,0.0,0.0,0.0,0.0,0.0,0.0,0.0,0.0,0.0,0.0,0.0,0.0,0.0,0.0,0.0,0.0,0.0,0.0,0.0,0.0,0.0,0.0,0.0,0.0,0.0,0.0,0.0,0.0,0.0,0.0,0.0,0.0,0.0,0.0,0.0,0.0,0.0,0.0,0.0,0.0,0.0,0.0,0.0,0.0,0.0,0.0,0.0,0.0,0.0,0.0,0.0,0.0,0.0,0.0,0.0,0.0,0.0,0.0,0.0,0.0,0.0,0.0,0.0,0.0,0.0,0.0,0.0,0.0,0.0,0.0,0.0,0.0,0.0,0.0,0.0,0.0,0.0,0.0,0.0,0.0,0.0,0.0,0.0,0.0,0.0,0.0,0.0,0.0,0.0,0.0,0.0,0.0,0.0,0.0,0.0,0.0,0.0,0.0,0.0,0.0,0.0,0.0,0.0,0.0,0.0,0.0,0.0,0.0,0.0,0.0,0.0,0.0,0.0,0.0,0.0,0.0,0.0,0.0,0.0,0.0,0.0,0.0,0.0,0.0,0.0,0.0,0.0,0.0,0.0,0.0,0.0,0.0,0.0,0.0,0.0,0.0,0.0,0.0,0.0,0.0,0.0,0.0,0.0,0.0,0.0,0.0,0.0,0.0,0.0,0.0,0.0,0.0,0.0,0.0,0.0,0.0,0.0,0.0,0.0,0.0,0.0,0.0,0.0,0.0,0.0,0.0,0.0,0.0,0.0,0.0,0.0,0.0,0.0,0.0,0.0,0.0,0.0,0.0,0.0,0.0,0.0,0.0,0.0,0.0,0.0,0.0,0.0,0.0,0.0,0.0,0.0,0.0,0.0,0.0,0.0,0.0,0.0,0.0,0.0,0.0,0.0,0.0,0.0,0.0,0.0,0.0,0.0,0.0,0.0,0.0,0.0,0.0,0.0,0.0,0.0,0.0,0.0,0.0,0.0,0.0,0.0,0.0,0.0,0.0,0.0,0.0,0.0,0.0,0.0,0.0,0.0,0.0,0.0,0.0,0.0,0.0,0.0,0.0,0.0,0.0,0.0,0.0,0.0,0.0,0.0,0.0,0.0,0.0,0.0,0.0,0.0,0.0,0.0,0.0,0.0,0.0,0.0,0.0,0.0,0.0,0.0,0.0,0.0,0.0,0.0,0.0,0.0,0.0,0.0,0.0,0.0,0.0,0.0,0.0,0.0,0.0,0.0,0.0,0.0,0.0,0.0,0.0,0.0,0.0,0.0,0.0,0.0,0.0,0.0,0.0,0.0,0.0,0.0,0.0,0.0,0.0,0.0,0.0,0.0,0.0,0.0,0.0,0.0,0.0,0.0,0.0,0.0,0.0,0.0,0.0,0.0,0.0,0.0,0.0,0.0,0.0,0.0,0.0,0.0,0.0,0.0,0.0,0.0,0.0,0.0,0.0,0.0,0.0,0.0,0.0,0.0,0.0,0.0,0.0,0.0,0.0,0.0,0.0,0.0,0.0,0.0,0.0,0.0,0.0,0.0,0.0,0.0,0.0,0.0,0.0,0.0,0.0,0.0,0.0,0.0,0.0,0.0,0.0,0.0,0.0,0.0,0.0,0.0,0.0,0.0,0.0,0.0,0.0,0.0,0.0,0.0,0.0,0.0,0.0,0.0,0.0,0.0,0.0,0.0,0.0,0.0,0.0,0.0,0.0,0.0,0.029665523684996056,-1.7139584526873404e-16,4.938999482801752e-5,2.7771569727902966e-12,4.256367786037114e-5,3.4020256334810643e-12,-1.2569527926870122e-15,-5.977781320281926e-5,2.1416366672366884e-8,8.276069628830493e-6,2.942859938258648e-5,3.0284863923704813e-7,-2.9794136708247847e-7,2.574462734879282e-12,0.0001491268999743076,-0.0015302851675010546,1.890824083674376e-9,-5.005146369254953e-6,-0.00012782564314185916,9.20219469074305e-9,0.00010443213618337133,2.27964130544647e-10,2.607876601581589e-7,-5.289649282558666e-14,-5.071544685252287e-8,-0.003507503288887016,2.8039349420650504e-14,0.0011113880100579547,0.0002108137587482264,-3.0264453552270853e-7,-1.7276306575598344e-13,1.1655407955808423e-12,0.002094818614919881,0.0012700611076243997,-1.946749908157229e-11,2.3125711437216813e-13,9.915890770690937e-14,-1.27554678023638e-10,1.7822878227631966e-8,3.527726144118954e-5,6.678498150618501e-9,0.00021465444833638592,2.305788555193605e-14,3.95281446702e-7,9.449707009720411e-11,-3.646641810817216e-9,-0.0009358899564219994,-1.90646415209091e-7,4.0474765010725516e-12,-3.1315461094317036e-9,-2.3828417977208735e-6,1.1763936493085928e-6,-4.364625242328622e-12,0.0025327905109774392,6.17875046466239e-5,-9.367377420439588e-11,1.0831856702027705e-9,2.990376065572616e-8,-1.2717883821331266e-9,-3.381539117941553e-13,1.6242799226692807e-5,8.947791145351298e-9,-0.0011522771436530946,0.0009425761517271881,-8.955829728152303e-7,-0.003824214359387518,2.4619181831103963e-9,-1.5258446875563312e-13,1.2954047176465512e-14,1.0325057155693656e-5,3.175202940092814e-6,-5.000487906063484e-5,-0.0004708839634528529,-3.2979277972222316e-12,1.7417113796875314e-7,2.89586289429789e-13,-1.2968617962298474e-10,2.41455166660811e-12,1.0718232721103441e-12,0.000128704760980472,-1.229481341689979e-10,4.669675931536936e-6,2.0500451117195256e-5,0.00031620226743649663,2.1829442076297418e-14,0.0005314399686532809,-4.6702764038916024e-8,7.5641833229409196e-6,0.005543324857172565,0.0025903607387584094,5.701529094458344e-9,1.4925524032665552e-8,-7.791515446134696e-15,9.821222146097856e-15,3.005913697210105e-14,4.672078536685666e-5,1.7916405050364705e-13,-7.505746308610995e-7,-7.562329893344563e-5,7.618942254892838e-5,0.006699145176626325,-4.4918493612996425e-7,0.00029960120338262534,-2.6597124693595793e-16,-1.1392342887719324e-6,4.5259764752969455e-5,-4.154975924206124e-7,0.0011791609047163934,-0.003547063354142748,0.002855935287675132,2.272397475694544e-14,2.2459224672751577e-5,1.7078145476058017e-10,-3.135674126698171e-8,0.0014627555972997026,7.572772582018356e-10,4.915199461570602e-13,-1.1675539718418619e-6,2.914540173588502e-14,-6.398346423937766e-7,-0.0001603741730738113,-4.225627264530382e-11,-1.5379983969175407e-8,-3.222548411336466e-9,-8.50035479748163e-5,1.710123564819504e-9,-0.002077688480568433,-2.4477559911760016e-13,1.0616661922829741e-9,-2.7746380806717104e-6,1.042679449204728e-11,0.002933368129573475,-2.7263921269652144e-12,-0.0013002591610752434,0.0005585552506296693,0.0010127339030906954,1.0020342343757958e-11,1.320614357887731e-10,-5.149417023154048e-9,-8.33269247152762e-9,0.003670870778868392,2.1677713445722012e-11,7.344252947956936e-13,4.897279555507966e-7,0.00018767743111478894,5.40670115215842e-13,-1.138842413704205e-8,-1.427373479047916e-8,-6.393383698800053e-6,1.9581458726191504e-5,-3.789107958266336e-13,5.627922348004301e-14,8.856177841218494e-5,-2.3482259736185504e-6,9.192103471539407e-8,-1.8466429876863493e-11,-9.463335385765773e-8,-1.3869168480450412e-5,-3.688664002794533e-8,-4.408896466789057e-11,9.902463089349435e-11,0.00018087251881768933,-8.570523668257972e-5,7.122080328124763e-6,-1.5041026206806453e-5,-1.235933475667588e-5,-2.8497170114507346e-6,8.074149286381308e-14,5.396752172914455e-14,0.005181164573476017,-1.6445481972423335e-6,2.77922167745818e-14
0.0,0.0,0.0,0.0,0.0,0.0,0.0,0.0,0.0,0.0,0.0,0.0,0.0,0.0,0.0,0.0,0.0,0.0,0.0,0.0,0.0,0.0,0.0,0.0,0.0,0.0,0.0,0.0,0.0,0.0,0.0,0.0,0.0,0.0,0.0,0.0,0.0,0.0,0.0,0.0,0.0,0.0,0.0,0.0,0.0,0.0,0.0,0.0,0.0,0.0,0.0,0.0,0.0,0.0,0.0,0.0,0.0,0.0,0.0,0.0,0.0,0.0,0.0,0.0,0.0,0.0,0.0,0.0,0.0,0.0,0.0,0.0,0.0,0.0,0.0,0.0,0.0,0.0,0.0,0.0,0.0,0.0,0.0,0.0,0.0,0.0,0.0,0.0,0.0,0.0,0.0,0.0,0.0,0.0,0.0,0.0,0.0,0.0,0.0,0.0,0.0,0.0,0.0,0.0,0.0,0.0,0.0,0.0,0.0,0.0,0.0,0.0,0.0,0.0,0.0,0.0,0.0,0.0,0.0,0.0,0.0,0.0,0.0,0.0,0.0,0.0,0.0,0.0,0.0,0.0,0.0,0.0,0.0,0.0,0.0,0.0,0.0,0.0,0.0,0.0,0.0,0.0,0.0,0.0,0.0,0.0,0.0,0.0,0.0,0.0,0.0,0.0,0.0,0.0,0.0,0.0,0.0,0.0,0.0,0.0,0.0,0.0,0.0,0.0,0.0,0.0,0.0,0.0,0.0,0.0,0.0,0.0,0.0,0.0,0.0,0.0,0.0,0.0,0.0,0.0,0.0,0.0,0.0,0.0,0.0,0.0,0.0,0.0,0.0,0.0,0.0,0.0,0.0,0.0,0.0,0.0,0.0,0.0,0.0,0.0,0.0,0.0,0.0,0.0,0.0,0.0,0.0,0.0,0.0,0.0,0.0,0.0,0.0,0.0,0.0,0.0,0.0,0.0,0.0,0.0,0.0,0.0,0.0,0.0,0.0,0.0,0.0,0.0,0.0,0.0,0.0,0.0,0.0,0.0,0.0,0.0,0.0,0.0,0.0,0.0,0.0,0.0,0.0,0.0,0.0,0.0,0.0,0.0,0.0,0.0,0.0,0.0,0.0,0.0,0.0,0.0,0.0,0.0,0.0,0.0,0.0,0.0,0.0,0.0,0.0,0.0,0.0,0.0,0.0,0.0,0.0,0.0,0.0,0.0,0.0,0.0,0.0,0.0,0.0,0.0,0.0,0.0,0.0,0.0,0.0,0.0,0.0,0.0,0.0,0.0,0.0,0.0,0.0,0.0,0.0,0.0,0.0,0.0,0.0,0.0,0.0,0.0,0.0,0.0,0.0,0.0,0.0,0.0,0.0,0.0,0.0,0.0,0.0,0.0,0.0,0.0,0.0,0.0,0.0,0.0,0.0,0.0,0.0,0.0,0.0,0.0,0.0,0.0,0.0,0.0,0.0,0.0,0.0,0.0,0.0,0.0,0.0,0.0,0.0,0.0,0.0,0.0,0.0,0.0,0.0,0.0,0.0,0.0,0.0,0.0,0.0,0.0,0.0,0.0,0.0,0.0,0.0,0.0,0.0,0.0,0.0,0.0,0.0,0.0,0.0,0.0,0.0,0.0,0.0,0.0,0.0,0.0,0.0,0.0,0.0,0.0,0.0,0.0,0.0,0.0,0.0,0.0,0.0,0.0,0.0,0.0,0.0,0.0,0.0,0.0,0.0,0.0,0.0,0.0,0.0,0.0,0.0,0.0,0.0,0.0,0.0,0.0,0.0,0.0,0.0,0.0,0.0,0.0,0.0,0.0,0.0,0.0,0.0,0.0,0.0,0.0,0.0,0.0,0.0,0.0,0.0,0.0,0.0,0.0,0.0,0.0,0.0,0.0,0.0,0.0,0.0,0.0,0.0,0.0,0.0,0.0,0.0,0.0,0.0,0.0,0.0,0.0,0.0,0.0,0.0,0.0,0.0,0.0,0.0,0.0,0.0,0.0,0.0,0.0,0.0,0.0,0.0,0.0,0.0,0.0,0.0,0.0,0.0,0.0,0.0,0.0,0.0,0.0,0.0,0.0,0.0,0.0,0.0,0.0,0.0,0.0,0.0,0.0,0.0,0.0,0.0,0.0,0.0,0.0,0.0,0.0,0.0,0.0,0.0,0.0,0.0,0.0,0.0,0.0,0.0,0.0,0.0,0.0,0.0,0.0,0.0,0.0,0.0,0.0,0.0,0.0,0.0,0.0,0.0,0.0,0.0,0.0,0.0,0.0,0.0,0.0,0.0,0.0,0.0,0.0,0.0,0.0,0.0,0.0,0.0,0.0,0.0,0.0,0.0,0.0,0.0,0.0,0.0,0.0,0.0,0.0,0.0,0.0,0.0,0.0,0.0,0.0,0.0,0.0,0.0,0.0,0.0,0.0,0.0,0.0,0.0,0.0,0.0,0.0,0.0,0.0,0.0,0.0,0.0,0.0,0.0,0.0,0.0,0.0,0.0,0.0,0.0,0.0,0.0,0.0,0.0,0.0,0.0,0.0,0.0,0.0,0.0,0.0,0.0,0.0,0.0,0.0,0.0,0.0,0.0,0.0,0.0,0.0,0.0,0.0,0.0,0.0,0.0,0.0,0.0,0.0,0.0,0.0,0.0,0.0,0.0,0.0,0.0,0.0,0.0,0.0,0.0,0.0,0.0,0.0,0.0,0.0,0.0,0.0,0.0,0.0,0.0,0.0,0.0,0.0,0.0,0.0,0.0,0.0,0.0,0.0,0.0,0.0,0.026319207640681845,-2.804032190098977e-13,-9.134037943682834e-5,6.844170353593545e-13,3.7916968156340377e-5,5.1775232314712204e-5,-1.2847695531420802e-13,-8.999649605289262e-10,-5.274235642229247e-12,-5.398390119525645e-12,-8.724047875348011e-10,4.1555612519430293e-10,-1.7729838747364345e-6,1.644304345478618e-14,1.4872468728128502e-13,4.86996502380454e-8,1.731427142409403e-11,-2.0668792949669226e-13,-1.8411163089020735e-9,1.3420005350049792e-13,1.1275520614218405e-6,4.764840053251541e-11,0.00022670764577233083,3.092718557319602e-9,-4.488152978663172e-15,-0.0008328486769493591,1.5838678119374705e-14,-6.992854351494626e-16,3.0091974899511804e-10,-0.0008094449692409702,-3.406587514435075e-6,1.074646909139257e-13,-4.506873368730806e-14,2.706418455528234e-7,-0.00020520032327485478,-0.0003602374251179849,-4.659976844892466e-6,-2.602163117346036e-9,-1.359271890493074e-15,1.0587428510081209e-9,1.292662998915883e-13,0.002302315974352226,6.388909953374435e-11,9.140724963089838e-7,-1.070966704566133e-7,8.15999207520731e-14,-1.6837434454401056e-10,-2.4384486336856806e-5,1.975379819390671e-8,-3.0800068761923804e-11,6.658548261425843e-11,8.767372681985669e-6,2.5571318389103327e-14,-8.240314086211516e-13,-3.1617375652714976e-7,1.310997938453645e-8,-1.463388927893379e-8,6.755620803724471e-8,-0.0008081798809082133,-6.480662897323924e-13,-3.2385052707627595e-8,3.6945377606993834e-16,2.723962163320387e-14,3.125434202207227e-11,-1.2183461869466463e-14,-8.363161449838292e-8,6.097434026880898e-5,0.0032891130598168973,-3.660677205930956e-12,-1.75574094816842e-11,-1.6847470099779212e-13,5.413058281503463e-16,-4.089160823557437e-5,-1.5884733848290818e-9,-0.00019744674862265163,-5.517987647481976e-7,-3.101194101969399e-8,-7.797670329213881e-5,-1.5518941646777773e-13,6.911741348388692e-7,1.3424090677671408e-12,-4.6208878683808e-11,-1.2302623280087974e-12,0.0009109008677324183,-4.611238847106838e-14,-2.608797659340558e-9,-1.1227568396768974e-12,4.8871691846524794e-15,1.6357807965421048e-14,-4.6161468998121214e-8,8.112078531898591e-9,-0.0009648914300634014,-0.002220365784362474,-0.007805880218514672,-1.2546371432425876e-11,-0.00012074480256455795,-2.2243723609298276e-11,2.5226981970328546e-13,-1.2011625792473565e-12,-7.852653585720166e-15,3.532605770842035e-10,-2.6422111975634397e-13,0.0016268680979069764,-2.8619644163609018e-11,6.582359749568521e-13,7.471667154428644e-10,-7.624118107144857e-14,-5.342677111951407e-14,6.10032287582494e-14,-0.0019442897505880063,2.057278049965037e-12,5.638500314054466e-8,-8.027420245264809e-10,-3.2525733783077006e-15,1.4481251218996838e-8,-4.570349738728655e-6,4.8609693501711445e-11,0.001815284735277709,3.199712582742143e-11,-1.0827721721372486e-13,2.7024291343339476e-6,5.894035346233245e-9,-4.322019115963126e-8,5.371269449501833e-13,1.3961170069720625e-8,-1.397585446890782e-15,4.7344978403246204e-5,3.414234495603898e-8,-4.1377933331354885e-11,1.3514267012613454e-7,6.399132041196485e-14,5.1438110902708566e-6,4.0399115709981825e-14,1.2417055665778157e-13,1.0919284114648828e-15,5.9700264110431565e-5,7.818035245736175e-8,-3.234342237816389e-9,-7.319190708261822e-9,-7.910948100435277e-17,-4.106803669690903e-6,3.837029550729582e-5,-8.596035617871601e-10,-9.225738314850903e-13,-8.041810696344118e-5,-9.035627425598013e-10,6.916062941293838e-9,2.122790088257008e-12,2.6139288777949164e-13,0.00031774265496189926,0.004184440162384731,-1.2536213781590527e-13,1.0376686425208595e-12,-2.7917132210744195e-9,-4.200139616331326e-6,-1.6283993238678154e-9,2.1023728371740781e-13,8.91075661441052e-9,4.362645955758886e-7,-1.3694240505435624e-7,1.2180426239099117e-14,2.801227199318192e-13,-2.3291474694755215e-11,-8.399405202842979e-13,-1.0943679600318996e-11,5.660834818533237e-12,6.69421128279542e-5,0.0007271913656432171,7.820154871036884e-16,4.2533340966834714e-11,0.006913702306931862
0.0,0.0,0.0,0.0,0.0,0.0,0.0,0.0,0.0,0.0,0.0,0.0,0.0,0.0,0.0,0.0,0.0,0.0,0.0,0.0,0.0,0.0,0.0,0.0,0.0,0.0,0.0,0.0,0.0,0.0,0.0,0.0,0.0,0.0,0.0,0.0,0.0,0.0,0.0,0.0,0.0,0.0,0.0,0.0,0.0,0.0,0.0,0.0,0.0,0.0,0.0,0.0,0.0,0.0,0.0,0.0,0.0,0.0,0.0,0.0,0.0,0.0,0.0,0.0,0.0,0.0,0.0,0.0,0.0,0.0,0.0,0.0,0.0,0.0,0.0,0.0,0.0,0.0,0.0,0.0,0.0,0.0,0.0,0.0,0.0,0.0,0.0,0.0,0.0,0.0,0.0,0.0,0.0,0.0,0.0,0.0,0.0,0.0,0.0,0.0,0.0,0.0,0.0,0.0,0.0,0.0,0.0,0.0,0.0,0.0,0.0,0.0,0.0,0.0,0.0,0.0,0.0,0.0,0.0,0.0,0.0,0.0,0.0,0.0,0.0,0.0,0.0,0.0,0.0,0.0,0.0,0.0,0.0,0.0,0.0,0.0,0.0,0.0,0.0,0.0,0.0,0.0,0.0,0.0,0.0,0.0,0.0,0.0,0.0,0.0,0.0,0.0,0.0,0.0,0.0,0.0,0.0,0.0,0.0,0.0,0.0,0.0,0.0,0.0,0.0,0.0,0.0,0.0,0.0,0.0,0.0,0.0,0.0,0.0,0.0,0.0,0.0,0.0,0.0,0.0,0.0,0.0,0.0,0.0,0.0,0.0,0.0,0.0,0.0,0.0,0.0,0.0,0.0,0.0,0.0,0.0,0.0,0.0,0.0,0.0,0.0,0.0,0.0,0.0,0.0,0.0,0.0,0.0,0.0,0.0,0.0,0.0,0.0,0.0,0.0,0.0,0.0,0.0,0.0,0.0,0.0,0.0,0.0,0.0,0.0,0.0,0.0,0.0,0.0,0.0,0.0,0.0,0.0,0.0,0.0,0.0,0.0,0.0,0.0,0.0,0.0,0.0,0.0,0.0,0.0,0.0,0.0,0.0,0.0,0.0,0.0,0.0,0.0,0.0,0.0,0.0,0.0,0.0,0.0,0.0,0.0,0.0,0.0,0.0,0.0,0.0,0.0,0.0,0.0,0.0,0.0,0.0,0.0,0.0,0.0,0.0,0.0,0.0,0.0,0.0,0.0,0.0,0.0,0.0,0.0,0.0,0.0,0.0,0.0,0.0,0.0,0.0,0.0,0.0,0.0,0.0,0.0,0.0,0.0,0.0,0.0,0.0,0.0,0.0,0.0,0.0,0.0,0.0,0.0,0.0,0.0,0.0,0.0,0.0,0.0,0.0,0.0,0.0,0.0,0.0,0.0,0.0,0.0,0.0,0.0,0.0,0.0,0.0,0.0,0.0,0.0,0.0,0.0,0.0,0.0,0.0,0.0,0.0,0.0,0.0,0.0,0.0,0.0,0.0,0.0,0.0,0.0,0.0,0.0,0.0,0.0,0.0,0.0,0.0,0.0,0.0,0.0,0.0,0.0,0.0,0.0,0.0,0.0,0.0,0.0,0.0,0.0,0.0,0.0,0.0,0.0,0.0,0.0,0.0,0.0,0.0,0.0,0.0,0.0,0.0,0.0,0.0,0.0,0.0,0.0,0.0,0.0,0.0,0.0,0.0,0.0,0.0,0.0,0.0,0.0,0.0,0.0,0.0,0.0,0.0,0.0,0.0,0.0,0.0,0.0,0.0,0.0,0.0,0.0,0.0,0.0,0.0,0.0,0.0,0.0,0.0,0.0,0.0,0.0,0.0,0.0,0.0,0.0,0.0,0.0,0.0,0.0,0.0,0.0,0.0,0.0,0.0,0.0,0.0,0.0,0.0,0.0,0.0,0.0,0.0,0.0,0.0,0.0,0.0,0.0,0.0,0.0,0.0,0.0,0.0,0.0,0.0,0.0,0.0,0.0,0.0,0.0,0.0,0.0,0.0,0.0,0.0,0.0,0.0,0.0,0.0,0.0,0.0,0.0,0.0,0.0,0.0,0.0,0.0,0.0,0.0,0.0,0.0,0.0,0.0,0.0,0.0,0.0,0.0,0.0,0.0,0.0,0.0,0.0,0.0,0.0,0.0,0.0,0.0,0.0,0.0,0.0,0.0,0.0,0.0,0.0,0.0,0.0,0.0,0.0,0.0,0.0,0.0,0.0,0.0,0.0,0.0,0.0,0.0,0.0,0.0,0.0,0.0,0.0,0.0,0.0,0.0,0.0,0.0,0.0,0.0,0.0,0.0,0.0,0.0,0.0,0.0,0.0,0.0,0.0,0.0,0.0,0.0,0.0,0.0,0.0,0.0,0.0,0.0,0.0,0.0,0.0,0.0,0.0,0.0,0.0,0.0,0.0,0.0,0.0,0.0,0.0,0.0,0.0,0.0,0.0,0.0,0.0,0.0,0.0,0.0,0.0,0.0,0.0,0.0,0.0,0.0,0.0,0.0,0.0,0.0,0.0,0.0,0.0,0.0,0.0,0.0,0.0,0.0,0.0,0.0,0.0,0.0,0.0,0.0,0.0,0.0,0.0,0.0,0.0,0.0,0.0,0.0,0.0,0.0,0.0,0.0,0.0,0.0,0.0,0.0,0.0,0.0,0.0,0.0,0.0,0.0,0.0,0.0,0.0,0.0,0.0,0.0,0.0,0.0,0.0,0.0,0.0,0.0,0.0,0.0,0.0,0.0,0.0,0.031632532721981015,3.944149145851328e-11,9.042315788781508e-5,1.9135066595463706e-11,1.2718635445207359e-12,-0.007856950001708577,-7.969041749708221e-7,0.000660677070195569,-0.0004460972535788829,-1.1650985503275359e-6,2.017130888415213e-5,-3.553522450611198e-10,0.00013795297474622405,0.0005884157438995132,-1.6153496833296117e-7,0.0005062224350172915,0.002165066562591131,-4.598635335335973e-7,-0.006553805170361433,-1.7209785266068793e-8,7.282838046440865e-5,-9.609891130095199e-11,-1.3607014571872811e-6,2.724687703836697e-5,-1.4222954814562518e-11,0.0006526302566246416,-2.032307734924388e-5,-1.1386402174031784e-5,1.3361752749178316e-12,-5.342527718214618e-11,-0.00011350858435524762,0.000864526073869718,1.432652860534597e-8,1.4119266780388834e-11,-2.0057772848854453e-11,2.9402459943025727e-9,-2.2180093030240225e-7,0.0011247812393822552,-4.710127052749936e-7,2.1724200258000186e-5,-1.6598615552810795e-12,-3.310240267392413e-6,-1.4382448343398259e-8,-7.083593998133091e-8,-0.00022930614236855597,4.748960409273737e-5,-2.470933841140649e-10,2.944440365648636e-8,0.00010513419131330367,3.9015330183078685e-5,-8.903268176120284e-10,0.000320376406098203,0.0005461052473488049,1.186527814139526e-9,-2.0664338991370615e-7,1.6614728375807578e-7,6.005347638184988e-10,-5.151338483924651e-12,-3.136622597640766e-5,1.0421775996461684e-8,7.5926578297594e-6,-0.0007270256808543713,5.6245096748228347e-5,-0.00032882712981932105,-5.7204450322510486e-8,6.71630864584485e-11,2.639084409673266e-12,-0.00018276097988929605,-9.657466380286943e-5,-0.006825137220749006,2.360164248877299e-7,1.0159355335412855e-10,-1.8973104013092273e-6,2.6601795072126868e-12,2.822749529723618e-8,1.0139145796371368e-9,6.154125701578947e-12,-0.0013427436641679175,4.745965244091598e-9,-0.00023570864753192297,-0.0011603771595529457,0.0013460250291051472,5.812345643708277e-12,2.0662886023285214e-5,2.3967499171575314e-7,-9.125468903960938e-5,-2.0405650725019223e-5,-5.200432898798647e-6,-9.737237844949905e-8,-8.598300596151631e-7,-5.284656610609242e-13,-2.2397943213315982e-13,4.425737813980733e-13,0.00044483470201142194,-4.541201042835675e-12,-8.88985390600239e-5,-0.00152463950171475,-0.005034717685350785,-0.00011743292603198429,-2.8523050216087885e-6,-0.0009848716479687648,-5.453363308024579e-13,-4.091209344056314e-5,-0.000771785591976938,-5.352692325222755e-6,-0.0002650913240677218,-0.00014031496055217957,4.0737202169581104e-5,-1.2536176981006784e-12,-0.0009316983726900265,-7.457658147498294e-9,-2.266786414780798e-6,-3.389434746719608e-5,-1.1727600929088769e-7,1.6634253289957107e-9,-0.00011462086672196846,-1.5085257593774893e-11,-9.274078730350025e-5,0.00233770942209839,-2.69039397390426e-10,2.8527515903147123e-7,6.865749820136751e-8,0.005033105947008105,2.826983948659292e-7,3.249884359248247e-6,2.3675257136922097e-11,-4.999021946441579e-7,-3.2363213567839305e-5,9.750828464471207e-10,6.470051087835712e-6,1.5232404366717375e-10,-0.0011229216271335506,0.0011235495237542294,1.7013698373299326e-5,1.8482565175458223e-10,-1.3933644955600698e-9,2.3126130085029701e-7,-2.0986374674650796e-7,9.11416902473533e-5,2.525005315949918e-9,1.6232292469616836e-11,-1.686879252015004e-5,-0.009151380013866683,-9.073100787844055e-12,-2.3497049394951923e-7,5.695153445712808e-7,0.0007772256508276258,-0.00044284872201222255,1.6276754398560045e-11,-2.8521218304886677e-12,-0.001578401844507065,-1.4599331227974458e-5,-3.669099451421037e-7,-9.568388284600384e-10,6.135629181552659e-7,-0.001265976080004432,-6.117547405053871e-8,2.6795166143738973e-9,2.616409329216926e-9,2.2039857429547255e-5,-0.0027836820106643466,0.0002257614264585226,0.0018454351342171863,0.0002836507135064569,0.00018477719775828805,6.882118270092487e-11,2.1061441911153e-11,4.7798325434683005e-5,1.017286242468201e-5,7.06530520222257e-13
0.0,0.0,0.0,0.0,0.0,0.0,0.0,0.0,0.0,0.0,0.0,0.0,0.0,0.0,0.0,0.0,0.0,0.0,0.0,0.0,0.0,0.0,0.0,0.0,0.0,0.0,0.0,0.0,0.0,0.0,0.0,0.0,0.0,0.0,0.0,0.0,0.0,0.0,0.0,0.0,0.0,0.0,0.0,0.0,0.0,0.0,0.0,0.0,0.0,0.0,0.0,0.0,0.0,0.0,0.0,0.0,0.0,0.0,0.0,0.0,0.0,0.0,0.0,0.0,0.0,0.0,0.0,0.0,0.0,0.0,0.0,0.0,0.0,0.0,0.0,0.0,0.0,0.0,0.0,0.0,0.0,0.0,0.0,0.0,0.0,0.0,0.0,0.0,0.0,0.0,0.0,0.0,0.0,0.0,0.0,0.0,0.0,0.0,0.0,0.0,0.0,0.0,0.0,0.0,0.0,0.0,0.0,0.0,0.0,0.0,0.0,0.0,0.0,0.0,0.0,0.0,0.0,0.0,0.0,0.0,0.0,0.0,0.0,0.0,0.0,0.0,0.0,0.0,0.0,0.0,0.0,0.0,0.0,0.0,0.0,0.0,0.0,0.0,0.0,0.0,0.0,0.0,0.0,0.0,0.0,0.0,0.0,0.0,0.0,0.0,0.0,0.0,0.0,0.0,0.0,0.0,0.0,0.0,0.0,0.0,0.0,0.0,0.0,0.0,0.0,0.0,0.0,0.0,0.0,0.0,0.0,0.0,0.0,0.0,0.0,0.0,0.0,0.0,0.0,0.0,0.0,0.0,0.0,0.0,0.0,0.0,0.0,0.0,0.0,0.0,0.0,0.0,0.0,0.0,0.0,0.0,0.0,0.0,0.0,0.0,0.0,0.0,0.0,0.0,0.0,0.0,0.0,0.0,0.0,0.0,0.0,0.0,0.0,0.0,0.0,0.0,0.0,0.0,0.0,0.0,0.0,0.0,0.0,0.0,0.0,0.0,0.0,0.0,0.0,0.0,0.0,0.0,0.0,0.0,0.0,0.0,0.0,0.0,0.0,0.0,0.0,0.0,0.0,0.0,0.0,0.0,0.0,0.0,0.0,0.0,0.0,0.0,0.0,0.0,0.0,0.0,0.0,0.0,0.0,0.0,0.0,0.0,0.0,0.0,0.0,0.0,0.0,0.0,0.0,0.0,0.0,0.0,0.0,0.0,0.0,0.0,0.0,0.0,0.0,0.0,0.0,0.0,0.0,0.0,0.0,0.0,0.0,0.0,0.0,0.0,0.0,0.0,0.0,0.0,0.0,0.0,0.0,0.0,0.0,0.0,0.0,0.0,0.0,0.0,0.0,0.0,0.0,0.0,0.0,0.0,0.0,0.0,0.0,0.0,0.0,0.0,0.0,0.0,0.0,0.0,0.0,0.0,0.0,0.0,0.0,0.0,0.0,0.0,0.0,0.0,0.0,0.0,0.0,0.0,0.0,0.0,0.0,0.0,0.0,0.0,0.0,0.0,0.0,0.0,0.0,0.0,0.0,0.0,0.0,0.0,0.0,0.0,0.0,0.0,0.0,0.0,0.0,0.0,0.0,0.0,0.0,0.0,0.0,0.0,0.0,0.0,0.0,0.0,0.0,0.0,0.0,0.0,0.0,0.0,0.0,0.0,0.0,0.0,0.0,0.0,0.0,0.0,0.0,0.0,0.0,0.0,0.0,0.0,0.0,0.0,0.0,0.0,0.0,0.0,0.0,0.0,0.0,0.0,0.0,0.0,0.0,0.0,0.0,0.0,0.0,0.0,0.0,0.0,0.0,0.0,0.0,0.0,0.0,0.0,0.0,0.0,0.0,0.0,0.0,0.0,0.0,0.0,0.0,0.0,0.0,0.0,0.0,0.0,0.0,0.0,0.0,0.0,0.0,0.0,0.0,0.0,0.0,0.0,0.0,0.0,0.0,0.0,0.0,0.0,0.0,0.0,0.0,0.0,0.0,0.0,0.0,0.0,0.0,0.0,0.0,0.0,0.0,0.0,0.0,0.0,0.0,0.0,0.0,0.0,0.0,0.0,0.0,0.0,0.0,0.0,0.0,0.0,0.0,0.0,0.0,0.0,0.0,0.0,0.0,0.0,0.0,0.0,0.0,0.0,0.0,0.0,0.0,0.0,0.0,0.0,0.0,0.0,0.0,0.0,0.0,0.0,0.0,0.0,0.0,0.0,0.0,0.0,0.0,0.0,0.0,0.0,0.0,0.0,0.0,0.0,0.0,0.0,0.0,0.0,0.0,0.0,0.0,0.0,0.0,0.0,0.0,0.0,0.0,0.0,0.0,0.0,0.0,0.0,0.0,0.0,0.0,0.0,0.0,0.0,0.0,0.0,0.0,0.0,0.0,0.0,0.0,0.0,0.0,0.0,0.0,0.0,0.0,0.0,0.0,0.0,0.0,0.0,0.0,0.0,0.0,0.0,0.0,0.0,0.0,0.0,0.0,0.0,0.0,0.0,0.0,0.0,0.0,0.0,0.0,0.0,0.0,0.0,0.0,0.0,0.0,0.0,0.0,0.0,0.0,0.0,0.0,0.0,0.0,0.0,0.0,0.0,0.0,0.0,0.0,0.0,0.0,0.0,0.0,0.0,0.0,0.0,0.0,0.0,0.0,0.0,0.0,0.0,0.0,0.0,0.0,0.0,0.0,0.0,0.0,0.0,0.0,0.0,0.0,0.0,0.0,0.0,0.0,0.0,0.0,0.0,0.0,0.0,0.0,0.0,0.0,0.0,0.0,0.0,0.0,0.0,0.027611603913120078,-3.535159303368418e-10,-0.003128493536331936,-2.013099654625104e-5,8.571518522164375e-11,9.430634884845555e-8,4.13037954193931e-11,-2.5740673067608784e-11,1.0730881688397504e-7,-1.9977596363950694e-8,-0.0005714714142934355,-2.1506744598350817e-12,-9.548744155685754e-12,5.630633546284503e-6,6.1496564749462975e-9,-2.0492073954747098e-11,-3.009679565764898e-8,6.31950132861411e-10,-0.00016576434113454639,-1.528874811103321e-8,-0.00040638322267812227,1.7105849655027828e-7,-2.2264632526261486e-12,8.53457169780292e-6,-8.284482180860068e-12,-5.1049980504285693e-14,-7.046863216022103e-10,-0.00017635376869628796,-0.007018800115150805,1.7042700301158268e-11,8.317663604255718e-11,9.736863263409155e-5,-6.898386496899774e-5,0.004202093319577077,0.0007233016683544899,5.2889280720192815e-6,-8.730795344705266e-12,-2.236832037670885e-7,-2.8121588605180063e-12,-0.00031421995360016625,3.182309596093298e-8,-4.2696257124400865e-5,-2.7391398441093808e-5,1.4123356033898969e-11,-2.987274902003242e-8,-0.0008728533798257895,8.173420521351632e-6,-6.603088683125102e-9,-2.1563843721297673e-8,-0.007129889512438962,1.5732537685311895e-12,3.69494191429092e-10,0.0002431277814173219,-1.1883960057345556e-5,5.961147613680427e-7,-1.399115930076417e-6,-0.0004904076399129553,-1.8944999655811003e-9,-2.7426254210908976e-6,-1.0638731717729386e-13,-3.115666970365772e-11,-1.446952157484309e-8,-6.852424480586764e-13,2.27797617347e-5,0.0001501366369529262,-0.0002102384070438064,2.892551177142078e-9,1.4673676216521517e-8,-7.395479904414027e-11,5.965977149389655e-14,0.002745352794955688,-1.2895201596676148e-7,0.0008856003295386108,-2.8636366530465137e-5,0.00013515454533829943,0.0035412695272211882,1.9389768066718836e-11,4.607216769664808e-5,-1.782434129129603e-9,1.3636544470871864e-8,1.2950739635977248e-10,6.748609487509409e-5,-1.5322060275902647e-12,-1.4397387324684793e-7,-1.0333362389761093e-9,1.1814605435836545e-12,3.648192148697187e-12,1.8553662105309053e-6,-1.1021897945942396e-6,-4.212175580300524e-5,2.5208363467843154e-5,0.0001432300239104945,2.366093821981347e-9,0.0003637465301092289,4.019175415201899e-9,1.6092127737632527e-11,-2.153714267422889e-10,1.3354003274786878e-12,-3.206120425321626e-7,2.5444756693980808e-11,-1.1952687860687587e-5,-8.422675802132367e-11,-1.088835655408323e-10,1.6402442283922522e-7,1.3426543398097757e-11,-1.1136556984444341e-11,2.0186668223297567e-11,0.00018486977963189932,2.2263991981393406e-9,0.0002040178831012901,-1.5461301994811264e-7,-7.293744862567043e-13,1.5897666879544127e-5,0.0034471488643374906,-2.853948745477013e-8,-0.0009226504904516976,-4.0231971566256426e-10,-3.440385408195551e-11,0.0014827612163035922,-4.197037772570366e-6,1.023759394825828e-5,-7.794137606867635e-10,1.6913036855139202e-7,2.571716422061853e-13,0.0028399752608966305,2.548467613662234e-6,3.767721452318595e-9,9.806323254332628e-5,9.363117043070598e-12,0.006918455357815761,9.84466869884485e-12,-5.280008557065171e-11,-1.4506344855496495e-14,-0.0024696807122204798,-7.098264776857609e-5,3.957032222558499e-6,-5.088856161576158e-7,-7.143376934296445e-13,0.00022683836333417545,-0.0002193325605885842,3.6569978634817745e-8,9.330312841870369e-11,0.0038044043462111495,9.23582137269409e-9,-3.201961351057258e-7,-1.8621778661771657e-9,-1.1051158332829495e-10,-0.0021843582250777103,-0.0003398122551137513,2.9774038744300245e-12,1.6327544008081149e-9,4.3855964159894684e-7,-0.0004472948943222738,-7.67483296202989e-7,2.2182843897720945e-10,-9.385259169032422e-7,-8.090318908799168e-5,-0.0002549183602440262,1.0967229743295173e-12,7.754299047943018e-12,-1.2325964595781822e-10,3.153922282480691e-10,1.9737953441054933e-9,-1.405812003871026e-10,0.0011612951642356567,-1.836549601711413e-5,-1.003463243664173e-12,-4.803619502746088e-8,2.4666522114150007e-5
0.0,0.0,0.0,0.0,0.0,0.0,0.0,0.0,0.0,0.0,0.0,0.0,0.0,0.0,0.0,0.0,0.0,0.0,0.0,0.0,0.0,0.0,0.0,0.0,0.0,0.0,0.0,0.0,0.0,0.0,0.0,0.0,0.0,0.0,0.0,0.0,0.0,0.0,0.0,0.0,0.0,0.0,0.0,0.0,0.0,0.0,0.0,0.0,0.0,0.0,0.0,0.0,0.0,0.0,0.0,0.0,0.0,0.0,0.0,0.0,0.0,0.0,0.0,0.0,0.0,0.0,0.0,0.0,0.0,0.0,0.0,0.0,0.0,0.0,0.0,0.0,0.0,0.0,0.0,0.0,0.0,0.0,0.0,0.0,0.0,0.0,0.0,0.0,0.0,0.0,0.0,0.0,0.0,0.0,0.0,0.0,0.0,0.0,0.0,0.0,0.0,0.0,0.0,0.0,0.0,0.0,0.0,0.0,0.0,0.0,0.0,0.0,0.0,0.0,0.0,0.0,0.0,0.0,0.0,0.0,0.0,0.0,0.0,0.0,0.0,0.0,0.0,0.0,0.0,0.0,0.0,0.0,0.0,0.0,0.0,0.0,0.0,0.0,0.0,0.0,0.0,0.0,0.0,0.0,0.0,0.0,0.0,0.0,0.0,0.0,0.0,0.0,0.0,0.0,0.0,0.0,0.0,0.0,0.0,0.0,0.0,0.0,0.0,0.0,0.0,0.0,0.0,0.0,0.0,0.0,0.0,0.0,0.0,0.0,0.0,0.0,0.0,0.0,0.0,0.0,0.0,0.0,0.0,0.0,0.0,0.0,0.0,0.0,0.0,0.0,0.0,0.0,0.0,0.0,0.0,0.0,0.0,0.0,0.0,0.0,0.0,0.0,0.0,0.0,0.0,0.0,0.0,0.0,0.0,0.0,0.0,0.0,0.0,0.0,0.0,0.0,0.0,0.0,0.0,0.0,0.0,0.0,0.0,0.0,0.0,0.0,0.0,0.0,0.0,0.0,0.0,0.0,0.0,0.0,0.0,0.0,0.0,0.0,0.0,0.0,0.0,0.0,0.0,0.0,0.0,0.0,0.0,0.0,0.0,0.0,0.0,0.0,0.0,0.0,0.0,0.0,0.0,0.0,0.0,0.0,0.0,0.0,0.0,0.0,0.0,0.0,0.0,0.0,0.0,0.0,0.0,0.0,0.0,0.0,0.0,0.0,0.0,0.0,0.0,0.0,0.0,0.0,0.0,0.0,0.0,0.0,0.0,0.0,0.0,0.0,0.0,0.0,0.0,0.0,0.0,0.0,0.0,0.0,0.0,0.0,0.0,0.0,0.0,0.0,0.0,0.0,0.0,0.0,0.0,0.0,0.0,0.0,0.0,0.0,0.0,0.0,0.0,0.0,0.0,0.0,0.0,0.0,0.0,0.0,0.0,0.0,0.0,0.0,0.0,0.0,0.0,0.0,0.0,0.0,0.0,0.0,0.0,0.0,0.0,0.0,0.0,0.0,0.0,0.0,0.0,0.0,0.0,0.0,0.0,0.0,0.0,0.0,0.0,0.0,0.0,0.0,0.0,0.0,0.0,0.0,0.0,0.0,0.0,0.0,0.0,0.0,0.0,0.0,0.0,0.0,0.0,0.0,0.0,0.0,0.0,0.0,0.0,0.0,0.0,0.0,0.0,0.0,0.0,0.0,0.0,0.0,0.0,0.0,0.0,0.0,0.0,0.0,0.0,0.0,0.0,0.0,0.0,0.0,0.0,0.0,0.0,0.0,0.0,0.0,0.0,0.0,0.0,0.0,0.0,0.0,0.0,0.0,0.0,0.0,0.0,0.0,0.0,0.0,0.0,0.0,0.0,0.0,0.0,0.0,0.0,0.0,0.0,0.0,0.0,0.0,0.0,0.0,0.0,0.0,0.0,0.0,0.0,0.0,0.0,0.0,0.0,0.0,0.0,0.0,0.0,0.0,0.0,0.0,0.0,0.0,0.0,0.0,0.0,0.0,0.0,0.0,0.0,0.0,0.0,0.0,0.0,0.0,0.0,0.0,0.0,0.0,0.0,0.0,0.0,0.0,0.0,0.0,0.0,0.0,0.0,0.0,0.0,0.0,0.0,0.0,0.0,0.0,0.0,0.0,0.0,0.0,0.0,0.0,0.0,0.0,0.0,0.0,0.0,0.0,0.0,0.0,0.0,0.0,0.0,0.0,0.0,0.0,0.0,0.0,0.0,0.0,0.0,0.0,0.0,0.0,0.0,0.0,0.0,0.0,0.0,0.0,0.0,0.0,0.0,0.0,0.0,0.0,0.0,0.0,0.0,0.0,0.0,0.0,0.0,0.0,0.0,0.0,0.0,0.0,0.0,0.0,0.0,0.0,0.0,0.0,0.0,0.0,0.0,0.0,0.0,0.0,0.0,0.0,0.0,0.0,0.0,0.0,0.0,0.0,0.0,0.0,0.0,0.0,0.0,0.0,0.0,0.0,0.0,0.0,0.0,0.0,0.0,0.0,0.0,0.0,0.0,0.0,0.0,0.0,0.0,0.0,0.0,0.0,0.0,0.0,0.0,0.0,0.0,0.0,0.0,0.0,0.0,0.0,0.0,0.0,0.0,0.0,0.0,0.0,0.0,0.0,0.0,0.0,0.0,0.0,0.0,0.0,0.0,0.0,0.0,0.0,0.0,0.0,0.0,0.0,0.0,0.0,0.0,0.0,0.0,0.0,0.0,0.0,0.0,0.0,0.0,0.0,0.0,0.0,0.0,0.0,0.0,0.0,0.0,0.0,0.0,0.03323912432504729,1.5472088681869192e-10,1.0221053709207125e-12,0.003320528678187377,-7.519564236733225e-7,0.0017000628494705022,-0.0014244023689202608,-8.62092952736443e-5,3.70393702009538e-6,1.3603301912804132e-10,-9.350950004750895e-5,-0.00035703182193257095,3.028111630830081e-8,-0.00025548387229460437,-0.0008924669898113871,5.579937153313255e-6,0.00034433985025017716,-1.0096148581852173e-8,-0.00011468264969964258,-6.165061084139015e-11,-2.6961064470602623e-6,-3.515277301650707e-5,-5.767018288363531e-12,-0.00038899748193914753,-1.645885404769927e-6,-2.8437241701098886e-5,1.259901899913453e-13,-2.1606678112077918e-11,9.361023931518921e-5,0.001396071520053205,1.3862099545951186e-8,-1.9214243534917263e-11,-4.4852219161853474e-11,-3.2240458687328617e-9,-1.5332453801954248e-7,0.0002785526233721802,-3.190714947989797e-8,0.00031075415528974124,-7.944269809898421e-12,-3.1992855770426482e-6,-1.63170353274652e-9,-3.9203267407115923e-8,1.1008571135284745e-5,-6.037777061974182e-5,-4.948597586074747e-10,-7.969892651537697e-8,3.0754499758510377e-5,3.052514820894197e-5,-4.09348467699782e-11,0.00012740338070159132,0.0011635545537940634,8.56302525013086e-9,1.1048880533346791e-7,2.56760799756286e-7,1.3072764334109673e-8,1.4922468654688056e-11,0.002684576746007024,1.7536529787241964e-7,-1.0679200527065734e-6,4.134293880357651e-6,0.0001102630818187748,-0.00010010510854321344,-7.641853857233234e-8,7.347132728068754e-11,1.7618774168553199e-12,-0.001306609216324069,-0.0002997724122676844,-0.0006183356246087736,4.560764243139798e-6,2.3863460740666976e-10,-1.2072912273661692e-5,1.670275772711455e-11,3.887196433388405e-8,1.5914137995354946e-9,2.320574399853434e-13,0.0024297856779520407,9.232389485622557e-9,0.0020998388377849336,-0.000861604490199474,0.0044731407030544,5.7143532841365544e-12,0.00029844623038468855,-1.8413993765644222e-6,0.0002957621736451796,-4.684763250953748e-6,1.0780035790361213e-5,-1.4895981468066513e-7,-4.1445245310671335e-7,-1.0874151712093936e-12,-4.973521196644502e-13,2.328369462664954e-12,-0.001085897471649731,8.31613756363716e-12,-0.00015386660598185785,-0.0023122328140675963,0.005939047524507161,-1.2838482881945118e-5,3.700032676725135e-5,0.0010832684240280473,-7.060422051911935e-13,-9.173790168914637e-5,0.004895604084979083,-1.699538445228135e-5,0.000921042622188223,-1.269613115034925e-5,0.000133712414877218,-1.96616628344284e-12,0.0008757724901152665,7.473067229317574e-10,1.2335131137831938e-5,-2.3472508002263344e-5,-2.547331398012933e-8,1.0325783039044844e-9,5.8693244604387664e-5,-1.6175784731826551e-12,0.00019909663703464601,-0.0016432094031090803,-4.874681818025653e-10,1.091078056931968e-6,2.9465732389020297e-8,-7.003881619128853e-5,1.2060988807634932e-6,-3.4577026934590663e-6,-2.9681042877828276e-11,4.7586209919632966e-8,-0.0004423035026096705,3.978860990488979e-9,0.00011633844991135205,-5.624093703173598e-11,0.0004819239178603649,0.00084581093051611,2.3870732761184402e-6,-3.8886598655756385e-10,-1.8174918118309038e-8,-3.803095656340741e-7,-7.046250039228023e-8,-2.0346149558749403e-6,-1.2639221207219743e-11,9.176436271950399e-11,4.5596386253077645e-6,1.7418515287224722e-5,-1.3430619412035558e-11,-4.544165515803212e-7,-1.5502544176747407e-6,0.0001733882926937255,-6.141735857863323e-6,1.2523300751357982e-11,3.127749026035697e-12,0.003608885236708475,-0.0005047253999110058,-1.0455136332609158e-6,4.6526756983357464e-10,-1.6805909138434329e-6,-0.0027138846480882508,1.889932209792714e-6,4.791674258165275e-9,2.0839872803699753e-10,4.5433058266410526e-5,-0.00017280896321857577,7.557732078461924e-5,-0.0018283298838333239,-0.0001333144359902959,-0.005297778116194766,1.0629223275178842e-10,1.9099287124592506e-11,-7.233315750636752e-6,3.166535703153699e-5,1.931488674742336e-12
0.0,0.0,0.0,0.0,0.0,0.0,0.0,0.0,0.0,0.0,0.0,0.0,0.0,0.0,0.0,0.0,0.0,0.0,0.0,0.0,0.0,0.0,0.0,0.0,0.0,0.0,0.0,0.0,0.0,0.0,0.0,0.0,0.0,0.0,0.0,0.0,0.0,0.0,0.0,0.0,0.0,0.0,0.0,0.0,0.0,0.0,0.0,0.0,0.0,0.0,0.0,0.0,0.0,0.0,0.0,0.0,0.0,0.0,0.0,0.0,0.0,0.0,0.0,0.0,0.0,0.0,0.0,0.0,0.0,0.0,0.0,0.0,0.0,0.0,0.0,0.0,0.0,0.0,0.0,0.0,0.0,0.0,0.0,0.0,0.0,0.0,0.0,0.0,0.0,0.0,0.0,0.0,0.0,0.0,0.0,0.0,0.0,0.0,0.0,0.0,0.0,0.0,0.0,0.0,0.0,0.0,0.0,0.0,0.0,0.0,0.0,0.0,0.0,0.0,0.0,0.0,0.0,0.0,0.0,0.0,0.0,0.0,0.0,0.0,0.0,0.0,0.0,0.0,0.0,0.0,0.0,0.0,0.0,0.0,0.0,0.0,0.0,0.0,0.0,0.0,0.0,0.0,0.0,0.0,0.0,0.0,0.0,0.0,0.0,0.0,0.0,0.0,0.0,0.0,0.0,0.0,0.0,0.0,0.0,0.0,0.0,0.0,0.0,0.0,0.0,0.0,0.0,0.0,0.0,0.0,0.0,0.0,0.0,0.0,0.0,0.0,0.0,0.0,0.0,0.0,0.0,0.0,0.0,0.0,0.0,0.0,0.0,0.0,0.0,0.0,0.0,0.0,0.0,0.0,0.0,0.0,0.0,0.0,0.0,0.0,0.0,0.0,0.0,0.0,0.0,0.0,0.0,0.0,0.0,0.0,0.0,0.0,0.0,0.0,0.0,0.0,0.0,0.0,0.0,0.0,0.0,0.0,0.0,0.0,0.0,0.0,0.0,0.0,0.0,0.0,0.0,0.0,0.0,0.0,0.0,0.0,0.0,0.0,0.0,0.0,0.0,0.0,0.0,0.0,0.0,0.0,0.0,0.0,0.0,0.0,0.0,0.0,0.0,0.0,0.0,0.0,0.0,0.0,0.0,0.0,0.0,0.0,0.0,0.0,0.0,0.0,0.0,0.0,0.0,0.0,0.0,0.0,0.0,0.0,0.0,0.0,0.0,0.0,0.0,0.0,0.0,0.0,0.0,0.0,0.0,0.0,0.0,0.0,0.0,0.0,0.0,0.0,0.0,0.0,0.0,0.0,0.0,0.0,0.0,0.0,0.0,0.0,0.0,0.0,0.0,0.0,0.0,0.0,0.0,0.0,0.0,0.0,0.0,0.0,0.0,0.0,0.0,0.0,0.0,0.0,0.0,0.0,0.0,0.0,0.0,0.0,0.0,0.0,0.0,0.0,0.0,0.0,0.0,0.0,0.0,0.0,0.0,0.0,0.0,0.0,0.0,0.0,0.0,0.0,0.0,0.0,0.0,0.0,0.0,0.0,0.0,0.0,0.0,0.0,0.0,0.0,0.0,0.0,0.0,0.0,0.0,0.0,0.0,0.0,0.0,0.0,0.0,0.0,0.0,0.0,0.0,0.0,0.0,0.0,0.0,0.0,0.0,0.0,0.0,0.0,0.0,0.0,0.0,0.0,0.0,0.0,0.0,0.0,0.0,0.0,0.0,0.0,0.0,0.0,0.0,0.0,0.0,0.0,0.0,0.0,0.0,0.0,0.0,0.0,0.0,0.0,0.0,0.0,0.0,0.0,0.0,0.0,0.0,0.0,0.0,0.0,0.0,0.0,0.0,0.0,0.0,0.0,0.0,0.0,0.0,0.0,0.0,0.0,0.0,0.0,0.0,0.0,0.0,0.0,0.0,0.0,0.0,0.0,0.0,0.0,0.0,0.0,0.0,0.0,0.0,0.0,0.0,0.0,0.0,0.0,0.0,0.0,0.0,0.0,0.0,0.0,0.0,0.0,0.0,0.0,0.0,0.0,0.0,0.0,0.0,0.0,0.0,0.0,0.0,0.0,0.0,0.0,0.0,0.0,0.0,0.0,0.0,0.0,0.0,0.0,0.0,0.0,0.0,0.0,0.0,0.0,0.0,0.0,0.0,0.0,0.0,0.0,0.0,0.0,0.0,0.0,0.0,0.0,0.0,0.0,0.0,0.0,0.0,0.0,0.0,0.0,0.0,0.0,0.0,0.0,0.0,0.0,0.0,0.0,0.0,0.0,0.0,0.0,0.0,0.0,0.0,0.0,0.0,0.0,0.0,0.0,0.0,0.0,0.0,0.0,0.0,0.0,0.0,0.0,0.0,0.0,0.0,0.0,0.0,0.0,0.0,0.0,0.0,0.0,0.0,0.0,0.0,0.0,0.0,0.0,0.0,0.0,0.0,0.0,0.0,0.0,0.0,0.0,0.0,0.0,0.0,0.0,0.0,0.0,0.0,0.0,0.0,0.0,0.0,0.0,0.0,0.0,0.0,0.0,0.0,0.0,0.0,0.0,0.0,0.0,0.0,0.0,0.0,0.0,0.0,0.0,0.0,0.0,0.0,0.0,0.0,0.0,0.0,0.0,0.0,0.0,0.0,0.0,0.0,0.0,0.0,0.0,0.0,0.0,0.0,0.0,0.0,0.0,0.0,0.0,0.0,0.0,0.0,0.0,0.0,0.0,0.0,0.0,0.0,0.0,0.0,0.0,0.0,0.0,0.0,0.0,0.0,0.0,0.0,0.0,0.0,0.0,0.031472028723687956,1.2043981394250847e-6,1.625165733513106e-10,-4.910110888019662e-7,6.867857574434847e-10,-1.0887479638444421e-10,8.655574079167238e-8,5.621884425561297e-8,0.0005590205893443265,-2.2697656993403185e-12,1.0734587155938055e-11,7.759476866763511e-6,7.240313169039084e-11,1.1718687521280999e-12,2.084559918229428e-8,1.0793985175805627e-9,-5.870784287868344e-5,-4.245091438567865e-8,-0.001822935247536618,-4.2576311588970657e-7,-2.428159415870684e-12,-1.2016389493680123e-5,1.8767629220326724e-12,-8.27742129038998e-14,-1.1439465132985707e-7,-4.699027924578896e-5,0.0007020399872385564,1.747917459293222e-11,6.364187088569584e-11,2.2292782439884378e-5,0.0005199858811488562,0.0013732754079388994,-0.00023126514208408175,4.464687035144872e-6,-6.508439217547973e-12,4.6538190104917933e-7,2.2466089578361442e-11,2.9832196152268543e-5,8.281929118428912e-8,8.158538730580918e-5,-7.748950964537222e-6,1.0064417520832199e-11,-3.651713890613659e-8,0.0009187428604818375,1.4102618812258435e-5,-9.982690170580392e-10,-2.5831639887080758e-8,-0.006665521902146319,3.978637968867341e-12,3.1028399198409494e-10,0.0006704570271155831,-1.1194449617893975e-5,4.055277280631387e-6,-5.7773652230798e-7,8.619868258217245e-6,-1.092000468392894e-9,6.4341101156359e-6,-3.1746306476490572e-15,-1.632176325756461e-11,-9.920892750089476e-9,-1.947261835827103e-12,-1.0947845445897104e-5,0.000742035437158252,-0.0001459363439747059,1.2033580977867892e-9,9.434018946507899e-9,6.543088806336354e-13,1.0990156537943501e-13,-0.0007057983606180142,-1.5991981980288995e-7,-8.636975849720812e-5,2.5032308743833434e-6,-0.00033934964345079695,0.0012453828793237468,-2.806253008416499e-11,-0.0001623931262039005,-2.000584007508394e-11,4.648712859664835e-9,1.3082762427972966e-10,9.510651596739433e-5,-2.368018058667828e-12,-3.147633346701311e-7,-9.886335687124182e-10,1.6439077193040217e-12,2.9564290308764712e-12,1.3905989361129165e-6,3.555937475329043e-7,-0.00013579208073799897,-1.6806326163212068e-5,5.412267554715905e-5,2.3492709214028984e-9,0.00044678910456804173,-1.420005510584883e-8,3.4519306878518796e-11,-5.975123990067249e-10,-6.474500759110722e-13,-2.1536912694824132e-7,2.4582772006423317e-11,-2.149960272354095e-5,-3.744426949153663e-9,3.2872207011285623e-10,1.0247934106036954e-7,1.5403418872681672e-12,-1.3567321478788234e-11,2.421553452253495e-11,1.418960499921907e-5,5.517253343404895e-10,0.00029881539046945724,8.320175551928157e-8,-1.067320960473113e-12,2.9740423906413223e-5,1.8495524867540032e-6,-2.5250320355296166e-8,0.00023211091348812761,1.7680176652100376e-9,-3.885362566160096e-11,0.001032577845177251,-3.2140278725147813e-6,-6.783623494439117e-6,-6.729953332895002e-10,2.4949583171357744e-6,9.580933984343415e-14,0.0018416433747458362,7.05993825173068e-6,-7.513145506036287e-10,0.00028250202940995176,1.0143206819516276e-11,-0.0005158678837645526,4.386624887148004e-12,-7.147158762048314e-11,7.525388250256948e-14,0.0004091432286631273,-0.00013789853977705973,-7.677139479718389e-7,-2.034950112996592e-6,-2.803741277740996e-13,-0.00042929923618023337,0.0014573286897718227,5.3463561056085185e-8,1.1033232554333163e-12,-0.00024186445886318597,-4.709304479833604e-6,5.21253129341952e-7,-1.969892891448282e-9,2.733183597231658e-9,3.831874564954881e-5,0.00026455061335941676,-1.004880515346566e-10,-3.3457937039729615e-9,-6.229996187859775e-7,0.0007970358809964025,-8.104076235741098e-7,1.677217594646828e-10,1.0971940052773228e-6,-0.00010916322720033831,-0.00014240860988488444,2.2078461327660025e-12,8.669316548525861e-12,6.244463935270778e-10,-4.0288531647189667e-10,-7.558705853805553e-10,-8.402425742683395e-10,0.0002733887011117796,0.0003368036232046852,-1.080765040530237e-12,-2.7619295315155624e-8,4.0364177302313234e-5
0.0,0.0,0.0,0.0,0.0,0.0,0.0,0.0,0.0,0.0,0.0,0.0,0.0,0.0,0.0,0.0,0.0,0.0,0.0,0.0,0.0,0.0,0.0,0.0,0.0,0.0,0.0,0.0,0.0,0.0,0.0,0.0,0.0,0.0,0.0,0.0,0.0,0.0,0.0,0.0,0.0,0.0,0.0,0.0,0.0,0.0,0.0,0.0,0.0,0.0,0.0,0.0,0.0,0.0,0.0,0.0,0.0,0.0,0.0,0.0,0.0,0.0,0.0,0.0,0.0,0.0,0.0,0.0,0.0,0.0,0.0,0.0,0.0,0.0,0.0,0.0,0.0,0.0,0.0,0.0,0.0,0.0,0.0,0.0,0.0,0.0,0.0,0.0,0.0,0.0,0.0,0.0,0.0,0.0,0.0,0.0,0.0,0.0,0.0,0.0,0.0,0.0,0.0,0.0,0.0,0.0,0.0,0.0,0.0,0.0,0.0,0.0,0.0,0.0,0.0,0.0,0.0,0.0,0.0,0.0,0.0,0.0,0.0,0.0,0.0,0.0,0.0,0.0,0.0,0.0,0.0,0.0,0.0,0.0,0.0,0.0,0.0,0.0,0.0,0.0,0.0,0.0,0.0,0.0,0.0,0.0,0.0,0.0,0.0,0.0,0.0,0.0,0.0,0.0,0.0,0.0,0.0,0.0,0.0,0.0,0.0,0.0,0.0,0.0,0.0,0.0,0.0,0.0,0.0,0.0,0.0,0.0,0.0,0.0,0.0,0.0,0.0,0.0,0.0,0.0,0.0,0.0,0.0,0.0,0.0,0.0,0.0,0.0,0.0,0.0,0.0,0.0,0.0,0.0,0.0,0.0,0.0,0.0,0.0,0.0,0.0,0.0,0.0,0.0,0.0,0.0,0.0,0.0,0.0,0.0,0.0,0.0,0.0,0.0,0.0,0.0,0.0,0.0,0.0,0.0,0.0,0.0,0.0,0.0,0.0,0.0,0.0,0.0,0.0,0.0,0.0,0.0,0.0,0.0,0.0,0.0,0.0,0.0,0.0,0.0,0.0,0.0,0.0,0.0,0.0,0.0,0.0,0.0,0.0,0.0,0.0,0.0,0.0,0.0,0.0,0.0,0.0,0.0,0.0,0.0,0.0,0.0,0.0,0.0,0.0,0.0,0.0,0.0,0.0,0.0,0.0,0.0,0.0,0.0,0.0,0.0,0.0,0.0,0.0,0.0,0.0,0.0,0.0,0.0,0.0,0.0,0.0,0.0,0.0,0.0,0.0,0.0,0.0,0.0,0.0,0.0,0.0,0.0,0.0,0.0,0.0,0.0,0.0,0.0,0.0,0.0,0.0,0.0,0.0,0.0,0.0,0.0,0.0,0.0,0.0,0.0,0.0,0.0,0.0,0.0,0.0,0.0,0.0,0.0,0.0,0.0,0.0,0.0,0.0,0.0,0.0,0.0,0.0,0.0,0.0,0.0,0.0,0.0,0.0,0.0,0.0,0.0,0.0,0.0,0.0,0.0,0.0,0.0,0.0,0.0,0.0,0.0,0.0,0.0,0.0,0.0,0.0,0.0,0.0,0.0,0.0,0.0,0.0,0.0,0.0,0.0,0.0,0.0,0.0,0.0,0.0,0.0,0.0,0.0,0.0,0.0,0.0,0.0,0.0,0.0,0.0,0.0,0.0,0.0,0.0,0.0,0.0,0.0,0.0,0.0,0.0,0.0,0.0,0.0,0.0,0.0,0.0,0.0,0.0,0.0,0.0,0.0,0.0,0.0,0.0,0.0,0.0,0.0,0.0,0.0,0.0,0.0,0.0,0.0,0.0,0.0,0.0,0.0,0.0,0.0,0.0,0.0,0.0,0.0,0.0,0.0,0.0,0.0,0.0,0.0,0.0,0.0,0.0,0.0,0.0,0.0,0.0,0.0,0.0,0.0,0.0,0.0,0.0,0.0,0.0,0.0,0.0,0.0,0.0,0.0,0.0,0.0,0.0,0.0,0.0,0.0,0.0,0.0,0.0,0.0,0.0,0.0,0.0,0.0,0.0,0.0,0.0,0.0,0.0,0.0,0.0,0.0,0.0,0.0,0.0,0.0,0.0,0.0,0.0,0.0,0.0,0.0,0.0,0.0,0.0,0.0,0.0,0.0,0.0,0.0,0.0,0.0,0.0,0.0,0.0,0.0,0.0,0.0,0.0,0.0,0.0,0.0,0.0,0.0,0.0,0.0,0.0,0.0,0.0,0.0,0.0,0.0,0.0,0.0,0.0,0.0,0.0,0.0,0.0,0.0,0.0,0.0,0.0,0.0,0.0,0.0,0.0,0.0,0.0,0.0,0.0,0.0,0.0,0.0,0.0,0.0,0.0,0.0,0.0,0.0,0.0,0.0,0.0,0.0,0.0,0.0,0.0,0.0,0.0,0.0,0.0,0.0,0.0,0.0,0.0,0.0,0.0,0.0,0.0,0.0,0.0,0.0,0.0,0.0,0.0,0.0,0.0,0.0,0.0,0.0,0.0,0.0,0.0,0.0,0.0,0.0,0.0,0.0,0.0,0.0,0.0,0.0,0.0,0.0,0.0,0.0,0.0,0.0,0.0,0.0,0.0,0.0,0.0,0.0,0.0,0.0,0.0,0.0,0.0,0.0,0.0,0.0,0.0,0.0,0.0,0.0,0.0,0.0,0.0,0.0,0.0,0.0,0.0,0.0,0.0,0.0,0.0,0.0,0.0,0.0,0.0,0.0,0.0,0.0,0.0,0.0,0.0,0.0,0.0,0.0,0.0,0.0,0.0,0.02891373651506502,-2.2053879939244392e-13,9.078147543355472e-10,2.5010437076312762e-11,1.0426508534389127e-11,7.90551589878163e-10,3.3891387370409973e-10,-7.3761645425059e-5,1.8575547691034462e-14,-2.2714530840839933e-13,-7.497119488095083e-8,-4.6185420020050616e-11,1.054214998749039e-13,-3.484273075316503e-11,1.7296095277920113e-12,-8.018619978994938e-7,4.784671426465901e-11,-0.0005008527780219225,-2.9421942074809915e-9,1.1330296782272758e-14,-0.001505028625100168,-5.219261909353123e-14,1.723044965402074e-15,-5.527249198634531e-10,-0.000796103423243691,2.4495375175170853e-5,-1.0479827458638519e-13,9.671980201776862e-14,-7.684251280797973e-7,0.00032298471466342963,3.14969966353658e-5,-2.370222452654475e-6,2.4635635977657845e-8,-7.663810552733429e-15,-1.2974527701326223e-9,-2.8565747474839055e-13,0.008653097082896926,-6.514201925659944e-10,1.0620746880276455e-6,-5.5469065203614726e-8,-9.195393326595802e-14,4.017232817668678e-10,5.2791622451626154e-6,1.1039785764380779e-7,1.0875561328406073e-10,3.023695933235914e-10,2.5263293003344726e-5,2.1294191496745455e-15,1.8687432769470994e-13,-2.2614777885126852e-7,4.256034394326618e-8,-9.026791080126696e-9,-1.7572513078729682e-8,0.0007822476584297481,-1.3559319917975245e-11,-8.028533157097672e-9,1.7564119980104888e-17,4.1797770566640726e-14,2.195105768187158e-11,1.7080941223530404e-14,-2.5397967823901157e-7,0.0006226049283144559,0.001693564740587863,-1.737469892800221e-11,-3.883673766894976e-12,1.7810121728530759e-12,-1.4259255863410013e-15,1.6554182756590963e-5,2.018791824239179e-9,0.0010271352546681594,9.76964544716551e-8,-9.043029608028788e-7,-2.3624027006107172e-5,6.290485095693994e-13,-2.4758180410647033e-6,1.1108540965886316e-11,-6.378048541045123e-11,1.0393034437683965e-12,0.001253794800942757,1.3534605979537637e-13,5.3205084988384504e-9,1.992984822488907e-11,-1.9522610277106485e-14,-4.287625177780758e-15,-2.5080378845586405e-8,-1.2436438999171012e-8,0.01158158666047852,-0.004211875758036779,-0.004615432455636057,1.9961162338598057e-11,-0.00016839265296069003,-5.778114632947177e-11,3.0007765716686986e-13,-8.627556824921335e-12,1.3826375561459691e-14,-3.4153299861089407e-10,2.9110382163645273e-13,-0.00038272427897501293,-8.035118283708302e-11,8.61294008420942e-12,8.665315249343309e-10,2.6617263296303737e-14,1.0010917809911054e-13,-1.3421899589688016e-13,0.00226283054599683,-1.8469673722914907e-11,-8.520474449734018e-7,6.866775833255514e-11,1.1009943922495567e-14,1.0916231908125023e-7,5.070934193271463e-6,-3.363523101093952e-10,-0.0006398749199494065,-9.329216132658651e-11,-1.2203234190398622e-13,-4.297676781662617e-6,-9.959996495774697e-9,3.2032375131863365e-8,-1.8915113193085857e-12,-7.665004563628886e-9,8.050213438421312e-17,-4.784527356736436e-5,-2.0314484635090393e-8,1.6092005431465718e-11,-2.0332765466612468e-6,-9.270289673774053e-14,2.4671160975604735e-5,-8.037804494592034e-15,7.17710439346008e-13,-2.724848424348788e-15,5.4957665691745414e-6,2.953862515837416e-7,1.1647348714612996e-8,1.7552808582421218e-8,-6.8104280376395594e-15,9.722958273766576e-6,-6.308044785210309e-5,6.792811238459288e-10,3.266898640307612e-13,-2.383547337974545e-5,-8.841911038447378e-9,-1.8377812923813678e-10,1.4697764164607068e-11,1.5939709653631692e-12,-0.000165908735683062,-0.0028141197452492446,-1.3723098368638385e-12,-4.0897156353230415e-11,-2.0151436472988106e-10,-5.16188455147781e-6,-1.342846722315562e-9,2.2451804159478558e-13,-2.5838874644815112e-9,5.85358512409195e-7,1.411620416965148e-6,-2.811583579589471e-14,3.3453609982733266e-14,3.034171459328554e-11,-1.4237448041908335e-12,1.2289663510612039e-11,-3.707691905423878e-12,0.00015048515182565644,-8.789890257356945e-5,9.883844892594074e-16,-3.055853172706141e-11,0.01698851760371361
0.0,0.0,0.0,0.0,0.0,0.0,0.0,0.0,0.0,0.0,0.0,0.0,0.0,0.0,0.0,0.0,0.0,0.0,0.0,0.0,0.0,0.0,0.0,0.0,0.0,0.0,0.0,0.0,0.0,0.0,0.0,0.0,0.0,0.0,0.0,0.0,0.0,0.0,0.0,0.0,0.0,0.0,0.0,0.0,0.0,0.0,0.0,0.0,0.0,0.0,0.0,0.0,0.0,0.0,0.0,0.0,0.0,0.0,0.0,0.0,0.0,0.0,0.0,0.0,0.0,0.0,0.0,0.0,0.0,0.0,0.0,0.0,0.0,0.0,0.0,0.0,0.0,0.0,0.0,0.0,0.0,0.0,0.0,0.0,0.0,0.0,0.0,0.0,0.0,0.0,0.0,0.0,0.0,0.0,0.0,0.0,0.0,0.0,0.0,0.0,0.0,0.0,0.0,0.0,0.0,0.0,0.0,0.0,0.0,0.0,0.0,0.0,0.0,0.0,0.0,0.0,0.0,0.0,0.0,0.0,0.0,0.0,0.0,0.0,0.0,0.0,0.0,0.0,0.0,0.0,0.0,0.0,0.0,0.0,0.0,0.0,0.0,0.0,0.0,0.0,0.0,0.0,0.0,0.0,0.0,0.0,0.0,0.0,0.0,0.0,0.0,0.0,0.0,0.0,0.0,0.0,0.0,0.0,0.0,0.0,0.0,0.0,0.0,0.0,0.0,0.0,0.0,0.0,0.0,0.0,0.0,0.0,0.0,0.0,0.0,0.0,0.0,0.0,0.0,0.0,0.0,0.0,0.0,0.0,0.0,0.0,0.0,0.0,0.0,0.0,0.0,0.0,0.0,0.0,0.0,0.0,0.0,0.0,0.0,0.0,0.0,0.0,0.0,0.0,0.0,0.0,0.0,0.0,0.0,0.0,0.0,0.0,0.0,0.0,0.0,0.0,0.0,0.0,0.0,0.0,0.0,0.0,0.0,0.0,0.0,0.0,0.0,0.0,0.0,0.0,0.0,0.0,0.0,0.0,0.0,0.0,0.0,0.0,0.0,0.0,0.0,0.0,0.0,0.0,0.0,0.0,0.0,0.0,0.0,0.0,0.0,0.0,0.0,0.0,0.0,0.0,0.0,0.0,0.0,0.0,0.0,0.0,0.0,0.0,0.0,0.0,0.0,0.0,0.0,0.0,0.0,0.0,0.0,0.0,0.0,0.0,0.0,0.0,0.0,0.0,0.0,0.0,0.0,0.0,0.0,0.0,0.0,0.0,0.0,0.0,0.0,0.0,0.0,0.0,0.0,0.0,0.0,0.0,0.0,0.0,0.0,0.0,0.0,0.0,0.0,0.0,0.0,0.0,0.0,0.0,0.0,0.0,0.0,0.0,0.0,0.0,0.0,0.0,0.0,0.0,0.0,0.0,0.0,0.0,0.0,0.0,0.0,0.0,0.0,0.0,0.0,0.0,0.0,0.0,0.0,0.0,0.0,0.0,0.0,0.0,0.0,0.0,0.0,0.0,0.0,0.0,0.0,0.0,0.0,0.0,0.0,0.0,0.0,0.0,0.0,0.0,0.0,0.0,0.0,0.0,0.0,0.0,0.0,0.0,0.0,0.0,0.0,0.0,0.0,0.0,0.0,0.0,0.0,0.0,0.0,0.0,0.0,0.0,0.0,0.0,0.0,0.0,0.0,0.0,0.0,0.0,0.0,0.0,0.0,0.0,0.0,0.0,0.0,0.0,0.0,0.0,0.0,0.0,0.0,0.0,0.0,0.0,0.0,0.0,0.0,0.0,0.0,0.0,0.0,0.0,0.0,0.0,0.0,0.0,0.0,0.0,0.0,0.0,0.0,0.0,0.0,0.0,0.0,0.0,0.0,0.0,0.0,0.0,0.0,0.0,0.0,0.0,0.0,0.0,0.0,0.0,0.0,0.0,0.0,0.0,0.0,0.0,0.0,0.0,0.0,0.0,0.0,0.0,0.0,0.0,0.0,0.0,0.0,0.0,0.0,0.0,0.0,0.0,0.0,0.0,0.0,0.0,0.0,0.0,0.0,0.0,0.0,0.0,0.0,0.0,0.0,0.0,0.0,0.0,0.0,0.0,0.0,0.0,0.0,0.0,0.0,0.0,0.0,0.0,0.0,0.0,0.0,0.0,0.0,0.0,0.0,0.0,0.0,0.0,0.0,0.0,0.0,0.0,0.0,0.0,0.0,0.0,0.0,0.0,0.0,0.0,0.0,0.0,0.0,0.0,0.0,0.0,0.0,0.0,0.0,0.0,0.0,0.0,0.0,0.0,0.0,0.0,0.0,0.0,0.0,0.0,0.0,0.0,0.0,0.0,0.0,0.0,0.0,0.0,0.0,0.0,0.0,0.0,0.0,0.0,0.0,0.0,0.0,0.0,0.0,0.0,0.0,0.0,0.0,0.0,0.0,0.0,0.0,0.0,0.0,0.0,0.0,0.0,0.0,0.0,0.0,0.0,0.0,0.0,0.0,0.0,0.0,0.0,0.0,0.0,0.0,0.0,0.0,0.0,0.0,0.0,0.0,0.0,0.0,0.0,0.0,0.0,0.0,0.0,0.0,0.0,0.0,0.0,0.0,0.0,0.0,0.0,0.0,0.0,0.0,0.0,0.0,0.0,0.0,0.0,0.0,0.0,0.0,0.0,0.0,0.0,0.0,0.0,0.0,0.0,0.0,0.0,0.0,0.0,0.0,0.0,0.0,0.0,0.0,0.0,0.0,0.0,0.0,0.0,0.0,0.0,0.0,0.0,0.0,0.0,0.0,0.0,0.0,0.0,0.03250775200903025,5.101009532786664e-7,0.0003195385880593835,6.99109680768366e-5,2.5329498569202247e-5,1.6384618958025422e-5,-2.1276507776279355e-10,-0.0006559810836564508,0.00035249582460815176,9.1858036434227e-8,-4.2753595208950414e-5,-0.0005595915983563446,-3.8011367440851125e-7,0.008902228544621483,-1.826677684346588e-9,-7.879790861426147e-6,2.7303943922681584e-11,5.999751941635694e-7,-2.645351745462201e-5,-9.74422319216031e-13,0.0010903271864318312,4.376260951262055e-6,5.742150382747414e-6,1.7883442476243783e-12,1.2162364576636125e-11,-0.0006220738004186596,-0.00032709501592145503,-6.201890387815106e-9,-3.2407868366551184e-12,-3.4440225771386776e-11,-1.1744794596571182e-10,-3.861300029697374e-8,0.0015298931765413365,-1.190546010007145e-7,0.0032542503490453406,4.786364567786502e-12,9.289706066107366e-7,7.3619155260835015e-9,-2.6235054861964183e-8,-0.0003626277346862985,-1.145075464386979e-5,2.613512386147515e-10,1.1827535498720918e-7,0.00014587016088570974,-1.916699121320378e-5,-2.6142754326817906e-11,9.47879034353769e-5,0.008840567550064344,-4.342849482065947e-9,-2.4114284139402955e-7,2.0543667180318164e-7,-1.1098006813410171e-8,4.7151051980566225e-12,-0.0009815280696470255,-7.5302019779598e-8,5.138544363966673e-6,0.0010581567500996941,-0.00010302853733043853,0.00024091084362040392,-1.5180313788706882e-8,-6.891368286340337e-12,-5.569263991485249e-13,0.0003382166447103276,-0.0002471741580933313,0.0053177197587179,-4.3607584246655585e-6,-8.264931253326265e-11,-1.893625772255476e-6,-1.2794745533857681e-11,9.424183528697102e-9,1.337756568237208e-9,1.8381401080810153e-11,0.00325301885459722,-4.431797960490421e-9,0.0012575798653732312,0.0001289282293687933,-0.001437262924417075,-9.820063645497213e-13,-0.0009258774393683432,8.479432033710031e-7,-0.0012248202343951861,-1.0142963533383533e-5,0.00012084203303379042,8.281723488044578e-8,-5.780564818128758e-7,1.808293216377306e-12,-1.5931050150744613e-13,-1.756841415178596e-12,0.0003610763215677288,-2.338952188005046e-11,-5.3492828366366816e-5,-0.0018574606746466116,-0.0044415241937301436,-8.547225475363154e-5,-6.7254413174981476e-6,0.004631504851199711,3.7452454772559643e-13,-0.0001393335413407007,0.002167861047177732,1.1103538891930146e-5,0.0003529067303847739,5.330370604687574e-5,0.00015883121319782377,3.0964521797789765e-12,-0.0005744973464851888,3.5623522558707482e-9,-4.102076306315587e-6,5.485391986346476e-6,7.41294797666749e-8,-8.280148115025617e-10,-1.3028481157263453e-5,-1.8856825140555458e-12,0.00011866192213467994,-0.006962447165205582,-1.4776999804654476e-9,3.1059467588552e-8,-9.999021580681397e-10,-0.0029856806750342235,8.213775245566708e-7,-1.147174505496972e-6,6.669768710555206e-12,4.953832678648836e-7,0.00017683396866919647,1.11460571402312e-9,-0.0005524871496879082,1.8641676806495108e-11,0.0008166536542288889,-0.0014386743408392826,-1.0034615791701917e-5,2.5375919804076586e-10,-5.158877534577247e-9,2.0315148064009953e-7,2.4429438832741242e-8,-1.363910569951217e-6,-8.955027521231529e-10,-2.5198866800244732e-11,1.4709997069103909e-5,-0.009036746942132835,-8.23542765837566e-12,7.463093510282367e-9,5.416939799163711e-7,-0.0002487220108061276,0.0002712796777273,2.6686891931954704e-11,-4.844919617634133e-12,0.0016489165734958416,-0.0001512567012355263,-3.174157564589345e-6,-4.144725158976649e-11,-1.5967044921899195e-6,0.005524573375238214,9.116926825110697e-7,-7.386141134391116e-9,3.2473422911255068e-9,-0.0002847874403161583,0.0007139815530817081,-5.377292550832722e-6,-0.0007840512175913377,-5.390191012958015e-5,-0.001794127544574766,-2.305365295788798e-11,-6.838978151858185e-12,-4.55441217312064e-5,2.5725395944180168e-5,-2.1147302393155766e-12
0.0,0.0,0.0,0.0,0.0,0.0,0.0,0.0,0.0,0.0,0.0,0.0,0.0,0.0,0.0,0.0,0.0,0.0,0.0,0.0,0.0,0.0,0.0,0.0,0.0,0.0,0.0,0.0,0.0,0.0,0.0,0.0,0.0,0.0,0.0,0.0,0.0,0.0,0.0,0.0,0.0,0.0,0.0,0.0,0.0,0.0,0.0,0.0,0.0,0.0,0.0,0.0,0.0,0.0,0.0,0.0,0.0,0.0,0.0,0.0,0.0,0.0,0.0,0.0,0.0,0.0,0.0,0.0,0.0,0.0,0.0,0.0,0.0,0.0,0.0,0.0,0.0,0.0,0.0,0.0,0.0,0.0,0.0,0.0,0.0,0.0,0.0,0.0,0.0,0.0,0.0,0.0,0.0,0.0,0.0,0.0,0.0,0.0,0.0,0.0,0.0,0.0,0.0,0.0,0.0,0.0,0.0,0.0,0.0,0.0,0.0,0.0,0.0,0.0,0.0,0.0,0.0,0.0,0.0,0.0,0.0,0.0,0.0,0.0,0.0,0.0,0.0,0.0,0.0,0.0,0.0,0.0,0.0,0.0,0.0,0.0,0.0,0.0,0.0,0.0,0.0,0.0,0.0,0.0,0.0,0.0,0.0,0.0,0.0,0.0,0.0,0.0,0.0,0.0,0.0,0.0,0.0,0.0,0.0,0.0,0.0,0.0,0.0,0.0,0.0,0.0,0.0,0.0,0.0,0.0,0.0,0.0,0.0,0.0,0.0,0.0,0.0,0.0,0.0,0.0,0.0,0.0,0.0,0.0,0.0,0.0,0.0,0.0,0.0,0.0,0.0,0.0,0.0,0.0,0.0,0.0,0.0,0.0,0.0,0.0,0.0,0.0,0.0,0.0,0.0,0.0,0.0,0.0,0.0,0.0,0.0,0.0,0.0,0.0,0.0,0.0,0.0,0.0,0.0,0.0,0.0,0.0,0.0,0.0,0.0,0.0,0.0,0.0,0.0,0.0,0.0,0.0,0.0,0.0,0.0,0.0,0.0,0.0,0.0,0.0,0.0,0.0,0.0,0.0,0.0,0.0,0.0,0.0,0.0,0.0,0.0,0.0,0.0,0.0,0.0,0.0,0.0,0.0,0.0,0.0,0.0,0.0,0.0,0.0,0.0,0.0,0.0,0.0,0.0,0.0,0.0,0.0,0.0,0.0,0.0,0.0,0.0,0.0,0.0,0.0,0.0,0.0,0.0,0.0,0.0,0.0,0.0,0.0,0.0,0.0,0.0,0.0,0.0,0.0,0.0,0.0,0.0,0.0,0.0,0.0,0.0,0.0,0.0,0.0,0.0,0.0,0.0,0.0,0.0,0.0,0.0,0.0,0.0,0.0,0.0,0.0,0.0,0.0,0.0,0.0,0.0,0.0,0.0,0.0,0.0,0.0,0.0,0.0,0.0,0.0,0.0,0.0,0.0,0.0,0.0,0.0,0.0,0.0,0.0,0.0,0.0,0.0,0.0,0.0,0.0,0.0,0.0,0.0,0.0,0.0,0.0,0.0,0.0,0.0,0.0,0.0,0.0,0.0,0.0,0.0,0.0,0.0,0.0,0.0,0.0,0.0,0.0,0.0,0.0,0.0,0.0,0.0,0.0,0.0,0.0,0.0,0.0,0.0,0.0,0.0,0.0,0.0,0.0,0.0,0.0,0.0,0.0,0.0,0.0,0.0,0.0,0.0,0.0,0.0,0.0,0.0,0.0,0.0,0.0,0.0,0.0,0.0,0.0,0.0,0.0,0.0,0.0,0.0,0.0,0.0,0.0,0.0,0.0,0.0,0.0,0.0,0.0,0.0,0.0,0.0,0.0,0.0,0.0,0.0,0.0,0.0,0.0,0.0,0.0,0.0,0.0,0.0,0.0,0.0,0.0,0.0,0.0,0.0,0.0,0.0,0.0,0.0,0.0,0.0,0.0,0.0,0.0,0.0,0.0,0.0,0.0,0.0,0.0,0.0,0.0,0.0,0.0,0.0,0.0,0.0,0.0,0.0,0.0,0.0,0.0,0.0,0.0,0.0,0.0,0.0,0.0,0.0,0.0,0.0,0.0,0.0,0.0,0.0,0.0,0.0,0.0,0.0,0.0,0.0,0.0,0.0,0.0,0.0,0.0,0.0,0.0,0.0,0.0,0.0,0.0,0.0,0.0,0.0,0.0,0.0,0.0,0.0,0.0,0.0,0.0,0.0,0.0,0.0,0.0,0.0,0.0,0.0,0.0,0.0,0.0,0.0,0.0,0.0,0.0,0.0,0.0,0.0,0.0,0.0,0.0,0.0,0.0,0.0,0.0,0.0,0.0,0.0,0.0,0.0,0.0,0.0,0.0,0.0,0.0,0.0,0.0,0.0,0.0,0.0,0.0,0.0,0.0,0.0,0.0,0.0,0.0,0.0,0.0,0.0,0.0,0.0,0.0,0.0,0.0,0.0,0.0,0.0,0.0,0.0,0.0,0.0,0.0,0.0,0.0,0.0,0.0,0.0,0.0,0.0,0.0,0.0,0.0,0.0,0.0,0.0,0.0,0.0,0.0,0.0,0.0,0.0,0.0,0.0,0.0,0.0,0.0,0.0,0.0,0.0,0.0,0.0,0.0,0.0,0.0,0.0,0.0,0.0,0.0,0.0,0.0,0.0,0.0,0.0,0.0,0.0,0.0,0.0,0.0,0.0,0.0,0.0,0.0,0.0,0.0,0.0,0.0,0.0,0.0,0.0,0.0,0.0,0.0,0.0,0.0,0.0,0.0,0.0,0.0,0.0,0.0,0.030970911152417874,-3.1787280424166814e-6,-4.709366645730938e-7,-4.886098308068812e-5,0.0002916742201548755,-3.3105413805756867e-7,9.231078391704237e-9,7.67485997228554e-8,0.0016504433093198318,-2.5791323373076147e-5,3.2615926649532414e-8,0.00015278917786716047,7.815639494808379e-6,0.0001945085930620466,0.00043422341025382496,9.95583405934802e-9,0.0033971728197817073,5.9685795390422974e-9,2.8260642840826117e-8,-6.876843387078969e-8,-1.9554849825363386e-9,0.00014182246426777857,-7.173580605255429e-8,-1.8799226922163075e-7,2.6702228555733615e-8,-7.641326469314558e-8,-0.00016385286588451912,8.679677437730215e-8,3.245616920532741e-7,1.8827953807101532e-5,0.008917062283579514,-1.4428490420371491e-8,-5.8002713824021964e-5,-4.350197846513797e-8,-1.7464713759417523e-8,0.00045584194080912707,-2.825916757169536e-5,-0.0026373683292856076,-8.655941643000471e-8,0.00023154937063210904,8.237402538739881e-7,0.0005879970308151661,3.046948587145184e-5,0.00028704338797819613,2.480507968614138e-6,1.823525858435154e-8,-1.335825592633543e-7,-2.309414365116329e-5,-0.0006815360882529085,0.0019513314889986625,0.0008055602724538792,-1.689744391799615e-7,8.235619913351e-6,-0.0025697302210669587,1.5914791373877736e-9,-8.677093357712623e-9,-0.00012855083576006807,-2.331799678689541e-8,0.0010110296490779098,-1.745657096669233e-8,2.272419790816141e-8,-5.753556055828873e-6,-3.3775032897474784e-5,5.424680448351676e-7,-2.901273219346099e-10,-1.5640938222603597e-6,0.0029442544731733363,4.361986677364251e-8,-0.0002721951068994127,-1.6094316820031298e-7,-2.5891364819915823e-8,-6.687445595200901e-7,-6.528837585987152e-5,4.667812254961061e-6,7.873980595391208e-5,1.443478021640537e-7,-6.573362834763446e-9,-1.6138544089808237e-8,-0.004508327375336185,-1.0298244740130677e-6,-2.2104538059326662e-9,1.4511762201505811e-8,-0.004947604364948368,0.004359319703304104,-4.109521523218238e-9,6.8736206347344396e-9,1.071671707478374e-8,3.995605359788995e-6,8.35220858545575e-8,6.385249669383049e-5,-6.674415943962394e-7,-6.017318479589569e-7,-4.787556178436685e-9,-0.00012496128988363962,-2.3444914984052787e-8,3.819932811539244e-9,-2.705223019430094e-5,5.427401137790375e-6,0.0004210274798282959,-8.258900121400576e-8,6.729076364258027e-9,-6.675241512853854e-8,1.3243188523189173e-8,2.609815767378573e-6,0.00015464347430580358,-0.0005546860928067093,-2.23663784648007e-9,0.00045458372521169473,-3.531098008413081e-7,5.140584255042536e-5,-1.1652817843539413e-8,-6.510557415034538e-5,4.3079924764310753e-7,-5.002941127086921e-7,0.0004182478815599461,-0.000490561894059805,8.952974514478826e-7,0.007272904307336546,2.2402972021019615e-10,3.244401436862975e-8,-0.0017882072352659298,-1.1853512526325167e-5,-4.161727915002462e-5,4.254773164225421e-8,-1.4525871607725316e-6,-3.109210783154797e-8,-4.382164701550265e-9,1.0828111370053266e-9,2.2371830347038327e-6,2.8536359907141134e-5,0.0041931320951644705,0.001868810643254875,2.853296011312328e-9,1.322942500992038e-5,-1.5480042541682795e-7,-0.0001384133782419268,7.119954447152389e-7,-2.7934843723313837e-8,0.0012205518001576097,0.0010285419018326626,1.7164416863982427e-6,2.852411076323139e-5,-8.854989751951796e-8,1.4409615822658947e-8,-9.29261006489176e-8,-3.3127813125751445e-6,0.0014111103460618657,6.016370928639945e-6,-0.0027411812335126195,2.2129291307235926e-8,-0.0006928957987377417,3.508570747945301e-5,-1.4593441852399e-5,-5.067624859678717e-9,-2.6160796328969855e-7,-6.2340532892789555e-6,-6.047198926394525e-6,-7.713947317381993e-6,2.9490484136046975e-6,2.1510512490447736e-7,-9.395236554727805e-8,4.8729964938841845e-9,-0.0006745869672646612,7.574889555221965e-9
0.0,0.0,0.0,0.0,0.0,0.0,0.0,0.0,0.0,0.0,0.0,0.0,0.0,0.0,0.0,0.0,0.0,0.0,0.0,0.0,0.0,0.0,0.0,0.0,0.0,0.0,0.0,0.0,0.0,0.0,0.0,0.0,0.0,0.0,0.0,0.0,0.0,0.0,0.0,0.0,0.0,0.0,0.0,0.0,0.0,0.0,0.0,0.0,0.0,0.0,0.0,0.0,0.0,0.0,0.0,0.0,0.0,0.0,0.0,0.0,0.0,0.0,0.0,0.0,0.0,0.0,0.0,0.0,0.0,0.0,0.0,0.0,0.0,0.0,0.0,0.0,0.0,0.0,0.0,0.0,0.0,0.0,0.0,0.0,0.0,0.0,0.0,0.0,0.0,0.0,0.0,0.0,0.0,0.0,0.0,0.0,0.0,0.0,0.0,0.0,0.0,0.0,0.0,0.0,0.0,0.0,0.0,0.0,0.0,0.0,0.0,0.0,0.0,0.0,0.0,0.0,0.0,0.0,0.0,0.0,0.0,0.0,0.0,0.0,0.0,0.0,0.0,0.0,0.0,0.0,0.0,0.0,0.0,0.0,0.0,0.0,0.0,0.0,0.0,0.0,0.0,0.0,0.0,0.0,0.0,0.0,0.0,0.0,0.0,0.0,0.0,0.0,0.0,0.0,0.0,0.0,0.0,0.0,0.0,0.0,0.0,0.0,0.0,0.0,0.0,0.0,0.0,0.0,0.0,0.0,0.0,0.0,0.0,0.0,0.0,0.0,0.0,0.0,0.0,0.0,0.0,0.0,0.0,0.0,0.0,0.0,0.0,0.0,0.0,0.0,0.0,0.0,0.0,0.0,0.0,0.0,0.0,0.0,0.0,0.0,0.0,0.0,0.0,0.0,0.0,0.0,0.0,0.0,0.0,0.0,0.0,0.0,0.0,0.0,0.0,0.0,0.0,0.0,0.0,0.0,0.0,0.0,0.0,0.0,0.0,0.0,0.0,0.0,0.0,0.0,0.0,0.0,0.0,0.0,0.0,0.0,0.0,0.0,0.0,0.0,0.0,0.0,0.0,0.0,0.0,0.0,0.0,0.0,0.0,0.0,0.0,0.0,0.0,0.0,0.0,0.0,0.0,0.0,0.0,0.0,0.0,0.0,0.0,0.0,0.0,0.0,0.0,0.0,0.0,0.0,0.0,0.0,0.0,0.0,0.0,0.0,0.0,0.0,0.0,0.0,0.0,0.0,0.0,0.0,0.0,0.0,0.0,0.0,0.0,0.0,0.0,0.0,0.0,0.0,0.0,0.0,0.0,0.0,0.0,0.0,0.0,0.0,0.0,0.0,0.0,0.0,0.0,0.0,0.0,0.0,0.0,0.0,0.0,0.0,0.0,0.0,0.0,0.0,0.0,0.0,0.0,0.0,0.0,0.0,0.0,0.0,0.0,0.0,0.0,0.0,0.0,0.0,0.0,0.0,0.0,0.0,0.0,0.0,0.0,0.0,0.0,0.0,0.0,0.0,0.0,0.0,0.0,0.0,0.0,0.0,0.0,0.0,0.0,0.0,0.0,0.0,0.0,0.0,0.0,0.0,0.0,0.0,0.0,0.0,0.0,0.0,0.0,0.0,0.0,0.0,0.0,0.0,0.0,0.0,0.0,0.0,0.0,0.0,0.0,0.0,0.0,0.0,0.0,0.0,0.0,0.0,0.0,0.0,0.0,0.0,0.0,0.0,0.0,0.0,0.0,0.0,0.0,0.0,0.0,0.0,0.0,0.0,0.0,0.0,0.0,0.0,0.0,0.0,0.0,0.0,0.0,0.0,0.0,0.0,0.0,0.0,0.0,0.0,0.0,0.0,0.0,0.0,0.0,0.0,0.0,0.0,0.0,0.0,0.0,0.0,0.0,0.0,0.0,0.0,0.0,0.0,0.0,0.0,0.0,0.0,0.0,0.0,0.0,0.0,0.0,0.0,0.0,0.0,0.0,0.0,0.0,0.0,0.0,0.0,0.0,0.0,0.0,0.0,0.0,0.0,0.0,0.0,0.0,0.0,0.0,0.0,0.0,0.0,0.0,0.0,0.0,0.0,0.0,0.0,0.0,0.0,0.0,0.0,0.0,0.0,0.0,0.0,0.0,0.0,0.0,0.0,0.0,0.0,0.0,0.0,0.0,0.0,0.0,0.0,0.0,0.0,0.0,0.0,0.0,0.0,0.0,0.0,0.0,0.0,0.0,0.0,0.0,0.0,0.0,0.0,0.0,0.0,0.0,0.0,0.0,0.0,0.0,0.0,0.0,0.0,0.0,0.0,0.0,0.0,0.0,0.0,0.0,0.0,0.0,0.0,0.0,0.0,0.0,0.0,0.0,0.0,0.0,0.0,0.0,0.0,0.0,0.0,0.0,0.0,0.0,0.0,0.0,0.0,0.0,0.0,0.0,0.0,0.0,0.0,0.0,0.0,0.0,0.0,0.0,0.0,0.0,0.0,0.0,0.0,0.0,0.0,0.0,0.0,0.0,0.0,0.0,0.0,0.0,0.0,0.0,0.0,0.0,0.0,0.0,0.0,0.0,0.0,0.0,0.0,0.0,0.0,0.0,0.0,0.0,0.0,0.0,0.0,0.0,0.0,0.0,0.0,0.0,0.0,0.0,0.0,0.0,0.0,0.0,0.0,0.0,0.0,0.0,0.0,0.0,0.0,0.0,0.0,0.0,0.0,0.0,0.0,0.0,0.0,0.0,0.0,0.0,0.0,0.0,0.0,0.0,0.0,0.0,0.0,0.0,0.0,0.0,0.0,0.0,0.0,0.0,0.0,0.026083763755965935,0.004549171426280098,0.00014780048566508225,0.0002344021056319459,-6.298388483353139e-9,-5.282276494698267e-6,-5.9322135462922515e-5,-1.5443105474988476e-6,-0.0008657622978654688,3.342181439182036e-5,2.7329847940371088e-5,-8.63164327653375e-5,-2.1849409986668097e-7,-0.0003484986218546158,-1.4982895165710807e-9,-1.3171166519179215e-5,-2.562376400944301e-6,-1.3885496697894326e-10,7.145231704216319e-5,-5.805189915953371e-7,-0.00023603785372363825,-4.1048821462582043e-13,-4.130320515679497e-10,-7.085656429004054e-5,0.00023807884100166758,1.964828232006839e-7,4.669497819222331e-10,-2.2967042757973324e-10,-2.8502130930915706e-8,-3.5935544391553753e-7,-6.841746631626592e-5,-2.4716438183455925e-5,-6.85754072350927e-5,2.2137257075834992e-11,-9.667823361936621e-5,-1.966158444199313e-8,-7.559730100369032e-7,3.2128652007860084e-5,0.00021589954798848117,-1.2956130053071947e-9,-7.027269139165333e-8,-0.0016480055615557161,0.0006488547043448143,-6.600382373022963e-9,6.3569605554219525e-6,-0.0004624869527948282,2.7128370828394585e-8,7.051958626584363e-7,-2.0208194929233605e-6,2.861978490674266e-7,-9.036867273063517e-11,0.0008384229980174311,4.8068402340277666e-8,8.855124029781723e-8,-7.091956553875443e-5,0.0020299268562590047,-4.081307865793411e-7,-9.6465412519513e-7,6.390946618575008e-10,6.051123716325232e-11,-0.0004972455599167668,-0.003232825963386481,0.001914587272182569,2.850431153790444e-7,-1.594538387241947e-10,-2.0179948488393645e-5,9.708833956989309e-11,4.6161133790198087e-7,1.3339664202892061e-8,-2.4156102163651174e-10,0.00014110021002697169,3.604440184061071e-8,0.0018874284535952777,-0.002911226424351329,0.000708753790552247,5.40083242986809e-11,2.51701854047122e-5,-3.405770960557158e-7,-0.0024997215820936228,-2.810126849496109e-6,-2.893478521042858e-6,-1.4938008545962618e-6,-5.661800086448281e-6,2.152011928605222e-11,-2.2652933684693738e-12,4.920667331634331e-13,0.001169127863509871,2.7283576443469024e-12,-0.0006310933688782951,0.00013734059604784274,-0.0036283064927944177,6.976640688332745e-6,-0.0003092693618991912,0.00011614791126331852,-7.604901077501856e-12,-0.0050158729930443735,0.0031468009361539677,7.035021788558321e-5,6.151786502505048e-5,2.2091298297383037e-5,-6.747667107509544e-5,-8.058497587203895e-12,-0.0015062446860441242,-3.2557342360069955e-8,-6.731053560076794e-5,1.0302691526301572e-6,5.085751175815265e-8,1.1617357522481815e-8,-0.0022514220607824467,-1.5415776005909297e-10,2.0398609773448796e-5,-0.00014967828769079283,-3.8765661334769866e-8,-8.394730662426238e-6,2.507382766693e-6,-0.0009083857735684872,7.703262026420242e-6,1.520622313027257e-6,4.699073110503829e-10,-7.448099806007408e-6,-0.002087810149498652,2.667908517875893e-8,-1.964183388772584e-5,3.026392346488833e-9,2.2175909610947525e-5,0.00013168258970228566,-4.627281880012058e-7,5.679872780914329e-9,-7.614417597058444e-8,1.8121215439627157e-6,3.5352045178759073e-6,-1.4905284584439197e-6,4.497398870515921e-8,-6.102525987528458e-10,0.00019113434913512454,-0.0007925474873185807,-1.3176581372984747e-10,-3.0453589620851193e-6,-7.475959205300786e-6,-0.00022560015130092823,0.0012960907305800608,5.767523352983146e-11,-2.3381714671774758e-11,0.0005753507124010309,-0.0018658371657275575,-7.954460254407344e-6,-2.0640626380545985e-8,-3.297476551777885e-5,1.5924206487038993e-5,1.093460810303281e-5,-4.31651743440659e-8,3.633361555586616e-8,-1.3788949358330136e-5,0.00030662738602278114,0.0011420352386272048,0.002594695958349482,0.0066722085223317375,-0.010365702528549826,5.216738601792272e-10,2.0548997494464184e-10,1.1057388512320388e-6,-5.770003670631085e-5,3.180927718188845e-12
0.0,0.0,0.0,0.0,0.0,0.0,0.0,0.0,0.0,0.0,0.0,0.0,0.0,0.0,0.0,0.0,0.0,0.0,0.0,0.0,0.0,0.0,0.0,0.0,0.0,0.0,0.0,0.0,0.0,0.0,0.0,0.0,0.0,0.0,0.0,0.0,0.0,0.0,0.0,0.0,0.0,0.0,0.0,0.0,0.0,0.0,0.0,0.0,0.0,0.0,0.0,0.0,0.0,0.0,0.0,0.0,0.0,0.0,0.0,0.0,0.0,0.0,0.0,0.0,0.0,0.0,0.0,0.0,0.0,0.0,0.0,0.0,0.0,0.0,0.0,0.0,0.0,0.0,0.0,0.0,0.0,0.0,0.0,0.0,0.0,0.0,0.0,0.0,0.0,0.0,0.0,0.0,0.0,0.0,0.0,0.0,0.0,0.0,0.0,0.0,0.0,0.0,0.0,0.0,0.0,0.0,0.0,0.0,0.0,0.0,0.0,0.0,0.0,0.0,0.0,0.0,0.0,0.0,0.0,0.0,0.0,0.0,0.0,0.0,0.0,0.0,0.0,0.0,0.0,0.0,0.0,0.0,0.0,0.0,0.0,0.0,0.0,0.0,0.0,0.0,0.0,0.0,0.0,0.0,0.0,0.0,0.0,0.0,0.0,0.0,0.0,0.0,0.0,0.0,0.0,0.0,0.0,0.0,0.0,0.0,0.0,0.0,0.0,0.0,0.0,0.0,0.0,0.0,0.0,0.0,0.0,0.0,0.0,0.0,0.0,0.0,0.0,0.0,0.0,0.0,0.0,0.0,0.0,0.0,0.0,0.0,0.0,0.0,0.0,0.0,0.0,0.0,0.0,0.0,0.0,0.0,0.0,0.0,0.0,0.0,0.0,0.0,0.0,0.0,0.0,0.0,0.0,0.0,0.0,0.0,0.0,0.0,0.0,0.0,0.0,0.0,0.0,0.0,0.0,0.0,0.0,0.0,0.0,0.0,0.0,0.0,0.0,0.0,0.0,0.0,0.0,0.0,0.0,0.0,0.0,0.0,0.0,0.0,0.0,0.0,0.0,0.0,0.0,0.0,0.0,0.0,0.0,0.0,0.0,0.0,0.0,0.0,0.0,0.0,0.0,0.0,0.0,0.0,0.0,0.0,0.0,0.0,0.0,0.0,0.0,0.0,0.0,0.0,0.0,0.0,0.0,0.0,0.0,0.0,0.0,0.0,0.0,0.0,0.0,0.0,0.0,0.0,0.0,0.0,0.0,0.0,0.0,0.0,0.0,0.0,0.0,0.0,0.0,0.0,0.0,0.0,0.0,0.0,0.0,0.0,0.0,0.0,0.0,0.0,0.0,0.0,0.0,0.0,0.0,0.0,0.0,0.0,0.0,0.0,0.0,0.0,0.0,0.0,0.0,0.0,0.0,0.0,0.0,0.0,0.0,0.0,0.0,0.0,0.0,0.0,0.0,0.0,0.0,0.0,0.0,0.0,0.0,0.0,0.0,0.0,0.0,0.0,0.0,0.0,0.0,0.0,0.0,0.0,0.0,0.0,0.0,0.0,0.0,0.0,0.0,0.0,0.0,0.0,0.0,0.0,0.0,0.0,0.0,0.0,0.0,0.0,0.0,0.0,0.0,0.0,0.0,0.0,0.0,0.0,0.0,0.0,0.0,0.0,0.0,0.0,0.0,0.0,0.0,0.0,0.0,0.0,0.0,0.0,0.0,0.0,0.0,0.0,0.0,0.0,0.0,0.0,0.0,0.0,0.0,0.0,0.0,0.0,0.0,0.0,0.0,0.0,0.0,0.0,0.0,0.0,0.0,0.0,0.0,0.0,0.0,0.0,0.0,0.0,0.0,0.0,0.0,0.0,0.0,0.0,0.0,0.0,0.0,0.0,0.0,0.0,0.0,0.0,0.0,0.0,0.0,0.0,0.0,0.0,0.0,0.0,0.0,0.0,0.0,0.0,0.0,0.0,0.0,0.0,0.0,0.0,0.0,0.0,0.0,0.0,0.0,0.0,0.0,0.0,0.0,0.0,0.0,0.0,0.0,0.0,0.0,0.0,0.0,0.0,0.0,0.0,0.0,0.0,0.0,0.0,0.0,0.0,0.0,0.0,0.0,0.0,0.0,0.0,0.0,0.0,0.0,0.0,0.0,0.0,0.0,0.0,0.0,0.0,0.0,0.0,0.0,0.0,0.0,0.0,0.0,0.0,0.0,0.0,0.0,0.0,0.0,0.0,0.0,0.0,0.0,0.0,0.0,0.0,0.0,0.0,0.0,0.0,0.0,0.0,0.0,0.0,0.0,0.0,0.0,0.0,0.0,0.0,0.0,0.0,0.0,0.0,0.0,0.0,0.0,0.0,0.0,0.0,0.0,0.0,0.0,0.0,0.0,0.0,0.0,0.0,0.0,0.0,0.0,0.0,0.0,0.0,0.0,0.0,0.0,0.0,0.0,0.0,0.0,0.0,0.0,0.0,0.0,0.0,0.0,0.0,0.0,0.0,0.0,0.0,0.0,0.0,0.0,0.0,0.0,0.0,0.0,0.0,0.0,0.0,0.0,0.0,0.0,0.0,0.0,0.0,0.0,0.0,0.0,0.0,0.0,0.0,0.0,0.0,0.0,0.0,0.0,0.0,0.0,0.0,0.0,0.0,0.0,0.0,0.0,0.0,0.0,0.0,0.0,0.0,0.0,0.0,0.0,0.0,0.0,0.0,0.0,0.0,0.0,0.0,0.0,0.0,0.0,0.0,0.0,0.0,0.0,0.0,0.0,0.0,0.0,0.0,0.0,0.0,0.0,0.0,0.0,0.0,0.0,0.029100359756223527,7.519661899514186e-6,-7.978842845915147e-5,-1.2644251601310119e-9,-9.587792997449587e-5,4.839719997203047e-5,-9.135017384590503e-7,-0.0009804942724441993,0.00029157804158237645,-6.010218912762779e-6,0.0006166276735874432,-4.539383987042497e-8,-0.0002502348087675481,-2.90118096778098e-10,-4.7448642199242205e-6,-1.895740456788154e-5,7.89381753061274e-12,6.353689836310787e-5,-3.5389274259911048e-6,-3.532094151914135e-5,-7.961975072913247e-12,1.917768725851777e-10,-0.0002960610332914382,0.0009705836047891915,5.3960447331535004e-8,1.4187540848005118e-10,8.222677116911496e-11,7.605924876676653e-9,-6.993114592073168e-7,-0.0002277859678597189,-1.1101486255662617e-6,-0.00028544056993345674,3.099045437199713e-11,3.845393148800483e-5,2.3314656499272252e-8,8.832168507724376e-7,-5.135832252020066e-5,-0.00012689361197538795,-2.6128621874975636e-10,-9.166051924581035e-7,0.0008214609461104269,0.0002978396411140634,-8.510477049711308e-10,9.339587301548515e-5,-0.00045284760656076525,9.252853372180563e-9,7.692140441575768e-7,-7.341641873925854e-7,-1.7742001491140002e-7,-3.48761453162952e-11,0.001646962337311104,1.6136032917473218e-6,-6.169352582593e-7,-0.0003327586380512573,-0.00018341969867966476,-2.905904378667981e-5,-4.6499028958775235e-8,-1.08750291120424e-10,7.905795788146027e-12,0.003095226226795,0.00011771643805196454,0.0033488252257744635,-2.1190873504218714e-6,-3.3385269092484746e-10,6.817105909754569e-5,1.6177752683958394e-11,5.2673327298190736e-8,-6.19473262245943e-9,1.0685470416578533e-10,-0.0008163333344737377,9.080763633827915e-9,-5.2983581127834456e-5,-0.00018218975287873014,0.0026486740447710343,-8.41712547004287e-12,0.00012899673983592664,4.987490683664106e-6,0.0024674386571274173,-1.616632269912953e-5,-1.329816613778534e-5,-4.6091794702226483e-7,4.779513165452934e-7,1.3375566911272205e-11,-5.944483102932879e-13,-2.081474074854493e-12,0.006697581857232169,-3.898592842834271e-12,-5.9456734272435106e-5,0.0032201328388383873,-0.005462544508093078,2.924880203467784e-5,5.9067131564981236e-5,0.0006392675487755385,-7.974816352625484e-13,0.000203089321205543,0.004252703772116104,-6.231333110836018e-5,2.2673818618555126e-5,7.954749041381533e-5,-7.658994642387847e-5,6.60790046580836e-12,-0.0026044058619928753,-3.0642516086550974e-8,-2.012302026165092e-5,3.973032829875967e-6,1.677788872254403e-7,2.1523608926190927e-9,-0.00020421925256415677,-1.0546385830588573e-11,-0.00048501530123687327,9.5228342824259e-5,-8.993784425550686e-9,-3.0532421860514757e-6,1.092647978664439e-6,-0.009423646395593285,-3.8139667637706497e-6,5.686637732825252e-6,9.484275380726024e-11,-2.8827996185359447e-6,-0.0007508561846993375,6.403071982258066e-9,-9.339118281083803e-5,1.0629746363795143e-9,-3.0917036184657806e-6,-0.0001982690914528374,-1.9313539970859435e-6,1.8332057061340809e-9,3.5625472969174273e-9,-1.5438202108343452e-6,1.5113232603932672e-6,-6.346207667992582e-6,9.235626535104027e-9,-4.138297995673695e-10,6.901524906811047e-5,6.390317332552563e-5,9.600860866801016e-11,7.416942055075999e-7,7.957619098520898e-7,0.0010078670346290698,0.0028300805203198636,-3.3135024747991696e-11,-6.455669316521324e-12,-0.0005686504047564477,0.0007361883211248489,5.304044253396843e-6,-7.0014105138147784e-9,-1.2178483991587784e-5,0.0003507912278237209,-2.3843489153515976e-7,-1.5130377455806073e-8,-1.4447096419801109e-8,-0.00012438938060914685,0.00031385530305407357,8.45173264302052e-5,-0.0007995840539766458,0.0016983924000483566,-0.006858492540567569,-2.7409703260646996e-10,-2.5777935560030114e-11,2.0229811451006746e-6,-0.00021995460054456106,9.213547895641414e-13
0.0,0.0,0.0,0.0,0.0,0.0,0.0,0.0,0.0,0.0,0.0,0.0,0.0,0.0,0.0,0.0,0.0,0.0,0.0,0.0,0.0,0.0,0.0,0.0,0.0,0.0,0.0,0.0,0.0,0.0,0.0,0.0,0.0,0.0,0.0,0.0,0.0,0.0,0.0,0.0,0.0,0.0,0.0,0.0,0.0,0.0,0.0,0.0,0.0,0.0,0.0,0.0,0.0,0.0,0.0,0.0,0.0,0.0,0.0,0.0,0.0,0.0,0.0,0.0,0.0,0.0,0.0,0.0,0.0,0.0,0.0,0.0,0.0,0.0,0.0,0.0,0.0,0.0,0.0,0.0,0.0,0.0,0.0,0.0,0.0,0.0,0.0,0.0,0.0,0.0,0.0,0.0,0.0,0.0,0.0,0.0,0.0,0.0,0.0,0.0,0.0,0.0,0.0,0.0,0.0,0.0,0.0,0.0,0.0,0.0,0.0,0.0,0.0,0.0,0.0,0.0,0.0,0.0,0.0,0.0,0.0,0.0,0.0,0.0,0.0,0.0,0.0,0.0,0.0,0.0,0.0,0.0,0.0,0.0,0.0,0.0,0.0,0.0,0.0,0.0,0.0,0.0,0.0,0.0,0.0,0.0,0.0,0.0,0.0,0.0,0.0,0.0,0.0,0.0,0.0,0.0,0.0,0.0,0.0,0.0,0.0,0.0,0.0,0.0,0.0,0.0,0.0,0.0,0.0,0.0,0.0,0.0,0.0,0.0,0.0,0.0,0.0,0.0,0.0,0.0,0.0,0.0,0.0,0.0,0.0,0.0,0.0,0.0,0.0,0.0,0.0,0.0,0.0,0.0,0.0,0.0,0.0,0.0,0.0,0.0,0.0,0.0,0.0,0.0,0.0,0.0,0.0,0.0,0.0,0.0,0.0,0.0,0.0,0.0,0.0,0.0,0.0,0.0,0.0,0.0,0.0,0.0,0.0,0.0,0.0,0.0,0.0,0.0,0.0,0.0,0.0,0.0,0.0,0.0,0.0,0.0,0.0,0.0,0.0,0.0,0.0,0.0,0.0,0.0,0.0,0.0,0.0,0.0,0.0,0.0,0.0,0.0,0.0,0.0,0.0,0.0,0.0,0.0,0.0,0.0,0.0,0.0,0.0,0.0,0.0,0.0,0.0,0.0,0.0,0.0,0.0,0.0,0.0,0.0,0.0,0.0,0.0,0.0,0.0,0.0,0.0,0.0,0.0,0.0,0.0,0.0,0.0,0.0,0.0,0.0,0.0,0.0,0.0,0.0,0.0,0.0,0.0,0.0,0.0,0.0,0.0,0.0,0.0,0.0,0.0,0.0,0.0,0.0,0.0,0.0,0.0,0.0,0.0,0.0,0.0,0.0,0.0,0.0,0.0,0.0,0.0,0.0,0.0,0.0,0.0,0.0,0.0,0.0,0.0,0.0,0.0,0.0,0.0,0.0,0.0,0.0,0.0,0.0,0.0,0.0,0.0,0.0,0.0,0.0,0.0,0.0,0.0,0.0,0.0,0.0,0.0,0.0,0.0,0.0,0.0,0.0,0.0,0.0,0.0,0.0,0.0,0.0,0.0,0.0,0.0,0.0,0.0,0.0,0.0,0.0,0.0,0.0,0.0,0.0,0.0,0.0,0.0,0.0,0.0,0.0,0.0,0.0,0.0,0.0,0.0,0.0,0.0,0.0,0.0,0.0,0.0,0.0,0.0,0.0,0.0,0.0,0.0,0.0,0.0,0.0,0.0,0.0,0.0,0.0,0.0,0.0,0.0,0.0,0.0,0.0,0.0,0.0,0.0,0.0,0.0,0.0,0.0,0.0,0.0,0.0,0.0,0.0,0.0,0.0,0.0,0.0,0.0,0.0,0.0,0.0,0.0,0.0,0.0,0.0,0.0,0.0,0.0,0.0,0.0,0.0,0.0,0.0,0.0,0.0,0.0,0.0,0.0,0.0,0.0,0.0,0.0,0.0,0.0,0.0,0.0,0.0,0.0,0.0,0.0,0.0,0.0,0.0,0.0,0.0,0.0,0.0,0.0,0.0,0.0,0.0,0.0,0.0,0.0,0.0,0.0,0.0,0.0,0.0,0.0,0.0,0.0,0.0,0.0,0.0,0.0,0.0,0.0,0.0,0.0,0.0,0.0,0.0,0.0,0.0,0.0,0.0,0.0,0.0,0.0,0.0,0.0,0.0,0.0,0.0,0.0,0.0,0.0,0.0,0.0,0.0,0.0,0.0,0.0,0.0,0.0,0.0,0.0,0.0,0.0,0.0,0.0,0.0,0.0,0.0,0.0,0.0,0.0,0.0,0.0,0.0,0.0,0.0,0.0,0.0,0.0,0.0,0.0,0.0,0.0,0.0,0.0,0.0,0.0,0.0,0.0,0.0,0.0,0.0,0.0,0.0,0.0,0.0,0.0,0.0,0.0,0.0,0.0,0.0,0.0,0.0,0.0,0.0,0.0,0.0,0.0,0.0,0.0,0.0,0.0,0.0,0.0,0.0,0.0,0.0,0.0,0.0,0.0,0.0,0.0,0.0,0.0,0.0,0.0,0.0,0.0,0.0,0.0,0.0,0.0,0.0,0.0,0.0,0.0,0.0,0.0,0.0,0.0,0.0,0.0,0.0,0.0,0.0,0.0,0.0,0.0,0.0,0.0,0.0,0.0,0.0,0.0,0.0,0.0,0.0,0.0,0.0,0.0,0.0,0.0,0.0,0.0,0.0,0.0,0.0,0.0,0.0,0.0,0.0,0.0,0.0,0.0,0.0,0.0,0.0,0.0,0.0,0.0,0.0,0.04160104731581073,0.005558012085682947,-1.9324931364292928e-7,-1.5319361803910413e-6,-1.9391351346830897e-6,-1.8812836900736197e-5,-0.0009051075863054021,-5.515926176651841e-6,0.0002989993056094125,8.610352623925756e-5,-3.378767214257278e-6,-0.002218868042759822,-1.3130272841585691e-8,0.00041886953064604055,-9.772984141653095e-8,2.37309216538667e-9,-3.335088299399416e-6,2.779849962056604e-8,-0.0022316179063670274,-1.9981769020976304e-9,3.772738941729759e-8,-3.992224992562996e-7,9.527110675709554e-6,1.62136014164549e-6,1.6318412681661652e-8,4.368826696737001e-9,8.042939684893354e-7,2.3869227769204093e-5,-9.928093084832072e-7,-1.3189583421372505e-5,-6.145150893214879e-6,5.108907880360114e-9,1.775231854680868e-5,7.754359007770756e-6,2.196734228241054e-5,-1.2372566385275432e-6,-0.0028681198481869904,1.2407501304464258e-7,-2.910630742395795e-5,0.0006876180777836467,-0.0022609069937410014,-6.454210228551122e-8,-9.606529389161423e-7,8.525476753509781e-5,-7.368336036945353e-7,9.965437482640621e-6,1.3104224861746065e-5,-4.161667254090625e-5,-6.112759187303608e-9,-0.0003186664283636417,0.0001079718676481843,-2.0037967450605156e-8,-4.161584369067019e-6,-0.005392911328490144,2.5967719526363606e-8,6.2267969420926395e-6,-2.3580849350252818e-8,1.193916786569863e-9,0.00023372605530193937,-8.176188197867143e-5,1.867752008832204e-6,-3.930719056075291e-9,-1.0076001067073117e-7,0.0030847261786553113,-2.1113710013220714e-9,1.0845248873346966e-5,-4.342814680099448e-7,1.0880418826892146e-8,1.7021447511155247e-5,-1.6831014813533303e-6,-0.0003054496581348465,0.0039826890445243115,5.090929095374853e-5,-2.228066192149932e-9,4.402045650442968e-7,0.0010771052069409365,-4.309798116682302e-5,3.47140816380459e-7,-6.697495136309626e-7,4.740211772949355e-5,0.00010544945979613784,2.264500763795681e-9,5.010272679492268e-11,-6.875182935862935e-10,0.0003174620962834216,-7.395427310174684e-9,-0.0009582584133124675,-3.429791490461577e-5,0.00024958910318346604,2.556438375706681e-7,-0.013458969681480205,7.708157359206863e-6,1.9383658284713048e-10,0.00021238490570306447,5.957491706826729e-5,0.003857081702585423,7.389757290170247e-6,1.8837516697504685e-7,1.1193508490345127e-7,1.9505000877866942e-9,3.192503476032099e-5,9.599625657991012e-7,0.000756079601891534,-5.758232674936734e-8,4.5101373304654056e-5,-3.481049972792929e-7,-0.002331343123918811,-1.1884217648534015e-9,-0.0010936977966788887,1.6898379480488835e-6,-1.8143009975569069e-6,-0.0005754246535046976,7.685670755449707e-5,-4.442040675744035e-5,-7.778253393164046e-5,7.0408338063474e-9,8.000116436888174e-9,3.671837305805329e-5,0.0012938432528528036,1.0077966050442136e-6,-3.004513402326927e-7,4.840977050119237e-8,1.7113464661471741e-6,-1.3901041033047914e-5,-3.214399329549632e-8,2.832535951700398e-7,-5.501830831579939e-7,-4.9004635609294066e-5,0.00020157332759318134,-1.0679233145718432e-7,5.546363333406672e-7,-6.4104031240575e-8,0.021252271812562167,3.9413734844553185e-5,4.348847770923492e-9,-2.828192307952986e-5,-0.00010634569682686894,-0.0005018805517016527,0.00012117501659657919,4.396240627661931e-9,-1.994738960551337e-9,4.1775229642433e-5,0.0006389772337326913,-0.00023170867747188587,-8.302600754228028e-7,-0.0008568468734988031,2.7205510468311428e-5,0.0001066354773648614,-3.9353814591323246e-6,8.465762623991966e-7,2.2896404467870816e-7,-8.05828494744329e-6,6.992413444877188e-5,-4.122884074032766e-5,0.00019148455061104874,0.00015220405834210168,-4.698990303197367e-8,-7.713950486229646e-9,-8.528721820284149e-8,0.0002670912567449011,-4.2887531938523405e-10
0.0,0.0,0.0,0.0,0.0,0.0,0.0,0.0,0.0,0.0,0.0,0.0,0.0,0.0,0.0,0.0,0.0,0.0,0.0,0.0,0.0,0.0,0.0,0.0,0.0,0.0,0.0,0.0,0.0,0.0,0.0,0.0,0.0,0.0,0.0,0.0,0.0,0.0,0.0,0.0,0.0,0.0,0.0,0.0,0.0,0.0,0.0,0.0,0.0,0.0,0.0,0.0,0.0,0.0,0.0,0.0,0.0,0.0,0.0,0.0,0.0,0.0,0.0,0.0,0.0,0.0,0.0,0.0,0.0,0.0,0.0,0.0,0.0,0.0,0.0,0.0,0.0,0.0,0.0,0.0,0.0,0.0,0.0,0.0,0.0,0.0,0.0,0.0,0.0,0.0,0.0,0.0,0.0,0.0,0.0,0.0,0.0,0.0,0.0,0.0,0.0,0.0,0.0,0.0,0.0,0.0,0.0,0.0,0.0,0.0,0.0,0.0,0.0,0.0,0.0,0.0,0.0,0.0,0.0,0.0,0.0,0.0,0.0,0.0,0.0,0.0,0.0,0.0,0.0,0.0,0.0,0.0,0.0,0.0,0.0,0.0,0.0,0.0,0.0,0.0,0.0,0.0,0.0,0.0,0.0,0.0,0.0,0.0,0.0,0.0,0.0,0.0,0.0,0.0,0.0,0.0,0.0,0.0,0.0,0.0,0.0,0.0,0.0,0.0,0.0,0.0,0.0,0.0,0.0,0.0,0.0,0.0,0.0,0.0,0.0,0.0,0.0,0.0,0.0,0.0,0.0,0.0,0.0,0.0,0.0,0.0,0.0,0.0,0.0,0.0,0.0,0.0,0.0,0.0,0.0,0.0,0.0,0.0,0.0,0.0,0.0,0.0,0.0,0.0,0.0,0.0,0.0,0.0,0.0,0.0,0.0,0.0,0.0,0.0,0.0,0.0,0.0,0.0,0.0,0.0,0.0,0.0,0.0,0.0,0.0,0.0,0.0,0.0,0.0,0.0,0.0,0.0,0.0,0.0,0.0,0.0,0.0,0.0,0.0,0.0,0.0,0.0,0.0,0.0,0.0,0.0,0.0,0.0,0.0,0.0,0.0,0.0,0.0,0.0,0.0,0.0,0.0,0.0,0.0,0.0,0.0,0.0,0.0,0.0,0.0,0.0,0.0,0.0,0.0,0.0,0.0,0.0,0.0,0.0,0.0,0.0,0.0,0.0,0.0,0.0,0.0,0.0,0.0,0.0,0.0,0.0,0.0,0.0,0.0,0.0,0.0,0.0,0.0,0.0,0.0,0.0,0.0,0.0,0.0,0.0,0.0,0.0,0.0,0.0,0.0,0.0,0.0,0.0,0.0,0.0,0.0,0.0,0.0,0.0,0.0,0.0,0.0,0.0,0.0,0.0,0.0,0.0,0.0,0.0,0.0,0.0,0.0,0.0,0.0,0.0,0.0,0.0,0.0,0.0,0.0,0.0,0.0,0.0,0.0,0.0,0.0,0.0,0.0,0.0,0.0,0.0,0.0,0.0,0.0,0.0,0.0,0.0,0.0,0.0,0.0,0.0,0.0,0.0,0.0,0.0,0.0,0.0,0.0,0.0,0.0,0.0,0.0,0.0,0.0,0.0,0.0,0.0,0.0,0.0,0.0,0.0,0.0,0.0,0.0,0.0,0.0,0.0,0.0,0.0,0.0,0.0,0.0,0.0,0.0,0.0,0.0,0.0,0.0,0.0,0.0,0.0,0.0,0.0,0.0,0.0,0.0,0.0,0.0,0.0,0.0,0.0,0.0,0.0,0.0,0.0,0.0,0.0,0.0,0.0,0.0,0.0,0.0,0.0,0.0,0.0,0.0,0.0,0.0,0.0,0.0,0.0,0.0,0.0,0.0,0.0,0.0,0.0,0.0,0.0,0.0,0.0,0.0,0.0,0.0,0.0,0.0,0.0,0.0,0.0,0.0,0.0,0.0,0.0,0.0,0.0,0.0,0.0,0.0,0.0,0.0,0.0,0.0,0.0,0.0,0.0,0.0,0.0,0.0,0.0,0.0,0.0,0.0,0.0,0.0,0.0,0.0,0.0,0.0,0.0,0.0,0.0,0.0,0.0,0.0,0.0,0.0,0.0,0.0,0.0,0.0,0.0,0.0,0.0,0.0,0.0,0.0,0.0,0.0,0.0,0.0,0.0,0.0,0.0,0.0,0.0,0.0,0.0,0.0,0.0,0.0,0.0,0.0,0.0,0.0,0.0,0.0,0.0,0.0,0.0,0.0,0.0,0.0,0.0,0.0,0.0,0.0,0.0,0.0,0.0,0.0,0.0,0.0,0.0,0.0,0.0,0.0,0.0,0.0,0.0,0.0,0.0,0.0,0.0,0.0,0.0,0.0,0.0,0.0,0.0,0.0,0.0,0.0,0.0,0.0,0.0,0.0,0.0,0.0,0.0,0.0,0.0,0.0,0.0,0.0,0.0,0.0,0.0,0.0,0.0,0.0,0.0,0.0,0.0,0.0,0.0,0.0,0.0,0.0,0.0,0.0,0.0,0.0,0.0,0.0,0.0,0.0,0.0,0.0,0.0,0.0,0.0,0.0,0.0,0.0,0.0,0.0,0.0,0.0,0.0,0.0,0.0,0.0,0.0,0.0,0.0,0.0,0.0,0.0,0.0,0.0,0.0,0.0,0.0,0.0,0.0,0.0,0.0,0.0,0.0,0.0,0.0,0.0,0.0,0.0,0.0,0.0,0.0,0.0,0.0,0.0,0.0,0.0,0.0,0.0,0.0,0.0,0.0,0.0,0.0,0.0,0.0,0.0,0.0,0.0,0.03323592544979152,-6.425852987083028e-8,6.306154762278955e-8,2.886037315838879e-6,-7.894400283060603e-6,0.0010481085496284119,-2.3787666862864094e-6,-0.0005446789579508762,2.0568091362969928e-5,-7.049084069026226e-6,-0.006967540138835058,-1.9508776272371647e-8,-0.00021871967623406652,-8.135799994372555e-8,-6.04835538036416e-9,-2.8760112671339896e-6,2.8338699243881964e-8,0.0006739638839436012,4.003899822832764e-9,-2.6869276996347693e-8,5.42257501177607e-7,7.787105832430837e-6,2.0668930062073794e-6,-1.2065729327042016e-9,-3.806161540238466e-8,-9.871814249697873e-7,1.633406669731243e-5,-5.750801885926642e-7,0.0005624468405325103,-6.293472829351864e-7,-1.272830945145862e-9,-0.000627439703495908,-3.6685092971474268e-6,-8.074357085296217e-5,1.3846381767917144e-7,0.003510725008538574,-8.305276481864211e-8,5.699103223973473e-5,0.000325781834906485,0.0029967216754494645,-1.709399573941302e-7,1.3346755350662716e-6,8.7257044706594e-6,-5.183156754411085e-7,2.6155018145111274e-6,1.6514188069404242e-5,2.136677465810661e-5,9.331666584605825e-9,-0.00014297156705308432,2.706054546253869e-5,-5.4375565109397636e-9,-3.5494913276828975e-6,0.0014045651198059043,-2.570232983372893e-7,-1.69399149715694e-5,3.5068353105310134e-8,4.911036761770006e-10,-0.00016798645776787755,-0.0011475362429351345,2.4847616670611014e-5,-2.1212317648296155e-8,7.055253434765766e-8,-0.00018843550420394943,-2.678920589134337e-11,4.8235340439099705e-6,7.10140932186393e-7,-1.4540700137746784e-8,6.48262309446835e-6,7.031578321149756e-7,0.0005032363751025826,-0.0012504198344911548,-3.3879365266726237e-6,3.2532589834035624e-9,1.7210568312966817e-6,0.000992754203121728,0.0003538805213009024,-1.3637061127424615e-7,-6.968344837189768e-9,2.504008271475656e-5,-0.00034071022895830857,-7.756514124230045e-10,-3.0483549061630847e-10,-2.8323886474510833e-10,2.7431663272969077e-6,-2.2276299416894414e-9,-0.0018077967396696655,1.3485050829287604e-5,-7.154102030106949e-5,-2.7279359610328675e-8,-0.0005925518494495171,-1.4555402058329524e-6,-3.4489545918908895e-10,-0.0032947685268820024,0.00021643650161681728,0.0030877009272034855,-1.9671097639584514e-6,3.893368365257915e-8,1.8302081124935155e-7,-1.017483930233892e-9,2.292424219821e-5,-1.5791399111209689e-6,0.0007251847263741415,1.365376402143535e-7,-1.0518073711501182e-5,4.3107027933964403e-7,-0.007461277457853214,-2.9741327905363313e-9,-0.0009485196192247797,-6.168991308992079e-6,2.0226750576238958e-7,-0.00010972725731081937,-2.547697706463819e-5,-7.26109842180194e-5,0.0002305976767346454,-6.433239153321904e-8,1.8400779999699932e-8,6.527013406506083e-5,5.665342190572079e-5,-1.210817858338525e-7,-1.1553524779707426e-7,-4.305663568835582e-9,7.56532635152366e-7,1.1833173266934383e-5,-3.6570125438901245e-8,2.993052661531237e-9,-2.50366170669546e-6,2.4794417254961347e-6,-0.0001850256290460735,-1.5840311371502064e-7,1.8520331790902017e-7,4.757797370285986e-8,-0.0006444235084440833,-2.5691946140645758e-5,-2.228707614014219e-8,-0.00010033859304557916,0.000403866703260913,0.00044440200322701646,6.106250902819011e-6,5.4465348078632414e-9,-2.973407167654151e-10,-3.302656739422342e-5,-0.0013029971118378872,-0.0006934597690709759,8.19534791619514e-8,-0.0011685035358616708,2.240182366446413e-5,1.3233895286713148e-5,-5.640514773410559e-7,-1.105099274962971e-6,-4.849645081347894e-7,4.801189796446336e-6,9.792650154351951e-5,-0.000165639416361613,-0.0005604448676816986,0.00020480761370657982,3.826644563437138e-8,9.509231654239894e-9,-1.4995382694870336e-8,-0.0005036016002957669,-5.087755363106079e-10
0.0,0.0,0.0,0.0,0.0,0.0,0.0,0.0,0.0,0.0,0.0,0.0,0.0,0.0,0.0,0.0,0.0,0.0,0.0,0.0,0.0,0.0,0.0,0.0,0.0,0.0,0.0,0.0,0.0,0.0,0.0,0.0,0.0,0.0,0.0,0.0,0.0,0.0,0.0,0.0,0.0,0.0,0.0,0.0,0.0,0.0,0.0,0.0,0.0,0.0,0.0,0.0,0.0,0.0,0.0,0.0,0.0,0.0,0.0,0.0,0.0,0.0,0.0,0.0,0.0,0.0,0.0,0.0,0.0,0.0,0.0,0.0,0.0,0.0,0.0,0.0,0.0,0.0,0.0,0.0,0.0,0.0,0.0,0.0,0.0,0.0,0.0,0.0,0.0,0.0,0.0,0.0,0.0,0.0,0.0,0.0,0.0,0.0,0.0,0.0,0.0,0.0,0.0,0.0,0.0,0.0,0.0,0.0,0.0,0.0,0.0,0.0,0.0,0.0,0.0,0.0,0.0,0.0,0.0,0.0,0.0,0.0,0.0,0.0,0.0,0.0,0.0,0.0,0.0,0.0,0.0,0.0,0.0,0.0,0.0,0.0,0.0,0.0,0.0,0.0,0.0,0.0,0.0,0.0,0.0,0.0,0.0,0.0,0.0,0.0,0.0,0.0,0.0,0.0,0.0,0.0,0.0,0.0,0.0,0.0,0.0,0.0,0.0,0.0,0.0,0.0,0.0,0.0,0.0,0.0,0.0,0.0,0.0,0.0,0.0,0.0,0.0,0.0,0.0,0.0,0.0,0.0,0.0,0.0,0.0,0.0,0.0,0.0,0.0,0.0,0.0,0.0,0.0,0.0,0.0,0.0,0.0,0.0,0.0,0.0,0.0,0.0,0.0,0.0,0.0,0.0,0.0,0.0,0.0,0.0,0.0,0.0,0.0,0.0,0.0,0.0,0.0,0.0,0.0,0.0,0.0,0.0,0.0,0.0,0.0,0.0,0.0,0.0,0.0,0.0,0.0,0.0,0.0,0.0,0.0,0.0,0.0,0.0,0.0,0.0,0.0,0.0,0.0,0.0,0.0,0.0,0.0,0.0,0.0,0.0,0.0,0.0,0.0,0.0,0.0,0.0,0.0,0.0,0.0,0.0,0.0,0.0,0.0,0.0,0.0,0.0,0.0,0.0,0.0,0.0,0.0,0.0,0.0,0.0,0.0,0.0,0.0,0.0,0.0,0.0,0.0,0.0,0.0,0.0,0.0,0.0,0.0,0.0,0.0,0.0,0.0,0.0,0.0,0.0,0.0,0.0,0.0,0.0,0.0,0.0,0.0,0.0,0.0,0.0,0.0,0.0,0.0,0.0,0.0,0.0,0.0,0.0,0.0,0.0,0.0,0.0,0.0,0.0,0.0,0.0,0.0,0.0,0.0,0.0,0.0,0.0,0.0,0.0,0.0,0.0,0.0,0.0,0.0,0.0,0.0,0.0,0.0,0.0,0.0,0.0,0.0,0.0,0.0,0.0,0.0,0.0,0.0,0.0,0.0,0.0,0.0,0.0,0.0,0.0,0.0,0.0,0.0,0.0,0.0,0.0,0.0,0.0,0.0,0.0,0.0,0.0,0.0,0.0,0.0,0.0,0.0,0.0,0.0,0.0,0.0,0.0,0.0,0.0,0.0,0.0,0.0,0.0,0.0,0.0,0.0,0.0,0.0,0.0,0.0,0.0,0.0,0.0,0.0,0.0,0.0,0.0,0.0,0.0,0.0,0.0,0.0,0.0,0.0,0.0,0.0,0.0,0.0,0.0,0.0,0.0,0.0,0.0,0.0,0.0,0.0,0.0,0.0,0.0,0.0,0.0,0.0,0.0,0.0,0.0,0.0,0.0,0.0,0.0,0.0,0.0,0.0,0.0,0.0,0.0,0.0,0.0,0.0,0.0,0.0,0.0,0.0,0.0,0.0,0.0,0.0,0.0,0.0,0.0,0.0,0.0,0.0,0.0,0.0,0.0,0.0,0.0,0.0,0.0,0.0,0.0,0.0,0.0,0.0,0.0,0.0,0.0,0.0,0.0,0.0,0.0,0.0,0.0,0.0,0.0,0.0,0.0,0.0,0.0,0.0,0.0,0.0,0.0,0.0,0.0,0.0,0.0,0.0,0.0,0.0,0.0,0.0,0.0,0.0,0.0,0.0,0.0,0.0,0.0,0.0,0.0,0.0,0.0,0.0,0.0,0.0,0.0,0.0,0.0,0.0,0.0,0.0,0.0,0.0,0.0,0.0,0.0,0.0,0.0,0.0,0.0,0.0,0.0,0.0,0.0,0.0,0.0,0.0,0.0,0.0,0.0,0.0,0.0,0.0,0.0,0.0,0.0,0.0,0.0,0.0,0.0,0.0,0.0,0.0,0.0,0.0,0.0,0.0,0.0,0.0,0.0,0.0,0.0,0.0,0.0,0.0,0.0,0.0,0.0,0.0,0.0,0.0,0.0,0.0,0.0,0.0,0.0,0.0,0.0,0.0,0.0,0.0,0.0,0.0,0.0,0.0,0.0,0.0,0.0,0.0,0.0,0.0,0.0,0.0,0.0,0.0,0.0,0.0,0.0,0.0,0.0,0.0,0.0,0.0,0.0,0.0,0.0,0.0,0.0,0.0,0.0,0.0,0.0,0.0,0.0,0.0,0.0,0.0,0.0,0.0,0.0,0.0,0.0,0.0,0.0,0.0,0.0,0.0,0.0,0.0,0.0,0.0,0.0,0.0,0.0,0.0,0.0,0.0,0.0,0.0,0.0,0.0,0.0,0.0,0.0,0.0,0.0,0.0,0.0,0.0,0.0,0.029859782591369642,-1.4698019177021603e-11,2.7414048360450356e-11,1.0598785221609101e-5,-2.4061534913906528e-9,-4.509074117157573e-11,1.7798074906600547e-7,2.2156108206932898e-10,0.0004347373395771066,-1.6579631488879152e-8,0.003136706544424041,2.945059796404773e-7,-2.4367862318016154e-12,0.000603045382958367,1.643218067111321e-11,-3.956782433072525e-13,9.002716580193087e-8,-0.000142768103391482,0.0015258565690575469,-4.957404600389839e-12,4.7398964819629554e-11,0.000191782429806193,-0.00042367540915107775,0.0030688484302902343,-0.0002921135578936545,-2.581609718618171e-6,-2.230145498987868e-11,-2.72408026486848e-8,-3.1812564749469337e-12,-0.0001840741982574646,1.3869629684433732e-7,-0.00036536169096749603,2.503869981469912e-5,5.234493812327693e-12,-1.1962767953300013e-7,0.001576011094949754,-3.0804803220568526e-5,-1.6139717505960354e-8,-4.833194659070827e-8,-0.0003281582430016559,-4.418984630776218e-12,2.8475826762085056e-10,0.00014510798404519356,-7.202326137360829e-6,6.900066571911872e-7,1.1242044369403303e-5,0.0010789068026953264,1.6096150035736685e-9,-2.6152962501642964e-6,-4.281478502191155e-14,-2.8260661190554378e-11,-3.2108211299741776e-8,-3.031165112096068e-12,7.739597677766717e-5,-0.0024482563344486305,-0.000409528220174617,1.8809918663663184e-9,-7.145606002522842e-9,1.9177160302561561e-10,2.959777287090191e-13,0.004058150117744391,-3.3799811844070223e-7,-9.924352493820854e-5,-7.99978182969351e-6,4.922488555431199e-5,0.002028537866754259,-9.164832810357353e-11,0.000880327433508238,-3.097141198738551e-9,3.0999913378932e-8,2.697194682058007e-10,-0.00032572787082820294,-2.1402352026206558e-11,-1.142265112961825e-6,-3.3906114297679912e-9,4.9959510441439645e-12,-2.6936150184044826e-12,3.0407649422236437e-6,5.482451537689008e-6,-0.0001203542868774294,3.032222379189733e-5,-3.3330047215185084e-5,-2.18651668807259e-9,0.0005344840355118534,-3.9356321421665705e-9,-9.534152710351187e-11,2.565698648096595e-9,4.56422828402321e-13,1.6363134101154616e-7,4.0727641462739413e-11,2.595403012664311e-5,1.77160010387802e-8,-1.8845062587998294e-10,-4.064221038792207e-7,4.2284369829830334e-11,-9.353229229977985e-12,1.3462737418217305e-12,-7.965206755659632e-5,2.974107472869873e-9,0.0004442671425951874,9.994881787597691e-8,-2.1241862271332155e-12,-8.774017728796837e-5,0.0006461112757031769,7.392563678591886e-8,5.075373604398297e-5,9.28659092567601e-9,6.052378443953702e-11,0.0004301197571488825,5.566638969981843e-6,-1.303311175270991e-5,-1.7637878578093448e-10,4.3749762903741416e-7,5.517759908039137e-13,-0.0030998005987295067,5.660022009060666e-7,-3.3716592943697303e-9,0.000336883147361595,7.973705266846382e-12,-0.00188425435660907,1.2956412750475144e-11,-1.8788191615351944e-10,1.6577176800334476e-13,-0.015908307996941456,-8.247304305202975e-6,-2.7103132985594054e-6,-3.638368081602285e-6,6.330971970794117e-13,-0.002395695850214687,0.0022854185157655874,-5.249419377274913e-8,8.173516805984932e-11,-0.0018650230209109435,4.139247747566134e-6,-1.148075629457758e-6,-4.68675274963555e-9,2.2592570127523955e-9,-0.00179153114581889,0.00011989700423025328,5.659187835218907e-10,1.1066633212310047e-8,7.785066007986476e-7,0.0027909804602760063,5.659336131290422e-7,1.2973212888842945e-10,-1.5574585863079344e-6,0.00019610196733632106,-1.5584541946924395e-5,-1.1243863551202683e-12,2.2274369396972622e-11,-6.0743205753127664e-9,4.99319710540747e-11,-9.421224489446592e-10,5.631149379064557e-10,-0.0013044749750707174,-0.001043018314948307,-3.4552306861798526e-13,7.88958582730316e-9,5.424098868173203e-6
0.0,0.0,0.0,0.0,0.0,0.0,0.0,0.0,0.0,0.0,0.0,0.0,0.0,0.0,0.0,0.0,0.0,0.0,0.0,0.0,0.0,0.0,0.0,0.0,0.0,0.0,0.0,0.0,0.0,0.0,0.0,0.0,0.0,0.0,0.0,0.0,0.0,0.0,0.0,0.0,0.0,0.0,0.0,0.0,0.0,0.0,0.0,0.0,0.0,0.0,0.0,0.0,0.0,0.0,0.0,0.0,0.0,0.0,0.0,0.0,0.0,0.0,0.0,0.0,0.0,0.0,0.0,0.0,0.0,0.0,0.0,0.0,0.0,0.0,0.0,0.0,0.0,0.0,0.0,0.0,0.0,0.0,0.0,0.0,0.0,0.0,0.0,0.0,0.0,0.0,0.0,0.0,0.0,0.0,0.0,0.0,0.0,0.0,0.0,0.0,0.0,0.0,0.0,0.0,0.0,0.0,0.0,0.0,0.0,0.0,0.0,0.0,0.0,0.0,0.0,0.0,0.0,0.0,0.0,0.0,0.0,0.0,0.0,0.0,0.0,0.0,0.0,0.0,0.0,0.0,0.0,0.0,0.0,0.0,0.0,0.0,0.0,0.0,0.0,0.0,0.0,0.0,0.0,0.0,0.0,0.0,0.0,0.0,0.0,0.0,0.0,0.0,0.0,0.0,0.0,0.0,0.0,0.0,0.0,0.0,0.0,0.0,0.0,0.0,0.0,0.0,0.0,0.0,0.0,0.0,0.0,0.0,0.0,0.0,0.0,0.0,0.0,0.0,0.0,0.0,0.0,0.0,0.0,0.0,0.0,0.0,0.0,0.0,0.0,0.0,0.0,0.0,0.0,0.0,0.0,0.0,0.0,0.0,0.0,0.0,0.0,0.0,0.0,0.0,0.0,0.0,0.0,0.0,0.0,0.0,0.0,0.0,0.0,0.0,0.0,0.0,0.0,0.0,0.0,0.0,0.0,0.0,0.0,0.0,0.0,0.0,0.0,0.0,0.0,0.0,0.0,0.0,0.0,0.0,0.0,0.0,0.0,0.0,0.0,0.0,0.0,0.0,0.0,0.0,0.0,0.0,0.0,0.0,0.0,0.0,0.0,0.0,0.0,0.0,0.0,0.0,0.0,0.0,0.0,0.0,0.0,0.0,0.0,0.0,0.0,0.0,0.0,0.0,0.0,0.0,0.0,0.0,0.0,0.0,0.0,0.0,0.0,0.0,0.0,0.0,0.0,0.0,0.0,0.0,0.0,0.0,0.0,0.0,0.0,0.0,0.0,0.0,0.0,0.0,0.0,0.0,0.0,0.0,0.0,0.0,0.0,0.0,0.0,0.0,0.0,0.0,0.0,0.0,0.0,0.0,0.0,0.0,0.0,0.0,0.0,0.0,0.0,0.0,0.0,0.0,0.0,0.0,0.0,0.0,0.0,0.0,0.0,0.0,0.0,0.0,0.0,0.0,0.0,0.0,0.0,0.0,0.0,0.0,0.0,0.0,0.0,0.0,0.0,0.0,0.0,0.0,0.0,0.0,0.0,0.0,0.0,0.0,0.0,0.0,0.0,0.0,0.0,0.0,0.0,0.0,0.0,0.0,0.0,0.0,0.0,0.0,0.0,0.0,0.0,0.0,0.0,0.0,0.0,0.0,0.0,0.0,0.0,0.0,0.0,0.0,0.0,0.0,0.0,0.0,0.0,0.0,0.0,0.0,0.0,0.0,0.0,0.0,0.0,0.0,0.0,0.0,0.0,0.0,0.0,0.0,0.0,0.0,0.0,0.0,0.0,0.0,0.0,0.0,0.0,0.0,0.0,0.0,0.0,0.0,0.0,0.0,0.0,0.0,0.0,0.0,0.0,0.0,0.0,0.0,0.0,0.0,0.0,0.0,0.0,0.0,0.0,0.0,0.0,0.0,0.0,0.0,0.0,0.0,0.0,0.0,0.0,0.0,0.0,0.0,0.0,0.0,0.0,0.0,0.0,0.0,0.0,0.0,0.0,0.0,0.0,0.0,0.0,0.0,0.0,0.0,0.0,0.0,0.0,0.0,0.0,0.0,0.0,0.0,0.0,0.0,0.0,0.0,0.0,0.0,0.0,0.0,0.0,0.0,0.0,0.0,0.0,0.0,0.0,0.0,0.0,0.0,0.0,0.0,0.0,0.0,0.0,0.0,0.0,0.0,0.0,0.0,0.0,0.0,0.0,0.0,0.0,0.0,0.0,0.0,0.0,0.0,0.0,0.0,0.0,0.0,0.0,0.0,0.0,0.0,0.0,0.0,0.0,0.0,0.0,0.0,0.0,0.0,0.0,0.0,0.0,0.0,0.0,0.0,0.0,0.0,0.0,0.0,0.0,0.0,0.0,0.0,0.0,0.0,0.0,0.0,0.0,0.0,0.0,0.0,0.0,0.0,0.0,0.0,0.0,0.0,0.0,0.0,0.0,0.0,0.0,0.0,0.0,0.0,0.0,0.0,0.0,0.0,0.0,0.0,0.0,0.0,0.0,0.0,0.0,0.0,0.0,0.0,0.0,0.0,0.0,0.0,0.0,0.0,0.0,0.0,0.0,0.0,0.0,0.0,0.0,0.0,0.0,0.0,0.0,0.0,0.0,0.0,0.0,0.0,0.0,0.0,0.0,0.0,0.0,0.0,0.0,0.0,0.0,0.0,0.0,0.0,0.0,0.0,0.0,0.0,0.0,0.0,0.0,0.0,0.0,0.0,0.0,0.0,0.0,0.0,0.0,0.0,0.0,0.0,0.0,0.0,0.0,0.0,0.0,0.0,0.0,0.0,0.0,0.0,0.0,0.0,0.0,0.0,0.0,0.0,0.0,0.02419199364067309,-0.00726735080783268,-7.68116439613855e-9,5.797313467964868e-6,0.000966206847414076,-1.423321027126967e-8,0.00015203544364020483,-5.920212146659122e-10,-1.5254872138411816e-6,-1.576358584867641e-12,-4.279541282341864e-8,0.0007043273042120135,3.6726357827850227e-13,0.00175876971754686,0.00017635671610621197,-5.690721028724493e-7,-2.7367243807981683e-13,4.734621017850837e-12,0.004952222681405733,0.00034948735402180996,6.201798353825598e-10,1.6984166864506463e-12,1.30560656170275e-12,-3.3179097496542167e-11,7.818357887139893e-9,-0.0017942078062628917,8.327801573651942e-8,0.0003926534254042741,3.287788968342499e-13,6.281909620836432e-7,4.349411593391341e-10,4.001178614174432e-9,-0.0005603168976928056,3.5524931723259177e-7,2.398932213392415e-13,-9.629815668418934e-9,-4.608103015419397e-6,2.2763159665337568e-6,-1.7273289905902013e-11,0.0025015256734985934,-0.00026853567357855234,4.4127970761070914e-11,9.836410634382023e-9,1.7935040704448782e-8,-3.848320560237354e-9,-1.2540564703970712e-13,8.070034413948046e-6,2.8336623982287535e-8,-0.0004231271477846353,-0.002122992437416794,5.5195308901699464e-6,-0.0013558542662102787,7.92213109569743e-10,-2.498880270631249e-12,-5.055885857092493e-14,2.6089570879833834e-6,1.1010853350019308e-5,0.00017572475416169077,0.0007304395551364026,-6.284179864709544e-12,6.899907167110572e-7,2.5640954594177983e-13,9.581020412705964e-10,-5.7657276724994276e-11,2.39208026960031e-12,0.000810114104763415,-1.8800232215679073e-11,-1.412135250904491e-5,-9.418735924840024e-6,-0.0009065443487458205,-2.4162250100342846e-13,0.004921893368384262,2.8672097789141023e-8,2.9026722683425306e-5,-0.000983321430820528,0.0005086112433089938,6.5434508790564164e-9,1.1674337202118574e-8,1.0534065210278801e-13,1.1296712020966836e-14,-5.223376598590358e-14,5.548765137399017e-5,2.2003832509273943e-13,-3.6922676620687504e-7,9.252722697551904e-5,-5.986946276102148e-5,-0.0006896629295159786,-1.8834738968122502e-7,-0.0014570545500838252,5.597851202156801e-15,-5.829018458182139e-7,-5.0604240304704336e-5,-4.636803015588641e-7,-0.0023516530557690816,-0.0030773493615001745,0.0012242050476002728,9.869190872590801e-15,2.336224313403323e-6,-1.7934142635482446e-10,4.20995637312077e-8,1.7627397444074253e-5,3.484522590259883e-9,2.268539396429147e-11,-3.0023323749742085e-6,-5.852764700128098e-14,-2.1411611525829624e-6,-0.00023950013129402206,-1.5082582741851995e-10,-6.588100331833525e-8,8.993500746329973e-9,1.9842727960381286e-5,-2.9177530878010422e-8,-0.00016274740076375194,-6.960904097017795e-13,-2.68074637336262e-8,-7.316982467125081e-6,1.2028601090475e-10,0.005044707016830662,8.76467921592055e-12,-0.0006409689823338486,0.004474781863242522,0.00041737655711995467,2.8156223096892186e-11,1.3291359047286263e-10,-2.5921177021469643e-8,9.546339292219849e-9,0.001915640531815097,1.2476361504332515e-10,-3.2605672456740826e-12,1.6459300223132846e-7,-0.00016482392400068004,-2.4216911751786426e-13,-1.197219609163302e-8,2.3118270411878664e-9,1.5947909143518476e-6,3.411608128790187e-5,-1.3683634495737986e-12,3.157481615331677e-14,-0.0003979772136825696,2.876617715502355e-6,9.56357974871253e-8,-1.0592058520592633e-10,-1.7332027209246963e-7,3.28961108444042e-5,-1.848123118048442e-8,-2.5344541322962957e-10,-1.5111467479621514e-10,0.004314610423656905,0.00011791987221521747,3.3915156336794618e-6,-2.29762243048429e-5,1.6465688267122764e-6,-1.5783807163246677e-5,-3.668472181600684e-12,-6.138654303958816e-13,0.0009656310815650789,-2.2854011266288646e-6,1.7072508421689756e-14
0.0,0.0,0.0,0.0,0.0,0.0,0.0,0.0,0.0,0.0,0.0,0.0,0.0,0.0,0.0,0.0,0.0,0.0,0.0,0.0,0.0,0.0,0.0,0.0,0.0,0.0,0.0,0.0,0.0,0.0,0.0,0.0,0.0,0.0,0.0,0.0,0.0,0.0,0.0,0.0,0.0,0.0,0.0,0.0,0.0,0.0,0.0,0.0,0.0,0.0,0.0,0.0,0.0,0.0,0.0,0.0,0.0,0.0,0.0,0.0,0.0,0.0,0.0,0.0,0.0,0.0,0.0,0.0,0.0,0.0,0.0,0.0,0.0,0.0,0.0,0.0,0.0,0.0,0.0,0.0,0.0,0.0,0.0,0.0,0.0,0.0,0.0,0.0,0.0,0.0,0.0,0.0,0.0,0.0,0.0,0.0,0.0,0.0,0.0,0.0,0.0,0.0,0.0,0.0,0.0,0.0,0.0,0.0,0.0,0.0,0.0,0.0,0.0,0.0,0.0,0.0,0.0,0.0,0.0,0.0,0.0,0.0,0.0,0.0,0.0,0.0,0.0,0.0,0.0,0.0,0.0,0.0,0.0,0.0,0.0,0.0,0.0,0.0,0.0,0.0,0.0,0.0,0.0,0.0,0.0,0.0,0.0,0.0,0.0,0.0,0.0,0.0,0.0,0.0,0.0,0.0,0.0,0.0,0.0,0.0,0.0,0.0,0.0,0.0,0.0,0.0,0.0,0.0,0.0,0.0,0.0,0.0,0.0,0.0,0.0,0.0,0.0,0.0,0.0,0.0,0.0,0.0,0.0,0.0,0.0,0.0,0.0,0.0,0.0,0.0,0.0,0.0,0.0,0.0,0.0,0.0,0.0,0.0,0.0,0.0,0.0,0.0,0.0,0.0,0.0,0.0,0.0,0.0,0.0,0.0,0.0,0.0,0.0,0.0,0.0,0.0,0.0,0.0,0.0,0.0,0.0,0.0,0.0,0.0,0.0,0.0,0.0,0.0,0.0,0.0,0.0,0.0,0.0,0.0,0.0,0.0,0.0,0.0,0.0,0.0,0.0,0.0,0.0,0.0,0.0,0.0,0.0,0.0,0.0,0.0,0.0,0.0,0.0,0.0,0.0,0.0,0.0,0.0,0.0,0.0,0.0,0.0,0.0,0.0,0.0,0.0,0.0,0.0,0.0,0.0,0.0,0.0,0.0,0.0,0.0,0.0,0.0,0.0,0.0,0.0,0.0,0.0,0.0,0.0,0.0,0.0,0.0,0.0,0.0,0.0,0.0,0.0,0.0,0.0,0.0,0.0,0.0,0.0,0.0,0.0,0.0,0.0,0.0,0.0,0.0,0.0,0.0,0.0,0.0,0.0,0.0,0.0,0.0,0.0,0.0,0.0,0.0,0.0,0.0,0.0,0.0,0.0,0.0,0.0,0.0,0.0,0.0,0.0,0.0,0.0,0.0,0.0,0.0,0.0,0.0,0.0,0.0,0.0,0.0,0.0,0.0,0.0,0.0,0.0,0.0,0.0,0.0,0.0,0.0,0.0,0.0,0.0,0.0,0.0,0.0,0.0,0.0,0.0,0.0,0.0,0.0,0.0,0.0,0.0,0.0,0.0,0.0,0.0,0.0,0.0,0.0,0.0,0.0,0.0,0.0,0.0,0.0,0.0,0.0,0.0,0.0,0.0,0.0,0.0,0.0,0.0,0.0,0.0,0.0,0.0,0.0,0.0,0.0,0.0,0.0,0.0,0.0,0.0,0.0,0.0,0.0,0.0,0.0,0.0,0.0,0.0,0.0,0.0,0.0,0.0,0.0,0.0,0.0,0.0,0.0,0.0,0.0,0.0,0.0,0.0,0.0,0.0,0.0,0.0,0.0,0.0,0.0,0.0,0.0,0.0,0.0,0.0,0.0,0.0,0.0,0.0,0.0,0.0,0.0,0.0,0.0,0.0,0.0,0.0,0.0,0.0,0.0,0.0,0.0,0.0,0.0,0.0,0.0,0.0,0.0,0.0,0.0,0.0,0.0,0.0,0.0,0.0,0.0,0.0,0.0,0.0,0.0,0.0,0.0,0.0,0.0,0.0,0.0,0.0,0.0,0.0,0.0,0.0,0.0,0.0,0.0,0.0,0.0,0.0,0.0,0.0,0.0,0.0,0.0,0.0,0.0,0.0,0.0,0.0,0.0,0.0,0.0,0.0,0.0,0.0,0.0,0.0,0.0,0.0,0.0,0.0,0.0,0.0,0.0,0.0,0.0,0.0,0.0,0.0,0.0,0.0,0.0,0.0,0.0,0.0,0.0,0.0,0.0,0.0,0.0,0.0,0.0,0.0,0.0,0.0,0.0,0.0,0.0,0.0,0.0,0.0,0.0,0.0,0.0,0.0,0.0,0.0,0.0,0.0,0.0,0.0,0.0,0.0,0.0,0.0,0.0,0.0,0.0,0.0,0.0,0.0,0.0,0.0,0.0,0.0,0.0,0.0,0.0,0.0,0.0,0.0,0.0,0.0,0.0,0.0,0.0,0.0,0.0,0.0,0.0,0.0,0.0,0.0,0.0,0.0,0.0,0.0,0.0,0.0,0.0,0.0,0.0,0.0,0.0,0.0,0.0,0.0,0.0,0.0,0.0,0.0,0.0,0.0,0.0,0.0,0.0,0.0,0.0,0.0,0.0,0.0,0.0,0.0,0.0,0.0,0.0,0.0,0.0,0.0,0.0,0.0,0.0,0.0,0.0,0.0,0.0,0.0,0.0,0.0,0.0,0.0,0.0,0.0,0.0,0.0,0.0,0.0,0.0,0.0,0.0,0.0,0.0,0.0,0.0,0.0,0.0,0.0,0.028175251053390284,1.4731940368684912e-8,1.1703253413422533e-5,-0.0020977216921846445,-1.905683026500616e-8,5.030493745240846e-5,-9.020728019659093e-12,6.328399885699517e-6,6.269938498023619e-12,-5.72631303850831e-8,0.0001099770689773943,-3.324722335307847e-13,-0.0034049404538157558,5.40419151262332e-6,1.7790698304278133e-6,5.069632648623813e-13,-3.1753875355835074e-12,-0.006675796021098585,-0.006429154280001826,-7.54414753074035e-10,-4.515293157959366e-12,-5.539159658522812e-12,-3.2285093430165215e-10,-3.8300034986998726e-8,-0.0002255313444976517,-2.9166784288339e-7,0.003113933882661041,-2.7846934278280114e-13,2.8005397328442745e-7,4.185882787227238e-11,-7.468698750494202e-9,0.0019189749872663758,-6.1763627525540555e-6,4.455527280179999e-13,8.714203132207346e-9,5.626258698052734e-5,-1.084573390515493e-6,1.9702670948815364e-11,0.004237501561615866,-0.0013634760840660059,-1.1756021807237648e-10,-3.0862864589830274e-8,1.804002248251539e-8,6.495828725602224e-9,6.213046422648597e-13,6.448669450517903e-5,-2.493705466633217e-8,-1.2149478785011919e-5,0.002590570355139439,-2.6427396048102157e-5,-0.0015377509904660304,-6.777088515562652e-9,2.629838193883041e-12,6.61575038923842e-14,5.802625590803351e-5,-5.108886254035921e-5,0.0004702297827617255,3.416191234304283e-5,6.7025263421268614e-12,-5.111463291185149e-7,-7.43760227232326e-13,1.1785936012609836e-9,1.9442859974944876e-10,-1.4812154147912727e-12,-0.0023445443790796254,1.843142862889934e-10,0.00016311925255745263,-9.88739083071672e-5,-0.00014563317362799023,2.681847824539436e-13,-0.004388334851690832,2.6809703215907893e-7,-0.00014840697069612086,0.0005705276059973656,0.00010422216181279635,2.038595629734584e-9,-1.1690359787941509e-7,-3.508098911906665e-14,-3.5276286914072734e-14,4.6367991171430334e-14,-0.00029415590193866665,-1.4564426447014046e-12,-1.5662625714826242e-5,0.0010354827721449885,3.7540188856517205e-6,-0.000830960996703923,2.3178025236304606e-6,-0.00513566646306058,1.5921240134258292e-14,-1.618279289183915e-5,0.0004608934169484282,2.0972655930656973e-7,-0.007020080964014828,-0.0012923825925732924,0.0019653212564724343,1.226963432707867e-13,-9.341862410653127e-5,1.6677676617036715e-10,-8.817179251289461e-7,0.0002268521814986606,-1.0739595092927268e-10,-8.936576669875438e-11,1.4371193975022437e-5,6.566795797732296e-13,-7.854393254990088e-8,0.0016142348404068593,2.1353270444733563e-10,1.5548240424894348e-7,-1.8066480283967235e-8,0.00016913212820316903,1.7711794140593748e-7,-0.0002756832406714586,-2.5017010871241736e-12,8.463487367946723e-8,1.2239893703166366e-6,1.5674929194487814e-10,-0.0014402061753723595,-7.001572809646345e-12,-0.005711498627595394,-0.0062331020026695095,-6.048841198815574e-5,-3.259138842843079e-11,-1.5250519264098568e-9,4.0151269685763906e-8,-4.69958383178294e-8,0.00019290925110341942,-3.2558810928172435e-10,3.2929490752314873e-12,6.903475169568387e-10,-0.0008116227980659843,2.4631936400489512e-12,-1.2745829861524077e-8,-1.5044676592341177e-8,6.529960857875546e-5,-2.7779176027957157e-5,3.897177933183791e-12,-1.9933744430205647e-13,-5.857696665502432e-5,-2.5187319330070038e-5,-3.4661075404207704e-7,1.5646135403900114e-10,-2.9168750702205435e-7,0.0004294966560181946,1.5775742107794076e-7,8.160372414232331e-11,8.64914197307404e-10,-0.00161628372086943,0.0008513720613487529,-1.9341315168410877e-5,-0.00011160086739977188,-9.294813058028563e-5,-5.380574073456119e-6,4.514716357175417e-12,8.35293027862967e-13,2.306009541025599e-5,4.4832497341186845e-6,-8.491948988675602e-14
0.0,0.0,0.0,0.0,0.0,0.0,0.0,0.0,0.0,0.0,0.0,0.0,0.0,0.0,0.0,0.0,0.0,0.0,0.0,0.0,0.0,0.0,0.0,0.0,0.0,0.0,0.0,0.0,0.0,0.0,0.0,0.0,0.0,0.0,0.0,0.0,0.0,0.0,0.0,0.0,0.0,0.0,0.0,0.0,0.0,0.0,0.0,0.0,0.0,0.0,0.0,0.0,0.0,0.0,0.0,0.0,0.0,0.0,0.0,0.0,0.0,0.0,0.0,0.0,0.0,0.0,0.0,0.0,0.0,0.0,0.0,0.0,0.0,0.0,0.0,0.0,0.0,0.0,0.0,0.0,0.0,0.0,0.0,0.0,0.0,0.0,0.0,0.0,0.0,0.0,0.0,0.0,0.0,0.0,0.0,0.0,0.0,0.0,0.0,0.0,0.0,0.0,0.0,0.0,0.0,0.0,0.0,0.0,0.0,0.0,0.0,0.0,0.0,0.0,0.0,0.0,0.0,0.0,0.0,0.0,0.0,0.0,0.0,0.0,0.0,0.0,0.0,0.0,0.0,0.0,0.0,0.0,0.0,0.0,0.0,0.0,0.0,0.0,0.0,0.0,0.0,0.0,0.0,0.0,0.0,0.0,0.0,0.0,0.0,0.0,0.0,0.0,0.0,0.0,0.0,0.0,0.0,0.0,0.0,0.0,0.0,0.0,0.0,0.0,0.0,0.0,0.0,0.0,0.0,0.0,0.0,0.0,0.0,0.0,0.0,0.0,0.0,0.0,0.0,0.0,0.0,0.0,0.0,0.0,0.0,0.0,0.0,0.0,0.0,0.0,0.0,0.0,0.0,0.0,0.0,0.0,0.0,0.0,0.0,0.0,0.0,0.0,0.0,0.0,0.0,0.0,0.0,0.0,0.0,0.0,0.0,0.0,0.0,0.0,0.0,0.0,0.0,0.0,0.0,0.0,0.0,0.0,0.0,0.0,0.0,0.0,0.0,0.0,0.0,0.0,0.0,0.0,0.0,0.0,0.0,0.0,0.0,0.0,0.0,0.0,0.0,0.0,0.0,0.0,0.0,0.0,0.0,0.0,0.0,0.0,0.0,0.0,0.0,0.0,0.0,0.0,0.0,0.0,0.0,0.0,0.0,0.0,0.0,0.0,0.0,0.0,0.0,0.0,0.0,0.0,0.0,0.0,0.0,0.0,0.0,0.0,0.0,0.0,0.0,0.0,0.0,0.0,0.0,0.0,0.0,0.0,0.0,0.0,0.0,0.0,0.0,0.0,0.0,0.0,0.0,0.0,0.0,0.0,0.0,0.0,0.0,0.0,0.0,0.0,0.0,0.0,0.0,0.0,0.0,0.0,0.0,0.0,0.0,0.0,0.0,0.0,0.0,0.0,0.0,0.0,0.0,0.0,0.0,0.0,0.0,0.0,0.0,0.0,0.0,0.0,0.0,0.0,0.0,0.0,0.0,0.0,0.0,0.0,0.0,0.0,0.0,0.0,0.0,0.0,0.0,0.0,0.0,0.0,0.0,0.0,0.0,0.0,0.0,0.0,0.0,0.0,0.0,0.0,0.0,0.0,0.0,0.0,0.0,0.0,0.0,0.0,0.0,0.0,0.0,0.0,0.0,0.0,0.0,0.0,0.0,0.0,0.0,0.0,0.0,0.0,0.0,0.0,0.0,0.0,0.0,0.0,0.0,0.0,0.0,0.0,0.0,0.0,0.0,0.0,0.0,0.0,0.0,0.0,0.0,0.0,0.0,0.0,0.0,0.0,0.0,0.0,0.0,0.0,0.0,0.0,0.0,0.0,0.0,0.0,0.0,0.0,0.0,0.0,0.0,0.0,0.0,0.0,0.0,0.0,0.0,0.0,0.0,0.0,0.0,0.0,0.0,0.0,0.0,0.0,0.0,0.0,0.0,0.0,0.0,0.0,0.0,0.0,0.0,0.0,0.0,0.0,0.0,0.0,0.0,0.0,0.0,0.0,0.0,0.0,0.0,0.0,0.0,0.0,0.0,0.0,0.0,0.0,0.0,0.0,0.0,0.0,0.0,0.0,0.0,0.0,0.0,0.0,0.0,0.0,0.0,0.0,0.0,0.0,0.0,0.0,0.0,0.0,0.0,0.0,0.0,0.0,0.0,0.0,0.0,0.0,0.0,0.0,0.0,0.0,0.0,0.0,0.0,0.0,0.0,0.0,0.0,0.0,0.0,0.0,0.0,0.0,0.0,0.0,0.0,0.0,0.0,0.0,0.0,0.0,0.0,0.0,0.0,0.0,0.0,0.0,0.0,0.0,0.0,0.0,0.0,0.0,0.0,0.0,0.0,0.0,0.0,0.0,0.0,0.0,0.0,0.0,0.0,0.0,0.0,0.0,0.0,0.0,0.0,0.0,0.0,0.0,0.0,0.0,0.0,0.0,0.0,0.0,0.0,0.0,0.0,0.0,0.0,0.0,0.0,0.0,0.0,0.0,0.0,0.0,0.0,0.0,0.0,0.0,0.0,0.0,0.0,0.0,0.0,0.0,0.0,0.0,0.0,0.0,0.0,0.0,0.0,0.0,0.0,0.0,0.0,0.0,0.0,0.0,0.0,0.0,0.0,0.0,0.0,0.0,0.0,0.0,0.0,0.0,0.0,0.0,0.0,0.0,0.0,0.0,0.0,0.0,0.0,0.0,0.0,0.0,0.0,0.0,0.0,0.0,0.0,0.0,0.0,0.0,0.0,0.0,0.0,0.0,0.0,0.0,0.0,0.0,0.0,0.0,0.0,0.0,0.0,0.0,0.0,0.0,0.0,0.0,0.0,0.0,0.0,0.0,0.0,0.0,0.0,0.029607599300572367,-1.2187672040332282e-6,-1.4649166539078243e-8,-6.341405230567638e-5,5.643357710909517e-7,0.0025746787791803873,-2.3968845952180734e-5,7.254427274097529e-6,0.001983961615659599,-2.080772672446679e-9,6.581679091736556e-7,-2.5394357553444544e-9,-8.063439158859548e-11,-0.00015106618570111648,1.1407412516253962e-8,-5.928214009379465e-7,2.2195321788360498e-8,2.6076343019399263e-8,-0.0020274477055444106,-3.96037777103289e-7,1.5422290630671655e-7,-9.829070005143163e-5,0.0027176440593550504,-1.1849169204015138e-8,9.451331424059884e-5,2.831539482434416e-9,8.980559203676662e-8,8.200730706223228e-5,0.0008167595792080599,0.007000146203300538,7.743932523482994e-9,-6.081924997284158e-5,5.2441751286787164e-5,-0.001318777342842666,-8.266463431830161e-6,-4.645913748047793e-5,7.921459480295639e-5,-1.238850266994954e-9,-1.9671771476343802e-9,-0.00044291268556926575,-0.0042200681550637695,-0.002056766735633756,-0.0006689910854769425,-1.902907100572413e-7,-1.472249607510334e-6,-0.002464708833518472,-1.8932501725624915e-10,-9.335369139892695e-9,-1.251144260106522e-5,-2.7868734471503365e-9,-0.00028527063094964844,-2.2856243583007944e-6,1.4444422443382863e-9,1.151958536609714e-6,1.5493766434533697e-5,3.6867731496646993e-7,3.2890267304926306e-10,-1.659607755674287e-5,-0.0003282420556954637,-6.415085177283983e-7,-0.0020267983225304488,-0.0004210253933205871,-3.6548283241496457e-6,-7.246902103229522e-8,-0.0007933596929459545,-1.2734914321385658e-7,8.612011493769307e-6,3.096962699537331e-8,-2.62220477713607e-7,-7.982579413161027e-9,-0.0009505695504178449,-1.404638008418215e-6,1.188982629137549e-9,3.81469991051808e-9,-0.005301428010004487,0.0011895048334120003,1.3355724134591747e-7,-6.433751087474397e-9,-7.686212957417556e-8,3.2321412900998005e-7,-4.087976946775451e-7,-8.164305964751158e-6,2.1205208153110477e-7,-1.0455273710593332e-7,2.155214465418824e-10,-0.00012347566357883433,-1.6735113811223835e-9,3.687359587378193e-8,1.7505916772662443e-6,2.9167970781622506e-7,4.9989125063974495e-5,9.368786654719818e-9,-9.232335084107204e-9,1.2560053231590388e-8,1.309452312114479e-7,8.865520180806265e-7,0.0013308116813099805,0.00014050538394216509,-1.5218697992734093e-9,0.003945275484806319,-0.00012213274025533923,2.253121717185815e-5,4.4470786683269406e-7,3.2321713797263627e-6,2.2258389346238576e-8,0.0001296604131009786,-0.00012024319395362244,0.005292946625106936,-6.093378090396428e-7,0.0027059709442299276,4.06833109173404e-10,3.3548753566015423e-6,0.005557810922083732,-2.748360308851377e-6,-5.2890153677150646e-5,1.209027573558209e-8,-1.647802230333343e-5,7.841172622881392e-9,-1.0081612114551758e-7,3.211747215719146e-10,2.8441135903630514e-6,0.0005674053132443381,-0.003891251094925779,0.00019369300857279212,1.0290258832142507e-9,-0.0002375177848483204,-5.237056336405586e-6,-3.111800398432664e-6,-6.960177255690175e-8,-2.487802922021375e-6,-0.00010510806189759904,-0.0002374416578273483,-4.069959612811847e-6,-1.540396485346626e-7,2.4262733415468993e-7,-4.203811907504078e-8,9.166270436385227e-8,-4.667114044237864e-6,-0.0008070650419482143,0.00014093204653634357,-0.00029271744315970165,1.863003283408404e-7,-0.0011812193222619798,0.00026621792920415813,0.0005661068194743621,3.281105339082975e-9,3.052226848764358e-8,-1.1838253359768445e-6,2.1352412953301355e-7,4.1630749860927136e-7,-3.258816038651335e-7,-1.6245012315188127e-6,-1.5000468092812548e-7,-5.251362444682648e-10,2.7322368207511065e-5,-6.738311383614417e-8
0.0,0.0,0.0,0.0,0.0,0.0,0.0,0.0,0.0,0.0,0.0,0.0,0.0,0.0,0.0,0.0,0.0,0.0,0.0,0.0,0.0,0.0,0.0,0.0,0.0,0.0,0.0,0.0,0.0,0.0,0.0,0.0,0.0,0.0,0.0,0.0,0.0,0.0,0.0,0.0,0.0,0.0,0.0,0.0,0.0,0.0,0.0,0.0,0.0,0.0,0.0,0.0,0.0,0.0,0.0,0.0,0.0,0.0,0.0,0.0,0.0,0.0,0.0,0.0,0.0,0.0,0.0,0.0,0.0,0.0,0.0,0.0,0.0,0.0,0.0,0.0,0.0,0.0,0.0,0.0,0.0,0.0,0.0,0.0,0.0,0.0,0.0,0.0,0.0,0.0,0.0,0.0,0.0,0.0,0.0,0.0,0.0,0.0,0.0,0.0,0.0,0.0,0.0,0.0,0.0,0.0,0.0,0.0,0.0,0.0,0.0,0.0,0.0,0.0,0.0,0.0,0.0,0.0,0.0,0.0,0.0,0.0,0.0,0.0,0.0,0.0,0.0,0.0,0.0,0.0,0.0,0.0,0.0,0.0,0.0,0.0,0.0,0.0,0.0,0.0,0.0,0.0,0.0,0.0,0.0,0.0,0.0,0.0,0.0,0.0,0.0,0.0,0.0,0.0,0.0,0.0,0.0,0.0,0.0,0.0,0.0,0.0,0.0,0.0,0.0,0.0,0.0,0.0,0.0,0.0,0.0,0.0,0.0,0.0,0.0,0.0,0.0,0.0,0.0,0.0,0.0,0.0,0.0,0.0,0.0,0.0,0.0,0.0,0.0,0.0,0.0,0.0,0.0,0.0,0.0,0.0,0.0,0.0,0.0,0.0,0.0,0.0,0.0,0.0,0.0,0.0,0.0,0.0,0.0,0.0,0.0,0.0,0.0,0.0,0.0,0.0,0.0,0.0,0.0,0.0,0.0,0.0,0.0,0.0,0.0,0.0,0.0,0.0,0.0,0.0,0.0,0.0,0.0,0.0,0.0,0.0,0.0,0.0,0.0,0.0,0.0,0.0,0.0,0.0,0.0,0.0,0.0,0.0,0.0,0.0,0.0,0.0,0.0,0.0,0.0,0.0,0.0,0.0,0.0,0.0,0.0,0.0,0.0,0.0,0.0,0.0,0.0,0.0,0.0,0.0,0.0,0.0,0.0,0.0,0.0,0.0,0.0,0.0,0.0,0.0,0.0,0.0,0.0,0.0,0.0,0.0,0.0,0.0,0.0,0.0,0.0,0.0,0.0,0.0,0.0,0.0,0.0,0.0,0.0,0.0,0.0,0.0,0.0,0.0,0.0,0.0,0.0,0.0,0.0,0.0,0.0,0.0,0.0,0.0,0.0,0.0,0.0,0.0,0.0,0.0,0.0,0.0,0.0,0.0,0.0,0.0,0.0,0.0,0.0,0.0,0.0,0.0,0.0,0.0,0.0,0.0,0.0,0.0,0.0,0.0,0.0,0.0,0.0,0.0,0.0,0.0,0.0,0.0,0.0,0.0,0.0,0.0,0.0,0.0,0.0,0.0,0.0,0.0,0.0,0.0,0.0,0.0,0.0,0.0,0.0,0.0,0.0,0.0,0.0,0.0,0.0,0.0,0.0,0.0,0.0,0.0,0.0,0.0,0.0,0.0,0.0,0.0,0.0,0.0,0.0,0.0,0.0,0.0,0.0,0.0,0.0,0.0,0.0,0.0,0.0,0.0,0.0,0.0,0.0,0.0,0.0,0.0,0.0,0.0,0.0,0.0,0.0,0.0,0.0,0.0,0.0,0.0,0.0,0.0,0.0,0.0,0.0,0.0,0.0,0.0,0.0,0.0,0.0,0.0,0.0,0.0,0.0,0.0,0.0,0.0,0.0,0.0,0.0,0.0,0.0,0.0,0.0,0.0,0.0,0.0,0.0,0.0,0.0,0.0,0.0,0.0,0.0,0.0,0.0,0.0,0.0,0.0,0.0,0.0,0.0,0.0,0.0,0.0,0.0,0.0,0.0,0.0,0.0,0.0,0.0,0.0,0.0,0.0,0.0,0.0,0.0,0.0,0.0,0.0,0.0,0.0,0.0,0.0,0.0,0.0,0.0,0.0,0.0,0.0,0.0,0.0,0.0,0.0,0.0,0.0,0.0,0.0,0.0,0.0,0.0,0.0,0.0,0.0,0.0,0.0,0.0,0.0,0.0,0.0,0.0,0.0,0.0,0.0,0.0,0.0,0.0,0.0,0.0,0.0,0.0,0.0,0.0,0.0,0.0,0.0,0.0,0.0,0.0,0.0,0.0,0.0,0.0,0.0,0.0,0.0,0.0,0.0,0.0,0.0,0.0,0.0,0.0,0.0,0.0,0.0,0.0,0.0,0.0,0.0,0.0,0.0,0.0,0.0,0.0,0.0,0.0,0.0,0.0,0.0,0.0,0.0,0.0,0.0,0.0,0.0,0.0,0.0,0.0,0.0,0.0,0.0,0.0,0.0,0.0,0.0,0.0,0.0,0.0,0.0,0.0,0.0,0.0,0.0,0.0,0.0,0.0,0.0,0.0,0.0,0.0,0.0,0.0,0.0,0.0,0.0,0.0,0.0,0.0,0.0,0.0,0.0,0.0,0.0,0.0,0.0,0.0,0.0,0.0,0.0,0.0,0.0,0.0,0.0,0.0,0.0,0.0,0.0,0.0,0.0,0.0,0.0,0.0,0.0,0.0,0.0,0.0,0.0,0.0,0.0,0.0,0.0,0.0,0.0,0.0,0.0,0.0,0.0,0.0,0.0,0.0,0.0,0.0,0.0,0.0,0.0,0.0,0.0,0.0,0.0,0.030145762759456456,4.7055571805394574e-5,-8.157590354140347e-5,-0.001927602715025358,1.16134390254794e-7,0.00043536853020508296,1.53191465767181e-9,2.6472739683057243e-5,-5.573181409473607e-6,1.5756616998052853e-10,-9.26218724519334e-6,1.888306321077182e-7,0.0011513721473179132,1.1142271028029806e-12,-3.160695301467127e-10,-7.062954349288263e-6,9.706245658610208e-5,-4.0190055023692994e-7,5.685025375140703e-11,1.3821851109202495e-9,1.270705788921984e-7,3.2052733923442703e-6,-3.904950655400804e-5,-3.57140595537474e-5,6.9167970493087e-5,1.4545940408175191e-10,0.00018649687885500177,-2.421480888181653e-8,5.287315007518086e-7,2.908550529436604e-5,-0.00021829796801882542,1.0694516526417555e-8,8.532184862948724e-6,-0.006256304331608804,-0.001119398496835889,-4.0879804110702536e-9,8.987143850433673e-6,-0.0004924433373430978,-4.5524101094912365e-8,-1.3312934821433735e-5,1.4796556633989505e-5,1.7126106250962363e-6,1.4432253418345462e-10,0.001499361699679671,-9.106145194089174e-6,-3.088623444390818e-7,-2.182677898292821e-5,0.00013578470594838998,-5.831005539188184e-10,7.374617069857511e-7,-1.3950433134583882e-9,-1.245563953763415e-10,0.005222627541760409,-0.003978254824164372,0.0004939858471471229,4.3324833354152265e-7,-2.719154236796347e-9,0.0001233142904503572,-7.452028282287316e-10,-9.227770819904781e-7,-3.524744633481316e-8,2.379312939901802e-10,7.661084638285998e-5,-2.100994055621456e-7,0.00025035727850114667,-0.00765730156229168,0.0004734234411036735,-1.5247208006309204e-10,2.437502885720493e-5,3.630879156808569e-5,-0.00154331499764863,-4.6162896677727417e-7,3.8036622712764357e-6,6.023983088684833e-6,-1.2899462403784089e-5,-1.7722162904938734e-12,1.2845995533370288e-11,-7.771310744924456e-11,-0.002743130102597543,-3.531680128507468e-10,0.001422595224906122,0.00024029905467598037,-0.0010616024319370235,2.2686516169889163e-6,-0.0002540156899561261,9.661705564098084e-6,2.619442638198968e-11,-0.00253018723474676,-0.0006755229137541285,0.00017784831513204918,1.5336629002676147e-5,-3.789997534514019e-6,6.076102623911781e-6,1.0349819248960184e-10,0.0068971416328763874,2.4161481121264417e-7,-0.0006720754412981978,-1.2971210937509472e-6,1.360572417145349e-6,-2.6538825066015065e-8,-0.0005259866079110079,8.722474012020044e-11,-0.004752897135932112,-0.00012362148647971762,5.0040267516913105e-8,-2.0522282015538835e-5,-1.085949421084682e-6,-0.0006746713134948327,-1.3420125493317177e-6,1.388484275591945e-7,4.382437374096685e-10,4.969276609633895e-6,0.0022426554513410605,-1.1084022625262165e-7,6.720650937338873e-6,3.1770530972577603e-9,8.695140629603009e-6,-7.805846735837421e-6,-3.080165645457299e-8,7.202002747702907e-11,6.97692121014075e-8,2.2362782998170072e-5,-3.851041264975217e-6,-9.873918496087937e-7,-3.643986557243613e-8,-8.579100804294416e-10,-0.0012202532745448473,-0.000584311621046005,3.917439517532955e-10,2.6793274554089976e-6,4.2857475328200106e-5,0.006571886630435576,-0.0023579483994450494,1.5126902690260486e-10,-8.606773435313762e-11,1.4816728407297434e-5,0.0008510523695485603,1.890229346486053e-5,7.559058945646384e-9,-7.712686070721327e-5,0.00014438223165931632,-4.0187610982650327e-7,-1.3020470644213078e-7,-2.7436492368191456e-7,4.342656621370621e-6,0.00012527703034102768,-0.000951904566099569,0.0012829738997064601,-0.000973241569188829,0.0012789412973669837,-1.781820506789321e-9,-8.419807604188401e-10,-1.9521223724856825e-6,-0.00010453297703454369,-7.231864710601046e-11
0.0,0.0,0.0,0.0,0.0,0.0,0.0,0.0,0.0,0.0,0.0,0.0,0.0,0.0,0.0,0.0,0.0,0.0,0.0,0.0,0.0,0.0,0.0,0.0,0.0,0.0,0.0,0.0,0.0,0.0,0.0,0.0,0.0,0.0,0.0,0.0,0.0,0.0,0.0,0.0,0.0,0.0,0.0,0.0,0.0,0.0,0.0,0.0,0.0,0.0,0.0,0.0,0.0,0.0,0.0,0.0,0.0,0.0,0.0,0.0,0.0,0.0,0.0,0.0,0.0,0.0,0.0,0.0,0.0,0.0,0.0,0.0,0.0,0.0,0.0,0.0,0.0,0.0,0.0,0.0,0.0,0.0,0.0,0.0,0.0,0.0,0.0,0.0,0.0,0.0,0.0,0.0,0.0,0.0,0.0,0.0,0.0,0.0,0.0,0.0,0.0,0.0,0.0,0.0,0.0,0.0,0.0,0.0,0.0,0.0,0.0,0.0,0.0,0.0,0.0,0.0,0.0,0.0,0.0,0.0,0.0,0.0,0.0,0.0,0.0,0.0,0.0,0.0,0.0,0.0,0.0,0.0,0.0,0.0,0.0,0.0,0.0,0.0,0.0,0.0,0.0,0.0,0.0,0.0,0.0,0.0,0.0,0.0,0.0,0.0,0.0,0.0,0.0,0.0,0.0,0.0,0.0,0.0,0.0,0.0,0.0,0.0,0.0,0.0,0.0,0.0,0.0,0.0,0.0,0.0,0.0,0.0,0.0,0.0,0.0,0.0,0.0,0.0,0.0,0.0,0.0,0.0,0.0,0.0,0.0,0.0,0.0,0.0,0.0,0.0,0.0,0.0,0.0,0.0,0.0,0.0,0.0,0.0,0.0,0.0,0.0,0.0,0.0,0.0,0.0,0.0,0.0,0.0,0.0,0.0,0.0,0.0,0.0,0.0,0.0,0.0,0.0,0.0,0.0,0.0,0.0,0.0,0.0,0.0,0.0,0.0,0.0,0.0,0.0,0.0,0.0,0.0,0.0,0.0,0.0,0.0,0.0,0.0,0.0,0.0,0.0,0.0,0.0,0.0,0.0,0.0,0.0,0.0,0.0,0.0,0.0,0.0,0.0,0.0,0.0,0.0,0.0,0.0,0.0,0.0,0.0,0.0,0.0,0.0,0.0,0.0,0.0,0.0,0.0,0.0,0.0,0.0,0.0,0.0,0.0,0.0,0.0,0.0,0.0,0.0,0.0,0.0,0.0,0.0,0.0,0.0,0.0,0.0,0.0,0.0,0.0,0.0,0.0,0.0,0.0,0.0,0.0,0.0,0.0,0.0,0.0,0.0,0.0,0.0,0.0,0.0,0.0,0.0,0.0,0.0,0.0,0.0,0.0,0.0,0.0,0.0,0.0,0.0,0.0,0.0,0.0,0.0,0.0,0.0,0.0,0.0,0.0,0.0,0.0,0.0,0.0,0.0,0.0,0.0,0.0,0.0,0.0,0.0,0.0,0.0,0.0,0.0,0.0,0.0,0.0,0.0,0.0,0.0,0.0,0.0,0.0,0.0,0.0,0.0,0.0,0.0,0.0,0.0,0.0,0.0,0.0,0.0,0.0,0.0,0.0,0.0,0.0,0.0,0.0,0.0,0.0,0.0,0.0,0.0,0.0,0.0,0.0,0.0,0.0,0.0,0.0,0.0,0.0,0.0,0.0,0.0,0.0,0.0,0.0,0.0,0.0,0.0,0.0,0.0,0.0,0.0,0.0,0.0,0.0,0.0,0.0,0.0,0.0,0.0,0.0,0.0,0.0,0.0,0.0,0.0,0.0,0.0,0.0,0.0,0.0,0.0,0.0,0.0,0.0,0.0,0.0,0.0,0.0,0.0,0.0,0.0,0.0,0.0,0.0,0.0,0.0,0.0,0.0,0.0,0.0,0.0,0.0,0.0,0.0,0.0,0.0,0.0,0.0,0.0,0.0,0.0,0.0,0.0,0.0,0.0,0.0,0.0,0.0,0.0,0.0,0.0,0.0,0.0,0.0,0.0,0.0,0.0,0.0,0.0,0.0,0.0,0.0,0.0,0.0,0.0,0.0,0.0,0.0,0.0,0.0,0.0,0.0,0.0,0.0,0.0,0.0,0.0,0.0,0.0,0.0,0.0,0.0,0.0,0.0,0.0,0.0,0.0,0.0,0.0,0.0,0.0,0.0,0.0,0.0,0.0,0.0,0.0,0.0,0.0,0.0,0.0,0.0,0.0,0.0,0.0,0.0,0.0,0.0,0.0,0.0,0.0,0.0,0.0,0.0,0.0,0.0,0.0,0.0,0.0,0.0,0.0,0.0,0.0,0.0,0.0,0.0,0.0,0.0,0.0,0.0,0.0,0.0,0.0,0.0,0.0,0.0,0.0,0.0,0.0,0.0,0.0,0.0,0.0,0.0,0.0,0.0,0.0,0.0,0.0,0.0,0.0,0.0,0.0,0.0,0.0,0.0,0.0,0.0,0.0,0.0,0.0,0.0,0.0,0.0,0.0,0.0,0.0,0.0,0.0,0.0,0.0,0.0,0.0,0.0,0.0,0.0,0.0,0.0,0.0,0.0,0.0,0.0,0.0,0.0,0.0,0.0,0.0,0.0,0.0,0.0,0.0,0.0,0.0,0.0,0.0,0.0,0.0,0.0,0.0,0.0,0.0,0.0,0.0,0.0,0.0,0.0,0.0,0.0,0.0,0.0,0.0,0.0,0.0,0.0,0.0,0.0,0.0,0.0,0.0,0.0,0.0,0.0,0.0,0.0,0.0,0.0,0.0,0.0,0.0,0.0,0.0,0.0,0.0,0.0,0.0,0.0,0.0,0.0,0.0,0.0,0.03546235400071553,2.1915521839868203e-7,0.00012815882874225206,-2.610030559530707e-9,-9.391059175744383e-6,7.673267274404303e-12,-1.272799070320489e-8,0.0004686390186551965,2.4149950140773555e-12,0.00828957143188064,-9.57210797012817e-5,7.626810596394474e-8,2.2973072266663415e-13,2.859637894100879e-12,-0.004334896023178928,0.013684938686617474,-1.1060765480311872e-9,7.808375208030769e-13,4.026028345136624e-12,4.4097884386679294e-10,-3.292976787692672e-8,-0.008718791994139514,-1.3369457903572215e-7,0.0008418793220097843,8.944468990215718e-13,-1.2441003612434405e-6,2.822928496042899e-9,3.52016853519592e-8,0.0015204660547354742,-1.3296660153712388e-5,-1.172067695420767e-11,7.190506155905758e-9,-2.145391397303139e-5,-3.4678203115607686e-6,9.976839001190412e-11,0.002118711247954539,-0.0025575530040618244,2.572969683487041e-10,1.7731415123158533e-8,9.17881682039298e-8,7.453709487165782e-10,2.5905960198679687e-12,0.000190228751417529,2.2694274811547974e-8,3.5398674070699745e-6,-0.0019439808354979804,-1.884775517132903e-5,-0.0007106277735366866,-1.0631009571422335e-8,-9.559383722929794e-12,-5.622158642449748e-13,-4.30950112768331e-5,-9.668545826025375e-5,9.413496953097017e-5,7.49213948803859e-6,7.148284065868812e-12,-3.2869024289764905e-8,-1.3486130086535608e-12,4.374623196548923e-9,-1.5427526815929525e-10,5.30807554743121e-12,-0.0036653944478908652,1.6714238610854517e-10,6.346118121864825e-5,0.00011373257400027059,0.003243680324369641,-1.2938158668179855e-12,0.003931604163575221,1.8667734569734685e-7,-0.00013796287731166387,-0.00020622258848874706,0.001086200280860464,1.4939643317431238e-9,-7.194951537147111e-8,5.691220432722742e-13,-2.0251911088626543e-14,-2.669725819337532e-13,-0.0004498047561728028,-2.6604417242301656e-12,2.6533026164433847e-6,0.0012476906782153256,-0.0001312432716331755,-0.00033068674627527694,1.2217527773577581e-6,0.0037736247348476772,8.405438003019127e-14,-3.857127690245555e-6,-0.000588250229721733,1.0682655271727333e-6,-0.007268079212774895,-2.7662733985256082e-5,-0.005799136102532025,6.787824082068488e-13,0.00019119663849505262,-9.18850583734383e-11,-6.255425423587714e-7,-0.00030730617356384063,1.7160811944492432e-8,-1.6150849214409952e-10,1.501835951196971e-5,-2.390954500788231e-13,2.1298421615998392e-5,0.000936067144317022,-3.378676415152381e-10,-2.173389446096487e-8,7.77303666492103e-9,-0.0004216713982070589,1.878910973690161e-9,9.884795994817212e-5,4.469301139857566e-12,2.5162669075032153e-8,-8.24498853006922e-5,-1.0728370520049845e-10,-0.0012380413755690392,3.4668246256359737e-12,-0.004436029654044287,-0.003447644530115555,8.328123106550673e-5,-2.6171838778440678e-11,-1.3079683981963727e-9,-3.46805543908621e-8,4.352042744037808e-8,0.0006532407535183068,-2.1850484543248026e-10,-1.5875156679209203e-11,4.472178624487089e-6,-0.0009190880636266858,-5.649079459680236e-12,-3.221505258832314e-8,2.5592556656003893e-9,4.573332891964801e-5,0.0002096217966794167,6.718571779104981e-13,-7.879109045352077e-13,-0.005224101912161398,1.830814762959384e-5,-3.3206225069739143e-7,6.384321559146651e-11,-1.1341352743077109e-7,-0.001716250454668915,2.7958751341773935e-7,-4.938211012420787e-10,-3.5158416476473157e-10,-9.023939927914642e-5,-0.0002853348561350714,-2.638679255227137e-5,5.366299641118452e-5,-9.409091294262023e-5,-0.00035516162113193397,-1.469968524223314e-11,-4.513129109319078e-12,5.229417723289402e-5,2.0664877335287013e-6,-2.8939766876012744e-13
0.0,0.0,0.0,0.0,0.0,0.0,0.0,0.0,0.0,0.0,0.0,0.0,0.0,0.0,0.0,0.0,0.0,0.0,0.0,0.0,0.0,0.0,0.0,0.0,0.0,0.0,0.0,0.0,0.0,0.0,0.0,0.0,0.0,0.0,0.0,0.0,0.0,0.0,0.0,0.0,0.0,0.0,0.0,0.0,0.0,0.0,0.0,0.0,0.0,0.0,0.0,0.0,0.0,0.0,0.0,0.0,0.0,0.0,0.0,0.0,0.0,0.0,0.0,0.0,0.0,0.0,0.0,0.0,0.0,0.0,0.0,0.0,0.0,0.0,0.0,0.0,0.0,0.0,0.0,0.0,0.0,0.0,0.0,0.0,0.0,0.0,0.0,0.0,0.0,0.0,0.0,0.0,0.0,0.0,0.0,0.0,0.0,0.0,0.0,0.0,0.0,0.0,0.0,0.0,0.0,0.0,0.0,0.0,0.0,0.0,0.0,0.0,0.0,0.0,0.0,0.0,0.0,0.0,0.0,0.0,0.0,0.0,0.0,0.0,0.0,0.0,0.0,0.0,0.0,0.0,0.0,0.0,0.0,0.0,0.0,0.0,0.0,0.0,0.0,0.0,0.0,0.0,0.0,0.0,0.0,0.0,0.0,0.0,0.0,0.0,0.0,0.0,0.0,0.0,0.0,0.0,0.0,0.0,0.0,0.0,0.0,0.0,0.0,0.0,0.0,0.0,0.0,0.0,0.0,0.0,0.0,0.0,0.0,0.0,0.0,0.0,0.0,0.0,0.0,0.0,0.0,0.0,0.0,0.0,0.0,0.0,0.0,0.0,0.0,0.0,0.0,0.0,0.0,0.0,0.0,0.0,0.0,0.0,0.0,0.0,0.0,0.0,0.0,0.0,0.0,0.0,0.0,0.0,0.0,0.0,0.0,0.0,0.0,0.0,0.0,0.0,0.0,0.0,0.0,0.0,0.0,0.0,0.0,0.0,0.0,0.0,0.0,0.0,0.0,0.0,0.0,0.0,0.0,0.0,0.0,0.0,0.0,0.0,0.0,0.0,0.0,0.0,0.0,0.0,0.0,0.0,0.0,0.0,0.0,0.0,0.0,0.0,0.0,0.0,0.0,0.0,0.0,0.0,0.0,0.0,0.0,0.0,0.0,0.0,0.0,0.0,0.0,0.0,0.0,0.0,0.0,0.0,0.0,0.0,0.0,0.0,0.0,0.0,0.0,0.0,0.0,0.0,0.0,0.0,0.0,0.0,0.0,0.0,0.0,0.0,0.0,0.0,0.0,0.0,0.0,0.0,0.0,0.0,0.0,0.0,0.0,0.0,0.0,0.0,0.0,0.0,0.0,0.0,0.0,0.0,0.0,0.0,0.0,0.0,0.0,0.0,0.0,0.0,0.0,0.0,0.0,0.0,0.0,0.0,0.0,0.0,0.0,0.0,0.0,0.0,0.0,0.0,0.0,0.0,0.0,0.0,0.0,0.0,0.0,0.0,0.0,0.0,0.0,0.0,0.0,0.0,0.0,0.0,0.0,0.0,0.0,0.0,0.0,0.0,0.0,0.0,0.0,0.0,0.0,0.0,0.0,0.0,0.0,0.0,0.0,0.0,0.0,0.0,0.0,0.0,0.0,0.0,0.0,0.0,0.0,0.0,0.0,0.0,0.0,0.0,0.0,0.0,0.0,0.0,0.0,0.0,0.0,0.0,0.0,0.0,0.0,0.0,0.0,0.0,0.0,0.0,0.0,0.0,0.0,0.0,0.0,0.0,0.0,0.0,0.0,0.0,0.0,0.0,0.0,0.0,0.0,0.0,0.0,0.0,0.0,0.0,0.0,0.0,0.0,0.0,0.0,0.0,0.0,0.0,0.0,0.0,0.0,0.0,0.0,0.0,0.0,0.0,0.0,0.0,0.0,0.0,0.0,0.0,0.0,0.0,0.0,0.0,0.0,0.0,0.0,0.0,0.0,0.0,0.0,0.0,0.0,0.0,0.0,0.0,0.0,0.0,0.0,0.0,0.0,0.0,0.0,0.0,0.0,0.0,0.0,0.0,0.0,0.0,0.0,0.0,0.0,0.0,0.0,0.0,0.0,0.0,0.0,0.0,0.0,0.0,0.0,0.0,0.0,0.0,0.0,0.0,0.0,0.0,0.0,0.0,0.0,0.0,0.0,0.0,0.0,0.0,0.0,0.0,0.0,0.0,0.0,0.0,0.0,0.0,0.0,0.0,0.0,0.0,0.0,0.0,0.0,0.0,0.0,0.0,0.0,0.0,0.0,0.0,0.0,0.0,0.0,0.0,0.0,0.0,0.0,0.0,0.0,0.0,0.0,0.0,0.0,0.0,0.0,0.0,0.0,0.0,0.0,0.0,0.0,0.0,0.0,0.0,0.0,0.0,0.0,0.0,0.0,0.0,0.0,0.0,0.0,0.0,0.0,0.0,0.0,0.0,0.0,0.0,0.0,0.0,0.0,0.0,0.0,0.0,0.0,0.0,0.0,0.0,0.0,0.0,0.0,0.0,0.0,0.0,0.0,0.0,0.0,0.0,0.0,0.0,0.0,0.0,0.0,0.0,0.0,0.0,0.0,0.0,0.0,0.0,0.0,0.0,0.0,0.0,0.0,0.0,0.0,0.0,0.0,0.0,0.0,0.0,0.0,0.0,0.0,0.0,0.0,0.0,0.0,0.0,0.0,0.0,0.0,0.0,0.0,0.0,0.0,0.0,0.0,0.0,0.0,0.0,0.0,0.0,0.0,0.0,0.0,0.0,0.0,0.0,0.0,0.0,0.0,0.0,0.0,0.0,0.0,0.0,0.0,0.0,0.0,0.0,0.0,0.0,0.0,0.0,0.01849760204952368,-1.700441044501303e-5,-1.965126651391755e-6,-0.0004323394501125837,-1.056666884434176e-7,0.000106922575548448,-1.38563252045921e-8,-3.0672193610427437e-10,9.898088048108154e-8,6.02765260302605e-9,-0.004679513592728608,6.870112996185897e-9,5.515853466519049e-8,-8.475746176368912e-9,-1.3344914352062937e-6,2.832399317315564e-5,-1.4683914051830176e-8,1.4433068869639868e-7,2.7978587754575138e-5,-0.0004000114036852395,1.4609134960441275e-8,-0.004109289476055019,2.051498433906093e-7,-8.22819509034037e-11,-0.00035605014836708983,7.73044798298051e-6,-9.303864491674185e-5,5.1898924659814025e-8,0.0007532144179173915,6.862694265303163e-7,0.0012222715234518973,-0.00016292755335721768,-6.094034442330464e-6,-1.1924264521770801e-6,-1.5064230760822102e-7,-1.7784060927260797e-6,1.7504960289948644e-5,-0.0011280209634614022,-0.0013192838136745167,4.867821270009217e-6,1.1493019344926324e-7,2.3991463652527573e-5,-0.0022946174572934493,-4.773390838584432e-9,5.111019253462663e-7,0.00033674901439475564,5.919931732841279e-8,-0.00013947135118651258,2.3241783042560574e-8,-8.711481165942104e-9,1.2319183291006357e-5,-0.0001478736913522974,5.657845858704926e-6,5.218441818607028e-9,5.551102820043389e-7,-0.0011667775157198361,-4.374850844135711e-8,8.784649295769518e-5,4.559753363609043e-6,-4.9442748198023333e-8,-2.1909536141057685e-6,8.508891338751511e-6,1.41647477514249e-6,-0.0001208834278706882,6.271011066371572e-7,-6.9885753513648555e-9,-1.1680150574051008e-7,-0.0019378961079008702,-9.143971867501446e-6,2.5664777022565074e-8,3.9386272909451063e-8,-0.00023528694328496432,0.003568407512108003,5.1344940926858475e-9,1.2460081793453255e-9,-2.69596996595894e-9,-1.9646676074004273e-5,-6.900186587331812e-8,-4.21124659774667e-5,3.6461491293855244e-6,-4.270107198187382e-6,1.5098992234930142e-8,-0.0007703188134545704,2.00480576532235e-7,1.2900769151356805e-9,7.82415874726342e-5,-1.6594144552379124e-5,-0.00037852442127690104,2.5257269113978866e-8,-1.460477966634375e-8,-2.452313248835494e-8,1.4171159408789062e-8,2.7386354329758478e-5,-9.669017876376469e-7,0.0050447389388581605,-5.107025797136317e-9,-0.00012008131793186502,1.8467092603228243e-6,0.00021796831609408564,-2.455000315477605e-8,0.00038756004063021323,1.045984192819516e-6,1.5282452340549314e-6,0.001978943054087034,0.0008269160930061702,-3.4197668151035734e-6,8.405408003111064e-5,3.355209586605954e-9,-2.6066122333434876e-8,0.0007164721336468257,1.868235766556087e-5,8.801027582905695e-6,-3.944496858915073e-8,-2.3881793689731737e-7,-2.6820575136370683e-8,-8.717202813583893e-7,-1.8124919602585139e-9,-2.2466065005143206e-6,-3.9385671816044395e-5,0.0018294044818412708,0.0005367302422394955,1.0581618558203704e-8,-5.844586636972266e-6,5.1986451980055886e-8,0.0011531366569067691,-7.168656229714032e-6,4.540642947367207e-9,0.0008852087451113154,-0.008174794292032628,-5.7715704074310056e-5,9.29637440868388e-6,1.146167898760086e-7,-2.0772806260672488e-8,-1.2728592318911647e-7,-9.317344467275139e-5,0.004645903087620719,1.8474730922140053e-6,0.00031052425507754417,4.3837799689676037e-7,0.002771638195430829,-1.3093936143307321e-5,-1.3869179051984736e-5,3.6196521252358914e-8,6.460599631809982e-7,-3.703504586885735e-5,1.0563579961125518e-5,6.32885488209794e-5,-4.063972030192284e-6,-4.413427937575768e-8,-5.5624994474689455e-8,-2.4474471931186262e-8,0.0006527758485612813,-6.3208902483779705e-9
0.0,0.0,0.0,0.0,0.0,0.0,0.0,0.0,0.0,0.0,0.0,0.0,0.0,0.0,0.0,0.0,0.0,0.0,0.0,0.0,0.0,0.0,0.0,0.0,0.0,0.0,0.0,0.0,0.0,0.0,0.0,0.0,0.0,0.0,0.0,0.0,0.0,0.0,0.0,0.0,0.0,0.0,0.0,0.0,0.0,0.0,0.0,0.0,0.0,0.0,0.0,0.0,0.0,0.0,0.0,0.0,0.0,0.0,0.0,0.0,0.0,0.0,0.0,0.0,0.0,0.0,0.0,0.0,0.0,0.0,0.0,0.0,0.0,0.0,0.0,0.0,0.0,0.0,0.0,0.0,0.0,0.0,0.0,0.0,0.0,0.0,0.0,0.0,0.0,0.0,0.0,0.0,0.0,0.0,0.0,0.0,0.0,0.0,0.0,0.0,0.0,0.0,0.0,0.0,0.0,0.0,0.0,0.0,0.0,0.0,0.0,0.0,0.0,0.0,0.0,0.0,0.0,0.0,0.0,0.0,0.0,0.0,0.0,0.0,0.0,0.0,0.0,0.0,0.0,0.0,0.0,0.0,0.0,0.0,0.0,0.0,0.0,0.0,0.0,0.0,0.0,0.0,0.0,0.0,0.0,0.0,0.0,0.0,0.0,0.0,0.0,0.0,0.0,0.0,0.0,0.0,0.0,0.0,0.0,0.0,0.0,0.0,0.0,0.0,0.0,0.0,0.0,0.0,0.0,0.0,0.0,0.0,0.0,0.0,0.0,0.0,0.0,0.0,0.0,0.0,0.0,0.0,0.0,0.0,0.0,0.0,0.0,0.0,0.0,0.0,0.0,0.0,0.0,0.0,0.0,0.0,0.0,0.0,0.0,0.0,0.0,0.0,0.0,0.0,0.0,0.0,0.0,0.0,0.0,0.0,0.0,0.0,0.0,0.0,0.0,0.0,0.0,0.0,0.0,0.0,0.0,0.0,0.0,0.0,0.0,0.0,0.0,0.0,0.0,0.0,0.0,0.0,0.0,0.0,0.0,0.0,0.0,0.0,0.0,0.0,0.0,0.0,0.0,0.0,0.0,0.0,0.0,0.0,0.0,0.0,0.0,0.0,0.0,0.0,0.0,0.0,0.0,0.0,0.0,0.0,0.0,0.0,0.0,0.0,0.0,0.0,0.0,0.0,0.0,0.0,0.0,0.0,0.0,0.0,0.0,0.0,0.0,0.0,0.0,0.0,0.0,0.0,0.0,0.0,0.0,0.0,0.0,0.0,0.0,0.0,0.0,0.0,0.0,0.0,0.0,0.0,0.0,0.0,0.0,0.0,0.0,0.0,0.0,0.0,0.0,0.0,0.0,0.0,0.0,0.0,0.0,0.0,0.0,0.0,0.0,0.0,0.0,0.0,0.0,0.0,0.0,0.0,0.0,0.0,0.0,0.0,0.0,0.0,0.0,0.0,0.0,0.0,0.0,0.0,0.0,0.0,0.0,0.0,0.0,0.0,0.0,0.0,0.0,0.0,0.0,0.0,0.0,0.0,0.0,0.0,0.0,0.0,0.0,0.0,0.0,0.0,0.0,0.0,0.0,0.0,0.0,0.0,0.0,0.0,0.0,0.0,0.0,0.0,0.0,0.0,0.0,0.0,0.0,0.0,0.0,0.0,0.0,0.0,0.0,0.0,0.0,0.0,0.0,0.0,0.0,0.0,0.0,0.0,0.0,0.0,0.0,0.0,0.0,0.0,0.0,0.0,0.0,0.0,0.0,0.0,0.0,0.0,0.0,0.0,0.0,0.0,0.0,0.0,0.0,0.0,0.0,0.0,0.0,0.0,0.0,0.0,0.0,0.0,0.0,0.0,0.0,0.0,0.0,0.0,0.0,0.0,0.0,0.0,0.0,0.0,0.0,0.0,0.0,0.0,0.0,0.0,0.0,0.0,0.0,0.0,0.0,0.0,0.0,0.0,0.0,0.0,0.0,0.0,0.0,0.0,0.0,0.0,0.0,0.0,0.0,0.0,0.0,0.0,0.0,0.0,0.0,0.0,0.0,0.0,0.0,0.0,0.0,0.0,0.0,0.0,0.0,0.0,0.0,0.0,0.0,0.0,0.0,0.0,0.0,0.0,0.0,0.0,0.0,0.0,0.0,0.0,0.0,0.0,0.0,0.0,0.0,0.0,0.0,0.0,0.0,0.0,0.0,0.0,0.0,0.0,0.0,0.0,0.0,0.0,0.0,0.0,0.0,0.0,0.0,0.0,0.0,0.0,0.0,0.0,0.0,0.0,0.0,0.0,0.0,0.0,0.0,0.0,0.0,0.0,0.0,0.0,0.0,0.0,0.0,0.0,0.0,0.0,0.0,0.0,0.0,0.0,0.0,0.0,0.0,0.0,0.0,0.0,0.0,0.0,0.0,0.0,0.0,0.0,0.0,0.0,0.0,0.0,0.0,0.0,0.0,0.0,0.0,0.0,0.0,0.0,0.0,0.0,0.0,0.0,0.0,0.0,0.0,0.0,0.0,0.0,0.0,0.0,0.0,0.0,0.0,0.0,0.0,0.0,0.0,0.0,0.0,0.0,0.0,0.0,0.0,0.0,0.0,0.0,0.0,0.0,0.0,0.0,0.0,0.0,0.0,0.0,0.0,0.0,0.0,0.0,0.0,0.0,0.0,0.0,0.0,0.0,0.0,0.0,0.0,0.0,0.0,0.0,0.0,0.0,0.0,0.0,0.0,0.0,0.0,0.0,0.0,0.0,0.0,0.0,0.0,0.0,0.0,0.0,0.0,0.0,0.0,0.0,0.0,0.0,0.0,0.0,0.0,0.0,0.0,0.0,0.0,0.0,0.0,0.0,0.0,0.0,0.0,0.03591939916855491,-2.604566451677866e-8,6.506735841560438e-5,-1.791826585329829e-13,-2.2809339478281577e-6,-1.1618830472926533e-6,-1.838305187102383e-11,-0.0005661072763033758,-1.1499822753016308e-5,6.234429171859409e-5,5.077939886518846e-12,2.7412783859487585e-10,0.00026064885129206753,0.00010173584000662394,3.522817467998479e-8,-3.077421334953347e-11,-1.318726067675627e-10,3.155380533823074e-9,-2.41988236890761e-7,-0.00015346652556791983,1.1733444540714956e-5,-0.0004679512595032404,9.964040058149052e-12,3.56411232060026e-5,4.243039528886178e-10,-7.866015397315017e-7,-0.00041738628994594855,-0.00010312833648911783,3.445445878383244e-10,2.741185579597772e-7,0.00037065426934254755,8.129493613760844e-5,-2.7624319809756828e-9,0.00014583496554263512,0.0018865039437183516,-8.411406813312725e-9,-9.329729716262604e-7,-1.7093522267908945e-7,-3.446527672844293e-7,4.9935759956945326e-11,-0.0029797432338587895,-1.2950551408806104e-7,1.0510894467048673e-5,-0.00029338433580312255,-0.000602316005671468,-9.852513696779894e-5,9.544230880436612e-8,4.17976224200683e-11,-1.132651156562973e-12,0.00037319929100608663,0.0010872968740156615,0.006771360211130847,-7.017239184300567e-6,9.517972280962513e-11,6.92672316618742e-6,-2.2921416701700354e-11,9.199748700490637e-8,8.57776696988395e-9,8.87687078570507e-11,-0.0006775936979068891,-2.57408985698707e-9,0.005031037481709451,0.0020392209867018574,0.0006665440749577136,4.92590355325441e-12,3.757630680391547e-5,-4.898787821016353e-6,6.652804300309005e-5,-3.8374605205059044e-5,3.8139325093083863e-5,1.0895703366223446e-6,2.6165745745021537e-6,1.7338924078703141e-12,5.84544613763646e-13,-2.65672992893046e-12,0.006673998545118906,-6.395244681001267e-11,-0.000423310270159704,-0.0007300253129931762,-0.004209664763358253,5.504204396812516e-6,-6.330246367707209e-5,-0.000617030794207849,5.714852455523912e-13,-0.0003957778376043144,0.014080232086219408,-1.5065430509171732e-5,-0.00021322739341001387,6.444184789203833e-5,4.7396668301758644e-5,5.625938868964494e-12,3.8133269351090796e-6,-1.3742631577882356e-8,-1.4921834087412755e-5,-6.347354998688414e-6,-7.22178815265955e-8,8.354113968031977e-10,-4.131985099544676e-5,-2.8936530044307138e-12,-0.000104845568030597,0.0013622949212701233,-3.91878363734783e-9,-3.4112149476384957e-6,-2.6777066874741166e-7,-0.004278003748779288,-7.712350083349655e-7,3.3580747903472703e-6,-1.3567919738308586e-10,2.0622690199050645e-6,0.00027348786701636587,1.3790951468598719e-8,0.00023269119745207993,-2.434699880430749e-10,-0.0001650544128477346,0.00042907562346140317,3.7338897762741965e-6,2.3352254887259503e-10,-2.225843840000769e-8,4.5466156075888415e-7,-1.0486335716416358e-6,-7.935408895372732e-6,-1.915868423542791e-9,2.0482675819215636e-10,-2.434581782712984e-5,0.004875885989225624,4.0792796802521894e-11,9.087614733509715e-7,-8.565450831733668e-7,-0.000967062000051291,0.0017339363083408552,1.0605029411835684e-10,-1.0531477605324291e-11,-0.0014867013427593565,-0.0012261847805800957,6.736387755040925e-6,-2.1603222711830137e-9,-2.280441145103827e-5,0.003626125389950266,5.771744002633167e-8,-2.5311514502507903e-8,1.0931448620293911e-8,-4.798138301400514e-5,-0.0018108954153542545,0.0018118411988108242,-0.005016296931864735,-0.002564272619879102,-0.00021879326707659346,-3.4927734977287287e-12,7.635330678995863e-12,1.9005292540946913e-5,-4.032256472712612e-5,-3.9681636361894636e-12
0.0,0.0,0.0,0.0,0.0,0.0,0.0,0.0,0.0,0.0,0.0,0.0,0.0,0.0,0.0,0.0,0.0,0.0,0.0,0.0,0.0,0.0,0.0,0.0,0.0,0.0,0.0,0.0,0.0,0.0,0.0,0.0,0.0,0.0,0.0,0.0,0.0,0.0,0.0,0.0,0.0,0.0,0.0,0.0,0.0,0.0,0.0,0.0,0.0,0.0,0.0,0.0,0.0,0.0,0.0,0.0,0.0,0.0,0.0,0.0,0.0,0.0,0.0,0.0,0.0,0.0,0.0,0.0,0.0,0.0,0.0,0.0,0.0,0.0,0.0,0.0,0.0,0.0,0.0,0.0,0.0,0.0,0.0,0.0,0.0,0.0,0.0,0.0,0.0,0.0,0.0,0.0,0.0,0.0,0.0,0.0,0.0,0.0,0.0,0.0,0.0,0.0,0.0,0.0,0.0,0.0,0.0,0.0,0.0,0.0,0.0,0.0,0.0,0.0,0.0,0.0,0.0,0.0,0.0,0.0,0.0,0.0,0.0,0.0,0.0,0.0,0.0,0.0,0.0,0.0,0.0,0.0,0.0,0.0,0.0,0.0,0.0,0.0,0.0,0.0,0.0,0.0,0.0,0.0,0.0,0.0,0.0,0.0,0.0,0.0,0.0,0.0,0.0,0.0,0.0,0.0,0.0,0.0,0.0,0.0,0.0,0.0,0.0,0.0,0.0,0.0,0.0,0.0,0.0,0.0,0.0,0.0,0.0,0.0,0.0,0.0,0.0,0.0,0.0,0.0,0.0,0.0,0.0,0.0,0.0,0.0,0.0,0.0,0.0,0.0,0.0,0.0,0.0,0.0,0.0,0.0,0.0,0.0,0.0,0.0,0.0,0.0,0.0,0.0,0.0,0.0,0.0,0.0,0.0,0.0,0.0,0.0,0.0,0.0,0.0,0.0,0.0,0.0,0.0,0.0,0.0,0.0,0.0,0.0,0.0,0.0,0.0,0.0,0.0,0.0,0.0,0.0,0.0,0.0,0.0,0.0,0.0,0.0,0.0,0.0,0.0,0.0,0.0,0.0,0.0,0.0,0.0,0.0,0.0,0.0,0.0,0.0,0.0,0.0,0.0,0.0,0.0,0.0,0.0,0.0,0.0,0.0,0.0,0.0,0.0,0.0,0.0,0.0,0.0,0.0,0.0,0.0,0.0,0.0,0.0,0.0,0.0,0.0,0.0,0.0,0.0,0.0,0.0,0.0,0.0,0.0,0.0,0.0,0.0,0.0,0.0,0.0,0.0,0.0,0.0,0.0,0.0,0.0,0.0,0.0,0.0,0.0,0.0,0.0,0.0,0.0,0.0,0.0,0.0,0.0,0.0,0.0,0.0,0.0,0.0,0.0,0.0,0.0,0.0,0.0,0.0,0.0,0.0,0.0,0.0,0.0,0.0,0.0,0.0,0.0,0.0,0.0,0.0,0.0,0.0,0.0,0.0,0.0,0.0,0.0,0.0,0.0,0.0,0.0,0.0,0.0,0.0,0.0,0.0,0.0,0.0,0.0,0.0,0.0,0.0,0.0,0.0,0.0,0.0,0.0,0.0,0.0,0.0,0.0,0.0,0.0,0.0,0.0,0.0,0.0,0.0,0.0,0.0,0.0,0.0,0.0,0.0,0.0,0.0,0.0,0.0,0.0,0.0,0.0,0.0,0.0,0.0,0.0,0.0,0.0,0.0,0.0,0.0,0.0,0.0,0.0,0.0,0.0,0.0,0.0,0.0,0.0,0.0,0.0,0.0,0.0,0.0,0.0,0.0,0.0,0.0,0.0,0.0,0.0,0.0,0.0,0.0,0.0,0.0,0.0,0.0,0.0,0.0,0.0,0.0,0.0,0.0,0.0,0.0,0.0,0.0,0.0,0.0,0.0,0.0,0.0,0.0,0.0,0.0,0.0,0.0,0.0,0.0,0.0,0.0,0.0,0.0,0.0,0.0,0.0,0.0,0.0,0.0,0.0,0.0,0.0,0.0,0.0,0.0,0.0,0.0,0.0,0.0,0.0,0.0,0.0,0.0,0.0,0.0,0.0,0.0,0.0,0.0,0.0,0.0,0.0,0.0,0.0,0.0,0.0,0.0,0.0,0.0,0.0,0.0,0.0,0.0,0.0,0.0,0.0,0.0,0.0,0.0,0.0,0.0,0.0,0.0,0.0,0.0,0.0,0.0,0.0,0.0,0.0,0.0,0.0,0.0,0.0,0.0,0.0,0.0,0.0,0.0,0.0,0.0,0.0,0.0,0.0,0.0,0.0,0.0,0.0,0.0,0.0,0.0,0.0,0.0,0.0,0.0,0.0,0.0,0.0,0.0,0.0,0.0,0.0,0.0,0.0,0.0,0.0,0.0,0.0,0.0,0.0,0.0,0.0,0.0,0.0,0.0,0.0,0.0,0.0,0.0,0.0,0.0,0.0,0.0,0.0,0.0,0.0,0.0,0.0,0.0,0.0,0.0,0.0,0.0,0.0,0.0,0.0,0.0,0.0,0.0,0.0,0.0,0.0,0.0,0.0,0.0,0.0,0.0,0.0,0.0,0.0,0.0,0.0,0.0,0.0,0.0,0.0,0.0,0.0,0.0,0.0,0.0,0.0,0.0,0.0,0.0,0.0,0.0,0.0,0.0,0.0,0.0,0.0,0.0,0.0,0.0,0.0,0.0,0.0,0.0,0.0,0.0,0.0,0.0,0.0,0.0,0.0,0.0,0.0,0.0,0.0,0.0,0.0,0.0,0.0,0.0,0.0,0.0,0.0,0.0,0.0,0.0,0.0,0.0,0.0,0.0,0.0,0.0,0.0,0.0,0.0,0.0,0.0,0.0,0.0,0.0376752142326918,-1.313173461838801e-6,-6.596816240337297e-5,-8.276333662455113e-5,4.675170658599237e-11,-1.3376372257186014e-5,-4.531553362875852e-10,-4.401666110885028e-12,-9.147899351095871e-8,1.8826381349550945e-6,-0.00014662340613433674,-1.7754921275481638e-10,3.739674062561375e-9,0.0011993622531115751,-9.621436796624217e-6,3.265778174030667e-5,-0.010295958379157826,0.00010532068743806757,-4.026590327021706e-10,-1.5464467662196144e-6,-1.7308955169937676e-9,-1.1979514244926283e-5,-5.484802485882949e-7,-0.001598096604578033,0.0005742870405861754,2.689740054779023e-10,-5.501575883183269e-7,0.0010075642022248082,-0.0020614527610991703,2.062046581108434e-7,4.3926235403780424e-7,0.00034943640748515023,4.82994440046096e-10,1.8315853999592663e-8,0.0011679246501311623,-0.0005378494408074658,7.104335078380096e-5,-0.00019499071291375676,2.0181684616204468e-5,-6.560027833619051e-8,0.0002592924419401215,5.833996226445719e-12,-1.3809031228030352e-9,5.5153281497825646e-8,-9.33395832067482e-11,0.0025010264299387378,8.148955613846712e-5,5.691922834481901e-7,-3.230226340470792e-8,3.8453295419117876e-7,-6.726760382985187e-9,-1.0403194441381206e-11,0.00015164088617717575,-4.095972116216953e-6,3.855520798972312e-6,-0.004871493996268156,-0.003054746402457223,-9.94857895731371e-5,6.41654747411031e-9,-0.004516159288980954,5.070378970707511e-9,-2.4345941978035705e-7,2.0289240766700443e-9,6.263263631228213e-6,5.981411476522832e-10,-5.155722124228001e-6,1.0957526045476927e-7,-2.648462860388682e-11,9.357346370058648e-11,-0.0002812872964891944,0.00012747731776208962,-1.0163074721697989e-6,1.8609704276092323e-7,1.117348379491799e-6,-5.824439369134006e-9,5.884512351177547e-6,-9.990177478940733e-8,-6.038879217481671e-9,3.3291786510931646e-8,3.888249838412459e-11,7.198513673994513e-6,4.874203916453398e-10,-3.3488180134463305e-7,-1.3492576334719159e-8,2.4757857128307833e-8,-2.3400409950772483e-5,9.685857564267711e-11,5.356010691182059e-11,-4.6209492274065627e-10,-3.9928945913533815e-7,-1.0007313151580561e-8,0.014639276212313385,4.485800126824093e-8,3.0118165037078586e-11,-0.001521103569474679,-0.0004080141322280895,-1.0927580393429982e-6,-8.604494071979886e-6,1.0357482607201085e-6,-1.8651147106781806e-9,0.001016911623245858,5.955258175930578e-5,-6.914661626989011e-6,-1.7355832344903633e-8,-0.00011003809060018132,-9.758077231987913e-12,-3.569077496390957e-5,-0.00011304037000061831,1.39036529932814e-7,0.003289010317564725,-1.0290994624888777e-10,-0.000122095662108754,1.3319268525871258e-10,3.9047828631734786e-9,-1.1245505447624772e-11,-0.0008370882213905558,-0.0015425910405470176,9.549553842815919e-5,-4.2873146830809956e-5,-3.089860300858851e-11,-0.0013163866466342042,8.261330564188699e-5,5.419534153129939e-6,6.090068762734608e-9,-1.0095653497000838e-5,0.00019079138275334773,-1.8104944534679953e-5,6.107031957618967e-8,-1.0434172419867565e-7,6.7420406934662985e-6,-6.261294345198699e-7,-1.690015973226365e-10,1.3525694936982687e-7,8.829835379180956e-5,0.0015901426821546274,3.264761990183054e-5,4.76205461700872e-9,-8.43612057140393e-5,-0.0021678362716311666,0.0132871243984486,-1.648966515216221e-10,1.087262808863326e-10,-7.35160081245095e-8,8.108472423694915e-11,-3.329098230982733e-8,4.3120478736405586e-8,0.0001264715439850735,1.0978795657408895e-5,4.469260644979862e-12,-7.876443309076665e-7,3.2084076934958806e-7
0.0,0.0,0.0,0.0,0.0,0.0,0.0,0.0,0.0,0.0,0.0,0.0,0.0,0.0,0.0,0.0,0.0,0.0,0.0,0.0,0.0,0.0,0.0,0.0,0.0,0.0,0.0,0.0,0.0,0.0,0.0,0.0,0.0,0.0,0.0,0.0,0.0,0.0,0.0,0.0,0.0,0.0,0.0,0.0,0.0,0.0,0.0,0.0,0.0,0.0,0.0,0.0,0.0,0.0,0.0,0.0,0.0,0.0,0.0,0.0,0.0,0.0,0.0,0.0,0.0,0.0,0.0,0.0,0.0,0.0,0.0,0.0,0.0,0.0,0.0,0.0,0.0,0.0,0.0,0.0,0.0,0.0,0.0,0.0,0.0,0.0,0.0,0.0,0.0,0.0,0.0,0.0,0.0,0.0,0.0,0.0,0.0,0.0,0.0,0.0,0.0,0.0,0.0,0.0,0.0,0.0,0.0,0.0,0.0,0.0,0.0,0.0,0.0,0.0,0.0,0.0,0.0,0.0,0.0,0.0,0.0,0.0,0.0,0.0,0.0,0.0,0.0,0.0,0.0,0.0,0.0,0.0,0.0,0.0,0.0,0.0,0.0,0.0,0.0,0.0,0.0,0.0,0.0,0.0,0.0,0.0,0.0,0.0,0.0,0.0,0.0,0.0,0.0,0.0,0.0,0.0,0.0,0.0,0.0,0.0,0.0,0.0,0.0,0.0,0.0,0.0,0.0,0.0,0.0,0.0,0.0,0.0,0.0,0.0,0.0,0.0,0.0,0.0,0.0,0.0,0.0,0.0,0.0,0.0,0.0,0.0,0.0,0.0,0.0,0.0,0.0,0.0,0.0,0.0,0.0,0.0,0.0,0.0,0.0,0.0,0.0,0.0,0.0,0.0,0.0,0.0,0.0,0.0,0.0,0.0,0.0,0.0,0.0,0.0,0.0,0.0,0.0,0.0,0.0,0.0,0.0,0.0,0.0,0.0,0.0,0.0,0.0,0.0,0.0,0.0,0.0,0.0,0.0,0.0,0.0,0.0,0.0,0.0,0.0,0.0,0.0,0.0,0.0,0.0,0.0,0.0,0.0,0.0,0.0,0.0,0.0,0.0,0.0,0.0,0.0,0.0,0.0,0.0,0.0,0.0,0.0,0.0,0.0,0.0,0.0,0.0,0.0,0.0,0.0,0.0,0.0,0.0,0.0,0.0,0.0,0.0,0.0,0.0,0.0,0.0,0.0,0.0,0.0,0.0,0.0,0.0,0.0,0.0,0.0,0.0,0.0,0.0,0.0,0.0,0.0,0.0,0.0,0.0,0.0,0.0,0.0,0.0,0.0,0.0,0.0,0.0,0.0,0.0,0.0,0.0,0.0,0.0,0.0,0.0,0.0,0.0,0.0,0.0,0.0,0.0,0.0,0.0,0.0,0.0,0.0,0.0,0.0,0.0,0.0,0.0,0.0,0.0,0.0,0.0,0.0,0.0,0.0,0.0,0.0,0.0,0.0,0.0,0.0,0.0,0.0,0.0,0.0,0.0,0.0,0.0,0.0,0.0,0.0,0.0,0.0,0.0,0.0,0.0,0.0,0.0,0.0,0.0,0.0,0.0,0.0,0.0,0.0,0.0,0.0,0.0,0.0,0.0,0.0,0.0,0.0,0.0,0.0,0.0,0.0,0.0,0.0,0.0,0.0,0.0,0.0,0.0,0.0,0.0,0.0,0.0,0.0,0.0,0.0,0.0,0.0,0.0,0.0,0.0,0.0,0.0,0.0,0.0,0.0,0.0,0.0,0.0,0.0,0.0,0.0,0.0,0.0,0.0,0.0,0.0,0.0,0.0,0.0,0.0,0.0,0.0,0.0,0.0,0.0,0.0,0.0,0.0,0.0,0.0,0.0,0.0,0.0,0.0,0.0,0.0,0.0,0.0,0.0,0.0,0.0,0.0,0.0,0.0,0.0,0.0,0.0,0.0,0.0,0.0,0.0,0.0,0.0,0.0,0.0,0.0,0.0,0.0,0.0,0.0,0.0,0.0,0.0,0.0,0.0,0.0,0.0,0.0,0.0,0.0,0.0,0.0,0.0,0.0,0.0,0.0,0.0,0.0,0.0,0.0,0.0,0.0,0.0,0.0,0.0,0.0,0.0,0.0,0.0,0.0,0.0,0.0,0.0,0.0,0.0,0.0,0.0,0.0,0.0,0.0,0.0,0.0,0.0,0.0,0.0,0.0,0.0,0.0,0.0,0.0,0.0,0.0,0.0,0.0,0.0,0.0,0.0,0.0,0.0,0.0,0.0,0.0,0.0,0.0,0.0,0.0,0.0,0.0,0.0,0.0,0.0,0.0,0.0,0.0,0.0,0.0,0.0,0.0,0.0,0.0,0.0,0.0,0.0,0.0,0.0,0.0,0.0,0.0,0.0,0.0,0.0,0.0,0.0,0.0,0.0,0.0,0.0,0.0,0.0,0.0,0.0,0.0,0.0,0.0,0.0,0.0,0.0,0.0,0.0,0.0,0.0,0.0,0.0,0.0,0.0,0.0,0.0,0.0,0.0,0.0,0.0,0.0,0.0,0.0,0.0,0.0,0.0,0.0,0.0,0.0,0.0,0.0,0.0,0.0,0.0,0.0,0.0,0.0,0.0,0.0,0.0,0.0,0.0,0.0,0.0,0.0,0.0,0.0,0.0,0.0,0.0,0.0,0.0,0.0,0.0,0.0,0.0,0.0,0.0,0.0,0.0,0.0,0.0,0.0,0.0,0.0,0.0,0.0,0.0,0.0,0.0,0.0,0.0,0.0,0.0,0.0,0.0,0.0,0.0,0.0,0.0,0.0,0.0,0.0,0.0,0.0,0.0,0.0,0.0,0.0,0.0,0.03533218897767371,-4.147619211659435e-9,-2.0940613812491448e-5,-6.448406235423476e-7,-9.010807161948135e-10,-1.6820110309242262e-5,-3.147925816478608e-9,0.0018146962975640884,9.040133441234209e-10,-5.420330474848465e-9,6.998183102222437e-6,4.429091614808232e-5,-3.808020959044775e-7,9.874943822154256e-10,3.553785284547999e-9,-1.1250998791864376e-6,-3.0895042436194046e-5,-7.85121034017255e-6,-0.0004898416298000927,3.000630615015172e-6,-7.983751014414114e-10,-0.00039223867372535995,-1.3335444251958873e-6,-1.7007014544906497e-5,4.609420251141312e-6,0.011576857699415277,6.250012048383938e-8,1.3117746826910435e-5,0.0017891097232572912,0.002040759639152084,7.582002299665814e-9,1.292735123772768e-6,8.431170108539242e-5,-6.138821749510502e-7,8.760256515806711e-6,-2.9807564941886513e-5,5.242536399705899e-6,2.310160307948816e-9,0.00034267726116644367,-6.408739732570874e-5,-5.5369470593804476e-8,-1.4801052358817395e-5,-0.0054783816687995444,-1.3717610111613656e-6,-1.4108526200805103e-5,5.5084587794469625e-9,-6.265679865949024e-11,-0.0005098336940764558,0.000996857421937953,-0.00010501739276792184,1.1109808665768772e-8,4.446694925904917e-9,0.0006908790846200097,2.6368614837665604e-10,2.0168378346134248e-6,-2.5682647414932754e-7,-1.2852838724048138e-8,2.4374035418119125e-5,1.5676140912127996e-7,-9.604400238368684e-5,-0.0011964420653991605,6.812277704818725e-5,3.9499543965297833e-10,4.164237640206078e-6,0.0004799501332559164,-0.00025973565852866024,2.3817530909253688e-7,1.5575196267534663e-6,7.767572807746893e-6,-7.4694529163559e-5,-7.509526129076221e-11,-3.2577771568315776e-11,4.3894105988647827e-11,0.0005154133351920224,1.7233104275880277e-9,0.004725303649303051,-8.962644722089567e-6,-0.00023876346374583082,3.2880218957729566e-7,-0.0003362461926323255,1.1780604078059452e-5,-7.668555981911046e-11,-0.0011338328390461357,0.00020062245411692507,0.0011049440451779103,1.486564850274806e-6,-3.214930730939685e-6,2.9556206834646318e-6,-4.687169389169667e-10,-6.86192959749339e-5,-1.0301630247944924e-6,-0.0009639574120307243,-2.644038011995683e-7,-1.5162148682706387e-5,3.8881189169307764e-8,-0.0026197778152648415,-7.45960381970932e-10,-0.0012044881745636316,-1.8802445787474596e-5,2.830786132111513e-7,6.52691418592657e-5,-3.947480195396416e-6,-0.00018426608441703967,-3.1684303811797426e-5,7.509676130122033e-8,4.250700988828498e-9,-3.513680216536581e-5,-0.00011460333615223615,-3.125653234589822e-8,3.050006806460185e-6,-8.802087379904825e-9,3.930787165208909e-6,-1.8536792676976768e-5,2.3950189637799133e-8,-5.741882097894568e-8,2.5408490473274794e-7,5.156788683055428e-5,-7.455961622551482e-5,-9.626334744483991e-8,-4.101910794685219e-8,-8.20884616572188e-10,-0.0014727607785736919,-3.7120512121902373e-6,-5.071089273954893e-9,2.434846437163539e-5,-0.00016810657706830794,0.001459888978679728,0.0006609360068288096,-2.1599360392095016e-9,1.4241657328950716e-10,-3.169229524619513e-5,-0.000286688849130192,-5.3200344562855555e-5,1.0774384382677496e-7,0.00034933067173564884,3.594958333922052e-5,-7.420404663636291e-5,7.262345973005349e-7,2.8785337201788938e-6,3.824485400180201e-7,1.675068134414289e-5,0.0003031287111819928,-4.989722252310026e-5,-0.0006819478521614636,0.00031229475498770274,6.152068968406691e-9,3.2304242993871384e-9,-6.64205725872367e-8,-0.0007780259237598695,1.209133446457893e-10
0.0,0.0,0.0,0.0,0.0,0.0,0.0,0.0,0.0,0.0,0.0,0.0,0.0,0.0,0.0,0.0,0.0,0.0,0.0,0.0,0.0,0.0,0.0,0.0,0.0,0.0,0.0,0.0,0.0,0.0,0.0,0.0,0.0,0.0,0.0,0.0,0.0,0.0,0.0,0.0,0.0,0.0,0.0,0.0,0.0,0.0,0.0,0.0,0.0,0.0,0.0,0.0,0.0,0.0,0.0,0.0,0.0,0.0,0.0,0.0,0.0,0.0,0.0,0.0,0.0,0.0,0.0,0.0,0.0,0.0,0.0,0.0,0.0,0.0,0.0,0.0,0.0,0.0,0.0,0.0,0.0,0.0,0.0,0.0,0.0,0.0,0.0,0.0,0.0,0.0,0.0,0.0,0.0,0.0,0.0,0.0,0.0,0.0,0.0,0.0,0.0,0.0,0.0,0.0,0.0,0.0,0.0,0.0,0.0,0.0,0.0,0.0,0.0,0.0,0.0,0.0,0.0,0.0,0.0,0.0,0.0,0.0,0.0,0.0,0.0,0.0,0.0,0.0,0.0,0.0,0.0,0.0,0.0,0.0,0.0,0.0,0.0,0.0,0.0,0.0,0.0,0.0,0.0,0.0,0.0,0.0,0.0,0.0,0.0,0.0,0.0,0.0,0.0,0.0,0.0,0.0,0.0,0.0,0.0,0.0,0.0,0.0,0.0,0.0,0.0,0.0,0.0,0.0,0.0,0.0,0.0,0.0,0.0,0.0,0.0,0.0,0.0,0.0,0.0,0.0,0.0,0.0,0.0,0.0,0.0,0.0,0.0,0.0,0.0,0.0,0.0,0.0,0.0,0.0,0.0,0.0,0.0,0.0,0.0,0.0,0.0,0.0,0.0,0.0,0.0,0.0,0.0,0.0,0.0,0.0,0.0,0.0,0.0,0.0,0.0,0.0,0.0,0.0,0.0,0.0,0.0,0.0,0.0,0.0,0.0,0.0,0.0,0.0,0.0,0.0,0.0,0.0,0.0,0.0,0.0,0.0,0.0,0.0,0.0,0.0,0.0,0.0,0.0,0.0,0.0,0.0,0.0,0.0,0.0,0.0,0.0,0.0,0.0,0.0,0.0,0.0,0.0,0.0,0.0,0.0,0.0,0.0,0.0,0.0,0.0,0.0,0.0,0.0,0.0,0.0,0.0,0.0,0.0,0.0,0.0,0.0,0.0,0.0,0.0,0.0,0.0,0.0,0.0,0.0,0.0,0.0,0.0,0.0,0.0,0.0,0.0,0.0,0.0,0.0,0.0,0.0,0.0,0.0,0.0,0.0,0.0,0.0,0.0,0.0,0.0,0.0,0.0,0.0,0.0,0.0,0.0,0.0,0.0,0.0,0.0,0.0,0.0,0.0,0.0,0.0,0.0,0.0,0.0,0.0,0.0,0.0,0.0,0.0,0.0,0.0,0.0,0.0,0.0,0.0,0.0,0.0,0.0,0.0,0.0,0.0,0.0,0.0,0.0,0.0,0.0,0.0,0.0,0.0,0.0,0.0,0.0,0.0,0.0,0.0,0.0,0.0,0.0,0.0,0.0,0.0,0.0,0.0,0.0,0.0,0.0,0.0,0.0,0.0,0.0,0.0,0.0,0.0,0.0,0.0,0.0,0.0,0.0,0.0,0.0,0.0,0.0,0.0,0.0,0.0,0.0,0.0,0.0,0.0,0.0,0.0,0.0,0.0,0.0,0.0,0.0,0.0,0.0,0.0,0.0,0.0,0.0,0.0,0.0,0.0,0.0,0.0,0.0,0.0,0.0,0.0,0.0,0.0,0.0,0.0,0.0,0.0,0.0,0.0,0.0,0.0,0.0,0.0,0.0,0.0,0.0,0.0,0.0,0.0,0.0,0.0,0.0,0.0,0.0,0.0,0.0,0.0,0.0,0.0,0.0,0.0,0.0,0.0,0.0,0.0,0.0,0.0,0.0,0.0,0.0,0.0,0.0,0.0,0.0,0.0,0.0,0.0,0.0,0.0,0.0,0.0,0.0,0.0,0.0,0.0,0.0,0.0,0.0,0.0,0.0,0.0,0.0,0.0,0.0,0.0,0.0,0.0,0.0,0.0,0.0,0.0,0.0,0.0,0.0,0.0,0.0,0.0,0.0,0.0,0.0,0.0,0.0,0.0,0.0,0.0,0.0,0.0,0.0,0.0,0.0,0.0,0.0,0.0,0.0,0.0,0.0,0.0,0.0,0.0,0.0,0.0,0.0,0.0,0.0,0.0,0.0,0.0,0.0,0.0,0.0,0.0,0.0,0.0,0.0,0.0,0.0,0.0,0.0,0.0,0.0,0.0,0.0,0.0,0.0,0.0,0.0,0.0,0.0,0.0,0.0,0.0,0.0,0.0,0.0,0.0,0.0,0.0,0.0,0.0,0.0,0.0,0.0,0.0,0.0,0.0,0.0,0.0,0.0,0.0,0.0,0.0,0.0,0.0,0.0,0.0,0.0,0.0,0.0,0.0,0.0,0.0,0.0,0.0,0.0,0.0,0.0,0.0,0.0,0.0,0.0,0.0,0.0,0.0,0.0,0.0,0.0,0.0,0.0,0.0,0.0,0.0,0.0,0.0,0.0,0.0,0.0,0.0,0.0,0.0,0.0,0.0,0.0,0.0,0.0,0.0,0.0,0.0,0.0,0.0,0.0,0.0,0.0,0.0,0.0,0.0,0.0,0.0,0.0,0.0,0.0,0.0,0.0,0.0,0.0,0.0,0.0,0.0,0.0,0.0,0.0,0.0,0.0,0.0,0.0,0.0,0.0,0.0,0.0,0.0,0.0,0.0,0.0,0.0,0.0,0.0,0.0,0.0,0.0,0.0,0.0,0.0,0.03183323511376491,-1.9643275358107008e-7,1.0800234519805105e-13,0.0021627235583638925,-2.8905053801683946e-12,-4.224602252375185e-14,3.3161814763571624e-8,-0.00010190052922497477,-0.0026090273317042724,-2.6919234494325586e-12,1.1616914082695679e-11,-1.1968587215366274e-5,-0.0038504488717553604,-0.0004809282720782249,0.000257096319185623,-1.3014606281722758e-6,8.507517192793595e-13,1.5077582272892076e-7,-4.0510845394473976e-12,0.0006656053927331321,-2.3326293096353263e-9,9.99110380938755e-5,9.33427722480533e-6,-1.6569068183720706e-12,1.0591083358402174e-8,-0.0006769936401383448,-5.340278027655597e-6,-1.5282220493966994e-10,9.592333098599948e-10,-0.0004441928531434886,6.634535013810076e-13,3.793813998751644e-11,2.2410075587421502e-5,-3.188233918710527e-7,1.3396829430649822e-6,-4.069891038267822e-6,-0.005998775771784441,5.625468345571787e-10,4.695320708172914e-6,4.147569611810793e-14,-9.1541583873893e-12,2.8430156040632388e-9,-2.859808217890709e-13,4.767012091955712e-6,-0.0068208352486095235,-0.0012041086849212618,-5.1516613187514164e-11,-1.927005904835184e-9,-7.961539309619807e-11,-6.427973366878689e-14,0.0011441255080236509,3.0950881769850295e-8,-0.0013248528945813424,4.497158912746818e-6,-8.066261704676611e-5,0.001643668712689659,4.8035858031139426e-12,5.4259033900208985e-5,2.03999784127125e-10,3.6936731200953257e-10,3.4298307914737225e-12,-0.0003306504305211054,1.6487842859815884e-12,4.024864920958657e-8,3.740133273434588e-12,-1.6713175775662242e-13,-1.2809999223946396e-12,2.3722305445467866e-6,5.46607737302072e-7,-0.0008129340587829574,3.448572015465401e-5,-8.883688216850291e-5,-1.6719234034487437e-10,-0.0011481597055201225,2.3121183953311846e-9,-4.764779289043081e-11,2.2061357250608696e-10,8.636696640438919e-14,2.4537624566063788e-8,-1.5701671533716194e-12,0.00010726266490494022,-2.81149903074032e-11,6.668698092815299e-12,-7.695921958937133e-8,-3.324484508553892e-13,9.397752372313821e-13,-1.0495272172340082e-12,-0.0006028019110004516,-1.2245688020485303e-10,-4.719751320359359e-5,1.5282322729687836e-8,2.444956777692585e-13,1.4425312759846255e-5,-0.0003380144909403738,-4.030257065066901e-10,0.0019947666773390553,2.325585277680277e-9,-1.0428360361354793e-12,0.00020356972595051185,-2.696286961948575e-7,-3.6767165611472543e-6,5.195662709222946e-11,-5.548386973571835e-7,-2.7559808763977034e-14,-0.001668281162232919,-3.29550702055988e-7,1.139608184234004e-9,8.97914060898857e-5,-6.778578601250582e-13,-0.0030644835823430737,-5.48826364297123e-13,9.765897201046925e-12,-2.4024850501086485e-14,0.0009587678715569843,4.320617784830664e-6,-9.467220568682227e-7,-4.968829447903465e-7,-2.0967529314922007e-13,-0.0006591120029798062,-0.0019436082174821416,1.7969445337650808e-8,3.611905076776621e-11,-0.0053711995784882895,-2.0997307927981632e-7,1.7464111099998966e-7,2.96443159919116e-10,2.8898578396484885e-10,0.002381335960508385,0.00047137946439064,3.067526070643798e-12,8.94695864352314e-10,2.088156013281176e-7,0.00010467168987544814,1.9454260195866962e-7,-3.966801982202647e-11,4.843454294399788e-7,-3.194810493934892e-5,-8.501703202376641e-5,-9.271543841680055e-13,-1.0001460860227267e-11,1.6824411409110403e-10,-1.6374728250737503e-10,-7.742081929504632e-10,-1.5519573206170432e-10,0.0010561969218161353,0.00031977345318731464,2.5482014274614635e-13,-5.1650081603456236e-9,4.502867637747826e-5
0.0,0.0,0.0,0.0,0.0,0.0,0.0,0.0,0.0,0.0,0.0,0.0,0.0,0.0,0.0,0.0,0.0,0.0,0.0,0.0,0.0,0.0,0.0,0.0,0.0,0.0,0.0,0.0,0.0,0.0,0.0,0.0,0.0,0.0,0.0,0.0,0.0,0.0,0.0,0.0,0.0,0.0,0.0,0.0,0.0,0.0,0.0,0.0,0.0,0.0,0.0,0.0,0.0,0.0,0.0,0.0,0.0,0.0,0.0,0.0,0.0,0.0,0.0,0.0,0.0,0.0,0.0,0.0,0.0,0.0,0.0,0.0,0.0,0.0,0.0,0.0,0.0,0.0,0.0,0.0,0.0,0.0,0.0,0.0,0.0,0.0,0.0,0.0,0.0,0.0,0.0,0.0,0.0,0.0,0.0,0.0,0.0,0.0,0.0,0.0,0.0,0.0,0.0,0.0,0.0,0.0,0.0,0.0,0.0,0.0,0.0,0.0,0.0,0.0,0.0,0.0,0.0,0.0,0.0,0.0,0.0,0.0,0.0,0.0,0.0,0.0,0.0,0.0,0.0,0.0,0.0,0.0,0.0,0.0,0.0,0.0,0.0,0.0,0.0,0.0,0.0,0.0,0.0,0.0,0.0,0.0,0.0,0.0,0.0,0.0,0.0,0.0,0.0,0.0,0.0,0.0,0.0,0.0,0.0,0.0,0.0,0.0,0.0,0.0,0.0,0.0,0.0,0.0,0.0,0.0,0.0,0.0,0.0,0.0,0.0,0.0,0.0,0.0,0.0,0.0,0.0,0.0,0.0,0.0,0.0,0.0,0.0,0.0,0.0,0.0,0.0,0.0,0.0,0.0,0.0,0.0,0.0,0.0,0.0,0.0,0.0,0.0,0.0,0.0,0.0,0.0,0.0,0.0,0.0,0.0,0.0,0.0,0.0,0.0,0.0,0.0,0.0,0.0,0.0,0.0,0.0,0.0,0.0,0.0,0.0,0.0,0.0,0.0,0.0,0.0,0.0,0.0,0.0,0.0,0.0,0.0,0.0,0.0,0.0,0.0,0.0,0.0,0.0,0.0,0.0,0.0,0.0,0.0,0.0,0.0,0.0,0.0,0.0,0.0,0.0,0.0,0.0,0.0,0.0,0.0,0.0,0.0,0.0,0.0,0.0,0.0,0.0,0.0,0.0,0.0,0.0,0.0,0.0,0.0,0.0,0.0,0.0,0.0,0.0,0.0,0.0,0.0,0.0,0.0,0.0,0.0,0.0,0.0,0.0,0.0,0.0,0.0,0.0,0.0,0.0,0.0,0.0,0.0,0.0,0.0,0.0,0.0,0.0,0.0,0.0,0.0,0.0,0.0,0.0,0.0,0.0,0.0,0.0,0.0,0.0,0.0,0.0,0.0,0.0,0.0,0.0,0.0,0.0,0.0,0.0,0.0,0.0,0.0,0.0,0.0,0.0,0.0,0.0,0.0,0.0,0.0,0.0,0.0,0.0,0.0,0.0,0.0,0.0,0.0,0.0,0.0,0.0,0.0,0.0,0.0,0.0,0.0,0.0,0.0,0.0,0.0,0.0,0.0,0.0,0.0,0.0,0.0,0.0,0.0,0.0,0.0,0.0,0.0,0.0,0.0,0.0,0.0,0.0,0.0,0.0,0.0,0.0,0.0,0.0,0.0,0.0,0.0,0.0,0.0,0.0,0.0,0.0,0.0,0.0,0.0,0.0,0.0,0.0,0.0,0.0,0.0,0.0,0.0,0.0,0.0,0.0,0.0,0.0,0.0,0.0,0.0,0.0,0.0,0.0,0.0,0.0,0.0,0.0,0.0,0.0,0.0,0.0,0.0,0.0,0.0,0.0,0.0,0.0,0.0,0.0,0.0,0.0,0.0,0.0,0.0,0.0,0.0,0.0,0.0,0.0,0.0,0.0,0.0,0.0,0.0,0.0,0.0,0.0,0.0,0.0,0.0,0.0,0.0,0.0,0.0,0.0,0.0,0.0,0.0,0.0,0.0,0.0,0.0,0.0,0.0,0.0,0.0,0.0,0.0,0.0,0.0,0.0,0.0,0.0,0.0,0.0,0.0,0.0,0.0,0.0,0.0,0.0,0.0,0.0,0.0,0.0,0.0,0.0,0.0,0.0,0.0,0.0,0.0,0.0,0.0,0.0,0.0,0.0,0.0,0.0,0.0,0.0,0.0,0.0,0.0,0.0,0.0,0.0,0.0,0.0,0.0,0.0,0.0,0.0,0.0,0.0,0.0,0.0,0.0,0.0,0.0,0.0,0.0,0.0,0.0,0.0,0.0,0.0,0.0,0.0,0.0,0.0,0.0,0.0,0.0,0.0,0.0,0.0,0.0,0.0,0.0,0.0,0.0,0.0,0.0,0.0,0.0,0.0,0.0,0.0,0.0,0.0,0.0,0.0,0.0,0.0,0.0,0.0,0.0,0.0,0.0,0.0,0.0,0.0,0.0,0.0,0.0,0.0,0.0,0.0,0.0,0.0,0.0,0.0,0.0,0.0,0.0,0.0,0.0,0.0,0.0,0.0,0.0,0.0,0.0,0.0,0.0,0.0,0.0,0.0,0.0,0.0,0.0,0.0,0.0,0.0,0.0,0.0,0.0,0.0,0.0,0.0,0.0,0.0,0.0,0.0,0.0,0.0,0.0,0.0,0.0,0.0,0.0,0.0,0.0,0.0,0.0,0.0,0.0,0.0,0.0,0.0,0.0,0.0,0.0,0.0,0.0,0.0,0.0,0.0,0.0,0.0,0.0,0.0,0.0,0.0,0.0,0.0,0.0,0.0,0.0,0.0,0.0,0.0,0.0,0.0,0.0,0.0,0.0,0.0,0.0,0.0,0.0,0.0,0.0,0.0,0.029758813642669822,1.1905918797477615e-8,-6.9456218413031695e-9,6.201919957088086e-9,4.635971622356671e-10,0.0001431853570256906,3.6167842120032125e-8,-2.3242994065652827e-7,-1.4346610339799113e-7,-3.525522463436929e-7,6.373126012899105e-5,1.3068362179668603e-8,1.9672883739490794e-7,-3.0464862748925742e-5,-0.0031075005472344843,6.063919347727689e-8,0.0019411683908339727,-2.517452755931064e-7,-1.5842164616641537e-8,-0.0007896835952589564,6.570784902243975e-5,0.0009721334616766284,-9.89607597426888e-8,1.0020900291717196e-5,2.2249243036650376e-6,-0.00028551186270304795,-6.299716555414962e-5,-0.0001539830688952671,2.1117508094977594e-6,8.610340588138662e-10,-2.60548439191591e-6,1.6801013344150167e-5,0.0028394814477151645,-0.014836115372931788,-0.0009209734024949413,7.213899460514262e-8,-9.19863153326221e-6,0.00015582816526889202,1.168704343793427e-10,7.603172689076075e-8,-3.0896434153828026e-8,7.848296382741198e-10,-0.00029734279778940477,3.55253463008935e-8,-1.9996338435668353e-8,-5.95905768849469e-6,0.00014256500468795967,7.083175063753878e-6,-3.412470200853106e-10,3.409602063984982e-7,-0.00119048650631086,1.135560222040677e-8,0.00010460054101493608,2.360317834557826e-6,-4.00367224479093e-7,2.8249331527852317e-7,1.2681780152721875e-5,9.896544541268442e-6,5.090740157553171e-5,-1.0345151982944325e-6,8.111172343993402e-9,-2.1845107757052908e-8,0.0004902256140823035,1.2333713473103555e-5,-1.9305702359757374e-8,-7.51124610995068e-9,0.0024089266017884685,0.0047900436915084745,-1.8636021788636204e-9,-3.29721548897372e-9,-2.0054850031881773e-9,-1.8005066585939776e-5,6.33886441162115e-8,9.71283227059311e-5,6.633112392095624e-7,4.283985457512103e-6,4.404180488373887e-9,-0.0001279750792300263,-1.9447520348995604e-7,-3.0701531059085238e-9,-7.1602611272200575e-6,4.85047766042874e-6,0.003024368245492823,-9.212982311430528e-10,1.2441928588416248e-7,-2.071703546377958e-7,-2.006362768622379e-8,-1.841834506052234e-6,-3.8896640456317756e-5,0.0005709576635331768,7.149004708622244e-9,0.0003914401032464718,-7.459914422032803e-6,0.0002183914647435029,1.0437339394708964e-8,-2.032522750334103e-5,1.3326214810102956e-7,-1.3948185698212098e-5,-0.0038456283636288282,0.000610338339385649,1.9569211422794113e-6,-0.00422094552261898,-7.837180284489495e-10,1.4415347400022304e-8,0.0013538970153921526,1.476078778050021e-5,3.777653325424723e-5,-7.665175731263045e-8,7.504749097631242e-7,-2.167243775566377e-8,3.8206774906387594e-7,1.6790151074793567e-10,-2.707715469143111e-6,3.0516899481597722e-5,-0.0030522901450803354,0.00386546867283289,7.58045136495554e-9,-3.631559646387022e-6,-7.190275512933959e-8,0.0001845738168601948,-1.5567678725309111e-6,-2.6157080538584433e-8,0.006375211696802936,0.0013429436990189173,-1.4119962021193752e-5,-2.687926325367284e-5,-1.1511597616793961e-7,1.0141178794200864e-8,1.2710159130303043e-6,-1.602882891118323e-5,-0.00047123929627666757,-9.731273696347084e-7,0.0027776756852939473,5.953083825860433e-7,0.0018804554232519797,-3.398998930510283e-5,5.828423713040436e-6,-2.048450407741248e-8,7.914872869748454e-9,-5.768768122837965e-6,1.9748100335284927e-6,9.209307840119672e-6,1.6342781479562659e-6,2.7035962289828588e-8,6.439979399702801e-8,8.770662970592561e-9,0.0007337071086240829,4.8741507243973534e-9
0.0,0.0,0.0,0.0,0.0,0.0,0.0,0.0,0.0,0.0,0.0,0.0,0.0,0.0,0.0,0.0,0.0,0.0,0.0,0.0,0.0,0.0,0.0,0.0,0.0,0.0,0.0,0.0,0.0,0.0,0.0,0.0,0.0,0.0,0.0,0.0,0.0,0.0,0.0,0.0,0.0,0.0,0.0,0.0,0.0,0.0,0.0,0.0,0.0,0.0,0.0,0.0,0.0,0.0,0.0,0.0,0.0,0.0,0.0,0.0,0.0,0.0,0.0,0.0,0.0,0.0,0.0,0.0,0.0,0.0,0.0,0.0,0.0,0.0,0.0,0.0,0.0,0.0,0.0,0.0,0.0,0.0,0.0,0.0,0.0,0.0,0.0,0.0,0.0,0.0,0.0,0.0,0.0,0.0,0.0,0.0,0.0,0.0,0.0,0.0,0.0,0.0,0.0,0.0,0.0,0.0,0.0,0.0,0.0,0.0,0.0,0.0,0.0,0.0,0.0,0.0,0.0,0.0,0.0,0.0,0.0,0.0,0.0,0.0,0.0,0.0,0.0,0.0,0.0,0.0,0.0,0.0,0.0,0.0,0.0,0.0,0.0,0.0,0.0,0.0,0.0,0.0,0.0,0.0,0.0,0.0,0.0,0.0,0.0,0.0,0.0,0.0,0.0,0.0,0.0,0.0,0.0,0.0,0.0,0.0,0.0,0.0,0.0,0.0,0.0,0.0,0.0,0.0,0.0,0.0,0.0,0.0,0.0,0.0,0.0,0.0,0.0,0.0,0.0,0.0,0.0,0.0,0.0,0.0,0.0,0.0,0.0,0.0,0.0,0.0,0.0,0.0,0.0,0.0,0.0,0.0,0.0,0.0,0.0,0.0,0.0,0.0,0.0,0.0,0.0,0.0,0.0,0.0,0.0,0.0,0.0,0.0,0.0,0.0,0.0,0.0,0.0,0.0,0.0,0.0,0.0,0.0,0.0,0.0,0.0,0.0,0.0,0.0,0.0,0.0,0.0,0.0,0.0,0.0,0.0,0.0,0.0,0.0,0.0,0.0,0.0,0.0,0.0,0.0,0.0,0.0,0.0,0.0,0.0,0.0,0.0,0.0,0.0,0.0,0.0,0.0,0.0,0.0,0.0,0.0,0.0,0.0,0.0,0.0,0.0,0.0,0.0,0.0,0.0,0.0,0.0,0.0,0.0,0.0,0.0,0.0,0.0,0.0,0.0,0.0,0.0,0.0,0.0,0.0,0.0,0.0,0.0,0.0,0.0,0.0,0.0,0.0,0.0,0.0,0.0,0.0,0.0,0.0,0.0,0.0,0.0,0.0,0.0,0.0,0.0,0.0,0.0,0.0,0.0,0.0,0.0,0.0,0.0,0.0,0.0,0.0,0.0,0.0,0.0,0.0,0.0,0.0,0.0,0.0,0.0,0.0,0.0,0.0,0.0,0.0,0.0,0.0,0.0,0.0,0.0,0.0,0.0,0.0,0.0,0.0,0.0,0.0,0.0,0.0,0.0,0.0,0.0,0.0,0.0,0.0,0.0,0.0,0.0,0.0,0.0,0.0,0.0,0.0,0.0,0.0,0.0,0.0,0.0,0.0,0.0,0.0,0.0,0.0,0.0,0.0,0.0,0.0,0.0,0.0,0.0,0.0,0.0,0.0,0.0,0.0,0.0,0.0,0.0,0.0,0.0,0.0,0.0,0.0,0.0,0.0,0.0,0.0,0.0,0.0,0.0,0.0,0.0,0.0,0.0,0.0,0.0,0.0,0.0,0.0,0.0,0.0,0.0,0.0,0.0,0.0,0.0,0.0,0.0,0.0,0.0,0.0,0.0,0.0,0.0,0.0,0.0,0.0,0.0,0.0,0.0,0.0,0.0,0.0,0.0,0.0,0.0,0.0,0.0,0.0,0.0,0.0,0.0,0.0,0.0,0.0,0.0,0.0,0.0,0.0,0.0,0.0,0.0,0.0,0.0,0.0,0.0,0.0,0.0,0.0,0.0,0.0,0.0,0.0,0.0,0.0,0.0,0.0,0.0,0.0,0.0,0.0,0.0,0.0,0.0,0.0,0.0,0.0,0.0,0.0,0.0,0.0,0.0,0.0,0.0,0.0,0.0,0.0,0.0,0.0,0.0,0.0,0.0,0.0,0.0,0.0,0.0,0.0,0.0,0.0,0.0,0.0,0.0,0.0,0.0,0.0,0.0,0.0,0.0,0.0,0.0,0.0,0.0,0.0,0.0,0.0,0.0,0.0,0.0,0.0,0.0,0.0,0.0,0.0,0.0,0.0,0.0,0.0,0.0,0.0,0.0,0.0,0.0,0.0,0.0,0.0,0.0,0.0,0.0,0.0,0.0,0.0,0.0,0.0,0.0,0.0,0.0,0.0,0.0,0.0,0.0,0.0,0.0,0.0,0.0,0.0,0.0,0.0,0.0,0.0,0.0,0.0,0.0,0.0,0.0,0.0,0.0,0.0,0.0,0.0,0.0,0.0,0.0,0.0,0.0,0.0,0.0,0.0,0.0,0.0,0.0,0.0,0.0,0.0,0.0,0.0,0.0,0.0,0.0,0.0,0.0,0.0,0.0,0.0,0.0,0.0,0.0,0.0,0.0,0.0,0.0,0.0,0.0,0.0,0.0,0.0,0.0,0.0,0.0,0.0,0.0,0.0,0.0,0.0,0.0,0.0,0.0,0.0,0.0,0.0,0.0,0.0,0.0,0.0,0.0,0.0,0.0,0.0,0.0,0.0,0.0,0.0,0.0,0.0,0.0,0.0,0.0,0.0,0.0,0.0,0.0,0.0,0.0,0.0,0.0,0.0,0.0,0.0,0.0,0.0,0.0,0.0,0.0,0.0,0.0,0.0,0.0,0.0,0.02410535776091383,1.673785803372805e-13,0.00020484803119269788,0.0007441098336886796,2.304536232814156e-7,-1.578302393923655e-14,3.7804715240609423e-13,-0.001026135432253712,-0.0003098289284946528,-2.0051519975472235e-10,4.162182748082434e-13,1.2309187483866727e-12,6.337328077235278e-11,-1.65343606812522e-9,0.0010401342666199937,-1.4602178547845743e-8,-0.00010246106032941163,4.809897992408197e-14,-1.314850410750083e-7,1.1971978815658175e-11,1.1012352243720813e-9,-0.0005837138422832992,2.7971821821347656e-7,1.934759025413541e-12,1.589080545562786e-9,-2.5309803327601293e-6,2.0936158690270908e-7,5.9949918899852375e-12,-0.002375694005328999,0.00013625767566629432,-8.01727608000045e-12,1.4068089154772134e-9,-4.243468072102707e-9,9.772547079539404e-10,5.825150803461043e-14,-1.1263802003264703e-6,-6.247134094274802e-9,-0.0006396292353392393,-0.0003420614818030985,1.392764428579012e-6,0.0031947213131486296,-6.107274658673145e-10,-8.430407715054915e-13,-2.202836516415111e-14,-1.2445601970645398e-5,2.96596186672623e-7,-4.772589778995053e-5,-0.0011116210150632188,-1.8617324420001022e-12,7.625553097423686e-8,-1.0542574085807168e-13,-2.0067880678154945e-10,-5.860605693394278e-11,-4.599023138409117e-13,-0.00014448965374599148,-2.893500119533794e-11,-5.594864960789654e-6,6.643934923767552e-7,7.55910236919175e-5,-1.0551049059824088e-13,-0.0014385147776420444,2.395768646876472e-8,8.818644590909243e-6,-0.0016736128045212635,-0.001642366898623656,-4.103307564917998e-9,5.640711969786323e-9,3.2132901652706807e-14,3.3334683456433165e-15,-1.4667162954310103e-14,1.9581934391524386e-6,1.31208925286849e-13,6.825006443423024e-7,-0.00014560131219056198,-5.709857563020189e-6,-0.0002939600868623028,-2.592934656535091e-8,0.0003848652169471836,5.077889386098672e-15,-4.372073078609316e-7,-3.21528009598496e-5,1.2177187107671426e-7,0.0012397870765680238,-0.000950229149259327,0.0008312997307909026,2.2497035091069078e-14,2.863487455888148e-6,1.8303789728567766e-12,-1.4029752575070556e-7,-0.0005982242412343815,-2.2982647350641677e-10,-4.136323445593603e-12,-2.113298517273604e-7,-3.567859370110931e-15,-6.741049333421702e-7,0.00018128649626766649,2.3734399721567663e-11,-6.464609548383176e-9,2.7424189171517846e-9,6.07386347294651e-5,-1.660386389789362e-8,-6.126571593365168e-5,8.594390769172127e-13,-7.643966840255222e-9,-7.595909591031296e-7,-6.738761793551288e-11,-0.0003053088942374476,3.359533926066973e-13,-0.0021578468498797223,-0.00034306735952753195,-0.00019877600126705223,-7.570375294628512e-13,7.451108254491328e-11,5.969130177216842e-9,4.067998629414684e-9,0.0011346371717206028,-1.0480374707119924e-12,-1.8156128470898467e-12,-1.4597386949184634e-7,3.112093708975577e-5,-2.536921880073863e-13,4.38390431551227e-9,-4.626813099089894e-9,-4.4780140179888835e-6,-2.471522429303987e-6,-4.1080429109928335e-13,-2.2786134174052506e-15,0.00020831590870245507,6.464006846867536e-8,2.3045770816911224e-8,3.732045927689259e-12,2.0156875662685024e-8,3.442341425511098e-5,2.6944827092731943e-9,7.157284757300866e-11,7.147403385748371e-12,-0.00840212895368136,-3.770969216795827e-5,4.1180176524818983e-7,6.794017682938023e-6,2.523182859504737e-6,-2.475799491873871e-6,-1.299352270838021e-12,-2.682568652490869e-13,0.0016912528575898883,5.6544951903982594e-8,-1.988867365338346e-15
0.0,0.0,0.0,0.0,0.0,0.0,0.0,0.0,0.0,0.0,0.0,0.0,0.0,0.0,0.0,0.0,0.0,0.0,0.0,0.0,0.0,0.0,0.0,0.0,0.0,0.0,0.0,0.0,0.0,0.0,0.0,0.0,0.0,0.0,0.0,0.0,0.0,0.0,0.0,0.0,0.0,0.0,0.0,0.0,0.0,0.0,0.0,0.0,0.0,0.0,0.0,0.0,0.0,0.0,0.0,0.0,0.0,0.0,0.0,0.0,0.0,0.0,0.0,0.0,0.0,0.0,0.0,0.0,0.0,0.0,0.0,0.0,0.0,0.0,0.0,0.0,0.0,0.0,0.0,0.0,0.0,0.0,0.0,0.0,0.0,0.0,0.0,0.0,0.0,0.0,0.0,0.0,0.0,0.0,0.0,0.0,0.0,0.0,0.0,0.0,0.0,0.0,0.0,0.0,0.0,0.0,0.0,0.0,0.0,0.0,0.0,0.0,0.0,0.0,0.0,0.0,0.0,0.0,0.0,0.0,0.0,0.0,0.0,0.0,0.0,0.0,0.0,0.0,0.0,0.0,0.0,0.0,0.0,0.0,0.0,0.0,0.0,0.0,0.0,0.0,0.0,0.0,0.0,0.0,0.0,0.0,0.0,0.0,0.0,0.0,0.0,0.0,0.0,0.0,0.0,0.0,0.0,0.0,0.0,0.0,0.0,0.0,0.0,0.0,0.0,0.0,0.0,0.0,0.0,0.0,0.0,0.0,0.0,0.0,0.0,0.0,0.0,0.0,0.0,0.0,0.0,0.0,0.0,0.0,0.0,0.0,0.0,0.0,0.0,0.0,0.0,0.0,0.0,0.0,0.0,0.0,0.0,0.0,0.0,0.0,0.0,0.0,0.0,0.0,0.0,0.0,0.0,0.0,0.0,0.0,0.0,0.0,0.0,0.0,0.0,0.0,0.0,0.0,0.0,0.0,0.0,0.0,0.0,0.0,0.0,0.0,0.0,0.0,0.0,0.0,0.0,0.0,0.0,0.0,0.0,0.0,0.0,0.0,0.0,0.0,0.0,0.0,0.0,0.0,0.0,0.0,0.0,0.0,0.0,0.0,0.0,0.0,0.0,0.0,0.0,0.0,0.0,0.0,0.0,0.0,0.0,0.0,0.0,0.0,0.0,0.0,0.0,0.0,0.0,0.0,0.0,0.0,0.0,0.0,0.0,0.0,0.0,0.0,0.0,0.0,0.0,0.0,0.0,0.0,0.0,0.0,0.0,0.0,0.0,0.0,0.0,0.0,0.0,0.0,0.0,0.0,0.0,0.0,0.0,0.0,0.0,0.0,0.0,0.0,0.0,0.0,0.0,0.0,0.0,0.0,0.0,0.0,0.0,0.0,0.0,0.0,0.0,0.0,0.0,0.0,0.0,0.0,0.0,0.0,0.0,0.0,0.0,0.0,0.0,0.0,0.0,0.0,0.0,0.0,0.0,0.0,0.0,0.0,0.0,0.0,0.0,0.0,0.0,0.0,0.0,0.0,0.0,0.0,0.0,0.0,0.0,0.0,0.0,0.0,0.0,0.0,0.0,0.0,0.0,0.0,0.0,0.0,0.0,0.0,0.0,0.0,0.0,0.0,0.0,0.0,0.0,0.0,0.0,0.0,0.0,0.0,0.0,0.0,0.0,0.0,0.0,0.0,0.0,0.0,0.0,0.0,0.0,0.0,0.0,0.0,0.0,0.0,0.0,0.0,0.0,0.0,0.0,0.0,0.0,0.0,0.0,0.0,0.0,0.0,0.0,0.0,0.0,0.0,0.0,0.0,0.0,0.0,0.0,0.0,0.0,0.0,0.0,0.0,0.0,0.0,0.0,0.0,0.0,0.0,0.0,0.0,0.0,0.0,0.0,0.0,0.0,0.0,0.0,0.0,0.0,0.0,0.0,0.0,0.0,0.0,0.0,0.0,0.0,0.0,0.0,0.0,0.0,0.0,0.0,0.0,0.0,0.0,0.0,0.0,0.0,0.0,0.0,0.0,0.0,0.0,0.0,0.0,0.0,0.0,0.0,0.0,0.0,0.0,0.0,0.0,0.0,0.0,0.0,0.0,0.0,0.0,0.0,0.0,0.0,0.0,0.0,0.0,0.0,0.0,0.0,0.0,0.0,0.0,0.0,0.0,0.0,0.0,0.0,0.0,0.0,0.0,0.0,0.0,0.0,0.0,0.0,0.0,0.0,0.0,0.0,0.0,0.0,0.0,0.0,0.0,0.0,0.0,0.0,0.0,0.0,0.0,0.0,0.0,0.0,0.0,0.0,0.0,0.0,0.0,0.0,0.0,0.0,0.0,0.0,0.0,0.0,0.0,0.0,0.0,0.0,0.0,0.0,0.0,0.0,0.0,0.0,0.0,0.0,0.0,0.0,0.0,0.0,0.0,0.0,0.0,0.0,0.0,0.0,0.0,0.0,0.0,0.0,0.0,0.0,0.0,0.0,0.0,0.0,0.0,0.0,0.0,0.0,0.0,0.0,0.0,0.0,0.0,0.0,0.0,0.0,0.0,0.0,0.0,0.0,0.0,0.0,0.0,0.0,0.0,0.0,0.0,0.0,0.0,0.0,0.0,0.0,0.0,0.0,0.0,0.0,0.0,0.0,0.0,0.0,0.0,0.0,0.0,0.0,0.0,0.0,0.0,0.0,0.0,0.0,0.0,0.0,0.0,0.0,0.0,0.0,0.0,0.0,0.0,0.0,0.0,0.0,0.0,0.0,0.0,0.0,0.0,0.0,0.0,0.0,0.0,0.0,0.0,0.0,0.0,0.0,0.0,0.0,0.0,0.0,0.0,0.0,0.0,0.0,0.0,0.0,0.0,0.0,0.0,0.0,0.0,0.0,0.0,0.0,0.026732350624329132,-1.3259967140847503e-12,-3.5724818560105526e-15,4.126845088342873e-9,0.003823071173871811,2.3887836459365297e-5,-7.311763342623529e-13,-3.9635801481407085e-12,-1.0111914274329257e-5,-0.0003873977390745912,0.002706803396477139,1.3169270629122203e-5,2.327758518995027e-7,1.2236694897244976e-12,-1.1796372821100962e-8,-4.12109646580118e-13,-0.001102578519869542,-4.526192746238205e-9,8.40384741663237e-6,1.8483889421356397e-6,-1.2164502949198976e-12,3.3043122102587324e-9,-4.027080212531397e-5,-6.774733387100879e-8,4.0345491966693716e-10,1.3810376321805041e-9,0.00010657813112597742,1.3396476207899835e-13,-1.1650203603363153e-11,1.025418819428277e-5,2.2870908031082047e-8,1.1121697083728333e-7,-7.605758789931213e-7,0.004495714380187461,5.618244218822487e-11,3.1754290919365157e-7,2.7268059227304406e-14,1.0564405906520556e-12,1.3287812433382828e-9,6.504721500655208e-14,1.7611421102294123e-7,-0.003899220892639036,-0.006845700346976966,-1.4214055556018e-10,-4.10313467552962e-10,2.30590886991108e-12,-2.3170461650173614e-14,7.783137689888826e-5,1.5430935796237047e-8,-0.00034678969756239393,-5.713873577822583e-7,-8.735562034776865e-6,0.0006399935450172059,3.30021747387426e-12,-1.4646730918627582e-5,1.3862401958858965e-10,-6.650948944318387e-10,-7.320301417059448e-12,-0.007743658515876711,1.58525773133269e-13,6.581587918005083e-8,1.2576512047818194e-10,-1.5752037100465149e-13,-8.461269465782612e-14,4.0309056624464934e-8,3.654978400161335e-8,-0.004369368312691434,0.0014766756214719518,0.0016541679885841872,-1.5218090094071312e-11,0.002100845467100167,2.403473128592204e-10,-5.075172176928023e-12,-5.926273712635607e-12,-2.928765374349672e-14,6.851209553704962e-9,-1.381752410485503e-12,0.0004701490112346871,-2.6148458704226904e-10,2.7434399826223596e-11,-1.0710057879104298e-8,-1.1380743892702918e-12,8.380392359434122e-13,-7.52935597324392e-13,-0.0007662391977400925,-7.666474643052283e-11,4.7254279306300485e-6,5.209230172671238e-9,1.164219647293044e-13,1.0848435480076061e-6,1.9806605801257377e-5,-5.256037043916582e-10,0.001248099143089735,-2.543586068311929e-10,4.4063325019203855e-13,4.073108827259265e-6,3.030711187344378e-8,1.0519815715794764e-7,2.820175609168168e-11,-1.7239162243535202e-7,-2.4340425029065523e-14,0.0018747340828764887,-3.606359583831881e-7,1.3295656990273141e-10,-1.354536156988828e-5,-5.949693438581276e-13,-0.00011454636605556307,-7.172470458469534e-13,7.777045640555034e-12,-1.76592576866687e-14,-0.0003526635449981869,5.781415467037244e-7,-4.721747108418669e-8,1.0279093045324028e-7,-6.827524682649631e-14,7.722253721896093e-6,-0.0007290038588897067,3.75323252872598e-9,8.54559220528783e-12,-0.0004133133890704163,1.741614168708909e-8,-5.99031231853106e-8,2.427276934620786e-10,-8.221104438084631e-11,-0.0006923729648356334,0.005089854458352095,-1.1023177161163923e-11,-8.489981243887039e-11,3.2565971537677135e-8,6.191269443617238e-5,4.314721889539764e-8,-6.827223523417299e-12,-7.098014698592076e-8,1.0186192548123688e-5,2.934919585817135e-6,-2.5116078814801565e-13,-3.192139412858156e-12,2.3268499679792234e-10,-2.849817587778407e-11,-8.451913881937124e-11,1.075266922379645e-11,-0.0018945885199840298,-0.0021587040521589044,4.156991022438387e-14,1.2107542222056049e-9,0.001013845149730538
0.0,0.0,0.0,0.0,0.0,0.0,0.0,0.0,0.0,0.0,0.0,0.0,0.0,0.0,0.0,0.0,0.0,0.0,0.0,0.0,0.0,0.0,0.0,0.0,0.0,0.0,0.0,0.0,0.0,0.0,0.0,0.0,0.0,0.0,0.0,0.0,0.0,0.0,0.0,0.0,0.0,0.0,0.0,0.0,0.0,0.0,0.0,0.0,0.0,0.0,0.0,0.0,0.0,0.0,0.0,0.0,0.0,0.0,0.0,0.0,0.0,0.0,0.0,0.0,0.0,0.0,0.0,0.0,0.0,0.0,0.0,0.0,0.0,0.0,0.0,0.0,0.0,0.0,0.0,0.0,0.0,0.0,0.0,0.0,0.0,0.0,0.0,0.0,0.0,0.0,0.0,0.0,0.0,0.0,0.0,0.0,0.0,0.0,0.0,0.0,0.0,0.0,0.0,0.0,0.0,0.0,0.0,0.0,0.0,0.0,0.0,0.0,0.0,0.0,0.0,0.0,0.0,0.0,0.0,0.0,0.0,0.0,0.0,0.0,0.0,0.0,0.0,0.0,0.0,0.0,0.0,0.0,0.0,0.0,0.0,0.0,0.0,0.0,0.0,0.0,0.0,0.0,0.0,0.0,0.0,0.0,0.0,0.0,0.0,0.0,0.0,0.0,0.0,0.0,0.0,0.0,0.0,0.0,0.0,0.0,0.0,0.0,0.0,0.0,0.0,0.0,0.0,0.0,0.0,0.0,0.0,0.0,0.0,0.0,0.0,0.0,0.0,0.0,0.0,0.0,0.0,0.0,0.0,0.0,0.0,0.0,0.0,0.0,0.0,0.0,0.0,0.0,0.0,0.0,0.0,0.0,0.0,0.0,0.0,0.0,0.0,0.0,0.0,0.0,0.0,0.0,0.0,0.0,0.0,0.0,0.0,0.0,0.0,0.0,0.0,0.0,0.0,0.0,0.0,0.0,0.0,0.0,0.0,0.0,0.0,0.0,0.0,0.0,0.0,0.0,0.0,0.0,0.0,0.0,0.0,0.0,0.0,0.0,0.0,0.0,0.0,0.0,0.0,0.0,0.0,0.0,0.0,0.0,0.0,0.0,0.0,0.0,0.0,0.0,0.0,0.0,0.0,0.0,0.0,0.0,0.0,0.0,0.0,0.0,0.0,0.0,0.0,0.0,0.0,0.0,0.0,0.0,0.0,0.0,0.0,0.0,0.0,0.0,0.0,0.0,0.0,0.0,0.0,0.0,0.0,0.0,0.0,0.0,0.0,0.0,0.0,0.0,0.0,0.0,0.0,0.0,0.0,0.0,0.0,0.0,0.0,0.0,0.0,0.0,0.0,0.0,0.0,0.0,0.0,0.0,0.0,0.0,0.0,0.0,0.0,0.0,0.0,0.0,0.0,0.0,0.0,0.0,0.0,0.0,0.0,0.0,0.0,0.0,0.0,0.0,0.0,0.0,0.0,0.0,0.0,0.0,0.0,0.0,0.0,0.0,0.0,0.0,0.0,0.0,0.0,0.0,0.0,0.0,0.0,0.0,0.0,0.0,0.0,0.0,0.0,0.0,0.0,0.0,0.0,0.0,0.0,0.0,0.0,0.0,0.0,0.0,0.0,0.0,0.0,0.0,0.0,0.0,0.0,0.0,0.0,0.0,0.0,0.0,0.0,0.0,0.0,0.0,0.0,0.0,0.0,0.0,0.0,0.0,0.0,0.0,0.0,0.0,0.0,0.0,0.0,0.0,0.0,0.0,0.0,0.0,0.0,0.0,0.0,0.0,0.0,0.0,0.0,0.0,0.0,0.0,0.0,0.0,0.0,0.0,0.0,0.0,0.0,0.0,0.0,0.0,0.0,0.0,0.0,0.0,0.0,0.0,0.0,0.0,0.0,0.0,0.0,0.0,0.0,0.0,0.0,0.0,0.0,0.0,0.0,0.0,0.0,0.0,0.0,0.0,0.0,0.0,0.0,0.0,0.0,0.0,0.0,0.0,0.0,0.0,0.0,0.0,0.0,0.0,0.0,0.0,0.0,0.0,0.0,0.0,0.0,0.0,0.0,0.0,0.0,0.0,0.0,0.0,0.0,0.0,0.0,0.0,0.0,0.0,0.0,0.0,0.0,0.0,0.0,0.0,0.0,0.0,0.0,0.0,0.0,0.0,0.0,0.0,0.0,0.0,0.0,0.0,0.0,0.0,0.0,0.0,0.0,0.0,0.0,0.0,0.0,0.0,0.0,0.0,0.0,0.0,0.0,0.0,0.0,0.0,0.0,0.0,0.0,0.0,0.0,0.0,0.0,0.0,0.0,0.0,0.0,0.0,0.0,0.0,0.0,0.0,0.0,0.0,0.0,0.0,0.0,0.0,0.0,0.0,0.0,0.0,0.0,0.0,0.0,0.0,0.0,0.0,0.0,0.0,0.0,0.0,0.0,0.0,0.0,0.0,0.0,0.0,0.0,0.0,0.0,0.0,0.0,0.0,0.0,0.0,0.0,0.0,0.0,0.0,0.0,0.0,0.0,0.0,0.0,0.0,0.0,0.0,0.0,0.0,0.0,0.0,0.0,0.0,0.0,0.0,0.0,0.0,0.0,0.0,0.0,0.0,0.0,0.0,0.0,0.0,0.0,0.0,0.0,0.0,0.0,0.0,0.0,0.0,0.0,0.0,0.0,0.0,0.0,0.0,0.0,0.0,0.0,0.0,0.0,0.0,0.0,0.0,0.0,0.0,0.0,0.0,0.0,0.0,0.0,0.0,0.0,0.0,0.0,0.0,0.0,0.0,0.0,0.0,0.0,0.0,0.0,0.0,0.0,0.0,0.0,0.0,0.0,0.0,0.0,0.0,0.0,0.0,0.0,0.0,0.0,0.0,0.0,0.0,0.0,0.0,0.02858817558302307,-0.00012800800408224432,3.068158234309845e-6,8.656880663680023e-13,2.3087853000166345e-12,-0.005011531535560238,-0.004392088106808285,2.653301877958916e-10,-2.698112161777016e-12,-6.5240203033430865e-12,-1.0927173841820087e-9,-1.4959772931019913e-8,-4.5457121244498133e-5,1.3011183797865984e-7,8.630002667577453e-5,-5.516387234833696e-13,8.585006904922824e-7,-1.758280954969837e-10,-4.202627672596721e-8,-0.0014243925658817649,-8.135558091647675e-6,4.5357334668370806e-11,2.0778559247050446e-8,-2.956754602112271e-8,3.1127259385504924e-6,-1.7268038716082483e-11,0.0013617893461273676,-0.0004900522010399932,-1.0784090602520148e-10,1.7667854661654698e-8,-6.156126694786812e-8,4.901179048586227e-9,1.60224211667741e-12,-6.653180468709582e-5,-3.5231718566756465e-8,5.899867623932862e-5,0.008249935182095769,-9.344835121986236e-6,0.0002262141931703168,-2.4066191096544714e-9,5.888789663631435e-12,-6.565484409057864e-14,0.0002486844836174946,1.711009797260215e-5,0.0006329225547224221,-3.5737670835789408e-6,-1.0729325392153686e-12,4.3740548286007923e-7,-1.0971283906971301e-13,1.3662365923442257e-9,1.9716338902460297e-10,-1.2584826546262673e-11,-0.00034067156621566405,-1.7960124974904006e-11,0.00010882767205561619,-9.356975962883014e-6,-0.004281149746463239,4.125660213391364e-13,-0.0026486198110598617,3.7267399349167827e-7,3.095080450209309e-5,0.0003180332186516863,-0.0013538139450699187,3.951896769843204e-8,1.2764718216496867e-8,-3.295374180704044e-13,1.4420442155155655e-14,1.415844939962443e-13,-0.0001163214344001845,7.124945240265475e-13,-1.9864343788502957e-5,0.001724047665834496,0.0005625407711252569,-0.0004904499438057172,-1.2576917831417478e-6,0.007061917254364048,-2.603175142641612e-14,-3.093917680088774e-5,0.00021899414676309714,4.880110649739537e-7,0.0017019541781182947,-0.0008143283871343936,0.00422005308222597,-3.03673734660779e-13,5.136336240921645e-5,9.505329736403439e-11,-1.0465271177897325e-6,4.6589262188062294e-5,-1.680861050875197e-9,-5.762485956676417e-11,1.5357439004444233e-5,1.1386676830258486e-12,-1.908568390806457e-5,-0.0002689546499357968,2.5188639402655014e-10,-5.967394134133734e-8,-9.747782342222891e-9,0.00032769706032741283,-1.3219835218571416e-8,-4.927270565805046e-5,-1.3643928691352665e-12,9.57204144445575e-8,-2.016659398812968e-5,3.935140317217093e-10,-0.001834524415887477,-2.047955797308028e-11,0.00014985691102700776,0.00018628883093535582,8.119296723871932e-6,-4.038347166243889e-11,-1.1317210070610495e-9,4.866599506772928e-8,-6.493335835770931e-8,3.055963424438513e-6,-2.816590313883708e-10,9.566772830920408e-12,-2.5217578559428902e-6,-0.00044131015376712153,2.2140284512427612e-12,4.074996203960667e-9,-7.813513990994556e-8,-0.0001174073339683552,-8.849560422503367e-5,1.6166545586879666e-12,6.061029821101394e-13,0.0031348347153086057,-2.748282153600393e-6,2.635046242147597e-7,8.079983362466765e-11,-8.528344493160294e-7,0.000600360667081913,-2.4130031235528744e-9,-3.4892009335548303e-10,1.2696645638331855e-9,-0.0014484865183296508,0.0010848758733338678,1.666348817905552e-5,8.120753570731943e-5,-6.557174646378641e-5,-7.823218694160578e-5,7.322450735416405e-12,2.5874987122117006e-12,0.0002162551997310324,1.2799567081222315e-7,1.0412758349769891e-13
0.0,0.0,0.0,0.0,0.0,0.0,0.0,0.0,0.0,0.0,0.0,0.0,0.0,0.0,0.0,0.0,0.0,0.0,0.0,0.0,0.0,0.0,0.0,0.0,0.0,0.0,0.0,0.0,0.0,0.0,0.0,0.0,0.0,0.0,0.0,0.0,0.0,0.0,0.0,0.0,0.0,0.0,0.0,0.0,0.0,0.0,0.0,0.0,0.0,0.0,0.0,0.0,0.0,0.0,0.0,0.0,0.0,0.0,0.0,0.0,0.0,0.0,0.0,0.0,0.0,0.0,0.0,0.0,0.0,0.0,0.0,0.0,0.0,0.0,0.0,0.0,0.0,0.0,0.0,0.0,0.0,0.0,0.0,0.0,0.0,0.0,0.0,0.0,0.0,0.0,0.0,0.0,0.0,0.0,0.0,0.0,0.0,0.0,0.0,0.0,0.0,0.0,0.0,0.0,0.0,0.0,0.0,0.0,0.0,0.0,0.0,0.0,0.0,0.0,0.0,0.0,0.0,0.0,0.0,0.0,0.0,0.0,0.0,0.0,0.0,0.0,0.0,0.0,0.0,0.0,0.0,0.0,0.0,0.0,0.0,0.0,0.0,0.0,0.0,0.0,0.0,0.0,0.0,0.0,0.0,0.0,0.0,0.0,0.0,0.0,0.0,0.0,0.0,0.0,0.0,0.0,0.0,0.0,0.0,0.0,0.0,0.0,0.0,0.0,0.0,0.0,0.0,0.0,0.0,0.0,0.0,0.0,0.0,0.0,0.0,0.0,0.0,0.0,0.0,0.0,0.0,0.0,0.0,0.0,0.0,0.0,0.0,0.0,0.0,0.0,0.0,0.0,0.0,0.0,0.0,0.0,0.0,0.0,0.0,0.0,0.0,0.0,0.0,0.0,0.0,0.0,0.0,0.0,0.0,0.0,0.0,0.0,0.0,0.0,0.0,0.0,0.0,0.0,0.0,0.0,0.0,0.0,0.0,0.0,0.0,0.0,0.0,0.0,0.0,0.0,0.0,0.0,0.0,0.0,0.0,0.0,0.0,0.0,0.0,0.0,0.0,0.0,0.0,0.0,0.0,0.0,0.0,0.0,0.0,0.0,0.0,0.0,0.0,0.0,0.0,0.0,0.0,0.0,0.0,0.0,0.0,0.0,0.0,0.0,0.0,0.0,0.0,0.0,0.0,0.0,0.0,0.0,0.0,0.0,0.0,0.0,0.0,0.0,0.0,0.0,0.0,0.0,0.0,0.0,0.0,0.0,0.0,0.0,0.0,0.0,0.0,0.0,0.0,0.0,0.0,0.0,0.0,0.0,0.0,0.0,0.0,0.0,0.0,0.0,0.0,0.0,0.0,0.0,0.0,0.0,0.0,0.0,0.0,0.0,0.0,0.0,0.0,0.0,0.0,0.0,0.0,0.0,0.0,0.0,0.0,0.0,0.0,0.0,0.0,0.0,0.0,0.0,0.0,0.0,0.0,0.0,0.0,0.0,0.0,0.0,0.0,0.0,0.0,0.0,0.0,0.0,0.0,0.0,0.0,0.0,0.0,0.0,0.0,0.0,0.0,0.0,0.0,0.0,0.0,0.0,0.0,0.0,0.0,0.0,0.0,0.0,0.0,0.0,0.0,0.0,0.0,0.0,0.0,0.0,0.0,0.0,0.0,0.0,0.0,0.0,0.0,0.0,0.0,0.0,0.0,0.0,0.0,0.0,0.0,0.0,0.0,0.0,0.0,0.0,0.0,0.0,0.0,0.0,0.0,0.0,0.0,0.0,0.0,0.0,0.0,0.0,0.0,0.0,0.0,0.0,0.0,0.0,0.0,0.0,0.0,0.0,0.0,0.0,0.0,0.0,0.0,0.0,0.0,0.0,0.0,0.0,0.0,0.0,0.0,0.0,0.0,0.0,0.0,0.0,0.0,0.0,0.0,0.0,0.0,0.0,0.0,0.0,0.0,0.0,0.0,0.0,0.0,0.0,0.0,0.0,0.0,0.0,0.0,0.0,0.0,0.0,0.0,0.0,0.0,0.0,0.0,0.0,0.0,0.0,0.0,0.0,0.0,0.0,0.0,0.0,0.0,0.0,0.0,0.0,0.0,0.0,0.0,0.0,0.0,0.0,0.0,0.0,0.0,0.0,0.0,0.0,0.0,0.0,0.0,0.0,0.0,0.0,0.0,0.0,0.0,0.0,0.0,0.0,0.0,0.0,0.0,0.0,0.0,0.0,0.0,0.0,0.0,0.0,0.0,0.0,0.0,0.0,0.0,0.0,0.0,0.0,0.0,0.0,0.0,0.0,0.0,0.0,0.0,0.0,0.0,0.0,0.0,0.0,0.0,0.0,0.0,0.0,0.0,0.0,0.0,0.0,0.0,0.0,0.0,0.0,0.0,0.0,0.0,0.0,0.0,0.0,0.0,0.0,0.0,0.0,0.0,0.0,0.0,0.0,0.0,0.0,0.0,0.0,0.0,0.0,0.0,0.0,0.0,0.0,0.0,0.0,0.0,0.0,0.0,0.0,0.0,0.0,0.0,0.0,0.0,0.0,0.0,0.0,0.0,0.0,0.0,0.0,0.0,0.0,0.0,0.0,0.0,0.0,0.0,0.0,0.0,0.0,0.0,0.0,0.0,0.0,0.0,0.0,0.0,0.0,0.0,0.0,0.0,0.0,0.0,0.0,0.0,0.0,0.0,0.0,0.0,0.0,0.0,0.0,0.0,0.0,0.0,0.0,0.0,0.0,0.0,0.0,0.0,0.0,0.0,0.0,0.0,0.0,0.0,0.0,0.0,0.0,0.0,0.0,0.0,0.0,0.0,0.0,0.0,0.0,0.0,0.0,0.0,0.0,0.0,0.0,0.0,0.0,0.0,0.0,0.0,0.0,0.0,0.0,0.0,0.01971649957531235,1.5613410926367073e-8,2.857501038634729e-15,2.5557154880211624e-14,0.00023948126890343188,-0.00021236824083230594,3.70528190651627e-11,-3.965803200465489e-14,-2.96047178403593e-14,-9.038940164373689e-14,-1.1493364534200835e-9,-0.00020241714200956717,1.5890062930458574e-8,6.503886114108071e-7,-1.0540119882302398e-14,-1.5585185300106933e-8,-1.3463179435586098e-11,-6.208842515192998e-10,1.190645801922797e-5,-1.4569086385425645e-7,-4.816360837079529e-14,-3.1614386726577845e-10,-8.31228220643343e-8,6.603630351999482e-8,-1.5348082112985963e-12,-0.0003868629631948671,2.494990156775579e-5,-2.920165403484872e-12,-7.663822123028488e-11,-2.657123177336798e-9,-1.9154780988977305e-10,1.586690704027311e-14,-2.747824462901659e-6,1.2884313538235521e-10,-0.011286773308564948,0.0003980740558511899,-5.754534268992561e-7,0.0005631086839332751,-3.345070599525242e-11,1.0216944931194313e-13,-5.792105338995355e-15,1.8686795969057856e-6,7.816488394162689e-7,4.038037459925697e-6,0.0021831286392712643,2.878062109642625e-13,-4.233769894722302e-9,1.2107579133713372e-14,1.0667081068861816e-10,6.351604476540989e-13,2.3026701889165132e-14,-7.267240609360267e-5,7.537140784098863e-12,1.0677761425121608e-6,1.8297391749500557e-6,-9.403672509041608e-6,4.592644526871232e-15,0.00015501162169149726,3.600754450981585e-10,8.581578216842081e-7,0.0007235732055497165,0.0009793070586672893,-4.920199060607707e-10,1.1727254091634292e-9,-6.602125270745906e-15,1.452202537118696e-15,3.826602813387978e-15,-1.7409831714525642e-6,-9.763455644653286e-15,-1.4194009743516428e-7,1.7589615209877874e-5,-2.291076169480214e-6,-5.298593861284128e-6,-2.6135553944312537e-8,0.00015591357055792587,1.2852040475611026e-17,2.5624637339225445e-7,1.8764889972284392e-6,1.5951318624573356e-8,-0.00012689801192565108,-0.0006169715615790439,-0.00014058145736192663,-5.055281248827883e-15,1.369706787612719e-6,-9.850963205667278e-12,2.4169173724248403e-8,0.0035965080593651074,-2.0316070399767228e-10,1.506071841352086e-12,8.476964478839445e-8,-1.115838601872719e-14,9.098873739865117e-8,7.496078427842396e-5,-3.701035591730258e-12,-2.7152532139853398e-9,-2.4871299545268604e-11,-4.667818774371032e-7,7.806388351397245e-11,-0.0024062505856062366,-1.483664863494195e-13,3.459597711394659e-10,-7.744313115768219e-7,1.3720529554399615e-11,-0.00010879168447352392,-1.596133351102767e-13,0.0004594732592642017,-9.765282605823018e-5,-0.005327801109295231,-4.1960418787324424e-13,-1.6988453887067484e-11,-2.1694085706313596e-10,4.688224912904217e-12,0.0006868401232331357,1.914912086621438e-12,1.3765433097975847e-13,2.235432504030404e-8,-1.819299373373969e-5,-3.63543642581515e-14,9.365392622015722e-10,6.599912215233981e-10,-8.876721077369196e-8,9.96934841102739e-7,4.9083707965426106e-14,1.2694743726445482e-15,-6.031017759592878e-5,-3.2894957488103474e-7,9.702114223020556e-12,-7.643320344160313e-13,-1.1902363232010847e-8,-7.918385069810673e-6,2.0178860598755194e-9,7.352360033964931e-13,2.7596917816797584e-11,0.0006678326208555187,9.250327492110903e-6,-5.716944390003735e-7,1.21830860384427e-6,1.8120179952284602e-6,6.105766157980605e-7,1.7194200837506117e-13,3.7313261156399217e-14,-0.004599765625311678,4.3882649754138514e-8,2.2674370836197925e-15
0.0,0.0,0.0,0.0,0.0,0.0,0.0,0.0,0.0,0.0,0.0,0.0,0.0,0.0,0.0,0.0,0.0,0.0,0.0,0.0,0.0,0.0,0.0,0.0,0.0,0.0,0.0,0.0,0.0,0.0,0.0,0.0,0.0,0.0,0.0,0.0,0.0,0.0,0.0,0.0,0.0,0.0,0.0,0.0,0.0,0.0,0.0,0.0,0.0,0.0,0.0,0.0,0.0,0.0,0.0,0.0,0.0,0.0,0.0,0.0,0.0,0.0,0.0,0.0,0.0,0.0,0.0,0.0,0.0,0.0,0.0,0.0,0.0,0.0,0.0,0.0,0.0,0.0,0.0,0.0,0.0,0.0,0.0,0.0,0.0,0.0,0.0,0.0,0.0,0.0,0.0,0.0,0.0,0.0,0.0,0.0,0.0,0.0,0.0,0.0,0.0,0.0,0.0,0.0,0.0,0.0,0.0,0.0,0.0,0.0,0.0,0.0,0.0,0.0,0.0,0.0,0.0,0.0,0.0,0.0,0.0,0.0,0.0,0.0,0.0,0.0,0.0,0.0,0.0,0.0,0.0,0.0,0.0,0.0,0.0,0.0,0.0,0.0,0.0,0.0,0.0,0.0,0.0,0.0,0.0,0.0,0.0,0.0,0.0,0.0,0.0,0.0,0.0,0.0,0.0,0.0,0.0,0.0,0.0,0.0,0.0,0.0,0.0,0.0,0.0,0.0,0.0,0.0,0.0,0.0,0.0,0.0,0.0,0.0,0.0,0.0,0.0,0.0,0.0,0.0,0.0,0.0,0.0,0.0,0.0,0.0,0.0,0.0,0.0,0.0,0.0,0.0,0.0,0.0,0.0,0.0,0.0,0.0,0.0,0.0,0.0,0.0,0.0,0.0,0.0,0.0,0.0,0.0,0.0,0.0,0.0,0.0,0.0,0.0,0.0,0.0,0.0,0.0,0.0,0.0,0.0,0.0,0.0,0.0,0.0,0.0,0.0,0.0,0.0,0.0,0.0,0.0,0.0,0.0,0.0,0.0,0.0,0.0,0.0,0.0,0.0,0.0,0.0,0.0,0.0,0.0,0.0,0.0,0.0,0.0,0.0,0.0,0.0,0.0,0.0,0.0,0.0,0.0,0.0,0.0,0.0,0.0,0.0,0.0,0.0,0.0,0.0,0.0,0.0,0.0,0.0,0.0,0.0,0.0,0.0,0.0,0.0,0.0,0.0,0.0,0.0,0.0,0.0,0.0,0.0,0.0,0.0,0.0,0.0,0.0,0.0,0.0,0.0,0.0,0.0,0.0,0.0,0.0,0.0,0.0,0.0,0.0,0.0,0.0,0.0,0.0,0.0,0.0,0.0,0.0,0.0,0.0,0.0,0.0,0.0,0.0,0.0,0.0,0.0,0.0,0.0,0.0,0.0,0.0,0.0,0.0,0.0,0.0,0.0,0.0,0.0,0.0,0.0,0.0,0.0,0.0,0.0,0.0,0.0,0.0,0.0,0.0,0.0,0.0,0.0,0.0,0.0,0.0,0.0,0.0,0.0,0.0,0.0,0.0,0.0,0.0,0.0,0.0,0.0,0.0,0.0,0.0,0.0,0.0,0.0,0.0,0.0,0.0,0.0,0.0,0.0,0.0,0.0,0.0,0.0,0.0,0.0,0.0,0.0,0.0,0.0,0.0,0.0,0.0,0.0,0.0,0.0,0.0,0.0,0.0,0.0,0.0,0.0,0.0,0.0,0.0,0.0,0.0,0.0,0.0,0.0,0.0,0.0,0.0,0.0,0.0,0.0,0.0,0.0,0.0,0.0,0.0,0.0,0.0,0.0,0.0,0.0,0.0,0.0,0.0,0.0,0.0,0.0,0.0,0.0,0.0,0.0,0.0,0.0,0.0,0.0,0.0,0.0,0.0,0.0,0.0,0.0,0.0,0.0,0.0,0.0,0.0,0.0,0.0,0.0,0.0,0.0,0.0,0.0,0.0,0.0,0.0,0.0,0.0,0.0,0.0,0.0,0.0,0.0,0.0,0.0,0.0,0.0,0.0,0.0,0.0,0.0,0.0,0.0,0.0,0.0,0.0,0.0,0.0,0.0,0.0,0.0,0.0,0.0,0.0,0.0,0.0,0.0,0.0,0.0,0.0,0.0,0.0,0.0,0.0,0.0,0.0,0.0,0.0,0.0,0.0,0.0,0.0,0.0,0.0,0.0,0.0,0.0,0.0,0.0,0.0,0.0,0.0,0.0,0.0,0.0,0.0,0.0,0.0,0.0,0.0,0.0,0.0,0.0,0.0,0.0,0.0,0.0,0.0,0.0,0.0,0.0,0.0,0.0,0.0,0.0,0.0,0.0,0.0,0.0,0.0,0.0,0.0,0.0,0.0,0.0,0.0,0.0,0.0,0.0,0.0,0.0,0.0,0.0,0.0,0.0,0.0,0.0,0.0,0.0,0.0,0.0,0.0,0.0,0.0,0.0,0.0,0.0,0.0,0.0,0.0,0.0,0.0,0.0,0.0,0.0,0.0,0.0,0.0,0.0,0.0,0.0,0.0,0.0,0.0,0.0,0.0,0.0,0.0,0.0,0.0,0.0,0.0,0.0,0.0,0.0,0.0,0.0,0.0,0.0,0.0,0.0,0.0,0.0,0.0,0.0,0.0,0.0,0.0,0.0,0.0,0.0,0.0,0.0,0.0,0.0,0.0,0.0,0.0,0.0,0.0,0.0,0.0,0.0,0.0,0.0,0.0,0.0,0.0,0.0,0.0,0.0,0.0,0.0,0.0,0.0,0.0,0.0,0.0,0.0,0.0,0.0,0.0,0.0,0.0,0.0,0.0,0.0,0.0,0.0,0.0,0.0,0.0,0.0,0.0,0.0,0.0,0.0,0.0,0.0,0.0,0.025310264646972776,1.9140139784355447e-9,5.683032959584529e-9,-1.9001867195463653e-6,-4.817602310864873e-6,-1.846028339626524e-5,4.236413917278063e-9,4.4678488343923224e-8,3.000084559457192e-6,0.00012595551076712895,1.4377044319820497e-6,-0.000746907720906693,-1.9419156243556555e-6,9.033903203246318e-10,-0.0009222701436760945,-4.85169027356475e-7,-0.0001132353786670044,-1.6405724217143692e-6,-0.0026145241432827316,1.5851886723979803e-7,0.00029311964890735975,-0.0010252021380371462,-0.002716973795452144,4.615680136495081e-7,-7.75528119277208e-7,-1.7221492872167938e-5,5.862047340295242e-7,2.053376669962387e-5,0.00042916121897745374,0.00011602091069529949,1.0526196303320226e-8,0.00022855226033595535,-0.0005534298949623935,-4.268085090166321e-9,-6.525270564160405e-7,-0.0008128605041454466,1.815724879853897e-7,8.231481281276382e-7,-2.2558618235140735e-8,2.4511417005976624e-9,-1.793840766486e-5,-3.5559553171470506e-5,3.020122538799465e-6,1.8367249214244194e-8,-7.235810794134891e-8,0.0004711964346929838,-1.1183709362900934e-8,-1.6484080218566497e-5,-1.5688601730524923e-6,-6.306596720859186e-8,-2.1678331009594563e-6,-2.3256136052899825e-6,-5.04350750913881e-5,0.00240573379767226,-1.5039109911070675e-5,-1.9041264691913837e-9,-7.846362454428849e-7,0.002296133868961927,-3.113468702398867e-5,-7.054459424073145e-8,-7.074987836917748e-7,9.238114892220558e-5,0.00019073697492475605,2.891799189923718e-9,-2.154553229444421e-10,-7.27721981186944e-10,-0.00012969162062463068,1.5937962785457559e-9,0.0009791634990818573,-1.737229761477545e-5,0.00019714646474223315,-5.267272623667715e-8,-0.000634501741546278,-1.5123965368939084e-6,2.005124702009948e-10,0.00013170819098164483,1.541787237398905e-5,0.005996099246227213,2.4502547960535436e-7,1.18969489013278e-6,-2.65084981514223e-6,3.317099520621438e-9,6.0006266616678e-5,4.365379304833857e-6,-0.0035069003203159863,7.36099585302443e-8,8.004068777815063e-7,-9.080607136032053e-7,0.003552357396732542,3.2464768643235145e-9,-0.0005930787561615457,3.3440383136919374e-6,3.006255373886874e-6,-0.0006662824762934876,-8.459491048514383e-5,0.00010218168773444645,-0.0010115074809579241,-2.8613641521685844e-10,5.8429793771754116e-8,6.387295543635989e-5,-0.00029732730162126123,-5.03080729375236e-6,-9.510466441435867e-7,-1.3212047352253938e-7,-9.214353889285248e-8,-1.7408991001943983e-6,1.76937130399174e-8,-3.7045543670175135e-7,-8.918738637671894e-7,0.0006399553855111032,-0.0002603446007482013,1.0220542523151749e-7,-2.4804155575334855e-6,-5.760835965253572e-8,-0.012508479769004925,1.4019738900998817e-5,1.2713108838276593e-8,0.00014669849996038547,-0.0005164245185098782,6.597240451016665e-5,0.00012525001044652525,-1.4443531528786612e-9,-1.9613967816463475e-9,2.9207972175190024e-5,0.000396127082537575,0.0027160087162926448,1.5199110456717814e-6,-0.0005871121714661183,-1.7886218779584514e-5,0.00017589900518523305,3.5608184357194515e-6,-3.222604235608001e-6,5.050169219215581e-8,-4.6989896901750105e-6,9.91472649355673e-6,-0.00012205375440249154,-0.00014808898933847838,-8.174980061997417e-5,-5.5040953147429107e-8,-1.4470212852597186e-8,1.1981749383994067e-7,0.0004909466290346199,-9.323481934314051e-10
0.0,0.0,0.0,0.0,0.0,0.0,0.0,0.0,0.0,0.0,0.0,0.0,0.0,0.0,0.0,0.0,0.0,0.0,0.0,0.0,0.0,0.0,0.0,0.0,0.0,0.0,0.0,0.0,0.0,0.0,0.0,0.0,0.0,0.0,0.0,0.0,0.0,0.0,0.0,0.0,0.0,0.0,0.0,0.0,0.0,0.0,0.0,0.0,0.0,0.0,0.0,0.0,0.0,0.0,0.0,0.0,0.0,0.0,0.0,0.0,0.0,0.0,0.0,0.0,0.0,0.0,0.0,0.0,0.0,0.0,0.0,0.0,0.0,0.0,0.0,0.0,0.0,0.0,0.0,0.0,0.0,0.0,0.0,0.0,0.0,0.0,0.0,0.0,0.0,0.0,0.0,0.0,0.0,0.0,0.0,0.0,0.0,0.0,0.0,0.0,0.0,0.0,0.0,0.0,0.0,0.0,0.0,0.0,0.0,0.0,0.0,0.0,0.0,0.0,0.0,0.0,0.0,0.0,0.0,0.0,0.0,0.0,0.0,0.0,0.0,0.0,0.0,0.0,0.0,0.0,0.0,0.0,0.0,0.0,0.0,0.0,0.0,0.0,0.0,0.0,0.0,0.0,0.0,0.0,0.0,0.0,0.0,0.0,0.0,0.0,0.0,0.0,0.0,0.0,0.0,0.0,0.0,0.0,0.0,0.0,0.0,0.0,0.0,0.0,0.0,0.0,0.0,0.0,0.0,0.0,0.0,0.0,0.0,0.0,0.0,0.0,0.0,0.0,0.0,0.0,0.0,0.0,0.0,0.0,0.0,0.0,0.0,0.0,0.0,0.0,0.0,0.0,0.0,0.0,0.0,0.0,0.0,0.0,0.0,0.0,0.0,0.0,0.0,0.0,0.0,0.0,0.0,0.0,0.0,0.0,0.0,0.0,0.0,0.0,0.0,0.0,0.0,0.0,0.0,0.0,0.0,0.0,0.0,0.0,0.0,0.0,0.0,0.0,0.0,0.0,0.0,0.0,0.0,0.0,0.0,0.0,0.0,0.0,0.0,0.0,0.0,0.0,0.0,0.0,0.0,0.0,0.0,0.0,0.0,0.0,0.0,0.0,0.0,0.0,0.0,0.0,0.0,0.0,0.0,0.0,0.0,0.0,0.0,0.0,0.0,0.0,0.0,0.0,0.0,0.0,0.0,0.0,0.0,0.0,0.0,0.0,0.0,0.0,0.0,0.0,0.0,0.0,0.0,0.0,0.0,0.0,0.0,0.0,0.0,0.0,0.0,0.0,0.0,0.0,0.0,0.0,0.0,0.0,0.0,0.0,0.0,0.0,0.0,0.0,0.0,0.0,0.0,0.0,0.0,0.0,0.0,0.0,0.0,0.0,0.0,0.0,0.0,0.0,0.0,0.0,0.0,0.0,0.0,0.0,0.0,0.0,0.0,0.0,0.0,0.0,0.0,0.0,0.0,0.0,0.0,0.0,0.0,0.0,0.0,0.0,0.0,0.0,0.0,0.0,0.0,0.0,0.0,0.0,0.0,0.0,0.0,0.0,0.0,0.0,0.0,0.0,0.0,0.0,0.0,0.0,0.0,0.0,0.0,0.0,0.0,0.0,0.0,0.0,0.0,0.0,0.0,0.0,0.0,0.0,0.0,0.0,0.0,0.0,0.0,0.0,0.0,0.0,0.0,0.0,0.0,0.0,0.0,0.0,0.0,0.0,0.0,0.0,0.0,0.0,0.0,0.0,0.0,0.0,0.0,0.0,0.0,0.0,0.0,0.0,0.0,0.0,0.0,0.0,0.0,0.0,0.0,0.0,0.0,0.0,0.0,0.0,0.0,0.0,0.0,0.0,0.0,0.0,0.0,0.0,0.0,0.0,0.0,0.0,0.0,0.0,0.0,0.0,0.0,0.0,0.0,0.0,0.0,0.0,0.0,0.0,0.0,0.0,0.0,0.0,0.0,0.0,0.0,0.0,0.0,0.0,0.0,0.0,0.0,0.0,0.0,0.0,0.0,0.0,0.0,0.0,0.0,0.0,0.0,0.0,0.0,0.0,0.0,0.0,0.0,0.0,0.0,0.0,0.0,0.0,0.0,0.0,0.0,0.0,0.0,0.0,0.0,0.0,0.0,0.0,0.0,0.0,0.0,0.0,0.0,0.0,0.0,0.0,0.0,0.0,0.0,0.0,0.0,0.0,0.0,0.0,0.0,0.0,0.0,0.0,0.0,0.0,0.0,0.0,0.0,0.0,0.0,0.0,0.0,0.0,0.0,0.0,0.0,0.0,0.0,0.0,0.0,0.0,0.0,0.0,0.0,0.0,0.0,0.0,0.0,0.0,0.0,0.0,0.0,0.0,0.0,0.0,0.0,0.0,0.0,0.0,0.0,0.0,0.0,0.0,0.0,0.0,0.0,0.0,0.0,0.0,0.0,0.0,0.0,0.0,0.0,0.0,0.0,0.0,0.0,0.0,0.0,0.0,0.0,0.0,0.0,0.0,0.0,0.0,0.0,0.0,0.0,0.0,0.0,0.0,0.0,0.0,0.0,0.0,0.0,0.0,0.0,0.0,0.0,0.0,0.0,0.0,0.0,0.0,0.0,0.0,0.0,0.0,0.0,0.0,0.0,0.0,0.0,0.0,0.0,0.0,0.0,0.0,0.0,0.0,0.0,0.0,0.0,0.0,0.0,0.0,0.0,0.0,0.0,0.0,0.0,0.0,0.0,0.0,0.0,0.0,0.0,0.0,0.0,0.0,0.0,0.0,0.0,0.0,0.0,0.0,0.0,0.0,0.0,0.0,0.0,0.0,0.0,0.0,0.0,0.0,0.0,0.0,0.0,0.0,0.0,0.0,0.0,0.0,0.0,0.0,0.0,0.0,0.0,0.0,0.0,0.0,0.0,0.031356946844466965,-5.987654920382065e-5,1.3995194603649853e-13,4.5157879719399964e-13,3.783866330734832e-6,-0.0005283659809276019,-0.0008732909472613389,1.4654325898431358e-5,-3.910714986100865e-7,-1.9108352245763277e-13,6.510135208707139e-9,2.9554057199501136e-13,-0.0010839692550514768,2.9103361419193223e-9,-1.6021549039791683e-8,5.577116438382716e-7,1.6522825913213358e-13,-7.369945009512609e-10,-7.3331858713841e-5,-2.7063200778822494e-7,-1.1053741239651464e-10,-2.1749799065393905e-10,1.4525733268838085e-5,-1.4635471029549634e-13,1.246763089700296e-12,3.782049157999044e-6,1.3837530722747035e-7,-6.057861466184648e-8,1.646721944321442e-7,0.005899125544088142,5.392826109081228e-12,3.7990242711361816e-8,-5.293757737170492e-15,-3.445138861726643e-13,-4.5493265354851163e-10,-1.6853896881156477e-14,-3.297001387611322e-7,0.0016077994311854032,-0.0029539586214748868,9.239144996288792e-11,-3.54152911528845e-10,-4.073695650401613e-12,8.647523020022343e-15,0.00012741095701961192,-1.6624258498499022e-9,-0.0066775772474552,2.598355620444019e-7,-8.33097003697469e-6,6.644542988304177e-5,-1.9432569917646466e-12,1.2600544731264963e-6,-6.720261234192442e-11,4.1573955526273736e-10,3.755037864462247e-12,-0.0029979402885170654,-8.263819860427945e-14,-4.188906517730395e-8,-6.289791622104146e-11,5.017057499236963e-14,-5.333181836383097e-14,-1.2792576539671823e-7,5.947967389036555e-8,-0.0022567166160440476,-0.001482845147020695,0.0009046005205553364,-3.322259903909907e-11,-0.003859841426168446,-9.151955266581919e-11,-2.052364342129394e-12,2.1289671339987997e-11,5.97472512925617e-15,1.0091800839008497e-9,-9.473245946109841e-14,-0.001959031614080129,1.761483297222025e-10,-2.1450636270287168e-11,4.646497467785169e-9,5.511902512505955e-13,-1.6200049605181756e-13,7.530639783897516e-14,-0.0014017473394656184,1.3082859881796076e-11,-6.303466048870308e-6,-3.513245935125051e-9,-4.069708132659223e-14,3.71687809545968e-7,-2.0693493460376073e-6,7.328631867482782e-10,0.0019115295896187149,-7.153363009348208e-10,5.378340077814993e-13,2.0378723260876154e-5,-1.387849104328332e-9,-2.1135660642908651e-7,1.3884792749397977e-12,6.646199191257936e-8,7.30004145632773e-15,0.00155878343775967,6.016052767897093e-8,1.7912081746045118e-11,2.1930712534319018e-5,2.5420474058957106e-13,6.88061763250926e-5,1.6328251455983992e-13,-2.8779685980485542e-12,8.307668450921257e-15,0.000126965953536628,1.0296514601848696e-6,-9.423054060354806e-8,-6.513025255304306e-8,2.1334959722811048e-14,-4.131443702456e-5,0.0006002597307639419,-1.322547712786359e-9,1.4498534374341346e-12,-0.0006999271770372865,2.1502566549180003e-8,6.30424003960099e-8,-1.2452938615529916e-10,7.159238393884748e-11,0.001637157989753381,0.0007064448867894601,7.152612599426677e-12,2.3783365660808186e-10,-3.861644928937207e-8,6.518443896219071e-5,-9.163233143835797e-9,-2.1219139042855323e-12,8.95491475468154e-8,8.708051534350544e-7,-1.725262410261142e-5,1.5483593472586943e-13,-3.475133058106205e-13,-1.1160625697732895e-10,1.5896638411911013e-11,2.7158652472084238e-11,-1.3615056666618496e-11,-0.0001554827406105395,0.0012072417465388483,-5.710937397531926e-15,-1.3646696840270019e-9,0.00023691236362235403
0.0,0.0,0.0,0.0,0.0,0.0,0.0,0.0,0.0,0.0,0.0,0.0,0.0,0.0,0.0,0.0,0.0,0.0,0.0,0.0,0.0,0.0,0.0,0.0,0.0,0.0,0.0,0.0,0.0,0.0,0.0,0.0,0.0,0.0,0.0,0.0,0.0,0.0,0.0,0.0,0.0,0.0,0.0,0.0,0.0,0.0,0.0,0.0,0.0,0.0,0.0,0.0,0.0,0.0,0.0,0.0,0.0,0.0,0.0,0.0,0.0,0.0,0.0,0.0,0.0,0.0,0.0,0.0,0.0,0.0,0.0,0.0,0.0,0.0,0.0,0.0,0.0,0.0,0.0,0.0,0.0,0.0,0.0,0.0,0.0,0.0,0.0,0.0,0.0,0.0,0.0,0.0,0.0,0.0,0.0,0.0,0.0,0.0,0.0,0.0,0.0,0.0,0.0,0.0,0.0,0.0,0.0,0.0,0.0,0.0,0.0,0.0,0.0,0.0,0.0,0.0,0.0,0.0,0.0,0.0,0.0,0.0,0.0,0.0,0.0,0.0,0.0,0.0,0.0,0.0,0.0,0.0,0.0,0.0,0.0,0.0,0.0,0.0,0.0,0.0,0.0,0.0,0.0,0.0,0.0,0.0,0.0,0.0,0.0,0.0,0.0,0.0,0.0,0.0,0.0,0.0,0.0,0.0,0.0,0.0,0.0,0.0,0.0,0.0,0.0,0.0,0.0,0.0,0.0,0.0,0.0,0.0,0.0,0.0,0.0,0.0,0.0,0.0,0.0,0.0,0.0,0.0,0.0,0.0,0.0,0.0,0.0,0.0,0.0,0.0,0.0,0.0,0.0,0.0,0.0,0.0,0.0,0.0,0.0,0.0,0.0,0.0,0.0,0.0,0.0,0.0,0.0,0.0,0.0,0.0,0.0,0.0,0.0,0.0,0.0,0.0,0.0,0.0,0.0,0.0,0.0,0.0,0.0,0.0,0.0,0.0,0.0,0.0,0.0,0.0,0.0,0.0,0.0,0.0,0.0,0.0,0.0,0.0,0.0,0.0,0.0,0.0,0.0,0.0,0.0,0.0,0.0,0.0,0.0,0.0,0.0,0.0,0.0,0.0,0.0,0.0,0.0,0.0,0.0,0.0,0.0,0.0,0.0,0.0,0.0,0.0,0.0,0.0,0.0,0.0,0.0,0.0,0.0,0.0,0.0,0.0,0.0,0.0,0.0,0.0,0.0,0.0,0.0,0.0,0.0,0.0,0.0,0.0,0.0,0.0,0.0,0.0,0.0,0.0,0.0,0.0,0.0,0.0,0.0,0.0,0.0,0.0,0.0,0.0,0.0,0.0,0.0,0.0,0.0,0.0,0.0,0.0,0.0,0.0,0.0,0.0,0.0,0.0,0.0,0.0,0.0,0.0,0.0,0.0,0.0,0.0,0.0,0.0,0.0,0.0,0.0,0.0,0.0,0.0,0.0,0.0,0.0,0.0,0.0,0.0,0.0,0.0,0.0,0.0,0.0,0.0,0.0,0.0,0.0,0.0,0.0,0.0,0.0,0.0,0.0,0.0,0.0,0.0,0.0,0.0,0.0,0.0,0.0,0.0,0.0,0.0,0.0,0.0,0.0,0.0,0.0,0.0,0.0,0.0,0.0,0.0,0.0,0.0,0.0,0.0,0.0,0.0,0.0,0.0,0.0,0.0,0.0,0.0,0.0,0.0,0.0,0.0,0.0,0.0,0.0,0.0,0.0,0.0,0.0,0.0,0.0,0.0,0.0,0.0,0.0,0.0,0.0,0.0,0.0,0.0,0.0,0.0,0.0,0.0,0.0,0.0,0.0,0.0,0.0,0.0,0.0,0.0,0.0,0.0,0.0,0.0,0.0,0.0,0.0,0.0,0.0,0.0,0.0,0.0,0.0,0.0,0.0,0.0,0.0,0.0,0.0,0.0,0.0,0.0,0.0,0.0,0.0,0.0,0.0,0.0,0.0,0.0,0.0,0.0,0.0,0.0,0.0,0.0,0.0,0.0,0.0,0.0,0.0,0.0,0.0,0.0,0.0,0.0,0.0,0.0,0.0,0.0,0.0,0.0,0.0,0.0,0.0,0.0,0.0,0.0,0.0,0.0,0.0,0.0,0.0,0.0,0.0,0.0,0.0,0.0,0.0,0.0,0.0,0.0,0.0,0.0,0.0,0.0,0.0,0.0,0.0,0.0,0.0,0.0,0.0,0.0,0.0,0.0,0.0,0.0,0.0,0.0,0.0,0.0,0.0,0.0,0.0,0.0,0.0,0.0,0.0,0.0,0.0,0.0,0.0,0.0,0.0,0.0,0.0,0.0,0.0,0.0,0.0,0.0,0.0,0.0,0.0,0.0,0.0,0.0,0.0,0.0,0.0,0.0,0.0,0.0,0.0,0.0,0.0,0.0,0.0,0.0,0.0,0.0,0.0,0.0,0.0,0.0,0.0,0.0,0.0,0.0,0.0,0.0,0.0,0.0,0.0,0.0,0.0,0.0,0.0,0.0,0.0,0.0,0.0,0.0,0.0,0.0,0.0,0.0,0.0,0.0,0.0,0.0,0.0,0.0,0.0,0.0,0.0,0.0,0.0,0.0,0.0,0.0,0.0,0.0,0.0,0.0,0.0,0.0,0.0,0.0,0.0,0.0,0.0,0.0,0.0,0.0,0.0,0.0,0.0,0.0,0.0,0.0,0.0,0.0,0.0,0.0,0.0,0.0,0.0,0.0,0.0,0.0,0.0,0.0,0.0,0.0,0.0,0.0,0.0,0.0,0.0,0.0,0.0,0.0,0.0,0.0,0.0,0.0,0.0,0.0,0.0,0.0,0.0,0.0,0.0,0.0,0.0,0.0,0.0,0.0,0.0,0.0,0.0,0.0,0.0,0.0,0.026646084789865635,1.955506869325951e-12,1.397545768876643e-11,-2.6870871112897923e-5,-0.002418661953045677,-0.009499908241267811,-0.00011951014235627998,-6.077589588358557e-7,8.751702270647226e-13,1.3076136992439633e-7,-5.0324263055999005e-12,0.0002658972308353464,-4.488901964575682e-9,-0.0001236763336833153,-1.0679565367896195e-5,5.472575833093232e-12,3.7175574677975765e-10,0.0006922541242228625,-1.3101478216632408e-5,3.684941729794235e-9,7.793173828097591e-9,-0.00025836445132181425,3.232939198745468e-12,3.8166903668889177e-11,-0.00019841045384593622,2.8806877759360633e-6,9.960378247900247e-7,-5.871791602971002e-6,0.001416300165394344,-1.6853207330905374e-10,5.129883610933841e-6,5.3092683485188257e-14,-1.4099338130372928e-12,4.832781853797214e-10,-1.36246116849662e-13,9.875423165420713e-7,-0.0023721918495829865,-0.00011940786804814582,-5.247981386067071e-10,1.1629379211802624e-8,-5.000587480063957e-11,-8.731336755442508e-14,-0.007482887428200927,1.4376204553424495e-7,-0.0007860905823721013,4.34652188745806e-6,-8.722145932534325e-5,0.0023103196538356288,1.4099195899777469e-11,-0.00047886061370116536,4.295986069896708e-10,-4.618125196581669e-9,-5.282524679038763e-11,-0.00010612368950915329,3.60297221662744e-12,4.7580925346862237e-7,6.74984993040489e-10,-3.234690717447021e-13,2.2615903265254334e-12,3.7722269205228005e-6,-2.0782818048555387e-7,0.00011259936948858886,-0.0001006212985217559,-4.85007563595996e-6,6.380338344544918e-10,-0.001279741859366866,3.1182952055966226e-10,1.5485600081749132e-11,-3.7567845560548864e-10,2.710942385072355e-14,-2.2727311803437335e-8,2.2396621683489495e-12,1.869292928114935e-5,6.760437871316889e-11,2.461006473932422e-10,-1.3280590480658517e-7,-8.963623920545246e-12,-9.078582533103094e-13,-1.8287625902187398e-12,-0.000304513108558353,2.997003666679023e-10,3.03895651785853e-7,3.20673811335108e-8,3.670331050423901e-13,6.8996862563062646e-6,0.00041155698178034055,-9.116071040345526e-9,0.0006120235361573693,1.9188432982922947e-8,-1.6377298667029363e-11,-8.031201679582572e-5,-1.2426625744573234e-6,2.9435266574085035e-6,-1.2400288775361596e-10,-1.6782825684941024e-6,-8.011362666020334e-14,-0.0049777331053800855,-1.6886944524335003e-6,-1.4339873906100998e-9,0.0001242060560804391,-8.983356329815244e-13,-0.00046694099580175795,7.883119104348169e-13,5.243029254947275e-11,-1.3286454537402072e-13,0.003106350660979347,-9.181885037931568e-6,-1.3386068232809086e-6,-5.85069022362973e-7,-4.395683195615246e-13,0.00012787888458428806,-0.005764677438649048,2.9576082428761423e-8,-3.783832195586407e-11,-0.0006763215943857563,1.0901189213476008e-6,-5.972343956544201e-7,1.1415902922851756e-9,5.962789144609038e-11,0.0022108149695267147,0.0003600815501792681,-1.05543335337762e-10,-2.275739756255305e-9,6.596446952465444e-7,0.0006407874999703855,1.0601928384405544e-7,8.097692810541377e-12,-7.574562638827643e-7,1.9017711478015935e-5,0.0002213835678320518,-1.2758237421790328e-12,1.989118906002097e-11,1.9344988254401607e-10,-2.756239385559362e-10,1.529852865726031e-11,-4.622803738294834e-11,-0.00895998582300338,-0.0003842806542449472,-2.8010464285276227e-13,-2.221944458477637e-8,2.1437713879055924e-5
0.0,0.0,0.0,0.0,0.0,0.0,0.0,0.0,0.0,0.0,0.0,0.0,0.0,0.0,0.0,0.0,0.0,0.0,0.0,0.0,0.0,0.0,0.0,0.0,0.0,0.0,0.0,0.0,0.0,0.0,0.0,0.0,0.0,0.0,0.0,0.0,0.0,0.0,0.0,0.0,0.0,0.0,0.0,0.0,0.0,0.0,0.0,0.0,0.0,0.0,0.0,0.0,0.0,0.0,0.0,0.0,0.0,0.0,0.0,0.0,0.0,0.0,0.0,0.0,0.0,0.0,0.0,0.0,0.0,0.0,0.0,0.0,0.0,0.0,0.0,0.0,0.0,0.0,0.0,0.0,0.0,0.0,0.0,0.0,0.0,0.0,0.0,0.0,0.0,0.0,0.0,0.0,0.0,0.0,0.0,0.0,0.0,0.0,0.0,0.0,0.0,0.0,0.0,0.0,0.0,0.0,0.0,0.0,0.0,0.0,0.0,0.0,0.0,0.0,0.0,0.0,0.0,0.0,0.0,0.0,0.0,0.0,0.0,0.0,0.0,0.0,0.0,0.0,0.0,0.0,0.0,0.0,0.0,0.0,0.0,0.0,0.0,0.0,0.0,0.0,0.0,0.0,0.0,0.0,0.0,0.0,0.0,0.0,0.0,0.0,0.0,0.0,0.0,0.0,0.0,0.0,0.0,0.0,0.0,0.0,0.0,0.0,0.0,0.0,0.0,0.0,0.0,0.0,0.0,0.0,0.0,0.0,0.0,0.0,0.0,0.0,0.0,0.0,0.0,0.0,0.0,0.0,0.0,0.0,0.0,0.0,0.0,0.0,0.0,0.0,0.0,0.0,0.0,0.0,0.0,0.0,0.0,0.0,0.0,0.0,0.0,0.0,0.0,0.0,0.0,0.0,0.0,0.0,0.0,0.0,0.0,0.0,0.0,0.0,0.0,0.0,0.0,0.0,0.0,0.0,0.0,0.0,0.0,0.0,0.0,0.0,0.0,0.0,0.0,0.0,0.0,0.0,0.0,0.0,0.0,0.0,0.0,0.0,0.0,0.0,0.0,0.0,0.0,0.0,0.0,0.0,0.0,0.0,0.0,0.0,0.0,0.0,0.0,0.0,0.0,0.0,0.0,0.0,0.0,0.0,0.0,0.0,0.0,0.0,0.0,0.0,0.0,0.0,0.0,0.0,0.0,0.0,0.0,0.0,0.0,0.0,0.0,0.0,0.0,0.0,0.0,0.0,0.0,0.0,0.0,0.0,0.0,0.0,0.0,0.0,0.0,0.0,0.0,0.0,0.0,0.0,0.0,0.0,0.0,0.0,0.0,0.0,0.0,0.0,0.0,0.0,0.0,0.0,0.0,0.0,0.0,0.0,0.0,0.0,0.0,0.0,0.0,0.0,0.0,0.0,0.0,0.0,0.0,0.0,0.0,0.0,0.0,0.0,0.0,0.0,0.0,0.0,0.0,0.0,0.0,0.0,0.0,0.0,0.0,0.0,0.0,0.0,0.0,0.0,0.0,0.0,0.0,0.0,0.0,0.0,0.0,0.0,0.0,0.0,0.0,0.0,0.0,0.0,0.0,0.0,0.0,0.0,0.0,0.0,0.0,0.0,0.0,0.0,0.0,0.0,0.0,0.0,0.0,0.0,0.0,0.0,0.0,0.0,0.0,0.0,0.0,0.0,0.0,0.0,0.0,0.0,0.0,0.0,0.0,0.0,0.0,0.0,0.0,0.0,0.0,0.0,0.0,0.0,0.0,0.0,0.0,0.0,0.0,0.0,0.0,0.0,0.0,0.0,0.0,0.0,0.0,0.0,0.0,0.0,0.0,0.0,0.0,0.0,0.0,0.0,0.0,0.0,0.0,0.0,0.0,0.0,0.0,0.0,0.0,0.0,0.0,0.0,0.0,0.0,0.0,0.0,0.0,0.0,0.0,0.0,0.0,0.0,0.0,0.0,0.0,0.0,0.0,0.0,0.0,0.0,0.0,0.0,0.0,0.0,0.0,0.0,0.0,0.0,0.0,0.0,0.0,0.0,0.0,0.0,0.0,0.0,0.0,0.0,0.0,0.0,0.0,0.0,0.0,0.0,0.0,0.0,0.0,0.0,0.0,0.0,0.0,0.0,0.0,0.0,0.0,0.0,0.0,0.0,0.0,0.0,0.0,0.0,0.0,0.0,0.0,0.0,0.0,0.0,0.0,0.0,0.0,0.0,0.0,0.0,0.0,0.0,0.0,0.0,0.0,0.0,0.0,0.0,0.0,0.0,0.0,0.0,0.0,0.0,0.0,0.0,0.0,0.0,0.0,0.0,0.0,0.0,0.0,0.0,0.0,0.0,0.0,0.0,0.0,0.0,0.0,0.0,0.0,0.0,0.0,0.0,0.0,0.0,0.0,0.0,0.0,0.0,0.0,0.0,0.0,0.0,0.0,0.0,0.0,0.0,0.0,0.0,0.0,0.0,0.0,0.0,0.0,0.0,0.0,0.0,0.0,0.0,0.0,0.0,0.0,0.0,0.0,0.0,0.0,0.0,0.0,0.0,0.0,0.0,0.0,0.0,0.0,0.0,0.0,0.0,0.0,0.0,0.0,0.0,0.0,0.0,0.0,0.0,0.0,0.0,0.0,0.0,0.0,0.0,0.0,0.0,0.0,0.0,0.0,0.0,0.0,0.0,0.0,0.0,0.0,0.0,0.0,0.0,0.0,0.0,0.0,0.0,0.0,0.0,0.0,0.0,0.0,0.0,0.0,0.0,0.0,0.0,0.0,0.0,0.0,0.0,0.0,0.0,0.0,0.0,0.0,0.0,0.0,0.0,0.0,0.0,0.0,0.0,0.0,0.0,0.0,0.0,0.0,0.0,0.0,0.0,0.0,0.0,0.0,0.0,0.0,0.0,0.0,0.0,0.0,0.019682991002589655,0.002791060488800942,9.454620959053102e-10,-9.721767898509749e-13,-3.664016518390022e-12,-5.446838505118021e-10,4.683236678815065e-8,0.001349480933664422,-2.7653843940050106e-8,-0.001181692216917696,-8.045391675502965e-15,1.4513670514033389e-6,5.271808481304728e-11,-2.394771206883041e-8,0.0005693763098713212,-3.6871414655988423e-6,2.2717725552347565e-11,9.620433745712555e-9,2.125923887089739e-6,1.6815159479320709e-6,-5.7638223484061153e-11,0.0002458983945868689,-0.0006379073267947256,-9.568824842642744e-11,-5.30803000910312e-9,5.311163794965216e-8,-6.264615148430829e-9,3.259731817874542e-13,8.686362572935297e-5,1.5873256732031395e-8,5.7110151560925547e-5,0.0039949509394614285,-1.090330547932517e-5,-0.0020933901902459267,8.364054482444951e-9,3.425385502104824e-12,-1.434281642206908e-13,5.6119409517890026e-5,1.4346078777585349e-5,0.000104664407348612,9.06197059471819e-5,2.755594974382543e-12,-1.859198320697689e-7,-4.9841973726262947e-14,6.793477214530472e-10,3.06372173886206e-10,-8.460633715126051e-13,-0.0007821879386988362,-2.418820930394866e-10,4.0935968939419144e-5,1.9353270314249353e-5,-0.0004421042494595859,2.6768895335539216e-13,-0.0019874079983813395,-2.2452488506007336e-8,-6.133106477130566e-6,-1.642318156975692e-5,0.003904757824381982,5.8361091706738246e-8,2.2355621304422626e-8,-2.532709532502112e-13,7.577084444190476e-14,2.642378392151186e-14,-5.0645210306975604e-5,-5.739122990446608e-13,1.8524502909102726e-6,0.0008728397330010422,8.797526760139352e-5,-0.00021978019857761213,-1.98807050429051e-6,-0.0005784932451788631,2.2232991526527393e-14,1.4804605873284183e-6,3.316336579417713e-5,-7.306918070281518e-7,-0.0033886213549673637,-0.004105247775216987,-0.0003462592388157022,-1.6288823810249241e-15,0.00011039166366238864,2.915486147206487e-10,-8.911369408572756e-9,-0.0005762078881160173,3.358787844398327e-9,-1.5162722607181835e-11,-5.727111751105113e-6,2.976804168842449e-13,3.969262992094111e-6,-0.0005268065373933943,-1.7013471014691824e-10,-8.575513643679743e-8,-2.1401396002667206e-8,-0.0005203317423640762,6.172941436689522e-8,9.127576775070959e-5,-3.5875207845051705e-12,5.6509445084808465e-8,-1.9682191107756172e-5,3.198129934932594e-10,0.007007083786235713,-6.463601800161474e-12,-0.0005897885240353587,-0.0019373071830266731,-4.072233269314848e-5,2.4842595313048864e-12,-2.1231947071020953e-10,7.923617773203608e-10,-4.685333268925802e-8,3.3764704864884624e-6,-2.88589444081135e-11,1.0721069155989839e-11,1.0579287823311538e-6,-0.00032720300230154234,2.3762227911430114e-12,-2.3735063423434663e-8,-4.8141573012116755e-8,2.5512848423329532e-5,4.05657276915556e-5,1.85717656241391e-12,1.5499531618418492e-13,-0.0013975642050618104,-2.050283955509572e-5,2.8322652170437e-7,-5.886929470977987e-11,-5.157260969767103e-7,0.00013698826760805304,-1.3348249833865336e-7,-8.482466481808867e-10,-1.0935272636030103e-10,0.00336704114580156,0.0010769282655359173,-1.0068402426834829e-5,2.5639069479488877e-5,-3.010906463026674e-5,2.1911530370390825e-5,4.9581191766367576e-12,6.095411486998242e-13,-0.0010440017605088008,-4.977047640809039e-6,-9.06336764644843e-15
0.0,0.0,0.0,0.0,0.0,0.0,0.0,0.0,0.0,0.0,0.0,0.0,0.0,0.0,0.0,0.0,0.0,0.0,0.0,0.0,0.0,0.0,0.0,0.0,0.0,0.0,0.0,0.0,0.0,0.0,0.0,0.0,0.0,0.0,0.0,0.0,0.0,0.0,0.0,0.0,0.0,0.0,0.0,0.0,0.0,0.0,0.0,0.0,0.0,0.0,0.0,0.0,0.0,0.0,0.0,0.0,0.0,0.0,0.0,0.0,0.0,0.0,0.0,0.0,0.0,0.0,0.0,0.0,0.0,0.0,0.0,0.0,0.0,0.0,0.0,0.0,0.0,0.0,0.0,0.0,0.0,0.0,0.0,0.0,0.0,0.0,0.0,0.0,0.0,0.0,0.0,0.0,0.0,0.0,0.0,0.0,0.0,0.0,0.0,0.0,0.0,0.0,0.0,0.0,0.0,0.0,0.0,0.0,0.0,0.0,0.0,0.0,0.0,0.0,0.0,0.0,0.0,0.0,0.0,0.0,0.0,0.0,0.0,0.0,0.0,0.0,0.0,0.0,0.0,0.0,0.0,0.0,0.0,0.0,0.0,0.0,0.0,0.0,0.0,0.0,0.0,0.0,0.0,0.0,0.0,0.0,0.0,0.0,0.0,0.0,0.0,0.0,0.0,0.0,0.0,0.0,0.0,0.0,0.0,0.0,0.0,0.0,0.0,0.0,0.0,0.0,0.0,0.0,0.0,0.0,0.0,0.0,0.0,0.0,0.0,0.0,0.0,0.0,0.0,0.0,0.0,0.0,0.0,0.0,0.0,0.0,0.0,0.0,0.0,0.0,0.0,0.0,0.0,0.0,0.0,0.0,0.0,0.0,0.0,0.0,0.0,0.0,0.0,0.0,0.0,0.0,0.0,0.0,0.0,0.0,0.0,0.0,0.0,0.0,0.0,0.0,0.0,0.0,0.0,0.0,0.0,0.0,0.0,0.0,0.0,0.0,0.0,0.0,0.0,0.0,0.0,0.0,0.0,0.0,0.0,0.0,0.0,0.0,0.0,0.0,0.0,0.0,0.0,0.0,0.0,0.0,0.0,0.0,0.0,0.0,0.0,0.0,0.0,0.0,0.0,0.0,0.0,0.0,0.0,0.0,0.0,0.0,0.0,0.0,0.0,0.0,0.0,0.0,0.0,0.0,0.0,0.0,0.0,0.0,0.0,0.0,0.0,0.0,0.0,0.0,0.0,0.0,0.0,0.0,0.0,0.0,0.0,0.0,0.0,0.0,0.0,0.0,0.0,0.0,0.0,0.0,0.0,0.0,0.0,0.0,0.0,0.0,0.0,0.0,0.0,0.0,0.0,0.0,0.0,0.0,0.0,0.0,0.0,0.0,0.0,0.0,0.0,0.0,0.0,0.0,0.0,0.0,0.0,0.0,0.0,0.0,0.0,0.0,0.0,0.0,0.0,0.0,0.0,0.0,0.0,0.0,0.0,0.0,0.0,0.0,0.0,0.0,0.0,0.0,0.0,0.0,0.0,0.0,0.0,0.0,0.0,0.0,0.0,0.0,0.0,0.0,0.0,0.0,0.0,0.0,0.0,0.0,0.0,0.0,0.0,0.0,0.0,0.0,0.0,0.0,0.0,0.0,0.0,0.0,0.0,0.0,0.0,0.0,0.0,0.0,0.0,0.0,0.0,0.0,0.0,0.0,0.0,0.0,0.0,0.0,0.0,0.0,0.0,0.0,0.0,0.0,0.0,0.0,0.0,0.0,0.0,0.0,0.0,0.0,0.0,0.0,0.0,0.0,0.0,0.0,0.0,0.0,0.0,0.0,0.0,0.0,0.0,0.0,0.0,0.0,0.0,0.0,0.0,0.0,0.0,0.0,0.0,0.0,0.0,0.0,0.0,0.0,0.0,0.0,0.0,0.0,0.0,0.0,0.0,0.0,0.0,0.0,0.0,0.0,0.0,0.0,0.0,0.0,0.0,0.0,0.0,0.0,0.0,0.0,0.0,0.0,0.0,0.0,0.0,0.0,0.0,0.0,0.0,0.0,0.0,0.0,0.0,0.0,0.0,0.0,0.0,0.0,0.0,0.0,0.0,0.0,0.0,0.0,0.0,0.0,0.0,0.0,0.0,0.0,0.0,0.0,0.0,0.0,0.0,0.0,0.0,0.0,0.0,0.0,0.0,0.0,0.0,0.0,0.0,0.0,0.0,0.0,0.0,0.0,0.0,0.0,0.0,0.0,0.0,0.0,0.0,0.0,0.0,0.0,0.0,0.0,0.0,0.0,0.0,0.0,0.0,0.0,0.0,0.0,0.0,0.0,0.0,0.0,0.0,0.0,0.0,0.0,0.0,0.0,0.0,0.0,0.0,0.0,0.0,0.0,0.0,0.0,0.0,0.0,0.0,0.0,0.0,0.0,0.0,0.0,0.0,0.0,0.0,0.0,0.0,0.0,0.0,0.0,0.0,0.0,0.0,0.0,0.0,0.0,0.0,0.0,0.0,0.0,0.0,0.0,0.0,0.0,0.0,0.0,0.0,0.0,0.0,0.0,0.0,0.0,0.0,0.0,0.0,0.0,0.0,0.0,0.0,0.0,0.0,0.0,0.0,0.0,0.0,0.0,0.0,0.0,0.0,0.0,0.0,0.0,0.0,0.0,0.0,0.0,0.0,0.0,0.0,0.0,0.0,0.0,0.0,0.0,0.0,0.0,0.0,0.0,0.0,0.0,0.0,0.0,0.0,0.0,0.0,0.0,0.0,0.0,0.0,0.0,0.0,0.0,0.0,0.0,0.0,0.0,0.0,0.0,0.0,0.0,0.0,0.0,0.0,0.0,0.0,0.0,0.0,0.0,0.0,0.0,0.0,0.0,0.0,0.0,0.0,0.0,0.0,0.0,0.0,0.0,0.0,0.0,0.03061725336671316,3.971135841175589e-10,-4.17557921202131e-12,-1.652108658533879e-11,1.6137633111353495e-9,1.845021333481779e-7,0.0018682783264259782,-2.8976404300230766e-7,-0.0024181040348663263,1.1327758991548862e-12,3.900286014283436e-6,-6.19222766090735e-10,-8.228485955265984e-9,0.005833057863184332,4.006603306712658e-6,-4.3090511866155593e-11,8.043277065505175e-8,4.817523069931977e-5,-1.1145531557223675e-5,-1.648978926660727e-10,0.003093794393961203,-0.0013847691476403371,-4.088128161846349e-10,-1.6650790327666432e-7,3.49263454291106e-7,5.750952771576827e-9,-5.481895162901527e-14,-6.35685375596968e-5,-4.9700547487300815e-8,-6.913927357816102e-5,-0.014422892822325556,-1.2766896706822532e-5,-0.0015564055896226422,3.149030521328086e-8,3.916783975045057e-12,-5.749698056910085e-14,-8.521425038942666e-5,-1.9606705172461414e-5,-0.00039843093641114423,-8.297938111744828e-6,-6.930034517626154e-12,-2.8954620047898712e-6,-3.1871038239769e-12,-8.611320001433533e-9,2.060726751987871e-9,1.949209415752118e-11,0.0027764088933711173,-9.728623643502113e-10,0.00026500534180272747,-1.0959273567693743e-5,0.0038867058246638574,2.04587055235095e-13,0.00023218347522112635,-1.4189262628090377e-6,-3.9969542836916744e-5,-0.00019076163889316796,0.0011010165673455187,1.6063428402589756e-7,5.352587217231888e-8,-4.696223657520963e-13,2.1117652895907769e-13,-1.7444266312374357e-13,0.00036083443753068744,-6.293244733647928e-12,-8.534187590270252e-6,-0.0019113705651267925,-0.00029709013784199576,8.083602328729212e-5,-4.2377903363914326e-6,0.0060670255398808,1.3666649032429322e-13,-0.00013872683838291898,0.0012281238476797292,-4.40764529654615e-6,0.0034944134520789234,-0.0029143872940078958,0.0017487457180166749,1.1945587046813584e-12,-0.00016529131785160558,7.162940833811919e-10,-1.4464814121296769e-6,-4.1746253169664306e-5,9.561277888832949e-9,8.337173114424193e-12,-4.599377954850067e-5,5.358160155097309e-13,-2.845531965292661e-5,-0.009295776634586295,-6.81244498446181e-11,2.241920146093133e-7,-5.6607530453328866e-8,-0.0009901816108854604,1.297001990017765e-7,-2.0209347153529155e-5,-7.425775963431409e-13,1.7638596156421428e-7,9.932873694592817e-5,-1.3023657824173817e-10,0.0022221272699426402,-1.402383738533726e-13,0.002896111016425727,0.0035389060223302046,-9.283873957046913e-6,1.0537524319092797e-10,6.373971853684517e-10,1.0472420735080009e-7,-1.624491857477567e-7,-0.00014164551243288896,-3.1479079948155344e-10,3.271917632792273e-11,-5.48777551272936e-6,0.00041048472257585047,1.8652652598521093e-11,-4.594793382654398e-8,-8.379020361444488e-8,2.4411318708187666e-5,-3.1167357284671434e-5,1.0455087383182542e-11,-7.204456732041711e-13,0.0018225836440835589,-1.92827269266558e-5,7.34910830875203e-7,-2.4912180206362624e-11,3.8779468330659956e-7,-0.0013737255497704864,-3.8896592273939766e-7,-2.635187425662761e-9,-4.85011329437093e-9,-0.001777805534983115,0.002611207153569768,0.00012941958317381572,-0.0004091992027635949,-0.0003737972418049789,2.0266724705034614e-6,1.4154171780475907e-12,-1.7141720426452976e-12,0.00020677750570421242,-1.0367862285600788e-5,-5.68226296442421e-13
0.0,0.0,0.0,0.0,0.0,0.0,0.0,0.0,0.0,0.0,0.0,0.0,0.0,0.0,0.0,0.0,0.0,0.0,0.0,0.0,0.0,0.0,0.0,0.0,0.0,0.0,0.0,0.0,0.0,0.0,0.0,0.0,0.0,0.0,0.0,0.0,0.0,0.0,0.0,0.0,0.0,0.0,0.0,0.0,0.0,0.0,0.0,0.0,0.0,0.0,0.0,0.0,0.0,0.0,0.0,0.0,0.0,0.0,0.0,0.0,0.0,0.0,0.0,0.0,0.0,0.0,0.0,0.0,0.0,0.0,0.0,0.0,0.0,0.0,0.0,0.0,0.0,0.0,0.0,0.0,0.0,0.0,0.0,0.0,0.0,0.0,0.0,0.0,0.0,0.0,0.0,0.0,0.0,0.0,0.0,0.0,0.0,0.0,0.0,0.0,0.0,0.0,0.0,0.0,0.0,0.0,0.0,0.0,0.0,0.0,0.0,0.0,0.0,0.0,0.0,0.0,0.0,0.0,0.0,0.0,0.0,0.0,0.0,0.0,0.0,0.0,0.0,0.0,0.0,0.0,0.0,0.0,0.0,0.0,0.0,0.0,0.0,0.0,0.0,0.0,0.0,0.0,0.0,0.0,0.0,0.0,0.0,0.0,0.0,0.0,0.0,0.0,0.0,0.0,0.0,0.0,0.0,0.0,0.0,0.0,0.0,0.0,0.0,0.0,0.0,0.0,0.0,0.0,0.0,0.0,0.0,0.0,0.0,0.0,0.0,0.0,0.0,0.0,0.0,0.0,0.0,0.0,0.0,0.0,0.0,0.0,0.0,0.0,0.0,0.0,0.0,0.0,0.0,0.0,0.0,0.0,0.0,0.0,0.0,0.0,0.0,0.0,0.0,0.0,0.0,0.0,0.0,0.0,0.0,0.0,0.0,0.0,0.0,0.0,0.0,0.0,0.0,0.0,0.0,0.0,0.0,0.0,0.0,0.0,0.0,0.0,0.0,0.0,0.0,0.0,0.0,0.0,0.0,0.0,0.0,0.0,0.0,0.0,0.0,0.0,0.0,0.0,0.0,0.0,0.0,0.0,0.0,0.0,0.0,0.0,0.0,0.0,0.0,0.0,0.0,0.0,0.0,0.0,0.0,0.0,0.0,0.0,0.0,0.0,0.0,0.0,0.0,0.0,0.0,0.0,0.0,0.0,0.0,0.0,0.0,0.0,0.0,0.0,0.0,0.0,0.0,0.0,0.0,0.0,0.0,0.0,0.0,0.0,0.0,0.0,0.0,0.0,0.0,0.0,0.0,0.0,0.0,0.0,0.0,0.0,0.0,0.0,0.0,0.0,0.0,0.0,0.0,0.0,0.0,0.0,0.0,0.0,0.0,0.0,0.0,0.0,0.0,0.0,0.0,0.0,0.0,0.0,0.0,0.0,0.0,0.0,0.0,0.0,0.0,0.0,0.0,0.0,0.0,0.0,0.0,0.0,0.0,0.0,0.0,0.0,0.0,0.0,0.0,0.0,0.0,0.0,0.0,0.0,0.0,0.0,0.0,0.0,0.0,0.0,0.0,0.0,0.0,0.0,0.0,0.0,0.0,0.0,0.0,0.0,0.0,0.0,0.0,0.0,0.0,0.0,0.0,0.0,0.0,0.0,0.0,0.0,0.0,0.0,0.0,0.0,0.0,0.0,0.0,0.0,0.0,0.0,0.0,0.0,0.0,0.0,0.0,0.0,0.0,0.0,0.0,0.0,0.0,0.0,0.0,0.0,0.0,0.0,0.0,0.0,0.0,0.0,0.0,0.0,0.0,0.0,0.0,0.0,0.0,0.0,0.0,0.0,0.0,0.0,0.0,0.0,0.0,0.0,0.0,0.0,0.0,0.0,0.0,0.0,0.0,0.0,0.0,0.0,0.0,0.0,0.0,0.0,0.0,0.0,0.0,0.0,0.0,0.0,0.0,0.0,0.0,0.0,0.0,0.0,0.0,0.0,0.0,0.0,0.0,0.0,0.0,0.0,0.0,0.0,0.0,0.0,0.0,0.0,0.0,0.0,0.0,0.0,0.0,0.0,0.0,0.0,0.0,0.0,0.0,0.0,0.0,0.0,0.0,0.0,0.0,0.0,0.0,0.0,0.0,0.0,0.0,0.0,0.0,0.0,0.0,0.0,0.0,0.0,0.0,0.0,0.0,0.0,0.0,0.0,0.0,0.0,0.0,0.0,0.0,0.0,0.0,0.0,0.0,0.0,0.0,0.0,0.0,0.0,0.0,0.0,0.0,0.0,0.0,0.0,0.0,0.0,0.0,0.0,0.0,0.0,0.0,0.0,0.0,0.0,0.0,0.0,0.0,0.0,0.0,0.0,0.0,0.0,0.0,0.0,0.0,0.0,0.0,0.0,0.0,0.0,0.0,0.0,0.0,0.0,0.0,0.0,0.0,0.0,0.0,0.0,0.0,0.0,0.0,0.0,0.0,0.0,0.0,0.0,0.0,0.0,0.0,0.0,0.0,0.0,0.0,0.0,0.0,0.0,0.0,0.0,0.0,0.0,0.0,0.0,0.0,0.0,0.0,0.0,0.0,0.0,0.0,0.0,0.0,0.0,0.0,0.0,0.0,0.0,0.0,0.0,0.0,0.0,0.0,0.0,0.0,0.0,0.0,0.0,0.0,0.0,0.0,0.0,0.0,0.0,0.0,0.0,0.0,0.0,0.0,0.0,0.0,0.0,0.0,0.0,0.0,0.0,0.0,0.0,0.0,0.0,0.0,0.0,0.0,0.0,0.0,0.0,0.0,0.0,0.0,0.0,0.0,0.0,0.0,0.0,0.0,0.0,0.0,0.0,0.0,0.0,0.0,0.0,0.0,0.0,0.0,0.0,0.0,0.0,0.0,0.0,0.0,0.0,0.0,0.0,0.0,0.0,0.0,0.021188244112791094,-2.8864547049957678e-5,-6.912955964376888e-5,-0.0022696168300650153,-9.790116674922628e-5,-8.224141418014182e-11,1.718279832309778e-5,-5.1634379877567985e-11,-4.78108272214132e-6,9.165410976569506e-6,-0.00498390489206588,-0.0005354637950946481,6.915695121962428e-10,-6.57046695041327e-6,-0.0001069198569812375,-0.0011754008541365747,-2.5418730877677644e-7,-2.726612859931919e-6,-0.00044165083391288794,-4.98966835905315e-10,-2.232995994389678e-9,0.003931592408803945,-0.0007934378505322159,-0.00021002108237672218,0.000877540801816654,-9.110467388245757e-6,-2.9323799340911098e-8,-1.1901049845196448e-5,-1.1444523736579995e-11,-4.879100094737077e-11,-2.582657722034251e-6,2.4280035066045185e-10,0.000577954264645962,3.907227414550506e-5,-1.573777795743391e-6,2.697379138072372e-8,2.329144951500248e-6,4.302230867823696e-9,2.198413645790112e-11,0.0001879115419561898,-8.113535762995839e-6,-1.3345503449908947e-6,0.005103293333472661,0.0012929064312853127,-2.1225233359472463e-5,-3.9298976532366527e-10,0.004161137399087956,-7.811638823665712e-8,1.6257369681980554e-6,-3.1976533339310304e-9,3.566178505828783e-6,1.2180187946831786e-10,-9.71408207611733e-5,5.717709840487405e-8,8.268390337638847e-11,-1.1540482782253555e-10,-0.0004638367563463241,-5.758403644284782e-5,-4.577158534866363e-6,4.1581806703398974e-7,1.4168974336419102e-6,5.189214102067008e-8,-1.4024926062343837e-6,-2.712588550500639e-7,-1.3921975188077624e-9,5.9242559231054857e-8,-1.0182393135079102e-11,-9.656777632740304e-6,7.722419229767594e-11,1.5419094503238532e-7,-2.0949450615595427e-7,5.663122540436353e-8,1.3690814465354603e-5,4.1779569975731293e-10,4.5135147402511936e-11,-1.2182954543531404e-9,-4.2624224021844065e-6,6.309560625213182e-8,0.0016895716644935621,5.333000187571373e-6,-3.363896655855345e-11,-0.004951748243567754,-0.0003882590856925982,1.531149272475039e-6,1.9915597664820342e-6,-1.2520787371854666e-6,-1.8069133452978266e-9,-0.0013466303337721763,-0.0001794707067522598,0.001066052014165859,1.8216839494027538e-8,0.00022305102768487521,4.477854910251871e-12,-4.185044751148083e-5,0.00023759031873227143,-6.88765436458043e-7,0.006037832697076909,-2.467089435383649e-10,9.817332564217787e-6,1.0406434324308334e-9,-4.288575583392917e-9,2.089295168365992e-11,-0.00035015678123154757,-0.006447698104478253,-8.90941485978231e-6,3.613862002897981e-5,6.650737505970661e-11,-0.0010915252600132883,8.33656431283264e-5,-7.0238514250012384e-6,-6.59519833622406e-9,2.165977876417019e-5,4.983850697203858e-5,6.837947359168598e-6,5.815856311482468e-8,2.9856091830749127e-7,2.5888858228855997e-5,4.061654551800718e-6,1.2238285439467598e-8,1.2089004511951474e-8,-3.562381024939024e-5,-3.16673168316565e-5,-8.445503823466865e-5,5.715235259106052e-10,-6.0010535466227236e-5,-0.0043272748793735175,7.590550389663034e-5,4.5326534794712316e-10,4.072334065138513e-9,-2.198275422151216e-7,-8.707257268032416e-8,-3.5182927993336446e-8,-5.89978659081012e-9,3.835088368798526e-5,1.8386714543023766e-5,-1.4155331232198253e-11,-4.8765861450424135e-6,9.232514687680863e-7
0.0,0.0,0.0,0.0,0.0,0.0,0.0,0.0,0.0,0.0,0.0,0.0,0.0,0.0,0.0,0.0,0.0,0.0,0.0,0.0,0.0,0.0,0.0,0.0,0.0,0.0,0.0,0.0,0.0,0.0,0.0,0.0,0.0,0.0,0.0,0.0,0.0,0.0,0.0,0.0,0.0,0.0,0.0,0.0,0.0,0.0,0.0,0.0,0.0,0.0,0.0,0.0,0.0,0.0,0.0,0.0,0.0,0.0,0.0,0.0,0.0,0.0,0.0,0.0,0.0,0.0,0.0,0.0,0.0,0.0,0.0,0.0,0.0,0.0,0.0,0.0,0.0,0.0,0.0,0.0,0.0,0.0,0.0,0.0,0.0,0.0,0.0,0.0,0.0,0.0,0.0,0.0,0.0,0.0,0.0,0.0,0.0,0.0,0.0,0.0,0.0,0.0,0.0,0.0,0.0,0.0,0.0,0.0,0.0,0.0,0.0,0.0,0.0,0.0,0.0,0.0,0.0,0.0,0.0,0.0,0.0,0.0,0.0,0.0,0.0,0.0,0.0,0.0,0.0,0.0,0.0,0.0,0.0,0.0,0.0,0.0,0.0,0.0,0.0,0.0,0.0,0.0,0.0,0.0,0.0,0.0,0.0,0.0,0.0,0.0,0.0,0.0,0.0,0.0,0.0,0.0,0.0,0.0,0.0,0.0,0.0,0.0,0.0,0.0,0.0,0.0,0.0,0.0,0.0,0.0,0.0,0.0,0.0,0.0,0.0,0.0,0.0,0.0,0.0,0.0,0.0,0.0,0.0,0.0,0.0,0.0,0.0,0.0,0.0,0.0,0.0,0.0,0.0,0.0,0.0,0.0,0.0,0.0,0.0,0.0,0.0,0.0,0.0,0.0,0.0,0.0,0.0,0.0,0.0,0.0,0.0,0.0,0.0,0.0,0.0,0.0,0.0,0.0,0.0,0.0,0.0,0.0,0.0,0.0,0.0,0.0,0.0,0.0,0.0,0.0,0.0,0.0,0.0,0.0,0.0,0.0,0.0,0.0,0.0,0.0,0.0,0.0,0.0,0.0,0.0,0.0,0.0,0.0,0.0,0.0,0.0,0.0,0.0,0.0,0.0,0.0,0.0,0.0,0.0,0.0,0.0,0.0,0.0,0.0,0.0,0.0,0.0,0.0,0.0,0.0,0.0,0.0,0.0,0.0,0.0,0.0,0.0,0.0,0.0,0.0,0.0,0.0,0.0,0.0,0.0,0.0,0.0,0.0,0.0,0.0,0.0,0.0,0.0,0.0,0.0,0.0,0.0,0.0,0.0,0.0,0.0,0.0,0.0,0.0,0.0,0.0,0.0,0.0,0.0,0.0,0.0,0.0,0.0,0.0,0.0,0.0,0.0,0.0,0.0,0.0,0.0,0.0,0.0,0.0,0.0,0.0,0.0,0.0,0.0,0.0,0.0,0.0,0.0,0.0,0.0,0.0,0.0,0.0,0.0,0.0,0.0,0.0,0.0,0.0,0.0,0.0,0.0,0.0,0.0,0.0,0.0,0.0,0.0,0.0,0.0,0.0,0.0,0.0,0.0,0.0,0.0,0.0,0.0,0.0,0.0,0.0,0.0,0.0,0.0,0.0,0.0,0.0,0.0,0.0,0.0,0.0,0.0,0.0,0.0,0.0,0.0,0.0,0.0,0.0,0.0,0.0,0.0,0.0,0.0,0.0,0.0,0.0,0.0,0.0,0.0,0.0,0.0,0.0,0.0,0.0,0.0,0.0,0.0,0.0,0.0,0.0,0.0,0.0,0.0,0.0,0.0,0.0,0.0,0.0,0.0,0.0,0.0,0.0,0.0,0.0,0.0,0.0,0.0,0.0,0.0,0.0,0.0,0.0,0.0,0.0,0.0,0.0,0.0,0.0,0.0,0.0,0.0,0.0,0.0,0.0,0.0,0.0,0.0,0.0,0.0,0.0,0.0,0.0,0.0,0.0,0.0,0.0,0.0,0.0,0.0,0.0,0.0,0.0,0.0,0.0,0.0,0.0,0.0,0.0,0.0,0.0,0.0,0.0,0.0,0.0,0.0,0.0,0.0,0.0,0.0,0.0,0.0,0.0,0.0,0.0,0.0,0.0,0.0,0.0,0.0,0.0,0.0,0.0,0.0,0.0,0.0,0.0,0.0,0.0,0.0,0.0,0.0,0.0,0.0,0.0,0.0,0.0,0.0,0.0,0.0,0.0,0.0,0.0,0.0,0.0,0.0,0.0,0.0,0.0,0.0,0.0,0.0,0.0,0.0,0.0,0.0,0.0,0.0,0.0,0.0,0.0,0.0,0.0,0.0,0.0,0.0,0.0,0.0,0.0,0.0,0.0,0.0,0.0,0.0,0.0,0.0,0.0,0.0,0.0,0.0,0.0,0.0,0.0,0.0,0.0,0.0,0.0,0.0,0.0,0.0,0.0,0.0,0.0,0.0,0.0,0.0,0.0,0.0,0.0,0.0,0.0,0.0,0.0,0.0,0.0,0.0,0.0,0.0,0.0,0.0,0.0,0.0,0.0,0.0,0.0,0.0,0.0,0.0,0.0,0.0,0.0,0.0,0.0,0.0,0.0,0.0,0.0,0.0,0.0,0.0,0.0,0.0,0.0,0.0,0.0,0.0,0.0,0.0,0.0,0.0,0.0,0.0,0.0,0.0,0.0,0.0,0.0,0.0,0.0,0.0,0.0,0.0,0.0,0.0,0.0,0.0,0.0,0.0,0.0,0.0,0.0,0.0,0.0,0.0,0.0,0.0,0.0,0.0,0.0,0.0,0.0,0.0,0.0,0.0,0.0,0.0,0.0,0.0,0.0,0.0,0.0,0.0,0.0,0.0,0.0,0.0,0.0,0.0,0.0,0.0,0.0,0.0,0.0,0.0,0.0,0.0,0.0,0.021531510016588637,0.006435529599641898,-8.284813856956266e-6,1.3090502720814171e-6,3.745344779964958e-12,-6.547169819773216e-8,-2.7106893945245326e-12,0.0026027545928448154,-7.795576781233614e-9,4.5011738426465075e-5,-1.0540604582554841e-6,1.104227573707967e-12,3.6187651655727975e-9,-0.00017883684146711436,-1.0047882559221406e-6,8.796113103912585e-10,5.172436693983218e-9,0.000701630772614454,1.6119863371115684e-12,-1.1034909172818233e-11,3.362392697662971e-5,-4.306296531694003e-8,-2.409093727963887e-7,-1.0941339727973627e-6,-0.0012197632566967817,-2.1882601779344072e-10,8.491862907092856e-7,4.652680194537479e-14,1.461833646772178e-12,1.9753604767306255e-9,-6.289249243279491e-15,4.4074277786436227e-7,0.001055556292137133,-0.0010323014226776472,-3.247422219988584e-10,3.1168327646718356e-9,-3.900556076757578e-11,-4.958266546818175e-14,-0.0007337685533323742,4.8040598225007365e-8,0.0017800931285309708,3.423530849109919e-6,-5.09822864090632e-5,-0.00359715138850929,1.1419100550143453e-11,-9.99696352254046e-5,2.524375105092216e-10,-9.973049348212984e-10,-3.3862777610778015e-11,0.0003108179470145428,7.798706849181143e-13,1.1369596883734503e-7,5.886520188822588e-10,-3.1763567982994286e-13,9.287166272999987e-13,-6.213067085376498e-7,-7.195980772221678e-8,0.0015316539407489705,0.00013480375291521365,-0.0008846232514989398,2.8190608452731725e-10,0.00023147288215763444,2.2037920746836795e-10,-2.2640230898347375e-12,-7.010488359323688e-11,-1.3237235211032877e-13,-2.4018789820481228e-8,-4.134572046984644e-13,-0.0002833308824741703,-1.8175248338601349e-9,1.3175775573421686e-10,-9.632391883249661e-9,-3.748579569741427e-12,3.428120163445792e-13,-1.3666420170095557e-12,0.0024703440527007767,-5.22517954500392e-11,2.3024347891887896e-5,6.754005272471479e-9,2.679411436292787e-13,4.759450081381844e-6,0.0001464528706639086,-5.880402265708127e-9,-0.0030732783027470852,9.307505152648231e-11,-7.94732401618035e-12,1.5188172797995533e-5,-7.447080995975375e-7,2.9516215783139176e-6,1.3094841420115725e-11,-4.6111309925819655e-7,-8.910136670954845e-14,0.001326086144670514,-8.338616275837087e-7,-7.261607906452959e-10,-4.127777608188542e-5,-9.274712006388122e-13,-0.00026850097159524005,2.5929050533131095e-14,2.7277207451826706e-11,-6.370442580920649e-14,0.00034482917681991966,5.536113126294803e-6,-1.8601492429280508e-7,2.9334691292126436e-7,-2.297755925076985e-13,3.031715389730897e-5,-0.003549611150190799,4.538830994741217e-9,2.7264038961222652e-11,-0.0026938880170725584,1.8187735931330276e-7,-1.6900167255142488e-7,5.739983218311169e-10,7.512080715983852e-11,-0.0018618961754902127,-0.0017413901227669494,-4.8140283905533373e-11,-5.24284195679745e-10,1.1718163465935324e-7,-9.068877480308135e-5,-4.596917585277438e-8,-1.176796122789659e-11,-4.876624577007751e-7,9.6506782146313e-6,3.434305436020099e-5,-7.031885182674656e-13,5.960960807324138e-13,3.975248882230237e-10,-1.509506784506774e-10,2.6036282634228172e-11,5.3278055346502434e-11,0.0031497239155926886,0.0012264268596370637,-4.953045451019436e-14,-1.3845812341448631e-8,-0.00034263434352839846
0.0,0.0,0.0,0.0,0.0,0.0,0.0,0.0,0.0,0.0,0.0,0.0,0.0,0.0,0.0,0.0,0.0,0.0,0.0,0.0,0.0,0.0,0.0,0.0,0.0,0.0,0.0,0.0,0.0,0.0,0.0,0.0,0.0,0.0,0.0,0.0,0.0,0.0,0.0,0.0,0.0,0.0,0.0,0.0,0.0,0.0,0.0,0.0,0.0,0.0,0.0,0.0,0.0,0.0,0.0,0.0,0.0,0.0,0.0,0.0,0.0,0.0,0.0,0.0,0.0,0.0,0.0,0.0,0.0,0.0,0.0,0.0,0.0,0.0,0.0,0.0,0.0,0.0,0.0,0.0,0.0,0.0,0.0,0.0,0.0,0.0,0.0,0.0,0.0,0.0,0.0,0.0,0.0,0.0,0.0,0.0,0.0,0.0,0.0,0.0,0.0,0.0,0.0,0.0,0.0,0.0,0.0,0.0,0.0,0.0,0.0,0.0,0.0,0.0,0.0,0.0,0.0,0.0,0.0,0.0,0.0,0.0,0.0,0.0,0.0,0.0,0.0,0.0,0.0,0.0,0.0,0.0,0.0,0.0,0.0,0.0,0.0,0.0,0.0,0.0,0.0,0.0,0.0,0.0,0.0,0.0,0.0,0.0,0.0,0.0,0.0,0.0,0.0,0.0,0.0,0.0,0.0,0.0,0.0,0.0,0.0,0.0,0.0,0.0,0.0,0.0,0.0,0.0,0.0,0.0,0.0,0.0,0.0,0.0,0.0,0.0,0.0,0.0,0.0,0.0,0.0,0.0,0.0,0.0,0.0,0.0,0.0,0.0,0.0,0.0,0.0,0.0,0.0,0.0,0.0,0.0,0.0,0.0,0.0,0.0,0.0,0.0,0.0,0.0,0.0,0.0,0.0,0.0,0.0,0.0,0.0,0.0,0.0,0.0,0.0,0.0,0.0,0.0,0.0,0.0,0.0,0.0,0.0,0.0,0.0,0.0,0.0,0.0,0.0,0.0,0.0,0.0,0.0,0.0,0.0,0.0,0.0,0.0,0.0,0.0,0.0,0.0,0.0,0.0,0.0,0.0,0.0,0.0,0.0,0.0,0.0,0.0,0.0,0.0,0.0,0.0,0.0,0.0,0.0,0.0,0.0,0.0,0.0,0.0,0.0,0.0,0.0,0.0,0.0,0.0,0.0,0.0,0.0,0.0,0.0,0.0,0.0,0.0,0.0,0.0,0.0,0.0,0.0,0.0,0.0,0.0,0.0,0.0,0.0,0.0,0.0,0.0,0.0,0.0,0.0,0.0,0.0,0.0,0.0,0.0,0.0,0.0,0.0,0.0,0.0,0.0,0.0,0.0,0.0,0.0,0.0,0.0,0.0,0.0,0.0,0.0,0.0,0.0,0.0,0.0,0.0,0.0,0.0,0.0,0.0,0.0,0.0,0.0,0.0,0.0,0.0,0.0,0.0,0.0,0.0,0.0,0.0,0.0,0.0,0.0,0.0,0.0,0.0,0.0,0.0,0.0,0.0,0.0,0.0,0.0,0.0,0.0,0.0,0.0,0.0,0.0,0.0,0.0,0.0,0.0,0.0,0.0,0.0,0.0,0.0,0.0,0.0,0.0,0.0,0.0,0.0,0.0,0.0,0.0,0.0,0.0,0.0,0.0,0.0,0.0,0.0,0.0,0.0,0.0,0.0,0.0,0.0,0.0,0.0,0.0,0.0,0.0,0.0,0.0,0.0,0.0,0.0,0.0,0.0,0.0,0.0,0.0,0.0,0.0,0.0,0.0,0.0,0.0,0.0,0.0,0.0,0.0,0.0,0.0,0.0,0.0,0.0,0.0,0.0,0.0,0.0,0.0,0.0,0.0,0.0,0.0,0.0,0.0,0.0,0.0,0.0,0.0,0.0,0.0,0.0,0.0,0.0,0.0,0.0,0.0,0.0,0.0,0.0,0.0,0.0,0.0,0.0,0.0,0.0,0.0,0.0,0.0,0.0,0.0,0.0,0.0,0.0,0.0,0.0,0.0,0.0,0.0,0.0,0.0,0.0,0.0,0.0,0.0,0.0,0.0,0.0,0.0,0.0,0.0,0.0,0.0,0.0,0.0,0.0,0.0,0.0,0.0,0.0,0.0,0.0,0.0,0.0,0.0,0.0,0.0,0.0,0.0,0.0,0.0,0.0,0.0,0.0,0.0,0.0,0.0,0.0,0.0,0.0,0.0,0.0,0.0,0.0,0.0,0.0,0.0,0.0,0.0,0.0,0.0,0.0,0.0,0.0,0.0,0.0,0.0,0.0,0.0,0.0,0.0,0.0,0.0,0.0,0.0,0.0,0.0,0.0,0.0,0.0,0.0,0.0,0.0,0.0,0.0,0.0,0.0,0.0,0.0,0.0,0.0,0.0,0.0,0.0,0.0,0.0,0.0,0.0,0.0,0.0,0.0,0.0,0.0,0.0,0.0,0.0,0.0,0.0,0.0,0.0,0.0,0.0,0.0,0.0,0.0,0.0,0.0,0.0,0.0,0.0,0.0,0.0,0.0,0.0,0.0,0.0,0.0,0.0,0.0,0.0,0.0,0.0,0.0,0.0,0.0,0.0,0.0,0.0,0.0,0.0,0.0,0.0,0.0,0.0,0.0,0.0,0.0,0.0,0.0,0.0,0.0,0.0,0.0,0.0,0.0,0.0,0.0,0.0,0.0,0.0,0.0,0.0,0.0,0.0,0.0,0.0,0.0,0.0,0.0,0.0,0.0,0.0,0.0,0.0,0.0,0.0,0.0,0.0,0.0,0.0,0.0,0.0,0.0,0.0,0.0,0.0,0.0,0.0,0.0,0.0,0.0,0.0,0.0,0.0,0.0,0.0,0.0,0.0,0.0,0.0,0.0,0.0,0.0,0.0,0.0,0.0,0.0,0.0,0.0,0.0,0.026281958061248556,2.962500605946867e-5,8.599304905504796e-7,6.984276975808121e-12,-1.0530945328781893e-7,-1.4334092022852187e-12,-0.00039594557785592807,-1.9579849775657185e-9,3.153988474903376e-5,5.5562556978033084e-6,1.3627652264176473e-13,5.277901785470997e-9,0.0009270998410366071,-1.5840439431430612e-6,4.329264499751108e-9,8.086249156693173e-9,0.0006746351301208662,2.8858923843772677e-12,-3.7159948131147534e-11,5.169651503499063e-5,-4.942690805556369e-7,1.362595176869834e-7,-2.3963982978803003e-6,0.003947315251565652,-4.646184222489901e-10,8.121183461340036e-7,7.635582717354235e-14,2.647509409284434e-12,2.292330432364817e-9,-3.3442458179283937e-13,6.854583746031997e-6,-0.00017586448396062,-0.0011499963609325967,-7.940395760987328e-10,3.5071891758511394e-9,-2.0554149144786522e-11,-8.570137858303516e-14,-0.003326383405463383,8.402296669077605e-8,-0.0011507639137692458,3.4089254724026524e-5,5.3996630032405935e-5,0.0004087544099576402,2.8637042342541317e-11,-5.897269559367374e-5,6.918609283291296e-10,-3.665916601395765e-9,-5.3137983167192216e-11,-0.00015346130032995776,1.9038531994895137e-12,1.6913332325536846e-7,9.762407361520064e-10,-6.475434824964913e-13,9.698761571193932e-13,8.23947265709475e-7,-5.697944877713186e-7,0.0005313761974882852,5.5572102917946066e-5,-3.2553479607216244e-5,5.435060170201175e-10,0.0003647507650747987,-1.5216690052144524e-9,-3.786410626257966e-12,-2.747318187355482e-10,-4.4363847013616643e-13,3.1221239250922124e-9,1.0574791981253163e-12,1.813395936890455e-5,-2.8847933809163508e-9,3.2877926763607304e-10,-2.560088762253494e-8,-5.349710449642469e-12,6.616876266980645e-13,-1.1404656897557088e-12,0.0008014179020017642,-5.369282005548454e-10,1.8956710036669674e-5,4.560304652753973e-9,4.664303470456171e-13,-1.0779059251218418e-5,-0.00045779595107722933,-8.56169773296928e-9,7.78228931545759e-5,-4.294341721186467e-9,-1.4927454182312695e-11,-0.00030090123917051587,-9.740695685494417e-8,5.205001386396327e-6,7.269561527606164e-11,-4.7597613023090663e-7,-1.7691548888353873e-13,-0.0016765445662503486,-2.5332740711215344e-6,-4.211271423057754e-10,-4.129431018790421e-5,-1.867382177862221e-12,-0.00011277603877340998,4.898119459208649e-13,4.321534261590107e-11,-1.0100498186149095e-13,-0.003372495362244085,1.070612529317098e-6,1.940258548705031e-7,7.021389202342648e-7,-3.9978112034090033e-13,0.00043985624517180096,0.003458750333297475,1.7356370520553533e-8,2.263469309702674e-11,0.0037801736496837746,1.5297155611717696e-7,-5.925859835461928e-7,1.5747290655733611e-9,-1.773586186741039e-10,-0.0013890846665056426,-0.0007369517133453332,-9.096594955294682e-11,-1.7947844506255552e-9,1.5212351672436414e-7,0.00023022888583445027,6.514372948715893e-8,-1.516832521556609e-11,-8.285587063713725e-7,6.265050988657712e-5,7.95799699897499e-5,-1.4395130485298167e-12,-3.807139808122943e-13,1.120025674177801e-9,-2.5468112518726086e-10,-1.2098842175220713e-10,2.4597993860433243e-10,0.008209417400591458,-0.003708602537149332,1.9059382876217668e-14,-4.971889929271616e-9,-3.5088435503724934e-5
0.0,0.0,0.0,0.0,0.0,0.0,0.0,0.0,0.0,0.0,0.0,0.0,0.0,0.0,0.0,0.0,0.0,0.0,0.0,0.0,0.0,0.0,0.0,0.0,0.0,0.0,0.0,0.0,0.0,0.0,0.0,0.0,0.0,0.0,0.0,0.0,0.0,0.0,0.0,0.0,0.0,0.0,0.0,0.0,0.0,0.0,0.0,0.0,0.0,0.0,0.0,0.0,0.0,0.0,0.0,0.0,0.0,0.0,0.0,0.0,0.0,0.0,0.0,0.0,0.0,0.0,0.0,0.0,0.0,0.0,0.0,0.0,0.0,0.0,0.0,0.0,0.0,0.0,0.0,0.0,0.0,0.0,0.0,0.0,0.0,0.0,0.0,0.0,0.0,0.0,0.0,0.0,0.0,0.0,0.0,0.0,0.0,0.0,0.0,0.0,0.0,0.0,0.0,0.0,0.0,0.0,0.0,0.0,0.0,0.0,0.0,0.0,0.0,0.0,0.0,0.0,0.0,0.0,0.0,0.0,0.0,0.0,0.0,0.0,0.0,0.0,0.0,0.0,0.0,0.0,0.0,0.0,0.0,0.0,0.0,0.0,0.0,0.0,0.0,0.0,0.0,0.0,0.0,0.0,0.0,0.0,0.0,0.0,0.0,0.0,0.0,0.0,0.0,0.0,0.0,0.0,0.0,0.0,0.0,0.0,0.0,0.0,0.0,0.0,0.0,0.0,0.0,0.0,0.0,0.0,0.0,0.0,0.0,0.0,0.0,0.0,0.0,0.0,0.0,0.0,0.0,0.0,0.0,0.0,0.0,0.0,0.0,0.0,0.0,0.0,0.0,0.0,0.0,0.0,0.0,0.0,0.0,0.0,0.0,0.0,0.0,0.0,0.0,0.0,0.0,0.0,0.0,0.0,0.0,0.0,0.0,0.0,0.0,0.0,0.0,0.0,0.0,0.0,0.0,0.0,0.0,0.0,0.0,0.0,0.0,0.0,0.0,0.0,0.0,0.0,0.0,0.0,0.0,0.0,0.0,0.0,0.0,0.0,0.0,0.0,0.0,0.0,0.0,0.0,0.0,0.0,0.0,0.0,0.0,0.0,0.0,0.0,0.0,0.0,0.0,0.0,0.0,0.0,0.0,0.0,0.0,0.0,0.0,0.0,0.0,0.0,0.0,0.0,0.0,0.0,0.0,0.0,0.0,0.0,0.0,0.0,0.0,0.0,0.0,0.0,0.0,0.0,0.0,0.0,0.0,0.0,0.0,0.0,0.0,0.0,0.0,0.0,0.0,0.0,0.0,0.0,0.0,0.0,0.0,0.0,0.0,0.0,0.0,0.0,0.0,0.0,0.0,0.0,0.0,0.0,0.0,0.0,0.0,0.0,0.0,0.0,0.0,0.0,0.0,0.0,0.0,0.0,0.0,0.0,0.0,0.0,0.0,0.0,0.0,0.0,0.0,0.0,0.0,0.0,0.0,0.0,0.0,0.0,0.0,0.0,0.0,0.0,0.0,0.0,0.0,0.0,0.0,0.0,0.0,0.0,0.0,0.0,0.0,0.0,0.0,0.0,0.0,0.0,0.0,0.0,0.0,0.0,0.0,0.0,0.0,0.0,0.0,0.0,0.0,0.0,0.0,0.0,0.0,0.0,0.0,0.0,0.0,0.0,0.0,0.0,0.0,0.0,0.0,0.0,0.0,0.0,0.0,0.0,0.0,0.0,0.0,0.0,0.0,0.0,0.0,0.0,0.0,0.0,0.0,0.0,0.0,0.0,0.0,0.0,0.0,0.0,0.0,0.0,0.0,0.0,0.0,0.0,0.0,0.0,0.0,0.0,0.0,0.0,0.0,0.0,0.0,0.0,0.0,0.0,0.0,0.0,0.0,0.0,0.0,0.0,0.0,0.0,0.0,0.0,0.0,0.0,0.0,0.0,0.0,0.0,0.0,0.0,0.0,0.0,0.0,0.0,0.0,0.0,0.0,0.0,0.0,0.0,0.0,0.0,0.0,0.0,0.0,0.0,0.0,0.0,0.0,0.0,0.0,0.0,0.0,0.0,0.0,0.0,0.0,0.0,0.0,0.0,0.0,0.0,0.0,0.0,0.0,0.0,0.0,0.0,0.0,0.0,0.0,0.0,0.0,0.0,0.0,0.0,0.0,0.0,0.0,0.0,0.0,0.0,0.0,0.0,0.0,0.0,0.0,0.0,0.0,0.0,0.0,0.0,0.0,0.0,0.0,0.0,0.0,0.0,0.0,0.0,0.0,0.0,0.0,0.0,0.0,0.0,0.0,0.0,0.0,0.0,0.0,0.0,0.0,0.0,0.0,0.0,0.0,0.0,0.0,0.0,0.0,0.0,0.0,0.0,0.0,0.0,0.0,0.0,0.0,0.0,0.0,0.0,0.0,0.0,0.0,0.0,0.0,0.0,0.0,0.0,0.0,0.0,0.0,0.0,0.0,0.0,0.0,0.0,0.0,0.0,0.0,0.0,0.0,0.0,0.0,0.0,0.0,0.0,0.0,0.0,0.0,0.0,0.0,0.0,0.0,0.0,0.0,0.0,0.0,0.0,0.0,0.0,0.0,0.0,0.0,0.0,0.0,0.0,0.0,0.0,0.0,0.0,0.0,0.0,0.0,0.0,0.0,0.0,0.0,0.0,0.0,0.0,0.0,0.0,0.0,0.0,0.0,0.0,0.0,0.0,0.0,0.0,0.0,0.0,0.0,0.0,0.0,0.0,0.0,0.0,0.0,0.0,0.0,0.0,0.0,0.0,0.0,0.0,0.0,0.0,0.0,0.0,0.0,0.0,0.0,0.0,0.0,0.0,0.0,0.0,0.0,0.0,0.0,0.0,0.0,0.0,0.0,0.0,0.0,0.0,0.0,0.0,0.0,0.0,0.0,0.0,0.0,0.0,0.0,0.0,0.0,0.0,0.03777114315933911,-8.94563664129744e-5,-1.024270906380028e-10,1.3297116824778653e-5,-3.4387535593910507e-10,3.2168215496848503e-6,-3.917376693204926e-7,-0.0004106480470358965,0.0007122326803725551,-3.1668226780942625e-10,8.163340190320357e-7,3.7846718006897044e-5,-0.00037925658345414336,1.5093252425523936e-7,-6.378045358208713e-7,-0.0003775869220063196,4.9711122420126865e-11,4.087154092451547e-9,0.0028952271913467603,-0.0004320065013520378,3.3632686862657813e-6,-0.00023353522008203473,2.4794175212019684e-5,-7.856530429761792e-8,0.00014992238557296974,4.910064609905822e-12,5.019742628679818e-10,8.231129628300851e-8,1.8315115762713017e-11,0.0014821613548990553,-7.18294321380041e-5,7.794052932682153e-6,-3.993483487688793e-8,7.560360547328717e-7,-2.0027008718743326e-9,-2.019503478555779e-12,0.0003828794911590358,-4.229787720827303e-6,-1.0356846963065222e-5,-0.0010569295253041817,-0.0010809764347411528,0.00011425116483585172,5.43675548745637e-9,0.0018603568404175577,3.11161148121785e-8,-1.5879625443469134e-7,-7.179404571017737e-10,-3.6921867659706753e-6,1.8517161927816466e-10,-1.4533800678153022e-5,6.747693363434255e-8,-1.8303757801538477e-11,-5.3027783463981215e-11,-0.0001105798347078521,4.460231111525575e-5,2.5437230713665834e-6,1.7252466691669164e-7,-7.411880041849995e-8,4.190362791979607e-8,-2.6878239994222824e-5,1.8637418197610787e-7,-1.0576162148298424e-9,-1.417545155738634e-9,-2.4056907235268558e-11,2.4121307018580258e-6,5.4273268396991825e-11,5.982736587902058e-7,-2.7359730908841876e-8,2.482354994232109e-8,-5.402021672964362e-6,-8.018335888867027e-11,1.946606494917382e-10,-4.898711903831271e-11,7.696885639758945e-6,-7.350383171990197e-8,-0.002393661469209075,5.3170255875341574e-6,2.1531687596020696e-11,-0.002044096439399317,0.0004726434579224907,-3.7500800681124685e-7,-1.9047490808088042e-5,-9.030451863731091e-7,-1.661956783249688e-9,0.003582315842650466,5.718478787859482e-7,0.00014277821314551063,-3.5445474594938085e-9,-7.236252638954646e-5,-7.723629300556822e-12,3.9537102056875765e-5,-0.00013149340330844016,1.8094119750968202e-7,0.0014201058420353387,-2.672153681787016e-10,-0.0003794635746095128,-5.921678225245406e-11,1.1656391581252716e-9,-3.967191262758088e-12,-0.000596220120740013,0.0007802550770565344,-3.5114580500495923e-6,4.4313451141477726e-5,2.0786009593371354e-12,-0.00197577252876825,1.7448400401725065e-6,1.635165530031246e-6,6.019360087095098e-9,-7.462313230034378e-5,0.00014067473549609643,-1.807512248224617e-6,6.444151336285184e-8,-9.27685191803972e-8,4.400526351839516e-5,-1.2724453178648879e-5,-9.986369610242707e-10,-5.147223906223232e-8,6.95869929518299e-7,0.0015599043337373385,1.8030644180700896e-5,2.0379485427984654e-9,-4.851802464749201e-6,0.003796574725580319,-0.010355018353551631,3.6706986929701875e-11,-1.7251093916984498e-10,1.2747646575681162e-7,6.566898283338424e-9,-5.0704983027060394e-8,3.217426428403661e-8,-0.00017601615047364188,-4.264708159551285e-5,-7.29129471008805e-12,1.2558061243760086e-6,-2.801622790783165e-6
0.0,0.0,0.0,0.0,0.0,0.0,0.0,0.0,0.0,0.0,0.0,0.0,0.0,0.0,0.0,0.0,0.0,0.0,0.0,0.0,0.0,0.0,0.0,0.0,0.0,0.0,0.0,0.0,0.0,0.0,0.0,0.0,0.0,0.0,0.0,0.0,0.0,0.0,0.0,0.0,0.0,0.0,0.0,0.0,0.0,0.0,0.0,0.0,0.0,0.0,0.0,0.0,0.0,0.0,0.0,0.0,0.0,0.0,0.0,0.0,0.0,0.0,0.0,0.0,0.0,0.0,0.0,0.0,0.0,0.0,0.0,0.0,0.0,0.0,0.0,0.0,0.0,0.0,0.0,0.0,0.0,0.0,0.0,0.0,0.0,0.0,0.0,0.0,0.0,0.0,0.0,0.0,0.0,0.0,0.0,0.0,0.0,0.0,0.0,0.0,0.0,0.0,0.0,0.0,0.0,0.0,0.0,0.0,0.0,0.0,0.0,0.0,0.0,0.0,0.0,0.0,0.0,0.0,0.0,0.0,0.0,0.0,0.0,0.0,0.0,0.0,0.0,0.0,0.0,0.0,0.0,0.0,0.0,0.0,0.0,0.0,0.0,0.0,0.0,0.0,0.0,0.0,0.0,0.0,0.0,0.0,0.0,0.0,0.0,0.0,0.0,0.0,0.0,0.0,0.0,0.0,0.0,0.0,0.0,0.0,0.0,0.0,0.0,0.0,0.0,0.0,0.0,0.0,0.0,0.0,0.0,0.0,0.0,0.0,0.0,0.0,0.0,0.0,0.0,0.0,0.0,0.0,0.0,0.0,0.0,0.0,0.0,0.0,0.0,0.0,0.0,0.0,0.0,0.0,0.0,0.0,0.0,0.0,0.0,0.0,0.0,0.0,0.0,0.0,0.0,0.0,0.0,0.0,0.0,0.0,0.0,0.0,0.0,0.0,0.0,0.0,0.0,0.0,0.0,0.0,0.0,0.0,0.0,0.0,0.0,0.0,0.0,0.0,0.0,0.0,0.0,0.0,0.0,0.0,0.0,0.0,0.0,0.0,0.0,0.0,0.0,0.0,0.0,0.0,0.0,0.0,0.0,0.0,0.0,0.0,0.0,0.0,0.0,0.0,0.0,0.0,0.0,0.0,0.0,0.0,0.0,0.0,0.0,0.0,0.0,0.0,0.0,0.0,0.0,0.0,0.0,0.0,0.0,0.0,0.0,0.0,0.0,0.0,0.0,0.0,0.0,0.0,0.0,0.0,0.0,0.0,0.0,0.0,0.0,0.0,0.0,0.0,0.0,0.0,0.0,0.0,0.0,0.0,0.0,0.0,0.0,0.0,0.0,0.0,0.0,0.0,0.0,0.0,0.0,0.0,0.0,0.0,0.0,0.0,0.0,0.0,0.0,0.0,0.0,0.0,0.0,0.0,0.0,0.0,0.0,0.0,0.0,0.0,0.0,0.0,0.0,0.0,0.0,0.0,0.0,0.0,0.0,0.0,0.0,0.0,0.0,0.0,0.0,0.0,0.0,0.0,0.0,0.0,0.0,0.0,0.0,0.0,0.0,0.0,0.0,0.0,0.0,0.0,0.0,0.0,0.0,0.0,0.0,0.0,0.0,0.0,0.0,0.0,0.0,0.0,0.0,0.0,0.0,0.0,0.0,0.0,0.0,0.0,0.0,0.0,0.0,0.0,0.0,0.0,0.0,0.0,0.0,0.0,0.0,0.0,0.0,0.0,0.0,0.0,0.0,0.0,0.0,0.0,0.0,0.0,0.0,0.0,0.0,0.0,0.0,0.0,0.0,0.0,0.0,0.0,0.0,0.0,0.0,0.0,0.0,0.0,0.0,0.0,0.0,0.0,0.0,0.0,0.0,0.0,0.0,0.0,0.0,0.0,0.0,0.0,0.0,0.0,0.0,0.0,0.0,0.0,0.0,0.0,0.0,0.0,0.0,0.0,0.0,0.0,0.0,0.0,0.0,0.0,0.0,0.0,0.0,0.0,0.0,0.0,0.0,0.0,0.0,0.0,0.0,0.0,0.0,0.0,0.0,0.0,0.0,0.0,0.0,0.0,0.0,0.0,0.0,0.0,0.0,0.0,0.0,0.0,0.0,0.0,0.0,0.0,0.0,0.0,0.0,0.0,0.0,0.0,0.0,0.0,0.0,0.0,0.0,0.0,0.0,0.0,0.0,0.0,0.0,0.0,0.0,0.0,0.0,0.0,0.0,0.0,0.0,0.0,0.0,0.0,0.0,0.0,0.0,0.0,0.0,0.0,0.0,0.0,0.0,0.0,0.0,0.0,0.0,0.0,0.0,0.0,0.0,0.0,0.0,0.0,0.0,0.0,0.0,0.0,0.0,0.0,0.0,0.0,0.0,0.0,0.0,0.0,0.0,0.0,0.0,0.0,0.0,0.0,0.0,0.0,0.0,0.0,0.0,0.0,0.0,0.0,0.0,0.0,0.0,0.0,0.0,0.0,0.0,0.0,0.0,0.0,0.0,0.0,0.0,0.0,0.0,0.0,0.0,0.0,0.0,0.0,0.0,0.0,0.0,0.0,0.0,0.0,0.0,0.0,0.0,0.0,0.0,0.0,0.0,0.0,0.0,0.0,0.0,0.0,0.0,0.0,0.0,0.0,0.0,0.0,0.0,0.0,0.0,0.0,0.0,0.0,0.0,0.0,0.0,0.0,0.0,0.0,0.0,0.0,0.0,0.0,0.0,0.0,0.0,0.0,0.0,0.0,0.0,0.0,0.0,0.0,0.0,0.0,0.0,0.0,0.0,0.0,0.0,0.0,0.0,0.0,0.0,0.0,0.0,0.0,0.0,0.0,0.0,0.0,0.0,0.0,0.0,0.0,0.0,0.0,0.0,0.0,0.0,0.0,0.0,0.0,0.0,0.0,0.0,0.0,0.0,0.0,0.0,0.0,0.0,0.0,0.0,0.029680584616702903,-4.618242452407343e-8,-0.000849394921985806,2.3073387581279786e-8,-9.260474355543497e-8,-5.299389272789049e-5,0.0001259413859575571,-0.005966783690680697,7.295039824079847e-9,1.025810256682204e-5,5.407229467373646e-6,0.003697924066494652,-2.415395152887885e-5,-3.421897367537742e-5,-1.3393849673097413e-5,-6.248048938883865e-9,6.407597621744621e-7,6.14454459299909e-5,-0.00883127045894054,0.004699506144996521,0.0023980103695305714,-1.02844967731797e-6,-1.4194270650578203e-6,-0.007656654335871113,-1.1401971879832032e-10,2.7504708570135495e-8,2.8979101164566407e-5,6.1821920164062105e-9,0.001823096198361957,-1.0519754695012272e-6,2.1289343165349264e-7,2.960437365310221e-7,-5.548399358387843e-6,-7.991662288745855e-7,-1.609907349156302e-10,-3.469043074160894e-6,-0.00040324231205771956,1.5221258158080187e-7,-0.00018056980343669716,0.0001147418862053683,2.526437641395921e-7,-1.998897664986949e-8,-0.00011460494533683572,-1.8421059121825252e-6,-8.418130277320456e-6,1.6771411169155464e-7,-7.33987805027853e-8,-2.6499407176027594e-9,0.0014682966412508899,-2.7979742301775924e-6,3.980551797589906e-9,-5.405503998860587e-10,-0.0009947034018792807,0.0023648257388208423,-1.4285170438292438e-7,-2.822578179887845e-10,7.121740696886463e-8,1.9478429454875586e-6,3.863705501928065e-7,1.6590257195079215e-5,2.0830869916556525e-7,-4.7489278339941814e-7,1.0303170611880691e-9,-0.00023700431263611916,1.8758052041907116e-8,1.615305109170304e-9,6.592477569207124e-6,-1.359182820034723e-6,-7.497330321834543e-5,-8.697034797197505e-9,-7.53697640186223e-9,4.041204291069204e-8,-1.6256449347568572e-7,2.0850938460019898e-6,0.0004720731760017921,7.030720177322964e-5,-7.468037763356805e-10,0.0022058947862332594,2.208539930157874e-5,-5.5445622138645704e-5,9.700904743270479e-8,6.447980727895041e-5,4.543698338539691e-9,-2.760563006105179e-5,0.000450524962704278,-0.002699902878671061,-1.747188375014615e-6,0.0002599641328748732,5.024729300034785e-10,-1.6242358509436021e-7,0.002651691730221313,4.7078038126753323e-7,-0.00011461638127537716,-3.527922345984051e-9,-2.5381359391107317e-6,-1.6453437232106822e-8,-9.218780457249796e-8,3.1378904438028614e-11,1.008410852590348e-5,-0.00023786343015421473,0.006316416616531073,-0.0013435372416443318,7.537060847190045e-10,0.00011393295635679578,-5.969789672434753e-7,-4.320176123508825e-5,3.065135686165634e-7,-4.896282571933623e-7,-0.005290422975971942,-0.0020010923393330013,-4.395147930382054e-6,-3.1412139241785103e-6,-3.442450675034622e-7,1.7455586696083723e-7,-1.770272361142955e-7,4.604576403810915e-6,0.0006062132782871836,-2.2799183561534973e-5,0.00011775311979298571,1.8111440910980032e-7,-0.004212371395148144,-9.55050071231561e-5,4.6078497035409793e-5,3.232851370970953e-10,4.129000891651457e-8,1.097508901386348e-6,1.5628689153940517e-6,7.00130533410949e-7,-4.2868474519703914e-7,-4.950383636233822e-7,-3.567710914546996e-7,-7.697012781197716e-10,-1.7333413224196856e-5,5.586667709875796e-8
0.0,0.0,0.0,0.0,0.0,0.0,0.0,0.0,0.0,0.0,0.0,0.0,0.0,0.0,0.0,0.0,0.0,0.0,0.0,0.0,0.0,0.0,0.0,0.0,0.0,0.0,0.0,0.0,0.0,0.0,0.0,0.0,0.0,0.0,0.0,0.0,0.0,0.0,0.0,0.0,0.0,0.0,0.0,0.0,0.0,0.0,0.0,0.0,0.0,0.0,0.0,0.0,0.0,0.0,0.0,0.0,0.0,0.0,0.0,0.0,0.0,0.0,0.0,0.0,0.0,0.0,0.0,0.0,0.0,0.0,0.0,0.0,0.0,0.0,0.0,0.0,0.0,0.0,0.0,0.0,0.0,0.0,0.0,0.0,0.0,0.0,0.0,0.0,0.0,0.0,0.0,0.0,0.0,0.0,0.0,0.0,0.0,0.0,0.0,0.0,0.0,0.0,0.0,0.0,0.0,0.0,0.0,0.0,0.0,0.0,0.0,0.0,0.0,0.0,0.0,0.0,0.0,0.0,0.0,0.0,0.0,0.0,0.0,0.0,0.0,0.0,0.0,0.0,0.0,0.0,0.0,0.0,0.0,0.0,0.0,0.0,0.0,0.0,0.0,0.0,0.0,0.0,0.0,0.0,0.0,0.0,0.0,0.0,0.0,0.0,0.0,0.0,0.0,0.0,0.0,0.0,0.0,0.0,0.0,0.0,0.0,0.0,0.0,0.0,0.0,0.0,0.0,0.0,0.0,0.0,0.0,0.0,0.0,0.0,0.0,0.0,0.0,0.0,0.0,0.0,0.0,0.0,0.0,0.0,0.0,0.0,0.0,0.0,0.0,0.0,0.0,0.0,0.0,0.0,0.0,0.0,0.0,0.0,0.0,0.0,0.0,0.0,0.0,0.0,0.0,0.0,0.0,0.0,0.0,0.0,0.0,0.0,0.0,0.0,0.0,0.0,0.0,0.0,0.0,0.0,0.0,0.0,0.0,0.0,0.0,0.0,0.0,0.0,0.0,0.0,0.0,0.0,0.0,0.0,0.0,0.0,0.0,0.0,0.0,0.0,0.0,0.0,0.0,0.0,0.0,0.0,0.0,0.0,0.0,0.0,0.0,0.0,0.0,0.0,0.0,0.0,0.0,0.0,0.0,0.0,0.0,0.0,0.0,0.0,0.0,0.0,0.0,0.0,0.0,0.0,0.0,0.0,0.0,0.0,0.0,0.0,0.0,0.0,0.0,0.0,0.0,0.0,0.0,0.0,0.0,0.0,0.0,0.0,0.0,0.0,0.0,0.0,0.0,0.0,0.0,0.0,0.0,0.0,0.0,0.0,0.0,0.0,0.0,0.0,0.0,0.0,0.0,0.0,0.0,0.0,0.0,0.0,0.0,0.0,0.0,0.0,0.0,0.0,0.0,0.0,0.0,0.0,0.0,0.0,0.0,0.0,0.0,0.0,0.0,0.0,0.0,0.0,0.0,0.0,0.0,0.0,0.0,0.0,0.0,0.0,0.0,0.0,0.0,0.0,0.0,0.0,0.0,0.0,0.0,0.0,0.0,0.0,0.0,0.0,0.0,0.0,0.0,0.0,0.0,0.0,0.0,0.0,0.0,0.0,0.0,0.0,0.0,0.0,0.0,0.0,0.0,0.0,0.0,0.0,0.0,0.0,0.0,0.0,0.0,0.0,0.0,0.0,0.0,0.0,0.0,0.0,0.0,0.0,0.0,0.0,0.0,0.0,0.0,0.0,0.0,0.0,0.0,0.0,0.0,0.0,0.0,0.0,0.0,0.0,0.0,0.0,0.0,0.0,0.0,0.0,0.0,0.0,0.0,0.0,0.0,0.0,0.0,0.0,0.0,0.0,0.0,0.0,0.0,0.0,0.0,0.0,0.0,0.0,0.0,0.0,0.0,0.0,0.0,0.0,0.0,0.0,0.0,0.0,0.0,0.0,0.0,0.0,0.0,0.0,0.0,0.0,0.0,0.0,0.0,0.0,0.0,0.0,0.0,0.0,0.0,0.0,0.0,0.0,0.0,0.0,0.0,0.0,0.0,0.0,0.0,0.0,0.0,0.0,0.0,0.0,0.0,0.0,0.0,0.0,0.0,0.0,0.0,0.0,0.0,0.0,0.0,0.0,0.0,0.0,0.0,0.0,0.0,0.0,0.0,0.0,0.0,0.0,0.0,0.0,0.0,0.0,0.0,0.0,0.0,0.0,0.0,0.0,0.0,0.0,0.0,0.0,0.0,0.0,0.0,0.0,0.0,0.0,0.0,0.0,0.0,0.0,0.0,0.0,0.0,0.0,0.0,0.0,0.0,0.0,0.0,0.0,0.0,0.0,0.0,0.0,0.0,0.0,0.0,0.0,0.0,0.0,0.0,0.0,0.0,0.0,0.0,0.0,0.0,0.0,0.0,0.0,0.0,0.0,0.0,0.0,0.0,0.0,0.0,0.0,0.0,0.0,0.0,0.0,0.0,0.0,0.0,0.0,0.0,0.0,0.0,0.0,0.0,0.0,0.0,0.0,0.0,0.0,0.0,0.0,0.0,0.0,0.0,0.0,0.0,0.0,0.0,0.0,0.0,0.0,0.0,0.0,0.0,0.0,0.0,0.0,0.0,0.0,0.0,0.0,0.0,0.0,0.0,0.0,0.0,0.0,0.0,0.0,0.0,0.0,0.0,0.0,0.0,0.0,0.0,0.0,0.0,0.0,0.0,0.0,0.0,0.0,0.0,0.0,0.0,0.0,0.0,0.0,0.0,0.0,0.0,0.0,0.0,0.0,0.0,0.0,0.0,0.0,0.0,0.0,0.0,0.0,0.0,0.0,0.0,0.0,0.0,0.0,0.0,0.0,0.0,0.0,0.0,0.0,0.0,0.0,0.0,0.0,0.0,0.0,0.0,0.0,0.0,0.0,0.0,0.0,0.0,0.0,0.0,0.0,0.0,0.0,0.025301359525994712,5.2539041260635614e-9,0.0003962963576948171,-2.733041432483435e-13,-1.0432131915863087e-6,1.2323355993357578e-9,7.930795928764269e-9,-4.225635110342774e-5,-1.2591115983958366e-6,5.119448247773036e-11,-1.0079821332930177e-8,-1.991479476984386e-5,2.839173868612613e-6,1.0670241022090452e-11,-0.0015714943569126209,-0.00027256838496506156,1.6580648589289028e-13,7.989982998242284e-9,-7.366272380405021e-8,-1.4014388756754286e-10,-1.2729886957018228e-12,-8.018575675855473e-6,-2.1279037729204821e-10,-2.165661548437152e-5,0.001276621784314709,6.825734352389214e-6,-0.0012010559238345923,-7.67947939096651e-9,-6.809055456071439e-12,7.010045349366208e-13,-4.5850790352602154e-5,-9.108888810133496e-6,0.00011382655501064133,-5.821473336132222e-5,-5.633527626795545e-12,1.1002459491629945e-6,2.276732021065785e-13,2.7903107879824644e-9,-3.88666295927494e-10,-1.429364150305432e-13,-0.0015274582194275276,-2.8882991810529104e-10,-6.310246690174455e-5,3.4702342525444656e-6,0.0005102726483218615,-5.881231418517626e-13,-0.005857605748525048,3.2241922881775123e-7,1.3912681939586248e-5,-0.0009869015314602455,0.0016554717690659701,-4.3421246514304484e-8,-6.206918735058995e-9,-2.242408120692735e-13,-9.597834960783758e-14,7.27410518983026e-14,-0.00015139363341898905,8.424897056092698e-13,2.4554624747931706e-6,-1.783750398661419e-5,-4.13972184392878e-5,-0.0001852707552307863,6.599334549051235e-8,0.0020755493359748503,2.6081592609782675e-14,1.1535324564517481e-5,-0.0004905290840309818,1.2577313695385078e-6,0.005459394510518744,0.0001323995313168558,0.002757765068594363,-8.466172530236695e-13,1.8669002475974253e-5,7.160509411117873e-10,-5.950946626672036e-7,5.642651378594649e-6,6.9359618430487136e-9,2.2603669025616165e-11,5.821098922984374e-6,-3.418360103889713e-13,1.1504896604079603e-6,0.0003217622670364185,-2.0261541635109312e-10,-7.259476233496975e-8,2.8625795395305477e-8,0.00043272781217072975,-4.6723624705703814e-8,0.00015297500407401558,1.292407204652484e-12,-5.820453771315233e-8,-3.686142886141014e-5,-3.713570130121611e-11,-0.0019197696528923493,4.171377782693976e-12,-0.007695882233610107,0.0011208972515004104,0.00011606270822400276,6.488224994033404e-12,-4.89407651594704e-10,-1.439866752929637e-8,6.185975035188948e-8,0.0006708672519390492,3.121075663680865e-10,-1.4067807735993555e-11,1.2070428725211937e-6,-0.0002749499169295,-9.00063896583011e-12,7.704874646027104e-9,1.7356263881992605e-8,-2.5395717621541784e-5,4.610616769029145e-5,-3.019675766726351e-12,3.408903360196191e-13,-0.0008798776008188524,9.236894525528356e-6,-2.2651688148207764e-7,-8.370181332062392e-11,-1.0909826342317315e-7,-0.000417950832156788,1.1729883119968835e-7,-1.384094240932573e-10,1.335361731915655e-9,0.0008003712043976036,-0.00047386687793729966,-2.6319331902272447e-5,9.157532220211478e-5,5.061143795303917e-5,-7.356888123811217e-5,-9.783173758689142e-12,-1.2220139968104383e-12,0.0003783966032768861,1.5168834810434961e-6,1.0366074750183804e-13
0.0,0.0,0.0,0.0,0.0,0.0,0.0,0.0,0.0,0.0,0.0,0.0,0.0,0.0,0.0,0.0,0.0,0.0,0.0,0.0,0.0,0.0,0.0,0.0,0.0,0.0,0.0,0.0,0.0,0.0,0.0,0.0,0.0,0.0,0.0,0.0,0.0,0.0,0.0,0.0,0.0,0.0,0.0,0.0,0.0,0.0,0.0,0.0,0.0,0.0,0.0,0.0,0.0,0.0,0.0,0.0,0.0,0.0,0.0,0.0,0.0,0.0,0.0,0.0,0.0,0.0,0.0,0.0,0.0,0.0,0.0,0.0,0.0,0.0,0.0,0.0,0.0,0.0,0.0,0.0,0.0,0.0,0.0,0.0,0.0,0.0,0.0,0.0,0.0,0.0,0.0,0.0,0.0,0.0,0.0,0.0,0.0,0.0,0.0,0.0,0.0,0.0,0.0,0.0,0.0,0.0,0.0,0.0,0.0,0.0,0.0,0.0,0.0,0.0,0.0,0.0,0.0,0.0,0.0,0.0,0.0,0.0,0.0,0.0,0.0,0.0,0.0,0.0,0.0,0.0,0.0,0.0,0.0,0.0,0.0,0.0,0.0,0.0,0.0,0.0,0.0,0.0,0.0,0.0,0.0,0.0,0.0,0.0,0.0,0.0,0.0,0.0,0.0,0.0,0.0,0.0,0.0,0.0,0.0,0.0,0.0,0.0,0.0,0.0,0.0,0.0,0.0,0.0,0.0,0.0,0.0,0.0,0.0,0.0,0.0,0.0,0.0,0.0,0.0,0.0,0.0,0.0,0.0,0.0,0.0,0.0,0.0,0.0,0.0,0.0,0.0,0.0,0.0,0.0,0.0,0.0,0.0,0.0,0.0,0.0,0.0,0.0,0.0,0.0,0.0,0.0,0.0,0.0,0.0,0.0,0.0,0.0,0.0,0.0,0.0,0.0,0.0,0.0,0.0,0.0,0.0,0.0,0.0,0.0,0.0,0.0,0.0,0.0,0.0,0.0,0.0,0.0,0.0,0.0,0.0,0.0,0.0,0.0,0.0,0.0,0.0,0.0,0.0,0.0,0.0,0.0,0.0,0.0,0.0,0.0,0.0,0.0,0.0,0.0,0.0,0.0,0.0,0.0,0.0,0.0,0.0,0.0,0.0,0.0,0.0,0.0,0.0,0.0,0.0,0.0,0.0,0.0,0.0,0.0,0.0,0.0,0.0,0.0,0.0,0.0,0.0,0.0,0.0,0.0,0.0,0.0,0.0,0.0,0.0,0.0,0.0,0.0,0.0,0.0,0.0,0.0,0.0,0.0,0.0,0.0,0.0,0.0,0.0,0.0,0.0,0.0,0.0,0.0,0.0,0.0,0.0,0.0,0.0,0.0,0.0,0.0,0.0,0.0,0.0,0.0,0.0,0.0,0.0,0.0,0.0,0.0,0.0,0.0,0.0,0.0,0.0,0.0,0.0,0.0,0.0,0.0,0.0,0.0,0.0,0.0,0.0,0.0,0.0,0.0,0.0,0.0,0.0,0.0,0.0,0.0,0.0,0.0,0.0,0.0,0.0,0.0,0.0,0.0,0.0,0.0,0.0,0.0,0.0,0.0,0.0,0.0,0.0,0.0,0.0,0.0,0.0,0.0,0.0,0.0,0.0,0.0,0.0,0.0,0.0,0.0,0.0,0.0,0.0,0.0,0.0,0.0,0.0,0.0,0.0,0.0,0.0,0.0,0.0,0.0,0.0,0.0,0.0,0.0,0.0,0.0,0.0,0.0,0.0,0.0,0.0,0.0,0.0,0.0,0.0,0.0,0.0,0.0,0.0,0.0,0.0,0.0,0.0,0.0,0.0,0.0,0.0,0.0,0.0,0.0,0.0,0.0,0.0,0.0,0.0,0.0,0.0,0.0,0.0,0.0,0.0,0.0,0.0,0.0,0.0,0.0,0.0,0.0,0.0,0.0,0.0,0.0,0.0,0.0,0.0,0.0,0.0,0.0,0.0,0.0,0.0,0.0,0.0,0.0,0.0,0.0,0.0,0.0,0.0,0.0,0.0,0.0,0.0,0.0,0.0,0.0,0.0,0.0,0.0,0.0,0.0,0.0,0.0,0.0,0.0,0.0,0.0,0.0,0.0,0.0,0.0,0.0,0.0,0.0,0.0,0.0,0.0,0.0,0.0,0.0,0.0,0.0,0.0,0.0,0.0,0.0,0.0,0.0,0.0,0.0,0.0,0.0,0.0,0.0,0.0,0.0,0.0,0.0,0.0,0.0,0.0,0.0,0.0,0.0,0.0,0.0,0.0,0.0,0.0,0.0,0.0,0.0,0.0,0.0,0.0,0.0,0.0,0.0,0.0,0.0,0.0,0.0,0.0,0.0,0.0,0.0,0.0,0.0,0.0,0.0,0.0,0.0,0.0,0.0,0.0,0.0,0.0,0.0,0.0,0.0,0.0,0.0,0.0,0.0,0.0,0.0,0.0,0.0,0.0,0.0,0.0,0.0,0.0,0.0,0.0,0.0,0.0,0.0,0.0,0.0,0.0,0.0,0.0,0.0,0.0,0.0,0.0,0.0,0.0,0.0,0.0,0.0,0.0,0.0,0.0,0.0,0.0,0.0,0.0,0.0,0.0,0.0,0.0,0.0,0.0,0.0,0.0,0.0,0.0,0.0,0.0,0.0,0.0,0.0,0.0,0.0,0.0,0.0,0.0,0.0,0.0,0.0,0.0,0.0,0.0,0.0,0.0,0.0,0.0,0.0,0.0,0.0,0.0,0.0,0.0,0.0,0.0,0.0,0.0,0.0,0.0,0.0,0.0,0.0,0.0,0.0,0.0,0.0,0.0,0.0,0.0,0.0,0.0,0.0,0.0,0.0,0.0,0.0,0.0,0.0,0.0,0.0,0.0,0.0,0.0,0.0,0.0,0.0,0.0,0.0,0.0,0.0,0.0,0.029097985194969665,-7.814366271073922e-8,-3.6127093495740237e-13,-0.0002823764547325147,2.1233593603380515e-5,-0.00044168805663697265,9.587663598941012e-8,-0.00036662956906275876,-8.442870516178232e-7,-0.0003756426605382585,6.706571956335082e-5,-0.00019108766046088184,-1.5580518955200622e-7,-1.2276190739567162e-8,1.3041953300437323e-6,-7.97726225012584e-6,-6.503969963511235e-5,0.0004833286261693557,-0.00015834786954006558,4.8656106668900275e-9,-3.468201089491802e-5,0.0011284380264304013,5.979605043955764e-11,1.8955774560043874e-7,-0.0003705700100606319,3.970932228051566e-8,0.00017717726337641276,6.046553828936362e-8,2.9669884851067668e-9,-2.8471828883088193e-5,0.0008126683150370054,4.7556512163575895e-6,2.5759794677650787e-9,-2.622427503631412e-7,-2.414382922056499e-5,2.7706213367856432e-8,8.17991157732999e-5,6.750600045167188e-6,1.412765930159148e-7,1.09135280784781e-6,-2.3280580082245543e-6,6.628349947057394e-6,4.932915128174338e-5,1.6341621473461129e-6,1.8746017309331335e-9,1.1157150735496121e-7,-0.003955749399022774,3.045785886127975e-5,5.328757828717595e-9,2.6407330220508546e-8,-0.0003311385748882985,0.003561534391406245,5.193612556904414e-9,6.048858391008981e-10,1.946245442521358e-9,3.1666623058535834e-5,-2.1795392324464216e-8,0.00011808309948691223,8.756384940013581e-7,-5.487181537562419e-6,4.526665459831853e-9,-0.0004084530126143101,5.572635013562642e-7,-8.007279699286432e-10,0.00016595032083310005,1.1032033330316164e-5,0.0016981975966382508,7.149128574536054e-8,-1.8041119318448611e-9,-1.3067371717199168e-7,9.699309538389695e-9,2.1149214931302696e-5,-1.1223327667507716e-6,0.001792568500784599,3.392597187472208e-9,0.00010672337330426714,6.594702510396184e-7,-7.342731614641388e-5,-7.861093103853879e-9,0.0005809951638358127,-7.226698216919299e-7,-4.099573687939889e-6,-0.001729983356469807,-0.0004462932250568403,-3.0821191404636535e-7,-0.0007631694932731647,-2.1870408246988175e-9,-4.610347610862869e-8,0.0009532097607958601,-3.7953104888410966e-5,4.357055610314512e-6,-8.340327478825487e-8,-3.2919347363545804e-7,1.000613776084069e-7,6.928017778576265e-8,-2.7959544923534786e-9,1.134834870998482e-6,-1.190837865923228e-5,-0.0021443669930477,-8.248773215388473e-5,-5.8290036702792525e-9,5.558717112623137e-7,1.0377107391866532e-7,0.0008451281674620333,-2.403252530499435e-6,3.349309789975665e-8,-4.096508602378995e-5,0.004674577401880499,6.043450240173109e-5,1.3884363469821611e-5,2.5245680692026898e-8,-8.61246196350512e-9,-9.501256123209367e-7,-8.822432789791222e-5,0.006344271624999097,-1.444909294756326e-7,-5.327466432158698e-5,1.6519634261985883e-6,0.0032234818093600857,-2.4842799135260697e-6,-5.155362776361262e-6,3.233758283046726e-8,8.875233403264968e-7,1.3944347743594657e-5,-1.2278447234482702e-5,7.938034634019737e-6,2.206860556952025e-5,1.7205993764431356e-7,1.562659203441882e-8,-2.323544426463588e-8,-2.8096437128865708e-5,-2.982991419476912e-10
0.0,0.0,0.0,0.0,0.0,0.0,0.0,0.0,0.0,0.0,0.0,0.0,0.0,0.0,0.0,0.0,0.0,0.0,0.0,0.0,0.0,0.0,0.0,0.0,0.0,0.0,0.0,0.0,0.0,0.0,0.0,0.0,0.0,0.0,0.0,0.0,0.0,0.0,0.0,0.0,0.0,0.0,0.0,0.0,0.0,0.0,0.0,0.0,0.0,0.0,0.0,0.0,0.0,0.0,0.0,0.0,0.0,0.0,0.0,0.0,0.0,0.0,0.0,0.0,0.0,0.0,0.0,0.0,0.0,0.0,0.0,0.0,0.0,0.0,0.0,0.0,0.0,0.0,0.0,0.0,0.0,0.0,0.0,0.0,0.0,0.0,0.0,0.0,0.0,0.0,0.0,0.0,0.0,0.0,0.0,0.0,0.0,0.0,0.0,0.0,0.0,0.0,0.0,0.0,0.0,0.0,0.0,0.0,0.0,0.0,0.0,0.0,0.0,0.0,0.0,0.0,0.0,0.0,0.0,0.0,0.0,0.0,0.0,0.0,0.0,0.0,0.0,0.0,0.0,0.0,0.0,0.0,0.0,0.0,0.0,0.0,0.0,0.0,0.0,0.0,0.0,0.0,0.0,0.0,0.0,0.0,0.0,0.0,0.0,0.0,0.0,0.0,0.0,0.0,0.0,0.0,0.0,0.0,0.0,0.0,0.0,0.0,0.0,0.0,0.0,0.0,0.0,0.0,0.0,0.0,0.0,0.0,0.0,0.0,0.0,0.0,0.0,0.0,0.0,0.0,0.0,0.0,0.0,0.0,0.0,0.0,0.0,0.0,0.0,0.0,0.0,0.0,0.0,0.0,0.0,0.0,0.0,0.0,0.0,0.0,0.0,0.0,0.0,0.0,0.0,0.0,0.0,0.0,0.0,0.0,0.0,0.0,0.0,0.0,0.0,0.0,0.0,0.0,0.0,0.0,0.0,0.0,0.0,0.0,0.0,0.0,0.0,0.0,0.0,0.0,0.0,0.0,0.0,0.0,0.0,0.0,0.0,0.0,0.0,0.0,0.0,0.0,0.0,0.0,0.0,0.0,0.0,0.0,0.0,0.0,0.0,0.0,0.0,0.0,0.0,0.0,0.0,0.0,0.0,0.0,0.0,0.0,0.0,0.0,0.0,0.0,0.0,0.0,0.0,0.0,0.0,0.0,0.0,0.0,0.0,0.0,0.0,0.0,0.0,0.0,0.0,0.0,0.0,0.0,0.0,0.0,0.0,0.0,0.0,0.0,0.0,0.0,0.0,0.0,0.0,0.0,0.0,0.0,0.0,0.0,0.0,0.0,0.0,0.0,0.0,0.0,0.0,0.0,0.0,0.0,0.0,0.0,0.0,0.0,0.0,0.0,0.0,0.0,0.0,0.0,0.0,0.0,0.0,0.0,0.0,0.0,0.0,0.0,0.0,0.0,0.0,0.0,0.0,0.0,0.0,0.0,0.0,0.0,0.0,0.0,0.0,0.0,0.0,0.0,0.0,0.0,0.0,0.0,0.0,0.0,0.0,0.0,0.0,0.0,0.0,0.0,0.0,0.0,0.0,0.0,0.0,0.0,0.0,0.0,0.0,0.0,0.0,0.0,0.0,0.0,0.0,0.0,0.0,0.0,0.0,0.0,0.0,0.0,0.0,0.0,0.0,0.0,0.0,0.0,0.0,0.0,0.0,0.0,0.0,0.0,0.0,0.0,0.0,0.0,0.0,0.0,0.0,0.0,0.0,0.0,0.0,0.0,0.0,0.0,0.0,0.0,0.0,0.0,0.0,0.0,0.0,0.0,0.0,0.0,0.0,0.0,0.0,0.0,0.0,0.0,0.0,0.0,0.0,0.0,0.0,0.0,0.0,0.0,0.0,0.0,0.0,0.0,0.0,0.0,0.0,0.0,0.0,0.0,0.0,0.0,0.0,0.0,0.0,0.0,0.0,0.0,0.0,0.0,0.0,0.0,0.0,0.0,0.0,0.0,0.0,0.0,0.0,0.0,0.0,0.0,0.0,0.0,0.0,0.0,0.0,0.0,0.0,0.0,0.0,0.0,0.0,0.0,0.0,0.0,0.0,0.0,0.0,0.0,0.0,0.0,0.0,0.0,0.0,0.0,0.0,0.0,0.0,0.0,0.0,0.0,0.0,0.0,0.0,0.0,0.0,0.0,0.0,0.0,0.0,0.0,0.0,0.0,0.0,0.0,0.0,0.0,0.0,0.0,0.0,0.0,0.0,0.0,0.0,0.0,0.0,0.0,0.0,0.0,0.0,0.0,0.0,0.0,0.0,0.0,0.0,0.0,0.0,0.0,0.0,0.0,0.0,0.0,0.0,0.0,0.0,0.0,0.0,0.0,0.0,0.0,0.0,0.0,0.0,0.0,0.0,0.0,0.0,0.0,0.0,0.0,0.0,0.0,0.0,0.0,0.0,0.0,0.0,0.0,0.0,0.0,0.0,0.0,0.0,0.0,0.0,0.0,0.0,0.0,0.0,0.0,0.0,0.0,0.0,0.0,0.0,0.0,0.0,0.0,0.0,0.0,0.0,0.0,0.0,0.0,0.0,0.0,0.0,0.0,0.0,0.0,0.0,0.0,0.0,0.0,0.0,0.0,0.0,0.0,0.0,0.0,0.0,0.0,0.0,0.0,0.0,0.0,0.0,0.0,0.0,0.0,0.0,0.0,0.0,0.0,0.0,0.0,0.0,0.0,0.0,0.0,0.0,0.0,0.0,0.0,0.0,0.0,0.0,0.0,0.0,0.0,0.0,0.0,0.0,0.0,0.0,0.0,0.0,0.0,0.0,0.0,0.0,0.0,0.0,0.0,0.0,0.0,0.0,0.0,0.0,0.0,0.0,0.0,0.0,0.0,0.0,0.0,0.0,0.0,0.0,0.0,0.0,0.0,0.0,0.0,0.0,0.0,0.0,0.0,0.02472891713376269,-1.2812880016378688e-14,2.1435705563876125e-6,5.853251460369214e-10,-9.41152160985158e-9,-0.0004740984142869669,-1.7535710719514651e-6,2.920443953370837e-11,9.691192378866103e-9,7.971737173940014e-5,2.2897677443670837e-6,2.3836247213283306e-11,0.0008696654093530255,-0.0031884964466971184,6.369843268181283e-10,1.9413788686092564e-8,7.05389224146157e-8,-1.3050955658405239e-8,2.7111210267502415e-12,0.0001174918941672157,3.7012287795410924e-8,-1.0812812145275033e-5,-0.00419392038494098,-1.6358834841140396e-5,-0.00036964892359405864,1.884346325401925e-9,3.573817985971883e-12,-1.6478063506723435e-13,6.826875365516878e-5,-1.1876845242007722e-5,0.0007557242927616815,4.710585702962669e-5,2.079615293684341e-11,3.3232980790007304e-7,-1.9250592444460418e-13,2.380481841266639e-9,-1.028451296694563e-10,-6.899048031801358e-12,0.004964257266613431,1.9190438285037485e-10,0.00012674275641030738,-0.00012615537801359826,-0.0004167905088233006,3.229121938540387e-13,0.0008484258890100008,9.403529397701717e-8,-0.00019832466296350508,0.0004268591849509278,0.0001835307577103737,7.073537247154536e-8,3.3144913317379684e-8,3.938245938978143e-13,4.363044961017994e-14,-6.690530151113254e-14,0.0001885324586242571,-1.2117771178620336e-12,-2.173184018927679e-5,0.0006346529292520886,-0.00028239862008248314,-0.0005719026293373208,2.0148764961230784e-6,-0.0036838026568787228,1.1063312163186723e-15,3.208437773816279e-6,0.0004409037458668168,-2.561691320649893e-6,0.00041635516582114244,-0.003005629924011759,0.006213673993498736,6.623980154314465e-13,-0.00011902356551345502,1.7301920099081055e-10,4.4653215388049505e-9,-0.000168903714798884,3.5946082374606067e-9,-8.705134008241316e-11,-9.935872446517374e-7,-2.7932301928279806e-13,-4.4129460237067826e-7,-0.007928074819464958,1.9546698246872647e-10,-4.266732541918572e-8,-2.6463403711451903e-8,0.0003911236519611053,-1.5500457401918652e-8,-5.2831759786264655e-5,-1.0105695027658596e-12,6.640272754249996e-8,3.3984612610573914e-5,4.284626405317262e-10,0.002088798492120754,-2.4873480672182242e-11,-0.00022531469285867818,0.00036975362377946066,-1.3925962046387564e-5,-8.96407420243984e-11,-4.790212599740441e-10,-3.904140818591126e-8,-4.5300266209570934e-8,-1.667425261040707e-5,-4.581422680896124e-10,4.89976310331472e-12,-8.178076786883175e-7,-0.0005890871283250992,9.937093316508074e-13,-1.3537572551709212e-8,-1.2340409871701595e-8,8.3209470727475e-5,3.7408737757456112e-6,3.670822418949856e-12,-5.291336651778517e-13,0.0002725563286356288,-3.542234401215606e-5,3.7414370221789687e-7,1.890824483690371e-10,-5.413817107298751e-7,-0.0006828231820490692,5.170473789606175e-9,-3.409159607751027e-11,-3.6345500889611874e-10,0.00013272892488207813,4.8488390998214675e-5,6.3726394492785e-5,-0.00021267580768887542,-0.00013215883669194707,-4.741537855007401e-7,2.6228969462395924e-12,1.2524233956889157e-13,-0.0002266805415834621,-1.981872308483246e-6,-1.1988037092572008e-13
0.0,0.0,0.0,0.0,0.0,0.0,0.0,0.0,0.0,0.0,0.0,0.0,0.0,0.0,0.0,0.0,0.0,0.0,0.0,0.0,0.0,0.0,0.0,0.0,0.0,0.0,0.0,0.0,0.0,0.0,0.0,0.0,0.0,0.0,0.0,0.0,0.0,0.0,0.0,0.0,0.0,0.0,0.0,0.0,0.0,0.0,0.0,0.0,0.0,0.0,0.0,0.0,0.0,0.0,0.0,0.0,0.0,0.0,0.0,0.0,0.0,0.0,0.0,0.0,0.0,0.0,0.0,0.0,0.0,0.0,0.0,0.0,0.0,0.0,0.0,0.0,0.0,0.0,0.0,0.0,0.0,0.0,0.0,0.0,0.0,0.0,0.0,0.0,0.0,0.0,0.0,0.0,0.0,0.0,0.0,0.0,0.0,0.0,0.0,0.0,0.0,0.0,0.0,0.0,0.0,0.0,0.0,0.0,0.0,0.0,0.0,0.0,0.0,0.0,0.0,0.0,0.0,0.0,0.0,0.0,0.0,0.0,0.0,0.0,0.0,0.0,0.0,0.0,0.0,0.0,0.0,0.0,0.0,0.0,0.0,0.0,0.0,0.0,0.0,0.0,0.0,0.0,0.0,0.0,0.0,0.0,0.0,0.0,0.0,0.0,0.0,0.0,0.0,0.0,0.0,0.0,0.0,0.0,0.0,0.0,0.0,0.0,0.0,0.0,0.0,0.0,0.0,0.0,0.0,0.0,0.0,0.0,0.0,0.0,0.0,0.0,0.0,0.0,0.0,0.0,0.0,0.0,0.0,0.0,0.0,0.0,0.0,0.0,0.0,0.0,0.0,0.0,0.0,0.0,0.0,0.0,0.0,0.0,0.0,0.0,0.0,0.0,0.0,0.0,0.0,0.0,0.0,0.0,0.0,0.0,0.0,0.0,0.0,0.0,0.0,0.0,0.0,0.0,0.0,0.0,0.0,0.0,0.0,0.0,0.0,0.0,0.0,0.0,0.0,0.0,0.0,0.0,0.0,0.0,0.0,0.0,0.0,0.0,0.0,0.0,0.0,0.0,0.0,0.0,0.0,0.0,0.0,0.0,0.0,0.0,0.0,0.0,0.0,0.0,0.0,0.0,0.0,0.0,0.0,0.0,0.0,0.0,0.0,0.0,0.0,0.0,0.0,0.0,0.0,0.0,0.0,0.0,0.0,0.0,0.0,0.0,0.0,0.0,0.0,0.0,0.0,0.0,0.0,0.0,0.0,0.0,0.0,0.0,0.0,0.0,0.0,0.0,0.0,0.0,0.0,0.0,0.0,0.0,0.0,0.0,0.0,0.0,0.0,0.0,0.0,0.0,0.0,0.0,0.0,0.0,0.0,0.0,0.0,0.0,0.0,0.0,0.0,0.0,0.0,0.0,0.0,0.0,0.0,0.0,0.0,0.0,0.0,0.0,0.0,0.0,0.0,0.0,0.0,0.0,0.0,0.0,0.0,0.0,0.0,0.0,0.0,0.0,0.0,0.0,0.0,0.0,0.0,0.0,0.0,0.0,0.0,0.0,0.0,0.0,0.0,0.0,0.0,0.0,0.0,0.0,0.0,0.0,0.0,0.0,0.0,0.0,0.0,0.0,0.0,0.0,0.0,0.0,0.0,0.0,0.0,0.0,0.0,0.0,0.0,0.0,0.0,0.0,0.0,0.0,0.0,0.0,0.0,0.0,0.0,0.0,0.0,0.0,0.0,0.0,0.0,0.0,0.0,0.0,0.0,0.0,0.0,0.0,0.0,0.0,0.0,0.0,0.0,0.0,0.0,0.0,0.0,0.0,0.0,0.0,0.0,0.0,0.0,0.0,0.0,0.0,0.0,0.0,0.0,0.0,0.0,0.0,0.0,0.0,0.0,0.0,0.0,0.0,0.0,0.0,0.0,0.0,0.0,0.0,0.0,0.0,0.0,0.0,0.0,0.0,0.0,0.0,0.0,0.0,0.0,0.0,0.0,0.0,0.0,0.0,0.0,0.0,0.0,0.0,0.0,0.0,0.0,0.0,0.0,0.0,0.0,0.0,0.0,0.0,0.0,0.0,0.0,0.0,0.0,0.0,0.0,0.0,0.0,0.0,0.0,0.0,0.0,0.0,0.0,0.0,0.0,0.0,0.0,0.0,0.0,0.0,0.0,0.0,0.0,0.0,0.0,0.0,0.0,0.0,0.0,0.0,0.0,0.0,0.0,0.0,0.0,0.0,0.0,0.0,0.0,0.0,0.0,0.0,0.0,0.0,0.0,0.0,0.0,0.0,0.0,0.0,0.0,0.0,0.0,0.0,0.0,0.0,0.0,0.0,0.0,0.0,0.0,0.0,0.0,0.0,0.0,0.0,0.0,0.0,0.0,0.0,0.0,0.0,0.0,0.0,0.0,0.0,0.0,0.0,0.0,0.0,0.0,0.0,0.0,0.0,0.0,0.0,0.0,0.0,0.0,0.0,0.0,0.0,0.0,0.0,0.0,0.0,0.0,0.0,0.0,0.0,0.0,0.0,0.0,0.0,0.0,0.0,0.0,0.0,0.0,0.0,0.0,0.0,0.0,0.0,0.0,0.0,0.0,0.0,0.0,0.0,0.0,0.0,0.0,0.0,0.0,0.0,0.0,0.0,0.0,0.0,0.0,0.0,0.0,0.0,0.0,0.0,0.0,0.0,0.0,0.0,0.0,0.0,0.0,0.0,0.0,0.0,0.0,0.0,0.0,0.0,0.0,0.0,0.0,0.0,0.0,0.0,0.0,0.0,0.0,0.0,0.0,0.0,0.0,0.0,0.0,0.0,0.0,0.0,0.0,0.0,0.0,0.0,0.0,0.0,0.0,0.0,0.0,0.0,0.0,0.0,0.0,0.0,0.0,0.0,0.0,0.0,0.0,0.0,0.0,0.0,0.0,0.0,0.0,0.0,0.0,0.0,0.0,0.0,0.0,0.04081359955063659,1.5615542328397742e-9,-6.861842069829368e-7,6.634356863605772e-7,-2.97214083907016e-14,-2.530437524242668e-10,-2.269007979624711e-5,-4.959107545071026e-7,-2.4206901201058162e-11,-4.184242658592384e-10,-1.450574009906434e-5,-6.228627481440992e-14,3.3008485235214736e-12,4.73772919088639e-7,-7.160425091859028e-8,7.300701407679346e-8,-1.401682901401521e-7,0.00040644827474438665,1.8004158440198786e-11,1.877565658207412e-7,1.800063102195494e-15,1.0647813193117055e-13,-9.567213011617314e-11,3.1507830400382745e-14,2.4970262442097057e-7,0.00034028167133147013,-0.0020552944572454677,-4.089335591153022e-12,9.301363077495491e-11,-4.189982418933646e-12,-2.1872726124107748e-15,4.31703858451224e-5,1.3524853253780825e-9,-0.001523712349006067,2.1188146463128114e-7,2.5817590321685655e-6,0.0004047054125360904,-9.108665603441658e-14,3.539458120316626e-6,7.451590348772166e-12,5.643514465608648e-11,1.538910472781161e-13,-0.00020533814564552578,2.4823175309584737e-14,8.388483067888666e-10,-7.1017048769270436e-12,1.333868340889718e-14,-2.8974966777981255e-14,2.140889549276495e-8,2.981476526529426e-8,0.012733652111620896,-0.00012664567896218654,-0.006919418690650145,3.611438821043186e-12,-0.0038267458359245825,1.6759327892444897e-10,-7.019396290553652e-13,3.1883427654116302e-12,-2.9863185310250812e-15,3.5505656265420627e-10,-1.0126939829524242e-13,0.0003853440422499722,8.309406534067147e-12,4.047802307298172e-12,-3.249238380931575e-9,-1.3312354071343107e-13,3.131605434327848e-14,2.494392614846506e-14,0.010075804202213925,7.871402443343015e-12,-3.6173016077668978e-6,4.891711644667984e-10,5.893419455314399e-15,1.5483156414429537e-7,4.123827639476396e-6,-1.130913021588714e-10,0.004106039228991508,4.272499255753431e-10,-5.463703261316173e-14,9.712884439275536e-7,4.3864070171239685e-10,7.037712537734455e-8,-6.797040446973415e-12,1.1209247686362083e-9,1.3211981597325408e-15,-0.00033500180191010036,-3.8820538074069556e-8,-8.668935345793868e-12,5.76184088687804e-6,-8.578863918893092e-14,0.00010670308496822176,-1.0400221657429247e-13,6.52662827835034e-14,2.7373069736574054e-16,5.345366900261944e-5,-1.197453896004771e-6,-4.1582507233704504e-8,-3.350113458810266e-8,3.945344911475761e-15,-5.68704140203177e-6,-9.362754763927314e-5,8.191998402329068e-10,5.655332807010323e-13,0.0001783111911921578,-1.5725192495503622e-8,-9.140384735526873e-9,1.210664425454615e-11,2.2728869354349216e-11,0.00048045179421360863,-0.0013329229050030433,-8.879179131047333e-13,4.078660222368748e-11,9.267642279194987e-9,1.2300884908345314e-5,5.013591945737632e-9,-8.675109119773735e-13,-2.8713199309163367e-8,5.1279128747825834e-8,2.2643662926960168e-7,3.8230547323144356e-14,4.306271723046859e-13,-2.1398495591789883e-11,-5.5880487031250874e-12,-2.210609045226407e-11,-1.664115416732566e-11,-0.0002358962372074393,-0.0007173028204337523,2.0091055560826955e-15,-8.883687549679669e-10,-0.0016585424600476834
0.0,0.0,0.0,0.0,0.0,0.0,0.0,0.0,0.0,0.0,0.0,0.0,0.0,0.0,0.0,0.0,0.0,0.0,0.0,0.0,0.0,0.0,0.0,0.0,0.0,0.0,0.0,0.0,0.0,0.0,0.0,0.0,0.0,0.0,0.0,0.0,0.0,0.0,0.0,0.0,0.0,0.0,0.0,0.0,0.0,0.0,0.0,0.0,0.0,0.0,0.0,0.0,0.0,0.0,0.0,0.0,0.0,0.0,0.0,0.0,0.0,0.0,0.0,0.0,0.0,0.0,0.0,0.0,0.0,0.0,0.0,0.0,0.0,0.0,0.0,0.0,0.0,0.0,0.0,0.0,0.0,0.0,0.0,0.0,0.0,0.0,0.0,0.0,0.0,0.0,0.0,0.0,0.0,0.0,0.0,0.0,0.0,0.0,0.0,0.0,0.0,0.0,0.0,0.0,0.0,0.0,0.0,0.0,0.0,0.0,0.0,0.0,0.0,0.0,0.0,0.0,0.0,0.0,0.0,0.0,0.0,0.0,0.0,0.0,0.0,0.0,0.0,0.0,0.0,0.0,0.0,0.0,0.0,0.0,0.0,0.0,0.0,0.0,0.0,0.0,0.0,0.0,0.0,0.0,0.0,0.0,0.0,0.0,0.0,0.0,0.0,0.0,0.0,0.0,0.0,0.0,0.0,0.0,0.0,0.0,0.0,0.0,0.0,0.0,0.0,0.0,0.0,0.0,0.0,0.0,0.0,0.0,0.0,0.0,0.0,0.0,0.0,0.0,0.0,0.0,0.0,0.0,0.0,0.0,0.0,0.0,0.0,0.0,0.0,0.0,0.0,0.0,0.0,0.0,0.0,0.0,0.0,0.0,0.0,0.0,0.0,0.0,0.0,0.0,0.0,0.0,0.0,0.0,0.0,0.0,0.0,0.0,0.0,0.0,0.0,0.0,0.0,0.0,0.0,0.0,0.0,0.0,0.0,0.0,0.0,0.0,0.0,0.0,0.0,0.0,0.0,0.0,0.0,0.0,0.0,0.0,0.0,0.0,0.0,0.0,0.0,0.0,0.0,0.0,0.0,0.0,0.0,0.0,0.0,0.0,0.0,0.0,0.0,0.0,0.0,0.0,0.0,0.0,0.0,0.0,0.0,0.0,0.0,0.0,0.0,0.0,0.0,0.0,0.0,0.0,0.0,0.0,0.0,0.0,0.0,0.0,0.0,0.0,0.0,0.0,0.0,0.0,0.0,0.0,0.0,0.0,0.0,0.0,0.0,0.0,0.0,0.0,0.0,0.0,0.0,0.0,0.0,0.0,0.0,0.0,0.0,0.0,0.0,0.0,0.0,0.0,0.0,0.0,0.0,0.0,0.0,0.0,0.0,0.0,0.0,0.0,0.0,0.0,0.0,0.0,0.0,0.0,0.0,0.0,0.0,0.0,0.0,0.0,0.0,0.0,0.0,0.0,0.0,0.0,0.0,0.0,0.0,0.0,0.0,0.0,0.0,0.0,0.0,0.0,0.0,0.0,0.0,0.0,0.0,0.0,0.0,0.0,0.0,0.0,0.0,0.0,0.0,0.0,0.0,0.0,0.0,0.0,0.0,0.0,0.0,0.0,0.0,0.0,0.0,0.0,0.0,0.0,0.0,0.0,0.0,0.0,0.0,0.0,0.0,0.0,0.0,0.0,0.0,0.0,0.0,0.0,0.0,0.0,0.0,0.0,0.0,0.0,0.0,0.0,0.0,0.0,0.0,0.0,0.0,0.0,0.0,0.0,0.0,0.0,0.0,0.0,0.0,0.0,0.0,0.0,0.0,0.0,0.0,0.0,0.0,0.0,0.0,0.0,0.0,0.0,0.0,0.0,0.0,0.0,0.0,0.0,0.0,0.0,0.0,0.0,0.0,0.0,0.0,0.0,0.0,0.0,0.0,0.0,0.0,0.0,0.0,0.0,0.0,0.0,0.0,0.0,0.0,0.0,0.0,0.0,0.0,0.0,0.0,0.0,0.0,0.0,0.0,0.0,0.0,0.0,0.0,0.0,0.0,0.0,0.0,0.0,0.0,0.0,0.0,0.0,0.0,0.0,0.0,0.0,0.0,0.0,0.0,0.0,0.0,0.0,0.0,0.0,0.0,0.0,0.0,0.0,0.0,0.0,0.0,0.0,0.0,0.0,0.0,0.0,0.0,0.0,0.0,0.0,0.0,0.0,0.0,0.0,0.0,0.0,0.0,0.0,0.0,0.0,0.0,0.0,0.0,0.0,0.0,0.0,0.0,0.0,0.0,0.0,0.0,0.0,0.0,0.0,0.0,0.0,0.0,0.0,0.0,0.0,0.0,0.0,0.0,0.0,0.0,0.0,0.0,0.0,0.0,0.0,0.0,0.0,0.0,0.0,0.0,0.0,0.0,0.0,0.0,0.0,0.0,0.0,0.0,0.0,0.0,0.0,0.0,0.0,0.0,0.0,0.0,0.0,0.0,0.0,0.0,0.0,0.0,0.0,0.0,0.0,0.0,0.0,0.0,0.0,0.0,0.0,0.0,0.0,0.0,0.0,0.0,0.0,0.0,0.0,0.0,0.0,0.0,0.0,0.0,0.0,0.0,0.0,0.0,0.0,0.0,0.0,0.0,0.0,0.0,0.0,0.0,0.0,0.0,0.0,0.0,0.0,0.0,0.0,0.0,0.0,0.0,0.0,0.0,0.0,0.0,0.0,0.0,0.0,0.0,0.0,0.0,0.0,0.0,0.0,0.0,0.0,0.0,0.0,0.0,0.0,0.0,0.0,0.0,0.0,0.0,0.0,0.0,0.0,0.0,0.0,0.0,0.0,0.0,0.0,0.0,0.0,0.0,0.0,0.0,0.0,0.0,0.0,0.0,0.0,0.0,0.0,0.0,0.0,0.0,0.0,0.0,0.0,0.0,0.0,0.0,0.0,0.0,0.0,0.0,0.0,0.0,0.0,0.017986550455208382,5.420784540696541e-6,8.821529238752493e-5,1.3627541725291602e-6,-0.00011663033072141614,1.1919918622148325e-7,-2.244335520214659e-5,0.00017345716985997628,0.0010993626292790809,-8.409435706314057e-8,-4.565863995956614e-7,2.2604900981737933e-5,-1.2793211964441942e-6,-0.00019908188251769598,0.00037475646184665284,-5.8390346950125085e-5,1.707083907610275e-8,1.2927033795518245e-5,0.0002240321743388918,2.384854020793714e-9,1.5958170791919712e-6,0.00028903034407121636,1.959263259946053e-7,2.4109259485986056e-5,6.571241283265959e-9,-1.1080803790655293e-9,8.378007431559606e-5,0.000642056833737843,-3.804425434967919e-5,-1.0767141323354192e-8,3.540666088667079e-8,0.00373485518128649,-1.202434813902528e-9,9.991899513985604e-6,1.5733842635889865e-6,3.700054309348464e-8,-5.11913037897913e-6,-6.861902148088584e-7,-0.0001801078534597641,0.00021639978097553184,4.884812420631948e-6,2.2726031679885723e-10,3.398622360367305e-7,-0.0015156293700481116,-9.17504092499434e-5,1.2141866372377735e-7,4.656280676301866e-8,0.00036592452608450176,7.788258212146506e-5,8.308556422345649e-10,1.7407758759922638e-10,-3.729701605093313e-10,6.999214211738502e-5,-1.4653676050091053e-8,-0.0006014769285543886,-1.1046155386316465e-5,-3.8974125740372436e-5,5.198368249947381e-8,-0.0015274960702628963,2.45808753758534e-7,8.098211488271996e-11,0.0006600262969058357,-2.659026904248987e-5,-0.004257039682300741,-4.7027199217883996e-7,-1.0926342483433499e-7,-1.5940885072476727e-7,3.350390284790184e-9,-1.3196868498119132e-5,-3.336834335957586e-6,-0.00023433582438698783,-3.935836112010647e-8,2.0549313062634504e-5,3.213243601419119e-7,0.00010419172954467186,-1.4332051303909643e-9,-1.4001653674515875e-5,1.279779235631116e-6,-1.2093570024925727e-7,0.00013475849166854668,-8.578658164000886e-5,-2.7678482382990823e-5,0.00041508511089133484,3.535971938348207e-8,-1.2774893955449676e-8,0.000367954405826634,7.049075314442891e-5,5.429050936381674e-7,-2.929327264685521e-7,1.6950715354816115e-8,-3.317283720320363e-7,1.1624629274710735e-6,1.3184352737065792e-8,-3.963821306955726e-8,-1.1879261338605822e-6,-0.0002812663061165336,-0.00030358797229100955,3.041154278299549e-8,-4.5164185104533233e-7,3.2310868818618335e-8,-5.431249194686077e-5,-6.644383187961969e-6,1.1703349637346041e-8,2.5500081653476098e-5,-6.232590245735827e-5,-4.0648222794224944e-5,0.00035416240819394494,1.7903145782056704e-8,-3.9658998646474406e-9,-2.7610986697210176e-6,0.0008366413838459835,9.834332011184265e-5,-4.243490655161369e-8,-0.0027301713593165648,-8.887072117108454e-6,-0.00022167685811649222,-2.698204367679062e-6,-3.0039581076139512e-6,3.7585812668276606e-7,5.536276596304121e-6,-0.0005241547465728138,-1.9132859310203075e-5,7.85342761200897e-5,-2.5113228110954643e-5,9.90259347036691e-9,-7.632669446740858e-9,1.5203421271716145e-8,-0.005756418331418794,-1.2412988253720583e-9
0.0,0.0,0.0,0.0,0.0,0.0,0.0,0.0,0.0,0.0,0.0,0.0,0.0,0.0,0.0,0.0,0.0,0.0,0.0,0.0,0.0,0.0,0.0,0.0,0.0,0.0,0.0,0.0,0.0,0.0,0.0,0.0,0.0,0.0,0.0,0.0,0.0,0.0,0.0,0.0,0.0,0.0,0.0,0.0,0.0,0.0,0.0,0.0,0.0,0.0,0.0,0.0,0.0,0.0,0.0,0.0,0.0,0.0,0.0,0.0,0.0,0.0,0.0,0.0,0.0,0.0,0.0,0.0,0.0,0.0,0.0,0.0,0.0,0.0,0.0,0.0,0.0,0.0,0.0,0.0,0.0,0.0,0.0,0.0,0.0,0.0,0.0,0.0,0.0,0.0,0.0,0.0,0.0,0.0,0.0,0.0,0.0,0.0,0.0,0.0,0.0,0.0,0.0,0.0,0.0,0.0,0.0,0.0,0.0,0.0,0.0,0.0,0.0,0.0,0.0,0.0,0.0,0.0,0.0,0.0,0.0,0.0,0.0,0.0,0.0,0.0,0.0,0.0,0.0,0.0,0.0,0.0,0.0,0.0,0.0,0.0,0.0,0.0,0.0,0.0,0.0,0.0,0.0,0.0,0.0,0.0,0.0,0.0,0.0,0.0,0.0,0.0,0.0,0.0,0.0,0.0,0.0,0.0,0.0,0.0,0.0,0.0,0.0,0.0,0.0,0.0,0.0,0.0,0.0,0.0,0.0,0.0,0.0,0.0,0.0,0.0,0.0,0.0,0.0,0.0,0.0,0.0,0.0,0.0,0.0,0.0,0.0,0.0,0.0,0.0,0.0,0.0,0.0,0.0,0.0,0.0,0.0,0.0,0.0,0.0,0.0,0.0,0.0,0.0,0.0,0.0,0.0,0.0,0.0,0.0,0.0,0.0,0.0,0.0,0.0,0.0,0.0,0.0,0.0,0.0,0.0,0.0,0.0,0.0,0.0,0.0,0.0,0.0,0.0,0.0,0.0,0.0,0.0,0.0,0.0,0.0,0.0,0.0,0.0,0.0,0.0,0.0,0.0,0.0,0.0,0.0,0.0,0.0,0.0,0.0,0.0,0.0,0.0,0.0,0.0,0.0,0.0,0.0,0.0,0.0,0.0,0.0,0.0,0.0,0.0,0.0,0.0,0.0,0.0,0.0,0.0,0.0,0.0,0.0,0.0,0.0,0.0,0.0,0.0,0.0,0.0,0.0,0.0,0.0,0.0,0.0,0.0,0.0,0.0,0.0,0.0,0.0,0.0,0.0,0.0,0.0,0.0,0.0,0.0,0.0,0.0,0.0,0.0,0.0,0.0,0.0,0.0,0.0,0.0,0.0,0.0,0.0,0.0,0.0,0.0,0.0,0.0,0.0,0.0,0.0,0.0,0.0,0.0,0.0,0.0,0.0,0.0,0.0,0.0,0.0,0.0,0.0,0.0,0.0,0.0,0.0,0.0,0.0,0.0,0.0,0.0,0.0,0.0,0.0,0.0,0.0,0.0,0.0,0.0,0.0,0.0,0.0,0.0,0.0,0.0,0.0,0.0,0.0,0.0,0.0,0.0,0.0,0.0,0.0,0.0,0.0,0.0,0.0,0.0,0.0,0.0,0.0,0.0,0.0,0.0,0.0,0.0,0.0,0.0,0.0,0.0,0.0,0.0,0.0,0.0,0.0,0.0,0.0,0.0,0.0,0.0,0.0,0.0,0.0,0.0,0.0,0.0,0.0,0.0,0.0,0.0,0.0,0.0,0.0,0.0,0.0,0.0,0.0,0.0,0.0,0.0,0.0,0.0,0.0,0.0,0.0,0.0,0.0,0.0,0.0,0.0,0.0,0.0,0.0,0.0,0.0,0.0,0.0,0.0,0.0,0.0,0.0,0.0,0.0,0.0,0.0,0.0,0.0,0.0,0.0,0.0,0.0,0.0,0.0,0.0,0.0,0.0,0.0,0.0,0.0,0.0,0.0,0.0,0.0,0.0,0.0,0.0,0.0,0.0,0.0,0.0,0.0,0.0,0.0,0.0,0.0,0.0,0.0,0.0,0.0,0.0,0.0,0.0,0.0,0.0,0.0,0.0,0.0,0.0,0.0,0.0,0.0,0.0,0.0,0.0,0.0,0.0,0.0,0.0,0.0,0.0,0.0,0.0,0.0,0.0,0.0,0.0,0.0,0.0,0.0,0.0,0.0,0.0,0.0,0.0,0.0,0.0,0.0,0.0,0.0,0.0,0.0,0.0,0.0,0.0,0.0,0.0,0.0,0.0,0.0,0.0,0.0,0.0,0.0,0.0,0.0,0.0,0.0,0.0,0.0,0.0,0.0,0.0,0.0,0.0,0.0,0.0,0.0,0.0,0.0,0.0,0.0,0.0,0.0,0.0,0.0,0.0,0.0,0.0,0.0,0.0,0.0,0.0,0.0,0.0,0.0,0.0,0.0,0.0,0.0,0.0,0.0,0.0,0.0,0.0,0.0,0.0,0.0,0.0,0.0,0.0,0.0,0.0,0.0,0.0,0.0,0.0,0.0,0.0,0.0,0.0,0.0,0.0,0.0,0.0,0.0,0.0,0.0,0.0,0.0,0.0,0.0,0.0,0.0,0.0,0.0,0.0,0.0,0.0,0.0,0.0,0.0,0.0,0.0,0.0,0.0,0.0,0.0,0.0,0.0,0.0,0.0,0.0,0.0,0.0,0.0,0.0,0.0,0.0,0.0,0.0,0.0,0.0,0.0,0.0,0.0,0.0,0.0,0.0,0.0,0.0,0.0,0.0,0.0,0.0,0.0,0.0,0.0,0.0,0.0,0.0,0.0,0.0,0.0,0.0,0.0,0.0,0.0,0.0,0.0,0.0,0.0,0.0,0.0,0.0,0.0,0.0,0.0,0.0,0.0,0.0,0.0,0.0,0.0,0.0,0.0,0.0,0.0,0.0,0.0,0.0,0.030742138156779817,0.0028387047062608116,-2.2542209628660785e-10,4.85784281380888e-7,-0.0002586093949096087,-5.3730257682624976e-5,3.036318431188681e-7,7.705980627139296e-7,0.001015888351278512,2.226647061660134e-10,-1.3381344935045287e-8,-0.0026190941006565267,-0.000323835665430803,8.530708497199654e-5,-0.0003177845909909488,2.7341659736946962e-5,2.0146918977906976e-7,0.0005779461112423114,1.3428301111144673e-11,-9.710565867982509e-10,2.5583382555982534e-7,6.657497259818604e-12,-0.00010153780917423512,-4.225674181990852e-5,3.13982211777411e-6,-3.0326686621438755e-8,-6.596406639002291e-7,-1.118936148613541e-8,-1.3088819004405115e-11,-4.6916156917414585e-5,1.8419317116950264e-5,1.962379202335295e-6,0.0005433949959316503,0.0049687425703165205,-9.259652953328805e-5,-3.055319347851613e-9,-0.003431849283805316,1.1262140889368073e-7,-1.0894822711057486e-7,-5.138480662799735e-9,-4.029072528388663e-6,2.0119238081801973e-10,1.892033996057972e-5,2.245263067277345e-8,-3.7964566239972013e-11,-1.5745661585755568e-10,7.895999005773438e-5,0.00014585097084579736,3.866543248380872e-6,-8.881534561982014e-7,-1.273944570702207e-6,-3.322416499621496e-8,4.24586041852563e-6,-2.4008174614004435e-9,-5.445040370927198e-9,7.052473263508111e-9,-8.150429485096588e-12,6.678984546110318e-7,-1.4267459492445746e-9,3.368681362371937e-7,-4.849453253998737e-7,6.7983705728657675e-9,-9.967877693006218e-6,-9.338326878161967e-10,8.518176763568481e-11,-2.440480478524218e-10,-4.784861775226823e-6,-6.420639100103481e-9,-0.0005840871556987128,4.4502812356239314e-6,5.880406622824163e-11,0.004154365716205032,-0.0028275713388897423,7.353912495250187e-8,2.6727667892361623e-6,-1.8538317998776596e-7,-7.726658408041204e-11,-0.003943973656119815,-0.00015336348960795962,0.00018614361868824958,2.7170069207417203e-8,-7.406518635526326e-5,-2.2908685955284114e-11,1.665051892292237e-5,0.00032773322251114636,-2.2235418949386823e-7,0.0035826237857504227,2.246643242945921e-10,0.00023248667237106178,2.4966811484466407e-10,3.247525121752578e-9,-1.4317316894309517e-11,0.00012186624817355269,0.005885326977221124,-0.0002208460939886427,0.00010870230478968827,-1.1573520036314048e-10,-0.0005674318524285715,-0.00011836144624420759,2.7275071366177185e-6,2.8942638556830504e-9,-6.528637704710152e-6,6.57232700405717e-5,4.381152562627314e-6,1.4222805924749053e-7,1.4958326682281237e-7,-3.12589936551077e-5,1.546693750288155e-6,-7.147626576118674e-9,-1.0444279685283171e-7,1.8198879983941636e-6,-0.0024080796525426424,-9.866685095124545e-6,-1.2212000189460062e-8,4.5195837340212626e-5,0.0008006926991401582,0.0010670255245453192,-1.8652758153429854e-10,-1.9045983604097658e-9,1.0994520126487101e-7,-4.9531476111755305e-8,-1.88309628601981e-7,-8.8753184316032e-8,-7.942911017058335e-5,-1.728833401691296e-6,2.036203432969988e-11,-3.24304373933803e-6,4.834762388527088e-7
0.0,0.0,0.0,0.0,0.0,0.0,0.0,0.0,0.0,0.0,0.0,0.0,0.0,0.0,0.0,0.0,0.0,0.0,0.0,0.0,0.0,0.0,0.0,0.0,0.0,0.0,0.0,0.0,0.0,0.0,0.0,0.0,0.0,0.0,0.0,0.0,0.0,0.0,0.0,0.0,0.0,0.0,0.0,0.0,0.0,0.0,0.0,0.0,0.0,0.0,0.0,0.0,0.0,0.0,0.0,0.0,0.0,0.0,0.0,0.0,0.0,0.0,0.0,0.0,0.0,0.0,0.0,0.0,0.0,0.0,0.0,0.0,0.0,0.0,0.0,0.0,0.0,0.0,0.0,0.0,0.0,0.0,0.0,0.0,0.0,0.0,0.0,0.0,0.0,0.0,0.0,0.0,0.0,0.0,0.0,0.0,0.0,0.0,0.0,0.0,0.0,0.0,0.0,0.0,0.0,0.0,0.0,0.0,0.0,0.0,0.0,0.0,0.0,0.0,0.0,0.0,0.0,0.0,0.0,0.0,0.0,0.0,0.0,0.0,0.0,0.0,0.0,0.0,0.0,0.0,0.0,0.0,0.0,0.0,0.0,0.0,0.0,0.0,0.0,0.0,0.0,0.0,0.0,0.0,0.0,0.0,0.0,0.0,0.0,0.0,0.0,0.0,0.0,0.0,0.0,0.0,0.0,0.0,0.0,0.0,0.0,0.0,0.0,0.0,0.0,0.0,0.0,0.0,0.0,0.0,0.0,0.0,0.0,0.0,0.0,0.0,0.0,0.0,0.0,0.0,0.0,0.0,0.0,0.0,0.0,0.0,0.0,0.0,0.0,0.0,0.0,0.0,0.0,0.0,0.0,0.0,0.0,0.0,0.0,0.0,0.0,0.0,0.0,0.0,0.0,0.0,0.0,0.0,0.0,0.0,0.0,0.0,0.0,0.0,0.0,0.0,0.0,0.0,0.0,0.0,0.0,0.0,0.0,0.0,0.0,0.0,0.0,0.0,0.0,0.0,0.0,0.0,0.0,0.0,0.0,0.0,0.0,0.0,0.0,0.0,0.0,0.0,0.0,0.0,0.0,0.0,0.0,0.0,0.0,0.0,0.0,0.0,0.0,0.0,0.0,0.0,0.0,0.0,0.0,0.0,0.0,0.0,0.0,0.0,0.0,0.0,0.0,0.0,0.0,0.0,0.0,0.0,0.0,0.0,0.0,0.0,0.0,0.0,0.0,0.0,0.0,0.0,0.0,0.0,0.0,0.0,0.0,0.0,0.0,0.0,0.0,0.0,0.0,0.0,0.0,0.0,0.0,0.0,0.0,0.0,0.0,0.0,0.0,0.0,0.0,0.0,0.0,0.0,0.0,0.0,0.0,0.0,0.0,0.0,0.0,0.0,0.0,0.0,0.0,0.0,0.0,0.0,0.0,0.0,0.0,0.0,0.0,0.0,0.0,0.0,0.0,0.0,0.0,0.0,0.0,0.0,0.0,0.0,0.0,0.0,0.0,0.0,0.0,0.0,0.0,0.0,0.0,0.0,0.0,0.0,0.0,0.0,0.0,0.0,0.0,0.0,0.0,0.0,0.0,0.0,0.0,0.0,0.0,0.0,0.0,0.0,0.0,0.0,0.0,0.0,0.0,0.0,0.0,0.0,0.0,0.0,0.0,0.0,0.0,0.0,0.0,0.0,0.0,0.0,0.0,0.0,0.0,0.0,0.0,0.0,0.0,0.0,0.0,0.0,0.0,0.0,0.0,0.0,0.0,0.0,0.0,0.0,0.0,0.0,0.0,0.0,0.0,0.0,0.0,0.0,0.0,0.0,0.0,0.0,0.0,0.0,0.0,0.0,0.0,0.0,0.0,0.0,0.0,0.0,0.0,0.0,0.0,0.0,0.0,0.0,0.0,0.0,0.0,0.0,0.0,0.0,0.0,0.0,0.0,0.0,0.0,0.0,0.0,0.0,0.0,0.0,0.0,0.0,0.0,0.0,0.0,0.0,0.0,0.0,0.0,0.0,0.0,0.0,0.0,0.0,0.0,0.0,0.0,0.0,0.0,0.0,0.0,0.0,0.0,0.0,0.0,0.0,0.0,0.0,0.0,0.0,0.0,0.0,0.0,0.0,0.0,0.0,0.0,0.0,0.0,0.0,0.0,0.0,0.0,0.0,0.0,0.0,0.0,0.0,0.0,0.0,0.0,0.0,0.0,0.0,0.0,0.0,0.0,0.0,0.0,0.0,0.0,0.0,0.0,0.0,0.0,0.0,0.0,0.0,0.0,0.0,0.0,0.0,0.0,0.0,0.0,0.0,0.0,0.0,0.0,0.0,0.0,0.0,0.0,0.0,0.0,0.0,0.0,0.0,0.0,0.0,0.0,0.0,0.0,0.0,0.0,0.0,0.0,0.0,0.0,0.0,0.0,0.0,0.0,0.0,0.0,0.0,0.0,0.0,0.0,0.0,0.0,0.0,0.0,0.0,0.0,0.0,0.0,0.0,0.0,0.0,0.0,0.0,0.0,0.0,0.0,0.0,0.0,0.0,0.0,0.0,0.0,0.0,0.0,0.0,0.0,0.0,0.0,0.0,0.0,0.0,0.0,0.0,0.0,0.0,0.0,0.0,0.0,0.0,0.0,0.0,0.0,0.0,0.0,0.0,0.0,0.0,0.0,0.0,0.0,0.0,0.0,0.0,0.0,0.0,0.0,0.0,0.0,0.0,0.0,0.0,0.0,0.0,0.0,0.0,0.0,0.0,0.0,0.0,0.0,0.0,0.0,0.0,0.0,0.0,0.0,0.0,0.0,0.0,0.0,0.0,0.0,0.0,0.0,0.0,0.0,0.0,0.0,0.0,0.0,0.0,0.0,0.0,0.0,0.0,0.0,0.0,0.0,0.0,0.0,0.0,0.0,0.0,0.0,0.0,0.0,0.0,0.0,0.0,0.0,0.0,0.0,0.0,0.0,0.0,0.0,0.0,0.03593979659277938,-1.566571681755376e-8,3.788332961000908e-5,-2.4550507737389747e-5,-0.002119456320779214,1.0420140806723358e-6,-3.6936910588739252e-6,1.0243141609189281e-5,3.808815156471581e-9,-5.7635356255475e-11,0.0004457499004995467,-0.0026788587267552546,0.0015202220612052998,-0.003246912941029442,3.313227120719108e-7,2.048060799727242e-6,0.00391915051610756,2.5628071679792835e-10,-7.305929934457881e-9,7.517166645712342e-6,-1.3579349133604651e-9,-0.002458235051365656,-1.3654021538116758e-6,-5.989216519977523e-8,-1.414247678221226e-6,-1.671737511710645e-5,-9.968058590575017e-8,-1.661987107826571e-10,2.603014918407871e-5,0.00012869928272133072,-8.675680253607233e-7,-0.0008984649537108015,-0.0006216722256436547,6.123253792465245e-6,4.459698836025911e-8,0.0008612473656726587,1.8296895248821625e-6,-3.8457566855462376e-7,5.3189039307888347e-8,-1.4228285402102809e-8,1.220806894656023e-9,-6.350156142585025e-5,3.691713210893235e-7,-4.402546440179188e-10,-2.173320036498443e-9,-0.0012623518792347949,0.0014209092716769023,1.572202206908455e-7,-3.053596074650663e-8,-2.047951918139538e-8,-6.607941192370819e-7,-2.07473968312214e-6,1.2985874195322892e-5,-1.2399957761434948e-7,5.948153842803453e-7,-5.549601289312698e-10,0.00018619500964530384,-4.984182076410261e-9,-6.385433840890817e-9,-2.65218937346682e-6,2.1596599742631706e-7,-0.00031267990218007615,-3.888359531290188e-9,3.0093961223469286e-9,3.3535281070993866e-10,6.291627323204185e-7,-1.4614056099175726e-7,-0.0006912129542428981,2.2935633378069644e-5,8.469058648816326e-10,-0.0008490468811009682,8.609214789514906e-5,-9.126690990290128e-6,2.8574167499427876e-8,1.295689535481349e-5,-2.8016040843076e-9,0.00015928296823814543,0.0027034100618434313,0.0026765120934948046,1.6279337693275568e-7,-7.47291833746309e-5,-3.237190740231499e-10,-1.5374671065294318e-6,-0.001756754388439094,3.4607390329489855e-6,-0.0003396969206479344,4.817535457793651e-10,1.6001989589799334e-5,-5.752696463607668e-9,3.574692316638826e-8,-2.89482631286947e-10,-7.273556778532691e-5,0.00016318979827143013,-0.0012872515690505331,0.0011738940561254313,-1.157205024397641e-9,-0.0002150897430136293,-4.2620088174161e-6,4.930694574957648e-5,1.759027279701733e-7,4.0456703076270255e-6,-0.0005923468968612513,-0.00011015845307235747,3.046504222800366e-6,-4.775418741903835e-7,3.876648700203952e-6,-6.935762957478078e-7,-4.521180003379759e-8,1.6425690884055454e-6,0.00023895539077379053,0.00013863699579264935,0.0007884326583135513,-9.956742365957032e-8,-0.0008680396018321254,-9.117186072501792e-6,-0.000105372961591843,-2.373503666435875e-9,-4.553769360153537e-8,2.7712659005670848e-6,-3.3286070202529535e-7,-2.6262977120432977e-6,-4.834097485118602e-7,-5.092472841539247e-6,-2.2234676533544535e-6,6.975546252923137e-11,-9.850396206787196e-6,-2.0941258723914798e-7
0.0,0.0,0.0,0.0,0.0,0.0,0.0,0.0,0.0,0.0,0.0,0.0,0.0,0.0,0.0,0.0,0.0,0.0,0.0,0.0,0.0,0.0,0.0,0.0,0.0,0.0,0.0,0.0,0.0,0.0,0.0,0.0,0.0,0.0,0.0,0.0,0.0,0.0,0.0,0.0,0.0,0.0,0.0,0.0,0.0,0.0,0.0,0.0,0.0,0.0,0.0,0.0,0.0,0.0,0.0,0.0,0.0,0.0,0.0,0.0,0.0,0.0,0.0,0.0,0.0,0.0,0.0,0.0,0.0,0.0,0.0,0.0,0.0,0.0,0.0,0.0,0.0,0.0,0.0,0.0,0.0,0.0,0.0,0.0,0.0,0.0,0.0,0.0,0.0,0.0,0.0,0.0,0.0,0.0,0.0,0.0,0.0,0.0,0.0,0.0,0.0,0.0,0.0,0.0,0.0,0.0,0.0,0.0,0.0,0.0,0.0,0.0,0.0,0.0,0.0,0.0,0.0,0.0,0.0,0.0,0.0,0.0,0.0,0.0,0.0,0.0,0.0,0.0,0.0,0.0,0.0,0.0,0.0,0.0,0.0,0.0,0.0,0.0,0.0,0.0,0.0,0.0,0.0,0.0,0.0,0.0,0.0,0.0,0.0,0.0,0.0,0.0,0.0,0.0,0.0,0.0,0.0,0.0,0.0,0.0,0.0,0.0,0.0,0.0,0.0,0.0,0.0,0.0,0.0,0.0,0.0,0.0,0.0,0.0,0.0,0.0,0.0,0.0,0.0,0.0,0.0,0.0,0.0,0.0,0.0,0.0,0.0,0.0,0.0,0.0,0.0,0.0,0.0,0.0,0.0,0.0,0.0,0.0,0.0,0.0,0.0,0.0,0.0,0.0,0.0,0.0,0.0,0.0,0.0,0.0,0.0,0.0,0.0,0.0,0.0,0.0,0.0,0.0,0.0,0.0,0.0,0.0,0.0,0.0,0.0,0.0,0.0,0.0,0.0,0.0,0.0,0.0,0.0,0.0,0.0,0.0,0.0,0.0,0.0,0.0,0.0,0.0,0.0,0.0,0.0,0.0,0.0,0.0,0.0,0.0,0.0,0.0,0.0,0.0,0.0,0.0,0.0,0.0,0.0,0.0,0.0,0.0,0.0,0.0,0.0,0.0,0.0,0.0,0.0,0.0,0.0,0.0,0.0,0.0,0.0,0.0,0.0,0.0,0.0,0.0,0.0,0.0,0.0,0.0,0.0,0.0,0.0,0.0,0.0,0.0,0.0,0.0,0.0,0.0,0.0,0.0,0.0,0.0,0.0,0.0,0.0,0.0,0.0,0.0,0.0,0.0,0.0,0.0,0.0,0.0,0.0,0.0,0.0,0.0,0.0,0.0,0.0,0.0,0.0,0.0,0.0,0.0,0.0,0.0,0.0,0.0,0.0,0.0,0.0,0.0,0.0,0.0,0.0,0.0,0.0,0.0,0.0,0.0,0.0,0.0,0.0,0.0,0.0,0.0,0.0,0.0,0.0,0.0,0.0,0.0,0.0,0.0,0.0,0.0,0.0,0.0,0.0,0.0,0.0,0.0,0.0,0.0,0.0,0.0,0.0,0.0,0.0,0.0,0.0,0.0,0.0,0.0,0.0,0.0,0.0,0.0,0.0,0.0,0.0,0.0,0.0,0.0,0.0,0.0,0.0,0.0,0.0,0.0,0.0,0.0,0.0,0.0,0.0,0.0,0.0,0.0,0.0,0.0,0.0,0.0,0.0,0.0,0.0,0.0,0.0,0.0,0.0,0.0,0.0,0.0,0.0,0.0,0.0,0.0,0.0,0.0,0.0,0.0,0.0,0.0,0.0,0.0,0.0,0.0,0.0,0.0,0.0,0.0,0.0,0.0,0.0,0.0,0.0,0.0,0.0,0.0,0.0,0.0,0.0,0.0,0.0,0.0,0.0,0.0,0.0,0.0,0.0,0.0,0.0,0.0,0.0,0.0,0.0,0.0,0.0,0.0,0.0,0.0,0.0,0.0,0.0,0.0,0.0,0.0,0.0,0.0,0.0,0.0,0.0,0.0,0.0,0.0,0.0,0.0,0.0,0.0,0.0,0.0,0.0,0.0,0.0,0.0,0.0,0.0,0.0,0.0,0.0,0.0,0.0,0.0,0.0,0.0,0.0,0.0,0.0,0.0,0.0,0.0,0.0,0.0,0.0,0.0,0.0,0.0,0.0,0.0,0.0,0.0,0.0,0.0,0.0,0.0,0.0,0.0,0.0,0.0,0.0,0.0,0.0,0.0,0.0,0.0,0.0,0.0,0.0,0.0,0.0,0.0,0.0,0.0,0.0,0.0,0.0,0.0,0.0,0.0,0.0,0.0,0.0,0.0,0.0,0.0,0.0,0.0,0.0,0.0,0.0,0.0,0.0,0.0,0.0,0.0,0.0,0.0,0.0,0.0,0.0,0.0,0.0,0.0,0.0,0.0,0.0,0.0,0.0,0.0,0.0,0.0,0.0,0.0,0.0,0.0,0.0,0.0,0.0,0.0,0.0,0.0,0.0,0.0,0.0,0.0,0.0,0.0,0.0,0.0,0.0,0.0,0.0,0.0,0.0,0.0,0.0,0.0,0.0,0.0,0.0,0.0,0.0,0.0,0.0,0.0,0.0,0.0,0.0,0.0,0.0,0.0,0.0,0.0,0.0,0.0,0.0,0.0,0.0,0.0,0.0,0.0,0.0,0.0,0.0,0.0,0.0,0.0,0.0,0.0,0.0,0.0,0.0,0.0,0.0,0.0,0.0,0.0,0.0,0.0,0.0,0.0,0.0,0.0,0.0,0.0,0.0,0.0,0.0,0.0,0.0,0.0,0.0,0.0,0.0,0.0,0.0,0.0,0.0,0.0,0.0,0.0,0.0,0.0,0.0,0.0,0.0,0.0,0.0,0.0,0.0,0.0,0.0,0.0,0.0,0.0,0.0,0.023216185814227235,-4.777512984607305e-7,9.799309181430898e-12,-2.9744603782801513e-10,6.8692688021607725e-6,1.3079590239398848e-6,1.2226321209372453e-12,0.002573640774830371,-0.000783950421801615,2.9968658930661723e-10,2.446588392545517e-8,-5.044846194496277e-8,-5.005123693131879e-9,5.613823997559119e-13,2.09629140469322e-5,4.7550833251955545e-9,-0.00023215454282199939,0.0009141494702269757,1.5341642154197427e-6,-0.002390362454246758,-2.154946196693406e-9,-1.3738024428234954e-12,9.762781278943355e-14,6.797741943224718e-5,2.630272695172144e-5,0.0004963766165337531,0.00010964561798603898,1.4481576853426628e-11,2.3765222006940632e-7,-5.907967622296329e-13,-5.23408132040832e-10,-5.797677501316123e-10,-1.851582486008369e-12,-0.0009268970872633415,3.468396685131376e-10,1.47356980524828e-5,-4.673944640024152e-5,-0.0015950058495678183,-1.433519032707855e-14,0.00034417490624212495,1.699620156675958e-7,5.083520246102552e-8,-0.0010967443458751022,0.007884507140872623,9.473162168522585e-9,-1.8520390388391088e-8,5.2672730010344994e-14,-2.1290037581953257e-14,-3.460106509310663e-14,-8.712211574875003e-6,-2.6594291766560413e-13,-8.746891171166832e-6,0.0004727966019887634,-0.00028648119997725063,0.0020146039106330982,-3.2765190394415456e-7,-0.00289053573075154,1.2046453166399236e-14,1.593567128020747e-5,-0.0002953295165363667,-1.7269384581384812e-7,-0.0006269423335309914,-0.0031370016549662097,-0.0042017239100771465,1.332579748586267e-13,2.3853112644889354e-5,-1.6049134645819568e-10,3.2989804465184094e-7,-0.0004272134067369633,-1.1840885984914192e-9,2.216341255917231e-11,1.1149821580102883e-6,2.4196890527948187e-13,4.401765683077171e-7,-0.001295311138032336,1.555074649024343e-10,-1.0924276689344733e-7,9.077067126990323e-9,3.4055380206011096e-5,-4.301332963312142e-8,0.0003024586517173827,3.2717667695505857e-13,1.5661850296776644e-9,7.097914651836081e-7,-3.080836162834458e-11,0.001068815474225327,1.6471504705177706e-12,0.0001654581613781402,0.0011381761530531668,-2.2985255477463492e-5,-4.983897719885849e-11,1.839163891064947e-10,1.6821643163383353e-8,-1.0402826136451834e-9,0.0003102553652376521,-1.6317330085021703e-10,-2.9109574771305e-12,-4.610262057037585e-7,-0.0014665869807425863,-4.173543349772168e-13,6.197338591464133e-9,-1.749207649876234e-8,-2.6758963405712364e-5,-1.0290905886129764e-5,9.538102967946163e-13,-1.5863224431928059e-13,0.00042640944848000085,-1.1558429658603418e-5,8.489119612995838e-8,6.311770742223765e-11,-3.5826526082476493e-7,-2.8857837413549113e-5,-2.9483900363263866e-8,3.824344385178637e-12,3.7785792060988964e-10,-6.333566270429796e-5,0.0024596594681148,1.1829463515270087e-5,9.889691440382993e-5,-4.3403465795996445e-6,-0.00011952122658859733,-4.558245512465414e-12,-1.1087585036310088e-12,-0.0008195336828612322,-5.268838697464337e-7,-7.98226764620706e-14
0.0,0.0,0.0,0.0,0.0,0.0,0.0,0.0,0.0,0.0,0.0,0.0,0.0,0.0,0.0,0.0,0.0,0.0,0.0,0.0,0.0,0.0,0.0,0.0,0.0,0.0,0.0,0.0,0.0,0.0,0.0,0.0,0.0,0.0,0.0,0.0,0.0,0.0,0.0,0.0,0.0,0.0,0.0,0.0,0.0,0.0,0.0,0.0,0.0,0.0,0.0,0.0,0.0,0.0,0.0,0.0,0.0,0.0,0.0,0.0,0.0,0.0,0.0,0.0,0.0,0.0,0.0,0.0,0.0,0.0,0.0,0.0,0.0,0.0,0.0,0.0,0.0,0.0,0.0,0.0,0.0,0.0,0.0,0.0,0.0,0.0,0.0,0.0,0.0,0.0,0.0,0.0,0.0,0.0,0.0,0.0,0.0,0.0,0.0,0.0,0.0,0.0,0.0,0.0,0.0,0.0,0.0,0.0,0.0,0.0,0.0,0.0,0.0,0.0,0.0,0.0,0.0,0.0,0.0,0.0,0.0,0.0,0.0,0.0,0.0,0.0,0.0,0.0,0.0,0.0,0.0,0.0,0.0,0.0,0.0,0.0,0.0,0.0,0.0,0.0,0.0,0.0,0.0,0.0,0.0,0.0,0.0,0.0,0.0,0.0,0.0,0.0,0.0,0.0,0.0,0.0,0.0,0.0,0.0,0.0,0.0,0.0,0.0,0.0,0.0,0.0,0.0,0.0,0.0,0.0,0.0,0.0,0.0,0.0,0.0,0.0,0.0,0.0,0.0,0.0,0.0,0.0,0.0,0.0,0.0,0.0,0.0,0.0,0.0,0.0,0.0,0.0,0.0,0.0,0.0,0.0,0.0,0.0,0.0,0.0,0.0,0.0,0.0,0.0,0.0,0.0,0.0,0.0,0.0,0.0,0.0,0.0,0.0,0.0,0.0,0.0,0.0,0.0,0.0,0.0,0.0,0.0,0.0,0.0,0.0,0.0,0.0,0.0,0.0,0.0,0.0,0.0,0.0,0.0,0.0,0.0,0.0,0.0,0.0,0.0,0.0,0.0,0.0,0.0,0.0,0.0,0.0,0.0,0.0,0.0,0.0,0.0,0.0,0.0,0.0,0.0,0.0,0.0,0.0,0.0,0.0,0.0,0.0,0.0,0.0,0.0,0.0,0.0,0.0,0.0,0.0,0.0,0.0,0.0,0.0,0.0,0.0,0.0,0.0,0.0,0.0,0.0,0.0,0.0,0.0,0.0,0.0,0.0,0.0,0.0,0.0,0.0,0.0,0.0,0.0,0.0,0.0,0.0,0.0,0.0,0.0,0.0,0.0,0.0,0.0,0.0,0.0,0.0,0.0,0.0,0.0,0.0,0.0,0.0,0.0,0.0,0.0,0.0,0.0,0.0,0.0,0.0,0.0,0.0,0.0,0.0,0.0,0.0,0.0,0.0,0.0,0.0,0.0,0.0,0.0,0.0,0.0,0.0,0.0,0.0,0.0,0.0,0.0,0.0,0.0,0.0,0.0,0.0,0.0,0.0,0.0,0.0,0.0,0.0,0.0,0.0,0.0,0.0,0.0,0.0,0.0,0.0,0.0,0.0,0.0,0.0,0.0,0.0,0.0,0.0,0.0,0.0,0.0,0.0,0.0,0.0,0.0,0.0,0.0,0.0,0.0,0.0,0.0,0.0,0.0,0.0,0.0,0.0,0.0,0.0,0.0,0.0,0.0,0.0,0.0,0.0,0.0,0.0,0.0,0.0,0.0,0.0,0.0,0.0,0.0,0.0,0.0,0.0,0.0,0.0,0.0,0.0,0.0,0.0,0.0,0.0,0.0,0.0,0.0,0.0,0.0,0.0,0.0,0.0,0.0,0.0,0.0,0.0,0.0,0.0,0.0,0.0,0.0,0.0,0.0,0.0,0.0,0.0,0.0,0.0,0.0,0.0,0.0,0.0,0.0,0.0,0.0,0.0,0.0,0.0,0.0,0.0,0.0,0.0,0.0,0.0,0.0,0.0,0.0,0.0,0.0,0.0,0.0,0.0,0.0,0.0,0.0,0.0,0.0,0.0,0.0,0.0,0.0,0.0,0.0,0.0,0.0,0.0,0.0,0.0,0.0,0.0,0.0,0.0,0.0,0.0,0.0,0.0,0.0,0.0,0.0,0.0,0.0,0.0,0.0,0.0,0.0,0.0,0.0,0.0,0.0,0.0,0.0,0.0,0.0,0.0,0.0,0.0,0.0,0.0,0.0,0.0,0.0,0.0,0.0,0.0,0.0,0.0,0.0,0.0,0.0,0.0,0.0,0.0,0.0,0.0,0.0,0.0,0.0,0.0,0.0,0.0,0.0,0.0,0.0,0.0,0.0,0.0,0.0,0.0,0.0,0.0,0.0,0.0,0.0,0.0,0.0,0.0,0.0,0.0,0.0,0.0,0.0,0.0,0.0,0.0,0.0,0.0,0.0,0.0,0.0,0.0,0.0,0.0,0.0,0.0,0.0,0.0,0.0,0.0,0.0,0.0,0.0,0.0,0.0,0.0,0.0,0.0,0.0,0.0,0.0,0.0,0.0,0.0,0.0,0.0,0.0,0.0,0.0,0.0,0.0,0.0,0.0,0.0,0.0,0.0,0.0,0.0,0.0,0.0,0.0,0.0,0.0,0.0,0.0,0.0,0.0,0.0,0.0,0.0,0.0,0.0,0.0,0.0,0.0,0.0,0.0,0.0,0.0,0.0,0.0,0.0,0.0,0.0,0.0,0.0,0.0,0.0,0.0,0.0,0.0,0.0,0.0,0.0,0.0,0.0,0.0,0.0,0.0,0.0,0.0,0.0,0.0,0.0,0.0,0.0,0.0,0.0,0.0,0.0,0.0,0.0,0.0,0.0,0.0,0.0,0.0,0.0,0.0,0.0,0.0,0.0,0.0,0.0,0.0,0.0,0.0,0.0,0.0,0.0,0.0,0.0,0.0,0.0,0.021356582234384466,8.515450196383262e-8,1.8700558850213015e-6,-0.0008437813497261089,0.0015832462801055355,9.767145095960834e-8,2.3879999606280518e-6,4.835376930881042e-5,-3.3370876621281005e-7,8.136574136928006e-5,0.00018822759105214385,6.154283927490245e-6,-2.7382244025463686e-9,-0.00051790056149522,2.1135789454713434e-5,-2.1463474091727445e-8,3.2340686300937856e-6,0.008846521300186278,-1.0756893364628484e-6,2.098982977704339e-6,-4.4440689574971106e-9,-1.1698666846146702e-10,0.00019851625265225812,0.002128878773520955,5.714377275674805e-6,6.992603512512975e-10,-4.897741735175048e-8,0.0016901988572226917,-1.6825819876797515e-9,1.333256168712907e-6,-1.961973993505382e-8,-1.4033560862895072e-8,2.801237691799513e-5,-1.9608750494580447e-6,-0.0003251325510326046,-0.002187522113619782,-3.4342268234020144e-5,-6.895496589216652e-10,-1.79937140890422e-7,-5.166255098004658e-5,0.00040366879238039804,-3.271147308028827e-7,1.7263385855387468e-6,-1.2408334362615871e-5,-6.595885734083534e-5,-7.623777994084914e-11,-9.77559105812683e-11,-3.6395297394004217e-10,0.0003661296229829762,2.7285924217472482e-9,0.002265163981917226,2.43449422623531e-6,-0.00013419113005141119,-1.0507937770836865e-7,-0.0014931574063953938,1.9459056312107597e-6,6.4348653260426e-11,0.000890643225347582,-9.077349572376497e-5,0.0013386705085502504,-2.1376822251155528e-6,-1.0304210782262027e-7,8.265359093207718e-7,-1.7312221995790366e-9,-0.0005175072311225267,2.936118212925659e-6,0.0024112996376806197,2.0030142729385458e-8,1.662657073273399e-5,-5.04264918061707e-7,-0.006745281692382931,-1.652207775684393e-9,-0.0016412952029995166,-1.1260626028381213e-6,-8.409476123229287e-7,-0.00034688239276818014,4.267909366531597e-5,-5.291749793865321e-5,-0.0005067026826276293,1.7887106291205643e-8,1.4187525285765901e-8,-0.0002400000925554775,0.003406459871987819,6.935410420692392e-7,-4.753413045859264e-7,-3.029727154183698e-8,-2.5602466111727162e-6,2.9057862209235344e-5,-5.420812669163833e-8,7.191647135316506e-8,9.105979285056263e-7,-6.437098842658381e-5,0.00014190404926355207,2.1600941867865317e-7,-1.4298325184417028e-8,-1.0404096879198902e-8,-0.006089280815391273,1.9010221690561886e-5,-1.770133750967298e-8,3.593059377734599e-5,0.0002671987637458803,-0.0007709532730433605,-0.0010266704397038269,-9.673399912273775e-9,1.107925778952181e-9,1.4492618300790335e-6,6.23098816612013e-5,-0.00042139565602958805,-8.053812622500916e-8,0.001293764426694385,2.4971431715784797e-5,0.00015665511758004703,-5.462911305174279e-7,-1.5619298161785249e-6,-1.1599434258276456e-6,-5.346791524281109e-6,0.00024005870106264083,0.00011253071102493295,0.0010529271972366829,0.00037540665624926034,-1.0196055205315618e-8,2.902507887742856e-9,-1.5605918006076384e-7,-0.0017137561082919,1.367996854910262e-10
0.0,0.0,0.0,0.0,0.0,0.0,0.0,0.0,0.0,0.0,0.0,0.0,0.0,0.0,0.0,0.0,0.0,0.0,0.0,0.0,0.0,0.0,0.0,0.0,0.0,0.0,0.0,0.0,0.0,0.0,0.0,0.0,0.0,0.0,0.0,0.0,0.0,0.0,0.0,0.0,0.0,0.0,0.0,0.0,0.0,0.0,0.0,0.0,0.0,0.0,0.0,0.0,0.0,0.0,0.0,0.0,0.0,0.0,0.0,0.0,0.0,0.0,0.0,0.0,0.0,0.0,0.0,0.0,0.0,0.0,0.0,0.0,0.0,0.0,0.0,0.0,0.0,0.0,0.0,0.0,0.0,0.0,0.0,0.0,0.0,0.0,0.0,0.0,0.0,0.0,0.0,0.0,0.0,0.0,0.0,0.0,0.0,0.0,0.0,0.0,0.0,0.0,0.0,0.0,0.0,0.0,0.0,0.0,0.0,0.0,0.0,0.0,0.0,0.0,0.0,0.0,0.0,0.0,0.0,0.0,0.0,0.0,0.0,0.0,0.0,0.0,0.0,0.0,0.0,0.0,0.0,0.0,0.0,0.0,0.0,0.0,0.0,0.0,0.0,0.0,0.0,0.0,0.0,0.0,0.0,0.0,0.0,0.0,0.0,0.0,0.0,0.0,0.0,0.0,0.0,0.0,0.0,0.0,0.0,0.0,0.0,0.0,0.0,0.0,0.0,0.0,0.0,0.0,0.0,0.0,0.0,0.0,0.0,0.0,0.0,0.0,0.0,0.0,0.0,0.0,0.0,0.0,0.0,0.0,0.0,0.0,0.0,0.0,0.0,0.0,0.0,0.0,0.0,0.0,0.0,0.0,0.0,0.0,0.0,0.0,0.0,0.0,0.0,0.0,0.0,0.0,0.0,0.0,0.0,0.0,0.0,0.0,0.0,0.0,0.0,0.0,0.0,0.0,0.0,0.0,0.0,0.0,0.0,0.0,0.0,0.0,0.0,0.0,0.0,0.0,0.0,0.0,0.0,0.0,0.0,0.0,0.0,0.0,0.0,0.0,0.0,0.0,0.0,0.0,0.0,0.0,0.0,0.0,0.0,0.0,0.0,0.0,0.0,0.0,0.0,0.0,0.0,0.0,0.0,0.0,0.0,0.0,0.0,0.0,0.0,0.0,0.0,0.0,0.0,0.0,0.0,0.0,0.0,0.0,0.0,0.0,0.0,0.0,0.0,0.0,0.0,0.0,0.0,0.0,0.0,0.0,0.0,0.0,0.0,0.0,0.0,0.0,0.0,0.0,0.0,0.0,0.0,0.0,0.0,0.0,0.0,0.0,0.0,0.0,0.0,0.0,0.0,0.0,0.0,0.0,0.0,0.0,0.0,0.0,0.0,0.0,0.0,0.0,0.0,0.0,0.0,0.0,0.0,0.0,0.0,0.0,0.0,0.0,0.0,0.0,0.0,0.0,0.0,0.0,0.0,0.0,0.0,0.0,0.0,0.0,0.0,0.0,0.0,0.0,0.0,0.0,0.0,0.0,0.0,0.0,0.0,0.0,0.0,0.0,0.0,0.0,0.0,0.0,0.0,0.0,0.0,0.0,0.0,0.0,0.0,0.0,0.0,0.0,0.0,0.0,0.0,0.0,0.0,0.0,0.0,0.0,0.0,0.0,0.0,0.0,0.0,0.0,0.0,0.0,0.0,0.0,0.0,0.0,0.0,0.0,0.0,0.0,0.0,0.0,0.0,0.0,0.0,0.0,0.0,0.0,0.0,0.0,0.0,0.0,0.0,0.0,0.0,0.0,0.0,0.0,0.0,0.0,0.0,0.0,0.0,0.0,0.0,0.0,0.0,0.0,0.0,0.0,0.0,0.0,0.0,0.0,0.0,0.0,0.0,0.0,0.0,0.0,0.0,0.0,0.0,0.0,0.0,0.0,0.0,0.0,0.0,0.0,0.0,0.0,0.0,0.0,0.0,0.0,0.0,0.0,0.0,0.0,0.0,0.0,0.0,0.0,0.0,0.0,0.0,0.0,0.0,0.0,0.0,0.0,0.0,0.0,0.0,0.0,0.0,0.0,0.0,0.0,0.0,0.0,0.0,0.0,0.0,0.0,0.0,0.0,0.0,0.0,0.0,0.0,0.0,0.0,0.0,0.0,0.0,0.0,0.0,0.0,0.0,0.0,0.0,0.0,0.0,0.0,0.0,0.0,0.0,0.0,0.0,0.0,0.0,0.0,0.0,0.0,0.0,0.0,0.0,0.0,0.0,0.0,0.0,0.0,0.0,0.0,0.0,0.0,0.0,0.0,0.0,0.0,0.0,0.0,0.0,0.0,0.0,0.0,0.0,0.0,0.0,0.0,0.0,0.0,0.0,0.0,0.0,0.0,0.0,0.0,0.0,0.0,0.0,0.0,0.0,0.0,0.0,0.0,0.0,0.0,0.0,0.0,0.0,0.0,0.0,0.0,0.0,0.0,0.0,0.0,0.0,0.0,0.0,0.0,0.0,0.0,0.0,0.0,0.0,0.0,0.0,0.0,0.0,0.0,0.0,0.0,0.0,0.0,0.0,0.0,0.0,0.0,0.0,0.0,0.0,0.0,0.0,0.0,0.0,0.0,0.0,0.0,0.0,0.0,0.0,0.0,0.0,0.0,0.0,0.0,0.0,0.0,0.0,0.0,0.0,0.0,0.0,0.0,0.0,0.0,0.0,0.0,0.0,0.0,0.0,0.0,0.0,0.0,0.0,0.0,0.0,0.0,0.0,0.0,0.0,0.0,0.0,0.0,0.0,0.0,0.0,0.0,0.0,0.0,0.0,0.0,0.0,0.0,0.0,0.0,0.0,0.0,0.0,0.0,0.0,0.0,0.0,0.0,0.0,0.0,0.0,0.0,0.0,0.0,0.0,0.0,0.0,0.0,0.0,0.0,0.0,0.0,0.0,0.0,0.0,0.0,0.0,0.0,0.0,0.0,0.0,0.0,0.0,0.02466168400098313,3.512843008737665e-5,2.5806175690538306e-8,4.401457893916934e-8,0.001658630313899051,1.1597683524695934e-12,-6.962813712856606e-10,-0.00040335138053507235,-2.987488705893174e-6,-5.808108726151807e-7,-2.5496851478767276e-5,9.681511829795264e-5,7.71575165970772e-9,3.7621752420681547e-6,6.783484592100612e-13,-5.2764950133224606e-11,-2.9610459439387594e-8,7.648291226884166e-12,-5.992073903149145e-5,0.00028696776067213927,-8.809162141606393e-5,-1.0697950158540334e-9,-3.4336112653872913e-8,-9.562926120994577e-10,-5.93634523717436e-13,-0.0012932132117787895,1.214159457327358e-6,-3.658320719027011e-5,0.000306314532373094,0.00024610796802117995,-0.0009070586597908563,-2.418704440578201e-10,-0.001887119786952383,5.937012487405988e-9,-5.101431244797943e-10,-2.4530379543972567e-10,-1.6148585976859454e-5,1.34397410527736e-11,1.4779518726789426e-6,-1.3866446073145612e-9,1.20125739399188e-12,-1.7103958906377513e-11,2.803911115099224e-5,-7.953228063889466e-6,9.737577573117647e-6,7.064841157669578e-6,8.184959768886055e-6,5.923781092518262e-10,-5.1482490396313915e-5,9.493396576071412e-9,-1.875208154279638e-10,-9.260173647598558e-10,-1.3145842481472348e-12,-1.812576254814829e-7,-5.816609994704429e-11,8.376371089361617e-7,-2.2372056229083305e-8,-2.428989776648944e-10,1.6885661372958806e-7,-4.212741834638241e-11,-2.7771484857280257e-12,1.821754676337349e-12,5.237001435459418e-5,1.3550771658970889e-9,0.0016008858922519891,-2.9053164532119816e-7,3.4064552035594358e-12,0.00022911554408472072,-0.0008139446564779932,-4.2009909066473496e-8,-0.00017119456882777284,3.219733514366721e-8,-3.841727877393003e-11,-0.0014069265729628223,-7.85077333076379e-6,4.234110599828983e-5,1.5156808189716183e-9,-5.809670152557767e-7,-1.707076338490345e-12,-0.0010159688591505902,5.273885202123157e-6,-1.7010144933291177e-8,0.0015045266666245682,9.633458516554469e-12,-6.693156617011508e-5,2.6932095482823093e-11,5.6990700111325746e-11,-6.984553927076006e-13,-0.006813392622843551,4.6275543854059105e-5,-2.565594236592464e-6,3.46386451838395e-6,-7.405567259096779e-12,-0.0007014721775956628,-0.00019735806679139508,6.421503392662553e-8,1.0006947221466031e-10,-0.00030386221393858653,-5.497997317756691e-7,-3.2727148929479726e-7,8.18564233096112e-9,9.457501110883003e-9,0.00015611603751271283,-4.834993067120354e-5,-5.318996383348318e-10,-8.75657144913719e-9,-1.6792208802342703e-6,0.0025841690278906996,-1.1890217291527663e-6,-8.009013932952575e-10,8.364124785608927e-7,-0.0003895128996020485,7.910201461770107e-5,-5.621038570712385e-12,-7.232412238286041e-11,7.052817415582785e-9,-2.2818339908663753e-9,-7.0333206716535565e-9,-6.533104143898519e-9,0.0005692686212787268,-0.00016280513714131116,5.631374748784831e-13,-2.487715834000884e-7,-6.6604479877495635e-6
0.0,0.0,0.0,0.0,0.0,0.0,0.0,0.0,0.0,0.0,0.0,0.0,0.0,0.0,0.0,0.0,0.0,0.0,0.0,0.0,0.0,0.0,0.0,0.0,0.0,0.0,0.0,0.0,0.0,0.0,0.0,0.0,0.0,0.0,0.0,0.0,0.0,0.0,0.0,0.0,0.0,0.0,0.0,0.0,0.0,0.0,0.0,0.0,0.0,0.0,0.0,0.0,0.0,0.0,0.0,0.0,0.0,0.0,0.0,0.0,0.0,0.0,0.0,0.0,0.0,0.0,0.0,0.0,0.0,0.0,0.0,0.0,0.0,0.0,0.0,0.0,0.0,0.0,0.0,0.0,0.0,0.0,0.0,0.0,0.0,0.0,0.0,0.0,0.0,0.0,0.0,0.0,0.0,0.0,0.0,0.0,0.0,0.0,0.0,0.0,0.0,0.0,0.0,0.0,0.0,0.0,0.0,0.0,0.0,0.0,0.0,0.0,0.0,0.0,0.0,0.0,0.0,0.0,0.0,0.0,0.0,0.0,0.0,0.0,0.0,0.0,0.0,0.0,0.0,0.0,0.0,0.0,0.0,0.0,0.0,0.0,0.0,0.0,0.0,0.0,0.0,0.0,0.0,0.0,0.0,0.0,0.0,0.0,0.0,0.0,0.0,0.0,0.0,0.0,0.0,0.0,0.0,0.0,0.0,0.0,0.0,0.0,0.0,0.0,0.0,0.0,0.0,0.0,0.0,0.0,0.0,0.0,0.0,0.0,0.0,0.0,0.0,0.0,0.0,0.0,0.0,0.0,0.0,0.0,0.0,0.0,0.0,0.0,0.0,0.0,0.0,0.0,0.0,0.0,0.0,0.0,0.0,0.0,0.0,0.0,0.0,0.0,0.0,0.0,0.0,0.0,0.0,0.0,0.0,0.0,0.0,0.0,0.0,0.0,0.0,0.0,0.0,0.0,0.0,0.0,0.0,0.0,0.0,0.0,0.0,0.0,0.0,0.0,0.0,0.0,0.0,0.0,0.0,0.0,0.0,0.0,0.0,0.0,0.0,0.0,0.0,0.0,0.0,0.0,0.0,0.0,0.0,0.0,0.0,0.0,0.0,0.0,0.0,0.0,0.0,0.0,0.0,0.0,0.0,0.0,0.0,0.0,0.0,0.0,0.0,0.0,0.0,0.0,0.0,0.0,0.0,0.0,0.0,0.0,0.0,0.0,0.0,0.0,0.0,0.0,0.0,0.0,0.0,0.0,0.0,0.0,0.0,0.0,0.0,0.0,0.0,0.0,0.0,0.0,0.0,0.0,0.0,0.0,0.0,0.0,0.0,0.0,0.0,0.0,0.0,0.0,0.0,0.0,0.0,0.0,0.0,0.0,0.0,0.0,0.0,0.0,0.0,0.0,0.0,0.0,0.0,0.0,0.0,0.0,0.0,0.0,0.0,0.0,0.0,0.0,0.0,0.0,0.0,0.0,0.0,0.0,0.0,0.0,0.0,0.0,0.0,0.0,0.0,0.0,0.0,0.0,0.0,0.0,0.0,0.0,0.0,0.0,0.0,0.0,0.0,0.0,0.0,0.0,0.0,0.0,0.0,0.0,0.0,0.0,0.0,0.0,0.0,0.0,0.0,0.0,0.0,0.0,0.0,0.0,0.0,0.0,0.0,0.0,0.0,0.0,0.0,0.0,0.0,0.0,0.0,0.0,0.0,0.0,0.0,0.0,0.0,0.0,0.0,0.0,0.0,0.0,0.0,0.0,0.0,0.0,0.0,0.0,0.0,0.0,0.0,0.0,0.0,0.0,0.0,0.0,0.0,0.0,0.0,0.0,0.0,0.0,0.0,0.0,0.0,0.0,0.0,0.0,0.0,0.0,0.0,0.0,0.0,0.0,0.0,0.0,0.0,0.0,0.0,0.0,0.0,0.0,0.0,0.0,0.0,0.0,0.0,0.0,0.0,0.0,0.0,0.0,0.0,0.0,0.0,0.0,0.0,0.0,0.0,0.0,0.0,0.0,0.0,0.0,0.0,0.0,0.0,0.0,0.0,0.0,0.0,0.0,0.0,0.0,0.0,0.0,0.0,0.0,0.0,0.0,0.0,0.0,0.0,0.0,0.0,0.0,0.0,0.0,0.0,0.0,0.0,0.0,0.0,0.0,0.0,0.0,0.0,0.0,0.0,0.0,0.0,0.0,0.0,0.0,0.0,0.0,0.0,0.0,0.0,0.0,0.0,0.0,0.0,0.0,0.0,0.0,0.0,0.0,0.0,0.0,0.0,0.0,0.0,0.0,0.0,0.0,0.0,0.0,0.0,0.0,0.0,0.0,0.0,0.0,0.0,0.0,0.0,0.0,0.0,0.0,0.0,0.0,0.0,0.0,0.0,0.0,0.0,0.0,0.0,0.0,0.0,0.0,0.0,0.0,0.0,0.0,0.0,0.0,0.0,0.0,0.0,0.0,0.0,0.0,0.0,0.0,0.0,0.0,0.0,0.0,0.0,0.0,0.0,0.0,0.0,0.0,0.0,0.0,0.0,0.0,0.0,0.0,0.0,0.0,0.0,0.0,0.0,0.0,0.0,0.0,0.0,0.0,0.0,0.0,0.0,0.0,0.0,0.0,0.0,0.0,0.0,0.0,0.0,0.0,0.0,0.0,0.0,0.0,0.0,0.0,0.0,0.0,0.0,0.0,0.0,0.0,0.0,0.0,0.0,0.0,0.0,0.0,0.0,0.0,0.0,0.0,0.0,0.0,0.0,0.0,0.0,0.0,0.0,0.0,0.0,0.0,0.0,0.0,0.0,0.0,0.0,0.0,0.0,0.0,0.0,0.0,0.0,0.0,0.0,0.0,0.0,0.0,0.0,0.0,0.0,0.0,0.0,0.0,0.0,0.0,0.0,0.0,0.0,0.0,0.0,0.0,0.0,0.0,0.0,0.0,0.0,0.0,0.0,0.0,0.0,0.0,0.0,0.0,0.0,0.0,0.0,0.0,0.02879871299460145,2.9344238616237193e-6,2.3726340213660216e-6,-3.0228664262378243e-5,-4.844030338257425e-9,1.7848099502195616e-7,0.0007815544647931966,-0.00037776257960243383,0.0006671207485029077,0.0024071651800794854,7.320125370885804e-7,-2.1786608847257653e-6,-0.004437483302237954,-2.2803096104592095e-11,1.2224045794262893e-8,-2.4989653078019612e-6,1.1770601948443368e-9,-0.004704759005276515,1.151281181026431e-6,-1.261304396327317e-7,9.534231113148352e-7,-9.448427455977671e-6,-2.671626887156048e-7,-6.364336192571515e-11,2.030099188905685e-5,-0.00018729498670712306,-1.049805007993667e-6,-0.00019298403458795985,-4.322022218963282e-6,-1.0497695583547644e-5,3.9717594293854644e-8,4.490084648844425e-5,-5.080662419421583e-7,-3.882104137448245e-6,2.3024470213010005e-8,5.442207120322077e-9,5.050775264792683e-10,-0.00013440434051170604,-1.5463484907465753e-6,5.582074234108237e-10,-3.2746400734317865e-9,-0.0008782282282093079,-0.0014244688952160336,-9.433484458440601e-8,3.5576099596630535e-8,-9.860654227140869e-8,6.568376119552739e-7,4.764832084349258e-7,8.023117439406244e-6,-3.8223523370081854e-10,-6.68774679067835e-7,-1.0501087891087402e-10,-2.813073551674923e-5,-5.045731924416591e-9,3.665577348385768e-8,1.433598717055878e-6,-4.48049801655948e-7,0.0002667918892591245,3.2467156109944153e-9,5.913203439579375e-10,1.2927125016813537e-8,-1.1844217755758659e-7,-1.347269193996235e-6,0.0011931326357323942,-0.0003217380427515227,-9.658331890949195e-11,-0.0004925658761315117,4.162994304019193e-5,-2.6865374478287305e-5,-1.6312659952956386e-7,-2.0662415387314544e-6,-1.6318668527596456e-8,0.0003338179651860156,0.0027985298796393337,0.0005303136224386219,-3.1993411055622484e-7,0.001900415410954756,8.224263928141865e-11,-1.2965544076957521e-6,0.0009705261325645949,5.988292205883922e-6,-2.6187541835469835e-6,-4.358242779378736e-9,-9.653698753750091e-6,-7.651528833253567e-9,-3.733120048153059e-8,1.283728669754385e-10,-5.994188623179551e-5,0.00010015338696178991,0.0034378578543127216,-0.00015930450556147176,5.227836623999662e-10,-8.755920479235711e-5,8.849251283145602e-7,-1.1376023918754264e-6,5.722018055372507e-8,-3.7346758102356574e-6,-0.0026429878107362002,0.00048054040956161287,-1.9180880702173203e-6,-2.5302535513047814e-6,1.3872338990224077e-6,2.3718790781244986e-7,-1.5100108618108328e-8,3.460378753122452e-6,-0.0008530151199635142,6.971229309699887e-5,0.00013401929067753887,-1.983964939361856e-8,0.0011733346226010491,5.7921482808921264e-5,0.0006838041978483345,3.363255028308502e-9,-7.140819883585969e-10,4.989858616761669e-7,1.0527290022125899e-6,1.0009802681513055e-6,-3.9636248574318956e-7,1.8592082704136785e-6,-3.062416342942434e-7,1.3661414777047552e-10,2.1887507290554902e-5,-7.703323233518212e-9
0.0,0.0,0.0,0.0,0.0,0.0,0.0,0.0,0.0,0.0,0.0,0.0,0.0,0.0,0.0,0.0,0.0,0.0,0.0,0.0,0.0,0.0,0.0,0.0,0.0,0.0,0.0,0.0,0.0,0.0,0.0,0.0,0.0,0.0,0.0,0.0,0.0,0.0,0.0,0.0,0.0,0.0,0.0,0.0,0.0,0.0,0.0,0.0,0.0,0.0,0.0,0.0,0.0,0.0,0.0,0.0,0.0,0.0,0.0,0.0,0.0,0.0,0.0,0.0,0.0,0.0,0.0,0.0,0.0,0.0,0.0,0.0,0.0,0.0,0.0,0.0,0.0,0.0,0.0,0.0,0.0,0.0,0.0,0.0,0.0,0.0,0.0,0.0,0.0,0.0,0.0,0.0,0.0,0.0,0.0,0.0,0.0,0.0,0.0,0.0,0.0,0.0,0.0,0.0,0.0,0.0,0.0,0.0,0.0,0.0,0.0,0.0,0.0,0.0,0.0,0.0,0.0,0.0,0.0,0.0,0.0,0.0,0.0,0.0,0.0,0.0,0.0,0.0,0.0,0.0,0.0,0.0,0.0,0.0,0.0,0.0,0.0,0.0,0.0,0.0,0.0,0.0,0.0,0.0,0.0,0.0,0.0,0.0,0.0,0.0,0.0,0.0,0.0,0.0,0.0,0.0,0.0,0.0,0.0,0.0,0.0,0.0,0.0,0.0,0.0,0.0,0.0,0.0,0.0,0.0,0.0,0.0,0.0,0.0,0.0,0.0,0.0,0.0,0.0,0.0,0.0,0.0,0.0,0.0,0.0,0.0,0.0,0.0,0.0,0.0,0.0,0.0,0.0,0.0,0.0,0.0,0.0,0.0,0.0,0.0,0.0,0.0,0.0,0.0,0.0,0.0,0.0,0.0,0.0,0.0,0.0,0.0,0.0,0.0,0.0,0.0,0.0,0.0,0.0,0.0,0.0,0.0,0.0,0.0,0.0,0.0,0.0,0.0,0.0,0.0,0.0,0.0,0.0,0.0,0.0,0.0,0.0,0.0,0.0,0.0,0.0,0.0,0.0,0.0,0.0,0.0,0.0,0.0,0.0,0.0,0.0,0.0,0.0,0.0,0.0,0.0,0.0,0.0,0.0,0.0,0.0,0.0,0.0,0.0,0.0,0.0,0.0,0.0,0.0,0.0,0.0,0.0,0.0,0.0,0.0,0.0,0.0,0.0,0.0,0.0,0.0,0.0,0.0,0.0,0.0,0.0,0.0,0.0,0.0,0.0,0.0,0.0,0.0,0.0,0.0,0.0,0.0,0.0,0.0,0.0,0.0,0.0,0.0,0.0,0.0,0.0,0.0,0.0,0.0,0.0,0.0,0.0,0.0,0.0,0.0,0.0,0.0,0.0,0.0,0.0,0.0,0.0,0.0,0.0,0.0,0.0,0.0,0.0,0.0,0.0,0.0,0.0,0.0,0.0,0.0,0.0,0.0,0.0,0.0,0.0,0.0,0.0,0.0,0.0,0.0,0.0,0.0,0.0,0.0,0.0,0.0,0.0,0.0,0.0,0.0,0.0,0.0,0.0,0.0,0.0,0.0,0.0,0.0,0.0,0.0,0.0,0.0,0.0,0.0,0.0,0.0,0.0,0.0,0.0,0.0,0.0,0.0,0.0,0.0,0.0,0.0,0.0,0.0,0.0,0.0,0.0,0.0,0.0,0.0,0.0,0.0,0.0,0.0,0.0,0.0,0.0,0.0,0.0,0.0,0.0,0.0,0.0,0.0,0.0,0.0,0.0,0.0,0.0,0.0,0.0,0.0,0.0,0.0,0.0,0.0,0.0,0.0,0.0,0.0,0.0,0.0,0.0,0.0,0.0,0.0,0.0,0.0,0.0,0.0,0.0,0.0,0.0,0.0,0.0,0.0,0.0,0.0,0.0,0.0,0.0,0.0,0.0,0.0,0.0,0.0,0.0,0.0,0.0,0.0,0.0,0.0,0.0,0.0,0.0,0.0,0.0,0.0,0.0,0.0,0.0,0.0,0.0,0.0,0.0,0.0,0.0,0.0,0.0,0.0,0.0,0.0,0.0,0.0,0.0,0.0,0.0,0.0,0.0,0.0,0.0,0.0,0.0,0.0,0.0,0.0,0.0,0.0,0.0,0.0,0.0,0.0,0.0,0.0,0.0,0.0,0.0,0.0,0.0,0.0,0.0,0.0,0.0,0.0,0.0,0.0,0.0,0.0,0.0,0.0,0.0,0.0,0.0,0.0,0.0,0.0,0.0,0.0,0.0,0.0,0.0,0.0,0.0,0.0,0.0,0.0,0.0,0.0,0.0,0.0,0.0,0.0,0.0,0.0,0.0,0.0,0.0,0.0,0.0,0.0,0.0,0.0,0.0,0.0,0.0,0.0,0.0,0.0,0.0,0.0,0.0,0.0,0.0,0.0,0.0,0.0,0.0,0.0,0.0,0.0,0.0,0.0,0.0,0.0,0.0,0.0,0.0,0.0,0.0,0.0,0.0,0.0,0.0,0.0,0.0,0.0,0.0,0.0,0.0,0.0,0.0,0.0,0.0,0.0,0.0,0.0,0.0,0.0,0.0,0.0,0.0,0.0,0.0,0.0,0.0,0.0,0.0,0.0,0.0,0.0,0.0,0.0,0.0,0.0,0.0,0.0,0.0,0.0,0.0,0.0,0.0,0.0,0.0,0.0,0.0,0.0,0.0,0.0,0.0,0.0,0.0,0.0,0.0,0.0,0.0,0.0,0.0,0.0,0.0,0.0,0.0,0.0,0.0,0.0,0.0,0.0,0.0,0.0,0.0,0.0,0.0,0.0,0.0,0.0,0.0,0.0,0.0,0.0,0.0,0.0,0.0,0.0,0.0,0.0,0.0,0.0,0.0,0.0,0.0,0.0,0.0,0.0,0.0,0.0,0.0,0.0,0.0,0.0,0.0,0.0,0.0,0.0,0.0,0.0,0.0,0.0,0.0,0.0,0.0298113750281638,0.003583345738528647,-5.8555113876810144e-9,-1.0381437338745032e-5,-0.0003040327876432417,3.753411447244293e-8,-3.168907591788027e-6,-4.553293996330271e-5,1.6252031571466034e-6,-1.847127215626595e-9,0.0003528570228860348,-2.4565131872801873e-5,-4.1802003574054945e-8,2.116881808595251e-5,-0.008044133416853155,3.8725117566190325e-6,-2.37148959361686e-6,-2.451135368127214e-9,4.364602435029296e-10,0.00025837565151801047,-0.0022437351984856226,0.0002446470990939446,-2.4919441079439883e-7,-9.472658780443373e-9,0.0005461583084503745,1.908366512752484e-10,8.887930900713463e-7,-6.312927836796125e-8,6.414766936809319e-11,8.859960910414966e-5,-2.2681425407473494e-8,0.000865769479646829,-0.01980484775880666,-0.00014146954393379476,-1.427137182892003e-10,-1.4053831368184665e-8,0.00021176532752697133,-0.0021454856784687373,-1.951587441024954e-6,-7.554627851554064e-6,-1.7103697044354378e-5,2.7894125778093135e-5,-1.1902826553535946e-10,-2.959614242364917e-11,5.25662249198643e-11,-0.0003121581732604024,6.994438577059758e-10,-0.007740583198095477,2.4665501095210632e-5,-0.0015750257548534411,-3.5004244785894023e-7,0.0021166763563062532,-1.7313395917753248e-5,-4.439617999403765e-13,-0.003277402086022268,0.0008761219081125804,-0.0007690864501985184,-4.7527222596254235e-6,1.0043854529441343e-5,-1.9362585697620425e-6,-3.3432145869391317e-10,-0.0004980089622084996,1.8103077105944505e-7,-9.154230596501375e-5,-1.6529832070789487e-7,2.2648630129731377e-6,4.106549153139352e-9,-0.0025737898264701934,3.1812108674609194e-10,-0.0014172156959640554,-6.479669502225811e-5,-2.299718521223695e-8,1.752318545544506e-5,1.4235523837047724e-5,0.0004012736981134397,-5.558691863282366e-5,4.297452142638884e-7,1.8043401912061718e-9,-2.5497034951115248e-5,0.0036301535709103512,3.502873184074829e-8,-1.1860291129645532e-5,5.374291142771966e-10,9.578115264718197e-8,8.539620291470915e-6,4.865687617574015e-7,1.4814601971120381e-8,-4.2041609403429866e-7,1.0798873043648911e-5,1.604214487097394e-5,8.972392264824249e-7,7.340285576497053e-8,-4.9828178552237305e-9,0.0007211296245300208,-0.0002958038715083742,-1.4535301256005959e-11,3.4769982856405805e-5,-4.745803999078202e-5,0.005238649498181948,-0.0031722536878548238,-1.1867281345677429e-9,2.594101227346325e-10,-3.454060289962945e-5,-0.0006723455415016343,8.632881549509172e-5,-1.0468309257123337e-8,6.447043051690229e-5,9.65921875961297e-5,6.563492777594497e-5,-9.354813521543967e-9,3.6214105507296257e-7,3.6913312377557984e-6,7.683589793419535e-5,-0.00017764881053979154,-0.0005025431027728889,-0.002279596187891188,-0.0002278179237216193,-3.5648459417278825e-9,4.961699270130641e-10,2.1096050662886397e-6,0.00023125907683704935,8.471849663781955e-11
0.0,0.0,0.0,0.0,0.0,0.0,0.0,0.0,0.0,0.0,0.0,0.0,0.0,0.0,0.0,0.0,0.0,0.0,0.0,0.0,0.0,0.0,0.0,0.0,0.0,0.0,0.0,0.0,0.0,0.0,0.0,0.0,0.0,0.0,0.0,0.0,0.0,0.0,0.0,0.0,0.0,0.0,0.0,0.0,0.0,0.0,0.0,0.0,0.0,0.0,0.0,0.0,0.0,0.0,0.0,0.0,0.0,0.0,0.0,0.0,0.0,0.0,0.0,0.0,0.0,0.0,0.0,0.0,0.0,0.0,0.0,0.0,0.0,0.0,0.0,0.0,0.0,0.0,0.0,0.0,0.0,0.0,0.0,0.0,0.0,0.0,0.0,0.0,0.0,0.0,0.0,0.0,0.0,0.0,0.0,0.0,0.0,0.0,0.0,0.0,0.0,0.0,0.0,0.0,0.0,0.0,0.0,0.0,0.0,0.0,0.0,0.0,0.0,0.0,0.0,0.0,0.0,0.0,0.0,0.0,0.0,0.0,0.0,0.0,0.0,0.0,0.0,0.0,0.0,0.0,0.0,0.0,0.0,0.0,0.0,0.0,0.0,0.0,0.0,0.0,0.0,0.0,0.0,0.0,0.0,0.0,0.0,0.0,0.0,0.0,0.0,0.0,0.0,0.0,0.0,0.0,0.0,0.0,0.0,0.0,0.0,0.0,0.0,0.0,0.0,0.0,0.0,0.0,0.0,0.0,0.0,0.0,0.0,0.0,0.0,0.0,0.0,0.0,0.0,0.0,0.0,0.0,0.0,0.0,0.0,0.0,0.0,0.0,0.0,0.0,0.0,0.0,0.0,0.0,0.0,0.0,0.0,0.0,0.0,0.0,0.0,0.0,0.0,0.0,0.0,0.0,0.0,0.0,0.0,0.0,0.0,0.0,0.0,0.0,0.0,0.0,0.0,0.0,0.0,0.0,0.0,0.0,0.0,0.0,0.0,0.0,0.0,0.0,0.0,0.0,0.0,0.0,0.0,0.0,0.0,0.0,0.0,0.0,0.0,0.0,0.0,0.0,0.0,0.0,0.0,0.0,0.0,0.0,0.0,0.0,0.0,0.0,0.0,0.0,0.0,0.0,0.0,0.0,0.0,0.0,0.0,0.0,0.0,0.0,0.0,0.0,0.0,0.0,0.0,0.0,0.0,0.0,0.0,0.0,0.0,0.0,0.0,0.0,0.0,0.0,0.0,0.0,0.0,0.0,0.0,0.0,0.0,0.0,0.0,0.0,0.0,0.0,0.0,0.0,0.0,0.0,0.0,0.0,0.0,0.0,0.0,0.0,0.0,0.0,0.0,0.0,0.0,0.0,0.0,0.0,0.0,0.0,0.0,0.0,0.0,0.0,0.0,0.0,0.0,0.0,0.0,0.0,0.0,0.0,0.0,0.0,0.0,0.0,0.0,0.0,0.0,0.0,0.0,0.0,0.0,0.0,0.0,0.0,0.0,0.0,0.0,0.0,0.0,0.0,0.0,0.0,0.0,0.0,0.0,0.0,0.0,0.0,0.0,0.0,0.0,0.0,0.0,0.0,0.0,0.0,0.0,0.0,0.0,0.0,0.0,0.0,0.0,0.0,0.0,0.0,0.0,0.0,0.0,0.0,0.0,0.0,0.0,0.0,0.0,0.0,0.0,0.0,0.0,0.0,0.0,0.0,0.0,0.0,0.0,0.0,0.0,0.0,0.0,0.0,0.0,0.0,0.0,0.0,0.0,0.0,0.0,0.0,0.0,0.0,0.0,0.0,0.0,0.0,0.0,0.0,0.0,0.0,0.0,0.0,0.0,0.0,0.0,0.0,0.0,0.0,0.0,0.0,0.0,0.0,0.0,0.0,0.0,0.0,0.0,0.0,0.0,0.0,0.0,0.0,0.0,0.0,0.0,0.0,0.0,0.0,0.0,0.0,0.0,0.0,0.0,0.0,0.0,0.0,0.0,0.0,0.0,0.0,0.0,0.0,0.0,0.0,0.0,0.0,0.0,0.0,0.0,0.0,0.0,0.0,0.0,0.0,0.0,0.0,0.0,0.0,0.0,0.0,0.0,0.0,0.0,0.0,0.0,0.0,0.0,0.0,0.0,0.0,0.0,0.0,0.0,0.0,0.0,0.0,0.0,0.0,0.0,0.0,0.0,0.0,0.0,0.0,0.0,0.0,0.0,0.0,0.0,0.0,0.0,0.0,0.0,0.0,0.0,0.0,0.0,0.0,0.0,0.0,0.0,0.0,0.0,0.0,0.0,0.0,0.0,0.0,0.0,0.0,0.0,0.0,0.0,0.0,0.0,0.0,0.0,0.0,0.0,0.0,0.0,0.0,0.0,0.0,0.0,0.0,0.0,0.0,0.0,0.0,0.0,0.0,0.0,0.0,0.0,0.0,0.0,0.0,0.0,0.0,0.0,0.0,0.0,0.0,0.0,0.0,0.0,0.0,0.0,0.0,0.0,0.0,0.0,0.0,0.0,0.0,0.0,0.0,0.0,0.0,0.0,0.0,0.0,0.0,0.0,0.0,0.0,0.0,0.0,0.0,0.0,0.0,0.0,0.0,0.0,0.0,0.0,0.0,0.0,0.0,0.0,0.0,0.0,0.0,0.0,0.0,0.0,0.0,0.0,0.0,0.0,0.0,0.0,0.0,0.0,0.0,0.0,0.0,0.0,0.0,0.0,0.0,0.0,0.0,0.0,0.0,0.0,0.0,0.0,0.0,0.0,0.0,0.0,0.0,0.0,0.0,0.0,0.0,0.0,0.0,0.0,0.0,0.0,0.0,0.0,0.0,0.0,0.0,0.0,0.0,0.0,0.0,0.0,0.0,0.0,0.0,0.0,0.0,0.0,0.0,0.0,0.0,0.0,0.0,0.0,0.0,0.0,0.0,0.0,0.0,0.0,0.0,0.0,0.0,0.0,0.0,0.0,0.0,0.0,0.0,0.0,0.0,0.0,0.0,0.0,0.0,0.021224770225037954,3.323515330792314e-8,4.279808308506304e-6,1.233813437782677e-5,2.4992870073741377e-7,9.041995062391108e-5,-0.00014883406085654136,1.3441215081654608e-5,-6.224945382305812e-9,-0.0007375892418340162,-8.270547336395483e-5,7.689556785638007e-8,-1.6445917097792625e-6,0.004264515389126746,-3.3978325380150973e-7,-1.4617262693885446e-5,-8.283325257357192e-9,1.915442791312227e-9,-0.00019070769738636857,-0.001538630206198401,-0.00013617734262234504,-7.262293893831115e-9,-1.5715454836490915e-8,0.0005225675749727937,8.889862253499259e-10,8.686526500050455e-8,-7.993167966985877e-7,-1.070218659996699e-8,-1.146200565945206e-5,4.0162187284474154e-7,0.00023163579754743153,-0.00034858134667573824,-3.2643215759090792e-6,-1.1341257078578433e-10,3.633122725612942e-6,0.00027756443410278085,0.0007402561779525169,1.9985244057378302e-7,1.6198762963748273e-6,-2.9581454821290737e-5,0.00019215364193184964,-1.941473993571451e-10,-1.1923819651272698e-10,2.579202147947162e-10,0.00038831935445719605,5.018955281427281e-9,-0.00527793578123135,-3.5599335785057672e-6,4.233622340687559e-5,-3.4030771346179985e-7,-0.003146886932685602,4.210692356696126e-6,-1.4734058636146844e-11,-0.002994243920024971,0.00010205771548385698,-0.00025417135659215763,-4.095334009682777e-6,-1.784830493359147e-6,-9.433210913552164e-7,-1.198283414214111e-9,0.00024337931841398095,2.9415278839836262e-8,-0.0034887154632208405,2.3213395938299255e-7,1.4769480249243983e-6,-8.543580916540617e-8,-0.004908694518065052,1.585711638548667e-9,-0.0014583027258064573,5.554468445066e-6,2.6564095248575497e-7,-0.00013393700822486514,2.4010887930033643e-5,-3.677992718528201e-5,-0.0002957092167647708,-2.2533692316740625e-7,1.3740305790804158e-8,-0.00011074984892323533,-0.0017742828626362305,9.418057701497937e-8,1.8380026009204249e-6,-1.3100839249908416e-8,3.189155551576534e-6,3.244495759636754e-5,-1.5370074959280567e-7,-1.9615171198393988e-8,6.004847952830417e-7,5.5542209903066836e-5,4.9338897542561176e-5,-6.342705911632441e-7,-2.818228035452944e-8,-2.0195050062460017e-8,0.0022848057853453313,8.939786910322092e-5,-1.172342914821744e-9,5.254572132957243e-5,-0.00010263142822850554,0.00010871468149778277,0.0008698779960001708,-5.177616226681299e-9,1.1954242870948063e-9,-7.615770659998064e-5,-0.00020179034878051248,0.0009116230728387124,1.5549483931366874e-7,-5.547852191516932e-5,-2.9280746729965606e-5,2.9038740592207042e-5,6.176213280168046e-7,2.5082709132613097e-6,-1.7002548565923706e-6,-1.682535092336493e-5,0.00011036903374966524,-9.835565288177008e-5,0.000519430242229239,0.00045900367770513917,-1.6510174996950516e-8,2.8473648814440826e-9,-4.069903426921172e-7,-0.0014494578119924055,4.3120930780035457e-10
0.0,0.0,0.0,0.0,0.0,0.0,0.0,0.0,0.0,0.0,0.0,0.0,0.0,0.0,0.0,0.0,0.0,0.0,0.0,0.0,0.0,0.0,0.0,0.0,0.0,0.0,0.0,0.0,0.0,0.0,0.0,0.0,0.0,0.0,0.0,0.0,0.0,0.0,0.0,0.0,0.0,0.0,0.0,0.0,0.0,0.0,0.0,0.0,0.0,0.0,0.0,0.0,0.0,0.0,0.0,0.0,0.0,0.0,0.0,0.0,0.0,0.0,0.0,0.0,0.0,0.0,0.0,0.0,0.0,0.0,0.0,0.0,0.0,0.0,0.0,0.0,0.0,0.0,0.0,0.0,0.0,0.0,0.0,0.0,0.0,0.0,0.0,0.0,0.0,0.0,0.0,0.0,0.0,0.0,0.0,0.0,0.0,0.0,0.0,0.0,0.0,0.0,0.0,0.0,0.0,0.0,0.0,0.0,0.0,0.0,0.0,0.0,0.0,0.0,0.0,0.0,0.0,0.0,0.0,0.0,0.0,0.0,0.0,0.0,0.0,0.0,0.0,0.0,0.0,0.0,0.0,0.0,0.0,0.0,0.0,0.0,0.0,0.0,0.0,0.0,0.0,0.0,0.0,0.0,0.0,0.0,0.0,0.0,0.0,0.0,0.0,0.0,0.0,0.0,0.0,0.0,0.0,0.0,0.0,0.0,0.0,0.0,0.0,0.0,0.0,0.0,0.0,0.0,0.0,0.0,0.0,0.0,0.0,0.0,0.0,0.0,0.0,0.0,0.0,0.0,0.0,0.0,0.0,0.0,0.0,0.0,0.0,0.0,0.0,0.0,0.0,0.0,0.0,0.0,0.0,0.0,0.0,0.0,0.0,0.0,0.0,0.0,0.0,0.0,0.0,0.0,0.0,0.0,0.0,0.0,0.0,0.0,0.0,0.0,0.0,0.0,0.0,0.0,0.0,0.0,0.0,0.0,0.0,0.0,0.0,0.0,0.0,0.0,0.0,0.0,0.0,0.0,0.0,0.0,0.0,0.0,0.0,0.0,0.0,0.0,0.0,0.0,0.0,0.0,0.0,0.0,0.0,0.0,0.0,0.0,0.0,0.0,0.0,0.0,0.0,0.0,0.0,0.0,0.0,0.0,0.0,0.0,0.0,0.0,0.0,0.0,0.0,0.0,0.0,0.0,0.0,0.0,0.0,0.0,0.0,0.0,0.0,0.0,0.0,0.0,0.0,0.0,0.0,0.0,0.0,0.0,0.0,0.0,0.0,0.0,0.0,0.0,0.0,0.0,0.0,0.0,0.0,0.0,0.0,0.0,0.0,0.0,0.0,0.0,0.0,0.0,0.0,0.0,0.0,0.0,0.0,0.0,0.0,0.0,0.0,0.0,0.0,0.0,0.0,0.0,0.0,0.0,0.0,0.0,0.0,0.0,0.0,0.0,0.0,0.0,0.0,0.0,0.0,0.0,0.0,0.0,0.0,0.0,0.0,0.0,0.0,0.0,0.0,0.0,0.0,0.0,0.0,0.0,0.0,0.0,0.0,0.0,0.0,0.0,0.0,0.0,0.0,0.0,0.0,0.0,0.0,0.0,0.0,0.0,0.0,0.0,0.0,0.0,0.0,0.0,0.0,0.0,0.0,0.0,0.0,0.0,0.0,0.0,0.0,0.0,0.0,0.0,0.0,0.0,0.0,0.0,0.0,0.0,0.0,0.0,0.0,0.0,0.0,0.0,0.0,0.0,0.0,0.0,0.0,0.0,0.0,0.0,0.0,0.0,0.0,0.0,0.0,0.0,0.0,0.0,0.0,0.0,0.0,0.0,0.0,0.0,0.0,0.0,0.0,0.0,0.0,0.0,0.0,0.0,0.0,0.0,0.0,0.0,0.0,0.0,0.0,0.0,0.0,0.0,0.0,0.0,0.0,0.0,0.0,0.0,0.0,0.0,0.0,0.0,0.0,0.0,0.0,0.0,0.0,0.0,0.0,0.0,0.0,0.0,0.0,0.0,0.0,0.0,0.0,0.0,0.0,0.0,0.0,0.0,0.0,0.0,0.0,0.0,0.0,0.0,0.0,0.0,0.0,0.0,0.0,0.0,0.0,0.0,0.0,0.0,0.0,0.0,0.0,0.0,0.0,0.0,0.0,0.0,0.0,0.0,0.0,0.0,0.0,0.0,0.0,0.0,0.0,0.0,0.0,0.0,0.0,0.0,0.0,0.0,0.0,0.0,0.0,0.0,0.0,0.0,0.0,0.0,0.0,0.0,0.0,0.0,0.0,0.0,0.0,0.0,0.0,0.0,0.0,0.0,0.0,0.0,0.0,0.0,0.0,0.0,0.0,0.0,0.0,0.0,0.0,0.0,0.0,0.0,0.0,0.0,0.0,0.0,0.0,0.0,0.0,0.0,0.0,0.0,0.0,0.0,0.0,0.0,0.0,0.0,0.0,0.0,0.0,0.0,0.0,0.0,0.0,0.0,0.0,0.0,0.0,0.0,0.0,0.0,0.0,0.0,0.0,0.0,0.0,0.0,0.0,0.0,0.0,0.0,0.0,0.0,0.0,0.0,0.0,0.0,0.0,0.0,0.0,0.0,0.0,0.0,0.0,0.0,0.0,0.0,0.0,0.0,0.0,0.0,0.0,0.0,0.0,0.0,0.0,0.0,0.0,0.0,0.0,0.0,0.0,0.0,0.0,0.0,0.0,0.0,0.0,0.0,0.0,0.0,0.0,0.0,0.0,0.0,0.0,0.0,0.0,0.0,0.0,0.0,0.0,0.0,0.0,0.0,0.0,0.0,0.0,0.0,0.0,0.0,0.0,0.0,0.0,0.0,0.0,0.0,0.0,0.0,0.0,0.0,0.0,0.0,0.0,0.0,0.0,0.0,0.0,0.0,0.0,0.0,0.0,0.0,0.0,0.0,0.0,0.0,0.0,0.0,0.0,0.0,0.0,0.0,0.0,0.0,0.0,0.0,0.0,0.0,0.0,0.0,0.0,0.022283039009549144,-2.580757975575619e-11,5.611767060743933e-10,-0.0012531421113966064,2.845642418690479e-5,-6.59692384507549e-6,1.504622458485e-5,0.0006909987182435965,-1.8920053035327835e-9,-2.1195466614655348e-5,-1.5536725900261747e-13,5.386252866484957e-11,-9.547285886790292e-9,3.2677400121116678e-12,-5.844716610571787e-6,4.248548045233419e-5,-2.603221927450482e-5,2.263784221178784e-9,-4.477840040273868e-8,8.489935218888771e-11,-1.0959335637550994e-13,-0.000839170466174921,-6.15287195903156e-7,0.00012021231261452564,9.790621754843822e-5,2.0603104188273622e-5,-0.003182346213639384,5.12537163740424e-12,-0.0008176632363434484,-4.1697892819583505e-9,-1.4378418528823281e-8,8.750256584213589e-10,2.388166499625321e-5,-1.5672320251103494e-11,-1.7074635453472425e-7,-6.90254469660918e-9,2.0780761300488327e-12,-5.483589517658374e-12,6.971285328109096e-6,-1.7997401000718806e-6,6.121762877445991e-5,-2.3149381041457083e-5,-1.1894003341194819e-5,-3.0373597102899476e-9,0.0005634845636883366,2.690118937551434e-9,-4.1462058555811176e-11,-5.850172929447104e-10,3.4613353452798308e-12,3.987900513745495e-7,5.191920337439823e-11,-4.038714043470861e-6,3.4890224145041616e-8,-1.9228630040632276e-9,2.7113350706968035e-7,7.037011900769972e-11,2.1760340128505754e-12,3.242456764009932e-11,-6.162254036370813e-5,9.409045128704997e-10,-0.0005856421508304394,2.1602084480332088e-9,-3.460899127487444e-12,-0.00012233258412145236,-0.008643893810022988,1.3374324091146994e-8,0.00024314284648376393,3.936270721477071e-9,4.407607470566128e-11,-0.003205210411796517,1.2579429399524583e-5,-2.573553850864201e-5,-1.2906008741553398e-9,1.0464939813026546e-7,1.6950411349689544e-12,0.0016959637577927842,-1.4718278687088711e-5,1.1339017838937561e-8,0.0001690347062693504,-2.2436573204886105e-12,0.0007650449362892019,-3.354318278063092e-11,-3.0517659101093127e-10,9.594256668153819e-13,0.00028424251575050413,6.935519112444841e-5,6.8603689354775395e-6,9.88317474352906e-7,3.1570610652764185e-12,-0.004006641719323372,-0.0004002946781594248,1.1843283820701742e-9,-1.0197401018930515e-10,-0.00015087043030871268,-9.454478065723396e-7,-1.0132067403760159e-7,-3.396996182121113e-9,-3.7002700734293413e-9,-0.0010390488735670974,0.00012908829187178582,3.0794231558489646e-10,2.5627133845043245e-8,-1.3004635641376857e-6,0.0016847854251219757,1.8186623311053702e-6,3.3805340020872593e-10,6.93597268322191e-7,0.00011911332768536225,-0.00017550710754619158,1.4858690982727068e-11,7.686667355207571e-11,-7.272418322208218e-9,3.927336615764836e-9,-4.1198050646087606e-10,2.0414176859994237e-9,-0.000186007476133915,-4.35685114147746e-5,1.6436556432731284e-12,1.209325101254969e-7,1.5564145492512473e-5
0.0,0.0,0.0,0.0,0.0,0.0,0.0,0.0,0.0,0.0,0.0,0.0,0.0,0.0,0.0,0.0,0.0,0.0,0.0,0.0,0.0,0.0,0.0,0.0,0.0,0.0,0.0,0.0,0.0,0.0,0.0,0.0,0.0,0.0,0.0,0.0,0.0,0.0,0.0,0.0,0.0,0.0,0.0,0.0,0.0,0.0,0.0,0.0,0.0,0.0,0.0,0.0,0.0,0.0,0.0,0.0,0.0,0.0,0.0,0.0,0.0,0.0,0.0,0.0,0.0,0.0,0.0,0.0,0.0,0.0,0.0,0.0,0.0,0.0,0.0,0.0,0.0,0.0,0.0,0.0,0.0,0.0,0.0,0.0,0.0,0.0,0.0,0.0,0.0,0.0,0.0,0.0,0.0,0.0,0.0,0.0,0.0,0.0,0.0,0.0,0.0,0.0,0.0,0.0,0.0,0.0,0.0,0.0,0.0,0.0,0.0,0.0,0.0,0.0,0.0,0.0,0.0,0.0,0.0,0.0,0.0,0.0,0.0,0.0,0.0,0.0,0.0,0.0,0.0,0.0,0.0,0.0,0.0,0.0,0.0,0.0,0.0,0.0,0.0,0.0,0.0,0.0,0.0,0.0,0.0,0.0,0.0,0.0,0.0,0.0,0.0,0.0,0.0,0.0,0.0,0.0,0.0,0.0,0.0,0.0,0.0,0.0,0.0,0.0,0.0,0.0,0.0,0.0,0.0,0.0,0.0,0.0,0.0,0.0,0.0,0.0,0.0,0.0,0.0,0.0,0.0,0.0,0.0,0.0,0.0,0.0,0.0,0.0,0.0,0.0,0.0,0.0,0.0,0.0,0.0,0.0,0.0,0.0,0.0,0.0,0.0,0.0,0.0,0.0,0.0,0.0,0.0,0.0,0.0,0.0,0.0,0.0,0.0,0.0,0.0,0.0,0.0,0.0,0.0,0.0,0.0,0.0,0.0,0.0,0.0,0.0,0.0,0.0,0.0,0.0,0.0,0.0,0.0,0.0,0.0,0.0,0.0,0.0,0.0,0.0,0.0,0.0,0.0,0.0,0.0,0.0,0.0,0.0,0.0,0.0,0.0,0.0,0.0,0.0,0.0,0.0,0.0,0.0,0.0,0.0,0.0,0.0,0.0,0.0,0.0,0.0,0.0,0.0,0.0,0.0,0.0,0.0,0.0,0.0,0.0,0.0,0.0,0.0,0.0,0.0,0.0,0.0,0.0,0.0,0.0,0.0,0.0,0.0,0.0,0.0,0.0,0.0,0.0,0.0,0.0,0.0,0.0,0.0,0.0,0.0,0.0,0.0,0.0,0.0,0.0,0.0,0.0,0.0,0.0,0.0,0.0,0.0,0.0,0.0,0.0,0.0,0.0,0.0,0.0,0.0,0.0,0.0,0.0,0.0,0.0,0.0,0.0,0.0,0.0,0.0,0.0,0.0,0.0,0.0,0.0,0.0,0.0,0.0,0.0,0.0,0.0,0.0,0.0,0.0,0.0,0.0,0.0,0.0,0.0,0.0,0.0,0.0,0.0,0.0,0.0,0.0,0.0,0.0,0.0,0.0,0.0,0.0,0.0,0.0,0.0,0.0,0.0,0.0,0.0,0.0,0.0,0.0,0.0,0.0,0.0,0.0,0.0,0.0,0.0,0.0,0.0,0.0,0.0,0.0,0.0,0.0,0.0,0.0,0.0,0.0,0.0,0.0,0.0,0.0,0.0,0.0,0.0,0.0,0.0,0.0,0.0,0.0,0.0,0.0,0.0,0.0,0.0,0.0,0.0,0.0,0.0,0.0,0.0,0.0,0.0,0.0,0.0,0.0,0.0,0.0,0.0,0.0,0.0,0.0,0.0,0.0,0.0,0.0,0.0,0.0,0.0,0.0,0.0,0.0,0.0,0.0,0.0,0.0,0.0,0.0,0.0,0.0,0.0,0.0,0.0,0.0,0.0,0.0,0.0,0.0,0.0,0.0,0.0,0.0,0.0,0.0,0.0,0.0,0.0,0.0,0.0,0.0,0.0,0.0,0.0,0.0,0.0,0.0,0.0,0.0,0.0,0.0,0.0,0.0,0.0,0.0,0.0,0.0,0.0,0.0,0.0,0.0,0.0,0.0,0.0,0.0,0.0,0.0,0.0,0.0,0.0,0.0,0.0,0.0,0.0,0.0,0.0,0.0,0.0,0.0,0.0,0.0,0.0,0.0,0.0,0.0,0.0,0.0,0.0,0.0,0.0,0.0,0.0,0.0,0.0,0.0,0.0,0.0,0.0,0.0,0.0,0.0,0.0,0.0,0.0,0.0,0.0,0.0,0.0,0.0,0.0,0.0,0.0,0.0,0.0,0.0,0.0,0.0,0.0,0.0,0.0,0.0,0.0,0.0,0.0,0.0,0.0,0.0,0.0,0.0,0.0,0.0,0.0,0.0,0.0,0.0,0.0,0.0,0.0,0.0,0.0,0.0,0.0,0.0,0.0,0.0,0.0,0.0,0.0,0.0,0.0,0.0,0.0,0.0,0.0,0.0,0.0,0.0,0.0,0.0,0.0,0.0,0.0,0.0,0.0,0.0,0.0,0.0,0.0,0.0,0.0,0.0,0.0,0.0,0.0,0.0,0.0,0.0,0.0,0.0,0.0,0.0,0.0,0.0,0.0,0.0,0.0,0.0,0.0,0.0,0.0,0.0,0.0,0.0,0.0,0.0,0.0,0.0,0.0,0.0,0.0,0.0,0.0,0.0,0.0,0.0,0.0,0.0,0.0,0.0,0.0,0.0,0.0,0.0,0.0,0.0,0.0,0.0,0.0,0.0,0.0,0.0,0.0,0.0,0.0,0.0,0.0,0.0,0.0,0.0,0.0,0.0,0.0,0.0,0.0,0.0,0.0,0.0,0.0,0.0,0.0,0.0,0.0,0.0,0.0,0.0,0.0,0.0,0.0,0.0,0.0,0.0,0.0,0.0,0.0,0.0,0.0,0.0,0.0,0.0,0.01993275299865959,6.920329006102398e-5,1.164439772182734e-10,-1.8348180645743258e-8,-3.9069356702977165e-8,1.6724589954399083e-9,-1.4509273488815549e-13,-5.106486385349598e-5,-4.4187093574711935e-9,2.532267998206384e-5,0.0025276946399702648,7.744040310097671e-6,-0.009531812261746304,-1.1744838001776391e-9,-1.2112981928370223e-12,1.8710708972495513e-13,-1.6901571990736547e-5,1.5566015284856873e-5,-0.0001413294012304913,-2.7348311267470525e-5,-5.441569289779794e-12,6.676807477828801e-7,5.264386873658122e-13,7.82538669786473e-10,2.8728678465479233e-11,-3.616527463213987e-12,0.0011679223570646097,-3.186871473018904e-11,-6.768220063723589e-5,-1.3595438085634805e-5,-0.000764237476101025,-9.672374111803552e-14,0.006317388351636889,2.410416326173582e-7,7.197579212206378e-5,-0.003932671920664914,0.010037267413129677,-2.670434973705837e-8,7.70804846991496e-9,-1.267315117336983e-13,-4.0891195100750395e-14,4.9058328640107303e-14,5.256116911865244e-6,1.1873876878736905e-12,3.6291492923121513e-6,8.004311780675889e-5,0.00011703694618981048,0.0008003227176032069,1.9369528527617002e-6,-0.002071759167585335,-5.671896299692939e-15,7.837628990182492e-6,-6.38675419547828e-5,2.913835517780118e-7,-0.002919092427208441,0.0007188527221326208,0.00264234458795156,-3.69756024957742e-13,-2.0010289664886915e-5,1.8074401644628302e-10,5.749170558007728e-7,0.0005501796785511608,2.0467906987734724e-10,9.896833062134637e-11,5.952464978615386e-7,5.140361290757236e-13,1.238180998658452e-6,-0.00023380914527170916,7.06318597873869e-11,4.773003522705722e-8,1.1429115614141875e-8,0.00014437246040818592,5.245133685064566e-8,-0.00028099331857795156,6.707973581870761e-13,-1.3547435708701666e-8,-8.718242580448587e-6,-1.3863480007682163e-10,0.003129297988298882,5.082583545555822e-12,0.0007759734959706611,0.003384795439786351,-0.0005068644778917371,1.8971718243485143e-11,-3.990821457678279e-10,-9.955922709039984e-9,7.273338748162866e-9,0.00023673765116138913,2.0108026111125177e-10,-2.5789270727946675e-12,1.024999695533262e-6,0.0005863755607798442,-1.240513984989205e-12,6.350162583099216e-9,-7.021377517695985e-8,-1.1415844278461842e-6,-1.1012315603700865e-5,-2.031898594260904e-12,4.259620292475954e-13,-0.000620262467617704,1.1192517907698224e-5,-1.0005634137491796e-7,-6.643941778348878e-11,-1.3640955112673575e-9,5.073281472017064e-5,1.4718440581696835e-8,1.3777144700277356e-10,2.497844826494875e-10,-0.006640748294348813,-0.000803392910077339,-2.5455949454485396e-5,1.3435146413255473e-5,7.435689999652638e-5,8.655380989946955e-5,8.332280076985792e-14,-1.790307214272183e-13,-0.0017293905089862496,7.89299138602613e-7,9.648374371820085e-14
0.0,0.0,0.0,0.0,0.0,0.0,0.0,0.0,0.0,0.0,0.0,0.0,0.0,0.0,0.0,0.0,0.0,0.0,0.0,0.0,0.0,0.0,0.0,0.0,0.0,0.0,0.0,0.0,0.0,0.0,0.0,0.0,0.0,0.0,0.0,0.0,0.0,0.0,0.0,0.0,0.0,0.0,0.0,0.0,0.0,0.0,0.0,0.0,0.0,0.0,0.0,0.0,0.0,0.0,0.0,0.0,0.0,0.0,0.0,0.0,0.0,0.0,0.0,0.0,0.0,0.0,0.0,0.0,0.0,0.0,0.0,0.0,0.0,0.0,0.0,0.0,0.0,0.0,0.0,0.0,0.0,0.0,0.0,0.0,0.0,0.0,0.0,0.0,0.0,0.0,0.0,0.0,0.0,0.0,0.0,0.0,0.0,0.0,0.0,0.0,0.0,0.0,0.0,0.0,0.0,0.0,0.0,0.0,0.0,0.0,0.0,0.0,0.0,0.0,0.0,0.0,0.0,0.0,0.0,0.0,0.0,0.0,0.0,0.0,0.0,0.0,0.0,0.0,0.0,0.0,0.0,0.0,0.0,0.0,0.0,0.0,0.0,0.0,0.0,0.0,0.0,0.0,0.0,0.0,0.0,0.0,0.0,0.0,0.0,0.0,0.0,0.0,0.0,0.0,0.0,0.0,0.0,0.0,0.0,0.0,0.0,0.0,0.0,0.0,0.0,0.0,0.0,0.0,0.0,0.0,0.0,0.0,0.0,0.0,0.0,0.0,0.0,0.0,0.0,0.0,0.0,0.0,0.0,0.0,0.0,0.0,0.0,0.0,0.0,0.0,0.0,0.0,0.0,0.0,0.0,0.0,0.0,0.0,0.0,0.0,0.0,0.0,0.0,0.0,0.0,0.0,0.0,0.0,0.0,0.0,0.0,0.0,0.0,0.0,0.0,0.0,0.0,0.0,0.0,0.0,0.0,0.0,0.0,0.0,0.0,0.0,0.0,0.0,0.0,0.0,0.0,0.0,0.0,0.0,0.0,0.0,0.0,0.0,0.0,0.0,0.0,0.0,0.0,0.0,0.0,0.0,0.0,0.0,0.0,0.0,0.0,0.0,0.0,0.0,0.0,0.0,0.0,0.0,0.0,0.0,0.0,0.0,0.0,0.0,0.0,0.0,0.0,0.0,0.0,0.0,0.0,0.0,0.0,0.0,0.0,0.0,0.0,0.0,0.0,0.0,0.0,0.0,0.0,0.0,0.0,0.0,0.0,0.0,0.0,0.0,0.0,0.0,0.0,0.0,0.0,0.0,0.0,0.0,0.0,0.0,0.0,0.0,0.0,0.0,0.0,0.0,0.0,0.0,0.0,0.0,0.0,0.0,0.0,0.0,0.0,0.0,0.0,0.0,0.0,0.0,0.0,0.0,0.0,0.0,0.0,0.0,0.0,0.0,0.0,0.0,0.0,0.0,0.0,0.0,0.0,0.0,0.0,0.0,0.0,0.0,0.0,0.0,0.0,0.0,0.0,0.0,0.0,0.0,0.0,0.0,0.0,0.0,0.0,0.0,0.0,0.0,0.0,0.0,0.0,0.0,0.0,0.0,0.0,0.0,0.0,0.0,0.0,0.0,0.0,0.0,0.0,0.0,0.0,0.0,0.0,0.0,0.0,0.0,0.0,0.0,0.0,0.0,0.0,0.0,0.0,0.0,0.0,0.0,0.0,0.0,0.0,0.0,0.0,0.0,0.0,0.0,0.0,0.0,0.0,0.0,0.0,0.0,0.0,0.0,0.0,0.0,0.0,0.0,0.0,0.0,0.0,0.0,0.0,0.0,0.0,0.0,0.0,0.0,0.0,0.0,0.0,0.0,0.0,0.0,0.0,0.0,0.0,0.0,0.0,0.0,0.0,0.0,0.0,0.0,0.0,0.0,0.0,0.0,0.0,0.0,0.0,0.0,0.0,0.0,0.0,0.0,0.0,0.0,0.0,0.0,0.0,0.0,0.0,0.0,0.0,0.0,0.0,0.0,0.0,0.0,0.0,0.0,0.0,0.0,0.0,0.0,0.0,0.0,0.0,0.0,0.0,0.0,0.0,0.0,0.0,0.0,0.0,0.0,0.0,0.0,0.0,0.0,0.0,0.0,0.0,0.0,0.0,0.0,0.0,0.0,0.0,0.0,0.0,0.0,0.0,0.0,0.0,0.0,0.0,0.0,0.0,0.0,0.0,0.0,0.0,0.0,0.0,0.0,0.0,0.0,0.0,0.0,0.0,0.0,0.0,0.0,0.0,0.0,0.0,0.0,0.0,0.0,0.0,0.0,0.0,0.0,0.0,0.0,0.0,0.0,0.0,0.0,0.0,0.0,0.0,0.0,0.0,0.0,0.0,0.0,0.0,0.0,0.0,0.0,0.0,0.0,0.0,0.0,0.0,0.0,0.0,0.0,0.0,0.0,0.0,0.0,0.0,0.0,0.0,0.0,0.0,0.0,0.0,0.0,0.0,0.0,0.0,0.0,0.0,0.0,0.0,0.0,0.0,0.0,0.0,0.0,0.0,0.0,0.0,0.0,0.0,0.0,0.0,0.0,0.0,0.0,0.0,0.0,0.0,0.0,0.0,0.0,0.0,0.0,0.0,0.0,0.0,0.0,0.0,0.0,0.0,0.0,0.0,0.0,0.0,0.0,0.0,0.0,0.0,0.0,0.0,0.0,0.0,0.0,0.0,0.0,0.0,0.0,0.0,0.0,0.0,0.0,0.0,0.0,0.0,0.0,0.0,0.0,0.0,0.0,0.0,0.0,0.0,0.0,0.0,0.0,0.0,0.0,0.0,0.0,0.0,0.0,0.0,0.0,0.0,0.0,0.0,0.0,0.0,0.0,0.0,0.0,0.0,0.0,0.0,0.0,0.0,0.0,0.0,0.0,0.0,0.0,0.0,0.0,0.0,0.0,0.0,0.0,0.0,0.0,0.0,0.0,0.0,0.0,0.0,0.0,0.0,0.0,0.0,0.0,0.0,0.025030794727212015,-9.111169465578165e-9,-2.1376719987309834e-7,-1.0342044070597385e-7,-1.687277197713326e-9,-1.07338012356266e-11,0.0002918128034385015,-5.06313504082369e-7,-2.369835351676065e-5,-0.0008448273091498017,-0.0001273510425190791,-0.0001394568336804996,7.716122103117778e-8,1.1712889686582988e-11,-3.159789472420241e-12,-0.0005032800281511211,-8.613531201145891e-5,-0.004888816571305655,2.099379585992534e-5,-2.565264767744707e-10,-5.8988025362433255e-6,-4.93042600101388e-12,-3.2043148563720813e-8,4.1239780860924766e-9,9.425829593807567e-11,0.001673239156282158,-1.3890574168517286e-10,-0.0011562102223930057,0.00064391342317363,-0.00012631138394165653,1.5410226136859995e-13,-8.769022540129188e-5,-2.6851102829645433e-6,0.0002228086304687328,9.201017956857321e-5,0.0001055899139369757,3.135233648913479e-7,6.978448354562252e-7,-2.572639336405233e-14,6.521228761138097e-13,1.5040262591148354e-13,0.0021424075895889283,-1.8652000512859243e-11,-2.758002598480328e-5,-0.0026990781906901028,0.0005756311942793004,-4.263120192720467e-5,5.764304002309684e-6,0.0021552927942567954,1.2583126316151184e-15,-0.00014447474726065872,-0.0022997871618956416,-3.0561326724442614e-5,0.0004951512872981182,-0.0006393159608312078,0.0009116823738127396,3.8105889005017206e-12,0.00028698749521879717,-1.5965828099993328e-8,-3.92215707519086e-6,-1.5155829989902739e-5,-8.866478106187633e-8,-1.9530159987458737e-9,-0.0002422910269697278,6.664479018961507e-13,-0.00011608121564080288,0.002790894492123323,-4.375527243231244e-9,2.0313438447791993e-7,-2.0631783971323544e-8,-0.004817776577775145,-6.685530320553749e-7,6.727960626269118e-6,-2.6865670815131074e-11,3.65527972113864e-8,0.00011691234534468222,1.7388460302869797e-9,-0.00015446279277441625,3.425782514333527e-10,-0.0005076028249602029,-0.0015017124344554734,-1.0550638204204239e-5,4.784591796969578e-10,1.4395085443470627e-8,8.678804148572298e-7,-4.354583077839206e-7,6.219126858798259e-5,-1.484683906032012e-9,3.3611220753474814e-12,4.211785031089351e-6,0.0036535825609070424,1.235710248849675e-10,6.276570536163767e-7,-5.828763801262252e-7,-7.791028493368143e-5,0.0006302943908621337,1.615182005163344e-11,-5.1421768050350984e-12,0.0004940700769914826,2.0209678551208924e-5,7.126685901213033e-6,-1.5407805892497202e-9,1.2519952661313346e-6,0.009502592516738165,-1.2384247378429267e-6,7.16685931171887e-11,-1.518892200393239e-8,-0.00014187581585488858,-0.002872434260490369,0.0002117440598124475,0.0009146207685833521,-0.00045465708148233506,0.000606014449025184,-2.7580767574351255e-12,1.2313411475140419e-11,-9.840721772541954e-5,-7.643254106623032e-5,-9.792285969273943e-13
0.0,0.0,0.0,0.0,0.0,0.0,0.0,0.0,0.0,0.0,0.0,0.0,0.0,0.0,0.0,0.0,0.0,0.0,0.0,0.0,0.0,0.0,0.0,0.0,0.0,0.0,0.0,0.0,0.0,0.0,0.0,0.0,0.0,0.0,0.0,0.0,0.0,0.0,0.0,0.0,0.0,0.0,0.0,0.0,0.0,0.0,0.0,0.0,0.0,0.0,0.0,0.0,0.0,0.0,0.0,0.0,0.0,0.0,0.0,0.0,0.0,0.0,0.0,0.0,0.0,0.0,0.0,0.0,0.0,0.0,0.0,0.0,0.0,0.0,0.0,0.0,0.0,0.0,0.0,0.0,0.0,0.0,0.0,0.0,0.0,0.0,0.0,0.0,0.0,0.0,0.0,0.0,0.0,0.0,0.0,0.0,0.0,0.0,0.0,0.0,0.0,0.0,0.0,0.0,0.0,0.0,0.0,0.0,0.0,0.0,0.0,0.0,0.0,0.0,0.0,0.0,0.0,0.0,0.0,0.0,0.0,0.0,0.0,0.0,0.0,0.0,0.0,0.0,0.0,0.0,0.0,0.0,0.0,0.0,0.0,0.0,0.0,0.0,0.0,0.0,0.0,0.0,0.0,0.0,0.0,0.0,0.0,0.0,0.0,0.0,0.0,0.0,0.0,0.0,0.0,0.0,0.0,0.0,0.0,0.0,0.0,0.0,0.0,0.0,0.0,0.0,0.0,0.0,0.0,0.0,0.0,0.0,0.0,0.0,0.0,0.0,0.0,0.0,0.0,0.0,0.0,0.0,0.0,0.0,0.0,0.0,0.0,0.0,0.0,0.0,0.0,0.0,0.0,0.0,0.0,0.0,0.0,0.0,0.0,0.0,0.0,0.0,0.0,0.0,0.0,0.0,0.0,0.0,0.0,0.0,0.0,0.0,0.0,0.0,0.0,0.0,0.0,0.0,0.0,0.0,0.0,0.0,0.0,0.0,0.0,0.0,0.0,0.0,0.0,0.0,0.0,0.0,0.0,0.0,0.0,0.0,0.0,0.0,0.0,0.0,0.0,0.0,0.0,0.0,0.0,0.0,0.0,0.0,0.0,0.0,0.0,0.0,0.0,0.0,0.0,0.0,0.0,0.0,0.0,0.0,0.0,0.0,0.0,0.0,0.0,0.0,0.0,0.0,0.0,0.0,0.0,0.0,0.0,0.0,0.0,0.0,0.0,0.0,0.0,0.0,0.0,0.0,0.0,0.0,0.0,0.0,0.0,0.0,0.0,0.0,0.0,0.0,0.0,0.0,0.0,0.0,0.0,0.0,0.0,0.0,0.0,0.0,0.0,0.0,0.0,0.0,0.0,0.0,0.0,0.0,0.0,0.0,0.0,0.0,0.0,0.0,0.0,0.0,0.0,0.0,0.0,0.0,0.0,0.0,0.0,0.0,0.0,0.0,0.0,0.0,0.0,0.0,0.0,0.0,0.0,0.0,0.0,0.0,0.0,0.0,0.0,0.0,0.0,0.0,0.0,0.0,0.0,0.0,0.0,0.0,0.0,0.0,0.0,0.0,0.0,0.0,0.0,0.0,0.0,0.0,0.0,0.0,0.0,0.0,0.0,0.0,0.0,0.0,0.0,0.0,0.0,0.0,0.0,0.0,0.0,0.0,0.0,0.0,0.0,0.0,0.0,0.0,0.0,0.0,0.0,0.0,0.0,0.0,0.0,0.0,0.0,0.0,0.0,0.0,0.0,0.0,0.0,0.0,0.0,0.0,0.0,0.0,0.0,0.0,0.0,0.0,0.0,0.0,0.0,0.0,0.0,0.0,0.0,0.0,0.0,0.0,0.0,0.0,0.0,0.0,0.0,0.0,0.0,0.0,0.0,0.0,0.0,0.0,0.0,0.0,0.0,0.0,0.0,0.0,0.0,0.0,0.0,0.0,0.0,0.0,0.0,0.0,0.0,0.0,0.0,0.0,0.0,0.0,0.0,0.0,0.0,0.0,0.0,0.0,0.0,0.0,0.0,0.0,0.0,0.0,0.0,0.0,0.0,0.0,0.0,0.0,0.0,0.0,0.0,0.0,0.0,0.0,0.0,0.0,0.0,0.0,0.0,0.0,0.0,0.0,0.0,0.0,0.0,0.0,0.0,0.0,0.0,0.0,0.0,0.0,0.0,0.0,0.0,0.0,0.0,0.0,0.0,0.0,0.0,0.0,0.0,0.0,0.0,0.0,0.0,0.0,0.0,0.0,0.0,0.0,0.0,0.0,0.0,0.0,0.0,0.0,0.0,0.0,0.0,0.0,0.0,0.0,0.0,0.0,0.0,0.0,0.0,0.0,0.0,0.0,0.0,0.0,0.0,0.0,0.0,0.0,0.0,0.0,0.0,0.0,0.0,0.0,0.0,0.0,0.0,0.0,0.0,0.0,0.0,0.0,0.0,0.0,0.0,0.0,0.0,0.0,0.0,0.0,0.0,0.0,0.0,0.0,0.0,0.0,0.0,0.0,0.0,0.0,0.0,0.0,0.0,0.0,0.0,0.0,0.0,0.0,0.0,0.0,0.0,0.0,0.0,0.0,0.0,0.0,0.0,0.0,0.0,0.0,0.0,0.0,0.0,0.0,0.0,0.0,0.0,0.0,0.0,0.0,0.0,0.0,0.0,0.0,0.0,0.0,0.0,0.0,0.0,0.0,0.0,0.0,0.0,0.0,0.0,0.0,0.0,0.0,0.0,0.0,0.0,0.0,0.0,0.0,0.0,0.0,0.0,0.0,0.0,0.0,0.0,0.0,0.0,0.0,0.0,0.0,0.0,0.0,0.0,0.0,0.0,0.0,0.0,0.0,0.0,0.0,0.0,0.0,0.0,0.0,0.0,0.0,0.0,0.0,0.0,0.0,0.0,0.0,0.0,0.0,0.0,0.0,0.0,0.0,0.0,0.0,0.0,0.0,0.0,0.0,0.0,0.0,0.0,0.0,0.0,0.0,0.0,0.0,0.0,0.0,0.0,0.0,0.0,0.0,0.026688611163118447,-0.0003382547182391684,-8.450022283004675e-5,-4.318080272689018e-5,1.993436251546748e-5,5.8847737349052885e-8,-0.00016377112297624456,-7.193670512188353e-12,-3.3336040246960903e-10,1.346048737082498e-7,-5.5436315112624554e-11,-0.00024187637846147502,-8.620010468413275e-5,8.70929211600953e-6,-3.253683622782637e-8,7.602536121042205e-8,1.611049802887345e-8,8.182420473428992e-12,0.00044543338316908594,-3.3680930380581296e-7,-9.84796314469729e-6,-0.0019168526054336033,-0.0010478761208814926,-0.000347637524896158,-4.327823409100817e-10,0.009026597916558144,-1.193343716498881e-8,-8.269217611064687e-8,1.6095176292171733e-9,-4.262110882975116e-6,-1.7649013981205896e-10,1.5027922376703454e-5,3.240623912777919e-8,2.8891886239139905e-11,7.832692027610196e-11,-5.192029708996131e-6,-1.613830161589011e-5,2.8200280166962578e-6,-1.3445905313252264e-6,-5.294257350431549e-7,-3.5537412195652886e-8,3.924175008602855e-5,-3.7434381097812507e-7,-1.122020494393565e-9,2.159277630854234e-9,-1.1962719935568352e-11,3.206669514000976e-6,1.3011157050769596e-9,6.815308968004733e-7,1.4200444033671102e-7,4.117391868585236e-9,-4.194539100976185e-7,4.070118529407435e-10,-2.1022428605067423e-10,-1.0094818413614926e-10,-8.298499387687945e-6,-1.2888026299188162e-9,0.008562623931242696,1.0654277118748999e-5,-2.2852786717399247e-11,-0.0011797762842074228,0.00017986856590600383,1.2961182864542678e-6,1.8239202418151843e-5,-8.978000755699314e-7,1.6282221951367618e-9,0.00495928310274865,-1.2686558267311157e-5,-0.00012985093792087764,1.2095722139228197e-8,-1.4488259592006505e-5,7.081356715763589e-12,7.454704253429747e-5,-7.869919193965343e-6,-6.921290366064654e-8,-0.003260830303651702,1.1433005886718505e-10,0.000272951758309695,4.327062958075575e-11,1.893616659907493e-10,-6.903886689513198e-13,-0.0010245773194562761,-0.0013347144164305076,3.746362311511876e-5,4.9775241220513254e-5,1.3014590005779457e-11,-0.0018464416947744319,-0.00018007880650228758,-9.122969876620386e-7,-5.028234489321061e-9,-1.0052394303729036e-5,0.00010611431326108254,-2.646474211095292e-5,4.9257865927481235e-8,6.639428207230151e-8,-4.464598184429679e-5,9.013858884197936e-6,2.8986200659413835e-9,4.9506047397160764e-8,8.793401981570123e-7,0.0012077973573832233,-1.5158581330623816e-5,5.719935351633228e-9,1.894465759627275e-5,0.0022607254900410155,-0.008821605554308186,-1.1005204492443661e-10,-1.7955499307086955e-10,-5.928021700896478e-8,-1.0202292996795524e-8,-3.0520591668374555e-10,4.161091393993719e-8,-0.0001769244381528431,-3.964499758295917e-5,-5.826046945678224e-12,8.661628312520561e-7,1.4530639272509983e-6
0.0,0.0,0.0,0.0,0.0,0.0,0.0,0.0,0.0,0.0,0.0,0.0,0.0,0.0,0.0,0.0,0.0,0.0,0.0,0.0,0.0,0.0,0.0,0.0,0.0,0.0,0.0,0.0,0.0,0.0,0.0,0.0,0.0,0.0,0.0,0.0,0.0,0.0,0.0,0.0,0.0,0.0,0.0,0.0,0.0,0.0,0.0,0.0,0.0,0.0,0.0,0.0,0.0,0.0,0.0,0.0,0.0,0.0,0.0,0.0,0.0,0.0,0.0,0.0,0.0,0.0,0.0,0.0,0.0,0.0,0.0,0.0,0.0,0.0,0.0,0.0,0.0,0.0,0.0,0.0,0.0,0.0,0.0,0.0,0.0,0.0,0.0,0.0,0.0,0.0,0.0,0.0,0.0,0.0,0.0,0.0,0.0,0.0,0.0,0.0,0.0,0.0,0.0,0.0,0.0,0.0,0.0,0.0,0.0,0.0,0.0,0.0,0.0,0.0,0.0,0.0,0.0,0.0,0.0,0.0,0.0,0.0,0.0,0.0,0.0,0.0,0.0,0.0,0.0,0.0,0.0,0.0,0.0,0.0,0.0,0.0,0.0,0.0,0.0,0.0,0.0,0.0,0.0,0.0,0.0,0.0,0.0,0.0,0.0,0.0,0.0,0.0,0.0,0.0,0.0,0.0,0.0,0.0,0.0,0.0,0.0,0.0,0.0,0.0,0.0,0.0,0.0,0.0,0.0,0.0,0.0,0.0,0.0,0.0,0.0,0.0,0.0,0.0,0.0,0.0,0.0,0.0,0.0,0.0,0.0,0.0,0.0,0.0,0.0,0.0,0.0,0.0,0.0,0.0,0.0,0.0,0.0,0.0,0.0,0.0,0.0,0.0,0.0,0.0,0.0,0.0,0.0,0.0,0.0,0.0,0.0,0.0,0.0,0.0,0.0,0.0,0.0,0.0,0.0,0.0,0.0,0.0,0.0,0.0,0.0,0.0,0.0,0.0,0.0,0.0,0.0,0.0,0.0,0.0,0.0,0.0,0.0,0.0,0.0,0.0,0.0,0.0,0.0,0.0,0.0,0.0,0.0,0.0,0.0,0.0,0.0,0.0,0.0,0.0,0.0,0.0,0.0,0.0,0.0,0.0,0.0,0.0,0.0,0.0,0.0,0.0,0.0,0.0,0.0,0.0,0.0,0.0,0.0,0.0,0.0,0.0,0.0,0.0,0.0,0.0,0.0,0.0,0.0,0.0,0.0,0.0,0.0,0.0,0.0,0.0,0.0,0.0,0.0,0.0,0.0,0.0,0.0,0.0,0.0,0.0,0.0,0.0,0.0,0.0,0.0,0.0,0.0,0.0,0.0,0.0,0.0,0.0,0.0,0.0,0.0,0.0,0.0,0.0,0.0,0.0,0.0,0.0,0.0,0.0,0.0,0.0,0.0,0.0,0.0,0.0,0.0,0.0,0.0,0.0,0.0,0.0,0.0,0.0,0.0,0.0,0.0,0.0,0.0,0.0,0.0,0.0,0.0,0.0,0.0,0.0,0.0,0.0,0.0,0.0,0.0,0.0,0.0,0.0,0.0,0.0,0.0,0.0,0.0,0.0,0.0,0.0,0.0,0.0,0.0,0.0,0.0,0.0,0.0,0.0,0.0,0.0,0.0,0.0,0.0,0.0,0.0,0.0,0.0,0.0,0.0,0.0,0.0,0.0,0.0,0.0,0.0,0.0,0.0,0.0,0.0,0.0,0.0,0.0,0.0,0.0,0.0,0.0,0.0,0.0,0.0,0.0,0.0,0.0,0.0,0.0,0.0,0.0,0.0,0.0,0.0,0.0,0.0,0.0,0.0,0.0,0.0,0.0,0.0,0.0,0.0,0.0,0.0,0.0,0.0,0.0,0.0,0.0,0.0,0.0,0.0,0.0,0.0,0.0,0.0,0.0,0.0,0.0,0.0,0.0,0.0,0.0,0.0,0.0,0.0,0.0,0.0,0.0,0.0,0.0,0.0,0.0,0.0,0.0,0.0,0.0,0.0,0.0,0.0,0.0,0.0,0.0,0.0,0.0,0.0,0.0,0.0,0.0,0.0,0.0,0.0,0.0,0.0,0.0,0.0,0.0,0.0,0.0,0.0,0.0,0.0,0.0,0.0,0.0,0.0,0.0,0.0,0.0,0.0,0.0,0.0,0.0,0.0,0.0,0.0,0.0,0.0,0.0,0.0,0.0,0.0,0.0,0.0,0.0,0.0,0.0,0.0,0.0,0.0,0.0,0.0,0.0,0.0,0.0,0.0,0.0,0.0,0.0,0.0,0.0,0.0,0.0,0.0,0.0,0.0,0.0,0.0,0.0,0.0,0.0,0.0,0.0,0.0,0.0,0.0,0.0,0.0,0.0,0.0,0.0,0.0,0.0,0.0,0.0,0.0,0.0,0.0,0.0,0.0,0.0,0.0,0.0,0.0,0.0,0.0,0.0,0.0,0.0,0.0,0.0,0.0,0.0,0.0,0.0,0.0,0.0,0.0,0.0,0.0,0.0,0.0,0.0,0.0,0.0,0.0,0.0,0.0,0.0,0.0,0.0,0.0,0.0,0.0,0.0,0.0,0.0,0.0,0.0,0.0,0.0,0.0,0.0,0.0,0.0,0.0,0.0,0.0,0.0,0.0,0.0,0.0,0.0,0.0,0.0,0.0,0.0,0.0,0.0,0.0,0.0,0.0,0.0,0.0,0.0,0.0,0.0,0.0,0.0,0.0,0.0,0.0,0.0,0.0,0.0,0.0,0.0,0.0,0.0,0.0,0.0,0.0,0.0,0.0,0.0,0.0,0.0,0.0,0.0,0.0,0.0,0.0,0.0,0.0,0.0,0.0,0.0,0.0,0.0,0.0,0.0,0.0,0.0,0.0,0.0,0.0,0.0,0.0,0.0,0.0,0.0,0.0,0.0,0.0,0.0,0.0,0.0,0.0,0.0,0.0,0.0,0.0,0.0,0.0,0.0,0.0,0.0,0.0,0.0,0.0,0.03564598134311112,-0.002750496562969814,7.815172304772305e-6,-5.14730659609251e-8,4.443529844586161e-6,0.009825826679309708,-3.6373437427786276e-11,1.7429306839414391e-9,-7.2754646104475335e-6,-1.87116939639052e-9,0.0009878193450288623,-1.2100820587694773e-6,1.5796845332926537e-7,6.346145416793037e-7,-1.220755570973148e-5,1.199974282716371e-7,-1.5997878738495076e-10,9.657960404124725e-6,0.0005050218699119226,-1.2209704466349545e-7,-0.0003108012314359078,-1.810686662350842e-5,-1.592231976946605e-6,-1.445835533489393e-7,5.5055285104359474e-5,-1.1546821241212023e-6,-4.127016398557276e-6,2.386071206943496e-7,-2.5790641768922527e-8,-7.765335512614646e-9,0.000863226407520112,-3.4203118364080376e-6,-7.072745802941781e-10,4.702020393752277e-10,-0.0019196329002213663,0.0006970039820216292,3.10384017196426e-8,3.2465529116336495e-9,1.2537430918635325e-8,-1.9167141694593276e-6,-9.470875798646899e-9,9.972775897478074e-6,-8.180711616713287e-9,-5.090687457056475e-7,1.172702694830375e-9,-2.8569003776388955e-5,2.7083849070004488e-8,1.2714214820290586e-8,1.4017698238426484e-5,-8.829382614979843e-7,-3.16465835112178e-5,1.4520280758484136e-8,-2.461591384404911e-9,1.1743118491074704e-8,-5.4087170519843616e-8,2.9441679432473065e-6,-0.00022899878972176282,0.0002352718955291122,-5.847165578726622e-10,-0.00040846548508810965,-1.990381088445479e-5,2.1930170066224702e-5,-2.3492180676150359e-7,3.0037196994995007e-5,5.207341994630286e-8,-3.0265434202183112e-5,0.0019678313015921607,-0.0027039949177385023,-2.236116509469486e-8,-0.001885710757168626,4.315998597787654e-10,1.0847886283065095e-6,-0.004428026301396986,-6.569413164231997e-6,-9.65312625822395e-6,4.910363241259623e-9,-4.290679350003313e-6,-7.047434565845207e-9,-8.776137717304274e-8,7.751593345648215e-12,-2.2201785231247713e-5,0.0005300209605207237,-0.007294205450397134,0.0020695391029802576,9.38515854867731e-11,-5.601284413885755e-5,-1.9662161000736528e-6,-4.2282574770035467e-5,-2.268890428475882e-7,-1.2515383370070207e-6,-0.00397879437421717,0.00031835595888766673,1.6917890103993292e-6,3.661397784645894e-6,1.1001750511964187e-7,-5.666696095797002e-8,2.1675671578542306e-8,8.27494754864715e-6,0.0005894091359233187,6.977639395401935e-6,2.574447707829575e-5,6.290408633530695e-8,-0.0014409858860166107,6.81993064959973e-5,0.0003957112722064091,-2.9118638927836386e-9,5.1348000800851696e-8,-4.127718563701245e-6,1.9647424681525043e-7,-1.2311292518960936e-6,-9.65890925298145e-7,-4.08086231078175e-6,-3.9273934244070653e-7,3.5116036024597824e-10,-0.00012118837440460737,1.8596306397487907e-8
0.0,0.0,0.0,0.0,0.0,0.0,0.0,0.0,0.0,0.0,0.0,0.0,0.0,0.0,0.0,0.0,0.0,0.0,0.0,0.0,0.0,0.0,0.0,0.0,0.0,0.0,0.0,0.0,0.0,0.0,0.0,0.0,0.0,0.0,0.0,0.0,0.0,0.0,0.0,0.0,0.0,0.0,0.0,0.0,0.0,0.0,0.0,0.0,0.0,0.0,0.0,0.0,0.0,0.0,0.0,0.0,0.0,0.0,0.0,0.0,0.0,0.0,0.0,0.0,0.0,0.0,0.0,0.0,0.0,0.0,0.0,0.0,0.0,0.0,0.0,0.0,0.0,0.0,0.0,0.0,0.0,0.0,0.0,0.0,0.0,0.0,0.0,0.0,0.0,0.0,0.0,0.0,0.0,0.0,0.0,0.0,0.0,0.0,0.0,0.0,0.0,0.0,0.0,0.0,0.0,0.0,0.0,0.0,0.0,0.0,0.0,0.0,0.0,0.0,0.0,0.0,0.0,0.0,0.0,0.0,0.0,0.0,0.0,0.0,0.0,0.0,0.0,0.0,0.0,0.0,0.0,0.0,0.0,0.0,0.0,0.0,0.0,0.0,0.0,0.0,0.0,0.0,0.0,0.0,0.0,0.0,0.0,0.0,0.0,0.0,0.0,0.0,0.0,0.0,0.0,0.0,0.0,0.0,0.0,0.0,0.0,0.0,0.0,0.0,0.0,0.0,0.0,0.0,0.0,0.0,0.0,0.0,0.0,0.0,0.0,0.0,0.0,0.0,0.0,0.0,0.0,0.0,0.0,0.0,0.0,0.0,0.0,0.0,0.0,0.0,0.0,0.0,0.0,0.0,0.0,0.0,0.0,0.0,0.0,0.0,0.0,0.0,0.0,0.0,0.0,0.0,0.0,0.0,0.0,0.0,0.0,0.0,0.0,0.0,0.0,0.0,0.0,0.0,0.0,0.0,0.0,0.0,0.0,0.0,0.0,0.0,0.0,0.0,0.0,0.0,0.0,0.0,0.0,0.0,0.0,0.0,0.0,0.0,0.0,0.0,0.0,0.0,0.0,0.0,0.0,0.0,0.0,0.0,0.0,0.0,0.0,0.0,0.0,0.0,0.0,0.0,0.0,0.0,0.0,0.0,0.0,0.0,0.0,0.0,0.0,0.0,0.0,0.0,0.0,0.0,0.0,0.0,0.0,0.0,0.0,0.0,0.0,0.0,0.0,0.0,0.0,0.0,0.0,0.0,0.0,0.0,0.0,0.0,0.0,0.0,0.0,0.0,0.0,0.0,0.0,0.0,0.0,0.0,0.0,0.0,0.0,0.0,0.0,0.0,0.0,0.0,0.0,0.0,0.0,0.0,0.0,0.0,0.0,0.0,0.0,0.0,0.0,0.0,0.0,0.0,0.0,0.0,0.0,0.0,0.0,0.0,0.0,0.0,0.0,0.0,0.0,0.0,0.0,0.0,0.0,0.0,0.0,0.0,0.0,0.0,0.0,0.0,0.0,0.0,0.0,0.0,0.0,0.0,0.0,0.0,0.0,0.0,0.0,0.0,0.0,0.0,0.0,0.0,0.0,0.0,0.0,0.0,0.0,0.0,0.0,0.0,0.0,0.0,0.0,0.0,0.0,0.0,0.0,0.0,0.0,0.0,0.0,0.0,0.0,0.0,0.0,0.0,0.0,0.0,0.0,0.0,0.0,0.0,0.0,0.0,0.0,0.0,0.0,0.0,0.0,0.0,0.0,0.0,0.0,0.0,0.0,0.0,0.0,0.0,0.0,0.0,0.0,0.0,0.0,0.0,0.0,0.0,0.0,0.0,0.0,0.0,0.0,0.0,0.0,0.0,0.0,0.0,0.0,0.0,0.0,0.0,0.0,0.0,0.0,0.0,0.0,0.0,0.0,0.0,0.0,0.0,0.0,0.0,0.0,0.0,0.0,0.0,0.0,0.0,0.0,0.0,0.0,0.0,0.0,0.0,0.0,0.0,0.0,0.0,0.0,0.0,0.0,0.0,0.0,0.0,0.0,0.0,0.0,0.0,0.0,0.0,0.0,0.0,0.0,0.0,0.0,0.0,0.0,0.0,0.0,0.0,0.0,0.0,0.0,0.0,0.0,0.0,0.0,0.0,0.0,0.0,0.0,0.0,0.0,0.0,0.0,0.0,0.0,0.0,0.0,0.0,0.0,0.0,0.0,0.0,0.0,0.0,0.0,0.0,0.0,0.0,0.0,0.0,0.0,0.0,0.0,0.0,0.0,0.0,0.0,0.0,0.0,0.0,0.0,0.0,0.0,0.0,0.0,0.0,0.0,0.0,0.0,0.0,0.0,0.0,0.0,0.0,0.0,0.0,0.0,0.0,0.0,0.0,0.0,0.0,0.0,0.0,0.0,0.0,0.0,0.0,0.0,0.0,0.0,0.0,0.0,0.0,0.0,0.0,0.0,0.0,0.0,0.0,0.0,0.0,0.0,0.0,0.0,0.0,0.0,0.0,0.0,0.0,0.0,0.0,0.0,0.0,0.0,0.0,0.0,0.0,0.0,0.0,0.0,0.0,0.0,0.0,0.0,0.0,0.0,0.0,0.0,0.0,0.0,0.0,0.0,0.0,0.0,0.0,0.0,0.0,0.0,0.0,0.0,0.0,0.0,0.0,0.0,0.0,0.0,0.0,0.0,0.0,0.0,0.0,0.0,0.0,0.0,0.0,0.0,0.0,0.0,0.0,0.0,0.0,0.0,0.0,0.0,0.0,0.0,0.0,0.0,0.0,0.0,0.0,0.0,0.0,0.0,0.0,0.0,0.0,0.0,0.0,0.0,0.0,0.0,0.0,0.0,0.0,0.0,0.0,0.0,0.0,0.0,0.0,0.0,0.0,0.0,0.0,0.0,0.0,0.0,0.0,0.0,0.0,0.0,0.0,0.0,0.0,0.0,0.0,0.0,0.0,0.0,0.0,0.0,0.0,0.0,0.0,0.0,0.0,0.0,0.0,0.0,0.0,0.0,0.0,0.0,0.0,0.02660932543872349,0.0008747627083677115,3.255191280921541e-7,8.748140053286532e-6,0.005693256188146042,-7.739015738270056e-11,-6.997908083015178e-9,3.413423490555621e-5,-5.828421310084283e-9,0.0005396930716036652,-3.569862217960208e-7,4.889337202843664e-8,-2.1245223565717463e-6,-0.00014990596754977157,-1.138035433215213e-6,-1.1155522037425092e-9,1.553725253140932e-6,-0.00047060247486280444,-1.0177948611156932e-7,9.988976684303703e-5,-1.3833244761623197e-5,-9.945329471839454e-7,-4.0197599355661534e-7,-4.148662337842712e-6,9.427177435372806e-6,-3.5947714933071084e-5,5.144729193595854e-7,-2.379140888444581e-8,-4.16110466824887e-9,0.001585042982497861,-1.4455209660933915e-5,-5.351565755651046e-9,-3.6507877210417543e-9,0.0004032341126724221,-0.004448290999667631,6.541326923520373e-8,2.090022706695494e-9,-3.370379267456689e-9,-3.361841230663947e-6,-9.072709282862587e-8,1.504845206227048e-5,3.2835954216797875e-7,-1.776627043252757e-6,5.441823630512849e-9,0.00017044397162771583,-1.7044147533123924e-8,5.081972256086549e-9,-1.8421930788810727e-5,-8.403974502844408e-7,0.00020616336532819953,-7.0538450853625e-9,-1.5226875639007678e-9,8.191662237913831e-8,7.120253703972144e-8,6.799003000408267e-6,-3.451349701530806e-5,-0.0001071931088351118,1.2029603278975364e-9,-0.00010562076424528687,-1.2629962754679112e-5,-6.214159944532624e-5,1.8794101291374316e-8,0.00019066257652486414,9.966820165465851e-8,1.7942242325418302e-5,0.004783209021918609,-0.004507734016225374,-1.5720244474161814e-6,0.006866725220369889,7.501357978171617e-10,3.6102459564116363e-7,0.00126466243033758,-9.322818491023921e-6,1.446713995489965e-5,-4.199631495093237e-9,-1.8521024693849278e-7,-3.62513090983804e-8,-3.557630104678351e-7,-2.0700090892962361e-10,-2.080733435248795e-6,-7.713491582296248e-5,3.0178197191092178e-5,-0.00770087602736749,-1.1016179712086517e-9,-5.425202122185141e-5,-4.664660654365581e-7,0.00014675361110312935,1.9930861163000407e-8,7.69728497450056e-7,-0.015633033502042964,-0.00022450491290619383,6.417396706112058e-6,8.944417080540123e-7,6.879941167056537e-8,-7.50404619885518e-8,-7.800356929019573e-7,-1.957616700135822e-6,0.0005042831344391802,8.693498030122315e-6,0.0027318925648690796,-2.397848216017729e-7,-0.001009220864104812,-2.0038501555959213e-5,7.95636559480577e-5,-1.0284023682239167e-8,-2.7947087295805845e-8,7.836576170201889e-6,2.5463531250599646e-7,-1.44715369926322e-5,-6.6034541739361985e-6,-1.1560421618995327e-6,-2.6602791043152045e-7,5.061429985747081e-10,0.00019231933150729504,-1.7195475108295517e-8
0.0,0.0,0.0,0.0,0.0,0.0,0.0,0.0,0.0,0.0,0.0,0.0,0.0,0.0,0.0,0.0,0.0,0.0,0.0,0.0,0.0,0.0,0.0,0.0,0.0,0.0,0.0,0.0,0.0,0.0,0.0,0.0,0.0,0.0,0.0,0.0,0.0,0.0,0.0,0.0,0.0,0.0,0.0,0.0,0.0,0.0,0.0,0.0,0.0,0.0,0.0,0.0,0.0,0.0,0.0,0.0,0.0,0.0,0.0,0.0,0.0,0.0,0.0,0.0,0.0,0.0,0.0,0.0,0.0,0.0,0.0,0.0,0.0,0.0,0.0,0.0,0.0,0.0,0.0,0.0,0.0,0.0,0.0,0.0,0.0,0.0,0.0,0.0,0.0,0.0,0.0,0.0,0.0,0.0,0.0,0.0,0.0,0.0,0.0,0.0,0.0,0.0,0.0,0.0,0.0,0.0,0.0,0.0,0.0,0.0,0.0,0.0,0.0,0.0,0.0,0.0,0.0,0.0,0.0,0.0,0.0,0.0,0.0,0.0,0.0,0.0,0.0,0.0,0.0,0.0,0.0,0.0,0.0,0.0,0.0,0.0,0.0,0.0,0.0,0.0,0.0,0.0,0.0,0.0,0.0,0.0,0.0,0.0,0.0,0.0,0.0,0.0,0.0,0.0,0.0,0.0,0.0,0.0,0.0,0.0,0.0,0.0,0.0,0.0,0.0,0.0,0.0,0.0,0.0,0.0,0.0,0.0,0.0,0.0,0.0,0.0,0.0,0.0,0.0,0.0,0.0,0.0,0.0,0.0,0.0,0.0,0.0,0.0,0.0,0.0,0.0,0.0,0.0,0.0,0.0,0.0,0.0,0.0,0.0,0.0,0.0,0.0,0.0,0.0,0.0,0.0,0.0,0.0,0.0,0.0,0.0,0.0,0.0,0.0,0.0,0.0,0.0,0.0,0.0,0.0,0.0,0.0,0.0,0.0,0.0,0.0,0.0,0.0,0.0,0.0,0.0,0.0,0.0,0.0,0.0,0.0,0.0,0.0,0.0,0.0,0.0,0.0,0.0,0.0,0.0,0.0,0.0,0.0,0.0,0.0,0.0,0.0,0.0,0.0,0.0,0.0,0.0,0.0,0.0,0.0,0.0,0.0,0.0,0.0,0.0,0.0,0.0,0.0,0.0,0.0,0.0,0.0,0.0,0.0,0.0,0.0,0.0,0.0,0.0,0.0,0.0,0.0,0.0,0.0,0.0,0.0,0.0,0.0,0.0,0.0,0.0,0.0,0.0,0.0,0.0,0.0,0.0,0.0,0.0,0.0,0.0,0.0,0.0,0.0,0.0,0.0,0.0,0.0,0.0,0.0,0.0,0.0,0.0,0.0,0.0,0.0,0.0,0.0,0.0,0.0,0.0,0.0,0.0,0.0,0.0,0.0,0.0,0.0,0.0,0.0,0.0,0.0,0.0,0.0,0.0,0.0,0.0,0.0,0.0,0.0,0.0,0.0,0.0,0.0,0.0,0.0,0.0,0.0,0.0,0.0,0.0,0.0,0.0,0.0,0.0,0.0,0.0,0.0,0.0,0.0,0.0,0.0,0.0,0.0,0.0,0.0,0.0,0.0,0.0,0.0,0.0,0.0,0.0,0.0,0.0,0.0,0.0,0.0,0.0,0.0,0.0,0.0,0.0,0.0,0.0,0.0,0.0,0.0,0.0,0.0,0.0,0.0,0.0,0.0,0.0,0.0,0.0,0.0,0.0,0.0,0.0,0.0,0.0,0.0,0.0,0.0,0.0,0.0,0.0,0.0,0.0,0.0,0.0,0.0,0.0,0.0,0.0,0.0,0.0,0.0,0.0,0.0,0.0,0.0,0.0,0.0,0.0,0.0,0.0,0.0,0.0,0.0,0.0,0.0,0.0,0.0,0.0,0.0,0.0,0.0,0.0,0.0,0.0,0.0,0.0,0.0,0.0,0.0,0.0,0.0,0.0,0.0,0.0,0.0,0.0,0.0,0.0,0.0,0.0,0.0,0.0,0.0,0.0,0.0,0.0,0.0,0.0,0.0,0.0,0.0,0.0,0.0,0.0,0.0,0.0,0.0,0.0,0.0,0.0,0.0,0.0,0.0,0.0,0.0,0.0,0.0,0.0,0.0,0.0,0.0,0.0,0.0,0.0,0.0,0.0,0.0,0.0,0.0,0.0,0.0,0.0,0.0,0.0,0.0,0.0,0.0,0.0,0.0,0.0,0.0,0.0,0.0,0.0,0.0,0.0,0.0,0.0,0.0,0.0,0.0,0.0,0.0,0.0,0.0,0.0,0.0,0.0,0.0,0.0,0.0,0.0,0.0,0.0,0.0,0.0,0.0,0.0,0.0,0.0,0.0,0.0,0.0,0.0,0.0,0.0,0.0,0.0,0.0,0.0,0.0,0.0,0.0,0.0,0.0,0.0,0.0,0.0,0.0,0.0,0.0,0.0,0.0,0.0,0.0,0.0,0.0,0.0,0.0,0.0,0.0,0.0,0.0,0.0,0.0,0.0,0.0,0.0,0.0,0.0,0.0,0.0,0.0,0.0,0.0,0.0,0.0,0.0,0.0,0.0,0.0,0.0,0.0,0.0,0.0,0.0,0.0,0.0,0.0,0.0,0.0,0.0,0.0,0.0,0.0,0.0,0.0,0.0,0.0,0.0,0.0,0.0,0.0,0.0,0.0,0.0,0.0,0.0,0.0,0.0,0.0,0.0,0.0,0.0,0.0,0.0,0.0,0.0,0.0,0.0,0.0,0.0,0.0,0.0,0.0,0.0,0.0,0.0,0.0,0.0,0.0,0.0,0.0,0.0,0.0,0.0,0.0,0.0,0.0,0.0,0.0,0.0,0.0,0.0,0.0,0.0,0.0,0.0,0.0,0.0,0.0,0.0,0.0,0.0,0.0,0.0,0.0,0.0,0.0,0.0,0.0,0.0,0.0,0.0,0.0,0.0,0.0,0.0,0.0,0.0,0.0,0.0,0.0,0.0,0.0,0.0,0.021160491547264806,7.222515222269794e-7,2.7275801129799207e-7,-0.005486470583580006,3.7845039106150314e-11,-2.6597159829063746e-9,-3.043825547336463e-6,-1.5328730845024245e-9,-0.00045260661649494975,2.85534055256755e-6,-2.3595271959269707e-7,-3.203864077730109e-8,-1.981631335302402e-6,4.704591346919554e-7,5.034492130373649e-11,1.218872102552596e-6,-2.292279816496515e-5,-2.4464250762323187e-8,-6.480211677340953e-5,0.00017935523047793775,-1.0720662683119886e-6,3.0226734908947235e-8,0.0001538568971774721,-7.318697518425306e-7,1.742426744396888e-7,6.40458085391529e-8,1.714108777900599e-7,2.272270958974097e-9,7.53891616370199e-5,7.822365135269877e-7,-1.4850639607167696e-10,1.2198336733136276e-9,-0.0018501644639097924,-0.00039349121105755716,-3.246267684540115e-8,2.205789489527181e-8,1.2775323599903047e-8,-2.0378759798612066e-6,1.042331196347794e-7,2.72443224518866e-6,-8.642311878099327e-8,3.43821523125654e-7,7.386995318595585e-10,0.0001408149783926448,-1.132425535600207e-8,-8.16575326992129e-9,4.058309606315661e-6,-6.076849183699923e-9,0.0001605989542165332,6.875580795307187e-9,2.0792445315815487e-9,-1.0195441449824392e-8,1.9300518722180518e-7,-9.605336630719097e-7,-0.00031058931173577267,-7.017843982758737e-5,-4.019651308846129e-10,-0.003901971096337647,6.289373165165255e-5,1.6756851787210152e-5,-1.124557480619742e-7,-1.0740174459174018e-5,1.027527464220581e-8,0.00020589403726888452,0.0014537950031122148,-0.005118977592404344,1.2154278038996554e-7,0.0004290704125567023,1.201119789511603e-10,-5.970320556159678e-8,-0.002674063503690859,3.23697218035323e-6,-0.0003496961429383274,2.9411486221000134e-9,5.955145809802566e-6,-1.8938580900008287e-9,2.0350683341365305e-8,4.24606469757293e-11,-2.037725286360441e-5,-0.0004249280173123559,0.002008192161944747,-0.0010475258768732803,6.98554256370839e-11,5.723564699395e-5,1.9239375314747944e-6,3.8356856390386486e-5,-1.9216792389352943e-7,4.5741374425525136e-7,-0.0012459447750441206,0.00028799508792098455,-5.92560558330013e-7,-4.892610897221275e-7,1.220854414650081e-6,-3.0927833350612474e-8,1.2846529616088043e-7,5.2590983586051436e-6,-3.2104907494924506e-5,7.649879608115006e-5,0.00020030560040464152,5.0281164811654033e-8,0.0011314140268898815,0.00022008051594868966,-0.00016989297865849714,2.421241213165855e-9,4.1824061919450495e-9,-4.010909505172185e-6,4.1257933383553196e-7,1.2236180313208179e-6,4.4074340989116643e-7,5.830730154767797e-6,3.1365971797637143e-7,1.0951622637734597e-10,4.13520055863731e-5,-2.7133723797386494e-8
0.0,0.0,0.0,0.0,0.0,0.0,0.0,0.0,0.0,0.0,0.0,0.0,0.0,0.0,0.0,0.0,0.0,0.0,0.0,0.0,0.0,0.0,0.0,0.0,0.0,0.0,0.0,0.0,0.0,0.0,0.0,0.0,0.0,0.0,0.0,0.0,0.0,0.0,0.0,0.0,0.0,0.0,0.0,0.0,0.0,0.0,0.0,0.0,0.0,0.0,0.0,0.0,0.0,0.0,0.0,0.0,0.0,0.0,0.0,0.0,0.0,0.0,0.0,0.0,0.0,0.0,0.0,0.0,0.0,0.0,0.0,0.0,0.0,0.0,0.0,0.0,0.0,0.0,0.0,0.0,0.0,0.0,0.0,0.0,0.0,0.0,0.0,0.0,0.0,0.0,0.0,0.0,0.0,0.0,0.0,0.0,0.0,0.0,0.0,0.0,0.0,0.0,0.0,0.0,0.0,0.0,0.0,0.0,0.0,0.0,0.0,0.0,0.0,0.0,0.0,0.0,0.0,0.0,0.0,0.0,0.0,0.0,0.0,0.0,0.0,0.0,0.0,0.0,0.0,0.0,0.0,0.0,0.0,0.0,0.0,0.0,0.0,0.0,0.0,0.0,0.0,0.0,0.0,0.0,0.0,0.0,0.0,0.0,0.0,0.0,0.0,0.0,0.0,0.0,0.0,0.0,0.0,0.0,0.0,0.0,0.0,0.0,0.0,0.0,0.0,0.0,0.0,0.0,0.0,0.0,0.0,0.0,0.0,0.0,0.0,0.0,0.0,0.0,0.0,0.0,0.0,0.0,0.0,0.0,0.0,0.0,0.0,0.0,0.0,0.0,0.0,0.0,0.0,0.0,0.0,0.0,0.0,0.0,0.0,0.0,0.0,0.0,0.0,0.0,0.0,0.0,0.0,0.0,0.0,0.0,0.0,0.0,0.0,0.0,0.0,0.0,0.0,0.0,0.0,0.0,0.0,0.0,0.0,0.0,0.0,0.0,0.0,0.0,0.0,0.0,0.0,0.0,0.0,0.0,0.0,0.0,0.0,0.0,0.0,0.0,0.0,0.0,0.0,0.0,0.0,0.0,0.0,0.0,0.0,0.0,0.0,0.0,0.0,0.0,0.0,0.0,0.0,0.0,0.0,0.0,0.0,0.0,0.0,0.0,0.0,0.0,0.0,0.0,0.0,0.0,0.0,0.0,0.0,0.0,0.0,0.0,0.0,0.0,0.0,0.0,0.0,0.0,0.0,0.0,0.0,0.0,0.0,0.0,0.0,0.0,0.0,0.0,0.0,0.0,0.0,0.0,0.0,0.0,0.0,0.0,0.0,0.0,0.0,0.0,0.0,0.0,0.0,0.0,0.0,0.0,0.0,0.0,0.0,0.0,0.0,0.0,0.0,0.0,0.0,0.0,0.0,0.0,0.0,0.0,0.0,0.0,0.0,0.0,0.0,0.0,0.0,0.0,0.0,0.0,0.0,0.0,0.0,0.0,0.0,0.0,0.0,0.0,0.0,0.0,0.0,0.0,0.0,0.0,0.0,0.0,0.0,0.0,0.0,0.0,0.0,0.0,0.0,0.0,0.0,0.0,0.0,0.0,0.0,0.0,0.0,0.0,0.0,0.0,0.0,0.0,0.0,0.0,0.0,0.0,0.0,0.0,0.0,0.0,0.0,0.0,0.0,0.0,0.0,0.0,0.0,0.0,0.0,0.0,0.0,0.0,0.0,0.0,0.0,0.0,0.0,0.0,0.0,0.0,0.0,0.0,0.0,0.0,0.0,0.0,0.0,0.0,0.0,0.0,0.0,0.0,0.0,0.0,0.0,0.0,0.0,0.0,0.0,0.0,0.0,0.0,0.0,0.0,0.0,0.0,0.0,0.0,0.0,0.0,0.0,0.0,0.0,0.0,0.0,0.0,0.0,0.0,0.0,0.0,0.0,0.0,0.0,0.0,0.0,0.0,0.0,0.0,0.0,0.0,0.0,0.0,0.0,0.0,0.0,0.0,0.0,0.0,0.0,0.0,0.0,0.0,0.0,0.0,0.0,0.0,0.0,0.0,0.0,0.0,0.0,0.0,0.0,0.0,0.0,0.0,0.0,0.0,0.0,0.0,0.0,0.0,0.0,0.0,0.0,0.0,0.0,0.0,0.0,0.0,0.0,0.0,0.0,0.0,0.0,0.0,0.0,0.0,0.0,0.0,0.0,0.0,0.0,0.0,0.0,0.0,0.0,0.0,0.0,0.0,0.0,0.0,0.0,0.0,0.0,0.0,0.0,0.0,0.0,0.0,0.0,0.0,0.0,0.0,0.0,0.0,0.0,0.0,0.0,0.0,0.0,0.0,0.0,0.0,0.0,0.0,0.0,0.0,0.0,0.0,0.0,0.0,0.0,0.0,0.0,0.0,0.0,0.0,0.0,0.0,0.0,0.0,0.0,0.0,0.0,0.0,0.0,0.0,0.0,0.0,0.0,0.0,0.0,0.0,0.0,0.0,0.0,0.0,0.0,0.0,0.0,0.0,0.0,0.0,0.0,0.0,0.0,0.0,0.0,0.0,0.0,0.0,0.0,0.0,0.0,0.0,0.0,0.0,0.0,0.0,0.0,0.0,0.0,0.0,0.0,0.0,0.0,0.0,0.0,0.0,0.0,0.0,0.0,0.0,0.0,0.0,0.0,0.0,0.0,0.0,0.0,0.0,0.0,0.0,0.0,0.0,0.0,0.0,0.0,0.0,0.0,0.0,0.0,0.0,0.0,0.0,0.0,0.0,0.0,0.0,0.0,0.0,0.0,0.0,0.0,0.0,0.0,0.0,0.0,0.0,0.0,0.0,0.0,0.0,0.0,0.0,0.0,0.0,0.0,0.0,0.0,0.0,0.0,0.0,0.0,0.0,0.0,0.0,0.0,0.0,0.0,0.0,0.0,0.0,0.0,0.0,0.0,0.0,0.0,0.0,0.0,0.0,0.0,0.0,0.0,0.0,0.0,0.0,0.0,0.0,0.0,0.0,0.0,0.0,0.0,0.0,0.0,0.0,0.02699796108036841,-3.536934297104225e-10,4.4474106951773704e-7,-2.0163795633653085e-14,-1.2654174755511872e-13,3.168883999662468e-10,2.7837388204985783e-13,-2.3986688114046497e-6,0.0020962820027748473,-0.002568945224580812,3.3284146080089747e-10,1.5717526924362869e-9,-5.078546732651724e-11,1.9804337573678384e-14,0.0010120405230703245,-9.752500256773354e-9,-0.0009631028761108814,-3.6452518477305744e-6,-9.38092169382174e-7,-0.001446004953798766,2.5421550891938705e-12,-3.1028313132535236e-5,-1.7699096678259636e-10,5.470271678743715e-10,-3.245675438280504e-11,0.0011215061824097266,-1.8310081354935061e-13,-1.3919876021299388e-7,2.3047833585129936e-11,9.637162438798003e-14,-2.701470246267816e-13,-8.377382045908073e-7,2.9785612092755894e-7,0.0021436953185701908,-0.00013064746991982667,-0.0009793510276045088,2.510879128737908e-10,-0.0009884745289494546,-5.920133723451509e-10,1.2738981927680478e-11,-2.6344820754093412e-11,-2.3773945642375013e-13,-3.375992122180934e-8,-8.989592871324169e-13,-4.7155743690672235e-5,-1.0069098160871195e-9,-2.0357385214084263e-11,3.1698824510613346e-8,-9.790877903780755e-13,-3.342663910301093e-13,7.539765732714718e-13,0.0009276370326687138,1.2549454811355708e-11,-1.7735318927995133e-5,-1.5459391582860995e-8,1.225349768976935e-14,6.448783383905308e-6,0.00015462105618182267,-2.5641051635217857e-9,-0.002489834875857369,-1.772013643612076e-9,-3.041357243936077e-12,0.00011819984104563874,-4.860618960818813e-7,-2.3316115865062165e-7,2.0482205680610636e-12,3.64077033400635e-7,-3.059284522235766e-14,0.00042313827759935343,9.745162030450107e-7,7.054645336722538e-12,3.774265760163454e-5,-3.2122590872807196e-13,-9.571078782620711e-5,9.551354114792039e-13,2.8003603044603753e-12,1.4109732029797773e-14,0.00015490401593596132,-3.4211322310891886e-6,-1.443117517797435e-7,-3.3585989513007555e-7,8.702521936027893e-14,5.282268186928184e-5,0.0033190224981022812,-1.3024961268798218e-8,2.614790145405735e-11,-0.0012138667334285836,-3.242970835485202e-7,2.4745076679430433e-7,-4.497225626979424e-10,-1.1705229956933724e-10,-0.00041542110589445663,-0.0024865386336695265,-1.270225712139371e-13,-4.773544780727171e-10,-1.3864510078661983e-7,7.043452301243596e-5,-1.4664280290261924e-7,-1.2726926869477104e-12,1.635095420512998e-7,-4.3507504982705564e-6,-4.3717042141199826e-5,-6.338675335172807e-14,-3.4660740315378646e-12,1.517522403213979e-10,-1.2657185620441595e-11,4.102910343621238e-10,-1.9188443482655264e-11,0.0015821305753242292,-0.002550232642633894,-1.753435201264821e-14,-8.673502967802118e-9,-0.0009089217865604484
0.0,0.0,0.0,0.0,0.0,0.0,0.0,0.0,0.0,0.0,0.0,0.0,0.0,0.0,0.0,0.0,0.0,0.0,0.0,0.0,0.0,0.0,0.0,0.0,0.0,0.0,0.0,0.0,0.0,0.0,0.0,0.0,0.0,0.0,0.0,0.0,0.0,0.0,0.0,0.0,0.0,0.0,0.0,0.0,0.0,0.0,0.0,0.0,0.0,0.0,0.0,0.0,0.0,0.0,0.0,0.0,0.0,0.0,0.0,0.0,0.0,0.0,0.0,0.0,0.0,0.0,0.0,0.0,0.0,0.0,0.0,0.0,0.0,0.0,0.0,0.0,0.0,0.0,0.0,0.0,0.0,0.0,0.0,0.0,0.0,0.0,0.0,0.0,0.0,0.0,0.0,0.0,0.0,0.0,0.0,0.0,0.0,0.0,0.0,0.0,0.0,0.0,0.0,0.0,0.0,0.0,0.0,0.0,0.0,0.0,0.0,0.0,0.0,0.0,0.0,0.0,0.0,0.0,0.0,0.0,0.0,0.0,0.0,0.0,0.0,0.0,0.0,0.0,0.0,0.0,0.0,0.0,0.0,0.0,0.0,0.0,0.0,0.0,0.0,0.0,0.0,0.0,0.0,0.0,0.0,0.0,0.0,0.0,0.0,0.0,0.0,0.0,0.0,0.0,0.0,0.0,0.0,0.0,0.0,0.0,0.0,0.0,0.0,0.0,0.0,0.0,0.0,0.0,0.0,0.0,0.0,0.0,0.0,0.0,0.0,0.0,0.0,0.0,0.0,0.0,0.0,0.0,0.0,0.0,0.0,0.0,0.0,0.0,0.0,0.0,0.0,0.0,0.0,0.0,0.0,0.0,0.0,0.0,0.0,0.0,0.0,0.0,0.0,0.0,0.0,0.0,0.0,0.0,0.0,0.0,0.0,0.0,0.0,0.0,0.0,0.0,0.0,0.0,0.0,0.0,0.0,0.0,0.0,0.0,0.0,0.0,0.0,0.0,0.0,0.0,0.0,0.0,0.0,0.0,0.0,0.0,0.0,0.0,0.0,0.0,0.0,0.0,0.0,0.0,0.0,0.0,0.0,0.0,0.0,0.0,0.0,0.0,0.0,0.0,0.0,0.0,0.0,0.0,0.0,0.0,0.0,0.0,0.0,0.0,0.0,0.0,0.0,0.0,0.0,0.0,0.0,0.0,0.0,0.0,0.0,0.0,0.0,0.0,0.0,0.0,0.0,0.0,0.0,0.0,0.0,0.0,0.0,0.0,0.0,0.0,0.0,0.0,0.0,0.0,0.0,0.0,0.0,0.0,0.0,0.0,0.0,0.0,0.0,0.0,0.0,0.0,0.0,0.0,0.0,0.0,0.0,0.0,0.0,0.0,0.0,0.0,0.0,0.0,0.0,0.0,0.0,0.0,0.0,0.0,0.0,0.0,0.0,0.0,0.0,0.0,0.0,0.0,0.0,0.0,0.0,0.0,0.0,0.0,0.0,0.0,0.0,0.0,0.0,0.0,0.0,0.0,0.0,0.0,0.0,0.0,0.0,0.0,0.0,0.0,0.0,0.0,0.0,0.0,0.0,0.0,0.0,0.0,0.0,0.0,0.0,0.0,0.0,0.0,0.0,0.0,0.0,0.0,0.0,0.0,0.0,0.0,0.0,0.0,0.0,0.0,0.0,0.0,0.0,0.0,0.0,0.0,0.0,0.0,0.0,0.0,0.0,0.0,0.0,0.0,0.0,0.0,0.0,0.0,0.0,0.0,0.0,0.0,0.0,0.0,0.0,0.0,0.0,0.0,0.0,0.0,0.0,0.0,0.0,0.0,0.0,0.0,0.0,0.0,0.0,0.0,0.0,0.0,0.0,0.0,0.0,0.0,0.0,0.0,0.0,0.0,0.0,0.0,0.0,0.0,0.0,0.0,0.0,0.0,0.0,0.0,0.0,0.0,0.0,0.0,0.0,0.0,0.0,0.0,0.0,0.0,0.0,0.0,0.0,0.0,0.0,0.0,0.0,0.0,0.0,0.0,0.0,0.0,0.0,0.0,0.0,0.0,0.0,0.0,0.0,0.0,0.0,0.0,0.0,0.0,0.0,0.0,0.0,0.0,0.0,0.0,0.0,0.0,0.0,0.0,0.0,0.0,0.0,0.0,0.0,0.0,0.0,0.0,0.0,0.0,0.0,0.0,0.0,0.0,0.0,0.0,0.0,0.0,0.0,0.0,0.0,0.0,0.0,0.0,0.0,0.0,0.0,0.0,0.0,0.0,0.0,0.0,0.0,0.0,0.0,0.0,0.0,0.0,0.0,0.0,0.0,0.0,0.0,0.0,0.0,0.0,0.0,0.0,0.0,0.0,0.0,0.0,0.0,0.0,0.0,0.0,0.0,0.0,0.0,0.0,0.0,0.0,0.0,0.0,0.0,0.0,0.0,0.0,0.0,0.0,0.0,0.0,0.0,0.0,0.0,0.0,0.0,0.0,0.0,0.0,0.0,0.0,0.0,0.0,0.0,0.0,0.0,0.0,0.0,0.0,0.0,0.0,0.0,0.0,0.0,0.0,0.0,0.0,0.0,0.0,0.0,0.0,0.0,0.0,0.0,0.0,0.0,0.0,0.0,0.0,0.0,0.0,0.0,0.0,0.0,0.0,0.0,0.0,0.0,0.0,0.0,0.0,0.0,0.0,0.0,0.0,0.0,0.0,0.0,0.0,0.0,0.0,0.0,0.0,0.0,0.0,0.0,0.0,0.0,0.0,0.0,0.0,0.0,0.0,0.0,0.0,0.0,0.0,0.0,0.0,0.0,0.0,0.0,0.0,0.0,0.0,0.0,0.0,0.0,0.0,0.0,0.0,0.0,0.0,0.0,0.0,0.0,0.0,0.0,0.0,0.0,0.0,0.0,0.0,0.0,0.0,0.0,0.0,0.0,0.0,0.0,0.0,0.0,0.0,0.0,0.0,0.0,0.0,0.0,0.0,0.0,0.0,0.0,0.0,0.0,0.0,0.0,0.0,0.0,0.0,0.0,0.0,0.0,0.0277030978536311,1.2516650933657053e-6,5.422407184014426e-7,-4.227109053685987e-5,-0.0007468896453306116,-1.023700721493646e-5,-7.961096700359326e-7,3.9322726681966605e-10,-3.853131582916137e-11,0.003269814637280019,-0.0058698658259510855,-0.0020458319459400053,-9.770067357513073e-7,-3.212707331705137e-9,0.0001016950348770899,7.843557047145094e-11,2.536888293247505e-7,1.590640571722633e-8,8.828061885551133e-10,-0.0008242837127587726,-9.19032755085087e-8,0.00151780678346468,0.002464328278882008,0.0006648369904609994,4.688996273195223e-11,-6.546517866165203e-5,6.972618061115289e-6,0.0002273263545736257,6.831052530922493e-7,9.475258897984302e-6,2.2401048870978145e-6,-2.6527542161002076e-6,-5.090113812379572e-12,-1.5106963011358368e-12,-1.4698851627466624e-11,-0.003230231459687489,1.7145009553405318e-10,0.0010326622790320116,-0.0008038704677813043,0.003539898197511332,6.261673234129948e-6,0.00016922592008198974,2.8461419647927397e-5,-6.4893230177956416e-12,-0.0010571366332598727,-0.0035031381528550427,-4.357553681708013e-5,1.1839029955767936e-5,-1.4589914608664202e-5,1.6030016270899335e-5,-1.8352988856504297e-11,0.003135864845580131,2.9503003414722945e-7,-0.0001098921699563623,-4.4301540028554137e-7,2.393383346912535e-6,-4.3327128462457946e-9,0.0011761152946319212,-3.5742916053344336e-11,-0.0007864370155663068,0.0002992524300322181,-8.468730710672752e-9,-6.479938241647083e-6,1.9242246833053812e-6,0.000708026049703118,-1.4608222758859857e-5,8.381387501891172e-7,1.954134952960135e-10,4.1773042773812546e-7,-0.0010376719613593472,5.8155276095110936e-8,4.735383746143143e-5,-5.120054032040414e-9,-1.246671792250688e-5,-0.0004794756302784332,-1.3596658902709466e-7,8.109564329540864e-9,-1.5532859195465963e-7,-6.9151526152028255e-6,7.4137068222311835e-6,-1.551953086684853e-6,2.536451631798572e-8,1.4559559712754739e-9,0.00010390310921540968,0.0006305393585696126,-8.179160650833268e-10,4.792581509333497e-6,1.518327977665364e-5,0.00304777040914868,0.006613793520651324,-1.885952628734394e-10,4.18861173656409e-11,0.000376932483478899,0.0009107609178619179,-1.769497204687882e-5,1.1817542824448888e-8,1.935746818981557e-5,-0.000709187910508045,1.9759155352286867e-5,-7.566820009801791e-8,1.3814783281305522e-8,-1.534078971218853e-5,-6.876508642707118e-5,0.001650684136815314,0.0016110472676535113,-0.008793158953677103,-0.010407554726684675,1.335527624862976e-9,2.7283176673909454e-10,4.360745252795551e-6,-0.00014100599451538086,2.636783374950981e-12
0.0,0.0,0.0,0.0,0.0,0.0,0.0,0.0,0.0,0.0,0.0,0.0,0.0,0.0,0.0,0.0,0.0,0.0,0.0,0.0,0.0,0.0,0.0,0.0,0.0,0.0,0.0,0.0,0.0,0.0,0.0,0.0,0.0,0.0,0.0,0.0,0.0,0.0,0.0,0.0,0.0,0.0,0.0,0.0,0.0,0.0,0.0,0.0,0.0,0.0,0.0,0.0,0.0,0.0,0.0,0.0,0.0,0.0,0.0,0.0,0.0,0.0,0.0,0.0,0.0,0.0,0.0,0.0,0.0,0.0,0.0,0.0,0.0,0.0,0.0,0.0,0.0,0.0,0.0,0.0,0.0,0.0,0.0,0.0,0.0,0.0,0.0,0.0,0.0,0.0,0.0,0.0,0.0,0.0,0.0,0.0,0.0,0.0,0.0,0.0,0.0,0.0,0.0,0.0,0.0,0.0,0.0,0.0,0.0,0.0,0.0,0.0,0.0,0.0,0.0,0.0,0.0,0.0,0.0,0.0,0.0,0.0,0.0,0.0,0.0,0.0,0.0,0.0,0.0,0.0,0.0,0.0,0.0,0.0,0.0,0.0,0.0,0.0,0.0,0.0,0.0,0.0,0.0,0.0,0.0,0.0,0.0,0.0,0.0,0.0,0.0,0.0,0.0,0.0,0.0,0.0,0.0,0.0,0.0,0.0,0.0,0.0,0.0,0.0,0.0,0.0,0.0,0.0,0.0,0.0,0.0,0.0,0.0,0.0,0.0,0.0,0.0,0.0,0.0,0.0,0.0,0.0,0.0,0.0,0.0,0.0,0.0,0.0,0.0,0.0,0.0,0.0,0.0,0.0,0.0,0.0,0.0,0.0,0.0,0.0,0.0,0.0,0.0,0.0,0.0,0.0,0.0,0.0,0.0,0.0,0.0,0.0,0.0,0.0,0.0,0.0,0.0,0.0,0.0,0.0,0.0,0.0,0.0,0.0,0.0,0.0,0.0,0.0,0.0,0.0,0.0,0.0,0.0,0.0,0.0,0.0,0.0,0.0,0.0,0.0,0.0,0.0,0.0,0.0,0.0,0.0,0.0,0.0,0.0,0.0,0.0,0.0,0.0,0.0,0.0,0.0,0.0,0.0,0.0,0.0,0.0,0.0,0.0,0.0,0.0,0.0,0.0,0.0,0.0,0.0,0.0,0.0,0.0,0.0,0.0,0.0,0.0,0.0,0.0,0.0,0.0,0.0,0.0,0.0,0.0,0.0,0.0,0.0,0.0,0.0,0.0,0.0,0.0,0.0,0.0,0.0,0.0,0.0,0.0,0.0,0.0,0.0,0.0,0.0,0.0,0.0,0.0,0.0,0.0,0.0,0.0,0.0,0.0,0.0,0.0,0.0,0.0,0.0,0.0,0.0,0.0,0.0,0.0,0.0,0.0,0.0,0.0,0.0,0.0,0.0,0.0,0.0,0.0,0.0,0.0,0.0,0.0,0.0,0.0,0.0,0.0,0.0,0.0,0.0,0.0,0.0,0.0,0.0,0.0,0.0,0.0,0.0,0.0,0.0,0.0,0.0,0.0,0.0,0.0,0.0,0.0,0.0,0.0,0.0,0.0,0.0,0.0,0.0,0.0,0.0,0.0,0.0,0.0,0.0,0.0,0.0,0.0,0.0,0.0,0.0,0.0,0.0,0.0,0.0,0.0,0.0,0.0,0.0,0.0,0.0,0.0,0.0,0.0,0.0,0.0,0.0,0.0,0.0,0.0,0.0,0.0,0.0,0.0,0.0,0.0,0.0,0.0,0.0,0.0,0.0,0.0,0.0,0.0,0.0,0.0,0.0,0.0,0.0,0.0,0.0,0.0,0.0,0.0,0.0,0.0,0.0,0.0,0.0,0.0,0.0,0.0,0.0,0.0,0.0,0.0,0.0,0.0,0.0,0.0,0.0,0.0,0.0,0.0,0.0,0.0,0.0,0.0,0.0,0.0,0.0,0.0,0.0,0.0,0.0,0.0,0.0,0.0,0.0,0.0,0.0,0.0,0.0,0.0,0.0,0.0,0.0,0.0,0.0,0.0,0.0,0.0,0.0,0.0,0.0,0.0,0.0,0.0,0.0,0.0,0.0,0.0,0.0,0.0,0.0,0.0,0.0,0.0,0.0,0.0,0.0,0.0,0.0,0.0,0.0,0.0,0.0,0.0,0.0,0.0,0.0,0.0,0.0,0.0,0.0,0.0,0.0,0.0,0.0,0.0,0.0,0.0,0.0,0.0,0.0,0.0,0.0,0.0,0.0,0.0,0.0,0.0,0.0,0.0,0.0,0.0,0.0,0.0,0.0,0.0,0.0,0.0,0.0,0.0,0.0,0.0,0.0,0.0,0.0,0.0,0.0,0.0,0.0,0.0,0.0,0.0,0.0,0.0,0.0,0.0,0.0,0.0,0.0,0.0,0.0,0.0,0.0,0.0,0.0,0.0,0.0,0.0,0.0,0.0,0.0,0.0,0.0,0.0,0.0,0.0,0.0,0.0,0.0,0.0,0.0,0.0,0.0,0.0,0.0,0.0,0.0,0.0,0.0,0.0,0.0,0.0,0.0,0.0,0.0,0.0,0.0,0.0,0.0,0.0,0.0,0.0,0.0,0.0,0.0,0.0,0.0,0.0,0.0,0.0,0.0,0.0,0.0,0.0,0.0,0.0,0.0,0.0,0.0,0.0,0.0,0.0,0.0,0.0,0.0,0.0,0.0,0.0,0.0,0.0,0.0,0.0,0.0,0.0,0.0,0.0,0.0,0.0,0.0,0.0,0.0,0.0,0.0,0.0,0.0,0.0,0.0,0.0,0.0,0.0,0.0,0.0,0.0,0.0,0.0,0.0,0.0,0.0,0.0,0.0,0.0,0.0,0.0,0.0,0.0,0.0,0.0,0.0,0.0,0.0,0.0,0.0,0.0,0.0,0.0,0.0,0.0,0.0,0.0,0.0,0.0,0.0,0.0,0.0,0.0,0.0,0.0,0.0,0.0,0.0,0.0,0.0,0.0,0.0,0.0,0.02608351514162698,-2.5608818155348655e-10,-2.1915345344671406e-8,8.32493008238063e-6,2.950796926959328e-9,0.0019180587294963163,-9.686979509874315e-8,1.1753919372264858e-7,-7.301294402052934e-7,9.428906254107464e-6,3.5798970837534656e-8,3.8346026290332987e-10,-3.971971605266245e-6,5.915277746927816e-5,5.826278861237224e-8,0.0004974257423395539,-8.398194649366923e-5,-1.2627952894092344e-6,5.8579194731084354e-8,-0.00013806615447345974,8.413062457172676e-7,2.565419448144019e-6,-2.8808490919167126e-7,-4.108088018101215e-8,2.253225857672618e-9,-0.00012305342206132497,2.4839516634056563e-6,2.406904513230094e-9,-1.027089016008125e-9,0.0033420202260852484,-0.0008604464598615154,8.803880464085648e-9,-7.440475214393907e-9,2.376863673336849e-8,9.66522740432882e-7,2.7982433039372104e-7,-5.499161165469469e-6,5.729450780795542e-10,2.807640209708497e-7,-3.061124261115592e-9,-0.0001595475993842866,3.370455685518512e-8,1.3345056520765518e-9,-1.7252209866149717e-5,1.1303934622971817e-6,8.034987718396996e-5,-8.565150476769889e-9,-9.806446928094015e-9,-3.7222583852031788e-9,2.9758348389749362e-8,5.299414735923866e-7,0.00031075823615953643,0.00040577791532916155,2.718268581822737e-10,0.00037639850801717445,4.2294124985790643e-5,9.066194766505828e-6,2.122043217726065e-7,-4.646621407732544e-5,7.021747125781522e-9,3.904990232521814e-5,-0.0043706865996552945,-0.002842536932778115,6.035239193665183e-7,0.0022746649927321053,-3.720985448013439e-10,1.9244082579946995e-6,0.00325253480564588,-8.324171943146207e-6,-3.094486176597987e-5,-3.382044443495636e-9,-4.419914296268498e-6,1.2537901629596178e-8,1.1352641186486915e-7,-1.4863431953734906e-10,2.1729335261687676e-5,0.0001247871298119442,-0.0061765208367701285,-0.0008809649465916431,-3.7810645331742703e-10,2.3831087368308466e-6,1.0527993147413226e-6,-0.0001768295620849804,1.7658989231983384e-7,-1.8657774750799515e-7,-0.003923670080352173,0.0018154676778655337,2.5418342264862827e-6,4.485522872771373e-6,-7.79964810592416e-7,6.533995908720542e-8,-1.1227914227692024e-7,5.705888857415665e-8,-0.000260006207990822,1.9300004331222855e-5,-0.0015915826049099505,1.2374046226111625e-7,-0.0008751732668591894,-4.899365632696323e-5,-9.409592538544892e-5,-4.139917947495234e-9,-5.567339845050977e-8,1.6554308733297139e-6,-1.6384471663497616e-6,2.2375937799019343e-7,9.881974652127996e-7,4.5075081256427606e-7,-4.4508007611736835e-7,-8.151369397659002e-10,-9.646027196888148e-5,-5.128792333509408e-9
0.0,0.0,0.0,0.0,0.0,0.0,0.0,0.0,0.0,0.0,0.0,0.0,0.0,0.0,0.0,0.0,0.0,0.0,0.0,0.0,0.0,0.0,0.0,0.0,0.0,0.0,0.0,0.0,0.0,0.0,0.0,0.0,0.0,0.0,0.0,0.0,0.0,0.0,0.0,0.0,0.0,0.0,0.0,0.0,0.0,0.0,0.0,0.0,0.0,0.0,0.0,0.0,0.0,0.0,0.0,0.0,0.0,0.0,0.0,0.0,0.0,0.0,0.0,0.0,0.0,0.0,0.0,0.0,0.0,0.0,0.0,0.0,0.0,0.0,0.0,0.0,0.0,0.0,0.0,0.0,0.0,0.0,0.0,0.0,0.0,0.0,0.0,0.0,0.0,0.0,0.0,0.0,0.0,0.0,0.0,0.0,0.0,0.0,0.0,0.0,0.0,0.0,0.0,0.0,0.0,0.0,0.0,0.0,0.0,0.0,0.0,0.0,0.0,0.0,0.0,0.0,0.0,0.0,0.0,0.0,0.0,0.0,0.0,0.0,0.0,0.0,0.0,0.0,0.0,0.0,0.0,0.0,0.0,0.0,0.0,0.0,0.0,0.0,0.0,0.0,0.0,0.0,0.0,0.0,0.0,0.0,0.0,0.0,0.0,0.0,0.0,0.0,0.0,0.0,0.0,0.0,0.0,0.0,0.0,0.0,0.0,0.0,0.0,0.0,0.0,0.0,0.0,0.0,0.0,0.0,0.0,0.0,0.0,0.0,0.0,0.0,0.0,0.0,0.0,0.0,0.0,0.0,0.0,0.0,0.0,0.0,0.0,0.0,0.0,0.0,0.0,0.0,0.0,0.0,0.0,0.0,0.0,0.0,0.0,0.0,0.0,0.0,0.0,0.0,0.0,0.0,0.0,0.0,0.0,0.0,0.0,0.0,0.0,0.0,0.0,0.0,0.0,0.0,0.0,0.0,0.0,0.0,0.0,0.0,0.0,0.0,0.0,0.0,0.0,0.0,0.0,0.0,0.0,0.0,0.0,0.0,0.0,0.0,0.0,0.0,0.0,0.0,0.0,0.0,0.0,0.0,0.0,0.0,0.0,0.0,0.0,0.0,0.0,0.0,0.0,0.0,0.0,0.0,0.0,0.0,0.0,0.0,0.0,0.0,0.0,0.0,0.0,0.0,0.0,0.0,0.0,0.0,0.0,0.0,0.0,0.0,0.0,0.0,0.0,0.0,0.0,0.0,0.0,0.0,0.0,0.0,0.0,0.0,0.0,0.0,0.0,0.0,0.0,0.0,0.0,0.0,0.0,0.0,0.0,0.0,0.0,0.0,0.0,0.0,0.0,0.0,0.0,0.0,0.0,0.0,0.0,0.0,0.0,0.0,0.0,0.0,0.0,0.0,0.0,0.0,0.0,0.0,0.0,0.0,0.0,0.0,0.0,0.0,0.0,0.0,0.0,0.0,0.0,0.0,0.0,0.0,0.0,0.0,0.0,0.0,0.0,0.0,0.0,0.0,0.0,0.0,0.0,0.0,0.0,0.0,0.0,0.0,0.0,0.0,0.0,0.0,0.0,0.0,0.0,0.0,0.0,0.0,0.0,0.0,0.0,0.0,0.0,0.0,0.0,0.0,0.0,0.0,0.0,0.0,0.0,0.0,0.0,0.0,0.0,0.0,0.0,0.0,0.0,0.0,0.0,0.0,0.0,0.0,0.0,0.0,0.0,0.0,0.0,0.0,0.0,0.0,0.0,0.0,0.0,0.0,0.0,0.0,0.0,0.0,0.0,0.0,0.0,0.0,0.0,0.0,0.0,0.0,0.0,0.0,0.0,0.0,0.0,0.0,0.0,0.0,0.0,0.0,0.0,0.0,0.0,0.0,0.0,0.0,0.0,0.0,0.0,0.0,0.0,0.0,0.0,0.0,0.0,0.0,0.0,0.0,0.0,0.0,0.0,0.0,0.0,0.0,0.0,0.0,0.0,0.0,0.0,0.0,0.0,0.0,0.0,0.0,0.0,0.0,0.0,0.0,0.0,0.0,0.0,0.0,0.0,0.0,0.0,0.0,0.0,0.0,0.0,0.0,0.0,0.0,0.0,0.0,0.0,0.0,0.0,0.0,0.0,0.0,0.0,0.0,0.0,0.0,0.0,0.0,0.0,0.0,0.0,0.0,0.0,0.0,0.0,0.0,0.0,0.0,0.0,0.0,0.0,0.0,0.0,0.0,0.0,0.0,0.0,0.0,0.0,0.0,0.0,0.0,0.0,0.0,0.0,0.0,0.0,0.0,0.0,0.0,0.0,0.0,0.0,0.0,0.0,0.0,0.0,0.0,0.0,0.0,0.0,0.0,0.0,0.0,0.0,0.0,0.0,0.0,0.0,0.0,0.0,0.0,0.0,0.0,0.0,0.0,0.0,0.0,0.0,0.0,0.0,0.0,0.0,0.0,0.0,0.0,0.0,0.0,0.0,0.0,0.0,0.0,0.0,0.0,0.0,0.0,0.0,0.0,0.0,0.0,0.0,0.0,0.0,0.0,0.0,0.0,0.0,0.0,0.0,0.0,0.0,0.0,0.0,0.0,0.0,0.0,0.0,0.0,0.0,0.0,0.0,0.0,0.0,0.0,0.0,0.0,0.0,0.0,0.0,0.0,0.0,0.0,0.0,0.0,0.0,0.0,0.0,0.0,0.0,0.0,0.0,0.0,0.0,0.0,0.0,0.0,0.0,0.0,0.0,0.0,0.0,0.0,0.0,0.0,0.0,0.0,0.0,0.0,0.0,0.0,0.0,0.0,0.0,0.0,0.0,0.0,0.0,0.0,0.0,0.0,0.0,0.0,0.0,0.0,0.0,0.0,0.0,0.0,0.0,0.0,0.0,0.0,0.0,0.0,0.0,0.0,0.0,0.0,0.0,0.0,0.0,0.0,0.0,0.0,0.0,0.0,0.0,0.0,0.0,0.0,0.0,0.0,0.0,0.0,0.0,0.0,0.0,0.0,0.0,0.0,0.0,0.0,0.0,0.0,0.0,0.0,0.0,0.0,0.0,0.014940504706701836,1.7326394313284308e-5,-1.2696042667547175e-7,0.00047063271919959616,1.5189517352196445e-10,-1.2747669397432727e-13,8.964915244581048e-15,-2.6989766052248005e-6,3.5140389770308566e-7,5.544475947299362e-6,-0.0030230690597822718,-5.936643119130829e-13,1.249331619009785e-8,-2.35589809453028e-14,-4.374191840120666e-11,-1.9154550205689344e-12,-1.0307840050343993e-13,4.5998749452935776e-5,-9.001331975637403e-12,-7.425221508108802e-7,2.753761258407451e-7,-3.148916220773037e-5,-9.103350193645227e-15,4.803332661535154e-6,7.833049042742197e-10,2.1048665345597515e-6,3.696781311268829e-5,-0.0007226920513391754,3.0227353546105937e-10,2.276809979106562e-10,9.654601393287311e-16,-1.3492353700322144e-15,-2.081060346324434e-15,2.2043179277887674e-6,1.5419486211651715e-14,-1.0875053712165053e-7,-5.648276788358773e-8,-1.5381122485474015e-6,0.00047954971506901557,2.1420844728607233e-8,-0.00011248744454816348,9.842981980954022e-16,-5.852601857717213e-7,-3.7262686295552354e-6,-5.041444081155793e-8,-0.00011196032723819202,0.0007292945371506201,0.00021757831230638253,-1.0990926512073533e-14,-2.669160500314714e-7,-3.5925778222591677e-12,1.4833018127479041e-8,0.003270066836550072,-2.370210228606431e-11,-2.967968673340285e-12,-5.619334843631877e-7,2.2242752908400887e-14,-4.266368000495158e-7,-6.559510314982467e-5,-6.9544503683787136e-12,-2.6385829753769147e-9,5.602798396669343e-10,-3.2789484852874805e-6,-2.631569998203707e-9,-0.0011025716710072076,1.69070625509374e-13,-1.5410764137384638e-9,-4.523533620829202e-7,3.1207625408229065e-12,-3.7273089178634875e-5,7.661281652498041e-13,-0.00010052979259487488,0.0001353788163671381,-0.002008075609177821,1.7943896041197881e-12,2.871517415683918e-11,1.1710309876023807e-9,-2.874388150862829e-10,-0.004672708269552649,-2.3133104769862665e-12,-2.0641764958317703e-13,-2.096968895383731e-8,-8.72635086760276e-6,1.366514762094958e-13,7.791100287174121e-10,-2.322171110501432e-9,3.1370628705214737e-7,2.167488661092838e-6,-9.539896426370145e-14,3.809926686640246e-15,-1.9917054191396988e-5,4.233744966622202e-7,1.2159119969454826e-8,-3.262628212841334e-12,-3.3613073648872464e-10,1.0255166820583058e-5,-2.0761793624276885e-9,-5.408961062118942e-12,-4.1244667967506786e-11,-0.0005880610915188761,2.085095280427381e-5,4.042237622916769e-7,1.5221475512334497e-6,-1.10075293639512e-6,-1.0737703038701694e-6,-2.684508943702334e-13,-1.5441863223874097e-14,-0.0004205706031850063,-1.9612210233655143e-7,-1.2158086622898563e-15
0.0,0.0,0.0,0.0,0.0,0.0,0.0,0.0,0.0,0.0,0.0,0.0,0.0,0.0,0.0,0.0,0.0,0.0,0.0,0.0,0.0,0.0,0.0,0.0,0.0,0.0,0.0,0.0,0.0,0.0,0.0,0.0,0.0,0.0,0.0,0.0,0.0,0.0,0.0,0.0,0.0,0.0,0.0,0.0,0.0,0.0,0.0,0.0,0.0,0.0,0.0,0.0,0.0,0.0,0.0,0.0,0.0,0.0,0.0,0.0,0.0,0.0,0.0,0.0,0.0,0.0,0.0,0.0,0.0,0.0,0.0,0.0,0.0,0.0,0.0,0.0,0.0,0.0,0.0,0.0,0.0,0.0,0.0,0.0,0.0,0.0,0.0,0.0,0.0,0.0,0.0,0.0,0.0,0.0,0.0,0.0,0.0,0.0,0.0,0.0,0.0,0.0,0.0,0.0,0.0,0.0,0.0,0.0,0.0,0.0,0.0,0.0,0.0,0.0,0.0,0.0,0.0,0.0,0.0,0.0,0.0,0.0,0.0,0.0,0.0,0.0,0.0,0.0,0.0,0.0,0.0,0.0,0.0,0.0,0.0,0.0,0.0,0.0,0.0,0.0,0.0,0.0,0.0,0.0,0.0,0.0,0.0,0.0,0.0,0.0,0.0,0.0,0.0,0.0,0.0,0.0,0.0,0.0,0.0,0.0,0.0,0.0,0.0,0.0,0.0,0.0,0.0,0.0,0.0,0.0,0.0,0.0,0.0,0.0,0.0,0.0,0.0,0.0,0.0,0.0,0.0,0.0,0.0,0.0,0.0,0.0,0.0,0.0,0.0,0.0,0.0,0.0,0.0,0.0,0.0,0.0,0.0,0.0,0.0,0.0,0.0,0.0,0.0,0.0,0.0,0.0,0.0,0.0,0.0,0.0,0.0,0.0,0.0,0.0,0.0,0.0,0.0,0.0,0.0,0.0,0.0,0.0,0.0,0.0,0.0,0.0,0.0,0.0,0.0,0.0,0.0,0.0,0.0,0.0,0.0,0.0,0.0,0.0,0.0,0.0,0.0,0.0,0.0,0.0,0.0,0.0,0.0,0.0,0.0,0.0,0.0,0.0,0.0,0.0,0.0,0.0,0.0,0.0,0.0,0.0,0.0,0.0,0.0,0.0,0.0,0.0,0.0,0.0,0.0,0.0,0.0,0.0,0.0,0.0,0.0,0.0,0.0,0.0,0.0,0.0,0.0,0.0,0.0,0.0,0.0,0.0,0.0,0.0,0.0,0.0,0.0,0.0,0.0,0.0,0.0,0.0,0.0,0.0,0.0,0.0,0.0,0.0,0.0,0.0,0.0,0.0,0.0,0.0,0.0,0.0,0.0,0.0,0.0,0.0,0.0,0.0,0.0,0.0,0.0,0.0,0.0,0.0,0.0,0.0,0.0,0.0,0.0,0.0,0.0,0.0,0.0,0.0,0.0,0.0,0.0,0.0,0.0,0.0,0.0,0.0,0.0,0.0,0.0,0.0,0.0,0.0,0.0,0.0,0.0,0.0,0.0,0.0,0.0,0.0,0.0,0.0,0.0,0.0,0.0,0.0,0.0,0.0,0.0,0.0,0.0,0.0,0.0,0.0,0.0,0.0,0.0,0.0,0.0,0.0,0.0,0.0,0.0,0.0,0.0,0.0,0.0,0.0,0.0,0.0,0.0,0.0,0.0,0.0,0.0,0.0,0.0,0.0,0.0,0.0,0.0,0.0,0.0,0.0,0.0,0.0,0.0,0.0,0.0,0.0,0.0,0.0,0.0,0.0,0.0,0.0,0.0,0.0,0.0,0.0,0.0,0.0,0.0,0.0,0.0,0.0,0.0,0.0,0.0,0.0,0.0,0.0,0.0,0.0,0.0,0.0,0.0,0.0,0.0,0.0,0.0,0.0,0.0,0.0,0.0,0.0,0.0,0.0,0.0,0.0,0.0,0.0,0.0,0.0,0.0,0.0,0.0,0.0,0.0,0.0,0.0,0.0,0.0,0.0,0.0,0.0,0.0,0.0,0.0,0.0,0.0,0.0,0.0,0.0,0.0,0.0,0.0,0.0,0.0,0.0,0.0,0.0,0.0,0.0,0.0,0.0,0.0,0.0,0.0,0.0,0.0,0.0,0.0,0.0,0.0,0.0,0.0,0.0,0.0,0.0,0.0,0.0,0.0,0.0,0.0,0.0,0.0,0.0,0.0,0.0,0.0,0.0,0.0,0.0,0.0,0.0,0.0,0.0,0.0,0.0,0.0,0.0,0.0,0.0,0.0,0.0,0.0,0.0,0.0,0.0,0.0,0.0,0.0,0.0,0.0,0.0,0.0,0.0,0.0,0.0,0.0,0.0,0.0,0.0,0.0,0.0,0.0,0.0,0.0,0.0,0.0,0.0,0.0,0.0,0.0,0.0,0.0,0.0,0.0,0.0,0.0,0.0,0.0,0.0,0.0,0.0,0.0,0.0,0.0,0.0,0.0,0.0,0.0,0.0,0.0,0.0,0.0,0.0,0.0,0.0,0.0,0.0,0.0,0.0,0.0,0.0,0.0,0.0,0.0,0.0,0.0,0.0,0.0,0.0,0.0,0.0,0.0,0.0,0.0,0.0,0.0,0.0,0.0,0.0,0.0,0.0,0.0,0.0,0.0,0.0,0.0,0.0,0.0,0.0,0.0,0.0,0.0,0.0,0.0,0.0,0.0,0.0,0.0,0.0,0.0,0.0,0.0,0.0,0.0,0.0,0.0,0.0,0.0,0.0,0.0,0.0,0.0,0.0,0.0,0.0,0.0,0.0,0.0,0.0,0.0,0.0,0.0,0.0,0.0,0.0,0.0,0.0,0.0,0.0,0.0,0.0,0.0,0.0,0.0,0.0,0.0,0.0,0.0,0.0,0.0,0.0,0.0,0.0,0.0,0.0,0.0,0.0,0.0,0.0,0.0,0.0,0.0,0.0,0.0,0.0,0.0,0.0,0.0,0.0,0.0,0.0,0.0,0.0,0.0,0.0,0.0,0.0,0.0,0.0,0.0,0.0,0.032109277854290325,-1.1752657335843567e-6,0.00066045365820684,5.632896535842863e-9,1.604951759282366e-12,-1.9362093674928038e-13,-0.0001107632916859518,1.818589259153097e-5,6.188124681790235e-5,7.825673883145165e-6,-7.809507869570118e-12,-7.20807178101648e-7,-3.804323237393674e-13,-2.705809366117928e-9,-9.063742062346754e-11,1.0364715759316934e-12,0.0008270773470636555,2.569546296599352e-10,-7.608379278389238e-5,7.695219253436412e-6,0.0017538901788068197,1.1956654405056647e-13,-0.0005961536476134781,-2.466869591083145e-7,1.4455999528271406e-5,0.0004411507010785332,0.0031388389300979714,2.9159963049029294e-8,5.4768612002283655e-8,1.1968138748619276e-13,3.8963268055755355e-14,2.45673180832975e-14,0.00019386847414254503,-8.179940063657451e-13,1.726521608166589e-6,-0.00020997238637406038,-0.0003637356896434115,0.0008828190606988343,-1.4843656006788711e-6,0.003538720882547355,-6.4916746923372876e-15,-2.919144534785873e-6,6.457831622159979e-5,-1.3987516713034413e-6,0.000878131782950892,0.0033623044047435178,0.0016358860638697197,4.3254116815225524e-13,-3.252951370906239e-5,-9.182768243596922e-10,-3.077864024163242e-7,9.531338374527778e-5,-8.488653206453285e-9,-6.625411743575215e-11,-1.5809231682781525e-5,2.89406847576608e-13,-5.197810263658959e-6,-0.0024427269555623737,9.795636863644395e-12,-6.234499205772132e-8,-9.305602855435613e-9,-0.00011416327668625237,-4.408570453161622e-8,0.00012827740645521464,-1.3941216325943582e-12,-1.4029671347633072e-9,1.1743267153567373e-5,-2.359378049097965e-11,-0.0037180655159199548,2.1470955392563113e-11,0.0015086603853620348,0.0010734146458931402,-5.9819034520458016e-5,5.325131478398518e-12,1.2799322640920032e-9,4.427794611267075e-8,-3.530795006849202e-8,-0.0001605702645300934,-2.1931147354022021e-10,-3.638325252367974e-14,-1.292488873288451e-6,-0.00033653839446086593,8.817296576825227e-12,7.2296112565513674e-9,-5.064682756753606e-8,5.7121148408556444e-5,3.22877304014432e-5,1.616950928970872e-12,-3.8161139807315867e-13,-0.0010942290654594078,-2.5078535222635157e-6,6.030471946228063e-7,-1.1007714254740929e-11,-1.1757138862340377e-7,0.00020834139093366713,-1.5119363499373727e-7,3.383353081453236e-10,-1.4647108379842392e-9,-0.0009925190785514209,0.0012183061016880993,2.9896447622203504e-5,-5.288746653994559e-5,-2.618411014682059e-5,9.55569294724315e-5,1.2067176489813382e-12,3.4521472379382027e-13,-4.044196055067697e-5,-4.900392746816568e-6,-8.631693759903758e-14
0.0,0.0,0.0,0.0,0.0,0.0,0.0,0.0,0.0,0.0,0.0,0.0,0.0,0.0,0.0,0.0,0.0,0.0,0.0,0.0,0.0,0.0,0.0,0.0,0.0,0.0,0.0,0.0,0.0,0.0,0.0,0.0,0.0,0.0,0.0,0.0,0.0,0.0,0.0,0.0,0.0,0.0,0.0,0.0,0.0,0.0,0.0,0.0,0.0,0.0,0.0,0.0,0.0,0.0,0.0,0.0,0.0,0.0,0.0,0.0,0.0,0.0,0.0,0.0,0.0,0.0,0.0,0.0,0.0,0.0,0.0,0.0,0.0,0.0,0.0,0.0,0.0,0.0,0.0,0.0,0.0,0.0,0.0,0.0,0.0,0.0,0.0,0.0,0.0,0.0,0.0,0.0,0.0,0.0,0.0,0.0,0.0,0.0,0.0,0.0,0.0,0.0,0.0,0.0,0.0,0.0,0.0,0.0,0.0,0.0,0.0,0.0,0.0,0.0,0.0,0.0,0.0,0.0,0.0,0.0,0.0,0.0,0.0,0.0,0.0,0.0,0.0,0.0,0.0,0.0,0.0,0.0,0.0,0.0,0.0,0.0,0.0,0.0,0.0,0.0,0.0,0.0,0.0,0.0,0.0,0.0,0.0,0.0,0.0,0.0,0.0,0.0,0.0,0.0,0.0,0.0,0.0,0.0,0.0,0.0,0.0,0.0,0.0,0.0,0.0,0.0,0.0,0.0,0.0,0.0,0.0,0.0,0.0,0.0,0.0,0.0,0.0,0.0,0.0,0.0,0.0,0.0,0.0,0.0,0.0,0.0,0.0,0.0,0.0,0.0,0.0,0.0,0.0,0.0,0.0,0.0,0.0,0.0,0.0,0.0,0.0,0.0,0.0,0.0,0.0,0.0,0.0,0.0,0.0,0.0,0.0,0.0,0.0,0.0,0.0,0.0,0.0,0.0,0.0,0.0,0.0,0.0,0.0,0.0,0.0,0.0,0.0,0.0,0.0,0.0,0.0,0.0,0.0,0.0,0.0,0.0,0.0,0.0,0.0,0.0,0.0,0.0,0.0,0.0,0.0,0.0,0.0,0.0,0.0,0.0,0.0,0.0,0.0,0.0,0.0,0.0,0.0,0.0,0.0,0.0,0.0,0.0,0.0,0.0,0.0,0.0,0.0,0.0,0.0,0.0,0.0,0.0,0.0,0.0,0.0,0.0,0.0,0.0,0.0,0.0,0.0,0.0,0.0,0.0,0.0,0.0,0.0,0.0,0.0,0.0,0.0,0.0,0.0,0.0,0.0,0.0,0.0,0.0,0.0,0.0,0.0,0.0,0.0,0.0,0.0,0.0,0.0,0.0,0.0,0.0,0.0,0.0,0.0,0.0,0.0,0.0,0.0,0.0,0.0,0.0,0.0,0.0,0.0,0.0,0.0,0.0,0.0,0.0,0.0,0.0,0.0,0.0,0.0,0.0,0.0,0.0,0.0,0.0,0.0,0.0,0.0,0.0,0.0,0.0,0.0,0.0,0.0,0.0,0.0,0.0,0.0,0.0,0.0,0.0,0.0,0.0,0.0,0.0,0.0,0.0,0.0,0.0,0.0,0.0,0.0,0.0,0.0,0.0,0.0,0.0,0.0,0.0,0.0,0.0,0.0,0.0,0.0,0.0,0.0,0.0,0.0,0.0,0.0,0.0,0.0,0.0,0.0,0.0,0.0,0.0,0.0,0.0,0.0,0.0,0.0,0.0,0.0,0.0,0.0,0.0,0.0,0.0,0.0,0.0,0.0,0.0,0.0,0.0,0.0,0.0,0.0,0.0,0.0,0.0,0.0,0.0,0.0,0.0,0.0,0.0,0.0,0.0,0.0,0.0,0.0,0.0,0.0,0.0,0.0,0.0,0.0,0.0,0.0,0.0,0.0,0.0,0.0,0.0,0.0,0.0,0.0,0.0,0.0,0.0,0.0,0.0,0.0,0.0,0.0,0.0,0.0,0.0,0.0,0.0,0.0,0.0,0.0,0.0,0.0,0.0,0.0,0.0,0.0,0.0,0.0,0.0,0.0,0.0,0.0,0.0,0.0,0.0,0.0,0.0,0.0,0.0,0.0,0.0,0.0,0.0,0.0,0.0,0.0,0.0,0.0,0.0,0.0,0.0,0.0,0.0,0.0,0.0,0.0,0.0,0.0,0.0,0.0,0.0,0.0,0.0,0.0,0.0,0.0,0.0,0.0,0.0,0.0,0.0,0.0,0.0,0.0,0.0,0.0,0.0,0.0,0.0,0.0,0.0,0.0,0.0,0.0,0.0,0.0,0.0,0.0,0.0,0.0,0.0,0.0,0.0,0.0,0.0,0.0,0.0,0.0,0.0,0.0,0.0,0.0,0.0,0.0,0.0,0.0,0.0,0.0,0.0,0.0,0.0,0.0,0.0,0.0,0.0,0.0,0.0,0.0,0.0,0.0,0.0,0.0,0.0,0.0,0.0,0.0,0.0,0.0,0.0,0.0,0.0,0.0,0.0,0.0,0.0,0.0,0.0,0.0,0.0,0.0,0.0,0.0,0.0,0.0,0.0,0.0,0.0,0.0,0.0,0.0,0.0,0.0,0.0,0.0,0.0,0.0,0.0,0.0,0.0,0.0,0.0,0.0,0.0,0.0,0.0,0.0,0.0,0.0,0.0,0.0,0.0,0.0,0.0,0.0,0.0,0.0,0.0,0.0,0.0,0.0,0.0,0.0,0.0,0.0,0.0,0.0,0.0,0.0,0.0,0.0,0.0,0.0,0.0,0.0,0.0,0.0,0.0,0.0,0.0,0.0,0.0,0.0,0.0,0.0,0.0,0.0,0.0,0.0,0.0,0.0,0.0,0.0,0.0,0.0,0.0,0.0,0.0,0.0,0.0,0.0,0.0,0.0,0.0,0.0,0.0,0.0,0.0,0.0,0.0,0.0,0.0,0.0,0.0,0.0,0.0,0.0,0.0,0.0,0.0,0.0,0.0,0.0,0.0,0.0,0.0,0.0,0.0,0.0,0.0,0.0,0.0,0.0,0.0,0.0,0.026762184225372146,7.839440131993594e-7,-8.23374587589826e-8,2.7809015322318518e-9,-2.8232158493100305e-10,-6.781387656038501e-5,0.0008171455570882564,-0.00013145809797202282,-1.5772438363634862e-7,6.063120092189526e-9,-0.0004137266672952307,2.7490981761540974e-10,-2.4190606181601246e-7,-8.725104332965403e-8,2.385147264438207e-9,4.26877819319582e-5,3.2971932500735034e-7,-0.0014006608063294654,-0.014734781714109853,-0.00021735288861474283,1.9558148945963109e-10,-3.535403678470021e-6,0.0001588276869114654,0.0005485539568286379,-2.5685059717902827e-7,-9.578613163606747e-7,-1.2428408694098097e-5,2.2175357347947874e-5,-2.0794186521214623e-12,2.879635626495362e-11,4.933838483637566e-11,-0.0002994114854705968,-5.625016303391415e-10,-0.0049485229554270815,-1.6729030430936483e-5,-0.0005601791321088871,-6.014910578378324e-7,-0.0004432615067962226,-1.0052460112853738e-5,-2.3649224472161322e-11,7.768661730977964e-5,-0.0004300193766451054,0.00011495320430303026,-1.5176378329424858e-5,-1.0274628597620168e-6,6.797401718784556e-6,3.3101705089944063e-10,-0.0014004391717659362,-5.559518496328827e-7,-0.0002136807831479794,1.477798918708246e-7,-1.779678904215425e-6,5.100475498910987e-8,0.0005926297986028717,-2.1579143037482461e-10,-0.00024526770619473634,1.901757598250645e-7,8.367776251398135e-8,3.5395370254935695e-5,-5.718426489805518e-6,0.00025120110901816434,8.062307583482325e-5,1.6710759000776368e-7,-3.87212442616891e-9,2.0005124989361135e-5,0.0007477238256072261,-8.045196885802041e-8,-1.6360150554456822e-6,2.6063322593347427e-9,-6.469255086003902e-6,8.10700157785463e-5,3.994267195589943e-8,-2.866533332042567e-8,1.4237889621600261e-7,-3.673513820246786e-6,-5.560609574391059e-6,2.992950250782131e-8,-1.5540059938107274e-8,2.2656900796669364e-9,-8.193736534878017e-5,5.540065815680214e-5,1.6084739061938022e-9,-1.4700350902892221e-5,-6.1515830313694475e-6,0.00013663570805552572,-0.002865185776254269,2.058582730813897e-9,-2.176933370951204e-10,-7.665628414730225e-5,0.0006030250796169872,3.478529042855678e-5,3.935860053243916e-8,2.4990059648014555e-5,4.21615950132876e-5,-3.331266848531035e-5,2.3198279121253822e-7,7.782843483978847e-9,-3.347640723376108e-6,-1.9695729954735136e-5,-0.00013052264221364814,5.33464717465331e-5,0.0012744774881262486,0.00015707922309633545,4.995562480972153e-9,3.3327971898758057e-10,7.998966085112066e-7,0.0021471152653185594,-1.7323690072257418e-11
0.0,0.0,0.0,0.0,0.0,0.0,0.0,0.0,0.0,0.0,0.0,0.0,0.0,0.0,0.0,0.0,0.0,0.0,0.0,0.0,0.0,0.0,0.0,0.0,0.0,0.0,0.0,0.0,0.0,0.0,0.0,0.0,0.0,0.0,0.0,0.0,0.0,0.0,0.0,0.0,0.0,0.0,0.0,0.0,0.0,0.0,0.0,0.0,0.0,0.0,0.0,0.0,0.0,0.0,0.0,0.0,0.0,0.0,0.0,0.0,0.0,0.0,0.0,0.0,0.0,0.0,0.0,0.0,0.0,0.0,0.0,0.0,0.0,0.0,0.0,0.0,0.0,0.0,0.0,0.0,0.0,0.0,0.0,0.0,0.0,0.0,0.0,0.0,0.0,0.0,0.0,0.0,0.0,0.0,0.0,0.0,0.0,0.0,0.0,0.0,0.0,0.0,0.0,0.0,0.0,0.0,0.0,0.0,0.0,0.0,0.0,0.0,0.0,0.0,0.0,0.0,0.0,0.0,0.0,0.0,0.0,0.0,0.0,0.0,0.0,0.0,0.0,0.0,0.0,0.0,0.0,0.0,0.0,0.0,0.0,0.0,0.0,0.0,0.0,0.0,0.0,0.0,0.0,0.0,0.0,0.0,0.0,0.0,0.0,0.0,0.0,0.0,0.0,0.0,0.0,0.0,0.0,0.0,0.0,0.0,0.0,0.0,0.0,0.0,0.0,0.0,0.0,0.0,0.0,0.0,0.0,0.0,0.0,0.0,0.0,0.0,0.0,0.0,0.0,0.0,0.0,0.0,0.0,0.0,0.0,0.0,0.0,0.0,0.0,0.0,0.0,0.0,0.0,0.0,0.0,0.0,0.0,0.0,0.0,0.0,0.0,0.0,0.0,0.0,0.0,0.0,0.0,0.0,0.0,0.0,0.0,0.0,0.0,0.0,0.0,0.0,0.0,0.0,0.0,0.0,0.0,0.0,0.0,0.0,0.0,0.0,0.0,0.0,0.0,0.0,0.0,0.0,0.0,0.0,0.0,0.0,0.0,0.0,0.0,0.0,0.0,0.0,0.0,0.0,0.0,0.0,0.0,0.0,0.0,0.0,0.0,0.0,0.0,0.0,0.0,0.0,0.0,0.0,0.0,0.0,0.0,0.0,0.0,0.0,0.0,0.0,0.0,0.0,0.0,0.0,0.0,0.0,0.0,0.0,0.0,0.0,0.0,0.0,0.0,0.0,0.0,0.0,0.0,0.0,0.0,0.0,0.0,0.0,0.0,0.0,0.0,0.0,0.0,0.0,0.0,0.0,0.0,0.0,0.0,0.0,0.0,0.0,0.0,0.0,0.0,0.0,0.0,0.0,0.0,0.0,0.0,0.0,0.0,0.0,0.0,0.0,0.0,0.0,0.0,0.0,0.0,0.0,0.0,0.0,0.0,0.0,0.0,0.0,0.0,0.0,0.0,0.0,0.0,0.0,0.0,0.0,0.0,0.0,0.0,0.0,0.0,0.0,0.0,0.0,0.0,0.0,0.0,0.0,0.0,0.0,0.0,0.0,0.0,0.0,0.0,0.0,0.0,0.0,0.0,0.0,0.0,0.0,0.0,0.0,0.0,0.0,0.0,0.0,0.0,0.0,0.0,0.0,0.0,0.0,0.0,0.0,0.0,0.0,0.0,0.0,0.0,0.0,0.0,0.0,0.0,0.0,0.0,0.0,0.0,0.0,0.0,0.0,0.0,0.0,0.0,0.0,0.0,0.0,0.0,0.0,0.0,0.0,0.0,0.0,0.0,0.0,0.0,0.0,0.0,0.0,0.0,0.0,0.0,0.0,0.0,0.0,0.0,0.0,0.0,0.0,0.0,0.0,0.0,0.0,0.0,0.0,0.0,0.0,0.0,0.0,0.0,0.0,0.0,0.0,0.0,0.0,0.0,0.0,0.0,0.0,0.0,0.0,0.0,0.0,0.0,0.0,0.0,0.0,0.0,0.0,0.0,0.0,0.0,0.0,0.0,0.0,0.0,0.0,0.0,0.0,0.0,0.0,0.0,0.0,0.0,0.0,0.0,0.0,0.0,0.0,0.0,0.0,0.0,0.0,0.0,0.0,0.0,0.0,0.0,0.0,0.0,0.0,0.0,0.0,0.0,0.0,0.0,0.0,0.0,0.0,0.0,0.0,0.0,0.0,0.0,0.0,0.0,0.0,0.0,0.0,0.0,0.0,0.0,0.0,0.0,0.0,0.0,0.0,0.0,0.0,0.0,0.0,0.0,0.0,0.0,0.0,0.0,0.0,0.0,0.0,0.0,0.0,0.0,0.0,0.0,0.0,0.0,0.0,0.0,0.0,0.0,0.0,0.0,0.0,0.0,0.0,0.0,0.0,0.0,0.0,0.0,0.0,0.0,0.0,0.0,0.0,0.0,0.0,0.0,0.0,0.0,0.0,0.0,0.0,0.0,0.0,0.0,0.0,0.0,0.0,0.0,0.0,0.0,0.0,0.0,0.0,0.0,0.0,0.0,0.0,0.0,0.0,0.0,0.0,0.0,0.0,0.0,0.0,0.0,0.0,0.0,0.0,0.0,0.0,0.0,0.0,0.0,0.0,0.0,0.0,0.0,0.0,0.0,0.0,0.0,0.0,0.0,0.0,0.0,0.0,0.0,0.0,0.0,0.0,0.0,0.0,0.0,0.0,0.0,0.0,0.0,0.0,0.0,0.0,0.0,0.0,0.0,0.0,0.0,0.0,0.0,0.0,0.0,0.0,0.0,0.0,0.0,0.0,0.0,0.0,0.0,0.0,0.0,0.0,0.0,0.0,0.0,0.0,0.0,0.0,0.0,0.0,0.0,0.0,0.0,0.0,0.0,0.0,0.0,0.0,0.0,0.0,0.0,0.0,0.0,0.0,0.0,0.0,0.0,0.0,0.0,0.0,0.0,0.0,0.0,0.0,0.0,0.0,0.0,0.0,0.0,0.0,0.0,0.0,0.0,0.0,0.0,0.0,0.0,0.0,0.0,0.0,0.0,0.0,0.0,0.0,0.0,0.0,0.0,0.0,0.0,0.0,0.017934904827692943,-5.452856312324918e-11,-8.222928611928137e-13,6.135257680147263e-14,-1.2744168867959555e-6,7.365745388920787e-6,-7.562144418617463e-5,-0.00015021683366604326,-1.9061498782964903e-12,2.2389249523441168e-7,-1.306453653949585e-13,2.84437605582743e-10,-9.70722910873934e-12,-1.0956536899930329e-12,0.00021144151823828628,-1.0118394332226392e-10,-1.2858262195307613e-5,-7.918014862964017e-6,-0.0007002535328455305,-7.123771414952998e-14,-0.000981889053785535,4.087137090940628e-8,3.5005132227606856e-5,0.0046551700844255865,-0.006214018049115251,1.2760242437037014e-9,-4.4705042222693985e-9,-5.3993115268286576e-14,-1.4981075499872692e-14,-2.2120725577392613e-14,8.513246409327458e-6,2.5737753806301844e-13,-5.755955657907715e-7,0.00010694962633526216,1.4761197877523777e-6,0.00018343995179356392,1.6844149819383849e-7,-0.00046446538698347793,8.946151657675253e-15,-3.3317370597521687e-6,-5.6388385287578585e-5,-2.184860051936408e-7,-0.0023564107507533225,0.002466597257906028,0.0001105984520448885,-1.6868741802811963e-13,3.845144504023847e-6,7.933854487712034e-11,3.1415900737209496e-7,0.001517192747411815,1.0488810733387617e-9,-1.0296081893060148e-12,-2.7386249808644754e-6,1.5308932474974618e-13,-1.7857247752830584e-6,-0.0005971641429401871,-3.8357213168340616e-11,-2.5932800134477512e-8,6.467047736381761e-9,4.72024108588237e-5,-1.3719557571555225e-8,-4.2929076100171915e-5,1.30328206275803e-12,-1.1767526005043942e-8,-9.260370911022487e-6,1.461136656328693e-11,-0.0033735218057940027,2.4851290377910046e-12,0.0019899334608060163,0.001021438995396874,-0.00035473500369804216,7.309499393678903e-12,7.570293696220671e-12,-1.929911914461041e-9,4.763929965681406e-9,-0.003139083267295196,3.200125607577726e-11,-1.0681528657594225e-12,7.57573770225662e-8,5.700103810985236e-6,-7.800504673137923e-13,6.519045239731357e-9,-1.728478123111357e-8,3.2189416360722325e-6,7.010334281345502e-6,-8.338482142779791e-13,1.3543530763466775e-13,-0.0006027265245088284,-9.754660321332404e-7,1.2311646476467458e-9,-2.1204151331158847e-11,-2.8613103466865224e-8,-3.340244026191856e-5,-4.099865186688119e-9,-1.1504876369961948e-10,-5.801408481150216e-12,-0.009584096995058876,1.6872246656433732e-5,2.327977338410019e-6,9.599054262786119e-6,-1.2754706702732852e-6,2.381449326409909e-6,-1.4937470500225608e-12,-7.345022470872091e-14,0.000744666953841963,-9.588327126614952e-7,7.021972464459212e-15
0.0,0.0,0.0,0.0,0.0,0.0,0.0,0.0,0.0,0.0,0.0,0.0,0.0,0.0,0.0,0.0,0.0,0.0,0.0,0.0,0.0,0.0,0.0,0.0,0.0,0.0,0.0,0.0,0.0,0.0,0.0,0.0,0.0,0.0,0.0,0.0,0.0,0.0,0.0,0.0,0.0,0.0,0.0,0.0,0.0,0.0,0.0,0.0,0.0,0.0,0.0,0.0,0.0,0.0,0.0,0.0,0.0,0.0,0.0,0.0,0.0,0.0,0.0,0.0,0.0,0.0,0.0,0.0,0.0,0.0,0.0,0.0,0.0,0.0,0.0,0.0,0.0,0.0,0.0,0.0,0.0,0.0,0.0,0.0,0.0,0.0,0.0,0.0,0.0,0.0,0.0,0.0,0.0,0.0,0.0,0.0,0.0,0.0,0.0,0.0,0.0,0.0,0.0,0.0,0.0,0.0,0.0,0.0,0.0,0.0,0.0,0.0,0.0,0.0,0.0,0.0,0.0,0.0,0.0,0.0,0.0,0.0,0.0,0.0,0.0,0.0,0.0,0.0,0.0,0.0,0.0,0.0,0.0,0.0,0.0,0.0,0.0,0.0,0.0,0.0,0.0,0.0,0.0,0.0,0.0,0.0,0.0,0.0,0.0,0.0,0.0,0.0,0.0,0.0,0.0,0.0,0.0,0.0,0.0,0.0,0.0,0.0,0.0,0.0,0.0,0.0,0.0,0.0,0.0,0.0,0.0,0.0,0.0,0.0,0.0,0.0,0.0,0.0,0.0,0.0,0.0,0.0,0.0,0.0,0.0,0.0,0.0,0.0,0.0,0.0,0.0,0.0,0.0,0.0,0.0,0.0,0.0,0.0,0.0,0.0,0.0,0.0,0.0,0.0,0.0,0.0,0.0,0.0,0.0,0.0,0.0,0.0,0.0,0.0,0.0,0.0,0.0,0.0,0.0,0.0,0.0,0.0,0.0,0.0,0.0,0.0,0.0,0.0,0.0,0.0,0.0,0.0,0.0,0.0,0.0,0.0,0.0,0.0,0.0,0.0,0.0,0.0,0.0,0.0,0.0,0.0,0.0,0.0,0.0,0.0,0.0,0.0,0.0,0.0,0.0,0.0,0.0,0.0,0.0,0.0,0.0,0.0,0.0,0.0,0.0,0.0,0.0,0.0,0.0,0.0,0.0,0.0,0.0,0.0,0.0,0.0,0.0,0.0,0.0,0.0,0.0,0.0,0.0,0.0,0.0,0.0,0.0,0.0,0.0,0.0,0.0,0.0,0.0,0.0,0.0,0.0,0.0,0.0,0.0,0.0,0.0,0.0,0.0,0.0,0.0,0.0,0.0,0.0,0.0,0.0,0.0,0.0,0.0,0.0,0.0,0.0,0.0,0.0,0.0,0.0,0.0,0.0,0.0,0.0,0.0,0.0,0.0,0.0,0.0,0.0,0.0,0.0,0.0,0.0,0.0,0.0,0.0,0.0,0.0,0.0,0.0,0.0,0.0,0.0,0.0,0.0,0.0,0.0,0.0,0.0,0.0,0.0,0.0,0.0,0.0,0.0,0.0,0.0,0.0,0.0,0.0,0.0,0.0,0.0,0.0,0.0,0.0,0.0,0.0,0.0,0.0,0.0,0.0,0.0,0.0,0.0,0.0,0.0,0.0,0.0,0.0,0.0,0.0,0.0,0.0,0.0,0.0,0.0,0.0,0.0,0.0,0.0,0.0,0.0,0.0,0.0,0.0,0.0,0.0,0.0,0.0,0.0,0.0,0.0,0.0,0.0,0.0,0.0,0.0,0.0,0.0,0.0,0.0,0.0,0.0,0.0,0.0,0.0,0.0,0.0,0.0,0.0,0.0,0.0,0.0,0.0,0.0,0.0,0.0,0.0,0.0,0.0,0.0,0.0,0.0,0.0,0.0,0.0,0.0,0.0,0.0,0.0,0.0,0.0,0.0,0.0,0.0,0.0,0.0,0.0,0.0,0.0,0.0,0.0,0.0,0.0,0.0,0.0,0.0,0.0,0.0,0.0,0.0,0.0,0.0,0.0,0.0,0.0,0.0,0.0,0.0,0.0,0.0,0.0,0.0,0.0,0.0,0.0,0.0,0.0,0.0,0.0,0.0,0.0,0.0,0.0,0.0,0.0,0.0,0.0,0.0,0.0,0.0,0.0,0.0,0.0,0.0,0.0,0.0,0.0,0.0,0.0,0.0,0.0,0.0,0.0,0.0,0.0,0.0,0.0,0.0,0.0,0.0,0.0,0.0,0.0,0.0,0.0,0.0,0.0,0.0,0.0,0.0,0.0,0.0,0.0,0.0,0.0,0.0,0.0,0.0,0.0,0.0,0.0,0.0,0.0,0.0,0.0,0.0,0.0,0.0,0.0,0.0,0.0,0.0,0.0,0.0,0.0,0.0,0.0,0.0,0.0,0.0,0.0,0.0,0.0,0.0,0.0,0.0,0.0,0.0,0.0,0.0,0.0,0.0,0.0,0.0,0.0,0.0,0.0,0.0,0.0,0.0,0.0,0.0,0.0,0.0,0.0,0.0,0.0,0.0,0.0,0.0,0.0,0.0,0.0,0.0,0.0,0.0,0.0,0.0,0.0,0.0,0.0,0.0,0.0,0.0,0.0,0.0,0.0,0.0,0.0,0.0,0.0,0.0,0.0,0.0,0.0,0.0,0.0,0.0,0.0,0.0,0.0,0.0,0.0,0.0,0.0,0.0,0.0,0.0,0.0,0.0,0.0,0.0,0.0,0.0,0.0,0.0,0.0,0.0,0.0,0.0,0.0,0.0,0.0,0.0,0.0,0.0,0.0,0.0,0.0,0.0,0.0,0.0,0.0,0.0,0.0,0.0,0.0,0.0,0.0,0.0,0.0,0.0,0.0,0.0,0.0,0.0,0.0,0.0,0.0,0.0,0.0,0.0,0.0,0.0,0.0,0.0,0.0,0.0,0.0,0.0,0.0,0.0,0.0,0.0,0.0,0.0,0.0,0.0,0.0,0.0,0.0,0.0,0.0,0.0,0.0,0.0,0.0,0.0,0.0,0.0,0.020399714755121142,6.064847227134661e-6,-2.0753228068921408e-7,4.1205223020251015e-7,5.005777098741812e-6,-2.511694026648707e-7,-1.0761882104560111e-10,-3.1875154880836525e-5,-6.92985799787264e-5,2.0961801418623487e-8,0.0005497486314794287,0.0005737353793779297,8.855247374479989e-7,-1.7283317042059903e-8,-0.00042939987565609105,-2.773269729269256e-10,-4.7160123545241914e-7,3.294279105803567e-8,4.592298771402011e-7,-1.8084970474320573e-9,-0.00032966241454648735,8.497795704659521e-8,-4.853257705671112e-10,9.188330296443485e-12,0.001944883473276969,0.001006249594678888,-1.9591610275249308e-7,2.928624942054149e-8,1.0957508312204209e-7,6.863894644541133e-7,-3.934225970044305e-8,7.065414506149931e-7,-1.1546537657292801e-9,7.242044170185459e-8,1.9229166355106405e-10,-1.6592636673545444e-5,-8.16662295086273e-9,-3.8347922532801414e-8,1.7022346231663683e-7,-1.0355354401525504e-7,-7.471302175171655e-5,-2.3868413994758835e-9,1.6538015775360474e-9,-7.411275818854344e-10,2.4231459666502368e-8,-8.04635056581617e-8,0.0006691724475734875,-1.400526109733833e-5,-2.7800694290954732e-11,-0.0010853603988353814,5.568679875362668e-5,-7.387028911622468e-6,9.168064933084723e-8,-1.6630352337863884e-6,-5.998983768512965e-9,-0.00038658294261528005,-0.00010073013811479257,0.0004742542924857251,-2.075731148093763e-7,-0.0011325447819977518,2.1882618481238748e-11,1.079412131976721e-5,-0.00030780992657099856,1.7276281874815715e-6,-0.0011546096197491338,1.5316860617951717e-9,8.425503343516386e-6,-1.2264133241945092e-9,-2.190191112464864e-8,9.534847952930439e-11,-3.653992315088841e-6,0.0015788737353799966,-0.00022883798051987308,3.679684255955409e-5,2.1127541894829446e-10,0.0002800395986739396,3.789617723097971e-6,1.732369412848105e-5,1.0577378623264649e-7,1.0121142488396489e-5,0.002131855238857057,-0.00011130235640080545,-6.564984981857085e-7,-9.459477200775734e-7,1.7773250047182814e-6,1.4857017930517287e-7,5.287104171236029e-9,-1.4442837519578315e-6,9.289235235275001e-5,0.0001455095895658876,0.00019113391703846544,-5.088175540450792e-8,-0.0004300322677228139,0.00047107790188477083,-0.004099553054436134,1.0612749070899223e-9,7.889031381190342e-9,1.117350571256329e-6,4.050521600453855e-7,-2.7917894541749314e-7,-2.0358149366339897e-7,1.0204203750873428e-5,1.1087871606066483e-6,4.3869905524102303e-10,9.883051477538449e-6,-8.149545295865682e-8
0.0,0.0,0.0,0.0,0.0,0.0,0.0,0.0,0.0,0.0,0.0,0.0,0.0,0.0,0.0,0.0,0.0,0.0,0.0,0.0,0.0,0.0,0.0,0.0,0.0,0.0,0.0,0.0,0.0,0.0,0.0,0.0,0.0,0.0,0.0,0.0,0.0,0.0,0.0,0.0,0.0,0.0,0.0,0.0,0.0,0.0,0.0,0.0,0.0,0.0,0.0,0.0,0.0,0.0,0.0,0.0,0.0,0.0,0.0,0.0,0.0,0.0,0.0,0.0,0.0,0.0,0.0,0.0,0.0,0.0,0.0,0.0,0.0,0.0,0.0,0.0,0.0,0.0,0.0,0.0,0.0,0.0,0.0,0.0,0.0,0.0,0.0,0.0,0.0,0.0,0.0,0.0,0.0,0.0,0.0,0.0,0.0,0.0,0.0,0.0,0.0,0.0,0.0,0.0,0.0,0.0,0.0,0.0,0.0,0.0,0.0,0.0,0.0,0.0,0.0,0.0,0.0,0.0,0.0,0.0,0.0,0.0,0.0,0.0,0.0,0.0,0.0,0.0,0.0,0.0,0.0,0.0,0.0,0.0,0.0,0.0,0.0,0.0,0.0,0.0,0.0,0.0,0.0,0.0,0.0,0.0,0.0,0.0,0.0,0.0,0.0,0.0,0.0,0.0,0.0,0.0,0.0,0.0,0.0,0.0,0.0,0.0,0.0,0.0,0.0,0.0,0.0,0.0,0.0,0.0,0.0,0.0,0.0,0.0,0.0,0.0,0.0,0.0,0.0,0.0,0.0,0.0,0.0,0.0,0.0,0.0,0.0,0.0,0.0,0.0,0.0,0.0,0.0,0.0,0.0,0.0,0.0,0.0,0.0,0.0,0.0,0.0,0.0,0.0,0.0,0.0,0.0,0.0,0.0,0.0,0.0,0.0,0.0,0.0,0.0,0.0,0.0,0.0,0.0,0.0,0.0,0.0,0.0,0.0,0.0,0.0,0.0,0.0,0.0,0.0,0.0,0.0,0.0,0.0,0.0,0.0,0.0,0.0,0.0,0.0,0.0,0.0,0.0,0.0,0.0,0.0,0.0,0.0,0.0,0.0,0.0,0.0,0.0,0.0,0.0,0.0,0.0,0.0,0.0,0.0,0.0,0.0,0.0,0.0,0.0,0.0,0.0,0.0,0.0,0.0,0.0,0.0,0.0,0.0,0.0,0.0,0.0,0.0,0.0,0.0,0.0,0.0,0.0,0.0,0.0,0.0,0.0,0.0,0.0,0.0,0.0,0.0,0.0,0.0,0.0,0.0,0.0,0.0,0.0,0.0,0.0,0.0,0.0,0.0,0.0,0.0,0.0,0.0,0.0,0.0,0.0,0.0,0.0,0.0,0.0,0.0,0.0,0.0,0.0,0.0,0.0,0.0,0.0,0.0,0.0,0.0,0.0,0.0,0.0,0.0,0.0,0.0,0.0,0.0,0.0,0.0,0.0,0.0,0.0,0.0,0.0,0.0,0.0,0.0,0.0,0.0,0.0,0.0,0.0,0.0,0.0,0.0,0.0,0.0,0.0,0.0,0.0,0.0,0.0,0.0,0.0,0.0,0.0,0.0,0.0,0.0,0.0,0.0,0.0,0.0,0.0,0.0,0.0,0.0,0.0,0.0,0.0,0.0,0.0,0.0,0.0,0.0,0.0,0.0,0.0,0.0,0.0,0.0,0.0,0.0,0.0,0.0,0.0,0.0,0.0,0.0,0.0,0.0,0.0,0.0,0.0,0.0,0.0,0.0,0.0,0.0,0.0,0.0,0.0,0.0,0.0,0.0,0.0,0.0,0.0,0.0,0.0,0.0,0.0,0.0,0.0,0.0,0.0,0.0,0.0,0.0,0.0,0.0,0.0,0.0,0.0,0.0,0.0,0.0,0.0,0.0,0.0,0.0,0.0,0.0,0.0,0.0,0.0,0.0,0.0,0.0,0.0,0.0,0.0,0.0,0.0,0.0,0.0,0.0,0.0,0.0,0.0,0.0,0.0,0.0,0.0,0.0,0.0,0.0,0.0,0.0,0.0,0.0,0.0,0.0,0.0,0.0,0.0,0.0,0.0,0.0,0.0,0.0,0.0,0.0,0.0,0.0,0.0,0.0,0.0,0.0,0.0,0.0,0.0,0.0,0.0,0.0,0.0,0.0,0.0,0.0,0.0,0.0,0.0,0.0,0.0,0.0,0.0,0.0,0.0,0.0,0.0,0.0,0.0,0.0,0.0,0.0,0.0,0.0,0.0,0.0,0.0,0.0,0.0,0.0,0.0,0.0,0.0,0.0,0.0,0.0,0.0,0.0,0.0,0.0,0.0,0.0,0.0,0.0,0.0,0.0,0.0,0.0,0.0,0.0,0.0,0.0,0.0,0.0,0.0,0.0,0.0,0.0,0.0,0.0,0.0,0.0,0.0,0.0,0.0,0.0,0.0,0.0,0.0,0.0,0.0,0.0,0.0,0.0,0.0,0.0,0.0,0.0,0.0,0.0,0.0,0.0,0.0,0.0,0.0,0.0,0.0,0.0,0.0,0.0,0.0,0.0,0.0,0.0,0.0,0.0,0.0,0.0,0.0,0.0,0.0,0.0,0.0,0.0,0.0,0.0,0.0,0.0,0.0,0.0,0.0,0.0,0.0,0.0,0.0,0.0,0.0,0.0,0.0,0.0,0.0,0.0,0.0,0.0,0.0,0.0,0.0,0.0,0.0,0.0,0.0,0.0,0.0,0.0,0.0,0.0,0.0,0.0,0.0,0.0,0.0,0.0,0.0,0.0,0.0,0.0,0.0,0.0,0.0,0.0,0.0,0.0,0.0,0.0,0.0,0.0,0.0,0.0,0.0,0.0,0.0,0.0,0.0,0.0,0.0,0.0,0.0,0.0,0.0,0.0,0.0,0.0,0.0,0.0,0.0,0.0,0.0,0.0,0.0,0.0,0.0,0.0,0.0,0.0,0.0,0.0,0.0,0.0,0.0,0.0,0.0,0.0,0.0,0.0,0.0,0.0,0.0,0.0,0.0,0.0,0.0,0.0,0.0,0.0,0.02160460098748547,-0.0006968856212646232,8.490697079402713e-11,-7.697949105464609e-9,7.533088309531195e-11,4.6062753078372717e-14,-0.001720601253286335,-3.0321497446004405e-8,0.0036338968673705284,-1.9590736866043972e-5,7.310574041096642e-5,0.0006301219767730897,-4.331401543548185e-12,1.9376159261034426e-5,7.199157579481468e-12,-1.2362813545642602e-10,4.2681961326159845e-11,0.0018848502479792775,-6.678301624328016e-13,5.238807234720481e-9,-9.358575308691593e-10,-6.13492086396762e-14,1.3943400756218033e-13,-1.0422354648745787e-6,6.269000210287044e-7,0.0003680588011226657,0.00039984685437593814,0.0003489805033031817,-1.4434556738683068e-10,0.00038955470469959514,-3.0644148950488745e-9,4.0038540554918924e-11,-9.033437273889162e-11,6.404024838381648e-14,1.0278991777941918e-8,1.1355848013593034e-11,-3.266292492559616e-5,5.65433867189608e-10,2.3052853718530568e-11,-2.012441484350015e-8,6.0583045822065146e-12,-1.0992755280839533e-12,3.636982264919738e-12,0.00028488974814867737,6.522884870305798e-10,-1.3065845817330481e-5,8.658989300460074e-8,-1.8076643005240012e-13,-8.291065034488922e-6,0.00018042146062560385,6.452052293617399e-9,-0.000507545107470295,3.1422492466795424e-10,7.211461136859031e-12,-8.111960941059657e-6,2.1454716501042852e-7,-3.7229024986447364e-6,-1.875751473764534e-11,4.605990768354439e-7,9.329618812830011e-14,-0.00030304111943590636,1.8759273234829638e-6,-1.1954028411749892e-9,-3.007690382786058e-5,-7.023072598069617e-13,0.0007563151965890866,-4.0674817759172166e-13,-2.21864780126905e-11,-7.782032142991676e-15,0.0007973960842900861,2.0068101646271886e-5,-4.333462720367996e-7,1.174741223777832e-7,1.9900748201614384e-13,0.0002358106389462321,0.005058902667062848,-2.992474393900805e-8,-2.7120471672604812e-11,0.00020493130618036296,-1.3699130471417295e-7,1.5802608868530052e-7,1.990380695352494e-10,6.220233298065812e-10,0.00042137288242722064,0.0006190117824999976,6.1314570883955165e-12,6.761154349911378e-10,-6.673178695377733e-8,0.00012305065438707318,-9.929729926263696e-8,5.946579723490367e-11,3.3318950540055763e-7,4.662389783401605e-5,-0.00010049916865059056,-9.118751422615624e-13,-1.3941397120977688e-13,2.508127143059905e-11,-1.0138335896986693e-10,-4.873981381096115e-10,3.4285626971636315e-10,0.014734928124514919,0.00500500223559821,-2.1926974648457756e-13,1.3161026586829201e-9,0.00040069251363665314
0.0,0.0,0.0,0.0,0.0,0.0,0.0,0.0,0.0,0.0,0.0,0.0,0.0,0.0,0.0,0.0,0.0,0.0,0.0,0.0,0.0,0.0,0.0,0.0,0.0,0.0,0.0,0.0,0.0,0.0,0.0,0.0,0.0,0.0,0.0,0.0,0.0,0.0,0.0,0.0,0.0,0.0,0.0,0.0,0.0,0.0,0.0,0.0,0.0,0.0,0.0,0.0,0.0,0.0,0.0,0.0,0.0,0.0,0.0,0.0,0.0,0.0,0.0,0.0,0.0,0.0,0.0,0.0,0.0,0.0,0.0,0.0,0.0,0.0,0.0,0.0,0.0,0.0,0.0,0.0,0.0,0.0,0.0,0.0,0.0,0.0,0.0,0.0,0.0,0.0,0.0,0.0,0.0,0.0,0.0,0.0,0.0,0.0,0.0,0.0,0.0,0.0,0.0,0.0,0.0,0.0,0.0,0.0,0.0,0.0,0.0,0.0,0.0,0.0,0.0,0.0,0.0,0.0,0.0,0.0,0.0,0.0,0.0,0.0,0.0,0.0,0.0,0.0,0.0,0.0,0.0,0.0,0.0,0.0,0.0,0.0,0.0,0.0,0.0,0.0,0.0,0.0,0.0,0.0,0.0,0.0,0.0,0.0,0.0,0.0,0.0,0.0,0.0,0.0,0.0,0.0,0.0,0.0,0.0,0.0,0.0,0.0,0.0,0.0,0.0,0.0,0.0,0.0,0.0,0.0,0.0,0.0,0.0,0.0,0.0,0.0,0.0,0.0,0.0,0.0,0.0,0.0,0.0,0.0,0.0,0.0,0.0,0.0,0.0,0.0,0.0,0.0,0.0,0.0,0.0,0.0,0.0,0.0,0.0,0.0,0.0,0.0,0.0,0.0,0.0,0.0,0.0,0.0,0.0,0.0,0.0,0.0,0.0,0.0,0.0,0.0,0.0,0.0,0.0,0.0,0.0,0.0,0.0,0.0,0.0,0.0,0.0,0.0,0.0,0.0,0.0,0.0,0.0,0.0,0.0,0.0,0.0,0.0,0.0,0.0,0.0,0.0,0.0,0.0,0.0,0.0,0.0,0.0,0.0,0.0,0.0,0.0,0.0,0.0,0.0,0.0,0.0,0.0,0.0,0.0,0.0,0.0,0.0,0.0,0.0,0.0,0.0,0.0,0.0,0.0,0.0,0.0,0.0,0.0,0.0,0.0,0.0,0.0,0.0,0.0,0.0,0.0,0.0,0.0,0.0,0.0,0.0,0.0,0.0,0.0,0.0,0.0,0.0,0.0,0.0,0.0,0.0,0.0,0.0,0.0,0.0,0.0,0.0,0.0,0.0,0.0,0.0,0.0,0.0,0.0,0.0,0.0,0.0,0.0,0.0,0.0,0.0,0.0,0.0,0.0,0.0,0.0,0.0,0.0,0.0,0.0,0.0,0.0,0.0,0.0,0.0,0.0,0.0,0.0,0.0,0.0,0.0,0.0,0.0,0.0,0.0,0.0,0.0,0.0,0.0,0.0,0.0,0.0,0.0,0.0,0.0,0.0,0.0,0.0,0.0,0.0,0.0,0.0,0.0,0.0,0.0,0.0,0.0,0.0,0.0,0.0,0.0,0.0,0.0,0.0,0.0,0.0,0.0,0.0,0.0,0.0,0.0,0.0,0.0,0.0,0.0,0.0,0.0,0.0,0.0,0.0,0.0,0.0,0.0,0.0,0.0,0.0,0.0,0.0,0.0,0.0,0.0,0.0,0.0,0.0,0.0,0.0,0.0,0.0,0.0,0.0,0.0,0.0,0.0,0.0,0.0,0.0,0.0,0.0,0.0,0.0,0.0,0.0,0.0,0.0,0.0,0.0,0.0,0.0,0.0,0.0,0.0,0.0,0.0,0.0,0.0,0.0,0.0,0.0,0.0,0.0,0.0,0.0,0.0,0.0,0.0,0.0,0.0,0.0,0.0,0.0,0.0,0.0,0.0,0.0,0.0,0.0,0.0,0.0,0.0,0.0,0.0,0.0,0.0,0.0,0.0,0.0,0.0,0.0,0.0,0.0,0.0,0.0,0.0,0.0,0.0,0.0,0.0,0.0,0.0,0.0,0.0,0.0,0.0,0.0,0.0,0.0,0.0,0.0,0.0,0.0,0.0,0.0,0.0,0.0,0.0,0.0,0.0,0.0,0.0,0.0,0.0,0.0,0.0,0.0,0.0,0.0,0.0,0.0,0.0,0.0,0.0,0.0,0.0,0.0,0.0,0.0,0.0,0.0,0.0,0.0,0.0,0.0,0.0,0.0,0.0,0.0,0.0,0.0,0.0,0.0,0.0,0.0,0.0,0.0,0.0,0.0,0.0,0.0,0.0,0.0,0.0,0.0,0.0,0.0,0.0,0.0,0.0,0.0,0.0,0.0,0.0,0.0,0.0,0.0,0.0,0.0,0.0,0.0,0.0,0.0,0.0,0.0,0.0,0.0,0.0,0.0,0.0,0.0,0.0,0.0,0.0,0.0,0.0,0.0,0.0,0.0,0.0,0.0,0.0,0.0,0.0,0.0,0.0,0.0,0.0,0.0,0.0,0.0,0.0,0.0,0.0,0.0,0.0,0.0,0.0,0.0,0.0,0.0,0.0,0.0,0.0,0.0,0.0,0.0,0.0,0.0,0.0,0.0,0.0,0.0,0.0,0.0,0.0,0.0,0.0,0.0,0.0,0.0,0.0,0.0,0.0,0.0,0.0,0.0,0.0,0.0,0.0,0.0,0.0,0.0,0.0,0.0,0.0,0.0,0.0,0.0,0.0,0.0,0.0,0.0,0.0,0.0,0.0,0.0,0.0,0.0,0.0,0.0,0.0,0.0,0.0,0.0,0.0,0.0,0.0,0.0,0.0,0.0,0.0,0.0,0.0,0.0,0.0,0.0,0.0,0.0,0.0,0.0,0.0,0.0,0.0,0.0,0.0,0.0,0.0,0.0,0.0,0.0,0.0,0.0,0.0,0.0,0.0,0.0,0.0,0.0,0.0,0.0,0.0,0.0,0.0,0.0,0.0,0.0,0.0,0.0,0.0,0.0,0.0,0.032489978894833675,7.1921057249684465e-12,3.5843796918288706e-10,9.4549144333281e-13,1.125084132664218e-15,6.886797567639938e-6,5.312760063409971e-9,0.007603427534222646,1.5713338352538561e-6,-6.746460100640014e-6,-0.00011951130492032459,7.260740024757805e-13,-8.664248341859708e-6,-2.1557045458805105e-11,5.581680484974047e-11,-2.84900498256797e-12,0.0021753226849037647,-2.2120721023182676e-14,-1.878427685899155e-9,5.163828760147025e-11,1.2575045903591206e-14,6.906154258242282e-15,3.350523634991567e-8,2.4883291522161334e-8,0.0005666694731598807,9.0650098553247e-5,0.0018979449524231448,4.057815587360452e-13,0.00022581273004870333,7.245798880195298e-11,-2.1253169343017844e-12,5.986921169061349e-12,-5.619068039754054e-15,-5.1991623007661566e-11,-3.3570539432282813e-13,0.00011039409471027569,4.614095478368728e-11,-6.791290307227324e-12,-1.1040550425436195e-9,-1.9027180854974624e-13,1.7021088087369945e-14,-1.787013105354784e-13,-0.001656750346344192,-3.845540499307914e-11,6.605493970557561e-6,-5.380427974639606e-9,5.853450311368261e-15,6.616580740496706e-7,2.836793056586875e-5,-8.90203603790661e-11,0.0005872951283313872,-2.207331134861032e-10,-2.621229623943133e-13,2.4196723678479548e-5,-2.1978522705693345e-8,5.2351424715971373e-8,6.045609153510944e-12,-1.9375627931425058e-8,-3.545656444737807e-15,0.0007936892527997254,-5.3379155855021815e-8,7.533792729125972e-11,2.583765048738636e-6,4.007411242080468e-14,-8.412833008040323e-5,1.2214632252937338e-14,1.5715957701840394e-12,-1.2972439626358176e-15,-0.00011259244091721242,-9.425241942661951e-7,-2.6285183986849597e-9,-2.6667812992148578e-8,-8.809373764660865e-15,-2.2956432388896177e-5,-0.00038957053192033406,1.5215351242944358e-9,6.142854413574979e-13,-0.0003653979456576068,5.4863290114810495e-9,-8.3361715005597e-9,-3.20837644270754e-11,-3.414491041299475e-11,0.00050966353343114,0.00030066743553388957,1.3195281376326206e-12,-3.6840304995396753e-11,4.174943155642813e-9,5.420946652268781e-5,-5.416731989649146e-10,-1.7952943208729885e-12,8.67846835927701e-9,3.265986560760894e-6,1.5329742579133843e-6,1.3710369558387315e-14,-4.2579305170289653e-13,-1.01574275265695e-12,1.8629813015865277e-12,4.5598621062919954e-11,-7.947379340740993e-12,-0.00035315540443733455,0.0018433968750686508,1.5727414891002248e-15,-7.443705379509751e-10,0.0010754454480550455
0.0,0.0,0.0,0.0,0.0,0.0,0.0,0.0,0.0,0.0,0.0,0.0,0.0,0.0,0.0,0.0,0.0,0.0,0.0,0.0,0.0,0.0,0.0,0.0,0.0,0.0,0.0,0.0,0.0,0.0,0.0,0.0,0.0,0.0,0.0,0.0,0.0,0.0,0.0,0.0,0.0,0.0,0.0,0.0,0.0,0.0,0.0,0.0,0.0,0.0,0.0,0.0,0.0,0.0,0.0,0.0,0.0,0.0,0.0,0.0,0.0,0.0,0.0,0.0,0.0,0.0,0.0,0.0,0.0,0.0,0.0,0.0,0.0,0.0,0.0,0.0,0.0,0.0,0.0,0.0,0.0,0.0,0.0,0.0,0.0,0.0,0.0,0.0,0.0,0.0,0.0,0.0,0.0,0.0,0.0,0.0,0.0,0.0,0.0,0.0,0.0,0.0,0.0,0.0,0.0,0.0,0.0,0.0,0.0,0.0,0.0,0.0,0.0,0.0,0.0,0.0,0.0,0.0,0.0,0.0,0.0,0.0,0.0,0.0,0.0,0.0,0.0,0.0,0.0,0.0,0.0,0.0,0.0,0.0,0.0,0.0,0.0,0.0,0.0,0.0,0.0,0.0,0.0,0.0,0.0,0.0,0.0,0.0,0.0,0.0,0.0,0.0,0.0,0.0,0.0,0.0,0.0,0.0,0.0,0.0,0.0,0.0,0.0,0.0,0.0,0.0,0.0,0.0,0.0,0.0,0.0,0.0,0.0,0.0,0.0,0.0,0.0,0.0,0.0,0.0,0.0,0.0,0.0,0.0,0.0,0.0,0.0,0.0,0.0,0.0,0.0,0.0,0.0,0.0,0.0,0.0,0.0,0.0,0.0,0.0,0.0,0.0,0.0,0.0,0.0,0.0,0.0,0.0,0.0,0.0,0.0,0.0,0.0,0.0,0.0,0.0,0.0,0.0,0.0,0.0,0.0,0.0,0.0,0.0,0.0,0.0,0.0,0.0,0.0,0.0,0.0,0.0,0.0,0.0,0.0,0.0,0.0,0.0,0.0,0.0,0.0,0.0,0.0,0.0,0.0,0.0,0.0,0.0,0.0,0.0,0.0,0.0,0.0,0.0,0.0,0.0,0.0,0.0,0.0,0.0,0.0,0.0,0.0,0.0,0.0,0.0,0.0,0.0,0.0,0.0,0.0,0.0,0.0,0.0,0.0,0.0,0.0,0.0,0.0,0.0,0.0,0.0,0.0,0.0,0.0,0.0,0.0,0.0,0.0,0.0,0.0,0.0,0.0,0.0,0.0,0.0,0.0,0.0,0.0,0.0,0.0,0.0,0.0,0.0,0.0,0.0,0.0,0.0,0.0,0.0,0.0,0.0,0.0,0.0,0.0,0.0,0.0,0.0,0.0,0.0,0.0,0.0,0.0,0.0,0.0,0.0,0.0,0.0,0.0,0.0,0.0,0.0,0.0,0.0,0.0,0.0,0.0,0.0,0.0,0.0,0.0,0.0,0.0,0.0,0.0,0.0,0.0,0.0,0.0,0.0,0.0,0.0,0.0,0.0,0.0,0.0,0.0,0.0,0.0,0.0,0.0,0.0,0.0,0.0,0.0,0.0,0.0,0.0,0.0,0.0,0.0,0.0,0.0,0.0,0.0,0.0,0.0,0.0,0.0,0.0,0.0,0.0,0.0,0.0,0.0,0.0,0.0,0.0,0.0,0.0,0.0,0.0,0.0,0.0,0.0,0.0,0.0,0.0,0.0,0.0,0.0,0.0,0.0,0.0,0.0,0.0,0.0,0.0,0.0,0.0,0.0,0.0,0.0,0.0,0.0,0.0,0.0,0.0,0.0,0.0,0.0,0.0,0.0,0.0,0.0,0.0,0.0,0.0,0.0,0.0,0.0,0.0,0.0,0.0,0.0,0.0,0.0,0.0,0.0,0.0,0.0,0.0,0.0,0.0,0.0,0.0,0.0,0.0,0.0,0.0,0.0,0.0,0.0,0.0,0.0,0.0,0.0,0.0,0.0,0.0,0.0,0.0,0.0,0.0,0.0,0.0,0.0,0.0,0.0,0.0,0.0,0.0,0.0,0.0,0.0,0.0,0.0,0.0,0.0,0.0,0.0,0.0,0.0,0.0,0.0,0.0,0.0,0.0,0.0,0.0,0.0,0.0,0.0,0.0,0.0,0.0,0.0,0.0,0.0,0.0,0.0,0.0,0.0,0.0,0.0,0.0,0.0,0.0,0.0,0.0,0.0,0.0,0.0,0.0,0.0,0.0,0.0,0.0,0.0,0.0,0.0,0.0,0.0,0.0,0.0,0.0,0.0,0.0,0.0,0.0,0.0,0.0,0.0,0.0,0.0,0.0,0.0,0.0,0.0,0.0,0.0,0.0,0.0,0.0,0.0,0.0,0.0,0.0,0.0,0.0,0.0,0.0,0.0,0.0,0.0,0.0,0.0,0.0,0.0,0.0,0.0,0.0,0.0,0.0,0.0,0.0,0.0,0.0,0.0,0.0,0.0,0.0,0.0,0.0,0.0,0.0,0.0,0.0,0.0,0.0,0.0,0.0,0.0,0.0,0.0,0.0,0.0,0.0,0.0,0.0,0.0,0.0,0.0,0.0,0.0,0.0,0.0,0.0,0.0,0.0,0.0,0.0,0.0,0.0,0.0,0.0,0.0,0.0,0.0,0.0,0.0,0.0,0.0,0.0,0.0,0.0,0.0,0.0,0.0,0.0,0.0,0.0,0.0,0.0,0.0,0.0,0.0,0.0,0.0,0.0,0.0,0.0,0.0,0.0,0.0,0.0,0.0,0.0,0.0,0.0,0.0,0.0,0.0,0.0,0.0,0.0,0.0,0.0,0.0,0.0,0.0,0.0,0.0,0.0,0.0,0.0,0.0,0.0,0.0,0.0,0.0,0.0,0.0,0.0,0.0,0.0,0.0,0.0,0.0,0.0,0.0,0.0,0.0,0.0,0.0,0.0,0.0,0.0,0.0,0.0,0.0,0.0,0.0,0.0,0.0,0.0,0.0,0.0,0.0,0.0,0.0,0.0,0.0,0.0,0.0,0.0,0.028593602243976217,0.00036697300898993487,0.0005533814850393428,1.8598170332129087e-6,3.1605012935057223e-9,-5.897008215216308e-5,-5.596327059735822e-11,-7.008783123727239e-8,-1.2503575854627801e-8,7.054879404877439e-11,-0.000756039627433355,6.735566554595102e-8,-0.0012107784458021875,0.0038047371286349485,-0.0005954434255213512,-7.16998961988847e-12,5.3498943803940395e-6,-1.9056768002103186e-6,-0.0029528484939633105,4.418347502557204e-6,1.0119721369374893e-5,2.1624107988020236e-6,-9.701342456529466e-7,1.2005262488392848e-11,4.161641826298736e-12,5.674974502971875e-12,0.00033802947405990873,-2.0932656542573954e-10,-0.0001268071760217209,0.0006739193849156968,0.004625565431575319,-9.998187780040646e-7,-0.00013038838037234202,-7.759277772426167e-5,2.293596476111112e-12,0.00025510705453801323,-0.0018173240573950908,4.8695007246103525e-5,7.137742423672635e-6,-9.288149239704721e-6,2.7183072348703637e-6,8.466291922399358e-11,0.008912578058048381,-1.3623958585506985e-7,1.7083284010430817e-5,-4.3656751553131525e-6,-3.966590013887294e-7,2.3444753238710965e-9,0.0003962156086170463,1.3309909242692563e-11,-5.432874187920712e-5,0.00031484236258741774,2.4116071195593872e-8,4.285374163578101e-6,-2.210256329165236e-6,-0.0013125077515557474,4.720385503794548e-6,1.3610522948971688e-6,-2.384289539326451e-10,7.192187862363228e-6,0.0016884112500488476,-3.822190483332995e-10,2.7560345024071884e-5,6.596244410729183e-11,4.099182364661993e-5,0.00014004516922279348,6.869361784574372e-7,-6.3108734742782154e-9,-4.069369364591777e-8,1.4333276834096436e-6,-5.070512192041061e-6,6.314298164550412e-6,-3.853628260060557e-8,3.447542024184375e-10,4.446300278570548e-5,0.0001815882610774065,3.2147675308411625e-10,-1.9753701895325562e-6,9.749870668685155e-7,-0.0065379440606785685,0.0002971314249934382,3.722178247097713e-10,-6.559260170885289e-11,0.0009344641413523679,-0.00017157584324101045,-7.958128298822288e-6,1.3890091595734484e-8,-1.406441077743211e-5,0.00043184552753588795,-5.906254453597867e-6,-3.6437401663879764e-8,3.9504753851655014e-8,5.503534860843337e-7,-0.00021295366899043804,4.975355217533849e-5,-0.0005284517801221856,0.0010985441142435028,-0.0030157997002541064,-2.757941951239816e-10,-1.929601609467504e-10,-5.269879209750537e-6,-0.00010682888411268814,-1.269856640938595e-11
0.0,0.0,0.0,0.0,0.0,0.0,0.0,0.0,0.0,0.0,0.0,0.0,0.0,0.0,0.0,0.0,0.0,0.0,0.0,0.0,0.0,0.0,0.0,0.0,0.0,0.0,0.0,0.0,0.0,0.0,0.0,0.0,0.0,0.0,0.0,0.0,0.0,0.0,0.0,0.0,0.0,0.0,0.0,0.0,0.0,0.0,0.0,0.0,0.0,0.0,0.0,0.0,0.0,0.0,0.0,0.0,0.0,0.0,0.0,0.0,0.0,0.0,0.0,0.0,0.0,0.0,0.0,0.0,0.0,0.0,0.0,0.0,0.0,0.0,0.0,0.0,0.0,0.0,0.0,0.0,0.0,0.0,0.0,0.0,0.0,0.0,0.0,0.0,0.0,0.0,0.0,0.0,0.0,0.0,0.0,0.0,0.0,0.0,0.0,0.0,0.0,0.0,0.0,0.0,0.0,0.0,0.0,0.0,0.0,0.0,0.0,0.0,0.0,0.0,0.0,0.0,0.0,0.0,0.0,0.0,0.0,0.0,0.0,0.0,0.0,0.0,0.0,0.0,0.0,0.0,0.0,0.0,0.0,0.0,0.0,0.0,0.0,0.0,0.0,0.0,0.0,0.0,0.0,0.0,0.0,0.0,0.0,0.0,0.0,0.0,0.0,0.0,0.0,0.0,0.0,0.0,0.0,0.0,0.0,0.0,0.0,0.0,0.0,0.0,0.0,0.0,0.0,0.0,0.0,0.0,0.0,0.0,0.0,0.0,0.0,0.0,0.0,0.0,0.0,0.0,0.0,0.0,0.0,0.0,0.0,0.0,0.0,0.0,0.0,0.0,0.0,0.0,0.0,0.0,0.0,0.0,0.0,0.0,0.0,0.0,0.0,0.0,0.0,0.0,0.0,0.0,0.0,0.0,0.0,0.0,0.0,0.0,0.0,0.0,0.0,0.0,0.0,0.0,0.0,0.0,0.0,0.0,0.0,0.0,0.0,0.0,0.0,0.0,0.0,0.0,0.0,0.0,0.0,0.0,0.0,0.0,0.0,0.0,0.0,0.0,0.0,0.0,0.0,0.0,0.0,0.0,0.0,0.0,0.0,0.0,0.0,0.0,0.0,0.0,0.0,0.0,0.0,0.0,0.0,0.0,0.0,0.0,0.0,0.0,0.0,0.0,0.0,0.0,0.0,0.0,0.0,0.0,0.0,0.0,0.0,0.0,0.0,0.0,0.0,0.0,0.0,0.0,0.0,0.0,0.0,0.0,0.0,0.0,0.0,0.0,0.0,0.0,0.0,0.0,0.0,0.0,0.0,0.0,0.0,0.0,0.0,0.0,0.0,0.0,0.0,0.0,0.0,0.0,0.0,0.0,0.0,0.0,0.0,0.0,0.0,0.0,0.0,0.0,0.0,0.0,0.0,0.0,0.0,0.0,0.0,0.0,0.0,0.0,0.0,0.0,0.0,0.0,0.0,0.0,0.0,0.0,0.0,0.0,0.0,0.0,0.0,0.0,0.0,0.0,0.0,0.0,0.0,0.0,0.0,0.0,0.0,0.0,0.0,0.0,0.0,0.0,0.0,0.0,0.0,0.0,0.0,0.0,0.0,0.0,0.0,0.0,0.0,0.0,0.0,0.0,0.0,0.0,0.0,0.0,0.0,0.0,0.0,0.0,0.0,0.0,0.0,0.0,0.0,0.0,0.0,0.0,0.0,0.0,0.0,0.0,0.0,0.0,0.0,0.0,0.0,0.0,0.0,0.0,0.0,0.0,0.0,0.0,0.0,0.0,0.0,0.0,0.0,0.0,0.0,0.0,0.0,0.0,0.0,0.0,0.0,0.0,0.0,0.0,0.0,0.0,0.0,0.0,0.0,0.0,0.0,0.0,0.0,0.0,0.0,0.0,0.0,0.0,0.0,0.0,0.0,0.0,0.0,0.0,0.0,0.0,0.0,0.0,0.0,0.0,0.0,0.0,0.0,0.0,0.0,0.0,0.0,0.0,0.0,0.0,0.0,0.0,0.0,0.0,0.0,0.0,0.0,0.0,0.0,0.0,0.0,0.0,0.0,0.0,0.0,0.0,0.0,0.0,0.0,0.0,0.0,0.0,0.0,0.0,0.0,0.0,0.0,0.0,0.0,0.0,0.0,0.0,0.0,0.0,0.0,0.0,0.0,0.0,0.0,0.0,0.0,0.0,0.0,0.0,0.0,0.0,0.0,0.0,0.0,0.0,0.0,0.0,0.0,0.0,0.0,0.0,0.0,0.0,0.0,0.0,0.0,0.0,0.0,0.0,0.0,0.0,0.0,0.0,0.0,0.0,0.0,0.0,0.0,0.0,0.0,0.0,0.0,0.0,0.0,0.0,0.0,0.0,0.0,0.0,0.0,0.0,0.0,0.0,0.0,0.0,0.0,0.0,0.0,0.0,0.0,0.0,0.0,0.0,0.0,0.0,0.0,0.0,0.0,0.0,0.0,0.0,0.0,0.0,0.0,0.0,0.0,0.0,0.0,0.0,0.0,0.0,0.0,0.0,0.0,0.0,0.0,0.0,0.0,0.0,0.0,0.0,0.0,0.0,0.0,0.0,0.0,0.0,0.0,0.0,0.0,0.0,0.0,0.0,0.0,0.0,0.0,0.0,0.0,0.0,0.0,0.0,0.0,0.0,0.0,0.0,0.0,0.0,0.0,0.0,0.0,0.0,0.0,0.0,0.0,0.0,0.0,0.0,0.0,0.0,0.0,0.0,0.0,0.0,0.0,0.0,0.0,0.0,0.0,0.0,0.0,0.0,0.0,0.0,0.0,0.0,0.0,0.0,0.0,0.0,0.0,0.0,0.0,0.0,0.0,0.0,0.0,0.0,0.0,0.0,0.0,0.0,0.0,0.0,0.0,0.0,0.0,0.0,0.0,0.0,0.0,0.0,0.0,0.0,0.0,0.0,0.0,0.0,0.0,0.0,0.0,0.0,0.0,0.0,0.0,0.0,0.0,0.0,0.0,0.0,0.0,0.0,0.0,0.0,0.0,0.0,0.0,0.0,0.0,0.0,0.0,0.0,0.0,0.0,0.0,0.0,0.0,0.0,0.0,0.04567373961647831,6.337631090587187e-5,1.0532845462593966e-8,1.2129437728704876e-8,-6.37410677082916e-6,1.577728521302361e-10,-5.51473741328705e-7,-2.9946452681907643e-7,-6.232062295847368e-9,2.1017740263529043e-5,2.5658957878349754e-7,3.87615981850483e-5,-0.0009021778758984576,-1.8450509873047257e-5,6.652638257727748e-12,-4.5716392332327095e-6,5.3622731067523775e-5,0.003959876691913525,2.0196792068986784e-7,2.1838783505557104e-6,-1.4641212781248158e-5,9.621861560371047e-6,1.0360606193757866e-10,4.576246171865084e-11,8.594656088658694e-11,0.0020879649871733135,2.805959198405794e-10,1.4909196043576693e-5,5.389403175710173e-5,-0.00010203353654473769,-1.191566232714894e-6,-0.000873157250179049,2.1789885572606265e-5,2.5578090818273793e-11,0.008161207559852938,0.0006183701764971129,0.00013531533631282007,-3.90431937848339e-6,-2.707409005941379e-6,-6.437042443097014e-6,3.847580575323129e-11,0.00019455204205211945,-6.070952008561167e-7,0.0017738601879690415,-2.6215082922498645e-7,-6.654009711986841e-6,1.9133154538121378e-8,0.005780399077918618,4.4803693311509054e-10,-0.0009373736124316314,-1.0518275721176854e-5,1.2482439566125754e-7,-4.678184789429742e-5,-2.9115353776979343e-6,-0.00025243088844266313,-7.0599708986788286e-6,-9.121078883077326e-8,-3.970651003951226e-10,1.4885562434338922e-6,-0.0012502658252700432,-6.604196326691227e-8,1.8817245191507679e-6,8.667193084309326e-9,3.00866113285647e-6,3.036412292852987e-5,1.2712923488232926e-7,-2.13776275691823e-8,1.1583309553831297e-7,2.8493247494724628e-5,-1.2187991638020957e-5,7.611986743740258e-7,-1.1877070024594026e-7,-5.827762246315223e-9,0.0001503361866957678,3.136985205924235e-5,1.4751214981352589e-9,-2.1945328416358847e-5,-0.00010628723156366697,3.555334480837224e-5,-6.927773023127289e-5,-5.70795973081555e-10,1.2002156956580835e-10,-1.4049958666074485e-5,-0.005514162854866057,-6.403946481445514e-5,-5.438393835338724e-8,-0.00017740381701168064,0.00015082851166598604,-8.770452366296336e-5,-1.551330503484226e-8,1.317908321061682e-6,1.0970615796236684e-6,4.766719265942571e-5,0.00046734266792275143,-0.0001718859920606451,0.0011753956548210152,0.000876843076127289,-5.706466505473785e-9,-8.128353196386884e-10,2.314583014791697e-7,0.0009790571064878673,7.187033742785837e-11
0.0,0.0,0.0,0.0,0.0,0.0,0.0,0.0,0.0,0.0,0.0,0.0,0.0,0.0,0.0,0.0,0.0,0.0,0.0,0.0,0.0,0.0,0.0,0.0,0.0,0.0,0.0,0.0,0.0,0.0,0.0,0.0,0.0,0.0,0.0,0.0,0.0,0.0,0.0,0.0,0.0,0.0,0.0,0.0,0.0,0.0,0.0,0.0,0.0,0.0,0.0,0.0,0.0,0.0,0.0,0.0,0.0,0.0,0.0,0.0,0.0,0.0,0.0,0.0,0.0,0.0,0.0,0.0,0.0,0.0,0.0,0.0,0.0,0.0,0.0,0.0,0.0,0.0,0.0,0.0,0.0,0.0,0.0,0.0,0.0,0.0,0.0,0.0,0.0,0.0,0.0,0.0,0.0,0.0,0.0,0.0,0.0,0.0,0.0,0.0,0.0,0.0,0.0,0.0,0.0,0.0,0.0,0.0,0.0,0.0,0.0,0.0,0.0,0.0,0.0,0.0,0.0,0.0,0.0,0.0,0.0,0.0,0.0,0.0,0.0,0.0,0.0,0.0,0.0,0.0,0.0,0.0,0.0,0.0,0.0,0.0,0.0,0.0,0.0,0.0,0.0,0.0,0.0,0.0,0.0,0.0,0.0,0.0,0.0,0.0,0.0,0.0,0.0,0.0,0.0,0.0,0.0,0.0,0.0,0.0,0.0,0.0,0.0,0.0,0.0,0.0,0.0,0.0,0.0,0.0,0.0,0.0,0.0,0.0,0.0,0.0,0.0,0.0,0.0,0.0,0.0,0.0,0.0,0.0,0.0,0.0,0.0,0.0,0.0,0.0,0.0,0.0,0.0,0.0,0.0,0.0,0.0,0.0,0.0,0.0,0.0,0.0,0.0,0.0,0.0,0.0,0.0,0.0,0.0,0.0,0.0,0.0,0.0,0.0,0.0,0.0,0.0,0.0,0.0,0.0,0.0,0.0,0.0,0.0,0.0,0.0,0.0,0.0,0.0,0.0,0.0,0.0,0.0,0.0,0.0,0.0,0.0,0.0,0.0,0.0,0.0,0.0,0.0,0.0,0.0,0.0,0.0,0.0,0.0,0.0,0.0,0.0,0.0,0.0,0.0,0.0,0.0,0.0,0.0,0.0,0.0,0.0,0.0,0.0,0.0,0.0,0.0,0.0,0.0,0.0,0.0,0.0,0.0,0.0,0.0,0.0,0.0,0.0,0.0,0.0,0.0,0.0,0.0,0.0,0.0,0.0,0.0,0.0,0.0,0.0,0.0,0.0,0.0,0.0,0.0,0.0,0.0,0.0,0.0,0.0,0.0,0.0,0.0,0.0,0.0,0.0,0.0,0.0,0.0,0.0,0.0,0.0,0.0,0.0,0.0,0.0,0.0,0.0,0.0,0.0,0.0,0.0,0.0,0.0,0.0,0.0,0.0,0.0,0.0,0.0,0.0,0.0,0.0,0.0,0.0,0.0,0.0,0.0,0.0,0.0,0.0,0.0,0.0,0.0,0.0,0.0,0.0,0.0,0.0,0.0,0.0,0.0,0.0,0.0,0.0,0.0,0.0,0.0,0.0,0.0,0.0,0.0,0.0,0.0,0.0,0.0,0.0,0.0,0.0,0.0,0.0,0.0,0.0,0.0,0.0,0.0,0.0,0.0,0.0,0.0,0.0,0.0,0.0,0.0,0.0,0.0,0.0,0.0,0.0,0.0,0.0,0.0,0.0,0.0,0.0,0.0,0.0,0.0,0.0,0.0,0.0,0.0,0.0,0.0,0.0,0.0,0.0,0.0,0.0,0.0,0.0,0.0,0.0,0.0,0.0,0.0,0.0,0.0,0.0,0.0,0.0,0.0,0.0,0.0,0.0,0.0,0.0,0.0,0.0,0.0,0.0,0.0,0.0,0.0,0.0,0.0,0.0,0.0,0.0,0.0,0.0,0.0,0.0,0.0,0.0,0.0,0.0,0.0,0.0,0.0,0.0,0.0,0.0,0.0,0.0,0.0,0.0,0.0,0.0,0.0,0.0,0.0,0.0,0.0,0.0,0.0,0.0,0.0,0.0,0.0,0.0,0.0,0.0,0.0,0.0,0.0,0.0,0.0,0.0,0.0,0.0,0.0,0.0,0.0,0.0,0.0,0.0,0.0,0.0,0.0,0.0,0.0,0.0,0.0,0.0,0.0,0.0,0.0,0.0,0.0,0.0,0.0,0.0,0.0,0.0,0.0,0.0,0.0,0.0,0.0,0.0,0.0,0.0,0.0,0.0,0.0,0.0,0.0,0.0,0.0,0.0,0.0,0.0,0.0,0.0,0.0,0.0,0.0,0.0,0.0,0.0,0.0,0.0,0.0,0.0,0.0,0.0,0.0,0.0,0.0,0.0,0.0,0.0,0.0,0.0,0.0,0.0,0.0,0.0,0.0,0.0,0.0,0.0,0.0,0.0,0.0,0.0,0.0,0.0,0.0,0.0,0.0,0.0,0.0,0.0,0.0,0.0,0.0,0.0,0.0,0.0,0.0,0.0,0.0,0.0,0.0,0.0,0.0,0.0,0.0,0.0,0.0,0.0,0.0,0.0,0.0,0.0,0.0,0.0,0.0,0.0,0.0,0.0,0.0,0.0,0.0,0.0,0.0,0.0,0.0,0.0,0.0,0.0,0.0,0.0,0.0,0.0,0.0,0.0,0.0,0.0,0.0,0.0,0.0,0.0,0.0,0.0,0.0,0.0,0.0,0.0,0.0,0.0,0.0,0.0,0.0,0.0,0.0,0.0,0.0,0.0,0.0,0.0,0.0,0.0,0.0,0.0,0.0,0.0,0.0,0.0,0.0,0.0,0.0,0.0,0.0,0.0,0.0,0.0,0.0,0.0,0.0,0.0,0.0,0.0,0.0,0.0,0.0,0.0,0.0,0.0,0.0,0.0,0.0,0.0,0.0,0.0,0.0,0.0,0.0,0.0,0.0,0.0,0.0,0.0,0.0,0.0,0.0,0.0,0.0,0.0,0.0,0.0,0.0,0.0,0.0,0.0,0.0,0.0,0.0,0.0,0.0,0.0,0.0,0.0,0.0,0.0,0.0,0.022083069537150585,-1.2449114283724515e-6,-7.834285432588469e-10,1.4010918058020535e-5,1.435190903129468e-11,-2.7468681344233365e-9,5.913731087931925e-10,1.6132503631208548e-10,0.0007303288299888101,-6.51190731692064e-9,0.0011607184570523487,0.0003785774957071854,-0.00031965577448637647,5.789681601473709e-12,0.00018875290821436012,9.097054182604492e-6,0.0005855656961488303,1.1870042211399784e-5,-5.5522594835286016e-5,-7.605527679840132e-7,-2.170304147812746e-6,9.851635372038641e-13,-1.4441331599536752e-12,6.464429037373102e-13,-0.004065265300455324,2.906198965767805e-11,0.00040631199664732936,0.0034875197852469596,-0.0006702703994357779,-8.072807892490572e-6,4.7948106312396375e-5,-0.00022417206355734024,-2.023689327526571e-12,0.00033892186652627885,0.005810537488800892,5.16505185691883e-5,0.0002849382457926282,5.94640290202245e-5,-2.702742063322772e-5,1.7134536655952117e-12,0.0003404991956874075,4.344497371255251e-8,2.5385514632590756e-6,1.922590393891935e-6,1.910007268895809e-7,4.1860437788150515e-10,0.0003290816673019194,-3.1587435530557223e-12,0.00023402206146708063,-7.079350666888565e-5,-2.433278377486111e-10,6.829680125880528e-7,7.838784256715985e-8,-0.005947096599889783,1.7899153294209233e-6,-4.320394193834803e-7,-8.044267419139441e-12,-5.025252871832176e-7,0.00031775349664296904,-5.023697309031531e-9,-1.86214787222156e-5,-4.523035849974151e-10,-6.22541593981468e-5,0.0008170123590492106,-1.912666445644514e-6,6.918622081058403e-10,-2.7813609898159218e-9,-3.676516509223839e-7,-2.3722136385998856e-8,-5.313665545473912e-6,6.093578486157409e-9,6.313097603881917e-11,2.058593553423446e-5,-0.01078759634544068,1.1277750777306245e-10,-1.2293911642484523e-6,-3.6604460855911083e-7,0.0006663943349972676,-0.0012041640753058095,1.4745958489133555e-11,-1.3232110174481726e-12,0.0015328601529871826,0.0005553417974935126,-6.0085866862685185e-6,1.1434797802837425e-9,-6.197383867119532e-7,0.00601625299727402,2.7643369836605323e-6,1.9511181268282668e-8,-1.4214172543546762e-8,1.3006820026631658e-5,0.002237738462938568,-0.0017673578298665592,-0.0005178857129437823,0.003030319963416472,-0.0005528266516958445,1.8853241987807618e-10,2.566019404332095e-11,7.962230241885256e-6,0.00011685973283633879,-4.813889093663405e-13
0.0,0.0,0.0,0.0,0.0,0.0,0.0,0.0,0.0,0.0,0.0,0.0,0.0,0.0,0.0,0.0,0.0,0.0,0.0,0.0,0.0,0.0,0.0,0.0,0.0,0.0,0.0,0.0,0.0,0.0,0.0,0.0,0.0,0.0,0.0,0.0,0.0,0.0,0.0,0.0,0.0,0.0,0.0,0.0,0.0,0.0,0.0,0.0,0.0,0.0,0.0,0.0,0.0,0.0,0.0,0.0,0.0,0.0,0.0,0.0,0.0,0.0,0.0,0.0,0.0,0.0,0.0,0.0,0.0,0.0,0.0,0.0,0.0,0.0,0.0,0.0,0.0,0.0,0.0,0.0,0.0,0.0,0.0,0.0,0.0,0.0,0.0,0.0,0.0,0.0,0.0,0.0,0.0,0.0,0.0,0.0,0.0,0.0,0.0,0.0,0.0,0.0,0.0,0.0,0.0,0.0,0.0,0.0,0.0,0.0,0.0,0.0,0.0,0.0,0.0,0.0,0.0,0.0,0.0,0.0,0.0,0.0,0.0,0.0,0.0,0.0,0.0,0.0,0.0,0.0,0.0,0.0,0.0,0.0,0.0,0.0,0.0,0.0,0.0,0.0,0.0,0.0,0.0,0.0,0.0,0.0,0.0,0.0,0.0,0.0,0.0,0.0,0.0,0.0,0.0,0.0,0.0,0.0,0.0,0.0,0.0,0.0,0.0,0.0,0.0,0.0,0.0,0.0,0.0,0.0,0.0,0.0,0.0,0.0,0.0,0.0,0.0,0.0,0.0,0.0,0.0,0.0,0.0,0.0,0.0,0.0,0.0,0.0,0.0,0.0,0.0,0.0,0.0,0.0,0.0,0.0,0.0,0.0,0.0,0.0,0.0,0.0,0.0,0.0,0.0,0.0,0.0,0.0,0.0,0.0,0.0,0.0,0.0,0.0,0.0,0.0,0.0,0.0,0.0,0.0,0.0,0.0,0.0,0.0,0.0,0.0,0.0,0.0,0.0,0.0,0.0,0.0,0.0,0.0,0.0,0.0,0.0,0.0,0.0,0.0,0.0,0.0,0.0,0.0,0.0,0.0,0.0,0.0,0.0,0.0,0.0,0.0,0.0,0.0,0.0,0.0,0.0,0.0,0.0,0.0,0.0,0.0,0.0,0.0,0.0,0.0,0.0,0.0,0.0,0.0,0.0,0.0,0.0,0.0,0.0,0.0,0.0,0.0,0.0,0.0,0.0,0.0,0.0,0.0,0.0,0.0,0.0,0.0,0.0,0.0,0.0,0.0,0.0,0.0,0.0,0.0,0.0,0.0,0.0,0.0,0.0,0.0,0.0,0.0,0.0,0.0,0.0,0.0,0.0,0.0,0.0,0.0,0.0,0.0,0.0,0.0,0.0,0.0,0.0,0.0,0.0,0.0,0.0,0.0,0.0,0.0,0.0,0.0,0.0,0.0,0.0,0.0,0.0,0.0,0.0,0.0,0.0,0.0,0.0,0.0,0.0,0.0,0.0,0.0,0.0,0.0,0.0,0.0,0.0,0.0,0.0,0.0,0.0,0.0,0.0,0.0,0.0,0.0,0.0,0.0,0.0,0.0,0.0,0.0,0.0,0.0,0.0,0.0,0.0,0.0,0.0,0.0,0.0,0.0,0.0,0.0,0.0,0.0,0.0,0.0,0.0,0.0,0.0,0.0,0.0,0.0,0.0,0.0,0.0,0.0,0.0,0.0,0.0,0.0,0.0,0.0,0.0,0.0,0.0,0.0,0.0,0.0,0.0,0.0,0.0,0.0,0.0,0.0,0.0,0.0,0.0,0.0,0.0,0.0,0.0,0.0,0.0,0.0,0.0,0.0,0.0,0.0,0.0,0.0,0.0,0.0,0.0,0.0,0.0,0.0,0.0,0.0,0.0,0.0,0.0,0.0,0.0,0.0,0.0,0.0,0.0,0.0,0.0,0.0,0.0,0.0,0.0,0.0,0.0,0.0,0.0,0.0,0.0,0.0,0.0,0.0,0.0,0.0,0.0,0.0,0.0,0.0,0.0,0.0,0.0,0.0,0.0,0.0,0.0,0.0,0.0,0.0,0.0,0.0,0.0,0.0,0.0,0.0,0.0,0.0,0.0,0.0,0.0,0.0,0.0,0.0,0.0,0.0,0.0,0.0,0.0,0.0,0.0,0.0,0.0,0.0,0.0,0.0,0.0,0.0,0.0,0.0,0.0,0.0,0.0,0.0,0.0,0.0,0.0,0.0,0.0,0.0,0.0,0.0,0.0,0.0,0.0,0.0,0.0,0.0,0.0,0.0,0.0,0.0,0.0,0.0,0.0,0.0,0.0,0.0,0.0,0.0,0.0,0.0,0.0,0.0,0.0,0.0,0.0,0.0,0.0,0.0,0.0,0.0,0.0,0.0,0.0,0.0,0.0,0.0,0.0,0.0,0.0,0.0,0.0,0.0,0.0,0.0,0.0,0.0,0.0,0.0,0.0,0.0,0.0,0.0,0.0,0.0,0.0,0.0,0.0,0.0,0.0,0.0,0.0,0.0,0.0,0.0,0.0,0.0,0.0,0.0,0.0,0.0,0.0,0.0,0.0,0.0,0.0,0.0,0.0,0.0,0.0,0.0,0.0,0.0,0.0,0.0,0.0,0.0,0.0,0.0,0.0,0.0,0.0,0.0,0.0,0.0,0.0,0.0,0.0,0.0,0.0,0.0,0.0,0.0,0.0,0.0,0.0,0.0,0.0,0.0,0.0,0.0,0.0,0.0,0.0,0.0,0.0,0.0,0.0,0.0,0.0,0.0,0.0,0.0,0.0,0.0,0.0,0.0,0.0,0.0,0.0,0.0,0.0,0.0,0.0,0.0,0.0,0.0,0.0,0.0,0.0,0.0,0.0,0.0,0.0,0.0,0.0,0.0,0.0,0.0,0.0,0.0,0.0,0.0,0.0,0.0,0.0,0.0,0.0,0.0,0.0,0.0,0.0,0.0,0.0,0.0,0.0,0.0,0.0,0.0,0.0,0.0,0.0,0.0,0.0,0.0,0.0,0.0,0.0,0.0,0.0,0.0,0.0,0.0,0.0,0.0,0.0,0.010070783925995018,-4.145512994484463e-13,3.80334431764727e-8,2.5252384181905017e-14,7.529017549019544e-11,1.0741810135620849e-11,-8.546586576248098e-15,-9.591460026732108e-5,-1.6514603655555484e-11,1.2554536296599915e-6,2.2485316375766986e-6,7.924913378673408e-5,2.1218788003843365e-15,-6.577299035151081e-5,6.060594737383217e-9,1.535790747181748e-6,0.0005846288281074617,0.00034100001104091866,-1.6927884372076938e-9,-7.877363261774189e-10,-8.239792187111077e-15,-2.2685831360883304e-15,7.074805574377997e-16,-4.729990990685973e-6,5.850634748678061e-14,1.2496931899031392e-7,-3.7740235726170735e-5,8.638396140223071e-6,-0.0021325826642588468,8.570264709009136e-8,0.00020032343543520655,-1.5295488881725593e-15,6.969653544280957e-7,2.677170728585455e-6,3.86194029371817e-8,0.0003087086894951269,-0.0014435709143382487,-0.0002055838651588061,-1.9858567027614687e-14,1.5624340570927006e-6,5.3354797243499424e-11,1.3720331804397714e-8,-0.002485560535368322,1.8794304602395976e-10,3.5728460678037914e-12,6.984557596061077e-7,-1.6664881144525878e-14,5.331400018949358e-8,5.618923172807245e-5,-2.0770838681911e-12,2.324942200959907e-9,1.2554908722774158e-10,1.6646378937598615e-5,1.3233375537339174e-9,3.958107742642499e-5,6.862858305440099e-14,-7.31229216331506e-10,-1.8598959379614468e-8,-1.5721287140869574e-11,0.0006875420914207154,-8.79829277726229e-13,0.0004888951354085005,-0.00016505217905624,0.0022621991192886375,-3.5611033420872026e-13,-1.8353863151471796e-11,-2.0575563173294133e-9,1.3677986130095087e-9,0.004670657280606682,1.673300040970251e-11,3.194047599048855e-14,2.662770696827762e-8,7.547579834762454e-6,-1.6035505237826864e-13,-6.776744184223804e-10,9.66430676870334e-10,-5.764023952148005e-7,-7.056372779117392e-7,-2.1985567696533987e-14,1.7419166454542955e-14,7.569862981218252e-5,3.183375819663135e-7,-1.8556594367727305e-8,4.878054013552535e-13,2.680307817056526e-9,-3.544824398491456e-5,4.960947889529954e-9,2.113727827920387e-11,1.4388481003259218e-11,0.0011583111430713573,-3.1609007504854914e-5,-1.0960398186229862e-6,7.424625895765145e-7,2.0744901118274555e-6,1.4774807787487703e-6,2.313490322300973e-13,3.735617732267593e-14,-0.002543126867399276,2.049541608168396e-7,3.773227112526081e-15
0.0,0.0,0.0,0.0,0.0,0.0,0.0,0.0,0.0,0.0,0.0,0.0,0.0,0.0,0.0,0.0,0.0,0.0,0.0,0.0,0.0,0.0,0.0,0.0,0.0,0.0,0.0,0.0,0.0,0.0,0.0,0.0,0.0,0.0,0.0,0.0,0.0,0.0,0.0,0.0,0.0,0.0,0.0,0.0,0.0,0.0,0.0,0.0,0.0,0.0,0.0,0.0,0.0,0.0,0.0,0.0,0.0,0.0,0.0,0.0,0.0,0.0,0.0,0.0,0.0,0.0,0.0,0.0,0.0,0.0,0.0,0.0,0.0,0.0,0.0,0.0,0.0,0.0,0.0,0.0,0.0,0.0,0.0,0.0,0.0,0.0,0.0,0.0,0.0,0.0,0.0,0.0,0.0,0.0,0.0,0.0,0.0,0.0,0.0,0.0,0.0,0.0,0.0,0.0,0.0,0.0,0.0,0.0,0.0,0.0,0.0,0.0,0.0,0.0,0.0,0.0,0.0,0.0,0.0,0.0,0.0,0.0,0.0,0.0,0.0,0.0,0.0,0.0,0.0,0.0,0.0,0.0,0.0,0.0,0.0,0.0,0.0,0.0,0.0,0.0,0.0,0.0,0.0,0.0,0.0,0.0,0.0,0.0,0.0,0.0,0.0,0.0,0.0,0.0,0.0,0.0,0.0,0.0,0.0,0.0,0.0,0.0,0.0,0.0,0.0,0.0,0.0,0.0,0.0,0.0,0.0,0.0,0.0,0.0,0.0,0.0,0.0,0.0,0.0,0.0,0.0,0.0,0.0,0.0,0.0,0.0,0.0,0.0,0.0,0.0,0.0,0.0,0.0,0.0,0.0,0.0,0.0,0.0,0.0,0.0,0.0,0.0,0.0,0.0,0.0,0.0,0.0,0.0,0.0,0.0,0.0,0.0,0.0,0.0,0.0,0.0,0.0,0.0,0.0,0.0,0.0,0.0,0.0,0.0,0.0,0.0,0.0,0.0,0.0,0.0,0.0,0.0,0.0,0.0,0.0,0.0,0.0,0.0,0.0,0.0,0.0,0.0,0.0,0.0,0.0,0.0,0.0,0.0,0.0,0.0,0.0,0.0,0.0,0.0,0.0,0.0,0.0,0.0,0.0,0.0,0.0,0.0,0.0,0.0,0.0,0.0,0.0,0.0,0.0,0.0,0.0,0.0,0.0,0.0,0.0,0.0,0.0,0.0,0.0,0.0,0.0,0.0,0.0,0.0,0.0,0.0,0.0,0.0,0.0,0.0,0.0,0.0,0.0,0.0,0.0,0.0,0.0,0.0,0.0,0.0,0.0,0.0,0.0,0.0,0.0,0.0,0.0,0.0,0.0,0.0,0.0,0.0,0.0,0.0,0.0,0.0,0.0,0.0,0.0,0.0,0.0,0.0,0.0,0.0,0.0,0.0,0.0,0.0,0.0,0.0,0.0,0.0,0.0,0.0,0.0,0.0,0.0,0.0,0.0,0.0,0.0,0.0,0.0,0.0,0.0,0.0,0.0,0.0,0.0,0.0,0.0,0.0,0.0,0.0,0.0,0.0,0.0,0.0,0.0,0.0,0.0,0.0,0.0,0.0,0.0,0.0,0.0,0.0,0.0,0.0,0.0,0.0,0.0,0.0,0.0,0.0,0.0,0.0,0.0,0.0,0.0,0.0,0.0,0.0,0.0,0.0,0.0,0.0,0.0,0.0,0.0,0.0,0.0,0.0,0.0,0.0,0.0,0.0,0.0,0.0,0.0,0.0,0.0,0.0,0.0,0.0,0.0,0.0,0.0,0.0,0.0,0.0,0.0,0.0,0.0,0.0,0.0,0.0,0.0,0.0,0.0,0.0,0.0,0.0,0.0,0.0,0.0,0.0,0.0,0.0,0.0,0.0,0.0,0.0,0.0,0.0,0.0,0.0,0.0,0.0,0.0,0.0,0.0,0.0,0.0,0.0,0.0,0.0,0.0,0.0,0.0,0.0,0.0,0.0,0.0,0.0,0.0,0.0,0.0,0.0,0.0,0.0,0.0,0.0,0.0,0.0,0.0,0.0,0.0,0.0,0.0,0.0,0.0,0.0,0.0,0.0,0.0,0.0,0.0,0.0,0.0,0.0,0.0,0.0,0.0,0.0,0.0,0.0,0.0,0.0,0.0,0.0,0.0,0.0,0.0,0.0,0.0,0.0,0.0,0.0,0.0,0.0,0.0,0.0,0.0,0.0,0.0,0.0,0.0,0.0,0.0,0.0,0.0,0.0,0.0,0.0,0.0,0.0,0.0,0.0,0.0,0.0,0.0,0.0,0.0,0.0,0.0,0.0,0.0,0.0,0.0,0.0,0.0,0.0,0.0,0.0,0.0,0.0,0.0,0.0,0.0,0.0,0.0,0.0,0.0,0.0,0.0,0.0,0.0,0.0,0.0,0.0,0.0,0.0,0.0,0.0,0.0,0.0,0.0,0.0,0.0,0.0,0.0,0.0,0.0,0.0,0.0,0.0,0.0,0.0,0.0,0.0,0.0,0.0,0.0,0.0,0.0,0.0,0.0,0.0,0.0,0.0,0.0,0.0,0.0,0.0,0.0,0.0,0.0,0.0,0.0,0.0,0.0,0.0,0.0,0.0,0.0,0.0,0.0,0.0,0.0,0.0,0.0,0.0,0.0,0.0,0.0,0.0,0.0,0.0,0.0,0.0,0.0,0.0,0.0,0.0,0.0,0.0,0.0,0.0,0.0,0.0,0.0,0.0,0.0,0.0,0.0,0.0,0.0,0.0,0.0,0.0,0.0,0.0,0.0,0.0,0.0,0.0,0.0,0.0,0.0,0.0,0.0,0.0,0.0,0.0,0.0,0.0,0.0,0.0,0.0,0.0,0.0,0.0,0.0,0.0,0.0,0.0,0.0,0.0,0.0,0.0,0.0,0.0,0.0,0.0,0.0,0.0,0.0,0.0,0.0,0.0,0.0,0.0,0.0,0.0,0.0,0.0,0.0,0.0,0.0,0.0,0.0,0.0,0.0,0.0,0.0,0.0,0.0,0.0,0.0,0.0,0.0,0.0,0.0,0.0,0.0,0.0,0.0,0.0,0.024763822769313236,-2.6188477122744847e-7,-0.00012081510276296299,7.534718827686266e-5,-0.00048105879141508383,0.00048694363929900863,-1.1865048078497661e-11,0.0006170961559047509,-8.013822235120677e-10,6.7681088529315675e-9,2.7722161818330548e-11,-0.00016595026361515542,-7.106669907163767e-12,-1.2720888797470298e-6,-1.276011600394782e-9,4.2762578394392107e-13,-2.3814283878037318e-12,6.371245250348761e-6,2.3248148888599413e-6,-2.0672541183496154e-5,4.641850293248335e-5,5.0974679410702425e-5,1.4419194273347243e-9,-0.00023699510171557722,-1.516026511243649e-8,6.276500985851966e-11,-1.7559268995597564e-10,7.223329696553856e-15,-2.676914915545588e-7,6.3676784949225995e-12,2.392007713018899e-5,-8.546939400188373e-9,-4.4155561141790426e-10,1.5505231835077606e-7,1.573430311264766e-11,3.6523764868860336e-13,8.679629405114364e-12,2.1359935857812557e-5,-7.868008041296456e-10,-0.00017279684910067642,9.362441050462163e-10,2.0208542928866199e-13,3.068467598680425e-5,0.0011027166033510812,-9.606832402886907e-9,-0.00029531806443120796,-3.674339405552995e-8,-1.7659048456059675e-12,0.00010683752462580979,-3.5930646766607036e-6,-1.0219643490575847e-5,-2.51461031863138e-11,4.374828414555004e-7,-2.8270231314267738e-14,-0.0018439498397579929,5.9102974497136155e-6,4.569767725361889e-9,0.00026112030401514796,3.9297951102496034e-13,-0.0019519190107465528,-1.2209292506545328e-12,-1.2413095257198407e-10,2.617731518665195e-14,-0.011505843508282432,7.101577833428897e-5,-1.4949165486707135e-6,-2.485477223895569e-6,1.4512713149263066e-13,-0.0015920219858857974,0.00010771066319114776,-7.237250849751287e-8,-7.047996716792009e-11,-0.0016862288368101267,9.608041996619057e-7,7.941540699620212e-7,-4.369240683569158e-9,-1.5007522028577118e-9,0.0007443556341594352,-0.00010205500066425717,9.935602257786344e-11,-6.902541981147674e-9,-8.887931188283297e-7,-6.117205053155891e-5,-7.789032048427193e-7,1.9569257977394e-11,-1.3690736698127586e-8,-8.432489944748974e-5,-2.7069606847865732e-5,-3.028257214633795e-12,4.682954326347925e-11,3.0893491714804226e-9,8.026779357390654e-10,1.408929551938659e-9,-6.169144641743415e-10,-0.002125944050091076,-0.0013266697755765678,1.2555993336829832e-12,1.6101450459506335e-8,2.7533687427026746e-5
0.0,0.0,0.0,0.0,0.0,0.0,0.0,0.0,0.0,0.0,0.0,0.0,0.0,0.0,0.0,0.0,0.0,0.0,0.0,0.0,0.0,0.0,0.0,0.0,0.0,0.0,0.0,0.0,0.0,0.0,0.0,0.0,0.0,0.0,0.0,0.0,0.0,0.0,0.0,0.0,0.0,0.0,0.0,0.0,0.0,0.0,0.0,0.0,0.0,0.0,0.0,0.0,0.0,0.0,0.0,0.0,0.0,0.0,0.0,0.0,0.0,0.0,0.0,0.0,0.0,0.0,0.0,0.0,0.0,0.0,0.0,0.0,0.0,0.0,0.0,0.0,0.0,0.0,0.0,0.0,0.0,0.0,0.0,0.0,0.0,0.0,0.0,0.0,0.0,0.0,0.0,0.0,0.0,0.0,0.0,0.0,0.0,0.0,0.0,0.0,0.0,0.0,0.0,0.0,0.0,0.0,0.0,0.0,0.0,0.0,0.0,0.0,0.0,0.0,0.0,0.0,0.0,0.0,0.0,0.0,0.0,0.0,0.0,0.0,0.0,0.0,0.0,0.0,0.0,0.0,0.0,0.0,0.0,0.0,0.0,0.0,0.0,0.0,0.0,0.0,0.0,0.0,0.0,0.0,0.0,0.0,0.0,0.0,0.0,0.0,0.0,0.0,0.0,0.0,0.0,0.0,0.0,0.0,0.0,0.0,0.0,0.0,0.0,0.0,0.0,0.0,0.0,0.0,0.0,0.0,0.0,0.0,0.0,0.0,0.0,0.0,0.0,0.0,0.0,0.0,0.0,0.0,0.0,0.0,0.0,0.0,0.0,0.0,0.0,0.0,0.0,0.0,0.0,0.0,0.0,0.0,0.0,0.0,0.0,0.0,0.0,0.0,0.0,0.0,0.0,0.0,0.0,0.0,0.0,0.0,0.0,0.0,0.0,0.0,0.0,0.0,0.0,0.0,0.0,0.0,0.0,0.0,0.0,0.0,0.0,0.0,0.0,0.0,0.0,0.0,0.0,0.0,0.0,0.0,0.0,0.0,0.0,0.0,0.0,0.0,0.0,0.0,0.0,0.0,0.0,0.0,0.0,0.0,0.0,0.0,0.0,0.0,0.0,0.0,0.0,0.0,0.0,0.0,0.0,0.0,0.0,0.0,0.0,0.0,0.0,0.0,0.0,0.0,0.0,0.0,0.0,0.0,0.0,0.0,0.0,0.0,0.0,0.0,0.0,0.0,0.0,0.0,0.0,0.0,0.0,0.0,0.0,0.0,0.0,0.0,0.0,0.0,0.0,0.0,0.0,0.0,0.0,0.0,0.0,0.0,0.0,0.0,0.0,0.0,0.0,0.0,0.0,0.0,0.0,0.0,0.0,0.0,0.0,0.0,0.0,0.0,0.0,0.0,0.0,0.0,0.0,0.0,0.0,0.0,0.0,0.0,0.0,0.0,0.0,0.0,0.0,0.0,0.0,0.0,0.0,0.0,0.0,0.0,0.0,0.0,0.0,0.0,0.0,0.0,0.0,0.0,0.0,0.0,0.0,0.0,0.0,0.0,0.0,0.0,0.0,0.0,0.0,0.0,0.0,0.0,0.0,0.0,0.0,0.0,0.0,0.0,0.0,0.0,0.0,0.0,0.0,0.0,0.0,0.0,0.0,0.0,0.0,0.0,0.0,0.0,0.0,0.0,0.0,0.0,0.0,0.0,0.0,0.0,0.0,0.0,0.0,0.0,0.0,0.0,0.0,0.0,0.0,0.0,0.0,0.0,0.0,0.0,0.0,0.0,0.0,0.0,0.0,0.0,0.0,0.0,0.0,0.0,0.0,0.0,0.0,0.0,0.0,0.0,0.0,0.0,0.0,0.0,0.0,0.0,0.0,0.0,0.0,0.0,0.0,0.0,0.0,0.0,0.0,0.0,0.0,0.0,0.0,0.0,0.0,0.0,0.0,0.0,0.0,0.0,0.0,0.0,0.0,0.0,0.0,0.0,0.0,0.0,0.0,0.0,0.0,0.0,0.0,0.0,0.0,0.0,0.0,0.0,0.0,0.0,0.0,0.0,0.0,0.0,0.0,0.0,0.0,0.0,0.0,0.0,0.0,0.0,0.0,0.0,0.0,0.0,0.0,0.0,0.0,0.0,0.0,0.0,0.0,0.0,0.0,0.0,0.0,0.0,0.0,0.0,0.0,0.0,0.0,0.0,0.0,0.0,0.0,0.0,0.0,0.0,0.0,0.0,0.0,0.0,0.0,0.0,0.0,0.0,0.0,0.0,0.0,0.0,0.0,0.0,0.0,0.0,0.0,0.0,0.0,0.0,0.0,0.0,0.0,0.0,0.0,0.0,0.0,0.0,0.0,0.0,0.0,0.0,0.0,0.0,0.0,0.0,0.0,0.0,0.0,0.0,0.0,0.0,0.0,0.0,0.0,0.0,0.0,0.0,0.0,0.0,0.0,0.0,0.0,0.0,0.0,0.0,0.0,0.0,0.0,0.0,0.0,0.0,0.0,0.0,0.0,0.0,0.0,0.0,0.0,0.0,0.0,0.0,0.0,0.0,0.0,0.0,0.0,0.0,0.0,0.0,0.0,0.0,0.0,0.0,0.0,0.0,0.0,0.0,0.0,0.0,0.0,0.0,0.0,0.0,0.0,0.0,0.0,0.0,0.0,0.0,0.0,0.0,0.0,0.0,0.0,0.0,0.0,0.0,0.0,0.0,0.0,0.0,0.0,0.0,0.0,0.0,0.0,0.0,0.0,0.0,0.0,0.0,0.0,0.0,0.0,0.0,0.0,0.0,0.0,0.0,0.0,0.0,0.0,0.0,0.0,0.0,0.0,0.0,0.0,0.0,0.0,0.0,0.0,0.0,0.0,0.0,0.0,0.0,0.0,0.0,0.0,0.0,0.0,0.0,0.0,0.0,0.0,0.0,0.0,0.0,0.0,0.0,0.0,0.0,0.0,0.0,0.0,0.0,0.0,0.0,0.0,0.0,0.0,0.0,0.0,0.0,0.0,0.0,0.0,0.0,0.0,0.0,0.0,0.0,0.0,0.0,0.0,0.0,0.0,0.0,0.0,0.0,0.0,0.0,0.0,0.0,0.0,0.01960916530321704,6.354235781370386e-9,5.8765572407410015e-5,-1.6026749012670886e-6,-7.342927804226949e-8,-2.5057797558090394e-6,-9.318565222360555e-6,-4.798427618868418e-5,9.569533815281675e-5,-8.309369552913376e-6,4.58127600568781e-10,2.921398906690732e-7,0.004302794086199436,9.521312552825725e-5,1.6829930705161768e-7,7.10229566615405e-8,0.00019495447566836844,0.0002830441061649597,-1.8718166528725195e-9,1.1630009808953996e-10,6.63119066541444e-10,-5.3496744240571925e-5,3.0937706017348037e-8,0.00039123586253317106,-7.642195978919905e-6,1.9199207142408393e-5,-9.741501652990116e-8,0.0068054578426891684,8.145941630405465e-7,1.713477905871863e-10,0.00044106668268164103,-1.1008477037964164e-5,0.002353596891930729,-7.965973358888768e-7,-4.3774723568987047e-7,-4.578062113856191e-7,-7.438018301343343e-9,-1.1617203907792488e-5,2.184055950104046e-5,0.00044131665948839903,4.416486022714545e-9,0.00016235240589851835,1.0179378170680177e-6,0.0009925280091779628,1.3765177605375767e-8,-0.0007558075115376109,2.0595856556257916e-6,6.591956325937459e-7,-0.0009712535316123605,0.00040216283867885923,2.9277176497796227e-5,-0.002180022728784127,-2.2808007645385823e-8,1.5122804588010219e-7,-0.0004433668184014512,-0.00026438092704168516,-6.935107171339193e-7,2.617121300145051e-7,-4.472572865198581e-7,6.005811048307216e-7,8.994212788544552e-6,-1.4459717221549679e-8,4.883520439887893e-7,-1.1590661102248612e-5,-0.00047807254358754305,0.0001488431780880789,-9.229843309066951e-8,2.206083518147815e-6,2.3745626962430376e-8,0.0020341552260715857,1.0265226171808088e-5,-3.840993354516843e-8,0.0001395614528137995,-0.0008432568613403758,5.70924440725064e-5,0.00018616877527348642,-3.966917380330543e-8,1.0265606856875426e-8,-6.539534467538968e-6,0.0004044195174734125,0.0017575972633902058,1.3877342805470358e-6,-0.0023310723954725397,-9.510933757783131e-6,0.00021484522519975773,-8.827527376182541e-6,7.508373386279393e-6,-3.565820513142457e-8,-5.631847078173954e-6,-0.00016515039896184712,-1.830331558925768e-5,0.00021200846875954184,1.5080381105982596e-5,-3.5991616251846327e-8,9.420387842954585e-10,-4.852499227243226e-8,-0.004367748822810406,1.6211206100724783e-9
0.0,0.0,0.0,0.0,0.0,0.0,0.0,0.0,0.0,0.0,0.0,0.0,0.0,0.0,0.0,0.0,0.0,0.0,0.0,0.0,0.0,0.0,0.0,0.0,0.0,0.0,0.0,0.0,0.0,0.0,0.0,0.0,0.0,0.0,0.0,0.0,0.0,0.0,0.0,0.0,0.0,0.0,0.0,0.0,0.0,0.0,0.0,0.0,0.0,0.0,0.0,0.0,0.0,0.0,0.0,0.0,0.0,0.0,0.0,0.0,0.0,0.0,0.0,0.0,0.0,0.0,0.0,0.0,0.0,0.0,0.0,0.0,0.0,0.0,0.0,0.0,0.0,0.0,0.0,0.0,0.0,0.0,0.0,0.0,0.0,0.0,0.0,0.0,0.0,0.0,0.0,0.0,0.0,0.0,0.0,0.0,0.0,0.0,0.0,0.0,0.0,0.0,0.0,0.0,0.0,0.0,0.0,0.0,0.0,0.0,0.0,0.0,0.0,0.0,0.0,0.0,0.0,0.0,0.0,0.0,0.0,0.0,0.0,0.0,0.0,0.0,0.0,0.0,0.0,0.0,0.0,0.0,0.0,0.0,0.0,0.0,0.0,0.0,0.0,0.0,0.0,0.0,0.0,0.0,0.0,0.0,0.0,0.0,0.0,0.0,0.0,0.0,0.0,0.0,0.0,0.0,0.0,0.0,0.0,0.0,0.0,0.0,0.0,0.0,0.0,0.0,0.0,0.0,0.0,0.0,0.0,0.0,0.0,0.0,0.0,0.0,0.0,0.0,0.0,0.0,0.0,0.0,0.0,0.0,0.0,0.0,0.0,0.0,0.0,0.0,0.0,0.0,0.0,0.0,0.0,0.0,0.0,0.0,0.0,0.0,0.0,0.0,0.0,0.0,0.0,0.0,0.0,0.0,0.0,0.0,0.0,0.0,0.0,0.0,0.0,0.0,0.0,0.0,0.0,0.0,0.0,0.0,0.0,0.0,0.0,0.0,0.0,0.0,0.0,0.0,0.0,0.0,0.0,0.0,0.0,0.0,0.0,0.0,0.0,0.0,0.0,0.0,0.0,0.0,0.0,0.0,0.0,0.0,0.0,0.0,0.0,0.0,0.0,0.0,0.0,0.0,0.0,0.0,0.0,0.0,0.0,0.0,0.0,0.0,0.0,0.0,0.0,0.0,0.0,0.0,0.0,0.0,0.0,0.0,0.0,0.0,0.0,0.0,0.0,0.0,0.0,0.0,0.0,0.0,0.0,0.0,0.0,0.0,0.0,0.0,0.0,0.0,0.0,0.0,0.0,0.0,0.0,0.0,0.0,0.0,0.0,0.0,0.0,0.0,0.0,0.0,0.0,0.0,0.0,0.0,0.0,0.0,0.0,0.0,0.0,0.0,0.0,0.0,0.0,0.0,0.0,0.0,0.0,0.0,0.0,0.0,0.0,0.0,0.0,0.0,0.0,0.0,0.0,0.0,0.0,0.0,0.0,0.0,0.0,0.0,0.0,0.0,0.0,0.0,0.0,0.0,0.0,0.0,0.0,0.0,0.0,0.0,0.0,0.0,0.0,0.0,0.0,0.0,0.0,0.0,0.0,0.0,0.0,0.0,0.0,0.0,0.0,0.0,0.0,0.0,0.0,0.0,0.0,0.0,0.0,0.0,0.0,0.0,0.0,0.0,0.0,0.0,0.0,0.0,0.0,0.0,0.0,0.0,0.0,0.0,0.0,0.0,0.0,0.0,0.0,0.0,0.0,0.0,0.0,0.0,0.0,0.0,0.0,0.0,0.0,0.0,0.0,0.0,0.0,0.0,0.0,0.0,0.0,0.0,0.0,0.0,0.0,0.0,0.0,0.0,0.0,0.0,0.0,0.0,0.0,0.0,0.0,0.0,0.0,0.0,0.0,0.0,0.0,0.0,0.0,0.0,0.0,0.0,0.0,0.0,0.0,0.0,0.0,0.0,0.0,0.0,0.0,0.0,0.0,0.0,0.0,0.0,0.0,0.0,0.0,0.0,0.0,0.0,0.0,0.0,0.0,0.0,0.0,0.0,0.0,0.0,0.0,0.0,0.0,0.0,0.0,0.0,0.0,0.0,0.0,0.0,0.0,0.0,0.0,0.0,0.0,0.0,0.0,0.0,0.0,0.0,0.0,0.0,0.0,0.0,0.0,0.0,0.0,0.0,0.0,0.0,0.0,0.0,0.0,0.0,0.0,0.0,0.0,0.0,0.0,0.0,0.0,0.0,0.0,0.0,0.0,0.0,0.0,0.0,0.0,0.0,0.0,0.0,0.0,0.0,0.0,0.0,0.0,0.0,0.0,0.0,0.0,0.0,0.0,0.0,0.0,0.0,0.0,0.0,0.0,0.0,0.0,0.0,0.0,0.0,0.0,0.0,0.0,0.0,0.0,0.0,0.0,0.0,0.0,0.0,0.0,0.0,0.0,0.0,0.0,0.0,0.0,0.0,0.0,0.0,0.0,0.0,0.0,0.0,0.0,0.0,0.0,0.0,0.0,0.0,0.0,0.0,0.0,0.0,0.0,0.0,0.0,0.0,0.0,0.0,0.0,0.0,0.0,0.0,0.0,0.0,0.0,0.0,0.0,0.0,0.0,0.0,0.0,0.0,0.0,0.0,0.0,0.0,0.0,0.0,0.0,0.0,0.0,0.0,0.0,0.0,0.0,0.0,0.0,0.0,0.0,0.0,0.0,0.0,0.0,0.0,0.0,0.0,0.0,0.0,0.0,0.0,0.0,0.0,0.0,0.0,0.0,0.0,0.0,0.0,0.0,0.0,0.0,0.0,0.0,0.0,0.0,0.0,0.0,0.0,0.0,0.0,0.0,0.0,0.0,0.0,0.0,0.0,0.0,0.0,0.0,0.0,0.0,0.0,0.0,0.0,0.0,0.0,0.0,0.0,0.0,0.0,0.0,0.0,0.0,0.0,0.0,0.0,0.0,0.0,0.0,0.0,0.0,0.0,0.0,0.0,0.0,0.0,0.0,0.0,0.0,0.0,0.0,0.0,0.0,0.0,0.0,0.0,0.0,0.0,0.0,0.0,0.0,0.0,0.0,0.0,0.0,0.0,0.0,0.0,0.0,0.0,0.026415407539425135,4.81068462442084e-6,-9.058767066229244e-6,0.0009412606063551713,2.0648515422078206e-12,-1.4549691972238406e-5,4.998440680759312e-11,2.155177005725537e-10,-1.4593226090804026e-12,0.00039376546557628957,-1.1577780032886827e-13,8.921561183161941e-10,4.783164271533144e-11,-9.309788355452422e-15,1.1360125351210204e-13,-9.688655710212874e-8,2.771841251827807e-8,0.004025495011357608,-0.001394447760850874,0.0009630049645315519,-2.4298573181701792e-11,0.004229244468497068,2.1888512487319663e-10,-3.5883959124119093e-12,4.173627158583469e-11,4.2889620432559767e-14,4.445588697212681e-9,-7.778423728785495e-13,-0.0018604919774265496,-2.4848023668862823e-10,1.6010010859173937e-11,-1.0654375840335785e-8,-1.32720085238951e-13,1.7786013166698348e-13,-4.981296759560049e-13,0.0012056306421396848,-3.8639270020735654e-11,2.3199420318143795e-6,-6.7452522449978746e-9,4.731437010975357e-15,7.440052159389397e-7,-0.00015012028126665456,-2.429883113528469e-10,-0.0010745315464082375,3.041656933078372e-10,2.819744175465214e-14,-2.772435331004636e-5,1.0684120091581809e-7,3.227247829939962e-7,4.0250698920118396e-12,-4.231904919169189e-8,7.413959270576315e-15,0.00033237313918080974,-1.7046841605487073e-7,2.5794343993859984e-10,1.920825786371954e-5,-3.895370314583111e-14,-0.0006063127311320748,-1.272070544435005e-13,6.979157735606983e-13,-6.283444888029791e-16,0.00016406650314091347,-1.1563362537163145e-6,-1.1908666304700306e-7,3.264094333175655e-8,8.581535061446296e-15,-4.778833025940087e-6,0.0010408726357132054,2.7001417014907427e-9,5.908192725983423e-12,0.00040874182603956006,7.092989777992e-8,-4.313849078033906e-8,1.2286736198590457e-11,-1.471518739022652e-10,-0.001203320714066967,-0.0008495924444753172,5.566930117503001e-12,-1.3996522773399965e-10,2.0479358267095815e-8,1.6905156599532737e-5,3.569895754325676e-8,-2.3569753234178414e-12,-7.004399836881094e-8,-4.497922726302673e-6,1.9743377397747124e-5,8.626828151493999e-15,-1.7845681899279662e-12,8.359340450833178e-11,-6.310057798619506e-12,-4.6030147368915434e-11,6.998319934273105e-13,0.0006705589727188023,0.004185685082541176,2.755972678260662e-15,2.142049194547921e-9,0.0019130507565152152
0.0,0.0,0.0,0.0,0.0,0.0,0.0,0.0,0.0,0.0,0.0,0.0,0.0,0.0,0.0,0.0,0.0,0.0,0.0,0.0,0.0,0.0,0.0,0.0,0.0,0.0,0.0,0.0,0.0,0.0,0.0,0.0,0.0,0.0,0.0,0.0,0.0,0.0,0.0,0.0,0.0,0.0,0.0,0.0,0.0,0.0,0.0,0.0,0.0,0.0,0.0,0.0,0.0,0.0,0.0,0.0,0.0,0.0,0.0,0.0,0.0,0.0,0.0,0.0,0.0,0.0,0.0,0.0,0.0,0.0,0.0,0.0,0.0,0.0,0.0,0.0,0.0,0.0,0.0,0.0,0.0,0.0,0.0,0.0,0.0,0.0,0.0,0.0,0.0,0.0,0.0,0.0,0.0,0.0,0.0,0.0,0.0,0.0,0.0,0.0,0.0,0.0,0.0,0.0,0.0,0.0,0.0,0.0,0.0,0.0,0.0,0.0,0.0,0.0,0.0,0.0,0.0,0.0,0.0,0.0,0.0,0.0,0.0,0.0,0.0,0.0,0.0,0.0,0.0,0.0,0.0,0.0,0.0,0.0,0.0,0.0,0.0,0.0,0.0,0.0,0.0,0.0,0.0,0.0,0.0,0.0,0.0,0.0,0.0,0.0,0.0,0.0,0.0,0.0,0.0,0.0,0.0,0.0,0.0,0.0,0.0,0.0,0.0,0.0,0.0,0.0,0.0,0.0,0.0,0.0,0.0,0.0,0.0,0.0,0.0,0.0,0.0,0.0,0.0,0.0,0.0,0.0,0.0,0.0,0.0,0.0,0.0,0.0,0.0,0.0,0.0,0.0,0.0,0.0,0.0,0.0,0.0,0.0,0.0,0.0,0.0,0.0,0.0,0.0,0.0,0.0,0.0,0.0,0.0,0.0,0.0,0.0,0.0,0.0,0.0,0.0,0.0,0.0,0.0,0.0,0.0,0.0,0.0,0.0,0.0,0.0,0.0,0.0,0.0,0.0,0.0,0.0,0.0,0.0,0.0,0.0,0.0,0.0,0.0,0.0,0.0,0.0,0.0,0.0,0.0,0.0,0.0,0.0,0.0,0.0,0.0,0.0,0.0,0.0,0.0,0.0,0.0,0.0,0.0,0.0,0.0,0.0,0.0,0.0,0.0,0.0,0.0,0.0,0.0,0.0,0.0,0.0,0.0,0.0,0.0,0.0,0.0,0.0,0.0,0.0,0.0,0.0,0.0,0.0,0.0,0.0,0.0,0.0,0.0,0.0,0.0,0.0,0.0,0.0,0.0,0.0,0.0,0.0,0.0,0.0,0.0,0.0,0.0,0.0,0.0,0.0,0.0,0.0,0.0,0.0,0.0,0.0,0.0,0.0,0.0,0.0,0.0,0.0,0.0,0.0,0.0,0.0,0.0,0.0,0.0,0.0,0.0,0.0,0.0,0.0,0.0,0.0,0.0,0.0,0.0,0.0,0.0,0.0,0.0,0.0,0.0,0.0,0.0,0.0,0.0,0.0,0.0,0.0,0.0,0.0,0.0,0.0,0.0,0.0,0.0,0.0,0.0,0.0,0.0,0.0,0.0,0.0,0.0,0.0,0.0,0.0,0.0,0.0,0.0,0.0,0.0,0.0,0.0,0.0,0.0,0.0,0.0,0.0,0.0,0.0,0.0,0.0,0.0,0.0,0.0,0.0,0.0,0.0,0.0,0.0,0.0,0.0,0.0,0.0,0.0,0.0,0.0,0.0,0.0,0.0,0.0,0.0,0.0,0.0,0.0,0.0,0.0,0.0,0.0,0.0,0.0,0.0,0.0,0.0,0.0,0.0,0.0,0.0,0.0,0.0,0.0,0.0,0.0,0.0,0.0,0.0,0.0,0.0,0.0,0.0,0.0,0.0,0.0,0.0,0.0,0.0,0.0,0.0,0.0,0.0,0.0,0.0,0.0,0.0,0.0,0.0,0.0,0.0,0.0,0.0,0.0,0.0,0.0,0.0,0.0,0.0,0.0,0.0,0.0,0.0,0.0,0.0,0.0,0.0,0.0,0.0,0.0,0.0,0.0,0.0,0.0,0.0,0.0,0.0,0.0,0.0,0.0,0.0,0.0,0.0,0.0,0.0,0.0,0.0,0.0,0.0,0.0,0.0,0.0,0.0,0.0,0.0,0.0,0.0,0.0,0.0,0.0,0.0,0.0,0.0,0.0,0.0,0.0,0.0,0.0,0.0,0.0,0.0,0.0,0.0,0.0,0.0,0.0,0.0,0.0,0.0,0.0,0.0,0.0,0.0,0.0,0.0,0.0,0.0,0.0,0.0,0.0,0.0,0.0,0.0,0.0,0.0,0.0,0.0,0.0,0.0,0.0,0.0,0.0,0.0,0.0,0.0,0.0,0.0,0.0,0.0,0.0,0.0,0.0,0.0,0.0,0.0,0.0,0.0,0.0,0.0,0.0,0.0,0.0,0.0,0.0,0.0,0.0,0.0,0.0,0.0,0.0,0.0,0.0,0.0,0.0,0.0,0.0,0.0,0.0,0.0,0.0,0.0,0.0,0.0,0.0,0.0,0.0,0.0,0.0,0.0,0.0,0.0,0.0,0.0,0.0,0.0,0.0,0.0,0.0,0.0,0.0,0.0,0.0,0.0,0.0,0.0,0.0,0.0,0.0,0.0,0.0,0.0,0.0,0.0,0.0,0.0,0.0,0.0,0.0,0.0,0.0,0.0,0.0,0.0,0.0,0.0,0.0,0.0,0.0,0.0,0.0,0.0,0.0,0.0,0.0,0.0,0.0,0.0,0.0,0.0,0.0,0.0,0.0,0.0,0.0,0.0,0.0,0.0,0.0,0.0,0.0,0.0,0.0,0.0,0.0,0.0,0.0,0.0,0.0,0.0,0.0,0.0,0.0,0.0,0.0,0.0,0.0,0.0,0.0,0.0,0.0,0.0,0.0,0.0,0.0,0.0,0.0,0.0,0.0,0.0,0.0,0.0,0.0,0.0,0.0,0.0,0.0,0.0,0.0,0.0,0.0,0.0,0.0,0.0,0.0,0.0,0.0,0.0,0.0,0.0,0.0,0.0,0.0,0.0,0.0,0.0,0.0,0.02451465799652325,-0.0008352958614744587,1.8502283652520634e-5,4.453096891814826e-9,0.0012702750195427417,2.313522733592476e-7,3.1468005730931107e-8,6.008019336080165e-9,7.679957365408378e-7,-2.733480676803529e-10,2.2250059995143523e-5,-1.0182816152237604e-7,-2.1984666425621548e-10,-2.718978144118844e-10,0.001594891042682553,-1.1472741681387421e-5,3.6492406032574206e-7,3.381734848555133e-7,9.744684343155454e-8,2.1908508800274122e-7,-5.246124068745556e-6,-2.0515565796113813e-6,2.3953846612232064e-8,-5.9450823378052973e-8,2.0128357830564077e-10,-1.700246366785286e-5,-6.235473029499569e-10,3.333251893107765e-7,-1.5015658646091581e-6,1.7638351324915292e-8,-9.150117120843213e-6,1.828269028153882e-9,3.0794697205551704e-10,2.448644915835222e-9,-3.4027152344657746e-7,-7.2655436842946e-8,-0.0014072317068335378,2.509888980915249e-6,4.461537382014307e-11,0.004250180757320727,-0.00013978914196093267,-1.805327001675879e-6,-3.4471738194507594e-6,-1.777134844808191e-7,-3.0564590406162093e-9,-0.0008777169091195511,-0.0002907794094398045,0.00011157138796392632,-1.985439891833611e-8,-6.945836137678845e-5,1.724871642248657e-11,1.581427137559919e-5,0.00047856987649945714,-1.3604430658713446e-7,0.0002162193198721642,-7.256785974832864e-10,-6.37076182579276e-5,-4.85904242580464e-10,-1.9059230495437997e-8,-1.6281631530333773e-12,-0.00012430765880683202,0.0010104341432588797,-0.00026279376019955455,0.00027541806409554835,7.117820891695564e-11,1.7021775191885657e-5,-3.633519031365119e-5,-3.4245756956308717e-6,-1.8464296791941637e-8,-6.199107619412264e-6,8.744398392095953e-5,-6.798705298641906e-5,-6.94446487859443e-8,-2.2381873635817672e-7,2.9938183773409376e-6,-1.138892026659321e-6,2.500266252267687e-9,-1.9737853877410256e-6,-7.711246387660468e-5,0.0006468250688110524,-2.7592516491395218e-5,2.1126887107315225e-8,0.0002120283652519869,0.0008914010859967877,0.003705927545783539,-2.554000768523459e-10,4.2656778013422244e-9,8.468989353827767e-7,-4.948985916350623e-8,-6.577439044010173e-7,-8.02145825273887e-8,-2.9013051373330653e-5,6.981947436669609e-6,-2.9246816382787476e-11,8.572456047201756e-6,-1.8677782218766287e-7
0.0,0.0,0.0,0.0,0.0,0.0,0.0,0.0,0.0,0.0,0.0,0.0,0.0,0.0,0.0,0.0,0.0,0.0,0.0,0.0,0.0,0.0,0.0,0.0,0.0,0.0,0.0,0.0,0.0,0.0,0.0,0.0,0.0,0.0,0.0,0.0,0.0,0.0,0.0,0.0,0.0,0.0,0.0,0.0,0.0,0.0,0.0,0.0,0.0,0.0,0.0,0.0,0.0,0.0,0.0,0.0,0.0,0.0,0.0,0.0,0.0,0.0,0.0,0.0,0.0,0.0,0.0,0.0,0.0,0.0,0.0,0.0,0.0,0.0,0.0,0.0,0.0,0.0,0.0,0.0,0.0,0.0,0.0,0.0,0.0,0.0,0.0,0.0,0.0,0.0,0.0,0.0,0.0,0.0,0.0,0.0,0.0,0.0,0.0,0.0,0.0,0.0,0.0,0.0,0.0,0.0,0.0,0.0,0.0,0.0,0.0,0.0,0.0,0.0,0.0,0.0,0.0,0.0,0.0,0.0,0.0,0.0,0.0,0.0,0.0,0.0,0.0,0.0,0.0,0.0,0.0,0.0,0.0,0.0,0.0,0.0,0.0,0.0,0.0,0.0,0.0,0.0,0.0,0.0,0.0,0.0,0.0,0.0,0.0,0.0,0.0,0.0,0.0,0.0,0.0,0.0,0.0,0.0,0.0,0.0,0.0,0.0,0.0,0.0,0.0,0.0,0.0,0.0,0.0,0.0,0.0,0.0,0.0,0.0,0.0,0.0,0.0,0.0,0.0,0.0,0.0,0.0,0.0,0.0,0.0,0.0,0.0,0.0,0.0,0.0,0.0,0.0,0.0,0.0,0.0,0.0,0.0,0.0,0.0,0.0,0.0,0.0,0.0,0.0,0.0,0.0,0.0,0.0,0.0,0.0,0.0,0.0,0.0,0.0,0.0,0.0,0.0,0.0,0.0,0.0,0.0,0.0,0.0,0.0,0.0,0.0,0.0,0.0,0.0,0.0,0.0,0.0,0.0,0.0,0.0,0.0,0.0,0.0,0.0,0.0,0.0,0.0,0.0,0.0,0.0,0.0,0.0,0.0,0.0,0.0,0.0,0.0,0.0,0.0,0.0,0.0,0.0,0.0,0.0,0.0,0.0,0.0,0.0,0.0,0.0,0.0,0.0,0.0,0.0,0.0,0.0,0.0,0.0,0.0,0.0,0.0,0.0,0.0,0.0,0.0,0.0,0.0,0.0,0.0,0.0,0.0,0.0,0.0,0.0,0.0,0.0,0.0,0.0,0.0,0.0,0.0,0.0,0.0,0.0,0.0,0.0,0.0,0.0,0.0,0.0,0.0,0.0,0.0,0.0,0.0,0.0,0.0,0.0,0.0,0.0,0.0,0.0,0.0,0.0,0.0,0.0,0.0,0.0,0.0,0.0,0.0,0.0,0.0,0.0,0.0,0.0,0.0,0.0,0.0,0.0,0.0,0.0,0.0,0.0,0.0,0.0,0.0,0.0,0.0,0.0,0.0,0.0,0.0,0.0,0.0,0.0,0.0,0.0,0.0,0.0,0.0,0.0,0.0,0.0,0.0,0.0,0.0,0.0,0.0,0.0,0.0,0.0,0.0,0.0,0.0,0.0,0.0,0.0,0.0,0.0,0.0,0.0,0.0,0.0,0.0,0.0,0.0,0.0,0.0,0.0,0.0,0.0,0.0,0.0,0.0,0.0,0.0,0.0,0.0,0.0,0.0,0.0,0.0,0.0,0.0,0.0,0.0,0.0,0.0,0.0,0.0,0.0,0.0,0.0,0.0,0.0,0.0,0.0,0.0,0.0,0.0,0.0,0.0,0.0,0.0,0.0,0.0,0.0,0.0,0.0,0.0,0.0,0.0,0.0,0.0,0.0,0.0,0.0,0.0,0.0,0.0,0.0,0.0,0.0,0.0,0.0,0.0,0.0,0.0,0.0,0.0,0.0,0.0,0.0,0.0,0.0,0.0,0.0,0.0,0.0,0.0,0.0,0.0,0.0,0.0,0.0,0.0,0.0,0.0,0.0,0.0,0.0,0.0,0.0,0.0,0.0,0.0,0.0,0.0,0.0,0.0,0.0,0.0,0.0,0.0,0.0,0.0,0.0,0.0,0.0,0.0,0.0,0.0,0.0,0.0,0.0,0.0,0.0,0.0,0.0,0.0,0.0,0.0,0.0,0.0,0.0,0.0,0.0,0.0,0.0,0.0,0.0,0.0,0.0,0.0,0.0,0.0,0.0,0.0,0.0,0.0,0.0,0.0,0.0,0.0,0.0,0.0,0.0,0.0,0.0,0.0,0.0,0.0,0.0,0.0,0.0,0.0,0.0,0.0,0.0,0.0,0.0,0.0,0.0,0.0,0.0,0.0,0.0,0.0,0.0,0.0,0.0,0.0,0.0,0.0,0.0,0.0,0.0,0.0,0.0,0.0,0.0,0.0,0.0,0.0,0.0,0.0,0.0,0.0,0.0,0.0,0.0,0.0,0.0,0.0,0.0,0.0,0.0,0.0,0.0,0.0,0.0,0.0,0.0,0.0,0.0,0.0,0.0,0.0,0.0,0.0,0.0,0.0,0.0,0.0,0.0,0.0,0.0,0.0,0.0,0.0,0.0,0.0,0.0,0.0,0.0,0.0,0.0,0.0,0.0,0.0,0.0,0.0,0.0,0.0,0.0,0.0,0.0,0.0,0.0,0.0,0.0,0.0,0.0,0.0,0.0,0.0,0.0,0.0,0.0,0.0,0.0,0.0,0.0,0.0,0.0,0.0,0.0,0.0,0.0,0.0,0.0,0.0,0.0,0.0,0.0,0.0,0.0,0.0,0.0,0.0,0.0,0.0,0.0,0.0,0.0,0.0,0.0,0.0,0.0,0.0,0.0,0.0,0.0,0.0,0.0,0.0,0.0,0.0,0.0,0.0,0.0,0.0,0.0,0.0,0.0,0.0,0.0,0.0,0.0,0.0,0.0,0.0,0.0,0.0,0.0,0.0,0.0,0.0,0.0,0.0,0.0,0.0,0.0,0.0,0.0,0.0,0.0,0.0,0.0,0.0,0.0,0.0,0.0,0.0,0.0,0.0,0.0,0.0,0.026784702857461127,0.00017591778615573515,1.5757625736979767e-9,0.0007439124221257116,3.111860456714496e-8,7.494352016227622e-8,-2.0381919574316323e-9,-3.665371227295965e-6,3.868762363338238e-11,-1.4472119578284689e-5,3.447295155621969e-8,-1.856779511020586e-12,6.225226262523428e-11,2.365066001072338e-5,-1.2101748153817727e-5,-1.6984473257871646e-6,-4.835216300357308e-7,-1.3048022565007285e-6,1.1689407164259763e-8,-3.317211128020603e-5,-1.7820329669247404e-8,5.911970310325126e-10,1.6821468624249596e-8,1.962749580562003e-12,2.6131085084158775e-6,4.2691830475010515e-11,-6.373802575901807e-7,-1.4453374498879316e-7,1.9388957974524418e-8,-6.347191748375077e-6,-5.3849610213104126e-11,-5.3251330960729254e-12,-1.2743268686235265e-10,1.7234291591345329e-6,2.079650724488964e-8,0.0007135523860091562,1.3020341975647703e-6,4.758562948940919e-13,-7.324319427493189e-5,-0.0021772269095749696,5.1986006738754954e-8,5.0680632249979406e-6,3.3569641918984105e-7,-2.2101916214460148e-10,-0.004528044820330976,7.409814076444541e-5,0.00011195407473968102,3.31925328080477e-9,4.4391837215686056e-5,7.010827235954465e-13,-9.057519450996965e-5,0.00010927971734651109,-6.087413424387398e-8,0.0040413013659327595,-7.753531951751072e-11,0.0008629326043702602,7.317786933320896e-11,8.989140321891884e-10,-1.8861210092651796e-12,-3.0005924537002733e-5,-0.001566032068512849,-2.767619353813458e-6,2.417388619754868e-5,5.062689176510041e-12,0.00391403797207872,6.074280790943601e-5,-7.985033723146136e-7,3.2213649749454425e-9,0.00016692795091326193,-2.926069066471957e-5,9.13409007233679e-6,4.4375190001636805e-8,1.4888227136520521e-9,7.098443196825676e-5,-3.831375294632923e-6,2.2965099014263276e-10,-1.040645558486325e-7,-1.3912559041766157e-6,-0.0013375335087361549,5.3092775315313625e-6,2.3000815418208495e-9,-1.0836931208424549e-6,-0.001575864575428365,0.0006389604587926544,5.994558912213309e-12,-8.339495323267904e-10,5.946778853127677e-8,-2.5135382105205627e-8,-4.839376759034649e-8,1.509964723268271e-8,0.00010341942698126509,-6.170084354109346e-7,-1.773059146534866e-11,-1.468757837119034e-7,7.370952032696032e-8
0.0,0.0,0.0,0.0,0.0,0.0,0.0,0.0,0.0,0.0,0.0,0.0,0.0,0.0,0.0,0.0,0.0,0.0,0.0,0.0,0.0,0.0,0.0,0.0,0.0,0.0,0.0,0.0,0.0,0.0,0.0,0.0,0.0,0.0,0.0,0.0,0.0,0.0,0.0,0.0,0.0,0.0,0.0,0.0,0.0,0.0,0.0,0.0,0.0,0.0,0.0,0.0,0.0,0.0,0.0,0.0,0.0,0.0,0.0,0.0,0.0,0.0,0.0,0.0,0.0,0.0,0.0,0.0,0.0,0.0,0.0,0.0,0.0,0.0,0.0,0.0,0.0,0.0,0.0,0.0,0.0,0.0,0.0,0.0,0.0,0.0,0.0,0.0,0.0,0.0,0.0,0.0,0.0,0.0,0.0,0.0,0.0,0.0,0.0,0.0,0.0,0.0,0.0,0.0,0.0,0.0,0.0,0.0,0.0,0.0,0.0,0.0,0.0,0.0,0.0,0.0,0.0,0.0,0.0,0.0,0.0,0.0,0.0,0.0,0.0,0.0,0.0,0.0,0.0,0.0,0.0,0.0,0.0,0.0,0.0,0.0,0.0,0.0,0.0,0.0,0.0,0.0,0.0,0.0,0.0,0.0,0.0,0.0,0.0,0.0,0.0,0.0,0.0,0.0,0.0,0.0,0.0,0.0,0.0,0.0,0.0,0.0,0.0,0.0,0.0,0.0,0.0,0.0,0.0,0.0,0.0,0.0,0.0,0.0,0.0,0.0,0.0,0.0,0.0,0.0,0.0,0.0,0.0,0.0,0.0,0.0,0.0,0.0,0.0,0.0,0.0,0.0,0.0,0.0,0.0,0.0,0.0,0.0,0.0,0.0,0.0,0.0,0.0,0.0,0.0,0.0,0.0,0.0,0.0,0.0,0.0,0.0,0.0,0.0,0.0,0.0,0.0,0.0,0.0,0.0,0.0,0.0,0.0,0.0,0.0,0.0,0.0,0.0,0.0,0.0,0.0,0.0,0.0,0.0,0.0,0.0,0.0,0.0,0.0,0.0,0.0,0.0,0.0,0.0,0.0,0.0,0.0,0.0,0.0,0.0,0.0,0.0,0.0,0.0,0.0,0.0,0.0,0.0,0.0,0.0,0.0,0.0,0.0,0.0,0.0,0.0,0.0,0.0,0.0,0.0,0.0,0.0,0.0,0.0,0.0,0.0,0.0,0.0,0.0,0.0,0.0,0.0,0.0,0.0,0.0,0.0,0.0,0.0,0.0,0.0,0.0,0.0,0.0,0.0,0.0,0.0,0.0,0.0,0.0,0.0,0.0,0.0,0.0,0.0,0.0,0.0,0.0,0.0,0.0,0.0,0.0,0.0,0.0,0.0,0.0,0.0,0.0,0.0,0.0,0.0,0.0,0.0,0.0,0.0,0.0,0.0,0.0,0.0,0.0,0.0,0.0,0.0,0.0,0.0,0.0,0.0,0.0,0.0,0.0,0.0,0.0,0.0,0.0,0.0,0.0,0.0,0.0,0.0,0.0,0.0,0.0,0.0,0.0,0.0,0.0,0.0,0.0,0.0,0.0,0.0,0.0,0.0,0.0,0.0,0.0,0.0,0.0,0.0,0.0,0.0,0.0,0.0,0.0,0.0,0.0,0.0,0.0,0.0,0.0,0.0,0.0,0.0,0.0,0.0,0.0,0.0,0.0,0.0,0.0,0.0,0.0,0.0,0.0,0.0,0.0,0.0,0.0,0.0,0.0,0.0,0.0,0.0,0.0,0.0,0.0,0.0,0.0,0.0,0.0,0.0,0.0,0.0,0.0,0.0,0.0,0.0,0.0,0.0,0.0,0.0,0.0,0.0,0.0,0.0,0.0,0.0,0.0,0.0,0.0,0.0,0.0,0.0,0.0,0.0,0.0,0.0,0.0,0.0,0.0,0.0,0.0,0.0,0.0,0.0,0.0,0.0,0.0,0.0,0.0,0.0,0.0,0.0,0.0,0.0,0.0,0.0,0.0,0.0,0.0,0.0,0.0,0.0,0.0,0.0,0.0,0.0,0.0,0.0,0.0,0.0,0.0,0.0,0.0,0.0,0.0,0.0,0.0,0.0,0.0,0.0,0.0,0.0,0.0,0.0,0.0,0.0,0.0,0.0,0.0,0.0,0.0,0.0,0.0,0.0,0.0,0.0,0.0,0.0,0.0,0.0,0.0,0.0,0.0,0.0,0.0,0.0,0.0,0.0,0.0,0.0,0.0,0.0,0.0,0.0,0.0,0.0,0.0,0.0,0.0,0.0,0.0,0.0,0.0,0.0,0.0,0.0,0.0,0.0,0.0,0.0,0.0,0.0,0.0,0.0,0.0,0.0,0.0,0.0,0.0,0.0,0.0,0.0,0.0,0.0,0.0,0.0,0.0,0.0,0.0,0.0,0.0,0.0,0.0,0.0,0.0,0.0,0.0,0.0,0.0,0.0,0.0,0.0,0.0,0.0,0.0,0.0,0.0,0.0,0.0,0.0,0.0,0.0,0.0,0.0,0.0,0.0,0.0,0.0,0.0,0.0,0.0,0.0,0.0,0.0,0.0,0.0,0.0,0.0,0.0,0.0,0.0,0.0,0.0,0.0,0.0,0.0,0.0,0.0,0.0,0.0,0.0,0.0,0.0,0.0,0.0,0.0,0.0,0.0,0.0,0.0,0.0,0.0,0.0,0.0,0.0,0.0,0.0,0.0,0.0,0.0,0.0,0.0,0.0,0.0,0.0,0.0,0.0,0.0,0.0,0.0,0.0,0.0,0.0,0.0,0.0,0.0,0.0,0.0,0.0,0.0,0.0,0.0,0.0,0.0,0.0,0.0,0.0,0.0,0.0,0.0,0.0,0.0,0.0,0.0,0.0,0.0,0.0,0.0,0.0,0.0,0.0,0.0,0.0,0.0,0.0,0.0,0.0,0.0,0.0,0.0,0.0,0.0,0.0,0.0,0.0,0.0,0.0,0.0,0.0,0.0,0.0,0.0,0.0,0.0,0.0,0.0,0.0,0.0,0.0,0.0,0.0,0.0,0.0,0.0,0.0,0.0,0.0,0.0,0.0,0.0,0.0,0.0,0.0,0.0,0.0,0.02257043209978955,-3.0344631343367273e-11,-0.0003575105348590199,-3.950842386668607e-10,-3.3094002597657405e-9,5.285817621885696e-11,0.00035759178553881025,-1.6253709085636878e-13,2.668903485876641e-7,9.093969761239064e-11,6.015425909844811e-13,1.6986027289410103e-13,2.521583093605672e-6,-1.453429327050333e-6,7.391224634184796e-5,-3.0002281567896496e-5,-9.30068536521051e-5,-4.2033271150874343e-10,-0.002604595501637812,2.321808324100208e-9,-2.6661975551160595e-11,-3.9756079446408503e-10,-4.896479613298619e-13,5.287523355861759e-8,1.6215318389121498e-11,-2.3110374199339944e-7,6.9244769410438065e-9,-1.3528433451717904e-10,2.389041716436084e-7,-1.0454924015905824e-13,-3.3200785463397534e-12,7.42179173258725e-13,0.00010241038801073014,-9.068951590432107e-11,3.5501300697441906e-5,8.314533538406973e-8,-2.657680058434934e-13,4.284669516893707e-6,-0.0008998762224325123,1.228847004120275e-8,2.8528604959195984e-5,-9.911849364923709e-9,1.6837442148427015e-11,-0.0007733013567674026,-1.567492195760437e-8,-4.027087248194357e-6,-3.1580246746365957e-12,5.704621584284852e-7,-4.4015743549795486e-14,-0.005329291704982804,-9.410831680861332e-7,-1.110245335120872e-9,0.00012344290989467995,2.5372314213424667e-12,-8.927113170545219e-5,1.891569106858162e-12,1.4830569067577878e-11,1.5268960706238282e-14,0.002538482969139984,-4.346533564086323e-5,7.294441960843289e-7,-4.088271450399e-8,-1.7588897598016814e-13,5.329591377898562e-5,0.0008395459940901505,-4.585151180196454e-9,1.2163750255188683e-12,-0.001410342989545868,-6.517955809211734e-7,9.867772717127994e-9,-2.8195790179877267e-10,1.7640801977576894e-9,0.0032634608970427592,-0.00023916881856231992,-5.0392190370208817e-11,4.901312719432268e-9,-4.174712636872645e-7,0.0009738229308484675,-1.8592797100184865e-7,-2.072306250925309e-11,6.299955045863651e-7,-0.00012294044702215254,-0.00011336586297260528,-8.368518971501298e-14,-1.2157360045004134e-11,-2.6177500902696172e-9,2.833329861160688e-10,1.3396346611198222e-9,5.220945283465729e-10,-0.0006258065947425843,-0.0005473875380909743,-9.269497613450599e-14,-6.33788098218307e-9,-8.887480837349614e-5
0.0,0.0,0.0,0.0,0.0,0.0,0.0,0.0,0.0,0.0,0.0,0.0,0.0,0.0,0.0,0.0,0.0,0.0,0.0,0.0,0.0,0.0,0.0,0.0,0.0,0.0,0.0,0.0,0.0,0.0,0.0,0.0,0.0,0.0,0.0,0.0,0.0,0.0,0.0,0.0,0.0,0.0,0.0,0.0,0.0,0.0,0.0,0.0,0.0,0.0,0.0,0.0,0.0,0.0,0.0,0.0,0.0,0.0,0.0,0.0,0.0,0.0,0.0,0.0,0.0,0.0,0.0,0.0,0.0,0.0,0.0,0.0,0.0,0.0,0.0,0.0,0.0,0.0,0.0,0.0,0.0,0.0,0.0,0.0,0.0,0.0,0.0,0.0,0.0,0.0,0.0,0.0,0.0,0.0,0.0,0.0,0.0,0.0,0.0,0.0,0.0,0.0,0.0,0.0,0.0,0.0,0.0,0.0,0.0,0.0,0.0,0.0,0.0,0.0,0.0,0.0,0.0,0.0,0.0,0.0,0.0,0.0,0.0,0.0,0.0,0.0,0.0,0.0,0.0,0.0,0.0,0.0,0.0,0.0,0.0,0.0,0.0,0.0,0.0,0.0,0.0,0.0,0.0,0.0,0.0,0.0,0.0,0.0,0.0,0.0,0.0,0.0,0.0,0.0,0.0,0.0,0.0,0.0,0.0,0.0,0.0,0.0,0.0,0.0,0.0,0.0,0.0,0.0,0.0,0.0,0.0,0.0,0.0,0.0,0.0,0.0,0.0,0.0,0.0,0.0,0.0,0.0,0.0,0.0,0.0,0.0,0.0,0.0,0.0,0.0,0.0,0.0,0.0,0.0,0.0,0.0,0.0,0.0,0.0,0.0,0.0,0.0,0.0,0.0,0.0,0.0,0.0,0.0,0.0,0.0,0.0,0.0,0.0,0.0,0.0,0.0,0.0,0.0,0.0,0.0,0.0,0.0,0.0,0.0,0.0,0.0,0.0,0.0,0.0,0.0,0.0,0.0,0.0,0.0,0.0,0.0,0.0,0.0,0.0,0.0,0.0,0.0,0.0,0.0,0.0,0.0,0.0,0.0,0.0,0.0,0.0,0.0,0.0,0.0,0.0,0.0,0.0,0.0,0.0,0.0,0.0,0.0,0.0,0.0,0.0,0.0,0.0,0.0,0.0,0.0,0.0,0.0,0.0,0.0,0.0,0.0,0.0,0.0,0.0,0.0,0.0,0.0,0.0,0.0,0.0,0.0,0.0,0.0,0.0,0.0,0.0,0.0,0.0,0.0,0.0,0.0,0.0,0.0,0.0,0.0,0.0,0.0,0.0,0.0,0.0,0.0,0.0,0.0,0.0,0.0,0.0,0.0,0.0,0.0,0.0,0.0,0.0,0.0,0.0,0.0,0.0,0.0,0.0,0.0,0.0,0.0,0.0,0.0,0.0,0.0,0.0,0.0,0.0,0.0,0.0,0.0,0.0,0.0,0.0,0.0,0.0,0.0,0.0,0.0,0.0,0.0,0.0,0.0,0.0,0.0,0.0,0.0,0.0,0.0,0.0,0.0,0.0,0.0,0.0,0.0,0.0,0.0,0.0,0.0,0.0,0.0,0.0,0.0,0.0,0.0,0.0,0.0,0.0,0.0,0.0,0.0,0.0,0.0,0.0,0.0,0.0,0.0,0.0,0.0,0.0,0.0,0.0,0.0,0.0,0.0,0.0,0.0,0.0,0.0,0.0,0.0,0.0,0.0,0.0,0.0,0.0,0.0,0.0,0.0,0.0,0.0,0.0,0.0,0.0,0.0,0.0,0.0,0.0,0.0,0.0,0.0,0.0,0.0,0.0,0.0,0.0,0.0,0.0,0.0,0.0,0.0,0.0,0.0,0.0,0.0,0.0,0.0,0.0,0.0,0.0,0.0,0.0,0.0,0.0,0.0,0.0,0.0,0.0,0.0,0.0,0.0,0.0,0.0,0.0,0.0,0.0,0.0,0.0,0.0,0.0,0.0,0.0,0.0,0.0,0.0,0.0,0.0,0.0,0.0,0.0,0.0,0.0,0.0,0.0,0.0,0.0,0.0,0.0,0.0,0.0,0.0,0.0,0.0,0.0,0.0,0.0,0.0,0.0,0.0,0.0,0.0,0.0,0.0,0.0,0.0,0.0,0.0,0.0,0.0,0.0,0.0,0.0,0.0,0.0,0.0,0.0,0.0,0.0,0.0,0.0,0.0,0.0,0.0,0.0,0.0,0.0,0.0,0.0,0.0,0.0,0.0,0.0,0.0,0.0,0.0,0.0,0.0,0.0,0.0,0.0,0.0,0.0,0.0,0.0,0.0,0.0,0.0,0.0,0.0,0.0,0.0,0.0,0.0,0.0,0.0,0.0,0.0,0.0,0.0,0.0,0.0,0.0,0.0,0.0,0.0,0.0,0.0,0.0,0.0,0.0,0.0,0.0,0.0,0.0,0.0,0.0,0.0,0.0,0.0,0.0,0.0,0.0,0.0,0.0,0.0,0.0,0.0,0.0,0.0,0.0,0.0,0.0,0.0,0.0,0.0,0.0,0.0,0.0,0.0,0.0,0.0,0.0,0.0,0.0,0.0,0.0,0.0,0.0,0.0,0.0,0.0,0.0,0.0,0.0,0.0,0.0,0.0,0.0,0.0,0.0,0.0,0.0,0.0,0.0,0.0,0.0,0.0,0.0,0.0,0.0,0.0,0.0,0.0,0.0,0.0,0.0,0.0,0.0,0.0,0.0,0.0,0.0,0.0,0.0,0.0,0.0,0.0,0.0,0.0,0.0,0.0,0.0,0.0,0.0,0.0,0.0,0.0,0.0,0.0,0.0,0.0,0.0,0.0,0.0,0.0,0.0,0.0,0.0,0.0,0.0,0.0,0.0,0.0,0.0,0.0,0.0,0.0,0.0,0.0,0.0,0.0,0.0,0.0,0.0,0.0,0.0,0.0,0.0,0.0,0.0,0.0,0.0,0.0,0.0,0.0,0.0,0.0,0.0,0.0,0.0,0.0,0.0,0.0,0.0,0.0,0.0,0.0,0.0,0.0,0.0,0.0,0.0,0.0,0.0,0.0,0.0,0.0,0.0,0.0,0.0,0.0,0.024366940616333693,-1.8383052932435993e-9,6.4597002621669e-5,-0.00010960662373709182,-0.005687442503269034,6.792220796655182e-13,-2.410392114922315e-5,-1.3474711454612936e-6,0.0003049955087806631,-7.222757521039154e-5,-0.0003832896244125601,5.211345458150669e-8,1.3553392242970443e-7,-1.790383704642498e-13,1.230936412060477e-13,1.2333152657713322e-13,0.001284791381979742,4.567513440093043e-12,4.5910906845392215e-5,0.0007041377519977506,-0.0006110369498583655,-4.560111720041363e-5,-3.94873255365859e-6,-0.0028963345630685314,1.636512434498392e-13,-5.7957013045781856e-5,0.002557096221629126,-1.2712796008919453e-6,0.0004928950146057875,0.0005802083371192803,0.00030183831741092975,-7.066403285388026e-13,-0.0006425987390744159,2.285805659271798e-9,-5.641061959303145e-6,5.571629361454379e-6,2.903917656945819e-8,3.3045811262983394e-10,-1.5752904626114148e-5,2.758216988884361e-12,-7.032996397737299e-5,-0.00564050532721442,5.394535733343323e-10,2.6245824068663445e-7,1.9395777896053615e-8,0.0015604140490677405,-2.3394489732261713e-7,1.4248875386103328e-5,2.85134352168961e-11,5.974964983022035e-8,0.00010966288583647032,7.104264126354949e-13,-0.0009094716584311981,-1.1840474704499256e-10,-0.0008996530078052323,0.005658849805433777,2.5638265233948063e-5,1.8784041612123012e-10,-2.4671158848492176e-9,-1.1413480532182533e-7,-2.2329315705578593e-8,3.3244554466013456e-5,-8.08000072544379e-11,1.809636881354675e-11,-2.1048753919593742e-6,0.00365096352469468,-1.3913270315198217e-11,-1.285414754572785e-8,1.5714102332172061e-9,0.0002643843453110007,-0.0002820110646128785,-9.066136934320504e-12,1.5952222181944735e-12,0.0012195244588215082,4.53563358434355e-5,1.6803996776916275e-7,3.094209631752898e-10,-1.9822829492376294e-7,0.004085555678365636,5.8079652698886385e-8,-2.3186683722729755e-9,-6.413161180899796e-10,4.3040147663876245e-5,-0.0017885688275996892,0.00031230952711376717,-0.0007787851120140322,-4.128990909317002e-5,0.00015457803575454936,-7.239678490624383e-12,-2.2304848724501956e-12,0.0001683438762990246,-3.4148323730260085e-6,1.3804409506506915e-13
0.0,0.0,0.0,0.0,0.0,0.0,0.0,0.0,0.0,0.0,0.0,0.0,0.0,0.0,0.0,0.0,0.0,0.0,0.0,0.0,0.0,0.0,0.0,0.0,0.0,0.0,0.0,0.0,0.0,0.0,0.0,0.0,0.0,0.0,0.0,0.0,0.0,0.0,0.0,0.0,0.0,0.0,0.0,0.0,0.0,0.0,0.0,0.0,0.0,0.0,0.0,0.0,0.0,0.0,0.0,0.0,0.0,0.0,0.0,0.0,0.0,0.0,0.0,0.0,0.0,0.0,0.0,0.0,0.0,0.0,0.0,0.0,0.0,0.0,0.0,0.0,0.0,0.0,0.0,0.0,0.0,0.0,0.0,0.0,0.0,0.0,0.0,0.0,0.0,0.0,0.0,0.0,0.0,0.0,0.0,0.0,0.0,0.0,0.0,0.0,0.0,0.0,0.0,0.0,0.0,0.0,0.0,0.0,0.0,0.0,0.0,0.0,0.0,0.0,0.0,0.0,0.0,0.0,0.0,0.0,0.0,0.0,0.0,0.0,0.0,0.0,0.0,0.0,0.0,0.0,0.0,0.0,0.0,0.0,0.0,0.0,0.0,0.0,0.0,0.0,0.0,0.0,0.0,0.0,0.0,0.0,0.0,0.0,0.0,0.0,0.0,0.0,0.0,0.0,0.0,0.0,0.0,0.0,0.0,0.0,0.0,0.0,0.0,0.0,0.0,0.0,0.0,0.0,0.0,0.0,0.0,0.0,0.0,0.0,0.0,0.0,0.0,0.0,0.0,0.0,0.0,0.0,0.0,0.0,0.0,0.0,0.0,0.0,0.0,0.0,0.0,0.0,0.0,0.0,0.0,0.0,0.0,0.0,0.0,0.0,0.0,0.0,0.0,0.0,0.0,0.0,0.0,0.0,0.0,0.0,0.0,0.0,0.0,0.0,0.0,0.0,0.0,0.0,0.0,0.0,0.0,0.0,0.0,0.0,0.0,0.0,0.0,0.0,0.0,0.0,0.0,0.0,0.0,0.0,0.0,0.0,0.0,0.0,0.0,0.0,0.0,0.0,0.0,0.0,0.0,0.0,0.0,0.0,0.0,0.0,0.0,0.0,0.0,0.0,0.0,0.0,0.0,0.0,0.0,0.0,0.0,0.0,0.0,0.0,0.0,0.0,0.0,0.0,0.0,0.0,0.0,0.0,0.0,0.0,0.0,0.0,0.0,0.0,0.0,0.0,0.0,0.0,0.0,0.0,0.0,0.0,0.0,0.0,0.0,0.0,0.0,0.0,0.0,0.0,0.0,0.0,0.0,0.0,0.0,0.0,0.0,0.0,0.0,0.0,0.0,0.0,0.0,0.0,0.0,0.0,0.0,0.0,0.0,0.0,0.0,0.0,0.0,0.0,0.0,0.0,0.0,0.0,0.0,0.0,0.0,0.0,0.0,0.0,0.0,0.0,0.0,0.0,0.0,0.0,0.0,0.0,0.0,0.0,0.0,0.0,0.0,0.0,0.0,0.0,0.0,0.0,0.0,0.0,0.0,0.0,0.0,0.0,0.0,0.0,0.0,0.0,0.0,0.0,0.0,0.0,0.0,0.0,0.0,0.0,0.0,0.0,0.0,0.0,0.0,0.0,0.0,0.0,0.0,0.0,0.0,0.0,0.0,0.0,0.0,0.0,0.0,0.0,0.0,0.0,0.0,0.0,0.0,0.0,0.0,0.0,0.0,0.0,0.0,0.0,0.0,0.0,0.0,0.0,0.0,0.0,0.0,0.0,0.0,0.0,0.0,0.0,0.0,0.0,0.0,0.0,0.0,0.0,0.0,0.0,0.0,0.0,0.0,0.0,0.0,0.0,0.0,0.0,0.0,0.0,0.0,0.0,0.0,0.0,0.0,0.0,0.0,0.0,0.0,0.0,0.0,0.0,0.0,0.0,0.0,0.0,0.0,0.0,0.0,0.0,0.0,0.0,0.0,0.0,0.0,0.0,0.0,0.0,0.0,0.0,0.0,0.0,0.0,0.0,0.0,0.0,0.0,0.0,0.0,0.0,0.0,0.0,0.0,0.0,0.0,0.0,0.0,0.0,0.0,0.0,0.0,0.0,0.0,0.0,0.0,0.0,0.0,0.0,0.0,0.0,0.0,0.0,0.0,0.0,0.0,0.0,0.0,0.0,0.0,0.0,0.0,0.0,0.0,0.0,0.0,0.0,0.0,0.0,0.0,0.0,0.0,0.0,0.0,0.0,0.0,0.0,0.0,0.0,0.0,0.0,0.0,0.0,0.0,0.0,0.0,0.0,0.0,0.0,0.0,0.0,0.0,0.0,0.0,0.0,0.0,0.0,0.0,0.0,0.0,0.0,0.0,0.0,0.0,0.0,0.0,0.0,0.0,0.0,0.0,0.0,0.0,0.0,0.0,0.0,0.0,0.0,0.0,0.0,0.0,0.0,0.0,0.0,0.0,0.0,0.0,0.0,0.0,0.0,0.0,0.0,0.0,0.0,0.0,0.0,0.0,0.0,0.0,0.0,0.0,0.0,0.0,0.0,0.0,0.0,0.0,0.0,0.0,0.0,0.0,0.0,0.0,0.0,0.0,0.0,0.0,0.0,0.0,0.0,0.0,0.0,0.0,0.0,0.0,0.0,0.0,0.0,0.0,0.0,0.0,0.0,0.0,0.0,0.0,0.0,0.0,0.0,0.0,0.0,0.0,0.0,0.0,0.0,0.0,0.0,0.0,0.0,0.0,0.0,0.0,0.0,0.0,0.0,0.0,0.0,0.0,0.0,0.0,0.0,0.0,0.0,0.0,0.0,0.0,0.0,0.0,0.0,0.0,0.0,0.0,0.0,0.0,0.0,0.0,0.0,0.0,0.0,0.0,0.0,0.0,0.0,0.0,0.0,0.0,0.0,0.0,0.0,0.0,0.0,0.0,0.0,0.0,0.0,0.0,0.0,0.0,0.0,0.0,0.0,0.0,0.0,0.0,0.0,0.0,0.0,0.0,0.0,0.0,0.0,0.0,0.0,0.0,0.0,0.0,0.0,0.0,0.0,0.0,0.0,0.0,0.0,0.0,0.0,0.0,0.0,0.0,0.0,0.0,0.0,0.0,0.0,0.0,0.0,0.0,0.025591646866141585,-6.610370515236717e-8,4.0151465160283515e-8,-1.4568551077199427e-11,6.392264304411528e-6,-1.3766333413648758e-10,1.0069811024754926e-8,-6.734278235022806e-9,4.7118989213909087e-11,-9.214155162520665e-12,-2.6204069782493056e-5,2.6247847738252458e-5,5.633794007448148e-6,-2.0374335972309956e-6,-6.871812487043316e-7,-1.4286475811132292e-8,-3.0196512741657655e-5,-1.8622605340047958e-8,-3.0158521386656552e-9,-2.6912884551470292e-9,-3.411266725184018e-11,-6.171133385446261e-7,4.1402572767659547e-10,-1.545517041414728e-6,2.521283230098078e-7,-1.8122831784298354e-8,3.349144285672946e-6,2.1456588778549207e-12,-7.20822157265343e-11,-1.839692554830978e-10,3.229688416674066e-6,-1.9410170931230237e-8,-0.005942806556139758,4.399750105346169e-7,-8.120740210284643e-12,-0.0011188691973818166,0.0002011521761150059,3.0075325449425356e-7,1.178833764580959e-5,-7.19392698823745e-7,5.761877164532275e-10,0.0003866346829797353,1.9825327518369888e-5,-0.00026727351076222505,5.298291741039633e-9,1.4390699943177626e-5,-1.2620828994782052e-12,-0.0003456978768057087,8.422012233055639e-5,8.014140164581766e-8,-0.003963364450812695,1.1200572196749454e-10,0.0010867430796972207,1.0193362925882855e-11,1.5275919996554999e-9,2.226761419309928e-12,-0.0017204009321327436,0.0011533541726065572,-8.695689481745422e-6,-5.1167129457026275e-5,-1.3789067165873852e-11,-0.00044935835998641504,-0.00025407964488611715,-1.0035444640771386e-6,1.9559378741747892e-9,0.00022187913641588284,1.445840455226976e-5,-1.9003893604518762e-6,-7.955862390911972e-8,2.8476836115375514e-8,0.00011494740693689409,-3.336321590327604e-6,5.126963687930752e-10,2.0732386099152674e-7,2.511850114713869e-6,-0.0007360191539339511,-1.0463407931046745e-5,-3.5406531761850234e-9,-7.20356178019435e-6,0.0027503988826716908,0.004286581867267149,-4.136328285834092e-11,-8.158334662738442e-10,-1.0602083729703934e-7,2.537139983526616e-8,1.6294456771107868e-7,1.6338394648908963e-8,6.256863356513975e-5,2.8134104484353033e-5,3.4912376511340566e-11,-1.0195712568415131e-6,3.0509508847287067e-7
0.0,0.0,0.0,0.0,0.0,0.0,0.0,0.0,0.0,0.0,0.0,0.0,0.0,0.0,0.0,0.0,0.0,0.0,0.0,0.0,0.0,0.0,0.0,0.0,0.0,0.0,0.0,0.0,0.0,0.0,0.0,0.0,0.0,0.0,0.0,0.0,0.0,0.0,0.0,0.0,0.0,0.0,0.0,0.0,0.0,0.0,0.0,0.0,0.0,0.0,0.0,0.0,0.0,0.0,0.0,0.0,0.0,0.0,0.0,0.0,0.0,0.0,0.0,0.0,0.0,0.0,0.0,0.0,0.0,0.0,0.0,0.0,0.0,0.0,0.0,0.0,0.0,0.0,0.0,0.0,0.0,0.0,0.0,0.0,0.0,0.0,0.0,0.0,0.0,0.0,0.0,0.0,0.0,0.0,0.0,0.0,0.0,0.0,0.0,0.0,0.0,0.0,0.0,0.0,0.0,0.0,0.0,0.0,0.0,0.0,0.0,0.0,0.0,0.0,0.0,0.0,0.0,0.0,0.0,0.0,0.0,0.0,0.0,0.0,0.0,0.0,0.0,0.0,0.0,0.0,0.0,0.0,0.0,0.0,0.0,0.0,0.0,0.0,0.0,0.0,0.0,0.0,0.0,0.0,0.0,0.0,0.0,0.0,0.0,0.0,0.0,0.0,0.0,0.0,0.0,0.0,0.0,0.0,0.0,0.0,0.0,0.0,0.0,0.0,0.0,0.0,0.0,0.0,0.0,0.0,0.0,0.0,0.0,0.0,0.0,0.0,0.0,0.0,0.0,0.0,0.0,0.0,0.0,0.0,0.0,0.0,0.0,0.0,0.0,0.0,0.0,0.0,0.0,0.0,0.0,0.0,0.0,0.0,0.0,0.0,0.0,0.0,0.0,0.0,0.0,0.0,0.0,0.0,0.0,0.0,0.0,0.0,0.0,0.0,0.0,0.0,0.0,0.0,0.0,0.0,0.0,0.0,0.0,0.0,0.0,0.0,0.0,0.0,0.0,0.0,0.0,0.0,0.0,0.0,0.0,0.0,0.0,0.0,0.0,0.0,0.0,0.0,0.0,0.0,0.0,0.0,0.0,0.0,0.0,0.0,0.0,0.0,0.0,0.0,0.0,0.0,0.0,0.0,0.0,0.0,0.0,0.0,0.0,0.0,0.0,0.0,0.0,0.0,0.0,0.0,0.0,0.0,0.0,0.0,0.0,0.0,0.0,0.0,0.0,0.0,0.0,0.0,0.0,0.0,0.0,0.0,0.0,0.0,0.0,0.0,0.0,0.0,0.0,0.0,0.0,0.0,0.0,0.0,0.0,0.0,0.0,0.0,0.0,0.0,0.0,0.0,0.0,0.0,0.0,0.0,0.0,0.0,0.0,0.0,0.0,0.0,0.0,0.0,0.0,0.0,0.0,0.0,0.0,0.0,0.0,0.0,0.0,0.0,0.0,0.0,0.0,0.0,0.0,0.0,0.0,0.0,0.0,0.0,0.0,0.0,0.0,0.0,0.0,0.0,0.0,0.0,0.0,0.0,0.0,0.0,0.0,0.0,0.0,0.0,0.0,0.0,0.0,0.0,0.0,0.0,0.0,0.0,0.0,0.0,0.0,0.0,0.0,0.0,0.0,0.0,0.0,0.0,0.0,0.0,0.0,0.0,0.0,0.0,0.0,0.0,0.0,0.0,0.0,0.0,0.0,0.0,0.0,0.0,0.0,0.0,0.0,0.0,0.0,0.0,0.0,0.0,0.0,0.0,0.0,0.0,0.0,0.0,0.0,0.0,0.0,0.0,0.0,0.0,0.0,0.0,0.0,0.0,0.0,0.0,0.0,0.0,0.0,0.0,0.0,0.0,0.0,0.0,0.0,0.0,0.0,0.0,0.0,0.0,0.0,0.0,0.0,0.0,0.0,0.0,0.0,0.0,0.0,0.0,0.0,0.0,0.0,0.0,0.0,0.0,0.0,0.0,0.0,0.0,0.0,0.0,0.0,0.0,0.0,0.0,0.0,0.0,0.0,0.0,0.0,0.0,0.0,0.0,0.0,0.0,0.0,0.0,0.0,0.0,0.0,0.0,0.0,0.0,0.0,0.0,0.0,0.0,0.0,0.0,0.0,0.0,0.0,0.0,0.0,0.0,0.0,0.0,0.0,0.0,0.0,0.0,0.0,0.0,0.0,0.0,0.0,0.0,0.0,0.0,0.0,0.0,0.0,0.0,0.0,0.0,0.0,0.0,0.0,0.0,0.0,0.0,0.0,0.0,0.0,0.0,0.0,0.0,0.0,0.0,0.0,0.0,0.0,0.0,0.0,0.0,0.0,0.0,0.0,0.0,0.0,0.0,0.0,0.0,0.0,0.0,0.0,0.0,0.0,0.0,0.0,0.0,0.0,0.0,0.0,0.0,0.0,0.0,0.0,0.0,0.0,0.0,0.0,0.0,0.0,0.0,0.0,0.0,0.0,0.0,0.0,0.0,0.0,0.0,0.0,0.0,0.0,0.0,0.0,0.0,0.0,0.0,0.0,0.0,0.0,0.0,0.0,0.0,0.0,0.0,0.0,0.0,0.0,0.0,0.0,0.0,0.0,0.0,0.0,0.0,0.0,0.0,0.0,0.0,0.0,0.0,0.0,0.0,0.0,0.0,0.0,0.0,0.0,0.0,0.0,0.0,0.0,0.0,0.0,0.0,0.0,0.0,0.0,0.0,0.0,0.0,0.0,0.0,0.0,0.0,0.0,0.0,0.0,0.0,0.0,0.0,0.0,0.0,0.0,0.0,0.0,0.0,0.0,0.0,0.0,0.0,0.0,0.0,0.0,0.0,0.0,0.0,0.0,0.0,0.0,0.0,0.0,0.0,0.0,0.0,0.0,0.0,0.0,0.0,0.0,0.0,0.0,0.0,0.0,0.0,0.0,0.0,0.0,0.0,0.0,0.0,0.0,0.0,0.0,0.0,0.0,0.0,0.0,0.0,0.0,0.0,0.0,0.0,0.0,0.0,0.0,0.0,0.0,0.0,0.0,0.0,0.0,0.0,0.0,0.0,0.0,0.0,0.0,0.0,0.0,0.0,0.0,0.0,0.0,0.0,0.0,0.0,0.0,0.0,0.0,0.0,0.0,0.0,0.0,0.0,0.02841843843501211,0.0019379959697586754,-0.00030857285056842896,1.1199702402586728e-11,-2.1274449261617734e-6,9.58925581583195e-6,0.0007996194706505498,-2.6672446518865016e-6,1.504044692694336e-5,-7.561233452629705e-7,-1.4247796160694631e-6,-1.7450783162963607e-11,-6.4990006709180665e-12,-5.1695920511151965e-12,0.0026814241071461344,8.323266969917352e-11,0.00015479727567373707,0.00031513130871418926,0.0008222331713903517,6.962647587486665e-6,-7.86712879266435e-5,-0.00011084414407212577,-1.947035519615436e-12,-0.003792640981290772,0.008586602009792948,9.467768538532166e-5,-1.0092179056087812e-5,1.900903051883019e-5,-1.6640364005957656e-5,-5.892689126302788e-11,-0.0002668463002755758,8.295436917243757e-8,6.315423314094313e-5,3.0338801638379723e-6,5.911317765686816e-7,9.611376969602957e-9,-6.493926100915771e-5,2.0390959918996237e-11,-9.296271270374084e-5,6.1737852450238285e-6,-6.74875320526094e-9,-4.586200166732153e-6,1.892918572675261e-6,-0.0017925458770944908,-9.87082611332958e-7,1.0246388128030036e-6,-7.240018639979897e-10,-2.3800501271208584e-6,0.0008782109011147647,-2.6416067356267925e-8,-3.455526086495077e-5,8.551165300277358e-10,-1.0111084973491905e-5,-0.00027893453935548215,-8.691551040447375e-7,-1.0126087149438684e-10,-1.722170616904249e-8,-4.587653520862922e-6,5.223044451450641e-6,4.466139909745405e-6,3.136899711156895e-8,-2.847722860140799e-10,9.547143931901814e-5,-0.00018360046873776363,-3.6805877956523114e-10,2.642194992614137e-6,-2.3124238504653036e-6,-0.0011414942094239125,0.0007326154445025938,-1.7591326755264128e-11,5.5052333686000885e-11,0.0004897239300965648,-0.002822662006863049,-2.5092083141333505e-5,-1.0204912401520447e-8,1.0024701266118289e-5,0.00012222323122186576,1.7899234238964257e-6,-2.8329631536282378e-8,-1.2918797451858725e-8,-4.3980733922752395e-6,9.111730060700025e-5,0.0024242233453179328,-0.003098933797692631,-0.007663697275057854,-0.00644058762230037,3.719620250863917e-10,1.546225855817929e-11,-5.5978940883421394e-6,0.0002995169010473898,8.363783841789931e-12
0.0,0.0,0.0,0.0,0.0,0.0,0.0,0.0,0.0,0.0,0.0,0.0,0.0,0.0,0.0,0.0,0.0,0.0,0.0,0.0,0.0,0.0,0.0,0.0,0.0,0.0,0.0,0.0,0.0,0.0,0.0,0.0,0.0,0.0,0.0,0.0,0.0,0.0,0.0,0.0,0.0,0.0,0.0,0.0,0.0,0.0,0.0,0.0,0.0,0.0,0.0,0.0,0.0,0.0,0.0,0.0,0.0,0.0,0.0,0.0,0.0,0.0,0.0,0.0,0.0,0.0,0.0,0.0,0.0,0.0,0.0,0.0,0.0,0.0,0.0,0.0,0.0,0.0,0.0,0.0,0.0,0.0,0.0,0.0,0.0,0.0,0.0,0.0,0.0,0.0,0.0,0.0,0.0,0.0,0.0,0.0,0.0,0.0,0.0,0.0,0.0,0.0,0.0,0.0,0.0,0.0,0.0,0.0,0.0,0.0,0.0,0.0,0.0,0.0,0.0,0.0,0.0,0.0,0.0,0.0,0.0,0.0,0.0,0.0,0.0,0.0,0.0,0.0,0.0,0.0,0.0,0.0,0.0,0.0,0.0,0.0,0.0,0.0,0.0,0.0,0.0,0.0,0.0,0.0,0.0,0.0,0.0,0.0,0.0,0.0,0.0,0.0,0.0,0.0,0.0,0.0,0.0,0.0,0.0,0.0,0.0,0.0,0.0,0.0,0.0,0.0,0.0,0.0,0.0,0.0,0.0,0.0,0.0,0.0,0.0,0.0,0.0,0.0,0.0,0.0,0.0,0.0,0.0,0.0,0.0,0.0,0.0,0.0,0.0,0.0,0.0,0.0,0.0,0.0,0.0,0.0,0.0,0.0,0.0,0.0,0.0,0.0,0.0,0.0,0.0,0.0,0.0,0.0,0.0,0.0,0.0,0.0,0.0,0.0,0.0,0.0,0.0,0.0,0.0,0.0,0.0,0.0,0.0,0.0,0.0,0.0,0.0,0.0,0.0,0.0,0.0,0.0,0.0,0.0,0.0,0.0,0.0,0.0,0.0,0.0,0.0,0.0,0.0,0.0,0.0,0.0,0.0,0.0,0.0,0.0,0.0,0.0,0.0,0.0,0.0,0.0,0.0,0.0,0.0,0.0,0.0,0.0,0.0,0.0,0.0,0.0,0.0,0.0,0.0,0.0,0.0,0.0,0.0,0.0,0.0,0.0,0.0,0.0,0.0,0.0,0.0,0.0,0.0,0.0,0.0,0.0,0.0,0.0,0.0,0.0,0.0,0.0,0.0,0.0,0.0,0.0,0.0,0.0,0.0,0.0,0.0,0.0,0.0,0.0,0.0,0.0,0.0,0.0,0.0,0.0,0.0,0.0,0.0,0.0,0.0,0.0,0.0,0.0,0.0,0.0,0.0,0.0,0.0,0.0,0.0,0.0,0.0,0.0,0.0,0.0,0.0,0.0,0.0,0.0,0.0,0.0,0.0,0.0,0.0,0.0,0.0,0.0,0.0,0.0,0.0,0.0,0.0,0.0,0.0,0.0,0.0,0.0,0.0,0.0,0.0,0.0,0.0,0.0,0.0,0.0,0.0,0.0,0.0,0.0,0.0,0.0,0.0,0.0,0.0,0.0,0.0,0.0,0.0,0.0,0.0,0.0,0.0,0.0,0.0,0.0,0.0,0.0,0.0,0.0,0.0,0.0,0.0,0.0,0.0,0.0,0.0,0.0,0.0,0.0,0.0,0.0,0.0,0.0,0.0,0.0,0.0,0.0,0.0,0.0,0.0,0.0,0.0,0.0,0.0,0.0,0.0,0.0,0.0,0.0,0.0,0.0,0.0,0.0,0.0,0.0,0.0,0.0,0.0,0.0,0.0,0.0,0.0,0.0,0.0,0.0,0.0,0.0,0.0,0.0,0.0,0.0,0.0,0.0,0.0,0.0,0.0,0.0,0.0,0.0,0.0,0.0,0.0,0.0,0.0,0.0,0.0,0.0,0.0,0.0,0.0,0.0,0.0,0.0,0.0,0.0,0.0,0.0,0.0,0.0,0.0,0.0,0.0,0.0,0.0,0.0,0.0,0.0,0.0,0.0,0.0,0.0,0.0,0.0,0.0,0.0,0.0,0.0,0.0,0.0,0.0,0.0,0.0,0.0,0.0,0.0,0.0,0.0,0.0,0.0,0.0,0.0,0.0,0.0,0.0,0.0,0.0,0.0,0.0,0.0,0.0,0.0,0.0,0.0,0.0,0.0,0.0,0.0,0.0,0.0,0.0,0.0,0.0,0.0,0.0,0.0,0.0,0.0,0.0,0.0,0.0,0.0,0.0,0.0,0.0,0.0,0.0,0.0,0.0,0.0,0.0,0.0,0.0,0.0,0.0,0.0,0.0,0.0,0.0,0.0,0.0,0.0,0.0,0.0,0.0,0.0,0.0,0.0,0.0,0.0,0.0,0.0,0.0,0.0,0.0,0.0,0.0,0.0,0.0,0.0,0.0,0.0,0.0,0.0,0.0,0.0,0.0,0.0,0.0,0.0,0.0,0.0,0.0,0.0,0.0,0.0,0.0,0.0,0.0,0.0,0.0,0.0,0.0,0.0,0.0,0.0,0.0,0.0,0.0,0.0,0.0,0.0,0.0,0.0,0.0,0.0,0.0,0.0,0.0,0.0,0.0,0.0,0.0,0.0,0.0,0.0,0.0,0.0,0.0,0.0,0.0,0.0,0.0,0.0,0.0,0.0,0.0,0.0,0.0,0.0,0.0,0.0,0.0,0.0,0.0,0.0,0.0,0.0,0.0,0.0,0.0,0.0,0.0,0.0,0.0,0.0,0.0,0.0,0.0,0.0,0.0,0.0,0.0,0.0,0.0,0.0,0.0,0.0,0.0,0.0,0.0,0.0,0.0,0.0,0.0,0.0,0.0,0.0,0.0,0.0,0.0,0.0,0.0,0.0,0.0,0.0,0.0,0.0,0.0,0.0,0.0,0.0,0.0,0.0,0.0,0.0,0.0,0.0,0.0,0.0,0.0,0.0,0.0,0.0,0.0,0.0,0.0,0.0,0.0,0.0,0.0,0.0,0.0,0.0,0.0,0.0,0.0,0.0,0.0,0.0,0.0,0.0,0.0,0.0,0.0,0.04069692715046167,0.0009484552646926673,4.094705434437641e-11,-3.3651179366520083e-6,-5.412413947630539e-5,-0.0005671616567349579,2.5818949690148977e-6,4.851866459650694e-6,-6.982970711252788e-6,1.7216141959783785e-5,-3.699532491104676e-11,2.072045148745221e-12,5.903044615921162e-12,0.0010540490463994375,5.1716624028607595e-11,-0.0007253587550809879,-0.00020987311766189744,0.003218884544642332,1.9295389426737693e-6,-0.00020820133412423735,6.090753683934804e-5,1.1546708880827018e-11,-0.0008206596043194275,0.0006285787911472225,-2.8339029045681727e-5,5.622258272370039e-5,7.924414364978508e-7,-2.531419363340002e-5,-5.7671719280198595e-11,0.005642312197188366,-1.6701702800657318e-7,-0.00017857553260097655,-8.689426423063834e-7,-1.0563778383337683e-6,2.258952684920973e-8,0.0008903920182040502,6.585321906386808e-12,-8.60059995269439e-6,4.844832739386065e-6,2.152336686995837e-8,1.7945415980487152e-5,-4.804589539579579e-6,-0.0005884289451703192,1.6468006000683185e-5,-3.745978905378098e-7,4.945573876443579e-10,5.913887757292128e-6,0.0027917055646935474,-8.11691560964441e-8,8.1840871083641e-6,-1.679714376031781e-9,3.2358656923086066e-6,-0.00021052980113210726,-1.897335662230352e-7,-3.890498318527516e-9,6.440685644757729e-8,-4.348531762420512e-6,3.051093574616664e-6,-1.1708385855441625e-6,2.7305376444936722e-8,-3.0408362837470413e-10,0.00013252634348312497,0.00035178093539212833,-1.0293292666271105e-9,-5.83436016585104e-6,1.950076872632515e-6,-0.003124814722402085,0.005791140063067257,-2.292615600735211e-10,7.95444257696129e-11,0.00029693181479078324,-0.0006240157066968343,-4.2753240832853994e-5,-6.663509224149829e-10,1.942843118232212e-5,-0.00023169008425670803,-4.349841245146527e-6,2.0504269242930008e-8,2.1496790689797645e-7,1.0045235845719559e-5,-2.001953052207445e-5,-0.0003503522048477227,-0.0009523126600814465,-0.001248309746813781,0.001114543389829359,-1.0114447898875582e-10,3.602514464639083e-11,-1.397713331526472e-6,-0.0001696121097585832,8.40156135645404e-12
0.0,0.0,0.0,0.0,0.0,0.0,0.0,0.0,0.0,0.0,0.0,0.0,0.0,0.0,0.0,0.0,0.0,0.0,0.0,0.0,0.0,0.0,0.0,0.0,0.0,0.0,0.0,0.0,0.0,0.0,0.0,0.0,0.0,0.0,0.0,0.0,0.0,0.0,0.0,0.0,0.0,0.0,0.0,0.0,0.0,0.0,0.0,0.0,0.0,0.0,0.0,0.0,0.0,0.0,0.0,0.0,0.0,0.0,0.0,0.0,0.0,0.0,0.0,0.0,0.0,0.0,0.0,0.0,0.0,0.0,0.0,0.0,0.0,0.0,0.0,0.0,0.0,0.0,0.0,0.0,0.0,0.0,0.0,0.0,0.0,0.0,0.0,0.0,0.0,0.0,0.0,0.0,0.0,0.0,0.0,0.0,0.0,0.0,0.0,0.0,0.0,0.0,0.0,0.0,0.0,0.0,0.0,0.0,0.0,0.0,0.0,0.0,0.0,0.0,0.0,0.0,0.0,0.0,0.0,0.0,0.0,0.0,0.0,0.0,0.0,0.0,0.0,0.0,0.0,0.0,0.0,0.0,0.0,0.0,0.0,0.0,0.0,0.0,0.0,0.0,0.0,0.0,0.0,0.0,0.0,0.0,0.0,0.0,0.0,0.0,0.0,0.0,0.0,0.0,0.0,0.0,0.0,0.0,0.0,0.0,0.0,0.0,0.0,0.0,0.0,0.0,0.0,0.0,0.0,0.0,0.0,0.0,0.0,0.0,0.0,0.0,0.0,0.0,0.0,0.0,0.0,0.0,0.0,0.0,0.0,0.0,0.0,0.0,0.0,0.0,0.0,0.0,0.0,0.0,0.0,0.0,0.0,0.0,0.0,0.0,0.0,0.0,0.0,0.0,0.0,0.0,0.0,0.0,0.0,0.0,0.0,0.0,0.0,0.0,0.0,0.0,0.0,0.0,0.0,0.0,0.0,0.0,0.0,0.0,0.0,0.0,0.0,0.0,0.0,0.0,0.0,0.0,0.0,0.0,0.0,0.0,0.0,0.0,0.0,0.0,0.0,0.0,0.0,0.0,0.0,0.0,0.0,0.0,0.0,0.0,0.0,0.0,0.0,0.0,0.0,0.0,0.0,0.0,0.0,0.0,0.0,0.0,0.0,0.0,0.0,0.0,0.0,0.0,0.0,0.0,0.0,0.0,0.0,0.0,0.0,0.0,0.0,0.0,0.0,0.0,0.0,0.0,0.0,0.0,0.0,0.0,0.0,0.0,0.0,0.0,0.0,0.0,0.0,0.0,0.0,0.0,0.0,0.0,0.0,0.0,0.0,0.0,0.0,0.0,0.0,0.0,0.0,0.0,0.0,0.0,0.0,0.0,0.0,0.0,0.0,0.0,0.0,0.0,0.0,0.0,0.0,0.0,0.0,0.0,0.0,0.0,0.0,0.0,0.0,0.0,0.0,0.0,0.0,0.0,0.0,0.0,0.0,0.0,0.0,0.0,0.0,0.0,0.0,0.0,0.0,0.0,0.0,0.0,0.0,0.0,0.0,0.0,0.0,0.0,0.0,0.0,0.0,0.0,0.0,0.0,0.0,0.0,0.0,0.0,0.0,0.0,0.0,0.0,0.0,0.0,0.0,0.0,0.0,0.0,0.0,0.0,0.0,0.0,0.0,0.0,0.0,0.0,0.0,0.0,0.0,0.0,0.0,0.0,0.0,0.0,0.0,0.0,0.0,0.0,0.0,0.0,0.0,0.0,0.0,0.0,0.0,0.0,0.0,0.0,0.0,0.0,0.0,0.0,0.0,0.0,0.0,0.0,0.0,0.0,0.0,0.0,0.0,0.0,0.0,0.0,0.0,0.0,0.0,0.0,0.0,0.0,0.0,0.0,0.0,0.0,0.0,0.0,0.0,0.0,0.0,0.0,0.0,0.0,0.0,0.0,0.0,0.0,0.0,0.0,0.0,0.0,0.0,0.0,0.0,0.0,0.0,0.0,0.0,0.0,0.0,0.0,0.0,0.0,0.0,0.0,0.0,0.0,0.0,0.0,0.0,0.0,0.0,0.0,0.0,0.0,0.0,0.0,0.0,0.0,0.0,0.0,0.0,0.0,0.0,0.0,0.0,0.0,0.0,0.0,0.0,0.0,0.0,0.0,0.0,0.0,0.0,0.0,0.0,0.0,0.0,0.0,0.0,0.0,0.0,0.0,0.0,0.0,0.0,0.0,0.0,0.0,0.0,0.0,0.0,0.0,0.0,0.0,0.0,0.0,0.0,0.0,0.0,0.0,0.0,0.0,0.0,0.0,0.0,0.0,0.0,0.0,0.0,0.0,0.0,0.0,0.0,0.0,0.0,0.0,0.0,0.0,0.0,0.0,0.0,0.0,0.0,0.0,0.0,0.0,0.0,0.0,0.0,0.0,0.0,0.0,0.0,0.0,0.0,0.0,0.0,0.0,0.0,0.0,0.0,0.0,0.0,0.0,0.0,0.0,0.0,0.0,0.0,0.0,0.0,0.0,0.0,0.0,0.0,0.0,0.0,0.0,0.0,0.0,0.0,0.0,0.0,0.0,0.0,0.0,0.0,0.0,0.0,0.0,0.0,0.0,0.0,0.0,0.0,0.0,0.0,0.0,0.0,0.0,0.0,0.0,0.0,0.0,0.0,0.0,0.0,0.0,0.0,0.0,0.0,0.0,0.0,0.0,0.0,0.0,0.0,0.0,0.0,0.0,0.0,0.0,0.0,0.0,0.0,0.0,0.0,0.0,0.0,0.0,0.0,0.0,0.0,0.0,0.0,0.0,0.0,0.0,0.0,0.0,0.0,0.0,0.0,0.0,0.0,0.0,0.0,0.0,0.0,0.0,0.0,0.0,0.0,0.0,0.0,0.0,0.0,0.0,0.0,0.0,0.0,0.0,0.0,0.0,0.0,0.0,0.0,0.0,0.0,0.0,0.0,0.0,0.0,0.0,0.0,0.0,0.0,0.0,0.0,0.0,0.0,0.0,0.0,0.0,0.0,0.0,0.0,0.0,0.0,0.0,0.0,0.0,0.0,0.0,0.0,0.0,0.0,0.0,0.0,0.0,0.0,0.0,0.0,0.0,0.0,0.0,0.0,0.0,0.0,0.0,0.0,0.0,0.02558704922933648,-2.7885874428514935e-12,0.00022447451351099247,3.4492632765154885e-6,-0.0003336681629333615,0.00012039516281722909,-1.1479779694608337e-5,3.8742254240891306e-7,-2.702263969969653e-7,1.7521768748610903e-12,-3.1900283195843826e-13,-3.138141919584142e-13,0.00013565850841315008,-2.8036881699163215e-12,1.8067842083100195e-5,-0.004615191819408486,0.0004447830427459439,7.77906708798037e-5,9.832295436607382e-6,0.0036893020715955934,-7.984531615555822e-13,7.993151373189398e-5,0.0007268446039603364,-2.7721921303630107e-6,0.0030781199357666363,-0.00030157065070623876,0.0002548048946277605,3.958368875360642e-12,0.001343689809618615,9.595812148562022e-9,1.666728415195552e-5,-6.626776090693825e-5,3.2899850680645185e-8,-9.63718361380392e-10,-0.000100055398226833,-9.344255834007873e-13,7.954657663613831e-5,0.0007304797361091803,-4.823225552148245e-10,-1.3125859853500866e-6,1.8992691435125954e-7,-0.0024799416000136423,-1.7949492702335653e-6,-1.9580136571507338e-6,-3.8356128907386124e-11,-5.14971417882288e-7,-0.00014913218553975617,4.514077667447427e-9,0.0002636081727859306,-5.3986458830733586e-12,-0.0008981665364274894,-0.0054454143590746944,-1.8260595552442453e-5,2.1864021976470796e-10,-2.3289873359872476e-9,4.410982467294191e-8,-2.969092793235189e-7,-3.474349956515759e-5,-1.4892893760498137e-9,4.733055823755318e-11,2.3523854144035463e-6,0.0007949242140086796,6.250535665537475e-11,4.539477915904745e-7,-9.1606304316853e-7,0.0007361632721379444,0.0007417779514405696,2.309431430650703e-11,-5.664820682309199e-12,-0.003098527683773911,0.00015143434001025784,4.947404850489543e-6,4.3122384216303416e-10,5.4178793244606e-7,-0.002662535537145022,-5.650942615180637e-7,1.5024891526858666e-9,-1.3043176128127846e-8,0.0003375204050901593,-0.0004749084710163455,-7.57400192137139e-5,-0.0004948837567845249,8.774263004312416e-6,0.00025868900728718495,4.5795997482118584e-11,2.3747950355063973e-12,-0.00010962019016545746,-1.2038469451408168e-5,-6.388306745105201e-13
0.0,0.0,0.0,0.0,0.0,0.0,0.0,0.0,0.0,0.0,0.0,0.0,0.0,0.0,0.0,0.0,0.0,0.0,0.0,0.0,0.0,0.0,0.0,0.0,0.0,0.0,0.0,0.0,0.0,0.0,0.0,0.0,0.0,0.0,0.0,0.0,0.0,0.0,0.0,0.0,0.0,0.0,0.0,0.0,0.0,0.0,0.0,0.0,0.0,0.0,0.0,0.0,0.0,0.0,0.0,0.0,0.0,0.0,0.0,0.0,0.0,0.0,0.0,0.0,0.0,0.0,0.0,0.0,0.0,0.0,0.0,0.0,0.0,0.0,0.0,0.0,0.0,0.0,0.0,0.0,0.0,0.0,0.0,0.0,0.0,0.0,0.0,0.0,0.0,0.0,0.0,0.0,0.0,0.0,0.0,0.0,0.0,0.0,0.0,0.0,0.0,0.0,0.0,0.0,0.0,0.0,0.0,0.0,0.0,0.0,0.0,0.0,0.0,0.0,0.0,0.0,0.0,0.0,0.0,0.0,0.0,0.0,0.0,0.0,0.0,0.0,0.0,0.0,0.0,0.0,0.0,0.0,0.0,0.0,0.0,0.0,0.0,0.0,0.0,0.0,0.0,0.0,0.0,0.0,0.0,0.0,0.0,0.0,0.0,0.0,0.0,0.0,0.0,0.0,0.0,0.0,0.0,0.0,0.0,0.0,0.0,0.0,0.0,0.0,0.0,0.0,0.0,0.0,0.0,0.0,0.0,0.0,0.0,0.0,0.0,0.0,0.0,0.0,0.0,0.0,0.0,0.0,0.0,0.0,0.0,0.0,0.0,0.0,0.0,0.0,0.0,0.0,0.0,0.0,0.0,0.0,0.0,0.0,0.0,0.0,0.0,0.0,0.0,0.0,0.0,0.0,0.0,0.0,0.0,0.0,0.0,0.0,0.0,0.0,0.0,0.0,0.0,0.0,0.0,0.0,0.0,0.0,0.0,0.0,0.0,0.0,0.0,0.0,0.0,0.0,0.0,0.0,0.0,0.0,0.0,0.0,0.0,0.0,0.0,0.0,0.0,0.0,0.0,0.0,0.0,0.0,0.0,0.0,0.0,0.0,0.0,0.0,0.0,0.0,0.0,0.0,0.0,0.0,0.0,0.0,0.0,0.0,0.0,0.0,0.0,0.0,0.0,0.0,0.0,0.0,0.0,0.0,0.0,0.0,0.0,0.0,0.0,0.0,0.0,0.0,0.0,0.0,0.0,0.0,0.0,0.0,0.0,0.0,0.0,0.0,0.0,0.0,0.0,0.0,0.0,0.0,0.0,0.0,0.0,0.0,0.0,0.0,0.0,0.0,0.0,0.0,0.0,0.0,0.0,0.0,0.0,0.0,0.0,0.0,0.0,0.0,0.0,0.0,0.0,0.0,0.0,0.0,0.0,0.0,0.0,0.0,0.0,0.0,0.0,0.0,0.0,0.0,0.0,0.0,0.0,0.0,0.0,0.0,0.0,0.0,0.0,0.0,0.0,0.0,0.0,0.0,0.0,0.0,0.0,0.0,0.0,0.0,0.0,0.0,0.0,0.0,0.0,0.0,0.0,0.0,0.0,0.0,0.0,0.0,0.0,0.0,0.0,0.0,0.0,0.0,0.0,0.0,0.0,0.0,0.0,0.0,0.0,0.0,0.0,0.0,0.0,0.0,0.0,0.0,0.0,0.0,0.0,0.0,0.0,0.0,0.0,0.0,0.0,0.0,0.0,0.0,0.0,0.0,0.0,0.0,0.0,0.0,0.0,0.0,0.0,0.0,0.0,0.0,0.0,0.0,0.0,0.0,0.0,0.0,0.0,0.0,0.0,0.0,0.0,0.0,0.0,0.0,0.0,0.0,0.0,0.0,0.0,0.0,0.0,0.0,0.0,0.0,0.0,0.0,0.0,0.0,0.0,0.0,0.0,0.0,0.0,0.0,0.0,0.0,0.0,0.0,0.0,0.0,0.0,0.0,0.0,0.0,0.0,0.0,0.0,0.0,0.0,0.0,0.0,0.0,0.0,0.0,0.0,0.0,0.0,0.0,0.0,0.0,0.0,0.0,0.0,0.0,0.0,0.0,0.0,0.0,0.0,0.0,0.0,0.0,0.0,0.0,0.0,0.0,0.0,0.0,0.0,0.0,0.0,0.0,0.0,0.0,0.0,0.0,0.0,0.0,0.0,0.0,0.0,0.0,0.0,0.0,0.0,0.0,0.0,0.0,0.0,0.0,0.0,0.0,0.0,0.0,0.0,0.0,0.0,0.0,0.0,0.0,0.0,0.0,0.0,0.0,0.0,0.0,0.0,0.0,0.0,0.0,0.0,0.0,0.0,0.0,0.0,0.0,0.0,0.0,0.0,0.0,0.0,0.0,0.0,0.0,0.0,0.0,0.0,0.0,0.0,0.0,0.0,0.0,0.0,0.0,0.0,0.0,0.0,0.0,0.0,0.0,0.0,0.0,0.0,0.0,0.0,0.0,0.0,0.0,0.0,0.0,0.0,0.0,0.0,0.0,0.0,0.0,0.0,0.0,0.0,0.0,0.0,0.0,0.0,0.0,0.0,0.0,0.0,0.0,0.0,0.0,0.0,0.0,0.0,0.0,0.0,0.0,0.0,0.0,0.0,0.0,0.0,0.0,0.0,0.0,0.0,0.0,0.0,0.0,0.0,0.0,0.0,0.0,0.0,0.0,0.0,0.0,0.0,0.0,0.0,0.0,0.0,0.0,0.0,0.0,0.0,0.0,0.0,0.0,0.0,0.0,0.0,0.0,0.0,0.0,0.0,0.0,0.0,0.0,0.0,0.0,0.0,0.0,0.0,0.0,0.0,0.0,0.0,0.0,0.0,0.0,0.0,0.0,0.0,0.0,0.0,0.0,0.0,0.0,0.0,0.0,0.0,0.0,0.0,0.0,0.0,0.0,0.0,0.0,0.0,0.0,0.0,0.0,0.0,0.0,0.0,0.0,0.0,0.0,0.0,0.0,0.0,0.0,0.0,0.0,0.0,0.0,0.0,0.0,0.0,0.0,0.0,0.0,0.0,0.0,0.0,0.0,0.0,0.0,0.0,0.0,0.0,0.0,0.0,0.0,0.0,0.0,0.0,0.0,0.0,0.0,0.0,0.0,0.0,0.020065919554743312,5.3385570416644337e-14,-4.5087877686334256e-9,5.978196179157082e-12,-4.826432832913372e-15,1.9392651010232014e-14,3.2673674823773966e-8,1.6927710873811935e-8,-0.0007340538556893437,-0.003181663474407211,0.0006404637235165238,1.1430060724641806e-12,-5.9669789618021516e-5,5.1781898377790225e-11,-3.7031261924126416e-13,4.587286980438737e-12,2.1620736044380567e-14,-5.395006401397957e-10,5.040704579741221e-14,-0.00249460629691744,-1.6901821798215378e-10,2.489310115164537e-13,-6.053577131046563e-9,1.8666481995663916e-13,2.961913058488277e-14,-4.7803517220825335e-14,-0.0004017018227776747,-1.0151706392649091e-11,2.9223452320832592e-6,-3.3326735108107383e-9,-1.6788673049675156e-15,1.2676334437288236e-6,9.575351739858588e-6,-2.605978409980017e-10,0.0002592669681080381,4.242579523474986e-10,-1.972054138231699e-13,1.26845585601672e-5,-9.372157402364959e-9,1.737420488662124e-7,2.046399483376549e-12,-2.5204493952694316e-8,1.1887556470708303e-15,0.0009272537539984023,-4.7577962974931364e-9,6.919505162065538e-11,8.609402320972146e-6,3.709090249680474e-15,1.577524472109284e-5,-1.5472467998057434e-13,-3.0845655908436255e-13,-3.535278539955137e-15,-8.029674298995572e-6,1.292281116310593e-6,-2.232526287872117e-8,-1.7942916250683368e-8,2.371876580943054e-15,-2.545572484337879e-5,-0.0001324161118346843,7.497891973962872e-10,-6.09600526406839e-13,-4.605492521119424e-5,4.004879222096491e-8,-1.3184227457660375e-9,2.298398963581139e-12,-6.913801101395325e-11,-0.000515448992117534,0.0011855915333143104,2.9882787928166056e-13,-1.1459283746607753e-10,1.0044099077415429e-8,6.9123255102004735e-6,6.340673422751538e-9,-1.0189887130155116e-13,-2.5090034900103468e-8,-1.7014924167932087e-7,3.537497463637452e-6,4.418065106798424e-14,1.9792937536972594e-13,5.156962037869308e-11,-5.405070137717981e-12,-2.579475162195468e-11,-1.0045873770322653e-11,0.0002728300906771329,0.0032483660203223184,-1.9486830224590723e-14,1.4281044622361503e-10,0.00033938704304916717
0.0,0.0,0.0,0.0,0.0,0.0,0.0,0.0,0.0,0.0,0.0,0.0,0.0,0.0,0.0,0.0,0.0,0.0,0.0,0.0,0.0,0.0,0.0,0.0,0.0,0.0,0.0,0.0,0.0,0.0,0.0,0.0,0.0,0.0,0.0,0.0,0.0,0.0,0.0,0.0,0.0,0.0,0.0,0.0,0.0,0.0,0.0,0.0,0.0,0.0,0.0,0.0,0.0,0.0,0.0,0.0,0.0,0.0,0.0,0.0,0.0,0.0,0.0,0.0,0.0,0.0,0.0,0.0,0.0,0.0,0.0,0.0,0.0,0.0,0.0,0.0,0.0,0.0,0.0,0.0,0.0,0.0,0.0,0.0,0.0,0.0,0.0,0.0,0.0,0.0,0.0,0.0,0.0,0.0,0.0,0.0,0.0,0.0,0.0,0.0,0.0,0.0,0.0,0.0,0.0,0.0,0.0,0.0,0.0,0.0,0.0,0.0,0.0,0.0,0.0,0.0,0.0,0.0,0.0,0.0,0.0,0.0,0.0,0.0,0.0,0.0,0.0,0.0,0.0,0.0,0.0,0.0,0.0,0.0,0.0,0.0,0.0,0.0,0.0,0.0,0.0,0.0,0.0,0.0,0.0,0.0,0.0,0.0,0.0,0.0,0.0,0.0,0.0,0.0,0.0,0.0,0.0,0.0,0.0,0.0,0.0,0.0,0.0,0.0,0.0,0.0,0.0,0.0,0.0,0.0,0.0,0.0,0.0,0.0,0.0,0.0,0.0,0.0,0.0,0.0,0.0,0.0,0.0,0.0,0.0,0.0,0.0,0.0,0.0,0.0,0.0,0.0,0.0,0.0,0.0,0.0,0.0,0.0,0.0,0.0,0.0,0.0,0.0,0.0,0.0,0.0,0.0,0.0,0.0,0.0,0.0,0.0,0.0,0.0,0.0,0.0,0.0,0.0,0.0,0.0,0.0,0.0,0.0,0.0,0.0,0.0,0.0,0.0,0.0,0.0,0.0,0.0,0.0,0.0,0.0,0.0,0.0,0.0,0.0,0.0,0.0,0.0,0.0,0.0,0.0,0.0,0.0,0.0,0.0,0.0,0.0,0.0,0.0,0.0,0.0,0.0,0.0,0.0,0.0,0.0,0.0,0.0,0.0,0.0,0.0,0.0,0.0,0.0,0.0,0.0,0.0,0.0,0.0,0.0,0.0,0.0,0.0,0.0,0.0,0.0,0.0,0.0,0.0,0.0,0.0,0.0,0.0,0.0,0.0,0.0,0.0,0.0,0.0,0.0,0.0,0.0,0.0,0.0,0.0,0.0,0.0,0.0,0.0,0.0,0.0,0.0,0.0,0.0,0.0,0.0,0.0,0.0,0.0,0.0,0.0,0.0,0.0,0.0,0.0,0.0,0.0,0.0,0.0,0.0,0.0,0.0,0.0,0.0,0.0,0.0,0.0,0.0,0.0,0.0,0.0,0.0,0.0,0.0,0.0,0.0,0.0,0.0,0.0,0.0,0.0,0.0,0.0,0.0,0.0,0.0,0.0,0.0,0.0,0.0,0.0,0.0,0.0,0.0,0.0,0.0,0.0,0.0,0.0,0.0,0.0,0.0,0.0,0.0,0.0,0.0,0.0,0.0,0.0,0.0,0.0,0.0,0.0,0.0,0.0,0.0,0.0,0.0,0.0,0.0,0.0,0.0,0.0,0.0,0.0,0.0,0.0,0.0,0.0,0.0,0.0,0.0,0.0,0.0,0.0,0.0,0.0,0.0,0.0,0.0,0.0,0.0,0.0,0.0,0.0,0.0,0.0,0.0,0.0,0.0,0.0,0.0,0.0,0.0,0.0,0.0,0.0,0.0,0.0,0.0,0.0,0.0,0.0,0.0,0.0,0.0,0.0,0.0,0.0,0.0,0.0,0.0,0.0,0.0,0.0,0.0,0.0,0.0,0.0,0.0,0.0,0.0,0.0,0.0,0.0,0.0,0.0,0.0,0.0,0.0,0.0,0.0,0.0,0.0,0.0,0.0,0.0,0.0,0.0,0.0,0.0,0.0,0.0,0.0,0.0,0.0,0.0,0.0,0.0,0.0,0.0,0.0,0.0,0.0,0.0,0.0,0.0,0.0,0.0,0.0,0.0,0.0,0.0,0.0,0.0,0.0,0.0,0.0,0.0,0.0,0.0,0.0,0.0,0.0,0.0,0.0,0.0,0.0,0.0,0.0,0.0,0.0,0.0,0.0,0.0,0.0,0.0,0.0,0.0,0.0,0.0,0.0,0.0,0.0,0.0,0.0,0.0,0.0,0.0,0.0,0.0,0.0,0.0,0.0,0.0,0.0,0.0,0.0,0.0,0.0,0.0,0.0,0.0,0.0,0.0,0.0,0.0,0.0,0.0,0.0,0.0,0.0,0.0,0.0,0.0,0.0,0.0,0.0,0.0,0.0,0.0,0.0,0.0,0.0,0.0,0.0,0.0,0.0,0.0,0.0,0.0,0.0,0.0,0.0,0.0,0.0,0.0,0.0,0.0,0.0,0.0,0.0,0.0,0.0,0.0,0.0,0.0,0.0,0.0,0.0,0.0,0.0,0.0,0.0,0.0,0.0,0.0,0.0,0.0,0.0,0.0,0.0,0.0,0.0,0.0,0.0,0.0,0.0,0.0,0.0,0.0,0.0,0.0,0.0,0.0,0.0,0.0,0.0,0.0,0.0,0.0,0.0,0.0,0.0,0.0,0.0,0.0,0.0,0.0,0.0,0.0,0.0,0.0,0.0,0.0,0.0,0.0,0.0,0.0,0.0,0.0,0.0,0.0,0.0,0.0,0.0,0.0,0.0,0.0,0.0,0.0,0.0,0.0,0.0,0.0,0.0,0.0,0.0,0.0,0.0,0.0,0.0,0.0,0.0,0.0,0.0,0.0,0.0,0.0,0.0,0.0,0.0,0.0,0.0,0.0,0.0,0.0,0.0,0.0,0.0,0.0,0.0,0.0,0.0,0.0,0.0,0.0,0.0,0.0,0.0,0.0,0.0,0.0,0.0,0.0,0.0,0.0,0.0,0.0,0.0,0.0,0.0,0.0,0.0,0.0,0.0,0.0,0.0,0.0,0.0,0.0,0.0,0.0,0.0,0.0,0.0,0.0,0.0,0.01677486463189082,-1.4133248165701276e-7,3.459219786703132e-5,0.0010683733391707254,-0.0031751343136907986,-5.0914629768388645e-9,-1.2680680481985138e-8,5.916367085025942e-14,1.944343198248863e-14,-3.289959895520985e-14,2.3725175888626837e-7,1.484912595029136e-14,-4.958503663684179e-6,0.00032201826967233235,-9.86874237841859e-5,9.206062893960506e-5,-7.982890564585964e-7,-0.0007798398299827735,2.832673001188085e-14,-2.7560756592132868e-5,6.460639339628623e-5,-6.443945644317255e-7,0.001320618749230566,-0.0003807666922662992,3.553575928190325e-5,-2.931725953928158e-13,-8.938442695024746e-5,-6.348738948539337e-11,4.4146593195062635e-7,-0.00021227016100300785,2.772845854963437e-9,-4.2391530710333124e-11,-3.204401953348372e-6,-1.495447722808084e-13,-1.3450980916639942e-5,0.0002463800549701159,-2.0333523050826401e-10,-4.329724002891958e-8,7.450830939355441e-9,0.00010508245309542791,-9.796041355335585e-10,-3.14104444645364e-5,-1.367441412626304e-12,-9.289748033888858e-9,-1.9791784695964728e-5,5.157979673669962e-11,0.0010943839859878996,1.6699380806955822e-11,-0.0007926128333406598,0.003928770635351186,5.4910537503630134e-5,9.066244009628024e-12,3.7052102752846546e-10,8.860948016754941e-9,3.440125602278897e-8,-0.0006605242547823307,5.450306131519951e-11,-5.716973378089575e-12,-1.0824648396917945e-6,-0.00032386481508570486,-2.1779191936860343e-12,1.3226221226770577e-8,3.334651546886394e-8,4.047384472777355e-6,6.99177788064889e-5,-1.3449225871638114e-12,2.0329467257982685e-13,-0.001531126195177648,-4.6539284398169377e-7,-1.599851488186771e-7,-6.437728694501405e-11,5.394193799225293e-8,-0.00023442160759448775,1.402525771718398e-8,-4.3036286737555957e-10,3.654374941915651e-11,0.00348278114835077,0.0004994227579567044,7.50579362753369e-6,-1.8672507099576574e-5,-6.049077908287949e-5,3.059159247533787e-5,-3.7616350137478464e-12,7.883842073589528e-14,-0.00020355128126985867,-2.81728433380282e-6,5.3451929313997016e-14
0.0,0.0,0.0,0.0,0.0,0.0,0.0,0.0,0.0,0.0,0.0,0.0,0.0,0.0,0.0,0.0,0.0,0.0,0.0,0.0,0.0,0.0,0.0,0.0,0.0,0.0,0.0,0.0,0.0,0.0,0.0,0.0,0.0,0.0,0.0,0.0,0.0,0.0,0.0,0.0,0.0,0.0,0.0,0.0,0.0,0.0,0.0,0.0,0.0,0.0,0.0,0.0,0.0,0.0,0.0,0.0,0.0,0.0,0.0,0.0,0.0,0.0,0.0,0.0,0.0,0.0,0.0,0.0,0.0,0.0,0.0,0.0,0.0,0.0,0.0,0.0,0.0,0.0,0.0,0.0,0.0,0.0,0.0,0.0,0.0,0.0,0.0,0.0,0.0,0.0,0.0,0.0,0.0,0.0,0.0,0.0,0.0,0.0,0.0,0.0,0.0,0.0,0.0,0.0,0.0,0.0,0.0,0.0,0.0,0.0,0.0,0.0,0.0,0.0,0.0,0.0,0.0,0.0,0.0,0.0,0.0,0.0,0.0,0.0,0.0,0.0,0.0,0.0,0.0,0.0,0.0,0.0,0.0,0.0,0.0,0.0,0.0,0.0,0.0,0.0,0.0,0.0,0.0,0.0,0.0,0.0,0.0,0.0,0.0,0.0,0.0,0.0,0.0,0.0,0.0,0.0,0.0,0.0,0.0,0.0,0.0,0.0,0.0,0.0,0.0,0.0,0.0,0.0,0.0,0.0,0.0,0.0,0.0,0.0,0.0,0.0,0.0,0.0,0.0,0.0,0.0,0.0,0.0,0.0,0.0,0.0,0.0,0.0,0.0,0.0,0.0,0.0,0.0,0.0,0.0,0.0,0.0,0.0,0.0,0.0,0.0,0.0,0.0,0.0,0.0,0.0,0.0,0.0,0.0,0.0,0.0,0.0,0.0,0.0,0.0,0.0,0.0,0.0,0.0,0.0,0.0,0.0,0.0,0.0,0.0,0.0,0.0,0.0,0.0,0.0,0.0,0.0,0.0,0.0,0.0,0.0,0.0,0.0,0.0,0.0,0.0,0.0,0.0,0.0,0.0,0.0,0.0,0.0,0.0,0.0,0.0,0.0,0.0,0.0,0.0,0.0,0.0,0.0,0.0,0.0,0.0,0.0,0.0,0.0,0.0,0.0,0.0,0.0,0.0,0.0,0.0,0.0,0.0,0.0,0.0,0.0,0.0,0.0,0.0,0.0,0.0,0.0,0.0,0.0,0.0,0.0,0.0,0.0,0.0,0.0,0.0,0.0,0.0,0.0,0.0,0.0,0.0,0.0,0.0,0.0,0.0,0.0,0.0,0.0,0.0,0.0,0.0,0.0,0.0,0.0,0.0,0.0,0.0,0.0,0.0,0.0,0.0,0.0,0.0,0.0,0.0,0.0,0.0,0.0,0.0,0.0,0.0,0.0,0.0,0.0,0.0,0.0,0.0,0.0,0.0,0.0,0.0,0.0,0.0,0.0,0.0,0.0,0.0,0.0,0.0,0.0,0.0,0.0,0.0,0.0,0.0,0.0,0.0,0.0,0.0,0.0,0.0,0.0,0.0,0.0,0.0,0.0,0.0,0.0,0.0,0.0,0.0,0.0,0.0,0.0,0.0,0.0,0.0,0.0,0.0,0.0,0.0,0.0,0.0,0.0,0.0,0.0,0.0,0.0,0.0,0.0,0.0,0.0,0.0,0.0,0.0,0.0,0.0,0.0,0.0,0.0,0.0,0.0,0.0,0.0,0.0,0.0,0.0,0.0,0.0,0.0,0.0,0.0,0.0,0.0,0.0,0.0,0.0,0.0,0.0,0.0,0.0,0.0,0.0,0.0,0.0,0.0,0.0,0.0,0.0,0.0,0.0,0.0,0.0,0.0,0.0,0.0,0.0,0.0,0.0,0.0,0.0,0.0,0.0,0.0,0.0,0.0,0.0,0.0,0.0,0.0,0.0,0.0,0.0,0.0,0.0,0.0,0.0,0.0,0.0,0.0,0.0,0.0,0.0,0.0,0.0,0.0,0.0,0.0,0.0,0.0,0.0,0.0,0.0,0.0,0.0,0.0,0.0,0.0,0.0,0.0,0.0,0.0,0.0,0.0,0.0,0.0,0.0,0.0,0.0,0.0,0.0,0.0,0.0,0.0,0.0,0.0,0.0,0.0,0.0,0.0,0.0,0.0,0.0,0.0,0.0,0.0,0.0,0.0,0.0,0.0,0.0,0.0,0.0,0.0,0.0,0.0,0.0,0.0,0.0,0.0,0.0,0.0,0.0,0.0,0.0,0.0,0.0,0.0,0.0,0.0,0.0,0.0,0.0,0.0,0.0,0.0,0.0,0.0,0.0,0.0,0.0,0.0,0.0,0.0,0.0,0.0,0.0,0.0,0.0,0.0,0.0,0.0,0.0,0.0,0.0,0.0,0.0,0.0,0.0,0.0,0.0,0.0,0.0,0.0,0.0,0.0,0.0,0.0,0.0,0.0,0.0,0.0,0.0,0.0,0.0,0.0,0.0,0.0,0.0,0.0,0.0,0.0,0.0,0.0,0.0,0.0,0.0,0.0,0.0,0.0,0.0,0.0,0.0,0.0,0.0,0.0,0.0,0.0,0.0,0.0,0.0,0.0,0.0,0.0,0.0,0.0,0.0,0.0,0.0,0.0,0.0,0.0,0.0,0.0,0.0,0.0,0.0,0.0,0.0,0.0,0.0,0.0,0.0,0.0,0.0,0.0,0.0,0.0,0.0,0.0,0.0,0.0,0.0,0.0,0.0,0.0,0.0,0.0,0.0,0.0,0.0,0.0,0.0,0.0,0.0,0.0,0.0,0.0,0.0,0.0,0.0,0.0,0.0,0.0,0.0,0.0,0.0,0.0,0.0,0.0,0.0,0.0,0.0,0.0,0.0,0.0,0.0,0.0,0.0,0.0,0.0,0.0,0.0,0.0,0.0,0.0,0.0,0.0,0.0,0.0,0.0,0.0,0.0,0.0,0.0,0.0,0.0,0.0,0.0,0.0,0.0,0.0,0.0,0.0,0.0,0.0,0.0,0.0,0.0,0.0,0.0,0.0,0.0,0.0,0.0,0.0,0.0,0.0,0.0,0.0,0.0,0.0,0.0,0.0,0.0,0.0,0.0,0.03077148242199569,-2.0076004127090426e-5,6.949921151025794e-10,-1.828730500647772e-8,-0.0005133440966610096,-0.002864751308309035,-1.558272452681611e-10,-6.258067488459604e-11,1.3098321539615047e-9,-1.1889310294930639e-5,2.323408372205771e-8,-0.00010864414393701968,7.691859656494749e-7,7.485145667021412e-7,6.75966726270424e-11,-0.00020339455849933375,-3.361481502292487e-7,-1.793205585541813e-9,4.646776581900578e-5,-4.976052250440465e-6,0.0003322850601690326,-1.9313888300041356e-7,2.5165588886278243e-8,3.97269151498421e-8,4.139768230246513e-9,1.1177358663801514e-5,1.7969237986468372e-5,0.0005077859684036529,2.905120791607148e-9,0.0002999598425011219,-1.1168417265319043e-6,0.00017802075672964008,1.2987431978798763e-8,0.0003507165318694572,1.636611312014549e-7,2.4684466025942874e-6,0.001177786274075751,0.0010170771130470716,-3.302350683242496e-6,0.001313644082144235,1.0949339501105497e-9,-5.879878604173097e-8,-0.0009447286264935739,9.020654349151371e-6,2.699862089887916e-6,-1.4511468192361694e-8,2.188450497811787e-7,6.443331701650715e-8,-1.228401705185182e-7,3.923384942895597e-9,6.458029564471429e-7,1.580278670360768e-6,-0.00023202343233630953,-0.0005477609536243111,-4.092409761996069e-9,6.151647370639847e-7,7.355215912003937e-8,0.0005052728042002232,-2.4985392720023934e-8,2.6932899775613605e-7,-0.0013524656535637751,-0.004333290622575955,-3.062448421344419e-5,1.817616553498632e-5,2.9572981434205394e-8,-5.6219553567301735e-9,-9.654015777146546e-8,-1.7077802695044723e-5,-0.0013721581423694167,8.219044280825575e-8,0.0004170839192226646,-9.32437456774565e-7,0.0005893319433328177,4.007059318780374e-6,-2.8620626562117237e-5,-2.618556524412296e-8,-3.6411095704430705e-7,-2.9596953623560044e-5,5.488294014749849e-6,1.661982871677421e-5,-3.1339502873271933e-6,7.50128954509027e-8,-3.5041451731005826e-9,2.054712740468693e-8,0.0010059918691875658,-7.149835609944115e-11
0.0,0.0,0.0,0.0,0.0,0.0,0.0,0.0,0.0,0.0,0.0,0.0,0.0,0.0,0.0,0.0,0.0,0.0,0.0,0.0,0.0,0.0,0.0,0.0,0.0,0.0,0.0,0.0,0.0,0.0,0.0,0.0,0.0,0.0,0.0,0.0,0.0,0.0,0.0,0.0,0.0,0.0,0.0,0.0,0.0,0.0,0.0,0.0,0.0,0.0,0.0,0.0,0.0,0.0,0.0,0.0,0.0,0.0,0.0,0.0,0.0,0.0,0.0,0.0,0.0,0.0,0.0,0.0,0.0,0.0,0.0,0.0,0.0,0.0,0.0,0.0,0.0,0.0,0.0,0.0,0.0,0.0,0.0,0.0,0.0,0.0,0.0,0.0,0.0,0.0,0.0,0.0,0.0,0.0,0.0,0.0,0.0,0.0,0.0,0.0,0.0,0.0,0.0,0.0,0.0,0.0,0.0,0.0,0.0,0.0,0.0,0.0,0.0,0.0,0.0,0.0,0.0,0.0,0.0,0.0,0.0,0.0,0.0,0.0,0.0,0.0,0.0,0.0,0.0,0.0,0.0,0.0,0.0,0.0,0.0,0.0,0.0,0.0,0.0,0.0,0.0,0.0,0.0,0.0,0.0,0.0,0.0,0.0,0.0,0.0,0.0,0.0,0.0,0.0,0.0,0.0,0.0,0.0,0.0,0.0,0.0,0.0,0.0,0.0,0.0,0.0,0.0,0.0,0.0,0.0,0.0,0.0,0.0,0.0,0.0,0.0,0.0,0.0,0.0,0.0,0.0,0.0,0.0,0.0,0.0,0.0,0.0,0.0,0.0,0.0,0.0,0.0,0.0,0.0,0.0,0.0,0.0,0.0,0.0,0.0,0.0,0.0,0.0,0.0,0.0,0.0,0.0,0.0,0.0,0.0,0.0,0.0,0.0,0.0,0.0,0.0,0.0,0.0,0.0,0.0,0.0,0.0,0.0,0.0,0.0,0.0,0.0,0.0,0.0,0.0,0.0,0.0,0.0,0.0,0.0,0.0,0.0,0.0,0.0,0.0,0.0,0.0,0.0,0.0,0.0,0.0,0.0,0.0,0.0,0.0,0.0,0.0,0.0,0.0,0.0,0.0,0.0,0.0,0.0,0.0,0.0,0.0,0.0,0.0,0.0,0.0,0.0,0.0,0.0,0.0,0.0,0.0,0.0,0.0,0.0,0.0,0.0,0.0,0.0,0.0,0.0,0.0,0.0,0.0,0.0,0.0,0.0,0.0,0.0,0.0,0.0,0.0,0.0,0.0,0.0,0.0,0.0,0.0,0.0,0.0,0.0,0.0,0.0,0.0,0.0,0.0,0.0,0.0,0.0,0.0,0.0,0.0,0.0,0.0,0.0,0.0,0.0,0.0,0.0,0.0,0.0,0.0,0.0,0.0,0.0,0.0,0.0,0.0,0.0,0.0,0.0,0.0,0.0,0.0,0.0,0.0,0.0,0.0,0.0,0.0,0.0,0.0,0.0,0.0,0.0,0.0,0.0,0.0,0.0,0.0,0.0,0.0,0.0,0.0,0.0,0.0,0.0,0.0,0.0,0.0,0.0,0.0,0.0,0.0,0.0,0.0,0.0,0.0,0.0,0.0,0.0,0.0,0.0,0.0,0.0,0.0,0.0,0.0,0.0,0.0,0.0,0.0,0.0,0.0,0.0,0.0,0.0,0.0,0.0,0.0,0.0,0.0,0.0,0.0,0.0,0.0,0.0,0.0,0.0,0.0,0.0,0.0,0.0,0.0,0.0,0.0,0.0,0.0,0.0,0.0,0.0,0.0,0.0,0.0,0.0,0.0,0.0,0.0,0.0,0.0,0.0,0.0,0.0,0.0,0.0,0.0,0.0,0.0,0.0,0.0,0.0,0.0,0.0,0.0,0.0,0.0,0.0,0.0,0.0,0.0,0.0,0.0,0.0,0.0,0.0,0.0,0.0,0.0,0.0,0.0,0.0,0.0,0.0,0.0,0.0,0.0,0.0,0.0,0.0,0.0,0.0,0.0,0.0,0.0,0.0,0.0,0.0,0.0,0.0,0.0,0.0,0.0,0.0,0.0,0.0,0.0,0.0,0.0,0.0,0.0,0.0,0.0,0.0,0.0,0.0,0.0,0.0,0.0,0.0,0.0,0.0,0.0,0.0,0.0,0.0,0.0,0.0,0.0,0.0,0.0,0.0,0.0,0.0,0.0,0.0,0.0,0.0,0.0,0.0,0.0,0.0,0.0,0.0,0.0,0.0,0.0,0.0,0.0,0.0,0.0,0.0,0.0,0.0,0.0,0.0,0.0,0.0,0.0,0.0,0.0,0.0,0.0,0.0,0.0,0.0,0.0,0.0,0.0,0.0,0.0,0.0,0.0,0.0,0.0,0.0,0.0,0.0,0.0,0.0,0.0,0.0,0.0,0.0,0.0,0.0,0.0,0.0,0.0,0.0,0.0,0.0,0.0,0.0,0.0,0.0,0.0,0.0,0.0,0.0,0.0,0.0,0.0,0.0,0.0,0.0,0.0,0.0,0.0,0.0,0.0,0.0,0.0,0.0,0.0,0.0,0.0,0.0,0.0,0.0,0.0,0.0,0.0,0.0,0.0,0.0,0.0,0.0,0.0,0.0,0.0,0.0,0.0,0.0,0.0,0.0,0.0,0.0,0.0,0.0,0.0,0.0,0.0,0.0,0.0,0.0,0.0,0.0,0.0,0.0,0.0,0.0,0.0,0.0,0.0,0.0,0.0,0.0,0.0,0.0,0.0,0.0,0.0,0.0,0.0,0.0,0.0,0.0,0.0,0.0,0.0,0.0,0.0,0.0,0.0,0.0,0.0,0.0,0.0,0.0,0.0,0.0,0.0,0.0,0.0,0.0,0.0,0.0,0.0,0.0,0.0,0.0,0.0,0.0,0.0,0.0,0.0,0.0,0.0,0.0,0.0,0.0,0.0,0.0,0.0,0.0,0.0,0.0,0.0,0.0,0.0,0.0,0.0,0.0,0.0,0.0,0.0,0.0,0.0,0.0,0.0,0.0,0.0,0.0,0.0,0.0,0.0,0.0,0.0,0.0,0.0,0.0,0.0,0.0,0.0,0.0,0.0,0.0,0.0,0.0,0.0,0.0,0.0,0.0,0.0,0.022513045740439844,-1.0815137660092267e-7,3.111849647131659e-5,-3.637654385417282e-6,-4.918256508109636e-6,-2.683792484442442e-14,8.346865487670497e-12,5.462173534809847e-12,0.0030168514108198487,1.6902700479872915e-11,-9.647502256727644e-6,3.8847078317801615e-5,0.001582936728954145,1.7911253650591968e-7,0.00015065646348498627,5.6172731087869534e-5,5.9601160317851214e-12,-0.0018903369048765173,0.003908594209497224,-2.3250919744184445e-5,-3.788093852811424e-5,-5.174931312723752e-6,-0.00010565011625974825,-3.367423459628707e-11,-0.004525160662447801,-1.6411201014034444e-8,-9.774079469420376e-5,-1.2291952263339312e-6,1.9743604394547146e-7,-2.5067263426513305e-9,-0.0016889749052055346,-1.0296739414283511e-10,-0.00182150546597103,-8.264707811309711e-5,-2.4618710886031817e-8,6.38288655562082e-6,-4.213237694407776e-8,-0.0010188182875520493,1.4359626449675628e-5,-1.0232501701713252e-6,-1.686046269334455e-10,-5.0684898391198636e-6,-0.001237273560467295,-3.4681679034329714e-9,2.8684833532325378e-5,1.0705444486288562e-9,2.968989229560436e-5,0.0005449058982466446,-3.9674704533950656e-7,7.00773140922591e-10,4.389937500888549e-8,-1.0627606314923087e-6,-5.846435710274073e-7,1.5176410478182998e-7,1.4358023466542721e-8,-8.63238137384416e-10,-1.3042423214655742e-5,0.0008682486047038671,-1.645178665677276e-10,-9.061982071519092e-7,-1.2399099714408502e-6,-0.0021247530282281503,-0.0008017155180793345,-1.2946449703362387e-10,-3.2986969885049052e-12,-0.00027479043047089956,-0.0009810519949278848,-4.4772631770185475e-6,-9.345837320259944e-9,-1.6209152126149505e-6,0.00041985756265554356,1.213604239023723e-5,6.44690812785982e-8,-7.021474483572687e-8,2.397791153160068e-5,3.6984663159376067e-6,-0.00011779570505303808,-0.0004467292106916987,0.002561090919504512,0.004544182945372421,-3.738538016493478e-10,5.1910743928387925e-11,-6.218094220563355e-6,-0.000240047047135616,5.906537085025313e-12
0.0,0.0,0.0,0.0,0.0,0.0,0.0,0.0,0.0,0.0,0.0,0.0,0.0,0.0,0.0,0.0,0.0,0.0,0.0,0.0,0.0,0.0,0.0,0.0,0.0,0.0,0.0,0.0,0.0,0.0,0.0,0.0,0.0,0.0,0.0,0.0,0.0,0.0,0.0,0.0,0.0,0.0,0.0,0.0,0.0,0.0,0.0,0.0,0.0,0.0,0.0,0.0,0.0,0.0,0.0,0.0,0.0,0.0,0.0,0.0,0.0,0.0,0.0,0.0,0.0,0.0,0.0,0.0,0.0,0.0,0.0,0.0,0.0,0.0,0.0,0.0,0.0,0.0,0.0,0.0,0.0,0.0,0.0,0.0,0.0,0.0,0.0,0.0,0.0,0.0,0.0,0.0,0.0,0.0,0.0,0.0,0.0,0.0,0.0,0.0,0.0,0.0,0.0,0.0,0.0,0.0,0.0,0.0,0.0,0.0,0.0,0.0,0.0,0.0,0.0,0.0,0.0,0.0,0.0,0.0,0.0,0.0,0.0,0.0,0.0,0.0,0.0,0.0,0.0,0.0,0.0,0.0,0.0,0.0,0.0,0.0,0.0,0.0,0.0,0.0,0.0,0.0,0.0,0.0,0.0,0.0,0.0,0.0,0.0,0.0,0.0,0.0,0.0,0.0,0.0,0.0,0.0,0.0,0.0,0.0,0.0,0.0,0.0,0.0,0.0,0.0,0.0,0.0,0.0,0.0,0.0,0.0,0.0,0.0,0.0,0.0,0.0,0.0,0.0,0.0,0.0,0.0,0.0,0.0,0.0,0.0,0.0,0.0,0.0,0.0,0.0,0.0,0.0,0.0,0.0,0.0,0.0,0.0,0.0,0.0,0.0,0.0,0.0,0.0,0.0,0.0,0.0,0.0,0.0,0.0,0.0,0.0,0.0,0.0,0.0,0.0,0.0,0.0,0.0,0.0,0.0,0.0,0.0,0.0,0.0,0.0,0.0,0.0,0.0,0.0,0.0,0.0,0.0,0.0,0.0,0.0,0.0,0.0,0.0,0.0,0.0,0.0,0.0,0.0,0.0,0.0,0.0,0.0,0.0,0.0,0.0,0.0,0.0,0.0,0.0,0.0,0.0,0.0,0.0,0.0,0.0,0.0,0.0,0.0,0.0,0.0,0.0,0.0,0.0,0.0,0.0,0.0,0.0,0.0,0.0,0.0,0.0,0.0,0.0,0.0,0.0,0.0,0.0,0.0,0.0,0.0,0.0,0.0,0.0,0.0,0.0,0.0,0.0,0.0,0.0,0.0,0.0,0.0,0.0,0.0,0.0,0.0,0.0,0.0,0.0,0.0,0.0,0.0,0.0,0.0,0.0,0.0,0.0,0.0,0.0,0.0,0.0,0.0,0.0,0.0,0.0,0.0,0.0,0.0,0.0,0.0,0.0,0.0,0.0,0.0,0.0,0.0,0.0,0.0,0.0,0.0,0.0,0.0,0.0,0.0,0.0,0.0,0.0,0.0,0.0,0.0,0.0,0.0,0.0,0.0,0.0,0.0,0.0,0.0,0.0,0.0,0.0,0.0,0.0,0.0,0.0,0.0,0.0,0.0,0.0,0.0,0.0,0.0,0.0,0.0,0.0,0.0,0.0,0.0,0.0,0.0,0.0,0.0,0.0,0.0,0.0,0.0,0.0,0.0,0.0,0.0,0.0,0.0,0.0,0.0,0.0,0.0,0.0,0.0,0.0,0.0,0.0,0.0,0.0,0.0,0.0,0.0,0.0,0.0,0.0,0.0,0.0,0.0,0.0,0.0,0.0,0.0,0.0,0.0,0.0,0.0,0.0,0.0,0.0,0.0,0.0,0.0,0.0,0.0,0.0,0.0,0.0,0.0,0.0,0.0,0.0,0.0,0.0,0.0,0.0,0.0,0.0,0.0,0.0,0.0,0.0,0.0,0.0,0.0,0.0,0.0,0.0,0.0,0.0,0.0,0.0,0.0,0.0,0.0,0.0,0.0,0.0,0.0,0.0,0.0,0.0,0.0,0.0,0.0,0.0,0.0,0.0,0.0,0.0,0.0,0.0,0.0,0.0,0.0,0.0,0.0,0.0,0.0,0.0,0.0,0.0,0.0,0.0,0.0,0.0,0.0,0.0,0.0,0.0,0.0,0.0,0.0,0.0,0.0,0.0,0.0,0.0,0.0,0.0,0.0,0.0,0.0,0.0,0.0,0.0,0.0,0.0,0.0,0.0,0.0,0.0,0.0,0.0,0.0,0.0,0.0,0.0,0.0,0.0,0.0,0.0,0.0,0.0,0.0,0.0,0.0,0.0,0.0,0.0,0.0,0.0,0.0,0.0,0.0,0.0,0.0,0.0,0.0,0.0,0.0,0.0,0.0,0.0,0.0,0.0,0.0,0.0,0.0,0.0,0.0,0.0,0.0,0.0,0.0,0.0,0.0,0.0,0.0,0.0,0.0,0.0,0.0,0.0,0.0,0.0,0.0,0.0,0.0,0.0,0.0,0.0,0.0,0.0,0.0,0.0,0.0,0.0,0.0,0.0,0.0,0.0,0.0,0.0,0.0,0.0,0.0,0.0,0.0,0.0,0.0,0.0,0.0,0.0,0.0,0.0,0.0,0.0,0.0,0.0,0.0,0.0,0.0,0.0,0.0,0.0,0.0,0.0,0.0,0.0,0.0,0.0,0.0,0.0,0.0,0.0,0.0,0.0,0.0,0.0,0.0,0.0,0.0,0.0,0.0,0.0,0.0,0.0,0.0,0.0,0.0,0.0,0.0,0.0,0.0,0.0,0.0,0.0,0.0,0.0,0.0,0.0,0.0,0.0,0.0,0.0,0.0,0.0,0.0,0.0,0.0,0.0,0.0,0.0,0.0,0.0,0.0,0.0,0.0,0.0,0.0,0.0,0.0,0.0,0.0,0.0,0.0,0.0,0.0,0.0,0.0,0.0,0.0,0.0,0.0,0.0,0.0,0.0,0.0,0.0,0.0,0.0,0.0,0.0,0.0,0.0,0.0,0.0,0.0,0.0,0.0,0.0,0.0,0.0,0.0,0.0,0.0,0.0,0.0,0.0,0.0,0.0,0.0,0.0,0.0,0.0,0.0,0.0,0.0,0.0,0.0,0.0,0.0,0.0,0.0,0.0,0.016740093880257538,-0.0030869401958442174,-8.882327640598845e-9,-6.6070023178854604e-9,-2.906981618967572e-14,5.241272666918768e-15,4.2066303268296905e-15,-1.1724984567213595e-5,-1.0676366580584997e-13,4.3831802945793155e-7,-1.9430375092605805e-5,2.552446785761496e-5,-0.004385942809871386,3.936504298101528e-7,-9.44049632434648e-5,7.859880283427823e-15,5.635375825267026e-6,-5.113460016289919e-5,1.470984334329451e-7,0.0010795752953576194,-0.003364886274971258,0.0010648944800555342,-1.3721100197122254e-14,5.132186190356339e-6,-1.7427761601053263e-10,-3.828769874318364e-8,-0.0007064323826707664,-1.2415871607012426e-9,6.233920409003283e-12,2.109118857097075e-6,-2.1282430134011517e-13,1.3353957001749333e-6,0.00026113576365037233,-1.4236912657480539e-11,2.2394589390624776e-8,-3.3802299760792552e-9,1.0769243887434174e-5,3.559477041789904e-8,-0.0007017755646713378,4.682641814084795e-13,4.361782587630379e-9,2.3537925328582388e-7,-4.969109664076061e-11,0.00048308351911348027,-1.298097085612182e-12,6.154518733491156e-5,-0.00034396437947620804,-0.0006113327064167376,-5.693669875388674e-12,-1.195943989350275e-11,-1.105108061906193e-9,1.813853682106561e-9,6.11592569507245e-5,1.794995300452384e-11,-2.948087217125713e-13,2.1240041398476475e-7,1.2022705272244947e-5,-1.1391667894577599e-12,-5.739392940787814e-9,1.3452829110643568e-8,-9.56843215638469e-6,-4.528072625589079e-6,-1.9106307706642387e-13,-2.0534747937419698e-14,0.00024482336638077855,3.720428797561486e-7,-9.26966796672118e-8,-5.6770472927211006e-12,1.065325980899569e-8,-1.0829131999215095e-5,1.6523746349895756e-8,1.1218424569799398e-10,6.225807912988702e-11,-0.0041284823845958,-2.2575343758785878e-5,-4.789483366382774e-6,1.747304406036602e-5,1.5844708023679815e-5,-9.431587719148373e-6,-2.489726283742125e-13,2.362433467575305e-14,0.00032442555828801346,6.528174321792892e-7,-4.804334114220547e-15
0.0,0.0,0.0,0.0,0.0,0.0,0.0,0.0,0.0,0.0,0.0,0.0,0.0,0.0,0.0,0.0,0.0,0.0,0.0,0.0,0.0,0.0,0.0,0.0,0.0,0.0,0.0,0.0,0.0,0.0,0.0,0.0,0.0,0.0,0.0,0.0,0.0,0.0,0.0,0.0,0.0,0.0,0.0,0.0,0.0,0.0,0.0,0.0,0.0,0.0,0.0,0.0,0.0,0.0,0.0,0.0,0.0,0.0,0.0,0.0,0.0,0.0,0.0,0.0,0.0,0.0,0.0,0.0,0.0,0.0,0.0,0.0,0.0,0.0,0.0,0.0,0.0,0.0,0.0,0.0,0.0,0.0,0.0,0.0,0.0,0.0,0.0,0.0,0.0,0.0,0.0,0.0,0.0,0.0,0.0,0.0,0.0,0.0,0.0,0.0,0.0,0.0,0.0,0.0,0.0,0.0,0.0,0.0,0.0,0.0,0.0,0.0,0.0,0.0,0.0,0.0,0.0,0.0,0.0,0.0,0.0,0.0,0.0,0.0,0.0,0.0,0.0,0.0,0.0,0.0,0.0,0.0,0.0,0.0,0.0,0.0,0.0,0.0,0.0,0.0,0.0,0.0,0.0,0.0,0.0,0.0,0.0,0.0,0.0,0.0,0.0,0.0,0.0,0.0,0.0,0.0,0.0,0.0,0.0,0.0,0.0,0.0,0.0,0.0,0.0,0.0,0.0,0.0,0.0,0.0,0.0,0.0,0.0,0.0,0.0,0.0,0.0,0.0,0.0,0.0,0.0,0.0,0.0,0.0,0.0,0.0,0.0,0.0,0.0,0.0,0.0,0.0,0.0,0.0,0.0,0.0,0.0,0.0,0.0,0.0,0.0,0.0,0.0,0.0,0.0,0.0,0.0,0.0,0.0,0.0,0.0,0.0,0.0,0.0,0.0,0.0,0.0,0.0,0.0,0.0,0.0,0.0,0.0,0.0,0.0,0.0,0.0,0.0,0.0,0.0,0.0,0.0,0.0,0.0,0.0,0.0,0.0,0.0,0.0,0.0,0.0,0.0,0.0,0.0,0.0,0.0,0.0,0.0,0.0,0.0,0.0,0.0,0.0,0.0,0.0,0.0,0.0,0.0,0.0,0.0,0.0,0.0,0.0,0.0,0.0,0.0,0.0,0.0,0.0,0.0,0.0,0.0,0.0,0.0,0.0,0.0,0.0,0.0,0.0,0.0,0.0,0.0,0.0,0.0,0.0,0.0,0.0,0.0,0.0,0.0,0.0,0.0,0.0,0.0,0.0,0.0,0.0,0.0,0.0,0.0,0.0,0.0,0.0,0.0,0.0,0.0,0.0,0.0,0.0,0.0,0.0,0.0,0.0,0.0,0.0,0.0,0.0,0.0,0.0,0.0,0.0,0.0,0.0,0.0,0.0,0.0,0.0,0.0,0.0,0.0,0.0,0.0,0.0,0.0,0.0,0.0,0.0,0.0,0.0,0.0,0.0,0.0,0.0,0.0,0.0,0.0,0.0,0.0,0.0,0.0,0.0,0.0,0.0,0.0,0.0,0.0,0.0,0.0,0.0,0.0,0.0,0.0,0.0,0.0,0.0,0.0,0.0,0.0,0.0,0.0,0.0,0.0,0.0,0.0,0.0,0.0,0.0,0.0,0.0,0.0,0.0,0.0,0.0,0.0,0.0,0.0,0.0,0.0,0.0,0.0,0.0,0.0,0.0,0.0,0.0,0.0,0.0,0.0,0.0,0.0,0.0,0.0,0.0,0.0,0.0,0.0,0.0,0.0,0.0,0.0,0.0,0.0,0.0,0.0,0.0,0.0,0.0,0.0,0.0,0.0,0.0,0.0,0.0,0.0,0.0,0.0,0.0,0.0,0.0,0.0,0.0,0.0,0.0,0.0,0.0,0.0,0.0,0.0,0.0,0.0,0.0,0.0,0.0,0.0,0.0,0.0,0.0,0.0,0.0,0.0,0.0,0.0,0.0,0.0,0.0,0.0,0.0,0.0,0.0,0.0,0.0,0.0,0.0,0.0,0.0,0.0,0.0,0.0,0.0,0.0,0.0,0.0,0.0,0.0,0.0,0.0,0.0,0.0,0.0,0.0,0.0,0.0,0.0,0.0,0.0,0.0,0.0,0.0,0.0,0.0,0.0,0.0,0.0,0.0,0.0,0.0,0.0,0.0,0.0,0.0,0.0,0.0,0.0,0.0,0.0,0.0,0.0,0.0,0.0,0.0,0.0,0.0,0.0,0.0,0.0,0.0,0.0,0.0,0.0,0.0,0.0,0.0,0.0,0.0,0.0,0.0,0.0,0.0,0.0,0.0,0.0,0.0,0.0,0.0,0.0,0.0,0.0,0.0,0.0,0.0,0.0,0.0,0.0,0.0,0.0,0.0,0.0,0.0,0.0,0.0,0.0,0.0,0.0,0.0,0.0,0.0,0.0,0.0,0.0,0.0,0.0,0.0,0.0,0.0,0.0,0.0,0.0,0.0,0.0,0.0,0.0,0.0,0.0,0.0,0.0,0.0,0.0,0.0,0.0,0.0,0.0,0.0,0.0,0.0,0.0,0.0,0.0,0.0,0.0,0.0,0.0,0.0,0.0,0.0,0.0,0.0,0.0,0.0,0.0,0.0,0.0,0.0,0.0,0.0,0.0,0.0,0.0,0.0,0.0,0.0,0.0,0.0,0.0,0.0,0.0,0.0,0.0,0.0,0.0,0.0,0.0,0.0,0.0,0.0,0.0,0.0,0.0,0.0,0.0,0.0,0.0,0.0,0.0,0.0,0.0,0.0,0.0,0.0,0.0,0.0,0.0,0.0,0.0,0.0,0.0,0.0,0.0,0.0,0.0,0.0,0.0,0.0,0.0,0.0,0.0,0.0,0.0,0.0,0.0,0.0,0.0,0.0,0.0,0.0,0.0,0.0,0.0,0.0,0.0,0.0,0.0,0.0,0.0,0.0,0.0,0.0,0.0,0.0,0.0,0.0,0.0,0.0,0.0,0.0,0.0,0.0,0.0,0.0,0.0,0.0,0.0,0.0,0.0,0.0,0.0,0.0,0.0,0.0,0.0,0.0,0.0,0.0,0.0,0.0,0.0,0.0,0.0,0.0,0.0,0.0,0.0,0.0,0.0,0.0,0.0,0.0,0.02804694518803726,-1.0243986047744448e-9,-4.1141134318605895e-9,6.614258830632414e-15,7.975303094346306e-15,5.687749999387191e-15,1.0759654411200632e-6,9.812704962537752e-14,1.3054533003695415e-6,-3.286792706148628e-5,4.8177461771433235e-5,0.004611598323553445,2.1645197907708877e-7,0.0007663171158093061,3.0119566520085155e-15,-2.4478599635944276e-7,8.970009480927832e-5,4.631094699115986e-8,-0.00032190051702456657,0.00023935372650818722,-0.0013776537914951584,2.8963571808481925e-14,2.3975770999743396e-6,8.28501164840656e-11,6.816048130318885e-8,-0.0006209890366019961,3.9409825175506734e-10,-4.745602163795647e-13,2.939179737611827e-6,-3.68109188759588e-14,-4.1769513443955395e-8,5.3565421920676314e-5,2.2593909742152104e-11,1.7877373642761597e-8,-8.652705778941335e-10,-2.3904122458487215e-5,3.5236770567013593e-9,0.0010454276223950034,-1.921428852882211e-13,5.678933399606281e-9,2.314592426201426e-6,9.651693420147857e-12,-0.001091435527174695,-4.855055128635813e-12,-0.00012581152574345317,-0.00010721469913204263,-0.0006911358660433172,4.2795147106879854e-13,-1.7772930115432536e-11,-1.9586503836504648e-9,-8.719990472893851e-10,0.0013701797931552641,-4.479871499168022e-12,6.134618248180628e-13,-5.6516319208135755e-8,0.00015005753785273662,-7.080684009156732e-15,-3.219258489151199e-9,2.8621619329104235e-9,2.4680494791567243e-6,-6.5591171898024324e-6,5.2214130211145456e-14,-1.778734446087159e-14,0.00010764216300884172,5.086789693211709e-6,-3.881374693091864e-8,8.574151043594525e-12,2.6137063444121127e-8,2.9429317186480323e-5,2.3977209796232396e-9,4.510048202497135e-11,7.635478537488997e-11,-0.003095544984749765,-8.394359516461767e-5,-6.309943954384997e-7,-7.89783596573038e-6,6.213360590010276e-6,1.621540311703869e-5,3.207089894165296e-13,2.2962186950185493e-14,-0.0025621145006540914,6.189904112622218e-7,-1.3350172956981524e-15
0.0,0.0,0.0,0.0,0.0,0.0,0.0,0.0,0.0,0.0,0.0,0.0,0.0,0.0,0.0,0.0,0.0,0.0,0.0,0.0,0.0,0.0,0.0,0.0,0.0,0.0,0.0,0.0,0.0,0.0,0.0,0.0,0.0,0.0,0.0,0.0,0.0,0.0,0.0,0.0,0.0,0.0,0.0,0.0,0.0,0.0,0.0,0.0,0.0,0.0,0.0,0.0,0.0,0.0,0.0,0.0,0.0,0.0,0.0,0.0,0.0,0.0,0.0,0.0,0.0,0.0,0.0,0.0,0.0,0.0,0.0,0.0,0.0,0.0,0.0,0.0,0.0,0.0,0.0,0.0,0.0,0.0,0.0,0.0,0.0,0.0,0.0,0.0,0.0,0.0,0.0,0.0,0.0,0.0,0.0,0.0,0.0,0.0,0.0,0.0,0.0,0.0,0.0,0.0,0.0,0.0,0.0,0.0,0.0,0.0,0.0,0.0,0.0,0.0,0.0,0.0,0.0,0.0,0.0,0.0,0.0,0.0,0.0,0.0,0.0,0.0,0.0,0.0,0.0,0.0,0.0,0.0,0.0,0.0,0.0,0.0,0.0,0.0,0.0,0.0,0.0,0.0,0.0,0.0,0.0,0.0,0.0,0.0,0.0,0.0,0.0,0.0,0.0,0.0,0.0,0.0,0.0,0.0,0.0,0.0,0.0,0.0,0.0,0.0,0.0,0.0,0.0,0.0,0.0,0.0,0.0,0.0,0.0,0.0,0.0,0.0,0.0,0.0,0.0,0.0,0.0,0.0,0.0,0.0,0.0,0.0,0.0,0.0,0.0,0.0,0.0,0.0,0.0,0.0,0.0,0.0,0.0,0.0,0.0,0.0,0.0,0.0,0.0,0.0,0.0,0.0,0.0,0.0,0.0,0.0,0.0,0.0,0.0,0.0,0.0,0.0,0.0,0.0,0.0,0.0,0.0,0.0,0.0,0.0,0.0,0.0,0.0,0.0,0.0,0.0,0.0,0.0,0.0,0.0,0.0,0.0,0.0,0.0,0.0,0.0,0.0,0.0,0.0,0.0,0.0,0.0,0.0,0.0,0.0,0.0,0.0,0.0,0.0,0.0,0.0,0.0,0.0,0.0,0.0,0.0,0.0,0.0,0.0,0.0,0.0,0.0,0.0,0.0,0.0,0.0,0.0,0.0,0.0,0.0,0.0,0.0,0.0,0.0,0.0,0.0,0.0,0.0,0.0,0.0,0.0,0.0,0.0,0.0,0.0,0.0,0.0,0.0,0.0,0.0,0.0,0.0,0.0,0.0,0.0,0.0,0.0,0.0,0.0,0.0,0.0,0.0,0.0,0.0,0.0,0.0,0.0,0.0,0.0,0.0,0.0,0.0,0.0,0.0,0.0,0.0,0.0,0.0,0.0,0.0,0.0,0.0,0.0,0.0,0.0,0.0,0.0,0.0,0.0,0.0,0.0,0.0,0.0,0.0,0.0,0.0,0.0,0.0,0.0,0.0,0.0,0.0,0.0,0.0,0.0,0.0,0.0,0.0,0.0,0.0,0.0,0.0,0.0,0.0,0.0,0.0,0.0,0.0,0.0,0.0,0.0,0.0,0.0,0.0,0.0,0.0,0.0,0.0,0.0,0.0,0.0,0.0,0.0,0.0,0.0,0.0,0.0,0.0,0.0,0.0,0.0,0.0,0.0,0.0,0.0,0.0,0.0,0.0,0.0,0.0,0.0,0.0,0.0,0.0,0.0,0.0,0.0,0.0,0.0,0.0,0.0,0.0,0.0,0.0,0.0,0.0,0.0,0.0,0.0,0.0,0.0,0.0,0.0,0.0,0.0,0.0,0.0,0.0,0.0,0.0,0.0,0.0,0.0,0.0,0.0,0.0,0.0,0.0,0.0,0.0,0.0,0.0,0.0,0.0,0.0,0.0,0.0,0.0,0.0,0.0,0.0,0.0,0.0,0.0,0.0,0.0,0.0,0.0,0.0,0.0,0.0,0.0,0.0,0.0,0.0,0.0,0.0,0.0,0.0,0.0,0.0,0.0,0.0,0.0,0.0,0.0,0.0,0.0,0.0,0.0,0.0,0.0,0.0,0.0,0.0,0.0,0.0,0.0,0.0,0.0,0.0,0.0,0.0,0.0,0.0,0.0,0.0,0.0,0.0,0.0,0.0,0.0,0.0,0.0,0.0,0.0,0.0,0.0,0.0,0.0,0.0,0.0,0.0,0.0,0.0,0.0,0.0,0.0,0.0,0.0,0.0,0.0,0.0,0.0,0.0,0.0,0.0,0.0,0.0,0.0,0.0,0.0,0.0,0.0,0.0,0.0,0.0,0.0,0.0,0.0,0.0,0.0,0.0,0.0,0.0,0.0,0.0,0.0,0.0,0.0,0.0,0.0,0.0,0.0,0.0,0.0,0.0,0.0,0.0,0.0,0.0,0.0,0.0,0.0,0.0,0.0,0.0,0.0,0.0,0.0,0.0,0.0,0.0,0.0,0.0,0.0,0.0,0.0,0.0,0.0,0.0,0.0,0.0,0.0,0.0,0.0,0.0,0.0,0.0,0.0,0.0,0.0,0.0,0.0,0.0,0.0,0.0,0.0,0.0,0.0,0.0,0.0,0.0,0.0,0.0,0.0,0.0,0.0,0.0,0.0,0.0,0.0,0.0,0.0,0.0,0.0,0.0,0.0,0.0,0.0,0.0,0.0,0.0,0.0,0.0,0.0,0.0,0.0,0.0,0.0,0.0,0.0,0.0,0.0,0.0,0.0,0.0,0.0,0.0,0.0,0.0,0.0,0.0,0.0,0.0,0.0,0.0,0.0,0.0,0.0,0.0,0.0,0.0,0.0,0.0,0.0,0.0,0.0,0.0,0.0,0.0,0.0,0.0,0.0,0.0,0.0,0.0,0.0,0.0,0.0,0.0,0.0,0.0,0.0,0.0,0.0,0.0,0.0,0.0,0.0,0.0,0.0,0.0,0.0,0.0,0.0,0.0,0.0,0.0,0.0,0.0,0.0,0.0,0.0,0.0,0.0,0.0,0.0,0.0,0.0,0.0,0.0,0.0,0.0,0.0,0.0,0.0,0.0,0.0,0.0,0.0,0.0,0.0,0.0,0.0,0.0,0.0,0.0,0.0,0.0,0.0,0.0,0.0,0.029197392779382533,-0.0039045475474707384,1.4798086046693642e-7,-5.085915983360256e-9,-2.5541258732375685e-8,3.7617139359427195e-6,-3.7917654809069903e-7,1.0274012510895128e-5,3.16789908767421e-7,-9.562640454102678e-7,-1.2546763556894818e-9,-0.0002634619237548486,-3.7074061822464467e-8,-2.5605402287019532e-8,9.474415948043828e-7,3.960733304222499e-7,0.00011391278797920913,-3.4777764851058134e-8,9.731587984551108e-9,-6.071281196281426e-9,2.2931613425337841e-7,2.620613865859649e-6,0.00015858420663181593,-9.494101945257278e-5,4.694110792966873e-10,0.0015406518961739706,-5.046045720286036e-5,-5.238384499076501e-5,-1.9806654320230813e-7,5.2389977284895556e-5,-9.71196404808184e-8,-5.031697950097503e-6,-0.0035657322458229382,-0.0027926731551163523,-1.2656095086006395e-6,0.0008228214202299361,-2.398960369239022e-10,-6.490511320130828e-7,0.0011776591308860318,2.5650714061602837e-6,0.00016546448835333614,-1.8082530871838524e-9,-7.568525319880874e-6,2.0102104258369033e-9,-8.713509917810463e-9,2.9750782421291197e-10,-7.484055256696349e-6,-6.132258048693672e-5,-0.00019068959853934115,-0.0024022292008970573,1.507726703355928e-9,-0.0001438971218746739,1.555506225157733e-6,-6.436652045741316e-5,-2.0162664907471085e-7,1.0779000993789887e-6,0.0025203079235739754,-0.0006060720256475132,-3.6917752738239428e-6,3.6229478758326175e-7,9.38972548319191e-7,-2.2803950077280674e-7,-5.9356954443811435e-8,-4.717631418469406e-6,8.000997428313065e-5,1.2699051155374685e-5,-0.0009604618498963546,2.3933065565504923e-7,-0.00033819927951203685,-0.0001193893985408489,0.00019340073801675582,2.478098003118405e-9,1.9795684242751374e-7,1.5719612434694297e-6,8.628146382349946e-8,-6.76375718717622e-7,6.10480428820811e-7,-3.668924064001583e-7,1.0854587047695106e-7,1.3416226932973447e-9,-0.00013086868613094,-3.087349226629841e-8
0.0,0.0,0.0,0.0,0.0,0.0,0.0,0.0,0.0,0.0,0.0,0.0,0.0,0.0,0.0,0.0,0.0,0.0,0.0,0.0,0.0,0.0,0.0,0.0,0.0,0.0,0.0,0.0,0.0,0.0,0.0,0.0,0.0,0.0,0.0,0.0,0.0,0.0,0.0,0.0,0.0,0.0,0.0,0.0,0.0,0.0,0.0,0.0,0.0,0.0,0.0,0.0,0.0,0.0,0.0,0.0,0.0,0.0,0.0,0.0,0.0,0.0,0.0,0.0,0.0,0.0,0.0,0.0,0.0,0.0,0.0,0.0,0.0,0.0,0.0,0.0,0.0,0.0,0.0,0.0,0.0,0.0,0.0,0.0,0.0,0.0,0.0,0.0,0.0,0.0,0.0,0.0,0.0,0.0,0.0,0.0,0.0,0.0,0.0,0.0,0.0,0.0,0.0,0.0,0.0,0.0,0.0,0.0,0.0,0.0,0.0,0.0,0.0,0.0,0.0,0.0,0.0,0.0,0.0,0.0,0.0,0.0,0.0,0.0,0.0,0.0,0.0,0.0,0.0,0.0,0.0,0.0,0.0,0.0,0.0,0.0,0.0,0.0,0.0,0.0,0.0,0.0,0.0,0.0,0.0,0.0,0.0,0.0,0.0,0.0,0.0,0.0,0.0,0.0,0.0,0.0,0.0,0.0,0.0,0.0,0.0,0.0,0.0,0.0,0.0,0.0,0.0,0.0,0.0,0.0,0.0,0.0,0.0,0.0,0.0,0.0,0.0,0.0,0.0,0.0,0.0,0.0,0.0,0.0,0.0,0.0,0.0,0.0,0.0,0.0,0.0,0.0,0.0,0.0,0.0,0.0,0.0,0.0,0.0,0.0,0.0,0.0,0.0,0.0,0.0,0.0,0.0,0.0,0.0,0.0,0.0,0.0,0.0,0.0,0.0,0.0,0.0,0.0,0.0,0.0,0.0,0.0,0.0,0.0,0.0,0.0,0.0,0.0,0.0,0.0,0.0,0.0,0.0,0.0,0.0,0.0,0.0,0.0,0.0,0.0,0.0,0.0,0.0,0.0,0.0,0.0,0.0,0.0,0.0,0.0,0.0,0.0,0.0,0.0,0.0,0.0,0.0,0.0,0.0,0.0,0.0,0.0,0.0,0.0,0.0,0.0,0.0,0.0,0.0,0.0,0.0,0.0,0.0,0.0,0.0,0.0,0.0,0.0,0.0,0.0,0.0,0.0,0.0,0.0,0.0,0.0,0.0,0.0,0.0,0.0,0.0,0.0,0.0,0.0,0.0,0.0,0.0,0.0,0.0,0.0,0.0,0.0,0.0,0.0,0.0,0.0,0.0,0.0,0.0,0.0,0.0,0.0,0.0,0.0,0.0,0.0,0.0,0.0,0.0,0.0,0.0,0.0,0.0,0.0,0.0,0.0,0.0,0.0,0.0,0.0,0.0,0.0,0.0,0.0,0.0,0.0,0.0,0.0,0.0,0.0,0.0,0.0,0.0,0.0,0.0,0.0,0.0,0.0,0.0,0.0,0.0,0.0,0.0,0.0,0.0,0.0,0.0,0.0,0.0,0.0,0.0,0.0,0.0,0.0,0.0,0.0,0.0,0.0,0.0,0.0,0.0,0.0,0.0,0.0,0.0,0.0,0.0,0.0,0.0,0.0,0.0,0.0,0.0,0.0,0.0,0.0,0.0,0.0,0.0,0.0,0.0,0.0,0.0,0.0,0.0,0.0,0.0,0.0,0.0,0.0,0.0,0.0,0.0,0.0,0.0,0.0,0.0,0.0,0.0,0.0,0.0,0.0,0.0,0.0,0.0,0.0,0.0,0.0,0.0,0.0,0.0,0.0,0.0,0.0,0.0,0.0,0.0,0.0,0.0,0.0,0.0,0.0,0.0,0.0,0.0,0.0,0.0,0.0,0.0,0.0,0.0,0.0,0.0,0.0,0.0,0.0,0.0,0.0,0.0,0.0,0.0,0.0,0.0,0.0,0.0,0.0,0.0,0.0,0.0,0.0,0.0,0.0,0.0,0.0,0.0,0.0,0.0,0.0,0.0,0.0,0.0,0.0,0.0,0.0,0.0,0.0,0.0,0.0,0.0,0.0,0.0,0.0,0.0,0.0,0.0,0.0,0.0,0.0,0.0,0.0,0.0,0.0,0.0,0.0,0.0,0.0,0.0,0.0,0.0,0.0,0.0,0.0,0.0,0.0,0.0,0.0,0.0,0.0,0.0,0.0,0.0,0.0,0.0,0.0,0.0,0.0,0.0,0.0,0.0,0.0,0.0,0.0,0.0,0.0,0.0,0.0,0.0,0.0,0.0,0.0,0.0,0.0,0.0,0.0,0.0,0.0,0.0,0.0,0.0,0.0,0.0,0.0,0.0,0.0,0.0,0.0,0.0,0.0,0.0,0.0,0.0,0.0,0.0,0.0,0.0,0.0,0.0,0.0,0.0,0.0,0.0,0.0,0.0,0.0,0.0,0.0,0.0,0.0,0.0,0.0,0.0,0.0,0.0,0.0,0.0,0.0,0.0,0.0,0.0,0.0,0.0,0.0,0.0,0.0,0.0,0.0,0.0,0.0,0.0,0.0,0.0,0.0,0.0,0.0,0.0,0.0,0.0,0.0,0.0,0.0,0.0,0.0,0.0,0.0,0.0,0.0,0.0,0.0,0.0,0.0,0.0,0.0,0.0,0.0,0.0,0.0,0.0,0.0,0.0,0.0,0.0,0.0,0.0,0.0,0.0,0.0,0.0,0.0,0.0,0.0,0.0,0.0,0.0,0.0,0.0,0.0,0.0,0.0,0.0,0.0,0.0,0.0,0.0,0.0,0.0,0.0,0.0,0.0,0.0,0.0,0.0,0.0,0.0,0.0,0.0,0.0,0.0,0.0,0.0,0.0,0.0,0.0,0.0,0.0,0.0,0.0,0.0,0.0,0.0,0.0,0.0,0.0,0.0,0.0,0.0,0.0,0.0,0.0,0.0,0.0,0.0,0.0,0.0,0.0,0.0,0.0,0.0,0.0,0.0,0.0,0.0,0.0,0.0,0.0,0.0,0.0,0.0,0.0,0.0,0.0,0.0,0.0,0.0,0.0,0.0,0.0,0.0,0.0,0.0,0.0,0.0,0.0,0.0,0.0,0.0,0.0,0.0,0.0,0.030398154232146396,1.148524861033429e-8,-2.4848055191962486e-9,-6.703492500782278e-9,2.481951528093321e-6,-3.637138499246718e-8,-2.6021355413905958e-5,3.9930478310703386e-7,4.73825166448889e-7,2.4905046038669754e-10,-8.751887508115607e-5,-5.090404017551013e-8,-1.0248099077365424e-9,1.7559984527999906e-5,1.3271645207117656e-7,-0.0017531150244664748,-5.839182482213235e-9,1.3649291260543727e-8,-4.857143516912619e-9,5.8535839577620335e-8,-1.4487717930396948e-6,-6.152153973523388e-5,-0.00018888400692567835,-6.339961664790832e-10,0.0002340900564592012,-3.0102047066485836e-6,8.607004177435802e-8,6.912840616875797e-8,2.562514520752118e-5,-7.517279410811349e-8,4.216697591653021e-5,-0.005569886619687905,-0.003184604172026391,-1.7085187705533899e-6,-0.008429952111117555,7.373250786927805e-10,1.0531065376805795e-7,0.0059275170294912725,6.490365124318191e-6,3.380140651141819e-5,2.316469393486496e-9,-4.246391768474835e-6,-2.3776052099391035e-8,-2.241763502902538e-8,3.860218478806273e-10,-1.9314403567725505e-6,-8.931107808591646e-5,-0.004107669782098706,0.0028962588714908115,2.827931125096438e-9,-3.811248213934738e-5,1.3661538646013969e-6,0.00034866801011056576,1.7496016103863336e-7,-6.234875806557777e-8,0.004502288791233625,0.0009937218034459668,-4.836431588665652e-8,-1.098413183102041e-5,1.9255366649636353e-7,-1.6749636774094326e-8,1.9624340431356061e-7,-1.0336794961010904e-5,0.0029186160539121948,1.2794685738332586e-5,0.001693860286569857,2.888260887907951e-7,-0.0010311911686628793,-4.772966082980859e-5,9.052087486320793e-5,2.5702787742624315e-9,2.0512368100140985e-7,9.700205098159376e-6,1.3677735388765393e-6,-7.976203002257632e-6,5.807122040582471e-7,5.656501392463839e-7,6.058345082142942e-8,1.832345494905519e-9,8.065164399705509e-5,-7.0676025293744324e-9
0.0,0.0,0.0,0.0,0.0,0.0,0.0,0.0,0.0,0.0,0.0,0.0,0.0,0.0,0.0,0.0,0.0,0.0,0.0,0.0,0.0,0.0,0.0,0.0,0.0,0.0,0.0,0.0,0.0,0.0,0.0,0.0,0.0,0.0,0.0,0.0,0.0,0.0,0.0,0.0,0.0,0.0,0.0,0.0,0.0,0.0,0.0,0.0,0.0,0.0,0.0,0.0,0.0,0.0,0.0,0.0,0.0,0.0,0.0,0.0,0.0,0.0,0.0,0.0,0.0,0.0,0.0,0.0,0.0,0.0,0.0,0.0,0.0,0.0,0.0,0.0,0.0,0.0,0.0,0.0,0.0,0.0,0.0,0.0,0.0,0.0,0.0,0.0,0.0,0.0,0.0,0.0,0.0,0.0,0.0,0.0,0.0,0.0,0.0,0.0,0.0,0.0,0.0,0.0,0.0,0.0,0.0,0.0,0.0,0.0,0.0,0.0,0.0,0.0,0.0,0.0,0.0,0.0,0.0,0.0,0.0,0.0,0.0,0.0,0.0,0.0,0.0,0.0,0.0,0.0,0.0,0.0,0.0,0.0,0.0,0.0,0.0,0.0,0.0,0.0,0.0,0.0,0.0,0.0,0.0,0.0,0.0,0.0,0.0,0.0,0.0,0.0,0.0,0.0,0.0,0.0,0.0,0.0,0.0,0.0,0.0,0.0,0.0,0.0,0.0,0.0,0.0,0.0,0.0,0.0,0.0,0.0,0.0,0.0,0.0,0.0,0.0,0.0,0.0,0.0,0.0,0.0,0.0,0.0,0.0,0.0,0.0,0.0,0.0,0.0,0.0,0.0,0.0,0.0,0.0,0.0,0.0,0.0,0.0,0.0,0.0,0.0,0.0,0.0,0.0,0.0,0.0,0.0,0.0,0.0,0.0,0.0,0.0,0.0,0.0,0.0,0.0,0.0,0.0,0.0,0.0,0.0,0.0,0.0,0.0,0.0,0.0,0.0,0.0,0.0,0.0,0.0,0.0,0.0,0.0,0.0,0.0,0.0,0.0,0.0,0.0,0.0,0.0,0.0,0.0,0.0,0.0,0.0,0.0,0.0,0.0,0.0,0.0,0.0,0.0,0.0,0.0,0.0,0.0,0.0,0.0,0.0,0.0,0.0,0.0,0.0,0.0,0.0,0.0,0.0,0.0,0.0,0.0,0.0,0.0,0.0,0.0,0.0,0.0,0.0,0.0,0.0,0.0,0.0,0.0,0.0,0.0,0.0,0.0,0.0,0.0,0.0,0.0,0.0,0.0,0.0,0.0,0.0,0.0,0.0,0.0,0.0,0.0,0.0,0.0,0.0,0.0,0.0,0.0,0.0,0.0,0.0,0.0,0.0,0.0,0.0,0.0,0.0,0.0,0.0,0.0,0.0,0.0,0.0,0.0,0.0,0.0,0.0,0.0,0.0,0.0,0.0,0.0,0.0,0.0,0.0,0.0,0.0,0.0,0.0,0.0,0.0,0.0,0.0,0.0,0.0,0.0,0.0,0.0,0.0,0.0,0.0,0.0,0.0,0.0,0.0,0.0,0.0,0.0,0.0,0.0,0.0,0.0,0.0,0.0,0.0,0.0,0.0,0.0,0.0,0.0,0.0,0.0,0.0,0.0,0.0,0.0,0.0,0.0,0.0,0.0,0.0,0.0,0.0,0.0,0.0,0.0,0.0,0.0,0.0,0.0,0.0,0.0,0.0,0.0,0.0,0.0,0.0,0.0,0.0,0.0,0.0,0.0,0.0,0.0,0.0,0.0,0.0,0.0,0.0,0.0,0.0,0.0,0.0,0.0,0.0,0.0,0.0,0.0,0.0,0.0,0.0,0.0,0.0,0.0,0.0,0.0,0.0,0.0,0.0,0.0,0.0,0.0,0.0,0.0,0.0,0.0,0.0,0.0,0.0,0.0,0.0,0.0,0.0,0.0,0.0,0.0,0.0,0.0,0.0,0.0,0.0,0.0,0.0,0.0,0.0,0.0,0.0,0.0,0.0,0.0,0.0,0.0,0.0,0.0,0.0,0.0,0.0,0.0,0.0,0.0,0.0,0.0,0.0,0.0,0.0,0.0,0.0,0.0,0.0,0.0,0.0,0.0,0.0,0.0,0.0,0.0,0.0,0.0,0.0,0.0,0.0,0.0,0.0,0.0,0.0,0.0,0.0,0.0,0.0,0.0,0.0,0.0,0.0,0.0,0.0,0.0,0.0,0.0,0.0,0.0,0.0,0.0,0.0,0.0,0.0,0.0,0.0,0.0,0.0,0.0,0.0,0.0,0.0,0.0,0.0,0.0,0.0,0.0,0.0,0.0,0.0,0.0,0.0,0.0,0.0,0.0,0.0,0.0,0.0,0.0,0.0,0.0,0.0,0.0,0.0,0.0,0.0,0.0,0.0,0.0,0.0,0.0,0.0,0.0,0.0,0.0,0.0,0.0,0.0,0.0,0.0,0.0,0.0,0.0,0.0,0.0,0.0,0.0,0.0,0.0,0.0,0.0,0.0,0.0,0.0,0.0,0.0,0.0,0.0,0.0,0.0,0.0,0.0,0.0,0.0,0.0,0.0,0.0,0.0,0.0,0.0,0.0,0.0,0.0,0.0,0.0,0.0,0.0,0.0,0.0,0.0,0.0,0.0,0.0,0.0,0.0,0.0,0.0,0.0,0.0,0.0,0.0,0.0,0.0,0.0,0.0,0.0,0.0,0.0,0.0,0.0,0.0,0.0,0.0,0.0,0.0,0.0,0.0,0.0,0.0,0.0,0.0,0.0,0.0,0.0,0.0,0.0,0.0,0.0,0.0,0.0,0.0,0.0,0.0,0.0,0.0,0.0,0.0,0.0,0.0,0.0,0.0,0.0,0.0,0.0,0.0,0.0,0.0,0.0,0.0,0.0,0.0,0.0,0.0,0.0,0.0,0.0,0.0,0.0,0.0,0.0,0.0,0.0,0.0,0.0,0.0,0.0,0.0,0.0,0.0,0.0,0.0,0.0,0.0,0.0,0.0,0.0,0.0,0.0,0.0,0.0,0.0,0.0,0.0,0.0,0.0,0.0,0.0,0.0,0.0,0.0,0.0,0.0,0.0,0.0,0.0,0.0,0.0,0.0,0.0,0.0,0.0,0.0,0.0,0.0,0.0,0.0,0.0,0.027644693095730803,-0.002259774190771157,-0.007664276886970418,-2.9385214185283744e-11,-4.5578096827648665e-6,-5.680945699282574e-11,-2.8123673649696585e-12,8.138699934993111e-12,1.438628324274061e-14,2.432631189135382e-9,-3.534656968917866e-13,-0.0001445830791718752,6.022224420878338e-11,-2.6523906868853416e-12,-9.950818798243248e-10,1.796268695729879e-14,2.9921378573874086e-14,-1.0179519226234325e-13,0.0027385967386657907,-2.7135650504780076e-11,8.742134966421527e-7,-9.496871091736381e-12,1.9955294258005522e-15,-7.274623773994639e-8,-1.57333947881025e-5,3.9093662707632116e-10,-0.0003834501291014535,-4.4776609308233377e-10,3.5746524590019806e-13,1.638443726134272e-6,3.452425979034585e-8,-1.0379089064352108e-7,5.8540553619160775e-12,-2.3256260191599273e-8,1.0481824195279348e-15,0.0002273728104950105,-3.305300204263916e-8,2.970707487321659e-11,4.725487456983401e-6,1.6878237424913447e-14,4.3096323357645695e-6,9.685820272864126e-15,9.93712549038404e-14,-1.0022713296716404e-15,-0.00011080083718719017,-9.366047968938394e-7,4.555853015724961e-8,5.67979891204993e-9,-8.385037556447797e-15,-2.3462591763953838e-5,-0.0005965965562224279,1.1016470404061766e-9,-4.6729504985362194e-14,0.0001666200357201993,-1.6738932738736016e-8,-9.33219474027728e-10,-2.64899903083043e-12,2.7977384771432513e-12,-5.558869224242595e-5,-0.003304299037378322,1.749433018207881e-12,7.794891144878665e-11,2.4299213899594287e-10,9.176293533398214e-6,8.436381176410037e-9,-2.5392946883400492e-12,1.785668042140131e-8,-1.049358625954647e-6,3.530276031930945e-7,4.349996000713718e-15,-7.767854377344481e-13,-4.1272859637366656e-11,5.258485095871602e-12,1.50128846783542e-12,-7.92235592034803e-12,-0.0005047621638634125,-0.0012968779601303044,-9.339151627560521e-16,8.807298377521338e-10,-0.0014243907780112082
0.0,0.0,0.0,0.0,0.0,0.0,0.0,0.0,0.0,0.0,0.0,0.0,0.0,0.0,0.0,0.0,0.0,0.0,0.0,0.0,0.0,0.0,0.0,0.0,0.0,0.0,0.0,0.0,0.0,0.0,0.0,0.0,0.0,0.0,0.0,0.0,0.0,0.0,0.0,0.0,0.0,0.0,0.0,0.0,0.0,0.0,0.0,0.0,0.0,0.0,0.0,0.0,0.0,0.0,0.0,0.0,0.0,0.0,0.0,0.0,0.0,0.0,0.0,0.0,0.0,0.0,0.0,0.0,0.0,0.0,0.0,0.0,0.0,0.0,0.0,0.0,0.0,0.0,0.0,0.0,0.0,0.0,0.0,0.0,0.0,0.0,0.0,0.0,0.0,0.0,0.0,0.0,0.0,0.0,0.0,0.0,0.0,0.0,0.0,0.0,0.0,0.0,0.0,0.0,0.0,0.0,0.0,0.0,0.0,0.0,0.0,0.0,0.0,0.0,0.0,0.0,0.0,0.0,0.0,0.0,0.0,0.0,0.0,0.0,0.0,0.0,0.0,0.0,0.0,0.0,0.0,0.0,0.0,0.0,0.0,0.0,0.0,0.0,0.0,0.0,0.0,0.0,0.0,0.0,0.0,0.0,0.0,0.0,0.0,0.0,0.0,0.0,0.0,0.0,0.0,0.0,0.0,0.0,0.0,0.0,0.0,0.0,0.0,0.0,0.0,0.0,0.0,0.0,0.0,0.0,0.0,0.0,0.0,0.0,0.0,0.0,0.0,0.0,0.0,0.0,0.0,0.0,0.0,0.0,0.0,0.0,0.0,0.0,0.0,0.0,0.0,0.0,0.0,0.0,0.0,0.0,0.0,0.0,0.0,0.0,0.0,0.0,0.0,0.0,0.0,0.0,0.0,0.0,0.0,0.0,0.0,0.0,0.0,0.0,0.0,0.0,0.0,0.0,0.0,0.0,0.0,0.0,0.0,0.0,0.0,0.0,0.0,0.0,0.0,0.0,0.0,0.0,0.0,0.0,0.0,0.0,0.0,0.0,0.0,0.0,0.0,0.0,0.0,0.0,0.0,0.0,0.0,0.0,0.0,0.0,0.0,0.0,0.0,0.0,0.0,0.0,0.0,0.0,0.0,0.0,0.0,0.0,0.0,0.0,0.0,0.0,0.0,0.0,0.0,0.0,0.0,0.0,0.0,0.0,0.0,0.0,0.0,0.0,0.0,0.0,0.0,0.0,0.0,0.0,0.0,0.0,0.0,0.0,0.0,0.0,0.0,0.0,0.0,0.0,0.0,0.0,0.0,0.0,0.0,0.0,0.0,0.0,0.0,0.0,0.0,0.0,0.0,0.0,0.0,0.0,0.0,0.0,0.0,0.0,0.0,0.0,0.0,0.0,0.0,0.0,0.0,0.0,0.0,0.0,0.0,0.0,0.0,0.0,0.0,0.0,0.0,0.0,0.0,0.0,0.0,0.0,0.0,0.0,0.0,0.0,0.0,0.0,0.0,0.0,0.0,0.0,0.0,0.0,0.0,0.0,0.0,0.0,0.0,0.0,0.0,0.0,0.0,0.0,0.0,0.0,0.0,0.0,0.0,0.0,0.0,0.0,0.0,0.0,0.0,0.0,0.0,0.0,0.0,0.0,0.0,0.0,0.0,0.0,0.0,0.0,0.0,0.0,0.0,0.0,0.0,0.0,0.0,0.0,0.0,0.0,0.0,0.0,0.0,0.0,0.0,0.0,0.0,0.0,0.0,0.0,0.0,0.0,0.0,0.0,0.0,0.0,0.0,0.0,0.0,0.0,0.0,0.0,0.0,0.0,0.0,0.0,0.0,0.0,0.0,0.0,0.0,0.0,0.0,0.0,0.0,0.0,0.0,0.0,0.0,0.0,0.0,0.0,0.0,0.0,0.0,0.0,0.0,0.0,0.0,0.0,0.0,0.0,0.0,0.0,0.0,0.0,0.0,0.0,0.0,0.0,0.0,0.0,0.0,0.0,0.0,0.0,0.0,0.0,0.0,0.0,0.0,0.0,0.0,0.0,0.0,0.0,0.0,0.0,0.0,0.0,0.0,0.0,0.0,0.0,0.0,0.0,0.0,0.0,0.0,0.0,0.0,0.0,0.0,0.0,0.0,0.0,0.0,0.0,0.0,0.0,0.0,0.0,0.0,0.0,0.0,0.0,0.0,0.0,0.0,0.0,0.0,0.0,0.0,0.0,0.0,0.0,0.0,0.0,0.0,0.0,0.0,0.0,0.0,0.0,0.0,0.0,0.0,0.0,0.0,0.0,0.0,0.0,0.0,0.0,0.0,0.0,0.0,0.0,0.0,0.0,0.0,0.0,0.0,0.0,0.0,0.0,0.0,0.0,0.0,0.0,0.0,0.0,0.0,0.0,0.0,0.0,0.0,0.0,0.0,0.0,0.0,0.0,0.0,0.0,0.0,0.0,0.0,0.0,0.0,0.0,0.0,0.0,0.0,0.0,0.0,0.0,0.0,0.0,0.0,0.0,0.0,0.0,0.0,0.0,0.0,0.0,0.0,0.0,0.0,0.0,0.0,0.0,0.0,0.0,0.0,0.0,0.0,0.0,0.0,0.0,0.0,0.0,0.0,0.0,0.0,0.0,0.0,0.0,0.0,0.0,0.0,0.0,0.0,0.0,0.0,0.0,0.0,0.0,0.0,0.0,0.0,0.0,0.0,0.0,0.0,0.0,0.0,0.0,0.0,0.0,0.0,0.0,0.0,0.0,0.0,0.0,0.0,0.0,0.0,0.0,0.0,0.0,0.0,0.0,0.0,0.0,0.0,0.0,0.0,0.0,0.0,0.0,0.0,0.0,0.0,0.0,0.0,0.0,0.0,0.0,0.0,0.0,0.0,0.0,0.0,0.0,0.0,0.0,0.0,0.0,0.0,0.0,0.0,0.0,0.0,0.0,0.0,0.0,0.0,0.0,0.0,0.0,0.0,0.0,0.0,0.0,0.0,0.0,0.0,0.0,0.0,0.0,0.0,0.0,0.0,0.0,0.0,0.0,0.0,0.0,0.0,0.0,0.0,0.0,0.0,0.0,0.0,0.0,0.0,0.0,0.0,0.0,0.0,0.0,0.0,0.0,0.0,0.0,0.0,0.0,0.0,0.0,0.0,0.0,0.0,0.0,0.0,0.0,0.0,0.0,0.01935728784542949,0.0012781844539521414,-1.467045236631371e-11,0.0011275217375517057,9.416713530631826e-11,-1.7440904464975119e-12,5.794758601846318e-12,6.6115079942733664e-15,1.109132129821673e-9,-2.06537579492672e-13,0.004397165590315523,2.2304471773485375e-11,-7.736360285323959e-13,-1.600312078609707e-9,-1.4219810926560105e-14,4.06596831358907e-14,-1.323409270717319e-13,0.002551156959812342,-1.3000454127027707e-11,3.0870420127228827e-7,-1.6925138594901877e-9,8.200799284626388e-17,3.699677574959784e-8,-2.2397503397419597e-5,4.5341985857661335e-12,-2.859201225503464e-5,-2.753797118505618e-12,1.0856851293225352e-13,-1.5238171043598532e-6,2.604021696246504e-8,2.2395081629010113e-8,1.2330136921068371e-12,-1.1176994549251252e-8,1.0527397694060304e-15,0.0001433440953064502,-4.3863232821460455e-8,6.743535944995526e-11,3.191627358187729e-6,1.806195353249647e-14,-5.090293117386798e-5,-6.537614725268553e-14,3.3970324339125793e-13,3.881054763325979e-17,-6.226169791786131e-6,-3.272932958479402e-7,9.082900236515932e-9,-1.2353175606555954e-8,-2.1008746992313482e-15,-1.1015899757058603e-5,-0.00010146017481722342,8.015324216842717e-10,1.618055556953862e-13,2.8985796680982057e-5,6.434240998451295e-9,-5.417715393471585e-9,-7.1979201216879395e-12,-2.139513199223685e-11,7.736446866690238e-6,0.0003123261898928233,1.033073603553696e-12,5.81572151572744e-11,6.774853376804705e-9,1.0749551448714552e-6,6.104179545371542e-9,-1.831621282576417e-12,-1.3428916870117431e-8,-1.015847737625173e-6,3.2230550949064973e-6,1.8023246410354693e-14,-1.8213171213395282e-13,-2.6284299056478253e-11,4.4101711482706515e-12,1.9087699586305277e-11,-4.315352750457071e-12,-5.108877012477194e-5,0.0004104037074636692,3.3839758686483142e-15,1.9237152890765324e-11,0.002871362867272265
0.0,0.0,0.0,0.0,0.0,0.0,0.0,0.0,0.0,0.0,0.0,0.0,0.0,0.0,0.0,0.0,0.0,0.0,0.0,0.0,0.0,0.0,0.0,0.0,0.0,0.0,0.0,0.0,0.0,0.0,0.0,0.0,0.0,0.0,0.0,0.0,0.0,0.0,0.0,0.0,0.0,0.0,0.0,0.0,0.0,0.0,0.0,0.0,0.0,0.0,0.0,0.0,0.0,0.0,0.0,0.0,0.0,0.0,0.0,0.0,0.0,0.0,0.0,0.0,0.0,0.0,0.0,0.0,0.0,0.0,0.0,0.0,0.0,0.0,0.0,0.0,0.0,0.0,0.0,0.0,0.0,0.0,0.0,0.0,0.0,0.0,0.0,0.0,0.0,0.0,0.0,0.0,0.0,0.0,0.0,0.0,0.0,0.0,0.0,0.0,0.0,0.0,0.0,0.0,0.0,0.0,0.0,0.0,0.0,0.0,0.0,0.0,0.0,0.0,0.0,0.0,0.0,0.0,0.0,0.0,0.0,0.0,0.0,0.0,0.0,0.0,0.0,0.0,0.0,0.0,0.0,0.0,0.0,0.0,0.0,0.0,0.0,0.0,0.0,0.0,0.0,0.0,0.0,0.0,0.0,0.0,0.0,0.0,0.0,0.0,0.0,0.0,0.0,0.0,0.0,0.0,0.0,0.0,0.0,0.0,0.0,0.0,0.0,0.0,0.0,0.0,0.0,0.0,0.0,0.0,0.0,0.0,0.0,0.0,0.0,0.0,0.0,0.0,0.0,0.0,0.0,0.0,0.0,0.0,0.0,0.0,0.0,0.0,0.0,0.0,0.0,0.0,0.0,0.0,0.0,0.0,0.0,0.0,0.0,0.0,0.0,0.0,0.0,0.0,0.0,0.0,0.0,0.0,0.0,0.0,0.0,0.0,0.0,0.0,0.0,0.0,0.0,0.0,0.0,0.0,0.0,0.0,0.0,0.0,0.0,0.0,0.0,0.0,0.0,0.0,0.0,0.0,0.0,0.0,0.0,0.0,0.0,0.0,0.0,0.0,0.0,0.0,0.0,0.0,0.0,0.0,0.0,0.0,0.0,0.0,0.0,0.0,0.0,0.0,0.0,0.0,0.0,0.0,0.0,0.0,0.0,0.0,0.0,0.0,0.0,0.0,0.0,0.0,0.0,0.0,0.0,0.0,0.0,0.0,0.0,0.0,0.0,0.0,0.0,0.0,0.0,0.0,0.0,0.0,0.0,0.0,0.0,0.0,0.0,0.0,0.0,0.0,0.0,0.0,0.0,0.0,0.0,0.0,0.0,0.0,0.0,0.0,0.0,0.0,0.0,0.0,0.0,0.0,0.0,0.0,0.0,0.0,0.0,0.0,0.0,0.0,0.0,0.0,0.0,0.0,0.0,0.0,0.0,0.0,0.0,0.0,0.0,0.0,0.0,0.0,0.0,0.0,0.0,0.0,0.0,0.0,0.0,0.0,0.0,0.0,0.0,0.0,0.0,0.0,0.0,0.0,0.0,0.0,0.0,0.0,0.0,0.0,0.0,0.0,0.0,0.0,0.0,0.0,0.0,0.0,0.0,0.0,0.0,0.0,0.0,0.0,0.0,0.0,0.0,0.0,0.0,0.0,0.0,0.0,0.0,0.0,0.0,0.0,0.0,0.0,0.0,0.0,0.0,0.0,0.0,0.0,0.0,0.0,0.0,0.0,0.0,0.0,0.0,0.0,0.0,0.0,0.0,0.0,0.0,0.0,0.0,0.0,0.0,0.0,0.0,0.0,0.0,0.0,0.0,0.0,0.0,0.0,0.0,0.0,0.0,0.0,0.0,0.0,0.0,0.0,0.0,0.0,0.0,0.0,0.0,0.0,0.0,0.0,0.0,0.0,0.0,0.0,0.0,0.0,0.0,0.0,0.0,0.0,0.0,0.0,0.0,0.0,0.0,0.0,0.0,0.0,0.0,0.0,0.0,0.0,0.0,0.0,0.0,0.0,0.0,0.0,0.0,0.0,0.0,0.0,0.0,0.0,0.0,0.0,0.0,0.0,0.0,0.0,0.0,0.0,0.0,0.0,0.0,0.0,0.0,0.0,0.0,0.0,0.0,0.0,0.0,0.0,0.0,0.0,0.0,0.0,0.0,0.0,0.0,0.0,0.0,0.0,0.0,0.0,0.0,0.0,0.0,0.0,0.0,0.0,0.0,0.0,0.0,0.0,0.0,0.0,0.0,0.0,0.0,0.0,0.0,0.0,0.0,0.0,0.0,0.0,0.0,0.0,0.0,0.0,0.0,0.0,0.0,0.0,0.0,0.0,0.0,0.0,0.0,0.0,0.0,0.0,0.0,0.0,0.0,0.0,0.0,0.0,0.0,0.0,0.0,0.0,0.0,0.0,0.0,0.0,0.0,0.0,0.0,0.0,0.0,0.0,0.0,0.0,0.0,0.0,0.0,0.0,0.0,0.0,0.0,0.0,0.0,0.0,0.0,0.0,0.0,0.0,0.0,0.0,0.0,0.0,0.0,0.0,0.0,0.0,0.0,0.0,0.0,0.0,0.0,0.0,0.0,0.0,0.0,0.0,0.0,0.0,0.0,0.0,0.0,0.0,0.0,0.0,0.0,0.0,0.0,0.0,0.0,0.0,0.0,0.0,0.0,0.0,0.0,0.0,0.0,0.0,0.0,0.0,0.0,0.0,0.0,0.0,0.0,0.0,0.0,0.0,0.0,0.0,0.0,0.0,0.0,0.0,0.0,0.0,0.0,0.0,0.0,0.0,0.0,0.0,0.0,0.0,0.0,0.0,0.0,0.0,0.0,0.0,0.0,0.0,0.0,0.0,0.0,0.0,0.0,0.0,0.0,0.0,0.0,0.0,0.0,0.0,0.0,0.0,0.0,0.0,0.0,0.0,0.0,0.0,0.0,0.0,0.0,0.0,0.0,0.0,0.0,0.0,0.0,0.0,0.0,0.0,0.0,0.0,0.0,0.0,0.0,0.0,0.0,0.0,0.0,0.0,0.0,0.0,0.0,0.0,0.0,0.0,0.0,0.0,0.0,0.0,0.0,0.0,0.0,0.0,0.0,0.0,0.0,0.0,0.0,0.0,0.0,0.0,0.0,0.0,0.0,0.0,0.0,0.0,0.0,0.0,0.0,0.0,0.0,0.0,0.0,0.0,0.0,0.024165065276587384,-1.0774266929521573e-11,0.0007827158758936039,1.6089783839601066e-11,-1.2280015701364243e-12,1.7224728156109421e-12,5.547677532026151e-15,8.18684272130061e-10,-1.2363732729632647e-13,-8.363839622819614e-5,4.566141733792868e-11,6.817153580416551e-14,-8.603508311925983e-11,-2.6376963781953353e-14,2.594162583836323e-14,-8.776589346823999e-14,0.00226147572255296,-1.3209675939159767e-11,-1.9157395649325864e-7,-5.405334259164443e-10,-4.2165187310872153e-16,-1.631960177628063e-7,-3.3501371237863066e-6,9.979373656885431e-11,-0.00035028026871448405,-1.4911523909025088e-10,9.87497659714993e-14,6.114673433601328e-7,1.9357915506484343e-8,-5.089598726365718e-8,1.394122478295282e-12,-2.2366601515840894e-9,1.3742810651278309e-15,-0.0001155175856345144,-1.3699385390437553e-8,4.2546094947035624e-11,-1.3895487099097267e-6,6.443748437407318e-15,-6.485178265417344e-5,-2.38779485497111e-14,5.406252595463595e-14,2.9185998177621423e-16,-2.412275735467408e-5,-5.92904393616191e-7,1.5331132821891622e-8,-3.1369915472422924e-9,6.323092437754588e-16,-7.134822141264628e-6,-0.00027954581119462245,3.485067298051399e-10,-2.28783615318195e-13,7.120680810376442e-5,-1.2640631619301095e-8,-3.8896208929078266e-9,-9.56033819182564e-12,-6.2157388968142e-12,-4.848248224658223e-5,0.003275377670104349,1.1170722492405257e-12,4.884966847200388e-11,2.4916810483586695e-9,5.458964720274288e-6,1.8397060530815344e-9,-1.007761294990563e-12,5.038304430796882e-9,-4.6604203194180113e-7,1.2122760268303552e-6,6.328022839433316e-15,-1.2899055363954775e-13,-2.8161172487081272e-11,2.555262591230818e-12,1.0696432601581409e-11,9.421686843226178e-13,-0.0002168199497301107,-0.0007480810086090097,1.65166777732877e-15,8.856334513603642e-11,0.013105669486771034
0.0,0.0,0.0,0.0,0.0,0.0,0.0,0.0,0.0,0.0,0.0,0.0,0.0,0.0,0.0,0.0,0.0,0.0,0.0,0.0,0.0,0.0,0.0,0.0,0.0,0.0,0.0,0.0,0.0,0.0,0.0,0.0,0.0,0.0,0.0,0.0,0.0,0.0,0.0,0.0,0.0,0.0,0.0,0.0,0.0,0.0,0.0,0.0,0.0,0.0,0.0,0.0,0.0,0.0,0.0,0.0,0.0,0.0,0.0,0.0,0.0,0.0,0.0,0.0,0.0,0.0,0.0,0.0,0.0,0.0,0.0,0.0,0.0,0.0,0.0,0.0,0.0,0.0,0.0,0.0,0.0,0.0,0.0,0.0,0.0,0.0,0.0,0.0,0.0,0.0,0.0,0.0,0.0,0.0,0.0,0.0,0.0,0.0,0.0,0.0,0.0,0.0,0.0,0.0,0.0,0.0,0.0,0.0,0.0,0.0,0.0,0.0,0.0,0.0,0.0,0.0,0.0,0.0,0.0,0.0,0.0,0.0,0.0,0.0,0.0,0.0,0.0,0.0,0.0,0.0,0.0,0.0,0.0,0.0,0.0,0.0,0.0,0.0,0.0,0.0,0.0,0.0,0.0,0.0,0.0,0.0,0.0,0.0,0.0,0.0,0.0,0.0,0.0,0.0,0.0,0.0,0.0,0.0,0.0,0.0,0.0,0.0,0.0,0.0,0.0,0.0,0.0,0.0,0.0,0.0,0.0,0.0,0.0,0.0,0.0,0.0,0.0,0.0,0.0,0.0,0.0,0.0,0.0,0.0,0.0,0.0,0.0,0.0,0.0,0.0,0.0,0.0,0.0,0.0,0.0,0.0,0.0,0.0,0.0,0.0,0.0,0.0,0.0,0.0,0.0,0.0,0.0,0.0,0.0,0.0,0.0,0.0,0.0,0.0,0.0,0.0,0.0,0.0,0.0,0.0,0.0,0.0,0.0,0.0,0.0,0.0,0.0,0.0,0.0,0.0,0.0,0.0,0.0,0.0,0.0,0.0,0.0,0.0,0.0,0.0,0.0,0.0,0.0,0.0,0.0,0.0,0.0,0.0,0.0,0.0,0.0,0.0,0.0,0.0,0.0,0.0,0.0,0.0,0.0,0.0,0.0,0.0,0.0,0.0,0.0,0.0,0.0,0.0,0.0,0.0,0.0,0.0,0.0,0.0,0.0,0.0,0.0,0.0,0.0,0.0,0.0,0.0,0.0,0.0,0.0,0.0,0.0,0.0,0.0,0.0,0.0,0.0,0.0,0.0,0.0,0.0,0.0,0.0,0.0,0.0,0.0,0.0,0.0,0.0,0.0,0.0,0.0,0.0,0.0,0.0,0.0,0.0,0.0,0.0,0.0,0.0,0.0,0.0,0.0,0.0,0.0,0.0,0.0,0.0,0.0,0.0,0.0,0.0,0.0,0.0,0.0,0.0,0.0,0.0,0.0,0.0,0.0,0.0,0.0,0.0,0.0,0.0,0.0,0.0,0.0,0.0,0.0,0.0,0.0,0.0,0.0,0.0,0.0,0.0,0.0,0.0,0.0,0.0,0.0,0.0,0.0,0.0,0.0,0.0,0.0,0.0,0.0,0.0,0.0,0.0,0.0,0.0,0.0,0.0,0.0,0.0,0.0,0.0,0.0,0.0,0.0,0.0,0.0,0.0,0.0,0.0,0.0,0.0,0.0,0.0,0.0,0.0,0.0,0.0,0.0,0.0,0.0,0.0,0.0,0.0,0.0,0.0,0.0,0.0,0.0,0.0,0.0,0.0,0.0,0.0,0.0,0.0,0.0,0.0,0.0,0.0,0.0,0.0,0.0,0.0,0.0,0.0,0.0,0.0,0.0,0.0,0.0,0.0,0.0,0.0,0.0,0.0,0.0,0.0,0.0,0.0,0.0,0.0,0.0,0.0,0.0,0.0,0.0,0.0,0.0,0.0,0.0,0.0,0.0,0.0,0.0,0.0,0.0,0.0,0.0,0.0,0.0,0.0,0.0,0.0,0.0,0.0,0.0,0.0,0.0,0.0,0.0,0.0,0.0,0.0,0.0,0.0,0.0,0.0,0.0,0.0,0.0,0.0,0.0,0.0,0.0,0.0,0.0,0.0,0.0,0.0,0.0,0.0,0.0,0.0,0.0,0.0,0.0,0.0,0.0,0.0,0.0,0.0,0.0,0.0,0.0,0.0,0.0,0.0,0.0,0.0,0.0,0.0,0.0,0.0,0.0,0.0,0.0,0.0,0.0,0.0,0.0,0.0,0.0,0.0,0.0,0.0,0.0,0.0,0.0,0.0,0.0,0.0,0.0,0.0,0.0,0.0,0.0,0.0,0.0,0.0,0.0,0.0,0.0,0.0,0.0,0.0,0.0,0.0,0.0,0.0,0.0,0.0,0.0,0.0,0.0,0.0,0.0,0.0,0.0,0.0,0.0,0.0,0.0,0.0,0.0,0.0,0.0,0.0,0.0,0.0,0.0,0.0,0.0,0.0,0.0,0.0,0.0,0.0,0.0,0.0,0.0,0.0,0.0,0.0,0.0,0.0,0.0,0.0,0.0,0.0,0.0,0.0,0.0,0.0,0.0,0.0,0.0,0.0,0.0,0.0,0.0,0.0,0.0,0.0,0.0,0.0,0.0,0.0,0.0,0.0,0.0,0.0,0.0,0.0,0.0,0.0,0.0,0.0,0.0,0.0,0.0,0.0,0.0,0.0,0.0,0.0,0.0,0.0,0.0,0.0,0.0,0.0,0.0,0.0,0.0,0.0,0.0,0.0,0.0,0.0,0.0,0.0,0.0,0.0,0.0,0.0,0.0,0.0,0.0,0.0,0.0,0.0,0.0,0.0,0.0,0.0,0.0,0.0,0.0,0.0,0.0,0.0,0.0,0.0,0.0,0.0,0.0,0.0,0.0,0.0,0.0,0.0,0.0,0.0,0.0,0.0,0.0,0.0,0.0,0.0,0.0,0.0,0.0,0.0,0.0,0.0,0.0,0.0,0.0,0.0,0.0,0.0,0.0,0.0,0.0,0.0,0.0,0.0,0.0,0.0,0.0,0.0,0.0,0.0,0.0,0.0,0.0,0.0,0.0,0.0,0.0,0.0,0.0,0.0,0.0,0.0,0.0,0.0,0.0,0.0,0.0,0.0,0.0,0.0,0.0,0.0,0.02340839300358867,7.701168903444257e-11,-0.0006513291372327785,0.00019878854772016722,-0.003299552233508236,-1.2034791437616495e-5,-6.55597337510891e-5,0.0001455894001583099,-1.5714086506387175e-13,0.0003982170484304232,0.001554809709229374,-0.00018141767553312706,-5.551462796438095e-5,-1.2923643343444666e-6,-2.401918289119869e-6,-3.0952677040658694e-11,-0.0006765809506119841,-2.3671952711699204e-8,-9.052606408188423e-5,-2.2909148583354075e-6,-2.2723000505579803e-7,1.1592527297152427e-8,-0.0015220851070288583,1.1258831282743813e-10,1.1659086339756608e-5,-9.907146610846065e-5,8.687342549938318e-9,-3.933321905345927e-6,1.4075504076711085e-6,-0.0016654907424551568,-8.015802510235947e-6,-9.70622829011495e-7,-6.087327627990813e-11,1.0589602398807298e-6,0.0008778131279501548,-2.3901084013808378e-8,2.486513780938445e-5,2.105902196270467e-9,-4.229010178017672e-5,0.00012753210954296535,4.7260053655589605e-7,1.95678508039452e-10,-1.7309734845802277e-9,1.281029219985447e-7,-3.171037663655808e-7,5.314808956117593e-6,2.3775035586203578e-8,1.894792948314826e-10,-7.908470108839337e-5,0.00026000903615985675,-4.829753429803419e-11,2.81791261996081e-6,1.86722149815895e-6,0.0008333025046954169,0.0025356177318880137,-5.1099786917685315e-11,5.1840785774159886e-11,3.7300655997264374e-6,-0.0022509462338921107,3.7635268065506866e-5,-2.6928735644045707e-9,-2.4895528638152545e-5,0.0008717836441889279,-4.955462046437232e-6,-1.577893056841798e-8,-4.535111005540932e-8,2.0848214604006773e-5,0.0005427781703141043,0.006412755043706186,-0.002711512795734025,2.9763262520927725e-5,-0.0029473499982697973,4.4176373662355467e-10,-3.085492631754404e-11,2.595329479889957e-7,-0.00016992447054647628,9.488537392591465e-12
0.0,0.0,0.0,0.0,0.0,0.0,0.0,0.0,0.0,0.0,0.0,0.0,0.0,0.0,0.0,0.0,0.0,0.0,0.0,0.0,0.0,0.0,0.0,0.0,0.0,0.0,0.0,0.0,0.0,0.0,0.0,0.0,0.0,0.0,0.0,0.0,0.0,0.0,0.0,0.0,0.0,0.0,0.0,0.0,0.0,0.0,0.0,0.0,0.0,0.0,0.0,0.0,0.0,0.0,0.0,0.0,0.0,0.0,0.0,0.0,0.0,0.0,0.0,0.0,0.0,0.0,0.0,0.0,0.0,0.0,0.0,0.0,0.0,0.0,0.0,0.0,0.0,0.0,0.0,0.0,0.0,0.0,0.0,0.0,0.0,0.0,0.0,0.0,0.0,0.0,0.0,0.0,0.0,0.0,0.0,0.0,0.0,0.0,0.0,0.0,0.0,0.0,0.0,0.0,0.0,0.0,0.0,0.0,0.0,0.0,0.0,0.0,0.0,0.0,0.0,0.0,0.0,0.0,0.0,0.0,0.0,0.0,0.0,0.0,0.0,0.0,0.0,0.0,0.0,0.0,0.0,0.0,0.0,0.0,0.0,0.0,0.0,0.0,0.0,0.0,0.0,0.0,0.0,0.0,0.0,0.0,0.0,0.0,0.0,0.0,0.0,0.0,0.0,0.0,0.0,0.0,0.0,0.0,0.0,0.0,0.0,0.0,0.0,0.0,0.0,0.0,0.0,0.0,0.0,0.0,0.0,0.0,0.0,0.0,0.0,0.0,0.0,0.0,0.0,0.0,0.0,0.0,0.0,0.0,0.0,0.0,0.0,0.0,0.0,0.0,0.0,0.0,0.0,0.0,0.0,0.0,0.0,0.0,0.0,0.0,0.0,0.0,0.0,0.0,0.0,0.0,0.0,0.0,0.0,0.0,0.0,0.0,0.0,0.0,0.0,0.0,0.0,0.0,0.0,0.0,0.0,0.0,0.0,0.0,0.0,0.0,0.0,0.0,0.0,0.0,0.0,0.0,0.0,0.0,0.0,0.0,0.0,0.0,0.0,0.0,0.0,0.0,0.0,0.0,0.0,0.0,0.0,0.0,0.0,0.0,0.0,0.0,0.0,0.0,0.0,0.0,0.0,0.0,0.0,0.0,0.0,0.0,0.0,0.0,0.0,0.0,0.0,0.0,0.0,0.0,0.0,0.0,0.0,0.0,0.0,0.0,0.0,0.0,0.0,0.0,0.0,0.0,0.0,0.0,0.0,0.0,0.0,0.0,0.0,0.0,0.0,0.0,0.0,0.0,0.0,0.0,0.0,0.0,0.0,0.0,0.0,0.0,0.0,0.0,0.0,0.0,0.0,0.0,0.0,0.0,0.0,0.0,0.0,0.0,0.0,0.0,0.0,0.0,0.0,0.0,0.0,0.0,0.0,0.0,0.0,0.0,0.0,0.0,0.0,0.0,0.0,0.0,0.0,0.0,0.0,0.0,0.0,0.0,0.0,0.0,0.0,0.0,0.0,0.0,0.0,0.0,0.0,0.0,0.0,0.0,0.0,0.0,0.0,0.0,0.0,0.0,0.0,0.0,0.0,0.0,0.0,0.0,0.0,0.0,0.0,0.0,0.0,0.0,0.0,0.0,0.0,0.0,0.0,0.0,0.0,0.0,0.0,0.0,0.0,0.0,0.0,0.0,0.0,0.0,0.0,0.0,0.0,0.0,0.0,0.0,0.0,0.0,0.0,0.0,0.0,0.0,0.0,0.0,0.0,0.0,0.0,0.0,0.0,0.0,0.0,0.0,0.0,0.0,0.0,0.0,0.0,0.0,0.0,0.0,0.0,0.0,0.0,0.0,0.0,0.0,0.0,0.0,0.0,0.0,0.0,0.0,0.0,0.0,0.0,0.0,0.0,0.0,0.0,0.0,0.0,0.0,0.0,0.0,0.0,0.0,0.0,0.0,0.0,0.0,0.0,0.0,0.0,0.0,0.0,0.0,0.0,0.0,0.0,0.0,0.0,0.0,0.0,0.0,0.0,0.0,0.0,0.0,0.0,0.0,0.0,0.0,0.0,0.0,0.0,0.0,0.0,0.0,0.0,0.0,0.0,0.0,0.0,0.0,0.0,0.0,0.0,0.0,0.0,0.0,0.0,0.0,0.0,0.0,0.0,0.0,0.0,0.0,0.0,0.0,0.0,0.0,0.0,0.0,0.0,0.0,0.0,0.0,0.0,0.0,0.0,0.0,0.0,0.0,0.0,0.0,0.0,0.0,0.0,0.0,0.0,0.0,0.0,0.0,0.0,0.0,0.0,0.0,0.0,0.0,0.0,0.0,0.0,0.0,0.0,0.0,0.0,0.0,0.0,0.0,0.0,0.0,0.0,0.0,0.0,0.0,0.0,0.0,0.0,0.0,0.0,0.0,0.0,0.0,0.0,0.0,0.0,0.0,0.0,0.0,0.0,0.0,0.0,0.0,0.0,0.0,0.0,0.0,0.0,0.0,0.0,0.0,0.0,0.0,0.0,0.0,0.0,0.0,0.0,0.0,0.0,0.0,0.0,0.0,0.0,0.0,0.0,0.0,0.0,0.0,0.0,0.0,0.0,0.0,0.0,0.0,0.0,0.0,0.0,0.0,0.0,0.0,0.0,0.0,0.0,0.0,0.0,0.0,0.0,0.0,0.0,0.0,0.0,0.0,0.0,0.0,0.0,0.0,0.0,0.0,0.0,0.0,0.0,0.0,0.0,0.0,0.0,0.0,0.0,0.0,0.0,0.0,0.0,0.0,0.0,0.0,0.0,0.0,0.0,0.0,0.0,0.0,0.0,0.0,0.0,0.0,0.0,0.0,0.0,0.0,0.0,0.0,0.0,0.0,0.0,0.0,0.0,0.0,0.0,0.0,0.0,0.0,0.0,0.0,0.0,0.0,0.0,0.0,0.0,0.0,0.0,0.0,0.0,0.0,0.0,0.0,0.0,0.0,0.0,0.0,0.0,0.0,0.0,0.0,0.0,0.0,0.0,0.0,0.0,0.0,0.0,0.0,0.0,0.0,0.0,0.0,0.0,0.0,0.0,0.0,0.0,0.0,0.0,0.0,0.0,0.0,0.0,0.0,0.0,0.0,0.0,0.0,0.0,0.0,0.0,0.0,0.0,0.0,0.0,0.0,0.0,0.0,0.0,0.0,0.0,0.0,0.0,0.0,0.0,0.03393818211735187,3.1273005889570134e-10,4.433770939767795e-12,2.425024897933295e-13,1.6457586985552936e-14,-1.6045151954704058e-9,-1.3400541655796833e-13,-9.727384456577768e-5,-1.9963270549364261e-10,1.1020977548638645e-11,-1.1996509005097124e-8,-1.7474380410870258e-13,1.355952708889719e-13,-1.275744337323043e-13,0.0016009026120313429,6.241310051186382e-11,2.1933108003157413e-6,-4.920527291051199e-9,-2.132365306746167e-15,1.2381409962900735e-6,2.4416092593203915e-5,-9.84555640893484e-10,0.0018811399171346599,2.0070239390408515e-9,-1.0934889149902006e-12,3.411034689558053e-5,-2.565777398623533e-8,3.971254852389085e-7,-7.803896898538358e-12,-2.4056843414404157e-8,3.71403858795955e-15,0.0008444109351296034,6.75132215366808e-8,5.511779841746185e-11,-1.429980960775517e-5,-1.72009271971438e-13,0.00042811454388355516,-5.5013918606454017e-14,-7.527416157252524e-13,4.630146393222216e-17,0.00033098778771981487,2.0349811462918795e-6,-7.554938906489656e-8,4.9690303124212965e-8,3.770255717904814e-14,7.014831186930727e-5,-0.00015911565939505335,1.50298130585519e-10,-4.061620467893002e-12,0.0012182837567569899,1.0788995865049059e-7,-1.946050282819842e-8,6.657977216977328e-11,-1.0734751357091415e-10,-0.01089001081069679,0.0021997950570638125,-9.121692938078828e-13,-3.1384984670782117e-10,5.1662498313387165e-8,4.632073781465719e-5,8.333322179672861e-9,4.164210894250899e-12,-5.162202807958365e-8,6.348666742381696e-6,7.156111253175793e-6,7.98567048284234e-15,9.798971192035386e-13,9.427718748697523e-11,-3.1727215322872457e-11,-1.1996194184604433e-10,3.8804488413249066e-11,0.0009033827073682277,-0.00041212631134854473,-2.1887323541678593e-14,-5.370057304947009e-10,-0.0001701181239480888
0.0,0.0,0.0,0.0,0.0,0.0,0.0,0.0,0.0,0.0,0.0,0.0,0.0,0.0,0.0,0.0,0.0,0.0,0.0,0.0,0.0,0.0,0.0,0.0,0.0,0.0,0.0,0.0,0.0,0.0,0.0,0.0,0.0,0.0,0.0,0.0,0.0,0.0,0.0,0.0,0.0,0.0,0.0,0.0,0.0,0.0,0.0,0.0,0.0,0.0,0.0,0.0,0.0,0.0,0.0,0.0,0.0,0.0,0.0,0.0,0.0,0.0,0.0,0.0,0.0,0.0,0.0,0.0,0.0,0.0,0.0,0.0,0.0,0.0,0.0,0.0,0.0,0.0,0.0,0.0,0.0,0.0,0.0,0.0,0.0,0.0,0.0,0.0,0.0,0.0,0.0,0.0,0.0,0.0,0.0,0.0,0.0,0.0,0.0,0.0,0.0,0.0,0.0,0.0,0.0,0.0,0.0,0.0,0.0,0.0,0.0,0.0,0.0,0.0,0.0,0.0,0.0,0.0,0.0,0.0,0.0,0.0,0.0,0.0,0.0,0.0,0.0,0.0,0.0,0.0,0.0,0.0,0.0,0.0,0.0,0.0,0.0,0.0,0.0,0.0,0.0,0.0,0.0,0.0,0.0,0.0,0.0,0.0,0.0,0.0,0.0,0.0,0.0,0.0,0.0,0.0,0.0,0.0,0.0,0.0,0.0,0.0,0.0,0.0,0.0,0.0,0.0,0.0,0.0,0.0,0.0,0.0,0.0,0.0,0.0,0.0,0.0,0.0,0.0,0.0,0.0,0.0,0.0,0.0,0.0,0.0,0.0,0.0,0.0,0.0,0.0,0.0,0.0,0.0,0.0,0.0,0.0,0.0,0.0,0.0,0.0,0.0,0.0,0.0,0.0,0.0,0.0,0.0,0.0,0.0,0.0,0.0,0.0,0.0,0.0,0.0,0.0,0.0,0.0,0.0,0.0,0.0,0.0,0.0,0.0,0.0,0.0,0.0,0.0,0.0,0.0,0.0,0.0,0.0,0.0,0.0,0.0,0.0,0.0,0.0,0.0,0.0,0.0,0.0,0.0,0.0,0.0,0.0,0.0,0.0,0.0,0.0,0.0,0.0,0.0,0.0,0.0,0.0,0.0,0.0,0.0,0.0,0.0,0.0,0.0,0.0,0.0,0.0,0.0,0.0,0.0,0.0,0.0,0.0,0.0,0.0,0.0,0.0,0.0,0.0,0.0,0.0,0.0,0.0,0.0,0.0,0.0,0.0,0.0,0.0,0.0,0.0,0.0,0.0,0.0,0.0,0.0,0.0,0.0,0.0,0.0,0.0,0.0,0.0,0.0,0.0,0.0,0.0,0.0,0.0,0.0,0.0,0.0,0.0,0.0,0.0,0.0,0.0,0.0,0.0,0.0,0.0,0.0,0.0,0.0,0.0,0.0,0.0,0.0,0.0,0.0,0.0,0.0,0.0,0.0,0.0,0.0,0.0,0.0,0.0,0.0,0.0,0.0,0.0,0.0,0.0,0.0,0.0,0.0,0.0,0.0,0.0,0.0,0.0,0.0,0.0,0.0,0.0,0.0,0.0,0.0,0.0,0.0,0.0,0.0,0.0,0.0,0.0,0.0,0.0,0.0,0.0,0.0,0.0,0.0,0.0,0.0,0.0,0.0,0.0,0.0,0.0,0.0,0.0,0.0,0.0,0.0,0.0,0.0,0.0,0.0,0.0,0.0,0.0,0.0,0.0,0.0,0.0,0.0,0.0,0.0,0.0,0.0,0.0,0.0,0.0,0.0,0.0,0.0,0.0,0.0,0.0,0.0,0.0,0.0,0.0,0.0,0.0,0.0,0.0,0.0,0.0,0.0,0.0,0.0,0.0,0.0,0.0,0.0,0.0,0.0,0.0,0.0,0.0,0.0,0.0,0.0,0.0,0.0,0.0,0.0,0.0,0.0,0.0,0.0,0.0,0.0,0.0,0.0,0.0,0.0,0.0,0.0,0.0,0.0,0.0,0.0,0.0,0.0,0.0,0.0,0.0,0.0,0.0,0.0,0.0,0.0,0.0,0.0,0.0,0.0,0.0,0.0,0.0,0.0,0.0,0.0,0.0,0.0,0.0,0.0,0.0,0.0,0.0,0.0,0.0,0.0,0.0,0.0,0.0,0.0,0.0,0.0,0.0,0.0,0.0,0.0,0.0,0.0,0.0,0.0,0.0,0.0,0.0,0.0,0.0,0.0,0.0,0.0,0.0,0.0,0.0,0.0,0.0,0.0,0.0,0.0,0.0,0.0,0.0,0.0,0.0,0.0,0.0,0.0,0.0,0.0,0.0,0.0,0.0,0.0,0.0,0.0,0.0,0.0,0.0,0.0,0.0,0.0,0.0,0.0,0.0,0.0,0.0,0.0,0.0,0.0,0.0,0.0,0.0,0.0,0.0,0.0,0.0,0.0,0.0,0.0,0.0,0.0,0.0,0.0,0.0,0.0,0.0,0.0,0.0,0.0,0.0,0.0,0.0,0.0,0.0,0.0,0.0,0.0,0.0,0.0,0.0,0.0,0.0,0.0,0.0,0.0,0.0,0.0,0.0,0.0,0.0,0.0,0.0,0.0,0.0,0.0,0.0,0.0,0.0,0.0,0.0,0.0,0.0,0.0,0.0,0.0,0.0,0.0,0.0,0.0,0.0,0.0,0.0,0.0,0.0,0.0,0.0,0.0,0.0,0.0,0.0,0.0,0.0,0.0,0.0,0.0,0.0,0.0,0.0,0.0,0.0,0.0,0.0,0.0,0.0,0.0,0.0,0.0,0.0,0.0,0.0,0.0,0.0,0.0,0.0,0.0,0.0,0.0,0.0,0.0,0.0,0.0,0.0,0.0,0.0,0.0,0.0,0.0,0.0,0.0,0.0,0.0,0.0,0.0,0.0,0.0,0.0,0.0,0.0,0.0,0.0,0.0,0.0,0.0,0.0,0.0,0.0,0.0,0.0,0.0,0.0,0.0,0.0,0.0,0.0,0.0,0.0,0.0,0.0,0.0,0.0,0.0,0.0,0.0,0.0,0.0,0.0,0.0,0.0,0.0,0.0,0.0,0.0,0.0,0.0,0.0,0.0,0.0,0.0,0.0,0.0,0.0,0.0,0.0,0.0,0.0,0.0,0.0,0.0,0.0,0.0,0.0,0.0,0.0,0.0,0.0,0.0,0.018396192961380443,-2.9050160289645683e-5,-0.00010774700583125179,-9.878715993135238e-7,-0.001294117742684123,1.6791488736756177e-5,6.252387358047378e-11,0.002846231880877862,0.0003814366252987202,0.000887599671565732,-8.655757198415244e-6,-2.576421049644742e-6,-2.2757086739036686e-6,-3.6229374347680396e-10,-0.0001959545093212189,-5.202980883900119e-7,-0.0012361849062474198,-2.1024828507713375e-7,6.549538604189352e-7,-5.191590662975842e-8,-0.0032511967908922736,3.8966592796210757e-10,-0.001759772852240879,1.2568187201058244e-5,-1.01863524975836e-7,6.9456172616104955e-6,1.551497972896774e-5,-0.00011636845390819797,6.818940682223728e-5,-9.101641957666646e-8,2.1294346506821564e-9,2.5484956105965003e-6,0.0025775979128478013,1.2824390541587628e-7,1.5570041394165858e-6,1.530350556474385e-8,2.287384740324085e-7,1.8961535271092556e-5,1.473924360529234e-7,4.3574701543357354e-8,6.194530428227447e-7,2.5403300915077406e-5,1.124539377369987e-6,2.4541021557042837e-7,7.110078527068434e-8,-3.342287357570212e-9,-0.0002502876566301098,0.00016618376010994016,1.7349929308087544e-9,-4.169452157715491e-5,6.147835909724226e-6,0.0010647962702297338,-0.0011031932799716623,-2.3137636837889268e-9,1.7694964630802472e-10,-3.123386245914176e-5,0.004003258035565868,0.00017499842302109197,-7.737643515990069e-8,-0.00021802397772185695,1.4998784904534525e-5,-7.823015546860269e-5,2.1586957757020006e-8,-7.667063798555664e-7,1.2118299007203514e-6,-3.8189079260994066e-5,-0.0008356170046685754,8.397329280064665e-5,0.0020900805524813053,0.00031079153692620135,-4.908422802543829e-9,3.198254979456781e-10,8.80421386356354e-9,-0.0025039605938788896,3.382644115638026e-11
0.0,0.0,0.0,0.0,0.0,0.0,0.0,0.0,0.0,0.0,0.0,0.0,0.0,0.0,0.0,0.0,0.0,0.0,0.0,0.0,0.0,0.0,0.0,0.0,0.0,0.0,0.0,0.0,0.0,0.0,0.0,0.0,0.0,0.0,0.0,0.0,0.0,0.0,0.0,0.0,0.0,0.0,0.0,0.0,0.0,0.0,0.0,0.0,0.0,0.0,0.0,0.0,0.0,0.0,0.0,0.0,0.0,0.0,0.0,0.0,0.0,0.0,0.0,0.0,0.0,0.0,0.0,0.0,0.0,0.0,0.0,0.0,0.0,0.0,0.0,0.0,0.0,0.0,0.0,0.0,0.0,0.0,0.0,0.0,0.0,0.0,0.0,0.0,0.0,0.0,0.0,0.0,0.0,0.0,0.0,0.0,0.0,0.0,0.0,0.0,0.0,0.0,0.0,0.0,0.0,0.0,0.0,0.0,0.0,0.0,0.0,0.0,0.0,0.0,0.0,0.0,0.0,0.0,0.0,0.0,0.0,0.0,0.0,0.0,0.0,0.0,0.0,0.0,0.0,0.0,0.0,0.0,0.0,0.0,0.0,0.0,0.0,0.0,0.0,0.0,0.0,0.0,0.0,0.0,0.0,0.0,0.0,0.0,0.0,0.0,0.0,0.0,0.0,0.0,0.0,0.0,0.0,0.0,0.0,0.0,0.0,0.0,0.0,0.0,0.0,0.0,0.0,0.0,0.0,0.0,0.0,0.0,0.0,0.0,0.0,0.0,0.0,0.0,0.0,0.0,0.0,0.0,0.0,0.0,0.0,0.0,0.0,0.0,0.0,0.0,0.0,0.0,0.0,0.0,0.0,0.0,0.0,0.0,0.0,0.0,0.0,0.0,0.0,0.0,0.0,0.0,0.0,0.0,0.0,0.0,0.0,0.0,0.0,0.0,0.0,0.0,0.0,0.0,0.0,0.0,0.0,0.0,0.0,0.0,0.0,0.0,0.0,0.0,0.0,0.0,0.0,0.0,0.0,0.0,0.0,0.0,0.0,0.0,0.0,0.0,0.0,0.0,0.0,0.0,0.0,0.0,0.0,0.0,0.0,0.0,0.0,0.0,0.0,0.0,0.0,0.0,0.0,0.0,0.0,0.0,0.0,0.0,0.0,0.0,0.0,0.0,0.0,0.0,0.0,0.0,0.0,0.0,0.0,0.0,0.0,0.0,0.0,0.0,0.0,0.0,0.0,0.0,0.0,0.0,0.0,0.0,0.0,0.0,0.0,0.0,0.0,0.0,0.0,0.0,0.0,0.0,0.0,0.0,0.0,0.0,0.0,0.0,0.0,0.0,0.0,0.0,0.0,0.0,0.0,0.0,0.0,0.0,0.0,0.0,0.0,0.0,0.0,0.0,0.0,0.0,0.0,0.0,0.0,0.0,0.0,0.0,0.0,0.0,0.0,0.0,0.0,0.0,0.0,0.0,0.0,0.0,0.0,0.0,0.0,0.0,0.0,0.0,0.0,0.0,0.0,0.0,0.0,0.0,0.0,0.0,0.0,0.0,0.0,0.0,0.0,0.0,0.0,0.0,0.0,0.0,0.0,0.0,0.0,0.0,0.0,0.0,0.0,0.0,0.0,0.0,0.0,0.0,0.0,0.0,0.0,0.0,0.0,0.0,0.0,0.0,0.0,0.0,0.0,0.0,0.0,0.0,0.0,0.0,0.0,0.0,0.0,0.0,0.0,0.0,0.0,0.0,0.0,0.0,0.0,0.0,0.0,0.0,0.0,0.0,0.0,0.0,0.0,0.0,0.0,0.0,0.0,0.0,0.0,0.0,0.0,0.0,0.0,0.0,0.0,0.0,0.0,0.0,0.0,0.0,0.0,0.0,0.0,0.0,0.0,0.0,0.0,0.0,0.0,0.0,0.0,0.0,0.0,0.0,0.0,0.0,0.0,0.0,0.0,0.0,0.0,0.0,0.0,0.0,0.0,0.0,0.0,0.0,0.0,0.0,0.0,0.0,0.0,0.0,0.0,0.0,0.0,0.0,0.0,0.0,0.0,0.0,0.0,0.0,0.0,0.0,0.0,0.0,0.0,0.0,0.0,0.0,0.0,0.0,0.0,0.0,0.0,0.0,0.0,0.0,0.0,0.0,0.0,0.0,0.0,0.0,0.0,0.0,0.0,0.0,0.0,0.0,0.0,0.0,0.0,0.0,0.0,0.0,0.0,0.0,0.0,0.0,0.0,0.0,0.0,0.0,0.0,0.0,0.0,0.0,0.0,0.0,0.0,0.0,0.0,0.0,0.0,0.0,0.0,0.0,0.0,0.0,0.0,0.0,0.0,0.0,0.0,0.0,0.0,0.0,0.0,0.0,0.0,0.0,0.0,0.0,0.0,0.0,0.0,0.0,0.0,0.0,0.0,0.0,0.0,0.0,0.0,0.0,0.0,0.0,0.0,0.0,0.0,0.0,0.0,0.0,0.0,0.0,0.0,0.0,0.0,0.0,0.0,0.0,0.0,0.0,0.0,0.0,0.0,0.0,0.0,0.0,0.0,0.0,0.0,0.0,0.0,0.0,0.0,0.0,0.0,0.0,0.0,0.0,0.0,0.0,0.0,0.0,0.0,0.0,0.0,0.0,0.0,0.0,0.0,0.0,0.0,0.0,0.0,0.0,0.0,0.0,0.0,0.0,0.0,0.0,0.0,0.0,0.0,0.0,0.0,0.0,0.0,0.0,0.0,0.0,0.0,0.0,0.0,0.0,0.0,0.0,0.0,0.0,0.0,0.0,0.0,0.0,0.0,0.0,0.0,0.0,0.0,0.0,0.0,0.0,0.0,0.0,0.0,0.0,0.0,0.0,0.0,0.0,0.0,0.0,0.0,0.0,0.0,0.0,0.0,0.0,0.0,0.0,0.0,0.0,0.0,0.0,0.0,0.0,0.0,0.0,0.0,0.0,0.0,0.0,0.0,0.0,0.0,0.0,0.0,0.0,0.0,0.0,0.0,0.0,0.0,0.0,0.0,0.0,0.0,0.0,0.0,0.0,0.0,0.0,0.0,0.0,0.0,0.0,0.0,0.0,0.0,0.0,0.0,0.0,0.0,0.0,0.0,0.0,0.0,0.0,0.0,0.0,0.0,0.0,0.0,0.0,0.0,0.0,0.0,0.0,0.0,0.0,0.0,0.0,0.0,0.0,0.0,0.0,0.0,0.019831746993671556,-0.0013144684163619862,8.161216772417124e-5,-1.1327704235560099e-5,0.0008388387223426529,-5.1167557568145704e-14,-1.9153034692083984e-5,-0.0001347871815382766,-2.397967387162178e-6,0.0003678336069840058,-3.830342345484412e-5,0.0010207698661682362,-4.616944238488608e-12,0.0009099866400775327,2.681667601838112e-9,9.241991105798196e-7,1.2787233687796046e-5,4.656087993540343e-11,1.3689879850862285e-9,-4.916509992397797e-5,9.23413178467348e-12,0.00011781278569567595,0.0005332307248165402,7.625213109359844e-10,-7.177701215496935e-7,2.0065176993975185e-7,-0.011734934533899902,-9.995859034273278e-7,1.2616170055592688e-5,-2.801167894855515e-11,-7.929477251355462e-8,-0.00011351612723720034,-3.05011792713343e-9,-0.0001021776432479622,1.929736919367347e-10,0.00015155836273659438,-0.002722111050720349,-2.124001917809359e-6,6.155234647476903e-11,-3.861952603780867e-10,-1.940737367271992e-7,1.2511429444575694e-7,-1.003230650582776e-5,3.1040962498008944e-9,1.7740035338558952e-11,6.225739789292188e-6,-0.0005666289513966837,-2.0365227314149455e-11,4.140606280614775e-7,6.127949104796725e-8,-7.101151964888627e-6,-4.640511964490662e-5,-1.1070223886254994e-12,5.327487860827617e-12,-0.011725618466217683,-0.00022819130240425041,2.320674179919342e-6,-3.0169789735244343e-10,2.9639927693013935e-8,0.0034324815950754965,-6.269383910699801e-7,-2.3012697170590365e-9,-7.683206925084844e-9,-0.00029034486235089804,0.0014941804197919093,0.00016162102675920737,0.0011381290067352936,-0.00022638594187649122,0.00033950719738918357,6.055179649592091e-11,-1.5814100084998505e-12,1.1227956307143587e-5,-3.2893335358475892e-6,1.2653845777115274e-12
0.0,0.0,0.0,0.0,0.0,0.0,0.0,0.0,0.0,0.0,0.0,0.0,0.0,0.0,0.0,0.0,0.0,0.0,0.0,0.0,0.0,0.0,0.0,0.0,0.0,0.0,0.0,0.0,0.0,0.0,0.0,0.0,0.0,0.0,0.0,0.0,0.0,0.0,0.0,0.0,0.0,0.0,0.0,0.0,0.0,0.0,0.0,0.0,0.0,0.0,0.0,0.0,0.0,0.0,0.0,0.0,0.0,0.0,0.0,0.0,0.0,0.0,0.0,0.0,0.0,0.0,0.0,0.0,0.0,0.0,0.0,0.0,0.0,0.0,0.0,0.0,0.0,0.0,0.0,0.0,0.0,0.0,0.0,0.0,0.0,0.0,0.0,0.0,0.0,0.0,0.0,0.0,0.0,0.0,0.0,0.0,0.0,0.0,0.0,0.0,0.0,0.0,0.0,0.0,0.0,0.0,0.0,0.0,0.0,0.0,0.0,0.0,0.0,0.0,0.0,0.0,0.0,0.0,0.0,0.0,0.0,0.0,0.0,0.0,0.0,0.0,0.0,0.0,0.0,0.0,0.0,0.0,0.0,0.0,0.0,0.0,0.0,0.0,0.0,0.0,0.0,0.0,0.0,0.0,0.0,0.0,0.0,0.0,0.0,0.0,0.0,0.0,0.0,0.0,0.0,0.0,0.0,0.0,0.0,0.0,0.0,0.0,0.0,0.0,0.0,0.0,0.0,0.0,0.0,0.0,0.0,0.0,0.0,0.0,0.0,0.0,0.0,0.0,0.0,0.0,0.0,0.0,0.0,0.0,0.0,0.0,0.0,0.0,0.0,0.0,0.0,0.0,0.0,0.0,0.0,0.0,0.0,0.0,0.0,0.0,0.0,0.0,0.0,0.0,0.0,0.0,0.0,0.0,0.0,0.0,0.0,0.0,0.0,0.0,0.0,0.0,0.0,0.0,0.0,0.0,0.0,0.0,0.0,0.0,0.0,0.0,0.0,0.0,0.0,0.0,0.0,0.0,0.0,0.0,0.0,0.0,0.0,0.0,0.0,0.0,0.0,0.0,0.0,0.0,0.0,0.0,0.0,0.0,0.0,0.0,0.0,0.0,0.0,0.0,0.0,0.0,0.0,0.0,0.0,0.0,0.0,0.0,0.0,0.0,0.0,0.0,0.0,0.0,0.0,0.0,0.0,0.0,0.0,0.0,0.0,0.0,0.0,0.0,0.0,0.0,0.0,0.0,0.0,0.0,0.0,0.0,0.0,0.0,0.0,0.0,0.0,0.0,0.0,0.0,0.0,0.0,0.0,0.0,0.0,0.0,0.0,0.0,0.0,0.0,0.0,0.0,0.0,0.0,0.0,0.0,0.0,0.0,0.0,0.0,0.0,0.0,0.0,0.0,0.0,0.0,0.0,0.0,0.0,0.0,0.0,0.0,0.0,0.0,0.0,0.0,0.0,0.0,0.0,0.0,0.0,0.0,0.0,0.0,0.0,0.0,0.0,0.0,0.0,0.0,0.0,0.0,0.0,0.0,0.0,0.0,0.0,0.0,0.0,0.0,0.0,0.0,0.0,0.0,0.0,0.0,0.0,0.0,0.0,0.0,0.0,0.0,0.0,0.0,0.0,0.0,0.0,0.0,0.0,0.0,0.0,0.0,0.0,0.0,0.0,0.0,0.0,0.0,0.0,0.0,0.0,0.0,0.0,0.0,0.0,0.0,0.0,0.0,0.0,0.0,0.0,0.0,0.0,0.0,0.0,0.0,0.0,0.0,0.0,0.0,0.0,0.0,0.0,0.0,0.0,0.0,0.0,0.0,0.0,0.0,0.0,0.0,0.0,0.0,0.0,0.0,0.0,0.0,0.0,0.0,0.0,0.0,0.0,0.0,0.0,0.0,0.0,0.0,0.0,0.0,0.0,0.0,0.0,0.0,0.0,0.0,0.0,0.0,0.0,0.0,0.0,0.0,0.0,0.0,0.0,0.0,0.0,0.0,0.0,0.0,0.0,0.0,0.0,0.0,0.0,0.0,0.0,0.0,0.0,0.0,0.0,0.0,0.0,0.0,0.0,0.0,0.0,0.0,0.0,0.0,0.0,0.0,0.0,0.0,0.0,0.0,0.0,0.0,0.0,0.0,0.0,0.0,0.0,0.0,0.0,0.0,0.0,0.0,0.0,0.0,0.0,0.0,0.0,0.0,0.0,0.0,0.0,0.0,0.0,0.0,0.0,0.0,0.0,0.0,0.0,0.0,0.0,0.0,0.0,0.0,0.0,0.0,0.0,0.0,0.0,0.0,0.0,0.0,0.0,0.0,0.0,0.0,0.0,0.0,0.0,0.0,0.0,0.0,0.0,0.0,0.0,0.0,0.0,0.0,0.0,0.0,0.0,0.0,0.0,0.0,0.0,0.0,0.0,0.0,0.0,0.0,0.0,0.0,0.0,0.0,0.0,0.0,0.0,0.0,0.0,0.0,0.0,0.0,0.0,0.0,0.0,0.0,0.0,0.0,0.0,0.0,0.0,0.0,0.0,0.0,0.0,0.0,0.0,0.0,0.0,0.0,0.0,0.0,0.0,0.0,0.0,0.0,0.0,0.0,0.0,0.0,0.0,0.0,0.0,0.0,0.0,0.0,0.0,0.0,0.0,0.0,0.0,0.0,0.0,0.0,0.0,0.0,0.0,0.0,0.0,0.0,0.0,0.0,0.0,0.0,0.0,0.0,0.0,0.0,0.0,0.0,0.0,0.0,0.0,0.0,0.0,0.0,0.0,0.0,0.0,0.0,0.0,0.0,0.0,0.0,0.0,0.0,0.0,0.0,0.0,0.0,0.0,0.0,0.0,0.0,0.0,0.0,0.0,0.0,0.0,0.0,0.0,0.0,0.0,0.0,0.0,0.0,0.0,0.0,0.0,0.0,0.0,0.0,0.0,0.0,0.0,0.0,0.0,0.0,0.0,0.0,0.0,0.0,0.0,0.0,0.0,0.0,0.0,0.0,0.0,0.0,0.0,0.0,0.0,0.0,0.0,0.0,0.0,0.0,0.0,0.0,0.0,0.0,0.0,0.0,0.0,0.0,0.0,0.0,0.0,0.0,0.0,0.0,0.0,0.0,0.0,0.0,0.0,0.0,0.0,0.0,0.0,0.0,0.0,0.0,0.0,0.0,0.0,0.0,0.0,0.0,0.0,0.0,0.0,0.0,0.0,0.0,0.02956950375016975,1.2020253887913833e-5,5.901621187672083e-5,-0.0002590524052036156,1.2435926349990431e-12,-0.0004989549345817581,0.006457009049434942,-4.979990814490433e-5,1.4373945078975739e-5,1.8774836859595724e-5,-7.791516063843336e-5,-1.3500438502791179e-11,0.002887734712602953,2.4552463407927455e-9,1.427008246311194e-5,-9.879151472151363e-6,-7.659278133854903e-8,-2.000032192077076e-9,-0.00011778581360126452,-1.6525986882755705e-11,-0.0004885871843564103,0.0004902870893400903,-3.423859986146002e-9,2.687174269974625e-6,3.0976597196624066e-7,0.0008120350191530113,-4.5269167738412733e-7,6.660814601832232e-6,-1.3234892548653136e-10,-1.5629850220038476e-6,4.1778208585891356e-5,7.634562997998562e-9,4.318785441724564e-5,6.003920851502355e-11,3.178661263419886e-5,-0.00019628027386582483,4.509877038587925e-6,6.250907885305826e-10,2.092758572562822e-8,-8.030334290869893e-8,-1.8568197853888782e-7,1.9992369868697774e-6,4.236271208449434e-10,-2.2264570489685057e-10,-9.28820387404352e-6,0.006498893132309307,-5.6833484972996664e-11,7.13701881535281e-7,-1.2692376359772957e-6,-0.0010866525129703008,-0.0006528930881166927,-2.958410387948552e-11,2.8421704795394235e-12,0.0019797450970536826,0.0003578554470393269,4.462761982742671e-6,-4.039876304645952e-9,1.0182100412321729e-5,-8.464971373035476e-5,-4.268788746774592e-7,1.5141452508420235e-8,1.806271531741384e-9,1.1719475630774914e-5,-0.0008855801431490782,0.0003651362349887887,-0.007359101596961617,-0.0005189216478603861,0.0035989059562536122,-1.2312410284992905e-10,3.1990951512464094e-11,9.295751573319096e-6,1.7682564964796938e-5,2.3213333837001594e-12
0.0,0.0,0.0,0.0,0.0,0.0,0.0,0.0,0.0,0.0,0.0,0.0,0.0,0.0,0.0,0.0,0.0,0.0,0.0,0.0,0.0,0.0,0.0,0.0,0.0,0.0,0.0,0.0,0.0,0.0,0.0,0.0,0.0,0.0,0.0,0.0,0.0,0.0,0.0,0.0,0.0,0.0,0.0,0.0,0.0,0.0,0.0,0.0,0.0,0.0,0.0,0.0,0.0,0.0,0.0,0.0,0.0,0.0,0.0,0.0,0.0,0.0,0.0,0.0,0.0,0.0,0.0,0.0,0.0,0.0,0.0,0.0,0.0,0.0,0.0,0.0,0.0,0.0,0.0,0.0,0.0,0.0,0.0,0.0,0.0,0.0,0.0,0.0,0.0,0.0,0.0,0.0,0.0,0.0,0.0,0.0,0.0,0.0,0.0,0.0,0.0,0.0,0.0,0.0,0.0,0.0,0.0,0.0,0.0,0.0,0.0,0.0,0.0,0.0,0.0,0.0,0.0,0.0,0.0,0.0,0.0,0.0,0.0,0.0,0.0,0.0,0.0,0.0,0.0,0.0,0.0,0.0,0.0,0.0,0.0,0.0,0.0,0.0,0.0,0.0,0.0,0.0,0.0,0.0,0.0,0.0,0.0,0.0,0.0,0.0,0.0,0.0,0.0,0.0,0.0,0.0,0.0,0.0,0.0,0.0,0.0,0.0,0.0,0.0,0.0,0.0,0.0,0.0,0.0,0.0,0.0,0.0,0.0,0.0,0.0,0.0,0.0,0.0,0.0,0.0,0.0,0.0,0.0,0.0,0.0,0.0,0.0,0.0,0.0,0.0,0.0,0.0,0.0,0.0,0.0,0.0,0.0,0.0,0.0,0.0,0.0,0.0,0.0,0.0,0.0,0.0,0.0,0.0,0.0,0.0,0.0,0.0,0.0,0.0,0.0,0.0,0.0,0.0,0.0,0.0,0.0,0.0,0.0,0.0,0.0,0.0,0.0,0.0,0.0,0.0,0.0,0.0,0.0,0.0,0.0,0.0,0.0,0.0,0.0,0.0,0.0,0.0,0.0,0.0,0.0,0.0,0.0,0.0,0.0,0.0,0.0,0.0,0.0,0.0,0.0,0.0,0.0,0.0,0.0,0.0,0.0,0.0,0.0,0.0,0.0,0.0,0.0,0.0,0.0,0.0,0.0,0.0,0.0,0.0,0.0,0.0,0.0,0.0,0.0,0.0,0.0,0.0,0.0,0.0,0.0,0.0,0.0,0.0,0.0,0.0,0.0,0.0,0.0,0.0,0.0,0.0,0.0,0.0,0.0,0.0,0.0,0.0,0.0,0.0,0.0,0.0,0.0,0.0,0.0,0.0,0.0,0.0,0.0,0.0,0.0,0.0,0.0,0.0,0.0,0.0,0.0,0.0,0.0,0.0,0.0,0.0,0.0,0.0,0.0,0.0,0.0,0.0,0.0,0.0,0.0,0.0,0.0,0.0,0.0,0.0,0.0,0.0,0.0,0.0,0.0,0.0,0.0,0.0,0.0,0.0,0.0,0.0,0.0,0.0,0.0,0.0,0.0,0.0,0.0,0.0,0.0,0.0,0.0,0.0,0.0,0.0,0.0,0.0,0.0,0.0,0.0,0.0,0.0,0.0,0.0,0.0,0.0,0.0,0.0,0.0,0.0,0.0,0.0,0.0,0.0,0.0,0.0,0.0,0.0,0.0,0.0,0.0,0.0,0.0,0.0,0.0,0.0,0.0,0.0,0.0,0.0,0.0,0.0,0.0,0.0,0.0,0.0,0.0,0.0,0.0,0.0,0.0,0.0,0.0,0.0,0.0,0.0,0.0,0.0,0.0,0.0,0.0,0.0,0.0,0.0,0.0,0.0,0.0,0.0,0.0,0.0,0.0,0.0,0.0,0.0,0.0,0.0,0.0,0.0,0.0,0.0,0.0,0.0,0.0,0.0,0.0,0.0,0.0,0.0,0.0,0.0,0.0,0.0,0.0,0.0,0.0,0.0,0.0,0.0,0.0,0.0,0.0,0.0,0.0,0.0,0.0,0.0,0.0,0.0,0.0,0.0,0.0,0.0,0.0,0.0,0.0,0.0,0.0,0.0,0.0,0.0,0.0,0.0,0.0,0.0,0.0,0.0,0.0,0.0,0.0,0.0,0.0,0.0,0.0,0.0,0.0,0.0,0.0,0.0,0.0,0.0,0.0,0.0,0.0,0.0,0.0,0.0,0.0,0.0,0.0,0.0,0.0,0.0,0.0,0.0,0.0,0.0,0.0,0.0,0.0,0.0,0.0,0.0,0.0,0.0,0.0,0.0,0.0,0.0,0.0,0.0,0.0,0.0,0.0,0.0,0.0,0.0,0.0,0.0,0.0,0.0,0.0,0.0,0.0,0.0,0.0,0.0,0.0,0.0,0.0,0.0,0.0,0.0,0.0,0.0,0.0,0.0,0.0,0.0,0.0,0.0,0.0,0.0,0.0,0.0,0.0,0.0,0.0,0.0,0.0,0.0,0.0,0.0,0.0,0.0,0.0,0.0,0.0,0.0,0.0,0.0,0.0,0.0,0.0,0.0,0.0,0.0,0.0,0.0,0.0,0.0,0.0,0.0,0.0,0.0,0.0,0.0,0.0,0.0,0.0,0.0,0.0,0.0,0.0,0.0,0.0,0.0,0.0,0.0,0.0,0.0,0.0,0.0,0.0,0.0,0.0,0.0,0.0,0.0,0.0,0.0,0.0,0.0,0.0,0.0,0.0,0.0,0.0,0.0,0.0,0.0,0.0,0.0,0.0,0.0,0.0,0.0,0.0,0.0,0.0,0.0,0.0,0.0,0.0,0.0,0.0,0.0,0.0,0.0,0.0,0.0,0.0,0.0,0.0,0.0,0.0,0.0,0.0,0.0,0.0,0.0,0.0,0.0,0.0,0.0,0.0,0.0,0.0,0.0,0.0,0.0,0.0,0.0,0.0,0.0,0.0,0.0,0.0,0.0,0.0,0.0,0.0,0.0,0.0,0.0,0.0,0.0,0.0,0.0,0.0,0.0,0.0,0.0,0.0,0.0,0.0,0.0,0.0,0.0,0.0,0.0,0.0,0.0,0.0,0.0,0.0,0.0,0.0,0.0,0.0,0.0,0.0,0.0,0.0,0.0,0.0,0.0,0.0,0.0,0.0,0.0,0.0,0.0,0.0,0.0,0.0,0.0,0.019318335642454866,-9.867027473977622e-8,-7.656914934535656e-5,4.609666427037509e-15,1.4171110398356368e-6,-1.3862051454685631e-5,2.9951133504157644e-8,0.0004744515427673719,0.004167382644539973,-0.001654893472686943,3.3403725888845288e-15,-9.416119785291138e-6,-2.410019070393313e-11,-1.4210597463863576e-7,0.004964111121387468,2.736182514475467e-11,7.065885098295373e-13,-3.6275188045721396e-7,1.1197972859508792e-13,-5.516468749451708e-8,8.480501920601907e-5,6.657833250428964e-12,4.006742871586417e-9,-1.870543480878939e-10,-4.234972719307584e-6,4.213257379386822e-9,0.0010345588092621092,4.186587946251972e-13,3.218666491856881e-9,1.4694981364451314e-6,1.42294538294799e-12,0.00020194997118971783,8.426242037938262e-13,6.088337161203344e-5,-0.00023195675693577872,-0.0007559665105781736,1.6549338411095804e-12,-2.93115132357908e-11,3.974863455608612e-9,-1.9827928350947753e-9,-0.003170815954077969,-9.428884271818195e-12,-1.7138803847520948e-13,-3.9252815861294e-9,-9.953684681852662e-7,3.440336077373306e-13,-4.246922411949447e-9,-1.9939194404910563e-9,-2.4195782784687094e-6,-3.5589244121626447e-6,-1.0391552956625649e-13,2.2344639687768857e-14,0.00011380081437143148,-6.683984996566569e-7,8.054485202504216e-9,-1.7677235812430323e-12,-3.504687106261938e-8,2.6460365506529683e-5,2.0425164513320857e-9,-3.935163052671369e-11,7.809586058950254e-11,-0.001464428562362561,-4.268267678087401e-5,1.7067941204728318e-6,5.372917787015258e-6,4.7041954393987214e-7,-9.476367901676684e-6,-5.482769853547547e-13,-1.1523686067315912e-13,-0.00509317129203931,7.627710052258805e-8,-2.299372706054603e-15
0.0,0.0,0.0,0.0,0.0,0.0,0.0,0.0,0.0,0.0,0.0,0.0,0.0,0.0,0.0,0.0,0.0,0.0,0.0,0.0,0.0,0.0,0.0,0.0,0.0,0.0,0.0,0.0,0.0,0.0,0.0,0.0,0.0,0.0,0.0,0.0,0.0,0.0,0.0,0.0,0.0,0.0,0.0,0.0,0.0,0.0,0.0,0.0,0.0,0.0,0.0,0.0,0.0,0.0,0.0,0.0,0.0,0.0,0.0,0.0,0.0,0.0,0.0,0.0,0.0,0.0,0.0,0.0,0.0,0.0,0.0,0.0,0.0,0.0,0.0,0.0,0.0,0.0,0.0,0.0,0.0,0.0,0.0,0.0,0.0,0.0,0.0,0.0,0.0,0.0,0.0,0.0,0.0,0.0,0.0,0.0,0.0,0.0,0.0,0.0,0.0,0.0,0.0,0.0,0.0,0.0,0.0,0.0,0.0,0.0,0.0,0.0,0.0,0.0,0.0,0.0,0.0,0.0,0.0,0.0,0.0,0.0,0.0,0.0,0.0,0.0,0.0,0.0,0.0,0.0,0.0,0.0,0.0,0.0,0.0,0.0,0.0,0.0,0.0,0.0,0.0,0.0,0.0,0.0,0.0,0.0,0.0,0.0,0.0,0.0,0.0,0.0,0.0,0.0,0.0,0.0,0.0,0.0,0.0,0.0,0.0,0.0,0.0,0.0,0.0,0.0,0.0,0.0,0.0,0.0,0.0,0.0,0.0,0.0,0.0,0.0,0.0,0.0,0.0,0.0,0.0,0.0,0.0,0.0,0.0,0.0,0.0,0.0,0.0,0.0,0.0,0.0,0.0,0.0,0.0,0.0,0.0,0.0,0.0,0.0,0.0,0.0,0.0,0.0,0.0,0.0,0.0,0.0,0.0,0.0,0.0,0.0,0.0,0.0,0.0,0.0,0.0,0.0,0.0,0.0,0.0,0.0,0.0,0.0,0.0,0.0,0.0,0.0,0.0,0.0,0.0,0.0,0.0,0.0,0.0,0.0,0.0,0.0,0.0,0.0,0.0,0.0,0.0,0.0,0.0,0.0,0.0,0.0,0.0,0.0,0.0,0.0,0.0,0.0,0.0,0.0,0.0,0.0,0.0,0.0,0.0,0.0,0.0,0.0,0.0,0.0,0.0,0.0,0.0,0.0,0.0,0.0,0.0,0.0,0.0,0.0,0.0,0.0,0.0,0.0,0.0,0.0,0.0,0.0,0.0,0.0,0.0,0.0,0.0,0.0,0.0,0.0,0.0,0.0,0.0,0.0,0.0,0.0,0.0,0.0,0.0,0.0,0.0,0.0,0.0,0.0,0.0,0.0,0.0,0.0,0.0,0.0,0.0,0.0,0.0,0.0,0.0,0.0,0.0,0.0,0.0,0.0,0.0,0.0,0.0,0.0,0.0,0.0,0.0,0.0,0.0,0.0,0.0,0.0,0.0,0.0,0.0,0.0,0.0,0.0,0.0,0.0,0.0,0.0,0.0,0.0,0.0,0.0,0.0,0.0,0.0,0.0,0.0,0.0,0.0,0.0,0.0,0.0,0.0,0.0,0.0,0.0,0.0,0.0,0.0,0.0,0.0,0.0,0.0,0.0,0.0,0.0,0.0,0.0,0.0,0.0,0.0,0.0,0.0,0.0,0.0,0.0,0.0,0.0,0.0,0.0,0.0,0.0,0.0,0.0,0.0,0.0,0.0,0.0,0.0,0.0,0.0,0.0,0.0,0.0,0.0,0.0,0.0,0.0,0.0,0.0,0.0,0.0,0.0,0.0,0.0,0.0,0.0,0.0,0.0,0.0,0.0,0.0,0.0,0.0,0.0,0.0,0.0,0.0,0.0,0.0,0.0,0.0,0.0,0.0,0.0,0.0,0.0,0.0,0.0,0.0,0.0,0.0,0.0,0.0,0.0,0.0,0.0,0.0,0.0,0.0,0.0,0.0,0.0,0.0,0.0,0.0,0.0,0.0,0.0,0.0,0.0,0.0,0.0,0.0,0.0,0.0,0.0,0.0,0.0,0.0,0.0,0.0,0.0,0.0,0.0,0.0,0.0,0.0,0.0,0.0,0.0,0.0,0.0,0.0,0.0,0.0,0.0,0.0,0.0,0.0,0.0,0.0,0.0,0.0,0.0,0.0,0.0,0.0,0.0,0.0,0.0,0.0,0.0,0.0,0.0,0.0,0.0,0.0,0.0,0.0,0.0,0.0,0.0,0.0,0.0,0.0,0.0,0.0,0.0,0.0,0.0,0.0,0.0,0.0,0.0,0.0,0.0,0.0,0.0,0.0,0.0,0.0,0.0,0.0,0.0,0.0,0.0,0.0,0.0,0.0,0.0,0.0,0.0,0.0,0.0,0.0,0.0,0.0,0.0,0.0,0.0,0.0,0.0,0.0,0.0,0.0,0.0,0.0,0.0,0.0,0.0,0.0,0.0,0.0,0.0,0.0,0.0,0.0,0.0,0.0,0.0,0.0,0.0,0.0,0.0,0.0,0.0,0.0,0.0,0.0,0.0,0.0,0.0,0.0,0.0,0.0,0.0,0.0,0.0,0.0,0.0,0.0,0.0,0.0,0.0,0.0,0.0,0.0,0.0,0.0,0.0,0.0,0.0,0.0,0.0,0.0,0.0,0.0,0.0,0.0,0.0,0.0,0.0,0.0,0.0,0.0,0.0,0.0,0.0,0.0,0.0,0.0,0.0,0.0,0.0,0.0,0.0,0.0,0.0,0.0,0.0,0.0,0.0,0.0,0.0,0.0,0.0,0.0,0.0,0.0,0.0,0.0,0.0,0.0,0.0,0.0,0.0,0.0,0.0,0.0,0.0,0.0,0.0,0.0,0.0,0.0,0.0,0.0,0.0,0.0,0.0,0.0,0.0,0.0,0.0,0.0,0.0,0.0,0.0,0.0,0.0,0.0,0.0,0.0,0.0,0.0,0.0,0.0,0.0,0.0,0.0,0.0,0.0,0.0,0.0,0.0,0.0,0.0,0.0,0.0,0.0,0.0,0.0,0.0,0.0,0.0,0.0,0.0,0.0,0.0,0.0,0.0,0.0,0.0,0.0,0.0,0.0,0.0,0.0,0.0,0.0,0.0,0.0,0.0,0.0,0.0,0.0,0.0,0.0,0.0,0.0,0.0,0.0,0.0,0.0,0.0,0.0,0.0,0.0,0.0,0.0,0.0,0.026917061902879458,1.787970893945177e-6,-1.3307135502378113e-10,0.0017584486932998118,-2.122125335306917e-5,-0.007206907887899382,-1.0619767038781564e-6,-3.8541710175810845e-7,-6.166600833449781e-7,9.93102593165843e-10,5.345127850729972e-5,3.4086179717683846e-6,0.0008283570526970728,1.8224180182381555e-8,2.5867270114897123e-5,-1.0239569978930129e-6,0.003210276058943068,-1.4717713940798415e-8,0.0026758478600971015,4.572358618476473e-6,-1.4008829635760916e-6,0.001181087657418866,-7.354264322137395e-5,-3.6807033388127004e-6,0.000270761740005312,-2.7484095854188224e-9,-3.533673200508075e-8,-0.0002877574569485689,0.00027759512216503606,3.6470213519537113e-6,3.8366720522982303e-7,-2.0504818836112352e-7,4.849020585682471e-7,6.228701129730148e-6,1.3629787135026581e-8,1.0439088022352981e-7,1.979698564356297e-6,-0.00020411745815567163,1.3825431386741853e-5,-7.394595255548984e-8,-1.169625598633532e-6,-1.7721112624643176e-8,-0.0013195873304587533,6.441726177870424e-6,-8.341377750981424e-9,0.0002990128948968866,-0.00012491832512539965,2.908211262435898e-5,7.79571224675493e-5,3.0052817936313023e-9,-5.039640117131154e-9,3.350136586297397e-7,0.0003524921726772098,-0.0004342057575541413,-1.1118522118565485e-7,0.00459038992401456,-8.42646866199928e-6,0.0007615502479467828,6.928297067196278e-6,-3.876491296810443e-6,-1.3406958638955529e-7,-5.798102495513834e-6,-0.00022865076220706572,1.8834136771762657e-5,0.0004214385680532848,5.876611217397607e-5,-7.156153168777296e-9,1.0267262986995169e-8,3.7929450945063173e-8,0.005261254658766185,-4.811969548728996e-10
0.0,0.0,0.0,0.0,0.0,0.0,0.0,0.0,0.0,0.0,0.0,0.0,0.0,0.0,0.0,0.0,0.0,0.0,0.0,0.0,0.0,0.0,0.0,0.0,0.0,0.0,0.0,0.0,0.0,0.0,0.0,0.0,0.0,0.0,0.0,0.0,0.0,0.0,0.0,0.0,0.0,0.0,0.0,0.0,0.0,0.0,0.0,0.0,0.0,0.0,0.0,0.0,0.0,0.0,0.0,0.0,0.0,0.0,0.0,0.0,0.0,0.0,0.0,0.0,0.0,0.0,0.0,0.0,0.0,0.0,0.0,0.0,0.0,0.0,0.0,0.0,0.0,0.0,0.0,0.0,0.0,0.0,0.0,0.0,0.0,0.0,0.0,0.0,0.0,0.0,0.0,0.0,0.0,0.0,0.0,0.0,0.0,0.0,0.0,0.0,0.0,0.0,0.0,0.0,0.0,0.0,0.0,0.0,0.0,0.0,0.0,0.0,0.0,0.0,0.0,0.0,0.0,0.0,0.0,0.0,0.0,0.0,0.0,0.0,0.0,0.0,0.0,0.0,0.0,0.0,0.0,0.0,0.0,0.0,0.0,0.0,0.0,0.0,0.0,0.0,0.0,0.0,0.0,0.0,0.0,0.0,0.0,0.0,0.0,0.0,0.0,0.0,0.0,0.0,0.0,0.0,0.0,0.0,0.0,0.0,0.0,0.0,0.0,0.0,0.0,0.0,0.0,0.0,0.0,0.0,0.0,0.0,0.0,0.0,0.0,0.0,0.0,0.0,0.0,0.0,0.0,0.0,0.0,0.0,0.0,0.0,0.0,0.0,0.0,0.0,0.0,0.0,0.0,0.0,0.0,0.0,0.0,0.0,0.0,0.0,0.0,0.0,0.0,0.0,0.0,0.0,0.0,0.0,0.0,0.0,0.0,0.0,0.0,0.0,0.0,0.0,0.0,0.0,0.0,0.0,0.0,0.0,0.0,0.0,0.0,0.0,0.0,0.0,0.0,0.0,0.0,0.0,0.0,0.0,0.0,0.0,0.0,0.0,0.0,0.0,0.0,0.0,0.0,0.0,0.0,0.0,0.0,0.0,0.0,0.0,0.0,0.0,0.0,0.0,0.0,0.0,0.0,0.0,0.0,0.0,0.0,0.0,0.0,0.0,0.0,0.0,0.0,0.0,0.0,0.0,0.0,0.0,0.0,0.0,0.0,0.0,0.0,0.0,0.0,0.0,0.0,0.0,0.0,0.0,0.0,0.0,0.0,0.0,0.0,0.0,0.0,0.0,0.0,0.0,0.0,0.0,0.0,0.0,0.0,0.0,0.0,0.0,0.0,0.0,0.0,0.0,0.0,0.0,0.0,0.0,0.0,0.0,0.0,0.0,0.0,0.0,0.0,0.0,0.0,0.0,0.0,0.0,0.0,0.0,0.0,0.0,0.0,0.0,0.0,0.0,0.0,0.0,0.0,0.0,0.0,0.0,0.0,0.0,0.0,0.0,0.0,0.0,0.0,0.0,0.0,0.0,0.0,0.0,0.0,0.0,0.0,0.0,0.0,0.0,0.0,0.0,0.0,0.0,0.0,0.0,0.0,0.0,0.0,0.0,0.0,0.0,0.0,0.0,0.0,0.0,0.0,0.0,0.0,0.0,0.0,0.0,0.0,0.0,0.0,0.0,0.0,0.0,0.0,0.0,0.0,0.0,0.0,0.0,0.0,0.0,0.0,0.0,0.0,0.0,0.0,0.0,0.0,0.0,0.0,0.0,0.0,0.0,0.0,0.0,0.0,0.0,0.0,0.0,0.0,0.0,0.0,0.0,0.0,0.0,0.0,0.0,0.0,0.0,0.0,0.0,0.0,0.0,0.0,0.0,0.0,0.0,0.0,0.0,0.0,0.0,0.0,0.0,0.0,0.0,0.0,0.0,0.0,0.0,0.0,0.0,0.0,0.0,0.0,0.0,0.0,0.0,0.0,0.0,0.0,0.0,0.0,0.0,0.0,0.0,0.0,0.0,0.0,0.0,0.0,0.0,0.0,0.0,0.0,0.0,0.0,0.0,0.0,0.0,0.0,0.0,0.0,0.0,0.0,0.0,0.0,0.0,0.0,0.0,0.0,0.0,0.0,0.0,0.0,0.0,0.0,0.0,0.0,0.0,0.0,0.0,0.0,0.0,0.0,0.0,0.0,0.0,0.0,0.0,0.0,0.0,0.0,0.0,0.0,0.0,0.0,0.0,0.0,0.0,0.0,0.0,0.0,0.0,0.0,0.0,0.0,0.0,0.0,0.0,0.0,0.0,0.0,0.0,0.0,0.0,0.0,0.0,0.0,0.0,0.0,0.0,0.0,0.0,0.0,0.0,0.0,0.0,0.0,0.0,0.0,0.0,0.0,0.0,0.0,0.0,0.0,0.0,0.0,0.0,0.0,0.0,0.0,0.0,0.0,0.0,0.0,0.0,0.0,0.0,0.0,0.0,0.0,0.0,0.0,0.0,0.0,0.0,0.0,0.0,0.0,0.0,0.0,0.0,0.0,0.0,0.0,0.0,0.0,0.0,0.0,0.0,0.0,0.0,0.0,0.0,0.0,0.0,0.0,0.0,0.0,0.0,0.0,0.0,0.0,0.0,0.0,0.0,0.0,0.0,0.0,0.0,0.0,0.0,0.0,0.0,0.0,0.0,0.0,0.0,0.0,0.0,0.0,0.0,0.0,0.0,0.0,0.0,0.0,0.0,0.0,0.0,0.0,0.0,0.0,0.0,0.0,0.0,0.0,0.0,0.0,0.0,0.0,0.0,0.0,0.0,0.0,0.0,0.0,0.0,0.0,0.0,0.0,0.0,0.0,0.0,0.0,0.0,0.0,0.0,0.0,0.0,0.0,0.0,0.0,0.0,0.0,0.0,0.0,0.0,0.0,0.0,0.0,0.0,0.0,0.0,0.0,0.0,0.0,0.0,0.0,0.0,0.0,0.0,0.0,0.0,0.0,0.0,0.0,0.0,0.0,0.0,0.0,0.0,0.0,0.0,0.0,0.0,0.0,0.0,0.0,0.0,0.0,0.0,0.0,0.0,0.0,0.0,0.0,0.0,0.0,0.0,0.0,0.0,0.0,0.0,0.0,0.0,0.0,0.0,0.0,0.0,0.0,0.0,0.0,0.0,0.0,0.0,0.0,0.0,0.0,0.0,0.0,0.0,0.0,0.0,0.0,0.0,0.0,0.0,0.0,0.01746836731789172,-1.0569837674293312e-13,2.7532126930537146e-5,0.0001871997468877308,3.371767701034459e-6,0.0009868949564093901,-0.00041325088272513695,-0.002537228329457093,1.0979378658489769e-12,-7.745075367182066e-5,-1.9278393103884185e-10,-7.004843670281555e-7,0.00010329788269395311,-5.281727781982188e-9,2.1498307460652098e-10,5.789390891813404e-5,-2.2661696732877842e-12,1.1907002646417295e-6,-0.0016434855599098876,6.243437786324023e-10,2.528002758153707e-7,-7.873372250755552e-8,0.0018721652181867639,4.468352088255583e-7,-6.598061391616441e-5,1.4599198414717548e-13,1.2229059526573327e-7,3.92740495688388e-5,-1.1624466091158995e-9,-0.0004736448568138753,-9.978989748154969e-11,0.0025388944038507756,-0.00407550574360604,-6.574365243170402e-5,-2.070643066947221e-10,-9.194683832478699e-10,-1.1982757533681852e-7,3.445641575036601e-8,-5.285581751355545e-5,-3.3199409526843656e-11,1.955873554872803e-11,6.233428297912849e-8,0.0006598428185615814,-9.351443772982798e-12,-1.4099895330865155e-7,1.928147620402549e-7,-6.944522478023042e-5,-0.00016370322207810383,6.967440658510002e-12,-6.265020712153865e-13,-0.0013688225453381158,-1.0969775231395584e-5,-1.7640691531957588e-6,2.6072590799362247e-10,-3.0868055864141453e-7,-0.0007609555606348736,2.0873311565013152e-7,1.0922600688376007e-9,2.388311742862617e-9,-0.00028257242843095036,-0.0004941563060614595,-2.0955435647821486e-5,-0.00027054239445665004,0.00016103944993294534,0.00019227179278014382,1.7617006854863356e-11,8.087010613292649e-13,-0.00037415128891943056,1.4443789198077639e-5,-1.6673313451416057e-13
0.0,0.0,0.0,0.0,0.0,0.0,0.0,0.0,0.0,0.0,0.0,0.0,0.0,0.0,0.0,0.0,0.0,0.0,0.0,0.0,0.0,0.0,0.0,0.0,0.0,0.0,0.0,0.0,0.0,0.0,0.0,0.0,0.0,0.0,0.0,0.0,0.0,0.0,0.0,0.0,0.0,0.0,0.0,0.0,0.0,0.0,0.0,0.0,0.0,0.0,0.0,0.0,0.0,0.0,0.0,0.0,0.0,0.0,0.0,0.0,0.0,0.0,0.0,0.0,0.0,0.0,0.0,0.0,0.0,0.0,0.0,0.0,0.0,0.0,0.0,0.0,0.0,0.0,0.0,0.0,0.0,0.0,0.0,0.0,0.0,0.0,0.0,0.0,0.0,0.0,0.0,0.0,0.0,0.0,0.0,0.0,0.0,0.0,0.0,0.0,0.0,0.0,0.0,0.0,0.0,0.0,0.0,0.0,0.0,0.0,0.0,0.0,0.0,0.0,0.0,0.0,0.0,0.0,0.0,0.0,0.0,0.0,0.0,0.0,0.0,0.0,0.0,0.0,0.0,0.0,0.0,0.0,0.0,0.0,0.0,0.0,0.0,0.0,0.0,0.0,0.0,0.0,0.0,0.0,0.0,0.0,0.0,0.0,0.0,0.0,0.0,0.0,0.0,0.0,0.0,0.0,0.0,0.0,0.0,0.0,0.0,0.0,0.0,0.0,0.0,0.0,0.0,0.0,0.0,0.0,0.0,0.0,0.0,0.0,0.0,0.0,0.0,0.0,0.0,0.0,0.0,0.0,0.0,0.0,0.0,0.0,0.0,0.0,0.0,0.0,0.0,0.0,0.0,0.0,0.0,0.0,0.0,0.0,0.0,0.0,0.0,0.0,0.0,0.0,0.0,0.0,0.0,0.0,0.0,0.0,0.0,0.0,0.0,0.0,0.0,0.0,0.0,0.0,0.0,0.0,0.0,0.0,0.0,0.0,0.0,0.0,0.0,0.0,0.0,0.0,0.0,0.0,0.0,0.0,0.0,0.0,0.0,0.0,0.0,0.0,0.0,0.0,0.0,0.0,0.0,0.0,0.0,0.0,0.0,0.0,0.0,0.0,0.0,0.0,0.0,0.0,0.0,0.0,0.0,0.0,0.0,0.0,0.0,0.0,0.0,0.0,0.0,0.0,0.0,0.0,0.0,0.0,0.0,0.0,0.0,0.0,0.0,0.0,0.0,0.0,0.0,0.0,0.0,0.0,0.0,0.0,0.0,0.0,0.0,0.0,0.0,0.0,0.0,0.0,0.0,0.0,0.0,0.0,0.0,0.0,0.0,0.0,0.0,0.0,0.0,0.0,0.0,0.0,0.0,0.0,0.0,0.0,0.0,0.0,0.0,0.0,0.0,0.0,0.0,0.0,0.0,0.0,0.0,0.0,0.0,0.0,0.0,0.0,0.0,0.0,0.0,0.0,0.0,0.0,0.0,0.0,0.0,0.0,0.0,0.0,0.0,0.0,0.0,0.0,0.0,0.0,0.0,0.0,0.0,0.0,0.0,0.0,0.0,0.0,0.0,0.0,0.0,0.0,0.0,0.0,0.0,0.0,0.0,0.0,0.0,0.0,0.0,0.0,0.0,0.0,0.0,0.0,0.0,0.0,0.0,0.0,0.0,0.0,0.0,0.0,0.0,0.0,0.0,0.0,0.0,0.0,0.0,0.0,0.0,0.0,0.0,0.0,0.0,0.0,0.0,0.0,0.0,0.0,0.0,0.0,0.0,0.0,0.0,0.0,0.0,0.0,0.0,0.0,0.0,0.0,0.0,0.0,0.0,0.0,0.0,0.0,0.0,0.0,0.0,0.0,0.0,0.0,0.0,0.0,0.0,0.0,0.0,0.0,0.0,0.0,0.0,0.0,0.0,0.0,0.0,0.0,0.0,0.0,0.0,0.0,0.0,0.0,0.0,0.0,0.0,0.0,0.0,0.0,0.0,0.0,0.0,0.0,0.0,0.0,0.0,0.0,0.0,0.0,0.0,0.0,0.0,0.0,0.0,0.0,0.0,0.0,0.0,0.0,0.0,0.0,0.0,0.0,0.0,0.0,0.0,0.0,0.0,0.0,0.0,0.0,0.0,0.0,0.0,0.0,0.0,0.0,0.0,0.0,0.0,0.0,0.0,0.0,0.0,0.0,0.0,0.0,0.0,0.0,0.0,0.0,0.0,0.0,0.0,0.0,0.0,0.0,0.0,0.0,0.0,0.0,0.0,0.0,0.0,0.0,0.0,0.0,0.0,0.0,0.0,0.0,0.0,0.0,0.0,0.0,0.0,0.0,0.0,0.0,0.0,0.0,0.0,0.0,0.0,0.0,0.0,0.0,0.0,0.0,0.0,0.0,0.0,0.0,0.0,0.0,0.0,0.0,0.0,0.0,0.0,0.0,0.0,0.0,0.0,0.0,0.0,0.0,0.0,0.0,0.0,0.0,0.0,0.0,0.0,0.0,0.0,0.0,0.0,0.0,0.0,0.0,0.0,0.0,0.0,0.0,0.0,0.0,0.0,0.0,0.0,0.0,0.0,0.0,0.0,0.0,0.0,0.0,0.0,0.0,0.0,0.0,0.0,0.0,0.0,0.0,0.0,0.0,0.0,0.0,0.0,0.0,0.0,0.0,0.0,0.0,0.0,0.0,0.0,0.0,0.0,0.0,0.0,0.0,0.0,0.0,0.0,0.0,0.0,0.0,0.0,0.0,0.0,0.0,0.0,0.0,0.0,0.0,0.0,0.0,0.0,0.0,0.0,0.0,0.0,0.0,0.0,0.0,0.0,0.0,0.0,0.0,0.0,0.0,0.0,0.0,0.0,0.0,0.0,0.0,0.0,0.0,0.0,0.0,0.0,0.0,0.0,0.0,0.0,0.0,0.0,0.0,0.0,0.0,0.0,0.0,0.0,0.0,0.0,0.0,0.0,0.0,0.0,0.0,0.0,0.0,0.0,0.0,0.0,0.0,0.0,0.0,0.0,0.0,0.0,0.0,0.0,0.0,0.0,0.0,0.0,0.0,0.0,0.0,0.0,0.0,0.0,0.0,0.0,0.0,0.0,0.0,0.0,0.0,0.0,0.0,0.0,0.0,0.0,0.0,0.0,0.0,0.0,0.0,0.0,0.0,0.0,0.0,0.0,0.0,0.0,0.0,0.0,0.0,0.0,0.0,0.0,0.0,0.0,0.0,0.0,0.0,0.014465139361584632,-2.9209760449139594e-11,-3.0610321092455798e-12,-1.44334485346594e-9,3.120511738725916e-14,2.7592665897655157e-14,-4.732199777616118e-14,-0.0008536849091530364,-3.174921647984086e-13,2.632338520171696e-7,-1.7312653378658377e-9,1.8006788582935228e-15,9.13884166738898e-8,-7.740698159249616e-6,-1.480646523777798e-10,6.539596463877536e-5,2.6091701041022894e-10,-1.6820877988624627e-13,9.392209680500154e-7,5.034511552093766e-9,6.982594140729021e-8,-7.806402870888685e-13,-1.2776342354365758e-9,-1.0627879293067215e-15,9.553811889553363e-5,-1.918926936972364e-8,3.145692932196303e-11,1.8195565144309127e-6,-3.112922536514157e-15,-3.2628270563392864e-5,-3.830918799621457e-14,9.008438055888416e-14,-1.2711788284317543e-15,5.955163324753796e-6,3.516742830413038e-8,-7.618786675018054e-9,-1.154878753366428e-8,-1.7247017350573238e-15,-5.678465128507659e-7,1.7414009950315148e-5,3.2367194244950067e-10,-1.2615036045268756e-12,-2.6026306039978236e-5,1.2437591755359267e-8,-2.3382312541468894e-9,-9.26851696763982e-12,-1.6710880461540173e-11,0.00013410999224182786,-0.0003533669791612787,-9.931059108713203e-14,-1.9988380273408155e-11,4.76034559905858e-9,2.508918832968199e-7,2.4940723862704738e-9,-6.979992190824455e-13,-1.7763370102566366e-8,-1.7131305964670219e-7,2.4261222303356325e-6,3.645479083929163e-15,3.6823047958743206e-13,6.483439863435813e-12,1.95762674345166e-12,3.8939739728954e-12,-6.175122472218998e-12,1.4095573671810908e-5,0.0004544146187723332,5.922795049123019e-16,-1.5615933232911126e-10,-0.0013343759341665224
0.0,0.0,0.0,0.0,0.0,0.0,0.0,0.0,0.0,0.0,0.0,0.0,0.0,0.0,0.0,0.0,0.0,0.0,0.0,0.0,0.0,0.0,0.0,0.0,0.0,0.0,0.0,0.0,0.0,0.0,0.0,0.0,0.0,0.0,0.0,0.0,0.0,0.0,0.0,0.0,0.0,0.0,0.0,0.0,0.0,0.0,0.0,0.0,0.0,0.0,0.0,0.0,0.0,0.0,0.0,0.0,0.0,0.0,0.0,0.0,0.0,0.0,0.0,0.0,0.0,0.0,0.0,0.0,0.0,0.0,0.0,0.0,0.0,0.0,0.0,0.0,0.0,0.0,0.0,0.0,0.0,0.0,0.0,0.0,0.0,0.0,0.0,0.0,0.0,0.0,0.0,0.0,0.0,0.0,0.0,0.0,0.0,0.0,0.0,0.0,0.0,0.0,0.0,0.0,0.0,0.0,0.0,0.0,0.0,0.0,0.0,0.0,0.0,0.0,0.0,0.0,0.0,0.0,0.0,0.0,0.0,0.0,0.0,0.0,0.0,0.0,0.0,0.0,0.0,0.0,0.0,0.0,0.0,0.0,0.0,0.0,0.0,0.0,0.0,0.0,0.0,0.0,0.0,0.0,0.0,0.0,0.0,0.0,0.0,0.0,0.0,0.0,0.0,0.0,0.0,0.0,0.0,0.0,0.0,0.0,0.0,0.0,0.0,0.0,0.0,0.0,0.0,0.0,0.0,0.0,0.0,0.0,0.0,0.0,0.0,0.0,0.0,0.0,0.0,0.0,0.0,0.0,0.0,0.0,0.0,0.0,0.0,0.0,0.0,0.0,0.0,0.0,0.0,0.0,0.0,0.0,0.0,0.0,0.0,0.0,0.0,0.0,0.0,0.0,0.0,0.0,0.0,0.0,0.0,0.0,0.0,0.0,0.0,0.0,0.0,0.0,0.0,0.0,0.0,0.0,0.0,0.0,0.0,0.0,0.0,0.0,0.0,0.0,0.0,0.0,0.0,0.0,0.0,0.0,0.0,0.0,0.0,0.0,0.0,0.0,0.0,0.0,0.0,0.0,0.0,0.0,0.0,0.0,0.0,0.0,0.0,0.0,0.0,0.0,0.0,0.0,0.0,0.0,0.0,0.0,0.0,0.0,0.0,0.0,0.0,0.0,0.0,0.0,0.0,0.0,0.0,0.0,0.0,0.0,0.0,0.0,0.0,0.0,0.0,0.0,0.0,0.0,0.0,0.0,0.0,0.0,0.0,0.0,0.0,0.0,0.0,0.0,0.0,0.0,0.0,0.0,0.0,0.0,0.0,0.0,0.0,0.0,0.0,0.0,0.0,0.0,0.0,0.0,0.0,0.0,0.0,0.0,0.0,0.0,0.0,0.0,0.0,0.0,0.0,0.0,0.0,0.0,0.0,0.0,0.0,0.0,0.0,0.0,0.0,0.0,0.0,0.0,0.0,0.0,0.0,0.0,0.0,0.0,0.0,0.0,0.0,0.0,0.0,0.0,0.0,0.0,0.0,0.0,0.0,0.0,0.0,0.0,0.0,0.0,0.0,0.0,0.0,0.0,0.0,0.0,0.0,0.0,0.0,0.0,0.0,0.0,0.0,0.0,0.0,0.0,0.0,0.0,0.0,0.0,0.0,0.0,0.0,0.0,0.0,0.0,0.0,0.0,0.0,0.0,0.0,0.0,0.0,0.0,0.0,0.0,0.0,0.0,0.0,0.0,0.0,0.0,0.0,0.0,0.0,0.0,0.0,0.0,0.0,0.0,0.0,0.0,0.0,0.0,0.0,0.0,0.0,0.0,0.0,0.0,0.0,0.0,0.0,0.0,0.0,0.0,0.0,0.0,0.0,0.0,0.0,0.0,0.0,0.0,0.0,0.0,0.0,0.0,0.0,0.0,0.0,0.0,0.0,0.0,0.0,0.0,0.0,0.0,0.0,0.0,0.0,0.0,0.0,0.0,0.0,0.0,0.0,0.0,0.0,0.0,0.0,0.0,0.0,0.0,0.0,0.0,0.0,0.0,0.0,0.0,0.0,0.0,0.0,0.0,0.0,0.0,0.0,0.0,0.0,0.0,0.0,0.0,0.0,0.0,0.0,0.0,0.0,0.0,0.0,0.0,0.0,0.0,0.0,0.0,0.0,0.0,0.0,0.0,0.0,0.0,0.0,0.0,0.0,0.0,0.0,0.0,0.0,0.0,0.0,0.0,0.0,0.0,0.0,0.0,0.0,0.0,0.0,0.0,0.0,0.0,0.0,0.0,0.0,0.0,0.0,0.0,0.0,0.0,0.0,0.0,0.0,0.0,0.0,0.0,0.0,0.0,0.0,0.0,0.0,0.0,0.0,0.0,0.0,0.0,0.0,0.0,0.0,0.0,0.0,0.0,0.0,0.0,0.0,0.0,0.0,0.0,0.0,0.0,0.0,0.0,0.0,0.0,0.0,0.0,0.0,0.0,0.0,0.0,0.0,0.0,0.0,0.0,0.0,0.0,0.0,0.0,0.0,0.0,0.0,0.0,0.0,0.0,0.0,0.0,0.0,0.0,0.0,0.0,0.0,0.0,0.0,0.0,0.0,0.0,0.0,0.0,0.0,0.0,0.0,0.0,0.0,0.0,0.0,0.0,0.0,0.0,0.0,0.0,0.0,0.0,0.0,0.0,0.0,0.0,0.0,0.0,0.0,0.0,0.0,0.0,0.0,0.0,0.0,0.0,0.0,0.0,0.0,0.0,0.0,0.0,0.0,0.0,0.0,0.0,0.0,0.0,0.0,0.0,0.0,0.0,0.0,0.0,0.0,0.0,0.0,0.0,0.0,0.0,0.0,0.0,0.0,0.0,0.0,0.0,0.0,0.0,0.0,0.0,0.0,0.0,0.0,0.0,0.0,0.0,0.0,0.0,0.0,0.0,0.0,0.0,0.0,0.0,0.0,0.0,0.0,0.0,0.0,0.0,0.0,0.0,0.0,0.0,0.0,0.0,0.0,0.0,0.0,0.0,0.0,0.0,0.0,0.0,0.0,0.0,0.0,0.0,0.0,0.0,0.0,0.0,0.0,0.0,0.0,0.0,0.0,0.0,0.0,0.0,0.0,0.0,0.0,0.0,0.0,0.0,0.0,0.0,0.0,0.0,0.0,0.0,0.0,0.0,0.0,0.0,0.0,0.0,0.0,0.0,0.0,0.0,0.0,0.0,0.0,0.0,0.0,0.0,0.0,0.026165901329917963,0.00011646836939395005,-0.0001084857124857163,1.3572207257169743e-5,-6.718539704231351e-6,4.999860710744029e-6,1.9681428765359554e-10,-0.0010035114052175732,-3.185596507693192e-7,-0.00020840828115400306,-6.795445302707415e-7,-4.507407498713721e-6,1.2996678240473552e-8,0.004794591166156163,2.831055485347409e-10,0.004611180969219098,6.818281917228909e-5,4.715334487517228e-8,-2.76242190684941e-5,-4.4074178543937036e-6,0.00034208559057172336,-2.917570865523572e-5,4.758611776304272e-7,3.908757182342812e-9,2.6436869589001012e-5,7.27595495241962e-5,-1.0661364468072627e-7,2.8325443534389725e-6,4.909374866104629e-9,7.855799245018995e-6,-9.278564515615117e-5,2.6684462026021917e-7,-7.72581341190115e-9,2.6532156826851453e-8,2.794698437184029e-5,-1.3915125676983104e-5,2.0076151497537548e-7,-4.849507947594767e-9,2.8775416476892255e-9,0.0007773674517804851,0.0001630935050659599,1.0569476205992118e-9,-8.485578160140314e-6,4.7337605623688614e-5,0.00014381944485806017,0.0005919977185218422,5.228971458199045e-11,-5.698141558481598e-11,0.0002481338843892004,0.0050529325985161,0.00011807921552252666,6.649642975837395e-8,-7.08171451923312e-5,-4.7141874070756686e-5,-3.0308199483613322e-5,-9.947905258126103e-9,-8.133326594262269e-8,-2.9032200741179267e-6,-7.811731037336238e-5,-0.003073660161033789,0.0008937870726346862,0.0067494419653702405,-0.0007032917228601338,9.820971483040619e-10,-4.0793365215368883e-10,6.934842794258984e-7,-0.0002878049811388674,-3.8972848711523655e-11
0.0,0.0,0.0,0.0,0.0,0.0,0.0,0.0,0.0,0.0,0.0,0.0,0.0,0.0,0.0,0.0,0.0,0.0,0.0,0.0,0.0,0.0,0.0,0.0,0.0,0.0,0.0,0.0,0.0,0.0,0.0,0.0,0.0,0.0,0.0,0.0,0.0,0.0,0.0,0.0,0.0,0.0,0.0,0.0,0.0,0.0,0.0,0.0,0.0,0.0,0.0,0.0,0.0,0.0,0.0,0.0,0.0,0.0,0.0,0.0,0.0,0.0,0.0,0.0,0.0,0.0,0.0,0.0,0.0,0.0,0.0,0.0,0.0,0.0,0.0,0.0,0.0,0.0,0.0,0.0,0.0,0.0,0.0,0.0,0.0,0.0,0.0,0.0,0.0,0.0,0.0,0.0,0.0,0.0,0.0,0.0,0.0,0.0,0.0,0.0,0.0,0.0,0.0,0.0,0.0,0.0,0.0,0.0,0.0,0.0,0.0,0.0,0.0,0.0,0.0,0.0,0.0,0.0,0.0,0.0,0.0,0.0,0.0,0.0,0.0,0.0,0.0,0.0,0.0,0.0,0.0,0.0,0.0,0.0,0.0,0.0,0.0,0.0,0.0,0.0,0.0,0.0,0.0,0.0,0.0,0.0,0.0,0.0,0.0,0.0,0.0,0.0,0.0,0.0,0.0,0.0,0.0,0.0,0.0,0.0,0.0,0.0,0.0,0.0,0.0,0.0,0.0,0.0,0.0,0.0,0.0,0.0,0.0,0.0,0.0,0.0,0.0,0.0,0.0,0.0,0.0,0.0,0.0,0.0,0.0,0.0,0.0,0.0,0.0,0.0,0.0,0.0,0.0,0.0,0.0,0.0,0.0,0.0,0.0,0.0,0.0,0.0,0.0,0.0,0.0,0.0,0.0,0.0,0.0,0.0,0.0,0.0,0.0,0.0,0.0,0.0,0.0,0.0,0.0,0.0,0.0,0.0,0.0,0.0,0.0,0.0,0.0,0.0,0.0,0.0,0.0,0.0,0.0,0.0,0.0,0.0,0.0,0.0,0.0,0.0,0.0,0.0,0.0,0.0,0.0,0.0,0.0,0.0,0.0,0.0,0.0,0.0,0.0,0.0,0.0,0.0,0.0,0.0,0.0,0.0,0.0,0.0,0.0,0.0,0.0,0.0,0.0,0.0,0.0,0.0,0.0,0.0,0.0,0.0,0.0,0.0,0.0,0.0,0.0,0.0,0.0,0.0,0.0,0.0,0.0,0.0,0.0,0.0,0.0,0.0,0.0,0.0,0.0,0.0,0.0,0.0,0.0,0.0,0.0,0.0,0.0,0.0,0.0,0.0,0.0,0.0,0.0,0.0,0.0,0.0,0.0,0.0,0.0,0.0,0.0,0.0,0.0,0.0,0.0,0.0,0.0,0.0,0.0,0.0,0.0,0.0,0.0,0.0,0.0,0.0,0.0,0.0,0.0,0.0,0.0,0.0,0.0,0.0,0.0,0.0,0.0,0.0,0.0,0.0,0.0,0.0,0.0,0.0,0.0,0.0,0.0,0.0,0.0,0.0,0.0,0.0,0.0,0.0,0.0,0.0,0.0,0.0,0.0,0.0,0.0,0.0,0.0,0.0,0.0,0.0,0.0,0.0,0.0,0.0,0.0,0.0,0.0,0.0,0.0,0.0,0.0,0.0,0.0,0.0,0.0,0.0,0.0,0.0,0.0,0.0,0.0,0.0,0.0,0.0,0.0,0.0,0.0,0.0,0.0,0.0,0.0,0.0,0.0,0.0,0.0,0.0,0.0,0.0,0.0,0.0,0.0,0.0,0.0,0.0,0.0,0.0,0.0,0.0,0.0,0.0,0.0,0.0,0.0,0.0,0.0,0.0,0.0,0.0,0.0,0.0,0.0,0.0,0.0,0.0,0.0,0.0,0.0,0.0,0.0,0.0,0.0,0.0,0.0,0.0,0.0,0.0,0.0,0.0,0.0,0.0,0.0,0.0,0.0,0.0,0.0,0.0,0.0,0.0,0.0,0.0,0.0,0.0,0.0,0.0,0.0,0.0,0.0,0.0,0.0,0.0,0.0,0.0,0.0,0.0,0.0,0.0,0.0,0.0,0.0,0.0,0.0,0.0,0.0,0.0,0.0,0.0,0.0,0.0,0.0,0.0,0.0,0.0,0.0,0.0,0.0,0.0,0.0,0.0,0.0,0.0,0.0,0.0,0.0,0.0,0.0,0.0,0.0,0.0,0.0,0.0,0.0,0.0,0.0,0.0,0.0,0.0,0.0,0.0,0.0,0.0,0.0,0.0,0.0,0.0,0.0,0.0,0.0,0.0,0.0,0.0,0.0,0.0,0.0,0.0,0.0,0.0,0.0,0.0,0.0,0.0,0.0,0.0,0.0,0.0,0.0,0.0,0.0,0.0,0.0,0.0,0.0,0.0,0.0,0.0,0.0,0.0,0.0,0.0,0.0,0.0,0.0,0.0,0.0,0.0,0.0,0.0,0.0,0.0,0.0,0.0,0.0,0.0,0.0,0.0,0.0,0.0,0.0,0.0,0.0,0.0,0.0,0.0,0.0,0.0,0.0,0.0,0.0,0.0,0.0,0.0,0.0,0.0,0.0,0.0,0.0,0.0,0.0,0.0,0.0,0.0,0.0,0.0,0.0,0.0,0.0,0.0,0.0,0.0,0.0,0.0,0.0,0.0,0.0,0.0,0.0,0.0,0.0,0.0,0.0,0.0,0.0,0.0,0.0,0.0,0.0,0.0,0.0,0.0,0.0,0.0,0.0,0.0,0.0,0.0,0.0,0.0,0.0,0.0,0.0,0.0,0.0,0.0,0.0,0.0,0.0,0.0,0.0,0.0,0.0,0.0,0.0,0.0,0.0,0.0,0.0,0.0,0.0,0.0,0.0,0.0,0.0,0.0,0.0,0.0,0.0,0.0,0.0,0.0,0.0,0.0,0.0,0.0,0.0,0.0,0.0,0.0,0.0,0.0,0.0,0.0,0.0,0.0,0.0,0.0,0.0,0.0,0.0,0.0,0.0,0.0,0.0,0.0,0.0,0.0,0.0,0.0,0.0,0.0,0.0,0.0,0.0,0.0,0.0,0.0,0.0,0.0,0.0,0.0,0.0,0.0,0.0,0.0,0.0,0.0,0.0,0.0,0.0,0.0,0.0,0.0,0.0,0.0,0.0,0.0,0.0,0.0,0.0,0.0,0.0,0.0,0.0,0.0,0.02398198719562627,1.0816036685233295e-6,-0.00018916090453201308,4.2220668416849904e-5,-0.0001460265661013437,1.3447319576950326e-11,-0.0014564011398578293,1.7841296470784776e-8,3.911662248901046e-6,5.449404831493115e-6,1.2621335140106194e-7,3.506184149981047e-10,0.00039076427799118366,-2.0289336104996122e-11,8.303463092826296e-6,0.00011729109496886705,5.932226703047757e-9,2.0630558280805084e-6,-3.6526553102239886e-7,-0.0021551627135881434,2.243876069330154e-7,1.833784814784167e-6,-4.4506738673386005e-11,3.6866363709548076e-7,2.5969169899992775e-5,-8.610733105787539e-10,-9.759023797675315e-5,-9.825611524124643e-10,-1.1890749862356666e-5,-0.00033708973144926856,-4.6534372165681307e-7,-5.248624128586488e-10,-4.432015855204826e-9,-1.1770802319378439e-6,-1.481192718599893e-8,1.7222754784246225e-5,-2.719663150038281e-9,2.1425812873786268e-10,-6.154712943953004e-5,0.000645557629525181,2.1984843514297357e-11,-4.6824380946836715e-7,1.4641111295578808e-6,0.00222740569178585,-0.0001901460222878314,6.268255403095376e-11,-1.266989063985765e-11,-0.000145131654170773,0.0002723700208992942,-6.01467700019098e-6,4.259016546301348e-9,7.458934987713889e-6,0.0032291610843091737,4.994140068424405e-7,5.932464834626047e-9,-3.904814829870005e-9,4.459705769468768e-6,0.00032179898592540586,-0.0008177246706034044,-0.005455071624697802,0.0010351486964614229,0.003335012099851585,1.9401082491513462e-10,8.307241689468555e-12,-1.3136543937497336e-5,-1.7736222333947813e-5,-2.443718463040271e-12
0.0,0.0,0.0,0.0,0.0,0.0,0.0,0.0,0.0,0.0,0.0,0.0,0.0,0.0,0.0,0.0,0.0,0.0,0.0,0.0,0.0,0.0,0.0,0.0,0.0,0.0,0.0,0.0,0.0,0.0,0.0,0.0,0.0,0.0,0.0,0.0,0.0,0.0,0.0,0.0,0.0,0.0,0.0,0.0,0.0,0.0,0.0,0.0,0.0,0.0,0.0,0.0,0.0,0.0,0.0,0.0,0.0,0.0,0.0,0.0,0.0,0.0,0.0,0.0,0.0,0.0,0.0,0.0,0.0,0.0,0.0,0.0,0.0,0.0,0.0,0.0,0.0,0.0,0.0,0.0,0.0,0.0,0.0,0.0,0.0,0.0,0.0,0.0,0.0,0.0,0.0,0.0,0.0,0.0,0.0,0.0,0.0,0.0,0.0,0.0,0.0,0.0,0.0,0.0,0.0,0.0,0.0,0.0,0.0,0.0,0.0,0.0,0.0,0.0,0.0,0.0,0.0,0.0,0.0,0.0,0.0,0.0,0.0,0.0,0.0,0.0,0.0,0.0,0.0,0.0,0.0,0.0,0.0,0.0,0.0,0.0,0.0,0.0,0.0,0.0,0.0,0.0,0.0,0.0,0.0,0.0,0.0,0.0,0.0,0.0,0.0,0.0,0.0,0.0,0.0,0.0,0.0,0.0,0.0,0.0,0.0,0.0,0.0,0.0,0.0,0.0,0.0,0.0,0.0,0.0,0.0,0.0,0.0,0.0,0.0,0.0,0.0,0.0,0.0,0.0,0.0,0.0,0.0,0.0,0.0,0.0,0.0,0.0,0.0,0.0,0.0,0.0,0.0,0.0,0.0,0.0,0.0,0.0,0.0,0.0,0.0,0.0,0.0,0.0,0.0,0.0,0.0,0.0,0.0,0.0,0.0,0.0,0.0,0.0,0.0,0.0,0.0,0.0,0.0,0.0,0.0,0.0,0.0,0.0,0.0,0.0,0.0,0.0,0.0,0.0,0.0,0.0,0.0,0.0,0.0,0.0,0.0,0.0,0.0,0.0,0.0,0.0,0.0,0.0,0.0,0.0,0.0,0.0,0.0,0.0,0.0,0.0,0.0,0.0,0.0,0.0,0.0,0.0,0.0,0.0,0.0,0.0,0.0,0.0,0.0,0.0,0.0,0.0,0.0,0.0,0.0,0.0,0.0,0.0,0.0,0.0,0.0,0.0,0.0,0.0,0.0,0.0,0.0,0.0,0.0,0.0,0.0,0.0,0.0,0.0,0.0,0.0,0.0,0.0,0.0,0.0,0.0,0.0,0.0,0.0,0.0,0.0,0.0,0.0,0.0,0.0,0.0,0.0,0.0,0.0,0.0,0.0,0.0,0.0,0.0,0.0,0.0,0.0,0.0,0.0,0.0,0.0,0.0,0.0,0.0,0.0,0.0,0.0,0.0,0.0,0.0,0.0,0.0,0.0,0.0,0.0,0.0,0.0,0.0,0.0,0.0,0.0,0.0,0.0,0.0,0.0,0.0,0.0,0.0,0.0,0.0,0.0,0.0,0.0,0.0,0.0,0.0,0.0,0.0,0.0,0.0,0.0,0.0,0.0,0.0,0.0,0.0,0.0,0.0,0.0,0.0,0.0,0.0,0.0,0.0,0.0,0.0,0.0,0.0,0.0,0.0,0.0,0.0,0.0,0.0,0.0,0.0,0.0,0.0,0.0,0.0,0.0,0.0,0.0,0.0,0.0,0.0,0.0,0.0,0.0,0.0,0.0,0.0,0.0,0.0,0.0,0.0,0.0,0.0,0.0,0.0,0.0,0.0,0.0,0.0,0.0,0.0,0.0,0.0,0.0,0.0,0.0,0.0,0.0,0.0,0.0,0.0,0.0,0.0,0.0,0.0,0.0,0.0,0.0,0.0,0.0,0.0,0.0,0.0,0.0,0.0,0.0,0.0,0.0,0.0,0.0,0.0,0.0,0.0,0.0,0.0,0.0,0.0,0.0,0.0,0.0,0.0,0.0,0.0,0.0,0.0,0.0,0.0,0.0,0.0,0.0,0.0,0.0,0.0,0.0,0.0,0.0,0.0,0.0,0.0,0.0,0.0,0.0,0.0,0.0,0.0,0.0,0.0,0.0,0.0,0.0,0.0,0.0,0.0,0.0,0.0,0.0,0.0,0.0,0.0,0.0,0.0,0.0,0.0,0.0,0.0,0.0,0.0,0.0,0.0,0.0,0.0,0.0,0.0,0.0,0.0,0.0,0.0,0.0,0.0,0.0,0.0,0.0,0.0,0.0,0.0,0.0,0.0,0.0,0.0,0.0,0.0,0.0,0.0,0.0,0.0,0.0,0.0,0.0,0.0,0.0,0.0,0.0,0.0,0.0,0.0,0.0,0.0,0.0,0.0,0.0,0.0,0.0,0.0,0.0,0.0,0.0,0.0,0.0,0.0,0.0,0.0,0.0,0.0,0.0,0.0,0.0,0.0,0.0,0.0,0.0,0.0,0.0,0.0,0.0,0.0,0.0,0.0,0.0,0.0,0.0,0.0,0.0,0.0,0.0,0.0,0.0,0.0,0.0,0.0,0.0,0.0,0.0,0.0,0.0,0.0,0.0,0.0,0.0,0.0,0.0,0.0,0.0,0.0,0.0,0.0,0.0,0.0,0.0,0.0,0.0,0.0,0.0,0.0,0.0,0.0,0.0,0.0,0.0,0.0,0.0,0.0,0.0,0.0,0.0,0.0,0.0,0.0,0.0,0.0,0.0,0.0,0.0,0.0,0.0,0.0,0.0,0.0,0.0,0.0,0.0,0.0,0.0,0.0,0.0,0.0,0.0,0.0,0.0,0.0,0.0,0.0,0.0,0.0,0.0,0.0,0.0,0.0,0.0,0.0,0.0,0.0,0.0,0.0,0.0,0.0,0.0,0.0,0.0,0.0,0.0,0.0,0.0,0.0,0.0,0.0,0.0,0.0,0.0,0.0,0.0,0.0,0.0,0.0,0.0,0.0,0.0,0.0,0.0,0.0,0.0,0.0,0.0,0.0,0.0,0.0,0.0,0.0,0.0,0.0,0.0,0.0,0.0,0.0,0.0,0.0,0.0,0.0,0.0,0.0,0.0,0.0,0.0,0.0,0.0,0.0,0.0,0.0,0.0,0.0,0.0,0.0,0.0,0.0,0.0,0.0,0.0,0.0,0.0,0.0,0.0,0.0,0.0,0.0,0.0,0.0,0.0,0.0,0.02265744181074261,4.657710199460809e-8,-4.2159798230375856e-7,9.524731756499367e-7,9.420992534893759e-9,-1.81584079369957e-5,-6.548794691456396e-6,-0.002692601452952585,-5.656862011632954e-8,1.0342110030173852e-5,-7.617087423095066e-7,0.0016352073273110995,-2.4356400142327274e-9,0.00044451911361453384,4.662215620109489e-6,-2.375961567772663e-6,-0.0023246165338247755,-7.102880222617114e-5,2.2908728833618818e-5,0.0017689128010542315,2.7291484218801754e-8,8.640752788305459e-8,0.0003389977103878681,5.852891047583808e-6,-2.9648086921422336e-7,3.4325949660093027e-7,2.125886203404192e-7,-4.538378111780698e-7,-1.6468830780349842e-6,2.334704420945346e-8,-3.814073186163211e-7,-4.555702344163863e-6,0.000609667721435094,-6.145976905738098e-5,-6.130461560511459e-9,-1.6061478380302828e-6,8.063408311114665e-8,-0.00038319966940238284,1.2192019844594903e-5,4.2999997139034784e-8,-0.000663882381737453,0.0012269071762391992,-0.00012599044886474646,1.0395166820982898e-5,9.027403768101082e-9,-6.184722831352104e-9,1.0341134241788849e-6,-0.0002182767334114216,-0.0013288793069965415,1.052969297096636e-6,-0.004412234564457216,3.406976613898611e-6,0.0008353085730684474,-1.7864106249128224e-6,-1.9261836717301294e-5,-6.433794122606338e-8,-4.859667219152546e-6,-0.0002072317547002815,-1.308972600425253e-5,0.0001713503193606165,-1.7051886573615317e-5,1.7733982624453176e-8,-1.1743515423794828e-8,7.412658369832945e-8,0.003664390023466323,-2.0476941873591993e-9
0.0,0.0,0.0,0.0,0.0,0.0,0.0,0.0,0.0,0.0,0.0,0.0,0.0,0.0,0.0,0.0,0.0,0.0,0.0,0.0,0.0,0.0,0.0,0.0,0.0,0.0,0.0,0.0,0.0,0.0,0.0,0.0,0.0,0.0,0.0,0.0,0.0,0.0,0.0,0.0,0.0,0.0,0.0,0.0,0.0,0.0,0.0,0.0,0.0,0.0,0.0,0.0,0.0,0.0,0.0,0.0,0.0,0.0,0.0,0.0,0.0,0.0,0.0,0.0,0.0,0.0,0.0,0.0,0.0,0.0,0.0,0.0,0.0,0.0,0.0,0.0,0.0,0.0,0.0,0.0,0.0,0.0,0.0,0.0,0.0,0.0,0.0,0.0,0.0,0.0,0.0,0.0,0.0,0.0,0.0,0.0,0.0,0.0,0.0,0.0,0.0,0.0,0.0,0.0,0.0,0.0,0.0,0.0,0.0,0.0,0.0,0.0,0.0,0.0,0.0,0.0,0.0,0.0,0.0,0.0,0.0,0.0,0.0,0.0,0.0,0.0,0.0,0.0,0.0,0.0,0.0,0.0,0.0,0.0,0.0,0.0,0.0,0.0,0.0,0.0,0.0,0.0,0.0,0.0,0.0,0.0,0.0,0.0,0.0,0.0,0.0,0.0,0.0,0.0,0.0,0.0,0.0,0.0,0.0,0.0,0.0,0.0,0.0,0.0,0.0,0.0,0.0,0.0,0.0,0.0,0.0,0.0,0.0,0.0,0.0,0.0,0.0,0.0,0.0,0.0,0.0,0.0,0.0,0.0,0.0,0.0,0.0,0.0,0.0,0.0,0.0,0.0,0.0,0.0,0.0,0.0,0.0,0.0,0.0,0.0,0.0,0.0,0.0,0.0,0.0,0.0,0.0,0.0,0.0,0.0,0.0,0.0,0.0,0.0,0.0,0.0,0.0,0.0,0.0,0.0,0.0,0.0,0.0,0.0,0.0,0.0,0.0,0.0,0.0,0.0,0.0,0.0,0.0,0.0,0.0,0.0,0.0,0.0,0.0,0.0,0.0,0.0,0.0,0.0,0.0,0.0,0.0,0.0,0.0,0.0,0.0,0.0,0.0,0.0,0.0,0.0,0.0,0.0,0.0,0.0,0.0,0.0,0.0,0.0,0.0,0.0,0.0,0.0,0.0,0.0,0.0,0.0,0.0,0.0,0.0,0.0,0.0,0.0,0.0,0.0,0.0,0.0,0.0,0.0,0.0,0.0,0.0,0.0,0.0,0.0,0.0,0.0,0.0,0.0,0.0,0.0,0.0,0.0,0.0,0.0,0.0,0.0,0.0,0.0,0.0,0.0,0.0,0.0,0.0,0.0,0.0,0.0,0.0,0.0,0.0,0.0,0.0,0.0,0.0,0.0,0.0,0.0,0.0,0.0,0.0,0.0,0.0,0.0,0.0,0.0,0.0,0.0,0.0,0.0,0.0,0.0,0.0,0.0,0.0,0.0,0.0,0.0,0.0,0.0,0.0,0.0,0.0,0.0,0.0,0.0,0.0,0.0,0.0,0.0,0.0,0.0,0.0,0.0,0.0,0.0,0.0,0.0,0.0,0.0,0.0,0.0,0.0,0.0,0.0,0.0,0.0,0.0,0.0,0.0,0.0,0.0,0.0,0.0,0.0,0.0,0.0,0.0,0.0,0.0,0.0,0.0,0.0,0.0,0.0,0.0,0.0,0.0,0.0,0.0,0.0,0.0,0.0,0.0,0.0,0.0,0.0,0.0,0.0,0.0,0.0,0.0,0.0,0.0,0.0,0.0,0.0,0.0,0.0,0.0,0.0,0.0,0.0,0.0,0.0,0.0,0.0,0.0,0.0,0.0,0.0,0.0,0.0,0.0,0.0,0.0,0.0,0.0,0.0,0.0,0.0,0.0,0.0,0.0,0.0,0.0,0.0,0.0,0.0,0.0,0.0,0.0,0.0,0.0,0.0,0.0,0.0,0.0,0.0,0.0,0.0,0.0,0.0,0.0,0.0,0.0,0.0,0.0,0.0,0.0,0.0,0.0,0.0,0.0,0.0,0.0,0.0,0.0,0.0,0.0,0.0,0.0,0.0,0.0,0.0,0.0,0.0,0.0,0.0,0.0,0.0,0.0,0.0,0.0,0.0,0.0,0.0,0.0,0.0,0.0,0.0,0.0,0.0,0.0,0.0,0.0,0.0,0.0,0.0,0.0,0.0,0.0,0.0,0.0,0.0,0.0,0.0,0.0,0.0,0.0,0.0,0.0,0.0,0.0,0.0,0.0,0.0,0.0,0.0,0.0,0.0,0.0,0.0,0.0,0.0,0.0,0.0,0.0,0.0,0.0,0.0,0.0,0.0,0.0,0.0,0.0,0.0,0.0,0.0,0.0,0.0,0.0,0.0,0.0,0.0,0.0,0.0,0.0,0.0,0.0,0.0,0.0,0.0,0.0,0.0,0.0,0.0,0.0,0.0,0.0,0.0,0.0,0.0,0.0,0.0,0.0,0.0,0.0,0.0,0.0,0.0,0.0,0.0,0.0,0.0,0.0,0.0,0.0,0.0,0.0,0.0,0.0,0.0,0.0,0.0,0.0,0.0,0.0,0.0,0.0,0.0,0.0,0.0,0.0,0.0,0.0,0.0,0.0,0.0,0.0,0.0,0.0,0.0,0.0,0.0,0.0,0.0,0.0,0.0,0.0,0.0,0.0,0.0,0.0,0.0,0.0,0.0,0.0,0.0,0.0,0.0,0.0,0.0,0.0,0.0,0.0,0.0,0.0,0.0,0.0,0.0,0.0,0.0,0.0,0.0,0.0,0.0,0.0,0.0,0.0,0.0,0.0,0.0,0.0,0.0,0.0,0.0,0.0,0.0,0.0,0.0,0.0,0.0,0.0,0.0,0.0,0.0,0.0,0.0,0.0,0.0,0.0,0.0,0.0,0.0,0.0,0.0,0.0,0.0,0.0,0.0,0.0,0.0,0.0,0.0,0.0,0.0,0.0,0.0,0.0,0.0,0.0,0.0,0.0,0.0,0.0,0.0,0.0,0.0,0.0,0.0,0.0,0.0,0.0,0.0,0.0,0.0,0.0,0.0,0.0,0.0,0.0,0.0,0.0,0.0,0.0,0.0,0.0,0.0,0.0,0.0,0.0,0.0,0.0,0.0,0.0,0.0,0.0,0.0,0.0,0.0,0.0,0.0,0.0,0.0,0.0,0.0,0.0,0.0,0.0,0.01819879785454968,-0.0014979715258965876,0.0031100573597038273,-7.156842262912408e-15,-9.945222877682154e-5,-6.45216492336e-11,-2.1139882896277994e-6,-0.0002776618143423228,5.615112698062705e-9,-2.841277967348814e-11,7.840381011076711e-6,-1.0182125626417694e-12,-1.0489036227422152e-5,0.0010062641769486575,6.142083090565981e-11,2.467154490177065e-7,-1.2062273574062584e-8,0.0005135260969651156,2.293438253290495e-7,-7.161497921691332e-5,-2.9993794380593726e-12,7.413936314045037e-9,1.8181418552800774e-5,4.4447436135041835e-11,0.0028877067307054613,-2.978436554444657e-11,0.005156360677835556,-0.00471841108826971,-3.5289374509059324e-5,-2.5422299370834388e-11,-7.004565338080791e-11,-5.0510569373028545e-8,2.4075404146546956e-8,-1.5581826042268172e-5,-1.2682140989786644e-10,-1.4265532215418643e-12,-1.7861290753830565e-6,-0.0002510861544899549,-2.357220427054196e-12,-4.8868016987074535e-8,2.971590422572518e-8,-4.021805420524064e-5,-0.00010089836263453784,4.645649346433821e-13,-1.4966611453518526e-13,0.003272854446421264,-2.998528749257193e-5,-5.419427070672992e-7,-5.352553351484767e-11,9.562628135985791e-8,0.0009342190101506567,1.1490237897981014e-7,3.264577443022965e-10,7.881110522005286e-10,0.001861122583507549,1.2444482489183606e-5,2.718341414103061e-5,8.040311242964247e-5,8.640410936086176e-6,-2.5298997004267533e-5,-2.0386717849602563e-12,8.71897794305699e-13,-0.00014554312774268282,2.0104032470936512e-6,-8.117200890572035e-15
0.0,0.0,0.0,0.0,0.0,0.0,0.0,0.0,0.0,0.0,0.0,0.0,0.0,0.0,0.0,0.0,0.0,0.0,0.0,0.0,0.0,0.0,0.0,0.0,0.0,0.0,0.0,0.0,0.0,0.0,0.0,0.0,0.0,0.0,0.0,0.0,0.0,0.0,0.0,0.0,0.0,0.0,0.0,0.0,0.0,0.0,0.0,0.0,0.0,0.0,0.0,0.0,0.0,0.0,0.0,0.0,0.0,0.0,0.0,0.0,0.0,0.0,0.0,0.0,0.0,0.0,0.0,0.0,0.0,0.0,0.0,0.0,0.0,0.0,0.0,0.0,0.0,0.0,0.0,0.0,0.0,0.0,0.0,0.0,0.0,0.0,0.0,0.0,0.0,0.0,0.0,0.0,0.0,0.0,0.0,0.0,0.0,0.0,0.0,0.0,0.0,0.0,0.0,0.0,0.0,0.0,0.0,0.0,0.0,0.0,0.0,0.0,0.0,0.0,0.0,0.0,0.0,0.0,0.0,0.0,0.0,0.0,0.0,0.0,0.0,0.0,0.0,0.0,0.0,0.0,0.0,0.0,0.0,0.0,0.0,0.0,0.0,0.0,0.0,0.0,0.0,0.0,0.0,0.0,0.0,0.0,0.0,0.0,0.0,0.0,0.0,0.0,0.0,0.0,0.0,0.0,0.0,0.0,0.0,0.0,0.0,0.0,0.0,0.0,0.0,0.0,0.0,0.0,0.0,0.0,0.0,0.0,0.0,0.0,0.0,0.0,0.0,0.0,0.0,0.0,0.0,0.0,0.0,0.0,0.0,0.0,0.0,0.0,0.0,0.0,0.0,0.0,0.0,0.0,0.0,0.0,0.0,0.0,0.0,0.0,0.0,0.0,0.0,0.0,0.0,0.0,0.0,0.0,0.0,0.0,0.0,0.0,0.0,0.0,0.0,0.0,0.0,0.0,0.0,0.0,0.0,0.0,0.0,0.0,0.0,0.0,0.0,0.0,0.0,0.0,0.0,0.0,0.0,0.0,0.0,0.0,0.0,0.0,0.0,0.0,0.0,0.0,0.0,0.0,0.0,0.0,0.0,0.0,0.0,0.0,0.0,0.0,0.0,0.0,0.0,0.0,0.0,0.0,0.0,0.0,0.0,0.0,0.0,0.0,0.0,0.0,0.0,0.0,0.0,0.0,0.0,0.0,0.0,0.0,0.0,0.0,0.0,0.0,0.0,0.0,0.0,0.0,0.0,0.0,0.0,0.0,0.0,0.0,0.0,0.0,0.0,0.0,0.0,0.0,0.0,0.0,0.0,0.0,0.0,0.0,0.0,0.0,0.0,0.0,0.0,0.0,0.0,0.0,0.0,0.0,0.0,0.0,0.0,0.0,0.0,0.0,0.0,0.0,0.0,0.0,0.0,0.0,0.0,0.0,0.0,0.0,0.0,0.0,0.0,0.0,0.0,0.0,0.0,0.0,0.0,0.0,0.0,0.0,0.0,0.0,0.0,0.0,0.0,0.0,0.0,0.0,0.0,0.0,0.0,0.0,0.0,0.0,0.0,0.0,0.0,0.0,0.0,0.0,0.0,0.0,0.0,0.0,0.0,0.0,0.0,0.0,0.0,0.0,0.0,0.0,0.0,0.0,0.0,0.0,0.0,0.0,0.0,0.0,0.0,0.0,0.0,0.0,0.0,0.0,0.0,0.0,0.0,0.0,0.0,0.0,0.0,0.0,0.0,0.0,0.0,0.0,0.0,0.0,0.0,0.0,0.0,0.0,0.0,0.0,0.0,0.0,0.0,0.0,0.0,0.0,0.0,0.0,0.0,0.0,0.0,0.0,0.0,0.0,0.0,0.0,0.0,0.0,0.0,0.0,0.0,0.0,0.0,0.0,0.0,0.0,0.0,0.0,0.0,0.0,0.0,0.0,0.0,0.0,0.0,0.0,0.0,0.0,0.0,0.0,0.0,0.0,0.0,0.0,0.0,0.0,0.0,0.0,0.0,0.0,0.0,0.0,0.0,0.0,0.0,0.0,0.0,0.0,0.0,0.0,0.0,0.0,0.0,0.0,0.0,0.0,0.0,0.0,0.0,0.0,0.0,0.0,0.0,0.0,0.0,0.0,0.0,0.0,0.0,0.0,0.0,0.0,0.0,0.0,0.0,0.0,0.0,0.0,0.0,0.0,0.0,0.0,0.0,0.0,0.0,0.0,0.0,0.0,0.0,0.0,0.0,0.0,0.0,0.0,0.0,0.0,0.0,0.0,0.0,0.0,0.0,0.0,0.0,0.0,0.0,0.0,0.0,0.0,0.0,0.0,0.0,0.0,0.0,0.0,0.0,0.0,0.0,0.0,0.0,0.0,0.0,0.0,0.0,0.0,0.0,0.0,0.0,0.0,0.0,0.0,0.0,0.0,0.0,0.0,0.0,0.0,0.0,0.0,0.0,0.0,0.0,0.0,0.0,0.0,0.0,0.0,0.0,0.0,0.0,0.0,0.0,0.0,0.0,0.0,0.0,0.0,0.0,0.0,0.0,0.0,0.0,0.0,0.0,0.0,0.0,0.0,0.0,0.0,0.0,0.0,0.0,0.0,0.0,0.0,0.0,0.0,0.0,0.0,0.0,0.0,0.0,0.0,0.0,0.0,0.0,0.0,0.0,0.0,0.0,0.0,0.0,0.0,0.0,0.0,0.0,0.0,0.0,0.0,0.0,0.0,0.0,0.0,0.0,0.0,0.0,0.0,0.0,0.0,0.0,0.0,0.0,0.0,0.0,0.0,0.0,0.0,0.0,0.0,0.0,0.0,0.0,0.0,0.0,0.0,0.0,0.0,0.0,0.0,0.0,0.0,0.0,0.0,0.0,0.0,0.0,0.0,0.0,0.0,0.0,0.0,0.0,0.0,0.0,0.0,0.0,0.0,0.0,0.0,0.0,0.0,0.0,0.0,0.0,0.0,0.0,0.0,0.0,0.0,0.0,0.0,0.0,0.0,0.0,0.0,0.0,0.0,0.0,0.0,0.0,0.0,0.0,0.0,0.0,0.0,0.0,0.0,0.0,0.0,0.0,0.0,0.0,0.0,0.0,0.0,0.0,0.0,0.0,0.0,0.0,0.0,0.0,0.0,0.0,0.0,0.0,0.0,0.0,0.0,0.0,0.0,0.0,0.0,0.0,0.0,0.0,0.0,0.0,0.0,0.0,0.0,0.0,0.0,0.0,0.0,0.0,0.0,0.0,0.0,0.0,0.0,0.0,0.01784004003756988,-0.011222925259394442,1.3453245854812513e-13,-8.27118420289535e-6,-2.3859319090013385e-10,-3.266431595268294e-7,-0.0002350757251093484,-6.905128019483518e-10,-5.501723889099013e-11,-3.4145392764554406e-6,2.5634072281782667e-13,-3.463066152534243e-6,-0.00026060738254150124,-9.90822744488755e-11,-5.111436545398365e-8,5.540662406467963e-9,-3.1627406497393e-5,3.2156475576297396e-9,0.00035260371151943777,3.496290275404556e-12,1.600776271282219e-9,4.31324884186392e-6,1.3843816796851546e-10,-0.002255751696963087,1.4883773120466098e-11,0.0018778612284097384,0.0001983743193885907,0.0005904111038623952,1.8896013676904342e-11,1.585902692003616e-10,4.072912517297353e-8,-1.5735984727413387e-8,0.00020520149656630464,-5.949912056120443e-11,-7.330720787049905e-13,-2.5193839188342466e-8,-4.55032522124876e-5,3.3708064701519427e-12,-1.5126416446663875e-8,7.278219387822156e-9,-7.1414235686031085e-6,8.222830357077504e-6,-7.911872122841073e-13,-1.1727808567460592e-13,0.0005780384370217233,4.894738593479356e-7,2.277106187362337e-7,4.998978002211533e-12,-8.38509976420778e-8,7.733041374777791e-5,-1.8385496539147858e-8,-5.157420919102651e-11,-5.581084717238356e-10,-0.0022447607393515515,-4.4117223757129387e-5,5.849388793515415e-6,2.7155767270304078e-5,-3.4922318051697916e-5,8.750354953237681e-6,-2.955818505322663e-12,-4.1017396087954785e-13,0.004497099405643639,-1.648652026508289e-6,-4.6447376019019127e-14
0.0,0.0,0.0,0.0,0.0,0.0,0.0,0.0,0.0,0.0,0.0,0.0,0.0,0.0,0.0,0.0,0.0,0.0,0.0,0.0,0.0,0.0,0.0,0.0,0.0,0.0,0.0,0.0,0.0,0.0,0.0,0.0,0.0,0.0,0.0,0.0,0.0,0.0,0.0,0.0,0.0,0.0,0.0,0.0,0.0,0.0,0.0,0.0,0.0,0.0,0.0,0.0,0.0,0.0,0.0,0.0,0.0,0.0,0.0,0.0,0.0,0.0,0.0,0.0,0.0,0.0,0.0,0.0,0.0,0.0,0.0,0.0,0.0,0.0,0.0,0.0,0.0,0.0,0.0,0.0,0.0,0.0,0.0,0.0,0.0,0.0,0.0,0.0,0.0,0.0,0.0,0.0,0.0,0.0,0.0,0.0,0.0,0.0,0.0,0.0,0.0,0.0,0.0,0.0,0.0,0.0,0.0,0.0,0.0,0.0,0.0,0.0,0.0,0.0,0.0,0.0,0.0,0.0,0.0,0.0,0.0,0.0,0.0,0.0,0.0,0.0,0.0,0.0,0.0,0.0,0.0,0.0,0.0,0.0,0.0,0.0,0.0,0.0,0.0,0.0,0.0,0.0,0.0,0.0,0.0,0.0,0.0,0.0,0.0,0.0,0.0,0.0,0.0,0.0,0.0,0.0,0.0,0.0,0.0,0.0,0.0,0.0,0.0,0.0,0.0,0.0,0.0,0.0,0.0,0.0,0.0,0.0,0.0,0.0,0.0,0.0,0.0,0.0,0.0,0.0,0.0,0.0,0.0,0.0,0.0,0.0,0.0,0.0,0.0,0.0,0.0,0.0,0.0,0.0,0.0,0.0,0.0,0.0,0.0,0.0,0.0,0.0,0.0,0.0,0.0,0.0,0.0,0.0,0.0,0.0,0.0,0.0,0.0,0.0,0.0,0.0,0.0,0.0,0.0,0.0,0.0,0.0,0.0,0.0,0.0,0.0,0.0,0.0,0.0,0.0,0.0,0.0,0.0,0.0,0.0,0.0,0.0,0.0,0.0,0.0,0.0,0.0,0.0,0.0,0.0,0.0,0.0,0.0,0.0,0.0,0.0,0.0,0.0,0.0,0.0,0.0,0.0,0.0,0.0,0.0,0.0,0.0,0.0,0.0,0.0,0.0,0.0,0.0,0.0,0.0,0.0,0.0,0.0,0.0,0.0,0.0,0.0,0.0,0.0,0.0,0.0,0.0,0.0,0.0,0.0,0.0,0.0,0.0,0.0,0.0,0.0,0.0,0.0,0.0,0.0,0.0,0.0,0.0,0.0,0.0,0.0,0.0,0.0,0.0,0.0,0.0,0.0,0.0,0.0,0.0,0.0,0.0,0.0,0.0,0.0,0.0,0.0,0.0,0.0,0.0,0.0,0.0,0.0,0.0,0.0,0.0,0.0,0.0,0.0,0.0,0.0,0.0,0.0,0.0,0.0,0.0,0.0,0.0,0.0,0.0,0.0,0.0,0.0,0.0,0.0,0.0,0.0,0.0,0.0,0.0,0.0,0.0,0.0,0.0,0.0,0.0,0.0,0.0,0.0,0.0,0.0,0.0,0.0,0.0,0.0,0.0,0.0,0.0,0.0,0.0,0.0,0.0,0.0,0.0,0.0,0.0,0.0,0.0,0.0,0.0,0.0,0.0,0.0,0.0,0.0,0.0,0.0,0.0,0.0,0.0,0.0,0.0,0.0,0.0,0.0,0.0,0.0,0.0,0.0,0.0,0.0,0.0,0.0,0.0,0.0,0.0,0.0,0.0,0.0,0.0,0.0,0.0,0.0,0.0,0.0,0.0,0.0,0.0,0.0,0.0,0.0,0.0,0.0,0.0,0.0,0.0,0.0,0.0,0.0,0.0,0.0,0.0,0.0,0.0,0.0,0.0,0.0,0.0,0.0,0.0,0.0,0.0,0.0,0.0,0.0,0.0,0.0,0.0,0.0,0.0,0.0,0.0,0.0,0.0,0.0,0.0,0.0,0.0,0.0,0.0,0.0,0.0,0.0,0.0,0.0,0.0,0.0,0.0,0.0,0.0,0.0,0.0,0.0,0.0,0.0,0.0,0.0,0.0,0.0,0.0,0.0,0.0,0.0,0.0,0.0,0.0,0.0,0.0,0.0,0.0,0.0,0.0,0.0,0.0,0.0,0.0,0.0,0.0,0.0,0.0,0.0,0.0,0.0,0.0,0.0,0.0,0.0,0.0,0.0,0.0,0.0,0.0,0.0,0.0,0.0,0.0,0.0,0.0,0.0,0.0,0.0,0.0,0.0,0.0,0.0,0.0,0.0,0.0,0.0,0.0,0.0,0.0,0.0,0.0,0.0,0.0,0.0,0.0,0.0,0.0,0.0,0.0,0.0,0.0,0.0,0.0,0.0,0.0,0.0,0.0,0.0,0.0,0.0,0.0,0.0,0.0,0.0,0.0,0.0,0.0,0.0,0.0,0.0,0.0,0.0,0.0,0.0,0.0,0.0,0.0,0.0,0.0,0.0,0.0,0.0,0.0,0.0,0.0,0.0,0.0,0.0,0.0,0.0,0.0,0.0,0.0,0.0,0.0,0.0,0.0,0.0,0.0,0.0,0.0,0.0,0.0,0.0,0.0,0.0,0.0,0.0,0.0,0.0,0.0,0.0,0.0,0.0,0.0,0.0,0.0,0.0,0.0,0.0,0.0,0.0,0.0,0.0,0.0,0.0,0.0,0.0,0.0,0.0,0.0,0.0,0.0,0.0,0.0,0.0,0.0,0.0,0.0,0.0,0.0,0.0,0.0,0.0,0.0,0.0,0.0,0.0,0.0,0.0,0.0,0.0,0.0,0.0,0.0,0.0,0.0,0.0,0.0,0.0,0.0,0.0,0.0,0.0,0.0,0.0,0.0,0.0,0.0,0.0,0.0,0.0,0.0,0.0,0.0,0.0,0.0,0.0,0.0,0.0,0.0,0.0,0.0,0.0,0.0,0.0,0.0,0.0,0.0,0.0,0.0,0.0,0.0,0.0,0.0,0.0,0.0,0.0,0.0,0.0,0.0,0.0,0.0,0.0,0.0,0.0,0.0,0.0,0.0,0.0,0.0,0.0,0.0,0.0,0.0,0.0,0.0,0.0,0.0,0.0,0.0,0.0,0.0,0.0,0.0,0.0,0.0,0.0,0.0,0.0,0.0,0.0,0.0,0.0,0.0,0.0,0.0,0.0,0.0,0.0,0.0,0.0,0.0,0.024331947445831895,-1.3699462959429433e-13,-2.2171423821812286e-5,3.4660787926205064e-10,-2.0322746650942467e-7,0.0006112763360153014,1.4488593815412147e-9,6.172695357781871e-12,2.6100272610639837e-6,-8.400397909363108e-13,-3.97390237737822e-7,-0.00022887716144498563,3.197486380182438e-11,9.634172865123416e-8,-1.0765205282376052e-8,0.00014347938656773123,2.1179649192536613e-8,6.387227216154566e-5,-4.332357773455776e-12,-2.6344054440459252e-8,-7.56371806196176e-6,-5.302615946559867e-11,0.00045791824509530823,-1.8726063010517758e-11,-0.007748989646954201,-0.0006719033115923854,-2.39384377591739e-5,-1.9074767311583444e-11,6.016334351667371e-11,-4.464744346941882e-8,1.274341593647934e-8,-0.0006906328106795452,2.205677582928253e-12,-2.187895862366828e-12,-3.5994802738669636e-7,4.688393780274653e-5,-2.9452021143539747e-12,8.600365318641605e-9,-1.5291892552378168e-8,3.4699813105329095e-6,-1.4834853410001686e-5,1.0380356262566923e-12,-6.144548617212055e-14,-0.0015721744580431656,-5.24049880554198e-6,-2.4913210013540785e-7,-1.3512315320943836e-11,1.8007681019689588e-7,3.7792150154744254e-6,6.144472396415765e-8,3.473975931578491e-10,4.742302100753648e-10,-0.0022622298842246537,0.0002245021260805895,-1.268493694721685e-6,-0.00011341533421300907,3.06197374972614e-5,-5.6246128163000784e-5,1.3211650187633323e-12,8.88605356999975e-13,0.0005914185398395924,1.4814926179626203e-6,2.9443364006426716e-14
0.0,0.0,0.0,0.0,0.0,0.0,0.0,0.0,0.0,0.0,0.0,0.0,0.0,0.0,0.0,0.0,0.0,0.0,0.0,0.0,0.0,0.0,0.0,0.0,0.0,0.0,0.0,0.0,0.0,0.0,0.0,0.0,0.0,0.0,0.0,0.0,0.0,0.0,0.0,0.0,0.0,0.0,0.0,0.0,0.0,0.0,0.0,0.0,0.0,0.0,0.0,0.0,0.0,0.0,0.0,0.0,0.0,0.0,0.0,0.0,0.0,0.0,0.0,0.0,0.0,0.0,0.0,0.0,0.0,0.0,0.0,0.0,0.0,0.0,0.0,0.0,0.0,0.0,0.0,0.0,0.0,0.0,0.0,0.0,0.0,0.0,0.0,0.0,0.0,0.0,0.0,0.0,0.0,0.0,0.0,0.0,0.0,0.0,0.0,0.0,0.0,0.0,0.0,0.0,0.0,0.0,0.0,0.0,0.0,0.0,0.0,0.0,0.0,0.0,0.0,0.0,0.0,0.0,0.0,0.0,0.0,0.0,0.0,0.0,0.0,0.0,0.0,0.0,0.0,0.0,0.0,0.0,0.0,0.0,0.0,0.0,0.0,0.0,0.0,0.0,0.0,0.0,0.0,0.0,0.0,0.0,0.0,0.0,0.0,0.0,0.0,0.0,0.0,0.0,0.0,0.0,0.0,0.0,0.0,0.0,0.0,0.0,0.0,0.0,0.0,0.0,0.0,0.0,0.0,0.0,0.0,0.0,0.0,0.0,0.0,0.0,0.0,0.0,0.0,0.0,0.0,0.0,0.0,0.0,0.0,0.0,0.0,0.0,0.0,0.0,0.0,0.0,0.0,0.0,0.0,0.0,0.0,0.0,0.0,0.0,0.0,0.0,0.0,0.0,0.0,0.0,0.0,0.0,0.0,0.0,0.0,0.0,0.0,0.0,0.0,0.0,0.0,0.0,0.0,0.0,0.0,0.0,0.0,0.0,0.0,0.0,0.0,0.0,0.0,0.0,0.0,0.0,0.0,0.0,0.0,0.0,0.0,0.0,0.0,0.0,0.0,0.0,0.0,0.0,0.0,0.0,0.0,0.0,0.0,0.0,0.0,0.0,0.0,0.0,0.0,0.0,0.0,0.0,0.0,0.0,0.0,0.0,0.0,0.0,0.0,0.0,0.0,0.0,0.0,0.0,0.0,0.0,0.0,0.0,0.0,0.0,0.0,0.0,0.0,0.0,0.0,0.0,0.0,0.0,0.0,0.0,0.0,0.0,0.0,0.0,0.0,0.0,0.0,0.0,0.0,0.0,0.0,0.0,0.0,0.0,0.0,0.0,0.0,0.0,0.0,0.0,0.0,0.0,0.0,0.0,0.0,0.0,0.0,0.0,0.0,0.0,0.0,0.0,0.0,0.0,0.0,0.0,0.0,0.0,0.0,0.0,0.0,0.0,0.0,0.0,0.0,0.0,0.0,0.0,0.0,0.0,0.0,0.0,0.0,0.0,0.0,0.0,0.0,0.0,0.0,0.0,0.0,0.0,0.0,0.0,0.0,0.0,0.0,0.0,0.0,0.0,0.0,0.0,0.0,0.0,0.0,0.0,0.0,0.0,0.0,0.0,0.0,0.0,0.0,0.0,0.0,0.0,0.0,0.0,0.0,0.0,0.0,0.0,0.0,0.0,0.0,0.0,0.0,0.0,0.0,0.0,0.0,0.0,0.0,0.0,0.0,0.0,0.0,0.0,0.0,0.0,0.0,0.0,0.0,0.0,0.0,0.0,0.0,0.0,0.0,0.0,0.0,0.0,0.0,0.0,0.0,0.0,0.0,0.0,0.0,0.0,0.0,0.0,0.0,0.0,0.0,0.0,0.0,0.0,0.0,0.0,0.0,0.0,0.0,0.0,0.0,0.0,0.0,0.0,0.0,0.0,0.0,0.0,0.0,0.0,0.0,0.0,0.0,0.0,0.0,0.0,0.0,0.0,0.0,0.0,0.0,0.0,0.0,0.0,0.0,0.0,0.0,0.0,0.0,0.0,0.0,0.0,0.0,0.0,0.0,0.0,0.0,0.0,0.0,0.0,0.0,0.0,0.0,0.0,0.0,0.0,0.0,0.0,0.0,0.0,0.0,0.0,0.0,0.0,0.0,0.0,0.0,0.0,0.0,0.0,0.0,0.0,0.0,0.0,0.0,0.0,0.0,0.0,0.0,0.0,0.0,0.0,0.0,0.0,0.0,0.0,0.0,0.0,0.0,0.0,0.0,0.0,0.0,0.0,0.0,0.0,0.0,0.0,0.0,0.0,0.0,0.0,0.0,0.0,0.0,0.0,0.0,0.0,0.0,0.0,0.0,0.0,0.0,0.0,0.0,0.0,0.0,0.0,0.0,0.0,0.0,0.0,0.0,0.0,0.0,0.0,0.0,0.0,0.0,0.0,0.0,0.0,0.0,0.0,0.0,0.0,0.0,0.0,0.0,0.0,0.0,0.0,0.0,0.0,0.0,0.0,0.0,0.0,0.0,0.0,0.0,0.0,0.0,0.0,0.0,0.0,0.0,0.0,0.0,0.0,0.0,0.0,0.0,0.0,0.0,0.0,0.0,0.0,0.0,0.0,0.0,0.0,0.0,0.0,0.0,0.0,0.0,0.0,0.0,0.0,0.0,0.0,0.0,0.0,0.0,0.0,0.0,0.0,0.0,0.0,0.0,0.0,0.0,0.0,0.0,0.0,0.0,0.0,0.0,0.0,0.0,0.0,0.0,0.0,0.0,0.0,0.0,0.0,0.0,0.0,0.0,0.0,0.0,0.0,0.0,0.0,0.0,0.0,0.0,0.0,0.0,0.0,0.0,0.0,0.0,0.0,0.0,0.0,0.0,0.0,0.0,0.0,0.0,0.0,0.0,0.0,0.0,0.0,0.0,0.0,0.0,0.0,0.0,0.0,0.0,0.0,0.0,0.0,0.0,0.0,0.0,0.0,0.0,0.0,0.0,0.0,0.0,0.0,0.0,0.0,0.0,0.0,0.0,0.0,0.0,0.0,0.0,0.0,0.0,0.0,0.0,0.0,0.0,0.0,0.0,0.0,0.0,0.0,0.0,0.0,0.0,0.0,0.0,0.0,0.0,0.0,0.0,0.0,0.0,0.0,0.0,0.0,0.0,0.0,0.0,0.0,0.0,0.0,0.0,0.0,0.0,0.0,0.0,0.0,0.0,0.0,0.0,0.0,0.0,0.0,0.0,0.0,0.0,0.0,0.0,0.0,0.0,0.01710840961871083,-5.3761843833329144e-11,4.490594986044591e-7,9.145437334122466e-9,1.517080358477329e-14,-7.407758977226367e-9,-4.372308400139471e-5,4.4200331340408483e-10,-0.0006026864270899398,-2.6164183264616176e-9,-1.4710870568048193e-12,7.302341826585809e-6,3.524055419285227e-8,-6.848953598493563e-7,-8.34322761768882e-12,1.7977121321847706e-8,-1.087897490083985e-14,0.00044020358327145383,2.3639746321619627e-7,7.814069457488929e-11,2.6548131622896354e-6,2.3349643175563482e-14,-0.0002062765621141679,3.678553016220693e-15,1.5420158885646117e-12,-9.274443346099589e-15,-9.742280919869347e-5,-1.8728517529148384e-6,3.6118454810462987e-8,-2.8670524513752772e-8,-1.4198838403874864e-14,-5.614351020810279e-5,-0.00018203155986733222,-1.902921464851971e-9,-8.490141882872784e-13,0.00031599225306786594,-5.0300499217090254e-8,2.2049146387954348e-9,-5.387618219652049e-11,6.383315951651203e-11,0.0007790066005538215,-0.0020437833100084416,-1.6815009644320897e-12,3.7425002337948807e-10,-3.8830263358772205e-8,3.679127534647352e-5,-2.235945358229786e-8,-3.901802382416965e-12,1.1143697124423991e-7,-3.484839298460774e-6,-6.862479328752209e-6,5.438436735521556e-14,1.4575419841234766e-12,-2.952210506488448e-11,1.3239920318325626e-11,-1.6676480778124616e-11,3.014826609076937e-11,-0.0003059246696956986,-0.0017511782046009414,-3.904041102900534e-14,-1.8568267580621591e-9,-0.0037556548745937956
0.0,0.0,0.0,0.0,0.0,0.0,0.0,0.0,0.0,0.0,0.0,0.0,0.0,0.0,0.0,0.0,0.0,0.0,0.0,0.0,0.0,0.0,0.0,0.0,0.0,0.0,0.0,0.0,0.0,0.0,0.0,0.0,0.0,0.0,0.0,0.0,0.0,0.0,0.0,0.0,0.0,0.0,0.0,0.0,0.0,0.0,0.0,0.0,0.0,0.0,0.0,0.0,0.0,0.0,0.0,0.0,0.0,0.0,0.0,0.0,0.0,0.0,0.0,0.0,0.0,0.0,0.0,0.0,0.0,0.0,0.0,0.0,0.0,0.0,0.0,0.0,0.0,0.0,0.0,0.0,0.0,0.0,0.0,0.0,0.0,0.0,0.0,0.0,0.0,0.0,0.0,0.0,0.0,0.0,0.0,0.0,0.0,0.0,0.0,0.0,0.0,0.0,0.0,0.0,0.0,0.0,0.0,0.0,0.0,0.0,0.0,0.0,0.0,0.0,0.0,0.0,0.0,0.0,0.0,0.0,0.0,0.0,0.0,0.0,0.0,0.0,0.0,0.0,0.0,0.0,0.0,0.0,0.0,0.0,0.0,0.0,0.0,0.0,0.0,0.0,0.0,0.0,0.0,0.0,0.0,0.0,0.0,0.0,0.0,0.0,0.0,0.0,0.0,0.0,0.0,0.0,0.0,0.0,0.0,0.0,0.0,0.0,0.0,0.0,0.0,0.0,0.0,0.0,0.0,0.0,0.0,0.0,0.0,0.0,0.0,0.0,0.0,0.0,0.0,0.0,0.0,0.0,0.0,0.0,0.0,0.0,0.0,0.0,0.0,0.0,0.0,0.0,0.0,0.0,0.0,0.0,0.0,0.0,0.0,0.0,0.0,0.0,0.0,0.0,0.0,0.0,0.0,0.0,0.0,0.0,0.0,0.0,0.0,0.0,0.0,0.0,0.0,0.0,0.0,0.0,0.0,0.0,0.0,0.0,0.0,0.0,0.0,0.0,0.0,0.0,0.0,0.0,0.0,0.0,0.0,0.0,0.0,0.0,0.0,0.0,0.0,0.0,0.0,0.0,0.0,0.0,0.0,0.0,0.0,0.0,0.0,0.0,0.0,0.0,0.0,0.0,0.0,0.0,0.0,0.0,0.0,0.0,0.0,0.0,0.0,0.0,0.0,0.0,0.0,0.0,0.0,0.0,0.0,0.0,0.0,0.0,0.0,0.0,0.0,0.0,0.0,0.0,0.0,0.0,0.0,0.0,0.0,0.0,0.0,0.0,0.0,0.0,0.0,0.0,0.0,0.0,0.0,0.0,0.0,0.0,0.0,0.0,0.0,0.0,0.0,0.0,0.0,0.0,0.0,0.0,0.0,0.0,0.0,0.0,0.0,0.0,0.0,0.0,0.0,0.0,0.0,0.0,0.0,0.0,0.0,0.0,0.0,0.0,0.0,0.0,0.0,0.0,0.0,0.0,0.0,0.0,0.0,0.0,0.0,0.0,0.0,0.0,0.0,0.0,0.0,0.0,0.0,0.0,0.0,0.0,0.0,0.0,0.0,0.0,0.0,0.0,0.0,0.0,0.0,0.0,0.0,0.0,0.0,0.0,0.0,0.0,0.0,0.0,0.0,0.0,0.0,0.0,0.0,0.0,0.0,0.0,0.0,0.0,0.0,0.0,0.0,0.0,0.0,0.0,0.0,0.0,0.0,0.0,0.0,0.0,0.0,0.0,0.0,0.0,0.0,0.0,0.0,0.0,0.0,0.0,0.0,0.0,0.0,0.0,0.0,0.0,0.0,0.0,0.0,0.0,0.0,0.0,0.0,0.0,0.0,0.0,0.0,0.0,0.0,0.0,0.0,0.0,0.0,0.0,0.0,0.0,0.0,0.0,0.0,0.0,0.0,0.0,0.0,0.0,0.0,0.0,0.0,0.0,0.0,0.0,0.0,0.0,0.0,0.0,0.0,0.0,0.0,0.0,0.0,0.0,0.0,0.0,0.0,0.0,0.0,0.0,0.0,0.0,0.0,0.0,0.0,0.0,0.0,0.0,0.0,0.0,0.0,0.0,0.0,0.0,0.0,0.0,0.0,0.0,0.0,0.0,0.0,0.0,0.0,0.0,0.0,0.0,0.0,0.0,0.0,0.0,0.0,0.0,0.0,0.0,0.0,0.0,0.0,0.0,0.0,0.0,0.0,0.0,0.0,0.0,0.0,0.0,0.0,0.0,0.0,0.0,0.0,0.0,0.0,0.0,0.0,0.0,0.0,0.0,0.0,0.0,0.0,0.0,0.0,0.0,0.0,0.0,0.0,0.0,0.0,0.0,0.0,0.0,0.0,0.0,0.0,0.0,0.0,0.0,0.0,0.0,0.0,0.0,0.0,0.0,0.0,0.0,0.0,0.0,0.0,0.0,0.0,0.0,0.0,0.0,0.0,0.0,0.0,0.0,0.0,0.0,0.0,0.0,0.0,0.0,0.0,0.0,0.0,0.0,0.0,0.0,0.0,0.0,0.0,0.0,0.0,0.0,0.0,0.0,0.0,0.0,0.0,0.0,0.0,0.0,0.0,0.0,0.0,0.0,0.0,0.0,0.0,0.0,0.0,0.0,0.0,0.0,0.0,0.0,0.0,0.0,0.0,0.0,0.0,0.0,0.0,0.0,0.0,0.0,0.0,0.0,0.0,0.0,0.0,0.0,0.0,0.0,0.0,0.0,0.0,0.0,0.0,0.0,0.0,0.0,0.0,0.0,0.0,0.0,0.0,0.0,0.0,0.0,0.0,0.0,0.0,0.0,0.0,0.0,0.0,0.0,0.0,0.0,0.0,0.0,0.0,0.0,0.0,0.0,0.0,0.0,0.0,0.0,0.0,0.0,0.0,0.0,0.0,0.0,0.0,0.0,0.0,0.0,0.0,0.0,0.0,0.0,0.0,0.0,0.0,0.0,0.0,0.0,0.0,0.0,0.0,0.0,0.0,0.0,0.0,0.0,0.0,0.0,0.0,0.0,0.0,0.0,0.0,0.0,0.0,0.0,0.0,0.0,0.0,0.0,0.0,0.0,0.0,0.0,0.0,0.0,0.0,0.0,0.0,0.0,0.0,0.0,0.0,0.0,0.0,0.0,0.0,0.0,0.0,0.0,0.0,0.0,0.0,0.0,0.0,0.0,0.0,0.0,0.0,0.0,0.0,0.0,0.0,0.0,0.0,0.0,0.0,0.0,0.0,0.0,0.0,0.0,0.0,0.0,0.0,0.0,0.0,0.0,0.0227516012369709,1.3641943913670615e-8,5.316955160491762e-5,4.094879042203389e-6,-2.1190142987936833e-7,6.326575429247801e-9,-0.00013317642088515655,2.0432602735670397e-11,0.001385544324620667,-0.00014145285509207926,2.773868637804376e-9,-1.0589182280607696e-5,1.5117585946521322e-6,-0.0019619377847320553,-6.322202236268643e-6,-2.114298359435247e-6,-2.228080326307988e-10,-6.866601324378068e-8,-0.0025441110928465026,-2.6516057270003858e-8,1.3507907819923416e-6,9.780717061414108e-10,3.983782848940835e-5,6.237448681218192e-5,4.852280833495188e-7,-8.17014048663182e-10,7.193855500470692e-8,-1.5928953036810573e-6,1.0548085262062835e-6,-3.1642590609443753e-6,3.311552624119631e-8,4.708659021383331e-10,0.00012060545555838618,-0.00028142338654966385,-3.073821143453172e-10,3.5839450753671907e-6,5.058741538796088e-6,0.0023489102737256446,-0.0019535841851881183,3.091865011417865e-11,2.7207890948957864e-11,-9.338940981245988e-5,0.0006761683146372741,1.4900521916721094e-5,-6.767682598252014e-11,8.481192930367305e-6,0.0005038745647826764,-8.805489342488508e-6,3.741771143330056e-8,-1.4290458544528742e-7,1.2018084816524588e-5,0.0001335664954714466,-0.001016185796850683,-0.00022393281874672746,7.091689458584613e-5,-0.0020641898994685874,8.299678593793995e-10,8.148649014597729e-11,2.0483175473874e-6,-6.860728624318032e-5,2.3365022054537456e-12
0.0,0.0,0.0,0.0,0.0,0.0,0.0,0.0,0.0,0.0,0.0,0.0,0.0,0.0,0.0,0.0,0.0,0.0,0.0,0.0,0.0,0.0,0.0,0.0,0.0,0.0,0.0,0.0,0.0,0.0,0.0,0.0,0.0,0.0,0.0,0.0,0.0,0.0,0.0,0.0,0.0,0.0,0.0,0.0,0.0,0.0,0.0,0.0,0.0,0.0,0.0,0.0,0.0,0.0,0.0,0.0,0.0,0.0,0.0,0.0,0.0,0.0,0.0,0.0,0.0,0.0,0.0,0.0,0.0,0.0,0.0,0.0,0.0,0.0,0.0,0.0,0.0,0.0,0.0,0.0,0.0,0.0,0.0,0.0,0.0,0.0,0.0,0.0,0.0,0.0,0.0,0.0,0.0,0.0,0.0,0.0,0.0,0.0,0.0,0.0,0.0,0.0,0.0,0.0,0.0,0.0,0.0,0.0,0.0,0.0,0.0,0.0,0.0,0.0,0.0,0.0,0.0,0.0,0.0,0.0,0.0,0.0,0.0,0.0,0.0,0.0,0.0,0.0,0.0,0.0,0.0,0.0,0.0,0.0,0.0,0.0,0.0,0.0,0.0,0.0,0.0,0.0,0.0,0.0,0.0,0.0,0.0,0.0,0.0,0.0,0.0,0.0,0.0,0.0,0.0,0.0,0.0,0.0,0.0,0.0,0.0,0.0,0.0,0.0,0.0,0.0,0.0,0.0,0.0,0.0,0.0,0.0,0.0,0.0,0.0,0.0,0.0,0.0,0.0,0.0,0.0,0.0,0.0,0.0,0.0,0.0,0.0,0.0,0.0,0.0,0.0,0.0,0.0,0.0,0.0,0.0,0.0,0.0,0.0,0.0,0.0,0.0,0.0,0.0,0.0,0.0,0.0,0.0,0.0,0.0,0.0,0.0,0.0,0.0,0.0,0.0,0.0,0.0,0.0,0.0,0.0,0.0,0.0,0.0,0.0,0.0,0.0,0.0,0.0,0.0,0.0,0.0,0.0,0.0,0.0,0.0,0.0,0.0,0.0,0.0,0.0,0.0,0.0,0.0,0.0,0.0,0.0,0.0,0.0,0.0,0.0,0.0,0.0,0.0,0.0,0.0,0.0,0.0,0.0,0.0,0.0,0.0,0.0,0.0,0.0,0.0,0.0,0.0,0.0,0.0,0.0,0.0,0.0,0.0,0.0,0.0,0.0,0.0,0.0,0.0,0.0,0.0,0.0,0.0,0.0,0.0,0.0,0.0,0.0,0.0,0.0,0.0,0.0,0.0,0.0,0.0,0.0,0.0,0.0,0.0,0.0,0.0,0.0,0.0,0.0,0.0,0.0,0.0,0.0,0.0,0.0,0.0,0.0,0.0,0.0,0.0,0.0,0.0,0.0,0.0,0.0,0.0,0.0,0.0,0.0,0.0,0.0,0.0,0.0,0.0,0.0,0.0,0.0,0.0,0.0,0.0,0.0,0.0,0.0,0.0,0.0,0.0,0.0,0.0,0.0,0.0,0.0,0.0,0.0,0.0,0.0,0.0,0.0,0.0,0.0,0.0,0.0,0.0,0.0,0.0,0.0,0.0,0.0,0.0,0.0,0.0,0.0,0.0,0.0,0.0,0.0,0.0,0.0,0.0,0.0,0.0,0.0,0.0,0.0,0.0,0.0,0.0,0.0,0.0,0.0,0.0,0.0,0.0,0.0,0.0,0.0,0.0,0.0,0.0,0.0,0.0,0.0,0.0,0.0,0.0,0.0,0.0,0.0,0.0,0.0,0.0,0.0,0.0,0.0,0.0,0.0,0.0,0.0,0.0,0.0,0.0,0.0,0.0,0.0,0.0,0.0,0.0,0.0,0.0,0.0,0.0,0.0,0.0,0.0,0.0,0.0,0.0,0.0,0.0,0.0,0.0,0.0,0.0,0.0,0.0,0.0,0.0,0.0,0.0,0.0,0.0,0.0,0.0,0.0,0.0,0.0,0.0,0.0,0.0,0.0,0.0,0.0,0.0,0.0,0.0,0.0,0.0,0.0,0.0,0.0,0.0,0.0,0.0,0.0,0.0,0.0,0.0,0.0,0.0,0.0,0.0,0.0,0.0,0.0,0.0,0.0,0.0,0.0,0.0,0.0,0.0,0.0,0.0,0.0,0.0,0.0,0.0,0.0,0.0,0.0,0.0,0.0,0.0,0.0,0.0,0.0,0.0,0.0,0.0,0.0,0.0,0.0,0.0,0.0,0.0,0.0,0.0,0.0,0.0,0.0,0.0,0.0,0.0,0.0,0.0,0.0,0.0,0.0,0.0,0.0,0.0,0.0,0.0,0.0,0.0,0.0,0.0,0.0,0.0,0.0,0.0,0.0,0.0,0.0,0.0,0.0,0.0,0.0,0.0,0.0,0.0,0.0,0.0,0.0,0.0,0.0,0.0,0.0,0.0,0.0,0.0,0.0,0.0,0.0,0.0,0.0,0.0,0.0,0.0,0.0,0.0,0.0,0.0,0.0,0.0,0.0,0.0,0.0,0.0,0.0,0.0,0.0,0.0,0.0,0.0,0.0,0.0,0.0,0.0,0.0,0.0,0.0,0.0,0.0,0.0,0.0,0.0,0.0,0.0,0.0,0.0,0.0,0.0,0.0,0.0,0.0,0.0,0.0,0.0,0.0,0.0,0.0,0.0,0.0,0.0,0.0,0.0,0.0,0.0,0.0,0.0,0.0,0.0,0.0,0.0,0.0,0.0,0.0,0.0,0.0,0.0,0.0,0.0,0.0,0.0,0.0,0.0,0.0,0.0,0.0,0.0,0.0,0.0,0.0,0.0,0.0,0.0,0.0,0.0,0.0,0.0,0.0,0.0,0.0,0.0,0.0,0.0,0.0,0.0,0.0,0.0,0.0,0.0,0.0,0.0,0.0,0.0,0.0,0.0,0.0,0.0,0.0,0.0,0.0,0.0,0.0,0.0,0.0,0.0,0.0,0.0,0.0,0.0,0.0,0.0,0.0,0.0,0.0,0.0,0.0,0.0,0.0,0.0,0.0,0.0,0.0,0.0,0.0,0.0,0.0,0.0,0.0,0.0,0.0,0.0,0.0,0.0,0.0,0.0,0.0,0.0,0.0,0.0,0.0,0.0,0.0,0.0,0.0,0.0,0.0,0.0,0.0,0.0,0.0,0.0,0.0,0.0,0.0,0.0,0.0,0.0,0.0,0.0,0.0,0.0,0.0,0.0,0.0,0.0,0.0,0.0,0.0,0.0,0.0,0.021821197042461445,8.127159193788374e-6,-6.029548970310953e-11,0.0004851007678113064,0.0007772311892717774,1.20408102538739e-6,8.181387341330338e-6,2.2269744057254187e-7,1.8047404676473078e-9,0.002039898108386757,-2.467110294731715e-5,7.441230538727049e-5,2.1429936709396168e-8,-9.331716336271274e-5,1.999802886326698e-11,4.744186480103067e-5,-2.2901385414333833e-5,-1.0320862637126907e-7,-0.0018050207122922673,7.056895436184985e-11,-0.0005061813106586173,3.4296448352083376e-10,-4.318710869585975e-9,1.9646515555505257e-11,-0.0002910303555444984,-0.0024101031637151706,9.845600971049576e-5,0.00016008619301412206,6.133006973918085e-11,-0.00043028868205799843,2.615961917210258e-5,4.3146103135353695e-6,6.3144401706139216e-9,-1.940702650301863e-5,-2.328476593948942e-5,6.673708054840664e-6,1.252754315245203e-7,-5.782363183118378e-8,2.566967607763006e-5,2.184042317258598e-6,8.521316006764928e-9,-4.123787542348794e-7,3.189103761653411e-5,0.0020834123316044928,1.8778205801539085e-5,7.179560132172185e-9,3.221525844080282e-5,0.0003032894841338964,-0.0019477219971928107,-2.754215055571878e-12,-3.442184150486481e-9,1.2691289519245719e-8,-3.179075573899884e-8,-1.8351918138153115e-7,2.816879983467864e-8,6.651289858041307e-6,-1.4014585269685648e-6,2.7620921483715036e-11,5.0486852396192946e-6,-1.0683117569285855e-7
0.0,0.0,0.0,0.0,0.0,0.0,0.0,0.0,0.0,0.0,0.0,0.0,0.0,0.0,0.0,0.0,0.0,0.0,0.0,0.0,0.0,0.0,0.0,0.0,0.0,0.0,0.0,0.0,0.0,0.0,0.0,0.0,0.0,0.0,0.0,0.0,0.0,0.0,0.0,0.0,0.0,0.0,0.0,0.0,0.0,0.0,0.0,0.0,0.0,0.0,0.0,0.0,0.0,0.0,0.0,0.0,0.0,0.0,0.0,0.0,0.0,0.0,0.0,0.0,0.0,0.0,0.0,0.0,0.0,0.0,0.0,0.0,0.0,0.0,0.0,0.0,0.0,0.0,0.0,0.0,0.0,0.0,0.0,0.0,0.0,0.0,0.0,0.0,0.0,0.0,0.0,0.0,0.0,0.0,0.0,0.0,0.0,0.0,0.0,0.0,0.0,0.0,0.0,0.0,0.0,0.0,0.0,0.0,0.0,0.0,0.0,0.0,0.0,0.0,0.0,0.0,0.0,0.0,0.0,0.0,0.0,0.0,0.0,0.0,0.0,0.0,0.0,0.0,0.0,0.0,0.0,0.0,0.0,0.0,0.0,0.0,0.0,0.0,0.0,0.0,0.0,0.0,0.0,0.0,0.0,0.0,0.0,0.0,0.0,0.0,0.0,0.0,0.0,0.0,0.0,0.0,0.0,0.0,0.0,0.0,0.0,0.0,0.0,0.0,0.0,0.0,0.0,0.0,0.0,0.0,0.0,0.0,0.0,0.0,0.0,0.0,0.0,0.0,0.0,0.0,0.0,0.0,0.0,0.0,0.0,0.0,0.0,0.0,0.0,0.0,0.0,0.0,0.0,0.0,0.0,0.0,0.0,0.0,0.0,0.0,0.0,0.0,0.0,0.0,0.0,0.0,0.0,0.0,0.0,0.0,0.0,0.0,0.0,0.0,0.0,0.0,0.0,0.0,0.0,0.0,0.0,0.0,0.0,0.0,0.0,0.0,0.0,0.0,0.0,0.0,0.0,0.0,0.0,0.0,0.0,0.0,0.0,0.0,0.0,0.0,0.0,0.0,0.0,0.0,0.0,0.0,0.0,0.0,0.0,0.0,0.0,0.0,0.0,0.0,0.0,0.0,0.0,0.0,0.0,0.0,0.0,0.0,0.0,0.0,0.0,0.0,0.0,0.0,0.0,0.0,0.0,0.0,0.0,0.0,0.0,0.0,0.0,0.0,0.0,0.0,0.0,0.0,0.0,0.0,0.0,0.0,0.0,0.0,0.0,0.0,0.0,0.0,0.0,0.0,0.0,0.0,0.0,0.0,0.0,0.0,0.0,0.0,0.0,0.0,0.0,0.0,0.0,0.0,0.0,0.0,0.0,0.0,0.0,0.0,0.0,0.0,0.0,0.0,0.0,0.0,0.0,0.0,0.0,0.0,0.0,0.0,0.0,0.0,0.0,0.0,0.0,0.0,0.0,0.0,0.0,0.0,0.0,0.0,0.0,0.0,0.0,0.0,0.0,0.0,0.0,0.0,0.0,0.0,0.0,0.0,0.0,0.0,0.0,0.0,0.0,0.0,0.0,0.0,0.0,0.0,0.0,0.0,0.0,0.0,0.0,0.0,0.0,0.0,0.0,0.0,0.0,0.0,0.0,0.0,0.0,0.0,0.0,0.0,0.0,0.0,0.0,0.0,0.0,0.0,0.0,0.0,0.0,0.0,0.0,0.0,0.0,0.0,0.0,0.0,0.0,0.0,0.0,0.0,0.0,0.0,0.0,0.0,0.0,0.0,0.0,0.0,0.0,0.0,0.0,0.0,0.0,0.0,0.0,0.0,0.0,0.0,0.0,0.0,0.0,0.0,0.0,0.0,0.0,0.0,0.0,0.0,0.0,0.0,0.0,0.0,0.0,0.0,0.0,0.0,0.0,0.0,0.0,0.0,0.0,0.0,0.0,0.0,0.0,0.0,0.0,0.0,0.0,0.0,0.0,0.0,0.0,0.0,0.0,0.0,0.0,0.0,0.0,0.0,0.0,0.0,0.0,0.0,0.0,0.0,0.0,0.0,0.0,0.0,0.0,0.0,0.0,0.0,0.0,0.0,0.0,0.0,0.0,0.0,0.0,0.0,0.0,0.0,0.0,0.0,0.0,0.0,0.0,0.0,0.0,0.0,0.0,0.0,0.0,0.0,0.0,0.0,0.0,0.0,0.0,0.0,0.0,0.0,0.0,0.0,0.0,0.0,0.0,0.0,0.0,0.0,0.0,0.0,0.0,0.0,0.0,0.0,0.0,0.0,0.0,0.0,0.0,0.0,0.0,0.0,0.0,0.0,0.0,0.0,0.0,0.0,0.0,0.0,0.0,0.0,0.0,0.0,0.0,0.0,0.0,0.0,0.0,0.0,0.0,0.0,0.0,0.0,0.0,0.0,0.0,0.0,0.0,0.0,0.0,0.0,0.0,0.0,0.0,0.0,0.0,0.0,0.0,0.0,0.0,0.0,0.0,0.0,0.0,0.0,0.0,0.0,0.0,0.0,0.0,0.0,0.0,0.0,0.0,0.0,0.0,0.0,0.0,0.0,0.0,0.0,0.0,0.0,0.0,0.0,0.0,0.0,0.0,0.0,0.0,0.0,0.0,0.0,0.0,0.0,0.0,0.0,0.0,0.0,0.0,0.0,0.0,0.0,0.0,0.0,0.0,0.0,0.0,0.0,0.0,0.0,0.0,0.0,0.0,0.0,0.0,0.0,0.0,0.0,0.0,0.0,0.0,0.0,0.0,0.0,0.0,0.0,0.0,0.0,0.0,0.0,0.0,0.0,0.0,0.0,0.0,0.0,0.0,0.0,0.0,0.0,0.0,0.0,0.0,0.0,0.0,0.0,0.0,0.0,0.0,0.0,0.0,0.0,0.0,0.0,0.0,0.0,0.0,0.0,0.0,0.0,0.0,0.0,0.0,0.0,0.0,0.0,0.0,0.0,0.0,0.0,0.0,0.0,0.0,0.0,0.0,0.0,0.0,0.0,0.0,0.0,0.0,0.0,0.0,0.0,0.0,0.0,0.0,0.0,0.0,0.0,0.0,0.0,0.0,0.0,0.0,0.0,0.0,0.0,0.0,0.0,0.0,0.0,0.0,0.0,0.0,0.0,0.0,0.0,0.0,0.0,0.0,0.0,0.0,0.0,0.0,0.0,0.0,0.0,0.0,0.0,0.0,0.0,0.0,0.0,0.0,0.0,0.0,0.0,0.0,0.0,0.0,0.0,0.0,0.0,0.0,0.0,0.028095107145456932,1.7354830297741027e-9,-1.8813708845843626e-5,-3.2954935421425965e-8,0.0010356554893294,-1.4945725128243043e-8,-0.0004900697097811879,1.3633164101216339e-6,-2.245785128472906e-7,-0.0011534278872559712,-5.5666410368100495e-5,1.6154874855674518e-6,-0.0007644572735160005,-8.11847184826247e-9,-6.378409864612169e-8,0.00010741289930989608,-0.00013024427039486645,4.651409228267709e-9,4.493858577145371e-7,-2.075935809399379e-7,1.0943565880379538e-6,3.635255758947561e-6,1.2554662554244753e-8,-3.8559000540370916e-7,-6.300896032122494e-6,-0.00042503992025433296,0.0003217825192301193,-5.5329233695237824e-8,-1.0334015070013582e-7,8.050191515874693e-8,0.0018587135417198048,1.2530404941787459e-5,-2.3485687410828673e-8,0.00016399783814920969,-0.0006410242860452332,5.016476342828282e-6,0.0002161838806350268,2.182994681777799e-8,-5.516686298816751e-9,-3.7771485871213116e-6,0.0001275511532688905,-0.0040412132371652875,2.9418306536513283e-7,0.001178314738717425,-1.2856745235342055e-6,-0.00037361253572838873,1.934657392393263e-6,1.9099217564677382e-6,2.1352713984850664e-8,-4.282206857932454e-6,-8.301143346286099e-5,9.115220665828285e-6,7.87659591922037e-5,4.00555400202437e-5,9.468331131295e-8,4.7395079024069004e-9,6.492180780044416e-8,0.0003603583828070773,3.839129530904342e-10
0.0,0.0,0.0,0.0,0.0,0.0,0.0,0.0,0.0,0.0,0.0,0.0,0.0,0.0,0.0,0.0,0.0,0.0,0.0,0.0,0.0,0.0,0.0,0.0,0.0,0.0,0.0,0.0,0.0,0.0,0.0,0.0,0.0,0.0,0.0,0.0,0.0,0.0,0.0,0.0,0.0,0.0,0.0,0.0,0.0,0.0,0.0,0.0,0.0,0.0,0.0,0.0,0.0,0.0,0.0,0.0,0.0,0.0,0.0,0.0,0.0,0.0,0.0,0.0,0.0,0.0,0.0,0.0,0.0,0.0,0.0,0.0,0.0,0.0,0.0,0.0,0.0,0.0,0.0,0.0,0.0,0.0,0.0,0.0,0.0,0.0,0.0,0.0,0.0,0.0,0.0,0.0,0.0,0.0,0.0,0.0,0.0,0.0,0.0,0.0,0.0,0.0,0.0,0.0,0.0,0.0,0.0,0.0,0.0,0.0,0.0,0.0,0.0,0.0,0.0,0.0,0.0,0.0,0.0,0.0,0.0,0.0,0.0,0.0,0.0,0.0,0.0,0.0,0.0,0.0,0.0,0.0,0.0,0.0,0.0,0.0,0.0,0.0,0.0,0.0,0.0,0.0,0.0,0.0,0.0,0.0,0.0,0.0,0.0,0.0,0.0,0.0,0.0,0.0,0.0,0.0,0.0,0.0,0.0,0.0,0.0,0.0,0.0,0.0,0.0,0.0,0.0,0.0,0.0,0.0,0.0,0.0,0.0,0.0,0.0,0.0,0.0,0.0,0.0,0.0,0.0,0.0,0.0,0.0,0.0,0.0,0.0,0.0,0.0,0.0,0.0,0.0,0.0,0.0,0.0,0.0,0.0,0.0,0.0,0.0,0.0,0.0,0.0,0.0,0.0,0.0,0.0,0.0,0.0,0.0,0.0,0.0,0.0,0.0,0.0,0.0,0.0,0.0,0.0,0.0,0.0,0.0,0.0,0.0,0.0,0.0,0.0,0.0,0.0,0.0,0.0,0.0,0.0,0.0,0.0,0.0,0.0,0.0,0.0,0.0,0.0,0.0,0.0,0.0,0.0,0.0,0.0,0.0,0.0,0.0,0.0,0.0,0.0,0.0,0.0,0.0,0.0,0.0,0.0,0.0,0.0,0.0,0.0,0.0,0.0,0.0,0.0,0.0,0.0,0.0,0.0,0.0,0.0,0.0,0.0,0.0,0.0,0.0,0.0,0.0,0.0,0.0,0.0,0.0,0.0,0.0,0.0,0.0,0.0,0.0,0.0,0.0,0.0,0.0,0.0,0.0,0.0,0.0,0.0,0.0,0.0,0.0,0.0,0.0,0.0,0.0,0.0,0.0,0.0,0.0,0.0,0.0,0.0,0.0,0.0,0.0,0.0,0.0,0.0,0.0,0.0,0.0,0.0,0.0,0.0,0.0,0.0,0.0,0.0,0.0,0.0,0.0,0.0,0.0,0.0,0.0,0.0,0.0,0.0,0.0,0.0,0.0,0.0,0.0,0.0,0.0,0.0,0.0,0.0,0.0,0.0,0.0,0.0,0.0,0.0,0.0,0.0,0.0,0.0,0.0,0.0,0.0,0.0,0.0,0.0,0.0,0.0,0.0,0.0,0.0,0.0,0.0,0.0,0.0,0.0,0.0,0.0,0.0,0.0,0.0,0.0,0.0,0.0,0.0,0.0,0.0,0.0,0.0,0.0,0.0,0.0,0.0,0.0,0.0,0.0,0.0,0.0,0.0,0.0,0.0,0.0,0.0,0.0,0.0,0.0,0.0,0.0,0.0,0.0,0.0,0.0,0.0,0.0,0.0,0.0,0.0,0.0,0.0,0.0,0.0,0.0,0.0,0.0,0.0,0.0,0.0,0.0,0.0,0.0,0.0,0.0,0.0,0.0,0.0,0.0,0.0,0.0,0.0,0.0,0.0,0.0,0.0,0.0,0.0,0.0,0.0,0.0,0.0,0.0,0.0,0.0,0.0,0.0,0.0,0.0,0.0,0.0,0.0,0.0,0.0,0.0,0.0,0.0,0.0,0.0,0.0,0.0,0.0,0.0,0.0,0.0,0.0,0.0,0.0,0.0,0.0,0.0,0.0,0.0,0.0,0.0,0.0,0.0,0.0,0.0,0.0,0.0,0.0,0.0,0.0,0.0,0.0,0.0,0.0,0.0,0.0,0.0,0.0,0.0,0.0,0.0,0.0,0.0,0.0,0.0,0.0,0.0,0.0,0.0,0.0,0.0,0.0,0.0,0.0,0.0,0.0,0.0,0.0,0.0,0.0,0.0,0.0,0.0,0.0,0.0,0.0,0.0,0.0,0.0,0.0,0.0,0.0,0.0,0.0,0.0,0.0,0.0,0.0,0.0,0.0,0.0,0.0,0.0,0.0,0.0,0.0,0.0,0.0,0.0,0.0,0.0,0.0,0.0,0.0,0.0,0.0,0.0,0.0,0.0,0.0,0.0,0.0,0.0,0.0,0.0,0.0,0.0,0.0,0.0,0.0,0.0,0.0,0.0,0.0,0.0,0.0,0.0,0.0,0.0,0.0,0.0,0.0,0.0,0.0,0.0,0.0,0.0,0.0,0.0,0.0,0.0,0.0,0.0,0.0,0.0,0.0,0.0,0.0,0.0,0.0,0.0,0.0,0.0,0.0,0.0,0.0,0.0,0.0,0.0,0.0,0.0,0.0,0.0,0.0,0.0,0.0,0.0,0.0,0.0,0.0,0.0,0.0,0.0,0.0,0.0,0.0,0.0,0.0,0.0,0.0,0.0,0.0,0.0,0.0,0.0,0.0,0.0,0.0,0.0,0.0,0.0,0.0,0.0,0.0,0.0,0.0,0.0,0.0,0.0,0.0,0.0,0.0,0.0,0.0,0.0,0.0,0.0,0.0,0.0,0.0,0.0,0.0,0.0,0.0,0.0,0.0,0.0,0.0,0.0,0.0,0.0,0.0,0.0,0.0,0.0,0.0,0.0,0.0,0.0,0.0,0.0,0.0,0.0,0.0,0.0,0.0,0.0,0.0,0.0,0.0,0.0,0.0,0.0,0.0,0.0,0.0,0.0,0.0,0.0,0.0,0.0,0.0,0.0,0.0,0.0,0.0,0.0,0.0,0.0,0.0,0.0,0.0,0.0,0.0,0.0,0.0,0.0,0.0,0.0,0.0,0.0,0.0,0.0,0.0,0.0,0.0,0.0,0.0,0.0,0.0,0.0,0.0,0.0,0.0,0.0,0.0,0.0,0.0,0.0,0.0,0.0,0.017350578738129716,-1.0887313154640418e-10,-5.3606647029570194e-12,-7.562913292483562e-7,7.774714992094016e-14,-6.61742775631628e-7,7.782940323926101e-6,-1.419232462148031e-11,-1.2925730762191634e-8,1.0883547083885762e-9,-2.101140263616807e-5,1.1817303185621268e-9,-0.0006012752788416986,7.919342724000271e-13,5.851793540086542e-10,-4.697003038218832e-7,1.5173192458805694e-11,-0.0006249216724933502,1.455530767860412e-12,0.0003519281072111678,0.00019644091604239034,-0.0026391197334365694,7.524001348619026e-13,-1.437598763443441e-11,6.410625075002813e-9,-1.1546082773895913e-9,-0.0018426197698554225,-1.3817075145450363e-11,-3.901665124297201e-15,-3.140919371801026e-8,-3.8912722004458244e-5,2.738370091548687e-13,-1.2281234828147522e-9,4.165266918996844e-9,-1.2448634799038857e-6,6.921276488881204e-6,-5.954926659454956e-14,-8.552948231280108e-16,-3.392405939257748e-5,5.181575052750541e-7,2.0667451481563794e-8,6.997145290388714e-12,-2.154986675288819e-8,-1.9231438296497335e-5,-1.2187683996411292e-9,-4.3531999746005167e-11,-9.988938999475315e-11,-0.005015855469133629,3.803789614072707e-5,1.1415177640235787e-6,5.424591208814125e-7,-3.2388850207989082e-6,-2.672421151657848e-6,-4.855875445002639e-13,-7.84372782044206e-14,-0.003881935590686734,-2.3977028756805287e-7,-1.3241822178315268e-15
0.0,0.0,0.0,0.0,0.0,0.0,0.0,0.0,0.0,0.0,0.0,0.0,0.0,0.0,0.0,0.0,0.0,0.0,0.0,0.0,0.0,0.0,0.0,0.0,0.0,0.0,0.0,0.0,0.0,0.0,0.0,0.0,0.0,0.0,0.0,0.0,0.0,0.0,0.0,0.0,0.0,0.0,0.0,0.0,0.0,0.0,0.0,0.0,0.0,0.0,0.0,0.0,0.0,0.0,0.0,0.0,0.0,0.0,0.0,0.0,0.0,0.0,0.0,0.0,0.0,0.0,0.0,0.0,0.0,0.0,0.0,0.0,0.0,0.0,0.0,0.0,0.0,0.0,0.0,0.0,0.0,0.0,0.0,0.0,0.0,0.0,0.0,0.0,0.0,0.0,0.0,0.0,0.0,0.0,0.0,0.0,0.0,0.0,0.0,0.0,0.0,0.0,0.0,0.0,0.0,0.0,0.0,0.0,0.0,0.0,0.0,0.0,0.0,0.0,0.0,0.0,0.0,0.0,0.0,0.0,0.0,0.0,0.0,0.0,0.0,0.0,0.0,0.0,0.0,0.0,0.0,0.0,0.0,0.0,0.0,0.0,0.0,0.0,0.0,0.0,0.0,0.0,0.0,0.0,0.0,0.0,0.0,0.0,0.0,0.0,0.0,0.0,0.0,0.0,0.0,0.0,0.0,0.0,0.0,0.0,0.0,0.0,0.0,0.0,0.0,0.0,0.0,0.0,0.0,0.0,0.0,0.0,0.0,0.0,0.0,0.0,0.0,0.0,0.0,0.0,0.0,0.0,0.0,0.0,0.0,0.0,0.0,0.0,0.0,0.0,0.0,0.0,0.0,0.0,0.0,0.0,0.0,0.0,0.0,0.0,0.0,0.0,0.0,0.0,0.0,0.0,0.0,0.0,0.0,0.0,0.0,0.0,0.0,0.0,0.0,0.0,0.0,0.0,0.0,0.0,0.0,0.0,0.0,0.0,0.0,0.0,0.0,0.0,0.0,0.0,0.0,0.0,0.0,0.0,0.0,0.0,0.0,0.0,0.0,0.0,0.0,0.0,0.0,0.0,0.0,0.0,0.0,0.0,0.0,0.0,0.0,0.0,0.0,0.0,0.0,0.0,0.0,0.0,0.0,0.0,0.0,0.0,0.0,0.0,0.0,0.0,0.0,0.0,0.0,0.0,0.0,0.0,0.0,0.0,0.0,0.0,0.0,0.0,0.0,0.0,0.0,0.0,0.0,0.0,0.0,0.0,0.0,0.0,0.0,0.0,0.0,0.0,0.0,0.0,0.0,0.0,0.0,0.0,0.0,0.0,0.0,0.0,0.0,0.0,0.0,0.0,0.0,0.0,0.0,0.0,0.0,0.0,0.0,0.0,0.0,0.0,0.0,0.0,0.0,0.0,0.0,0.0,0.0,0.0,0.0,0.0,0.0,0.0,0.0,0.0,0.0,0.0,0.0,0.0,0.0,0.0,0.0,0.0,0.0,0.0,0.0,0.0,0.0,0.0,0.0,0.0,0.0,0.0,0.0,0.0,0.0,0.0,0.0,0.0,0.0,0.0,0.0,0.0,0.0,0.0,0.0,0.0,0.0,0.0,0.0,0.0,0.0,0.0,0.0,0.0,0.0,0.0,0.0,0.0,0.0,0.0,0.0,0.0,0.0,0.0,0.0,0.0,0.0,0.0,0.0,0.0,0.0,0.0,0.0,0.0,0.0,0.0,0.0,0.0,0.0,0.0,0.0,0.0,0.0,0.0,0.0,0.0,0.0,0.0,0.0,0.0,0.0,0.0,0.0,0.0,0.0,0.0,0.0,0.0,0.0,0.0,0.0,0.0,0.0,0.0,0.0,0.0,0.0,0.0,0.0,0.0,0.0,0.0,0.0,0.0,0.0,0.0,0.0,0.0,0.0,0.0,0.0,0.0,0.0,0.0,0.0,0.0,0.0,0.0,0.0,0.0,0.0,0.0,0.0,0.0,0.0,0.0,0.0,0.0,0.0,0.0,0.0,0.0,0.0,0.0,0.0,0.0,0.0,0.0,0.0,0.0,0.0,0.0,0.0,0.0,0.0,0.0,0.0,0.0,0.0,0.0,0.0,0.0,0.0,0.0,0.0,0.0,0.0,0.0,0.0,0.0,0.0,0.0,0.0,0.0,0.0,0.0,0.0,0.0,0.0,0.0,0.0,0.0,0.0,0.0,0.0,0.0,0.0,0.0,0.0,0.0,0.0,0.0,0.0,0.0,0.0,0.0,0.0,0.0,0.0,0.0,0.0,0.0,0.0,0.0,0.0,0.0,0.0,0.0,0.0,0.0,0.0,0.0,0.0,0.0,0.0,0.0,0.0,0.0,0.0,0.0,0.0,0.0,0.0,0.0,0.0,0.0,0.0,0.0,0.0,0.0,0.0,0.0,0.0,0.0,0.0,0.0,0.0,0.0,0.0,0.0,0.0,0.0,0.0,0.0,0.0,0.0,0.0,0.0,0.0,0.0,0.0,0.0,0.0,0.0,0.0,0.0,0.0,0.0,0.0,0.0,0.0,0.0,0.0,0.0,0.0,0.0,0.0,0.0,0.0,0.0,0.0,0.0,0.0,0.0,0.0,0.0,0.0,0.0,0.0,0.0,0.0,0.0,0.0,0.0,0.0,0.0,0.0,0.0,0.0,0.0,0.0,0.0,0.0,0.0,0.0,0.0,0.0,0.0,0.0,0.0,0.0,0.0,0.0,0.0,0.0,0.0,0.0,0.0,0.0,0.0,0.0,0.0,0.0,0.0,0.0,0.0,0.0,0.0,0.0,0.0,0.0,0.0,0.0,0.0,0.0,0.0,0.0,0.0,0.0,0.0,0.0,0.0,0.0,0.0,0.0,0.0,0.0,0.0,0.0,0.0,0.0,0.0,0.0,0.0,0.0,0.0,0.0,0.0,0.0,0.0,0.0,0.0,0.0,0.0,0.0,0.0,0.0,0.0,0.0,0.0,0.0,0.0,0.0,0.0,0.0,0.0,0.0,0.0,0.0,0.0,0.0,0.0,0.0,0.0,0.0,0.0,0.0,0.0,0.0,0.0,0.0,0.0,0.0,0.0,0.0,0.0,0.0,0.0,0.0,0.0,0.0,0.0,0.0,0.0,0.0,0.0,0.0,0.0,0.0,0.0,0.0,0.0,0.0,0.0,0.0,0.0,0.0,0.0,0.0,0.0,0.0,0.0,0.0,0.0,0.0,0.0,0.0,0.0,0.0,0.0,0.0,0.0,0.0,0.0,0.0,0.0,0.03503505256016386,-5.5609329069740284e-5,9.44843401425877e-7,2.18837079225518e-6,1.7009688626689725e-6,6.469238595059339e-10,-0.00018367794547299865,-0.0008047444432925658,0.0012672712942423442,4.916485730414497e-8,-0.0003605216928234146,4.451922462817611e-12,7.49146676279503e-6,0.0009280929697171881,-1.0030668695824202e-6,0.0003909760690701803,-4.525972841807894e-10,3.651052328701982e-5,1.1944215582425322e-9,-1.819818961366535e-8,-5.917418740379409e-13,2.0562877547329198e-6,-0.0008352147611633029,-0.00047948961150076917,0.00010409470416878761,1.3494673536078534e-10,-6.310024503241558e-5,9.510484036593723e-6,9.258380935294773e-6,-1.027104793817383e-8,6.609388805819403e-6,0.0008223604750278003,0.0003035058412388966,2.382663152210279e-7,2.277182902481295e-7,-9.59548723911573e-7,5.723617961025497e-7,2.0660899361507845e-8,-7.337185120803136e-7,-0.00017944915797394532,0.00023948177154465167,-9.154274656683658e-6,5.033462451490777e-9,0.0009630523061720106,-0.003388871121957188,-0.001365992446387218,-6.043659047632451e-11,-4.404370519310622e-9,-1.8416189614212284e-7,-1.12853073389224e-7,-5.286117233798741e-7,-1.8154512073517625e-7,-1.5682400565311923e-6,6.349700482714014e-7,-1.252733406311247e-10,3.7366274532790693e-6,7.260202670689968e-8
0.0,0.0,0.0,0.0,0.0,0.0,0.0,0.0,0.0,0.0,0.0,0.0,0.0,0.0,0.0,0.0,0.0,0.0,0.0,0.0,0.0,0.0,0.0,0.0,0.0,0.0,0.0,0.0,0.0,0.0,0.0,0.0,0.0,0.0,0.0,0.0,0.0,0.0,0.0,0.0,0.0,0.0,0.0,0.0,0.0,0.0,0.0,0.0,0.0,0.0,0.0,0.0,0.0,0.0,0.0,0.0,0.0,0.0,0.0,0.0,0.0,0.0,0.0,0.0,0.0,0.0,0.0,0.0,0.0,0.0,0.0,0.0,0.0,0.0,0.0,0.0,0.0,0.0,0.0,0.0,0.0,0.0,0.0,0.0,0.0,0.0,0.0,0.0,0.0,0.0,0.0,0.0,0.0,0.0,0.0,0.0,0.0,0.0,0.0,0.0,0.0,0.0,0.0,0.0,0.0,0.0,0.0,0.0,0.0,0.0,0.0,0.0,0.0,0.0,0.0,0.0,0.0,0.0,0.0,0.0,0.0,0.0,0.0,0.0,0.0,0.0,0.0,0.0,0.0,0.0,0.0,0.0,0.0,0.0,0.0,0.0,0.0,0.0,0.0,0.0,0.0,0.0,0.0,0.0,0.0,0.0,0.0,0.0,0.0,0.0,0.0,0.0,0.0,0.0,0.0,0.0,0.0,0.0,0.0,0.0,0.0,0.0,0.0,0.0,0.0,0.0,0.0,0.0,0.0,0.0,0.0,0.0,0.0,0.0,0.0,0.0,0.0,0.0,0.0,0.0,0.0,0.0,0.0,0.0,0.0,0.0,0.0,0.0,0.0,0.0,0.0,0.0,0.0,0.0,0.0,0.0,0.0,0.0,0.0,0.0,0.0,0.0,0.0,0.0,0.0,0.0,0.0,0.0,0.0,0.0,0.0,0.0,0.0,0.0,0.0,0.0,0.0,0.0,0.0,0.0,0.0,0.0,0.0,0.0,0.0,0.0,0.0,0.0,0.0,0.0,0.0,0.0,0.0,0.0,0.0,0.0,0.0,0.0,0.0,0.0,0.0,0.0,0.0,0.0,0.0,0.0,0.0,0.0,0.0,0.0,0.0,0.0,0.0,0.0,0.0,0.0,0.0,0.0,0.0,0.0,0.0,0.0,0.0,0.0,0.0,0.0,0.0,0.0,0.0,0.0,0.0,0.0,0.0,0.0,0.0,0.0,0.0,0.0,0.0,0.0,0.0,0.0,0.0,0.0,0.0,0.0,0.0,0.0,0.0,0.0,0.0,0.0,0.0,0.0,0.0,0.0,0.0,0.0,0.0,0.0,0.0,0.0,0.0,0.0,0.0,0.0,0.0,0.0,0.0,0.0,0.0,0.0,0.0,0.0,0.0,0.0,0.0,0.0,0.0,0.0,0.0,0.0,0.0,0.0,0.0,0.0,0.0,0.0,0.0,0.0,0.0,0.0,0.0,0.0,0.0,0.0,0.0,0.0,0.0,0.0,0.0,0.0,0.0,0.0,0.0,0.0,0.0,0.0,0.0,0.0,0.0,0.0,0.0,0.0,0.0,0.0,0.0,0.0,0.0,0.0,0.0,0.0,0.0,0.0,0.0,0.0,0.0,0.0,0.0,0.0,0.0,0.0,0.0,0.0,0.0,0.0,0.0,0.0,0.0,0.0,0.0,0.0,0.0,0.0,0.0,0.0,0.0,0.0,0.0,0.0,0.0,0.0,0.0,0.0,0.0,0.0,0.0,0.0,0.0,0.0,0.0,0.0,0.0,0.0,0.0,0.0,0.0,0.0,0.0,0.0,0.0,0.0,0.0,0.0,0.0,0.0,0.0,0.0,0.0,0.0,0.0,0.0,0.0,0.0,0.0,0.0,0.0,0.0,0.0,0.0,0.0,0.0,0.0,0.0,0.0,0.0,0.0,0.0,0.0,0.0,0.0,0.0,0.0,0.0,0.0,0.0,0.0,0.0,0.0,0.0,0.0,0.0,0.0,0.0,0.0,0.0,0.0,0.0,0.0,0.0,0.0,0.0,0.0,0.0,0.0,0.0,0.0,0.0,0.0,0.0,0.0,0.0,0.0,0.0,0.0,0.0,0.0,0.0,0.0,0.0,0.0,0.0,0.0,0.0,0.0,0.0,0.0,0.0,0.0,0.0,0.0,0.0,0.0,0.0,0.0,0.0,0.0,0.0,0.0,0.0,0.0,0.0,0.0,0.0,0.0,0.0,0.0,0.0,0.0,0.0,0.0,0.0,0.0,0.0,0.0,0.0,0.0,0.0,0.0,0.0,0.0,0.0,0.0,0.0,0.0,0.0,0.0,0.0,0.0,0.0,0.0,0.0,0.0,0.0,0.0,0.0,0.0,0.0,0.0,0.0,0.0,0.0,0.0,0.0,0.0,0.0,0.0,0.0,0.0,0.0,0.0,0.0,0.0,0.0,0.0,0.0,0.0,0.0,0.0,0.0,0.0,0.0,0.0,0.0,0.0,0.0,0.0,0.0,0.0,0.0,0.0,0.0,0.0,0.0,0.0,0.0,0.0,0.0,0.0,0.0,0.0,0.0,0.0,0.0,0.0,0.0,0.0,0.0,0.0,0.0,0.0,0.0,0.0,0.0,0.0,0.0,0.0,0.0,0.0,0.0,0.0,0.0,0.0,0.0,0.0,0.0,0.0,0.0,0.0,0.0,0.0,0.0,0.0,0.0,0.0,0.0,0.0,0.0,0.0,0.0,0.0,0.0,0.0,0.0,0.0,0.0,0.0,0.0,0.0,0.0,0.0,0.0,0.0,0.0,0.0,0.0,0.0,0.0,0.0,0.0,0.0,0.0,0.0,0.0,0.0,0.0,0.0,0.0,0.0,0.0,0.0,0.0,0.0,0.0,0.0,0.0,0.0,0.0,0.0,0.0,0.0,0.0,0.0,0.0,0.0,0.0,0.0,0.0,0.0,0.0,0.0,0.0,0.0,0.0,0.0,0.0,0.0,0.0,0.0,0.0,0.0,0.0,0.0,0.0,0.0,0.0,0.0,0.0,0.0,0.0,0.0,0.0,0.0,0.0,0.0,0.0,0.0,0.0,0.0,0.0,0.0,0.0,0.0,0.0,0.0,0.0,0.0,0.0,0.0,0.0,0.0,0.0,0.0,0.0,0.0,0.0,0.0,0.0,0.0,0.0,0.0,0.0,0.0,0.0,0.0,0.0,0.0,0.0,0.0,0.0,0.0,0.0,0.0,0.0,0.0,0.0,0.0,0.0,0.0,0.0,0.0,0.0,0.0,0.024668088538558675,6.250092895387859e-9,5.483269713596863e-5,2.9016520498843703e-7,2.3956704797283775e-10,0.006388457705925456,-1.2881838632826838e-5,7.32101779251339e-5,4.3601506990456364e-10,9.966378488620518e-6,1.685648898357144e-12,0.0010616812439405827,2.969339453734382e-5,1.0637218224783806e-8,-0.0029068088408184915,1.7982251030929423e-11,-0.0009421617182349548,-3.0710166494527275e-11,5.3777494555382836e-11,2.0353071343798696e-12,0.001793410359250647,0.0002815857112125692,-3.294233198075772e-5,-2.3695694215434873e-6,-1.0084508350836405e-12,0.0012528568875525498,0.00021067756469259495,-7.943587966407625e-7,9.872794685962144e-10,-0.001071688022085859,8.024003565423215e-6,-1.3181502440450264e-6,-9.347935087852836e-9,-1.1698599221367183e-8,7.81898658159097e-5,3.905103614570115e-5,1.3055709903481474e-10,-4.743401074098253e-8,-4.583673102268194e-6,-0.0002940437232578371,-3.675810949809005e-6,2.4317667051123684e-10,1.7575989685125843e-6,0.0015824825485018007,-5.206719365208972e-5,-4.3113929264036855e-12,-4.919940325496402e-10,1.476345981090237e-8,-1.1310092767955843e-9,1.229250837285417e-8,6.522180717870823e-9,0.00010734488422862361,-7.343152538253008e-5,1.0790065679717917e-11,1.2178809323023676e-7,-1.341263347906717e-6
0.0,0.0,0.0,0.0,0.0,0.0,0.0,0.0,0.0,0.0,0.0,0.0,0.0,0.0,0.0,0.0,0.0,0.0,0.0,0.0,0.0,0.0,0.0,0.0,0.0,0.0,0.0,0.0,0.0,0.0,0.0,0.0,0.0,0.0,0.0,0.0,0.0,0.0,0.0,0.0,0.0,0.0,0.0,0.0,0.0,0.0,0.0,0.0,0.0,0.0,0.0,0.0,0.0,0.0,0.0,0.0,0.0,0.0,0.0,0.0,0.0,0.0,0.0,0.0,0.0,0.0,0.0,0.0,0.0,0.0,0.0,0.0,0.0,0.0,0.0,0.0,0.0,0.0,0.0,0.0,0.0,0.0,0.0,0.0,0.0,0.0,0.0,0.0,0.0,0.0,0.0,0.0,0.0,0.0,0.0,0.0,0.0,0.0,0.0,0.0,0.0,0.0,0.0,0.0,0.0,0.0,0.0,0.0,0.0,0.0,0.0,0.0,0.0,0.0,0.0,0.0,0.0,0.0,0.0,0.0,0.0,0.0,0.0,0.0,0.0,0.0,0.0,0.0,0.0,0.0,0.0,0.0,0.0,0.0,0.0,0.0,0.0,0.0,0.0,0.0,0.0,0.0,0.0,0.0,0.0,0.0,0.0,0.0,0.0,0.0,0.0,0.0,0.0,0.0,0.0,0.0,0.0,0.0,0.0,0.0,0.0,0.0,0.0,0.0,0.0,0.0,0.0,0.0,0.0,0.0,0.0,0.0,0.0,0.0,0.0,0.0,0.0,0.0,0.0,0.0,0.0,0.0,0.0,0.0,0.0,0.0,0.0,0.0,0.0,0.0,0.0,0.0,0.0,0.0,0.0,0.0,0.0,0.0,0.0,0.0,0.0,0.0,0.0,0.0,0.0,0.0,0.0,0.0,0.0,0.0,0.0,0.0,0.0,0.0,0.0,0.0,0.0,0.0,0.0,0.0,0.0,0.0,0.0,0.0,0.0,0.0,0.0,0.0,0.0,0.0,0.0,0.0,0.0,0.0,0.0,0.0,0.0,0.0,0.0,0.0,0.0,0.0,0.0,0.0,0.0,0.0,0.0,0.0,0.0,0.0,0.0,0.0,0.0,0.0,0.0,0.0,0.0,0.0,0.0,0.0,0.0,0.0,0.0,0.0,0.0,0.0,0.0,0.0,0.0,0.0,0.0,0.0,0.0,0.0,0.0,0.0,0.0,0.0,0.0,0.0,0.0,0.0,0.0,0.0,0.0,0.0,0.0,0.0,0.0,0.0,0.0,0.0,0.0,0.0,0.0,0.0,0.0,0.0,0.0,0.0,0.0,0.0,0.0,0.0,0.0,0.0,0.0,0.0,0.0,0.0,0.0,0.0,0.0,0.0,0.0,0.0,0.0,0.0,0.0,0.0,0.0,0.0,0.0,0.0,0.0,0.0,0.0,0.0,0.0,0.0,0.0,0.0,0.0,0.0,0.0,0.0,0.0,0.0,0.0,0.0,0.0,0.0,0.0,0.0,0.0,0.0,0.0,0.0,0.0,0.0,0.0,0.0,0.0,0.0,0.0,0.0,0.0,0.0,0.0,0.0,0.0,0.0,0.0,0.0,0.0,0.0,0.0,0.0,0.0,0.0,0.0,0.0,0.0,0.0,0.0,0.0,0.0,0.0,0.0,0.0,0.0,0.0,0.0,0.0,0.0,0.0,0.0,0.0,0.0,0.0,0.0,0.0,0.0,0.0,0.0,0.0,0.0,0.0,0.0,0.0,0.0,0.0,0.0,0.0,0.0,0.0,0.0,0.0,0.0,0.0,0.0,0.0,0.0,0.0,0.0,0.0,0.0,0.0,0.0,0.0,0.0,0.0,0.0,0.0,0.0,0.0,0.0,0.0,0.0,0.0,0.0,0.0,0.0,0.0,0.0,0.0,0.0,0.0,0.0,0.0,0.0,0.0,0.0,0.0,0.0,0.0,0.0,0.0,0.0,0.0,0.0,0.0,0.0,0.0,0.0,0.0,0.0,0.0,0.0,0.0,0.0,0.0,0.0,0.0,0.0,0.0,0.0,0.0,0.0,0.0,0.0,0.0,0.0,0.0,0.0,0.0,0.0,0.0,0.0,0.0,0.0,0.0,0.0,0.0,0.0,0.0,0.0,0.0,0.0,0.0,0.0,0.0,0.0,0.0,0.0,0.0,0.0,0.0,0.0,0.0,0.0,0.0,0.0,0.0,0.0,0.0,0.0,0.0,0.0,0.0,0.0,0.0,0.0,0.0,0.0,0.0,0.0,0.0,0.0,0.0,0.0,0.0,0.0,0.0,0.0,0.0,0.0,0.0,0.0,0.0,0.0,0.0,0.0,0.0,0.0,0.0,0.0,0.0,0.0,0.0,0.0,0.0,0.0,0.0,0.0,0.0,0.0,0.0,0.0,0.0,0.0,0.0,0.0,0.0,0.0,0.0,0.0,0.0,0.0,0.0,0.0,0.0,0.0,0.0,0.0,0.0,0.0,0.0,0.0,0.0,0.0,0.0,0.0,0.0,0.0,0.0,0.0,0.0,0.0,0.0,0.0,0.0,0.0,0.0,0.0,0.0,0.0,0.0,0.0,0.0,0.0,0.0,0.0,0.0,0.0,0.0,0.0,0.0,0.0,0.0,0.0,0.0,0.0,0.0,0.0,0.0,0.0,0.0,0.0,0.0,0.0,0.0,0.0,0.0,0.0,0.0,0.0,0.0,0.0,0.0,0.0,0.0,0.0,0.0,0.0,0.0,0.0,0.0,0.0,0.0,0.0,0.0,0.0,0.0,0.0,0.0,0.0,0.0,0.0,0.0,0.0,0.0,0.0,0.0,0.0,0.0,0.0,0.0,0.0,0.0,0.0,0.0,0.0,0.0,0.0,0.0,0.0,0.0,0.0,0.0,0.0,0.0,0.0,0.0,0.0,0.0,0.0,0.0,0.0,0.0,0.0,0.0,0.0,0.0,0.0,0.0,0.0,0.0,0.0,0.0,0.0,0.0,0.0,0.0,0.0,0.0,0.0,0.0,0.0,0.0,0.0,0.0,0.0,0.0,0.0,0.0,0.0,0.0,0.0,0.0,0.0,0.0,0.0,0.0,0.0,0.0,0.0,0.0,0.0,0.0,0.0,0.0,0.0,0.0,0.0,0.0,0.0,0.0,0.0,0.0,0.0,0.0,0.0,0.0,0.0,0.0,0.0,0.0,0.0,0.0,0.0,0.0,0.0,0.0,0.0,0.0,0.0,0.0,0.0,0.0,0.0,0.0,0.0,0.0,0.025060669639555205,-4.107025795196013e-10,-0.003801629320626023,1.5237060564426426e-5,2.4529269987665596e-7,0.00017256071057233764,-2.3650458815337464e-5,0.00025040106616614134,-7.943740949997145e-5,1.8660841582199386e-7,-5.3462489440484705e-9,4.5589449110837414e-5,-0.0014461768094977995,-8.60497157515549e-8,2.515061374271942e-6,-2.2768060794369086e-8,-9.316624340838737e-6,4.368178674590125e-5,5.278339614698269e-8,-1.3258893393529096e-8,-6.274981900480838e-7,-3.514290664800449e-5,1.295438637156975e-5,-1.607186544891228e-7,-4.429587309557164e-8,4.6092631521421223e-10,0.001467740080309694,0.00011307390889945554,-1.6549827271700945e-9,8.558472568237559e-7,8.812805511911552e-5,-0.000590229670359195,-3.443604441610985e-5,4.978255669518219e-10,-1.0540268958078046e-11,-3.2400621239786584e-5,-0.0008421953288424057,-0.00034744154720381366,1.4988845493894684e-8,0.0001600939445935755,1.4215752636001828e-5,4.8701901985466176e-5,-1.5705376428973338e-7,2.356282987609519e-6,9.337282101822544e-7,-2.414771895284126e-5,-0.00018031286523948742,-0.000413791532723628,-0.0012682107022164366,0.00026529778501683805,1.4805069515940622e-9,2.3696206612702167e-10,3.099656901014232e-7,0.0044658616687370195,3.317769527905753e-11
0.0,0.0,0.0,0.0,0.0,0.0,0.0,0.0,0.0,0.0,0.0,0.0,0.0,0.0,0.0,0.0,0.0,0.0,0.0,0.0,0.0,0.0,0.0,0.0,0.0,0.0,0.0,0.0,0.0,0.0,0.0,0.0,0.0,0.0,0.0,0.0,0.0,0.0,0.0,0.0,0.0,0.0,0.0,0.0,0.0,0.0,0.0,0.0,0.0,0.0,0.0,0.0,0.0,0.0,0.0,0.0,0.0,0.0,0.0,0.0,0.0,0.0,0.0,0.0,0.0,0.0,0.0,0.0,0.0,0.0,0.0,0.0,0.0,0.0,0.0,0.0,0.0,0.0,0.0,0.0,0.0,0.0,0.0,0.0,0.0,0.0,0.0,0.0,0.0,0.0,0.0,0.0,0.0,0.0,0.0,0.0,0.0,0.0,0.0,0.0,0.0,0.0,0.0,0.0,0.0,0.0,0.0,0.0,0.0,0.0,0.0,0.0,0.0,0.0,0.0,0.0,0.0,0.0,0.0,0.0,0.0,0.0,0.0,0.0,0.0,0.0,0.0,0.0,0.0,0.0,0.0,0.0,0.0,0.0,0.0,0.0,0.0,0.0,0.0,0.0,0.0,0.0,0.0,0.0,0.0,0.0,0.0,0.0,0.0,0.0,0.0,0.0,0.0,0.0,0.0,0.0,0.0,0.0,0.0,0.0,0.0,0.0,0.0,0.0,0.0,0.0,0.0,0.0,0.0,0.0,0.0,0.0,0.0,0.0,0.0,0.0,0.0,0.0,0.0,0.0,0.0,0.0,0.0,0.0,0.0,0.0,0.0,0.0,0.0,0.0,0.0,0.0,0.0,0.0,0.0,0.0,0.0,0.0,0.0,0.0,0.0,0.0,0.0,0.0,0.0,0.0,0.0,0.0,0.0,0.0,0.0,0.0,0.0,0.0,0.0,0.0,0.0,0.0,0.0,0.0,0.0,0.0,0.0,0.0,0.0,0.0,0.0,0.0,0.0,0.0,0.0,0.0,0.0,0.0,0.0,0.0,0.0,0.0,0.0,0.0,0.0,0.0,0.0,0.0,0.0,0.0,0.0,0.0,0.0,0.0,0.0,0.0,0.0,0.0,0.0,0.0,0.0,0.0,0.0,0.0,0.0,0.0,0.0,0.0,0.0,0.0,0.0,0.0,0.0,0.0,0.0,0.0,0.0,0.0,0.0,0.0,0.0,0.0,0.0,0.0,0.0,0.0,0.0,0.0,0.0,0.0,0.0,0.0,0.0,0.0,0.0,0.0,0.0,0.0,0.0,0.0,0.0,0.0,0.0,0.0,0.0,0.0,0.0,0.0,0.0,0.0,0.0,0.0,0.0,0.0,0.0,0.0,0.0,0.0,0.0,0.0,0.0,0.0,0.0,0.0,0.0,0.0,0.0,0.0,0.0,0.0,0.0,0.0,0.0,0.0,0.0,0.0,0.0,0.0,0.0,0.0,0.0,0.0,0.0,0.0,0.0,0.0,0.0,0.0,0.0,0.0,0.0,0.0,0.0,0.0,0.0,0.0,0.0,0.0,0.0,0.0,0.0,0.0,0.0,0.0,0.0,0.0,0.0,0.0,0.0,0.0,0.0,0.0,0.0,0.0,0.0,0.0,0.0,0.0,0.0,0.0,0.0,0.0,0.0,0.0,0.0,0.0,0.0,0.0,0.0,0.0,0.0,0.0,0.0,0.0,0.0,0.0,0.0,0.0,0.0,0.0,0.0,0.0,0.0,0.0,0.0,0.0,0.0,0.0,0.0,0.0,0.0,0.0,0.0,0.0,0.0,0.0,0.0,0.0,0.0,0.0,0.0,0.0,0.0,0.0,0.0,0.0,0.0,0.0,0.0,0.0,0.0,0.0,0.0,0.0,0.0,0.0,0.0,0.0,0.0,0.0,0.0,0.0,0.0,0.0,0.0,0.0,0.0,0.0,0.0,0.0,0.0,0.0,0.0,0.0,0.0,0.0,0.0,0.0,0.0,0.0,0.0,0.0,0.0,0.0,0.0,0.0,0.0,0.0,0.0,0.0,0.0,0.0,0.0,0.0,0.0,0.0,0.0,0.0,0.0,0.0,0.0,0.0,0.0,0.0,0.0,0.0,0.0,0.0,0.0,0.0,0.0,0.0,0.0,0.0,0.0,0.0,0.0,0.0,0.0,0.0,0.0,0.0,0.0,0.0,0.0,0.0,0.0,0.0,0.0,0.0,0.0,0.0,0.0,0.0,0.0,0.0,0.0,0.0,0.0,0.0,0.0,0.0,0.0,0.0,0.0,0.0,0.0,0.0,0.0,0.0,0.0,0.0,0.0,0.0,0.0,0.0,0.0,0.0,0.0,0.0,0.0,0.0,0.0,0.0,0.0,0.0,0.0,0.0,0.0,0.0,0.0,0.0,0.0,0.0,0.0,0.0,0.0,0.0,0.0,0.0,0.0,0.0,0.0,0.0,0.0,0.0,0.0,0.0,0.0,0.0,0.0,0.0,0.0,0.0,0.0,0.0,0.0,0.0,0.0,0.0,0.0,0.0,0.0,0.0,0.0,0.0,0.0,0.0,0.0,0.0,0.0,0.0,0.0,0.0,0.0,0.0,0.0,0.0,0.0,0.0,0.0,0.0,0.0,0.0,0.0,0.0,0.0,0.0,0.0,0.0,0.0,0.0,0.0,0.0,0.0,0.0,0.0,0.0,0.0,0.0,0.0,0.0,0.0,0.0,0.0,0.0,0.0,0.0,0.0,0.0,0.0,0.0,0.0,0.0,0.0,0.0,0.0,0.0,0.0,0.0,0.0,0.0,0.0,0.0,0.0,0.0,0.0,0.0,0.0,0.0,0.0,0.0,0.0,0.0,0.0,0.0,0.0,0.0,0.0,0.0,0.0,0.0,0.0,0.0,0.0,0.0,0.0,0.0,0.0,0.0,0.0,0.0,0.0,0.0,0.0,0.0,0.0,0.0,0.0,0.0,0.0,0.0,0.0,0.0,0.0,0.0,0.0,0.0,0.0,0.0,0.0,0.0,0.0,0.0,0.0,0.0,0.0,0.0,0.0,0.0,0.0,0.0,0.0,0.0,0.0,0.0,0.0,0.0,0.0,0.0,0.0,0.0,0.0,0.0,0.0,0.0,0.0,0.0,0.0,0.0,0.0,0.0,0.0,0.0,0.0,0.0,0.0,0.0,0.0,0.0,0.0,0.0,0.0,0.0,0.0,0.0,0.0,0.0,0.0,0.0,0.0,0.0,0.0,0.0,0.0,0.0,0.0,0.0,0.0,0.020544949396038712,2.4999169338585618e-9,-7.797708299463536e-13,7.842490800575749e-5,-7.248022043452176e-8,4.508393600652768e-7,-2.894136102721918e-11,6.99999872298558e-9,-3.346939380200473e-14,-0.0013779431858162129,-2.6954986090167168e-8,4.886891144864178e-10,3.3737173549144896e-5,4.776079236296594e-13,0.0007998194805930283,4.234282932347488e-13,7.07467955455812e-12,-3.557894871205778e-15,0.00024070240056703064,1.491005280747272e-6,2.3874157053370292e-8,-1.2042396420494753e-7,-9.442372216968646e-14,7.627448556117324e-6,0.0006771457702978094,-2.6905227524047943e-9,-2.763723935069655e-12,0.0015643849185151331,3.325790862685654e-9,-4.415354240504598e-8,-2.330476240380443e-10,-1.5164353188063595e-11,0.004879295241548756,0.0079639494232411,-4.209626605750058e-12,-7.454976856906583e-11,2.8173410690252282e-8,2.62941774590567e-6,-3.1661851730597685e-8,-5.999194664059635e-12,-1.138060535991624e-7,7.11585404843668e-6,6.69740872537344e-7,1.8944635830352452e-13,8.006911637419404e-13,-1.2749169872051546e-11,3.251095386884114e-11,1.9990893202860948e-10,2.456727546502404e-11,0.0008598857052578495,-0.0016377397052233004,-7.699749577647168e-15,-2.052921115750299e-11,0.0014057233531955295
0.0,0.0,0.0,0.0,0.0,0.0,0.0,0.0,0.0,0.0,0.0,0.0,0.0,0.0,0.0,0.0,0.0,0.0,0.0,0.0,0.0,0.0,0.0,0.0,0.0,0.0,0.0,0.0,0.0,0.0,0.0,0.0,0.0,0.0,0.0,0.0,0.0,0.0,0.0,0.0,0.0,0.0,0.0,0.0,0.0,0.0,0.0,0.0,0.0,0.0,0.0,0.0,0.0,0.0,0.0,0.0,0.0,0.0,0.0,0.0,0.0,0.0,0.0,0.0,0.0,0.0,0.0,0.0,0.0,0.0,0.0,0.0,0.0,0.0,0.0,0.0,0.0,0.0,0.0,0.0,0.0,0.0,0.0,0.0,0.0,0.0,0.0,0.0,0.0,0.0,0.0,0.0,0.0,0.0,0.0,0.0,0.0,0.0,0.0,0.0,0.0,0.0,0.0,0.0,0.0,0.0,0.0,0.0,0.0,0.0,0.0,0.0,0.0,0.0,0.0,0.0,0.0,0.0,0.0,0.0,0.0,0.0,0.0,0.0,0.0,0.0,0.0,0.0,0.0,0.0,0.0,0.0,0.0,0.0,0.0,0.0,0.0,0.0,0.0,0.0,0.0,0.0,0.0,0.0,0.0,0.0,0.0,0.0,0.0,0.0,0.0,0.0,0.0,0.0,0.0,0.0,0.0,0.0,0.0,0.0,0.0,0.0,0.0,0.0,0.0,0.0,0.0,0.0,0.0,0.0,0.0,0.0,0.0,0.0,0.0,0.0,0.0,0.0,0.0,0.0,0.0,0.0,0.0,0.0,0.0,0.0,0.0,0.0,0.0,0.0,0.0,0.0,0.0,0.0,0.0,0.0,0.0,0.0,0.0,0.0,0.0,0.0,0.0,0.0,0.0,0.0,0.0,0.0,0.0,0.0,0.0,0.0,0.0,0.0,0.0,0.0,0.0,0.0,0.0,0.0,0.0,0.0,0.0,0.0,0.0,0.0,0.0,0.0,0.0,0.0,0.0,0.0,0.0,0.0,0.0,0.0,0.0,0.0,0.0,0.0,0.0,0.0,0.0,0.0,0.0,0.0,0.0,0.0,0.0,0.0,0.0,0.0,0.0,0.0,0.0,0.0,0.0,0.0,0.0,0.0,0.0,0.0,0.0,0.0,0.0,0.0,0.0,0.0,0.0,0.0,0.0,0.0,0.0,0.0,0.0,0.0,0.0,0.0,0.0,0.0,0.0,0.0,0.0,0.0,0.0,0.0,0.0,0.0,0.0,0.0,0.0,0.0,0.0,0.0,0.0,0.0,0.0,0.0,0.0,0.0,0.0,0.0,0.0,0.0,0.0,0.0,0.0,0.0,0.0,0.0,0.0,0.0,0.0,0.0,0.0,0.0,0.0,0.0,0.0,0.0,0.0,0.0,0.0,0.0,0.0,0.0,0.0,0.0,0.0,0.0,0.0,0.0,0.0,0.0,0.0,0.0,0.0,0.0,0.0,0.0,0.0,0.0,0.0,0.0,0.0,0.0,0.0,0.0,0.0,0.0,0.0,0.0,0.0,0.0,0.0,0.0,0.0,0.0,0.0,0.0,0.0,0.0,0.0,0.0,0.0,0.0,0.0,0.0,0.0,0.0,0.0,0.0,0.0,0.0,0.0,0.0,0.0,0.0,0.0,0.0,0.0,0.0,0.0,0.0,0.0,0.0,0.0,0.0,0.0,0.0,0.0,0.0,0.0,0.0,0.0,0.0,0.0,0.0,0.0,0.0,0.0,0.0,0.0,0.0,0.0,0.0,0.0,0.0,0.0,0.0,0.0,0.0,0.0,0.0,0.0,0.0,0.0,0.0,0.0,0.0,0.0,0.0,0.0,0.0,0.0,0.0,0.0,0.0,0.0,0.0,0.0,0.0,0.0,0.0,0.0,0.0,0.0,0.0,0.0,0.0,0.0,0.0,0.0,0.0,0.0,0.0,0.0,0.0,0.0,0.0,0.0,0.0,0.0,0.0,0.0,0.0,0.0,0.0,0.0,0.0,0.0,0.0,0.0,0.0,0.0,0.0,0.0,0.0,0.0,0.0,0.0,0.0,0.0,0.0,0.0,0.0,0.0,0.0,0.0,0.0,0.0,0.0,0.0,0.0,0.0,0.0,0.0,0.0,0.0,0.0,0.0,0.0,0.0,0.0,0.0,0.0,0.0,0.0,0.0,0.0,0.0,0.0,0.0,0.0,0.0,0.0,0.0,0.0,0.0,0.0,0.0,0.0,0.0,0.0,0.0,0.0,0.0,0.0,0.0,0.0,0.0,0.0,0.0,0.0,0.0,0.0,0.0,0.0,0.0,0.0,0.0,0.0,0.0,0.0,0.0,0.0,0.0,0.0,0.0,0.0,0.0,0.0,0.0,0.0,0.0,0.0,0.0,0.0,0.0,0.0,0.0,0.0,0.0,0.0,0.0,0.0,0.0,0.0,0.0,0.0,0.0,0.0,0.0,0.0,0.0,0.0,0.0,0.0,0.0,0.0,0.0,0.0,0.0,0.0,0.0,0.0,0.0,0.0,0.0,0.0,0.0,0.0,0.0,0.0,0.0,0.0,0.0,0.0,0.0,0.0,0.0,0.0,0.0,0.0,0.0,0.0,0.0,0.0,0.0,0.0,0.0,0.0,0.0,0.0,0.0,0.0,0.0,0.0,0.0,0.0,0.0,0.0,0.0,0.0,0.0,0.0,0.0,0.0,0.0,0.0,0.0,0.0,0.0,0.0,0.0,0.0,0.0,0.0,0.0,0.0,0.0,0.0,0.0,0.0,0.0,0.0,0.0,0.0,0.0,0.0,0.0,0.0,0.0,0.0,0.0,0.0,0.0,0.0,0.0,0.0,0.0,0.0,0.0,0.0,0.0,0.0,0.0,0.0,0.0,0.0,0.0,0.0,0.0,0.0,0.0,0.0,0.0,0.0,0.0,0.0,0.0,0.0,0.0,0.0,0.0,0.0,0.0,0.0,0.0,0.0,0.0,0.0,0.0,0.0,0.0,0.0,0.0,0.0,0.0,0.0,0.0,0.0,0.0,0.0,0.0,0.0,0.0,0.0,0.0,0.0,0.0,0.0,0.0,0.0,0.0,0.0,0.0,0.0,0.0,0.0,0.0,0.0,0.0,0.0,0.0,0.0,0.0,0.0,0.0,0.0,0.0,0.0,0.0,0.0,0.0,0.0,0.0,0.0,0.0,0.0,0.0,0.0,0.0,0.0,0.0,0.0,0.0,0.0,0.0,0.0,0.0,0.0,0.0,0.0,0.0,0.0,0.030481501172893468,2.42809253053296e-5,1.8167615575716166e-7,8.264931846030676e-5,3.664481679924544e-5,-2.585866947734788e-6,-7.089182296047925e-5,1.7041008350865817e-7,-1.3230502985228194e-8,3.490658763794565e-5,-0.0005684449074524391,-5.182891787737923e-7,9.70947496107307e-7,4.020432307242163e-8,-2.148126706764904e-6,2.2008926953669323e-5,1.0774146959848076e-7,3.5204825035431584e-8,8.900476113452991e-7,-2.502931217495711e-5,3.137932400579066e-5,3.530654974398508e-8,5.441421038442996e-7,-5.781351250651925e-9,0.0033369788669503388,5.633644062789648e-5,4.750385846365318e-9,5.1915138577551236e-5,-4.780083966514984e-5,0.00032200590743770933,-0.0007151942979390949,-4.483824664420944e-9,3.0823906856212084e-10,-1.955497693806599e-5,-0.005159669932506215,-6.257641506985706e-5,-1.6553997861421116e-7,0.0004647621052782588,2.518923329069222e-5,-0.00013260693456907562,-5.223704033890312e-7,3.3742726616044726e-7,-1.717426070633865e-7,-4.095333968609569e-5,0.00011848142760277328,-0.0004839410022290798,0.000972708124246078,-6.029538725232126e-5,8.339423375131931e-11,2.6087876579523987e-10,5.156505146656768e-7,0.0031576472135795143,-8.854898847656896e-11
0.0,0.0,0.0,0.0,0.0,0.0,0.0,0.0,0.0,0.0,0.0,0.0,0.0,0.0,0.0,0.0,0.0,0.0,0.0,0.0,0.0,0.0,0.0,0.0,0.0,0.0,0.0,0.0,0.0,0.0,0.0,0.0,0.0,0.0,0.0,0.0,0.0,0.0,0.0,0.0,0.0,0.0,0.0,0.0,0.0,0.0,0.0,0.0,0.0,0.0,0.0,0.0,0.0,0.0,0.0,0.0,0.0,0.0,0.0,0.0,0.0,0.0,0.0,0.0,0.0,0.0,0.0,0.0,0.0,0.0,0.0,0.0,0.0,0.0,0.0,0.0,0.0,0.0,0.0,0.0,0.0,0.0,0.0,0.0,0.0,0.0,0.0,0.0,0.0,0.0,0.0,0.0,0.0,0.0,0.0,0.0,0.0,0.0,0.0,0.0,0.0,0.0,0.0,0.0,0.0,0.0,0.0,0.0,0.0,0.0,0.0,0.0,0.0,0.0,0.0,0.0,0.0,0.0,0.0,0.0,0.0,0.0,0.0,0.0,0.0,0.0,0.0,0.0,0.0,0.0,0.0,0.0,0.0,0.0,0.0,0.0,0.0,0.0,0.0,0.0,0.0,0.0,0.0,0.0,0.0,0.0,0.0,0.0,0.0,0.0,0.0,0.0,0.0,0.0,0.0,0.0,0.0,0.0,0.0,0.0,0.0,0.0,0.0,0.0,0.0,0.0,0.0,0.0,0.0,0.0,0.0,0.0,0.0,0.0,0.0,0.0,0.0,0.0,0.0,0.0,0.0,0.0,0.0,0.0,0.0,0.0,0.0,0.0,0.0,0.0,0.0,0.0,0.0,0.0,0.0,0.0,0.0,0.0,0.0,0.0,0.0,0.0,0.0,0.0,0.0,0.0,0.0,0.0,0.0,0.0,0.0,0.0,0.0,0.0,0.0,0.0,0.0,0.0,0.0,0.0,0.0,0.0,0.0,0.0,0.0,0.0,0.0,0.0,0.0,0.0,0.0,0.0,0.0,0.0,0.0,0.0,0.0,0.0,0.0,0.0,0.0,0.0,0.0,0.0,0.0,0.0,0.0,0.0,0.0,0.0,0.0,0.0,0.0,0.0,0.0,0.0,0.0,0.0,0.0,0.0,0.0,0.0,0.0,0.0,0.0,0.0,0.0,0.0,0.0,0.0,0.0,0.0,0.0,0.0,0.0,0.0,0.0,0.0,0.0,0.0,0.0,0.0,0.0,0.0,0.0,0.0,0.0,0.0,0.0,0.0,0.0,0.0,0.0,0.0,0.0,0.0,0.0,0.0,0.0,0.0,0.0,0.0,0.0,0.0,0.0,0.0,0.0,0.0,0.0,0.0,0.0,0.0,0.0,0.0,0.0,0.0,0.0,0.0,0.0,0.0,0.0,0.0,0.0,0.0,0.0,0.0,0.0,0.0,0.0,0.0,0.0,0.0,0.0,0.0,0.0,0.0,0.0,0.0,0.0,0.0,0.0,0.0,0.0,0.0,0.0,0.0,0.0,0.0,0.0,0.0,0.0,0.0,0.0,0.0,0.0,0.0,0.0,0.0,0.0,0.0,0.0,0.0,0.0,0.0,0.0,0.0,0.0,0.0,0.0,0.0,0.0,0.0,0.0,0.0,0.0,0.0,0.0,0.0,0.0,0.0,0.0,0.0,0.0,0.0,0.0,0.0,0.0,0.0,0.0,0.0,0.0,0.0,0.0,0.0,0.0,0.0,0.0,0.0,0.0,0.0,0.0,0.0,0.0,0.0,0.0,0.0,0.0,0.0,0.0,0.0,0.0,0.0,0.0,0.0,0.0,0.0,0.0,0.0,0.0,0.0,0.0,0.0,0.0,0.0,0.0,0.0,0.0,0.0,0.0,0.0,0.0,0.0,0.0,0.0,0.0,0.0,0.0,0.0,0.0,0.0,0.0,0.0,0.0,0.0,0.0,0.0,0.0,0.0,0.0,0.0,0.0,0.0,0.0,0.0,0.0,0.0,0.0,0.0,0.0,0.0,0.0,0.0,0.0,0.0,0.0,0.0,0.0,0.0,0.0,0.0,0.0,0.0,0.0,0.0,0.0,0.0,0.0,0.0,0.0,0.0,0.0,0.0,0.0,0.0,0.0,0.0,0.0,0.0,0.0,0.0,0.0,0.0,0.0,0.0,0.0,0.0,0.0,0.0,0.0,0.0,0.0,0.0,0.0,0.0,0.0,0.0,0.0,0.0,0.0,0.0,0.0,0.0,0.0,0.0,0.0,0.0,0.0,0.0,0.0,0.0,0.0,0.0,0.0,0.0,0.0,0.0,0.0,0.0,0.0,0.0,0.0,0.0,0.0,0.0,0.0,0.0,0.0,0.0,0.0,0.0,0.0,0.0,0.0,0.0,0.0,0.0,0.0,0.0,0.0,0.0,0.0,0.0,0.0,0.0,0.0,0.0,0.0,0.0,0.0,0.0,0.0,0.0,0.0,0.0,0.0,0.0,0.0,0.0,0.0,0.0,0.0,0.0,0.0,0.0,0.0,0.0,0.0,0.0,0.0,0.0,0.0,0.0,0.0,0.0,0.0,0.0,0.0,0.0,0.0,0.0,0.0,0.0,0.0,0.0,0.0,0.0,0.0,0.0,0.0,0.0,0.0,0.0,0.0,0.0,0.0,0.0,0.0,0.0,0.0,0.0,0.0,0.0,0.0,0.0,0.0,0.0,0.0,0.0,0.0,0.0,0.0,0.0,0.0,0.0,0.0,0.0,0.0,0.0,0.0,0.0,0.0,0.0,0.0,0.0,0.0,0.0,0.0,0.0,0.0,0.0,0.0,0.0,0.0,0.0,0.0,0.0,0.0,0.0,0.0,0.0,0.0,0.0,0.0,0.0,0.0,0.0,0.0,0.0,0.0,0.0,0.0,0.0,0.0,0.0,0.0,0.0,0.0,0.0,0.0,0.0,0.0,0.0,0.0,0.0,0.0,0.0,0.0,0.0,0.0,0.0,0.0,0.0,0.0,0.0,0.0,0.0,0.0,0.0,0.0,0.0,0.0,0.0,0.0,0.0,0.0,0.0,0.0,0.0,0.0,0.0,0.0,0.0,0.0,0.0,0.0,0.0,0.0,0.0,0.0,0.0,0.0,0.0,0.0,0.0,0.0,0.0,0.0,0.0,0.0,0.0,0.0,0.0,0.0,0.0,0.0,0.0,0.0,0.0,0.0,0.0,0.0,0.0,0.0,0.0,0.0,0.0,0.0,0.0,0.0,0.0,0.0,0.0,0.0,0.0,0.0,0.0,0.0,0.014126706814078136,3.5372636593765686e-10,5.070891548285996e-7,-8.808908213072802e-8,-9.070065944692785e-5,2.6044304856320387e-7,2.9032938717043373e-5,-3.244855623576974e-11,-1.1658062171267618e-7,-5.7201090478734536e-6,2.37480563700493e-10,0.00015056270901484307,-1.1200179998056792e-10,-0.00016335978800337118,0.0004167058498209021,2.715681352751866e-6,-1.0913925180888649e-10,-1.0303274975526916e-9,-2.548575017055122e-7,4.102119227114585e-8,-0.00012023546228624805,-2.222301756589182e-10,-1.0845810115346465e-11,-5.52155910544196e-6,0.0015822405557714447,-1.4835476643623984e-11,5.503706932516981e-9,-2.436236367962447e-7,-2.1227899288634227e-5,-9.747150059486056e-5,5.276848774454299e-12,1.31867397941666e-12,0.002124967388058891,-3.085462056788749e-5,-9.064537755152902e-7,-4.3610354733010326e-10,-5.946607952135471e-7,0.0005978892492747862,1.9530170108945352e-7,1.427760516490549e-9,7.609029205861769e-9,-0.0007865681433839338,-0.006064906284161083,-0.00013160115119297789,9.255136367645741e-5,0.00040123671374835997,-2.221790207854053e-6,1.692807253784298e-12,2.9761118416649422e-12,0.000136781922926347,6.631687006749452e-6,3.451068910413389e-13
0.0,0.0,0.0,0.0,0.0,0.0,0.0,0.0,0.0,0.0,0.0,0.0,0.0,0.0,0.0,0.0,0.0,0.0,0.0,0.0,0.0,0.0,0.0,0.0,0.0,0.0,0.0,0.0,0.0,0.0,0.0,0.0,0.0,0.0,0.0,0.0,0.0,0.0,0.0,0.0,0.0,0.0,0.0,0.0,0.0,0.0,0.0,0.0,0.0,0.0,0.0,0.0,0.0,0.0,0.0,0.0,0.0,0.0,0.0,0.0,0.0,0.0,0.0,0.0,0.0,0.0,0.0,0.0,0.0,0.0,0.0,0.0,0.0,0.0,0.0,0.0,0.0,0.0,0.0,0.0,0.0,0.0,0.0,0.0,0.0,0.0,0.0,0.0,0.0,0.0,0.0,0.0,0.0,0.0,0.0,0.0,0.0,0.0,0.0,0.0,0.0,0.0,0.0,0.0,0.0,0.0,0.0,0.0,0.0,0.0,0.0,0.0,0.0,0.0,0.0,0.0,0.0,0.0,0.0,0.0,0.0,0.0,0.0,0.0,0.0,0.0,0.0,0.0,0.0,0.0,0.0,0.0,0.0,0.0,0.0,0.0,0.0,0.0,0.0,0.0,0.0,0.0,0.0,0.0,0.0,0.0,0.0,0.0,0.0,0.0,0.0,0.0,0.0,0.0,0.0,0.0,0.0,0.0,0.0,0.0,0.0,0.0,0.0,0.0,0.0,0.0,0.0,0.0,0.0,0.0,0.0,0.0,0.0,0.0,0.0,0.0,0.0,0.0,0.0,0.0,0.0,0.0,0.0,0.0,0.0,0.0,0.0,0.0,0.0,0.0,0.0,0.0,0.0,0.0,0.0,0.0,0.0,0.0,0.0,0.0,0.0,0.0,0.0,0.0,0.0,0.0,0.0,0.0,0.0,0.0,0.0,0.0,0.0,0.0,0.0,0.0,0.0,0.0,0.0,0.0,0.0,0.0,0.0,0.0,0.0,0.0,0.0,0.0,0.0,0.0,0.0,0.0,0.0,0.0,0.0,0.0,0.0,0.0,0.0,0.0,0.0,0.0,0.0,0.0,0.0,0.0,0.0,0.0,0.0,0.0,0.0,0.0,0.0,0.0,0.0,0.0,0.0,0.0,0.0,0.0,0.0,0.0,0.0,0.0,0.0,0.0,0.0,0.0,0.0,0.0,0.0,0.0,0.0,0.0,0.0,0.0,0.0,0.0,0.0,0.0,0.0,0.0,0.0,0.0,0.0,0.0,0.0,0.0,0.0,0.0,0.0,0.0,0.0,0.0,0.0,0.0,0.0,0.0,0.0,0.0,0.0,0.0,0.0,0.0,0.0,0.0,0.0,0.0,0.0,0.0,0.0,0.0,0.0,0.0,0.0,0.0,0.0,0.0,0.0,0.0,0.0,0.0,0.0,0.0,0.0,0.0,0.0,0.0,0.0,0.0,0.0,0.0,0.0,0.0,0.0,0.0,0.0,0.0,0.0,0.0,0.0,0.0,0.0,0.0,0.0,0.0,0.0,0.0,0.0,0.0,0.0,0.0,0.0,0.0,0.0,0.0,0.0,0.0,0.0,0.0,0.0,0.0,0.0,0.0,0.0,0.0,0.0,0.0,0.0,0.0,0.0,0.0,0.0,0.0,0.0,0.0,0.0,0.0,0.0,0.0,0.0,0.0,0.0,0.0,0.0,0.0,0.0,0.0,0.0,0.0,0.0,0.0,0.0,0.0,0.0,0.0,0.0,0.0,0.0,0.0,0.0,0.0,0.0,0.0,0.0,0.0,0.0,0.0,0.0,0.0,0.0,0.0,0.0,0.0,0.0,0.0,0.0,0.0,0.0,0.0,0.0,0.0,0.0,0.0,0.0,0.0,0.0,0.0,0.0,0.0,0.0,0.0,0.0,0.0,0.0,0.0,0.0,0.0,0.0,0.0,0.0,0.0,0.0,0.0,0.0,0.0,0.0,0.0,0.0,0.0,0.0,0.0,0.0,0.0,0.0,0.0,0.0,0.0,0.0,0.0,0.0,0.0,0.0,0.0,0.0,0.0,0.0,0.0,0.0,0.0,0.0,0.0,0.0,0.0,0.0,0.0,0.0,0.0,0.0,0.0,0.0,0.0,0.0,0.0,0.0,0.0,0.0,0.0,0.0,0.0,0.0,0.0,0.0,0.0,0.0,0.0,0.0,0.0,0.0,0.0,0.0,0.0,0.0,0.0,0.0,0.0,0.0,0.0,0.0,0.0,0.0,0.0,0.0,0.0,0.0,0.0,0.0,0.0,0.0,0.0,0.0,0.0,0.0,0.0,0.0,0.0,0.0,0.0,0.0,0.0,0.0,0.0,0.0,0.0,0.0,0.0,0.0,0.0,0.0,0.0,0.0,0.0,0.0,0.0,0.0,0.0,0.0,0.0,0.0,0.0,0.0,0.0,0.0,0.0,0.0,0.0,0.0,0.0,0.0,0.0,0.0,0.0,0.0,0.0,0.0,0.0,0.0,0.0,0.0,0.0,0.0,0.0,0.0,0.0,0.0,0.0,0.0,0.0,0.0,0.0,0.0,0.0,0.0,0.0,0.0,0.0,0.0,0.0,0.0,0.0,0.0,0.0,0.0,0.0,0.0,0.0,0.0,0.0,0.0,0.0,0.0,0.0,0.0,0.0,0.0,0.0,0.0,0.0,0.0,0.0,0.0,0.0,0.0,0.0,0.0,0.0,0.0,0.0,0.0,0.0,0.0,0.0,0.0,0.0,0.0,0.0,0.0,0.0,0.0,0.0,0.0,0.0,0.0,0.0,0.0,0.0,0.0,0.0,0.0,0.0,0.0,0.0,0.0,0.0,0.0,0.0,0.0,0.0,0.0,0.0,0.0,0.0,0.0,0.0,0.0,0.0,0.0,0.0,0.0,0.0,0.0,0.0,0.0,0.0,0.0,0.0,0.0,0.0,0.0,0.0,0.0,0.0,0.0,0.0,0.0,0.0,0.0,0.0,0.0,0.0,0.0,0.0,0.0,0.0,0.0,0.0,0.0,0.0,0.0,0.0,0.0,0.0,0.0,0.0,0.0,0.0,0.0,0.0,0.0,0.0,0.0,0.0,0.0,0.0,0.0,0.0,0.0,0.0,0.0,0.0,0.0,0.0,0.0,0.0,0.0,0.0,0.0,0.0,0.0,0.0,0.0,0.0,0.0,0.0,0.0,0.0,0.0,0.0,0.0,0.0,0.0,0.0,0.0,0.0,0.0,0.0,0.0,0.0,0.0,0.0,0.0,0.0,0.0,0.0,0.0,0.0,0.0,0.0,0.021764294097969122,5.472428283944839e-6,-5.039220135515586e-6,-8.967113974354349e-10,3.3148144525423217e-6,5.225525993609871e-13,-0.0001026903851650015,4.7812831766963453e-5,7.222252106925987e-8,-0.0011760996265477454,2.1069034586526588e-11,6.484668740228219e-5,-3.5060817998090816e-11,-5.482085284389573e-10,2.902355426277707e-12,-0.0001810358992500593,-6.835978298250655e-5,-7.06629476621704e-5,-2.958972450462277e-5,8.148256830555797e-13,-0.0058277230698191036,9.523800419183497e-5,-1.9363713378176416e-6,-8.760441071201418e-11,0.00019817244222599252,2.9758206217988647e-5,-8.801906588474516e-6,-4.191158261551318e-8,-1.098561652667866e-8,-2.8810188712464577e-5,-1.4587580968587858e-5,1.0084167400308413e-9,3.012521972992252e-8,-5.640203995373082e-6,0.0014219792896763314,-6.062550315226489e-6,-3.2553229495081186e-10,1.2834862632790204e-5,0.00441915636853088,-0.0006136126140328339,9.37524123349625e-13,5.952568419272219e-11,-1.834726126870011e-8,8.038735864825452e-9,5.814781658691479e-8,4.698346568988172e-9,1.4695586908122402e-5,-5.6191859386799765e-5,1.61870522084081e-11,-4.8559183367613385e-8,-2.1965442415461676e-6
0.0,0.0,0.0,0.0,0.0,0.0,0.0,0.0,0.0,0.0,0.0,0.0,0.0,0.0,0.0,0.0,0.0,0.0,0.0,0.0,0.0,0.0,0.0,0.0,0.0,0.0,0.0,0.0,0.0,0.0,0.0,0.0,0.0,0.0,0.0,0.0,0.0,0.0,0.0,0.0,0.0,0.0,0.0,0.0,0.0,0.0,0.0,0.0,0.0,0.0,0.0,0.0,0.0,0.0,0.0,0.0,0.0,0.0,0.0,0.0,0.0,0.0,0.0,0.0,0.0,0.0,0.0,0.0,0.0,0.0,0.0,0.0,0.0,0.0,0.0,0.0,0.0,0.0,0.0,0.0,0.0,0.0,0.0,0.0,0.0,0.0,0.0,0.0,0.0,0.0,0.0,0.0,0.0,0.0,0.0,0.0,0.0,0.0,0.0,0.0,0.0,0.0,0.0,0.0,0.0,0.0,0.0,0.0,0.0,0.0,0.0,0.0,0.0,0.0,0.0,0.0,0.0,0.0,0.0,0.0,0.0,0.0,0.0,0.0,0.0,0.0,0.0,0.0,0.0,0.0,0.0,0.0,0.0,0.0,0.0,0.0,0.0,0.0,0.0,0.0,0.0,0.0,0.0,0.0,0.0,0.0,0.0,0.0,0.0,0.0,0.0,0.0,0.0,0.0,0.0,0.0,0.0,0.0,0.0,0.0,0.0,0.0,0.0,0.0,0.0,0.0,0.0,0.0,0.0,0.0,0.0,0.0,0.0,0.0,0.0,0.0,0.0,0.0,0.0,0.0,0.0,0.0,0.0,0.0,0.0,0.0,0.0,0.0,0.0,0.0,0.0,0.0,0.0,0.0,0.0,0.0,0.0,0.0,0.0,0.0,0.0,0.0,0.0,0.0,0.0,0.0,0.0,0.0,0.0,0.0,0.0,0.0,0.0,0.0,0.0,0.0,0.0,0.0,0.0,0.0,0.0,0.0,0.0,0.0,0.0,0.0,0.0,0.0,0.0,0.0,0.0,0.0,0.0,0.0,0.0,0.0,0.0,0.0,0.0,0.0,0.0,0.0,0.0,0.0,0.0,0.0,0.0,0.0,0.0,0.0,0.0,0.0,0.0,0.0,0.0,0.0,0.0,0.0,0.0,0.0,0.0,0.0,0.0,0.0,0.0,0.0,0.0,0.0,0.0,0.0,0.0,0.0,0.0,0.0,0.0,0.0,0.0,0.0,0.0,0.0,0.0,0.0,0.0,0.0,0.0,0.0,0.0,0.0,0.0,0.0,0.0,0.0,0.0,0.0,0.0,0.0,0.0,0.0,0.0,0.0,0.0,0.0,0.0,0.0,0.0,0.0,0.0,0.0,0.0,0.0,0.0,0.0,0.0,0.0,0.0,0.0,0.0,0.0,0.0,0.0,0.0,0.0,0.0,0.0,0.0,0.0,0.0,0.0,0.0,0.0,0.0,0.0,0.0,0.0,0.0,0.0,0.0,0.0,0.0,0.0,0.0,0.0,0.0,0.0,0.0,0.0,0.0,0.0,0.0,0.0,0.0,0.0,0.0,0.0,0.0,0.0,0.0,0.0,0.0,0.0,0.0,0.0,0.0,0.0,0.0,0.0,0.0,0.0,0.0,0.0,0.0,0.0,0.0,0.0,0.0,0.0,0.0,0.0,0.0,0.0,0.0,0.0,0.0,0.0,0.0,0.0,0.0,0.0,0.0,0.0,0.0,0.0,0.0,0.0,0.0,0.0,0.0,0.0,0.0,0.0,0.0,0.0,0.0,0.0,0.0,0.0,0.0,0.0,0.0,0.0,0.0,0.0,0.0,0.0,0.0,0.0,0.0,0.0,0.0,0.0,0.0,0.0,0.0,0.0,0.0,0.0,0.0,0.0,0.0,0.0,0.0,0.0,0.0,0.0,0.0,0.0,0.0,0.0,0.0,0.0,0.0,0.0,0.0,0.0,0.0,0.0,0.0,0.0,0.0,0.0,0.0,0.0,0.0,0.0,0.0,0.0,0.0,0.0,0.0,0.0,0.0,0.0,0.0,0.0,0.0,0.0,0.0,0.0,0.0,0.0,0.0,0.0,0.0,0.0,0.0,0.0,0.0,0.0,0.0,0.0,0.0,0.0,0.0,0.0,0.0,0.0,0.0,0.0,0.0,0.0,0.0,0.0,0.0,0.0,0.0,0.0,0.0,0.0,0.0,0.0,0.0,0.0,0.0,0.0,0.0,0.0,0.0,0.0,0.0,0.0,0.0,0.0,0.0,0.0,0.0,0.0,0.0,0.0,0.0,0.0,0.0,0.0,0.0,0.0,0.0,0.0,0.0,0.0,0.0,0.0,0.0,0.0,0.0,0.0,0.0,0.0,0.0,0.0,0.0,0.0,0.0,0.0,0.0,0.0,0.0,0.0,0.0,0.0,0.0,0.0,0.0,0.0,0.0,0.0,0.0,0.0,0.0,0.0,0.0,0.0,0.0,0.0,0.0,0.0,0.0,0.0,0.0,0.0,0.0,0.0,0.0,0.0,0.0,0.0,0.0,0.0,0.0,0.0,0.0,0.0,0.0,0.0,0.0,0.0,0.0,0.0,0.0,0.0,0.0,0.0,0.0,0.0,0.0,0.0,0.0,0.0,0.0,0.0,0.0,0.0,0.0,0.0,0.0,0.0,0.0,0.0,0.0,0.0,0.0,0.0,0.0,0.0,0.0,0.0,0.0,0.0,0.0,0.0,0.0,0.0,0.0,0.0,0.0,0.0,0.0,0.0,0.0,0.0,0.0,0.0,0.0,0.0,0.0,0.0,0.0,0.0,0.0,0.0,0.0,0.0,0.0,0.0,0.0,0.0,0.0,0.0,0.0,0.0,0.0,0.0,0.0,0.0,0.0,0.0,0.0,0.0,0.0,0.0,0.0,0.0,0.0,0.0,0.0,0.0,0.0,0.0,0.0,0.0,0.0,0.0,0.0,0.0,0.0,0.0,0.0,0.0,0.0,0.0,0.0,0.0,0.0,0.0,0.0,0.0,0.0,0.0,0.0,0.0,0.0,0.0,0.0,0.0,0.0,0.0,0.0,0.0,0.0,0.0,0.0,0.0,0.0,0.0,0.0,0.0,0.0,0.0,0.0,0.0,0.0,0.0,0.0,0.0,0.0,0.0,0.0,0.0,0.0,0.0,0.0,0.0,0.0,0.0,0.0,0.0,0.0,0.0,0.0,0.0,0.0,0.0,0.0,0.0,0.0,0.0,0.0,0.0,0.0,0.0,0.0,0.0,0.0,0.0,0.0,0.0,0.0,0.0,0.0,0.0,0.0,0.029466265035862027,-0.000816693777702563,1.7498317781337648e-6,0.010479341798828005,1.3921772802843005e-9,2.694756621965292e-7,0.00039187033256086784,9.381486959278692e-6,5.2586078949950216e-5,1.6067599625625863e-9,-4.158135690873011e-6,-8.616469147341303e-9,-5.474814446556635e-7,1.6672574903347694e-9,4.2765276389705e-6,-4.551748629798982e-5,0.0009641367753834519,-0.0006226331470337778,3.0154931205459484e-9,-2.597303916421661e-5,2.7067218557202455e-7,-0.00010211601947700173,4.402365176533908e-7,-4.0489456899174156e-7,-0.005054816344744847,0.0013080739776551232,-5.276918066909163e-6,-6.767322004809091e-6,1.0473831813390164e-8,-1.1202565098568148e-9,4.514758342876865e-7,1.1820438582833896e-6,-0.0012275992897527916,-1.6311525488820317e-6,0.0036608433613285127,2.2358451040675242e-7,0.00017761904559700662,4.080507361704606e-5,-5.678280576276062e-5,-1.8311453408107168e-9,-5.8876284739323035e-8,-8.896382602805097e-6,2.7942063683519503e-6,2.123286072280389e-5,-4.999992519802121e-6,-2.563723004235659e-7,5.736957519330718e-8,8.647348111704667e-9,0.00030597646217183256,-1.0952808799266408e-9
0.0,0.0,0.0,0.0,0.0,0.0,0.0,0.0,0.0,0.0,0.0,0.0,0.0,0.0,0.0,0.0,0.0,0.0,0.0,0.0,0.0,0.0,0.0,0.0,0.0,0.0,0.0,0.0,0.0,0.0,0.0,0.0,0.0,0.0,0.0,0.0,0.0,0.0,0.0,0.0,0.0,0.0,0.0,0.0,0.0,0.0,0.0,0.0,0.0,0.0,0.0,0.0,0.0,0.0,0.0,0.0,0.0,0.0,0.0,0.0,0.0,0.0,0.0,0.0,0.0,0.0,0.0,0.0,0.0,0.0,0.0,0.0,0.0,0.0,0.0,0.0,0.0,0.0,0.0,0.0,0.0,0.0,0.0,0.0,0.0,0.0,0.0,0.0,0.0,0.0,0.0,0.0,0.0,0.0,0.0,0.0,0.0,0.0,0.0,0.0,0.0,0.0,0.0,0.0,0.0,0.0,0.0,0.0,0.0,0.0,0.0,0.0,0.0,0.0,0.0,0.0,0.0,0.0,0.0,0.0,0.0,0.0,0.0,0.0,0.0,0.0,0.0,0.0,0.0,0.0,0.0,0.0,0.0,0.0,0.0,0.0,0.0,0.0,0.0,0.0,0.0,0.0,0.0,0.0,0.0,0.0,0.0,0.0,0.0,0.0,0.0,0.0,0.0,0.0,0.0,0.0,0.0,0.0,0.0,0.0,0.0,0.0,0.0,0.0,0.0,0.0,0.0,0.0,0.0,0.0,0.0,0.0,0.0,0.0,0.0,0.0,0.0,0.0,0.0,0.0,0.0,0.0,0.0,0.0,0.0,0.0,0.0,0.0,0.0,0.0,0.0,0.0,0.0,0.0,0.0,0.0,0.0,0.0,0.0,0.0,0.0,0.0,0.0,0.0,0.0,0.0,0.0,0.0,0.0,0.0,0.0,0.0,0.0,0.0,0.0,0.0,0.0,0.0,0.0,0.0,0.0,0.0,0.0,0.0,0.0,0.0,0.0,0.0,0.0,0.0,0.0,0.0,0.0,0.0,0.0,0.0,0.0,0.0,0.0,0.0,0.0,0.0,0.0,0.0,0.0,0.0,0.0,0.0,0.0,0.0,0.0,0.0,0.0,0.0,0.0,0.0,0.0,0.0,0.0,0.0,0.0,0.0,0.0,0.0,0.0,0.0,0.0,0.0,0.0,0.0,0.0,0.0,0.0,0.0,0.0,0.0,0.0,0.0,0.0,0.0,0.0,0.0,0.0,0.0,0.0,0.0,0.0,0.0,0.0,0.0,0.0,0.0,0.0,0.0,0.0,0.0,0.0,0.0,0.0,0.0,0.0,0.0,0.0,0.0,0.0,0.0,0.0,0.0,0.0,0.0,0.0,0.0,0.0,0.0,0.0,0.0,0.0,0.0,0.0,0.0,0.0,0.0,0.0,0.0,0.0,0.0,0.0,0.0,0.0,0.0,0.0,0.0,0.0,0.0,0.0,0.0,0.0,0.0,0.0,0.0,0.0,0.0,0.0,0.0,0.0,0.0,0.0,0.0,0.0,0.0,0.0,0.0,0.0,0.0,0.0,0.0,0.0,0.0,0.0,0.0,0.0,0.0,0.0,0.0,0.0,0.0,0.0,0.0,0.0,0.0,0.0,0.0,0.0,0.0,0.0,0.0,0.0,0.0,0.0,0.0,0.0,0.0,0.0,0.0,0.0,0.0,0.0,0.0,0.0,0.0,0.0,0.0,0.0,0.0,0.0,0.0,0.0,0.0,0.0,0.0,0.0,0.0,0.0,0.0,0.0,0.0,0.0,0.0,0.0,0.0,0.0,0.0,0.0,0.0,0.0,0.0,0.0,0.0,0.0,0.0,0.0,0.0,0.0,0.0,0.0,0.0,0.0,0.0,0.0,0.0,0.0,0.0,0.0,0.0,0.0,0.0,0.0,0.0,0.0,0.0,0.0,0.0,0.0,0.0,0.0,0.0,0.0,0.0,0.0,0.0,0.0,0.0,0.0,0.0,0.0,0.0,0.0,0.0,0.0,0.0,0.0,0.0,0.0,0.0,0.0,0.0,0.0,0.0,0.0,0.0,0.0,0.0,0.0,0.0,0.0,0.0,0.0,0.0,0.0,0.0,0.0,0.0,0.0,0.0,0.0,0.0,0.0,0.0,0.0,0.0,0.0,0.0,0.0,0.0,0.0,0.0,0.0,0.0,0.0,0.0,0.0,0.0,0.0,0.0,0.0,0.0,0.0,0.0,0.0,0.0,0.0,0.0,0.0,0.0,0.0,0.0,0.0,0.0,0.0,0.0,0.0,0.0,0.0,0.0,0.0,0.0,0.0,0.0,0.0,0.0,0.0,0.0,0.0,0.0,0.0,0.0,0.0,0.0,0.0,0.0,0.0,0.0,0.0,0.0,0.0,0.0,0.0,0.0,0.0,0.0,0.0,0.0,0.0,0.0,0.0,0.0,0.0,0.0,0.0,0.0,0.0,0.0,0.0,0.0,0.0,0.0,0.0,0.0,0.0,0.0,0.0,0.0,0.0,0.0,0.0,0.0,0.0,0.0,0.0,0.0,0.0,0.0,0.0,0.0,0.0,0.0,0.0,0.0,0.0,0.0,0.0,0.0,0.0,0.0,0.0,0.0,0.0,0.0,0.0,0.0,0.0,0.0,0.0,0.0,0.0,0.0,0.0,0.0,0.0,0.0,0.0,0.0,0.0,0.0,0.0,0.0,0.0,0.0,0.0,0.0,0.0,0.0,0.0,0.0,0.0,0.0,0.0,0.0,0.0,0.0,0.0,0.0,0.0,0.0,0.0,0.0,0.0,0.0,0.0,0.0,0.0,0.0,0.0,0.0,0.0,0.0,0.0,0.0,0.0,0.0,0.0,0.0,0.0,0.0,0.0,0.0,0.0,0.0,0.0,0.0,0.0,0.0,0.0,0.0,0.0,0.0,0.0,0.0,0.0,0.0,0.0,0.0,0.0,0.0,0.0,0.0,0.0,0.0,0.0,0.0,0.0,0.0,0.0,0.0,0.0,0.0,0.0,0.0,0.0,0.0,0.0,0.0,0.0,0.0,0.0,0.0,0.0,0.0,0.0,0.0,0.0,0.0,0.0,0.0,0.0,0.0,0.0,0.0,0.0,0.0,0.0,0.0,0.0,0.0,0.0,0.0,0.0,0.0,0.0,0.0,0.0,0.0,0.0,0.0,0.0,0.0,0.0,0.0,0.0,0.0,0.0,0.0,0.0,0.0,0.0,0.0,0.0,0.0,0.0,0.0,0.0,0.0,0.0,0.0,0.0,0.0,0.0,0.0,0.0,0.0,0.02226618549029119,1.3094968372792908e-7,-0.0006392658518351719,-2.2524620465844978e-10,-5.203647373806982e-6,-0.0010864262655549772,-3.7370237190586995e-6,-9.133364094312446e-5,1.4253200671079744e-9,2.1766183297816617e-5,1.6462187872902638e-9,-2.7796265504069705e-8,-3.0655640042297867e-10,1.2707553158464045e-5,0.0003062986951763634,0.0021821228193984964,0.002178263107516394,-4.3536078053455993e-10,0.00016542971317302566,-6.276896265480308e-6,-5.515861236049017e-6,-1.0575709176872679e-7,2.365520064965393e-6,0.00033193911937360606,-2.6833630083703236e-5,3.6663595190436515e-7,5.110489480717897e-7,-1.7711090160749327e-6,1.2266253535844465e-7,1.3259183497056157e-7,3.293572922609677e-6,0.00034443968948099046,-0.00012415590808403313,0.0003126439357711922,3.585142658104629e-8,-0.0008055679270486439,-0.00014061475053968634,5.452022292934414e-5,-8.53084485048568e-10,7.554885380618063e-8,1.99839074275439e-6,6.565629249387649e-7,-6.160850902835471e-6,-1.4619123383754008e-7,-3.3638792685707247e-6,-3.187169308128524e-9,-1.3246205734683677e-9,2.853224894262858e-5,-3.35746380870228e-8
0.0,0.0,0.0,0.0,0.0,0.0,0.0,0.0,0.0,0.0,0.0,0.0,0.0,0.0,0.0,0.0,0.0,0.0,0.0,0.0,0.0,0.0,0.0,0.0,0.0,0.0,0.0,0.0,0.0,0.0,0.0,0.0,0.0,0.0,0.0,0.0,0.0,0.0,0.0,0.0,0.0,0.0,0.0,0.0,0.0,0.0,0.0,0.0,0.0,0.0,0.0,0.0,0.0,0.0,0.0,0.0,0.0,0.0,0.0,0.0,0.0,0.0,0.0,0.0,0.0,0.0,0.0,0.0,0.0,0.0,0.0,0.0,0.0,0.0,0.0,0.0,0.0,0.0,0.0,0.0,0.0,0.0,0.0,0.0,0.0,0.0,0.0,0.0,0.0,0.0,0.0,0.0,0.0,0.0,0.0,0.0,0.0,0.0,0.0,0.0,0.0,0.0,0.0,0.0,0.0,0.0,0.0,0.0,0.0,0.0,0.0,0.0,0.0,0.0,0.0,0.0,0.0,0.0,0.0,0.0,0.0,0.0,0.0,0.0,0.0,0.0,0.0,0.0,0.0,0.0,0.0,0.0,0.0,0.0,0.0,0.0,0.0,0.0,0.0,0.0,0.0,0.0,0.0,0.0,0.0,0.0,0.0,0.0,0.0,0.0,0.0,0.0,0.0,0.0,0.0,0.0,0.0,0.0,0.0,0.0,0.0,0.0,0.0,0.0,0.0,0.0,0.0,0.0,0.0,0.0,0.0,0.0,0.0,0.0,0.0,0.0,0.0,0.0,0.0,0.0,0.0,0.0,0.0,0.0,0.0,0.0,0.0,0.0,0.0,0.0,0.0,0.0,0.0,0.0,0.0,0.0,0.0,0.0,0.0,0.0,0.0,0.0,0.0,0.0,0.0,0.0,0.0,0.0,0.0,0.0,0.0,0.0,0.0,0.0,0.0,0.0,0.0,0.0,0.0,0.0,0.0,0.0,0.0,0.0,0.0,0.0,0.0,0.0,0.0,0.0,0.0,0.0,0.0,0.0,0.0,0.0,0.0,0.0,0.0,0.0,0.0,0.0,0.0,0.0,0.0,0.0,0.0,0.0,0.0,0.0,0.0,0.0,0.0,0.0,0.0,0.0,0.0,0.0,0.0,0.0,0.0,0.0,0.0,0.0,0.0,0.0,0.0,0.0,0.0,0.0,0.0,0.0,0.0,0.0,0.0,0.0,0.0,0.0,0.0,0.0,0.0,0.0,0.0,0.0,0.0,0.0,0.0,0.0,0.0,0.0,0.0,0.0,0.0,0.0,0.0,0.0,0.0,0.0,0.0,0.0,0.0,0.0,0.0,0.0,0.0,0.0,0.0,0.0,0.0,0.0,0.0,0.0,0.0,0.0,0.0,0.0,0.0,0.0,0.0,0.0,0.0,0.0,0.0,0.0,0.0,0.0,0.0,0.0,0.0,0.0,0.0,0.0,0.0,0.0,0.0,0.0,0.0,0.0,0.0,0.0,0.0,0.0,0.0,0.0,0.0,0.0,0.0,0.0,0.0,0.0,0.0,0.0,0.0,0.0,0.0,0.0,0.0,0.0,0.0,0.0,0.0,0.0,0.0,0.0,0.0,0.0,0.0,0.0,0.0,0.0,0.0,0.0,0.0,0.0,0.0,0.0,0.0,0.0,0.0,0.0,0.0,0.0,0.0,0.0,0.0,0.0,0.0,0.0,0.0,0.0,0.0,0.0,0.0,0.0,0.0,0.0,0.0,0.0,0.0,0.0,0.0,0.0,0.0,0.0,0.0,0.0,0.0,0.0,0.0,0.0,0.0,0.0,0.0,0.0,0.0,0.0,0.0,0.0,0.0,0.0,0.0,0.0,0.0,0.0,0.0,0.0,0.0,0.0,0.0,0.0,0.0,0.0,0.0,0.0,0.0,0.0,0.0,0.0,0.0,0.0,0.0,0.0,0.0,0.0,0.0,0.0,0.0,0.0,0.0,0.0,0.0,0.0,0.0,0.0,0.0,0.0,0.0,0.0,0.0,0.0,0.0,0.0,0.0,0.0,0.0,0.0,0.0,0.0,0.0,0.0,0.0,0.0,0.0,0.0,0.0,0.0,0.0,0.0,0.0,0.0,0.0,0.0,0.0,0.0,0.0,0.0,0.0,0.0,0.0,0.0,0.0,0.0,0.0,0.0,0.0,0.0,0.0,0.0,0.0,0.0,0.0,0.0,0.0,0.0,0.0,0.0,0.0,0.0,0.0,0.0,0.0,0.0,0.0,0.0,0.0,0.0,0.0,0.0,0.0,0.0,0.0,0.0,0.0,0.0,0.0,0.0,0.0,0.0,0.0,0.0,0.0,0.0,0.0,0.0,0.0,0.0,0.0,0.0,0.0,0.0,0.0,0.0,0.0,0.0,0.0,0.0,0.0,0.0,0.0,0.0,0.0,0.0,0.0,0.0,0.0,0.0,0.0,0.0,0.0,0.0,0.0,0.0,0.0,0.0,0.0,0.0,0.0,0.0,0.0,0.0,0.0,0.0,0.0,0.0,0.0,0.0,0.0,0.0,0.0,0.0,0.0,0.0,0.0,0.0,0.0,0.0,0.0,0.0,0.0,0.0,0.0,0.0,0.0,0.0,0.0,0.0,0.0,0.0,0.0,0.0,0.0,0.0,0.0,0.0,0.0,0.0,0.0,0.0,0.0,0.0,0.0,0.0,0.0,0.0,0.0,0.0,0.0,0.0,0.0,0.0,0.0,0.0,0.0,0.0,0.0,0.0,0.0,0.0,0.0,0.0,0.0,0.0,0.0,0.0,0.0,0.0,0.0,0.0,0.0,0.0,0.0,0.0,0.0,0.0,0.0,0.0,0.0,0.0,0.0,0.0,0.0,0.0,0.0,0.0,0.0,0.0,0.0,0.0,0.0,0.0,0.0,0.0,0.0,0.0,0.0,0.0,0.0,0.0,0.0,0.0,0.0,0.0,0.0,0.0,0.0,0.0,0.0,0.0,0.0,0.0,0.0,0.0,0.0,0.0,0.0,0.0,0.0,0.0,0.0,0.0,0.0,0.0,0.0,0.0,0.0,0.0,0.0,0.0,0.0,0.0,0.0,0.0,0.0,0.0,0.0,0.0,0.0,0.0,0.0,0.0,0.0,0.0,0.0,0.0,0.0,0.0,0.0,0.0,0.0,0.0,0.0,0.0,0.0,0.0,0.0,0.0,0.0,0.0,0.0,0.0,0.0,0.0,0.0,0.0,0.0,0.0,0.0,0.0,0.0,0.0,0.0,0.0,0.0,0.0,0.0,0.0,0.0,0.0,0.0,0.0,0.0,0.02170923854165004,1.6403801478223886e-6,3.882871356907439e-6,-2.3791333712187055e-10,-6.796859591671626e-7,-0.00018149154823466897,-5.913889435687436e-9,-7.524305766251561e-7,3.1653886276699537e-11,2.852632887083255e-5,-0.0002558695417589129,-4.9927688019213025e-8,-7.283588052033613e-10,1.7219874165080737e-8,-1.4323751039813902e-6,8.007839433321705e-7,-6.744728711046378e-6,5.183820279893344e-9,-5.84285511706393e-11,-3.084748338910475e-5,-0.0011197802819693612,-5.380541084514166e-11,3.710143890179252e-7,-1.1611140028326433e-6,0.0005128770139839348,-0.0008564125550508927,2.2092569514609517e-11,9.304196008548558e-12,-0.0017642593444716652,-7.000916363191235e-5,-8.891575857183622e-6,-3.1654672722361367e-9,1.1575391715327018e-6,0.0004715555761274087,9.940735406332648e-7,2.057875397249909e-8,5.303575449968593e-9,-6.562725939833461e-5,6.733215475129905e-5,0.0001877742960160485,-0.0017421387818370826,0.00083189718151438,-0.0006256278707652944,1.2938747041481994e-10,2.019224325396497e-11,1.892957164434518e-5,5.1453961188832496e-5,1.9874788796134537e-12
0.0,0.0,0.0,0.0,0.0,0.0,0.0,0.0,0.0,0.0,0.0,0.0,0.0,0.0,0.0,0.0,0.0,0.0,0.0,0.0,0.0,0.0,0.0,0.0,0.0,0.0,0.0,0.0,0.0,0.0,0.0,0.0,0.0,0.0,0.0,0.0,0.0,0.0,0.0,0.0,0.0,0.0,0.0,0.0,0.0,0.0,0.0,0.0,0.0,0.0,0.0,0.0,0.0,0.0,0.0,0.0,0.0,0.0,0.0,0.0,0.0,0.0,0.0,0.0,0.0,0.0,0.0,0.0,0.0,0.0,0.0,0.0,0.0,0.0,0.0,0.0,0.0,0.0,0.0,0.0,0.0,0.0,0.0,0.0,0.0,0.0,0.0,0.0,0.0,0.0,0.0,0.0,0.0,0.0,0.0,0.0,0.0,0.0,0.0,0.0,0.0,0.0,0.0,0.0,0.0,0.0,0.0,0.0,0.0,0.0,0.0,0.0,0.0,0.0,0.0,0.0,0.0,0.0,0.0,0.0,0.0,0.0,0.0,0.0,0.0,0.0,0.0,0.0,0.0,0.0,0.0,0.0,0.0,0.0,0.0,0.0,0.0,0.0,0.0,0.0,0.0,0.0,0.0,0.0,0.0,0.0,0.0,0.0,0.0,0.0,0.0,0.0,0.0,0.0,0.0,0.0,0.0,0.0,0.0,0.0,0.0,0.0,0.0,0.0,0.0,0.0,0.0,0.0,0.0,0.0,0.0,0.0,0.0,0.0,0.0,0.0,0.0,0.0,0.0,0.0,0.0,0.0,0.0,0.0,0.0,0.0,0.0,0.0,0.0,0.0,0.0,0.0,0.0,0.0,0.0,0.0,0.0,0.0,0.0,0.0,0.0,0.0,0.0,0.0,0.0,0.0,0.0,0.0,0.0,0.0,0.0,0.0,0.0,0.0,0.0,0.0,0.0,0.0,0.0,0.0,0.0,0.0,0.0,0.0,0.0,0.0,0.0,0.0,0.0,0.0,0.0,0.0,0.0,0.0,0.0,0.0,0.0,0.0,0.0,0.0,0.0,0.0,0.0,0.0,0.0,0.0,0.0,0.0,0.0,0.0,0.0,0.0,0.0,0.0,0.0,0.0,0.0,0.0,0.0,0.0,0.0,0.0,0.0,0.0,0.0,0.0,0.0,0.0,0.0,0.0,0.0,0.0,0.0,0.0,0.0,0.0,0.0,0.0,0.0,0.0,0.0,0.0,0.0,0.0,0.0,0.0,0.0,0.0,0.0,0.0,0.0,0.0,0.0,0.0,0.0,0.0,0.0,0.0,0.0,0.0,0.0,0.0,0.0,0.0,0.0,0.0,0.0,0.0,0.0,0.0,0.0,0.0,0.0,0.0,0.0,0.0,0.0,0.0,0.0,0.0,0.0,0.0,0.0,0.0,0.0,0.0,0.0,0.0,0.0,0.0,0.0,0.0,0.0,0.0,0.0,0.0,0.0,0.0,0.0,0.0,0.0,0.0,0.0,0.0,0.0,0.0,0.0,0.0,0.0,0.0,0.0,0.0,0.0,0.0,0.0,0.0,0.0,0.0,0.0,0.0,0.0,0.0,0.0,0.0,0.0,0.0,0.0,0.0,0.0,0.0,0.0,0.0,0.0,0.0,0.0,0.0,0.0,0.0,0.0,0.0,0.0,0.0,0.0,0.0,0.0,0.0,0.0,0.0,0.0,0.0,0.0,0.0,0.0,0.0,0.0,0.0,0.0,0.0,0.0,0.0,0.0,0.0,0.0,0.0,0.0,0.0,0.0,0.0,0.0,0.0,0.0,0.0,0.0,0.0,0.0,0.0,0.0,0.0,0.0,0.0,0.0,0.0,0.0,0.0,0.0,0.0,0.0,0.0,0.0,0.0,0.0,0.0,0.0,0.0,0.0,0.0,0.0,0.0,0.0,0.0,0.0,0.0,0.0,0.0,0.0,0.0,0.0,0.0,0.0,0.0,0.0,0.0,0.0,0.0,0.0,0.0,0.0,0.0,0.0,0.0,0.0,0.0,0.0,0.0,0.0,0.0,0.0,0.0,0.0,0.0,0.0,0.0,0.0,0.0,0.0,0.0,0.0,0.0,0.0,0.0,0.0,0.0,0.0,0.0,0.0,0.0,0.0,0.0,0.0,0.0,0.0,0.0,0.0,0.0,0.0,0.0,0.0,0.0,0.0,0.0,0.0,0.0,0.0,0.0,0.0,0.0,0.0,0.0,0.0,0.0,0.0,0.0,0.0,0.0,0.0,0.0,0.0,0.0,0.0,0.0,0.0,0.0,0.0,0.0,0.0,0.0,0.0,0.0,0.0,0.0,0.0,0.0,0.0,0.0,0.0,0.0,0.0,0.0,0.0,0.0,0.0,0.0,0.0,0.0,0.0,0.0,0.0,0.0,0.0,0.0,0.0,0.0,0.0,0.0,0.0,0.0,0.0,0.0,0.0,0.0,0.0,0.0,0.0,0.0,0.0,0.0,0.0,0.0,0.0,0.0,0.0,0.0,0.0,0.0,0.0,0.0,0.0,0.0,0.0,0.0,0.0,0.0,0.0,0.0,0.0,0.0,0.0,0.0,0.0,0.0,0.0,0.0,0.0,0.0,0.0,0.0,0.0,0.0,0.0,0.0,0.0,0.0,0.0,0.0,0.0,0.0,0.0,0.0,0.0,0.0,0.0,0.0,0.0,0.0,0.0,0.0,0.0,0.0,0.0,0.0,0.0,0.0,0.0,0.0,0.0,0.0,0.0,0.0,0.0,0.0,0.0,0.0,0.0,0.0,0.0,0.0,0.0,0.0,0.0,0.0,0.0,0.0,0.0,0.0,0.0,0.0,0.0,0.0,0.0,0.0,0.0,0.0,0.0,0.0,0.0,0.0,0.0,0.0,0.0,0.0,0.0,0.0,0.0,0.0,0.0,0.0,0.0,0.0,0.0,0.0,0.0,0.0,0.0,0.0,0.0,0.0,0.0,0.0,0.0,0.0,0.0,0.0,0.0,0.0,0.0,0.0,0.0,0.0,0.0,0.0,0.0,0.0,0.0,0.0,0.0,0.0,0.0,0.0,0.0,0.0,0.0,0.0,0.0,0.0,0.0,0.0,0.0,0.0,0.0,0.0,0.0,0.0,0.0,0.0,0.0,0.0,0.0,0.0,0.0,0.0,0.0,0.0,0.0,0.0,0.0,0.0,0.0,0.0,0.0,0.0,0.0,0.0,0.0,0.0,0.0,0.0,0.0,0.0,0.0,0.0,0.0,0.0,0.0,0.0,0.0,0.0,0.0,0.0,0.0,0.0,0.0,0.0,0.019387191326933378,8.160361042413988e-10,-4.398319708908198e-8,0.005074878972806586,-2.8013103441614555e-5,-7.853033288339497e-5,-2.2113781234160106e-8,1.6733232643059723e-6,-9.576480578680342e-8,8.00683943694832e-7,-5.761532118928711e-10,-7.0671040384498415e-6,2.9305874217769513e-5,-9.68101560101452e-5,-0.0006214882922929665,-3.496067891989878e-9,2.475087446044449e-5,3.341040743230154e-7,-0.00016540659215820802,6.271126820650961e-8,4.5536857174036777e-7,-0.005728130712091972,0.0033501163002649125,1.7889242764790503e-5,1.575713812864605e-5,-2.571476281999435e-8,1.5072266267588115e-9,-1.106338258985935e-6,2.2603218563646453e-5,-0.002371584138320954,1.2684308175692265e-5,-0.0039536170887704974,-9.007680995675187e-7,0.0018661237126916812,-5.963075095045985e-6,-0.00023862978494793946,-1.236608445575284e-9,-2.1675879644675119e-7,-2.18468880819402e-6,-6.8710480559650326e-6,1.0943643674735369e-5,1.877390775018479e-6,3.6873266579289814e-7,-2.9464655929240306e-8,-1.1371677031930797e-9,-0.0005966175662552153,-2.7364493057420767e-9
0.0,0.0,0.0,0.0,0.0,0.0,0.0,0.0,0.0,0.0,0.0,0.0,0.0,0.0,0.0,0.0,0.0,0.0,0.0,0.0,0.0,0.0,0.0,0.0,0.0,0.0,0.0,0.0,0.0,0.0,0.0,0.0,0.0,0.0,0.0,0.0,0.0,0.0,0.0,0.0,0.0,0.0,0.0,0.0,0.0,0.0,0.0,0.0,0.0,0.0,0.0,0.0,0.0,0.0,0.0,0.0,0.0,0.0,0.0,0.0,0.0,0.0,0.0,0.0,0.0,0.0,0.0,0.0,0.0,0.0,0.0,0.0,0.0,0.0,0.0,0.0,0.0,0.0,0.0,0.0,0.0,0.0,0.0,0.0,0.0,0.0,0.0,0.0,0.0,0.0,0.0,0.0,0.0,0.0,0.0,0.0,0.0,0.0,0.0,0.0,0.0,0.0,0.0,0.0,0.0,0.0,0.0,0.0,0.0,0.0,0.0,0.0,0.0,0.0,0.0,0.0,0.0,0.0,0.0,0.0,0.0,0.0,0.0,0.0,0.0,0.0,0.0,0.0,0.0,0.0,0.0,0.0,0.0,0.0,0.0,0.0,0.0,0.0,0.0,0.0,0.0,0.0,0.0,0.0,0.0,0.0,0.0,0.0,0.0,0.0,0.0,0.0,0.0,0.0,0.0,0.0,0.0,0.0,0.0,0.0,0.0,0.0,0.0,0.0,0.0,0.0,0.0,0.0,0.0,0.0,0.0,0.0,0.0,0.0,0.0,0.0,0.0,0.0,0.0,0.0,0.0,0.0,0.0,0.0,0.0,0.0,0.0,0.0,0.0,0.0,0.0,0.0,0.0,0.0,0.0,0.0,0.0,0.0,0.0,0.0,0.0,0.0,0.0,0.0,0.0,0.0,0.0,0.0,0.0,0.0,0.0,0.0,0.0,0.0,0.0,0.0,0.0,0.0,0.0,0.0,0.0,0.0,0.0,0.0,0.0,0.0,0.0,0.0,0.0,0.0,0.0,0.0,0.0,0.0,0.0,0.0,0.0,0.0,0.0,0.0,0.0,0.0,0.0,0.0,0.0,0.0,0.0,0.0,0.0,0.0,0.0,0.0,0.0,0.0,0.0,0.0,0.0,0.0,0.0,0.0,0.0,0.0,0.0,0.0,0.0,0.0,0.0,0.0,0.0,0.0,0.0,0.0,0.0,0.0,0.0,0.0,0.0,0.0,0.0,0.0,0.0,0.0,0.0,0.0,0.0,0.0,0.0,0.0,0.0,0.0,0.0,0.0,0.0,0.0,0.0,0.0,0.0,0.0,0.0,0.0,0.0,0.0,0.0,0.0,0.0,0.0,0.0,0.0,0.0,0.0,0.0,0.0,0.0,0.0,0.0,0.0,0.0,0.0,0.0,0.0,0.0,0.0,0.0,0.0,0.0,0.0,0.0,0.0,0.0,0.0,0.0,0.0,0.0,0.0,0.0,0.0,0.0,0.0,0.0,0.0,0.0,0.0,0.0,0.0,0.0,0.0,0.0,0.0,0.0,0.0,0.0,0.0,0.0,0.0,0.0,0.0,0.0,0.0,0.0,0.0,0.0,0.0,0.0,0.0,0.0,0.0,0.0,0.0,0.0,0.0,0.0,0.0,0.0,0.0,0.0,0.0,0.0,0.0,0.0,0.0,0.0,0.0,0.0,0.0,0.0,0.0,0.0,0.0,0.0,0.0,0.0,0.0,0.0,0.0,0.0,0.0,0.0,0.0,0.0,0.0,0.0,0.0,0.0,0.0,0.0,0.0,0.0,0.0,0.0,0.0,0.0,0.0,0.0,0.0,0.0,0.0,0.0,0.0,0.0,0.0,0.0,0.0,0.0,0.0,0.0,0.0,0.0,0.0,0.0,0.0,0.0,0.0,0.0,0.0,0.0,0.0,0.0,0.0,0.0,0.0,0.0,0.0,0.0,0.0,0.0,0.0,0.0,0.0,0.0,0.0,0.0,0.0,0.0,0.0,0.0,0.0,0.0,0.0,0.0,0.0,0.0,0.0,0.0,0.0,0.0,0.0,0.0,0.0,0.0,0.0,0.0,0.0,0.0,0.0,0.0,0.0,0.0,0.0,0.0,0.0,0.0,0.0,0.0,0.0,0.0,0.0,0.0,0.0,0.0,0.0,0.0,0.0,0.0,0.0,0.0,0.0,0.0,0.0,0.0,0.0,0.0,0.0,0.0,0.0,0.0,0.0,0.0,0.0,0.0,0.0,0.0,0.0,0.0,0.0,0.0,0.0,0.0,0.0,0.0,0.0,0.0,0.0,0.0,0.0,0.0,0.0,0.0,0.0,0.0,0.0,0.0,0.0,0.0,0.0,0.0,0.0,0.0,0.0,0.0,0.0,0.0,0.0,0.0,0.0,0.0,0.0,0.0,0.0,0.0,0.0,0.0,0.0,0.0,0.0,0.0,0.0,0.0,0.0,0.0,0.0,0.0,0.0,0.0,0.0,0.0,0.0,0.0,0.0,0.0,0.0,0.0,0.0,0.0,0.0,0.0,0.0,0.0,0.0,0.0,0.0,0.0,0.0,0.0,0.0,0.0,0.0,0.0,0.0,0.0,0.0,0.0,0.0,0.0,0.0,0.0,0.0,0.0,0.0,0.0,0.0,0.0,0.0,0.0,0.0,0.0,0.0,0.0,0.0,0.0,0.0,0.0,0.0,0.0,0.0,0.0,0.0,0.0,0.0,0.0,0.0,0.0,0.0,0.0,0.0,0.0,0.0,0.0,0.0,0.0,0.0,0.0,0.0,0.0,0.0,0.0,0.0,0.0,0.0,0.0,0.0,0.0,0.0,0.0,0.0,0.0,0.0,0.0,0.0,0.0,0.0,0.0,0.0,0.0,0.0,0.0,0.0,0.0,0.0,0.0,0.0,0.0,0.0,0.0,0.0,0.0,0.0,0.0,0.0,0.0,0.0,0.0,0.0,0.0,0.0,0.0,0.0,0.0,0.0,0.0,0.0,0.0,0.0,0.0,0.0,0.0,0.0,0.0,0.0,0.0,0.0,0.0,0.0,0.0,0.0,0.0,0.0,0.0,0.0,0.0,0.0,0.0,0.0,0.0,0.0,0.0,0.0,0.0,0.0,0.0,0.0,0.0,0.0,0.0,0.0,0.0,0.0,0.0,0.0,0.0,0.0,0.0,0.0,0.0,0.0,0.0,0.0,0.0,0.0,0.0,0.0,0.0,0.0,0.0,0.0,0.0,0.0,0.0,0.0,0.0,0.0,0.0,0.0,0.0,0.0,0.0,0.0,0.0,0.0,0.0,0.0,0.0,0.0,0.0,0.0154929453369321,-2.8601965320366256e-13,-1.124588128149934e-9,6.545899333988442e-7,-1.3986949264233365e-12,-0.00030548925533189564,-2.596048269813752e-13,-0.0002503777563384534,-2.7493663963570166e-5,0.0019136185836581953,-3.996114752146887e-13,9.315114937245373e-12,-1.872873167731418e-9,1.844486955444563e-10,0.002684136896799032,4.64925821902322e-12,-6.092950416612747e-14,-2.593058718251078e-8,1.5908664538329293e-5,-1.0172688111075365e-15,2.590273087587227e-10,-2.6679810878768617e-9,-7.07407206414611e-7,-2.1020905859744646e-6,3.647598249760823e-14,7.414304297022574e-15,3.54411548423479e-5,-4.6207948703960425e-7,-2.2350400629306137e-9,-3.368517461576855e-12,9.733850172605445e-10,-2.8757667989796064e-6,-1.2342804495686096e-10,2.0785426870882968e-11,1.9681453667663092e-11,0.0008961504765841346,-6.264426276645022e-6,-3.661254583735003e-7,1.0094417033517673e-6,5.722913385785304e-7,1.2521899571999658e-6,1.2255565671011258e-13,3.444337232204143e-14,-0.00035308588719402403,-1.8003494229900387e-8,2.8544538787536946e-15
0.0,0.0,0.0,0.0,0.0,0.0,0.0,0.0,0.0,0.0,0.0,0.0,0.0,0.0,0.0,0.0,0.0,0.0,0.0,0.0,0.0,0.0,0.0,0.0,0.0,0.0,0.0,0.0,0.0,0.0,0.0,0.0,0.0,0.0,0.0,0.0,0.0,0.0,0.0,0.0,0.0,0.0,0.0,0.0,0.0,0.0,0.0,0.0,0.0,0.0,0.0,0.0,0.0,0.0,0.0,0.0,0.0,0.0,0.0,0.0,0.0,0.0,0.0,0.0,0.0,0.0,0.0,0.0,0.0,0.0,0.0,0.0,0.0,0.0,0.0,0.0,0.0,0.0,0.0,0.0,0.0,0.0,0.0,0.0,0.0,0.0,0.0,0.0,0.0,0.0,0.0,0.0,0.0,0.0,0.0,0.0,0.0,0.0,0.0,0.0,0.0,0.0,0.0,0.0,0.0,0.0,0.0,0.0,0.0,0.0,0.0,0.0,0.0,0.0,0.0,0.0,0.0,0.0,0.0,0.0,0.0,0.0,0.0,0.0,0.0,0.0,0.0,0.0,0.0,0.0,0.0,0.0,0.0,0.0,0.0,0.0,0.0,0.0,0.0,0.0,0.0,0.0,0.0,0.0,0.0,0.0,0.0,0.0,0.0,0.0,0.0,0.0,0.0,0.0,0.0,0.0,0.0,0.0,0.0,0.0,0.0,0.0,0.0,0.0,0.0,0.0,0.0,0.0,0.0,0.0,0.0,0.0,0.0,0.0,0.0,0.0,0.0,0.0,0.0,0.0,0.0,0.0,0.0,0.0,0.0,0.0,0.0,0.0,0.0,0.0,0.0,0.0,0.0,0.0,0.0,0.0,0.0,0.0,0.0,0.0,0.0,0.0,0.0,0.0,0.0,0.0,0.0,0.0,0.0,0.0,0.0,0.0,0.0,0.0,0.0,0.0,0.0,0.0,0.0,0.0,0.0,0.0,0.0,0.0,0.0,0.0,0.0,0.0,0.0,0.0,0.0,0.0,0.0,0.0,0.0,0.0,0.0,0.0,0.0,0.0,0.0,0.0,0.0,0.0,0.0,0.0,0.0,0.0,0.0,0.0,0.0,0.0,0.0,0.0,0.0,0.0,0.0,0.0,0.0,0.0,0.0,0.0,0.0,0.0,0.0,0.0,0.0,0.0,0.0,0.0,0.0,0.0,0.0,0.0,0.0,0.0,0.0,0.0,0.0,0.0,0.0,0.0,0.0,0.0,0.0,0.0,0.0,0.0,0.0,0.0,0.0,0.0,0.0,0.0,0.0,0.0,0.0,0.0,0.0,0.0,0.0,0.0,0.0,0.0,0.0,0.0,0.0,0.0,0.0,0.0,0.0,0.0,0.0,0.0,0.0,0.0,0.0,0.0,0.0,0.0,0.0,0.0,0.0,0.0,0.0,0.0,0.0,0.0,0.0,0.0,0.0,0.0,0.0,0.0,0.0,0.0,0.0,0.0,0.0,0.0,0.0,0.0,0.0,0.0,0.0,0.0,0.0,0.0,0.0,0.0,0.0,0.0,0.0,0.0,0.0,0.0,0.0,0.0,0.0,0.0,0.0,0.0,0.0,0.0,0.0,0.0,0.0,0.0,0.0,0.0,0.0,0.0,0.0,0.0,0.0,0.0,0.0,0.0,0.0,0.0,0.0,0.0,0.0,0.0,0.0,0.0,0.0,0.0,0.0,0.0,0.0,0.0,0.0,0.0,0.0,0.0,0.0,0.0,0.0,0.0,0.0,0.0,0.0,0.0,0.0,0.0,0.0,0.0,0.0,0.0,0.0,0.0,0.0,0.0,0.0,0.0,0.0,0.0,0.0,0.0,0.0,0.0,0.0,0.0,0.0,0.0,0.0,0.0,0.0,0.0,0.0,0.0,0.0,0.0,0.0,0.0,0.0,0.0,0.0,0.0,0.0,0.0,0.0,0.0,0.0,0.0,0.0,0.0,0.0,0.0,0.0,0.0,0.0,0.0,0.0,0.0,0.0,0.0,0.0,0.0,0.0,0.0,0.0,0.0,0.0,0.0,0.0,0.0,0.0,0.0,0.0,0.0,0.0,0.0,0.0,0.0,0.0,0.0,0.0,0.0,0.0,0.0,0.0,0.0,0.0,0.0,0.0,0.0,0.0,0.0,0.0,0.0,0.0,0.0,0.0,0.0,0.0,0.0,0.0,0.0,0.0,0.0,0.0,0.0,0.0,0.0,0.0,0.0,0.0,0.0,0.0,0.0,0.0,0.0,0.0,0.0,0.0,0.0,0.0,0.0,0.0,0.0,0.0,0.0,0.0,0.0,0.0,0.0,0.0,0.0,0.0,0.0,0.0,0.0,0.0,0.0,0.0,0.0,0.0,0.0,0.0,0.0,0.0,0.0,0.0,0.0,0.0,0.0,0.0,0.0,0.0,0.0,0.0,0.0,0.0,0.0,0.0,0.0,0.0,0.0,0.0,0.0,0.0,0.0,0.0,0.0,0.0,0.0,0.0,0.0,0.0,0.0,0.0,0.0,0.0,0.0,0.0,0.0,0.0,0.0,0.0,0.0,0.0,0.0,0.0,0.0,0.0,0.0,0.0,0.0,0.0,0.0,0.0,0.0,0.0,0.0,0.0,0.0,0.0,0.0,0.0,0.0,0.0,0.0,0.0,0.0,0.0,0.0,0.0,0.0,0.0,0.0,0.0,0.0,0.0,0.0,0.0,0.0,0.0,0.0,0.0,0.0,0.0,0.0,0.0,0.0,0.0,0.0,0.0,0.0,0.0,0.0,0.0,0.0,0.0,0.0,0.0,0.0,0.0,0.0,0.0,0.0,0.0,0.0,0.0,0.0,0.0,0.0,0.0,0.0,0.0,0.0,0.0,0.0,0.0,0.0,0.0,0.0,0.0,0.0,0.0,0.0,0.0,0.0,0.0,0.0,0.0,0.0,0.0,0.0,0.0,0.0,0.0,0.0,0.0,0.0,0.0,0.0,0.0,0.0,0.0,0.0,0.0,0.0,0.0,0.0,0.0,0.0,0.0,0.0,0.0,0.0,0.0,0.0,0.0,0.0,0.0,0.0,0.0,0.0,0.0,0.0,0.0,0.0,0.0,0.0,0.0,0.0,0.0,0.0,0.0,0.0,0.0,0.0,0.0,0.0,0.0,0.0,0.0,0.0,0.0,0.0,0.0,0.0,0.0,0.0,0.0,0.0,0.0,0.0,0.0,0.0,0.0,0.0,0.0,0.0,0.0,0.0,0.0,0.0,0.0,0.0,0.0,0.0,0.0,0.0,0.0,0.0,0.0,0.0,0.0,0.0,0.0,0.0,0.02627402309166067,-7.291689087129309e-7,3.1780177311080977e-10,2.448566550669565e-5,1.9155559302738476e-12,-0.00043774262151672873,-1.5894373521593722e-12,5.815784529212013e-11,-1.659372891360922e-13,0.00027217113846578363,8.843943550037161e-6,1.2657911936489623e-6,-9.993558744015257e-7,-7.482524735705022e-13,5.3337730503820264e-5,-0.0001641231050457504,8.22783972701997e-9,-6.415217310875304e-11,-0.002197364977253158,-3.109174197858365e-7,7.817407381588798e-8,-9.701140957166898e-10,6.760725254331258e-10,-0.0018361185766237055,-0.00022289444008287583,-6.85227628369705e-11,3.483869984691389e-9,7.252672443983299e-8,0.0009713704297535789,-6.123679402030824e-8,-4.205961457611407e-11,-3.2289086744409183e-7,-7.754000155165515e-6,-1.551938137304727e-5,-1.7033643017058708e-13,3.57707609628614e-11,-5.018231156422212e-10,4.521680730517494e-11,-5.326564307807744e-10,-1.8200013636491783e-10,-0.0015199713800803842,0.0017827418879211143,-4.624537119446676e-13,-3.729485651152487e-8,8.070148812465652e-6
0.0,0.0,0.0,0.0,0.0,0.0,0.0,0.0,0.0,0.0,0.0,0.0,0.0,0.0,0.0,0.0,0.0,0.0,0.0,0.0,0.0,0.0,0.0,0.0,0.0,0.0,0.0,0.0,0.0,0.0,0.0,0.0,0.0,0.0,0.0,0.0,0.0,0.0,0.0,0.0,0.0,0.0,0.0,0.0,0.0,0.0,0.0,0.0,0.0,0.0,0.0,0.0,0.0,0.0,0.0,0.0,0.0,0.0,0.0,0.0,0.0,0.0,0.0,0.0,0.0,0.0,0.0,0.0,0.0,0.0,0.0,0.0,0.0,0.0,0.0,0.0,0.0,0.0,0.0,0.0,0.0,0.0,0.0,0.0,0.0,0.0,0.0,0.0,0.0,0.0,0.0,0.0,0.0,0.0,0.0,0.0,0.0,0.0,0.0,0.0,0.0,0.0,0.0,0.0,0.0,0.0,0.0,0.0,0.0,0.0,0.0,0.0,0.0,0.0,0.0,0.0,0.0,0.0,0.0,0.0,0.0,0.0,0.0,0.0,0.0,0.0,0.0,0.0,0.0,0.0,0.0,0.0,0.0,0.0,0.0,0.0,0.0,0.0,0.0,0.0,0.0,0.0,0.0,0.0,0.0,0.0,0.0,0.0,0.0,0.0,0.0,0.0,0.0,0.0,0.0,0.0,0.0,0.0,0.0,0.0,0.0,0.0,0.0,0.0,0.0,0.0,0.0,0.0,0.0,0.0,0.0,0.0,0.0,0.0,0.0,0.0,0.0,0.0,0.0,0.0,0.0,0.0,0.0,0.0,0.0,0.0,0.0,0.0,0.0,0.0,0.0,0.0,0.0,0.0,0.0,0.0,0.0,0.0,0.0,0.0,0.0,0.0,0.0,0.0,0.0,0.0,0.0,0.0,0.0,0.0,0.0,0.0,0.0,0.0,0.0,0.0,0.0,0.0,0.0,0.0,0.0,0.0,0.0,0.0,0.0,0.0,0.0,0.0,0.0,0.0,0.0,0.0,0.0,0.0,0.0,0.0,0.0,0.0,0.0,0.0,0.0,0.0,0.0,0.0,0.0,0.0,0.0,0.0,0.0,0.0,0.0,0.0,0.0,0.0,0.0,0.0,0.0,0.0,0.0,0.0,0.0,0.0,0.0,0.0,0.0,0.0,0.0,0.0,0.0,0.0,0.0,0.0,0.0,0.0,0.0,0.0,0.0,0.0,0.0,0.0,0.0,0.0,0.0,0.0,0.0,0.0,0.0,0.0,0.0,0.0,0.0,0.0,0.0,0.0,0.0,0.0,0.0,0.0,0.0,0.0,0.0,0.0,0.0,0.0,0.0,0.0,0.0,0.0,0.0,0.0,0.0,0.0,0.0,0.0,0.0,0.0,0.0,0.0,0.0,0.0,0.0,0.0,0.0,0.0,0.0,0.0,0.0,0.0,0.0,0.0,0.0,0.0,0.0,0.0,0.0,0.0,0.0,0.0,0.0,0.0,0.0,0.0,0.0,0.0,0.0,0.0,0.0,0.0,0.0,0.0,0.0,0.0,0.0,0.0,0.0,0.0,0.0,0.0,0.0,0.0,0.0,0.0,0.0,0.0,0.0,0.0,0.0,0.0,0.0,0.0,0.0,0.0,0.0,0.0,0.0,0.0,0.0,0.0,0.0,0.0,0.0,0.0,0.0,0.0,0.0,0.0,0.0,0.0,0.0,0.0,0.0,0.0,0.0,0.0,0.0,0.0,0.0,0.0,0.0,0.0,0.0,0.0,0.0,0.0,0.0,0.0,0.0,0.0,0.0,0.0,0.0,0.0,0.0,0.0,0.0,0.0,0.0,0.0,0.0,0.0,0.0,0.0,0.0,0.0,0.0,0.0,0.0,0.0,0.0,0.0,0.0,0.0,0.0,0.0,0.0,0.0,0.0,0.0,0.0,0.0,0.0,0.0,0.0,0.0,0.0,0.0,0.0,0.0,0.0,0.0,0.0,0.0,0.0,0.0,0.0,0.0,0.0,0.0,0.0,0.0,0.0,0.0,0.0,0.0,0.0,0.0,0.0,0.0,0.0,0.0,0.0,0.0,0.0,0.0,0.0,0.0,0.0,0.0,0.0,0.0,0.0,0.0,0.0,0.0,0.0,0.0,0.0,0.0,0.0,0.0,0.0,0.0,0.0,0.0,0.0,0.0,0.0,0.0,0.0,0.0,0.0,0.0,0.0,0.0,0.0,0.0,0.0,0.0,0.0,0.0,0.0,0.0,0.0,0.0,0.0,0.0,0.0,0.0,0.0,0.0,0.0,0.0,0.0,0.0,0.0,0.0,0.0,0.0,0.0,0.0,0.0,0.0,0.0,0.0,0.0,0.0,0.0,0.0,0.0,0.0,0.0,0.0,0.0,0.0,0.0,0.0,0.0,0.0,0.0,0.0,0.0,0.0,0.0,0.0,0.0,0.0,0.0,0.0,0.0,0.0,0.0,0.0,0.0,0.0,0.0,0.0,0.0,0.0,0.0,0.0,0.0,0.0,0.0,0.0,0.0,0.0,0.0,0.0,0.0,0.0,0.0,0.0,0.0,0.0,0.0,0.0,0.0,0.0,0.0,0.0,0.0,0.0,0.0,0.0,0.0,0.0,0.0,0.0,0.0,0.0,0.0,0.0,0.0,0.0,0.0,0.0,0.0,0.0,0.0,0.0,0.0,0.0,0.0,0.0,0.0,0.0,0.0,0.0,0.0,0.0,0.0,0.0,0.0,0.0,0.0,0.0,0.0,0.0,0.0,0.0,0.0,0.0,0.0,0.0,0.0,0.0,0.0,0.0,0.0,0.0,0.0,0.0,0.0,0.0,0.0,0.0,0.0,0.0,0.0,0.0,0.0,0.0,0.0,0.0,0.0,0.0,0.0,0.0,0.0,0.0,0.0,0.0,0.0,0.0,0.0,0.0,0.0,0.0,0.0,0.0,0.0,0.0,0.0,0.0,0.0,0.0,0.0,0.0,0.0,0.0,0.0,0.0,0.0,0.0,0.0,0.0,0.0,0.0,0.0,0.0,0.0,0.0,0.0,0.0,0.0,0.0,0.0,0.0,0.0,0.0,0.0,0.0,0.0,0.0,0.0,0.0,0.0,0.0,0.0,0.0,0.0,0.0,0.0,0.0,0.0,0.0,0.0,0.0,0.0,0.0,0.0,0.0,0.0,0.0,0.0,0.0,0.0,0.0,0.0,0.0,0.0,0.0,0.0,0.0,0.0,0.0,0.0,0.0,0.0,0.0,0.0,0.0,0.0,0.0,0.0,0.0,0.0,0.0,0.0,0.0,0.0,0.0,0.0,0.0,0.0,0.021007739459021964,2.3433875980294697e-5,-2.6813245212190077e-5,6.735775561482766e-10,-1.1209733017982458e-5,8.498860501820728e-9,-8.956400874438449e-8,-2.4520778717324545e-10,-3.6840846694559513e-6,-0.0002615525935835948,0.0010191705289021979,0.003429527132098798,-1.9499182783745008e-9,-1.2067018737481376e-5,4.020045192277923e-6,-0.00014215488648888606,-5.812285451786913e-7,-6.902153512293858e-7,-0.00315226396864213,-0.0009456185293108828,-1.4465841445447102e-5,-3.5865760476472807e-6,-7.944547586407456e-8,-4.10314232306163e-8,6.736682646044372e-8,-2.3769738964154786e-7,-0.0013564349184950581,2.9465514720707547e-5,-0.0014254215564377163,-1.7578311162819324e-7,0.0005984445570820215,-0.0001283434830293686,7.660689669420118e-5,-3.7566041354620994e-9,1.2178843138032339e-7,-1.7241895113101745e-8,2.4933582164107315e-6,2.155464140343213e-6,8.928992895971692e-7,1.958859540780902e-6,-2.7653430342583157e-7,-4.746367049755331e-10,7.146173385493248e-5,1.522224186818506e-8
0.0,0.0,0.0,0.0,0.0,0.0,0.0,0.0,0.0,0.0,0.0,0.0,0.0,0.0,0.0,0.0,0.0,0.0,0.0,0.0,0.0,0.0,0.0,0.0,0.0,0.0,0.0,0.0,0.0,0.0,0.0,0.0,0.0,0.0,0.0,0.0,0.0,0.0,0.0,0.0,0.0,0.0,0.0,0.0,0.0,0.0,0.0,0.0,0.0,0.0,0.0,0.0,0.0,0.0,0.0,0.0,0.0,0.0,0.0,0.0,0.0,0.0,0.0,0.0,0.0,0.0,0.0,0.0,0.0,0.0,0.0,0.0,0.0,0.0,0.0,0.0,0.0,0.0,0.0,0.0,0.0,0.0,0.0,0.0,0.0,0.0,0.0,0.0,0.0,0.0,0.0,0.0,0.0,0.0,0.0,0.0,0.0,0.0,0.0,0.0,0.0,0.0,0.0,0.0,0.0,0.0,0.0,0.0,0.0,0.0,0.0,0.0,0.0,0.0,0.0,0.0,0.0,0.0,0.0,0.0,0.0,0.0,0.0,0.0,0.0,0.0,0.0,0.0,0.0,0.0,0.0,0.0,0.0,0.0,0.0,0.0,0.0,0.0,0.0,0.0,0.0,0.0,0.0,0.0,0.0,0.0,0.0,0.0,0.0,0.0,0.0,0.0,0.0,0.0,0.0,0.0,0.0,0.0,0.0,0.0,0.0,0.0,0.0,0.0,0.0,0.0,0.0,0.0,0.0,0.0,0.0,0.0,0.0,0.0,0.0,0.0,0.0,0.0,0.0,0.0,0.0,0.0,0.0,0.0,0.0,0.0,0.0,0.0,0.0,0.0,0.0,0.0,0.0,0.0,0.0,0.0,0.0,0.0,0.0,0.0,0.0,0.0,0.0,0.0,0.0,0.0,0.0,0.0,0.0,0.0,0.0,0.0,0.0,0.0,0.0,0.0,0.0,0.0,0.0,0.0,0.0,0.0,0.0,0.0,0.0,0.0,0.0,0.0,0.0,0.0,0.0,0.0,0.0,0.0,0.0,0.0,0.0,0.0,0.0,0.0,0.0,0.0,0.0,0.0,0.0,0.0,0.0,0.0,0.0,0.0,0.0,0.0,0.0,0.0,0.0,0.0,0.0,0.0,0.0,0.0,0.0,0.0,0.0,0.0,0.0,0.0,0.0,0.0,0.0,0.0,0.0,0.0,0.0,0.0,0.0,0.0,0.0,0.0,0.0,0.0,0.0,0.0,0.0,0.0,0.0,0.0,0.0,0.0,0.0,0.0,0.0,0.0,0.0,0.0,0.0,0.0,0.0,0.0,0.0,0.0,0.0,0.0,0.0,0.0,0.0,0.0,0.0,0.0,0.0,0.0,0.0,0.0,0.0,0.0,0.0,0.0,0.0,0.0,0.0,0.0,0.0,0.0,0.0,0.0,0.0,0.0,0.0,0.0,0.0,0.0,0.0,0.0,0.0,0.0,0.0,0.0,0.0,0.0,0.0,0.0,0.0,0.0,0.0,0.0,0.0,0.0,0.0,0.0,0.0,0.0,0.0,0.0,0.0,0.0,0.0,0.0,0.0,0.0,0.0,0.0,0.0,0.0,0.0,0.0,0.0,0.0,0.0,0.0,0.0,0.0,0.0,0.0,0.0,0.0,0.0,0.0,0.0,0.0,0.0,0.0,0.0,0.0,0.0,0.0,0.0,0.0,0.0,0.0,0.0,0.0,0.0,0.0,0.0,0.0,0.0,0.0,0.0,0.0,0.0,0.0,0.0,0.0,0.0,0.0,0.0,0.0,0.0,0.0,0.0,0.0,0.0,0.0,0.0,0.0,0.0,0.0,0.0,0.0,0.0,0.0,0.0,0.0,0.0,0.0,0.0,0.0,0.0,0.0,0.0,0.0,0.0,0.0,0.0,0.0,0.0,0.0,0.0,0.0,0.0,0.0,0.0,0.0,0.0,0.0,0.0,0.0,0.0,0.0,0.0,0.0,0.0,0.0,0.0,0.0,0.0,0.0,0.0,0.0,0.0,0.0,0.0,0.0,0.0,0.0,0.0,0.0,0.0,0.0,0.0,0.0,0.0,0.0,0.0,0.0,0.0,0.0,0.0,0.0,0.0,0.0,0.0,0.0,0.0,0.0,0.0,0.0,0.0,0.0,0.0,0.0,0.0,0.0,0.0,0.0,0.0,0.0,0.0,0.0,0.0,0.0,0.0,0.0,0.0,0.0,0.0,0.0,0.0,0.0,0.0,0.0,0.0,0.0,0.0,0.0,0.0,0.0,0.0,0.0,0.0,0.0,0.0,0.0,0.0,0.0,0.0,0.0,0.0,0.0,0.0,0.0,0.0,0.0,0.0,0.0,0.0,0.0,0.0,0.0,0.0,0.0,0.0,0.0,0.0,0.0,0.0,0.0,0.0,0.0,0.0,0.0,0.0,0.0,0.0,0.0,0.0,0.0,0.0,0.0,0.0,0.0,0.0,0.0,0.0,0.0,0.0,0.0,0.0,0.0,0.0,0.0,0.0,0.0,0.0,0.0,0.0,0.0,0.0,0.0,0.0,0.0,0.0,0.0,0.0,0.0,0.0,0.0,0.0,0.0,0.0,0.0,0.0,0.0,0.0,0.0,0.0,0.0,0.0,0.0,0.0,0.0,0.0,0.0,0.0,0.0,0.0,0.0,0.0,0.0,0.0,0.0,0.0,0.0,0.0,0.0,0.0,0.0,0.0,0.0,0.0,0.0,0.0,0.0,0.0,0.0,0.0,0.0,0.0,0.0,0.0,0.0,0.0,0.0,0.0,0.0,0.0,0.0,0.0,0.0,0.0,0.0,0.0,0.0,0.0,0.0,0.0,0.0,0.0,0.0,0.0,0.0,0.0,0.0,0.0,0.0,0.0,0.0,0.0,0.0,0.0,0.0,0.0,0.0,0.0,0.0,0.0,0.0,0.0,0.0,0.0,0.0,0.0,0.0,0.0,0.0,0.0,0.0,0.0,0.0,0.0,0.0,0.0,0.0,0.0,0.0,0.0,0.0,0.0,0.0,0.0,0.0,0.0,0.0,0.0,0.0,0.0,0.0,0.0,0.0,0.0,0.0,0.0,0.0,0.0,0.0,0.0,0.0,0.0,0.0,0.0,0.0,0.0,0.0,0.0,0.0,0.0,0.0,0.0,0.0,0.0,0.0,0.0,0.0,0.0,0.0,0.0,0.0,0.0,0.0,0.0,0.0,0.0,0.0,0.0,0.0,0.0,0.0,0.0,0.0,0.0,0.0,0.0,0.0,0.0,0.0,0.0,0.0,0.0,0.0,0.0,0.0,0.0,0.0,0.0,0.0,0.0,0.0,0.016359224031389778,-1.5828734850519023e-7,1.8038703288717207e-6,2.4878357999144435e-8,-2.8149304052450397e-5,-3.946745525003791e-5,1.2107681170521962e-7,-2.990011213777647e-9,1.7737968753822556e-7,1.241869874337636e-5,-2.5871440028196745e-5,1.1600598202313874e-6,9.465587949916695e-8,-6.627664674064646e-9,0.0009730907036018226,8.20726362378585e-6,4.644560106297677e-9,-1.15345447009046e-5,-2.4370731347127344e-5,-0.00346077288115215,-0.007024978081656016,-6.197234756130214e-10,-1.3112263495971663e-13,0.00032071255210447343,0.0011938868287040326,8.676207039127203e-5,-1.7107216048086052e-8,-0.00013916698132685553,4.6904063751646245e-5,-1.4418992285970548e-5,-2.627107583862151e-7,3.086260118190232e-7,1.568431522556524e-6,7.853835836665281e-5,0.0006305227819679793,0.0009615808834940253,-0.0008693227318759715,0.0006673075952029669,-4.7829364465387654e-9,1.0838537826856575e-10,5.901500785118442e-7,0.0009642491871595381,-6.504204916767975e-11
0.0,0.0,0.0,0.0,0.0,0.0,0.0,0.0,0.0,0.0,0.0,0.0,0.0,0.0,0.0,0.0,0.0,0.0,0.0,0.0,0.0,0.0,0.0,0.0,0.0,0.0,0.0,0.0,0.0,0.0,0.0,0.0,0.0,0.0,0.0,0.0,0.0,0.0,0.0,0.0,0.0,0.0,0.0,0.0,0.0,0.0,0.0,0.0,0.0,0.0,0.0,0.0,0.0,0.0,0.0,0.0,0.0,0.0,0.0,0.0,0.0,0.0,0.0,0.0,0.0,0.0,0.0,0.0,0.0,0.0,0.0,0.0,0.0,0.0,0.0,0.0,0.0,0.0,0.0,0.0,0.0,0.0,0.0,0.0,0.0,0.0,0.0,0.0,0.0,0.0,0.0,0.0,0.0,0.0,0.0,0.0,0.0,0.0,0.0,0.0,0.0,0.0,0.0,0.0,0.0,0.0,0.0,0.0,0.0,0.0,0.0,0.0,0.0,0.0,0.0,0.0,0.0,0.0,0.0,0.0,0.0,0.0,0.0,0.0,0.0,0.0,0.0,0.0,0.0,0.0,0.0,0.0,0.0,0.0,0.0,0.0,0.0,0.0,0.0,0.0,0.0,0.0,0.0,0.0,0.0,0.0,0.0,0.0,0.0,0.0,0.0,0.0,0.0,0.0,0.0,0.0,0.0,0.0,0.0,0.0,0.0,0.0,0.0,0.0,0.0,0.0,0.0,0.0,0.0,0.0,0.0,0.0,0.0,0.0,0.0,0.0,0.0,0.0,0.0,0.0,0.0,0.0,0.0,0.0,0.0,0.0,0.0,0.0,0.0,0.0,0.0,0.0,0.0,0.0,0.0,0.0,0.0,0.0,0.0,0.0,0.0,0.0,0.0,0.0,0.0,0.0,0.0,0.0,0.0,0.0,0.0,0.0,0.0,0.0,0.0,0.0,0.0,0.0,0.0,0.0,0.0,0.0,0.0,0.0,0.0,0.0,0.0,0.0,0.0,0.0,0.0,0.0,0.0,0.0,0.0,0.0,0.0,0.0,0.0,0.0,0.0,0.0,0.0,0.0,0.0,0.0,0.0,0.0,0.0,0.0,0.0,0.0,0.0,0.0,0.0,0.0,0.0,0.0,0.0,0.0,0.0,0.0,0.0,0.0,0.0,0.0,0.0,0.0,0.0,0.0,0.0,0.0,0.0,0.0,0.0,0.0,0.0,0.0,0.0,0.0,0.0,0.0,0.0,0.0,0.0,0.0,0.0,0.0,0.0,0.0,0.0,0.0,0.0,0.0,0.0,0.0,0.0,0.0,0.0,0.0,0.0,0.0,0.0,0.0,0.0,0.0,0.0,0.0,0.0,0.0,0.0,0.0,0.0,0.0,0.0,0.0,0.0,0.0,0.0,0.0,0.0,0.0,0.0,0.0,0.0,0.0,0.0,0.0,0.0,0.0,0.0,0.0,0.0,0.0,0.0,0.0,0.0,0.0,0.0,0.0,0.0,0.0,0.0,0.0,0.0,0.0,0.0,0.0,0.0,0.0,0.0,0.0,0.0,0.0,0.0,0.0,0.0,0.0,0.0,0.0,0.0,0.0,0.0,0.0,0.0,0.0,0.0,0.0,0.0,0.0,0.0,0.0,0.0,0.0,0.0,0.0,0.0,0.0,0.0,0.0,0.0,0.0,0.0,0.0,0.0,0.0,0.0,0.0,0.0,0.0,0.0,0.0,0.0,0.0,0.0,0.0,0.0,0.0,0.0,0.0,0.0,0.0,0.0,0.0,0.0,0.0,0.0,0.0,0.0,0.0,0.0,0.0,0.0,0.0,0.0,0.0,0.0,0.0,0.0,0.0,0.0,0.0,0.0,0.0,0.0,0.0,0.0,0.0,0.0,0.0,0.0,0.0,0.0,0.0,0.0,0.0,0.0,0.0,0.0,0.0,0.0,0.0,0.0,0.0,0.0,0.0,0.0,0.0,0.0,0.0,0.0,0.0,0.0,0.0,0.0,0.0,0.0,0.0,0.0,0.0,0.0,0.0,0.0,0.0,0.0,0.0,0.0,0.0,0.0,0.0,0.0,0.0,0.0,0.0,0.0,0.0,0.0,0.0,0.0,0.0,0.0,0.0,0.0,0.0,0.0,0.0,0.0,0.0,0.0,0.0,0.0,0.0,0.0,0.0,0.0,0.0,0.0,0.0,0.0,0.0,0.0,0.0,0.0,0.0,0.0,0.0,0.0,0.0,0.0,0.0,0.0,0.0,0.0,0.0,0.0,0.0,0.0,0.0,0.0,0.0,0.0,0.0,0.0,0.0,0.0,0.0,0.0,0.0,0.0,0.0,0.0,0.0,0.0,0.0,0.0,0.0,0.0,0.0,0.0,0.0,0.0,0.0,0.0,0.0,0.0,0.0,0.0,0.0,0.0,0.0,0.0,0.0,0.0,0.0,0.0,0.0,0.0,0.0,0.0,0.0,0.0,0.0,0.0,0.0,0.0,0.0,0.0,0.0,0.0,0.0,0.0,0.0,0.0,0.0,0.0,0.0,0.0,0.0,0.0,0.0,0.0,0.0,0.0,0.0,0.0,0.0,0.0,0.0,0.0,0.0,0.0,0.0,0.0,0.0,0.0,0.0,0.0,0.0,0.0,0.0,0.0,0.0,0.0,0.0,0.0,0.0,0.0,0.0,0.0,0.0,0.0,0.0,0.0,0.0,0.0,0.0,0.0,0.0,0.0,0.0,0.0,0.0,0.0,0.0,0.0,0.0,0.0,0.0,0.0,0.0,0.0,0.0,0.0,0.0,0.0,0.0,0.0,0.0,0.0,0.0,0.0,0.0,0.0,0.0,0.0,0.0,0.0,0.0,0.0,0.0,0.0,0.0,0.0,0.0,0.0,0.0,0.0,0.0,0.0,0.0,0.0,0.0,0.0,0.0,0.0,0.0,0.0,0.0,0.0,0.0,0.0,0.0,0.0,0.0,0.0,0.0,0.0,0.0,0.0,0.0,0.0,0.0,0.0,0.0,0.0,0.0,0.0,0.0,0.0,0.0,0.0,0.0,0.0,0.0,0.0,0.0,0.0,0.0,0.0,0.0,0.0,0.0,0.0,0.0,0.0,0.0,0.0,0.0,0.0,0.0,0.0,0.0,0.0,0.0,0.0,0.0,0.0,0.0,0.0,0.0,0.0,0.0,0.0,0.0,0.0,0.0,0.0,0.0,0.0,0.0,0.0,0.0,0.0,0.0,0.0,0.0,0.0,0.0,0.0,0.0,0.0,0.0,0.0,0.0,0.0,0.0,0.0,0.0,0.0,0.0,0.0,0.0,0.0,0.0,0.0,0.0,0.0,0.022585301993476633,-3.6133174926201285e-11,0.00036799972286406677,-4.606261143150773e-10,3.4868471284501506e-9,-6.695648166624076e-12,0.0001030411507587734,0.0009439390508263991,7.263626452197742e-5,1.0256805061238297e-5,-1.7266812898398938e-11,-0.007239413451520852,-4.020302595656939e-7,9.124784840723581e-7,-2.517184844040996e-9,3.7722463629172064e-5,3.394223243766375e-5,-2.4175667673929307e-6,2.3045604157223344e-8,8.161095739336802e-9,9.823917923989545e-6,-8.325470446856409e-6,-2.1914236135670832e-9,5.4600751185857634e-8,5.72776973192955e-6,0.0024470817708184584,-1.0148149008202021e-5,-2.758346836008155e-9,-1.8847864374831452e-6,0.00021375038899099276,-0.0010295618885755049,1.0056028381121655e-11,5.925980692486302e-10,-7.1441572612118565e-9,-1.5763689518340583e-8,-2.5971546595871674e-8,-1.0823359346075862e-10,-3.4012916653131444e-5,6.012855109466789e-5,-2.5352628435014746e-11,-2.200055223688764e-6,-8.021056883393973e-7
0.0,0.0,0.0,0.0,0.0,0.0,0.0,0.0,0.0,0.0,0.0,0.0,0.0,0.0,0.0,0.0,0.0,0.0,0.0,0.0,0.0,0.0,0.0,0.0,0.0,0.0,0.0,0.0,0.0,0.0,0.0,0.0,0.0,0.0,0.0,0.0,0.0,0.0,0.0,0.0,0.0,0.0,0.0,0.0,0.0,0.0,0.0,0.0,0.0,0.0,0.0,0.0,0.0,0.0,0.0,0.0,0.0,0.0,0.0,0.0,0.0,0.0,0.0,0.0,0.0,0.0,0.0,0.0,0.0,0.0,0.0,0.0,0.0,0.0,0.0,0.0,0.0,0.0,0.0,0.0,0.0,0.0,0.0,0.0,0.0,0.0,0.0,0.0,0.0,0.0,0.0,0.0,0.0,0.0,0.0,0.0,0.0,0.0,0.0,0.0,0.0,0.0,0.0,0.0,0.0,0.0,0.0,0.0,0.0,0.0,0.0,0.0,0.0,0.0,0.0,0.0,0.0,0.0,0.0,0.0,0.0,0.0,0.0,0.0,0.0,0.0,0.0,0.0,0.0,0.0,0.0,0.0,0.0,0.0,0.0,0.0,0.0,0.0,0.0,0.0,0.0,0.0,0.0,0.0,0.0,0.0,0.0,0.0,0.0,0.0,0.0,0.0,0.0,0.0,0.0,0.0,0.0,0.0,0.0,0.0,0.0,0.0,0.0,0.0,0.0,0.0,0.0,0.0,0.0,0.0,0.0,0.0,0.0,0.0,0.0,0.0,0.0,0.0,0.0,0.0,0.0,0.0,0.0,0.0,0.0,0.0,0.0,0.0,0.0,0.0,0.0,0.0,0.0,0.0,0.0,0.0,0.0,0.0,0.0,0.0,0.0,0.0,0.0,0.0,0.0,0.0,0.0,0.0,0.0,0.0,0.0,0.0,0.0,0.0,0.0,0.0,0.0,0.0,0.0,0.0,0.0,0.0,0.0,0.0,0.0,0.0,0.0,0.0,0.0,0.0,0.0,0.0,0.0,0.0,0.0,0.0,0.0,0.0,0.0,0.0,0.0,0.0,0.0,0.0,0.0,0.0,0.0,0.0,0.0,0.0,0.0,0.0,0.0,0.0,0.0,0.0,0.0,0.0,0.0,0.0,0.0,0.0,0.0,0.0,0.0,0.0,0.0,0.0,0.0,0.0,0.0,0.0,0.0,0.0,0.0,0.0,0.0,0.0,0.0,0.0,0.0,0.0,0.0,0.0,0.0,0.0,0.0,0.0,0.0,0.0,0.0,0.0,0.0,0.0,0.0,0.0,0.0,0.0,0.0,0.0,0.0,0.0,0.0,0.0,0.0,0.0,0.0,0.0,0.0,0.0,0.0,0.0,0.0,0.0,0.0,0.0,0.0,0.0,0.0,0.0,0.0,0.0,0.0,0.0,0.0,0.0,0.0,0.0,0.0,0.0,0.0,0.0,0.0,0.0,0.0,0.0,0.0,0.0,0.0,0.0,0.0,0.0,0.0,0.0,0.0,0.0,0.0,0.0,0.0,0.0,0.0,0.0,0.0,0.0,0.0,0.0,0.0,0.0,0.0,0.0,0.0,0.0,0.0,0.0,0.0,0.0,0.0,0.0,0.0,0.0,0.0,0.0,0.0,0.0,0.0,0.0,0.0,0.0,0.0,0.0,0.0,0.0,0.0,0.0,0.0,0.0,0.0,0.0,0.0,0.0,0.0,0.0,0.0,0.0,0.0,0.0,0.0,0.0,0.0,0.0,0.0,0.0,0.0,0.0,0.0,0.0,0.0,0.0,0.0,0.0,0.0,0.0,0.0,0.0,0.0,0.0,0.0,0.0,0.0,0.0,0.0,0.0,0.0,0.0,0.0,0.0,0.0,0.0,0.0,0.0,0.0,0.0,0.0,0.0,0.0,0.0,0.0,0.0,0.0,0.0,0.0,0.0,0.0,0.0,0.0,0.0,0.0,0.0,0.0,0.0,0.0,0.0,0.0,0.0,0.0,0.0,0.0,0.0,0.0,0.0,0.0,0.0,0.0,0.0,0.0,0.0,0.0,0.0,0.0,0.0,0.0,0.0,0.0,0.0,0.0,0.0,0.0,0.0,0.0,0.0,0.0,0.0,0.0,0.0,0.0,0.0,0.0,0.0,0.0,0.0,0.0,0.0,0.0,0.0,0.0,0.0,0.0,0.0,0.0,0.0,0.0,0.0,0.0,0.0,0.0,0.0,0.0,0.0,0.0,0.0,0.0,0.0,0.0,0.0,0.0,0.0,0.0,0.0,0.0,0.0,0.0,0.0,0.0,0.0,0.0,0.0,0.0,0.0,0.0,0.0,0.0,0.0,0.0,0.0,0.0,0.0,0.0,0.0,0.0,0.0,0.0,0.0,0.0,0.0,0.0,0.0,0.0,0.0,0.0,0.0,0.0,0.0,0.0,0.0,0.0,0.0,0.0,0.0,0.0,0.0,0.0,0.0,0.0,0.0,0.0,0.0,0.0,0.0,0.0,0.0,0.0,0.0,0.0,0.0,0.0,0.0,0.0,0.0,0.0,0.0,0.0,0.0,0.0,0.0,0.0,0.0,0.0,0.0,0.0,0.0,0.0,0.0,0.0,0.0,0.0,0.0,0.0,0.0,0.0,0.0,0.0,0.0,0.0,0.0,0.0,0.0,0.0,0.0,0.0,0.0,0.0,0.0,0.0,0.0,0.0,0.0,0.0,0.0,0.0,0.0,0.0,0.0,0.0,0.0,0.0,0.0,0.0,0.0,0.0,0.0,0.0,0.0,0.0,0.0,0.0,0.0,0.0,0.0,0.0,0.0,0.0,0.0,0.0,0.0,0.0,0.0,0.0,0.0,0.0,0.0,0.0,0.0,0.0,0.0,0.0,0.0,0.0,0.0,0.0,0.0,0.0,0.0,0.0,0.0,0.0,0.0,0.0,0.0,0.0,0.0,0.0,0.0,0.0,0.0,0.0,0.0,0.0,0.0,0.0,0.0,0.0,0.0,0.0,0.0,0.0,0.0,0.0,0.0,0.0,0.0,0.0,0.0,0.0,0.0,0.0,0.0,0.0,0.0,0.0,0.0,0.0,0.0,0.0,0.0,0.0,0.0,0.0,0.0,0.0,0.0,0.0,0.0,0.0,0.0,0.0,0.0,0.0,0.0,0.0,0.0,0.0,0.0,0.0,0.0,0.0,0.0,0.0,0.0,0.0,0.0,0.0,0.0,0.0,0.0,0.0,0.0,0.0,0.0,0.0,0.0,0.0,0.0,0.0,0.0,0.0,0.0,0.0,0.0,0.0,0.0,0.0,0.0,0.0,0.0,0.0,0.0,0.0,0.0,0.016711135363689622,3.2285700800348104e-12,0.0016624534439366094,0.0009380949269331139,1.859483585996156e-5,2.8813296065043602e-12,7.598142514284521e-11,1.091293241187656e-8,-1.7875002831784283e-8,-0.00010671041624499207,-3.4186383941754317e-11,4.072846436183657e-13,-1.6929510584981528e-7,0.0001846638191109559,1.6619318251730157e-12,-4.246509054935255e-9,-1.5661717252519772e-8,1.5295070173326936e-5,-4.710905048379134e-6,-2.2922972386057513e-13,-8.310266340727109e-14,0.000337444972103233,1.5002460832746398e-5,1.6141256893580556e-7,5.886953065803895e-11,4.102760845401711e-9,8.206946107360187e-5,-2.5256003767386554e-8,-1.7335617410827405e-10,-3.864158510040902e-10,0.003642284520205918,-9.303358386559587e-5,-6.89069805585223e-6,2.9582374601977986e-5,6.134948285614127e-7,4.364796938605193e-5,-1.2415646095856107e-12,-2.3199194825474303e-13,-0.0002086524451579097,-7.320404607638832e-7,-3.7902006208081886e-14
0.0,0.0,0.0,0.0,0.0,0.0,0.0,0.0,0.0,0.0,0.0,0.0,0.0,0.0,0.0,0.0,0.0,0.0,0.0,0.0,0.0,0.0,0.0,0.0,0.0,0.0,0.0,0.0,0.0,0.0,0.0,0.0,0.0,0.0,0.0,0.0,0.0,0.0,0.0,0.0,0.0,0.0,0.0,0.0,0.0,0.0,0.0,0.0,0.0,0.0,0.0,0.0,0.0,0.0,0.0,0.0,0.0,0.0,0.0,0.0,0.0,0.0,0.0,0.0,0.0,0.0,0.0,0.0,0.0,0.0,0.0,0.0,0.0,0.0,0.0,0.0,0.0,0.0,0.0,0.0,0.0,0.0,0.0,0.0,0.0,0.0,0.0,0.0,0.0,0.0,0.0,0.0,0.0,0.0,0.0,0.0,0.0,0.0,0.0,0.0,0.0,0.0,0.0,0.0,0.0,0.0,0.0,0.0,0.0,0.0,0.0,0.0,0.0,0.0,0.0,0.0,0.0,0.0,0.0,0.0,0.0,0.0,0.0,0.0,0.0,0.0,0.0,0.0,0.0,0.0,0.0,0.0,0.0,0.0,0.0,0.0,0.0,0.0,0.0,0.0,0.0,0.0,0.0,0.0,0.0,0.0,0.0,0.0,0.0,0.0,0.0,0.0,0.0,0.0,0.0,0.0,0.0,0.0,0.0,0.0,0.0,0.0,0.0,0.0,0.0,0.0,0.0,0.0,0.0,0.0,0.0,0.0,0.0,0.0,0.0,0.0,0.0,0.0,0.0,0.0,0.0,0.0,0.0,0.0,0.0,0.0,0.0,0.0,0.0,0.0,0.0,0.0,0.0,0.0,0.0,0.0,0.0,0.0,0.0,0.0,0.0,0.0,0.0,0.0,0.0,0.0,0.0,0.0,0.0,0.0,0.0,0.0,0.0,0.0,0.0,0.0,0.0,0.0,0.0,0.0,0.0,0.0,0.0,0.0,0.0,0.0,0.0,0.0,0.0,0.0,0.0,0.0,0.0,0.0,0.0,0.0,0.0,0.0,0.0,0.0,0.0,0.0,0.0,0.0,0.0,0.0,0.0,0.0,0.0,0.0,0.0,0.0,0.0,0.0,0.0,0.0,0.0,0.0,0.0,0.0,0.0,0.0,0.0,0.0,0.0,0.0,0.0,0.0,0.0,0.0,0.0,0.0,0.0,0.0,0.0,0.0,0.0,0.0,0.0,0.0,0.0,0.0,0.0,0.0,0.0,0.0,0.0,0.0,0.0,0.0,0.0,0.0,0.0,0.0,0.0,0.0,0.0,0.0,0.0,0.0,0.0,0.0,0.0,0.0,0.0,0.0,0.0,0.0,0.0,0.0,0.0,0.0,0.0,0.0,0.0,0.0,0.0,0.0,0.0,0.0,0.0,0.0,0.0,0.0,0.0,0.0,0.0,0.0,0.0,0.0,0.0,0.0,0.0,0.0,0.0,0.0,0.0,0.0,0.0,0.0,0.0,0.0,0.0,0.0,0.0,0.0,0.0,0.0,0.0,0.0,0.0,0.0,0.0,0.0,0.0,0.0,0.0,0.0,0.0,0.0,0.0,0.0,0.0,0.0,0.0,0.0,0.0,0.0,0.0,0.0,0.0,0.0,0.0,0.0,0.0,0.0,0.0,0.0,0.0,0.0,0.0,0.0,0.0,0.0,0.0,0.0,0.0,0.0,0.0,0.0,0.0,0.0,0.0,0.0,0.0,0.0,0.0,0.0,0.0,0.0,0.0,0.0,0.0,0.0,0.0,0.0,0.0,0.0,0.0,0.0,0.0,0.0,0.0,0.0,0.0,0.0,0.0,0.0,0.0,0.0,0.0,0.0,0.0,0.0,0.0,0.0,0.0,0.0,0.0,0.0,0.0,0.0,0.0,0.0,0.0,0.0,0.0,0.0,0.0,0.0,0.0,0.0,0.0,0.0,0.0,0.0,0.0,0.0,0.0,0.0,0.0,0.0,0.0,0.0,0.0,0.0,0.0,0.0,0.0,0.0,0.0,0.0,0.0,0.0,0.0,0.0,0.0,0.0,0.0,0.0,0.0,0.0,0.0,0.0,0.0,0.0,0.0,0.0,0.0,0.0,0.0,0.0,0.0,0.0,0.0,0.0,0.0,0.0,0.0,0.0,0.0,0.0,0.0,0.0,0.0,0.0,0.0,0.0,0.0,0.0,0.0,0.0,0.0,0.0,0.0,0.0,0.0,0.0,0.0,0.0,0.0,0.0,0.0,0.0,0.0,0.0,0.0,0.0,0.0,0.0,0.0,0.0,0.0,0.0,0.0,0.0,0.0,0.0,0.0,0.0,0.0,0.0,0.0,0.0,0.0,0.0,0.0,0.0,0.0,0.0,0.0,0.0,0.0,0.0,0.0,0.0,0.0,0.0,0.0,0.0,0.0,0.0,0.0,0.0,0.0,0.0,0.0,0.0,0.0,0.0,0.0,0.0,0.0,0.0,0.0,0.0,0.0,0.0,0.0,0.0,0.0,0.0,0.0,0.0,0.0,0.0,0.0,0.0,0.0,0.0,0.0,0.0,0.0,0.0,0.0,0.0,0.0,0.0,0.0,0.0,0.0,0.0,0.0,0.0,0.0,0.0,0.0,0.0,0.0,0.0,0.0,0.0,0.0,0.0,0.0,0.0,0.0,0.0,0.0,0.0,0.0,0.0,0.0,0.0,0.0,0.0,0.0,0.0,0.0,0.0,0.0,0.0,0.0,0.0,0.0,0.0,0.0,0.0,0.0,0.0,0.0,0.0,0.0,0.0,0.0,0.0,0.0,0.0,0.0,0.0,0.0,0.0,0.0,0.0,0.0,0.0,0.0,0.0,0.0,0.0,0.0,0.0,0.0,0.0,0.0,0.0,0.0,0.0,0.0,0.0,0.0,0.0,0.0,0.0,0.0,0.0,0.0,0.0,0.0,0.0,0.0,0.0,0.0,0.0,0.0,0.0,0.0,0.0,0.0,0.0,0.0,0.0,0.0,0.0,0.0,0.0,0.0,0.0,0.0,0.0,0.0,0.0,0.0,0.0,0.0,0.0,0.0,0.0,0.0,0.0,0.0,0.0,0.0,0.0,0.0,0.0,0.0,0.0,0.0,0.0,0.0,0.0,0.0,0.0,0.0,0.0,0.0,0.0,0.0,0.0,0.0,0.0,0.0,0.0,0.0,0.0,0.0,0.0,0.0,0.0,0.0,0.0,0.0,0.0,0.0,0.0,0.0,0.0,0.0,0.0,0.0,0.0,0.0,0.0,0.0,0.0,0.0,0.0,0.0,0.0,0.0,0.0,0.0,0.0,0.0,0.0,0.0,0.0,0.0,0.02564420387348551,6.108176749355983e-11,-1.5450167218366684e-10,1.2696266128385847e-13,0.0021145981593410548,-0.00014224702446113504,2.8225927703136573e-6,2.189704553485841e-6,-1.1535815194123975e-12,0.002411779292447513,-0.002457613804932233,4.3027688901730344e-8,-1.4652755052793138e-10,0.0032306696514050734,-6.089100107625915e-6,-9.614305905140384e-8,-2.4585298291777705e-9,3.43146256551095e-9,-0.00027586969401655585,-0.0001589879886931897,-1.5552285067693303e-10,-7.280846424103279e-9,-4.0252760270669126e-8,-0.0005380864952369926,2.5743746100919905e-7,7.842393200513402e-12,-6.95404644754332e-8,1.8472120273909527e-5,-0.000284848591864538,-3.3932553331898435e-12,-6.754335242757662e-11,-2.0878039926084027e-10,8.358305905286259e-10,2.590162668427938e-9,-5.91890488220429e-11,0.0017817698081816235,0.0004184339762800803,2.537667460640347e-13,2.0754233181513589e-7,-4.4769842909405946e-6
0.0,0.0,0.0,0.0,0.0,0.0,0.0,0.0,0.0,0.0,0.0,0.0,0.0,0.0,0.0,0.0,0.0,0.0,0.0,0.0,0.0,0.0,0.0,0.0,0.0,0.0,0.0,0.0,0.0,0.0,0.0,0.0,0.0,0.0,0.0,0.0,0.0,0.0,0.0,0.0,0.0,0.0,0.0,0.0,0.0,0.0,0.0,0.0,0.0,0.0,0.0,0.0,0.0,0.0,0.0,0.0,0.0,0.0,0.0,0.0,0.0,0.0,0.0,0.0,0.0,0.0,0.0,0.0,0.0,0.0,0.0,0.0,0.0,0.0,0.0,0.0,0.0,0.0,0.0,0.0,0.0,0.0,0.0,0.0,0.0,0.0,0.0,0.0,0.0,0.0,0.0,0.0,0.0,0.0,0.0,0.0,0.0,0.0,0.0,0.0,0.0,0.0,0.0,0.0,0.0,0.0,0.0,0.0,0.0,0.0,0.0,0.0,0.0,0.0,0.0,0.0,0.0,0.0,0.0,0.0,0.0,0.0,0.0,0.0,0.0,0.0,0.0,0.0,0.0,0.0,0.0,0.0,0.0,0.0,0.0,0.0,0.0,0.0,0.0,0.0,0.0,0.0,0.0,0.0,0.0,0.0,0.0,0.0,0.0,0.0,0.0,0.0,0.0,0.0,0.0,0.0,0.0,0.0,0.0,0.0,0.0,0.0,0.0,0.0,0.0,0.0,0.0,0.0,0.0,0.0,0.0,0.0,0.0,0.0,0.0,0.0,0.0,0.0,0.0,0.0,0.0,0.0,0.0,0.0,0.0,0.0,0.0,0.0,0.0,0.0,0.0,0.0,0.0,0.0,0.0,0.0,0.0,0.0,0.0,0.0,0.0,0.0,0.0,0.0,0.0,0.0,0.0,0.0,0.0,0.0,0.0,0.0,0.0,0.0,0.0,0.0,0.0,0.0,0.0,0.0,0.0,0.0,0.0,0.0,0.0,0.0,0.0,0.0,0.0,0.0,0.0,0.0,0.0,0.0,0.0,0.0,0.0,0.0,0.0,0.0,0.0,0.0,0.0,0.0,0.0,0.0,0.0,0.0,0.0,0.0,0.0,0.0,0.0,0.0,0.0,0.0,0.0,0.0,0.0,0.0,0.0,0.0,0.0,0.0,0.0,0.0,0.0,0.0,0.0,0.0,0.0,0.0,0.0,0.0,0.0,0.0,0.0,0.0,0.0,0.0,0.0,0.0,0.0,0.0,0.0,0.0,0.0,0.0,0.0,0.0,0.0,0.0,0.0,0.0,0.0,0.0,0.0,0.0,0.0,0.0,0.0,0.0,0.0,0.0,0.0,0.0,0.0,0.0,0.0,0.0,0.0,0.0,0.0,0.0,0.0,0.0,0.0,0.0,0.0,0.0,0.0,0.0,0.0,0.0,0.0,0.0,0.0,0.0,0.0,0.0,0.0,0.0,0.0,0.0,0.0,0.0,0.0,0.0,0.0,0.0,0.0,0.0,0.0,0.0,0.0,0.0,0.0,0.0,0.0,0.0,0.0,0.0,0.0,0.0,0.0,0.0,0.0,0.0,0.0,0.0,0.0,0.0,0.0,0.0,0.0,0.0,0.0,0.0,0.0,0.0,0.0,0.0,0.0,0.0,0.0,0.0,0.0,0.0,0.0,0.0,0.0,0.0,0.0,0.0,0.0,0.0,0.0,0.0,0.0,0.0,0.0,0.0,0.0,0.0,0.0,0.0,0.0,0.0,0.0,0.0,0.0,0.0,0.0,0.0,0.0,0.0,0.0,0.0,0.0,0.0,0.0,0.0,0.0,0.0,0.0,0.0,0.0,0.0,0.0,0.0,0.0,0.0,0.0,0.0,0.0,0.0,0.0,0.0,0.0,0.0,0.0,0.0,0.0,0.0,0.0,0.0,0.0,0.0,0.0,0.0,0.0,0.0,0.0,0.0,0.0,0.0,0.0,0.0,0.0,0.0,0.0,0.0,0.0,0.0,0.0,0.0,0.0,0.0,0.0,0.0,0.0,0.0,0.0,0.0,0.0,0.0,0.0,0.0,0.0,0.0,0.0,0.0,0.0,0.0,0.0,0.0,0.0,0.0,0.0,0.0,0.0,0.0,0.0,0.0,0.0,0.0,0.0,0.0,0.0,0.0,0.0,0.0,0.0,0.0,0.0,0.0,0.0,0.0,0.0,0.0,0.0,0.0,0.0,0.0,0.0,0.0,0.0,0.0,0.0,0.0,0.0,0.0,0.0,0.0,0.0,0.0,0.0,0.0,0.0,0.0,0.0,0.0,0.0,0.0,0.0,0.0,0.0,0.0,0.0,0.0,0.0,0.0,0.0,0.0,0.0,0.0,0.0,0.0,0.0,0.0,0.0,0.0,0.0,0.0,0.0,0.0,0.0,0.0,0.0,0.0,0.0,0.0,0.0,0.0,0.0,0.0,0.0,0.0,0.0,0.0,0.0,0.0,0.0,0.0,0.0,0.0,0.0,0.0,0.0,0.0,0.0,0.0,0.0,0.0,0.0,0.0,0.0,0.0,0.0,0.0,0.0,0.0,0.0,0.0,0.0,0.0,0.0,0.0,0.0,0.0,0.0,0.0,0.0,0.0,0.0,0.0,0.0,0.0,0.0,0.0,0.0,0.0,0.0,0.0,0.0,0.0,0.0,0.0,0.0,0.0,0.0,0.0,0.0,0.0,0.0,0.0,0.0,0.0,0.0,0.0,0.0,0.0,0.0,0.0,0.0,0.0,0.0,0.0,0.0,0.0,0.0,0.0,0.0,0.0,0.0,0.0,0.0,0.0,0.0,0.0,0.0,0.0,0.0,0.0,0.0,0.0,0.0,0.0,0.0,0.0,0.0,0.0,0.0,0.0,0.0,0.0,0.0,0.0,0.0,0.0,0.0,0.0,0.0,0.0,0.0,0.0,0.0,0.0,0.0,0.0,0.0,0.0,0.0,0.0,0.0,0.0,0.0,0.0,0.0,0.0,0.0,0.0,0.0,0.0,0.0,0.0,0.0,0.0,0.0,0.0,0.0,0.0,0.0,0.0,0.0,0.0,0.0,0.0,0.0,0.0,0.0,0.0,0.0,0.0,0.0,0.0,0.0,0.0,0.0,0.0,0.0,0.0,0.0,0.0,0.0,0.0,0.0,0.0,0.0,0.0,0.0,0.0,0.0,0.0,0.0,0.0,0.0,0.0,0.0,0.0,0.0,0.0,0.0,0.0,0.0,0.0,0.0,0.0,0.0,0.0,0.0,0.0,0.0,0.0,0.0,0.0,0.0,0.0,0.0,0.0,0.0,0.0,0.0,0.0,0.0,0.0,0.0,0.0,0.0,0.0,0.017717333605607663,0.0007330750545466081,1.0428526847285378e-5,-1.426678466850813e-11,3.595875149867709e-10,3.4760616268708245e-8,-4.551815335172508e-8,-0.0004550765042448039,1.2074690879698609e-10,-8.076817995057091e-12,2.093078335423902e-6,-2.405213135199166e-5,-5.336256814541214e-13,-1.1074970312441007e-8,7.076974455308888e-8,7.18479148781375e-5,9.732608132897332e-5,-1.285133397442548e-12,3.95666563198988e-13,-0.0019325129954045886,9.493705437163803e-6,3.2054168756521483e-7,6.943078653029657e-12,-3.4012856538445e-7,-0.0004327356898521872,4.080256388284746e-8,-6.190000724107675e-10,-3.774180540090185e-10,-0.0008338588261398146,-0.0003907108100719782,-6.557476085883744e-6,-1.5873599620863255e-5,2.4511002158234186e-5,2.12412327156142e-5,-1.6207583914910337e-11,-1.7657900820996104e-13,-0.00020394506364233757,2.8779786713934257e-6,-1.637522054443758e-13
0.0,0.0,0.0,0.0,0.0,0.0,0.0,0.0,0.0,0.0,0.0,0.0,0.0,0.0,0.0,0.0,0.0,0.0,0.0,0.0,0.0,0.0,0.0,0.0,0.0,0.0,0.0,0.0,0.0,0.0,0.0,0.0,0.0,0.0,0.0,0.0,0.0,0.0,0.0,0.0,0.0,0.0,0.0,0.0,0.0,0.0,0.0,0.0,0.0,0.0,0.0,0.0,0.0,0.0,0.0,0.0,0.0,0.0,0.0,0.0,0.0,0.0,0.0,0.0,0.0,0.0,0.0,0.0,0.0,0.0,0.0,0.0,0.0,0.0,0.0,0.0,0.0,0.0,0.0,0.0,0.0,0.0,0.0,0.0,0.0,0.0,0.0,0.0,0.0,0.0,0.0,0.0,0.0,0.0,0.0,0.0,0.0,0.0,0.0,0.0,0.0,0.0,0.0,0.0,0.0,0.0,0.0,0.0,0.0,0.0,0.0,0.0,0.0,0.0,0.0,0.0,0.0,0.0,0.0,0.0,0.0,0.0,0.0,0.0,0.0,0.0,0.0,0.0,0.0,0.0,0.0,0.0,0.0,0.0,0.0,0.0,0.0,0.0,0.0,0.0,0.0,0.0,0.0,0.0,0.0,0.0,0.0,0.0,0.0,0.0,0.0,0.0,0.0,0.0,0.0,0.0,0.0,0.0,0.0,0.0,0.0,0.0,0.0,0.0,0.0,0.0,0.0,0.0,0.0,0.0,0.0,0.0,0.0,0.0,0.0,0.0,0.0,0.0,0.0,0.0,0.0,0.0,0.0,0.0,0.0,0.0,0.0,0.0,0.0,0.0,0.0,0.0,0.0,0.0,0.0,0.0,0.0,0.0,0.0,0.0,0.0,0.0,0.0,0.0,0.0,0.0,0.0,0.0,0.0,0.0,0.0,0.0,0.0,0.0,0.0,0.0,0.0,0.0,0.0,0.0,0.0,0.0,0.0,0.0,0.0,0.0,0.0,0.0,0.0,0.0,0.0,0.0,0.0,0.0,0.0,0.0,0.0,0.0,0.0,0.0,0.0,0.0,0.0,0.0,0.0,0.0,0.0,0.0,0.0,0.0,0.0,0.0,0.0,0.0,0.0,0.0,0.0,0.0,0.0,0.0,0.0,0.0,0.0,0.0,0.0,0.0,0.0,0.0,0.0,0.0,0.0,0.0,0.0,0.0,0.0,0.0,0.0,0.0,0.0,0.0,0.0,0.0,0.0,0.0,0.0,0.0,0.0,0.0,0.0,0.0,0.0,0.0,0.0,0.0,0.0,0.0,0.0,0.0,0.0,0.0,0.0,0.0,0.0,0.0,0.0,0.0,0.0,0.0,0.0,0.0,0.0,0.0,0.0,0.0,0.0,0.0,0.0,0.0,0.0,0.0,0.0,0.0,0.0,0.0,0.0,0.0,0.0,0.0,0.0,0.0,0.0,0.0,0.0,0.0,0.0,0.0,0.0,0.0,0.0,0.0,0.0,0.0,0.0,0.0,0.0,0.0,0.0,0.0,0.0,0.0,0.0,0.0,0.0,0.0,0.0,0.0,0.0,0.0,0.0,0.0,0.0,0.0,0.0,0.0,0.0,0.0,0.0,0.0,0.0,0.0,0.0,0.0,0.0,0.0,0.0,0.0,0.0,0.0,0.0,0.0,0.0,0.0,0.0,0.0,0.0,0.0,0.0,0.0,0.0,0.0,0.0,0.0,0.0,0.0,0.0,0.0,0.0,0.0,0.0,0.0,0.0,0.0,0.0,0.0,0.0,0.0,0.0,0.0,0.0,0.0,0.0,0.0,0.0,0.0,0.0,0.0,0.0,0.0,0.0,0.0,0.0,0.0,0.0,0.0,0.0,0.0,0.0,0.0,0.0,0.0,0.0,0.0,0.0,0.0,0.0,0.0,0.0,0.0,0.0,0.0,0.0,0.0,0.0,0.0,0.0,0.0,0.0,0.0,0.0,0.0,0.0,0.0,0.0,0.0,0.0,0.0,0.0,0.0,0.0,0.0,0.0,0.0,0.0,0.0,0.0,0.0,0.0,0.0,0.0,0.0,0.0,0.0,0.0,0.0,0.0,0.0,0.0,0.0,0.0,0.0,0.0,0.0,0.0,0.0,0.0,0.0,0.0,0.0,0.0,0.0,0.0,0.0,0.0,0.0,0.0,0.0,0.0,0.0,0.0,0.0,0.0,0.0,0.0,0.0,0.0,0.0,0.0,0.0,0.0,0.0,0.0,0.0,0.0,0.0,0.0,0.0,0.0,0.0,0.0,0.0,0.0,0.0,0.0,0.0,0.0,0.0,0.0,0.0,0.0,0.0,0.0,0.0,0.0,0.0,0.0,0.0,0.0,0.0,0.0,0.0,0.0,0.0,0.0,0.0,0.0,0.0,0.0,0.0,0.0,0.0,0.0,0.0,0.0,0.0,0.0,0.0,0.0,0.0,0.0,0.0,0.0,0.0,0.0,0.0,0.0,0.0,0.0,0.0,0.0,0.0,0.0,0.0,0.0,0.0,0.0,0.0,0.0,0.0,0.0,0.0,0.0,0.0,0.0,0.0,0.0,0.0,0.0,0.0,0.0,0.0,0.0,0.0,0.0,0.0,0.0,0.0,0.0,0.0,0.0,0.0,0.0,0.0,0.0,0.0,0.0,0.0,0.0,0.0,0.0,0.0,0.0,0.0,0.0,0.0,0.0,0.0,0.0,0.0,0.0,0.0,0.0,0.0,0.0,0.0,0.0,0.0,0.0,0.0,0.0,0.0,0.0,0.0,0.0,0.0,0.0,0.0,0.0,0.0,0.0,0.0,0.0,0.0,0.0,0.0,0.0,0.0,0.0,0.0,0.0,0.0,0.0,0.0,0.0,0.0,0.0,0.0,0.0,0.0,0.0,0.0,0.0,0.0,0.0,0.0,0.0,0.0,0.0,0.0,0.0,0.0,0.0,0.0,0.0,0.0,0.0,0.0,0.0,0.0,0.0,0.0,0.0,0.0,0.0,0.0,0.0,0.0,0.0,0.0,0.0,0.0,0.0,0.0,0.0,0.0,0.0,0.0,0.0,0.0,0.0,0.0,0.0,0.0,0.0,0.0,0.0,0.0,0.0,0.0,0.0,0.0,0.0,0.0,0.0,0.0,0.0,0.0,0.0,0.0,0.0,0.0,0.0,0.0,0.0,0.0,0.0,0.0,0.0,0.0,0.0,0.0,0.0,0.0,0.0,0.0,0.0,0.0,0.0,0.0,0.0,0.0,0.0,0.0,0.0,0.0,0.0,0.0,0.0,0.0,0.0,0.0,0.0,0.0,0.0,0.0,0.0,0.0,0.0,0.0,0.0,0.0,0.0,0.02195293794880887,-4.513968612037018e-5,2.598265149241328e-10,-5.349026982306225e-10,3.852384066643778e-7,-9.157842026093917e-8,-0.00031678137854952834,-6.099791059574697e-10,2.679867517400374e-12,7.978437650722565e-7,-0.0003360427478578199,1.1024652461147913e-11,-1.1994783129780702e-7,1.1324487294358997e-7,-1.8446942722862402e-5,0.00030371849084078546,-1.6590554397399387e-12,-1.062382845788027e-12,-0.005292918404586321,7.877451333869566e-5,1.3409553783240105e-6,2.858460409165324e-11,-1.4248071409512573e-6,0.00034345913411581823,-3.9148980088637316e-7,-2.718621061542647e-9,1.2020620945237324e-9,-0.00037155991119877847,-0.0005379981116376882,-7.447221431095143e-5,-0.0002969990216310853,-9.005526791539147e-5,0.00014456090847181905,-1.4019515716815695e-11,-1.2934660855300686e-11,-1.6428521317785367e-5,-1.8906246026978065e-5,-3.7215257485763815e-13
0.0,0.0,0.0,0.0,0.0,0.0,0.0,0.0,0.0,0.0,0.0,0.0,0.0,0.0,0.0,0.0,0.0,0.0,0.0,0.0,0.0,0.0,0.0,0.0,0.0,0.0,0.0,0.0,0.0,0.0,0.0,0.0,0.0,0.0,0.0,0.0,0.0,0.0,0.0,0.0,0.0,0.0,0.0,0.0,0.0,0.0,0.0,0.0,0.0,0.0,0.0,0.0,0.0,0.0,0.0,0.0,0.0,0.0,0.0,0.0,0.0,0.0,0.0,0.0,0.0,0.0,0.0,0.0,0.0,0.0,0.0,0.0,0.0,0.0,0.0,0.0,0.0,0.0,0.0,0.0,0.0,0.0,0.0,0.0,0.0,0.0,0.0,0.0,0.0,0.0,0.0,0.0,0.0,0.0,0.0,0.0,0.0,0.0,0.0,0.0,0.0,0.0,0.0,0.0,0.0,0.0,0.0,0.0,0.0,0.0,0.0,0.0,0.0,0.0,0.0,0.0,0.0,0.0,0.0,0.0,0.0,0.0,0.0,0.0,0.0,0.0,0.0,0.0,0.0,0.0,0.0,0.0,0.0,0.0,0.0,0.0,0.0,0.0,0.0,0.0,0.0,0.0,0.0,0.0,0.0,0.0,0.0,0.0,0.0,0.0,0.0,0.0,0.0,0.0,0.0,0.0,0.0,0.0,0.0,0.0,0.0,0.0,0.0,0.0,0.0,0.0,0.0,0.0,0.0,0.0,0.0,0.0,0.0,0.0,0.0,0.0,0.0,0.0,0.0,0.0,0.0,0.0,0.0,0.0,0.0,0.0,0.0,0.0,0.0,0.0,0.0,0.0,0.0,0.0,0.0,0.0,0.0,0.0,0.0,0.0,0.0,0.0,0.0,0.0,0.0,0.0,0.0,0.0,0.0,0.0,0.0,0.0,0.0,0.0,0.0,0.0,0.0,0.0,0.0,0.0,0.0,0.0,0.0,0.0,0.0,0.0,0.0,0.0,0.0,0.0,0.0,0.0,0.0,0.0,0.0,0.0,0.0,0.0,0.0,0.0,0.0,0.0,0.0,0.0,0.0,0.0,0.0,0.0,0.0,0.0,0.0,0.0,0.0,0.0,0.0,0.0,0.0,0.0,0.0,0.0,0.0,0.0,0.0,0.0,0.0,0.0,0.0,0.0,0.0,0.0,0.0,0.0,0.0,0.0,0.0,0.0,0.0,0.0,0.0,0.0,0.0,0.0,0.0,0.0,0.0,0.0,0.0,0.0,0.0,0.0,0.0,0.0,0.0,0.0,0.0,0.0,0.0,0.0,0.0,0.0,0.0,0.0,0.0,0.0,0.0,0.0,0.0,0.0,0.0,0.0,0.0,0.0,0.0,0.0,0.0,0.0,0.0,0.0,0.0,0.0,0.0,0.0,0.0,0.0,0.0,0.0,0.0,0.0,0.0,0.0,0.0,0.0,0.0,0.0,0.0,0.0,0.0,0.0,0.0,0.0,0.0,0.0,0.0,0.0,0.0,0.0,0.0,0.0,0.0,0.0,0.0,0.0,0.0,0.0,0.0,0.0,0.0,0.0,0.0,0.0,0.0,0.0,0.0,0.0,0.0,0.0,0.0,0.0,0.0,0.0,0.0,0.0,0.0,0.0,0.0,0.0,0.0,0.0,0.0,0.0,0.0,0.0,0.0,0.0,0.0,0.0,0.0,0.0,0.0,0.0,0.0,0.0,0.0,0.0,0.0,0.0,0.0,0.0,0.0,0.0,0.0,0.0,0.0,0.0,0.0,0.0,0.0,0.0,0.0,0.0,0.0,0.0,0.0,0.0,0.0,0.0,0.0,0.0,0.0,0.0,0.0,0.0,0.0,0.0,0.0,0.0,0.0,0.0,0.0,0.0,0.0,0.0,0.0,0.0,0.0,0.0,0.0,0.0,0.0,0.0,0.0,0.0,0.0,0.0,0.0,0.0,0.0,0.0,0.0,0.0,0.0,0.0,0.0,0.0,0.0,0.0,0.0,0.0,0.0,0.0,0.0,0.0,0.0,0.0,0.0,0.0,0.0,0.0,0.0,0.0,0.0,0.0,0.0,0.0,0.0,0.0,0.0,0.0,0.0,0.0,0.0,0.0,0.0,0.0,0.0,0.0,0.0,0.0,0.0,0.0,0.0,0.0,0.0,0.0,0.0,0.0,0.0,0.0,0.0,0.0,0.0,0.0,0.0,0.0,0.0,0.0,0.0,0.0,0.0,0.0,0.0,0.0,0.0,0.0,0.0,0.0,0.0,0.0,0.0,0.0,0.0,0.0,0.0,0.0,0.0,0.0,0.0,0.0,0.0,0.0,0.0,0.0,0.0,0.0,0.0,0.0,0.0,0.0,0.0,0.0,0.0,0.0,0.0,0.0,0.0,0.0,0.0,0.0,0.0,0.0,0.0,0.0,0.0,0.0,0.0,0.0,0.0,0.0,0.0,0.0,0.0,0.0,0.0,0.0,0.0,0.0,0.0,0.0,0.0,0.0,0.0,0.0,0.0,0.0,0.0,0.0,0.0,0.0,0.0,0.0,0.0,0.0,0.0,0.0,0.0,0.0,0.0,0.0,0.0,0.0,0.0,0.0,0.0,0.0,0.0,0.0,0.0,0.0,0.0,0.0,0.0,0.0,0.0,0.0,0.0,0.0,0.0,0.0,0.0,0.0,0.0,0.0,0.0,0.0,0.0,0.0,0.0,0.0,0.0,0.0,0.0,0.0,0.0,0.0,0.0,0.0,0.0,0.0,0.0,0.0,0.0,0.0,0.0,0.0,0.0,0.0,0.0,0.0,0.0,0.0,0.0,0.0,0.0,0.0,0.0,0.0,0.0,0.0,0.0,0.0,0.0,0.0,0.0,0.0,0.0,0.0,0.0,0.0,0.0,0.0,0.0,0.0,0.0,0.0,0.0,0.0,0.0,0.0,0.0,0.0,0.0,0.0,0.0,0.0,0.0,0.0,0.0,0.0,0.0,0.0,0.0,0.0,0.0,0.0,0.0,0.0,0.0,0.0,0.0,0.0,0.0,0.0,0.0,0.0,0.0,0.0,0.0,0.0,0.0,0.0,0.0,0.0,0.0,0.0,0.0,0.0,0.0,0.0,0.0,0.0,0.0,0.0,0.0,0.0,0.0,0.0,0.0,0.0,0.0,0.0,0.0,0.0,0.0,0.0,0.0,0.0,0.0,0.0,0.0,0.0,0.0,0.0,0.0,0.0,0.0,0.0,0.0,0.0,0.0,0.0,0.0,0.0,0.0,0.0,0.0,0.0,0.0,0.0,0.0,0.0,0.0,0.0,0.0,0.0,0.0,0.0,0.0,0.0,0.0,0.0,0.0,0.0,0.011286548632268181,-3.176258752843373e-13,-1.544132060824876e-11,-5.396158411642739e-10,-8.894330890492981e-11,0.002959291925541253,-1.331546390094539e-13,-5.938894522602843e-14,-4.771119362768031e-8,1.1334525647828994e-5,1.893214710815616e-14,4.995076300087745e-10,-4.392198371687911e-10,7.490999551407144e-7,6.988537942650552e-7,-3.658891792703549e-14,-5.934817913622476e-16,-2.5401494315745386e-5,1.759459933274141e-7,1.1658109151622304e-9,-1.4270191538045512e-12,-7.796967477129058e-9,7.900775473247857e-6,6.292057011849702e-11,-2.2292058542621393e-11,5.61819822832953e-11,0.00016725438336419185,-3.6131265970069923e-6,-1.2408629780987446e-6,8.664228563323272e-7,2.9424316846361435e-6,3.294177894677004e-6,-3.638022765872585e-14,8.988267793119335e-15,0.004737067039279911,-2.541308598388152e-8,9.168666876933678e-16
0.0,0.0,0.0,0.0,0.0,0.0,0.0,0.0,0.0,0.0,0.0,0.0,0.0,0.0,0.0,0.0,0.0,0.0,0.0,0.0,0.0,0.0,0.0,0.0,0.0,0.0,0.0,0.0,0.0,0.0,0.0,0.0,0.0,0.0,0.0,0.0,0.0,0.0,0.0,0.0,0.0,0.0,0.0,0.0,0.0,0.0,0.0,0.0,0.0,0.0,0.0,0.0,0.0,0.0,0.0,0.0,0.0,0.0,0.0,0.0,0.0,0.0,0.0,0.0,0.0,0.0,0.0,0.0,0.0,0.0,0.0,0.0,0.0,0.0,0.0,0.0,0.0,0.0,0.0,0.0,0.0,0.0,0.0,0.0,0.0,0.0,0.0,0.0,0.0,0.0,0.0,0.0,0.0,0.0,0.0,0.0,0.0,0.0,0.0,0.0,0.0,0.0,0.0,0.0,0.0,0.0,0.0,0.0,0.0,0.0,0.0,0.0,0.0,0.0,0.0,0.0,0.0,0.0,0.0,0.0,0.0,0.0,0.0,0.0,0.0,0.0,0.0,0.0,0.0,0.0,0.0,0.0,0.0,0.0,0.0,0.0,0.0,0.0,0.0,0.0,0.0,0.0,0.0,0.0,0.0,0.0,0.0,0.0,0.0,0.0,0.0,0.0,0.0,0.0,0.0,0.0,0.0,0.0,0.0,0.0,0.0,0.0,0.0,0.0,0.0,0.0,0.0,0.0,0.0,0.0,0.0,0.0,0.0,0.0,0.0,0.0,0.0,0.0,0.0,0.0,0.0,0.0,0.0,0.0,0.0,0.0,0.0,0.0,0.0,0.0,0.0,0.0,0.0,0.0,0.0,0.0,0.0,0.0,0.0,0.0,0.0,0.0,0.0,0.0,0.0,0.0,0.0,0.0,0.0,0.0,0.0,0.0,0.0,0.0,0.0,0.0,0.0,0.0,0.0,0.0,0.0,0.0,0.0,0.0,0.0,0.0,0.0,0.0,0.0,0.0,0.0,0.0,0.0,0.0,0.0,0.0,0.0,0.0,0.0,0.0,0.0,0.0,0.0,0.0,0.0,0.0,0.0,0.0,0.0,0.0,0.0,0.0,0.0,0.0,0.0,0.0,0.0,0.0,0.0,0.0,0.0,0.0,0.0,0.0,0.0,0.0,0.0,0.0,0.0,0.0,0.0,0.0,0.0,0.0,0.0,0.0,0.0,0.0,0.0,0.0,0.0,0.0,0.0,0.0,0.0,0.0,0.0,0.0,0.0,0.0,0.0,0.0,0.0,0.0,0.0,0.0,0.0,0.0,0.0,0.0,0.0,0.0,0.0,0.0,0.0,0.0,0.0,0.0,0.0,0.0,0.0,0.0,0.0,0.0,0.0,0.0,0.0,0.0,0.0,0.0,0.0,0.0,0.0,0.0,0.0,0.0,0.0,0.0,0.0,0.0,0.0,0.0,0.0,0.0,0.0,0.0,0.0,0.0,0.0,0.0,0.0,0.0,0.0,0.0,0.0,0.0,0.0,0.0,0.0,0.0,0.0,0.0,0.0,0.0,0.0,0.0,0.0,0.0,0.0,0.0,0.0,0.0,0.0,0.0,0.0,0.0,0.0,0.0,0.0,0.0,0.0,0.0,0.0,0.0,0.0,0.0,0.0,0.0,0.0,0.0,0.0,0.0,0.0,0.0,0.0,0.0,0.0,0.0,0.0,0.0,0.0,0.0,0.0,0.0,0.0,0.0,0.0,0.0,0.0,0.0,0.0,0.0,0.0,0.0,0.0,0.0,0.0,0.0,0.0,0.0,0.0,0.0,0.0,0.0,0.0,0.0,0.0,0.0,0.0,0.0,0.0,0.0,0.0,0.0,0.0,0.0,0.0,0.0,0.0,0.0,0.0,0.0,0.0,0.0,0.0,0.0,0.0,0.0,0.0,0.0,0.0,0.0,0.0,0.0,0.0,0.0,0.0,0.0,0.0,0.0,0.0,0.0,0.0,0.0,0.0,0.0,0.0,0.0,0.0,0.0,0.0,0.0,0.0,0.0,0.0,0.0,0.0,0.0,0.0,0.0,0.0,0.0,0.0,0.0,0.0,0.0,0.0,0.0,0.0,0.0,0.0,0.0,0.0,0.0,0.0,0.0,0.0,0.0,0.0,0.0,0.0,0.0,0.0,0.0,0.0,0.0,0.0,0.0,0.0,0.0,0.0,0.0,0.0,0.0,0.0,0.0,0.0,0.0,0.0,0.0,0.0,0.0,0.0,0.0,0.0,0.0,0.0,0.0,0.0,0.0,0.0,0.0,0.0,0.0,0.0,0.0,0.0,0.0,0.0,0.0,0.0,0.0,0.0,0.0,0.0,0.0,0.0,0.0,0.0,0.0,0.0,0.0,0.0,0.0,0.0,0.0,0.0,0.0,0.0,0.0,0.0,0.0,0.0,0.0,0.0,0.0,0.0,0.0,0.0,0.0,0.0,0.0,0.0,0.0,0.0,0.0,0.0,0.0,0.0,0.0,0.0,0.0,0.0,0.0,0.0,0.0,0.0,0.0,0.0,0.0,0.0,0.0,0.0,0.0,0.0,0.0,0.0,0.0,0.0,0.0,0.0,0.0,0.0,0.0,0.0,0.0,0.0,0.0,0.0,0.0,0.0,0.0,0.0,0.0,0.0,0.0,0.0,0.0,0.0,0.0,0.0,0.0,0.0,0.0,0.0,0.0,0.0,0.0,0.0,0.0,0.0,0.0,0.0,0.0,0.0,0.0,0.0,0.0,0.0,0.0,0.0,0.0,0.0,0.0,0.0,0.0,0.0,0.0,0.0,0.0,0.0,0.0,0.0,0.0,0.0,0.0,0.0,0.0,0.0,0.0,0.0,0.0,0.0,0.0,0.0,0.0,0.0,0.0,0.0,0.0,0.0,0.0,0.0,0.0,0.0,0.0,0.0,0.0,0.0,0.0,0.0,0.0,0.0,0.0,0.0,0.0,0.0,0.0,0.0,0.0,0.0,0.0,0.0,0.0,0.0,0.0,0.0,0.0,0.0,0.0,0.0,0.0,0.0,0.0,0.0,0.0,0.0,0.0,0.0,0.0,0.0,0.0,0.0,0.0,0.0,0.0,0.0,0.0,0.0,0.0,0.0,0.0,0.0,0.0,0.0,0.0,0.0,0.0,0.0,0.0,0.0,0.0,0.0,0.0,0.0,0.0,0.0,0.0,0.0,0.0,0.0,0.0,0.0,0.0,0.0,0.0,0.0,0.0,0.0,0.0,0.0,0.0,0.0,0.0,0.0,0.0,0.0,0.0,0.0,0.0,0.0,0.0,0.0,0.0,0.0,0.0,0.0,0.0,0.0,0.0,0.0,0.0,0.0,0.026625504254338527,-7.189751087669474e-5,9.865938064684884e-7,1.6078551454723652e-6,1.1744840587831758e-12,0.000762184181071158,0.003994739178113637,1.7197985337334283e-7,-2.9361919836797376e-10,0.00033261752039266896,1.5449521429924243e-6,-3.981242139546671e-7,7.489645827376428e-11,4.112552689645614e-9,-0.0011834051360196736,-9.934984802924073e-6,-1.0368284381896212e-10,8.313097074896773e-9,1.237537521247104e-6,-0.002381050520555605,-2.856182481137323e-7,-2.351339269659212e-10,1.551185463505195e-7,-0.00021082076236622334,0.0004618087838253901,2.693262900036284e-12,7.718746185106872e-11,-5.68708291848685e-9,-1.0324222359608306e-9,-2.786763666582641e-9,3.472208256498921e-10,0.0007172661583157132,-0.00024664426514297785,-2.1701899375628524e-12,-1.7536981291900242e-7,-1.330049868909952e-5
0.0,0.0,0.0,0.0,0.0,0.0,0.0,0.0,0.0,0.0,0.0,0.0,0.0,0.0,0.0,0.0,0.0,0.0,0.0,0.0,0.0,0.0,0.0,0.0,0.0,0.0,0.0,0.0,0.0,0.0,0.0,0.0,0.0,0.0,0.0,0.0,0.0,0.0,0.0,0.0,0.0,0.0,0.0,0.0,0.0,0.0,0.0,0.0,0.0,0.0,0.0,0.0,0.0,0.0,0.0,0.0,0.0,0.0,0.0,0.0,0.0,0.0,0.0,0.0,0.0,0.0,0.0,0.0,0.0,0.0,0.0,0.0,0.0,0.0,0.0,0.0,0.0,0.0,0.0,0.0,0.0,0.0,0.0,0.0,0.0,0.0,0.0,0.0,0.0,0.0,0.0,0.0,0.0,0.0,0.0,0.0,0.0,0.0,0.0,0.0,0.0,0.0,0.0,0.0,0.0,0.0,0.0,0.0,0.0,0.0,0.0,0.0,0.0,0.0,0.0,0.0,0.0,0.0,0.0,0.0,0.0,0.0,0.0,0.0,0.0,0.0,0.0,0.0,0.0,0.0,0.0,0.0,0.0,0.0,0.0,0.0,0.0,0.0,0.0,0.0,0.0,0.0,0.0,0.0,0.0,0.0,0.0,0.0,0.0,0.0,0.0,0.0,0.0,0.0,0.0,0.0,0.0,0.0,0.0,0.0,0.0,0.0,0.0,0.0,0.0,0.0,0.0,0.0,0.0,0.0,0.0,0.0,0.0,0.0,0.0,0.0,0.0,0.0,0.0,0.0,0.0,0.0,0.0,0.0,0.0,0.0,0.0,0.0,0.0,0.0,0.0,0.0,0.0,0.0,0.0,0.0,0.0,0.0,0.0,0.0,0.0,0.0,0.0,0.0,0.0,0.0,0.0,0.0,0.0,0.0,0.0,0.0,0.0,0.0,0.0,0.0,0.0,0.0,0.0,0.0,0.0,0.0,0.0,0.0,0.0,0.0,0.0,0.0,0.0,0.0,0.0,0.0,0.0,0.0,0.0,0.0,0.0,0.0,0.0,0.0,0.0,0.0,0.0,0.0,0.0,0.0,0.0,0.0,0.0,0.0,0.0,0.0,0.0,0.0,0.0,0.0,0.0,0.0,0.0,0.0,0.0,0.0,0.0,0.0,0.0,0.0,0.0,0.0,0.0,0.0,0.0,0.0,0.0,0.0,0.0,0.0,0.0,0.0,0.0,0.0,0.0,0.0,0.0,0.0,0.0,0.0,0.0,0.0,0.0,0.0,0.0,0.0,0.0,0.0,0.0,0.0,0.0,0.0,0.0,0.0,0.0,0.0,0.0,0.0,0.0,0.0,0.0,0.0,0.0,0.0,0.0,0.0,0.0,0.0,0.0,0.0,0.0,0.0,0.0,0.0,0.0,0.0,0.0,0.0,0.0,0.0,0.0,0.0,0.0,0.0,0.0,0.0,0.0,0.0,0.0,0.0,0.0,0.0,0.0,0.0,0.0,0.0,0.0,0.0,0.0,0.0,0.0,0.0,0.0,0.0,0.0,0.0,0.0,0.0,0.0,0.0,0.0,0.0,0.0,0.0,0.0,0.0,0.0,0.0,0.0,0.0,0.0,0.0,0.0,0.0,0.0,0.0,0.0,0.0,0.0,0.0,0.0,0.0,0.0,0.0,0.0,0.0,0.0,0.0,0.0,0.0,0.0,0.0,0.0,0.0,0.0,0.0,0.0,0.0,0.0,0.0,0.0,0.0,0.0,0.0,0.0,0.0,0.0,0.0,0.0,0.0,0.0,0.0,0.0,0.0,0.0,0.0,0.0,0.0,0.0,0.0,0.0,0.0,0.0,0.0,0.0,0.0,0.0,0.0,0.0,0.0,0.0,0.0,0.0,0.0,0.0,0.0,0.0,0.0,0.0,0.0,0.0,0.0,0.0,0.0,0.0,0.0,0.0,0.0,0.0,0.0,0.0,0.0,0.0,0.0,0.0,0.0,0.0,0.0,0.0,0.0,0.0,0.0,0.0,0.0,0.0,0.0,0.0,0.0,0.0,0.0,0.0,0.0,0.0,0.0,0.0,0.0,0.0,0.0,0.0,0.0,0.0,0.0,0.0,0.0,0.0,0.0,0.0,0.0,0.0,0.0,0.0,0.0,0.0,0.0,0.0,0.0,0.0,0.0,0.0,0.0,0.0,0.0,0.0,0.0,0.0,0.0,0.0,0.0,0.0,0.0,0.0,0.0,0.0,0.0,0.0,0.0,0.0,0.0,0.0,0.0,0.0,0.0,0.0,0.0,0.0,0.0,0.0,0.0,0.0,0.0,0.0,0.0,0.0,0.0,0.0,0.0,0.0,0.0,0.0,0.0,0.0,0.0,0.0,0.0,0.0,0.0,0.0,0.0,0.0,0.0,0.0,0.0,0.0,0.0,0.0,0.0,0.0,0.0,0.0,0.0,0.0,0.0,0.0,0.0,0.0,0.0,0.0,0.0,0.0,0.0,0.0,0.0,0.0,0.0,0.0,0.0,0.0,0.0,0.0,0.0,0.0,0.0,0.0,0.0,0.0,0.0,0.0,0.0,0.0,0.0,0.0,0.0,0.0,0.0,0.0,0.0,0.0,0.0,0.0,0.0,0.0,0.0,0.0,0.0,0.0,0.0,0.0,0.0,0.0,0.0,0.0,0.0,0.0,0.0,0.0,0.0,0.0,0.0,0.0,0.0,0.0,0.0,0.0,0.0,0.0,0.0,0.0,0.0,0.0,0.0,0.0,0.0,0.0,0.0,0.0,0.0,0.0,0.0,0.0,0.0,0.0,0.0,0.0,0.0,0.0,0.0,0.0,0.0,0.0,0.0,0.0,0.0,0.0,0.0,0.0,0.0,0.0,0.0,0.0,0.0,0.0,0.0,0.0,0.0,0.0,0.0,0.0,0.0,0.0,0.0,0.0,0.0,0.0,0.0,0.0,0.0,0.0,0.0,0.0,0.0,0.0,0.0,0.0,0.0,0.0,0.0,0.0,0.0,0.0,0.0,0.0,0.0,0.0,0.0,0.0,0.0,0.0,0.0,0.0,0.0,0.0,0.0,0.0,0.0,0.0,0.0,0.0,0.0,0.0,0.0,0.0,0.0,0.0,0.0,0.0,0.0,0.0,0.0,0.0,0.0,0.0,0.0,0.0,0.0,0.0,0.0,0.0,0.0,0.0,0.0,0.0,0.0,0.0,0.0,0.0,0.0,0.0,0.0,0.0,0.0,0.0,0.0,0.0,0.0,0.0,0.0,0.0,0.0,0.0,0.0,0.0,0.0,0.0,0.0,0.0,0.0,0.0,0.0,0.0,0.0,0.0,0.0,0.0,0.0,0.0,0.0,0.0,0.0,0.022951088314322233,1.4976445429321354e-5,-4.128804797758769e-5,-5.357693414425619e-12,0.00012417134116910665,4.590872838329162e-5,1.0070450742104084e-6,-3.5057761607272648e-9,2.5094615776437684e-5,-4.3291215169703055e-5,-6.912544921683911e-6,-9.075338625670483e-8,8.491101857662785e-8,-3.7010095730007163e-6,-5.66444073057765e-7,-3.4253157215243254e-9,2.097892098548168e-7,4.766361735858028e-5,5.323984596127142e-5,2.2120891825328117e-5,-3.6157281685684364e-9,-7.704138191338735e-5,0.005875077531308312,-0.00047786723096527315,-2.4389965051955516e-11,8.384623816942877e-10,-1.626856401687194e-7,9.039688769157967e-9,5.5647129717708824e-8,3.733484571101981e-9,2.6865861834846216e-5,3.3513577538803092e-6,-1.5842342645019624e-11,8.690799633297236e-7,6.921150501192179e-8
0.0,0.0,0.0,0.0,0.0,0.0,0.0,0.0,0.0,0.0,0.0,0.0,0.0,0.0,0.0,0.0,0.0,0.0,0.0,0.0,0.0,0.0,0.0,0.0,0.0,0.0,0.0,0.0,0.0,0.0,0.0,0.0,0.0,0.0,0.0,0.0,0.0,0.0,0.0,0.0,0.0,0.0,0.0,0.0,0.0,0.0,0.0,0.0,0.0,0.0,0.0,0.0,0.0,0.0,0.0,0.0,0.0,0.0,0.0,0.0,0.0,0.0,0.0,0.0,0.0,0.0,0.0,0.0,0.0,0.0,0.0,0.0,0.0,0.0,0.0,0.0,0.0,0.0,0.0,0.0,0.0,0.0,0.0,0.0,0.0,0.0,0.0,0.0,0.0,0.0,0.0,0.0,0.0,0.0,0.0,0.0,0.0,0.0,0.0,0.0,0.0,0.0,0.0,0.0,0.0,0.0,0.0,0.0,0.0,0.0,0.0,0.0,0.0,0.0,0.0,0.0,0.0,0.0,0.0,0.0,0.0,0.0,0.0,0.0,0.0,0.0,0.0,0.0,0.0,0.0,0.0,0.0,0.0,0.0,0.0,0.0,0.0,0.0,0.0,0.0,0.0,0.0,0.0,0.0,0.0,0.0,0.0,0.0,0.0,0.0,0.0,0.0,0.0,0.0,0.0,0.0,0.0,0.0,0.0,0.0,0.0,0.0,0.0,0.0,0.0,0.0,0.0,0.0,0.0,0.0,0.0,0.0,0.0,0.0,0.0,0.0,0.0,0.0,0.0,0.0,0.0,0.0,0.0,0.0,0.0,0.0,0.0,0.0,0.0,0.0,0.0,0.0,0.0,0.0,0.0,0.0,0.0,0.0,0.0,0.0,0.0,0.0,0.0,0.0,0.0,0.0,0.0,0.0,0.0,0.0,0.0,0.0,0.0,0.0,0.0,0.0,0.0,0.0,0.0,0.0,0.0,0.0,0.0,0.0,0.0,0.0,0.0,0.0,0.0,0.0,0.0,0.0,0.0,0.0,0.0,0.0,0.0,0.0,0.0,0.0,0.0,0.0,0.0,0.0,0.0,0.0,0.0,0.0,0.0,0.0,0.0,0.0,0.0,0.0,0.0,0.0,0.0,0.0,0.0,0.0,0.0,0.0,0.0,0.0,0.0,0.0,0.0,0.0,0.0,0.0,0.0,0.0,0.0,0.0,0.0,0.0,0.0,0.0,0.0,0.0,0.0,0.0,0.0,0.0,0.0,0.0,0.0,0.0,0.0,0.0,0.0,0.0,0.0,0.0,0.0,0.0,0.0,0.0,0.0,0.0,0.0,0.0,0.0,0.0,0.0,0.0,0.0,0.0,0.0,0.0,0.0,0.0,0.0,0.0,0.0,0.0,0.0,0.0,0.0,0.0,0.0,0.0,0.0,0.0,0.0,0.0,0.0,0.0,0.0,0.0,0.0,0.0,0.0,0.0,0.0,0.0,0.0,0.0,0.0,0.0,0.0,0.0,0.0,0.0,0.0,0.0,0.0,0.0,0.0,0.0,0.0,0.0,0.0,0.0,0.0,0.0,0.0,0.0,0.0,0.0,0.0,0.0,0.0,0.0,0.0,0.0,0.0,0.0,0.0,0.0,0.0,0.0,0.0,0.0,0.0,0.0,0.0,0.0,0.0,0.0,0.0,0.0,0.0,0.0,0.0,0.0,0.0,0.0,0.0,0.0,0.0,0.0,0.0,0.0,0.0,0.0,0.0,0.0,0.0,0.0,0.0,0.0,0.0,0.0,0.0,0.0,0.0,0.0,0.0,0.0,0.0,0.0,0.0,0.0,0.0,0.0,0.0,0.0,0.0,0.0,0.0,0.0,0.0,0.0,0.0,0.0,0.0,0.0,0.0,0.0,0.0,0.0,0.0,0.0,0.0,0.0,0.0,0.0,0.0,0.0,0.0,0.0,0.0,0.0,0.0,0.0,0.0,0.0,0.0,0.0,0.0,0.0,0.0,0.0,0.0,0.0,0.0,0.0,0.0,0.0,0.0,0.0,0.0,0.0,0.0,0.0,0.0,0.0,0.0,0.0,0.0,0.0,0.0,0.0,0.0,0.0,0.0,0.0,0.0,0.0,0.0,0.0,0.0,0.0,0.0,0.0,0.0,0.0,0.0,0.0,0.0,0.0,0.0,0.0,0.0,0.0,0.0,0.0,0.0,0.0,0.0,0.0,0.0,0.0,0.0,0.0,0.0,0.0,0.0,0.0,0.0,0.0,0.0,0.0,0.0,0.0,0.0,0.0,0.0,0.0,0.0,0.0,0.0,0.0,0.0,0.0,0.0,0.0,0.0,0.0,0.0,0.0,0.0,0.0,0.0,0.0,0.0,0.0,0.0,0.0,0.0,0.0,0.0,0.0,0.0,0.0,0.0,0.0,0.0,0.0,0.0,0.0,0.0,0.0,0.0,0.0,0.0,0.0,0.0,0.0,0.0,0.0,0.0,0.0,0.0,0.0,0.0,0.0,0.0,0.0,0.0,0.0,0.0,0.0,0.0,0.0,0.0,0.0,0.0,0.0,0.0,0.0,0.0,0.0,0.0,0.0,0.0,0.0,0.0,0.0,0.0,0.0,0.0,0.0,0.0,0.0,0.0,0.0,0.0,0.0,0.0,0.0,0.0,0.0,0.0,0.0,0.0,0.0,0.0,0.0,0.0,0.0,0.0,0.0,0.0,0.0,0.0,0.0,0.0,0.0,0.0,0.0,0.0,0.0,0.0,0.0,0.0,0.0,0.0,0.0,0.0,0.0,0.0,0.0,0.0,0.0,0.0,0.0,0.0,0.0,0.0,0.0,0.0,0.0,0.0,0.0,0.0,0.0,0.0,0.0,0.0,0.0,0.0,0.0,0.0,0.0,0.0,0.0,0.0,0.0,0.0,0.0,0.0,0.0,0.0,0.0,0.0,0.0,0.0,0.0,0.0,0.0,0.0,0.0,0.0,0.0,0.0,0.0,0.0,0.0,0.0,0.0,0.0,0.0,0.0,0.0,0.0,0.0,0.0,0.0,0.0,0.0,0.0,0.0,0.0,0.0,0.0,0.0,0.0,0.0,0.0,0.0,0.0,0.0,0.0,0.0,0.0,0.0,0.0,0.0,0.0,0.0,0.0,0.0,0.0,0.0,0.0,0.0,0.0,0.0,0.0,0.0,0.0,0.0,0.0,0.0,0.0,0.0,0.0,0.0,0.0,0.0,0.0,0.0,0.0,0.0,0.0,0.0,0.0,0.0,0.0,0.0,0.0,0.0,0.0,0.0,0.0,0.0,0.0,0.0,0.0,0.0,0.0,0.0,0.0,0.0,0.0,0.0,0.0,0.0,0.0,0.0,0.0,0.0,0.0,0.01875893910733608,0.0007065839734023581,1.5195884021206924e-9,-3.5934579135782196e-5,-1.777293157128965e-7,0.00027687990845958404,-5.66017450319886e-7,-9.536160346822496e-7,-0.00208143792331348,-0.0009904730132208018,3.491320987896993e-7,7.8551391095224e-6,2.6239317636356003e-7,2.2035739928900117e-8,-6.496216685726808e-7,9.384822228847562e-6,0.001420117008336341,-8.90909070188809e-6,-0.0008036081932857589,-3.6263458043053023e-7,0.00012514469031571103,1.4245941783584471e-5,-8.493606075193511e-5,4.7259741383232005e-9,9.477361590098771e-8,-1.5127438040293717e-6,-1.2575673999438378e-6,-4.052274752416007e-6,2.5452694160462485e-8,-9.688050759675747e-7,-8.53438077976447e-7,-3.6434367760453025e-9,-7.702985716427655e-5,-5.653891684168284e-9
0.0,0.0,0.0,0.0,0.0,0.0,0.0,0.0,0.0,0.0,0.0,0.0,0.0,0.0,0.0,0.0,0.0,0.0,0.0,0.0,0.0,0.0,0.0,0.0,0.0,0.0,0.0,0.0,0.0,0.0,0.0,0.0,0.0,0.0,0.0,0.0,0.0,0.0,0.0,0.0,0.0,0.0,0.0,0.0,0.0,0.0,0.0,0.0,0.0,0.0,0.0,0.0,0.0,0.0,0.0,0.0,0.0,0.0,0.0,0.0,0.0,0.0,0.0,0.0,0.0,0.0,0.0,0.0,0.0,0.0,0.0,0.0,0.0,0.0,0.0,0.0,0.0,0.0,0.0,0.0,0.0,0.0,0.0,0.0,0.0,0.0,0.0,0.0,0.0,0.0,0.0,0.0,0.0,0.0,0.0,0.0,0.0,0.0,0.0,0.0,0.0,0.0,0.0,0.0,0.0,0.0,0.0,0.0,0.0,0.0,0.0,0.0,0.0,0.0,0.0,0.0,0.0,0.0,0.0,0.0,0.0,0.0,0.0,0.0,0.0,0.0,0.0,0.0,0.0,0.0,0.0,0.0,0.0,0.0,0.0,0.0,0.0,0.0,0.0,0.0,0.0,0.0,0.0,0.0,0.0,0.0,0.0,0.0,0.0,0.0,0.0,0.0,0.0,0.0,0.0,0.0,0.0,0.0,0.0,0.0,0.0,0.0,0.0,0.0,0.0,0.0,0.0,0.0,0.0,0.0,0.0,0.0,0.0,0.0,0.0,0.0,0.0,0.0,0.0,0.0,0.0,0.0,0.0,0.0,0.0,0.0,0.0,0.0,0.0,0.0,0.0,0.0,0.0,0.0,0.0,0.0,0.0,0.0,0.0,0.0,0.0,0.0,0.0,0.0,0.0,0.0,0.0,0.0,0.0,0.0,0.0,0.0,0.0,0.0,0.0,0.0,0.0,0.0,0.0,0.0,0.0,0.0,0.0,0.0,0.0,0.0,0.0,0.0,0.0,0.0,0.0,0.0,0.0,0.0,0.0,0.0,0.0,0.0,0.0,0.0,0.0,0.0,0.0,0.0,0.0,0.0,0.0,0.0,0.0,0.0,0.0,0.0,0.0,0.0,0.0,0.0,0.0,0.0,0.0,0.0,0.0,0.0,0.0,0.0,0.0,0.0,0.0,0.0,0.0,0.0,0.0,0.0,0.0,0.0,0.0,0.0,0.0,0.0,0.0,0.0,0.0,0.0,0.0,0.0,0.0,0.0,0.0,0.0,0.0,0.0,0.0,0.0,0.0,0.0,0.0,0.0,0.0,0.0,0.0,0.0,0.0,0.0,0.0,0.0,0.0,0.0,0.0,0.0,0.0,0.0,0.0,0.0,0.0,0.0,0.0,0.0,0.0,0.0,0.0,0.0,0.0,0.0,0.0,0.0,0.0,0.0,0.0,0.0,0.0,0.0,0.0,0.0,0.0,0.0,0.0,0.0,0.0,0.0,0.0,0.0,0.0,0.0,0.0,0.0,0.0,0.0,0.0,0.0,0.0,0.0,0.0,0.0,0.0,0.0,0.0,0.0,0.0,0.0,0.0,0.0,0.0,0.0,0.0,0.0,0.0,0.0,0.0,0.0,0.0,0.0,0.0,0.0,0.0,0.0,0.0,0.0,0.0,0.0,0.0,0.0,0.0,0.0,0.0,0.0,0.0,0.0,0.0,0.0,0.0,0.0,0.0,0.0,0.0,0.0,0.0,0.0,0.0,0.0,0.0,0.0,0.0,0.0,0.0,0.0,0.0,0.0,0.0,0.0,0.0,0.0,0.0,0.0,0.0,0.0,0.0,0.0,0.0,0.0,0.0,0.0,0.0,0.0,0.0,0.0,0.0,0.0,0.0,0.0,0.0,0.0,0.0,0.0,0.0,0.0,0.0,0.0,0.0,0.0,0.0,0.0,0.0,0.0,0.0,0.0,0.0,0.0,0.0,0.0,0.0,0.0,0.0,0.0,0.0,0.0,0.0,0.0,0.0,0.0,0.0,0.0,0.0,0.0,0.0,0.0,0.0,0.0,0.0,0.0,0.0,0.0,0.0,0.0,0.0,0.0,0.0,0.0,0.0,0.0,0.0,0.0,0.0,0.0,0.0,0.0,0.0,0.0,0.0,0.0,0.0,0.0,0.0,0.0,0.0,0.0,0.0,0.0,0.0,0.0,0.0,0.0,0.0,0.0,0.0,0.0,0.0,0.0,0.0,0.0,0.0,0.0,0.0,0.0,0.0,0.0,0.0,0.0,0.0,0.0,0.0,0.0,0.0,0.0,0.0,0.0,0.0,0.0,0.0,0.0,0.0,0.0,0.0,0.0,0.0,0.0,0.0,0.0,0.0,0.0,0.0,0.0,0.0,0.0,0.0,0.0,0.0,0.0,0.0,0.0,0.0,0.0,0.0,0.0,0.0,0.0,0.0,0.0,0.0,0.0,0.0,0.0,0.0,0.0,0.0,0.0,0.0,0.0,0.0,0.0,0.0,0.0,0.0,0.0,0.0,0.0,0.0,0.0,0.0,0.0,0.0,0.0,0.0,0.0,0.0,0.0,0.0,0.0,0.0,0.0,0.0,0.0,0.0,0.0,0.0,0.0,0.0,0.0,0.0,0.0,0.0,0.0,0.0,0.0,0.0,0.0,0.0,0.0,0.0,0.0,0.0,0.0,0.0,0.0,0.0,0.0,0.0,0.0,0.0,0.0,0.0,0.0,0.0,0.0,0.0,0.0,0.0,0.0,0.0,0.0,0.0,0.0,0.0,0.0,0.0,0.0,0.0,0.0,0.0,0.0,0.0,0.0,0.0,0.0,0.0,0.0,0.0,0.0,0.0,0.0,0.0,0.0,0.0,0.0,0.0,0.0,0.0,0.0,0.0,0.0,0.0,0.0,0.0,0.0,0.0,0.0,0.0,0.0,0.0,0.0,0.0,0.0,0.0,0.0,0.0,0.0,0.0,0.0,0.0,0.0,0.0,0.0,0.0,0.0,0.0,0.0,0.0,0.0,0.0,0.0,0.0,0.0,0.0,0.0,0.0,0.0,0.0,0.0,0.0,0.0,0.0,0.0,0.0,0.0,0.0,0.0,0.0,0.0,0.0,0.0,0.0,0.0,0.0,0.0,0.0,0.0,0.0,0.0,0.0,0.0,0.0,0.0,0.0,0.0,0.0,0.0,0.0,0.0,0.0,0.0,0.0,0.0,0.0,0.0,0.0,0.0,0.0,0.0,0.0,0.0,0.0,0.0,0.0,0.0,0.0,0.0,0.0,0.0,0.0,0.0,0.0,0.0,0.0,0.0,0.0,0.0,0.0,0.0,0.0,0.0,0.0,0.0,0.0,0.0,0.0,0.0,0.0,0.0,0.015080265095568476,5.53698173325181e-10,1.4350536559760616e-5,-1.1412443622452877e-7,0.00010606700152763266,1.781719234136119e-9,-7.545603018083955e-7,-0.000815423861647038,6.783195660455224e-6,9.543118777264232e-6,-5.928267168547121e-6,1.4479719295998982e-7,2.7189375920716846e-8,4.6157166681320915e-7,-3.6593002531202154e-6,-0.0010955051594631136,-3.21318235742239e-5,0.0014676581872521183,2.9267101525037448e-8,0.0006724505697695396,6.032790839503408e-5,-1.4840106172645105e-5,1.05785886923276e-9,3.412685568407854e-8,4.454846930138319e-6,-3.99916953208199e-7,-8.770288727941635e-6,-1.424354637823036e-6,7.183307433086901e-7,-1.270312150604411e-7,-1.400016723590772e-9,0.0001016925102344282,1.3280345333382033e-8
0.0,0.0,0.0,0.0,0.0,0.0,0.0,0.0,0.0,0.0,0.0,0.0,0.0,0.0,0.0,0.0,0.0,0.0,0.0,0.0,0.0,0.0,0.0,0.0,0.0,0.0,0.0,0.0,0.0,0.0,0.0,0.0,0.0,0.0,0.0,0.0,0.0,0.0,0.0,0.0,0.0,0.0,0.0,0.0,0.0,0.0,0.0,0.0,0.0,0.0,0.0,0.0,0.0,0.0,0.0,0.0,0.0,0.0,0.0,0.0,0.0,0.0,0.0,0.0,0.0,0.0,0.0,0.0,0.0,0.0,0.0,0.0,0.0,0.0,0.0,0.0,0.0,0.0,0.0,0.0,0.0,0.0,0.0,0.0,0.0,0.0,0.0,0.0,0.0,0.0,0.0,0.0,0.0,0.0,0.0,0.0,0.0,0.0,0.0,0.0,0.0,0.0,0.0,0.0,0.0,0.0,0.0,0.0,0.0,0.0,0.0,0.0,0.0,0.0,0.0,0.0,0.0,0.0,0.0,0.0,0.0,0.0,0.0,0.0,0.0,0.0,0.0,0.0,0.0,0.0,0.0,0.0,0.0,0.0,0.0,0.0,0.0,0.0,0.0,0.0,0.0,0.0,0.0,0.0,0.0,0.0,0.0,0.0,0.0,0.0,0.0,0.0,0.0,0.0,0.0,0.0,0.0,0.0,0.0,0.0,0.0,0.0,0.0,0.0,0.0,0.0,0.0,0.0,0.0,0.0,0.0,0.0,0.0,0.0,0.0,0.0,0.0,0.0,0.0,0.0,0.0,0.0,0.0,0.0,0.0,0.0,0.0,0.0,0.0,0.0,0.0,0.0,0.0,0.0,0.0,0.0,0.0,0.0,0.0,0.0,0.0,0.0,0.0,0.0,0.0,0.0,0.0,0.0,0.0,0.0,0.0,0.0,0.0,0.0,0.0,0.0,0.0,0.0,0.0,0.0,0.0,0.0,0.0,0.0,0.0,0.0,0.0,0.0,0.0,0.0,0.0,0.0,0.0,0.0,0.0,0.0,0.0,0.0,0.0,0.0,0.0,0.0,0.0,0.0,0.0,0.0,0.0,0.0,0.0,0.0,0.0,0.0,0.0,0.0,0.0,0.0,0.0,0.0,0.0,0.0,0.0,0.0,0.0,0.0,0.0,0.0,0.0,0.0,0.0,0.0,0.0,0.0,0.0,0.0,0.0,0.0,0.0,0.0,0.0,0.0,0.0,0.0,0.0,0.0,0.0,0.0,0.0,0.0,0.0,0.0,0.0,0.0,0.0,0.0,0.0,0.0,0.0,0.0,0.0,0.0,0.0,0.0,0.0,0.0,0.0,0.0,0.0,0.0,0.0,0.0,0.0,0.0,0.0,0.0,0.0,0.0,0.0,0.0,0.0,0.0,0.0,0.0,0.0,0.0,0.0,0.0,0.0,0.0,0.0,0.0,0.0,0.0,0.0,0.0,0.0,0.0,0.0,0.0,0.0,0.0,0.0,0.0,0.0,0.0,0.0,0.0,0.0,0.0,0.0,0.0,0.0,0.0,0.0,0.0,0.0,0.0,0.0,0.0,0.0,0.0,0.0,0.0,0.0,0.0,0.0,0.0,0.0,0.0,0.0,0.0,0.0,0.0,0.0,0.0,0.0,0.0,0.0,0.0,0.0,0.0,0.0,0.0,0.0,0.0,0.0,0.0,0.0,0.0,0.0,0.0,0.0,0.0,0.0,0.0,0.0,0.0,0.0,0.0,0.0,0.0,0.0,0.0,0.0,0.0,0.0,0.0,0.0,0.0,0.0,0.0,0.0,0.0,0.0,0.0,0.0,0.0,0.0,0.0,0.0,0.0,0.0,0.0,0.0,0.0,0.0,0.0,0.0,0.0,0.0,0.0,0.0,0.0,0.0,0.0,0.0,0.0,0.0,0.0,0.0,0.0,0.0,0.0,0.0,0.0,0.0,0.0,0.0,0.0,0.0,0.0,0.0,0.0,0.0,0.0,0.0,0.0,0.0,0.0,0.0,0.0,0.0,0.0,0.0,0.0,0.0,0.0,0.0,0.0,0.0,0.0,0.0,0.0,0.0,0.0,0.0,0.0,0.0,0.0,0.0,0.0,0.0,0.0,0.0,0.0,0.0,0.0,0.0,0.0,0.0,0.0,0.0,0.0,0.0,0.0,0.0,0.0,0.0,0.0,0.0,0.0,0.0,0.0,0.0,0.0,0.0,0.0,0.0,0.0,0.0,0.0,0.0,0.0,0.0,0.0,0.0,0.0,0.0,0.0,0.0,0.0,0.0,0.0,0.0,0.0,0.0,0.0,0.0,0.0,0.0,0.0,0.0,0.0,0.0,0.0,0.0,0.0,0.0,0.0,0.0,0.0,0.0,0.0,0.0,0.0,0.0,0.0,0.0,0.0,0.0,0.0,0.0,0.0,0.0,0.0,0.0,0.0,0.0,0.0,0.0,0.0,0.0,0.0,0.0,0.0,0.0,0.0,0.0,0.0,0.0,0.0,0.0,0.0,0.0,0.0,0.0,0.0,0.0,0.0,0.0,0.0,0.0,0.0,0.0,0.0,0.0,0.0,0.0,0.0,0.0,0.0,0.0,0.0,0.0,0.0,0.0,0.0,0.0,0.0,0.0,0.0,0.0,0.0,0.0,0.0,0.0,0.0,0.0,0.0,0.0,0.0,0.0,0.0,0.0,0.0,0.0,0.0,0.0,0.0,0.0,0.0,0.0,0.0,0.0,0.0,0.0,0.0,0.0,0.0,0.0,0.0,0.0,0.0,0.0,0.0,0.0,0.0,0.0,0.0,0.0,0.0,0.0,0.0,0.0,0.0,0.0,0.0,0.0,0.0,0.0,0.0,0.0,0.0,0.0,0.0,0.0,0.0,0.0,0.0,0.0,0.0,0.0,0.0,0.0,0.0,0.0,0.0,0.0,0.0,0.0,0.0,0.0,0.0,0.0,0.0,0.0,0.0,0.0,0.0,0.0,0.0,0.0,0.0,0.0,0.0,0.0,0.0,0.0,0.0,0.0,0.0,0.0,0.0,0.0,0.0,0.0,0.0,0.0,0.0,0.0,0.0,0.0,0.0,0.0,0.0,0.0,0.0,0.0,0.0,0.0,0.0,0.0,0.0,0.0,0.0,0.0,0.0,0.0,0.0,0.0,0.0,0.0,0.0,0.0,0.0,0.0,0.0,0.0,0.0,0.0,0.0,0.0,0.0,0.0,0.0,0.0,0.0,0.0,0.0,0.0,0.0,0.0,0.0,0.0,0.0,0.0,0.0,0.0,0.0,0.0,0.0,0.0,0.0,0.0,0.0,0.0,0.0,0.0,0.0,0.0,0.0,0.0,0.0,0.0,0.0,0.0,0.0,0.0,0.017051241801763765,2.8411704063528747e-12,2.097603793906349e-14,-2.7067257849675193e-8,1.092704082160231e-5,1.7959716380471395e-13,-1.2100855662464302e-9,3.129233364158877e-10,3.1502899031784374e-7,1.555856534010621e-6,4.739836715674131e-14,-1.654342532756233e-14,-8.847768338810222e-5,1.4197853024580212e-7,1.4580431340489506e-8,-1.6744903967516715e-12,-1.2120381041600233e-8,-1.695412933917077e-5,-8.34635636225911e-10,1.2759824839371904e-11,2.1543906547369125e-11,0.0026052405351069613,-3.087585931857082e-5,-1.7929495291315015e-6,-7.463009437779894e-6,-9.887661882003755e-9,5.381265382505913e-6,4.490478000105227e-13,4.207876024879878e-14,0.002364662626384912,-1.6224843815797385e-7,3.945863032877382e-15
0.0,0.0,0.0,0.0,0.0,0.0,0.0,0.0,0.0,0.0,0.0,0.0,0.0,0.0,0.0,0.0,0.0,0.0,0.0,0.0,0.0,0.0,0.0,0.0,0.0,0.0,0.0,0.0,0.0,0.0,0.0,0.0,0.0,0.0,0.0,0.0,0.0,0.0,0.0,0.0,0.0,0.0,0.0,0.0,0.0,0.0,0.0,0.0,0.0,0.0,0.0,0.0,0.0,0.0,0.0,0.0,0.0,0.0,0.0,0.0,0.0,0.0,0.0,0.0,0.0,0.0,0.0,0.0,0.0,0.0,0.0,0.0,0.0,0.0,0.0,0.0,0.0,0.0,0.0,0.0,0.0,0.0,0.0,0.0,0.0,0.0,0.0,0.0,0.0,0.0,0.0,0.0,0.0,0.0,0.0,0.0,0.0,0.0,0.0,0.0,0.0,0.0,0.0,0.0,0.0,0.0,0.0,0.0,0.0,0.0,0.0,0.0,0.0,0.0,0.0,0.0,0.0,0.0,0.0,0.0,0.0,0.0,0.0,0.0,0.0,0.0,0.0,0.0,0.0,0.0,0.0,0.0,0.0,0.0,0.0,0.0,0.0,0.0,0.0,0.0,0.0,0.0,0.0,0.0,0.0,0.0,0.0,0.0,0.0,0.0,0.0,0.0,0.0,0.0,0.0,0.0,0.0,0.0,0.0,0.0,0.0,0.0,0.0,0.0,0.0,0.0,0.0,0.0,0.0,0.0,0.0,0.0,0.0,0.0,0.0,0.0,0.0,0.0,0.0,0.0,0.0,0.0,0.0,0.0,0.0,0.0,0.0,0.0,0.0,0.0,0.0,0.0,0.0,0.0,0.0,0.0,0.0,0.0,0.0,0.0,0.0,0.0,0.0,0.0,0.0,0.0,0.0,0.0,0.0,0.0,0.0,0.0,0.0,0.0,0.0,0.0,0.0,0.0,0.0,0.0,0.0,0.0,0.0,0.0,0.0,0.0,0.0,0.0,0.0,0.0,0.0,0.0,0.0,0.0,0.0,0.0,0.0,0.0,0.0,0.0,0.0,0.0,0.0,0.0,0.0,0.0,0.0,0.0,0.0,0.0,0.0,0.0,0.0,0.0,0.0,0.0,0.0,0.0,0.0,0.0,0.0,0.0,0.0,0.0,0.0,0.0,0.0,0.0,0.0,0.0,0.0,0.0,0.0,0.0,0.0,0.0,0.0,0.0,0.0,0.0,0.0,0.0,0.0,0.0,0.0,0.0,0.0,0.0,0.0,0.0,0.0,0.0,0.0,0.0,0.0,0.0,0.0,0.0,0.0,0.0,0.0,0.0,0.0,0.0,0.0,0.0,0.0,0.0,0.0,0.0,0.0,0.0,0.0,0.0,0.0,0.0,0.0,0.0,0.0,0.0,0.0,0.0,0.0,0.0,0.0,0.0,0.0,0.0,0.0,0.0,0.0,0.0,0.0,0.0,0.0,0.0,0.0,0.0,0.0,0.0,0.0,0.0,0.0,0.0,0.0,0.0,0.0,0.0,0.0,0.0,0.0,0.0,0.0,0.0,0.0,0.0,0.0,0.0,0.0,0.0,0.0,0.0,0.0,0.0,0.0,0.0,0.0,0.0,0.0,0.0,0.0,0.0,0.0,0.0,0.0,0.0,0.0,0.0,0.0,0.0,0.0,0.0,0.0,0.0,0.0,0.0,0.0,0.0,0.0,0.0,0.0,0.0,0.0,0.0,0.0,0.0,0.0,0.0,0.0,0.0,0.0,0.0,0.0,0.0,0.0,0.0,0.0,0.0,0.0,0.0,0.0,0.0,0.0,0.0,0.0,0.0,0.0,0.0,0.0,0.0,0.0,0.0,0.0,0.0,0.0,0.0,0.0,0.0,0.0,0.0,0.0,0.0,0.0,0.0,0.0,0.0,0.0,0.0,0.0,0.0,0.0,0.0,0.0,0.0,0.0,0.0,0.0,0.0,0.0,0.0,0.0,0.0,0.0,0.0,0.0,0.0,0.0,0.0,0.0,0.0,0.0,0.0,0.0,0.0,0.0,0.0,0.0,0.0,0.0,0.0,0.0,0.0,0.0,0.0,0.0,0.0,0.0,0.0,0.0,0.0,0.0,0.0,0.0,0.0,0.0,0.0,0.0,0.0,0.0,0.0,0.0,0.0,0.0,0.0,0.0,0.0,0.0,0.0,0.0,0.0,0.0,0.0,0.0,0.0,0.0,0.0,0.0,0.0,0.0,0.0,0.0,0.0,0.0,0.0,0.0,0.0,0.0,0.0,0.0,0.0,0.0,0.0,0.0,0.0,0.0,0.0,0.0,0.0,0.0,0.0,0.0,0.0,0.0,0.0,0.0,0.0,0.0,0.0,0.0,0.0,0.0,0.0,0.0,0.0,0.0,0.0,0.0,0.0,0.0,0.0,0.0,0.0,0.0,0.0,0.0,0.0,0.0,0.0,0.0,0.0,0.0,0.0,0.0,0.0,0.0,0.0,0.0,0.0,0.0,0.0,0.0,0.0,0.0,0.0,0.0,0.0,0.0,0.0,0.0,0.0,0.0,0.0,0.0,0.0,0.0,0.0,0.0,0.0,0.0,0.0,0.0,0.0,0.0,0.0,0.0,0.0,0.0,0.0,0.0,0.0,0.0,0.0,0.0,0.0,0.0,0.0,0.0,0.0,0.0,0.0,0.0,0.0,0.0,0.0,0.0,0.0,0.0,0.0,0.0,0.0,0.0,0.0,0.0,0.0,0.0,0.0,0.0,0.0,0.0,0.0,0.0,0.0,0.0,0.0,0.0,0.0,0.0,0.0,0.0,0.0,0.0,0.0,0.0,0.0,0.0,0.0,0.0,0.0,0.0,0.0,0.0,0.0,0.0,0.0,0.0,0.0,0.0,0.0,0.0,0.0,0.0,0.0,0.0,0.0,0.0,0.0,0.0,0.0,0.0,0.0,0.0,0.0,0.0,0.0,0.0,0.0,0.0,0.0,0.0,0.0,0.0,0.0,0.0,0.0,0.0,0.0,0.0,0.0,0.0,0.0,0.0,0.0,0.0,0.0,0.0,0.0,0.0,0.0,0.0,0.0,0.0,0.0,0.0,0.0,0.0,0.0,0.0,0.0,0.0,0.0,0.0,0.0,0.0,0.0,0.0,0.0,0.0,0.0,0.0,0.0,0.0,0.0,0.0,0.0,0.0,0.0,0.0,0.0,0.0,0.0,0.0,0.0,0.0,0.0,0.0,0.0,0.0,0.0,0.0,0.0,0.0,0.0,0.0,0.0,0.0,0.0,0.0,0.0,0.0,0.0,0.0,0.0,0.0,0.0,0.0,0.0,0.0,0.0,0.0,0.0,0.0,0.0,0.0,0.0,0.0,0.0,0.0,0.0,0.019675273704896627,0.00010480823751952074,3.236536206242086e-7,-6.797341979409305e-10,-0.00026834199250789137,2.042601796885658e-5,-7.543192917710719e-6,-7.126632868260692e-9,3.370141818382664e-8,-8.482970673568309e-5,3.686956331634922e-5,-1.323166726617275e-9,-2.2042509058223943e-8,1.1656203440043057e-5,-0.003242707816897676,-1.4663198260559181e-6,-7.772677706142253e-10,-1.8963135291902926e-5,0.0008082972961611633,0.000731652940863425,-4.911458630497653e-12,-4.316024549163843e-10,-1.064084402968887e-8,-7.823094352171209e-10,1.76155639026084e-8,1.42727499041799e-8,0.00010460377913184636,-2.490668121490428e-5,-1.0320552989471595e-12,2.9901494995611606e-7,2.6711676276425142e-6
0.0,0.0,0.0,0.0,0.0,0.0,0.0,0.0,0.0,0.0,0.0,0.0,0.0,0.0,0.0,0.0,0.0,0.0,0.0,0.0,0.0,0.0,0.0,0.0,0.0,0.0,0.0,0.0,0.0,0.0,0.0,0.0,0.0,0.0,0.0,0.0,0.0,0.0,0.0,0.0,0.0,0.0,0.0,0.0,0.0,0.0,0.0,0.0,0.0,0.0,0.0,0.0,0.0,0.0,0.0,0.0,0.0,0.0,0.0,0.0,0.0,0.0,0.0,0.0,0.0,0.0,0.0,0.0,0.0,0.0,0.0,0.0,0.0,0.0,0.0,0.0,0.0,0.0,0.0,0.0,0.0,0.0,0.0,0.0,0.0,0.0,0.0,0.0,0.0,0.0,0.0,0.0,0.0,0.0,0.0,0.0,0.0,0.0,0.0,0.0,0.0,0.0,0.0,0.0,0.0,0.0,0.0,0.0,0.0,0.0,0.0,0.0,0.0,0.0,0.0,0.0,0.0,0.0,0.0,0.0,0.0,0.0,0.0,0.0,0.0,0.0,0.0,0.0,0.0,0.0,0.0,0.0,0.0,0.0,0.0,0.0,0.0,0.0,0.0,0.0,0.0,0.0,0.0,0.0,0.0,0.0,0.0,0.0,0.0,0.0,0.0,0.0,0.0,0.0,0.0,0.0,0.0,0.0,0.0,0.0,0.0,0.0,0.0,0.0,0.0,0.0,0.0,0.0,0.0,0.0,0.0,0.0,0.0,0.0,0.0,0.0,0.0,0.0,0.0,0.0,0.0,0.0,0.0,0.0,0.0,0.0,0.0,0.0,0.0,0.0,0.0,0.0,0.0,0.0,0.0,0.0,0.0,0.0,0.0,0.0,0.0,0.0,0.0,0.0,0.0,0.0,0.0,0.0,0.0,0.0,0.0,0.0,0.0,0.0,0.0,0.0,0.0,0.0,0.0,0.0,0.0,0.0,0.0,0.0,0.0,0.0,0.0,0.0,0.0,0.0,0.0,0.0,0.0,0.0,0.0,0.0,0.0,0.0,0.0,0.0,0.0,0.0,0.0,0.0,0.0,0.0,0.0,0.0,0.0,0.0,0.0,0.0,0.0,0.0,0.0,0.0,0.0,0.0,0.0,0.0,0.0,0.0,0.0,0.0,0.0,0.0,0.0,0.0,0.0,0.0,0.0,0.0,0.0,0.0,0.0,0.0,0.0,0.0,0.0,0.0,0.0,0.0,0.0,0.0,0.0,0.0,0.0,0.0,0.0,0.0,0.0,0.0,0.0,0.0,0.0,0.0,0.0,0.0,0.0,0.0,0.0,0.0,0.0,0.0,0.0,0.0,0.0,0.0,0.0,0.0,0.0,0.0,0.0,0.0,0.0,0.0,0.0,0.0,0.0,0.0,0.0,0.0,0.0,0.0,0.0,0.0,0.0,0.0,0.0,0.0,0.0,0.0,0.0,0.0,0.0,0.0,0.0,0.0,0.0,0.0,0.0,0.0,0.0,0.0,0.0,0.0,0.0,0.0,0.0,0.0,0.0,0.0,0.0,0.0,0.0,0.0,0.0,0.0,0.0,0.0,0.0,0.0,0.0,0.0,0.0,0.0,0.0,0.0,0.0,0.0,0.0,0.0,0.0,0.0,0.0,0.0,0.0,0.0,0.0,0.0,0.0,0.0,0.0,0.0,0.0,0.0,0.0,0.0,0.0,0.0,0.0,0.0,0.0,0.0,0.0,0.0,0.0,0.0,0.0,0.0,0.0,0.0,0.0,0.0,0.0,0.0,0.0,0.0,0.0,0.0,0.0,0.0,0.0,0.0,0.0,0.0,0.0,0.0,0.0,0.0,0.0,0.0,0.0,0.0,0.0,0.0,0.0,0.0,0.0,0.0,0.0,0.0,0.0,0.0,0.0,0.0,0.0,0.0,0.0,0.0,0.0,0.0,0.0,0.0,0.0,0.0,0.0,0.0,0.0,0.0,0.0,0.0,0.0,0.0,0.0,0.0,0.0,0.0,0.0,0.0,0.0,0.0,0.0,0.0,0.0,0.0,0.0,0.0,0.0,0.0,0.0,0.0,0.0,0.0,0.0,0.0,0.0,0.0,0.0,0.0,0.0,0.0,0.0,0.0,0.0,0.0,0.0,0.0,0.0,0.0,0.0,0.0,0.0,0.0,0.0,0.0,0.0,0.0,0.0,0.0,0.0,0.0,0.0,0.0,0.0,0.0,0.0,0.0,0.0,0.0,0.0,0.0,0.0,0.0,0.0,0.0,0.0,0.0,0.0,0.0,0.0,0.0,0.0,0.0,0.0,0.0,0.0,0.0,0.0,0.0,0.0,0.0,0.0,0.0,0.0,0.0,0.0,0.0,0.0,0.0,0.0,0.0,0.0,0.0,0.0,0.0,0.0,0.0,0.0,0.0,0.0,0.0,0.0,0.0,0.0,0.0,0.0,0.0,0.0,0.0,0.0,0.0,0.0,0.0,0.0,0.0,0.0,0.0,0.0,0.0,0.0,0.0,0.0,0.0,0.0,0.0,0.0,0.0,0.0,0.0,0.0,0.0,0.0,0.0,0.0,0.0,0.0,0.0,0.0,0.0,0.0,0.0,0.0,0.0,0.0,0.0,0.0,0.0,0.0,0.0,0.0,0.0,0.0,0.0,0.0,0.0,0.0,0.0,0.0,0.0,0.0,0.0,0.0,0.0,0.0,0.0,0.0,0.0,0.0,0.0,0.0,0.0,0.0,0.0,0.0,0.0,0.0,0.0,0.0,0.0,0.0,0.0,0.0,0.0,0.0,0.0,0.0,0.0,0.0,0.0,0.0,0.0,0.0,0.0,0.0,0.0,0.0,0.0,0.0,0.0,0.0,0.0,0.0,0.0,0.0,0.0,0.0,0.0,0.0,0.0,0.0,0.0,0.0,0.0,0.0,0.0,0.0,0.0,0.0,0.0,0.0,0.0,0.0,0.0,0.0,0.0,0.0,0.0,0.0,0.0,0.0,0.0,0.0,0.0,0.0,0.0,0.0,0.0,0.0,0.0,0.0,0.0,0.0,0.0,0.0,0.0,0.0,0.0,0.0,0.0,0.0,0.0,0.0,0.0,0.0,0.0,0.0,0.0,0.0,0.0,0.0,0.0,0.0,0.0,0.0,0.0,0.0,0.0,0.0,0.0,0.0,0.0,0.0,0.0,0.0,0.0,0.0,0.0,0.0,0.0,0.0,0.0,0.0,0.0,0.0,0.0,0.0,0.0,0.0,0.0,0.0,0.0,0.0,0.0,0.0,0.0,0.0,0.0,0.0,0.0,0.0,0.0,0.0,0.0,0.0,0.0,0.0,0.0,0.0,0.0,0.0,0.0,0.0,0.0,0.0,0.0,0.0,0.0,0.0,0.022171100089056983,-5.500007443949802e-8,9.558668960663984e-11,0.0018110696848502952,3.70992834498532e-8,2.333790024318101e-7,9.196939432927977e-10,-2.3606419369241605e-9,0.0016722557162653037,0.0002248489052848303,1.1120403920015325e-10,-1.659708383002971e-9,-2.545614292225705e-7,0.00020032405335142404,1.2403452921929823e-7,1.0622905326093456e-10,1.928704340777977e-7,-7.385839834133578e-6,-0.00019600165817460708,-4.977374273621227e-13,7.915996640679464e-12,2.890263441084388e-9,2.138633062322658e-10,-2.294489799828208e-9,4.026640646158886e-10,0.0028609608419727737,-0.001349760438742693,1.2565098331581743e-13,2.548851456310011e-8,-2.3638727527305997e-5
0.0,0.0,0.0,0.0,0.0,0.0,0.0,0.0,0.0,0.0,0.0,0.0,0.0,0.0,0.0,0.0,0.0,0.0,0.0,0.0,0.0,0.0,0.0,0.0,0.0,0.0,0.0,0.0,0.0,0.0,0.0,0.0,0.0,0.0,0.0,0.0,0.0,0.0,0.0,0.0,0.0,0.0,0.0,0.0,0.0,0.0,0.0,0.0,0.0,0.0,0.0,0.0,0.0,0.0,0.0,0.0,0.0,0.0,0.0,0.0,0.0,0.0,0.0,0.0,0.0,0.0,0.0,0.0,0.0,0.0,0.0,0.0,0.0,0.0,0.0,0.0,0.0,0.0,0.0,0.0,0.0,0.0,0.0,0.0,0.0,0.0,0.0,0.0,0.0,0.0,0.0,0.0,0.0,0.0,0.0,0.0,0.0,0.0,0.0,0.0,0.0,0.0,0.0,0.0,0.0,0.0,0.0,0.0,0.0,0.0,0.0,0.0,0.0,0.0,0.0,0.0,0.0,0.0,0.0,0.0,0.0,0.0,0.0,0.0,0.0,0.0,0.0,0.0,0.0,0.0,0.0,0.0,0.0,0.0,0.0,0.0,0.0,0.0,0.0,0.0,0.0,0.0,0.0,0.0,0.0,0.0,0.0,0.0,0.0,0.0,0.0,0.0,0.0,0.0,0.0,0.0,0.0,0.0,0.0,0.0,0.0,0.0,0.0,0.0,0.0,0.0,0.0,0.0,0.0,0.0,0.0,0.0,0.0,0.0,0.0,0.0,0.0,0.0,0.0,0.0,0.0,0.0,0.0,0.0,0.0,0.0,0.0,0.0,0.0,0.0,0.0,0.0,0.0,0.0,0.0,0.0,0.0,0.0,0.0,0.0,0.0,0.0,0.0,0.0,0.0,0.0,0.0,0.0,0.0,0.0,0.0,0.0,0.0,0.0,0.0,0.0,0.0,0.0,0.0,0.0,0.0,0.0,0.0,0.0,0.0,0.0,0.0,0.0,0.0,0.0,0.0,0.0,0.0,0.0,0.0,0.0,0.0,0.0,0.0,0.0,0.0,0.0,0.0,0.0,0.0,0.0,0.0,0.0,0.0,0.0,0.0,0.0,0.0,0.0,0.0,0.0,0.0,0.0,0.0,0.0,0.0,0.0,0.0,0.0,0.0,0.0,0.0,0.0,0.0,0.0,0.0,0.0,0.0,0.0,0.0,0.0,0.0,0.0,0.0,0.0,0.0,0.0,0.0,0.0,0.0,0.0,0.0,0.0,0.0,0.0,0.0,0.0,0.0,0.0,0.0,0.0,0.0,0.0,0.0,0.0,0.0,0.0,0.0,0.0,0.0,0.0,0.0,0.0,0.0,0.0,0.0,0.0,0.0,0.0,0.0,0.0,0.0,0.0,0.0,0.0,0.0,0.0,0.0,0.0,0.0,0.0,0.0,0.0,0.0,0.0,0.0,0.0,0.0,0.0,0.0,0.0,0.0,0.0,0.0,0.0,0.0,0.0,0.0,0.0,0.0,0.0,0.0,0.0,0.0,0.0,0.0,0.0,0.0,0.0,0.0,0.0,0.0,0.0,0.0,0.0,0.0,0.0,0.0,0.0,0.0,0.0,0.0,0.0,0.0,0.0,0.0,0.0,0.0,0.0,0.0,0.0,0.0,0.0,0.0,0.0,0.0,0.0,0.0,0.0,0.0,0.0,0.0,0.0,0.0,0.0,0.0,0.0,0.0,0.0,0.0,0.0,0.0,0.0,0.0,0.0,0.0,0.0,0.0,0.0,0.0,0.0,0.0,0.0,0.0,0.0,0.0,0.0,0.0,0.0,0.0,0.0,0.0,0.0,0.0,0.0,0.0,0.0,0.0,0.0,0.0,0.0,0.0,0.0,0.0,0.0,0.0,0.0,0.0,0.0,0.0,0.0,0.0,0.0,0.0,0.0,0.0,0.0,0.0,0.0,0.0,0.0,0.0,0.0,0.0,0.0,0.0,0.0,0.0,0.0,0.0,0.0,0.0,0.0,0.0,0.0,0.0,0.0,0.0,0.0,0.0,0.0,0.0,0.0,0.0,0.0,0.0,0.0,0.0,0.0,0.0,0.0,0.0,0.0,0.0,0.0,0.0,0.0,0.0,0.0,0.0,0.0,0.0,0.0,0.0,0.0,0.0,0.0,0.0,0.0,0.0,0.0,0.0,0.0,0.0,0.0,0.0,0.0,0.0,0.0,0.0,0.0,0.0,0.0,0.0,0.0,0.0,0.0,0.0,0.0,0.0,0.0,0.0,0.0,0.0,0.0,0.0,0.0,0.0,0.0,0.0,0.0,0.0,0.0,0.0,0.0,0.0,0.0,0.0,0.0,0.0,0.0,0.0,0.0,0.0,0.0,0.0,0.0,0.0,0.0,0.0,0.0,0.0,0.0,0.0,0.0,0.0,0.0,0.0,0.0,0.0,0.0,0.0,0.0,0.0,0.0,0.0,0.0,0.0,0.0,0.0,0.0,0.0,0.0,0.0,0.0,0.0,0.0,0.0,0.0,0.0,0.0,0.0,0.0,0.0,0.0,0.0,0.0,0.0,0.0,0.0,0.0,0.0,0.0,0.0,0.0,0.0,0.0,0.0,0.0,0.0,0.0,0.0,0.0,0.0,0.0,0.0,0.0,0.0,0.0,0.0,0.0,0.0,0.0,0.0,0.0,0.0,0.0,0.0,0.0,0.0,0.0,0.0,0.0,0.0,0.0,0.0,0.0,0.0,0.0,0.0,0.0,0.0,0.0,0.0,0.0,0.0,0.0,0.0,0.0,0.0,0.0,0.0,0.0,0.0,0.0,0.0,0.0,0.0,0.0,0.0,0.0,0.0,0.0,0.0,0.0,0.0,0.0,0.0,0.0,0.0,0.0,0.0,0.0,0.0,0.0,0.0,0.0,0.0,0.0,0.0,0.0,0.0,0.0,0.0,0.0,0.0,0.0,0.0,0.0,0.0,0.0,0.0,0.0,0.0,0.0,0.0,0.0,0.0,0.0,0.0,0.0,0.0,0.0,0.0,0.0,0.0,0.0,0.0,0.0,0.0,0.0,0.0,0.0,0.0,0.0,0.0,0.0,0.0,0.0,0.0,0.0,0.0,0.0,0.0,0.0,0.0,0.0,0.0,0.0,0.0,0.0,0.0,0.0,0.0,0.0,0.0,0.0,0.0,0.0,0.0,0.0,0.0,0.0,0.0,0.0,0.0,0.0,0.0,0.0,0.0,0.0,0.0,0.0,0.0,0.0,0.0,0.0,0.0,0.0,0.0,0.0,0.0,0.0,0.0,0.0,0.0,0.0,0.0,0.0,0.0,0.0,0.0,0.0,0.0,0.0,0.0,0.0,0.0,0.0,0.0,0.0,0.0,0.0,0.0,0.0,0.021585119239446303,-6.440102143427608e-6,-7.39009755472302e-9,0.00021484135567238804,-0.00010046815666299714,6.782711443497052e-5,0.00017955554943178243,-1.3918013344991458e-9,8.736481707345836e-10,-1.5223182244059106e-5,-0.00025540536890909717,0.0007028541467133868,-4.080507119910871e-7,0.0015267009198513379,-5.624505393378508e-6,0.0005212092005104872,4.5696557532366206e-8,2.5452948322752564e-6,-1.1204431748906465e-7,7.97547910850147e-7,6.256302658673442e-5,1.9138793905219728e-5,-7.373618127891107e-5,-2.377773067885281e-5,-2.7583477326872624e-8,-3.904195655606441e-9,-6.740492742835338e-8,-0.0011595045830775125,-1.4975544710069437e-10
0.0,0.0,0.0,0.0,0.0,0.0,0.0,0.0,0.0,0.0,0.0,0.0,0.0,0.0,0.0,0.0,0.0,0.0,0.0,0.0,0.0,0.0,0.0,0.0,0.0,0.0,0.0,0.0,0.0,0.0,0.0,0.0,0.0,0.0,0.0,0.0,0.0,0.0,0.0,0.0,0.0,0.0,0.0,0.0,0.0,0.0,0.0,0.0,0.0,0.0,0.0,0.0,0.0,0.0,0.0,0.0,0.0,0.0,0.0,0.0,0.0,0.0,0.0,0.0,0.0,0.0,0.0,0.0,0.0,0.0,0.0,0.0,0.0,0.0,0.0,0.0,0.0,0.0,0.0,0.0,0.0,0.0,0.0,0.0,0.0,0.0,0.0,0.0,0.0,0.0,0.0,0.0,0.0,0.0,0.0,0.0,0.0,0.0,0.0,0.0,0.0,0.0,0.0,0.0,0.0,0.0,0.0,0.0,0.0,0.0,0.0,0.0,0.0,0.0,0.0,0.0,0.0,0.0,0.0,0.0,0.0,0.0,0.0,0.0,0.0,0.0,0.0,0.0,0.0,0.0,0.0,0.0,0.0,0.0,0.0,0.0,0.0,0.0,0.0,0.0,0.0,0.0,0.0,0.0,0.0,0.0,0.0,0.0,0.0,0.0,0.0,0.0,0.0,0.0,0.0,0.0,0.0,0.0,0.0,0.0,0.0,0.0,0.0,0.0,0.0,0.0,0.0,0.0,0.0,0.0,0.0,0.0,0.0,0.0,0.0,0.0,0.0,0.0,0.0,0.0,0.0,0.0,0.0,0.0,0.0,0.0,0.0,0.0,0.0,0.0,0.0,0.0,0.0,0.0,0.0,0.0,0.0,0.0,0.0,0.0,0.0,0.0,0.0,0.0,0.0,0.0,0.0,0.0,0.0,0.0,0.0,0.0,0.0,0.0,0.0,0.0,0.0,0.0,0.0,0.0,0.0,0.0,0.0,0.0,0.0,0.0,0.0,0.0,0.0,0.0,0.0,0.0,0.0,0.0,0.0,0.0,0.0,0.0,0.0,0.0,0.0,0.0,0.0,0.0,0.0,0.0,0.0,0.0,0.0,0.0,0.0,0.0,0.0,0.0,0.0,0.0,0.0,0.0,0.0,0.0,0.0,0.0,0.0,0.0,0.0,0.0,0.0,0.0,0.0,0.0,0.0,0.0,0.0,0.0,0.0,0.0,0.0,0.0,0.0,0.0,0.0,0.0,0.0,0.0,0.0,0.0,0.0,0.0,0.0,0.0,0.0,0.0,0.0,0.0,0.0,0.0,0.0,0.0,0.0,0.0,0.0,0.0,0.0,0.0,0.0,0.0,0.0,0.0,0.0,0.0,0.0,0.0,0.0,0.0,0.0,0.0,0.0,0.0,0.0,0.0,0.0,0.0,0.0,0.0,0.0,0.0,0.0,0.0,0.0,0.0,0.0,0.0,0.0,0.0,0.0,0.0,0.0,0.0,0.0,0.0,0.0,0.0,0.0,0.0,0.0,0.0,0.0,0.0,0.0,0.0,0.0,0.0,0.0,0.0,0.0,0.0,0.0,0.0,0.0,0.0,0.0,0.0,0.0,0.0,0.0,0.0,0.0,0.0,0.0,0.0,0.0,0.0,0.0,0.0,0.0,0.0,0.0,0.0,0.0,0.0,0.0,0.0,0.0,0.0,0.0,0.0,0.0,0.0,0.0,0.0,0.0,0.0,0.0,0.0,0.0,0.0,0.0,0.0,0.0,0.0,0.0,0.0,0.0,0.0,0.0,0.0,0.0,0.0,0.0,0.0,0.0,0.0,0.0,0.0,0.0,0.0,0.0,0.0,0.0,0.0,0.0,0.0,0.0,0.0,0.0,0.0,0.0,0.0,0.0,0.0,0.0,0.0,0.0,0.0,0.0,0.0,0.0,0.0,0.0,0.0,0.0,0.0,0.0,0.0,0.0,0.0,0.0,0.0,0.0,0.0,0.0,0.0,0.0,0.0,0.0,0.0,0.0,0.0,0.0,0.0,0.0,0.0,0.0,0.0,0.0,0.0,0.0,0.0,0.0,0.0,0.0,0.0,0.0,0.0,0.0,0.0,0.0,0.0,0.0,0.0,0.0,0.0,0.0,0.0,0.0,0.0,0.0,0.0,0.0,0.0,0.0,0.0,0.0,0.0,0.0,0.0,0.0,0.0,0.0,0.0,0.0,0.0,0.0,0.0,0.0,0.0,0.0,0.0,0.0,0.0,0.0,0.0,0.0,0.0,0.0,0.0,0.0,0.0,0.0,0.0,0.0,0.0,0.0,0.0,0.0,0.0,0.0,0.0,0.0,0.0,0.0,0.0,0.0,0.0,0.0,0.0,0.0,0.0,0.0,0.0,0.0,0.0,0.0,0.0,0.0,0.0,0.0,0.0,0.0,0.0,0.0,0.0,0.0,0.0,0.0,0.0,0.0,0.0,0.0,0.0,0.0,0.0,0.0,0.0,0.0,0.0,0.0,0.0,0.0,0.0,0.0,0.0,0.0,0.0,0.0,0.0,0.0,0.0,0.0,0.0,0.0,0.0,0.0,0.0,0.0,0.0,0.0,0.0,0.0,0.0,0.0,0.0,0.0,0.0,0.0,0.0,0.0,0.0,0.0,0.0,0.0,0.0,0.0,0.0,0.0,0.0,0.0,0.0,0.0,0.0,0.0,0.0,0.0,0.0,0.0,0.0,0.0,0.0,0.0,0.0,0.0,0.0,0.0,0.0,0.0,0.0,0.0,0.0,0.0,0.0,0.0,0.0,0.0,0.0,0.0,0.0,0.0,0.0,0.0,0.0,0.0,0.0,0.0,0.0,0.0,0.0,0.0,0.0,0.0,0.0,0.0,0.0,0.0,0.0,0.0,0.0,0.0,0.0,0.0,0.0,0.0,0.0,0.0,0.0,0.0,0.0,0.0,0.0,0.0,0.0,0.0,0.0,0.0,0.0,0.0,0.0,0.0,0.0,0.0,0.0,0.0,0.0,0.0,0.0,0.0,0.0,0.0,0.0,0.0,0.0,0.0,0.0,0.0,0.0,0.0,0.0,0.0,0.0,0.0,0.0,0.0,0.0,0.0,0.0,0.0,0.0,0.0,0.0,0.0,0.0,0.0,0.0,0.0,0.0,0.0,0.0,0.0,0.0,0.0,0.0,0.0,0.0,0.0,0.0,0.0,0.0,0.0,0.0,0.0,0.0,0.0,0.0,0.0,0.0,0.0,0.0,0.0,0.0,0.0,0.0,0.0,0.0,0.0,0.0,0.0,0.0,0.0,0.0,0.0,0.0,0.0,0.0,0.0,0.0,0.0,0.0,0.0,0.0,0.0,0.0,0.0,0.0,0.0,0.0,0.0,0.0,0.0,0.0,0.0,0.0,0.0,0.01776180937397738,-3.196133914282648e-11,3.7277328955669143e-7,-1.0168990883849725e-6,0.00040321595989618246,-0.0006598068417649005,-3.200875673187162e-11,-8.228040941551742e-13,0.0012904417539789331,0.00024919614012010283,4.4086753815723633e-7,-1.6014008299157016e-10,1.2934192943345334e-6,5.46678527649445e-5,7.160440453269224e-7,1.2447929638219323e-9,3.3101826599667565e-9,6.582977818139943e-5,-0.003356411196605262,0.00010776384756693523,0.002119028050725019,0.0006167854497635569,0.0005042575892307046,4.172284168165326e-11,-5.898994988826603e-12,5.139076364774811e-6,1.6995979445146883e-5,6.479296408639414e-13
0.0,0.0,0.0,0.0,0.0,0.0,0.0,0.0,0.0,0.0,0.0,0.0,0.0,0.0,0.0,0.0,0.0,0.0,0.0,0.0,0.0,0.0,0.0,0.0,0.0,0.0,0.0,0.0,0.0,0.0,0.0,0.0,0.0,0.0,0.0,0.0,0.0,0.0,0.0,0.0,0.0,0.0,0.0,0.0,0.0,0.0,0.0,0.0,0.0,0.0,0.0,0.0,0.0,0.0,0.0,0.0,0.0,0.0,0.0,0.0,0.0,0.0,0.0,0.0,0.0,0.0,0.0,0.0,0.0,0.0,0.0,0.0,0.0,0.0,0.0,0.0,0.0,0.0,0.0,0.0,0.0,0.0,0.0,0.0,0.0,0.0,0.0,0.0,0.0,0.0,0.0,0.0,0.0,0.0,0.0,0.0,0.0,0.0,0.0,0.0,0.0,0.0,0.0,0.0,0.0,0.0,0.0,0.0,0.0,0.0,0.0,0.0,0.0,0.0,0.0,0.0,0.0,0.0,0.0,0.0,0.0,0.0,0.0,0.0,0.0,0.0,0.0,0.0,0.0,0.0,0.0,0.0,0.0,0.0,0.0,0.0,0.0,0.0,0.0,0.0,0.0,0.0,0.0,0.0,0.0,0.0,0.0,0.0,0.0,0.0,0.0,0.0,0.0,0.0,0.0,0.0,0.0,0.0,0.0,0.0,0.0,0.0,0.0,0.0,0.0,0.0,0.0,0.0,0.0,0.0,0.0,0.0,0.0,0.0,0.0,0.0,0.0,0.0,0.0,0.0,0.0,0.0,0.0,0.0,0.0,0.0,0.0,0.0,0.0,0.0,0.0,0.0,0.0,0.0,0.0,0.0,0.0,0.0,0.0,0.0,0.0,0.0,0.0,0.0,0.0,0.0,0.0,0.0,0.0,0.0,0.0,0.0,0.0,0.0,0.0,0.0,0.0,0.0,0.0,0.0,0.0,0.0,0.0,0.0,0.0,0.0,0.0,0.0,0.0,0.0,0.0,0.0,0.0,0.0,0.0,0.0,0.0,0.0,0.0,0.0,0.0,0.0,0.0,0.0,0.0,0.0,0.0,0.0,0.0,0.0,0.0,0.0,0.0,0.0,0.0,0.0,0.0,0.0,0.0,0.0,0.0,0.0,0.0,0.0,0.0,0.0,0.0,0.0,0.0,0.0,0.0,0.0,0.0,0.0,0.0,0.0,0.0,0.0,0.0,0.0,0.0,0.0,0.0,0.0,0.0,0.0,0.0,0.0,0.0,0.0,0.0,0.0,0.0,0.0,0.0,0.0,0.0,0.0,0.0,0.0,0.0,0.0,0.0,0.0,0.0,0.0,0.0,0.0,0.0,0.0,0.0,0.0,0.0,0.0,0.0,0.0,0.0,0.0,0.0,0.0,0.0,0.0,0.0,0.0,0.0,0.0,0.0,0.0,0.0,0.0,0.0,0.0,0.0,0.0,0.0,0.0,0.0,0.0,0.0,0.0,0.0,0.0,0.0,0.0,0.0,0.0,0.0,0.0,0.0,0.0,0.0,0.0,0.0,0.0,0.0,0.0,0.0,0.0,0.0,0.0,0.0,0.0,0.0,0.0,0.0,0.0,0.0,0.0,0.0,0.0,0.0,0.0,0.0,0.0,0.0,0.0,0.0,0.0,0.0,0.0,0.0,0.0,0.0,0.0,0.0,0.0,0.0,0.0,0.0,0.0,0.0,0.0,0.0,0.0,0.0,0.0,0.0,0.0,0.0,0.0,0.0,0.0,0.0,0.0,0.0,0.0,0.0,0.0,0.0,0.0,0.0,0.0,0.0,0.0,0.0,0.0,0.0,0.0,0.0,0.0,0.0,0.0,0.0,0.0,0.0,0.0,0.0,0.0,0.0,0.0,0.0,0.0,0.0,0.0,0.0,0.0,0.0,0.0,0.0,0.0,0.0,0.0,0.0,0.0,0.0,0.0,0.0,0.0,0.0,0.0,0.0,0.0,0.0,0.0,0.0,0.0,0.0,0.0,0.0,0.0,0.0,0.0,0.0,0.0,0.0,0.0,0.0,0.0,0.0,0.0,0.0,0.0,0.0,0.0,0.0,0.0,0.0,0.0,0.0,0.0,0.0,0.0,0.0,0.0,0.0,0.0,0.0,0.0,0.0,0.0,0.0,0.0,0.0,0.0,0.0,0.0,0.0,0.0,0.0,0.0,0.0,0.0,0.0,0.0,0.0,0.0,0.0,0.0,0.0,0.0,0.0,0.0,0.0,0.0,0.0,0.0,0.0,0.0,0.0,0.0,0.0,0.0,0.0,0.0,0.0,0.0,0.0,0.0,0.0,0.0,0.0,0.0,0.0,0.0,0.0,0.0,0.0,0.0,0.0,0.0,0.0,0.0,0.0,0.0,0.0,0.0,0.0,0.0,0.0,0.0,0.0,0.0,0.0,0.0,0.0,0.0,0.0,0.0,0.0,0.0,0.0,0.0,0.0,0.0,0.0,0.0,0.0,0.0,0.0,0.0,0.0,0.0,0.0,0.0,0.0,0.0,0.0,0.0,0.0,0.0,0.0,0.0,0.0,0.0,0.0,0.0,0.0,0.0,0.0,0.0,0.0,0.0,0.0,0.0,0.0,0.0,0.0,0.0,0.0,0.0,0.0,0.0,0.0,0.0,0.0,0.0,0.0,0.0,0.0,0.0,0.0,0.0,0.0,0.0,0.0,0.0,0.0,0.0,0.0,0.0,0.0,0.0,0.0,0.0,0.0,0.0,0.0,0.0,0.0,0.0,0.0,0.0,0.0,0.0,0.0,0.0,0.0,0.0,0.0,0.0,0.0,0.0,0.0,0.0,0.0,0.0,0.0,0.0,0.0,0.0,0.0,0.0,0.0,0.0,0.0,0.0,0.0,0.0,0.0,0.0,0.0,0.0,0.0,0.0,0.0,0.0,0.0,0.0,0.0,0.0,0.0,0.0,0.0,0.0,0.0,0.0,0.0,0.0,0.0,0.0,0.0,0.0,0.0,0.0,0.0,0.0,0.0,0.0,0.0,0.0,0.0,0.0,0.0,0.0,0.0,0.0,0.0,0.0,0.0,0.0,0.0,0.0,0.0,0.0,0.0,0.0,0.0,0.0,0.0,0.0,0.0,0.0,0.0,0.0,0.0,0.0,0.0,0.0,0.0,0.0,0.0,0.0,0.0,0.0,0.0,0.0,0.0,0.0,0.0,0.0,0.0,0.0,0.0,0.0,0.0,0.0,0.0,0.0,0.0,0.0,0.0,0.0,0.0,0.0,0.0,0.0,0.0,0.0,0.0,0.0,0.0,0.0,0.0,0.0,0.0,0.0,0.0,0.0,0.0,0.0,0.0,0.0,0.0,0.0,0.0,0.0,0.0,0.0,0.0,0.0,0.0,0.0,0.01879192585118769,1.929017752017257e-7,-4.7149482147984084e-7,3.946265240227275e-11,5.902456462058577e-10,-0.0025525879509678707,-0.0007052390992281248,-4.3336089366857064e-11,-7.875401159944412e-11,5.926693380994244e-8,0.00010957695856205094,-1.690037006511062e-7,-1.535094731292406e-11,7.107447026102178e-8,3.228210654380899e-5,4.57175397990784e-5,2.8657734071418375e-13,-5.279731634692278e-12,2.4179317087633867e-10,-2.1818703948333246e-10,-4.495725618516395e-10,3.74527801887699e-10,0.0015776958361738986,0.0011582654456766639,-2.3445087763361334e-13,-1.0203504182578662e-8,-5.9221766628483115e-5
0.0,0.0,0.0,0.0,0.0,0.0,0.0,0.0,0.0,0.0,0.0,0.0,0.0,0.0,0.0,0.0,0.0,0.0,0.0,0.0,0.0,0.0,0.0,0.0,0.0,0.0,0.0,0.0,0.0,0.0,0.0,0.0,0.0,0.0,0.0,0.0,0.0,0.0,0.0,0.0,0.0,0.0,0.0,0.0,0.0,0.0,0.0,0.0,0.0,0.0,0.0,0.0,0.0,0.0,0.0,0.0,0.0,0.0,0.0,0.0,0.0,0.0,0.0,0.0,0.0,0.0,0.0,0.0,0.0,0.0,0.0,0.0,0.0,0.0,0.0,0.0,0.0,0.0,0.0,0.0,0.0,0.0,0.0,0.0,0.0,0.0,0.0,0.0,0.0,0.0,0.0,0.0,0.0,0.0,0.0,0.0,0.0,0.0,0.0,0.0,0.0,0.0,0.0,0.0,0.0,0.0,0.0,0.0,0.0,0.0,0.0,0.0,0.0,0.0,0.0,0.0,0.0,0.0,0.0,0.0,0.0,0.0,0.0,0.0,0.0,0.0,0.0,0.0,0.0,0.0,0.0,0.0,0.0,0.0,0.0,0.0,0.0,0.0,0.0,0.0,0.0,0.0,0.0,0.0,0.0,0.0,0.0,0.0,0.0,0.0,0.0,0.0,0.0,0.0,0.0,0.0,0.0,0.0,0.0,0.0,0.0,0.0,0.0,0.0,0.0,0.0,0.0,0.0,0.0,0.0,0.0,0.0,0.0,0.0,0.0,0.0,0.0,0.0,0.0,0.0,0.0,0.0,0.0,0.0,0.0,0.0,0.0,0.0,0.0,0.0,0.0,0.0,0.0,0.0,0.0,0.0,0.0,0.0,0.0,0.0,0.0,0.0,0.0,0.0,0.0,0.0,0.0,0.0,0.0,0.0,0.0,0.0,0.0,0.0,0.0,0.0,0.0,0.0,0.0,0.0,0.0,0.0,0.0,0.0,0.0,0.0,0.0,0.0,0.0,0.0,0.0,0.0,0.0,0.0,0.0,0.0,0.0,0.0,0.0,0.0,0.0,0.0,0.0,0.0,0.0,0.0,0.0,0.0,0.0,0.0,0.0,0.0,0.0,0.0,0.0,0.0,0.0,0.0,0.0,0.0,0.0,0.0,0.0,0.0,0.0,0.0,0.0,0.0,0.0,0.0,0.0,0.0,0.0,0.0,0.0,0.0,0.0,0.0,0.0,0.0,0.0,0.0,0.0,0.0,0.0,0.0,0.0,0.0,0.0,0.0,0.0,0.0,0.0,0.0,0.0,0.0,0.0,0.0,0.0,0.0,0.0,0.0,0.0,0.0,0.0,0.0,0.0,0.0,0.0,0.0,0.0,0.0,0.0,0.0,0.0,0.0,0.0,0.0,0.0,0.0,0.0,0.0,0.0,0.0,0.0,0.0,0.0,0.0,0.0,0.0,0.0,0.0,0.0,0.0,0.0,0.0,0.0,0.0,0.0,0.0,0.0,0.0,0.0,0.0,0.0,0.0,0.0,0.0,0.0,0.0,0.0,0.0,0.0,0.0,0.0,0.0,0.0,0.0,0.0,0.0,0.0,0.0,0.0,0.0,0.0,0.0,0.0,0.0,0.0,0.0,0.0,0.0,0.0,0.0,0.0,0.0,0.0,0.0,0.0,0.0,0.0,0.0,0.0,0.0,0.0,0.0,0.0,0.0,0.0,0.0,0.0,0.0,0.0,0.0,0.0,0.0,0.0,0.0,0.0,0.0,0.0,0.0,0.0,0.0,0.0,0.0,0.0,0.0,0.0,0.0,0.0,0.0,0.0,0.0,0.0,0.0,0.0,0.0,0.0,0.0,0.0,0.0,0.0,0.0,0.0,0.0,0.0,0.0,0.0,0.0,0.0,0.0,0.0,0.0,0.0,0.0,0.0,0.0,0.0,0.0,0.0,0.0,0.0,0.0,0.0,0.0,0.0,0.0,0.0,0.0,0.0,0.0,0.0,0.0,0.0,0.0,0.0,0.0,0.0,0.0,0.0,0.0,0.0,0.0,0.0,0.0,0.0,0.0,0.0,0.0,0.0,0.0,0.0,0.0,0.0,0.0,0.0,0.0,0.0,0.0,0.0,0.0,0.0,0.0,0.0,0.0,0.0,0.0,0.0,0.0,0.0,0.0,0.0,0.0,0.0,0.0,0.0,0.0,0.0,0.0,0.0,0.0,0.0,0.0,0.0,0.0,0.0,0.0,0.0,0.0,0.0,0.0,0.0,0.0,0.0,0.0,0.0,0.0,0.0,0.0,0.0,0.0,0.0,0.0,0.0,0.0,0.0,0.0,0.0,0.0,0.0,0.0,0.0,0.0,0.0,0.0,0.0,0.0,0.0,0.0,0.0,0.0,0.0,0.0,0.0,0.0,0.0,0.0,0.0,0.0,0.0,0.0,0.0,0.0,0.0,0.0,0.0,0.0,0.0,0.0,0.0,0.0,0.0,0.0,0.0,0.0,0.0,0.0,0.0,0.0,0.0,0.0,0.0,0.0,0.0,0.0,0.0,0.0,0.0,0.0,0.0,0.0,0.0,0.0,0.0,0.0,0.0,0.0,0.0,0.0,0.0,0.0,0.0,0.0,0.0,0.0,0.0,0.0,0.0,0.0,0.0,0.0,0.0,0.0,0.0,0.0,0.0,0.0,0.0,0.0,0.0,0.0,0.0,0.0,0.0,0.0,0.0,0.0,0.0,0.0,0.0,0.0,0.0,0.0,0.0,0.0,0.0,0.0,0.0,0.0,0.0,0.0,0.0,0.0,0.0,0.0,0.0,0.0,0.0,0.0,0.0,0.0,0.0,0.0,0.0,0.0,0.0,0.0,0.0,0.0,0.0,0.0,0.0,0.0,0.0,0.0,0.0,0.0,0.0,0.0,0.0,0.0,0.0,0.0,0.0,0.0,0.0,0.0,0.0,0.0,0.0,0.0,0.0,0.0,0.0,0.0,0.0,0.0,0.0,0.0,0.0,0.0,0.0,0.0,0.0,0.0,0.0,0.0,0.0,0.0,0.0,0.0,0.0,0.0,0.0,0.0,0.0,0.0,0.0,0.0,0.0,0.0,0.0,0.0,0.0,0.0,0.0,0.0,0.0,0.0,0.0,0.0,0.0,0.0,0.0,0.0,0.0,0.0,0.0,0.0,0.0,0.0,0.0,0.0,0.0,0.0,0.0,0.0,0.0,0.0,0.0,0.0,0.0,0.0,0.0,0.0,0.0,0.0,0.0,0.0,0.0,0.0,0.0,0.0,0.0,0.0,0.0,0.0,0.0,0.0,0.0,0.0,0.0,0.0,0.0,0.0,0.0,0.0,0.0,0.0,0.0,0.0,0.0,0.0,0.0,0.0,0.0,0.0,0.0,0.0,0.0,0.0,0.0,0.019021628941391294,-0.0007682018870849638,-5.340794496059557e-6,-1.3780946619092456e-6,-5.746812028243322e-8,-5.1159349224060315e-8,1.8805455689533487e-7,-5.808059632086945e-6,-0.0011341345098810868,-2.5207125188953114e-6,0.0011235061075951516,-7.621671612585941e-8,0.001738336933990955,5.221577603409954e-5,0.00019679327909250438,6.874911798106552e-10,-3.4228490415113647e-8,-1.1038570603686097e-6,8.946083293280076e-7,4.472135131434571e-6,-8.681169195703846e-7,9.91462896929548e-7,1.2401739885010279e-7,2.082208404763983e-9,0.00010949599975293473,9.002236897483154e-9
0.0,0.0,0.0,0.0,0.0,0.0,0.0,0.0,0.0,0.0,0.0,0.0,0.0,0.0,0.0,0.0,0.0,0.0,0.0,0.0,0.0,0.0,0.0,0.0,0.0,0.0,0.0,0.0,0.0,0.0,0.0,0.0,0.0,0.0,0.0,0.0,0.0,0.0,0.0,0.0,0.0,0.0,0.0,0.0,0.0,0.0,0.0,0.0,0.0,0.0,0.0,0.0,0.0,0.0,0.0,0.0,0.0,0.0,0.0,0.0,0.0,0.0,0.0,0.0,0.0,0.0,0.0,0.0,0.0,0.0,0.0,0.0,0.0,0.0,0.0,0.0,0.0,0.0,0.0,0.0,0.0,0.0,0.0,0.0,0.0,0.0,0.0,0.0,0.0,0.0,0.0,0.0,0.0,0.0,0.0,0.0,0.0,0.0,0.0,0.0,0.0,0.0,0.0,0.0,0.0,0.0,0.0,0.0,0.0,0.0,0.0,0.0,0.0,0.0,0.0,0.0,0.0,0.0,0.0,0.0,0.0,0.0,0.0,0.0,0.0,0.0,0.0,0.0,0.0,0.0,0.0,0.0,0.0,0.0,0.0,0.0,0.0,0.0,0.0,0.0,0.0,0.0,0.0,0.0,0.0,0.0,0.0,0.0,0.0,0.0,0.0,0.0,0.0,0.0,0.0,0.0,0.0,0.0,0.0,0.0,0.0,0.0,0.0,0.0,0.0,0.0,0.0,0.0,0.0,0.0,0.0,0.0,0.0,0.0,0.0,0.0,0.0,0.0,0.0,0.0,0.0,0.0,0.0,0.0,0.0,0.0,0.0,0.0,0.0,0.0,0.0,0.0,0.0,0.0,0.0,0.0,0.0,0.0,0.0,0.0,0.0,0.0,0.0,0.0,0.0,0.0,0.0,0.0,0.0,0.0,0.0,0.0,0.0,0.0,0.0,0.0,0.0,0.0,0.0,0.0,0.0,0.0,0.0,0.0,0.0,0.0,0.0,0.0,0.0,0.0,0.0,0.0,0.0,0.0,0.0,0.0,0.0,0.0,0.0,0.0,0.0,0.0,0.0,0.0,0.0,0.0,0.0,0.0,0.0,0.0,0.0,0.0,0.0,0.0,0.0,0.0,0.0,0.0,0.0,0.0,0.0,0.0,0.0,0.0,0.0,0.0,0.0,0.0,0.0,0.0,0.0,0.0,0.0,0.0,0.0,0.0,0.0,0.0,0.0,0.0,0.0,0.0,0.0,0.0,0.0,0.0,0.0,0.0,0.0,0.0,0.0,0.0,0.0,0.0,0.0,0.0,0.0,0.0,0.0,0.0,0.0,0.0,0.0,0.0,0.0,0.0,0.0,0.0,0.0,0.0,0.0,0.0,0.0,0.0,0.0,0.0,0.0,0.0,0.0,0.0,0.0,0.0,0.0,0.0,0.0,0.0,0.0,0.0,0.0,0.0,0.0,0.0,0.0,0.0,0.0,0.0,0.0,0.0,0.0,0.0,0.0,0.0,0.0,0.0,0.0,0.0,0.0,0.0,0.0,0.0,0.0,0.0,0.0,0.0,0.0,0.0,0.0,0.0,0.0,0.0,0.0,0.0,0.0,0.0,0.0,0.0,0.0,0.0,0.0,0.0,0.0,0.0,0.0,0.0,0.0,0.0,0.0,0.0,0.0,0.0,0.0,0.0,0.0,0.0,0.0,0.0,0.0,0.0,0.0,0.0,0.0,0.0,0.0,0.0,0.0,0.0,0.0,0.0,0.0,0.0,0.0,0.0,0.0,0.0,0.0,0.0,0.0,0.0,0.0,0.0,0.0,0.0,0.0,0.0,0.0,0.0,0.0,0.0,0.0,0.0,0.0,0.0,0.0,0.0,0.0,0.0,0.0,0.0,0.0,0.0,0.0,0.0,0.0,0.0,0.0,0.0,0.0,0.0,0.0,0.0,0.0,0.0,0.0,0.0,0.0,0.0,0.0,0.0,0.0,0.0,0.0,0.0,0.0,0.0,0.0,0.0,0.0,0.0,0.0,0.0,0.0,0.0,0.0,0.0,0.0,0.0,0.0,0.0,0.0,0.0,0.0,0.0,0.0,0.0,0.0,0.0,0.0,0.0,0.0,0.0,0.0,0.0,0.0,0.0,0.0,0.0,0.0,0.0,0.0,0.0,0.0,0.0,0.0,0.0,0.0,0.0,0.0,0.0,0.0,0.0,0.0,0.0,0.0,0.0,0.0,0.0,0.0,0.0,0.0,0.0,0.0,0.0,0.0,0.0,0.0,0.0,0.0,0.0,0.0,0.0,0.0,0.0,0.0,0.0,0.0,0.0,0.0,0.0,0.0,0.0,0.0,0.0,0.0,0.0,0.0,0.0,0.0,0.0,0.0,0.0,0.0,0.0,0.0,0.0,0.0,0.0,0.0,0.0,0.0,0.0,0.0,0.0,0.0,0.0,0.0,0.0,0.0,0.0,0.0,0.0,0.0,0.0,0.0,0.0,0.0,0.0,0.0,0.0,0.0,0.0,0.0,0.0,0.0,0.0,0.0,0.0,0.0,0.0,0.0,0.0,0.0,0.0,0.0,0.0,0.0,0.0,0.0,0.0,0.0,0.0,0.0,0.0,0.0,0.0,0.0,0.0,0.0,0.0,0.0,0.0,0.0,0.0,0.0,0.0,0.0,0.0,0.0,0.0,0.0,0.0,0.0,0.0,0.0,0.0,0.0,0.0,0.0,0.0,0.0,0.0,0.0,0.0,0.0,0.0,0.0,0.0,0.0,0.0,0.0,0.0,0.0,0.0,0.0,0.0,0.0,0.0,0.0,0.0,0.0,0.0,0.0,0.0,0.0,0.0,0.0,0.0,0.0,0.0,0.0,0.0,0.0,0.0,0.0,0.0,0.0,0.0,0.0,0.0,0.0,0.0,0.0,0.0,0.0,0.0,0.0,0.0,0.0,0.0,0.0,0.0,0.0,0.0,0.0,0.0,0.0,0.0,0.0,0.0,0.0,0.0,0.0,0.0,0.0,0.0,0.0,0.0,0.0,0.0,0.0,0.0,0.0,0.0,0.0,0.0,0.0,0.0,0.0,0.0,0.0,0.0,0.0,0.0,0.0,0.0,0.0,0.0,0.0,0.0,0.0,0.0,0.0,0.0,0.0,0.0,0.0,0.0,0.0,0.0,0.0,0.0,0.0,0.0,0.0,0.0,0.0,0.0,0.0,0.0,0.0,0.0,0.0,0.0,0.0,0.0,0.0,0.0,0.0,0.0,0.0,0.0,0.0,0.0,0.0,0.0,0.0,0.0,0.0,0.0,0.0,0.0,0.0,0.0,0.0,0.0,0.0,0.0,0.0,0.0,0.0,0.0,0.0,0.0,0.0,0.0,0.0,0.0,0.0,0.0,0.0,0.0,0.0,0.0,0.0,0.0,0.01975003881833257,-1.7983047120304918e-9,1.4848650643328626e-5,-1.2357867139284472e-7,-2.3715775147393488e-9,-5.228699670088492e-7,-1.0599777751763147e-6,0.0009915058055615003,-1.9061303264051437e-7,-0.0006061451241235927,-5.357932009937873e-7,0.00807741219795762,2.5268256809957613e-5,-2.1145282273518356e-5,-9.98619200437142e-10,-1.2032666963495417e-7,8.04311599062575e-6,2.5339200697499675e-7,-5.602882325300461e-6,2.979743462807415e-6,2.0129651987749856e-7,-4.345597632886415e-8,-7.125053687631607e-10,9.142928283240658e-5,2.5044046358965656e-9
0.0,0.0,0.0,0.0,0.0,0.0,0.0,0.0,0.0,0.0,0.0,0.0,0.0,0.0,0.0,0.0,0.0,0.0,0.0,0.0,0.0,0.0,0.0,0.0,0.0,0.0,0.0,0.0,0.0,0.0,0.0,0.0,0.0,0.0,0.0,0.0,0.0,0.0,0.0,0.0,0.0,0.0,0.0,0.0,0.0,0.0,0.0,0.0,0.0,0.0,0.0,0.0,0.0,0.0,0.0,0.0,0.0,0.0,0.0,0.0,0.0,0.0,0.0,0.0,0.0,0.0,0.0,0.0,0.0,0.0,0.0,0.0,0.0,0.0,0.0,0.0,0.0,0.0,0.0,0.0,0.0,0.0,0.0,0.0,0.0,0.0,0.0,0.0,0.0,0.0,0.0,0.0,0.0,0.0,0.0,0.0,0.0,0.0,0.0,0.0,0.0,0.0,0.0,0.0,0.0,0.0,0.0,0.0,0.0,0.0,0.0,0.0,0.0,0.0,0.0,0.0,0.0,0.0,0.0,0.0,0.0,0.0,0.0,0.0,0.0,0.0,0.0,0.0,0.0,0.0,0.0,0.0,0.0,0.0,0.0,0.0,0.0,0.0,0.0,0.0,0.0,0.0,0.0,0.0,0.0,0.0,0.0,0.0,0.0,0.0,0.0,0.0,0.0,0.0,0.0,0.0,0.0,0.0,0.0,0.0,0.0,0.0,0.0,0.0,0.0,0.0,0.0,0.0,0.0,0.0,0.0,0.0,0.0,0.0,0.0,0.0,0.0,0.0,0.0,0.0,0.0,0.0,0.0,0.0,0.0,0.0,0.0,0.0,0.0,0.0,0.0,0.0,0.0,0.0,0.0,0.0,0.0,0.0,0.0,0.0,0.0,0.0,0.0,0.0,0.0,0.0,0.0,0.0,0.0,0.0,0.0,0.0,0.0,0.0,0.0,0.0,0.0,0.0,0.0,0.0,0.0,0.0,0.0,0.0,0.0,0.0,0.0,0.0,0.0,0.0,0.0,0.0,0.0,0.0,0.0,0.0,0.0,0.0,0.0,0.0,0.0,0.0,0.0,0.0,0.0,0.0,0.0,0.0,0.0,0.0,0.0,0.0,0.0,0.0,0.0,0.0,0.0,0.0,0.0,0.0,0.0,0.0,0.0,0.0,0.0,0.0,0.0,0.0,0.0,0.0,0.0,0.0,0.0,0.0,0.0,0.0,0.0,0.0,0.0,0.0,0.0,0.0,0.0,0.0,0.0,0.0,0.0,0.0,0.0,0.0,0.0,0.0,0.0,0.0,0.0,0.0,0.0,0.0,0.0,0.0,0.0,0.0,0.0,0.0,0.0,0.0,0.0,0.0,0.0,0.0,0.0,0.0,0.0,0.0,0.0,0.0,0.0,0.0,0.0,0.0,0.0,0.0,0.0,0.0,0.0,0.0,0.0,0.0,0.0,0.0,0.0,0.0,0.0,0.0,0.0,0.0,0.0,0.0,0.0,0.0,0.0,0.0,0.0,0.0,0.0,0.0,0.0,0.0,0.0,0.0,0.0,0.0,0.0,0.0,0.0,0.0,0.0,0.0,0.0,0.0,0.0,0.0,0.0,0.0,0.0,0.0,0.0,0.0,0.0,0.0,0.0,0.0,0.0,0.0,0.0,0.0,0.0,0.0,0.0,0.0,0.0,0.0,0.0,0.0,0.0,0.0,0.0,0.0,0.0,0.0,0.0,0.0,0.0,0.0,0.0,0.0,0.0,0.0,0.0,0.0,0.0,0.0,0.0,0.0,0.0,0.0,0.0,0.0,0.0,0.0,0.0,0.0,0.0,0.0,0.0,0.0,0.0,0.0,0.0,0.0,0.0,0.0,0.0,0.0,0.0,0.0,0.0,0.0,0.0,0.0,0.0,0.0,0.0,0.0,0.0,0.0,0.0,0.0,0.0,0.0,0.0,0.0,0.0,0.0,0.0,0.0,0.0,0.0,0.0,0.0,0.0,0.0,0.0,0.0,0.0,0.0,0.0,0.0,0.0,0.0,0.0,0.0,0.0,0.0,0.0,0.0,0.0,0.0,0.0,0.0,0.0,0.0,0.0,0.0,0.0,0.0,0.0,0.0,0.0,0.0,0.0,0.0,0.0,0.0,0.0,0.0,0.0,0.0,0.0,0.0,0.0,0.0,0.0,0.0,0.0,0.0,0.0,0.0,0.0,0.0,0.0,0.0,0.0,0.0,0.0,0.0,0.0,0.0,0.0,0.0,0.0,0.0,0.0,0.0,0.0,0.0,0.0,0.0,0.0,0.0,0.0,0.0,0.0,0.0,0.0,0.0,0.0,0.0,0.0,0.0,0.0,0.0,0.0,0.0,0.0,0.0,0.0,0.0,0.0,0.0,0.0,0.0,0.0,0.0,0.0,0.0,0.0,0.0,0.0,0.0,0.0,0.0,0.0,0.0,0.0,0.0,0.0,0.0,0.0,0.0,0.0,0.0,0.0,0.0,0.0,0.0,0.0,0.0,0.0,0.0,0.0,0.0,0.0,0.0,0.0,0.0,0.0,0.0,0.0,0.0,0.0,0.0,0.0,0.0,0.0,0.0,0.0,0.0,0.0,0.0,0.0,0.0,0.0,0.0,0.0,0.0,0.0,0.0,0.0,0.0,0.0,0.0,0.0,0.0,0.0,0.0,0.0,0.0,0.0,0.0,0.0,0.0,0.0,0.0,0.0,0.0,0.0,0.0,0.0,0.0,0.0,0.0,0.0,0.0,0.0,0.0,0.0,0.0,0.0,0.0,0.0,0.0,0.0,0.0,0.0,0.0,0.0,0.0,0.0,0.0,0.0,0.0,0.0,0.0,0.0,0.0,0.0,0.0,0.0,0.0,0.0,0.0,0.0,0.0,0.0,0.0,0.0,0.0,0.0,0.0,0.0,0.0,0.0,0.0,0.0,0.0,0.0,0.0,0.0,0.0,0.0,0.0,0.0,0.0,0.0,0.0,0.0,0.0,0.0,0.0,0.0,0.0,0.0,0.0,0.0,0.0,0.0,0.0,0.0,0.0,0.0,0.0,0.0,0.0,0.0,0.0,0.0,0.0,0.0,0.0,0.0,0.0,0.0,0.0,0.0,0.0,0.0,0.0,0.0,0.0,0.0,0.0,0.0,0.0,0.0,0.0,0.0,0.0,0.0,0.0,0.0,0.0,0.0,0.0,0.0,0.0,0.0,0.0,0.0,0.0,0.0,0.0,0.0,0.0,0.0,0.0,0.0,0.0,0.0,0.0,0.0,0.0,0.0,0.0,0.0,0.0,0.0,0.0,0.0,0.0,0.0,0.0,0.0,0.0,0.0,0.0,0.0,0.0,0.0,0.0,0.0,0.0,0.0,0.0,0.0,0.0,0.0,0.0,0.0,0.0,0.0,0.0,0.0,0.0,0.0,0.019900113597358174,0.0008658301784496931,-1.5687238225360245e-10,-4.0664175621746835e-11,5.081422961195646e-5,0.003804760688535168,-2.447980551677602e-5,-9.107664689381797e-9,-2.7644248735790644e-6,6.085920946777962e-5,9.839526484604958e-6,2.6767862238179786e-8,2.803546692224654e-7,-2.272109952803307e-6,-6.146183903193573e-5,-5.1020337197863554e-5,-0.0003904718219796025,6.722828458873909e-5,0.0028261812506915535,1.3742036710017553e-9,9.090950212048216e-11,2.0599258116919235e-6,0.00028806098530351855,1.794203331127438e-11
0.0,0.0,0.0,0.0,0.0,0.0,0.0,0.0,0.0,0.0,0.0,0.0,0.0,0.0,0.0,0.0,0.0,0.0,0.0,0.0,0.0,0.0,0.0,0.0,0.0,0.0,0.0,0.0,0.0,0.0,0.0,0.0,0.0,0.0,0.0,0.0,0.0,0.0,0.0,0.0,0.0,0.0,0.0,0.0,0.0,0.0,0.0,0.0,0.0,0.0,0.0,0.0,0.0,0.0,0.0,0.0,0.0,0.0,0.0,0.0,0.0,0.0,0.0,0.0,0.0,0.0,0.0,0.0,0.0,0.0,0.0,0.0,0.0,0.0,0.0,0.0,0.0,0.0,0.0,0.0,0.0,0.0,0.0,0.0,0.0,0.0,0.0,0.0,0.0,0.0,0.0,0.0,0.0,0.0,0.0,0.0,0.0,0.0,0.0,0.0,0.0,0.0,0.0,0.0,0.0,0.0,0.0,0.0,0.0,0.0,0.0,0.0,0.0,0.0,0.0,0.0,0.0,0.0,0.0,0.0,0.0,0.0,0.0,0.0,0.0,0.0,0.0,0.0,0.0,0.0,0.0,0.0,0.0,0.0,0.0,0.0,0.0,0.0,0.0,0.0,0.0,0.0,0.0,0.0,0.0,0.0,0.0,0.0,0.0,0.0,0.0,0.0,0.0,0.0,0.0,0.0,0.0,0.0,0.0,0.0,0.0,0.0,0.0,0.0,0.0,0.0,0.0,0.0,0.0,0.0,0.0,0.0,0.0,0.0,0.0,0.0,0.0,0.0,0.0,0.0,0.0,0.0,0.0,0.0,0.0,0.0,0.0,0.0,0.0,0.0,0.0,0.0,0.0,0.0,0.0,0.0,0.0,0.0,0.0,0.0,0.0,0.0,0.0,0.0,0.0,0.0,0.0,0.0,0.0,0.0,0.0,0.0,0.0,0.0,0.0,0.0,0.0,0.0,0.0,0.0,0.0,0.0,0.0,0.0,0.0,0.0,0.0,0.0,0.0,0.0,0.0,0.0,0.0,0.0,0.0,0.0,0.0,0.0,0.0,0.0,0.0,0.0,0.0,0.0,0.0,0.0,0.0,0.0,0.0,0.0,0.0,0.0,0.0,0.0,0.0,0.0,0.0,0.0,0.0,0.0,0.0,0.0,0.0,0.0,0.0,0.0,0.0,0.0,0.0,0.0,0.0,0.0,0.0,0.0,0.0,0.0,0.0,0.0,0.0,0.0,0.0,0.0,0.0,0.0,0.0,0.0,0.0,0.0,0.0,0.0,0.0,0.0,0.0,0.0,0.0,0.0,0.0,0.0,0.0,0.0,0.0,0.0,0.0,0.0,0.0,0.0,0.0,0.0,0.0,0.0,0.0,0.0,0.0,0.0,0.0,0.0,0.0,0.0,0.0,0.0,0.0,0.0,0.0,0.0,0.0,0.0,0.0,0.0,0.0,0.0,0.0,0.0,0.0,0.0,0.0,0.0,0.0,0.0,0.0,0.0,0.0,0.0,0.0,0.0,0.0,0.0,0.0,0.0,0.0,0.0,0.0,0.0,0.0,0.0,0.0,0.0,0.0,0.0,0.0,0.0,0.0,0.0,0.0,0.0,0.0,0.0,0.0,0.0,0.0,0.0,0.0,0.0,0.0,0.0,0.0,0.0,0.0,0.0,0.0,0.0,0.0,0.0,0.0,0.0,0.0,0.0,0.0,0.0,0.0,0.0,0.0,0.0,0.0,0.0,0.0,0.0,0.0,0.0,0.0,0.0,0.0,0.0,0.0,0.0,0.0,0.0,0.0,0.0,0.0,0.0,0.0,0.0,0.0,0.0,0.0,0.0,0.0,0.0,0.0,0.0,0.0,0.0,0.0,0.0,0.0,0.0,0.0,0.0,0.0,0.0,0.0,0.0,0.0,0.0,0.0,0.0,0.0,0.0,0.0,0.0,0.0,0.0,0.0,0.0,0.0,0.0,0.0,0.0,0.0,0.0,0.0,0.0,0.0,0.0,0.0,0.0,0.0,0.0,0.0,0.0,0.0,0.0,0.0,0.0,0.0,0.0,0.0,0.0,0.0,0.0,0.0,0.0,0.0,0.0,0.0,0.0,0.0,0.0,0.0,0.0,0.0,0.0,0.0,0.0,0.0,0.0,0.0,0.0,0.0,0.0,0.0,0.0,0.0,0.0,0.0,0.0,0.0,0.0,0.0,0.0,0.0,0.0,0.0,0.0,0.0,0.0,0.0,0.0,0.0,0.0,0.0,0.0,0.0,0.0,0.0,0.0,0.0,0.0,0.0,0.0,0.0,0.0,0.0,0.0,0.0,0.0,0.0,0.0,0.0,0.0,0.0,0.0,0.0,0.0,0.0,0.0,0.0,0.0,0.0,0.0,0.0,0.0,0.0,0.0,0.0,0.0,0.0,0.0,0.0,0.0,0.0,0.0,0.0,0.0,0.0,0.0,0.0,0.0,0.0,0.0,0.0,0.0,0.0,0.0,0.0,0.0,0.0,0.0,0.0,0.0,0.0,0.0,0.0,0.0,0.0,0.0,0.0,0.0,0.0,0.0,0.0,0.0,0.0,0.0,0.0,0.0,0.0,0.0,0.0,0.0,0.0,0.0,0.0,0.0,0.0,0.0,0.0,0.0,0.0,0.0,0.0,0.0,0.0,0.0,0.0,0.0,0.0,0.0,0.0,0.0,0.0,0.0,0.0,0.0,0.0,0.0,0.0,0.0,0.0,0.0,0.0,0.0,0.0,0.0,0.0,0.0,0.0,0.0,0.0,0.0,0.0,0.0,0.0,0.0,0.0,0.0,0.0,0.0,0.0,0.0,0.0,0.0,0.0,0.0,0.0,0.0,0.0,0.0,0.0,0.0,0.0,0.0,0.0,0.0,0.0,0.0,0.0,0.0,0.0,0.0,0.0,0.0,0.0,0.0,0.0,0.0,0.0,0.0,0.0,0.0,0.0,0.0,0.0,0.0,0.0,0.0,0.0,0.0,0.0,0.0,0.0,0.0,0.0,0.0,0.0,0.0,0.0,0.0,0.0,0.0,0.0,0.0,0.0,0.0,0.0,0.0,0.0,0.0,0.0,0.0,0.0,0.0,0.0,0.0,0.0,0.0,0.0,0.0,0.0,0.0,0.0,0.0,0.0,0.0,0.0,0.0,0.0,0.0,0.0,0.0,0.0,0.0,0.0,0.0,0.0,0.0,0.0,0.0,0.0,0.0,0.0,0.0,0.0,0.0,0.0,0.0,0.0,0.0,0.0,0.0,0.0,0.0,0.0,0.0,0.0,0.0,0.0,0.0,0.0,0.0,0.0,0.0,0.0,0.0,0.0,0.0,0.0,0.0,0.0,0.0,0.0,0.0,0.0,0.0,0.0,0.0,0.0,0.0,0.0,0.0,0.0,0.0,0.0,0.0,0.0,0.0,0.017672472753291195,5.920137274205379e-10,3.379251687759748e-11,-0.0006564731612994082,0.001076745927939375,2.319459190633972e-5,9.236224914735584e-10,-0.000105522959207495,-0.0008143431195988294,-1.6147716719326144e-5,-1.2914834796766873e-7,1.1420843523860507e-7,8.621489887307169e-7,-5.2409788217413464e-5,-0.0013876648984862592,-0.0016542340726560661,-0.0007850819604628773,0.000855108684956068,-1.6467492095747528e-9,1.941888695412013e-10,2.513323423429531e-6,-0.0003344180555120081,-2.2441656121456085e-11
0.0,0.0,0.0,0.0,0.0,0.0,0.0,0.0,0.0,0.0,0.0,0.0,0.0,0.0,0.0,0.0,0.0,0.0,0.0,0.0,0.0,0.0,0.0,0.0,0.0,0.0,0.0,0.0,0.0,0.0,0.0,0.0,0.0,0.0,0.0,0.0,0.0,0.0,0.0,0.0,0.0,0.0,0.0,0.0,0.0,0.0,0.0,0.0,0.0,0.0,0.0,0.0,0.0,0.0,0.0,0.0,0.0,0.0,0.0,0.0,0.0,0.0,0.0,0.0,0.0,0.0,0.0,0.0,0.0,0.0,0.0,0.0,0.0,0.0,0.0,0.0,0.0,0.0,0.0,0.0,0.0,0.0,0.0,0.0,0.0,0.0,0.0,0.0,0.0,0.0,0.0,0.0,0.0,0.0,0.0,0.0,0.0,0.0,0.0,0.0,0.0,0.0,0.0,0.0,0.0,0.0,0.0,0.0,0.0,0.0,0.0,0.0,0.0,0.0,0.0,0.0,0.0,0.0,0.0,0.0,0.0,0.0,0.0,0.0,0.0,0.0,0.0,0.0,0.0,0.0,0.0,0.0,0.0,0.0,0.0,0.0,0.0,0.0,0.0,0.0,0.0,0.0,0.0,0.0,0.0,0.0,0.0,0.0,0.0,0.0,0.0,0.0,0.0,0.0,0.0,0.0,0.0,0.0,0.0,0.0,0.0,0.0,0.0,0.0,0.0,0.0,0.0,0.0,0.0,0.0,0.0,0.0,0.0,0.0,0.0,0.0,0.0,0.0,0.0,0.0,0.0,0.0,0.0,0.0,0.0,0.0,0.0,0.0,0.0,0.0,0.0,0.0,0.0,0.0,0.0,0.0,0.0,0.0,0.0,0.0,0.0,0.0,0.0,0.0,0.0,0.0,0.0,0.0,0.0,0.0,0.0,0.0,0.0,0.0,0.0,0.0,0.0,0.0,0.0,0.0,0.0,0.0,0.0,0.0,0.0,0.0,0.0,0.0,0.0,0.0,0.0,0.0,0.0,0.0,0.0,0.0,0.0,0.0,0.0,0.0,0.0,0.0,0.0,0.0,0.0,0.0,0.0,0.0,0.0,0.0,0.0,0.0,0.0,0.0,0.0,0.0,0.0,0.0,0.0,0.0,0.0,0.0,0.0,0.0,0.0,0.0,0.0,0.0,0.0,0.0,0.0,0.0,0.0,0.0,0.0,0.0,0.0,0.0,0.0,0.0,0.0,0.0,0.0,0.0,0.0,0.0,0.0,0.0,0.0,0.0,0.0,0.0,0.0,0.0,0.0,0.0,0.0,0.0,0.0,0.0,0.0,0.0,0.0,0.0,0.0,0.0,0.0,0.0,0.0,0.0,0.0,0.0,0.0,0.0,0.0,0.0,0.0,0.0,0.0,0.0,0.0,0.0,0.0,0.0,0.0,0.0,0.0,0.0,0.0,0.0,0.0,0.0,0.0,0.0,0.0,0.0,0.0,0.0,0.0,0.0,0.0,0.0,0.0,0.0,0.0,0.0,0.0,0.0,0.0,0.0,0.0,0.0,0.0,0.0,0.0,0.0,0.0,0.0,0.0,0.0,0.0,0.0,0.0,0.0,0.0,0.0,0.0,0.0,0.0,0.0,0.0,0.0,0.0,0.0,0.0,0.0,0.0,0.0,0.0,0.0,0.0,0.0,0.0,0.0,0.0,0.0,0.0,0.0,0.0,0.0,0.0,0.0,0.0,0.0,0.0,0.0,0.0,0.0,0.0,0.0,0.0,0.0,0.0,0.0,0.0,0.0,0.0,0.0,0.0,0.0,0.0,0.0,0.0,0.0,0.0,0.0,0.0,0.0,0.0,0.0,0.0,0.0,0.0,0.0,0.0,0.0,0.0,0.0,0.0,0.0,0.0,0.0,0.0,0.0,0.0,0.0,0.0,0.0,0.0,0.0,0.0,0.0,0.0,0.0,0.0,0.0,0.0,0.0,0.0,0.0,0.0,0.0,0.0,0.0,0.0,0.0,0.0,0.0,0.0,0.0,0.0,0.0,0.0,0.0,0.0,0.0,0.0,0.0,0.0,0.0,0.0,0.0,0.0,0.0,0.0,0.0,0.0,0.0,0.0,0.0,0.0,0.0,0.0,0.0,0.0,0.0,0.0,0.0,0.0,0.0,0.0,0.0,0.0,0.0,0.0,0.0,0.0,0.0,0.0,0.0,0.0,0.0,0.0,0.0,0.0,0.0,0.0,0.0,0.0,0.0,0.0,0.0,0.0,0.0,0.0,0.0,0.0,0.0,0.0,0.0,0.0,0.0,0.0,0.0,0.0,0.0,0.0,0.0,0.0,0.0,0.0,0.0,0.0,0.0,0.0,0.0,0.0,0.0,0.0,0.0,0.0,0.0,0.0,0.0,0.0,0.0,0.0,0.0,0.0,0.0,0.0,0.0,0.0,0.0,0.0,0.0,0.0,0.0,0.0,0.0,0.0,0.0,0.0,0.0,0.0,0.0,0.0,0.0,0.0,0.0,0.0,0.0,0.0,0.0,0.0,0.0,0.0,0.0,0.0,0.0,0.0,0.0,0.0,0.0,0.0,0.0,0.0,0.0,0.0,0.0,0.0,0.0,0.0,0.0,0.0,0.0,0.0,0.0,0.0,0.0,0.0,0.0,0.0,0.0,0.0,0.0,0.0,0.0,0.0,0.0,0.0,0.0,0.0,0.0,0.0,0.0,0.0,0.0,0.0,0.0,0.0,0.0,0.0,0.0,0.0,0.0,0.0,0.0,0.0,0.0,0.0,0.0,0.0,0.0,0.0,0.0,0.0,0.0,0.0,0.0,0.0,0.0,0.0,0.0,0.0,0.0,0.0,0.0,0.0,0.0,0.0,0.0,0.0,0.0,0.0,0.0,0.0,0.0,0.0,0.0,0.0,0.0,0.0,0.0,0.0,0.0,0.0,0.0,0.0,0.0,0.0,0.0,0.0,0.0,0.0,0.0,0.0,0.0,0.0,0.0,0.0,0.0,0.0,0.0,0.0,0.0,0.0,0.0,0.0,0.0,0.0,0.0,0.0,0.0,0.0,0.0,0.0,0.0,0.0,0.0,0.0,0.0,0.0,0.0,0.0,0.0,0.0,0.0,0.0,0.0,0.0,0.0,0.0,0.0,0.0,0.0,0.0,0.0,0.0,0.0,0.0,0.0,0.0,0.0,0.0,0.0,0.0,0.0,0.0,0.0,0.0,0.0,0.0,0.0,0.0,0.0,0.0,0.0,0.0,0.0,0.0,0.0,0.0,0.0,0.0,0.0,0.0,0.0,0.0,0.0,0.0,0.0,0.0,0.0,0.0,0.0,0.0,0.0,0.0,0.0,0.0,0.0,0.0,0.0,0.0,0.0,0.0,0.0,0.0,0.0,0.0,0.0,0.0,0.0,0.0,0.0,0.0,0.02691882017738928,-0.0007463250413774663,6.278240085198011e-12,4.147048153271042e-10,5.3635415628507076e-8,-2.8751788198195635e-5,-7.053609622350127e-8,3.199303208780131e-12,1.1919196394610648e-7,3.070766997472103e-6,8.824577689107097e-6,5.323889622789974e-14,2.245142037526034e-13,-1.5353697239228048e-10,-3.413597921853547e-11,-1.920290552420714e-10,1.2706414850315297e-10,-0.0006798987042064491,-0.0001403813528442485,-2.0187701424495067e-13,-8.8341704599845e-9,5.681679451539318e-5
0.0,0.0,0.0,0.0,0.0,0.0,0.0,0.0,0.0,0.0,0.0,0.0,0.0,0.0,0.0,0.0,0.0,0.0,0.0,0.0,0.0,0.0,0.0,0.0,0.0,0.0,0.0,0.0,0.0,0.0,0.0,0.0,0.0,0.0,0.0,0.0,0.0,0.0,0.0,0.0,0.0,0.0,0.0,0.0,0.0,0.0,0.0,0.0,0.0,0.0,0.0,0.0,0.0,0.0,0.0,0.0,0.0,0.0,0.0,0.0,0.0,0.0,0.0,0.0,0.0,0.0,0.0,0.0,0.0,0.0,0.0,0.0,0.0,0.0,0.0,0.0,0.0,0.0,0.0,0.0,0.0,0.0,0.0,0.0,0.0,0.0,0.0,0.0,0.0,0.0,0.0,0.0,0.0,0.0,0.0,0.0,0.0,0.0,0.0,0.0,0.0,0.0,0.0,0.0,0.0,0.0,0.0,0.0,0.0,0.0,0.0,0.0,0.0,0.0,0.0,0.0,0.0,0.0,0.0,0.0,0.0,0.0,0.0,0.0,0.0,0.0,0.0,0.0,0.0,0.0,0.0,0.0,0.0,0.0,0.0,0.0,0.0,0.0,0.0,0.0,0.0,0.0,0.0,0.0,0.0,0.0,0.0,0.0,0.0,0.0,0.0,0.0,0.0,0.0,0.0,0.0,0.0,0.0,0.0,0.0,0.0,0.0,0.0,0.0,0.0,0.0,0.0,0.0,0.0,0.0,0.0,0.0,0.0,0.0,0.0,0.0,0.0,0.0,0.0,0.0,0.0,0.0,0.0,0.0,0.0,0.0,0.0,0.0,0.0,0.0,0.0,0.0,0.0,0.0,0.0,0.0,0.0,0.0,0.0,0.0,0.0,0.0,0.0,0.0,0.0,0.0,0.0,0.0,0.0,0.0,0.0,0.0,0.0,0.0,0.0,0.0,0.0,0.0,0.0,0.0,0.0,0.0,0.0,0.0,0.0,0.0,0.0,0.0,0.0,0.0,0.0,0.0,0.0,0.0,0.0,0.0,0.0,0.0,0.0,0.0,0.0,0.0,0.0,0.0,0.0,0.0,0.0,0.0,0.0,0.0,0.0,0.0,0.0,0.0,0.0,0.0,0.0,0.0,0.0,0.0,0.0,0.0,0.0,0.0,0.0,0.0,0.0,0.0,0.0,0.0,0.0,0.0,0.0,0.0,0.0,0.0,0.0,0.0,0.0,0.0,0.0,0.0,0.0,0.0,0.0,0.0,0.0,0.0,0.0,0.0,0.0,0.0,0.0,0.0,0.0,0.0,0.0,0.0,0.0,0.0,0.0,0.0,0.0,0.0,0.0,0.0,0.0,0.0,0.0,0.0,0.0,0.0,0.0,0.0,0.0,0.0,0.0,0.0,0.0,0.0,0.0,0.0,0.0,0.0,0.0,0.0,0.0,0.0,0.0,0.0,0.0,0.0,0.0,0.0,0.0,0.0,0.0,0.0,0.0,0.0,0.0,0.0,0.0,0.0,0.0,0.0,0.0,0.0,0.0,0.0,0.0,0.0,0.0,0.0,0.0,0.0,0.0,0.0,0.0,0.0,0.0,0.0,0.0,0.0,0.0,0.0,0.0,0.0,0.0,0.0,0.0,0.0,0.0,0.0,0.0,0.0,0.0,0.0,0.0,0.0,0.0,0.0,0.0,0.0,0.0,0.0,0.0,0.0,0.0,0.0,0.0,0.0,0.0,0.0,0.0,0.0,0.0,0.0,0.0,0.0,0.0,0.0,0.0,0.0,0.0,0.0,0.0,0.0,0.0,0.0,0.0,0.0,0.0,0.0,0.0,0.0,0.0,0.0,0.0,0.0,0.0,0.0,0.0,0.0,0.0,0.0,0.0,0.0,0.0,0.0,0.0,0.0,0.0,0.0,0.0,0.0,0.0,0.0,0.0,0.0,0.0,0.0,0.0,0.0,0.0,0.0,0.0,0.0,0.0,0.0,0.0,0.0,0.0,0.0,0.0,0.0,0.0,0.0,0.0,0.0,0.0,0.0,0.0,0.0,0.0,0.0,0.0,0.0,0.0,0.0,0.0,0.0,0.0,0.0,0.0,0.0,0.0,0.0,0.0,0.0,0.0,0.0,0.0,0.0,0.0,0.0,0.0,0.0,0.0,0.0,0.0,0.0,0.0,0.0,0.0,0.0,0.0,0.0,0.0,0.0,0.0,0.0,0.0,0.0,0.0,0.0,0.0,0.0,0.0,0.0,0.0,0.0,0.0,0.0,0.0,0.0,0.0,0.0,0.0,0.0,0.0,0.0,0.0,0.0,0.0,0.0,0.0,0.0,0.0,0.0,0.0,0.0,0.0,0.0,0.0,0.0,0.0,0.0,0.0,0.0,0.0,0.0,0.0,0.0,0.0,0.0,0.0,0.0,0.0,0.0,0.0,0.0,0.0,0.0,0.0,0.0,0.0,0.0,0.0,0.0,0.0,0.0,0.0,0.0,0.0,0.0,0.0,0.0,0.0,0.0,0.0,0.0,0.0,0.0,0.0,0.0,0.0,0.0,0.0,0.0,0.0,0.0,0.0,0.0,0.0,0.0,0.0,0.0,0.0,0.0,0.0,0.0,0.0,0.0,0.0,0.0,0.0,0.0,0.0,0.0,0.0,0.0,0.0,0.0,0.0,0.0,0.0,0.0,0.0,0.0,0.0,0.0,0.0,0.0,0.0,0.0,0.0,0.0,0.0,0.0,0.0,0.0,0.0,0.0,0.0,0.0,0.0,0.0,0.0,0.0,0.0,0.0,0.0,0.0,0.0,0.0,0.0,0.0,0.0,0.0,0.0,0.0,0.0,0.0,0.0,0.0,0.0,0.0,0.0,0.0,0.0,0.0,0.0,0.0,0.0,0.0,0.0,0.0,0.0,0.0,0.0,0.0,0.0,0.0,0.0,0.0,0.0,0.0,0.0,0.0,0.0,0.0,0.0,0.0,0.0,0.0,0.0,0.0,0.0,0.0,0.0,0.0,0.0,0.0,0.0,0.0,0.0,0.0,0.0,0.0,0.0,0.0,0.0,0.0,0.0,0.0,0.0,0.0,0.0,0.0,0.0,0.0,0.0,0.0,0.0,0.0,0.0,0.0,0.0,0.0,0.0,0.0,0.0,0.0,0.0,0.0,0.0,0.0,0.0,0.0,0.0,0.0,0.0,0.0,0.0,0.0,0.0,0.0,0.0,0.0,0.0,0.0,0.0,0.0,0.0,0.0,0.0,0.0,0.0,0.0,0.0,0.0,0.0,0.0,0.0,0.0,0.0,0.0,0.0,0.0,0.0,0.0,0.0,0.0,0.0,0.0,0.0,0.0,0.0,0.0,0.0,0.0,0.0,0.0,0.0,0.0,0.0,0.0,0.0,0.0,0.0,0.0,0.0,0.0,0.0,0.0,0.0,0.0,0.02214551806994454,-1.2354654899868198e-13,4.40070293352683e-11,-7.510482934801235e-9,-1.8563825523922897e-5,-1.5999322115541493e-9,-4.005346881522996e-13,1.3345287508786629e-8,-9.213001382698013e-8,1.7764234079166293e-6,1.2689105390152109e-14,-6.897150520204814e-13,-6.562941910271539e-11,2.707161819802691e-12,8.45898718681072e-11,-2.047784116155935e-11,0.00012628865604208403,0.0004137449988534303,9.462672043662897e-15,4.967854096301377e-11,0.0037805477842969286
0.0,0.0,0.0,0.0,0.0,0.0,0.0,0.0,0.0,0.0,0.0,0.0,0.0,0.0,0.0,0.0,0.0,0.0,0.0,0.0,0.0,0.0,0.0,0.0,0.0,0.0,0.0,0.0,0.0,0.0,0.0,0.0,0.0,0.0,0.0,0.0,0.0,0.0,0.0,0.0,0.0,0.0,0.0,0.0,0.0,0.0,0.0,0.0,0.0,0.0,0.0,0.0,0.0,0.0,0.0,0.0,0.0,0.0,0.0,0.0,0.0,0.0,0.0,0.0,0.0,0.0,0.0,0.0,0.0,0.0,0.0,0.0,0.0,0.0,0.0,0.0,0.0,0.0,0.0,0.0,0.0,0.0,0.0,0.0,0.0,0.0,0.0,0.0,0.0,0.0,0.0,0.0,0.0,0.0,0.0,0.0,0.0,0.0,0.0,0.0,0.0,0.0,0.0,0.0,0.0,0.0,0.0,0.0,0.0,0.0,0.0,0.0,0.0,0.0,0.0,0.0,0.0,0.0,0.0,0.0,0.0,0.0,0.0,0.0,0.0,0.0,0.0,0.0,0.0,0.0,0.0,0.0,0.0,0.0,0.0,0.0,0.0,0.0,0.0,0.0,0.0,0.0,0.0,0.0,0.0,0.0,0.0,0.0,0.0,0.0,0.0,0.0,0.0,0.0,0.0,0.0,0.0,0.0,0.0,0.0,0.0,0.0,0.0,0.0,0.0,0.0,0.0,0.0,0.0,0.0,0.0,0.0,0.0,0.0,0.0,0.0,0.0,0.0,0.0,0.0,0.0,0.0,0.0,0.0,0.0,0.0,0.0,0.0,0.0,0.0,0.0,0.0,0.0,0.0,0.0,0.0,0.0,0.0,0.0,0.0,0.0,0.0,0.0,0.0,0.0,0.0,0.0,0.0,0.0,0.0,0.0,0.0,0.0,0.0,0.0,0.0,0.0,0.0,0.0,0.0,0.0,0.0,0.0,0.0,0.0,0.0,0.0,0.0,0.0,0.0,0.0,0.0,0.0,0.0,0.0,0.0,0.0,0.0,0.0,0.0,0.0,0.0,0.0,0.0,0.0,0.0,0.0,0.0,0.0,0.0,0.0,0.0,0.0,0.0,0.0,0.0,0.0,0.0,0.0,0.0,0.0,0.0,0.0,0.0,0.0,0.0,0.0,0.0,0.0,0.0,0.0,0.0,0.0,0.0,0.0,0.0,0.0,0.0,0.0,0.0,0.0,0.0,0.0,0.0,0.0,0.0,0.0,0.0,0.0,0.0,0.0,0.0,0.0,0.0,0.0,0.0,0.0,0.0,0.0,0.0,0.0,0.0,0.0,0.0,0.0,0.0,0.0,0.0,0.0,0.0,0.0,0.0,0.0,0.0,0.0,0.0,0.0,0.0,0.0,0.0,0.0,0.0,0.0,0.0,0.0,0.0,0.0,0.0,0.0,0.0,0.0,0.0,0.0,0.0,0.0,0.0,0.0,0.0,0.0,0.0,0.0,0.0,0.0,0.0,0.0,0.0,0.0,0.0,0.0,0.0,0.0,0.0,0.0,0.0,0.0,0.0,0.0,0.0,0.0,0.0,0.0,0.0,0.0,0.0,0.0,0.0,0.0,0.0,0.0,0.0,0.0,0.0,0.0,0.0,0.0,0.0,0.0,0.0,0.0,0.0,0.0,0.0,0.0,0.0,0.0,0.0,0.0,0.0,0.0,0.0,0.0,0.0,0.0,0.0,0.0,0.0,0.0,0.0,0.0,0.0,0.0,0.0,0.0,0.0,0.0,0.0,0.0,0.0,0.0,0.0,0.0,0.0,0.0,0.0,0.0,0.0,0.0,0.0,0.0,0.0,0.0,0.0,0.0,0.0,0.0,0.0,0.0,0.0,0.0,0.0,0.0,0.0,0.0,0.0,0.0,0.0,0.0,0.0,0.0,0.0,0.0,0.0,0.0,0.0,0.0,0.0,0.0,0.0,0.0,0.0,0.0,0.0,0.0,0.0,0.0,0.0,0.0,0.0,0.0,0.0,0.0,0.0,0.0,0.0,0.0,0.0,0.0,0.0,0.0,0.0,0.0,0.0,0.0,0.0,0.0,0.0,0.0,0.0,0.0,0.0,0.0,0.0,0.0,0.0,0.0,0.0,0.0,0.0,0.0,0.0,0.0,0.0,0.0,0.0,0.0,0.0,0.0,0.0,0.0,0.0,0.0,0.0,0.0,0.0,0.0,0.0,0.0,0.0,0.0,0.0,0.0,0.0,0.0,0.0,0.0,0.0,0.0,0.0,0.0,0.0,0.0,0.0,0.0,0.0,0.0,0.0,0.0,0.0,0.0,0.0,0.0,0.0,0.0,0.0,0.0,0.0,0.0,0.0,0.0,0.0,0.0,0.0,0.0,0.0,0.0,0.0,0.0,0.0,0.0,0.0,0.0,0.0,0.0,0.0,0.0,0.0,0.0,0.0,0.0,0.0,0.0,0.0,0.0,0.0,0.0,0.0,0.0,0.0,0.0,0.0,0.0,0.0,0.0,0.0,0.0,0.0,0.0,0.0,0.0,0.0,0.0,0.0,0.0,0.0,0.0,0.0,0.0,0.0,0.0,0.0,0.0,0.0,0.0,0.0,0.0,0.0,0.0,0.0,0.0,0.0,0.0,0.0,0.0,0.0,0.0,0.0,0.0,0.0,0.0,0.0,0.0,0.0,0.0,0.0,0.0,0.0,0.0,0.0,0.0,0.0,0.0,0.0,0.0,0.0,0.0,0.0,0.0,0.0,0.0,0.0,0.0,0.0,0.0,0.0,0.0,0.0,0.0,0.0,0.0,0.0,0.0,0.0,0.0,0.0,0.0,0.0,0.0,0.0,0.0,0.0,0.0,0.0,0.0,0.0,0.0,0.0,0.0,0.0,0.0,0.0,0.0,0.0,0.0,0.0,0.0,0.0,0.0,0.0,0.0,0.0,0.0,0.0,0.0,0.0,0.0,0.0,0.0,0.0,0.0,0.0,0.0,0.0,0.0,0.0,0.0,0.0,0.0,0.0,0.0,0.0,0.0,0.0,0.0,0.0,0.0,0.0,0.0,0.0,0.0,0.0,0.0,0.0,0.0,0.0,0.0,0.0,0.0,0.0,0.0,0.0,0.0,0.0,0.0,0.0,0.0,0.0,0.0,0.0,0.0,0.0,0.0,0.0,0.0,0.0,0.0,0.0,0.0,0.0,0.0,0.0,0.0,0.0,0.0,0.0,0.0,0.0,0.0,0.0,0.0,0.0,0.0,0.0,0.0,0.0,0.0,0.0,0.0,0.0,0.0,0.0,0.0,0.0,0.0,0.0,0.0,0.0,0.0,0.0,0.0,0.0,0.0,0.0,0.0,0.0,0.0,0.0,0.0,0.0,0.0,0.0,0.0,0.0,0.0,0.0,0.0,0.0,0.0,0.0,0.0,0.026065341488440665,-3.1519613878870745e-5,6.630025954481345e-7,1.4893561339979774e-10,-3.621058779928029e-8,0.0005986425298954846,1.471492627696601e-7,4.2372343535864454e-9,-8.258346897283003e-9,-6.815254601399779e-5,8.376515028384148e-5,0.00010688719227423173,0.0012210238850024406,-0.00022646859836800232,0.0004105524071604643,1.68501055327096e-11,-1.7896851590992493e-12,-5.2681554019061516e-5,-3.1552065569651178e-6,-1.4545878873041e-14
0.0,0.0,0.0,0.0,0.0,0.0,0.0,0.0,0.0,0.0,0.0,0.0,0.0,0.0,0.0,0.0,0.0,0.0,0.0,0.0,0.0,0.0,0.0,0.0,0.0,0.0,0.0,0.0,0.0,0.0,0.0,0.0,0.0,0.0,0.0,0.0,0.0,0.0,0.0,0.0,0.0,0.0,0.0,0.0,0.0,0.0,0.0,0.0,0.0,0.0,0.0,0.0,0.0,0.0,0.0,0.0,0.0,0.0,0.0,0.0,0.0,0.0,0.0,0.0,0.0,0.0,0.0,0.0,0.0,0.0,0.0,0.0,0.0,0.0,0.0,0.0,0.0,0.0,0.0,0.0,0.0,0.0,0.0,0.0,0.0,0.0,0.0,0.0,0.0,0.0,0.0,0.0,0.0,0.0,0.0,0.0,0.0,0.0,0.0,0.0,0.0,0.0,0.0,0.0,0.0,0.0,0.0,0.0,0.0,0.0,0.0,0.0,0.0,0.0,0.0,0.0,0.0,0.0,0.0,0.0,0.0,0.0,0.0,0.0,0.0,0.0,0.0,0.0,0.0,0.0,0.0,0.0,0.0,0.0,0.0,0.0,0.0,0.0,0.0,0.0,0.0,0.0,0.0,0.0,0.0,0.0,0.0,0.0,0.0,0.0,0.0,0.0,0.0,0.0,0.0,0.0,0.0,0.0,0.0,0.0,0.0,0.0,0.0,0.0,0.0,0.0,0.0,0.0,0.0,0.0,0.0,0.0,0.0,0.0,0.0,0.0,0.0,0.0,0.0,0.0,0.0,0.0,0.0,0.0,0.0,0.0,0.0,0.0,0.0,0.0,0.0,0.0,0.0,0.0,0.0,0.0,0.0,0.0,0.0,0.0,0.0,0.0,0.0,0.0,0.0,0.0,0.0,0.0,0.0,0.0,0.0,0.0,0.0,0.0,0.0,0.0,0.0,0.0,0.0,0.0,0.0,0.0,0.0,0.0,0.0,0.0,0.0,0.0,0.0,0.0,0.0,0.0,0.0,0.0,0.0,0.0,0.0,0.0,0.0,0.0,0.0,0.0,0.0,0.0,0.0,0.0,0.0,0.0,0.0,0.0,0.0,0.0,0.0,0.0,0.0,0.0,0.0,0.0,0.0,0.0,0.0,0.0,0.0,0.0,0.0,0.0,0.0,0.0,0.0,0.0,0.0,0.0,0.0,0.0,0.0,0.0,0.0,0.0,0.0,0.0,0.0,0.0,0.0,0.0,0.0,0.0,0.0,0.0,0.0,0.0,0.0,0.0,0.0,0.0,0.0,0.0,0.0,0.0,0.0,0.0,0.0,0.0,0.0,0.0,0.0,0.0,0.0,0.0,0.0,0.0,0.0,0.0,0.0,0.0,0.0,0.0,0.0,0.0,0.0,0.0,0.0,0.0,0.0,0.0,0.0,0.0,0.0,0.0,0.0,0.0,0.0,0.0,0.0,0.0,0.0,0.0,0.0,0.0,0.0,0.0,0.0,0.0,0.0,0.0,0.0,0.0,0.0,0.0,0.0,0.0,0.0,0.0,0.0,0.0,0.0,0.0,0.0,0.0,0.0,0.0,0.0,0.0,0.0,0.0,0.0,0.0,0.0,0.0,0.0,0.0,0.0,0.0,0.0,0.0,0.0,0.0,0.0,0.0,0.0,0.0,0.0,0.0,0.0,0.0,0.0,0.0,0.0,0.0,0.0,0.0,0.0,0.0,0.0,0.0,0.0,0.0,0.0,0.0,0.0,0.0,0.0,0.0,0.0,0.0,0.0,0.0,0.0,0.0,0.0,0.0,0.0,0.0,0.0,0.0,0.0,0.0,0.0,0.0,0.0,0.0,0.0,0.0,0.0,0.0,0.0,0.0,0.0,0.0,0.0,0.0,0.0,0.0,0.0,0.0,0.0,0.0,0.0,0.0,0.0,0.0,0.0,0.0,0.0,0.0,0.0,0.0,0.0,0.0,0.0,0.0,0.0,0.0,0.0,0.0,0.0,0.0,0.0,0.0,0.0,0.0,0.0,0.0,0.0,0.0,0.0,0.0,0.0,0.0,0.0,0.0,0.0,0.0,0.0,0.0,0.0,0.0,0.0,0.0,0.0,0.0,0.0,0.0,0.0,0.0,0.0,0.0,0.0,0.0,0.0,0.0,0.0,0.0,0.0,0.0,0.0,0.0,0.0,0.0,0.0,0.0,0.0,0.0,0.0,0.0,0.0,0.0,0.0,0.0,0.0,0.0,0.0,0.0,0.0,0.0,0.0,0.0,0.0,0.0,0.0,0.0,0.0,0.0,0.0,0.0,0.0,0.0,0.0,0.0,0.0,0.0,0.0,0.0,0.0,0.0,0.0,0.0,0.0,0.0,0.0,0.0,0.0,0.0,0.0,0.0,0.0,0.0,0.0,0.0,0.0,0.0,0.0,0.0,0.0,0.0,0.0,0.0,0.0,0.0,0.0,0.0,0.0,0.0,0.0,0.0,0.0,0.0,0.0,0.0,0.0,0.0,0.0,0.0,0.0,0.0,0.0,0.0,0.0,0.0,0.0,0.0,0.0,0.0,0.0,0.0,0.0,0.0,0.0,0.0,0.0,0.0,0.0,0.0,0.0,0.0,0.0,0.0,0.0,0.0,0.0,0.0,0.0,0.0,0.0,0.0,0.0,0.0,0.0,0.0,0.0,0.0,0.0,0.0,0.0,0.0,0.0,0.0,0.0,0.0,0.0,0.0,0.0,0.0,0.0,0.0,0.0,0.0,0.0,0.0,0.0,0.0,0.0,0.0,0.0,0.0,0.0,0.0,0.0,0.0,0.0,0.0,0.0,0.0,0.0,0.0,0.0,0.0,0.0,0.0,0.0,0.0,0.0,0.0,0.0,0.0,0.0,0.0,0.0,0.0,0.0,0.0,0.0,0.0,0.0,0.0,0.0,0.0,0.0,0.0,0.0,0.0,0.0,0.0,0.0,0.0,0.0,0.0,0.0,0.0,0.0,0.0,0.0,0.0,0.0,0.0,0.0,0.0,0.0,0.0,0.0,0.0,0.0,0.0,0.0,0.0,0.0,0.0,0.0,0.0,0.0,0.0,0.0,0.0,0.0,0.0,0.0,0.0,0.0,0.0,0.0,0.0,0.0,0.0,0.0,0.0,0.0,0.0,0.0,0.0,0.0,0.0,0.0,0.0,0.0,0.0,0.0,0.0,0.0,0.0,0.0,0.0,0.0,0.0,0.0,0.0,0.0,0.0,0.0,0.0,0.0,0.0,0.0,0.0,0.0,0.0,0.0,0.0,0.0,0.0,0.0,0.0,0.0,0.0,0.0,0.0,0.0,0.0,0.0,0.0,0.0,0.0,0.0,0.0,0.0,0.0,0.0,0.0,0.0,0.0,0.0,0.0,0.0,0.0,0.0,0.0,0.0,0.0,0.0,0.0,0.0,0.0,0.019307281115408605,4.256981547222641e-6,3.964778188277356e-8,7.72898156227224e-5,-0.00011168784234387694,-3.478695523913786e-5,-1.4728788213688803e-7,-3.673983388973568e-8,2.3422884448425712e-6,6.27529475890357e-5,-0.0034712147497198893,0.0012616160626633826,0.0018168224757030209,-0.001215506026950659,-1.738940049764697e-10,1.9894173212397825e-10,-9.450126554902158e-7,-0.0013640834351199465,-2.020502562176982e-11
0.0,0.0,0.0,0.0,0.0,0.0,0.0,0.0,0.0,0.0,0.0,0.0,0.0,0.0,0.0,0.0,0.0,0.0,0.0,0.0,0.0,0.0,0.0,0.0,0.0,0.0,0.0,0.0,0.0,0.0,0.0,0.0,0.0,0.0,0.0,0.0,0.0,0.0,0.0,0.0,0.0,0.0,0.0,0.0,0.0,0.0,0.0,0.0,0.0,0.0,0.0,0.0,0.0,0.0,0.0,0.0,0.0,0.0,0.0,0.0,0.0,0.0,0.0,0.0,0.0,0.0,0.0,0.0,0.0,0.0,0.0,0.0,0.0,0.0,0.0,0.0,0.0,0.0,0.0,0.0,0.0,0.0,0.0,0.0,0.0,0.0,0.0,0.0,0.0,0.0,0.0,0.0,0.0,0.0,0.0,0.0,0.0,0.0,0.0,0.0,0.0,0.0,0.0,0.0,0.0,0.0,0.0,0.0,0.0,0.0,0.0,0.0,0.0,0.0,0.0,0.0,0.0,0.0,0.0,0.0,0.0,0.0,0.0,0.0,0.0,0.0,0.0,0.0,0.0,0.0,0.0,0.0,0.0,0.0,0.0,0.0,0.0,0.0,0.0,0.0,0.0,0.0,0.0,0.0,0.0,0.0,0.0,0.0,0.0,0.0,0.0,0.0,0.0,0.0,0.0,0.0,0.0,0.0,0.0,0.0,0.0,0.0,0.0,0.0,0.0,0.0,0.0,0.0,0.0,0.0,0.0,0.0,0.0,0.0,0.0,0.0,0.0,0.0,0.0,0.0,0.0,0.0,0.0,0.0,0.0,0.0,0.0,0.0,0.0,0.0,0.0,0.0,0.0,0.0,0.0,0.0,0.0,0.0,0.0,0.0,0.0,0.0,0.0,0.0,0.0,0.0,0.0,0.0,0.0,0.0,0.0,0.0,0.0,0.0,0.0,0.0,0.0,0.0,0.0,0.0,0.0,0.0,0.0,0.0,0.0,0.0,0.0,0.0,0.0,0.0,0.0,0.0,0.0,0.0,0.0,0.0,0.0,0.0,0.0,0.0,0.0,0.0,0.0,0.0,0.0,0.0,0.0,0.0,0.0,0.0,0.0,0.0,0.0,0.0,0.0,0.0,0.0,0.0,0.0,0.0,0.0,0.0,0.0,0.0,0.0,0.0,0.0,0.0,0.0,0.0,0.0,0.0,0.0,0.0,0.0,0.0,0.0,0.0,0.0,0.0,0.0,0.0,0.0,0.0,0.0,0.0,0.0,0.0,0.0,0.0,0.0,0.0,0.0,0.0,0.0,0.0,0.0,0.0,0.0,0.0,0.0,0.0,0.0,0.0,0.0,0.0,0.0,0.0,0.0,0.0,0.0,0.0,0.0,0.0,0.0,0.0,0.0,0.0,0.0,0.0,0.0,0.0,0.0,0.0,0.0,0.0,0.0,0.0,0.0,0.0,0.0,0.0,0.0,0.0,0.0,0.0,0.0,0.0,0.0,0.0,0.0,0.0,0.0,0.0,0.0,0.0,0.0,0.0,0.0,0.0,0.0,0.0,0.0,0.0,0.0,0.0,0.0,0.0,0.0,0.0,0.0,0.0,0.0,0.0,0.0,0.0,0.0,0.0,0.0,0.0,0.0,0.0,0.0,0.0,0.0,0.0,0.0,0.0,0.0,0.0,0.0,0.0,0.0,0.0,0.0,0.0,0.0,0.0,0.0,0.0,0.0,0.0,0.0,0.0,0.0,0.0,0.0,0.0,0.0,0.0,0.0,0.0,0.0,0.0,0.0,0.0,0.0,0.0,0.0,0.0,0.0,0.0,0.0,0.0,0.0,0.0,0.0,0.0,0.0,0.0,0.0,0.0,0.0,0.0,0.0,0.0,0.0,0.0,0.0,0.0,0.0,0.0,0.0,0.0,0.0,0.0,0.0,0.0,0.0,0.0,0.0,0.0,0.0,0.0,0.0,0.0,0.0,0.0,0.0,0.0,0.0,0.0,0.0,0.0,0.0,0.0,0.0,0.0,0.0,0.0,0.0,0.0,0.0,0.0,0.0,0.0,0.0,0.0,0.0,0.0,0.0,0.0,0.0,0.0,0.0,0.0,0.0,0.0,0.0,0.0,0.0,0.0,0.0,0.0,0.0,0.0,0.0,0.0,0.0,0.0,0.0,0.0,0.0,0.0,0.0,0.0,0.0,0.0,0.0,0.0,0.0,0.0,0.0,0.0,0.0,0.0,0.0,0.0,0.0,0.0,0.0,0.0,0.0,0.0,0.0,0.0,0.0,0.0,0.0,0.0,0.0,0.0,0.0,0.0,0.0,0.0,0.0,0.0,0.0,0.0,0.0,0.0,0.0,0.0,0.0,0.0,0.0,0.0,0.0,0.0,0.0,0.0,0.0,0.0,0.0,0.0,0.0,0.0,0.0,0.0,0.0,0.0,0.0,0.0,0.0,0.0,0.0,0.0,0.0,0.0,0.0,0.0,0.0,0.0,0.0,0.0,0.0,0.0,0.0,0.0,0.0,0.0,0.0,0.0,0.0,0.0,0.0,0.0,0.0,0.0,0.0,0.0,0.0,0.0,0.0,0.0,0.0,0.0,0.0,0.0,0.0,0.0,0.0,0.0,0.0,0.0,0.0,0.0,0.0,0.0,0.0,0.0,0.0,0.0,0.0,0.0,0.0,0.0,0.0,0.0,0.0,0.0,0.0,0.0,0.0,0.0,0.0,0.0,0.0,0.0,0.0,0.0,0.0,0.0,0.0,0.0,0.0,0.0,0.0,0.0,0.0,0.0,0.0,0.0,0.0,0.0,0.0,0.0,0.0,0.0,0.0,0.0,0.0,0.0,0.0,0.0,0.0,0.0,0.0,0.0,0.0,0.0,0.0,0.0,0.0,0.0,0.0,0.0,0.0,0.0,0.0,0.0,0.0,0.0,0.0,0.0,0.0,0.0,0.0,0.0,0.0,0.0,0.0,0.0,0.0,0.0,0.0,0.0,0.0,0.0,0.0,0.0,0.0,0.0,0.0,0.0,0.0,0.0,0.0,0.0,0.0,0.0,0.0,0.0,0.0,0.0,0.0,0.0,0.0,0.0,0.0,0.0,0.0,0.0,0.0,0.0,0.0,0.0,0.0,0.0,0.0,0.0,0.0,0.0,0.0,0.0,0.0,0.0,0.0,0.0,0.0,0.0,0.0,0.0,0.0,0.0,0.0,0.0,0.0,0.0,0.0,0.0,0.0,0.0,0.0,0.0,0.0,0.0,0.0,0.0,0.0,0.0,0.0,0.0,0.0,0.0,0.0,0.0,0.0,0.0,0.0,0.0,0.0,0.0,0.0,0.0,0.0,0.0,0.0,0.0,0.0,0.0,0.0,0.0,0.0,0.0,0.0,0.0,0.0,0.0,0.0,0.0,0.0,0.0,0.0,0.0,0.0,0.0,0.0,0.0,0.0,0.01920794944117997,-4.003090436116985e-6,-0.0010050687043669493,2.2165730138099985e-6,-0.003693721993093242,-3.289988160686383e-6,4.7306786231223455e-5,7.156542546685783e-9,3.4249861026509875e-7,-9.152126612915352e-6,5.5543640772576875e-6,-4.186367549315551e-5,3.140388174451993e-5,5.36781876060746e-8,9.208181405915508e-9,3.0626574100315417e-9,-0.00015697957590296165,-1.8905506505341435e-11
0.0,0.0,0.0,0.0,0.0,0.0,0.0,0.0,0.0,0.0,0.0,0.0,0.0,0.0,0.0,0.0,0.0,0.0,0.0,0.0,0.0,0.0,0.0,0.0,0.0,0.0,0.0,0.0,0.0,0.0,0.0,0.0,0.0,0.0,0.0,0.0,0.0,0.0,0.0,0.0,0.0,0.0,0.0,0.0,0.0,0.0,0.0,0.0,0.0,0.0,0.0,0.0,0.0,0.0,0.0,0.0,0.0,0.0,0.0,0.0,0.0,0.0,0.0,0.0,0.0,0.0,0.0,0.0,0.0,0.0,0.0,0.0,0.0,0.0,0.0,0.0,0.0,0.0,0.0,0.0,0.0,0.0,0.0,0.0,0.0,0.0,0.0,0.0,0.0,0.0,0.0,0.0,0.0,0.0,0.0,0.0,0.0,0.0,0.0,0.0,0.0,0.0,0.0,0.0,0.0,0.0,0.0,0.0,0.0,0.0,0.0,0.0,0.0,0.0,0.0,0.0,0.0,0.0,0.0,0.0,0.0,0.0,0.0,0.0,0.0,0.0,0.0,0.0,0.0,0.0,0.0,0.0,0.0,0.0,0.0,0.0,0.0,0.0,0.0,0.0,0.0,0.0,0.0,0.0,0.0,0.0,0.0,0.0,0.0,0.0,0.0,0.0,0.0,0.0,0.0,0.0,0.0,0.0,0.0,0.0,0.0,0.0,0.0,0.0,0.0,0.0,0.0,0.0,0.0,0.0,0.0,0.0,0.0,0.0,0.0,0.0,0.0,0.0,0.0,0.0,0.0,0.0,0.0,0.0,0.0,0.0,0.0,0.0,0.0,0.0,0.0,0.0,0.0,0.0,0.0,0.0,0.0,0.0,0.0,0.0,0.0,0.0,0.0,0.0,0.0,0.0,0.0,0.0,0.0,0.0,0.0,0.0,0.0,0.0,0.0,0.0,0.0,0.0,0.0,0.0,0.0,0.0,0.0,0.0,0.0,0.0,0.0,0.0,0.0,0.0,0.0,0.0,0.0,0.0,0.0,0.0,0.0,0.0,0.0,0.0,0.0,0.0,0.0,0.0,0.0,0.0,0.0,0.0,0.0,0.0,0.0,0.0,0.0,0.0,0.0,0.0,0.0,0.0,0.0,0.0,0.0,0.0,0.0,0.0,0.0,0.0,0.0,0.0,0.0,0.0,0.0,0.0,0.0,0.0,0.0,0.0,0.0,0.0,0.0,0.0,0.0,0.0,0.0,0.0,0.0,0.0,0.0,0.0,0.0,0.0,0.0,0.0,0.0,0.0,0.0,0.0,0.0,0.0,0.0,0.0,0.0,0.0,0.0,0.0,0.0,0.0,0.0,0.0,0.0,0.0,0.0,0.0,0.0,0.0,0.0,0.0,0.0,0.0,0.0,0.0,0.0,0.0,0.0,0.0,0.0,0.0,0.0,0.0,0.0,0.0,0.0,0.0,0.0,0.0,0.0,0.0,0.0,0.0,0.0,0.0,0.0,0.0,0.0,0.0,0.0,0.0,0.0,0.0,0.0,0.0,0.0,0.0,0.0,0.0,0.0,0.0,0.0,0.0,0.0,0.0,0.0,0.0,0.0,0.0,0.0,0.0,0.0,0.0,0.0,0.0,0.0,0.0,0.0,0.0,0.0,0.0,0.0,0.0,0.0,0.0,0.0,0.0,0.0,0.0,0.0,0.0,0.0,0.0,0.0,0.0,0.0,0.0,0.0,0.0,0.0,0.0,0.0,0.0,0.0,0.0,0.0,0.0,0.0,0.0,0.0,0.0,0.0,0.0,0.0,0.0,0.0,0.0,0.0,0.0,0.0,0.0,0.0,0.0,0.0,0.0,0.0,0.0,0.0,0.0,0.0,0.0,0.0,0.0,0.0,0.0,0.0,0.0,0.0,0.0,0.0,0.0,0.0,0.0,0.0,0.0,0.0,0.0,0.0,0.0,0.0,0.0,0.0,0.0,0.0,0.0,0.0,0.0,0.0,0.0,0.0,0.0,0.0,0.0,0.0,0.0,0.0,0.0,0.0,0.0,0.0,0.0,0.0,0.0,0.0,0.0,0.0,0.0,0.0,0.0,0.0,0.0,0.0,0.0,0.0,0.0,0.0,0.0,0.0,0.0,0.0,0.0,0.0,0.0,0.0,0.0,0.0,0.0,0.0,0.0,0.0,0.0,0.0,0.0,0.0,0.0,0.0,0.0,0.0,0.0,0.0,0.0,0.0,0.0,0.0,0.0,0.0,0.0,0.0,0.0,0.0,0.0,0.0,0.0,0.0,0.0,0.0,0.0,0.0,0.0,0.0,0.0,0.0,0.0,0.0,0.0,0.0,0.0,0.0,0.0,0.0,0.0,0.0,0.0,0.0,0.0,0.0,0.0,0.0,0.0,0.0,0.0,0.0,0.0,0.0,0.0,0.0,0.0,0.0,0.0,0.0,0.0,0.0,0.0,0.0,0.0,0.0,0.0,0.0,0.0,0.0,0.0,0.0,0.0,0.0,0.0,0.0,0.0,0.0,0.0,0.0,0.0,0.0,0.0,0.0,0.0,0.0,0.0,0.0,0.0,0.0,0.0,0.0,0.0,0.0,0.0,0.0,0.0,0.0,0.0,0.0,0.0,0.0,0.0,0.0,0.0,0.0,0.0,0.0,0.0,0.0,0.0,0.0,0.0,0.0,0.0,0.0,0.0,0.0,0.0,0.0,0.0,0.0,0.0,0.0,0.0,0.0,0.0,0.0,0.0,0.0,0.0,0.0,0.0,0.0,0.0,0.0,0.0,0.0,0.0,0.0,0.0,0.0,0.0,0.0,0.0,0.0,0.0,0.0,0.0,0.0,0.0,0.0,0.0,0.0,0.0,0.0,0.0,0.0,0.0,0.0,0.0,0.0,0.0,0.0,0.0,0.0,0.0,0.0,0.0,0.0,0.0,0.0,0.0,0.0,0.0,0.0,0.0,0.0,0.0,0.0,0.0,0.0,0.0,0.0,0.0,0.0,0.0,0.0,0.0,0.0,0.0,0.0,0.0,0.0,0.0,0.0,0.0,0.0,0.0,0.0,0.0,0.0,0.0,0.0,0.0,0.0,0.0,0.0,0.0,0.0,0.0,0.0,0.0,0.0,0.0,0.0,0.0,0.0,0.0,0.0,0.0,0.0,0.0,0.0,0.0,0.0,0.0,0.0,0.0,0.0,0.0,0.0,0.0,0.0,0.0,0.0,0.0,0.0,0.0,0.0,0.0,0.0,0.0,0.0,0.0,0.0,0.0,0.0,0.0,0.0,0.0,0.0,0.0,0.0,0.0,0.0,0.0,0.0,0.0,0.0,0.0,0.0,0.0,0.0,0.0,0.0,0.0,0.0,0.0,0.0,0.0,0.0,0.0,0.0,0.0,0.0,0.0,0.0,0.0,0.0,0.0,0.0,0.0,0.0,0.0,0.0,0.0,0.021652020286495866,3.1964188233001785e-6,9.80332344651495e-10,-3.011541418399114e-6,-0.00017026368507056818,-0.0013769502912763043,-1.3420926596475702e-11,5.237249848004242e-10,2.1737400318834917e-8,2.4202900841970884e-9,-4.851480341423851e-8,1.1517192426818487e-8,3.151453042267128e-5,-2.7209124317460328e-5,3.571753617310104e-13,-9.157369802431323e-8,1.0400677202720977e-6
0.0,0.0,0.0,0.0,0.0,0.0,0.0,0.0,0.0,0.0,0.0,0.0,0.0,0.0,0.0,0.0,0.0,0.0,0.0,0.0,0.0,0.0,0.0,0.0,0.0,0.0,0.0,0.0,0.0,0.0,0.0,0.0,0.0,0.0,0.0,0.0,0.0,0.0,0.0,0.0,0.0,0.0,0.0,0.0,0.0,0.0,0.0,0.0,0.0,0.0,0.0,0.0,0.0,0.0,0.0,0.0,0.0,0.0,0.0,0.0,0.0,0.0,0.0,0.0,0.0,0.0,0.0,0.0,0.0,0.0,0.0,0.0,0.0,0.0,0.0,0.0,0.0,0.0,0.0,0.0,0.0,0.0,0.0,0.0,0.0,0.0,0.0,0.0,0.0,0.0,0.0,0.0,0.0,0.0,0.0,0.0,0.0,0.0,0.0,0.0,0.0,0.0,0.0,0.0,0.0,0.0,0.0,0.0,0.0,0.0,0.0,0.0,0.0,0.0,0.0,0.0,0.0,0.0,0.0,0.0,0.0,0.0,0.0,0.0,0.0,0.0,0.0,0.0,0.0,0.0,0.0,0.0,0.0,0.0,0.0,0.0,0.0,0.0,0.0,0.0,0.0,0.0,0.0,0.0,0.0,0.0,0.0,0.0,0.0,0.0,0.0,0.0,0.0,0.0,0.0,0.0,0.0,0.0,0.0,0.0,0.0,0.0,0.0,0.0,0.0,0.0,0.0,0.0,0.0,0.0,0.0,0.0,0.0,0.0,0.0,0.0,0.0,0.0,0.0,0.0,0.0,0.0,0.0,0.0,0.0,0.0,0.0,0.0,0.0,0.0,0.0,0.0,0.0,0.0,0.0,0.0,0.0,0.0,0.0,0.0,0.0,0.0,0.0,0.0,0.0,0.0,0.0,0.0,0.0,0.0,0.0,0.0,0.0,0.0,0.0,0.0,0.0,0.0,0.0,0.0,0.0,0.0,0.0,0.0,0.0,0.0,0.0,0.0,0.0,0.0,0.0,0.0,0.0,0.0,0.0,0.0,0.0,0.0,0.0,0.0,0.0,0.0,0.0,0.0,0.0,0.0,0.0,0.0,0.0,0.0,0.0,0.0,0.0,0.0,0.0,0.0,0.0,0.0,0.0,0.0,0.0,0.0,0.0,0.0,0.0,0.0,0.0,0.0,0.0,0.0,0.0,0.0,0.0,0.0,0.0,0.0,0.0,0.0,0.0,0.0,0.0,0.0,0.0,0.0,0.0,0.0,0.0,0.0,0.0,0.0,0.0,0.0,0.0,0.0,0.0,0.0,0.0,0.0,0.0,0.0,0.0,0.0,0.0,0.0,0.0,0.0,0.0,0.0,0.0,0.0,0.0,0.0,0.0,0.0,0.0,0.0,0.0,0.0,0.0,0.0,0.0,0.0,0.0,0.0,0.0,0.0,0.0,0.0,0.0,0.0,0.0,0.0,0.0,0.0,0.0,0.0,0.0,0.0,0.0,0.0,0.0,0.0,0.0,0.0,0.0,0.0,0.0,0.0,0.0,0.0,0.0,0.0,0.0,0.0,0.0,0.0,0.0,0.0,0.0,0.0,0.0,0.0,0.0,0.0,0.0,0.0,0.0,0.0,0.0,0.0,0.0,0.0,0.0,0.0,0.0,0.0,0.0,0.0,0.0,0.0,0.0,0.0,0.0,0.0,0.0,0.0,0.0,0.0,0.0,0.0,0.0,0.0,0.0,0.0,0.0,0.0,0.0,0.0,0.0,0.0,0.0,0.0,0.0,0.0,0.0,0.0,0.0,0.0,0.0,0.0,0.0,0.0,0.0,0.0,0.0,0.0,0.0,0.0,0.0,0.0,0.0,0.0,0.0,0.0,0.0,0.0,0.0,0.0,0.0,0.0,0.0,0.0,0.0,0.0,0.0,0.0,0.0,0.0,0.0,0.0,0.0,0.0,0.0,0.0,0.0,0.0,0.0,0.0,0.0,0.0,0.0,0.0,0.0,0.0,0.0,0.0,0.0,0.0,0.0,0.0,0.0,0.0,0.0,0.0,0.0,0.0,0.0,0.0,0.0,0.0,0.0,0.0,0.0,0.0,0.0,0.0,0.0,0.0,0.0,0.0,0.0,0.0,0.0,0.0,0.0,0.0,0.0,0.0,0.0,0.0,0.0,0.0,0.0,0.0,0.0,0.0,0.0,0.0,0.0,0.0,0.0,0.0,0.0,0.0,0.0,0.0,0.0,0.0,0.0,0.0,0.0,0.0,0.0,0.0,0.0,0.0,0.0,0.0,0.0,0.0,0.0,0.0,0.0,0.0,0.0,0.0,0.0,0.0,0.0,0.0,0.0,0.0,0.0,0.0,0.0,0.0,0.0,0.0,0.0,0.0,0.0,0.0,0.0,0.0,0.0,0.0,0.0,0.0,0.0,0.0,0.0,0.0,0.0,0.0,0.0,0.0,0.0,0.0,0.0,0.0,0.0,0.0,0.0,0.0,0.0,0.0,0.0,0.0,0.0,0.0,0.0,0.0,0.0,0.0,0.0,0.0,0.0,0.0,0.0,0.0,0.0,0.0,0.0,0.0,0.0,0.0,0.0,0.0,0.0,0.0,0.0,0.0,0.0,0.0,0.0,0.0,0.0,0.0,0.0,0.0,0.0,0.0,0.0,0.0,0.0,0.0,0.0,0.0,0.0,0.0,0.0,0.0,0.0,0.0,0.0,0.0,0.0,0.0,0.0,0.0,0.0,0.0,0.0,0.0,0.0,0.0,0.0,0.0,0.0,0.0,0.0,0.0,0.0,0.0,0.0,0.0,0.0,0.0,0.0,0.0,0.0,0.0,0.0,0.0,0.0,0.0,0.0,0.0,0.0,0.0,0.0,0.0,0.0,0.0,0.0,0.0,0.0,0.0,0.0,0.0,0.0,0.0,0.0,0.0,0.0,0.0,0.0,0.0,0.0,0.0,0.0,0.0,0.0,0.0,0.0,0.0,0.0,0.0,0.0,0.0,0.0,0.0,0.0,0.0,0.0,0.0,0.0,0.0,0.0,0.0,0.0,0.0,0.0,0.0,0.0,0.0,0.0,0.0,0.0,0.0,0.0,0.0,0.0,0.0,0.0,0.0,0.0,0.0,0.0,0.0,0.0,0.0,0.0,0.0,0.0,0.0,0.0,0.0,0.0,0.0,0.0,0.0,0.0,0.0,0.0,0.0,0.0,0.0,0.0,0.0,0.0,0.0,0.0,0.0,0.0,0.0,0.0,0.0,0.0,0.0,0.0,0.0,0.0,0.0,0.0,0.0,0.0,0.0,0.0,0.0,0.0,0.0,0.0,0.0,0.0,0.0,0.0,0.0,0.0,0.0,0.0,0.0,0.0,0.0,0.0,0.0,0.0,0.0,0.0,0.0,0.0,0.0,0.0,0.0,0.0,0.0,0.0,0.0,0.0,0.0,0.0,0.0,0.0,0.02197164819431261,-1.7477402254244693e-6,-0.0009280164211178701,-9.568853257512606e-6,-2.614959962430426e-5,-1.894476900395242e-8,9.24438912814131e-7,1.4192037009572317e-6,-2.208500770541488e-6,-7.098942627472474e-5,-6.2866111976975875e-6,-6.90698388659581e-8,-1.1313355689274804e-8,1.1874961544255233e-8,0.0011549599206571784,-6.013939733327609e-10
0.0,0.0,0.0,0.0,0.0,0.0,0.0,0.0,0.0,0.0,0.0,0.0,0.0,0.0,0.0,0.0,0.0,0.0,0.0,0.0,0.0,0.0,0.0,0.0,0.0,0.0,0.0,0.0,0.0,0.0,0.0,0.0,0.0,0.0,0.0,0.0,0.0,0.0,0.0,0.0,0.0,0.0,0.0,0.0,0.0,0.0,0.0,0.0,0.0,0.0,0.0,0.0,0.0,0.0,0.0,0.0,0.0,0.0,0.0,0.0,0.0,0.0,0.0,0.0,0.0,0.0,0.0,0.0,0.0,0.0,0.0,0.0,0.0,0.0,0.0,0.0,0.0,0.0,0.0,0.0,0.0,0.0,0.0,0.0,0.0,0.0,0.0,0.0,0.0,0.0,0.0,0.0,0.0,0.0,0.0,0.0,0.0,0.0,0.0,0.0,0.0,0.0,0.0,0.0,0.0,0.0,0.0,0.0,0.0,0.0,0.0,0.0,0.0,0.0,0.0,0.0,0.0,0.0,0.0,0.0,0.0,0.0,0.0,0.0,0.0,0.0,0.0,0.0,0.0,0.0,0.0,0.0,0.0,0.0,0.0,0.0,0.0,0.0,0.0,0.0,0.0,0.0,0.0,0.0,0.0,0.0,0.0,0.0,0.0,0.0,0.0,0.0,0.0,0.0,0.0,0.0,0.0,0.0,0.0,0.0,0.0,0.0,0.0,0.0,0.0,0.0,0.0,0.0,0.0,0.0,0.0,0.0,0.0,0.0,0.0,0.0,0.0,0.0,0.0,0.0,0.0,0.0,0.0,0.0,0.0,0.0,0.0,0.0,0.0,0.0,0.0,0.0,0.0,0.0,0.0,0.0,0.0,0.0,0.0,0.0,0.0,0.0,0.0,0.0,0.0,0.0,0.0,0.0,0.0,0.0,0.0,0.0,0.0,0.0,0.0,0.0,0.0,0.0,0.0,0.0,0.0,0.0,0.0,0.0,0.0,0.0,0.0,0.0,0.0,0.0,0.0,0.0,0.0,0.0,0.0,0.0,0.0,0.0,0.0,0.0,0.0,0.0,0.0,0.0,0.0,0.0,0.0,0.0,0.0,0.0,0.0,0.0,0.0,0.0,0.0,0.0,0.0,0.0,0.0,0.0,0.0,0.0,0.0,0.0,0.0,0.0,0.0,0.0,0.0,0.0,0.0,0.0,0.0,0.0,0.0,0.0,0.0,0.0,0.0,0.0,0.0,0.0,0.0,0.0,0.0,0.0,0.0,0.0,0.0,0.0,0.0,0.0,0.0,0.0,0.0,0.0,0.0,0.0,0.0,0.0,0.0,0.0,0.0,0.0,0.0,0.0,0.0,0.0,0.0,0.0,0.0,0.0,0.0,0.0,0.0,0.0,0.0,0.0,0.0,0.0,0.0,0.0,0.0,0.0,0.0,0.0,0.0,0.0,0.0,0.0,0.0,0.0,0.0,0.0,0.0,0.0,0.0,0.0,0.0,0.0,0.0,0.0,0.0,0.0,0.0,0.0,0.0,0.0,0.0,0.0,0.0,0.0,0.0,0.0,0.0,0.0,0.0,0.0,0.0,0.0,0.0,0.0,0.0,0.0,0.0,0.0,0.0,0.0,0.0,0.0,0.0,0.0,0.0,0.0,0.0,0.0,0.0,0.0,0.0,0.0,0.0,0.0,0.0,0.0,0.0,0.0,0.0,0.0,0.0,0.0,0.0,0.0,0.0,0.0,0.0,0.0,0.0,0.0,0.0,0.0,0.0,0.0,0.0,0.0,0.0,0.0,0.0,0.0,0.0,0.0,0.0,0.0,0.0,0.0,0.0,0.0,0.0,0.0,0.0,0.0,0.0,0.0,0.0,0.0,0.0,0.0,0.0,0.0,0.0,0.0,0.0,0.0,0.0,0.0,0.0,0.0,0.0,0.0,0.0,0.0,0.0,0.0,0.0,0.0,0.0,0.0,0.0,0.0,0.0,0.0,0.0,0.0,0.0,0.0,0.0,0.0,0.0,0.0,0.0,0.0,0.0,0.0,0.0,0.0,0.0,0.0,0.0,0.0,0.0,0.0,0.0,0.0,0.0,0.0,0.0,0.0,0.0,0.0,0.0,0.0,0.0,0.0,0.0,0.0,0.0,0.0,0.0,0.0,0.0,0.0,0.0,0.0,0.0,0.0,0.0,0.0,0.0,0.0,0.0,0.0,0.0,0.0,0.0,0.0,0.0,0.0,0.0,0.0,0.0,0.0,0.0,0.0,0.0,0.0,0.0,0.0,0.0,0.0,0.0,0.0,0.0,0.0,0.0,0.0,0.0,0.0,0.0,0.0,0.0,0.0,0.0,0.0,0.0,0.0,0.0,0.0,0.0,0.0,0.0,0.0,0.0,0.0,0.0,0.0,0.0,0.0,0.0,0.0,0.0,0.0,0.0,0.0,0.0,0.0,0.0,0.0,0.0,0.0,0.0,0.0,0.0,0.0,0.0,0.0,0.0,0.0,0.0,0.0,0.0,0.0,0.0,0.0,0.0,0.0,0.0,0.0,0.0,0.0,0.0,0.0,0.0,0.0,0.0,0.0,0.0,0.0,0.0,0.0,0.0,0.0,0.0,0.0,0.0,0.0,0.0,0.0,0.0,0.0,0.0,0.0,0.0,0.0,0.0,0.0,0.0,0.0,0.0,0.0,0.0,0.0,0.0,0.0,0.0,0.0,0.0,0.0,0.0,0.0,0.0,0.0,0.0,0.0,0.0,0.0,0.0,0.0,0.0,0.0,0.0,0.0,0.0,0.0,0.0,0.0,0.0,0.0,0.0,0.0,0.0,0.0,0.0,0.0,0.0,0.0,0.0,0.0,0.0,0.0,0.0,0.0,0.0,0.0,0.0,0.0,0.0,0.0,0.0,0.0,0.0,0.0,0.0,0.0,0.0,0.0,0.0,0.0,0.0,0.0,0.0,0.0,0.0,0.0,0.0,0.0,0.0,0.0,0.0,0.0,0.0,0.0,0.0,0.0,0.0,0.0,0.0,0.0,0.0,0.0,0.0,0.0,0.0,0.0,0.0,0.0,0.0,0.0,0.0,0.0,0.0,0.0,0.0,0.0,0.0,0.0,0.0,0.0,0.0,0.0,0.0,0.0,0.0,0.0,0.0,0.0,0.0,0.0,0.0,0.0,0.0,0.0,0.0,0.0,0.0,0.0,0.0,0.0,0.0,0.0,0.0,0.0,0.0,0.0,0.0,0.0,0.0,0.0,0.0,0.0,0.0,0.0,0.0,0.0,0.0,0.0,0.0,0.0,0.0,0.0,0.0,0.0,0.0,0.0,0.0,0.0,0.0,0.0,0.0,0.0,0.0,0.0,0.0,0.0,0.0,0.0,0.0,0.0,0.0,0.0,0.0,0.0,0.0,0.0,0.0,0.0,0.0,0.0,0.0,0.0,0.0,0.0,0.0,0.0,0.0,0.0,0.016618359410726216,8.068620476844171e-8,-1.4472419063411906e-9,-1.9170738613896055e-8,3.9997977779813317e-5,0.0008437778219515591,0.00017178969073411725,2.031625180259189e-5,-0.0003737358898814192,0.00040525348128322123,-3.261694919015852e-11,7.957854039971221e-12,2.4240057687654406e-5,-1.3029374883002008e-5,-6.964608788066049e-13
0.0,0.0,0.0,0.0,0.0,0.0,0.0,0.0,0.0,0.0,0.0,0.0,0.0,0.0,0.0,0.0,0.0,0.0,0.0,0.0,0.0,0.0,0.0,0.0,0.0,0.0,0.0,0.0,0.0,0.0,0.0,0.0,0.0,0.0,0.0,0.0,0.0,0.0,0.0,0.0,0.0,0.0,0.0,0.0,0.0,0.0,0.0,0.0,0.0,0.0,0.0,0.0,0.0,0.0,0.0,0.0,0.0,0.0,0.0,0.0,0.0,0.0,0.0,0.0,0.0,0.0,0.0,0.0,0.0,0.0,0.0,0.0,0.0,0.0,0.0,0.0,0.0,0.0,0.0,0.0,0.0,0.0,0.0,0.0,0.0,0.0,0.0,0.0,0.0,0.0,0.0,0.0,0.0,0.0,0.0,0.0,0.0,0.0,0.0,0.0,0.0,0.0,0.0,0.0,0.0,0.0,0.0,0.0,0.0,0.0,0.0,0.0,0.0,0.0,0.0,0.0,0.0,0.0,0.0,0.0,0.0,0.0,0.0,0.0,0.0,0.0,0.0,0.0,0.0,0.0,0.0,0.0,0.0,0.0,0.0,0.0,0.0,0.0,0.0,0.0,0.0,0.0,0.0,0.0,0.0,0.0,0.0,0.0,0.0,0.0,0.0,0.0,0.0,0.0,0.0,0.0,0.0,0.0,0.0,0.0,0.0,0.0,0.0,0.0,0.0,0.0,0.0,0.0,0.0,0.0,0.0,0.0,0.0,0.0,0.0,0.0,0.0,0.0,0.0,0.0,0.0,0.0,0.0,0.0,0.0,0.0,0.0,0.0,0.0,0.0,0.0,0.0,0.0,0.0,0.0,0.0,0.0,0.0,0.0,0.0,0.0,0.0,0.0,0.0,0.0,0.0,0.0,0.0,0.0,0.0,0.0,0.0,0.0,0.0,0.0,0.0,0.0,0.0,0.0,0.0,0.0,0.0,0.0,0.0,0.0,0.0,0.0,0.0,0.0,0.0,0.0,0.0,0.0,0.0,0.0,0.0,0.0,0.0,0.0,0.0,0.0,0.0,0.0,0.0,0.0,0.0,0.0,0.0,0.0,0.0,0.0,0.0,0.0,0.0,0.0,0.0,0.0,0.0,0.0,0.0,0.0,0.0,0.0,0.0,0.0,0.0,0.0,0.0,0.0,0.0,0.0,0.0,0.0,0.0,0.0,0.0,0.0,0.0,0.0,0.0,0.0,0.0,0.0,0.0,0.0,0.0,0.0,0.0,0.0,0.0,0.0,0.0,0.0,0.0,0.0,0.0,0.0,0.0,0.0,0.0,0.0,0.0,0.0,0.0,0.0,0.0,0.0,0.0,0.0,0.0,0.0,0.0,0.0,0.0,0.0,0.0,0.0,0.0,0.0,0.0,0.0,0.0,0.0,0.0,0.0,0.0,0.0,0.0,0.0,0.0,0.0,0.0,0.0,0.0,0.0,0.0,0.0,0.0,0.0,0.0,0.0,0.0,0.0,0.0,0.0,0.0,0.0,0.0,0.0,0.0,0.0,0.0,0.0,0.0,0.0,0.0,0.0,0.0,0.0,0.0,0.0,0.0,0.0,0.0,0.0,0.0,0.0,0.0,0.0,0.0,0.0,0.0,0.0,0.0,0.0,0.0,0.0,0.0,0.0,0.0,0.0,0.0,0.0,0.0,0.0,0.0,0.0,0.0,0.0,0.0,0.0,0.0,0.0,0.0,0.0,0.0,0.0,0.0,0.0,0.0,0.0,0.0,0.0,0.0,0.0,0.0,0.0,0.0,0.0,0.0,0.0,0.0,0.0,0.0,0.0,0.0,0.0,0.0,0.0,0.0,0.0,0.0,0.0,0.0,0.0,0.0,0.0,0.0,0.0,0.0,0.0,0.0,0.0,0.0,0.0,0.0,0.0,0.0,0.0,0.0,0.0,0.0,0.0,0.0,0.0,0.0,0.0,0.0,0.0,0.0,0.0,0.0,0.0,0.0,0.0,0.0,0.0,0.0,0.0,0.0,0.0,0.0,0.0,0.0,0.0,0.0,0.0,0.0,0.0,0.0,0.0,0.0,0.0,0.0,0.0,0.0,0.0,0.0,0.0,0.0,0.0,0.0,0.0,0.0,0.0,0.0,0.0,0.0,0.0,0.0,0.0,0.0,0.0,0.0,0.0,0.0,0.0,0.0,0.0,0.0,0.0,0.0,0.0,0.0,0.0,0.0,0.0,0.0,0.0,0.0,0.0,0.0,0.0,0.0,0.0,0.0,0.0,0.0,0.0,0.0,0.0,0.0,0.0,0.0,0.0,0.0,0.0,0.0,0.0,0.0,0.0,0.0,0.0,0.0,0.0,0.0,0.0,0.0,0.0,0.0,0.0,0.0,0.0,0.0,0.0,0.0,0.0,0.0,0.0,0.0,0.0,0.0,0.0,0.0,0.0,0.0,0.0,0.0,0.0,0.0,0.0,0.0,0.0,0.0,0.0,0.0,0.0,0.0,0.0,0.0,0.0,0.0,0.0,0.0,0.0,0.0,0.0,0.0,0.0,0.0,0.0,0.0,0.0,0.0,0.0,0.0,0.0,0.0,0.0,0.0,0.0,0.0,0.0,0.0,0.0,0.0,0.0,0.0,0.0,0.0,0.0,0.0,0.0,0.0,0.0,0.0,0.0,0.0,0.0,0.0,0.0,0.0,0.0,0.0,0.0,0.0,0.0,0.0,0.0,0.0,0.0,0.0,0.0,0.0,0.0,0.0,0.0,0.0,0.0,0.0,0.0,0.0,0.0,0.0,0.0,0.0,0.0,0.0,0.0,0.0,0.0,0.0,0.0,0.0,0.0,0.0,0.0,0.0,0.0,0.0,0.0,0.0,0.0,0.0,0.0,0.0,0.0,0.0,0.0,0.0,0.0,0.0,0.0,0.0,0.0,0.0,0.0,0.0,0.0,0.0,0.0,0.0,0.0,0.0,0.0,0.0,0.0,0.0,0.0,0.0,0.0,0.0,0.0,0.0,0.0,0.0,0.0,0.0,0.0,0.0,0.0,0.0,0.0,0.0,0.0,0.0,0.0,0.0,0.0,0.0,0.0,0.0,0.0,0.0,0.0,0.0,0.0,0.0,0.0,0.0,0.0,0.0,0.0,0.0,0.0,0.0,0.0,0.0,0.0,0.0,0.0,0.0,0.0,0.0,0.0,0.0,0.0,0.0,0.0,0.0,0.0,0.0,0.0,0.0,0.0,0.0,0.0,0.0,0.0,0.0,0.0,0.0,0.0,0.0,0.0,0.0,0.0,0.0,0.0,0.0,0.0,0.0,0.0,0.0,0.0,0.0,0.0,0.0,0.0,0.0,0.0,0.0,0.0,0.0,0.0,0.0,0.0,0.0,0.0,0.0,0.0,0.0,0.0,0.0,0.0,0.0,0.0,0.0,0.0,0.0,0.0,0.0,0.0,0.0,0.0,0.01736604676003942,8.71290139315787e-5,-0.000117598873958637,1.0490347190878388e-8,-5.161215303082051e-8,-6.414785201276759e-6,-2.7842817904198755e-6,-4.460041032675198e-6,-1.6661968650027012e-6,4.89985192246069e-7,-4.646124173205335e-8,2.8014757417191636e-9,0.00028067490269494285,7.468822101556885e-9
0.0,0.0,0.0,0.0,0.0,0.0,0.0,0.0,0.0,0.0,0.0,0.0,0.0,0.0,0.0,0.0,0.0,0.0,0.0,0.0,0.0,0.0,0.0,0.0,0.0,0.0,0.0,0.0,0.0,0.0,0.0,0.0,0.0,0.0,0.0,0.0,0.0,0.0,0.0,0.0,0.0,0.0,0.0,0.0,0.0,0.0,0.0,0.0,0.0,0.0,0.0,0.0,0.0,0.0,0.0,0.0,0.0,0.0,0.0,0.0,0.0,0.0,0.0,0.0,0.0,0.0,0.0,0.0,0.0,0.0,0.0,0.0,0.0,0.0,0.0,0.0,0.0,0.0,0.0,0.0,0.0,0.0,0.0,0.0,0.0,0.0,0.0,0.0,0.0,0.0,0.0,0.0,0.0,0.0,0.0,0.0,0.0,0.0,0.0,0.0,0.0,0.0,0.0,0.0,0.0,0.0,0.0,0.0,0.0,0.0,0.0,0.0,0.0,0.0,0.0,0.0,0.0,0.0,0.0,0.0,0.0,0.0,0.0,0.0,0.0,0.0,0.0,0.0,0.0,0.0,0.0,0.0,0.0,0.0,0.0,0.0,0.0,0.0,0.0,0.0,0.0,0.0,0.0,0.0,0.0,0.0,0.0,0.0,0.0,0.0,0.0,0.0,0.0,0.0,0.0,0.0,0.0,0.0,0.0,0.0,0.0,0.0,0.0,0.0,0.0,0.0,0.0,0.0,0.0,0.0,0.0,0.0,0.0,0.0,0.0,0.0,0.0,0.0,0.0,0.0,0.0,0.0,0.0,0.0,0.0,0.0,0.0,0.0,0.0,0.0,0.0,0.0,0.0,0.0,0.0,0.0,0.0,0.0,0.0,0.0,0.0,0.0,0.0,0.0,0.0,0.0,0.0,0.0,0.0,0.0,0.0,0.0,0.0,0.0,0.0,0.0,0.0,0.0,0.0,0.0,0.0,0.0,0.0,0.0,0.0,0.0,0.0,0.0,0.0,0.0,0.0,0.0,0.0,0.0,0.0,0.0,0.0,0.0,0.0,0.0,0.0,0.0,0.0,0.0,0.0,0.0,0.0,0.0,0.0,0.0,0.0,0.0,0.0,0.0,0.0,0.0,0.0,0.0,0.0,0.0,0.0,0.0,0.0,0.0,0.0,0.0,0.0,0.0,0.0,0.0,0.0,0.0,0.0,0.0,0.0,0.0,0.0,0.0,0.0,0.0,0.0,0.0,0.0,0.0,0.0,0.0,0.0,0.0,0.0,0.0,0.0,0.0,0.0,0.0,0.0,0.0,0.0,0.0,0.0,0.0,0.0,0.0,0.0,0.0,0.0,0.0,0.0,0.0,0.0,0.0,0.0,0.0,0.0,0.0,0.0,0.0,0.0,0.0,0.0,0.0,0.0,0.0,0.0,0.0,0.0,0.0,0.0,0.0,0.0,0.0,0.0,0.0,0.0,0.0,0.0,0.0,0.0,0.0,0.0,0.0,0.0,0.0,0.0,0.0,0.0,0.0,0.0,0.0,0.0,0.0,0.0,0.0,0.0,0.0,0.0,0.0,0.0,0.0,0.0,0.0,0.0,0.0,0.0,0.0,0.0,0.0,0.0,0.0,0.0,0.0,0.0,0.0,0.0,0.0,0.0,0.0,0.0,0.0,0.0,0.0,0.0,0.0,0.0,0.0,0.0,0.0,0.0,0.0,0.0,0.0,0.0,0.0,0.0,0.0,0.0,0.0,0.0,0.0,0.0,0.0,0.0,0.0,0.0,0.0,0.0,0.0,0.0,0.0,0.0,0.0,0.0,0.0,0.0,0.0,0.0,0.0,0.0,0.0,0.0,0.0,0.0,0.0,0.0,0.0,0.0,0.0,0.0,0.0,0.0,0.0,0.0,0.0,0.0,0.0,0.0,0.0,0.0,0.0,0.0,0.0,0.0,0.0,0.0,0.0,0.0,0.0,0.0,0.0,0.0,0.0,0.0,0.0,0.0,0.0,0.0,0.0,0.0,0.0,0.0,0.0,0.0,0.0,0.0,0.0,0.0,0.0,0.0,0.0,0.0,0.0,0.0,0.0,0.0,0.0,0.0,0.0,0.0,0.0,0.0,0.0,0.0,0.0,0.0,0.0,0.0,0.0,0.0,0.0,0.0,0.0,0.0,0.0,0.0,0.0,0.0,0.0,0.0,0.0,0.0,0.0,0.0,0.0,0.0,0.0,0.0,0.0,0.0,0.0,0.0,0.0,0.0,0.0,0.0,0.0,0.0,0.0,0.0,0.0,0.0,0.0,0.0,0.0,0.0,0.0,0.0,0.0,0.0,0.0,0.0,0.0,0.0,0.0,0.0,0.0,0.0,0.0,0.0,0.0,0.0,0.0,0.0,0.0,0.0,0.0,0.0,0.0,0.0,0.0,0.0,0.0,0.0,0.0,0.0,0.0,0.0,0.0,0.0,0.0,0.0,0.0,0.0,0.0,0.0,0.0,0.0,0.0,0.0,0.0,0.0,0.0,0.0,0.0,0.0,0.0,0.0,0.0,0.0,0.0,0.0,0.0,0.0,0.0,0.0,0.0,0.0,0.0,0.0,0.0,0.0,0.0,0.0,0.0,0.0,0.0,0.0,0.0,0.0,0.0,0.0,0.0,0.0,0.0,0.0,0.0,0.0,0.0,0.0,0.0,0.0,0.0,0.0,0.0,0.0,0.0,0.0,0.0,0.0,0.0,0.0,0.0,0.0,0.0,0.0,0.0,0.0,0.0,0.0,0.0,0.0,0.0,0.0,0.0,0.0,0.0,0.0,0.0,0.0,0.0,0.0,0.0,0.0,0.0,0.0,0.0,0.0,0.0,0.0,0.0,0.0,0.0,0.0,0.0,0.0,0.0,0.0,0.0,0.0,0.0,0.0,0.0,0.0,0.0,0.0,0.0,0.0,0.0,0.0,0.0,0.0,0.0,0.0,0.0,0.0,0.0,0.0,0.0,0.0,0.0,0.0,0.0,0.0,0.0,0.0,0.0,0.0,0.0,0.0,0.0,0.0,0.0,0.0,0.0,0.0,0.0,0.0,0.0,0.0,0.0,0.0,0.0,0.0,0.0,0.0,0.0,0.0,0.0,0.0,0.0,0.0,0.0,0.0,0.0,0.0,0.0,0.0,0.0,0.0,0.0,0.0,0.0,0.0,0.0,0.0,0.0,0.0,0.0,0.0,0.0,0.0,0.0,0.0,0.0,0.0,0.0,0.0,0.0,0.0,0.0,0.0,0.0,0.0,0.0,0.0,0.0,0.0,0.0,0.0,0.0,0.0,0.0,0.0,0.0,0.0,0.0,0.0,0.0,0.0,0.0,0.0,0.0,0.0,0.0,0.0,0.0,0.0,0.0,0.0,0.0,0.0,0.0,0.0,0.0,0.0,0.0,0.0,0.0,0.0,0.0,0.0,0.0,0.0,0.0,0.0,0.0,0.0,0.0,0.019930985601924085,-6.153908922632856e-5,-5.751975537966175e-11,1.9185244488419797e-9,5.27383583984125e-8,-9.632065499181626e-9,-2.1257370824099507e-7,3.820019155834898e-8,1.340619430106664e-5,1.3483251599908652e-5,-4.458877966492013e-11,-2.320502480004424e-6,2.4572166382540735e-7
0.0,0.0,0.0,0.0,0.0,0.0,0.0,0.0,0.0,0.0,0.0,0.0,0.0,0.0,0.0,0.0,0.0,0.0,0.0,0.0,0.0,0.0,0.0,0.0,0.0,0.0,0.0,0.0,0.0,0.0,0.0,0.0,0.0,0.0,0.0,0.0,0.0,0.0,0.0,0.0,0.0,0.0,0.0,0.0,0.0,0.0,0.0,0.0,0.0,0.0,0.0,0.0,0.0,0.0,0.0,0.0,0.0,0.0,0.0,0.0,0.0,0.0,0.0,0.0,0.0,0.0,0.0,0.0,0.0,0.0,0.0,0.0,0.0,0.0,0.0,0.0,0.0,0.0,0.0,0.0,0.0,0.0,0.0,0.0,0.0,0.0,0.0,0.0,0.0,0.0,0.0,0.0,0.0,0.0,0.0,0.0,0.0,0.0,0.0,0.0,0.0,0.0,0.0,0.0,0.0,0.0,0.0,0.0,0.0,0.0,0.0,0.0,0.0,0.0,0.0,0.0,0.0,0.0,0.0,0.0,0.0,0.0,0.0,0.0,0.0,0.0,0.0,0.0,0.0,0.0,0.0,0.0,0.0,0.0,0.0,0.0,0.0,0.0,0.0,0.0,0.0,0.0,0.0,0.0,0.0,0.0,0.0,0.0,0.0,0.0,0.0,0.0,0.0,0.0,0.0,0.0,0.0,0.0,0.0,0.0,0.0,0.0,0.0,0.0,0.0,0.0,0.0,0.0,0.0,0.0,0.0,0.0,0.0,0.0,0.0,0.0,0.0,0.0,0.0,0.0,0.0,0.0,0.0,0.0,0.0,0.0,0.0,0.0,0.0,0.0,0.0,0.0,0.0,0.0,0.0,0.0,0.0,0.0,0.0,0.0,0.0,0.0,0.0,0.0,0.0,0.0,0.0,0.0,0.0,0.0,0.0,0.0,0.0,0.0,0.0,0.0,0.0,0.0,0.0,0.0,0.0,0.0,0.0,0.0,0.0,0.0,0.0,0.0,0.0,0.0,0.0,0.0,0.0,0.0,0.0,0.0,0.0,0.0,0.0,0.0,0.0,0.0,0.0,0.0,0.0,0.0,0.0,0.0,0.0,0.0,0.0,0.0,0.0,0.0,0.0,0.0,0.0,0.0,0.0,0.0,0.0,0.0,0.0,0.0,0.0,0.0,0.0,0.0,0.0,0.0,0.0,0.0,0.0,0.0,0.0,0.0,0.0,0.0,0.0,0.0,0.0,0.0,0.0,0.0,0.0,0.0,0.0,0.0,0.0,0.0,0.0,0.0,0.0,0.0,0.0,0.0,0.0,0.0,0.0,0.0,0.0,0.0,0.0,0.0,0.0,0.0,0.0,0.0,0.0,0.0,0.0,0.0,0.0,0.0,0.0,0.0,0.0,0.0,0.0,0.0,0.0,0.0,0.0,0.0,0.0,0.0,0.0,0.0,0.0,0.0,0.0,0.0,0.0,0.0,0.0,0.0,0.0,0.0,0.0,0.0,0.0,0.0,0.0,0.0,0.0,0.0,0.0,0.0,0.0,0.0,0.0,0.0,0.0,0.0,0.0,0.0,0.0,0.0,0.0,0.0,0.0,0.0,0.0,0.0,0.0,0.0,0.0,0.0,0.0,0.0,0.0,0.0,0.0,0.0,0.0,0.0,0.0,0.0,0.0,0.0,0.0,0.0,0.0,0.0,0.0,0.0,0.0,0.0,0.0,0.0,0.0,0.0,0.0,0.0,0.0,0.0,0.0,0.0,0.0,0.0,0.0,0.0,0.0,0.0,0.0,0.0,0.0,0.0,0.0,0.0,0.0,0.0,0.0,0.0,0.0,0.0,0.0,0.0,0.0,0.0,0.0,0.0,0.0,0.0,0.0,0.0,0.0,0.0,0.0,0.0,0.0,0.0,0.0,0.0,0.0,0.0,0.0,0.0,0.0,0.0,0.0,0.0,0.0,0.0,0.0,0.0,0.0,0.0,0.0,0.0,0.0,0.0,0.0,0.0,0.0,0.0,0.0,0.0,0.0,0.0,0.0,0.0,0.0,0.0,0.0,0.0,0.0,0.0,0.0,0.0,0.0,0.0,0.0,0.0,0.0,0.0,0.0,0.0,0.0,0.0,0.0,0.0,0.0,0.0,0.0,0.0,0.0,0.0,0.0,0.0,0.0,0.0,0.0,0.0,0.0,0.0,0.0,0.0,0.0,0.0,0.0,0.0,0.0,0.0,0.0,0.0,0.0,0.0,0.0,0.0,0.0,0.0,0.0,0.0,0.0,0.0,0.0,0.0,0.0,0.0,0.0,0.0,0.0,0.0,0.0,0.0,0.0,0.0,0.0,0.0,0.0,0.0,0.0,0.0,0.0,0.0,0.0,0.0,0.0,0.0,0.0,0.0,0.0,0.0,0.0,0.0,0.0,0.0,0.0,0.0,0.0,0.0,0.0,0.0,0.0,0.0,0.0,0.0,0.0,0.0,0.0,0.0,0.0,0.0,0.0,0.0,0.0,0.0,0.0,0.0,0.0,0.0,0.0,0.0,0.0,0.0,0.0,0.0,0.0,0.0,0.0,0.0,0.0,0.0,0.0,0.0,0.0,0.0,0.0,0.0,0.0,0.0,0.0,0.0,0.0,0.0,0.0,0.0,0.0,0.0,0.0,0.0,0.0,0.0,0.0,0.0,0.0,0.0,0.0,0.0,0.0,0.0,0.0,0.0,0.0,0.0,0.0,0.0,0.0,0.0,0.0,0.0,0.0,0.0,0.0,0.0,0.0,0.0,0.0,0.0,0.0,0.0,0.0,0.0,0.0,0.0,0.0,0.0,0.0,0.0,0.0,0.0,0.0,0.0,0.0,0.0,0.0,0.0,0.0,0.0,0.0,0.0,0.0,0.0,0.0,0.0,0.0,0.0,0.0,0.0,0.0,0.0,0.0,0.0,0.0,0.0,0.0,0.0,0.0,0.0,0.0,0.0,0.0,0.0,0.0,0.0,0.0,0.0,0.0,0.0,0.0,0.0,0.0,0.0,0.0,0.0,0.0,0.0,0.0,0.0,0.0,0.0,0.0,0.0,0.0,0.0,0.0,0.0,0.0,0.0,0.0,0.0,0.0,0.0,0.0,0.0,0.0,0.0,0.0,0.0,0.0,0.0,0.0,0.0,0.0,0.0,0.0,0.0,0.0,0.0,0.0,0.0,0.0,0.0,0.0,0.0,0.0,0.0,0.0,0.0,0.0,0.0,0.0,0.0,0.0,0.0,0.0,0.0,0.0,0.0,0.0,0.0,0.0,0.0,0.0,0.0,0.0,0.0,0.0,0.0,0.0,0.0,0.0,0.0,0.0,0.0,0.0,0.0,0.0,0.0,0.0,0.0,0.0,0.0,0.0,0.0,0.0,0.0,0.0,0.0,0.0,0.0,0.0,0.0,0.0,0.0,0.0,0.0,0.0,0.0,0.0,0.0,0.0,0.0,0.0,0.0,0.0,0.023154623425486017,2.2039627097777625e-10,-3.883018029283665e-9,-2.1942790320168976e-7,-6.335116339350365e-8,5.640007802319736e-7,-2.12984240846944e-7,-8.066540537568567e-5,-1.1555499405475919e-5,4.3430390266868284e-11,4.477415038015989e-6,-1.2345677069424431e-6
0.0,0.0,0.0,0.0,0.0,0.0,0.0,0.0,0.0,0.0,0.0,0.0,0.0,0.0,0.0,0.0,0.0,0.0,0.0,0.0,0.0,0.0,0.0,0.0,0.0,0.0,0.0,0.0,0.0,0.0,0.0,0.0,0.0,0.0,0.0,0.0,0.0,0.0,0.0,0.0,0.0,0.0,0.0,0.0,0.0,0.0,0.0,0.0,0.0,0.0,0.0,0.0,0.0,0.0,0.0,0.0,0.0,0.0,0.0,0.0,0.0,0.0,0.0,0.0,0.0,0.0,0.0,0.0,0.0,0.0,0.0,0.0,0.0,0.0,0.0,0.0,0.0,0.0,0.0,0.0,0.0,0.0,0.0,0.0,0.0,0.0,0.0,0.0,0.0,0.0,0.0,0.0,0.0,0.0,0.0,0.0,0.0,0.0,0.0,0.0,0.0,0.0,0.0,0.0,0.0,0.0,0.0,0.0,0.0,0.0,0.0,0.0,0.0,0.0,0.0,0.0,0.0,0.0,0.0,0.0,0.0,0.0,0.0,0.0,0.0,0.0,0.0,0.0,0.0,0.0,0.0,0.0,0.0,0.0,0.0,0.0,0.0,0.0,0.0,0.0,0.0,0.0,0.0,0.0,0.0,0.0,0.0,0.0,0.0,0.0,0.0,0.0,0.0,0.0,0.0,0.0,0.0,0.0,0.0,0.0,0.0,0.0,0.0,0.0,0.0,0.0,0.0,0.0,0.0,0.0,0.0,0.0,0.0,0.0,0.0,0.0,0.0,0.0,0.0,0.0,0.0,0.0,0.0,0.0,0.0,0.0,0.0,0.0,0.0,0.0,0.0,0.0,0.0,0.0,0.0,0.0,0.0,0.0,0.0,0.0,0.0,0.0,0.0,0.0,0.0,0.0,0.0,0.0,0.0,0.0,0.0,0.0,0.0,0.0,0.0,0.0,0.0,0.0,0.0,0.0,0.0,0.0,0.0,0.0,0.0,0.0,0.0,0.0,0.0,0.0,0.0,0.0,0.0,0.0,0.0,0.0,0.0,0.0,0.0,0.0,0.0,0.0,0.0,0.0,0.0,0.0,0.0,0.0,0.0,0.0,0.0,0.0,0.0,0.0,0.0,0.0,0.0,0.0,0.0,0.0,0.0,0.0,0.0,0.0,0.0,0.0,0.0,0.0,0.0,0.0,0.0,0.0,0.0,0.0,0.0,0.0,0.0,0.0,0.0,0.0,0.0,0.0,0.0,0.0,0.0,0.0,0.0,0.0,0.0,0.0,0.0,0.0,0.0,0.0,0.0,0.0,0.0,0.0,0.0,0.0,0.0,0.0,0.0,0.0,0.0,0.0,0.0,0.0,0.0,0.0,0.0,0.0,0.0,0.0,0.0,0.0,0.0,0.0,0.0,0.0,0.0,0.0,0.0,0.0,0.0,0.0,0.0,0.0,0.0,0.0,0.0,0.0,0.0,0.0,0.0,0.0,0.0,0.0,0.0,0.0,0.0,0.0,0.0,0.0,0.0,0.0,0.0,0.0,0.0,0.0,0.0,0.0,0.0,0.0,0.0,0.0,0.0,0.0,0.0,0.0,0.0,0.0,0.0,0.0,0.0,0.0,0.0,0.0,0.0,0.0,0.0,0.0,0.0,0.0,0.0,0.0,0.0,0.0,0.0,0.0,0.0,0.0,0.0,0.0,0.0,0.0,0.0,0.0,0.0,0.0,0.0,0.0,0.0,0.0,0.0,0.0,0.0,0.0,0.0,0.0,0.0,0.0,0.0,0.0,0.0,0.0,0.0,0.0,0.0,0.0,0.0,0.0,0.0,0.0,0.0,0.0,0.0,0.0,0.0,0.0,0.0,0.0,0.0,0.0,0.0,0.0,0.0,0.0,0.0,0.0,0.0,0.0,0.0,0.0,0.0,0.0,0.0,0.0,0.0,0.0,0.0,0.0,0.0,0.0,0.0,0.0,0.0,0.0,0.0,0.0,0.0,0.0,0.0,0.0,0.0,0.0,0.0,0.0,0.0,0.0,0.0,0.0,0.0,0.0,0.0,0.0,0.0,0.0,0.0,0.0,0.0,0.0,0.0,0.0,0.0,0.0,0.0,0.0,0.0,0.0,0.0,0.0,0.0,0.0,0.0,0.0,0.0,0.0,0.0,0.0,0.0,0.0,0.0,0.0,0.0,0.0,0.0,0.0,0.0,0.0,0.0,0.0,0.0,0.0,0.0,0.0,0.0,0.0,0.0,0.0,0.0,0.0,0.0,0.0,0.0,0.0,0.0,0.0,0.0,0.0,0.0,0.0,0.0,0.0,0.0,0.0,0.0,0.0,0.0,0.0,0.0,0.0,0.0,0.0,0.0,0.0,0.0,0.0,0.0,0.0,0.0,0.0,0.0,0.0,0.0,0.0,0.0,0.0,0.0,0.0,0.0,0.0,0.0,0.0,0.0,0.0,0.0,0.0,0.0,0.0,0.0,0.0,0.0,0.0,0.0,0.0,0.0,0.0,0.0,0.0,0.0,0.0,0.0,0.0,0.0,0.0,0.0,0.0,0.0,0.0,0.0,0.0,0.0,0.0,0.0,0.0,0.0,0.0,0.0,0.0,0.0,0.0,0.0,0.0,0.0,0.0,0.0,0.0,0.0,0.0,0.0,0.0,0.0,0.0,0.0,0.0,0.0,0.0,0.0,0.0,0.0,0.0,0.0,0.0,0.0,0.0,0.0,0.0,0.0,0.0,0.0,0.0,0.0,0.0,0.0,0.0,0.0,0.0,0.0,0.0,0.0,0.0,0.0,0.0,0.0,0.0,0.0,0.0,0.0,0.0,0.0,0.0,0.0,0.0,0.0,0.0,0.0,0.0,0.0,0.0,0.0,0.0,0.0,0.0,0.0,0.0,0.0,0.0,0.0,0.0,0.0,0.0,0.0,0.0,0.0,0.0,0.0,0.0,0.0,0.0,0.0,0.0,0.0,0.0,0.0,0.0,0.0,0.0,0.0,0.0,0.0,0.0,0.0,0.0,0.0,0.0,0.0,0.0,0.0,0.0,0.0,0.0,0.0,0.0,0.0,0.0,0.0,0.0,0.0,0.0,0.0,0.0,0.0,0.0,0.0,0.0,0.0,0.0,0.0,0.0,0.0,0.0,0.0,0.0,0.0,0.0,0.0,0.0,0.0,0.0,0.0,0.0,0.0,0.0,0.0,0.0,0.0,0.0,0.0,0.0,0.0,0.0,0.0,0.0,0.0,0.0,0.0,0.0,0.0,0.0,0.0,0.0,0.0,0.0,0.0,0.0,0.0,0.0,0.0,0.0,0.0,0.0,0.0,0.0,0.0,0.0,0.0,0.0,0.0,0.0,0.0,0.0,0.0,0.0,0.0,0.0,0.0,0.0,0.0,0.0,0.0,0.0,0.0,0.0,0.0,0.0,0.0,0.0,0.0,0.0,0.0,0.0,0.0,0.0,0.0,0.0,0.0,0.0,0.023057096309113984,-0.00011251816101615708,-3.519552636445595e-6,3.5122312404646313e-6,3.5865415612917937e-6,-3.1047040474817365e-6,6.013724701035446e-13,3.5706281043904225e-14,-0.0021523729346344888,7.738524632309743e-8,1.3245282623229081e-14
0.0,0.0,0.0,0.0,0.0,0.0,0.0,0.0,0.0,0.0,0.0,0.0,0.0,0.0,0.0,0.0,0.0,0.0,0.0,0.0,0.0,0.0,0.0,0.0,0.0,0.0,0.0,0.0,0.0,0.0,0.0,0.0,0.0,0.0,0.0,0.0,0.0,0.0,0.0,0.0,0.0,0.0,0.0,0.0,0.0,0.0,0.0,0.0,0.0,0.0,0.0,0.0,0.0,0.0,0.0,0.0,0.0,0.0,0.0,0.0,0.0,0.0,0.0,0.0,0.0,0.0,0.0,0.0,0.0,0.0,0.0,0.0,0.0,0.0,0.0,0.0,0.0,0.0,0.0,0.0,0.0,0.0,0.0,0.0,0.0,0.0,0.0,0.0,0.0,0.0,0.0,0.0,0.0,0.0,0.0,0.0,0.0,0.0,0.0,0.0,0.0,0.0,0.0,0.0,0.0,0.0,0.0,0.0,0.0,0.0,0.0,0.0,0.0,0.0,0.0,0.0,0.0,0.0,0.0,0.0,0.0,0.0,0.0,0.0,0.0,0.0,0.0,0.0,0.0,0.0,0.0,0.0,0.0,0.0,0.0,0.0,0.0,0.0,0.0,0.0,0.0,0.0,0.0,0.0,0.0,0.0,0.0,0.0,0.0,0.0,0.0,0.0,0.0,0.0,0.0,0.0,0.0,0.0,0.0,0.0,0.0,0.0,0.0,0.0,0.0,0.0,0.0,0.0,0.0,0.0,0.0,0.0,0.0,0.0,0.0,0.0,0.0,0.0,0.0,0.0,0.0,0.0,0.0,0.0,0.0,0.0,0.0,0.0,0.0,0.0,0.0,0.0,0.0,0.0,0.0,0.0,0.0,0.0,0.0,0.0,0.0,0.0,0.0,0.0,0.0,0.0,0.0,0.0,0.0,0.0,0.0,0.0,0.0,0.0,0.0,0.0,0.0,0.0,0.0,0.0,0.0,0.0,0.0,0.0,0.0,0.0,0.0,0.0,0.0,0.0,0.0,0.0,0.0,0.0,0.0,0.0,0.0,0.0,0.0,0.0,0.0,0.0,0.0,0.0,0.0,0.0,0.0,0.0,0.0,0.0,0.0,0.0,0.0,0.0,0.0,0.0,0.0,0.0,0.0,0.0,0.0,0.0,0.0,0.0,0.0,0.0,0.0,0.0,0.0,0.0,0.0,0.0,0.0,0.0,0.0,0.0,0.0,0.0,0.0,0.0,0.0,0.0,0.0,0.0,0.0,0.0,0.0,0.0,0.0,0.0,0.0,0.0,0.0,0.0,0.0,0.0,0.0,0.0,0.0,0.0,0.0,0.0,0.0,0.0,0.0,0.0,0.0,0.0,0.0,0.0,0.0,0.0,0.0,0.0,0.0,0.0,0.0,0.0,0.0,0.0,0.0,0.0,0.0,0.0,0.0,0.0,0.0,0.0,0.0,0.0,0.0,0.0,0.0,0.0,0.0,0.0,0.0,0.0,0.0,0.0,0.0,0.0,0.0,0.0,0.0,0.0,0.0,0.0,0.0,0.0,0.0,0.0,0.0,0.0,0.0,0.0,0.0,0.0,0.0,0.0,0.0,0.0,0.0,0.0,0.0,0.0,0.0,0.0,0.0,0.0,0.0,0.0,0.0,0.0,0.0,0.0,0.0,0.0,0.0,0.0,0.0,0.0,0.0,0.0,0.0,0.0,0.0,0.0,0.0,0.0,0.0,0.0,0.0,0.0,0.0,0.0,0.0,0.0,0.0,0.0,0.0,0.0,0.0,0.0,0.0,0.0,0.0,0.0,0.0,0.0,0.0,0.0,0.0,0.0,0.0,0.0,0.0,0.0,0.0,0.0,0.0,0.0,0.0,0.0,0.0,0.0,0.0,0.0,0.0,0.0,0.0,0.0,0.0,0.0,0.0,0.0,0.0,0.0,0.0,0.0,0.0,0.0,0.0,0.0,0.0,0.0,0.0,0.0,0.0,0.0,0.0,0.0,0.0,0.0,0.0,0.0,0.0,0.0,0.0,0.0,0.0,0.0,0.0,0.0,0.0,0.0,0.0,0.0,0.0,0.0,0.0,0.0,0.0,0.0,0.0,0.0,0.0,0.0,0.0,0.0,0.0,0.0,0.0,0.0,0.0,0.0,0.0,0.0,0.0,0.0,0.0,0.0,0.0,0.0,0.0,0.0,0.0,0.0,0.0,0.0,0.0,0.0,0.0,0.0,0.0,0.0,0.0,0.0,0.0,0.0,0.0,0.0,0.0,0.0,0.0,0.0,0.0,0.0,0.0,0.0,0.0,0.0,0.0,0.0,0.0,0.0,0.0,0.0,0.0,0.0,0.0,0.0,0.0,0.0,0.0,0.0,0.0,0.0,0.0,0.0,0.0,0.0,0.0,0.0,0.0,0.0,0.0,0.0,0.0,0.0,0.0,0.0,0.0,0.0,0.0,0.0,0.0,0.0,0.0,0.0,0.0,0.0,0.0,0.0,0.0,0.0,0.0,0.0,0.0,0.0,0.0,0.0,0.0,0.0,0.0,0.0,0.0,0.0,0.0,0.0,0.0,0.0,0.0,0.0,0.0,0.0,0.0,0.0,0.0,0.0,0.0,0.0,0.0,0.0,0.0,0.0,0.0,0.0,0.0,0.0,0.0,0.0,0.0,0.0,0.0,0.0,0.0,0.0,0.0,0.0,0.0,0.0,0.0,0.0,0.0,0.0,0.0,0.0,0.0,0.0,0.0,0.0,0.0,0.0,0.0,0.0,0.0,0.0,0.0,0.0,0.0,0.0,0.0,0.0,0.0,0.0,0.0,0.0,0.0,0.0,0.0,0.0,0.0,0.0,0.0,0.0,0.0,0.0,0.0,0.0,0.0,0.0,0.0,0.0,0.0,0.0,0.0,0.0,0.0,0.0,0.0,0.0,0.0,0.0,0.0,0.0,0.0,0.0,0.0,0.0,0.0,0.0,0.0,0.0,0.0,0.0,0.0,0.0,0.0,0.0,0.0,0.0,0.0,0.0,0.0,0.0,0.0,0.0,0.0,0.0,0.0,0.0,0.0,0.0,0.0,0.0,0.0,0.0,0.0,0.0,0.0,0.0,0.0,0.0,0.0,0.0,0.0,0.0,0.0,0.0,0.0,0.0,0.0,0.0,0.0,0.0,0.0,0.0,0.0,0.0,0.0,0.0,0.0,0.0,0.0,0.0,0.0,0.0,0.0,0.0,0.0,0.0,0.0,0.0,0.0,0.0,0.0,0.0,0.0,0.0,0.0,0.0,0.0,0.0,0.0,0.0,0.0,0.0,0.0,0.0,0.0,0.0,0.0,0.0,0.0,0.0,0.0,0.0,0.0,0.0,0.0,0.0,0.0,0.0,0.0,0.0,0.0,0.0,0.0,0.0,0.0,0.0,0.0,0.0,0.0,0.0,0.0,0.0,0.0,0.0,0.0,0.0,0.0,0.0,0.0,0.0,0.0,0.0,0.0,0.012259346633784116,6.466302456991633e-5,0.00016427471245014918,-0.00038365943938318116,0.0003158575391520535,2.796128340450145e-11,-2.3911369921374178e-12,4.3044400968036466e-5,-1.3081411860979148e-5,2.2358372767220078e-13
0.0,0.0,0.0,0.0,0.0,0.0,0.0,0.0,0.0,0.0,0.0,0.0,0.0,0.0,0.0,0.0,0.0,0.0,0.0,0.0,0.0,0.0,0.0,0.0,0.0,0.0,0.0,0.0,0.0,0.0,0.0,0.0,0.0,0.0,0.0,0.0,0.0,0.0,0.0,0.0,0.0,0.0,0.0,0.0,0.0,0.0,0.0,0.0,0.0,0.0,0.0,0.0,0.0,0.0,0.0,0.0,0.0,0.0,0.0,0.0,0.0,0.0,0.0,0.0,0.0,0.0,0.0,0.0,0.0,0.0,0.0,0.0,0.0,0.0,0.0,0.0,0.0,0.0,0.0,0.0,0.0,0.0,0.0,0.0,0.0,0.0,0.0,0.0,0.0,0.0,0.0,0.0,0.0,0.0,0.0,0.0,0.0,0.0,0.0,0.0,0.0,0.0,0.0,0.0,0.0,0.0,0.0,0.0,0.0,0.0,0.0,0.0,0.0,0.0,0.0,0.0,0.0,0.0,0.0,0.0,0.0,0.0,0.0,0.0,0.0,0.0,0.0,0.0,0.0,0.0,0.0,0.0,0.0,0.0,0.0,0.0,0.0,0.0,0.0,0.0,0.0,0.0,0.0,0.0,0.0,0.0,0.0,0.0,0.0,0.0,0.0,0.0,0.0,0.0,0.0,0.0,0.0,0.0,0.0,0.0,0.0,0.0,0.0,0.0,0.0,0.0,0.0,0.0,0.0,0.0,0.0,0.0,0.0,0.0,0.0,0.0,0.0,0.0,0.0,0.0,0.0,0.0,0.0,0.0,0.0,0.0,0.0,0.0,0.0,0.0,0.0,0.0,0.0,0.0,0.0,0.0,0.0,0.0,0.0,0.0,0.0,0.0,0.0,0.0,0.0,0.0,0.0,0.0,0.0,0.0,0.0,0.0,0.0,0.0,0.0,0.0,0.0,0.0,0.0,0.0,0.0,0.0,0.0,0.0,0.0,0.0,0.0,0.0,0.0,0.0,0.0,0.0,0.0,0.0,0.0,0.0,0.0,0.0,0.0,0.0,0.0,0.0,0.0,0.0,0.0,0.0,0.0,0.0,0.0,0.0,0.0,0.0,0.0,0.0,0.0,0.0,0.0,0.0,0.0,0.0,0.0,0.0,0.0,0.0,0.0,0.0,0.0,0.0,0.0,0.0,0.0,0.0,0.0,0.0,0.0,0.0,0.0,0.0,0.0,0.0,0.0,0.0,0.0,0.0,0.0,0.0,0.0,0.0,0.0,0.0,0.0,0.0,0.0,0.0,0.0,0.0,0.0,0.0,0.0,0.0,0.0,0.0,0.0,0.0,0.0,0.0,0.0,0.0,0.0,0.0,0.0,0.0,0.0,0.0,0.0,0.0,0.0,0.0,0.0,0.0,0.0,0.0,0.0,0.0,0.0,0.0,0.0,0.0,0.0,0.0,0.0,0.0,0.0,0.0,0.0,0.0,0.0,0.0,0.0,0.0,0.0,0.0,0.0,0.0,0.0,0.0,0.0,0.0,0.0,0.0,0.0,0.0,0.0,0.0,0.0,0.0,0.0,0.0,0.0,0.0,0.0,0.0,0.0,0.0,0.0,0.0,0.0,0.0,0.0,0.0,0.0,0.0,0.0,0.0,0.0,0.0,0.0,0.0,0.0,0.0,0.0,0.0,0.0,0.0,0.0,0.0,0.0,0.0,0.0,0.0,0.0,0.0,0.0,0.0,0.0,0.0,0.0,0.0,0.0,0.0,0.0,0.0,0.0,0.0,0.0,0.0,0.0,0.0,0.0,0.0,0.0,0.0,0.0,0.0,0.0,0.0,0.0,0.0,0.0,0.0,0.0,0.0,0.0,0.0,0.0,0.0,0.0,0.0,0.0,0.0,0.0,0.0,0.0,0.0,0.0,0.0,0.0,0.0,0.0,0.0,0.0,0.0,0.0,0.0,0.0,0.0,0.0,0.0,0.0,0.0,0.0,0.0,0.0,0.0,0.0,0.0,0.0,0.0,0.0,0.0,0.0,0.0,0.0,0.0,0.0,0.0,0.0,0.0,0.0,0.0,0.0,0.0,0.0,0.0,0.0,0.0,0.0,0.0,0.0,0.0,0.0,0.0,0.0,0.0,0.0,0.0,0.0,0.0,0.0,0.0,0.0,0.0,0.0,0.0,0.0,0.0,0.0,0.0,0.0,0.0,0.0,0.0,0.0,0.0,0.0,0.0,0.0,0.0,0.0,0.0,0.0,0.0,0.0,0.0,0.0,0.0,0.0,0.0,0.0,0.0,0.0,0.0,0.0,0.0,0.0,0.0,0.0,0.0,0.0,0.0,0.0,0.0,0.0,0.0,0.0,0.0,0.0,0.0,0.0,0.0,0.0,0.0,0.0,0.0,0.0,0.0,0.0,0.0,0.0,0.0,0.0,0.0,0.0,0.0,0.0,0.0,0.0,0.0,0.0,0.0,0.0,0.0,0.0,0.0,0.0,0.0,0.0,0.0,0.0,0.0,0.0,0.0,0.0,0.0,0.0,0.0,0.0,0.0,0.0,0.0,0.0,0.0,0.0,0.0,0.0,0.0,0.0,0.0,0.0,0.0,0.0,0.0,0.0,0.0,0.0,0.0,0.0,0.0,0.0,0.0,0.0,0.0,0.0,0.0,0.0,0.0,0.0,0.0,0.0,0.0,0.0,0.0,0.0,0.0,0.0,0.0,0.0,0.0,0.0,0.0,0.0,0.0,0.0,0.0,0.0,0.0,0.0,0.0,0.0,0.0,0.0,0.0,0.0,0.0,0.0,0.0,0.0,0.0,0.0,0.0,0.0,0.0,0.0,0.0,0.0,0.0,0.0,0.0,0.0,0.0,0.0,0.0,0.0,0.0,0.0,0.0,0.0,0.0,0.0,0.0,0.0,0.0,0.0,0.0,0.0,0.0,0.0,0.0,0.0,0.0,0.0,0.0,0.0,0.0,0.0,0.0,0.0,0.0,0.0,0.0,0.0,0.0,0.0,0.0,0.0,0.0,0.0,0.0,0.0,0.0,0.0,0.0,0.0,0.0,0.0,0.0,0.0,0.0,0.0,0.0,0.0,0.0,0.0,0.0,0.0,0.0,0.0,0.0,0.0,0.0,0.0,0.0,0.0,0.0,0.0,0.0,0.0,0.0,0.0,0.0,0.0,0.0,0.0,0.0,0.0,0.0,0.0,0.0,0.0,0.0,0.0,0.0,0.0,0.0,0.0,0.0,0.0,0.0,0.0,0.0,0.0,0.0,0.0,0.0,0.0,0.0,0.0,0.0,0.0,0.0,0.0,0.0,0.0,0.0,0.0,0.0,0.0,0.0,0.0,0.0,0.0,0.0,0.0,0.0,0.0,0.0,0.0,0.0,0.0,0.0,0.0,0.0,0.0,0.0,0.0,0.0,0.0,0.0,0.0,0.0,0.0,0.0,0.0,0.0,0.0,0.0,0.0,0.0,0.0,0.0,0.013684803126722439,0.0005116786243905138,-0.006906525877956882,0.002021528568615341,9.271318247081764e-10,1.673778000162346e-10,-4.8068177626458086e-6,0.0007456014041123272,5.29085879114403e-12
0.0,0.0,0.0,0.0,0.0,0.0,0.0,0.0,0.0,0.0,0.0,0.0,0.0,0.0,0.0,0.0,0.0,0.0,0.0,0.0,0.0,0.0,0.0,0.0,0.0,0.0,0.0,0.0,0.0,0.0,0.0,0.0,0.0,0.0,0.0,0.0,0.0,0.0,0.0,0.0,0.0,0.0,0.0,0.0,0.0,0.0,0.0,0.0,0.0,0.0,0.0,0.0,0.0,0.0,0.0,0.0,0.0,0.0,0.0,0.0,0.0,0.0,0.0,0.0,0.0,0.0,0.0,0.0,0.0,0.0,0.0,0.0,0.0,0.0,0.0,0.0,0.0,0.0,0.0,0.0,0.0,0.0,0.0,0.0,0.0,0.0,0.0,0.0,0.0,0.0,0.0,0.0,0.0,0.0,0.0,0.0,0.0,0.0,0.0,0.0,0.0,0.0,0.0,0.0,0.0,0.0,0.0,0.0,0.0,0.0,0.0,0.0,0.0,0.0,0.0,0.0,0.0,0.0,0.0,0.0,0.0,0.0,0.0,0.0,0.0,0.0,0.0,0.0,0.0,0.0,0.0,0.0,0.0,0.0,0.0,0.0,0.0,0.0,0.0,0.0,0.0,0.0,0.0,0.0,0.0,0.0,0.0,0.0,0.0,0.0,0.0,0.0,0.0,0.0,0.0,0.0,0.0,0.0,0.0,0.0,0.0,0.0,0.0,0.0,0.0,0.0,0.0,0.0,0.0,0.0,0.0,0.0,0.0,0.0,0.0,0.0,0.0,0.0,0.0,0.0,0.0,0.0,0.0,0.0,0.0,0.0,0.0,0.0,0.0,0.0,0.0,0.0,0.0,0.0,0.0,0.0,0.0,0.0,0.0,0.0,0.0,0.0,0.0,0.0,0.0,0.0,0.0,0.0,0.0,0.0,0.0,0.0,0.0,0.0,0.0,0.0,0.0,0.0,0.0,0.0,0.0,0.0,0.0,0.0,0.0,0.0,0.0,0.0,0.0,0.0,0.0,0.0,0.0,0.0,0.0,0.0,0.0,0.0,0.0,0.0,0.0,0.0,0.0,0.0,0.0,0.0,0.0,0.0,0.0,0.0,0.0,0.0,0.0,0.0,0.0,0.0,0.0,0.0,0.0,0.0,0.0,0.0,0.0,0.0,0.0,0.0,0.0,0.0,0.0,0.0,0.0,0.0,0.0,0.0,0.0,0.0,0.0,0.0,0.0,0.0,0.0,0.0,0.0,0.0,0.0,0.0,0.0,0.0,0.0,0.0,0.0,0.0,0.0,0.0,0.0,0.0,0.0,0.0,0.0,0.0,0.0,0.0,0.0,0.0,0.0,0.0,0.0,0.0,0.0,0.0,0.0,0.0,0.0,0.0,0.0,0.0,0.0,0.0,0.0,0.0,0.0,0.0,0.0,0.0,0.0,0.0,0.0,0.0,0.0,0.0,0.0,0.0,0.0,0.0,0.0,0.0,0.0,0.0,0.0,0.0,0.0,0.0,0.0,0.0,0.0,0.0,0.0,0.0,0.0,0.0,0.0,0.0,0.0,0.0,0.0,0.0,0.0,0.0,0.0,0.0,0.0,0.0,0.0,0.0,0.0,0.0,0.0,0.0,0.0,0.0,0.0,0.0,0.0,0.0,0.0,0.0,0.0,0.0,0.0,0.0,0.0,0.0,0.0,0.0,0.0,0.0,0.0,0.0,0.0,0.0,0.0,0.0,0.0,0.0,0.0,0.0,0.0,0.0,0.0,0.0,0.0,0.0,0.0,0.0,0.0,0.0,0.0,0.0,0.0,0.0,0.0,0.0,0.0,0.0,0.0,0.0,0.0,0.0,0.0,0.0,0.0,0.0,0.0,0.0,0.0,0.0,0.0,0.0,0.0,0.0,0.0,0.0,0.0,0.0,0.0,0.0,0.0,0.0,0.0,0.0,0.0,0.0,0.0,0.0,0.0,0.0,0.0,0.0,0.0,0.0,0.0,0.0,0.0,0.0,0.0,0.0,0.0,0.0,0.0,0.0,0.0,0.0,0.0,0.0,0.0,0.0,0.0,0.0,0.0,0.0,0.0,0.0,0.0,0.0,0.0,0.0,0.0,0.0,0.0,0.0,0.0,0.0,0.0,0.0,0.0,0.0,0.0,0.0,0.0,0.0,0.0,0.0,0.0,0.0,0.0,0.0,0.0,0.0,0.0,0.0,0.0,0.0,0.0,0.0,0.0,0.0,0.0,0.0,0.0,0.0,0.0,0.0,0.0,0.0,0.0,0.0,0.0,0.0,0.0,0.0,0.0,0.0,0.0,0.0,0.0,0.0,0.0,0.0,0.0,0.0,0.0,0.0,0.0,0.0,0.0,0.0,0.0,0.0,0.0,0.0,0.0,0.0,0.0,0.0,0.0,0.0,0.0,0.0,0.0,0.0,0.0,0.0,0.0,0.0,0.0,0.0,0.0,0.0,0.0,0.0,0.0,0.0,0.0,0.0,0.0,0.0,0.0,0.0,0.0,0.0,0.0,0.0,0.0,0.0,0.0,0.0,0.0,0.0,0.0,0.0,0.0,0.0,0.0,0.0,0.0,0.0,0.0,0.0,0.0,0.0,0.0,0.0,0.0,0.0,0.0,0.0,0.0,0.0,0.0,0.0,0.0,0.0,0.0,0.0,0.0,0.0,0.0,0.0,0.0,0.0,0.0,0.0,0.0,0.0,0.0,0.0,0.0,0.0,0.0,0.0,0.0,0.0,0.0,0.0,0.0,0.0,0.0,0.0,0.0,0.0,0.0,0.0,0.0,0.0,0.0,0.0,0.0,0.0,0.0,0.0,0.0,0.0,0.0,0.0,0.0,0.0,0.0,0.0,0.0,0.0,0.0,0.0,0.0,0.0,0.0,0.0,0.0,0.0,0.0,0.0,0.0,0.0,0.0,0.0,0.0,0.0,0.0,0.0,0.0,0.0,0.0,0.0,0.0,0.0,0.0,0.0,0.0,0.0,0.0,0.0,0.0,0.0,0.0,0.0,0.0,0.0,0.0,0.0,0.0,0.0,0.0,0.0,0.0,0.0,0.0,0.0,0.0,0.0,0.0,0.0,0.0,0.0,0.0,0.0,0.0,0.0,0.0,0.0,0.0,0.0,0.0,0.0,0.0,0.0,0.0,0.0,0.0,0.0,0.0,0.0,0.0,0.0,0.0,0.0,0.0,0.0,0.0,0.0,0.0,0.0,0.0,0.0,0.0,0.0,0.0,0.0,0.0,0.0,0.0,0.0,0.0,0.0,0.0,0.0,0.0,0.0,0.0,0.0,0.0,0.0,0.0,0.0,0.0,0.0,0.0,0.0,0.0,0.0,0.0,0.0,0.0,0.0,0.0,0.0,0.0,0.0,0.0,0.0,0.0,0.0,0.0,0.0,0.0,0.0,0.0,0.0,0.0,0.0,0.0,0.0,0.0,0.0,0.0,0.0,0.0,0.0,0.0,0.0,0.0,0.0,0.0,0.018782028012634115,0.0008117887986003712,0.002887350574450107,-5.217267978864675e-10,-2.8753486339862665e-11,2.884140544766304e-6,0.0001420222613937958,-7.723363742988068e-12
0.0,0.0,0.0,0.0,0.0,0.0,0.0,0.0,0.0,0.0,0.0,0.0,0.0,0.0,0.0,0.0,0.0,0.0,0.0,0.0,0.0,0.0,0.0,0.0,0.0,0.0,0.0,0.0,0.0,0.0,0.0,0.0,0.0,0.0,0.0,0.0,0.0,0.0,0.0,0.0,0.0,0.0,0.0,0.0,0.0,0.0,0.0,0.0,0.0,0.0,0.0,0.0,0.0,0.0,0.0,0.0,0.0,0.0,0.0,0.0,0.0,0.0,0.0,0.0,0.0,0.0,0.0,0.0,0.0,0.0,0.0,0.0,0.0,0.0,0.0,0.0,0.0,0.0,0.0,0.0,0.0,0.0,0.0,0.0,0.0,0.0,0.0,0.0,0.0,0.0,0.0,0.0,0.0,0.0,0.0,0.0,0.0,0.0,0.0,0.0,0.0,0.0,0.0,0.0,0.0,0.0,0.0,0.0,0.0,0.0,0.0,0.0,0.0,0.0,0.0,0.0,0.0,0.0,0.0,0.0,0.0,0.0,0.0,0.0,0.0,0.0,0.0,0.0,0.0,0.0,0.0,0.0,0.0,0.0,0.0,0.0,0.0,0.0,0.0,0.0,0.0,0.0,0.0,0.0,0.0,0.0,0.0,0.0,0.0,0.0,0.0,0.0,0.0,0.0,0.0,0.0,0.0,0.0,0.0,0.0,0.0,0.0,0.0,0.0,0.0,0.0,0.0,0.0,0.0,0.0,0.0,0.0,0.0,0.0,0.0,0.0,0.0,0.0,0.0,0.0,0.0,0.0,0.0,0.0,0.0,0.0,0.0,0.0,0.0,0.0,0.0,0.0,0.0,0.0,0.0,0.0,0.0,0.0,0.0,0.0,0.0,0.0,0.0,0.0,0.0,0.0,0.0,0.0,0.0,0.0,0.0,0.0,0.0,0.0,0.0,0.0,0.0,0.0,0.0,0.0,0.0,0.0,0.0,0.0,0.0,0.0,0.0,0.0,0.0,0.0,0.0,0.0,0.0,0.0,0.0,0.0,0.0,0.0,0.0,0.0,0.0,0.0,0.0,0.0,0.0,0.0,0.0,0.0,0.0,0.0,0.0,0.0,0.0,0.0,0.0,0.0,0.0,0.0,0.0,0.0,0.0,0.0,0.0,0.0,0.0,0.0,0.0,0.0,0.0,0.0,0.0,0.0,0.0,0.0,0.0,0.0,0.0,0.0,0.0,0.0,0.0,0.0,0.0,0.0,0.0,0.0,0.0,0.0,0.0,0.0,0.0,0.0,0.0,0.0,0.0,0.0,0.0,0.0,0.0,0.0,0.0,0.0,0.0,0.0,0.0,0.0,0.0,0.0,0.0,0.0,0.0,0.0,0.0,0.0,0.0,0.0,0.0,0.0,0.0,0.0,0.0,0.0,0.0,0.0,0.0,0.0,0.0,0.0,0.0,0.0,0.0,0.0,0.0,0.0,0.0,0.0,0.0,0.0,0.0,0.0,0.0,0.0,0.0,0.0,0.0,0.0,0.0,0.0,0.0,0.0,0.0,0.0,0.0,0.0,0.0,0.0,0.0,0.0,0.0,0.0,0.0,0.0,0.0,0.0,0.0,0.0,0.0,0.0,0.0,0.0,0.0,0.0,0.0,0.0,0.0,0.0,0.0,0.0,0.0,0.0,0.0,0.0,0.0,0.0,0.0,0.0,0.0,0.0,0.0,0.0,0.0,0.0,0.0,0.0,0.0,0.0,0.0,0.0,0.0,0.0,0.0,0.0,0.0,0.0,0.0,0.0,0.0,0.0,0.0,0.0,0.0,0.0,0.0,0.0,0.0,0.0,0.0,0.0,0.0,0.0,0.0,0.0,0.0,0.0,0.0,0.0,0.0,0.0,0.0,0.0,0.0,0.0,0.0,0.0,0.0,0.0,0.0,0.0,0.0,0.0,0.0,0.0,0.0,0.0,0.0,0.0,0.0,0.0,0.0,0.0,0.0,0.0,0.0,0.0,0.0,0.0,0.0,0.0,0.0,0.0,0.0,0.0,0.0,0.0,0.0,0.0,0.0,0.0,0.0,0.0,0.0,0.0,0.0,0.0,0.0,0.0,0.0,0.0,0.0,0.0,0.0,0.0,0.0,0.0,0.0,0.0,0.0,0.0,0.0,0.0,0.0,0.0,0.0,0.0,0.0,0.0,0.0,0.0,0.0,0.0,0.0,0.0,0.0,0.0,0.0,0.0,0.0,0.0,0.0,0.0,0.0,0.0,0.0,0.0,0.0,0.0,0.0,0.0,0.0,0.0,0.0,0.0,0.0,0.0,0.0,0.0,0.0,0.0,0.0,0.0,0.0,0.0,0.0,0.0,0.0,0.0,0.0,0.0,0.0,0.0,0.0,0.0,0.0,0.0,0.0,0.0,0.0,0.0,0.0,0.0,0.0,0.0,0.0,0.0,0.0,0.0,0.0,0.0,0.0,0.0,0.0,0.0,0.0,0.0,0.0,0.0,0.0,0.0,0.0,0.0,0.0,0.0,0.0,0.0,0.0,0.0,0.0,0.0,0.0,0.0,0.0,0.0,0.0,0.0,0.0,0.0,0.0,0.0,0.0,0.0,0.0,0.0,0.0,0.0,0.0,0.0,0.0,0.0,0.0,0.0,0.0,0.0,0.0,0.0,0.0,0.0,0.0,0.0,0.0,0.0,0.0,0.0,0.0,0.0,0.0,0.0,0.0,0.0,0.0,0.0,0.0,0.0,0.0,0.0,0.0,0.0,0.0,0.0,0.0,0.0,0.0,0.0,0.0,0.0,0.0,0.0,0.0,0.0,0.0,0.0,0.0,0.0,0.0,0.0,0.0,0.0,0.0,0.0,0.0,0.0,0.0,0.0,0.0,0.0,0.0,0.0,0.0,0.0,0.0,0.0,0.0,0.0,0.0,0.0,0.0,0.0,0.0,0.0,0.0,0.0,0.0,0.0,0.0,0.0,0.0,0.0,0.0,0.0,0.0,0.0,0.0,0.0,0.0,0.0,0.0,0.0,0.0,0.0,0.0,0.0,0.0,0.0,0.0,0.0,0.0,0.0,0.0,0.0,0.0,0.0,0.0,0.0,0.0,0.0,0.0,0.0,0.0,0.0,0.0,0.0,0.0,0.0,0.0,0.0,0.0,0.0,0.0,0.0,0.0,0.0,0.0,0.0,0.0,0.0,0.0,0.0,0.0,0.0,0.0,0.0,0.0,0.0,0.0,0.0,0.0,0.0,0.0,0.0,0.0,0.0,0.0,0.0,0.0,0.0,0.0,0.0,0.0,0.0,0.0,0.0,0.0,0.0,0.0,0.0,0.0,0.0,0.0,0.0,0.0,0.0,0.0,0.0,0.0,0.0,0.0,0.0,0.0,0.0,0.0,0.0,0.0,0.0,0.0,0.0,0.0,0.0,0.0,0.0,0.0,0.0,0.0,0.0,0.0,0.0,0.0,0.0,0.0,0.0,0.0,0.0,0.0,0.0,0.017609094616217215,-0.0026819689188122267,-7.689958950528515e-11,2.450317748352351e-10,7.384506711194535e-6,0.0006335136481830254,1.4272587710588252e-11
0.0,0.0,0.0,0.0,0.0,0.0,0.0,0.0,0.0,0.0,0.0,0.0,0.0,0.0,0.0,0.0,0.0,0.0,0.0,0.0,0.0,0.0,0.0,0.0,0.0,0.0,0.0,0.0,0.0,0.0,0.0,0.0,0.0,0.0,0.0,0.0,0.0,0.0,0.0,0.0,0.0,0.0,0.0,0.0,0.0,0.0,0.0,0.0,0.0,0.0,0.0,0.0,0.0,0.0,0.0,0.0,0.0,0.0,0.0,0.0,0.0,0.0,0.0,0.0,0.0,0.0,0.0,0.0,0.0,0.0,0.0,0.0,0.0,0.0,0.0,0.0,0.0,0.0,0.0,0.0,0.0,0.0,0.0,0.0,0.0,0.0,0.0,0.0,0.0,0.0,0.0,0.0,0.0,0.0,0.0,0.0,0.0,0.0,0.0,0.0,0.0,0.0,0.0,0.0,0.0,0.0,0.0,0.0,0.0,0.0,0.0,0.0,0.0,0.0,0.0,0.0,0.0,0.0,0.0,0.0,0.0,0.0,0.0,0.0,0.0,0.0,0.0,0.0,0.0,0.0,0.0,0.0,0.0,0.0,0.0,0.0,0.0,0.0,0.0,0.0,0.0,0.0,0.0,0.0,0.0,0.0,0.0,0.0,0.0,0.0,0.0,0.0,0.0,0.0,0.0,0.0,0.0,0.0,0.0,0.0,0.0,0.0,0.0,0.0,0.0,0.0,0.0,0.0,0.0,0.0,0.0,0.0,0.0,0.0,0.0,0.0,0.0,0.0,0.0,0.0,0.0,0.0,0.0,0.0,0.0,0.0,0.0,0.0,0.0,0.0,0.0,0.0,0.0,0.0,0.0,0.0,0.0,0.0,0.0,0.0,0.0,0.0,0.0,0.0,0.0,0.0,0.0,0.0,0.0,0.0,0.0,0.0,0.0,0.0,0.0,0.0,0.0,0.0,0.0,0.0,0.0,0.0,0.0,0.0,0.0,0.0,0.0,0.0,0.0,0.0,0.0,0.0,0.0,0.0,0.0,0.0,0.0,0.0,0.0,0.0,0.0,0.0,0.0,0.0,0.0,0.0,0.0,0.0,0.0,0.0,0.0,0.0,0.0,0.0,0.0,0.0,0.0,0.0,0.0,0.0,0.0,0.0,0.0,0.0,0.0,0.0,0.0,0.0,0.0,0.0,0.0,0.0,0.0,0.0,0.0,0.0,0.0,0.0,0.0,0.0,0.0,0.0,0.0,0.0,0.0,0.0,0.0,0.0,0.0,0.0,0.0,0.0,0.0,0.0,0.0,0.0,0.0,0.0,0.0,0.0,0.0,0.0,0.0,0.0,0.0,0.0,0.0,0.0,0.0,0.0,0.0,0.0,0.0,0.0,0.0,0.0,0.0,0.0,0.0,0.0,0.0,0.0,0.0,0.0,0.0,0.0,0.0,0.0,0.0,0.0,0.0,0.0,0.0,0.0,0.0,0.0,0.0,0.0,0.0,0.0,0.0,0.0,0.0,0.0,0.0,0.0,0.0,0.0,0.0,0.0,0.0,0.0,0.0,0.0,0.0,0.0,0.0,0.0,0.0,0.0,0.0,0.0,0.0,0.0,0.0,0.0,0.0,0.0,0.0,0.0,0.0,0.0,0.0,0.0,0.0,0.0,0.0,0.0,0.0,0.0,0.0,0.0,0.0,0.0,0.0,0.0,0.0,0.0,0.0,0.0,0.0,0.0,0.0,0.0,0.0,0.0,0.0,0.0,0.0,0.0,0.0,0.0,0.0,0.0,0.0,0.0,0.0,0.0,0.0,0.0,0.0,0.0,0.0,0.0,0.0,0.0,0.0,0.0,0.0,0.0,0.0,0.0,0.0,0.0,0.0,0.0,0.0,0.0,0.0,0.0,0.0,0.0,0.0,0.0,0.0,0.0,0.0,0.0,0.0,0.0,0.0,0.0,0.0,0.0,0.0,0.0,0.0,0.0,0.0,0.0,0.0,0.0,0.0,0.0,0.0,0.0,0.0,0.0,0.0,0.0,0.0,0.0,0.0,0.0,0.0,0.0,0.0,0.0,0.0,0.0,0.0,0.0,0.0,0.0,0.0,0.0,0.0,0.0,0.0,0.0,0.0,0.0,0.0,0.0,0.0,0.0,0.0,0.0,0.0,0.0,0.0,0.0,0.0,0.0,0.0,0.0,0.0,0.0,0.0,0.0,0.0,0.0,0.0,0.0,0.0,0.0,0.0,0.0,0.0,0.0,0.0,0.0,0.0,0.0,0.0,0.0,0.0,0.0,0.0,0.0,0.0,0.0,0.0,0.0,0.0,0.0,0.0,0.0,0.0,0.0,0.0,0.0,0.0,0.0,0.0,0.0,0.0,0.0,0.0,0.0,0.0,0.0,0.0,0.0,0.0,0.0,0.0,0.0,0.0,0.0,0.0,0.0,0.0,0.0,0.0,0.0,0.0,0.0,0.0,0.0,0.0,0.0,0.0,0.0,0.0,0.0,0.0,0.0,0.0,0.0,0.0,0.0,0.0,0.0,0.0,0.0,0.0,0.0,0.0,0.0,0.0,0.0,0.0,0.0,0.0,0.0,0.0,0.0,0.0,0.0,0.0,0.0,0.0,0.0,0.0,0.0,0.0,0.0,0.0,0.0,0.0,0.0,0.0,0.0,0.0,0.0,0.0,0.0,0.0,0.0,0.0,0.0,0.0,0.0,0.0,0.0,0.0,0.0,0.0,0.0,0.0,0.0,0.0,0.0,0.0,0.0,0.0,0.0,0.0,0.0,0.0,0.0,0.0,0.0,0.0,0.0,0.0,0.0,0.0,0.0,0.0,0.0,0.0,0.0,0.0,0.0,0.0,0.0,0.0,0.0,0.0,0.0,0.0,0.0,0.0,0.0,0.0,0.0,0.0,0.0,0.0,0.0,0.0,0.0,0.0,0.0,0.0,0.0,0.0,0.0,0.0,0.0,0.0,0.0,0.0,0.0,0.0,0.0,0.0,0.0,0.0,0.0,0.0,0.0,0.0,0.0,0.0,0.0,0.0,0.0,0.0,0.0,0.0,0.0,0.0,0.0,0.0,0.0,0.0,0.0,0.0,0.0,0.0,0.0,0.0,0.0,0.0,0.0,0.0,0.0,0.0,0.0,0.0,0.0,0.0,0.0,0.0,0.0,0.0,0.0,0.0,0.0,0.0,0.0,0.0,0.0,0.0,0.0,0.0,0.0,0.0,0.0,0.0,0.0,0.0,0.0,0.0,0.0,0.0,0.0,0.0,0.0,0.0,0.0,0.0,0.0,0.0,0.0,0.0,0.0,0.0,0.0,0.0,0.0,0.0,0.0,0.0,0.0,0.0,0.0,0.0,0.0,0.0,0.0,0.0,0.0,0.0,0.0,0.0,0.0,0.0,0.0,0.0,0.0,0.0,0.0,0.0,0.0,0.0,0.0,0.0,0.0,0.0,0.0,0.0,0.0,0.0,0.0,0.0,0.0,0.0,0.0,0.0,0.020308682704362122,-5.958197216487274e-10,-5.000086490450835e-11,8.586000515536522e-6,-0.0001880899232604281,-8.329936173127214e-12
0.0,0.0,0.0,0.0,0.0,0.0,0.0,0.0,0.0,0.0,0.0,0.0,0.0,0.0,0.0,0.0,0.0,0.0,0.0,0.0,0.0,0.0,0.0,0.0,0.0,0.0,0.0,0.0,0.0,0.0,0.0,0.0,0.0,0.0,0.0,0.0,0.0,0.0,0.0,0.0,0.0,0.0,0.0,0.0,0.0,0.0,0.0,0.0,0.0,0.0,0.0,0.0,0.0,0.0,0.0,0.0,0.0,0.0,0.0,0.0,0.0,0.0,0.0,0.0,0.0,0.0,0.0,0.0,0.0,0.0,0.0,0.0,0.0,0.0,0.0,0.0,0.0,0.0,0.0,0.0,0.0,0.0,0.0,0.0,0.0,0.0,0.0,0.0,0.0,0.0,0.0,0.0,0.0,0.0,0.0,0.0,0.0,0.0,0.0,0.0,0.0,0.0,0.0,0.0,0.0,0.0,0.0,0.0,0.0,0.0,0.0,0.0,0.0,0.0,0.0,0.0,0.0,0.0,0.0,0.0,0.0,0.0,0.0,0.0,0.0,0.0,0.0,0.0,0.0,0.0,0.0,0.0,0.0,0.0,0.0,0.0,0.0,0.0,0.0,0.0,0.0,0.0,0.0,0.0,0.0,0.0,0.0,0.0,0.0,0.0,0.0,0.0,0.0,0.0,0.0,0.0,0.0,0.0,0.0,0.0,0.0,0.0,0.0,0.0,0.0,0.0,0.0,0.0,0.0,0.0,0.0,0.0,0.0,0.0,0.0,0.0,0.0,0.0,0.0,0.0,0.0,0.0,0.0,0.0,0.0,0.0,0.0,0.0,0.0,0.0,0.0,0.0,0.0,0.0,0.0,0.0,0.0,0.0,0.0,0.0,0.0,0.0,0.0,0.0,0.0,0.0,0.0,0.0,0.0,0.0,0.0,0.0,0.0,0.0,0.0,0.0,0.0,0.0,0.0,0.0,0.0,0.0,0.0,0.0,0.0,0.0,0.0,0.0,0.0,0.0,0.0,0.0,0.0,0.0,0.0,0.0,0.0,0.0,0.0,0.0,0.0,0.0,0.0,0.0,0.0,0.0,0.0,0.0,0.0,0.0,0.0,0.0,0.0,0.0,0.0,0.0,0.0,0.0,0.0,0.0,0.0,0.0,0.0,0.0,0.0,0.0,0.0,0.0,0.0,0.0,0.0,0.0,0.0,0.0,0.0,0.0,0.0,0.0,0.0,0.0,0.0,0.0,0.0,0.0,0.0,0.0,0.0,0.0,0.0,0.0,0.0,0.0,0.0,0.0,0.0,0.0,0.0,0.0,0.0,0.0,0.0,0.0,0.0,0.0,0.0,0.0,0.0,0.0,0.0,0.0,0.0,0.0,0.0,0.0,0.0,0.0,0.0,0.0,0.0,0.0,0.0,0.0,0.0,0.0,0.0,0.0,0.0,0.0,0.0,0.0,0.0,0.0,0.0,0.0,0.0,0.0,0.0,0.0,0.0,0.0,0.0,0.0,0.0,0.0,0.0,0.0,0.0,0.0,0.0,0.0,0.0,0.0,0.0,0.0,0.0,0.0,0.0,0.0,0.0,0.0,0.0,0.0,0.0,0.0,0.0,0.0,0.0,0.0,0.0,0.0,0.0,0.0,0.0,0.0,0.0,0.0,0.0,0.0,0.0,0.0,0.0,0.0,0.0,0.0,0.0,0.0,0.0,0.0,0.0,0.0,0.0,0.0,0.0,0.0,0.0,0.0,0.0,0.0,0.0,0.0,0.0,0.0,0.0,0.0,0.0,0.0,0.0,0.0,0.0,0.0,0.0,0.0,0.0,0.0,0.0,0.0,0.0,0.0,0.0,0.0,0.0,0.0,0.0,0.0,0.0,0.0,0.0,0.0,0.0,0.0,0.0,0.0,0.0,0.0,0.0,0.0,0.0,0.0,0.0,0.0,0.0,0.0,0.0,0.0,0.0,0.0,0.0,0.0,0.0,0.0,0.0,0.0,0.0,0.0,0.0,0.0,0.0,0.0,0.0,0.0,0.0,0.0,0.0,0.0,0.0,0.0,0.0,0.0,0.0,0.0,0.0,0.0,0.0,0.0,0.0,0.0,0.0,0.0,0.0,0.0,0.0,0.0,0.0,0.0,0.0,0.0,0.0,0.0,0.0,0.0,0.0,0.0,0.0,0.0,0.0,0.0,0.0,0.0,0.0,0.0,0.0,0.0,0.0,0.0,0.0,0.0,0.0,0.0,0.0,0.0,0.0,0.0,0.0,0.0,0.0,0.0,0.0,0.0,0.0,0.0,0.0,0.0,0.0,0.0,0.0,0.0,0.0,0.0,0.0,0.0,0.0,0.0,0.0,0.0,0.0,0.0,0.0,0.0,0.0,0.0,0.0,0.0,0.0,0.0,0.0,0.0,0.0,0.0,0.0,0.0,0.0,0.0,0.0,0.0,0.0,0.0,0.0,0.0,0.0,0.0,0.0,0.0,0.0,0.0,0.0,0.0,0.0,0.0,0.0,0.0,0.0,0.0,0.0,0.0,0.0,0.0,0.0,0.0,0.0,0.0,0.0,0.0,0.0,0.0,0.0,0.0,0.0,0.0,0.0,0.0,0.0,0.0,0.0,0.0,0.0,0.0,0.0,0.0,0.0,0.0,0.0,0.0,0.0,0.0,0.0,0.0,0.0,0.0,0.0,0.0,0.0,0.0,0.0,0.0,0.0,0.0,0.0,0.0,0.0,0.0,0.0,0.0,0.0,0.0,0.0,0.0,0.0,0.0,0.0,0.0,0.0,0.0,0.0,0.0,0.0,0.0,0.0,0.0,0.0,0.0,0.0,0.0,0.0,0.0,0.0,0.0,0.0,0.0,0.0,0.0,0.0,0.0,0.0,0.0,0.0,0.0,0.0,0.0,0.0,0.0,0.0,0.0,0.0,0.0,0.0,0.0,0.0,0.0,0.0,0.0,0.0,0.0,0.0,0.0,0.0,0.0,0.0,0.0,0.0,0.0,0.0,0.0,0.0,0.0,0.0,0.0,0.0,0.0,0.0,0.0,0.0,0.0,0.0,0.0,0.0,0.0,0.0,0.0,0.0,0.0,0.0,0.0,0.0,0.0,0.0,0.0,0.0,0.0,0.0,0.0,0.0,0.0,0.0,0.0,0.0,0.0,0.0,0.0,0.0,0.0,0.0,0.0,0.0,0.0,0.0,0.0,0.0,0.0,0.0,0.0,0.0,0.0,0.0,0.0,0.0,0.0,0.0,0.0,0.0,0.0,0.0,0.0,0.0,0.0,0.0,0.0,0.0,0.0,0.0,0.0,0.0,0.0,0.0,0.0,0.0,0.0,0.0,0.0,0.0,0.0,0.0,0.0,0.0,0.0,0.0,0.0,0.0,0.0,0.0,0.0,0.0,0.0,0.0,0.0,0.0,0.0,0.0,0.0,0.0,0.0,0.0,0.0,0.0,0.0,0.0,0.0,0.0,0.0,0.0,0.0,0.0,0.0,0.0,0.0,0.01606185216061458,0.005530596399891468,3.3727449396501915e-13,-1.4097815156782012e-8,-8.229382471146971e-5
0.0,0.0,0.0,0.0,0.0,0.0,0.0,0.0,0.0,0.0,0.0,0.0,0.0,0.0,0.0,0.0,0.0,0.0,0.0,0.0,0.0,0.0,0.0,0.0,0.0,0.0,0.0,0.0,0.0,0.0,0.0,0.0,0.0,0.0,0.0,0.0,0.0,0.0,0.0,0.0,0.0,0.0,0.0,0.0,0.0,0.0,0.0,0.0,0.0,0.0,0.0,0.0,0.0,0.0,0.0,0.0,0.0,0.0,0.0,0.0,0.0,0.0,0.0,0.0,0.0,0.0,0.0,0.0,0.0,0.0,0.0,0.0,0.0,0.0,0.0,0.0,0.0,0.0,0.0,0.0,0.0,0.0,0.0,0.0,0.0,0.0,0.0,0.0,0.0,0.0,0.0,0.0,0.0,0.0,0.0,0.0,0.0,0.0,0.0,0.0,0.0,0.0,0.0,0.0,0.0,0.0,0.0,0.0,0.0,0.0,0.0,0.0,0.0,0.0,0.0,0.0,0.0,0.0,0.0,0.0,0.0,0.0,0.0,0.0,0.0,0.0,0.0,0.0,0.0,0.0,0.0,0.0,0.0,0.0,0.0,0.0,0.0,0.0,0.0,0.0,0.0,0.0,0.0,0.0,0.0,0.0,0.0,0.0,0.0,0.0,0.0,0.0,0.0,0.0,0.0,0.0,0.0,0.0,0.0,0.0,0.0,0.0,0.0,0.0,0.0,0.0,0.0,0.0,0.0,0.0,0.0,0.0,0.0,0.0,0.0,0.0,0.0,0.0,0.0,0.0,0.0,0.0,0.0,0.0,0.0,0.0,0.0,0.0,0.0,0.0,0.0,0.0,0.0,0.0,0.0,0.0,0.0,0.0,0.0,0.0,0.0,0.0,0.0,0.0,0.0,0.0,0.0,0.0,0.0,0.0,0.0,0.0,0.0,0.0,0.0,0.0,0.0,0.0,0.0,0.0,0.0,0.0,0.0,0.0,0.0,0.0,0.0,0.0,0.0,0.0,0.0,0.0,0.0,0.0,0.0,0.0,0.0,0.0,0.0,0.0,0.0,0.0,0.0,0.0,0.0,0.0,0.0,0.0,0.0,0.0,0.0,0.0,0.0,0.0,0.0,0.0,0.0,0.0,0.0,0.0,0.0,0.0,0.0,0.0,0.0,0.0,0.0,0.0,0.0,0.0,0.0,0.0,0.0,0.0,0.0,0.0,0.0,0.0,0.0,0.0,0.0,0.0,0.0,0.0,0.0,0.0,0.0,0.0,0.0,0.0,0.0,0.0,0.0,0.0,0.0,0.0,0.0,0.0,0.0,0.0,0.0,0.0,0.0,0.0,0.0,0.0,0.0,0.0,0.0,0.0,0.0,0.0,0.0,0.0,0.0,0.0,0.0,0.0,0.0,0.0,0.0,0.0,0.0,0.0,0.0,0.0,0.0,0.0,0.0,0.0,0.0,0.0,0.0,0.0,0.0,0.0,0.0,0.0,0.0,0.0,0.0,0.0,0.0,0.0,0.0,0.0,0.0,0.0,0.0,0.0,0.0,0.0,0.0,0.0,0.0,0.0,0.0,0.0,0.0,0.0,0.0,0.0,0.0,0.0,0.0,0.0,0.0,0.0,0.0,0.0,0.0,0.0,0.0,0.0,0.0,0.0,0.0,0.0,0.0,0.0,0.0,0.0,0.0,0.0,0.0,0.0,0.0,0.0,0.0,0.0,0.0,0.0,0.0,0.0,0.0,0.0,0.0,0.0,0.0,0.0,0.0,0.0,0.0,0.0,0.0,0.0,0.0,0.0,0.0,0.0,0.0,0.0,0.0,0.0,0.0,0.0,0.0,0.0,0.0,0.0,0.0,0.0,0.0,0.0,0.0,0.0,0.0,0.0,0.0,0.0,0.0,0.0,0.0,0.0,0.0,0.0,0.0,0.0,0.0,0.0,0.0,0.0,0.0,0.0,0.0,0.0,0.0,0.0,0.0,0.0,0.0,0.0,0.0,0.0,0.0,0.0,0.0,0.0,0.0,0.0,0.0,0.0,0.0,0.0,0.0,0.0,0.0,0.0,0.0,0.0,0.0,0.0,0.0,0.0,0.0,0.0,0.0,0.0,0.0,0.0,0.0,0.0,0.0,0.0,0.0,0.0,0.0,0.0,0.0,0.0,0.0,0.0,0.0,0.0,0.0,0.0,0.0,0.0,0.0,0.0,0.0,0.0,0.0,0.0,0.0,0.0,0.0,0.0,0.0,0.0,0.0,0.0,0.0,0.0,0.0,0.0,0.0,0.0,0.0,0.0,0.0,0.0,0.0,0.0,0.0,0.0,0.0,0.0,0.0,0.0,0.0,0.0,0.0,0.0,0.0,0.0,0.0,0.0,0.0,0.0,0.0,0.0,0.0,0.0,0.0,0.0,0.0,0.0,0.0,0.0,0.0,0.0,0.0,0.0,0.0,0.0,0.0,0.0,0.0,0.0,0.0,0.0,0.0,0.0,0.0,0.0,0.0,0.0,0.0,0.0,0.0,0.0,0.0,0.0,0.0,0.0,0.0,0.0,0.0,0.0,0.0,0.0,0.0,0.0,0.0,0.0,0.0,0.0,0.0,0.0,0.0,0.0,0.0,0.0,0.0,0.0,0.0,0.0,0.0,0.0,0.0,0.0,0.0,0.0,0.0,0.0,0.0,0.0,0.0,0.0,0.0,0.0,0.0,0.0,0.0,0.0,0.0,0.0,0.0,0.0,0.0,0.0,0.0,0.0,0.0,0.0,0.0,0.0,0.0,0.0,0.0,0.0,0.0,0.0,0.0,0.0,0.0,0.0,0.0,0.0,0.0,0.0,0.0,0.0,0.0,0.0,0.0,0.0,0.0,0.0,0.0,0.0,0.0,0.0,0.0,0.0,0.0,0.0,0.0,0.0,0.0,0.0,0.0,0.0,0.0,0.0,0.0,0.0,0.0,0.0,0.0,0.0,0.0,0.0,0.0,0.0,0.0,0.0,0.0,0.0,0.0,0.0,0.0,0.0,0.0,0.0,0.0,0.0,0.0,0.0,0.0,0.0,0.0,0.0,0.0,0.0,0.0,0.0,0.0,0.0,0.0,0.0,0.0,0.0,0.0,0.0,0.0,0.0,0.0,0.0,0.0,0.0,0.0,0.0,0.0,0.0,0.0,0.0,0.0,0.0,0.0,0.0,0.0,0.0,0.0,0.0,0.0,0.0,0.0,0.0,0.0,0.0,0.0,0.0,0.0,0.0,0.0,0.0,0.0,0.0,0.0,0.0,0.0,0.0,0.0,0.0,0.0,0.0,0.0,0.0,0.0,0.0,0.0,0.0,0.0,0.0,0.0,0.0,0.0,0.0,0.0,0.0,0.0,0.0,0.0,0.0,0.0,0.0,0.0,0.0,0.0,0.0,0.0,0.0,0.0,0.0,0.0,0.0,0.0,0.0,0.0,0.0,0.0,0.0,0.0,0.0,0.0,0.0,0.0,0.0,0.0,0.0,0.0,0.0,0.0,0.02012033871426264,-1.4526229144435982e-13,8.918585922739876e-9,-9.111766273612181e-6
0.0,0.0,0.0,0.0,0.0,0.0,0.0,0.0,0.0,0.0,0.0,0.0,0.0,0.0,0.0,0.0,0.0,0.0,0.0,0.0,0.0,0.0,0.0,0.0,0.0,0.0,0.0,0.0,0.0,0.0,0.0,0.0,0.0,0.0,0.0,0.0,0.0,0.0,0.0,0.0,0.0,0.0,0.0,0.0,0.0,0.0,0.0,0.0,0.0,0.0,0.0,0.0,0.0,0.0,0.0,0.0,0.0,0.0,0.0,0.0,0.0,0.0,0.0,0.0,0.0,0.0,0.0,0.0,0.0,0.0,0.0,0.0,0.0,0.0,0.0,0.0,0.0,0.0,0.0,0.0,0.0,0.0,0.0,0.0,0.0,0.0,0.0,0.0,0.0,0.0,0.0,0.0,0.0,0.0,0.0,0.0,0.0,0.0,0.0,0.0,0.0,0.0,0.0,0.0,0.0,0.0,0.0,0.0,0.0,0.0,0.0,0.0,0.0,0.0,0.0,0.0,0.0,0.0,0.0,0.0,0.0,0.0,0.0,0.0,0.0,0.0,0.0,0.0,0.0,0.0,0.0,0.0,0.0,0.0,0.0,0.0,0.0,0.0,0.0,0.0,0.0,0.0,0.0,0.0,0.0,0.0,0.0,0.0,0.0,0.0,0.0,0.0,0.0,0.0,0.0,0.0,0.0,0.0,0.0,0.0,0.0,0.0,0.0,0.0,0.0,0.0,0.0,0.0,0.0,0.0,0.0,0.0,0.0,0.0,0.0,0.0,0.0,0.0,0.0,0.0,0.0,0.0,0.0,0.0,0.0,0.0,0.0,0.0,0.0,0.0,0.0,0.0,0.0,0.0,0.0,0.0,0.0,0.0,0.0,0.0,0.0,0.0,0.0,0.0,0.0,0.0,0.0,0.0,0.0,0.0,0.0,0.0,0.0,0.0,0.0,0.0,0.0,0.0,0.0,0.0,0.0,0.0,0.0,0.0,0.0,0.0,0.0,0.0,0.0,0.0,0.0,0.0,0.0,0.0,0.0,0.0,0.0,0.0,0.0,0.0,0.0,0.0,0.0,0.0,0.0,0.0,0.0,0.0,0.0,0.0,0.0,0.0,0.0,0.0,0.0,0.0,0.0,0.0,0.0,0.0,0.0,0.0,0.0,0.0,0.0,0.0,0.0,0.0,0.0,0.0,0.0,0.0,0.0,0.0,0.0,0.0,0.0,0.0,0.0,0.0,0.0,0.0,0.0,0.0,0.0,0.0,0.0,0.0,0.0,0.0,0.0,0.0,0.0,0.0,0.0,0.0,0.0,0.0,0.0,0.0,0.0,0.0,0.0,0.0,0.0,0.0,0.0,0.0,0.0,0.0,0.0,0.0,0.0,0.0,0.0,0.0,0.0,0.0,0.0,0.0,0.0,0.0,0.0,0.0,0.0,0.0,0.0,0.0,0.0,0.0,0.0,0.0,0.0,0.0,0.0,0.0,0.0,0.0,0.0,0.0,0.0,0.0,0.0,0.0,0.0,0.0,0.0,0.0,0.0,0.0,0.0,0.0,0.0,0.0,0.0,0.0,0.0,0.0,0.0,0.0,0.0,0.0,0.0,0.0,0.0,0.0,0.0,0.0,0.0,0.0,0.0,0.0,0.0,0.0,0.0,0.0,0.0,0.0,0.0,0.0,0.0,0.0,0.0,0.0,0.0,0.0,0.0,0.0,0.0,0.0,0.0,0.0,0.0,0.0,0.0,0.0,0.0,0.0,0.0,0.0,0.0,0.0,0.0,0.0,0.0,0.0,0.0,0.0,0.0,0.0,0.0,0.0,0.0,0.0,0.0,0.0,0.0,0.0,0.0,0.0,0.0,0.0,0.0,0.0,0.0,0.0,0.0,0.0,0.0,0.0,0.0,0.0,0.0,0.0,0.0,0.0,0.0,0.0,0.0,0.0,0.0,0.0,0.0,0.0,0.0,0.0,0.0,0.0,0.0,0.0,0.0,0.0,0.0,0.0,0.0,0.0,0.0,0.0,0.0,0.0,0.0,0.0,0.0,0.0,0.0,0.0,0.0,0.0,0.0,0.0,0.0,0.0,0.0,0.0,0.0,0.0,0.0,0.0,0.0,0.0,0.0,0.0,0.0,0.0,0.0,0.0,0.0,0.0,0.0,0.0,0.0,0.0,0.0,0.0,0.0,0.0,0.0,0.0,0.0,0.0,0.0,0.0,0.0,0.0,0.0,0.0,0.0,0.0,0.0,0.0,0.0,0.0,0.0,0.0,0.0,0.0,0.0,0.0,0.0,0.0,0.0,0.0,0.0,0.0,0.0,0.0,0.0,0.0,0.0,0.0,0.0,0.0,0.0,0.0,0.0,0.0,0.0,0.0,0.0,0.0,0.0,0.0,0.0,0.0,0.0,0.0,0.0,0.0,0.0,0.0,0.0,0.0,0.0,0.0,0.0,0.0,0.0,0.0,0.0,0.0,0.0,0.0,0.0,0.0,0.0,0.0,0.0,0.0,0.0,0.0,0.0,0.0,0.0,0.0,0.0,0.0,0.0,0.0,0.0,0.0,0.0,0.0,0.0,0.0,0.0,0.0,0.0,0.0,0.0,0.0,0.0,0.0,0.0,0.0,0.0,0.0,0.0,0.0,0.0,0.0,0.0,0.0,0.0,0.0,0.0,0.0,0.0,0.0,0.0,0.0,0.0,0.0,0.0,0.0,0.0,0.0,0.0,0.0,0.0,0.0,0.0,0.0,0.0,0.0,0.0,0.0,0.0,0.0,0.0,0.0,0.0,0.0,0.0,0.0,0.0,0.0,0.0,0.0,0.0,0.0,0.0,0.0,0.0,0.0,0.0,0.0,0.0,0.0,0.0,0.0,0.0,0.0,0.0,0.0,0.0,0.0,0.0,0.0,0.0,0.0,0.0,0.0,0.0,0.0,0.0,0.0,0.0,0.0,0.0,0.0,0.0,0.0,0.0,0.0,0.0,0.0,0.0,0.0,0.0,0.0,0.0,0.0,0.0,0.0,0.0,0.0,0.0,0.0,0.0,0.0,0.0,0.0,0.0,0.0,0.0,0.0,0.0,0.0,0.0,0.0,0.0,0.0,0.0,0.0,0.0,0.0,0.0,0.0,0.0,0.0,0.0,0.0,0.0,0.0,0.0,0.0,0.0,0.0,0.0,0.0,0.0,0.0,0.0,0.0,0.0,0.0,0.0,0.0,0.0,0.0,0.0,0.0,0.0,0.0,0.0,0.0,0.0,0.0,0.0,0.0,0.0,0.0,0.0,0.0,0.0,0.0,0.0,0.0,0.0,0.0,0.0,0.0,0.0,0.0,0.0,0.0,0.0,0.0,0.0,0.0,0.0,0.0,0.0,0.0,0.0,0.0,0.0,0.0,0.0,0.0,0.0,0.0,0.0,0.0,0.0,0.0,0.0,0.0,0.0,0.0,0.0,0.0,0.0,0.0,0.0,0.0,0.0,0.0,0.0,0.0,0.0,0.0,0.0,0.0,0.0,0.0,0.015835352452222517,-1.6564533363113234e-8,2.0952571183293446e-15
0.0,0.0,0.0,0.0,0.0,0.0,0.0,0.0,0.0,0.0,0.0,0.0,0.0,0.0,0.0,0.0,0.0,0.0,0.0,0.0,0.0,0.0,0.0,0.0,0.0,0.0,0.0,0.0,0.0,0.0,0.0,0.0,0.0,0.0,0.0,0.0,0.0,0.0,0.0,0.0,0.0,0.0,0.0,0.0,0.0,0.0,0.0,0.0,0.0,0.0,0.0,0.0,0.0,0.0,0.0,0.0,0.0,0.0,0.0,0.0,0.0,0.0,0.0,0.0,0.0,0.0,0.0,0.0,0.0,0.0,0.0,0.0,0.0,0.0,0.0,0.0,0.0,0.0,0.0,0.0,0.0,0.0,0.0,0.0,0.0,0.0,0.0,0.0,0.0,0.0,0.0,0.0,0.0,0.0,0.0,0.0,0.0,0.0,0.0,0.0,0.0,0.0,0.0,0.0,0.0,0.0,0.0,0.0,0.0,0.0,0.0,0.0,0.0,0.0,0.0,0.0,0.0,0.0,0.0,0.0,0.0,0.0,0.0,0.0,0.0,0.0,0.0,0.0,0.0,0.0,0.0,0.0,0.0,0.0,0.0,0.0,0.0,0.0,0.0,0.0,0.0,0.0,0.0,0.0,0.0,0.0,0.0,0.0,0.0,0.0,0.0,0.0,0.0,0.0,0.0,0.0,0.0,0.0,0.0,0.0,0.0,0.0,0.0,0.0,0.0,0.0,0.0,0.0,0.0,0.0,0.0,0.0,0.0,0.0,0.0,0.0,0.0,0.0,0.0,0.0,0.0,0.0,0.0,0.0,0.0,0.0,0.0,0.0,0.0,0.0,0.0,0.0,0.0,0.0,0.0,0.0,0.0,0.0,0.0,0.0,0.0,0.0,0.0,0.0,0.0,0.0,0.0,0.0,0.0,0.0,0.0,0.0,0.0,0.0,0.0,0.0,0.0,0.0,0.0,0.0,0.0,0.0,0.0,0.0,0.0,0.0,0.0,0.0,0.0,0.0,0.0,0.0,0.0,0.0,0.0,0.0,0.0,0.0,0.0,0.0,0.0,0.0,0.0,0.0,0.0,0.0,0.0,0.0,0.0,0.0,0.0,0.0,0.0,0.0,0.0,0.0,0.0,0.0,0.0,0.0,0.0,0.0,0.0,0.0,0.0,0.0,0.0,0.0,0.0,0.0,0.0,0.0,0.0,0.0,0.0,0.0,0.0,0.0,0.0,0.0,0.0,0.0,0.0,0.0,0.0,0.0,0.0,0.0,0.0,0.0,0.0,0.0,0.0,0.0,0.0,0.0,0.0,0.0,0.0,0.0,0.0,0.0,0.0,0.0,0.0,0.0,0.0,0.0,0.0,0.0,0.0,0.0,0.0,0.0,0.0,0.0,0.0,0.0,0.0,0.0,0.0,0.0,0.0,0.0,0.0,0.0,0.0,0.0,0.0,0.0,0.0,0.0,0.0,0.0,0.0,0.0,0.0,0.0,0.0,0.0,0.0,0.0,0.0,0.0,0.0,0.0,0.0,0.0,0.0,0.0,0.0,0.0,0.0,0.0,0.0,0.0,0.0,0.0,0.0,0.0,0.0,0.0,0.0,0.0,0.0,0.0,0.0,0.0,0.0,0.0,0.0,0.0,0.0,0.0,0.0,0.0,0.0,0.0,0.0,0.0,0.0,0.0,0.0,0.0,0.0,0.0,0.0,0.0,0.0,0.0,0.0,0.0,0.0,0.0,0.0,0.0,0.0,0.0,0.0,0.0,0.0,0.0,0.0,0.0,0.0,0.0,0.0,0.0,0.0,0.0,0.0,0.0,0.0,0.0,0.0,0.0,0.0,0.0,0.0,0.0,0.0,0.0,0.0,0.0,0.0,0.0,0.0,0.0,0.0,0.0,0.0,0.0,0.0,0.0,0.0,0.0,0.0,0.0,0.0,0.0,0.0,0.0,0.0,0.0,0.0,0.0,0.0,0.0,0.0,0.0,0.0,0.0,0.0,0.0,0.0,0.0,0.0,0.0,0.0,0.0,0.0,0.0,0.0,0.0,0.0,0.0,0.0,0.0,0.0,0.0,0.0,0.0,0.0,0.0,0.0,0.0,0.0,0.0,0.0,0.0,0.0,0.0,0.0,0.0,0.0,0.0,0.0,0.0,0.0,0.0,0.0,0.0,0.0,0.0,0.0,0.0,0.0,0.0,0.0,0.0,0.0,0.0,0.0,0.0,0.0,0.0,0.0,0.0,0.0,0.0,0.0,0.0,0.0,0.0,0.0,0.0,0.0,0.0,0.0,0.0,0.0,0.0,0.0,0.0,0.0,0.0,0.0,0.0,0.0,0.0,0.0,0.0,0.0,0.0,0.0,0.0,0.0,0.0,0.0,0.0,0.0,0.0,0.0,0.0,0.0,0.0,0.0,0.0,0.0,0.0,0.0,0.0,0.0,0.0,0.0,0.0,0.0,0.0,0.0,0.0,0.0,0.0,0.0,0.0,0.0,0.0,0.0,0.0,0.0,0.0,0.0,0.0,0.0,0.0,0.0,0.0,0.0,0.0,0.0,0.0,0.0,0.0,0.0,0.0,0.0,0.0,0.0,0.0,0.0,0.0,0.0,0.0,0.0,0.0,0.0,0.0,0.0,0.0,0.0,0.0,0.0,0.0,0.0,0.0,0.0,0.0,0.0,0.0,0.0,0.0,0.0,0.0,0.0,0.0,0.0,0.0,0.0,0.0,0.0,0.0,0.0,0.0,0.0,0.0,0.0,0.0,0.0,0.0,0.0,0.0,0.0,0.0,0.0,0.0,0.0,0.0,0.0,0.0,0.0,0.0,0.0,0.0,0.0,0.0,0.0,0.0,0.0,0.0,0.0,0.0,0.0,0.0,0.0,0.0,0.0,0.0,0.0,0.0,0.0,0.0,0.0,0.0,0.0,0.0,0.0,0.0,0.0,0.0,0.0,0.0,0.0,0.0,0.0,0.0,0.0,0.0,0.0,0.0,0.0,0.0,0.0,0.0,0.0,0.0,0.0,0.0,0.0,0.0,0.0,0.0,0.0,0.0,0.0,0.0,0.0,0.0,0.0,0.0,0.0,0.0,0.0,0.0,0.0,0.0,0.0,0.0,0.0,0.0,0.0,0.0,0.0,0.0,0.0,0.0,0.0,0.0,0.0,0.0,0.0,0.0,0.0,0.0,0.0,0.0,0.0,0.0,0.0,0.0,0.0,0.0,0.0,0.0,0.0,0.0,0.0,0.0,0.0,0.0,0.0,0.0,0.0,0.0,0.0,0.0,0.0,0.0,0.0,0.0,0.0,0.0,0.0,0.0,0.0,0.0,0.0,0.0,0.0,0.0,0.0,0.0,0.0,0.0,0.0,0.0,0.0,0.0,0.0,0.0,0.0,0.0,0.0,0.0,0.0,0.0,0.0,0.0,0.0,0.0,0.0,0.0,0.0,0.0,0.0,0.0,0.0,0.0,0.0,0.0,0.0,0.0,0.0,0.0,0.0,0.0,0.0,0.0,0.0,0.020907647892488536,-3.161894668824283e-11
0.0,0.0,0.0,0.0,0.0,0.0,0.0,0.0,0.0,0.0,0.0,0.0,0.0,0.0,0.0,0.0,0.0,0.0,0.0,0.0,0.0,0.0,0.0,0.0,0.0,0.0,0.0,0.0,0.0,0.0,0.0,0.0,0.0,0.0,0.0,0.0,0.0,0.0,0.0,0.0,0.0,0.0,0.0,0.0,0.0,0.0,0.0,0.0,0.0,0.0,0.0,0.0,0.0,0.0,0.0,0.0,0.0,0.0,0.0,0.0,0.0,0.0,0.0,0.0,0.0,0.0,0.0,0.0,0.0,0.0,0.0,0.0,0.0,0.0,0.0,0.0,0.0,0.0,0.0,0.0,0.0,0.0,0.0,0.0,0.0,0.0,0.0,0.0,0.0,0.0,0.0,0.0,0.0,0.0,0.0,0.0,0.0,0.0,0.0,0.0,0.0,0.0,0.0,0.0,0.0,0.0,0.0,0.0,0.0,0.0,0.0,0.0,0.0,0.0,0.0,0.0,0.0,0.0,0.0,0.0,0.0,0.0,0.0,0.0,0.0,0.0,0.0,0.0,0.0,0.0,0.0,0.0,0.0,0.0,0.0,0.0,0.0,0.0,0.0,0.0,0.0,0.0,0.0,0.0,0.0,0.0,0.0,0.0,0.0,0.0,0.0,0.0,0.0,0.0,0.0,0.0,0.0,0.0,0.0,0.0,0.0,0.0,0.0,0.0,0.0,0.0,0.0,0.0,0.0,0.0,0.0,0.0,0.0,0.0,0.0,0.0,0.0,0.0,0.0,0.0,0.0,0.0,0.0,0.0,0.0,0.0,0.0,0.0,0.0,0.0,0.0,0.0,0.0,0.0,0.0,0.0,0.0,0.0,0.0,0.0,0.0,0.0,0.0,0.0,0.0,0.0,0.0,0.0,0.0,0.0,0.0,0.0,0.0,0.0,0.0,0.0,0.0,0.0,0.0,0.0,0.0,0.0,0.0,0.0,0.0,0.0,0.0,0.0,0.0,0.0,0.0,0.0,0.0,0.0,0.0,0.0,0.0,0.0,0.0,0.0,0.0,0.0,0.0,0.0,0.0,0.0,0.0,0.0,0.0,0.0,0.0,0.0,0.0,0.0,0.0,0.0,0.0,0.0,0.0,0.0,0.0,0.0,0.0,0.0,0.0,0.0,0.0,0.0,0.0,0.0,0.0,0.0,0.0,0.0,0.0,0.0,0.0,0.0,0.0,0.0,0.0,0.0,0.0,0.0,0.0,0.0,0.0,0.0,0.0,0.0,0.0,0.0,0.0,0.0,0.0,0.0,0.0,0.0,0.0,0.0,0.0,0.0,0.0,0.0,0.0,0.0,0.0,0.0,0.0,0.0,0.0,0.0,0.0,0.0,0.0,0.0,0.0,0.0,0.0,0.0,0.0,0.0,0.0,0.0,0.0,0.0,0.0,0.0,0.0,0.0,0.0,0.0,0.0,0.0,0.0,0.0,0.0,0.0,0.0,0.0,0.0,0.0,0.0,0.0,0.0,0.0,0.0,0.0,0.0,0.0,0.0,0.0,0.0,0.0,0.0,0.0,0.0,0.0,0.0,0.0,0.0,0.0,0.0,0.0,0.0,0.0,0.0,0.0,0.0,0.0,0.0,0.0,0.0,0.0,0.0,0.0,0.0,0.0,0.0,0.0,0.0,0.0,0.0,0.0,0.0,0.0,0.0,0.0,0.0,0.0,0.0,0.0,0.0,0.0,0.0,0.0,0.0,0.0,0.0,0.0,0.0,0.0,0.0,0.0,0.0,0.0,0.0,0.0,0.0,0.0,0.0,0.0,0.0,0.0,0.0,0.0,0.0,0.0,0.0,0.0,0.0,0.0,0.0,0.0,0.0,0.0,0.0,0.0,0.0,0.0,0.0,0.0,0.0,0.0,0.0,0.0,0.0,0.0,0.0,0.0,0.0,0.0,0.0,0.0,0.0,0.0,0.0,0.0,0.0,0.0,0.0,0.0,0.0,0.0,0.0,0.0,0.0,0.0,0.0,0.0,0.0,0.0,0.0,0.0,0.0,0.0,0.0,0.0,0.0,0.0,0.0,0.0,0.0,0.0,0.0,0.0,0.0,0.0,0.0,0.0,0.0,0.0,0.0,0.0,0.0,0.0,0.0,0.0,0.0,0.0,0.0,0.0,0.0,0.0,0.0,0.0,0.0,0.0,0.0,0.0,0.0,0.0,0.0,0.0,0.0,0.0,0.0,0.0,0.0,0.0,0.0,0.0,0.0,0.0,0.0,0.0,0.0,0.0,0.0,0.0,0.0,0.0,0.0,0.0,0.0,0.0,0.0,0.0,0.0,0.0,0.0,0.0,0.0,0.0,0.0,0.0,0.0,0.0,0.0,0.0,0.0,0.0,0.0,0.0,0.0,0.0,0.0,0.0,0.0,0.0,0.0,0.0,0.0,0.0,0.0,0.0,0.0,0.0,0.0,0.0,0.0,0.0,0.0,0.0,0.0,0.0,0.0,0.0,0.0,0.0,0.0,0.0,0.0,0.0,0.0,0.0,0.0,0.0,0.0,0.0,0.0,0.0,0.0,0.0,0.0,0.0,0.0,0.0,0.0,0.0,0.0,0.0,0.0,0.0,0.0,0.0,0.0,0.0,0.0,0.0,0.0,0.0,0.0,0.0,0.0,0.0,0.0,0.0,0.0,0.0,0.0,0.0,0.0,0.0,0.0,0.0,0.0,0.0,0.0,0.0,0.0,0.0,0.0,0.0,0.0,0.0,0.0,0.0,0.0,0.0,0.0,0.0,0.0,0.0,0.0,0.0,0.0,0.0,0.0,0.0,0.0,0.0,0.0,0.0,0.0,0.0,0.0,0.0,0.0,0.0,0.0,0.0,0.0,0.0,0.0,0.0,0.0,0.0,0.0,0.0,0.0,0.0,0.0,0.0,0.0,0.0,0.0,0.0,0.0,0.0,0.0,0.0,0.0,0.0,0.0,0.0,0.0,0.0,0.0,0.0,0.0,0.0,0.0,0.0,0.0,0.0,0.0,0.0,0.0,0.0,0.0,0.0,0.0,0.0,0.0,0.0,0.0,0.0,0.0,0.0,0.0,0.0,0.0,0.0,0.0,0.0,0.0,0.0,0.0,0.0,0.0,0.0,0.0,0.0,0.0,0.0,0.0,0.0,0.0,0.0,0.0,0.0,0.0,0.0,0.0,0.0,0.0,0.0,0.0,0.0,0.0,0.0,0.0,0.0,0.0,0.0,0.0,0.0,0.0,0.0,0.0,0.0,0.0,0.0,0.0,0.0,0.0,0.0,0.0,0.0,0.0,0.0,0.0,0.0,0.0,0.0,0.0,0.0,0.0,0.0,0.0,0.0,0.0,0.0,0.0,0.0,0.0,0.0,0.0,0.0,0.0,0.0,0.0,0.0,0.0,0.0,0.0,0.0,0.0,0.0,0.0,0.0,0.0,0.0,0.0,0.0,0.0,0.0,0.0,0.0,0.0,0.0,0.0,0.0,0.0,0.0,0.0,0.0,0.016673057326336754
